1.0000001	-0.27289337	0.13539794	-0.10316612	0.071877226	-0.89237946	0.16436632	-0.11784124	0.12156238	-0.074816115	0.17663014	-0.08733464	0.06364369	-0.06281669	0.048794545	-0.1921657	0.08389452	-0.06345984	0.055482637	-0.052210454	0.048138227	-0.049147032	0.048900083	-0.044932526	0.036721207	-0.019796077	0.019347161	-0.038564716	0.039440796	-0.042671997
-0.27289337	1.0000002	-0.51488197	0.24750558	-0.1714047	0.19808112	-0.64229965	0.29876092	-0.3031657	0.16156805	-0.083359875	0.088247076	-0.08030189	0.08877986	-0.07302089	0.083080515	-0.08394707	0.06789786	-0.07349625	0.06965062	-0.035996124	0.03536714	-0.05637269	0.05439262	-0.04704523	0.016081097	-0.016665608	0.042751897	-0.048427768	0.051113885
0.13539794	-0.51488197	1.0000002	-0.6181951	0.217556	-0.14263524	0.28094634	-0.40034378	0.28684357	-0.23369357	0.06386944	-0.077530995	0.07309081	-0.08771882	0.07491605	-0.066683985	0.07245647	-0.06260568	0.06929449	-0.07224841	0.031516146	-0.031225264	0.05243841	-0.052345894	0.045767203	-0.014473537	0.015068411	-0.040353358	0.045873158	-0.05009851
-0.10316612	0.24750558	-0.6181951	1.0000004	-0.46359363	0.10057673	-0.24167913	0.25882655	-0.45521688	0.280142	-0.058268137	0.08154665	-0.08387434	0.10625471	-0.0927579	0.05855926	-0.08075181	0.07057499	-0.08422424	0.084165365	-0.033735327	0.032873373	-0.061656345	0.061219413	-0.05426121	0.015759211	-0.016681418	0.04657713	-0.054439075	0.0579194
0.071877226	-0.1714047	0.217556	-0.46359363	1.0000007	-0.07654942	0.14509651	-0.18568191	0.2633626	-0.790154	0.046889443	-0.072218046	0.07318966	-0.10049052	0.10696024	-0.04822703	0.06930106	-0.06394359	0.07654673	-0.0991124	0.029563893	-0.02913025	0.056614336	-0.059658807	0.054261792	-0.014240232	0.015086379	-0.044118382	0.051369194	-0.059151765
-0.89237946	0.19808112	-0.14263524	0.10057673	-0.07654942	1.0000006	-0.18319008	0.117695004	-0.13524199	0.07585918	-0.24253681	0.08524287	-0.06516009	0.06340289	-0.049901396	0.17689294	-0.08664637	0.06299908	-0.056904566	0.051944215	-0.047412787	0.046685357	-0.049589764	0.045000836	-0.037045922	0.01915295	-0.018941356	0.038333356	-0.040033977	0.042302668
0.16436632	-0.64229965	0.28094634	-0.24167913	0.14509651	-0.18319008	1.000001	-0.59975755	0.2665038	-0.16947275	0.0753743	-0.098942444	0.08207178	-0.088342845	0.070756756	-0.078872345	0.082843974	-0.067999974	0.07048954	-0.06967279	0.033962306	-0.033814788	0.054046966	-0.05316056	0.04567478	-0.015380931	0.015894648	-0.04158533	0.046511766	-0.05036893
-0.11784124	0.29876092	-0.40034378	0.25882655	-0.18568191	0.117695004	-0.59975755	1.000001	-0.56536436	0.19400893	-0.063732445	0.09306322	-0.096052885	0.111005776	-0.087219514	0.06436443	-0.08646646	0.07521039	-0.08551576	0.08052783	-0.03437731	0.033710495	-0.061811272	0.06118277	-0.05331398	0.015966183	-0.016816424	0.046792638	-0.054017454	0.05719658
0.12156238	-0.3031657	0.28684357	-0.45521688	0.2633626	-0.13524199	0.2665038	-0.56536436	1.0000008	-0.41556498	0.07815238	-0.12221048	0.12502022	-0.20140903	0.1373861	-0.08171282	0.11234667	-0.10585738	0.12520455	-0.13075227	0.04685128	-0.046551988	0.08787281	-0.091880985	0.08021451	-0.022397123	0.023592157	-0.06840067	0.07854241	-0.08772783
-0.074816115	0.16156805	-0.23369357	0.280142	-0.790154	0.07585918	-0.16947275	0.19400893	-0.41556498	1.0000008	-0.05306566	0.086134486	-0.092703514	0.1265171	-0.15247537	0.053177517	-0.08645439	0.07887187	-0.09875368	0.11795644	-0.03579569	0.034794074	-0.07148088	0.07330733	-0.067355596	0.017223245	-0.018432096	0.054281294	-0.06463418	0.0710112
0.17663014	-0.083359875	0.06386944	-0.058268137	0.046889443	-0.24253681	0.0753743	-0.063732445	0.07815238	-0.05306566	1.0000005	-0.19921538	0.11626696	-0.09655173	0.06945768	-0.887389	0.18629672	-0.12853262	0.09090524	-0.08036483	0.11990099	-0.122622006	0.08751362	-0.07625244	0.05909987	-0.045810215	0.042995255	-0.070307404	0.06582775	-0.07116832
-0.08733464	0.088247076	-0.077530995	0.08154665	-0.072218046	0.08524287	-0.098942444	0.09306322	-0.12221048	0.086134486	-0.19921538	1.0000001	-0.6042932	0.24101804	-0.17588738	0.1719022	-0.61415243	0.30746114	-0.2410048	0.16930637	-0.09058025	0.08731196	-0.1837641	0.16153966	-0.1293566	0.041219883	-0.043810166	0.13136162	-0.14352977	0.1384777
0.06364369	-0.08030189	0.07309081	-0.08387434	0.07318966	-0.06516009	0.08207178	-0.096052885	0.12502022	-0.092703514	0.11626696	-0.6042932	0.9999999	-0.45239604	0.20533468	-0.11762466	0.31029916	-0.4873227	0.26498067	-0.21952784	0.07816361	-0.07935592	0.18739586	-0.18748467	0.14343102	-0.03850982	0.04084251	-0.14689276	0.14911434	-0.16134205
-0.06281669	0.08877986	-0.08771882	0.10625471	-0.10049052	0.06340289	-0.088342845	0.111005776	-0.20140903	0.1265171	-0.09655173	0.24101804	-0.45239604	0.99999976	-0.5102029	0.09373383	-0.24923877	0.26456004	-0.49949878	0.28937504	-0.08233949	0.07952706	-0.20829338	0.22916183	-0.1943444	0.039857417	-0.04344088	0.15098335	-0.19038296	0.18329276
0.048794545	-0.07302089	0.07491605	-0.0927579	0.10696024	-0.049901396	0.070756756	-0.087219514	0.1373861	-0.15247537	0.06945768	-0.17588738	0.20533468	-0.5102029	0.99999994	-0.06912907	0.1634949	-0.18146439	0.25075802	-0.7179219	0.06385449	-0.06289023	0.15717599	-0.20266621	0.21308097	-0.032430068	0.035015564	-0.12770633	0.15687722	-0.21818687
-0.1921657	0.083080515	-0.066683985	0.05855926	-0.04822703	0.17689294	-0.078872345	0.06436443	-0.08171282	0.053177517	-0.887389	0.1719022	-0.11762466	0.09373383	-0.06912907	0.9999996	-0.24513145	0.12853841	-0.093422465	0.07748518	-0.15021276	0.12259343	-0.090629086	0.075580426	-0.05865649	0.047365677	-0.045494147	0.06967655	-0.06669783	0.06910151
0.08389452	-0.08394707	0.07245647	-0.08075181	0.06930106	-0.08664637	0.082843974	-0.08646646	0.11234667	-0.08645439	0.18629672	-0.61415243	0.31029916	-0.24923877	0.1634949	-0.24513145	0.99999964	-0.56236774	0.23896267	-0.1964792	0.09763139	-0.101139	0.19574884	-0.18715581	0.13852458	-0.04651414	0.048071686	-0.15810145	0.14933589	-0.16465943
-0.06345984	0.06789786	-0.06260568	0.07057499	-0.06394359	0.06299908	-0.067999974	0.07521039	-0.10585738	0.07887187	-0.12853262	0.30746114	-0.4873227	0.26456004	-0.18146439	0.12853841	-0.56236774	0.9999998	-0.43694687	0.1935075	-0.09658196	0.09703966	-0.3215051	0.22465707	-0.1591679	0.045808516	-0.04929431	0.18684092	-0.1881315	0.17121634
0.055482637	-0.07349625	0.06929449	-0.08422424	0.07654673	-0.056904566	0.07048954	-0.08551576	0.12520455	-0.09875368	0.09090524	-0.2410048	0.26498067	-0.49949878	0.25075802	-0.093422465	0.23896267	-0.43694687	0.99999976	-0.3281015	0.086983025	-0.08857854	0.23863423	-0.5027241	0.23182184	-0.04478084	0.048045885	-0.2001766	0.2298259	-0.2438037
-0.052210454	0.06965062	-0.07224841	0.084165365	-0.0991124	0.051944215	-0.06967279	0.08052783	-0.13075227	0.11795644	-0.08036483	0.16930637	-0.21952784	0.28937504	-0.7179219	0.07748518	-0.1964792	0.1935075	-0.3281015	0.9999994	-0.080126144	0.076202534	-0.20266916	0.23188917	-0.3728981	0.039268143	-0.04322127	0.15038599	-0.20550577	0.2391503
0.048138227	-0.035996124	0.031516146	-0.033735327	0.029563893	-0.047412787	0.033962306	-0.03437731	0.04685128	-0.03579569	0.11990099	-0.09058025	0.07816361	-0.08233949	0.06385449	-0.15021276	0.09763139	-0.09658196	0.086983025	-0.080126144	0.9999994	-0.89059	0.1666291	-0.104512475	0.0731764	-0.25880966	0.2025998	-0.13685907	0.0969298	-0.09796871
-0.049147032	0.03536714	-0.031225264	0.032873373	-0.02913025	0.046685357	-0.033814788	0.033710495	-0.046551988	0.034794074	-0.122622006	0.08731196	-0.07935592	0.07952706	-0.06289023	0.12259343	-0.101139	0.09703966	-0.08857854	0.076202534	-0.89059	0.9999994	-0.2186132	0.10196411	-0.07223874	0.19809489	-0.24612197	0.1344793	-0.10081947	0.092197634
0.048900083	-0.05637269	0.05243841	-0.061656345	0.056614336	-0.049589764	0.054046966	-0.061811272	0.08787281	-0.07148088	0.08751362	-0.1837641	0.18739586	-0.20829338	0.15717599	-0.090629086	0.19574884	-0.3215051	0.23863423	-0.20266916	0.1666291	-0.2186132	0.99999934	-0.37726057	0.20853612	-0.087799564	0.093524255	-0.66585416	0.30718178	-0.28491074
-0.044932526	0.05439262	-0.052345894	0.061219413	-0.059658807	0.045000836	-0.05316056	0.06118277	-0.091880985	0.07330733	-0.07625244	0.16153966	-0.18748467	0.22916183	-0.20266621	0.075580426	-0.18715581	0.22465707	-0.5027241	0.23188917	-0.104512475	0.10196411	-0.37726057	0.99999887	-0.45341673	0.051963206	-0.057673484	0.26094028	-0.4820745	0.30040383
0.036721207	-0.04704523	0.045767203	-0.05426121	0.054261792	-0.037045922	0.04567478	-0.05331398	0.08021451	-0.067355596	0.05909987	-0.1293566	0.14343102	-0.1943444	0.21308097	-0.05865649	0.13852458	-0.1591679	0.23182184	-0.3728981	0.0731764	-0.07223874	0.20853612	-0.45341673	0.9999989	-0.038459264	0.041999426	-0.18812491	0.26486588	-0.7114886
-0.019796077	0.016081097	-0.014473537	0.015759211	-0.014240232	0.01915295	-0.015380931	0.015966183	-0.022397123	0.017223245	-0.045810215	0.041219883	-0.03850982	0.039857417	-0.032430068	0.047365677	-0.04651414	0.045808516	-0.04478084	0.039268143	-0.25880966	0.19809489	-0.087799564	0.051963206	-0.038459264	0.9999988	-0.9387801	0.08190426	-0.060461458	0.04898069
0.019347161	-0.016665608	0.015068411	-0.016681418	0.015086379	-0.018941356	0.015894648	-0.016816424	0.023592157	-0.018432096	0.042995255	-0.043810166	0.04084251	-0.04344088	0.035015564	-0.045494147	0.048071686	-0.04929431	0.048045885	-0.04322127	0.2025998	-0.24612197	0.093524255	-0.057673484	0.041999426	-0.9387801	0.9999988	-0.096738555	0.0649547	-0.054924276
-0.038564716	0.042751897	-0.040353358	0.04657713	-0.044118382	0.038333356	-0.04158533	0.046792638	-0.06840067	0.054281294	-0.070307404	0.13136162	-0.14689276	0.15098335	-0.12770633	0.06967655	-0.15810145	0.18684092	-0.2001766	0.15038599	-0.13685907	0.1344793	-0.66585416	0.26094028	-0.18812491	0.08190426	-0.096738555	0.99999887	-0.5975628	0.22604018
0.039440796	-0.048427768	0.045873158	-0.054439075	0.051369194	-0.040033977	0.046511766	-0.054017454	0.07854241	-0.06463418	0.06582775	-0.14352977	0.14911434	-0.19038296	0.15687722	-0.06669783	0.14933589	-0.1881315	0.2298259	-0.20550577	0.0969298	-0.10081947	0.30718178	-0.4820745	0.26486588	-0.060461458	0.0649547	-0.5975628	0.9999989	-0.44993028
-0.042671997	0.051113885	-0.05009851	0.0579194	-0.059151765	0.042302668	-0.05036893	0.05719658	-0.08772783	0.0710112	-0.07116832	0.1384777	-0.16134205	0.18329276	-0.21818687	0.06910151	-0.16465943	0.17121634	-0.2438037	0.2391503	-0.09796871	0.092197634	-0.28491074	0.30040383	-0.7114886	0.04898069	-0.054924276	0.22604018	-0.44993028	0.9999989
