1.0000001	-0.4271714	0.1543856	-0.10339634	0.06951169	-0.84168565	0.27312326	-0.14497991	0.11513369	-0.07310908	0.08412221	-0.0873117	0.059639994	-0.052449916	0.04921883	-0.047174208	0.049765125	-0.040395346	0.044816304	-0.038977247	0.04250098	-0.039914303	0.047825113	-0.04189495	0.029962396	-0.07456048	0.03155275	-0.033160232	0.025239764	-0.030616317
-0.4271714	1.0000004	-0.4046679	0.18149091	-0.12422766	0.28298834	-0.69018316	0.26410207	-0.21867141	0.120277174	-0.10534463	0.10682482	-0.09573745	0.08416411	-0.08016765	0.062313348	-0.070178	0.06287982	-0.069685735	0.059921883	-0.05994697	0.05680031	-0.07182346	0.06355919	-0.04598696	0.10809592	-0.046227045	0.048645735	-0.037810497	0.045765933
0.1543856	-0.4046679	1.0000001	-0.4736046	0.20735158	-0.16686288	0.2740495	-0.6240694	0.31006995	-0.21750428	0.07059727	-0.076101884	0.1326764	-0.13356954	0.12260476	-0.06350456	0.07207897	-0.0894114	0.096566275	-0.08856275	0.06616578	-0.06739517	0.093098864	-0.090326734	0.06548468	-0.15220419	0.060431067	-0.06557617	0.052525755	-0.06472264
-0.10339634	0.18149091	-0.4736046	1.0000002	-0.5433859	0.103712514	-0.19184728	0.2755735	-0.5423091	0.2789302	-0.05825286	0.061289877	-0.13621958	0.15068984	-0.15938644	0.058952022	-0.069225915	0.08917774	-0.104437076	0.092991695	-0.063667364	0.06566716	-0.09638761	0.09235396	-0.06981309	0.14500952	-0.0599986	0.064552315	-0.053282987	0.064822964
0.06951169	-0.12422766	0.20735158	-0.5433859	0.9999999	-0.07410914	0.12286707	-0.1794608	0.27195907	-0.6824215	0.05123663	-0.054900147	0.14672293	-0.21795185	0.21805808	-0.063896544	0.074595064	-0.103083536	0.123114735	-0.12190331	0.07061188	-0.074487574	0.110257454	-0.114367515	0.08692703	-0.17716542	0.070331864	-0.07703743	0.064772904	-0.07991633
-0.84168565	0.28298834	-0.16686288	0.103712514	-0.07410914	0.99999964	-0.4024787	0.15172766	-0.13129498	0.07474908	-0.10944655	0.101166815	-0.0649977	0.055017624	-0.052315835	0.053447593	-0.0570595	0.043412056	-0.04829551	0.041056827	-0.047934115	0.044102352	-0.05219726	0.044478208	-0.03189091	0.07785632	-0.034036998	0.03540301	-0.026860759	0.03234866
0.27312326	-0.69018316	0.2740495	-0.19184728	0.12286707	-0.4024787	0.9999993	-0.40086073	0.21356046	-0.13414606	0.12503265	-0.15366374	0.10557196	-0.09459521	0.08691882	-0.07400776	0.08072983	-0.071430914	0.0773029	-0.068335064	0.06910903	-0.06573226	0.080589294	-0.07263643	0.051867492	-0.12806472	0.053164456	-0.056377348	0.043326635	-0.052851297
-0.14497991	0.26410207	-0.6240694	0.2755735	-0.1794608	0.15172766	-0.40086073	0.9999993	-0.53799593	0.17941384	-0.07427772	0.07878827	-0.15617847	0.12568246	-0.115414284	0.06149393	-0.0705553	0.09236046	-0.09568961	0.08251185	-0.0637784	0.06479781	-0.090955816	0.08566471	-0.062013607	0.13872272	-0.05708323	0.061506033	-0.04948866	0.060456865
0.11513369	-0.21867141	0.31006995	-0.5423091	0.27195907	-0.13129498	0.21356046	-0.53799593	0.9999993	-0.36584082	0.07222958	-0.07858991	0.17271236	-0.21682	0.18710001	-0.079653405	0.09117712	-0.1198876	0.13508897	-0.12770435	0.08587674	-0.08921465	0.12653132	-0.12724191	0.093091235	-0.21387309	0.08286786	-0.09072208	0.07355527	-0.0911296
-0.07310908	0.120277174	-0.21750428	0.2789302	-0.6824215	0.07474908	-0.13414606	0.17941384	-0.36584082	0.9999989	-0.054869514	0.0578639	-0.181761	0.24201575	-0.42315093	0.066829965	-0.080795564	0.11770938	-0.14812696	0.13427761	-0.07478333	0.07929821	-0.12554953	0.12281391	-0.10127722	0.17005086	-0.07386389	0.079303324	-0.06935448	0.08302399
0.08412221	-0.10534463	0.07059727	-0.05825286	0.05123663	-0.10944655	0.12503265	-0.07427772	0.07222958	-0.054869514	0.99999875	-0.8969745	0.08808703	-0.057754736	0.05454969	-0.29463717	0.20354694	-0.06666882	0.07081756	-0.05740241	0.1639134	-0.1344812	0.10155886	-0.07071983	0.047316674	-0.14549674	0.0727455	-0.07158115	0.04601194	-0.053853095
-0.0873117	0.10682482	-0.076101884	0.061289877	-0.054900147	0.101166815	-0.15366374	0.07878827	-0.07858991	0.0578639	-0.8969745	0.99999875	-0.098240115	0.06154505	-0.05866193	0.21951123	-0.25799894	0.07167598	-0.07654568	0.06004212	-0.17676932	0.13848707	-0.11117765	0.07414111	-0.050073497	0.14147137	-0.07687518	0.073693015	-0.0481495	0.055537194
0.059639994	-0.09573745	0.1326764	-0.13621958	0.14672293	-0.0649977	0.10557196	-0.15617847	0.17271236	-0.181761	0.08808703	-0.098240115	0.99999875	-0.38963583	0.23405659	-0.13908638	0.16000302	-0.60463625	0.31232265	-0.24628426	0.15415941	-0.18139759	0.27990454	-0.28164324	0.1784462	-0.38950863	0.15755607	-0.18031764	0.14683203	-0.18303964
-0.052449916	0.08416411	-0.13356954	0.15068984	-0.21795185	0.055017624	-0.09459521	0.12568246	-0.21682	0.24201575	-0.057754736	0.06154505	-0.38963583	0.9999986	-0.72809166	0.08344633	-0.10288574	0.21393923	-0.31688762	0.19888577	-0.09562105	0.10677091	-0.18512759	0.18912299	-0.15584442	0.210626	-0.098059036	0.10620487	-0.099199355	0.11638757
0.04921883	-0.08016765	0.12260476	-0.15938644	0.21805808	-0.052315835	0.08691882	-0.115414284	0.18710001	-0.42315093	0.05454969	-0.05866193	0.23405659	-0.72809166	0.9999986	-0.08133481	0.09703182	-0.17179994	0.21282773	-0.25975633	0.092198215	-0.10193913	0.16197704	-0.18878429	0.16113397	-0.22464764	0.096415505	-0.106634356	0.09901968	-0.121019796
-0.047174208	0.062313348	-0.06350456	0.058952022	-0.063896544	0.053447593	-0.07400776	0.06149393	-0.079653405	0.066829965	-0.29463717	0.21951123	-0.13908638	0.08344633	-0.08133481	0.99999833	-0.5913262	0.111549295	-0.119584076	0.09134999	-0.62932384	0.2972449	-0.19971585	0.11914099	-0.078524336	0.23917396	-0.14391586	0.1308404	-0.07834308	0.088740505
0.049765125	-0.070178	0.07207897	-0.069225915	0.074595064	-0.0570595	0.08072983	-0.0705553	0.09117712	-0.080795564	0.20354694	-0.25799894	0.16000302	-0.10288574	0.09703182	-0.5913262	0.99999845	-0.14474432	0.14528716	-0.12232491	0.32805276	-0.55698055	0.23694193	-0.1618362	0.10116467	-0.33174342	0.18386936	-0.18783882	0.1044041	-0.12314695
-0.040395346	0.06287982	-0.0894114	0.08917774	-0.103083536	0.043412056	-0.071430914	0.09236046	-0.1198876	0.11770938	-0.06666882	0.07167598	-0.60463625	0.21393923	-0.17179994	0.111549295	-0.14474432	0.99999845	-0.5653242	0.19227062	-0.13135041	0.1635663	-0.42753822	0.25553197	-0.15709513	0.24910371	-0.12907983	0.1415617	-0.12349404	0.14120749
0.044816304	-0.069685735	0.096566275	-0.104437076	0.123114735	-0.04829551	0.0773029	-0.09568961	0.13508897	-0.14812696	0.07081756	-0.07654568	0.31232265	-0.31688762	0.21282773	-0.119584076	0.14528716	-0.5653242	0.99999857	-0.33439383	0.1369077	-0.16460487	0.29066306	-0.48136434	0.23677291	-0.3038721	0.14744833	-0.16717532	0.17428698	-0.2082301
-0.038977247	0.059921883	-0.08856275	0.092991695	-0.12190331	0.041056827	-0.068335064	0.08251185	-0.12770435	0.13427761	-0.05740241	0.06004212	-0.24628426	0.19888577	-0.25975633	0.09134999	-0.12232491	0.19227062	-0.33439383	0.99999845	-0.11029339	0.12411206	-0.24373174	0.29599017	-0.762611	0.1969719	-0.124304645	0.12768434	-0.17217214	0.18069649
0.04250098	-0.05994697	0.06616578	-0.063667364	0.07061188	-0.047934115	0.06910903	-0.0637784	0.08587674	-0.07478333	0.1639134	-0.17676932	0.15415941	-0.09562105	0.092198215	-0.62932384	0.32805276	-0.13135041	0.1369077	-0.11029339	0.99999875	-0.5337278	0.22832642	-0.14668114	0.09320143	-0.38797507	0.17678797	-0.17114751	0.09555969	-0.11036507
-0.039914303	0.05680031	-0.06739517	0.06566716	-0.074487574	0.044102352	-0.06573226	0.06479781	-0.08921465	0.07929821	-0.1344812	0.13848707	-0.18139759	0.10677091	-0.10193913	0.2972449	-0.55698055	0.1635663	-0.16460487	0.12411206	-0.5337278	0.9999987	-0.42118126	0.17438677	-0.10931039	0.283796	-0.28189245	0.21096459	-0.11347283	0.12574281
0.047825113	-0.07182346	0.093098864	-0.09638761	0.110257454	-0.05219726	0.080589294	-0.090955816	0.12653132	-0.12554953	0.10155886	-0.11117765	0.27990454	-0.18512759	0.16197704	-0.19971585	0.23694193	-0.42753822	0.29066306	-0.24373174	0.22832642	-0.42118126	0.9999989	-0.43569297	0.2029309	-0.41547215	0.22601306	-0.28046888	0.18535136	-0.21494319
-0.04189495	0.06355919	-0.090326734	0.09235396	-0.114367515	0.044478208	-0.07263643	0.08566471	-0.12724191	0.12281391	-0.07071983	0.07414111	-0.28164324	0.18912299	-0.18878429	0.11914099	-0.1618362	0.25553197	-0.48136434	0.29599017	-0.14668114	0.17438677	-0.43569297	0.99999875	-0.48097247	0.24344055	-0.16822778	0.17756218	-0.32730845	0.2515163
0.029962396	-0.04598696	0.06548468	-0.06981309	0.08692703	-0.03189091	0.051867492	-0.062013607	0.093091235	-0.10127722	0.047316674	-0.050073497	0.1784462	-0.15584442	0.16113397	-0.078524336	0.10116467	-0.15709513	0.23677291	-0.762611	0.09320143	-0.10931039	0.2029309	-0.48097247	0.9999985	-0.18021536	0.11261982	-0.123003885	0.18621042	-0.23849261
-0.07456048	0.10809592	-0.15220419	0.14500952	-0.17716542	0.07785632	-0.12806472	0.13872272	-0.21387309	0.17005086	-0.14549674	0.14147137	-0.38950863	0.210626	-0.22464764	0.23917396	-0.33174342	0.24910371	-0.3038721	0.1969719	-0.38797507	0.283796	-0.41547215	0.24344055	-0.18021536	0.9999982	-0.33113885	0.24282528	-0.16812111	0.17692372
0.03155275	-0.046227045	0.060431067	-0.0599986	0.070331864	-0.034036998	0.053164456	-0.05708323	0.08286786	-0.07386389	0.0727455	-0.07687518	0.15755607	-0.098059036	0.096415505	-0.14391586	0.18386936	-0.12907983	0.14744833	-0.124304645	0.17678797	-0.28189245	0.22601306	-0.16822778	0.11261982	-0.33113885	0.99999833	-0.82247657	0.19257379	-0.2171933
-0.033160232	0.048645735	-0.06557617	0.064552315	-0.07703743	0.03540301	-0.056377348	0.061506033	-0.09072208	0.079303324	-0.07158115	0.073693015	-0.18031764	0.10620487	-0.106634356	0.1308404	-0.18783882	0.1415617	-0.16717532	0.12768434	-0.17114751	0.21096459	-0.28046888	0.17756218	-0.123003885	0.24282528	-0.82247657	0.9999983	-0.2780944	0.21086949
0.025239764	-0.037810497	0.052525755	-0.053282987	0.064772904	-0.026860759	0.043326635	-0.04948866	0.07355527	-0.06935448	0.04601194	-0.0481495	0.14683203	-0.099199355	0.09901968	-0.07834308	0.1044041	-0.12349404	0.17428698	-0.17217214	0.09555969	-0.11347283	0.18535136	-0.32730845	0.18621042	-0.16812111	0.19257379	-0.2780944	0.99999833	-0.84451497
-0.030616317	0.045765933	-0.06472264	0.064822964	-0.07991633	0.03234866	-0.052851297	0.060456865	-0.0911296	0.08302399	-0.053853095	0.055537194	-0.18303964	0.11638757	-0.121019796	0.088740505	-0.12314695	0.14120749	-0.2082301	0.18069649	-0.11036507	0.12574281	-0.21494319	0.2515163	-0.23849261	0.17692372	-0.2171933	0.21086949	-0.84451497	0.99999833
