1.0	-0.3434313	0.1621999	-0.10247429	0.11640137	-0.82058865	0.26163036	-0.16771512	0.12827976	-0.08822952	0.2402455	-0.27349544	0.11241923	-0.1133094	0.09560001	-0.1692052	0.1181072	-0.12834592	0.09486297	-0.08227393	0.081151366	-0.11262097	0.094610184	-0.094910204	0.09391369	-0.10351524	0.08498935	-0.07370793	0.05817245	-0.06875462
-0.3434313	0.9999999	-0.45050737	0.20374173	-0.2072687	0.24279727	-0.6635407	0.28622514	-0.26095268	0.14512318	-0.21063194	0.21808293	-0.18625739	0.16977136	-0.14896613	0.16027163	-0.123874865	0.14698988	-0.13210884	0.11817337	-0.090604804	0.12606254	-0.11334747	0.12623623	-0.13097443	0.118736774	-0.10149033	0.08856255	-0.072879486	0.086064674
0.1621999	-0.45050737	0.99999946	-0.49606746	0.24918623	-0.14824982	0.27358645	-0.5038655	0.31544667	-0.2034853	0.15730119	-0.19539149	0.2244645	-0.24435224	0.17589036	-0.18712775	0.13805962	-0.18707299	0.1601247	-0.1511833	0.11057759	-0.16036102	0.13646838	-0.16277939	0.15234502	-0.15525422	0.1221263	-0.11164043	0.09030584	-0.110738374
-0.10247429	0.20374173	-0.49606746	0.99999917	-0.44477603	0.09097442	-0.1691518	0.25586838	-0.65635854	0.22378168	-0.105671145	0.12905465	-0.15769778	0.16523097	-0.16622126	0.13235478	-0.09850192	0.13551758	-0.124360345	0.12607856	-0.08010421	0.116209745	-0.100697644	0.124431886	-0.12213999	0.11307012	-0.09004728	0.08254481	-0.06798946	0.08340083
0.11640137	-0.2072687	0.24918623	-0.44477603	0.9999989	-0.10515728	0.16713835	-0.22492698	0.28770128	-0.60973567	0.14226806	-0.18077426	0.17774422	-0.21578	0.27814212	-0.211979	0.15405707	-0.21960288	0.19274326	-0.22479624	0.1302163	-0.19172744	0.16091613	-0.20474695	0.19340369	-0.1891764	0.14454347	-0.13561933	0.11091138	-0.13929875
-0.82058865	0.24279727	-0.14824982	0.09097442	-0.10515728	0.99999875	-0.3410501	0.15082586	-0.11868011	0.07758972	-0.3344068	0.23467247	-0.102718204	0.09780882	-0.08512392	0.14495485	-0.10449444	0.107495435	-0.08284693	0.071406946	-0.06897328	0.09369994	-0.08127436	0.0808279	-0.082471885	0.08541714	-0.07284054	0.062178515	-0.049608637	0.057838347
0.26163036	-0.6635407	0.27358645	-0.1691518	0.16713835	-0.3410501	0.99999875	-0.43512753	0.20998825	-0.1299855	0.21651904	-0.29804593	0.18989436	-0.18519978	0.13405551	-0.17170109	0.13078088	-0.15382802	0.12790366	-0.11304173	0.09315264	-0.13094911	0.11390016	-0.12511991	0.122777	-0.12271756	0.10158693	-0.08959258	0.07227946	-0.086136274
-0.16771512	0.28622514	-0.5038655	0.25586838	-0.22492698	0.15082586	-0.43512753	0.9999987	-0.42159742	0.17295007	-0.15356967	0.17859218	-0.44689283	0.26267543	-0.17556512	0.15481108	-0.12060006	0.1597037	-0.15915771	0.13875192	-0.09178617	0.1305835	-0.11917859	0.14495827	-0.14444624	0.12439748	-0.105023235	0.09396899	-0.0782136	0.09335729
0.12827976	-0.26095268	0.31544667	-0.65635854	0.28770128	-0.11868011	0.20998825	-0.42159742	0.9999987	-0.2873192	0.13905649	-0.17523584	0.2087596	-0.23836373	0.19701934	-0.18150876	0.13362852	-0.18572958	0.16286519	-0.16397278	0.10933116	-0.15951629	0.1357164	-0.1672053	0.15654477	-0.15562232	0.12142191	-0.1121182	0.091261834	-0.1128335
-0.08822952	0.14512318	-0.2034853	0.22378168	-0.60973567	0.07758972	-0.1299855	0.17295007	-0.2873192	0.9999987	-0.103809	0.12595263	-0.16650018	0.1893837	-0.597163	0.14456008	-0.11100869	0.15910217	-0.19377683	0.22962996	-0.090866946	0.13181706	-0.12309243	0.1729354	-0.2059233	0.12806167	-0.10814985	0.099832624	-0.08829651	0.10662823
0.2402455	-0.21063194	0.15730119	-0.105671145	0.14226806	-0.3344068	0.21651904	-0.15356967	0.13905649	-0.103809	0.9999984	-0.7504529	0.12974718	-0.12707376	0.12220132	-0.3794586	0.22467822	-0.1966789	0.12776253	-0.10548371	0.13160829	-0.17237559	0.14323476	-0.12412174	0.1276454	-0.1489903	0.12755391	-0.10580997	0.08160826	-0.09288905
-0.27349544	0.21808293	-0.19539149	0.12905465	-0.18077426	0.23467247	-0.29804593	0.17859218	-0.17523584	0.12595263	-0.7504529	0.9999985	-0.16423637	0.14756685	-0.15177262	0.26875126	-0.27936283	0.2003936	-0.15127206	0.12398529	-0.13467607	0.17224224	-0.1605724	0.1400339	-0.15368253	0.14783087	-0.14224885	0.11423961	-0.09166967	0.10149739
0.11241923	-0.18625739	0.2244645	-0.15769778	0.17774422	-0.102718204	0.18989436	-0.44689283	0.2087596	-0.16650018	0.12974718	-0.16423637	0.9999987	-0.7458749	0.19440408	-0.16196464	0.12971821	-0.19996901	0.20711896	-0.17072767	0.09727875	-0.14047122	0.13473074	-0.18342392	0.16110915	-0.13248117	0.11307379	-0.10415787	0.087235145	-0.1043176
-0.1133094	0.16977136	-0.24435224	0.16523097	-0.21578	0.09780882	-0.18519978	0.26267543	-0.23836373	0.1893837	-0.12707376	0.14756685	-0.7458749	0.9999984	-0.2926413	0.15350789	-0.12763314	0.18582909	-0.32267737	0.2056875	-0.09596007	0.13669303	-0.14107382	0.20135395	-0.19869041	0.12896962	-0.1174853	0.10632958	-0.09360272	0.1089177
0.09560001	-0.14896613	0.17589036	-0.16622126	0.27814212	-0.08512392	0.13405551	-0.17556512	0.19701934	-0.597163	0.12220132	-0.15177262	0.19440408	-0.2926413	0.9999982	-0.18580163	0.14125308	-0.2119272	0.25425383	-0.50246286	0.11626263	-0.17054543	0.15747182	-0.24273	0.2517502	-0.1654448	0.13622122	-0.12983602	0.113645956	-0.14196175
-0.1692052	0.16027163	-0.18712775	0.13235478	-0.211979	0.14495485	-0.17170109	0.15481108	-0.18150876	0.14456008	-0.3794586	0.26875126	-0.16196464	0.15350789	-0.18580163	0.9999982	-0.6385614	0.2925159	-0.20090115	0.15479884	-0.2870225	0.2702562	-0.2514914	0.18037161	-0.20312566	0.2221238	-0.22200686	0.16573668	-0.12875563	0.13560502
0.1181072	-0.123874865	0.13805962	-0.09850192	0.15405707	-0.10449444	0.13078088	-0.12060006	0.13362852	-0.11100869	0.22467822	-0.27936283	0.12971821	-0.12763314	0.14125308	-0.6385614	0.9999979	-0.53140396	0.17507412	-0.13064942	0.2093098	-0.34887397	0.23822646	-0.1619821	0.16155832	-0.19925891	0.18697274	-0.15613267	0.11025281	-0.119331114
-0.12834592	0.14698988	-0.18707299	0.13551758	-0.21960288	0.107495435	-0.15382802	0.1597037	-0.18572958	0.15910217	-0.1966789	0.2003936	-0.19996901	0.18582909	-0.2119272	0.2925159	-0.53140396	0.99999785	-0.33618626	0.19925544	-0.19428559	0.2629042	-0.48671386	0.24443579	-0.2471085	0.21174586	-0.25504863	0.22371332	-0.16267213	0.16697912
0.09486297	-0.13210884	0.1601247	-0.124360345	0.19274326	-0.08284693	0.12790366	-0.15915771	0.16286519	-0.19377683	0.12776253	-0.15127206	0.20711896	-0.32267737	0.25425383	-0.20090115	0.17507412	-0.33618626	0.99999803	-0.5187311	0.1272826	-0.18552731	0.21573874	-0.5668534	0.31743962	-0.16922353	0.16180561	-0.15890563	0.14683633	-0.16927682
-0.08227393	0.11817337	-0.1511833	0.12607856	-0.22479624	0.071406946	-0.11304173	0.13875192	-0.16397278	0.22962996	-0.10548371	0.12398529	-0.17072767	0.2056875	-0.50246286	0.15479884	-0.13064942	0.19925544	-0.5187311	0.9999981	-0.10227777	0.14698324	-0.16323091	0.2988323	-0.53877	0.13914284	-0.13346137	0.12579162	-0.12700666	0.14955807
0.081151366	-0.090604804	0.11057759	-0.08010421	0.1302163	-0.06897328	0.09315264	-0.09178617	0.10933116	-0.090866946	0.13160829	-0.13467607	0.09727875	-0.09596007	0.11626263	-0.2870225	0.2093098	-0.19428559	0.1272826	-0.10227777	0.9999978	-0.60706025	0.21192597	-0.13175118	0.13805404	-0.64976263	0.2466205	-0.16852494	0.10963267	-0.11874203
-0.11262097	0.12606254	-0.16036102	0.116209745	-0.19172744	0.09369994	-0.13094911	0.1305835	-0.15951629	0.13181706	-0.17237559	0.17224224	-0.14047122	0.13669303	-0.17054543	0.2702562	-0.34887397	0.2629042	-0.18552731	0.14698324	-0.60706025	0.99999785	-0.38068464	0.18686081	-0.20288113	0.3156342	-0.35459885	0.2245512	-0.15347013	0.15717287
0.094610184	-0.11334747	0.13646838	-0.100697644	0.16091613	-0.08127436	0.11390016	-0.11917859	0.1357164	-0.12309243	0.14323476	-0.1605724	0.13473074	-0.14107382	0.15747182	-0.2514914	0.23822646	-0.48671386	0.21573874	-0.16323091	0.21192597	-0.38068464	0.9999977	-0.3052398	0.21780899	-0.27589697	0.29737246	-0.5333033	0.21216053	-0.23447794
-0.094910204	0.12623623	-0.16277939	0.124431886	-0.20474695	0.0808279	-0.12511991	0.14495827	-0.1672053	0.1729354	-0.12412174	0.1400339	-0.18342392	0.20135395	-0.24273	0.18037161	-0.1619821	0.24443579	-0.5668534	0.2988323	-0.13175118	0.18686081	-0.3052398	0.9999977	-0.5808736	0.17223136	-0.1959453	0.19027118	-0.22740774	0.2113175
0.09391369	-0.13097443	0.15234502	-0.12213999	0.19340369	-0.082471885	0.122777	-0.14444624	0.15654477	-0.2059233	0.1276454	-0.15368253	0.16110915	-0.19869041	0.2517502	-0.20312566	0.16155832	-0.2471085	0.31743962	-0.53877	0.13805404	-0.20288113	0.21780899	-0.5808736	0.99999696	-0.19493699	0.18122436	-0.18458955	0.19816794	-0.2831203
-0.10351524	0.118736774	-0.15525422	0.11307012	-0.1891764	0.08541714	-0.12271756	0.12439748	-0.15562232	0.12806167	-0.1489903	0.14783087	-0.13248117	0.12896962	-0.1654448	0.2221238	-0.19925891	0.21174586	-0.16922353	0.13914284	-0.64976263	0.3156342	-0.27589697	0.17223136	-0.19493699	0.999997	-0.47491705	0.22706082	-0.15457128	0.15735438
0.08498935	-0.10149033	0.1221263	-0.09004728	0.14454347	-0.07284054	0.10158693	-0.105023235	0.12142191	-0.10814985	0.12755391	-0.14224885	0.11307379	-0.1174853	0.13622122	-0.22200686	0.18697274	-0.25504863	0.16180561	-0.13346137	0.2466205	-0.35459885	0.29737246	-0.1959453	0.18122436	-0.47491705	0.99999666	-0.6090899	0.2257788	-0.26893225
-0.07370793	0.08856255	-0.11164043	0.08254481	-0.13561933	0.062178515	-0.08959258	0.09396899	-0.1121182	0.099832624	-0.10580997	0.11423961	-0.10415787	0.10632958	-0.12983602	0.16573668	-0.15613267	0.22371332	-0.15890563	0.12579162	-0.16852494	0.2245512	-0.5333033	0.19027118	-0.18458955	0.22706082	-0.6090899	0.99999666	-0.38948748	0.25773942
0.05817245	-0.072879486	0.09030584	-0.06798946	0.11091138	-0.049608637	0.07227946	-0.0782136	0.091261834	-0.08829651	0.08160826	-0.09166967	0.087235145	-0.09360272	0.113645956	-0.12875563	0.11025281	-0.16267213	0.14683633	-0.12700666	0.10963267	-0.15347013	0.21216053	-0.22740774	0.19816794	-0.15457128	0.2257788	-0.38948748	0.9999968	-0.82261413
-0.06875462	0.086064674	-0.110738374	0.08340083	-0.13929875	0.057838347	-0.086136274	0.09335729	-0.1128335	0.10662823	-0.09288905	0.10149739	-0.1043176	0.1089177	-0.14196175	0.13560502	-0.119331114	0.16697912	-0.16927682	0.14955807	-0.11874203	0.15717287	-0.23447794	0.2113175	-0.2831203	0.15735438	-0.26893225	0.25773942	-0.82261413	0.9999968
