1.0	-0.91691893	0.21611685	-0.1494943	0.12739632	-0.119660854	0.14741933	-0.12978594	0.09805068	-0.11258042	0.09161576	-0.18083449	0.12422179	-0.09071564	0.084965885	-0.11322392	0.08454575	-0.1011063	0.091265626	-0.07298305	0.044221137	-0.059728388	0.068191275	-0.08750851	0.07341386	-0.05434862	0.055197798	-0.108659126	0.046437375	-0.055508412
-0.91691893	0.9999996	-0.28487325	0.13568576	-0.12166507	0.09706819	-0.1564816	0.12577124	-0.090770766	0.099407986	-0.07775313	0.1463678	-0.112495214	0.080097474	-0.07525975	0.09247084	-0.07030285	0.084791936	-0.077317216	0.06180833	-0.036222152	0.048994042	-0.0563211	0.072107665	-0.0626083	0.044249497	-0.045443073	0.08837195	-0.03826245	0.04550136
0.21611685	-0.28487325	0.9999996	-0.5359643	0.3049083	-0.20355973	0.28410196	-0.40064356	0.24288172	-0.2710823	0.16203712	-0.36397272	0.2666052	-0.21071702	0.18953793	-0.22848465	0.17178997	-0.2121678	0.19056232	-0.15601309	0.089493796	-0.12316574	0.14125243	-0.1823295	0.15481779	-0.110529795	0.1135574	-0.22521847	0.0965033	-0.11543948
-0.1494943	0.13568576	-0.5359643	0.9999991	-0.6778305	0.13294107	-0.2312528	0.22105105	-0.3111291	0.25125623	-0.11050858	0.23507203	-0.21298547	0.18538044	-0.178808	0.15258346	-0.119954705	0.1492105	-0.14545414	0.121961325	-0.06075041	0.08518575	-0.10024761	0.12851538	-0.12482298	0.07402113	-0.07945715	0.15356721	-0.06896052	0.0811904
0.12739632	-0.12166507	0.3049083	-0.6778305	0.9999988	-0.18164767	0.22865072	-0.2185507	0.25286058	-0.35491064	0.14834718	-0.34467202	0.2397914	-0.21455717	0.20202816	-0.220125	0.16541895	-0.20221314	0.18895847	-0.15966886	0.08753784	-0.12308764	0.14169227	-0.1834117	0.15816358	-0.10852242	0.11338266	-0.22873826	0.09802559	-0.117555775
-0.119660854	0.09706819	-0.20355973	0.13294107	-0.18164767	0.99999875	-0.29864302	0.17086715	-0.12814048	0.13152461	-0.8352937	0.2650893	-0.21459888	0.11981372	-0.12109522	0.20286866	-0.1639456	0.14638376	-0.1415197	0.09645066	-0.07629144	0.080474295	-0.091339394	0.10821389	-0.106780045	0.08091735	-0.07895023	0.12165534	-0.057500526	0.064702556
0.14741933	-0.1564816	0.28410196	-0.2312528	0.22865072	-0.29864302	0.9999991	-0.65920806	0.24520847	-0.27449346	0.20401634	-0.38140705	0.29775086	-0.21910632	0.19032542	-0.23359105	0.17742439	-0.22035685	0.19085078	-0.15254174	0.08904521	-0.11793779	0.13546601	-0.17375265	0.15176448	-0.10822773	0.10943887	-0.20781212	0.09073314	-0.107378714
-0.12978594	0.12577124	-0.40064356	0.22105105	-0.2185507	0.17086715	-0.65920806	0.99999905	-0.3621789	0.24763985	-0.14099127	0.26858288	-0.41951403	0.21351446	-0.18621168	0.17090766	-0.13990496	0.18351305	-0.16286182	0.12877744	-0.06618955	0.09078252	-0.10684007	0.13663313	-0.12973139	0.07960208	-0.08483705	0.15772629	-0.071220525	0.08330282
0.09805068	-0.090770766	0.24288172	-0.3111291	0.25286058	-0.12814048	0.24520847	-0.3621789	0.9999988	-0.6504572	0.106801584	-0.2241198	0.24426629	-0.46578303	0.28514805	-0.14987539	0.12206727	-0.1626598	0.16779727	-0.1557723	0.058702562	-0.085424006	0.10370768	-0.13583685	0.1492598	-0.070974976	0.07981008	-0.15167275	0.07178988	-0.083553016
-0.11258042	0.099407986	-0.2710823	0.25125623	-0.35491064	0.13152461	-0.27449346	0.24763985	-0.6504572	0.99999905	-0.11294255	0.22697093	-0.26462987	0.306777	-0.44286135	0.15537965	-0.12996483	0.168286	-0.186366	0.18385088	-0.061822727	0.09134297	-0.11345397	0.14544877	-0.19268532	0.07416508	-0.08654647	0.16123296	-0.08167158	0.09319062
0.09161576	-0.07775313	0.16203712	-0.11050858	0.14834718	-0.8352937	0.20401634	-0.14099127	0.106801584	-0.11294255	0.99999917	-0.36573958	0.18628809	-0.10431279	0.10411786	-0.2704455	0.1678582	-0.14459266	0.12913002	-0.08609963	0.08022699	-0.07748632	0.084604815	-0.10062559	0.09400093	-0.08707228	0.07479036	-0.11321159	0.05234275	-0.05909892
-0.18083449	0.1463678	-0.36397272	0.23507203	-0.34467202	0.2650893	-0.38140705	0.26858288	-0.2241198	0.22697093	-0.36573958	0.99999934	-0.48769554	0.21773171	-0.22478433	0.26203638	-0.28970614	0.25591072	-0.25183424	0.17251591	-0.10635914	0.1351825	-0.15826659	0.18631262	-0.19511099	0.11804679	-0.13315658	0.20626578	-0.10048264	0.11206352
0.12422179	-0.112495214	0.2666052	-0.21298547	0.2397914	-0.21459888	0.29775086	-0.41951403	0.24426629	-0.26462987	0.18628809	-0.48769554	0.9999993	-0.34062594	0.23883665	-0.2820702	0.23973715	-0.4147169	0.26100096	-0.19311997	0.10477761	-0.14439724	0.16874199	-0.21856223	0.18636194	-0.12585178	0.13313831	-0.24192905	0.10705264	-0.12537283
-0.09071564	0.080097474	-0.21071702	0.18538044	-0.21455717	0.11981372	-0.21910632	0.21351446	-0.46578303	0.306777	-0.10431279	0.21773171	-0.34062594	0.9999994	-0.6688519	0.15495549	-0.13509722	0.18928812	-0.25170732	0.21586496	-0.060881123	0.09346724	-0.12043896	0.15979709	-0.2126926	0.07262172	-0.088210225	0.16288202	-0.08445973	0.09597062
0.084965885	-0.07525975	0.18953793	-0.178808	0.20202816	-0.12109522	0.19032542	-0.18621168	0.28514805	-0.44286135	0.10411786	-0.22478433	0.23883665	-0.6688519	0.9999997	-0.1614205	0.13401324	-0.18612647	0.21323213	-0.36828232	0.06339539	-0.09987621	0.12582453	-0.17165941	0.23536205	-0.07647636	0.093203895	-0.1816545	0.09321508	-0.10983252
-0.11322392	0.09247084	-0.22848465	0.15258346	-0.220125	0.20286866	-0.23359105	0.17090766	-0.14987539	0.15537965	-0.2704455	0.26203638	-0.2820702	0.15495549	-0.1614205	0.99999994	-0.6641759	0.28359053	-0.2636498	0.14093153	-0.28086922	0.15863135	-0.15846498	0.1725833	-0.15970092	0.21157925	-0.16211402	0.18246935	-0.08706008	0.0942893
0.08454575	-0.07030285	0.17178997	-0.119954705	0.16541895	-0.1639456	0.17742439	-0.13990496	0.12206727	-0.12996483	0.1678582	-0.28970614	0.23973715	-0.13509722	0.13401324	-0.6641759	0.99999994	-0.52866733	0.24343619	-0.12843886	0.15133819	-0.200305	0.15515436	-0.17787708	0.13631123	-0.16998665	0.15982519	-0.1822975	0.0799688	-0.08825916
-0.1011063	0.084791936	-0.2121678	0.1492105	-0.20221314	0.14638376	-0.22035685	0.18351305	-0.1626598	0.168286	-0.14459266	0.25591072	-0.4147169	0.18928812	-0.18612647	0.28359053	-0.52866733	0.9999999	-0.5370132	0.17788392	-0.1076659	0.15619682	-0.20959537	0.23395659	-0.18768564	0.11620677	-0.14973933	0.20990737	-0.098821476	0.10800818
0.091265626	-0.077317216	0.19056232	-0.14545414	0.18895847	-0.1415197	0.19085078	-0.16286182	0.16779727	-0.186366	0.12913002	-0.25183424	0.26100096	-0.25170732	0.21323213	-0.2636498	0.24343619	-0.5370132	0.9999995	-0.3111749	0.09737782	-0.17799811	0.253771	-0.49289763	0.2426808	-0.11515256	0.15978983	-0.29635203	0.13105878	-0.14960748
-0.07298305	0.06180833	-0.15601309	0.121961325	-0.15966886	0.09645066	-0.15254174	0.12877744	-0.1557723	0.18385088	-0.08609963	0.17251591	-0.19311997	0.21586496	-0.36828232	0.14093153	-0.12843886	0.17788392	-0.3111749	0.9999995	-0.05718872	0.102204405	-0.14577569	0.19549268	-0.7788446	0.06744689	-0.09911815	0.18613636	-0.14122754	0.15492912
0.044221137	-0.036222152	0.089493796	-0.06075041	0.08753784	-0.07629144	0.08904521	-0.06618955	0.058702562	-0.061822727	0.08022699	-0.10635914	0.10477761	-0.060881123	0.06339539	-0.28086922	0.15133819	-0.1076659	0.09737782	-0.05718872	0.9999997	-0.09105092	0.07095883	-0.07571912	0.06484903	-0.92370915	0.095317766	-0.08916971	0.039097898	-0.042447414
-0.059728388	0.048994042	-0.12316574	0.08518575	-0.12308764	0.080474295	-0.11793779	0.09078252	-0.085424006	0.09134297	-0.07748632	0.1351825	-0.14439724	0.09346724	-0.09987621	0.15863135	-0.200305	0.15619682	-0.17799811	0.102204405	-0.09105092	0.99999994	-0.3438578	0.20139235	-0.12543762	0.099856675	-0.8364601	0.26430038	-0.1004792	0.098684184
0.068191275	-0.0563211	0.14125243	-0.10024761	0.14169227	-0.091339394	0.13546601	-0.10684007	0.10370768	-0.11345397	0.084604815	-0.15826659	0.16874199	-0.12043896	0.12582453	-0.15846498	0.15515436	-0.20959537	0.253771	-0.14577569	0.07095883	-0.3438578	1.0	-0.6494029	0.1713462	-0.082143985	0.24620283	-0.5262782	0.14985356	-0.1543388
-0.08750851	0.072107665	-0.1823295	0.12851538	-0.1834117	0.10821389	-0.17375265	0.13663313	-0.13583685	0.14544877	-0.10062559	0.18631262	-0.21856223	0.15979709	-0.17165941	0.1725833	-0.17787708	0.23395659	-0.49289763	0.19549268	-0.07571912	0.20139235	-0.6494029	0.9999999	-0.25690037	0.08604391	-0.20389223	0.29157177	-0.15185459	0.14416532
0.07341386	-0.0626083	0.15481779	-0.12482298	0.15816358	-0.106780045	0.15176448	-0.12973139	0.1492598	-0.19268532	0.09400093	-0.19511099	0.18636194	-0.2126926	0.23536205	-0.15970092	0.13631123	-0.18768564	0.2426808	-0.7788446	0.06484903	-0.12543762	0.1713462	-0.25690037	1.0	-0.07770092	0.1179918	-0.25147122	0.17526159	-0.24940772
-0.05434862	0.044249497	-0.110529795	0.07402113	-0.10852242	0.08091735	-0.10822773	0.07960208	-0.070974976	0.07416508	-0.08707228	0.11804679	-0.12585178	0.07262172	-0.07647636	0.21157925	-0.16998665	0.11620677	-0.11515256	0.06744689	-0.92370915	0.099856675	-0.082143985	0.08604391	-0.07770092	1.0000004	-0.1178499	0.10039791	-0.04551108	0.0489066
0.055197798	-0.045443073	0.1135574	-0.07945715	0.11338266	-0.07895023	0.10943887	-0.08483705	0.07981008	-0.08654647	0.07479036	-0.13315658	0.13313831	-0.088210225	0.093203895	-0.16211402	0.15982519	-0.14973933	0.15978983	-0.09911815	0.095317766	-0.8364601	0.24620283	-0.20389223	0.1179918	-0.1178499	1.0000004	-0.38205966	0.11053644	-0.11434719
-0.108659126	0.08837195	-0.22521847	0.15356721	-0.22873826	0.12165534	-0.20781212	0.15772629	-0.15167275	0.16123296	-0.11321159	0.20626578	-0.24192905	0.16288202	-0.1816545	0.18246935	-0.1822975	0.20990737	-0.29635203	0.18613636	-0.08916971	0.26430038	-0.5262782	0.29157177	-0.25147122	0.10039791	-0.38205966	1.0000001	-0.33078286	0.23082651
0.046437375	-0.03826245	0.0965033	-0.06896052	0.09802559	-0.057500526	0.09073314	-0.071220525	0.07178988	-0.08167158	0.05234275	-0.10048264	0.10705264	-0.08445973	0.09321508	-0.08706008	0.0799688	-0.098821476	0.13105878	-0.14122754	0.039097898	-0.1004792	0.14985356	-0.15185459	0.17526159	-0.04551108	0.11053644	-0.33078286	1.0000002	-0.8835817
-0.055508412	0.04550136	-0.11543948	0.0811904	-0.117555775	0.064702556	-0.107378714	0.08330282	-0.083553016	0.09319062	-0.05909892	0.11206352	-0.12537283	0.09597062	-0.10983252	0.0942893	-0.08825916	0.10800818	-0.14960748	0.15492912	-0.042447414	0.098684184	-0.1543388	0.14416532	-0.24940772	0.0489066	-0.11434719	0.23082651	-0.8835817	1.0000002
