1.0	-0.6019727	0.30444238	-0.4017353	0.14045998	-0.40646118	0.27297798	-0.23224527	0.20634604	-0.118017204	0.23258395	-0.21887241	0.19226982	-0.1643497	0.19879855	-0.18250419	0.16326264	-0.20184419	0.1426599	-0.16330482	0.19744684	-0.16988727	0.13524067	-0.12873751	0.11287103	-0.32434434	0.17708682	-0.12526083	0.116900496	-0.15380967
-0.6019727	0.99999976	-0.6423531	0.28161472	-0.11360241	0.2100516	-0.2944905	0.21125562	-0.17075069	0.09186608	-0.16151245	0.15566893	-0.16905686	0.12751621	-0.15743534	0.122267395	-0.11822422	0.14843686	-0.10562741	0.1158383	-0.14005186	0.11741205	-0.09732423	0.09134776	-0.08010231	0.19435287	-0.12534463	0.08792637	-0.08348581	0.105779886
0.30444238	-0.6423531	0.9999999	-0.53386265	0.13537578	-0.20310378	0.24420063	-0.3205045	0.20388356	-0.11280346	0.15785263	-0.1671748	0.19817385	-0.15339047	0.17881328	-0.13093318	0.1283034	-0.17559777	0.12274755	-0.13596275	0.14883524	-0.13161692	0.11083196	-0.10570432	0.09257714	-0.22356862	0.13894397	-0.100855894	0.09551368	-0.12306251
-0.4017353	0.28161472	-0.53386265	0.99999964	-0.28672647	0.21921748	-0.28029504	0.24796629	-0.421375	0.20476799	-0.20369162	0.19331375	-0.23748751	0.23092102	-0.3052122	0.16110845	-0.15793929	0.20745029	-0.16612825	0.17615542	-0.20025776	0.16286862	-0.14199562	0.13612798	-0.12095895	0.26092502	-0.18270168	0.12748842	-0.124994	0.1554366
0.14045998	-0.11360241	0.13537578	-0.28672647	0.9999996	-0.12348422	0.14031756	-0.14532119	0.26724377	-0.8448936	0.11226784	-0.12698282	0.13774382	-0.18794523	0.2012557	-0.10339784	0.10269531	-0.14929505	0.121108435	-0.14117481	0.12104149	-0.114856154	0.09991068	-0.10268577	0.09147767	-0.2245162	0.12209008	-0.09387574	0.09030777	-0.12453712
-0.40646118	0.2100516	-0.20310378	0.21921748	-0.12348422	0.9999992	-0.44159603	0.21492317	-0.18711233	0.100155994	-0.6391354	0.25202036	-0.19814426	0.14960015	-0.19252045	0.24252301	-0.195513	0.19324735	-0.13530855	0.14679118	-0.27341405	0.17350121	-0.13430755	0.12042635	-0.10462647	0.2539727	-0.18566163	0.11950617	-0.112355545	0.1368091
0.27297798	-0.2944905	0.24420063	-0.28029504	0.14031756	-0.44159603	0.99999917	-0.5077888	0.22276068	-0.12072231	0.26943594	-0.3955735	0.27670205	-0.19428313	0.22044738	-0.22099791	0.22943409	-0.27594465	0.17419492	-0.19444218	0.22787203	-0.21275198	0.1670075	-0.1544042	0.13297157	-0.30537856	0.20911422	-0.15073447	0.13924076	-0.17727324
-0.23224527	0.21125562	-0.3205045	0.24796629	-0.14532119	0.21492317	-0.5077888	0.9999991	-0.28245085	0.12597808	-0.18831885	0.21554448	-0.6192432	0.21803752	-0.23516114	0.15632202	-0.17475654	0.25883564	-0.17242996	0.17255071	-0.18106641	0.1636992	-0.15038712	0.13645035	-0.11842164	0.22750036	-0.17468433	0.12854078	-0.124128796	0.14930543
0.20634604	-0.17075069	0.20388356	-0.421375	0.26724377	-0.18711233	0.22276068	-0.28245085	0.9999989	-0.39279357	0.16928166	-0.19660147	0.24382086	-0.5242464	0.3131472	-0.1564929	0.1601634	-0.24946816	0.21467021	-0.23750399	0.18070097	-0.17630382	0.15890093	-0.16833453	0.1472179	-0.31154072	0.18508714	-0.14752801	0.1437086	-0.19442917
-0.118017204	0.09186608	-0.11280346	0.20476799	-0.8448936	0.100155994	-0.12072231	0.12597808	-0.39279357	0.99999905	-0.0927784	0.10357477	-0.12490625	0.18454088	-0.22947045	0.08402976	-0.08509721	0.1252746	-0.108729884	0.119877696	-0.09952023	0.0935467	-0.083909824	0.08645235	-0.077246085	0.16852094	-0.10070617	0.07749266	-0.076123685	0.1016407
0.23258395	-0.16151245	0.15785263	-0.20369162	0.11226784	-0.6391354	0.26943594	-0.18831885	0.16928166	-0.0927784	0.9999988	-0.37287346	0.17903107	-0.14374429	0.18028891	-0.44916987	0.2442763	-0.2117668	0.14033158	-0.1562354	0.28250924	-0.20884645	0.14626569	-0.13002501	0.11139341	-0.3069224	0.200003	-0.13157237	0.11995421	-0.14888121
-0.21887241	0.15566893	-0.1671748	0.19331375	-0.12698282	0.25202036	-0.3955735	0.21554448	-0.19660147	0.10357477	-0.37287346	0.99999875	-0.24047369	0.16710065	-0.21566647	0.2828346	-0.621334	0.2578699	-0.17113982	0.17213582	-0.31461582	0.26308653	-0.19083577	0.15155032	-0.12863843	0.2588058	-0.2841287	0.15681769	-0.1461844	0.1607737
0.19226982	-0.16905686	0.19817385	-0.23748751	0.13774382	-0.19814426	0.27670205	-0.6192432	0.24382086	-0.12490625	0.17903107	-0.24047369	0.9999987	-0.32314682	0.25003862	-0.16889465	0.19855027	-0.49129903	0.22173035	-0.22522858	0.1845608	-0.19236353	0.18530357	-0.17276672	0.14483501	-0.24603862	0.19135992	-0.16022182	0.14909446	-0.18394153
-0.1643497	0.12751621	-0.15339047	0.23092102	-0.18794523	0.14960015	-0.19428313	0.21803752	-0.5242464	0.18454088	-0.14374429	0.16710065	-0.32314682	0.9999987	-0.62008435	0.13254815	-0.14566575	0.24455136	-0.34158203	0.24638832	-0.15638644	0.15543543	-0.15762542	0.17269327	-0.15198928	0.23183686	-0.16790698	0.13847494	-0.14596859	0.1786716
0.19879855	-0.15743534	0.17881328	-0.3052122	0.2012557	-0.19252045	0.22044738	-0.23516114	0.3131472	-0.22947045	0.18028891	-0.21566647	0.25003862	-0.62008435	0.99999845	-0.17275257	0.17854278	-0.2870817	0.26236552	-0.33067816	0.19913661	-0.20267683	0.18667662	-0.20681384	0.1861065	-0.3611973	0.21148689	-0.17599666	0.17336147	-0.24771684
-0.18250419	0.122267395	-0.13093318	0.16110845	-0.10339784	0.24252301	-0.22099791	0.15632202	-0.1564929	0.08402976	-0.44916987	0.2828346	-0.16889465	0.13254815	-0.17275257	0.99999833	-0.42247587	0.20533404	-0.13663118	0.14327182	-0.6618379	0.2213991	-0.1519242	0.1248249	-0.10601546	0.26116094	-0.22049122	0.1291734	-0.11866352	0.13638665
0.16326264	-0.11822422	0.1283034	-0.15793929	0.10269531	-0.195513	0.22943409	-0.17475654	0.1601634	-0.08509721	0.2442763	-0.621334	0.19855027	-0.14566575	0.17854278	-0.42247587	0.9999984	-0.35340136	0.16680686	-0.16722777	0.27152407	-0.41822845	0.19752002	-0.15097174	0.12202761	-0.23560116	0.25673226	-0.15954262	0.13941123	-0.15326963
-0.20184419	0.14843686	-0.17559777	0.20745029	-0.14929505	0.19324735	-0.27594465	0.25883564	-0.24946816	0.1252746	-0.2117668	0.2578699	-0.49129903	0.24455136	-0.2870817	0.20533404	-0.35340136	0.99999845	-0.41844058	0.26702747	-0.23972942	0.2502599	-0.3491311	0.23471808	-0.19394071	0.25075758	-0.26482743	0.21840656	-0.21519555	0.21479559
0.1426599	-0.10562741	0.12274755	-0.16612825	0.121108435	-0.13530855	0.17419492	-0.17242996	0.21467021	-0.108729884	0.14033158	-0.17113982	0.22173035	-0.34158203	0.26236552	-0.13663118	0.16680686	-0.41844058	0.9999983	-0.6417674	0.15916973	-0.18186945	0.22211267	-0.38195616	0.2536974	-0.19896637	0.19134817	-0.19218872	0.21958935	-0.25976494
-0.16330482	0.1158383	-0.13596275	0.17615542	-0.14117481	0.14679118	-0.19444218	0.17255071	-0.23750399	0.119877696	-0.1562354	0.17213582	-0.22522858	0.24638832	-0.33067816	0.14327182	-0.16722777	0.26702747	-0.6417674	0.9999982	-0.18047073	0.1838054	-0.22647083	0.27747533	-0.43754667	0.21058586	-0.21845767	0.18820626	-0.24065237	0.2770165
0.19744684	-0.14005186	0.14883524	-0.20025776	0.12104149	-0.27341405	0.22787203	-0.18106641	0.18070097	-0.09952023	0.28250924	-0.31461582	0.1845608	-0.15638644	0.19913661	-0.6618379	0.27152407	-0.23972942	0.15916973	-0.18047073	0.9999981	-0.27295116	0.17300305	-0.1530041	0.13000397	-0.44967383	0.2405875	-0.15785505	0.140857	-0.1764119
-0.16988727	0.11741205	-0.13161692	0.16286862	-0.114856154	0.17350121	-0.21275198	0.1636992	-0.17630382	0.0935467	-0.20884645	0.26308653	-0.19236353	0.15543543	-0.20267683	0.2213991	-0.41822845	0.2502599	-0.18186945	0.1838054	-0.27295116	0.9999983	-0.40254134	0.20267624	-0.1563684	0.26232377	-0.64088696	0.24663678	-0.20515509	0.19065484
0.13524067	-0.09732423	0.11083196	-0.14199562	0.09991068	-0.13430755	0.1670075	-0.15038712	0.15890093	-0.083909824	0.14626569	-0.19083577	0.18530357	-0.15762542	0.18667662	-0.1519242	0.19752002	-0.3491311	0.22211267	-0.22647083	0.17300305	-0.40254134	0.9999985	-0.4207549	0.21010338	-0.20529096	0.27969232	-0.6022459	0.30287766	-0.26070046
-0.12873751	0.09134776	-0.10570432	0.13612798	-0.10268577	0.12042635	-0.1544042	0.13645035	-0.16833453	0.08645235	-0.13002501	0.15155032	-0.17276672	0.17269327	-0.20681384	0.1248249	-0.15097174	0.23471808	-0.38195616	0.27747533	-0.1530041	0.20267624	-0.4207549	0.99999845	-0.45021224	0.17963046	-0.22861725	0.28877538	-0.5517533	0.30359456
0.11287103	-0.08010231	0.09257714	-0.12095895	0.09147767	-0.10462647	0.13297157	-0.11842164	0.1472179	-0.077246085	0.11139341	-0.12863843	0.14483501	-0.15198928	0.1861065	-0.10601546	0.12202761	-0.19394071	0.2536974	-0.43754667	0.13000397	-0.1563684	0.21010338	-0.45021224	0.99999833	-0.15691632	0.17455101	-0.1975655	0.26156217	-0.6908455
-0.32434434	0.19435287	-0.22356862	0.26092502	-0.2245162	0.2539727	-0.30537856	0.22750036	-0.31154072	0.16852094	-0.3069224	0.2588058	-0.24603862	0.23183686	-0.3611973	0.26116094	-0.23560116	0.25075758	-0.19896637	0.21058586	-0.44967383	0.26232377	-0.20529096	0.17963046	-0.15691632	0.99999815	-0.41775215	0.18653858	-0.17763744	0.19843523
0.17708682	-0.12534463	0.13894397	-0.18270168	0.12209008	-0.18566163	0.20911422	-0.17468433	0.18508714	-0.10070617	0.200003	-0.2841287	0.19135992	-0.16790698	0.21148689	-0.22049122	0.25673226	-0.26482743	0.19134817	-0.21845767	0.2405875	-0.64088696	0.27969232	-0.22861725	0.17455101	-0.41775215	0.999998	-0.34162	0.21951638	-0.24381092
-0.12526083	0.08792637	-0.100855894	0.12748842	-0.09387574	0.11950617	-0.15073447	0.12854078	-0.14752801	0.07749266	-0.13157237	0.15681769	-0.16022182	0.13847494	-0.17599666	0.1291734	-0.15954262	0.21840656	-0.19218872	0.18820626	-0.15785505	0.24663678	-0.6022459	0.28877538	-0.1975655	0.18653858	-0.34162	0.9999983	-0.587835	0.23091646
0.116900496	-0.08348581	0.09551368	-0.124994	0.09030777	-0.112355545	0.13924076	-0.124128796	0.1437086	-0.076123685	0.11995421	-0.1461844	0.14909446	-0.14596859	0.17336147	-0.11866352	0.13941123	-0.21519555	0.21958935	-0.24065237	0.140857	-0.20515509	0.30287766	-0.5517533	0.26156217	-0.17763744	0.21951638	-0.587835	0.9999983	-0.40176037
-0.15380967	0.105779886	-0.12306251	0.1554366	-0.12453712	0.1368091	-0.17727324	0.14930543	-0.19442917	0.1016407	-0.14888121	0.1607737	-0.18394153	0.1786716	-0.24771684	0.13638665	-0.15326963	0.21479559	-0.25976494	0.2770165	-0.1764119	0.19065484	-0.26070046	0.30359456	-0.6908455	0.19843523	-0.24381092	0.23091646	-0.40176037	0.9999983
