1.0000001	-0.7394624	0.07958058	-0.041403353	0.030051889	-0.56038666	0.3153902	-0.07928618	0.056473404	-0.03392718	0.16233806	-0.1425805	0.10736054	-0.051238988	0.040663265	-0.1509907	0.100516886	-0.08940218	0.04365508	-0.05049659	0.04502044	-0.07008752	0.063845366	-0.03938754	0.047814537	-0.029102845	0.025001643	-0.03971189	0.01567706	-0.015925078
-0.7394624	1.0000006	-0.112089075	0.047872704	-0.035346687	0.3191366	-0.5423974	0.09787107	-0.06742616	0.039423674	-0.16932759	0.15669346	-0.1272788	0.059091218	-0.047616933	0.14055364	-0.113203235	0.09627968	-0.04752972	0.053749163	-0.048458975	0.07478636	-0.071189575	0.04306028	-0.05321416	0.03071396	-0.026765577	0.041921232	-0.017000927	0.017153377
0.07958058	-0.112089075	1.0000007	-0.17826839	0.107429065	-0.07719695	0.09679162	-0.9390015	0.17255916	-0.110704936	0.06008807	-0.065436624	0.074754685	-0.12614882	0.0981281	-0.06916977	0.05355601	-0.05997221	0.031760022	-0.03782256	0.026864205	-0.0424959	0.039308086	-0.026841208	0.032095335	-0.01787299	0.015455803	-0.025127275	0.010564479	-0.010787542
-0.041403353	0.047872704	-0.17826839	1.0000007	-0.77055335	0.04593148	-0.05391079	0.14388368	-0.3862086	0.30611676	-0.058073647	0.06348317	-0.08830907	0.21727285	-0.32954067	0.070821494	-0.059156995	0.06867965	-0.043393508	0.05111782	-0.033574685	0.05127415	-0.05024502	0.03602982	-0.044589184	0.022283496	-0.019494187	0.031753276	-0.014408856	0.0146095585
0.030051889	-0.035346687	0.107429065	-0.77055335	1.0000005	-0.03489703	0.03992855	-0.10570092	0.24637388	-0.5219578	0.04475969	-0.050620988	0.06938349	-0.19283621	0.24470471	-0.056952454	0.04632462	-0.055764582	0.033983007	-0.040843368	0.025647944	-0.0400389	0.038148433	-0.027743772	0.03354579	-0.01721695	0.014973491	-0.024566807	0.010925309	-0.011140498
-0.56038666	0.3191366	-0.07719695	0.04593148	-0.03489703	1.0000004	-0.65884644	0.074236006	-0.069285624	0.04013222	-0.31224832	0.21006738	-0.15844548	0.064161494	-0.051139913	0.19519897	-0.14543138	0.12127053	-0.057945214	0.06538181	-0.05955376	0.09197728	-0.086425826	0.051983647	-0.06379702	0.037595633	-0.032596458	0.05093112	-0.02032357	0.02051508
0.3153902	-0.5423974	0.09679162	-0.05391079	0.03992855	-0.65884644	1.0000004	-0.10303084	0.077545084	-0.046001304	0.23283607	-0.30187213	0.16965856	-0.07328857	0.056829967	-0.21754678	0.15643398	-0.14021495	0.06448937	-0.074453205	0.06411286	-0.10347368	0.092213266	-0.056989957	0.06835221	-0.041412916	0.03558953	-0.05638317	0.022142483	-0.022491837
-0.07928618	0.09787107	-0.9390015	0.14388368	-0.10570092	0.074236006	-0.10303084	1.0000005	-0.21708706	0.10446208	-0.059117787	0.06377302	-0.075878255	0.120268516	-0.09916347	0.06536099	-0.052286014	0.05760471	-0.030575307	0.03595403	-0.0258101	0.040598292	-0.038113028	0.025806269	-0.031099116	0.017033419	-0.014783194	0.023897836	-0.010125902	0.01030823
0.056473404	-0.06742616	0.17255916	-0.3862086	0.24637388	-0.069285624	0.077545084	-0.21708706	1.0	-0.4652312	0.09195942	-0.112666436	0.15537156	-0.6358704	0.3203014	-0.122499116	0.09768359	-0.1267343	0.06867026	-0.082807414	0.049518973	-0.08056638	0.07380618	-0.054063074	0.06290428	-0.03351966	0.028933994	-0.047625754	0.020414002	-0.020923804
-0.03392718	0.039423674	-0.110704936	0.30611676	-0.5219578	0.04013222	-0.046001304	0.10446208	-0.4652312	1.0	-0.054177348	0.062953226	-0.09147703	0.28375915	-0.5993536	0.06820328	-0.05696077	0.070142776	-0.043000292	0.050949723	-0.029706912	0.047169562	-0.045083	0.033196006	-0.039923936	0.019850219	-0.017275479	0.028208612	-0.012551512	0.012765232
0.16233806	-0.16932759	0.06008807	-0.058073647	0.04475969	-0.31224832	0.23283607	-0.059117787	0.09195942	-0.054177348	0.9999998	-0.54923743	0.258498	-0.09545743	0.07237136	-0.64105254	0.27188012	-0.23743609	0.101887904	-0.11769678	0.106619485	-0.16792233	0.14465825	-0.088637136	0.104879506	-0.068521276	0.057405982	-0.09069606	0.034047514	-0.03462715
-0.1425805	0.15669346	-0.065436624	0.06348317	-0.050620988	0.21006738	-0.30187213	0.06377302	-0.112666436	0.062953226	-0.54923743	0.9999998	-0.52923346	0.119094744	-0.09049734	0.31192845	-0.41831347	0.2780293	-0.112168096	0.12123508	-0.10039572	0.16983117	-0.15751004	0.092762776	-0.110999756	0.062239073	-0.05464523	0.083891004	-0.033565905	0.033761196
0.10736054	-0.1272788	0.074754685	-0.08830907	0.06938349	-0.15844548	0.16965856	-0.075878255	0.15537156	-0.09147703	0.258498	-0.52923346	0.99999964	-0.22603972	0.13109325	-0.33426252	0.30656743	-0.60133576	0.16362652	-0.18898836	0.10641048	-0.19342999	0.16891086	-0.11910861	0.13003157	-0.07035449	0.060653042	-0.0974143	0.0394659	-0.040229496
-0.051238988	0.059091218	-0.12614882	0.21727285	-0.19283621	0.064161494	-0.07328857	0.120268516	-0.6358704	0.28375915	-0.09545743	0.119094744	-0.22603972	0.9999995	-0.61447185	0.116128355	-0.102990806	0.13337125	-0.07378832	0.08289049	-0.047109053	0.07720514	-0.07326471	0.05362695	-0.062822	0.031258117	-0.02719504	0.044084143	-0.019236624	0.019546596
0.040663265	-0.047616933	0.0981281	-0.32954067	0.24470471	-0.051139913	0.056829967	-0.09916347	0.3203014	-0.5993536	0.07237136	-0.09049734	0.13109325	-0.61447185	0.9999996	-0.09489189	0.078464344	-0.10374541	0.06072865	-0.074212804	0.038769215	-0.06345203	0.0592046	-0.04479086	0.05242822	-0.026075615	0.022595067	-0.037006654	0.016255807	-0.01657837
-0.1509907	0.14055364	-0.06916977	0.070821494	-0.056952454	0.19519897	-0.21754678	0.06536099	-0.122499116	0.06820328	-0.64105254	0.31192845	-0.33426252	0.116128355	-0.09489189	0.99999946	-0.47963202	0.2606032	-0.12721156	0.13505337	-0.16863449	0.21407492	-0.21656035	0.11866345	-0.15159592	0.094869755	-0.081569314	0.12127724	-0.047029063	0.046861716
0.100516886	-0.113203235	0.05355601	-0.059156995	0.04632462	-0.14543138	0.15643398	-0.052286014	0.09768359	-0.05696077	0.27188012	-0.41831347	0.30656743	-0.102990806	0.078464344	-0.47963202	0.9999999	-0.5695046	0.15820132	-0.17478912	0.13870324	-0.34771082	0.2221525	-0.12949698	0.14654642	-0.087244585	0.076193765	-0.11607084	0.04435309	-0.044785354
-0.08940218	0.09627968	-0.05997221	0.06867965	-0.055764582	0.12127053	-0.14021495	0.05760471	-0.1267343	0.070142776	-0.23743609	0.2780293	-0.60133576	0.13337125	-0.10374541	0.2606032	-0.5695046	0.99999976	-0.27057648	0.20883894	-0.11763279	0.21373223	-0.22843194	0.14555778	-0.16346814	0.073811285	-0.06620794	0.10249543	-0.04442002	0.044430815
0.04365508	-0.04752972	0.031760022	-0.043393508	0.033983007	-0.057945214	0.06448937	-0.030575307	0.06867026	-0.043000292	0.101887904	-0.112168096	0.16362652	-0.07378832	0.06072865	-0.12721156	0.15820132	-0.27057648	0.99999946	-0.83212197	0.08282705	-0.15313461	0.17581679	-0.35732976	0.25482938	-0.05716173	0.05116223	-0.085612334	0.054418318	-0.054506022
-0.05049659	0.053749163	-0.03782256	0.05111782	-0.040843368	0.06538181	-0.074453205	0.03595403	-0.082807414	0.050949723	-0.11769678	0.12123508	-0.18898836	0.08289049	-0.074212804	0.13505337	-0.17478912	0.20883894	-0.83212197	0.999999	-0.096092775	0.16045786	-0.20622288	0.26133606	-0.3488419	0.06391125	-0.058154993	0.09481332	-0.065108575	0.06296537
0.04502044	-0.048458975	0.026864205	-0.033574685	0.025647944	-0.05955376	0.06411286	-0.0258101	0.049518973	-0.029706912	0.106619485	-0.10039572	0.10641048	-0.047109053	0.038769215	-0.16863449	0.13870324	-0.11763279	0.08282705	-0.096092775	0.99999887	-0.36180216	0.23567896	-0.113904774	0.13917884	-0.6518552	0.3098834	-0.50875163	0.090920664	-0.09687168
-0.07008752	0.07478636	-0.0424959	0.05127415	-0.0400389	0.09197728	-0.10347368	0.040598292	-0.08056638	0.047169562	-0.16792233	0.16983117	-0.19342999	0.07720514	-0.06345203	0.21407492	-0.34771082	0.21373223	-0.15313461	0.16045786	-0.36180216	0.99999875	-0.6900161	0.21941152	-0.28336775	0.18451385	-0.18044803	0.23414801	-0.08260613	0.08137328
0.063845366	-0.071189575	0.039308086	-0.05024502	0.038148433	-0.086425826	0.092213266	-0.038113028	0.07380618	-0.045083	0.14465825	-0.15751004	0.16891086	-0.07326471	0.0592046	-0.21656035	0.2221525	-0.22843194	0.17581679	-0.20622288	0.23567896	-0.6900161	0.9999989	-0.3757159	0.26814836	-0.1861844	0.16572253	-0.317495	0.09294887	-0.09810424
-0.03938754	0.04306028	-0.026841208	0.03602982	-0.027743772	0.051983647	-0.056989957	0.025806269	-0.054063074	0.033196006	-0.088637136	0.092762776	-0.11910861	0.05362695	-0.04479086	0.11866345	-0.12949698	0.14555778	-0.35732976	0.26133606	-0.113904774	0.21941152	-0.3757159	0.999999	-0.7798763	0.08268034	-0.07519495	0.13077053	-0.10862011	0.102816485
0.047814537	-0.05321416	0.032095335	-0.044589184	0.03354579	-0.06379702	0.06835221	-0.031099116	0.06290428	-0.039923936	0.104879506	-0.110999756	0.13003157	-0.062822	0.05242822	-0.15159592	0.14654642	-0.16346814	0.25482938	-0.3488419	0.13917884	-0.28336775	0.26814836	-0.7798763	0.99999905	-0.109758765	0.09514468	-0.17492425	0.118838534	-0.13645855
-0.029102845	0.03071396	-0.01787299	0.022283496	-0.01721695	0.037595633	-0.041412916	0.017033419	-0.03351966	0.019850219	-0.068521276	0.062239073	-0.07035449	0.031258117	-0.026075615	0.094869755	-0.087244585	0.073811285	-0.05716173	0.06391125	-0.6518552	0.18451385	-0.1861844	0.08268034	-0.109758765	0.9999993	-0.63899064	0.3166103	-0.064575985	0.06247801
0.025001643	-0.026765577	0.015455803	-0.019494187	0.014973491	-0.032596458	0.03558953	-0.014783194	0.028933994	-0.017275479	0.057405982	-0.05464523	0.060653042	-0.02719504	0.022595067	-0.081569314	0.076193765	-0.06620794	0.05116223	-0.058154993	0.3098834	-0.18044803	0.16572253	-0.07519495	0.09514468	-0.63899064	0.99999946	-0.6653056	0.070862256	-0.07095018
-0.03971189	0.041921232	-0.025127275	0.031753276	-0.024566807	0.05093112	-0.05638317	0.023897836	-0.047625754	0.028208612	-0.09069606	0.083891004	-0.0974143	0.044084143	-0.037006654	0.12127724	-0.11607084	0.10249543	-0.085612334	0.09481332	-0.50875163	0.23414801	-0.317495	0.13077053	-0.17492425	0.3166103	-0.6653056	0.9999994	-0.13258292	0.114473045
0.01567706	-0.017000927	0.010564479	-0.014408856	0.010925309	-0.02032357	0.022142483	-0.010125902	0.020414002	-0.012551512	0.034047514	-0.033565905	0.0394659	-0.019236624	0.016255807	-0.047029063	0.04435309	-0.04442002	0.054418318	-0.065108575	0.090920664	-0.08260613	0.09294887	-0.10862011	0.118838534	-0.064575985	0.070862256	-0.13258292	0.99999946	-0.9696776
-0.015925078	0.017153377	-0.010787542	0.0146095585	-0.011140498	0.02051508	-0.022491837	0.01030823	-0.020923804	0.012765232	-0.03462715	0.033761196	-0.040229496	0.019546596	-0.01657837	0.046861716	-0.044785354	0.044430815	-0.054506022	0.06296537	-0.09687168	0.08137328	-0.09810424	0.102816485	-0.13645855	0.06247801	-0.07095018	0.114473045	-0.9696776	0.99999946
