1.0000001	-0.6004364	0.20393766	-0.16988616	0.15347569	-0.6201828	0.30021986	-0.19112705	0.14668363	-0.12238467	0.24839185	-0.2374948	0.16274188	-0.14537847	0.12733418	-0.1953847	0.17908518	-0.14650564	0.13399293	-0.16005336	0.12106931	-0.14731035	0.13765655	-0.114185765	0.06153883	-0.12522991	0.09657882	-0.1195541	0.09683744	-0.07442945
-0.6004364	1.0	-0.37405932	0.20552827	-0.18896613	0.295729	-0.53005207	0.21764253	-0.17990363	0.13609609	-0.23715979	0.23561162	-0.17945106	0.15353397	-0.14234374	0.16810817	-0.18866093	0.1466265	-0.14011924	0.15926094	-0.11356941	0.13482495	-0.13952714	0.109998666	-0.060241647	0.113975026	-0.09162886	0.11290716	-0.095534936	0.07181152
0.20393766	-0.37405932	0.9999998	-0.6611822	0.26282415	-0.177423	0.22302498	-0.4384304	0.28880548	-0.21123222	0.15431996	-0.17214297	0.18075128	-0.1922704	0.17893207	-0.14073853	0.151193	-0.15310878	0.15752615	-0.208433	0.101837404	-0.12949722	0.1396781	-0.12654029	0.072932705	-0.11544698	0.09123694	-0.121541426	0.10346365	-0.08841667
-0.16988616	0.20552827	-0.6611822	0.99999994	-0.44959098	0.13781844	-0.18554258	0.2973382	-0.4401825	0.2274337	-0.13332629	0.14344893	-0.17442256	0.18837965	-0.19549759	0.11862604	-0.13411443	0.13709064	-0.15031686	0.18713468	-0.08794875	0.11064993	-0.12653874	0.110879265	-0.06466615	0.09827003	-0.07922035	0.10507531	-0.092401594	0.07716465
0.15347569	-0.18896613	0.26282415	-0.44959098	1.0	-0.15059946	0.17701563	-0.28823075	0.26932427	-0.5913662	0.15249573	-0.17145382	0.21128772	-0.25586995	0.29683518	-0.15765014	0.16953908	-0.19647923	0.21303436	-0.34003603	0.12129936	-0.15923615	0.17673764	-0.17639965	0.1083191	-0.14708836	0.11572832	-0.16117159	0.13887712	-0.1326549
-0.6201828	0.295729	-0.177423	0.13781844	-0.15059946	0.9999998	-0.44266188	0.16966052	-0.14090587	0.11348115	-0.48762023	0.26719245	-0.17766106	0.14319552	-0.1264312	0.21577606	-0.21465814	0.14993125	-0.13597864	0.14770722	-0.13527693	0.14949438	-0.14477412	0.10874511	-0.057919357	0.12374276	-0.09898808	0.11620032	-0.09646722	0.06887393
0.30021986	-0.53005207	0.22302498	-0.18554258	0.17701563	-0.44266188	0.9999999	-0.28844404	0.1886484	-0.14333336	0.27855802	-0.49548542	0.21502301	-0.18492728	0.15122546	-0.21849772	0.22804284	-0.18030268	0.15986733	-0.18331951	0.1371039	-0.16838509	0.16050187	-0.12935027	0.069582276	-0.13942774	0.109149866	-0.13494585	0.110213295	-0.083501
-0.19112705	0.21764253	-0.4384304	0.2973382	-0.28823075	0.16966052	-0.28844404	0.9999999	-0.6813139	0.21988393	-0.16865578	0.18847153	-0.25701836	0.23787175	-0.22102042	0.14385948	-0.1692637	0.16894442	-0.1849622	0.20152459	-0.10574966	0.13101996	-0.1552244	0.12675104	-0.07212109	0.114158854	-0.09345108	0.121743076	-0.1085831	0.08472614
0.14668363	-0.17990363	0.28880548	-0.4401825	0.26932427	-0.14090587	0.1886484	-0.6813139	0.9999999	-0.30272403	0.13880317	-0.16236073	0.22110595	-0.33172548	0.22603585	-0.12953572	0.1463525	-0.16360657	0.1819766	-0.21640219	0.09601536	-0.12237134	0.14190884	-0.12609673	0.072830744	-0.108491935	0.08742454	-0.11741687	0.103541814	-0.086419456
-0.12238467	0.13609609	-0.21123222	0.2274337	-0.5913662	0.11348115	-0.14333336	0.21988393	-0.30272403	0.99999964	-0.12178309	0.13484834	-0.19901405	0.23447509	-0.6263943	0.11730632	-0.13582954	0.15435031	-0.18731967	0.25189695	-0.090527	0.115608	-0.14136301	0.1266888	-0.07945693	0.10398156	-0.08491854	0.115103155	-0.10550108	0.09199476
0.24839185	-0.23715979	0.15431996	-0.13332629	0.15249573	-0.48762023	0.27855802	-0.16865578	0.13880317	-0.12178309	0.99999946	-0.51134497	0.21291806	-0.1731782	0.13902013	-0.49460682	0.28691307	-0.19673331	0.16217443	-0.17683049	0.20203818	-0.22456461	0.18076853	-0.13692181	0.070693314	-0.18126558	0.13537055	-0.15411723	0.12030363	-0.08466006
-0.2374948	0.23561162	-0.17214297	0.14344893	-0.17145382	0.26719245	-0.49548542	0.18847153	-0.16236073	0.13484834	-0.51134497	0.9999994	-0.36879435	0.20884189	-0.1609937	0.27179906	-0.43228364	0.22513522	-0.18719475	0.18619853	-0.1698079	0.19607809	-0.19370297	0.13754107	-0.07229454	0.15431228	-0.12527911	0.14764446	-0.12174229	0.085253224
0.16274188	-0.17945106	0.18075128	-0.17442256	0.21128772	-0.17766106	0.21502301	-0.25701836	0.22110595	-0.19901405	0.21291806	-0.36879435	0.99999946	-0.6033966	0.23971683	-0.21233873	0.24926351	-0.4259584	0.28544208	-0.29028377	0.15172465	-0.1991751	0.23815683	-0.19337618	0.10240607	-0.17169352	0.13750684	-0.18986565	0.15578544	-0.121380456
-0.14537847	0.15353397	-0.1922704	0.18837965	-0.25586995	0.14319552	-0.18492728	0.23787175	-0.33172548	0.23447509	-0.1731782	0.20884189	-0.6033966	0.99999976	-0.40838465	0.16134201	-0.20267874	0.26223853	-0.41798347	0.28548056	-0.12269047	0.15563717	-0.20855291	0.17180286	-0.09604434	0.13568069	-0.11329423	0.15320222	-0.144173	0.108866565
0.12733418	-0.14234374	0.17893207	-0.19549759	0.29683518	-0.1264312	0.15122546	-0.22102042	0.22603585	-0.6263943	0.13902013	-0.1609937	0.23971683	-0.40838465	0.9999999	-0.1429242	0.16211073	-0.20468299	0.24944958	-0.45648912	0.11089903	-0.14458513	0.17394647	-0.16903731	0.11167515	-0.13148984	0.106280856	-0.14782706	0.13489106	-0.13025126
-0.1953847	0.16810817	-0.14073853	0.11862604	-0.15765014	0.21577606	-0.21849772	0.14385948	-0.12953572	0.11730632	-0.49460682	0.27179906	-0.21233873	0.16134201	-0.1429242	0.9999999	-0.5422711	0.21906315	-0.17933053	0.17109631	-0.45939916	0.28402376	-0.22902603	0.14332	-0.072228685	0.22311512	-0.1812415	0.17250232	-0.13919897	0.08443483
0.17908518	-0.18866093	0.151193	-0.13411443	0.16953908	-0.21465814	0.22804284	-0.1692637	0.1463525	-0.13582954	0.28691307	-0.43228364	0.24926351	-0.20267874	0.16211073	-0.5422711	0.99999994	-0.40148702	0.21965098	-0.22064075	0.25892758	-0.37349007	0.2578423	-0.17646453	0.08845163	-0.23226649	0.18165065	-0.20553933	0.15567423	-0.1050488
-0.14650564	0.1466265	-0.15310878	0.13709064	-0.19647923	0.14993125	-0.18030268	0.16894442	-0.16360657	0.15435031	-0.19673331	0.22513522	-0.4259584	0.26223853	-0.20468299	0.21906315	-0.40148702	1.0	-0.47472262	0.2652642	-0.17235048	0.22457875	-0.5140197	0.20615418	-0.10327912	0.18092345	-0.15979971	0.2199181	-0.18397307	0.11679056
0.13399293	-0.14011924	0.15752615	-0.15031686	0.21303436	-0.13597864	0.15986733	-0.1849622	0.1819766	-0.18731967	0.16217443	-0.18719475	0.28544208	-0.41798347	0.24944958	-0.17933053	0.21965098	-0.47472262	1.0	-0.56681025	0.14162718	-0.18740389	0.25852183	-0.31082818	0.14654937	-0.16685444	0.14036493	-0.20370334	0.20518342	-0.1618332
-0.16005336	0.15926094	-0.208433	0.18713468	-0.34003603	0.14770722	-0.18331951	0.20152459	-0.21640219	0.25189695	-0.17683049	0.18619853	-0.29028377	0.28548056	-0.45648912	0.17109631	-0.22064075	0.2652642	-0.56681025	1.0000001	-0.13995247	0.17447513	-0.2612569	0.22658344	-0.21880196	0.15488586	-0.13670883	0.18288378	-0.20578198	0.18740827
0.12106931	-0.11356941	0.101837404	-0.08794875	0.12129936	-0.13527693	0.1371039	-0.10574966	0.09601536	-0.090527	0.20203818	-0.1698079	0.15172465	-0.12269047	0.11089903	-0.45939916	0.25892758	-0.17235048	0.14162718	-0.13995247	1.0000001	-0.62506187	0.2246296	-0.13852204	0.065030515	-0.48776814	0.25926444	-0.20739423	0.14113277	-0.07658081
-0.14731035	0.13482495	-0.12949722	0.11064993	-0.15923615	0.14949438	-0.16838509	0.13101996	-0.12237134	0.115608	-0.22456461	0.19607809	-0.1991751	0.15563717	-0.14458513	0.28402376	-0.37349007	0.22457875	-0.18740389	0.17447513	-0.62506187	0.99999994	-0.3739527	0.17032614	-0.081044294	0.30429438	-0.36946222	0.24490786	-0.18423578	0.09385735
0.13765655	-0.13952714	0.1396781	-0.12653874	0.17673764	-0.14477412	0.16050187	-0.1552244	0.14190884	-0.14136301	0.18076853	-0.19370297	0.23815683	-0.20855291	0.17394647	-0.22902603	0.2578423	-0.5140197	0.25852183	-0.2612569	0.2246296	-0.3739527	1.0000001	-0.30066296	0.12568967	-0.29074425	0.250645	-0.483139	0.246949	-0.15114748
-0.114185765	0.109998666	-0.12654029	0.110879265	-0.17639965	0.10874511	-0.12935027	0.12675104	-0.12609673	0.1266888	-0.13692181	0.13754107	-0.19337618	0.17180286	-0.16903731	0.14332	-0.17646453	0.20615418	-0.31082818	0.22658344	-0.13852204	0.17032614	-0.30066296	1.0	-0.29222968	0.16678157	-0.17647122	0.26067668	-0.7246236	0.22546153
0.06153883	-0.060241647	0.072932705	-0.06466615	0.1083191	-0.057919357	0.069582276	-0.07212109	0.072830744	-0.07945693	0.070693314	-0.07229454	0.10240607	-0.09604434	0.11167515	-0.072228685	0.08845163	-0.10327912	0.14654937	-0.21880196	0.065030515	-0.081044294	0.12568967	-0.29222968	1.0000005	-0.07734556	0.07390706	-0.10751765	0.1848885	-0.8993043
-0.12522991	0.113975026	-0.11544698	0.09827003	-0.14708836	0.12374276	-0.13942774	0.114158854	-0.108491935	0.10398156	-0.18126558	0.15431228	-0.17169352	0.13568069	-0.13148984	0.22311512	-0.23226649	0.18092345	-0.16685444	0.15488586	-0.48776814	0.30429438	-0.29074425	0.16678157	-0.07734556	1.0000005	-0.6558224	0.27649808	-0.20827605	0.08859114
0.09657882	-0.09162886	0.09123694	-0.07922035	0.11572832	-0.09898808	0.109149866	-0.09345108	0.08742454	-0.08491854	0.13537055	-0.12527911	0.13750684	-0.11329423	0.106280856	-0.1812415	0.18165065	-0.15979971	0.14036493	-0.13670883	0.25926444	-0.36946222	0.250645	-0.17647122	0.07390706	-0.6558224	1.0000005	-0.5329156	0.20105022	-0.086957894
-0.1195541	0.11290716	-0.121541426	0.10507531	-0.16117159	0.11620032	-0.13494585	0.121743076	-0.11741687	0.115103155	-0.15411723	0.14764446	-0.18986565	0.15320222	-0.14782706	0.17250232	-0.20553933	0.2199181	-0.20370334	0.18288378	-0.20739423	0.24490786	-0.483139	0.26067668	-0.10751765	0.27649808	-0.5329156	1.0000005	-0.46413213	0.12151802
0.09683744	-0.095534936	0.10346365	-0.092401594	0.13887712	-0.09646722	0.110213295	-0.1085831	0.103541814	-0.10550108	0.12030363	-0.12174229	0.15578544	-0.144173	0.13489106	-0.13919897	0.15567423	-0.18397307	0.20518342	-0.20578198	0.14113277	-0.18423578	0.246949	-0.7246236	0.1848885	-0.20827605	0.20105022	-0.46413213	1.0000005	-0.22416723
-0.07442945	0.07181152	-0.08841667	0.07716465	-0.1326549	0.06887393	-0.083501	0.08472614	-0.086419456	0.09199476	-0.08466006	0.085253224	-0.121380456	0.108866565	-0.13025126	0.08443483	-0.1050488	0.11679056	-0.1618332	0.18740827	-0.07658081	0.09385735	-0.15114748	0.22546153	-0.8993043	0.08859114	-0.086957894	0.12151802	-0.22416723	1.0000005
