1.0	-0.19206199	0.15593699	-0.09577386	0.086759135	-0.7321891	0.21612982	-0.13295205	0.11661262	-0.13371259	0.28861818	-0.21106416	0.13512747	-0.13053201	0.10309601	-0.3790601	0.18209	-0.18017825	0.13252105	-0.16063741	0.18792607	-0.17043392	0.15321752	-0.19584027	0.05975998	-0.06965016	0.06671335	-0.14706823	0.105032444	-0.058386255
-0.19206199	1.0	-0.9333926	0.1257044	-0.12203192	0.12032185	-0.17414007	0.094334155	-0.08761212	0.0839573	-0.07823226	0.11510066	-0.08808834	0.08136612	-0.067383595	0.09365781	-0.08164901	0.07870639	-0.06977443	0.080652356	-0.07776428	0.067642175	-0.06838265	0.085370965	-0.026858209	0.027428312	-0.027404314	0.06162741	-0.046734855	0.025641011
0.15593699	-0.9333926	0.9999997	-0.15647577	0.122244686	-0.123818286	0.1505263	-0.10117157	0.09129602	-0.092667736	0.078924224	-0.12212736	0.09077059	-0.0878812	0.071731724	-0.09973529	0.08486893	-0.085155144	0.075290434	-0.08953236	0.08098579	-0.07245605	0.07289322	-0.09481891	0.029376317	-0.029304868	0.029094359	-0.06828031	0.05110244	-0.028224215
-0.09577386	0.1257044	-0.15647577	0.9999998	-0.8827468	0.06741357	-0.13377276	0.15121374	-0.25093505	0.21037461	-0.05906591	0.0996251	-0.14734353	0.15967807	-0.17506103	0.06740973	-0.08385055	0.082379065	-0.12101504	0.13178924	-0.08961964	0.07042886	-0.080493726	0.10436694	-0.034736298	0.029290393	-0.030513525	0.06899653	-0.059041016	0.031774223
0.086759135	-0.12203192	0.122244686	-0.8827468	0.99999976	-0.06325197	0.120465845	-0.14799806	0.1908466	-0.29491428	0.054840703	-0.09644188	0.13406572	-0.16204745	0.17221439	-0.06388692	0.07879933	-0.08005931	0.11689189	-0.14284156	0.08300498	-0.06729307	0.07665792	-0.10566047	0.03396211	-0.027765786	0.028742932	-0.06878259	0.057636242	-0.031410042
-0.7321891	0.12032185	-0.123818286	0.06741357	-0.06325197	0.9999997	-0.22871308	0.1041747	-0.08958182	0.089776754	-0.51302373	0.16698061	-0.10587687	0.09428893	-0.07124217	0.28603703	-0.15016156	0.1304965	-0.09153216	0.10555615	-0.15919578	0.12558752	-0.11504877	0.1281996	-0.040430825	0.051610168	-0.05071541	0.096800424	-0.07135767	0.038895495
0.21612982	-0.17414007	0.1505263	-0.13377276	0.120465845	-0.22871308	0.9999997	-0.38591626	0.22036679	-0.18703711	0.1623221	-0.6400828	0.2517755	-0.22523013	0.14464206	-0.19425428	0.26578766	-0.25638944	0.17714435	-0.20796515	0.19620886	-0.19036105	0.19434278	-0.23405957	0.0714906	-0.07205593	0.072284095	-0.17046075	0.12588587	-0.068933725
-0.13295205	0.094334155	-0.10117157	0.15121374	-0.14799806	0.1041747	-0.38591626	0.99999976	-0.6064096	0.18274392	-0.09136794	0.21137887	-0.5635228	0.31072488	-0.155221	0.103915654	-0.14838022	0.14436622	-0.1604976	0.166116	-0.13131203	0.11149974	-0.1259506	0.15524487	-0.04937047	0.044501036	-0.045926124	0.10511685	-0.08537592	0.046041727
0.11661262	-0.08761212	0.09129602	-0.25093505	0.1908466	-0.08958182	0.22036679	-0.6064096	0.9999999	-0.28416333	0.080484055	-0.1778888	0.32079366	-0.5595064	0.19698505	-0.093924575	0.1286969	-0.13374718	0.18829517	-0.2068943	0.12356529	-0.10517824	0.12026849	-0.16841282	0.051668473	-0.04227467	0.043592222	-0.10727084	0.08851908	-0.048190404
-0.13371259	0.0839573	-0.092667736	0.21037461	-0.29491428	0.089776754	-0.18703711	0.18274392	-0.28416333	0.9999997	-0.08692759	0.13697948	-0.21768785	0.2241943	-0.7450233	0.09589745	-0.12993476	0.12608793	-0.2485283	0.27232343	-0.14883527	0.11026982	-0.13277644	0.17113757	-0.06007132	0.04659219	-0.049420632	0.108849734	-0.10083694	0.053352922
0.28861818	-0.07823226	0.078924224	-0.05906591	0.054840703	-0.51302373	0.1623221	-0.09136794	0.080484055	-0.08692759	0.9999996	-0.17294851	0.09747657	-0.08914978	0.06876151	-0.73948294	0.17618291	-0.15068698	0.09245146	-0.10669375	0.1795204	-0.1508885	0.124716885	-0.1355615	0.042102117	-0.059904963	0.056853615	-0.10355774	0.07496071	-0.040722813
-0.21106416	0.11510066	-0.12212736	0.0996251	-0.09644188	0.16698061	-0.6400828	0.21137887	-0.1778888	0.13697948	-0.17294851	0.99999946	-0.25341734	0.17471433	-0.11497344	0.18952218	-0.528645	0.25489643	-0.15094867	0.15667099	-0.2263928	0.19600962	-0.2162579	0.18639776	-0.061372127	0.073333755	-0.07688964	0.1402744	-0.109910704	0.057477362
0.13512747	-0.08808834	0.09077059	-0.14734353	0.13406572	-0.10587687	0.2517755	-0.5635228	0.32079366	-0.21768785	0.09747657	-0.25341734	0.9999993	-0.60825944	0.17758773	-0.1163792	0.16996662	-0.19621061	0.20809805	-0.22531874	0.15002836	-0.13514867	0.15489891	-0.20975688	0.0627642	-0.05286806	0.054113682	-0.13689344	0.10864931	-0.05934396
-0.13053201	0.08136612	-0.0878812	0.15967807	-0.16204745	0.09428893	-0.22523013	0.31072488	-0.5595064	0.2241943	-0.08914978	0.17471433	-0.60825944	0.9999994	-0.24061388	0.10141231	-0.1453996	0.14972258	-0.30635184	0.2282308	-0.14474803	0.11746573	-0.1415991	0.19276719	-0.060488466	0.047707833	-0.04987175	0.11835746	-0.1041002	0.055149283
0.10309601	-0.067383595	0.071731724	-0.17506103	0.17221439	-0.07124217	0.14464206	-0.155221	0.19698505	-0.7450233	0.06876151	-0.11497344	0.17758773	-0.24061388	0.9999994	-0.07760314	0.10618369	-0.11032994	0.23443691	-0.4812144	0.118201524	-0.092334546	0.11254736	-0.17211309	0.05430313	-0.03823693	0.040239833	-0.10030003	0.09005745	-0.04933716
-0.3790601	0.09365781	-0.09973529	0.06740973	-0.06388692	0.28603703	-0.19425428	0.103915654	-0.093924575	0.09589745	-0.73948294	0.18952218	-0.1163792	0.10141231	-0.07760314	0.9999993	-0.27607363	0.17968142	-0.10593011	0.11690169	-0.29452553	0.18768255	-0.15965828	0.14962424	-0.048126344	0.07576055	-0.0740698	0.1154724	-0.08615496	0.045890696
0.18209	-0.08164901	0.08486893	-0.08385055	0.07879933	-0.15016156	0.26578766	-0.14838022	0.1286969	-0.12993476	0.17618291	-0.528645	0.16996662	-0.1453996	0.10618369	-0.27607363	0.99999934	-0.5833042	0.15726082	-0.16602899	0.2436278	-0.31526113	0.27597967	-0.22081308	0.06827485	-0.088015586	0.08966237	-0.170289	0.1254467	-0.06502125
-0.18017825	0.07870639	-0.085155144	0.082379065	-0.08005931	0.1304965	-0.25638944	0.14436622	-0.13374718	0.12608793	-0.15068698	0.25489643	-0.19621061	0.14972258	-0.11032994	0.17968142	-0.5833042	0.9999992	-0.19796412	0.16629261	-0.27191496	0.2657567	-0.5853522	0.23198159	-0.07764918	0.08796325	-0.09423126	0.1827375	-0.1489119	0.07101764
0.13252105	-0.06977443	0.075290434	-0.12101504	0.11689189	-0.09153216	0.17714435	-0.1604976	0.18829517	-0.2485283	0.09245146	-0.15094867	0.20809805	-0.30635184	0.23443691	-0.10593011	0.15726082	-0.19796412	0.99999917	-0.6421751	0.17076561	-0.14288896	0.19331853	-0.508946	0.09888563	-0.05636701	0.059433002	-0.18213047	0.1715273	-0.091269456
-0.16063741	0.080652356	-0.08953236	0.13178924	-0.14284156	0.10555615	-0.20796515	0.166116	-0.2068943	0.27232343	-0.10669375	0.15667099	-0.22531874	0.2282308	-0.4812144	0.11690169	-0.16602899	0.16629261	-0.6421751	0.9999991	-0.19537053	0.14306383	-0.18534124	0.26161805	-0.09308565	0.060246125	-0.06452388	0.14991444	-0.15182118	0.080069445
0.18792607	-0.07776428	0.08098579	-0.08961964	0.08300498	-0.15919578	0.19620886	-0.13131203	0.12356529	-0.14883527	0.1795204	-0.2263928	0.15002836	-0.14474803	0.118201524	-0.29452553	0.2436278	-0.27191496	0.17076561	-0.19537053	0.99999905	-0.6775717	0.28046966	-0.28026465	0.085048296	-0.24964985	0.19823481	-0.22222356	0.15475206	-0.08294978
-0.17043392	0.067642175	-0.07245605	0.07042886	-0.06729307	0.12558752	-0.19036105	0.11149974	-0.10517824	0.11026982	-0.1508885	0.19600962	-0.13514867	0.11746573	-0.092334546	0.18768255	-0.31526113	0.2657567	-0.14288896	0.14306383	-0.6775717	0.999999	-0.47765207	0.21338779	-0.07182872	0.18502088	-0.23021016	0.17546488	-0.13649224	0.06672004
0.15321752	-0.06838265	0.07289322	-0.080493726	0.07665792	-0.11504877	0.19434278	-0.1259506	0.12026849	-0.13277644	0.124716885	-0.2162579	0.15489891	-0.1415991	0.11254736	-0.15965828	0.27597967	-0.5853522	0.19331853	-0.18534124	0.28046966	-0.47765207	0.9999989	-0.37228754	0.09990062	-0.10735877	0.11055188	-0.3091883	0.20193364	-0.09434856
-0.19584027	0.085370965	-0.09481891	0.10436694	-0.10566047	0.1281996	-0.23405957	0.15524487	-0.16841282	0.17113757	-0.1355615	0.18639776	-0.20975688	0.19276719	-0.17211309	0.14962424	-0.22081308	0.23198159	-0.508946	0.26161805	-0.28026465	0.21338779	-0.37228754	0.99999917	-0.20330183	0.08631519	-0.09378819	0.2816277	-0.41642624	0.16401252
0.05975998	-0.026858209	0.029376317	-0.034736298	0.03396211	-0.040430825	0.0714906	-0.04937047	0.051668473	-0.06007132	0.042102117	-0.061372127	0.0627642	-0.060488466	0.05430313	-0.048126344	0.06827485	-0.07764918	0.09888563	-0.09308565	0.085048296	-0.07182872	0.09990062	-0.20330183	0.99999946	-0.030222468	0.031826384	-0.2237969	0.2159237	-0.9239474
-0.06965016	0.027428312	-0.029304868	0.029290393	-0.027765786	0.051610168	-0.07205593	0.044501036	-0.04227467	0.04659219	-0.059904963	0.073333755	-0.05286806	0.047707833	-0.03823693	0.07576055	-0.088015586	0.08796325	-0.05636701	0.060246125	-0.24964985	0.18502088	-0.10735877	0.08631519	-0.030222468	0.9999993	-0.93968695	0.07627613	-0.057050683	0.028367158
0.06671335	-0.027404314	0.029094359	-0.030513525	0.028742932	-0.05071541	0.072284095	-0.045926124	0.043592222	-0.049420632	0.056853615	-0.07688964	0.054113682	-0.04987175	0.040239833	-0.0740698	0.08966237	-0.09423126	0.059433002	-0.06452388	0.19823481	-0.23021016	0.11055188	-0.09378819	0.031826384	-0.93968695	0.9999996	-0.08415187	0.06026041	-0.030199038
-0.14706823	0.06162741	-0.06828031	0.06899653	-0.06878259	0.096800424	-0.17046075	0.10511685	-0.10727084	0.108849734	-0.10355774	0.1402744	-0.13689344	0.11835746	-0.10030003	0.1154724	-0.170289	0.1827375	-0.18213047	0.14991444	-0.22222356	0.17546488	-0.3091883	0.2816277	-0.2237969	0.07627613	-0.08415187	0.9999997	-0.7762345	0.1891129
0.105032444	-0.046734855	0.05110244	-0.059041016	0.057636242	-0.07135767	0.12588587	-0.08537592	0.08851908	-0.10083694	0.07496071	-0.109910704	0.10864931	-0.1041002	0.09005745	-0.08615496	0.1254467	-0.1489119	0.1715273	-0.15182118	0.15475206	-0.13649224	0.20193364	-0.41642624	0.2159237	-0.057050683	0.06026041	-0.7762345	0.99999976	-0.2812381
-0.058386255	0.025641011	-0.028224215	0.031774223	-0.031410042	0.038895495	-0.068933725	0.046041727	-0.048190404	0.053352922	-0.040722813	0.057477362	-0.05934396	0.055149283	-0.04933716	0.045890696	-0.06502125	0.07101764	-0.091269456	0.080069445	-0.08294978	0.06672004	-0.09434856	0.16401252	-0.9239474	0.028367158	-0.030199038	0.1891129	-0.2812381	0.99999976
