0.99999994	-0.6474031	0.25844413	-0.28921455	0.20923014	-0.4461228	0.27496296	-0.21736826	0.1880383	-0.1883051	0.19165479	-0.18012157	0.20097198	-0.16917881	0.15880328	-0.16382849	0.13438593	-0.22251303	0.21508852	-0.2010759	0.07538519	-0.11766513	0.13666494	-0.21963982	0.10928455	-0.08368542	0.12229788	-0.0999007	0.10382819	-0.1330179
-0.6474031	1.0	-0.48402193	0.2738616	-0.23706426	0.2568974	-0.31944758	0.2150788	-0.20101447	0.17280297	-0.19634101	0.16598062	-0.21151939	0.16402858	-0.1511978	0.13034943	-0.11410309	0.16985081	-0.21442826	0.16505742	-0.060554553	0.093543164	-0.10920529	0.16405687	-0.089371786	0.065693244	-0.100754	0.07858966	-0.08376496	0.10440067
0.25844413	-0.48402193	1.0	-0.6979612	0.24262536	-0.16212986	0.16891962	-0.30987546	0.22448705	-0.19866835	0.12773517	-0.1171846	0.19621423	-0.1682795	0.14992762	-0.10722274	0.09026718	-0.1523938	0.18009083	-0.1726277	0.051316127	-0.080471426	0.0951147	-0.1505039	0.08651331	-0.056518808	0.08549619	-0.070558086	0.07448698	-0.10322094
-0.28921455	0.2738616	-0.6979612	1.0000001	-0.43387347	0.15346663	-0.164844	0.24091281	-0.28720292	0.2292019	-0.13598412	0.118443474	-0.2182447	0.18352911	-0.17726102	0.108789764	-0.093035586	0.15481554	-0.21077275	0.18252121	-0.05310859	0.083000645	-0.09877692	0.15334344	-0.09231742	0.05811243	-0.08974015	0.07313024	-0.078140534	0.107348844
0.20923014	-0.23706426	0.24262536	-0.43387347	0.99999994	-0.14264794	0.14242952	-0.22959116	0.2409344	-0.63137066	0.13089997	-0.11956073	0.21529093	-0.21417913	0.27883568	-0.13489507	0.11096413	-0.20518613	0.23440242	-0.3433621	0.06897371	-0.10952779	0.13079046	-0.21731757	0.15072928	-0.07691018	0.117200956	-0.10420838	0.110184416	-0.18379638
-0.4461228	0.2568974	-0.16212986	0.15346663	-0.14264794	0.9999999	-0.74497116	0.19230193	-0.16681622	0.1230243	-0.30629024	0.2407062	-0.18614776	0.13530123	-0.11136801	0.135407	-0.1251188	0.14750642	-0.162705	0.12346346	-0.055252858	0.084525555	-0.09485475	0.13361973	-0.068435974	0.058885437	-0.08867878	0.06558524	-0.06937235	0.08022211
0.27496296	-0.31944758	0.16891962	-0.164844	0.14242952	-0.74497116	1.0000001	-0.2645519	0.17388676	-0.1291583	0.2585903	-0.36294827	0.18935506	-0.14382033	0.11334531	-0.14697532	0.13200715	-0.15607898	0.15975833	-0.12817669	0.05692255	-0.08813898	0.09739441	-0.13812812	0.07012313	-0.06105651	0.09000777	-0.06731447	0.07063349	-0.08272575
-0.21736826	0.2150788	-0.30987546	0.24091281	-0.22959116	0.19230193	-0.2645519	0.99999994	-0.65516806	0.21983606	-0.16825052	0.16007087	-0.47688803	0.28819633	-0.19465089	0.12405941	-0.108492814	0.17458878	-0.23967007	0.18494946	-0.05766723	0.09040295	-0.10768649	0.16340074	-0.09345965	0.06274484	-0.09603871	0.076941915	-0.08173451	0.10760867
0.1880383	-0.20101447	0.22448705	-0.28720292	0.2409344	-0.16681622	0.17388676	-0.65516806	0.99999994	-0.3373961	0.13906737	-0.13536118	0.3091064	-0.45654026	0.224839	-0.123214096	0.10378958	-0.18370508	0.24000631	-0.21894538	0.05884119	-0.09301478	0.11133311	-0.17706595	0.10389138	-0.06476326	0.09821452	-0.081618674	0.0862552	-0.12086398
-0.1883051	0.17280297	-0.19866835	0.2292019	-0.63137066	0.1230243	-0.1291583	0.21983606	-0.3373961	0.99999994	-0.1204986	0.10782847	-0.23772	0.23575123	-0.52259713	0.10918424	-0.09264868	0.16356365	-0.24376714	0.2804952	-0.055856865	0.088150695	-0.10634283	0.16763225	-0.13098356	0.061350156	-0.09667714	0.08246343	-0.08967756	0.14038329
0.19165479	-0.19634101	0.12773517	-0.13598412	0.13089997	-0.30629024	0.2585903	-0.16825052	0.13906737	-0.1204986	1.0000001	-0.7892856	0.19588813	-0.14948429	0.1125146	-0.2958062	0.22825645	-0.21046577	0.1745651	-0.13175727	0.084429875	-0.12710167	0.13029884	-0.16644709	0.07707975	-0.08900103	0.12323448	-0.08534127	0.08855744	-0.090717524
-0.18012157	0.16598062	-0.1171846	0.118443474	-0.11956073	0.2407062	-0.36294827	0.16007087	-0.13536118	0.10782847	-0.7892856	1.0	-0.23415036	0.14248331	-0.1034914	0.22619577	-0.28114486	0.17860998	-0.16501166	0.11495477	-0.074125186	0.113840215	-0.117182106	0.14064117	-0.06731803	0.075643726	-0.112769164	0.07458128	-0.07845575	0.07813057
0.20097198	-0.21151939	0.19621423	-0.2182447	0.21529093	-0.18614776	0.18935506	-0.47688803	0.3091064	-0.23772	0.19588813	-0.23415036	0.9999998	-0.6004666	0.23146714	-0.17588569	0.14862642	-0.27432972	0.28833622	-0.25321248	0.08019007	-0.12766255	0.15294693	-0.23749202	0.12429212	-0.088157594	0.1315434	-0.10761456	0.11226855	-0.14700577
-0.16917881	0.16402858	-0.1682795	0.18352911	-0.21417913	0.13530123	-0.14382033	0.28819633	-0.45654026	0.23575123	-0.14948429	0.14248331	-0.6004666	0.9999999	-0.3499307	0.13081174	-0.112379335	0.20474334	-0.4398864	0.24065222	-0.06345401	0.100714624	-0.123136394	0.19328882	-0.11416687	0.06946576	-0.106937945	0.08816404	-0.093829095	0.12853928
0.15880328	-0.1511978	0.14992762	-0.17726102	0.27883568	-0.11136801	0.11334531	-0.19465089	0.224839	-0.52259713	0.1125146	-0.1034914	0.23146714	-0.3499307	0.99999976	-0.11228047	0.0942401	-0.17299828	0.24365334	-0.6320422	0.059134323	-0.094487235	0.11416379	-0.18531723	0.18399021	-0.06540888	0.10376144	-0.09521166	0.10359143	-0.2040237
-0.16382849	0.13034943	-0.10722274	0.108789764	-0.13489507	0.135407	-0.14697532	0.12405941	-0.123214096	0.10918424	-0.2958062	0.22619577	-0.17588569	0.13081174	-0.11228047	0.99999964	-0.78136384	0.26616737	-0.23848787	0.1235846	-0.189079	0.2234141	-0.21971098	0.19475406	-0.088105194	0.15700021	-0.23994759	0.12679788	-0.13791956	0.098206826
0.13438593	-0.11410309	0.09026718	-0.093035586	0.11096413	-0.1251188	0.13200715	-0.108492814	0.10378958	-0.09264868	0.22825645	-0.28114486	0.14862642	-0.112379335	0.0942401	-0.78136384	0.9999995	-0.36625418	0.19276994	-0.106502794	0.14800444	-0.27814937	0.20771912	-0.18359405	0.07612744	-0.14446793	0.20327412	-0.11498642	0.11792003	-0.08610971
-0.22251303	0.16985081	-0.1523938	0.15481554	-0.20518613	0.14750642	-0.15607898	0.17458878	-0.18370508	0.16356365	-0.21046577	0.17860998	-0.27432972	0.20474334	-0.17299828	0.26616737	-0.36625418	0.99999946	-0.45434004	0.18745577	-0.1608073	0.26210827	-0.5126726	0.30908903	-0.13470986	0.15573226	-0.29580852	0.18831754	-0.20802969	0.14774454
0.21508852	-0.21442826	0.18009083	-0.21077275	0.23440242	-0.162705	0.15975833	-0.23967007	0.24000631	-0.24376714	0.1745651	-0.16501166	0.28833622	-0.4398864	0.24365334	-0.23848787	0.19276994	-0.45434004	0.9999993	-0.3304087	0.11940812	-0.19354929	0.24257633	-0.43445015	0.17457144	-0.1331659	0.19815296	-0.16765964	0.17333594	-0.20841205
-0.2010759	0.16505742	-0.1726277	0.18252121	-0.3433621	0.12346346	-0.12817669	0.18494946	-0.21894538	0.2804952	-0.13175727	0.11495477	-0.25321248	0.24065222	-0.6320422	0.1235846	-0.106502794	0.18745577	-0.3304087	0.99999917	-0.06884656	0.109251186	-0.13437605	0.20655392	-0.37579477	0.07502405	-0.12692918	0.11348847	-0.13241385	0.24902064
0.07538519	-0.060554553	0.051316127	-0.05310859	0.06897371	-0.055252858	0.05692255	-0.05766723	0.05884119	-0.055856865	0.084429875	-0.074125186	0.08019007	-0.06345401	0.059134323	-0.189079	0.14800444	-0.1608073	0.11940812	-0.06884656	0.999999	-0.34241992	0.17412955	-0.1574035	0.05876358	-0.8697744	0.24407536	-0.11558681	0.111015655	-0.066651985
-0.11766513	0.093543164	-0.080471426	0.083000645	-0.10952779	0.084525555	-0.08813898	0.09040295	-0.09301478	0.088150695	-0.12710167	0.113840215	-0.12766255	0.100714624	-0.094487235	0.2234141	-0.27814937	0.26210827	-0.19354929	0.109251186	-0.34241992	0.99999946	-0.50203264	0.2598647	-0.09837443	0.25114825	-0.62142843	0.21218215	-0.20766869	0.10954645
0.13666494	-0.10920529	0.0951147	-0.09877692	0.13079046	-0.09485475	0.09739441	-0.10768649	0.11133311	-0.10634283	0.13029884	-0.117182106	0.15294693	-0.123136394	0.11416379	-0.21971098	0.20771912	-0.5126726	0.24257633	-0.13437605	0.17412955	-0.50203264	0.9999994	-0.51620907	0.1225833	-0.1848128	0.29828337	-0.27272546	0.22322232	-0.13749593
-0.21963982	0.16405687	-0.1505039	0.15334344	-0.21731757	0.13361973	-0.13812812	0.16340074	-0.17706595	0.16763225	-0.16644709	0.14064117	-0.23749202	0.19328882	-0.18531723	0.19475406	-0.18359405	0.30908903	-0.43445015	0.20655392	-0.1574035	0.2598647	-0.51620907	0.9999989	-0.22420123	0.15710281	-0.34117952	0.2492026	-0.34840134	0.20480153
0.10928455	-0.089371786	0.08651331	-0.09231742	0.15072928	-0.068435974	0.07012313	-0.09345965	0.10389138	-0.13098356	0.07707975	-0.06731803	0.12429212	-0.11416687	0.18399021	-0.088105194	0.07612744	-0.13470986	0.17457144	-0.37579477	0.05876358	-0.09837443	0.1225833	-0.22420123	0.999999	-0.06525364	0.11776213	-0.1483222	0.17116281	-0.8360586
-0.08368542	0.065693244	-0.056518808	0.05811243	-0.07691018	0.058885437	-0.06105651	0.06274484	-0.06476326	0.061350156	-0.08900103	0.075643726	-0.088157594	0.06946576	-0.06540888	0.15700021	-0.14446793	0.15573226	-0.1331659	0.07502405	-0.8697744	0.25114825	-0.1848128	0.15710281	-0.06525364	0.99999917	-0.33440548	0.12882446	-0.13214348	0.07279858
0.12229788	-0.100754	0.08549619	-0.08974015	0.117200956	-0.08867878	0.09000777	-0.09603871	0.09821452	-0.09667714	0.12323448	-0.112769164	0.1315434	-0.106937945	0.10376144	-0.23994759	0.20327412	-0.29580852	0.19815296	-0.12692918	0.24407536	-0.62142843	0.29828337	-0.34117952	0.11776213	-0.33440548	0.9999991	-0.38999894	0.249163	-0.14117306
-0.0999007	0.07858966	-0.070558086	0.07313024	-0.10420838	0.06558524	-0.06731447	0.076941915	-0.081618674	0.08246343	-0.08534127	0.07458128	-0.10761456	0.08816404	-0.09521166	0.12679788	-0.11498642	0.18831754	-0.16765964	0.11348847	-0.11558681	0.21218215	-0.27272546	0.2492026	-0.1483222	0.12882446	-0.38999894	0.999999	-0.80190796	0.16468744
0.10382819	-0.08376496	0.07448698	-0.078140534	0.110184416	-0.06937235	0.07063349	-0.08173451	0.0862552	-0.08967756	0.08855744	-0.07845575	0.11226855	-0.093829095	0.10359143	-0.13791956	0.11792003	-0.20802969	0.17333594	-0.13241385	0.111015655	-0.20766869	0.22322232	-0.34840134	0.17116281	-0.13214348	0.249163	-0.80190796	0.9999989	-0.25216505
-0.1330179	0.10440067	-0.10322094	0.107348844	-0.18379638	0.08022211	-0.08272575	0.10760867	-0.12086398	0.14038329	-0.090717524	0.07813057	-0.14700577	0.12853928	-0.2040237	0.098206826	-0.08610971	0.14774454	-0.20841205	0.24902064	-0.066651985	0.10954645	-0.13749593	0.20480153	-0.8360586	0.07279858	-0.14117306	0.16468744	-0.25216505	0.9999989
