1.0000001	-0.4082427	0.18742688	-0.11067367	0.068484135	-0.8500272	0.24711925	-0.15329519	0.10230852	-0.07072852	0.09273004	-0.117186226	0.10775162	-0.062060535	0.047989372	-0.04358395	0.04583047	-0.05877192	0.03851677	-0.034060307	0.034900412	-0.03889543	0.031779364	-0.051944397	0.038044203	-0.027701393	0.046874873	-0.04015697	0.036836915	-0.059264485
-0.4082427	1.0000002	-0.57726324	0.19478433	-0.12825607	0.27200165	-0.54518056	0.28094083	-0.19462018	0.12287856	-0.13649969	0.19628985	-0.20540793	0.09894127	-0.079247676	0.06610362	-0.071954586	0.088332474	-0.05904622	0.05315381	-0.05373695	0.05776016	-0.04771907	0.076883614	-0.060072754	0.042151127	-0.07254834	0.058928095	-0.05473422	0.085380405
0.18742688	-0.57726324	1.0000001	-0.3509838	0.1645793	-0.21137615	0.30538037	-0.56437874	0.24572483	-0.17019483	0.13303635	-0.22540627	0.2136859	-0.11749908	0.091344625	-0.07016512	0.075279355	-0.0965822	0.064376935	-0.060008198	0.056027144	-0.06164513	0.05085556	-0.084083796	0.06674716	-0.044209946	0.07552654	-0.06305259	0.058702428	-0.091844045
-0.11067367	0.19478433	-0.3509838	1.0000001	-0.5545872	0.115165286	-0.22814067	0.24816826	-0.59399724	0.3140226	-0.149294	0.14838685	-0.16107726	0.16374144	-0.14558476	0.06682469	-0.07272371	0.097074896	-0.07140804	0.08147459	-0.061322257	0.06338294	-0.05345752	0.091620065	-0.09276929	0.04758345	-0.08732296	0.06665912	-0.06431828	0.09877187
0.068484135	-0.12825607	0.1645793	-0.5545872	1.0	-0.076948754	0.13361575	-0.16194059	0.30411753	-0.73517644	0.10466591	-0.101073526	0.10167306	-0.15177584	0.13218561	-0.04862075	0.052455444	-0.075925566	0.056921225	-0.07371999	0.045213282	-0.04816105	0.04078394	-0.074056946	0.07576112	-0.03522339	0.06468552	-0.05155829	0.050150596	-0.07826745
-0.8500272	0.27200165	-0.21137615	0.115165286	-0.076948754	1.0	-0.3628309	0.1624651	-0.11672163	0.076483466	-0.11432469	0.13148975	-0.12870164	0.06889588	-0.05418697	0.04981796	-0.052874852	0.06600554	-0.043464772	0.038233552	-0.040112082	0.04395906	-0.036006484	0.058170747	-0.04301298	0.03167942	-0.053909294	0.045239534	-0.041569058	0.06646045
0.24711925	-0.54518056	0.30538037	-0.22814067	0.13361575	-0.3628309	0.9999997	-0.45366096	0.20922947	-0.15126674	0.16454792	-0.39056203	0.26422703	-0.1272719	0.09616917	-0.09325048	0.09949659	-0.12054237	0.07816906	-0.067816086	0.069822945	-0.07832206	0.0637918	-0.1033985	0.075335465	-0.055499755	0.09199721	-0.07910862	0.072591215	-0.114641026
-0.15329519	0.28094083	-0.56437874	0.24816826	-0.16194059	0.1624651	-0.45366096	0.99999934	-0.38291642	0.1729835	-0.14573656	0.26728153	-0.4189302	0.12551312	-0.0991842	0.0765078	-0.084426485	0.10498793	-0.070635244	0.06348316	-0.06051506	0.06545636	-0.054579344	0.08829487	-0.07145674	0.04740205	-0.08114285	0.06623178	-0.062087987	0.09517088
0.10230852	-0.19462018	0.24572483	-0.59399724	0.30411753	-0.11672163	0.20922947	-0.38291642	0.9999991	-0.51547354	0.14574437	-0.16933843	0.17056099	-0.23857048	0.16626078	-0.070237644	0.07577363	-0.10752593	0.07981928	-0.09299354	0.0630412	-0.06744718	0.05695746	-0.1015789	0.10083402	-0.04920473	0.08916653	-0.071315184	0.0689884	-0.10658484
-0.07072852	0.12287856	-0.17019483	0.3140226	-0.73517644	0.076483466	-0.15126674	0.1729835	-0.51547354	0.99999887	-0.117769435	0.10603403	-0.114287145	0.17225377	-0.18851818	0.052793846	-0.057430793	0.08184421	-0.06354335	0.08806047	-0.050159737	0.052128695	-0.04450786	0.08090822	-0.092978865	0.038848054	-0.07241823	0.055822916	-0.055113964	0.084506355
0.09273004	-0.13649969	0.13303635	-0.149294	0.10466591	-0.11432469	0.16454792	-0.14573656	0.14574437	-0.117769435	0.9999989	-0.223676	0.17622009	-0.2744388	0.18964997	-0.3180593	0.24865691	-0.3880294	0.23569702	-0.1863264	0.20885624	-0.27433077	0.21425807	-0.36358166	0.20093319	-0.17652696	0.27043474	-0.29862863	0.26081505	-0.4790216
-0.117186226	0.19628985	-0.22540627	0.14838685	-0.101073526	0.13148975	-0.39056203	0.26728153	-0.16933843	0.10603403	-0.223676	0.9999985	-0.7863255	0.11777057	-0.09180091	0.13065794	-0.16775471	0.1440909	-0.09236575	0.06755587	-0.085560404	0.09275086	-0.076051794	0.11175157	-0.07673624	0.066633806	-0.10590299	0.08810696	-0.0807781	0.12171982
0.10775162	-0.20540793	0.2136859	-0.16107726	0.10167306	-0.12870164	0.26422703	-0.4189302	0.17056099	-0.114287145	0.17622009	-0.7863255	0.9999987	-0.12610596	0.09302263	-0.116896436	0.12774152	-0.16165014	0.09488274	-0.0682297	0.07812711	-0.0885555	0.073136814	-0.11373494	0.07662565	-0.061840393	0.09916336	-0.08548059	0.0786654	-0.118259154
-0.062060535	0.09894127	-0.11749908	0.16374144	-0.15177584	0.06889588	-0.1272719	0.12551312	-0.23857048	0.17225377	-0.2744388	0.11777057	-0.12610596	0.9999988	-0.7470421	0.107457	-0.119391054	0.18622683	-0.1992701	0.26718968	-0.120043404	0.115298934	-0.10373071	0.20449886	-0.33141518	0.09094967	-0.18394975	0.12741184	-0.13680221	0.19321933
0.047989372	-0.079247676	0.091344625	-0.14558476	0.13218561	-0.05418697	0.09616917	-0.0991842	0.16626078	-0.18851818	0.18964997	-0.09180091	0.09302263	-0.7470421	0.9999986	-0.08257166	0.0906381	-0.16685845	0.15404962	-0.4599749	0.08930297	-0.09460674	0.08473496	-0.194018	0.27458775	-0.0683923	0.1346209	-0.10831556	0.11534075	-0.17959324
-0.04358395	0.06610362	-0.07016512	0.06682469	-0.04862075	0.04981796	-0.09325048	0.0765078	-0.070237644	0.052793846	-0.3180593	0.13065794	-0.116896436	0.107457	-0.08257166	0.99999833	-0.81550944	0.19454472	-0.12266614	0.07618709	-0.3172723	0.19652034	-0.15126622	0.15257834	-0.08705941	0.18327816	-0.21600637	0.14884736	-0.12738092	0.17842884
0.04583047	-0.071954586	0.075279355	-0.07272371	0.052455444	-0.052874852	0.09949659	-0.084426485	0.07577363	-0.057430793	0.24865691	-0.16775471	0.12774152	-0.119391054	0.0906381	-0.81550944	0.9999985	-0.26281512	0.1427098	-0.08527609	0.21816857	-0.26942438	0.17163053	-0.18095498	0.09658592	-0.17621385	0.19642714	-0.17129576	0.14094496	-0.19429155
-0.05877192	0.088332474	-0.0965822	0.097074896	-0.075925566	0.06600554	-0.12054237	0.10498793	-0.10752593	0.08184421	-0.3880294	0.1440909	-0.16165014	0.18622683	-0.16685845	0.19454472	-0.26281512	0.99999845	-0.6406757	0.14874022	-0.20066	0.21787135	-0.2644036	0.3159716	-0.18352537	0.14698759	-0.28504738	0.209443	-0.22301771	0.23391129
0.03851677	-0.05904622	0.064376935	-0.07140804	0.056921225	-0.043464772	0.07816906	-0.070635244	0.07981928	-0.06354335	0.23569702	-0.09236575	0.09488274	-0.1992701	0.15404962	-0.12266614	0.1427098	-0.6406757	0.9999984	-0.17138231	0.12366257	-0.14784192	0.14899659	-0.63480777	0.18229605	-0.09317297	0.1785245	-0.16238996	0.17891996	-0.18487032
-0.034060307	0.05315381	-0.060008198	0.08147459	-0.07371999	0.038233552	-0.067816086	0.06348316	-0.09299354	0.08806047	-0.1863264	0.06755587	-0.0682297	0.26718968	-0.4599749	0.07618709	-0.08527609	0.14874022	-0.17138231	0.9999983	-0.08793771	0.0873986	-0.08147007	0.19603217	-0.7835992	0.06640384	-0.13551207	0.10186688	-0.12088371	0.17341182
0.034900412	-0.05373695	0.056027144	-0.061322257	0.045213282	-0.040112082	0.069822945	-0.06051506	0.0630412	-0.050159737	0.20885624	-0.085560404	0.07812711	-0.120043404	0.08930297	-0.3172723	0.21816857	-0.20066	0.12366257	-0.08793771	0.99999845	-0.2720621	0.17274955	-0.17985307	0.09908423	-0.7446747	0.30793127	-0.20684463	0.15737736	-0.243509
-0.03889543	0.05776016	-0.06164513	0.06338294	-0.04816105	0.04395906	-0.07832206	0.06545636	-0.06744718	0.052128695	-0.27433077	0.09275086	-0.0885555	0.115298934	-0.09460674	0.19652034	-0.26942438	0.21787135	-0.14784192	0.0873986	-0.2720621	0.9999982	-0.74227756	0.17891328	-0.10480431	0.17890404	-0.31576613	0.27696028	-0.23879291	0.21563025
0.031779364	-0.04771907	0.05085556	-0.05345752	0.04078394	-0.036006484	0.0637918	-0.054579344	0.05695746	-0.04450786	0.21425807	-0.076051794	0.073136814	-0.10373071	0.08473496	-0.15126622	0.17163053	-0.2644036	0.14899659	-0.08147007	0.17274955	-0.74227756	0.9999985	-0.18332037	0.09711088	-0.13325682	0.22033396	-0.47303796	0.2305927	-0.21262534
-0.051944397	0.076883614	-0.084083796	0.091620065	-0.074056946	0.058170747	-0.1033985	0.08829487	-0.1015789	0.08090822	-0.36358166	0.11175157	-0.11373494	0.20449886	-0.194018	0.15257834	-0.18095498	0.3159716	-0.63480777	0.19603217	-0.17985307	0.17891328	-0.18332037	0.99999845	-0.2966125	0.13328107	-0.272413	0.21740791	-0.32919842	0.2572467
0.038044203	-0.060072754	0.06674716	-0.09276929	0.07576112	-0.04301298	0.075335465	-0.07145674	0.10083402	-0.092978865	0.20093319	-0.07673624	0.07662565	-0.33141518	0.27458775	-0.08705941	0.09658592	-0.18352537	0.18229605	-0.7835992	0.09908423	-0.10480431	0.09711088	-0.2966125	0.99999857	-0.07530482	0.15158856	-0.12719953	0.15015224	-0.25913787
-0.027701393	0.042151127	-0.044209946	0.04758345	-0.03522339	0.03167942	-0.055499755	0.04740205	-0.04920473	0.038848054	-0.17652696	0.066633806	-0.061840393	0.09094967	-0.0683923	0.18327816	-0.17621385	0.14698759	-0.09317297	0.06640384	-0.7446747	0.17890404	-0.13325682	0.13328107	-0.07530482	0.9999987	-0.5480951	0.15499684	-0.12185546	0.1820749
0.046874873	-0.07254834	0.07552654	-0.08732296	0.06468552	-0.053909294	0.09199721	-0.08114285	0.08916653	-0.07241823	0.27043474	-0.10590299	0.09916336	-0.18394975	0.1346209	-0.21600637	0.19642714	-0.28504738	0.1785245	-0.13551207	0.30793127	-0.31576613	0.22033396	-0.272413	0.15158856	-0.5480951	0.9999984	-0.33457968	0.24101546	-0.40367475
-0.04015697	0.058928095	-0.06305259	0.06665912	-0.05155829	0.045239534	-0.07910862	0.06623178	-0.071315184	0.055822916	-0.29862863	0.08810696	-0.08548059	0.12741184	-0.10831556	0.14884736	-0.17129576	0.209443	-0.16238996	0.10186688	-0.20684463	0.27696028	-0.47303796	0.21740791	-0.12719953	0.15499684	-0.33457968	0.9999985	-0.63458484	0.28962788
0.036836915	-0.05473422	0.058702428	-0.06431828	0.050150596	-0.041569058	0.072591215	-0.062087987	0.0689884	-0.055113964	0.26081505	-0.0807781	0.0786654	-0.13680221	0.11534075	-0.12738092	0.14094496	-0.22301771	0.17891996	-0.12088371	0.15737736	-0.23879291	0.2305927	-0.32919842	0.15015224	-0.12185546	0.24101546	-0.63458484	0.9999985	-0.54997426
-0.059264485	0.085380405	-0.091844045	0.09877187	-0.07826745	0.06646045	-0.114641026	0.09517088	-0.10658484	0.084506355	-0.4790216	0.12171982	-0.118259154	0.19321933	-0.17959324	0.17842884	-0.19429155	0.23391129	-0.18487032	0.17341182	-0.243509	0.21563025	-0.21262534	0.2572467	-0.25913787	0.1820749	-0.40367475	0.28962788	-0.54997426	0.9999985
