1.0000001	-0.23943494	0.1543877	-0.07769641	0.06290996	-0.9386322	0.1825403	-0.11344304	0.079643406	-0.056651235	0.012396115	-0.10496762	0.06860363	-0.061396945	0.047312327	-0.010772587	0.033782236	-0.031923532	0.04276234	-0.047717806	0.011531695	-0.012417868	0.024405388	-0.040221274	0.037302554	-0.0070888586	0.007846576	-0.021897277	0.024623817	-0.025785595
-0.23943494	1.0	-0.70557076	0.1973334	-0.15390088	0.19163054	-0.53227115	0.22682428	-0.19753093	0.12423981	-0.020686451	0.20089433	-0.14081629	0.12776671	-0.10205782	0.017682217	-0.06863539	0.06424317	-0.08884243	0.098391324	-0.022550896	0.0241113	-0.049764633	0.08176097	-0.07750054	0.013909049	-0.015558828	0.044315208	-0.050540693	0.052559774
0.1543877	-0.70557076	1.0000001	-0.36919796	0.19884373	-0.16985011	0.30216655	-0.3087886	0.24157995	-0.17991973	0.0270559	-0.28400645	0.1810753	-0.17812906	0.13735549	-0.023252593	0.09033617	-0.086756416	0.11938424	-0.13874532	0.029955259	-0.032257073	0.06691207	-0.11398166	0.10383397	-0.01868678	0.020835698	-0.060542814	0.06832288	-0.072357975
-0.07769641	0.1973334	-0.36919796	0.99999976	-0.5302287	0.0780255	-0.21749265	0.22897227	-0.63387734	0.2606807	-0.025978284	0.19272518	-0.15705085	0.20355079	-0.18349858	0.022113107	-0.08942935	0.08331348	-0.1325032	0.15312114	-0.02951974	0.031404786	-0.068858586	0.1180855	-0.11563644	0.018400932	-0.020704139	0.061074983	-0.072579265	0.075450554
0.06290996	-0.15390088	0.19884373	-0.5302287	0.9999994	-0.06529645	0.17394285	-0.21475218	0.2975506	-0.63229907	0.03066854	-0.21524554	0.16478518	-0.28048578	0.2608028	-0.026232451	0.105510846	-0.10119637	0.16927744	-0.2327695	0.03521611	-0.037793133	0.08594637	-0.16167776	0.14937194	-0.022447683	0.025169222	-0.078211345	0.093292885	-0.10074902
-0.9386322	0.19163054	-0.16985011	0.0780255	-0.06529645	0.9999994	-0.22574039	0.11049001	-0.08344721	0.056427397	-0.0126672285	0.100528255	-0.06851338	0.060757197	-0.047630783	0.010934617	-0.033927005	0.031741522	-0.042840064	0.047218043	-0.011583245	0.01244269	-0.024407966	0.03978992	-0.037469264	0.007094626	-0.007858864	0.021779934	-0.024621045	0.025625376
0.1825403	-0.53227115	0.30216655	-0.21749265	0.17394285	-0.22574039	0.9999997	-0.51030314	0.22975054	-0.17092998	0.03177469	-0.41984808	0.25415352	-0.20005666	0.14635858	-0.027320335	0.108435415	-0.104196854	0.13450396	-0.14807	0.034981545	-0.03760477	0.07643637	-0.12601765	0.11473583	-0.021576995	0.024083627	-0.06863195	0.076394476	-0.08019578
-0.11344304	0.22682428	-0.3087886	0.22897227	-0.21475218	0.11049001	-0.51030314	0.9999998	-0.4048778	0.1849588	-0.037808232	0.3220321	-0.53919524	0.23583983	-0.18295205	0.032020964	-0.13963154	0.12768793	-0.16627927	0.16110624	-0.04233937	0.04469081	-0.091239154	0.13832091	-0.1368851	0.025354734	-0.028656641	0.07844199	-0.08931995	0.08973266
0.079643406	-0.19753093	0.24157995	-0.63387734	0.2975506	-0.08344721	0.22975054	-0.4048778	0.99999976	-0.34117806	0.032994255	-0.27245808	0.22134402	-0.32669243	0.22165947	-0.028227184	0.11503702	-0.11086951	0.17380476	-0.20322712	0.037598338	-0.040297158	0.088400215	-0.1589867	0.14474708	-0.023627125	0.026494225	-0.07964679	0.09288275	-0.098540805
-0.056651235	0.12423981	-0.17991973	0.2606807	-0.63229907	0.056427397	-0.17092998	0.1849588	-0.34117806	0.9999998	-0.031714868	0.17859048	-0.15857321	0.26656765	-0.53548336	0.0268255	-0.110805094	0.10110061	-0.18468359	0.23042339	-0.03639106	0.038486898	-0.0893937	0.15392208	-0.17128292	0.02278098	-0.025800692	0.07811494	-0.09891842	0.10090877
0.012396115	-0.020686451	0.0270559	-0.025978284	0.03066854	-0.0126672285	0.03177469	-0.037808232	0.032994255	-0.031714868	1.0	-0.04936246	0.038367257	-0.04700471	0.035054453	-0.93321943	0.11586773	-0.10623218	0.054300513	-0.05237176	0.20277652	-0.23242353	0.05912134	-0.05956888	0.04505073	-0.105829954	0.09098326	-0.058747403	0.041451916	-0.044242397
-0.10496762	0.20089433	-0.28400645	0.19272518	-0.21524554	0.100528255	-0.41984808	0.3220321	-0.27245808	0.17859048	-0.04936246	1.0000001	-0.66675144	0.25082606	-0.20176724	0.041585203	-0.18975998	0.16051358	-0.19476332	0.17589995	-0.05439928	0.056953702	-0.111029655	0.15617321	-0.15982279	0.031713642	-0.035930466	0.093669005	-0.10543278	0.103443824
0.06860363	-0.14081629	0.1810753	-0.15705085	0.16478518	-0.06851338	0.25415352	-0.53919524	0.22134402	-0.15857321	0.038367257	-0.66675144	1.0000002	-0.34873727	0.18105812	-0.032864127	0.1550352	-0.17021254	0.17335507	-0.15765063	0.043278784	-0.04624063	0.09344272	-0.13961588	0.12937844	-0.025660092	0.02902506	-0.080379024	0.08663206	-0.087271675
-0.061396945	0.12776671	-0.17812906	0.20355079	-0.28048578	0.060757197	-0.20005666	0.23583983	-0.32669243	0.26656765	-0.04700471	0.25082606	-0.34873727	1.0	-0.54807764	0.039713085	-0.17994167	0.1658271	-0.4388517	0.28586432	-0.05428142	0.057187397	-0.13469543	0.23633625	-0.23655772	0.033207215	-0.037861887	0.113692485	-0.14409043	0.13972895
0.047312327	-0.10205782	0.13735549	-0.18349858	0.2608028	-0.047630783	0.14635858	-0.18295205	0.22165947	-0.53548336	0.035054453	-0.20176724	0.18105812	-0.54807764	0.99999994	-0.029806118	0.12691891	-0.12147409	0.24489398	-0.46141878	0.040693913	-0.043339044	0.10498265	-0.20281622	0.21125692	-0.02569298	0.029053146	-0.09334245	0.11864644	-0.12668611
-0.010772587	0.017682217	-0.023252593	0.022113107	-0.026232451	0.010934617	-0.027320335	0.032020964	-0.028227184	0.0268255	-0.93321943	0.041585203	-0.032864127	0.039713085	-0.029806118	0.9999996	-0.11818258	0.091891676	-0.046914365	0.04395725	-0.26010403	0.1913252	-0.051683538	0.050159704	-0.03849835	0.09416502	-0.08676418	0.049768925	-0.03546372	0.037168436
0.033782236	-0.06863539	0.09033617	-0.08942935	0.105510846	-0.033927005	0.108435415	-0.13963154	0.11503702	-0.110805094	0.11586773	-0.18975998	0.1550352	-0.17994167	0.12691891	-0.11818258	0.99999964	-0.82694405	0.22047351	-0.19269341	0.14048432	-0.1893941	0.2115523	-0.22581336	0.15556161	-0.07771251	0.08594747	-0.2107552	0.14043877	-0.15175028
-0.031923532	0.06424317	-0.086756416	0.08331348	-0.10119637	0.031741522	-0.104196854	0.12768793	-0.11086951	0.10110061	-0.10623218	0.16051358	-0.17021254	0.1658271	-0.12147409	0.091891676	-0.82694405	0.99999964	-0.28816012	0.1698474	-0.12606573	0.13372087	-0.28580374	0.2035742	-0.15073591	0.06587877	-0.07678782	0.19154136	-0.13684446	0.133327
0.04276234	-0.08884243	0.11938424	-0.1325032	0.16927744	-0.042840064	0.13450396	-0.16627927	0.17380476	-0.18468359	0.054300513	-0.19476332	0.17335507	-0.4388517	0.24489398	-0.046914365	0.22047351	-0.28816012	0.9999997	-0.44738862	0.06453867	-0.070218176	0.17963506	-0.59245753	0.2767065	-0.040714663	0.045957446	-0.16108866	0.19294901	-0.19683208
-0.047717806	0.098391324	-0.13874532	0.15312114	-0.2327695	0.047218043	-0.14807	0.16110624	-0.20322712	0.23042339	-0.05237176	0.17589995	-0.15765063	0.28586432	-0.46141878	0.04395725	-0.19269341	0.1698474	-0.44738862	0.9999999	-0.06149528	0.06438405	-0.17150281	0.29012057	-0.54628825	0.0384886	-0.044003546	0.14535242	-0.2137278	0.21490063
0.011531695	-0.022550896	0.029955259	-0.02951974	0.03521611	-0.011583245	0.034981545	-0.04233937	0.037598338	-0.03639106	0.20277652	-0.05439928	0.043278784	-0.05428142	0.040693913	-0.26010403	0.14048432	-0.12606573	0.06453867	-0.06149528	1.0000001	-0.8267397	0.08584114	-0.072470635	0.05497617	-0.3463821	0.2490922	-0.08462777	0.054147538	-0.056157965
-0.012417868	0.0241113	-0.032257073	0.031404786	-0.037793133	0.01244269	-0.03760477	0.04469081	-0.040297158	0.038486898	-0.23242353	0.056953702	-0.04624063	0.057187397	-0.043339044	0.1913252	-0.1893941	0.13372087	-0.070218176	0.06438405	-0.8267397	1.0000001	-0.10214954	0.07645186	-0.059444293	0.25092414	-0.34351167	0.091612056	-0.05921672	0.059355617
0.024405388	-0.049764633	0.06691207	-0.068858586	0.08594637	-0.024407966	0.07643637	-0.091239154	0.088400215	-0.0893937	0.05912134	-0.111029655	0.09344272	-0.13469543	0.10498265	-0.051683538	0.2115523	-0.28580374	0.17963506	-0.17150281	0.08584114	-0.10214954	0.99999976	-0.28403762	0.18646426	-0.0717209	0.07918407	-0.8047978	0.25595218	-0.2571869
-0.040221274	0.08176097	-0.11398166	0.1180855	-0.16167776	0.03978992	-0.12601765	0.13832091	-0.1589867	0.15392208	-0.05956888	0.15617321	-0.13961588	0.23633625	-0.20281622	0.050159704	-0.22581336	0.2035742	-0.59245753	0.29012057	-0.072470635	0.07645186	-0.28403762	0.9999998	-0.47066432	0.046964604	-0.05385272	0.21433637	-0.3674087	0.2635999
0.037302554	-0.07750054	0.10383397	-0.11563644	0.14937194	-0.037469264	0.11473583	-0.1368851	0.14474708	-0.17128292	0.04505073	-0.15982279	0.12937844	-0.23655772	0.21125692	-0.03849835	0.15556161	-0.15073591	0.2767065	-0.54628825	0.05497617	-0.059444293	0.18646426	-0.47066432	0.9999996	-0.03838152	0.04301802	-0.18942069	0.27494386	-0.49875498
-0.0070888586	0.013909049	-0.01868678	0.018400932	-0.022447683	0.007094626	-0.021576995	0.025354734	-0.023627125	0.02278098	-0.105829954	0.031713642	-0.025660092	0.033207215	-0.02569298	0.09416502	-0.07771251	0.06587877	-0.040714663	0.0384886	-0.3463821	0.25092414	-0.0717209	0.046964604	-0.03838152	0.99999946	-0.8929226	0.07297891	-0.043187544	0.03977417
0.007846576	-0.015558828	0.020835698	-0.020704139	0.025169222	-0.007858864	0.024083627	-0.028656641	0.026494225	-0.025800692	0.09098326	-0.035930466	0.02902506	-0.037861887	0.029053146	-0.08676418	0.08594747	-0.07678782	0.045957446	-0.044003546	0.2490922	-0.34351167	0.07918407	-0.05385272	0.04301802	-0.8929226	0.99999934	-0.08917777	0.04860511	-0.045901276
-0.021897277	0.044315208	-0.060542814	0.061074983	-0.078211345	0.021779934	-0.06863195	0.07844199	-0.07964679	0.07811494	-0.058747403	0.093669005	-0.080379024	0.113692485	-0.09334245	0.049768925	-0.2107552	0.19154136	-0.16108866	0.14535242	-0.08462777	0.091612056	-0.8047978	0.21433637	-0.18942069	0.07297891	-0.08917777	0.9999994	-0.40508917	0.22968145
0.024623817	-0.050540693	0.06832288	-0.072579265	0.093292885	-0.024621045	0.076394476	-0.08931995	0.09288275	-0.09891842	0.041451916	-0.10543278	0.08663206	-0.14409043	0.11864644	-0.03546372	0.14043877	-0.13684446	0.19294901	-0.2137278	0.054147538	-0.05921672	0.25595218	-0.3674087	0.27494386	-0.043187544	0.04860511	-0.40508917	0.99999946	-0.7228407
-0.025785595	0.052559774	-0.072357975	0.075450554	-0.10074902	0.025625376	-0.08019578	0.08973266	-0.098540805	0.10090877	-0.044242397	0.103443824	-0.087271675	0.13972895	-0.12668611	0.037168436	-0.15175028	0.133327	-0.19683208	0.21490063	-0.056157965	0.059355617	-0.2571869	0.2635999	-0.49875498	0.03977417	-0.045901276	0.22968145	-0.7228407	0.99999946
