1.0000001	-0.65969974	0.10997563	-0.029912101	0.030456143	-0.65613824	0.30607995	-0.09673261	0.05499509	-0.047028508	0.1632792	-0.15165326	0.093721	-0.06355079	0.050499856	-0.0962521	0.12131848	-0.0948156	0.061038822	-0.07504667	0.07458503	-0.09131255	0.05294815	-0.051273692	0.030181393	-0.06451687	0.059673686	-0.045055334	0.0437421	-0.029506579
-0.65969974	1.0000002	-0.17350638	0.03953473	-0.04035646	0.32818747	-0.5928896	0.13339627	-0.07168885	0.059944898	-0.20704515	0.19247243	-0.1244944	0.07973143	-0.06387032	0.11384525	-0.16292152	0.11731003	-0.076331005	0.09160364	-0.091923274	0.10818593	-0.06518012	0.062747225	-0.03713683	0.076178074	-0.07310889	0.05488671	-0.05395815	0.036086533
0.10997563	-0.17350638	1.0000002	-0.13868032	0.118624024	-0.13464071	0.16113523	-0.8255258	0.18269199	-0.16453362	0.12730378	-0.13606562	0.26709253	-0.19060282	0.14398257	-0.09415162	0.12533715	-0.28459916	0.15641642	-0.21270391	0.083021484	-0.112024695	0.11418889	-0.12018213	0.07303062	-0.08245746	0.079621315	-0.09748212	0.097238995	-0.07250364
-0.029912101	0.03953473	-0.13868032	1.0000001	-0.91251653	0.037827913	-0.04533028	0.108219914	-0.2993052	0.20895042	-0.04545438	0.044157863	-0.089926355	0.10240232	-0.11182163	0.034277845	-0.04648874	0.09122815	-0.078544654	0.12072381	-0.032281604	0.04319781	-0.04970031	0.05437905	-0.03806972	0.032673772	-0.032907203	0.042488538	-0.046083327	0.03696023
0.030456143	-0.04035646	0.118624024	-0.91251653	1.0000002	-0.039408643	0.046232358	-0.10612672	0.23014875	-0.27153772	0.047636934	-0.04638432	0.09277699	-0.116507955	0.12323315	-0.036582947	0.049175613	-0.099813305	0.08607508	-0.14150792	0.03456522	-0.046705775	0.054230746	-0.060264822	0.04271764	-0.035459414	0.035528045	-0.046921983	0.050569795	-0.041876037
-0.65613824	0.32818747	-0.13464071	0.037827913	-0.039408643	1.0000001	-0.55290985	0.11475257	-0.072270446	0.060169827	-0.2987226	0.22109434	-0.12839606	0.082567036	-0.066417836	0.14138976	-0.18955068	0.121832505	-0.08115317	0.09557819	-0.111939505	0.12770976	-0.071617715	0.06795206	-0.039934393	0.089894146	-0.08590581	0.060278922	-0.05893058	0.03870191
0.30607995	-0.5928896	0.16113523	-0.04533028	0.046232358	-0.55290985	1.0000001	-0.16681094	0.08517651	-0.07335404	0.24825013	-0.3784279	0.15554658	-0.10241622	0.07953791	-0.15604165	0.2028843	-0.15511109	0.09665161	-0.118290335	0.11778587	-0.14958519	0.084256016	-0.081595495	0.04741257	-0.10273323	0.09366613	-0.07164031	0.06897918	-0.046458203
-0.09673261	0.13339627	-0.8255258	0.108219914	-0.10612672	0.11475257	-0.16681094	1.0000001	-0.2058308	0.14685166	-0.12092021	0.12890412	-0.39052504	0.16742429	-0.13238755	0.0831014	-0.11637687	0.22715308	-0.13796559	0.16787103	-0.07311854	0.09554585	-0.097590305	0.09974134	-0.060528405	0.06943433	-0.06848584	0.08035334	-0.08269706	0.058873035
0.05499509	-0.07168885	0.18269199	-0.2993052	0.23014875	-0.072270446	0.08517651	-0.2058308	1.0000001	-0.74691844	0.09177857	-0.08954376	0.18393604	-0.27407694	0.27547553	-0.071293786	0.09578668	-0.19852279	0.1832415	-0.32370117	0.06801239	-0.09250044	0.11138244	-0.12682964	0.092020415	-0.07030735	0.07073499	-0.097173356	0.105371304	-0.09078907
-0.047028508	0.059944898	-0.16453362	0.20895042	-0.27153772	0.060169827	-0.07335404	0.14685166	-0.74691844	0.9999999	-0.08069447	0.0768612	-0.1691668	0.23513608	-0.45285907	0.060469627	-0.0835307	0.15831988	-0.17139597	0.24382508	-0.058339495	0.0773925	-0.097114034	0.106953084	-0.07739287	0.05835491	-0.060452804	0.08103186	-0.09235953	0.0724171
0.1632792	-0.20704515	0.12730378	-0.04545438	0.047636934	-0.2987226	0.24825013	-0.12092021	0.09177857	-0.08069447	1.0000002	-0.62454224	0.18408135	-0.12575366	0.0953027	-0.46529415	0.3173167	-0.19824633	0.123787865	-0.14790097	0.23541519	-0.2863775	0.12196853	-0.114051275	0.062844425	-0.19241752	0.1589918	-0.10447158	0.09582404	-0.061889466
-0.15165326	0.19247243	-0.13606562	0.044157863	-0.04638432	0.22109434	-0.3784279	0.12890412	-0.08954376	0.0768612	-0.62454224	1.0000002	-0.2515116	0.122905485	-0.0926129	0.25726488	-0.5128763	0.19122979	-0.117417246	0.13175605	-0.18714477	0.21781485	-0.107791916	0.09986378	-0.055964433	0.13978413	-0.13080123	0.089257985	-0.08503101	0.054401416
0.093721	-0.1244944	0.26709253	-0.089926355	0.09277699	-0.12839606	0.15554658	-0.39052504	0.18393604	-0.1691668	0.18408135	-0.2515116	1.0000005	-0.3962115	0.21468239	-0.13388541	0.1872066	-0.6248014	0.25539204	-0.28030714	0.11681591	-0.15795623	0.18111804	-0.18531594	0.10241938	-0.11216901	0.11071633	-0.146531	0.14572917	-0.10003688
-0.06355079	0.07973143	-0.19060282	0.10240232	-0.116507955	0.082567036	-0.10241622	0.16742429	-0.27407694	0.23513608	-0.12575366	0.122905485	-0.3962115	1.0000006	-0.60998166	0.09169636	-0.13095294	0.2667386	-0.45639336	0.3108239	-0.08944918	0.11820439	-0.17312694	0.19501422	-0.11577442	0.086203866	-0.09173728	0.13303556	-0.1603726	0.10502412
0.050499856	-0.06387032	0.14398257	-0.11182163	0.12323315	-0.066417836	0.07953791	-0.13238755	0.27547553	-0.45285907	0.0953027	-0.0926129	0.21468239	-0.60998166	1.0000008	-0.07305254	0.100707546	-0.21411496	0.2559174	-0.49966785	0.071375914	-0.09634346	0.13170289	-0.15533215	0.11431488	-0.07180007	0.074908406	-0.11084231	0.12709582	-0.107633226
-0.0962521	0.11384525	-0.09415162	0.034277845	-0.036582947	0.14138976	-0.15604165	0.0831014	-0.071293786	0.060469627	-0.46529415	0.25726488	-0.13388541	0.09169636	-0.07305254	1.0000011	-0.49517143	0.14331734	-0.10038569	0.11015468	-0.6103125	0.29783773	-0.11258253	0.09630615	-0.052794293	0.20957333	-0.19986454	0.093225084	-0.085803494	0.051008392
0.12131848	-0.16292152	0.12533715	-0.04648874	0.049175613	-0.18955068	0.2028843	-0.11637687	0.09578668	-0.0835307	0.3173167	-0.5128763	0.1872066	-0.13095294	0.100707546	-0.49517143	1.0000008	-0.22851862	0.138082	-0.15689123	0.2817765	-0.4667131	0.15037206	-0.13422908	0.07066016	-0.23235935	0.1989736	-0.12582354	0.11224269	-0.06943656
-0.0948156	0.11731003	-0.28459916	0.09122815	-0.099813305	0.121832505	-0.15511109	0.22715308	-0.19852279	0.15831988	-0.19824633	0.19122979	-0.6248014	0.2667386	-0.21411496	0.14331734	-0.22851862	1.0000008	-0.4094756	0.2610359	-0.13784616	0.17911132	-0.3121868	0.23750241	-0.12501827	0.12576738	-0.13579318	0.18936993	-0.20648268	0.11542872
0.061038822	-0.076331005	0.15641642	-0.078544654	0.08607508	-0.08115317	0.09665161	-0.13796559	0.1832415	-0.17139597	0.123787865	-0.117417246	0.25539204	-0.45639336	0.2559174	-0.10038569	0.138082	-0.4094756	1.0000005	-0.47741735	0.10227648	-0.14597632	0.24881285	-0.485747	0.1544117	-0.10378552	0.109888025	-0.20387584	0.22600563	-0.15213309
-0.07504667	0.09160364	-0.21270391	0.12072381	-0.14150792	0.09557819	-0.118290335	0.16787103	-0.32370117	0.24382508	-0.14790097	0.13175605	-0.28030714	0.3108239	-0.49966785	0.11015468	-0.15689123	0.2610359	-0.47741735	1.0000004	-0.11316745	0.14647676	-0.22324684	0.23645383	-0.2668064	0.11003265	-0.1225486	0.17763792	-0.23535755	0.1905876
0.07458503	-0.091923274	0.083021484	-0.032281604	0.03456522	-0.111939505	0.11778587	-0.07311854	0.06801239	-0.058339495	0.23541519	-0.18714477	0.11681591	-0.08944918	0.071375914	-0.6103125	0.2817765	-0.13784616	0.10227648	-0.11316745	1.0000005	-0.5602115	0.1345112	-0.111864425	0.057017315	-0.38568366	0.25847206	-0.11333318	0.0967375	-0.055753116
-0.09131255	0.10818593	-0.112024695	0.04319781	-0.046705775	0.12770976	-0.14958519	0.09554585	-0.09250044	0.0773925	-0.2863775	0.21781485	-0.15795623	0.11820439	-0.09634346	0.29783773	-0.4667131	0.17911132	-0.14597632	0.14647676	-0.5602115	1.0000004	-0.24930839	0.15940368	-0.081107825	0.28540885	-0.41573772	0.16390012	-0.14580369	0.0774743
0.05294815	-0.06518012	0.11418889	-0.04970031	0.054230746	-0.071617715	0.084256016	-0.097590305	0.11138244	-0.097114034	0.12196853	-0.107791916	0.18111804	-0.17312694	0.13170289	-0.11258253	0.15037206	-0.3121868	0.24881285	-0.22324684	0.1345112	-0.24930839	1.0000006	-0.5613523	0.14243728	-0.13415845	0.15119722	-0.589712	0.31084043	-0.1452981
-0.051273692	0.062747225	-0.12018213	0.05437905	-0.060264822	0.06795206	-0.081595495	0.09974134	-0.12682964	0.106953084	-0.114051275	0.09986378	-0.18531594	0.19501422	-0.15533215	0.09630615	-0.13422908	0.23750241	-0.485747	0.23645383	-0.111864425	0.15940368	-0.5613523	1.0	-0.19353774	0.10881751	-0.1268183	0.30026054	-0.4882018	0.1712009
0.030181393	-0.03713683	0.07303062	-0.03806972	0.04271764	-0.039934393	0.04741257	-0.060528405	0.092020415	-0.07739287	0.062844425	-0.055964433	0.10241938	-0.11577442	0.11431488	-0.052794293	0.07066016	-0.12501827	0.1544117	-0.2668064	0.057017315	-0.081107825	0.14243728	-0.19353774	0.99999964	-0.064376555	0.069304734	-0.1852731	0.22175261	-0.8868095
-0.06451687	0.076178074	-0.08245746	0.032673772	-0.035459414	0.089894146	-0.10273323	0.06943433	-0.07030735	0.05835491	-0.19241752	0.13978413	-0.11216901	0.086203866	-0.07180007	0.20957333	-0.23235935	0.12576738	-0.10378552	0.11003265	-0.38568366	0.28540885	-0.13415845	0.10881751	-0.064376555	0.99999964	-0.81441456	0.12982419	-0.11621047	0.06090281
0.059673686	-0.07310889	0.079621315	-0.032907203	0.035528045	-0.08590581	0.09366613	-0.06848584	0.07073499	-0.060452804	0.1589918	-0.13080123	0.11071633	-0.09173728	0.074908406	-0.19986454	0.1989736	-0.13579318	0.109888025	-0.1225486	0.25847206	-0.41573772	0.15119722	-0.1268183	0.069304734	-0.81441456	0.9999996	-0.17138202	0.12649103	-0.06820891
-0.045055334	0.05488671	-0.09748212	0.042488538	-0.046921983	0.060278922	-0.07164031	0.08035334	-0.097173356	0.08103186	-0.10447158	0.089257985	-0.146531	0.13303556	-0.11084231	0.093225084	-0.12582354	0.18936993	-0.20387584	0.17763792	-0.11333318	0.16390012	-0.589712	0.30026054	-0.1852731	0.12982419	-0.17138202	0.9999995	-0.65831316	0.17228054
0.0437421	-0.05395815	0.097238995	-0.046083327	0.050569795	-0.05893058	0.06897918	-0.08269706	0.105371304	-0.09235953	0.09582404	-0.08503101	0.14572917	-0.1603726	0.12709582	-0.085803494	0.11224269	-0.20648268	0.22600563	-0.23535755	0.0967375	-0.14580369	0.31084043	-0.4882018	0.22175261	-0.11621047	0.12649103	-0.65831316	0.9999995	-0.31301472
-0.029506579	0.036086533	-0.07250364	0.03696023	-0.041876037	0.03870191	-0.046458203	0.058873035	-0.09078907	0.0724171	-0.061889466	0.054401416	-0.10003688	0.10502412	-0.107633226	0.051008392	-0.06943656	0.11542872	-0.15213309	0.1905876	-0.055753116	0.0774743	-0.1452981	0.1712009	-0.8868095	0.06090281	-0.06820891	0.17228054	-0.31301472	0.9999995
