0.99999994	-0.77878726	0.16311729	-0.0954741	0.09727448	-0.40928027	0.29924458	-0.14953661	0.098083876	-0.10530649	0.20480599	-0.3130275	0.13561872	-0.089647114	0.09424795	-0.14074065	0.15993074	-0.11534732	0.10158603	-0.07465173	0.13184738	-0.12792121	0.1117335	-0.107479855	0.07934118	-0.14764987	0.10649166	-0.09019108	0.09299617	-0.13127834
-0.77878726	0.9999998	-0.19581886	0.08942506	-0.093819074	0.2792142	-0.45981118	0.14943014	-0.097253725	0.09759181	-0.19876294	0.25294456	-0.13134922	0.08224646	-0.08868592	0.122381434	-0.1532431	0.10541155	-0.094170354	0.067211576	-0.12233035	0.1128381	-0.102941036	0.09427833	-0.071817376	0.12434822	-0.097235106	0.08015112	-0.0841615	0.1127146
0.16311729	-0.19581886	0.9999996	-0.30128235	0.21413586	-0.18487626	0.1735095	-0.7802525	0.2827711	-0.29755333	0.13221769	-0.18150054	0.15012266	-0.14706717	0.15440963	-0.099228285	0.120432	-0.12111827	0.12541611	-0.100620225	0.09954454	-0.10314214	0.09937573	-0.10580205	0.096900076	-0.12309167	0.09144682	-0.08166387	0.088628985	-0.16901006
-0.0954741	0.08942506	-0.30128235	0.9999994	-0.74487406	0.102790765	-0.08891783	0.2254196	-0.47882593	0.29751855	-0.08852164	0.102437995	-0.113095276	0.13362335	-0.16312285	0.06760622	-0.083137184	0.08701389	-0.11322059	0.088661015	-0.070744425	0.072645634	-0.07381605	0.081127845	-0.08600323	0.08850994	-0.0681603	0.06078699	-0.06878369	0.1404134
0.09727448	-0.093819074	0.21413586	-0.74487406	0.9999996	-0.119413085	0.09420533	-0.20582494	0.29597887	-0.46389714	0.101664536	-0.119681865	0.13087274	-0.18554899	0.19564989	-0.08183609	0.09856157	-0.10640343	0.14169839	-0.11996025	0.085241176	-0.08931219	0.090746365	-0.10552011	0.11169278	-0.11342656	0.08464333	-0.076982886	0.087984495	-0.20384882
-0.40928027	0.2792142	-0.18487626	0.102790765	-0.119413085	0.99999964	-0.54246193	0.15401502	-0.113632195	0.11507506	-0.49757317	0.31278032	-0.2028797	0.11388491	-0.12361797	0.22142373	-0.24089709	0.15843193	-0.13886863	0.095932044	-0.21917573	0.17386732	-0.16093506	0.14142458	-0.10480066	0.19405538	-0.15548025	0.12380157	-0.13013922	0.1573347
0.29924458	-0.45981118	0.1735095	-0.08891783	0.09420533	-0.54246193	0.99999976	-0.18820988	0.10319705	-0.09903805	0.23788172	-0.57542723	0.1437635	-0.086030625	0.09185834	-0.14764991	0.19228095	-0.12154404	0.100048006	-0.07092935	0.13992819	-0.13775691	0.117185414	-0.10459939	0.07579619	-0.13962705	0.10856445	-0.09006123	0.09256161	-0.1179601
-0.14953661	0.14943014	-0.7802525	0.2254196	-0.20582494	0.15401502	-0.18820988	0.99999994	-0.4432763	0.24135414	-0.11818974	0.15344152	-0.15162122	0.12161212	-0.14049815	0.08488995	-0.10707712	0.10798317	-0.10884452	0.083103485	-0.086455464	0.08848555	-0.08666436	0.08832394	-0.081476666	0.101832144	-0.07840175	0.069190264	-0.07497242	0.1322207
0.098083876	-0.097253725	0.2827711	-0.47882593	0.29597887	-0.113632195	0.10319705	-0.4432763	0.99999976	-0.62609965	0.091989346	-0.11425044	0.12027523	-0.16681519	0.19067764	-0.07103036	0.087757245	-0.09464281	0.120700635	-0.09923929	0.073402904	-0.07693778	0.0774588	-0.08611689	0.09055773	-0.09276988	0.07083848	-0.06392956	0.07194218	-0.15081094
-0.10530649	0.09759181	-0.29755333	0.29751855	-0.46389714	0.11507506	-0.09903805	0.24135414	-0.62609965	0.99999976	-0.10206487	0.11626312	-0.14442998	0.21145807	-0.37922296	0.07929481	-0.09949563	0.109787405	-0.16184407	0.12747686	-0.083542034	0.08747801	-0.0905877	0.10089788	-0.11819305	0.10492248	-0.082308605	0.074075334	-0.08493714	0.17532736
0.20480599	-0.19876294	0.13221769	-0.08852164	0.101664536	-0.49757317	0.23788172	-0.11818974	0.091989346	-0.10206487	0.99999964	-0.37393904	0.18887165	-0.11226086	0.1157833	-0.56452745	0.25018293	-0.17185873	0.13865304	-0.1010698	0.28503186	-0.21965611	0.17743564	-0.17157756	0.11026587	-0.30713353	0.18001524	-0.15127541	0.14656612	-0.18295379
-0.3130275	0.25294456	-0.18150054	0.102437995	-0.119681865	0.31278032	-0.57542723	0.15344152	-0.11425044	0.11626312	-0.37393904	0.9999997	-0.23525926	0.12229859	-0.13015452	0.21860503	-0.42002776	0.19357716	-0.1519701	0.10337534	-0.22440039	0.22046086	-0.19412096	0.1582329	-0.112384975	0.20387092	-0.17427741	0.14006613	-0.14483723	0.16690505
0.13561872	-0.13134922	0.15012266	-0.113095276	0.13087274	-0.2028797	0.1437635	-0.15162122	0.12027523	-0.14442998	0.18887165	-0.23525926	0.9999997	-0.27800956	0.19809754	-0.18745098	0.25967783	-0.7039603	0.24758497	-0.17761505	0.1862417	-0.25155997	0.25725406	-0.24984817	0.16712885	-0.26146948	0.19270444	-0.1970539	0.18836884	-0.2809803
-0.089647114	0.08224646	-0.14706717	0.13362335	-0.18554899	0.11388491	-0.086030625	0.12161212	-0.16681519	0.21145807	-0.11226086	0.12229859	-0.27800956	0.9999997	-0.7052374	0.09679971	-0.13140947	0.18794818	-0.48670217	0.2331976	-0.10374278	0.11899053	-0.13163112	0.1485746	-0.19651537	0.13494018	-0.11057153	0.10353203	-0.12129044	0.24337377
0.09424795	-0.08868592	0.15440963	-0.16312285	0.19564989	-0.12361797	0.09185834	-0.14049815	0.19067764	-0.37922296	0.1157833	-0.13015452	0.19809754	-0.7052374	0.9999997	-0.09993762	0.12621777	-0.16491602	0.28376696	-0.29082552	0.10581559	-0.11866187	0.12606755	-0.155938	0.19963537	-0.14441235	0.112323515	-0.10609446	0.12512656	-0.30835173
-0.14074065	0.122381434	-0.099228285	0.06760622	-0.08183609	0.22142373	-0.14764991	0.08488995	-0.07103036	0.07929481	-0.56452745	0.21860503	-0.18745098	0.09679971	-0.09993762	0.99999964	-0.3310077	0.16650937	-0.12501286	0.08653056	-0.63042974	0.23105898	-0.18340279	0.1518575	-0.095482334	0.26563528	-0.18333821	0.14135206	-0.13882352	0.14595412
0.15993074	-0.1532431	0.120432	-0.083137184	0.09856157	-0.24089709	0.19228095	-0.10707712	0.087757245	-0.09949563	0.25018293	-0.42002776	0.25967783	-0.13140947	0.12621777	-0.3310077	0.99999964	-0.37828022	0.16716827	-0.11688308	0.25762346	-0.57531154	0.2771319	-0.2179117	0.1229934	-0.2669409	0.21213703	-0.1941999	0.17620522	-0.19247757
-0.11534732	0.10541155	-0.12111827	0.08701389	-0.10640343	0.15843193	-0.12154404	0.10798317	-0.09464281	0.109787405	-0.17185873	0.19357716	-0.7039603	0.18794818	-0.16491602	0.16650937	-0.37828022	0.99999964	-0.28698525	0.15343021	-0.17717488	0.25494093	-0.38377765	0.21497291	-0.14828078	0.20714326	-0.18956235	0.18445551	-0.17987508	0.21212201
0.10158603	-0.094170354	0.12541611	-0.11322059	0.14169839	-0.13886863	0.100048006	-0.10884452	0.120700635	-0.16184407	0.13865304	-0.1519701	0.24758497	-0.48670217	0.28376696	-0.12501286	0.16716827	-0.28698525	0.9999997	-0.5364297	0.13361154	-0.160301	0.17701197	-0.2368201	0.28800735	-0.18169765	0.14807484	-0.14478853	0.17466499	-0.4203373
-0.07465173	0.067211576	-0.100620225	0.088661015	-0.11996025	0.095932044	-0.07092935	0.083103485	-0.09923929	0.12747686	-0.1010698	0.10337534	-0.17761505	0.2331976	-0.29082552	0.08653056	-0.11688308	0.15343021	-0.5364297	0.9999998	-0.096058026	0.108961605	-0.12719566	0.16867341	-0.684672	0.12348503	-0.10984694	0.10325523	-0.1381531	0.3008562
0.13184738	-0.12233035	0.09954454	-0.070744425	0.085241176	-0.21917573	0.13992819	-0.086455464	0.073402904	-0.083542034	0.28503186	-0.22440039	0.1862417	-0.10374278	0.10581559	-0.63042974	0.25762346	-0.17717488	0.13361154	-0.096058026	1.0	-0.3376903	0.21033125	-0.18872014	0.106559336	-0.51372445	0.2273781	-0.1819525	0.16361803	-0.17003378
-0.12792121	0.1128381	-0.10314214	0.072645634	-0.08931219	0.17386732	-0.13775691	0.08848555	-0.07693778	0.08747801	-0.21965611	0.22046086	-0.25155997	0.11899053	-0.11866187	0.23105898	-0.57531154	0.25494093	-0.160301	0.108961605	-0.3376903	0.9999999	-0.53549445	0.23274808	-0.121426105	0.26088396	-0.30912745	0.23595281	-0.212655	0.17764182
0.1117335	-0.102941036	0.09937573	-0.07381605	0.090746365	-0.16093506	0.117185414	-0.08666436	0.0774588	-0.0905877	0.17743564	-0.19412096	0.25725406	-0.13163112	0.12606755	-0.18340279	0.2771319	-0.38377765	0.17701197	-0.12719566	0.21033125	-0.53549445	1.0000001	-0.42781493	0.1413332	-0.27526602	0.27320302	-0.425788	0.27360645	-0.21043912
-0.107479855	0.09427833	-0.10580205	0.081127845	-0.10552011	0.14142458	-0.10459939	0.08832394	-0.08611689	0.10089788	-0.17157756	0.1582329	-0.24984817	0.1485746	-0.155938	0.1518575	-0.2179117	0.21497291	-0.2368201	0.16867341	-0.18872014	0.23274808	-0.42781493	1.0000001	-0.23987542	0.23002768	-0.2861225	0.29105172	-0.6734304	0.25538605
0.07934118	-0.071817376	0.096900076	-0.08600323	0.11169278	-0.10480066	0.07579619	-0.081476666	0.09055773	-0.11819305	0.11026587	-0.112384975	0.16712885	-0.19651537	0.19963537	-0.095482334	0.1229934	-0.14828078	0.28800735	-0.684672	0.106559336	-0.121426105	0.1413332	-0.23987542	0.99999994	-0.14259729	0.12615556	-0.12333279	0.17267308	-0.56218183
-0.14764987	0.12434822	-0.12309167	0.08850994	-0.11342656	0.19405538	-0.13962705	0.101832144	-0.09276988	0.10492248	-0.30713353	0.20387092	-0.26146948	0.13494018	-0.14441235	0.26563528	-0.2669409	0.20714326	-0.18169765	0.12348503	-0.51372445	0.26088396	-0.27526602	0.23002768	-0.14259729	1.0	-0.5361015	0.26145235	-0.2588128	0.20361426
0.10649166	-0.097235106	0.09144682	-0.0681603	0.08464333	-0.15548025	0.10856445	-0.07840175	0.07083848	-0.082308605	0.18001524	-0.17427741	0.19270444	-0.11057153	0.112323515	-0.18333821	0.21213703	-0.18956235	0.14807484	-0.10984694	0.2273781	-0.30912745	0.27320302	-0.2861225	0.12615556	-0.5361015	1.0	-0.61559343	0.26806754	-0.20591675
-0.09019108	0.08015112	-0.08166387	0.06078699	-0.076982886	0.12380157	-0.09006123	0.069190264	-0.06392956	0.074075334	-0.15127541	0.14006613	-0.1970539	0.10353203	-0.10609446	0.14135206	-0.1941999	0.18445551	-0.14478853	0.10325523	-0.1819525	0.23595281	-0.425788	0.29105172	-0.12333279	0.26145235	-0.61559343	1.0000001	-0.5105354	0.18431975
0.09299617	-0.0841615	0.088628985	-0.06878369	0.087984495	-0.13013922	0.09256161	-0.07497242	0.07194218	-0.08493714	0.14656612	-0.14483723	0.18836884	-0.12129044	0.12512656	-0.13882352	0.17620522	-0.17987508	0.17466499	-0.1381531	0.16361803	-0.212655	0.27360645	-0.6734304	0.17267308	-0.2588128	0.26806754	-0.5105354	1.0000001	-0.30160344
-0.13127834	0.1127146	-0.16901006	0.1404134	-0.20384882	0.1573347	-0.1179601	0.1322207	-0.15081094	0.17532736	-0.18295379	0.16690505	-0.2809803	0.24337377	-0.30835173	0.14595412	-0.19247757	0.21212201	-0.4203373	0.3008562	-0.17003378	0.17764182	-0.21043912	0.25538605	-0.56218183	0.20361426	-0.20591675	0.18431975	-0.30160344	1.0000001
