1.0000001	-0.6999955	0.2632538	-0.14481902	0.093087345	-0.5382068	0.28722525	-0.22803533	0.13099968	-0.12089786	0.1785809	-0.21649209	0.14461191	-0.13335606	0.0911094	-0.12628527	0.11654844	-0.1134092	0.07419692	-0.069582775	0.10391914	-0.09109687	0.052142955	-0.040290132	0.03832301	-0.05980762	0.06791484	-0.04439758	0.0351555	-0.050396513
-0.6999955	0.9999998	-0.4523683	0.14249463	-0.08997605	0.29608077	-0.423072	0.2499646	-0.1361669	0.1093142	-0.14528514	0.17314558	-0.14762194	0.12804385	-0.08472639	0.09920236	-0.10024915	0.10089504	-0.06788785	0.06306754	-0.08859075	0.0752139	-0.044242114	0.034094125	-0.032581687	0.04997246	-0.058376174	0.03723954	-0.029773429	0.042184755
0.2632538	-0.4523683	1.0	-0.3138234	0.15862161	-0.32288894	0.31090713	-0.59929	0.23450549	-0.20343804	0.16172734	-0.22183397	0.23730959	-0.2329755	0.13627876	-0.122087024	0.123492084	-0.16891713	0.108393624	-0.10522554	0.107168615	-0.09738928	0.060457967	-0.047603343	0.04553823	-0.06345555	0.072885774	-0.051227085	0.04120422	-0.05922062
-0.14481902	0.14249463	-0.3138234	0.9999996	-0.44456345	0.15066168	-0.1815552	0.21988083	-0.68059397	0.27737638	-0.10796042	0.13860466	-0.25996247	0.24652272	-0.16195515	0.082121685	-0.09387464	0.15130644	-0.11484439	0.10771393	-0.08075728	0.07128955	-0.048962943	0.039037578	-0.037779056	0.047467016	-0.05707922	0.040508807	-0.03360471	0.04714954
0.093087345	-0.08997605	0.15862161	-0.44456345	0.9999995	-0.10492112	0.11289608	-0.13069119	0.23469159	-0.81237674	0.07735691	-0.10200705	0.15169291	-0.15834112	0.15896504	-0.06331545	0.07304393	-0.14979501	0.10389677	-0.11358061	0.06265872	-0.058108073	0.042454958	-0.034434836	0.033634204	-0.038431667	0.0458336	-0.035474658	0.029554673	-0.042370584
-0.5382068	0.29608077	-0.32288894	0.15066168	-0.10492112	0.9999995	-0.51860857	0.2494597	-0.15901183	0.12437027	-0.3865309	0.273512	-0.18306923	0.14939983	-0.10995841	0.18736404	-0.17871155	0.1277113	-0.08946896	0.079704784	-0.16740976	0.12755497	-0.070884995	0.053271018	-0.050731447	0.08711943	-0.103289634	0.059118915	-0.046938978	0.06530288
0.28722525	-0.423072	0.31090713	-0.1815552	0.11289608	-0.51860857	0.9999996	-0.5306277	0.17770298	-0.14366661	0.21274403	-0.31995252	0.21004859	-0.18683691	0.11336465	-0.14568701	0.14305963	-0.14023644	0.09210442	-0.08599737	0.123575695	-0.107703485	0.06168787	-0.047549605	0.0450915	-0.069848925	0.08040798	-0.052084964	0.041380007	-0.058767848
-0.22803533	0.2499646	-0.59929	0.21988083	-0.13069119	0.2494597	-0.5306277	0.9999994	-0.28305608	0.15381749	-0.14885129	0.1958147	-0.37413308	0.23600346	-0.12644899	0.10479362	-0.11255125	0.14624935	-0.09980247	0.092358306	-0.096569896	0.08392781	-0.052471086	0.04100342	-0.039195023	0.055160373	-0.0649828	0.04375227	-0.035476077	0.049996827
0.13099968	-0.1361669	0.23450549	-0.68059397	0.23469159	-0.15901183	0.17770298	-0.28305608	0.9999994	-0.28901955	0.10883422	-0.15133877	0.27081153	-0.46494588	0.16329339	-0.08444612	0.094233625	-0.1732125	0.11946145	-0.12041264	0.0802559	-0.073397994	0.050600044	-0.040682822	0.039099287	-0.047914363	0.056565076	-0.04220871	0.034805592	-0.04945103
-0.12089786	0.1093142	-0.20343804	0.27737638	-0.81237674	0.12437027	-0.14366661	0.15381749	-0.28901955	0.99999946	-0.09741391	0.1218315	-0.19666722	0.17691334	-0.24207138	0.07812926	-0.09276056	0.16768368	-0.13580942	0.13772577	-0.0802712	0.071672305	-0.05257831	0.042445447	-0.041684214	0.04836456	-0.059040345	0.04333106	-0.036525577	0.051246136
0.1785809	-0.14528514	0.16172734	-0.10796042	0.07735691	-0.3865309	0.21274403	-0.14885129	0.10883422	-0.09741391	0.9999997	-0.63700527	0.14738518	-0.124783926	0.092705704	-0.51542497	0.25152966	-0.11881205	0.08019417	-0.06995373	0.23841676	-0.18986236	0.08979603	-0.06692573	0.061236102	-0.12413833	0.13205068	-0.07630589	0.05832027	-0.08162365
-0.21649209	0.17314558	-0.22183397	0.13860466	-0.10200705	0.273512	-0.31995252	0.1958147	-0.15133877	0.1218315	-0.63700527	0.9999998	-0.24406755	0.16713506	-0.12569126	0.28748116	-0.38454273	0.14920078	-0.10627156	0.090504475	-0.2786601	0.21208726	-0.10827014	0.07850014	-0.07360493	0.13659373	-0.16751361	0.08825716	-0.06934699	0.09393054
0.14461191	-0.14762194	0.23730959	-0.25996247	0.15169291	-0.18306923	0.21004859	-0.37413308	0.27081153	-0.19666722	0.14738518	-0.24406755	0.99999964	-0.71428156	0.19547082	-0.10888245	0.123863176	-0.27126965	0.16044919	-0.15240361	0.102139	-0.09324661	0.06418791	-0.051403467	0.048588045	-0.05956199	0.070314124	-0.052855235	0.043543264	-0.06098863
-0.13335606	0.12804385	-0.2329755	0.24652272	-0.15834112	0.14939983	-0.18683691	0.23600346	-0.46494588	0.17691334	-0.124783926	0.16713506	-0.71428156	0.99999964	-0.251189	0.09142464	-0.1079342	0.20579386	-0.16634844	0.15315737	-0.09002507	0.08016793	-0.057030864	0.046199426	-0.043905333	0.05212517	-0.06264067	0.046657674	-0.039034177	0.054084633
0.0911094	-0.08472639	0.13627876	-0.16195515	0.15896504	-0.10995841	0.11336465	-0.12644899	0.16329339	-0.24207138	0.092705704	-0.12569126	0.19547082	-0.251189	0.99999964	-0.08448656	0.10623611	-0.4575623	0.30957976	-0.71154535	0.08573757	-0.0907863	0.08289389	-0.07270472	0.069523126	-0.055189047	0.06500136	-0.06910059	0.059038956	-0.08578224
-0.12628527	0.09920236	-0.122087024	0.082121685	-0.06331545	0.18736404	-0.14568701	0.10479362	-0.08444612	0.07812926	-0.51542497	0.28748116	-0.10888245	0.09142464	-0.08448656	0.9999995	-0.45803347	0.10951881	-0.077162236	0.06287946	-0.57352275	0.26902813	-0.120340094	0.0852768	-0.07718955	0.18752496	-0.21201685	0.09861328	-0.07517585	0.100697964
0.11654844	-0.10024915	0.123492084	-0.09387464	0.07304393	-0.17871155	0.14305963	-0.11255125	0.094233625	-0.09276056	0.25152966	-0.38454273	0.123863176	-0.1079342	0.10623611	-0.45803347	0.99999934	-0.1610264	0.10454007	-0.08230015	0.3021828	-0.62973374	0.19291697	-0.14379269	0.119021714	-0.18493214	0.19267423	-0.16370316	0.11757687	-0.16677274
-0.1134092	0.10089504	-0.16891713	0.15130644	-0.14979501	0.1277113	-0.14023644	0.14624935	-0.1732125	0.16768368	-0.11881205	0.14920078	-0.27126965	0.20579386	-0.4575623	0.10951881	-0.1610264	0.9999991	-0.6910933	0.3035647	-0.11826172	0.12368084	-0.13289334	0.10726534	-0.09793719	0.073543034	-0.09020342	0.095590815	-0.08611742	0.10874386
0.07419692	-0.06788785	0.108393624	-0.11484439	0.10389677	-0.08946896	0.09210442	-0.09980247	0.11946145	-0.13580942	0.08019417	-0.10627156	0.16044919	-0.16634844	0.30957976	-0.077162236	0.10454007	-0.6910933	0.9999991	-0.57960254	0.081371814	-0.0921906	0.10269577	-0.10760787	0.084790275	-0.05278862	0.0628615	-0.081664875	0.07435705	-0.096348606
-0.069582775	0.06306754	-0.10522554	0.10771393	-0.11358061	0.079704784	-0.08599737	0.092358306	-0.12041264	0.13772577	-0.06995373	0.090504475	-0.15240361	0.15315737	-0.71154535	0.06287946	-0.08230015	0.3035647	-0.57960254	0.99999905	-0.066677324	0.069157556	-0.07144814	0.0678075	-0.06423195	0.042221267	-0.05102301	0.0565538	-0.052253377	0.06982262
0.10391914	-0.08859075	0.107168615	-0.08075728	0.06265872	-0.16740976	0.123575695	-0.096569896	0.0802559	-0.0802712	0.23841676	-0.2786601	0.102139	-0.09002507	0.08573757	-0.57352275	0.3021828	-0.11826172	0.081371814	-0.066677324	0.9999988	-0.4750358	0.16341047	-0.1210247	0.10310409	-0.40307558	0.26948324	-0.14294042	0.10310626	-0.1437063
-0.09109687	0.0752139	-0.09738928	0.07128955	-0.058108073	0.12755497	-0.107703485	0.08392781	-0.073397994	0.071672305	-0.18986236	0.21208726	-0.09324661	0.08016793	-0.0907863	0.26902813	-0.62973374	0.12368084	-0.0921906	0.069157556	-0.4750358	0.9999986	-0.34559023	0.16997677	-0.14541909	0.21540774	-0.29062355	0.18343994	-0.14324343	0.17082411
0.052142955	-0.044242114	0.060457967	-0.048962943	0.042454958	-0.070884995	0.06168787	-0.052471086	0.050600044	-0.05257831	0.08979603	-0.10827014	0.06418791	-0.057030864	0.08289389	-0.120340094	0.19291697	-0.13289334	0.10269577	-0.07144814	0.16341047	-0.34559023	0.999999	-0.572463	0.26632634	-0.117086664	0.13990663	-0.53010625	0.30745625	-0.35256466
-0.040290132	0.034094125	-0.047603343	0.039037578	-0.034434836	0.053271018	-0.047549605	0.04100342	-0.040682822	0.042445447	-0.06692573	0.07850014	-0.051403467	0.046199426	-0.07270472	0.0852768	-0.14379269	0.10726534	-0.10760787	0.0678075	-0.1210247	0.16997677	-0.572463	0.9999988	-0.5307311	0.082065046	-0.104972266	0.30003363	-0.47823623	0.31344754
0.03832301	-0.032581687	0.04553823	-0.037779056	0.033634204	-0.050731447	0.0450915	-0.039195023	0.039099287	-0.041684214	0.061236102	-0.07360493	0.048588045	-0.043905333	0.069523126	-0.07718955	0.119021714	-0.09793719	0.084790275	-0.06423195	0.10310409	-0.14541909	0.26632634	-0.5307311	0.9999983	-0.075761564	0.093026645	-0.25748545	0.26656023	-0.74562347
-0.05980762	0.04997246	-0.06345555	0.047467016	-0.038431667	0.08711943	-0.069848925	0.055160373	-0.047914363	0.04836456	-0.12413833	0.13659373	-0.05956199	0.05212517	-0.055189047	0.18752496	-0.18493214	0.073543034	-0.05278862	0.042221267	-0.40307558	0.21540774	-0.117086664	0.082065046	-0.075761564	0.9999984	-0.84900373	0.110964194	-0.08396835	0.09643696
0.06791484	-0.058376174	0.072885774	-0.05707922	0.0458336	-0.103289634	0.08040798	-0.0649828	0.056565076	-0.059040345	0.13205068	-0.16751361	0.070314124	-0.06264067	0.06500136	-0.21201685	0.19267423	-0.09020342	0.0628615	-0.05102301	0.26948324	-0.29062355	0.13990663	-0.104972266	0.093026645	-0.84900373	0.9999981	-0.1540017	0.10384208	-0.12799883
-0.04439758	0.03723954	-0.051227085	0.040508807	-0.035474658	0.059118915	-0.052084964	0.04375227	-0.04220871	0.04333106	-0.07630589	0.08825716	-0.052855235	0.046657674	-0.06910059	0.09861328	-0.16370316	0.095590815	-0.081664875	0.0565538	-0.14294042	0.18343994	-0.53010625	0.30003363	-0.25748545	0.110964194	-0.1540017	0.9999981	-0.7072283	0.25672567
0.0351555	-0.029773429	0.04120422	-0.03360471	0.029554673	-0.046938978	0.041380007	-0.035476077	0.034805592	-0.036525577	0.05832027	-0.06934699	0.043543264	-0.039034177	0.059038956	-0.07517585	0.11757687	-0.08611742	0.07435705	-0.052253377	0.10310626	-0.14324343	0.30745625	-0.47823623	0.26656023	-0.08396835	0.10384208	-0.7072283	0.99999815	-0.39897648
-0.050396513	0.042184755	-0.05922062	0.04714954	-0.042370584	0.06530288	-0.058767848	0.049996827	-0.04945103	0.051246136	-0.08162365	0.09393054	-0.06098863	0.054084633	-0.08578224	0.100697964	-0.16677274	0.10874386	-0.096348606	0.06982262	-0.1437063	0.17082411	-0.35256466	0.31344754	-0.74562347	0.09643696	-0.12799883	0.25672567	-0.39897648	0.99999815
