1.0000001	-0.9654053	0.07870866	-0.018114878	0.018188868	-0.18189274	0.14996444	-0.047757797	0.03537441	-0.06366881	0.06480001	-0.05152629	0.04227151	-0.040986076	0.018442446	-0.050007366	0.044842444	-0.03996015	0.029421497	-0.019525586	0.03931056	-0.03110772	0.030383086	-0.023620877	0.02287766	-0.017563246	0.017147439	-0.04336275	0.020424822	-0.017658314
-0.9654053	1.0000001	-0.08872261	0.018637935	-0.018823477	0.15282494	-0.17395878	0.04854101	-0.03625319	0.0632678	-0.06712563	0.053220335	-0.044064045	0.041589964	-0.018656239	0.04977114	-0.046891667	0.04076047	-0.030129712	0.019685673	-0.04053423	0.031770173	-0.03115617	0.024031645	-0.023409648	0.017830689	-0.017498296	0.043591093	-0.02082349	0.017929547
0.07870866	-0.08872261	1.0000001	-0.18948983	0.16760753	-0.09680214	0.10145286	-0.46896768	0.3047693	-0.69660294	0.15108249	-0.17289266	0.1906758	-0.22802448	0.13640703	-0.13411707	0.1676359	-0.19348602	0.15383007	-0.14747111	0.14640197	-0.1237642	0.12993105	-0.12478063	0.12054922	-0.071589604	0.070805445	-0.19522902	0.10370034	-0.09161756
-0.018114878	0.018637935	-0.18948983	1.0000002	-0.9423842	0.02718652	-0.02959158	0.15886313	-0.21162637	0.1776278	-0.044359427	0.050449014	-0.060863134	0.06725728	-0.03741548	0.036906835	-0.049848236	0.054398455	-0.046072945	0.03816105	-0.04174469	0.034113362	-0.036156733	0.034797996	-0.035013787	0.018935405	-0.01907869	0.048721056	-0.029216178	0.024920123
0.018188868	-0.018823477	0.16760753	-0.9423842	1.0000001	-0.029005136	0.031289186	-0.17591846	0.17693314	-0.21247041	0.046909127	-0.054484803	0.06464522	-0.073078744	0.041548293	-0.03948563	0.052988697	-0.059020296	0.049272314	-0.04289404	0.044275664	-0.036548447	0.038640317	-0.037548803	0.03741763	-0.020281037	0.020383302	-0.05260843	0.031273186	-0.026820727
-0.18189274	0.15282494	-0.09680214	0.02718652	-0.029005136	1.0000001	-0.90653723	0.08226702	-0.06407193	0.07903986	-0.24540915	0.15369633	-0.1132153	0.091376245	-0.03460969	0.14654878	-0.1235986	0.09554304	-0.06789975	0.03586748	-0.10234146	0.07897236	-0.07470839	0.05283125	-0.051323157	0.043224372	-0.04207972	0.10102132	-0.04624386	0.039338745
0.14996444	-0.17395878	0.10145286	-0.02959158	0.031289186	-0.90653723	0.99999994	-0.09583415	0.06994636	-0.08866723	0.19371928	-0.19216277	0.12056112	-0.103124835	0.038153995	-0.15962945	0.1280383	-0.10648325	0.074125364	-0.039809223	0.10533703	-0.086049	0.08032072	-0.058326486	0.055729456	-0.047021944	0.045189142	-0.11380554	0.050611656	-0.043437343
-0.047757797	0.04854101	-0.46896768	0.15886313	-0.17591846	0.08226702	-0.09583415	1.0	-0.7470855	0.30972296	-0.124077864	0.15152685	-0.23780432	0.17764316	-0.08446817	0.09875161	-0.14235236	0.15016758	-0.12525783	0.08301128	-0.11089465	0.09063153	-0.09613734	0.088647574	-0.090617664	0.04844506	-0.04915345	0.12060385	-0.07514997	0.06265448
0.03537441	-0.03625319	0.3047693	-0.21162637	0.17693314	-0.06407193	0.06994636	-0.7470855	1.0000001	-0.50444126	0.097271234	-0.12356977	0.15947875	-0.17878635	0.086125515	-0.079696216	0.1132882	-0.1277266	0.110477395	-0.0853801	0.08918212	-0.07404665	0.07842966	-0.077589095	0.077998035	-0.039529365	0.04002843	-0.09980934	0.06404248	-0.05373333
-0.06366881	0.0632678	-0.69660294	0.1776278	-0.21247041	0.07903986	-0.08866723	0.30972296	-0.50444126	0.99999994	-0.14371487	0.14095521	-0.16972983	0.18361583	-0.1670264	0.113576904	-0.15409504	0.15378013	-0.13986431	0.1407565	-0.13733673	0.10477651	-0.112820856	0.10672442	-0.113586545	0.059278022	-0.060653728	0.14609803	-0.092689395	0.07814844
0.06480001	-0.06712563	0.15108249	-0.044359427	0.046909127	-0.24540915	0.19371928	-0.124077864	0.097271234	-0.14371487	1.0000002	-0.34565598	0.20738989	-0.20787285	0.07269889	-0.71465707	0.25078616	-0.2197961	0.14753594	-0.076997414	0.27535045	-0.20832789	0.1822329	-0.12354242	0.11468195	-0.122996755	0.11306842	-0.28681016	0.10942404	-0.09560693
-0.05152629	0.053220335	-0.17289266	0.050449014	-0.054484803	0.15369633	-0.19216277	0.15152685	-0.12356977	0.14095521	-0.34565598	0.99999994	-0.6068339	0.24678059	-0.0845187	0.22152251	-0.53299093	0.28012314	-0.19352283	0.08522216	-0.21612711	0.19914329	-0.19127327	0.13072811	-0.12975508	0.08773172	-0.088832475	0.20303012	-0.111325026	0.09134251
0.04227151	-0.044064045	0.1906758	-0.060863134	0.06464522	-0.1132153	0.12056112	-0.23780432	0.15947875	-0.16972983	0.20738989	-0.6068339	0.9999997	-0.44991502	0.107207865	-0.17577647	0.2931611	-0.45425007	0.24784946	-0.11001409	0.17563468	-0.17163478	0.17455809	-0.15719016	0.14615792	-0.07859458	0.078684725	-0.19951831	0.12230276	-0.101174705
-0.040986076	0.041589964	-0.22802448	0.06725728	-0.073078744	0.091376245	-0.103124835	0.17764316	-0.17878635	0.18361583	-0.20787285	0.24678059	-0.44991502	0.9999999	-0.21750347	0.16001984	-0.28879902	0.31237954	-0.5895465	0.182377	-0.19925426	0.1659432	-0.18684936	0.24448206	-0.26246867	0.08322731	-0.086799994	0.20394178	-0.20008133	0.1524578
0.018442446	-0.018656239	0.13640703	-0.03741548	0.041548293	-0.03460969	0.038153995	-0.08446817	0.086125515	-0.1670264	0.07269889	-0.0845187	0.107207865	-0.21750347	0.9999998	-0.059735276	0.09425003	-0.122838505	0.16043904	-0.9317012	0.07299085	-0.062144287	0.06925291	-0.11275899	0.11565252	-0.032624006	0.03349921	-0.08558179	0.079061896	-0.074147895
-0.050007366	0.04977114	-0.13411707	0.036906835	-0.03948563	0.14654878	-0.15962945	0.09875161	-0.079696216	0.113576904	-0.71465707	0.22152251	-0.17577647	0.16001984	-0.059735276	0.9999996	-0.2810521	0.1817532	-0.12590052	0.06222271	-0.4973643	0.20974065	-0.18590915	0.10299341	-0.10009627	0.13089323	-0.12869115	0.23194465	-0.09416204	0.07963519
0.044842444	-0.046891667	0.1676359	-0.049848236	0.052988697	-0.1235986	0.1280383	-0.14235236	0.1132882	-0.15409504	0.25078616	-0.53299093	0.2931611	-0.28879902	0.09425003	-0.2810521	0.99999946	-0.45906082	0.2197507	-0.09994659	0.2574391	-0.41381705	0.26427534	-0.1628257	0.14741868	-0.118225805	0.11546817	-0.2958409	0.13325812	-0.11325562
-0.03996015	0.04076047	-0.19348602	0.054398455	-0.059020296	0.09554304	-0.10648325	0.15016758	-0.1277266	0.15378013	-0.2197961	0.28012314	-0.45425007	0.31237954	-0.122838505	0.1817532	-0.45906082	0.9999995	-0.4997412	0.12299641	-0.2282997	0.22880411	-0.30869505	0.21728586	-0.21575747	0.09635257	-0.099840485	0.23970759	-0.17496768	0.13587187
0.029421497	-0.030129712	0.15383007	-0.046072945	0.049272314	-0.06789975	0.074125364	-0.12525783	0.110477395	-0.13986431	0.14753594	-0.19352283	0.24784946	-0.5895465	0.16043904	-0.12590052	0.2197507	-0.4997412	0.99999946	-0.1903403	0.15238577	-0.14505877	0.16613576	-0.44376913	0.243091	-0.069900654	0.07154482	-0.19149253	0.19148022	-0.15884186
-0.019525586	0.019685673	-0.14747111	0.03816105	-0.04289404	0.03586748	-0.039809223	0.08301128	-0.0853801	0.1407565	-0.076997414	0.08522216	-0.11001409	0.182377	-0.9317012	0.06222271	-0.09994659	0.12299641	-0.1903403	0.9999994	-0.07763864	0.064725816	-0.07294638	0.11748977	-0.13653459	0.034058228	-0.035205163	0.08789405	-0.086495966	0.07843291
0.03931056	-0.04053423	0.14640197	-0.04174469	0.044275664	-0.10234146	0.10533703	-0.11089465	0.08918212	-0.13733673	0.27535045	-0.21612711	0.17563468	-0.19925426	0.07299085	-0.4973643	0.2574391	-0.2282997	0.15238577	-0.07763864	0.999999	-0.46581352	0.27860597	-0.140486	0.12901771	-0.30939543	0.22182171	-0.4370436	0.13316911	-0.11664719
-0.03110772	0.031770173	-0.1237642	0.034113362	-0.036548447	0.07897236	-0.086049	0.09063153	-0.07404665	0.10477651	-0.20832789	0.19914329	-0.17163478	0.1659432	-0.062144287	0.20974065	-0.41381705	0.22880411	-0.14505877	0.064725816	-0.46581352	0.9999991	-0.6640322	0.12051046	-0.114902005	0.14748357	-0.15843791	0.29945448	-0.11192961	0.0915456
0.030383086	-0.03115617	0.12993105	-0.036156733	0.038640317	-0.07470839	0.08032072	-0.09613734	0.07842966	-0.112820856	0.1822329	-0.19127327	0.17455809	-0.18684936	0.06925291	-0.18590915	0.26427534	-0.30869505	0.16613576	-0.07294638	0.27860597	-0.6640322	0.999999	-0.15356551	0.13507068	-0.14858401	0.14787202	-0.5364722	0.14016855	-0.1165693
-0.023620877	0.024031645	-0.12478063	0.034797996	-0.037548803	0.05283125	-0.058326486	0.088647574	-0.077589095	0.10672442	-0.12354242	0.13072811	-0.15719016	0.24448206	-0.11275899	0.10299341	-0.1628257	0.21728586	-0.44376913	0.11748977	-0.140486	0.12051046	-0.15356551	0.9999993	-0.64141047	0.0644591	-0.06845461	0.18541777	-0.45396507	0.2894356
0.02287766	-0.023409648	0.12054922	-0.035013787	0.03741763	-0.051323157	0.055729456	-0.090617664	0.077998035	-0.113586545	0.11468195	-0.12975508	0.14615792	-0.26246867	0.11565252	-0.10009627	0.14741868	-0.21575747	0.243091	-0.13653459	0.12901771	-0.114902005	0.13507068	-0.64141047	0.99999875	-0.064124875	0.06619393	-0.19665167	0.31805676	-0.55425984
-0.017563246	0.017830689	-0.071589604	0.018935405	-0.020281037	0.043224372	-0.047021944	0.04844506	-0.039529365	0.059278022	-0.122996755	0.08773172	-0.07859458	0.08322731	-0.032624006	0.13089323	-0.118225805	0.09635257	-0.069900654	0.034058228	-0.30939543	0.14748357	-0.14858401	0.0644591	-0.064124875	0.99999857	-0.89606744	0.21824464	-0.06885958	0.055195853
0.017147439	-0.017498296	0.070805445	-0.01907869	0.020383302	-0.04207972	0.045189142	-0.04915345	0.04002843	-0.060653728	0.11306842	-0.088832475	0.078684725	-0.086799994	0.03349921	-0.12869115	0.11546817	-0.099840485	0.07154482	-0.035205163	0.22182171	-0.15843791	0.14787202	-0.06845461	0.06619393	-0.89606744	0.99999887	-0.30420145	0.07399444	-0.060705494
-0.04336275	0.043591093	-0.19522902	0.048721056	-0.05260843	0.10102132	-0.11380554	0.12060385	-0.09980934	0.14609803	-0.28681016	0.20303012	-0.19951831	0.20394178	-0.08558179	0.23194465	-0.2958409	0.23970759	-0.19149253	0.08789405	-0.4370436	0.29945448	-0.5364722	0.18541777	-0.19665167	0.21824464	-0.30420145	0.99999887	-0.2619341	0.17069256
0.020424822	-0.02082349	0.10370034	-0.029216178	0.031273186	-0.04624386	0.050611656	-0.07514997	0.06404248	-0.092689395	0.10942404	-0.111325026	0.12230276	-0.20008133	0.079061896	-0.09416204	0.13325812	-0.17496768	0.19148022	-0.086495966	0.13316911	-0.11192961	0.14016855	-0.45396507	0.31805676	-0.06885958	0.07399444	-0.2619341	0.99999887	-0.74312395
-0.017658314	0.017929547	-0.09161756	0.024920123	-0.026820727	0.039338745	-0.043437343	0.06265448	-0.05373333	0.07814844	-0.09560693	0.09134251	-0.101174705	0.1524578	-0.074147895	0.07963519	-0.11325562	0.13587187	-0.15884186	0.07843291	-0.11664719	0.0915456	-0.1165693	0.2894356	-0.55425984	0.055195853	-0.060705494	0.17069256	-0.74312395	0.99999887
