1.0000002	-0.3271608	0.16562967	-0.13631006	0.12736651	-0.87682396	0.17170683	-0.15619017	0.12346851	-0.09187548	0.13996966	-0.15882267	0.12730326	-0.1390902	0.104617186	-0.089172006	0.085556746	-0.075391345	0.1042391	-0.12470491	0.06580842	-0.074873336	0.07447967	-0.06764414	0.04376134	-0.09076799	0.10680729	-0.06708281	0.073296174	-0.03809982
-0.3271608	1.0000004	-0.5450957	0.23646152	-0.23044188	0.22897293	-0.5462761	0.3150674	-0.22590761	0.15123133	-0.17358951	0.24959482	-0.22939952	0.19739625	-0.16340473	0.10903245	-0.118294515	0.100839786	-0.14427425	0.16551568	-0.085167125	0.09643272	-0.10071849	0.0908882	-0.05939662	0.11205337	-0.14547533	0.089700095	-0.099750385	0.05116689
0.16562967	-0.5450957	1.0000004	-0.44805098	0.22709075	-0.17395411	0.29027787	-0.56782407	0.23736721	-0.1605438	0.13105199	-0.22035603	0.19978812	-0.1969038	0.14975287	-0.08703384	0.093149595	-0.081568114	0.11342597	-0.15785143	0.06765626	-0.077758975	0.07972647	-0.07263851	0.048486464	-0.0910653	0.112352714	-0.07111254	0.07823855	-0.04223706
-0.13631006	0.23646152	-0.44805098	1.0000004	-0.5606666	0.13696039	-0.19842018	0.25305384	-0.531308	0.28042424	-0.14541647	0.18391423	-0.189644	0.22678226	-0.22547312	0.09406483	-0.09995031	0.089688234	-0.13295966	0.20967785	-0.07558291	0.08598343	-0.09031313	0.08411877	-0.0588745	0.10203401	-0.13204297	0.08272423	-0.092039034	0.051164836
0.12736651	-0.23044188	0.22709075	-0.5606666	1.0000001	-0.14936283	0.17330004	-0.23387963	0.3271672	-0.5681013	0.1440733	-0.20014791	0.1831945	-0.26861426	0.2729229	-0.09890715	0.103081025	-0.095317885	0.13823563	-0.32055017	0.07949943	-0.0920532	0.09431924	-0.09027718	0.06825569	-0.11184147	0.13396315	-0.088033035	0.096455835	-0.060727943
-0.87682396	0.22897293	-0.17395411	0.13696039	-0.14936283	0.99999994	-0.1824799	0.1517407	-0.13877505	0.10190941	-0.19094434	0.1567086	-0.13934906	0.14428964	-0.12021994	0.1083533	-0.10484707	0.09137606	-0.13306801	0.1358742	-0.08115464	0.09059096	-0.09303893	0.084372975	-0.054395676	0.108738594	-0.13885038	0.08443978	-0.093826465	0.046765294
0.17170683	-0.5462761	0.29027787	-0.19842018	0.17330004	-0.1824799	0.99999994	-0.5496452	0.1890002	-0.13078423	0.15204845	-0.47872928	0.25395635	-0.20828442	0.14198415	-0.10490241	0.117466465	-0.09750731	0.12576716	-0.15033688	0.078437686	-0.091525465	0.09178279	-0.08119376	0.051576033	-0.103259526	0.1237263	-0.078974254	0.08616383	-0.044873662
-0.15619017	0.3150674	-0.56782407	0.25305384	-0.23387963	0.1517407	-0.5496452	0.9999998	-0.29376882	0.16877429	-0.1581476	0.27142203	-0.33121976	0.22647142	-0.17252006	0.103064954	-0.11415557	0.09832421	-0.13651381	0.16912258	-0.080395065	0.09202595	-0.09604856	0.08636544	-0.056541618	0.105910696	-0.13448517	0.084362715	-0.09329165	0.048922516
0.12346851	-0.22590761	0.23736721	-0.531308	0.3271672	-0.13877505	0.1890002	-0.29376882	0.9999996	-0.54551643	0.14545509	-0.21237677	0.21151054	-0.36514068	0.2702648	-0.09849476	0.104273565	-0.09554823	0.13899979	-0.2750401	0.078653656	-0.090884075	0.094193384	-0.089171834	0.064729445	-0.108398624	0.13352844	-0.0865534	0.095307745	-0.057032563
-0.09187548	0.15123133	-0.1605438	0.28042424	-0.5681013	0.10190941	-0.13078423	0.16877429	-0.54551643	0.9999996	-0.121378675	0.1515716	-0.15707608	0.23539025	-0.49425125	0.080605544	-0.08522285	0.07881967	-0.12030412	0.26167324	-0.06534353	0.07511732	-0.07932947	0.0761541	-0.058337405	0.089955054	-0.115642615	0.0742425	-0.08287252	0.05071333
0.13996966	-0.17358951	0.13105199	-0.14541647	0.1440733	-0.19094434	0.15204845	-0.1581476	0.14545509	-0.121378675	0.99999976	-0.2673116	0.18268059	-0.23643361	0.15758084	-0.64280844	0.28717932	-0.24683736	0.2290135	-0.251804	0.24828553	-0.28047854	0.20985843	-0.17543007	0.09407883	-0.37417185	0.23671481	-0.17416422	0.16677879	-0.08584745
-0.15882267	0.24959482	-0.22035603	0.18391423	-0.20014791	0.1567086	-0.47872928	0.27142203	-0.21237677	0.1515716	-0.2673116	0.9999996	-0.5965706	0.28438026	-0.19809029	0.17430647	-0.23359674	0.1631205	-0.20469289	0.19890264	-0.12949912	0.14976782	-0.15340212	0.12994896	-0.07921691	0.16112688	-0.19825977	0.12570682	-0.13774872	0.068353064
0.12730326	-0.22939952	0.19978812	-0.189644	0.1831945	-0.13934906	0.25395635	-0.33121976	0.21151054	-0.15707608	0.18268059	-0.5965706	0.99999946	-0.58320355	0.2000128	-0.13306467	0.1512964	-0.14144857	0.1652296	-0.20725301	0.09992845	-0.119231515	0.12228363	-0.10754002	0.066559814	-0.13215101	0.15382574	-0.101710364	0.109658875	-0.05836413
-0.1390902	0.19739625	-0.1969038	0.22678226	-0.26861426	0.14428964	-0.20828442	0.22647142	-0.36514068	0.23539025	-0.23643361	0.28438026	-0.58320355	0.99999905	-0.39891684	0.14992525	-0.16579334	0.15106082	-0.24238785	0.2713354	-0.12133667	0.13791023	-0.15182108	0.14213538	-0.09311751	0.15917477	-0.2177248	0.13547875	-0.1524948	0.07953726
0.104617186	-0.16340473	0.14975287	-0.22547312	0.2729229	-0.12021994	0.14198415	-0.17252006	0.2702648	-0.49425125	0.15758084	-0.19809029	0.2000128	-0.39891684	0.99999875	-0.10735728	0.1131074	-0.10753661	0.1664975	-0.6307637	0.08776193	-0.101777494	0.107809916	-0.107042134	0.092957	-0.12265348	0.15517059	-0.10356657	0.11546276	-0.082324475
-0.089172006	0.10903245	-0.08703384	0.09406483	-0.09890715	0.1083533	-0.10490241	0.103064954	-0.09849476	0.080605544	-0.64280844	0.17430647	-0.13306467	0.14992525	-0.10735728	0.9999984	-0.5317055	0.24344116	-0.22813284	0.15959185	-0.33580375	0.26880714	-0.22772723	0.16017827	-0.07934163	0.26185453	-0.2176357	0.15222983	-0.15407859	0.07071597
0.085556746	-0.118294515	0.093149595	-0.09995031	0.103081025	-0.10484707	0.117466465	-0.11415557	0.104273565	-0.08522285	0.28717932	-0.23359674	0.1512964	-0.16579334	0.1131074	-0.5317055	0.9999982	-0.5311461	0.2397558	-0.16990945	0.24944255	-0.41869608	0.27378574	-0.18930173	0.08205007	-0.26666898	0.21292166	-0.1705017	0.16148514	-0.07475653
-0.075391345	0.100839786	-0.081568114	0.089688234	-0.095317885	0.09137606	-0.09750731	0.09832421	-0.09554823	0.07881967	-0.24683736	0.1631205	-0.14144857	0.15106082	-0.10753661	0.24344116	-0.5311461	0.99999833	-0.40564102	0.16319825	-0.1999173	0.26074374	-0.5949682	0.25667512	-0.095765464	0.21820863	-0.2306602	0.20431805	-0.20730457	0.08674858
0.1042391	-0.14427425	0.11342597	-0.13295966	0.13823563	-0.13306801	0.12576716	-0.13651381	0.13899979	-0.12030412	0.2290135	-0.20469289	0.1652296	-0.24238785	0.1664975	-0.22813284	0.2397558	-0.40564102	0.9999985	-0.29919767	0.18933669	-0.25135875	0.30376196	-0.58815956	0.13519092	-0.28345105	0.25813785	-0.27809435	0.27306637	-0.13241714
-0.12470491	0.16551568	-0.15785143	0.20967785	-0.32055017	0.1358742	-0.15033688	0.16912258	-0.2750401	0.26167324	-0.251804	0.19890264	-0.20725301	0.2713354	-0.6307637	0.15959185	-0.16990945	0.16319825	-0.29919767	0.9999987	-0.1350247	0.15345022	-0.17397754	0.17584704	-0.18294616	0.18230844	-0.2729782	0.1713638	-0.2041788	0.13866086
0.06580842	-0.085167125	0.06765626	-0.07558291	0.07949943	-0.08115464	0.078437686	-0.080395065	0.078653656	-0.06534353	0.24828553	-0.12949912	0.09992845	-0.12133667	0.08776193	-0.33580375	0.24944255	-0.1999173	0.18933669	-0.1350247	0.9999986	-0.63332576	0.21327485	-0.15297864	0.07321581	-0.59207296	0.23120137	-0.15479171	0.14562409	-0.06572952
-0.074873336	0.09643272	-0.077758975	0.08598343	-0.0920532	0.09059096	-0.091525465	0.09202595	-0.090884075	0.07511732	-0.28047854	0.14976782	-0.119231515	0.13791023	-0.101777494	0.26880714	-0.41869608	0.26074374	-0.25135875	0.15345022	-0.63332576	0.999999	-0.37545082	0.19728807	-0.09165069	0.30820882	-0.30113882	0.19254601	-0.19012198	0.08145674
0.07447967	-0.10071849	0.07972647	-0.09031313	0.09431924	-0.09303893	0.09178279	-0.09604856	0.094193384	-0.07932947	0.20985843	-0.15340212	0.12228363	-0.15182108	0.107809916	-0.22772723	0.27378574	-0.5949682	0.30376196	-0.17397754	0.21327485	-0.37545082	0.9999987	-0.44709346	0.1095099	-0.26105753	0.25005606	-0.3280834	0.25189838	-0.10370702
-0.06764414	0.0908882	-0.07263851	0.08411877	-0.09027718	0.084372975	-0.08119376	0.08636544	-0.089171834	0.0761541	-0.17543007	0.12994896	-0.10754002	0.14213538	-0.107042134	0.16017827	-0.18930173	0.25667512	-0.58815956	0.17584704	-0.15297864	0.19728807	-0.44709346	0.99999887	-0.16394126	0.20165794	-0.2538729	0.2732539	-0.5199227	0.14732693
0.04376134	-0.05939662	0.048486464	-0.0588745	0.06825569	-0.054395676	0.051576033	-0.056541618	0.064729445	-0.058337405	0.09407883	-0.07921691	0.066559814	-0.09311751	0.092957	-0.07934163	0.08205007	-0.095765464	0.13519092	-0.18294616	0.07321581	-0.09165069	0.1095099	-0.16394126	0.999999	-0.115403034	0.1343266	-0.17215522	0.21146296	-0.9150741
-0.09076799	0.11205337	-0.0910653	0.10203401	-0.11184147	0.108738594	-0.103259526	0.105910696	-0.108398624	0.089955054	-0.37417185	0.16112688	-0.13215101	0.15917477	-0.12265348	0.26185453	-0.26666898	0.21820863	-0.28345105	0.18230844	-0.59207296	0.30820882	-0.26105753	0.20165794	-0.115403034	0.99999857	-0.45376316	0.22574577	-0.23026279	0.10001596
0.10680729	-0.14547533	0.112352714	-0.13204297	0.13396315	-0.13885038	0.1237263	-0.13448517	0.13352844	-0.115642615	0.23671481	-0.19825977	0.15382574	-0.2177248	0.15517059	-0.2176357	0.21292166	-0.2306602	0.25813785	-0.2729782	0.23120137	-0.30113882	0.25005606	-0.2538729	0.1343266	-0.45376316	0.99999833	-0.5755056	0.27779627	-0.13248837
-0.06708281	0.089700095	-0.07111254	0.08272423	-0.088033035	0.08443978	-0.078974254	0.084362715	-0.0865534	0.0742425	-0.17416422	0.12570682	-0.101710364	0.13547875	-0.10356657	0.15222983	-0.1705017	0.20431805	-0.27809435	0.1713638	-0.15479171	0.19254601	-0.3280834	0.2732539	-0.17215522	0.22574577	-0.5755056	0.9999984	-0.60135716	0.15557688
0.073296174	-0.099750385	0.07823855	-0.092039034	0.096455835	-0.093826465	0.08616383	-0.09329165	0.095307745	-0.08287252	0.16677879	-0.13774872	0.109658875	-0.1524948	0.11546276	-0.15407859	0.16148514	-0.20730457	0.27306637	-0.2041788	0.14562409	-0.19012198	0.25189838	-0.5199227	0.21146296	-0.23026279	0.27779627	-0.60135716	0.9999984	-0.28344247
-0.03809982	0.05116689	-0.04223706	0.051164836	-0.060727943	0.046765294	-0.044873662	0.048922516	-0.057032563	0.05071333	-0.08584745	0.068353064	-0.05836413	0.07953726	-0.082324475	0.07071597	-0.07475653	0.08674858	-0.13241714	0.13866086	-0.06572952	0.08145674	-0.10370702	0.14732693	-0.9150741	0.10001596	-0.13248837	0.15557688	-0.28344247	0.9999984
