1.0000001	-0.31209466	0.1291797	-0.06326182	0.049305	-0.885282	0.19272156	-0.11282409	0.08826577	-0.06489647	0.17517939	-0.16857654	0.12405921	-0.07814193	0.1042258	-0.117550865	0.12688076	-0.12543525	0.08157804	-0.07279966	0.11041885	-0.10128738	0.09313794	-0.088361815	0.07166931	-0.036022775	0.03597192	-0.16693594	0.05430534	-0.043427426
-0.31209466	1.0	-0.28511482	0.106850915	-0.08482844	0.22617663	-0.7390513	0.21422713	-0.14685294	0.10372348	-0.23869237	0.28395632	-0.23251462	0.121025845	-0.15930496	0.15402447	-0.21781623	0.1901976	-0.126833	0.10684465	-0.16898012	0.1462454	-0.14054771	0.12680148	-0.105885446	0.04912116	-0.050266594	0.19584984	-0.07842369	0.06216188
0.1291797	-0.28511482	0.9999998	-0.29986507	0.17382422	-0.14196676	0.2120558	-0.6964395	0.22986412	-0.20152234	0.17020926	-0.245771	0.28601924	-0.16676663	0.19535582	-0.1285371	0.1727172	-0.26569957	0.15785125	-0.13836905	0.14119624	-0.13860309	0.15877816	-0.15919207	0.12666167	-0.051939882	0.0516225	-0.30256978	0.0944778	-0.07745562
-0.06326182	0.106850915	-0.29986507	0.99999976	-0.7503437	0.06677905	-0.08984289	0.17475608	-0.43268076	0.30935314	-0.09282169	0.10814244	-0.13785443	0.1315526	-0.18674353	0.06713119	-0.08856768	0.12621285	-0.1207087	0.1027735	-0.078422144	0.073939964	-0.093659066	0.09617605	-0.09027795	0.028988494	-0.029053964	0.17364134	-0.06495097	0.052756976
0.049305	-0.08482844	0.17382422	-0.7503437	0.9999997	-0.053093646	0.06909528	-0.13491009	0.287882	-0.545174	0.0715862	-0.08543572	0.10280784	-0.10486373	0.1488446	-0.0524761	0.06889416	-0.10045691	0.09275675	-0.08440457	0.060908414	-0.05823187	0.07334084	-0.077114865	0.07104926	-0.023414262	0.023355473	-0.14790505	0.051229447	-0.042225864
-0.885282	0.22617663	-0.14196676	0.06677905	-0.053093646	0.9999997	-0.21343923	0.116488144	-0.09626918	0.06874594	-0.23785031	0.16625868	-0.13442206	0.08309888	-0.11385195	0.13274881	-0.1444992	0.13062833	-0.08805666	0.07719366	-0.1294702	0.110361554	-0.100903	0.092875235	-0.07721973	0.03845982	-0.038960777	0.15754838	-0.058000702	0.04592256
0.19272156	-0.7390513	0.2120558	-0.08984289	0.06909528	-0.21343923	0.9999995	-0.24275495	0.12014986	-0.08815438	0.19187431	-0.48157218	0.21421382	-0.10707985	0.13147599	-0.14142056	0.20007269	-0.18398947	0.10928623	-0.092681095	0.14255117	-0.1370869	0.12351949	-0.11400527	0.08990175	-0.04303367	0.043341488	-0.17919907	0.06661023	-0.05355817
-0.11282409	0.21422713	-0.6964395	0.17475608	-0.13491009	0.116488144	-0.24275495	0.9999995	-0.23244442	0.15444483	-0.1632896	0.22631432	-0.50857997	0.15763997	-0.18148395	0.118690334	-0.16809307	0.23841721	-0.15334006	0.12192641	-0.1332654	0.12578827	-0.1493743	0.138599	-0.11464383	0.043831483	-0.044150192	0.22065093	-0.083650514	0.067470364
0.08826577	-0.14685294	0.22986412	-0.43268076	0.287882	-0.09626918	0.12014986	-0.23244442	0.9999994	-0.6677834	0.13003343	-0.15436	0.18306144	-0.259492	0.25463954	-0.09639624	0.12587209	-0.18847454	0.18776661	-0.16595094	0.112146646	-0.108559646	0.13838053	-0.15075654	0.13462447	-0.04541615	0.045092467	-0.30824623	0.097598895	-0.08169399
-0.06489647	0.10372348	-0.20152234	0.30935314	-0.545174	0.06874594	-0.08815438	0.15444483	-0.6677834	0.9999993	-0.09873722	0.11061887	-0.1400211	0.17171638	-0.28681463	0.07160681	-0.093916796	0.13509242	-0.15041767	0.13243252	-0.08482532	0.08027676	-0.10546127	0.11202324	-0.109886885	0.032179594	-0.032204133	0.20135415	-0.077283286	0.06353139
0.17517939	-0.23869237	0.17020926	-0.09282169	0.0715862	-0.23785031	0.19187431	-0.1632896	0.13003343	-0.09873722	0.99999917	-0.35144347	0.20507759	-0.13510174	0.16484956	-0.67771477	0.2992921	-0.26592472	0.14100927	-0.128704	0.27085853	-0.2750611	0.18359894	-0.17907725	0.1240987	-0.080760054	0.07678589	-0.29588503	0.09342034	-0.076809056
-0.16857654	0.28395632	-0.245771	0.10814244	-0.08543572	0.16625868	-0.48157218	0.22631432	-0.15436	0.11061887	-0.35144347	0.999999	-0.405803	0.15141363	-0.18338986	0.23880155	-0.4843461	0.272739	-0.15926369	0.12929662	-0.24595794	0.22262582	-0.18987462	0.16379559	-0.12780441	0.06450783	-0.06591152	0.2298098	-0.09368344	0.07491389
0.12405921	-0.23251462	0.28601924	-0.13785443	0.10280784	-0.13442206	0.21421382	-0.50857997	0.18306144	-0.1400211	0.20507759	-0.405803	0.9999994	-0.25452077	0.21262097	-0.16312078	0.23926422	-0.5283953	0.21056156	-0.16090298	0.17401554	-0.17756183	0.21035214	-0.20049946	0.14609645	-0.057027563	0.056930512	-0.2823023	0.10555348	-0.08710702
-0.07814193	0.121025845	-0.16676663	0.1315526	-0.10486373	0.08309888	-0.10707985	0.15763997	-0.259492	0.17171638	-0.13510174	0.15141363	-0.25452077	0.9999994	-0.4859615	0.10077199	-0.13811402	0.22373326	-0.7119732	0.25073713	-0.12245133	0.118227005	-0.18063353	0.20050399	-0.19471289	0.04319826	-0.043383796	0.25029185	-0.12464256	0.103928916
0.1042258	-0.15930496	0.19535582	-0.18674353	0.1488446	-0.11385195	0.13147599	-0.18148395	0.25463954	-0.28681463	0.16484956	-0.18338986	0.21262097	-0.4859615	0.99999934	-0.124487326	0.16082746	-0.25029272	0.30335563	-0.4532672	0.14872453	-0.14767936	0.20346239	-0.25098035	0.25012967	-0.06394059	0.06315728	-0.4685557	0.1658131	-0.15072787
-0.117550865	0.15402447	-0.1285371	0.06713119	-0.0524761	0.13274881	-0.14142056	0.118690334	-0.09639624	0.07160681	-0.67771477	0.23880155	-0.16312078	0.10077199	-0.124487326	0.99999934	-0.46487793	0.20595407	-0.10947427	0.09591823	-0.4433702	0.27218628	-0.15978976	0.13821734	-0.09547707	0.07140792	-0.07047864	0.1909725	-0.07063204	0.057372645
0.12688076	-0.21781623	0.1727172	-0.08856768	0.06889416	-0.1444992	0.20007269	-0.16809307	0.12587209	-0.093916796	0.2992921	-0.4843461	0.23926422	-0.13811402	0.16082746	-0.46487793	0.9999994	-0.39259207	0.14929429	-0.12636328	0.29763854	-0.45204806	0.21537787	-0.18626603	0.12371728	-0.07619396	0.075122215	-0.23775193	0.090625	-0.07414867
-0.12543525	0.1901976	-0.26569957	0.12621285	-0.10045691	0.13062833	-0.18398947	0.23841721	-0.18847454	0.13509242	-0.26592472	0.272739	-0.5283953	0.22373326	-0.25029272	0.20595407	-0.39259207	0.9999994	-0.29840577	0.18952605	-0.24125406	0.23387615	-0.41451508	0.25798383	-0.19272615	0.06734113	-0.068721116	0.27298984	-0.135703	0.10789449
0.08157804	-0.126833	0.15785125	-0.1207087	0.09275675	-0.08805666	0.10928623	-0.15334006	0.18776661	-0.15041767	0.14100927	-0.15926369	0.21056156	-0.7119732	0.30335563	-0.10947427	0.14929429	-0.29840577	0.9999995	-0.38416252	0.13167714	-0.13356361	0.20844857	-0.29294652	0.22367309	-0.04769153	0.04759172	-0.28422958	0.13969924	-0.1234819
-0.07279966	0.10684465	-0.13836905	0.1027735	-0.08440457	0.07719366	-0.092681095	0.12192641	-0.16595094	0.13243252	-0.128704	0.12929662	-0.16090298	0.25073713	-0.4532672	0.09591823	-0.12636328	0.18952605	-0.38416252	0.99999946	-0.12303584	0.11881731	-0.20638631	0.24439256	-0.6468964	0.04380814	-0.044137683	0.2593518	-0.25652754	0.21157122
0.11041885	-0.16898012	0.14119624	-0.078422144	0.060908414	-0.1294702	0.14255117	-0.1332654	0.112146646	-0.08482532	0.27085853	-0.24595794	0.17401554	-0.12245133	0.14872453	-0.4433702	0.29763854	-0.24125406	0.13167714	-0.12303584	0.9999997	-0.702719	0.22094093	-0.20460781	0.12124945	-0.13972074	0.12173151	-0.2511629	0.0897081	-0.07452203
-0.10128738	0.1462454	-0.13860309	0.073939964	-0.05823187	0.110361554	-0.1370869	0.12578827	-0.108559646	0.08027676	-0.2750611	0.22262582	-0.17756183	0.118227005	-0.14767936	0.27218628	-0.45204806	0.23387615	-0.13356361	0.11881731	-0.702719	0.9999995	-0.33105096	0.2026119	-0.12454154	0.10826204	-0.116477594	0.20840862	-0.0902284	0.0730737
0.09313794	-0.14054771	0.15877816	-0.093659066	0.07334084	-0.100903	0.12351949	-0.1493743	0.13838053	-0.10546127	0.18359894	-0.18987462	0.21035214	-0.18063353	0.20346239	-0.15978976	0.21537787	-0.41451508	0.20844857	-0.20638631	0.22094093	-0.33105096	0.9999994	-0.69224364	0.21464856	-0.06662336	0.06650708	-0.29841623	0.1493219	-0.13033578
-0.088361815	0.12680148	-0.15919207	0.09617605	-0.077114865	0.092875235	-0.11400527	0.138599	-0.15075654	0.11202324	-0.17907725	0.16379559	-0.20049946	0.20050399	-0.25098035	0.13821734	-0.18626603	0.25798383	-0.29294652	0.24439256	-0.20460781	0.2026119	-0.69224364	0.9999994	-0.37868842	0.058153436	-0.05966766	0.25676838	-0.23067775	0.17618406
0.07166931	-0.105885446	0.12666167	-0.09027795	0.07104926	-0.07721973	0.08990175	-0.11464383	0.13462447	-0.109886885	0.1240987	-0.12780441	0.14609645	-0.19471289	0.25012967	-0.09547707	0.12371728	-0.19272615	0.22367309	-0.6468964	0.12124945	-0.12454154	0.21464856	-0.37868842	0.99999946	-0.046203367	0.04605807	-0.299251	0.27282068	-0.41218266
-0.036022775	0.04912116	-0.051939882	0.028988494	-0.023414262	0.03845982	-0.04303367	0.043831483	-0.04541615	0.032179594	-0.080760054	0.06450783	-0.057027563	0.04319826	-0.06394059	0.07140792	-0.07619396	0.06734113	-0.04769153	0.04380814	-0.13972074	0.10826204	-0.06662336	0.058153436	-0.046203367	0.99999946	-0.97291094	0.10967276	-0.035770677	0.027738063
0.03597192	-0.050266594	0.0516225	-0.029053964	0.023355473	-0.038960777	0.043341488	-0.044150192	0.045092467	-0.032204133	0.07678589	-0.06591152	0.056930512	-0.043383796	0.06315728	-0.07047864	0.075122215	-0.068721116	0.04759172	-0.044137683	0.12173151	-0.116477594	0.06650708	-0.05966766	0.04605807	-0.97291094	0.9999992	-0.12476266	0.035852797	-0.028032899
-0.16693594	0.19584984	-0.30256978	0.17364134	-0.14790505	0.15754838	-0.17919907	0.22065093	-0.30824623	0.20135415	-0.29588503	0.2298098	-0.2823023	0.25029185	-0.4685557	0.1909725	-0.23775193	0.27298984	-0.28422958	0.2593518	-0.2511629	0.20840862	-0.29841623	0.25676838	-0.299251	0.10967276	-0.12476266	0.99999934	-0.25909314	0.17895737
0.05430534	-0.07842369	0.0944778	-0.06495097	0.051229447	-0.058000702	0.06661023	-0.083650514	0.097598895	-0.077283286	0.09342034	-0.09368344	0.10555348	-0.12464256	0.1658131	-0.07063204	0.090625	-0.135703	0.13969924	-0.25652754	0.0897081	-0.0902284	0.1493219	-0.23067775	0.27282068	-0.035770677	0.035852797	-0.25909314	0.99999917	-0.8477677
-0.043427426	0.06216188	-0.07745562	0.052756976	-0.042225864	0.04592256	-0.05355817	0.067470364	-0.08169399	0.06353139	-0.076809056	0.07491389	-0.08710702	0.103928916	-0.15072787	0.057372645	-0.07414867	0.10789449	-0.1234819	0.21157122	-0.07452203	0.0730737	-0.13033578	0.17618406	-0.41218266	0.027738063	-0.028032899	0.17895737	-0.8477677	0.99999917
