1.0000001	-0.27289158	0.13539687	-0.10316433	0.071876355	-0.8923783	0.16436413	-0.117838986	0.12156	-0.07481588	0.17662783	-0.08733464	0.063641116	-0.06281532	0.04879673	-0.19216342	0.08389097	-0.0634542	0.05548653	-0.052214913	0.04812804	-0.049138337	0.048870612	-0.04493552	0.03673464	-0.019796934	0.01935242	-0.038547553	0.03943417	-0.042670008
-0.27289158	1.0000002	-0.51488143	0.24750474	-0.17140412	0.19807838	-0.6422988	0.29875967	-0.3031641	0.16156723	-0.08335869	0.0882462	-0.08029966	0.08877788	-0.07302361	0.083079964	-0.08394257	0.06789423	-0.073495135	0.069654055	-0.03599899	0.035367068	-0.0563527	0.05438444	-0.047052074	0.016079318	-0.016666764	0.042735882	-0.048417512	0.05111799
0.13539687	-0.51488143	1.0000002	-0.61819464	0.21755603	-0.14263377	0.2809457	-0.400343	0.28684232	-0.2336933	0.06386857	-0.077530265	0.07309072	-0.08771665	0.074921	-0.066683106	0.072450235	-0.06260304	0.069288515	-0.0722545	0.031517927	-0.031223256	0.052425485	-0.052337307	0.045769203	-0.014470043	0.015068022	-0.040341116	0.045863714	-0.05009851
-0.10316433	0.24750474	-0.61819464	1.0000004	-0.46359342	0.100574695	-0.2416781	0.2588255	-0.45521584	0.28014132	-0.05826725	0.08154722	-0.08387242	0.106253706	-0.09276185	0.05855824	-0.080750614	0.0705733	-0.08422326	0.0841678	-0.03374252	0.03287995	-0.061642274	0.061205953	-0.05426246	0.015757449	-0.016681757	0.04656454	-0.05442646	0.05792238
0.071876355	-0.17140412	0.21755603	-0.46359342	1.0000007	-0.07654855	0.14509585	-0.18568201	0.26336303	-0.7901538	0.046889443	-0.07221938	0.0731904	-0.10049358	0.10695907	-0.04822756	0.06930353	-0.06394812	0.076556005	-0.09910906	0.029561	-0.029131543	0.056629527	-0.059653167	0.054240055	-0.014240715	0.015091919	-0.044127777	0.05136796	-0.059147153
-0.8923783	0.19807838	-0.14263377	0.100574695	-0.07654855	1.0000006	-0.18318781	0.117692366	-0.13523988	0.07585883	-0.24253525	0.08524275	-0.06515881	0.063401975	-0.049903274	0.17689215	-0.08664317	0.06299548	-0.056908436	0.051947284	-0.047406603	0.046678036	-0.049562525	0.04500488	-0.03705428	0.019154998	-0.018947955	0.03831579	-0.04002784	0.042298622
0.16436413	-0.6422988	0.2809457	-0.2416781	0.14509585	-0.18318781	1.000001	-0.5997567	0.26650253	-0.16947246	0.07537314	-0.09894124	0.08207164	-0.08834172	0.07075972	-0.07887158	0.082844034	-0.068001196	0.070486054	-0.06967048	0.033963047	-0.03381265	0.05403212	-0.053160213	0.045683403	-0.015377813	0.015894447	-0.041574724	0.04650404	-0.050374765
-0.117838986	0.29875967	-0.400343	0.2588255	-0.18568201	0.117692366	-0.5997567	1.000001	-0.5653636	0.1940091	-0.063731596	0.093062595	-0.096053295	0.11100366	-0.087225705	0.06436326	-0.08646764	0.075213626	-0.085507736	0.08053622	-0.034376465	0.033709217	-0.06179502	0.061171107	-0.053319827	0.015960801	-0.016812995	0.04677658	-0.05400436	0.05719465
0.12156	-0.3031641	0.28684232	-0.45521584	0.26336303	-0.13523988	0.26650253	-0.5653636	1.0000008	-0.41556555	0.07815224	-0.12221149	0.12501936	-0.20140702	0.13739039	-0.081712894	0.11234692	-0.10585822	0.12519968	-0.13075776	0.04685855	-0.046562184	0.08786122	-0.09186844	0.08022902	-0.02238938	0.02358542	-0.068387985	0.078526095	-0.08773167
-0.07481588	0.16156723	-0.2336933	0.28014132	-0.7901538	0.07585883	-0.16947246	0.1940091	-0.41556555	1.0000008	-0.053066395	0.08613631	-0.09270595	0.12651955	-0.1524734	0.05317806	-0.08645558	0.07887625	-0.09876148	0.11794984	-0.03579382	0.03479646	-0.07150404	0.073314086	-0.06734801	0.017224936	-0.018437978	0.054297548	-0.06463509	0.07101346
0.17662783	-0.08335869	0.06386857	-0.05826725	0.046889443	-0.24253525	0.07537314	-0.063731596	0.07815224	-0.053066395	1.0000005	-0.19921522	0.11626785	-0.09655092	0.06945749	-0.8873898	0.18629724	-0.12853426	0.09090678	-0.08036287	0.119908504	-0.1226246	0.08751366	-0.0762527	0.05909335	-0.045809653	0.04299391	-0.07031327	0.065831564	-0.07116668
-0.08733464	0.0882462	-0.077530265	0.08154722	-0.07221938	0.08524275	-0.09894124	0.093062595	-0.12221149	0.08613631	-0.19921522	1.0000001	-0.60429454	0.24101886	-0.17588988	0.17190197	-0.6141535	0.30746254	-0.24100728	0.1693067	-0.09058118	0.087319724	-0.18376616	0.16154528	-0.12934306	0.041229416	-0.043826576	0.13137287	-0.14354631	0.13847037
0.063641116	-0.08029966	0.07309072	-0.08387242	0.0731904	-0.06515881	0.08207164	-0.096053295	0.12501936	-0.09270595	0.11626785	-0.60429454	0.9999999	-0.45239574	0.20533547	-0.117626026	0.31030136	-0.4873241	0.26498345	-0.21952699	0.07816445	-0.07936373	0.1873991	-0.18748295	0.14341898	-0.038528524	0.040872928	-0.14689897	0.14911444	-0.16133726
-0.06281532	0.08877788	-0.08771665	0.106253706	-0.10049358	0.063401975	-0.08834172	0.11100366	-0.20140702	0.12651955	-0.09655092	0.24101886	-0.45239574	0.99999976	-0.5102034	0.09373359	-0.24923961	0.26456034	-0.49949878	0.2893754	-0.082341485	0.07952329	-0.20829548	0.22916229	-0.19434524	0.039860796	-0.043441072	0.15098636	-0.19038247	0.18329291
0.04879673	-0.07302361	0.074921	-0.09276185	0.10695907	-0.049903274	0.07075972	-0.087225705	0.13739039	-0.1524734	0.06945749	-0.17588988	0.20533547	-0.5102034	0.99999994	-0.06912947	0.16349731	-0.18146583	0.25075927	-0.71792364	0.06385563	-0.06288759	0.15717858	-0.20266965	0.21308808	-0.032433484	0.035015266	-0.12770872	0.15687858	-0.21819048
-0.19216342	0.083079964	-0.066683106	0.05855824	-0.04822756	0.17689215	-0.07887158	0.06436326	-0.081712894	0.05317806	-0.8873898	0.17190197	-0.117626026	0.09373359	-0.06912947	0.9999996	-0.24513221	0.12854092	-0.0934228	0.07748495	-0.15021625	0.12259605	-0.0906319	0.07557955	-0.058657654	0.047354303	-0.045483407	0.06968263	-0.06669792	0.06910292
0.08389097	-0.08394257	0.072450235	-0.080750614	0.06930353	-0.08664317	0.082844034	-0.08646764	0.11234692	-0.08645558	0.18629724	-0.6141535	0.31030136	-0.24923961	0.16349731	-0.24513221	0.99999964	-0.5623687	0.2389633	-0.1964819	0.09763371	-0.10113966	0.19575079	-0.18716456	0.1385257	-0.04650478	0.04805896	-0.1581065	0.14934774	-0.16465795
-0.0634542	0.06789423	-0.06260304	0.0705733	-0.06394812	0.06299548	-0.068001196	0.075213626	-0.10585822	0.07887625	-0.12853426	0.30746254	-0.4873241	0.26456034	-0.18146583	0.12854092	-0.5623687	0.9999998	-0.43694785	0.1935098	-0.096583456	0.09703982	-0.32150704	0.22465968	-0.15917136	0.045808088	-0.04929406	0.18684351	-0.18813261	0.17121866
0.05548653	-0.073495135	0.069288515	-0.08422326	0.076556005	-0.056908436	0.070486054	-0.085507736	0.12519968	-0.09876148	0.09090678	-0.24100728	0.26498345	-0.49949878	0.25075927	-0.0934228	0.2389633	-0.43694785	0.99999976	-0.32810336	0.08698449	-0.08857826	0.23863806	-0.5027255	0.23182373	-0.0447789	0.048043113	-0.20017923	0.22982828	-0.24380681
-0.052214913	0.069654055	-0.0722545	0.0841678	-0.09910906	0.051947284	-0.06967048	0.08053622	-0.13075776	0.11794984	-0.08036287	0.1693067	-0.21952699	0.2893754	-0.71792364	0.07748495	-0.1964819	0.1935098	-0.32810336	0.9999994	-0.08012646	0.07620187	-0.20267239	0.23189296	-0.37290072	0.039268102	-0.04322128	0.15038887	-0.20550862	0.23915398
0.04812804	-0.03599899	0.031517927	-0.03374252	0.029561	-0.047406603	0.033963047	-0.034376465	0.04685855	-0.03579382	0.119908504	-0.09058118	0.07816445	-0.082341485	0.06385563	-0.15021625	0.09763371	-0.096583456	0.08698449	-0.08012646	0.9999994	-0.8905906	0.16663001	-0.10451417	0.07317827	-0.25880846	0.20259853	-0.13686037	0.09693182	-0.09797057
-0.049138337	0.035367068	-0.031223256	0.03287995	-0.029131543	0.046678036	-0.03381265	0.033709217	-0.046562184	0.03479646	-0.1226246	0.087319724	-0.07936373	0.07952329	-0.06288759	0.12259605	-0.10113966	0.09703982	-0.08857826	0.07620187	-0.8905906	0.9999994	-0.21861349	0.10196518	-0.072239794	0.19809526	-0.24612232	0.1344805	-0.10082048	0.09219855
0.048870612	-0.0563527	0.052425485	-0.061642274	0.056629527	-0.049562525	0.05403212	-0.06179502	0.08786122	-0.07150404	0.08751366	-0.18376616	0.1873991	-0.20829548	0.15717858	-0.0906319	0.19575079	-0.32150704	0.23863806	-0.20267239	0.16663001	-0.21861349	0.99999934	-0.37726375	0.20854104	-0.08779967	0.09352427	-0.66585594	0.3071846	-0.28491428
-0.04493552	0.05438444	-0.052337307	0.061205953	-0.059653167	0.04500488	-0.053160213	0.061171107	-0.09186844	0.073314086	-0.0762527	0.16154528	-0.18748295	0.22916229	-0.20266965	0.07557955	-0.18716456	0.22465968	-0.5027255	0.23189296	-0.10451417	0.10196518	-0.37726375	0.99999887	-0.4534192	0.05196446	-0.057674386	0.26094368	-0.4820767	0.30040735
0.03673464	-0.047052074	0.045769203	-0.05426246	0.054240055	-0.03705428	0.045683403	-0.053319827	0.08022902	-0.06734801	0.05909335	-0.12934306	0.14341898	-0.19434524	0.21308808	-0.058657654	0.1385257	-0.15917136	0.23182373	-0.37290072	0.07317827	-0.072239794	0.20854104	-0.4534192	0.9999989	-0.03845955	0.041999858	-0.18812838	0.2648686	-0.71149045
-0.019796934	0.016079318	-0.014470043	0.015757449	-0.014240715	0.019154998	-0.015377813	0.015960801	-0.02238938	0.017224936	-0.045809653	0.041229416	-0.038528524	0.039860796	-0.032433484	0.047354303	-0.04650478	0.045808088	-0.0447789	0.039268102	-0.25880846	0.19809526	-0.08779967	0.05196446	-0.03845955	0.9999988	-0.93878007	0.0819038	-0.06046243	0.048980772
0.01935242	-0.016666764	0.015068022	-0.016681757	0.015091919	-0.018947955	0.015894447	-0.016812995	0.02358542	-0.018437978	0.04299391	-0.043826576	0.040872928	-0.043441072	0.035015266	-0.045483407	0.04805896	-0.04929406	0.048043113	-0.04322128	0.20259853	-0.24612232	0.09352427	-0.057674386	0.041999858	-0.93878007	0.9999988	-0.09673824	0.064955644	-0.054924123
-0.038547553	0.042735882	-0.040341116	0.04656454	-0.044127777	0.03831579	-0.041574724	0.04677658	-0.068387985	0.054297548	-0.07031327	0.13137287	-0.14689897	0.15098636	-0.12770872	0.06968263	-0.1581065	0.18684351	-0.20017923	0.15038887	-0.13686037	0.1344805	-0.66585594	0.26094368	-0.18812838	0.0819038	-0.09673824	0.99999887	-0.59756446	0.22604293
0.03943417	-0.048417512	0.045863714	-0.05442646	0.05136796	-0.04002784	0.04650404	-0.05400436	0.078526095	-0.06463509	0.065831564	-0.14354631	0.14911444	-0.19038247	0.15687858	-0.06669792	0.14934774	-0.18813261	0.22982828	-0.20550862	0.09693182	-0.10082048	0.3071846	-0.4820767	0.2648686	-0.06046243	0.064955644	-0.59756446	0.9999989	-0.44993216
-0.042670008	0.05111799	-0.05009851	0.05792238	-0.059147153	0.042298622	-0.050374765	0.05719465	-0.08773167	0.07101346	-0.07116668	0.13847037	-0.16133726	0.18329291	-0.21819048	0.06910292	-0.16465795	0.17121866	-0.24380681	0.23915398	-0.09797057	0.09219855	-0.28491428	0.30040735	-0.71149045	0.048980772	-0.054924123	0.22604293	-0.44993216	0.9999989
