1.0000001	-0.9608375	0.1015155	-0.10440438	0.08479535	-0.16442505	0.12407404	-0.11803969	0.06638942	-0.054341123	0.06393021	-0.08167664	0.08179756	-0.054829706	0.039089248	-0.06698945	0.08110377	-0.060919654	0.06868497	-0.042333197	0.028935885	-0.038132485	0.056897495	-0.045229055	0.03959028	-0.028683221	0.032612864	-0.036590993	0.033586096	-0.045570336
-0.9608375	0.9999999	-0.11373833	0.10243807	-0.09420206	0.13895234	-0.13296655	0.1143688	-0.07144578	0.05786007	-0.06435325	0.08249816	-0.086845875	0.0580294	-0.041735783	0.06539962	-0.08762727	0.06417602	-0.07446515	0.044663824	-0.029757276	0.039670058	-0.060881115	0.047622178	-0.042043876	0.029233146	-0.034256656	0.038259014	-0.035448957	0.047434855
0.1015155	-0.11373833	0.9999997	-0.63203466	0.20857528	-0.12215007	0.12075227	-0.67433333	0.19287717	-0.13872588	0.077850446	-0.11655581	0.14601727	-0.12703325	0.0870212	-0.08586078	0.12777278	-0.10794362	0.1476527	-0.09032778	0.042401258	-0.060423832	0.09969428	-0.081513405	0.07175289	-0.042234864	0.0520657	-0.061823264	0.05773174	-0.078980565
-0.10440438	0.10243807	-0.63203466	0.99999917	-0.39286005	0.13236736	-0.13356917	0.32224965	-0.39695746	0.23380141	-0.10208618	0.14412281	-0.19246005	0.20547852	-0.14616902	0.111659005	-0.19160376	0.15430872	-0.25266173	0.14543469	-0.06105705	0.0892376	-0.15406372	0.12553196	-0.11326299	0.060406912	-0.078099936	0.0931633	-0.088847	0.119938225
0.08479535	-0.09420206	0.20857528	-0.39286005	0.9999991	-0.1568683	0.133262	-0.3452388	0.30998763	-0.6644718	0.10939819	-0.15802933	0.17907467	-0.24233451	0.19165775	-0.13256522	0.1766683	-0.16036966	0.22659908	-0.22482221	0.0682066	-0.101966366	0.15460743	-0.14622709	0.12872842	-0.07049493	0.085511304	-0.11114936	0.100880004	-0.15635099
-0.16442505	0.13895234	-0.12215007	0.13236736	-0.1568683	0.999999	-0.82059336	0.17855528	-0.12268039	0.098952994	-0.26642695	0.2644045	-0.24712901	0.114983514	-0.08010936	0.19793974	-0.23044406	0.15641603	-0.15061888	0.08613891	-0.07708543	0.09333719	-0.13661045	0.101621136	-0.087468356	0.07330471	-0.08046133	0.08385672	-0.0767302	0.09897214
0.12407404	-0.13296655	0.12075227	-0.13356917	0.133262	-0.82059336	0.9999987	-0.21436116	0.1091611	-0.0885033	0.20446362	-0.37949863	0.219976	-0.10478785	0.071144216	-0.19980347	0.19176774	-0.14520438	0.1299482	-0.078006156	0.06986834	-0.08499742	0.11846808	-0.09180612	0.07731601	-0.06881702	0.07126088	-0.07609156	0.06820784	-0.09066286
-0.11803969	0.1143688	-0.67433333	0.32224965	-0.3452388	0.17855528	-0.21436116	0.99999887	-0.28184047	0.19607581	-0.12429763	0.18277514	-0.26666293	0.18521097	-0.1327115	0.13161376	-0.21266343	0.17261082	-0.23903331	0.1350477	-0.067308605	0.09591704	-0.16348219	0.12859675	-0.11441788	0.06632476	-0.083517104	0.09767835	-0.092197284	0.12308163
0.06638942	-0.07144578	0.19287717	-0.39695746	0.30998763	-0.12268039	0.1091611	-0.28184047	0.999999	-0.5842427	0.09153137	-0.13842493	0.17096202	-0.4783312	0.20928474	-0.107792445	0.16031753	-0.15319271	0.26715434	-0.2160511	0.05646328	-0.08513013	0.1391566	-0.13199145	0.11389073	-0.057585105	0.0721621	-0.092732005	0.085927896	-0.12686689
-0.054341123	0.05786007	-0.13872588	0.23380141	-0.6644718	0.098952994	-0.0885033	0.19607581	-0.5842427	0.99999875	-0.07645423	0.111843355	-0.14075829	0.24261424	-0.23933923	0.0893552	-0.1404576	0.12662098	-0.23940654	0.195787	-0.04849325	0.07338345	-0.122606635	0.112855114	-0.103020124	0.0492507	-0.06280493	0.08021425	-0.07543649	0.11044892
0.06393021	-0.06435325	0.077850446	-0.10208618	0.10939819	-0.26642695	0.20446362	-0.12429763	0.09153137	-0.07645423	0.99999845	-0.38966656	0.2215729	-0.09849934	0.066333756	-0.8058209	0.21738054	-0.1559723	0.12324433	-0.07427382	0.1361482	-0.11893596	0.12653558	-0.09736576	0.08091411	-0.13354036	0.097168714	-0.08804821	0.076881215	-0.09761044
-0.08167664	0.08249816	-0.11655581	0.14412281	-0.15802933	0.2644045	-0.37949863	0.18277514	-0.13842493	0.111843355	-0.38966656	0.9999988	-0.61635906	0.15580992	-0.10092472	0.2637325	-0.39070266	0.25532764	-0.19315672	0.109572075	-0.100356266	0.12742671	-0.18835035	0.13659094	-0.1123603	0.09575901	-0.10695826	0.11271991	-0.10037751	0.13081613
0.08179756	-0.086845875	0.14601727	-0.19246005	0.17907467	-0.24712901	0.219976	-0.26666293	0.17096202	-0.14075829	0.2215729	-0.61635906	0.999999	-0.24124306	0.12928458	-0.2615224	0.30699956	-0.45919815	0.23514165	-0.14581051	0.10152009	-0.14187807	0.22108355	-0.1752865	0.13529989	-0.10325155	0.11497063	-0.13838764	0.118857205	-0.16576344
-0.054829706	0.0580294	-0.12703325	0.20547852	-0.24233451	0.114983514	-0.10478785	0.18521097	-0.4783312	0.24261424	-0.09849934	0.15580992	-0.24124306	0.999999	-0.39368427	0.11315853	-0.1953622	0.19747114	-0.6168366	0.27101722	-0.061461207	0.09467953	-0.17123082	0.16146691	-0.13989589	0.06204622	-0.08105276	0.10410663	-0.09921268	0.1397237
0.039089248	-0.041735783	0.0870212	-0.14616902	0.19165775	-0.08010936	0.071144216	-0.1327115	0.20928474	-0.23933923	0.066333756	-0.10092472	0.12928458	-0.39368427	0.99999845	-0.07806658	0.12793574	-0.124463595	0.25461024	-0.822	0.044627696	-0.07037051	0.12099234	-0.12989172	0.13310707	-0.045581672	0.06034339	-0.08195805	0.07901762	-0.12744199
-0.06698945	0.06539962	-0.08586078	0.111659005	-0.13256522	0.19793974	-0.19980347	0.13161376	-0.107792445	0.0893552	-0.8058209	0.2637325	-0.2615224	0.11315853	-0.07806658	0.99999857	-0.3000822	0.1775425	-0.1495122	0.08574181	-0.20430522	0.13989025	-0.15498336	0.11319999	-0.09641031	0.15317532	-0.121017836	0.1028007	-0.092195734	0.111720614
0.08110377	-0.08762727	0.12777278	-0.19160376	0.1766683	-0.23044406	0.19176774	-0.21266343	0.16031753	-0.1404576	0.21738054	-0.39070266	0.30699956	-0.1953622	0.12793574	-0.3000822	0.99999857	-0.583729	0.23949428	-0.15472847	0.14117023	-0.26451018	0.27821684	-0.23403186	0.17489745	-0.14456284	0.17958435	-0.20345907	0.16573246	-0.23507541
-0.060919654	0.06417602	-0.10794362	0.15430872	-0.16036966	0.15641603	-0.14520438	0.17261082	-0.15319271	0.12662098	-0.1559723	0.25532764	-0.45919815	0.19747114	-0.124463595	0.1775425	-0.583729	0.9999987	-0.33559984	0.14286342	-0.09974604	0.16685376	-0.4574284	0.22068089	-0.16408232	0.09909627	-0.13729475	0.16900481	-0.1458977	0.18807033
0.06868497	-0.07446515	0.1476527	-0.25266173	0.22659908	-0.15061888	0.1299482	-0.23903331	0.26715434	-0.23940654	0.12324433	-0.19315672	0.23514165	-0.6168366	0.25461024	-0.1495122	0.23949428	-0.33559984	0.9999989	-0.34313187	0.08225155	-0.13166949	0.23015049	-0.27608758	0.18804574	-0.084791094	0.10981493	-0.15050031	0.13907802	-0.20439796
-0.042333197	0.044663824	-0.09032778	0.14543469	-0.22482221	0.08613891	-0.078006156	0.1350477	-0.2160511	0.195787	-0.07427382	0.109572075	-0.14581051	0.27101722	-0.822	0.08574181	-0.15472847	0.14286342	-0.34313187	0.9999987	-0.051191613	0.08085242	-0.14712559	0.15126947	-0.18443957	0.05174008	-0.07053724	0.09409385	-0.09364583	0.1442038
0.028935885	-0.029757276	0.042401258	-0.06105705	0.0682066	-0.07708543	0.06986834	-0.067308605	0.05646328	-0.04849325	0.1361482	-0.100356266	0.10152009	-0.061461207	0.044627696	-0.20430522	0.14117023	-0.09974604	0.08225155	-0.051191613	0.9999986	-0.36242816	0.12436455	-0.09273045	0.08022749	-0.8515163	0.25735417	-0.13100249	0.10520704	-0.1003051
-0.038132485	0.039670058	-0.060423832	0.0892376	-0.101966366	0.09333719	-0.08499742	0.09591704	-0.08513013	0.07338345	-0.11893596	0.12742671	-0.14187807	0.09467953	-0.07037051	0.13989025	-0.26451018	0.16685376	-0.13166949	0.08085242	-0.36242816	0.9999986	-0.2646804	0.16306211	-0.14717484	0.26628205	-0.74808365	0.23952447	-0.21835706	0.1686234
0.056897495	-0.060881115	0.09969428	-0.15406372	0.15460743	-0.13661045	0.11846808	-0.16348219	0.1391566	-0.122606635	0.12653558	-0.18835035	0.22108355	-0.17123082	0.12099234	-0.15498336	0.27821684	-0.4574284	0.23015049	-0.14712559	0.12436455	-0.2646804	0.99999857	-0.52968144	0.26708385	-0.13125505	0.1992362	-0.36491728	0.25572163	-0.3449105
-0.045229055	0.047622178	-0.081513405	0.12553196	-0.14622709	0.101621136	-0.09180612	0.12859675	-0.13199145	0.112855114	-0.09736576	0.13659094	-0.1752865	0.16146691	-0.12989172	0.11319999	-0.23403186	0.22068089	-0.27608758	0.15126947	-0.09273045	0.16306211	-0.52968144	0.99999857	-0.60546273	0.09372753	-0.15260667	0.23543818	-0.31491756	0.31316766
0.03959028	-0.042043876	0.07175289	-0.11326299	0.12872842	-0.087468356	0.07731601	-0.11441788	0.11389073	-0.103020124	0.08091411	-0.1123603	0.13529989	-0.13989589	0.13310707	-0.09641031	0.17489745	-0.16408232	0.18804574	-0.18443957	0.08022749	-0.14717484	0.26708385	-0.60546273	0.99999833	-0.08451132	0.13047358	-0.22845687	0.24637496	-0.6446932
-0.028683221	0.029233146	-0.042234864	0.060406912	-0.07049493	0.07330471	-0.06881702	0.06632476	-0.057585105	0.0492507	-0.13354036	0.09575901	-0.10325155	0.06204622	-0.045581672	0.15317532	-0.14456284	0.09909627	-0.084791094	0.05174008	-0.8515163	0.26628205	-0.13125505	0.09372753	-0.08451132	0.99999815	-0.37308466	0.1380857	-0.11893655	0.10041594
0.032612864	-0.034256656	0.0520657	-0.078099936	0.085511304	-0.08046133	0.07126088	-0.083517104	0.0721621	-0.06280493	0.097168714	-0.10695826	0.11497063	-0.08105276	0.06034339	-0.121017836	0.17958435	-0.13729475	0.10981493	-0.07053724	0.25735417	-0.74808365	0.1992362	-0.15260667	0.13047358	-0.37308466	0.99999803	-0.36744395	0.20807356	-0.17341055
-0.036590993	0.038259014	-0.061823264	0.0931633	-0.11114936	0.08385672	-0.07609156	0.09767835	-0.092732005	0.08021425	-0.08804821	0.11271991	-0.13838764	0.10410663	-0.08195805	0.1028007	-0.20345907	0.16900481	-0.15050031	0.09409385	-0.13100249	0.23952447	-0.36491728	0.23543818	-0.22845687	0.1380857	-0.36744395	0.99999774	-0.7204411	0.2640585
0.033586096	-0.035448957	0.05773174	-0.088847	0.100880004	-0.0767302	0.06820784	-0.092197284	0.085927896	-0.07543649	0.076881215	-0.10037751	0.118857205	-0.09921268	0.07901762	-0.092195734	0.16573246	-0.1458977	0.13907802	-0.09364583	0.10520704	-0.21835706	0.25572163	-0.31491756	0.24637496	-0.11893655	0.20807356	-0.7204411	0.9999979	-0.4686335
-0.045570336	0.047434855	-0.078980565	0.119938225	-0.15635099	0.09897214	-0.09066286	0.12308163	-0.12686689	0.11044892	-0.09761044	0.13081613	-0.16576344	0.1397237	-0.12744199	0.111720614	-0.23507541	0.18807033	-0.20439796	0.1442038	-0.1003051	0.1686234	-0.3449105	0.31316766	-0.6446932	0.10041594	-0.17341055	0.2640585	-0.4686335	0.9999979
