1.0000001	-0.39198658	0.21899793	-0.17651877	0.18331392	-0.31948987	0.23320487	-0.20633376	0.18764889	-0.22658297	0.15085247	-0.17734799	0.20760697	-0.17804028	0.21749505	-0.17936762	0.20177613	-0.15247841	0.13584913	-0.24744225	0.114036135	-0.16487518	0.1592824	-0.1389922	0.14854655	-0.14748007	0.18626334	-0.12682252	0.17639944	-0.6875133
-0.39198658	1.0000001	-0.60468745	0.24846657	-0.27685603	0.25638893	-0.41357777	0.2593521	-0.24110575	0.2257784	-0.1397	0.2034293	-0.25776428	0.17112623	-0.21350583	0.14880957	-0.22297822	0.13124219	-0.12237005	0.14642285	-0.0871973	0.12199952	-0.1080394	0.08742545	-0.092928216	0.101660766	-0.13604528	0.08081687	-0.111046605	0.23686963
0.21899793	-0.60468745	1.0000001	-0.482554	0.27183095	-0.21203518	0.22236153	-0.4122383	0.26038897	-0.2645682	0.10896179	-0.15988645	0.23014942	-0.16368581	0.178092	-0.122720964	0.16258629	-0.12113815	0.108463965	-0.12881579	0.07049878	-0.10018146	0.09056706	-0.07501247	0.078845285	-0.08427648	0.10835308	-0.067824304	0.091821976	-0.20229366
-0.17651877	0.24846657	-0.482554	1.0000001	-0.6814309	0.15129714	-0.1598615	0.23887369	-0.38749787	0.2936411	-0.08283779	0.1189291	-0.19015457	0.14300722	-0.16574432	0.09232951	-0.13043752	0.100828975	-0.093813665	0.10633055	-0.05580577	0.07925444	-0.07585914	0.062255904	-0.06600202	0.06673843	-0.08827874	0.056115877	-0.076655746	0.15538357
0.18331392	-0.27685603	0.27183095	-0.6814309	0.9999999	-0.17630942	0.16391061	-0.23631448	0.28935018	-0.525202	0.09225283	-0.12736955	0.1859763	-0.15445712	0.1767109	-0.10571499	0.1375368	-0.111558676	0.100825876	-0.12434928	0.06320647	-0.09025431	0.0854163	-0.07132495	0.0752767	-0.07689318	0.09926698	-0.06388279	0.0868893	-0.18984598
-0.31948987	0.25638893	-0.21203518	0.15129714	-0.17630942	0.99999994	-0.6044225	0.20600355	-0.18474591	0.18175721	-0.400655	0.28775603	-0.25021204	0.16889432	-0.21582237	0.26899305	-0.36241627	0.1375362	-0.12800874	0.15418595	-0.1348425	0.17130455	-0.12393115	0.09640068	-0.101346366	0.14144388	-0.19734892	0.09432105	-0.12813118	0.22343482
0.23320487	-0.41357777	0.22236153	-0.1598615	0.16391061	-0.6044225	1.0	-0.25520477	0.18061827	-0.18864322	0.22461374	-0.46174434	0.2383238	-0.16274217	0.18030323	-0.24295983	0.29006803	-0.13023552	0.115084	-0.13929841	0.11073054	-0.15347198	0.10444734	-0.084116556	0.08715176	-0.12367632	0.15139881	-0.07951391	0.10562586	-0.20837326
-0.20633376	0.2593521	-0.4122383	0.23887369	-0.23631448	0.20600355	-0.25520477	0.99999994	-0.5061134	0.27405566	-0.120726965	0.20012896	-0.55822617	0.22958821	-0.24354808	0.1300355	-0.20453906	0.1613013	-0.15169346	0.14256193	-0.07707291	0.10935213	-0.10556701	0.08531785	-0.089761935	0.08983726	-0.11922271	0.07645551	-0.10319936	0.18689865
0.18764889	-0.24110575	0.26038897	-0.38749787	0.28935018	-0.18474591	0.18061827	-0.5061134	0.9999999	-0.60846925	0.10111244	-0.15136826	0.26179716	-0.24997178	0.22462545	-0.11438578	0.15764628	-0.14785522	0.1344428	-0.14060889	0.068967566	-0.0988097	0.09800501	-0.08145983	0.085441336	-0.08301998	0.10832918	-0.071954586	0.09693256	-0.18793954
-0.22658297	0.2257784	-0.2645682	0.2936411	-0.525202	0.18175721	-0.18864322	0.27405566	-0.60846925	0.99999976	-0.10534633	0.15184534	-0.2654417	0.21186368	-0.29675838	0.11628031	-0.17491062	0.14320864	-0.13849504	0.15010849	-0.07436685	0.10570182	-0.10927322	0.088396326	-0.095286205	0.08885074	-0.12219921	0.079424396	-0.11015246	0.19478357
0.15085247	-0.1397	0.10896179	-0.08283779	0.09225283	-0.400655	0.22461374	-0.120726965	0.10111244	-0.10534633	0.9999996	-0.28370795	0.14916804	-0.10191902	0.118603565	-0.80848414	0.24456848	-0.08526314	0.07626941	-0.094470374	0.14182094	-0.15299477	0.07741513	-0.059841618	0.06107977	-0.13650766	0.13962552	-0.06003353	0.07793208	-0.13178746
-0.17734799	0.2034293	-0.15988645	0.1189291	-0.12736955	0.28775603	-0.46174434	0.20012896	-0.15136826	0.15184534	-0.28370795	0.99999964	-0.34441766	0.16184476	-0.16830418	0.2345226	-0.6808211	0.13230118	-0.11696341	0.12356701	-0.11640513	0.16169427	-0.097605996	0.07667835	-0.07843329	0.11813429	-0.15201823	0.07359747	-0.09572818	0.16769333
0.20760697	-0.25776428	0.23014942	-0.19015457	0.1859763	-0.25021204	0.2383238	-0.55822617	0.26179716	-0.2654417	0.14916804	-0.34441766	0.9999997	-0.42909127	0.27522713	-0.16758768	0.24217057	-0.2796599	0.21531239	-0.18443309	0.09467632	-0.13751702	0.13221169	-0.109411545	0.11130754	-0.11166921	0.14114934	-0.095775075	0.12436877	-0.22808369
-0.17804028	0.17112623	-0.16368581	0.14300722	-0.15445712	0.16889432	-0.16274217	0.22958821	-0.24997178	0.21186368	-0.10191902	0.16184476	-0.42909127	0.99999976	-0.66197735	0.11349193	-0.17565875	0.26881498	-0.40090874	0.20063606	-0.07457878	0.108276434	-0.14216834	0.11797492	-0.125332	0.08963723	-0.121261515	0.096872404	-0.12967354	0.18943825
0.21749505	-0.21350583	0.178092	-0.16574432	0.1767109	-0.21582237	0.18030323	-0.24354808	0.22462545	-0.29675838	0.118603565	-0.16830418	0.27522713	-0.66197735	0.99999976	-0.13931683	0.17949292	-0.28166935	0.24528489	-0.33774728	0.09168299	-0.13484503	0.16766971	-0.15337831	0.16347602	-0.114735454	0.14848368	-0.12035396	0.15969756	-0.27913785
-0.17936762	0.14880957	-0.122720964	0.09232951	-0.10571499	0.26899305	-0.24295983	0.1300355	-0.11438578	0.11628031	-0.80848414	0.2345226	-0.16758768	0.11349193	-0.13931683	0.99999964	-0.3227595	0.09613013	-0.087828845	0.10825915	-0.20624296	0.17698027	-0.0921051	0.06983066	-0.07156254	0.15730472	-0.17780714	0.07154471	-0.093428716	0.14776082
0.20177613	-0.22297822	0.16258629	-0.13043752	0.1375368	-0.36241627	0.29006803	-0.20453906	0.15764628	-0.17491062	0.24456848	-0.6808211	0.24217057	-0.17565875	0.17949292	-0.3227595	0.9999996	-0.16024023	0.13063063	-0.15458682	0.16172096	-0.27685404	0.12104233	-0.095833786	0.09618286	-0.16960178	0.19713296	-0.093072936	0.11808351	-0.21592751
-0.15247841	0.13124219	-0.12113815	0.100828975	-0.111558676	0.1375362	-0.13023552	0.1613013	-0.14785522	0.14320864	-0.08526314	0.13230118	-0.2796599	0.26881498	-0.28166935	0.09613013	-0.16024023	0.9999997	-0.811568	0.1992439	-0.07102076	0.10566	-0.23262405	0.15341794	-0.14601795	0.08550348	-0.120063834	0.12842305	-0.15681894	0.16460057
0.13584913	-0.12237005	0.108463965	-0.093813665	0.100825876	-0.12800874	0.115084	-0.15169346	0.1344428	-0.13849504	0.07626941	-0.11696341	0.21531239	-0.40090874	0.24528489	-0.087828845	0.13063063	-0.811568	0.9999996	-0.21986791	0.06323815	-0.09491825	0.1717396	-0.15744564	0.13635224	-0.07766845	0.105239466	-0.112776674	0.1327819	-0.15718706
-0.24744225	0.14642285	-0.12881579	0.10633055	-0.12434928	0.15418595	-0.13929841	0.14256193	-0.14060889	0.15010849	-0.094470374	0.12356701	-0.18443309	0.20063606	-0.33774728	0.10825915	-0.15458682	0.1992439	-0.21986791	1.0	-0.100471415	0.15010421	-0.35874468	0.30234888	-0.5970771	0.12622581	-0.19885886	0.22000538	-0.35116228	0.24793467
0.114036135	-0.0871973	0.07049878	-0.05580577	0.06320647	-0.1348425	0.11073054	-0.07707291	0.068967566	-0.07436685	0.14182094	-0.11640513	0.09467632	-0.07457878	0.09168299	-0.20624296	0.16172096	-0.07102076	0.06323815	-0.100471415	1.0	-0.61489624	0.10668835	-0.07395934	0.068709075	-0.6718561	0.31161287	-0.0884772	0.10049202	-0.1208875
-0.16487518	0.12199952	-0.10018146	0.07925444	-0.09025431	0.17130455	-0.15347198	0.10935213	-0.0988097	0.10570182	-0.15299477	0.16169427	-0.13751702	0.108276434	-0.13484503	0.17698027	-0.27685404	0.10566	-0.09491825	0.15010421	-0.61489624	0.9999997	-0.18695118	0.11526638	-0.10756642	0.32646552	-0.57165295	0.14228256	-0.16270776	0.17415449
0.1592824	-0.1080394	0.09056706	-0.07585914	0.0854163	-0.12393115	0.10444734	-0.10556701	0.09800501	-0.10927322	0.07741513	-0.097605996	0.13221169	-0.14216834	0.16766971	-0.0921051	0.12104233	-0.23262405	0.1717396	-0.35874468	0.10668835	-0.18695118	0.9999997	-0.51386404	0.2635709	-0.13531259	0.18664992	-0.57028264	0.31788114	-0.23025803
-0.1389922	0.08742545	-0.07501247	0.062255904	-0.07132495	0.09640068	-0.084116556	0.08531785	-0.08145983	0.088396326	-0.059841618	0.07667835	-0.109411545	0.11797492	-0.15337831	0.06983066	-0.095833786	0.15341794	-0.15744564	0.30234888	-0.07395934	0.11526638	-0.51386404	0.99999976	-0.6702509	0.09273739	-0.14033918	0.23881777	-0.33747786	0.17584002
0.14854655	-0.092928216	0.078845285	-0.06600202	0.0752767	-0.101346366	0.08715176	-0.089761935	0.085441336	-0.095286205	0.06107977	-0.07843329	0.11130754	-0.125332	0.16347602	-0.07156254	0.09618286	-0.14601795	0.13635224	-0.5970771	0.068709075	-0.10756642	0.2635709	-0.6702509	0.9999997	-0.08912608	0.12711939	-0.1849905	0.22207744	-0.20945507
-0.14748007	0.101660766	-0.08427648	0.06673843	-0.07689318	0.14144388	-0.12367632	0.08983726	-0.08301998	0.08885074	-0.13650766	0.11813429	-0.11166921	0.08963723	-0.114735454	0.15730472	-0.16960178	0.08550348	-0.07766845	0.12622581	-0.6718561	0.32646552	-0.13531259	0.09273739	-0.08912608	0.9999999	-0.59385353	0.12152714	-0.14312093	0.15273122
0.18626334	-0.13604528	0.10835308	-0.08827874	0.09926698	-0.19734892	0.15139881	-0.11922271	0.10832918	-0.12219921	0.13962552	-0.15201823	0.14114934	-0.121261515	0.14848368	-0.17780714	0.19713296	-0.120063834	0.105239466	-0.19885886	0.31161287	-0.57165295	0.18664992	-0.14033918	0.12711939	-0.59385353	0.9999998	-0.21287909	0.19190837	-0.2507032
-0.12682252	0.08081687	-0.067824304	0.056115877	-0.06388279	0.09432105	-0.07951391	0.07645551	-0.071954586	0.079424396	-0.06003353	0.07359747	-0.095775075	0.096872404	-0.12035396	0.07154471	-0.093072936	0.12842305	-0.112776674	0.22000538	-0.0884772	0.14228256	-0.57028264	0.23881777	-0.1849905	0.12152714	-0.21287909	1.0	-0.70851207	0.17694747
0.17639944	-0.111046605	0.091821976	-0.076655746	0.0868893	-0.12813118	0.10562586	-0.10319936	0.09693256	-0.11015246	0.07793208	-0.09572818	0.12436877	-0.12967354	0.15969756	-0.093428716	0.11808351	-0.15681894	0.1327819	-0.35116228	0.10049202	-0.16270776	0.31788114	-0.33747786	0.22207744	-0.14312093	0.19190837	-0.70851207	1.0	-0.29507616
-0.6875133	0.23686963	-0.20229366	0.15538357	-0.18984598	0.22343482	-0.20837326	0.18689865	-0.18793954	0.19478357	-0.13178746	0.16769333	-0.22808369	0.18943825	-0.27913785	0.14776082	-0.21592751	0.16460057	-0.15718706	0.24793467	-0.1208875	0.17415449	-0.23025803	0.17584002	-0.20945507	0.15273122	-0.2507032	0.17694747	-0.29507616	1.0
