0.99999994	-0.16794552	0.108831845	-0.05501473	0.03920149	-0.89410686	0.11718763	-0.091697164	0.0463634	-0.031200219	0.2351654	-0.13445468	0.09197581	-0.05084014	0.042018693	-0.26658693	0.115022324	-0.0964007	0.051764704	-0.04416959	0.086551525	-0.06445347	0.054275356	-0.040700287	0.03846502	-0.09579017	0.054210242	-0.04540269	0.044275247	-0.04654498
-0.16794552	0.99999976	-0.7569159	0.07149521	-0.053509288	0.12764892	-0.50253266	0.31540364	-0.06430561	0.04161761	-0.11038022	0.1374071	-0.11698908	0.06361018	-0.054222632	0.10655668	-0.12034779	0.09698415	-0.0649243	0.053542916	-0.051476106	0.051108863	-0.05415692	0.044049915	-0.04361354	0.05254011	-0.045205265	0.042362113	-0.04768766	0.04988508
0.108831845	-0.7569159	0.9999999	-0.06344579	0.04390599	-0.10205683	0.31153327	-0.5463375	0.054359112	-0.034914624	0.08284137	-0.10892005	0.093002185	-0.052684486	0.04397337	-0.08706712	0.08929339	-0.0810918	0.051948756	-0.044245414	0.040970217	-0.04088042	0.042863518	-0.03554676	0.035211865	-0.043069728	0.035631917	-0.0340177	0.037965138	-0.0411376
-0.05501473	0.07149521	-0.06344579	1.0	-0.56010556	0.047313597	-0.075249076	0.065623365	-0.58173275	0.312299	-0.0772739	0.10609226	-0.13352448	0.27211022	-0.3205101	0.08173819	-0.10042853	0.11912278	-0.31664306	0.2583266	-0.070892684	0.09619626	-0.15809117	0.16847752	-0.18612418	0.07199749	-0.09338263	0.11787458	-0.18354553	0.18729654
0.03920149	-0.053509288	0.04390599	-0.56010556	0.9999999	-0.034757514	0.053405635	-0.047770783	0.30744913	-0.67177606	0.056502428	-0.083171695	0.09933947	-0.22472532	0.27319813	-0.062623225	0.0744747	-0.09471501	0.20214297	-0.29481068	0.050501995	-0.06988953	0.10507619	-0.12366532	0.14404427	-0.05343847	0.06474677	-0.0838133	0.12119633	-0.17641328
-0.89410686	0.12764892	-0.10205683	0.047313597	-0.034757514	0.9999993	-0.11613461	0.08251823	-0.041346833	0.027613476	-0.3266394	0.12142517	-0.086312175	0.045267254	-0.037430037	0.21368244	-0.107198	0.083874196	-0.04631505	0.038593985	-0.073939554	0.054082826	-0.047257945	0.035328485	-0.03347591	0.076115966	-0.04631131	0.038735606	-0.03862785	0.039710384
0.11718763	-0.50253266	0.31153327	-0.075249076	0.053405635	-0.11613461	0.999999	-0.7417379	0.068857715	-0.044216264	0.11557114	-0.2264159	0.14576891	-0.07230596	0.056932792	-0.11786286	0.14367582	-0.12518083	0.068791196	-0.057296917	0.053600077	-0.055712502	0.057167895	-0.046553396	0.044999342	-0.055735458	0.047968816	-0.045253694	0.049249247	-0.05252044
-0.091697164	0.31540364	-0.5463375	0.065623365	-0.047770783	0.08251823	-0.7417379	0.9999991	-0.06530821	0.040006533	-0.09300023	0.14990516	-0.13969119	0.06423294	-0.05078422	0.08967144	-0.12286887	0.104254335	-0.061274465	0.04982648	-0.04305917	0.045540232	-0.048564382	0.039885275	-0.038637765	0.043864783	-0.039907057	0.037875753	-0.042249102	0.044280697
0.0463634	-0.06430561	0.054359112	-0.58173275	0.30744913	-0.041346833	0.068857715	-0.06530821	0.99999875	-0.48756287	0.069078125	-0.1118741	0.14032993	-0.46965554	0.28429574	-0.0762766	0.09568476	-0.12955827	0.2643464	-0.28408593	0.057525694	-0.079672374	0.11934425	-0.14532281	0.15119739	-0.060570803	0.07336924	-0.09492847	0.13636744	-0.17636555
-0.031200219	0.04161761	-0.034914624	0.312299	-0.67177606	0.027613476	-0.044216264	0.040006533	-0.48756287	0.9999985	-0.046284053	0.071132466	-0.09070653	0.22842409	-0.43587908	0.0506922	-0.06326988	0.08196971	-0.19825321	0.2471912	-0.040092744	0.056096576	-0.087010436	0.10480722	-0.11903402	0.042031273	-0.052325103	0.06827727	-0.101584926	0.13195287
0.2351654	-0.11038022	0.08284137	-0.0772739	0.056502428	-0.3266394	0.11557114	-0.09300023	0.069078125	-0.046284053	0.9999982	-0.33299854	0.1734872	-0.08219094	0.063958496	-0.7770112	0.23547666	-0.18090574	0.081011504	-0.06638688	0.1582422	-0.10960362	0.0871213	-0.063021965	0.05739237	-0.16799793	0.090735726	-0.072665386	0.06830498	-0.0685268
-0.13445468	0.1374071	-0.10892005	0.10609226	-0.083171695	0.12142517	-0.2264159	0.14990516	-0.1118741	0.071132466	-0.33299854	0.9999984	-0.53244185	0.14474346	-0.10305755	0.24699949	-0.61371225	0.31521082	-0.13501808	0.09748482	-0.10302431	0.114749074	-0.112138644	0.08454231	-0.07668577	0.10027651	-0.09870301	0.0854928	-0.08908854	0.08624524
0.09197581	-0.11698908	0.093002185	-0.13352448	0.09933947	-0.086312175	0.14576891	-0.13969119	0.14032993	-0.09070653	0.1734872	-0.53244185	0.99999833	-0.2616879	0.12992257	-0.19051959	0.31346366	-0.6728424	0.17038548	-0.12563978	0.08615102	-0.1058625	0.12220661	-0.10123739	0.08946854	-0.089131966	0.08877385	-0.094527	0.09927808	-0.10243744
-0.05084014	0.06361018	-0.052684486	0.27211022	-0.22472532	0.045267254	-0.07230596	0.06423294	-0.46965554	0.22842409	-0.08219094	0.14474346	-0.2616879	0.9999982	-0.41267857	0.0880853	-0.1242745	0.17218082	-0.6082973	0.2871741	-0.06327946	0.08927743	-0.14307418	0.18369977	-0.16738227	0.06561627	-0.0830858	0.109311774	-0.1687989	0.17122938
0.042018693	-0.054222632	0.04397337	-0.3205101	0.27319813	-0.037430037	0.056932792	-0.05078422	0.28429574	-0.43587908	0.063958496	-0.10305755	0.12992257	-0.41267857	0.9999983	-0.07086766	0.089117415	-0.120999575	0.2838181	-0.6416068	0.055503875	-0.07934546	0.122502066	-0.15782753	0.18719395	-0.058558933	0.07337958	-0.09780542	0.14438505	-0.20862432
-0.26658693	0.10655668	-0.08706712	0.08173819	-0.062623225	0.21368244	-0.11786286	0.08967144	-0.0762766	0.0506922	-0.7770112	0.24699949	-0.19051959	0.0880853	-0.07086766	0.9999981	-0.33117634	0.18191816	-0.090558305	0.07180852	-0.23733334	0.12156529	-0.099256195	0.06940228	-0.06337597	0.17731725	-0.1055234	0.080097094	-0.07695922	0.07346542
0.115022324	-0.12034779	0.08929339	-0.10042853	0.0744747	-0.107198	0.14367582	-0.12286887	0.09568476	-0.06326988	0.23547666	-0.61371225	0.31346366	-0.1242745	0.089117415	-0.33117634	0.99999815	-0.57409996	0.116321266	-0.09081555	0.11630941	-0.15886475	0.12514569	-0.08608241	0.07505071	-0.11662445	0.11646507	-0.098075196	0.090310335	-0.08797068
-0.0964007	0.09698415	-0.0810918	0.11912278	-0.09471501	0.083874196	-0.12518083	0.104254335	-0.12955827	0.08196971	-0.18090574	0.31521082	-0.6728424	0.17218082	-0.120999575	0.18191816	-0.57409996	0.99999803	-0.1663147	0.11395035	-0.092907764	0.12145545	-0.1557942	0.10336847	-0.08987918	0.09081596	-0.104523815	0.105690315	-0.105929896	0.10035025
0.051764704	-0.0649243	0.051948756	-0.31664306	0.20214297	-0.04631505	0.068791196	-0.061274465	0.2643464	-0.19825321	0.081011504	-0.13501808	0.17038548	-0.6082973	0.2838181	-0.090558305	0.116321266	-0.1663147	0.99999756	-0.45903906	0.07275868	-0.110921	0.17712197	-0.3535389	0.22330748	-0.07748525	0.10125565	-0.14636108	0.21726954	-0.24729733
-0.04416959	0.053542916	-0.044245414	0.2583266	-0.29481068	0.038593985	-0.057296917	0.04982648	-0.28408593	0.2471912	-0.06638688	0.09748482	-0.12563978	0.2871741	-0.6416068	0.07180852	-0.09081555	0.11395035	-0.45903906	0.99999744	-0.06381111	0.09447873	-0.16241416	0.20992546	-0.32321635	0.06607296	-0.09077879	0.123865835	-0.20217659	0.23825419
0.086551525	-0.051476106	0.040970217	-0.070892684	0.050501995	-0.073939554	0.053600077	-0.04305917	0.057525694	-0.040092744	0.1582422	-0.10302431	0.08615102	-0.06327946	0.055503875	-0.23733334	0.11630941	-0.092907764	0.07275868	-0.06381111	0.9999975	-0.3068247	0.14322127	-0.08470793	0.06986219	-0.865914	0.2288938	-0.13538288	0.09930029	-0.08674378
-0.06445347	0.051108863	-0.04088042	0.09619626	-0.06988953	0.054082826	-0.055712502	0.045540232	-0.079672374	0.056096576	-0.10960362	0.114749074	-0.1058625	0.08927743	-0.07934546	0.12156529	-0.15886475	0.12145545	-0.110921	0.09447873	-0.3068247	0.99999726	-0.40066555	0.15689172	-0.11708215	0.24124813	-0.7556289	0.27529058	-0.19833481	0.13576321
0.054275356	-0.05415692	0.042863518	-0.15809117	0.10507619	-0.047257945	0.057167895	-0.048564382	0.11934425	-0.087010436	0.0871213	-0.112138644	0.12220661	-0.14307418	0.122502066	-0.099256195	0.12514569	-0.1557942	0.17712197	-0.16241416	0.14322127	-0.40066555	0.9999976	-0.38565257	0.2007924	-0.1600618	0.27724254	-0.6561824	0.30238166	-0.2661397
-0.040700287	0.044049915	-0.03554676	0.16847752	-0.12366532	0.035328485	-0.046553396	0.039885275	-0.14532281	0.10480722	-0.063021965	0.08454231	-0.10123739	0.18369977	-0.15782753	0.06940228	-0.08608241	0.10336847	-0.3535389	0.20992546	-0.08470793	0.15689172	-0.38565257	0.9999979	-0.43697459	0.08900807	-0.1542616	0.2585893	-0.6300982	0.2972181
0.03846502	-0.04361354	0.035211865	-0.18612418	0.14404427	-0.03347591	0.044999342	-0.038637765	0.15119739	-0.11903402	0.05739237	-0.07668577	0.08946854	-0.16738227	0.18719395	-0.06337597	0.07505071	-0.08987918	0.22330748	-0.32321635	0.06986219	-0.11708215	0.2007924	-0.43697459	0.9999979	-0.0743352	0.10972729	-0.17024426	0.26720235	-0.75385165
-0.09579017	0.05254011	-0.043069728	0.07199749	-0.05343847	0.076115966	-0.055735458	0.043864783	-0.060570803	0.042031273	-0.16799793	0.10027651	-0.089131966	0.06561627	-0.058558933	0.17731725	-0.11662445	0.09081596	-0.07748525	0.06607296	-0.865914	0.24124813	-0.1600618	0.08900807	-0.0743352	0.99999774	-0.31648472	0.14194746	-0.11127362	0.08762253
0.054210242	-0.045205265	0.035631917	-0.09338263	0.06474677	-0.04631131	0.047968816	-0.039907057	0.07336924	-0.052325103	0.090735726	-0.09870301	0.08877385	-0.0830858	0.07337958	-0.1055234	0.11646507	-0.104523815	0.10125565	-0.09077879	0.2288938	-0.7556289	0.27724254	-0.1542616	0.10972729	-0.31648472	0.9999978	-0.4227983	0.18640232	-0.13988091
-0.04540269	0.042362113	-0.0340177	0.11787458	-0.0838133	0.038735606	-0.045253694	0.037875753	-0.09492847	0.06827727	-0.072665386	0.0854928	-0.094527	0.109311774	-0.09780542	0.080097094	-0.098075196	0.105690315	-0.14636108	0.123865835	-0.13538288	0.27529058	-0.6561824	0.2585893	-0.17024426	0.14194746	-0.4227983	0.99999785	-0.4833321	0.19538163
0.044275247	-0.04768766	0.037965138	-0.18354553	0.12119633	-0.03862785	0.049249247	-0.042249102	0.13636744	-0.101584926	0.06830498	-0.08908854	0.09927808	-0.1687989	0.14438505	-0.07695922	0.090310335	-0.105929896	0.21726954	-0.20217659	0.09930029	-0.19833481	0.30238166	-0.6300982	0.26720235	-0.11127362	0.18640232	-0.4833321	0.9999978	-0.3841988
-0.04654498	0.04988508	-0.0411376	0.18729654	-0.17641328	0.039710384	-0.05252044	0.044280697	-0.17636555	0.13195287	-0.0685268	0.08624524	-0.10243744	0.17122938	-0.20862432	0.07346542	-0.08797068	0.10035025	-0.24729733	0.23825419	-0.08674378	0.13576321	-0.2661397	0.2972181	-0.75385165	0.08762253	-0.13988091	0.19538163	-0.3841988	0.9999978
