1.0000001	-0.45574972	0.16871014	-0.118671685	0.16040298	-0.6711841	0.2931497	-0.1687817	0.11549688	-0.11198893	0.30488428	-0.27818942	0.20355496	-0.188666	0.14514197	-0.20013878	0.17332494	-0.21855843	0.16262719	-0.11866352	0.14096521	-0.1337228	0.15041849	-0.20663808	0.13259828	-0.18834846	0.124075145	-0.20443663	0.078455284	-0.09006709
-0.45574972	1.0000004	-0.2603796	0.13252276	-0.17835565	0.2967847	-0.681267	0.21282612	-0.13645095	0.11799829	-0.30975616	0.28215918	-0.25964192	0.17754732	-0.15390916	0.15451975	-0.15916364	0.1685565	-0.1562638	0.11184621	-0.11496776	0.10117735	-0.119634636	0.16551436	-0.12811081	0.1312988	-0.09372921	0.1468304	-0.06229333	0.0700912
0.16871014	-0.2603796	1.0000005	-0.3406938	0.18947625	-0.15249544	0.20220795	-0.7776349	0.24470548	-0.15370058	0.17292987	-0.24403475	0.24765073	-0.20961037	0.15800603	-0.11984189	0.121169254	-0.16248834	0.1525438	-0.11594112	0.09423115	-0.08778734	0.11151058	-0.17357978	0.12201276	-0.11932957	0.08327632	-0.14198619	0.062080942	-0.07100751
-0.118671685	0.13252276	-0.3406938	1.0000004	-0.35384214	0.09572646	-0.113461174	0.23873487	-0.78877705	0.24748692	-0.12939624	0.14411375	-0.16735858	0.18586679	-0.21559922	0.088640295	-0.091851436	0.12616713	-0.14637415	0.12528625	-0.07493643	0.0691124	-0.09143988	0.15806101	-0.12942837	0.09456227	-0.06683119	0.114278026	-0.05575377	0.06385595
0.16040298	-0.17835565	0.18947625	-0.35384214	1.0000002	-0.13147683	0.13861027	-0.1884817	0.26661915	-0.62471044	0.18406267	-0.20246927	0.1973363	-0.28195974	0.30952442	-0.14705716	0.14743993	-0.22524275	0.22519375	-0.2322534	0.1317168	-0.12668943	0.1672755	-0.32732517	0.2074785	-0.1847118	0.12504943	-0.22499934	0.110178106	-0.13078901
-0.6711841	0.2967847	-0.15249544	0.09572646	-0.13147683	1.0000001	-0.41942257	0.14559743	-0.09634575	0.08944308	-0.49369484	0.2360736	-0.18276265	0.14536819	-0.11708854	0.17128646	-0.15426554	0.16104797	-0.12731048	0.09120335	-0.11207575	0.10034681	-0.11174734	0.14821671	-0.10327426	0.13210364	-0.09099397	0.14334095	-0.056432612	0.064031266
0.2931497	-0.681267	0.20220795	-0.113461174	0.13861027	-0.41942257	1.0	-0.24051896	0.114965044	-0.09684305	0.25264215	-0.4388093	0.23404787	-0.16139925	0.1233136	-0.14000887	0.13963564	-0.15025254	0.13143322	-0.09287085	0.0969361	-0.08764592	0.10310857	-0.14228138	0.10378029	-0.11400118	0.08025682	-0.12841396	0.053082716	-0.059973847
-0.1687817	0.21282612	-0.7776349	0.23873487	-0.1884817	0.14559743	-0.24051896	0.9999998	-0.2957051	0.14652985	-0.172932	0.2295172	-0.358162	0.19687907	-0.15779825	0.109885536	-0.11484137	0.14572173	-0.14849833	0.10855548	-0.0860479	0.078484975	-0.101062976	0.15324427	-0.11651493	0.10416863	-0.07419956	0.123681195	-0.05530283	0.06265631
0.11549688	-0.13645095	0.24470548	-0.78877705	0.26661915	-0.09634575	0.114965044	-0.2957051	0.99999976	-0.35040796	0.12667765	-0.15126924	0.16938607	-0.22447078	0.21039882	-0.090070926	0.092719615	-0.13107987	0.15019837	-0.1304912	0.075705774	-0.070543095	0.09385296	-0.16608658	0.12678756	-0.09703003	0.06821597	-0.11828427	0.05744329	-0.06615953
-0.11198893	0.11799829	-0.15370058	0.24748692	-0.62471044	0.08944308	-0.09684305	0.14652985	-0.35040796	0.99999994	-0.12772912	0.1365115	-0.14971589	0.21008585	-0.58185714	0.09463477	-0.09754506	0.14351973	-0.17383352	0.1979302	-0.08337508	0.07821362	-0.106343135	0.20360702	-0.18700969	0.10945657	-0.0766969	0.13512129	-0.07048899	0.081707
0.30488428	-0.30975616	0.17292987	-0.12939624	0.18406267	-0.49369484	0.25264215	-0.172932	0.12667765	-0.12772912	1.0	-0.3594215	0.23431219	-0.22380342	0.16867614	-0.41922787	0.26563504	-0.2926508	0.19602203	-0.14025684	0.1981556	-0.1854519	0.19388051	-0.24613374	0.15710074	-0.24416272	0.16235147	-0.2593325	0.094992705	-0.108372964
-0.27818942	0.28215918	-0.24403475	0.14411375	-0.20246927	0.2360736	-0.4388093	0.2295172	-0.15126924	0.1365115	-0.3594215	0.9999998	-0.6031847	0.24719709	-0.18654798	0.1985358	-0.25020817	0.2148348	-0.20785417	0.13607919	-0.13731335	0.120882936	-0.14731276	0.19545057	-0.15387213	0.14917451	-0.10974871	0.17132716	-0.07311498	0.08149338
0.20355496	-0.25964192	0.24765073	-0.16735858	0.1973363	-0.18276265	0.23404787	-0.358162	0.16938607	-0.14971589	0.23431219	-0.6031847	0.99999976	-0.46547383	0.1956883	-0.1690228	0.18071136	-0.25531894	0.23661219	-0.15254803	0.12514937	-0.115850836	0.15583488	-0.22482167	0.15984647	-0.1495465	0.10816333	-0.18503848	0.07961828	-0.089465156
-0.188666	0.17754732	-0.20961037	0.18586679	-0.28195974	0.14536819	-0.16139925	0.19687907	-0.22447078	0.21008585	-0.22380342	0.24719709	-0.46547383	0.99999976	-0.36557943	0.14934511	-0.1670661	0.23447871	-0.57550174	0.23475157	-0.12576236	0.11287287	-0.16652459	0.27843884	-0.2453181	0.14505309	-0.10889619	0.18318081	-0.09631166	0.10527864
0.14514197	-0.15390916	0.15800603	-0.21559922	0.30952442	-0.11708854	0.1233136	-0.15779825	0.21039882	-0.58185714	0.16867614	-0.18654798	0.1956883	-0.36557943	0.9999998	-0.1315282	0.13510893	-0.20910339	0.25726804	-0.42733636	0.11633744	-0.110595144	0.15373106	-0.31729653	0.26291183	-0.15537904	0.10877443	-0.19669159	0.10520598	-0.123776644
-0.20013878	0.15451975	-0.11984189	0.088640295	-0.14705716	0.17128646	-0.14000887	0.109885536	-0.090070926	0.09463477	-0.41922787	0.1985358	-0.1690228	0.14934511	-0.1315282	0.99999994	-0.7244227	0.2519115	-0.15620618	0.10428236	-0.33160836	0.20736758	-0.17894283	0.16603714	-0.123092845	0.19783954	-0.15662302	0.18718512	-0.067409106	0.073730774
0.17332494	-0.15916364	0.121169254	-0.091851436	0.14743993	-0.15426554	0.13963564	-0.11484137	0.092719615	-0.09754506	0.26563504	-0.25020817	0.18071136	-0.1670661	0.13510893	-0.7244227	0.99999976	-0.4266404	0.17227717	-0.11239738	0.22804251	-0.22726798	0.20530349	-0.1861551	0.1287825	-0.20490578	0.15903819	-0.22505514	0.074851416	-0.082253836
-0.21855843	0.1685565	-0.16248834	0.12616713	-0.22524275	0.16104797	-0.15025254	0.14572173	-0.13107987	0.14351973	-0.2926508	0.2148348	-0.25531894	0.23447871	-0.20910339	0.2519115	-0.4266404	0.9999996	-0.35576394	0.17463255	-0.212668	0.18558796	-0.54417646	0.26402095	-0.20699061	0.19844319	-0.17918828	0.29692116	-0.1076769	0.11195631
0.16262719	-0.1562638	0.1525438	-0.14637415	0.22519375	-0.12731048	0.13143322	-0.14849833	0.15019837	-0.17383352	0.19602203	-0.20785417	0.23661219	-0.57550174	0.25726804	-0.15620618	0.17227717	-0.35576394	0.9999997	-0.37409666	0.13180818	-0.12270423	0.20507428	-0.48439604	0.2746909	-0.15475522	0.1188782	-0.21850707	0.12418205	-0.13674347
-0.11866352	0.11184621	-0.11594112	0.12528625	-0.2322534	0.09120335	-0.09287085	0.10855548	-0.1304912	0.1979302	-0.14025684	0.13607919	-0.15254803	0.23475157	-0.42733636	0.10428236	-0.11239738	0.17463255	-0.37409666	0.9999995	-0.09378474	0.08649834	-0.1323091	0.2824862	-0.7241987	0.11490611	-0.08541433	0.15185751	-0.1040092	0.116257004
0.14096521	-0.11496776	0.09423115	-0.07493643	0.1317168	-0.11207575	0.0969361	-0.0860479	0.075705774	-0.08337508	0.1981556	-0.13731335	0.12514937	-0.12576236	0.11633744	-0.33160836	0.22804251	-0.212668	0.13180818	-0.09378474	0.9999993	-0.69188493	0.18808451	-0.16165902	0.112593584	-0.47533503	0.3051346	-0.236969	0.07085955	-0.07733201
-0.1337228	0.10117735	-0.08778734	0.0691124	-0.12668943	0.10034681	-0.08764592	0.078484975	-0.070543095	0.07821362	-0.1854519	0.120882936	-0.115850836	0.11287287	-0.110595144	0.20736758	-0.22726798	0.18558796	-0.12270423	0.08649834	-0.69188493	0.9999993	-0.21969779	0.14273922	-0.10654395	0.31570205	-0.53898835	0.22274631	-0.065296404	0.068938404
0.15041849	-0.119634636	0.11151058	-0.09143988	0.1672755	-0.11174734	0.10310857	-0.101062976	0.09385296	-0.106343135	0.19388051	-0.14731276	0.15583488	-0.16652459	0.15373106	-0.17894283	0.20530349	-0.54417646	0.20507428	-0.1323091	0.18808451	-0.21969779	0.99999946	-0.29328468	0.16311987	-0.20939915	0.20097451	-0.6671543	0.12177687	-0.12491592
-0.20663808	0.16551436	-0.17357978	0.15806101	-0.32732517	0.14821671	-0.14228138	0.15324427	-0.16608658	0.20360702	-0.24613374	0.19545057	-0.22482167	0.27843884	-0.31729653	0.16603714	-0.1861551	0.26402095	-0.48439604	0.2824862	-0.16165902	0.14273922	-0.29328468	0.9999996	-0.45466384	0.17573035	-0.14448869	0.24744967	-0.26017696	0.20799145
0.13259828	-0.12811081	0.12201276	-0.12942837	0.2074785	-0.10327426	0.10378029	-0.11651493	0.12678756	-0.18700969	0.15710074	-0.15387213	0.15984647	-0.2453181	0.26291183	-0.123092845	0.1287825	-0.20699061	0.2746909	-0.7241987	0.112593584	-0.10654395	0.16311987	-0.45466384	0.99999946	-0.14451243	0.10595144	-0.19818692	0.14753442	-0.18347098
-0.18834846	0.1312988	-0.11932957	0.09456227	-0.1847118	0.13210364	-0.11400118	0.10416863	-0.09703003	0.10945657	-0.24416272	0.14917451	-0.1495465	0.14505309	-0.15537904	0.19783954	-0.20490578	0.19844319	-0.15475522	0.11490611	-0.47533503	0.31570205	-0.20939915	0.17573035	-0.14451243	0.99999946	-0.67843145	0.24717654	-0.08047837	0.08471211
0.124075145	-0.09372921	0.08327632	-0.06683119	0.12504943	-0.09099397	0.08025682	-0.07419956	0.06821597	-0.0766969	0.16235147	-0.10974871	0.10816333	-0.10889619	0.10877443	-0.15662302	0.15903819	-0.17918828	0.1188782	-0.08541433	0.3051346	-0.53898835	0.20097451	-0.14448869	0.10595144	-0.67843145	0.9999992	-0.34207854	0.07276157	-0.0765923
-0.20443663	0.1468304	-0.14198619	0.114278026	-0.22499934	0.14334095	-0.12841396	0.123681195	-0.11828427	0.13512129	-0.2593325	0.17132716	-0.18503848	0.18318081	-0.19669159	0.18718512	-0.22505514	0.29692116	-0.21850707	0.15185751	-0.236969	0.22274631	-0.6671543	0.24744967	-0.19818692	0.24717654	-0.34207854	0.9999994	-0.17523007	0.1512685
0.078455284	-0.06229333	0.062080942	-0.05575377	0.110178106	-0.056432612	0.053082716	-0.05530283	0.05744329	-0.07048899	0.094992705	-0.07311498	0.07961828	-0.09631166	0.10520598	-0.067409106	0.074851416	-0.1076769	0.12418205	-0.1040092	0.07085955	-0.065296404	0.12177687	-0.26017696	0.14753442	-0.08047837	0.07276157	-0.17523007	0.9999994	-0.9230474
-0.09006709	0.0700912	-0.07100751	0.06385595	-0.13078901	0.064031266	-0.059973847	0.06265631	-0.06615953	0.081707	-0.108372964	0.08149338	-0.089465156	0.10527864	-0.123776644	0.073730774	-0.082253836	0.11195631	-0.13674347	0.116257004	-0.07733201	0.068938404	-0.12491592	0.20799145	-0.18347098	0.08471211	-0.0765923	0.1512685	-0.9230474	0.9999994
