1.0	-0.79232293	0.14542316	-0.12726158	0.06413743	-0.49436516	0.24781232	-0.12209905	0.103386074	-0.050163522	0.16304636	-0.1211414	0.10127566	-0.061576642	0.048252456	-0.12571792	0.107532084	-0.08766146	0.0799132	-0.05069127	0.121811755	-0.07209518	0.081021614	-0.052124776	0.035432238	-0.14068644	0.08203098	-0.07951811	0.04208285	-0.045732386
-0.79232293	0.9999998	-0.23174119	0.16294679	-0.089194596	0.29977047	-0.35264006	0.1545994	-0.1423284	0.06815075	-0.19543831	0.14963634	-0.13434249	0.081097	-0.06396002	0.14115378	-0.14134666	0.11259925	-0.10708048	0.06601903	-0.1607563	0.09326899	-0.10626775	0.066749536	-0.046168428	0.16958934	-0.10780239	0.10103304	-0.05424854	0.059024923
0.14542316	-0.23174119	0.9999997	-0.83657193	0.12923643	-0.17989427	0.18804097	-0.23008439	0.21442915	-0.10951086	0.13814907	-0.12563838	0.14037202	-0.107468724	0.08381154	-0.1269998	0.12307253	-0.121755175	0.13175496	-0.089002766	0.1559585	-0.09748454	0.11614865	-0.082211025	0.060579836	-0.27253866	0.11791897	-0.121194325	0.06626255	-0.07906149
-0.12726158	0.16294679	-0.83657193	0.99999946	-0.17748687	0.1504874	-0.19389224	0.21764988	-0.3156783	0.13531676	-0.13217147	0.12106395	-0.14510809	0.113198504	-0.089717835	0.11554362	-0.12274109	0.11837037	-0.14187495	0.088170715	-0.15160756	0.09309773	-0.11261845	0.07675163	-0.059786066	0.20341602	-0.11285489	0.110534005	-0.062688045	0.07551243
0.06413743	-0.089194596	0.12923643	-0.17748687	0.9999992	-0.10487095	0.12359097	-0.27639753	0.26486027	-0.8758335	0.0831467	-0.08710989	0.10971799	-0.10844531	0.08676325	-0.07860339	0.082631804	-0.09442741	0.10673384	-0.084493	0.091052756	-0.062470496	0.07654193	-0.058934588	0.051074047	-0.14446978	0.07318951	-0.08148063	0.047535263	-0.06599243
-0.49436516	0.29977047	-0.17989427	0.1504874	-0.10487095	0.9999991	-0.5909873	0.19620723	-0.17134933	0.080325976	-0.37982237	0.21865055	-0.17480057	0.09981933	-0.07817168	0.21444316	-0.19508155	0.14768726	-0.13047269	0.0809574	-0.21194105	0.12171054	-0.13522317	0.08405461	-0.056713242	0.21306609	-0.1368468	0.1286947	-0.06805759	0.07272392
0.24781232	-0.35264006	0.18804097	-0.19389224	0.12359097	-0.5909873	0.99999917	-0.37172	0.21345688	-0.10203573	0.2562615	-0.35771444	0.21212198	-0.12538391	0.09527646	-0.22481892	0.22706366	-0.19198082	0.15315177	-0.10134304	0.20705052	-0.14006315	0.15497738	-0.10306877	0.06963992	-0.2794241	0.15284327	-0.15779112	0.08239886	-0.09082163
-0.12209905	0.1545994	-0.23008439	0.21764988	-0.27639753	0.19620723	-0.37172	0.9999988	-0.6885151	0.21322982	-0.1633663	0.18151103	-0.29749998	0.17089067	-0.12855326	0.14182322	-0.17392923	0.18998323	-0.19176097	0.11822566	-0.16659708	0.11472592	-0.14156482	0.09587228	-0.076986514	0.21149872	-0.13164948	0.13635547	-0.07794834	0.096100695
0.103386074	-0.1423284	0.21442915	-0.3156783	0.26486027	-0.17134933	0.21345688	-0.6885151	0.99999845	-0.38136187	0.13280265	-0.14461194	0.19066054	-0.21307646	0.13337357	-0.124071665	0.13484335	-0.15895353	0.17818058	-0.12576377	0.14163753	-0.098379835	0.12053751	-0.09064385	0.077184655	-0.21362646	0.11384731	-0.1258214	0.073145315	-0.09816165
-0.050163522	0.06815075	-0.10951086	0.13531676	-0.8758335	0.080325976	-0.10203573	0.21322982	-0.38136187	0.9999982	-0.065974124	0.06922283	-0.09128544	0.096123755	-0.08304852	0.061153974	-0.06665407	0.07527788	-0.09341352	0.071265504	-0.07225951	0.049514186	-0.061169267	0.046912555	-0.042755414	0.10777009	-0.058098532	0.063704945	-0.03810653	0.053703118
0.16304636	-0.19543831	0.13814907	-0.13217147	0.0831467	-0.37982237	0.2562615	-0.1633663	0.13280265	-0.065974124	0.99999833	-0.37820357	0.19091277	-0.10504024	0.081696786	-0.66449517	0.24318351	-0.18174669	0.13609152	-0.08953016	0.2817009	-0.16044733	0.16243373	-0.104617104	0.06410311	-0.31069165	0.16581738	-0.16674827	0.08317243	-0.0842236
-0.1211414	0.14963634	-0.12563838	0.12106395	-0.08710989	0.21865055	-0.35771444	0.18151103	-0.14461194	0.06922283	-0.37820357	0.9999983	-0.3570924	0.12319534	-0.09298632	0.23828027	-0.67313296	0.27180946	-0.15761828	0.09647806	-0.22348408	0.18436664	-0.19150014	0.106886216	-0.067482285	0.23366025	-0.1857613	0.1678609	-0.086018436	0.08687592
0.10127566	-0.13434249	0.14037202	-0.14510809	0.10971799	-0.17480057	0.21212198	-0.29749998	0.19066054	-0.09128544	0.19091277	-0.3570924	0.9999981	-0.24428897	0.1480516	-0.1871203	0.2861855	-0.696662	0.2282192	-0.15350118	0.19529884	-0.1746012	0.21995215	-0.14207093	0.09794677	-0.26906484	0.17707296	-0.21434727	0.1116514	-0.12765165
-0.061576642	0.081097	-0.107468724	0.113198504	-0.10844531	0.09981933	-0.12538391	0.17089067	-0.21307646	0.096123755	-0.10504024	0.12319534	-0.24428897	0.999998	-0.6204537	0.09867788	-0.12764126	0.17600462	-0.59608054	0.29056886	-0.12499525	0.096725926	-0.13108556	0.12629214	-0.16587847	0.16499457	-0.11410909	0.13514075	-0.10591511	0.17871188
0.048252456	-0.06396002	0.08381154	-0.089717835	0.08676325	-0.07817168	0.09527646	-0.12855326	0.13337357	-0.08304852	0.081696786	-0.09298632	0.1480516	-0.6204537	0.9999982	-0.07810751	0.09521157	-0.12741482	0.30550328	-0.62333035	0.100691296	-0.07855468	0.10713117	-0.123812914	0.21248458	-0.13703567	0.09430226	-0.120330945	0.10461073	-0.2516805
-0.12571792	0.14115378	-0.1269998	0.11554362	-0.07860339	0.21444316	-0.22481892	0.14182322	-0.124071665	0.061153974	-0.66449517	0.23828027	-0.1871203	0.09867788	-0.07810751	0.99999833	-0.26290825	0.16977891	-0.13358594	0.08398255	-0.54461074	0.18474437	-0.17967853	0.10289037	-0.061441004	0.26890117	-0.19162737	0.16575284	-0.082958944	0.07962085
0.107532084	-0.14134666	0.12307253	-0.12274109	0.082631804	-0.19508155	0.22706366	-0.17392923	0.13484335	-0.06665407	0.24318351	-0.67313296	0.2861855	-0.12764126	0.09521157	-0.26290825	0.9999984	-0.44948864	0.16269127	-0.10408892	0.22263184	-0.27381566	0.21943349	-0.124936804	0.073424526	-0.26861066	0.20626256	-0.20221962	0.09869593	-0.09626655
-0.08766146	0.11259925	-0.121755175	0.11837037	-0.09442741	0.14768726	-0.19198082	0.18998323	-0.15895353	0.07527788	-0.18174669	0.27180946	-0.696662	0.17600462	-0.12741482	0.16977891	-0.44948864	0.9999985	-0.2524845	0.12970744	-0.19738275	0.19365479	-0.31366783	0.13583682	-0.087296754	0.22546977	-0.19303505	0.2054221	-0.10898217	0.11133911
0.0799132	-0.10708048	0.13175496	-0.14187495	0.10673384	-0.13047269	0.15315177	-0.19176097	0.17818058	-0.09341352	0.13609152	-0.15761828	0.2282192	-0.59608054	0.30550328	-0.13358594	0.16269127	-0.2524845	0.9999984	-0.44367015	0.16815129	-0.13477863	0.18186213	-0.22557354	0.21871394	-0.2532572	0.15863508	-0.21064757	0.1671565	-0.3044578
-0.05069127	0.06601903	-0.089002766	0.088170715	-0.084493	0.0809574	-0.10134304	0.11822566	-0.12576377	0.071265504	-0.08953016	0.09647806	-0.15350118	0.29056886	-0.62333035	0.08398255	-0.10408892	0.12970744	-0.44367015	0.9999984	-0.114451714	0.08762743	-0.12261877	0.13681552	-0.46171427	0.14158785	-0.108102165	0.13039456	-0.12578148	0.2762841
0.121811755	-0.1607563	0.1559585	-0.15160756	0.091052756	-0.21194105	0.20705052	-0.16659708	0.14163753	-0.07225951	0.2817009	-0.22348408	0.19529884	-0.12499525	0.100691296	-0.54461074	0.22263184	-0.19738275	0.16815129	-0.114451714	0.99999833	-0.357693	0.24551073	-0.16014968	0.08657764	-0.5385897	0.2659516	-0.26976332	0.12549423	-0.11523579
-0.07209518	0.09326899	-0.09748454	0.09309773	-0.062470496	0.12171054	-0.14006315	0.11472592	-0.098379835	0.049514186	-0.16044733	0.18436664	-0.1746012	0.096725926	-0.07855468	0.18474437	-0.27381566	0.19365479	-0.13477863	0.08762743	-0.357693	0.99999803	-0.5177093	0.160243	-0.071759485	0.26427054	-0.6562267	0.2897493	-0.1306435	0.09302541
0.081021614	-0.10626775	0.11614865	-0.11261845	0.07654193	-0.13522317	0.15497738	-0.14156482	0.12053751	-0.061169267	0.16243373	-0.19150014	0.21995215	-0.13108556	0.10713117	-0.17967853	0.21943349	-0.31366783	0.18186213	-0.12261877	0.24551073	-0.5177093	0.99999815	-0.31231326	0.10592047	-0.3005198	0.31800774	-0.56478894	0.22049218	-0.13924329
-0.052124776	0.066749536	-0.082211025	0.07675163	-0.058934588	0.08405461	-0.10306877	0.09587228	-0.09064385	0.046912555	-0.104617104	0.106886216	-0.14207093	0.12629214	-0.123812914	0.10289037	-0.124936804	0.13583682	-0.22557354	0.13681552	-0.16014968	0.160243	-0.31231326	0.9999982	-0.18081893	0.16306555	-0.21522996	0.28223303	-0.8087528	0.2006575
0.035432238	-0.046168428	0.060579836	-0.059786066	0.051074047	-0.056713242	0.06963992	-0.076986514	0.077184655	-0.042755414	0.06410311	-0.067482285	0.09794677	-0.16587847	0.21248458	-0.061441004	0.073424526	-0.087296754	0.21871394	-0.46171427	0.08657764	-0.071759485	0.10592047	-0.18081893	0.9999981	-0.10654306	0.0905746	-0.13255225	0.16611943	-0.7918776
-0.14068644	0.16958934	-0.27253866	0.20341602	-0.14446978	0.21306609	-0.2794241	0.21149872	-0.21362646	0.10777009	-0.31069165	0.23366025	-0.26906484	0.16499457	-0.13703567	0.26890117	-0.26861066	0.22546977	-0.2532572	0.14158785	-0.5385897	0.26427054	-0.3005198	0.16306555	-0.10654306	0.99999803	-0.3810014	0.25379223	-0.1373588	0.13233805
0.08203098	-0.10780239	0.11791897	-0.11285489	0.07318951	-0.1368468	0.15284327	-0.13164948	0.11384731	-0.058098532	0.16581738	-0.1857613	0.17707296	-0.11410909	0.09430226	-0.19162737	0.20626256	-0.19303505	0.15863508	-0.108102165	0.2659516	-0.6562267	0.31800774	-0.21522996	0.0905746	-0.3810014	0.9999981	-0.47481784	0.17078565	-0.12007488
-0.07951811	0.10103304	-0.121194325	0.110534005	-0.08148063	0.1286947	-0.15779112	0.13635547	-0.1258214	0.063704945	-0.16674827	0.1678609	-0.21434727	0.13514075	-0.120330945	0.16575284	-0.20221962	0.2054221	-0.21064757	0.13039456	-0.26976332	0.2897493	-0.56478894	0.28223303	-0.13255225	0.25379223	-0.47481784	0.9999981	-0.40767545	0.1590311
0.04208285	-0.05424854	0.06626255	-0.062688045	0.047535263	-0.06805759	0.08239886	-0.07794834	0.073145315	-0.03810653	0.08317243	-0.086018436	0.1116514	-0.10591511	0.10461073	-0.082958944	0.09869593	-0.10898217	0.1671565	-0.12578148	0.12549423	-0.1306435	0.22049218	-0.8087528	0.16611943	-0.1373588	0.17078565	-0.40767545	0.9999982	-0.26446584
-0.045732386	0.059024923	-0.07906149	0.07551243	-0.06599243	0.07272392	-0.09082163	0.096100695	-0.09816165	0.053703118	-0.0842236	0.08687592	-0.12765165	0.17871188	-0.2516805	0.07962085	-0.09626655	0.11133911	-0.3044578	0.2762841	-0.11523579	0.09302541	-0.13924329	0.2006575	-0.7918776	0.13233805	-0.12007488	0.1590311	-0.26446584	0.9999982
