1.0	-0.811485	0.2529088	-0.13350135	0.13186903	-0.29910573	0.18422875	-0.2526775	0.15131144	-0.071333565	0.12615564	-0.12899905	0.12674801	-0.14687516	0.067073755	-0.09442227	0.13982312	-0.10580537	0.07243143	-0.10078352	0.07029407	-0.098476775	0.08933436	-0.075585246	0.08164742	-0.10195178	0.072807245	-0.14416374	0.031903647	-0.03337038
-0.811485	0.9999998	-0.41045564	0.12471485	-0.13178343	0.1874825	-0.1734991	0.22217149	-0.14890604	0.0631084	-0.114429206	0.10982035	-0.11238364	0.12321555	-0.06082717	0.080330335	-0.13298513	0.08672388	-0.059761252	0.081080385	-0.059995156	0.08100215	-0.0742591	0.06168945	-0.067948654	0.08083937	-0.05842466	0.11388817	-0.025743661	0.0268201
0.2529088	-0.41045564	0.99999964	-0.2774564	0.21086453	-0.13602935	0.116471194	-0.70617276	0.2684262	-0.11317441	0.11838039	-0.10186213	0.17415716	-0.21724313	0.10337385	-0.08853775	0.11322249	-0.14050616	0.09695966	-0.1329277	0.07118746	-0.10287378	0.115755774	-0.099555455	0.10570226	-0.12316328	0.08746208	-0.18303499	0.04096432	-0.042842753
-0.13350135	0.12471485	-0.2774564	0.99999964	-0.74483687	0.0813942	-0.07419676	0.23521772	-0.49070653	0.14251372	-0.096005	0.07367504	-0.15956254	0.21404608	-0.13496217	0.070047975	-0.0849104	0.12138075	-0.09100825	0.12114422	-0.058337107	0.08451766	-0.10394734	0.091185406	-0.09914226	0.10485177	-0.07476419	0.15712631	-0.03663954	0.038161587
0.13186903	-0.13178343	0.21086453	-0.74483687	0.9999994	-0.09996695	0.087683104	-0.23614831	0.29609793	-0.1762861	0.13291354	-0.09507427	0.19806273	-0.29268986	0.14741232	-0.10107702	0.10722069	-0.1809005	0.13276331	-0.19004042	0.08638363	-0.12974696	0.15165098	-0.13797289	0.14448023	-0.1714416	0.119653836	-0.25619256	0.05703515	-0.05993261
-0.29910573	0.1874825	-0.13602935	0.0813942	-0.09996695	0.99999964	-0.7842729	0.12553129	-0.10478576	0.05018026	-0.22526135	0.2687619	-0.12490259	0.1108418	-0.04982872	0.14625482	-0.33104113	0.090109386	-0.057741113	0.07621913	-0.09852728	0.12188553	-0.07795427	0.059954405	-0.067868784	0.09057742	-0.06759691	0.11476829	-0.025645033	0.026567234
0.18422875	-0.1734991	0.116471194	-0.07419676	0.087683104	-0.7842729	0.9999997	-0.123465545	0.09481498	-0.046933085	0.16649187	-0.44909593	0.11887676	-0.10839994	0.046009865	-0.13467738	0.266709	-0.08791656	0.0547187	-0.072597735	0.086730614	-0.11353136	0.073272705	-0.056855645	0.063014865	-0.08596316	0.06361086	-0.110298246	0.024291674	-0.025221111
-0.2526775	0.22217149	-0.70617276	0.23521772	-0.23614831	0.12553129	-0.123465545	0.9999995	-0.4775389	0.12725095	-0.11600783	0.10156362	-0.21354118	0.21926014	-0.12410081	0.082630016	-0.11725875	0.1339175	-0.093008116	0.11939812	-0.06596833	0.092120714	-0.112845995	0.09234017	-0.10106712	0.105652295	-0.07665663	0.15803532	-0.03695123	0.03832012
0.15131144	-0.14890604	0.2684262	-0.49070653	0.29609793	-0.10478576	0.09481498	-0.4775389	0.99999946	-0.27320647	0.12433511	-0.099091634	0.23302591	-0.43043724	0.20533499	-0.092227824	0.11027273	-0.17845245	0.13423353	-0.17449827	0.07724438	-0.11259772	0.14614424	-0.13171844	0.13646221	-0.14386195	0.10263801	-0.22015403	0.051136646	-0.053294424
-0.071333565	0.0631084	-0.11317441	0.14251372	-0.1762861	0.05018026	-0.046933085	0.12725095	-0.27320647	0.9999991	-0.064620905	0.05150713	-0.14727838	0.21575595	-0.9011056	0.04583863	-0.05880134	0.091964416	-0.07596168	0.090909734	-0.03834429	0.05422426	-0.079699464	0.06973414	-0.07784362	0.0666829	-0.048900846	0.10308762	-0.026142297	0.026874665
0.12615564	-0.114429206	0.11838039	-0.096005	0.13291354	-0.22526135	0.16649187	-0.11600783	0.12433511	-0.064620905	0.99999905	-0.22780953	0.15603475	-0.14727837	0.06495362	-0.640905	0.23601258	-0.14047526	0.0926753	-0.12773518	0.3034935	-0.47077927	0.13380255	-0.10105907	0.11811613	-0.24824809	0.18227065	-0.23324478	0.04823983	-0.05001581
-0.12899905	0.10982035	-0.10186213	0.07367504	-0.09507427	0.2687619	-0.44909593	0.10156362	-0.099091634	0.05150713	-0.22780953	0.99999905	-0.19310808	0.13034716	-0.051987797	0.17960568	-0.76550215	0.11288618	-0.0644984	0.08134697	-0.11901309	0.13652025	-0.09159284	0.06577652	-0.07332765	0.09719902	-0.07403725	0.12509714	-0.027770927	0.028664714
0.12674801	-0.11238364	0.17415716	-0.15956254	0.19806273	-0.12490259	0.11887676	-0.21354118	0.23302591	-0.14727838	0.15603475	-0.19310808	0.99999887	-0.59703	0.147625	-0.11591091	0.16847822	-0.5021039	0.1863264	-0.20936145	0.09646808	-0.13509531	0.26176974	-0.17863505	0.17645392	-0.1774351	0.13308774	-0.30874	0.06745403	-0.069479264
-0.14687516	0.12321555	-0.21724313	0.21404608	-0.29268986	0.1108418	-0.10839994	0.21926014	-0.43043724	0.21575595	-0.14727837	0.13034716	-0.59703	0.9999989	-0.2923279	0.10138781	-0.14673048	0.24038973	-0.23464078	0.20526311	-0.08444744	0.11517244	-0.21250592	0.17452721	-0.1908851	0.1366871	-0.10456876	0.21850495	-0.0602796	0.06094162
0.067073755	-0.06082717	0.10337385	-0.13496217	0.14741232	-0.04982872	0.046009865	-0.12410081	0.20533499	-0.9011056	0.06495362	-0.051987797	0.147625	-0.2923279	0.999999	-0.046840105	0.058308665	-0.09894153	0.08175942	-0.10031329	0.039434813	-0.056403037	0.08249381	-0.07525298	0.08051511	-0.07128846	0.051890284	-0.11112991	0.027719874	-0.028594853
-0.09442227	0.080330335	-0.08853775	0.070047975	-0.10107702	0.14625482	-0.13467738	0.082630016	-0.092227824	0.04583863	-0.640905	0.17960568	-0.11591091	0.10138781	-0.046840105	0.99999887	-0.2935734	0.09327627	-0.061775126	0.08184868	-0.5833585	0.30875558	-0.09065943	0.06637953	-0.08124554	0.14772621	-0.12115527	0.14149445	-0.03081304	0.03160366
0.13982312	-0.13298513	0.11322249	-0.0849104	0.10722069	-0.33104113	0.266709	-0.11725875	0.11027273	-0.05880134	0.23601258	-0.76550215	0.16847822	-0.14673048	0.058308665	-0.2935734	0.99999887	-0.13176206	0.07566196	-0.09878194	0.15609308	-0.19475499	0.10576802	-0.078761846	0.08706703	-0.12710999	0.09606992	-0.15749802	0.03403683	-0.03527147
-0.10580537	0.08672388	-0.14050616	0.12138075	-0.1809005	0.090109386	-0.08791656	0.1339175	-0.17845245	0.091964416	-0.14047526	0.11288618	-0.5021039	0.24038973	-0.09894153	0.09327627	-0.13176206	0.999999	-0.22768284	0.18794829	-0.08348146	0.11131227	-0.67930293	0.18564662	-0.19197585	0.14346085	-0.12590815	0.2771785	-0.06688469	0.06590608
0.07243143	-0.059761252	0.09695966	-0.09100825	0.13276331	-0.057741113	0.0547187	-0.093008116	0.13423353	-0.07596168	0.0926753	-0.0644984	0.1863264	-0.23464078	0.08175942	-0.061775126	0.07566196	-0.22768284	0.9999988	-0.63922864	0.054321006	-0.075122915	0.17774214	-0.6138938	0.3226027	-0.09619759	0.07537859	-0.16710666	0.08936439	-0.08931021
-0.10078352	0.081080385	-0.1329277	0.12114422	-0.19004042	0.07621913	-0.072597735	0.11939812	-0.17449827	0.090909734	-0.12773518	0.08134697	-0.20936145	0.20526311	-0.10031329	0.08184868	-0.09878194	0.18794829	-0.63922864	0.999999	-0.07089942	0.09671766	-0.1829768	0.32743296	-0.5775286	0.11542063	-0.0897379	0.1864092	-0.105608605	0.10188129
0.07029407	-0.059995156	0.07118746	-0.058337107	0.08638363	-0.09852728	0.086730614	-0.06596833	0.07724438	-0.03834429	0.3034935	-0.11901309	0.09646808	-0.08444744	0.039434813	-0.5833585	0.15609308	-0.08348146	0.054321006	-0.07089942	0.9999989	-0.6972649	0.08768056	-0.0591108	0.07320809	-0.2010812	0.16542032	-0.14759769	0.029606698	-0.030138534
-0.098476775	0.08100215	-0.10287378	0.08451766	-0.12974696	0.12188553	-0.11353136	0.092120714	-0.11259772	0.05422426	-0.47077927	0.13652025	-0.13509531	0.11517244	-0.056403037	0.30875558	-0.19475499	0.11131227	-0.075122915	0.09671766	-0.6972649	0.99999905	-0.123730004	0.081487894	-0.10552162	0.22918129	-0.28525198	0.18804954	-0.04022442	0.04042874
0.08933436	-0.0742591	0.115755774	-0.10394734	0.15165098	-0.07795427	0.073272705	-0.112845995	0.14614424	-0.079699464	0.13380255	-0.09159284	0.26176974	-0.21250592	0.08249381	-0.09065943	0.10576802	-0.67930293	0.17774214	-0.1829768	0.08768056	-0.123730004	0.999999	-0.21687052	0.18563099	-0.194822	0.16509902	-0.53464746	0.08105777	-0.08138712
-0.075585246	0.06168945	-0.099555455	0.091185406	-0.13797289	0.059954405	-0.056855645	0.09234017	-0.13171844	0.06973414	-0.10105907	0.06577652	-0.17863505	0.17452721	-0.07525298	0.06637953	-0.078761846	0.18564662	-0.6138938	0.32743296	-0.0591108	0.081487894	-0.21687052	0.9999987	-0.6347744	0.10425963	-0.08297138	0.1808264	-0.15145592	0.13323438
0.08164742	-0.067948654	0.10570226	-0.09914226	0.14448023	-0.067868784	0.063014865	-0.10106712	0.13646221	-0.07784362	0.11811613	-0.07332765	0.17645392	-0.1908851	0.08051511	-0.08124554	0.08706703	-0.19197585	0.3226027	-0.5775286	0.07320809	-0.10552162	0.18563099	-0.6347744	0.99999887	-0.14419338	0.10732893	-0.23990202	0.15253478	-0.1815388
-0.10195178	0.08083937	-0.12316328	0.10485177	-0.1714416	0.09057742	-0.08596316	0.105652295	-0.14386195	0.0666829	-0.24824809	0.09719902	-0.1774351	0.1366871	-0.07128846	0.14772621	-0.12710999	0.14346085	-0.09619759	0.11542063	-0.2010812	0.22918129	-0.194822	0.10425963	-0.14419338	0.99999857	-0.80766463	0.2740133	-0.057159472	0.055031545
0.072807245	-0.05842466	0.08746208	-0.07476419	0.119653836	-0.06759691	0.06361086	-0.07665663	0.10263801	-0.048900846	0.18227065	-0.07403725	0.13308774	-0.10456876	0.051890284	-0.12115527	0.09606992	-0.12590815	0.07537859	-0.0897379	0.16542032	-0.28525198	0.16509902	-0.08297138	0.10732893	-0.80766463	0.99999815	-0.40611327	0.052694358	-0.05165819
-0.14416374	0.11388817	-0.18303499	0.15712631	-0.25619256	0.11476829	-0.110298246	0.15803532	-0.22015403	0.10308762	-0.23324478	0.12509714	-0.30874	0.21850495	-0.11112991	0.14149445	-0.15749802	0.2771785	-0.16710666	0.1864092	-0.14759769	0.18804954	-0.53464746	0.1808264	-0.23990202	0.2740133	-0.40611327	0.9999982	-0.13649768	0.11784367
0.031903647	-0.025743661	0.04096432	-0.03663954	0.05703515	-0.025645033	0.024291674	-0.03695123	0.051136646	-0.026142297	0.04823983	-0.027770927	0.06745403	-0.0602796	0.027719874	-0.03081304	0.03403683	-0.06688469	0.08936439	-0.105608605	0.029606698	-0.04022442	0.08105777	-0.15145592	0.15253478	-0.057159472	0.052694358	-0.13649768	0.99999815	-0.96022207
-0.03337038	0.0268201	-0.042842753	0.038161587	-0.05993261	0.026567234	-0.025221111	0.03832012	-0.053294424	0.026874665	-0.05001581	0.028664714	-0.069479264	0.06094162	-0.028594853	0.03160366	-0.03527147	0.06590608	-0.08931021	0.10188129	-0.030138534	0.04042874	-0.08138712	0.13323438	-0.1815388	0.055031545	-0.05165819	0.11784367	-0.96022207	0.99999815
