1.0	-0.5604095	0.22832371	-0.08353436	0.09619398	-0.7035526	0.19604787	-0.15782067	0.11716558	-0.0869032	0.26750216	-0.1971616	0.12121267	-0.0953124	0.07648977	-0.124315575	0.124140516	-0.11755836	0.08661479	-0.13472617	0.066095114	-0.0493286	0.06500835	-0.07931507	0.07915637	-0.04821441	0.05020148	-0.076050684	0.09238325	-0.15233205
-0.5604095	0.9999998	-0.5231654	0.123682775	-0.14514446	0.29515845	-0.34165627	0.2354608	-0.17941432	0.119164824	-0.34918416	0.2447751	-0.17744632	0.12850802	-0.106088854	0.14838423	-0.17138717	0.15729347	-0.11852455	0.17100355	-0.08814021	0.065369904	-0.0872648	0.10365977	-0.10352961	0.06307936	-0.06659355	0.098515406	-0.12301796	0.18691143
0.22832371	-0.5231654	0.99999994	-0.21003133	0.2030393	-0.24634662	0.2620056	-0.4857177	0.25692672	-0.19418779	0.2506223	-0.26903147	0.23522799	-0.20302586	0.16213323	-0.14712037	0.15822034	-0.23611496	0.17588069	-0.2912311	0.11830823	-0.09015014	0.121311605	-0.16319998	0.16278224	-0.08705267	0.0928551	-0.14493218	0.18255138	-0.31888056
-0.08353436	0.123682775	-0.21003133	0.99999994	-0.7507716	0.08696318	-0.12842841	0.21314886	-0.52196646	0.20415555	-0.12113553	0.1217996	-0.14546907	0.15650025	-0.16060647	0.07176712	-0.081914745	0.13252518	-0.12820393	0.18078296	-0.06905805	0.05218032	-0.07206645	0.10230952	-0.103263795	0.04970816	-0.054261427	0.082671724	-0.11386633	0.16638279
0.09619398	-0.14514446	0.2030393	-0.7507716	0.99999976	-0.10359419	0.13851346	-0.2303036	0.30337417	-0.31447867	0.14140236	-0.14561093	0.16383755	-0.20818856	0.2014503	-0.08777654	0.09825194	-0.16691974	0.16057423	-0.27200553	0.091308035	-0.069059834	0.0948361	-0.14226706	0.14278924	-0.066394985	0.0723069	-0.112793215	0.15320016	-0.24576843
-0.7035526	0.29515845	-0.24634662	0.08696318	-0.10359419	0.9999999	-0.24209781	0.16165379	-0.1263711	0.08879016	-0.5066197	0.21191303	-0.13356996	0.09809192	-0.07945405	0.15601733	-0.16537091	0.12416119	-0.09106709	0.13330108	-0.07243841	0.053527698	-0.07006938	0.08101611	-0.080698855	0.0520541	-0.053934388	0.07956779	-0.09610337	0.14907245
0.19604787	-0.34165627	0.2620056	-0.12842841	0.13851346	-0.24209781	1.0000002	-0.40495077	0.1949722	-0.124594994	0.25990292	-0.72184765	0.20700832	-0.13638663	0.10750687	-0.15279272	0.167514	-0.1808792	0.12267243	-0.1697461	0.082884245	-0.06376702	0.084484555	-0.10294132	0.1013868	-0.06054935	0.0635403	-0.09520979	0.117036484	-0.17962798
-0.15782067	0.2354608	-0.4857177	0.21314886	-0.2303036	0.16165379	-0.40495077	1.0000002	-0.50155807	0.18355171	-0.21982309	0.25808936	-0.38429946	0.18915455	-0.15999836	0.12588242	-0.14635904	0.2371612	-0.1716101	0.21077245	-0.09638881	0.07494759	-0.10291004	0.13006969	-0.12862226	0.06979566	-0.07531711	0.11250158	-0.14651275	0.21000178
0.11716558	-0.17941432	0.25692672	-0.52196646	0.30337417	-0.1263711	0.1949722	-0.50155807	1.0000002	-0.3377316	0.16942771	-0.19491173	0.21762145	-0.26997292	0.21992698	-0.1050785	0.11792178	-0.21014929	0.19170997	-0.27031997	0.09810355	-0.07554368	0.10361887	-0.15160817	0.14963919	-0.07145684	0.07760711	-0.119527176	0.16129965	-0.24370503
-0.0869032	0.119164824	-0.19418779	0.20415555	-0.31447867	0.08879016	-0.124594994	0.18355171	-0.3377316	1.0000002	-0.13541026	0.121029586	-0.17060158	0.24618761	-0.7639686	0.0799618	-0.09351652	0.1560178	-0.21132694	0.24677224	-0.090035476	0.06667305	-0.09448739	0.14071928	-0.1522091	0.06298903	-0.070474386	0.10395206	-0.16259618	0.18255804
0.26750216	-0.34918416	0.2506223	-0.12113553	0.14140236	-0.5066197	0.25990292	-0.21982309	0.16942771	-0.13541026	1.0000002	-0.4025628	0.19166315	-0.15379475	0.119904205	-0.39194757	0.26311934	-0.20121807	0.14051381	-0.22284833	0.11682162	-0.08720435	0.11101351	-0.13156293	0.13058752	-0.08677021	0.08700703	-0.13224976	0.15226059	-0.2594166
-0.1971616	0.2447751	-0.26903147	0.1217996	-0.14561093	0.21191303	-0.72184765	0.25808936	-0.19491173	0.121029586	-0.4025628	1.0	-0.25744903	0.13707918	-0.10964769	0.19392535	-0.2567411	0.19014782	-0.12998347	0.16698346	-0.092371196	0.0705248	-0.093017824	0.10550863	-0.104175344	0.0663927	-0.06952773	0.10099761	-0.12342198	0.17829521
0.12121267	-0.17744632	0.23522799	-0.14546907	0.16383755	-0.13356996	0.20700832	-0.38429946	0.21762145	-0.17060158	0.19166315	-0.25744903	0.9999999	-0.27143613	0.15624288	-0.14995904	0.1678849	-0.723804	0.24470125	-0.23268576	0.11341044	-0.102272816	0.13827123	-0.16305606	0.14936621	-0.08643572	0.09247177	-0.13943802	0.16547464	-0.22647105
-0.0953124	0.12850802	-0.20302586	0.15650025	-0.20818856	0.09809192	-0.13638663	0.18915455	-0.26997292	0.24618761	-0.15379475	0.13707918	-0.27143613	0.9999999	-0.38539225	0.09763094	-0.11651923	0.24939382	-0.69896305	0.25848386	-0.11119679	0.08672465	-0.12515087	0.21673508	-0.20959005	0.078741044	-0.08871006	0.13042161	-0.21025537	0.21024272
0.07648977	-0.106088854	0.16213323	-0.16060647	0.2014503	-0.07945405	0.10750687	-0.15999836	0.21992698	-0.7639686	0.119904205	-0.10964769	0.15624288	-0.38539225	0.99999976	-0.073821604	0.08541684	-0.15812923	0.22047672	-0.3474408	0.08560264	-0.06472267	0.091195256	-0.15259464	0.1596747	-0.060717646	0.06770639	-0.1018003	0.15621336	-0.18555664
-0.124315575	0.14838423	-0.14712037	0.07176712	-0.08777654	0.15601733	-0.15279272	0.12588242	-0.1050785	0.0799618	-0.39194757	0.19392535	-0.14995904	0.09763094	-0.073821604	0.99999946	-0.8430604	0.15827182	-0.09881244	0.12590437	-0.1226837	0.08444883	-0.09663779	0.08412425	-0.08130706	0.08184754	-0.07594974	0.10030355	-0.10036611	0.14316006
0.124140516	-0.17138717	0.15822034	-0.081914745	0.09825194	-0.16537091	0.167514	-0.14635904	0.11792178	-0.09351652	0.26311934	-0.2567411	0.1678849	-0.11651923	0.08541684	-0.8430604	0.9999995	-0.21818809	0.11519488	-0.15024199	0.117129594	-0.09877751	0.106918976	-0.098680444	0.09452482	-0.08780234	0.082756355	-0.113855064	0.1139825	-0.17056173
-0.11755836	0.15729347	-0.23611496	0.13252518	-0.16691974	0.12416119	-0.1808792	0.2371612	-0.21014929	0.1560178	-0.20121807	0.19014782	-0.723804	0.24939382	-0.15812923	0.15827182	-0.21818809	0.9999994	-0.3926305	0.21611917	-0.1268558	0.11671096	-0.1813338	0.17306605	-0.16100313	0.093634665	-0.10369371	0.14529039	-0.18053085	0.20921594
0.08661479	-0.11852455	0.17588069	-0.12820393	0.16057423	-0.09106709	0.12267243	-0.1716101	0.19170997	-0.21132694	0.14051381	-0.12998347	0.24470125	-0.69896305	0.22047672	-0.09881244	0.11519488	-0.3926305	0.9999993	-0.3043805	0.10928995	-0.09180148	0.12968087	-0.33716756	0.2216728	-0.08016439	0.089196734	-0.13599408	0.20535082	-0.22289917
-0.13472617	0.17100355	-0.2912311	0.18078296	-0.27200553	0.13330108	-0.1697461	0.21077245	-0.27031997	0.24677224	-0.22284833	0.16698346	-0.23268576	0.25848386	-0.3474408	0.12590437	-0.15024199	0.21611917	-0.3043805	0.9999993	-0.18107972	0.12728839	-0.18550262	0.29143405	-0.4883583	0.12142803	-0.1400968	0.19938532	-0.36763614	0.30864185
0.066095114	-0.08814021	0.11830823	-0.06905805	0.091308035	-0.07243841	0.082884245	-0.09638881	0.09810355	-0.090035476	0.11682162	-0.092371196	0.11341044	-0.11119679	0.08560264	-0.1226837	0.117129594	-0.1268558	0.10928995	-0.18107972	0.9999997	-0.3671671	0.26493835	-0.14968494	0.13357565	-0.6878073	0.32206297	-0.41395637	0.21024494	-0.26091096
-0.0493286	0.065369904	-0.09015014	0.05218032	-0.069059834	0.053527698	-0.06376702	0.07494759	-0.07554368	0.06667305	-0.08720435	0.0705248	-0.102272816	0.08672465	-0.06472267	0.08444883	-0.09877751	0.11671096	-0.09180148	0.12728839	-0.3671671	0.99999976	-0.73496044	0.12749271	-0.10931979	0.26256263	-0.46161866	0.2748241	-0.1622964	0.1647154
0.06500835	-0.0872648	0.121311605	-0.07206645	0.0948361	-0.07006938	0.084484555	-0.10291004	0.10361887	-0.09448739	0.11101351	-0.093017824	0.13827123	-0.12515087	0.091195256	-0.09663779	0.106918976	-0.1813338	0.12968087	-0.18550262	0.26493835	-0.73496044	0.9999994	-0.20223024	0.15312818	-0.26937205	0.2853702	-0.4049052	0.21235998	-0.24222654
-0.07931507	0.10365977	-0.16319998	0.10230952	-0.14226706	0.08101611	-0.10294132	0.13006969	-0.15160817	0.14071928	-0.13156293	0.10550863	-0.16305606	0.21673508	-0.15259464	0.08412425	-0.098680444	0.17306605	-0.33716756	0.29143405	-0.14968494	0.12749271	-0.20223024	0.99999934	-0.6877004	0.10816269	-0.1268666	0.1958607	-0.45276046	0.28147838
0.07915637	-0.10352961	0.16278224	-0.103263795	0.14278924	-0.080698855	0.1013868	-0.12862226	0.14963919	-0.1522091	0.13058752	-0.104175344	0.14936621	-0.20959005	0.1596747	-0.08130706	0.09452482	-0.16100313	0.2216728	-0.4883583	0.13357565	-0.10931979	0.15312818	-0.6877004	0.9999989	-0.09769443	0.11014138	-0.17658469	0.2865578	-0.39092496
-0.04821441	0.06307936	-0.08705267	0.04970816	-0.066394985	0.0520541	-0.06054935	0.06979566	-0.07145684	0.06298903	-0.08677021	0.0663927	-0.08643572	0.078741044	-0.060717646	0.08184754	-0.08780234	0.093634665	-0.08016439	0.12142803	-0.6878073	0.26256263	-0.26937205	0.10816269	-0.09769443	0.99999917	-0.5909084	0.277966	-0.17039065	0.1633707
0.05020148	-0.06659355	0.0928551	-0.054261427	0.0723069	-0.053934388	0.0635403	-0.07531711	0.07760711	-0.070474386	0.08700703	-0.06952773	0.09247177	-0.08871006	0.06770639	-0.07594974	0.082756355	-0.10369371	0.089196734	-0.1400968	0.32206297	-0.46161866	0.2853702	-0.1268666	0.11014138	-0.5909084	0.9999991	-0.5166395	0.19380613	-0.19243696
-0.076050684	0.098515406	-0.14493218	0.082671724	-0.112793215	0.07956779	-0.09520979	0.11250158	-0.119527176	0.10395206	-0.13224976	0.10099761	-0.13943802	0.13042161	-0.1018003	0.10030355	-0.113855064	0.14529039	-0.13599408	0.19938532	-0.41395637	0.2748241	-0.4049052	0.1958607	-0.17658469	0.277966	-0.5166395	0.99999917	-0.47448	0.25615904
0.09238325	-0.12301796	0.18255138	-0.11386633	0.15320016	-0.09610337	0.117036484	-0.14651275	0.16129965	-0.16259618	0.15226059	-0.12342198	0.16547464	-0.21025537	0.15621336	-0.10036611	0.1139825	-0.18053085	0.20535082	-0.36763614	0.21024494	-0.1622964	0.21235998	-0.45276046	0.2865578	-0.17039065	0.19380613	-0.47448	0.99999917	-0.51848626
-0.15233205	0.18691143	-0.31888056	0.16638279	-0.24576843	0.14907245	-0.17962798	0.21000178	-0.24370503	0.18255804	-0.2594166	0.17829521	-0.22647105	0.21024272	-0.18555664	0.14316006	-0.17056173	0.20921594	-0.22289917	0.30864185	-0.26091096	0.1647154	-0.24222654	0.28147838	-0.39092496	0.1633707	-0.19243696	0.25615904	-0.51848626	0.99999917
