1.0	-0.63971376	0.12351641	-0.09764016	0.078628406	-0.54909647	0.28969833	-0.19674216	0.20441227	-0.09652709	0.24498494	-0.22456287	0.17990232	-0.1233727	0.10229172	-0.1965306	0.13514814	-0.1263591	0.10180017	-0.07530257	0.16537412	-0.1108897	0.0665556	-0.062284783	0.039045606	-0.28618962	0.10521313	-0.07570206	0.057506964	-0.033164173
-0.63971376	1.0000001	-0.21396485	0.14241071	-0.11968855	0.29910782	-0.40672916	0.2399199	-0.32831872	0.13365507	-0.24826504	0.23995848	-0.2476783	0.16654606	-0.15210581	0.15968099	-0.19122781	0.1572381	-0.15224007	0.10598443	-0.16507877	0.097990476	-0.06562106	0.0688262	-0.04632784	0.21824606	-0.09725079	0.071698435	-0.06564658	0.038594045
0.12351641	-0.21396485	1.0000004	-0.80953157	0.27607337	-0.09958535	0.11945745	-0.18006189	0.18981181	-0.3749287	0.08112698	-0.12215182	0.11791759	-0.13729078	0.11995911	-0.06021868	0.07814555	-0.077239804	0.092645824	-0.08053179	0.060292833	-0.041753445	0.0293687	-0.03528032	0.024766082	-0.09996974	0.040679216	-0.03258294	0.032225665	-0.020894915
-0.09764016	0.14241071	-0.80953157	1.0000004	-0.44045708	0.07651893	-0.09506947	0.13749163	-0.1937784	0.27733567	-0.06315807	0.09371468	-0.095753044	0.10757055	-0.1001149	0.045904275	-0.06265695	0.060356345	-0.07731574	0.0642146	-0.046298794	0.031665597	-0.022589656	0.027603265	-0.019589229	0.07416179	-0.030931795	0.024920758	-0.025401803	0.016417274
0.078628406	-0.11968855	0.27607337	-0.44045708	1.0000004	-0.06463574	0.0774842	-0.10548229	0.13284156	-0.8192488	0.054351106	-0.08536137	0.08467288	-0.14059532	0.13775516	-0.040439114	0.056976862	-0.056732252	0.08878296	-0.08594375	0.041040305	-0.02911427	0.021464631	-0.028614312	0.021093922	-0.067761764	0.028390987	-0.023678005	0.025928024	-0.017731521
-0.54909647	0.29910782	-0.09958535	0.07651893	-0.06463574	1.0000001	-0.5718572	0.19947024	-0.21709916	0.07618914	-0.40905103	0.22039007	-0.19253941	0.11120621	-0.09432881	0.19436361	-0.12573853	0.11204664	-0.0924823	0.0666833	-0.16033575	0.09127408	-0.055082098	0.050871357	-0.032327544	0.2111618	-0.08632227	0.06124969	-0.047315545	0.027264018
0.28969833	-0.40672916	0.11945745	-0.09506947	0.0774842	-0.5718572	1.0000001	-0.37644145	0.2582404	-0.09381058	0.21626164	-0.44704586	0.26228946	-0.14293368	0.113291524	-0.15609115	0.14785284	-0.14112988	0.10805057	-0.08007556	0.12986954	-0.08433303	0.053955115	-0.053133488	0.034375373	-0.20194593	0.07992417	-0.060145676	0.049010437	-0.029018836
-0.19674216	0.2399199	-0.18006189	0.13749163	-0.10548229	0.19947024	-0.37644145	1.0	-0.7150822	0.122707546	-0.14522782	0.27406192	-0.41400707	0.18919316	-0.14940405	0.10094178	-0.1507575	0.14698537	-0.13200557	0.097387575	-0.09638973	0.06433034	-0.04546785	0.049868625	-0.033898838	0.14864346	-0.062141974	0.049769726	-0.046031907	0.02837096
0.20441227	-0.32831872	0.18981181	-0.1937784	0.13284156	-0.21709916	0.2582404	-0.7150822	0.99999976	-0.17121759	0.15516077	-0.2880443	0.268273	-0.27684256	0.1741088	-0.120260485	0.15103908	-0.16106895	0.15001485	-0.12039354	0.11348904	-0.08017171	0.05508841	-0.061119705	0.041033793	-0.19655618	0.07703873	-0.06139831	0.05550936	-0.034709543
-0.09652709	0.13365507	-0.3749287	0.27733567	-0.8192488	0.07618914	-0.09381058	0.122707546	-0.17121759	0.9999998	-0.06519826	0.09896487	-0.10368229	0.16105318	-0.20832554	0.047479976	-0.07030757	0.067770794	-0.11860656	0.10613862	-0.048725184	0.034162052	-0.025631143	0.035011243	-0.02621407	0.07758237	-0.03344272	0.028091557	-0.0320665	0.021790545
0.24498494	-0.24826504	0.08112698	-0.06315807	0.054351106	-0.40905103	0.21626164	-0.14522782	0.15516077	-0.06519826	0.99999934	-0.17842181	0.14232127	-0.09537434	0.07952219	-0.64162433	0.1198692	-0.11146786	0.08260236	-0.060797315	0.29061583	-0.17513844	0.091298975	-0.07293666	0.04272814	-0.41295335	0.15333833	-0.104766965	0.06673187	-0.03653098
-0.22456287	0.23995848	-0.12215182	0.09371468	-0.08536137	0.22039007	-0.44704586	0.27406192	-0.2880443	0.09896487	-0.17842181	0.99999917	-0.69274575	0.1895507	-0.16093831	0.116454795	-0.25004146	0.20737737	-0.14894709	0.10500909	-0.11153161	0.07290033	-0.053560168	0.056449205	-0.038199063	0.16020052	-0.070498645	0.057712298	-0.05252655	0.031832833
0.17990232	-0.2476783	0.11791759	-0.095753044	0.08467288	-0.19253941	0.26228946	-0.41400707	0.268273	-0.10368229	0.14232127	-0.69274575	0.9999996	-0.27154866	0.16775918	-0.10580924	0.22213645	-0.29003403	0.14818731	-0.113581054	0.09966437	-0.07108692	0.05442081	-0.056723543	0.03804245	-0.15957445	0.06805291	-0.05863358	0.05170995	-0.031952057
-0.1233727	0.16654606	-0.13729078	0.10757055	-0.14059532	0.11120621	-0.14293368	0.18919316	-0.27684256	0.16105318	-0.09537434	0.1895507	-0.27154866	0.9999997	-0.7193322	0.07048188	-0.1341603	0.13378951	-0.4109405	0.28113136	-0.072418645	0.0547828	-0.04655382	0.07671549	-0.059635445	0.11451108	-0.053374447	0.04989016	-0.07029606	0.048247766
0.10229172	-0.15210581	0.11995911	-0.1001149	0.13775516	-0.09432881	0.113291524	-0.14940405	0.1741088	-0.20832554	0.07952219	-0.16093831	0.16775918	-0.7193322	0.9999994	-0.060815964	0.10350489	-0.111401185	0.30013332	-0.4957987	0.061907597	-0.04802383	0.040224347	-0.06820714	0.056178156	-0.10305391	0.04647775	-0.04371457	0.059463635	-0.047011614
-0.1965306	0.15968099	-0.06021868	0.045904275	-0.040439114	0.19436361	-0.15609115	0.10094178	-0.120260485	0.047479976	-0.64162433	0.116454795	-0.10580924	0.07048188	-0.060815964	0.9999992	-0.103206575	0.08838299	-0.06444965	0.04648974	-0.61727625	0.16724578	-0.087164626	0.060957484	-0.03597076	0.28155372	-0.15430027	0.091415286	-0.05754456	0.030350761
0.13514814	-0.19122781	0.07814555	-0.06265695	0.056976862	-0.12573853	0.14785284	-0.1507575	0.15103908	-0.07030757	0.1198692	-0.25004146	0.22213645	-0.1341603	0.10350489	-0.103206575	0.9999995	-0.8851481	0.12501356	-0.09679395	0.10118888	-0.087274574	0.08632632	-0.069552034	0.042361505	-0.15989488	0.08183742	-0.09018831	0.06169005	-0.03614152
-0.1263591	0.1572381	-0.077239804	0.060356345	-0.056732252	0.11204664	-0.14112988	0.14698537	-0.16106895	0.067770794	-0.11146786	0.20737737	-0.29003403	0.13378951	-0.111401185	0.08838299	-0.8851481	0.9999994	-0.14671546	0.09949288	-0.09260797	0.07910666	-0.09190743	0.0670376	-0.04217473	0.13190633	-0.076137416	0.08482763	-0.061528757	0.035335254
0.10180017	-0.15224007	0.092645824	-0.07731574	0.08878296	-0.0924823	0.10805057	-0.13200557	0.15001485	-0.11860656	0.08260236	-0.14894709	0.14818731	-0.4109405	0.30013332	-0.06444965	0.12501356	-0.14671546	0.99999946	-0.78644556	0.068269685	-0.05879418	0.056934673	-0.12936705	0.0918623	-0.1131329	0.05671181	-0.06055504	0.0989853	-0.07799617
-0.07530257	0.10598443	-0.08053179	0.0642146	-0.08594375	0.0666833	-0.08007556	0.097387575	-0.12039354	0.10613862	-0.060797315	0.10500909	-0.113581054	0.28113136	-0.4957987	0.04648974	-0.09679395	0.09949288	-0.78644556	0.99999917	-0.050029367	0.04294489	-0.0428573	0.09376616	-0.09075	0.079517476	-0.041838624	0.045115672	-0.08218172	0.06944587
0.16537412	-0.16507877	0.060292833	-0.046298794	0.041040305	-0.16033575	0.12986954	-0.09638973	0.11348904	-0.048725184	0.29061583	-0.11153161	0.09966437	-0.072418645	0.061907597	-0.61727625	0.10118888	-0.09260797	0.068269685	-0.050029367	0.9999995	-0.3575036	0.13943982	-0.09102712	0.050399035	-0.53914094	0.240253	-0.15366825	0.08319754	-0.042968865
-0.1108897	0.097990476	-0.041753445	0.031665597	-0.02911427	0.09127408	-0.08433303	0.06433034	-0.08017171	0.034162052	-0.17513844	0.07290033	-0.07108692	0.0547828	-0.04802383	0.16724578	-0.087274574	0.07910666	-0.05879418	0.04294489	-0.3575036	0.9999996	-0.39821678	0.13469104	-0.073443905	0.26857096	-0.7289839	0.27643332	-0.1317097	0.060340147
0.0665556	-0.06562106	0.0293687	-0.022589656	0.021464631	-0.055082098	0.053955115	-0.04546785	0.05508841	-0.025631143	0.091298975	-0.053560168	0.05442081	-0.04655382	0.040224347	-0.087164626	0.08632632	-0.09190743	0.056934673	-0.0428573	0.13943982	-0.39821678	0.9999995	-0.27197546	0.104465075	-0.16126966	0.26579455	-0.80460125	0.19502608	-0.08786399
-0.062284783	0.0688262	-0.03528032	0.027603265	-0.028614312	0.050871357	-0.053133488	0.049868625	-0.061119705	0.035011243	-0.07293666	0.056449205	-0.056723543	0.07671549	-0.06820714	0.060957484	-0.069552034	0.0670376	-0.12936705	0.09376616	-0.09102712	0.13469104	-0.27197546	0.99999905	-0.4128154	0.115069926	-0.13540994	0.21027093	-0.77568793	0.27699766
0.039045606	-0.04632784	0.024766082	-0.019589229	0.021093922	-0.032327544	0.034375373	-0.033898838	0.041033793	-0.02621407	0.04272814	-0.038199063	0.03804245	-0.059635445	0.056178156	-0.03597076	0.042361505	-0.04217473	0.0918623	-0.09075	0.050399035	-0.073443905	0.104465075	-0.4128154	0.99999875	-0.071763955	0.06903937	-0.11728175	0.28945437	-0.8444513
-0.28618962	0.21824606	-0.09996974	0.07416179	-0.067761764	0.2111618	-0.20194593	0.14864346	-0.19655618	0.07758237	-0.41295335	0.16020052	-0.15957445	0.11451108	-0.10305391	0.28155372	-0.15989488	0.13190633	-0.1131329	0.079517476	-0.53914094	0.26857096	-0.16126966	0.115069926	-0.071763955	0.99999875	-0.4196105	0.16949546	-0.11723307	0.059431173
0.10521313	-0.09725079	0.040679216	-0.030931795	0.028390987	-0.08632227	0.07992417	-0.062141974	0.07703873	-0.03344272	0.15333833	-0.070498645	0.06805291	-0.053374447	0.04647775	-0.15430027	0.08183742	-0.076137416	0.05671181	-0.041838624	0.240253	-0.7289839	0.26579455	-0.13540994	0.06903937	-0.4196105	0.9999989	-0.38620055	0.12305159	-0.05935802
-0.07570206	0.071698435	-0.03258294	0.024920758	-0.023678005	0.06124969	-0.060145676	0.049769726	-0.06139831	0.028091557	-0.104766965	0.057712298	-0.05863358	0.04989016	-0.04371457	0.091415286	-0.09018831	0.08482763	-0.06055504	0.045115672	-0.15366825	0.27643332	-0.80460125	0.21027093	-0.11728175	0.16949546	-0.38620055	0.9999989	-0.24373397	0.095961384
0.057506964	-0.06564658	0.032225665	-0.025401803	0.025928024	-0.047315545	0.049010437	-0.046031907	0.05550936	-0.0320665	0.06673187	-0.05252655	0.05170995	-0.07029606	0.059463635	-0.05754456	0.06169005	-0.061528757	0.0989853	-0.08218172	0.08319754	-0.1317097	0.19502608	-0.77568793	0.28945437	-0.11723307	0.12305159	-0.24373397	0.99999887	-0.44058502
-0.033164173	0.038594045	-0.020894915	0.016417274	-0.017731521	0.027264018	-0.029018836	0.02837096	-0.034709543	0.021790545	-0.03653098	0.031832833	-0.031952057	0.048247766	-0.047011614	0.030350761	-0.03614152	0.035335254	-0.07799617	0.06944587	-0.042968865	0.060340147	-0.08786399	0.27699766	-0.8444513	0.059431173	-0.05935802	0.095961384	-0.44058502	0.99999887
