1.0	-0.23449506	0.2062861	-0.24055581	0.12667921	-0.6290887	0.26370302	-0.26644647	0.1744007	-0.10383829	0.32523558	-0.3716347	0.20946456	-0.1725549	0.13595873	-0.16265465	0.24108468	-0.16692081	0.1681369	-0.19501671	0.14649788	-0.2122761	0.16011807	-0.1854444	0.11804578	-0.26911432	0.15867107	-0.22676119	0.1557002	-0.15318012
-0.23449506	1.0000001	-0.631094	0.23288025	-0.11179305	0.17287384	-0.6319013	0.19589992	-0.1547523	0.086304456	-0.19374685	0.2272307	-0.15465972	0.11748627	-0.09510206	0.08450995	-0.16074763	0.10035085	-0.1054635	0.12032157	-0.083873495	0.11143305	-0.09746985	0.10564171	-0.06927815	0.1350964	-0.08445118	0.12108527	-0.08901497	0.08672916
0.2062861	-0.631094	0.9999999	-0.49527138	0.15666038	-0.14809723	0.3010907	-0.27040616	0.21916555	-0.12613302	0.18205512	-0.27322307	0.1901507	-0.1681764	0.13249023	-0.09797873	0.19659625	-0.13459708	0.14409088	-0.1726727	0.09807429	-0.14810556	0.12815513	-0.14829208	0.09714451	-0.18187517	0.112984724	-0.16839412	0.12238696	-0.12301459
-0.24055581	0.23288025	-0.49527138	0.99999976	-0.3581286	0.14781839	-0.27537456	0.24579121	-0.53916836	0.24085653	-0.20116651	0.22592127	-0.20395136	0.21810423	-0.18918483	0.10370846	-0.23822819	0.14065865	-0.16856995	0.19208388	-0.106229596	0.14469112	-0.13908957	0.15094948	-0.103624515	0.17022191	-0.11087032	0.16051209	-0.12801991	0.12323637
0.12667921	-0.11179305	0.15666038	-0.3581286	0.99999976	-0.07913639	0.12856464	-0.19607262	0.3001176	-0.8019334	0.11142333	-0.1501766	0.14430489	-0.2174861	0.18502986	-0.06520694	0.14430021	-0.109081864	0.13481258	-0.1941565	0.06708819	-0.10529818	0.10146001	-0.12574412	0.087306716	-0.12259125	0.080856346	-0.12520595	0.09900604	-0.10559809
-0.6290887	0.17287384	-0.14809723	0.14781839	-0.07913639	0.9999997	-0.2980732	0.16781896	-0.10925628	0.064109586	-0.63927615	0.2488164	-0.1387964	0.10365677	-0.08239678	0.1319667	-0.16009124	0.100654565	-0.10062842	0.11404579	-0.12177167	0.12738535	-0.09819174	0.10711868	-0.06865312	0.15522735	-0.094699495	0.12987068	-0.09110614	0.08790037
0.26370302	-0.6319013	0.3010907	-0.27537456	0.12856464	-0.2980732	0.9999995	-0.31717357	0.18081065	-0.10435435	0.24756968	-0.4127791	0.2217811	-0.15766233	0.12424237	-0.11429202	0.20627879	-0.139947	0.14208327	-0.16405223	0.11067935	-0.1547234	0.1331468	-0.14566216	0.09466882	-0.1887819	0.11678259	-0.16855434	0.12169337	-0.11976326
-0.26644647	0.19589992	-0.27040616	0.24579121	-0.19607262	0.16781896	-0.31717357	0.99999946	-0.33499444	0.15616415	-0.2399685	0.30517083	-0.6651129	0.22583963	-0.18482059	0.11838965	-0.2676178	0.19940503	-0.19259952	0.19659872	-0.12211015	0.16635017	-0.19507796	0.1627326	-0.10944099	0.1852015	-0.1259798	0.17273848	-0.13919215	0.12891363
0.1744007	-0.1547523	0.21916555	-0.53916836	0.3001176	-0.10925628	0.18081065	-0.33499444	0.9999995	-0.46348712	0.15363735	-0.20838024	0.21818273	-0.3840685	0.23525968	-0.08772199	0.19479376	-0.1481427	0.18046476	-0.24241848	0.09023257	-0.13904959	0.13734652	-0.163411	0.112461574	-0.16052228	0.10642495	-0.16240135	0.12939927	-0.1349227
-0.10383829	0.086304456	-0.12613302	0.24085653	-0.8019334	0.064109586	-0.10435435	0.15616415	-0.46348712	0.9999997	-0.09076725	0.1173622	-0.12351244	0.19764887	-0.2160442	0.051955827	-0.117773354	0.08768764	-0.1151567	0.15854305	-0.053643044	0.08169103	-0.082866006	0.09826469	-0.070331804	0.09375244	-0.062797286	0.095438406	-0.07862452	0.08148437
0.32523558	-0.19374685	0.18205512	-0.20116651	0.11142333	-0.63927615	0.24756968	-0.2399685	0.15363735	-0.09076725	0.9999997	-0.43004656	0.20212361	-0.15123202	0.119652614	-0.2502118	0.23359764	-0.15067212	0.14838862	-0.16789447	0.18498296	-0.1973915	0.14633836	-0.15939198	0.10171265	-0.23900989	0.1442961	-0.19549866	0.13585857	-0.13059773
-0.3716347	0.2272307	-0.27322307	0.22592127	-0.1501766	0.2488164	-0.4127791	0.30517083	-0.20838024	0.1173622	-0.43004656	0.99999994	-0.48402014	0.18955153	-0.155743	0.15559429	-0.32553166	0.18397139	-0.17820728	0.18477735	-0.15645105	0.18293983	-0.18161266	0.16426234	-0.10820388	0.21203893	-0.13755183	0.18610606	-0.14183427	0.1316531
0.20946456	-0.15465972	0.1901507	-0.20395136	0.14430489	-0.1387964	0.2217811	-0.6651129	0.21818273	-0.12351244	0.20212361	-0.48402014	1.0	-0.28770074	0.1831043	-0.10568265	0.22470437	-0.28135642	0.19407463	-0.20834449	0.10799695	-0.16644871	0.19842555	-0.16448018	0.10789589	-0.17693666	0.12152939	-0.16846532	0.13366142	-0.12793191
-0.1725549	0.11748627	-0.1681764	0.21810423	-0.2174861	0.10365677	-0.15766233	0.22583963	-0.3840685	0.19764887	-0.15123202	0.18955153	-0.28770074	0.9999997	-0.6938719	0.08633842	-0.20592466	0.1665309	-0.2812532	0.29691437	-0.09024517	0.13410898	-0.15866163	0.17560881	-0.13277732	0.14629838	-0.103537045	0.1527873	-0.14268836	0.13696615
0.13595873	-0.09510206	0.13249023	-0.18918483	0.18502986	-0.08239678	0.12424237	-0.18482059	0.23525968	-0.2160442	0.119652614	-0.155743	0.1831043	-0.6938719	0.99999964	-0.07136264	0.16632515	-0.14647731	0.23342405	-0.5426672	0.07451884	-0.116980515	0.13201219	-0.17094178	0.13601659	-0.12737927	0.090163074	-0.13941383	0.12820072	-0.14401221
-0.16265465	0.08450995	-0.09797873	0.10370846	-0.06520694	0.1319667	-0.11429202	0.11838965	-0.08772199	0.051955827	-0.2502118	0.15559429	-0.10568265	0.08633842	-0.07136264	0.99999976	-0.3188489	0.107323505	-0.10075152	0.10130177	-0.8560702	0.20062843	-0.12309826	0.104334705	-0.06625401	0.19549602	-0.14381471	0.13832225	-0.09906552	0.08314479
0.24108468	-0.16074763	0.19659625	-0.23822819	0.14430021	-0.16009124	0.20627879	-0.2676178	0.19479376	-0.117773354	0.23359764	-0.32553166	0.22470437	-0.20592466	0.16632515	-0.3188489	0.99999994	-0.24483906	0.22921921	-0.25128073	0.24184187	-0.3629144	0.234279	-0.2672136	0.1653306	-0.48160392	0.26430956	-0.35296994	0.23046431	-0.21753997
-0.16692081	0.10035085	-0.13459708	0.14065865	-0.109081864	0.100654565	-0.139947	0.19940503	-0.1481427	0.08768764	-0.15067212	0.18397139	-0.28135642	0.1665309	-0.14647731	0.107323505	-0.24483906	0.99999994	-0.4188554	0.2110173	-0.1192656	0.2305645	-0.7292335	0.20744775	-0.12541461	0.18678114	-0.1661576	0.19015287	-0.16843148	0.13684669
0.1681369	-0.1054635	0.14409088	-0.16856995	0.13481258	-0.10062842	0.14208327	-0.19259952	0.18046476	-0.1151567	0.14838862	-0.17820728	0.19407463	-0.2812532	0.23342405	-0.10075152	0.22921921	-0.4188554	1.0000001	-0.5157238	0.106871836	-0.19566001	0.25171676	-0.49607602	0.21661957	-0.19165285	0.1464725	-0.23984094	0.23238887	-0.2283256
-0.19501671	0.12032157	-0.1726727	0.19208388	-0.1941565	0.11404579	-0.16405223	0.19659872	-0.24241848	0.15854305	-0.16789447	0.18477735	-0.20834449	0.29691437	-0.5426672	0.10130177	-0.25128073	0.2110173	-0.5157238	1.0	-0.10719391	0.16174592	-0.207022	0.25637472	-0.26922047	0.1717862	-0.12723568	0.19189145	-0.2044533	0.2119509
0.14649788	-0.083873495	0.09807429	-0.106229596	0.06708819	-0.12177167	0.11067935	-0.12211015	0.09023257	-0.053643044	0.18498296	-0.15645105	0.10799695	-0.09024517	0.07451884	-0.8560702	0.24184187	-0.1192656	0.106871836	-0.10719391	1.0	-0.28770027	0.13353969	-0.11211038	0.070613764	-0.2466863	0.1665606	-0.154507	0.1071431	-0.08878408
-0.2122761	0.11143305	-0.14810556	0.14469112	-0.10529818	0.12738535	-0.1547234	0.16635017	-0.13904959	0.08169103	-0.1973915	0.18293983	-0.16644871	0.13410898	-0.116980515	0.20062843	-0.3629144	0.2305645	-0.19566001	0.16174592	-0.28770027	0.99999994	-0.40834823	0.17529967	-0.11260882	0.31471592	-0.60982627	0.25300953	-0.19958822	0.13235676
0.16011807	-0.09746985	0.12815513	-0.13908957	0.10146001	-0.09819174	0.1331468	-0.19507796	0.13734652	-0.082866006	0.14633836	-0.18161266	0.19842555	-0.15866163	0.13201219	-0.12309826	0.234279	-0.7292335	0.25171676	-0.207022	0.13353969	-0.40834823	0.9999998	-0.21802175	0.12434454	-0.23864287	0.20634562	-0.23766632	0.17353131	-0.14575723
-0.1854444	0.10564171	-0.14829208	0.15094948	-0.12574412	0.10711868	-0.14566216	0.1627326	-0.163411	0.09826469	-0.15939198	0.16426234	-0.16448018	0.17560881	-0.17094178	0.104334705	-0.2672136	0.20744775	-0.49607602	0.25637472	-0.11211038	0.17529967	-0.21802175	1.0000002	-0.4333238	0.18533131	-0.15212774	0.26773608	-0.50822395	0.28936243
0.11804578	-0.06927815	0.09714451	-0.103624515	0.087306716	-0.06865312	0.09466882	-0.10944099	0.112461574	-0.070331804	0.10171265	-0.10820388	0.10789589	-0.13277732	0.13601659	-0.06625401	0.1653306	-0.12541461	0.21661957	-0.26922047	0.070613764	-0.11260882	0.12434454	-0.4333238	1.0000004	-0.12227506	0.095658205	-0.17994764	0.23974757	-0.796213
-0.26911432	0.1350964	-0.18187517	0.17022191	-0.12259125	0.15522735	-0.1887819	0.1852015	-0.16052228	0.09375244	-0.23900989	0.21203893	-0.17693666	0.14629838	-0.12737927	0.19549602	-0.48160392	0.18678114	-0.19165285	0.1717862	-0.2466863	0.31471592	-0.23864287	0.18533131	-0.12227506	1.0000004	-0.59756553	0.26963398	-0.22200204	0.1450577
0.15867107	-0.08445118	0.112984724	-0.11087032	0.080856346	-0.094699495	0.11678259	-0.1259798	0.10642495	-0.062797286	0.1442961	-0.13755183	0.12152939	-0.103537045	0.090163074	-0.14381471	0.26430956	-0.1661576	0.1464725	-0.12723568	0.1665606	-0.60982627	0.20634562	-0.15212774	0.095658205	-0.59756553	1.0000002	-0.37315407	0.19396736	-0.11525385
-0.22676119	0.12108527	-0.16839412	0.16051209	-0.12520595	0.12987068	-0.16855434	0.17273848	-0.16240135	0.095438406	-0.19549866	0.18610606	-0.16846532	0.1527873	-0.13941383	0.13832225	-0.35296994	0.19015287	-0.23984094	0.19189145	-0.154507	0.25300953	-0.23766632	0.26773608	-0.17994764	0.26963398	-0.37315407	1.0000004	-0.64135015	0.2048462
0.1557002	-0.08901497	0.12238696	-0.12801991	0.09900604	-0.09110614	0.12169337	-0.13919215	0.12939927	-0.07862452	0.13585857	-0.14183427	0.13366142	-0.14268836	0.12820072	-0.09906552	0.23046431	-0.16843148	0.23238887	-0.2044533	0.1071431	-0.19958822	0.17353131	-0.50822395	0.23974757	-0.22200204	0.19396736	-0.64135015	1.0000004	-0.34955454
-0.15318012	0.08672916	-0.12301459	0.12323637	-0.10559809	0.08790037	-0.11976326	0.12891363	-0.1349227	0.08148437	-0.13059773	0.1316531	-0.12793191	0.13696615	-0.14401221	0.08314479	-0.21753997	0.13684669	-0.2283256	0.2119509	-0.08878408	0.13235676	-0.14575723	0.28936243	-0.796213	0.1450577	-0.11525385	0.2048462	-0.34955454	1.0000004
