1.0000001	-0.5511246	0.17982927	-0.085068636	0.08815867	-0.699588	0.32502347	-0.19919072	0.13822278	-0.07328169	0.18845792	-0.16491812	0.123527095	-0.11855435	0.071702935	-0.18643601	0.13861562	-0.10524506	0.08141288	-0.12998396	0.07776412	-0.08169796	0.08743089	-0.07862489	0.053534683	-0.07993563	0.080608815	-0.07088378	0.058768824	-0.06852158
-0.5511246	1.0	-0.3499648	0.11137821	-0.11866243	0.3103287	-0.6232949	0.24263382	-0.16707145	0.0805541	-0.19272055	0.17399499	-0.14477341	0.13006857	-0.080622345	0.1665329	-0.15401313	0.10862955	-0.084465176	0.13000385	-0.07865629	0.0838443	-0.09176833	0.07987472	-0.05449255	0.07827332	-0.08517623	0.072103836	-0.06040223	0.06898888
0.17982927	-0.3499648	1.0000001	-0.24556997	0.18679301	-0.14908232	0.21433575	-0.8004203	0.2018453	-0.10926129	0.13573812	-0.1350349	0.19304018	-0.18597244	0.10049781	-0.1516203	0.1283739	-0.12437774	0.09729498	-0.15921184	0.07263715	-0.07822495	0.09893515	-0.092520796	0.06322141	-0.07518553	0.078842364	-0.081477724	0.06778646	-0.081242815
-0.085068636	0.11137821	-0.24556997	1.0000001	-0.85591775	0.07106626	-0.09527265	0.18406525	-0.3309588	0.1638436	-0.09137757	0.08746184	-0.12665987	0.14035924	-0.14744662	0.11528895	-0.09507066	0.104013234	-0.085432544	0.15141219	-0.05757638	0.061431184	-0.08421182	0.08302933	-0.05728637	0.060483295	-0.062761374	0.07231928	-0.05995732	0.074416675
0.08815867	-0.11866243	0.18679301	-0.85591775	1.0	-0.07652063	0.09889962	-0.19530214	0.24478321	-0.2371099	0.10087975	-0.09726596	0.1286348	-0.14750102	0.16739947	-0.13794006	0.10801826	-0.12566105	0.1034603	-0.19155481	0.06788598	-0.07220136	0.10069045	-0.102763526	0.07096708	-0.07250371	0.073359914	-0.08925272	0.07339344	-0.09316333
-0.699588	0.3103287	-0.14908232	0.07106626	-0.07652063	1.0000001	-0.5635217	0.1541747	-0.12509784	0.061811183	-0.260903	0.1812858	-0.11663192	0.10565641	-0.06228888	0.17035879	-0.14392811	0.09387063	-0.07177584	0.10896527	-0.07275348	0.077397056	-0.079156995	0.06809646	-0.04626542	0.07267692	-0.07691753	0.061970204	-0.051743273	0.05851771
0.32502347	-0.6232949	0.21433575	-0.09527265	0.09889962	-0.5635217	1.0000002	-0.26134327	0.15502441	-0.07916359	0.21694146	-0.25806946	0.14982134	-0.13928846	0.07820239	-0.19733848	0.16834249	-0.11837321	0.089816816	-0.13926345	0.08556868	-0.0929094	0.09700352	-0.08562579	0.058088217	-0.087327085	0.090774015	-0.07738937	0.064289436	-0.07394811
-0.19919072	0.24263382	-0.8004203	0.18406525	-0.19530214	0.1541747	-0.26134327	1.0000002	-0.24487357	0.107719496	-0.1540519	0.14947759	-0.28459424	0.19829719	-0.105428286	0.15305594	-0.14276524	0.12829436	-0.10046593	0.15387265	-0.07626401	0.08260194	-0.10423803	0.09255887	-0.06325492	0.07700813	-0.08437762	0.08186266	-0.06900871	0.07995859
0.13822278	-0.16707145	0.2018453	-0.3309588	0.24478321	-0.12509784	0.15502441	-0.24487357	0.9999999	-0.27894765	0.19462462	-0.19668186	0.2795231	-0.4707152	0.21890815	-0.28059778	0.21464494	-0.26766363	0.21728028	-0.4017566	0.1359171	-0.14614755	0.20741786	-0.21579567	0.14821331	-0.1469099	0.14684996	-0.18668698	0.1525457	-0.19588967
-0.07328169	0.0805541	-0.10926129	0.1638436	-0.2371099	0.061811183	-0.07916359	0.107719496	-0.27894765	0.99999964	-0.09719125	0.08949944	-0.12995352	0.13908379	-0.8746892	0.11857901	-0.10740016	0.119357884	-0.109683834	0.196616	-0.0653772	0.06995465	-0.10445496	0.09906448	-0.07042579	0.06634474	-0.07389231	0.08461153	-0.07337237	0.08716883
0.18845792	-0.19272055	0.13573812	-0.09137757	0.10087975	-0.260903	0.21694146	-0.1540519	0.19462462	-0.09719125	0.99999976	-0.6441426	0.20736885	-0.19808301	0.1000305	-0.52932906	0.30018976	-0.18060204	0.13094012	-0.19247386	0.16138619	-0.16870253	0.1469425	-0.12428167	0.08327439	-0.16320871	0.15544558	-0.114830434	0.09485841	-0.10517484
-0.16491812	0.17399499	-0.1350349	0.08746184	-0.09726596	0.1812858	-0.25806946	0.14947759	-0.19668186	0.08949944	-0.6441426	0.99999946	-0.30744433	0.20307618	-0.094130166	0.29922873	-0.51668787	0.18076237	-0.12901686	0.17216533	-0.13645725	0.16874845	-0.14636044	0.11538032	-0.07694539	0.13095015	-0.16142078	0.10703788	-0.08976976	0.09528113
0.123527095	-0.14477341	0.19304018	-0.12665987	0.1286348	-0.11663192	0.14982134	-0.28459424	0.2795231	-0.12995352	0.20736885	-0.30744433	0.9999993	-0.74592215	0.1276632	-0.21327114	0.20881125	-0.25755456	0.16826333	-0.23058052	0.102849044	-0.11997899	0.16362017	-0.14406127	0.095116675	-0.105375014	0.11715332	-0.124280125	0.104587175	-0.11889305
-0.11855435	0.13006857	-0.18597244	0.14035924	-0.14750102	0.10565641	-0.13928846	0.19829719	-0.4707152	0.13908379	-0.19808301	0.20307618	-0.74592215	0.99999905	-0.1485212	0.18596677	-0.1952586	0.19551286	-0.16706364	0.20812176	-0.096088044	0.10888956	-0.15447816	0.13202897	-0.08865378	0.09629666	-0.11112651	0.11327591	-0.09800727	0.108604304
0.071702935	-0.080622345	0.10049781	-0.14744662	0.16739947	-0.06228888	0.07820239	-0.105428286	0.21890815	-0.8746892	0.1000305	-0.094130166	0.1276632	-0.1485212	0.9999989	-0.13336211	0.11427724	-0.14405498	0.13242123	-0.27936125	0.07123477	-0.07737767	0.11980633	-0.12286057	0.08732283	-0.07422437	0.080320224	-0.102991365	0.087755725	-0.11017755
-0.18643601	0.1665329	-0.1516203	0.11528895	-0.13794006	0.17035879	-0.19733848	0.15305594	-0.28059778	0.11857901	-0.52932906	0.29922873	-0.21327114	0.18596677	-0.13336211	0.9999989	-0.48815483	0.20783849	-0.15928753	0.210725	-0.3512126	0.2300896	-0.19816366	0.14688922	-0.09970247	0.23699455	-0.257289	0.14083333	-0.12037818	0.12170796
0.13861562	-0.15401313	0.1283739	-0.09507066	0.10801826	-0.14392811	0.16834249	-0.14276524	0.21464494	-0.10740016	0.30018976	-0.51668787	0.20881125	-0.1952586	0.11427724	-0.48815483	0.9999987	-0.32132724	0.18492655	-0.24607362	0.2006441	-0.37939045	0.2139326	-0.1694558	0.11008812	-0.2099987	0.2461123	-0.15993589	0.1295658	-0.13707648
-0.10524506	0.10862955	-0.12437774	0.104013234	-0.12566105	0.09387063	-0.11837321	0.12829436	-0.26766363	0.119357884	-0.18060204	0.18076237	-0.25755456	0.19551286	-0.14405498	0.20783849	-0.32132724	0.99999845	-0.55349857	0.29905745	-0.12951052	0.17559363	-0.5295451	0.26668674	-0.16726293	0.12596941	-0.17533113	0.22604923	-0.21124437	0.17962278
0.08141288	-0.084465176	0.09729498	-0.085432544	0.1034603	-0.07177584	0.089816816	-0.10046593	0.21728028	-0.109683834	0.13094012	-0.12901686	0.16826333	-0.16706364	0.13242123	-0.15928753	0.18492655	-0.55349857	0.9999983	-0.55947065	0.098200195	-0.12654951	0.28300062	-0.45553628	0.1995113	-0.09746278	0.12849478	-0.21413921	0.20794444	-0.20911427
-0.12998396	0.13000385	-0.15921184	0.15141219	-0.19155481	0.10896527	-0.13926345	0.15387265	-0.4017566	0.196616	-0.19247386	0.17216533	-0.23058052	0.20812176	-0.27936125	0.210725	-0.24607362	0.29905745	-0.55947065	0.9999981	-0.13871364	0.15789412	-0.30778566	0.27342397	-0.24806966	0.13138473	-0.17480549	0.20399106	-0.21496475	0.21644321
0.07776412	-0.07865629	0.07263715	-0.05757638	0.06788598	-0.07275348	0.08556868	-0.07626401	0.1359171	-0.0653772	0.16138619	-0.13645725	0.102849044	-0.096088044	0.07123477	-0.3512126	0.2006441	-0.12951052	0.098200195	-0.13871364	0.99999774	-0.30208972	0.13330281	-0.10178192	0.06743932	-0.8209847	0.26011574	-0.10585771	0.083605945	-0.085221745
-0.08169796	0.0838443	-0.07822495	0.061431184	-0.07220136	0.077397056	-0.0929094	0.08260194	-0.14614755	0.06995465	-0.16870253	0.16874845	-0.11997899	0.10888956	-0.07737767	0.2300896	-0.37939045	0.17559363	-0.12654951	0.15789412	-0.30208972	0.99999744	-0.23842019	0.13265005	-0.08517714	0.25148934	-0.7718188	0.15315454	-0.11778358	0.10473714
0.08743089	-0.09176833	0.09893515	-0.08421182	0.10069045	-0.079156995	0.09700352	-0.10423803	0.20741786	-0.10445496	0.1469425	-0.14636044	0.16362017	-0.15447816	0.11980633	-0.19816366	0.2139326	-0.5295451	0.28300062	-0.30778566	0.13330281	-0.23842019	0.99999744	-0.40110964	0.20359452	-0.13810875	0.19445188	-0.49672565	0.28257737	-0.2581737
-0.07862489	0.07987472	-0.092520796	0.08302933	-0.102763526	0.06809646	-0.08562579	0.09255887	-0.21579567	0.09906448	-0.12428167	0.11538032	-0.14406127	0.13202897	-0.12286057	0.14688922	-0.1694558	0.26668674	-0.45553628	0.27342397	-0.10178192	0.13265005	-0.40110964	0.9999974	-0.45021006	0.098814376	-0.14340775	0.27900958	-0.47178006	0.29231423
0.053534683	-0.05449255	0.06322141	-0.05728637	0.07096708	-0.04626542	0.058088217	-0.06325492	0.14821331	-0.07042579	0.08327439	-0.07694539	0.095116675	-0.08865378	0.08732283	-0.09970247	0.11008812	-0.16726293	0.1995113	-0.24806966	0.06743932	-0.08517714	0.20359452	-0.45021006	0.9999975	-0.066261165	0.09167598	-0.19090027	0.2311604	-0.79829615
-0.07993563	0.07827332	-0.07518553	0.060483295	-0.07250371	0.07267692	-0.087327085	0.07700813	-0.1469099	0.06634474	-0.16320871	0.13095015	-0.105375014	0.09629666	-0.07422437	0.23699455	-0.2099987	0.12596941	-0.09746278	0.13138473	-0.8209847	0.25148934	-0.13810875	0.098814376	-0.066261165	0.99999744	-0.39088777	0.105960265	-0.08613746	0.08187104
0.080608815	-0.08517623	0.078842364	-0.062761374	0.073359914	-0.07691753	0.090774015	-0.08437762	0.14684996	-0.07389231	0.15544558	-0.16142078	0.11715332	-0.11112651	0.080320224	-0.257289	0.2461123	-0.17533113	0.12849478	-0.17480549	0.26011574	-0.7718188	0.19445188	-0.14340775	0.09167598	-0.39088777	0.9999975	-0.18452895	0.12628682	-0.116745256
-0.07088378	0.072103836	-0.081477724	0.07231928	-0.08925272	0.061970204	-0.07738937	0.08186266	-0.18668698	0.08461153	-0.114830434	0.10703788	-0.124280125	0.11327591	-0.102991365	0.14083333	-0.15993589	0.22604923	-0.21413921	0.20399106	-0.10585771	0.15315454	-0.49672565	0.27900958	-0.19090027	0.105960265	-0.18452895	0.9999977	-0.7124396	0.21014506
0.058768824	-0.06040223	0.06778646	-0.05995732	0.07339344	-0.051743273	0.064289436	-0.06900871	0.1525457	-0.07337237	0.09485841	-0.08976976	0.104587175	-0.09800727	0.087755725	-0.12037818	0.1295658	-0.21124437	0.20794444	-0.21496475	0.083605945	-0.11778358	0.28257737	-0.47178006	0.2311604	-0.08613746	0.12628682	-0.7124396	0.9999977	-0.3281335
-0.06852158	0.06898888	-0.081242815	0.074416675	-0.09316333	0.05851771	-0.07394811	0.07995859	-0.19588967	0.08716883	-0.10517484	0.09528113	-0.11889305	0.108604304	-0.11017755	0.12170796	-0.13707648	0.17962278	-0.20911427	0.21644321	-0.085221745	0.10473714	-0.2581737	0.29231423	-0.79829615	0.08187104	-0.116745256	0.21014506	-0.3281335	0.9999977
