1.0000001	-0.30955908	0.19902305	-0.1646123	0.14365293	-0.7097763	0.26221082	-0.21775159	0.19049701	-0.14572875	0.31924877	-0.3067369	0.18304761	-0.2280537	0.15862298	-0.21823536	0.162363	-0.21794201	0.13370994	-0.1278117	0.15076455	-0.18220988	0.14156874	-0.1180775	0.10445615	-0.18139094	0.13433188	-0.14852712	0.1139554	-0.12103977
-0.30955908	1.0000004	-0.64361775	0.24759544	-0.23215696	0.21047562	-0.47899288	0.256366	-0.26188725	0.17885241	-0.25792995	0.26531556	-0.1855618	0.19853547	-0.19027011	0.13285038	-0.12910378	0.16114652	-0.12857865	0.12272042	-0.1075432	0.1272418	-0.116706185	0.100661755	-0.099097855	0.118105516	-0.09778578	0.11444987	-0.09941563	0.10388982
0.19902305	-0.64361775	1.0000002	-0.4989844	0.2527696	-0.1581376	0.2615405	-0.28380877	0.23972334	-0.20949465	0.19699709	-0.26863816	0.17877659	-0.21457006	0.18756905	-0.12964007	0.12700157	-0.16872157	0.12727804	-0.12979406	0.10289172	-0.12976968	0.117268935	-0.10341146	0.100360185	-0.12109752	0.0974901	-0.119426064	0.100298084	-0.10987616
-0.1646123	0.24759544	-0.4989844	1.0000001	-0.6713586	0.12045891	-0.18872863	0.20149305	-0.28989953	0.26668975	-0.17295812	0.19068892	-0.14688154	0.17555064	-0.24732538	0.10461972	-0.10484925	0.13731587	-0.13117638	0.13505106	-0.08619961	0.106258266	-0.10620778	0.09767956	-0.10399899	0.098373406	-0.0819574	0.10532723	-0.09632561	0.104361646
0.14365293	-0.23215696	0.2527696	-0.6713586	1.0	-0.11012863	0.16728184	-0.19856092	0.24303626	-0.5232309	0.15580551	-0.19984052	0.1475339	-0.19259293	0.25182125	-0.10959581	0.109403536	-0.14927179	0.13342355	-0.15671009	0.0884867	-0.11390553	0.1110321	-0.10495277	0.109261364	-0.10616653	0.086223	-0.11498865	0.10074136	-0.11701207
-0.7097763	0.21047562	-0.1581376	0.12045891	-0.11012863	0.9999998	-0.31800896	0.1770558	-0.15687537	0.10904787	-0.5391875	0.23128985	-0.141003	0.1626909	-0.120055445	0.16001289	-0.11766994	0.15056401	-0.09713321	0.091559716	-0.11460558	0.12659352	-0.10041195	0.08328645	-0.07512926	0.123549804	-0.09477101	0.10257264	-0.08099845	0.08473457
0.26221082	-0.47899288	0.2615405	-0.18872863	0.16728184	-0.31800896	0.9999997	-0.4942043	0.2698678	-0.16907276	0.25401574	-0.5068882	0.23696801	-0.24371012	0.17295575	-0.14077315	0.14745748	-0.18192112	0.1261782	-0.120048255	0.112170644	-0.13920552	0.121093914	-0.10199282	0.09624762	-0.12473404	0.103183694	-0.11843071	0.09940864	-0.10386902
-0.21775159	0.256366	-0.28380877	0.20149305	-0.19856092	0.1770558	-0.4942043	0.9999998	-0.62368846	0.21332854	-0.22565757	0.28965038	-0.3442772	0.26149544	-0.21051732	0.12531844	-0.13659692	0.17416306	-0.13550399	0.13015702	-0.104019925	0.12749195	-0.121440314	0.10439678	-0.10302297	0.11452467	-0.097317785	0.11633844	-0.102292515	0.10688121
0.19049701	-0.26188725	0.23972334	-0.28989953	0.24303626	-0.15687537	0.2698678	-0.62368846	0.9999997	-0.40778643	0.2065476	-0.30893624	0.24862215	-0.3256197	0.25054082	-0.13932915	0.14591175	-0.19759905	0.15457103	-0.16573404	0.1130584	-0.14532298	0.13670865	-0.12315348	0.12175834	-0.13246451	0.10892993	-0.13793266	0.11825875	-0.13180259
-0.14572875	0.17885241	-0.20949465	0.26668975	-0.5232309	0.10904787	-0.16907276	0.21332854	-0.40778643	0.99999964	-0.1612067	0.18921424	-0.15819626	0.19993995	-0.5884167	0.10604835	-0.110407285	0.14772062	-0.1713576	0.20055543	-0.0884116	0.11235346	-0.12130944	0.11963803	-0.14090504	0.10286023	-0.08674022	0.120893195	-0.11647386	0.1315965
0.31924877	-0.25792995	0.19699709	-0.17295812	0.15580551	-0.5391875	0.25401574	-0.22565757	0.2065476	-0.1612067	0.99999934	-0.3628719	0.21034567	-0.26483148	0.18187733	-0.36270118	0.2079106	-0.27367428	0.16112347	-0.15182996	0.21966445	-0.24031676	0.1769942	-0.14501092	0.12557824	-0.24195677	0.17673598	-0.18579079	0.13999286	-0.1469132
-0.3067369	0.26531556	-0.26863816	0.19068892	-0.19984052	0.23128985	-0.5068882	0.28965038	-0.30893624	0.18921424	-0.3628719	0.9999995	-0.45222408	0.29439133	-0.23403028	0.17829363	-0.25658333	0.24342558	-0.17570865	0.15384124	-0.15626276	0.18928863	-0.16924977	0.13561112	-0.12918012	0.15881549	-0.14364727	0.15352425	-0.13519299	0.13264126
0.18304761	-0.1855618	0.17877659	-0.14688154	0.1475339	-0.141003	0.23696801	-0.3442772	0.24862215	-0.15819626	0.21034567	-0.45222408	0.9999995	-0.7076484	0.19101773	-0.13040756	0.17840071	-0.28247675	0.14979139	-0.13138938	0.11319758	-0.14866658	0.14450553	-0.11686231	0.10542681	-0.12209878	0.109164365	-0.12957318	0.111230105	-0.11076075
-0.2280537	0.19853547	-0.21457006	0.17555064	-0.19259293	0.1626909	-0.24371012	0.26149544	-0.3256197	0.19993995	-0.26483148	0.29439133	-0.7076484	0.99999934	-0.2921087	0.14626354	-0.1805332	0.22619274	-0.21100861	0.17173259	-0.12969992	0.15643825	-0.16705579	0.14353003	-0.13878614	0.13602208	-0.123261824	0.14870323	-0.13961792	0.13761292
0.15862298	-0.19027011	0.18756905	-0.24732538	0.25182125	-0.120055445	0.17295575	-0.21051732	0.25054082	-0.5884167	0.18187733	-0.23403028	0.19101773	-0.2921087	0.99999917	-0.1390381	0.1446315	-0.20368566	0.23522785	-0.45470423	0.11438602	-0.15245053	0.16514428	-0.17792875	0.2067708	-0.14006527	0.11575159	-0.17565382	0.16277152	-0.21283747
-0.21823536	0.13285038	-0.12964007	0.10461972	-0.10959581	0.16001289	-0.14077315	0.12531844	-0.13932915	0.10604835	-0.36270118	0.17829363	-0.13040756	0.14626354	-0.1390381	0.9999992	-0.2533324	0.20382409	-0.13307613	0.1091267	-0.7655422	0.2527967	-0.1609255	0.11325573	-0.09739533	0.23350033	-0.21634686	0.14169425	-0.11539712	0.10413148
0.162363	-0.12910378	0.12700157	-0.10484925	0.109403536	-0.11766994	0.14745748	-0.13659692	0.14591175	-0.110407285	0.2079106	-0.25658333	0.17840071	-0.1805332	0.1446315	-0.2533324	0.9999994	-0.62095934	0.15451576	-0.12408137	0.21994117	-0.57567006	0.2285555	-0.1458607	0.10963339	-0.22919658	0.2212694	-0.18874829	0.13793054	-0.121332824
-0.21794201	0.16114652	-0.16872157	0.13731587	-0.14927179	0.15056401	-0.18192112	0.17416306	-0.19759905	0.14772062	-0.27367428	0.24342558	-0.28247675	0.22619274	-0.20368566	0.20382409	-0.62095934	0.9999993	-0.23392288	0.16775976	-0.20864171	0.29210302	-0.39006746	0.19657339	-0.15120654	0.19873422	-0.216462	0.23018536	-0.19096114	0.15780577
0.13370994	-0.12857865	0.12727804	-0.13117638	0.13342355	-0.09713321	0.1261782	-0.13550399	0.15457103	-0.1713576	0.16112347	-0.17570865	0.14979139	-0.21100861	0.23522785	-0.13307613	0.15451576	-0.23392288	0.99999946	-0.54170626	0.116025254	-0.1673396	0.2490044	-0.5655509	0.26463538	-0.14325596	0.12689656	-0.26051027	0.26868716	-0.30523822
-0.1278117	0.12272042	-0.12979406	0.13505106	-0.15671009	0.091559716	-0.120048255	0.13015702	-0.16573404	0.20055543	-0.15182996	0.15384124	-0.13138938	0.17173259	-0.45470423	0.1091267	-0.12408137	0.16775976	-0.54170626	0.99999934	-0.09694477	0.12878475	-0.19583075	0.24749635	-0.50641024	0.11351895	-0.10328639	0.18737152	-0.23115553	0.27776217
0.15076455	-0.1075432	0.10289172	-0.08619961	0.0884867	-0.11460558	0.112170644	-0.104019925	0.1130584	-0.0884116	0.21966445	-0.15626276	0.11319758	-0.12969992	0.11438602	-0.7655422	0.21994117	-0.20864171	0.116025254	-0.09694477	0.9999992	-0.37255827	0.15395741	-0.107305795	0.08631272	-0.35462925	0.23532432	-0.14394607	0.106496006	-0.09636553
-0.18220988	0.1272418	-0.12976968	0.106258266	-0.11390553	0.12659352	-0.13920552	0.12749195	-0.14532298	0.11235346	-0.24031676	0.18928863	-0.14866658	0.15643825	-0.15245053	0.2527967	-0.57567006	0.29210302	-0.1673396	0.12878475	-0.37255827	0.9999991	-0.29497188	0.15517062	-0.11833564	0.28351372	-0.4517043	0.20213255	-0.15468062	0.12694141
0.14156874	-0.116706185	0.117268935	-0.10620778	0.1110321	-0.10041195	0.121093914	-0.121440314	0.13670865	-0.12130944	0.1769942	-0.16924977	0.14450553	-0.16705579	0.16514428	-0.1609255	0.2285555	-0.39006746	0.2490044	-0.19583075	0.15395741	-0.29497188	0.9999988	-0.44160026	0.18158983	-0.18571453	0.18552832	-0.6139305	0.29346883	-0.22099738
-0.1180775	0.100661755	-0.10341146	0.09767956	-0.10495277	0.08328645	-0.10199282	0.10439678	-0.12315348	0.11963803	-0.14501092	0.13561112	-0.11686231	0.14353003	-0.17792875	0.11325573	-0.1458607	0.19657339	-0.5655509	0.24749635	-0.107305795	0.15517062	-0.44160026	0.9999988	-0.26769978	0.12542005	-0.12451695	0.29542926	-0.52798015	0.25375667
0.10445615	-0.099097855	0.100360185	-0.10399899	0.109261364	-0.07512926	0.09624762	-0.10302297	0.12175834	-0.14090504	0.12557824	-0.12918012	0.10542681	-0.13878614	0.2067708	-0.09739533	0.10963339	-0.15120654	0.26463538	-0.50641024	0.08631272	-0.11833564	0.18158983	-0.26769978	0.99999857	-0.10588818	0.09592069	-0.21257816	0.25060126	-0.70891714
-0.18139094	0.118105516	-0.12109752	0.098373406	-0.10616653	0.123549804	-0.12473404	0.11452467	-0.13246451	0.10286023	-0.24195677	0.15881549	-0.12209878	0.13602208	-0.14006527	0.23350033	-0.22919658	0.19873422	-0.14325596	0.11351895	-0.35462925	0.28351372	-0.18571453	0.12542005	-0.10588818	0.9999987	-0.7681684	0.17518702	-0.13738067	0.112083755
0.13433188	-0.09778578	0.0974901	-0.0819574	0.086223	-0.09477101	0.103183694	-0.097317785	0.10892993	-0.08674022	0.17673598	-0.14364727	0.109164365	-0.123261824	0.11575159	-0.21634686	0.2212694	-0.216462	0.12689656	-0.10328639	0.23532432	-0.4517043	0.18552832	-0.12451695	0.09592069	-0.7681684	0.9999986	-0.21515395	0.1325912	-0.10821953
-0.14852712	0.11444987	-0.119426064	0.10532723	-0.11498865	0.10257264	-0.11843071	0.11633844	-0.13793266	0.120893195	-0.18579079	0.15352425	-0.12957318	0.14870323	-0.17565382	0.14169425	-0.18874829	0.23018536	-0.26051027	0.18737152	-0.14394607	0.20213255	-0.6139305	0.29542926	-0.21257816	0.17518702	-0.21515395	0.9999985	-0.5590796	0.23046243
0.1139554	-0.09941563	0.100298084	-0.09632561	0.10074136	-0.08099845	0.09940864	-0.102292515	0.11825875	-0.11647386	0.13999286	-0.13519299	0.111230105	-0.13961792	0.16277152	-0.11539712	0.13793054	-0.19096114	0.26868716	-0.23115553	0.106496006	-0.15468062	0.29346883	-0.52798015	0.25060126	-0.13738067	0.1325912	-0.5590796	0.9999985	-0.44947848
-0.12103977	0.10388982	-0.10987616	0.104361646	-0.11701207	0.08473457	-0.10386902	0.10688121	-0.13180259	0.1315965	-0.1469132	0.13264126	-0.11076075	0.13761292	-0.21283747	0.10413148	-0.121332824	0.15780577	-0.30523822	0.27776217	-0.09636553	0.12694141	-0.22099738	0.25375667	-0.70891714	0.112083755	-0.10821953	0.23046243	-0.44947848	0.9999985
