1.0000001	-0.24879573	0.18342604	-0.16139978	0.10380431	-0.8278901	0.25272194	-0.2340055	0.15829763	-0.10962107	0.182652	-0.18159074	0.19928421	-0.15375943	0.122593015	-0.15574427	0.1550632	-0.19728954	0.12527621	-0.118237406	0.10276174	-0.11183764	0.10251508	-0.12365497	0.10745667	-0.112839535	0.10300932	-0.099417694	0.11512977	-0.17790133
-0.24879573	1.0	-0.829902	0.20941159	-0.12681292	0.1900666	-0.31230593	0.23338348	-0.21230257	0.11270523	-0.15291458	0.15755063	-0.20068721	0.1305961	-0.11151521	0.11267539	-0.123109914	0.13720311	-0.101442054	0.09430363	-0.0755745	0.07987518	-0.07432109	0.0917148	-0.08517488	0.07785965	-0.075474955	0.06952296	-0.08254362	0.11600953
0.18342604	-0.829902	1.0000001	-0.3054052	0.1330628	-0.17813894	0.22824417	-0.28416094	0.21090199	-0.1251162	0.13560052	-0.14743623	0.1874194	-0.13615179	0.112969644	-0.110494845	0.11690095	-0.14366351	0.10336003	-0.098487854	0.073971614	-0.080195434	0.075417936	-0.0954248	0.086768776	-0.078620836	0.075036354	-0.07148275	0.08487225	-0.12326887
-0.16139978	0.20941159	-0.3054052	0.9999999	-0.4399039	0.135838	-0.19023703	0.21596645	-0.69723016	0.27005428	-0.14339969	0.13588557	-0.21316701	0.20682314	-0.1993864	0.11445231	-0.13547395	0.16823533	-0.14999679	0.14603259	-0.08286221	0.0911859	-0.09236729	0.12791479	-0.12604354	0.08475734	-0.088620536	0.084741026	-0.106883146	0.14108098
0.10380431	-0.12681292	0.1330628	-0.4399039	1.0000001	-0.09256736	0.11838251	-0.13859543	0.26829535	-0.78474885	0.10083173	-0.09547513	0.14508352	-0.19540805	0.22184259	-0.08872813	0.10504235	-0.15335646	0.13653216	-0.171525	0.06578797	-0.076243654	0.08151881	-0.13031347	0.12231157	-0.06925966	0.0735473	-0.07616327	0.09892968	-0.13586657
-0.8278901	0.1900666	-0.17813894	0.135838	-0.09256736	1.0	-0.36405584	0.21479149	-0.14938353	0.09360194	-0.21993183	0.19084291	-0.21243788	0.13206182	-0.108174704	0.14425835	-0.15267548	0.15882914	-0.1074941	0.09853976	-0.09450718	0.09723784	-0.08737121	0.101387225	-0.09166602	0.096599646	-0.09132643	0.08220841	-0.095339544	0.13669974
0.25272194	-0.31230593	0.22824417	-0.19023703	0.11838251	-0.36405584	1.0000002	-0.56627315	0.19997935	-0.12474231	0.25903004	-0.46819958	0.30365288	-0.18145415	0.13832203	-0.19985476	0.19183172	-0.21319035	0.14020848	-0.12837917	0.11776233	-0.12432597	0.10911543	-0.1301876	0.11502658	-0.12503526	0.11289575	-0.10377456	0.11837651	-0.17352945
-0.2340055	0.23338348	-0.28416094	0.21596645	-0.13859543	0.21479149	-0.56627315	1.0000002	-0.3170412	0.14122538	-0.24051102	0.26899248	-0.5636498	0.20460519	-0.15787522	0.16849068	-0.18333085	0.19920304	-0.15101796	0.13376553	-0.109099455	0.11473371	-0.105521515	0.13026287	-0.120580874	0.111467764	-0.107644394	0.0981036	-0.11573024	0.16004895
0.15829763	-0.21230257	0.21090199	-0.69723016	0.26829535	-0.14938353	0.19997935	-0.3170412	1.0000002	-0.33622828	0.15168048	-0.15262608	0.23199159	-0.31782043	0.21674116	-0.13066018	0.14949998	-0.21350618	0.18275948	-0.1790175	0.093163714	-0.105748326	0.10805966	-0.15747242	0.14462814	-0.0983383	0.10065354	-0.1007949	0.12590697	-0.17438304
-0.10962107	0.11270523	-0.1251162	0.27005428	-0.78474885	0.09360194	-0.12474231	0.14122538	-0.33622828	1.0000004	-0.10741483	0.09942879	-0.15896672	0.20205636	-0.35593516	0.09091036	-0.110767156	0.15188889	-0.14879847	0.18089692	-0.06795351	0.07793506	-0.084502265	0.13233751	-0.13794659	0.070139766	-0.07640802	0.07732182	-0.103008814	0.13166153
0.182652	-0.15291458	0.13560052	-0.14339969	0.10083173	-0.21993183	0.25903004	-0.24051102	0.15168048	-0.10741483	1.0000005	-0.62983495	0.26255664	-0.18069741	0.13559936	-0.4993669	0.27775055	-0.24885133	0.14856768	-0.13251705	0.1844795	-0.17103155	0.13122723	-0.1402049	0.12112758	-0.1889244	0.14932299	-0.12509175	0.13270083	-0.19242728
-0.18159074	0.15755063	-0.14743623	0.13588557	-0.09547513	0.19084291	-0.46819958	0.26899248	-0.15262608	0.09942879	-0.62983495	1.0000005	-0.42802855	0.16767798	-0.1263429	0.25125688	-0.2812764	0.20174308	-0.13358603	0.1154451	-0.13831006	0.13476273	-0.108595036	0.118676186	-0.105970815	0.13310626	-0.12130767	0.100748785	-0.1107482	0.15321518
0.19928421	-0.20068721	0.1874194	-0.21316701	0.14508352	-0.21243788	0.30365288	-0.5636498	0.23199159	-0.15896672	0.26255664	-0.42802855	1.0000004	-0.35436836	0.20167558	-0.22962129	0.22498628	-0.30559656	0.21202965	-0.18688183	0.14099565	-0.1555809	0.14359614	-0.18414578	0.16087465	-0.15321273	0.14127935	-0.13635622	0.1579754	-0.23069225
-0.15375943	0.1305961	-0.13615179	0.20682314	-0.19540805	0.13206182	-0.18145415	0.20460519	-0.31782043	0.20205636	-0.18069741	0.16767798	-0.35436836	1.0000002	-0.50352466	0.15152165	-0.19938469	0.2828462	-0.54012775	0.28363708	-0.11284365	0.13040528	-0.14805382	0.23538396	-0.24478784	0.11398046	-0.12897156	0.12943323	-0.1733255	0.19965968
0.122593015	-0.11151521	0.112969644	-0.1993864	0.22184259	-0.108174704	0.13832203	-0.15787522	0.21674116	-0.35593516	0.13559936	-0.1263429	0.20167558	-0.50352466	1.0000004	-0.1252654	0.1557284	-0.25965434	0.28277513	-0.58319235	0.09517377	-0.11538736	0.13266204	-0.2638737	0.25695765	-0.09976765	0.11142534	-0.12282853	0.1651418	-0.21687393
-0.15574427	0.11267539	-0.110494845	0.11445231	-0.08872813	0.14425835	-0.19985476	0.16849068	-0.13066018	0.09091036	-0.4993669	0.25125688	-0.22962129	0.15152165	-0.1252654	1.0000004	-0.60301614	0.23287112	-0.1430608	0.11796763	-0.39064258	0.22293639	-0.15033339	0.12918648	-0.11556882	0.24299324	-0.20615153	0.13483141	-0.13266951	0.1668355
0.1550632	-0.123109914	0.11690095	-0.13547395	0.10504235	-0.15267548	0.19183172	-0.18333085	0.14949998	-0.110767156	0.27775055	-0.2812764	0.22498628	-0.19938469	0.1557284	-0.60301614	1.0000002	-0.42862383	0.19430122	-0.15828136	0.24549963	-0.3529094	0.19421686	-0.17423946	0.14832658	-0.25553972	0.23119852	-0.17767668	0.16698898	-0.2210212
-0.19728954	0.13720311	-0.14366351	0.16823533	-0.15335646	0.15882914	-0.21319035	0.19920304	-0.21350618	0.15188889	-0.24885133	0.20174308	-0.30559656	0.2828462	-0.25965434	0.23287112	-0.42862383	1.0000004	-0.52422136	0.2373708	-0.17728296	0.21203397	-0.29113102	0.2492659	-0.24501732	0.17008932	-0.20951177	0.2046928	-0.23523794	0.2398719
0.12527621	-0.101442054	0.10336003	-0.14999679	0.13653216	-0.1074941	0.14020848	-0.15101796	0.18275948	-0.14879847	0.14856768	-0.13358603	0.21202965	-0.54012775	0.28277513	-0.1430608	0.19430122	-0.52422136	1.0000002	-0.39860743	0.1074941	-0.13355713	0.16493292	-0.38361427	0.26601163	-0.11021828	0.12798038	-0.14488663	0.18772967	-0.20932147
-0.118237406	0.09430363	-0.098487854	0.14603259	-0.171525	0.09853976	-0.12837917	0.13376553	-0.1790175	0.18089692	-0.13251705	0.1154451	-0.18688183	0.28363708	-0.58319235	0.11796763	-0.15828136	0.2373708	-0.39860743	1.0000004	-0.09325497	0.1126576	-0.13938458	0.2841755	-0.5401868	0.09456573	-0.11259792	0.12282917	-0.18036142	0.19873314
0.10276174	-0.0755745	0.073971614	-0.08286221	0.06578797	-0.09450718	0.11776233	-0.109099455	0.093163714	-0.06795351	0.1844795	-0.13831006	0.14099565	-0.11284365	0.09517377	-0.39064258	0.24549963	-0.17728296	0.1074941	-0.09325497	1.0000005	-0.36307263	0.16233626	-0.11112234	0.09522803	-0.7538249	0.27593356	-0.15774557	0.1255241	-0.15800813
-0.11183764	0.07987518	-0.080195434	0.0911859	-0.076243654	0.09723784	-0.12432597	0.11473371	-0.105748326	0.07793506	-0.17103155	0.13476273	-0.1555809	0.13040528	-0.11538736	0.22293639	-0.3529094	0.21203397	-0.13355713	0.1126576	-0.36307263	1.0000005	-0.38427535	0.14580655	-0.12424991	0.281708	-0.67490447	0.2593929	-0.17986955	0.19252472
0.10251508	-0.07432109	0.075417936	-0.09236729	0.08151881	-0.08737121	0.10911543	-0.105521515	0.10805966	-0.084502265	0.13122723	-0.108595036	0.14359614	-0.14805382	0.13266204	-0.15033339	0.19421686	-0.29113102	0.16493292	-0.13938458	0.16233626	-0.38427535	1.0000005	-0.2362665	0.16291724	-0.17661709	0.26961035	-0.7366704	0.258847	-0.28155693
-0.12365497	0.0917148	-0.0954248	0.12791479	-0.13031347	0.101387225	-0.1301876	0.13026287	-0.15747242	0.13233751	-0.1402049	0.118676186	-0.18414578	0.23538396	-0.2638737	0.12918648	-0.17423946	0.2492659	-0.38361427	0.2841755	-0.11112234	0.14580655	-0.2362665	1.0000004	-0.6535115	0.11293017	-0.14845742	0.19342975	-0.39442915	0.2744529
0.10745667	-0.08517488	0.086768776	-0.12604354	0.12231157	-0.09166602	0.11502658	-0.120580874	0.14462814	-0.13794659	0.12112758	-0.105970815	0.16087465	-0.24478784	0.25695765	-0.11556882	0.14832658	-0.24501732	0.26601163	-0.5401868	0.09522803	-0.12424991	0.16291724	-0.6535115	1.0000005	-0.099717475	0.12106365	-0.15484597	0.23196357	-0.2953881
-0.112839535	0.07785965	-0.078620836	0.08475734	-0.06925966	0.096599646	-0.12503526	0.111467764	-0.0983383	0.070139766	-0.1889244	0.13310626	-0.15321273	0.11398046	-0.09976765	0.24299324	-0.25553972	0.17008932	-0.11021828	0.09456573	-0.7538249	0.281708	-0.17661709	0.11293017	-0.099717475	1.0000004	-0.45188016	0.16497569	-0.1352829	0.15391271
0.10300932	-0.075474955	0.075036354	-0.088620536	0.0735473	-0.09132643	0.11289575	-0.107644394	0.10065354	-0.07640802	0.14932299	-0.12130767	0.14127935	-0.12897156	0.11142534	-0.20615153	0.23119852	-0.20951177	0.12798038	-0.11259792	0.27593356	-0.67490447	0.26961035	-0.14845742	0.12106365	-0.45188016	1.0000002	-0.3617758	0.18591377	-0.2238329
-0.099417694	0.06952296	-0.07148275	0.084741026	-0.07616327	0.08220841	-0.10377456	0.0981036	-0.1007949	0.07732182	-0.12509175	0.100748785	-0.13635622	0.12943323	-0.12282853	0.13483141	-0.17767668	0.2046928	-0.14488663	0.12282917	-0.15774557	0.2593929	-0.7366704	0.19342975	-0.15484597	0.16497569	-0.3617758	1.0000001	-0.4063289	0.25361192
0.11512977	-0.08254362	0.08487225	-0.106883146	0.09892968	-0.095339544	0.11837651	-0.11573024	0.12590697	-0.103008814	0.13270083	-0.1107482	0.1579754	-0.1733255	0.1651418	-0.13266951	0.16698898	-0.23523794	0.18772967	-0.18036142	0.1255241	-0.17986955	0.258847	-0.39442915	0.23196357	-0.1352829	0.18591377	-0.4063289	1.0	-0.70423746
-0.17790133	0.11600953	-0.12326887	0.14108098	-0.13586657	0.13669974	-0.17352945	0.16004895	-0.17438304	0.13166153	-0.19242728	0.15321518	-0.23069225	0.19965968	-0.21687393	0.1668355	-0.2210212	0.2398719	-0.20932147	0.19873314	-0.15800813	0.19252472	-0.28155693	0.2744529	-0.2953881	0.15391271	-0.2238329	0.25361192	-0.70423746	1.0
