0.99999994	-0.4606194	0.21355303	-0.24522756	0.04672577	-0.7281136	0.31368777	-0.19734602	0.17340244	-0.044571627	0.2176591	-0.18063535	0.16632937	-0.15561707	0.13578522	-0.113323905	0.10753703	-0.18313594	0.116445206	-0.10593623	0.08238682	-0.09180766	0.105339445	-0.103976786	0.09376774	-0.05933085	0.07600049	-0.17013793	0.108106285	-0.11694516
-0.4606194	0.9999997	-0.4192669	0.23386249	-0.047398828	0.29826346	-0.6639166	0.24717484	-0.20665006	0.044789985	-0.20171575	0.18075407	-0.19128025	0.14206882	-0.12604977	0.09280843	-0.09585483	0.1433016	-0.10518148	0.09130448	-0.06969234	0.07519179	-0.08606299	0.08657114	-0.080359615	0.048860155	-0.0635488	0.12940156	-0.092116676	0.09536194
0.21355303	-0.4192669	0.99999934	-0.53012604	0.06764141	-0.18955567	0.25428465	-0.58915716	0.3039125	-0.06545556	0.19214861	-0.21051817	0.22412467	-0.1968852	0.15785286	-0.09922673	0.10311155	-0.17871104	0.13530923	-0.117166154	0.08200615	-0.088786386	0.10493792	-0.10822752	0.10064393	-0.05772796	0.07483789	-0.1575205	0.11357345	-0.119606026
-0.24522756	0.23386249	-0.53012604	0.9999993	-0.12083828	0.17938733	-0.23151383	0.31671047	-0.59585285	0.10698527	-0.25607195	0.20063709	-0.24713413	0.2417539	-0.24312021	0.12079034	-0.13478069	0.20514558	-0.1858912	0.15393543	-0.10818654	0.11079609	-0.13114072	0.13754939	-0.13488218	0.07351002	-0.096560724	0.18277271	-0.15275756	0.15024894
0.04672577	-0.047398828	0.06764141	-0.12083828	0.99999934	-0.038436614	0.044220444	-0.07016549	0.10914179	-0.96827716	0.062238354	-0.051859926	0.058348108	-0.09250864	0.13632663	-0.03502887	0.038513415	-0.08447428	0.06805815	-0.084812686	0.036908522	-0.03999581	0.050790712	-0.057280138	0.05964446	-0.02608937	0.033822168	-0.07717351	0.058643676	-0.07668281
-0.7281136	0.29826346	-0.18955567	0.17938733	-0.038436614	0.99999905	-0.52077556	0.17314726	-0.1533817	0.036390048	-0.26506788	0.16898249	-0.1594396	0.12515834	-0.11100298	0.10370268	-0.099812195	0.14045973	-0.094150655	0.08363912	-0.06745384	0.0746046	-0.083159514	0.081760444	-0.07427042	0.04793211	-0.062098596	0.1288762	-0.08589231	0.09030832
0.31368777	-0.6639166	0.25428465	-0.23151383	0.044220444	-0.52077556	0.99999887	-0.29806992	0.1898349	-0.042340964	0.19709742	-0.2254864	0.1894078	-0.14248078	0.11884071	-0.09437741	0.093393356	-0.14494081	0.10231597	-0.08948498	0.06763996	-0.074410975	0.085110776	-0.08541174	0.07824019	-0.047971476	0.062103357	-0.13024311	0.0894701	-0.09422163
-0.19734602	0.24717484	-0.58915716	0.31671047	-0.07016549	0.17314726	-0.29806992	0.999999	-0.5395919	0.067255855	-0.19959493	0.22293794	-0.35875225	0.20511037	-0.15632673	0.096708305	-0.10208052	0.1659949	-0.13993561	0.112918764	-0.07778743	0.083878934	-0.09924398	0.103081144	-0.09681818	0.05434809	-0.07097283	0.14363691	-0.10859987	0.111539915
0.17340244	-0.20665006	0.3039125	-0.59585285	0.10914179	-0.1533817	0.1898349	-0.5395919	0.9999992	-0.11762044	0.20090528	-0.2039454	0.23238479	-0.37188387	0.20507719	-0.10543215	0.11291003	-0.21310107	0.1928383	-0.15593071	0.09509663	-0.102368996	0.1256112	-0.1364265	0.12760216	-0.06645508	0.08670494	-0.17978401	0.1398194	-0.14681591
-0.044571627	0.044789985	-0.06545556	0.10698527	-0.96827716	0.036390048	-0.042340964	0.067255855	-0.11762044	0.999999	-0.059012383	0.04882813	-0.05588235	0.08684757	-0.15760228	0.03272329	-0.03609597	0.0772686	-0.064623475	0.07936794	-0.03428233	0.03696913	-0.04694337	0.05303343	-0.056151513	0.024132837	-0.031354077	0.07027455	-0.054632377	0.06998022
0.2176591	-0.20171575	0.19214861	-0.25607195	0.062238354	-0.26506788	0.19709742	-0.19959493	0.20090528	-0.059012383	0.9999989	-0.47811767	0.27691817	-0.25336525	0.21436542	-0.4245527	0.26727667	-0.3439829	0.19281875	-0.17704011	0.15627018	-0.18870534	0.19555628	-0.18439166	0.1589977	-0.11601397	0.14760229	-0.3174075	0.18647563	-0.20128858
-0.18063535	0.18075407	-0.21051817	0.20063709	-0.051859926	0.16898249	-0.2254864	0.22293794	-0.2039454	0.04882813	-0.47811767	0.99999875	-0.7218639	0.20109472	-0.16627744	0.17086232	-0.18372867	0.201025	-0.14955853	0.12234395	-0.10037397	0.11217382	-0.121584676	0.11879648	-0.1084324	0.070484586	-0.09302832	0.17533454	-0.12509029	0.12624732
0.16632937	-0.19128025	0.22412467	-0.24713413	0.058348108	-0.1594396	0.1894078	-0.35875225	0.23238479	-0.05588235	0.27691817	-0.7218639	0.9999986	-0.29737994	0.18376912	-0.14916986	0.14619914	-0.2499066	0.17718728	-0.14548303	0.104272045	-0.1179415	0.13693245	-0.13814948	0.12423369	-0.074618995	0.09671694	-0.2032336	0.14055805	-0.14714469
-0.15561707	0.14206882	-0.1968852	0.2417539	-0.09250864	0.12515834	-0.14248078	0.20511037	-0.37188387	0.08684757	-0.25336525	0.20109472	-0.29737994	0.9999986	-0.40922222	0.12841697	-0.1482006	0.27869958	-0.6040119	0.2683782	-0.13439405	0.13983099	-0.18832283	0.22062804	-0.22164387	0.09091932	-0.12183967	0.22531782	-0.2307908	0.21432349
0.13578522	-0.12604977	0.15785286	-0.24312021	0.13632663	-0.11100298	0.11884071	-0.15632673	0.20507719	-0.15760228	0.21436542	-0.16627744	0.18376912	-0.40922222	0.9999989	-0.13023083	0.14503334	-0.3651732	0.30375355	-0.5402637	0.15157968	-0.16721454	0.21966694	-0.2626336	0.2900816	-0.10821327	0.1401214	-0.3355848	0.2587832	-0.38212004
-0.113323905	0.09280843	-0.09922673	0.12079034	-0.03502887	0.10370268	-0.09437741	0.096708305	-0.10543215	0.03272329	-0.4245527	0.17086232	-0.14916986	0.12841697	-0.13023083	0.9999988	-0.81110746	0.19328047	-0.11174221	0.10003127	-0.15594418	0.19084878	-0.14563751	0.11618499	-0.09602499	0.10593847	-0.15407023	0.1815122	-0.12068628	0.11274793
0.10753703	-0.09585483	0.10311155	-0.13478069	0.038513415	-0.099812195	0.093393356	-0.10208052	0.11291003	-0.03609597	0.26727667	-0.18372867	0.14619914	-0.1482006	0.14503334	-0.81110746	0.99999875	-0.25381058	0.12909684	-0.11668342	0.16425955	-0.2920235	0.17394908	-0.14021456	0.11109331	-0.124854274	0.16870904	-0.22664362	0.13811271	-0.1333029
-0.18313594	0.1433016	-0.17871104	0.20514558	-0.08447428	0.14045973	-0.14494081	0.1659949	-0.21310107	0.0772686	-0.3439829	0.201025	-0.2499066	0.27869958	-0.3651732	0.19328047	-0.25381058	0.99999875	-0.39897665	0.2529972	-0.24566348	0.242851	-0.44169223	0.2853608	-0.25642845	0.1569269	-0.22346641	0.3175192	-0.32733768	0.24997215
0.116445206	-0.10518148	0.13530923	-0.1858912	0.06805815	-0.094150655	0.10231597	-0.13993561	0.1928383	-0.064623475	0.19281875	-0.14955853	0.17718728	-0.6040119	0.30375355	-0.11174221	0.12909684	-0.39897665	0.9999988	-0.46739876	0.13053839	-0.14561942	0.21331403	-0.3401846	0.2516913	-0.090083785	0.121202685	-0.23501785	0.24059437	-0.24278674
-0.10593623	0.09130448	-0.117166154	0.15393543	-0.084812686	0.08363912	-0.08948498	0.112918764	-0.15593071	0.07936794	-0.17704011	0.12234395	-0.14548303	0.2683782	-0.5402637	0.10003127	-0.11668342	0.2529972	-0.46739876	0.9999987	-0.123059414	0.12995218	-0.18588331	0.2451175	-0.5532755	0.08373046	-0.112370096	0.21632701	-0.25257105	0.2873171
0.08238682	-0.06969234	0.08200615	-0.10818654	0.036908522	-0.06745384	0.06763996	-0.07778743	0.09509663	-0.03428233	0.15627018	-0.10037397	0.104272045	-0.13439405	0.15157968	-0.15594418	0.16425955	-0.24566348	0.13053839	-0.123059414	0.9999988	-0.42490473	0.21979304	-0.1701302	0.123737305	-0.71553266	0.32393134	-0.32354203	0.16116512	-0.1486362
-0.09180766	0.07519179	-0.088786386	0.11079609	-0.03999581	0.0746046	-0.074410975	0.083878934	-0.102368996	0.03696913	-0.18870534	0.11217382	-0.1179415	0.13983099	-0.16721454	0.19084878	-0.2920235	0.242851	-0.14561942	0.12995218	-0.42490473	0.9999988	-0.44268233	0.20204423	-0.14034466	0.27659023	-0.5974023	0.28158373	-0.19439963	0.15129362
0.105339445	-0.08606299	0.10493792	-0.13114072	0.050790712	-0.083159514	0.085110776	-0.09924398	0.1256112	-0.04694337	0.19555628	-0.121584676	0.13693245	-0.18832283	0.21966694	-0.14563751	0.17394908	-0.44169223	0.21331403	-0.18588331	0.21979304	-0.44268233	0.9999985	-0.48732746	0.2022571	-0.16395749	0.23208389	-0.50328326	0.27436695	-0.21278673
-0.103976786	0.08657114	-0.10822752	0.13754939	-0.057280138	0.081760444	-0.08541174	0.103081144	-0.1364265	0.05303343	-0.18439166	0.11879648	-0.13814948	0.22062804	-0.2626336	0.11618499	-0.14021456	0.2853608	-0.3401846	0.2451175	-0.1701302	0.20204423	-0.48732746	0.9999987	-0.37717742	0.11599167	-0.16676113	0.2859803	-0.58245313	0.2886477
0.09376774	-0.080359615	0.10064393	-0.13488218	0.05964446	-0.07427042	0.07824019	-0.09681818	0.12760216	-0.056151513	0.1589977	-0.1084324	0.12423369	-0.22164387	0.2900816	-0.09602499	0.11109331	-0.25642845	0.2516913	-0.5532755	0.123737305	-0.14034466	0.2022571	-0.37717742	0.9999987	-0.08664726	0.11519854	-0.240683	0.28967896	-0.6037271
-0.05933085	0.048860155	-0.05772796	0.07351002	-0.02608937	0.04793211	-0.047971476	0.05434809	-0.06645508	0.024132837	-0.11601397	0.070484586	-0.074618995	0.09091932	-0.10821327	0.10593847	-0.124854274	0.1569269	-0.090083785	0.08373046	-0.71553266	0.27659023	-0.16395749	0.11599167	-0.08664726	0.9999986	-0.5945863	0.20032847	-0.11695159	0.099342294
0.07600049	-0.0635488	0.07483789	-0.096560724	0.033822168	-0.062098596	0.062103357	-0.07097283	0.08670494	-0.031354077	0.14760229	-0.09302832	0.09671694	-0.12183967	0.1401214	-0.15407023	0.16870904	-0.22346641	0.121202685	-0.112370096	0.32393134	-0.5974023	0.23208389	-0.16676113	0.11519854	-0.5945863	0.9999988	-0.31080425	0.15319197	-0.13336201
-0.17013793	0.12940156	-0.1575205	0.18277271	-0.07717351	0.1288762	-0.13024311	0.14363691	-0.17978401	0.07027455	-0.3174075	0.17533454	-0.2032336	0.22531782	-0.3355848	0.1815122	-0.22664362	0.3175192	-0.23501785	0.21632701	-0.32354203	0.28158373	-0.50328326	0.2859803	-0.240683	0.20032847	-0.31080425	0.99999875	-0.37408063	0.24627565
0.108106285	-0.092116676	0.11357345	-0.15275756	0.058643676	-0.08589231	0.0894701	-0.10859987	0.1398194	-0.054632377	0.18647563	-0.12509029	0.14055805	-0.2307908	0.2587832	-0.12068628	0.13811271	-0.32733768	0.24059437	-0.25257105	0.16116512	-0.19439963	0.27436695	-0.58245313	0.28967896	-0.11695159	0.15319197	-0.37408063	0.9999987	-0.5341787
-0.11694516	0.09536194	-0.119606026	0.15024894	-0.07668281	0.09030832	-0.09422163	0.111539915	-0.14681591	0.06998022	-0.20128858	0.12624732	-0.14714469	0.21432349	-0.38212004	0.11274793	-0.1333029	0.24997215	-0.24278674	0.2873171	-0.1486362	0.15129362	-0.21278673	0.2886477	-0.6037271	0.099342294	-0.13336201	0.24627565	-0.5341787	0.9999987
