1.0000001	-0.2969867	0.20113158	-0.2105528	0.16747601	-0.7147698	0.28246567	-0.22341453	0.17243063	-0.1807747	0.3091473	-0.29379886	0.19589923	-0.21097556	0.1422685	-0.25631604	0.18268847	-0.20979363	0.18858923	-0.19823994	0.113571964	-0.06040273	0.0410623	-0.054413352	0.042285323	-0.15937425	0.060730044	-0.03609301	0.04759381	-0.04142826
-0.2969867	1.0000001	-0.6172155	0.23870014	-0.19069469	0.20634194	-0.60569173	0.2551993	-0.19544935	0.16799273	-0.21718194	0.20141503	-0.18439384	0.17525235	-0.12496593	0.15378504	-0.13433285	0.1591515	-0.16586916	0.15390153	-0.071330875	0.04192369	-0.032781493	0.04393634	-0.0340466	0.09454915	-0.043223754	0.028275508	-0.039036535	0.032777812
0.20113158	-0.6172155	0.9999996	-0.44740176	0.22883911	-0.15510602	0.30274722	-0.43693203	0.25781494	-0.22137302	0.18847585	-0.21076506	0.21515498	-0.22105448	0.15257221	-0.1668665	0.14497364	-0.18872069	0.18786265	-0.18967688	0.077209376	-0.045621924	0.037117217	-0.05040447	0.03974292	-0.10321243	0.046776142	-0.0321573	0.04450125	-0.038407367
-0.2105528	0.23870014	-0.44740176	0.9999996	-0.53325623	0.14639609	-0.2820217	0.28444818	-0.5161687	0.29716608	-0.20103286	0.19005889	-0.2096679	0.24504057	-0.19338842	0.1558412	-0.14409107	0.17825308	-0.22395754	0.20769209	-0.07433996	0.045698546	-0.04175836	0.057041213	-0.04502224	0.096662045	-0.04767119	0.0356635	-0.05117092	0.042844616
0.16747601	-0.19069469	0.22883911	-0.53325623	0.9999996	-0.121075794	0.20518044	-0.24985494	0.30284163	-0.634408	0.17257085	-0.1823254	0.18902771	-0.27994856	0.24961017	-0.16454293	0.14102288	-0.18336721	0.21983965	-0.3112044	0.07788604	-0.046404634	0.045307472	-0.064112164	0.05481304	-0.10453982	0.047758628	-0.03951668	0.056309972	-0.05322545
-0.7147698	0.20634194	-0.15510602	0.14639609	-0.121075794	0.9999998	-0.34563127	0.16660789	-0.12597153	0.12490113	-0.5195863	0.23344776	-0.15346678	0.14661263	-0.09933217	0.17830549	-0.1391803	0.14986591	-0.13807765	0.13290183	-0.078696094	0.043413762	-0.029114027	0.038291603	-0.029303618	0.106240876	-0.044185907	0.025376046	-0.03372451	0.028521538
0.28246567	-0.60569173	0.30274722	-0.2820217	0.20518044	-0.34563127	0.99999946	-0.362621	0.22552934	-0.21798918	0.26517782	-0.32449934	0.23584771	-0.23716772	0.16113214	-0.2243126	0.18511814	-0.2236531	0.20811565	-0.21229628	0.10156325	-0.057960615	0.04285784	-0.057498187	0.044942945	-0.13777702	0.058977503	-0.037356265	0.050531883	-0.043705504
-0.22341453	0.2551993	-0.43693203	0.28444818	-0.24985494	0.16660789	-0.362621	0.9999997	-0.48908108	0.23724377	-0.23482804	0.25303465	-0.48313138	0.2635882	-0.18149824	0.18052827	-0.18417773	0.23681463	-0.24849862	0.1978801	-0.08494303	0.053720146	-0.044473603	0.05988908	-0.045386806	0.10837801	-0.055972863	0.037884135	-0.053549953	0.043153014
0.17243063	-0.19544935	0.25781494	-0.5161687	0.30284163	-0.12597153	0.22552934	-0.48908108	0.9999998	-0.45713398	0.17945069	-0.1973606	0.2386407	-0.39423627	0.22641438	-0.15568605	0.14522786	-0.19709669	0.23132615	-0.23235376	0.07271862	-0.044988703	0.041787002	-0.058069006	0.046474937	-0.09491685	0.04654644	-0.03587165	0.051562205	-0.04437644
-0.1807747	0.16799273	-0.22137302	0.29716608	-0.634408	0.12490113	-0.21798918	0.23724377	-0.45713398	0.9999992	-0.18241505	0.17285275	-0.1962142	0.27487966	-0.41003972	0.14618158	-0.1366339	0.1723552	-0.24368845	0.272019	-0.07009208	0.043829605	-0.045557465	0.06344658	-0.052659445	0.090821825	-0.045815036	0.038779076	-0.05724585	0.049577646
0.3091473	-0.21718194	0.18847585	-0.20103286	0.17257085	-0.5195863	0.26517782	-0.23482804	0.17945069	-0.18241505	0.99999934	-0.5298241	0.24669525	-0.23023738	0.15061197	-0.346266	0.24313699	-0.25402617	0.2152512	-0.20461512	0.14090733	-0.07504667	0.045951545	-0.059826244	0.045286585	-0.1913078	0.07545988	-0.040221654	0.05249033	-0.044191033
-0.29379886	0.20141503	-0.21076506	0.19005889	-0.1823254	0.23344776	-0.32449934	0.25303465	-0.1973606	0.17285275	-0.5298241	0.9999997	-0.49135783	0.2292318	-0.1533487	0.26644868	-0.39600253	0.28533956	-0.25458074	0.18386316	-0.12236175	0.08442458	-0.048373424	0.061937075	-0.044806186	0.14707899	-0.088637866	0.04128511	-0.05526257	0.042893443
0.19589923	-0.18439384	0.21515498	-0.2096679	0.18902771	-0.15346678	0.23584771	-0.48313138	0.2386407	-0.1962142	0.24669525	-0.49135783	0.9999995	-0.3575661	0.17883147	-0.22879851	0.25025016	-0.487033	0.2739489	-0.2079612	0.10055576	-0.06684227	0.049239114	-0.0650132	0.047285922	-0.12731874	0.06802543	-0.04225484	0.05689743	-0.04527265
-0.21097556	0.17525235	-0.22105448	0.24504057	-0.27994856	0.14661263	-0.23716772	0.2635882	-0.39423627	0.27487966	-0.23023738	0.2292318	-0.3575661	0.99999946	-0.48140547	0.18611272	-0.18988483	0.25546345	-0.49582803	0.30761072	-0.08823998	0.057452265	-0.06413351	0.09273559	-0.06953646	0.111985885	-0.060189843	0.05362903	-0.083352394	0.06416803
0.1422685	-0.12496593	0.15257221	-0.19338842	0.24961017	-0.09933217	0.16113214	-0.18149824	0.22641438	-0.41003972	0.15061197	-0.1533487	0.17883147	-0.48140547	0.9999992	-0.13106637	0.123421445	-0.1678024	0.26127768	-0.68786544	0.061851922	-0.03924966	0.048277497	-0.07401115	0.07388785	-0.08021591	0.040795363	-0.041745335	0.06480713	-0.06981751
-0.25631604	0.15378504	-0.1668665	0.1558412	-0.16454293	0.17830549	-0.2243126	0.18052827	-0.15568605	0.14618158	-0.346266	0.26644868	-0.22879851	0.18611272	-0.13106637	0.99999905	-0.6133692	0.2677973	-0.27042788	0.16101924	-0.38569456	0.1302771	-0.052733026	0.06422282	-0.04447992	0.26413426	-0.1424983	0.044487067	-0.05833849	0.04226242
0.18268847	-0.13433285	0.14497364	-0.14409107	0.14102288	-0.1391803	0.18511814	-0.18417773	0.14522786	-0.1366339	0.24313699	-0.39600253	0.25025016	-0.18988483	0.123421445	-0.6133692	0.999999	-0.5036544	0.24163134	-0.15768124	0.18412055	-0.16754241	0.049256515	-0.059495043	0.040741537	-0.21943067	0.14344531	-0.042573534	0.05219842	-0.039177768
-0.20979363	0.1591515	-0.18872069	0.17825308	-0.18336721	0.14986591	-0.2236531	0.23681463	-0.19709669	0.1723552	-0.25402617	0.28533956	-0.487033	0.25546345	-0.1678024	0.2677973	-0.5036544	0.99999887	-0.503321	0.20403686	-0.124412835	0.09349428	-0.069414355	0.08670676	-0.056795016	0.14364599	-0.09836928	0.057274148	-0.07621169	0.05347889
0.18858923	-0.16586916	0.18786265	-0.22395754	0.21983965	-0.13807765	0.20811565	-0.24849862	0.23132615	-0.24368845	0.2152512	-0.25458074	0.2739489	-0.49582803	0.26127768	-0.27042788	0.24163134	-0.503321	0.9999987	-0.41399616	0.118965015	-0.07474697	0.09293525	-0.1712308	0.09789482	-0.15819004	0.07522435	-0.08103148	0.12434573	-0.09375473
-0.19823994	0.15390153	-0.18967688	0.20769209	-0.3112044	0.13290183	-0.21229628	0.1978801	-0.23235376	0.272019	-0.20461512	0.18386316	-0.2079612	0.30761072	-0.68786544	0.16101924	-0.15768124	0.20403686	-0.41399616	0.9999983	-0.07756863	0.050559107	-0.071293175	0.1079175	-0.123038806	0.09878118	-0.05318646	0.06027051	-0.09865674	0.10118986
0.113571964	-0.071330875	0.077209376	-0.07433996	0.07788604	-0.078696094	0.10156325	-0.08494303	0.07271862	-0.07009208	0.14090733	-0.12236175	0.10055576	-0.08823998	0.061851922	-0.38569456	0.18412055	-0.124412835	0.118965015	-0.07756863	0.99999845	-0.11795086	0.027151933	-0.031099053	0.021455728	-0.8670499	0.11158432	-0.023350198	0.028165374	-0.02057368
-0.06040273	0.04192369	-0.045621924	0.045698546	-0.046404634	0.043413762	-0.057960615	0.053720146	-0.044988703	0.043829605	-0.07504667	0.08442458	-0.06684227	0.057452265	-0.03924966	0.1302771	-0.16754241	0.09349428	-0.07474697	0.050559107	-0.11795086	0.9999985	-0.04456773	0.029988168	-0.01778561	0.11653208	-0.96233565	0.039637107	-0.027273363	0.017772533
0.0410623	-0.032781493	0.037117217	-0.04175836	0.045307472	-0.029114027	0.04285784	-0.044473603	0.041787002	-0.045557465	0.045951545	-0.048373424	0.049239114	-0.06413351	0.048277497	-0.052733026	0.049256515	-0.069414355	0.09293525	-0.071293175	0.027151933	-0.04456773	0.99999857	-0.3624428	0.12939109	-0.034741145	0.04384504	-0.87388676	0.26763684	-0.146543
-0.054413352	0.04393634	-0.05040447	0.057041213	-0.064112164	0.038291603	-0.057498187	0.05988908	-0.058069006	0.06344658	-0.059826244	0.061937075	-0.0650132	0.09273559	-0.07401115	0.06422282	-0.059495043	0.08670676	-0.1712308	0.1079175	-0.031099053	0.029988168	-0.3624428	0.9999986	-0.36437392	0.04038218	-0.030952405	0.25743407	-0.762371	0.26138654
0.042285323	-0.0340466	0.03974292	-0.04502224	0.05481304	-0.029303618	0.044942945	-0.045386806	0.046474937	-0.052659445	0.045286585	-0.044806186	0.047285922	-0.06953646	0.07388785	-0.04447992	0.040741537	-0.056795016	0.09789482	-0.123038806	0.021455728	-0.01778561	0.12939109	-0.36437392	0.9999985	-0.027948568	0.01838301	-0.12617907	0.25487408	-0.8760951
-0.15937425	0.09454915	-0.10321243	0.096662045	-0.10453982	0.106240876	-0.13777702	0.10837801	-0.09491685	0.090821825	-0.1913078	0.14707899	-0.12731874	0.111985885	-0.08021591	0.26413426	-0.21943067	0.14364599	-0.15819004	0.09878118	-0.8670499	0.11653208	-0.034741145	0.04038218	-0.027948568	0.9999985	-0.13234335	0.029504074	-0.036966044	0.026642272
0.060730044	-0.043223754	0.046776142	-0.04767119	0.047758628	-0.044185907	0.058977503	-0.055972863	0.04654644	-0.045815036	0.07545988	-0.088637866	0.06802543	-0.060189843	0.040795363	-0.1424983	0.14344531	-0.09836928	0.07522435	-0.05318646	0.11158432	-0.96233565	0.04384504	-0.030952405	0.01838301	-0.13234335	0.99999857	-0.041660707	0.027953612	-0.018459395
-0.03609301	0.028275508	-0.0321573	0.0356635	-0.03951668	0.025376046	-0.037356265	0.037884135	-0.03587165	0.038779076	-0.040221654	0.04128511	-0.04225484	0.05362903	-0.041745335	0.044487067	-0.042573534	0.057274148	-0.08103148	0.06027051	-0.023350198	0.039637107	-0.87388676	0.25743407	-0.12617907	0.029504074	-0.041660707	0.9999985	-0.38533324	0.12973432
0.04759381	-0.039036535	0.04450125	-0.05117092	0.056309972	-0.03372451	0.050531883	-0.053549953	0.051562205	-0.05724585	0.05249033	-0.05526257	0.05689743	-0.083352394	0.06480713	-0.05833849	0.05219842	-0.07621169	0.12434573	-0.09865674	0.028165374	-0.027273363	0.26763684	-0.762371	0.25487408	-0.036966044	0.027953612	-0.38533324	0.9999985	-0.36137223
-0.04142826	0.032777812	-0.038407367	0.042844616	-0.05322545	0.028521538	-0.043705504	0.043153014	-0.04437644	0.049577646	-0.044191033	0.042893443	-0.04527265	0.06416803	-0.06981751	0.04226242	-0.039177768	0.05347889	-0.09375473	0.10118986	-0.02057368	0.017772533	-0.146543	0.26138654	-0.8760951	0.026642272	-0.018459395	0.12973432	-0.36137223	0.9999985
