1.0000001	-0.634776	0.14912584	-0.11316372	0.011061916	-0.6533859	0.3047274	-0.14628327	0.1183159	-0.010917931	0.17202413	-0.13521048	0.087630354	-0.05559093	0.06164827	-0.18050699	0.116858885	-0.08305144	0.053872075	-0.052986648	0.060649525	-0.05457394	0.031168412	-0.04416925	0.035143536	-0.041176327	0.036812782	-0.03288979	0.048698388	-0.049055155
-0.634776	1.0000002	-0.27514255	0.16099115	-0.014975158	0.31455886	-0.5790205	0.21005896	-0.18324192	0.014721877	-0.15061168	0.1532293	-0.11841011	0.0739411	-0.08181435	0.1428097	-0.1433299	0.10506224	-0.06912913	0.06665519	-0.06652372	0.059155986	-0.038228136	0.05501453	-0.043955468	0.044175252	-0.041305277	0.03983217	-0.060383122	0.060640518
0.14912584	-0.27514255	1.0	-0.64837825	0.023656456	-0.16364641	0.2190361	-0.57340723	0.3277006	-0.023643874	0.08363246	-0.10440164	0.1570938	-0.10444905	0.100189485	-0.09226048	0.09124277	-0.1434321	0.08661763	-0.08637057	0.04557267	-0.042378515	0.04250791	-0.06748615	0.054155212	-0.034043305	0.031373966	-0.043498237	0.06556225	-0.074928775
-0.11316372	0.16099115	-0.64837825	1.0000001	-0.029177738	0.11588715	-0.1743404	0.3134305	-0.6580571	0.028341992	-0.06485769	0.08177065	-0.13682479	0.10085806	-0.100257054	0.06976032	-0.07435706	0.11481206	-0.077777654	0.07412185	-0.037102733	0.034285944	-0.036577906	0.057951108	-0.046747874	0.02774919	-0.025791394	0.037068665	-0.057154864	0.06353743
0.011061916	-0.014975158	0.023656456	-0.029177738	1.0000001	-0.013492198	0.017385025	-0.024643097	0.030920656	-0.9958846	0.009891725	-0.014891811	0.0313129	-0.037031602	0.051736888	-0.0112830335	0.013980241	-0.03383453	0.02787652	-0.032564912	0.0080337105	-0.007703533	0.013924409	-0.023553744	0.019684756	-0.007110112	0.0066207084	-0.014162403	0.02224133	-0.028018607
-0.6533859	0.31455886	-0.16364641	0.11588715	-0.013492198	1.0000001	-0.51921874	0.16652559	-0.14922392	0.013232777	-0.32337385	0.17656378	-0.11178703	0.069345705	-0.07912004	0.22034752	-0.16690858	0.10148282	-0.06763482	0.064935505	-0.08262864	0.07200495	-0.03952645	0.05477204	-0.043560408	0.05339815	-0.048988663	0.041612256	-0.0623731	0.060201574
0.3047274	-0.5790205	0.2190361	-0.1743404	0.017385025	-0.51921874	0.99999994	-0.33462685	0.19464523	-0.017220426	0.1961481	-0.27581373	0.14710876	-0.09240274	0.09865383	-0.21698095	0.18996416	-0.14044069	0.08765205	-0.08654864	0.08801576	-0.08150117	0.049262807	-0.071288675	0.05670491	-0.06039726	0.055142354	-0.0518105	0.07625994	-0.079094954
-0.14628327	0.21005896	-0.57340723	0.3134305	-0.024643097	0.16652559	-0.33462685	1.0000001	-0.58364993	0.024351688	-0.091811374	0.122725464	-0.2700616	0.13949749	-0.13438243	0.09852614	-0.10962082	0.17525755	-0.10980261	0.10354646	-0.052578613	0.048786733	-0.051069673	0.08094261	-0.06504033	0.03906091	-0.036460828	0.051678997	-0.07895118	0.088000424
0.1183159	-0.18324192	0.3277006	-0.6580571	0.030920656	-0.14922392	0.19464523	-0.58364993	1.0000001	-0.031365834	0.081370845	-0.107347414	0.18277173	-0.15643361	0.13215736	-0.09219415	0.093529604	-0.17077261	0.108895235	-0.10756295	0.047734298	-0.044858925	0.051064588	-0.08298333	0.066610865	-0.036910128	0.033999283	-0.05195224	0.07842824	-0.09159024
-0.010917931	0.014721877	-0.023643874	0.028341992	-0.9958846	0.013232777	-0.017220426	0.024351688	-0.031365834	1.0	-0.009699359	0.01454871	-0.031300128	0.03652889	-0.05474214	0.011016749	-0.013708731	0.032768913	-0.02743344	0.03133235	-0.007851375	0.0075117964	-0.013539607	0.022752125	-0.019039823	0.0069151004	-0.00644821	0.013718576	-0.021772495	0.026826454
0.17202413	-0.15061168	0.08363246	-0.06485769	0.009891725	-0.32337385	0.1961481	-0.091811374	0.081370845	-0.009699359	0.99999946	-0.29404217	0.09297735	-0.056840803	0.066410296	-0.8337778	0.22432959	-0.09478065	0.061094556	-0.05868236	0.13258351	-0.11782065	0.04118092	-0.0520749	0.040584255	-0.086242594	0.07223777	-0.045045458	0.061525207	-0.056328394
-0.13521048	0.1532293	-0.10440164	0.08177065	-0.014891811	0.17656378	-0.27581373	0.122725464	-0.107347414	0.01454871	-0.29404217	0.9999994	-0.18712808	0.098500475	-0.1154728	0.24129605	-0.8034514	0.17339584	-0.10719471	0.094770186	-0.19092011	0.17427711	-0.066042475	0.083375014	-0.06523379	0.108708456	-0.115304284	0.070337944	-0.09825633	0.08721286
0.087630354	-0.11841011	0.1570938	-0.13682479	0.0313129	-0.11178703	0.14710876	-0.2700616	0.18277173	-0.031300128	0.09297735	-0.18712808	0.9999992	-0.45741415	0.2879707	-0.106163494	0.16247399	-0.65915686	0.28066957	-0.267944	0.076579	-0.07490135	0.11800062	-0.20181763	0.15896782	-0.06417483	0.060662907	-0.11782285	0.17318845	-0.21249947
-0.05559093	0.0739411	-0.10444905	0.10085806	-0.037031602	0.069345705	-0.09240274	0.13949749	-0.15643361	0.03652889	-0.056840803	0.098500475	-0.45741415	0.9999987	-0.72545075	0.06419539	-0.094457984	0.28563434	-0.37886748	0.23994312	-0.050325774	0.048734795	-0.10072205	0.17664519	-0.14278412	0.044751503	-0.042532947	0.0960007	-0.14967997	0.17040855
0.06164827	-0.08181435	0.100189485	-0.100257054	0.051736888	-0.07912004	0.09865383	-0.13438243	0.13215736	-0.05474214	0.066410296	-0.1154728	0.2879707	-0.72545075	0.99999857	-0.077206016	0.10789303	-0.34445044	0.2916815	-0.37108797	0.061640106	-0.060566217	0.12744753	-0.23520961	0.19359137	-0.057547946	0.05395882	-0.12893775	0.18814814	-0.25688013
-0.18050699	0.1428097	-0.09226048	0.06976032	-0.0112830335	0.22034752	-0.21698095	0.09852614	-0.09219415	0.011016749	-0.8337778	0.24129605	-0.106163494	0.06419539	-0.077206016	0.99999845	-0.3068425	0.1048733	-0.06981173	0.0653463	-0.18848531	0.13805367	-0.0477873	0.058724307	-0.045794602	0.09952664	-0.08801438	0.051926766	-0.0721468	0.06285422
0.116858885	-0.1433299	0.09124277	-0.07435706	0.013980241	-0.16690858	0.18996416	-0.10962082	0.093529604	-0.013708731	0.22432959	-0.8034514	0.16247399	-0.094457984	0.10789303	-0.3068425	0.9999984	-0.21371338	0.10889611	-0.09838985	0.19142857	-0.2551915	0.06830517	-0.08691009	0.06700477	-0.12746948	0.12596174	-0.07471328	0.097560346	-0.09036264
-0.08305144	0.10506224	-0.1434321	0.11481206	-0.03383453	0.10148282	-0.14044069	0.17525755	-0.17077261	0.032768913	-0.09478065	0.17339584	-0.65915686	0.28563434	-0.34445044	0.1048733	-0.21371338	0.99999833	-0.46902895	0.24966045	-0.08640257	0.08287367	-0.1399793	0.20792879	-0.1674092	0.06900279	-0.06748861	0.12639786	-0.21018684	0.19497919
0.053872075	-0.06912913	0.08661763	-0.077777654	0.02787652	-0.06763482	0.08765205	-0.10980261	0.108895235	-0.02743344	0.061094556	-0.10719471	0.28066957	-0.37886748	0.2916815	-0.06981173	0.10889611	-0.46902895	0.99999815	-0.53684145	0.063945435	-0.06333545	0.17636159	-0.42106995	0.25917536	-0.0626106	0.060053013	-0.16601714	0.23639326	-0.2766269
-0.052986648	0.06665519	-0.08637057	0.07412185	-0.032564912	0.064935505	-0.08654864	0.10354646	-0.10756295	0.03133235	-0.05868236	0.094770186	-0.267944	0.23994312	-0.37108797	0.0653463	-0.09838985	0.24966045	-0.53684145	0.9999982	-0.06412529	0.06160094	-0.18738617	0.29649833	-0.5354589	0.062387858	-0.060519632	0.16423336	-0.32563382	0.29707322
0.060649525	-0.06652372	0.04557267	-0.037102733	0.0080337105	-0.08262864	0.08801576	-0.052578613	0.047734298	-0.007851375	0.13258351	-0.19092011	0.076579	-0.050325774	0.061640106	-0.18848531	0.19142857	-0.08640257	0.063945435	-0.06412529	0.99999833	-0.7295277	0.08028038	-0.07070154	0.050820097	-0.51579154	0.3094468	-0.09909928	0.09568076	-0.07034456
-0.05457394	0.059155986	-0.042378515	0.034285944	-0.007703533	0.07200495	-0.08150117	0.048786733	-0.044858925	0.0075117964	-0.11782065	0.17427711	-0.07490135	0.048734795	-0.060566217	0.13805367	-0.2551915	0.08287367	-0.06333545	0.06160094	-0.7295277	0.99999815	-0.09001574	0.06997035	-0.050304934	0.31195444	-0.5089529	0.10605315	-0.1013002	0.06767097
0.031168412	-0.038228136	0.04250791	-0.036577906	0.013924409	-0.03952645	0.049262807	-0.051069673	0.051064588	-0.013539607	0.04118092	-0.066042475	0.11800062	-0.10072205	0.12744753	-0.0477873	0.06830517	-0.1399793	0.17636159	-0.18738617	0.08028038	-0.09001574	0.9999984	-0.4696989	0.19182095	-0.11760555	0.118097484	-0.7550006	0.28791833	-0.24415989
-0.04416925	0.05501453	-0.06748615	0.057951108	-0.023553744	0.05477204	-0.071288675	0.08094261	-0.08298333	0.022752125	-0.0520749	0.083375014	-0.20181763	0.17664519	-0.23520961	0.058724307	-0.08691009	0.20792879	-0.42106995	0.29649833	-0.07070154	0.06997035	-0.4696989	0.99999845	-0.4789095	0.078422844	-0.0788262	0.26604247	-0.42351562	0.29917684
0.035143536	-0.043955468	0.054155212	-0.046747874	0.019684756	-0.043560408	0.05670491	-0.06504033	0.066610865	-0.019039823	0.040584255	-0.06523379	0.15896782	-0.14278412	0.19359137	-0.045794602	0.06700477	-0.1674092	0.25917536	-0.5354589	0.050820097	-0.050304934	0.19182095	-0.4789095	0.9999982	-0.055176303	0.053494353	-0.17386146	0.28415152	-0.5986313
-0.041176327	0.044175252	-0.034043305	0.02774919	-0.007110112	0.05339815	-0.06039726	0.03906091	-0.036910128	0.0069151004	-0.086242594	0.108708456	-0.06417483	0.044751503	-0.057547946	0.09952664	-0.12746948	0.06900279	-0.0626106	0.062387858	-0.51579154	0.31195444	-0.11760555	0.078422844	-0.055176303	0.99999833	-0.7648286	0.13686094	-0.124930374	0.07310241
0.036812782	-0.041305277	0.031373966	-0.025791394	0.0066207084	-0.048988663	0.055142354	-0.036460828	0.033999283	-0.00644821	0.07223777	-0.115304284	0.060662907	-0.042532947	0.05395882	-0.08801438	0.12596174	-0.06748861	0.060053013	-0.060519632	0.3094468	-0.5089529	0.118097484	-0.0788262	0.053494353	-0.7648286	0.9999986	-0.17693809	0.11586501	-0.07132551
-0.03288979	0.03983217	-0.043498237	0.037068665	-0.014162403	0.041612256	-0.0518105	0.051678997	-0.05195224	0.013718576	-0.045045458	0.070337944	-0.11782285	0.0960007	-0.12893775	0.051926766	-0.07471328	0.12639786	-0.16601714	0.16423336	-0.09909928	0.10605315	-0.7550006	0.26604247	-0.17386146	0.13686094	-0.17693809	0.99999845	-0.4817558	0.21174258
0.048698388	-0.060383122	0.06556225	-0.057154864	0.02224133	-0.0623731	0.07625994	-0.07895118	0.07842824	-0.021772495	0.061525207	-0.09825633	0.17318845	-0.14967997	0.18814814	-0.0721468	0.097560346	-0.21018684	0.23639326	-0.32563382	0.09568076	-0.1013002	0.28791833	-0.42351562	0.28415152	-0.124930374	0.11586501	-0.4817558	0.9999985	-0.56357914
-0.049055155	0.060640518	-0.074928775	0.06353743	-0.028018607	0.060201574	-0.079094954	0.088000424	-0.09159024	0.026826454	-0.056328394	0.08721286	-0.21249947	0.17040855	-0.25688013	0.06285422	-0.09036264	0.19497919	-0.2766269	0.29707322	-0.07034456	0.06767097	-0.24415989	0.29917684	-0.5986313	0.07310241	-0.07132551	0.21174258	-0.56357914	0.9999985
