1.0000001	-0.8662213	0.20808087	-0.15501736	0.109807104	-0.3317277	0.24409918	-0.18764126	0.12926449	-0.11046919	0.12070347	-0.13188827	0.121325046	-0.12921722	0.06187235	-0.052884843	0.07440417	-0.061886847	0.07110701	-0.07175266	0.04454127	-0.06160445	0.055269033	-0.052148335	0.022977576	-0.039890897	0.03493973	-0.087222666	0.06201584	-0.020833177
-0.8662213	1.0	-0.26877093	0.1456723	-0.10588861	0.24630497	-0.31264	0.17406265	-0.12735108	0.099881776	-0.11207659	0.11585348	-0.11483971	0.1146832	-0.055426873	0.046645828	-0.067010246	0.05492978	-0.063926205	0.062940605	-0.039649792	0.0538565	-0.048843626	0.04617406	-0.020442447	0.034586996	-0.030477962	0.07493875	-0.055431575	0.018465986
0.20808087	-0.26877093	1.0000001	-0.6257736	0.2344005	-0.26394424	0.21870828	-0.45062461	0.31396264	-0.25422665	0.16830063	-0.19076332	0.23174505	-0.27644557	0.1277223	-0.084731705	0.1223909	-0.10810425	0.12648252	-0.1493137	0.07149074	-0.10388301	0.09371946	-0.09125511	0.039612893	-0.067038655	0.058527738	-0.14969023	0.10549597	-0.03607336
-0.15501736	0.1456723	-0.6257736	1.0000001	-0.33219838	0.16376173	-0.15667827	0.27894312	-0.594117	0.2519029	-0.13252725	0.13658072	-0.19606015	0.21033384	-0.109656416	0.06278644	-0.095497675	0.08204829	-0.10059442	0.11765576	-0.053819492	0.07652467	-0.07088301	0.069548145	-0.030693417	0.048511922	-0.042877767	0.106810935	-0.08240186	0.027715717
0.109807104	-0.10588861	0.2344005	-0.33219838	1.0000002	-0.16143082	0.13429178	-0.23974593	0.27325025	-0.8028794	0.13740711	-0.1488076	0.17789185	-0.2226012	0.18487988	-0.07418562	0.10863183	-0.09581242	0.11530921	-0.22018509	0.06300097	-0.09321458	0.084917545	-0.08318726	0.037641447	-0.060472153	0.05284239	-0.13671805	0.097362846	-0.034305476
-0.3317277	0.24630497	-0.26394424	0.16376173	-0.16143082	1.0000006	-0.7794496	0.25541073	-0.19167548	0.13604122	-0.24726535	0.20391163	-0.19254944	0.16444755	-0.080096304	0.080337904	-0.113591455	0.087858506	-0.102392785	0.08757534	-0.068676025	0.086279266	-0.07896385	0.0731998	-0.03277882	0.05480316	-0.048872475	0.11439556	-0.09028238	0.029370107
0.24409918	-0.31264	0.21870828	-0.15667827	0.13429178	-0.7794496	1.0000005	-0.3745377	0.17565642	-0.12563176	0.18546915	-0.2196749	0.18123259	-0.16252361	0.073609084	-0.068432935	0.098135054	-0.07840832	0.08961907	-0.08194347	0.057750355	-0.07554084	0.068368666	-0.064182654	0.028171413	-0.047931798	0.042426143	-0.101565704	0.07698691	-0.025382038
-0.18764126	0.17406265	-0.45062461	0.27894312	-0.23974593	0.25541073	-0.3745377	1.0000001	-0.48324192	0.21213557	-0.19719975	0.20283908	-0.46555677	0.28204447	-0.123333655	0.08297598	-0.12886071	0.10990422	-0.13195224	0.12986581	-0.07131406	0.09824751	-0.091503106	0.08965335	-0.038988665	0.061286006	-0.054517332	0.13247654	-0.10592352	0.03509783
0.12926449	-0.12735108	0.31396264	-0.594117	0.27325025	-0.19167548	0.17565642	-0.48324192	0.9999998	-0.3795802	0.14555715	-0.1582779	0.24553688	-0.3398394	0.13610154	-0.069923855	0.10652605	-0.09597155	0.117748916	-0.1454229	0.05961685	-0.08601279	0.07950182	-0.08022371	0.03428122	-0.053899962	0.04754618	-0.11926178	0.09134079	-0.031089999
-0.11046919	0.099881776	-0.25422665	0.2519029	-0.8028794	0.13604122	-0.12563176	0.21213557	-0.3795802	0.9999998	-0.13219403	0.13133053	-0.17792131	0.1984365	-0.22910886	0.06543827	-0.10135851	0.08633281	-0.10851552	0.191005	-0.05641659	0.08114041	-0.07610471	0.075023465	-0.03445196	0.051444262	-0.04561172	0.11386385	-0.090560764	0.031056006
0.12070347	-0.11207659	0.16830063	-0.13252725	0.13740711	-0.24726535	0.18546915	-0.19719975	0.14555715	-0.13219403	0.9999995	-0.7594376	0.22322366	-0.22813627	0.10082989	-0.27103725	0.22623295	-0.17257452	0.17512405	-0.117497034	0.18046506	-0.20641209	0.16541778	-0.13940194	0.058996677	-0.13567272	0.11606494	-0.2632775	0.16443095	-0.05351012
-0.13188827	0.11585348	-0.19076332	0.13658072	-0.1488076	0.20391163	-0.2196749	0.20283908	-0.1582779	0.13133053	-0.7594376	0.9999993	-0.33048645	0.22498754	-0.10242115	0.17735244	-0.28853047	0.17610985	-0.18908682	0.1119098	-0.15296184	0.16993667	-0.15292123	0.13426587	-0.05884581	0.104691125	-0.094894186	0.20332165	-0.16650884	0.05241938
0.121325046	-0.11483971	0.23174505	-0.19606015	0.17789185	-0.19254944	0.18123259	-0.46555677	0.24553688	-0.17792131	0.22322366	-0.33048645	0.9999992	-0.6778861	0.16362979	-0.101520605	0.16098286	-0.16129002	0.17871241	-0.18258497	0.0858818	-0.12412122	0.11489087	-0.11916533	0.047581337	-0.07492954	0.06627548	-0.16423734	0.12758164	-0.04333948
-0.12921722	0.1146832	-0.27644557	0.21033384	-0.2226012	0.16444755	-0.16252361	0.28204447	-0.3398394	0.1984365	-0.22813627	0.22498754	-0.6778861	0.9999995	-0.26802677	0.10557792	-0.18015058	0.16779955	-0.26496828	0.21039452	-0.091618694	0.13260025	-0.1296189	0.14103544	-0.056998074	0.07870349	-0.07058808	0.1720668	-0.15567411	0.051184516
0.06187235	-0.055426873	0.1277223	-0.109656416	0.18487988	-0.080096304	0.073609084	-0.123333655	0.13610154	-0.22910886	0.10082989	-0.10242115	0.16362979	-0.26802677	0.99999946	-0.054250963	0.08780877	-0.08521385	0.11670562	-0.897857	0.046706337	-0.07070617	0.06750657	-0.07521169	0.039532732	-0.04258882	0.037816606	-0.09576505	0.08128684	-0.036341466
-0.052884843	0.046645828	-0.084731705	0.06278644	-0.07418562	0.080337904	-0.068432935	0.08297598	-0.069923855	0.06543827	-0.27103725	0.17735244	-0.101520605	0.10557792	-0.054250963	0.99999946	-0.28045174	0.16293676	-0.16866387	0.060968965	-0.8165278	0.24837083	-0.2111719	0.13503711	-0.05801089	0.18214107	-0.18004523	0.2008872	-0.17082745	0.051212728
0.07440417	-0.067010246	0.1223909	-0.095497675	0.10863183	-0.113591455	0.098135054	-0.12886071	0.10652605	-0.10135851	0.22623295	-0.28853047	0.16098286	-0.18015058	0.08780877	-0.28045174	0.9999997	-0.63882947	0.29031062	-0.10224934	0.20505093	-0.37752962	0.27062163	-0.23473816	0.08187664	-0.17148155	0.14914429	-0.3532106	0.22737801	-0.076001935
-0.061886847	0.05492978	-0.10810425	0.08204829	-0.09581242	0.087858506	-0.07840832	0.10990422	-0.09597155	0.08633281	-0.17257452	0.17610985	-0.16129002	0.16779955	-0.08521385	0.16293676	-0.63882947	0.99999976	-0.5663449	0.094329044	-0.14434612	0.24633372	-0.3125582	0.24770531	-0.08410846	0.11692646	-0.10752335	0.25306624	-0.24901731	0.07571134
0.07110701	-0.063926205	0.12648252	-0.10059442	0.11530921	-0.102392785	0.08961907	-0.13195224	0.117748916	-0.10851552	0.17512405	-0.18908682	0.17871241	-0.26496828	0.11670562	-0.16866387	0.29031062	-0.5663449	0.99999994	-0.14027332	0.1418432	-0.26633394	0.26177278	-0.51746535	0.10426102	-0.13996667	0.12307262	-0.33356568	0.281805	-0.09982188
-0.07175266	0.062940605	-0.1493137	0.11765576	-0.22018509	0.08757534	-0.08194347	0.12986581	-0.1454229	0.191005	-0.117497034	0.1119098	-0.18258497	0.21039452	-0.897857	0.060968965	-0.10224934	0.094329044	-0.14027332	0.99999976	-0.05302508	0.07884254	-0.076893196	0.08441743	-0.047004536	0.047263816	-0.04227522	0.10526049	-0.09587496	0.041726243
0.04454127	-0.039649792	0.07149074	-0.053819492	0.06300097	-0.068676025	0.057750355	-0.07131406	0.05961685	-0.05641659	0.18046506	-0.15296184	0.0858818	-0.091618694	0.046706337	-0.8165278	0.20505093	-0.14434612	0.1418432	-0.05302508	1.0	-0.3573821	0.19933775	-0.124637865	0.050866477	-0.2547648	0.1860785	-0.21081203	0.14876477	-0.045441173
-0.06160445	0.0538565	-0.10388301	0.07652467	-0.09321458	0.086279266	-0.07554084	0.09824751	-0.08601279	0.08114041	-0.20641209	0.16993667	-0.12412122	0.13260025	-0.07070617	0.24837083	-0.37752962	0.24633372	-0.26633394	0.07884254	-0.3573821	1.0000001	-0.6638517	0.24161762	-0.09404003	0.18692668	-0.21103044	0.2918578	-0.28369007	0.08282033
0.055269033	-0.048843626	0.09371946	-0.07088301	0.084917545	-0.07896385	0.068368666	-0.091503106	0.07950182	-0.07610471	0.16541778	-0.15292123	0.11489087	-0.1296189	0.06750657	-0.2111719	0.27062163	-0.3125582	0.26177278	-0.076893196	0.19933775	-0.6638517	1.0	-0.3898434	0.095976695	-0.17062975	0.16324417	-0.43386185	0.27597442	-0.08886943
-0.052148335	0.04617406	-0.09125511	0.069548145	-0.08318726	0.0731998	-0.064182654	0.08965335	-0.08022371	0.075023465	-0.13940194	0.13426587	-0.11916533	0.14103544	-0.07521169	0.13503711	-0.23473816	0.24770531	-0.51746535	0.08441743	-0.124637865	0.24161762	-0.3898434	1.0000001	-0.17615004	0.116300896	-0.10814433	0.28469872	-0.63285136	0.14993028
0.022977576	-0.020442447	0.039612893	-0.030693417	0.037641447	-0.03277882	0.028171413	-0.038988665	0.03428122	-0.03445196	0.058996677	-0.05884581	0.047581337	-0.056998074	0.039532732	-0.05801089	0.08187664	-0.08410846	0.10426102	-0.047004536	0.050866477	-0.09404003	0.095976695	-0.17615004	1.0000001	-0.056086633	0.04966138	-0.14745031	0.19240469	-0.94779116
-0.039890897	0.034586996	-0.067038655	0.048511922	-0.060472153	0.05480316	-0.047931798	0.061286006	-0.053899962	0.051444262	-0.13567272	0.104691125	-0.07492954	0.07870349	-0.04258882	0.18214107	-0.17148155	0.11692646	-0.13996667	0.047263816	-0.2547648	0.18692668	-0.17062975	0.116300896	-0.056086633	0.99999994	-0.8773915	0.23240738	-0.17187715	0.048630547
0.03493973	-0.030477962	0.058527738	-0.042877767	0.05284239	-0.048872475	0.042426143	-0.054517332	0.04754618	-0.04561172	0.11606494	-0.094894186	0.06627548	-0.07058808	0.037816606	-0.18004523	0.14914429	-0.10752335	0.12307262	-0.04227522	0.1860785	-0.21103044	0.16324417	-0.10814433	0.04966138	-0.8773915	1.0000002	-0.32165673	0.1518841	-0.043617748
-0.087222666	0.07493875	-0.14969023	0.106810935	-0.13671805	0.11439556	-0.101565704	0.13247654	-0.11926178	0.11386385	-0.2632775	0.20332165	-0.16423734	0.1720668	-0.09576505	0.2008872	-0.3532106	0.25306624	-0.33356568	0.10526049	-0.21081203	0.2918578	-0.43386185	0.28469872	-0.14745031	0.23240738	-0.32165673	1.0000002	-0.49431086	0.1265565
0.06201584	-0.055431575	0.10549597	-0.08240186	0.097362846	-0.09028238	0.07698691	-0.10592352	0.09134079	-0.090560764	0.16443095	-0.16650884	0.12758164	-0.15567411	0.08128684	-0.17082745	0.22737801	-0.24901731	0.281805	-0.09587496	0.14876477	-0.28369007	0.27597442	-0.63285136	0.19240469	-0.17187715	0.1518841	-0.49431086	1.0000002	-0.23947892
-0.020833177	0.018465986	-0.03607336	0.027715717	-0.034305476	0.029370107	-0.025382038	0.03509783	-0.031089999	0.031056006	-0.05351012	0.05241938	-0.04333948	0.051184516	-0.036341466	0.051212728	-0.076001935	0.07571134	-0.09982188	0.041726243	-0.045441173	0.08282033	-0.08886943	0.14993028	-0.94779116	0.048630547	-0.043617748	0.1265565	-0.23947892	1.0000002
