1.0000001	-0.39597163	0.24780928	-0.10954794	0.11777654	-0.60079014	0.20714988	-0.1723478	0.10674532	-0.13643594	0.29843795	-0.19905914	0.15484092	-0.14019708	0.14716083	-0.38947028	0.20046288	-0.15507112	0.11893009	-0.14398494	0.17633027	-0.16724563	0.1336163	-0.14912176	0.123139836	-0.22325252	0.150107	-0.16655348	0.10604299	-0.13950032
-0.39597163	1.0000002	-0.80596495	0.18073456	-0.21049947	0.17727226	-0.20219462	0.13722625	-0.08901604	0.10851286	-0.14709605	0.12581606	-0.10765408	0.095286064	-0.1012234	0.17143376	-0.12429465	0.095999286	-0.07317588	0.08546405	-0.091091864	0.086004116	-0.074945614	0.08432772	-0.07168457	0.11533244	-0.080074854	0.0925001	-0.059793882	0.07877149
0.24780928	-0.80596495	1.0000004	-0.2882113	0.2133061	-0.18365112	0.17966264	-0.1609333	0.10160168	-0.12943944	0.14368802	-0.13671772	0.12075539	-0.11086658	0.114399135	-0.20574388	0.13618967	-0.11296044	0.085665405	-0.1026107	0.10654002	-0.10295205	0.08967196	-0.10190973	0.08556717	-0.14273693	0.096229166	-0.11258905	0.072264336	-0.09606294
-0.10954794	0.18073456	-0.2882113	1.0000005	-0.91555583	0.073895834	-0.09853229	0.08890494	-0.10348636	0.11760633	-0.066687234	0.06891875	-0.06958776	0.068883695	-0.07583313	0.08922523	-0.07210808	0.058501415	-0.045065913	0.0515335	-0.050372373	0.048284035	-0.044025056	0.049830057	-0.043035395	0.06601763	-0.045849103	0.05427353	-0.03535337	0.04664121
0.11777654	-0.21049947	0.2133061	-0.91555583	1.0000004	-0.08730664	0.10928256	-0.10374623	0.109156586	-0.14983854	0.076853976	-0.0804961	0.08005892	-0.08036778	0.085546054	-0.109518796	0.083625935	-0.06986325	0.053507827	-0.062318623	0.06074557	-0.058736112	0.053267833	-0.060598556	0.051838595	-0.0815786	0.05580243	-0.06632475	0.04298036	-0.057000246
-0.60079014	0.17727226	-0.18365112	0.073895834	-0.08730664	1.0000001	-0.18196665	0.12562129	-0.07706107	0.094118446	-0.6649708	0.17018075	-0.121111006	0.09999165	-0.10953816	0.27101836	-0.17132464	0.10867886	-0.084012285	0.09585282	-0.13545701	0.114122115	-0.090832055	0.097991034	-0.083388135	0.13765527	-0.10239754	0.10774568	-0.069879375	0.08954168
0.20714988	-0.20219462	0.17966264	-0.09853229	0.10928256	-0.18196665	1.0000001	-0.56719065	0.22533725	-0.28661186	0.19027501	-0.4696345	0.29990485	-0.24802586	0.23213576	-0.2417698	0.2887671	-0.24715443	0.1746569	-0.2023932	0.15677246	-0.15550752	0.15686236	-0.18269843	0.15811391	-0.20593145	0.14800197	-0.19396223	0.12617685	-0.1695256
-0.1723478	0.13722625	-0.1609333	0.08890494	-0.10374623	0.12562129	-0.56719065	0.9999998	-0.4115035	0.27398628	-0.14629348	0.2621212	-0.50225747	0.25017673	-0.27163357	0.16974472	-0.25724605	0.21584898	-0.16536848	0.15568374	-0.12123235	0.116176076	-0.12376601	0.13646363	-0.12856652	0.14393456	-0.111149214	0.1402191	-0.09511164	0.12223906
0.10674532	-0.08901604	0.10160168	-0.10348636	0.109156586	-0.07706107	0.22533725	-0.4115035	0.9999999	-0.80855745	0.087676875	-0.14406817	0.20476526	-0.27390942	0.22423366	-0.10755245	0.1447033	-0.12917536	0.0975746	-0.09923432	0.07581611	-0.07300654	0.077210516	-0.08709039	0.0803911	-0.093698725	0.07075412	-0.09026653	0.06074466	-0.07908458
-0.13643594	0.10851286	-0.12943944	0.11760633	-0.14983854	0.094118446	-0.28661186	0.27398628	-0.80855745	1.0	-0.108221844	0.16380873	-0.22267497	0.23208338	-0.2993144	0.12791695	-0.17935933	0.14086142	-0.11212488	0.11211116	-0.09111344	0.08637224	-0.08972065	0.10002334	-0.093717426	0.10947142	-0.08388638	0.10387102	-0.07061032	0.090883255
0.29843795	-0.14709605	0.14368802	-0.066687234	0.076853976	-0.6649708	0.19027501	-0.14629348	0.087676875	-0.108221844	1.0	-0.2629205	0.14721286	-0.12092765	0.12890856	-0.5240917	0.21407217	-0.13624921	0.10359403	-0.11971984	0.18099695	-0.15736352	0.115996726	-0.124887936	0.10412244	-0.18108238	0.1313986	-0.13786903	0.08817866	-0.11303137
-0.19905914	0.12581606	-0.13671772	0.06891875	-0.0804961	0.17018075	-0.4696345	0.2621212	-0.14406817	0.16380873	-0.2629205	1.0000001	-0.40151343	0.20117408	-0.20901752	0.23099525	-0.641598	0.22578537	-0.16341066	0.16412905	-0.15615612	0.15168358	-0.13789959	0.14990437	-0.13459483	0.16872106	-0.1326424	0.1568253	-0.103714325	0.1333794
0.15484092	-0.10765408	0.12075539	-0.06958776	0.08005892	-0.121111006	0.29990485	-0.50225747	0.20476526	-0.22267497	0.14721286	-0.40151343	0.99999994	-0.42160484	0.27621362	-0.1788452	0.27220374	-0.43411982	0.22049189	-0.21283713	0.1316715	-0.13128828	0.15358582	-0.17184508	0.1574129	-0.16057159	0.124105036	-0.1721178	0.114200026	-0.14939393
-0.14019708	0.095286064	-0.11086658	0.068883695	-0.08036778	0.09999165	-0.24802586	0.25017673	-0.27390942	0.23208338	-0.12092765	0.20117408	-0.42160484	0.9999997	-0.75641435	0.14731646	-0.2158478	0.20499244	-0.16987242	0.15836191	-0.110923074	0.106923245	-0.11926933	0.1342262	-0.12772007	0.136918	-0.10510878	0.1369723	-0.09347308	0.12122195
0.14716083	-0.1012234	0.114399135	-0.07583313	0.085546054	-0.10953816	0.23213576	-0.27163357	0.22423366	-0.2993144	0.12890856	-0.20901752	0.27621362	-0.75641435	0.99999994	-0.17560303	0.20948589	-0.23255205	0.17323305	-0.20653813	0.13057382	-0.13001426	0.14609529	-0.17515138	0.15441236	-0.18311502	0.13132463	-0.18366623	0.120826945	-0.16493453
-0.38947028	0.17143376	-0.20574388	0.08922523	-0.109518796	0.27101836	-0.2417698	0.16974472	-0.10755245	0.12791695	-0.5240917	0.23099525	-0.1788452	0.14731646	-0.17560303	1.0	-0.33199817	0.16748743	-0.13466085	0.14689943	-0.44296953	0.24168643	-0.16520719	0.16064999	-0.13819845	0.2257244	-0.20495617	0.17698185	-0.11632137	0.1398266
0.20046288	-0.12429465	0.13618967	-0.07210808	0.083625935	-0.17132464	0.2887671	-0.25724605	0.1447033	-0.17935933	0.21407217	-0.641598	0.27220374	-0.2158478	0.20948589	-0.33199817	1.0000001	-0.3190892	0.1996891	-0.2292338	0.2088298	-0.24109332	0.18854207	-0.21208005	0.17868216	-0.2426911	0.18278281	-0.22450563	0.14318359	-0.18875012
-0.15507112	0.095999286	-0.11296044	0.058501415	-0.06986325	0.10867886	-0.24715443	0.21584898	-0.12917536	0.14086142	-0.13624921	0.22578537	-0.43411982	0.20499244	-0.23255205	0.16748743	-0.3190892	1.0000001	-0.6324599	0.28043178	-0.1493949	0.14739265	-0.24786405	0.2141315	-0.23400643	0.15866017	-0.1391558	0.19478251	-0.1399178	0.16547982
0.11893009	-0.07317588	0.085665405	-0.045065913	0.053507827	-0.084012285	0.1746569	-0.16536848	0.0975746	-0.11212488	0.10359403	-0.16341066	0.22049189	-0.16987242	0.17323305	-0.13466085	0.1996891	-0.6324599	1.0	-0.5899946	0.12091198	-0.123063534	0.18612298	-0.24081816	0.25002906	-0.13980284	0.11842293	-0.18755442	0.13568324	-0.17712799
-0.14398494	0.08546405	-0.1026107	0.0515335	-0.062318623	0.09585282	-0.2023932	0.15568374	-0.09923432	0.11211116	-0.11971984	0.16412905	-0.21283713	0.15836191	-0.20653813	0.14689943	-0.2292338	0.28043178	-0.5899946	0.9999995	-0.13999008	0.13380785	-0.20434247	0.25135577	-0.56457484	0.14844243	-0.13433562	0.19307168	-0.16903205	0.20399559
0.17633027	-0.091091864	0.10654002	-0.050372373	0.06074557	-0.13545701	0.15677246	-0.12123235	0.07581611	-0.09111344	0.18099695	-0.15615612	0.1316715	-0.110923074	0.13057382	-0.44296953	0.2088298	-0.1493949	0.12091198	-0.13999008	0.9999997	-0.69994134	0.21355717	-0.19968195	0.14255437	-0.33653826	0.2660523	-0.2245239	0.13015617	-0.15212202
-0.16724563	0.086004116	-0.10295205	0.048284035	-0.058736112	0.114122115	-0.15550752	0.116176076	-0.07300654	0.08637224	-0.15736352	0.15168358	-0.13128828	0.106923245	-0.13001426	0.24168643	-0.24109332	0.14739265	-0.123063534	0.13380785	-0.69994134	0.99999976	-0.3185744	0.19793935	-0.14831364	0.2807117	-0.4387264	0.22537734	-0.13498633	0.1443324
0.1336163	-0.074945614	0.08967196	-0.044025056	0.053267833	-0.090832055	0.15686236	-0.12376601	0.077210516	-0.08972065	0.115996726	-0.13789959	0.15358582	-0.11926933	0.14609529	-0.16520719	0.18854207	-0.24786405	0.18612298	-0.20434247	0.21355717	-0.3185744	0.9999996	-0.59843576	0.25414047	-0.2056733	0.20921607	-0.5500876	0.23166297	-0.23890501
-0.14912176	0.08432772	-0.10190973	0.049830057	-0.060598556	0.097991034	-0.18269843	0.13646363	-0.08709039	0.10002334	-0.124887936	0.14990437	-0.17184508	0.1342262	-0.17515138	0.16064999	-0.21208005	0.2141315	-0.24081816	0.25135577	-0.19968195	0.19793935	-0.59843576	0.99999964	-0.52667826	0.17958616	-0.18544737	0.29148352	-0.27792713	0.2464596
0.123139836	-0.07168457	0.08556717	-0.043035395	0.051838595	-0.083388135	0.15811391	-0.12856652	0.0803911	-0.093717426	0.10412244	-0.13459483	0.1574129	-0.12772007	0.15441236	-0.13819845	0.17868216	-0.23400643	0.25002906	-0.56457484	0.14255437	-0.14831364	0.25414047	-0.52667826	0.9999995	-0.16345981	0.1462481	-0.27433375	0.23660918	-0.39098898
-0.22325252	0.11533244	-0.14273693	0.06601763	-0.0815786	0.13765527	-0.20593145	0.14393456	-0.093698725	0.10947142	-0.18108238	0.16872106	-0.16057159	0.136918	-0.18311502	0.2257244	-0.2426911	0.15866017	-0.13980284	0.14844243	-0.33653826	0.2807117	-0.2056733	0.17958616	-0.16345981	0.9999994	-0.744675	0.2311059	-0.15546481	0.15799193
0.150107	-0.080074854	0.096229166	-0.045849103	0.05580243	-0.10239754	0.14800197	-0.111149214	0.07075412	-0.08388638	0.1313986	-0.1326424	0.124105036	-0.10510878	0.13132463	-0.20495617	0.18278281	-0.1391558	0.11842293	-0.13433562	0.2660523	-0.4387264	0.20921607	-0.18544737	0.1462481	-0.744675	0.999999	-0.3122287	0.15215205	-0.16196288
-0.16655348	0.0925001	-0.11258905	0.05427353	-0.06632475	0.10774568	-0.19396223	0.1402191	-0.09026653	0.10387102	-0.13786903	0.1568253	-0.1721178	0.1369723	-0.18366623	0.17698185	-0.22450563	0.19478251	-0.18755442	0.19307168	-0.2245239	0.22537734	-0.5500876	0.29148352	-0.27433375	0.2311059	-0.3122287	0.9999989	-0.49276438	0.2841387
0.10604299	-0.059793882	0.072264336	-0.03535337	0.04298036	-0.069879375	0.12617685	-0.09511164	0.06074466	-0.07061032	0.08817866	-0.103714325	0.114200026	-0.09347308	0.120826945	-0.11632137	0.14318359	-0.1399178	0.13568324	-0.16903205	0.13015617	-0.13498633	0.23166297	-0.27792713	0.23660918	-0.15546481	0.15215205	-0.49276438	0.999999	-0.74651116
-0.13950032	0.07877149	-0.09606294	0.04664121	-0.057000246	0.08954168	-0.1695256	0.12223906	-0.07908458	0.090883255	-0.11303137	0.1333794	-0.14939393	0.12122195	-0.16493453	0.1398266	-0.18875012	0.16547982	-0.17712799	0.20399559	-0.15212202	0.1443324	-0.23890501	0.2464596	-0.39098898	0.15799193	-0.16196288	0.2841387	-0.74651116	0.999999
