1.0000001	-0.9660809	0.057307456	-0.049411487	0.046652224	-0.092248514	0.14920391	-0.06370189	0.048787635	-0.04193219	0.0647273	-0.13639973	0.06960426	-0.042389147	0.044519227	-0.08094093	0.07564925	-0.059609093	0.03340493	-0.034502193	0.05084228	-0.05958857	0.054764394	-0.05599653	0.0283138	-0.057698067	0.042873114	-0.041930404	0.043835975	-0.028053937
-0.9660809	1.0000001	-0.060202245	0.048229188	-0.04533078	0.08022691	-0.17716825	0.06167745	-0.048365686	0.039741386	-0.06002984	0.12351932	-0.066666715	0.04003919	-0.04262572	0.07157762	-0.071343854	0.055059116	-0.03100085	0.03167236	-0.046209324	0.053877726	-0.050675448	0.05057284	-0.025960943	0.051459994	-0.039072767	0.037823297	-0.04024702	0.02550393
0.057307456	-0.060202245	1.0000005	-0.8069948	0.1390916	-0.06263397	0.09514815	-0.47158334	0.29844907	-0.14238076	0.046186995	-0.08707119	0.10204245	-0.1057376	0.10248335	-0.07167785	0.070249595	-0.07518362	0.052415434	-0.053812366	0.048804704	-0.05960164	0.062401462	-0.06718063	0.03463338	-0.058856763	0.04481717	-0.04606037	0.049094286	-0.034146614
-0.049411487	0.048229188	-0.8069948	1.0000005	-0.15899038	0.053644612	-0.08105465	0.30002788	-0.4712439	0.14471284	-0.04022473	0.071776316	-0.09569823	0.10932984	-0.1116303	0.062249728	-0.06277501	0.067321815	-0.051414676	0.05169217	-0.04328363	0.052852683	-0.05711719	0.060697515	-0.031993546	0.05184636	-0.04021957	0.04117886	-0.044738315	0.03123142
0.046652224	-0.04533078	0.1390916	-0.15899038	0.99999964	-0.10920648	0.11279969	-0.26071265	0.22494042	-0.8666048	0.07887712	-0.109885715	0.1524305	-0.18727043	0.1920231	-0.1284563	0.1148924	-0.124533296	0.09711004	-0.106828496	0.0880061	-0.10609752	0.11041543	-0.12807326	0.06556469	-0.11119595	0.08250895	-0.087535106	0.09120376	-0.06578875
-0.092248514	0.08022691	-0.06263397	0.053644612	-0.10920648	0.9999994	-0.25861567	0.092691995	-0.08174048	0.08430128	-0.82032907	0.1881446	-0.197949	0.09987109	-0.11640229	0.27592647	-0.24097434	0.15351872	-0.08586356	0.08312311	-0.1798398	0.1636535	-0.16226853	0.13787706	-0.07997302	0.15585156	-0.13293126	0.11348617	-0.13553761	0.074202344
0.14920391	-0.17716825	0.09514815	-0.08105465	0.11279969	-0.25861567	0.9999992	-0.18010327	0.12235084	-0.10105125	0.17412555	-0.80722535	0.2036706	-0.11512253	0.11655863	-0.23813856	0.24386235	-0.1839921	0.08890647	-0.09149917	0.14439374	-0.17796537	0.15477994	-0.15436973	0.07601623	-0.16290945	0.11982334	-0.116011575	0.11916501	-0.07557078
-0.06370189	0.06167745	-0.47158334	0.30002788	-0.26071265	0.092691995	-0.18010327	0.9999991	-0.7078222	0.21424018	-0.07020328	0.13766384	-0.18937635	0.17283812	-0.18159467	0.10715752	-0.11285115	0.120939486	-0.085928775	0.08530339	-0.07466347	0.0915956	-0.09953048	0.10290556	-0.0542077	0.08816185	-0.06903695	0.0699639	-0.07651827	0.05267144
0.048787635	-0.048365686	0.29844907	-0.4712439	0.22494042	-0.08174048	0.12235084	-0.7078222	0.9999992	-0.2952632	0.060532853	-0.11320193	0.1484925	-0.2193324	0.17757976	-0.09555598	0.09492563	-0.10689064	0.08153705	-0.08289902	0.06572461	-0.080906734	0.08674121	-0.09417252	0.049151756	-0.07938789	0.06100297	-0.06306283	0.067854956	-0.048221804
-0.04193219	0.039741386	-0.14238076	0.14471284	-0.8666048	0.08430128	-0.10105125	0.21424018	-0.2952632	0.99999905	-0.06334442	0.092801265	-0.14631738	0.17887112	-0.24494463	0.10059537	-0.09899792	0.10653126	-0.09084323	0.09492488	-0.071531415	0.086743124	-0.09568721	0.10427566	-0.05599271	0.08724438	-0.06805322	0.0703561	-0.077037044	0.054647442
0.0647273	-0.06002984	0.046186995	-0.04022473	0.07887712	-0.82032907	0.17412555	-0.07020328	0.060532853	-0.06334442	0.9999989	-0.1659968	0.14864184	-0.07675774	0.08663646	-0.43499663	0.19776359	-0.12896039	0.06830898	-0.06747941	0.17019632	-0.15176049	0.1323357	-0.11793327	0.06456902	-0.1571303	0.11458219	-0.100365005	0.109537944	-0.061502982
-0.13639973	0.12351932	-0.08707119	0.071776316	-0.109885715	0.1881446	-0.80722535	0.13766384	-0.11320193	0.092801265	-0.1659968	0.99999887	-0.26273227	0.115955286	-0.12196219	0.20715378	-0.360105	0.19561617	-0.088448204	0.088099204	-0.13942863	0.17297003	-0.16273338	0.14449266	-0.07361883	0.14495768	-0.1165346	0.10781253	-0.116939254	0.07132742
0.06960426	-0.066666715	0.10204245	-0.09569823	0.1524305	-0.197949	0.2036706	-0.18937635	0.1484925	-0.14631738	0.14864184	-0.26273227	0.9999988	-0.3471335	0.23954304	-0.26748303	0.28006217	-0.63581413	0.17248449	-0.18087965	0.1812944	-0.24316697	0.26875627	-0.28006542	0.12341146	-0.22023207	0.16511251	-0.17442368	0.17701352	-0.12461279
-0.042389147	0.04003919	-0.1057376	0.10932984	-0.18727043	0.09987109	-0.11512253	0.17283812	-0.2193324	0.17887112	-0.07675774	0.115955286	-0.3471335	0.9999984	-0.804248	0.12857907	-0.13841763	0.18504186	-0.23784801	0.20194194	-0.09410521	0.11941407	-0.14519964	0.15947229	-0.0903532	0.11266611	-0.09100844	0.09537837	-0.10962012	0.08515298
0.044519227	-0.04262572	0.10248335	-0.1116303	0.1920231	-0.11640229	0.11655863	-0.18159467	0.17757976	-0.24494463	0.08663646	-0.12196219	0.23954304	-0.804248	0.9999985	-0.14835761	0.14298555	-0.19393227	0.20967054	-0.26858556	0.10515248	-0.1327487	0.14940353	-0.1827919	0.102024	-0.13099213	0.1014207	-0.109959066	0.120802045	-0.10001855
-0.08094093	0.07157762	-0.07167785	0.062249728	-0.1284563	0.27592647	-0.23813856	0.10715752	-0.09555598	0.10059537	-0.43499663	0.20715378	-0.26748303	0.12857907	-0.14835761	0.99999845	-0.4797885	0.22778337	-0.116377816	0.112066545	-0.47294465	0.27932146	-0.24635047	0.19571681	-0.110934526	0.26357675	-0.21577331	0.16862944	-0.19587645	0.103327624
0.07564925	-0.071343854	0.070249595	-0.06277501	0.1148924	-0.24097434	0.24386235	-0.11285115	0.09492563	-0.09899792	0.19776359	-0.360105	0.28006217	-0.13841763	0.14298555	-0.4797885	0.99999845	-0.45453474	0.12574603	-0.12614335	0.2576347	-0.44222167	0.27207989	-0.23208475	0.11025628	-0.2587397	0.2013223	-0.18096857	0.1805666	-0.10804161
-0.059609093	0.055059116	-0.07518362	0.067321815	-0.124533296	0.15351872	-0.1839921	0.120939486	-0.10689064	0.10653126	-0.12896039	0.19561617	-0.63581413	0.18504186	-0.19393227	0.22778337	-0.45453474	0.9999987	-0.16801867	0.14925356	-0.17563064	0.24689975	-0.44769275	0.24290244	-0.11200175	0.18385457	-0.1573112	0.1500213	-0.16701508	0.106384456
0.03340493	-0.03100085	0.052415434	-0.051414676	0.09711004	-0.08586356	0.08890647	-0.085928775	0.08153705	-0.09084323	0.06830898	-0.088448204	0.17248449	-0.23784801	0.20967054	-0.116377816	0.12574603	-0.16801867	0.9999986	-0.85251635	0.09542546	-0.12417739	0.17032798	-0.30314502	0.17503124	-0.11540751	0.10357117	-0.11541252	0.15626095	-0.16379035
-0.034502193	0.03167236	-0.053812366	0.05169217	-0.106828496	0.08312311	-0.09149917	0.08530339	-0.08289902	0.09492488	-0.06747941	0.088099204	-0.18087965	0.20194194	-0.26858556	0.112066545	-0.12614335	0.14925356	-0.85251635	0.99999833	-0.0947495	0.1198253	-0.17052792	0.22472474	-0.229272	0.11171196	-0.10558056	0.1133195	-0.16658372	0.16420819
0.05084228	-0.046209324	0.048804704	-0.04328363	0.0880061	-0.1798398	0.14439374	-0.07466347	0.06572461	-0.071531415	0.17019632	-0.13942863	0.1812944	-0.09410521	0.10515248	-0.47294465	0.2576347	-0.17563064	0.09542546	-0.0947495	0.99999833	-0.4873193	0.22485554	-0.19162327	0.10000004	-0.6110531	0.2576372	-0.19595936	0.18514226	-0.09676219
-0.05958857	0.053877726	-0.05960164	0.052852683	-0.10609752	0.1636535	-0.17796537	0.0915956	-0.080906734	0.086743124	-0.15176049	0.17297003	-0.24316697	0.11941407	-0.1327487	0.27932146	-0.44222167	0.24689975	-0.12417739	0.1198253	-0.4873193	0.99999815	-0.4644861	0.2488447	-0.12956811	0.3018485	-0.38562083	0.22767968	-0.24140657	0.12111656
0.054764394	-0.050675448	0.062401462	-0.05711719	0.11041543	-0.16226853	0.15477994	-0.09953048	0.08674121	-0.09568721	0.1323357	-0.16273338	0.26875627	-0.14519964	0.14940353	-0.24635047	0.27207989	-0.44769275	0.17032798	-0.17052792	0.22485554	-0.4644861	0.99999815	-0.5569995	0.15954494	-0.25593755	0.21778682	-0.23050104	0.23845214	-0.15693194
-0.05599653	0.05057284	-0.06718063	0.060697515	-0.12807326	0.13787706	-0.15436973	0.10290556	-0.09417252	0.10427566	-0.11793327	0.14449266	-0.28006542	0.15947229	-0.1827919	0.19571681	-0.23208475	0.24290244	-0.30314502	0.22472474	-0.19162327	0.2488447	-0.5569995	0.9999981	-0.30851045	0.21123712	-0.22898127	0.23501128	-0.44575	0.22895359
0.0283138	-0.025960943	0.03463338	-0.031993546	0.06556469	-0.07997302	0.07601623	-0.0542077	0.049151756	-0.05599271	0.06456902	-0.07361883	0.12341146	-0.0903532	0.102024	-0.110934526	0.11025628	-0.11200175	0.17503124	-0.229272	0.10000004	-0.12956811	0.15954494	-0.30851045	0.9999979	-0.13455196	0.12593456	-0.17352605	0.24650341	-0.85048556
-0.057698067	0.051459994	-0.058856763	0.05184636	-0.11119595	0.15585156	-0.16290945	0.08816185	-0.07938789	0.08724438	-0.1571303	0.14495768	-0.22023207	0.11266611	-0.13099213	0.26357675	-0.2587397	0.18385457	-0.11540751	0.11171196	-0.6110531	0.3018485	-0.25593755	0.21123712	-0.13455196	0.99999774	-0.50771874	0.254099	-0.2811405	0.12444303
0.042873114	-0.039072767	0.04481717	-0.04021957	0.08250895	-0.13293126	0.11982334	-0.06903695	0.06100297	-0.06805322	0.11458219	-0.1165346	0.16511251	-0.09100844	0.1014207	-0.21577331	0.2013223	-0.1573112	0.10357117	-0.10558056	0.2576372	-0.38562083	0.21778682	-0.22898127	0.12593456	-0.50771874	0.9999979	-0.62312543	0.2751247	-0.13254564
-0.041930404	0.037823297	-0.04606037	0.04117886	-0.087535106	0.11348617	-0.116011575	0.0699639	-0.06306283	0.0703561	-0.100365005	0.10781253	-0.17442368	0.09537837	-0.109959066	0.16862944	-0.18096857	0.1500213	-0.11541252	0.1133195	-0.19595936	0.22767968	-0.23050104	0.23501128	-0.17352605	0.254099	-0.62312543	0.9999976	-0.59568226	0.16976863
0.043835975	-0.04024702	0.049094286	-0.044738315	0.09120376	-0.13553761	0.11916501	-0.07651827	0.067854956	-0.077037044	0.109537944	-0.116939254	0.17701352	-0.10962012	0.120802045	-0.19587645	0.1805666	-0.16701508	0.15626095	-0.16658372	0.18514226	-0.24140657	0.23845214	-0.44575	0.24650341	-0.2811405	0.2751247	-0.59568226	0.9999976	-0.36646074
-0.028053937	0.02550393	-0.034146614	0.03123142	-0.06578875	0.074202344	-0.07557078	0.05267144	-0.048221804	0.054647442	-0.061502982	0.07132742	-0.12461279	0.08515298	-0.10001855	0.103327624	-0.10804161	0.106384456	-0.16379035	0.16420819	-0.09676219	0.12111656	-0.15693194	0.22895359	-0.85048556	0.12444303	-0.13254564	0.16976863	-0.36646074	0.9999976
