1.0	-0.71001685	0.26026255	-0.17004119	0.12224104	-0.47219566	0.29966965	-0.31433252	0.19159983	-0.13176288	0.17641845	-0.18085027	0.15237622	-0.11162015	0.09890995	-0.122128926	0.14599857	-0.10496179	0.08152617	-0.11810324	0.11019655	-0.10034524	0.07239673	-0.07377727	0.07934147	-0.1503367	0.075393364	-0.069064334	0.088475436	-0.12526777
-0.71001685	0.9999997	-0.43339658	0.17622037	-0.1317077	0.27954844	-0.4053489	0.2799111	-0.20158124	0.12346236	-0.14325984	0.15985598	-0.14614362	0.103098124	-0.09471196	0.093619175	-0.12313557	0.08464469	-0.06746616	0.09417306	-0.08806875	0.079259194	-0.058177397	0.058746725	-0.063682735	0.11339472	-0.060551055	0.054907467	-0.07154752	0.09795506
0.26026255	-0.43339658	0.99999964	-0.4664656	0.21806692	-0.23800316	0.25394884	-0.5952899	0.27833644	-0.2133913	0.13820277	-0.17363548	0.15836716	-0.14778465	0.13358769	-0.09611467	0.13280092	-0.10171754	0.081901565	-0.11520544	0.0943211	-0.08947537	0.06791556	-0.06924905	0.076355584	-0.12576647	0.06902066	-0.06344183	0.08303672	-0.117186464
-0.17004119	0.17622037	-0.4664656	0.9999997	-0.58553886	0.14687358	-0.15699826	0.25541404	-0.50177735	0.28125453	-0.10789502	0.1421994	-0.14480257	0.17674902	-0.18028514	0.074988976	-0.11324579	0.09186704	-0.07754035	0.10485375	-0.07695158	0.0753248	-0.05981977	0.060864072	-0.06888089	0.09999405	-0.059484933	0.05468697	-0.07302481	0.10146211
0.12224104	-0.1317077	0.21806692	-0.58553886	0.9999999	-0.121902406	0.12352546	-0.20855068	0.28264365	-0.6501063	0.09229667	-0.13958876	0.13859917	-0.22604404	0.21556394	-0.06567468	0.1011532	-0.0898203	0.07740812	-0.103869505	0.06815564	-0.068857886	0.05622029	-0.057559397	0.06629016	-0.08935279	0.05454664	-0.050581206	0.0677329	-0.095288314
-0.47219566	0.27954844	-0.23800316	0.14687358	-0.121902406	1.0000004	-0.61343944	0.2652081	-0.22126667	0.12356024	-0.37728003	0.2095773	-0.19839558	0.11802449	-0.10775302	0.1807166	-0.20809597	0.11822455	-0.092969775	0.12951332	-0.15543771	0.12376342	-0.0856002	0.085103974	-0.08972143	0.18032022	-0.092649594	0.08204682	-0.10585541	0.13808578
0.29966965	-0.4053489	0.25394884	-0.15699826	0.12352546	-0.61343944	1.0000004	-0.4590944	0.21055667	-0.12852518	0.20140357	-0.31458017	0.2105804	-0.12204916	0.108465716	-0.13631335	0.16531013	-0.11173103	0.08743146	-0.12268947	0.11964979	-0.10704149	0.07678987	-0.07757047	0.08318853	-0.15747453	0.08047094	-0.0729856	0.09396994	-0.12911893
-0.31433252	0.2799111	-0.5952899	0.25541404	-0.20855068	0.2652081	-0.4590944	1.0000002	-0.3921315	0.1852213	-0.18205239	0.20960812	-0.21916911	0.15859061	-0.14933108	0.11790142	-0.17193468	0.11627385	-0.095223755	0.12868746	-0.1168784	0.10591538	-0.079727314	0.079918765	-0.087572105	0.14434722	-0.08269936	0.074421585	-0.09886702	0.1314362
0.19159983	-0.20158124	0.27833644	-0.50177735	0.28264365	-0.22126667	0.21055667	-0.3921315	1.0000001	-0.39319563	0.16704604	-0.24724706	0.22256488	-0.34907922	0.24414188	-0.122622736	0.18440041	-0.17193575	0.1391518	-0.19815636	0.12944032	-0.13385269	0.1077013	-0.11198811	0.12650508	-0.17938232	0.104559794	-0.09871934	0.12975451	-0.19546402
-0.13176288	0.12346236	-0.2133913	0.28125453	-0.6501063	0.12356024	-0.12852518	0.1852213	-0.39319563	1.0000001	-0.10533586	0.15336569	-0.17820096	0.26575413	-0.45836186	0.07389974	-0.119145125	0.10256143	-0.0938325	0.120185055	-0.07764223	0.07815111	-0.06535762	0.06606018	-0.07818136	0.09813288	-0.06308595	0.057862204	-0.07901263	0.10566816
0.17641845	-0.14325984	0.13820277	-0.10789502	0.09229667	-0.37728003	0.20140357	-0.18205239	0.16704604	-0.10533586	1.0000002	-0.19132814	0.15985212	-0.10910308	0.09641519	-0.63070035	0.29786584	-0.18104522	0.13290042	-0.20190991	0.28557503	-0.22471662	0.13744669	-0.13889207	0.13979185	-0.38556656	0.15320498	-0.13754378	0.16451631	-0.22630432
-0.18085027	0.15985598	-0.17363548	0.1421994	-0.13958876	0.2095773	-0.31458017	0.20960812	-0.24724706	0.15336569	-0.19132814	0.99999994	-0.7818738	0.20685266	-0.18545127	0.13510817	-0.25439218	0.15372895	-0.12577641	0.15292266	-0.13280436	0.12861302	-0.09730183	0.096155636	-0.1051722	0.15951234	-0.09945048	0.0888201	-0.11865867	0.15179308
0.15237622	-0.14614362	0.15836716	-0.14480257	0.13859917	-0.19839558	0.2105804	-0.21916911	0.22256488	-0.17820096	0.15985212	-0.7818738	1.0000001	-0.3236237	0.19944139	-0.12000838	0.19764233	-0.19138235	0.14138354	-0.17832166	0.12220147	-0.12869419	0.10231194	-0.10432048	0.11553692	-0.16147657	0.098464884	-0.09174265	0.12030166	-0.1714665
-0.11162015	0.103098124	-0.14778465	0.17674902	-0.22604404	0.11802449	-0.12204916	0.15859061	-0.34907922	0.26575413	-0.10910308	0.20685266	-0.3236237	1.0000001	-0.76332146	0.07841721	-0.13274571	0.13718751	-0.14711797	0.15113357	-0.083144665	0.087383285	-0.0777678	0.07875563	-0.09588778	0.10399078	-0.07115277	0.0657345	-0.09053838	0.119310744
0.09890995	-0.09471196	0.13358769	-0.18028514	0.21556394	-0.10775302	0.108465716	-0.14933108	0.24414188	-0.45836186	0.09641519	-0.18545127	0.19944139	-0.76332146	1.0000004	-0.07005607	0.116562225	-0.123321176	0.11858336	-0.16274908	0.074508324	-0.079711825	0.07140535	-0.07354309	0.09202572	-0.09477475	0.06461804	-0.060343906	0.082686804	-0.1131983
-0.122128926	0.093619175	-0.09611467	0.074988976	-0.06567468	0.1807166	-0.13631335	0.11790142	-0.122622736	0.07389974	-0.63070035	0.13510817	-0.12000838	0.07841721	-0.07005607	1.0000007	-0.4639922	0.13729556	-0.10270396	0.14651577	-0.50620794	0.20550467	-0.115048036	0.10971396	-0.10648969	0.30069205	-0.13770717	0.11343148	-0.13627534	0.16424046
0.14599857	-0.12313557	0.13280092	-0.11324579	0.1011532	-0.20809597	0.16531013	-0.17193468	0.18440041	-0.119145125	0.29786584	-0.25439218	0.19764233	-0.13274571	0.116562225	-0.4639922	1.0000006	-0.29484648	0.19898058	-0.29077902	0.29362223	-0.39645088	0.20457606	-0.20656405	0.20053774	-0.39444155	0.22234806	-0.20265059	0.23045748	-0.31983325
-0.10496179	0.08464469	-0.10171754	0.09186704	-0.0898203	0.11822455	-0.11173103	0.11627385	-0.17193575	0.10256143	-0.18104522	0.15372895	-0.19138235	0.13718751	-0.123321176	0.13729556	-0.29484648	1.0000004	-0.77461356	0.284023	-0.15179652	0.18088008	-0.24290964	0.19792818	-0.22158374	0.16501315	-0.15970753	0.14665973	-0.20922038	0.21430776
0.08152617	-0.06746616	0.081901565	-0.07754035	0.07740812	-0.092969775	0.08743146	-0.095223755	0.1391518	-0.0938325	0.13290042	-0.12577641	0.14138354	-0.14711797	0.11858336	-0.10270396	0.19898058	-0.77461356	0.99999994	-0.4623071	0.116228394	-0.1511612	0.18479298	-0.20655298	0.2168102	-0.13429275	0.12710874	-0.12426399	0.16999333	-0.21837553
-0.11810324	0.09417306	-0.11520544	0.10485375	-0.103869505	0.12951332	-0.12268947	0.12868746	-0.19815636	0.120185055	-0.20190991	0.15292266	-0.17832166	0.15113357	-0.16274908	0.14651577	-0.29077902	0.284023	-0.4623071	0.9999997	-0.16859332	0.20136973	-0.25282735	0.24896595	-0.5772106	0.18074657	-0.18803434	0.17279127	-0.27061203	0.2954901
0.11019655	-0.08806875	0.0943211	-0.07695158	0.06815564	-0.15543771	0.11964979	-0.1168784	0.12944032	-0.07764223	0.28557503	-0.13280436	0.12220147	-0.083144665	0.074508324	-0.50620794	0.29362223	-0.15179652	0.116228394	-0.16859332	0.99999934	-0.34885976	0.15145725	-0.14131284	0.12875624	-0.6702426	0.19558592	-0.15528859	0.17800553	-0.19447155
-0.10034524	0.079259194	-0.08947537	0.0753248	-0.068857886	0.12376342	-0.10704149	0.10591538	-0.13385269	0.07815111	-0.22471662	0.12861302	-0.12869419	0.087383285	-0.079711825	0.20550467	-0.39645088	0.18088008	-0.1511612	0.20136973	-0.34885976	0.99999946	-0.3675421	0.23107445	-0.19014631	0.26964933	-0.5805919	0.28695098	-0.3285311	0.24214126
0.07239673	-0.058177397	0.06791556	-0.05981977	0.05622029	-0.0856002	0.07678987	-0.079727314	0.1077013	-0.06535762	0.13744669	-0.09730183	0.10231194	-0.0777678	0.07140535	-0.115048036	0.20457606	-0.24290964	0.18479298	-0.25282735	0.15145725	-0.3675421	0.9999995	-0.71817493	0.2563966	-0.16968922	0.24054947	-0.32907507	0.26250726	-0.27344713
-0.07377727	0.058746725	-0.06924905	0.060864072	-0.057559397	0.085103974	-0.07757047	0.079918765	-0.11198811	0.06606018	-0.13889207	0.096155636	-0.10432048	0.07875563	-0.07354309	0.10971396	-0.20656405	0.19792818	-0.20655298	0.24896595	-0.14131284	0.23107445	-0.71817493	0.9999993	-0.45011318	0.15079749	-0.21239771	0.21906267	-0.30230314	0.2611735
0.07934147	-0.063682735	0.076355584	-0.06888089	0.06629016	-0.08972143	0.08318853	-0.087572105	0.12650508	-0.07818136	0.13979185	-0.1051722	0.11553692	-0.09588778	0.09202572	-0.10648969	0.20053774	-0.22158374	0.2168102	-0.5772106	0.12875624	-0.19014631	0.2563966	-0.45011318	0.9999992	-0.14574544	0.16365053	-0.17138217	0.245146	-0.5385612
-0.1503367	0.11339472	-0.12576647	0.09999405	-0.08935279	0.18032022	-0.15747453	0.14434722	-0.17938232	0.09813288	-0.38556656	0.15951234	-0.16147657	0.10399078	-0.09477475	0.30069205	-0.39444155	0.16501315	-0.13429275	0.18074657	-0.6702426	0.26964933	-0.16968922	0.15079749	-0.14574544	0.9999993	-0.2571585	0.17790128	-0.23840898	0.20962095
0.075393364	-0.060551055	0.06902066	-0.059484933	0.05454664	-0.092649594	0.08047094	-0.08269936	0.104559794	-0.06308595	0.15320498	-0.09945048	0.098464884	-0.07115277	0.06461804	-0.13770717	0.22234806	-0.15970753	0.12710874	-0.18803434	0.19558592	-0.5805919	0.24054947	-0.21239771	0.16365053	-0.2571585	0.99999934	-0.62465197	0.29138917	-0.25158644
-0.069064334	0.054907467	-0.06344183	0.05468697	-0.050581206	0.08204682	-0.0729856	0.074421585	-0.09871934	0.057862204	-0.13754378	0.0888201	-0.09174265	0.0657345	-0.060343906	0.11343148	-0.20265059	0.14665973	-0.12426399	0.17279127	-0.15528859	0.28695098	-0.32907507	0.21906267	-0.17138217	0.17790128	-0.62465197	0.9999995	-0.58277214	0.23923093
0.088475436	-0.07154752	0.08303672	-0.07302481	0.0677329	-0.10585541	0.09396994	-0.09886702	0.12975451	-0.07901263	0.16451631	-0.11865867	0.12030166	-0.09053838	0.082686804	-0.13627534	0.23045748	-0.20922038	0.16999333	-0.27061203	0.17800553	-0.3285311	0.26250726	-0.30230314	0.245146	-0.23840898	0.29138917	-0.58277214	0.9999995	-0.5023437
-0.12526777	0.09795506	-0.117186464	0.10146211	-0.095288314	0.13808578	-0.12911893	0.1314362	-0.19546402	0.10566816	-0.22630432	0.15179308	-0.1714665	0.119310744	-0.1131983	0.16424046	-0.31983325	0.21430776	-0.21837553	0.2954901	-0.19447155	0.24214126	-0.27344713	0.2611735	-0.5385612	0.20962095	-0.25158644	0.23923093	-0.5023437	0.9999995
