1.0000001	-0.6468234	0.08623669	-0.074690446	0.08708323	-0.6709577	0.32618517	-0.091041125	0.063372634	-0.05330844	0.12929413	-0.12607768	0.0735087	-0.063033536	0.054150783	-0.07837988	0.086292595	-0.073520176	0.06344983	-0.051682483	0.05572056	-0.060462005	0.058897283	-0.026513549	0.023566086	-0.08902003	0.05110405	-0.055906363	0.021806799	-0.019251969
-0.6468234	1.0000002	-0.12765525	0.09700548	-0.11898555	0.33177286	-0.63317627	0.12252623	-0.0857484	0.06993922	-0.17571878	0.15792218	-0.0985124	0.0814959	-0.071333475	0.09358563	-0.11210023	0.091800444	-0.08287221	0.06611638	-0.06829616	0.07361737	-0.07404763	0.033173196	-0.029712701	0.10412013	-0.0626701	0.06786109	-0.027243378	0.023959408
0.08623669	-0.12765525	1.0000004	-0.6376675	0.2887834	-0.08588451	0.11121916	-0.5802912	0.22291365	-0.19149579	0.10353291	-0.10239055	0.22969002	-0.20624729	0.15990137	-0.12627406	0.12981829	-0.19023545	0.1665843	-0.15423273	0.09668812	-0.10975528	0.1281946	-0.06413645	0.05697964	-0.18697353	0.100581005	-0.12232226	0.05040093	-0.045962747
-0.074690446	0.09700548	-0.6376675	1.0000005	-0.5971433	0.070783	-0.09135699	0.28101298	-0.26460183	0.20772098	-0.09875284	0.09302998	-0.21083203	0.18488254	-0.17565057	0.11716688	-0.12516786	0.16644879	-0.17407683	0.15327229	-0.09134943	0.10268666	-0.12349361	0.06276724	-0.05683133	0.17206672	-0.0954475	0.112945125	-0.049631875	0.044904854
0.08708323	-0.11898555	0.2887834	-0.5971433	1.0000005	-0.090171486	0.10822971	-0.32044953	0.27189216	-0.3714837	0.13529348	-0.13209237	0.23148862	-0.24806567	0.22899282	-0.19827205	0.18499893	-0.25408667	0.22355863	-0.23548768	0.15087713	-0.16842188	0.18223532	-0.09621551	0.0847557	-0.31900242	0.155571	-0.18956676	0.07577545	-0.070091404
-0.6709577	0.33177286	-0.08588451	0.070783	-0.090171486	1.0000001	-0.62559617	0.09687075	-0.067257054	0.054666746	-0.1804215	0.15485592	-0.07999959	0.06538699	-0.05642093	0.08335944	-0.09817223	0.07604856	-0.066367395	0.0526672	-0.059260763	0.06366222	-0.061582904	0.027097108	-0.024184473	0.08798898	-0.05303252	0.05688016	-0.0223276	0.019596621
0.32618517	-0.63317627	0.11121916	-0.09135699	0.10822971	-0.62559617	1.0000002	-0.14355548	0.08433674	-0.06874034	0.1868467	-0.23426259	0.10142213	-0.083043635	0.06927149	-0.100361966	0.11782255	-0.09505261	0.080680676	-0.06522442	0.07075455	-0.077495985	0.07456801	-0.03300482	0.029361915	-0.10746919	0.06397832	-0.06954873	0.027057674	-0.023845969
-0.091041125	0.12252623	-0.5802912	0.28101298	-0.32044953	0.09687075	-0.14355548	1.0000005	-0.3884646	0.2287457	-0.12278039	0.11901885	-0.47623044	0.26249737	-0.21067205	0.13027388	-0.14974925	0.21504991	-0.21513884	0.17723958	-0.10200455	0.1164312	-0.1510517	0.07176933	-0.06507845	0.18087032	-0.10757514	0.1274628	-0.056275263	0.0505888
0.063372634	-0.0857484	0.22291365	-0.26460183	0.27189216	-0.067257054	0.08433674	-0.3884646	1.0000005	-0.67773545	0.0996442	-0.098146506	0.24669504	-0.37320727	0.28098154	-0.12720363	0.13248855	-0.20099673	0.22501951	-0.25039232	0.09828084	-0.112366565	0.13579625	-0.07798787	0.07097111	-0.18868136	0.10364647	-0.1268897	0.058653004	-0.055012815
-0.05330844	0.06993922	-0.19149579	0.20772098	-0.3714837	0.054666746	-0.06874034	0.2287457	-0.67773545	1.0000006	-0.086289525	0.08293387	-0.20601732	0.25439247	-0.48695725	0.10861866	-0.11589018	0.16810617	-0.22991459	0.24090658	-0.084798984	0.096618444	-0.1196636	0.0713922	-0.067086674	0.16018835	-0.089899294	0.108658805	-0.053795416	0.050187778
0.12929413	-0.17571878	0.10353291	-0.09875284	0.13529348	-0.1804215	0.1868467	-0.12278039	0.0996442	-0.086289525	1.0000005	-0.8185838	0.14352895	-0.118949234	0.09575598	-0.30787557	0.26465967	-0.17163695	0.12217942	-0.094776005	0.17181097	-0.18345684	0.1409016	-0.057134543	0.049914695	-0.2287697	0.13449845	-0.13899948	0.0480316	-0.041748267
-0.12607768	0.15792218	-0.10239055	0.09302998	-0.13209237	0.15485592	-0.23426259	0.11901885	-0.098146506	0.08293387	-0.8185838	1.0000008	-0.15993445	0.11554277	-0.09395103	0.21983336	-0.37014592	0.16292365	-0.120816864	0.08992721	-0.15060188	0.16208719	-0.13407624	0.052600637	-0.04648232	0.18280686	-0.121946946	0.12210178	-0.04409226	0.03801632
0.0735087	-0.0985124	0.22969002	-0.21083203	0.23148862	-0.07999959	0.10142213	-0.47623044	0.24669504	-0.20601732	0.14352895	-0.15993445	1.0000008	-0.5810924	0.2260161	-0.16353366	0.18706287	-0.42320898	0.26162273	-0.21419664	0.12606297	-0.1493983	0.19896735	-0.08885262	0.07824567	-0.22456752	0.13477749	-0.16941184	0.06848001	-0.06178112
-0.063033536	0.0814959	-0.20624729	0.18488254	-0.24806567	0.06538699	-0.083043635	0.26249737	-0.37320727	0.25439247	-0.118949234	0.11554277	-0.5810924	1.0000007	-0.41200763	0.13531704	-0.15801303	0.2530111	-0.4428558	0.27316248	-0.106835686	0.12381651	-0.16904877	0.09115771	-0.084075086	0.1881517	-0.11489819	0.13873589	-0.0684311	0.062253077
0.054150783	-0.071333475	0.15990137	-0.17565057	0.22899282	-0.05642093	0.06927149	-0.21067205	0.28098154	-0.48695725	0.09575598	-0.09395103	0.2260161	-0.41200763	1.000001	-0.1281084	0.13355847	-0.21158068	0.29828107	-0.6059806	0.099535495	-0.114827305	0.14196226	-0.10246181	0.09779707	-0.19090237	0.106434986	-0.13233238	0.07183316	-0.07128677
-0.07837988	0.09358563	-0.12627406	0.11716688	-0.19827205	0.08335944	-0.100361966	0.13027388	-0.12720363	0.10861866	-0.30787557	0.21983336	-0.16353366	0.13531704	-0.1281084	1.0000006	-0.50777596	0.21452786	-0.17249557	0.120148845	-0.6345636	0.2968872	-0.22447099	0.07998342	-0.07176603	0.29027125	-0.22885437	0.19148977	-0.069448605	0.057920408
0.086292595	-0.11210023	0.12981829	-0.12516786	0.18499893	-0.09817223	0.11782255	-0.14974925	0.13248855	-0.11589018	0.26465967	-0.37014592	0.18706287	-0.15801303	0.13355847	-0.50777596	1.0000008	-0.3694827	0.18313412	-0.13609056	0.2921586	-0.45587495	0.25146487	-0.09175672	0.07893975	-0.35797063	0.2435105	-0.24861245	0.07749706	-0.0666049
-0.073520176	0.091800444	-0.19023545	0.16644879	-0.25408667	0.07604856	-0.09505261	0.21504991	-0.20099673	0.16810617	-0.17163695	0.16292365	-0.42320898	0.2530111	-0.21158068	0.21452786	-0.3694827	1.0000006	-0.3770418	0.20975707	-0.18145108	0.22522692	-0.5308797	0.12574385	-0.11098502	0.25890583	-0.21204755	0.25061706	-0.099565886	0.083604105
0.06344983	-0.08287221	0.1665843	-0.17407683	0.22355863	-0.066367395	0.080680676	-0.21513884	0.22501951	-0.22991459	0.12217942	-0.120816864	0.26162273	-0.4428558	0.29828107	-0.17249557	0.18313412	-0.3770418	1.0000004	-0.6117681	0.13400343	-0.15832481	0.20431207	-0.15232287	0.13058051	-0.25298977	0.1455124	-0.18637805	0.10030316	-0.095858835
-0.051682483	0.06611638	-0.15423273	0.15327229	-0.23548768	0.0526672	-0.06522442	0.17723958	-0.25039232	0.24090658	-0.094776005	0.08992721	-0.21419664	0.27316248	-0.6059806	0.120148845	-0.13609056	0.20975707	-0.6117681	1.0000004	-0.09593209	0.111313775	-0.15229844	0.13303617	-0.15325794	0.17187065	-0.10520427	0.12846825	-0.09225299	0.09089039
0.05572056	-0.06829616	0.09668812	-0.09134943	0.15087713	-0.059260763	0.07075455	-0.10200455	0.09828084	-0.084798984	0.17181097	-0.15060188	0.12606297	-0.106835686	0.099535495	-0.6345636	0.2921586	-0.18145108	0.13400343	-0.09593209	1.0000004	-0.5221605	0.20405221	-0.07092316	0.06203652	-0.44516918	0.2465646	-0.20534392	0.06217575	-0.052031167
-0.060462005	0.07361737	-0.10975528	0.10268666	-0.16842188	0.06366222	-0.077495985	0.1164312	-0.112366565	0.096618444	-0.18345684	0.16208719	-0.1493983	0.12381651	-0.114827305	0.2968872	-0.45587495	0.22522692	-0.15832481	0.111313775	-0.5221605	1.0000004	-0.3362123	0.09030795	-0.07900087	0.31022733	-0.5030857	0.2727226	-0.07982268	0.06506015
0.058897283	-0.07404763	0.1281946	-0.12349361	0.18223532	-0.061582904	0.07456801	-0.1510517	0.13579625	-0.1196636	0.1409016	-0.13407624	0.19896735	-0.16904877	0.14196226	-0.22447099	0.25146487	-0.5308797	0.20431207	-0.15229844	0.20405221	-0.3362123	1.0000002	-0.18785006	0.13397099	-0.32353058	0.28247008	-0.5706468	0.13063641	-0.109576255
-0.026513549	0.033173196	-0.06413645	0.06276724	-0.09621551	0.027097108	-0.03300482	0.07176933	-0.07798787	0.0713922	-0.057134543	0.052600637	-0.08885262	0.09115771	-0.10246181	0.07998342	-0.09175672	0.12574385	-0.15232287	0.13303617	-0.07092316	0.09030795	-0.18785006	1.0000004	-0.7614316	0.116056524	-0.096001126	0.13591474	-0.49365196	0.3092443
0.023566086	-0.029712701	0.05697964	-0.05683133	0.0847557	-0.024184473	0.029361915	-0.06507845	0.07097111	-0.067086674	0.049914695	-0.04648232	0.07824567	-0.084075086	0.09779707	-0.07176603	0.07893975	-0.11098502	0.13058051	-0.15325794	0.06203652	-0.07900087	0.13397099	-0.7614316	1.0000004	-0.10669685	0.08098296	-0.11783691	0.31146553	-0.5151424
-0.08902003	0.10412013	-0.18697353	0.17206672	-0.31900242	0.08798898	-0.10746919	0.18087032	-0.18868136	0.16018835	-0.2287697	0.18280686	-0.22456752	0.1881517	-0.19090237	0.29027125	-0.35797063	0.25890583	-0.25298977	0.17187065	-0.44516918	0.31022733	-0.32353058	0.116056524	-0.10669685	1.0000005	-0.4592391	0.27707577	-0.1045735	0.0849549
0.05110405	-0.0626701	0.100581005	-0.0954475	0.155571	-0.05303252	0.06397832	-0.10757514	0.10364647	-0.089899294	0.13449845	-0.121946946	0.13477749	-0.11489819	0.106434986	-0.22885437	0.2435105	-0.21204755	0.1455124	-0.10520427	0.2465646	-0.5030857	0.28247008	-0.096001126	0.08098296	-0.4592391	1.0000002	-0.6153899	0.09206111	-0.07640201
-0.055906363	0.06786109	-0.12232226	0.112945125	-0.18956676	0.05688016	-0.06954873	0.1274628	-0.1268897	0.108658805	-0.13899948	0.12210178	-0.16941184	0.13873589	-0.13233238	0.19148977	-0.24861245	0.25061706	-0.18637805	0.12846825	-0.20534392	0.2727226	-0.5706468	0.13591474	-0.11783691	0.27707577	-0.6153899	1.0000004	-0.15011461	0.10836599
0.021806799	-0.027243378	0.05040093	-0.049631875	0.07577545	-0.0223276	0.027057674	-0.056275263	0.058653004	-0.053795416	0.0480316	-0.04409226	0.06848001	-0.0684311	0.07183316	-0.069448605	0.07749706	-0.099565886	0.10030316	-0.09225299	0.06217575	-0.07982268	0.13063641	-0.49365196	0.31146553	-0.1045735	0.09206111	-0.15011461	1.0000005	-0.7849509
-0.019251969	0.023959408	-0.045962747	0.044904854	-0.070091404	0.019596621	-0.023845969	0.0505888	-0.055012815	0.050187778	-0.041748267	0.03801632	-0.06178112	0.062253077	-0.07128677	0.057920408	-0.0666049	0.083604105	-0.095858835	0.09089039	-0.052031167	0.06506015	-0.109576255	0.3092443	-0.5151424	0.0849549	-0.07640201	0.10836599	-0.7849509	1.0000005
