1.0000001	-0.78404814	0.24757577	-0.06224467	0.052630663	-0.36691183	0.28450394	-0.28860128	0.066173546	-0.050110176	0.1806658	-0.20417945	0.16812855	-0.1126656	0.07114013	-0.1816034	0.120624095	-0.1307187	0.08770046	-0.07117583	0.111186765	-0.0869928	0.09156433	-0.057008702	0.04266662	-0.11883029	0.07523879	-0.07829624	0.06408937	-0.070498936
-0.78404814	1.0000001	-0.35937235	0.055474453	-0.045705073	0.2552277	-0.38871494	0.2534008	-0.059120007	0.04239399	-0.15343522	0.16398878	-0.14436279	0.08653377	-0.057399966	0.13308097	-0.09612553	0.10020372	-0.069102205	0.055673413	-0.08636643	0.066792086	-0.07136967	0.04272615	-0.032179933	0.08675443	-0.056939602	0.05828867	-0.048480928	0.052183773
0.24757577	-0.35937235	0.9999999	-0.12302546	0.07993104	-0.23728855	0.24451645	-0.82589525	0.1167898	-0.07606106	0.13934797	-0.15922233	0.15731674	-0.11371064	0.07845173	-0.14528853	0.10038038	-0.11301021	0.08404859	-0.074340545	0.092930265	-0.07267184	0.077433415	-0.049962793	0.0378148	-0.0989116	0.06375627	-0.066094816	0.055493385	-0.06092833
-0.06224467	0.055474453	-0.12302546	0.99999946	-0.5226903	0.05414739	-0.05677175	0.11225862	-0.7687651	0.29962838	-0.04532566	0.04974478	-0.08071583	0.1473679	-0.16365266	0.060102813	-0.04742629	0.060697	-0.09671248	0.11951307	-0.046651214	0.0362683	-0.041468944	0.037160255	-0.030278673	0.04923277	-0.03624067	0.036705986	-0.037641186	0.041310996
0.052630663	-0.045705073	0.07993104	-0.5226903	0.99999917	-0.050337914	0.049580455	-0.08201817	0.31447434	-0.7219454	0.047152426	-0.052119993	0.09160367	-0.2138229	0.22254716	-0.07013395	0.055534065	-0.07461359	0.12626727	-0.19181673	0.055122554	-0.043331847	0.049774446	-0.049697712	0.040996034	-0.059919734	0.044620268	-0.045600675	0.04841805	-0.05489519
-0.36691183	0.2552277	-0.23728855	0.05414739	-0.050337914	0.9999993	-0.67259187	0.21710286	-0.060909774	0.046490584	-0.46154922	0.28735527	-0.21850294	0.1105315	-0.07273601	0.20451792	-0.15372524	0.14496322	-0.094170526	0.07125065	-0.13024215	0.09931254	-0.10620061	0.05760977	-0.04339676	0.11713199	-0.08013499	0.0802863	-0.06682439	0.0695981
0.28450394	-0.38871494	0.24451645	-0.05677175	0.049580455	-0.67259187	0.99999917	-0.33499506	0.06300135	-0.046808824	0.269302	-0.37352225	0.19232334	-0.10804892	0.06896048	-0.19798185	0.14417516	-0.14280304	0.0882598	-0.06877143	0.11671901	-0.09399296	0.097197495	-0.054965563	0.041199848	-0.113481514	0.0745119	-0.07646411	0.06260598	-0.06694062
-0.28860128	0.2534008	-0.82589525	0.11225862	-0.08201817	0.21710286	-0.33499506	0.9999993	-0.13465989	0.07689779	-0.14536032	0.1571019	-0.18215775	0.11033635	-0.08043333	0.1364377	-0.10117539	0.11120399	-0.08456892	0.07329354	-0.0922699	0.0713144	-0.07717562	0.04813043	-0.036636878	0.09306465	-0.06199049	0.06330639	-0.05395357	0.058044415
0.066173546	-0.059120007	0.1167898	-0.7687651	0.31447434	-0.060909774	0.06300135	-0.13465989	0.99999905	-0.4703243	0.05184349	-0.057311874	0.09386553	-0.2016982	0.18631162	-0.071106836	0.055783786	-0.07268624	0.11618327	-0.15558974	0.0548541	-0.04289969	0.048962593	-0.045482054	0.03712738	-0.05880645	0.04317486	-0.04397898	0.045396347	-0.05059972
-0.050110176	0.04239399	-0.07606106	0.29962838	-0.7219454	0.046490584	-0.046808824	0.07689779	-0.4703243	0.99999934	-0.044054404	0.048449256	-0.08729535	0.1923117	-0.35666114	0.06422482	-0.052145965	0.069650255	-0.12821163	0.18330206	-0.05126036	0.040291183	-0.046615314	0.046425264	-0.038648594	0.05460056	-0.04151142	0.042046107	-0.0454626	0.050407704
0.1806658	-0.15343522	0.13934797	-0.04532566	0.047152426	-0.46154922	0.269302	-0.14536032	0.05184349	-0.044054404	0.9999996	-0.68444556	0.24908975	-0.1294764	0.079397544	-0.3943155	0.2206068	-0.20142639	0.11127885	-0.082030445	0.1683231	-0.13658465	0.13540857	-0.07012214	0.052229736	-0.14989983	0.098588645	-0.10092203	0.08068069	-0.08496419
-0.20417945	0.16398878	-0.15922233	0.04974478	-0.052119993	0.28735527	-0.37352225	0.1571019	-0.057311874	0.048449256	-0.68444556	0.99999946	-0.37741575	0.14113957	-0.08798734	0.27860466	-0.31004342	0.22213258	-0.12468488	0.08931538	-0.17560981	0.14844178	-0.15228045	0.07388609	-0.055351652	0.15039316	-0.10401867	0.10499001	-0.08548002	0.0881339
0.16812855	-0.14436279	0.15731674	-0.08071583	0.09160367	-0.21850294	0.19232334	-0.18215775	0.09386553	-0.08729535	0.24908975	-0.37741575	0.9999995	-0.36469018	0.173086	-0.41367182	0.29148927	-0.49759635	0.239935	-0.18505637	0.24725525	-0.21310334	0.22138494	-0.14252019	0.105891265	-0.29035065	0.17802417	-0.19198467	0.15497528	-0.1749396
-0.1126656	0.08653377	-0.11371064	0.1473679	-0.2138229	0.1105315	-0.10804892	0.11033635	-0.2016982	0.1923117	-0.1294764	0.14113957	-0.36469018	0.9999996	-0.51529574	0.18435946	-0.16886453	0.22331451	-0.56987274	0.3141518	-0.15980147	0.12490968	-0.14893265	0.13363525	-0.10878697	0.15482074	-0.12771669	0.12392424	-0.14011092	0.13616237
0.07114013	-0.057399966	0.07845173	-0.16365266	0.22254716	-0.07273601	0.06896048	-0.08043333	0.18631162	-0.35666114	0.079397544	-0.08798734	0.173086	-0.51529574	0.9999996	-0.12773277	0.105694845	-0.14916977	0.29638764	-0.64382935	0.103208855	-0.08249795	0.09572783	-0.10779885	0.09232657	-0.11093013	0.08577482	-0.08786026	0.098959096	-0.11398521
-0.1816034	0.13308097	-0.14528853	0.060102813	-0.07013395	0.20451792	-0.19798185	0.1364377	-0.071106836	0.06422482	-0.3943155	0.27860466	-0.41367182	0.18435946	-0.12773277	0.99999946	-0.48984697	0.29379886	-0.1878166	0.12590836	-0.44378942	0.25159973	-0.26916763	0.114584796	-0.08616518	0.2480665	-0.18235396	0.17111027	-0.14008841	0.1346705
0.120624095	-0.09612553	0.10038038	-0.04742629	0.055534065	-0.15372524	0.14417516	-0.10117539	0.055783786	-0.052145965	0.2206068	-0.31004342	0.29148927	-0.16886453	0.105694845	-0.48984697	0.9999994	-0.6032869	0.17377268	-0.119900845	0.25221565	-0.3968437	0.26422456	-0.102773346	0.075618505	-0.20732288	0.14525475	-0.1546737	0.116719484	-0.117934845
-0.1307187	0.10020372	-0.11301021	0.060697	-0.07461359	0.14496322	-0.14280304	0.11120399	-0.07268624	0.069650255	-0.20142639	0.22213258	-0.49759635	0.22331451	-0.14916977	0.29379886	-0.6032869	0.99999934	-0.3173876	0.1654319	-0.25002247	0.24969576	-0.32180476	0.119418256	-0.09030502	0.20513214	-0.15842833	0.16130425	-0.13497594	0.1312931
0.08770046	-0.069102205	0.08404859	-0.09671248	0.12626727	-0.094170526	0.0882598	-0.08456892	0.11618327	-0.12821163	0.11127885	-0.12468488	0.239935	-0.56987274	0.29638764	-0.1878166	0.17377268	-0.3173876	0.9999992	-0.5953992	0.14865257	-0.12801884	0.14669088	-0.18428582	0.13272288	-0.15351464	0.12133522	-0.12651727	0.1443364	-0.1573043
-0.07117583	0.055673413	-0.074340545	0.11951307	-0.19181673	0.07125065	-0.06877143	0.07329354	-0.15558974	0.18330206	-0.082030445	0.08931538	-0.18505637	0.3141518	-0.64382935	0.12590836	-0.119900845	0.1654319	-0.5953992	0.99999964	-0.110238075	0.089029014	-0.1072629	0.13056433	-0.12844184	0.109294005	-0.09283249	0.09258943	-0.1166194	0.12399206
0.111186765	-0.08636643	0.092930265	-0.046651214	0.055122554	-0.13024215	0.11671901	-0.0922699	0.0548541	-0.05126036	0.1683231	-0.17560981	0.24725525	-0.15980147	0.103208855	-0.44378942	0.25221565	-0.25002247	0.14865257	-0.110238075	0.99999917	-0.4435994	0.28659886	-0.14487214	0.10363563	-0.5843062	0.24682437	-0.25679868	0.17013243	-0.18182746
-0.0869928	0.066792086	-0.07267184	0.0362683	-0.043331847	0.09931254	-0.09399296	0.0713144	-0.04289969	0.040291183	-0.13658465	0.14844178	-0.21310334	0.12490968	-0.08249795	0.25159973	-0.3968437	0.24969576	-0.12801884	0.089029014	-0.4435994	0.9999989	-0.7044733	0.114602946	-0.08346297	0.2400487	-0.19346914	0.20124947	-0.13798195	0.12637143
0.09156433	-0.07136967	0.077433415	-0.041468944	0.049774446	-0.10620061	0.097197495	-0.07717562	0.048962593	-0.046615314	0.13540857	-0.15228045	0.22138494	-0.14893265	0.09572783	-0.26916763	0.26422456	-0.32180476	0.14669088	-0.1072629	0.28659886	-0.7044733	0.99999875	-0.168178	0.11233319	-0.30103108	0.22492753	-0.34200248	0.18093094	-0.17519267
-0.057008702	0.04272615	-0.049962793	0.037160255	-0.049697712	0.05760977	-0.054965563	0.04813043	-0.045482054	0.046425264	-0.07012214	0.07388609	-0.14252019	0.13363525	-0.10779885	0.114584796	-0.102773346	0.119418256	-0.18428582	0.13056433	-0.14487214	0.114602946	-0.168178	0.9999987	-0.7229598	0.14241765	-0.18500546	0.18817665	-0.49044994	0.3267474
0.04266662	-0.032179933	0.0378148	-0.030278673	0.040996034	-0.04339676	0.041199848	-0.036636878	0.03712738	-0.038648594	0.052229736	-0.055351652	0.105891265	-0.10878697	0.09232657	-0.08616518	0.075618505	-0.09030502	0.13272288	-0.12844184	0.10363563	-0.08346297	0.11233319	-0.7229598	0.99999875	-0.10618851	0.12904704	-0.13770042	0.28567243	-0.5887765
-0.11883029	0.08675443	-0.0989116	0.04923277	-0.059919734	0.11713199	-0.113481514	0.09306465	-0.05880645	0.05460056	-0.14989983	0.15039316	-0.29035065	0.15482074	-0.11093013	0.2480665	-0.20732288	0.20513214	-0.15351464	0.109294005	-0.5843062	0.2400487	-0.30103108	0.14241765	-0.10618851	0.99999833	-0.53916365	0.2765835	-0.20939814	0.17451887
0.07523879	-0.056939602	0.06375627	-0.03624067	0.044620268	-0.08013499	0.0745119	-0.06199049	0.04317486	-0.04151142	0.098588645	-0.10401867	0.17802417	-0.12771669	0.08577482	-0.18235396	0.14525475	-0.15842833	0.12133522	-0.09283249	0.24682437	-0.19346914	0.22492753	-0.18500546	0.12904704	-0.53916365	0.9999983	-0.67016524	0.24691957	-0.24802426
-0.07829624	0.05828867	-0.066094816	0.036705986	-0.045600675	0.0802863	-0.07646411	0.06330639	-0.04397898	0.042046107	-0.10092203	0.10499001	-0.19198467	0.12392424	-0.08786026	0.17111027	-0.1546737	0.16130425	-0.12651727	0.09258943	-0.25679868	0.20124947	-0.34200248	0.18817665	-0.13770042	0.2765835	-0.67016524	0.9999981	-0.45136937	0.2298708
0.06408937	-0.048480928	0.055493385	-0.037641186	0.04841805	-0.06682439	0.06260598	-0.05395357	0.045396347	-0.0454626	0.08068069	-0.08548002	0.15497528	-0.14011092	0.098959096	-0.14008841	0.116719484	-0.13497594	0.1443364	-0.1166194	0.17013243	-0.13798195	0.18093094	-0.49044994	0.28567243	-0.20939814	0.24691957	-0.45136937	0.99999815	-0.5964896
-0.070498936	0.052183773	-0.06092833	0.041310996	-0.05489519	0.0695981	-0.06694062	0.058044415	-0.05059972	0.050407704	-0.08496419	0.0881339	-0.1749396	0.13616237	-0.11398521	0.1346705	-0.117934845	0.1312931	-0.1573043	0.12399206	-0.18182746	0.12637143	-0.17519267	0.3267474	-0.5887765	0.17451887	-0.24802426	0.2298708	-0.5964896	0.99999815
