1.0000001	-0.7067222	0.31642696	-0.11283847	0.10625998	-0.4098356	0.21525219	-0.21378681	0.14022936	-0.18566695	0.21625614	-0.20071156	0.1724129	-0.15847735	0.13379641	-0.28554934	0.17599848	-0.2213142	0.13826184	-0.11999023
-0.7067222	1.0	-0.56380457	0.11139479	-0.10730861	0.2254772	-0.25696015	0.18642499	-0.12692918	0.1543588	-0.15216523	0.17122845	-0.14862339	0.12639801	-0.11114432	0.1890047	-0.13627821	0.16232733	-0.1120448	0.095367394
0.31642696	-0.56380457	0.9999996	-0.2299334	0.18191351	-0.35030228	0.24969062	-0.3077428	0.20806256	-0.28552017	0.21677582	-0.23674671	0.21754578	-0.20882899	0.17746243	-0.3306943	0.2098995	-0.28012607	0.17807515	-0.16215089
-0.11283847	0.11139479	-0.2299334	0.99999934	-0.85623103	0.10013876	-0.13227034	0.18122682	-0.34319878	0.265568	-0.07448483	0.10380563	-0.12028779	0.10874564	-0.117331125	0.10300801	-0.08498101	0.10538552	-0.09671193	0.08899699
0.10625998	-0.10730861	0.18191351	-0.85623103	0.99999946	-0.10402459	0.12618545	-0.18828931	0.25307775	-0.3766848	0.07586351	-0.10550244	0.11784378	-0.113297336	0.12147491	-0.10792309	0.08630263	-0.110252045	0.097701386	-0.09710785
-0.4098356	0.2254772	-0.35030228	0.10013876	-0.10402459	0.9999991	-0.2192155	0.17288671	-0.12780827	0.14737767	-0.6948321	0.19687961	-0.18579057	0.14534838	-0.14351083	0.29624838	-0.21072067	0.19527927	-0.14582512	0.11223227
0.21525219	-0.25696015	0.24969062	-0.13227034	0.12618545	-0.2192155	0.9999989	-0.5254904	0.21789564	-0.24329087	0.17619036	-0.61020124	0.2815095	-0.21629728	0.16589312	-0.2372485	0.22867253	-0.2529415	0.17500603	-0.14237717
-0.21378681	0.18642499	-0.3077428	0.18122682	-0.18828931	0.17288671	-0.5254904	0.9999991	-0.51901996	0.28726026	-0.1474966	0.27024686	-0.3703559	0.22160918	-0.21069606	0.18680182	-0.18940008	0.21009167	-0.19925934	0.1549918
0.14022936	-0.12692918	0.20806256	-0.34319878	0.25307775	-0.12780827	0.21789564	-0.51901996	0.99999964	-0.6570476	0.101611406	-0.17034177	0.19911252	-0.19996928	0.18337166	-0.13847631	0.12530729	-0.15502895	0.1535813	-0.14442801
-0.18566695	0.1543588	-0.28552017	0.265568	-0.3766848	0.14737767	-0.24329087	0.28726026	-0.6570476	0.99999976	-0.12027557	0.17721352	-0.2262397	0.19655588	-0.31171387	0.15708731	-0.1461749	0.1750817	-0.19337639	0.18548936
0.21625614	-0.15216523	0.21677582	-0.07448483	0.07586351	-0.6948321	0.17619036	-0.1474966	0.101611406	-0.12027557	0.9999997	-0.22139984	0.16316177	-0.13088687	0.115046166	-0.56180644	0.22095919	-0.21300432	0.12607417	-0.0955848
-0.20071156	0.17122845	-0.23674671	0.10380563	-0.10550244	0.19687961	-0.61020124	0.27024686	-0.17034177	0.17721352	-0.22139984	0.99999964	-0.48129284	0.22722277	-0.17350729	0.24273258	-0.3989103	0.27156544	-0.20215957	0.13988048
0.1724129	-0.14862339	0.21754578	-0.12028779	0.11784378	-0.18579057	0.2815095	-0.3703559	0.19911252	-0.2262397	0.16316177	-0.48129284	0.9999999	-0.554165	0.20914121	-0.23140696	0.243176	-0.36056942	0.26890582	-0.19407648
-0.15847735	0.12639801	-0.20882899	0.10874564	-0.113297336	0.14534838	-0.21629728	0.22160918	-0.19996928	0.19655588	-0.13088687	0.22722277	-0.554165	1.0000001	-0.3252559	0.17409536	-0.19484347	0.25462255	-0.6065348	0.25395966
0.13379641	-0.11114432	0.17746243	-0.117331125	0.12147491	-0.14351083	0.16589312	-0.21069606	0.18337166	-0.31171387	0.115046166	-0.17350729	0.20914121	-0.3252559	0.99999976	-0.17049624	0.15346979	-0.2329981	0.29414532	-0.7571458
-0.28554934	0.1890047	-0.3306943	0.10300801	-0.10792309	0.29624838	-0.2372485	0.18680182	-0.13847631	0.15708731	-0.56180644	0.24273258	-0.23140696	0.17409536	-0.17049624	0.9999999	-0.50711054	0.2769569	-0.18807004	0.13284807
0.17599848	-0.13627821	0.2098995	-0.08498101	0.08630263	-0.21072067	0.22867253	-0.18940008	0.12530729	-0.1461749	0.22095919	-0.3989103	0.243176	-0.19484347	0.15346979	-0.50711054	0.9999998	-0.6377666	0.19903055	-0.13662888
-0.2213142	0.16232733	-0.28012607	0.10538552	-0.110252045	0.19527927	-0.2529415	0.21009167	-0.15502895	0.1750817	-0.21300432	0.27156544	-0.36056942	0.25462255	-0.2329981	0.2769569	-0.6377666	0.99999976	-0.3799159	0.19260813
0.13826184	-0.1120448	0.17807515	-0.09671193	0.097701386	-0.14582512	0.17500603	-0.19925934	0.1535813	-0.19337639	0.12607417	-0.20215957	0.26890582	-0.6065348	0.29414532	-0.18807004	0.19903055	-0.3799159	0.99999976	-0.50688285
-0.11999023	0.095367394	-0.16215089	0.08899699	-0.09710785	0.11223227	-0.14237717	0.1549918	-0.14442801	0.18548936	-0.0955848	0.13988048	-0.19407648	0.25395966	-0.7571458	0.13284807	-0.13662888	0.19260813	-0.50688285	0.99999976
