1.0000001	-0.2707568	0.06736581	-0.06627057	0.05303796	-0.89154893	0.1381744	-0.10162195	0.10201055	-0.04774455	0.21440367	-0.13199334	0.0981461	-0.07633337	0.03301314	-0.216909	0.13289516	-0.072315544	0.07401778	-0.037568275
-0.2707568	1.0000001	-0.30298805	0.2191571	-0.19127005	0.1931576	-0.48172015	0.28443682	-0.3780709	0.15083386	-0.23528561	0.2513616	-0.3227369	0.23593725	-0.10582189	0.18721093	-0.30615056	0.20535001	-0.24679837	0.11415779
0.06736581	-0.30298805	1.0000002	-0.89772433	0.14015019	-0.058887	0.13139813	-0.13154823	0.18723346	-0.13186552	0.06578104	-0.08475364	0.11924086	-0.12725346	0.063948125	-0.05906278	0.08880622	-0.088277295	0.09472648	-0.076288596
-0.06627057	0.2191571	-0.89772433	1.0000001	-0.17558253	0.056367446	-0.13813709	0.13126186	-0.24773452	0.13292342	-0.06762049	0.08628223	-0.12934084	0.13211092	-0.06604339	0.059280287	-0.09362068	0.091104835	-0.102604926	0.076192796
0.05303796	-0.19127005	0.14015019	-0.17558253	1.0000006	-0.049246036	0.10488893	-0.108007334	0.15513907	-0.8665117	0.055395864	-0.07405041	0.112267114	-0.1224587	0.23303507	-0.051507723	0.07631637	-0.102079704	0.110238515	-0.29975033
-0.89154893	0.1931576	-0.058887	0.056367446	-0.049246036	1.0000005	-0.14416467	0.09676465	-0.100815326	0.043263715	-0.30216953	0.12382347	-0.097358376	0.07301332	-0.030869871	0.19442654	-0.13644068	0.06909816	-0.07297861	0.03456688
0.1381744	-0.48172015	0.13139813	-0.13813709	0.10488893	-0.14416467	1.0000004	-0.6277556	0.2580931	-0.101266645	0.15724634	-0.4116783	0.25836253	-0.20694867	0.07145844	-0.15815142	0.24666896	-0.18100365	0.1665092	-0.081970274
-0.10162195	0.28443682	-0.13154823	0.13126186	-0.108007334	0.09676465	-0.6277556	1.0000001	-0.4728417	0.10111035	-0.123686984	0.2225585	-0.44506383	0.26183224	-0.077390686	0.114898086	-0.20460662	0.20196101	-0.2067679	0.08447227
0.10201055	-0.3780709	0.18723346	-0.24773452	0.15513907	-0.100815326	0.2580931	-0.4728417	1.0000005	-0.17227417	0.111643255	-0.1835502	0.30407858	-0.59616566	0.113225356	-0.11067482	0.16244641	-0.24237925	0.23729198	-0.12665191
-0.04774455	0.15083386	-0.13186552	0.13292342	-0.8665117	0.043263715	-0.101266645	0.10111035	-0.17227417	1.0000004	-0.05194306	0.06911856	-0.111302756	0.11849986	-0.33144045	0.04712507	-0.07318916	0.092949845	-0.10797035	0.23968722
0.21440367	-0.23528561	0.06578104	-0.06762049	0.055395864	-0.30216953	0.15724634	-0.123686984	0.111643255	-0.05194306	1.0000002	-0.2706752	0.12124749	-0.09356324	0.037339326	-0.818851	0.25166604	-0.09830725	0.090329744	-0.04294624
-0.13199334	0.2513616	-0.08475364	0.08628223	-0.07405041	0.12382347	-0.4116783	0.2225585	-0.1835502	0.06911856	-0.2706752	1.0000001	-0.2629838	0.15757073	-0.05405393	0.23238333	-0.7436232	0.16633607	-0.15267873	0.060610827
0.0981461	-0.3227369	0.11924086	-0.12934084	0.112267114	-0.097358376	0.25836253	-0.44506383	0.30407858	-0.111302756	0.12124749	-0.2629838	1.0000004	-0.5318362	0.0994849	-0.12203842	0.19919507	-0.47388858	0.2973596	-0.11282879
-0.07633337	0.23593725	-0.12725346	0.13211092	-0.1224587	0.07301332	-0.20694867	0.26183224	-0.59616566	0.11849986	-0.09356324	0.15757073	-0.5318362	1.0000004	-0.1323021	0.08937735	-0.15149699	0.28354663	-0.44177306	0.12824647
0.03301314	-0.10582189	0.063948125	-0.06604339	0.23303507	-0.030869871	0.07145844	-0.077390686	0.113225356	-0.33144045	0.037339326	-0.05405393	0.0994849	-0.1323021	0.9999999	-0.0352392	0.055174686	-0.10574161	0.12415006	-0.89192176
-0.216909	0.18721093	-0.05906278	0.059280287	-0.051507723	0.19442654	-0.15815142	0.114898086	-0.11067482	0.04712507	-0.818851	0.23238333	-0.12203842	0.08937735	-0.0352392	0.99999994	-0.39596495	0.09661059	-0.09268808	0.039779376
0.13289516	-0.30615056	0.08880622	-0.09362068	0.07631637	-0.13644068	0.24666896	-0.20460662	0.16244641	-0.07318916	0.25166604	-0.7436232	0.19919507	-0.15149699	0.055174686	-0.39596495	0.99999976	-0.19450048	0.15008068	-0.06365239
-0.072315544	0.20535001	-0.088277295	0.091104835	-0.102079704	0.06909816	-0.18100365	0.20196101	-0.24237925	0.092949845	-0.09830725	0.16633607	-0.47388858	0.28354663	-0.10574161	0.09661059	-0.19450048	0.9999997	-0.7623848	0.11392436
0.07401778	-0.24679837	0.09472648	-0.102604926	0.110238515	-0.07297861	0.1665092	-0.2067679	0.23729198	-0.10797035	0.090329744	-0.15267873	0.2973596	-0.44177306	0.12415006	-0.09268808	0.15008068	-0.7623848	0.9999997	-0.15805519
-0.037568275	0.11415779	-0.076288596	0.076192796	-0.29975033	0.03456688	-0.081970274	0.08447227	-0.12665191	0.23968722	-0.04294624	0.060610827	-0.11282879	0.12824647	-0.89192176	0.039779376	-0.06365239	0.11392436	-0.15805519	0.9999997
