1.0	-0.13965523	0.06535357	-0.05902424	0.07520861	-0.9150339	0.13289657	-0.067818515	0.05689426	-0.04723706	0.22093378	-0.21300665	0.077527665	-0.053737666	0.04842805	-0.21816167	0.1302633	-0.09862328	0.061158203	-0.05636383
-0.13965523	1.0000004	-0.31602973	0.20582668	-0.23240991	0.11512436	-0.8395529	0.19832948	-0.17506905	0.13612422	-0.1238182	0.15880448	-0.17345837	0.12619936	-0.11466665	0.14668456	-0.13674308	0.16226007	-0.11652164	0.11857267
0.06535357	-0.31602973	1.0000004	-0.6657177	0.25678363	-0.05925683	0.22207758	-0.5041648	0.2597855	-0.19344902	0.08654048	-0.12315864	0.22971888	-0.17117506	0.14119282	-0.13139816	0.118711665	-0.19928472	0.13065158	-0.14717978
-0.05902424	0.20582668	-0.6657177	1.0	-0.4350429	0.052857425	-0.21003939	0.28700578	-0.44475427	0.25039312	-0.077418886	0.107553154	-0.21040119	0.16632411	-0.15436351	0.11416038	-0.106638096	0.1680668	-0.12758653	0.13880013
0.07520861	-0.23240991	0.25678363	-0.4350429	1.0	-0.07026496	0.19101743	-0.31746355	0.32477844	-0.59698945	0.110316634	-0.16057274	0.2343191	-0.27219608	0.23205046	-0.18027003	0.15237924	-0.26125517	0.18462041	-0.23500629
-0.9150339	0.11512436	-0.05925683	0.052857425	-0.07026496	0.9999999	-0.13389434	0.060650516	-0.052348193	0.04313986	-0.2918916	0.1800492	-0.071356885	0.04832393	-0.04426293	0.1793064	-0.12175204	0.0864291	-0.05599086	0.050173532
0.13289657	-0.8395529	0.22207758	-0.21003939	0.19101743	-0.13389434	1.0	-0.21871553	0.157278	-0.13068724	0.14521359	-0.22282472	0.17320606	-0.13736905	0.11659702	-0.19117779	0.15884896	-0.20121297	0.12678875	-0.13844803
-0.067818515	0.19832948	-0.5041648	0.28700578	-0.31746355	0.060650516	-0.21871553	0.9999999	-0.4018263	0.22653402	-0.09647608	0.13407817	-0.55593127	0.21630146	-0.19101533	0.13969743	-0.14540242	0.23678517	-0.16841616	0.16784965
0.05689426	-0.17506905	0.2597855	-0.44475427	0.32477844	-0.052348193	0.157278	-0.4018263	0.99999976	-0.63239247	0.082554914	-0.11889065	0.22532141	-0.24645208	0.21250838	-0.13031448	0.11738356	-0.20301817	0.15117161	-0.18260805
-0.04723706	0.13612422	-0.19344902	0.25039312	-0.59698945	0.04313986	-0.13068724	0.22653402	-0.63239247	0.9999995	-0.06814244	0.09671453	-0.1904701	0.22997765	-0.32111162	0.10576892	-0.098146856	0.16437174	-0.14697966	0.17258406
0.22093378	-0.1238182	0.08654048	-0.077418886	0.110316634	-0.2918916	0.14521359	-0.09647608	0.082554914	-0.06814244	0.99999946	-0.64806217	0.12828945	-0.08106574	0.07467992	-0.59395325	0.2860854	-0.16927946	0.10106485	-0.085568756
-0.21300665	0.15880448	-0.12315864	0.107553154	-0.16057274	0.1800492	-0.22282472	0.13407817	-0.11889065	0.09671453	-0.64806217	0.99999964	-0.19669573	0.11348075	-0.10749143	0.33150545	-0.52563447	0.22441347	-0.14737919	0.117119186
0.077527665	-0.17345837	0.22971888	-0.21040119	0.2343191	-0.071356885	0.17320606	-0.55593127	0.22532141	-0.1904701	0.12828945	-0.19669573	0.9999996	-0.39416787	0.23335397	-0.20203575	0.20441909	-0.4988091	0.22553827	-0.23836575
-0.053737666	0.12619936	-0.17117506	0.16632411	-0.27219608	0.04832393	-0.13736905	0.21630146	-0.24645208	0.22997765	-0.08106574	0.11348075	-0.39416787	0.99999964	-0.7343793	0.12119576	-0.12690099	0.22088218	-0.2891402	0.2639009
0.04842805	-0.11466665	0.14119282	-0.15436351	0.23205046	-0.04426293	0.11659702	-0.19101533	0.21250838	-0.32111162	0.07467992	-0.10749143	0.23335397	-0.7343793	0.99999976	-0.11755364	0.11443648	-0.2118493	0.24800438	-0.4245558
-0.21816167	0.14668456	-0.13139816	0.11416038	-0.18027003	0.1793064	-0.19117779	0.13969743	-0.13031448	0.10576892	-0.59395325	0.33150545	-0.20203575	0.12119576	-0.11755364	0.9999993	-0.5746734	0.2385392	-0.16400498	0.1266877
0.1302633	-0.13674308	0.118711665	-0.106638096	0.15237924	-0.12175204	0.15884896	-0.14540242	0.11738356	-0.098146856	0.2860854	-0.52563447	0.20441909	-0.12690099	0.11443648	-0.5746734	0.9999993	-0.47509778	0.17289217	-0.1444288
-0.09862328	0.16226007	-0.19928472	0.1680668	-0.26125517	0.0864291	-0.20121297	0.23678517	-0.20301817	0.16437174	-0.16927946	0.22441347	-0.4988091	0.22088218	-0.2118493	0.2385392	-0.47509778	0.99999917	-0.43301222	0.24969643
0.061158203	-0.11652164	0.13065158	-0.12758653	0.18462041	-0.05599086	0.12678875	-0.16841616	0.15117161	-0.14697966	0.10106485	-0.14737919	0.22553827	-0.2891402	0.24800438	-0.16400498	0.17289217	-0.43301222	0.9999993	-0.75285697
-0.05636383	0.11857267	-0.14717978	0.13880013	-0.23500629	0.050173532	-0.13844803	0.16784965	-0.18260805	0.17258406	-0.085568756	0.117119186	-0.23836575	0.2639009	-0.4245558	0.1266877	-0.1444288	0.24969643	-0.75285697	0.9999993
