1.0	-0.40658298	0.18973646	-0.20503044	0.10465683	-0.71994334	0.22521073	-0.18251291	0.14266458	-0.088257916	0.29776698	-0.21442169	0.1388232	-0.13311633	0.14860582	-0.33198926	0.19586842	-0.1675392	0.076107346	-0.07004667
-0.40658298	1.0000002	-0.5349608	0.28376594	-0.16724181	0.22563079	-0.4847604	0.27231154	-0.2282835	0.13157617	-0.2506158	0.24619912	-0.19913861	0.18286687	-0.23265941	0.22173133	-0.24915136	0.20180333	-0.11050338	0.09801309
0.18973646	-0.5349608	1.0000004	-0.62783796	0.1636905	-0.14383174	0.25403225	-0.39930803	0.24247178	-0.13655792	0.15753551	-0.18613677	0.19422795	-0.19257136	0.20568016	-0.16687372	0.1746717	-0.20374708	0.10267616	-0.092897736
-0.20503044	0.28376594	-0.62783796	1.0000005	-0.30088305	0.14327754	-0.2552873	0.28303647	-0.41244203	0.21046735	-0.18454826	0.18656506	-0.20947574	0.25012043	-0.33086553	0.17919025	-0.20042095	0.20860016	-0.14823759	0.13000551
0.10465683	-0.16724181	0.1636905	-0.30088305	1.0000004	-0.086387895	0.13762558	-0.19049057	0.231043	-0.8362741	0.104311876	-0.12460202	0.1412106	-0.23976243	0.2614076	-0.13222404	0.122050375	-0.17863052	0.11627202	-0.1257724
-0.71994334	0.22563079	-0.14383174	0.14327754	-0.086387895	1.0000005	-0.21936743	0.14210875	-0.11564525	0.07089057	-0.54707444	0.17965986	-0.11366262	0.10451742	-0.12590517	0.25954515	-0.17793547	0.13004076	-0.06242031	0.056502428
0.22521073	-0.4847604	0.25403225	-0.2552873	0.13762558	-0.21936743	1.0000006	-0.43833867	0.214972	-0.11841023	0.21906866	-0.5548186	0.2339657	-0.19184856	0.19597107	-0.250164	0.2764088	-0.25358889	0.10393944	-0.09461077
-0.18251291	0.27231154	-0.39930803	0.28303647	-0.19049057	0.14210875	-0.43833867	1.0000005	-0.4463986	0.1604598	-0.1783675	0.24297304	-0.47171164	0.2601524	-0.26972622	0.18597525	-0.2357461	0.28423476	-0.13953483	0.12088283
0.14266458	-0.2282835	0.24247178	-0.41244203	0.231043	-0.11564525	0.214972	-0.4463986	1.0000001	-0.27866003	0.14072561	-0.18162909	0.2404005	-0.6083685	0.2957328	-0.1653377	0.17242436	-0.2544888	0.16788788	-0.15706925
-0.088257916	0.13157617	-0.13655792	0.21046735	-0.8362741	0.07089057	-0.11841023	0.1604598	-0.27866003	1.0	-0.08824938	0.1031775	-0.1236224	0.21753052	-0.37468114	0.106122755	-0.10409729	0.14527617	-0.117696226	0.121005826
0.29776698	-0.2506158	0.15753551	-0.18454826	0.104311876	-0.54707444	0.21906866	-0.1783675	0.14072561	-0.08824938	1.0000002	-0.29513037	0.14962623	-0.13606836	0.1528095	-0.62103707	0.25867885	-0.18570566	0.07930037	-0.0730269
-0.21442169	0.24619912	-0.18613677	0.18656506	-0.12460202	0.17965986	-0.5548186	0.24297304	-0.18162909	0.1031775	-0.29513037	1.0000004	-0.27231696	0.16343653	-0.18793118	0.27291155	-0.61048347	0.24370195	-0.0982812	0.08712682
0.1388232	-0.19913861	0.19422795	-0.20947574	0.1412106	-0.11366262	0.2339657	-0.47171164	0.2404005	-0.1236224	0.14962623	-0.27231696	1.0000005	-0.29280257	0.22513065	-0.17520188	0.23018138	-0.71262604	0.14199696	-0.1250051
-0.13311633	0.18286687	-0.19257136	0.25012043	-0.23976243	0.10451742	-0.19184856	0.2601524	-0.6083685	0.21753052	-0.13606836	0.16343653	-0.29280257	1.0000005	-0.5221238	0.15286866	-0.17118952	0.24179605	-0.30862573	0.22318783
0.14860582	-0.23265941	0.20568016	-0.33086553	0.2614076	-0.12590517	0.19597107	-0.26972622	0.2957328	-0.37468114	0.1528095	-0.18793118	0.22513065	-0.5221238	1.0000005	-0.20459077	0.18399477	-0.30270565	0.2614789	-0.37962282
-0.33198926	0.22173133	-0.16687372	0.17919025	-0.13222404	0.25954515	-0.250164	0.18597525	-0.1653377	0.106122755	-0.62103707	0.27291155	-0.17520188	0.15286866	-0.20459077	1.0000005	-0.522705	0.20269306	-0.09862996	0.087715074
0.19586842	-0.24915136	0.1746717	-0.20042095	0.122050375	-0.17793547	0.2764088	-0.2357461	0.17242436	-0.10409729	0.25867885	-0.61048347	0.23018138	-0.17118952	0.18399477	-0.522705	1.0000007	-0.35155806	0.10302506	-0.09401728
-0.1675392	0.20180333	-0.20374708	0.20860016	-0.17863052	0.13004076	-0.25358889	0.28423476	-0.2544888	0.14527617	-0.18570566	0.24370195	-0.71262604	0.24179605	-0.30270565	0.20269306	-0.35155806	1.0000008	-0.20197083	0.15441364
0.076107346	-0.11050338	0.10267616	-0.14823759	0.11627202	-0.06242031	0.10393944	-0.13953483	0.16788788	-0.117696226	0.07930037	-0.0982812	0.14199696	-0.30862573	0.2614789	-0.09862996	0.10302506	-0.20197083	1.0000007	-0.86678475
-0.07004667	0.09801309	-0.092897736	0.13000551	-0.1257724	0.056502428	-0.09461077	0.12088283	-0.15706925	0.121005826	-0.0730269	0.08712682	-0.1250051	0.22318783	-0.37962282	0.087715074	-0.09401728	0.15441364	-0.86678475	1.0000007
