1.0000001	-0.80716574	0.2621551	-0.26503786	0.18329787	-0.4021113	0.19955114	-0.16165318	0.124879904	-0.09829578	0.080345005	-0.13139257	0.12055627	-0.09013828	0.07149341	-0.0843159	0.14737006	-0.11418158	0.07656285	-0.111919306
-0.80716574	1.0000001	-0.4033804	0.23010765	-0.17817533	0.25678056	-0.24745657	0.16067643	-0.120809555	0.09201619	-0.066535905	0.12888858	-0.12169972	0.08426104	-0.067102455	0.06805479	-0.14668383	0.10739844	-0.07271653	0.10354238
0.2621551	-0.4033804	1.0000002	-0.7219593	0.26265514	-0.34309307	0.2069535	-0.23023623	0.17693171	-0.14347993	0.08503793	-0.15483697	0.15696645	-0.12786253	0.102331676	-0.09280149	0.18006335	-0.15788583	0.1060247	-0.16358377
-0.26503786	0.23010765	-0.7219593	1.0000001	-0.45754153	0.26805153	-0.19634716	0.18182291	-0.2425809	0.17008375	-0.0777264	0.14711149	-0.1563886	0.13500139	-0.11558688	0.082372114	-0.20382722	0.1568557	-0.113606766	0.17919616
0.18329787	-0.17817533	0.26265514	-0.45754153	1.0000004	-0.45743367	0.21924102	-0.22364825	0.2966264	-0.3675578	0.11659503	-0.19180293	0.19869879	-0.26103947	0.22959307	-0.13128191	0.2468826	-0.2760016	0.19925942	-0.40836698
-0.4021113	0.25678056	-0.34309307	0.26805153	-0.45743367	1.0000004	-0.39736825	0.24713553	-0.27217385	0.190874	-0.22652385	0.23295695	-0.22988915	0.16597489	-0.1375121	0.18191059	-0.34298506	0.20562766	-0.14704838	0.2068271
0.19955114	-0.24745657	0.2069535	-0.19634716	0.21924102	-0.39736825	1.0000002	-0.6219837	0.19156528	-0.15589306	0.11201889	-0.45956278	0.3031467	-0.16291398	0.11975681	-0.11790192	0.27813846	-0.23044862	0.14169116	-0.18218708
-0.16165318	0.16067643	-0.23023623	0.18182291	-0.22364825	0.24713553	-0.6219837	1.0000002	-0.23757006	0.15826881	-0.09069442	0.29710883	-0.56907487	0.16087608	-0.12263607	0.092704795	-0.28801817	0.22807437	-0.15419956	0.17304675
0.124879904	-0.120809555	0.17693171	-0.2425809	0.2966264	-0.27217385	0.19156528	-0.23757006	1.0000004	-0.655217	0.08108025	-0.17158002	0.1923207	-0.3035584	0.2937536	-0.088737816	0.22248891	-0.26022533	0.21386771	-0.4410618
-0.09829578	0.09201619	-0.14347993	0.17008375	-0.3675578	0.190874	-0.15589306	0.15826881	-0.655217	1.0000004	-0.06347136	0.13771732	-0.1616017	0.25404045	-0.52048975	0.06775521	-0.20853089	0.1966007	-0.20892154	0.31610224
0.080345005	-0.066535905	0.08503793	-0.0777264	0.11659503	-0.22652385	0.11201889	-0.09069442	0.08108025	-0.06347136	1.0000002	-0.14075783	0.09516755	-0.064069256	0.048737038	-0.9412977	0.15795422	-0.0876515	0.056245785	-0.0744533
-0.13139257	0.12888858	-0.15483697	0.14711149	-0.19180293	0.23295695	-0.45956278	0.29710883	-0.17158002	0.13771732	-0.14075783	1.0	-0.53322655	0.15960018	-0.11459982	0.13207069	-0.59500086	0.24399695	-0.1523969	0.16570655
0.12055627	-0.12169972	0.15696645	-0.1563886	0.19869879	-0.22988915	0.3031467	-0.56907487	0.1923207	-0.1616017	0.09516755	-0.53322655	1.0000001	-0.22298613	0.14047496	-0.10054901	0.29851598	-0.41220027	0.19984059	-0.19807214
-0.09013828	0.08426104	-0.12786253	0.13500139	-0.26103947	0.16597489	-0.16291398	0.16087608	-0.3035584	0.25404045	-0.064069256	0.15960018	-0.22298613	1.0000002	-0.5024959	0.067050084	-0.25401625	0.2853504	-0.6216805	0.29860616
0.07149341	-0.067102455	0.102331676	-0.11558688	0.22959307	-0.1375121	0.11975681	-0.12263607	0.2937536	-0.52048975	0.048737038	-0.11459982	0.14047496	-0.5024959	1.0000002	-0.051758006	0.17280826	-0.2060081	0.2449093	-0.5856692
-0.0843159	0.06805479	-0.09280149	0.082372114	-0.13128191	0.18191059	-0.11790192	0.092704795	-0.088737816	0.06775521	-0.9412977	0.13207069	-0.10054901	0.067050084	-0.051758006	1.0000004	-0.19301881	0.0910764	-0.059736982	0.07840464
0.14737006	-0.14668383	0.18006335	-0.20382722	0.2468826	-0.34298506	0.27813846	-0.28801817	0.22248891	-0.20853089	0.15795422	-0.59500086	0.29851598	-0.25401625	0.17280826	-0.19301881	1.0000004	-0.41302192	0.21509063	-0.2742097
-0.11418158	0.10739844	-0.15788583	0.1568557	-0.2760016	0.20562766	-0.23044862	0.22807437	-0.26022533	0.1966007	-0.0876515	0.24399695	-0.41220027	0.2853504	-0.2060081	0.0910764	-0.41302192	1.0000004	-0.59931624	0.2419601
0.07656285	-0.07271653	0.1060247	-0.113606766	0.19925942	-0.14704838	0.14169116	-0.15419956	0.21386771	-0.20892154	0.056245785	-0.1523969	0.19984059	-0.6216805	0.2449093	-0.059736982	0.21509063	-0.59931624	1.0000004	-0.32386905
-0.111919306	0.10354238	-0.16358377	0.17919616	-0.40836698	0.2068271	-0.18218708	0.17304675	-0.4410618	0.31610224	-0.0744533	0.16570655	-0.19807214	0.29860616	-0.5856692	0.07840464	-0.2742097	0.2419601	-0.32386905	1.0000004
