1.0	-0.8923215	0.17194822	-0.13990462	0.087765366	-0.23722975	0.18130954	-0.19376752	0.17596686	-0.094891906	0.119319506	-0.11068781	0.09841442	-0.13035013	0.12954643	-0.14869688	0.08884128	-0.12049072	0.079048775	-0.06381907
-0.8923215	1.0000001	-0.22204117	0.1468902	-0.098548	0.18380295	-0.19553627	0.18229623	-0.20831496	0.10014172	-0.106550656	0.09839118	-0.092409365	0.12032432	-0.14421037	0.1208847	-0.081374936	0.10656553	-0.0846652	0.06667599
0.17194822	-0.22204117	1.0000001	-0.72609574	0.22301975	-0.17513114	0.16049859	-0.42801335	0.30427793	-0.25459677	0.10108609	-0.11349816	0.113585584	-0.15450868	0.15807833	-0.12571359	0.08972018	-0.1316914	0.08944517	-0.08036924
-0.13990462	0.1468902	-0.72609574	0.9999998	-0.3861973	0.12161038	-0.118631065	0.26108554	-0.41829252	0.25267783	-0.0761525	0.08817709	-0.09106708	0.12910677	-0.15937242	0.09229443	-0.070668705	0.10371326	-0.08331694	0.07414396
0.087765366	-0.098548	0.22301975	-0.3861973	0.99999946	-0.08316951	0.07686249	-0.16022012	0.20556533	-0.83915406	0.060597736	-0.08409404	0.08568175	-0.14499786	0.18022421	-0.07602767	0.065425925	-0.10595089	0.08567564	-0.0924575
-0.23722975	0.18380295	-0.17513114	0.12161038	-0.08316951	0.9999993	-0.81247026	0.24402954	-0.24995354	0.084991165	-0.29489315	0.13827214	-0.108220905	0.10842517	-0.11745722	0.21574754	-0.113497384	0.111559525	-0.07181254	0.055398352
0.18130954	-0.19553627	0.16049859	-0.118631065	0.07686249	-0.81247026	0.9999988	-0.38108918	0.22112533	-0.08068831	0.19614135	-0.14502516	0.106959045	-0.10769302	0.10821317	-0.2203452	0.10808858	-0.11253577	0.06688133	-0.05206349
-0.19376752	0.18229623	-0.42801335	0.26108554	-0.16022012	0.24402954	-0.38108918	0.99999875	-0.6821832	0.1649997	-0.13451199	0.13271496	-0.15813936	0.15616547	-0.16323872	0.14634497	-0.109130755	0.14134324	-0.09678489	0.078101195
0.17596686	-0.20831496	0.30427793	-0.41829252	0.20556533	-0.24995354	0.22112533	-0.6821832	0.9999984	-0.268213	0.13365206	-0.14362536	0.14667258	-0.19381909	0.17848778	-0.16691184	0.113586634	-0.16219628	0.10506457	-0.0908871
-0.094891906	0.10014172	-0.25459677	0.25267783	-0.83915406	0.084991165	-0.08068831	0.1649997	-0.268213	0.99999845	-0.06201522	0.084872484	-0.08899828	0.14812626	-0.2660789	0.07653879	-0.06680194	0.10620836	-0.10050225	0.103386335
0.119319506	-0.106550656	0.10108609	-0.0761525	0.060597736	-0.29489315	0.19614135	-0.13451199	0.13365206	-0.06201522	0.9999984	-0.299678	0.14988378	-0.12900758	0.1279543	-0.8445173	0.20076421	-0.1637996	0.082462385	-0.06073314
-0.11068781	0.09839118	-0.11349816	0.08817709	-0.08409404	0.13827214	-0.14502516	0.13271496	-0.14362536	0.084872484	-0.299678	0.9999984	-0.461069	0.2280801	-0.2349138	0.23378257	-0.68257755	0.31847513	-0.15587251	0.10827817
0.09841442	-0.092409365	0.113585584	-0.09106708	0.08568175	-0.108220905	0.106959045	-0.15813936	0.14667258	-0.08899828	0.14988378	-0.461069	0.999998	-0.54805344	0.24715333	-0.16809107	0.28585085	-0.5666072	0.17735733	-0.12890066
-0.13035013	0.12032432	-0.15450868	0.12910677	-0.14499786	0.10842517	-0.10769302	0.15616547	-0.19381909	0.14812626	-0.12900758	0.2280801	-0.54805344	0.9999978	-0.54352236	0.14036508	-0.20391975	0.27603573	-0.39697853	0.24622424
0.12954643	-0.14421037	0.15807833	-0.15937242	0.18022421	-0.11745722	0.10821317	-0.16323872	0.17848778	-0.2660789	0.1279543	-0.2349138	0.24715333	-0.54352236	0.9999977	-0.16340435	0.17739254	-0.3186385	0.30424398	-0.5004549
-0.14869688	0.1208847	-0.12571359	0.09229443	-0.07602767	0.21574754	-0.2203452	0.14634497	-0.16691184	0.07653879	-0.8445173	0.23378257	-0.16809107	0.14036508	-0.16340435	0.99999785	-0.25563815	0.17182212	-0.10313156	0.07469996
0.08884128	-0.081374936	0.08972018	-0.070668705	0.065425925	-0.113497384	0.10808858	-0.109130755	0.113586634	-0.06680194	0.20076421	-0.68257755	0.28585085	-0.20391975	0.17739254	-0.25563815	0.99999756	-0.58050305	0.122151904	-0.08770728
-0.12049072	0.10656553	-0.1316914	0.10371326	-0.10595089	0.111559525	-0.11253577	0.14134324	-0.16219628	0.10620836	-0.1637996	0.31847513	-0.5666072	0.27603573	-0.3186385	0.17182212	-0.58050305	0.9999976	-0.22152878	0.14822203
0.079048775	-0.0846652	0.08944517	-0.08331694	0.08567564	-0.07181254	0.06688133	-0.09678489	0.10506457	-0.10050225	0.082462385	-0.15587251	0.17735733	-0.39697853	0.30424398	-0.10313156	0.122151904	-0.22152878	0.99999774	-0.7977354
-0.06381907	0.06667599	-0.08036924	0.07414396	-0.0924575	0.055398352	-0.05206349	0.078101195	-0.0908871	0.103386335	-0.06073314	0.10827817	-0.12890066	0.24622424	-0.5004549	0.07469996	-0.08770728	0.14822203	-0.7977354	0.99999774
