1.0000001	-0.37843183	0.11112391	-0.04555492	0.051765185	-0.83702785	0.27021	-0.12033057	0.059930507	-0.05299769	0.20080715	-0.18095458	0.07738377	-0.07029968	0.045198042	-0.19421484	0.13731979	-0.06882048	0.04383706	-0.048942454
-0.37843183	1.0	-0.28107992	0.0948724	-0.11209652	0.2618687	-0.7501403	0.20484564	-0.10628711	0.088126205	-0.2065743	0.2252048	-0.12836596	0.11450741	-0.07631756	0.15776503	-0.2151464	0.10223878	-0.06882258	0.07383424
0.11112391	-0.28107992	0.99999976	-0.36048135	0.25666574	-0.093928665	0.18911643	-0.71035683	0.27087614	-0.23995972	0.08408315	-0.10829449	0.11168674	-0.31428516	0.17657067	-0.07433745	0.09484935	-0.094892256	0.09528157	-0.11263699
-0.04555492	0.0948724	-0.36048135	0.9999998	-0.87607497	0.03759378	-0.07460789	0.22716178	-0.20225692	0.14671756	-0.035985734	0.046021756	-0.056951404	0.16747203	-0.112534925	0.03182198	-0.04177811	0.046977296	-0.05225902	0.059846986
0.051765185	-0.11209652	0.25666574	-0.87607497	0.99999976	-0.04363572	0.08487694	-0.2823444	0.1948909	-0.19014293	0.04190132	-0.054725565	0.06777811	-0.2130016	0.13136838	-0.03766701	0.04897755	-0.05728095	0.06280635	-0.07405994
-0.83702785	0.2618687	-0.093928665	0.03759378	-0.04363572	0.9999999	-0.36826804	0.097335204	-0.049902134	0.042943306	-0.26712275	0.16788101	-0.07183915	0.056733284	-0.03751434	0.17679775	-0.13765804	0.062265225	-0.03844877	0.04192771
0.27021	-0.7501403	0.18911643	-0.07460789	0.08487694	-0.36826804	0.99999976	-0.22845706	0.10013866	-0.083377436	0.18959199	-0.3320899	0.11383012	-0.10953653	0.0703552	-0.16731662	0.19984518	-0.0977202	0.06313724	-0.06958687
-0.12033057	0.20484564	-0.71035683	0.22716178	-0.2823444	0.097335204	-0.22845706	0.9999995	-0.45094958	0.21534343	-0.08865654	0.10810107	-0.11680547	0.2580837	-0.18725498	0.07462841	-0.099872105	0.09114957	-0.09428771	0.10266744
0.059930507	-0.10628711	0.27087614	-0.20225692	0.1948909	-0.049902134	0.10013866	-0.45094958	0.99999946	-0.5087375	0.05169205	-0.06923748	0.113114975	-0.60779667	0.29447487	-0.046645094	0.06478253	-0.09259743	0.11509382	-0.13058311
-0.05299769	0.088126205	-0.23995972	0.14671756	-0.19014293	0.042943306	-0.083377436	0.21534343	-0.5087375	0.9999993	-0.0478304	0.06286122	-0.11948496	0.32232434	-0.7174518	0.043017548	-0.061797477	0.09257473	-0.14834504	0.15621792
0.20080715	-0.2065743	0.08408315	-0.035985734	0.04190132	-0.26712275	0.18959199	-0.08865654	0.05169205	-0.0478304	0.99999905	-0.3946354	0.11974928	-0.064413905	0.044448975	-0.790951	0.28374735	-0.11463241	0.060450874	-0.06566815
-0.18095458	0.2252048	-0.10829449	0.046021756	-0.054725565	0.16788101	-0.3320899	0.10810107	-0.06923748	0.06286122	-0.3946354	0.9999989	-0.24492517	0.0860923	-0.06195025	0.2831084	-0.72497046	0.1925256	-0.09690524	0.096894
0.07738377	-0.12836596	0.11168674	-0.056951404	0.06777811	-0.07183915	0.11383012	-0.11680547	0.113114975	-0.11948496	0.11974928	-0.24492517	0.9999988	-0.18705717	0.12919758	-0.13568904	0.21280333	-0.8203771	0.24951409	-0.31356102
-0.07029968	0.11450741	-0.31428516	0.16747203	-0.2130016	0.056733284	-0.10953653	0.2580837	-0.60779667	0.32232434	-0.064413905	0.0860923	-0.18705717	0.99999887	-0.5369663	0.05830237	-0.084624045	0.13365324	-0.19083141	0.18164533
0.045198042	-0.07631756	0.17657067	-0.112534925	0.13136838	-0.03751434	0.0703552	-0.18725498	0.29447487	-0.7174518	0.044448975	-0.06195025	0.12919758	-0.5369663	0.99999905	-0.041588735	0.060741168	-0.10788644	0.17173949	-0.24462752
-0.19421484	0.15776503	-0.07433745	0.03182198	-0.03766701	0.17679775	-0.16731662	0.07462841	-0.046645094	0.043017548	-0.790951	0.2831084	-0.13568904	0.05830237	-0.041588735	0.99999905	-0.46018663	0.1222684	-0.06328859	0.06417662
0.13731979	-0.2151464	0.09484935	-0.04177811	0.04897755	-0.13765804	0.19984518	-0.099872105	0.06478253	-0.061797477	0.28374735	-0.72497046	0.21280333	-0.084624045	0.060741168	-0.46018663	0.99999887	-0.27268553	0.10438244	-0.10872832
-0.06882048	0.10223878	-0.094892256	0.046977296	-0.05728095	0.062265225	-0.0977202	0.09114957	-0.09259743	0.09257473	-0.11463241	0.1925256	-0.8203771	0.13365324	-0.10788644	0.1222684	-0.27268553	0.9999989	-0.36049876	0.2437401
0.04383706	-0.06882258	0.09528157	-0.05225902	0.06280635	-0.03844877	0.06313724	-0.09428771	0.11509382	-0.14834504	0.060450874	-0.09690524	0.24951409	-0.19083141	0.17173949	-0.06328859	0.10438244	-0.36049876	0.99999887	-0.8525544
-0.048942454	0.07383424	-0.11263699	0.059846986	-0.07405994	0.04192771	-0.06958687	0.10266744	-0.13058311	0.15621792	-0.06566815	0.096894	-0.31356102	0.18164533	-0.24462752	0.06417662	-0.10872832	0.2437401	-0.8525544	0.99999887
