1.0	-0.2661491	0.20094159	-0.09828438	0.10661471	-0.7325374	0.2031227	-0.18598647	0.12758878	-0.100452885	0.31670958	-0.21031277	0.16751271	-0.10853883	0.10176016	-0.29152647	0.19274126	-0.2962933	0.14201787	-0.26892698
-0.2661491	0.99999994	-0.665772	0.14686581	-0.14217387	0.16841985	-0.53786606	0.2583873	-0.1673633	0.111400045	-0.20942596	0.2594281	-0.2418809	0.10754514	-0.104568094	0.17235477	-0.17267266	0.20709828	-0.12983692	0.20620942
0.20094159	-0.665772	0.9999999	-0.25596848	0.18977834	-0.1483109	0.29282153	-0.36637685	0.21829575	-0.16300909	0.1959413	-0.28926596	0.24679911	-0.15180208	0.14461064	-0.20061864	0.18642722	-0.28892267	0.17433375	-0.3199019
-0.09828438	0.14686581	-0.25596848	0.9999998	-0.654301	0.06700152	-0.116370864	0.16100834	-0.5990561	0.25998753	-0.10415041	0.11252114	-0.13140461	0.19814698	-0.20621423	0.09482832	-0.09459865	0.16674124	-0.17674625	0.22999433
0.10661471	-0.14217387	0.18977834	-0.654301	0.9999997	-0.07242185	0.114431866	-0.15812814	0.31463072	-0.50870293	0.11542529	-0.11776314	0.12973498	-0.2382224	0.25076348	-0.10779308	0.106005825	-0.20386262	0.19689587	-0.3209115
-0.7325374	0.16841985	-0.1483109	0.06700152	-0.07242185	0.9999998	-0.18859504	0.13383067	-0.0873336	0.06632355	-0.56484306	0.15818743	-0.12629698	0.07107995	-0.06693704	0.2117366	-0.14956217	0.187858	-0.093404904	0.16580516
0.2031227	-0.53786606	0.29282153	-0.116370864	0.114431866	-0.18859504	0.99999976	-0.42702547	0.14768526	-0.10145068	0.19926135	-0.5680942	0.29040122	-0.10221585	0.09596085	-0.2036077	0.20446315	-0.22552218	0.12551911	-0.2029184
-0.18598647	0.2583873	-0.36637685	0.16100834	-0.15812814	0.13383067	-0.42702547	0.9999997	-0.26003143	0.13437751	-0.1937694	0.29971442	-0.683167	0.13252194	-0.12483308	0.17281963	-0.18232286	0.22245327	-0.154178	0.22070588
0.12758878	-0.1673633	0.21829575	-0.5990561	0.31463072	-0.0873336	0.14768526	-0.26003143	0.9999995	-0.37901038	0.13830586	-0.14852718	0.17730121	-0.38359907	0.25902703	-0.13014264	0.12929377	-0.248956	0.2471528	-0.35526085
-0.100452885	0.111400045	-0.16300909	0.25998753	-0.50870293	0.06632355	-0.10145068	0.13437751	-0.37901038	0.9999996	-0.109438464	0.10084017	-0.121854916	0.27099702	-0.6438199	0.09361956	-0.09662665	0.1752711	-0.24752368	0.25907376
0.31670958	-0.20942596	0.1959413	-0.10415041	0.11542529	-0.56484306	0.19926135	-0.1937694	0.13830586	-0.109438464	0.9999998	-0.24657677	0.18549992	-0.120481886	0.112261824	-0.49292248	0.2589117	-0.3476024	0.16054489	-0.29364988
-0.21031277	0.2594281	-0.28926596	0.11252114	-0.11776314	0.15818743	-0.5680942	0.29971442	-0.14852718	0.10084017	-0.24657677	0.99999934	-0.51367426	0.10436636	-0.098957054	0.24162593	-0.38900334	0.24408303	-0.13592067	0.1973293
0.16751271	-0.2418809	0.24679911	-0.13140461	0.12973498	-0.12629698	0.29040122	-0.683167	0.17730121	-0.121854916	0.18549992	-0.51367426	0.99999934	-0.12392723	0.11382319	-0.21073128	0.21132717	-0.27688208	0.1490879	-0.24166733
-0.10853883	0.10754514	-0.15180208	0.19814698	-0.2382224	0.07107995	-0.10221585	0.13252194	-0.38359907	0.27099702	-0.120481886	0.10436636	-0.12392723	0.99999917	-0.5284303	0.10333368	-0.11252528	0.22188294	-0.62321246	0.2830826
0.10176016	-0.104568094	0.14461064	-0.20621423	0.25076348	-0.06693704	0.09596085	-0.12483308	0.25902703	-0.6438199	0.112261824	-0.098957054	0.11382319	-0.5284303	0.9999989	-0.09833462	0.10112931	-0.2043877	0.2697713	-0.3726247
-0.29152647	0.17235477	-0.20061864	0.09482832	-0.10779308	0.2117366	-0.2036077	0.17281963	-0.13014264	0.09361956	-0.49292248	0.24162593	-0.21073128	0.10333368	-0.09833462	0.9999988	-0.6804662	0.27882123	-0.14971446	0.19671907
0.19274126	-0.17267266	0.18642722	-0.09459865	0.106005825	-0.14956217	0.20446315	-0.18232286	0.12929377	-0.09662665	0.2589117	-0.38900334	0.21132717	-0.11252528	0.10112931	-0.6804662	0.99999833	-0.46443504	0.16176307	-0.20984806
-0.2962933	0.20709828	-0.28892267	0.16674124	-0.20386262	0.187858	-0.22552218	0.22245327	-0.248956	0.1752711	-0.3476024	0.24408303	-0.27688208	0.22188294	-0.2043877	0.27882123	-0.46443504	0.99999845	-0.44534147	0.2979979
0.14201787	-0.12983692	0.17433375	-0.17674625	0.19689587	-0.093404904	0.12551911	-0.154178	0.2471528	-0.24752368	0.16054489	-0.13592067	0.1490879	-0.62321246	0.2697713	-0.14971446	0.16176307	-0.44534147	0.9999985	-0.47120628
-0.26892698	0.20620942	-0.3199019	0.22999433	-0.3209115	0.16580516	-0.2029184	0.22070588	-0.35526085	0.25907376	-0.29364988	0.1973293	-0.24166733	0.2830826	-0.3726247	0.19671907	-0.20984806	0.2979979	-0.47120628	0.9999985
