1.0	-0.7189453	0.18314187	-0.08766338	0.084311716	-0.48999166	0.3234858	-0.17483573	0.07265762	-0.068537444	0.22799748	-0.23400094	0.14187562	-0.13499169	0.06503104	-0.2028063	0.12791757	-0.15228818	0.117810465	-0.080168396
-0.7189453	1.0	-0.2266918	0.081776984	-0.07519888	0.2839112	-0.5665358	0.17566268	-0.068686396	0.05954175	-0.18220389	0.17100894	-0.12423151	0.10758068	-0.052906252	0.14434023	-0.096920244	0.11981987	-0.09530738	0.063985
0.18314187	-0.2266918	0.99999994	-0.31264308	0.1831516	-0.19241516	0.23162346	-0.6953718	0.19701062	-0.15617207	0.19942208	-0.30226132	0.28349552	-0.2473436	0.12011407	-0.22902349	0.17547601	-0.26448807	0.19742452	-0.1444494
-0.08766338	0.081776984	-0.31264308	1.0000001	-0.4259826	0.08556724	-0.10793519	0.18381807	-0.766846	0.28831974	-0.105392314	0.13396426	-0.13187277	0.14174083	-0.11136685	0.1070907	-0.08320232	0.11764913	-0.124072716	0.117050014
0.084311716	-0.07519888	0.1831516	-0.4259826	1.0000001	-0.08949425	0.104265854	-0.1649143	0.3000351	-0.7590512	0.11605508	-0.16151962	0.1393378	-0.20378344	0.18979634	-0.13178518	0.099226035	-0.14165659	0.15926123	-0.22205466
-0.48999166	0.2839112	-0.19241516	0.08556724	-0.08949425	1.0000001	-0.55264306	0.173906	-0.07559517	0.06887003	-0.53930914	0.23356523	-0.14997259	0.13017097	-0.064442344	0.20861065	-0.13639362	0.15058003	-0.12270005	0.07777538
0.3234858	-0.5665358	0.23162346	-0.10793519	0.104265854	-0.55264306	1.0000002	-0.2926939	0.091554254	-0.08436958	0.2616667	-0.28297046	0.18698919	-0.16648711	0.07978837	-0.23860708	0.15445244	-0.18893556	0.14498056	-0.09762892
-0.17483573	0.17566268	-0.6953718	0.18381807	-0.1649143	0.173906	-0.2926939	1.0000004	-0.17796157	0.12536098	-0.19431905	0.24592745	-0.48679417	0.2057855	-0.10404027	0.18338855	-0.15921715	0.22979584	-0.19059582	0.11709827
0.07265762	-0.068686396	0.19701062	-0.766846	0.3000351	-0.07559517	0.091554254	-0.17796157	1.0000002	-0.48479915	0.092604324	-0.12620755	0.119467035	-0.14715819	0.12139414	-0.10045433	0.07747268	-0.11190733	0.11731248	-0.12989253
-0.068537444	0.05954175	-0.15617207	0.28831974	-0.7590512	0.06887003	-0.08436958	0.12536098	-0.48479915	1.0	-0.092580125	0.115941815	-0.11210374	0.1610558	-0.23313437	0.09483253	-0.074443646	0.105884835	-0.13911462	0.18449838
0.22799748	-0.18220389	0.19942208	-0.105392314	0.11605508	-0.53930914	0.2616667	-0.19431905	0.092604324	-0.092580125	1.0000001	-0.491787	0.22203834	-0.20624484	0.09811144	-0.4726114	0.25561938	-0.2600922	0.19212027	-0.12109489
-0.23400094	0.17100894	-0.30226132	0.13396426	-0.16151962	0.23356523	-0.28297046	0.24592745	-0.12620755	0.115941815	-0.491787	0.9999998	-0.43975094	0.23136479	-0.1196986	0.31118283	-0.44673777	0.30092058	-0.27418584	0.13524428
0.14187562	-0.12423151	0.28349552	-0.13187277	0.1393378	-0.14997259	0.18698919	-0.48679417	0.119467035	-0.11210374	0.22203834	-0.43975094	1.0	-0.3805889	0.14025551	-0.2514004	0.24438696	-0.5147576	0.2733	-0.15967321
-0.13499169	0.10758068	-0.2473436	0.14174083	-0.20378344	0.13017097	-0.16648711	0.2057855	-0.14715819	0.1610558	-0.20624484	0.23136479	-0.3805889	0.9999999	-0.41022715	0.18954895	-0.17620178	0.26600987	-0.64284664	0.2826162
0.06503104	-0.052906252	0.12011407	-0.11136685	0.18979634	-0.064442344	0.07978837	-0.10404027	0.12139414	-0.23313437	0.09811144	-0.1196986	0.14025551	-0.41022715	0.99999994	-0.0991371	0.08539061	-0.13216652	0.24956946	-0.8223314
-0.2028063	0.14434023	-0.22902349	0.1070907	-0.13178518	0.20861065	-0.23860708	0.18338855	-0.10045433	0.09483253	-0.4726114	0.31118283	-0.2514004	0.18954895	-0.0991371	0.99999976	-0.6578269	0.28329697	-0.25327212	0.114633106
0.12791757	-0.096920244	0.17547601	-0.08320232	0.099226035	-0.13639362	0.15445244	-0.15921715	0.07747268	-0.074443646	0.25561938	-0.44673777	0.24438696	-0.17620178	0.08539061	-0.6578269	1.0	-0.5023592	0.21450233	-0.10114142
-0.15228818	0.11981987	-0.26448807	0.11764913	-0.14165659	0.15058003	-0.18893556	0.22979584	-0.11190733	0.105884835	-0.2600922	0.30092058	-0.5147576	0.26600987	-0.13216652	0.28329697	-0.5023592	1.0000001	-0.45751315	0.1522072
0.117810465	-0.09530738	0.19742452	-0.124072716	0.15926123	-0.12270005	0.14498056	-0.19059582	0.11731248	-0.13911462	0.19212027	-0.27418584	0.2733	-0.64284664	0.24956946	-0.25327212	0.21450233	-0.45751315	1.0000001	-0.36667302
-0.080168396	0.063985	-0.1444494	0.117050014	-0.22205466	0.07777538	-0.09762892	0.11709827	-0.12989253	0.18449838	-0.12109489	0.13524428	-0.15967321	0.2826162	-0.8223314	0.114633106	-0.10114142	0.1522072	-0.36667302	1.0000001
