1.0000001	-0.5966327	0.30238017	-0.20606859	0.17219543	-0.48793676	0.29002124	-0.28118455	0.19904354	-0.14240204	0.26432127	-0.20976795	0.14078987	-0.16340162	0.10440857	-0.3880574	0.16809036	-0.14894624	0.12054395	-0.13739593
-0.5966327	1.0000005	-0.6175474	0.18363726	-0.15335256	0.24901831	-0.37154168	0.2534217	-0.17983375	0.11140431	-0.19004337	0.14031205	-0.11131649	0.12641948	-0.08192108	0.23559819	-0.11919684	0.11010011	-0.09164096	0.103115074
0.30238017	-0.6175474	1.0000001	-0.3540755	0.22269556	-0.2549523	0.28305405	-0.40695652	0.2513047	-0.1709327	0.21008779	-0.19026886	0.15778747	-0.18786544	0.12110869	-0.34193498	0.16187294	-0.16174988	0.1324957	-0.1565028
-0.20606859	0.18363726	-0.3540755	1.0000004	-0.666142	0.15481319	-0.20223238	0.23691677	-0.49329382	0.22953959	-0.16027664	0.15376383	-0.16884586	0.19971402	-0.1654273	0.22092627	-0.14548105	0.1598193	-0.14988533	0.17259881
0.17219543	-0.15335256	0.22269556	-0.666142	1.0000005	-0.14772305	0.17019284	-0.21178131	0.2903269	-0.42943096	0.1641983	-0.18470474	0.17582135	-0.22646269	0.22501749	-0.27705204	0.16906978	-0.2115286	0.18648443	-0.2678237
-0.48793676	0.24901831	-0.2549523	0.15481319	-0.14772305	1.0000004	-0.48969328	0.24982096	-0.18581131	0.11301414	-0.57723886	0.20236173	-0.12772025	0.13637394	-0.08688198	0.28942737	-0.16753921	0.12555827	-0.10403961	0.109149314
0.29002124	-0.37154168	0.28305405	-0.20223238	0.17019284	-0.48969328	1.0000001	-0.60909164	0.23982167	-0.14347844	0.25156602	-0.19395821	0.1564488	-0.1788701	0.10457211	-0.29978055	0.1572457	-0.14941871	0.12007738	-0.13493396
-0.28118455	0.2534217	-0.40695652	0.23691677	-0.21178131	0.24982096	-0.60909164	1.0000002	-0.46605283	0.16257416	-0.22921294	0.17676729	-0.22351593	0.21559227	-0.12240026	0.24659814	-0.16167048	0.16286078	-0.13764337	0.14495865
0.19904354	-0.17983375	0.2513047	-0.49329382	0.2903269	-0.18581131	0.23982167	-0.46605283	1.0000001	-0.3059806	0.18560354	-0.20422898	0.24690321	-0.41436163	0.1886647	-0.2687278	0.1827327	-0.22642733	0.18772206	-0.22740412
-0.14240204	0.11140431	-0.1709327	0.22953959	-0.42943096	0.11301414	-0.14347844	0.16257416	-0.3059806	1.0000004	-0.13165173	0.14153948	-0.16378811	0.17883404	-0.69435364	0.17421629	-0.15297881	0.18128817	-0.24256371	0.28515115
0.26432127	-0.19004337	0.21008779	-0.16027664	0.1641983	-0.57723886	0.25156602	-0.22921294	0.18560354	-0.13165173	1.0000006	-0.41371602	0.15680304	-0.16689436	0.10377526	-0.5448857	0.24689418	-0.16647398	0.13196087	-0.13481611
-0.20976795	0.14031205	-0.19026886	0.15376383	-0.18470474	0.20236173	-0.19395821	0.17676729	-0.20422898	0.14153948	-0.41371602	1.000001	-0.27027982	0.20428929	-0.12703289	0.288437	-0.71955246	0.24555756	-0.19776513	0.1582475
0.14078987	-0.11131649	0.15778747	-0.16884586	0.17582135	-0.12772025	0.1564488	-0.22351593	0.24690321	-0.16378811	0.15680304	-0.27027982	1.0000008	-0.73214173	0.14187059	-0.19542159	0.22440493	-0.44270986	0.22982128	-0.19491076
-0.16340162	0.12641948	-0.18786544	0.19971402	-0.22646269	0.13637394	-0.1788701	0.21559227	-0.41436163	0.17883404	-0.16689436	0.20428929	-0.73214173	1.0000007	-0.16990101	0.19559886	-0.2162655	0.2652969	-0.25325096	0.18729627
0.10440857	-0.08192108	0.12110869	-0.1654273	0.22501749	-0.08688198	0.10457211	-0.12240026	0.1886647	-0.69435364	0.10377526	-0.12703289	0.14187059	-0.16990101	1.0000005	-0.14801708	0.13081346	-0.19497217	0.23265716	-0.5619801
-0.3880574	0.23559819	-0.34193498	0.22092627	-0.27705204	0.28942737	-0.29978055	0.24659814	-0.2687278	0.17421629	-0.5448857	0.288437	-0.19542159	0.19559886	-0.14801708	1.0000002	-0.37668264	0.20500635	-0.18599774	0.17074993
0.16809036	-0.11919684	0.16187294	-0.14548105	0.16906978	-0.16753921	0.1572457	-0.16167048	0.1827327	-0.15297881	0.24689418	-0.71955246	0.22440493	-0.2162655	0.13081346	-0.37668264	1.0000001	-0.40319672	0.2116086	-0.19016834
-0.14894624	0.11010011	-0.16174988	0.1598193	-0.2115286	0.12555827	-0.14941871	0.16286078	-0.22642733	0.18128817	-0.16647398	0.24555756	-0.44270986	0.2652969	-0.19497217	0.20500635	-0.40319672	1.0000004	-0.6076588	0.25759512
0.12054395	-0.09164096	0.1324957	-0.14988533	0.18648443	-0.10403961	0.12007738	-0.13764337	0.18772206	-0.24256371	0.13196087	-0.19776513	0.22982128	-0.25325096	0.23265716	-0.18599774	0.2116086	-0.6076588	1.0000004	-0.58292556
-0.13739593	0.103115074	-0.1565028	0.17259881	-0.2678237	0.109149314	-0.13493396	0.14495865	-0.22740412	0.28515115	-0.13481611	0.1582475	-0.19491076	0.18729627	-0.5619801	0.17074993	-0.19016834	0.25759512	-0.58292556	1.0000004
