1.0000001	-0.41866937	0.25090665	-0.18322617	0.15216824	-0.32789248	0.29203913	-0.34328058	0.19928451	-0.14036004	0.22457753	-0.5125447	0.2965782	-0.12679563	0.11441502	-0.22799027	0.23425674	-0.49601734	0.10408849	-0.09153818
-0.41866937	1.0000002	-0.5854965	0.23507608	-0.19873224	0.20580114	-0.5129254	0.2760194	-0.24696252	0.15447892	-0.15852861	0.25895974	-0.20257372	0.11783509	-0.11406224	0.12639165	-0.14683132	0.22587228	-0.09914338	0.08349076
0.25090665	-0.5854965	1.0000001	-0.54112774	0.22995657	-0.18514504	0.254491	-0.29485413	0.26150706	-0.20728812	0.13294406	-0.26709276	0.19121163	-0.13771658	0.123819105	-0.12069294	0.13288246	-0.24681768	0.1052562	-0.0967434
-0.18322617	0.23507608	-0.54112774	1.0	-0.51344824	0.11530439	-0.16778632	0.19639905	-0.511447	0.28777516	-0.08755588	0.16734739	-0.13645893	0.16123287	-0.15591489	0.07779125	-0.08871453	0.15988317	-0.1255095	0.11037995
0.15216824	-0.19873224	0.22995657	-0.51344824	0.99999994	-0.10768194	0.1382425	-0.18403043	0.31141096	-0.7073499	0.08005316	-0.16338876	0.12634419	-0.17592944	0.17685902	-0.07406675	0.08273422	-0.15956573	0.12447272	-0.13804808
-0.32789248	0.20580114	-0.18514504	0.11530439	-0.10768194	1.0	-0.3814116	0.22037227	-0.14338769	0.090375595	-0.70481855	0.27314782	-0.20110962	0.079229824	-0.07621504	0.26525146	-0.32265493	0.21292683	-0.0685599	0.056467637
0.29203913	-0.5129254	0.254491	-0.16778632	0.1382425	-0.3814116	0.9999998	-0.5572872	0.19237429	-0.12393686	0.2145305	-0.3729236	0.2527428	-0.10189485	0.09386851	-0.16191873	0.18007988	-0.25097942	0.083403364	-0.070707776
-0.34328058	0.2760194	-0.29485413	0.19639905	-0.18403043	0.22037227	-0.5572872	0.9999997	-0.3200775	0.16266003	-0.18474592	0.29763734	-0.5047517	0.13832544	-0.12854709	0.14390454	-0.18122965	0.28509036	-0.114946276	0.09334253
0.19928451	-0.24696252	0.26150706	-0.511447	0.31141096	-0.14338769	0.19237429	-0.3200775	0.99999964	-0.51865757	0.10719056	-0.21719576	0.18153957	-0.3227388	0.21723087	-0.09812425	0.11063977	-0.21473269	0.1809325	-0.1687861
-0.14036004	0.15447892	-0.20728812	0.28777516	-0.7073499	0.090375595	-0.12393686	0.16266003	-0.51865757	0.9999997	-0.06912535	0.13504988	-0.11576437	0.20013803	-0.27553508	0.062425654	-0.07152279	0.13285825	-0.15285648	0.15663545
0.22457753	-0.15852861	0.13294406	-0.08755588	0.08005316	-0.70481855	0.2145305	-0.18474592	0.10719056	-0.06912535	0.99999964	-0.32067913	0.16863608	-0.06173525	0.05825708	-0.4940348	0.2851288	-0.19907477	0.0527649	-0.043784067
-0.5125447	0.25895974	-0.26709276	0.16734739	-0.16338876	0.27314782	-0.3729236	0.29763734	-0.21719576	0.13504988	-0.32067913	0.99999976	-0.46858668	0.12523086	-0.12103956	0.22822298	-0.33857816	0.31804225	-0.11006948	0.088460624
0.2965782	-0.20257372	0.19121163	-0.13645893	0.12634419	-0.20110962	0.2527428	-0.5047517	0.18153957	-0.11576437	0.16863608	-0.46858668	0.9999997	-0.13032871	0.106579356	-0.15901905	0.19786748	-0.622744	0.10049846	-0.080660656
-0.12679563	0.11783509	-0.13771658	0.16123287	-0.17592944	0.079229824	-0.10189485	0.13832544	-0.3227388	0.20013803	-0.06173525	0.12523086	-0.13032871	0.9999999	-0.57310337	0.05700114	-0.06645249	0.13322492	-0.63636386	0.32084122
0.11441502	-0.11406224	0.123819105	-0.15591489	0.17685902	-0.07621504	0.09386851	-0.12854709	0.21723087	-0.27553508	0.05825708	-0.12103956	0.106579356	-0.57310337	0.9999997	-0.054685682	0.062375378	-0.1272134	0.32553834	-0.65262604
-0.22799027	0.12639165	-0.12069294	0.07779125	-0.07406675	0.26525146	-0.16191873	0.14390454	-0.09812425	0.062425654	-0.4940348	0.22822298	-0.15901905	0.05700114	-0.054685682	0.9999998	-0.7593789	0.19804682	-0.04986835	0.04074433
0.23425674	-0.14683132	0.13288246	-0.08871453	0.08273422	-0.32265493	0.18007988	-0.18122965	0.11063977	-0.07152279	0.2851288	-0.33857816	0.19786748	-0.06645249	0.062375378	-0.7593789	0.9999998	-0.32072708	0.05736893	-0.047243543
-0.49601734	0.22587228	-0.24681768	0.15988317	-0.15956573	0.21292683	-0.25097942	0.28509036	-0.21473269	0.13285825	-0.19907477	0.31804225	-0.622744	0.13322492	-0.1272134	0.19804682	-0.32072708	0.99999964	-0.12242717	0.09435483
0.10408849	-0.09914338	0.1052562	-0.1255095	0.12447272	-0.0685599	0.083403364	-0.114946276	0.1809325	-0.15285648	0.0527649	-0.11006948	0.10049846	-0.63636386	0.32553834	-0.04986835	0.05736893	-0.12242717	0.99999964	-0.6545791
-0.09153818	0.08349076	-0.0967434	0.11037995	-0.13804808	0.056467637	-0.070707776	0.09334253	-0.1687861	0.15663545	-0.043784067	0.088460624	-0.080660656	0.32084122	-0.65262604	0.04074433	-0.047243543	0.09435483	-0.6545791	0.99999964
