1.0000002	-0.32811657	0.11121341	-0.0845624	0.12235816	-0.8784576	0.19185068	-0.117285654	0.08991699	-0.052045602	0.15311411	-0.08288796	0.1055058	-0.06551071	0.049496923	-0.17552228	0.076368436	-0.10024089	0.045573756	-0.060768552
-0.32811657	1.0000004	-0.27952972	0.18143563	-0.2536035	0.22899829	-0.7408512	0.2680532	-0.2071251	0.10843688	-0.081460804	0.13685708	-0.23838158	0.13495551	-0.10415634	0.08732821	-0.12924315	0.18871874	-0.093836345	0.12152046
0.11121341	-0.27952972	1.0000004	-0.76144123	0.29711297	-0.13210817	0.20277442	-0.309365	0.23383676	-0.14867897	0.05865107	-0.14269498	0.21244274	-0.19476084	0.13187933	-0.067428805	0.12253424	-0.27608004	0.12895311	-0.18731044
-0.0845624	0.18143563	-0.76144123	0.99999994	-0.48037356	0.095651306	-0.16409424	0.2148841	-0.2776599	0.151091	-0.04578188	0.1133097	-0.18868363	0.17811787	-0.14012256	0.051747	-0.10227137	0.21371955	-0.121277995	0.16631266
0.12235816	-0.2536035	0.29711297	-0.48037356	1.0000001	-0.1529204	0.19951878	-0.28220814	0.28531027	-0.29662716	0.076355405	-0.20054817	0.25939924	-0.30961424	0.22305156	-0.08904271	0.17149256	-0.44179857	0.20941798	-0.33728066
-0.8784576	0.22899829	-0.13210817	0.095651306	-0.1529204	1.0000001	-0.22338352	0.12599461	-0.10567129	0.06026345	-0.21065049	0.09074079	-0.12357384	0.0741343	-0.058207065	0.16983348	-0.08751396	0.11045824	-0.052251477	0.06866324
0.19185068	-0.7408512	0.20277442	-0.16409424	0.19951878	-0.22338352	1.0000001	-0.46518794	0.19523792	-0.106159255	0.07593837	-0.15931445	0.22763062	-0.13976909	0.09661314	-0.08565011	0.12933272	-0.20353961	0.09202621	-0.12297349
-0.117285654	0.2680532	-0.309365	0.2148841	-0.28220814	0.12599461	-0.46518794	1.0000001	-0.4408558	0.15958154	-0.060778193	0.17086647	-0.5381074	0.20902254	-0.14858179	0.06664125	-0.15392888	0.26810986	-0.13776568	0.17091104
0.08991699	-0.2071251	0.23383676	-0.2776599	0.28531027	-0.10567129	0.19523792	-0.4408558	1.0	-0.37474158	0.050803177	-0.13829008	0.24457173	-0.5344175	0.25972337	-0.05740626	0.12178037	-0.2618575	0.24178195	-0.32493758
-0.052045602	0.10843688	-0.14867897	0.151091	-0.29662716	0.06026345	-0.106159255	0.15958154	-0.37474158	1.0000001	-0.030651825	0.08185454	-0.1455438	0.23932415	-0.8140729	0.03450439	-0.075392	0.15819642	-0.17269629	0.22335692
0.15311411	-0.081460804	0.05865107	-0.04578188	0.076355405	-0.21065049	0.07593837	-0.060778193	0.050803177	-0.030651825	1.0000001	-0.13497633	0.07587254	-0.039052684	0.029609596	-0.94509965	0.11767489	-0.08097611	0.028368337	-0.036959663
-0.08288796	0.13685708	-0.14269498	0.1133097	-0.20054817	0.09074079	-0.15931445	0.17086647	-0.13829008	0.08185454	-0.13497633	1.0000001	-0.34193084	0.10771087	-0.08004625	0.12534283	-0.84123963	0.27600938	-0.0810255	0.10026248
0.1055058	-0.23838158	0.21244274	-0.18868363	0.25939924	-0.12357384	0.22763062	-0.5381074	0.24457173	-0.1455438	0.07587254	-0.34193084	1.0000002	-0.21971427	0.13432331	-0.083869345	0.24233948	-0.5823193	0.14691614	-0.18687783
-0.06551071	0.13495551	-0.19476084	0.17811787	-0.30961424	0.0741343	-0.13976909	0.20902254	-0.5344175	0.23932415	-0.039052684	0.10771087	-0.21971427	1.0000004	-0.3263013	0.043382123	-0.10341366	0.20472038	-0.5767714	0.3179577
0.049496923	-0.10415634	0.13187933	-0.14012256	0.22305156	-0.058207065	0.09661314	-0.14858179	0.25972337	-0.8140729	0.029609596	-0.08004625	0.13432331	-0.3263013	1.0000002	-0.033496387	0.073126204	-0.16110253	0.20139247	-0.33312902
-0.17552228	0.08732821	-0.067428805	0.051747	-0.08904271	0.16983348	-0.08565011	0.06664125	-0.05740626	0.03450439	-0.94509965	0.12534283	-0.083869345	0.043382123	-0.033496387	1.0	-0.13723771	0.08655491	-0.03158791	0.041007034
0.076368436	-0.12924315	0.12253424	-0.10227137	0.17149256	-0.08751396	0.12933272	-0.15392888	0.12178037	-0.075392	0.11767489	-0.84123963	0.24233948	-0.10341366	0.073126204	-0.13723771	0.9999997	-0.4052951	0.0804504	-0.099563554
-0.10024089	0.18871874	-0.27608004	0.21371955	-0.44179857	0.11045824	-0.20353961	0.26810986	-0.2618575	0.15819642	-0.08097611	0.27600938	-0.5823193	0.20472038	-0.16110253	0.08655491	-0.4052951	0.9999998	-0.19037732	0.19709975
0.045573756	-0.093836345	0.12895311	-0.121277995	0.20941798	-0.052251477	0.09202621	-0.13776568	0.24178195	-0.17269629	0.028368337	-0.0810255	0.14691614	-0.5767714	0.20139247	-0.03158791	0.0804504	-0.19037732	0.99999994	-0.7172904
-0.060768552	0.12152046	-0.18731044	0.16631266	-0.33728066	0.06866324	-0.12297349	0.17091104	-0.32493758	0.22335692	-0.036959663	0.10026248	-0.18687783	0.3179577	-0.33312902	0.041007034	-0.099563554	0.19709975	-0.7172904	0.99999994
