1.0	-0.36909896	0.23883055	-0.08253069	0.07950646	-0.870961	0.12995964	-0.09025193	0.06619751	-0.07621442	0.063511014	-0.111421086	0.08024156	-0.0628794	0.054121993	-0.08537505	0.0704002	-0.050229877	0.05495458	-0.03876035
-0.36909896	1.0000001	-0.8372796	0.15368281	-0.15749693	0.2513927	-0.10985565	0.14644873	-0.11041137	0.11355506	-0.053566888	0.08731191	-0.13425556	0.09642567	-0.08529946	0.067344315	-0.10582269	0.07359529	-0.08552189	0.05885274
0.23883055	-0.8372796	0.99999994	-0.2180277	0.16314198	-0.30712435	0.11384761	-0.20230447	0.12221291	-0.13148808	0.059952047	-0.099971995	0.14411278	-0.11002601	0.08834183	-0.07890948	0.10726507	-0.078730725	0.088834	-0.06267568
-0.08253069	0.15368281	-0.2180277	0.99999976	-0.86854845	0.09844853	-0.07492781	0.13561703	-0.24208213	0.24505053	-0.042550676	0.06407131	-0.12721398	0.15894666	-0.15536918	0.05239548	-0.15836336	0.10528888	-0.14352876	0.09964256
0.07950646	-0.15749693	0.16314198	-0.86854845	0.99999976	-0.102886565	0.06970293	-0.12976184	0.19415557	-0.3466696	0.04021945	-0.06131212	0.11463273	-0.15457186	0.13850574	-0.050823446	0.13474521	-0.09467337	0.1247728	-0.09263782
-0.870961	0.2513927	-0.30712435	0.09844853	-0.102886565	0.9999994	-0.18209104	0.106360935	-0.082299	0.09117941	-0.074328825	0.12372631	-0.10082749	0.076559894	-0.069302455	0.09206053	-0.09094651	0.06261523	-0.07023043	0.048655156
0.12995964	-0.10985565	0.11384761	-0.07492781	0.06970293	-0.18209104	0.99999917	-0.1908873	0.1038103	-0.11840479	0.26360884	-0.8167085	0.16455005	-0.113064304	0.080089204	-0.3707819	0.12427454	-0.09702942	0.087259576	-0.06334982
-0.09025193	0.14644873	-0.20230447	0.13561703	-0.12976184	0.106360935	-0.1908873	0.99999887	-0.37819013	0.21867293	-0.08649947	0.1547588	-0.7725173	0.28184503	-0.17674829	0.098780915	-0.23299998	0.1845166	-0.19536296	0.12852481
0.06619751	-0.11041137	0.12221291	-0.24208213	0.19415557	-0.082299	0.1038103	-0.37819013	0.99999875	-0.49574575	0.05762128	-0.09427652	0.2697263	-0.651023	0.21932134	-0.070286825	0.20346786	-0.16881023	0.22189818	-0.16528453
-0.07621442	0.11355506	-0.13148808	0.24505053	-0.3466696	0.09117941	-0.11840479	0.21867293	-0.49574575	0.99999887	-0.06929634	0.100648895	-0.22546445	0.29433817	-0.44792628	0.08229441	-0.36262664	0.22877933	-0.34368792	0.24300744
0.063511014	-0.053566888	0.059952047	-0.042550676	0.04021945	-0.074328825	0.26360884	-0.08649947	0.05762128	-0.06929634	0.9999987	-0.40580705	0.087693684	-0.063032836	0.04913814	-0.86442345	0.083353	-0.060642418	0.0537789	-0.038726263
-0.111421086	0.08731191	-0.099971995	0.06407131	-0.06131212	0.12372631	-0.8167085	0.1547588	-0.09427652	0.100648895	-0.40580705	0.9999987	-0.18302986	0.10189928	-0.074136466	0.27538714	-0.12799175	0.09127372	-0.082231306	0.057811238
0.08024156	-0.13425556	0.14411278	-0.12721398	0.11463273	-0.10082749	0.16455005	-0.7725173	0.2697263	-0.22546445	0.087693684	-0.18302986	0.99999875	-0.41328332	0.1631171	-0.103479534	0.2098376	-0.23285408	0.19058883	-0.13157311
-0.0628794	0.09642567	-0.11002601	0.15894666	-0.15457186	0.076559894	-0.113064304	0.28184503	-0.651023	0.29433817	-0.063032836	0.10189928	-0.41328332	0.9999987	-0.3072352	0.07396299	-0.25953192	0.20968565	-0.3668409	0.20782742
0.054121993	-0.08529946	0.08834183	-0.15536918	0.13850574	-0.069302455	0.080089204	-0.17674829	0.21932134	-0.44792628	0.04913814	-0.074136466	0.1631171	-0.3072352	0.99999875	-0.06229843	0.21211544	-0.21905471	0.3015292	-0.70890766
-0.08537505	0.067344315	-0.07890948	0.05239548	-0.050823446	0.09206053	-0.3707819	0.098780915	-0.070286825	0.08229441	-0.86442345	0.27538714	-0.103479534	0.07396299	-0.06229843	0.9999986	-0.108308226	0.072554916	-0.067754775	0.04766245
0.0704002	-0.10582269	0.10726507	-0.15836336	0.13474521	-0.09094651	0.12427454	-0.23299998	0.20346786	-0.36262664	0.083353	-0.12799175	0.2098376	-0.25953192	0.21211544	-0.108308226	0.99999833	-0.75053865	0.28818864	-0.23651564
-0.050229877	0.07359529	-0.078730725	0.10528888	-0.09467337	0.06261523	-0.09702942	0.1845166	-0.16881023	0.22877933	-0.060642418	0.09127372	-0.23285408	0.20968565	-0.21905471	0.072554916	-0.75053865	0.99999857	-0.48941845	0.21367411
0.05495458	-0.08552189	0.088834	-0.14352876	0.1247728	-0.07023043	0.087259576	-0.19536296	0.22189818	-0.34368792	0.0537789	-0.082231306	0.19058883	-0.3668409	0.3015292	-0.067754775	0.28818864	-0.48941845	0.99999857	-0.5672252
-0.03876035	0.05885274	-0.06267568	0.09964256	-0.09263782	0.048655156	-0.06334982	0.12852481	-0.16528453	0.24300744	-0.038726263	0.057811238	-0.13157311	0.20782742	-0.70890766	0.04766245	-0.23651564	0.21367411	-0.5672252	0.99999857
