1.0000001	-0.25778753	0.19290514	-0.14676829	0.11026852	-0.5665012	0.2149243	-0.16339767	0.13432209	-0.1694663	0.3112397	-0.12799314	0.16860902	-0.14067458	0.11127284	-0.62465614	0.13625613	-0.16228662	0.10943118	-0.12969464
-0.25778753	1.0000002	-0.819006	0.18812613	-0.14862593	0.13555934	-0.37171504	0.2103561	-0.15002109	0.16026106	-0.09975694	0.095385596	-0.17640726	0.13274202	-0.10353232	0.16417868	-0.102461495	0.12938024	-0.09602841	0.109353915
0.19290514	-0.819006	1.0	-0.28666568	0.17111707	-0.13172369	0.25901252	-0.24537215	0.16835713	-0.20275924	0.09710749	-0.10264996	0.17738584	-0.15676408	0.119922526	-0.17268494	0.10707035	-0.15434372	0.11081595	-0.13172309
-0.14676829	0.18812613	-0.28666568	1.0000002	-0.7286821	0.08898209	-0.22898608	0.17943262	-0.37874237	0.30988637	-0.07326849	0.106034905	-0.21275881	0.21229517	-0.18604793	0.112684235	-0.1265951	0.16010883	-0.14614925	0.1571154
0.11026852	-0.14862593	0.17111707	-0.7286821	1.0000002	-0.069788754	0.16539587	-0.14032012	0.24751791	-0.5547119	0.0573478	-0.08450507	0.15968134	-0.18701008	0.17626975	-0.091058075	0.098358855	-0.14634763	0.12596181	-0.16086689
-0.5665012	0.13555934	-0.13172369	0.08898209	-0.069788754	1.0	-0.20563982	0.12529911	-0.09015302	0.10140886	-0.7051959	0.10802852	-0.13337904	0.09088392	-0.07067198	0.32873797	-0.11439614	0.100520134	-0.070698075	0.07873004
0.2149243	-0.37171504	0.25901252	-0.22898608	0.16539587	-0.20563982	1.0000001	-0.6480129	0.23044644	-0.26949367	0.14127867	-0.17843617	0.29165524	-0.23968956	0.1684671	-0.21765503	0.16709186	-0.24676852	0.16650432	-0.19837722
-0.16339767	0.2103561	-0.24537215	0.17943262	-0.14032012	0.12529911	-0.6480129	0.99999976	-0.29024887	0.20595236	-0.1018172	0.18024883	-0.554548	0.22587982	-0.14520016	0.14575632	-0.18493113	0.19285265	-0.14631063	0.15438357
0.13432209	-0.15002109	0.16835713	-0.37874237	0.24751791	-0.09015302	0.23044644	-0.29024887	0.99999976	-0.4474419	0.07525974	-0.1330815	0.25742462	-0.62719023	0.23787834	-0.11718986	0.14681417	-0.25612992	0.22696546	-0.23478419
-0.1694663	0.16026106	-0.20275924	0.30988637	-0.5547119	0.10140886	-0.26949367	0.20595236	-0.4474419	0.99999964	-0.085742176	0.13295232	-0.26861483	0.26602334	-0.38670865	0.12759918	-0.16313599	0.20557298	-0.20222004	0.24064092
0.3112397	-0.09975694	0.09710749	-0.07326849	0.0573478	-0.7051959	0.14127867	-0.1018172	0.07525974	-0.085742176	0.99999934	-0.12689273	0.11467916	-0.078364395	0.06074356	-0.60797155	0.117563926	-0.090261035	0.06236667	-0.06831284
-0.12799314	0.095385596	-0.10264996	0.106034905	-0.08450507	0.10802852	-0.17843617	0.18024883	-0.1330815	0.13295232	-0.12689273	0.9999995	-0.40328053	0.15461333	-0.11157711	0.14163364	-0.8312145	0.19794135	-0.13893585	0.12173123
0.16860902	-0.17640726	0.17738584	-0.21275881	0.15968134	-0.13337904	0.29165524	-0.554548	0.25742462	-0.26861483	0.11467916	-0.40328053	0.9999994	-0.36853352	0.19411124	-0.1799681	0.26256734	-0.31085998	0.2093284	-0.22708942
-0.14067458	0.13274202	-0.15676408	0.21229517	-0.18701008	0.09088392	-0.23968956	0.22587982	-0.62719023	0.26602334	-0.078364395	0.15461333	-0.36853352	0.99999934	-0.34026778	0.11640756	-0.18250526	0.27505094	-0.41090915	0.2580154
0.11127284	-0.10353232	0.119922526	-0.18604793	0.17626975	-0.07067198	0.1684671	-0.14520016	0.23787834	-0.38670865	0.06074356	-0.11157711	0.19411124	-0.34026778	0.9999994	-0.09290851	0.13047485	-0.27654138	0.26317412	-0.7488555
-0.62465614	0.16417868	-0.17268494	0.112684235	-0.091058075	0.32873797	-0.21765503	0.14575632	-0.11718986	0.12759918	-0.60797155	0.14163364	-0.1799681	0.11640756	-0.09290851	0.99999946	-0.16982193	0.1292711	-0.09306879	0.10071759
0.13625613	-0.102461495	0.10707035	-0.1265951	0.098358855	-0.11439614	0.16709186	-0.18493113	0.14681417	-0.16313599	0.117563926	-0.8312145	0.26256734	-0.18250526	0.13047485	-0.16982193	0.9999995	-0.30257648	0.1659033	-0.15446013
-0.16228662	0.12938024	-0.15434372	0.16010883	-0.14634763	0.100520134	-0.24676852	0.19285265	-0.25612992	0.20557298	-0.090261035	0.19794135	-0.31085998	0.27505094	-0.27654138	0.1292711	-0.30257648	0.99999946	-0.7070938	0.26251352
0.10943118	-0.09602841	0.11081595	-0.14614925	0.12596181	-0.070698075	0.16650432	-0.14631063	0.22696546	-0.20222004	0.06236667	-0.13893585	0.2093284	-0.41090915	0.26317412	-0.09306879	0.1659033	-0.7070938	0.9999995	-0.42903507
-0.12969464	0.109353915	-0.13172309	0.1571154	-0.16086689	0.07873004	-0.19837722	0.15438357	-0.23478419	0.24064092	-0.06831284	0.12173123	-0.22708942	0.2580154	-0.7488555	0.10071759	-0.15446013	0.26251352	-0.42903507	0.9999995
