1.0	-0.5220563	0.09760526	-0.10065456	0.11339039	-0.66804856	0.31162927	-0.122643575	0.075749405	-0.05437177	0.27552536	-0.32877967	0.089567706	-0.082724564	0.06525682	-0.25121218	0.20725474	-0.08974089	0.05103327	-0.06677797
-0.5220563	0.9999999	-0.14716633	0.11783608	-0.14112571	0.29186887	-0.7155697	0.14552547	-0.0845358	0.060185336	-0.2394167	0.2607228	-0.085998245	0.08295796	-0.072104484	0.17485692	-0.2212334	0.08195854	-0.048736755	0.062033433
0.09760526	-0.14716633	1.0	-0.6655723	0.29984993	-0.07266239	0.11284641	-0.6296721	0.171179	-0.12025457	0.068600975	-0.0910459	0.09568009	-0.14357705	0.12706214	-0.06053093	0.07602271	-0.09768407	0.06214347	-0.082823336
-0.10065456	0.11783608	-0.6655723	0.9999996	-0.60025305	0.07249859	-0.10306356	0.3177876	-0.20039062	0.15788467	-0.07365387	0.09590877	-0.10989822	0.15763383	-0.17923945	0.06667568	-0.08623544	0.10998873	-0.07483149	0.097580455
0.11339039	-0.14112571	0.29984993	-0.60025305	0.9999999	-0.091880634	0.12002805	-0.5032692	0.26026574	-0.30018863	0.09465073	-0.1372564	0.17453574	-0.28368738	0.23730567	-0.09294661	0.11226669	-0.20481163	0.1285584	-0.18542942
-0.66804856	0.29186887	-0.07266239	0.07249859	-0.091880634	0.9999997	-0.42131865	0.09281396	-0.06074182	0.043163806	-0.48769984	0.27629328	-0.07415986	0.06488224	-0.05259098	0.22300737	-0.2179568	0.071307965	-0.040684912	0.051911008
0.31162927	-0.7155697	0.11284641	-0.10306356	0.12002805	-0.42131865	0.9999995	-0.1494532	0.07938943	-0.055497482	0.24252209	-0.4129685	0.09039141	-0.08186059	0.06616383	-0.1874167	0.20347351	-0.08577638	0.04835436	-0.06187114
-0.122643575	0.14552547	-0.6296721	0.3177876	-0.5032692	0.09281396	-0.1494532	0.99999934	-0.36032343	0.1967407	-0.092702724	0.12197337	-0.15606786	0.21598135	-0.22146387	0.08203112	-0.10660532	0.14340016	-0.095950685	0.12190112
0.075749405	-0.0845358	0.171179	-0.20039062	0.26026574	-0.06074182	0.07938943	-0.36032343	0.9999996	-0.49156427	0.06892083	-0.103020586	0.22160129	-0.6190354	0.3073567	-0.065466285	0.08567657	-0.23469451	0.1395703	-0.18993422
-0.05437177	0.060185336	-0.12025457	0.15788467	-0.30018863	0.043163806	-0.055497482	0.1967407	-0.49156427	0.9999994	-0.04885056	0.071252264	-0.14445026	0.27291557	-0.75304055	0.046564296	-0.060912117	0.1462468	-0.11003978	0.1442188
0.27552536	-0.2394167	0.068600975	-0.07365387	0.09465073	-0.48769984	0.24252209	-0.092702724	0.06892083	-0.04885056	0.9999992	-0.53608066	0.10106479	-0.08043655	0.06036183	-0.5450242	0.30467796	-0.09774406	0.052608594	-0.06732149
-0.32877967	0.2607228	-0.0910459	0.09590877	-0.1372564	0.27629328	-0.4129685	0.12197337	-0.103020586	0.071252264	-0.53608066	0.9999993	-0.18801671	0.11802299	-0.09042069	0.30299744	-0.52003956	0.14382645	-0.07859155	0.09522535
0.089567706	-0.085998245	0.09568009	-0.10989822	0.17453574	-0.07415986	0.09039141	-0.15606786	0.22160129	-0.14445026	0.10106479	-0.18801671	0.99999934	-0.45597327	0.18655011	-0.09070211	0.12759085	-0.7308093	0.23040478	-0.2813087
-0.082724564	0.08295796	-0.14357705	0.15763383	-0.28368738	0.06488224	-0.08186059	0.21598135	-0.6190354	0.27291557	-0.08043655	0.11802299	-0.45597327	0.99999946	-0.4062772	0.07294616	-0.102005556	0.25812924	-0.1787001	0.19081071
0.06525682	-0.072104484	0.12706214	-0.17923945	0.23730567	-0.05259098	0.06616383	-0.22146387	0.3073567	-0.75304055	0.06036183	-0.09042069	0.18655011	-0.4062772	0.99999934	-0.058610458	0.07603562	-0.21288872	0.15163854	-0.23109251
-0.25121218	0.17485692	-0.06053093	0.06667568	-0.09294661	0.22300737	-0.1874167	0.08203112	-0.065466285	0.046564296	-0.5450242	0.30299744	-0.09070211	0.07294616	-0.058610458	0.9999999	-0.71893877	0.09005278	-0.050258562	0.061977334
0.20725474	-0.2212334	0.07602271	-0.08623544	0.11226669	-0.2179568	0.20347351	-0.10660532	0.08567657	-0.060912117	0.30467796	-0.52003956	0.12759085	-0.102005556	0.07603562	-0.71893877	0.9999998	-0.13940027	0.07183615	-0.09150543
-0.08974089	0.08195854	-0.09768407	0.10998873	-0.20481163	0.071307965	-0.08577638	0.14340016	-0.23469451	0.1462468	-0.09774406	0.14382645	-0.7308093	0.25812924	-0.21288872	0.09005278	-0.13940027	0.99999964	-0.42106026	0.26970062
0.05103327	-0.048736755	0.06214347	-0.07483149	0.1285584	-0.040684912	0.04835436	-0.095950685	0.1395703	-0.11003978	0.052608594	-0.07859155	0.23040478	-0.1787001	0.15163854	-0.050258562	0.07183615	-0.42106026	0.99999964	-0.83729285
-0.06677797	0.062033433	-0.082823336	0.097580455	-0.18542942	0.051911008	-0.06187114	0.12190112	-0.18993422	0.1442188	-0.06732149	0.09522535	-0.2813087	0.19081071	-0.23109251	0.061977334	-0.09150543	0.26970062	-0.83729285	0.99999964
