0.99999994	-0.43100747	0.2399923	-0.14962289	0.14982976	-0.6271665	0.2971298	-0.27862996	0.114813074	-0.12958947	0.3103004	-0.26828712	0.18192555	-0.080304414	0.092244424	-0.45272776	0.18984446	-0.1523672	0.04382806	-0.050205104
-0.43100747	0.9999999	-0.57205844	0.18512104	-0.19525476	0.26126122	-0.53668416	0.30011985	-0.13139567	0.13330552	-0.24059004	0.23592995	-0.19106643	0.08245563	-0.097218156	0.23910746	-0.18778376	0.14090633	-0.04424066	0.04909292
0.2399923	-0.57205844	0.99999964	-0.3692244	0.24379028	-0.20473418	0.2820785	-0.54516745	0.18619142	-0.193377	0.19581586	-0.22577573	0.19841038	-0.11302446	0.12368519	-0.25223407	0.17001653	-0.15770864	0.057709884	-0.06438592
-0.14962289	0.18512104	-0.3692244	0.99999976	-0.75490355	0.11436731	-0.15035075	0.22606774	-0.37498942	0.2799347	-0.13018607	0.12692378	-0.12472004	0.16149804	-0.18962026	0.16002278	-0.107834175	0.09320438	-0.08080185	0.08511415
0.14982976	-0.19525476	0.24379028	-0.75490355	0.9999994	-0.123720735	0.15144683	-0.25105253	0.2783059	-0.43160385	0.13940045	-0.14329475	0.13107572	-0.17158738	0.17999238	-0.20227924	0.11630015	-0.10496559	0.08337452	-0.0948533
-0.6271665	0.26126122	-0.20473418	0.11436731	-0.123720735	0.9999996	-0.42859855	0.220796	-0.091578566	0.098451935	-0.53836745	0.23905043	-0.16311873	0.0621442	-0.07322487	0.29636768	-0.1738701	0.12753622	-0.034201447	0.03860652
0.2971298	-0.53668416	0.2820785	-0.15035075	0.15144683	-0.42859855	0.9999995	-0.43908113	0.12462459	-0.12972143	0.26278093	-0.436436	0.21254243	-0.07955493	0.089998044	-0.26293746	0.21901497	-0.17122991	0.042693913	-0.047715224
-0.27862996	0.30011985	-0.54516745	0.22606774	-0.25105253	0.220796	-0.43908113	0.9999996	-0.25950366	0.20150246	-0.2434034	0.2580036	-0.38970292	0.12843098	-0.1490213	0.24579507	-0.2418897	0.21180362	-0.06755666	0.07248988
0.114813074	-0.13139567	0.18619142	-0.37498942	0.2783059	-0.091578566	0.12462459	-0.25950366	0.9999995	-0.7072574	0.104832925	-0.10589753	0.11338508	-0.40120912	0.27533507	-0.12773977	0.092357576	-0.08291963	0.13358207	-0.14093667
-0.12958947	0.13330552	-0.193377	0.2799347	-0.43160385	0.098451935	-0.12972143	0.20150246	-0.7072574	0.99999976	-0.1192763	0.11183673	-0.12097134	0.26158568	-0.37841937	0.13885143	-0.10165271	0.086295195	-0.13219784	0.13230342
0.3103004	-0.24059004	0.19581586	-0.13018607	0.13940045	-0.53836745	0.26278093	-0.2434034	0.104832925	-0.1192763	0.99999976	-0.37915692	0.1992107	-0.07602294	0.089008786	-0.6234762	0.22693536	-0.17147484	0.042526707	-0.04885781
-0.26828712	0.23592995	-0.22577573	0.12692378	-0.14329475	0.23905043	-0.436436	0.2580036	-0.10589753	0.11183673	-0.37915692	0.99999946	-0.37227142	0.0727338	-0.08658168	0.28691995	-0.5877546	0.26939464	-0.042346302	0.0470098
0.18192555	-0.19106643	0.19841038	-0.12472004	0.13107572	-0.16311873	0.21254243	-0.38970292	0.11338508	-0.12097134	0.1992107	-0.37227142	0.99999934	-0.0793479	0.08820646	-0.28703168	0.3097673	-0.70131946	0.049369574	-0.054342978
-0.080304414	0.08245563	-0.11302446	0.16149804	-0.17158738	0.0621442	-0.07955493	0.12843098	-0.40120912	0.26158568	-0.07602294	0.0727338	-0.0793479	0.99999964	-0.7373027	0.093907736	-0.06668729	0.060321927	-0.38345438	0.26541805
0.092244424	-0.097218156	0.12368519	-0.18962026	0.17999238	-0.07322487	0.089998044	-0.1490213	0.27533507	-0.37841937	0.089008786	-0.08658168	0.08820646	-0.7373027	1.0	-0.12051335	0.07649488	-0.069861	0.26127383	-0.37447643
-0.45272776	0.23910746	-0.25223407	0.16002278	-0.20227924	0.29636768	-0.26293746	0.24579507	-0.12773977	0.13885143	-0.6234762	0.28691995	-0.28703168	0.093907736	-0.12051335	1.0000004	-0.34411472	0.20525944	-0.053435147	0.06025747
0.18984446	-0.18778376	0.17001653	-0.107834175	0.11630015	-0.1738701	0.21901497	-0.2418897	0.092357576	-0.10165271	0.22693536	-0.5877546	0.3097673	-0.06668729	0.07649488	-0.34411472	1.0000002	-0.58454734	0.04223772	-0.046834663
-0.1523672	0.14090633	-0.15770864	0.09320438	-0.10496559	0.12753622	-0.17122991	0.21180362	-0.08291963	0.086295195	-0.17147484	0.26939464	-0.70131946	0.060321927	-0.069861	0.20525944	-0.58454734	1.0000001	-0.044503078	0.046174813
0.04382806	-0.04424066	0.057709884	-0.08080185	0.08337452	-0.034201447	0.042693913	-0.06755666	0.13358207	-0.13219784	0.042526707	-0.042346302	0.049369574	-0.38345438	0.26127383	-0.053435147	0.04223772	-0.044503078	1.0	-0.8738589
-0.050205104	0.04909292	-0.06438592	0.08511415	-0.0948533	0.03860652	-0.047715224	0.07248988	-0.14093667	0.13230342	-0.04885781	0.0470098	-0.054342978	0.26541805	-0.37447643	0.06025747	-0.046834663	0.046174813	-0.8738589	1.0
