1.0000001	-0.64417577	0.20188147	-0.07570138	0.058623523	-0.64116293	0.32323292	-0.19302087	0.06469711	-0.061807737	0.13020228	-0.17139953	0.12951997	-0.07541669	0.07524685	-0.1377187	0.10925169	-0.10263586	0.07430646	-0.06392113
-0.64417577	1.0	-0.3522914	0.09979864	-0.079229735	0.32136795	-0.54907954	0.21650149	-0.083452515	0.079053774	-0.1453764	0.19005723	-0.16325262	0.09388378	-0.09820494	0.1435474	-0.13381988	0.11996833	-0.09401783	0.078723185
0.20188147	-0.3522914	0.9999998	-0.33112243	0.195986	-0.19763666	0.22666387	-0.6069319	0.18965033	-0.20240404	0.18021719	-0.27669653	0.28917584	-0.22556478	0.20347783	-0.26089534	0.20303302	-0.24435264	0.18481936	-0.17700659
-0.07570138	0.09979864	-0.33112243	0.9999995	-0.7372685	0.07015782	-0.085104585	0.19505064	-0.33582267	0.30153272	-0.081466235	0.11901802	-0.17922284	0.22526406	-0.29905835	0.11128515	-0.112385936	0.13595466	-0.18239605	0.16148953
0.058623523	-0.079229735	0.195986	-0.7372685	0.9999996	-0.05719683	0.06814044	-0.16951226	0.24179354	-0.5304292	0.06834399	-0.10212824	0.1425374	-0.21303047	0.24159573	-0.09672394	0.09242215	-0.117337056	0.14334469	-0.14992799
-0.64116293	0.32136795	-0.19763666	0.07015782	-0.05719683	0.99999976	-0.64166194	0.16983229	-0.06400616	0.05926095	-0.17238945	0.18696927	-0.13705856	0.07293187	-0.07592531	0.14053884	-0.12198082	0.10156525	-0.07591749	0.062313925
0.32323292	-0.54907954	0.22666387	-0.085104585	0.06814044	-0.64166194	0.9999997	-0.25610888	0.077544205	-0.07195547	0.17336011	-0.30067572	0.16933694	-0.08995075	0.0904224	-0.16766882	0.14775638	-0.12920032	0.09129499	-0.076343685
-0.19302087	0.21650149	-0.6069319	0.19505064	-0.16951226	0.16983229	-0.25610888	0.9999995	-0.20279881	0.16720147	-0.16452536	0.22893444	-0.5601764	0.2145161	-0.21575335	0.19583173	-0.2118781	0.2298215	-0.19701701	0.16003634
0.06469711	-0.083452515	0.18965033	-0.33582267	0.24179354	-0.06400616	0.077544205	-0.20279881	0.99999964	-0.45374238	0.08261568	-0.1251191	0.20918706	-0.71678966	0.26459256	-0.11552137	0.11559491	-0.15235311	0.18930313	-0.18536903
-0.061807737	0.079053774	-0.20240404	0.30153272	-0.5304292	0.05926095	-0.07195547	0.16720147	-0.45374238	0.9999996	-0.075951174	0.11135282	-0.17633772	0.2695586	-0.5434364	0.10441322	-0.11105911	0.139442	-0.21422803	0.2095385
0.13020228	-0.1453764	0.18021719	-0.081466235	0.06834399	-0.17238945	0.17336011	-0.16452536	0.08261568	-0.075951174	0.9999993	-0.5803738	0.19485563	-0.09867378	0.101881206	-0.7072266	0.25794998	-0.18649966	0.11462089	-0.091561176
-0.17139953	0.19005723	-0.27669653	0.11901802	-0.10212824	0.18696927	-0.30067572	0.22893444	-0.1251191	0.11135282	-0.5803738	0.99999934	-0.34700164	0.14593084	-0.1541667	0.32235974	-0.45724475	0.25220996	-0.17232798	0.13030468
0.12951997	-0.16325262	0.28917584	-0.17922284	0.1425374	-0.13705856	0.16933694	-0.5601764	0.20918706	-0.17633772	0.19485563	-0.34700164	0.99999917	-0.3481543	0.20515956	-0.2700976	0.26474154	-0.4480931	0.2219397	-0.19705518
-0.07541669	0.09388378	-0.22556478	0.22526406	-0.21303047	0.07293187	-0.08995075	0.2145161	-0.71678966	0.2695586	-0.09867378	0.14593084	-0.3481543	0.99999887	-0.35060912	0.13174999	-0.14660014	0.187253	-0.28757155	0.21127692
0.07524685	-0.09820494	0.20347783	-0.29905835	0.24159573	-0.07592531	0.0904224	-0.21575335	0.26459256	-0.5434364	0.101881206	-0.1541667	0.20515956	-0.35060912	0.99999875	-0.14800541	0.14623809	-0.20350908	0.28047246	-0.5204144
-0.1377187	0.1435474	-0.26089534	0.11128515	-0.09672394	0.14053884	-0.16766882	0.19583173	-0.11552137	0.10441322	-0.7072266	0.32235974	-0.2700976	0.13174999	-0.14800541	0.9999989	-0.4365073	0.2331089	-0.16566335	0.12319753
0.10925169	-0.13381988	0.20303302	-0.112385936	0.09242215	-0.12198082	0.14775638	-0.2118781	0.11559491	-0.11105911	0.25794998	-0.45724475	0.26474154	-0.14660014	0.14623809	-0.4365073	0.99999917	-0.6401174	0.2013331	-0.16672441
-0.10263586	0.11996833	-0.24435264	0.13595466	-0.117337056	0.10156525	-0.12920032	0.2298215	-0.15235311	0.139442	-0.18649966	0.25220996	-0.4480931	0.187253	-0.20350908	0.2331089	-0.6401174	0.9999991	-0.38948086	0.21425803
0.07430646	-0.09401783	0.18481936	-0.18239605	0.14334469	-0.07591749	0.09129499	-0.19701701	0.18930313	-0.21422803	0.11462089	-0.17232798	0.2219397	-0.28757155	0.28047246	-0.16566335	0.2013331	-0.38948086	0.9999991	-0.72281164
-0.06392113	0.078723185	-0.17700659	0.16148953	-0.14992799	0.062313925	-0.076343685	0.16003634	-0.18536903	0.2095385	-0.091561176	0.13030468	-0.19705518	0.21127692	-0.5204144	0.12319753	-0.16672441	0.21425803	-0.72281164	0.9999991
