1.0000001	-0.6358946	0.29879725	-0.18861155	0.13043836	-0.414695	0.27370614	-0.39675066	0.1798879	-0.18356806	0.11005615	-0.11938453	0.12303429	-0.17171842	0.13720906	-0.08615588	0.09950743	-0.14575194	0.123205386	-0.13331127
-0.6358946	1.0000002	-0.6304936	0.14022017	-0.10484702	0.20036747	-0.24533299	0.277304	-0.13869448	0.123732544	-0.08350439	0.08372548	-0.08943754	0.11766148	-0.10154338	0.060806148	-0.07361267	0.09860984	-0.0891025	0.090035625
0.29879725	-0.6304936	1.0000002	-0.23528108	0.1510321	-0.15903516	0.17491548	-0.5789004	0.20742425	-0.18478839	0.093531415	-0.10422655	0.122117326	-0.17580035	0.1409242	-0.070184305	0.08844496	-0.13472673	0.123982824	-0.12773328
-0.18861155	0.14022017	-0.23528108	1.0000001	-0.7369967	0.09103825	-0.12112289	0.22190702	-0.40071774	0.3058556	-0.09402613	0.08632601	-0.106463455	0.22124363	-0.26314536	0.06412385	-0.084238626	0.1168737	-0.18327765	0.16629288
0.13043836	-0.10484702	0.1510321	-0.7369967	0.9999997	-0.06684582	0.08658887	-0.1842604	0.25177917	-0.54138917	0.071967185	-0.07005484	0.08584546	-0.20242907	0.22625344	-0.050577324	0.066279516	-0.09841263	0.14805539	-0.16242611
-0.414695	0.20036747	-0.15903516	0.09103825	-0.06684582	0.9999996	-0.8470851	0.18730336	-0.093205646	0.09011665	-0.104552545	0.10164467	-0.08399295	0.08824382	-0.073373295	0.074902825	-0.08591874	0.093216375	-0.068035364	0.0699066
0.27370614	-0.24533299	0.17491548	-0.12112289	0.08658887	-0.8470851	0.9999996	-0.26728192	0.12281282	-0.12178061	0.112677984	-0.1383787	0.10768566	-0.11886815	0.095493376	-0.0895421	0.10293144	-0.12285765	0.08894701	-0.09350825
-0.39675066	0.277304	-0.5789004	0.22190702	-0.1842604	0.18730336	-0.26728192	0.9999996	-0.42469385	0.21367845	-0.14266117	0.14651008	-0.21221374	0.23174861	-0.19955845	0.099456556	-0.13383819	0.18272926	-0.18200397	0.16152582
0.1798879	-0.13869448	0.20742425	-0.40071774	0.25177917	-0.093205646	0.12281282	-0.42469385	0.9999996	-0.40437132	0.10088038	-0.10695523	0.14073257	-0.5785896	0.26394755	-0.0717305	0.09781501	-0.15427603	0.23774236	-0.22978719
-0.18356806	0.123732544	-0.18478839	0.3058556	-0.54138917	0.09011665	-0.12178061	0.21367845	-0.40437132	0.99999946	-0.104207456	0.09498111	-0.11932334	0.26096353	-0.53722435	0.07063041	-0.0943505	0.13289262	-0.2364137	0.23456642
0.11005615	-0.08350439	0.093531415	-0.09402613	0.071967185	-0.104552545	0.112677984	-0.14266117	0.10088038	-0.104207456	0.9999996	-0.3373959	0.1927776	-0.12072418	0.09809813	-0.80757177	0.296904	-0.28478944	0.11277532	-0.110234596
-0.11938453	0.08372548	-0.10422655	0.08632601	-0.07005484	0.10164467	-0.1383787	0.14651008	-0.10695523	0.09498111	-0.3373959	0.9999995	-0.52496016	0.12350476	-0.10058196	0.2450997	-0.6650889	0.30299988	-0.12155635	0.10379216
0.12303429	-0.08943754	0.122117326	-0.106463455	0.08584546	-0.08399295	0.10768566	-0.21221374	0.14073257	-0.11932334	0.1927776	-0.52496016	0.9999996	-0.18996795	0.12852733	-0.15715823	0.2722857	-0.71679306	0.17402372	-0.14671887
-0.17171842	0.11766148	-0.17580035	0.22124363	-0.20242907	0.08824382	-0.11886815	0.23174861	-0.5785896	0.26096353	-0.12072418	0.12350476	-0.18996795	0.99999946	-0.40250152	0.08307918	-0.121348396	0.18820627	-0.5173333	0.28463024
0.13720906	-0.10154338	0.1409242	-0.26314536	0.22625344	-0.073373295	0.095493376	-0.19955845	0.26394755	-0.53722435	0.09809813	-0.10058196	0.12852733	-0.40250152	0.9999994	-0.070180915	0.09545318	-0.1587372	0.2931957	-0.572255
-0.08615588	0.060806148	-0.070184305	0.06412385	-0.050577324	0.074902825	-0.0895421	0.099456556	-0.0717305	0.07063041	-0.80757177	0.2450997	-0.15715823	0.08307918	-0.070180915	0.99999946	-0.4809618	0.19204679	-0.08062933	0.07454729
0.09950743	-0.07361267	0.08844496	-0.084238626	0.066279516	-0.08591874	0.10293144	-0.13383819	0.09781501	-0.0943505	0.296904	-0.6650889	0.2722857	-0.121348396	0.09545318	-0.4809618	0.99999917	-0.39101037	0.12052589	-0.10977824
-0.14575194	0.09860984	-0.13472673	0.1168737	-0.09841263	0.093216375	-0.12285765	0.18272926	-0.15427603	0.13289262	-0.28478944	0.30299988	-0.71679306	0.18820627	-0.1587372	0.19204679	-0.39101037	0.99999946	-0.27238816	0.17216906
0.123205386	-0.0891025	0.123982824	-0.18327765	0.14805539	-0.068035364	0.08894701	-0.18200397	0.23774236	-0.2364137	0.11277532	-0.12155635	0.17402372	-0.5173333	0.2931957	-0.08062933	0.12052589	-0.27238816	0.9999994	-0.6717127
-0.13331127	0.090035625	-0.12773328	0.16629288	-0.16242611	0.0699066	-0.09350825	0.16152582	-0.22978719	0.23456642	-0.110234596	0.10379216	-0.14671887	0.28463024	-0.572255	0.07454729	-0.10977824	0.17216906	-0.6717127	0.9999994
