1.0	-0.8168584	0.2730865	-0.1053647	0.0905735	-0.25792637	0.20351692	-0.20517279	0.12679458	-0.12946278	0.17742491	-0.19574018	0.1936059	-0.15422899	0.10048163	-0.25061843	0.16242439	-0.2229015	0.10365454	-0.093286276
-0.8168584	1.0	-0.41662654	0.093986586	-0.08230714	0.19701922	-0.2238311	0.19410306	-0.11751343	0.109440476	-0.15530607	0.16607496	-0.18983667	0.11990093	-0.08263674	0.17918314	-0.13149019	0.16707714	-0.08312677	0.0727493
0.2730865	-0.41662654	0.9999996	-0.21461008	0.16205172	-0.24574144	0.21599232	-0.56206733	0.2341754	-0.23362097	0.20009638	-0.23373982	0.30158576	-0.23313649	0.1537513	-0.30669233	0.20674244	-0.31346276	0.14878432	-0.13656573
-0.1053647	0.093986586	-0.21461008	0.9999997	-0.7467216	0.08627224	-0.085823655	0.18563983	-0.5129672	0.30958775	-0.08118507	0.08820628	-0.16264658	0.1644787	-0.14484157	0.103565946	-0.08609399	0.11703834	-0.102178186	0.09365893
0.0905735	-0.08230714	0.16205172	-0.7467216	0.9999998	-0.07915535	0.075283006	-0.15791184	0.30536106	-0.53019685	0.07404283	-0.080579884	0.136988	-0.19844264	0.16510944	-0.09980069	0.081120156	-0.113828294	0.10801393	-0.10959717
-0.25792637	0.19701922	-0.24574144	0.08627224	-0.07915535	1.0	-0.6970024	0.19874267	-0.11954048	0.10334389	-0.49696612	0.3195862	-0.23743318	0.114823	-0.08386004	0.23208082	-0.19958103	0.18116225	-0.089241505	0.07341956
0.20351692	-0.2238311	0.21599232	-0.085823655	0.075283006	-0.6970024	0.99999994	-0.25216562	0.117605604	-0.10377378	0.3005121	-0.53149945	0.22318155	-0.11184367	0.07904301	-0.21719709	0.17443044	-0.17900053	0.08260574	-0.07003078
-0.20517279	0.19410306	-0.56206733	0.18563983	-0.15791184	0.19874267	-0.25216562	1.0	-0.37797397	0.21464421	-0.17596628	0.20807804	-0.56651044	0.18385713	-0.13681407	0.20253937	-0.1689268	0.23258345	-0.124248564	0.107572146
0.12679458	-0.11751343	0.2341754	-0.5129672	0.30536106	-0.11954048	0.117605604	-0.37797397	1.0000002	-0.60438037	0.10756241	-0.121864915	0.21501654	-0.27029967	0.2024451	-0.13974656	0.11406967	-0.16174124	0.13839719	-0.13539752
-0.12946278	0.109440476	-0.23362097	0.30958775	-0.53019685	0.10334389	-0.10377378	0.21464421	-0.60438037	1.0000004	-0.10032103	0.107212715	-0.20429085	0.25101593	-0.34380218	0.12563664	-0.109747045	0.14764155	-0.16866449	0.15973894
0.17742491	-0.15530607	0.20009638	-0.08118507	0.07404283	-0.49696612	0.3005121	-0.17596628	0.10756241	-0.10032103	1.0000005	-0.6093107	0.22844324	-0.12230085	0.08581575	-0.46824634	0.24583147	-0.22612987	0.096371256	-0.08036573
-0.19574018	0.16607496	-0.23373982	0.08820628	-0.080579884	0.3195862	-0.53149945	0.20807804	-0.121864915	0.107212715	-0.6093107	1.0000004	-0.33879036	0.12423691	-0.089717135	0.27369314	-0.2898126	0.22204556	-0.098718934	0.08064221
0.1936059	-0.18983667	0.30158576	-0.16264658	0.136988	-0.23743318	0.22318155	-0.56651044	0.21501654	-0.20429085	0.22844324	-0.33879036	1.0000002	-0.24876991	0.15845448	-0.31288406	0.2505615	-0.468991	0.16653535	-0.14421692
-0.15422899	0.11990093	-0.23313649	0.1644787	-0.19844264	0.114823	-0.11184367	0.18385713	-0.27029967	0.25101593	-0.12230085	0.12423691	-0.24876991	0.9999998	-0.68342185	0.15387067	-0.15447134	0.20280749	-0.43252414	0.29445133
0.10048163	-0.08263674	0.1537513	-0.14484157	0.16510944	-0.08386004	0.07904301	-0.13681407	0.2024451	-0.34380218	0.08581575	-0.089717135	0.15845448	-0.68342185	0.99999946	-0.11840572	0.109579876	-0.16149555	0.29620853	-0.5058921
-0.25061843	0.17918314	-0.30669233	0.103565946	-0.09980069	0.23208082	-0.21719709	0.20253937	-0.13974656	0.12563664	-0.46824634	0.27369314	-0.31288406	0.15387067	-0.11840572	0.9999992	-0.6205623	0.29812616	-0.14253819	0.10799897
0.16242439	-0.13149019	0.20674244	-0.08609399	0.081120156	-0.19958103	0.17443044	-0.1689268	0.11406967	-0.109747045	0.24583147	-0.2898126	0.2505615	-0.15447134	0.109579876	-0.6205623	0.9999993	-0.61161256	0.1485328	-0.12099228
-0.2229015	0.16707714	-0.31346276	0.11703834	-0.113828294	0.18116225	-0.17900053	0.23258345	-0.16174124	0.14764155	-0.22612987	0.22204556	-0.468991	0.20280749	-0.16149555	0.29812616	-0.61161256	0.9999993	-0.2816462	0.17232998
0.10365454	-0.08312677	0.14878432	-0.102178186	0.10801393	-0.089241505	0.08260574	-0.124248564	0.13839719	-0.16866449	0.096371256	-0.098718934	0.16653535	-0.43252414	0.29620853	-0.14253819	0.1485328	-0.2816462	0.9999993	-0.76621485
-0.093286276	0.0727493	-0.13656573	0.09365893	-0.10959717	0.07341956	-0.07003078	0.107572146	-0.13539752	0.15973894	-0.08036573	0.08064221	-0.14421692	0.29445133	-0.5058921	0.10799897	-0.12099228	0.17232998	-0.76621485	0.9999993
