1.0000001	-0.28358185	0.22483003	-0.18145664	0.18504569	-0.5399003	0.30577224	-0.40027237	0.17957734	-0.15253097	0.29236028	-0.28448403	0.23656164	-0.21098469	0.18286437	-0.27580887	0.20720251	-0.18281193	0.19414523	-0.49652722
-0.28358185	1.0000004	-0.76252455	0.20044862	-0.18963413	0.17663395	-0.4601316	0.25383374	-0.15659642	0.11798966	-0.14246212	0.17600988	-0.15443783	0.14567442	-0.1348276	0.123500295	-0.107069485	0.09594847	-0.10606166	0.20728755
0.22483003	-0.76252455	1.0000002	-0.33098555	0.21029067	-0.17449322	0.28282806	-0.3441321	0.18412149	-0.14158922	0.1449298	-0.1909834	0.17059064	-0.17715141	0.15173279	-0.13552977	0.11708242	-0.1086669	0.11966399	-0.24001354
-0.18145664	0.20044862	-0.33098555	1.0000004	-0.6587391	0.12630986	-0.20572956	0.23191981	-0.49980435	0.25396165	-0.12334079	0.15673666	-0.17056367	0.26054257	-0.2558995	0.119032264	-0.11224442	0.111297734	-0.13244958	0.21096352
0.18504569	-0.18963413	0.21029067	-0.6587391	1.0000005	-0.13766974	0.19517712	-0.27741373	0.29446474	-0.46770743	0.13401219	-0.17796934	0.18007815	-0.29562408	0.27826768	-0.13823353	0.1250231	-0.12792628	0.14525166	-0.27669346
-0.5399003	0.17663395	-0.17449322	0.12630986	-0.13766974	1.0000004	-0.3656072	0.24560021	-0.13185236	0.10541491	-0.649145	0.24730562	-0.20236647	0.14987837	-0.13172665	0.23243894	-0.1953961	0.13692836	-0.14988697	0.25753355
0.30577224	-0.4601316	0.28282806	-0.20572956	0.19517712	-0.3656072	0.9999998	-0.4760173	0.19045071	-0.15476808	0.25595945	-0.40670562	0.26767415	-0.21895114	0.1803764	-0.22396703	0.18689202	-0.16527264	0.17579639	-0.36377552
-0.40027237	0.25383374	-0.3441321	0.23191981	-0.27741373	0.24560021	-0.4760173	0.9999997	-0.28971463	0.19411975	-0.26183835	0.29908222	-0.453073	0.2615179	-0.25520843	0.20822059	-0.20959972	0.18322456	-0.21057564	0.30032662
0.17957734	-0.15659642	0.18412149	-0.49980435	0.29446474	-0.13185236	0.19045071	-0.28971463	0.99999976	-0.34304196	0.13538842	-0.18987669	0.21570043	-0.6318204	0.26830038	-0.14101027	0.13295187	-0.15053865	0.17522681	-0.2419258
-0.15253097	0.11798966	-0.14158922	0.25396165	-0.46770743	0.10541491	-0.15476808	0.19411975	-0.34304196	0.99999964	-0.10833343	0.13686372	-0.15193154	0.25352156	-0.7363574	0.10775786	-0.10337552	0.104225785	-0.12500557	0.21078682
0.29236028	-0.14246212	0.1449298	-0.12334079	0.13401219	-0.649145	0.25595945	-0.26183835	0.13538842	-0.10833343	0.9999995	-0.39092737	0.22886933	-0.1660077	0.13484822	-0.42953736	0.23760352	-0.16810597	0.16911897	-0.2933911
-0.28448403	0.17600988	-0.1909834	0.15673666	-0.17796934	0.24730562	-0.40670562	0.29908222	-0.18987669	0.13686372	-0.39092737	0.99999946	-0.6485386	0.22497939	-0.17834784	0.23214585	-0.25713435	0.19456406	-0.20384301	0.26112318
0.23656164	-0.15443783	0.17059064	-0.17056367	0.18007815	-0.20236647	0.26767415	-0.453073	0.21570043	-0.15193154	0.22886933	-0.6485386	0.99999946	-0.36412233	0.18728232	-0.2183383	0.20869304	-0.26785263	0.22264284	-0.28686747
-0.21098469	0.14567442	-0.17715141	0.26054257	-0.29562408	0.14987837	-0.21895114	0.2615179	-0.6318204	0.25352156	-0.1660077	0.22497939	-0.36412233	0.9999991	-0.375715	0.16783375	-0.17650233	0.20036028	-0.30330408	0.25587574
0.18286437	-0.1348276	0.15173279	-0.2558995	0.27826768	-0.13172665	0.1803764	-0.25520843	0.26830038	-0.7363574	0.13484822	-0.17834784	0.18728232	-0.375715	0.9999989	-0.14183463	0.1315514	-0.13909116	0.16088215	-0.32709646
-0.27580887	0.123500295	-0.13552977	0.119032264	-0.13823353	0.23243894	-0.22396703	0.20822059	-0.14101027	0.10775786	-0.42953736	0.23214585	-0.2183383	0.16783375	-0.14183463	0.9999985	-0.7079084	0.2480965	-0.27416593	0.2473094
0.20720251	-0.107069485	0.11708242	-0.11224442	0.1250231	-0.1953961	0.18689202	-0.20959972	0.13295187	-0.10337552	0.23760352	-0.25713435	0.20869304	-0.17650233	0.1315514	-0.7079084	0.9999984	-0.45652652	0.26796788	-0.2892094
-0.18281193	0.09594847	-0.1086669	0.111297734	-0.12792628	0.13692836	-0.16527264	0.18322456	-0.15053865	0.104225785	-0.16810597	0.19456406	-0.26785263	0.20036028	-0.13909116	0.2480965	-0.45652652	0.99999857	-0.74877435	0.24092278
0.19414523	-0.10606166	0.11966399	-0.13244958	0.14525166	-0.14988697	0.17579639	-0.21057564	0.17522681	-0.12500557	0.16911897	-0.20384301	0.22264284	-0.30330408	0.16088215	-0.27416593	0.26796788	-0.74877435	0.99999857	-0.3766277
-0.49652722	0.20728755	-0.24001354	0.21096352	-0.27669346	0.25753355	-0.36377552	0.30032662	-0.2419258	0.21078682	-0.2933911	0.26112318	-0.28686747	0.25587574	-0.32709646	0.2473094	-0.2892094	0.24092278	-0.3766277	0.99999857
