1.0000001	-0.8087847	0.21861747	-0.075056896	0.074174814	-0.35989532	0.22602277	-0.15057673	0.120056875	-0.10909994	0.20919913	-0.23021908	0.17279845	-0.09987233	0.089145705	-0.25321406	0.15613061	-0.15726775	0.10267783	-0.12483664
-0.8087847	1.0	-0.2957905	0.079423815	-0.08032178	0.23452437	-0.3285529	0.16848144	-0.13176076	0.10934538	-0.1903151	0.22314376	-0.1967172	0.10378569	-0.09232604	0.19982445	-0.15705796	0.14846365	-0.104776286	0.11941059
0.21861747	-0.2957905	1.0000001	-0.20132978	0.16710077	-0.2876943	0.21572359	-0.5789323	0.2699683	-0.26267874	0.2040184	-0.23365474	0.30922258	-0.22920138	0.19033538	-0.34979492	0.2219592	-0.2871914	0.20253421	-0.27321157
-0.075056896	0.079423815	-0.20132978	1.0000004	-0.89105225	0.086988315	-0.07688977	0.14634424	-0.28316018	0.21435817	-0.06783212	0.077682525	-0.13605005	0.15809491	-0.16758254	0.10624339	-0.08486135	0.09947419	-0.13399191	0.14919697
0.074174814	-0.08032178	0.16710077	-0.89105225	1.0000004	-0.09173782	0.074838914	-0.13755786	0.21506345	-0.28885943	0.06980459	-0.077571616	0.12733637	-0.16344786	0.1682744	-0.11290821	0.08496323	-0.10154915	0.13232206	-0.16887283
-0.35989532	0.23452437	-0.2876943	0.086988315	-0.09173782	1.0000001	-0.27226242	0.17351162	-0.14662172	0.1175371	-0.7206814	0.23092027	-0.23210084	0.1152309	-0.10428535	0.29592204	-0.22545044	0.17902963	-0.121978216	0.12904319
0.22602277	-0.3285529	0.21572359	-0.07688977	0.074838914	-0.27226242	1.0	-0.23657453	0.13783747	-0.11330414	0.2083118	-0.803637	0.22704704	-0.11220113	0.09304476	-0.22190957	0.17888871	-0.17967236	0.105604276	-0.12231521
-0.15057673	0.16848144	-0.5789323	0.14634424	-0.13755786	0.17351162	-0.23657453	0.99999976	-0.4313348	0.20778602	-0.13919486	0.20468055	-0.5451438	0.22257641	-0.1714135	0.2087184	-0.1837246	0.2240333	-0.17842689	0.19674799
0.120056875	-0.13176076	0.2699683	-0.28316018	0.21506345	-0.14662172	0.13783747	-0.4313348	0.9999999	-0.44176635	0.11416781	-0.14374188	0.25647965	-0.54635864	0.2877306	-0.18182671	0.14684658	-0.18683115	0.25560355	-0.31035194
-0.10909994	0.10934538	-0.26267874	0.21435817	-0.28885943	0.1175371	-0.11330414	0.20778602	-0.44176635	1.0	-0.09603115	0.11238717	-0.21795934	0.30009058	-0.6907682	0.14402038	-0.12939277	0.1482009	-0.25957054	0.25570485
0.20919913	-0.1903151	0.2040184	-0.06783212	0.06980459	-0.7206814	0.2083118	-0.13919486	0.11416781	-0.09603115	1.0	-0.2646148	0.18410882	-0.09362992	0.08310946	-0.521688	0.20915976	-0.17767484	0.09927904	-0.109496415
-0.23021908	0.22314376	-0.23365474	0.077682525	-0.077571616	0.23092027	-0.803637	0.20468055	-0.14374188	0.11238717	-0.2646148	0.99999976	-0.3054354	0.11521744	-0.09656189	0.22054867	-0.23154406	0.19183998	-0.11135661	0.12191692
0.17279845	-0.1967172	0.30922258	-0.13605005	0.12733637	-0.23210084	0.22704704	-0.5451438	0.25647965	-0.21795934	0.18410882	-0.3054354	0.99999976	-0.2693712	0.17861864	-0.30851758	0.26319304	-0.47633696	0.20189641	-0.23306829
-0.09987233	0.10378569	-0.22920138	0.15809491	-0.16344786	0.1152309	-0.11220113	0.22257641	-0.54635864	0.30009058	-0.09362992	0.11521744	-0.2693712	0.99999946	-0.4966595	0.14518692	-0.13382939	0.16702174	-0.48781726	0.3051845
0.089145705	-0.09232604	0.19033538	-0.16758254	0.1682744	-0.10428535	0.09304476	-0.1714135	0.2877306	-0.6907682	0.08310946	-0.09656189	0.17861864	-0.4966595	0.9999995	-0.13086261	0.11178121	-0.13744953	0.2654518	-0.37958232
-0.25321406	0.19982445	-0.34979492	0.10624339	-0.11290821	0.29592204	-0.22190957	0.2087184	-0.18182671	0.14402038	-0.521688	0.22054867	-0.30851758	0.14518692	-0.13086261	0.9999995	-0.5172522	0.27659655	-0.16055691	0.16147047
0.15613061	-0.15705796	0.2219592	-0.08486135	0.08496323	-0.22545044	0.17888871	-0.1837246	0.14684658	-0.12939277	0.20915976	-0.23154406	0.26319304	-0.13382939	0.11178121	-0.5172522	0.9999996	-0.696711	0.15252472	-0.16562301
-0.15726775	0.14846365	-0.2871914	0.09947419	-0.10154915	0.17902963	-0.17967236	0.2240333	-0.18683115	0.1482009	-0.17767484	0.19183998	-0.47633696	0.16702174	-0.13744953	0.27659655	-0.696711	0.9999998	-0.22103876	0.1870632
0.10267783	-0.104776286	0.20253421	-0.13399191	0.13232206	-0.121978216	0.105604276	-0.17842689	0.25560355	-0.25957054	0.09927904	-0.11135661	0.20189641	-0.48781726	0.2654518	-0.16055691	0.15252472	-0.22103876	0.9999998	-0.73838025
-0.12483664	0.11941059	-0.27321157	0.14919697	-0.16887283	0.12904319	-0.12231521	0.19674799	-0.31035194	0.25570485	-0.109496415	0.12191692	-0.23306829	0.3051845	-0.37958232	0.16147047	-0.16562301	0.1870632	-0.73838025	0.9999998
