1.0000001	-0.29885527	0.19468486	-0.06992365	0.05248689	-0.91419995	0.16406862	-0.12299024	0.06971965	-0.055515915	0.0956642	-0.09948184	0.07271201	-0.06802273	0.07180297	-0.09463805	0.06599851	-0.06455334	0.027442977	-0.026398825
-0.29885527	1.0	-0.6944132	0.13964023	-0.09848982	0.22456805	-0.5370429	0.28133795	-0.1416692	0.1028709	-0.081989214	0.12998591	-0.12474304	0.12047239	-0.12108422	0.08998004	-0.08997947	0.1009601	-0.045151696	0.043602593
0.19468486	-0.6944132	0.9999999	-0.22791393	0.13679293	-0.2396212	0.3232443	-0.47002697	0.196135	-0.152056	0.10093977	-0.1731509	0.16675782	-0.17352636	0.1590726	-0.1209373	0.11655337	-0.1435502	0.061485853	-0.06046966
-0.06992365	0.13964023	-0.22791393	0.9999998	-0.5394595	0.07638551	-0.20772403	0.22584845	-0.6465486	0.30298486	-0.07842254	0.14060707	-0.17667788	0.24423927	-0.2969886	0.09586919	-0.10932907	0.13257433	-0.088590756	0.08343037
0.05248689	-0.09848982	0.13679293	-0.5394595	0.9999998	-0.059558712	0.13570994	-0.16440724	0.28312024	-0.7216433	0.0732111	-0.13878298	0.14442563	-0.23079014	0.25293973	-0.09512452	0.09883947	-0.1277162	0.07800435	-0.07955689
-0.91419995	0.22456805	-0.2396212	0.07638551	-0.059558712	0.9999997	-0.19499426	0.1308915	-0.07837376	0.061142173	-0.11674862	0.10534628	-0.08123386	0.07460559	-0.082326755	0.09920321	-0.07342344	0.06975427	-0.030713152	0.0292978
0.16406862	-0.5370429	0.3232443	-0.20772403	0.13570994	-0.19499426	1.0	-0.63919765	0.20877934	-0.1573382	0.11492111	-0.22461773	0.19408268	-0.19056842	0.17056638	-0.13372022	0.13702102	-0.1645351	0.06708822	-0.0657424
-0.12299024	0.28133795	-0.47002697	0.22584845	-0.16440724	0.1308915	-0.63919765	1.0000002	-0.36249846	0.17197068	-0.10464321	0.18679057	-0.28993252	0.21835679	-0.20732462	0.12105713	-0.14299938	0.17150469	-0.076356746	0.07261972
0.06971965	-0.1416692	0.196135	-0.6465486	0.28312024	-0.07837376	0.20877934	-0.36249846	0.99999994	-0.37464598	0.08681662	-0.16287956	0.2066284	-0.41140276	0.2704422	-0.10882339	0.12133261	-0.1584951	0.092242405	-0.08987879
-0.055515915	0.1028709	-0.152056	0.30298486	-0.7216433	0.061142173	-0.1573382	0.17197068	-0.37464598	0.99999976	-0.074741185	0.1375094	-0.15905532	0.23840912	-0.43762392	0.09431112	-0.104276	0.13000107	-0.098231465	0.09592886
0.0956642	-0.081989214	0.10093977	-0.07842254	0.0732111	-0.11674862	0.11492111	-0.10464321	0.08681662	-0.074741185	0.99999917	-0.51731324	0.17323637	-0.119177036	0.14058627	-0.7749299	0.25789407	-0.17939083	0.05867214	-0.05458407
-0.09948184	0.12998591	-0.1731509	0.14060707	-0.13878298	0.10534628	-0.22461773	0.18679057	-0.16287956	0.1375094	-0.51731324	0.999999	-0.38437116	0.21601318	-0.2801377	0.3126149	-0.5192877	0.28183654	-0.10758491	0.09690535
0.07271201	-0.12474304	0.16675782	-0.17667788	0.14442563	-0.08123386	0.19408268	-0.28993252	0.2066284	-0.15905532	0.17323637	-0.38437116	0.9999991	-0.49701276	0.2695178	-0.22213174	0.27798194	-0.57510793	0.12834772	-0.1234225
-0.06802273	0.12047239	-0.17352636	0.24423927	-0.23079014	0.07460559	-0.19056842	0.21835679	-0.41140276	0.23840912	-0.119177036	0.21601318	-0.49701276	0.9999993	-0.58637065	0.14481223	-0.19027422	0.23889062	-0.18901214	0.1603591
0.07180297	-0.12108422	0.1590726	-0.2969886	0.25293973	-0.082326755	0.17056638	-0.20732462	0.2704422	-0.43762392	0.14058627	-0.2801377	0.2695178	-0.58637065	0.9999992	-0.1917431	0.19086349	-0.26850155	0.19484964	-0.24853842
-0.09463805	0.08998004	-0.1209373	0.09586919	-0.09512452	0.09920321	-0.13372022	0.12105713	-0.10882339	0.09431112	-0.7749299	0.3126149	-0.22213174	0.14481223	-0.1917431	0.99999875	-0.41833013	0.20983872	-0.07600731	0.06870093
0.06599851	-0.08997947	0.11655337	-0.10932907	0.09883947	-0.07342344	0.13702102	-0.14299938	0.12133261	-0.104276	0.25789407	-0.5192877	0.27798194	-0.19027422	0.19086349	-0.41833013	0.9999988	-0.62293714	0.10284166	-0.098487824
-0.06455334	0.1009601	-0.1435502	0.13257433	-0.1277162	0.06975427	-0.1645351	0.17150469	-0.1584951	0.13000107	-0.17939083	0.28183654	-0.57510793	0.23889062	-0.26850155	0.20983872	-0.62293714	0.99999875	-0.16306633	0.13249515
0.027442977	-0.045151696	0.061485853	-0.088590756	0.07800435	-0.030713152	0.06708822	-0.076356746	0.092242405	-0.098231465	0.05867214	-0.10758491	0.12834772	-0.18901214	0.19484964	-0.07600731	0.10284166	-0.16306633	0.9999988	-0.93625885
-0.026398825	0.043602593	-0.06046966	0.08343037	-0.07955689	0.0292978	-0.0657424	0.07261972	-0.08987879	0.09592886	-0.05458407	0.09690535	-0.1234225	0.1603591	-0.24853842	0.06870093	-0.098487824	0.13249515	-0.93625885	0.9999988
