1.0	-0.119384035	0.10430785	-0.20307903	0.17664285	-0.6951282	0.31372687	-0.33618164	0.19552416	-0.27840412	0.3078906	-0.35762265	0.19339047	-0.17996629	0.17091389	-0.22052619	0.17220768	-0.21485585	0.14705482	-0.17650999
-0.119384035	1.0000002	-0.93116105	0.18950546	-0.197527	0.095467545	-0.17954002	0.13249858	-0.10101896	0.109262906	-0.115534805	0.110985875	-0.077306494	0.074010335	-0.07483499	0.06308649	-0.057629947	0.073703386	-0.05827357	0.06369033
0.10430785	-0.93116105	1.0000001	-0.24303392	0.17391822	-0.087566175	0.14385779	-0.13868387	0.1008996	-0.10947196	0.10431565	-0.107373595	0.075042404	-0.07345372	0.072356634	-0.060471125	0.054626964	-0.07225335	0.05651388	-0.06237017
-0.20307903	0.18950546	-0.24303392	1.0	-0.79705834	0.13644634	-0.20194307	0.22955325	-0.32838583	0.2655266	-0.21739794	0.17187889	-0.15994555	0.1755428	-0.18250601	0.112755984	-0.10511259	0.14921525	-0.13152876	0.13956726
0.17664285	-0.197527	0.17391822	-0.79705834	0.99999964	-0.12739107	0.1854008	-0.2610642	0.25718975	-0.373199	0.19433022	-0.18520105	0.16487122	-0.1890769	0.18476477	-0.12328565	0.109413035	-0.16966324	0.1381153	-0.16117823
-0.6951282	0.095467545	-0.087566175	0.13644634	-0.12739107	0.99999994	-0.49487597	0.2366832	-0.13870156	0.17948002	-0.4302687	0.27410668	-0.14066453	0.123456344	-0.119110756	0.15972088	-0.13265224	0.14570946	-0.10174173	0.11703101
0.31372687	-0.17954002	0.14385779	-0.20194307	0.1854008	-0.49487597	1.0000002	-0.4795638	0.21630988	-0.26417977	0.31196454	-0.5029605	0.21483847	-0.18593997	0.17383963	-0.20162892	0.1807291	-0.21148111	0.14686471	-0.1654176
-0.33618164	0.13249858	-0.13868387	0.22955325	-0.2610642	0.2366832	-0.4795638	1.0000001	-0.4941855	0.29964003	-0.3389678	0.2744303	-0.36679012	0.25778085	-0.2536517	0.16715388	-0.16687006	0.24236669	-0.19809173	0.19394416
0.19552416	-0.10101896	0.1008996	-0.32838583	0.25718975	-0.13870156	0.21630988	-0.4941855	0.99999994	-0.5896833	0.2111488	-0.18654037	0.23449896	-0.42952958	0.2708676	-0.11892803	0.115038365	-0.20579042	0.18819083	-0.19690327
-0.27840412	0.109262906	-0.10947196	0.2655266	-0.373199	0.17948002	-0.26417977	0.29964003	-0.5896833	0.99999994	-0.30032328	0.2180311	-0.24290045	0.2866601	-0.42061383	0.14511189	-0.14234233	0.21247442	-0.2157799	0.22071159
0.3078906	-0.115534805	0.10431565	-0.21739794	0.19433022	-0.4302687	0.31196454	-0.3389678	0.2111488	-0.30032328	0.9999998	-0.53984267	0.23003533	-0.20414336	0.19465259	-0.36932218	0.25349468	-0.25964773	0.17214406	-0.20452657
-0.35762265	0.110985875	-0.107373595	0.17187889	-0.18520105	0.27410668	-0.5029605	0.2744303	-0.18654037	0.2180311	-0.53984267	0.9999995	-0.29940924	0.18459707	-0.18413833	0.26917675	-0.37674627	0.23286061	-0.1623885	0.1661569
0.19339047	-0.077306494	0.075042404	-0.15994555	0.16487122	-0.14066453	0.21483847	-0.36679012	0.23449896	-0.24290045	0.23003533	-0.29940924	0.9999994	-0.4382492	0.2598015	-0.17165646	0.1770956	-0.65498996	0.26588976	-0.26354998
-0.17996629	0.074010335	-0.07345372	0.1755428	-0.1890769	0.123456344	-0.18593997	0.25778085	-0.42952958	0.2866601	-0.20414336	0.18459707	-0.4382492	0.9999993	-0.5832472	0.12352288	-0.1262886	0.27631047	-0.37658745	0.28460252
0.17091389	-0.07483499	0.072356634	-0.18250601	0.18476477	-0.119110756	0.17383963	-0.2536517	0.2708676	-0.42061383	0.19465259	-0.18413833	0.2598015	-0.5832472	0.99999934	-0.12909435	0.12474619	-0.28413153	0.29374442	-0.5143569
-0.22052619	0.06308649	-0.060471125	0.112755984	-0.12328565	0.15972088	-0.20162892	0.16715388	-0.11892803	0.14511189	-0.36932218	0.26917675	-0.17165646	0.12352288	-0.12909435	0.99999905	-0.8299421	0.1893463	-0.12512484	0.12010664
0.17220768	-0.057629947	0.054626964	-0.10511259	0.109413035	-0.13265224	0.1807291	-0.16687006	0.115038365	-0.14234233	0.25349468	-0.37674627	0.1770956	-0.1262886	0.12474619	-0.8299421	0.9999989	-0.25072315	0.12751089	-0.12655349
-0.21485585	0.073703386	-0.07225335	0.14921525	-0.16966324	0.14570946	-0.21148111	0.24236669	-0.20579042	0.21247442	-0.25964773	0.23286061	-0.65498996	0.27631047	-0.28413153	0.1893463	-0.25072315	0.99999887	-0.46525827	0.26680988
0.14705482	-0.05827357	0.05651388	-0.13152876	0.1381153	-0.10174173	0.14686471	-0.19809173	0.18819083	-0.2157799	0.17214406	-0.1623885	0.26588976	-0.37658745	0.29374442	-0.12512484	0.12751089	-0.46525827	0.99999887	-0.7012522
-0.17650999	0.06369033	-0.06237017	0.13956726	-0.16117823	0.11703101	-0.1654176	0.19394416	-0.19690327	0.22071159	-0.20452657	0.1661569	-0.26354998	0.28460252	-0.5143569	0.12010664	-0.12655349	0.26680988	-0.7012522	0.99999887
