1.0000001	-0.38363987	0.12493275	-0.060558785	0.051639017	-0.7223339	0.24064001	-0.14463025	0.059074976	-0.050352883	0.3035633	-0.23828469	0.100395605	-0.05753858	0.05996645	-0.40799224	0.21755718	-0.089526154	0.0565809	-0.059490714
-0.38363987	0.9999999	-0.3127276	0.08281728	-0.07137318	0.23648296	-0.6827998	0.22887103	-0.08395676	0.06755326	-0.24051851	0.28100464	-0.13725685	0.0749394	-0.07890779	0.21851389	-0.3138984	0.11487167	-0.07144904	0.07147509
0.12493275	-0.3127276	0.99999976	-0.15534124	0.10339005	-0.095525	0.18598987	-0.8904326	0.14113818	-0.10469678	0.09520326	-0.12108945	0.070884906	-0.079963244	0.079831146	-0.09794412	0.12330452	-0.061995763	0.05994673	-0.064904414
-0.060558785	0.08281728	-0.15534124	0.9999999	-0.6653023	0.048202258	-0.07050142	0.14394997	-0.6008563	0.32360515	-0.05484893	0.06740963	-0.09779694	0.20262145	-0.23443641	0.067136176	-0.083418675	0.08567774	-0.14257774	0.14422049
0.051639017	-0.07137318	0.10339005	-0.6653023	0.9999999	-0.043038506	0.058371894	-0.11419863	0.32164133	-0.6200386	0.04886278	-0.06180291	0.09019432	-0.20558363	0.21573092	-0.064331606	0.074221544	-0.08512195	0.13172056	-0.1649793
-0.7223339	0.23648296	-0.095525	0.048202258	-0.043038506	0.9999996	-0.26367095	0.1035241	-0.048472002	0.041323427	-0.52703536	0.21542728	-0.09743231	0.05035647	-0.053016298	0.29049125	-0.22001822	0.08396336	-0.050550837	0.05132404
0.24064001	-0.6827998	0.18598987	-0.07050142	0.058371894	-0.26367095	0.9999995	-0.22476082	0.07064195	-0.057913013	0.21574716	-0.525041	0.117574155	-0.06474027	0.065872066	-0.21832457	0.26036054	-0.10553832	0.06084208	-0.062747456
-0.14463025	0.22887103	-0.8904326	0.14394997	-0.11419863	0.1035241	-0.22476082	0.9999994	-0.17897059	0.10981705	-0.110541426	0.13093837	-0.08319987	0.087590605	-0.090591565	0.10750938	-0.14853288	0.070961244	-0.0676984	0.0703968
0.059074976	-0.08395676	0.14113818	-0.6008563	0.32164133	-0.048472002	0.07064195	-0.17897059	0.99999934	-0.57488227	0.05490123	-0.07122166	0.111657724	-0.35439512	0.26131484	-0.07003999	0.085293174	-0.10321877	0.16297644	-0.18262441
-0.050352883	0.06755326	-0.10469678	0.32360515	-0.6200386	0.041323427	-0.057913013	0.10981705	-0.57488227	0.99999917	-0.0475661	0.060728844	-0.1001073	0.2420678	-0.38051078	0.061197292	-0.07527525	0.08993586	-0.15413392	0.16925001
0.3035633	-0.24051851	0.09520326	-0.05484893	0.04886278	-0.52703536	0.21574716	-0.110541426	0.05490123	-0.0475661	0.99999917	-0.35798448	0.11777884	-0.060054034	0.06239679	-0.6567517	0.26508075	-0.10624389	0.060925975	-0.062913336
-0.23828469	0.28100464	-0.12108945	0.06740963	-0.06180291	0.21542728	-0.525041	0.13093837	-0.07122166	0.060728844	-0.35798448	0.99999905	-0.21990179	0.08557714	-0.086890444	0.27496338	-0.61221826	0.18088722	-0.08623089	0.08373128
0.100395605	-0.13725685	0.070884906	-0.09779694	0.09019432	-0.09743231	0.117574155	-0.08319987	0.111657724	-0.1001073	0.11777884	-0.21990179	0.9999988	-0.2520591	0.17347622	-0.18377887	0.23888312	-0.84718984	0.19226867	-0.19438879
-0.05753858	0.0749394	-0.079963244	0.20262145	-0.20558363	0.05035647	-0.06474027	0.087590605	-0.35439512	0.2420678	-0.060054034	0.08557714	-0.2520591	0.9999988	-0.687956	0.083792254	-0.10913255	0.18602534	-0.4365632	0.2950174
0.05996645	-0.07890779	0.079831146	-0.23443641	0.21573092	-0.053016298	0.065872066	-0.090591565	0.26131484	-0.38051078	0.06239679	-0.086890444	0.17347622	-0.687956	0.99999875	-0.08976416	0.10595318	-0.17248072	0.28504604	-0.43503177
-0.40799224	0.21851389	-0.09794412	0.067136176	-0.064331606	0.29049125	-0.21832457	0.10750938	-0.07003999	0.061197292	-0.6567517	0.27496338	-0.18377887	0.083792254	-0.08976416	0.9999987	-0.4656517	0.15354945	-0.08814187	0.08557034
0.21755718	-0.3138984	0.12330452	-0.083418675	0.074221544	-0.22001822	0.26036054	-0.14853288	0.085293174	-0.07527525	0.26508075	-0.61221826	0.23888312	-0.10913255	0.10595318	-0.4656517	0.99999887	-0.3382103	0.11336718	-0.117662326
-0.089526154	0.11487167	-0.061995763	0.08567774	-0.08512195	0.08396336	-0.10553832	0.070961244	-0.10321877	0.08993586	-0.10624389	0.18088722	-0.84718984	0.18602534	-0.17248072	0.15354945	-0.3382103	0.9999986	-0.2282153	0.17187065
0.0565809	-0.07144904	0.05994673	-0.14257774	0.13172056	-0.050550837	0.06084208	-0.0676984	0.16297644	-0.15413392	0.060925975	-0.08623089	0.19226867	-0.4365632	0.28504604	-0.08814187	0.11336718	-0.2282153	0.99999857	-0.798111
-0.059490714	0.07147509	-0.064904414	0.14422049	-0.1649793	0.05132404	-0.062747456	0.0703968	-0.18262441	0.16925001	-0.062913336	0.08373128	-0.19438879	0.2950174	-0.43503177	0.08557034	-0.117662326	0.17187065	-0.798111	0.99999857
