1.0	-0.6035988	0.2147373	-0.13278659	0.1317711	-0.6536288	0.32241794	-0.102506906	0.08745853	-0.20229085	0.10825794	-0.1356085	0.10230392	-0.088970706	0.09289901	-0.13634232	0.09966515	-0.07494489	0.088026345	-0.11685892
-0.6035988	0.9999998	-0.43499228	0.17547904	-0.1868518	0.3068933	-0.5154256	0.11440521	-0.10123971	0.20392862	-0.109431416	0.14272025	-0.1129735	0.093820155	-0.09689006	0.13063376	-0.1100936	0.0803882	-0.09490305	0.11813145
0.2147373	-0.43499228	0.9999998	-0.56149834	0.30645248	-0.18975239	0.22630848	-0.21032496	0.16886128	-0.41539884	0.11556486	-0.15748943	0.14047475	-0.14204267	0.16746925	-0.17617375	0.13336502	-0.10692017	0.13552937	-0.21416965
-0.13278659	0.17547904	-0.56149834	0.9999997	-0.73153394	0.10442041	-0.14218266	0.12943657	-0.12819667	0.2481268	-0.06701706	0.089689605	-0.08559739	0.08489147	-0.10305447	0.09784652	-0.081366986	0.063905604	-0.08262623	0.12206453
0.1317711	-0.1868518	0.30645248	-0.73153394	0.9999998	-0.12030772	0.149911	-0.16682	0.1479248	-0.45299473	0.09282179	-0.1256328	0.12053569	-0.12681432	0.16210105	-0.14458604	0.11425752	-0.092439614	0.12112769	-0.19892175
-0.6536288	0.3068933	-0.18975239	0.10442041	-0.12030772	0.99999994	-0.63640594	0.09391651	-0.083864726	0.1572959	-0.13912995	0.15479362	-0.11266337	0.085998766	-0.08176161	0.13670571	-0.11058827	0.07830494	-0.08863557	0.098409444
0.32241794	-0.5154256	0.22630848	-0.14218266	0.149911	-0.63640594	0.9999998	-0.14834622	0.12034371	-0.24237956	0.16096261	-0.26018596	0.15099488	-0.12287932	0.1182698	-0.19124794	0.1440204	-0.10783726	0.120546885	-0.14688481
-0.102506906	0.11440521	-0.21032496	0.12943657	-0.16682	0.09391651	-0.14834622	0.99999976	-0.904392	0.21944007	-0.07664088	0.1050647	-0.14609349	0.13683552	-0.12347396	0.10246775	-0.110081196	0.09183432	-0.12583432	0.121113755
0.08745853	-0.10123971	0.16886128	-0.12819667	0.1479248	-0.083864726	0.12034371	-0.904392	0.9999999	-0.2868445	0.07124557	-0.09965813	0.1291453	-0.15315256	0.12650749	-0.09926111	0.10077804	-0.08797547	0.12091048	-0.12859006
-0.20229085	0.20392862	-0.41539884	0.2481268	-0.45299473	0.1572959	-0.24237956	0.21944007	-0.2868445	1.0000001	-0.13359511	0.17417303	-0.21565789	0.21032019	-0.43936753	0.17733468	-0.20839386	0.15472439	-0.22532663	0.27690583
0.10825794	-0.109431416	0.11556486	-0.06701706	0.09282179	-0.13912995	0.16096261	-0.07664088	0.07124557	-0.13359511	0.9999998	-0.5962498	0.2239072	-0.1454466	0.1021045	-0.7048909	0.22490506	-0.15811774	0.14823127	-0.11748065
-0.1356085	0.14272025	-0.15748943	0.089689605	-0.1256328	0.15479362	-0.26018596	0.1050647	-0.09965813	0.17417303	-0.5962498	0.9999997	-0.4639703	0.21139432	-0.14524111	0.32251313	-0.3848717	0.23671025	-0.22756018	0.15940946
0.10230392	-0.1129735	0.14047475	-0.08559739	0.12053569	-0.11266337	0.15099488	-0.14609349	0.1291453	-0.21565789	0.2239072	-0.4639703	0.9999995	-0.5138303	0.19664966	-0.31752008	0.30168855	-0.47112608	0.30234143	-0.22860831
-0.088970706	0.093820155	-0.14204267	0.08489147	-0.12681432	0.085998766	-0.12287932	0.13683552	-0.15315256	0.21032019	-0.1454466	0.21139432	-0.5138303	0.9999995	-0.35805097	0.18915555	-0.26070017	0.26825023	-0.64261144	0.27383357
0.09289901	-0.09689006	0.16746925	-0.10305447	0.16210105	-0.08176161	0.1182698	-0.12347396	0.12650749	-0.43936753	0.1021045	-0.14524111	0.19664966	-0.35805097	0.99999934	-0.1470823	0.16519499	-0.15587069	0.25993034	-0.7403325
-0.13634232	0.13063376	-0.17617375	0.09784652	-0.14458604	0.13670571	-0.19124794	0.10246775	-0.09926111	0.17733468	-0.7048909	0.32251313	-0.31752008	0.18915555	-0.1470823	0.99999934	-0.38505593	0.21586777	-0.22954413	0.15918045
0.09966515	-0.1100936	0.13336502	-0.081366986	0.11425752	-0.11058827	0.1440204	-0.110081196	0.10077804	-0.20839386	0.22490506	-0.3848717	0.30168855	-0.26070017	0.16519499	-0.38505593	0.99999934	-0.67936414	0.26531193	-0.21867013
-0.07494489	0.0803882	-0.10692017	0.063905604	-0.092439614	0.07830494	-0.10783726	0.09183432	-0.08797547	0.15472439	-0.15811774	0.23671025	-0.47112608	0.26825023	-0.15587069	0.21586777	-0.67936414	0.9999994	-0.44088575	0.18549676
0.088026345	-0.09490305	0.13552937	-0.08262623	0.12112769	-0.08863557	0.120546885	-0.12583432	0.12091048	-0.22532663	0.14823127	-0.22756018	0.30234143	-0.64261144	0.25993034	-0.22954413	0.26531193	-0.44088575	0.9999995	-0.4040279
-0.11685892	0.11813145	-0.21416965	0.12206453	-0.19892175	0.098409444	-0.14688481	0.121113755	-0.12859006	0.27690583	-0.11748065	0.15940946	-0.22860831	0.27383357	-0.7403325	0.15918045	-0.21867013	0.18549676	-0.4040279	0.9999995
