1.0000001	-0.47264326	0.27281475	-0.2848853	0.25067684	-0.24957734	0.28676188	-0.31029093	0.26288396	-0.41245037	0.18940566	-0.3971245	0.25289625	-0.29957482	0.11122977	-0.23789299	0.19998652	-0.23823762	0.18035872	-0.10433541
-0.47264326	1.0000001	-0.45250842	0.22790903	-0.19962704	0.16314392	-0.6379131	0.3033315	-0.2244844	0.20938767	-0.1502461	0.23243532	-0.19201702	0.18516135	-0.067526534	0.12756245	-0.12739916	0.12750229	-0.11213686	0.060069375
0.27281475	-0.45250842	1.0	-0.548463	0.24922538	-0.1279016	0.2836757	-0.5120708	0.2803654	-0.28288797	0.11236016	-0.23369113	0.20246634	-0.22757135	0.07202959	-0.11863953	0.115016386	-0.13773413	0.11898807	-0.06547243
-0.2848853	0.22790903	-0.548463	0.9999999	-0.52261716	0.1050779	-0.20924869	0.27025566	-0.46123058	0.29711542	-0.097552605	0.19355801	-0.19388586	0.22586007	-0.07394344	0.10327158	-0.1045844	0.129343	-0.12140232	0.06542365
0.25067684	-0.19962704	0.24922538	-0.52261716	0.99999976	-0.10099272	0.16758259	-0.2213291	0.25669473	-0.71850985	0.09054933	-0.19481586	0.16370286	-0.20571546	0.0828685	-0.1052394	0.10120665	-0.13367262	0.11527633	-0.07526222
-0.24957734	0.16314392	-0.1279016	0.1050779	-0.10099272	0.99999946	-0.23076297	0.1468427	-0.12081934	0.11806265	-0.8674396	0.17928453	-0.13194092	0.11821452	-0.052549895	0.21775755	-0.22465843	0.104078636	-0.09128326	0.04546553
0.28676188	-0.6379131	0.2836757	-0.20924869	0.16758259	-0.23076297	0.99999946	-0.5269484	0.2237504	-0.19587019	0.16982801	-0.3253393	0.2163305	-0.20540307	0.06649811	-0.14361621	0.13928956	-0.13292079	0.11420152	-0.059894122
-0.31029093	0.3033315	-0.5120708	0.27025566	-0.2213291	0.1468427	-0.5269484	0.9999996	-0.42246488	0.22234389	-0.13784434	0.25821495	-0.31896555	0.25227153	-0.077092335	0.12681699	-0.13162054	0.14472589	-0.1345289	0.0683543
0.26288396	-0.2244844	0.2803654	-0.46123058	0.25669473	-0.12081934	0.2237504	-0.42246488	0.99999946	-0.33414495	0.10928792	-0.2701848	0.26772758	-0.5559198	0.09458439	-0.1284956	0.12756217	-0.18810827	0.17100711	-0.08800938
-0.41245037	0.20938767	-0.28288797	0.29711542	-0.71850985	0.11806265	-0.19587019	0.22234389	-0.33414495	0.99999917	-0.11147572	0.20219365	-0.19096908	0.21122774	-0.11339535	0.11737163	-0.11942408	0.14713974	-0.13885663	0.09314405
0.18940566	-0.1502461	0.11236016	-0.097552605	0.09054933	-0.8674396	0.16982801	-0.13784434	0.10928792	-0.11147572	0.9999991	-0.19459201	0.12391386	-0.115345836	0.048545137	-0.31814143	0.2088214	-0.102699876	0.08534004	-0.04271174
-0.3971245	0.23243532	-0.23369113	0.19355801	-0.19481586	0.17928453	-0.3253393	0.25821495	-0.2701848	0.20219365	-0.19459201	0.9999992	-0.6268962	0.2807688	-0.100838795	0.21944876	-0.31662324	0.19023474	-0.18257101	0.08654003
0.25289625	-0.19201702	0.20246634	-0.19388586	0.16370286	-0.13194092	0.2163305	-0.31896555	0.26772758	-0.19096908	0.12391386	-0.6268962	0.99999917	-0.55370104	0.09607719	-0.16217805	0.17088926	-0.22386192	0.1886905	-0.08827671
-0.29957482	0.18516135	-0.22757135	0.22586007	-0.20571546	0.11821452	-0.20540307	0.25227153	-0.5559198	0.21122774	-0.115345836	0.2807688	-0.55370104	0.9999993	-0.13226683	0.13390496	-0.14860147	0.23348483	-0.31295732	0.116165176
0.11122977	-0.067526534	0.07202959	-0.07394344	0.0828685	-0.052549895	0.06649811	-0.077092335	0.09458439	-0.11339535	0.048545137	-0.100838795	0.09607719	-0.13226683	0.9999991	-0.07548681	0.07606882	-0.26183802	0.2253712	-0.9183329
-0.23789299	0.12756245	-0.11863953	0.10327158	-0.1052394	0.21775755	-0.14361621	0.12681699	-0.1284956	0.11737163	-0.31814143	0.21944876	-0.16217805	0.13390496	-0.07548681	0.9999991	-0.8361444	0.15973319	-0.14306441	0.06303361
0.19998652	-0.12739916	0.115016386	-0.1045844	0.10120665	-0.22465843	0.13928956	-0.13162054	0.12756217	-0.11942408	0.2088214	-0.31662324	0.17088926	-0.14860147	0.07606882	-0.8361444	0.9999993	-0.21329062	0.1494977	-0.065990366
-0.23823762	0.12750229	-0.13773413	0.129343	-0.13367262	0.104078636	-0.13292079	0.14472589	-0.18810827	0.14713974	-0.102699876	0.19023474	-0.22386192	0.23348483	-0.26183802	0.15973319	-0.21329062	0.9999992	-0.8129482	0.20907152
0.18035872	-0.11213686	0.11898807	-0.12140232	0.11527633	-0.09128326	0.11420152	-0.1345289	0.17100711	-0.13885663	0.08534004	-0.18257101	0.1886905	-0.31295732	0.2253712	-0.14306441	0.1494977	-0.8129482	0.9999993	-0.29898068
-0.10433541	0.060069375	-0.06547243	0.06542365	-0.07526222	0.04546553	-0.059894122	0.0683543	-0.08800938	0.09314405	-0.04271174	0.08654003	-0.08827671	0.116165176	-0.9183329	0.06303361	-0.065990366	0.20907152	-0.29898068	0.9999993
