1.0000001	-0.60812086	0.2726714	-0.18224047	0.18283576	-0.54405236	0.30082324	-0.23587997	0.1959341	-0.18463993	0.23351558	-0.2592567	0.1923613	-0.12606344	0.13259794	-0.23353262	0.18228848	-0.2369656	0.11054645	-0.19281892
-0.60812086	1.0000004	-0.47724837	0.19453532	-0.19317594	0.2784193	-0.49709964	0.2462281	-0.20354344	0.16262054	-0.18051617	0.19779052	-0.17987543	0.104654096	-0.113447614	0.15845656	-0.14103548	0.19066478	-0.09268934	0.15338492
0.2726714	-0.47724837	1.0000005	-0.4878086	0.282815	-0.2780995	0.28435376	-0.39969406	0.28725109	-0.2679389	0.1705829	-0.19939609	0.22970793	-0.15887405	0.17153446	-0.19178717	0.15679677	-0.28375795	0.13612968	-0.2472355
-0.18224047	0.19453532	-0.4878086	1.0000002	-0.6623826	0.16575035	-0.1891671	0.23309231	-0.4374064	0.26218784	-0.11136794	0.12520315	-0.16682567	0.12609176	-0.1589998	0.12144717	-0.1046076	0.18363084	-0.10918858	0.19805792
0.18283576	-0.19317594	0.282815	-0.6623826	0.99999994	-0.19718021	0.18849258	-0.2348742	0.30220705	-0.45633614	0.1281275	-0.1453725	0.18341205	-0.16874944	0.2253691	-0.15476468	0.1267967	-0.23146142	0.14274716	-0.31850198
-0.54405236	0.2784193	-0.2780995	0.16575035	-0.19718021	0.9999999	-0.40949526	0.22535604	-0.20849326	0.1608427	-0.52362067	0.29532844	-0.20854273	0.11103018	-0.12234372	0.22368969	-0.22624052	0.2039846	-0.10189812	0.15556851
0.30082324	-0.49709964	0.28435376	-0.1891671	0.18849258	-0.40949526	0.9999994	-0.4798954	0.2357087	-0.19268335	0.24828033	-0.38204882	0.23770328	-0.1299694	0.13222404	-0.21381998	0.18990554	-0.25637066	0.113904	-0.18084192
-0.23587997	0.2462281	-0.39969406	0.23309231	-0.2348742	0.22535604	-0.4798954	0.99999905	-0.4850125	0.22489469	-0.17000474	0.1987108	-0.46272376	0.14987741	-0.15402488	0.15948378	-0.15121134	0.28184327	-0.1341981	0.18803713
0.1959341	-0.20354344	0.28725109	-0.4374064	0.30220705	-0.20849326	0.2357087	-0.4850125	0.99999875	-0.5009726	0.1407139	-0.16462173	0.23699571	-0.21606374	0.23184022	-0.15661384	0.13523012	-0.26935846	0.16879986	-0.29259038
-0.18463993	0.16262054	-0.2679389	0.26218784	-0.45633614	0.1608427	-0.19268335	0.22489469	-0.5009726	0.9999991	-0.1175237	0.12763052	-0.18975282	0.17300168	-0.5476689	0.12431762	-0.11468333	0.19210264	-0.15977861	0.30438465
0.23351558	-0.18051617	0.1705829	-0.11136794	0.1281275	-0.52362067	0.24828033	-0.17000474	0.1407139	-0.1175237	0.99999917	-0.6857972	0.16959986	-0.08815738	0.08888416	-0.33403555	0.2549436	-0.18412142	0.079677515	-0.1191764
-0.2592567	0.19779052	-0.19939609	0.12520315	-0.1453725	0.29532844	-0.38204882	0.1987108	-0.16462173	0.12763052	-0.6857972	0.9999992	-0.22837842	0.09612189	-0.097050294	0.27615926	-0.39303204	0.20068106	-0.0881931	0.12552565
0.1923613	-0.17987543	0.22970793	-0.16682567	0.18341205	-0.20854273	0.23770328	-0.46272376	0.23699571	-0.18975282	0.16959986	-0.22837842	0.99999917	-0.22188643	0.1470084	-0.18712309	0.17661572	-0.722219	0.18744709	-0.19351964
-0.12606344	0.104654096	-0.15887405	0.12609176	-0.16874944	0.11103018	-0.1299694	0.14987741	-0.21606374	0.17300168	-0.08815738	0.09612189	-0.22188643	0.999999	-0.2507527	0.094751894	-0.09391237	0.21843258	-0.86142004	0.241891
0.13259794	-0.113447614	0.17153446	-0.1589998	0.2253691	-0.12234372	0.13222404	-0.15402488	0.23184022	-0.5476689	0.08888416	-0.097050294	0.1470084	-0.2507527	0.9999989	-0.100714095	0.09108476	-0.16875948	0.20226592	-0.7090436
-0.23353262	0.15845656	-0.19178717	0.12144717	-0.15476468	0.22368969	-0.21381998	0.15948378	-0.15661384	0.12431762	-0.33403555	0.27615926	-0.18712309	0.094751894	-0.100714095	0.9999989	-0.8171746	0.19628142	-0.09051983	0.12550269
0.18228848	-0.14103548	0.15679677	-0.1046076	0.1267967	-0.22624052	0.18990554	-0.15121134	0.13523012	-0.11468333	0.2549436	-0.39303204	0.17661572	-0.09391237	0.09108476	-0.8171746	0.99999887	-0.23773159	0.0876459	-0.121674955
-0.2369656	0.19066478	-0.28375795	0.18363084	-0.23146142	0.2039846	-0.25637066	0.28184327	-0.26935846	0.19210264	-0.18412142	0.20068106	-0.722219	0.21843258	-0.16875948	0.19628142	-0.23773159	0.9999989	-0.2756007	0.1987292
0.11054645	-0.09268934	0.13612968	-0.10918858	0.14274716	-0.10189812	0.113904	-0.1341981	0.16879986	-0.15977861	0.079677515	-0.0881931	0.18744709	-0.86142004	0.20226592	-0.09051983	0.0876459	-0.2756007	0.999999	-0.31567425
-0.19281892	0.15338492	-0.2472355	0.19805792	-0.31850198	0.15556851	-0.18084192	0.18803713	-0.29259038	0.30438465	-0.1191764	0.12552565	-0.19351964	0.241891	-0.7090436	0.12550269	-0.121674955	0.1987292	-0.31567425	0.999999
