1.0	-0.714621	0.16802265	-0.11484075	0.10374617	-0.5243744	0.32198742	-0.22174925	0.1265496	-0.086309925	0.1974738	-0.20612963	0.06797996	-0.06943544	0.07098203	-0.18999559	0.14627902	-0.07496385	0.017205654	-0.017806277
-0.714621	1.0000001	-0.22334576	0.12564813	-0.116482355	0.3117667	-0.5414734	0.21210715	-0.14314134	0.090445675	-0.1699794	0.16868323	-0.060832296	0.06733188	-0.07160838	0.13511017	-0.13412295	0.0640677	-0.016135313	0.01658189
0.16802265	-0.22334576	1.0000001	-0.6559737	0.24262811	-0.1786925	0.17866576	-0.57556593	0.30147287	-0.22605826	0.09476322	-0.10302058	0.07036202	-0.12918963	0.12386298	-0.08597546	0.07760543	-0.078210875	0.02673746	-0.028087616
-0.11484075	0.12564813	-0.6559737	1.0000001	-0.42093918	0.11051662	-0.11376707	0.3086474	-0.5139695	0.2637154	-0.063412935	0.06816091	-0.059280694	0.1317015	-0.13551494	0.056766327	-0.05303739	0.06457116	-0.025605848	0.026614746
0.10374617	-0.116482355	0.24262811	-0.42093918	1.0	-0.11762236	0.110338174	-0.32260633	0.31138986	-0.7484978	0.0682742	-0.07602624	0.07926839	-0.201761	0.18803509	-0.063707456	0.05881581	-0.09202904	0.037082616	-0.039906245
-0.5243744	0.3117667	-0.1786925	0.11051662	-0.11762236	1.0000002	-0.6356251	0.20600756	-0.14478564	0.089233756	-0.35560763	0.22934398	-0.07401661	0.07131397	-0.07731593	0.20294172	-0.1905068	0.0770461	-0.017638797	0.018015664
0.32198742	-0.5414734	0.17866576	-0.11376707	0.110338174	-0.6356251	1.0000001	-0.3008118	0.14388373	-0.08796485	0.21102722	-0.2816937	0.07005878	-0.06798803	0.07154953	-0.17238733	0.16815695	-0.07354766	0.016270922	-0.016679486
-0.22174925	0.21210715	-0.57556593	0.3086474	-0.32260633	0.20600756	-0.3008118	1.0000002	-0.5381455	0.24102485	-0.12321603	0.12665401	-0.09172742	0.1517208	-0.16765833	0.102420904	-0.10103198	0.09323695	-0.032692347	0.033385307
0.1265496	-0.14314134	0.30147287	-0.5139695	0.31138986	-0.14478564	0.14388373	-0.5381455	1.0000005	-0.4843219	0.08069508	-0.089278385	0.08510162	-0.22833051	0.19303943	-0.073550366	0.06831605	-0.093283385	0.037324894	-0.038966656
-0.086309925	0.090445675	-0.22605826	0.2637154	-0.7484978	0.089233756	-0.08796485	0.24102485	-0.4843219	1.0	-0.05483958	0.06057512	-0.07349032	0.20022005	-0.26920742	0.05005238	-0.04801769	0.081514046	-0.036283787	0.038210515
0.1974738	-0.1699794	0.09476322	-0.063412935	0.0682742	-0.35560763	0.21102722	-0.12321603	0.08069508	-0.05483958	0.9999999	-0.5049636	0.09868734	-0.05946627	0.061401144	-0.6853036	0.31360173	-0.10881563	0.016061295	-0.016380074
-0.20612963	0.16868323	-0.10302058	0.06816091	-0.07602624	0.22934398	-0.2816937	0.12665401	-0.089278385	0.06057512	-0.5049636	0.9999999	-0.16508628	0.073217705	-0.07694059	0.318259	-0.688933	0.14704795	-0.01954649	0.019677026
0.06797996	-0.060832296	0.07036202	-0.059280694	0.07926839	-0.07401661	0.07005878	-0.09172742	0.08510162	-0.07349032	0.09868734	-0.16508628	0.9999995	-0.248248	0.18549097	-0.095721796	0.13091423	-0.9192583	0.054418832	-0.05461975
-0.06943544	0.06733188	-0.12918963	0.1317015	-0.201761	0.07131397	-0.06798803	0.1517208	-0.22833051	0.20022005	-0.05946627	0.073217705	-0.248248	0.99999964	-0.86634886	0.05505799	-0.06205547	0.1947466	-0.121550076	0.10906339
0.07098203	-0.07160838	0.12386298	-0.13551494	0.18803509	-0.07731593	0.07154953	-0.16765833	0.19303943	-0.26920742	0.061401144	-0.07694059	0.18549097	-0.86634886	0.9999996	-0.059223246	0.06385847	-0.22193247	0.1064177	-0.11888657
-0.18999559	0.13511017	-0.08597546	0.056766327	-0.063707456	0.20294172	-0.17238733	0.102420904	-0.073550366	0.05005238	-0.6853036	0.318259	-0.095721796	0.05505799	-0.059223246	0.9999998	-0.59402215	0.09913004	-0.015029466	0.015178362
0.14627902	-0.13412295	0.07760543	-0.05303739	0.05881581	-0.1905068	0.16815695	-0.10103198	0.06831605	-0.04801769	0.31360173	-0.688933	0.13091423	-0.06205547	0.06385847	-0.59402215	1.0	-0.15563726	0.017195003	-0.017377684
-0.07496385	0.0640677	-0.078210875	0.06457116	-0.09202904	0.0770461	-0.07354766	0.09323695	-0.093283385	0.081514046	-0.10881563	0.14704795	-0.9192583	0.1947466	-0.22193247	0.09913004	-0.15563726	0.99999976	-0.059948675	0.05626704
0.017205654	-0.016135313	0.02673746	-0.025605848	0.037082616	-0.017638797	0.016270922	-0.032692347	0.037324894	-0.036283787	0.016061295	-0.01954649	0.054418832	-0.121550076	0.1064177	-0.015029466	0.017195003	-0.059948675	0.9999997	-0.9842832
-0.017806277	0.01658189	-0.028087616	0.026614746	-0.039906245	0.018015664	-0.016679486	0.033385307	-0.038966656	0.038210515	-0.016380074	0.019677026	-0.05461975	0.10906339	-0.11888657	0.015178362	-0.017377684	0.05626704	-0.9842832	0.9999997
