1.0000001	-0.55898845	0.21304947	-0.02451309	0.024315922	-0.7005447	0.3257423	-0.15487672	0.07016037	-0.07742262	0.16788328	-0.21864922	0.13195418	-0.069075644	0.03974256	-0.13087046	0.11704706	-0.17853843	0.069172665	-0.04558785
-0.55898845	1.0000001	-0.39447162	0.029301926	-0.029148117	0.31269777	-0.628088	0.18473613	-0.0801364	0.08517228	-0.14374566	0.21451159	-0.15429625	0.07329869	-0.042939637	0.1051205	-0.11012279	0.16241767	-0.07399764	0.048678268
0.21304947	-0.39447162	1.0000001	-0.074156865	0.0700145	-0.20577067	0.25447154	-0.56431556	0.19012879	-0.21797313	0.19180967	-0.41104046	0.2984767	-0.1603747	0.09898867	-0.16287313	0.18480746	-0.34782764	0.15299508	-0.11593676
-0.02451309	0.029301926	-0.074156865	1.0000001	-0.9732473	0.022099363	-0.030030249	0.068328194	-0.1604716	0.13601425	-0.025974385	0.0468476	-0.055678003	0.044035565	-0.044848666	0.020434264	-0.026622297	0.043732844	-0.04316845	0.047917582
0.024315922	-0.029148117	0.0700145	-0.9732473	1.0	-0.022163568	0.029787024	-0.06894362	0.1388191	-0.15707444	0.026356852	-0.04807996	0.055015497	-0.044590924	0.047704842	-0.020872312	0.02709398	-0.04522848	0.042954806	-0.052712996
-0.7005447	0.31269777	-0.20577067	0.022099363	-0.022163568	1.0	-0.5622182	0.1370339	-0.06373592	0.06738441	-0.23465882	0.20453075	-0.13024598	0.06351708	-0.035746254	0.13774359	-0.124228284	0.15908696	-0.06504759	0.040267102
0.3257423	-0.628088	0.25447154	-0.030030249	0.029787024	-0.5622182	1.0	-0.2145313	0.08855107	-0.096106365	0.17893885	-0.31182635	0.17178683	-0.08396812	0.0483917	-0.13568877	0.1322091	-0.1962177	0.08402615	-0.055228516
-0.15487672	0.18473613	-0.56431556	0.068328194	-0.06894362	0.1370339	-0.2145313	1.0000001	-0.3105762	0.22030908	-0.142844	0.26884928	-0.61292356	0.17556301	-0.100839406	0.10826075	-0.13554485	0.21028903	-0.17580377	0.10783099
0.07016037	-0.0801364	0.19012879	-0.1604716	0.1388191	-0.06373592	0.08855107	-0.3105762	1.0000001	-0.8344683	0.07818049	-0.14002712	0.19564855	-0.20390517	0.17749196	-0.060616497	0.08102964	-0.13122332	0.16690306	-0.20175132
-0.07742262	0.08517228	-0.21797313	0.13601425	-0.15707444	0.06738441	-0.096106365	0.22030908	-0.8344683	0.9999999	-0.082368985	0.13685864	-0.20784245	0.16608483	-0.263186	0.062222976	-0.08538993	0.1282569	-0.17918938	0.19871935
0.16788328	-0.14374566	0.19180967	-0.025974385	0.026356852	-0.23465882	0.17893885	-0.142844	0.07818049	-0.082368985	0.99999994	-0.44296297	0.18350299	-0.101877026	0.04931043	-0.68887097	0.30278158	-0.36555833	0.105220206	-0.055121955
-0.21864922	0.21451159	-0.41104046	0.0468476	-0.04807996	0.20453075	-0.31182635	0.26884928	-0.14002712	0.13685864	-0.44296297	1.0000002	-0.49725366	0.16278715	-0.08220512	0.23747763	-0.31951907	0.290362	-0.17857516	0.087915175
0.13195418	-0.15429625	0.2984767	-0.055678003	0.055015497	-0.13024598	0.17178683	-0.61292356	0.19564855	-0.20784245	0.18350299	-0.49725366	1.0000002	-0.30293208	0.102405295	-0.14634804	0.17705701	-0.3100347	0.21872477	-0.117016174
-0.069075644	0.07329869	-0.1603747	0.044035565	-0.044590924	0.06351708	-0.08396812	0.17556301	-0.20390517	0.16608483	-0.101877026	0.16278715	-0.30293208	0.9999999	-0.1345929	0.077619806	-0.11979018	0.18865788	-0.8680411	0.1375846
0.03974256	-0.042939637	0.09898867	-0.044848666	0.047704842	-0.035746254	0.0483917	-0.100839406	0.17749196	-0.263186	0.04931043	-0.08220512	0.102405295	-0.1345929	1.0	-0.03838637	0.053962477	-0.089521274	0.13824214	-0.9239737
-0.13087046	0.1051205	-0.16287313	0.020434264	-0.020872312	0.13774359	-0.13568877	0.10826075	-0.060616497	0.062222976	-0.68887097	0.23747763	-0.14634804	0.077619806	-0.03838637	1.0000002	-0.5944611	0.27225468	-0.08425014	0.0421043
0.11704706	-0.11012279	0.18480746	-0.026622297	0.02709398	-0.124228284	0.1322091	-0.13554485	0.08102964	-0.08538993	0.30278158	-0.31951907	0.17705701	-0.11979018	0.053962477	-0.5944611	1.0000002	-0.62616366	0.1262372	-0.060382914
-0.17853843	0.16241767	-0.34782764	0.043732844	-0.04522848	0.15908696	-0.1962177	0.21028903	-0.13122332	0.1282569	-0.36555833	0.290362	-0.3100347	0.18865788	-0.089521274	0.27225468	-0.62616366	1.0000002	-0.25892073	0.09417691
0.069172665	-0.07399764	0.15299508	-0.04316845	0.042954806	-0.06504759	0.08402615	-0.17580377	0.16690306	-0.17918938	0.105220206	-0.17857516	0.21872477	-0.8680411	0.13824214	-0.08425014	0.1262372	-0.25892073	1.0000001	-0.17748134
-0.04558785	0.048678268	-0.11593676	0.047917582	-0.052712996	0.040267102	-0.055228516	0.10783099	-0.20175132	0.19871935	-0.055121955	0.087915175	-0.117016174	0.1375846	-0.9239737	0.0421043	-0.060382914	0.09417691	-0.17748134	1.0000001
