0.9999999	-0.8785601	0.21485074	-0.26431656	0.05844091	-0.25318733	0.15030715	-0.09828987	0.08220375	-0.04559908	0.1637776	-0.1067466	0.08623955	-0.050701864	0.037383005	-0.10944187	0.08330438	-0.06905959	0.045141418	-0.0457449
-0.8785601	0.9999999	-0.30263922	0.22138998	-0.057248812	0.1812624	-0.16955587	0.09434861	-0.082291596	0.043873407	-0.16830783	0.10546857	-0.0865109	0.048767183	-0.036139127	0.102475904	-0.08298968	0.066860355	-0.043939006	0.04373629
0.21485074	-0.30263922	0.9999997	-0.88232017	0.10203595	-0.09836538	0.10031487	-0.2114202	0.1527439	-0.079749934	0.089707576	-0.07264668	0.10269331	-0.065092765	0.052861623	-0.09269274	0.070739746	-0.074680984	0.055381935	-0.061721
-0.26431656	0.22138998	-0.88232017	0.99999964	-0.13163333	0.1097245	-0.11940092	0.1827932	-0.18833047	0.09391262	-0.10900908	0.08309836	-0.117153086	0.073344685	-0.06146904	0.101705156	-0.08159049	0.08283559	-0.063376494	0.0697966
0.05844091	-0.057248812	0.10203595	-0.13163333	0.9999997	-0.070316195	0.098476045	-0.305284	0.2695121	-0.814836	0.069773585	-0.08376658	0.16484167	-0.20799449	0.23002593	-0.1514903	0.107795805	-0.15413553	0.15135916	-0.27555436
-0.25318733	0.1812624	-0.09836538	0.1097245	-0.070316195	0.99999964	-0.41529918	0.10584739	-0.097480066	0.054084934	-0.7873726	0.2707384	-0.16400544	0.08149771	-0.05526883	0.21044056	-0.1929894	0.12855656	-0.076994434	0.069128
0.15030715	-0.16955587	0.10031487	-0.11940092	0.098476045	-0.41529918	0.9999992	-0.16558023	0.13622655	-0.078600675	0.29520655	-0.65881115	0.23098317	-0.13514097	0.086517155	-0.4313127	0.28607506	-0.21936658	0.12196578	-0.11300205
-0.09828987	0.09434861	-0.2114202	0.1827932	-0.305284	0.10584739	-0.16558023	0.9999992	-0.74734515	0.23035744	-0.10841094	0.13276972	-0.3807712	0.18236208	-0.15115494	0.18778847	-0.15191364	0.2002038	-0.15950873	0.1632097
0.08220375	-0.082291596	0.1527439	-0.18833047	0.2695121	-0.097480066	0.13622655	-0.74734515	0.9999992	-0.37819815	0.09562325	-0.116911314	0.24057753	-0.23622853	0.17578861	-0.20555702	0.14316335	-0.2069853	0.16726935	-0.20377915
-0.04559908	0.043873407	-0.079749934	0.09391262	-0.814836	0.054084934	-0.078600675	0.23035744	-0.37819815	0.9999991	-0.05475558	0.065892346	-0.13866362	0.1745625	-0.3035457	0.11059243	-0.08507053	0.11956972	-0.1334553	0.2196309
0.1637776	-0.16830783	0.089707576	-0.10900908	0.069773585	-0.7873726	0.29520655	-0.10841094	0.09562325	-0.05475558	0.9999985	-0.41589776	0.16407022	-0.08866007	0.058211718	-0.2705333	0.20304984	-0.1438412	0.081929296	-0.07455915
-0.1067466	0.10546857	-0.07264668	0.08309836	-0.08376658	0.2707384	-0.65881115	0.13276972	-0.116911314	0.065892346	-0.41589776	0.99999845	-0.28588268	0.11712632	-0.07470809	0.3049002	-0.4566034	0.21085016	-0.114262566	0.09539521
0.08623955	-0.0865109	0.10269331	-0.117153086	0.16484167	-0.16400544	0.23098317	-0.3807712	0.24057753	-0.13866362	0.16407022	-0.28588268	0.9999982	-0.30468664	0.1697295	-0.37948734	0.28166398	-0.60829526	0.25474668	-0.23008731
-0.050701864	0.048767183	-0.065092765	0.073344685	-0.20799449	0.08149771	-0.13514097	0.18236208	-0.23622853	0.1745625	-0.08866007	0.11712632	-0.30468664	0.9999984	-0.46347612	0.16289209	-0.17280689	0.2603724	-0.6824692	0.30633497
0.037383005	-0.036139127	0.052861623	-0.06146904	0.23002593	-0.05526883	0.086517155	-0.15115494	0.17578861	-0.3035457	0.058211718	-0.07470809	0.1697295	-0.46347612	0.99999857	-0.11561208	0.10499136	-0.16570407	0.2663994	-0.7548283
-0.10944187	0.102475904	-0.09269274	0.101705156	-0.1514903	0.21044056	-0.4313127	0.18778847	-0.20555702	0.11059243	-0.2705333	0.3049002	-0.37948734	0.16289209	-0.11561208	0.99999857	-0.66142976	0.27339828	-0.17346463	0.13683087
0.08330438	-0.08298968	0.070739746	-0.08159049	0.107795805	-0.1929894	0.28607506	-0.15191364	0.14316335	-0.08507053	0.20304984	-0.4566034	0.28166398	-0.17280689	0.10499136	-0.66142976	0.99999875	-0.4324474	0.17368443	-0.13662489
-0.06905959	0.066860355	-0.074680984	0.08283559	-0.15413553	0.12855656	-0.21936658	0.2002038	-0.2069853	0.11956972	-0.1438412	0.21085016	-0.60829526	0.2603724	-0.16570407	0.27339828	-0.4324474	0.9999989	-0.46518776	0.19705835
0.045141418	-0.043939006	0.055381935	-0.063376494	0.15135916	-0.076994434	0.12196578	-0.15950873	0.16726935	-0.1334553	0.081929296	-0.114262566	0.25474668	-0.6824692	0.2663994	-0.17346463	0.17368443	-0.46518776	0.9999989	-0.40521795
-0.0457449	0.04373629	-0.061721	0.0697966	-0.27555436	0.069128	-0.11300205	0.1632097	-0.20377915	0.2196309	-0.07455915	0.09539521	-0.23008731	0.30633497	-0.7548283	0.13683087	-0.13662489	0.19705835	-0.40521795	0.9999989
