1.0000001	-0.9270894	0.08435301	-0.07071344	0.033877444	-0.2460295	0.20613776	-0.083452314	0.06281361	-0.039262515	0.10471967	-0.14688125	0.06352179	-0.04004799	0.032110654	-0.10231863	0.12061544	-0.06179184	0.03832735	-0.02888897
-0.9270894	0.99999994	-0.09224199	0.067765	-0.032851603	0.19306749	-0.26397282	0.08199221	-0.06280293	0.03725519	-0.09894485	0.13782275	-0.062096436	0.038630877	-0.031210562	0.09046593	-0.12412231	0.057887558	-0.037210565	0.027657196
0.08435301	-0.09224199	0.9999998	-0.60978967	0.17966758	-0.098937824	0.10460293	-0.6686018	0.3059568	-0.20803583	0.053867515	-0.082038514	0.1135264	-0.12725796	0.10230455	-0.053273853	0.07241318	-0.10502853	0.11336227	-0.08484732
-0.07071344	0.067765	-0.60978967	1.0000001	-0.36647293	0.08107145	-0.08607842	0.31334668	-0.53157914	0.25564963	-0.049837984	0.07295238	-0.1466493	0.17633618	-0.1538616	0.047979936	-0.0707612	0.124267146	-0.17036039	0.11673656
0.033877444	-0.032851603	0.17966758	-0.36647293	1.0	-0.04620995	0.046163607	-0.16009004	0.21088688	-0.87928915	0.028103456	-0.04071804	0.080301516	-0.099692285	0.0984547	-0.02742182	0.03967295	-0.074750386	0.09142059	-0.08105073
-0.2460295	0.19306749	-0.098937824	0.08107145	-0.04620995	0.9999997	-0.6202563	0.11351175	-0.100097366	0.051115572	-0.4807406	0.29911193	-0.13262767	0.07010134	-0.056828905	0.2718697	-0.39715979	0.11831844	-0.06966473	0.05038673
0.20613776	-0.26397282	0.10460293	-0.08607842	0.046163607	-0.6202563	0.9999996	-0.14646457	0.10291635	-0.052236408	0.23181234	-0.58012897	0.13292894	-0.07290115	0.055763565	-0.23419441	0.28548938	-0.12771566	0.06918334	-0.05104763
-0.083452314	0.08199221	-0.6686018	0.31334668	-0.16009004	0.11351175	-0.14646457	0.99999946	-0.5769911	0.16507374	-0.06497829	0.10088602	-0.1606352	0.17535079	-0.14121081	0.0628739	-0.09011195	0.13269779	-0.16290915	0.10971402
0.06281361	-0.06280293	0.3059568	-0.53157914	0.21088688	-0.100097366	0.10291635	-0.5769911	0.9999993	-0.28657213	0.057822127	-0.08951496	0.17197175	-0.34873965	0.18051137	-0.057456415	0.081099264	-0.1685601	0.20645417	-0.15811653
-0.039262515	0.03725519	-0.20803583	0.25564963	-0.87928915	0.051115572	-0.052236408	0.16507374	-0.28657213	0.99999917	-0.032271322	0.046577927	-0.10010688	0.12184255	-0.13144499	0.03108844	-0.04633408	0.08789665	-0.11779052	0.09684638
0.10471967	-0.09894485	0.053867515	-0.049837984	0.028103456	-0.4807406	0.23181234	-0.06497829	0.057822127	-0.032271322	0.9999993	-0.28317988	0.09462253	-0.04851209	0.037669227	-0.7558954	0.2892039	-0.09566145	0.047461014	-0.035257474
-0.14688125	0.13782275	-0.082038514	0.07295238	-0.04071804	0.29911193	-0.58012897	0.10088602	-0.08951496	0.046577927	-0.28317988	0.9999991	-0.20524648	0.08032016	-0.05969359	0.24372882	-0.6320909	0.15963246	-0.07713527	0.0555978
0.06352179	-0.062096436	0.1135264	-0.1466493	0.080301516	-0.13262767	0.13292894	-0.1606352	0.17197175	-0.10010688	0.09462253	-0.20524648	0.99999934	-0.3325501	0.17999725	-0.0959838	0.15897065	-0.82572407	0.25504056	-0.18925986
-0.04004799	0.038630877	-0.12725796	0.17633618	-0.099692285	0.07010134	-0.07290115	0.17535079	-0.34873965	0.12184255	-0.04851209	0.08032016	-0.3325501	0.99999946	-0.4680819	0.04731303	-0.07714348	0.2524958	-0.64506125	0.29759884
0.032110654	-0.031210562	0.10230455	-0.1538616	0.0984547	-0.056828905	0.055763565	-0.14121081	0.18051137	-0.13144499	0.037669227	-0.05969359	0.17999725	-0.4680819	0.9999995	-0.03738059	0.058103964	-0.20255001	0.31119746	-0.7738483
-0.10231863	0.09046593	-0.053273853	0.047979936	-0.02742182	0.2718697	-0.23419441	0.0628739	-0.057456415	0.03108844	-0.7558954	0.24372882	-0.0959838	0.04731303	-0.03738059	0.99999934	-0.5104363	0.09206638	-0.047320496	0.03429731
0.12061544	-0.12412231	0.07241318	-0.0707612	0.03967295	-0.39715979	0.28548938	-0.09011195	0.081099264	-0.04633408	0.2892039	-0.6320909	0.15897065	-0.07714348	0.058103964	-0.5104363	0.9999994	-0.17751117	0.07587949	-0.055775143
-0.06179184	0.057887558	-0.10502853	0.124267146	-0.074750386	0.11831844	-0.12771566	0.13269779	-0.1685601	0.08789665	-0.09566145	0.15963246	-0.82572407	0.2524958	-0.20255001	0.09206638	-0.17751117	0.9999995	-0.3680493	0.18208158
0.03832735	-0.037210565	0.11336227	-0.17036039	0.09142059	-0.06966473	0.06918334	-0.16290915	0.20645417	-0.11779052	0.047461014	-0.07713527	0.25504056	-0.64506125	0.31119746	-0.047320496	0.07587949	-0.3680493	0.9999994	-0.51282316
-0.02888897	0.027657196	-0.08484732	0.11673656	-0.08105073	0.05038673	-0.05104763	0.10971402	-0.15811653	0.09684638	-0.035257474	0.0555978	-0.18925986	0.29759884	-0.7738483	0.03429731	-0.055775143	0.18208158	-0.51282316	0.9999994
