1.0000001	-0.4050654	0.23247975	-0.2131931	0.13263206	-0.79012257	0.21575324	-0.13335942	0.14019448	-0.18192855	0.10531564	-0.17835806	0.14299646	-0.10266186	0.12342122	-0.11565004	0.059391297	-0.06131627	0.11333719	-0.08386584
-0.4050654	0.9999998	-0.7625182	0.24450763	-0.18044207	0.24423046	-0.23237294	0.1662323	-0.17143168	0.17544922	-0.055835485	0.15898097	-0.17764194	0.11619914	-0.14397544	0.06005536	-0.05514207	0.055795774	-0.1276828	0.09065759
0.23247975	-0.7625182	0.9999998	-0.42145145	0.19690067	-0.23582411	0.18619709	-0.20337059	0.16723146	-0.21309777	0.053324666	-0.15493543	0.1685261	-0.11412822	0.13066629	-0.058358908	0.05176092	-0.053346585	0.11476081	-0.08481622
-0.2131931	0.24450763	-0.42145145	0.9999997	-0.6446589	0.18087205	-0.22891812	0.18004656	-0.26003665	0.30871332	-0.05189364	0.16506451	-0.20362343	0.16482122	-0.21640742	0.05571685	-0.06520463	0.06508927	-0.18818396	0.12874092
0.13263206	-0.18044207	0.19690067	-0.6446589	0.99999946	-0.13334955	0.14862488	-0.13241188	0.19163191	-0.6485632	0.03725487	-0.11898968	0.137396	-0.12507778	0.14599143	-0.040484514	0.044948403	-0.04567566	0.12474643	-0.090472765
-0.79012257	0.24423046	-0.23582411	0.18087205	-0.13334955	0.99999964	-0.33272755	0.1538746	-0.17457858	0.16716053	-0.14526004	0.20214134	-0.18171287	0.1263716	-0.16364294	0.1292921	-0.07321698	0.07269689	-0.15214509	0.105941385
0.21575324	-0.23237294	0.18619709	-0.22891812	0.14862488	-0.33272755	0.9999998	-0.29515556	0.20914227	-0.241587	0.13356172	-0.7127154	0.27522793	-0.16107397	0.16652411	-0.14861892	0.13061462	-0.14107265	0.15307952	-0.12448309
-0.13335942	0.1662323	-0.20337059	0.18004656	-0.13241188	0.1538746	-0.29515556	1.0	-0.4934276	0.20578445	-0.060971785	0.25478324	-0.69902265	0.22179526	-0.2006967	0.06506125	-0.087457605	0.090023644	-0.15807448	0.1263476
0.14019448	-0.17143168	0.16723146	-0.26003665	0.19163191	-0.17457858	0.20914227	-0.4934276	1.0000002	-0.39207864	0.059170198	-0.22522412	0.27607912	-0.5472667	0.27275524	-0.065240964	0.07700196	-0.08236878	0.20859046	-0.19014332
-0.18192855	0.17544922	-0.21309777	0.30871332	-0.6485632	0.16716053	-0.241587	0.20578445	-0.39207864	1.0000001	-0.05320973	0.17894177	-0.23418927	0.21262744	-0.27154294	0.057104815	-0.07278682	0.072715916	-0.22541244	0.15589933
0.10531564	-0.055835485	0.053324666	-0.05189364	0.03725487	-0.14526004	0.13356172	-0.060971785	0.059170198	-0.05320973	0.9999998	-0.16884898	0.08311598	-0.0445581	0.052982587	-0.9592207	0.07576669	-0.07427455	0.05179	-0.038208265
-0.17835806	0.15898097	-0.15493543	0.16506451	-0.11898968	0.20214134	-0.7127154	0.25478324	-0.22522412	0.17894177	-0.16884898	0.9999999	-0.44995573	0.16225773	-0.18525873	0.14647166	-0.18778493	0.15763709	-0.16965331	0.12544663
0.14299646	-0.17764194	0.1685261	-0.20362343	0.137396	-0.18171287	0.27522793	-0.69902265	0.27607912	-0.23418927	0.08311598	-0.44995573	0.9999997	-0.2364463	0.1839529	-0.09017814	0.118394546	-0.13407122	0.15656355	-0.13541053
-0.10266186	0.11619914	-0.11412822	0.16482122	-0.12507778	0.1263716	-0.16107397	0.22179526	-0.5472667	0.21262744	-0.0445581	0.16225773	-0.2364463	0.9999996	-0.63225114	0.04868733	-0.06997815	0.07300651	-0.34963268	0.25730953
0.12342122	-0.14397544	0.13066629	-0.21640742	0.14599143	-0.16364294	0.16652411	-0.2006967	0.27275524	-0.27154294	0.052982587	-0.18525873	0.1839529	-0.63225114	0.99999976	-0.05897822	0.07379291	-0.07904848	0.30580172	-0.5040858
-0.11565004	0.06005536	-0.058358908	0.05571685	-0.040484514	0.1292921	-0.14861892	0.06506125	-0.065240964	0.057104815	-0.9592207	0.14647166	-0.09017814	0.04868733	-0.05897822	0.99999976	-0.085266136	0.075403094	-0.057556406	0.04176096
0.059391297	-0.05514207	0.05176092	-0.06520463	0.044948403	-0.07321698	0.13061462	-0.087457605	0.07700196	-0.07278682	0.07576669	-0.18778493	0.118394546	-0.06997815	0.07379291	-0.085266136	0.9999999	-0.954394	0.10539437	-0.08583415
-0.06131627	0.055795774	-0.053346585	0.06508927	-0.04567566	0.07269689	-0.14107265	0.090023644	-0.08236878	0.072715916	-0.07427455	0.15763709	-0.13407122	0.07300651	-0.07904848	0.075403094	-0.954394	1.0	-0.123869315	0.08706955
0.11333719	-0.1276828	0.11476081	-0.18818396	0.12474643	-0.15214509	0.15307952	-0.15807448	0.20859046	-0.22541244	0.05179	-0.16965331	0.15656355	-0.34963268	0.30580172	-0.057556406	0.10539437	-0.123869315	1.0000001	-0.7818534
-0.08386584	0.09065759	-0.08481622	0.12874092	-0.090472765	0.105941385	-0.12448309	0.1263476	-0.19014332	0.15589933	-0.038208265	0.12544663	-0.13541053	0.25730953	-0.5040858	0.04176096	-0.08583415	0.08706955	-0.7818534	1.0000001
