1.0	-0.5873488	0.20825511	-0.082391106	0.0758461	-0.7150222	0.25426883	-0.14970878	0.09028168	-0.10046228	0.15876184	-0.15121919	0.12544164	-0.10990231	0.08872779	-0.12678882	0.12953211	-0.11338687	0.0840759	-0.078959495
-0.5873488	0.99999964	-0.4320254	0.12436989	-0.117619865	0.3166414	-0.51347303	0.24405716	-0.13944657	0.14829618	-0.17533551	0.20324148	-0.18822385	0.15369423	-0.13036112	0.13301134	-0.17625478	0.14603634	-0.11829675	0.10903933
0.20825511	-0.4320254	0.9999999	-0.24135926	0.18798439	-0.29122144	0.3167183	-0.6267068	0.24536426	-0.28394994	0.17128693	-0.2654399	0.2467054	-0.24046025	0.1718997	-0.15158372	0.18407907	-0.20279032	0.1607851	-0.15753967
-0.082391106	0.12436989	-0.24135926	1.0000001	-0.7595485	0.10726018	-0.17485033	0.20461342	-0.46772867	0.31740987	-0.102368884	0.13804406	-0.16196047	0.192406	-0.16254857	0.08525334	-0.1315588	0.12864514	-0.13534859	0.12166313
0.0758461	-0.117619865	0.18798439	-0.7595485	1.0000004	-0.10293485	0.15043089	-0.18932815	0.2989655	-0.5211782	0.093009084	-0.13224582	0.14329757	-0.18811111	0.15035424	-0.08002128	0.11761735	-0.12569806	0.12274062	-0.1235583
-0.7150222	0.3166414	-0.29122144	0.10726018	-0.10293485	1.0000006	-0.3936697	0.1937318	-0.120200105	0.1292589	-0.28412354	0.19997314	-0.17624545	0.14501567	-0.12414924	0.17470177	-0.19977702	0.15102631	-0.11589017	0.10562588
0.25426883	-0.51347303	0.3167183	-0.17485033	0.15043089	-0.3936697	1.0000007	-0.4615325	0.19794892	-0.22018331	0.20310842	-0.3941591	0.26072347	-0.22183529	0.16211788	-0.17127496	0.19694264	-0.19892415	0.1540988	-0.1464544
-0.14970878	0.24405716	-0.6267068	0.20461342	-0.18932815	0.1937318	-0.4615325	1.0000008	-0.37075555	0.24651755	-0.15422854	0.2506202	-0.35820782	0.2291938	-0.17064853	0.12786196	-0.17353353	0.175465	-0.15709281	0.13968343
0.09028168	-0.13944657	0.24536426	-0.46772867	0.2989655	-0.120200105	0.19794892	-0.37075555	1.0000007	-0.62851566	0.114708036	-0.16925985	0.20347692	-0.35722747	0.19180387	-0.09715303	0.14624396	-0.15771127	0.17160647	-0.15240015
-0.10046228	0.14829618	-0.28394994	0.31740987	-0.5211782	0.1292589	-0.22018331	0.24651755	-0.62851566	1.0000008	-0.12983346	0.17107067	-0.20628993	0.24530375	-0.255656	0.10727377	-0.1702293	0.16374013	-0.18103443	0.16846275
0.15876184	-0.17533551	0.17128693	-0.102368884	0.093009084	-0.28412354	0.20310842	-0.15422854	0.114708036	-0.12983346	1.0000006	-0.38320637	0.21438943	-0.18494834	0.13665296	-0.73229605	0.28810424	-0.24568594	0.14749256	-0.13548553
-0.15121919	0.20324148	-0.2654399	0.13804406	-0.13224582	0.19997314	-0.3941591	0.2506202	-0.16925985	0.17107067	-0.38320637	1.0000006	-0.64839745	0.24851288	-0.19791594	0.22565986	-0.293093	0.23150486	-0.19360341	0.15991417
0.12544164	-0.18822385	0.2467054	-0.16196047	0.14329757	-0.17624545	0.26072347	-0.35820782	0.20347692	-0.20628993	0.21438943	-0.64839745	1.0000005	-0.43164206	0.20574568	-0.18816733	0.22982201	-0.3060952	0.22300418	-0.18737568
-0.10990231	0.15369423	-0.24046025	0.192406	-0.18811111	0.14501567	-0.22183529	0.2291938	-0.35722747	0.24530375	-0.18494834	0.24851288	-0.43164206	1.0000004	-0.41688445	0.15267016	-0.26249745	0.27880698	-0.510582	0.2784887
0.08872779	-0.13036112	0.1718997	-0.16254857	0.15035424	-0.12414924	0.16211788	-0.17064853	0.19180387	-0.255656	0.13665296	-0.19791594	0.20574568	-0.41688445	1.0000005	-0.12717842	0.19277455	-0.2728961	0.30046427	-0.7423009
-0.12678882	0.13301134	-0.15158372	0.08525334	-0.08002128	0.17470177	-0.17127496	0.12786196	-0.09715303	0.10727377	-0.73229605	0.22565986	-0.18816733	0.15267016	-0.12717842	1.0000004	-0.53003806	0.22056755	-0.14031327	0.117816284
0.12953211	-0.17625478	0.18407907	-0.1315588	0.11761735	-0.19977702	0.19694264	-0.17353353	0.14624396	-0.1702293	0.28810424	-0.293093	0.22982201	-0.26249745	0.19277455	-0.53003806	1.0000002	-0.5731986	0.24023661	-0.21517074
-0.11338687	0.14603634	-0.20279032	0.12864514	-0.12569806	0.15102631	-0.19892415	0.175465	-0.15771127	0.16374013	-0.24568594	0.23150486	-0.3060952	0.27880698	-0.2728961	0.22056755	-0.5731986	1.0000001	-0.54514956	0.24574494
0.0840759	-0.11829675	0.1607851	-0.13534859	0.12274062	-0.11589017	0.1540988	-0.15709281	0.17160647	-0.18103443	0.14749256	-0.19360341	0.22300418	-0.510582	0.30046427	-0.14031327	0.24023661	-0.54514956	1.0	-0.50719255
-0.078959495	0.10903933	-0.15753967	0.12166313	-0.1235583	0.10562588	-0.1464544	0.13968343	-0.15240015	0.16846275	-0.13548553	0.15991417	-0.18737568	0.2784887	-0.7423009	0.117816284	-0.21517074	0.24574494	-0.50719255	1.0
