1.0	-0.42031664	0.16696315	-0.16419007	0.09952152	-0.79559755	0.3091335	-0.10589194	0.08519088	-0.07028854	0.11054772	-0.22632775	0.08680979	-0.07162006	0.060354587	-0.08329744	0.12493925	-0.08771497	0.07130131	-0.089516535
-0.42031664	1.0	-0.43584034	0.23200761	-0.15915695	0.2713217	-0.63225895	0.14522256	-0.12717755	0.098921515	-0.15348566	0.2500286	-0.12921344	0.10222316	-0.08796369	0.1052048	-0.19634977	0.12098732	-0.10607385	0.12191946
0.16696315	-0.43584034	0.9999998	-0.70829093	0.22356786	-0.1305634	0.21558231	-0.26971588	0.22018243	-0.1608813	0.11976881	-0.24426255	0.15419686	-0.15921168	0.13302682	-0.08981428	0.16469981	-0.15305299	0.15238722	-0.19874163
-0.16419007	0.23200761	-0.70829093	0.99999976	-0.35738656	0.11432034	-0.19847888	0.25381267	-0.35307896	0.17983167	-0.13085493	0.20037925	-0.17102465	0.18237121	-0.15928775	0.09358533	-0.18150316	0.15224619	-0.18880226	0.20434408
0.09952152	-0.15915695	0.22356786	-0.35738656	0.9999996	-0.07724125	0.12581743	-0.24674468	0.21413873	-0.5760666	0.11013146	-0.21098334	0.17286396	-0.25218484	0.30737042	-0.08530063	0.1583093	-0.17564698	0.24049836	-0.5115067
-0.79559755	0.2713217	-0.1305634	0.11432034	-0.07724125	0.99999946	-0.50138324	0.079696685	-0.06557372	0.052331544	-0.10950923	0.17976043	-0.07119344	0.0548069	-0.045991138	0.075643145	-0.11152581	0.0701328	-0.0555608	0.06612645
0.3091335	-0.63225895	0.21558231	-0.19847888	0.12581743	-0.50138324	0.99999964	-0.13992316	0.110743664	-0.086440414	0.13906904	-0.38514465	0.117287576	-0.09108266	0.075671606	-0.10118988	0.17473418	-0.11439344	0.091376536	-0.109120116
-0.10589194	0.14522256	-0.26971588	0.25381267	-0.24674468	0.079696685	-0.13992316	0.99999946	-0.75157034	0.16855793	-0.11841635	0.17982553	-0.32990766	0.25734124	-0.17693627	0.089664385	-0.18149331	0.21138987	-0.26173258	0.19682193
0.08519088	-0.12717755	0.22018243	-0.35307896	0.21413873	-0.06557372	0.110743664	-0.75157034	0.99999946	-0.18636441	0.09346018	-0.16006865	0.21618927	-0.37630117	0.17247598	-0.073397055	0.14150245	-0.19168441	0.23529255	-0.20395927
-0.07028854	0.098921515	-0.1608813	0.17983167	-0.5760666	0.052331544	-0.086440414	0.16855793	-0.18636441	0.9999996	-0.08201378	0.12922482	-0.1365259	0.2140521	-0.6863116	0.06116706	-0.11896175	0.12210051	-0.22430718	0.30197498
0.11054772	-0.15348566	0.11976881	-0.13085493	0.11013146	-0.10950923	0.13906904	-0.11841635	0.09346018	-0.08201378	0.9999995	-0.39385435	0.13907252	-0.09230696	0.07277809	-0.8059778	0.30003983	-0.18061098	0.09036696	-0.10820369
-0.22632775	0.2500286	-0.24426255	0.20037925	-0.21098334	0.17976043	-0.38514465	0.17982553	-0.16006865	0.12922482	-0.39385435	0.9999992	-0.27886313	0.15076013	-0.123183064	0.25086895	-0.55799484	0.23967044	-0.16134644	0.16151154
0.08680979	-0.12921344	0.15419686	-0.17102465	0.17286396	-0.07119344	0.117287576	-0.32990766	0.21618927	-0.1365259	0.13907252	-0.27886313	0.9999993	-0.29633126	0.14027815	-0.12737012	0.24492295	-0.763028	0.20933622	-0.17749883
-0.07162006	0.10222316	-0.15921168	0.18237121	-0.25218484	0.0548069	-0.09108266	0.25734124	-0.37630117	0.2140521	-0.09230696	0.15076013	-0.29633126	0.99999946	-0.3358642	0.07284313	-0.144704	0.20158935	-0.7008691	0.28448948
0.060354587	-0.08796369	0.13302682	-0.15928775	0.30737042	-0.045991138	0.075671606	-0.17693627	0.17247598	-0.6863116	0.07277809	-0.123183064	0.14027815	-0.3358642	0.99999934	-0.056330234	0.10789201	-0.13211045	0.25430936	-0.5201779
-0.08329744	0.1052048	-0.08981428	0.09358533	-0.08530063	0.075643145	-0.10118988	0.089664385	-0.073397055	0.06116706	-0.8059778	0.25086895	-0.12737012	0.07284313	-0.056330234	0.9999996	-0.4874114	0.15452144	-0.07331906	0.079910204
0.12493925	-0.19634977	0.16469981	-0.18150316	0.1583093	-0.11152581	0.17473418	-0.18149331	0.14150245	-0.11896175	0.30003983	-0.55799484	0.24492295	-0.144704	0.10789201	-0.4874114	0.99999934	-0.4190589	0.13895643	-0.15699261
-0.08771497	0.12098732	-0.15305299	0.15224619	-0.17564698	0.0701328	-0.11439344	0.21138987	-0.19168441	0.12210051	-0.18061098	0.23967044	-0.763028	0.20158935	-0.13211045	0.15452144	-0.4190589	0.9999993	-0.21288444	0.15754837
0.07130131	-0.10607385	0.15238722	-0.18880226	0.24049836	-0.0555608	0.091376536	-0.26173258	0.23529255	-0.22430718	0.09036696	-0.16134644	0.20933622	-0.7008691	0.25430936	-0.07331906	0.13895643	-0.21288444	0.9999993	-0.49892855
-0.089516535	0.12191946	-0.19874163	0.20434408	-0.5115067	0.06612645	-0.109120116	0.19682193	-0.20395927	0.30197498	-0.10820369	0.16151154	-0.17749883	0.28448948	-0.5201779	0.079910204	-0.15699261	0.15754837	-0.49892855	0.9999993
