1.0	-0.4032028	0.12420483	-0.1020196	0.04471829	-0.8208666	0.25437322	-0.14625826	0.10338797	-0.04959675	0.21625444	-0.19440405	0.13043132	-0.111550726	0.06022996	-0.13644151	0.12559591	-0.14147112	0.10714782	-0.060531054
-0.4032028	1.0	-0.2338662	0.14687787	-0.06310335	0.2592753	-0.77723044	0.20416223	-0.14959069	0.06756947	-0.21716416	0.21614079	-0.17114784	0.13268426	-0.07528013	0.12265268	-0.14514194	0.1509688	-0.13592707	0.07132472
0.12420483	-0.2338662	0.99999994	-0.69386977	0.17506823	-0.125688	0.19168043	-0.4780494	0.30012223	-0.20126182	0.15494977	-0.18368658	0.21090789	-0.23971352	0.115294926	-0.10678723	0.124531984	-0.20779997	0.18643436	-0.11247084
-0.1020196	0.14687787	-0.69386977	0.9999998	-0.2892301	0.09687618	-0.15147841	0.2824775	-0.4916233	0.22028096	-0.1397702	0.14483918	-0.18166845	0.22304332	-0.12022594	0.089922465	-0.11036326	0.16658159	-0.1967207	0.106071986
0.04471829	-0.06310335	0.17506823	-0.2892301	0.9999999	-0.04445796	0.064201586	-0.13328125	0.18310753	-0.91973084	0.064054914	-0.0691134	0.08353091	-0.11712833	0.060631845	-0.042895906	0.05162082	-0.08357208	0.09165273	-0.056072067
-0.8208666	0.2592753	-0.125688	0.09687618	-0.04445796	1.0000001	-0.3075577	0.14271638	-0.10665154	0.048240643	-0.33274993	0.1946515	-0.13740952	0.109637775	-0.062150773	0.14753187	-0.14746745	0.13927817	-0.11395168	0.060744558
0.25437322	-0.77723044	0.19168043	-0.15147841	0.064201586	-0.3075577	1.0000001	-0.2757803	0.1549504	-0.07082136	0.21283789	-0.32447666	0.19360112	-0.14839788	0.07916079	-0.13512634	0.15004727	-0.17357855	0.14070244	-0.07710648
-0.14625826	0.20416223	-0.4780494	0.2824775	-0.13328125	0.14271638	-0.2757803	1.0	-0.49823055	0.13701054	-0.22179101	0.24461414	-0.46238783	0.27423772	-0.15161411	0.13821068	-0.17478949	0.25434726	-0.27078897	0.13519637
0.10338797	-0.14959069	0.30012223	-0.4916233	0.18310753	-0.10665154	0.1549504	-0.49823055	0.9999999	-0.23094085	0.15560678	-0.18332283	0.23806037	-0.5144816	0.16484126	-0.107759945	0.12884505	-0.2300939	0.24003722	-0.15626188
-0.04959675	0.06756947	-0.20126182	0.22028096	-0.91973084	0.048240643	-0.07082136	0.13701054	-0.23094085	1.0	-0.071766816	0.07432061	-0.09169579	0.12304666	-0.068737686	0.046821274	-0.057243705	0.08874661	-0.105130225	0.0608905
0.21625444	-0.21716416	0.15494977	-0.1397702	0.064054914	-0.33274993	0.21283789	-0.22179101	0.15560678	-0.071766816	0.9999998	-0.5288696	0.24846824	-0.19714732	0.10303681	-0.5354427	0.3075774	-0.29739437	0.18661305	-0.10730185
-0.19440405	0.21614079	-0.18368658	0.14483918	-0.0691134	0.1946515	-0.32447666	0.24461414	-0.18332283	0.07432061	-0.5288696	1.0	-0.5199641	0.20231123	-0.11488329	0.2594471	-0.3857144	0.277384	-0.21825455	0.10898204
0.13043132	-0.17114784	0.21090789	-0.18166845	0.08353091	-0.13740952	0.19360112	-0.46238783	0.23806037	-0.09169579	0.24846824	-0.5199641	1.0000001	-0.33981338	0.14527325	-0.17801592	0.2179452	-0.50833505	0.26542503	-0.14320426
-0.111550726	0.13268426	-0.23971352	0.22304332	-0.11712833	0.109637775	-0.14839788	0.27423772	-0.5144816	0.12304666	-0.19714732	0.20231123	-0.33981338	0.9999999	-0.38510272	0.12760313	-0.16326974	0.2726918	-0.50401807	0.2553688
0.06022996	-0.07528013	0.115294926	-0.12022594	0.060631845	-0.062150773	0.07916079	-0.15161411	0.16484126	-0.068737686	0.10303681	-0.11488329	0.14527325	-0.38510272	0.9999998	-0.075532846	0.09071753	-0.1913861	0.2678056	-0.84207726
-0.13644151	0.12265268	-0.10678723	0.089922465	-0.042895906	0.14753187	-0.13512634	0.13821068	-0.107759945	0.046821274	-0.5354427	0.2594471	-0.17801592	0.12760313	-0.075532846	0.99999964	-0.7491233	0.21369171	-0.15326843	0.074514695
0.12559591	-0.14514194	0.124531984	-0.11036326	0.05162082	-0.14746745	0.15004727	-0.17478949	0.12884505	-0.057243705	0.3075774	-0.3857144	0.2179452	-0.16326974	0.09071753	-0.7491233	0.9999995	-0.35020134	0.17981528	-0.0933804
-0.14147112	0.1509688	-0.20779997	0.16658159	-0.08357208	0.13927817	-0.17357855	0.25434726	-0.2300939	0.08874661	-0.29739437	0.277384	-0.50833505	0.2726918	-0.1913861	0.21369171	-0.35020134	0.9999996	-0.56137085	0.1815147
0.10714782	-0.13592707	0.18643436	-0.1967207	0.09165273	-0.11395168	0.14070244	-0.27078897	0.24003722	-0.105130225	0.18661305	-0.21825455	0.26542503	-0.50401807	0.2678056	-0.15326843	0.17981528	-0.56137085	0.9999995	-0.40620145
-0.060531054	0.07132472	-0.11247084	0.106071986	-0.056072067	0.060744558	-0.07710648	0.13519637	-0.15626188	0.0608905	-0.10730185	0.10898204	-0.14320426	0.2553688	-0.84207726	0.074514695	-0.0933804	0.1815147	-0.40620145	0.9999995
