1.0	-0.2532246	0.11268189	-0.046650384	0.05026097	-0.9220382	0.21076034	-0.13523169	0.04032445	-0.037338395	0.11806051	-0.12154601	0.100115605	-0.06040639	0.038066756	-0.12312767	0.08434029	-0.068869986	0.049746964	-0.03592326
-0.2532246	1.0	-0.46634933	0.09352096	-0.10496006	0.19866113	-0.70125896	0.29523835	-0.08386299	0.07405722	-0.13716723	0.22383234	-0.22659136	0.115653746	-0.0776445	0.12703317	-0.17703035	0.13084392	-0.10085942	0.07010958
0.11268189	-0.46634933	1.0000001	-0.11742122	0.096350126	-0.10600036	0.26541802	-0.8111143	0.10127915	-0.07291907	0.084608555	-0.14732447	0.1463669	-0.10824259	0.068758056	-0.08740071	0.11214025	-0.09312103	0.08211743	-0.0598267
-0.046650384	0.09352096	-0.11742122	1.0000001	-0.48879167	0.04388699	-0.09378995	0.124035046	-0.72468764	0.277841	-0.07078706	0.104591355	-0.13177454	0.30151135	-0.25722584	0.077755004	-0.13916883	0.118631326	-0.25143585	0.17996141
0.05026097	-0.10496006	0.096350126	-0.48879167	1.0000005	-0.049269184	0.09731001	-0.120135956	0.30191138	-0.61034805	0.08303095	-0.1286126	0.14421931	-0.42715433	0.28936738	-0.100033976	0.14246334	-0.13825825	0.24395019	-0.28129768
-0.9220382	0.19866113	-0.10600036	0.04388699	-0.049269184	1.0000006	-0.26695952	0.11804745	-0.038320407	0.035927344	-0.13455963	0.12159141	-0.10476306	0.05800021	-0.037304923	0.11609348	-0.08706586	0.06833663	-0.04927505	0.03501258
0.21076034	-0.70125896	0.26541802	-0.09378995	0.09731001	-0.26695952	1.0000006	-0.37602764	0.08353287	-0.07274296	0.14983808	-0.37670904	0.22331335	-0.12017387	0.07380773	-0.15055189	0.16474155	-0.13799237	0.09636495	-0.06887921
-0.13523169	0.29523835	-0.8111143	0.124035046	-0.120135956	0.11804745	-0.37602764	1.0000004	-0.12887265	0.08730683	-0.10554272	0.1763861	-0.2070198	0.12798025	-0.085819066	0.103439234	-0.15032302	0.11789593	-0.10385069	0.07360962
0.04032445	-0.08386299	0.10127915	-0.72468764	0.30191138	-0.038320407	0.08353287	-0.12887265	1.0000006	-0.35372287	0.06081281	-0.09684995	0.12104835	-0.48889387	0.2185826	-0.06790003	0.11380425	-0.10326211	0.20627151	-0.16119312
-0.037338395	0.07405722	-0.07291907	0.277841	-0.61034805	0.035927344	-0.07274296	0.08730683	-0.35372287	1.0000004	-0.06225437	0.093146324	-0.11212401	0.28101292	-0.5752813	0.07131032	-0.12531091	0.113153204	-0.2655432	0.2538316
0.11806051	-0.13716723	0.084608555	-0.07078706	0.08303095	-0.13455963	0.14983808	-0.10554272	0.06081281	-0.06225437	1.0000002	-0.35145104	0.21087511	-0.10833571	0.06629221	-0.8641984	0.19692369	-0.16289994	0.09358502	-0.06682871
-0.12154601	0.22383234	-0.14732447	0.104591355	-0.1286126	0.12159141	-0.37670904	0.1763861	-0.09684995	0.093146324	-0.35145104	1.0000004	-0.67057765	0.16827145	-0.10310533	0.24730098	-0.34175673	0.2521025	-0.14891961	0.09963105
0.100115605	-0.22659136	0.1463669	-0.13177454	0.14421931	-0.10476306	0.22331335	-0.2070198	0.12104835	-0.11212401	0.21087511	-0.67057765	1.0000004	-0.2606838	0.11986098	-0.25043222	0.29408917	-0.45010477	0.17733896	-0.12315494
-0.06040639	0.115653746	-0.10824259	0.30151135	-0.42715433	0.05800021	-0.12017387	0.12798025	-0.48889387	0.28101292	-0.10833571	0.16827145	-0.2606838	0.99999994	-0.35782927	0.11790426	-0.21849498	0.19462764	-0.47737503	0.26262975
0.038066756	-0.0776445	0.068758056	-0.25722584	0.28936738	-0.037304923	0.07380773	-0.085819066	0.2185826	-0.5752813	0.06629221	-0.10310533	0.11986098	-0.35782927	1.0000001	-0.078703076	0.12753159	-0.12803079	0.2892761	-0.5905976
-0.12312767	0.12703317	-0.08740071	0.077755004	-0.100033976	0.11609348	-0.15055189	0.103439234	-0.06790003	0.07131032	-0.8641984	0.24730098	-0.25043222	0.11790426	-0.078703076	1.0000002	-0.2797787	0.17629342	-0.11145291	0.076451816
0.08434029	-0.17703035	0.11214025	-0.13916883	0.14246334	-0.08706586	0.16474155	-0.15032302	0.11380425	-0.12531091	0.19692369	-0.34175673	0.29408917	-0.21849498	0.12753159	-0.2797787	1.0000002	-0.7620204	0.20725608	-0.16233903
-0.068869986	0.13084392	-0.09312103	0.118631326	-0.13825825	0.06833663	-0.13799237	0.11789593	-0.10326211	0.113153204	-0.16289994	0.2521025	-0.45010477	0.19462764	-0.12803079	0.17629342	-0.7620204	1.0000005	-0.28166127	0.15433702
0.049746964	-0.10085942	0.08211743	-0.25143585	0.24395019	-0.04927505	0.09636495	-0.10385069	0.20627151	-0.2655432	0.09358502	-0.14891961	0.17733896	-0.47737503	0.2892761	-0.11145291	0.20725608	-0.28166127	1.0000005	-0.65553254
-0.03592326	0.07010958	-0.0598267	0.17996141	-0.28129768	0.03501258	-0.06887921	0.07360962	-0.16119312	0.2538316	-0.06682871	0.09963105	-0.12315494	0.26262975	-0.5905976	0.076451816	-0.16233903	0.15433702	-0.65553254	1.0000005
