1.0	-0.7410884	0.12176687	-0.06428158	0.068026215	-0.54212624	0.25991642	-0.1329228	0.06275951	-0.07691712	0.21807858	-0.21335806	0.12088537	-0.08501639	0.036754545	-0.12960956	0.14776999	-0.04607788	0.04159194	-0.046151634
-0.7410884	1.0000002	-0.17056963	0.08304013	-0.08977925	0.30237043	-0.45674443	0.17064108	-0.08061045	0.09587559	-0.24978183	0.22653186	-0.1609729	0.10617315	-0.046158385	0.14158642	-0.19269936	0.05801222	-0.053144347	0.057317615
0.12176687	-0.17056963	1.0	-0.44936305	0.29308963	-0.17889303	0.2292313	-0.45020047	0.2854015	-0.40692872	0.15433553	-0.255005	0.29144672	-0.39780384	0.1794911	-0.12490217	0.1468005	-0.18286458	0.15534359	-0.24037595
-0.06428158	0.08304013	-0.44936305	1.0	-0.72531414	0.08955198	-0.12920353	0.18701428	-0.39883777	0.29272044	-0.08638899	0.13042635	-0.19171281	0.2604051	-0.12851878	0.068647206	-0.089165874	0.10791106	-0.10428213	0.14735213
0.068026215	-0.08977925	0.29308963	-0.72531414	1.0	-0.09833806	0.13119747	-0.1922706	0.29012543	-0.4570399	0.0915605	-0.14443722	0.18640797	-0.3121602	0.16994065	-0.07495427	0.09344247	-0.12948503	0.11698826	-0.21699978
-0.54212624	0.30237043	-0.17889303	0.08955198	-0.09833806	0.99999994	-0.40534198	0.17559424	-0.08739633	0.10440657	-0.5385845	0.280556	-0.17757957	0.11591708	-0.05052354	0.21100634	-0.26866838	0.064332634	-0.05899985	0.06271607
0.25991642	-0.45674443	0.2292313	-0.12920353	0.13119747	-0.40534198	1.0000001	-0.43394756	0.13226907	-0.15763748	0.2620648	-0.5100293	0.2636626	-0.17991084	0.07410921	-0.1676094	0.19109692	-0.09486613	0.08456606	-0.09282322
-0.1329228	0.17064108	-0.45020047	0.18701428	-0.1922706	0.17559424	-0.43394756	1.0000001	-0.2247056	0.20679829	-0.16778353	0.26293615	-0.6493597	0.2533037	-0.09938297	0.11291505	-0.14510423	0.13416637	-0.12596661	0.11827492
0.06275951	-0.08061045	0.2854015	-0.39883777	0.29012543	-0.08739633	0.13226907	-0.2247056	0.99999976	-0.55781627	0.08604562	-0.13334611	0.22402652	-0.60715127	0.16573855	-0.066461325	0.08762888	-0.13947387	0.13763818	-0.17583382
-0.07691712	0.09587559	-0.40692872	0.29272044	-0.4570399	0.10440657	-0.15763748	0.20679829	-0.55781627	0.9999999	-0.10697682	0.15160665	-0.24517827	0.2994578	-0.3517351	0.085029945	-0.117587514	0.13010065	-0.13644232	0.24826366
0.21807858	-0.24978183	0.15433553	-0.08638899	0.0915605	-0.5385845	0.2620648	-0.16778353	0.08604562	-0.10697682	0.9999999	-0.53132296	0.17412588	-0.12048136	0.05132683	-0.4557782	0.29144338	-0.06659375	0.05948434	-0.06477324
-0.21335806	0.22653186	-0.255005	0.13042635	-0.14443722	0.280556	-0.5100293	0.26293615	-0.13334611	0.15160665	-0.53132296	0.99999934	-0.38001025	0.17930008	-0.07455523	0.23219542	-0.3194449	0.101501256	-0.09449773	0.09095383
0.12088537	-0.1609729	0.29144672	-0.19171281	0.18640797	-0.17757957	0.2636626	-0.6493597	0.22402652	-0.24517827	0.17412588	-0.38001025	0.9999994	-0.41129518	0.11614108	-0.12037457	0.14597222	-0.21256103	0.16866864	-0.14229204
-0.08501639	0.10617315	-0.39780384	0.2604051	-0.3121602	0.11591708	-0.17991084	0.2533037	-0.60715127	0.2994578	-0.12048136	0.17930008	-0.41129518	0.9999993	-0.1777774	0.09145999	-0.12470967	0.20410936	-0.26399228	0.17017297
0.036754545	-0.046158385	0.1794911	-0.12851878	0.16994065	-0.05052354	0.07410921	-0.09938297	0.16573855	-0.3517351	0.05132683	-0.07455523	0.11614108	-0.1777774	0.99999934	-0.041359194	0.056478463	-0.09510583	0.09650913	-0.88137263
-0.12960956	0.14158642	-0.12490217	0.068647206	-0.07495427	0.21100634	-0.1676094	0.11291505	-0.066461325	0.085029945	-0.4557782	0.23219542	-0.12037457	0.09145999	-0.041359194	0.9999996	-0.8197796	0.055437423	-0.049932357	0.052483432
0.14776999	-0.19269936	0.1468005	-0.089165874	0.09344247	-0.26866838	0.19109692	-0.14510423	0.08762888	-0.117587514	0.29144338	-0.3194449	0.14597222	-0.12470967	0.056478463	-0.8197796	0.9999994	-0.07539707	0.06515049	-0.073226124
-0.04607788	0.05801222	-0.18286458	0.10791106	-0.12948503	0.064332634	-0.09486613	0.13416637	-0.13947387	0.13010065	-0.06659375	0.101501256	-0.21256103	0.20410936	-0.09510583	0.055437423	-0.07539707	0.99999946	-0.9190711	0.10592572
0.04159194	-0.053144347	0.15534359	-0.10428213	0.11698826	-0.05899985	0.08456606	-0.12596661	0.13763818	-0.13644232	0.05948434	-0.09449773	0.16866864	-0.26399228	0.09650913	-0.049932357	0.06515049	-0.9190711	0.9999995	-0.11961139
-0.046151634	0.057317615	-0.24037595	0.14735213	-0.21699978	0.06271607	-0.09282322	0.11827492	-0.17583382	0.24826366	-0.06477324	0.09095383	-0.14229204	0.17017297	-0.88137263	0.052483432	-0.073226124	0.10592572	-0.11961139	0.9999995
