1.0000001	-0.41665474	0.26083595	-0.090511136	0.07377655	-0.7974881	0.23399615	-0.23789982	0.12143255	-0.14549765	0.039805986	-0.058780562	0.03484844	-0.028646758	0.024715932	-0.03656916	0.055634856	-0.03768068	0.02187244	-0.017189775
-0.41665474	1.0000001	-0.8255075	0.09310341	-0.07992732	0.2490245	-0.21320109	0.19507897	-0.12004086	0.12216513	-0.034579612	0.051152546	-0.031016683	0.025348814	-0.022148784	0.031058026	-0.05208417	0.03273435	-0.019805724	0.015300264
0.26083595	-0.8255075	1.0000002	-0.13243614	0.10211128	-0.30032042	0.21478751	-0.2963033	0.15103567	-0.1742278	0.036943313	-0.055411987	0.039360654	-0.0331653	0.028700965	-0.03415862	0.05471344	-0.042253897	0.02521089	-0.01991459
-0.090511136	0.09310341	-0.13243614	1.0000002	-0.7866079	0.08557975	-0.15515351	0.1593045	-0.481332	0.3135583	-0.026516475	0.039579693	-0.03279636	0.038063824	-0.03600179	0.024028325	-0.04176333	0.034703	-0.028353458	0.023551611
0.07377655	-0.07992732	0.10211128	-0.7866079	1.0000001	-0.07261388	0.1204451	-0.133344	0.29421183	-0.5204528	0.022198187	-0.03319026	0.031638652	-0.042000342	0.04117074	-0.02055916	0.03480244	-0.03473539	0.030134762	-0.027058458
-0.7974881	0.2490245	-0.30032042	0.08557975	-0.07261388	0.9999997	-0.3915106	0.22813487	-0.12657474	0.12981991	-0.050237972	0.07264172	-0.03550194	0.027852347	-0.024182526	0.043542378	-0.07066078	0.03753684	-0.021769283	0.016728241
0.23399615	-0.21320109	0.21478751	-0.15515351	0.1204451	-0.3915106	0.9999995	-0.746149	0.22631072	-0.25697488	0.086899824	-0.17020257	0.06966132	-0.051845577	0.043852657	-0.07724628	0.13196018	-0.07415503	0.03889336	-0.030367708
-0.23789982	0.19507897	-0.2963033	0.1593045	-0.133344	0.22813487	-0.746149	0.9999992	-0.38296354	0.23375192	-0.07520264	0.117893584	-0.0824803	0.053892914	-0.04546395	0.06407268	-0.11993585	0.07736069	-0.04074923	0.03100235
0.12143255	-0.12004086	0.15103567	-0.481332	0.29421183	-0.12657474	0.22631072	-0.38296354	0.9999994	-0.682393	0.03881697	-0.059698053	0.05529234	-0.06782829	0.06180008	-0.03588754	0.060650546	-0.059255406	0.0469976	-0.040574484
-0.14549765	0.12216513	-0.1742278	0.3135583	-0.5204528	0.12981991	-0.25697488	0.23375192	-0.682393	0.9999997	-0.045401674	0.06702901	-0.0586104	0.075531356	-0.08198454	0.04105602	-0.07215495	0.06226064	-0.057272706	0.04979845
0.039805986	-0.034579612	0.036943313	-0.026516475	0.022198187	-0.050237972	0.086899824	-0.07520264	0.03881697	-0.045401674	0.9999999	-0.48347282	0.041922238	-0.023305357	0.020657588	-0.81384873	0.30505037	-0.04669623	0.02117228	-0.014204998
-0.058780562	0.051152546	-0.055411987	0.039579693	-0.03319026	0.07264172	-0.17020257	0.117893584	-0.059698053	0.06702901	-0.48347282	0.9999999	-0.07494575	0.03786217	-0.03398471	0.30347994	-0.7875092	0.07960314	-0.035130437	0.023084778
0.03484844	-0.031016683	0.039360654	-0.03279636	0.031638652	-0.03550194	0.06966132	-0.0824803	0.05529234	-0.0586104	0.041922238	-0.07494575	0.99999964	-0.36678436	0.19591627	-0.051367525	0.08238324	-0.8743653	0.19969241	-0.14284657
-0.028646758	0.025348814	-0.0331653	0.038063824	-0.042000342	0.027852347	-0.051845577	0.053892914	-0.06782829	0.075531356	-0.023305357	0.03786217	-0.36678436	0.9999996	-0.6870448	0.026724335	-0.042497013	0.25505698	-0.498039	0.30082458
0.024715932	-0.022148784	0.028700965	-0.03600179	0.04117074	-0.024182526	0.043852657	-0.04546395	0.06180008	-0.08198454	0.020657588	-0.03398471	0.19591627	-0.6870448	0.99999964	-0.024280526	0.037509877	-0.24119337	0.32239342	-0.5804323
-0.03656916	0.031058026	-0.03415862	0.024028325	-0.02055916	0.043542378	-0.07724628	0.06407268	-0.03588754	0.04105602	-0.81384873	0.30347994	-0.051367525	0.026724335	-0.024280526	0.99999976	-0.48683685	0.055666182	-0.02539144	0.016518228
0.055634856	-0.05208417	0.05471344	-0.04176333	0.03480244	-0.07066078	0.13196018	-0.11993585	0.060650546	-0.07215495	0.30505037	-0.7875092	0.08238324	-0.042497013	0.037509877	-0.48683685	0.99999976	-0.10249335	0.039057717	-0.025826922
-0.03768068	0.03273435	-0.042253897	0.034703	-0.03473539	0.03753684	-0.07415503	0.07736069	-0.059255406	0.06226064	-0.04669623	0.07960314	-0.8743653	0.25505698	-0.24119337	0.055666182	-0.10249335	0.9999998	-0.28130695	0.15921396
0.02187244	-0.019805724	0.02521089	-0.028353458	0.030134762	-0.021769283	0.03889336	-0.04074923	0.0469976	-0.057272706	0.02117228	-0.035130437	0.19969241	-0.498039	0.32239342	-0.02539144	0.039057717	-0.28130695	1.0000001	-0.7376067
-0.017189775	0.015300264	-0.01991459	0.023551611	-0.027058458	0.016728241	-0.030367708	0.03100235	-0.040574484	0.04979845	-0.014204998	0.023084778	-0.14284657	0.30082458	-0.5804323	0.016518228	-0.025826922	0.15921396	-0.7376067	1.0000001
