1.0000001	-0.7437017	0.28500587	-0.3032626	0.16486995	-0.28651264	0.22466247	-0.25720033	0.20636399	-0.20422298	0.16894789	-0.18635651	0.17853482	-0.17708243	0.114605166	-0.14000368	0.13634078	-0.19444847	0.16032052	-0.14686002
-0.7437017	1.0	-0.46916652	0.23672259	-0.14064015	0.19607097	-0.26427037	0.22821127	-0.19483526	0.14395481	-0.14916025	0.16450316	-0.1690924	0.14359131	-0.088374995	0.11228416	-0.12353234	0.1543866	-0.14327522	0.106324136
0.28500587	-0.46916652	1.0000001	-0.51817393	0.181329	-0.14473645	0.17031519	-0.52291137	0.26801997	-0.1932132	0.11070901	-0.13718607	0.23527154	-0.20397286	0.115628175	-0.08888356	0.09436305	-0.22797841	0.18650505	-0.14092432
-0.3032626	0.23672259	-0.51817393	1.0000001	-0.3913757	0.12713441	-0.14915495	0.26903185	-0.5326397	0.2553785	-0.10404208	0.11817605	-0.21703842	0.23493455	-0.14448424	0.08254738	-0.0921322	0.19756545	-0.23100156	0.16181451
0.16486995	-0.14064015	0.181329	-0.3913757	0.9999995	-0.08016124	0.087959826	-0.15202595	0.21779181	-0.8155788	0.06375515	-0.07288881	0.12527896	-0.16527021	0.2042869	-0.053028554	0.057623576	-0.1305927	0.14773963	-0.24907206
-0.28651264	0.19607097	-0.14473645	0.12713441	-0.08016124	0.9999996	-0.535728	0.1531098	-0.12533283	0.087076485	-0.6524862	0.3198841	-0.13683133	0.10138259	-0.05877839	0.23819615	-0.2868284	0.118792385	-0.10472768	0.07047679
0.22466247	-0.26427037	0.17031519	-0.14915495	0.087959826	-0.535728	0.99999946	-0.22726505	0.1410698	-0.097924426	0.309202	-0.6533522	0.17541006	-0.12267188	0.067378715	-0.2321497	0.22017504	-0.15248983	0.12044635	-0.081612274
-0.25720033	0.22821127	-0.52291137	0.26903185	-0.15202595	0.1531098	-0.22726505	0.99999946	-0.37708455	0.15373744	-0.13088115	0.16807996	-0.55951464	0.23908468	-0.11971498	0.09801462	-0.10955494	0.27164567	-0.2596449	0.13488308
0.20636399	-0.19483526	0.26801997	-0.5326397	0.21779181	-0.12533283	0.1410698	-0.37708455	0.9999994	-0.25888398	0.099367626	-0.123078935	0.251394	-0.52921927	0.18962817	-0.08209507	0.08725687	-0.28414857	0.2744231	-0.22799629
-0.20422298	0.14395481	-0.1932132	0.2553785	-0.8155788	0.087076485	-0.097924426	0.15373744	-0.25888398	0.99999946	-0.07153091	0.07933757	-0.13954937	0.17749427	-0.29950184	0.05820122	-0.06529956	0.13651177	-0.17531149	0.22932503
0.16894789	-0.14916025	0.11070901	-0.10404208	0.06375515	-0.6524862	0.309202	-0.13088115	0.099367626	-0.07153091	0.9999994	-0.5278119	0.124661006	-0.088172585	0.0491374	-0.39218035	0.27321178	-0.110461295	0.08740029	-0.05966464
-0.18635651	0.16450316	-0.13718607	0.11817605	-0.07288881	0.3198841	-0.6533522	0.16807996	-0.123078935	0.07933757	-0.5278119	0.9999993	-0.20332497	0.10827648	-0.057784725	0.24920957	-0.34116971	0.13833348	-0.11129905	0.06845323
0.17853482	-0.1690924	0.23527154	-0.21703842	0.12527896	-0.13683133	0.17541006	-0.55951464	0.251394	-0.13954937	0.124661006	-0.20332497	0.99999934	-0.33490464	0.1258824	-0.09363985	0.10299128	-0.6027319	0.28398308	-0.14677861
-0.17708243	0.14359131	-0.20397286	0.23493455	-0.16527021	0.10138259	-0.12267188	0.23908468	-0.52921927	0.17749427	-0.088172585	0.10827648	-0.33490464	0.99999887	-0.30218858	0.069166124	-0.07741281	0.2858581	-0.59360635	0.23471476
0.114605166	-0.088374995	0.115628175	-0.14448424	0.2042869	-0.05877839	0.067378715	-0.11971498	0.18962817	-0.29950184	0.0491374	-0.057784725	0.1258824	-0.30218858	0.99999857	-0.039867815	0.04422637	-0.13254902	0.18885083	-0.856378
-0.14000368	0.11228416	-0.08888356	0.08254738	-0.053028554	0.23819615	-0.2321497	0.09801462	-0.08209507	0.05820122	-0.39218035	0.24920957	-0.09363985	0.069166124	-0.039867815	0.9999986	-0.8461677	0.08414262	-0.07172293	0.04797874
0.13634078	-0.12353234	0.09436305	-0.0921322	0.057623576	-0.2868284	0.22017504	-0.10955494	0.08725687	-0.06529956	0.27321178	-0.34116971	0.10299128	-0.07741281	0.04422637	-0.8461677	0.99999857	-0.097483896	0.07745184	-0.054057572
-0.19444847	0.1543866	-0.22797841	0.19756545	-0.1305927	0.118792385	-0.15248983	0.27164567	-0.28414857	0.13651177	-0.110461295	0.13833348	-0.6027319	0.2858581	-0.13254902	0.08414262	-0.097483896	0.9999985	-0.60012776	0.14577727
0.16032052	-0.14327522	0.18650505	-0.23100156	0.14773963	-0.10472768	0.12044635	-0.2596449	0.2744231	-0.17531149	0.08740029	-0.11129905	0.28398308	-0.59360635	0.18885083	-0.07172293	0.07745184	-0.60012776	0.99999845	-0.23640221
-0.14686002	0.106324136	-0.14092432	0.16181451	-0.24907206	0.07047679	-0.081612274	0.13488308	-0.22799629	0.22932503	-0.05966464	0.06845323	-0.14677861	0.23471476	-0.856378	0.04797874	-0.054057572	0.14577727	-0.23640221	0.99999845
