1.0000001	-0.1549664	0.01067927	-0.0062920353	0.0077546164	-0.9776519	0.1322711	-0.0117326	0.009818972	-0.00884117	0.03757407	-0.04935842	0.023357334	-0.013289249	0.01100729	-0.03296369	0.043469727	-0.02120456	0.013076238	-0.012708464
-0.1549664	1.0000002	-0.04690209	0.025267607	-0.031317223	0.13412377	-0.9262277	0.049750756	-0.039281446	0.034089994	-0.10627143	0.19328374	-0.09647234	0.0500003	-0.042608093	0.08316424	-0.20213874	0.0804347	-0.05067883	0.046749566
0.01067927	-0.04690209	1.0000001	-0.417516	0.26336005	-0.010656022	0.04311605	-0.809002	0.22539538	-0.23030216	0.01956393	-0.03868116	0.072102524	-0.10165474	0.09272873	-0.017673945	0.036030322	-0.07129494	0.058763236	-0.07805619
-0.0062920353	0.025267607	-0.417516	1.0	-0.82813066	0.0062210904	-0.023260972	0.2560959	-0.22232376	0.19887054	-0.013875912	0.026598986	-0.054386083	0.07902328	-0.07978835	0.012538272	-0.025450211	0.052603904	-0.047195498	0.060999848
0.0077546164	-0.031317223	0.26336005	-0.82813066	0.9999999	-0.007712286	0.02838047	-0.3175801	0.22257727	-0.31138206	0.017829012	-0.034663804	0.07064284	-0.10993903	0.10610827	-0.016246406	0.032841176	-0.070974275	0.062119313	-0.08366693
-0.9776519	0.13412377	-0.010656022	0.0062210904	-0.007712286	0.9999998	-0.15238626	0.011673097	-0.0097984625	0.008764224	-0.03931936	0.049536303	-0.02363651	0.013223896	-0.010998687	0.032985713	-0.045060646	0.021171862	-0.013097212	0.012617544
0.1322711	-0.9262277	0.04311605	-0.023260972	0.02838047	-0.15238626	0.99999976	-0.049697064	0.035506885	-0.031118575	0.08970088	-0.24408944	0.08451019	-0.04577333	0.037747927	-0.07523949	0.16855167	-0.073933475	0.04456954	-0.04262809
-0.0117326	0.049750756	-0.809002	0.2560959	-0.3175801	0.011673097	-0.049697064	0.9999997	-0.36635032	0.22412321	-0.02057193	0.04018315	-0.077389605	0.09823912	-0.09508015	0.018373404	-0.037846263	0.07052843	-0.05967487	0.07595815
0.009818972	-0.039281446	0.22539538	-0.22232376	0.22257727	-0.0097984625	0.035506885	-0.36635032	0.9999995	-0.78914076	0.028381683	-0.056269217	0.12368179	-0.22605374	0.21220648	-0.026145497	0.05330188	-0.12750056	0.11385973	-0.16186579
-0.00884117	0.034089994	-0.23030216	0.19887054	-0.31138206	0.008764224	-0.031118575	0.22412321	-0.78914076	0.99999946	-0.027214326	0.052318335	-0.12627196	0.20536551	-0.3224421	0.024683053	-0.051062778	0.11574216	-0.12007767	0.1538971
0.03757407	-0.10627143	0.01956393	-0.013875912	0.017829012	-0.03931936	0.08970088	-0.02057193	0.028381683	-0.027214326	0.9999995	-0.31139606	0.10426921	-0.058558654	0.045250352	-0.9025647	0.24775082	-0.111017376	0.05917683	-0.058706146
-0.04935842	0.19328374	-0.03868116	0.026598986	-0.034663804	0.049536303	-0.24408944	0.04018315	-0.056269217	0.052318335	-0.31139606	0.9999993	-0.2835113	0.11482553	-0.092203185	0.23214221	-0.79569817	0.20954904	-0.11862411	0.106058404
0.023357334	-0.09647234	0.072102524	-0.054386083	0.07064284	-0.02363651	0.08451019	-0.077389605	0.12368179	-0.12627196	0.10426921	-0.2835113	0.9999992	-0.4555411	0.24249409	-0.09877497	0.21456428	-0.67788404	0.27081397	-0.31256732
-0.013289249	0.0500003	-0.10165474	0.07902328	-0.10993903	0.013223896	-0.04577333	0.09823912	-0.22605374	0.20536551	-0.058558654	0.11482553	-0.4555411	0.99999887	-0.7081165	0.05186865	-0.114868656	0.24769704	-0.30081978	0.27437273
0.01100729	-0.042608093	0.09272873	-0.07978835	0.10610827	-0.010998687	0.037747927	-0.09508015	0.21220648	-0.3224421	0.045250352	-0.092203185	0.24249409	-0.7081165	0.9999986	-0.041725297	0.08846876	-0.23419623	0.24876297	-0.45761496
-0.03296369	0.08316424	-0.017673945	0.012538272	-0.016246406	0.032985713	-0.07523949	0.018373404	-0.026145497	0.024683053	-0.9025647	0.23214221	-0.09877497	0.05186865	-0.041725297	0.9999984	-0.34031036	0.10006637	-0.055956952	0.051781032
0.043469727	-0.20213874	0.036030322	-0.025450211	0.032841176	-0.045060646	0.16855167	-0.037846263	0.05330188	-0.051062778	0.24775082	-0.79569817	0.21456428	-0.114868656	0.08846876	-0.34031036	0.9999986	-0.27889368	0.12250063	-0.11614845
-0.02120456	0.0804347	-0.07129494	0.052603904	-0.070974275	0.021171862	-0.073933475	0.07052843	-0.12750056	0.11574216	-0.111017376	0.20954904	-0.67788404	0.24769704	-0.23419623	0.10006637	-0.27889368	0.9999989	-0.49996936	0.26907608
0.013076238	-0.05067883	0.058763236	-0.047195498	0.062119313	-0.013097212	0.04456954	-0.05967487	0.11385973	-0.12007767	0.05917683	-0.11862411	0.27081397	-0.30081978	0.24876297	-0.055956952	0.12250063	-0.49996936	0.99999887	-0.727547
-0.012708464	0.046749566	-0.07805619	0.060999848	-0.08366693	0.012617544	-0.04262809	0.07595815	-0.16186579	0.1538971	-0.058706146	0.106058404	-0.31256732	0.27437273	-0.45761496	0.051781032	-0.11614845	0.26907608	-0.727547	0.99999887
