0.99999994	-0.55973566	0.277918	-0.15044679	0.15873177	-0.42420125	0.28938252	-0.30255157	0.1795659	-0.20268995	0.23729935	-0.2185838	0.23999685	-0.14940493	0.15172711	-0.5138146	0.15196207	-0.15408325	0.15121728	-0.16228798
-0.55973566	0.99999964	-0.54931605	0.16968353	-0.1932642	0.28202415	-0.44844523	0.2888671	-0.16495733	0.16061163	-0.20134169	0.18019368	-0.21340361	0.11899532	-0.122508615	0.25416315	-0.10816343	0.10600877	-0.11225042	0.11283973
0.277918	-0.54931605	0.99999934	-0.33700135	0.24166498	-0.26137042	0.26664734	-0.55612093	0.20810616	-0.2189211	0.17941684	-0.1758539	0.21745597	-0.13610873	0.13474773	-0.28122202	0.11025249	-0.11316141	0.12010228	-0.12723471
-0.15044679	0.16968353	-0.33700135	0.99999946	-0.87959886	0.12420498	-0.12265488	0.1900074	-0.18531372	0.1640461	-0.0977172	0.09106074	-0.122006424	0.086595856	-0.08919472	0.15404855	-0.06232428	0.06307185	-0.07463336	0.07817326
0.15873177	-0.1932642	0.24166498	-0.87959886	0.99999964	-0.14850299	0.13498521	-0.21801628	0.1753621	-0.20565124	0.1118589	-0.10651109	0.13597396	-0.10021318	0.101907894	-0.19943345	0.073978595	-0.07584901	0.08719204	-0.09461405
-0.42420125	0.28202415	-0.26137042	0.12420498	-0.14850299	0.9999996	-0.6500416	0.26547283	-0.16841812	0.15909359	-0.42159677	0.26362863	-0.26855755	0.1369715	-0.14172783	0.26444176	-0.1355181	0.1285789	-0.13175319	0.12727256
0.28938252	-0.44844523	0.26664734	-0.12265488	0.13498521	-0.6500416	0.9999993	-0.41295123	0.16513519	-0.16411199	0.25550258	-0.29738018	0.23028265	-0.12542766	0.12382533	-0.24446665	0.11835161	-0.117107294	0.113426566	-0.11495089
-0.30255157	0.2888671	-0.55612093	0.1900074	-0.21801628	0.26547283	-0.41295123	0.9999989	-0.3739679	0.25036693	-0.226936	0.21319512	-0.36988986	0.17711338	-0.17823729	0.25640005	-0.13228084	0.13204555	-0.14781906	0.14530419
0.1795659	-0.16495733	0.20810616	-0.18531372	0.1753621	-0.16841812	0.16513519	-0.3739679	0.9999994	-0.791623	0.1446229	-0.14199357	0.21040444	-0.25877056	0.2284101	-0.20848614	0.099869885	-0.10374594	0.15476647	-0.16896565
-0.20268995	0.16061163	-0.2189211	0.1640461	-0.20565124	0.15909359	-0.16411199	0.25036693	-0.791623	0.9999993	-0.15718806	0.14387469	-0.23397408	0.23212413	-0.3334505	0.20014846	-0.107159376	0.107415855	-0.1765056	0.17359476
0.23729935	-0.20134169	0.17941684	-0.0977172	0.1118589	-0.42159677	0.25550258	-0.226936	0.1446229	-0.15718806	0.9999996	-0.6984811	0.28645515	-0.15596542	0.14508793	-0.3918265	0.18169224	-0.18473189	0.14509256	-0.15124264
-0.2185838	0.18019368	-0.1758539	0.09106074	-0.10651109	0.26362863	-0.29738018	0.21319512	-0.14199357	0.14387469	-0.6984811	0.9999993	-0.4806259	0.16613856	-0.15837876	0.27180806	-0.2398499	0.19494495	-0.14952104	0.14233622
0.23999685	-0.21340361	0.21745597	-0.122006424	0.13597396	-0.26855755	0.23028265	-0.36988986	0.21040444	-0.23397408	0.28645515	-0.4806259	0.9999994	-0.39038935	0.24842142	-0.40944222	0.22792904	-0.29470244	0.22149146	-0.23541854
-0.14940493	0.11899532	-0.13610873	0.086595856	-0.10021318	0.1369715	-0.12542766	0.17711338	-0.25877056	0.23212413	-0.15596542	0.16613856	-0.39038935	0.9999993	-0.72138315	0.20957734	-0.13340847	0.14390716	-0.38293362	0.282583
0.15172711	-0.122508615	0.13474773	-0.08919472	0.101907894	-0.14172783	0.12382533	-0.17823729	0.2284101	-0.3334505	0.14508793	-0.15837876	0.24842142	-0.72138315	0.9999993	-0.23366506	0.12476575	-0.13744868	0.28246185	-0.42535928
-0.5138146	0.25416315	-0.28122202	0.15404855	-0.19943345	0.26444176	-0.24446665	0.25640005	-0.20848614	0.20014846	-0.3918265	0.27180806	-0.40944222	0.20957734	-0.23366506	0.99999946	-0.31467456	0.23172289	-0.25221127	0.20693359
0.15196207	-0.10816343	0.11025249	-0.06232428	0.073978595	-0.1355181	0.11835161	-0.13228084	0.099869885	-0.107159376	0.18169224	-0.2398499	0.22792904	-0.13340847	0.12476575	-0.31467456	0.9999997	-0.8613479	0.17948441	-0.1735587
-0.15408325	0.10600877	-0.11316141	0.06307185	-0.07584901	0.1285789	-0.117107294	0.13204555	-0.10374594	0.107415855	-0.18473189	0.19494495	-0.29470244	0.14390716	-0.13744868	0.23172289	-0.8613479	0.99999994	-0.23886016	0.17334253
0.15121728	-0.11225042	0.12010228	-0.07463336	0.08719204	-0.13175319	0.113426566	-0.14781906	0.15476647	-0.1765056	0.14509256	-0.14952104	0.22149146	-0.38293362	0.28246185	-0.25221127	0.17948441	-0.23886016	1.0	-0.78874683
-0.16228798	0.11283973	-0.12723471	0.07817326	-0.09461405	0.12727256	-0.11495089	0.14530419	-0.16896565	0.17359476	-0.15124264	0.14233622	-0.23541854	0.282583	-0.42535928	0.20693359	-0.1735587	0.17334253	-0.78874683	1.0
