1.0	-0.56983554	0.23976733	-0.029697033	0.029531257	-0.69436747	0.314194	-0.25764027	0.06157645	-0.065432	0.14298351	-0.13374142	0.11410112	-0.07613501	0.06359698	-0.08678671	0.07767005	-0.104328364	0.062396444	-0.08785313
-0.56983554	1.0	-0.502043	0.031006986	-0.030850844	0.3102549	-0.53644466	0.2930184	-0.06560621	0.06671153	-0.122601844	0.11991144	-0.11422964	0.06902118	-0.059537813	0.07032145	-0.06915706	0.09028704	-0.055068254	0.07484229
0.23976733	-0.502043	0.99999976	-0.054801695	0.052028723	-0.2597897	0.2998952	-0.72986424	0.11531508	-0.12256649	0.12907425	-0.14570475	0.15299352	-0.10349729	0.08621487	-0.08410576	0.082687564	-0.1261127	0.07592277	-0.10541354
-0.029697033	0.031006986	-0.054801695	0.9999996	-0.9001355	0.027717425	-0.037596174	0.060071282	-0.34658533	0.24713792	-0.03109697	0.028636876	-0.036193702	0.088044845	-0.08477219	0.019298695	-0.02176722	0.032054868	-0.02958877	0.038266353
0.029531257	-0.030850844	0.052028723	-0.9001355	0.99999946	-0.02802874	0.03657948	-0.05865262	0.2509412	-0.33912534	0.032781534	-0.030331157	0.0380146	-0.10116337	0.09110005	-0.020643523	0.023246193	-0.03487883	0.032357983	-0.042770304
-0.69436747	0.3102549	-0.2597897	0.027717425	-0.02802874	0.99999976	-0.55796856	0.23286484	-0.058469757	0.059464738	-0.1991697	0.1456198	-0.12332765	0.073086835	-0.062876694	0.095085874	-0.08699545	0.10403776	-0.062434632	0.085296586
0.314194	-0.53644466	0.2998952	-0.037596174	0.03657948	-0.55796856	0.9999999	-0.48126566	0.08113168	-0.08354001	0.15240337	-0.17557818	0.14387059	-0.08420952	0.071277946	-0.0896379	0.08585832	-0.11412967	0.067798495	-0.092638664
-0.25764027	0.2930184	-0.72986424	0.060071282	-0.05865262	0.23286484	-0.48126566	1.0000001	-0.1545276	0.12841824	-0.13991827	0.15309347	-0.20466657	0.10305484	-0.0908111	0.08426633	-0.08729974	0.12579988	-0.076971374	0.101030275
0.06157645	-0.06560621	0.11531508	-0.34658533	0.2509412	-0.058469757	0.08113168	-0.1545276	0.9999997	-0.84423226	0.06287242	-0.059505787	0.07546106	-0.21507615	0.17603898	-0.03931723	0.044226557	-0.06642353	0.061919145	-0.07973817
-0.065432	0.06671153	-0.12256649	0.24713792	-0.33912534	0.059464738	-0.08354001	0.12841824	-0.84423226	0.99999964	-0.06765208	0.061312642	-0.07885712	0.18725304	-0.23005162	0.041383564	-0.04716269	0.068566866	-0.06532677	0.083698384
0.14298351	-0.122601844	0.12907425	-0.03109697	0.032781534	-0.1991697	0.15240337	-0.13991827	0.06287242	-0.06765208	0.99999905	-0.592284	0.28907716	-0.17407016	0.13981481	-0.5059017	0.29633063	-0.33310738	0.17951769	-0.25905237
-0.13374142	0.11991144	-0.14570475	0.028636876	-0.030331157	0.1456198	-0.17557818	0.15309347	-0.059505787	0.061312642	-0.592284	0.9999991	-0.619636	0.14133592	-0.12595393	0.2422123	-0.30591837	0.26683635	-0.15273148	0.18242747
0.11410112	-0.11422964	0.15299352	-0.036193702	0.0380146	-0.12332765	0.14387059	-0.20466657	0.07546106	-0.07885712	0.28907716	-0.619636	0.99999917	-0.22051539	0.16911349	-0.2162559	0.22802433	-0.5306518	0.22294424	-0.28926563
-0.07613501	0.06902118	-0.10349729	0.088044845	-0.10116337	0.073086835	-0.08420952	0.10305484	-0.21507615	0.18725304	-0.17407016	0.14133592	-0.22051539	0.9999993	-0.84217495	0.10368838	-0.12911767	0.18613634	-0.2483609	0.24269988
0.06359698	-0.059537813	0.08621487	-0.08477219	0.09110005	-0.062876694	0.071277946	-0.0908111	0.17603898	-0.23005162	0.13981481	-0.12595393	0.16911349	-0.84217495	0.99999964	-0.0941674	0.11056702	-0.1891558	0.20949079	-0.3377129
-0.08678671	0.07032145	-0.08410576	0.019298695	-0.020643523	0.095085874	-0.0896379	0.08426633	-0.03931723	0.041383564	-0.5059017	0.2422123	-0.2162559	0.10368838	-0.0941674	0.99999964	-0.7692448	0.23051304	-0.1311769	0.15046865
0.07767005	-0.06915706	0.082687564	-0.02176722	0.023246193	-0.08699545	0.08585832	-0.08729974	0.044226557	-0.04716269	0.29633063	-0.30591837	0.22802433	-0.12911767	0.11056702	-0.7692448	0.9999998	-0.39009058	0.16885588	-0.21071264
-0.104328364	0.09028704	-0.1261127	0.032054868	-0.03487883	0.10403776	-0.11412967	0.12579988	-0.06642353	0.068566866	-0.33310738	0.26683635	-0.5306518	0.18613634	-0.1891558	0.23051304	-0.39009058	0.9999998	-0.51066256	0.29530933
0.062396444	-0.055068254	0.07592277	-0.02958877	0.032357983	-0.062434632	0.067798495	-0.076971374	0.061919145	-0.06532677	0.17951769	-0.15273148	0.22294424	-0.2483609	0.20949079	-0.1311769	0.16885588	-0.51066256	0.9999998	-0.7488814
-0.08785313	0.07484229	-0.10541354	0.038266353	-0.042770304	0.085296586	-0.092638664	0.101030275	-0.07973817	0.083698384	-0.25905237	0.18242747	-0.28926563	0.24269988	-0.3377129	0.15046865	-0.21071264	0.29530933	-0.7488814	0.9999998
