1.0000001	-0.85831416	0.22409958	-0.07183473	0.065661564	-0.16472161	0.23520239	-0.25673348	0.08215029	-0.0913547	0.1219896	-0.19650863	0.1339179	-0.1429991	0.13341624	-0.16862798	0.11847288	-0.13829742	0.10062849	-0.12614714
-0.85831416	1.0000002	-0.28796142	0.063753195	-0.059094507	0.13337673	-0.31029722	0.2110904	-0.07007328	0.07523027	-0.10840592	0.16950673	-0.11689904	0.1147275	-0.11197427	0.12908114	-0.09798111	0.107477896	-0.080679916	0.09743723
0.22409958	-0.28796142	1.0000006	-0.21495782	0.168338	-0.117036365	0.18514575	-0.8150453	0.20299964	-0.22395809	0.0964131	-0.15054776	0.15903826	-0.16437119	0.15076411	-0.15500292	0.1088131	-0.13874038	0.10718394	-0.13517497
-0.07183473	0.063753195	-0.21495782	1.0000007	-0.8029608	0.037131503	-0.06255883	0.17976578	-0.46118116	0.30516326	-0.03297852	0.05016818	-0.07027436	0.07480647	-0.06391548	0.05155166	-0.03813217	0.049202915	-0.04279	0.05004076
0.065661564	-0.059094507	0.168338	-0.8029608	1.0000005	-0.036675356	0.06017867	-0.18348576	0.30194893	-0.48161927	0.032275986	-0.049225293	0.06644361	-0.07244185	0.063151315	-0.052215878	0.03802399	-0.04972625	0.042235423	-0.0508129
-0.16472161	0.13337673	-0.117036365	0.037131503	-0.036675356	1.0000007	-0.3904387	0.11209157	-0.04582198	0.046791274	-0.8359634	0.27844515	-0.15878433	0.13286556	-0.13879085	0.15442385	-0.139299	0.12400409	-0.096399866	0.104801245
0.23520239	-0.31029722	0.18514575	-0.06255883	0.06017867	-0.3904387	1.0000011	-0.21755032	0.07854062	-0.080970086	0.26973552	-0.64889646	0.23382756	-0.24138007	0.19277239	-0.27788198	0.21621664	-0.2176341	0.15397288	-0.17798555
-0.25673348	0.2110904	-0.8150453	0.17976578	-0.18348576	0.11209157	-0.21755032	1.0000012	-0.26760024	0.20108902	-0.098984905	0.1501095	-0.193058	0.16185652	-0.16419406	0.13864817	-0.105044335	0.12709484	-0.10495277	0.12490273
0.08215029	-0.07007328	0.20299964	-0.46118116	0.30194893	-0.04582198	0.07854062	-0.26760024	1.0000011	-0.7754128	0.04150184	-0.06411086	0.09971626	-0.11953698	0.082477644	-0.063879624	0.04816869	-0.06280009	0.057285953	-0.06437368
-0.0913547	0.07523027	-0.22395809	0.30516326	-0.48161927	0.046791274	-0.080970086	0.20108902	-0.7754128	1.0000013	-0.042643096	0.064349875	-0.09777447	0.10258998	-0.08924269	0.06540017	-0.049342167	0.06362187	-0.057517912	0.06559873
0.1219896	-0.10840592	0.0964131	-0.03297852	0.032275986	-0.8359634	0.26973552	-0.098984905	0.04150184	-0.042643096	1.0000013	-0.41366556	0.15324654	-0.14071384	0.12638395	-0.17279132	0.14325817	-0.12944736	0.09482619	-0.10403809
-0.19650863	0.16950673	-0.15054776	0.05016818	-0.049225293	0.27844515	-0.64889646	0.1501095	-0.06411086	0.064349875	-0.41366556	1.0000015	-0.36191517	0.22802903	-0.19263498	0.23956154	-0.3043827	0.19862425	-0.15038441	0.15347658
0.1339179	-0.11689904	0.15903826	-0.07027436	0.06644361	-0.15878433	0.23382756	-0.193058	0.09971626	-0.09777447	0.15324654	-0.36191517	1.0000014	-0.7737941	0.23583119	-0.22628805	0.17931707	-0.2492757	0.22028103	-0.2335574
-0.1429991	0.1147275	-0.16437119	0.07480647	-0.07244185	0.13286556	-0.24138007	0.16185652	-0.11953698	0.10258998	-0.14071384	0.22802903	-0.7737941	1.0000017	-0.33044174	0.19725743	-0.16921522	0.22837986	-0.32247722	0.2368576
0.13341624	-0.11197427	0.15076411	-0.06391548	0.063151315	-0.13879085	0.19277239	-0.16419406	0.082477644	-0.08924269	0.12638395	-0.19263498	0.23583119	-0.33044174	1.0000017	-0.40947	0.25162247	-0.42977697	0.3152382	-0.6212176
-0.16862798	0.12908114	-0.15500292	0.05155166	-0.052215878	0.15442385	-0.27788198	0.13864817	-0.063879624	0.06540017	-0.17279132	0.23956154	-0.22628805	0.19725743	-0.40947	1.0000017	-0.714199	0.29881242	-0.25430202	0.21992134
0.11847288	-0.09798111	0.1088131	-0.03813217	0.03802399	-0.139299	0.21621664	-0.105044335	0.04816869	-0.049342167	0.14325817	-0.3043827	0.17931707	-0.16921522	0.25162247	-0.714199	1.0000013	-0.50559247	0.21815906	-0.19886495
-0.13829742	0.107477896	-0.13874038	0.049202915	-0.04972625	0.12400409	-0.2176341	0.12709484	-0.06280009	0.06362187	-0.12944736	0.19862425	-0.2492757	0.22837986	-0.42977697	0.29881242	-0.50559247	1.0000014	-0.5676859	0.2917575
0.10062849	-0.080679916	0.10718394	-0.04279	0.042235423	-0.096399866	0.15397288	-0.10495277	0.057285953	-0.057517912	0.09482619	-0.15038441	0.22028103	-0.32247722	0.3152382	-0.25430202	0.21815906	-0.5676859	1.0000013	-0.6326223
-0.12614714	0.09743723	-0.13517497	0.05004076	-0.0508129	0.104801245	-0.17798555	0.12490273	-0.06437368	0.06559873	-0.10403809	0.15347658	-0.2335574	0.2368576	-0.6212176	0.21992134	-0.19886495	0.2917575	-0.6326223	1.0000013
