1.0000001	-0.9416145	0.057120636	-0.03791468	0.02986734	-0.23792294	0.18113065	-0.056125797	0.046237443	-0.02980167	0.1380651	-0.13743828	0.046757527	-0.035849903	0.037864063	-0.058665514	0.04103944	-0.03908884	0.030323047	-0.03398336
-0.9416145	1.0000002	-0.06287298	0.039853122	-0.031493645	0.18935212	-0.22493182	0.05944601	-0.049652886	0.031029945	-0.14865336	0.13262823	-0.05057677	0.037708722	-0.03977273	0.058381345	-0.041664924	0.039381515	-0.031417847	0.034870308
0.057120636	-0.06287298	1.0000001	-0.65770525	0.27233666	-0.07727842	0.08664606	-0.30574858	0.28714767	-0.30119738	0.06296601	-0.07659435	0.2140099	-0.23050688	0.24349299	-0.42340556	0.18117295	-0.2193971	0.18118624	-0.23137286
-0.03791468	0.039853122	-0.65770525	1.0000001	-0.48369375	0.05284855	-0.06133134	0.21268426	-0.41207853	0.26651946	-0.04349202	0.05275056	-0.18315555	0.20344913	-0.23301099	0.23749407	-0.11983062	0.14161272	-0.14390434	0.16890517
0.02986734	-0.031493645	0.27233666	-0.48369375	0.99999994	-0.04572916	0.05185865	-0.16413182	0.21673237	-0.72153	0.038523246	-0.046545308	0.1472423	-0.18297547	0.2603658	-0.26349908	0.12474278	-0.1507639	0.14314102	-0.19444805
-0.23792294	0.18935212	-0.07727842	0.05284855	-0.04572916	1.0000002	-0.6079151	0.11026596	-0.085370794	0.04436621	-0.6557944	0.32733998	-0.09549238	0.063299015	-0.06325034	0.08637543	-0.07438178	0.065848105	-0.051529836	0.054969933
0.18113065	-0.22493182	0.08664606	-0.06133134	0.05185865	-0.6079151	1.0000001	-0.16562262	0.09945537	-0.051260885	0.32661298	-0.6441949	0.11427625	-0.07594613	0.072125226	-0.104694486	0.09138392	-0.08273317	0.060729027	-0.06558782
-0.056125797	0.05944601	-0.30574858	0.21268426	-0.16413182	0.11026596	-0.16562262	1.0000001	-0.4923838	0.16138524	-0.0853504	0.11094399	-0.6990749	0.29468223	-0.2283033	0.22020681	-0.13581425	0.15744801	-0.17521441	0.18070754
0.046237443	-0.049652886	0.28714767	-0.41207853	0.21673237	-0.085370794	0.09945537	-0.4923838	1.0	-0.23784068	0.06661249	-0.085726775	0.30538744	-0.52095604	0.2677569	-0.32311812	0.16805607	-0.21360147	0.22030196	-0.25695872
-0.02980167	0.031029945	-0.30119738	0.26651946	-0.72153	0.04436621	-0.051260885	0.16138524	-0.23784068	1.0000001	-0.0377265	0.045269933	-0.16566569	0.19642253	-0.47650686	0.21911521	-0.12007967	0.13932581	-0.15639701	0.1945721
0.1380651	-0.14865336	0.06296601	-0.04349202	0.038523246	-0.6557944	0.32661298	-0.0853504	0.06661249	-0.0377265	1.0	-0.65532875	0.0725489	-0.052666403	0.05418345	-0.087947816	0.082397595	-0.07117605	0.047183104	-0.05095726
-0.13743828	0.13262823	-0.07659435	0.05275056	-0.046545308	0.32733998	-0.6441949	0.11094399	-0.085726775	0.045269933	-0.65532875	1.0000001	-0.09806115	0.06582334	-0.06601782	0.099814504	-0.11369729	0.08593655	-0.05766024	0.060757704
0.046757527	-0.05057677	0.2140099	-0.18315555	0.1472423	-0.09549238	0.11427625	-0.6990749	0.30538744	-0.16566569	0.0725489	-0.09806115	1.0000002	-0.51010484	0.23070364	-0.25996035	0.15012324	-0.19728017	0.20047969	-0.22215727
-0.035849903	0.037708722	-0.23050688	0.20344913	-0.18297547	0.063299015	-0.07594613	0.29468223	-0.52095604	0.19642253	-0.052666403	0.06582334	-0.51010484	1.0000002	-0.4316694	0.24253184	-0.16155338	0.20029002	-0.37513283	0.2731543
0.037864063	-0.03977273	0.24349299	-0.23301099	0.2603658	-0.06325034	0.072125226	-0.2283033	0.2677569	-0.47650686	0.05418345	-0.06601782	0.23070364	-0.4316694	1.0000002	-0.37590832	0.19642939	-0.25043222	0.2737495	-0.47179925
-0.058665514	0.058381345	-0.42340556	0.23749407	-0.26349908	0.08637543	-0.104694486	0.22020681	-0.32311812	0.21911521	-0.087947816	0.099814504	-0.25996035	0.24253184	-0.37590832	1.0000004	-0.5378555	0.29514313	-0.27025637	0.24624832
0.04103944	-0.041664924	0.18117295	-0.11983062	0.12474278	-0.07438178	0.09138392	-0.13581425	0.16805607	-0.12007967	0.082397595	-0.11369729	0.15012324	-0.16155338	0.19642939	-0.5378555	0.9999997	-0.72111017	0.23699301	-0.24635044
-0.03908884	0.039381515	-0.2193971	0.14161272	-0.1507639	0.065848105	-0.08273317	0.15744801	-0.21360147	0.13932581	-0.07117605	0.08593655	-0.19728017	0.20029002	-0.25043222	0.29514313	-0.72111017	0.99999964	-0.43570292	0.2563005
0.030323047	-0.031417847	0.18118624	-0.14390434	0.14314102	-0.051529836	0.060729027	-0.17521441	0.22030196	-0.15639701	0.047183104	-0.05766024	0.20047969	-0.37513283	0.2737495	-0.27025637	0.23699301	-0.43570292	0.9999995	-0.6968703
-0.03398336	0.034870308	-0.23137286	0.16890517	-0.19444805	0.054969933	-0.06558782	0.18070754	-0.25695872	0.1945721	-0.05095726	0.060757704	-0.22215727	0.2731543	-0.47179925	0.24624832	-0.24635044	0.2563005	-0.6968703	0.9999995
