1.0000001	-0.8607078	0.20924573	-0.1453668	0.10190615	-0.38385838	0.21907666	-0.1666194	0.11528183	-0.08045339	0.05446563	-0.066760756	0.08778922	-0.07326943	0.058676332	-0.05533513	0.057890423	-0.06851275	0.06969804	-0.073145956
-0.8607078	1.0000001	-0.30502716	0.14901128	-0.1121134	0.26027635	-0.2674792	0.17994359	-0.12836783	0.085200354	-0.055315506	0.06824603	-0.095218435	0.07573041	-0.061852753	0.05550557	-0.06063319	0.071589984	-0.07395611	0.07516768
0.20924573	-0.30502716	1.0	-0.47083756	0.19650976	-0.3520774	0.28690013	-0.62847215	0.27397934	-0.17486428	0.085271366	-0.114659294	0.18210316	-0.15097913	0.11920606	-0.097514994	0.10178258	-0.14797069	0.13483022	-0.14742512
-0.1453668	0.14901128	-0.47083756	0.9999997	-0.38591564	0.21774182	-0.23358086	0.27953318	-0.6581217	0.26656845	-0.07324119	0.09439277	-0.16950472	0.16761816	-0.17297164	0.08178171	-0.09141155	0.12413321	-0.16338526	0.1835566
0.10190615	-0.1121134	0.19650976	-0.38591564	0.9999997	-0.22253112	0.17153758	-0.19343859	0.2926741	-0.66675645	0.07305559	-0.09540536	0.1521624	-0.23057814	0.28367928	-0.08608423	0.09114947	-0.12430931	0.18281077	-0.42835274
-0.38385838	0.26027635	-0.3520774	0.21774182	-0.22253112	0.9999997	-0.6936417	0.28222588	-0.2274509	0.15355647	-0.13147911	0.1429512	-0.17973478	0.13679726	-0.11393658	0.11443198	-0.12636846	0.13058576	-0.14268823	0.13520011
0.21907666	-0.2674792	0.28690013	-0.23358086	0.17153758	-0.6936417	0.99999976	-0.49544188	0.20651156	-0.14763725	0.1182415	-0.16889039	0.17537867	-0.1382646	0.10593606	-0.116644375	0.124361016	-0.14156103	0.1291371	-0.13393852
-0.1666194	0.17994359	-0.62847215	0.27953318	-0.19343859	0.28222588	-0.49544188	0.9999996	-0.36646485	0.16944444	-0.08646182	0.117562965	-0.26832736	0.14752097	-0.11648465	0.09643367	-0.1082355	0.16227631	-0.14080648	0.13581206
0.11528183	-0.12836783	0.27397934	-0.6581217	0.2926741	-0.2274509	0.20651156	-0.36646485	0.9999998	-0.4629449	0.06988235	-0.092840776	0.15863109	-0.19817893	0.19011533	-0.08087189	0.08726697	-0.12580094	0.15779492	-0.21109456
-0.08045339	0.085200354	-0.17486428	0.26656845	-0.66675645	0.15355647	-0.14763725	0.16944444	-0.4629449	0.9999999	-0.05806867	0.075098485	-0.13795468	0.196567	-0.4266601	0.06700578	-0.07519736	0.10556548	-0.17418517	0.2857158
0.05446563	-0.055315506	0.085271366	-0.07324119	0.07305559	-0.13147911	0.1182415	-0.08646182	0.06988235	-0.05806867	0.99999976	-0.6464167	0.15545629	-0.092832915	0.054889906	-0.6679516	0.31174853	-0.1451208	0.104575664	-0.0706984
-0.066760756	0.06824603	-0.114659294	0.09439277	-0.09540536	0.1429512	-0.16889039	0.117562965	-0.092840776	0.075098485	-0.6464167	1.0	-0.2513924	0.12148286	-0.07138253	0.33158278	-0.5894309	0.20560722	-0.14915262	0.08940746
0.08778922	-0.095218435	0.18210316	-0.16950472	0.1521624	-0.17973478	0.17537867	-0.26832736	0.15863109	-0.13795468	0.15545629	-0.2513924	0.9999997	-0.31494454	0.1436215	-0.22442341	0.24278173	-0.73586386	0.27047697	-0.19103624
-0.07326943	0.07573041	-0.15097913	0.16761816	-0.23057814	0.13679726	-0.1382646	0.14752097	-0.19817893	0.196567	-0.092832915	0.12148286	-0.31494454	0.9999992	-0.38557673	0.11259328	-0.1427975	0.24063395	-0.7416496	0.27012843
0.058676332	-0.061852753	0.11920606	-0.17297164	0.28367928	-0.11393658	0.10593606	-0.11648465	0.19011533	-0.4266601	0.054889906	-0.07138253	0.1436215	-0.38557673	0.9999995	-0.06532165	0.075670876	-0.11503996	0.23330012	-0.7358683
-0.05533513	0.05550557	-0.097514994	0.08178171	-0.08608423	0.11443198	-0.116644375	0.09643367	-0.08087189	0.06700578	-0.6679516	0.33158278	-0.22442341	0.11259328	-0.06532165	0.9999993	-0.5984334	0.19396491	-0.14242527	0.08170701
0.057890423	-0.06063319	0.10178258	-0.09141155	0.09114947	-0.12636846	0.124361016	-0.1082355	0.08726697	-0.07519736	0.31174853	-0.5894309	0.24278173	-0.1427975	0.075670876	-0.5984334	0.9999992	-0.3651345	0.16301146	-0.09801995
-0.06851275	0.071589984	-0.14797069	0.12413321	-0.12430931	0.13058576	-0.14156103	0.16227631	-0.12580094	0.10556548	-0.1451208	0.20560722	-0.73586386	0.24063395	-0.11503996	0.19396491	-0.3651345	0.9999994	-0.40765676	0.14261438
0.06969804	-0.07395611	0.13483022	-0.16338526	0.18281077	-0.14268823	0.1291371	-0.14080648	0.15779492	-0.17418517	0.104575664	-0.14915262	0.27047697	-0.7416496	0.23330012	-0.14242527	0.16301146	-0.40765676	0.9999994	-0.30972913
-0.073145956	0.07516768	-0.14742512	0.1835566	-0.42835274	0.13520011	-0.13393852	0.13581206	-0.21109456	0.2857158	-0.0706984	0.08940746	-0.19103624	0.27012843	-0.7358683	0.08170701	-0.09801995	0.14261438	-0.30972913	0.9999994
