0.99999994	-0.95278645	0.17156115	-0.15377818	0.11029715	-0.09223588	0.087132335	-0.102420084	0.07504848	-0.0829675	0.06627554	-0.05502135	0.06629454	-0.07833641	0.06134704	-0.07994714	0.04477546	-0.0720028	0.058902483	-0.07213804
-0.95278645	0.99999994	-0.21209528	0.138107	-0.10873319	0.07936786	-0.083988205	0.09293604	-0.069877215	0.07355627	-0.060540542	0.04799786	-0.06009347	0.06864559	-0.05513974	0.06915682	-0.03942162	0.06270831	-0.05238414	0.06258418
0.17156115	-0.21209528	1.0000001	-0.7544262	0.29608437	-0.12267357	0.13289495	-0.35170946	0.20930624	-0.22532746	0.10868465	-0.11523131	0.170841	-0.19956942	0.15402275	-0.14441137	0.09438423	-0.17681475	0.1435382	-0.17905828
-0.15377818	0.138107	-0.7544262	1.0	-0.5145818	0.094173275	-0.10815747	0.22057559	-0.19755182	0.19506967	-0.089089125	0.08941252	-0.13852663	0.1566716	-0.1361433	0.11248579	-0.07457642	0.13563338	-0.11898263	0.14368503
0.11029715	-0.10873319	0.29608437	-0.5145818	1.0000004	-0.15584986	0.16431373	-0.33310974	0.27122363	-0.4644183	0.15113983	-0.16929646	0.22361511	-0.2969715	0.24952984	-0.21274991	0.13732752	-0.2599737	0.21505807	-0.30290428
-0.09223588	0.07936786	-0.12267357	0.094173275	-0.15584986	1.0000007	-0.8091815	0.17323014	-0.133684	0.107689396	-0.4353213	0.14381304	-0.11864511	0.11177744	-0.09132624	0.2593384	-0.119852185	0.11283065	-0.09583655	0.09238575
0.087132335	-0.083988205	0.13289495	-0.10815747	0.16431373	-0.8091815	1.000001	-0.26583958	0.15450586	-0.13317928	0.27190992	-0.19013527	0.1424401	-0.14045073	0.10772205	-0.33068353	0.14308326	-0.14242458	0.1141448	-0.114107005
-0.102420084	0.09293604	-0.35170946	0.22057559	-0.33310974	0.17323014	-0.26583958	1.000001	-0.6076372	0.27500108	-0.14465208	0.1396139	-0.40488622	0.268259	-0.21777536	0.16198684	-0.12228939	0.22728552	-0.203135	0.19456586
0.07504848	-0.069877215	0.20930624	-0.19755182	0.27122363	-0.133684	0.15450586	-0.6076372	1.0000007	-0.5662542	0.11314463	-0.12300513	0.24210161	-0.33161843	0.24474536	-0.13910508	0.1042973	-0.21065943	0.19465128	-0.22963165
-0.0829675	0.07355627	-0.22532746	0.19506967	-0.4644183	0.107689396	-0.13317928	0.27500108	-0.5662542	1.0000006	-0.1085055	0.111907676	-0.20688064	0.2517375	-0.4994293	0.12782234	-0.097335584	0.18756697	-0.20811385	0.26206064
0.06627554	-0.060540542	0.10868465	-0.089089125	0.15113983	-0.4353213	0.27190992	-0.14465208	0.11314463	-0.1085055	1.0000004	-0.28028822	0.12801172	-0.12590542	0.09748432	-0.7650071	0.21329854	-0.14881276	0.11459023	-0.10641689
-0.05502135	0.04799786	-0.11523131	0.08941252	-0.16929646	0.14381304	-0.19013527	0.1396139	-0.12300513	0.111907676	-0.28028822	1.0000002	-0.21224996	0.1523906	-0.12018685	0.24926233	-0.8396284	0.22801381	-0.17922357	0.121855095
0.06629454	-0.06009347	0.170841	-0.13852663	0.22361511	-0.11864511	0.1424401	-0.40488622	0.24210161	-0.20688064	0.12801172	-0.21224996	1.0000005	-0.5643143	0.21405475	-0.15455447	0.1781123	-0.5660022	0.28925523	-0.22857302
-0.07833641	0.06864559	-0.19956942	0.1566716	-0.2969715	0.11177744	-0.14045073	0.268259	-0.33161843	0.2517375	-0.12590542	0.1523906	-0.5643143	1.0000004	-0.38008818	0.14231989	-0.1417068	0.30757555	-0.48247817	0.28206232
0.06134704	-0.05513974	0.15402275	-0.1361433	0.24952984	-0.09132624	0.10772205	-0.21777536	0.24474536	-0.4994293	0.09748432	-0.12018685	0.21405475	-0.38008818	0.99999994	-0.11917625	0.10387444	-0.23363402	0.27222997	-0.65211046
-0.07994714	0.06915682	-0.14441137	0.11248579	-0.21274991	0.2593384	-0.33068353	0.16198684	-0.13910508	0.12782234	-0.7650071	0.24926233	-0.15455447	0.14231989	-0.11917625	0.99999994	-0.32392037	0.16744089	-0.14178742	0.121530004
0.04477546	-0.03942162	0.09438423	-0.07457642	0.13732752	-0.119852185	0.14308326	-0.12228939	0.1042973	-0.097335584	0.21329854	-0.8396284	0.1781123	-0.1417068	0.10387444	-0.32392037	1.0	-0.30783275	0.16021757	-0.112806655
-0.0720028	0.06270831	-0.17681475	0.13563338	-0.2599737	0.11283065	-0.14242458	0.22728552	-0.21065943	0.18756697	-0.14881276	0.22801381	-0.5660022	0.30757555	-0.23363402	0.16744089	-0.30783275	0.9999998	-0.5542806	0.24338327
0.058902483	-0.05238414	0.1435382	-0.11898263	0.21505807	-0.09583655	0.1141448	-0.203135	0.19465128	-0.20811385	0.11459023	-0.17922357	0.28925523	-0.48247817	0.27222997	-0.14178742	0.16021757	-0.5542806	0.99999976	-0.526365
-0.07213804	0.06258418	-0.17905828	0.14368503	-0.30290428	0.09238575	-0.114107005	0.19456586	-0.22963165	0.26206064	-0.10641689	0.121855095	-0.22857302	0.28206232	-0.65211046	0.121530004	-0.112806655	0.24338327	-0.526365	0.99999976
