1.0000001	-0.5923206	0.29166904	-0.09899847	0.07994186	-0.6449148	0.30511644	-0.29827952	0.09821455	-0.07755361	0.107105926	-0.15457602	0.15667437	-0.09214669	0.06925196	-0.11351834	0.11367492	-0.14655918	0.031019608	-0.033800896
-0.5923206	1.0	-0.60464036	0.087416746	-0.07255542	0.30667627	-0.40982285	0.27870145	-0.09013349	0.06780075	-0.090835296	0.13875525	-0.149761	0.07971289	-0.061654303	0.09084053	-0.10391462	0.12368804	-0.026102036	0.028148131
0.29166904	-0.60464036	0.99999994	-0.15121077	0.113906205	-0.34420413	0.3050167	-0.5588854	0.14854501	-0.1131122	0.11566009	-0.1850975	0.20239834	-0.13408409	0.098188475	-0.1266546	0.13441505	-0.1882285	0.0394917	-0.043172445
-0.09899847	0.087416746	-0.15121077	0.99999994	-0.67626905	0.08987577	-0.11194463	0.1615958	-0.5747832	0.30071422	-0.048150934	0.068668924	-0.0940607	0.2761225	-0.29353493	0.048185267	-0.055639673	0.07104444	-0.028864808	0.02983403
0.07994186	-0.07255542	0.113906205	-0.67626905	0.99999976	-0.07941954	0.0895896	-0.13859765	0.31471962	-0.5525409	0.04340942	-0.062135804	0.08131829	-0.35362887	0.27568844	-0.044962358	0.04993306	-0.06685799	0.02847271	-0.030010937
-0.6449148	0.30667627	-0.34420413	0.08987577	-0.07941954	0.9999997	-0.57928795	0.27106267	-0.09481572	0.071627036	-0.1331155	0.16901901	-0.17970905	0.083853506	-0.06726317	0.11910837	-0.13184394	0.14133056	-0.030124715	0.032145746
0.30511644	-0.40982285	0.3050167	-0.11194463	0.0895896	-0.57928795	0.9999999	-0.52720696	0.1223645	-0.08895057	0.13049783	-0.26887336	0.2170062	-0.105852075	0.07883008	-0.13029063	0.15824194	-0.18161523	0.035712343	-0.0385309
-0.29827952	0.27870145	-0.5588854	0.1615958	-0.13859765	0.27106267	-0.52720696	0.9999998	-0.24206823	0.13130578	-0.12908463	0.210883	-0.35709387	0.15284707	-0.12139574	0.1261818	-0.16156983	0.19904974	-0.041750398	0.044305325
0.09821455	-0.09013349	0.14854501	-0.5747832	0.31471962	-0.09481572	0.1223645	-0.24206823	0.99999976	-0.4476156	0.048952106	-0.07431227	0.10294812	-0.54051703	0.29742223	-0.04950774	0.058374256	-0.07652707	0.029679626	-0.030938879
-0.07755361	0.06780075	-0.1131122	0.30071422	-0.5525409	0.071627036	-0.08895057	0.13130578	-0.4476156	0.9999996	-0.03945727	0.056687683	-0.07806733	0.31884712	-0.60397416	0.039686862	-0.046150297	0.059826706	-0.03245532	0.033382114
0.107105926	-0.090835296	0.11566009	-0.048150934	0.04340942	-0.1331155	0.13049783	-0.12908463	0.048952106	-0.03945727	0.9999997	-0.3521508	0.20352067	-0.048154593	0.038634572	-0.8662332	0.24987525	-0.2272145	0.041110545	-0.044368554
-0.15457602	0.13875525	-0.1850975	0.068668924	-0.062135804	0.16901901	-0.26887336	0.210883	-0.07431227	0.056687683	-0.3521508	0.9999997	-0.5355388	0.07023222	-0.056384534	0.25814575	-0.6054276	0.31984523	-0.05411813	0.056378283
0.15667437	-0.149761	0.20239834	-0.0940607	0.08131829	-0.17970905	0.2170062	-0.35709387	0.10294812	-0.07806733	0.20352067	-0.5355388	0.99999964	-0.102213435	0.07668033	-0.22949974	0.31120712	-0.6179262	0.08318442	-0.091066815
-0.09214669	0.07971289	-0.13408409	0.2761225	-0.35362887	0.083853506	-0.105852075	0.15284707	-0.54051703	0.31884712	-0.048154593	0.07023222	-0.102213435	0.99999964	-0.67111427	0.04822402	-0.057135757	0.074675925	-0.04268872	0.043021105
0.06925196	-0.061654303	0.098188475	-0.29353493	0.27568844	-0.06726317	0.07883008	-0.12139574	0.29742223	-0.60397416	0.038634572	-0.056384534	0.07668033	-0.67111427	0.99999946	-0.03965367	0.045892682	-0.06218741	0.043925192	-0.04735078
-0.11351834	0.09084053	-0.1266546	0.048185267	-0.044962358	0.11910837	-0.13029063	0.1261818	-0.04950774	0.039686862	-0.8662332	0.25814575	-0.22949974	0.04822402	-0.03965367	0.99999917	-0.3395026	0.20776224	-0.03949214	0.04118137
0.11367492	-0.10391462	0.13441505	-0.055639673	0.04993306	-0.13184394	0.15824194	-0.16156983	0.058374256	-0.046150297	0.24987525	-0.6054276	0.31120712	-0.057135757	0.045892682	-0.3395026	0.9999993	-0.61532545	0.07234501	-0.07744834
-0.14655918	0.12368804	-0.1882285	0.07104444	-0.06685799	0.14133056	-0.18161523	0.19904974	-0.07652707	0.059826706	-0.2272145	0.31984523	-0.6179262	0.074675925	-0.06218741	0.20776224	-0.61532545	0.9999991	-0.1262088	0.11142857
0.031019608	-0.026102036	0.0394917	-0.028864808	0.02847271	-0.030124715	0.035712343	-0.041750398	0.029679626	-0.03245532	0.041110545	-0.05411813	0.08318442	-0.04268872	0.043925192	-0.03949214	0.07234501	-0.1262088	0.9999992	-0.98313504
-0.033800896	0.028148131	-0.043172445	0.02983403	-0.030010937	0.032145746	-0.0385309	0.044305325	-0.030938879	0.033382114	-0.044368554	0.056378283	-0.091066815	0.043021105	-0.04735078	0.04118137	-0.07744834	0.11142857	-0.98313504	0.9999992
