1.0000001	-0.635366	0.12365308	-0.09118702	0.07721066	-0.68484455	0.2633541	-0.1556672	0.12408313	-0.07802909	0.07917502	-0.06300644	0.09395085	-0.111646004	0.09578616	-0.06839202	0.06644635	-0.08590988	0.11448544	-0.07643094	0.03994314	-0.04832595	0.04611838	-0.060828067	0.0756924	-0.039617512	0.041790992	-0.044499025	0.05294448	-0.05319063	0.02966204	-0.03895506	0.043934602	-0.03913722	0.05804017	-0.035263326	0.027039045	-0.031784944	0.038806234	-0.050034758
-0.635366	0.9999998	-0.24158223	0.16145176	-0.14426273	0.32611755	-0.45325872	0.23604082	-0.22512506	0.13768753	-0.13947684	0.1071212	-0.16611369	0.19146052	-0.18438116	0.117325656	-0.11792871	0.14620943	-0.21946035	0.14112394	-0.07150198	0.08622669	-0.08411883	0.11292625	-0.14672436	0.070321634	-0.075831704	0.08069728	-0.09996224	0.10015099	-0.05413526	0.07130031	-0.08184823	0.07306756	-0.110613585	0.0639624	-0.0498109	0.05834977	-0.072707824	0.09266947
0.12365308	-0.24158223	0.9999995	-0.7533571	0.24306966	-0.17265086	0.20032783	-0.32996437	0.28050187	-0.29463497	0.09604588	-0.08260351	0.13854976	-0.24651393	0.1548924	-0.09780457	0.09056945	-0.13732146	0.16925958	-0.13465418	0.055828895	-0.06885617	0.064818434	-0.090579785	0.10075806	-0.056419116	0.05868399	-0.06379167	0.07466452	-0.07559846	0.04175242	-0.0551686	0.06062919	-0.054951306	0.07791645	-0.050443478	0.03796281	-0.045174118	0.053860057	-0.07167375
-0.09118702	0.16145176	-0.7533571	0.9999994	-0.35768226	0.122886054	-0.16732	0.23058006	-0.4030321	0.24834013	-0.079756446	0.06698568	-0.11601238	0.21247171	-0.14330822	0.07771475	-0.074093595	0.10874314	-0.15645155	0.11514473	-0.045424152	0.055950068	-0.053631783	0.07679951	-0.08691093	0.045590017	-0.048216507	0.052450962	-0.06413691	0.06371196	-0.034177512	0.04529128	-0.050459046	0.045913175	-0.06576148	0.04105114	-0.031272285	0.037076898	-0.045043863	0.059082843
0.07721066	-0.14426273	0.24306966	-0.35768226	0.9999992	-0.107078366	0.12473466	-0.15786326	0.18393889	-0.85171866	0.07142809	-0.058899138	0.094517656	-0.17870457	0.16529414	-0.07351094	0.06753783	-0.095093496	0.1389683	-0.1392046	0.043534514	-0.053613905	0.05097605	-0.07515739	0.08738398	-0.04405079	0.046505403	-0.05066362	0.06203569	-0.06495035	0.033906866	-0.04513471	0.04993551	-0.045869622	0.065660864	-0.041181922	0.031216057	-0.037363783	0.044977278	-0.06082725
-0.68484455	0.32611755	-0.17265086	0.122886054	-0.107078366	0.9999991	-0.51340747	0.21676481	-0.18439898	0.104344726	-0.11639021	0.090269566	-0.13654684	0.15300916	-0.13713574	0.094318405	-0.094134524	0.11925623	-0.1653604	0.10673215	-0.05552357	0.067068025	-0.064534	0.08503372	-0.10679714	0.05476672	-0.058187854	0.061875515	-0.074604675	0.07419985	-0.04103399	0.05389064	-0.061172742	0.0544648	-0.08117257	0.048558958	-0.037453298	0.043888696	-0.054045293	0.06902832
0.2633541	-0.45325872	0.20032783	-0.16732	0.12473466	-0.51340747	0.9999991	-0.5552305	0.23895666	-0.13495243	0.12878162	-0.11909252	0.17819193	-0.22099312	0.14756058	-0.118678614	0.11400355	-0.16751854	0.17897493	-0.12534016	0.06596413	-0.080908746	0.0754076	-0.09753176	0.111783	-0.06606056	0.06815094	-0.07303541	0.08227709	-0.08234487	0.047574304	-0.062366854	0.06865201	-0.061115436	0.08757408	-0.05694938	0.042849455	-0.050573085	0.060166795	-0.07860596
-0.1556672	0.23604082	-0.32996437	0.23058006	-0.15786326	0.21676481	-0.5552305	0.999999	-0.5184021	0.1577999	-0.14255343	0.12728298	-0.2966783	0.25937635	-0.18010937	0.12589839	-0.12840459	0.20182352	-0.22574306	0.14376183	-0.07103481	0.08764521	-0.08391667	0.10857569	-0.1229453	0.0705391	-0.07402142	0.07982742	-0.092540324	0.089361444	-0.050556395	0.06639172	-0.07378895	0.06585522	-0.094222374	0.060023326	-0.045616765	0.053530976	-0.06473996	0.082921326
0.12408313	-0.22512506	0.28050187	-0.4030321	0.18393889	-0.18439898	0.23895666	-0.5184021	0.99999887	-0.20478538	0.11170852	-0.09800328	0.17407686	-0.5595183	0.19306155	-0.111232	0.10561362	-0.16825528	0.23005934	-0.16279587	0.06385212	-0.07922831	0.07559526	-0.11110514	0.11743604	-0.06429645	0.06763311	-0.07414496	0.08993373	-0.08805412	0.047395542	-0.062854566	0.06957229	-0.06354115	0.0895477	-0.05695837	0.043212984	-0.05124605	0.061994836	-0.08119547
-0.07802909	0.13768753	-0.29463497	0.24834013	-0.85171866	0.104344726	-0.13495243	0.1577999	-0.20478538	0.9999988	-0.07940736	0.06389404	-0.10383416	0.1782462	-0.22802556	0.07794407	-0.073786035	0.10054542	-0.16307992	0.15221709	-0.047328226	0.05810007	-0.056256976	0.0833212	-0.101702355	0.047485337	-0.050971694	0.055433385	-0.07030513	0.07257175	-0.037008576	0.049323414	-0.055488613	0.05093181	-0.07433817	0.044579722	-0.034265175	0.040778544	-0.050098486	0.06647374
0.07917502	-0.13947684	0.09604588	-0.079756446	0.07142809	-0.11639021	0.12878162	-0.14255343	0.11170852	-0.07940736	0.99999887	-0.7399471	0.24866341	-0.1375429	0.106845476	-0.42030957	0.3073151	-0.27706525	0.15132524	-0.105366684	0.15918125	-0.18189524	0.13512641	-0.11291888	0.11596788	-0.16179946	0.13517867	-0.13252749	0.098235175	-0.09452558	0.08499767	-0.103750795	0.10257573	-0.08148382	0.105805695	-0.100642174	0.06787181	-0.07814647	0.08011484	-0.100836456
-0.06300644	0.1071212	-0.08260351	0.06698568	-0.058899138	0.090269566	-0.11909252	0.12728298	-0.09800328	0.06389404	-0.7399471	0.9999988	-0.35534704	0.11209655	-0.088163495	0.27234882	-0.46192312	0.2499177	-0.12908451	0.08451458	-0.1192741	0.14379135	-0.112496346	0.08765394	-0.091677636	0.113647744	-0.10700371	0.10158311	-0.07713531	0.07293714	-0.06252302	0.07733127	-0.07859286	0.06206919	-0.08190023	0.07216487	-0.050761957	0.057636105	-0.061163027	0.07535347
0.09395085	-0.16611369	0.13854976	-0.11601238	0.094517656	-0.13654684	0.17819193	-0.2966783	0.17407686	-0.10383416	0.24866341	-0.35534704	0.9999988	-0.20412174	0.13857795	-0.24129884	0.25193366	-0.7404075	0.21252877	-0.13739578	0.11538449	-0.14917426	0.13485235	-0.123960674	0.12310085	-0.11564545	0.11342821	-0.123619944	0.10352455	-0.09807627	0.06996894	-0.08961066	0.092963	-0.0781043	0.10403965	-0.08254431	0.059411425	-0.0688501	0.0761694	-0.09648995
-0.111646004	0.19146052	-0.24651393	0.21247171	-0.17870457	0.15300916	-0.22099312	0.25937635	-0.5595183	0.1782462	-0.1375429	0.11209655	-0.20412174	0.9999985	-0.3810129	0.13014022	-0.12891936	0.18831657	-0.4955263	0.25487858	-0.08043153	0.09979652	-0.100035	0.16608971	-0.1752663	0.080161	-0.08833182	0.09787236	-0.1377551	0.12630954	-0.06196047	0.08322646	-0.095190786	0.08888596	-0.12676176	0.073851526	-0.057716537	0.06817674	-0.08664682	0.11023136
0.09578616	-0.18438116	0.1548924	-0.14330822	0.16529414	-0.13713574	0.14756058	-0.18010937	0.19306155	-0.22802556	0.106845476	-0.088163495	0.13857795	-0.3810129	0.99999833	-0.117671125	0.1057811	-0.152717	0.29122567	-0.7618177	0.07251653	-0.09095816	0.08762801	-0.15411909	0.1784308	-0.07424649	0.080155626	-0.089810856	0.119966395	-0.13679332	0.05960641	-0.08109471	0.08929653	-0.08601534	0.12005565	-0.073407985	0.05597395	-0.06801306	0.08295021	-0.116802536
-0.06839202	0.117325656	-0.09780457	0.07771475	-0.07351094	0.094318405	-0.118678614	0.12589839	-0.111232	0.07794407	-0.42030957	0.27234882	-0.24129884	0.13014022	-0.117671125	0.9999985	-0.6279073	0.23033643	-0.16844359	0.109132156	-0.39374924	0.23417304	-0.1915411	0.12886919	-0.14661792	0.23570834	-0.20774782	0.16788858	-0.12095337	0.11305498	-0.11668604	0.1344985	-0.1396527	0.10218841	-0.13679856	0.12391578	-0.08860427	0.09615182	-0.102426514	0.11842007
0.06644635	-0.11792871	0.09056945	-0.074093595	0.06753783	-0.094134524	0.11400355	-0.12840459	0.10561362	-0.073786035	0.3073151	-0.46192312	0.25193366	-0.12891936	0.1057811	-0.6279073	0.9999986	-0.35322466	0.15714271	-0.10372679	0.20921257	-0.29585925	0.17865115	-0.12119591	0.123387076	-0.20215687	0.1799723	-0.16360988	0.10844723	-0.10052547	0.098087564	-0.12024925	0.117589265	-0.08956118	0.11473585	-0.11196601	0.076905936	-0.08615194	0.088008486	-0.106014945
-0.08590988	0.14620943	-0.13732146	0.10874314	-0.095093496	0.11925623	-0.16751854	0.20182352	-0.16825528	0.10054542	-0.27706525	0.2499177	-0.7404075	0.18831657	-0.152717	0.23033643	-0.35322466	0.9999986	-0.2992633	0.14644146	-0.12300928	0.16113184	-0.17373577	0.13738431	-0.13715829	0.118026145	-0.12586021	0.13643841	-0.1179469	0.10637332	-0.07382679	0.094995245	-0.10137045	0.08462648	-0.11408982	0.08517073	-0.063335605	0.07240896	-0.082770705	0.10173629
0.11448544	-0.21946035	0.16925958	-0.15645155	0.1389683	-0.1653604	0.17897493	-0.22574306	0.23005934	-0.16307992	0.15132524	-0.12908451	0.21252877	-0.4955263	0.29122567	-0.16844359	0.15714271	-0.2992633	0.9999987	-0.45957246	0.104151085	-0.13389722	0.1332913	-0.35923466	0.21865255	-0.106439605	0.11781798	-0.1385224	0.20601456	-0.18546517	0.082709014	-0.11363993	0.12683721	-0.12620735	0.1647427	-0.10035758	0.077714734	-0.093400784	0.11772125	-0.15447104
-0.07643094	0.14112394	-0.13465418	0.11514473	-0.1392046	0.10673215	-0.12534016	0.14376183	-0.16279587	0.15221709	-0.105366684	0.08451458	-0.13739578	0.25487858	-0.7618177	0.109132156	-0.10372679	0.14644146	-0.45957246	0.9999992	-0.07114895	0.08937035	-0.09036234	0.16824882	-0.24000585	0.07186041	-0.080935515	0.09133098	-0.1381194	0.14921425	-0.05915048	0.08113827	-0.092562646	0.09016212	-0.13000523	0.07176946	-0.056372166	0.06780048	-0.087059766	0.11718673
0.03994314	-0.07150198	0.055828895	-0.045424152	0.043534514	-0.05552357	0.06596413	-0.07103481	0.06385212	-0.047328226	0.15918125	-0.1192741	0.11538449	-0.08043153	0.07251653	-0.39374924	0.20921257	-0.12300928	0.104151085	-0.07114895	0.9999992	-0.3237781	0.18908218	-0.11059119	0.110286765	-0.7561219	0.2645656	-0.2061131	0.10592492	-0.093191504	0.15049227	-0.15663363	0.13602547	-0.093824595	0.11221076	-0.16227747	0.093198754	-0.09967568	0.09179586	-0.10251711
-0.04832595	0.08622669	-0.06885617	0.055950068	-0.053613905	0.067068025	-0.080908746	0.08764521	-0.07922831	0.05810007	-0.18189524	0.14379135	-0.14917426	0.09979652	-0.09095816	0.23417304	-0.29585925	0.16113184	-0.13389722	0.08937035	-0.3237781	0.9999992	-0.5556382	0.14496708	-0.14474842	0.257894	-0.55180156	0.31195253	-0.1480763	0.12123462	-0.13956782	0.18848565	-0.18537204	0.12151758	-0.14720902	0.14077507	-0.11492578	0.1163144	-0.11978732	0.12722853
0.04611838	-0.08411883	0.064818434	-0.053631783	0.05097605	-0.064534	0.0754076	-0.08391667	0.07559526	-0.056256976	0.13512641	-0.112496346	0.13485235	-0.100035	0.08762801	-0.1915411	0.17865115	-0.17373577	0.1332913	-0.09036234	0.18908218	-0.5556382	0.99999917	-0.18621396	0.14221641	-0.20373553	0.302269	-0.6766114	0.18012284	-0.13473646	0.11472196	-0.16491489	0.15826972	-0.12207231	0.13867499	-0.12780541	0.09798624	-0.108369045	0.11265083	-0.12773205
-0.060828067	0.11292625	-0.090579785	0.07679951	-0.07515739	0.08503372	-0.09753176	0.10857569	-0.11110514	0.0833212	-0.11291888	0.08765394	-0.123960674	0.16608971	-0.15411909	0.12886919	-0.12119591	0.13738431	-0.35923466	0.16824882	-0.11059119	0.14496708	-0.18621396	0.99999934	-0.3363353	0.110328265	-0.15273796	0.19461536	-0.7222399	0.2653229	-0.09775661	0.1412345	-0.1847115	0.20120011	-0.24826913	0.11340335	-0.098967396	0.11524807	-0.18672886	0.18996225
0.0756924	-0.14672436	0.10075806	-0.08691093	0.08738398	-0.10679714	0.111783	-0.1229453	0.11743604	-0.101702355	0.11596788	-0.091677636	0.12310085	-0.1752663	0.1784308	-0.14661792	0.123387076	-0.13715829	0.21865255	-0.24000585	0.110286765	-0.14474842	0.14221641	-0.3363353	0.99999905	-0.11687668	0.13654125	-0.16181318	0.26797143	-0.6950934	0.115170784	-0.1682911	0.18152024	-0.20348905	0.28993264	-0.14933881	0.11598717	-0.14890142	0.18761154	-0.31913587
-0.039617512	0.070321634	-0.056419116	0.045590017	-0.04405079	0.05476672	-0.06606056	0.0705391	-0.06429645	0.047485337	-0.16179946	0.113647744	-0.11564545	0.080161	-0.07424649	0.23570834	-0.20215687	0.118026145	-0.106439605	0.07186041	-0.7561219	0.257894	-0.20373553	0.110328265	-0.11687668	0.9999989	-0.4264281	0.20321001	-0.11067598	0.09588897	-0.20195794	0.17205913	-0.15465678	0.099738955	-0.12061563	0.16752332	-0.10348407	0.104081936	-0.09907004	0.105524935
0.041790992	-0.075831704	0.05868399	-0.048216507	0.046505403	-0.058187854	0.06815094	-0.07402142	0.06763311	-0.050971694	0.13517867	-0.10700371	0.11342821	-0.08833182	0.080155626	-0.20774782	0.1799723	-0.12586021	0.11781798	-0.080935515	0.2645656	-0.55180156	0.302269	-0.15273796	0.13654125	-0.4264281	0.99999875	-0.4948475	0.15484211	-0.12241551	0.16218895	-0.30048743	0.19838028	-0.12945224	0.14311658	-0.1656317	0.13216554	-0.1348533	0.12242224	-0.13004379
-0.044499025	0.08069728	-0.06379167	0.052450962	-0.05066362	0.061875515	-0.07303541	0.07982742	-0.07414496	0.055433385	-0.13252749	0.10158311	-0.123619944	0.09787236	-0.089810856	0.16788858	-0.16360988	0.13643841	-0.1385224	0.09133098	-0.2061131	0.31195253	-0.6766114	0.19461536	-0.16181318	0.20321001	-0.4948475	0.99999905	-0.27125448	0.14806257	-0.12607813	0.18263456	-0.19830832	0.14002098	-0.15908681	0.13109598	-0.11038062	0.11574943	-0.13030355	0.13628389
0.05294448	-0.09996224	0.07466452	-0.06413691	0.06203569	-0.074604675	0.08227709	-0.092540324	0.08993373	-0.07030513	0.098235175	-0.07713531	0.10352455	-0.1377551	0.119966395	-0.12095337	0.10844723	-0.1179469	0.20601456	-0.1381194	0.10592492	-0.1480763	0.18012284	-0.7222399	0.26797143	-0.11067598	0.15484211	-0.27125448	0.9999988	-0.39673218	0.096516274	-0.14716944	0.18161838	-0.27894625	0.23221323	-0.114734635	0.09833843	-0.11828689	0.18616962	-0.20018376
-0.05319063	0.10015099	-0.07559846	0.06371196	-0.06495035	0.07419985	-0.08234487	0.089361444	-0.08805412	0.07257175	-0.09452558	0.07293714	-0.09807627	0.12630954	-0.13679332	0.11305498	-0.10052547	0.10637332	-0.18546517	0.14921425	-0.093191504	0.12123462	-0.13473646	0.2653229	-0.6950934	0.09588897	-0.12241551	0.14806257	-0.39673218	0.99999875	-0.09447719	0.13861838	-0.17060207	0.19451468	-0.44940725	0.11575233	-0.09736503	0.119345844	-0.17948408	0.2464047
0.02966204	-0.05413526	0.04175242	-0.034177512	0.033906866	-0.04103399	0.047574304	-0.050556395	0.047395542	-0.037008576	0.08499767	-0.06252302	0.06996894	-0.06196047	0.05960641	-0.11668604	0.098087564	-0.07382679	0.082709014	-0.05915048	0.15049227	-0.13956782	0.11472196	-0.09775661	0.115170784	-0.20195794	0.16218895	-0.12607813	0.096516274	-0.09447719	0.9999992	-0.40183496	0.2237443	-0.12881295	0.13865714	-0.82257026	0.19206233	-0.18606114	0.1279696	-0.12700723
-0.03895506	0.07130031	-0.0551686	0.04529128	-0.04513471	0.05389064	-0.062366854	0.06639172	-0.062854566	0.049323414	-0.103750795	0.07733127	-0.08961066	0.08322646	-0.08109471	0.1344985	-0.12024925	0.094995245	-0.11363993	0.08113827	-0.15663363	0.18848565	-0.16491489	0.1412345	-0.1682911	0.17205913	-0.30048743	0.18263456	-0.14716944	0.13861838	-0.40183496	0.999999	-0.5806887	0.22068052	-0.2176826	0.27786198	-0.40667367	0.27104327	-0.22018681	0.18738432
0.043934602	-0.08184823	0.06062919	-0.050459046	0.04993551	-0.061172742	0.06865201	-0.07378895	0.06957229	-0.055488613	0.10257573	-0.07859286	0.092963	-0.095190786	0.08929653	-0.1396527	0.117589265	-0.10137045	0.12683721	-0.092562646	0.13602547	-0.18537204	0.15826972	-0.1847115	0.18152024	-0.15465678	0.19838028	-0.19830832	0.18161838	-0.17060207	0.2237443	-0.5806887	0.9999987	-0.4741237	0.24071434	-0.28271466	0.24220799	-0.31945816	0.26780286	-0.2715043
-0.03913722	0.07306756	-0.054951306	0.045913175	-0.045869622	0.0544648	-0.061115436	0.06585522	-0.06354115	0.05093181	-0.08148382	0.06206919	-0.0781043	0.08888596	-0.08601534	0.10218841	-0.08956118	0.08462648	-0.12620735	0.09016212	-0.093824595	0.12151758	-0.12207231	0.20120011	-0.20348905	0.099738955	-0.12945224	0.14002098	-0.27894625	0.19451468	-0.12881295	0.22068052	-0.4741237	0.9999985	-0.37520567	0.1508054	-0.1575476	0.18918502	-0.6445342	0.29816893
0.05804017	-0.110613585	0.07791645	-0.06576148	0.065660864	-0.08117257	0.08757408	-0.094222374	0.0895477	-0.07433817	0.105805695	-0.08190023	0.10403965	-0.12676176	0.12005565	-0.13679856	0.11473585	-0.11408982	0.1647427	-0.13000523	0.11221076	-0.14720902	0.13867499	-0.24826913	0.28993264	-0.12061563	0.14311658	-0.15908681	0.23221323	-0.44940725	0.13865714	-0.2176826	0.24071434	-0.37520567	0.9999986	-0.18226057	0.14978094	-0.19795911	0.28787172	-0.60792977
-0.035263326	0.0639624	-0.050443478	0.04105114	-0.041181922	0.048558958	-0.05694938	0.060023326	-0.05695837	0.044579722	-0.100642174	0.07216487	-0.08254431	0.073851526	-0.073407985	0.12391578	-0.11196601	0.08517073	-0.10035758	0.07176946	-0.16227747	0.14077507	-0.12780541	0.11340335	-0.14933881	0.16752332	-0.1656317	0.13109598	-0.114734635	0.11575233	-0.82257026	0.27786198	-0.28271466	0.1508054	-0.18226057	0.99999833	-0.24295692	0.1904707	-0.16110097	0.14837162
0.027039045	-0.0498109	0.03796281	-0.031272285	0.031216057	-0.037453298	0.042849455	-0.045616765	0.043212984	-0.034265175	0.06787181	-0.050761957	0.059411425	-0.057716537	0.05597395	-0.08860427	0.076905936	-0.063335605	0.077714734	-0.056372166	0.093198754	-0.11492578	0.09798624	-0.098967396	0.11598717	-0.10348407	0.13216554	-0.11038062	0.09833843	-0.09736503	0.19206233	-0.40667367	0.24220799	-0.1575476	0.14978094	-0.24295692	0.9999981	-0.8137808	0.17346951	-0.1540623
-0.031784944	0.05834977	-0.045174118	0.037076898	-0.037363783	0.043888696	-0.050573085	0.053530976	-0.05124605	0.040778544	-0.07814647	0.057636105	-0.0688501	0.06817674	-0.06801306	0.09615182	-0.08615194	0.07240896	-0.093400784	0.06780048	-0.09967568	0.1163144	-0.108369045	0.11524807	-0.14890142	0.104081936	-0.1348533	0.11574943	-0.11828689	0.119345844	-0.18606114	0.27104327	-0.31945816	0.18918502	-0.19795911	0.1904707	-0.8137808	0.99999803	-0.2592282	0.18004242
0.038806234	-0.072707824	0.053860057	-0.045043863	0.044977278	-0.054045293	0.060166795	-0.06473996	0.061994836	-0.050098486	0.08011484	-0.061163027	0.0761694	-0.08664682	0.08295021	-0.102426514	0.088008486	-0.082770705	0.11772125	-0.087059766	0.09179586	-0.11978732	0.11265083	-0.18672886	0.18761154	-0.09907004	0.12242224	-0.13030355	0.18616962	-0.17948408	0.1279696	-0.22018681	0.26780286	-0.6445342	0.28787172	-0.16110097	0.17346951	-0.2592282	0.9999979	-0.5554048
-0.050034758	0.09266947	-0.07167375	0.059082843	-0.06082725	0.06902832	-0.07860596	0.082921326	-0.08119547	0.06647374	-0.100836456	0.07535347	-0.09648995	0.11023136	-0.116802536	0.11842007	-0.106014945	0.10173629	-0.15447104	0.11718673	-0.10251711	0.12722853	-0.12773205	0.18996225	-0.31913587	0.105524935	-0.13004379	0.13628389	-0.20018376	0.2464047	-0.12700723	0.18738432	-0.2715043	0.29816893	-0.60792977	0.14837162	-0.1540623	0.18004242	-0.5554048	0.9999979
