1.0000001	-0.46643803	0.25602758	-0.23425461	0.20377636	-0.5176889	0.30997184	-0.32964954	0.16902223	-0.18705124	0.28873152	-0.26515666	0.20509408	-0.23913328	0.13324855	-0.25597784	0.21301535	-0.2290967	0.1756092	-0.11585366	0.17252377	-0.19016933	0.14696857	-0.119351186	0.16913098	-0.16595747	0.12910987	-0.14783213	0.12888715	-0.13263093	0.10912196	-0.10284233	0.119369455	-0.10399931	0.108118646	-0.12732664	0.08701094	-0.11575529	0.107441016	-0.18601426
-0.46643803	1.0	-0.66222715	0.24073815	-0.26415277	0.23303887	-0.35778818	0.30015826	-0.1680824	0.15958437	-0.21593434	0.18210049	-0.16432333	0.16008724	-0.09849174	0.14861362	-0.15292703	0.14430499	-0.12408489	0.0817722	-0.11423292	0.116546795	-0.09780601	0.07957446	-0.11939065	0.09851334	-0.08057186	0.092807084	-0.08721624	0.08409317	-0.068511054	0.0632932	-0.07568707	0.06466068	-0.0684819	0.07559732	-0.05298526	0.06967101	-0.06688897	0.111066386
0.25602758	-0.66222715	0.99999994	-0.3741961	0.24761249	-0.18132403	0.24827439	-0.5062693	0.1804352	-0.17880853	0.16102478	-0.16009657	0.15396158	-0.15337473	0.08553663	-0.121023536	0.12508993	-0.12678185	0.10668438	-0.07191521	0.09175755	-0.09652016	0.08134424	-0.06733931	0.09851272	-0.081797265	0.06647391	-0.07773725	0.07283153	-0.070769146	0.05642395	-0.052403245	0.06267294	-0.053888574	0.05715325	-0.06305266	0.043991935	-0.058122817	0.055518925	-0.09368047
-0.23425461	0.24073815	-0.3741961	1.0	-0.79215175	0.1444629	-0.18837355	0.23334424	-0.26642728	0.2317893	-0.1513425	0.1354465	-0.12955491	0.13557264	-0.09165299	0.111120775	-0.11646609	0.12054777	-0.105030596	0.07551485	-0.087869436	0.090801336	-0.08193692	0.067704484	-0.105142884	0.07929562	-0.064842924	0.07767771	-0.07401867	0.07336767	-0.05653671	0.052189987	-0.063920334	0.055021025	-0.059253596	0.0638496	-0.04455906	0.059132382	-0.05694718	0.09690121
0.20377636	-0.26415277	0.24761249	-0.79215175	0.9999998	-0.14589705	0.17821518	-0.25310484	0.24079086	-0.3472943	0.14660166	-0.14644651	0.13490431	-0.15271974	0.099927515	-0.119212754	0.12117402	-0.13579658	0.112614945	-0.08498995	0.09188741	-0.09856077	0.088241674	-0.07374373	0.111225545	-0.08765423	0.07051341	-0.08565799	0.0796238	-0.08197838	0.061663434	-0.057421405	0.07005493	-0.061075557	0.06570722	-0.071933895	0.049581073	-0.06641322	0.06307336	-0.11098358
-0.5176889	0.23303887	-0.18132403	0.1444629	-0.14589705	0.9999999	-0.55483425	0.24145183	-0.123392984	0.12375614	-0.52468055	0.22195022	-0.16308893	0.16525862	-0.09429239	0.21714765	-0.18336403	0.15490168	-0.12617286	0.079953924	-0.14905858	0.14462835	-0.10349208	0.08251427	-0.11738204	0.11615552	-0.093806595	0.100517295	-0.0900562	0.086531095	-0.076144375	0.070909746	-0.08076083	0.06873666	-0.07088357	0.08210599	-0.057575017	0.07489118	-0.07090688	0.11589023
0.30997184	-0.35778818	0.24827439	-0.18837355	0.17821518	-0.55483425	1.0000001	-0.49785343	0.17069153	-0.17638823	0.27249908	-0.33863214	0.21264312	-0.20946978	0.109207876	-0.20336527	0.20124857	-0.178367	0.14519003	-0.09283501	0.14215885	-0.15276381	0.112670995	-0.09190158	0.12901628	-0.12199273	0.098563544	-0.108901285	0.099175975	-0.09473042	0.08037036	-0.07512527	0.08653262	-0.0739855	0.07689724	-0.08754355	0.06130188	-0.08015019	0.0760077	-0.12563594
-0.32964954	0.30015826	-0.5062693	0.23334424	-0.25310484	0.24145183	-0.49785343	1.0000001	-0.33749434	0.2314597	-0.23014326	0.2251301	-0.2867093	0.2112213	-0.11769334	0.15771982	-0.17698325	0.16684367	-0.14819616	0.09648482	-0.123522006	0.12677637	-0.108180486	0.0897111	-0.13158475	0.105224	-0.08705469	0.10123836	-0.09739648	0.09153216	-0.07338245	0.06779414	-0.08140935	0.06949446	-0.07389663	0.0801526	-0.05642833	0.07415164	-0.07151148	0.11857464
0.16902223	-0.1680824	0.1804352	-0.26642728	0.24079086	-0.123392984	0.17069153	-0.33749434	1.0	-0.8357326	0.12357473	-0.12706436	0.13505113	-0.15712574	0.10682974	-0.093775555	0.10305182	-0.11283158	0.10211535	-0.08852052	0.074166276	-0.07799478	0.07194692	-0.062090445	0.09434728	-0.0675775	0.05547789	-0.06808002	0.06623809	-0.066337705	0.04803429	-0.04456038	0.05493246	-0.047743432	0.052087396	-0.054533627	0.038032968	-0.05078408	0.048916474	-0.08559326
-0.18705124	0.15958437	-0.17880853	0.2317893	-0.3472943	0.12375614	-0.17638823	0.2314597	-0.8357326	0.9999999	-0.131602	0.124310926	-0.13171156	0.14092158	-0.13029125	0.09617101	-0.106650606	0.11429888	-0.106939904	0.09664944	-0.07748694	0.080125645	-0.07579122	0.06515309	-0.10387888	0.069899224	-0.057722546	0.071114816	-0.07015551	0.07032923	-0.050366823	0.04654854	-0.057907313	0.050235532	-0.05523336	0.056984752	-0.03985386	0.053196438	-0.051548056	0.0898862
0.28873152	-0.21593434	0.16102478	-0.1513425	0.14660166	-0.52468055	0.27249908	-0.23014326	0.12357473	-0.131602	0.9999999	-0.33228916	0.20051603	-0.22641839	0.12156733	-0.51965255	0.26010406	-0.22168432	0.16904333	-0.10528833	0.24053401	-0.2435238	0.1460761	-0.11444291	0.1557098	-0.18804596	0.14613791	-0.14693263	0.1241693	-0.119946055	0.11350223	-0.10737976	0.115834415	-0.09851848	0.09879369	-0.12059077	0.08436211	-0.10869568	0.101172835	-0.16284324
-0.26515666	0.18210049	-0.16009657	0.1354465	-0.14644651	0.22195022	-0.33863214	0.2251301	-0.12706436	0.124310926	-0.33228916	0.9999999	-0.5007567	0.27878767	-0.14295687	0.2394102	-0.5454849	0.2378595	-0.21294685	0.11749637	-0.20742501	0.21878901	-0.15120839	0.12155699	-0.1651433	0.15224868	-0.13468549	0.13801031	-0.1327701	0.11419642	-0.10322922	0.09506877	-0.108153075	0.09010151	-0.09303876	0.10306887	-0.074404955	0.095008455	-0.09219313	0.14354111
0.20509408	-0.16432333	0.15396158	-0.12955491	0.13490431	-0.16308893	0.21264312	-0.2867093	0.13505113	-0.13171156	0.20051603	-0.5007567	1.0	-0.6718727	0.1525179	-0.16685554	0.2382671	-0.2840513	0.23172466	-0.13115343	0.13703655	-0.15197001	0.13588859	-0.12161292	0.15182954	-0.119815454	0.101085804	-0.124167554	0.12428004	-0.10790621	0.08305155	-0.0773467	0.093586355	-0.08015111	0.085106105	-0.08973629	0.0634965	-0.08371395	0.080895826	-0.13443893
-0.23913328	0.16008724	-0.15337473	0.13557264	-0.15271974	0.16525862	-0.20946978	0.2112213	-0.15712574	0.14092158	-0.22641839	0.27878767	-0.6718727	1.0000001	-0.24671629	0.1713292	-0.25180697	0.2764683	-0.40056586	0.18238196	-0.15162277	0.1559818	-0.16818531	0.15933739	-0.2035527	0.13104902	-0.11289071	0.14670004	-0.16605195	0.13363911	-0.09599745	0.08832237	-0.11190042	0.0956717	-0.10448795	0.10364343	-0.07384608	0.09780832	-0.096400335	0.15995733
0.13324855	-0.09849174	0.08553663	-0.09165299	0.099927515	-0.09429239	0.109207876	-0.11769334	0.10682974	-0.13029125	0.12156733	-0.14295687	0.1525179	-0.24671629	1.0	-0.10838241	0.13009143	-0.23279724	0.23052967	-0.83042544	0.09443823	-0.10466821	0.13517407	-0.14120694	0.25537437	-0.10530873	0.08700547	-0.13189375	0.13693838	-0.18365182	0.08285098	-0.07796294	0.107678495	-0.10111557	0.12408579	-0.10655197	0.07268011	-0.10311455	0.1004142	-0.21692204
-0.25597784	0.14861362	-0.121023536	0.111120775	-0.119212754	0.21714765	-0.20336527	0.15771982	-0.093775555	0.09617101	-0.51965255	0.2394102	-0.16685554	0.1713292	-0.10838241	1.0000001	-0.3983206	0.18911515	-0.155045	0.09150311	-0.5794386	0.28760833	-0.14502418	0.10542828	-0.14468816	0.19014461	-0.16625755	0.13818261	-0.11807257	0.10442037	-0.118294105	0.10785533	-0.11092057	0.08987873	-0.08785354	0.10704683	-0.07886662	0.09666307	-0.09289745	0.13456573
0.21301535	-0.15292703	0.12508993	-0.11646609	0.12117402	-0.18336403	0.20124857	-0.17698325	0.10305182	-0.106650606	0.26010406	-0.5454849	0.2382671	-0.25180697	0.13009143	-0.3983206	1.0000001	-0.32736614	0.20611288	-0.11275128	0.27616224	-0.46242535	0.16827717	-0.12842745	0.1608828	-0.21595809	0.18634257	-0.16345987	0.13802128	-0.11927287	0.12574284	-0.1211296	0.12167257	-0.100428924	0.09821347	-0.11884865	0.086428	-0.10748701	0.10168415	-0.15202358
-0.2290967	0.14430499	-0.12678185	0.12054777	-0.13579658	0.15490168	-0.178367	0.16684367	-0.11283158	0.11429888	-0.22168432	0.2378595	-0.2840513	0.2764683	-0.23279724	0.18911515	-0.32736614	1.0000001	-0.6482815	0.19898582	-0.1755609	0.18691936	-0.313779	0.24103779	-0.25794578	0.16296008	-0.14439242	0.2176357	-0.2559658	0.17086029	-0.123149514	0.11320046	-0.15135069	0.12643792	-0.1354498	0.13063319	-0.09422566	0.12494858	-0.12505178	0.19596614
0.1756092	-0.12408489	0.10668438	-0.105030596	0.112614945	-0.12617286	0.14519003	-0.14819616	0.10211535	-0.106939904	0.16904333	-0.21294685	0.23172466	-0.40056586	0.23052967	-0.155045	0.20611288	-0.6482815	1.0000004	-0.28683546	0.13596049	-0.15324451	0.23010802	-0.35855553	0.22963135	-0.14532398	0.122559324	-0.20506017	0.24017996	-0.17392303	0.10688204	-0.10066795	0.13480152	-0.119039334	0.12885807	-0.123215765	0.08637706	-0.11808546	0.114861086	-0.19862868
-0.11585366	0.0817722	-0.07191521	0.07551485	-0.08498995	0.079953924	-0.09283501	0.09648482	-0.08852052	0.09664944	-0.10528833	0.11749637	-0.13115343	0.18238196	-0.83042544	0.09150311	-0.11275128	0.19898582	-0.28683546	1.0000002	-0.08112233	0.08870649	-0.12361298	0.13465443	-0.36109444	0.08894736	-0.074472435	0.1150936	-0.1312384	0.16028312	-0.070667066	0.066172324	-0.093076326	0.0864332	-0.10926081	0.08830402	-0.06096361	0.08592608	-0.08519344	0.1760067
0.17252377	-0.11423292	0.09175755	-0.087869436	0.09188741	-0.14905858	0.14215885	-0.123522006	0.074166276	-0.07748694	0.24053401	-0.20742501	0.13703655	-0.15162277	0.09443823	-0.5794386	0.27616224	-0.1755609	0.13596049	-0.08112233	1.0	-0.6140697	0.14826557	-0.10202422	0.1308026	-0.30426425	0.2284288	-0.15528703	0.11396024	-0.100357145	0.1393268	-0.135139	0.117075615	-0.09391029	0.085635066	-0.11695839	0.08697391	-0.10277438	0.09543774	-0.13040763
-0.19016933	0.116546795	-0.09652016	0.090801336	-0.09856077	0.14462835	-0.15276381	0.12677637	-0.07799478	0.080125645	-0.2435238	0.21878901	-0.15197001	0.1559818	-0.10466821	0.28760833	-0.46242535	0.18691936	-0.15324451	0.08870649	-0.6140697	0.99999994	-0.18432578	0.11563152	-0.14674999	0.2718188	-0.3931915	0.17575489	-0.1316897	0.10882289	-0.16738197	0.15669665	-0.13518158	0.10370357	-0.09393759	0.12486001	-0.09789317	0.1108933	-0.10600325	0.1371999
0.14696857	-0.09780601	0.08134424	-0.08193692	0.088241674	-0.10349208	0.112670995	-0.108180486	0.07194692	-0.07579122	0.1460761	-0.15120839	0.13588859	-0.16818531	0.13517407	-0.14502418	0.16827717	-0.313779	0.23010802	-0.12361298	0.14826557	-0.18432578	0.99999976	-0.41595793	0.2124292	-0.22535549	0.19752301	-0.68286866	0.29224136	-0.19139144	0.15474732	-0.15379922	0.21664856	-0.18228939	0.15396266	-0.17414947	0.122817494	-0.17013621	0.15737353	-0.22341415
-0.119351186	0.07957446	-0.06733931	0.067704484	-0.07374373	0.08251427	-0.09190158	0.0897111	-0.062090445	0.06515309	-0.11444291	0.12155699	-0.12161292	0.15933739	-0.14120694	0.10542828	-0.12842745	0.24103779	-0.35855553	0.13465443	-0.10202422	0.11563152	-0.41595793	0.9999996	-0.25003427	0.1301257	-0.115546465	0.2638812	-0.7341657	0.19276543	-0.10151455	0.09628781	-0.14663391	0.1279281	-0.14156814	0.114788465	-0.08219612	0.11387442	-0.11557894	0.18193775
0.16913098	-0.11939065	0.09851272	-0.105142884	0.111225545	-0.11738204	0.12901628	-0.13158475	0.09434728	-0.10387888	0.1557098	-0.1651433	0.15182954	-0.2035527	0.25537437	-0.14468816	0.1608828	-0.25794578	0.22963135	-0.36109444	0.1308026	-0.14674999	0.2124292	-0.25003427	0.9999996	-0.1658835	0.13659543	-0.21979286	0.23416819	-0.51878494	0.14206888	-0.13446686	0.20032871	-0.20138533	0.2794587	-0.19745989	0.13343588	-0.19624692	0.19529705	-0.4796366
-0.16595747	0.09851334	-0.081797265	0.07929562	-0.08765423	0.11615552	-0.12199273	0.105224	-0.0675775	0.069899224	-0.18804596	0.15224868	-0.119815454	0.13104902	-0.10530873	0.19014461	-0.21595809	0.16296008	-0.14532398	0.08894736	-0.30426425	0.2718188	-0.22535549	0.1301257	-0.1658835	0.99999964	-0.7130722	0.22533019	-0.15919498	0.12578677	-0.36067617	0.26133922	-0.19243531	0.13756219	-0.11433199	0.17307131	-0.14599833	0.1484157	-0.14343707	0.1561938
0.12910987	-0.08057186	0.06647391	-0.064842924	0.07051341	-0.093806595	0.098563544	-0.08705469	0.05547789	-0.057722546	0.14613791	-0.13468549	0.101085804	-0.11289071	0.08700547	-0.16625755	0.18634257	-0.14439242	0.122559324	-0.074472435	0.2284288	-0.3931915	0.19752301	-0.115546465	0.13659543	-0.7130722	0.99999964	-0.28676775	0.13808744	-0.11014924	0.258412	-0.35163435	0.17362674	-0.12752987	0.09933736	-0.16392237	0.13526103	-0.13903007	0.12519094	-0.13819107
-0.14783213	0.092807084	-0.07773725	0.07767771	-0.08565799	0.100517295	-0.108901285	0.10123836	-0.06808002	0.071114816	-0.14693263	0.13801031	-0.124167554	0.14670004	-0.13189375	0.13818261	-0.16345987	0.2176357	-0.20506017	0.1150936	-0.15528703	0.17575489	-0.68286866	0.2638812	-0.21979286	0.22533019	-0.28676775	0.99999917	-0.3735836	0.18296736	-0.18352342	0.17448243	-0.3340664	0.19683893	-0.16129698	0.16834635	-0.12977801	0.1692741	-0.173343	0.20417818
0.12888715	-0.08721624	0.07283153	-0.07401867	0.0796238	-0.0900562	0.099175975	-0.09739648	0.06623809	-0.07015551	0.1241693	-0.1327701	0.12428004	-0.16605195	0.13693838	-0.11807257	0.13802128	-0.2559658	0.24017996	-0.1312384	0.11396024	-0.1316897	0.29224136	-0.7341657	0.23416819	-0.15919498	0.13808744	-0.3735836	0.99999934	-0.2860708	0.120626554	-0.11683594	0.17645931	-0.1670429	0.1755477	-0.14129709	0.10001588	-0.14117466	0.14063765	-0.22809182
-0.13263093	0.08409317	-0.070769146	0.07336767	-0.08197838	0.086531095	-0.09473042	0.09153216	-0.066337705	0.07032923	-0.119946055	0.11419642	-0.10790621	0.13363911	-0.18365182	0.10442037	-0.11927287	0.17086029	-0.17392303	0.16028312	-0.100357145	0.10882289	-0.19139144	0.19276543	-0.51878494	0.12578677	-0.11014924	0.18296736	-0.2860708	0.99999934	-0.123799406	0.11378342	-0.21836925	0.21507452	-0.6448187	0.14508367	-0.10841803	0.15570271	-0.19353144	0.31759828
0.10912196	-0.068511054	0.05642395	-0.05653671	0.061663434	-0.076144375	0.08037036	-0.07338245	0.04803429	-0.050366823	0.11350223	-0.10322922	0.08305155	-0.09599745	0.08285098	-0.118294105	0.12574284	-0.123149514	0.10688204	-0.070667066	0.1393268	-0.16738197	0.15474732	-0.10151455	0.14206888	-0.36067617	0.258412	-0.18352342	0.120626554	-0.123799406	0.9999996	-0.7552156	0.22392137	-0.17912629	0.11862188	-0.3407995	0.23825678	-0.2246522	0.1759432	-0.16660032
-0.10284233	0.0632932	-0.052403245	0.052189987	-0.057421405	0.070909746	-0.07512527	0.06779414	-0.04456038	0.04654854	-0.10737976	0.09506877	-0.0773467	0.08832237	-0.07796294	0.10785533	-0.1211296	0.11320046	-0.10066795	0.066172324	-0.135139	0.15669665	-0.15379922	0.09628781	-0.13446686	0.26133922	-0.35163435	0.17448243	-0.11683594	0.11378342	-0.7552156	0.99999976	-0.2947156	0.17307776	-0.1128556	0.25421125	-0.30486438	0.20369716	-0.17672332	0.14815912
0.119369455	-0.07568707	0.06267294	-0.063920334	0.07005493	-0.08076083	0.08653262	-0.08140935	0.05493246	-0.057907313	0.115834415	-0.108153075	0.093586355	-0.11190042	0.107678495	-0.11092057	0.12167257	-0.15135069	0.13480152	-0.093076326	0.117075615	-0.13518158	0.21664856	-0.14663391	0.20032871	-0.19243531	0.17362674	-0.3340664	0.17645931	-0.21836925	0.22392137	-0.2947156	1.0000001	-0.646856	0.2250637	-0.27407163	0.20285735	-0.34096554	0.29414833	-0.2788843
-0.10399931	0.06466068	-0.053888574	0.055021025	-0.061075557	0.06873666	-0.0739855	0.06949446	-0.047743432	0.050235532	-0.09851848	0.09010151	-0.08015111	0.0956717	-0.10111557	0.08987873	-0.100428924	0.12643792	-0.119039334	0.0864332	-0.09391029	0.10370357	-0.18228939	0.1279281	-0.20138533	0.13756219	-0.12752987	0.19683893	-0.1670429	0.21507452	-0.17912629	0.17307776	-0.646856	0.99999994	-0.35348782	0.19801843	-0.16397677	0.25837466	-0.50945234	0.25775325
0.108118646	-0.0684819	0.05715325	-0.059253596	0.06570722	-0.07088357	0.07689724	-0.07389663	0.052087396	-0.05523336	0.09879369	-0.09303876	0.085106105	-0.10448795	0.12408579	-0.08785354	0.09821347	-0.1354498	0.12885807	-0.10926081	0.085635066	-0.09393759	0.15396266	-0.14156814	0.2794587	-0.11433199	0.09933736	-0.16129698	0.1755477	-0.6448187	0.11862188	-0.1128556	0.2250637	-0.35348782	0.9999996	-0.15014657	0.11138081	-0.1719569	0.21457407	-0.5563621
-0.12732664	0.07559732	-0.06305266	0.0638496	-0.071933895	0.08210599	-0.08754355	0.0801526	-0.054533627	0.056984752	-0.12059077	0.10306887	-0.08973629	0.10364343	-0.10655197	0.10704683	-0.11884865	0.13063319	-0.123215765	0.08830402	-0.11695839	0.12486001	-0.17414947	0.114788465	-0.19745989	0.17307131	-0.16392237	0.16834635	-0.14129709	0.14508367	-0.3407995	0.25421125	-0.27407163	0.19801843	-0.15014657	0.9999997	-0.71443063	0.30426735	-0.32689986	0.18943611
0.08701094	-0.05298526	0.043991935	-0.04455906	0.049581073	-0.057575017	0.06130188	-0.05642833	0.038032968	-0.03985386	0.08436211	-0.074404955	0.0634965	-0.07384608	0.07268011	-0.07886662	0.086428	-0.09422566	0.08637706	-0.06096361	0.08697391	-0.09789317	0.122817494	-0.08219612	0.13343588	-0.14599833	0.13526103	-0.12977801	0.10001588	-0.10841803	0.23825678	-0.30486438	0.20285735	-0.16397677	0.11138081	-0.71443063	0.99999994	-0.5193505	0.24606887	-0.14971608
-0.11575529	0.06967101	-0.058122817	0.059132382	-0.06641322	0.07489118	-0.08015019	0.07415164	-0.05078408	0.053196438	-0.10869568	0.095008455	-0.08371395	0.09780832	-0.10311455	0.09666307	-0.10748701	0.12494858	-0.11808546	0.08592608	-0.10277438	0.1108933	-0.17013621	0.11387442	-0.19624692	0.1484157	-0.13903007	0.1692741	-0.14117466	0.15570271	-0.2246522	0.20369716	-0.34096554	0.25837466	-0.1719569	0.30426735	-0.5193505	0.99999976	-0.61034584	0.21305919
0.107441016	-0.06688897	0.055518925	-0.05694718	0.06307336	-0.07090688	0.0760077	-0.07151148	0.048916474	-0.051548056	0.101172835	-0.09219313	0.080895826	-0.096400335	0.1004142	-0.09289745	0.10168415	-0.12505178	0.114861086	-0.08519344	0.09543774	-0.10600325	0.15737353	-0.11557894	0.19529705	-0.14343707	0.12519094	-0.173343	0.14063765	-0.19353144	0.1759432	-0.17672332	0.29414833	-0.50945234	0.21457407	-0.32689986	0.24606887	-0.61034584	0.9999997	-0.32980287
-0.18601426	0.111066386	-0.09368047	0.09690121	-0.11098358	0.11589023	-0.12563594	0.11857464	-0.08559326	0.0898862	-0.16284324	0.14354111	-0.13443893	0.15995733	-0.21692204	0.13456573	-0.15202358	0.19596614	-0.19862868	0.1760067	-0.13040763	0.1371999	-0.22341415	0.18193775	-0.4796366	0.1561938	-0.13819107	0.20417818	-0.22809182	0.31759828	-0.16660032	0.14815912	-0.2788843	0.25775325	-0.5563621	0.18943611	-0.14971608	0.21305919	-0.32980287	0.9999997
