1.0000001	-0.839307	0.12786159	-0.09470633	0.10918313	-0.2648713	0.2655625	-0.14422059	0.10685241	-0.0873217	0.17911308	-0.12360298	0.12627642	-0.14631861	0.09940496	-0.1493544	0.13172378	-0.14160521	0.105873406	-0.12826462	0.15899673	-0.1286574	0.120392896	-0.13090691	0.08052183	-0.17094815	0.112887524	-0.0908602	0.1236648	-0.10350123	0.09761898	-0.0948908	0.06035986	-0.057289023	0.035514995	-0.19062021	0.08301925	-0.065764606	0.056946173	-0.028763251
-0.839307	1.0000004	-0.15747263	0.09689003	-0.11434758	0.2183743	-0.37178695	0.14388584	-0.10915334	0.0837055	-0.18118991	0.122258894	-0.13120937	0.13207825	-0.09521626	0.13484882	-0.123645484	0.12394071	-0.094042614	0.110131405	-0.15283218	0.11494848	-0.10854688	0.11152727	-0.06888419	0.12704083	-0.10039975	0.07947931	-0.1099076	0.08608519	-0.07312198	0.073712885	-0.048327543	0.048754066	-0.030580176	0.14031023	-0.065233484	0.051673178	-0.049009312	0.024568724
0.12786159	-0.15747263	1.0000001	-0.39259937	0.2257173	-0.08142054	0.11561352	-0.83715844	0.22542506	-0.14263539	0.08347577	-0.10399868	0.11843196	-0.18261574	0.12601393	-0.0724236	0.07715362	-0.08469538	0.07373554	-0.09048978	0.08253343	-0.06993022	0.06852762	-0.07396332	0.04873921	-0.06791219	0.060938835	-0.04908297	0.069312155	-0.059034437	0.039225485	-0.041123267	0.027529541	-0.02962741	0.018653098	-0.07479389	0.03639339	-0.029113663	0.029752908	-0.014942881
-0.09470633	0.09689003	-0.39259937	1.0000002	-0.6163434	0.069234304	-0.09793477	0.26726297	-0.5592278	0.24647288	-0.07825135	0.084845215	-0.09903869	0.25813347	-0.20373845	0.06937192	-0.07759301	0.088009775	-0.08845008	0.110025205	-0.08393938	0.070963226	-0.07294818	0.08044837	-0.055446718	0.06634475	-0.065232545	0.052212033	-0.07594733	0.06520134	-0.038502455	0.0414913	-0.028281724	0.03168396	-0.02009657	0.07295283	-0.036920425	0.029624434	-0.03200223	0.016032526
0.10918313	-0.11434758	0.2257173	-0.6163434	1.0000001	-0.08753288	0.11956253	-0.28001767	0.32454446	-0.48071182	0.09974989	-0.11061697	0.1234115	-0.3853737	0.26409763	-0.09159385	0.10260664	-0.121890195	0.120870166	-0.16090728	0.11025089	-0.09586033	0.098474845	-0.11248372	0.07792729	-0.092668615	0.087536715	-0.070838094	0.10230204	-0.093559325	0.05366376	-0.05740179	0.03882617	-0.043121073	0.0272475	-0.10216923	0.05084796	-0.040873326	0.0432947	-0.0218042
-0.2648713	0.2183743	-0.08142054	0.069234304	-0.08753288	0.9999998	-0.6490349	0.09396732	-0.08648944	0.07281565	-0.5789713	0.180261	-0.17519185	0.12629543	-0.088175654	0.23404478	-0.18237936	0.15832727	-0.1091653	0.12406729	-0.216071	0.15147646	-0.13187201	0.12820676	-0.077196315	0.13793977	-0.111980185	0.090901226	-0.11973001	0.096238874	-0.07921341	0.0792726	-0.051862605	0.052517686	-0.032537147	0.15002128	-0.069671884	0.055383865	-0.052201867	0.026223416
0.2655625	-0.37178695	0.11561352	-0.09793477	0.11956253	-0.6490349	0.9999995	-0.14150326	0.118929096	-0.101466514	0.29313275	-0.23427846	0.19349281	-0.18055	0.1201235	-0.24641442	0.19438641	-0.20500347	0.14265949	-0.1722647	0.21718541	-0.18409036	0.16273639	-0.1749304	0.10604594	-0.2100021	0.1445146	-0.11912168	0.1575115	-0.13640775	0.11965329	-0.11710329	0.074674316	-0.072178364	0.044450503	-0.23210923	0.101960495	-0.08115557	0.07119805	-0.036056377
-0.14422059	0.14388584	-0.83715844	0.26726297	-0.28001767	0.09396732	-0.14150326	0.99999946	-0.28808302	0.15570311	-0.099164344	0.11976839	-0.15814006	0.19046806	-0.14945246	0.08349404	-0.09014865	0.09577	-0.08440496	0.10086544	-0.09645045	0.07997742	-0.07883248	0.083298095	-0.054941896	0.07497071	-0.070164114	0.056108117	-0.07973917	0.0657121	-0.043399736	0.04591433	-0.030977678	0.033746637	-0.02131598	0.08237214	-0.040780418	0.032602556	-0.03402735	0.017036073
0.10685241	-0.10915334	0.22542506	-0.5592278	0.32454446	-0.08648944	0.118929096	-0.28808302	0.9999993	-0.41065252	0.09963237	-0.11393873	0.13027726	-0.5355983	0.26716116	-0.0904132	0.10212371	-0.11914423	0.12115261	-0.15419415	0.10897394	-0.09394899	0.09676843	-0.108731575	0.075214654	-0.087700285	0.0858758	-0.069168776	0.100394495	-0.08898289	0.050872214	-0.05485019	0.037345402	-0.041914653	0.026546791	-0.09648863	0.04872203	-0.03915403	0.042223614	-0.021200122
-0.0873217	0.0837055	-0.14263539	0.24647288	-0.48071182	0.07281565	-0.101466514	0.15570311	-0.41065252	0.99999946	-0.08742886	0.088165745	-0.10230555	0.30430943	-0.6755165	0.07990433	-0.09434335	0.1107529	-0.13538869	0.17246139	-0.10009699	0.08560315	-0.092483275	0.10335309	-0.07717803	0.074615635	-0.08154618	0.06511339	-0.0974159	0.08465125	-0.0435135	0.048312258	-0.03358119	0.03929447	-0.025063042	0.081767544	-0.04318197	0.034797844	-0.03987476	0.019906918
0.17911308	-0.18118991	0.08347577	-0.07825135	0.09974989	-0.5789713	0.29313275	-0.099164344	0.09963237	-0.08742886	0.9999993	-0.27319068	0.20582293	-0.15700962	0.10677033	-0.5253897	0.24464917	-0.22280364	0.14142834	-0.16398427	0.25949392	-0.20886917	0.1681167	-0.16757451	0.09952307	-0.1797766	0.13876867	-0.11589476	0.14852409	-0.12538594	0.10235482	-0.101477474	0.065734126	-0.065899566	0.040512618	-0.19463988	0.08853494	-0.07059316	0.06493275	-0.03277465
-0.12360298	0.122258894	-0.10399868	0.084845215	-0.11061697	0.180261	-0.23427846	0.11976839	-0.11393873	0.088165745	-0.27319068	0.99999934	-0.8356385	0.16621973	-0.11185706	0.19385816	-0.2774501	0.19393522	-0.12490948	0.13363421	-0.17951196	0.1620404	-0.14055951	0.12868515	-0.07828071	0.11492048	-0.11034299	0.09050833	-0.11831221	0.09421005	-0.06629653	0.069329634	-0.04643449	0.049735166	-0.030881798	0.12462445	-0.061030686	0.048863646	-0.049512587	0.024782028
0.12627642	-0.13120937	0.11843196	-0.09903869	0.1234115	-0.17519185	0.19349281	-0.15814006	0.13027726	-0.10230555	0.20582293	-0.8356385	0.9999993	-0.22843619	0.12714139	-0.19047888	0.21630359	-0.22989912	0.13786703	-0.15600967	0.17375976	-0.17022611	0.14685951	-0.14422575	0.088083364	-0.13120979	0.11705923	-0.09784673	0.12754855	-0.107853286	0.07538939	-0.07810555	0.051724542	-0.054619998	0.033809092	-0.14321913	0.06840012	-0.05486832	0.054085568	-0.027220722
-0.14631861	0.13207825	-0.18261574	0.25813347	-0.3853737	0.12629543	-0.18055	0.19046806	-0.5355983	0.30430943	-0.15700962	0.16621973	-0.22843619	0.9999993	-0.50716174	0.13626295	-0.16062261	0.1745519	-0.20444717	0.21695216	-0.17182057	0.14108497	-0.15003496	0.15887062	-0.110658795	0.118936636	-0.13453446	0.105772756	-0.15832344	0.12366662	-0.069554724	0.077749245	-0.05444924	0.06380904	-0.040877905	0.1299167	-0.069952235	0.056138754	-0.06524578	0.032369833
0.09940496	-0.09521626	0.12601393	-0.20373845	0.26409763	-0.088175654	0.1201235	-0.14945246	0.26716116	-0.6755165	0.10677033	-0.11185706	0.12714139	-0.50716174	0.999999	-0.10046075	0.11958402	-0.15030698	0.18178606	-0.30978686	0.12397524	-0.10952495	0.11837166	-0.13871022	0.10534749	-0.094246596	0.102032594	-0.082793094	0.12277113	-0.1177152	0.054894935	-0.06093269	0.042228475	-0.04959188	0.031515498	-0.103304155	0.054235946	-0.043848384	0.04998054	-0.02509559
-0.1493544	0.13484882	-0.0724236	0.06937192	-0.09159385	0.23404478	-0.24641442	0.08349404	-0.0904132	0.07990433	-0.5253897	0.19385816	-0.19047888	0.13626295	-0.10046075	0.9999989	-0.48896468	0.24296865	-0.15302236	0.15810455	-0.525791	0.26243857	-0.20207894	0.16881292	-0.09858459	0.15689205	-0.15187097	0.12435879	-0.15599245	0.1184741	-0.09061758	0.09146669	-0.061396837	0.06517117	-0.040225036	0.16358027	-0.08082327	0.06425431	-0.06470201	0.032292545
0.13172378	-0.123645484	0.07715362	-0.07759301	0.10260664	-0.18237936	0.19438641	-0.09014865	0.10212371	-0.09434335	0.24464917	-0.2774501	0.21630359	-0.16062261	0.11958402	-0.48896468	0.99999875	-0.52441573	0.21243237	-0.21907988	0.3006039	-0.4533662	0.2633478	-0.21444634	0.12260477	-0.157879	0.177095	-0.15289779	0.1817045	-0.14485797	0.0911319	-0.09830772	0.06678035	-0.07401679	0.045372453	-0.16815802	0.08595634	-0.069372304	0.07282233	-0.03643637
-0.14160521	0.12394071	-0.08469538	0.088009775	-0.121890195	0.15832727	-0.20500347	0.09577	-0.11914423	0.1107529	-0.22280364	0.19393522	-0.22989912	0.1745519	-0.15030698	0.24296865	-0.52441573	0.9999986	-0.46907336	0.2713004	-0.28859714	0.2834978	-0.40870252	0.25641853	-0.15442498	0.15248351	-0.21930699	0.1829594	-0.23404324	0.1643587	-0.089549124	0.10371427	-0.07376895	0.08808455	-0.054746244	0.16314653	-0.09206715	0.07463389	-0.08825647	0.043447457
0.105873406	-0.094042614	0.07373554	-0.08845008	0.120870166	-0.1091653	0.14265949	-0.08440496	0.12115261	-0.13538869	0.14142834	-0.12490948	0.13786703	-0.20444717	0.18178606	-0.15302236	0.21243237	-0.46907336	0.9999989	-0.69724286	0.18356884	-0.18563913	0.22265898	-0.33809406	0.19152606	-0.119040936	0.15947318	-0.13805917	0.20433734	-0.19800347	0.06984084	-0.08237796	0.058996934	-0.075898126	0.04732464	-0.1288274	0.07301295	-0.060083363	0.07523857	-0.0376118
-0.12826462	0.110131405	-0.09048978	0.110025205	-0.16090728	0.12406729	-0.1722647	0.10086544	-0.15419415	0.17246139	-0.16398427	0.13363421	-0.15600967	0.21695216	-0.30978686	0.15810455	-0.21907988	0.2713004	-0.69724286	0.999999	-0.20957328	0.18403861	-0.2277578	0.25788343	-0.2799574	0.1285272	-0.18490207	0.14765528	-0.2356677	0.21584733	-0.075960845	0.09108813	-0.066531695	0.08624801	-0.055514056	0.13902037	-0.08217808	0.067019865	-0.08823594	0.043633692
0.15899673	-0.15283218	0.08253343	-0.08393938	0.11025089	-0.216071	0.21718541	-0.09645045	0.10897394	-0.10009699	0.25949392	-0.17951196	0.17375976	-0.17182057	0.12397524	-0.525791	0.3006039	-0.28859714	0.18356884	-0.20957328	0.99999875	-0.50503916	0.26389608	-0.24469227	0.13547647	-0.2772337	0.2048017	-0.17666161	0.20941186	-0.16995528	0.1511224	-0.14168559	0.09203955	-0.09231674	0.0561785	-0.27069303	0.12393015	-0.09803357	0.09029357	-0.04549624
-0.1286574	0.11494848	-0.06993022	0.070963226	-0.09586033	0.15147646	-0.18409036	0.07997742	-0.09394899	0.08560315	-0.20886917	0.1620404	-0.17022611	0.14108497	-0.10952495	0.26243857	-0.4533662	0.2834978	-0.18563913	0.18403861	-0.50503916	0.99999887	-0.5461081	0.2437391	-0.13034543	0.16811244	-0.28024212	0.21636374	-0.23278305	0.14885055	-0.09850341	0.11181746	-0.0782873	0.0885359	-0.0537812	0.17507192	-0.09788463	0.078868195	-0.08729433	0.042954307
0.120392896	-0.10854688	0.06852762	-0.07294818	0.098474845	-0.13187201	0.16273639	-0.07883248	0.09676843	-0.092483275	0.1681167	-0.14055951	0.14685951	-0.15003496	0.11837166	-0.20207894	0.2633478	-0.40870252	0.22265898	-0.2277578	0.26389608	-0.5461081	0.999999	-0.44386038	0.16935772	-0.17544298	0.2714489	-0.3708616	0.27379617	-0.1957568	0.102114275	-0.12353567	0.08681385	-0.10336674	0.060591437	-0.18767571	0.1049819	-0.08795765	0.0979567	-0.048828658
-0.13090691	0.11152727	-0.07396332	0.08044837	-0.11248372	0.12820676	-0.1749304	0.083298095	-0.108731575	0.10335309	-0.16757451	0.12868515	-0.14422575	0.15887062	-0.13871022	0.16881292	-0.21444634	0.25641853	-0.33809406	0.25788343	-0.24469227	0.2437391	-0.44386038	0.99999887	-0.36879888	0.16130787	-0.27766007	0.24655496	-0.5296141	0.26776585	-0.09599575	0.12424145	-0.094834775	0.1443656	-0.08788064	0.17445917	-0.11077242	0.093982644	-0.1443545	0.06861077
0.08052183	-0.06888419	0.04873921	-0.055446718	0.07792729	-0.077196315	0.10604594	-0.054941896	0.075214654	-0.07717803	0.09952307	-0.07828071	0.088083364	-0.110658795	0.10534749	-0.09858459	0.12260477	-0.15442498	0.19152606	-0.2799574	0.13547647	-0.13034543	0.16935772	-0.36879888	0.999999	-0.093632706	0.13860117	-0.1195661	0.20772845	-0.83440864	0.055465836	-0.06954353	0.051866032	-0.075808786	0.051777937	-0.1017754	0.062191293	-0.05224052	0.07497945	-0.04130354
-0.17094815	0.12704083	-0.06791219	0.06634475	-0.092668615	0.13793977	-0.2100021	0.07497071	-0.087700285	0.074615635	-0.1797766	0.11492048	-0.13120979	0.118936636	-0.094246596	0.15689205	-0.157879	0.15248351	-0.119040936	0.1285272	-0.2772337	0.16811244	-0.17544298	0.16130787	-0.093632706	0.9999988	-0.23149791	0.15345463	-0.22220708	0.11160981	-0.70627046	0.17791615	-0.12875146	0.10204465	-0.06659639	0.32698908	-0.206402	0.12245255	-0.109537445	0.052398592
0.112887524	-0.10039975	0.060938835	-0.065232545	0.087536715	-0.111980185	0.1445146	-0.070164114	0.0858758	-0.08154618	0.13876867	-0.11034299	0.11705923	-0.13453446	0.102032594	-0.15187097	0.177095	-0.21930699	0.15947318	-0.18490207	0.2048017	-0.28024212	0.2714489	-0.27766007	0.13860117	-0.23149791	0.999999	-0.7319795	0.29086953	-0.17948087	0.13378677	-0.20809911	0.1282426	-0.1272902	0.06914475	-0.23716068	0.15042783	-0.12529758	0.1126911	-0.057207443
-0.0908602	0.07947931	-0.04908297	0.052212033	-0.070838094	0.090901226	-0.11912168	0.056108117	-0.069168776	0.06511339	-0.11589476	0.09050833	-0.09784673	0.105772756	-0.082793094	0.12435879	-0.15289779	0.1829594	-0.13805917	0.14765528	-0.17666161	0.21636374	-0.3708616	0.24655496	-0.1195661	0.15345463	-0.7319795	0.99999934	-0.4517484	0.14483975	-0.09250557	0.13915637	-0.10999934	0.12100179	-0.06555573	0.16202405	-0.11398008	0.09859891	-0.11046735	0.052826397
0.1236648	-0.1099076	0.069312155	-0.07594733	0.10230204	-0.11973001	0.1575115	-0.07973917	0.100394495	-0.0974159	0.14852409	-0.11831221	0.12754855	-0.15832344	0.12277113	-0.15599245	0.1817045	-0.23404324	0.20433734	-0.2356677	0.20941186	-0.23278305	0.27379617	-0.5296141	0.20772845	-0.22220708	0.29086953	-0.4517484	0.9999992	-0.27544743	0.13025819	-0.17372529	0.12889989	-0.28793517	0.11658548	-0.24446294	0.14394341	-0.13328394	0.19428656	-0.09756289
-0.10350123	0.08608519	-0.059034437	0.06520134	-0.093559325	0.096238874	-0.13640775	0.0657121	-0.08898289	0.08465125	-0.12538594	0.09421005	-0.107853286	0.12366662	-0.1177152	0.1184741	-0.14485797	0.1643587	-0.19800347	0.21584733	-0.16995528	0.14885055	-0.1957568	0.26776585	-0.83440864	0.11160981	-0.17948087	0.14483975	-0.27544743	0.9999991	-0.06662036	0.08550155	-0.06533387	0.09663639	-0.06973509	0.12115277	-0.07786066	0.06498734	-0.09973136	0.053843204
0.09761898	-0.07312198	0.039225485	-0.038502455	0.05366376	-0.07921341	0.11965329	-0.043399736	0.050872214	-0.0435135	0.10235482	-0.06629653	0.07538939	-0.069554724	0.054894935	-0.09061758	0.0911319	-0.089549124	0.06984084	-0.075960845	0.1511224	-0.09850341	0.102114275	-0.09599575	0.055465836	-0.70627046	0.13378677	-0.09250557	0.13025819	-0.06662036	0.9999988	-0.17156847	0.10202092	-0.06565347	0.041649897	-0.6087228	0.16703613	-0.09878519	0.06944107	-0.03318464
-0.0948908	0.073712885	-0.041123267	0.0414913	-0.05740179	0.0792726	-0.11710329	0.04591433	-0.05485019	0.048312258	-0.101477474	0.069329634	-0.07810555	0.077749245	-0.06093269	0.09146669	-0.09830772	0.10371427	-0.08237796	0.09108813	-0.14168559	0.11181746	-0.12353567	0.12424145	-0.06954353	0.17791615	-0.20809911	0.13915637	-0.17372529	0.08550155	-0.17156847	0.9999986	-0.5576251	0.13762602	-0.07892242	0.22058998	-0.6516533	0.32069722	-0.14138265	0.06471548
0.06035986	-0.048327543	0.027529541	-0.028281724	0.03882617	-0.051862605	0.074674316	-0.030977678	0.037345402	-0.03358119	0.065734126	-0.04643449	0.051724542	-0.05444924	0.042228475	-0.061396837	0.06678035	-0.07376895	0.058996934	-0.066531695	0.09203955	-0.0782873	0.08681385	-0.094834775	0.051866032	-0.12875146	0.1282426	-0.10999934	0.12889989	-0.06533387	0.10202092	-0.5576251	0.9999988	-0.18345031	0.08039841	-0.15948501	0.3151971	-0.72049534	0.15441567	-0.07021801
-0.057289023	0.048754066	-0.02962741	0.03168396	-0.043121073	0.052517686	-0.072178364	0.033746637	-0.041914653	0.03929447	-0.065899566	0.049735166	-0.054619998	0.06380904	-0.04959188	0.06517117	-0.07401679	0.08808455	-0.075898126	0.08624801	-0.09231674	0.0885359	-0.10336674	0.1443656	-0.075808786	0.10204465	-0.1272902	0.12100179	-0.28793517	0.09663639	-0.06565347	0.13762602	-0.18345031	0.99999887	-0.35895544	0.11732066	-0.12811065	0.15764722	-0.792052	0.25487465
0.035514995	-0.030580176	0.018653098	-0.02009657	0.0272475	-0.032537147	0.044450503	-0.02131598	0.026546791	-0.025063042	0.040512618	-0.030881798	0.033809092	-0.040877905	0.031515498	-0.040225036	0.045372453	-0.054746244	0.04732464	-0.055514056	0.0561785	-0.0537812	0.060591437	-0.08788064	0.051777937	-0.06659639	0.06914475	-0.06555573	0.11658548	-0.06973509	0.041649897	-0.07892242	0.08039841	-0.35895544	0.99999875	-0.07638082	0.06928075	-0.085620835	0.27244622	-0.8737327
-0.19062021	0.14031023	-0.07479389	0.07295283	-0.10216923	0.15002128	-0.23210923	0.08237214	-0.09648863	0.081767544	-0.19463988	0.12462445	-0.14321913	0.1299167	-0.103304155	0.16358027	-0.16815802	0.16314653	-0.1288274	0.13902037	-0.27069303	0.17507192	-0.18767571	0.17445917	-0.1017754	0.32698908	-0.23716068	0.16202405	-0.24446294	0.12115277	-0.6087228	0.22058998	-0.15948501	0.11732066	-0.07638082	0.9999989	-0.31919307	0.16082318	-0.1265736	0.06031085
0.08301925	-0.065233484	0.03639339	-0.036920425	0.05084796	-0.069671884	0.101960495	-0.040780418	0.04872203	-0.04318197	0.08853494	-0.061030686	0.06840012	-0.069952235	0.054235946	-0.08082327	0.08595634	-0.09206715	0.07301295	-0.08217808	0.12393015	-0.09788463	0.1049819	-0.11077242	0.062191293	-0.206402	0.15042783	-0.11398008	0.14394341	-0.07786066	0.16703613	-0.6516533	0.3151971	-0.12811065	0.06928075	-0.31919307	0.99999875	-0.5466532	0.12668665	-0.06040775
-0.065764606	0.051673178	-0.029113663	0.029624434	-0.040873326	0.055383865	-0.08115557	0.032602556	-0.03915403	0.034797844	-0.07059316	0.048863646	-0.05486832	0.056138754	-0.043848384	0.06425431	-0.069372304	0.07463389	-0.060083363	0.067019865	-0.09803357	0.078868195	-0.08795765	0.093982644	-0.05224052	0.12245255	-0.12529758	0.09859891	-0.13328394	0.06498734	-0.09878519	0.32069722	-0.72049534	0.15764722	-0.085620835	0.16082318	-0.5466532	0.9999987	-0.18404236	0.07418866
0.056946173	-0.049009312	0.029752908	-0.03200223	0.0432947	-0.052201867	0.07119805	-0.03402735	0.042223614	-0.03987476	0.06493275	-0.049512587	0.054085568	-0.06524578	0.04998054	-0.06470201	0.07282233	-0.08825647	0.07523857	-0.08823594	0.09029357	-0.08729433	0.0979567	-0.1443545	0.07497945	-0.109537445	0.1126911	-0.11046735	0.19428656	-0.09973136	0.06944107	-0.14138265	0.15441567	-0.792052	0.27244622	-0.1265736	0.12668665	-0.18404236	0.99999857	-0.3951669
-0.028763251	0.024568724	-0.014942881	0.016032526	-0.0218042	0.026223416	-0.036056377	0.017036073	-0.021200122	0.019906918	-0.03277465	0.024782028	-0.027220722	0.032369833	-0.02509559	0.032292545	-0.03643637	0.043447457	-0.0376118	0.043633692	-0.04549624	0.042954307	-0.048828658	0.06861077	-0.04130354	0.052398592	-0.057207443	0.052826397	-0.09756289	0.053843204	-0.03318464	0.06471548	-0.07021801	0.25487465	-0.8737327	0.06031085	-0.06040775	0.07418866	-0.3951669	0.99999857
