1.0000001	-0.26792794	0.11246106	-0.12113024	0.06246158	-0.8921575	0.22072206	-0.11456006	0.08441426	-0.056427438	0.18831578	-0.17234217	0.10610446	-0.10939818	0.0643377	-0.09135746	0.076977566	-0.0798997	0.06534258	-0.07090293	0.048436888	-0.042569675	0.069173716	-0.053611822	0.04889606	-0.029364912	0.03633581	-0.030274823	0.032407895	-0.06810368	0.023834871	-0.025433782	0.025460579	-0.024621455	0.030467743	-0.010329525	0.010425947	-0.026167223	0.022201203	-0.04219724
-0.26792794	1.0000002	-0.23615801	0.16139804	-0.07490412	0.21184981	-0.88340235	0.14537664	-0.106005035	0.06577294	-0.14946626	0.12673266	-0.1192875	0.11271909	-0.071615145	0.072196946	-0.06841424	0.0781105	-0.06726153	0.07305812	-0.046847876	0.040237732	-0.07018104	0.05309673	-0.04940368	0.028069926	-0.035231363	0.029322153	-0.0317236	0.06514796	-0.02310612	0.024444519	-0.024793608	0.023860324	-0.029518576	0.009960144	-0.010091301	0.025209792	-0.021542057	0.040317774
0.11246106	-0.23615801	1.0000001	-0.7192076	0.16789913	-0.09645582	0.18012752	-0.45568374	0.28213415	-0.15985765	0.17304006	-0.16694857	0.2402915	-0.28194097	0.15034015	-0.11415697	0.1082944	-0.16406696	0.14187427	-0.15584792	0.08207057	-0.07028789	0.12995449	-0.10870652	0.09933095	-0.049934942	0.062638275	-0.054794736	0.0602396	-0.1277066	0.041773923	-0.04430964	0.046248946	-0.045285955	0.056576446	-0.018115148	0.018378505	-0.047682732	0.040784605	-0.07731016
-0.12113024	0.16139804	-0.7192076	0.9999998	-0.22649111	0.09726673	-0.16960019	0.29340288	-0.4454772	0.18583953	-0.19804484	0.16251013	-0.25269818	0.261921	-0.18011656	0.114419736	-0.11428718	0.15724039	-0.14904934	0.16084497	-0.089420624	0.075268604	-0.1429479	0.109351225	-0.10428253	0.053307835	-0.067660086	0.05710758	-0.062764585	0.12660447	-0.044619247	0.04687413	-0.04852318	0.046664484	-0.05786843	0.019167349	-0.019495448	0.0489282	-0.042150367	0.077717885
0.06246158	-0.07490412	0.16789913	-0.22649111	0.9999998	-0.052533917	0.073576435	-0.1934383	0.23508409	-0.8031497	0.1204718	-0.11108757	0.15579987	-0.23569681	0.27243403	-0.10189216	0.095706366	-0.16020048	0.1429639	-0.33260563	0.083509855	-0.070453316	0.13745543	-0.12583041	0.11871795	-0.052093253	0.06537743	-0.062361147	0.07081015	-0.16070743	0.0450043	-0.04795864	0.052664883	-0.053646225	0.06842975	-0.019759698	0.020095272	-0.056467935	0.048190985	-0.09537444
-0.8921575	0.21184981	-0.09645582	0.09726673	-0.052533917	0.99999964	-0.282838	0.097166725	-0.07115875	0.04687281	-0.23333304	0.15267047	-0.09449196	0.09029327	-0.053691693	0.07716113	-0.067324325	0.06633838	-0.054719243	0.05790662	-0.041209515	0.03616211	-0.05836558	0.0441952	-0.04052576	0.024718324	-0.030700216	0.025097458	-0.026765965	0.055509128	-0.019984206	0.021266473	-0.021132722	0.020288965	-0.025024831	0.008624778	-0.00870794	0.021542503	-0.018303035	0.034493566
0.22072206	-0.88340235	0.18012752	-0.16960019	0.073576435	-0.282838	0.9999992	-0.1594398	0.106627926	-0.066553086	0.14494437	-0.1416013	0.11938636	-0.118651085	0.071115956	-0.0747505	0.06898425	-0.08085859	0.0684687	-0.07492531	0.046715394	-0.04043424	0.06980413	-0.05445562	0.050153654	-0.028204253	0.035238616	-0.029702492	0.032161277	-0.06708616	0.023206161	-0.024635017	0.0250623	-0.024269324	0.030105004	-0.010036581	0.010159784	-0.025673093	0.021890763	-0.041332915
-0.11456006	0.14537664	-0.45568374	0.29340288	-0.1934383	0.097166725	-0.1594398	0.9999989	-0.47386742	0.17111085	-0.24605727	0.21817514	-0.5758042	0.3069185	-0.15882593	0.122482136	-0.12507448	0.17722042	-0.16276374	0.14796442	-0.087090164	0.074886985	-0.13708878	0.10983466	-0.10279857	0.051709685	-0.06530432	0.05442585	-0.05922718	0.12083564	-0.04266728	0.04500409	-0.04603758	0.044176046	-0.054721102	0.018305937	-0.018576235	0.046337567	-0.03980894	0.07350207
0.08441426	-0.106005035	0.28213415	-0.4454772	0.23508409	-0.07115875	0.106627926	-0.47386742	0.99999875	-0.31718066	0.16931583	-0.1590438	0.2777717	-0.582672	0.1774003	-0.1065354	0.10505663	-0.17920592	0.17071898	-0.16552188	0.07927326	-0.06803895	0.128307	-0.115159355	0.1031615	-0.04778577	0.060192168	-0.052200187	0.05750253	-0.12115568	0.039906844	-0.04221638	0.044083107	-0.04296376	0.05365314	-0.017222501	0.017488498	-0.04499036	0.03863453	-0.07232439
-0.056427438	0.06577294	-0.15985765	0.18583953	-0.8031497	0.04687281	-0.066553086	0.17111085	-0.31718066	0.99999905	-0.10969789	0.09680626	-0.1457572	0.20255265	-0.37610325	0.08262414	-0.07991822	0.12763095	-0.12006109	0.24566704	-0.068524815	0.057599444	-0.112943314	0.098182306	-0.094281785	0.04200685	-0.053033162	0.048621945	-0.054837264	0.11967347	-0.0359905	0.03811901	-0.04119084	0.0411876	-0.052119575	0.015670097	-0.015948232	0.04321233	-0.03705918	0.07148557
0.18831578	-0.14946626	0.17304006	-0.19804484	0.1204718	-0.23333304	0.14494437	-0.24605727	0.16931583	-0.10969789	0.9999989	-0.7655676	0.26612085	-0.24793679	0.1258184	-0.25891745	0.20501485	-0.18041201	0.14273024	-0.13894027	0.109454386	-0.09944836	0.1465447	-0.1126166	0.10149185	-0.06524384	0.08023452	-0.06352428	0.06659874	-0.13816616	0.051483028	-0.055040136	0.053267382	-0.050700832	0.062193505	-0.02215646	0.022293689	-0.053956207	0.045676116	-0.08578278
-0.17234217	0.12673266	-0.16694857	0.16251013	-0.11108757	0.15267047	-0.1416013	0.21817514	-0.1590438	0.09680626	-0.7655676	0.9999991	-0.426037	0.2098593	-0.11339421	0.19944918	-0.23942071	0.15949894	-0.13280801	0.11695262	-0.10307664	0.094017655	-0.13614498	0.09715705	-0.08984484	0.059287142	-0.07426264	0.055531852	-0.05773124	0.1151881	-0.046370573	0.049146924	-0.046760228	0.043629352	-0.053069353	0.019695742	-0.01984682	0.04626466	-0.039351556	0.07213743
0.10610446	-0.1192875	0.2402915	-0.25269818	0.15579987	-0.09449196	0.11938636	-0.5758042	0.2777717	-0.1457572	0.26612085	-0.426037	0.99999934	-0.4823521	0.1483504	-0.14828438	0.14742076	-0.26187405	0.19554558	-0.1524929	0.09468954	-0.08397049	0.14778374	-0.12718569	0.11360468	-0.056689616	0.07090062	-0.059293393	0.063948676	-0.13291328	0.046246972	-0.04909206	0.049852006	-0.0479264	0.05936018	-0.01989138	0.020133909	-0.05034404	0.043088336	-0.0800136
-0.10939818	0.11271909	-0.28194097	0.261921	-0.23569681	0.09029327	-0.118651085	0.3069185	-0.582672	0.20255265	-0.24793679	0.2098593	-0.4823521	0.9999993	-0.21021102	0.13813218	-0.14312984	0.2384788	-0.31550953	0.18701518	-0.105754636	0.09055999	-0.17341767	0.15496264	-0.14316455	0.06273071	-0.07950719	0.06699515	-0.07363098	0.14994903	-0.052084967	0.05483105	-0.056722727	0.05451495	-0.067739986	0.022310643	-0.022673404	0.056811232	-0.049037147	0.08967687
0.0643377	-0.071615145	0.15034015	-0.18011656	0.27243403	-0.053691693	0.071115956	-0.15882593	0.1774003	-0.37610325	0.1258184	-0.11339421	0.1483504	-0.21021102	0.9999993	-0.122903354	0.115735516	-0.20293507	0.18708052	-0.77378404	0.10930845	-0.09140561	0.18406798	-0.17856035	0.175495	-0.06855249	0.0862924	-0.08444901	0.09736945	-0.22536112	0.059996743	-0.06388708	0.07146997	-0.07359583	0.0945527	-0.026390828	0.026886497	-0.07712192	0.066006646	-0.1311535
-0.09135746	0.072196946	-0.11415697	0.114419736	-0.10189216	0.07716113	-0.0747505	0.122482136	-0.1065354	0.08262414	-0.25891745	0.19944918	-0.14828438	0.13813218	-0.122903354	0.99999946	-0.81480765	0.1919845	-0.15660302	0.12876567	-0.28275812	0.23209833	-0.25626656	0.12660247	-0.119879566	0.13500738	-0.17376071	0.09923242	-0.094326116	0.16582347	-0.098355435	0.10146047	-0.08420613	0.07187082	-0.08306089	0.039784446	-0.0399661	0.076995835	-0.06511565	0.11181287
0.076977566	-0.06841424	0.1082944	-0.11428718	0.095706366	-0.067324325	0.06898425	-0.12507448	0.10505663	-0.07991822	0.20501485	-0.23942071	0.14742076	-0.14312984	0.115735516	-0.81480765	0.9999993	-0.24119247	0.15773557	-0.12969945	0.226552	-0.29639533	0.22175325	-0.13140462	0.11779555	-0.13022733	0.15569513	-0.09703821	0.0912339	-0.17286266	0.090433165	-0.098240435	0.08051447	-0.0708129	0.0826678	-0.037863843	0.037523985	-0.07656618	0.06380169	-0.11421592
-0.0798997	0.0781105	-0.16406696	0.15724039	-0.16020048	0.06633838	-0.08085859	0.17722042	-0.17920592	0.12763095	-0.18041201	0.15949894	-0.26187405	0.2384788	-0.20293507	0.1919845	-0.24119247	0.9999994	-0.71988314	0.20604354	-0.164575	0.14657132	-0.3304875	0.25197437	-0.24699312	0.09542776	-0.121696725	0.10066647	-0.108016476	0.20941879	-0.07796443	0.08199603	-0.08450381	0.07884002	-0.09695178	0.032985736	-0.033516053	0.08134343	-0.07069255	0.124155916
0.06534258	-0.06726153	0.14187427	-0.14904934	0.1429639	-0.054719243	0.0684687	-0.16276374	0.17071898	-0.12006109	0.14273024	-0.13280801	0.19554558	-0.31550953	0.18708052	-0.15660302	0.15773557	-0.71988314	0.9999995	-0.24383378	0.12333196	-0.110283814	0.22400247	-0.4084393	0.23832898	-0.074918695	0.09389979	-0.08450337	0.093866155	-0.20788586	0.06237545	-0.06632544	0.07055599	-0.069243	0.08701428	-0.026861103	0.027274529	-0.071044646	0.061443057	-0.11255444
-0.07090293	0.07305812	-0.15584792	0.16084497	-0.33260563	0.05790662	-0.07492531	0.14796442	-0.16552188	0.24566704	-0.13894027	0.11695262	-0.1524929	0.18701518	-0.77378404	0.12876567	-0.12969945	0.20604354	-0.24383378	0.99999917	-0.13234524	0.10796643	-0.23131546	0.19312087	-0.23588592	0.07927752	-0.102010615	0.09070947	-0.1046319	0.21023501	-0.068768814	0.071675465	-0.07792378	0.07628258	-0.09626482	0.029536877	-0.030241039	0.078701384	-0.06886206	0.12508078
0.048436888	-0.046847876	0.08207057	-0.089420624	0.083509855	-0.041209515	0.046715394	-0.087090164	0.07927326	-0.068524815	0.109454386	-0.10307664	0.09468954	-0.105754636	0.10930845	-0.28275812	0.226552	-0.164575	0.12333196	-0.13234524	0.9999991	-0.6934792	0.2805338	-0.1458612	0.12747803	-0.39209327	0.29451433	-0.16460906	0.1357991	-0.2468853	0.18608424	-0.2062399	0.13445656	-0.11093782	0.122808866	-0.07482484	0.071471594	-0.123424664	0.09925112	-0.175781
-0.042569675	0.040237732	-0.07028789	0.075268604	-0.070453316	0.03616211	-0.04043424	0.074886985	-0.06803895	0.057599444	-0.09944836	0.094017655	-0.08397049	0.09055999	-0.09140561	0.23209833	-0.29639533	0.14657132	-0.110283814	0.10796643	-0.6934792	0.999999	-0.4143205	0.122799404	-0.1077084	0.25120518	-0.4010594	0.13584907	-0.11085802	0.19171326	-0.15363856	0.16376932	-0.11228875	0.088761546	-0.09744039	0.058791634	-0.057813928	0.09716441	-0.07947956	0.13595289
0.069173716	-0.07018104	0.12995449	-0.1429479	0.13745543	-0.05836558	0.06980413	-0.13708878	0.128307	-0.112943314	0.1465447	-0.13614498	0.14778374	-0.17341767	0.18406798	-0.25626656	0.22175325	-0.3304875	0.22400247	-0.23131546	0.2805338	-0.4143205	0.99999917	-0.3015952	0.23565675	-0.2035418	0.22827728	-0.26436204	0.21201397	-0.4475445	0.15589426	-0.17939056	0.1852981	-0.169038	0.19852918	-0.0699148	0.069257475	-0.1852303	0.15040714	-0.29061744
-0.053611822	0.05309673	-0.10870652	0.109351225	-0.12583041	0.0441952	-0.05445562	0.10983466	-0.115159355	0.098182306	-0.1126166	0.09715705	-0.12718569	0.15496264	-0.17856035	0.12660247	-0.13140462	0.25197437	-0.4084393	0.19312087	-0.1458612	0.122799404	-0.3015952	0.9999989	-0.7431085	0.08678421	-0.1118357	0.103636794	-0.12895308	0.26631215	-0.075267866	0.078644946	-0.088785686	0.08911633	-0.11535925	0.032031514	-0.032858092	0.08698851	-0.07809867	0.13290302
0.04889606	-0.04940368	0.09933095	-0.10428253	0.11871795	-0.04052576	0.050153654	-0.10279857	0.1031615	-0.094281785	0.10149185	-0.08984484	0.11360468	-0.14316455	0.175495	-0.119879566	0.11779555	-0.24699312	0.23832898	-0.23588592	0.12747803	-0.1077084	0.23565675	-0.7431085	0.9999992	-0.07978779	0.101219535	-0.10476701	0.13253768	-0.4566044	0.07109603	-0.07544148	0.089187294	-0.096848935	0.13125943	-0.030908503	0.031676713	-0.09315574	0.08275301	-0.15444878
-0.029364912	0.028069926	-0.049934942	0.053307835	-0.052093253	0.024718324	-0.028204253	0.051709685	-0.04778577	0.04200685	-0.06524384	0.059287142	-0.056689616	0.06273071	-0.06855249	0.13500738	-0.13022733	0.09542776	-0.074918695	0.07927752	-0.39209327	0.25120518	-0.2035418	0.08678421	-0.07978779	0.9999994	-0.6634629	0.1539822	-0.11642861	0.15016608	-0.4961355	0.2848429	-0.14617813	0.09542886	-0.094265096	0.10861529	-0.109303154	0.10422059	-0.085793935	0.12321747
0.03633581	-0.035231363	0.062638275	-0.067660086	0.06537743	-0.030700216	0.035238616	-0.06530432	0.060192168	-0.053033162	0.08023452	-0.07426264	0.07090062	-0.07950719	0.0862924	-0.17376071	0.15569513	-0.121696725	0.09389979	-0.102010615	0.29451433	-0.4010594	0.22827728	-0.1118357	0.101219535	-0.6634629	0.9999994	-0.20582667	0.14254808	-0.19831285	0.28475463	-0.39183864	0.17373636	-0.120264344	0.11853724	-0.11121782	0.10493731	-0.13317536	0.10598593	-0.16115409
-0.030274823	0.029322153	-0.054794736	0.05710758	-0.062361147	0.025097458	-0.029702492	0.05442585	-0.052200187	0.048621945	-0.06352428	0.055531852	-0.059293393	0.06699515	-0.08444901	0.09923242	-0.09703821	0.10066647	-0.08450337	0.09070947	-0.16460906	0.13584907	-0.26436204	0.103636794	-0.10476701	0.1539822	-0.20582667	0.99999946	-0.437439	0.20407666	-0.21513064	0.22651343	-0.7126589	0.26421475	-0.21080483	0.08007406	-0.08751481	0.23340257	-0.22562276	0.21741787
0.032407895	-0.0317236	0.0602396	-0.062764585	0.07081015	-0.026765965	0.032161277	-0.05922718	0.05750253	-0.054837264	0.06659874	-0.05773124	0.063948676	-0.07363098	0.09736945	-0.094326116	0.0912339	-0.108016476	0.093866155	-0.1046319	0.1357991	-0.11085802	0.21201397	-0.12895308	0.13253768	-0.11642861	0.14254808	-0.437439	0.9999994	-0.32773203	0.1346246	-0.16013032	0.28475183	-0.5873107	0.2932995	-0.06290855	0.06498856	-0.3460661	0.27041903	-0.3856381
-0.06810368	0.06514796	-0.1277066	0.12660447	-0.16070743	0.055509128	-0.06708616	0.12083564	-0.12115568	0.11967347	-0.13816616	0.1151881	-0.13291328	0.14994903	-0.22536112	0.16582347	-0.17286266	0.20941879	-0.20788586	0.21023501	-0.2468853	0.19171326	-0.4475445	0.26631215	-0.4566044	0.15016608	-0.19831285	0.20407666	-0.32773203	0.9999994	-0.14221774	0.14598009	-0.18761703	0.21139894	-0.35458034	0.0603069	-0.0629096	0.18223077	-0.17876649	0.27454948
0.023834871	-0.02310612	0.041773923	-0.044619247	0.0450043	-0.019984206	0.023206161	-0.04266728	0.039906844	-0.0359905	0.051483028	-0.046370573	0.046246972	-0.052084967	0.059996743	-0.098355435	0.090433165	-0.07796443	0.06237545	-0.068768814	0.18608424	-0.15363856	0.15589426	-0.075267866	0.07109603	-0.4961355	0.28475463	-0.21513064	0.1346246	-0.14221774	0.99999934	-0.7063737	0.20220578	-0.120485984	0.10486875	-0.21933612	0.17862634	-0.13311064	0.10391089	-0.13471787
-0.025433782	0.024444519	-0.04430964	0.04687413	-0.04795864	0.021266473	-0.024635017	0.04500409	-0.04221638	0.03811901	-0.055040136	0.049146924	-0.04909206	0.05483105	-0.06388708	0.10146047	-0.098240435	0.08199603	-0.06632544	0.071675465	-0.2062399	0.16376932	-0.17939056	0.078644946	-0.07544148	0.2848429	-0.39183864	0.22651343	-0.16013032	0.14598009	-0.7063737	0.9999992	-0.34205565	0.1386328	-0.11950243	0.17733712	-0.21522926	0.14406602	-0.12180191	0.1405384
0.025460579	-0.024793608	0.046248946	-0.04852318	0.052664883	-0.021132722	0.0250623	-0.04603758	0.044083107	-0.04119084	0.053267382	-0.046760228	0.049852006	-0.056722727	0.07146997	-0.08420613	0.08051447	-0.08450381	0.07055599	-0.07792378	0.13445656	-0.11228875	0.1852981	-0.088785686	0.089187294	-0.14617813	0.17373636	-0.7126589	0.28475183	-0.18761703	0.20220578	-0.34205565	0.9999989	-0.35320163	0.19777511	-0.082725056	0.08690911	-0.3186866	0.22649372	-0.2240003
-0.024621455	0.023860324	-0.045285955	0.046664484	-0.053646225	0.020288965	-0.024269324	0.044176046	-0.04296376	0.0411876	-0.050700832	0.043629352	-0.0479264	0.05451495	-0.07359583	0.07187082	-0.0708129	0.07884002	-0.069243	0.07628258	-0.11093782	0.088761546	-0.169038	0.08911633	-0.096848935	0.09542886	-0.120264344	0.26421475	-0.5873107	0.21139894	-0.120485984	0.1386328	-0.35320163	0.9999988	-0.47672185	0.05238564	-0.055615038	0.286295	-0.42877597	0.29471797
0.030467743	-0.029518576	0.056576446	-0.05786843	0.06842975	-0.025024831	0.030105004	-0.054721102	0.05365314	-0.052119575	0.062193505	-0.053069353	0.05936018	-0.067739986	0.0945527	-0.08306089	0.0826678	-0.09695178	0.08701428	-0.09626482	0.122808866	-0.09744039	0.19852918	-0.11535925	0.13125943	-0.094265096	0.11853724	-0.21080483	0.2932995	-0.35458034	0.10486875	-0.11950243	0.19777511	-0.47672185	0.99999857	-0.047852427	0.049819484	-0.24059954	0.23082002	-0.6992711
-0.010329525	0.009960144	-0.018115148	0.019167349	-0.019759698	0.008624778	-0.010036581	0.018305937	-0.017222501	0.015670097	-0.02215646	0.019695742	-0.01989138	0.022310643	-0.026390828	0.039784446	-0.037863843	0.032985736	-0.026861103	0.029536877	-0.07482484	0.058791634	-0.0699148	0.032031514	-0.030908503	0.10861529	-0.11121782	0.08007406	-0.06290855	0.0603069	-0.21933612	0.17733712	-0.082725056	0.05238564	-0.047852427	0.9999984	-0.948381	0.06895494	-0.056111094	0.05827012
0.010425947	-0.010091301	0.018378505	-0.019495448	0.020095272	-0.00870794	0.010159784	-0.018576235	0.017488498	-0.015948232	0.022293689	-0.01984682	0.020133909	-0.022673404	0.026886497	-0.0399661	0.037523985	-0.033516053	0.027274529	-0.030241039	0.071471594	-0.057813928	0.069257475	-0.032858092	0.031676713	-0.109303154	0.10493731	-0.08751481	0.06498856	-0.0629096	0.17862634	-0.21522926	0.08690911	-0.055615038	0.049819484	-0.948381	0.99999845	-0.07639821	0.05847185	-0.061731823
-0.026167223	0.025209792	-0.047682732	0.0489282	-0.056467935	0.021542503	-0.025673093	0.046337567	-0.04499036	0.04321233	-0.053956207	0.04626466	-0.05034404	0.056811232	-0.07712192	0.076995835	-0.07656618	0.08134343	-0.071044646	0.078701384	-0.123424664	0.09716441	-0.1852303	0.08698851	-0.09315574	0.10422059	-0.13317536	0.23340257	-0.3460661	0.18223077	-0.13311064	0.14406602	-0.3186866	0.286295	-0.24059954	0.06895494	-0.07639821	0.9999985	-0.78216815	0.23336145
0.022201203	-0.021542057	0.040784605	-0.042150367	0.048190985	-0.018303035	0.021890763	-0.03980894	0.03863453	-0.03705918	0.045676116	-0.039351556	0.043088336	-0.049037147	0.066006646	-0.06511565	0.06380169	-0.07069255	0.061443057	-0.06886206	0.09925112	-0.07947956	0.15040714	-0.07809867	0.08275301	-0.085793935	0.10598593	-0.22562276	0.27041903	-0.17876649	0.10391089	-0.12180191	0.22649372	-0.42877597	0.23082002	-0.056111094	0.05847185	-0.78216815	0.9999985	-0.29168805
-0.04219724	0.040317774	-0.07731016	0.077717885	-0.09537444	0.034493566	-0.041332915	0.07350207	-0.07232439	0.07148557	-0.08578278	0.07213743	-0.0800136	0.08967687	-0.1311535	0.11181287	-0.11421592	0.124155916	-0.11255444	0.12508078	-0.175781	0.13595289	-0.29061744	0.13290302	-0.15444878	0.12321747	-0.16115409	0.21741787	-0.3856381	0.27454948	-0.13471787	0.1405384	-0.2240003	0.29471797	-0.6992711	0.05827012	-0.061731823	0.23336145	-0.29168805	0.9999985
