0.99999994	-0.7116547	0.20851706	-0.08375471	0.083668254	-0.5789292	0.3043335	-0.19574876	0.08252282	-0.060560722	0.16692726	-0.17533243	0.14416096	-0.082417525	0.07009882	-0.0984755	0.08969676	-0.10410474	0.075318895	-0.0663323	0.1065444	-0.09475822	0.08648473	-0.092996866	0.04629402	-0.09040056	0.06449949	-0.067764536	0.06632061	-0.07106632	0.046777833	-0.062635794	0.057733398	-0.056742307	0.05845352	-0.052583084	0.049789295	-0.040340353	0.053309053	-0.07485186
-0.7116547	0.9999998	-0.30569842	0.101302385	-0.099999174	0.32372874	-0.5052602	0.21346468	-0.09935779	0.069927014	-0.17763688	0.18301418	-0.1669643	0.09202816	-0.08025157	0.10063287	-0.0951196	0.10824797	-0.07967547	0.06823927	-0.11370315	0.097746044	-0.0907422	0.09588412	-0.04789263	0.092549644	-0.066813916	0.06995519	-0.06872387	0.07293421	-0.048249707	0.06447331	-0.05980192	0.05854973	-0.06039929	0.054013886	-0.05162917	0.041687455	-0.055314284	0.076509625
0.20851706	-0.30569842	0.9999998	-0.39031586	0.23542015	-0.28860325	0.25192076	-0.44501054	0.2444021	-0.18715414	0.25160986	-0.30782962	0.25580293	-0.25237063	0.18750368	-0.18342803	0.16924098	-0.23818891	0.17067802	-0.16385338	0.21109024	-0.19812348	0.18854345	-0.2204782	0.11194277	-0.21365157	0.14720064	-0.15714248	0.15540431	-0.17332628	0.10934369	-0.14725818	0.13392138	-0.1339637	0.13892719	-0.124812044	0.11534206	-0.09455964	0.12373392	-0.18477634
-0.08375471	0.101302385	-0.39031586	0.99999994	-0.53246546	0.10913175	-0.099106945	0.14938307	-0.6451424	0.26016375	-0.115810215	0.12364754	-0.10949127	0.2669578	-0.22719343	0.08154238	-0.07579942	0.11166853	-0.08917761	0.08025871	-0.09946058	0.08910453	-0.089070275	0.10531648	-0.055482045	0.096599795	-0.06812653	0.07274285	-0.07389961	0.08126418	-0.050347555	0.06765102	-0.062523566	0.06234367	-0.06496066	0.057048474	-0.053877793	0.04391553	-0.05804582	0.08400931
0.083668254	-0.099999174	0.23542015	-0.53246546	0.9999999	-0.11814068	0.10220426	-0.15396385	0.3109137	-0.6019507	0.13296299	-0.14046034	0.11748501	-0.37241638	0.28643984	-0.09713904	0.08989855	-0.13814382	0.11104518	-0.10284539	0.11965751	-0.10827552	0.109504595	-0.13293673	0.07033741	-0.12082215	0.08464721	-0.09078514	0.09263035	-0.10315198	0.06286426	-0.084607944	0.078014255	-0.07815439	0.081528865	-0.07145452	0.067166135	-0.054901626	0.07242303	-0.106196396
-0.5789292	0.32372874	-0.28860325	0.10913175	-0.11814068	0.9999998	-0.5868902	0.24212304	-0.114939764	0.08142751	-0.29066306	0.2251495	-0.2079746	0.1071248	-0.09712144	0.13709131	-0.12581296	0.1341679	-0.09970179	0.08421766	-0.15155688	0.12620796	-0.11600785	0.1191801	-0.05949869	0.11623926	-0.08468554	0.08811489	-0.08626121	0.09045665	-0.060798146	0.081029505	-0.07544255	0.073454745	-0.075696565	0.067737	-0.06524596	0.052469667	-0.069843285	0.094761774
0.3043335	-0.5052602	0.25192076	-0.099106945	0.10220426	-0.5868902	0.99999964	-0.41726258	0.10127464	-0.07284258	0.21549404	-0.3181602	0.23714985	-0.09916834	0.08588596	-0.12901069	0.12381974	-0.13618435	0.09753679	-0.08032911	0.13661504	-0.122672066	0.110254005	-0.115611434	0.056544878	-0.10973682	0.079861835	-0.08360586	0.08170387	-0.08606341	0.05714633	-0.076461144	0.0710035	-0.06931731	0.071116954	-0.06381285	0.061067507	-0.049291857	0.06540234	-0.089547284
-0.19574876	0.21346468	-0.44501054	0.14938307	-0.15396385	0.24212304	-0.41726258	0.9999999	-0.15782034	0.10640471	-0.2631791	0.30102488	-0.62172025	0.14126518	-0.12538232	0.15238361	-0.15177613	0.18803112	-0.13902189	0.1028358	-0.17768174	0.15041451	-0.14525473	0.14972338	-0.07321288	0.13749094	-0.10202706	0.10673105	-0.10572282	0.10935248	-0.07267185	0.096969515	-0.091213614	0.08858937	-0.09118015	0.080662586	-0.07846503	0.06303087	-0.08423913	0.11267392
0.08252282	-0.09935779	0.2444021	-0.6451424	0.3109137	-0.114939764	0.10127464	-0.15782034	0.9999999	-0.3686548	0.12777855	-0.13575563	0.11742396	-0.5083944	0.268245	-0.09196648	0.08563905	-0.13332075	0.11085776	-0.094147794	0.11310204	-0.101742476	0.103465945	-0.1259504	0.0650101	-0.110846326	0.078508146	-0.08412421	0.086082734	-0.094487414	0.05794321	-0.07792884	0.07224095	-0.07209971	0.07506023	-0.06561062	0.06212363	-0.050650995	0.067020774	-0.09667391
-0.060560722	0.069927014	-0.18715414	0.26016375	-0.6019507	0.08142751	-0.07284258	0.10640471	-0.3686548	1.0	-0.09823235	0.09766159	-0.08552216	0.3064673	-0.6106094	0.06922476	-0.06449011	0.09887252	-0.083465144	0.079139724	-0.08777337	0.07683122	-0.07946461	0.09503694	-0.05518921	0.08431575	-0.060448725	0.06468299	-0.06769045	0.07429922	-0.04456919	0.059837293	-0.05601102	0.055874847	-0.058572266	0.05026557	-0.048235286	0.039194476	-0.052207027	0.07401606
0.16692726	-0.17763688	0.25160986	-0.115810215	0.13296299	-0.29066306	0.21549404	-0.2631791	0.12777855	-0.09823235	0.99999994	-0.4560792	0.24989112	-0.1455254	0.12385342	-0.47738773	0.2836996	-0.2745057	0.19053328	-0.1810427	0.2941578	-0.3023742	0.23729774	-0.25577107	0.12517057	-0.2641874	0.18234746	-0.19169012	0.18157484	-0.19746132	0.13190007	-0.17762783	0.15989658	-0.15770908	0.15990984	-0.14945087	0.13702281	-0.11196601	0.14581013	-0.20953695
-0.17533243	0.18301418	-0.30782962	0.12364754	-0.14046034	0.2251495	-0.3181602	0.30102488	-0.13575563	0.09766159	-0.4560792	0.9999999	-0.58138776	0.13431156	-0.12191588	0.24194007	-0.31830955	0.21923864	-0.16246979	0.120265774	-0.2488245	0.21847627	-0.19077732	0.17951377	-0.086446755	0.16983399	-0.12976718	0.13324265	-0.12858996	0.13008575	-0.089575306	0.11935103	-0.112577334	0.10783301	-0.109685205	0.09838605	-0.096332975	0.077005215	-0.10303999	0.1333355
0.14416096	-0.1669643	0.25580293	-0.10949127	0.11748501	-0.2079746	0.23714985	-0.62172025	0.11742396	-0.08552216	0.24989112	-0.58138776	1.0	-0.12821	0.10573546	-0.17445342	0.17883584	-0.2759573	0.16153394	-0.10922985	0.18007417	-0.17266317	0.1584994	-0.17054223	0.07749929	-0.14391553	0.107745424	-0.114018574	0.112150684	-0.11566365	0.075595744	-0.10158121	0.0954683	-0.09278695	0.094164155	-0.0838497	0.081116326	-0.06544532	0.08714019	-0.11609526
-0.082417525	0.09202816	-0.25237063	0.2669578	-0.37241638	0.1071248	-0.09916834	0.14126518	-0.5083944	0.3064673	-0.1455254	0.13431156	-0.12821	1.0	-0.63625926	0.09901751	-0.09405812	0.15325637	-0.16286506	0.10838734	-0.13035965	0.10984553	-0.11981057	0.14432354	-0.07752948	0.11582445	-0.08615707	0.09200673	-0.097995035	0.1029377	-0.06253934	0.083699815	-0.07996133	0.07891094	-0.08255773	0.069685645	-0.06872004	0.055364043	-0.074606076	0.10050689
0.07009882	-0.08025157	0.18750368	-0.22719343	0.28643984	-0.09712144	0.08588596	-0.12538232	0.268245	-0.6106094	0.12385342	-0.12191588	0.10573546	-0.63625926	1.0	-0.08952392	0.08375044	-0.13747343	0.12043209	-0.117360644	0.11442881	-0.10103654	0.10682742	-0.13297497	0.07841667	-0.11191586	0.08072945	-0.087012514	0.09249353	-0.10292878	0.059380155	-0.07991719	0.075157754	-0.07527881	0.078770675	-0.06692447	0.06439833	-0.052427813	0.069905594	-0.098944515
-0.0984755	0.10063287	-0.18342803	0.08154238	-0.09713904	0.13709131	-0.12901069	0.15238361	-0.09196648	0.06922476	-0.47738773	0.24194007	-0.17445342	0.09901751	-0.08952392	1.0	-0.6492582	0.19980994	-0.15027823	0.11833293	-0.44220474	0.29754946	-0.21905304	0.17974624	-0.08573908	0.19102855	-0.1476718	0.14591964	-0.13354741	0.13184312	-0.09724159	0.12877539	-0.12034629	0.11305062	-0.11221606	0.10512655	-0.10206977	0.081236266	-0.10809006	0.13484967
0.08969676	-0.0951196	0.16924098	-0.07579942	0.08989855	-0.12581296	0.12381974	-0.15177613	0.08563905	-0.06449011	0.2836996	-0.31830955	0.17883584	-0.09405812	0.08375044	-0.6492582	1.0000001	-0.24970165	0.1591981	-0.11478649	0.2899236	-0.53047526	0.22565863	-0.18939783	0.08321768	-0.18001792	0.14594555	-0.14742936	0.13005923	-0.1275214	0.09173598	-0.12461391	0.1156051	-0.1086381	0.10569959	-0.099186696	0.09600174	-0.07695949	0.10187549	-0.12614924
-0.10410474	0.10824797	-0.23818891	0.11166853	-0.13814382	0.1341679	-0.13618435	0.18803112	-0.13332075	0.09887252	-0.2745057	0.21923864	-0.2759573	0.15325637	-0.13747343	0.19980994	-0.24970165	1.0000002	-0.67854285	0.16799071	-0.26568368	0.22754557	-0.3375729	0.31140506	-0.13010302	0.19030221	-0.1650658	0.17917447	-0.18919234	0.16833912	-0.10858213	0.1455478	-0.14910622	0.13966063	-0.14042741	0.11578454	-0.122472934	0.09696953	-0.13391729	0.15223426
0.075318895	-0.07967547	0.17067802	-0.08917761	0.11104518	-0.09970179	0.09753679	-0.13902189	0.11085776	-0.083465144	0.19053328	-0.16246979	0.16153394	-0.16286506	0.12043209	-0.15027823	0.1591981	-0.67854285	1.0000002	-0.20174736	0.1938637	-0.18268342	0.24868734	-0.5710593	0.13776752	-0.16020434	0.13630289	-0.15680967	0.18152857	-0.17009008	0.09079733	-0.1241104	0.12665345	-0.124875	0.121457174	-0.0977931	0.101955265	-0.08238418	0.11294556	-0.13213772
-0.0663323	0.06823927	-0.16385338	0.08025871	-0.10284539	0.08421766	-0.08032911	0.1028358	-0.094147794	0.079139724	-0.1810427	0.120265774	-0.10922985	0.10838734	-0.117360644	0.11833293	-0.11478649	0.16799071	-0.20174736	0.99999946	-0.1950838	0.1416693	-0.18743296	0.19659679	-0.7916285	0.16053307	-0.14912029	0.16160439	-0.2717626	0.2933377	-0.10337357	0.13764179	-0.15519789	0.1565628	-0.18372908	0.10862584	-0.12825944	0.10122147	-0.14917992	0.15898284
0.1065444	-0.11370315	0.21109024	-0.09946058	0.11965751	-0.15155688	0.13661504	-0.17768174	0.11310204	-0.08777337	0.2941578	-0.2488245	0.18007417	-0.13035965	0.11442881	-0.44220474	0.2899236	-0.26568368	0.1938637	-0.1950838	0.99999964	-0.4885088	0.28450125	-0.27574152	0.1371163	-0.4124031	0.24093556	-0.24124959	0.21042092	-0.22075137	0.17241906	-0.22523978	0.19497016	-0.18781118	0.18250278	-0.19129641	0.1679975	-0.13609512	0.17447855	-0.23336972
-0.09475822	0.097746044	-0.19812348	0.08910453	-0.10827552	0.12620796	-0.122672066	0.15041451	-0.101742476	0.07683122	-0.3023742	0.21847627	-0.17266317	0.10984553	-0.10103654	0.29754946	-0.53047526	0.22754557	-0.18268342	0.1416693	-0.4885088	1.0	-0.4693297	0.23539746	-0.105834454	0.23970373	-0.24551715	0.21820925	-0.17953753	0.16367708	-0.12712614	0.17268266	-0.16575292	0.14790104	-0.14066295	0.13253035	-0.13323785	0.10527712	-0.14071622	0.16025886
0.08648473	-0.0907422	0.18854345	-0.089070275	0.109504595	-0.11600785	0.110254005	-0.14525473	0.103465945	-0.07946461	0.23729774	-0.19077732	0.1584994	-0.11981057	0.10682742	-0.21905304	0.22565863	-0.3375729	0.24868734	-0.18743296	0.28450125	-0.4693297	0.99999994	-0.47793603	0.14018466	-0.2865977	0.25416237	-0.4275585	0.24783072	-0.22480284	0.15038301	-0.21846378	0.21399044	-0.19830395	0.17166618	-0.16145341	0.15780462	-0.13084584	0.1698753	-0.19514304
-0.092996866	0.09588412	-0.2204782	0.10531648	-0.13293673	0.1191801	-0.115611434	0.14972338	-0.1259504	0.09503694	-0.25577107	0.17951377	-0.17054223	0.14432354	-0.13297497	0.17974624	-0.18939783	0.31140506	-0.5710593	0.19659679	-0.27574152	0.23539746	-0.47793603	0.99999964	-0.17000279	0.2156521	-0.20131204	0.23179168	-0.32871303	0.22081509	-0.12823698	0.17430264	-0.18967526	0.18113844	-0.17281598	0.13505703	-0.14761585	0.11809195	-0.1660201	0.17681623
0.04629402	-0.04789263	0.11194277	-0.055482045	0.07033741	-0.05949869	0.056544878	-0.07321288	0.0650101	-0.05518921	0.12517057	-0.086446755	0.07749929	-0.07752948	0.07841667	-0.08573908	0.08321768	-0.13010302	0.13776752	-0.7916285	0.1371163	-0.105834454	0.14018466	-0.17000279	0.99999964	-0.1252994	0.11365896	-0.13272823	0.22096899	-0.48587286	0.078531526	-0.10767774	0.11936731	-0.12890731	0.14417978	-0.08366297	0.09501579	-0.07746466	0.11133478	-0.1323857
-0.09040056	0.092549644	-0.21365157	0.096599795	-0.12082215	0.11623926	-0.10973682	0.13749094	-0.110846326	0.08431575	-0.2641874	0.16983399	-0.14391553	0.11582445	-0.11191586	0.19102855	-0.18001792	0.19030221	-0.16020434	0.16053307	-0.4124031	0.23970373	-0.2865977	0.2156521	-0.1252994	0.9999999	-0.54586756	0.2833155	-0.24069162	0.19864097	-0.3558596	0.29386082	-0.26465872	0.2155482	-0.20057689	0.24635968	-0.25147188	0.17563683	-0.24029203	0.20598133
0.06449949	-0.066813916	0.14720064	-0.06812653	0.08464721	-0.08468554	0.079861835	-0.10202706	0.078508146	-0.060448725	0.18234746	-0.12976718	0.107745424	-0.08615707	0.08072945	-0.1476718	0.14594555	-0.1650658	0.13630289	-0.14912029	0.24093556	-0.24551715	0.25416237	-0.20131204	0.11365896	-0.54586756	0.99999994	-0.55556315	0.2312565	-0.1977727	0.21989402	-0.42585927	0.26373938	-0.21243073	0.1669273	-0.2056123	0.1937656	-0.15173537	0.18955654	-0.18012957
-0.067764536	0.06995519	-0.15714248	0.07274285	-0.09078514	0.08811489	-0.08360586	0.10673105	-0.08412421	0.06468299	-0.19169012	0.13324265	-0.114018574	0.09200673	-0.087012514	0.14591964	-0.14742936	0.17917447	-0.15680967	0.16160439	-0.24124959	0.21820925	-0.4275585	0.23179168	-0.13272823	0.2833155	-0.55556315	0.99999964	-0.40417632	0.22700787	-0.17650186	0.26855502	-0.40230712	0.24742939	-0.18980603	0.17089462	-0.18819135	0.1551321	-0.20598322	0.18793796
0.06632061	-0.06872387	0.15540431	-0.07389961	0.09263035	-0.08626121	0.08170387	-0.10572282	0.086082734	-0.06769045	0.18157484	-0.12858996	0.112150684	-0.097995035	0.09249353	-0.13354741	0.13005923	-0.18919234	0.18152857	-0.2717626	0.21042092	-0.17953753	0.24783072	-0.32871303	0.22096899	-0.24069162	0.2312565	-0.40417632	0.99999946	-0.58719176	0.14754492	-0.22089817	0.25582463	-0.38328508	0.22933604	-0.15801351	0.17146164	-0.1527026	0.2108582	-0.22685544
-0.07106632	0.07293421	-0.17332628	0.08126418	-0.10315198	0.09045665	-0.08606341	0.10935248	-0.094487414	0.07429922	-0.19746132	0.13008575	-0.11566365	0.1029377	-0.10292878	0.13184312	-0.1275214	0.16833912	-0.17009008	0.2933377	-0.22075137	0.16367708	-0.22480284	0.22081509	-0.48587286	0.19864097	-0.1977727	0.22700787	-0.58719176	0.99999934	-0.1313615	0.17933176	-0.21536817	0.23099114	-0.29774827	0.13733122	-0.16386777	0.13314499	-0.19901723	0.21972549
0.046777833	-0.048249707	0.10934369	-0.050347555	0.06286426	-0.060798146	0.05714633	-0.07267185	0.05794321	-0.04456919	0.13190007	-0.089575306	0.075595744	-0.06253934	0.059380155	-0.09724159	0.09173598	-0.10858213	0.09079733	-0.10337357	0.17241906	-0.12712614	0.15038301	-0.12823698	0.078531526	-0.3558596	0.21989402	-0.17650186	0.14754492	-0.1313615	0.9999996	-0.46346775	0.21254914	-0.174074	0.13603228	-0.7213788	0.25145108	-0.17491125	0.18880431	-0.15022677
-0.062635794	0.06447331	-0.14725818	0.06765102	-0.084607944	0.081029505	-0.076461144	0.096969515	-0.07792884	0.059837293	-0.17762783	0.11935103	-0.10158121	0.083699815	-0.07991719	0.12877539	-0.12461391	0.1455478	-0.1241104	0.13764179	-0.22523978	0.17268266	-0.21846378	0.17430264	-0.10767774	0.29386082	-0.42585927	0.26855502	-0.22089817	0.17933176	-0.46346775	0.9999993	-0.48751062	0.25756854	-0.1976998	0.28482834	-0.34989312	0.22020814	-0.27934542	0.19648433
0.057733398	-0.05980192	0.13392138	-0.062523566	0.078014255	-0.07544255	0.0710035	-0.091213614	0.07224095	-0.05601102	0.15989658	-0.112577334	0.0954683	-0.07996133	0.075157754	-0.12034629	0.1156051	-0.14910622	0.12665345	-0.15519789	0.19497016	-0.16575292	0.21399044	-0.18967526	0.11936731	-0.26465872	0.26373938	-0.40230712	0.25582463	-0.21536817	0.21254914	-0.48751062	0.9999991	-0.56365997	0.2229855	-0.22686596	0.2385954	-0.26558936	0.27324575	-0.23739159
-0.056742307	0.05854973	-0.1339637	0.06234367	-0.07815439	0.073454745	-0.06931731	0.08858937	-0.07209971	0.055874847	-0.15770908	0.10783301	-0.09278695	0.07891094	-0.07527881	0.11305062	-0.1086381	0.13966063	-0.124875	0.1565628	-0.18781118	0.14790104	-0.19830395	0.18113844	-0.12890731	0.2155482	-0.21243073	0.24742939	-0.38328508	0.23099114	-0.174074	0.25756854	-0.56365997	0.99999917	-0.37618726	0.18308581	-0.24275231	0.23408693	-0.45859167	0.2629898
0.05845352	-0.06039929	0.13892719	-0.06496066	0.081528865	-0.075696565	0.071116954	-0.09118015	0.07506023	-0.058572266	0.15990984	-0.109685205	0.094164155	-0.08255773	0.078770675	-0.11221606	0.10569959	-0.14042741	0.121457174	-0.18372908	0.18250278	-0.14066295	0.17166618	-0.17281598	0.14417978	-0.20057689	0.1669273	-0.18980603	0.22933604	-0.29774827	0.13603228	-0.1976998	0.2229855	-0.37618726	0.9999991	-0.15275036	0.17215131	-0.15691885	0.22476125	-0.77103865
-0.052583084	0.054013886	-0.124812044	0.057048474	-0.07145452	0.067737	-0.06381285	0.080662586	-0.06561062	0.05026557	-0.14945087	0.09838605	-0.0838497	0.069685645	-0.06692447	0.10512655	-0.099186696	0.11578454	-0.0977931	0.10862584	-0.19129641	0.13253035	-0.16145341	0.13505703	-0.08366297	0.24635968	-0.2056123	0.17089462	-0.15801351	0.13733122	-0.7213788	0.28482834	-0.22686596	0.18308581	-0.15275036	0.999999	-0.44205436	0.21689741	-0.25623003	0.16047649
0.049789295	-0.05162917	0.11534206	-0.053877793	0.067166135	-0.06524596	0.061067507	-0.07846503	0.06212363	-0.048235286	0.13702281	-0.096332975	0.081116326	-0.06872004	0.06439833	-0.10206977	0.09600174	-0.122472934	0.101955265	-0.12825944	0.1679975	-0.13323785	0.15780462	-0.14761585	0.09501579	-0.25147188	0.1937656	-0.18819135	0.17146164	-0.16386777	0.25145108	-0.34989312	0.2385954	-0.24275231	0.17215131	-0.44205436	0.9999992	-0.6381611	0.30227995	-0.21395111
-0.040340353	0.041687455	-0.09455964	0.04391553	-0.054901626	0.052469667	-0.049291857	0.06303087	-0.050650995	0.039194476	-0.11196601	0.077005215	-0.06544532	0.055364043	-0.052427813	0.081236266	-0.07695949	0.09696953	-0.08238418	0.10122147	-0.13609512	0.10527712	-0.13084584	0.11809195	-0.07746466	0.17563683	-0.15173537	0.1551321	-0.1527026	0.13314499	-0.17491125	0.22020814	-0.26558936	0.23408693	-0.15691885	0.21689741	-0.6381611	0.9999991	-0.62007517	0.17285754
0.053309053	-0.055314284	0.12373392	-0.05804582	0.07242303	-0.069843285	0.06540234	-0.08423913	0.067020774	-0.052207027	0.14581013	-0.10303999	0.08714019	-0.074606076	0.069905594	-0.10809006	0.10187549	-0.13391729	0.11294556	-0.14917992	0.17447855	-0.14071622	0.1698753	-0.1660201	0.11133478	-0.24029203	0.18955654	-0.20598322	0.2108582	-0.19901723	0.18880431	-0.27934542	0.27324575	-0.45859167	0.22476125	-0.25623003	0.30227995	-0.62007517	0.9999991	-0.2900058
-0.07485186	0.076509625	-0.18477634	0.08400931	-0.106196396	0.094761774	-0.089547284	0.11267392	-0.09667391	0.07401606	-0.20953695	0.1333355	-0.11609526	0.10050689	-0.098944515	0.13484967	-0.12614924	0.15223426	-0.13213772	0.15898284	-0.23336972	0.16025886	-0.19514304	0.17681623	-0.1323857	0.20598133	-0.18012957	0.18793796	-0.22685544	0.21972549	-0.15022677	0.19648433	-0.23739159	0.2629898	-0.77103865	0.16047649	-0.21395111	0.17285754	-0.2900058	0.9999991
