1.0000001	-0.774755	0.21594162	-0.035060845	0.030800983	-0.45263702	0.298847	-0.26151288	0.05023976	-0.054366324	0.1302024	-0.116581134	0.04933406	-0.05097822	0.038151365	-0.04127014	0.03990787	-0.051677883	0.040174656	-0.028596226	0.031242602	-0.035662662	0.04472027	-0.034396034	0.035949603	-0.03266472	0.03101705	-0.038602643	0.030690147	-0.029272115	0.030808879	-0.03167711	0.038626984	-0.028801138	0.025496295	-0.047857583	0.027635295	-0.037262738	0.02662954	-0.03278353
-0.774755	0.99999976	-0.32829207	0.029833931	-0.026572304	0.28343782	-0.42438737	0.23966011	-0.04201237	0.043723974	-0.1049805	0.08483232	-0.037695613	0.039074894	-0.029335698	0.030107142	-0.029481424	0.038599864	-0.030658688	0.021783862	-0.023014115	0.026167512	-0.033496656	0.025934434	-0.027344383	0.023929683	-0.022872768	0.02854806	-0.022906294	0.021758256	-0.022728346	0.023252893	-0.02865612	0.021325791	-0.018936714	0.034709156	-0.020204533	0.027205246	-0.019634955	0.024081051
0.21594162	-0.32829207	0.99999976	-0.05136463	0.04364644	-0.17500821	0.19367588	-0.8935264	0.071709596	-0.07033822	0.07594603	-0.06669225	0.03962025	-0.0463689	0.03154483	-0.02531223	0.025095243	-0.03797251	0.03250148	-0.023036806	0.019751966	-0.022417732	0.031107225	-0.026299743	0.027921168	-0.020571237	0.019921392	-0.025957195	0.021699961	-0.020507852	0.019829331	-0.020213723	0.025905259	-0.019655297	0.017602745	-0.029782886	0.017674126	-0.023862038	0.017768594	-0.021682892
-0.035060845	0.029833931	-0.05136463	0.99999976	-0.8926379	0.03103782	-0.03248955	0.051213786	-0.3260719	0.2566639	-0.08692609	0.07760856	-0.101088464	0.12630223	-0.09298057	0.038991727	-0.041013036	0.0830951	-0.090138346	0.06276207	-0.03334144	0.03714675	-0.06662354	0.06549169	-0.07501044	0.03461339	-0.03530306	0.05132263	-0.048464667	0.044687785	-0.035572536	0.03539465	-0.051779043	0.0405869	-0.037531782	0.049013652	-0.031416237	0.042425003	-0.03508248	0.041705184
0.030800983	-0.026572304	0.04364644	-0.8926379	0.9999997	-0.027689785	0.02867803	-0.045725107	0.24039854	-0.3569618	0.07616706	-0.07166089	0.08706241	-0.11566963	0.082323484	-0.035757925	0.037273075	-0.07595052	0.07848219	-0.057115834	0.030299805	-0.03388408	0.059445802	-0.059262224	0.06591873	-0.031625632	0.032057513	-0.04670154	0.043552533	-0.04059114	0.032268155	-0.032288376	0.046716146	-0.036905352	0.033917245	-0.045443792	0.028828535	-0.0390623	0.031934902	-0.038265217
-0.45263702	0.28343782	-0.17500821	0.03103782	-0.027689785	0.9999997	-0.7912102	0.17446448	-0.04492168	0.048746087	-0.2151191	0.13702928	-0.053297915	0.052463923	-0.04010881	0.04647098	-0.04535181	0.05580104	-0.042511024	0.030129775	-0.035041466	0.03995612	-0.048959646	0.036595453	-0.038261916	0.03628323	-0.034474853	0.042144798	-0.03316001	0.031575453	-0.03412048	0.03500357	-0.042237576	0.03122535	-0.02760279	0.05225348	-0.030177664	0.040623933	-0.02893791	0.035587233
0.298847	-0.42438737	0.19367588	-0.03248955	0.02867803	-0.7912102	0.9999999	-0.2532661	0.047687244	-0.05140371	0.15316644	-0.13739537	0.05296083	-0.05281473	0.039658308	-0.045423802	0.04441868	-0.05514302	0.042084325	-0.029805671	0.03419077	-0.03910099	0.047883265	-0.036102325	0.037673566	-0.035421755	0.033652138	-0.04123879	0.032501217	-0.0309581	0.033270013	-0.034167927	0.041238245	-0.030563649	0.027019301	-0.050977185	0.029447759	-0.039669387	0.028287578	-0.03480062
-0.26151288	0.23966011	-0.8935264	0.051213786	-0.045725107	0.17446448	-0.2532661	0.99999946	-0.08382582	0.07306571	-0.083179526	0.06879467	-0.042519063	0.049193397	-0.03371625	0.026294695	-0.026214238	0.039907575	-0.034674685	0.02444758	-0.020632448	0.0233648	-0.03283115	0.02778851	-0.02970372	0.021440951	-0.02083405	0.027198052	-0.022860184	0.021546222	-0.020751322	0.02109851	-0.027207587	0.020615153	-0.018497786	0.030911507	-0.018423757	0.024851201	-0.018603051	0.022648696
0.05023976	-0.04201237	0.071709596	-0.3260719	0.24039854	-0.04492168	0.047687244	-0.08382582	0.99999934	-0.78514194	0.12960383	-0.1299901	0.18682244	-0.3669854	0.15580696	-0.06402932	0.06784657	-0.15356168	0.15937398	-0.1109374	0.053979438	-0.060826764	0.107549705	-0.11545601	0.12200096	-0.055861283	0.056859504	-0.08410168	0.079175204	-0.07364978	0.056583468	-0.056868732	0.08226078	-0.06621241	0.06067896	-0.07860054	0.050159547	-0.06836106	0.05648843	-0.06780834
-0.054366324	0.043723974	-0.07033822	0.2566639	-0.3569618	0.048746087	-0.05140371	0.07306571	-0.78514194	0.99999946	-0.15464948	0.13603888	-0.20143381	0.24246708	-0.19847049	0.069547884	-0.07412474	0.15481234	-0.17875497	0.12570266	-0.05996292	0.06675199	-0.1229957	0.12468827	-0.1465807	0.061912656	-0.063601725	0.09339672	-0.09032277	0.08288794	-0.06388165	0.06345225	-0.09407023	0.074385405	-0.06922079	0.08657357	-0.056108117	0.07585408	-0.063780114	0.07549937
0.1302024	-0.1049805	0.07594603	-0.08692609	0.07616706	-0.2151191	0.15316644	-0.083179526	0.12960383	-0.15464948	0.9999993	-0.7197416	0.2278136	-0.21710305	0.16391426	-0.22534086	0.21326073	-0.2502844	0.17849526	-0.12623465	0.16380921	-0.18947856	0.21620314	-0.15787679	0.16134562	-0.17071368	0.15949269	-0.19187877	0.14698334	-0.14120218	0.15692298	-0.16306649	0.19025439	-0.14105445	0.12369278	-0.24749957	0.14041144	-0.18963835	0.13196842	-0.16368432
-0.116581134	0.08483232	-0.06669225	0.07760856	-0.07166089	0.13702928	-0.13739537	0.06879467	-0.1299901	0.13603888	-0.7197416	0.9999991	-0.34360164	0.21398671	-0.18471558	0.20603397	-0.29893395	0.24540898	-0.19482909	0.1313141	-0.1733003	0.18895033	-0.23964532	0.15494259	-0.17313176	0.15542178	-0.16213174	0.1765577	-0.14025447	0.1266614	-0.15502638	0.14795414	-0.18392909	0.1249857	-0.11241525	0.17406659	-0.11097234	0.14507952	-0.112374924	0.1316569
0.04933406	-0.037695613	0.03962025	-0.101088464	0.08706241	-0.053297915	0.05296083	-0.042519063	0.18682244	-0.20143381	0.2278136	-0.34360164	0.999999	-0.59884506	0.20272699	-0.132589	0.1497221	-0.5691476	0.26377743	-0.15833756	0.106200285	-0.12453087	0.20798017	-0.18548863	0.17896484	-0.10541196	0.107312076	-0.15819539	0.12909918	-0.11893618	0.10228021	-0.10410165	0.14103422	-0.109906614	0.0982652	-0.13483882	0.085226245	-0.11694678	0.093585715	-0.11287434
-0.05097822	0.039074894	-0.0463689	0.12630223	-0.11566963	0.052463923	-0.05281473	0.049193397	-0.3669854	0.24246708	-0.21710305	0.21398671	-0.59884506	0.9999988	-0.31821087	0.10840454	-0.12027367	0.29655194	-0.4165762	0.20632033	-0.09285208	0.10458156	-0.1973014	0.21736202	-0.2352729	0.094310366	-0.09759156	0.14624551	-0.14325868	0.12917456	-0.09595567	0.09608618	-0.14165637	0.114754744	-0.106081314	0.12822315	-0.08332735	0.11368491	-0.09647363	0.11440992
0.038151365	-0.029335698	0.03154483	-0.09298057	0.082323484	-0.04010881	0.039658308	-0.03371625	0.15580696	-0.19847049	0.16391426	-0.18471558	0.20272699	-0.31821087	0.99999875	-0.107049674	0.10868747	-0.26181	0.27234697	-0.7335306	0.08975883	-0.10238853	0.1774294	-0.2802178	0.28868148	-0.09792173	0.098225474	-0.1600085	0.16227373	-0.17315796	0.098142505	-0.10209946	0.15040706	-0.14030951	0.127304	-0.15905996	0.098651215	-0.13926056	0.11528441	-0.14696477
-0.04127014	0.030107142	-0.02531223	0.038991727	-0.035757925	0.04647098	-0.045423802	0.026294695	-0.06402932	0.069547884	-0.22534086	0.20603397	-0.132589	0.10840454	-0.107049674	0.99999857	-0.63367045	0.16351272	-0.118250616	0.07823199	-0.5855909	0.3150203	-0.19072938	0.09817551	-0.10674419	0.23710537	-0.23609842	0.1480239	-0.09911918	0.08723172	-0.20517874	0.17409855	-0.14627194	0.090220995	-0.07853409	0.12516193	-0.08301023	0.105410576	-0.080121994	0.092050076
0.03990787	-0.029481424	0.025095243	-0.041013036	0.037273075	-0.04535181	0.04441868	-0.026214238	0.06784657	-0.07412474	0.21326073	-0.29893395	0.1497221	-0.12027367	0.10868747	-0.63367045	0.99999857	-0.21975788	0.12620091	-0.08137001	0.30629584	-0.55175537	0.19127457	-0.10365383	0.10835584	-0.22764118	0.2245955	-0.155264	0.10008038	-0.08937526	0.17242882	-0.1807199	0.14221883	-0.09158389	0.07904931	-0.12781917	0.08264055	-0.10768646	0.08064443	-0.09430489
-0.051677883	0.038599864	-0.03797251	0.0830951	-0.07595052	0.05580104	-0.05514302	0.039907575	-0.15356168	0.15481234	-0.2502844	0.24540898	-0.5691476	0.29655194	-0.26181	0.16351272	-0.21975788	0.99999875	-0.44670773	0.194118	-0.1393481	0.16214147	-0.3866872	0.2345593	-0.2465275	0.13313961	-0.14160801	0.21329063	-0.1733407	0.15110868	-0.13204676	0.13252464	-0.19009969	0.14065897	-0.12712713	0.16076365	-0.105239406	0.14349052	-0.1187123	0.13926621
0.040174656	-0.030658688	0.03250148	-0.090138346	0.07848219	-0.042511024	0.042084325	-0.034674685	0.15937398	-0.17875497	0.17849526	-0.19482909	0.26377743	-0.4165762	0.27234697	-0.118250616	0.12620091	-0.44670773	0.99999887	-0.34548643	0.09869591	-0.11441219	0.21236345	-0.5514678	0.2974745	-0.104053065	0.10652423	-0.17803913	0.19231318	-0.17591326	0.10376969	-0.10745792	0.16055141	-0.15113951	0.13295686	-0.15128227	0.0972118	-0.13660164	0.117933325	-0.14427577
-0.028596226	0.021783862	-0.023036806	0.06276207	-0.057115834	0.030129775	-0.029805671	0.02444758	-0.1109374	0.12570266	-0.12623465	0.1313141	-0.15833756	0.20632033	-0.7335306	0.07823199	-0.08137001	0.194118	-0.34548643	0.99999887	-0.0672722	0.076251045	-0.14304198	0.25968927	-0.48174918	0.07257312	-0.07436519	0.122931056	-0.14442682	0.14864217	-0.07420672	0.07641702	-0.11900202	0.1137734	-0.10999725	0.11315216	-0.07317989	0.10250549	-0.091294564	0.11224316
0.031242602	-0.023014115	0.019751966	-0.03334144	0.030299805	-0.035041466	0.03419077	-0.020632448	0.053979438	-0.05996292	0.16380921	-0.1733003	0.106200285	-0.09285208	0.08975883	-0.5855909	0.30629584	-0.1393481	0.09869591	-0.0672722	0.99999905	-0.5271429	0.17573987	-0.08767561	0.09222551	-0.45547643	0.26933601	-0.15409605	0.093291774	-0.082991965	0.22296229	-0.21531726	0.1427836	-0.087739505	0.07456172	-0.12864546	0.08332003	-0.10647067	0.07779765	-0.09033012
-0.035662662	0.026167512	-0.022417732	0.03714675	-0.03388408	0.03995612	-0.03910099	0.0233648	-0.060826764	0.06675199	-0.18947856	0.18895033	-0.12453087	0.10458156	-0.10238853	0.3150203	-0.55175537	0.16214147	-0.11441219	0.076251045	-0.5271429	0.9999989	-0.24655832	0.099265866	-0.10491726	0.27415296	-0.44361943	0.179548	-0.10560287	0.09192016	-0.22507522	0.2195292	-0.16191898	0.096800625	-0.08256723	0.13291325	-0.08856585	0.11324699	-0.08483219	0.09755025
0.04472027	-0.033496656	0.031107225	-0.06662354	0.059445802	-0.048959646	0.047883265	-0.03283115	0.107549705	-0.1229957	0.21620314	-0.23964532	0.20798017	-0.1973014	0.1774294	-0.19072938	0.19127457	-0.3866872	0.21236345	-0.14304198	0.17573987	-0.24655832	0.9999991	-0.21763568	0.19529678	-0.19831108	0.21030952	-0.6276395	0.22285774	-0.20060758	0.1829387	-0.20530301	0.28621933	-0.20429644	0.16681686	-0.2616896	0.16110821	-0.23421906	0.16974424	-0.20841488
-0.034396034	0.025934434	-0.026299743	0.06549169	-0.059262224	0.036595453	-0.036102325	0.02778851	-0.11545601	0.12468827	-0.15787679	0.15494259	-0.18548863	0.21736202	-0.2802178	0.09817551	-0.10365383	0.2345593	-0.5514678	0.25968927	-0.08767561	0.099265866	-0.21763568	0.99999917	-0.59815407	0.09482888	-0.10028614	0.17950253	-0.33399335	0.22284545	-0.099258505	0.10214068	-0.17463307	0.18279584	-0.16901284	0.14332882	-0.097815074	0.13723323	-0.13559665	0.15711483
0.035949603	-0.027344383	0.027921168	-0.07501044	0.06591873	-0.038261916	0.037673566	-0.02970372	0.12200096	-0.1465807	0.16134562	-0.17313176	0.17896484	-0.2352729	0.28868148	-0.10674419	0.10835584	-0.2465275	0.2974745	-0.48174918	0.09222551	-0.10491726	0.19529678	-0.59815407	0.99999917	-0.10229032	0.104649276	-0.18420681	0.23926143	-0.31197608	0.10487834	-0.109716244	0.17546502	-0.19132413	0.18350714	-0.16911985	0.109689966	-0.15695888	0.14449877	-0.18476713
-0.03266472	0.023929683	-0.020571237	0.03461339	-0.031625632	0.03628323	-0.035421755	0.021440951	-0.055861283	0.061912656	-0.17071368	0.15542178	-0.10541196	0.094310366	-0.09792173	0.23710537	-0.22764118	0.13313961	-0.104053065	0.07257312	-0.45547643	0.27415296	-0.19831108	0.09482888	-0.10229032	0.9999991	-0.54047495	0.1797574	-0.109521024	0.09440607	-0.54729253	0.30640456	-0.18520364	0.10305097	-0.087309	0.15278374	-0.10409235	0.124552906	-0.091933094	0.10312411
0.03101705	-0.022872768	0.019921392	-0.03530306	0.032057513	-0.034474853	0.033652138	-0.02083405	0.056859504	-0.063601725	0.15949269	-0.16213174	0.107312076	-0.09759156	0.098225474	-0.23609842	0.2245955	-0.14160801	0.10652423	-0.07436519	0.26933601	-0.44361943	0.21030952	-0.10028614	0.104649276	-0.54047495	0.99999917	-0.2583884	0.12031281	-0.10357361	0.31011102	-0.52989215	0.204088	-0.114565395	0.093858264	-0.15984066	0.1080816	-0.13693883	0.09868636	-0.112628266
-0.038602643	0.02854806	-0.025957195	0.05132263	-0.04670154	0.042144798	-0.04123879	0.027198052	-0.08410168	0.09339672	-0.19187877	0.1765577	-0.15819539	0.14624551	-0.1600085	0.1480239	-0.155264	0.21329063	-0.17803913	0.122931056	-0.15409605	0.179548	-0.6276395	0.17950253	-0.18420681	0.1797574	-0.2583884	0.9999992	-0.317952	0.199718	-0.18786761	0.204834	-0.5074991	0.22308652	-0.18013373	0.20632446	-0.14974637	0.21027894	-0.17348768	0.18829688
0.030690147	-0.022906294	0.021699961	-0.048464667	0.043552533	-0.03316001	0.032501217	-0.022860184	0.079175204	-0.09032277	0.14698334	-0.14025447	0.12909918	-0.14325868	0.16227373	-0.09911918	0.10008038	-0.1733407	0.19231318	-0.14442682	0.093291774	-0.10560287	0.22285774	-0.33399335	0.23926143	-0.109521024	0.12031281	-0.317952	0.9999988	-0.55792975	0.117887795	-0.12781213	0.25374153	-0.5230119	0.30172428	-0.18172951	0.13243204	-0.19951974	0.22931445	-0.2740053
-0.029272115	0.021758256	-0.020507852	0.044687785	-0.04059114	0.031575453	-0.0309581	0.021546222	-0.07364978	0.08288794	-0.14120218	0.1266614	-0.11893618	0.12917456	-0.17315796	0.08723172	-0.08937526	0.15110868	-0.17591326	0.14864217	-0.082991965	0.09192016	-0.20060758	0.22284545	-0.31197608	0.09440607	-0.10357361	0.199718	-0.55792975	0.99999875	-0.10608712	0.1093649	-0.22877125	0.30172345	-0.60979664	0.15493985	-0.121211976	0.17012902	-0.22621101	0.2524013
0.030808879	-0.022728346	0.019829331	-0.035572536	0.032268155	-0.03412048	0.033270013	-0.020751322	0.056583468	-0.06388165	0.15692298	-0.15502638	0.10228021	-0.09595567	0.098142505	-0.20517874	0.17242882	-0.13204676	0.10376969	-0.07420672	0.22296229	-0.22507522	0.1829387	-0.099258505	0.10487834	-0.54729253	0.31011102	-0.18786761	0.117887795	-0.10608712	0.9999988	-0.66132325	0.21096645	-0.12040645	0.098756894	-0.22843245	0.13815816	-0.16254997	0.10950302	-0.12470342
-0.03167711	0.023252893	-0.020213723	0.03539465	-0.032288376	0.03500357	-0.034167927	0.02109851	-0.056868732	0.06345225	-0.16306649	0.14795414	-0.10410165	0.09608618	-0.10209946	0.17409855	-0.1807199	0.13252464	-0.10745792	0.07641702	-0.21531726	0.2195292	-0.20530301	0.10214068	-0.109716244	0.30640456	-0.52989215	0.204834	-0.12781213	0.1093649	-0.66132325	0.9999985	-0.30152118	0.12874408	-0.10470311	0.18428577	-0.1407262	0.15848914	-0.113267764	0.12317053
0.038626984	-0.02865612	0.025905259	-0.051779043	0.046716146	-0.042237576	0.041238245	-0.027207587	0.08226078	-0.09407023	0.19025439	-0.18392909	0.14103422	-0.14165637	0.15040706	-0.14627194	0.14221883	-0.19009969	0.16055141	-0.11900202	0.1427836	-0.16191898	0.28621933	-0.17463307	0.17546502	-0.18520364	0.204088	-0.5074991	0.25374153	-0.22877125	0.21096645	-0.30152118	0.99999857	-0.37538058	0.2190936	-0.32887408	0.2265249	-0.4199161	0.24558327	-0.2750499
-0.028801138	0.021325791	-0.019655297	0.0405869	-0.036905352	0.03122535	-0.030563649	0.020615153	-0.06621241	0.074385405	-0.14105445	0.1249857	-0.109906614	0.114754744	-0.14030951	0.090220995	-0.09158389	0.14065897	-0.15113951	0.1137734	-0.087739505	0.096800625	-0.20429644	0.18279584	-0.19132413	0.10305097	-0.114565395	0.22308652	-0.5230119	0.30172345	-0.12040645	0.12874408	-0.37538058	0.9999987	-0.49552393	0.1805844	-0.15155031	0.22668159	-0.43808922	0.30202135
0.025496295	-0.018936714	0.017602745	-0.037531782	0.033917245	-0.02760279	0.027019301	-0.018497786	0.06067896	-0.06922079	0.12369278	-0.11241525	0.0982652	-0.106081314	0.127304	-0.07853409	0.07904931	-0.12712713	0.13295686	-0.10999725	0.07456172	-0.08256723	0.16681686	-0.16901284	0.18350714	-0.087309	0.093858264	-0.18013373	0.30172428	-0.60979664	0.098756894	-0.10470311	0.2190936	-0.49552393	0.99999845	-0.16331898	0.12725087	-0.1932789	0.26884592	-0.46880746
-0.047857583	0.034709156	-0.029782886	0.049013652	-0.045443792	0.05225348	-0.050977185	0.030911507	-0.07860054	0.08657357	-0.24749957	0.17406659	-0.13483882	0.12822315	-0.15905996	0.12516193	-0.12781917	0.16076365	-0.15128227	0.11315216	-0.12864546	0.13291325	-0.2616896	0.14332882	-0.16911985	0.15278374	-0.15984066	0.20632446	-0.18172951	0.15493985	-0.22843245	0.18428577	-0.32887408	0.1805844	-0.16331898	0.9999984	-0.6982369	0.30909523	-0.21598954	0.18995622
0.027635295	-0.020204533	0.017674126	-0.031416237	0.028828535	-0.030177664	0.029447759	-0.018423757	0.050159547	-0.056108117	0.14041144	-0.11097234	0.085226245	-0.08332735	0.098651215	-0.08301023	0.08264055	-0.105239406	0.0972118	-0.07317989	0.08332003	-0.08856585	0.16110821	-0.097815074	0.109689966	-0.10409235	0.1080816	-0.14974637	0.13243204	-0.121211976	0.13815816	-0.1407262	0.2265249	-0.15155031	0.12725087	-0.6982369	0.99999857	-0.58876413	0.19727223	-0.18895452
-0.037262738	0.027205246	-0.023862038	0.042425003	-0.0390623	0.040623933	-0.039669387	0.024851201	-0.06836106	0.07585408	-0.18963835	0.14507952	-0.11694678	0.11368491	-0.13926056	0.105410576	-0.10768646	0.14349052	-0.13660164	0.10250549	-0.10647067	0.11324699	-0.23421906	0.13723323	-0.15695888	0.124552906	-0.13693883	0.21027894	-0.19951974	0.17012902	-0.16254997	0.15848914	-0.4199161	0.22668159	-0.1932789	0.30909523	-0.58876413	0.99999875	-0.4267697	0.252901
0.02662954	-0.019634955	0.017768594	-0.03508248	0.031934902	-0.02893791	0.028287578	-0.018603051	0.05648843	-0.063780114	0.13196842	-0.112374924	0.093585715	-0.09647363	0.11528441	-0.080121994	0.08064443	-0.1187123	0.117933325	-0.091294564	0.07779765	-0.08483219	0.16974424	-0.13559665	0.14449877	-0.091933094	0.09868636	-0.17348768	0.22931445	-0.22621101	0.10950302	-0.113267764	0.24558327	-0.43808922	0.26884592	-0.21598954	0.19727223	-0.4267697	0.9999988	-0.6705773
-0.03278353	0.024081051	-0.021682892	0.041705184	-0.038265217	0.035587233	-0.03480062	0.022648696	-0.06780834	0.07549937	-0.16368432	0.1316569	-0.11287434	0.11440992	-0.14696477	0.092050076	-0.09430489	0.13926621	-0.14427577	0.11224316	-0.09033012	0.09755025	-0.20841488	0.15711483	-0.18476713	0.10312411	-0.112628266	0.18829688	-0.2740053	0.2524013	-0.12470342	0.12317053	-0.2750499	0.30202135	-0.46880746	0.18995622	-0.18895452	0.252901	-0.6705773	0.9999988
