1.0000002	-0.95992476	0.13565859	-0.11814198	0.09361587	-0.116332024	0.13847592	-0.12969124	0.07672244	-0.06961389	0.074657984	-0.07530239	0.0655603	-0.08037888	0.06788052	-0.06612222	0.055581536	-0.067323856	0.052046377	-0.052187234	0.063812636	-0.05091581	0.046409946	-0.05955806	0.04705274	-0.05253789	0.04024847	-0.040527135	0.040024992	-0.05648537	0.029729296	-0.03142169	0.025299808	-0.025609681	0.008529216	-0.027435169	0.020939061	-0.02402594	0.030378226	-0.00908867
-0.95992476	0.99999994	-0.15501738	0.10893133	-0.09090113	0.104325674	-0.15697935	0.12428887	-0.07338398	0.06437197	-0.07051571	0.06889106	-0.061573677	0.07331499	-0.064098425	0.0600028	-0.0513194	0.060873084	-0.047995906	0.047655717	-0.059353396	0.046205316	-0.042516783	0.0540076	-0.04327241	0.04741356	-0.036691546	0.036877077	-0.036679972	0.0511217	-0.027016232	0.028421726	-0.023170028	0.023422316	-0.007746107	0.024764106	-0.018981902	0.021924859	-0.027918605	0.008242976
0.13565859	-0.15501738	0.99999964	-0.6357647	0.23041655	-0.21186975	0.26232794	-0.5522775	0.24971092	-0.19522376	0.1483472	-0.16503344	0.15485303	-0.22590907	0.17529869	-0.13474533	0.117806956	-0.1449767	0.12938468	-0.12638193	0.13474934	-0.109614626	0.102990635	-0.1393066	0.10998824	-0.111367054	0.086985946	-0.08885992	0.08872712	-0.12610506	0.06351998	-0.06706765	0.055595413	-0.056406226	0.018908648	-0.058400344	0.044759583	-0.052577645	0.06699554	-0.020119578
-0.11814198	0.10893133	-0.6357647	0.99999934	-0.3386414	0.17566143	-0.24835327	0.2699406	-0.4972266	0.23382077	-0.14560358	0.15242963	-0.15569414	0.2508245	-0.22985496	0.12878652	-0.118066825	0.13872983	-0.15337619	0.1411886	-0.14263384	0.113560356	-0.1114151	0.14956456	-0.12542467	0.11414659	-0.091916956	0.09453176	-0.09693254	0.1350603	-0.066432804	0.06954839	-0.060413778	0.06120622	-0.02041211	0.060446817	-0.046774592	0.056639966	-0.073578835	0.02164143
0.09361587	-0.09090113	0.23041655	-0.3386414	0.9999994	-0.2720641	0.22351624	-0.2506373	0.27221552	-0.4488582	0.2070052	-0.23588511	0.2054021	-0.3176974	0.2968735	-0.23017569	0.19333005	-0.25274765	0.22377717	-0.25094992	0.24007696	-0.23193881	0.2069093	-0.28219467	0.21806377	-0.25514653	0.18535148	-0.19294184	0.18706606	-0.30122817	0.14080977	-0.15357928	0.118632145	-0.12182334	0.044806477	-0.13834621	0.10232545	-0.116071895	0.13998269	-0.048347052
-0.116332024	0.104325674	-0.21186975	0.17566143	-0.2720641	0.9999993	-0.51119906	0.24275436	-0.16083348	0.14903978	-0.618096	0.22702193	-0.20531644	0.16780393	-0.16745049	0.2531744	-0.20405778	0.1946108	-0.124461815	0.12073327	-0.24398622	0.14332801	-0.12956396	0.1405603	-0.11689092	0.14263608	-0.11351022	0.10815476	-0.10798247	0.13556425	-0.0830037	0.08431814	-0.06860162	0.06842395	-0.020968692	0.071787156	-0.056403063	0.063750856	-0.08323393	0.02217766
0.13847592	-0.15697935	0.26232794	-0.24835327	0.22351624	-0.51119906	0.9999992	-0.6225948	0.18340985	-0.16342236	0.24019004	-0.24570403	0.19526541	-0.19513473	0.1618198	-0.19145864	0.15555516	-0.18400986	0.12519473	-0.123610616	0.16958779	-0.12724759	0.11458797	-0.142035	0.1121856	-0.12963681	0.09953139	-0.098797716	0.09702509	-0.13317347	0.07323179	-0.07689033	0.061341107	-0.061880093	0.020131866	-0.066550165	0.051061578	-0.05797312	0.073627695	-0.021415303
-0.12969124	0.12428887	-0.5522775	0.2699406	-0.2506373	0.24275436	-0.6225948	0.9999991	-0.23855965	0.16779202	-0.18872514	0.18843135	-0.20828995	0.19081208	-0.17319176	0.14575487	-0.13330239	0.15319158	-0.1231467	0.11712489	-0.15108642	0.11009606	-0.10415459	0.12967382	-0.1070837	0.11052838	-0.08805797	0.0881519	-0.08908201	0.12001398	-0.064053826	0.06654999	-0.05600841	0.056434732	-0.018275142	0.057490513	-0.044613097	0.052443177	-0.06801285	0.01937222
0.07672244	-0.07338398	0.24971092	-0.4972266	0.27221552	-0.16083348	0.18340985	-0.23855965	0.9999992	-0.46099907	0.13156585	-0.16362408	0.16505253	-0.55933684	0.28584665	-0.12514664	0.116529144	-0.14460322	0.19784847	-0.18112132	0.13667098	-0.11792626	0.11878832	-0.18431553	0.1431937	-0.11581771	0.09455681	-0.100119635	0.102220684	-0.14836757	0.06729453	-0.070967466	0.06281818	-0.0641133	0.021864587	-0.061487023	0.047555625	-0.058949117	0.07622629	-0.023191884
-0.06961389	0.06437197	-0.19522376	0.23382077	-0.4488582	0.14903978	-0.16342236	0.16779202	-0.46099907	0.9999994	-0.1264001	0.14407772	-0.14327505	0.28855628	-0.657869	0.124376476	-0.11433444	0.1389563	-0.190051	0.19827631	-0.14206418	0.12460149	-0.12540188	0.18045092	-0.16395064	0.12529889	-0.10161028	0.1075498	-0.112080775	0.16470559	-0.07288544	0.07705982	-0.06886112	0.07036381	-0.024447184	0.06730143	-0.051856786	0.06471113	-0.0840295	0.025924893
0.074657984	-0.07051571	0.1483472	-0.14560358	0.2070052	-0.618096	0.24019004	-0.18872514	0.13156585	-0.1264001	0.9999994	-0.34496063	0.22136894	-0.15605542	0.14034514	-0.5089774	0.2366222	-0.24728324	0.11462161	-0.112027906	0.23825364	-0.1522446	0.12600572	-0.13562906	0.10738392	-0.15254337	0.11379896	-0.107386835	0.1018284	-0.13064282	0.08378471	-0.08692231	0.06495062	-0.06491784	0.019910306	-0.07362621	0.05685216	-0.06110028	0.07730319	-0.02113702
-0.07530239	0.06889106	-0.16503344	0.15242963	-0.23588511	0.22702193	-0.24570403	0.18843135	-0.16362408	0.14407772	-0.34496063	0.99999976	-0.75134027	0.20057845	-0.1733176	0.21852626	-0.28628975	0.2717381	-0.13511477	0.1220257	-0.20049542	0.13350831	-0.124491654	0.13906652	-0.11537153	0.12822138	-0.104550995	0.10151205	-0.10111793	0.12791832	-0.07481392	0.07660145	-0.0637371	0.06372994	-0.019637594	0.06505712	-0.05116916	0.05912193	-0.07724731	0.020747742
0.0655603	-0.061573677	0.15485303	-0.15569414	0.2054021	-0.20531644	0.19526541	-0.20828995	0.16505253	-0.14327505	0.22136894	-0.75134027	0.99999976	-0.26822096	0.16458313	-0.20194337	0.24106577	-0.41398886	0.13863786	-0.12443321	0.17328943	-0.12752359	0.11911694	-0.14193611	0.11184015	-0.1220282	0.09813346	-0.09749015	0.09527008	-0.124762826	0.070096046	-0.07277023	0.059815675	-0.06011594	0.018865593	-0.061943058	0.04829213	-0.055846184	0.07196123	-0.019977393
-0.08037888	0.07331499	-0.22590907	0.2508245	-0.3176974	0.16780393	-0.19513473	0.19081208	-0.55933684	0.28855628	-0.15605542	0.20057845	-0.26822096	0.99999964	-0.42334765	0.14577007	-0.14600146	0.17533036	-0.4087748	0.2402274	-0.16983956	0.14322923	-0.15556225	0.23797442	-0.19911768	0.13640717	-0.11681719	0.12441611	-0.1310813	0.18056121	-0.08118019	0.08460173	-0.07948897	0.0808052	-0.02681945	0.07256225	-0.057020247	0.073350124	-0.09758086	0.028239803
0.06788052	-0.064098425	0.17529869	-0.22985496	0.2968735	-0.16745049	0.1618198	-0.17319176	0.28584665	-0.657869	0.14034514	-0.1733176	0.16458313	-0.42334765	0.99999976	-0.14509636	0.13238423	-0.16743048	0.23989646	-0.33878788	0.16297485	-0.15261161	0.15337507	-0.24420373	0.20948355	-0.15198441	0.12300182	-0.13371307	0.13756752	-0.22059332	0.08764485	-0.093538806	0.08355637	-0.08634444	0.031417236	-0.08157794	0.06256924	-0.07911837	0.101086654	-0.033474777
-0.06612222	0.0600028	-0.13474533	0.12878652	-0.23017569	0.2531744	-0.19145864	0.14575487	-0.12514664	0.124376476	-0.5089774	0.21852626	-0.20194337	0.14577007	-0.14509636	0.99999994	-0.49636933	0.27468812	-0.119702615	0.115502276	-0.49732518	0.19127814	-0.15401268	0.14362341	-0.11589463	0.18238643	-0.14144617	0.1252661	-0.11815997	0.13973208	-0.1022845	0.10192329	-0.07534271	0.074530564	-0.021571219	0.0841119	-0.0666023	0.06978872	-0.08965077	0.02280545
0.055581536	-0.0513194	0.117806956	-0.118066825	0.19333005	-0.20405778	0.15555516	-0.13330239	0.116529144	-0.11433444	0.2366222	-0.28628975	0.24106577	-0.14600146	0.13238423	-0.49636933	0.9999996	-0.70129025	0.117661595	-0.111195184	0.24168967	-0.18492931	0.14444116	-0.13909197	0.10788762	-0.15485951	0.12422648	-0.11598301	0.10593418	-0.1298531	0.08644444	-0.08971516	0.06736691	-0.06710534	0.019779714	-0.0744404	0.058247086	-0.06293193	0.07953593	-0.020952873
-0.067323856	0.060873084	-0.1449767	0.13872983	-0.25274765	0.1946108	-0.18400986	0.15319158	-0.14460322	0.1389563	-0.24728324	0.2717381	-0.41398886	0.17533036	-0.16743048	0.27468812	-0.70129025	0.99999964	-0.14752874	0.12995145	-0.26201314	0.1719024	-0.17154773	0.15648673	-0.12745298	0.15290384	-0.13122585	0.1260299	-0.1213963	0.14385247	-0.090656124	0.09179887	-0.07647891	0.07589466	-0.022217738	0.07663655	-0.06116527	0.07024899	-0.091915235	0.02342841
0.052046377	-0.047995906	0.12938468	-0.15337619	0.22377717	-0.124461815	0.12519473	-0.1231467	0.19784847	-0.190051	0.11462161	-0.13511477	0.13863786	-0.4087748	0.23989646	-0.119702615	0.117661595	-0.14752874	0.99999976	-0.564568	0.15298495	-0.15973033	0.19339857	-0.56352645	0.2809148	-0.1349385	0.1254663	-0.14764594	0.15123503	-0.22505553	0.08157511	-0.08593712	0.08766865	-0.09086154	0.030902741	-0.07205256	0.05738552	-0.08038967	0.106720194	-0.032462437
-0.052187234	0.047655717	-0.12638193	0.1411886	-0.25094992	0.12073327	-0.123610616	0.11712489	-0.18112132	0.19827631	-0.112027906	0.1220257	-0.12443321	0.2402274	-0.33878788	0.115502276	-0.111195184	0.12995145	-0.564568	0.9999998	-0.1549248	0.147499	-0.18014626	0.3005368	-0.58287996	0.13357599	-0.1254598	0.14282873	-0.1698484	0.25424397	-0.08243233	0.08574259	-0.09523514	0.09873383	-0.03536445	0.072447285	-0.05820151	0.08556867	-0.12052764	0.036421075
0.063812636	-0.059353396	0.13474934	-0.14263384	0.24007696	-0.24398622	0.16958779	-0.15108642	0.13667098	-0.14206418	0.23825364	-0.20049542	0.17328943	-0.16983956	0.16297485	-0.49732518	0.24168967	-0.26201314	0.15298495	-0.1549248	1.0000001	-0.43134713	0.23866479	-0.21324368	0.15869801	-0.4232858	0.25271645	-0.21297674	0.17783262	-0.21426152	0.18887183	-0.19605634	0.11532672	-0.11421842	0.0323135	-0.1572738	0.120121755	-0.10960399	0.13173512	-0.034381464
-0.05091581	0.046205316	-0.109614626	0.113560356	-0.23193881	0.14332801	-0.12724759	0.11009606	-0.11792626	0.12460149	-0.1522446	0.13350831	-0.12752359	0.14322923	-0.15261161	0.19127814	-0.18492931	0.1719024	-0.15973033	0.147499	-0.43134713	1.0000001	-0.551495	0.22430286	-0.1689123	0.27291986	-0.5030543	0.28583	-0.22468938	0.2040405	-0.18563507	0.18866853	-0.1376923	0.13250345	-0.031389363	0.1344252	-0.11908054	0.1210015	-0.15382631	0.032903716
0.046409946	-0.042516783	0.102990635	-0.1114151	0.2069093	-0.12956396	0.11458797	-0.10415459	0.11878832	-0.12540188	0.12600572	-0.124491654	0.11911694	-0.15556225	0.15337507	-0.15401268	0.14444116	-0.17154773	0.19339857	-0.18014626	0.23866479	-0.551495	1.0000001	-0.408452	0.19750935	-0.24155037	0.2823331	-0.5133756	0.24807778	-0.25824207	0.14572701	-0.1608749	0.15115671	-0.1535503	0.03664097	-0.12145638	0.09961031	-0.13940202	0.16024782	-0.038779914
-0.05955806	0.0540076	-0.1393066	0.14956456	-0.28219467	0.1405603	-0.142035	0.12967382	-0.18431553	0.18045092	-0.13562906	0.13906652	-0.14193611	0.23797442	-0.24420373	0.14362341	-0.13909197	0.15648673	-0.56352645	0.3005368	-0.21324368	0.22430286	-0.408452	1.0	-0.41723043	0.17757845	-0.18562871	0.21723938	-0.2360998	0.26400805	-0.11268608	0.1163411	-0.13141894	0.13305843	-0.038783334	0.09541216	-0.07839172	0.11512233	-0.16141963	0.040143576
0.04705274	-0.04327241	0.10998824	-0.12542467	0.21806377	-0.11689092	0.1121856	-0.1070837	0.1431937	-0.16395064	0.10738392	-0.11537153	0.11184015	-0.19911768	0.20948355	-0.11589463	0.10788762	-0.12745298	0.2809148	-0.58287996	0.15869801	-0.1689123	0.19750935	-0.41723043	0.9999998	-0.15114422	0.14189263	-0.17677258	0.20809342	-0.54294765	0.09193082	-0.0974991	0.11061339	-0.12111388	0.05385378	-0.082048774	0.06546072	-0.10179868	0.1371822	-0.05642156
-0.05253789	0.04741356	-0.111367054	0.11414659	-0.25514653	0.14263608	-0.12963681	0.11052838	-0.11581771	0.12529889	-0.15254337	0.12822138	-0.1220282	0.13640717	-0.15198441	0.18238643	-0.15485951	0.15290384	-0.1349385	0.13357599	-0.4232858	0.27291986	-0.24155037	0.17757845	-0.15114422	0.9999999	-0.47930825	0.23223847	-0.21545626	0.18951567	-0.5104692	0.28426728	-0.13846628	0.13016322	-0.030403342	0.19585326	-0.17874947	0.12206835	-0.16020133	0.031771522
0.04024847	-0.036691546	0.086985946	-0.091916956	0.18535148	-0.11351022	0.09953139	-0.08805797	0.09455681	-0.10161028	0.11379896	-0.104550995	0.09813346	-0.11681719	0.12300182	-0.14144617	0.12422648	-0.13122585	0.1254663	-0.1254598	0.25271645	-0.5030543	0.2823331	-0.18562871	0.14189263	-0.47930825	1.0000002	-0.4544536	0.22280899	-0.2004304	0.25419912	-0.36512858	0.14122681	-0.13829759	0.029843796	-0.1862176	0.16007657	-0.12923183	0.148086	-0.03144679
-0.040527135	0.036877077	-0.08885992	0.09453176	-0.19294184	0.10815476	-0.098797716	0.0881519	-0.100119635	0.1075498	-0.107386835	0.10151205	-0.09749015	0.12441611	-0.13371307	0.1252661	-0.11598301	0.1260299	-0.14764594	0.14282873	-0.21297674	0.28583	-0.5133756	0.21723938	-0.17677258	0.23223847	-0.4544536	0.99999994	-0.50663394	0.2437491	-0.15752111	0.16879486	-0.2458718	0.21332783	-0.03658722	0.12139882	-0.10700644	0.17914398	-0.22040159	0.03802522
0.040024992	-0.036679972	0.08872712	-0.09693254	0.18706606	-0.10798247	0.09702509	-0.08908201	0.102220684	-0.112080775	0.1018284	-0.10111793	0.09527008	-0.1310813	0.13756752	-0.11815997	0.10593418	-0.1213963	0.15123503	-0.1698484	0.17783262	-0.22468938	0.24807778	-0.2360998	0.20809342	-0.21545626	0.22280899	-0.50663394	1.0000001	-0.47610736	0.12928343	-0.14522828	0.23102753	-0.46298635	0.054134212	-0.11681753	0.09433413	-0.21605913	0.2688524	-0.05690395
-0.05648537	0.0511217	-0.12610506	0.1350603	-0.30122817	0.13556425	-0.13317347	0.12001398	-0.14836757	0.16470559	-0.13064282	0.12791832	-0.124762826	0.18056121	-0.22059332	0.13973208	-0.1298531	0.14385247	-0.22505553	0.25424397	-0.21426152	0.2040405	-0.25824207	0.26400805	-0.54294765	0.18951567	-0.2004304	0.2437491	-0.47610736	1.0	-0.12356543	0.12699781	-0.1899777	0.20903833	-0.10558437	0.105729	-0.0880167	0.16140486	-0.25698236	0.095125586
0.029729296	-0.027016232	0.06351998	-0.066432804	0.14080977	-0.0830037	0.07323179	-0.064053826	0.06729453	-0.07288544	0.08378471	-0.07481392	0.070096046	-0.08118019	0.08764485	-0.1022845	0.08644444	-0.090656124	0.08157511	-0.08243233	0.18887183	-0.18563507	0.14572701	-0.11268608	0.09193082	-0.5104692	0.25419912	-0.15752111	0.12928343	-0.12356543	1.0000001	-0.68139774	0.09341226	-0.0848639	0.01944702	-0.35230425	0.25475198	-0.08913179	0.101029344	-0.020449733
-0.03142169	0.028421726	-0.06706765	0.06954839	-0.15357928	0.08431814	-0.07689033	0.06654999	-0.070967466	0.07705982	-0.08692231	0.07660145	-0.07277023	0.08460173	-0.093538806	0.10192329	-0.08971516	0.09179887	-0.08593712	0.08574259	-0.19605634	0.18866853	-0.1608749	0.1163411	-0.0974991	0.28426728	-0.36512858	0.16879486	-0.14522828	0.12699781	-0.68139774	1.0000001	-0.106373705	0.092716925	-0.020318147	0.2861883	-0.43471262	0.09730101	-0.112702884	0.021260524
0.025299808	-0.023170028	0.055595413	-0.060413778	0.118632145	-0.06860162	0.061341107	-0.05600841	0.06281818	-0.06886112	0.06495062	-0.0637371	0.059815675	-0.07948897	0.08355637	-0.07534271	0.06736691	-0.07647891	0.08766865	-0.09523514	0.11532672	-0.1376923	0.15115671	-0.13141894	0.11061339	-0.13846628	0.14122681	-0.2458718	0.23102753	-0.1899777	0.09341226	-0.106373705	0.99999994	-0.4629754	0.032857172	-0.09923275	0.08644727	-0.7524075	0.31724998	-0.0346083
-0.025609681	0.023422316	-0.056406226	0.06120622	-0.12182334	0.06842395	-0.061880093	0.056434732	-0.0641133	0.07036381	-0.06491784	0.06372994	-0.06011594	0.0808052	-0.08634444	0.074530564	-0.06710534	0.07589466	-0.09086154	0.09873383	-0.11421842	0.13250345	-0.1535503	0.13305843	-0.12111388	0.13016322	-0.13829759	0.21332783	-0.46298635	0.20903833	-0.0848639	0.092716925	-0.4629754	0.99999976	-0.04026628	0.08117915	-0.06880598	0.2977097	-0.65839565	0.041409485
0.008529216	-0.007746107	0.018908648	-0.02041211	0.044806477	-0.020968692	0.020131866	-0.018275142	0.021864587	-0.024447184	0.019910306	-0.019637594	0.018865593	-0.02681945	0.031417236	-0.021571219	0.019779714	-0.022217738	0.030902741	-0.03536445	0.0323135	-0.031389363	0.03664097	-0.038783334	0.05385378	-0.030403342	0.029843796	-0.03658722	0.054134212	-0.10558437	0.01944702	-0.020318147	0.032857172	-0.04026628	0.9999996	-0.017502993	0.0143574	-0.032982726	0.051105432	-0.98839176
-0.027435169	0.024764106	-0.058400344	0.060446817	-0.13834621	0.071787156	-0.066550165	0.057490513	-0.061487023	0.06730143	-0.07362621	0.06505712	-0.061943058	0.07256225	-0.08157794	0.0841119	-0.0744404	0.07663655	-0.07205256	0.072447285	-0.1572738	0.1344252	-0.12145638	0.09541216	-0.082048774	0.19585326	-0.1862176	0.12139882	-0.11681753	0.105729	-0.35230425	0.2861883	-0.09923275	0.08117915	-0.017502993	0.99999964	-0.83398354	0.097939	-0.106313296	0.0182804
0.020939061	-0.018981902	0.044759583	-0.046774592	0.10232545	-0.056403063	0.051061578	-0.044613097	0.047555625	-0.051856786	0.05685216	-0.05116916	0.04829213	-0.057020247	0.06256924	-0.0666023	0.058247086	-0.06116527	0.05738552	-0.05820151	0.120121755	-0.11908054	0.09961031	-0.07839172	0.06546072	-0.17874947	0.16007657	-0.10700644	0.09433413	-0.0880167	0.25475198	-0.43471262	0.08644727	-0.06880598	0.0143574	-0.83398354	0.9999996	-0.096215054	0.08765694	-0.015054157
-0.02402594	0.021924859	-0.052577645	0.056639966	-0.116071895	0.063750856	-0.05797312	0.052443177	-0.058949117	0.06471113	-0.06110028	0.05912193	-0.055846184	0.073350124	-0.07911837	0.06978872	-0.06293193	0.07024899	-0.08038967	0.08556867	-0.10960399	0.1210015	-0.13940202	0.11512233	-0.10179868	0.12206835	-0.12923183	0.17914398	-0.21605913	0.16140486	-0.08913179	0.09730101	-0.7524075	0.2977097	-0.032982726	0.097939	-0.096215054	0.9999996	-0.5275645	0.03414267
0.030378226	-0.027918605	0.06699554	-0.073578835	0.13998269	-0.08323393	0.073627695	-0.06801285	0.07622629	-0.0840295	0.07730319	-0.07724731	0.07196123	-0.09758086	0.101086654	-0.08965077	0.07953593	-0.091915235	0.106720194	-0.12052764	0.13173512	-0.15382631	0.16024782	-0.16141963	0.1371822	-0.16020133	0.148086	-0.22040159	0.2688524	-0.25698236	0.101029344	-0.112702884	0.31724998	-0.65839565	0.051105432	-0.106313296	0.08765694	-0.5275645	0.9999996	-0.05545936
-0.00908867	0.008242976	-0.020119578	0.02164143	-0.048347052	0.02217766	-0.021415303	0.01937222	-0.023191884	0.025924893	-0.02113702	0.020747742	-0.019977393	0.028239803	-0.033474777	0.02280545	-0.020952873	0.02342841	-0.032462437	0.036421075	-0.034381464	0.032903716	-0.038779914	0.040143576	-0.05642156	0.031771522	-0.03144679	0.03802522	-0.05690395	0.095125586	-0.020449733	0.021260524	-0.0346083	0.041409485	-0.98839176	0.0182804	-0.015054157	0.03414267	-0.05545936	0.9999996
