1.0000001	-0.76850003	0.16200946	-0.14068148	0.15748233	-0.523362	0.24781677	-0.17083977	0.14165688	-0.068554744	0.15955985	-0.16119465	0.12346833	-0.10435562	0.07632321	-0.109421186	0.1227332	-0.08615255	0.077797055	-0.12016184	0.08174674	-0.10524745	0.08014674	-0.06561252	0.04977641	-0.08873166	0.06963663	-0.06246797	0.07404553	-0.052755065	0.062396392	-0.06208215	0.070292115	-0.07130728	0.051796068	-0.06512605	0.04809281	-0.0485493	0.09682728	-0.07850038
-0.76850003	1.0000001	-0.24335732	0.17272343	-0.21157852	0.3123326	-0.36344284	0.20766625	-0.18711473	0.08720509	-0.19201888	0.1837319	-0.15977424	0.12960069	-0.09890414	0.12541191	-0.15238807	0.104558066	-0.09588058	0.14449616	-0.09829873	0.12449578	-0.09828196	0.080034226	-0.06063946	0.10471789	-0.085111186	0.07619411	-0.09106046	0.063932866	-0.07620189	0.07542882	-0.08637487	0.08648197	-0.06305278	0.07866764	-0.05910375	0.059430286	-0.12096401	0.09493853
0.16200946	-0.24335732	1.0000002	-0.70969313	0.26853922	-0.22049813	0.21569109	-0.4747618	0.25243583	-0.1194327	0.13299392	-0.1515795	0.19329652	-0.17976217	0.122828476	-0.10627653	0.11979948	-0.12149407	0.11341925	-0.19966951	0.09450443	-0.13135207	0.10633108	-0.09674797	0.07555233	-0.112645775	0.09100339	-0.084842004	0.10451134	-0.08127055	0.08171234	-0.08346446	0.09429402	-0.10597322	0.0769114	-0.08963254	0.06432496	-0.065968305	0.12809111	-0.11982773
-0.14068148	0.17272343	-0.70969313	1.0000002	-0.47508365	0.18106723	-0.1871297	0.2740413	-0.32228103	0.13443846	-0.12437308	0.13209507	-0.20699382	0.17989641	-0.14565946	0.099747404	-0.11437234	0.12176023	-0.11700618	0.20334405	-0.09325493	0.12875706	-0.10818048	0.09861645	-0.07755595	0.111287475	-0.092498876	0.08628302	-0.10768499	0.082974836	-0.08316724	0.08471302	-0.09664113	0.10813691	-0.07882288	0.09087444	-0.06601498	0.0675592	-0.13359076	0.12236978
0.15748233	-0.21157852	0.26853922	-0.47508365	0.99999994	-0.26081893	0.20479988	-0.26790315	0.2606608	-0.19489793	0.16938296	-0.18125552	0.22777659	-0.22413194	0.18608887	-0.15657732	0.16917762	-0.21430023	0.20801589	-0.47076958	0.16356052	-0.23899361	0.18823998	-0.18771952	0.16093318	-0.21402808	0.17107831	-0.16122726	0.2032252	-0.17808448	0.15789565	-0.16256486	0.1796016	-0.22778872	0.16567287	-0.1836093	0.12563755	-0.1311651	0.24641636	-0.2716867
-0.523362	0.3123326	-0.22049813	0.18106723	-0.26081893	1.0	-0.510954	0.24724156	-0.23609397	0.10914182	-0.3428337	0.26273057	-0.20594674	0.16302074	-0.12557164	0.1885341	-0.2242229	0.1370657	-0.12458743	0.18037285	-0.1381452	0.16819382	-0.13108192	0.103472166	-0.077668205	0.14104395	-0.11370114	0.10064437	-0.11903061	0.08151061	-0.10159097	0.099725716	-0.11442016	0.11124876	-0.0811439	0.10318171	-0.07815665	0.078213766	-0.16006109	0.12114714
0.24781677	-0.36344284	0.21569109	-0.1871297	0.20479988	-0.510954	1.0000002	-0.4583608	0.22203374	-0.102699876	0.25551423	-0.47048828	0.19310318	-0.16573401	0.11020256	-0.18082707	0.20807697	-0.12913716	0.112675846	-0.16858473	0.12284171	-0.16168857	0.117894724	-0.09451145	0.07020708	-0.13110113	0.0999963	-0.08994221	0.10515748	-0.0743156	0.0885121	-0.08865497	0.09995462	-0.100406386	0.07261334	-0.092157744	0.067508966	-0.068190195	0.13318804	-0.10946174
-0.17083977	0.20766625	-0.4747618	0.2740413	-0.26790315	0.24724156	-0.4583608	0.99999946	-0.48355395	0.15596503	-0.1780871	0.20294718	-0.34779233	0.24881013	-0.16839367	0.13053644	-0.15617464	0.1442749	-0.13355993	0.20020205	-0.110008016	0.14811626	-0.12619968	0.108847715	-0.08085184	0.12413287	-0.102837175	0.09576695	-0.117604055	0.08525465	-0.09065672	0.09234828	-0.10642197	0.11215751	-0.08148099	0.0962927	-0.07119855	0.07231202	-0.1432207	0.12299359
0.14165688	-0.18711473	0.25243583	-0.32228103	0.2606608	-0.23609397	0.22203374	-0.48355395	0.99999934	-0.35017705	0.14929354	-0.17279	0.29618332	-0.48151368	0.24509825	-0.12582363	0.14051141	-0.16982885	0.16838145	-0.27649087	0.117525846	-0.16707021	0.14261293	-0.13898703	0.10310803	-0.14210027	0.11791102	-0.11242032	0.14188646	-0.10956891	0.104214504	-0.10804259	0.12352074	-0.13926595	0.100929976	-0.11408834	0.08277595	-0.08491839	0.16519704	-0.15380733
-0.068554744	0.08720509	-0.1194327	0.13443846	-0.19489793	0.10914182	-0.102699876	0.15596503	-0.35017705	0.9999997	-0.07558852	0.081676	-0.14592545	0.16601302	-0.87089765	0.064792976	-0.07308754	0.09144238	-0.097078264	0.1881249	-0.0645272	0.090779364	-0.080346785	0.07887625	-0.065367945	0.07858755	-0.068339095	0.06474858	-0.084782936	0.06655873	-0.06069713	0.06249925	-0.07270314	0.08133161	-0.06039169	0.06596494	-0.0493975	0.05041755	-0.10376146	0.09009136
0.15955985	-0.19201888	0.13299392	-0.12437308	0.16938296	-0.3428337	0.25551423	-0.1780871	0.14929354	-0.07558852	0.9999998	-0.5971023	0.14803532	-0.12581743	0.084423296	-0.5537003	0.31465733	-0.13698134	0.11040026	-0.15245022	0.18737642	-0.2153627	0.13185625	-0.093662366	0.06775823	-0.18388492	0.11505312	-0.09891454	0.10726646	-0.07156	0.101542905	-0.09965917	0.10851163	-0.10028078	0.07185806	-0.10255303	0.07302511	-0.073221564	0.13652767	-0.1069844
-0.16119465	0.1837319	-0.1515795	0.13209507	-0.18125552	0.26273057	-0.47048828	0.20294718	-0.17279	0.081676	-0.5971023	0.9999999	-0.17652477	0.13689105	-0.09214605	0.28879505	-0.4648548	0.13694334	-0.11322833	0.15073882	-0.16428296	0.19626902	-0.1337176	0.093567595	-0.06756548	0.15151016	-0.11165857	0.09664742	-0.10780671	0.07079926	-0.09699563	0.09515718	-0.10752453	0.098446965	-0.071050234	0.09614699	-0.07137979	0.07111668	-0.1378381	0.10477352
0.12346833	-0.15977424	0.19329652	-0.20699382	0.22777659	-0.20594674	0.19310318	-0.34779233	0.29618332	-0.14592545	0.14803532	-0.17652477	0.99999976	-0.7221929	0.15183762	-0.13029031	0.14734659	-0.27369207	0.20708442	-0.25665236	0.12677222	-0.18686783	0.18239617	-0.1647192	0.10814976	-0.152294	0.13056855	-0.1301963	0.15947074	-0.11421182	0.11116884	-0.11835127	0.13772163	-0.14904018	0.10628827	-0.120281994	0.08820436	-0.090414576	0.17172168	-0.15843141
-0.10435562	0.12960069	-0.17976217	0.17989641	-0.22413194	0.16302074	-0.16573401	0.24881013	-0.48151368	0.16601302	-0.12581743	0.13689105	-0.7221929	0.9999998	-0.19080079	0.107160725	-0.12467696	0.1951718	-0.24072309	0.21889074	-0.10745497	0.15185831	-0.15961781	0.15432844	-0.09878525	0.12615132	-0.11529585	0.113891885	-0.15184957	0.10068285	-0.0971023	0.1027198	-0.1237347	0.12991424	-0.094067395	0.102749206	-0.078088656	0.07932168	-0.15688714	0.13551936
0.07632321	-0.09890414	0.122828476	-0.14565946	0.18608887	-0.12557164	0.11020256	-0.16839367	0.24509825	-0.87089765	0.084423296	-0.09214605	0.15183762	-0.19080079	0.9999997	-0.07413849	0.082522005	-0.106478184	0.11261476	-0.26314637	0.074570976	-0.10626686	0.092364475	-0.09347482	0.079051495	-0.0921765	0.079128444	-0.07531822	0.0985229	-0.08146332	0.07042376	-0.07283424	0.08408939	-0.09655551	0.071619384	-0.07732165	0.05716765	-0.058579348	0.11875886	-0.107509
-0.109421186	0.12541191	-0.10627653	0.099747404	-0.15657732	0.1885341	-0.18082707	0.13053644	-0.12582363	0.064792976	-0.5537003	0.28879505	-0.13029031	0.107160725	-0.07413849	0.9999997	-0.6469404	0.14294896	-0.112322986	0.13862379	-0.32322478	0.24537478	-0.14872247	0.09328205	-0.06592295	0.20484513	-0.128818	0.10563088	-0.11078513	0.06879384	-0.11195943	0.10585922	-0.11686829	0.098584756	-0.07073982	0.105360694	-0.077159	0.07595264	-0.142529	0.10281208
0.1227332	-0.15238807	0.11979948	-0.11437234	0.16917762	-0.2242229	0.20807697	-0.15617464	0.14051141	-0.07308754	0.31465733	-0.4648548	0.14734659	-0.12467696	0.082522005	-0.6469404	0.99999976	-0.1912715	0.12944248	-0.16002122	0.23444875	-0.37114987	0.17584848	-0.10822926	0.07487799	-0.21348035	0.13948844	-0.120146625	0.12380264	-0.07856813	0.117248975	-0.11716692	0.12839274	-0.11189044	0.07961842	-0.11544779	0.083466455	-0.08320285	0.15229304	-0.116459936
-0.08615255	0.104558066	-0.12149407	0.12176023	-0.21430023	0.1370657	-0.12913716	0.1442749	-0.16982885	0.09144238	-0.13698134	0.13694334	-0.27369207	0.1951718	-0.106478184	0.14294896	-0.1912715	0.9999998	-0.4378418	0.23595582	-0.17265575	0.2553315	-0.66159517	0.23628953	-0.13275369	0.1823671	-0.20434745	0.22751664	-0.24936011	0.13122474	-0.14590748	0.16666117	-0.22794808	0.1810133	-0.1282142	0.14452621	-0.11701483	0.11703956	-0.2168734	0.17175758
0.077797055	-0.09588058	0.11341925	-0.11700618	0.20801589	-0.12458743	0.112675846	-0.13355993	0.16838145	-0.097078264	0.11040026	-0.11322833	0.20708442	-0.24072309	0.11261476	-0.112322986	0.12944248	-0.4378418	0.99999976	-0.36457372	0.13201109	-0.20165922	0.24354188	-0.6332431	0.18608958	-0.16157237	0.16271167	-0.18630296	0.28443936	-0.18675223	0.12747456	-0.14627755	0.18073612	-0.22182778	0.15023428	-0.1350713	0.105426475	-0.10819097	0.2070183	-0.20181412
-0.12016184	0.14449616	-0.19966951	0.20334405	-0.47076958	0.18037285	-0.16858473	0.20020205	-0.27649087	0.1881249	-0.15245022	0.15073882	-0.25665236	0.21889074	-0.26314637	0.13862379	-0.16002122	0.23595582	-0.36457372	0.9999998	-0.16054228	0.21796623	-0.22779943	0.24641742	-0.29578954	0.1932663	-0.20098585	0.19014296	-0.28569946	0.22457166	-0.1756127	0.17925175	-0.22428846	0.23196268	-0.18951982	0.18065614	-0.15444699	0.15420693	-0.3758246	0.24383886
0.08174674	-0.09829873	0.09450443	-0.09325493	0.16356052	-0.1381452	0.12284171	-0.110008016	0.117525846	-0.0645272	0.18737642	-0.16428296	0.12677222	-0.10745497	0.074570976	-0.32322478	0.23444875	-0.17265575	0.13201109	-0.16054228	0.99999964	-0.51113105	0.19519626	-0.11551814	0.07998489	-0.67957467	0.20086625	-0.15227951	0.13986725	-0.08406079	0.17960261	-0.1645256	0.16066581	-0.12592478	0.088645756	-0.16737828	0.10911966	-0.10743109	0.17967863	-0.12876624
-0.10524745	0.12449578	-0.13135207	0.12875706	-0.23899361	0.16819382	-0.16168857	0.14811626	-0.16707021	0.090779364	-0.2153627	0.19626902	-0.18686783	0.15185831	-0.10626686	0.24537478	-0.37114987	0.2553315	-0.20165922	0.21796623	-0.51113105	0.99999964	-0.4236953	0.16606182	-0.1134634	0.29898462	-0.2862757	0.21811566	-0.20816448	0.116744906	-0.20376053	0.20296624	-0.23641397	0.17255943	-0.1236065	0.1809758	-0.14350109	0.13842963	-0.2596286	0.17331932
0.08014674	-0.09828196	0.10633108	-0.10818048	0.18823998	-0.13108192	0.117894724	-0.12619968	0.14261293	-0.080346785	0.13185625	-0.1337176	0.18239617	-0.15961781	0.092364475	-0.14872247	0.17584848	-0.66159517	0.24354188	-0.22779943	0.19519626	-0.4236953	0.9999997	-0.21684608	0.120419964	-0.21914943	0.22430526	-0.36420083	0.21988411	-0.12631194	0.1528247	-0.19141613	0.23770733	-0.18646532	0.125116	-0.1572156	0.120686434	-0.12403788	0.20324501	-0.17573515
-0.06561252	0.080034226	-0.09674797	0.09861645	-0.18771952	0.103472166	-0.09451145	0.108847715	-0.13898703	0.07887625	-0.093662366	0.093567595	-0.1647192	0.15432844	-0.09347482	0.09328205	-0.10822926	0.23628953	-0.6332431	0.24641742	-0.11551814	0.16606182	-0.21684608	0.9999995	-0.26842982	0.13943285	-0.16325612	0.19033417	-0.55310327	0.20405486	-0.1189899	0.13945352	-0.18943119	0.22322108	-0.16142708	0.12246603	-0.10079345	0.102113	-0.20127621	0.18511008
0.04977641	-0.06063946	0.07555233	-0.07755595	0.16093318	-0.077668205	0.07020708	-0.08085184	0.10310803	-0.065367945	0.06775823	-0.06756548	0.10814976	-0.09878525	0.079051495	-0.06592295	0.07487799	-0.13275369	0.18608958	-0.29578954	0.07998489	-0.1134634	0.120419964	-0.26842982	0.9999994	-0.099386655	0.10663788	-0.11261764	0.20135476	-0.8472443	0.0873321	-0.09670744	0.123887524	-0.2001721	0.19692197	-0.09183324	0.07605402	-0.07747867	0.16956034	-0.20742282
-0.08873166	0.10471789	-0.112645775	0.111287475	-0.21402808	0.14104395	-0.13110113	0.12413287	-0.14210027	0.07858755	-0.18388492	0.15151016	-0.152294	0.12615132	-0.0921765	0.20484513	-0.21348035	0.1823671	-0.16157237	0.1932663	-0.67957467	0.29898462	-0.21914943	0.13943285	-0.099386655	0.99999946	-0.32675868	0.19348435	-0.18185242	0.103299916	-0.31422502	0.22160855	-0.22097278	0.15679833	-0.11218385	0.21864466	-0.1528265	0.14350401	-0.25458416	0.15986288
0.06963663	-0.085111186	0.09100339	-0.092498876	0.17107831	-0.11370114	0.0999963	-0.102837175	0.11791102	-0.068339095	0.11505312	-0.11165857	0.13056855	-0.11529585	0.079128444	-0.128818	0.13948844	-0.20434745	0.16271167	-0.20098585	0.20086625	-0.2862757	0.22430526	-0.16325612	0.10663788	-0.32675868	0.99999934	-0.48564357	0.21214521	-0.11501692	0.23606826	-0.6074709	0.31696948	-0.19396476	0.12599605	-0.23701137	0.18982162	-0.19281733	0.22292805	-0.1805041
-0.06246797	0.07619411	-0.084842004	0.08628302	-0.16122726	0.10064437	-0.08994221	0.09576695	-0.11242032	0.06474858	-0.09891454	0.09664742	-0.1301963	0.113891885	-0.07531822	0.10563088	-0.120146625	0.22751664	-0.18630296	0.19014296	-0.15227951	0.21811566	-0.36420083	0.19033417	-0.11261764	0.19348435	-0.48564357	0.9999993	-0.3512592	0.1186014	-0.17266616	0.2818787	-0.6144972	0.20816314	-0.1325673	0.16898623	-0.1489398	0.15068546	-0.20292372	0.17165814
0.07404553	-0.09106046	0.10451134	-0.10768499	0.2032252	-0.11903061	0.10515748	-0.117604055	0.14188646	-0.084782936	0.10726646	-0.10780671	0.15947074	-0.15184957	0.0985229	-0.11078513	0.12380264	-0.24936011	0.28443936	-0.28569946	0.13986725	-0.20816448	0.21988411	-0.55310327	0.20135476	-0.18185242	0.21214521	-0.3512592	0.9999992	-0.22737719	0.15011647	-0.1934283	0.24918672	-0.45617083	0.22490971	-0.16101839	0.12776557	-0.13331689	0.23751207	-0.27371368
-0.052755065	0.063932866	-0.08127055	0.082974836	-0.17808448	0.08151061	-0.0743156	0.08525465	-0.10956891	0.06655873	-0.07156	0.07079926	-0.11421182	0.10068285	-0.08146332	0.06879384	-0.07856813	0.13122474	-0.18675223	0.22457166	-0.08406079	0.116744906	-0.12631194	0.20405486	-0.8472443	0.103299916	-0.11501692	0.1186014	-0.22737719	0.9999992	-0.09388679	0.10258238	-0.1352592	0.20204267	-0.2776646	0.09707948	-0.08281872	0.08357631	-0.19099982	0.20490535
0.062396392	-0.07620189	0.08171234	-0.08316724	0.15789565	-0.10159097	0.0885121	-0.09065672	0.104214504	-0.06069713	0.101542905	-0.09699563	0.11116884	-0.0971023	0.07042376	-0.11195943	0.117248975	-0.14590748	0.12747456	-0.1756127	0.17960261	-0.20376053	0.1528247	-0.1189899	0.0873321	-0.31422502	0.23606826	-0.17266616	0.15011647	-0.09388679	0.99999917	-0.3841457	0.21360223	-0.15215178	0.10488523	-0.7513088	0.2191863	-0.20853035	0.23311777	-0.15976767
-0.06208215	0.07542882	-0.08346446	0.08471302	-0.16256486	0.099725716	-0.08865497	0.09234828	-0.10804259	0.06249925	-0.09965917	0.09515718	-0.11835127	0.1027198	-0.07283424	0.10585922	-0.11716692	0.16666117	-0.14627755	0.17925175	-0.1645256	0.20296624	-0.19141613	0.13945352	-0.09670744	0.22160855	-0.6074709	0.2818787	-0.1934283	0.10258238	-0.3841457	0.9999992	-0.46860075	0.1752075	-0.11838788	0.26090482	-0.30641702	0.22268349	-0.24658251	0.16513176
0.070292115	-0.08637487	0.09429402	-0.09664113	0.1796016	-0.11442016	0.09995462	-0.10642197	0.12352074	-0.07270314	0.10851163	-0.10752453	0.13772163	-0.1237347	0.08408939	-0.11686829	0.12839274	-0.22794808	0.18073612	-0.22428846	0.16066581	-0.23641397	0.23770733	-0.18943119	0.123887524	-0.22097278	0.31696948	-0.6144972	0.24918672	-0.1352592	0.21360223	-0.46860075	0.99999934	-0.2815516	0.1604886	-0.23071286	0.19948946	-0.23454034	0.23957825	-0.21978371
-0.07130728	0.08648197	-0.10597322	0.10813691	-0.22778872	0.11124876	-0.100406386	0.11215751	-0.13926595	0.08133161	-0.10028078	0.098446965	-0.14904018	0.12991424	-0.09655551	0.098584756	-0.11189044	0.1810133	-0.22182778	0.23196268	-0.12592478	0.17255943	-0.18646532	0.22322108	-0.2001721	0.15679833	-0.19396476	0.20816314	-0.45617083	0.20204267	-0.15215178	0.1752075	-0.2815516	0.9999989	-0.6046042	0.15407658	-0.13854066	0.13936962	-0.3212375	0.31440395
0.051796068	-0.06305278	0.0769114	-0.07882288	0.16567287	-0.0811439	0.07261334	-0.08148099	0.100929976	-0.06039169	0.07185806	-0.071050234	0.10628827	-0.094067395	0.071619384	-0.07073982	0.07961842	-0.1282142	0.15023428	-0.18951982	0.088645756	-0.1236065	0.125116	-0.16142708	0.19692197	-0.11218385	0.12599605	-0.1325673	0.22490971	-0.2776646	0.10488523	-0.11838788	0.1604886	-0.6046042	0.9999992	-0.110409774	0.095580526	-0.0982963	0.22926322	-0.64171684
-0.06512605	0.07866764	-0.08963254	0.09087444	-0.1836093	0.10318171	-0.092157744	0.0962927	-0.11408834	0.06596494	-0.10255303	0.09614699	-0.120281994	0.102749206	-0.07732165	0.105360694	-0.11544779	0.14452621	-0.1350713	0.18065614	-0.16737828	0.1809758	-0.1572156	0.12246603	-0.09183324	0.21864466	-0.23701137	0.16898623	-0.16101839	0.09707948	-0.7513088	0.26090482	-0.23071286	0.15407658	-0.110409774	0.999999	-0.33506048	0.2293063	-0.32371894	0.16409816
0.04809281	-0.05910375	0.06432496	-0.06601498	0.12563755	-0.07815665	0.067508966	-0.07119855	0.08277595	-0.0493975	0.07302511	-0.07137979	0.08820436	-0.078088656	0.05716765	-0.077159	0.083466455	-0.11701483	0.105426475	-0.15444699	0.10911966	-0.14350109	0.120686434	-0.10079345	0.07605402	-0.1528265	0.18982162	-0.1489398	0.12776557	-0.08281872	0.2191863	-0.30641702	0.19948946	-0.13854066	0.095580526	-0.33506048	0.9999987	-0.80475074	0.255276	-0.15299922
-0.0485493	0.059430286	-0.065968305	0.0675592	-0.1311651	0.078213766	-0.068190195	0.07231202	-0.08491839	0.05041755	-0.073221564	0.07111668	-0.090414576	0.07932168	-0.058579348	0.07595264	-0.08320285	0.11703956	-0.10819097	0.15420693	-0.10743109	0.13842963	-0.12403788	0.102113	-0.07747867	0.14350401	-0.19281733	0.15068546	-0.13331689	0.08357631	-0.20853035	0.22268349	-0.23454034	0.13936962	-0.0982963	0.2293063	-0.80475074	0.9999986	-0.39574713	0.15411067
0.09682728	-0.12096401	0.12809111	-0.13359076	0.24641636	-0.16006109	0.13318804	-0.1432207	0.16519704	-0.10376146	0.13652767	-0.1378381	0.17172168	-0.15688714	0.11875886	-0.142529	0.15229304	-0.2168734	0.2070183	-0.3758246	0.17967863	-0.2596286	0.20324501	-0.20127621	0.16956034	-0.25458416	0.22292805	-0.20292372	0.23751207	-0.19099982	0.23311777	-0.24658251	0.23957825	-0.3212375	0.22926322	-0.32371894	0.255276	-0.39574713	0.99999857	-0.4379482
-0.07850038	0.09493853	-0.11982773	0.12236978	-0.2716867	0.12114714	-0.10946174	0.12299359	-0.15380733	0.09009136	-0.1069844	0.10477352	-0.15843141	0.13551936	-0.107509	0.10281208	-0.116459936	0.17175758	-0.20181412	0.24383886	-0.12876624	0.17331932	-0.17573515	0.18511008	-0.20742282	0.15986288	-0.1805041	0.17165814	-0.27371368	0.20490535	-0.15976767	0.16513176	-0.21978371	0.31440395	-0.64171684	0.16409816	-0.15299922	0.15411067	-0.4379482	0.99999857
