1.0	-0.56491536	0.1763413	-0.10534541	0.10074209	-0.649152	0.3124328	-0.21935451	0.104449235	-0.0730037	0.22611639	-0.15206689	0.12386762	-0.07250516	0.069887206	-0.17934142	0.121036306	-0.10947977	0.09073643	-0.124524035	0.15709479	-0.10144593	0.10640217	-0.083343476	0.081120476	-0.100930065	0.086596936	-0.067596	0.07842003	-0.082943864	0.081582665	-0.08597777	0.08523384	-0.09058642	0.06134734	-0.18403463	0.06682586	-0.07941667	0.043857623	-0.04812764
-0.56491536	0.9999999	-0.2729494	0.12693326	-0.11212041	0.28372654	-0.67952174	0.22703911	-0.12035111	0.07945963	-0.16497493	0.14374316	-0.12236871	0.07405133	-0.072221674	0.12269103	-0.101408735	0.0929457	-0.077716194	0.09994057	-0.123382755	0.08188221	-0.0904838	0.06923465	-0.06623233	0.07596955	-0.06724976	0.05289413	-0.06247371	0.064789906	-0.061504647	0.06458895	-0.06662677	0.069398835	-0.04782553	0.13299112	-0.049561564	0.058513008	-0.0333902	0.036487285
0.1763413	-0.2729494	0.9999997	-0.5633688	0.23998258	-0.17290741	0.22243868	-0.59803075	0.27697527	-0.19585775	0.14214686	-0.16183472	0.14964288	-0.1655396	0.1484058	-0.12022218	0.1175821	-0.11914932	0.11477894	-0.14803879	0.13862437	-0.09868615	0.11174366	-0.10236706	0.09585827	-0.09176375	0.08232415	-0.071723655	0.08662456	-0.09085447	0.07692025	-0.08091475	0.08999136	-0.09591601	0.06653978	-0.17079937	0.06479258	-0.07653829	0.045440212	-0.049690686
-0.10534541	0.12693326	-0.5633688	0.99999946	-0.41392136	0.09811191	-0.13152291	0.28001732	-0.6013474	0.25684193	-0.08845456	0.0969992	-0.09217471	0.19145	-0.18596947	0.074343845	-0.07622625	0.07882136	-0.09006337	0.10451024	-0.08840404	0.06354255	-0.07370966	0.076593466	-0.068798676	0.057720907	-0.052416105	0.047802165	-0.05920174	0.061261363	-0.04840027	0.05088787	-0.05958557	0.062850066	-0.044528715	0.10492572	-0.040820193	0.047994234	-0.029539479	0.032192003
0.10074209	-0.11212041	0.23998258	-0.41392136	0.9999994	-0.10519485	0.12491933	-0.3242565	0.3114987	-0.6983251	0.102159776	-0.1169646	0.10930597	-0.27779534	0.24571122	-0.08884987	0.093436904	-0.0991965	0.11841637	-0.14401917	0.107248835	-0.07897677	0.09134403	-0.104261935	0.09157168	-0.07250678	0.06566234	-0.062442042	0.07748408	-0.08145563	0.061438594	-0.064757116	0.07725144	-0.08322639	0.058786105	-0.13567619	0.052844804	-0.06227813	0.03877487	-0.0423544
-0.649152	0.28372654	-0.17290741	0.09811191	-0.10519485	0.9999993	-0.4193061	0.1962353	-0.10751399	0.073169924	-0.45070526	0.16120876	-0.13830256	0.07307231	-0.0721867	0.2136697	-0.14119469	0.118201114	-0.09472435	0.12224701	-0.20071529	0.11227791	-0.11903311	0.084779	-0.08184049	0.106887676	-0.09408244	0.06762789	-0.07902389	0.08125139	-0.083911076	0.087295294	-0.08554569	0.087506115	-0.060211975	0.17306508	-0.064266905	0.07561769	-0.042437255	0.046306446
0.3124328	-0.67952174	0.22243868	-0.13152291	0.12491933	-0.4193061	0.999999	-0.33508843	0.13082619	-0.09024937	0.2066703	-0.23904315	0.17104748	-0.08841941	0.08536926	-0.170892	0.13947174	-0.13060303	0.10500365	-0.13884875	0.16324283	-0.11415592	0.12378383	-0.09491571	0.091020346	-0.10639154	0.09305441	-0.0738867	0.08651877	-0.09068938	0.08637262	-0.091185145	0.09283807	-0.09788679	0.0669123	-0.19175197	0.0706228	-0.08369243	0.047146328	-0.051640306
-0.21935451	0.22703911	-0.59803075	0.28001732	-0.3242565	0.1962353	-0.33508843	0.99999887	-0.3519953	0.20607772	-0.19767201	0.21317919	-0.26208973	0.17854512	-0.1892659	0.15473425	-0.16410628	0.16093734	-0.14605841	0.16696826	-0.193728	0.13110283	-0.1575018	0.12276578	-0.11647539	0.11288674	-0.10524996	0.08591254	-0.10588831	0.104934976	-0.09233892	0.095998645	-0.109285645	0.108422905	-0.07766077	0.18424113	-0.07293716	0.084785	-0.051850602	0.056051545
0.104449235	-0.12035111	0.27697527	-0.6013474	0.3114987	-0.10751399	0.13082619	-0.3519953	0.9999989	-0.45117664	0.102276266	-0.118207365	0.111871585	-0.3696026	0.2546651	-0.08841226	0.09336318	-0.10012403	0.121965416	-0.13849927	0.10583412	-0.07839346	0.09105951	-0.10437919	0.08955007	-0.07074831	0.06424593	-0.060592942	0.07538138	-0.07860353	0.059600778	-0.06283085	0.07483451	-0.07980078	0.05666889	-0.13010839	0.05082735	-0.059818525	0.037247833	-0.040634513
-0.0730037	0.07945963	-0.19585775	0.25684193	-0.6983251	0.073169924	-0.09024937	0.20607772	-0.45117664	0.9999991	-0.0731248	0.08230042	-0.079271816	0.27002463	-0.42125186	0.06300288	-0.06869897	0.07402685	-0.09871847	0.10639004	-0.076777875	0.05728308	-0.06778966	0.08161876	-0.07012565	0.050767764	-0.046538714	0.045231402	-0.057330728	0.059005946	-0.042753447	0.045051638	-0.055774644	0.058816098	-0.042447314	0.09147894	-0.036476232	0.042753004	-0.027343186	0.029736377
0.22611639	-0.16497493	0.14214686	-0.08845456	0.102159776	-0.45070526	0.2066703	-0.19767201	0.102276266	-0.0731248	0.9999991	-0.23655576	0.17586279	-0.081183255	0.07831242	-0.62962604	0.22004645	-0.18049468	0.13264759	-0.18132249	0.2858172	-0.18096988	0.17050098	-0.12309837	0.11799534	-0.17361799	0.14308842	-0.10182035	0.11583616	-0.12231977	0.13092922	-0.13918373	0.12748757	-0.13385148	0.0903386	-0.28384572	0.10187598	-0.12093632	0.06520579	-0.071556084
-0.15206689	0.14374316	-0.16183472	0.0969992	-0.1169646	0.16120876	-0.23904315	0.21317919	-0.118207365	0.08230042	-0.23655576	0.99999917	-0.7676306	0.09648349	-0.09391606	0.18698296	-0.32826874	0.27011526	-0.16206011	0.1616331	-0.19748573	0.19730352	-0.24935603	0.1294485	-0.11426593	0.12164105	-0.11823903	0.086318105	-0.10310578	0.09977666	-0.09316272	0.09980239	-0.105267145	0.10053367	-0.07283117	0.16844992	-0.067592226	0.07814439	-0.047740582	0.051531695
0.12386762	-0.12236871	0.14964288	-0.09217471	0.10930597	-0.13830256	0.17104748	-0.26208973	0.111871585	-0.079271816	0.17586279	-0.7676306	0.99999905	-0.10053693	0.091911465	-0.16547757	0.24582687	-0.41124272	0.16832621	-0.1733113	0.16864753	-0.19180249	0.22091335	-0.14234628	0.11586198	-0.11499457	0.10860802	-0.08485855	0.10099081	-0.10095357	0.08797627	-0.095836684	0.101343304	-0.10072591	0.07247078	-0.16574124	0.065932214	-0.07673907	0.047218993	-0.051220324
-0.07250516	0.07405133	-0.1655396	0.19145	-0.27779534	0.07307231	-0.08841941	0.17854512	-0.3696026	0.27002463	-0.081183255	0.09648349	-0.10053693	0.9999994	-0.7991655	0.07150859	-0.08810687	0.1044434	-0.20819053	0.14692378	-0.087930985	0.071647495	-0.08918339	0.13284631	-0.10243238	0.057928797	-0.054352913	0.057577115	-0.07633779	0.076257385	-0.04835903	0.051241957	-0.06927078	0.07134176	-0.05377343	0.09802026	-0.041190464	0.047868606	-0.032697715	0.035342336
0.069887206	-0.072221674	0.1484058	-0.18596947	0.24571122	-0.0721867	0.08536926	-0.1892659	0.2546651	-0.42125186	0.07831242	-0.09391606	0.091911465	-0.7991655	0.9999993	-0.069512606	0.08189885	-0.09680297	0.1526769	-0.14996752	0.08490975	-0.06821409	0.08220817	-0.12660138	0.09545949	-0.057055414	0.052910123	-0.05600385	0.072610125	-0.07491445	0.04789924	-0.05078838	0.06707458	-0.07113889	0.052560862	-0.09978074	0.041202366	-0.048122853	0.032446526	-0.035238467
-0.17934142	0.12269103	-0.12022218	0.074343845	-0.08884987	0.2136697	-0.170892	0.15473425	-0.08841226	0.06300288	-0.62962604	0.18698296	-0.16547757	0.07150859	-0.069512606	0.9999993	-0.3435388	0.18533856	-0.1269261	0.15355775	-0.5397268	0.2037136	-0.19015963	0.111511774	-0.104348615	0.17783988	-0.15510483	0.089146994	-0.10209417	0.10251759	-0.12521388	0.12858331	-0.111745484	0.10928002	-0.07579178	0.2204816	-0.08260914	0.09607285	-0.05326458	0.0578815
0.121036306	-0.101408735	0.1175821	-0.07622625	0.093436904	-0.14119469	0.13947174	-0.16410628	0.09336318	-0.06869897	0.22004645	-0.32826874	0.24582687	-0.08810687	0.08189885	-0.3435388	0.99999934	-0.4892494	0.19194892	-0.20549485	0.24427159	-0.56736696	0.31987914	-0.16907062	0.1350551	-0.18124835	0.17725217	-0.1061666	0.12138697	-0.1204586	0.12449966	-0.14303985	0.1249428	-0.12069966	0.08632227	-0.20637174	0.08183206	-0.09458521	0.05674985	-0.061501082
-0.10947977	0.0929457	-0.11914932	0.07882136	-0.0991965	0.118201114	-0.13060303	0.16093734	-0.10012403	0.07402685	-0.18049468	0.27011526	-0.41124272	0.1044434	-0.09680297	0.18533856	-0.4892494	0.9999994	-0.36167443	0.21303366	-0.1999989	0.28724632	-0.5307962	0.20327203	-0.15632105	0.13512775	-0.13745904	0.107414074	-0.12949783	0.12114093	-0.100710236	0.11105435	-0.123357534	0.11460981	-0.08606498	0.16981585	-0.071574144	0.082228564	-0.05322944	0.057254057
0.09073643	-0.077716194	0.11477894	-0.09006337	0.11841637	-0.09472435	0.10500365	-0.14605841	0.121965416	-0.09871847	0.13264759	-0.16206011	0.16832621	-0.20819053	0.1526769	-0.1269261	0.19194892	-0.36167443	0.99999917	-0.45359108	0.15426001	-0.1555773	0.2021169	-0.6590307	0.28504968	-0.104732014	0.10162926	-0.13408591	0.18526217	-0.18558335	0.08596477	-0.09283509	0.14628063	-0.15165257	0.12092816	-0.15841044	0.07419474	-0.085378036	0.06645347	-0.071630605
-0.124524035	0.09994057	-0.14803879	0.10451024	-0.14401917	0.12224701	-0.13884875	0.16696826	-0.13849927	0.10639004	-0.18132249	0.1616331	-0.1733113	0.14692378	-0.14996752	0.15355775	-0.20549485	0.21303366	-0.45359108	0.999999	-0.21828042	0.16090456	-0.21858926	0.31418243	-0.6113732	0.12971672	-0.12975445	0.16767357	-0.2560685	0.24690977	-0.111501746	0.1163989	-0.223476	0.19355701	-0.18393129	0.19240701	-0.10081165	0.11159584	-0.09376019	0.09661496
0.15709479	-0.123382755	0.13862437	-0.08840404	0.107248835	-0.20071529	0.16324283	-0.193728	0.10583412	-0.076777875	0.2858172	-0.19748573	0.16864753	-0.087930985	0.08490975	-0.5397268	0.24427159	-0.1999989	0.15426001	-0.21828042	0.99999887	-0.26089424	0.21143302	-0.14633289	0.1437801	-0.3883681	0.23965989	-0.1355596	0.1490389	-0.15642327	0.21338964	-0.22318788	0.17097808	-0.17400904	0.11636071	-0.409347	0.1433091	-0.1690915	0.08652808	-0.0947833
-0.10144593	0.08188221	-0.09868615	0.06354255	-0.07897677	0.11227791	-0.11415592	0.13110283	-0.07839346	0.05728308	-0.18096988	0.19730352	-0.19180249	0.071647495	-0.06821409	0.2037136	-0.56736696	0.28724632	-0.1555773	0.16090456	-0.26089424	0.99999887	-0.62940484	0.13015743	-0.11227877	0.19803761	-0.2799611	0.10391665	-0.11205007	0.10369429	-0.13498741	0.15589806	-0.12136536	0.1051336	-0.07557302	0.18444283	-0.075324036	0.085475184	-0.05014523	0.05391463
0.10640217	-0.0904838	0.11174366	-0.07370966	0.09134403	-0.11903311	0.12378383	-0.1575018	0.09105951	-0.06778966	0.17050098	-0.24935603	0.22091335	-0.08918339	0.08220817	-0.19015963	0.31987914	-0.5307962	0.2021169	-0.21858926	0.21143302	-0.62940484	0.99999887	-0.18233983	0.14352567	-0.18497457	0.18425046	-0.13771287	0.13748492	-0.1306814	0.1278098	-0.15059407	0.14151907	-0.1294785	0.09290497	-0.20873228	0.085237026	-0.09864229	0.06004434	-0.06499681
-0.083343476	0.06923465	-0.10236706	0.076593466	-0.104261935	0.084779	-0.09491571	0.12276578	-0.10437919	0.08161876	-0.12309837	0.1294485	-0.14234628	0.13284631	-0.12660138	0.111511774	-0.16907062	0.20327203	-0.6590307	0.31418243	-0.14633289	0.13015743	-0.18233983	0.9999988	-0.52451813	0.0955897	-0.09513665	0.15288325	-0.2748583	0.21455075	-0.08133385	0.08703139	-0.16916235	0.15879107	-0.14097962	0.14452553	-0.0742366	0.084236756	-0.07041714	0.07471264
0.081120476	-0.06623233	0.09585827	-0.068798676	0.09157168	-0.08184049	0.091020346	-0.11647539	0.08955007	-0.07012565	0.11799534	-0.11426593	0.11586198	-0.10243238	0.09545949	-0.104348615	0.1350551	-0.15632105	0.28504968	-0.6113732	0.1437801	-0.11227877	0.14352567	-0.52451813	0.99999905	-0.09431826	0.09238837	-0.15464693	0.23089652	-0.4098553	0.082760565	-0.08799217	0.17720321	-0.21391039	0.19203125	-0.15232992	0.080545396	-0.09167791	0.08901275	-0.09694372
-0.100930065	0.07596955	-0.09176375	0.057720907	-0.07250678	0.106887676	-0.10639154	0.11288674	-0.07074831	0.050767764	-0.17361799	0.12164105	-0.11499457	0.057928797	-0.057055414	0.17783988	-0.18124835	0.13512775	-0.104732014	0.12971672	-0.3883681	0.19803761	-0.18497457	0.0955897	-0.09431826	0.9999991	-0.67657495	0.10628588	-0.11202487	0.10048757	-0.44772092	0.30615103	-0.1431994	0.10852101	-0.07636308	0.24867265	-0.102512084	0.106815174	-0.055649593	0.058648225
0.086596936	-0.06724976	0.08232415	-0.052416105	0.06566234	-0.09408244	0.09305441	-0.10524996	0.06424593	-0.046538714	0.14308842	-0.11823903	0.10860802	-0.054352913	0.052910123	-0.15510483	0.17725217	-0.13745904	0.10162926	-0.12975445	0.23965989	-0.2799611	0.18425046	-0.09513665	0.09238837	-0.67657495	0.9999992	-0.11675035	0.110775515	-0.1020674	0.30102924	-0.5149239	0.14461105	-0.11088871	0.07631933	-0.25516847	0.1008958	-0.1097434	0.05537004	-0.0590086
-0.067596	0.05289413	-0.071723655	0.047802165	-0.062442042	0.06762789	-0.0738867	0.08591254	-0.060592942	0.045231402	-0.10182035	0.086318105	-0.08485855	0.057577115	-0.05600385	0.089146994	-0.1061666	0.107414074	-0.13408591	0.16767357	-0.1355596	0.10391665	-0.13771287	0.15288325	-0.15464693	0.10628588	-0.11675035	0.9999991	-0.61223954	0.22413263	-0.10601553	0.119358554	-0.66252565	0.20962428	-0.16383626	0.165057	-0.12187771	0.13845997	-0.08980727	0.09283309
0.07842003	-0.06247371	0.08662456	-0.05920174	0.07748408	-0.07902389	0.08651877	-0.10588831	0.07538138	-0.057330728	0.11583616	-0.10310578	0.10099081	-0.07633779	0.072610125	-0.10209417	0.12138697	-0.12949783	0.18526217	-0.2560685	0.1490389	-0.11205007	0.13748492	-0.2748583	0.23089652	-0.11202487	0.110775515	-0.61223954	0.999999	-0.4654385	0.104371265	-0.115977585	0.3067709	-0.31475022	0.22876766	-0.19514096	0.11280005	-0.13595898	0.116054215	-0.12801248
-0.082943864	0.064789906	-0.09085447	0.061261363	-0.08145563	0.08125139	-0.09068938	0.104934976	-0.07860353	0.059005946	-0.12231977	0.09977666	-0.10095357	0.076257385	-0.07491445	0.10251759	-0.1204586	0.12114093	-0.18558335	0.24690977	-0.15642327	0.10369429	-0.1306814	0.21455075	-0.4098553	0.10048757	-0.1020674	0.22413263	-0.4654385	0.999999	-0.09453745	0.09971371	-0.2854458	0.3019117	-0.56399524	0.16154604	-0.10561019	0.11598023	-0.14575596	0.14872503
0.081582665	-0.061504647	0.07692025	-0.04840027	0.061438594	-0.083911076	0.08637262	-0.09233892	0.059600778	-0.042753447	0.13092922	-0.09316272	0.08797627	-0.04835903	0.04789924	-0.12521388	0.12449966	-0.100710236	0.08596477	-0.111501746	0.21338964	-0.13498741	0.1278098	-0.08133385	0.082760565	-0.44772092	0.30102924	-0.10601553	0.104371265	-0.09453745	0.9999993	-0.7106162	0.15006237	-0.1051852	0.0726589	-0.40311438	0.12619008	-0.12754874	0.05658774	-0.059127424
-0.08597777	0.06458895	-0.08091475	0.05088787	-0.064757116	0.087295294	-0.091185145	0.095998645	-0.06283085	0.045051638	-0.13918373	0.09980239	-0.095836684	0.051241957	-0.05078838	0.12858331	-0.14303985	0.11105435	-0.09283509	0.1163989	-0.22318788	0.15589806	-0.15059407	0.08703139	-0.08799217	0.30615103	-0.5149239	0.119358554	-0.115977585	0.09971371	-0.7106162	0.99999934	-0.19128728	0.109499514	-0.076506846	0.2519574	-0.11939275	0.11522765	-0.056563497	0.058651697
0.08523384	-0.06662677	0.08999136	-0.05958557	0.07725144	-0.08554569	0.09283807	-0.109285645	0.07483451	-0.055774644	0.12748757	-0.105267145	0.101343304	-0.06927078	0.06707458	-0.111745484	0.1249428	-0.123357534	0.14628063	-0.223476	0.17097808	-0.12136536	0.14151907	-0.16916235	0.17720321	-0.1431994	0.14461105	-0.66252565	0.3067709	-0.2854458	0.15006237	-0.19128728	0.99999917	-0.35200593	0.20350648	-0.26043108	0.17994879	-0.2578358	0.12861715	-0.13730063
-0.09058642	0.069398835	-0.09591601	0.062850066	-0.08322639	0.087506115	-0.09788679	0.108422905	-0.07980078	0.058816098	-0.13385148	0.10053367	-0.10072591	0.07134176	-0.07113889	0.10928002	-0.12069966	0.11460981	-0.15165257	0.19355701	-0.17400904	0.1051336	-0.1294785	0.15879107	-0.21391039	0.10852101	-0.11088871	0.20962428	-0.31475022	0.3019117	-0.1051852	0.109499514	-0.35200593	0.9999995	-0.6687169	0.17648579	-0.13107406	0.14156754	-0.28981543	0.2274687
0.06134734	-0.04782553	0.06653978	-0.044528715	0.058786105	-0.060211975	0.0669123	-0.07766077	0.05666889	-0.042447314	0.0903386	-0.07283117	0.07247078	-0.05377343	0.052560862	-0.07579178	0.08632227	-0.08606498	0.12092816	-0.18393129	0.11636071	-0.07557302	0.09290497	-0.14097962	0.19203125	-0.07636308	0.07631933	-0.16383626	0.22876766	-0.56399524	0.0726589	-0.076506846	0.20350648	-0.6687169	0.9999996	-0.13102363	0.0903688	-0.102310255	0.2055138	-0.26693463
-0.18403463	0.13299112	-0.17079937	0.10492572	-0.13567619	0.17306508	-0.19175197	0.18424113	-0.13010839	0.09147894	-0.28384572	0.16844992	-0.16574124	0.09802026	-0.09978074	0.2204816	-0.20637174	0.16981585	-0.15841044	0.19240701	-0.409347	0.18444283	-0.20873228	0.14452553	-0.15232992	0.24867265	-0.25516847	0.165057	-0.19514096	0.16154604	-0.40311438	0.2519574	-0.26043108	0.17648579	-0.13102363	0.9999992	-0.37451747	0.24976091	-0.11173531	0.109736934
0.06682586	-0.049561564	0.06479258	-0.040820193	0.052844804	-0.064266905	0.0706228	-0.07293716	0.05082735	-0.036476232	0.10187598	-0.067592226	0.065932214	-0.041190464	0.041202366	-0.08260914	0.08183206	-0.071574144	0.07419474	-0.10081165	0.1433091	-0.075324036	0.085237026	-0.0742366	0.080545396	-0.102512084	0.1008958	-0.12187771	0.11280005	-0.10561019	0.12619008	-0.11939275	0.17994879	-0.13107406	0.0903688	-0.37451747	0.99999875	-0.8547883	0.122115955	-0.12518772
-0.07941667	0.058513008	-0.07653829	0.047994234	-0.06227813	0.07561769	-0.08369243	0.084785	-0.059818525	0.042753004	-0.12093632	0.07814439	-0.07673907	0.047868606	-0.048122853	0.09607285	-0.09458521	0.082228564	-0.085378036	0.11159584	-0.1690915	0.085475184	-0.09864229	0.084236756	-0.09167791	0.106815174	-0.1097434	0.13845997	-0.13595898	0.11598023	-0.12754874	0.11522765	-0.2578358	0.14156754	-0.102310255	0.24976091	-0.8547883	0.99999887	-0.16251796	0.13452524
0.043857623	-0.0333902	0.045440212	-0.029539479	0.03877487	-0.042437255	0.047146328	-0.051850602	0.037247833	-0.027343186	0.06520579	-0.047740582	0.047218993	-0.032697715	0.032446526	-0.05326458	0.05674985	-0.05322944	0.06645347	-0.09376019	0.08652808	-0.05014523	0.06004434	-0.07041714	0.08901275	-0.055649593	0.05537004	-0.08980727	0.116054215	-0.14575596	0.05658774	-0.056563497	0.12861715	-0.28981543	0.2055138	-0.11173531	0.122115955	-0.16251796	0.9999988	-0.9027237
-0.04812764	0.036487285	-0.049690686	0.032192003	-0.0423544	0.046306446	-0.051640306	0.056051545	-0.040634513	0.029736377	-0.071556084	0.051531695	-0.051220324	0.035342336	-0.035238467	0.0578815	-0.061501082	0.057254057	-0.071630605	0.09661496	-0.0947833	0.05391463	-0.06499681	0.07471264	-0.09694372	0.058648225	-0.0590086	0.09283309	-0.12801248	0.14872503	-0.059127424	0.058651697	-0.13730063	0.2274687	-0.26693463	0.109736934	-0.12518772	0.13452524	-0.9027237	0.9999988
