1.0000002	-0.30852565	0.10832684	-0.07410225	0.075392514	-0.9147372	0.19393548	-0.10486502	0.08164308	-0.069900595	0.11664339	-0.11589637	0.06796372	-0.065942965	0.06120751	-0.061174233	0.074702576	-0.05635874	0.058227673	-0.05171609	0.053445503	-0.047948465	0.050751366	-0.04941909	0.053289168	-0.0428435	0.02766455	-0.02572142	0.026094865	-0.05687432	0.031138558	-0.025291244	0.02406328	-0.026317563	0.02803348	-0.022206368	0.029807385	-0.018825637	0.021953817	-0.045618076
-0.30852565	1.0000005	-0.3337269	0.17285453	-0.18039176	0.2304943	-0.7197763	0.2546321	-0.19473538	0.15372685	-0.2646625	0.24276322	-0.14885588	0.14252213	-0.13317527	0.1279458	-0.16385244	0.11950073	-0.12456714	0.10923481	-0.111607075	0.0991117	-0.10568011	0.10218265	-0.11110321	0.0863441	-0.055716354	0.051794358	-0.052482173	0.11113598	-0.06291532	0.050743148	-0.048196252	0.05253308	-0.054931168	0.044600587	-0.05996242	0.037624024	-0.043894928	0.08901359
0.10832684	-0.3337269	1.0000006	-0.52992296	0.27257106	-0.12198635	0.23624925	-0.60896665	0.26903138	-0.25409034	0.14225169	-0.15376107	0.15587084	-0.18946563	0.16293372	-0.09538219	0.11770662	-0.12624598	0.13442375	-0.13319616	0.09223311	-0.09005813	0.099964045	-0.10855629	0.11622843	-0.08037349	0.053512584	-0.051239878	0.052060153	-0.12149441	0.05791189	-0.04925487	0.047189638	-0.05274552	0.05921599	-0.042117663	0.056013856	-0.036867607	0.04280754	-0.09705054
-0.07410225	0.17285453	-0.52992296	1.0000006	-0.68265486	0.080778725	-0.15702797	0.26326725	-0.3002242	0.26416168	-0.11651121	0.115446895	-0.15052511	0.17364225	-0.18105051	0.08274239	-0.10428848	0.11637125	-0.13477917	0.13011414	-0.08389792	0.08185111	-0.094065696	0.1023453	-0.11552438	0.07216659	-0.048959997	0.04680522	-0.047728527	0.10747507	-0.05287813	0.044820353	-0.043056995	0.04785302	-0.05261842	0.03826764	-0.05130063	0.03354032	-0.039082628	0.08569566
0.075392514	-0.18039176	0.27257106	-0.68265486	1.0000001	-0.08806713	0.14899124	-0.27191356	0.26127017	-0.50477886	0.11963429	-0.12469773	0.15786295	-0.20131361	0.21226409	-0.09205886	0.113263294	-0.13336936	0.14895965	-0.16534144	0.094303034	-0.09458051	0.10684435	-0.12187359	0.13236943	-0.085368	0.05781514	-0.055832107	0.056886986	-0.13664174	0.061664667	-0.05336259	0.051338293	-0.057813253	0.06633274	-0.04518442	0.060028847	-0.040108774	0.046543263	-0.10898357
-0.9147372	0.2304943	-0.12198635	0.080778725	-0.08806713	1.0	-0.23910545	0.11371825	-0.094615944	0.07846321	-0.14700352	0.12824196	-0.07996701	0.07518898	-0.07143529	0.07252217	-0.09024617	0.06557271	-0.068376675	0.059631713	-0.06377417	0.05627275	-0.059947047	0.05742232	-0.06265415	0.049873326	-0.032311738	0.029880485	-0.030338012	0.06425254	-0.036596943	0.029431522	-0.027996397	0.030431062	-0.031795032	0.025939679	-0.034999155	0.02187915	-0.02556975	0.05152817
0.19393548	-0.7197763	0.23624925	-0.15702797	0.14899124	-0.23910545	0.99999994	-0.35352564	0.18285526	-0.14847481	0.23592682	-0.38901344	0.13870864	-0.14022991	0.12079503	-0.12296913	0.1501273	-0.11416284	0.11405788	-0.102614544	0.101811275	-0.09313155	0.0967254	-0.09566015	0.10085387	-0.08144406	0.051690113	-0.048480384	0.048949458	-0.1079788	0.05794403	-0.047374457	0.04490341	-0.049423635	0.053056672	-0.041470077	0.055126444	-0.03511891	0.04078522	-0.08651061
-0.10486502	0.2546321	-0.60896665	0.26326725	-0.27191356	0.11371825	-0.35352564	1.0	-0.50472015	0.24053173	-0.16330115	0.16864088	-0.20002988	0.21588722	-0.1819576	0.10411316	-0.13182496	0.1410725	-0.15441479	0.1392702	-0.10021386	0.09655569	-0.10926293	0.11515667	-0.12626997	0.083849415	-0.055935815	0.05332875	-0.05417034	0.119995415	-0.060931254	0.051149625	-0.04893272	0.05422314	-0.058851447	0.04391357	-0.058724202	0.038112853	-0.044363756	0.09575698
0.08164308	-0.19473538	0.26903138	-0.3002242	0.26127017	-0.094615944	0.18285526	-0.50472015	0.99999994	-0.49426064	0.1414582	-0.15166467	0.2318238	-0.46183595	0.25536817	-0.11102649	0.13744988	-0.18167058	0.2007511	-0.19897684	0.11217305	-0.11444991	0.130535	-0.1489078	0.15829886	-0.099738464	0.0671184	-0.06515173	0.0661074	-0.15329298	0.07156116	-0.061764475	0.059217036	-0.06656789	0.07461946	-0.052281454	0.06931429	-0.04614157	0.053497512	-0.122065574
-0.069900595	0.15372685	-0.25409034	0.26416168	-0.50477886	0.07846321	-0.14847481	0.24053173	-0.49426064	0.99999976	-0.1339891	0.13094826	-0.21509145	0.26434603	-0.48940337	0.10639948	-0.13526468	0.16820092	-0.21382216	0.22877985	-0.11227099	0.11268876	-0.13370068	0.15306082	-0.18576418	0.09702843	-0.066716775	0.064431965	-0.065824926	0.1451706	-0.071161784	0.06091232	-0.058600515	0.06529597	-0.07113604	0.051554967	-0.06910204	0.045475516	-0.05299536	0.11517157
0.11664339	-0.2646625	0.14225169	-0.11651121	0.11963429	-0.14700352	0.23592682	-0.16330115	0.1414582	-0.1339891	0.9999997	-0.73149365	0.17216888	-0.15072933	0.1319687	-0.39957726	0.27679297	-0.16379596	0.14579968	-0.12611157	0.1980593	-0.17239183	0.15174994	-0.14091414	0.13679567	-0.15274373	0.08527406	-0.0792391	0.078621976	-0.17648497	0.0990774	-0.07904069	0.07323746	-0.0807758	0.08651922	-0.07105064	0.09130381	-0.05766471	0.06615972	-0.14196202
-0.11589637	0.24276322	-0.15376107	0.115446895	-0.12469773	0.12824196	-0.38901344	0.16864088	-0.15166467	0.13094826	-0.73149365	1.0	-0.20225002	0.1511187	-0.1339904	0.24664058	-0.33710697	0.16355895	-0.14878902	0.121835515	-0.17870252	0.15085222	-0.14593607	0.1298587	-0.13264558	0.12537488	-0.075399764	0.069439806	-0.06944883	0.14347643	-0.0876869	0.0686778	-0.06419472	0.06964755	-0.071065165	0.06145198	-0.08140474	0.050174817	-0.058162954	0.1151612
0.06796372	-0.14885588	0.15587084	-0.15052511	0.15786295	-0.07996701	0.13870864	-0.20002988	0.2318238	-0.21509145	0.17216888	-0.20225002	0.99999976	-0.54651576	0.2366052	-0.17001349	0.2089626	-0.5925967	0.2988882	-0.24238901	0.16116719	-0.1814655	0.20695549	-0.21655622	0.2009214	-0.1435993	0.09362491	-0.09308346	0.09230442	-0.20943055	0.09890286	-0.086231336	0.08178469	-0.092519075	0.101868674	-0.07262688	0.09461033	-0.063569084	0.07313962	-0.1668179
-0.065942965	0.14252213	-0.18946563	0.17364225	-0.20131361	0.07518898	-0.14022991	0.21588722	-0.46183595	0.26434603	-0.15072933	0.1511187	-0.54651576	0.9999997	-0.40352535	0.13218306	-0.172331	0.27673426	-0.38521752	0.2543933	-0.13778475	0.14282446	-0.1754237	0.19276631	-0.21131127	0.11628134	-0.07935138	0.07749059	-0.07857643	0.1668253	-0.08418659	0.07215951	-0.069099285	0.077015884	-0.0819297	0.06085394	-0.081123374	0.053406794	-0.062079348	0.13233271
0.06120751	-0.13317527	0.16293372	-0.18105051	0.21226409	-0.07143529	0.12079503	-0.1819576	0.25536817	-0.48940337	0.1319687	-0.1339904	0.2366052	-0.40352535	0.9999996	-0.122748695	0.15082683	-0.22384018	0.27244604	-0.5756314	0.13154984	-0.14194764	0.16427292	-0.21850638	0.242634	-0.121553004	0.08306504	-0.08238548	0.08373689	-0.19728044	0.086578734	-0.07667099	0.07365809	-0.083926395	0.0953111	-0.063829415	0.08414725	-0.05724095	0.066176094	-0.15544531
-0.061174233	0.1279458	-0.09538219	0.08274239	-0.09205886	0.07252217	-0.12296913	0.10411316	-0.11102649	0.10639948	-0.39957726	0.24664058	-0.17001349	0.13218306	-0.122748695	0.9999994	-0.66687846	0.18458958	-0.15750542	0.1216508	-0.47261265	0.24317478	-0.1984715	0.15287194	-0.14458342	0.18812886	-0.09823471	0.08759996	-0.085894115	0.16370204	-0.1245372	0.08861133	-0.08033197	0.0856258	-0.08177058	0.082447805	-0.107442774	0.062685154	-0.07205578	0.13163476
0.074702576	-0.16385244	0.11770662	-0.10428848	0.113263294	-0.09024617	0.1501273	-0.13182496	0.13744988	-0.13526468	0.27679297	-0.33710697	0.2089626	-0.172331	0.15082683	-0.66687846	0.9999996	-0.30240196	0.19649734	-0.15688665	0.28585324	-0.31940326	0.22367708	-0.19575712	0.17326838	-0.20743252	0.111538276	-0.10485442	0.101834945	-0.21722034	0.12888603	-0.10282337	0.09374431	-0.103509806	0.10677929	-0.091958515	0.11632705	-0.07341863	0.0836566	-0.17443408
-0.05635874	0.11950073	-0.12624598	0.11637125	-0.13336936	0.06557271	-0.11416284	0.1410725	-0.18167058	0.16820092	-0.16379596	0.16355895	-0.5925967	0.27673426	-0.22384018	0.18458958	-0.30240196	0.9999997	-0.53845173	0.2340246	-0.1816074	0.20249934	-0.31107268	0.23094739	-0.2191038	0.13915285	-0.09333708	0.09331435	-0.09211315	0.17883663	-0.098079644	0.08355385	-0.07913731	0.08771405	-0.08840246	0.07014348	-0.09259606	0.060548067	-0.07006244	0.14207056
0.058227673	-0.12456714	0.13442375	-0.13477917	0.14895965	-0.068376675	0.11405788	-0.15441479	0.2007511	-0.21382216	0.14579968	-0.14878902	0.2988882	-0.38521752	0.27244604	-0.15750542	0.19649734	-0.53845173	0.9999997	-0.48708135	0.16171907	-0.18745722	0.22868183	-0.35024652	0.2728933	-0.14184208	0.09651875	-0.098335184	0.099067256	-0.20773426	0.09946361	-0.08824822	0.08410211	-0.0958546	0.10140399	-0.072821744	0.09554299	-0.06472535	0.07463991	-0.16381314
-0.05171609	0.10923481	-0.13319616	0.13011414	-0.16534144	0.059631713	-0.102614544	0.1392702	-0.19897684	0.22877985	-0.12611157	0.121835515	-0.24238901	0.2543933	-0.5756314	0.1216508	-0.15688665	0.2340246	-0.48708135	0.9999993	-0.13659684	0.14687371	-0.18776566	0.25911838	-0.46859175	0.1172288	-0.08272445	0.08248926	-0.0848906	0.17655374	-0.08552645	0.07503047	-0.072280906	0.08138775	-0.08660283	0.06205816	-0.08288431	0.055475324	-0.064551644	0.13721047
0.053445503	-0.111607075	0.09223311	-0.08389792	0.094303034	-0.06377417	0.101811275	-0.10021386	0.11217305	-0.11227099	0.1980593	-0.17870252	0.16116719	-0.13778475	0.13154984	-0.47261265	0.28585324	-0.1816074	0.16171907	-0.13659684	0.99999905	-0.54979235	0.26364338	-0.20735255	0.17400062	-0.41961777	0.14342019	-0.1268094	0.11992214	-0.2291292	0.1913642	-0.13190065	0.11401879	-0.122190155	0.11423321	-0.12835583	0.15462682	-0.08967123	0.100929916	-0.18458532
-0.047948465	0.0991117	-0.09005813	0.08185111	-0.09458051	0.05627275	-0.09313155	0.09655569	-0.11444991	0.11268876	-0.17239183	0.15085222	-0.1814655	0.14282446	-0.14194764	0.24317478	-0.31940326	0.20249934	-0.18745722	0.14687371	-0.54979235	0.99999905	-0.61202306	0.23613667	-0.21352386	0.21592416	-0.14337777	0.12889013	-0.12126833	0.18754481	-0.15146647	0.11746147	-0.10558767	0.111460455	-0.09547808	0.09980546	-0.13261652	0.07930615	-0.09137469	0.1501098
0.050751366	-0.10568011	0.099964045	-0.094065696	0.10684435	-0.059947047	0.0967254	-0.10926293	0.130535	-0.13370068	0.15174994	-0.14593607	0.20695549	-0.1754237	0.16427292	-0.1984715	0.22367708	-0.31107268	0.22868183	-0.18776566	0.26364338	-0.61202306	0.99999917	-0.47381732	0.25454846	-0.21033786	0.14475231	-0.17581297	0.14625734	-0.24014217	0.13653664	-0.1261123	0.11665177	-0.13146003	0.11943366	-0.09927242	0.12685968	-0.08685774	0.098895915	-0.19057329
-0.04941909	0.10218265	-0.10855629	0.1023453	-0.12187359	0.05742232	-0.09566015	0.11515667	-0.1489078	0.15306082	-0.14091414	0.1298587	-0.21655622	0.19276631	-0.21850638	0.15287194	-0.19575712	0.23094739	-0.35024652	0.25911838	-0.20735255	0.23613667	-0.47381732	0.999999	-0.64549816	0.15865684	-0.1244337	0.1337792	-0.15201786	0.20888458	-0.11932178	0.108480275	-0.1055844	0.12000819	-0.10597057	0.08505413	-0.11499071	0.077855065	-0.09110081	0.16190076
0.053289168	-0.11110321	0.11622843	-0.11552438	0.13236943	-0.06265415	0.10085387	-0.12626997	0.15829886	-0.18576418	0.13679567	-0.13264558	0.2009214	-0.21131127	0.242634	-0.14458342	0.17326838	-0.2191038	0.2728933	-0.46859175	0.17400062	-0.21352386	0.25454846	-0.64549816	0.9999993	-0.16414613	0.11783256	-0.124200836	0.1282092	-0.2897351	0.116743505	-0.10844544	0.104577556	-0.12264586	0.13563591	-0.086647555	0.11396624	-0.08006081	0.092362024	-0.21297209
-0.0428435	0.0863441	-0.08037349	0.07216659	-0.085368	0.049873326	-0.08144406	0.083849415	-0.099738464	0.09702843	-0.15274373	0.12537488	-0.1435993	0.11628134	-0.121553004	0.18812886	-0.20743252	0.13915285	-0.14184208	0.1172288	-0.41961777	0.21592416	-0.21033786	0.15865684	-0.16414613	0.99999917	-0.26093578	0.16563599	-0.16430442	0.20685184	-0.60308254	0.21960717	-0.1801976	0.16586642	-0.11194906	0.25767994	-0.34249434	0.14241016	-0.16371867	0.16966231
0.02766455	-0.055716354	0.053512584	-0.048959997	0.05781514	-0.032311738	0.051690113	-0.055935815	0.0671184	-0.066716775	0.08527406	-0.075399764	0.09362491	-0.07935138	0.08306504	-0.09823471	0.111538276	-0.09333708	0.09651875	-0.08272445	0.14342019	-0.14337777	0.14475231	-0.1244337	0.11783256	-0.26093578	0.999999	-0.5145007	0.2714818	-0.20462768	0.1982132	-0.63332635	0.2731138	-0.2966725	0.12229518	-0.16155492	0.19846144	-0.17300424	0.17388354	-0.17015283
-0.02572142	0.051794358	-0.051239878	0.04680522	-0.055832107	0.029880485	-0.048480384	0.05332875	-0.06515173	0.064431965	-0.0792391	0.069439806	-0.09308346	0.07749059	-0.08238548	0.08759996	-0.10485442	0.09331435	-0.098335184	0.08248926	-0.1268094	0.12889013	-0.17581297	0.1337792	-0.124200836	0.16563599	-0.5145007	0.999999	-0.68137884	0.1779267	-0.14635034	0.25947177	-0.28890172	0.27984565	-0.112644985	0.11359464	-0.1560557	0.1525896	-0.18111557	0.14378676
0.026094865	-0.052482173	0.052060153	-0.047728527	0.056886986	-0.030338012	0.048949458	-0.05417034	0.0661074	-0.065824926	0.078621976	-0.06944883	0.09230442	-0.07857643	0.08373689	-0.085894115	0.101834945	-0.09211315	0.099067256	-0.0848906	0.11992214	-0.12126833	0.14625734	-0.15201786	0.1282092	-0.16430442	0.2714818	-0.68137884	0.99999875	-0.2267668	0.1378553	-0.2560886	0.2566688	-0.5215113	0.1396863	-0.11255942	0.14776671	-0.1616844	0.17867361	-0.17313714
-0.05687432	0.11113598	-0.12149441	0.10747507	-0.13664174	0.06425254	-0.1079788	0.119995415	-0.15329298	0.1451706	-0.17648497	0.14347643	-0.20943055	0.1668253	-0.19728044	0.16370204	-0.21722034	0.17883663	-0.20773426	0.17655374	-0.2291292	0.18754481	-0.24014217	0.20888458	-0.2897351	0.20685184	-0.20462768	0.1779267	-0.2267668	0.9999985	-0.20620571	0.17592514	-0.19762853	0.20908126	-0.56830245	0.14443748	-0.2237494	0.1448302	-0.18782352	0.32563913
0.031138558	-0.06291532	0.05791189	-0.05287813	0.061664667	-0.036596943	0.05794403	-0.060931254	0.07156116	-0.071161784	0.0990774	-0.0876869	0.09890286	-0.08418659	0.086578734	-0.1245372	0.12888603	-0.098079644	0.09946361	-0.08552645	0.1913642	-0.15146647	0.13653664	-0.11932178	0.116743505	-0.60308254	0.1982132	-0.14635034	0.1378553	-0.20620571	0.9999987	-0.2720581	0.16646145	-0.15870818	0.10909134	-0.5660669	0.30768514	-0.13944712	0.14032473	-0.1701959
-0.025291244	0.050743148	-0.04925487	0.044820353	-0.05336259	0.029431522	-0.047374457	0.051149625	-0.061764475	0.06091232	-0.07904069	0.0686778	-0.086231336	0.07215951	-0.07667099	0.08861133	-0.10282337	0.08355385	-0.08824822	0.07503047	-0.13190065	0.11746147	-0.1261123	0.108480275	-0.10844544	0.21960717	-0.63332635	0.25947177	-0.2560886	0.17592514	-0.2720581	0.9999991	-0.49946943	0.26360816	-0.1097287	0.19041568	-0.2890311	0.19982018	-0.21193634	0.14828028
0.02406328	-0.048196252	0.047189638	-0.043056995	0.051338293	-0.027996397	0.04490341	-0.04893272	0.059217036	-0.058600515	0.07323746	-0.06419472	0.08178469	-0.069099285	0.07365809	-0.08033197	0.09374431	-0.07913731	0.08410211	-0.072280906	0.11401879	-0.10558767	0.11665177	-0.1055844	0.104577556	-0.1801976	0.2731138	-0.28890172	0.2566688	-0.19762853	0.16646145	-0.49946943	0.999999	-0.5734634	0.13657933	-0.14762314	0.19311653	-0.40646198	0.2778267	-0.17550698
-0.026317563	0.05253308	-0.05274552	0.04785302	-0.057813253	0.030431062	-0.049423635	0.05422314	-0.06656789	0.06529597	-0.0807758	0.06964755	-0.092519075	0.077015884	-0.083926395	0.0856258	-0.103509806	0.08771405	-0.0958546	0.08138775	-0.122190155	0.111460455	-0.13146003	0.12000819	-0.12264586	0.16586642	-0.2966725	0.27984565	-0.5215113	0.20908126	-0.15870818	0.26360816	-0.5734634	0.9999985	-0.19758436	0.12863892	-0.18356596	0.24937168	-0.35146776	0.18911642
0.02803348	-0.054931168	0.05921599	-0.05261842	0.06633274	-0.031795032	0.053056672	-0.058851447	0.07461946	-0.07113604	0.08651922	-0.071065165	0.101868674	-0.0819297	0.0953111	-0.08177058	0.10677929	-0.08840246	0.10140399	-0.08660283	0.11423321	-0.09547808	0.11943366	-0.10597057	0.13563591	-0.11194906	0.12229518	-0.112644985	0.1396863	-0.56830245	0.10909134	-0.1097287	0.13657933	-0.19758436	0.9999988	-0.07946121	0.11969669	-0.09617894	0.121930525	-0.7353205
-0.022206368	0.044600587	-0.042117663	0.03826764	-0.04518442	0.025939679	-0.041470077	0.04391357	-0.052281454	0.051554967	-0.07105064	0.06145198	-0.07262688	0.06085394	-0.063829415	0.082447805	-0.091958515	0.07014348	-0.072821744	0.06205816	-0.12835583	0.09980546	-0.09927242	0.08505413	-0.086647555	0.25767994	-0.16155492	0.11359464	-0.11255942	0.14443748	-0.5660669	0.19041568	-0.14762314	0.12863892	-0.07946121	0.99999887	-0.7185368	0.14367452	-0.14916475	0.12025861
0.029807385	-0.05996242	0.056013856	-0.05130063	0.060028847	-0.034999155	0.055126444	-0.058724202	0.06931429	-0.06910204	0.09130381	-0.08140474	0.09461033	-0.081123374	0.08414725	-0.107442774	0.11632705	-0.09259606	0.09554299	-0.08288431	0.15462682	-0.13261652	0.12685968	-0.11499071	0.11396624	-0.34249434	0.19846144	-0.1560557	0.14776671	-0.2237494	0.30768514	-0.2890311	0.19311653	-0.18356596	0.11969669	-0.7185368	0.9999989	-0.23854108	0.1910758	-0.1863549
-0.018825637	0.037624024	-0.036867607	0.03354032	-0.040108774	0.02187915	-0.03511891	0.038112853	-0.04614157	0.045475516	-0.05766471	0.050174817	-0.063569084	0.053406794	-0.05724095	0.062685154	-0.07341863	0.060548067	-0.06472535	0.055475324	-0.08967123	0.07930615	-0.08685774	0.077855065	-0.08006081	0.14241016	-0.17300424	0.1525896	-0.1616844	0.1448302	-0.13944712	0.19982018	-0.40646198	0.24937168	-0.09617894	0.14367452	-0.23854108	0.9999989	-0.8125506	0.12936087
0.021953817	-0.043894928	0.04280754	-0.039082628	0.046543263	-0.02556975	0.04078522	-0.044363756	0.053497512	-0.05299536	0.06615972	-0.058162954	0.07313962	-0.062079348	0.066176094	-0.07205578	0.0836566	-0.07006244	0.07463991	-0.064551644	0.100929916	-0.09137469	0.098895915	-0.09110081	0.092362024	-0.16371867	0.17388354	-0.18111557	0.17867361	-0.18782352	0.14032473	-0.21193634	0.2778267	-0.35146776	0.121930525	-0.14916475	0.1910758	-0.8125506	0.99999905	-0.1721898
-0.045618076	0.08901359	-0.09705054	0.08569566	-0.10898357	0.05152817	-0.08651061	0.09575698	-0.122065574	0.11517157	-0.14196202	0.1151612	-0.1668179	0.13233271	-0.15544531	0.13163476	-0.17443408	0.14207056	-0.16381314	0.13721047	-0.18458532	0.1501098	-0.19057329	0.16190076	-0.21297209	0.16966231	-0.17015283	0.14378676	-0.17313714	0.32563913	-0.1701959	0.14828028	-0.17550698	0.18911642	-0.7353205	0.12025861	-0.1863549	0.12936087	-0.1721898	0.99999905
