1.0	-0.83644086	0.16096579	-0.0665511	0.0731696	-0.3016058	0.2701689	-0.14280671	0.10836461	-0.08931484	0.21281774	-0.26905778	0.1583756	-0.10861395	0.078317225	-0.095494546	0.106917955	-0.117132194	0.103438154	-0.096419685	0.097291715	-0.12222059	0.0992227	-0.09235978	0.07922562	-0.111591965	0.08743608	-0.12870102	0.06795304	-0.0784858	0.094292246	-0.11146071	0.06253039	-0.073119745	0.043972593	-0.046022877	0.041722294	-0.06451883	0.055362657	-0.04962053
-0.83644086	0.9999998	-0.19003534	0.061162848	-0.06771348	0.22417857	-0.3862177	0.14189366	-0.10283168	0.07788132	-0.21588369	0.2284831	-0.15093046	0.09749766	-0.069325626	0.08096432	-0.09398291	0.10113168	-0.091655806	0.082271025	-0.08349424	0.100410886	-0.083955795	0.07756996	-0.067681275	0.0904331	-0.07123683	0.10407136	-0.055330604	0.06344263	-0.07769096	0.08975628	-0.05052226	0.058865357	-0.035557307	0.037159577	-0.03381099	0.051908854	-0.044760756	0.0399764
0.16096579	-0.19003534	0.9999995	-0.17455631	0.15909731	-0.12782001	0.1798866	-0.77238786	0.26336044	-0.19315264	0.13608614	-0.19558415	0.2596807	-0.24190012	0.15497188	-0.13537857	0.15212497	-0.18971248	0.1843462	-0.17675114	0.14521883	-0.19375081	0.16045469	-0.15776479	0.135792	-0.17820773	0.1403459	-0.20980364	0.11117339	-0.12893368	0.15097557	-0.1800079	0.101423115	-0.11903602	0.07175637	-0.07429848	0.06728703	-0.10482333	0.08999146	-0.08102506
-0.0665511	0.061162848	-0.17455631	0.99999976	-0.86051095	0.054367002	-0.07658104	0.15397468	-0.37333754	0.1644469	-0.06586788	0.08574547	-0.14718457	0.192075	-0.13791421	0.07518215	-0.0890505	0.10781857	-0.13636455	0.11830755	-0.08444614	0.107857876	-0.09586964	0.09684913	-0.08871003	0.09691014	-0.077387914	0.114499405	-0.062194295	0.07104645	-0.08578465	0.0971799	-0.05537113	0.06461539	-0.039445143	0.040414203	-0.036889754	0.056732103	-0.049320344	0.044153742
0.0731696	-0.06771348	0.15909731	-0.86051095	0.9999997	-0.06143174	0.08421477	-0.15622602	0.2574378	-0.21747333	0.07427751	-0.09788044	0.15937822	-0.22260426	0.1562198	-0.09191755	0.10544239	-0.1281015	0.15160818	-0.14711788	0.103154115	-0.13749756	0.117841445	-0.1216808	0.10775191	-0.12561743	0.09975805	-0.14923489	0.08033153	-0.09270484	0.108921245	-0.12708329	0.07215356	-0.08461969	0.051386546	-0.052664425	0.047850303	-0.074332595	0.064227946	-0.057803083
-0.3016058	0.22417857	-0.12782001	0.054367002	-0.06143174	0.99999976	-0.46730447	0.11586897	-0.09267276	0.07174068	-0.76168007	0.29122478	-0.15296882	0.091462635	-0.065008596	0.093551666	-0.10342712	0.10360452	-0.0886929	0.07876356	-0.090629146	0.10094117	-0.08399315	0.07575629	-0.06602716	0.08964762	-0.0705912	0.10189516	-0.05413382	0.061771624	-0.07712377	0.08802137	-0.049473166	0.057429302	-0.034709107	0.0364472	-0.033236615	0.050683137	-0.04377463	0.03895036
0.2701689	-0.3862177	0.1798866	-0.07658104	0.08421477	-0.46730447	0.99999976	-0.19828397	0.13073148	-0.10121373	0.3022205	-0.6439911	0.21508034	-0.13164133	0.090194315	-0.11975658	0.13922776	-0.14759322	0.12214289	-0.11006958	0.11592845	-0.13964327	0.115170375	-0.105205104	0.09059474	-0.12418892	0.0977247	-0.14217049	0.075188436	-0.086146094	0.105737396	-0.12261621	0.06882079	-0.0800647	0.048301797	-0.050639052	0.046083815	-0.070656076	0.060874633	-0.054304313
-0.14280671	0.14189366	-0.77238786	0.15397468	-0.15622602	0.11586897	-0.19828397	0.9999995	-0.38740906	0.16098066	-0.12790447	0.178962	-0.33112764	0.22440684	-0.13948137	0.11145113	-0.13353775	0.16765107	-0.16988407	0.14504613	-0.11961737	0.14993949	-0.13171947	0.12664795	-0.11293161	0.13370666	-0.106405385	0.15664867	-0.08406928	0.09603249	-0.11676457	0.13328119	-0.075531885	0.08797943	-0.05348914	0.05525632	-0.050405987	0.077391826	-0.06707978	0.05994645
0.10836461	-0.10283168	0.26336044	-0.37333754	0.2574378	-0.09267276	0.13073148	-0.38740906	0.99999964	-0.32663313	0.10940443	-0.15087447	0.25511983	-0.57712513	0.23714714	-0.12913099	0.15077055	-0.19489454	0.24964654	-0.22243467	0.14134435	-0.18522875	0.16469371	-0.17339817	0.15543815	-0.16428763	0.13171054	-0.19621824	0.10638897	-0.12181412	0.14417472	-0.16501488	0.09409255	-0.109925024	0.067199424	-0.06838117	0.062406953	-0.09640131	0.083817564	-0.07522936
-0.08931484	0.07788132	-0.19315264	0.1644469	-0.21747333	0.07174068	-0.10121373	0.16098066	-0.32663313	0.99999964	-0.09069347	0.11248049	-0.20789202	0.25548157	-0.8108001	0.10330254	-0.12856267	0.15284976	-0.22681214	0.21982306	-0.12011968	0.143497	-0.1426672	0.14657035	-0.16447388	0.12473859	-0.101636775	0.14710304	-0.0839889	0.09308276	-0.119575016	0.12310147	-0.07154222	0.08254818	-0.05158458	0.051995415	-0.04815233	0.07212002	-0.064192146	0.05674243
0.21281774	-0.21588369	0.13608614	-0.06586788	0.07427751	-0.76168007	0.3022205	-0.12790447	0.10940443	-0.09069347	0.9999993	-0.45607162	0.18422179	-0.11438111	0.08145297	-0.13122573	0.13343292	-0.13589858	0.11188169	-0.10189335	0.11796648	-0.13575245	0.10961566	-0.09935039	0.08518068	-0.121075764	0.09490145	-0.1375314	0.07254376	-0.08322027	0.10241635	-0.11917901	0.06673385	-0.07763609	0.04674333	-0.04918954	0.044733524	-0.068566434	0.058979817	-0.052602183
-0.26905778	0.2284831	-0.19558415	0.08574547	-0.09788044	0.29122478	-0.6439911	0.178962	-0.15087447	0.11248049	-0.45607162	0.99999917	-0.36546883	0.15343294	-0.1046633	0.1447764	-0.2018503	0.18433948	-0.14876275	0.12537421	-0.14277348	0.1567508	-0.13617471	0.11967554	-0.10512753	0.13544893	-0.107606485	0.15373026	-0.082105614	0.09269075	-0.11876242	0.13170929	-0.07429395	0.08573137	-0.05210592	0.05466048	-0.050108433	0.07561929	-0.06573614	0.058169294
0.1583756	-0.15093046	0.2596807	-0.14718457	0.15937822	-0.15296882	0.21508034	-0.33112764	0.25511983	-0.20789202	0.18422179	-0.36546883	0.99999946	-0.366909	0.1876935	-0.21984175	0.256099	-0.47053054	0.27293557	-0.23798667	0.21372621	-0.27663663	0.24406989	-0.22400089	0.18737747	-0.23774692	0.18985793	-0.2805574	0.146769	-0.16752681	0.20155197	-0.23515815	0.13230217	-0.15356612	0.0930136	-0.0964861	0.08801749	-0.13530047	0.116872564	-0.10431257
-0.10861395	0.09749766	-0.24190012	0.192075	-0.22260426	0.091462635	-0.13164133	0.22440684	-0.57712513	0.25548157	-0.11438111	0.15343294	-0.366909	0.99999934	-0.32617128	0.13457568	-0.17119595	0.22673965	-0.4871068	0.24516502	-0.14792968	0.18016951	-0.17813875	0.18160619	-0.17791377	0.15349787	-0.12500705	0.18249248	-0.10144348	0.113389134	-0.14070113	0.15136585	-0.08719663	0.100794904	-0.062516406	0.06315084	-0.058254827	0.088179804	-0.07786102	0.06913419
0.078317225	-0.069325626	0.15497188	-0.13791421	0.1562198	-0.065008596	0.090194315	-0.13948137	0.23714714	-0.8108001	0.08145297	-0.1046633	0.1876935	-0.32617128	0.9999993	-0.10253516	0.12342658	-0.15410599	0.22426477	-0.3134803	0.11653286	-0.1488474	0.1437023	-0.16321775	0.17136455	-0.1281917	0.10466491	-0.15483922	0.087418534	-0.09846229	0.118160844	-0.12784034	0.074120894	-0.08619358	0.053724457	-0.053400587	0.049199462	-0.07515299	0.06648163	-0.059419826
-0.095494546	0.08096432	-0.13537857	0.07518215	-0.09191755	0.093551666	-0.11975658	0.11145113	-0.12913099	0.10330254	-0.13122573	0.1447764	-0.21984175	0.13457568	-0.10253516	0.9999992	-0.5923471	0.24587674	-0.17424393	0.13658634	-0.6545181	0.2440997	-0.19061689	0.14308597	-0.12728937	0.19478615	-0.15140623	0.18200386	-0.09694647	0.103717975	-0.16925032	0.16026711	-0.088777095	0.09763322	-0.05986883	0.06678874	-0.06309889	0.08698183	-0.077252105	0.06527185
0.106917955	-0.09398291	0.15212497	-0.0890505	0.10544239	-0.10342712	0.13922776	-0.13353775	0.15077055	-0.12856267	0.13343292	-0.2018503	0.256099	-0.17119595	0.12342658	-0.5923471	0.99999887	-0.53470445	0.2144398	-0.17878842	0.29510137	-0.3102667	0.23259513	-0.18634464	0.15362966	-0.21938348	0.1752293	-0.23000339	0.11839456	-0.12952961	0.18045545	-0.19535175	0.10745814	-0.12015682	0.073091246	-0.07918466	0.073688366	-0.10672138	0.09341235	-0.080540136
-0.117132194	0.10113168	-0.18971248	0.10781857	-0.1281015	0.10360452	-0.14759322	0.16765107	-0.19489454	0.15284976	-0.13589858	0.18433948	-0.47053054	0.22673965	-0.15410599	0.24587674	-0.53470445	0.99999875	-0.39495713	0.22168739	-0.25174716	0.25781092	-0.38205543	0.22563557	-0.19781473	0.19266318	-0.16457674	0.22953017	-0.123114005	0.13158552	-0.17842786	0.18143299	-0.10461591	0.11752646	-0.07333074	0.075238846	-0.07061408	0.10315596	-0.092296444	0.07995234
0.103438154	-0.091655806	0.1843462	-0.13636455	0.15160818	-0.0886929	0.12214289	-0.16988407	0.24964654	-0.22681214	0.11188169	-0.14876275	0.27293557	-0.4871068	0.22426477	-0.17424393	0.2144398	-0.39495713	0.9999987	-0.5272775	0.18046986	-0.23433892	0.24030443	-0.303114	0.26145184	-0.18724763	0.15592687	-0.23128861	0.13026488	-0.14537635	0.16945891	-0.18387946	0.10688676	-0.12357751	0.07777203	-0.07583406	0.070319355	-0.107325345	0.095678225	-0.085489675
-0.096419685	0.082271025	-0.17675114	0.11830755	-0.14711788	0.07876356	-0.11006958	0.14504613	-0.22243467	0.21982306	-0.10189335	0.12537421	-0.23798667	0.24516502	-0.3134803	0.13658634	-0.17878842	0.22168739	-0.5272775	0.99999875	-0.1614875	0.19404759	-0.2397852	0.28284895	-0.58798987	0.15593952	-0.1330659	0.19311735	-0.12296741	0.13198686	-0.15505904	0.15254216	-0.09191298	0.10589627	-0.069808446	0.06432477	-0.06050274	0.090814695	-0.08410195	0.07436479
0.097291715	-0.08349424	0.14521883	-0.08444614	0.103154115	-0.090629146	0.11592845	-0.11961737	0.14134435	-0.12011968	0.11796648	-0.14277348	0.21372621	-0.14792968	0.11653286	-0.6545181	0.29510137	-0.25174716	0.18046986	-0.1614875	0.9999986	-0.43239108	0.22609538	-0.17873865	0.14927691	-0.33864295	0.2261425	-0.258992	0.13071012	-0.14119126	0.22670515	-0.2377979	0.124868914	-0.13599178	0.08140547	-0.09477993	0.08887181	-0.12249475	0.106377006	-0.08939751
-0.12222059	0.100410886	-0.19375081	0.107857876	-0.13749756	0.10094117	-0.13964327	0.14993949	-0.18522875	0.143497	-0.13575245	0.1567508	-0.27663663	0.18016951	-0.1488474	0.2440997	-0.3102667	0.25781092	-0.23433892	0.19404759	-0.43239108	0.9999987	-0.47001082	0.23658939	-0.21548371	0.28969786	-0.4393327	0.3021076	-0.16269161	0.16018188	-0.30665758	0.269019	-0.15127294	0.15324534	-0.095465966	0.1102293	-0.11064721	0.13772194	-0.12720037	0.10102819
0.0992227	-0.083955795	0.16045469	-0.09586964	0.117841445	-0.08399315	0.115170375	-0.13171947	0.16469371	-0.1426672	0.10961566	-0.13617471	0.24406989	-0.17813875	0.1437023	-0.19061689	0.23259513	-0.38205543	0.24030443	-0.2397852	0.22609538	-0.47001082	0.9999985	-0.52879417	0.25800616	-0.2289874	0.22935191	-0.40062568	0.16923629	-0.17288601	0.21409579	-0.22420076	0.13336083	-0.14505365	0.09151147	-0.08840322	0.08484294	-0.12641081	0.114424326	-0.09824148
-0.09235978	0.07756996	-0.15776479	0.09684913	-0.1216808	0.07575629	-0.105205104	0.12664795	-0.17339817	0.14657035	-0.09935039	0.11967554	-0.22400089	0.18160619	-0.16321775	0.14308597	-0.18634464	0.22563557	-0.303114	0.28284895	-0.17873865	0.23658939	-0.52879417	0.9999983	-0.6258097	0.16901152	-0.15736084	0.230877	-0.17128727	0.15864341	-0.1744112	0.16555151	-0.10438525	0.11956808	-0.08076884	0.06937753	-0.06644993	0.10012632	-0.09585919	0.084317945
0.07922562	-0.067681275	0.135792	-0.08871003	0.10775191	-0.06602716	0.09059474	-0.11293161	0.15543815	-0.16447388	0.08518068	-0.10512753	0.18737747	-0.17791377	0.17136455	-0.12728937	0.15362966	-0.19781473	0.26145184	-0.58798987	0.14927691	-0.21548371	0.25800616	-0.6258097	0.9999983	-0.15843587	0.14019334	-0.21719879	0.14526424	-0.16980985	0.15142894	-0.15770343	0.09709013	-0.11430893	0.07805366	-0.06460305	0.060920205	-0.095647976	0.089645974	-0.08272004
-0.111591965	0.0904331	-0.17820773	0.09691014	-0.12561743	0.08964762	-0.12418892	0.13370666	-0.16428763	0.12473859	-0.121075764	0.13544893	-0.23774692	0.15349787	-0.1281917	0.19478615	-0.21938348	0.19266318	-0.18724763	0.15593952	-0.33864295	0.28969786	-0.2289874	0.16901152	-0.15843587	0.99999803	-0.5128081	0.28675586	-0.15730362	0.15456788	-0.5924722	0.30324897	-0.16248867	0.16019064	-0.097091556	0.14204745	-0.14342454	0.14732608	-0.13429835	0.102882914
0.08743608	-0.07123683	0.1403459	-0.077387914	0.09975805	-0.0705912	0.0977247	-0.106405385	0.13171054	-0.101636775	0.09490145	-0.107606485	0.18985793	-0.12500705	0.10466491	-0.15140623	0.1752293	-0.16457674	0.15592687	-0.1330659	0.2261425	-0.4393327	0.22935191	-0.15736084	0.14019334	-0.5128081	0.99999833	-0.45251322	0.15888734	-0.15072417	0.30748785	-0.51127	0.17517792	-0.1577083	0.091094874	-0.124697484	0.12677518	-0.14987783	0.12835023	-0.095801935
-0.12870102	0.10407136	-0.20980364	0.114499405	-0.14923489	0.10189516	-0.14217049	0.15664867	-0.19621824	0.14710304	-0.1375314	0.15373026	-0.2805574	0.18249248	-0.15483922	0.18200386	-0.23000339	0.22953017	-0.23128861	0.19311735	-0.258992	0.3021076	-0.40062568	0.230877	-0.21719879	0.28675586	-0.45251322	0.9999983	-0.35737032	0.24373223	-0.3478092	0.29230523	-0.24082372	0.21319896	-0.13964511	0.121639654	-0.12421455	0.18600024	-0.18190438	0.13974556
0.06795304	-0.055330604	0.11117339	-0.062194295	0.08033153	-0.05413382	0.075188436	-0.08406928	0.10638897	-0.0839889	0.07254376	-0.082105614	0.146769	-0.10144348	0.087418534	-0.09694647	0.11839456	-0.123114005	0.13026488	-0.12296741	0.13071012	-0.16269161	0.16923629	-0.17128727	0.14526424	-0.15730362	0.15888734	-0.35737032	0.99999803	-0.7858029	0.17929104	-0.1760029	0.16824403	-0.29746106	0.2082728	-0.07094582	0.07022959	-0.15788734	0.18919683	-0.21270955
-0.0784858	0.06344263	-0.12893368	0.07104645	-0.09270484	0.061771624	-0.086146094	0.09603249	-0.12181412	0.09308276	-0.08322027	0.09269075	-0.16752681	0.113389134	-0.09846229	0.103717975	-0.12952961	0.13158552	-0.14537635	0.13198686	-0.14119126	0.16018188	-0.17288601	0.15864341	-0.16980985	0.15456788	-0.15072417	0.24373223	-0.7858029	0.99999815	-0.19726099	0.16699442	-0.1625432	0.22633721	-0.3211986	0.072196625	-0.07212311	0.1501208	-0.20309612	0.21732213
0.094292246	-0.07769096	0.15097557	-0.08578465	0.108921245	-0.07712377	0.105737396	-0.11676457	0.14417472	-0.119575016	0.10241635	-0.11876242	0.20155197	-0.14070113	0.118160844	-0.16925032	0.18045545	-0.17842786	0.16945891	-0.15505904	0.22670515	-0.30665758	0.21409579	-0.1744112	0.15142894	-0.5924722	0.30748785	-0.3478092	0.17929104	-0.19726099	0.9999983	-0.4629547	0.20609182	-0.22195384	0.12201723	-0.26510426	0.20162068	-0.20971528	0.16888502	-0.13628562
-0.11146071	0.08975628	-0.1800079	0.0971799	-0.12708329	0.08802137	-0.12261621	0.13328119	-0.16501488	0.12310147	-0.11917901	0.13170929	-0.23515815	0.15136585	-0.12784034	0.16026711	-0.19535175	0.18143299	-0.18387946	0.15254216	-0.2377979	0.269019	-0.22420076	0.16555151	-0.15770343	0.30324897	-0.51127	0.29230523	-0.1760029	0.16699442	-0.4629547	0.9999983	-0.35018334	0.2169524	-0.120097265	0.20349617	-0.2692263	0.21947291	-0.1926085	0.12394623
0.06253039	-0.05052226	0.101423115	-0.05537113	0.07215356	-0.049473166	0.06882079	-0.075531885	0.09409255	-0.07154222	0.06673385	-0.07429395	0.13230217	-0.08719663	0.074120894	-0.088777095	0.10745814	-0.10461591	0.10688676	-0.09191298	0.124868914	-0.15127294	0.13336083	-0.10438525	0.09709013	-0.16248867	0.17517792	-0.24082372	0.16824403	-0.1625432	0.20609182	-0.35018334	0.99999815	-0.4988389	0.15149182	-0.099686384	0.10452301	-0.6708493	0.3048252	-0.16188623
-0.073119745	0.058865357	-0.11903602	0.06461539	-0.08461969	0.057429302	-0.0800647	0.08797943	-0.109925024	0.08254818	-0.07763609	0.08573137	-0.15356612	0.100794904	-0.08619358	0.09763322	-0.12015682	0.11752646	-0.12357751	0.10589627	-0.13599178	0.15324534	-0.14505365	0.11956808	-0.11430893	0.16019064	-0.1577083	0.21319896	-0.29746106	0.22633721	-0.22195384	0.2169524	-0.4988389	0.999998	-0.294761	0.08868463	-0.09282485	0.31514913	-0.6056964	0.24015377
0.043972593	-0.035557307	0.07175637	-0.039445143	0.051386546	-0.034709107	0.048301797	-0.05348914	0.067199424	-0.05158458	0.04674333	-0.05210592	0.0930136	-0.062516406	0.053724457	-0.05986883	0.073091246	-0.07333074	0.07777203	-0.069808446	0.08140547	-0.095465966	0.09151147	-0.08076884	0.07805366	-0.097091556	0.091094874	-0.13964511	0.2082728	-0.3211986	0.12201723	-0.120097265	0.15149182	-0.294761	0.9999983	-0.050306756	0.050277654	-0.17161936	0.239193	-0.83690804
-0.046022877	0.037159577	-0.07429848	0.040414203	-0.052664425	0.0364472	-0.050639052	0.05525632	-0.06838117	0.051995415	-0.04918954	0.05466048	-0.0964861	0.06315084	-0.053400587	0.06678874	-0.07918466	0.075238846	-0.07583406	0.06432477	-0.09477993	0.1102293	-0.08840322	0.06937753	-0.06460305	0.14204745	-0.124697484	0.121639654	-0.07094582	0.072196625	-0.26510426	0.20349617	-0.099686384	0.08868463	-0.050306756	0.99999803	-0.9168088	0.094358206	-0.079415604	0.0533908
0.041722294	-0.03381099	0.06728703	-0.036889754	0.047850303	-0.033236615	0.046083815	-0.050405987	0.062406953	-0.04815233	0.044733524	-0.050108433	0.08801749	-0.058254827	0.049199462	-0.06309889	0.073688366	-0.07061408	0.070319355	-0.06050274	0.08887181	-0.11064721	0.08484294	-0.06644993	0.060920205	-0.14342454	0.12677518	-0.12421455	0.07022959	-0.07212311	0.20162068	-0.2692263	0.10452301	-0.09282485	0.050277654	-0.9168088	0.9999978	-0.10470554	0.08009233	-0.053960726
-0.06451883	0.051908854	-0.10482333	0.056732103	-0.074332595	0.050683137	-0.070656076	0.077391826	-0.09640131	0.07212002	-0.068566434	0.07561929	-0.13530047	0.088179804	-0.07515299	0.08698183	-0.10672138	0.10315596	-0.107325345	0.090814695	-0.12249475	0.13772194	-0.12641081	0.10012632	-0.095647976	0.14732608	-0.14987783	0.18600024	-0.15788734	0.1501208	-0.20971528	0.21947291	-0.6708493	0.31514913	-0.17161936	0.094358206	-0.10470554	0.9999978	-0.56494874	0.17409849
0.055362657	-0.044760756	0.08999146	-0.049320344	0.064227946	-0.04377463	0.060874633	-0.06707978	0.083817564	-0.064192146	0.058979817	-0.06573614	0.116872564	-0.07786102	0.06648163	-0.077252105	0.09341235	-0.092296444	0.095678225	-0.08410195	0.106377006	-0.12720037	0.114424326	-0.09585919	0.089645974	-0.13429835	0.12835023	-0.18190438	0.18919683	-0.20309612	0.16888502	-0.1926085	0.3048252	-0.6056964	0.239193	-0.079415604	0.08009233	-0.56494874	0.9999978	-0.35528487
-0.04962053	0.0399764	-0.08102506	0.044153742	-0.057803083	0.03895036	-0.054304313	0.05994645	-0.07522936	0.05674243	-0.052602183	0.058169294	-0.10431257	0.06913419	-0.059419826	0.06527185	-0.080540136	0.07995234	-0.085489675	0.07436479	-0.08939751	0.10102819	-0.09824148	0.084317945	-0.08272004	0.102882914	-0.095801935	0.13974556	-0.21270955	0.21732213	-0.13628562	0.12394623	-0.16188623	0.24015377	-0.83690804	0.0533908	-0.053960726	0.17409849	-0.35528487	0.9999978
