1.0000001	-0.83444417	0.16540663	-0.09874002	0.11567434	-0.34049964	0.21435866	-0.22195542	0.116281115	-0.11374987	0.20803915	-0.14985126	0.14458644	-0.112150885	0.07663196	-0.07696467	0.09486337	-0.10765449	0.08921283	-0.05765969	0.070269965	-0.09024049	0.06469463	-0.06937532	0.062849045	-0.10161862	0.08808241	-0.060547102	0.05910443	-0.096464604	0.07385788	-0.0694211	0.053771477	-0.06563164	0.03431227	-0.07794214	0.047194436	-0.034158435	0.036437005	-0.036558576
-0.83444417	1.0000004	-0.21388532	0.10974442	-0.13142787	0.22319104	-0.31173936	0.21361737	-0.123731285	0.11480097	-0.21571837	0.14606038	-0.15538502	0.10948057	-0.07768562	0.07444361	-0.094724454	0.10464835	-0.08934457	0.05736611	-0.07034026	0.08703724	-0.063546464	0.067560725	-0.06266189	0.09593498	-0.086558044	0.058663324	-0.05808968	0.0935489	-0.0716224	0.066033095	-0.051986028	0.06275021	-0.03318989	0.07356774	-0.045072395	0.032852516	-0.035259996	0.035111178
0.16540663	-0.21388532	1.0000005	-0.6095868	0.32215735	-0.16614486	0.16928461	-0.20966592	0.24629873	-0.287329	0.14419796	-0.16290416	0.16697161	-0.24551807	0.17250101	-0.11802689	0.16331647	-0.20294754	0.17917593	-0.1349504	0.10541945	-0.17712893	0.1319121	-0.14801346	0.14508505	-0.24135363	0.17822683	-0.1292633	0.12453279	-0.24953848	0.16643077	-0.16545802	0.12348498	-0.15654774	0.083815485	-0.19407173	0.11221478	-0.080810316	0.084645644	-0.091933765
-0.09874002	0.10974442	-0.6095868	1.0	-0.66837394	0.09297459	-0.11185794	0.13041733	-0.28107893	0.24071364	-0.08470501	0.09515436	-0.10185529	0.15952143	-0.12053671	0.0662206	-0.09603318	0.11746011	-0.11766082	0.08875982	-0.060113966	0.09925423	-0.07737821	0.08703923	-0.09137862	0.12817904	-0.10043484	0.07384466	-0.0734683	0.14619228	-0.09098083	0.0884418	-0.06812734	0.08509821	-0.04642254	0.10220597	-0.06016936	0.044000614	-0.046526104	0.050206482
0.11567434	-0.13142787	0.32215735	-0.66837394	0.99999994	-0.12844291	0.13665336	-0.16546364	0.26871213	-0.40556914	0.114206046	-0.13331807	0.13961153	-0.22305061	0.17296706	-0.09765013	0.13891323	-0.17260791	0.16214032	-0.13250318	0.0877306	-0.14838487	0.113425076	-0.12811078	0.13471046	-0.1982775	0.14970087	-0.110037915	0.10761261	-0.22653581	0.13840063	-0.1364377	0.10346868	-0.13051616	0.07128396	-0.15909049	0.09265992	-0.06739463	0.070879094	-0.07771403
-0.34049964	0.22319104	-0.16614486	0.09297459	-0.12844291	0.9999999	-0.19320442	0.165101	-0.119255275	0.10910888	-0.7900725	0.24241099	-0.26426268	0.12307299	-0.08339168	0.13022621	-0.13606298	0.13786621	-0.10831748	0.061321516	-0.12635186	0.11576026	-0.08001627	0.08119551	-0.06835649	0.109578125	-0.112775795	0.07134446	-0.07056295	0.096045665	-0.08507091	0.07544839	-0.060477957	0.07091731	-0.036630906	0.081128106	-0.05161386	0.037459396	-0.040677726	0.038038265
0.21435866	-0.31173936	0.16928461	-0.11185794	0.13665336	-0.19320442	0.9999996	-0.8207937	0.18860938	-0.17114414	0.16729297	-0.23917843	0.1941693	-0.14494324	0.09621764	-0.07670444	0.11212839	-0.1276176	0.11052345	-0.071561016	0.07061275	-0.09998829	0.07368659	-0.079931736	0.07471543	-0.107268736	0.09671361	-0.06789856	0.067548886	-0.110996336	0.07916122	-0.073596366	0.058325402	-0.07064534	0.037305687	-0.08161591	0.05008306	-0.03666382	0.03933335	-0.03937389
-0.22195542	0.21361737	-0.20966592	0.13041733	-0.16546364	0.165101	-0.8207937	0.99999946	-0.27960193	0.18385151	-0.16947924	0.1915764	-0.21901657	0.15278175	-0.10784974	0.077275105	-0.11640874	0.12981479	-0.121373415	0.0771311	-0.0729144	0.1013574	-0.07746889	0.08346142	-0.081283435	0.108238466	-0.101026416	0.070324495	-0.07147598	0.1158913	-0.08217501	0.074946955	-0.060519375	0.07247679	-0.03885554	0.08261544	-0.051249366	0.03785378	-0.04086974	0.04071461
0.116281115	-0.123731285	0.24629873	-0.28107893	0.26871213	-0.119255275	0.18860938	-0.27960193	0.9999999	-0.69766533	0.112574786	-0.13650797	0.15087517	-0.38294253	0.20095441	-0.086346485	0.13695477	-0.17207383	0.20841959	-0.14796901	0.07971836	-0.13103087	0.10994569	-0.12821606	0.1351176	-0.14779532	0.12973356	-0.10069198	0.1049229	-0.19870786	0.1093791	-0.10273088	0.08417854	-0.10282524	0.056656864	-0.114472225	0.070027605	-0.052675005	0.056605417	-0.059647832
-0.11374987	0.11480097	-0.287329	0.24071364	-0.40556914	0.10910888	-0.17114414	0.18385151	-0.69766533	1.0	-0.10696609	0.122314535	-0.14161135	0.23656324	-0.3223509	0.07973031	-0.12857199	0.15071937	-0.19172621	0.17191991	-0.07499367	0.120126314	-0.104457244	0.11787249	-0.16086233	0.13657342	-0.12412884	0.0940935	-0.1007385	0.20739858	-0.10498873	0.096109286	-0.08059107	0.09685087	-0.056397084	0.10661585	-0.06600161	0.050422806	-0.054652493	0.05871019
0.20803915	-0.21571837	0.14419796	-0.08470501	0.114206046	-0.7900725	0.16729297	-0.16947924	0.112574786	-0.10696609	0.99999994	-0.3811422	0.24243234	-0.1275702	0.0808894	-0.17044131	0.1420128	-0.14899085	0.10863705	-0.060889848	0.13423292	-0.12601988	0.082086526	-0.08419151	0.06733486	-0.116500326	0.1140186	-0.07443713	0.07172683	-0.09742703	0.086153395	-0.07885752	0.061738715	-0.073538505	0.037044212	-0.085243754	0.0534434	-0.038376134	0.041302145	-0.038796633
-0.14985126	0.14606038	-0.16290416	0.09515436	-0.13331807	0.24241099	-0.23917843	0.1915764	-0.13650797	0.122314535	-0.3811422	1.0000002	-0.76430064	0.16339895	-0.096257865	0.11959807	-0.2460404	0.21837808	-0.14940481	0.071961865	-0.11260481	0.15173292	-0.102192625	0.10289135	-0.07915161	0.1274081	-0.13972254	0.0887513	-0.088082075	0.107850134	-0.09808737	0.08742646	-0.07062074	0.08228712	-0.041334365	0.09214594	-0.05954211	0.0430526	-0.04682441	0.042668685
0.14458644	-0.15538502	0.16697161	-0.10185529	0.13961153	-0.26426268	0.1941693	-0.21901657	0.15087517	-0.14161135	0.24243234	-0.76430064	1.0000002	-0.2232665	0.10922304	-0.12622187	0.22294714	-0.32048428	0.17914863	-0.08423441	0.11318911	-0.17072757	0.11602309	-0.122729704	0.09073873	-0.15091316	0.15029287	-0.103996076	0.10154871	-0.12784372	0.11100442	-0.10209587	0.08140246	-0.0969705	0.04785773	-0.10913814	0.068990104	-0.049921956	0.053823188	-0.049860504
-0.112150885	0.10948057	-0.24551807	0.15952143	-0.22305061	0.12307299	-0.14494324	0.15278175	-0.38294253	0.23656324	-0.1275702	0.16339895	-0.2232665	1.0000002	-0.21183251	0.108335346	-0.21871781	0.25692946	-0.68316877	0.15428129	-0.10584992	0.17259893	-0.1794474	0.20721072	-0.15482806	0.15979391	-0.1770402	0.14532389	-0.17611729	0.1824449	-0.13057804	0.1145812	-0.105524234	0.121312425	-0.06197391	0.11990403	-0.079093345	0.061610397	-0.068244785	0.0627127
0.07663196	-0.07768562	0.17250101	-0.12053671	0.17296706	-0.08339168	0.09621764	-0.10784974	0.20095441	-0.3223509	0.0808894	-0.096257865	0.10922304	-0.21183251	1.0000002	-0.07105812	0.113146834	-0.14081702	0.17172754	-0.6816862	0.06627165	-0.11181469	0.103372805	-0.12624459	0.3105084	-0.12595163	0.11295969	-0.09529923	0.101658106	-0.47124442	0.098310694	-0.09015881	0.08025536	-0.0980519	0.07408198	-0.09908615	0.06201047	-0.05126258	0.055777658	-0.0768854
-0.07696467	0.07444361	-0.11802689	0.0662206	-0.09765013	0.13022621	-0.07670444	0.077275105	-0.086346485	0.07973031	-0.17044131	0.11959807	-0.12622187	0.108335346	-0.07105812	1.0000001	-0.23975421	0.15853867	-0.11181375	0.05342204	-0.88922745	0.22499923	-0.11427705	0.097438194	-0.061422616	0.12665337	-0.18160374	0.09212372	-0.08529119	0.080042586	-0.09896901	0.08610552	-0.06731715	0.07504473	-0.035434216	0.084332615	-0.058213368	0.039944857	-0.04370765	0.035970245
0.09486337	-0.094724454	0.16331647	-0.09603318	0.13891323	-0.13606298	0.11212839	-0.11640874	0.13695477	-0.12857199	0.1420128	-0.2460404	0.22294714	-0.21871781	0.113146834	-0.23975421	1.0000001	-0.636548	0.2264751	-0.08985154	0.1971851	-0.50050557	0.18540876	-0.17579077	0.09819278	-0.20477992	0.24687941	-0.15703365	0.13950956	-0.1287542	0.14308096	-0.13431723	0.102624096	-0.11886339	0.05389164	-0.13241208	0.0879958	-0.06086541	0.06568913	-0.055179827
-0.10765449	0.10464835	-0.20294754	0.11746011	-0.17260791	0.13786621	-0.1276176	0.12981479	-0.17207383	0.15071937	-0.14899085	0.21837808	-0.32048428	0.25692946	-0.14081702	0.15853867	-0.636548	0.99999994	-0.43190342	0.11025748	-0.15911172	0.261031	-0.19639142	0.18743713	-0.119432494	0.17981736	-0.24236876	0.15127936	-0.15851457	0.14516968	-0.14514571	0.12590365	-0.10697723	0.12023177	-0.058053043	0.12598823	-0.086027436	0.062459774	-0.068894945	0.058631886
0.08921283	-0.08934457	0.17917593	-0.11766082	0.16214032	-0.10831748	0.11052345	-0.121373415	0.20841959	-0.19172621	0.10863705	-0.14940481	0.17914863	-0.68316877	0.17172754	-0.11181375	0.2264751	-0.43190342	0.99999994	-0.16929339	0.10478207	-0.1911095	0.19375588	-0.32499003	0.14443377	-0.15879932	0.16812639	-0.16426858	0.18597686	-0.17318869	0.12172419	-0.11189344	0.10289156	-0.12327228	0.057632193	-0.11605027	0.075841054	-0.05921917	0.06484957	-0.058676004
-0.05765969	0.05736611	-0.1349504	0.08875982	-0.13250318	0.061321516	-0.071561016	0.0771311	-0.14796901	0.17191991	-0.060889848	0.071961865	-0.08423441	0.15428129	-0.6816862	0.05342204	-0.08985154	0.11025748	-0.16929339	0.9999999	-0.050699536	0.085341975	-0.08802464	0.11042778	-0.5993661	0.09041693	-0.08653455	0.076716624	-0.08767638	0.30723652	-0.072671436	0.06532273	-0.060463108	0.07225773	-0.052614048	0.07055511	-0.04507962	0.037467655	-0.041215193	0.052779265
0.070269965	-0.07034026	0.10541945	-0.060113966	0.0877306	-0.12635186	0.07061275	-0.0729144	0.07971836	-0.07499367	0.13423292	-0.11260481	0.11318911	-0.10584992	0.06627165	-0.88922745	0.1971851	-0.15911172	0.10478207	-0.050699536	1.0	-0.30200514	0.113944285	-0.09952933	0.057941265	-0.13218105	0.17009126	-0.09581693	0.083506905	-0.077138945	0.095154956	-0.08681915	0.06553192	-0.074655525	0.034142442	-0.08505069	0.057387486	-0.039076	0.042282406	-0.03491441
-0.09024049	0.08703724	-0.17712893	0.09925423	-0.14838487	0.11576026	-0.09998829	0.1013574	-0.13103087	0.120126314	-0.12601988	0.15173292	-0.17072757	0.17259893	-0.11181469	0.22499923	-0.50050557	0.261031	-0.1911095	0.085341975	-0.30200514	0.9999999	-0.325762	0.19687626	-0.099666595	0.23231663	-0.5518041	0.19635066	-0.16953304	0.1250878	-0.1766055	0.16010202	-0.12057381	0.13071933	-0.05845155	0.14446102	-0.10629314	0.069128	-0.075488456	0.058852956
0.06469463	-0.063546464	0.1319121	-0.07737821	0.113425076	-0.08001627	0.07368659	-0.07746889	0.10994569	-0.104457244	0.082086526	-0.102192625	0.11602309	-0.1794474	0.103372805	-0.11427705	0.18540876	-0.19639142	0.19375588	-0.08802464	0.113944285	-0.325762	1.0000001	-0.5612472	0.106534936	-0.15612298	0.20095578	-0.61734486	0.31796575	-0.12803385	0.12232261	-0.116170995	0.13060807	-0.15193726	0.056339353	-0.110727355	0.07767228	-0.06672346	0.0727505	-0.056134757
-0.06937532	0.067560725	-0.14801346	0.08703923	-0.12811078	0.08119551	-0.079931736	0.08346142	-0.12821606	0.11787249	-0.08419151	0.10289135	-0.122729704	0.20721072	-0.12624459	0.097438194	-0.17579077	0.18743713	-0.32499003	0.11042778	-0.09952933	0.19687626	-0.5612472	1.0000004	-0.1492981	0.14321476	-0.18153435	0.3196125	-0.5991395	0.14792784	-0.12257543	0.111761875	-0.14306346	0.16224606	-0.06242571	0.10818881	-0.07709105	0.070160426	-0.07972075	0.06069566
0.062849045	-0.06266189	0.14508505	-0.09137862	0.13471046	-0.06835649	0.07471543	-0.081283435	0.1351176	-0.16086233	0.06733486	-0.07915161	0.09073873	-0.15482806	0.3105084	-0.061422616	0.09819278	-0.119432494	0.14443377	-0.5993661	0.057941265	-0.099666595	0.106534936	-0.1492981	1.0000002	-0.10774745	0.1003754	-0.09525204	0.10737344	-0.67076117	0.08687413	-0.07862961	0.07465689	-0.090655446	0.07486486	-0.08500826	0.05429228	-0.046990737	0.0516486	-0.0754948
-0.10161862	0.09593498	-0.24135363	0.12817904	-0.1982775	0.109578125	-0.107268736	0.108238466	-0.14779532	0.13657342	-0.116500326	0.1274081	-0.15091316	0.15979391	-0.12595163	0.12665337	-0.20477992	0.17981736	-0.15879932	0.09041693	-0.13218105	0.23231663	-0.15612298	0.14321476	-0.10774745	1.0000002	-0.51639587	0.14055201	-0.13741605	0.14009054	-0.62050784	0.24270423	-0.15813486	0.16431163	-0.07906757	0.23454334	-0.16899523	0.09803126	-0.10786255	0.07933134
0.08808241	-0.086558044	0.17822683	-0.10043484	0.14970087	-0.112775795	0.09671361	-0.101026416	0.12973356	-0.12412884	0.1140186	-0.13972254	0.15029287	-0.1770402	0.11295969	-0.18160374	0.24687941	-0.24236876	0.16812639	-0.08653455	0.17009126	-0.5518041	0.20095578	-0.18153435	0.1003754	-0.51639587	1.0000002	-0.19879605	0.15798108	-0.13533911	0.2655095	-0.3115565	0.15531735	-0.17214356	0.07163798	-0.23713543	0.16947486	-0.09422995	0.09861278	-0.073561646
-0.060547102	0.058663324	-0.1292633	0.07384466	-0.110037915	0.07134446	-0.06789856	0.070324495	-0.10069198	0.0940935	-0.07443713	0.0887513	-0.103996076	0.14532389	-0.09529923	0.09212372	-0.15703365	0.15127936	-0.16426858	0.076716624	-0.09581693	0.19635066	-0.61734486	0.3196125	-0.09525204	0.14055201	-0.19879605	1.0000001	-0.6300242	0.112622775	-0.12380389	0.11552793	-0.17647788	0.17743392	-0.061525486	0.10702945	-0.079369165	0.077056624	-0.08626708	0.059499938
0.05910443	-0.05808968	0.12453279	-0.0734683	0.10761261	-0.07056295	0.067548886	-0.07147598	0.1049229	-0.1007385	0.07172683	-0.088082075	0.10154871	-0.17611729	0.101658106	-0.08529119	0.13950956	-0.15851457	0.18597686	-0.08767638	0.083506905	-0.16953304	0.31796575	-0.5991395	0.10737344	-0.13741605	0.15798108	-0.6300242	0.9999998	-0.12999679	0.11776323	-0.114128985	0.16936685	-0.24803303	0.0660204	-0.1084276	0.07781759	-0.07879532	0.08777463	-0.06419988
-0.096464604	0.0935489	-0.24953848	0.14619228	-0.22653581	0.096045665	-0.110996336	0.1158913	-0.19870786	0.20739858	-0.09742703	0.107850134	-0.12784372	0.1824449	-0.47124442	0.080042586	-0.1287542	0.14516968	-0.17318869	0.30723652	-0.077138945	0.1250878	-0.12803385	0.14792784	-0.67076117	0.14009054	-0.13533911	0.112622775	-0.12999679	0.9999999	-0.121529676	0.10393731	-0.10101672	0.11754831	-0.12584381	0.11195967	-0.07281718	0.06455798	-0.07254401	0.11016984
0.07385788	-0.0716224	0.16643077	-0.09098083	0.13840063	-0.08507091	0.07916122	-0.08217501	0.1093791	-0.10498873	0.086153395	-0.09808737	0.11100442	-0.13057804	0.098310694	-0.09896901	0.14308096	-0.14514571	0.12172419	-0.072671436	0.095154956	-0.1766055	0.12232261	-0.12257543	0.08687413	-0.62050784	0.2655095	-0.12380389	0.11776323	-0.121529676	1.0000001	-0.43837982	0.18828101	-0.21448983	0.085852236	-0.4537382	0.25264728	-0.12533583	0.12605548	-0.09070828
-0.0694211	0.066033095	-0.16545802	0.0884418	-0.1364377	0.07544839	-0.073596366	0.074946955	-0.10273088	0.096109286	-0.07885752	0.08742646	-0.10209587	0.1145812	-0.09015881	0.08610552	-0.13431723	0.12590365	-0.11189344	0.06532273	-0.08681915	0.16010202	-0.116170995	0.111761875	-0.07862961	0.24270423	-0.3115565	0.11552793	-0.114128985	0.10393731	-0.43837982	0.99999994	-0.30888486	0.21498433	-0.084298536	0.32498062	-0.6278444	0.15216717	-0.15849882	0.08369427
0.053771477	-0.051986028	0.12348498	-0.06812734	0.10346868	-0.060477957	0.058325402	-0.060519375	0.08417854	-0.08059107	0.061738715	-0.07062074	0.08140246	-0.105524234	0.08025536	-0.06731715	0.102624096	-0.10697723	0.10289156	-0.060463108	0.06553192	-0.12057381	0.13060807	-0.14306346	0.07465689	-0.15813486	0.15531735	-0.17647788	0.16936685	-0.10101672	0.18828101	-0.30888486	0.9999999	-0.7605973	0.13427942	-0.2051893	0.17475201	-0.34610212	0.24822018	-0.14051041
-0.06563164	0.06275021	-0.15654774	0.08509821	-0.13051616	0.07091731	-0.07064534	0.07247679	-0.10282524	0.09685087	-0.073538505	0.08228712	-0.0969705	0.121312425	-0.0980519	0.07504473	-0.11886339	0.12023177	-0.12327228	0.07225773	-0.074655525	0.13071933	-0.15193726	0.16224606	-0.090655446	0.16431163	-0.17214356	0.17743392	-0.24803303	0.11754831	-0.21448983	0.21498433	-0.7605973	0.99999994	-0.19389816	0.17821111	-0.15888114	0.23312096	-0.29484978	0.15920097
0.03431227	-0.03318989	0.083815485	-0.04642254	0.07128396	-0.036630906	0.037305687	-0.03885554	0.056656864	-0.056397084	0.037044212	-0.041334365	0.04785773	-0.06197391	0.07408198	-0.035434216	0.05389164	-0.058053043	0.057632193	-0.052614048	0.034142442	-0.05845155	0.056339353	-0.06242571	0.07486486	-0.07906757	0.07163798	-0.061525486	0.0660204	-0.12584381	0.085852236	-0.084298536	0.13427942	-0.19389816	1.0000005	-0.086728506	0.06309852	-0.12844364	0.14148393	-0.9400131
-0.07794214	0.07356774	-0.19407173	0.10220597	-0.15909049	0.081128106	-0.08161591	0.08261544	-0.114472225	0.10661585	-0.085243754	0.09214594	-0.10913814	0.11990403	-0.09908615	0.084332615	-0.13241208	0.12598823	-0.11605027	0.07055511	-0.08505069	0.14446102	-0.110727355	0.10818881	-0.08500826	0.23454334	-0.23713543	0.10702945	-0.1084276	0.11195967	-0.4537382	0.32498062	-0.2051893	0.17821111	-0.086728506	1.0000005	-0.6724941	0.14658645	-0.16616502	0.084767476
0.047194436	-0.045072395	0.11221478	-0.06016936	0.09265992	-0.05161386	0.05008306	-0.051249366	0.070027605	-0.06600161	0.0534434	-0.05954211	0.068990104	-0.079093345	0.06201047	-0.058213368	0.0879958	-0.086027436	0.075841054	-0.04507962	0.057387486	-0.10629314	0.07767228	-0.07709105	0.05429228	-0.16899523	0.16947486	-0.079369165	0.07781759	-0.07281718	0.25264728	-0.6278444	0.17475201	-0.15888114	0.06309852	-0.6724941	1.0000002	-0.15552591	0.13746881	-0.06369821
-0.034158435	0.032852516	-0.080810316	0.044000614	-0.06739463	0.037459396	-0.03666382	0.03785378	-0.052675005	0.050422806	-0.038376134	0.0430526	-0.049921956	0.061610397	-0.05126258	0.039944857	-0.06086541	0.062459774	-0.05921917	0.037467655	-0.039076	0.069128	-0.06672346	0.070160426	-0.046990737	0.09803126	-0.09422995	0.077056624	-0.07879532	0.06455798	-0.12533583	0.15216717	-0.34610212	0.23312096	-0.12844364	0.14658645	-0.15552591	1.0000002	-0.8724196	0.12705645
0.036437005	-0.035259996	0.084645644	-0.046526104	0.070879094	-0.040677726	0.03933335	-0.04086974	0.056605417	-0.054652493	0.041302145	-0.04682441	0.053823188	-0.068244785	0.055777658	-0.04370765	0.06568913	-0.068894945	0.06484957	-0.041215193	0.042282406	-0.075488456	0.0727505	-0.07972075	0.0516486	-0.10786255	0.09861278	-0.08626708	0.08777463	-0.07254401	0.12605548	-0.15849882	0.24822018	-0.29484978	0.14148393	-0.16616502	0.13746881	-0.8724196	1.0000004	-0.17495073
-0.036558576	0.035111178	-0.091933765	0.050206482	-0.07771403	0.038038265	-0.03937389	0.04071461	-0.059647832	0.05871019	-0.038796633	0.042668685	-0.049860504	0.0627127	-0.0768854	0.035970245	-0.055179827	0.058631886	-0.058676004	0.052779265	-0.03491441	0.058852956	-0.056134757	0.06069566	-0.0754948	0.07933134	-0.073561646	0.059499938	-0.06419988	0.11016984	-0.09070828	0.08369427	-0.14051041	0.15920097	-0.9400131	0.084767476	-0.06369821	0.12705645	-0.17495073	1.0000004
