1.0000001	-0.16064005	0.12257306	-0.03503092	0.06760912	-0.81355786	0.1723704	-0.17980042	0.046118237	-0.04215922	0.28049198	-0.16880177	0.15058874	-0.08232915	0.0560624	-0.2837613	0.16937746	-0.21356003	0.065473974	-0.08549238	0.15424353	-0.21364072	0.11917038	-0.086566955	0.06274517	-0.12921827	0.13220134	-0.11279328	0.07410673	-0.059145592	0.09870057	-0.09130951	0.091717206	-0.090377584	0.061559748	-0.06222509	0.07756689	-0.10031528	0.07155258	-0.06350418
-0.16064005	1.0000002	-0.6427512	0.030714937	-0.053199805	0.12518755	-0.6159879	0.3130086	-0.03903218	0.031694815	-0.12056377	0.22252823	-0.22576751	0.057259798	-0.041770287	0.1055207	-0.12856919	0.14516434	-0.044628005	0.05543379	-0.09200497	0.12278646	-0.08038451	0.05444648	-0.041089028	0.06803738	-0.08874995	0.06778441	-0.04775317	0.037073426	-0.06660578	0.057327956	-0.057106245	0.052857608	-0.03795049	0.03968168	-0.052303866	0.057047207	-0.04338572	0.036687728
0.12257306	-0.6427512	1.0000005	-0.03533502	0.05448488	-0.10201257	0.2990713	-0.6466181	0.04301092	-0.032987986	0.10427113	-0.21405114	0.2053111	-0.05879113	0.04208279	-0.09736375	0.11817607	-0.14743683	0.04499948	-0.056505412	0.08429462	-0.12144677	0.07713435	-0.054186165	0.040608842	-0.06351904	0.08245581	-0.066067405	0.046824526	-0.036730446	0.06204175	-0.054037195	0.054712422	-0.051268253	0.03657041	-0.03724969	0.048863072	-0.05531979	0.041812673	-0.035621557
-0.03503092	0.030714937	-0.03533502	1.0000006	-0.5075745	0.026139105	-0.03456731	0.046938077	-0.7936676	0.20323735	-0.03769495	0.03984049	-0.044374008	0.20173281	-0.16686599	0.03633843	-0.04102022	0.05872141	-0.113419086	0.15476406	-0.039656367	0.053944334	-0.05145407	0.09162239	-0.07125698	0.031441294	-0.043605294	0.046871647	-0.066754125	0.060699876	-0.035711426	0.032138668	-0.03961471	0.042411838	-0.032174148	0.02192927	-0.02880803	0.04179291	-0.034068685	0.031374212
0.06760912	-0.053199805	0.05448488	-0.5075745	1.0000005	-0.050832026	0.06171399	-0.07977739	0.30826297	-0.49016213	0.07398075	-0.076965824	0.08360335	-0.38718584	0.2855325	-0.07273298	0.08181176	-0.1192907	0.21019693	-0.34257382	0.07870734	-0.11122132	0.10430641	-0.19235478	0.14484936	-0.06323754	0.08721047	-0.09684482	0.1340223	-0.12857091	0.07151234	-0.06512374	0.08108921	-0.08805778	0.06634096	-0.04428189	0.05785679	-0.087318435	0.07014137	-0.06592677
-0.81355786	0.12518755	-0.10201257	0.026139105	-0.050832026	1.0000004	-0.17512101	0.13623118	-0.03450521	0.031214537	-0.44184667	0.13387951	-0.121838704	0.059624735	-0.041781075	0.22835968	-0.13567045	0.15388632	-0.047668863	0.06152504	-0.13410997	0.1544355	-0.0897132	0.0628476	-0.04610845	0.10112291	-0.107385255	0.0826857	-0.054650724	0.04306977	-0.07944175	0.07120871	-0.0690152	0.06624295	-0.045660317	0.0488589	-0.06187426	0.07315464	-0.05306591	0.046184786
0.1723704	-0.6159879	0.2990713	-0.03456731	0.06171399	-0.17512101	1.0000001	-0.45569703	0.044911195	-0.037472382	0.1454873	-0.46655682	0.2677778	-0.07020784	0.04951448	-0.13596044	0.17182764	-0.19752418	0.055111814	-0.06816901	0.109885246	-0.16701718	0.099828966	-0.06730418	0.050172683	-0.08295511	0.10621286	-0.08501161	0.058422342	-0.0455095	0.07895206	-0.06919595	0.06966737	-0.064980134	0.04586638	-0.04748948	0.06211032	-0.07025195	0.05283622	-0.044761457
-0.17980042	0.3130086	-0.6466181	0.046938077	-0.07977739	0.13623118	-0.45569703	1.0000002	-0.061613146	0.04747092	-0.15566583	0.26412866	-0.39798003	0.08356268	-0.061997894	0.13555868	-0.16852023	0.20092487	-0.064353995	0.07961981	-0.12769365	0.16235107	-0.112680405	0.07702482	-0.058658116	0.093288995	-0.12494871	0.09389712	-0.06776691	0.052543543	-0.09455043	0.080424346	-0.08009004	0.073709235	-0.05363578	0.055944074	-0.07425556	0.07922813	-0.060914904	0.051363613
0.046118237	-0.03903218	0.04301092	-0.7936676	0.30826297	-0.03450521	0.044911195	-0.061613146	1.0	-0.27734655	0.04995117	-0.05315626	0.059242062	-0.3281792	0.19626029	-0.048445515	0.05501721	-0.0795931	0.15866117	-0.2240102	0.052683353	-0.07263548	0.0695869	-0.12903284	0.098013006	-0.041929856	0.05812596	-0.063576415	0.091125675	-0.08428036	0.047566768	-0.04300062	0.0533426	-0.057380807	0.043225955	-0.029272914	0.038404148	-0.056414578	0.04588641	-0.042323105
-0.04215922	0.031694815	-0.032987986	0.20323735	-0.49016213	0.031214537	-0.037472382	0.04747092	-0.27734655	0.9999999	-0.04587555	0.045891237	-0.05075325	0.22877517	-0.75315917	0.044164095	-0.04930561	0.07075223	-0.13634206	0.20310652	-0.048961155	0.06572868	-0.06366844	0.11393521	-0.09177923	0.038811944	-0.054026768	0.058118746	-0.08443855	0.07692407	-0.044456236	0.03992517	-0.04938611	0.052983522	-0.040470883	0.027271546	-0.035873502	0.052009106	-0.04265836	0.03926855
0.28049198	-0.12056377	0.10427113	-0.03769495	0.07398075	-0.44184667	0.1454873	-0.15566583	0.04995117	-0.04587555	0.99999976	-0.18417555	0.16305386	-0.090245634	0.061634045	-0.68479687	0.23483548	-0.26279995	0.07354725	-0.094277896	0.22340254	-0.2707674	0.14284115	-0.098211035	0.07101653	-0.18356192	0.16753823	-0.13391523	0.08484932	-0.06696164	0.12207594	-0.11340836	0.108724244	-0.10529585	0.07051243	-0.07693965	0.094879754	-0.116945036	0.08318863	-0.07233226
-0.16880177	0.22252823	-0.21405114	0.03984049	-0.076965824	0.13387951	-0.46655682	0.26412866	-0.05315626	0.045891237	-0.18417555	0.99999964	-0.6574594	0.08869402	-0.06279872	0.17174722	-0.3530453	0.2781544	-0.07182735	0.08447783	-0.15066098	0.2189904	-0.13958095	0.085872434	-0.064737394	0.10898908	-0.1472309	0.11142727	-0.075990535	0.05798749	-0.10747652	0.09262817	-0.092260286	0.08349581	-0.059255254	0.06362949	-0.08430544	0.08973946	-0.06857991	0.056815583
0.15058874	-0.22576751	0.2053111	-0.044374008	0.08360335	-0.121838704	0.2677778	-0.39798003	0.059242062	-0.05075325	0.16305386	-0.6574594	0.99999964	-0.108861476	0.069261625	-0.16576572	0.2572584	-0.45378345	0.085290365	-0.09718516	0.14135721	-0.2315348	0.14886445	-0.09606236	0.07090669	-0.10636934	0.14136371	-0.1226391	0.08229832	-0.063502945	0.10420474	-0.091967806	0.09534519	-0.08809983	0.061129194	-0.062579125	0.082194425	-0.09443449	0.07120041	-0.0592927
-0.08232915	0.057259798	-0.05879113	0.20173281	-0.38718584	0.059624735	-0.07020784	0.08356268	-0.3281792	0.22877517	-0.090245634	0.08869402	-0.108861476	0.99999976	-0.3740182	0.08404026	-0.09718061	0.13731815	-0.60896015	0.31925145	-0.09664143	0.11967817	-0.12998322	0.23062423	-0.19697596	0.07493038	-0.10652887	0.111441165	-0.18977655	0.14505446	-0.0877041	0.07727346	-0.09613153	0.10043567	-0.07727559	0.052944586	-0.07047967	0.09561891	-0.082233675	0.07143031
0.0560624	-0.041770287	0.04208279	-0.16686599	0.2855325	-0.041781075	0.04951448	-0.061997894	0.19626029	-0.75315917	0.061634045	-0.06279872	0.069261625	-0.3740182	0.9999995	-0.060020875	0.06786827	-0.09897948	0.20210887	-0.34046513	0.06596029	-0.09097667	0.088888496	-0.1696931	0.1326527	-0.052705582	0.073261395	-0.08159853	0.12000435	-0.11362003	0.060182787	-0.054559704	0.06837869	-0.07407578	0.05573697	-0.037090614	0.048649907	-0.072380856	0.05907984	-0.054562517
-0.2837613	0.1055207	-0.09736375	0.03633843	-0.07273298	0.22835968	-0.13596044	0.13555868	-0.048445515	0.044164095	-0.68479687	0.17174722	-0.16576572	0.08404026	-0.060020875	0.9999996	-0.3571789	0.2393115	-0.069563024	0.08753368	-0.38840878	0.2560864	-0.14663371	0.09321486	-0.068780035	0.20754327	-0.20239016	0.13026641	-0.08296642	0.06399011	-0.14209042	0.12462518	-0.1114717	0.10266828	-0.06983547	0.08513549	-0.10789801	0.11316623	-0.08270313	0.06949716
0.16937746	-0.12856919	0.11817607	-0.04102022	0.08181176	-0.13567045	0.17182764	-0.16852023	0.05501721	-0.04930561	0.23483548	-0.3530453	0.2572584	-0.09718061	0.06786827	-0.3571789	0.9999996	-0.5496687	0.0857055	-0.099471554	0.20228134	-0.5679845	0.19529286	-0.10710724	0.0780908	-0.15016401	0.19579367	-0.15424505	0.09376944	-0.07099987	0.13437124	-0.12116196	0.11887034	-0.10678789	0.0725492	-0.08069194	0.105321	-0.11518582	0.086124666	-0.07038262
-0.21356003	0.14516434	-0.14743683	0.05872141	-0.1192907	0.15388632	-0.19752418	0.20092487	-0.0795931	0.07075223	-0.26279995	0.2781544	-0.45378345	0.13731815	-0.09897948	0.2393115	-0.5496687	0.99999964	-0.13653016	0.13946761	-0.23895833	0.30897254	-0.31073174	0.1472794	-0.11076681	0.16993019	-0.24266838	0.20056807	-0.13128813	0.09740582	-0.17734304	0.15178896	-0.15905096	0.138438	-0.09767385	0.10397285	-0.13939495	0.14713089	-0.114276506	0.09213221
0.065473974	-0.044628005	0.04499948	-0.113419086	0.21019693	-0.047668863	0.055111814	-0.064353995	0.15866117	-0.13634206	0.07354725	-0.07182735	0.085290365	-0.60896015	0.20210887	-0.069563024	0.0857055	-0.13653016	0.99999976	-0.60666317	0.07908861	-0.102499135	0.12170163	-0.3596456	0.2101253	-0.06197362	0.08869666	-0.103589766	0.19376764	-0.15677588	0.072544575	-0.065159604	0.084460445	-0.09008218	0.065423936	-0.044023946	0.058478795	-0.08268514	0.071613386	-0.06060535
-0.08549238	0.05543379	-0.056505412	0.15476406	-0.34257382	0.06152504	-0.06816901	0.07961981	-0.2240102	0.20310652	-0.094277896	0.08447783	-0.09718516	0.31925145	-0.34046513	0.08753368	-0.099471554	0.13946761	-0.60666317	1.0	-0.103114545	0.12543462	-0.1444607	0.27412134	-0.3539462	0.080317095	-0.11519963	0.1250848	-0.24392687	0.20412819	-0.095639855	0.084545165	-0.10814767	0.11493942	-0.08832936	0.057735164	-0.07701155	0.106329896	-0.093733266	0.080507964
0.15424353	-0.09200497	0.08429462	-0.039656367	0.07870734	-0.13410997	0.109885246	-0.12769365	0.052683353	-0.048961155	0.22340254	-0.15066098	0.14135721	-0.09664143	0.06596029	-0.38840878	0.20228134	-0.23895833	0.07908861	-0.103114545	1.0000001	-0.30714822	0.16563797	-0.113516904	0.0812742	-0.70037305	0.2814177	-0.17237556	0.10034008	-0.078687616	0.19400315	-0.18970811	0.14680941	-0.14034753	0.088438034	-0.12635778	0.14122607	-0.15868214	0.108607136	-0.09225064
-0.21364072	0.12278646	-0.12144677	0.053944334	-0.11122132	0.1544355	-0.16701718	0.16235107	-0.07263548	0.06572868	-0.2707674	0.2189904	-0.2315348	0.11967817	-0.09097667	0.2560864	-0.5679845	0.30897254	-0.102499135	0.12543462	-0.30714822	0.99999976	-0.33312887	0.14536227	-0.10866384	0.22076869	-0.37410107	0.22163855	-0.13403192	0.09853644	-0.22463626	0.19710584	-0.18477933	0.15645212	-0.10866507	0.1306809	-0.17585246	0.16831776	-0.12935409	0.102814786
0.11917038	-0.08038451	0.07713435	-0.05145407	0.10430641	-0.0897132	0.099828966	-0.112680405	0.0695869	-0.06366844	0.14284115	-0.13958095	0.14886445	-0.12998322	0.088888496	-0.14663371	0.19529286	-0.31073174	0.12170163	-0.1444607	0.16563797	-0.33312887	0.99999964	-0.26078877	0.1447814	-0.14398396	0.21306144	-0.7161206	0.19556275	-0.14013281	0.16054305	-0.16743734	0.2500054	-0.22239555	0.12036599	-0.10215664	0.13172255	-0.23255065	0.15902574	-0.12033553
-0.086566955	0.05444648	-0.054186165	0.09162239	-0.19235478	0.0628476	-0.06730418	0.07702482	-0.12903284	0.11393521	-0.098211035	0.085872434	-0.09606236	0.23062423	-0.1696931	0.09321486	-0.10710724	0.1472794	-0.3596456	0.27412134	-0.113516904	0.14536227	-0.26078877	0.99999964	-0.48215982	0.09178395	-0.13549402	0.19297116	-0.58883405	0.299944	-0.11312471	0.10430964	-0.15279956	0.16612338	-0.11234255	0.06895497	-0.091962546	0.13974324	-0.12990147	0.10090767
0.06274517	-0.041089028	0.040608842	-0.07125698	0.14484936	-0.04610845	0.050172683	-0.058658116	0.098013006	-0.09177923	0.07101653	-0.064737394	0.07090669	-0.19697596	0.1326527	-0.068780035	0.0780908	-0.11076681	0.2101253	-0.3539462	0.0812742	-0.10866384	0.1447814	-0.48215982	0.9999997	-0.066694304	0.09629631	-0.13724303	0.31645617	-0.69287914	0.08072576	-0.07568121	0.10812955	-0.12744872	0.09110841	-0.05002713	0.06592067	-0.10840768	0.095303774	-0.08587406
-0.12921827	0.06803738	-0.06351904	0.031441294	-0.06323754	0.10112291	-0.08295511	0.093288995	-0.041929856	0.038811944	-0.18356192	0.10898908	-0.10636934	0.07493038	-0.052705582	0.20754327	-0.15016401	0.16993019	-0.06197362	0.080317095	-0.70037305	0.22076869	-0.14398396	0.09178395	-0.066694304	0.99999994	-0.51006377	0.14918955	-0.084561996	0.06437188	-0.27688953	0.22129758	-0.143631	0.12369111	-0.07691861	0.14481562	-0.17090262	0.1389367	-0.0974223	0.077807836
0.13220134	-0.08874995	0.08245581	-0.043605294	0.08721047	-0.107385255	0.10621286	-0.12494871	0.05812596	-0.054026768	0.16753823	-0.1472309	0.14136371	-0.10652887	0.073261395	-0.20239016	0.19579367	-0.24266838	0.08869666	-0.11519963	0.2814177	-0.37410107	0.21306144	-0.13549402	0.09629631	-0.51006377	1.0000001	-0.2613785	0.12414293	-0.09491769	0.27263102	-0.49153343	0.220854	-0.19322523	0.111519665	-0.19006486	0.21769841	-0.21657968	0.1448358	-0.11522521
-0.11279328	0.06778441	-0.066067405	0.046871647	-0.09684482	0.0826857	-0.08501161	0.09389712	-0.063576415	0.058118746	-0.13391523	0.11142727	-0.1226391	0.111441165	-0.08159853	0.13026641	-0.15424505	0.20056807	-0.103589766	0.1250848	-0.17237556	0.22163855	-0.7161206	0.19297116	-0.13724303	0.14918955	-0.2613785	1.0000001	-0.22260715	0.1327055	-0.18394645	0.19005635	-0.4273373	0.222682	-0.12743922	0.11214598	-0.15040098	0.2250932	-0.17446685	0.11896934
0.07410673	-0.04775317	0.046824526	-0.066754125	0.1340223	-0.054650724	0.058422342	-0.06776691	0.091125675	-0.08443855	0.08484932	-0.075990535	0.08229832	-0.18977655	0.12000435	-0.08296642	0.09376944	-0.13128813	0.19376764	-0.24392687	0.10034008	-0.13403192	0.19556275	-0.58883405	0.31645617	-0.084561996	0.12414293	-0.22260715	1.0000002	-0.58941305	0.10516345	-0.10232727	0.16195206	-0.23335943	0.119398095	-0.06567216	0.086511604	-0.15348245	0.14282238	-0.11193891
-0.059145592	0.037073426	-0.036730446	0.060699876	-0.12857091	0.04306977	-0.0455095	0.052543543	-0.08428036	0.07692407	-0.06696164	0.05798749	-0.063502945	0.14505446	-0.11362003	0.06399011	-0.07099987	0.09740582	-0.15677588	0.20412819	-0.078687616	0.09853644	-0.14013281	0.299944	-0.69287914	0.06437188	-0.09491769	0.1327055	-0.58941305	1.0000001	-0.080887616	0.07516893	-0.113806	0.13595374	-0.10410112	0.049589954	-0.06608427	0.10660395	-0.10420216	0.08945741
0.09870057	-0.06660578	0.06204175	-0.035711426	0.07151234	-0.07944175	0.07895206	-0.09455043	0.047566768	-0.044456236	0.12207594	-0.10747652	0.10420474	-0.0877041	0.060182787	-0.14209042	0.13437124	-0.17734304	0.072544575	-0.095639855	0.19400315	-0.22463626	0.16054305	-0.11312471	0.08072576	-0.27688953	0.27263102	-0.18394645	0.10516345	-0.080887616	0.9999998	-0.5457903	0.21209377	-0.1915301	0.10517567	-0.5655053	0.32325	-0.22344463	0.14184223	-0.11080605
-0.09130951	0.057327956	-0.054037195	0.032138668	-0.06512374	0.07120871	-0.06919595	0.080424346	-0.04300062	0.03992517	-0.11340836	0.09262817	-0.091967806	0.07727346	-0.054559704	0.12462518	-0.12116196	0.15178896	-0.065159604	0.084545165	-0.18970811	0.19710584	-0.16743734	0.10430964	-0.07568121	0.22129758	-0.49153343	0.19005635	-0.10232727	0.07516893	-0.5457903	0.99999964	-0.3394561	0.19001716	-0.103629276	0.27713698	-0.4496681	0.21138811	-0.14672989	0.10251965
0.091717206	-0.057106245	0.054712422	-0.03961471	0.08108921	-0.0690152	0.06966737	-0.08009004	0.0533426	-0.04938611	0.108724244	-0.092260286	0.09534519	-0.09613153	0.06837869	-0.1114717	0.11887034	-0.15905096	0.084460445	-0.10814767	0.14680941	-0.18477933	0.2500054	-0.15279956	0.10812955	-0.143631	0.220854	-0.4273373	0.16195206	-0.113806	0.21209377	-0.3394561	0.9999997	-0.5163833	0.17319903	-0.14160264	0.18245506	-0.5103282	0.28223926	-0.17164724
-0.090377584	0.052857608	-0.051268253	0.042411838	-0.08805778	0.06624295	-0.064980134	0.073709235	-0.057380807	0.052983522	-0.10529585	0.08349581	-0.08809983	0.10043567	-0.07407578	0.10266828	-0.10678789	0.138438	-0.09008218	0.11493942	-0.14034753	0.15645212	-0.22239555	0.16612338	-0.12744872	0.12369111	-0.19322523	0.222682	-0.23335943	0.13595374	-0.1915301	0.19001716	-0.5163833	0.9999997	-0.32050225	0.11632012	-0.16062652	0.32550254	-0.5835569	0.24085753
0.061559748	-0.03795049	0.03657041	-0.032174148	0.06634096	-0.045660317	0.04586638	-0.05363578	0.043225955	-0.040470883	0.07051243	-0.059255254	0.061129194	-0.07727559	0.05573697	-0.06983547	0.0725492	-0.09767385	0.065423936	-0.08832936	0.088438034	-0.10866507	0.12036599	-0.11234255	0.09110841	-0.07691861	0.111519665	-0.12743922	0.119398095	-0.10410112	0.10517567	-0.103629276	0.17319903	-0.32050225	0.99999976	-0.06817938	0.08936911	-0.23810473	0.25325644	-0.8686023
-0.06222509	0.03968168	-0.03724969	0.02192927	-0.04428189	0.0488589	-0.04748948	0.055944074	-0.029272914	0.027271546	-0.07693965	0.06362949	-0.062579125	0.052944586	-0.037090614	0.08513549	-0.08069194	0.10397285	-0.044023946	0.057735164	-0.12635778	0.1306809	-0.10215664	0.06895497	-0.05002713	0.14481562	-0.19006486	0.11214598	-0.06567216	0.049589954	-0.5655053	0.27713698	-0.14160264	0.11632012	-0.06817938	1.0000001	-0.74074006	0.14126202	-0.094857976	0.06899862
0.07756689	-0.052303866	0.048863072	-0.02880803	0.05785679	-0.06187426	0.06211032	-0.07425556	0.038404148	-0.035873502	0.094879754	-0.08430544	0.082194425	-0.07047967	0.048649907	-0.10789801	0.105321	-0.13939495	0.058478795	-0.07701155	0.14122607	-0.17585246	0.13172255	-0.091962546	0.06592067	-0.17090262	0.21769841	-0.15040098	0.086511604	-0.06608427	0.32325	-0.4496681	0.18245506	-0.16062652	0.08936911	-0.74074006	1.0	-0.20651849	0.125593	-0.09311065
-0.10031528	0.057047207	-0.05531979	0.04179291	-0.087318435	0.07315464	-0.07025195	0.07922813	-0.056414578	0.052009106	-0.116945036	0.08973946	-0.09443449	0.09561891	-0.072380856	0.11316623	-0.11518582	0.14713089	-0.08268514	0.106329896	-0.15868214	0.16831776	-0.23255065	0.13974324	-0.10840768	0.1389367	-0.21657968	0.2250932	-0.15348245	0.10660395	-0.22344463	0.21138811	-0.5103282	0.32550254	-0.23810473	0.14126202	-0.20651849	1.0	-0.62253666	0.20982176
0.07155258	-0.04338572	0.041812673	-0.034068685	0.07014137	-0.05306591	0.05283622	-0.060914904	0.04588641	-0.04265836	0.08318863	-0.06857991	0.07120041	-0.082233675	0.05907984	-0.08270313	0.086124666	-0.114276506	0.071613386	-0.093733266	0.108607136	-0.12935409	0.15902574	-0.12990147	0.095303774	-0.0974223	0.1448358	-0.17446685	0.14282238	-0.10420216	0.14184223	-0.14672989	0.28223926	-0.5835569	0.25325644	-0.094857976	0.125593	-0.62253666	1.0	-0.34831363
-0.06350418	0.036687728	-0.035621557	0.031374212	-0.06592677	0.046184786	-0.044761457	0.051363613	-0.042323105	0.03926855	-0.07233226	0.056815583	-0.0592927	0.07143031	-0.054562517	0.06949716	-0.07038262	0.09213221	-0.06060535	0.080507964	-0.09225064	0.102814786	-0.12033553	0.10090767	-0.08587406	0.077807836	-0.11522521	0.11896934	-0.11193891	0.08945741	-0.11080605	0.10251965	-0.17164724	0.24085753	-0.8686023	0.06899862	-0.09311065	0.20982176	-0.34831363	1.0
