1.0	-0.48136157	0.2561283	-0.22769985	0.2550287	-0.26804876	0.2651183	-0.1884278	0.16292267	-0.26203027	0.2307429	-0.2717528	0.24314849	-0.28685597	0.21774147	-0.1826474	0.22438505	-0.19590671	0.24108447	-0.3977993	0.14175229	-0.19951764	0.2075292	-0.30198047	0.19297025	-0.27835158	0.18743291	-0.16612048	0.14627682	-0.27561122	0.079689555	-0.11458845	0.124585845	-0.06890156	0.08586267	-0.08671894	0.10544696	-0.0917508	0.06134286	-0.083117135
-0.48136157	0.9999998	-0.3496343	0.19913897	-0.20857732	0.24993946	-0.62914515	0.18434756	-0.16703728	0.17267923	-0.26997125	0.2618838	-0.24512942	0.19239168	-0.1510211	0.11242447	-0.18240447	0.14688143	-0.16128534	0.19982156	-0.09217913	0.13615073	-0.15207703	0.1719695	-0.10047122	0.15310697	-0.1190711	0.09131651	-0.082959644	0.134262	-0.04857349	0.06945403	-0.07584575	0.037982956	-0.046799373	0.051480886	-0.064894676	0.054355495	-0.03431217	0.04316351
0.2561283	-0.3496343	0.99999994	-0.6472266	0.29247257	-0.17143373	0.211498	-0.37007242	0.26957363	-0.2555835	0.16398738	-0.19095135	0.18057056	-0.2128004	0.17721105	-0.10916112	0.15350063	-0.13311793	0.1626116	-0.25043964	0.087050855	-0.12872973	0.13947721	-0.18752104	0.12072083	-0.16112055	0.11774852	-0.10079739	0.090477474	-0.16612557	0.049448397	-0.07087073	0.07801572	-0.041493516	0.05156289	-0.053207196	0.06593027	-0.056559946	0.0372078	-0.04834673
-0.22769985	0.19913897	-0.6472266	1.0000001	-0.5046545	0.12496215	-0.16033024	0.27174017	-0.39670682	0.22607891	-0.13074204	0.14200805	-0.14713237	0.16815452	-0.1579942	0.0822662	-0.122897975	0.10483365	-0.129037	0.1866882	-0.06673912	0.09980315	-0.11135579	0.14148356	-0.09108171	0.120349705	-0.091800235	0.075915486	-0.068909876	0.12217642	-0.038418707	0.05481215	-0.061044656	0.031838264	-0.040064193	0.04104681	-0.05151034	0.04376643	-0.028684255	0.03696746
0.2550287	-0.20857732	0.29247257	-0.5046545	1.0000001	-0.1488457	0.16637345	-0.22411643	0.21463788	-0.5273728	0.1527505	-0.18474424	0.19708781	-0.28809997	0.2655207	-0.12052573	0.17115514	-0.15272887	0.19897789	-0.3347592	0.09647521	-0.14580278	0.16054748	-0.22716445	0.15602359	-0.18311031	0.13511911	-0.12139982	0.10940162	-0.21349797	0.057092942	-0.08182685	0.09093336	-0.049228802	0.061152145	-0.06158361	0.076288626	-0.065906204	0.044100814	-0.057193488
-0.26804876	0.24993946	-0.17143373	0.12496215	-0.1488457	0.9999999	-0.42964694	0.12622128	-0.11369087	0.12965515	-0.7782318	0.25927684	-0.20591544	0.1576976	-0.117193975	0.119228244	-0.15572314	0.12415044	-0.13067219	0.15225108	-0.09883087	0.117379256	-0.12746933	0.13827409	-0.077345856	0.13061185	-0.10240471	0.07343086	-0.06691648	0.10220607	-0.041060597	0.058592696	-0.06354411	0.03034919	-0.036649313	0.0430782	-0.0548856	0.045250487	-0.027530624	0.033485565
0.2651183	-0.62914515	0.211498	-0.16033024	0.16637345	-0.42964694	1.0	-0.21183406	0.15592702	-0.15337272	0.27965635	-0.44491184	0.23370232	-0.18873696	0.13358134	-0.10485195	0.16743559	-0.14000449	0.1433849	-0.17346725	0.084168725	-0.12721577	0.13522722	-0.15513563	0.0869073	-0.13695051	0.10487848	-0.08045958	0.0727889	-0.11553171	0.042395916	-0.06103291	0.065546826	-0.032482278	0.039150868	-0.045004167	0.05638587	-0.04726369	0.029325215	-0.03607452
-0.1884278	0.18434756	-0.37007242	0.27174017	-0.22411643	0.12622128	-0.21183406	0.9999997	-0.8216021	0.17901215	-0.1282931	0.14083774	-0.14232944	0.14113441	-0.1327535	0.06871051	-0.10767924	0.09132407	-0.10752875	0.14297833	-0.056012217	0.08464417	-0.09492717	0.114250675	-0.07075569	0.0975344	-0.07566662	0.060535938	-0.055162463	0.09333274	-0.031286847	0.04468417	-0.04942188	0.025226207	-0.03144546	0.0332807	-0.041921932	0.035364028	-0.02277792	0.028856127
0.16292267	-0.16703728	0.26957363	-0.39670682	0.21463788	-0.11369087	0.15592702	-0.8216021	0.9999996	-0.21872242	0.109833635	-0.128024	0.124852516	-0.1436436	0.13411191	-0.064378805	0.0979605	-0.084840335	0.10204716	-0.14256914	0.05207477	-0.07900384	0.08767606	-0.11015451	0.06939379	-0.09253431	0.07072107	-0.05812838	0.05281941	-0.09188273	0.029360995	-0.042004105	0.04640395	-0.023956686	0.02974224	-0.031339902	0.03929147	-0.033327263	0.02159287	-0.027395956
-0.26203027	0.17267923	-0.2555835	0.22607891	-0.5273728	0.12965515	-0.15337272	0.17901215	-0.21872242	0.99999964	-0.14595255	0.16630915	-0.21243978	0.28156587	-0.6284243	0.096873716	-0.1629085	0.14233555	-0.19164847	0.2510609	-0.08032885	0.12735727	-0.15094273	0.17990188	-0.12552884	0.14167756	-0.11620861	0.09390893	-0.08780093	0.14911214	-0.04819277	0.0685001	-0.07763108	0.039561607	-0.05027683	0.050998148	-0.065159	0.05478531	-0.0359199	0.045071714
0.2307429	-0.26997125	0.16398738	-0.13074204	0.1527505	-0.7782318	0.27965635	-0.1282931	0.109833635	-0.14595255	0.99999934	-0.37208208	0.2148004	-0.18729185	0.12896246	-0.16033894	0.16764133	-0.13992587	0.14437392	-0.1750137	0.11673698	-0.13503736	0.13875984	-0.15991488	0.088070974	-0.15573236	0.11522372	-0.08422377	0.07602586	-0.117381394	0.046222314	-0.066335335	0.07091506	-0.034016892	0.040435515	-0.04875798	0.06144459	-0.0509626	0.030775212	-0.037152402
-0.2717528	0.2618838	-0.19095135	0.14200805	-0.18474424	0.25927684	-0.44491184	0.14083774	-0.128024	0.16630915	-0.37208208	0.9999995	-0.59846073	0.24357693	-0.1701795	0.12450138	-0.30538046	0.21865562	-0.19633101	0.19165151	-0.10285496	0.1780712	-0.19845481	0.1892126	-0.09854643	0.161028	-0.13374032	0.09504816	-0.0872827	0.12610061	-0.052049123	0.07530463	-0.079516105	0.037765533	-0.044677064	0.0546313	-0.069181	0.05704547	-0.034285024	0.04049758
0.24314849	-0.24512942	0.18057056	-0.14713237	0.19708781	-0.20591544	0.23370232	-0.14232944	0.124852516	-0.21243978	0.2148004	-0.59846073	0.9999994	-0.47158107	0.21595229	-0.12895289	0.2545434	-0.3484503	0.23918578	-0.23442732	0.10443341	-0.19633201	0.2220571	-0.23541284	0.11714549	-0.17789133	0.1425696	-0.11100857	0.10127653	-0.14925146	0.056420643	-0.082246475	0.08653942	-0.042162567	0.049040634	-0.05988041	0.074767895	-0.062690035	0.038127534	-0.04452662
-0.28685597	0.19239168	-0.2128004	0.16815452	-0.28809997	0.1576976	-0.18873696	0.14113441	-0.1436436	0.28156587	-0.18729185	0.24357693	-0.47158107	0.9999994	-0.55544084	0.116541676	-0.22896682	0.22046913	-0.35018906	0.26305324	-0.09773963	0.16897936	-0.21254754	0.2387819	-0.1344747	0.16610853	-0.14221913	0.11269466	-0.107127614	0.15762037	-0.057210132	0.08187245	-0.09105635	0.044810805	-0.054346606	0.06013847	-0.0771148	0.064294256	-0.040819533	0.048377417
0.21774147	-0.1510211	0.17721105	-0.1579942	0.2655207	-0.117193975	0.13358134	-0.1327535	0.13411191	-0.6284243	0.12896246	-0.1701795	0.21595229	-0.55544084	0.9999991	-0.08993294	0.15442382	-0.14648388	0.20294593	-0.35148412	0.07416633	-0.123024106	0.14468476	-0.18876149	0.13829808	-0.13161373	0.10780428	-0.0929294	0.08709477	-0.16077308	0.04439008	-0.06354055	0.07139586	-0.036616698	0.044959713	-0.04711914	0.059843324	-0.05071095	0.033176538	-0.04026623
-0.1826474	0.11242447	-0.10916112	0.0822662	-0.12052573	0.119228244	-0.10485195	0.06871051	-0.064378805	0.096873716	-0.16033894	0.12450138	-0.12895289	0.116541676	-0.08993294	0.99999875	-0.20951895	0.13264021	-0.13233759	0.12664811	-0.85498047	0.19349095	-0.17765005	0.13818969	-0.07018362	0.26222828	-0.21844433	0.09091533	-0.08572749	0.08975498	-0.07862308	0.107680365	-0.11757072	0.041400626	-0.046503164	0.0757565	-0.10685674	0.07842996	-0.038851153	0.04035719
0.22438505	-0.18240447	0.15350063	-0.122897975	0.17115514	-0.15572314	0.16743559	-0.10767924	0.0979605	-0.1629085	0.16764133	-0.30538046	0.2545434	-0.22896682	0.15442382	-0.20951895	0.99999887	-0.5251991	0.2592464	-0.22826417	0.16640489	-0.53942585	0.3253219	-0.28716215	0.120873906	-0.2740927	0.2295529	-0.13997948	0.12506701	-0.15402614	0.082587056	-0.12638633	0.116869055	-0.051540036	0.056179386	-0.08715096	0.106611736	-0.08702231	0.04676056	-0.050790247
-0.19590671	0.14688143	-0.13311793	0.10483365	-0.15272887	0.12415044	-0.14000449	0.09132407	-0.084840335	0.14233555	-0.13992587	0.21865562	-0.3484503	0.22046913	-0.14648388	0.13264021	-0.5251991	0.9999989	-0.43597198	0.19950311	-0.112996764	0.28270254	-0.5531837	0.27332506	-0.10766077	0.18439375	-0.16867483	0.116265565	-0.10899315	0.12976363	-0.06128944	0.09095654	-0.09095896	0.041695457	-0.046004366	0.06396109	-0.08062838	0.06598305	-0.037944403	0.04112544
0.24108447	-0.16128534	0.1626116	-0.129037	0.19897789	-0.13067219	0.1433849	-0.10752875	0.10204716	-0.19164847	0.14437392	-0.19633101	0.23918578	-0.35018906	0.20294593	-0.13233759	0.2592464	-0.43597198	0.9999991	-0.35279864	0.10947325	-0.21968317	0.27312914	-0.6227917	0.17175886	-0.19633661	0.1668045	-0.17699051	0.16683693	-0.19659464	0.066624045	-0.09752294	0.10704897	-0.055154137	0.059623014	-0.07108225	0.08922567	-0.077220425	0.049719505	-0.052924458
-0.3977993	0.19982156	-0.25043964	0.1866882	-0.3347592	0.15225108	-0.17346725	0.14297833	-0.14256914	0.2510609	-0.1750137	0.19165151	-0.23442732	0.26305324	-0.35148412	0.12664811	-0.22826417	0.19950311	-0.35279864	0.99999917	-0.10749601	0.17571922	-0.21904103	0.2673356	-0.46473044	0.1878806	-0.1680503	0.14266443	-0.14399303	0.294427	-0.07011641	0.098930806	-0.117778264	0.060667127	-0.07985576	0.07357259	-0.09645271	0.08096735	-0.055701558	0.06841826
0.14175229	-0.09217913	0.087050855	-0.06673912	0.09647521	-0.09883087	0.084168725	-0.056012217	0.05207477	-0.08032885	0.11673698	-0.10285496	0.10443341	-0.09773963	0.07416633	-0.85498047	0.16640489	-0.112996764	0.10947325	-0.10749601	0.99999917	-0.20965436	0.14922082	-0.11978388	0.059398174	-0.37971762	0.19307272	-0.079119086	0.07289043	-0.076527044	0.06772424	-0.0957606	0.09655979	-0.03445266	0.037848778	-0.066269316	0.08954671	-0.06650314	0.03213766	-0.033189323
-0.19951764	0.13615073	-0.12872973	0.09980315	-0.14580278	0.117379256	-0.12721577	0.08464417	-0.07900384	0.12735727	-0.13503736	0.1780712	-0.19633201	0.16897936	-0.123024106	0.19349095	-0.53942585	0.28270254	-0.21968317	0.17571922	-0.20965436	0.9999989	-0.5535215	0.2274429	-0.09850181	0.26840547	-0.4217929	0.13254493	-0.12167802	0.12318308	-0.10148415	0.15503372	-0.13271917	0.05002138	-0.052700955	0.09861886	-0.130644	0.09622879	-0.04616339	0.046856564
0.2075292	-0.15207703	0.13947721	-0.11135579	0.16054748	-0.12746933	0.13522722	-0.09492717	0.08767606	-0.15094273	0.13875984	-0.19845481	0.2220571	-0.21254754	0.14468476	-0.17765005	0.3253219	-0.5531837	0.27312914	-0.21904103	0.14922082	-0.5535215	0.99999905	-0.36243162	0.12142989	-0.25638697	0.22522411	-0.14900203	0.13425176	-0.15126838	0.08035718	-0.123715	0.11468387	-0.051287174	0.054701738	-0.084844515	0.10392018	-0.08541757	0.046503328	-0.04917787
-0.30198047	0.1719695	-0.18752104	0.14148356	-0.22716445	0.13827409	-0.15513563	0.114250675	-0.11015451	0.17990188	-0.15991488	0.1892126	-0.23541284	0.2387819	-0.18876149	0.13818969	-0.28716215	0.27332506	-0.6227917	0.2673356	-0.11978388	0.2274429	-0.36243162	0.999999	-0.21115191	0.20767742	-0.20376487	0.22168034	-0.30173814	0.20487276	-0.08058289	0.11571526	-0.13785362	0.07157676	-0.07536276	0.084248774	-0.110759996	0.09472751	-0.06608137	0.06484512
0.19297025	-0.10047122	0.12072083	-0.09108171	0.15602359	-0.077345856	0.0869073	-0.07075569	0.06939379	-0.12552884	0.088070974	-0.09854643	0.11714549	-0.1344747	0.13829808	-0.07018362	0.120873906	-0.10766077	0.17175886	-0.46473044	0.059398174	-0.09850181	0.12142989	-0.21115191	0.999999	-0.10774118	0.09745421	-0.12558205	0.12908614	-0.80480045	0.04082166	-0.05847724	0.070953086	-0.040813237	0.048900656	-0.043473426	0.05620661	-0.049634784	0.036791008	-0.04224849
-0.27835158	0.15310697	-0.16112055	0.120349705	-0.18311031	0.13061185	-0.13695051	0.0975344	-0.09253431	0.14167756	-0.15573236	0.161028	-0.17789133	0.16610853	-0.13161373	0.26222828	-0.2740927	0.18439375	-0.19633661	0.1878806	-0.37971762	0.26840547	-0.25638697	0.20767742	-0.10774118	0.9999989	-0.5872697	0.16327544	-0.15599589	0.13720542	-0.17262168	0.22975282	-0.24012926	0.07533401	-0.08118675	0.1556108	-0.2290161	0.15755975	-0.07157396	0.06963345
0.18743291	-0.1190711	0.11774852	-0.091800235	0.13511911	-0.10240471	0.10487848	-0.07566662	0.07072107	-0.11620861	0.11522372	-0.13374032	0.1425696	-0.14221913	0.10780428	-0.21844433	0.2295529	-0.16867483	0.1668045	-0.1680503	0.19307272	-0.4217929	0.22522411	-0.20376487	0.09745421	-0.5872697	0.99999917	-0.20826061	0.1583173	-0.12745613	0.18335922	-0.42102134	0.20141973	-0.06743305	0.06447475	-0.18733068	0.22015509	-0.16480145	0.062018897	-0.05793939
-0.16612048	0.09131651	-0.10079739	0.075915486	-0.12139982	0.07343086	-0.08045958	0.060535938	-0.05812838	0.09390893	-0.08422377	0.09504816	-0.11100857	0.11269466	-0.0929294	0.09091533	-0.13997948	0.116265565	-0.17699051	0.14266443	-0.079119086	0.13254493	-0.14900203	0.22168034	-0.12558205	0.16327544	-0.20826061	0.9999993	-0.87133735	0.14932655	-0.074640766	0.1141983	-0.17497762	0.097832076	-0.07240481	0.08118795	-0.106102906	0.11164269	-0.09138665	0.060468014
0.14627682	-0.082959644	0.090477474	-0.068909876	0.10940162	-0.06691648	0.0727889	-0.055162463	0.05281941	-0.08780093	0.07602586	-0.0872827	0.10127653	-0.107127614	0.08709477	-0.08572749	0.12506701	-0.10899315	0.16683693	-0.14399303	0.07289043	-0.12167802	0.13425176	-0.30173814	0.12908614	-0.15599589	0.1583173	-0.87133735	0.99999917	-0.18130428	0.064613596	-0.10050416	0.13327138	-0.1096474	0.0681747	-0.07275413	0.08981694	-0.09929291	0.0889623	-0.058323376
-0.27561122	0.134262	-0.16612557	0.12217642	-0.21349797	0.10220607	-0.11553171	0.09333274	-0.09188273	0.14911214	-0.117381394	0.12610061	-0.14925146	0.15762037	-0.16077308	0.08975498	-0.15402614	0.12976363	-0.19659464	0.294427	-0.076527044	0.12318308	-0.15126838	0.20487276	-0.80480045	0.13720542	-0.12745613	0.14932655	-0.18130428	0.9999994	-0.053606275	0.07605817	-0.094569065	0.053662844	-0.06794507	0.056650423	-0.07443916	0.06478166	-0.049060732	0.057156213
0.079689555	-0.04857349	0.049448397	-0.038418707	0.057092942	-0.041060597	0.042395916	-0.031286847	0.029360995	-0.04819277	0.046222314	-0.052049123	0.056420643	-0.057210132	0.04439008	-0.07862308	0.082587056	-0.06128944	0.066624045	-0.07011641	0.06772424	-0.10148415	0.08035718	-0.08058289	0.04082166	-0.17262168	0.18335922	-0.074640766	0.064613596	-0.053606275	0.99999964	-0.48691165	0.1853391	-0.042957917	0.03680827	-0.7878052	0.2708513	-0.16415435	0.04074855	-0.033269353
-0.11458845	0.06945403	-0.07087073	0.05481215	-0.08182685	0.058592696	-0.06103291	0.04468417	-0.042004105	0.0685001	-0.066335335	0.07530463	-0.082246475	0.08187245	-0.06354055	0.107680365	-0.12638633	0.09095654	-0.09752294	0.098930806	-0.0957606	0.15503372	-0.123715	0.11571526	-0.05847724	0.22975282	-0.42102134	0.1141983	-0.10050416	0.07605817	-0.48691165	0.99999964	-0.3309357	0.06400948	-0.05356654	0.3011199	-0.55847114	0.24276121	-0.061506525	0.047788262
0.124585845	-0.07584575	0.07801572	-0.061044656	0.09093336	-0.06354411	0.065546826	-0.04942188	0.04640395	-0.07763108	0.07091506	-0.079516105	0.08653942	-0.09105635	0.07139586	-0.11757072	0.116869055	-0.09095896	0.10704897	-0.117778264	0.09655979	-0.13271917	0.11468387	-0.13785362	0.070953086	-0.24012926	0.20141973	-0.17497762	0.13327138	-0.094569065	0.1853391	-0.3309357	0.99999946	-0.13134742	0.081409976	-0.25901625	0.30370337	-0.7541697	0.11146174	-0.07696987
-0.06890156	0.037982956	-0.041493516	0.031838264	-0.049228802	0.03034919	-0.032482278	0.025226207	-0.023956686	0.039561607	-0.034016892	0.037765533	-0.042162567	0.044810805	-0.036616698	0.041400626	-0.051540036	0.041695457	-0.055154137	0.060667127	-0.03445266	0.05002138	-0.051287174	0.07157676	-0.040813237	0.07533401	-0.06743305	0.097832076	-0.1096474	0.053662844	-0.042957917	0.06400948	-0.13134742	0.9999995	-0.3361357	0.052103613	-0.06991177	0.09763611	-0.8831296	0.24919568
0.08586267	-0.046799373	0.05156289	-0.040064193	0.061152145	-0.036649313	0.039150868	-0.03144546	0.02974224	-0.05027683	0.040435515	-0.044677064	0.049040634	-0.054346606	0.044959713	-0.046503164	0.056179386	-0.046004366	0.059623014	-0.07985576	0.037848778	-0.052700955	0.054701738	-0.07536276	0.048900656	-0.08118675	0.06447475	-0.07240481	0.0681747	-0.06794507	0.03680827	-0.05356654	0.081409976	-0.3361357	0.9999997	-0.043881938	0.054183494	-0.06408636	0.25061342	-0.8909312
-0.08671894	0.051480886	-0.053207196	0.04104681	-0.06158361	0.0430782	-0.045004167	0.0332807	-0.031339902	0.050998148	-0.04875798	0.0546313	-0.05988041	0.06013847	-0.04711914	0.0757565	-0.08715096	0.06396109	-0.07108225	0.07357259	-0.066269316	0.09861886	-0.084844515	0.084248774	-0.043473426	0.1556108	-0.18733068	0.08118795	-0.07275413	0.056650423	-0.7878052	0.3011199	-0.25901625	0.052103613	-0.043881938	0.9999993	-0.42403844	0.19541782	-0.05059405	0.038950447
0.10544696	-0.064894676	0.06593027	-0.05151034	0.076288626	-0.0548856	0.05638587	-0.041921932	0.03929147	-0.065159	0.06144459	-0.069181	0.074767895	-0.0771148	0.059843324	-0.10685674	0.106611736	-0.08062838	0.08922567	-0.09645271	0.08954671	-0.130644	0.10392018	-0.110759996	0.05620661	-0.2290161	0.22015509	-0.106102906	0.08981694	-0.07443916	0.2708513	-0.55847114	0.30370337	-0.06991177	0.054183494	-0.42403844	0.9999992	-0.5272831	0.06619352	-0.05054114
-0.0917508	0.054355495	-0.056559946	0.04376643	-0.065906204	0.045250487	-0.04726369	0.035364028	-0.033327263	0.05478531	-0.0509626	0.05704547	-0.062690035	0.064294256	-0.05071095	0.07842996	-0.08702231	0.06598305	-0.077220425	0.08096735	-0.06650314	0.09622879	-0.08541757	0.09472751	-0.049634784	0.15755975	-0.16480145	0.11164269	-0.09929291	0.06478166	-0.16415435	0.24276121	-0.7541697	0.09763611	-0.06408636	0.19541782	-0.5272831	0.9999992	-0.10131973	0.05908065
0.06134286	-0.03431217	0.0372078	-0.028684255	0.044100814	-0.027530624	0.029325215	-0.02277792	0.02159287	-0.0359199	0.030775212	-0.034285024	0.038127534	-0.040819533	0.033176538	-0.038851153	0.04676056	-0.037944403	0.049719505	-0.055701558	0.03213766	-0.04616339	0.046503328	-0.06608137	0.036791008	-0.07157396	0.062018897	-0.09138665	0.0889623	-0.049060732	0.04074855	-0.061506525	0.11146174	-0.8831296	0.25061342	-0.05059405	0.06619352	-0.10131973	0.9999993	-0.3499161
-0.083117135	0.04316351	-0.04834673	0.03696746	-0.057193488	0.033485565	-0.03607452	0.028856127	-0.027395956	0.045071714	-0.037152402	0.04049758	-0.04452662	0.048377417	-0.04026623	0.04035719	-0.050790247	0.04112544	-0.052924458	0.06841826	-0.033189323	0.046856564	-0.04917787	0.06484512	-0.04224849	0.06963345	-0.05793939	0.060468014	-0.058323376	0.057156213	-0.033269353	0.047788262	-0.07696987	0.24919568	-0.8909312	0.038950447	-0.05054114	0.05908065	-0.3499161	0.9999993
