1.0000001	-0.37972704	0.20496717	-0.11830732	0.13814737	-0.76198846	0.2705338	-0.22207539	0.118985586	-0.06294599	0.2508134	-0.20675518	0.16003926	-0.13411543	0.07072634	-0.21715957	0.1749474	-0.1584783	0.08423327	-0.08545856	0.14707576	-0.17086674	0.12824623	-0.11438515	0.081150986	-0.13439342	0.1312479	-0.20109127	0.11409235	-0.06913525	0.10228522	-0.15284723	0.07772286	-0.05241227	0.03854919	-0.09436714	0.11036068	-0.08665762	0.05697943	-0.037936646
-0.37972704	1.0000002	-0.6152949	0.17489173	-0.21633984	0.2482059	-0.48151797	0.31549984	-0.17506638	0.08886597	-0.20999318	0.22915983	-0.21679245	0.17234923	-0.10209827	0.1563832	-0.20810536	0.17732489	-0.10725918	0.10378095	-0.13657093	0.16228898	-0.14282225	0.122618765	-0.09259633	0.11309238	-0.1264706	0.18392146	-0.12993985	0.07684082	-0.09595533	0.13622968	-0.07401907	0.052715097	-0.03938474	0.08408878	-0.109128036	0.08052411	-0.058019258	0.038319368
0.20496717	-0.6152949	1.0000001	-0.22369744	0.19216788	-0.18635659	0.3018201	-0.6121361	0.18179864	-0.08474899	0.15465829	-0.21621473	0.21189548	-0.18695477	0.0923786	-0.12855375	0.17217566	-0.1782395	0.10090529	-0.10135931	0.11109347	-0.14996284	0.13042174	-0.114670284	0.08265444	-0.097068064	0.1116795	-0.17460223	0.112884715	-0.06957579	0.081682734	-0.12301468	0.06615843	-0.046791106	0.03486421	-0.0728923	0.093248956	-0.07230278	0.051081337	-0.034100313
-0.11830732	0.17489173	-0.22369744	1.0	-0.6688161	0.09959907	-0.1511217	0.17668176	-0.5647714	0.18064532	-0.1152501	0.1554465	-0.1918308	0.27375218	-0.19299701	0.09556497	-0.13935547	0.15392996	-0.14514033	0.13928539	-0.09304086	0.13236643	-0.12312926	0.110533945	-0.08704999	0.08120025	-0.09978229	0.16370575	-0.113494284	0.07253665	-0.07186751	0.110273205	-0.06124272	0.04471094	-0.033651482	0.0637034	-0.084836215	0.06655082	-0.048853233	0.032857433
0.13814737	-0.21633984	0.19216788	-0.6688161	1.0000001	-0.120356254	0.16782248	-0.18922931	0.2989368	-0.30294845	0.1425791	-0.20307687	0.21081541	-0.33460265	0.22445716	-0.12430607	0.17400204	-0.20543136	0.17053534	-0.19527596	0.12242921	-0.19097695	0.16148767	-0.15305834	0.11491874	-0.111937955	0.14040144	-0.25317985	0.14775959	-0.09895179	0.098749235	-0.1616267	0.088121824	-0.062577054	0.046795428	-0.089172155	0.11681055	-0.0967071	0.06775934	-0.04612562
-0.76198846	0.2482059	-0.18635659	0.09959907	-0.120356254	1.0000001	-0.3766252	0.1941602	-0.10384196	0.053625222	-0.37305087	0.18344167	-0.14361715	0.113025054	-0.060889374	0.19900206	-0.16316964	0.13357782	-0.07127451	0.07085352	-0.13724284	0.13896199	-0.108046696	0.09393419	-0.06783137	0.11330223	-0.10929108	0.15741295	-0.095714964	0.057194665	-0.08681084	0.122324914	-0.06294472	0.042767707	-0.03155011	0.07778668	-0.0924487	0.069680914	-0.046718203	0.030912887
0.2705338	-0.48151797	0.3018201	-0.1511217	0.16782248	-0.3766252	0.99999994	-0.5512956	0.16084753	-0.07652733	0.20009695	-0.38883853	0.23426427	-0.17762482	0.08554978	-0.16407907	0.22311854	-0.19654366	0.09960769	-0.09878636	0.12928267	-0.16827638	0.14209104	-0.12196458	0.086960286	-0.11162025	0.12415208	-0.18491904	0.120054625	-0.0729286	0.09116298	-0.13443178	0.07149181	-0.05014887	0.037275143	-0.08125572	0.102126986	-0.07812724	0.05479258	-0.036418296
-0.22207539	0.31549984	-0.6121361	0.17668176	-0.18922931	0.1941602	-0.5512956	0.99999976	-0.21966808	0.084433	-0.16518039	0.23903626	-0.32249373	0.1974567	-0.09436416	0.1301075	-0.1963729	0.19097744	-0.104981095	0.10109612	-0.11274517	0.1472987	-0.13833956	0.114990085	-0.08408249	0.095307484	-0.11061216	0.16516192	-0.11497923	0.06974492	-0.08060177	0.117884114	-0.064175315	0.045967504	-0.03434968	0.071002424	-0.09189735	0.06966774	-0.050347313	0.033453494
0.118985586	-0.17506638	0.18179864	-0.5647714	0.2989368	-0.10384196	0.16084753	-0.21966808	0.99999964	-0.19147538	0.11804532	-0.18778662	0.23494992	-0.622703	0.17218018	-0.101006255	0.15399915	-0.18984996	0.16828686	-0.17296809	0.09597958	-0.1443506	0.13494626	-0.12226185	0.09340478	-0.084823295	0.10547109	-0.17529085	0.117761314	-0.07864583	0.07421813	-0.11571186	0.063971624	-0.04660292	0.035063636	-0.06604636	0.08714875	-0.06949687	0.05067276	-0.034299728
-0.06294599	0.08886597	-0.08474899	0.18064532	-0.30294845	0.053625222	-0.07652733	0.084433	-0.19147538	0.9999995	-0.065227956	0.090012625	-0.10352046	0.16410775	-0.897678	0.055509485	-0.08013701	0.093071304	-0.12719503	0.13398854	-0.05505095	0.08260984	-0.074988894	0.071607925	-0.060371414	0.049131714	-0.06150337	0.105823085	-0.07227593	0.050007287	-0.043692287	0.06920224	-0.038525213	0.028372874	-0.021464327	0.039036863	-0.051907584	0.04196094	-0.030838236	0.021011675
0.2508134	-0.20999318	0.15465829	-0.1152501	0.1425791	-0.37305087	0.20009695	-0.16518039	0.11804532	-0.065227956	0.9999994	-0.24206562	0.16899146	-0.13764225	0.074110165	-0.6778347	0.23819086	-0.18991347	0.09244143	-0.09372955	0.26454875	-0.23435062	0.15827647	-0.14017303	0.098153315	-0.23690875	0.18632767	-0.26249322	0.1402734	-0.08395604	0.15603074	-0.21836819	0.10621904	-0.06915209	0.050368994	-0.14586154	0.15542153	-0.11978065	0.075030364	-0.049644228
-0.20675518	0.22915983	-0.21621473	0.1554465	-0.20307687	0.18344167	-0.38883853	0.23903626	-0.18778662	0.090012625	-0.24206562	0.99999946	-0.4491173	0.21156618	-0.104909204	0.20272794	-0.6130196	0.28265998	-0.12737629	0.119027376	-0.16853988	0.21979061	-0.20219207	0.15665726	-0.113723755	0.13444851	-0.16258979	0.21349888	-0.15829985	0.09301238	-0.112955555	0.15811749	-0.08639467	0.061917387	-0.046269327	0.09723179	-0.12707618	0.09276152	-0.06813379	0.04482144
0.16003926	-0.21679245	0.21189548	-0.1918308	0.21081541	-0.14361715	0.23426427	-0.32249373	0.23494992	-0.10352046	0.16899146	-0.4491173	0.9999995	-0.44903976	0.116050065	-0.15018407	0.28047156	-0.5228052	0.15559144	-0.14918812	0.1340659	-0.21009082	0.22642805	-0.18318263	0.11986194	-0.11612732	0.1464198	-0.22752002	0.15857983	-0.09958661	0.099571206	-0.1508534	0.08353	-0.060882695	0.045561425	-0.08760979	0.11527598	-0.08983729	0.06626591	-0.044348657
-0.13411543	0.17234923	-0.18695477	0.27375218	-0.33460265	0.113025054	-0.17762482	0.1974567	-0.622703	0.16410775	-0.13764225	0.21156618	-0.44903976	0.99999946	-0.19657622	0.11466	-0.18982077	0.22351635	-0.2825234	0.20602721	-0.11039619	0.15771508	-0.1664521	0.14009093	-0.11285832	0.0945902	-0.11797162	0.18422955	-0.1417895	0.09195173	-0.0835951	0.1253068	-0.070630066	0.05279881	-0.03995684	0.073388	-0.09844637	0.07610183	-0.057742417	0.038808886
0.07072634	-0.10209827	0.0923786	-0.19299701	0.22445716	-0.060889374	0.08554978	-0.09436416	0.17218018	-0.897678	0.074110165	-0.104909204	0.116050065	-0.19657622	0.9999994	-0.06395576	0.09171168	-0.10906712	0.13930595	-0.1769021	0.06339081	-0.09763996	0.08669562	-0.08412707	0.070081614	-0.05725477	0.07205046	-0.12683216	0.08271242	-0.058885757	0.050785698	-0.0817726	0.04527468	-0.033102427	0.02501326	-0.045589197	0.060294535	-0.049437944	0.035865422	-0.024554567
-0.21715957	0.1563832	-0.12855375	0.09556497	-0.12430607	0.19900206	-0.16407907	0.1301075	-0.101006255	0.055509485	-0.6778347	0.20272794	-0.15018407	0.11466	-0.06395576	0.99999934	-0.3149154	0.16790897	-0.079228036	0.078320585	-0.4863567	0.19858997	-0.14054343	0.118027546	-0.08514617	0.2293542	-0.1742047	0.20419325	-0.12296306	0.07158888	-0.15812235	0.17959966	-0.08973251	0.058521368	-0.042835675	0.12945084	-0.14525262	0.09926998	-0.06422544	0.041825715
0.1749474	-0.20810536	0.17217566	-0.13935547	0.17400204	-0.16316964	0.22311854	-0.1963729	0.15399915	-0.08013701	0.23819086	-0.6130196	0.28047156	-0.18982077	0.09171168	-0.3149154	0.99999934	-0.44002342	0.12044193	-0.11840366	0.19374663	-0.34381843	0.23323292	-0.18629096	0.12209008	-0.16332018	0.19767861	-0.25592166	0.16893049	-0.10166171	0.1289661	-0.18911973	0.09928594	-0.06927572	0.05135487	-0.112667106	0.14212392	-0.10678204	0.07566451	-0.049951546
-0.1584783	0.17732489	-0.1782395	0.15392996	-0.20543136	0.13357782	-0.19654366	0.19097744	-0.18984996	0.093071304	-0.18991347	0.28265998	-0.5228052	0.22351635	-0.10906712	0.16790897	-0.44002342	0.99999946	-0.16138487	0.14259052	-0.1562124	0.24111442	-0.49929315	0.23555346	-0.15803078	0.12980711	-0.17341435	0.2444117	-0.21318603	0.12344559	-0.11363472	0.16426933	-0.094854064	0.072315976	-0.054400824	0.097784966	-0.13263716	0.10004004	-0.07919177	0.052293073
0.08423327	-0.10725918	0.10090529	-0.14514033	0.17053534	-0.07127451	0.09960769	-0.104981095	0.16828686	-0.12719503	0.09244143	-0.12737629	0.15559144	-0.2825234	0.13930595	-0.079228036	0.12044193	-0.16138487	0.9999998	-0.872912	0.07997488	-0.12509415	0.12853266	-0.14687394	0.1563657	-0.07113691	0.09178024	-0.15579957	0.13801086	-0.13077453	0.06395003	-0.10086441	0.058820482	-0.047668558	0.037531238	-0.056850273	0.07684633	-0.06339318	0.051162988	-0.036594316
-0.08545856	0.10378095	-0.10135931	0.13928539	-0.19527596	0.07085352	-0.09878636	0.10109612	-0.17296809	0.13398854	-0.09372955	0.119027376	-0.14918812	0.20602721	-0.1769021	0.078320585	-0.11840366	0.14259052	-0.872912	1.0	-0.08050433	0.12001381	-0.12977093	0.14439239	-0.20603144	0.07036719	-0.09039846	0.14821765	-0.15506297	0.1366409	-0.06403856	0.098494984	-0.058841217	0.04948706	-0.039218225	0.056532264	-0.07755024	0.0629651	-0.0534559	0.03777466
0.14707576	-0.13657093	0.11109347	-0.09304086	0.12242921	-0.13724284	0.12928267	-0.11274517	0.09597958	-0.05505095	0.26454875	-0.16853988	0.1340659	-0.11039619	0.06339081	-0.4863567	0.19374663	-0.1562124	0.07997488	-0.08050433	1.0	-0.26035497	0.1496182	-0.13094772	0.093730904	-0.62985563	0.24277592	-0.26819405	0.13790457	-0.080205746	0.24468757	-0.27009922	0.12247531	-0.07548368	0.054247815	-0.22119556	0.19664147	-0.13938135	0.08203921	-0.053330168
-0.17086674	0.16228898	-0.14996284	0.13236643	-0.19097695	0.13896199	-0.16827638	0.1472987	-0.1443506	0.08260984	-0.23435062	0.21979061	-0.21009082	0.15771508	-0.09763996	0.19858997	-0.34381843	0.24111442	-0.12509415	0.12001381	-0.26035497	1.0	-0.3636049	0.2203423	-0.1680746	0.2305199	-0.6019071	0.30766693	-0.25003925	0.13330495	-0.20395833	0.27583167	-0.14814815	0.10026229	-0.07468062	0.16140766	-0.2313092	0.14909567	-0.11273939	0.071062915
0.12824623	-0.14282225	0.13042174	-0.12312926	0.16148767	-0.108046696	0.14209104	-0.13833956	0.13494626	-0.074988894	0.15827647	-0.20219207	0.22642805	-0.1664521	0.08669562	-0.14054343	0.23323292	-0.49929315	0.12853266	-0.12977093	0.1496182	-0.3636049	0.99999994	-0.5654567	0.2006761	-0.13555595	0.20671645	-0.36415794	0.25538984	-0.16480772	0.12082363	-0.18849443	0.11194821	-0.085813746	0.06413868	-0.10465557	0.14465167	-0.116327375	0.0920823	-0.061951023
-0.11438515	0.122618765	-0.114670284	0.110533945	-0.15305834	0.09393419	-0.12196458	0.114990085	-0.12226185	0.071607925	-0.14017303	0.15665726	-0.18318263	0.14009093	-0.08412707	0.118027546	-0.18629096	0.23555346	-0.14687394	0.14439239	-0.13094772	0.2203423	-0.5654567	0.9999998	-0.43599373	0.114963524	-0.165833	0.2541501	-0.5058465	0.26493868	-0.107360736	0.163306	-0.10828196	0.10704938	-0.081584565	0.09341784	-0.13271534	0.11184495	-0.113840885	0.07643011
0.081150986	-0.09259633	0.08265444	-0.08704999	0.11491874	-0.06783137	0.086960286	-0.08408249	0.09340478	-0.060371414	0.098153315	-0.113723755	0.11986194	-0.11285832	0.070081614	-0.08514617	0.12209008	-0.15803078	0.1563657	-0.20603144	0.093730904	-0.1680746	0.2006761	-0.43599373	0.9999998	-0.08642361	0.11995266	-0.2191048	0.31188914	-0.7462284	0.08008862	-0.133463	0.08679805	-0.08894369	0.07793307	-0.071865916	0.09930619	-0.092633024	0.08971889	-0.07528277
-0.13439342	0.11309238	-0.097068064	0.08120025	-0.111937955	0.11330223	-0.11162025	0.095307484	-0.084823295	0.049131714	-0.23690875	0.13444851	-0.11612732	0.0945902	-0.05725477	0.2293542	-0.16332018	0.12980711	-0.07113691	0.07036719	-0.62985563	0.2305199	-0.13555595	0.114963524	-0.08642361	0.9999998	-0.36549306	0.22589372	-0.13015202	0.0730171	-0.479964	0.2562484	-0.12101138	0.07217891	-0.052084293	0.2376289	-0.23819211	0.13189192	-0.0800619	0.050441388
0.1312479	-0.1264706	0.1116795	-0.09978229	0.14040144	-0.10929108	0.12415208	-0.11061216	0.10547109	-0.06150337	0.18632767	-0.16258979	0.1464198	-0.11797162	0.07205046	-0.1742047	0.19767861	-0.17341435	0.09178024	-0.09039846	0.24277592	-0.6019071	0.20671645	-0.165833	0.11995266	-0.36549306	0.9999999	-0.40197432	0.18044339	-0.10022394	0.22218549	-0.47510582	0.16473626	-0.09632982	0.068704516	-0.18150583	0.228373	-0.16564664	0.105222546	-0.06606093
-0.20109127	0.18392146	-0.17460223	0.16370575	-0.25317985	0.15741295	-0.18491904	0.16516192	-0.17529085	0.105823085	-0.26249322	0.21349888	-0.22752002	0.18422955	-0.12683216	0.20419325	-0.25592166	0.2444117	-0.15579957	0.14821765	-0.26819405	0.30766693	-0.36415794	0.2541501	-0.2191048	0.22589372	-0.40197432	1.0	-0.34928384	0.17465416	-0.22824498	0.29551947	-0.2512894	0.14850615	-0.11053141	0.18841743	-0.30057967	0.21268277	-0.17023735	0.103181146
0.11409235	-0.12993985	0.112884715	-0.113494284	0.14775959	-0.095714964	0.120054625	-0.11497923	0.117761314	-0.07227593	0.1402734	-0.15829985	0.15857983	-0.1417895	0.08271242	-0.12296306	0.16893049	-0.21318603	0.13801086	-0.15506297	0.13790457	-0.25003925	0.25538984	-0.5058465	0.31188914	-0.13015202	0.18044339	-0.34928384	0.9999999	-0.5416438	0.121866174	-0.2132682	0.14688852	-0.19360426	0.12337376	-0.111151874	0.15299849	-0.1582441	0.16176398	-0.12263788
-0.06913525	0.07684082	-0.06957579	0.07253665	-0.09895179	0.057194665	-0.0729286	0.06974492	-0.07864583	0.050007287	-0.08395604	0.09301238	-0.09958661	0.09195173	-0.058885757	0.07158888	-0.10166171	0.12344559	-0.13077453	0.1366409	-0.080205746	0.13330495	-0.16480772	0.26493868	-0.7462284	0.0730171	-0.10022394	0.17465416	-0.5416438	1.0000001	-0.069256805	0.113650545	-0.0832176	0.102548406	-0.096961975	0.06218169	-0.087960236	0.086210474	-0.103328265	0.08446655
0.10228522	-0.09595533	0.081682734	-0.07186751	0.098749235	-0.08681084	0.09116298	-0.08060177	0.07421813	-0.043692287	0.15603074	-0.112955555	0.099571206	-0.0835951	0.050785698	-0.15812235	0.1289661	-0.11363472	0.06395003	-0.06403856	0.24468757	-0.20395833	0.12082363	-0.107360736	0.08008862	-0.479964	0.22218549	-0.22824498	0.121866174	-0.069256805	0.99999994	-0.362491	0.143863	-0.08116752	0.05700482	-0.65092474	0.2950581	-0.17073922	0.08826894	-0.055866763
-0.15284723	0.13622968	-0.12301468	0.110273205	-0.1616267	0.122324914	-0.13443178	0.117884114	-0.11571186	0.06920224	-0.21836819	0.15811749	-0.1508534	0.1253068	-0.0817726	0.17959966	-0.18911973	0.16426933	-0.10086441	0.098494984	-0.27009922	0.27583167	-0.18849443	0.163306	-0.133463	0.2562484	-0.47510582	0.29551947	-0.2132682	0.113650545	-0.362491	0.9999995	-0.35326803	0.15238614	-0.1080476	0.2542357	-0.44639567	0.259465	-0.17304851	0.09994762
0.07772286	-0.07401907	0.06615843	-0.06124272	0.088121824	-0.06294472	0.07149181	-0.064175315	0.063971624	-0.038525213	0.10621904	-0.08639467	0.08353	-0.070630066	0.04527468	-0.08973251	0.09928594	-0.094854064	0.058820482	-0.058841217	0.12247531	-0.14814815	0.11194821	-0.10828196	0.08679805	-0.12101138	0.16473626	-0.2512894	0.14688852	-0.0832176	0.143863	-0.35326803	0.99999964	-0.3329892	0.14751929	-0.14535977	0.23249514	-0.7673839	0.23618814	-0.14119971
-0.05241227	0.052715097	-0.046791106	0.04471094	-0.062577054	0.042767707	-0.05014887	0.045967504	-0.04660292	0.028372874	-0.06915209	0.061917387	-0.060882695	0.05279881	-0.033102427	0.058521368	-0.06927572	0.072315976	-0.047668558	0.04948706	-0.07548368	0.10026229	-0.085813746	0.10704938	-0.08894369	0.07217891	-0.09632982	0.14850615	-0.19360426	0.102548406	-0.08116752	0.15238614	-0.3329892	0.99999976	-0.44349003	0.07851034	-0.12536271	0.229377	-0.72914547	0.29055092
0.03854919	-0.03938474	0.03486421	-0.033651482	0.046795428	-0.03155011	0.037275143	-0.03434968	0.035063636	-0.021464327	0.050368994	-0.046269327	0.045561425	-0.03995684	0.02501326	-0.042835675	0.05135487	-0.054400824	0.037531238	-0.039218225	0.054247815	-0.07468062	0.06413868	-0.081584565	0.07793307	-0.052084293	0.068704516	-0.11053141	0.12337376	-0.096961975	0.05700482	-0.1080476	0.14751929	-0.44349003	0.9999998	-0.055690557	0.0854359	-0.15191886	0.29831013	-0.8209743
-0.09436714	0.08408878	-0.0728923	0.0637034	-0.089172155	0.07778668	-0.08125572	0.071002424	-0.06604636	0.039036863	-0.14586154	0.09723179	-0.08760979	0.073388	-0.045589197	0.12945084	-0.112667106	0.097784966	-0.056850273	0.056532264	-0.22119556	0.16140766	-0.10465557	0.09341784	-0.071865916	0.2376289	-0.18150583	0.18841743	-0.111151874	0.06218169	-0.65092474	0.2542357	-0.14535977	0.07851034	-0.055690557	0.99999994	-0.60524696	0.16900368	-0.088541135	0.05364035
0.11036068	-0.109128036	0.093248956	-0.084836215	0.11681055	-0.0924487	0.102126986	-0.09189735	0.08714875	-0.051907584	0.15542153	-0.12707618	0.11527598	-0.09844637	0.060294535	-0.14525262	0.14212392	-0.13263716	0.07684633	-0.07755024	0.19664147	-0.2313092	0.14465167	-0.13271534	0.09930619	-0.23819211	0.228373	-0.30057967	0.15299849	-0.087960236	0.2950581	-0.44639567	0.23249514	-0.12536271	0.0854359	-0.60524696	0.9999999	-0.36544397	0.13452314	-0.084754914
-0.08665762	0.08052411	-0.07230278	0.06655082	-0.0967071	0.069680914	-0.07812724	0.06966774	-0.06949687	0.04196094	-0.11978065	0.09276152	-0.08983729	0.07610183	-0.049437944	0.09926998	-0.10678204	0.10004004	-0.06339318	0.0629651	-0.13938135	0.14909567	-0.116327375	0.11184495	-0.092633024	0.13189192	-0.16564664	0.21268277	-0.1582441	0.086210474	-0.17073922	0.259465	-0.7673839	0.229377	-0.15191886	0.16900368	-0.36544397	1.0000001	-0.2840048	0.13515148
0.05697943	-0.058019258	0.051081337	-0.048853233	0.06775934	-0.046718203	0.05479258	-0.050347313	0.05067276	-0.030838236	0.075030364	-0.06813379	0.06626591	-0.057742417	0.035865422	-0.06422544	0.07566451	-0.07919177	0.051162988	-0.0534559	0.08203921	-0.11273939	0.0920823	-0.113840885	0.08971889	-0.0800619	0.105222546	-0.17023735	0.16176398	-0.103328265	0.08826894	-0.17304851	0.23618814	-0.72914547	0.29831013	-0.088541135	0.13452314	-0.2840048	1.0	-0.46091866
-0.037936646	0.038319368	-0.034100313	0.032857433	-0.04612562	0.030912887	-0.036418296	0.033453494	-0.034299728	0.021011675	-0.049644228	0.04482144	-0.044348657	0.038808886	-0.024554567	0.041825715	-0.049951546	0.052293073	-0.036594316	0.03777466	-0.053330168	0.071062915	-0.061951023	0.07643011	-0.07528277	0.050441388	-0.06606093	0.103181146	-0.12263788	0.08446655	-0.055866763	0.09994762	-0.14119971	0.29055092	-0.8209743	0.05364035	-0.084754914	0.13515148	-0.46091866	1.0
