1.0	-0.75733423	0.3127492	-0.23773672	0.15355612	-0.3087744	0.2449233	-0.2774098	0.16933303	-0.16591881	0.19823363	-0.19452623	0.17442702	-0.16706368	0.1503669	-0.16457094	0.129081	-0.16303296	0.14406061	-0.22639649	0.07655354	-0.10682721	0.07154677	-0.06285412	0.054963097	-0.05646645	0.06394216	-0.061593156	0.062291943	-0.046668734	0.05765568	-0.06411933	0.044528544	-0.039512187	0.043323472	-0.04056216	0.054552365	-0.053349666	0.04070734	-0.05207814
-0.75733423	1.0000002	-0.5067504	0.16687131	-0.11385464	0.22127138	-0.27950612	0.21084407	-0.1292334	0.11981156	-0.1638567	0.15816629	-0.13738813	0.12246025	-0.111668415	0.11854976	-0.09700592	0.11900502	-0.10541631	0.15741016	-0.055515178	0.07670821	-0.051681813	0.045132197	-0.039279014	0.040564332	-0.046097822	0.04420391	-0.044836383	0.033243656	-0.041660104	0.045872804	-0.031877797	0.028242398	-0.030797753	0.029162588	-0.0393909	0.0380056	-0.029146269	0.03677128
0.3127492	-0.5067504	1.0000002	-0.35633212	0.21957633	-0.2916397	0.2553318	-0.44390506	0.24721217	-0.24111395	0.22885412	-0.22378351	0.22659776	-0.23260342	0.20945033	-0.21517763	0.1666607	-0.2165287	0.19495858	-0.31354946	0.102643915	-0.14305766	0.096258976	-0.08518591	0.07484838	-0.07612129	0.086040944	-0.08314951	0.084358886	-0.06361565	0.07765421	-0.08672681	0.060312618	-0.05361065	0.05920873	-0.054770492	0.073539615	-0.07245957	0.055215403	-0.07139088
-0.23773672	0.16687131	-0.35633212	1.0000002	-0.61087114	0.17634892	-0.18655315	0.2879563	-0.48748496	0.31474435	-0.20183063	0.16595483	-0.2136902	0.24002747	-0.27573013	0.14582208	-0.12872118	0.16526239	-0.17209074	0.21599834	-0.08306297	0.10561375	-0.075982295	0.06714746	-0.058633853	0.059048895	-0.06734017	0.063975394	-0.0676536	0.04878357	-0.06294139	0.066150084	-0.04656006	0.041281227	-0.04549604	0.0432301	-0.059598576	0.054613214	-0.043085575	0.052565373
0.15355612	-0.11385464	0.21957633	-0.61087114	1.0000001	-0.14726456	0.14516376	-0.27020985	0.29722717	-0.618887	0.15581335	-0.14004183	0.17865336	-0.2519156	0.25625363	-0.13442962	0.1127659	-0.15546107	0.15640384	-0.23017748	0.07071654	-0.09433362	0.067093	-0.06085847	0.053444665	-0.05123965	0.058860857	-0.056951158	0.060247254	-0.04479586	0.053584736	-0.058233615	0.041014355	-0.036596254	0.0408835	-0.03724085	0.05078442	-0.048464842	0.037912615	-0.048127804
-0.3087744	0.22127138	-0.2916397	0.17634892	-0.14726456	0.9999999	-0.6466839	0.2469651	-0.16841134	0.14272022	-0.5318056	0.300441	-0.2292473	0.16204064	-0.1521352	0.17001691	-0.1534396	0.16888905	-0.14685312	0.18695799	-0.077963114	0.10494722	-0.07123274	0.060509752	-0.051710624	0.055183426	-0.063355096	0.059690665	-0.060605984	0.043352123	-0.057591304	0.06138192	-0.042610634	0.037484497	-0.039811037	0.039654806	-0.05428249	0.04996352	-0.038876798	0.046474926
0.2449233	-0.27950612	0.2553318	-0.18655315	0.14516376	-0.6466839	1.0000002	-0.36680356	0.18168087	-0.1508851	0.3109109	-0.46813738	0.22901355	-0.17120971	0.15084729	-0.17373483	0.15257257	-0.17649265	0.14463319	-0.18918951	0.07412187	-0.10333601	0.068906255	-0.05895311	0.050159376	-0.05286609	0.060921554	-0.05787447	0.05853605	-0.042155687	0.054665584	-0.05910665	0.04097807	-0.036109567	0.038366865	-0.037814926	0.05153092	-0.04814511	0.037325535	-0.045031667
-0.2774098	0.21084407	-0.44390506	0.2879563	-0.27020985	0.2469651	-0.36680356	0.9999998	-0.5634309	0.25530785	-0.25707743	0.2264394	-0.28844017	0.24526331	-0.24837029	0.16637075	-0.14996877	0.19103311	-0.18500854	0.22459395	-0.086766556	0.11359776	-0.08060806	0.07067908	-0.060923472	0.061720546	-0.07093477	0.0675373	-0.07075368	0.050787732	-0.06511385	0.069208406	-0.048556168	0.042993598	-0.04680601	0.044832483	-0.061570175	0.056914058	-0.044713885	0.05432616
0.16933303	-0.1292334	0.24721217	-0.48748496	0.29722717	-0.16841134	0.18168087	-0.5634309	0.99999964	-0.46330255	0.17034307	-0.1584239	0.2033563	-0.3512075	0.26520827	-0.12890308	0.11273125	-0.15672635	0.15844789	-0.19950455	0.0669032	-0.088700935	0.0636174	-0.05746969	0.049507655	-0.047926117	0.05540105	-0.053420246	0.05682083	-0.04125729	0.050396416	-0.054189816	0.03818263	-0.03399476	0.037427902	-0.034817204	0.047711223	-0.044783887	0.03526657	-0.043585826
-0.16591881	0.11981156	-0.24111395	0.31474435	-0.618887	0.14272022	-0.1508851	0.25530785	-0.46330255	0.9999996	-0.16216889	0.14038947	-0.19251454	0.2694211	-0.4564898	0.124866165	-0.10995487	0.15027106	-0.16085218	0.20833333	-0.06799071	0.0887286	-0.06448049	0.058473524	-0.05103417	0.048631366	-0.056195013	0.05411634	-0.05816462	0.042354446	-0.051417924	0.05499361	-0.03888291	0.03466423	-0.038570885	0.035465572	-0.04871567	0.045555636	-0.036039356	0.044731338
0.19823363	-0.1638567	0.22885412	-0.20183063	0.15581335	-0.5318056	0.3109109	-0.25707743	0.17034307	-0.16216889	0.9999999	-0.5959391	0.27356833	-0.20516834	0.17359525	-0.27667335	0.21278831	-0.24399048	0.18721628	-0.25782713	0.10100559	-0.14459674	0.09357784	-0.07934619	0.06714553	-0.07236819	0.083064996	-0.07897168	0.07843817	-0.056693655	0.07385019	-0.08066992	0.055544775	-0.048844445	0.05121708	-0.051268257	0.06948992	-0.06540603	0.050309908	-0.060463957
-0.19452623	0.15816629	-0.22378351	0.16595483	-0.14004183	0.300441	-0.46813738	0.2264394	-0.1584239	0.14038947	-0.5959391	0.9999996	-0.46180445	0.19139521	-0.16625653	0.22083145	-0.25578305	0.23057567	-0.17906536	0.20633307	-0.08955886	0.12619273	-0.08356546	0.06956734	-0.05805257	0.062479444	-0.07327558	0.06872985	-0.06911341	0.048541095	-0.06481189	0.0692418	-0.047898553	0.041968875	-0.04357777	0.0444424	-0.060921177	0.055631734	-0.04341174	0.050626878
0.17442702	-0.13738813	0.22659776	-0.2136902	0.17865336	-0.2292473	0.22901355	-0.28844017	0.2033563	-0.19251454	0.27356833	-0.46180445	0.99999934	-0.3947852	0.24247546	-0.25283834	0.22721867	-0.5262678	0.27504858	-0.3217065	0.10592049	-0.15261693	0.107858084	-0.095353454	0.078285865	-0.07585693	0.09003673	-0.08901658	0.09150213	-0.06559156	0.078163765	-0.086354285	0.060462393	-0.053697396	0.05708187	-0.054178488	0.07380401	-0.07045393	0.055154037	-0.066825174
-0.16706368	0.12246025	-0.23260342	0.24002747	-0.2519156	0.16204064	-0.17120971	0.24526331	-0.3512075	0.2694211	-0.20516834	0.19139521	-0.3947852	0.9999993	-0.664485	0.16124797	-0.1496468	0.23528212	-0.30945015	0.27574015	-0.08435101	0.11252455	-0.08522729	0.08113887	-0.06777085	0.060154635	-0.07136581	0.07012594	-0.078718685	0.05566982	-0.06345628	0.06871601	-0.04906173	0.044054415	-0.048679918	0.04373917	-0.06014367	0.05688059	-0.045616865	0.05604582
0.1503669	-0.111668415	0.20945033	-0.27573013	0.25625363	-0.1521352	0.15084729	-0.24837029	0.26520827	-0.4564898	0.17359525	-0.16625653	0.24247546	-0.664485	0.99999905	-0.15772831	0.13599132	-0.21287388	0.22938114	-0.365955	0.08100373	-0.1098079	0.0809754	-0.07720974	0.06767832	-0.058551166	0.06885563	-0.06794262	0.07473328	-0.056145635	0.061238855	-0.06723494	0.047858022	-0.04308308	0.04879187	-0.04251029	0.058088325	-0.056026246	0.044489022	-0.057076707
-0.16457094	0.11854976	-0.21517763	0.14582208	-0.13442962	0.17001691	-0.17373483	0.16637075	-0.12890308	0.124866165	-0.27667335	0.22083145	-0.25283834	0.16124797	-0.15772831	0.9999991	-0.76946807	0.25243172	-0.22032134	0.20612653	-0.20759979	0.23601611	-0.15311044	0.108302295	-0.088744916	0.12596734	-0.14396968	0.12058526	-0.114004835	0.07332827	-0.13372938	0.12596628	-0.084847316	0.07153579	-0.06664203	0.0871666	-0.123032704	0.09515385	-0.075196154	0.07443837
0.129081	-0.09700592	0.1666607	-0.12872118	0.1127659	-0.1534396	0.15257257	-0.14996877	0.11273125	-0.10995487	0.21278831	-0.25578305	0.22721867	-0.1496468	0.13599132	-0.76946807	0.99999875	-0.3583301	0.20279123	-0.20395285	0.16143996	-0.3070689	0.14021264	-0.09958373	0.078133434	-0.10652247	0.12846944	-0.11223382	0.100147784	-0.06546099	0.10746377	-0.11266343	0.07441221	-0.062942065	0.057606168	-0.072255656	0.09951525	-0.084210776	0.06487707	-0.06566406
-0.16303296	0.11900502	-0.2165287	0.16526239	-0.15546107	0.16888905	-0.17649265	0.19103311	-0.15672635	0.15027106	-0.24399048	0.23057567	-0.5262678	0.23528212	-0.21287388	0.25243172	-0.3583301	0.99999857	-0.57785684	0.29420912	-0.12022467	0.1679891	-0.14054267	0.119522475	-0.09153716	0.083569825	-0.10449007	0.10494703	-0.11368034	0.074607775	-0.087941095	0.09566559	-0.06829118	0.060645998	-0.0629077	0.06008305	-0.08307593	0.0773942	-0.062450405	0.071319066
0.14406061	-0.10541631	0.19495858	-0.17209074	0.15640384	-0.14685312	0.14463319	-0.18500854	0.15844789	-0.16085218	0.18721628	-0.17906536	0.27504858	-0.30945015	0.22938114	-0.22032134	0.20279123	-0.57785684	0.99999845	-0.60795856	0.11066327	-0.15791331	0.13243909	-0.16877444	0.113703154	-0.08027428	0.10066778	-0.10759445	0.13365239	-0.09345349	0.08381077	-0.0958866	0.070376225	-0.06529334	0.072378114	-0.058296394	0.0798001	-0.080559716	0.06623337	-0.08374457
-0.22639649	0.15741016	-0.31354946	0.21599834	-0.23017748	0.18695799	-0.18918951	0.22459395	-0.19950455	0.20833333	-0.25782713	0.20633307	-0.3217065	0.27574015	-0.365955	0.20612653	-0.20395285	0.29420912	-0.60795856	0.99999815	-0.13682802	0.16977921	-0.143712	0.14791837	-0.1499363	0.09643658	-0.11734688	0.11641181	-0.1476308	0.11091048	-0.10509576	0.111414224	-0.082412705	0.07552789	-0.09332422	0.071634926	-0.10017031	0.09373296	-0.07910837	0.10231549
0.07655354	-0.055515178	0.102643915	-0.08306297	0.07071654	-0.077963114	0.07412187	-0.086766556	0.0669032	-0.06799071	0.10100559	-0.08955886	0.10592049	-0.08435101	0.08100373	-0.20759979	0.16143996	-0.12022467	0.11066327	-0.13682802	0.99999815	-0.46498746	0.19343932	-0.12961277	0.09705124	-0.6839707	0.22708015	-0.1921554	0.13382386	-0.08591929	0.2754759	-0.25800496	0.1425991	-0.11547218	0.07874985	-0.20476185	0.20361239	-0.17746188	0.113347396	-0.093941845
-0.10682721	0.07670821	-0.14305766	0.10561375	-0.09433362	0.10494722	-0.10333601	0.11359776	-0.088700935	0.0887286	-0.14459674	0.12619273	-0.15261693	0.11252455	-0.1098079	0.23601611	-0.3070689	0.1679891	-0.15791331	0.16977921	-0.46498746	0.99999785	-0.43281475	0.19554687	-0.14739606	0.25085115	-0.41081887	0.27385	-0.2132685	0.121707074	-0.26595315	0.26117516	-0.17001987	0.13433029	-0.10474821	0.16961938	-0.24418637	0.17850222	-0.14016226	0.11493753
0.07154677	-0.051681813	0.096258976	-0.075982295	0.067093	-0.07123274	0.068906255	-0.08060806	0.0636174	-0.06448049	0.09357784	-0.08356546	0.107858084	-0.08522729	0.0809754	-0.15311044	0.14021264	-0.14054267	0.13243909	-0.143712	0.19343932	-0.43281475	0.99999785	-0.4116031	0.17420562	-0.16071711	0.27982196	-0.63022584	0.26902455	-0.15633608	0.15622376	-0.24548759	0.1760193	-0.14816955	0.10807115	-0.11493711	0.15194342	-0.1918439	0.13714363	-0.12609755
-0.06285412	0.045132197	-0.08518591	0.06714746	-0.06085847	0.060509752	-0.05895311	0.07067908	-0.05746969	0.058473524	-0.07934619	0.06956734	-0.095353454	0.08113887	-0.07720974	0.108302295	-0.09958373	0.119522475	-0.16877444	0.14791837	-0.12961277	0.19554687	-0.4116031	0.999998	-0.408068	0.10170603	-0.17211723	0.241989	-0.6925441	0.26310283	-0.1079395	0.14941743	-0.13441674	0.14307064	-0.14814217	0.077137895	-0.106338896	0.137557	-0.13910992	0.15756422
0.054963097	-0.039279014	0.07484838	-0.058633853	0.053444665	-0.051710624	0.050159376	-0.060923472	0.049507655	-0.05103417	0.06714553	-0.05805257	0.078285865	-0.06777085	0.06767832	-0.088744916	0.078133434	-0.09153716	0.113703154	-0.1499363	0.09705124	-0.14739606	0.17420562	-0.408068	0.99999785	-0.07871819	0.11685835	-0.15798397	0.28674197	-0.7624473	0.08191589	-0.11417637	0.09791134	-0.107711375	0.2336212	-0.05982742	0.08075549	-0.11148671	0.1038606	-0.29535043
-0.05646645	0.040564332	-0.07612129	0.059048895	-0.05123965	0.055183426	-0.05286609	0.061720546	-0.047926117	0.048631366	-0.07236819	0.062479444	-0.07585693	0.060154635	-0.058551166	0.12596734	-0.10652247	0.083569825	-0.08027428	0.09643658	-0.6839707	0.25085115	-0.16071711	0.10170603	-0.07871819	0.99999785	-0.2365768	0.15486382	-0.111886084	0.06813485	-0.53564477	0.22332838	-0.12218859	0.09411943	-0.06262682	0.2232338	-0.25496864	0.13943426	-0.09577092	0.07183525
0.06394216	-0.046097822	0.086040944	-0.06734017	0.058860857	-0.063355096	0.060921554	-0.07093477	0.05540105	-0.056195013	0.083064996	-0.07327558	0.09003673	-0.07136581	0.06885563	-0.14396968	0.12846944	-0.10449007	0.10066778	-0.11734688	0.22708015	-0.41081887	0.27982196	-0.17211723	0.11685835	-0.2365768	0.9999979	-0.52429813	0.18362194	-0.10556554	0.21263386	-0.57299155	0.21211806	-0.15373112	0.08677014	-0.16042508	0.20908639	-0.21657547	0.1431681	-0.09994716
-0.061593156	0.04420391	-0.08314951	0.063975394	-0.056951158	0.059690665	-0.05787447	0.0675373	-0.053420246	0.05411634	-0.07897168	0.06872985	-0.08901658	0.07012594	-0.06794262	0.12058526	-0.11223382	0.10494703	-0.10759445	0.11641181	-0.1921554	0.27385	-0.63022584	0.241989	-0.15798397	0.15486382	-0.52429813	0.9999979	-0.31518102	0.13740838	-0.16783074	0.25697196	-0.23576584	0.15416905	-0.10049486	0.117449395	-0.16721688	0.19134349	-0.14900064	0.11053451
0.062291943	-0.044836383	0.084358886	-0.0676536	0.060247254	-0.060605984	0.05853605	-0.07075368	0.05682083	-0.05816462	0.07843817	-0.06911341	0.09150213	-0.078718685	0.07473328	-0.114004835	0.100147784	-0.11368034	0.13365239	-0.1476308	0.13382386	-0.2132685	0.26902455	-0.6925441	0.28674197	-0.111886084	0.18362194	-0.31518102	0.999998	-0.39498976	0.11515326	-0.17601079	0.15826358	-0.20969243	0.16917203	-0.08508283	0.11431103	-0.1696031	0.16271831	-0.20013614
-0.046668734	0.033243656	-0.06361565	0.04878357	-0.04479586	0.043352123	-0.042155687	0.050787732	-0.04125729	0.042354446	-0.056693655	0.048541095	-0.06559156	0.05566982	-0.056145635	0.07332827	-0.06546099	0.074607775	-0.09345349	0.11091048	-0.08591929	0.121707074	-0.15633608	0.26310283	-0.7624473	0.06813485	-0.10556554	0.13740838	-0.39498976	0.9999979	-0.073132515	0.09912381	-0.0914868	0.10415375	-0.35739452	0.052598413	-0.0724227	0.09873491	-0.10263161	0.25162378
0.05765568	-0.041660104	0.07765421	-0.06294139	0.053584736	-0.057591304	0.054665584	-0.06511385	0.050396416	-0.051417924	0.07385019	-0.06481189	0.078163765	-0.06345628	0.061238855	-0.13372938	0.10746377	-0.087941095	0.08381077	-0.10509576	0.2754759	-0.26595315	0.15622376	-0.1079395	0.08191589	-0.53564477	0.21263386	-0.16783074	0.11515326	-0.073132515	0.99999774	-0.34814966	0.15223904	-0.11717353	0.06832575	-0.56058174	0.3051181	-0.18749475	0.11337864	-0.081286386
-0.06411933	0.045872804	-0.08672681	0.066150084	-0.058233615	0.06138192	-0.05910665	0.069208406	-0.054189816	0.05499361	-0.08066992	0.0692418	-0.086354285	0.06871601	-0.06723494	0.12596628	-0.11266343	0.09566559	-0.0958866	0.111414224	-0.25800496	0.26117516	-0.24548759	0.14941743	-0.11417637	0.22332838	-0.57299155	0.25697196	-0.17601079	0.09912381	-0.34814966	0.9999977	-0.36559165	0.18345085	-0.090430066	0.2295017	-0.39919677	0.2498578	-0.18632863	0.10011805
0.044528544	-0.031877797	0.060312618	-0.04656006	0.041014355	-0.042610634	0.04097807	-0.048556168	0.03818263	-0.03888291	0.055544775	-0.047898553	0.060462393	-0.04906173	0.047858022	-0.084847316	0.07441221	-0.06829118	0.070376225	-0.082412705	0.1425991	-0.17001987	0.1760193	-0.13441674	0.09791134	-0.12218859	0.21211806	-0.23576584	0.15826358	-0.0914868	0.15223904	-0.36559165	0.9999978	-0.4888083	0.088545695	-0.115989745	0.16786179	-0.66973627	0.30585107	-0.10007371
-0.039512187	0.028242398	-0.05361065	0.041281227	-0.036596254	0.037484497	-0.036109567	0.042993598	-0.03399476	0.03466423	-0.048844445	0.041968875	-0.053697396	0.044054415	-0.04308308	0.07153579	-0.062942065	0.060645998	-0.06529334	0.07552789	-0.11547218	0.13433029	-0.14816955	0.14307064	-0.107711375	0.09411943	-0.15373112	0.15416905	-0.20969243	0.10415375	-0.11717353	0.18345085	-0.4888083	0.99999803	-0.11365452	0.08513312	-0.1258541	0.31228685	-0.7545944	0.119434506
0.043323472	-0.030797753	0.05920873	-0.04549604	0.0408835	-0.039811037	0.038366865	-0.04680601	0.037427902	-0.038570885	0.05121708	-0.04357777	0.05708187	-0.048679918	0.04879187	-0.06664203	0.057606168	-0.0629077	0.072378114	-0.09332422	0.07874985	-0.10474821	0.10807115	-0.14814217	0.2336212	-0.06262682	0.08677014	-0.10049486	0.16917203	-0.35739452	0.06832575	-0.090430066	0.088545695	-0.11365452	0.99999785	-0.049574874	0.068176985	-0.10502852	0.113796294	-0.87280446
-0.04056216	0.029162588	-0.054770492	0.0432301	-0.03724085	0.039654806	-0.037814926	0.044832483	-0.034817204	0.035465572	-0.051268257	0.0444424	-0.054178488	0.04373917	-0.04251029	0.0871666	-0.072255656	0.06008305	-0.058296394	0.071634926	-0.20476185	0.16961938	-0.11493711	0.077137895	-0.05982742	0.2232338	-0.16042508	0.117449395	-0.08508283	0.052598413	-0.56058174	0.2295017	-0.115989745	0.08513312	-0.049574874	0.99999785	-0.7241974	0.13494144	-0.08734729	0.057415318
0.054552365	-0.0393909	0.073539615	-0.059598576	0.05078442	-0.05428249	0.05153092	-0.061570175	0.047711223	-0.04871567	0.06948992	-0.060921177	0.07380401	-0.06014367	0.058088325	-0.123032704	0.09951525	-0.08307593	0.0798001	-0.10017031	0.20361239	-0.24418637	0.15194342	-0.106338896	0.08075549	-0.25496864	0.20908639	-0.16721688	0.11431103	-0.0724227	0.3051181	-0.39919677	0.16786179	-0.1258541	0.068176985	-0.7241974	0.9999979	-0.21666048	0.1232469	-0.08098273
-0.053349666	0.0380056	-0.07245957	0.054613214	-0.048464842	0.04996352	-0.04814511	0.056914058	-0.044783887	0.045555636	-0.06540603	0.055631734	-0.07045393	0.05688059	-0.056026246	0.09515385	-0.084210776	0.0773942	-0.080559716	0.09373296	-0.17746188	0.17850222	-0.1918439	0.137557	-0.11148671	0.13943426	-0.21657547	0.19134349	-0.1696031	0.09873491	-0.18749475	0.2498578	-0.66973627	0.31228685	-0.10502852	0.13494144	-0.21666048	0.999998	-0.5098462	0.11309581
0.04070734	-0.029146269	0.055215403	-0.043085575	0.037912615	-0.038876798	0.037325535	-0.044713885	0.03526657	-0.036039356	0.050309908	-0.04341174	0.055154037	-0.045616865	0.044489022	-0.075196154	0.06487707	-0.062450405	0.06623337	-0.07910837	0.113347396	-0.14016226	0.13714363	-0.13910992	0.1038606	-0.09577092	0.1431681	-0.14900064	0.16271831	-0.10263161	0.11337864	-0.18632863	0.30585107	-0.7545944	0.113796294	-0.08734729	0.1232469	-0.5098462	0.99999785	-0.14156237
-0.05207814	0.03677128	-0.07139088	0.052565373	-0.048127804	0.046474926	-0.045031667	0.05432616	-0.043585826	0.044731338	-0.060463957	0.050626878	-0.066825174	0.05604582	-0.057076707	0.07443837	-0.06566406	0.071319066	-0.08374457	0.10231549	-0.093941845	0.11493753	-0.12609755	0.15756422	-0.29535043	0.07183525	-0.09994716	0.11053451	-0.20013614	0.25162378	-0.081286386	0.10011805	-0.10007371	0.119434506	-0.87280446	0.057415318	-0.08098273	0.11309581	-0.14156237	0.99999785
