1.0	-0.691427	0.10161354	-0.066057906	0.091714844	-0.6201054	0.32233137	-0.11269588	0.09761203	-0.09101911	0.07746162	-0.12748872	0.1025496	-0.07239054	0.06320963	-0.079607666	0.06761541	-0.06368234	0.06259918	-0.06314187	0.031535536	-0.03678878	0.036136176	-0.037420202	0.019283509	-0.022649141	0.022465633	-0.021476515	0.03653102	-0.01716832	0.016056594	-0.020254051	0.023319073	-0.01801338	0.012072778	-0.020297596	0.015555558	-0.023689987	0.019788744	-0.014077563
-0.691427	1.0	-0.1082136	0.06954267	-0.093576	0.32416502	-0.6178348	0.13079473	-0.11044119	0.0905448	-0.05672027	0.115190245	-0.113826886	0.073190436	-0.063526034	0.057198532	-0.063158154	0.06021029	-0.06132431	0.060899846	-0.028890248	0.033861168	-0.033544976	0.034342363	-0.018044073	0.020675244	-0.020542268	0.019651316	-0.033687405	0.016032917	-0.014575275	0.01839786	-0.021301597	0.016499117	-0.011131258	0.018378362	-0.014144211	0.021511808	-0.01813082	0.012953914
0.10161354	-0.1082136	0.9999999	-0.6408088	0.32218707	-0.17739499	0.1515423	-0.35255906	0.29718116	-0.37625465	0.095898554	-0.36308074	0.24422076	-0.22140583	0.18641248	-0.10585024	0.16185607	-0.17313465	0.16908824	-0.19725616	0.07823239	-0.09400514	0.09093987	-0.098578356	0.052476484	-0.05795633	0.056634847	-0.05479684	0.09102399	-0.047620405	0.041559227	-0.05290687	0.058838766	-0.047034387	0.032073203	-0.05360368	0.04026893	-0.062194575	0.050408706	-0.03780053
-0.066057906	0.06954267	-0.6408088	1.0	-0.5984789	0.111040145	-0.10225772	0.22425799	-0.3668595	0.2817991	-0.05960339	0.21598776	-0.17915478	0.15709049	-0.13749036	0.06495538	-0.10555876	0.11146123	-0.11713058	0.13159348	-0.049860157	0.059922963	-0.058581248	0.06257537	-0.034262642	0.03663625	-0.03595111	0.03475223	-0.058633648	0.030889008	-0.026079541	0.033180308	-0.037320837	0.029889097	-0.020547338	0.03344772	-0.025320917	0.0389727	-0.0321497	0.024113845
0.091714844	-0.093576	0.32218707	-0.5984789	0.99999976	-0.15851085	0.13340834	-0.2489249	0.2874216	-0.5315932	0.090920396	-0.3417995	0.2220142	-0.21993507	0.20175469	-0.100243926	0.15652831	-0.1655925	0.16952184	-0.20399673	0.07641599	-0.091212764	0.08849779	-0.09655588	0.05273132	-0.05655443	0.055351518	-0.053524937	0.08953829	-0.047820292	0.040628884	-0.05170296	0.057562076	-0.046376493	0.031844605	-0.052376054	0.039385334	-0.060811404	0.049669635	-0.037508912
-0.6201054	0.32416502	-0.17739499	0.111040145	-0.15851085	0.99999964	-0.61649853	0.17745441	-0.16599561	0.14040288	-0.13143979	0.177548	-0.17089236	0.11311443	-0.10097022	0.114542104	-0.1051917	0.09674009	-0.09908124	0.09648832	-0.048926987	0.056227952	-0.05591491	0.05717704	-0.029892543	0.034743473	-0.034695257	0.03303914	-0.05704799	0.026446555	-0.02455719	0.030883431	-0.036030427	0.027738344	-0.018621702	0.030812342	-0.02381113	0.036081877	-0.030690568	0.021624368
0.32233137	-0.6178348	0.1515423	-0.10225772	0.13340834	-0.61649853	0.9999991	-0.25015193	0.16088879	-0.14073269	0.09046218	-0.19046947	0.16720188	-0.11333249	0.09555113	-0.09294544	0.096638665	-0.09352421	0.09264961	-0.09395135	0.043782167	-0.051910378	0.051089898	-0.052408613	0.027398441	-0.03146906	0.031168284	-0.029879233	0.05090524	-0.024421705	0.022155955	-0.028011698	0.032292444	-0.025036594	0.01689503	-0.028006174	0.02150155	-0.03276043	0.02743011	-0.019689808
-0.11269588	0.13079473	-0.35255906	0.22425799	-0.2489249	0.17745441	-0.25015193	0.9999988	-0.57663125	0.26779482	-0.07781923	0.25413352	-0.57126695	0.2339793	-0.18623728	0.08175578	-0.14873298	0.15820186	-0.16633263	0.16387558	-0.062497485	0.077349804	-0.077215865	0.07695325	-0.04230108	0.04509224	-0.044498213	0.04302641	-0.07371192	0.03771261	-0.03125037	0.039768938	-0.045918986	0.036108833	-0.024899604	0.03956022	-0.030468103	0.046528675	-0.039207928	0.02897377
0.09761203	-0.11044119	0.29718116	-0.3668595	0.2874216	-0.16599561	0.16088879	-0.57663125	0.9999987	-0.50020856	0.08206321	-0.28858304	0.29205787	-0.30264887	0.21914858	-0.088552006	0.1514968	-0.16531004	0.18057439	-0.19854167	0.06802672	-0.08361447	0.082206145	-0.0857922	0.04823492	-0.049657665	0.0487961	-0.047279768	0.080791175	-0.043345187	0.034763645	-0.044303536	0.050485615	-0.04045837	0.028122371	-0.044297576	0.03387221	-0.051959865	0.043593485	-0.03285499
-0.09101911	0.0905448	-0.37625465	0.2817991	-0.5315932	0.14040288	-0.14073269	0.26779482	-0.50020856	0.99999875	-0.08132313	0.2606381	-0.292186	0.26351544	-0.3850222	0.08566015	-0.16549845	0.16588849	-0.213097	0.22731484	-0.075757585	0.08968977	-0.09025023	0.09379102	-0.056636095	0.05438094	-0.054106947	0.052071027	-0.09232145	0.049793277	-0.038129363	0.048363052	-0.056162216	0.045483034	-0.032069996	0.04809362	-0.037226334	0.056709327	-0.049484774	0.037147444
0.07746162	-0.05672027	0.095898554	-0.05960339	0.090920396	-0.13143979	0.09046218	-0.07781923	0.08206321	-0.08132313	0.9999987	-0.23525195	0.1050837	-0.07960621	0.07109943	-0.9350913	0.15501823	-0.11931532	0.0874607	-0.07983056	0.04910616	-0.06684516	0.062128004	-0.05510323	0.02587678	-0.034735147	0.033944156	-0.032663308	0.05354723	-0.022933053	0.022912303	-0.029151676	0.034395825	-0.024838664	0.016358277	-0.028601151	0.022304486	-0.033747677	0.02750039	-0.018919662
-0.12748872	0.115190245	-0.36308074	0.21598776	-0.3417995	0.177548	-0.19046947	0.25413352	-0.28858304	0.2606381	-0.23525195	0.9999985	-0.42386028	0.24714026	-0.23478821	0.1913742	-0.43332416	0.2724082	-0.271162	0.22243275	-0.14160997	0.1666044	-0.16950037	0.15149318	-0.07660736	0.09603248	-0.097191796	0.09156486	-0.1599448	0.06675277	-0.065124415	0.08158767	-0.099576965	0.07274146	-0.04817395	0.07974416	-0.06337798	0.09450637	-0.08220544	0.055242084
0.1025496	-0.113826886	0.24422076	-0.17915478	0.2220142	-0.17089236	0.16720188	-0.57126695	0.29205787	-0.292186	0.1050837	-0.42386028	0.9999985	-0.44006735	0.24076591	-0.11249617	0.2147935	-0.2768984	0.23384534	-0.23705582	0.085192196	-0.1113354	0.10946469	-0.10678891	0.05737275	-0.06190575	0.06060836	-0.059087772	0.099686086	-0.051540814	0.04218244	-0.05396111	0.062206794	-0.04861328	0.03353736	-0.053471863	0.04121259	-0.06305837	0.0525389	-0.03906509
-0.07239054	0.073190436	-0.22140583	0.15709049	-0.21993507	0.11311443	-0.11333249	0.2339793	-0.30264887	0.26351544	-0.07960621	0.24714026	-0.44006735	0.99999833	-0.5956494	0.08316163	-0.19936416	0.2144581	-0.43906486	0.3073333	-0.07638504	0.09779713	-0.10033799	0.098490916	-0.062233817	0.05451675	-0.054120228	0.052687515	-0.09544275	0.05461867	-0.036760382	0.047048174	-0.055620342	0.045303717	-0.032786973	0.04607543	-0.036201417	0.055037335	-0.048945706	0.037742186
0.06320963	-0.063526034	0.18641248	-0.13749036	0.20175469	-0.10097022	0.09555113	-0.18623728	0.21914858	-0.3850222	0.07109943	-0.23478821	0.24076591	-0.5956494	0.99999833	-0.07594091	0.1642125	-0.18645665	0.29271844	-0.5692158	0.06876701	-0.08744338	0.08776632	-0.09236668	0.071241654	-0.04984803	0.049252063	-0.048151176	0.087900765	-0.06427233	0.034004215	-0.043654207	0.05084078	-0.044403397	0.034062553	-0.042907797	0.0335696	-0.051347464	0.046880618	-0.03946511
-0.079607666	0.057198532	-0.10585024	0.06495538	-0.100243926	0.114542104	-0.09294544	0.08175578	-0.088552006	0.08566015	-0.9350913	0.1913742	-0.11249617	0.08316163	-0.07594091	0.9999982	-0.19165324	0.12234266	-0.0949768	0.082451895	-0.053049702	0.07069002	-0.06736567	0.057877436	-0.027468782	0.036842294	-0.03633398	0.03475143	-0.057621084	0.024210367	-0.024260703	0.030762075	-0.036783803	0.026373377	-0.01736151	0.030076373	-0.02362273	0.035565577	-0.029378535	0.020014683
0.06761541	-0.063158154	0.16185607	-0.10555876	0.15652831	-0.1051917	0.096638665	-0.14873298	0.1514968	-0.16549845	0.15501823	-0.43332416	0.2147935	-0.19936416	0.1642125	-0.19165324	0.9999982	-0.69372123	0.24968691	-0.22918391	0.13508199	-0.29350534	0.2136182	-0.15322028	0.064850576	-0.097152956	0.09119698	-0.09077674	0.13675067	-0.058151588	0.057775486	-0.07526178	0.08900166	-0.06095839	0.04005853	-0.07237061	0.05669595	-0.086268455	0.06645819	-0.046280034
-0.06368234	0.06021029	-0.17313465	0.11146123	-0.1655925	0.09674009	-0.09352421	0.15820186	-0.16531004	0.16588849	-0.11931532	0.2724082	-0.2768984	0.2144581	-0.18645665	0.12234266	-0.69372123	0.99999833	-0.4467068	0.23318061	-0.12279106	0.20155202	-0.23723729	0.14119837	-0.064587824	0.0853225	-0.08387467	0.083706744	-0.13332388	0.05673212	-0.052104123	0.06758156	-0.0833041	0.057308044	-0.038305845	0.064482324	-0.051485535	0.07767374	-0.06293709	0.04384632
0.06259918	-0.06132431	0.16908824	-0.11713058	0.16952184	-0.09908124	0.09264961	-0.16633263	0.18057439	-0.213097	0.0874607	-0.271162	0.23384534	-0.43906486	0.29271844	-0.0949768	0.24968691	-0.4467068	0.9999979	-0.6202174	0.09027945	-0.1284624	0.12942272	-0.13339704	0.0824674	-0.06552699	0.06426029	-0.06390752	0.116687305	-0.0746491	0.04286572	-0.055489734	0.0655755	-0.054858696	0.040836856	-0.053839736	0.042520244	-0.06492814	0.058196653	-0.04710172
-0.06314187	0.060899846	-0.19725616	0.13159348	-0.20399673	0.09648832	-0.09395135	0.16387558	-0.19854167	0.22731484	-0.07983056	0.22243275	-0.23705582	0.3073333	-0.5692158	0.082451895	-0.22918391	0.23318061	-0.6202174	0.99999803	-0.08612705	0.11000794	-0.11512328	0.11623492	-0.11755026	0.061150227	-0.061233852	0.059889805	-0.116867386	0.09295202	-0.040912345	0.052605513	-0.063114695	0.057085674	-0.04619959	0.050934132	-0.040764067	0.061881866	-0.060392745	0.052365698
0.031535536	-0.028890248	0.07823239	-0.049860157	0.07641599	-0.048926987	0.043782167	-0.062497485	0.06802672	-0.075757585	0.04910616	-0.14160997	0.085192196	-0.07638504	0.06876701	-0.053049702	0.13508199	-0.12279106	0.09027945	-0.08612705	0.99999803	-0.35174406	0.2288994	-0.22014976	0.06622108	-0.6742669	0.28860733	-0.2594288	0.18810743	-0.06006271	0.1934293	-0.2466323	0.22025184	-0.10692644	0.05821587	-0.2527453	0.16757542	-0.26337278	0.114447184	-0.070947535
-0.03678878	0.033861168	-0.09400514	0.059922963	-0.091212764	0.056227952	-0.051910378	0.077349804	-0.08361447	0.08968977	-0.06684516	0.1666044	-0.1113354	0.09779713	-0.08744338	0.07069002	-0.29350534	0.20155202	-0.1284624	0.11000794	-0.35174406	0.999998	-0.76291615	0.23546752	-0.07354351	0.1900225	-0.18548061	0.17455067	-0.23296116	0.06449462	-0.0947243	0.12434639	-0.16121233	0.08685102	-0.052172203	0.11409249	-0.09309463	0.1377009	-0.097330004	0.05907485
0.036136176	-0.033544976	0.09093987	-0.058581248	0.08849779	-0.05591491	0.051089898	-0.077215865	0.082206145	-0.09025023	0.062128004	-0.16950037	0.10946469	-0.10033799	0.08776632	-0.06736567	0.2136182	-0.23723729	0.12942272	-0.11512328	0.2288994	-0.76291615	0.9999978	-0.37504256	0.07271784	-0.18232831	0.168507	-0.21572952	0.22987181	-0.06518826	0.09474791	-0.12997457	0.1620937	-0.08965773	0.05280251	-0.11921319	0.095300585	-0.14730538	0.09679787	-0.06057851
-0.037420202	0.034342363	-0.098578356	0.06257537	-0.09655588	0.05717704	-0.052408613	0.07695325	-0.0857922	0.09379102	-0.05510323	0.15149318	-0.10678891	0.098490916	-0.09236668	0.057877436	-0.15322028	0.14119837	-0.13339704	0.11623492	-0.22014976	0.23546752	-0.37504256	0.9999974	-0.16459832	0.15193303	-0.16708416	0.17341109	-0.7620129	0.14258878	-0.09843564	0.13002788	-0.17799702	0.17404811	-0.10762003	0.1177726	-0.10416157	0.15517089	-0.19538328	0.11356578
0.019283509	-0.018044073	0.052476484	-0.034262642	0.05273132	-0.029892543	0.027398441	-0.04230108	0.04823492	-0.056636095	0.02587678	-0.07660736	0.05737275	-0.062233817	0.071241654	-0.027468782	0.064850576	-0.064587824	0.0824674	-0.11755026	0.06622108	-0.07354351	0.07271784	-0.16459832	0.99999756	-0.05296578	0.054410458	-0.05743119	0.1730327	-0.90688956	0.038662232	-0.05287659	0.06025943	-0.15226485	0.19688506	-0.04903601	0.043132734	-0.06893055	0.12791932	-0.22705103
-0.022649141	0.020675244	-0.05795633	0.03663625	-0.05655443	0.034743473	-0.03146906	0.04509224	-0.049657665	0.05438094	-0.034735147	0.09603248	-0.06190575	0.05451675	-0.04984803	0.036842294	-0.097152956	0.0853225	-0.06552699	0.061150227	-0.6742669	0.1900225	-0.18232831	0.15193303	-0.05296578	0.9999974	-0.5525243	0.24312894	-0.15981114	0.04733406	-0.21668258	0.20466629	-0.23652485	0.08069192	-0.044845782	0.19642921	-0.14708415	0.19283836	-0.09127987	0.053335175
0.022465633	-0.020542268	0.056634847	-0.03595111	0.055351518	-0.034695257	0.031168284	-0.044498213	0.0487961	-0.054106947	0.033944156	-0.097191796	0.06060836	-0.054120228	0.049252063	-0.03633398	0.09119698	-0.08387467	0.06426029	-0.061233852	0.28860733	-0.18548061	0.168507	-0.16708416	0.054410458	-0.5525243	0.99999714	-0.55993515	0.16236576	-0.04985367	0.17942023	-0.33012736	0.28983822	-0.09306793	0.04962949	-0.2053453	0.19132863	-0.272771	0.101506695	-0.060551126
-0.021476515	0.019651316	-0.05479684	0.03475223	-0.053524937	0.03303914	-0.029879233	0.04302641	-0.047279768	0.052071027	-0.032663308	0.09156486	-0.059087772	0.052687515	-0.048151176	0.03475143	-0.09077674	0.083706744	-0.06390752	0.059889805	-0.2594288	0.17455067	-0.21572952	0.17341109	-0.05743119	0.24312894	-0.55993515	0.9999969	-0.2048882	0.052845538	-0.13906813	0.21722662	-0.65049815	0.09039124	-0.04924323	0.15366906	-0.16720773	0.23596637	-0.09974464	0.058391523
0.03653102	-0.033687405	0.09102399	-0.058633648	0.08953829	-0.05704799	0.05090524	-0.07371192	0.080791175	-0.09232145	0.05354723	-0.1599448	0.099686086	-0.09544275	0.087900765	-0.057621084	0.13675067	-0.13332388	0.116687305	-0.116867386	0.18810743	-0.23296116	0.22987181	-0.7620129	0.1730327	-0.15981114	0.16236576	-0.2048882	0.9999969	-0.20384234	0.107789874	-0.15048441	0.17466138	-0.26561406	0.13307324	-0.13916375	0.11519755	-0.18578199	0.20475854	-0.14905481
-0.01716832	0.016032917	-0.047620405	0.030889008	-0.047820292	0.026446555	-0.024421705	0.03771261	-0.043345187	0.049793277	-0.022933053	0.06675277	-0.051540814	0.05461867	-0.06427233	0.024210367	-0.058151588	0.05673212	-0.0746491	0.09295202	-0.06006271	0.06449462	-0.06518826	0.14258878	-0.90688956	0.04733406	-0.04985367	0.052845538	-0.20384234	0.9999971	-0.034470607	0.047061473	-0.05574586	0.13886094	-0.25221476	0.043096825	-0.039009843	0.061611164	-0.12588124	0.1910509
0.016056594	-0.014575275	0.041559227	-0.026079541	0.040628884	-0.02455719	0.022155955	-0.03125037	0.034763645	-0.038129363	0.022912303	-0.065124415	0.04218244	-0.036760382	0.034004215	-0.024260703	0.057775486	-0.052104123	0.04286572	-0.040912345	0.1934293	-0.0947243	0.09474791	-0.09843564	0.038662232	-0.21668258	0.17942023	-0.13906813	0.107789874	-0.034470607	0.99999684	-0.3716877	0.1761472	-0.065999836	0.035734143	-0.8437857	0.20469971	-0.20157695	0.07795746	-0.043304287
-0.020254051	0.01839786	-0.05290687	0.033180308	-0.05170296	0.030883431	-0.028011698	0.039768938	-0.044303536	0.048363052	-0.029151676	0.08158767	-0.05396111	0.047048174	-0.043654207	0.030762075	-0.07526178	0.06758156	-0.055489734	0.052605513	-0.2466323	0.12434639	-0.12997457	0.13002788	-0.05287659	0.20466629	-0.33012736	0.21722662	-0.15048441	0.047061473	-0.3716877	0.99999714	-0.34348637	0.09269475	-0.04983494	0.2582108	-0.6497398	0.31109586	-0.11603984	0.06007587
0.023319073	-0.021301597	0.058838766	-0.037320837	0.057562076	-0.036030427	0.032292444	-0.045918986	0.050485615	-0.056162216	0.034395825	-0.099576965	0.062206794	-0.055620342	0.05084078	-0.036783803	0.08900166	-0.0833041	0.0655755	-0.063114695	0.22025184	-0.16121233	0.1620937	-0.17799702	0.06025943	-0.23652485	0.28983822	-0.65049815	0.17466138	-0.05574586	0.1761472	-0.34348637	0.9999974	-0.11549188	0.059273474	-0.21712695	0.23728427	-0.46312562	0.12569858	-0.07368092
-0.01801338	0.016499117	-0.047034387	0.029889097	-0.046376493	0.027738344	-0.025036594	0.036108833	-0.04045837	0.045483034	-0.024838664	0.07274146	-0.04861328	0.045303717	-0.044403397	0.026373377	-0.06095839	0.057308044	-0.054858696	0.057085674	-0.10692644	0.08685102	-0.08965773	0.17404811	-0.15226485	0.08069192	-0.09306793	0.09039124	-0.26561406	0.13886094	-0.065999836	0.09269475	-0.11549188	0.9999973	-0.40260682	0.076882854	-0.09314534	0.14538774	-0.78693485	0.28196505
0.012072778	-0.011131258	0.032073203	-0.020547338	0.031844605	-0.018621702	0.01689503	-0.024899604	0.028122371	-0.032069996	0.016358277	-0.04817395	0.03353736	-0.032786973	0.034062553	-0.01736151	0.04005853	-0.038305845	0.040836856	-0.04619959	0.05821587	-0.052172203	0.05280251	-0.10762003	0.19688506	-0.044845782	0.04962949	-0.04924323	0.13307324	-0.25221476	0.035734143	-0.04983494	0.059273474	-0.40260682	0.99999726	-0.04299707	0.046398472	-0.07403756	0.26782784	-0.8200286
-0.020297596	0.018378362	-0.05360368	0.03344772	-0.052376054	0.030812342	-0.028006174	0.03956022	-0.044297576	0.04809362	-0.028601151	0.07974416	-0.053471863	0.04607543	-0.042907797	0.030076373	-0.07237061	0.064482324	-0.053839736	0.050934132	-0.2527453	0.11409249	-0.11921319	0.1177726	-0.04903601	0.19642921	-0.2053453	0.15366906	-0.13916375	0.043096825	-0.8437857	0.2582108	-0.21712695	0.076882854	-0.04299707	0.99999714	-0.23350143	0.1945992	-0.094591565	0.050923686
0.015555558	-0.014144211	0.04026893	-0.025320917	0.039385334	-0.02381113	0.02150155	-0.030468103	0.03387221	-0.037226334	0.022304486	-0.06337798	0.04121259	-0.036201417	0.0335696	-0.02362273	0.05669595	-0.051485535	0.042520244	-0.040764067	0.16757542	-0.09309463	0.095300585	-0.10416157	0.043132734	-0.14708415	0.19132863	-0.16720773	0.11519755	-0.039009843	0.20469971	-0.6497398	0.23728427	-0.09314534	0.046398472	-0.23350143	0.999997	-0.6283437	0.11229771	-0.058387954
-0.023689987	0.021511808	-0.062194575	0.0389727	-0.060811404	0.036081877	-0.03276043	0.046528675	-0.051959865	0.056709327	-0.033747677	0.09450637	-0.06305837	0.055037335	-0.051347464	0.035565577	-0.086268455	0.07767374	-0.06492814	0.061881866	-0.26337278	0.1377009	-0.14730538	0.15517089	-0.06893055	0.19283836	-0.272771	0.23596637	-0.18578199	0.061611164	-0.20157695	0.31109586	-0.46312562	0.14538774	-0.07403756	0.1945992	-0.6283437	0.9999971	-0.213867	0.09104209
0.019788744	-0.01813082	0.050408706	-0.0321497	0.049669635	-0.030690568	0.02743011	-0.039207928	0.043593485	-0.049484774	0.02750039	-0.08220544	0.0525389	-0.048945706	0.046880618	-0.029378535	0.06645819	-0.06293709	0.058196653	-0.060392745	0.114447184	-0.097330004	0.09679787	-0.19538328	0.12791932	-0.09127987	0.101506695	-0.09974464	0.20475854	-0.12588124	0.07795746	-0.11603984	0.12569858	-0.78693485	0.26782784	-0.094591565	0.11229771	-0.213867	0.9999971	-0.39709806
-0.014077563	0.012953914	-0.03780053	0.024113845	-0.037508912	0.021624368	-0.019689808	0.02897377	-0.03285499	0.037147444	-0.018919662	0.055242084	-0.03906509	0.037742186	-0.03946511	0.020014683	-0.046280034	0.04384632	-0.04710172	0.052365698	-0.070947535	0.05907485	-0.06057851	0.11356578	-0.22705103	0.053335175	-0.060551126	0.058391523	-0.14905481	0.1910509	-0.043304287	0.06007587	-0.07368092	0.28196505	-0.8200286	0.050923686	-0.058387954	0.09104209	-0.39709806	0.9999971
