1.0000001	-0.83959	0.21580546	-0.11050461	0.10807651	-0.40019715	0.21310191	-0.14924219	0.13729607	-0.087705225	0.13506584	-0.15923622	0.12481378	-0.12108923	0.070677854	-0.10854687	0.08997695	-0.10810659	0.0793552	-0.1065392	0.11527216	-0.08615183	0.07229101	-0.06833736	0.059998773	-0.067880176	0.07256819	-0.058200892	0.052408107	-0.06549516	0.039308403	-0.046864405	0.051229544	-0.04361795	0.046175636	-0.045303136	0.04510924	-0.049290504	0.03861895	-0.045250848
-0.83959	1.0	-0.32530618	0.12411646	-0.12653829	0.26192215	-0.2459443	0.16880468	-0.16448931	0.094257966	-0.14489684	0.16400069	-0.14036101	0.1294071	-0.07728651	0.10959432	-0.09842231	0.11569072	-0.08554535	0.11261997	-0.13125956	0.09195854	-0.07887865	0.073420815	-0.065240495	0.07407912	-0.080575466	0.062961504	-0.05709474	0.070187986	-0.043092385	0.05112635	-0.056071464	0.047361426	-0.050435383	0.04914103	-0.049731616	0.053322677	-0.042079534	0.048865855
0.21580546	-0.32530618	0.99999994	-0.3386026	0.24889679	-0.3108004	0.27238435	-0.53555185	0.31282353	-0.22102346	0.18957101	-0.3043828	0.27994758	-0.30353242	0.16962454	-0.17258586	0.17244142	-0.2567786	0.18624921	-0.25990307	0.19779152	-0.1722253	0.16004305	-0.156106	0.13279977	-0.1301372	0.13856788	-0.12571426	0.11276514	-0.14857556	0.07702922	-0.094972715	0.10811921	-0.09423731	0.0986425	-0.0904725	0.09013846	-0.10617385	0.08225223	-0.09881053
-0.11050461	0.12411646	-0.3386026	1.0	-0.69300026	0.15934807	-0.17061497	0.23740256	-0.514208	0.20010132	-0.12314601	0.18043695	-0.192572	0.21287823	-0.15596728	0.106871516	-0.11281905	0.16205704	-0.12658547	0.16977464	-0.13869864	0.10926756	-0.108043425	0.101852864	-0.089582056	0.08601539	-0.09373324	0.08272685	-0.0753981	0.09687239	-0.051425487	0.06304927	-0.072871506	0.06266347	-0.066455826	0.059499785	-0.06090478	0.07005359	-0.05500882	0.06515415
0.10807651	-0.12653829	0.24889679	-0.69300026	0.99999976	-0.17304236	0.16830686	-0.20854631	0.28439283	-0.37284288	0.13818873	-0.21193324	0.21067101	-0.307501	0.21910965	-0.12597145	0.13450488	-0.20847005	0.1683726	-0.24127895	0.15976587	-0.13458477	0.13678911	-0.13376315	0.116243765	-0.10539562	0.11330822	-0.10745464	0.0970041	-0.12945008	0.06362511	-0.079470046	0.09298806	-0.08126901	0.08539324	-0.07475182	0.07574971	-0.09141064	0.07089432	-0.08560634
-0.40019715	0.26192215	-0.3108004	0.15934807	-0.17304236	0.9999998	-0.6406526	0.2371265	-0.23613113	0.1272043	-0.3288601	0.27117077	-0.21171272	0.17848994	-0.107358195	0.19920623	-0.15832537	0.16521227	-0.12139319	0.15545715	-0.21472126	0.14235182	-0.11450471	0.10488502	-0.09389325	0.11570164	-0.12543072	0.091990195	-0.083388835	0.0999502	-0.06609671	0.077023424	-0.08237575	0.06891301	-0.0735534	0.074826784	-0.075145744	0.077695064	-0.061543602	0.070652716
0.21310191	-0.2459443	0.27238435	-0.17061497	0.16830686	-0.6406526	0.99999994	-0.37354288	0.23513816	-0.13965228	0.21744862	-0.46629918	0.24301384	-0.20604102	0.11610087	-0.1771358	0.17257285	-0.18831357	0.1332644	-0.17172687	0.18412274	-0.16096261	0.120813504	-0.11217336	0.09708428	-0.11252755	0.12130159	-0.09388852	0.0846438	-0.104620926	0.06410975	-0.07615182	0.082267106	-0.069877304	0.07381893	-0.07376111	0.073039606	-0.07849568	0.06168501	-0.071835496
-0.14924219	0.16880468	-0.53555185	0.23740256	-0.20854631	0.2371265	-0.37354288	1.0000001	-0.5461981	0.16000059	-0.15536256	0.2618165	-0.41283852	0.23958172	-0.13538359	0.13020386	-0.14321828	0.20689361	-0.14804693	0.18339913	-0.1583065	0.13272409	-0.1274387	0.116107896	-0.09928021	0.09825662	-0.107635744	0.09149042	-0.08353643	0.105953686	-0.05766481	0.07010978	-0.079971656	0.06866838	-0.0725032	0.06647245	-0.067587525	0.07623601	-0.060012482	0.07061983
0.13729607	-0.16448931	0.31282353	-0.514208	0.28439283	-0.23613113	0.23513816	-0.5461981	1.0000001	-0.22770606	0.1606232	-0.26841626	0.2661843	-0.31064233	0.17128383	-0.14475602	0.15287387	-0.23379783	0.17344548	-0.23732705	0.17388722	-0.15130273	0.14500952	-0.13999072	0.119288124	-0.11364949	0.12221972	-0.11113537	0.10031744	-0.13178639	0.067497686	-0.08338908	0.095940955	-0.08349085	0.08758867	-0.078960575	0.079487875	-0.09353062	0.07276749	-0.087157845
-0.087705225	0.094257966	-0.22102346	0.20010132	-0.37284288	0.1272043	-0.13965228	0.16000059	-0.22770606	1.0000001	-0.12052739	0.16118965	-0.20876579	0.28788015	-0.7715309	0.10069873	-0.11292886	0.1628883	-0.15613101	0.18377458	-0.14846691	0.104760125	-0.117317095	0.10386594	-0.09611161	0.085861996	-0.09668827	0.082403176	-0.07770572	0.095675655	-0.05166537	0.0628459	-0.075157784	0.06331902	-0.06853422	0.058434352	-0.062338423	0.06911059	-0.055736803	0.06426414
0.13506584	-0.14489684	0.18957101	-0.12314601	0.13818873	-0.3288601	0.21744862	-0.15536256	0.1606232	-0.12052739	1.0000002	-0.32076538	0.1795827	-0.17230716	0.099516906	-0.74887145	0.17537783	-0.17298634	0.12305843	-0.16659385	0.27791592	-0.17817505	0.11846605	-0.11424522	0.10037926	-0.16114736	0.14796738	-0.10676307	0.09288771	-0.112722814	0.08491577	-0.09491503	0.0922958	-0.0781069	0.08185283	-0.100455046	0.088391766	-0.09108044	0.070062764	-0.081640035
-0.15923622	0.16400069	-0.3043828	0.18043695	-0.21193324	0.27117077	-0.46629918	0.2618165	-0.26841626	0.16118965	-0.32076538	0.9999998	-0.46032852	0.24562952	-0.14708091	0.21574637	-0.3759426	0.24567774	-0.17524663	0.20428026	-0.27390066	0.2396192	-0.16690755	0.14439322	-0.1283462	0.15677558	-0.18302618	0.12387646	-0.113361426	0.13216057	-0.08885641	0.10416992	-0.11094048	0.09203531	-0.09828467	0.099165544	-0.10209311	0.1023719	-0.08189282	0.09272552
0.12481378	-0.14036101	0.27994758	-0.192572	0.21067101	-0.21171272	0.24301384	-0.41283852	0.2661843	-0.20876579	0.1795827	-0.46032852	0.9999994	-0.4751435	0.19217254	-0.15233806	0.19892177	-0.43636093	0.23195682	-0.2585418	0.19380857	-0.1791684	0.18702853	-0.16658647	0.13279603	-0.12180524	0.13636453	-0.11748441	0.10875014	-0.13753954	0.070922114	-0.086682774	0.10141373	-0.087438464	0.09174891	-0.081095785	0.08392336	-0.09459945	0.07520237	-0.0878586
-0.12108923	0.1294071	-0.30353242	0.21287823	-0.307501	0.17848994	-0.20604102	0.23958172	-0.31064233	0.28788015	-0.17230716	0.24562952	-0.4751435	0.9999994	-0.48474482	0.14129555	-0.17014356	0.26484135	-0.32185832	0.2647549	-0.2072521	0.15152705	-0.18055427	0.15478949	-0.13846134	0.120017394	-0.13664807	0.115691006	-0.11018101	0.134573	-0.07169109	0.08707786	-0.10482869	0.08843887	-0.09534154	0.08075502	-0.08647033	0.09537238	-0.07724856	0.08868049
0.070677854	-0.07728651	0.16962454	-0.15596728	0.21910965	-0.107358195	0.11610087	-0.13538359	0.17128383	-0.7715309	0.099516906	-0.14708091	0.19217254	-0.48474482	0.9999995	-0.08454457	0.098610915	-0.16078192	0.16215597	-0.21122544	0.12056968	-0.09200222	0.10582837	-0.09611685	0.08550192	-0.072283044	0.08113972	-0.07178357	0.0675555	-0.08573961	0.043268	-0.053059705	0.064012416	-0.05467052	0.058450956	-0.049237892	0.052189723	-0.05920133	0.047502097	-0.055271998
-0.10854687	0.10959432	-0.17258586	0.106871516	-0.12597145	0.19920623	-0.1771358	0.13020386	-0.14475602	0.10069873	-0.74887145	0.21574637	-0.15233806	0.14129555	-0.08454457	0.9999995	-0.18103305	0.14501448	-0.10472816	0.13803795	-0.48781753	0.16547029	-0.10594102	0.09946993	-0.09038936	0.17258175	-0.16513473	0.09969144	-0.087290555	0.098969504	-0.088808805	0.09429127	-0.08832825	0.07256619	-0.07680108	0.09879442	-0.09032684	0.08443433	-0.06604894	0.07446078
0.08997695	-0.09842231	0.17244142	-0.11281905	0.13450488	-0.15832537	0.17257285	-0.14321828	0.15287387	-0.11292886	0.17537783	-0.3759426	0.19892177	-0.17014356	0.098610915	-0.18103305	0.9999996	-0.26398218	0.14795874	-0.17592956	0.22013082	-0.7691068	0.15252326	-0.13423055	0.11127344	-0.19061528	0.21929435	-0.121989965	0.104765415	-0.1183826	0.09450619	-0.112579085	0.10185997	-0.08450777	0.08762549	-0.10769078	0.10137091	-0.09538067	0.07471072	-0.08407128
-0.10810659	0.11569072	-0.2567786	0.16205704	-0.20847005	0.16521227	-0.18831357	0.20689361	-0.23379783	0.1628883	-0.17298634	0.24567774	-0.43636093	0.26484135	-0.16078192	0.14501448	-0.26398218	0.99999976	-0.5052549	0.30205885	-0.22150475	0.19595592	-0.41569677	0.24461384	-0.18860647	0.13527301	-0.1601107	0.14424978	-0.14246152	0.1708643	-0.07979086	0.098405905	-0.12588926	0.10799248	-0.114052825	0.08936515	-0.09775418	0.110669576	-0.090790026	0.10376651
0.0793552	-0.08554535	0.18624921	-0.12658547	0.1683726	-0.12139319	0.1332644	-0.14804693	0.17344548	-0.15613101	0.12305843	-0.17524663	0.23195682	-0.32185832	0.16215597	-0.10472816	0.14795874	-0.5052549	0.9999997	-0.7053772	0.15809014	-0.13346739	0.21684419	-0.21843834	0.15581556	-0.09781071	0.1128409	-0.11117459	0.109833635	-0.14299116	0.058279153	-0.072784595	0.09541562	-0.0837048	0.08744637	-0.06585751	0.07197055	-0.08485911	0.06929969	-0.08039678
-0.1065392	0.11261997	-0.25990307	0.16977464	-0.24127895	0.15545715	-0.17172687	0.18339913	-0.23732705	0.18377458	-0.16659385	0.20428026	-0.2585418	0.2647549	-0.21122544	0.13803795	-0.17592956	0.30205885	-0.7053772	0.9999994	-0.2228334	0.15472084	-0.24130616	0.2020415	-0.21807082	0.12789407	-0.14965145	0.13610701	-0.13734871	0.17415749	-0.07735864	0.0953718	-0.124836825	0.105743915	-0.11536956	0.086227454	-0.09639887	0.108889185	-0.090497054	0.10280459
0.11527216	-0.13125956	0.19779152	-0.13869864	0.15976587	-0.21472126	0.18412274	-0.1583065	0.17388722	-0.14846691	0.27791592	-0.27390066	0.19380857	-0.2072521	0.12056968	-0.48781753	0.22013082	-0.22150475	0.15809014	-0.2228334	0.9999998	-0.2795307	0.16081955	-0.16101384	0.14336008	-0.46467867	0.2748172	-0.17406462	0.14336357	-0.16746302	0.17507537	-0.17595136	0.14541069	-0.122181006	0.12619315	-0.21042836	0.15536302	-0.14832887	0.11131352	-0.12866864
-0.08615183	0.09195854	-0.1722253	0.10926756	-0.13458477	0.14235182	-0.16096261	0.13272409	-0.15130273	0.104760125	-0.17817505	0.2396192	-0.1791684	0.15152705	-0.09200222	0.16547029	-0.7691068	0.19595592	-0.13346739	0.15472084	-0.2795307	0.9999999	-0.1596547	0.12987047	-0.113932475	0.21331412	-0.36226958	0.1314643	-0.11432708	0.11755513	-0.10877254	0.12718229	-0.112725824	0.08994092	-0.094124265	0.11650797	-0.119766526	0.10108975	-0.08071011	0.08768086
0.07229101	-0.07887865	0.16004305	-0.108043425	0.13678911	-0.11450471	0.120813504	-0.1274387	0.14500952	-0.117317095	0.11846605	-0.16690755	0.18702853	-0.18055427	0.10582837	-0.10594102	0.15252326	-0.41569677	0.21684419	-0.24130616	0.16081955	-0.1596547	0.9999995	-0.72637534	0.24874564	-0.11583395	0.13426045	-0.2077634	0.19630246	-0.26164865	0.069844805	-0.094018795	0.14640306	-0.14098378	0.13175324	-0.080618896	0.090759926	-0.12919736	0.10373013	-0.12557203
-0.06833736	0.073420815	-0.156106	0.101852864	-0.13376315	0.10488502	-0.11217336	0.116107896	-0.13999072	0.10386594	-0.11424522	0.14439322	-0.16658647	0.15478949	-0.09611685	0.09946993	-0.13423055	0.24461384	-0.21843834	0.2020415	-0.16101384	0.12987047	-0.72637534	0.99999964	-0.4208904	0.10903941	-0.13049586	0.1949029	-0.26260275	0.26138717	-0.06690091	0.089589395	-0.15440863	0.14630564	-0.14160761	0.075935744	-0.089164816	0.12461733	-0.10604048	0.1224006
0.059998773	-0.065240495	0.13279977	-0.089582056	0.116243765	-0.09389325	0.09708428	-0.09928021	0.119288124	-0.09611161	0.10037926	-0.1283462	0.13279603	-0.13846134	0.08550192	-0.09038936	0.11127344	-0.18860647	0.15581556	-0.21807082	0.14336008	-0.113932475	0.24874564	-0.4208904	0.9999995	-0.10590976	0.12230924	-0.21408893	0.22702987	-0.760631	0.06670872	-0.09449522	0.16246493	-0.16612013	0.16867428	-0.077626675	0.09196029	-0.14617778	0.11993379	-0.1545129
-0.067880176	0.07407912	-0.1301372	0.08601539	-0.10539562	0.11570164	-0.11252755	0.09825662	-0.11364949	0.085861996	-0.16114736	0.15677558	-0.12180524	0.120017394	-0.072283044	0.17258175	-0.19061528	0.13527301	-0.09781071	0.12789407	-0.46467867	0.21331412	-0.11583395	0.10903941	-0.10590976	0.99999976	-0.6776092	0.16059072	-0.13279626	0.115257315	-0.33002648	0.2028974	-0.13881327	0.104099	-0.108086	0.2357864	-0.19252501	0.12433889	-0.098471455	0.100222126
0.07256819	-0.080575466	0.13856788	-0.09373324	0.11330822	-0.12543072	0.12130159	-0.107635744	0.12221972	-0.09668827	0.14796738	-0.18302618	0.13636453	-0.13664807	0.08113972	-0.16513473	0.21929435	-0.1601107	0.1128409	-0.14965145	0.2748172	-0.36226958	0.13426045	-0.13049586	0.12230924	-0.6776092	0.9999997	-0.24467748	0.15944073	-0.13885856	0.20892742	-0.29255122	0.16052444	-0.1244931	0.122780226	-0.23042352	0.204537	-0.14730294	0.111999385	-0.11785205
-0.058200892	0.062961504	-0.12571426	0.08272685	-0.10745464	0.091990195	-0.09388852	0.09149042	-0.11113537	0.082403176	-0.10676307	0.12387646	-0.11748441	0.115691006	-0.07178357	0.09969144	-0.121989965	0.14424978	-0.11117459	0.13610701	-0.17406462	0.1314643	-0.2077634	0.1949029	-0.21408893	0.16059072	-0.24467748	0.99999946	-0.6570353	0.22342734	-0.09497753	0.13590768	-0.49947014	0.28775	-0.23870276	0.10597171	-0.13499522	0.2183447	-0.19165845	0.19347656
0.052408107	-0.05709474	0.11276514	-0.0753981	0.0970041	-0.083388835	0.0846438	-0.08353643	0.10031744	-0.07770572	0.09288771	-0.113361426	0.10875014	-0.11018101	0.0675555	-0.087290555	0.104765415	-0.14246152	0.109833635	-0.13734871	0.14336357	-0.11432708	0.19630246	-0.26260275	0.22702987	-0.13279626	0.15944073	-0.6570353	0.99999917	-0.33880794	0.08023466	-0.12090955	0.2965882	-0.45520625	0.23584875	-0.093599215	0.116223946	-0.21694875	0.18472427	-0.21068636
-0.06549516	0.070187986	-0.14857556	0.09687239	-0.12945008	0.0999502	-0.104620926	0.105953686	-0.13178639	0.095675655	-0.112722814	0.13216057	-0.13753954	0.134573	-0.08573961	0.098969504	-0.1183826	0.1708643	-0.14299116	0.17415749	-0.16746302	0.11755513	-0.26164865	0.26138717	-0.760631	0.115257315	-0.13885856	0.22342734	-0.33880794	0.9999993	-0.0734172	0.1023361	-0.19957656	0.1932564	-0.2386666	0.08337824	-0.10383985	0.15676777	-0.14133927	0.168823
0.039308403	-0.043092385	0.07702922	-0.051425487	0.06362511	-0.06609671	0.06410975	-0.05766481	0.067497686	-0.05166537	0.08491577	-0.08885641	0.070922114	-0.07169109	0.043268	-0.088808805	0.09450619	-0.07979086	0.058279153	-0.07735864	0.17507537	-0.10877254	0.069844805	-0.06690091	0.06670872	-0.33002648	0.20892742	-0.09497753	0.08023466	-0.0734172	0.99999905	-0.29003316	0.095733814	-0.07163502	0.077751786	-0.8464233	0.22070298	-0.10391622	0.077852	-0.0737384
-0.046864405	0.05112635	-0.094972715	0.06304927	-0.079470046	0.077023424	-0.07615182	0.07010978	-0.08338908	0.0628459	-0.09491503	0.10416992	-0.086682774	0.08707786	-0.053059705	0.09429127	-0.112579085	0.098405905	-0.072784595	0.0953718	-0.17595136	0.12718229	-0.094018795	0.089589395	-0.09449522	0.2028974	-0.29255122	0.13590768	-0.12090955	0.1023361	-0.29003316	0.9999988	-0.17217796	0.11860365	-0.13496707	0.23806228	-0.8121125	0.20113559	-0.15426578	0.12316756
0.051229544	-0.056071464	0.10811921	-0.072871506	0.09298806	-0.08237575	0.082267106	-0.079971656	0.095940955	-0.075157784	0.0922958	-0.11094048	0.10141373	-0.10482869	0.064012416	-0.08832825	0.10185997	-0.12588926	0.09541562	-0.124836825	0.14541069	-0.112725824	0.14640306	-0.15440863	0.16246493	-0.13881327	0.16052444	-0.49947014	0.2965882	-0.19957656	0.095733814	-0.17217796	0.9999985	-0.52923775	0.27709198	-0.11476316	0.16420396	-0.4589232	0.27013144	-0.30272505
-0.04361795	0.047361426	-0.09423731	0.06266347	-0.08126901	0.06891301	-0.069877304	0.06866838	-0.08349085	0.06331902	-0.0781069	0.09203531	-0.087438464	0.08843887	-0.05467052	0.07256619	-0.08450777	0.10799248	-0.0837048	0.105743915	-0.122181006	0.08994092	-0.14098378	0.14630564	-0.16612013	0.104099	-0.1244931	0.28775	-0.45520625	0.1932564	-0.07163502	0.11860365	-0.52923775	0.99999845	-0.52321905	0.08380547	-0.12164686	0.2685414	-0.34095344	0.28659412
0.046175636	-0.050435383	0.0986425	-0.066455826	0.08539324	-0.0735534	0.07381893	-0.0725032	0.08758867	-0.06853422	0.08185283	-0.09828467	0.09174891	-0.09534154	0.058450956	-0.07680108	0.08762549	-0.114052825	0.08744637	-0.11536956	0.12619315	-0.094124265	0.13175324	-0.14160761	0.16867428	-0.108086	0.122780226	-0.23870276	0.23584875	-0.2386666	0.077751786	-0.13496707	0.27709198	-0.52321905	0.9999984	-0.093562976	0.13223664	-0.311745	0.29034513	-0.64540386
-0.045303136	0.04914103	-0.0904725	0.059499785	-0.07475182	0.074826784	-0.07376111	0.06647245	-0.078960575	0.058434352	-0.100455046	0.099165544	-0.081095785	0.08075502	-0.049237892	0.09879442	-0.10769078	0.08936515	-0.06585751	0.086227454	-0.21042836	0.11650797	-0.080618896	0.075935744	-0.077626675	0.2357864	-0.23042352	0.10597171	-0.093599215	0.08337824	-0.8464233	0.23806228	-0.11476316	0.08380547	-0.093562976	0.99999815	-0.29867214	0.12045594	-0.09436959	0.085490204
0.04510924	-0.049731616	0.09013846	-0.06090478	0.07574971	-0.075145744	0.073039606	-0.067587525	0.079487875	-0.062338423	0.088391766	-0.10209311	0.08392336	-0.08647033	0.052189723	-0.09032684	0.10137091	-0.09775418	0.07197055	-0.09639887	0.15536302	-0.119766526	0.090759926	-0.089164816	0.09196029	-0.19252501	0.204537	-0.13499522	0.116223946	-0.10383985	0.22070298	-0.8121125	0.16420396	-0.12164686	0.13223664	-0.29867214	0.99999833	-0.29957974	0.16083966	-0.13714282
-0.049290504	0.053322677	-0.10617385	0.07005359	-0.09141064	0.077695064	-0.07849568	0.07623601	-0.09353062	0.06911059	-0.09108044	0.1023719	-0.09459945	0.09537238	-0.05920133	0.08443433	-0.09538067	0.110669576	-0.08485911	0.108889185	-0.14832887	0.10108975	-0.12919736	0.12461733	-0.14617778	0.12433889	-0.14730294	0.2183447	-0.21694875	0.15676777	-0.10391622	0.20113559	-0.4589232	0.2685414	-0.311745	0.12045594	-0.29957974	0.99999833	-0.6434264	0.2861236
0.03861895	-0.042079534	0.08225223	-0.05500882	0.07089432	-0.061543602	0.06168501	-0.060012482	0.07276749	-0.055736803	0.070062764	-0.08189282	0.07520237	-0.07724856	0.047502097	-0.06604894	0.07471072	-0.090790026	0.06929969	-0.090497054	0.11131352	-0.08071011	0.10373013	-0.10604048	0.11993379	-0.098471455	0.111999385	-0.19165845	0.18472427	-0.14133927	0.077852	-0.15426578	0.27013144	-0.34095344	0.29034513	-0.09436959	0.16083966	-0.6434264	0.9999984	-0.56176966
-0.045250848	0.048865855	-0.09881053	0.06515415	-0.08560634	0.070652716	-0.071835496	0.07061983	-0.087157845	0.06426414	-0.081640035	0.09272552	-0.0878586	0.08868049	-0.055271998	0.07446078	-0.08407128	0.10376651	-0.08039678	0.10280459	-0.12866864	0.08768086	-0.12557203	0.1224006	-0.1545129	0.100222126	-0.11785205	0.19347656	-0.21068636	0.168823	-0.0737384	0.12316756	-0.30272505	0.28659412	-0.64540386	0.085490204	-0.13714282	0.2861236	-0.56176966	0.9999984
