0.99999994	-0.753668	0.1749854	-0.1240983	0.16308704	-0.52424765	0.25248975	-0.17416568	0.13227205	-0.09932025	0.113197975	-0.11603236	0.1448506	-0.110764526	0.09487664	-0.08795654	0.09125903	-0.11387926	0.11969461	-0.09183972	0.0749129	-0.110305734	0.12241028	-0.13866487	0.085561894	-0.074722044	0.07934789	-0.09343523	0.07470682	-0.07684645	0.055546913	-0.07973137	0.07225591	-0.09819796	0.070845194	-0.0454653	0.08181724	-0.09672523	0.04228334	-0.03633484
-0.753668	0.9999998	-0.28395125	0.17674793	-0.25496	0.29725516	-0.32090083	0.20519201	-0.1837499	0.1342233	-0.15238114	0.14523637	-0.19674139	0.14764541	-0.13299558	0.11210335	-0.12066742	0.14923668	-0.16842376	0.12059819	-0.09846894	0.13955963	-0.16700965	0.17540328	-0.116278395	0.09598971	-0.10344446	0.120001055	-0.09647855	0.09873782	-0.07407348	0.1026791	-0.09373738	0.12493373	-0.09312951	0.059901252	-0.109915346	0.12364182	-0.055339847	0.047229294
0.1749854	-0.28395125	0.9999998	-0.6421022	0.32012406	-0.22287457	0.21363464	-0.3291541	0.27997884	-0.21802913	0.14967565	-0.15877606	0.22386567	-0.23412193	0.18700491	-0.13377683	0.134484	-0.20485877	0.21230996	-0.19809751	0.12911972	-0.19782294	0.2130493	-0.30392328	0.16929777	-0.1366165	0.14614956	-0.18249707	0.15164478	-0.15903068	0.100613244	-0.15395333	0.14021313	-0.2064788	0.13999654	-0.084059864	0.14892489	-0.19572383	0.08378459	-0.0730076
-0.1240983	0.17674793	-0.6421022	1.0	-0.52725166	0.15385753	-0.16973387	0.23245046	-0.41700643	0.20530109	-0.11678333	0.1207577	-0.18700671	0.21487533	-0.18348959	0.09917499	-0.102074556	0.16264325	-0.19942902	0.15275106	-0.0945472	0.1423765	-0.16752914	0.21512993	-0.13419503	0.098074086	-0.10586892	0.13088118	-0.10849873	0.11300676	-0.07302705	0.10959414	-0.10034923	0.14455152	-0.10081404	0.060516182	-0.10820379	0.13731958	-0.05995762	0.051957093
0.16308704	-0.25496	0.32012406	-0.52725166	0.9999998	-0.20375729	0.19590123	-0.24617024	0.2731147	-0.32377607	0.15558144	-0.16071974	0.21784253	-0.24562113	0.23477913	-0.14423393	0.1440147	-0.2102748	0.22520012	-0.25699678	0.14708322	-0.22435664	0.23836535	-0.38319847	0.21005489	-0.15787065	0.17024143	-0.21547183	0.18498276	-0.19585955	0.11789581	-0.18248379	0.1670556	-0.25517175	0.17022987	-0.09885411	0.17557517	-0.23684888	0.10174897	-0.088999994
-0.52424765	0.29725516	-0.22287457	0.15385753	-0.20375729	0.9999998	-0.64959455	0.24793391	-0.18893489	0.12508218	-0.174762	0.17057554	-0.2167239	0.14449742	-0.122697294	0.11885371	-0.12952971	0.15002432	-0.1623937	0.108681716	-0.09417178	0.13514285	-0.15715685	0.159	-0.10321195	0.09061168	-0.0964905	0.11098855	-0.08741131	0.08899904	-0.066931956	0.09421443	-0.08554741	0.11264091	-0.08301648	0.054343317	-0.09805035	0.111946054	-0.049402326	0.042258475
0.25248975	-0.32090083	0.21363464	-0.16973387	0.19590123	-0.64959455	0.9999995	-0.48305187	0.20962684	-0.14273672	0.18044676	-0.24352464	0.24088322	-0.1690609	0.13059555	-0.13712674	0.14366205	-0.175876	0.16919251	-0.121102735	0.103606425	-0.15657957	0.16735648	-0.18073963	0.11080753	-0.10219201	0.10705338	-0.12499085	0.09747996	-0.09966004	0.07266746	-0.105633736	0.09510252	-0.1269363	0.091120414	-0.059675224	0.10568605	-0.12580304	0.05441132	-0.046804134
-0.17416568	0.20519201	-0.3291541	0.23245046	-0.24617024	0.24793391	-0.48305187	0.99999946	-0.4547421	0.18976046	-0.183283	0.20336005	-0.4883528	0.23611368	-0.17966157	0.1351827	-0.14682712	0.23481956	-0.24482323	0.14376357	-0.11083247	0.16576189	-0.20816018	0.20476891	-0.13220404	0.109459735	-0.117174685	0.13960032	-0.10922799	0.11117949	-0.0791389	0.11544269	-0.10517297	0.14039199	-0.10156742	0.06485614	-0.11565976	0.13782859	-0.060345147	0.051849574
0.13227205	-0.1837499	0.27997884	-0.41700643	0.2731147	-0.18893489	0.20962684	-0.4547421	0.9999995	-0.3696176	0.13424914	-0.14630122	0.23915525	-0.5034741	0.25221032	-0.11234916	0.11597348	-0.21997117	0.2681774	-0.17631269	0.10244549	-0.15622543	0.18979995	-0.2248315	0.15024719	-0.10524668	0.11336639	-0.14004561	0.113488264	-0.11718648	0.07706598	-0.11528666	0.10540183	-0.14742897	0.10489652	-0.06369292	0.11358104	-0.14113356	0.06210148	-0.05361447
-0.09932025	0.1342233	-0.21802913	0.20530109	-0.32377607	0.12508218	-0.14273672	0.18976046	-0.3696176	0.99999946	-0.10515646	0.10693826	-0.17191641	0.24940167	-0.7652872	0.087544896	-0.09125865	0.15551639	-0.21620329	0.21973823	-0.084439196	0.12490684	-0.15964893	0.19736464	-0.20199728	0.086278655	-0.09463574	0.11651328	-0.10002484	0.10489253	-0.065691814	0.09635634	-0.08921965	0.12706181	-0.09480875	0.053893156	-0.097894065	0.11871474	-0.055110786	0.047284942
0.113197975	-0.15238114	0.14967565	-0.11678333	0.15558144	-0.174762	0.18044676	-0.183283	0.13424914	-0.10515646	0.9999993	-0.6639196	0.22975977	-0.13040178	0.100829765	-0.539922	0.310529	-0.17813534	0.14172325	-0.103853114	0.16721475	-0.23718783	0.17667624	-0.17114961	0.09856057	-0.15145431	0.13845703	-0.14319447	0.102087095	-0.10202281	0.08934158	-0.1256399	0.108382165	-0.13068731	0.094392926	-0.07337582	0.12194728	-0.13787305	0.057056706	-0.04892558
-0.11603236	0.14523637	-0.15877606	0.1207577	-0.16071974	0.17057554	-0.24352464	0.20336005	-0.14630122	0.10693826	-0.6639196	0.99999946	-0.37822896	0.13495488	-0.10414345	0.29941455	-0.44825846	0.18952507	-0.15393719	0.10119733	-0.15256499	0.216676	-0.18914539	0.16208097	-0.09713256	0.13038722	-0.13206778	0.13358544	-0.09653129	0.09564516	-0.0841459	0.11572722	-0.10196653	0.121410936	-0.08974631	0.06777819	-0.11711936	0.12692869	-0.053903542	0.04598634
0.1448506	-0.19674139	0.22386567	-0.18700671	0.21784253	-0.2167239	0.24088322	-0.4883528	0.23915525	-0.17191641	0.22975977	-0.37822896	0.99999964	-0.25009915	0.16004099	-0.18530352	0.19246688	-0.51664865	0.25659037	-0.15326326	0.1397178	-0.22399034	0.26518458	-0.24322575	0.1400214	-0.14013712	0.14700301	-0.17853962	0.1312228	-0.13230494	0.095800266	-0.14379348	0.1292802	-0.16777737	0.11946661	-0.07919774	0.13811985	-0.16792071	0.07140415	-0.061503414
-0.110764526	0.14764541	-0.23412193	0.21487533	-0.24562113	0.14449742	-0.1690609	0.23611368	-0.5034741	0.24940167	-0.13040178	0.13495488	-0.25009915	0.99999964	-0.32902184	0.10516613	-0.1113756	0.24618126	-0.6320541	0.17360476	-0.09723887	0.14615957	-0.21008623	0.20854416	-0.15355332	0.09816156	-0.107546926	0.1323542	-0.106577195	0.10863393	-0.0726954	0.10718245	-0.09895151	0.1345881	-0.09861626	0.05962259	-0.10731933	0.12910645	-0.057981126	0.04976825
0.09487664	-0.13299558	0.18700491	-0.18348959	0.23477913	-0.122697294	0.13059555	-0.17966157	0.25221032	-0.7652872	0.100829765	-0.10414345	0.16004099	-0.32902184	0.99999976	-0.08690582	0.08938046	-0.16015221	0.2107474	-0.34041393	0.08508465	-0.12736917	0.15788725	-0.21702258	0.21072933	-0.08804983	0.09652936	-0.120477594	0.104984924	-0.111086674	0.06661886	-0.09916481	0.091808595	-0.1336456	0.098061904	-0.054893233	0.099285334	-0.12286007	0.05692979	-0.049046483
-0.08795654	0.11210335	-0.13377683	0.09917499	-0.14423393	0.11885371	-0.13712674	0.1351827	-0.11234916	0.087544896	-0.539922	0.29941455	-0.18530352	0.10516613	-0.08690582	0.99999976	-0.6785858	0.13972913	-0.122969985	0.08808543	-0.26110962	0.2575354	-0.17534359	0.14557986	-0.087557524	0.17178084	-0.15634242	0.13676177	-0.095089845	0.092393056	-0.09854816	0.12469601	-0.10737799	0.117345676	-0.089054264	0.077640854	-0.12973633	0.1285315	-0.053831108	0.045601923
0.09125903	-0.12066742	0.134484	-0.102074556	0.1440147	-0.12952971	0.14366205	-0.14682712	0.11597348	-0.09125865	0.310529	-0.44825846	0.19246688	-0.1113756	0.08938046	-0.6785858	0.99999964	-0.15438801	0.12664863	-0.09230501	0.20635885	-0.40956378	0.18037637	-0.1550246	0.09040356	-0.17084974	0.16244468	-0.14684933	0.09949984	-0.09720116	0.095944285	-0.13254163	0.11160729	-0.123881	0.09179544	-0.07744762	0.12810346	-0.13458131	0.05555823	-0.047299102
-0.11387926	0.14923668	-0.20485877	0.16264325	-0.2102748	0.15002432	-0.175876	0.23481956	-0.21997117	0.15551639	-0.17813534	0.18952507	-0.51664865	0.24618126	-0.16015221	0.13972913	-0.15438801	0.9999995	-0.4862909	0.14704719	-0.12820703	0.1991443	-0.52530223	0.23572938	-0.1404793	0.12629119	-0.14309777	0.1808786	-0.12907459	0.12535886	-0.090523005	0.13487191	-0.12674978	0.15575902	-0.11516085	0.07383911	-0.13224643	0.15464571	-0.06802323	0.058099065
0.11969461	-0.16842376	0.21230996	-0.19942902	0.22520012	-0.1623937	0.16919251	-0.24482323	0.2681774	-0.21620329	0.14172325	-0.15393719	0.25659037	-0.6320541	0.2107474	-0.122969985	0.12664863	-0.4862909	0.99999934	-0.20202334	0.11623484	-0.18158947	0.2530322	-0.27358153	0.1653742	-0.120078474	0.13090557	-0.16681437	0.13121252	-0.13302365	0.086993895	-0.13178395	0.12102657	-0.16551338	0.118554614	-0.071897134	0.12802434	-0.15847738	0.06992079	-0.06025509
-0.09183972	0.12059819	-0.19809751	0.15275106	-0.25699678	0.108681716	-0.121102735	0.14376357	-0.17631269	0.21973823	-0.103853114	0.10119733	-0.15326326	0.17360476	-0.34041393	0.08808543	-0.09230501	0.14704719	-0.20202334	0.9999993	-0.093090825	0.13146272	-0.18188415	0.26374513	-0.7863921	0.09424682	-0.10784772	0.13351078	-0.1351789	0.14895809	-0.07711373	0.10877318	-0.10399811	0.15352146	-0.13435453	0.06220402	-0.11742242	0.13308533	-0.07327528	0.061791725
0.0749129	-0.09846894	0.12911972	-0.0945472	0.14708322	-0.09417178	0.103606425	-0.11083247	0.10244549	-0.084439196	0.16721475	-0.15256499	0.1397178	-0.09723887	0.08508465	-0.26110962	0.20635885	-0.12820703	0.11623484	-0.093090825	0.9999993	-0.47181097	0.19280975	-0.16646244	0.09567851	-0.7179269	0.266686	-0.20984438	0.12581557	-0.12015918	0.177164	-0.20638883	0.1584539	-0.15464799	0.11427334	-0.14921692	0.18503487	-0.187127	0.07081536	-0.060253747
-0.110305734	0.13955963	-0.19782294	0.1423765	-0.22435664	0.13514285	-0.15657957	0.16576189	-0.15622543	0.12490684	-0.23718783	0.216676	-0.22399034	0.14615957	-0.12736917	0.2575354	-0.40956378	0.1991443	-0.18158947	0.13146272	-0.47181097	0.9999994	-0.36176062	0.22490324	-0.13691854	0.28687423	-0.40291104	0.25016305	-0.1642269	0.15225455	-0.17861769	0.23119408	-0.19951159	0.19129919	-0.15149044	0.1363468	-0.23976922	0.21509868	-0.091316395	0.076465525
0.12241028	-0.16700965	0.2130493	-0.16752914	0.23836535	-0.15715685	0.16735648	-0.20816018	0.18979995	-0.15964893	0.17667624	-0.18914539	0.26518458	-0.21008623	0.15788725	-0.17534359	0.18037637	-0.52530223	0.2530322	-0.18188415	0.19280975	-0.36176062	0.9999994	-0.41073632	0.1801664	-0.20195055	0.2318997	-0.36967832	0.20813584	-0.19807729	0.13693748	-0.22109133	0.20591152	-0.24466895	0.1750202	-0.1132811	0.19896711	-0.2462144	0.103777975	-0.08903806
-0.13866487	0.17540328	-0.30392328	0.21512993	-0.38319847	0.159	-0.18073963	0.20476891	-0.2248315	0.19736464	-0.17114961	0.16208097	-0.24322575	0.20854416	-0.21702258	0.14557986	-0.1550246	0.23572938	-0.27358153	0.26374513	-0.16646244	0.22490324	-0.41073632	0.9999995	-0.4129293	0.16416743	-0.1994545	0.24622487	-0.3422695	0.24624527	-0.14214796	0.19183214	-0.19173722	0.2696528	-0.2486527	0.11238995	-0.2194014	0.22593091	-0.1340981	0.11055897
0.085561894	-0.116278395	0.16929777	-0.13419503	0.21005489	-0.10321195	0.11080753	-0.13220404	0.15024719	-0.20199728	0.09856057	-0.09713256	0.1400214	-0.15355332	0.21072933	-0.087557524	0.09040356	-0.1404793	0.1653742	-0.7863921	0.09567851	-0.13691854	0.1801664	-0.4129293	0.99999964	-0.09908503	0.114618234	-0.14825076	0.16294384	-0.19995245	0.07988861	-0.11734881	0.11319804	-0.18178166	0.148981	-0.06499688	0.12164791	-0.14514694	0.08044542	-0.069213845
-0.074722044	0.09598971	-0.1366165	0.098074086	-0.15787065	0.09061168	-0.10219201	0.109459735	-0.10524668	0.086278655	-0.15145431	0.13038722	-0.14013712	0.09816156	-0.08804983	0.17178084	-0.17084974	0.12629119	-0.120078474	0.09424682	-0.7179269	0.28687423	-0.20195055	0.16416743	-0.09908503	0.9999997	-0.42107326	0.21678561	-0.13342218	0.12239818	-0.2753972	0.22132501	-0.17733473	0.15595528	-0.121544525	0.17572422	-0.22952355	0.1919809	-0.07496963	0.06295286
0.07934789	-0.10344446	0.14614956	-0.10586892	0.17024143	-0.0964905	0.10705338	-0.117174685	0.11336639	-0.09463574	0.13845703	-0.13206778	0.14700301	-0.107546926	0.09652936	-0.15634242	0.16244468	-0.14309777	0.13090557	-0.10784772	0.266686	-0.40291104	0.2318997	-0.1994545	0.114618234	-0.42107326	0.9999999	-0.4954576	0.18896231	-0.16807826	0.1798269	-0.4975532	0.27503225	-0.21215744	0.15450072	-0.14680025	0.24134481	-0.2511801	0.09459459	-0.07978088
-0.09343523	0.120001055	-0.18249707	0.13088118	-0.21547183	0.11098855	-0.12499085	0.13960032	-0.14004561	0.11651328	-0.14319447	0.13358544	-0.17853962	0.1323542	-0.120477594	0.13676177	-0.14684933	0.1808786	-0.16681437	0.13351078	-0.20984438	0.25016305	-0.36967832	0.24622487	-0.14825076	0.21678561	-0.4954576	0.9999998	-0.37813452	0.22655623	-0.1707606	0.29913068	-0.46220163	0.26552883	-0.21592091	0.13340576	-0.26117343	0.27278075	-0.12388267	0.10197026
0.07470682	-0.09647855	0.15164478	-0.10849873	0.18498276	-0.08741131	0.09747996	-0.10922799	0.113488264	-0.10002484	0.102087095	-0.09653129	0.1312228	-0.106577195	0.104984924	-0.095089845	0.09949984	-0.12907459	0.13121252	-0.1351789	0.12581557	-0.1642269	0.20813584	-0.3422695	0.16294384	-0.13342218	0.18896231	-0.37813452	0.99999994	-0.6115477	0.11150933	-0.18108332	0.20260231	-0.5112518	0.2946847	-0.08920719	0.17393753	-0.20321709	0.14345887	-0.12490638
-0.07684645	0.09873782	-0.15903068	0.11300676	-0.19585955	0.08899904	-0.09966004	0.11117949	-0.11718648	0.10489253	-0.10202281	0.09564516	-0.13230494	0.10863393	-0.111086674	0.092393056	-0.09720116	0.12535886	-0.13302365	0.14895809	-0.12015918	0.15225455	-0.19807729	0.24624527	-0.19995245	0.12239818	-0.16807826	0.22655623	-0.6115477	0.9999998	-0.110787526	0.15972371	-0.17785242	0.3195037	-0.5772276	0.08755217	-0.17563431	0.194279	-0.2059634	0.17318521
0.055546913	-0.07407348	0.100613244	-0.07302705	0.11789581	-0.066931956	0.07266746	-0.0791389	0.07706598	-0.065691814	0.08934158	-0.0841459	0.095800266	-0.0726954	0.06661886	-0.09854816	0.095944285	-0.090523005	0.086993895	-0.07711373	0.177164	-0.17861769	0.13693748	-0.14214796	0.07988861	-0.2753972	0.1798269	-0.1707606	0.11150933	-0.110787526	0.99999964	-0.2454083	0.16543865	-0.15049344	0.10793634	-0.8077391	0.29157332	-0.2554023	0.07386103	-0.063979946
-0.07973137	0.1026791	-0.15395333	0.10959414	-0.18248379	0.09421443	-0.105633736	0.11544269	-0.11528666	0.09635634	-0.1256399	0.11572722	-0.14379348	0.10718245	-0.09916481	0.12469601	-0.13254163	0.13487191	-0.13178395	0.10877318	-0.20638883	0.23119408	-0.22109133	0.19183214	-0.11734881	0.22132501	-0.4975532	0.29913068	-0.18108332	0.15972371	-0.2454083	0.9999997	-0.5679627	0.21533707	-0.16943555	0.18515289	-0.41977543	0.30245408	-0.10870506	0.08907834
0.07225591	-0.09373738	0.14021313	-0.10034923	0.1670556	-0.08554741	0.09510252	-0.10517297	0.10540183	-0.08921965	0.108382165	-0.10196653	0.1292802	-0.09895151	0.091808595	-0.10737799	0.11160729	-0.12674978	0.12102657	-0.10399811	0.1584539	-0.19951159	0.20591152	-0.19173722	0.11319804	-0.17733473	0.27503225	-0.46220163	0.20260231	-0.17785242	0.16543865	-0.5679627	0.99999946	-0.28723782	0.1819308	-0.13691121	0.27454907	-0.52650625	0.123667926	-0.10259146
-0.09819796	0.12493373	-0.2064788	0.14455152	-0.25517175	0.11264091	-0.1269363	0.14039199	-0.14742897	0.12706181	-0.13068731	0.121410936	-0.16777737	0.1345881	-0.1336456	0.117345676	-0.123881	0.15575902	-0.16551338	0.15352146	-0.15464799	0.19129919	-0.24466895	0.2696528	-0.18178166	0.15595528	-0.21215744	0.26552883	-0.5112518	0.3195037	-0.15049344	0.21533707	-0.28723782	0.9999995	-0.51795423	0.1177663	-0.24311124	0.25387233	-0.2574306	0.19533339
0.070845194	-0.09312951	0.13999654	-0.10081404	0.17022987	-0.08301648	0.091120414	-0.10156742	0.10489652	-0.09480875	0.094392926	-0.08974631	0.11946661	-0.09861626	0.098061904	-0.089054264	0.09179544	-0.11516085	0.118554614	-0.13435453	0.11427334	-0.15149044	0.1750202	-0.2486527	0.148981	-0.121544525	0.15450072	-0.21592091	0.2946847	-0.5772276	0.10793634	-0.16943555	0.1819308	-0.51795423	0.99999976	-0.08780137	0.17215773	-0.23831497	0.2599241	-0.38015795
-0.0454653	0.059901252	-0.084059864	0.060516182	-0.09885411	0.054343317	-0.059675224	0.06485614	-0.06369292	0.053893156	-0.07337582	0.06777819	-0.07919774	0.05962259	-0.054893233	0.077640854	-0.07744762	0.07383911	-0.071897134	0.06220402	-0.14921692	0.1363468	-0.1132811	0.11238995	-0.06499688	0.17572422	-0.14680025	0.13340576	-0.08920719	0.08755217	-0.8077391	0.18515289	-0.13691121	0.1177663	-0.08780137	0.99999934	-0.47010395	0.20045933	-0.059863977	0.05108932
0.08181724	-0.109915346	0.14892489	-0.10820379	0.17557517	-0.09805035	0.10568605	-0.11565976	0.11358104	-0.097894065	0.12194728	-0.11711936	0.13811985	-0.10731933	0.099285334	-0.12973633	0.12810346	-0.13224643	0.12802434	-0.11742242	0.18503487	-0.23976922	0.19896711	-0.2194014	0.12164791	-0.22952355	0.24134481	-0.26117343	0.17393753	-0.17563431	0.29157332	-0.41977543	0.27454907	-0.24311124	0.17215773	-0.47010395	0.9999995	-0.52417135	0.12476278	-0.108808234
-0.09672523	0.12364182	-0.19572383	0.13731958	-0.23684888	0.111946054	-0.12580304	0.13782859	-0.14113356	0.11871474	-0.13787305	0.12692869	-0.16792071	0.12910645	-0.12286007	0.1285315	-0.13458131	0.15464571	-0.15847738	0.13308533	-0.187127	0.21509868	-0.2462144	0.22593091	-0.14514694	0.1919809	-0.2511801	0.27278075	-0.20321709	0.194279	-0.2554023	0.30245408	-0.52650625	0.25387233	-0.23831497	0.20045933	-0.52417135	0.9999995	-0.21627232	0.15289594
0.04228334	-0.055339847	0.08378459	-0.05995762	0.10174897	-0.049402326	0.05441132	-0.060345147	0.06210148	-0.055110786	0.057056706	-0.053903542	0.07140415	-0.057981126	0.05692979	-0.053831108	0.05555823	-0.06802323	0.06992079	-0.07327528	0.07081536	-0.091316395	0.103777975	-0.1340981	0.08044542	-0.07496963	0.09459459	-0.12388267	0.14345887	-0.2059634	0.07386103	-0.10870506	0.123667926	-0.2574306	0.2599241	-0.059863977	0.12476278	-0.21627232	0.9999995	-0.87083477
-0.03633484	0.047229294	-0.0730076	0.051957093	-0.088999994	0.042258475	-0.046804134	0.051849574	-0.05361447	0.047284942	-0.04892558	0.04598634	-0.061503414	0.04976825	-0.049046483	0.045601923	-0.047299102	0.058099065	-0.06025509	0.061791725	-0.060253747	0.076465525	-0.08903806	0.11055897	-0.069213845	0.06295286	-0.07978088	0.10197026	-0.12490638	0.17318521	-0.063979946	0.08907834	-0.10259146	0.19533339	-0.38015795	0.05108932	-0.108808234	0.15289594	-0.87083477	0.9999995
