1.0000001	-0.29051065	0.14148706	-0.08663217	0.07395671	-0.8918787	0.21703486	-0.10717416	0.09894455	-0.083406396	0.14012194	-0.1668387	0.12874942	-0.08227929	0.06790639	-0.12071643	0.08078291	-0.056827776	0.06088246	-0.05142558	0.07164376	-0.07569815	0.054471336	-0.058858562	0.05737368	-0.11081334	0.0537539	-0.045765992	0.053507607	-0.06327451	0.021865945	-0.033637106	0.03881308	-0.031719603	0.029182835	-0.022077689	0.026046474	-0.033413585	0.026360959	-0.029936813
-0.29051065	0.9999999	-0.61991954	0.2225036	-0.20744835	0.21094528	-0.37553045	0.27083635	-0.26524132	0.19310397	-0.22050703	0.21846019	-0.3411477	0.17972064	-0.15802349	0.16450109	-0.13824415	0.09887076	-0.13297679	0.11060192	-0.10692669	0.11892741	-0.0957628	0.11714887	-0.12170445	0.15748285	-0.0916157	0.077524535	-0.09932866	0.11375629	-0.036870807	0.056309298	-0.06733922	0.05650377	-0.052712597	0.03684178	-0.044446178	0.05653381	-0.04702839	0.052712742
0.14148706	-0.61991954	0.9999999	-0.38734454	0.22236092	-0.13811515	0.19299592	-0.49318933	0.26506472	-0.22514257	0.14842011	-0.16077995	0.27490777	-0.17542562	0.14277373	-0.13806349	0.10855472	-0.08316815	0.11594734	-0.10263771	0.08888363	-0.1002935	0.07870615	-0.10599539	0.10575534	-0.13818175	0.07794243	-0.06731365	0.08562667	-0.10257206	0.031788882	-0.048884176	0.05786488	-0.049957372	0.046500232	-0.03202267	0.038369738	-0.04934995	0.041216243	-0.04680949
-0.08663217	0.2225036	-0.38734454	0.99999964	-0.72361594	0.080795035	-0.13303933	0.22751564	-0.3831461	0.29456097	-0.11469567	0.10757773	-0.2265483	0.16995268	-0.17101704	0.101242304	-0.08854326	0.066711985	-0.11998565	0.109631926	-0.068480074	0.07934898	-0.06519792	0.10290155	-0.11082767	0.10403716	-0.06717123	0.057948343	-0.07913836	0.093144275	-0.027169796	0.041584507	-0.050564583	0.044830766	-0.042235598	0.027170066	-0.033102974	0.042358987	-0.03697932	0.041619394
0.07395671	-0.20744835	0.22236092	-0.72361594	0.99999946	-0.07250146	0.11173704	-0.1934523	0.27306333	-0.5311231	0.09977576	-0.09588947	0.18206784	-0.17142709	0.17328432	-0.09481681	0.079919085	-0.060828175	0.113638386	-0.1161369	0.063811354	-0.07400576	0.059452936	-0.10178408	0.10591618	-0.09901425	0.06316474	-0.055177793	0.07522296	-0.09185165	0.02572705	-0.039534934	0.047841106	-0.043414693	0.040836588	-0.0258406	0.03138859	-0.040443297	0.03554456	-0.04040188
-0.8918787	0.21094528	-0.13811515	0.080795035	-0.07250146	0.9999995	-0.2984259	0.10081031	-0.09809484	0.07899489	-0.15821716	0.16695876	-0.13283916	0.079511024	-0.06684921	0.112870574	-0.079758376	0.05479468	-0.05974607	0.049810473	-0.067989126	0.07167265	-0.052806888	0.056547135	-0.055992216	0.101638116	-0.051095728	0.04319609	-0.05128901	0.059702657	-0.020643724	0.03166496	-0.036839202	0.030017862	-0.027685164	0.020760829	-0.02462606	0.031455863	-0.024998479	0.028244896
0.21703486	-0.37553045	0.19299592	-0.13303933	0.11173704	-0.2984259	1.0000001	-0.176054	0.1542075	-0.13618307	0.28672254	-0.68206847	0.21544942	-0.14249459	0.11271922	-0.25679827	0.16204195	-0.11277863	0.10446939	-0.08836209	0.14583877	-0.15340601	0.10560589	-0.1051244	0.09944735	-0.22662279	0.102972165	-0.08767836	0.098460235	-0.11738312	0.041748323	-0.064434804	0.07329448	-0.059146736	0.05410261	-0.042277426	0.049485102	-0.06363145	0.04912113	-0.05601352
-0.10717416	0.27083635	-0.49318933	0.22751564	-0.1934523	0.10081031	-0.176054	1.0	-0.4891048	0.23360999	-0.14521924	0.14965402	-0.5876194	0.21550031	-0.16561367	0.12846093	-0.11332026	0.09248271	-0.13540569	0.11462891	-0.08578703	0.10039512	-0.08629981	0.11675374	-0.11812573	0.13031593	-0.07945393	0.06851693	-0.09046896	0.106676765	-0.032106586	0.049296126	-0.059146248	0.051760197	-0.04843347	0.03221259	-0.038948525	0.049955744	-0.042673476	0.048214536
0.09894455	-0.26524132	0.26506472	-0.3831461	0.27306333	-0.09809484	0.1542075	-0.4891048	0.99999976	-0.5497	0.14158982	-0.13781922	0.29019186	-0.31961924	0.23019606	-0.13906056	0.11713389	-0.09205143	0.17170659	-0.16361903	0.09386388	-0.10986495	0.08859406	-0.15450682	0.15152761	-0.1467934	0.09304221	-0.08174083	0.11098664	-0.1364302	0.03804501	-0.058606967	0.07061896	-0.06448498	0.06045822	-0.038315278	0.046422374	-0.060012892	0.05264321	-0.06008719
-0.083406396	0.19310397	-0.22514257	0.29456097	-0.5311231	0.07899489	-0.13618307	0.23360999	-0.5497	0.9999992	-0.1267532	0.11396747	-0.26388028	0.2475787	-0.385809	0.11378137	-0.10509311	0.07968239	-0.18132547	0.18524188	-0.07943682	0.09426182	-0.079390116	0.1492686	-0.17351949	0.12004928	-0.085788384	0.07455622	-0.10761624	0.12741534	-0.034424763	0.052666426	-0.06519917	0.059969638	-0.057103246	0.03430941	-0.042289387	0.054129142	-0.04921983	0.055256967
0.14012194	-0.22050703	0.14842011	-0.11469567	0.09977576	-0.15821716	0.28672254	-0.14521924	0.14158982	-0.1267532	0.999999	-0.5427591	0.20024517	-0.14646226	0.11649404	-0.5525493	0.21618484	-0.14478528	0.114906736	-0.09579209	0.24212797	-0.21882413	0.14182599	-0.12221867	0.11260016	-0.34962276	0.14028071	-0.117286846	0.12419352	-0.14584163	0.05584618	-0.08598062	0.09638734	-0.07488728	0.067962654	-0.056382447	0.06547362	-0.08374761	0.06243353	-0.07105905
-0.1668387	0.21846019	-0.16077995	0.10757773	-0.09588947	0.16695876	-0.68206847	0.14965402	-0.13781922	0.11396747	-0.5427591	0.99999887	-0.24783616	0.12782857	-0.10134813	0.23091394	-0.1789767	0.10831345	-0.09457412	0.07784727	-0.13544285	0.14055271	-0.10091597	0.092348285	-0.088661045	0.18783079	-0.090887904	0.07592946	-0.08661729	0.1000258	-0.03602825	0.05534138	-0.063729055	0.05080915	-0.04659394	0.036182538	-0.042753525	0.054484837	-0.042350054	0.047844637
0.12874942	-0.3411477	0.27490777	-0.2265483	0.18206784	-0.13283916	0.21544942	-0.5876194	0.29019186	-0.26388028	0.20024517	-0.24783616	0.9999988	-0.39607778	0.21153846	-0.20232019	0.1689183	-0.16061564	0.18958072	-0.15899175	0.13274725	-0.15765353	0.13367403	-0.17379484	0.16114555	-0.20797879	0.118558526	-0.10348435	0.13161659	-0.15970081	0.048319723	-0.07468078	0.08800231	-0.07725191	0.07172707	-0.048850063	0.058428396	-0.07557249	0.06336369	-0.07238698
-0.08227929	0.17972064	-0.17542562	0.16995268	-0.17142709	0.079511024	-0.14249459	0.21550031	-0.31961924	0.2475787	-0.14646226	0.12782857	-0.39607778	0.9999988	-0.52296066	0.1344522	-0.13473903	0.10451557	-0.49165234	0.28041062	-0.09841427	0.12107875	-0.10740342	0.2583768	-0.2837076	0.14675733	-0.123804286	0.107884146	-0.1701381	0.18631761	-0.048185438	0.07359449	-0.09366554	0.08835884	-0.08484923	0.047612462	-0.059806045	0.076157704	-0.0724593	0.079963766
0.06790639	-0.15802349	0.14277373	-0.17101704	0.17328432	-0.06684921	0.11271922	-0.16561367	0.23019606	-0.385809	0.11649404	-0.10134813	0.21153846	-0.52296066	0.9999987	-0.1164956	0.10922518	-0.085288204	0.28002512	-0.57324433	0.08462453	-0.10416435	0.08756564	-0.25146967	0.26871762	-0.13062695	0.105940334	-0.09615056	0.14748995	-0.19621184	0.042463604	-0.0656005	0.08223857	-0.08459069	0.08097105	-0.04252124	0.0529388	-0.06895085	0.0673315	-0.077506825
-0.12071643	0.16450109	-0.13806349	0.101242304	-0.09481681	0.112870574	-0.25679827	0.12846093	-0.13906056	0.11378137	-0.5525493	0.23091394	-0.20232019	0.1344522	-0.1164956	0.9999986	-0.32733348	0.16866282	-0.11761085	0.093218796	-0.54539204	0.25729606	-0.18858197	0.12024236	-0.11481417	0.31297252	-0.15731256	0.118668966	-0.13127616	0.13535382	-0.057326354	0.085643806	-0.100932024	0.072679475	-0.06629791	0.0556841	-0.067014076	0.08212858	-0.061730348	0.067670286
0.08078291	-0.13824415	0.10855472	-0.08854326	0.079919085	-0.079758376	0.16204195	-0.11332026	0.11713389	-0.10509311	0.21618484	-0.1789767	0.1689183	-0.13473903	0.10922518	-0.32733348	0.9999986	-0.538541	0.11909158	-0.09586736	0.25492087	-0.55623114	0.31497282	-0.14048749	0.1196671	-0.33274642	0.18249908	-0.15210308	0.14532648	-0.1658804	0.065424696	-0.104450464	0.11448082	-0.086725146	0.07784034	-0.06616854	0.07761971	-0.09963618	0.07195652	-0.08171383
-0.056827776	0.09887076	-0.08316815	0.066711985	-0.060828175	0.05479468	-0.11277863	0.09248271	-0.09205143	0.07968239	-0.14478528	0.10831345	-0.16061564	0.10451557	-0.085288204	0.16866282	-0.538541	0.9999985	-0.09905277	0.073823474	-0.15673332	0.2910643	-0.74187624	0.11528409	-0.09483414	0.17999299	-0.118760996	0.09389812	-0.10220707	0.10741475	-0.041105386	0.06423481	-0.0739881	0.05642782	-0.051327698	0.040744632	-0.049109384	0.061743073	-0.04704731	0.052265868
0.06088246	-0.13297679	0.11594734	-0.11998565	0.113638386	-0.05974607	0.10446939	-0.13540569	0.17170659	-0.18132547	0.114906736	-0.09457412	0.18958072	-0.49165234	0.28002512	-0.11761085	0.11909158	-0.09905277	0.99999857	-0.43790942	0.08996263	-0.11727001	0.10627505	-0.6022404	0.3029575	-0.13694046	0.12697114	-0.12134418	0.19865546	-0.23001514	0.049437504	-0.07709274	0.09762998	-0.10443503	0.0975949	-0.04945892	0.062147163	-0.081431985	0.08133197	-0.092742026
-0.05142558	0.11060192	-0.10263771	0.109631926	-0.1161369	0.049810473	-0.08836209	0.11462891	-0.16361903	0.18524188	-0.09579209	0.07784727	-0.15899175	0.28041062	-0.57324433	0.093218796	-0.09586736	0.073823474	-0.43790942	0.99999857	-0.07130324	0.09028186	-0.07952934	0.2785351	-0.56808394	0.10705765	-0.10457079	0.09416968	-0.16014673	0.19867091	-0.04022814	0.061827265	-0.080371335	0.084387064	-0.08417129	0.039763603	-0.050701194	0.06532058	-0.06772724	0.07559211
0.07164376	-0.10692669	0.08888363	-0.068480074	0.063811354	-0.067989126	0.14583877	-0.08578703	0.09386388	-0.07943682	0.24212797	-0.13544285	0.13274725	-0.09841427	0.08462453	-0.54539204	0.25492087	-0.15673332	0.08996263	-0.07130324	0.9999984	-0.42236587	0.18377873	-0.099429496	0.090215325	-0.6298416	0.16408487	-0.12195675	0.11532872	-0.11793563	0.053832967	-0.08157388	0.09117014	-0.06412395	0.05764056	-0.052064378	0.06131805	-0.07514806	0.053980697	-0.059428003
-0.07569815	0.11892741	-0.1002935	0.07934898	-0.07400576	0.07167265	-0.15340601	0.10039512	-0.10986495	0.09426182	-0.21882413	0.14055271	-0.15765353	0.12107875	-0.10416435	0.25729606	-0.55623114	0.2910643	-0.11727001	0.09028186	-0.42236587	0.9999986	-0.49470365	0.13505894	-0.1174431	0.286257	-0.25585082	0.16119212	-0.15431699	0.14970452	-0.06563084	0.10324199	-0.11798932	0.08215008	-0.07382658	0.063423194	-0.07787022	0.09512758	-0.069045156	0.0754204
0.054471336	-0.0957628	0.07870615	-0.06519792	0.059452936	-0.052806888	0.10560589	-0.08629981	0.08859406	-0.079390116	0.14182599	-0.10091597	0.13367403	-0.10740342	0.08756564	-0.18858197	0.31497282	-0.74187624	0.10627505	-0.07952934	0.18377873	-0.49470365	0.99999875	-0.14500655	0.10348334	-0.21925338	0.1391026	-0.11359498	0.11502834	-0.12337102	0.046625514	-0.0744649	0.08340487	-0.06440822	0.058135983	-0.04656264	0.0557143	-0.07085197	0.05316537	-0.059599876
-0.058858562	0.11714887	-0.10599539	0.10290155	-0.10178408	0.056547135	-0.1051244	0.11675374	-0.15450682	0.1492686	-0.12221867	0.092348285	-0.17379484	0.2583768	-0.25146967	0.12024236	-0.14048749	0.11528409	-0.6022404	0.2785351	-0.099429496	0.13505894	-0.14500655	0.9999987	-0.5175659	0.14374293	-0.17490964	0.16151771	-0.35866615	0.26240343	-0.060948826	0.09439269	-0.12584285	0.13081989	-0.12423418	0.059611935	-0.077339694	0.09895944	-0.103780925	0.11029236
0.05737368	-0.12170445	0.10575534	-0.11082767	0.10591618	-0.055992216	0.09944735	-0.11812573	0.15152761	-0.17351949	0.11260016	-0.088661045	0.16114555	-0.2837076	0.26871762	-0.11481417	0.1196671	-0.09483414	0.3029575	-0.56808394	0.090215325	-0.1174431	0.10348334	-0.5175659	0.9999987	-0.13675758	0.1416339	-0.1338377	0.23042896	-0.40147686	0.0551116	-0.08557077	0.111467995	-0.13361786	0.13366164	-0.054886825	0.070240654	-0.09243205	0.10228567	-0.119776845
-0.11081334	0.15748285	-0.13818175	0.10403716	-0.09901425	0.101638116	-0.22662279	0.13031593	-0.1467934	0.12004928	-0.34962276	0.18783079	-0.20797879	0.14675733	-0.13062695	0.31297252	-0.33274642	0.17999299	-0.13694046	0.10705765	-0.6298416	0.286257	-0.21925338	0.14374293	-0.13675758	0.99999845	-0.27903593	0.1743143	-0.18057774	0.16820784	-0.08494839	0.12062324	-0.14155598	0.094303615	-0.08536458	0.07843962	-0.09401174	0.11086414	-0.08075034	0.08655257
0.0537539	-0.0916157	0.07794243	-0.06717123	0.06316474	-0.051095728	0.102972165	-0.07945393	0.09304221	-0.085788384	0.14028071	-0.090887904	0.118558526	-0.123804286	0.105940334	-0.15731256	0.18249908	-0.118760996	0.12697114	-0.10457079	0.16408487	-0.25585082	0.1391026	-0.17490964	0.1416339	-0.27903593	0.99999857	-0.71826124	0.27469337	-0.27323073	0.12839343	-0.26969093	0.23344328	-0.15421969	0.12950863	-0.12534793	0.1572416	-0.1976106	0.122088104	-0.13669483
-0.045765992	0.077524535	-0.06731365	0.057948343	-0.055177793	0.04319609	-0.08767836	0.06851693	-0.08174083	0.07455622	-0.117286846	0.07592946	-0.10348435	0.107884146	-0.09615056	0.118668966	-0.15210308	0.09389812	-0.12134418	0.09416968	-0.12195675	0.16119212	-0.11359498	0.16151771	-0.1338377	0.1743143	-0.71826124	0.9999988	-0.47416508	0.23292421	-0.10847661	0.18721637	-0.30065155	0.14924558	-0.12571473	0.10324057	-0.13888228	0.1784525	-0.119253464	0.122445576
0.053507607	-0.09932866	0.08562667	-0.07913836	0.07522296	-0.05128901	0.098460235	-0.09046896	0.11098664	-0.10761624	0.12419352	-0.08661729	0.13161659	-0.1701381	0.14748995	-0.13127616	0.14532648	-0.10220707	0.19865546	-0.16014673	0.11532872	-0.15431699	0.11502834	-0.35866615	0.23042896	-0.18057774	0.27469337	-0.47416508	0.99999905	-0.5442732	0.09378869	-0.15645865	0.20220953	-0.3189825	0.22740518	-0.09475839	0.12209153	-0.16993025	0.18738599	-0.20908989
-0.06327451	0.11375629	-0.10257206	0.093144275	-0.09185165	0.059702657	-0.11738312	0.106676765	-0.1364302	0.12741534	-0.14584163	0.1000258	-0.15970081	0.18631761	-0.19621184	0.13535382	-0.1658804	0.10741475	-0.23001514	0.19867091	-0.11793563	0.14970452	-0.12337102	0.26240343	-0.40147686	0.16820784	-0.27323073	0.23292421	-0.5442732	0.99999917	-0.096228085	0.14448321	-0.21103036	0.2569059	-0.3943505	0.09169062	-0.12602265	0.15793541	-0.21624593	0.22059397
0.021865945	-0.036870807	0.031788882	-0.027169796	0.02572705	-0.020643724	0.041748323	-0.032106586	0.03804501	-0.034424763	0.05584618	-0.03602825	0.048319723	-0.048185438	0.042463604	-0.057326354	0.065424696	-0.041105386	0.049437504	-0.04022814	0.053832967	-0.06563084	0.046625514	-0.060948826	0.0551116	-0.08494839	0.12839343	-0.10847661	0.09378869	-0.096228085	0.9999992	-0.5012716	0.20605814	-0.07404782	0.061949357	-0.7766717	0.29101905	-0.21541739	0.0755836	-0.07529799
-0.033637106	0.056309298	-0.048884176	0.041584507	-0.039534934	0.03166496	-0.064434804	0.049296126	-0.058606967	0.052666426	-0.08598062	0.05534138	-0.07468078	0.07359449	-0.0656005	0.085643806	-0.104450464	0.06423481	-0.07709274	0.061827265	-0.08157388	0.10324199	-0.0744649	0.09439269	-0.08557077	0.12062324	-0.26969093	0.18721637	-0.15645865	0.14448321	-0.5012716	0.9999992	-0.44888535	0.11282807	-0.0950229	0.3037197	-0.5589902	0.29165858	-0.113963634	0.10847004
0.03881308	-0.06733922	0.05786488	-0.050564583	0.047841106	-0.036839202	0.07329448	-0.059146248	0.07061896	-0.06519917	0.09638734	-0.063729055	0.08800231	-0.09366554	0.08223857	-0.100932024	0.11448082	-0.0739881	0.09762998	-0.080371335	0.09117014	-0.11798932	0.08340487	-0.12584285	0.111467995	-0.14155598	0.23344328	-0.30065155	0.20220953	-0.21103036	0.20605814	-0.44888535	0.99999917	-0.19640674	0.14687987	-0.24004094	0.2963432	-0.6623855	0.18253687	-0.18412164
-0.031719603	0.05650377	-0.049957372	0.044830766	-0.043414693	0.030017862	-0.059146736	0.051760197	-0.06448498	0.059969638	-0.07488728	0.05080915	-0.07725191	0.08835884	-0.08459069	0.072679475	-0.086725146	0.05642782	-0.10443503	0.084387064	-0.06412395	0.08215008	-0.06440822	0.13081989	-0.13361786	0.094303615	-0.15421969	0.14924558	-0.3189825	0.2569059	-0.07404782	0.11282807	-0.19640674	0.9999992	-0.63992286	0.073633686	-0.110259525	0.16295	-0.5504689	0.3244908
0.029182835	-0.052712597	0.046500232	-0.042235598	0.040836588	-0.027685164	0.05410261	-0.04843347	0.06045822	-0.057103246	0.067962654	-0.04659394	0.07172707	-0.08484923	0.08097105	-0.06629791	0.07784034	-0.051327698	0.0975949	-0.08417129	0.05764056	-0.07382658	0.058135983	-0.12423418	0.13366164	-0.08536458	0.12950863	-0.12571473	0.22740518	-0.3943505	0.061949357	-0.0950229	0.14687987	-0.63992286	0.9999992	-0.062230498	0.089405306	-0.13378465	0.31244203	-0.54834265
-0.022077689	0.03684178	-0.03202267	0.027170066	-0.0258406	0.020760829	-0.042277426	0.03221259	-0.038315278	0.03430941	-0.056382447	0.036182538	-0.048850063	0.047612462	-0.04252124	0.0556841	-0.06616854	0.040744632	-0.04945892	0.039763603	-0.052064378	0.063423194	-0.04656264	0.059611935	-0.054886825	0.07843962	-0.12534793	0.10324057	-0.09475839	0.09169062	-0.7766717	0.3037197	-0.24004094	0.073633686	-0.062230498	0.99999917	-0.47888643	0.21485752	-0.07817669	0.07364334
0.026046474	-0.044446178	0.038369738	-0.033102974	0.03138859	-0.02462606	0.049485102	-0.038948525	0.046422374	-0.042289387	0.06547362	-0.042753525	0.058428396	-0.059806045	0.0529388	-0.067014076	0.07761971	-0.049109384	0.062147163	-0.050701194	0.06131805	-0.07787022	0.0557143	-0.077339694	0.070240654	-0.09401174	0.1572416	-0.13888228	0.12209153	-0.12602265	0.29101905	-0.5589902	0.2963432	-0.110259525	0.089405306	-0.47888643	0.9999992	-0.5420554	0.12234914	-0.116926625
-0.033413585	0.05653381	-0.04934995	0.042358987	-0.040443297	0.031455863	-0.06363145	0.049955744	-0.060012892	0.054129142	-0.08374761	0.054484837	-0.07557249	0.076157704	-0.06895085	0.08212858	-0.09963618	0.061743073	-0.081431985	0.06532058	-0.07514806	0.09512758	-0.07085197	0.09895944	-0.09243205	0.11086414	-0.1976106	0.1784525	-0.16993025	0.15793541	-0.21541739	0.29165858	-0.6623855	0.16295	-0.13378465	0.21485752	-0.5420554	0.99999934	-0.23756514	0.16829853
0.026360959	-0.04702839	0.041216243	-0.03697932	0.03554456	-0.024998479	0.04912113	-0.042673476	0.05264321	-0.04921983	0.06243353	-0.042350054	0.06336369	-0.0724593	0.0673315	-0.061730348	0.07195652	-0.04704731	0.08133197	-0.06772724	0.053980697	-0.069045156	0.05316537	-0.103780925	0.10228567	-0.08075034	0.122088104	-0.119253464	0.18738599	-0.21624593	0.0755836	-0.113963634	0.18253687	-0.5504689	0.31244203	-0.07817669	0.12234914	-0.23756514	0.99999934	-0.70165616
-0.029936813	0.052712742	-0.04680949	0.041619394	-0.04040188	0.028244896	-0.05601352	0.048214536	-0.06008719	0.055256967	-0.07105905	0.047844637	-0.07238698	0.079963766	-0.077506825	0.067670286	-0.08171383	0.052265868	-0.092742026	0.07559211	-0.059428003	0.0754204	-0.059599876	0.11029236	-0.119776845	0.08655257	-0.13669483	0.122445576	-0.20908989	0.22059397	-0.07529799	0.10847004	-0.18412164	0.3244908	-0.54834265	0.07364334	-0.116926625	0.16829853	-0.70165616	0.99999934
