1.0	-0.26843527	0.12869672	-0.099807635	0.09489794	-0.74770063	0.19977164	-0.12699671	0.11292277	-0.087943174	0.28874284	-0.22224289	0.18863244	-0.09934207	0.09684686	-0.3830498	0.15837562	-0.18938398	0.034734085	-0.0468037	0.09637073	-0.105305605	0.12991427	-0.034955397	0.053042863	-0.086742274	0.11252048	-0.06610472	0.07172127	-0.032679245	0.07051653	-0.105840355	0.06428642	-0.07971914	0.0294881	-0.0805161	0.08582344	-0.14320818	0.05187988	-0.062408227
-0.26843527	1.0000001	-0.25606892	0.151291	-0.13451125	0.20103079	-0.8004057	0.21383409	-0.18397109	0.115263134	-0.15372768	0.2712126	-0.3027841	0.13325113	-0.136871	0.14788319	-0.07552454	0.08145762	-0.029859971	0.054971043	-0.042555284	0.047492765	-0.061523516	0.029761517	-0.06443238	0.03707209	-0.051781822	0.030245705	-0.033501945	0.014572557	-0.03025332	0.044816334	-0.027967874	0.034251712	-0.013236911	0.033758745	-0.03649562	0.057710372	-0.021654217	0.025685646
0.12869672	-0.25606892	1.0000002	-0.5551904	0.21217637	-0.13203081	0.18958709	-0.63641876	0.31580928	-0.21479079	0.10821662	-0.228915	0.23343426	-0.18759821	0.16307199	-0.124797344	0.06159764	-0.07068967	0.034853082	-0.064436816	0.035589494	-0.040460974	0.05139232	-0.03545059	0.07025607	-0.031637426	0.043347567	-0.026271895	0.02898253	-0.012966049	0.025901025	-0.03899275	0.024292845	-0.030020703	0.011748325	-0.02921828	0.03138658	-0.05074949	0.018990776	-0.022625897
-0.099807635	0.151291	-0.5551904	1.0000001	-0.41779873	0.09583705	-0.12899514	0.2993738	-0.585437	0.25803468	-0.07971105	0.1572263	-0.1894774	0.20849152	-0.20877008	0.09051744	-0.046357207	0.05268807	-0.03668322	0.073662676	-0.028063279	0.03206266	-0.041400846	0.03677498	-0.08324185	0.024900092	-0.035015535	0.021585971	-0.024071634	0.01085631	-0.020632599	0.031198997	-0.019672545	0.024298932	-0.009857388	0.023213008	-0.025148248	0.04043993	-0.015340513	0.018218793
0.09489794	-0.13451125	0.21217637	-0.41779873	1.0	-0.09593318	0.10591673	-0.19719355	0.25367233	-0.7804844	0.078702085	-0.15182714	0.15840563	-0.24933672	0.23418608	-0.09390624	0.047825925	-0.055239443	0.042864274	-0.08659789	0.030142628	-0.034536317	0.044431783	-0.04428935	0.08892946	-0.026951019	0.03788045	-0.023727624	0.026462924	-0.0119945565	0.022523291	-0.034344744	0.02165975	-0.026860785	0.0108736865	-0.025459193	0.02762778	-0.044944767	0.017003532	-0.020245608
-0.74770063	0.20103079	-0.13203081	0.09583705	-0.09593318	1.0000001	-0.22279377	0.123527974	-0.11488981	0.08375601	-0.46957284	0.2098954	-0.20772666	0.09711937	-0.099467106	0.282153	-0.1319761	0.13428248	-0.030572407	0.04506975	-0.07582395	0.08096197	-0.10619749	0.030452153	-0.052587975	0.06438177	-0.08968399	0.050470926	-0.055918533	0.02348217	-0.0519906	0.07545263	-0.046919327	0.0570044	-0.021348588	0.057403862	-0.062149845	0.096400216	-0.036010467	0.042612053
0.19977164	-0.8004057	0.18958709	-0.12899514	0.10591673	-0.22279377	0.9999999	-0.23194319	0.15170527	-0.096646585	0.15350741	-0.4109814	0.25271899	-0.11437997	0.109034754	-0.14871196	0.071642354	-0.077984944	0.025185015	-0.044331513	0.03810725	-0.04272548	0.054373115	-0.025245061	0.05084756	-0.033297013	0.04532451	-0.026522435	0.029149862	-0.012707323	0.026770195	-0.039599992	0.024565578	-0.030139094	0.011528428	-0.029941162	0.032041334	-0.050854612	0.018983688	-0.022554416
-0.12699671	0.21383409	-0.63641876	0.2993738	-0.19719355	0.123527974	-0.23194319	1.0	-0.518057	0.17981751	-0.106461756	0.229478	-0.36849758	0.19879618	-0.18168634	0.11520433	-0.058619212	0.06593518	-0.035304766	0.06606624	-0.033174545	0.037800923	-0.048444398	0.03531926	-0.07445751	0.02930409	-0.040573787	0.024557857	-0.027187914	0.012093361	-0.02396344	0.03595751	-0.022507092	0.027746081	-0.010972843	0.026920466	-0.028969284	0.046405543	-0.017473666	0.020764852
0.11292277	-0.18397109	0.31580928	-0.585437	0.25367233	-0.11488981	0.15170527	-0.518057	0.9999999	-0.303298	0.09592551	-0.20144174	0.22392765	-0.35688415	0.23384328	-0.1107516	0.05572577	-0.06391039	0.04656238	-0.08330021	0.03304094	-0.03793304	0.048542093	-0.047294006	0.089245066	-0.029416535	0.040823746	-0.025368677	0.028164506	-0.01262564	0.024237648	-0.03669726	0.02307151	-0.02855589	0.011447454	-0.027328843	0.029446421	-0.047548722	0.017956287	-0.021360172
-0.087943174	0.115263134	-0.21479079	0.25803468	-0.7804844	0.08375601	-0.096646585	0.17981751	-0.303298	0.9999999	-0.069760785	0.13279158	-0.15984952	0.24411318	-0.38383237	0.08062466	-0.042106275	0.04798906	-0.04346413	0.10202971	-0.026838653	0.03085164	-0.040216487	0.043718264	-0.11311037	0.02387137	-0.034173276	0.021507988	-0.024178775	0.011119249	-0.020007566	0.030465152	-0.019399494	0.023995288	-0.010110384	0.02251054	-0.024543736	0.03948556	-0.015153998	0.017964015
0.28874284	-0.15372768	0.10821662	-0.07971105	0.078702085	-0.46957284	0.15350741	-0.106461756	0.09592551	-0.069760785	1.0	-0.3078028	0.20217983	-0.08605391	0.08535398	-0.7214462	0.17571351	-0.18856062	0.0275719	-0.037900902	0.07951276	-0.085147776	0.10189119	-0.027578827	0.043861497	-0.06826104	0.081017554	-0.046201263	0.049332224	-0.02094264	0.04930599	-0.07015584	0.042546965	-0.051956136	0.018977694	-0.054737616	0.055618163	-0.08608752	0.031766843	-0.037677687
-0.22224289	0.2712126	-0.228915	0.1572263	-0.15182714	0.2098954	-0.4109814	0.229478	-0.20144174	0.13279158	-0.3078028	0.9999999	-0.6901556	0.18082966	-0.18025425	0.21726786	-0.117007636	0.11741799	-0.03818362	0.06840107	-0.05415289	0.061475195	-0.07834038	0.037894048	-0.079979	0.04680364	-0.06384127	0.037226956	-0.040835172	0.017631283	-0.03721765	0.05474831	-0.034044724	0.041667536	-0.016010508	0.041407824	-0.044094577	0.06915159	-0.025953522	0.030755065
0.18863244	-0.3027841	0.23343426	-0.1894774	0.15840563	-0.20772666	0.25271899	-0.36849758	0.22392765	-0.15984952	0.20217983	-0.6901556	1.0	-0.2862619	0.19741046	-0.22550888	0.10953265	-0.12658715	0.045282688	-0.07684514	0.05501615	-0.06329894	0.07890844	-0.04577202	0.08395759	-0.048724163	0.06471472	-0.038720943	0.04217576	-0.018654771	0.038789768	-0.05783642	0.03572685	-0.044085845	0.01688966	-0.04367932	0.046188027	-0.07414614	0.027588008	-0.03286711
-0.09934207	0.13325113	-0.18759821	0.20849152	-0.24933672	0.09711937	-0.11437997	0.19879618	-0.35688415	0.24411318	-0.08605391	0.18082966	-0.2862619	1.0000002	-0.76325583	0.09699007	-0.05152465	0.05852022	-0.097015664	0.15310666	-0.031950783	0.03777995	-0.049381837	0.08758337	-0.17465073	0.02849047	-0.040754013	0.027033765	-0.030527893	0.013822017	-0.023714075	0.03633688	-0.02343365	0.029082684	-0.012569266	0.026656525	-0.02885383	0.04620511	-0.01793985	0.021219747
0.09684686	-0.136871	0.16307199	-0.20877008	0.23418608	-0.099467106	0.109034754	-0.18168634	0.23384328	-0.38383237	0.08535398	-0.18025425	0.19741046	-0.76325583	1.0000005	-0.10083069	0.052031033	-0.060098954	0.08063594	-0.2240539	0.032508135	-0.038285155	0.049371235	-0.08315552	0.18028677	-0.02915582	0.041139126	-0.027228827	0.03052144	-0.014190164	0.024275318	-0.037298497	0.023905352	-0.029759996	0.012875625	-0.027403599	0.029596593	-0.04785466	0.018490566	-0.021932274
-0.3830498	0.14788319	-0.124797344	0.09051744	-0.09390624	0.282153	-0.14871196	0.11520433	-0.1107516	0.08062466	-0.7214462	0.21726786	-0.22550888	0.09699007	-0.10083069	1.000001	-0.31388128	0.22039689	-0.03428614	0.045363933	-0.11587443	0.11274947	-0.14116196	0.034036577	-0.053309638	0.089749046	-0.1105802	0.060677048	-0.06557223	0.026564134	-0.064696126	0.089302585	-0.054812897	0.06603961	-0.024169141	0.06992741	-0.07173058	0.10660195	-0.039886348	0.04691327
0.15837562	-0.07552454	0.06159764	-0.046357207	0.047825925	-0.1319761	0.071642354	-0.058619212	0.05572577	-0.042106275	0.17571351	-0.117007636	0.10953265	-0.05152465	0.052031033	-0.31388128	1.0000012	-0.8670123	0.033754226	-0.026415154	0.099387385	-0.19285332	0.19391133	-0.03392418	0.030386625	-0.086815335	0.122485206	-0.06937289	0.06871589	-0.027899165	0.06413472	-0.0969306	0.058658805	-0.072009	0.02517105	-0.07144268	0.07161486	-0.11124	0.041067436	-0.04882121
-0.18938398	0.08145762	-0.07068967	0.05268807	-0.055239443	0.13428248	-0.077984944	0.06593518	-0.06391039	0.04798906	-0.18856062	0.11741799	-0.12658715	0.05852022	-0.060098954	0.22039689	-0.8670123	1.000001	-0.040155992	0.030267287	-0.10390267	0.17547064	-0.2648566	0.039380256	-0.035098568	0.0876323	-0.13371828	0.074533686	-0.07565083	0.029033117	-0.0664287	0.099038735	-0.061454494	0.0743663	-0.026315281	0.07278791	-0.074476786	0.11269661	-0.042213835	0.049844
0.034734085	-0.029859971	0.034853082	-0.03668322	0.042864274	-0.030572407	0.025185015	-0.035304766	0.04656238	-0.04346413	0.0275719	-0.03818362	0.045282688	-0.097015664	0.08063594	-0.03428614	0.033754226	-0.040155992	1.0000011	-0.1009015	0.032775473	-0.053240802	0.073052526	-0.97505784	0.09463957	-0.03115545	0.049267255	-0.05488669	0.06355956	-0.018211272	0.026831847	-0.045964338	0.03359785	-0.043470386	0.016243232	-0.03030625	0.03218822	-0.051148936	0.02081817	-0.024548743
-0.0468037	0.054971043	-0.064436816	0.073662676	-0.08659789	0.04506975	-0.044331513	0.06606624	-0.08330021	0.10202971	-0.037900902	0.06840107	-0.07684514	0.15310666	-0.2240539	0.045363933	-0.026415154	0.030267287	-0.1009015	1.0000008	-0.02046119	0.025089262	-0.033772115	0.09220291	-0.9442062	0.01847705	-0.028316028	0.020993657	-0.024497492	0.017699922	-0.016079465	0.025472026	-0.017648717	0.022098674	-0.01634869	0.018018965	-0.020006077	0.031743802	-0.014331883	0.01651926
0.09637073	-0.042555284	0.035589494	-0.028063279	0.030142628	-0.07582395	0.03810725	-0.033174545	0.03304094	-0.026838653	0.07951276	-0.05415289	0.05501615	-0.031950783	0.032508135	-0.11587443	0.099387385	-0.10390267	0.032775473	-0.02046119	1.000001	-0.3539683	0.23569568	-0.032856848	0.023347735	-0.7695058	0.24692963	-0.12952657	0.12980288	-0.054072205	0.25383487	-0.24956976	0.12889521	-0.15034674	0.049282197	-0.26803237	0.18761952	-0.23480898	0.08276803	-0.095141694
-0.105305605	0.047492765	-0.040460974	0.03206266	-0.034536317	0.08096197	-0.04272548	0.037800923	-0.03793304	0.03085164	-0.085147776	0.061475195	-0.06329894	0.03777995	-0.038285155	0.11274947	-0.19285332	0.17547064	-0.053240802	0.025089262	-0.3539683	1.000001	-0.682838	0.053205	-0.028526623	0.2271343	-0.4913139	0.17750028	-0.16893187	0.057739154	-0.15210973	0.21479689	-0.13224606	0.15449814	-0.052489318	0.15652409	-0.15175895	0.21149363	-0.08020368	0.09354672
0.12991427	-0.061523516	0.05139232	-0.041400846	0.044431783	-0.10619749	0.054373115	-0.048444398	0.048542093	-0.040216487	0.10189119	-0.07834038	0.07890844	-0.049381837	0.049371235	-0.14116196	0.19391133	-0.2648566	0.073052526	-0.033772115	0.23569568	-0.682838	1.0000007	-0.07993399	0.037851892	-0.2320756	0.30588722	-0.22485052	0.1882905	-0.07936379	0.17156072	-0.28085238	0.16764344	-0.21106651	0.07081803	-0.19896811	0.19339481	-0.31811115	0.11537632	-0.13895117
-0.034955397	0.029761517	-0.03545059	0.03677498	-0.04428935	0.030452153	-0.025245061	0.03531926	-0.047294006	0.043718264	-0.027578827	0.037894048	-0.04577202	0.08758337	-0.08315552	0.034036577	-0.03392418	0.039380256	-0.97505784	0.09220291	-0.032856848	0.053205	-0.07993399	1.0000007	-0.10227361	0.03087874	-0.05010468	0.054901265	-0.06914496	0.018117845	-0.02649417	0.04500977	-0.033392318	0.04266838	-0.016251039	0.029720454	-0.031668678	0.04967801	-0.020407245	0.023946775
0.053042863	-0.06443238	0.07025607	-0.08324185	0.08892946	-0.052587975	0.05084756	-0.07445751	0.089245066	-0.11311037	0.043861497	-0.079979	0.08395759	-0.17465073	0.18028677	-0.053309638	0.030386625	-0.035098568	0.09463957	-0.9442062	0.023347735	-0.028526623	0.037851892	-0.10227361	1.0000005	-0.021182463	0.031961307	-0.023683267	0.02734198	-0.019960955	0.018429626	-0.029278165	0.020087456	-0.025273852	0.018034631	-0.02074451	0.022954594	-0.036826216	0.016359907	-0.018998733
-0.086742274	0.03707209	-0.031637426	0.024900092	-0.026951019	0.06438177	-0.033297013	0.02930409	-0.029416535	0.02387137	-0.06826104	0.04680364	-0.048724163	0.02849047	-0.02915582	0.089749046	-0.086815335	0.0876323	-0.03115545	0.01847705	-0.7695058	0.2271343	-0.2320756	0.03087874	-0.021182463	1.0000004	-0.28022307	0.12287875	-0.12871858	0.047538888	-0.41328797	0.22295749	-0.12158452	0.13143994	-0.043914404	0.24023476	-0.19141725	0.19208878	-0.071265504	0.07949701
0.11252048	-0.051781822	0.043347567	-0.035015535	0.03788045	-0.08968399	0.04532451	-0.040573787	0.040823746	-0.034173276	0.081017554	-0.06384127	0.06471472	-0.040754013	0.041139126	-0.1105802	0.122485206	-0.13371828	0.049267255	-0.028316028	0.24692963	-0.4913139	0.30588722	-0.05010468	0.031961307	-0.28022307	1.0000002	-0.381466	0.2599221	-0.0995711	0.21220393	-0.42354867	0.22975105	-0.2813347	0.08890021	-0.23237233	0.23295976	-0.3537048	0.13389945	-0.15885748
-0.06610472	0.030245705	-0.026271895	0.021585971	-0.023727624	0.050470926	-0.026522435	0.024557857	-0.025368677	0.021507988	-0.046201263	0.037226956	-0.038720943	0.027033765	-0.027228827	0.060677048	-0.06937289	0.074533686	-0.05488669	0.020993657	-0.12952657	0.17750028	-0.22485052	0.054901265	-0.023683267	0.12287875	-0.381466	1.0000002	-0.7899887	0.09821556	-0.11868216	0.22027363	-0.31090134	0.2566729	-0.09293725	0.12185622	-0.14051625	0.18676297	-0.09056284	0.09962529
0.07172127	-0.033501945	0.02898253	-0.024071634	0.026462924	-0.055918533	0.029149862	-0.027187914	0.028164506	-0.024178775	0.049332224	-0.040835172	0.04217576	-0.030527893	0.03052144	-0.06557223	0.06871589	-0.07565083	0.06355956	-0.024497492	0.12980288	-0.16893187	0.1882905	-0.06914496	0.02734198	-0.12871858	0.2599221	-0.7899887	1.0000002	-0.14207749	0.1289227	-0.25551018	0.25361103	-0.3563926	0.11805005	-0.1401162	0.15786634	-0.23308785	0.11201691	-0.12869953
-0.032679245	0.014572557	-0.012966049	0.01085631	-0.0119945565	0.02348217	-0.012707323	0.012093361	-0.01262564	0.011119249	-0.02094264	0.017631283	-0.018654771	0.013822017	-0.014190164	0.026564134	-0.027899165	0.029033117	-0.018211272	0.017699922	-0.054072205	0.057739154	-0.07936379	0.018117845	-0.019960955	0.047538888	-0.0995711	0.09821556	-0.14207749	1.0000002	-0.05227394	0.086642236	-0.111317955	0.13805106	-0.9481943	0.052711777	-0.07407669	0.092045695	-0.15210508	0.14794858
0.07051653	-0.03025332	0.025901025	-0.020632599	0.022523291	-0.0519906	0.026770195	-0.02396344	0.024237648	-0.020007566	0.04930599	-0.03721765	0.038789768	-0.023714075	0.024275318	-0.064696126	0.06413472	-0.0664287	0.026831847	-0.016079465	0.25383487	-0.15210973	0.17156072	-0.02649417	0.018429626	-0.41328797	0.21220393	-0.11868216	0.1289227	-0.05227394	0.99999994	-0.4188288	0.15498698	-0.15946037	0.04872175	-0.68969506	0.2696072	-0.23870651	0.08210375	-0.08913529
-0.105840355	0.044816334	-0.03899275	0.031198997	-0.034344744	0.07545263	-0.039599992	0.03595751	-0.03669726	0.030465152	-0.07015584	0.05474831	-0.05783642	0.03633688	-0.037298497	0.089302585	-0.0969306	0.099038735	-0.045964338	0.025472026	-0.24956976	0.21479689	-0.28085238	0.04500977	-0.029278165	0.22295749	-0.42354867	0.22027363	-0.25551018	0.086642236	-0.4188288	0.99999994	-0.43687174	0.27640802	-0.083913535	0.2763758	-0.4067896	0.2810333	-0.1227252	0.1252625
0.06428642	-0.027967874	0.024292845	-0.019672545	0.02165975	-0.046919327	0.024565578	-0.022507092	0.02307151	-0.019399494	0.042546965	-0.034044724	0.03572685	-0.02343365	0.023905352	-0.054812897	0.058658805	-0.061454494	0.03359785	-0.017648717	0.12889521	-0.13224606	0.16764344	-0.033392318	0.020087456	-0.12158452	0.22975105	-0.31090134	0.25361103	-0.111317955	0.15498698	-0.43687174	1.0	-0.7584095	0.10526745	-0.14726202	0.1824079	-0.21114464	0.113423385	-0.11739476
-0.07971914	0.034251712	-0.030020703	0.024298932	-0.026860785	0.0570044	-0.030139094	0.027746081	-0.02855589	0.023995288	-0.051956136	0.041667536	-0.044085845	0.029082684	-0.029759996	0.06603961	-0.072009	0.0743663	-0.043470386	0.022098674	-0.15034674	0.15449814	-0.21106651	0.04266838	-0.025273852	0.13143994	-0.2813347	0.2566729	-0.3563926	0.13805106	-0.15946037	0.27640802	-0.7584095	1.0	-0.15736638	0.14589378	-0.20230898	0.20615627	-0.15314582	0.13934268
0.0294881	-0.013236911	0.011748325	-0.009857388	0.0108736865	-0.021348588	0.011528428	-0.010972843	0.011447454	-0.010110384	0.018977694	-0.016010508	0.01688966	-0.012569266	0.012875625	-0.024169141	0.02517105	-0.026315281	0.016243232	-0.01634869	0.049282197	-0.052489318	0.07081803	-0.016251039	0.018034631	-0.043914404	0.08890021	-0.09293725	0.11805005	-0.9481943	0.04872175	-0.083913535	0.10526745	-0.15736638	0.99999994	-0.049645413	0.068609215	-0.08863175	0.13903306	-0.17767736
-0.0805161	0.033758745	-0.02921828	0.023213008	-0.025459193	0.057403862	-0.029941162	0.026920466	-0.027328843	0.02251054	-0.054737616	0.041407824	-0.04367932	0.026656525	-0.027403599	0.06992741	-0.07144268	0.07278791	-0.03030625	0.018018965	-0.26803237	0.15652409	-0.19896811	0.029720454	-0.02074451	0.24023476	-0.23237233	0.12185622	-0.1401162	0.052711777	-0.68969506	0.2763758	-0.14726202	0.14589378	-0.049645413	0.9999999	-0.50451165	0.25172448	-0.08831685	0.092051
0.08582344	-0.03649562	0.03138658	-0.025148248	0.02762778	-0.062149845	0.032041334	-0.028969284	0.029446421	-0.024543736	0.055618163	-0.044094577	0.046188027	-0.02885383	0.029596593	-0.07173058	0.07161486	-0.074476786	0.03218822	-0.020006077	0.18761952	-0.15175895	0.19339481	-0.031668678	0.022954594	-0.19141725	0.23295976	-0.14051625	0.15786634	-0.07407669	0.2696072	-0.4067896	0.1824079	-0.20230898	0.068609215	-0.50451165	0.99999964	-0.6262786	0.14535178	-0.15650675
-0.14320818	0.057710372	-0.05074949	0.04043993	-0.044944767	0.096400216	-0.050854612	0.046405543	-0.047548722	0.03948556	-0.08608752	0.06915159	-0.07414614	0.04620511	-0.04785466	0.10660195	-0.11124	0.11269661	-0.051148936	0.031743802	-0.23480898	0.21149363	-0.31811115	0.04967801	-0.036826216	0.19208878	-0.3537048	0.18676297	-0.23308785	0.092045695	-0.23870651	0.2810333	-0.21114464	0.20615627	-0.08863175	0.25172448	-0.6262786	0.9999993	-0.27680686	0.20806725
0.05187988	-0.021654217	0.018990776	-0.015340513	0.017003532	-0.036010467	0.018983688	-0.017473666	0.017956287	-0.015153998	0.031766843	-0.025953522	0.027588008	-0.01793985	0.018490566	-0.039886348	0.041067436	-0.042213835	0.02081817	-0.014331883	0.08276803	-0.08020368	0.11537632	-0.020407245	0.016359907	-0.071265504	0.13389945	-0.09056284	0.11201691	-0.15210508	0.08210375	-0.1227252	0.113423385	-0.15314582	0.13903306	-0.08831685	0.14535178	-0.27680686	0.99999917	-0.90337956
-0.062408227	0.025685646	-0.022625897	0.018218793	-0.020245608	0.042612053	-0.022554416	0.020764852	-0.021360172	0.017964015	-0.037677687	0.030755065	-0.03286711	0.021219747	-0.021932274	0.04691327	-0.04882121	0.049844	-0.024548743	0.01651926	-0.095141694	0.09354672	-0.13895117	0.023946775	-0.018998733	0.07949701	-0.15885748	0.09962529	-0.12869953	0.14794858	-0.08913529	0.1252625	-0.11739476	0.13934268	-0.17767736	0.092051	-0.15650675	0.20806725	-0.90337956	0.99999917
