1.0000002	-0.9055732	0.20804693	-0.12881657	0.05518526	-0.18445998	0.20125334	-0.19838408	0.100957334	-0.056983322	0.1059043	-0.13533467	0.09432217	-0.07930244	0.08021797	-0.110824704	0.11569159	-0.11020703	0.066724606	-0.06093958	0.08669358	-0.076560475	0.07495864	-0.08274045	0.053220466	-0.06155446	0.06687517	-0.06712396	0.066319935	-0.07205321	0.062990904	-0.07334378	0.052053247	-0.03584153	0.043366052	-0.055929475	0.041534916	-0.06664929	0.03357882	-0.04727351
-0.9055732	1.0000004	-0.2636641	0.11220666	-0.048094347	0.15082565	-0.2387702	0.1777096	-0.09236626	0.04872042	-0.0921933	0.11953469	-0.08289114	0.06769309	-0.06919844	0.0922802	-0.104314774	0.0922978	-0.056044832	0.050710198	-0.073488064	0.06370608	-0.062605925	0.06802065	-0.044136394	0.05106055	-0.05588054	0.055041544	-0.054913778	0.05907405	-0.05250401	0.059970036	-0.042651854	0.029276691	-0.035573862	0.04542789	-0.033895344	0.0541795	-0.027460245	0.03848504
0.20804693	-0.2636641	1.0000002	-0.4183727	0.122118816	-0.23468049	0.25667396	-0.68842363	0.28036243	-0.12805544	0.14565879	-0.18629245	0.1656057	-0.14532118	0.14365546	-0.15643677	0.16995001	-0.18813062	0.1125399	-0.102767445	0.12988324	-0.116409935	0.11910997	-0.13358971	0.08796036	-0.09330089	0.1030303	-0.10664511	0.10674857	-0.1181001	0.09725718	-0.1134817	0.0820266	-0.0569892	0.06993671	-0.08721095	0.06487852	-0.10486576	0.053403717	-0.07610909
-0.12881657	0.11220666	-0.4183727	1.0000002	-0.19156541	0.12180622	-0.16224979	0.2848367	-0.8064072	0.16448216	-0.086210586	0.10963954	-0.11941377	0.12596713	-0.1315236	0.08848138	-0.11049545	0.11942945	-0.08051324	0.071378574	-0.080736734	0.070309065	-0.07643713	0.08399642	-0.05906202	0.05602014	-0.06388142	0.065197535	-0.06874067	0.07493916	-0.06018367	0.06685555	-0.049626786	0.03453171	-0.043748055	0.050759006	-0.03837109	0.061793186	-0.032489374	0.046215802
0.05518526	-0.048094347	0.122118816	-0.19156541	0.99999994	-0.07890895	0.0874199	-0.12232363	0.16473043	-0.9438474	0.05817261	-0.07203598	0.08487623	-0.10190733	0.11989741	-0.063056804	0.076291025	-0.10293995	0.07006622	-0.06709879	0.06243366	-0.0568074	0.06521042	-0.076125816	0.054519597	-0.045292694	0.052517768	-0.058492176	0.061609305	-0.07145215	0.049996275	-0.057414275	0.04405196	-0.03152988	0.0408096	-0.04487036	0.033757143	-0.0556022	0.029615238	-0.04391321
-0.18445998	0.15082565	-0.23468049	0.12180622	-0.07890895	0.9999999	-0.53810996	0.20246583	-0.124572285	0.074375	-0.5963706	0.2803942	-0.17695819	0.13090336	-0.14408222	0.28460744	-0.31526533	0.18052812	-0.11649813	0.1016908	-0.23131356	0.15757848	-0.14650175	0.14093326	-0.09094336	0.13059011	-0.1420447	0.11729902	-0.11979055	0.117588356	-0.1341951	0.1335932	-0.09255646	0.06124915	-0.073780306	0.09599149	-0.07342729	0.112753935	-0.057819247	0.077105574
0.20125334	-0.2387702	0.25667396	-0.16224979	0.0874199	-0.53810996	0.9999996	-0.37751955	0.15702663	-0.087411836	0.2646741	-0.4817631	0.20463327	-0.15793985	0.15450923	-0.2584737	0.27931723	-0.22348183	0.12832603	-0.115549974	0.18249317	-0.15780687	0.14657106	-0.15711938	0.10027719	-0.12477962	0.13365103	-0.12689938	0.12520726	-0.13380517	0.12390815	-0.14101717	0.09833532	-0.06674015	0.08006792	-0.10511599	0.078482874	-0.12447465	0.06255001	-0.086349435
-0.19838408	0.1777096	-0.68842363	0.2848367	-0.12232363	0.20246583	-0.37751955	0.9999995	-0.42257896	0.11751827	-0.13903515	0.18433203	-0.18818828	0.14174286	-0.14423247	0.13705063	-0.1734694	0.16888763	-0.10273029	0.09082112	-0.117767856	0.101146296	-0.105030425	0.11306649	-0.0766945	0.08043648	-0.0903228	0.08923481	-0.0920197	0.09907492	-0.08467953	0.094050586	-0.06840121	0.047108587	-0.058568407	0.07089181	-0.053438198	0.085469	-0.044285804	0.062250927
0.100957334	-0.09236626	0.28036243	-0.8064072	0.16473043	-0.124572285	0.15702663	-0.42257896	0.9999995	-0.19366753	0.084572546	-0.1114308	0.12189479	-0.1471549	0.12876289	-0.0879928	0.10609223	-0.12351423	0.07965003	-0.07146764	0.07779601	-0.06882407	0.07434089	-0.08326725	0.05815957	-0.054559138	0.061784063	-0.063908786	0.06666066	-0.0743939	0.057996564	-0.06543208	0.048442014	-0.03376634	0.042587493	-0.049801957	0.037520617	-0.06065007	0.031715192	-0.045295887
-0.056983322	0.04872042	-0.12805544	0.16448216	-0.9438474	0.074375	-0.087411836	0.11751827	-0.19366753	0.9999997	-0.05619503	0.069708526	-0.08432799	0.099852026	-0.13522896	0.059809987	-0.07496571	0.09584027	-0.06829356	0.064286515	-0.060102984	0.053659987	-0.06214812	0.0708867	-0.052075304	0.042789333	-0.049950253	0.054290302	-0.05849727	0.06602855	-0.047497507	0.053175803	-0.04090938	0.029116895	-0.038041823	0.041098356	-0.03114598	0.05093775	-0.027414469	0.04018348
0.1059043	-0.0921933	0.14565879	-0.086210586	0.05817261	-0.5963706	0.2646741	-0.13903515	0.084572546	-0.05619503	0.9999997	-0.33941686	0.15379237	-0.115020774	0.1190914	-0.5991781	0.27619737	-0.16804163	0.10300315	-0.09159911	0.22686306	-0.1620891	0.13347149	-0.13304213	0.082208924	-0.13605586	0.13351373	-0.11103529	0.108142614	-0.10887756	0.12334115	-0.13173936	0.087552845	-0.0576554	0.06741991	-0.09400418	0.07075766	-0.10894647	0.054115538	-0.071747266
-0.13533467	0.11953469	-0.18629245	0.10963954	-0.07203598	0.2803942	-0.4817631	0.18433203	-0.1114308	0.069708526	-0.33941686	0.9999998	-0.34447744	0.17311603	-0.17073521	0.2571154	-0.6201604	0.243488	-0.13155757	0.11345615	-0.18661079	0.1592135	-0.14539534	0.14586808	-0.0959755	0.11780965	-0.13237333	0.11548591	-0.11682078	0.1225363	-0.117039636	0.12598956	-0.08849014	0.05933105	-0.072038114	0.09138042	-0.06940757	0.10883652	-0.055758238	0.07587883
0.09432217	-0.08289114	0.1656057	-0.11941377	0.08487623	-0.17695819	0.20463327	-0.18818828	0.12189479	-0.08432799	0.15379237	-0.34447744	1.0	-0.50051975	0.2872061	-0.15856273	0.2362076	-0.64320016	0.20810518	-0.1789994	0.14178632	-0.13329609	0.1590529	-0.18110746	0.13023902	-0.09853903	0.11537816	-0.12503585	0.13254602	-0.16005315	0.10414367	-0.11637016	0.08963695	-0.06271543	0.08106823	-0.087230794	0.06673217	-0.10943368	0.058763374	-0.08466977
-0.07930244	0.06769309	-0.14532118	0.12596713	-0.10190733	0.13090336	-0.15793985	0.14174286	-0.1471549	0.099852026	-0.115020774	0.17311603	-0.50051975	1.0000001	-0.72134	0.11799968	-0.17518923	0.28747562	-0.2470458	0.19896084	-0.11917721	0.1096087	-0.13994502	0.16695313	-0.13807443	0.08254056	-0.09921871	0.10993095	-0.1250309	0.15292373	-0.09014088	0.098884046	-0.07857914	0.055804886	-0.07498134	0.074355274	-0.05738074	0.094584264	-0.0524133	0.0763867
0.08021797	-0.06919844	0.14365546	-0.1315236	0.11989741	-0.14408222	0.15450923	-0.14423247	0.12876289	-0.13522896	0.1190914	-0.17073521	0.2872061	-0.72134	1.0000001	-0.13014857	0.17204517	-0.36620307	0.25078088	-0.32112715	0.13391712	-0.12893507	0.1651947	-0.21801047	0.18121567	-0.0968959	0.115911536	-0.13997622	0.15389138	-0.21949339	0.10623927	-0.121625744	0.09833098	-0.071606204	0.096814916	-0.09350994	0.07159449	-0.12071786	0.06685088	-0.1015372
-0.110824704	0.0922802	-0.15643677	0.08848138	-0.063056804	0.28460744	-0.2584737	0.13705063	-0.0879928	0.059809987	-0.5991781	0.2571154	-0.15856273	0.11799968	-0.13014857	0.99999994	-0.431116	0.17236139	-0.11402532	0.09970752	-0.46797526	0.20736511	-0.1658801	0.14987262	-0.09183923	0.18061069	-0.17845024	0.12807602	-0.12587796	0.11985714	-0.16654946	0.15688176	-0.102589466	0.065938696	-0.07650242	0.108282216	-0.08296881	0.124189466	-0.062146764	0.08010819
0.11569159	-0.104314774	0.16995001	-0.11049545	0.076291025	-0.31526533	0.27931723	-0.1734694	0.10609223	-0.07496571	0.27619737	-0.6201604	0.2362076	-0.17518923	0.17204517	-0.431116	0.99999964	-0.30086935	0.15314575	-0.1358798	0.2409396	-0.2552777	0.18856229	-0.19216156	0.11841777	-0.16497976	0.17867166	-0.15500417	0.14948565	-0.15668324	0.15385874	-0.17580348	0.119048506	-0.079218864	0.09329865	-0.12667814	0.09504959	-0.14897299	0.07415396	-0.099919
-0.11020703	0.0922978	-0.18813062	0.11942945	-0.10293995	0.18052812	-0.22348183	0.16888763	-0.12351423	0.09584027	-0.16804163	0.243488	-0.64320016	0.28747562	-0.36620307	0.17236139	-0.30086935	0.99999976	-0.35598928	0.21897773	-0.17750202	0.16433626	-0.2339864	0.22387013	-0.16887832	0.11965463	-0.14686075	0.1537616	-0.17290525	0.18713605	-0.13015932	0.13838203	-0.10946964	0.07543987	-0.09947663	0.10187626	-0.07937378	0.12883574	-0.07114182	0.09975288
0.066724606	-0.056044832	0.1125399	-0.08051324	0.07006622	-0.11649813	0.12832603	-0.10273029	0.07965003	-0.06829356	0.10300315	-0.13155757	0.20810518	-0.2470458	0.25078088	-0.11402532	0.15314575	-0.35598928	1.0000001	-0.66528034	0.13688084	-0.13956805	0.21064264	-0.4171072	0.282777	-0.098823056	0.12463588	-0.16277474	0.19369964	-0.3059016	0.11059958	-0.12412904	0.10718539	-0.07906042	0.112450294	-0.09381793	0.07355957	-0.12633768	0.07359803	-0.11287289
-0.06093958	0.050710198	-0.102767445	0.071378574	-0.06709879	0.1016908	-0.115549974	0.09082112	-0.07146764	0.064286515	-0.09159911	0.11345615	-0.1789994	0.19896084	-0.32112715	0.09970752	-0.1358798	0.21897773	-0.66528034	1.0000001	-0.12377843	0.11951705	-0.18565677	0.26552325	-0.51241136	0.08740519	-0.111728474	0.14060202	-0.1891738	0.27412283	-0.099577166	0.10798426	-0.09484454	0.07053251	-0.10750412	0.080996625	-0.064182445	0.10911165	-0.06614998	0.09993162
0.08669358	-0.073488064	0.12988324	-0.080736734	0.06243366	-0.23131356	0.18249317	-0.117767856	0.07779601	-0.060102984	0.22686306	-0.18661079	0.14178632	-0.11917721	0.13391712	-0.46797526	0.2409396	-0.17750202	0.13688084	-0.12377843	1.0000002	-0.46022996	0.23747012	-0.22100379	0.12129552	-0.45582503	0.29249835	-0.1964263	0.17607354	-0.16502851	0.2597178	-0.2717531	0.15926664	-0.09985265	0.108287245	-0.17939495	0.13416243	-0.19796778	0.09328576	-0.1158096
-0.076560475	0.06370608	-0.116409935	0.070309065	-0.0568074	0.15757848	-0.15780687	0.101146296	-0.06882407	0.053659987	-0.1620891	0.1592135	-0.13329609	0.1096087	-0.12893507	0.20736511	-0.2552777	0.16433626	-0.13956805	0.11951705	-0.46022996	1.0000005	-0.48108068	0.2301234	-0.12279571	0.2623684	-0.5627158	0.20319092	-0.18658301	0.15506136	-0.23524797	0.23589511	-0.15343508	0.09086226	-0.10084445	0.1453585	-0.11744568	0.16981447	-0.085874185	0.102712035
0.07495864	-0.062605925	0.11910997	-0.07643713	0.06521042	-0.14650175	0.14657106	-0.105030425	0.07434089	-0.06214812	0.13347149	-0.14539534	0.1590529	-0.13994502	0.1651947	-0.1658801	0.18856229	-0.2339864	0.21064264	-0.18565677	0.23747012	-0.48108068	1.0000004	-0.54166615	0.1963126	-0.18578431	0.24777615	-0.40290257	0.27363613	-0.2496663	0.18634574	-0.22470562	0.19248271	-0.11864322	0.13366686	-0.1568723	0.12447384	-0.21552253	0.10947473	-0.13832383
-0.08274045	0.06802065	-0.13358971	0.08399642	-0.076125816	0.14093326	-0.15711938	0.11306649	-0.08326725	0.0708867	-0.13304213	0.14586808	-0.18110746	0.16695313	-0.21801047	0.14987262	-0.19216156	0.22387013	-0.4171072	0.26552325	-0.22100379	0.2301234	-0.54166615	1.0000006	-0.38421103	0.15212989	-0.21084681	0.25036168	-0.3567496	0.28378412	-0.1713991	0.1791817	-0.15989575	0.107928224	-0.1449831	0.1291378	-0.1043771	0.17425914	-0.10187707	0.1353838
0.053220466	-0.044136394	0.08796036	-0.05906202	0.054519597	-0.09094336	0.10027719	-0.0766945	0.05815957	-0.052075304	0.082208924	-0.0959755	0.13023902	-0.13807443	0.18121567	-0.09183923	0.11841777	-0.16887832	0.282777	-0.51241136	0.12129552	-0.12279571	0.1963126	-0.38421103	1.0000007	-0.08796524	0.113556035	-0.16349149	0.21684365	-0.66277105	0.10125957	-0.11325043	0.10455078	-0.08262134	0.1323109	-0.0861042	0.068503216	-0.12087459	0.07615014	-0.12560345
-0.06155446	0.05106055	-0.09330089	0.05602014	-0.045292694	0.13059011	-0.12477962	0.08043648	-0.054559138	0.042789333	-0.13605586	0.11780965	-0.09853903	0.08254056	-0.0968959	0.18061069	-0.16497976	0.11965463	-0.098823056	0.08740519	-0.45582503	0.2623684	-0.18578431	0.15212989	-0.08796524	1.0000007	-0.5021209	0.15191866	-0.14234531	0.11693796	-0.61901885	0.27762142	-0.14397492	0.08243092	-0.0859446	0.16064422	-0.12887166	0.16346937	-0.07817776	0.088370204
0.06687517	-0.05588054	0.1030303	-0.06388142	0.052517768	-0.1420447	0.13365103	-0.0903228	0.061784063	-0.049950253	0.13351373	-0.13237333	0.11537816	-0.09921871	0.115911536	-0.17845024	0.17867166	-0.14686075	0.12463588	-0.111728474	0.29249835	-0.5627158	0.24777615	-0.21084681	0.113556035	-0.5021209	1.0000005	-0.21188676	0.18106316	-0.15296972	0.2937268	-0.4205712	0.18490481	-0.1061793	0.10800958	-0.20146792	0.15899067	-0.21366386	0.099188305	-0.11255013
-0.06712396	0.055041544	-0.10664511	0.065197535	-0.058492176	0.11729902	-0.12689938	0.08923481	-0.063908786	0.054290302	-0.11103529	0.11548591	-0.12503585	0.10993095	-0.13997622	0.12807602	-0.15500417	0.1537616	-0.16277474	0.14060202	-0.1964263	0.20319092	-0.40290257	0.25036168	-0.16349149	0.15191866	-0.21188676	1.0000008	-0.64605415	0.21562903	-0.19147398	0.22428071	-0.4278456	0.16265303	-0.15522683	0.15980874	-0.14217396	0.26550427	-0.15459184	0.14670146
0.066319935	-0.054913778	0.10674857	-0.06874067	0.061609305	-0.11979055	0.12520726	-0.0920197	0.06666066	-0.05849727	0.108142614	-0.11682078	0.13254602	-0.1250309	0.15389138	-0.12587796	0.14948565	-0.17290525	0.19369964	-0.1891738	0.17607354	-0.18658301	0.27363613	-0.3567496	0.21684365	-0.14234531	0.18106316	-0.64605415	1.0000008	-0.38956827	0.17252542	-0.22478597	0.2529447	-0.17927751	0.17500484	-0.1807962	0.14447117	-0.29565796	0.15313978	-0.18442564
-0.07205321	0.05907405	-0.1181001	0.07493916	-0.07145215	0.117588356	-0.13380517	0.09907492	-0.0743939	0.06602855	-0.10887756	0.1225363	-0.16005315	0.15292373	-0.21949339	0.11985714	-0.15668324	0.18713605	-0.3059016	0.27412283	-0.16502851	0.15506136	-0.2496663	0.28378412	-0.66277105	0.11693796	-0.15296972	0.21562903	-0.38956827	1.0000008	-0.13836691	0.14850171	-0.1430827	0.11700559	-0.23393288	0.1117732	-0.09052964	0.15820912	-0.109036736	0.17558219
0.062990904	-0.05250401	0.09725718	-0.06018367	0.049996275	-0.1341951	0.12390815	-0.08467953	0.057996564	-0.047497507	0.12334115	-0.117039636	0.10414367	-0.09014088	0.10623927	-0.16654946	0.15385874	-0.13015932	0.11059958	-0.099577166	0.2597178	-0.23524797	0.18634574	-0.1713991	0.10125957	-0.61901885	0.2937268	-0.19147398	0.17252542	-0.13836691	1.0000005	-0.534511	0.20536993	-0.11594136	0.11136662	-0.2780974	0.20217639	-0.24794441	0.10841288	-0.116705865
-0.07334378	0.059970036	-0.1134817	0.06685555	-0.057414275	0.1335932	-0.14101717	0.094050586	-0.06543208	0.053175803	-0.13173936	0.12598956	-0.11637016	0.098884046	-0.121625744	0.15688176	-0.17580348	0.13838203	-0.12412904	0.10798426	-0.2717531	0.23589511	-0.22470562	0.1791817	-0.11325043	0.27762142	-0.4205712	0.22428071	-0.22478597	0.14850171	-0.534511	1.0000005	-0.38997445	0.14723992	-0.13754708	0.26431856	-0.34233508	0.2809753	-0.1450653	0.13107423
0.052053247	-0.042651854	0.0820266	-0.049626786	0.04405196	-0.09255646	0.09833532	-0.06840121	0.048442014	-0.04090938	0.087552845	-0.08849014	0.08963695	-0.07857914	0.09833098	-0.102589466	0.119048506	-0.10946964	0.10718539	-0.09484454	0.15926664	-0.15343508	0.19248271	-0.15989575	0.10455078	-0.14397492	0.18490481	-0.4278456	0.2529447	-0.1430827	0.20536993	-0.38997445	1.0000004	-0.31136858	0.16288336	-0.22266805	0.20932941	-0.64233446	0.22577937	-0.16147779
-0.03584153	0.029276691	-0.0569892	0.03453171	-0.03152988	0.06124915	-0.06674015	0.047108587	-0.03376634	0.029116895	-0.0576554	0.05933105	-0.06271543	0.055804886	-0.071606204	0.065938696	-0.079218864	0.07543987	-0.07906042	0.07053251	-0.09985265	0.09086226	-0.11864322	0.107928224	-0.08262134	0.08243092	-0.1061793	0.16265303	-0.17927751	0.11700559	-0.11594136	0.14723992	-0.31136858	1.0000007	-0.33243343	0.11233175	-0.10505893	0.23626775	-0.81477535	0.2562248
0.043366052	-0.035573862	0.06993671	-0.043748055	0.0408096	-0.073780306	0.08006792	-0.058568407	0.042587493	-0.038041823	0.06741991	-0.072038114	0.08106823	-0.07498134	0.096814916	-0.07650242	0.09329865	-0.09947663	0.112450294	-0.10750412	0.108287245	-0.10084445	0.13366686	-0.1449831	0.1323109	-0.0859446	0.10800958	-0.15522683	0.17500484	-0.23393288	0.11136662	-0.13754708	0.16288336	-0.33243343	1.0000007	-0.11366115	0.0938408	-0.1932987	0.25647625	-0.8315796
-0.055929475	0.04542789	-0.08721095	0.050759006	-0.04487036	0.09599149	-0.10511599	0.07089181	-0.049801957	0.041098356	-0.09400418	0.09138042	-0.087230794	0.074355274	-0.09350994	0.108282216	-0.12667814	0.10187626	-0.09381793	0.080996625	-0.17939495	0.1453585	-0.1568723	0.1291378	-0.0861042	0.16064422	-0.20146792	0.15980874	-0.1807962	0.1117732	-0.2780974	0.26431856	-0.22266805	0.11233175	-0.11366115	1.0000007	-0.8212492	0.2503705	-0.12045341	0.10413103
0.041534916	-0.033895344	0.06487852	-0.03837109	0.033757143	-0.07342729	0.078482874	-0.053438198	0.037520617	-0.03114598	0.07075766	-0.06940757	0.06673217	-0.05738074	0.07159449	-0.08296881	0.09504959	-0.07937378	0.07355957	-0.064182445	0.13416243	-0.11744568	0.12447384	-0.1043771	0.068503216	-0.12887166	0.15899067	-0.14217396	0.14447117	-0.09052964	0.20217639	-0.34233508	0.20932941	-0.10505893	0.0938408	-0.8212492	1.0000007	-0.35316288	0.108813755	-0.08983458
-0.06664929	0.0541795	-0.10486576	0.061793186	-0.0556022	0.112753935	-0.12447465	0.085469	-0.06065007	0.05093775	-0.10894647	0.10883652	-0.10943368	0.094584264	-0.12071786	0.124189466	-0.14897299	0.12883574	-0.12633768	0.10911165	-0.19796778	0.16981447	-0.21552253	0.17425914	-0.12087459	0.16346937	-0.21366386	0.26550427	-0.29565796	0.15820912	-0.24794441	0.2809753	-0.64233446	0.23626775	-0.1932987	0.2503705	-0.35316288	1.0000005	-0.29706872	0.17458515
0.03357882	-0.027460245	0.053403717	-0.032489374	0.029615238	-0.057819247	0.06255001	-0.044285804	0.031715192	-0.027414469	0.054115538	-0.055758238	0.058763374	-0.0524133	0.06685088	-0.062146764	0.07415396	-0.07114182	0.07359803	-0.06614998	0.09328576	-0.085874185	0.10947473	-0.10187707	0.07615014	-0.07817776	0.099188305	-0.15459184	0.15313978	-0.109036736	0.10841288	-0.1450653	0.22577937	-0.81477535	0.25647625	-0.12045341	0.108813755	-0.29706872	1.0000006	-0.3650667
-0.04727351	0.03848504	-0.07610909	0.046215802	-0.04391321	0.077105574	-0.086349435	0.062250927	-0.045295887	0.04018348	-0.071747266	0.07587883	-0.08466977	0.0763867	-0.1015372	0.08010819	-0.099919	0.09975288	-0.11287289	0.09993162	-0.1158096	0.102712035	-0.13832383	0.1353838	-0.12560345	0.088370204	-0.11255013	0.14670146	-0.18442564	0.17558219	-0.116705865	0.13107423	-0.16147779	0.2562248	-0.8315796	0.10413103	-0.08983458	0.17458515	-0.3650667	1.0000006
