1.0000001	-0.4925914	0.2622457	-0.12709886	0.11604442	-0.7283384	0.27078393	-0.20134307	0.16075383	-0.18500291	0.18652079	-0.14621146	0.11552745	-0.09507794	0.08528088	-0.18987902	0.11025323	-0.09257739	0.07212045	-0.027711343	0.06667178	-0.07784326	0.07391939	-0.08469801	0.025878152	-0.048481144	0.061921753	-0.06512804	0.06339136	-0.07151521	0.050171684	-0.051516302	0.058959194	-0.0696992	0.051154364	-0.06388645	0.054315418	-0.05388783	0.04601965	-0.059445392
-0.4925914	0.9999998	-0.6600332	0.15659156	-0.14309642	0.2814469	-0.41853184	0.24574257	-0.20380442	0.18916677	-0.13311413	0.14235762	-0.11904911	0.09688397	-0.0878985	0.123741664	-0.09577408	0.081772126	-0.06517725	0.024657367	-0.058057006	0.0668458	-0.06554642	0.074373275	-0.023109376	0.04190315	-0.05446047	0.05707079	-0.056044742	0.06259535	-0.044006743	0.045108188	-0.052066304	0.06102842	-0.04506089	0.05535887	-0.047987666	0.04722749	-0.040538713	0.052076627
0.2622457	-0.6600332	0.99999946	-0.27044395	0.19960637	-0.2861366	0.3021018	-0.38937116	0.2560318	-0.30709723	0.14579573	-0.1961022	0.15759513	-0.1450489	0.12829268	-0.15167694	0.12516974	-0.11217083	0.089974806	-0.034931634	0.07933118	-0.0912549	0.089389235	-0.104734406	0.03262988	-0.057751957	0.075102516	-0.07959439	0.078596674	-0.089132294	0.061172076	-0.06285656	0.07263508	-0.0869064	0.06386465	-0.07779773	0.0671452	-0.06668678	0.0573925	-0.074343696
-0.12709886	0.15659156	-0.27044395	0.9999994	-0.76216936	0.12393552	-0.1972735	0.21300861	-0.45180708	0.275129	-0.08534385	0.13355279	-0.119766	0.12220268	-0.1161594	0.082574636	-0.08539284	0.077174515	-0.06410667	0.02446933	-0.05514573	0.061703797	-0.06226235	0.07192933	-0.022986712	0.03963617	-0.05212556	0.054752126	-0.054512475	0.06082692	-0.042389356	0.043342713	-0.050470103	0.059364814	-0.04401564	0.053012274	-0.04673252	0.045805443	-0.039606802	0.05079687
0.11604442	-0.14309642	0.19960637	-0.76216936	0.99999934	-0.12001352	0.16867016	-0.19023174	0.27381644	-0.46586612	0.09294573	-0.16628142	0.14105825	-0.16660278	0.15333787	-0.09273727	0.10324061	-0.09582335	0.08051781	-0.031486813	0.069018416	-0.0768474	0.077487245	-0.09195104	0.029485043	-0.049889337	0.06559868	-0.06948429	0.06950543	-0.07861903	0.053713	-0.05500498	0.06410487	-0.07675959	0.056666825	-0.06778361	0.059519894	-0.058800872	0.050956555	-0.065843716
-0.7283384	0.2814469	-0.2861366	0.12393552	-0.12001352	0.9999993	-0.41832903	0.20744056	-0.18071903	0.16796294	-0.2949251	0.14499296	-0.11997305	0.09129215	-0.08344911	0.19804269	-0.11643329	0.09255444	-0.07225397	0.027070936	-0.06755695	0.0780563	-0.07470156	0.08287011	-0.02537327	0.048470434	-0.062024035	0.0643904	-0.062460676	0.069375046	-0.049889874	0.051029127	-0.05842905	0.06765486	-0.04992306	0.06268469	-0.053711645	0.052746594	-0.044981565	0.057606515
0.27078393	-0.41853184	0.3021018	-0.1972735	0.16867016	-0.41832903	0.99999934	-0.5818048	0.27298346	-0.28064883	0.15930234	-0.24681954	0.17939755	-0.14467299	0.12737004	-0.1579411	0.13206796	-0.1156284	0.09100634	-0.034206267	0.078109294	-0.092202835	0.09035431	-0.10351509	0.032025505	-0.05676381	0.07430022	-0.07835407	0.077121496	-0.086132064	0.059770588	-0.06156122	0.071166776	-0.08374263	0.061811764	-0.07523686	0.0654231	-0.06452982	0.055456623	-0.07132747
-0.20134307	0.24574257	-0.38937116	0.21300861	-0.19023174	0.20744056	-0.5818048	0.9999991	-0.5794962	0.24356912	-0.118124284	0.18402578	-0.18458219	0.13385744	-0.11973565	0.11185221	-0.10820266	0.09793439	-0.07764914	0.02852936	-0.064374484	0.075358406	-0.07542589	0.08587084	-0.026788147	0.046541475	-0.061433293	0.06464011	-0.06397359	0.07070091	-0.04927636	0.05069835	-0.05888044	0.06867724	-0.050933268	0.06148177	-0.054077297	0.053007275	-0.045665603	0.058433592
0.16075383	-0.20380442	0.2560318	-0.45180708	0.27381644	-0.18071903	0.27298346	-0.5794962	0.99999887	-0.43621138	0.119493194	-0.21364693	0.18147275	-0.20835447	0.17380637	-0.120158866	0.12554859	-0.11697442	0.09586165	-0.036670595	0.08017052	-0.09182554	0.09190895	-0.10865092	0.034325138	-0.05816441	0.076604225	-0.08126649	0.08099695	-0.09103153	0.062204327	-0.06394495	0.07438856	-0.088561654	0.065412246	-0.07835855	0.06871916	-0.06786052	0.058672294	-0.075661086
-0.18500291	0.18916677	-0.30709723	0.275129	-0.46586612	0.16796294	-0.28064883	0.24356912	-0.43621138	0.9999986	-0.14365318	0.22205187	-0.24722427	0.26231447	-0.42337763	0.13064884	-0.15926027	0.14102651	-0.12368299	0.045591123	-0.105714105	0.11151544	-0.1172713	0.12805739	-0.04352907	0.07361033	-0.09769656	0.099589035	-0.099855825	0.10625679	-0.0790433	0.07965999	-0.09365776	0.1040256	-0.07895627	0.0949214	-0.08700012	0.0822382	-0.071444675	0.08886052
0.18652079	-0.13311413	0.14579573	-0.08534385	0.09294573	-0.2949251	0.15930234	-0.118124284	0.119493194	-0.14365318	0.99999857	-0.18705899	0.14094332	-0.093621045	0.0856717	-0.83393747	0.22558613	-0.1672743	0.11937114	-0.04499741	0.12223857	-0.15012243	0.13016714	-0.1444061	0.041879013	-0.089309044	0.10831883	-0.112701155	0.105964474	-0.1187241	0.08662248	-0.08919536	0.099490374	-0.11536843	0.084175654	-0.111195214	0.090833165	-0.09039668	0.075773954	-0.0976231
-0.14621146	0.14235762	-0.1961022	0.13355279	-0.16628142	0.14499296	-0.24681954	0.18402578	-0.21364693	0.22205187	-0.18705899	0.9999985	-0.72149926	0.22568983	-0.22992562	0.16892843	-0.35273236	0.24097909	-0.18293484	0.05658293	-0.12974213	0.17486224	-0.18261157	0.17556861	-0.054057345	0.09335059	-0.13143769	0.13357276	-0.13056463	0.13229638	-0.09791641	0.102184236	-0.12011858	0.12727322	-0.0970317	0.11493175	-0.107030146	0.10073682	-0.08642116	0.10620767
0.11552745	-0.11904911	0.15759513	-0.119766	0.14105825	-0.11997305	0.17939755	-0.18458219	0.18147275	-0.24722427	0.14094332	-0.72149926	0.9999982	-0.36357728	0.22957888	-0.14227526	0.24141559	-0.3204311	0.18611492	-0.058567956	0.11436232	-0.16235006	0.16450344	-0.19166593	0.054788332	-0.085043505	0.11833788	-0.12852953	0.12749122	-0.13428538	0.089456074	-0.09519619	0.11139038	-0.12655558	0.09479611	-0.10858186	0.098821715	-0.09629459	0.08297638	-0.10457761
-0.09507794	0.09688397	-0.1450489	0.12220268	-0.16660278	0.09129215	-0.14467299	0.13385744	-0.20835447	0.26231447	-0.093621045	0.22568983	-0.36357728	0.9999979	-0.8059673	0.08889439	-0.1349175	0.14157398	-0.13810429	0.042280197	-0.07611449	0.09249684	-0.098651454	0.120810874	-0.040188793	0.054787785	-0.07514448	0.07990495	-0.082499996	0.08518204	-0.058361575	0.060666103	-0.071811706	0.08068558	-0.061365295	0.069992416	-0.06464648	0.06191237	-0.053907447	0.06721038
0.08528088	-0.0878985	0.12829268	-0.1161594	0.15333787	-0.08344911	0.12737004	-0.11973565	0.17380637	-0.42337763	0.0856717	-0.22992562	0.22957888	-0.8059673	0.99999756	-0.08331377	0.12169271	-0.12865123	0.11340129	-0.042320553	0.07104555	-0.0870847	0.089992434	-0.11565647	0.03929029	-0.05162853	0.07031131	-0.07569765	0.077572815	-0.08292812	0.055060484	-0.05745324	0.067682885	-0.078263976	0.05890822	-0.0670284	0.06113335	-0.0593431	0.051665146	-0.065209396
-0.18987902	0.123741664	-0.15167694	0.082574636	-0.09273727	0.19804269	-0.1579411	0.11185221	-0.120158866	0.13064884	-0.83393747	0.16892843	-0.14227526	0.08889439	-0.08331377	0.9999975	-0.33433682	0.1644404	-0.12241455	0.042220317	-0.13973756	0.15242068	-0.13824973	0.13430229	-0.039813586	0.09255774	-0.11265357	0.11049236	-0.10276652	0.1094197	-0.087962516	0.08860333	-0.099040195	0.107042246	-0.079458065	0.107316434	-0.08994615	0.08645194	-0.07212891	0.09048001
0.11025323	-0.09577408	0.12516974	-0.08539284	0.10324061	-0.11643329	0.13206796	-0.10820266	0.12554859	-0.15926027	0.22558613	-0.35273236	0.24141559	-0.1349175	0.12169271	-0.33433682	0.99999756	-0.5021876	0.24891637	-0.08059578	0.171947	-0.4624997	0.2861764	-0.2873546	0.074815154	-0.13765946	0.20070784	-0.20936842	0.18904637	-0.19919765	0.13698544	-0.1537806	0.1708079	-0.18795829	0.13852462	-0.16583529	0.14776538	-0.1454194	0.12165986	-0.15341756
-0.09257739	0.081772126	-0.11217083	0.077174515	-0.09582335	0.09255444	-0.1156284	0.09793439	-0.11697442	0.14102651	-0.1672743	0.24097909	-0.3204311	0.14157398	-0.12865123	0.1644404	-0.5021876	0.9999973	-0.5690643	0.084364206	-0.1517404	0.25191966	-0.35767224	0.2906239	-0.08182085	0.113650516	-0.17090863	0.18822536	-0.1919193	0.17017452	-0.117804684	0.12864439	-0.15537028	0.15738036	-0.12295308	0.13461073	-0.12971191	0.122063324	-0.10496766	0.12654214
0.07212045	-0.06517725	0.089974806	-0.06410667	0.08051781	-0.07225397	0.09100634	-0.07764914	0.09586165	-0.12368299	0.11937114	-0.18293484	0.18611492	-0.13810429	0.11340129	-0.12241455	0.24891637	-0.5690643	0.99999654	-0.1315426	0.13426107	-0.19444528	0.22303759	-0.652403	0.11593897	-0.10215197	0.14824617	-0.18480216	0.22173072	-0.20449896	0.107497394	-0.119016185	0.14559676	-0.17295028	0.1328469	-0.12638357	0.121824235	-0.11917489	0.10664567	-0.13214993
-0.027711343	0.024657367	-0.034931634	0.02446933	-0.031486813	0.027070936	-0.034206267	0.02852936	-0.036670595	0.045591123	-0.04499741	0.05658293	-0.058567956	0.042280197	-0.042320553	0.042220317	-0.08059578	0.084364206	-0.1315426	0.9999967	-0.061708987	0.063137926	-0.0758444	0.12666148	-0.967063	0.043612104	-0.062953405	0.07061064	-0.09951065	0.11918718	-0.04735614	0.050409425	-0.06511753	0.07502555	-0.079085365	0.052524257	-0.055985324	0.051710084	-0.050995346	0.060010392
0.06667178	-0.058057006	0.07933118	-0.05514573	0.069018416	-0.06755695	0.078109294	-0.064374484	0.08017052	-0.105714105	0.12223857	-0.12974213	0.11436232	-0.07611449	0.07104555	-0.13973756	0.171947	-0.1517404	0.13426107	-0.061708987	0.99999654	-0.21318163	0.187642	-0.1732332	0.058144774	-0.6782377	0.2864274	-0.24555139	0.18258461	-0.21217962	0.30115768	-0.2560583	0.22425984	-0.2290359	0.16059135	-0.42671782	0.22491838	-0.2233037	0.16191742	-0.20740443
-0.07784326	0.0668458	-0.0912549	0.061703797	-0.0768474	0.0780563	-0.092202835	0.075358406	-0.09182554	0.11151544	-0.15012243	0.17486224	-0.16235006	0.09249684	-0.0870847	0.15242068	-0.4624997	0.25191966	-0.19444528	0.063137926	-0.21318163	0.9999964	-0.6565159	0.21140617	-0.060723707	0.17404436	-0.37607047	0.25790766	-0.19271034	0.17706761	-0.16740066	0.19296385	-0.21276215	0.1756586	-0.13281971	0.1770863	-0.17213218	0.15442486	-0.122515	0.14443497
0.07391939	-0.06554642	0.089389235	-0.06226235	0.077487245	-0.07470156	0.09035431	-0.07542589	0.09190895	-0.1172713	0.13016714	-0.18261157	0.16450344	-0.098651454	0.089992434	-0.13824973	0.2861764	-0.35767224	0.22303759	-0.0758444	0.187642	-0.6565159	0.9999964	-0.29357985	0.07188743	-0.16046374	0.2568714	-0.40560606	0.22749007	-0.2155317	0.15761465	-0.1923144	0.21997157	-0.20531632	0.15118597	-0.18378434	0.170196	-0.16880143	0.13436206	-0.16400312
-0.08469801	0.074373275	-0.104734406	0.07192933	-0.09195104	0.08287011	-0.10351509	0.08587084	-0.10865092	0.12805739	-0.1444061	0.17556861	-0.19166593	0.120810874	-0.11565647	0.13430229	-0.2873546	0.2906239	-0.652403	0.12666148	-0.1732332	0.21140617	-0.29357985	0.9999964	-0.13918053	0.12617618	-0.1894789	0.22799028	-0.42305145	0.2344351	-0.13445298	0.14614642	-0.18918772	0.1990934	-0.16804066	0.14894128	-0.15330793	0.14198667	-0.13021326	0.1515219
0.025878152	-0.023109376	0.03262988	-0.022986712	0.029485043	-0.02537327	0.032025505	-0.026788147	0.034325138	-0.04352907	0.041879013	-0.054057345	0.054788332	-0.040188793	0.03929029	-0.039813586	0.074815154	-0.08182085	0.11593897	-0.967063	0.058144774	-0.060723707	0.07188743	-0.13918053	0.9999964	-0.04163862	0.05996589	-0.06950675	0.097825535	-0.1363776	0.045186616	-0.04855409	0.06253307	-0.07563903	0.07760722	-0.05076597	0.053576957	-0.05042186	0.049774937	-0.060016
-0.048481144	0.04190315	-0.057751957	0.03963617	-0.049889337	0.048470434	-0.05676381	0.046541475	-0.05816441	0.07361033	-0.089309044	0.09335059	-0.085043505	0.054787785	-0.05162853	0.09255774	-0.13765946	0.113650516	-0.10215197	0.043612104	-0.6782377	0.17404436	-0.16046374	0.12617618	-0.04163862	0.99999607	-0.43804404	0.1996407	-0.14293818	0.14747159	-0.46766204	0.24324082	-0.2006706	0.16032481	-0.11583394	0.29021415	-0.19341516	0.16443853	-0.11878247	0.1408622
0.061921753	-0.05446047	0.075102516	-0.05212556	0.06559868	-0.062024035	0.07430022	-0.061433293	0.076604225	-0.09769656	0.10831883	-0.13143769	0.11833788	-0.07514448	0.07031131	-0.11265357	0.20070784	-0.17090863	0.14824617	-0.062953405	0.2864274	-0.37607047	0.2568714	-0.1894789	0.05996589	-0.43804404	0.999996	-0.42186767	0.21671696	-0.22036028	0.27110282	-0.47990465	0.28922695	-0.23131649	0.16364476	-0.28793398	0.24541259	-0.229955	0.16122864	-0.19427405
-0.06512804	0.05707079	-0.07959439	0.054752126	-0.06948429	0.0643904	-0.07835407	0.06464011	-0.08126649	0.099589035	-0.112701155	0.13357276	-0.12852953	0.07990495	-0.07569765	0.11049236	-0.20936842	0.18822536	-0.18480216	0.07061064	-0.24555139	0.25790766	-0.40560606	0.22799028	-0.06950675	0.1996407	-0.42186767	0.99999624	-0.46483704	0.25259402	-0.20774125	0.26261276	-0.48812723	0.2452535	-0.19262893	0.21106347	-0.23068619	0.21401682	-0.16928262	0.1864373
0.06339136	-0.056044742	0.078596674	-0.054512475	0.06950543	-0.062460676	0.077121496	-0.06397359	0.08099695	-0.099855825	0.105964474	-0.13056463	0.12749122	-0.082499996	0.077572815	-0.10276652	0.18904637	-0.1919193	0.22173072	-0.09951065	0.18258461	-0.19271034	0.22749007	-0.42305145	0.097825535	-0.14293818	0.21671696	-0.46483704	0.99999636	-0.55821544	0.15132323	-0.1796439	0.24222836	-0.35299793	0.25743458	-0.17104962	0.18031228	-0.18115002	0.1755379	-0.2121651
-0.07151521	0.06259535	-0.089132294	0.06082692	-0.07861903	0.069375046	-0.086132064	0.07070091	-0.09103153	0.10625679	-0.1187241	0.13229638	-0.13428538	0.08518204	-0.08292812	0.1094197	-0.19919765	0.17017452	-0.20449896	0.11918718	-0.21217962	0.17706761	-0.2155317	0.2344351	-0.1363776	0.14747159	-0.22036028	0.25259402	-0.55821544	0.9999963	-0.16328265	0.17634057	-0.24636865	0.30394396	-0.55369383	0.17263018	-0.20404205	0.18543185	-0.20998393	0.2401741
0.050171684	-0.044006743	0.061172076	-0.042389356	0.053713	-0.049889874	0.059770588	-0.04927636	0.062204327	-0.0790433	0.08662248	-0.09791641	0.089456074	-0.058361575	0.055060484	-0.087962516	0.13698544	-0.117804684	0.107497394	-0.04735614	0.30115768	-0.16740066	0.15761465	-0.13445298	0.045186616	-0.46766204	0.27110282	-0.20774125	0.15132323	-0.16328265	0.99999636	-0.41687286	0.23590714	-0.186769	0.1322943	-0.65549314	0.25279975	-0.21146768	0.14263044	-0.16751765
-0.051516302	0.045108188	-0.06285656	0.043342713	-0.05500498	0.051029127	-0.06156122	0.05069835	-0.06394495	0.07965999	-0.08919536	0.102184236	-0.09519619	0.060666103	-0.05745324	0.08860333	-0.1537806	0.12864439	-0.119016185	0.050409425	-0.2560583	0.19296385	-0.1923144	0.14614642	-0.04855409	0.24324082	-0.47990465	0.26261276	-0.1796439	0.17634057	-0.41687286	0.9999966	-0.5135136	0.21010013	-0.14982088	0.286974	-0.4464642	0.26177195	-0.16821091	0.18039054
0.058959194	-0.052066304	0.07263508	-0.050470103	0.06410487	-0.05842905	0.071166776	-0.05888044	0.07438856	-0.09365776	0.099490374	-0.12011858	0.11139038	-0.071811706	0.067682885	-0.099040195	0.1708079	-0.15537028	0.14559676	-0.06511753	0.22425984	-0.21276215	0.21997157	-0.18918772	0.06253307	-0.2006706	0.28922695	-0.48812723	0.24222836	-0.24636865	0.23590714	-0.5135136	0.9999965	-0.3461208	0.20547743	-0.27202868	0.29331633	-0.39446032	0.21940441	-0.24034266
-0.0696992	0.06102842	-0.0869064	0.059364814	-0.07675959	0.06765486	-0.08374263	0.06867724	-0.088561654	0.1040256	-0.11536843	0.12727322	-0.12655558	0.08068558	-0.078263976	0.107042246	-0.18795829	0.15738036	-0.17295028	0.07502555	-0.2290359	0.1756586	-0.20531632	0.1990934	-0.07563903	0.16032481	-0.23131649	0.2452535	-0.35299793	0.30394396	-0.186769	0.21010013	-0.3461208	0.9999966	-0.5758897	0.19639948	-0.2622154	0.24963996	-0.40316612	0.3066644
0.051154364	-0.04506089	0.06386465	-0.04401564	0.056666825	-0.04992306	0.061811764	-0.050933268	0.065412246	-0.07895627	0.084175654	-0.0970317	0.09479611	-0.061365295	0.05890822	-0.079458065	0.13852462	-0.12295308	0.1328469	-0.079085365	0.16059135	-0.13281971	0.15118597	-0.16804066	0.07760722	-0.11583394	0.16364476	-0.19262893	0.25743458	-0.55369383	0.1322943	-0.14982088	0.20547743	-0.5758897	0.9999965	-0.14891446	0.18313491	-0.19488445	0.260168	-0.45838714
-0.06388645	0.05535887	-0.07779773	0.053012274	-0.06778361	0.06268469	-0.07523686	0.06148177	-0.07835855	0.0949214	-0.111195214	0.11493175	-0.10858186	0.069992416	-0.0670284	0.107316434	-0.16583529	0.13461073	-0.12638357	0.052524257	-0.42671782	0.1770863	-0.18378434	0.14894128	-0.05076597	0.29021415	-0.28793398	0.21106347	-0.17104962	0.17263018	-0.65549314	0.286974	-0.27202868	0.19639948	-0.14891446	0.99999636	-0.3925403	0.23117824	-0.16882324	0.17882107
0.054315418	-0.047987666	0.0671452	-0.04673252	0.059519894	-0.053711645	0.0654231	-0.054077297	0.06871916	-0.08700012	0.090833165	-0.107030146	0.098821715	-0.06464648	0.06113335	-0.08994615	0.14776538	-0.12971191	0.121824235	-0.055985324	0.22491838	-0.17213218	0.170196	-0.15330793	0.053576957	-0.19341516	0.24541259	-0.23068619	0.18031228	-0.20404205	0.25279975	-0.4464642	0.29331633	-0.2622154	0.18313491	-0.3925403	0.9999964	-0.6152979	0.25043583	-0.28266957
-0.05388783	0.04722749	-0.06668678	0.045805443	-0.058800872	0.052746594	-0.06452982	0.053007275	-0.06786052	0.0822382	-0.09039668	0.10073682	-0.09629459	0.06191237	-0.0593431	0.08645194	-0.1454194	0.122063324	-0.11917489	0.051710084	-0.2233037	0.15442486	-0.16880143	0.14198667	-0.05042186	0.16443853	-0.229955	0.21401682	-0.18115002	0.18543185	-0.21146768	0.26177195	-0.39446032	0.24963996	-0.19488445	0.23117824	-0.6152979	0.9999965	-0.4872692	0.27262115
0.04601965	-0.040538713	0.0573925	-0.039606802	0.050956555	-0.044981565	0.055456623	-0.045665603	0.058672294	-0.071444675	0.075773954	-0.08642116	0.08297638	-0.053907447	0.051665146	-0.07212891	0.12165986	-0.10496766	0.10664567	-0.050995346	0.16191742	-0.122515	0.13436206	-0.13021326	0.049774937	-0.11878247	0.16122864	-0.16928262	0.1755379	-0.20998393	0.14263044	-0.16821091	0.21940441	-0.40316612	0.260168	-0.16882324	0.25043583	-0.4872692	0.99999654	-0.6737702
-0.059445392	0.052076627	-0.074343696	0.05079687	-0.065843716	0.057606515	-0.07132747	0.058433592	-0.075661086	0.08886052	-0.0976231	0.10620767	-0.10457761	0.06721038	-0.065209396	0.09048001	-0.15341756	0.12654214	-0.13214993	0.060010392	-0.20740443	0.14443497	-0.16400312	0.1515219	-0.060016	0.1408622	-0.19427405	0.1864373	-0.2121651	0.2401741	-0.16751765	0.18039054	-0.24034266	0.3066644	-0.45838714	0.17882107	-0.28266957	0.27262115	-0.6737702	0.99999654
