0.99999994	-0.5598653	0.18077849	-0.14423959	0.06148198	-0.7077505	0.3207313	-0.14701067	0.13222449	-0.08243291	0.1654347	-0.120372236	0.093102835	-0.091733195	0.07397078	-0.1740146	0.10683299	-0.08978601	0.08003631	-0.057417963	0.07266176	-0.088291526	0.06936777	-0.078251585	0.066187866	-0.05904898	0.056340072	-0.050545033	0.052113853	-0.06653141	0.07248173	-0.05561896	0.045506522	-0.060846224	0.033380806	-0.014641177	0.013513925	-0.04497501	0.032862734	-0.035637703
-0.5598653	0.9999997	-0.31799492	0.15304363	-0.066741616	0.31455445	-0.6664324	0.20167422	-0.17327136	0.08943596	-0.12456301	0.12461807	-0.1028309	0.10046509	-0.08047041	0.11875284	-0.11419266	0.09383937	-0.08420362	0.06064354	-0.06336653	0.08845611	-0.071059555	0.08005464	-0.06954896	0.050227825	-0.0558083	0.049842913	-0.051466454	0.065241754	-0.06830306	0.05122679	-0.04318524	0.05752858	-0.03185595	0.013564996	-0.012574139	0.042082492	-0.03111784	0.033599235
0.18077849	-0.31799492	0.99999946	-0.4043954	0.16190258	-0.18363453	0.23738025	-0.65145636	0.3185874	-0.22437067	0.11757474	-0.16219926	0.16804886	-0.21339312	0.16201106	-0.1241741	0.15014476	-0.16822012	0.15782122	-0.12159273	0.094636574	-0.15887973	0.12494638	-0.1555593	0.1346613	-0.07539993	0.0991166	-0.0901263	0.09628001	-0.12461556	0.116098344	-0.09051566	0.07811319	-0.10655071	0.059146926	-0.024362454	0.022607341	-0.07750976	0.05746869	-0.062373552
-0.14423959	0.15304363	-0.4043954	0.9999995	-0.51153564	0.12606835	-0.17237146	0.2413932	-0.44766024	0.3056545	-0.11927473	0.15505952	-0.17887819	0.2280363	-0.25019926	0.11624772	-0.17250937	0.16950443	-0.22284336	0.16416343	-0.122900836	0.16523227	-0.14418125	0.18059562	-0.20300749	0.09290185	-0.12512687	0.10642757	-0.11719538	0.14324252	-0.163542	0.105769925	-0.09627424	0.12016347	-0.069506906	0.028287794	-0.02663013	0.08675653	-0.066555396	0.07027949
0.06148198	-0.066741616	0.16190258	-0.51153564	0.9999996	-0.056001507	0.07437177	-0.11107926	0.19743791	-0.78635514	0.055424623	-0.079268724	0.093652084	-0.15202676	0.17068684	-0.055214316	0.08408651	-0.09146752	0.11540377	-0.10570863	0.05649587	-0.08678997	0.07415067	-0.09918839	0.10959734	-0.04338141	0.061530564	-0.05384747	0.059941117	-0.07559433	0.07410253	-0.051010825	0.046336036	-0.06006216	0.034305774	-0.013636517	0.012802394	-0.042779673	0.032791328	-0.034811586
-0.7077505	0.31455445	-0.18363453	0.12606835	-0.056001507	0.9999997	-0.5369926	0.14812216	-0.1398029	0.07437951	-0.2438919	0.12969863	-0.09815377	0.08871829	-0.07225549	0.17897007	-0.11772216	0.089773685	-0.079031624	0.055598974	-0.07489981	0.08663516	-0.06923288	0.07554324	-0.064648725	0.05907243	-0.05563664	0.04944054	-0.05040506	0.06369428	-0.07247185	0.05368207	-0.044054464	0.058137406	-0.031982414	0.014068619	-0.013005757	0.04289924	-0.031462755	0.03398055
0.3207313	-0.6664324	0.23738025	-0.17237146	0.07437177	-0.5369926	0.9999998	-0.2653582	0.17970057	-0.10041342	0.15171292	-0.16936651	0.11915012	-0.11424236	0.089868136	-0.15349714	0.13264476	-0.10980294	0.094835885	-0.068428166	0.07398619	-0.1028267	0.08157017	-0.0913969	0.07813744	-0.0593945	0.063766025	-0.057240866	0.05883324	-0.07476835	0.07789154	-0.059261747	0.049555946	-0.066291414	0.03657822	-0.015662525	0.014498396	-0.04855616	0.035796892	-0.038705215
-0.14701067	0.20167422	-0.65145636	0.2413932	-0.11107926	0.14812216	-0.2653582	0.9999995	-0.6049862	0.15037017	-0.091219164	0.12829114	-0.16071475	0.1703765	-0.12878473	0.09218668	-0.11867221	0.13188066	-0.11954274	0.09050367	-0.06771458	0.11363399	-0.09276999	0.11096728	-0.100649886	0.05354489	-0.0710462	0.06412698	-0.067678556	0.08629457	-0.08134782	0.06179824	-0.05374582	0.07244971	-0.040388934	0.01652822	-0.015370641	0.052325327	-0.03911266	0.04218218
0.13222449	-0.17327136	0.3185874	-0.44766024	0.19743791	-0.1398029	0.17970057	-0.6049862	0.9999995	-0.29286903	0.11000036	-0.16553049	0.18664208	-0.3259571	0.20901345	-0.11533942	0.15619425	-0.18318571	0.18290615	-0.14728299	0.097721055	-0.16924387	0.13544367	-0.17391652	0.15825802	-0.0773979	0.106874816	-0.09703376	0.10478636	-0.13538396	0.122716755	-0.094557434	0.08271626	-0.11258463	0.062749565	-0.025443302	0.023661708	-0.081245504	0.060698774	-0.065640874
-0.08243291	0.08943596	-0.22437067	0.3056545	-0.78635514	0.07437951	-0.10041342	0.15037017	-0.29286903	0.99999934	-0.0724483	0.10251223	-0.12367722	0.19277465	-0.2787804	0.07166856	-0.10999816	0.117487416	-0.15480344	0.1394806	-0.07318999	0.11077482	-0.09605913	0.12762584	-0.15199664	0.056051936	-0.07977778	0.069338284	-0.077535406	0.09672298	-0.095855065	0.06521917	-0.059506025	0.07655412	-0.04392269	0.017410586	-0.016363405	0.05445202	-0.041906297	0.04434847
0.1654347	-0.12456301	0.11757474	-0.11927473	0.055424623	-0.2438919	0.15171292	-0.091219164	0.11000036	-0.0724483	0.9999996	-0.2678973	0.14152794	-0.10542177	0.0871142	-0.848129	0.19599625	-0.13286318	0.106802955	-0.07175087	0.1708632	-0.1350753	0.10429087	-0.10605326	0.08557811	-0.14213695	0.088366	-0.07872042	0.07765718	-0.09829428	0.12762158	-0.09754021	0.07428374	-0.09752362	0.052478082	-0.024912141	0.022823114	-0.07339756	0.052583452	-0.057021033
-0.120372236	0.12461807	-0.16219926	0.15505952	-0.079268724	0.12969863	-0.16936651	0.12829114	-0.16553049	0.10251223	-0.2678973	0.9999997	-0.48409045	0.19007139	-0.15589722	0.20415665	-0.6881905	0.28040263	-0.1868513	0.11761692	-0.11921875	0.2267128	-0.19190691	0.16584066	-0.13940445	0.09202371	-0.12386597	0.10860514	-0.101589955	0.121873654	-0.12563579	0.089907765	-0.07834864	0.10177686	-0.05690902	0.02343506	-0.021871181	0.07248638	-0.054998808	0.058324706
0.093102835	-0.1028309	0.16804886	-0.17887819	0.093652084	-0.09815377	0.11915012	-0.16071475	0.18664208	-0.12367722	0.14152794	-0.48409045	0.9999997	-0.36254144	0.2040505	-0.14323442	0.2943768	-0.631493	0.22579192	-0.15194434	0.10589656	-0.25648096	0.22306603	-0.20653816	0.16453086	-0.084151216	0.13100527	-0.12302265	0.11379439	-0.1388484	0.121447615	-0.09138972	0.08142902	-0.10898594	0.060693298	-0.023944702	0.022373987	-0.07607509	0.058223434	-0.061808027
-0.091733195	0.10046509	-0.21339312	0.2280363	-0.15202676	0.08871829	-0.11424236	0.1703765	-0.3259571	0.19277465	-0.10542177	0.19007139	-0.36254144	0.9999997	-0.646932	0.104309745	-0.19288333	0.23611577	-0.33329967	0.25947112	-0.100160174	0.18563473	-0.16869427	0.2259624	-0.27980256	0.077952385	-0.12416933	0.110491954	-0.12348832	0.15304646	-0.12606552	0.091284014	-0.084342346	0.112072304	-0.06383548	0.024154345	-0.022692394	0.07747094	-0.060420696	0.06369387
0.07397078	-0.08047041	0.16201106	-0.25019926	0.17068684	-0.07225549	0.089868136	-0.12878473	0.20901345	-0.2787804	0.0871142	-0.15589722	0.2040505	-0.646932	0.99999976	-0.08921005	0.15148298	-0.20202091	0.2538045	-0.48516148	0.0891609	-0.1734943	0.14783889	-0.22820169	0.2716013	-0.07015018	0.11241922	-0.10299165	0.11864429	-0.15773219	0.11401444	-0.08579468	0.079083934	-0.10845903	0.060949184	-0.022750808	0.021337269	-0.074214816	0.057671692	-0.061222084
-0.1740146	0.11875284	-0.1241741	0.11624772	-0.055214316	0.17897007	-0.15349714	0.09218668	-0.11533942	0.07166856	-0.848129	0.20415665	-0.14323442	0.104309745	-0.08921005	0.9999999	-0.22574411	0.1296854	-0.110560454	0.072702564	-0.24916516	0.13506688	-0.10787975	0.10630141	-0.08807231	0.15320595	-0.09335527	0.08058728	-0.078565486	0.09760016	-0.14951444	0.09849753	-0.07645979	0.09635498	-0.052368414	0.025015285	-0.023060033	0.07237724	-0.052365065	0.05623659
0.10683299	-0.11419266	0.15014476	-0.17250937	0.08408651	-0.11772216	0.13264476	-0.11867221	0.15619425	-0.10999816	0.19599625	-0.6881905	0.2943768	-0.19288333	0.15148298	-0.22574411	0.99999994	-0.38889182	0.2000592	-0.12707302	0.12972261	-0.38428423	0.23310499	-0.20172325	0.14797623	-0.10407415	0.14323846	-0.13175987	0.11878784	-0.14454275	0.13714717	-0.10438081	0.09011954	-0.12018073	0.06641736	-0.027240915	0.025344577	-0.085301965	0.06432367	-0.06863491
-0.08978601	0.09383937	-0.16822012	0.16950443	-0.09146752	0.089773685	-0.10980294	0.13188066	-0.18318571	0.117487416	-0.13286318	0.28040263	-0.631493	0.23611577	-0.20202091	0.1296854	-0.38889182	0.9999999	-0.3274362	0.1607816	-0.117036656	0.27931193	-0.40313125	0.24078271	-0.18828705	0.09143362	-0.1699611	0.15370643	-0.13411017	0.15355359	-0.13750693	0.09962399	-0.09140356	0.11920101	-0.06725632	0.025943017	-0.024377998	0.08215234	-0.064041875	0.06710101
0.08003631	-0.08420362	0.15782122	-0.22284336	0.11540377	-0.079031624	0.094835885	-0.11954274	0.18290615	-0.15480344	0.106802955	-0.1868513	0.22579192	-0.33329967	0.2538045	-0.110560454	0.2000592	-0.3274362	1.0000001	-0.38159287	0.12095095	-0.28036007	0.25033218	-0.629195	0.29541948	-0.096161425	0.17024928	-0.1631456	0.18828778	-0.23616333	0.1544866	-0.12056879	0.11282753	-0.15990521	0.088345684	-0.03181608	0.029870067	-0.105931535	0.08323705	-0.08805646
-0.057417963	0.06064354	-0.12159273	0.16416343	-0.10570863	0.055598974	-0.068428166	0.09050367	-0.14728299	0.1394806	-0.07175087	0.11761692	-0.15194434	0.25947112	-0.48516148	0.072702564	-0.12707302	0.1607816	-0.38159287	1.0000002	-0.0822162	0.15314561	-0.14133132	0.25565445	-0.6914042	0.06430679	-0.11307145	0.10154213	-0.13277069	0.17115599	-0.107947	0.07951442	-0.07675098	0.1044946	-0.06014407	0.02098461	-0.019815048	0.069283366	-0.0557664	0.05812597
0.07266176	-0.06336653	0.094636574	-0.122900836	0.05649587	-0.07489981	0.07398619	-0.06771458	0.097721055	-0.07318999	0.1708632	-0.11921875	0.10589656	-0.100160174	0.0891609	-0.24916516	0.12972261	-0.117036656	0.12095095	-0.0822162	1.0000002	-0.1838076	0.12920262	-0.13366103	0.102561325	-0.7924022	0.15221877	-0.13542637	0.12679815	-0.16403502	0.28610158	-0.22355728	0.14688006	-0.18935345	0.09827588	-0.0535811	0.048375327	-0.14757898	0.10163084	-0.11086893
-0.088291526	0.08845611	-0.15887973	0.16523227	-0.08678997	0.08663516	-0.1028267	0.11363399	-0.16924387	0.11077482	-0.1350753	0.2267128	-0.25648096	0.18563473	-0.1734943	0.13506688	-0.38428423	0.27931193	-0.28036007	0.15314561	-0.1838076	1.0000005	-0.66713613	0.263666	-0.20230988	0.1332029	-0.28125098	0.22523855	-0.17395407	0.1860685	-0.19076963	0.13024381	-0.120294325	0.1497468	-0.085296825	0.033334535	-0.03146034	0.10318334	-0.08125569	0.08397321
0.06936777	-0.071059555	0.12494638	-0.14418125	0.07415067	-0.06923288	0.08157017	-0.09276999	0.13544367	-0.09605913	0.10429087	-0.19190691	0.22306603	-0.16869427	0.14783889	-0.10787975	0.23310499	-0.40313125	0.25033218	-0.14133132	0.12920262	-0.66713613	1.0000004	-0.38214964	0.17981215	-0.10423639	0.2413607	-0.31905702	0.17465591	-0.18837532	0.14747418	-0.11343128	0.10552919	-0.14120014	0.077180445	-0.028825203	0.027128661	-0.092983104	0.07338584	-0.07620113
-0.078251585	0.08005464	-0.1555593	0.18059562	-0.09918839	0.07554324	-0.0913969	0.11096728	-0.17391652	0.12762584	-0.10605326	0.16584066	-0.20653816	0.2259624	-0.22820169	0.10630141	-0.20172325	0.24078271	-0.629195	0.25565445	-0.13366103	0.263666	-0.38214964	1.0000004	-0.40727776	0.103900805	-0.21295053	0.18985237	-0.26785558	0.24022458	-0.1743861	0.12478696	-0.12464454	0.16688018	-0.09602389	0.032588296	-0.03095496	0.10723151	-0.08882831	0.09029722
0.066187866	-0.06954896	0.1346613	-0.20300749	0.10959734	-0.064648725	0.07813744	-0.100649886	0.15825802	-0.15199664	0.08557811	-0.13940445	0.16453086	-0.27980256	0.2716013	-0.08807231	0.14797623	-0.18828705	0.29541948	-0.6914042	0.102561325	-0.20230988	0.17981215	-0.40727776	1.0000004	-0.0810704	0.1454302	-0.13625176	0.18439819	-0.291179	0.13557975	-0.10435796	0.10078257	-0.14377668	0.08082118	-0.027506024	0.02593604	-0.09290578	0.07471784	-0.07852991
-0.05904898	0.050227825	-0.07539993	0.09290185	-0.04338141	0.05907243	-0.0593945	0.05354489	-0.0773979	0.056051936	-0.14213695	0.09202371	-0.084151216	0.077952385	-0.07015018	0.15320595	-0.10407415	0.09143362	-0.096161425	0.06430679	-0.7924022	0.1332029	-0.10423639	0.103900805	-0.0810704	1.0000006	-0.15633914	0.11865626	-0.10206487	0.1266339	-0.4711158	0.18297088	-0.12552728	0.14383757	-0.07589347	0.042877592	-0.039440256	0.11148371	-0.0784081	0.083509184
0.056340072	-0.0558083	0.0991166	-0.12512687	0.061530564	-0.05563664	0.063766025	-0.0710462	0.106874816	-0.07977778	0.088366	-0.12386597	0.13100527	-0.12416933	0.11241922	-0.09335527	0.14323846	-0.1699611	0.17024928	-0.11307145	0.15221877	-0.28125098	0.2413607	-0.21295053	0.1454302	-0.15633914	1.0000007	-0.79752517	0.25286227	-0.29557955	0.17930703	-0.16838789	0.14873719	-0.20166795	0.10402926	-0.038592454	0.036426958	-0.12582764	0.09943946	-0.10277866
-0.050545033	0.049842913	-0.0901263	0.10642757	-0.05384747	0.04944054	-0.057240866	0.06412698	-0.09703376	0.069338284	-0.07872042	0.10860514	-0.12302265	0.110491954	-0.10299165	0.08058728	-0.13175987	0.15370643	-0.1631456	0.10154213	-0.13542637	0.22523855	-0.31905702	0.18985237	-0.13625176	0.11865626	-0.79752517	1.0000007	-0.35086235	0.24224713	-0.16310176	0.13535461	-0.14202559	0.17474607	-0.09392483	0.03212104	-0.030698916	0.1059324	-0.088474914	0.08752395
0.052113853	-0.051466454	0.09628001	-0.11719538	0.059941117	-0.05040506	0.05883324	-0.067678556	0.10478636	-0.077535406	0.07765718	-0.101589955	0.11379439	-0.12348832	0.11864429	-0.078565486	0.11878784	-0.13411017	0.18828778	-0.13277069	0.12679815	-0.17395407	0.17465591	-0.26785558	0.18439819	-0.10206487	0.25286227	-0.35086235	1.0000008	-0.71935403	0.18363142	-0.15309511	0.1748664	-0.3885651	0.15221938	-0.03851701	0.03706009	-0.14996971	0.13771091	-0.13428625
-0.06653141	0.065241754	-0.12461556	0.14324252	-0.07559433	0.06369428	-0.07476835	0.08629457	-0.13538396	0.09672298	-0.09829428	0.121873654	-0.1388484	0.15304646	-0.15773219	0.09760016	-0.14454275	0.15355359	-0.23616333	0.17115599	-0.16403502	0.1860685	-0.18837532	0.24022458	-0.291179	0.1266339	-0.29557955	0.24224713	-0.71935403	1.0000008	-0.23976561	0.16491319	-0.19505683	0.25935346	-0.17245576	0.042900577	-0.04170361	0.15030868	-0.14295821	0.13786067
0.07248173	-0.06830306	0.116098344	-0.163542	0.07410253	-0.07247185	0.07789154	-0.08134782	0.122716755	-0.095855065	0.12762158	-0.12563579	0.121447615	-0.12606552	0.11401444	-0.14951444	0.13714717	-0.13750693	0.1544866	-0.107947	0.28610158	-0.19076963	0.14747418	-0.1743861	0.13557975	-0.4711158	0.17930703	-0.16310176	0.18363142	-0.23976561	1.000001	-0.51692444	0.27093843	-0.31910744	0.162567	-0.104099214	0.09318778	-0.25572792	0.17236127	-0.18597028
-0.05561896	0.05122679	-0.09051566	0.105769925	-0.051010825	0.05368207	-0.059261747	0.06179824	-0.094557434	0.06521917	-0.09754021	0.089907765	-0.09138972	0.091284014	-0.08579468	0.09849753	-0.10438081	0.09962399	-0.12056879	0.07951442	-0.22355728	0.13024381	-0.11343128	0.12478696	-0.10435796	0.18297088	-0.16838789	0.13535461	-0.15309511	0.16491319	-0.51692444	1.0000011	-0.6829161	0.2528375	-0.1481707	0.11176106	-0.12508392	0.21053651	-0.1649765	0.14161056
0.045506522	-0.04318524	0.07811319	-0.09627424	0.046336036	-0.044054464	0.049555946	-0.05374582	0.08271626	-0.059506025	0.07428374	-0.07834864	0.08142902	-0.084342346	0.079083934	-0.07645979	0.09011954	-0.09140356	0.11282753	-0.07675098	0.14688006	-0.120294325	0.10552919	-0.12464454	0.10078257	-0.12552728	0.14873719	-0.14202559	0.1748664	-0.19505683	0.27093843	-0.6829161	1.0000007	-0.4437301	0.1857517	-0.09180012	0.08831359	-0.36028507	0.22224277	-0.19366314
-0.060846224	0.05752858	-0.10655071	0.12016347	-0.06006216	0.058137406	-0.066291414	0.07244971	-0.11258463	0.07655412	-0.09752362	0.10177686	-0.10898594	0.112072304	-0.10845903	0.09635498	-0.12018073	0.11920101	-0.15990521	0.1044946	-0.18935345	0.1497468	-0.14120014	0.16688018	-0.14377668	0.14383757	-0.20166795	0.17474607	-0.3885651	0.25935346	-0.31910744	0.2528375	-0.4437301	1.0000006	-0.40799746	0.06437292	-0.064173125	0.2806145	-0.37618327	0.26602173
0.033380806	-0.03185595	0.059146926	-0.069506906	0.034305774	-0.031982414	0.03657822	-0.040388934	0.062749565	-0.04392269	0.052478082	-0.05690902	0.060693298	-0.06383548	0.060949184	-0.052368414	0.06641736	-0.06725632	0.088345684	-0.06014407	0.09827588	-0.085296825	0.077180445	-0.09602389	0.08082118	-0.07589347	0.10402926	-0.09392483	0.15221938	-0.17245576	0.162567	-0.1481707	0.1857517	-0.40799746	1.0000006	-0.045820933	0.04434842	-0.2849801	0.267821	-0.7993255
-0.014641177	0.013564996	-0.024362454	0.028287794	-0.013636517	0.014068619	-0.015662525	0.01652822	-0.025443302	0.017410586	-0.024912141	0.02343506	-0.023944702	0.024154345	-0.022750808	0.025015285	-0.027240915	0.025943017	-0.03181608	0.02098461	-0.0535811	0.033334535	-0.028825203	0.032588296	-0.027506024	0.042877592	-0.038592454	0.03212104	-0.03851701	0.042900577	-0.104099214	0.11176106	-0.09180012	0.06437292	-0.045820933	1.0000007	-0.97975004	0.08044879	-0.060854625	0.04395942
0.013513925	-0.012574139	0.022607341	-0.02663013	0.012802394	-0.013005757	0.014498396	-0.015370641	0.023661708	-0.016363405	0.022823114	-0.021871181	0.022373987	-0.022692394	0.021337269	-0.023060033	0.025344577	-0.024377998	0.029870067	-0.019815048	0.048375327	-0.03146034	0.027128661	-0.03095496	0.02593604	-0.039440256	0.036426958	-0.030698916	0.03706009	-0.04170361	0.09318778	-0.12508392	0.08831359	-0.064173125	0.04434842	-0.97975004	1.0000006	-0.08644465	0.059587806	-0.04372739
-0.04497501	0.042082492	-0.07750976	0.08675653	-0.042779673	0.04289924	-0.04855616	0.052325327	-0.081245504	0.05445202	-0.07339756	0.07248638	-0.07607509	0.07747094	-0.074214816	0.07237724	-0.085301965	0.08215234	-0.105931535	0.069283366	-0.14757898	0.10318334	-0.092983104	0.10723151	-0.09290578	0.11148371	-0.12582764	0.1059324	-0.14996971	0.15030868	-0.25572792	0.21053651	-0.36028507	0.2806145	-0.2849801	0.08044879	-0.08644465	1.0000004	-0.74841917	0.25308356
0.032862734	-0.03111784	0.05746869	-0.066555396	0.032791328	-0.031462755	0.035796892	-0.03911266	0.060698774	-0.041906297	0.052583452	-0.054998808	0.058223434	-0.060420696	0.057671692	-0.052365065	0.06432367	-0.064041875	0.08323705	-0.0557664	0.10163084	-0.08125569	0.07338584	-0.08882831	0.07471784	-0.0784081	0.09943946	-0.088474914	0.13771091	-0.14295821	0.17236127	-0.1649765	0.22224277	-0.37618327	0.267821	-0.060854625	0.059587806	-0.74841917	1.0000004	-0.41644922
-0.035637703	0.033599235	-0.062373552	0.07027949	-0.034811586	0.03398055	-0.038705215	0.04218218	-0.065640874	0.04434847	-0.057021033	0.058324706	-0.061808027	0.06369387	-0.061222084	0.05623659	-0.06863491	0.06710101	-0.08805646	0.05812597	-0.11086893	0.08397321	-0.07620113	0.09029722	-0.07852991	0.083509184	-0.10277866	0.08752395	-0.13428625	0.13786067	-0.18597028	0.14161056	-0.19366314	0.26602173	-0.7993255	0.04395942	-0.04372739	0.25308356	-0.41644922	1.0000004
