1.0	-0.88507444	0.1538463	-0.04996328	0.052481517	-0.35079524	0.2216815	-0.1196932	0.08091268	-0.026823152	0.13468711	-0.11004472	0.06842484	-0.078797586	0.026914302	-0.075679354	0.085368775	-0.07956323	0.076487124	-0.0696305	0.08601999	-0.07696096	0.054194618	-0.049249124	0.04944671	-0.05507862	0.04932153	-0.043151494	0.052641623	-0.039642405	0.03886703	-0.047306553	0.05035065	-0.03156893	0.03652741	-0.030650351	0.030891629	-0.028141128	0.029682996	-0.13092898
-0.88507444	1.0000001	-0.20532608	0.05792018	-0.061818168	0.24769184	-0.29084492	0.13158995	-0.0905377	0.029822528	-0.14453688	0.11618074	-0.07458201	0.08556997	-0.030033028	0.08017938	-0.093304574	0.08567326	-0.08402278	0.07535127	-0.09457966	0.08211953	-0.05911418	0.05353718	-0.05406673	0.059003178	-0.05320991	0.046880137	-0.05755483	0.04316224	-0.04197529	0.05076842	-0.054922294	0.03439344	-0.03992166	0.03292378	-0.033339437	0.03027661	-0.032016765	0.13773221
0.1538463	-0.20532608	0.9999998	-0.29429135	0.22262453	-0.24815403	0.25199518	-0.58162045	0.26927742	-0.0951845	0.18344676	-0.18575272	0.18950571	-0.25634855	0.09280144	-0.13599956	0.16314444	-0.22703418	0.21479498	-0.21314234	0.17332113	-0.17924616	0.14502856	-0.13464983	0.13932154	-0.12780926	0.116884455	-0.11612162	0.1445946	-0.11189585	0.09388658	-0.11688968	0.13532503	-0.087787025	0.101417966	-0.07592641	0.07740378	-0.08368407	0.08761358	-0.47935003
-0.04996328	0.05792018	-0.29429135	0.99999976	-0.9053981	0.08384569	-0.092893824	0.17415603	-0.1778706	0.10753677	-0.069788426	0.07141537	-0.08087151	0.12444229	-0.109562285	0.052287683	-0.06398248	0.09286199	-0.0943181	0.09419983	-0.067456655	0.06891866	-0.059598353	0.05563491	-0.05956437	0.049012184	-0.04536772	0.046599567	-0.059701007	0.04644834	-0.036210034	0.0448522	-0.0542573	0.035631113	-0.041475676	0.028997995	-0.02972353	0.031115588	-0.03275172	0.15916368
0.052481517	-0.061818168	0.22262453	-0.9053981	0.99999994	-0.0963317	0.10352652	-0.1951564	0.16217266	-0.13550588	0.07917084	-0.08173141	0.09029503	-0.14027295	0.11478217	-0.060013607	0.07298121	-0.10736586	0.10634065	-0.111613266	0.07725307	-0.0803499	0.06831426	-0.0640881	0.06855807	-0.057096723	0.05266535	-0.053965006	0.06870874	-0.053912457	0.042123668	-0.052403476	0.06264947	-0.041277554	0.04787181	-0.03390561	0.03467829	-0.036910765	0.038736615	-0.19680929
-0.35079524	0.24769184	-0.24815403	0.08384569	-0.0963317	0.9999998	-0.63411015	0.20519684	-0.16344061	0.05204185	-0.46447718	0.26597273	-0.14808422	0.1558641	-0.052905865	0.19120866	-0.21657787	0.16583745	-0.16301014	0.13962209	-0.21701717	0.16902228	-0.116722055	0.104443826	-0.10422688	0.12243002	-0.11001999	0.092006505	-0.11216861	0.08300606	-0.08603956	0.10226777	-0.10801977	0.06655427	-0.07738753	0.0663744	-0.067182876	0.05663793	-0.060181838	0.22682065
0.2216815	-0.29084492	0.25199518	-0.092893824	0.10352652	-0.63411015	0.9999999	-0.30984315	0.19543058	-0.062341683	0.28987628	-0.37240306	0.18002325	-0.2018725	0.062525526	-0.19251725	0.2185121	-0.2101109	0.18668464	-0.17246543	0.20430303	-0.20408083	0.13454865	-0.12317931	0.12044652	-0.14327222	0.12606305	-0.1074015	0.12854658	-0.09757776	0.09873148	-0.12246021	0.12374317	-0.07756452	0.088967144	-0.07894476	0.07838379	-0.069788575	0.073235594	-0.3235394
-0.1196932	0.13158995	-0.58162045	0.17415603	-0.1951564	0.20519684	-0.30984315	1.0	-0.53622997	0.09976262	-0.18592542	0.18623157	-0.2547195	0.2788291	-0.1022385	0.13263163	-0.16836247	0.22487818	-0.23244362	0.18458486	-0.1723985	0.15993515	-0.1444332	0.13002446	-0.13227195	0.11431841	-0.10692611	0.107752055	-0.13790146	0.10309986	-0.08462022	0.10254608	-0.12722543	0.08085905	-0.094904594	0.06621786	-0.06839155	0.06585779	-0.07021859	0.27704233
0.08091268	-0.0905377	0.26927742	-0.1778706	0.16217266	-0.16344061	0.19543058	-0.53622997	0.99999994	-0.14622201	0.15710454	-0.17687178	0.25629222	-0.62553865	0.12881902	-0.11999762	0.15175635	-0.27897936	0.22169375	-0.1992446	0.1476439	-0.15039076	0.13465011	-0.12687738	0.123107284	-0.105186306	0.097558565	-0.099852294	0.12500605	-0.09798942	0.07653501	-0.09468039	0.11382348	-0.074337274	0.08548058	-0.06075958	0.062024448	-0.060803697	0.06398973	-0.26745808
-0.026823152	0.029822528	-0.0951845	0.10753677	-0.13550588	0.05204185	-0.062341683	0.09976262	-0.14622201	0.99999994	-0.050956324	0.052482378	-0.06716287	0.11071526	-0.9545111	0.03938787	-0.049322564	0.07409261	-0.10578852	0.12960087	-0.052697282	0.054656036	-0.056718178	0.054571617	-0.07343294	0.038749624	-0.037171002	0.04345635	-0.062381368	0.049926393	-0.029336154	0.03616577	-0.050652333	0.03544541	-0.0425721	0.023100762	-0.024087716	0.024674743	-0.026300665	0.09297587
0.13468711	-0.14453688	0.18344676	-0.069788426	0.07917084	-0.46447718	0.28987628	-0.18592542	0.15710454	-0.050956324	0.99999994	-0.5968983	0.18666139	-0.17910203	0.051383253	-0.40791574	0.29997882	-0.214558	0.16736458	-0.14893836	0.25084043	-0.22364226	0.126678	-0.11483289	0.10619103	-0.15758516	0.13315006	-0.100254774	0.115298435	-0.08691448	0.10104542	-0.12374833	0.11355033	-0.06934028	0.07871414	-0.079602845	0.077588856	-0.06051935	0.06336916	-0.23655355
-0.11004472	0.11618074	-0.18575272	0.07141537	-0.08173141	0.26597273	-0.37240306	0.18623157	-0.17687178	0.052482378	-0.5968983	0.9999999	-0.29413214	0.19136952	-0.053527784	0.2771497	-0.5029603	0.23690937	-0.17933545	0.1451599	-0.25265357	0.19884446	-0.12886882	0.114094526	-0.10591532	0.13820323	-0.124440745	0.09721661	-0.11464533	0.08532877	-0.09301968	0.11072346	-0.11142382	0.067867085	-0.077790715	0.0714076	-0.07137007	0.056842506	-0.060037985	0.21041682
0.06842484	-0.07458201	0.18950571	-0.08087151	0.09029503	-0.14808422	0.18002325	-0.2547195	0.25629222	-0.06716287	0.18666139	-0.29413214	0.99999994	-0.4996288	0.0684545	-0.14064892	0.19615212	-0.69501233	0.22118849	-0.16238411	0.15095441	-0.14648075	0.1423248	-0.12902981	0.107731774	-0.10012861	0.093319945	-0.09415095	0.11302361	-0.08655099	0.07107057	-0.08699176	0.10425781	-0.06622134	0.075342305	-0.055527575	0.056514207	-0.05154671	0.054315157	-0.19198985
-0.078797586	0.08556997	-0.25634855	0.12444229	-0.14027295	0.1558641	-0.2018725	0.2788291	-0.62553865	0.11071526	-0.17910203	0.19136952	-0.4996288	0.9999999	-0.11954842	0.12984382	-0.17500427	0.2899768	-0.30757657	0.19426216	-0.16358277	0.1536518	-0.15533124	0.14157048	-0.13214098	0.10803961	-0.102295384	0.10695912	-0.13609846	0.10295649	-0.07946952	0.096495464	-0.123464264	0.07886413	-0.09156964	0.06184835	-0.063876055	0.060285818	-0.06415862	0.2241248
0.026914302	-0.030033028	0.09280144	-0.109562285	0.11478217	-0.052905865	0.062525526	-0.1022385	0.12881902	-0.9545111	0.051383253	-0.053527784	0.0684545	-0.11954842	0.9999998	-0.03988364	0.04982454	-0.07689851	0.10470609	-0.15552282	0.05292479	-0.055467155	0.056626115	-0.054948583	0.07337745	-0.039217427	0.03746251	-0.04351987	0.061810866	-0.05075619	0.029551903	-0.036554612	0.050365403	-0.03541747	0.042212155	-0.023343086	0.024262462	-0.024910659	0.026463283	-0.09649688
-0.075679354	0.08017938	-0.13599956	0.052287683	-0.060013607	0.19120866	-0.19251725	0.13263163	-0.11999762	0.03938787	-0.40791574	0.2771497	-0.14064892	0.12984382	-0.03988364	0.99999994	-0.613613	0.16972798	-0.14043292	0.120806485	-0.5591648	0.22592114	-0.11332612	0.0995787	-0.09038925	0.1686382	-0.14237764	0.09021979	-0.100476295	0.07421434	-0.10389423	0.118247	-0.102255665	0.059997912	-0.06793615	0.07678581	-0.07529811	0.05211119	-0.054742683	0.17761917
0.085368775	-0.093304574	0.16314444	-0.06398248	0.07298121	-0.21657787	0.2185121	-0.16836247	0.15175635	-0.049322564	0.29997882	-0.5029603	0.19615212	-0.17500427	0.04982454	-0.613613	0.99999964	-0.27544498	0.17353547	-0.15054628	0.29276168	-0.30088505	0.13894933	-0.12386547	0.10881123	-0.18347669	0.1584243	-0.10778627	0.119876444	-0.08979859	0.112895645	-0.13762112	0.12013333	-0.07182077	0.080862835	-0.08786945	0.08507963	-0.061889313	0.06470043	-0.21960874
-0.07956323	0.08567326	-0.22703418	0.09286199	-0.10736586	0.16583745	-0.2101109	0.22487818	-0.27897936	0.07409261	-0.214558	0.23690937	-0.69501233	0.2899768	-0.07689851	0.16972798	-0.27544498	0.9999995	-0.35020715	0.20306575	-0.19591214	0.18156171	-0.22075485	0.1758885	-0.1434966	0.12468741	-0.119156025	0.12561429	-0.15232448	0.11352767	-0.090096235	0.10909687	-0.14044863	0.0872943	-0.099901564	0.06955708	-0.071605854	0.06544581	-0.06943544	0.22260164
0.076487124	-0.08402278	0.21479498	-0.0943181	0.10634065	-0.16301014	0.18668464	-0.23244362	0.22169375	-0.10578852	0.16736458	-0.17933545	0.22118849	-0.30757657	0.10470609	-0.14043292	0.17353547	-0.35020715	0.99999946	-0.5794112	0.1852741	-0.2300578	0.25808617	-0.37795883	0.24289869	-0.15292849	0.14603364	-0.17940855	0.22711205	-0.19961691	0.11189624	-0.14295813	0.18640184	-0.13480206	0.14787033	-0.08958183	0.091449544	-0.092052706	0.095326774	-0.32922074
-0.0696305	0.07535127	-0.21314234	0.09419983	-0.111613266	0.13962209	-0.17246543	0.18458486	-0.1992446	0.12960087	-0.14893836	0.1451599	-0.16238411	0.19426216	-0.15552282	0.120806485	-0.15054628	0.20306575	-0.5794112	0.99999946	-0.17513795	0.19211443	-0.24515943	0.24644274	-0.48911527	0.13653356	-0.13698547	0.18836874	-0.3080141	0.256874	-0.10744907	0.13266432	-0.2200993	0.16615026	-0.20668827	0.08367346	-0.08919559	0.09435698	-0.101705395	0.2586091
0.08601999	-0.09457966	0.17332113	-0.067456655	0.07725307	-0.21701717	0.20430303	-0.1723985	0.1476439	-0.052697282	0.25084043	-0.25265357	0.15095441	-0.16358277	0.05292479	-0.5591648	0.29276168	-0.19591214	0.1852741	-0.17513795	0.9999996	-0.44278032	0.16604713	-0.14867544	0.1302468	-0.3742467	0.24770045	-0.14094114	0.14742824	-0.109820694	0.1825539	-0.2147866	0.1554613	-0.0896679	0.09961828	-0.13942596	0.12961335	-0.08168357	0.08465597	-0.27198267
-0.07696096	0.08211953	-0.17924616	0.06891866	-0.0803499	0.16902228	-0.20408083	0.15993515	-0.15039076	0.054656036	-0.22364226	0.19884446	-0.14648075	0.1536518	-0.055467155	0.22592114	-0.30088505	0.18156171	-0.2300578	0.19211443	-0.44278032	0.99999946	-0.29079115	0.20058072	-0.17054382	0.29437828	-0.5566951	0.19647418	-0.2045919	0.13968945	-0.2125477	0.22868888	-0.22215185	0.11668332	-0.13238019	0.14280649	-0.15437981	0.09616805	-0.10291902	0.23512088
0.054194618	-0.05911418	0.14502856	-0.059598353	0.06831426	-0.116722055	0.13454865	-0.1444332	0.13465011	-0.056718178	0.126678	-0.12886882	0.1423248	-0.15533124	0.056626115	-0.11332612	0.13894933	-0.22075485	0.25808617	-0.24515943	0.16604713	-0.29079115	0.9999995	-0.73800504	0.19964899	-0.1516653	0.16479926	-0.33660525	0.24829668	-0.1856425	0.11048549	-0.143492	0.23133443	-0.13965201	0.13896017	-0.086162485	0.089489214	-0.09244103	0.09289087	-0.23686081
-0.049249124	0.05353718	-0.13464983	0.05563491	-0.0640881	0.104443826	-0.12317931	0.13002446	-0.12687738	0.054571617	-0.11483289	0.114094526	-0.12902981	0.14157048	-0.054948583	0.0995787	-0.12386547	0.1758885	-0.37795883	0.24644274	-0.14867544	0.20058072	-0.73800504	0.9999992	-0.26507756	0.12643403	-0.13923405	0.23003826	-0.3373929	0.20269261	-0.09676845	0.12201016	-0.22389193	0.1451168	-0.15287387	0.07464342	-0.079186745	0.08371109	-0.08718225	0.20594737
0.04944671	-0.05406673	0.13932154	-0.05956437	0.06855807	-0.10422688	0.12044652	-0.13227195	0.123107284	-0.07343294	0.10619103	-0.10591532	0.107731774	-0.13214098	0.07337745	-0.09038925	0.10881123	-0.1434966	0.24289869	-0.48911527	0.1302468	-0.17054382	0.19964899	-0.26507756	0.99999946	-0.11769338	0.115401186	-0.18110086	0.28697836	-0.67467314	0.08913031	-0.116638854	0.17694157	-0.18615367	0.19788107	-0.07190762	0.07434952	-0.0832723	0.08488291	-0.24366042
-0.05507862	0.059003178	-0.12780926	0.049012184	-0.057096723	0.12243002	-0.14327222	0.11431841	-0.105186306	0.038749624	-0.15758516	0.13820323	-0.10012861	0.10803961	-0.039217427	0.1686382	-0.18347669	0.12468741	-0.15292849	0.13653356	-0.3742467	0.29437828	-0.1516653	0.12643403	-0.11769338	0.9999994	-0.6152867	0.15626521	-0.14528714	0.09988032	-0.47392568	0.2837221	-0.17953187	0.086668506	-0.09641125	0.20266123	-0.20623007	0.08476774	-0.0898024	0.17746204
0.04932153	-0.05320991	0.116884455	-0.04536772	0.05266535	-0.11001999	0.12606305	-0.10692611	0.097558565	-0.037171002	0.13315006	-0.124440745	0.093319945	-0.102295384	0.03746251	-0.14237764	0.1584243	-0.119156025	0.14603364	-0.13698547	0.24770045	-0.5566951	0.16479926	-0.13923405	0.115401186	-0.6152867	0.99999934	-0.2079943	0.14780553	-0.10279712	0.25525758	-0.35994068	0.18715301	-0.08902441	0.09492663	-0.1774648	0.17393637	-0.08300639	0.08534476	-0.17380813
-0.043151494	0.046880137	-0.11612162	0.046599567	-0.053965006	0.092006505	-0.1074015	0.107752055	-0.099852294	0.04345635	-0.100254774	0.09721661	-0.09415095	0.10695912	-0.04351987	0.09021979	-0.10778627	0.12561429	-0.17940855	0.18836874	-0.14094114	0.19647418	-0.33660525	0.23003826	-0.18110086	0.15626521	-0.2079943	0.99999934	-0.3972339	0.18965882	-0.12659323	0.1684547	-0.73710376	0.18122008	-0.17455687	0.095397465	-0.10660927	0.13706787	-0.14180326	0.19649915
0.052641623	-0.05755483	0.1445946	-0.059701007	0.06870874	-0.11216861	0.12854658	-0.13790146	0.12500605	-0.062381368	0.115298435	-0.11464533	0.11302361	-0.13609846	0.061810866	-0.100476295	0.119876444	-0.15232448	0.22711205	-0.3080141	0.14742824	-0.2045919	0.24829668	-0.3373929	0.28697836	-0.14528714	0.14780553	-0.3972339	0.99999934	-0.5166818	0.11020897	-0.14835855	0.2675529	-0.37862587	0.26880342	-0.088867486	0.092600204	-0.112959765	0.1118971	-0.26691538
-0.039642405	0.04316224	-0.11189585	0.04644834	-0.053912457	0.08300606	-0.09757776	0.10309986	-0.09798942	0.049926393	-0.08691448	0.08532877	-0.08655099	0.10295649	-0.05075619	0.07421434	-0.08979859	0.11352767	-0.19961691	0.256874	-0.109820694	0.13968945	-0.1856425	0.20269261	-0.67467314	0.09988032	-0.10279712	0.18965882	-0.5166818	0.99999934	-0.07866529	0.10180618	-0.19830741	0.22921331	-0.31670928	0.062350735	-0.06631386	0.079274364	-0.082925774	0.18407655
0.03886703	-0.04197529	0.09388658	-0.036210034	0.042123668	-0.08603956	0.09873148	-0.08462022	0.07653501	-0.029336154	0.10104542	-0.09301968	0.07107057	-0.07946952	0.029551903	-0.10389423	0.112895645	-0.090096235	0.11189624	-0.10744907	0.1825539	-0.2125477	0.11048549	-0.09676845	0.08913031	-0.47392568	0.25525758	-0.12659323	0.11020897	-0.07866529	0.9999993	-0.574304	0.14794597	-0.070056684	0.07513205	-0.51936126	0.3022045	-0.08612093	0.086498864	-0.14556232
-0.047306553	0.05076842	-0.11688968	0.0448522	-0.052403476	0.10226777	-0.12246021	0.10254608	-0.09468039	0.03616577	-0.12374833	0.11072346	-0.08699176	0.096495464	-0.036554612	0.118247	-0.13762112	0.10909687	-0.14295813	0.13266432	-0.2147866	0.22868888	-0.143492	0.12201016	-0.116638854	0.2837221	-0.35994068	0.1684547	-0.14835855	0.10180618	-0.574304	0.9999991	-0.23812708	0.093418606	-0.10150498	0.30612665	-0.5142306	0.11593629	-0.12114127	0.17014393
0.05035065	-0.054922294	0.13532503	-0.0542573	0.06264947	-0.10801977	0.12374317	-0.12722543	0.11382348	-0.050652333	0.11355033	-0.11142382	0.10425781	-0.123464264	0.050365403	-0.102255665	0.12013333	-0.14044863	0.18640184	-0.2200993	0.1554613	-0.22215185	0.23133443	-0.22389193	0.17694157	-0.17953187	0.18715301	-0.73710376	0.2675529	-0.19830741	0.14794597	-0.23812708	0.99999887	-0.2295946	0.18328512	-0.11906145	0.12977193	-0.21797462	0.17385913	-0.25538352
-0.03156893	0.03439344	-0.087787025	0.035631113	-0.041277554	0.06655427	-0.07756452	0.08085905	-0.074337274	0.03544541	-0.06934028	0.067867085	-0.06622134	0.07886413	-0.03541747	0.059997912	-0.07182077	0.0872943	-0.13480206	0.16615026	-0.0896679	0.11668332	-0.13965201	0.1451168	-0.18615367	0.086668506	-0.08902441	0.18122008	-0.37862587	0.22921331	-0.070056684	0.093418606	-0.2295946	0.9999986	-0.8370032	0.05687149	-0.061280407	0.09474333	-0.10316412	0.15736453
0.03652741	-0.03992166	0.101417966	-0.041475676	0.04787181	-0.07738753	0.088967144	-0.094904594	0.08548058	-0.0425721	0.07871414	-0.077790715	0.075342305	-0.09156964	0.042212155	-0.06793615	0.080862835	-0.099901564	0.14787033	-0.20668827	0.09961828	-0.13238019	0.13896017	-0.15287387	0.19788107	-0.09641125	0.09492663	-0.17455687	0.26880342	-0.31670928	0.07513205	-0.10150498	0.18328512	-0.8370032	0.9999984	-0.062025685	0.064875804	-0.09409275	0.094261475	-0.19529694
-0.030650351	0.03292378	-0.07592641	0.028997995	-0.03390561	0.0663744	-0.07894476	0.06621786	-0.06075958	0.023100762	-0.079602845	0.0714076	-0.055527575	0.06184835	-0.023343086	0.07678581	-0.08786945	0.06955708	-0.08958183	0.08367346	-0.13942596	0.14280649	-0.086162485	0.07464342	-0.07190762	0.20266123	-0.1774648	0.095397465	-0.088867486	0.062350735	-0.51936126	0.30612665	-0.11906145	0.05687149	-0.062025685	0.9999982	-0.7508492	0.09955476	-0.10334977	0.11328663
0.030891629	-0.033339437	0.07740378	-0.02972353	0.03467829	-0.067182876	0.07838379	-0.06839155	0.062024448	-0.024087716	0.077588856	-0.07137007	0.056514207	-0.063876055	0.024262462	-0.07529811	0.08507963	-0.071605854	0.091449544	-0.08919559	0.12961335	-0.15437981	0.089489214	-0.079186745	0.07434952	-0.20623007	0.17393637	-0.10660927	0.092600204	-0.06631386	0.3022045	-0.5142306	0.12977193	-0.061280407	0.064875804	-0.7508492	0.9999981	-0.13347498	0.116437584	-0.12492401
-0.028141128	0.03027661	-0.08368407	0.031115588	-0.036910765	0.05663793	-0.069788575	0.06585779	-0.060803697	0.024674743	-0.06051935	0.056842506	-0.05154671	0.060285818	-0.024910659	0.05211119	-0.061889313	0.06544581	-0.092052706	0.09435698	-0.08168357	0.09616805	-0.09244103	0.08371109	-0.0832723	0.08476774	-0.08300639	0.13706787	-0.112959765	0.079274364	-0.08612093	0.11593629	-0.21797462	0.09474333	-0.09409275	0.09955476	-0.13347498	0.99999803	-0.9286279	0.15507421
0.029682996	-0.032016765	0.08761358	-0.03275172	0.038736615	-0.060181838	0.073235594	-0.07021859	0.06398973	-0.026300665	0.06336916	-0.060037985	0.054315157	-0.06415862	0.026463283	-0.054742683	0.06470043	-0.06943544	0.095326774	-0.101705395	0.08465597	-0.10291902	0.09289087	-0.08718225	0.08488291	-0.0898024	0.08534476	-0.14180326	0.1118971	-0.082925774	0.086498864	-0.12114127	0.17385913	-0.10316412	0.094261475	-0.10334977	0.116437584	-0.9286279	0.999998	-0.19569334
-0.13092898	0.13773221	-0.47935003	0.15916368	-0.19680929	0.22682065	-0.3235394	0.27704233	-0.26745808	0.09297587	-0.23655355	0.21041682	-0.19198985	0.2241248	-0.09649688	0.17761917	-0.21960874	0.22260164	-0.32922074	0.2586091	-0.27198267	0.23512088	-0.23686081	0.20594737	-0.24366042	0.17746204	-0.17380813	0.19649915	-0.26691538	0.18407655	-0.14556232	0.17014393	-0.25538352	0.15736453	-0.19529694	0.11328663	-0.12492401	0.15507421	-0.19569334	0.999998
