1.0000001	-0.95390636	0.1114653	-0.07250844	0.066597976	-0.19318527	0.14680171	-0.10096517	0.07050708	-0.05709637	0.07342074	-0.06988203	0.075868934	-0.07599461	0.058130432	-0.04705407	0.045085732	-0.06031915	0.052384824	-0.048573002	0.053719662	-0.04200678	0.061560806	-0.0667251	0.04448336	-0.026712855	0.028129283	-0.041772805	0.03477016	-0.045538254	0.022187272	-0.025693282	0.032582067	-0.028868608	0.030554624	-0.027756961	0.023684602	-0.035443738	0.02549257	-0.03742266
-0.95390636	1.0	-0.13324521	0.076791376	-0.073291905	0.15753722	-0.16243283	0.10389529	-0.077084325	0.060217377	-0.078717776	0.07211548	-0.08056434	0.076226674	-0.06089297	0.048854265	-0.04746597	0.062105376	-0.053675294	0.049569968	-0.056862973	0.04374508	-0.06497971	0.066761084	-0.045440804	0.027218169	-0.02883231	0.0417339	-0.0350086	0.04561607	-0.022463158	0.02594325	-0.03280063	0.028939176	-0.030722922	0.027833108	-0.023816748	0.035328865	-0.025506759	0.0372802
0.1114653	-0.13324521	0.99999994	-0.54593104	0.23527387	-0.16846667	0.15651882	-0.64051294	0.30382192	-0.22389007	0.13395083	-0.14485693	0.21930759	-0.21431544	0.15847462	-0.105334826	0.10206541	-0.17079985	0.13902007	-0.13332643	0.11834178	-0.09873958	0.1466039	-0.17332384	0.113521226	-0.06473306	0.06766262	-0.105983816	0.08807809	-0.11716154	0.054593947	-0.06350405	0.081702374	-0.07293851	0.07693278	-0.06924809	0.059001144	-0.08951291	0.06424619	-0.09475264
-0.07250844	0.076791376	-0.54593104	0.9999999	-0.44244885	0.10139848	-0.1014676	0.2909978	-0.6094767	0.27901882	-0.0967135	0.09707787	-0.15549234	0.15779471	-0.15250868	0.07551983	-0.075164385	0.11726852	-0.10675311	0.11314584	-0.08970013	0.07265656	-0.111481585	0.12970656	-0.09152924	0.048238438	-0.050850634	0.08042609	-0.06788966	0.09144304	-0.04108118	0.04770016	-0.062287234	0.05555907	-0.058843542	0.05184111	-0.04443292	0.06722058	-0.048581224	0.07133605
0.066597976	-0.073291905	0.23527387	-0.44244885	0.9999995	-0.10493203	0.09870508	-0.24626054	0.30697075	-0.715525	0.11126612	-0.11062819	0.16507664	-0.22713196	0.23259547	-0.095462576	0.094986156	-0.14546217	0.14997087	-0.18657474	0.11584056	-0.09431772	0.14239995	-0.19347924	0.13790104	-0.068155915	0.071275905	-0.12308768	0.102825694	-0.14353359	0.059806924	-0.06989319	0.09334638	-0.084348924	0.08874119	-0.0772691	0.06604352	-0.1023363	0.07358571	-0.10906253
-0.19318527	0.15753722	-0.16846667	0.10139848	-0.10493203	0.9999993	-0.89145005	0.18140566	-0.12331919	0.08613054	-0.2105147	0.18036096	-0.1493003	0.11637391	-0.088538736	0.09128402	-0.08526698	0.104093365	-0.08289702	0.07276997	-0.095981196	0.07312375	-0.10410333	0.09882706	-0.06646756	0.042144246	-0.04492953	0.060818095	-0.05120952	0.06583989	-0.033915497	0.039012328	-0.048303667	0.042301364	-0.04499208	0.04126253	-0.03534632	0.051534053	-0.037301514	0.054205857
0.14680171	-0.16243283	0.15651882	-0.1014676	0.09870508	-0.89145005	0.9999991	-0.23129213	0.11832325	-0.085799955	0.17924094	-0.21821038	0.14883192	-0.12099298	0.08707473	-0.08897101	0.08138216	-0.10671135	0.0835103	-0.07344953	0.09066026	-0.07122529	0.100487515	-0.101308	0.066585325	-0.04193411	0.044387437	-0.06203174	0.051869243	-0.06708062	0.034008242	-0.03924541	0.048846822	-0.042992145	0.04558297	-0.041839458	0.035737626	-0.05264922	0.03796391	-0.055431534
-0.10096517	0.10389529	-0.64051294	0.2909978	-0.24626054	0.18140566	-0.23129213	0.99999934	-0.44755822	0.21019843	-0.16002154	0.16577123	-0.36961523	0.20391764	-0.16220343	0.11067422	-0.11104565	0.18467093	-0.14308104	0.12828492	-0.12654912	0.10367849	-0.16278689	0.16335708	-0.11057279	0.06337046	-0.0672718	0.098190755	-0.08321837	0.108808264	-0.05244912	0.06060338	-0.07721161	0.06815238	-0.07243712	0.06486691	-0.05565172	0.082477815	-0.059764188	0.087148644
0.07050708	-0.077084325	0.30382192	-0.6094767	0.30697075	-0.12331919	0.11832325	-0.44755822	0.99999905	-0.4782073	0.111231945	-0.11587141	0.18098786	-0.19748111	0.18044396	-0.088748164	0.08756277	-0.1421492	0.12797898	-0.13893554	0.10351104	-0.08503968	0.12882857	-0.1560784	0.108747944	-0.056967128	0.059851643	-0.096271254	0.08098982	-0.10986095	0.048690576	-0.056633126	0.07414875	-0.06634674	0.070113555	-0.061763883	0.052865744	-0.08040321	0.058003895	-0.085379556
-0.05709637	0.060217377	-0.22389007	0.27901882	-0.715525	0.08613054	-0.085799955	0.21019843	-0.4782073	0.99999917	-0.09771676	0.09416654	-0.14918154	0.18792126	-0.33080792	0.080637835	-0.081792064	0.123672	-0.13253313	0.17134957	-0.10026339	0.08007135	-0.12496413	0.15707825	-0.12409696	0.055632506	-0.05900441	0.09834502	-0.084933355	0.117671184	-0.04857596	0.056424282	-0.07609975	0.06815697	-0.07246658	0.061397675	-0.053042486	0.08065892	-0.058831047	0.086082
0.07342074	-0.078717776	0.13395083	-0.0967135	0.11126612	-0.2105147	0.17924094	-0.16002154	0.111231945	-0.09771676	0.99999905	-0.7823011	0.25856948	-0.22879404	0.13864991	-0.3164463	0.19937521	-0.21479766	0.15343861	-0.1269641	0.20010243	-0.16192643	0.18758169	-0.1916041	0.11779404	-0.08547389	0.08992173	-0.11663434	0.09578447	-0.122202955	0.06665716	-0.076879725	0.09189463	-0.080564946	0.08497558	-0.08108953	0.068775825	-0.10015081	0.07172487	-0.10483511
-0.06988203	0.07211548	-0.14485693	0.09707787	-0.11062819	0.18036096	-0.21821038	0.16577123	-0.11587141	0.09416654	-0.7823011	0.9999989	-0.402635	0.1959448	-0.1289621	0.2054538	-0.19243382	0.20339656	-0.14303735	0.11271504	-0.19023532	0.14433977	-0.18908603	0.16233775	-0.10448059	0.074491225	-0.08000689	0.09785323	-0.08218416	0.10350522	-0.057654127	0.06599798	-0.07868037	0.06820241	-0.07255408	0.06842631	-0.058560204	0.083324164	-0.060347762	0.08713102
0.075868934	-0.08056434	0.21930759	-0.15549234	0.16507664	-0.1493003	0.14883192	-0.36961523	0.18098786	-0.14918154	0.25856948	-0.402635	0.99999917	-0.40442228	0.20293182	-0.19439222	0.19006975	-0.528566	0.24995422	-0.18730773	0.19679888	-0.17833936	0.2678039	-0.27057034	0.16333589	-0.0994128	0.10486022	-0.14792266	0.124934345	-0.16088404	0.08031735	-0.092969395	0.11605992	-0.10237247	0.10837747	-0.098854505	0.084450245	-0.12449669	0.08992896	-0.13115923
-0.07599461	0.076226674	-0.21431544	0.15779471	-0.22713196	0.11637391	-0.12099298	0.20391764	-0.19748111	0.18792126	-0.22879404	0.1959448	-0.40442228	0.9999991	-0.42087492	0.17995197	-0.19730893	0.2924433	-0.5202528	0.27649376	-0.24668533	0.18593487	-0.3272174	0.3105464	-0.24645405	0.11119066	-0.12287173	0.16841903	-0.15820543	0.1968638	-0.09327809	0.10592554	-0.14143607	0.12143291	-0.13367936	0.10925811	-0.09708251	0.13643835	-0.10347572	0.1448861
0.058130432	-0.06089297	0.15847462	-0.15250868	0.23259547	-0.088538736	0.08707473	-0.16220343	0.18044396	-0.33080792	0.13864991	-0.1289621	0.20293182	-0.42087492	0.9999991	-0.12706353	0.13180265	-0.20558967	0.27787742	-0.61384475	0.16454534	-0.13200682	0.2082416	-0.32510865	0.27479827	-0.096858285	0.10301749	-0.19665438	0.17208368	-0.26516056	0.087840736	-0.10281356	0.14618915	-0.13434036	0.1410041	-0.11263109	0.09795335	-0.15351088	0.1126201	-0.16589434
-0.04705407	0.048854265	-0.105334826	0.07551983	-0.095462576	0.09128402	-0.08897101	0.11067422	-0.088748164	0.080637835	-0.3164463	0.2054538	-0.19439222	0.17995197	-0.12706353	0.9999992	-0.6566968	0.2071615	-0.14429483	0.11452958	-0.53766197	0.30021825	-0.25026855	0.17498791	-0.111192346	0.12703873	-0.14029053	0.11584787	-0.09439661	0.11381286	-0.0863177	0.09650822	-0.09788863	0.081302576	-0.086125374	0.09273486	-0.0789611	0.10123386	-0.0732152	0.1030375
0.045085732	-0.04746597	0.10206541	-0.075164385	0.094986156	-0.08526698	0.08138216	-0.11104565	0.08756277	-0.081792064	0.19937521	-0.19243382	0.19006975	-0.19730893	0.13180265	-0.6566968	0.999999	-0.2863164	0.15840036	-0.12439753	0.32063305	-0.5334515	0.26200134	-0.19652021	0.11845963	-0.1436359	0.15224203	-0.12588708	0.101149715	-0.1229862	0.09263411	-0.10707726	0.10425041	-0.087358706	0.09159552	-0.10138244	0.084851116	-0.10961088	0.07857846	-0.1113181
-0.06031915	0.062105376	-0.17079985	0.11726852	-0.14546217	0.104093365	-0.10671135	0.18467093	-0.1421492	0.123672	-0.21479766	0.20339656	-0.528566	0.2924433	-0.20558967	0.2071615	-0.2863164	0.9999992	-0.40843445	0.19388407	-0.23590846	0.2287264	-0.5322261	0.27309194	-0.1713621	0.107644245	-0.11803324	0.14146294	-0.12368892	0.15384123	-0.08299741	0.09513643	-0.11469621	0.09887278	-0.105743326	0.09669881	-0.08356501	0.11678787	-0.085912205	0.122327596
0.052384824	-0.053675294	0.13902007	-0.10675311	0.14997087	-0.08289702	0.0835103	-0.14308104	0.12797898	-0.13253313	0.15343861	-0.14303735	0.24995422	-0.5202528	0.27787742	-0.14429483	0.15840036	-0.40843445	0.9999993	-0.41197783	0.18075563	-0.15336184	0.263492	-0.5398584	0.24378328	-0.09129474	0.09911819	-0.15488698	0.14947535	-0.19390282	0.07738766	-0.0892492	0.12280296	-0.1092164	0.11681521	-0.09276113	0.081898525	-0.11913166	0.0900886	-0.12754641
-0.048573002	0.049569968	-0.13332643	0.11314584	-0.18657474	0.07276997	-0.07344953	0.12828492	-0.13893554	0.17134957	-0.1269641	0.11271504	-0.18730773	0.27649376	-0.61384475	0.11452958	-0.12439753	0.19388407	-0.41197783	0.9999994	-0.15555003	0.12170924	-0.20695621	0.28734815	-0.5028931	0.08323505	-0.09089853	0.16074908	-0.16514744	0.24074174	-0.07485487	0.086572565	-0.12880929	0.11592055	-0.12700053	0.090847515	-0.08135126	0.12093861	-0.093564995	0.13157938
0.053719662	-0.056862973	0.11834178	-0.08970013	0.11584056	-0.095981196	0.09066026	-0.12654912	0.10351104	-0.10026339	0.20010243	-0.19023532	0.19679888	-0.24668533	0.16454534	-0.53766197	0.32063305	-0.23590846	0.18075563	-0.15555003	0.9999993	-0.55220103	0.2796637	-0.25618926	0.15433654	-0.22703926	0.20640545	-0.1795922	0.13993374	-0.17007516	0.13692354	-0.15625475	0.1477852	-0.124520995	0.12960337	-0.1516182	0.12433226	-0.16185166	0.11404578	-0.16318811
-0.04200678	0.04374508	-0.09873958	0.07265656	-0.09431772	0.07312375	-0.07122529	0.10367849	-0.08503968	0.08007135	-0.16192643	0.14433977	-0.17833936	0.18593487	-0.13200682	0.30021825	-0.5334515	0.2287264	-0.15336184	0.12170924	-0.55220103	0.999999	-0.45706618	0.19385079	-0.1204298	0.18914542	-0.2699907	0.13423762	-0.10677674	0.12506182	-0.11751836	0.13294543	-0.11655465	0.093608014	-0.098047175	0.11638404	-0.09918534	0.11684731	-0.08457321	0.11648115
0.061560806	-0.06497971	0.1466039	-0.111481585	0.14239995	-0.10410333	0.100487515	-0.16278689	0.12882857	-0.12496413	0.18758169	-0.18908603	0.2678039	-0.3272174	0.2082416	-0.25026855	0.26200134	-0.5322261	0.263492	-0.20695621	0.2796637	-0.45706618	0.9999989	-0.37438798	0.19473328	-0.16159792	0.16822237	-0.20196378	0.16234015	-0.20239705	0.11793634	-0.13815704	0.15592171	-0.13557522	0.1414574	-0.1404989	0.118166015	-0.16759466	0.11989054	-0.17401469
-0.0667251	0.066761084	-0.17332384	0.12970656	-0.19347924	0.09882706	-0.101308	0.16335708	-0.1560784	0.15707825	-0.1916041	0.16233775	-0.27057034	0.3105464	-0.32510865	0.17498791	-0.19652021	0.27309194	-0.5398584	0.28734815	-0.25618926	0.19385079	-0.37438798	0.9999989	-0.40255612	0.1208218	-0.13518402	0.20844568	-0.24889044	0.25409216	-0.105567686	0.12024449	-0.17807904	0.15528147	-0.17144513	0.12187527	-0.11117951	0.15550081	-0.12368456	0.16759431
0.04448336	-0.045440804	0.113521226	-0.09152924	0.13790104	-0.06646756	0.066585325	-0.11057279	0.108747944	-0.12409696	0.11779404	-0.10448059	0.16333589	-0.24645405	0.27479827	-0.111192346	0.11845963	-0.1713621	0.24378328	-0.5028931	0.15433654	-0.1204298	0.19473328	-0.40255612	0.9999988	-0.09515194	0.103068374	-0.23779877	0.24298292	-0.58989763	0.090347685	-0.10654203	0.16995114	-0.16574007	0.17209026	-0.11240841	0.101149805	-0.15858929	0.12309814	-0.17755605
-0.026712855	0.027218169	-0.06473306	0.048238438	-0.068155915	0.042144246	-0.04193411	0.06337046	-0.056967128	0.055632506	-0.08547389	0.074491225	-0.0994128	0.11119066	-0.096858285	0.12703873	-0.1436359	0.107644245	-0.09129474	0.08323505	-0.22703926	0.18914542	-0.16159792	0.1208218	-0.09515194	0.99999905	-0.7585673	0.14467879	-0.10909773	0.10464119	-0.45796877	0.28120655	-0.16363849	0.10802545	-0.111768164	0.20966205	-0.19237997	0.13719657	-0.10290969	0.11972268
0.028129283	-0.02883231	0.06766262	-0.050850634	0.071275905	-0.04492953	0.044387437	-0.0672718	0.059851643	-0.05900441	0.08992173	-0.08000689	0.10486022	-0.12287173	0.10301749	-0.14029053	0.15224203	-0.11803324	0.09911819	-0.09089853	0.20640545	-0.2699907	0.16822237	-0.13518402	0.103068374	-0.7585673	0.99999887	-0.17847396	0.12099785	-0.11769189	0.28550488	-0.3921373	0.17440844	-0.121125974	0.11959218	-0.23096023	0.18800741	-0.15442973	0.11049678	-0.1356132
-0.041772805	0.0417339	-0.105983816	0.08042609	-0.12308768	0.060818095	-0.06203174	0.098190755	-0.096271254	0.09834502	-0.11663434	0.09785323	-0.14792266	0.16841903	-0.19665438	0.11584787	-0.12588708	0.14146294	-0.15488698	0.16074908	-0.1795922	0.13423762	-0.20196378	0.20844568	-0.23779877	0.14467879	-0.17847396	0.9999986	-0.58493114	0.26920757	-0.1583891	0.18590394	-0.54770875	0.28399426	-0.27242485	0.15855505	-0.16011356	0.20849214	-0.18495256	0.22012806
0.03477016	-0.0350086	0.08807809	-0.06788966	0.102825694	-0.05120952	0.051869243	-0.08321837	0.08098982	-0.084933355	0.09578447	-0.08218416	0.124934345	-0.15820543	0.17208368	-0.09439661	0.101149715	-0.12368892	0.14947535	-0.16514744	0.13993374	-0.10677674	0.16234015	-0.24889044	0.24298292	-0.10909773	0.12099785	-0.58493114	0.9999985	-0.52101713	0.11323644	-0.1384456	0.28339604	-0.40045604	0.252126	-0.13338341	0.12625068	-0.2006161	0.17205085	-0.2257742
-0.045538254	0.04561607	-0.11716154	0.09144304	-0.14353359	0.06583989	-0.06708062	0.108808264	-0.10986095	0.117671184	-0.122202955	0.10350522	-0.16088404	0.1968638	-0.26516056	0.11381286	-0.1229862	0.15384123	-0.19390282	0.24074174	-0.17007516	0.12506182	-0.20239705	0.25409216	-0.58989763	0.10464119	-0.11769189	0.26920757	-0.52101713	0.99999833	-0.105078235	0.12229552	-0.23159637	0.22370127	-0.273457	0.12137178	-0.116047725	0.1705905	-0.15122484	0.19769731
0.022187272	-0.022463158	0.054593947	-0.04108118	0.059806924	-0.033915497	0.034008242	-0.05244912	0.048690576	-0.04857596	0.06665716	-0.057654127	0.08031735	-0.09327809	0.087840736	-0.0863177	0.09263411	-0.08299741	0.07738766	-0.07485487	0.13692354	-0.11751836	0.11793634	-0.105567686	0.090347685	-0.45796877	0.28550488	-0.1583891	0.11323644	-0.105078235	0.99999833	-0.64216805	0.19469403	-0.12853701	0.12428472	-0.46421215	0.27681944	-0.17534515	0.12334637	-0.13884209
-0.025693282	0.02594325	-0.06350405	0.04770016	-0.06989319	0.039012328	-0.03924541	0.06060338	-0.056633126	0.056424282	-0.076879725	0.06599798	-0.092969395	0.10592554	-0.10281356	0.09650822	-0.10707726	0.09513643	-0.0892492	0.086572565	-0.15625475	0.13294543	-0.13815704	0.12024449	-0.10654203	0.28120655	-0.3921373	0.18590394	-0.1384456	0.12229552	-0.64216805	0.9999982	-0.3251068	0.15898965	-0.15548435	0.2993768	-0.40955898	0.19839826	-0.14921856	0.15785268
0.032582067	-0.03280063	0.081702374	-0.062287234	0.09334638	-0.048303667	0.048846822	-0.07721161	0.07414875	-0.07609975	0.09189463	-0.07868037	0.11605992	-0.14143607	0.14618915	-0.09788863	0.10425041	-0.11469621	0.12280296	-0.12880929	0.1477852	-0.11655465	0.15592171	-0.17807904	0.16995114	-0.16363849	0.17440844	-0.54770875	0.28339604	-0.23159637	0.19469403	-0.3251068	0.9999978	-0.49821517	0.2802794	-0.21513224	0.2023766	-0.31658378	0.2299831	-0.29978538
-0.028868608	0.028939176	-0.07293851	0.05555907	-0.084348924	0.042301364	-0.042992145	0.06815238	-0.06634674	0.06815697	-0.080564946	0.06820241	-0.10237247	0.12143291	-0.13434036	0.081302576	-0.087358706	0.09887278	-0.1092164	0.11592055	-0.124520995	0.093608014	-0.13557522	0.15528147	-0.16574007	0.10802545	-0.121125974	0.28399426	-0.40045604	0.22370127	-0.12853701	0.15898965	-0.49821517	0.9999973	-0.6040804	0.14387791	-0.14863805	0.240181	-0.31061438	0.29035747
0.030554624	-0.030722922	0.07693278	-0.058843542	0.08874119	-0.04499208	0.04558297	-0.07243712	0.070113555	-0.07246658	0.08497558	-0.07255408	0.10837747	-0.13367936	0.1410041	-0.086125374	0.09159552	-0.105743326	0.11681521	-0.12700053	0.12960337	-0.098047175	0.1414574	-0.17144513	0.17209026	-0.111768164	0.11959218	-0.27242485	0.252126	-0.273457	0.12428472	-0.15548435	0.2802794	-0.6040804	0.9999976	-0.16257048	0.15531714	-0.2887299	0.2723157	-0.5591824
-0.027756961	0.027833108	-0.06924809	0.05184111	-0.0772691	0.04126253	-0.041839458	0.06486691	-0.061763883	0.061397675	-0.08108953	0.06842631	-0.098854505	0.10925811	-0.11263109	0.09273486	-0.10138244	0.09669881	-0.09276113	0.090847515	-0.1516182	0.11638404	-0.1404989	0.12187527	-0.11240841	0.20966205	-0.23096023	0.15855505	-0.13338341	0.12137178	-0.46421215	0.2993768	-0.21513224	0.14387791	-0.16257048	0.9999975	-0.7168124	0.23445232	-0.18318081	0.16465865
0.023684602	-0.023816748	0.059001144	-0.04443292	0.06604352	-0.03534632	0.035737626	-0.05565172	0.052865744	-0.053042486	0.068775825	-0.058560204	0.084450245	-0.09708251	0.09795335	-0.0789611	0.084851116	-0.08356501	0.081898525	-0.08135126	0.12433226	-0.09918534	0.118166015	-0.11117951	0.101149805	-0.19237997	0.18800741	-0.16011356	0.12625068	-0.116047725	0.27681944	-0.40955898	0.2023766	-0.14863805	0.15531714	-0.7168124	0.9999971	-0.3881501	0.19540809	-0.1892102
-0.035443738	0.035328865	-0.08951291	0.06722058	-0.1023363	0.051534053	-0.05264922	0.082477815	-0.08040321	0.08065892	-0.10015081	0.083324164	-0.12449669	0.13643835	-0.15351088	0.10123386	-0.10961088	0.11678787	-0.11913166	0.12093861	-0.16185166	0.11684731	-0.16759466	0.15550081	-0.15858929	0.13719657	-0.15442973	0.20849214	-0.2006161	0.1705905	-0.17534515	0.19839826	-0.31658378	0.240181	-0.2887299	0.23445232	-0.3881501	0.99999696	-0.6554672	0.29700992
0.02549257	-0.025506759	0.06424619	-0.048581224	0.07358571	-0.037301514	0.03796391	-0.059764188	0.058003895	-0.058831047	0.07172487	-0.060347762	0.08992896	-0.10347572	0.1126201	-0.0732152	0.07857846	-0.085912205	0.0900886	-0.093564995	0.11404578	-0.08457321	0.11989054	-0.12368456	0.12309814	-0.10290969	0.11049678	-0.18495256	0.17205085	-0.15122484	0.12334637	-0.14921856	0.2299831	-0.31061438	0.2723157	-0.18318081	0.19540809	-0.6554672	0.99999696	-0.5705397
-0.03742266	0.0372802	-0.09475264	0.07133605	-0.10906253	0.054205857	-0.055431534	0.087148644	-0.085379556	0.086082	-0.10483511	0.08713102	-0.13115923	0.1448861	-0.16589434	0.1030375	-0.1113181	0.122327596	-0.12754641	0.13157938	-0.16318811	0.11648115	-0.17401469	0.16759431	-0.17755605	0.11972268	-0.1356132	0.22012806	-0.2257742	0.19769731	-0.13884209	0.15785268	-0.29978538	0.29035747	-0.5591824	0.16465865	-0.1892102	0.29700992	-0.5705397	0.99999696
