1.0000001	-0.5184081	0.31219214	-0.064649105	0.062284812	-0.39530945	0.2176572	-0.25105003	0.11661554	-0.17060158	0.21581617	-0.23393486	0.2045673	-0.14307389	0.13536383	-0.25896668	0.2250111	-0.2197594	0.17092127	-0.17520784	0.17685136	-0.201396	0.18134852	-0.27214187	0.16583541	-0.2157264	0.20046626	-0.16789576	0.15750428	-0.17509568	0.11115139	-0.1015573	0.12708597	-0.14212723	0.113168664	-0.18555441	0.094504274	-0.07975015	0.073990844	-0.090130284
-0.5184081	1.0	-0.78987473	0.055409506	-0.055228382	0.16506155	-0.123212315	0.12674597	-0.05525496	0.07819061	-0.1009465	0.110978946	-0.101938635	0.06584673	-0.062223263	0.114656575	-0.10365118	0.09872605	-0.07751526	0.07844252	-0.07952452	0.08973186	-0.0812992	0.119573876	-0.074208684	0.09504667	-0.090246074	0.07444718	-0.07006898	0.07734997	-0.049069457	0.044766888	-0.056332156	0.062562965	-0.05009435	0.081103444	-0.041793223	0.035211258	-0.032654792	0.039692175
0.31219214	-0.78987473	0.9999999	-0.085914925	0.07751457	-0.2298291	0.1536387	-0.18789406	0.084558375	-0.12216177	0.14326909	-0.16155377	0.14526483	-0.10167491	0.095874764	-0.1742968	0.15517494	-0.15247688	0.11929125	-0.12241342	0.12092423	-0.13906413	0.12566051	-0.18881114	0.11552114	-0.14781134	0.13861534	-0.11634489	0.10929097	-0.12172317	0.07686324	-0.070296735	0.08809674	-0.098733194	0.07864582	-0.12853706	0.06552086	-0.055298425	0.051362675	-0.062569536
-0.064649105	0.055409506	-0.085914925	0.99999994	-0.98350257	0.041642264	-0.030657655	0.03670196	-0.08656362	0.08753408	-0.030655766	0.034479294	-0.035437442	0.05841402	-0.052792527	0.035761274	-0.039933663	0.03872827	-0.039848123	0.040880717	-0.026903782	0.03244302	-0.031448424	0.04354696	-0.034224667	0.031079778	-0.03450929	0.027757864	-0.027317623	0.031035585	-0.01684605	0.015507389	-0.020350445	0.023579778	-0.019752257	0.026703956	-0.01499241	0.012628706	-0.012101094	0.014567234
0.062284812	-0.055228382	0.07751457	-0.98350257	0.9999997	-0.04322548	0.03144266	-0.038026847	0.081247486	-0.09620687	0.03165353	-0.035770316	0.03631765	-0.060304318	0.053349428	-0.037343856	0.04106472	-0.040306564	0.04076165	-0.042470265	0.027971918	-0.03381595	0.03263453	-0.045730993	0.035290483	-0.032544773	0.035695333	-0.02896889	0.028412722	-0.03244123	0.017614463	-0.016224308	0.021211345	-0.024701284	0.020583462	-0.028085642	0.015647253	-0.013196206	0.012646307	-0.015249243
-0.39530945	0.16506155	-0.2298291	0.041642264	-0.04322548	0.9999997	-0.57378656	0.28323734	-0.0920967	0.1133465	-0.46307418	0.2903044	-0.28956318	0.10856379	-0.10426999	0.24994491	-0.23969734	0.17251362	-0.13723601	0.12176304	-0.17114274	0.15386839	-0.14174704	0.16660036	-0.118519604	0.16020203	-0.1677694	0.11649983	-0.111362785	0.11133626	-0.07559883	0.06684076	-0.08748951	0.08740258	-0.07397501	0.10871378	-0.0632118	0.05223878	-0.0474546	0.056279678
0.2176572	-0.123212315	0.1536387	-0.030657655	0.03144266	-0.57378656	0.9999995	-0.6047557	0.08112124	-0.09739685	0.24843292	-0.39916787	0.2945028	-0.096852764	0.087787956	-0.19509432	0.18315503	-0.1468052	0.110426396	-0.10041901	0.122017704	-0.12057813	0.11021122	-0.13155708	0.09256009	-0.12367849	0.12425537	-0.090357125	0.08566171	-0.08762548	0.056417376	-0.05034325	0.06519664	-0.06794128	0.057112966	-0.08232527	0.04725809	-0.039368723	0.03619106	-0.0431236
-0.25105003	0.12674597	-0.18789406	0.03670196	-0.038026847	0.28323734	-0.6047557	0.9999994	-0.10953401	0.116094194	-0.23276336	0.29716215	-0.5976847	0.12323502	-0.11048287	0.18177515	-0.20556527	0.16809246	-0.13249527	0.115482986	-0.12802404	0.13055675	-0.12541401	0.1435672	-0.10675774	0.12677391	-0.13957833	0.09996538	-0.096157506	0.09745679	-0.06128027	0.054810505	-0.07245738	0.07496943	-0.06390887	0.08860397	-0.052309092	0.04344126	-0.040085487	0.047553044
0.11661554	-0.05525496	0.084558375	-0.08656362	0.081247486	-0.0920967	0.08112124	-0.10953401	0.9999992	-0.69913	0.07956934	-0.09834794	0.12109907	-0.6015569	0.29554677	-0.08662666	0.119362384	-0.12255242	0.1565622	-0.17485946	0.06844953	-0.08734655	0.09109546	-0.11599079	0.116769776	-0.07368979	0.09585323	-0.07584067	0.077895604	-0.09333576	0.040141568	-0.03733593	0.051337212	-0.06433898	0.05649651	-0.058928438	0.037452914	-0.031708278	0.031876754	-0.038012303
-0.17060158	0.07819061	-0.12216177	0.08753408	-0.09620687	0.1133465	-0.09739685	0.116094194	-0.69913	0.99999905	-0.10135009	0.114490345	-0.13726601	0.32642978	-0.48718807	0.11137525	-0.16696854	0.15719289	-0.22359847	0.21964961	-0.09191029	0.11705874	-0.12489288	0.15152855	-0.1679393	0.097506225	-0.13446097	0.10217053	-0.10712973	0.12348367	-0.054766152	0.050823607	-0.07100763	0.085588686	-0.07740657	0.07928619	-0.05156605	0.043319553	-0.043294597	0.051174425
0.21581617	-0.1009465	0.14326909	-0.030655766	0.03165353	-0.46307418	0.24843292	-0.23276336	0.07956934	-0.10135009	0.9999993	-0.491965	0.24692287	-0.09826671	0.09279385	-0.58160233	0.24618879	-0.17453474	0.12625797	-0.113729954	0.2044341	-0.16069385	0.13626689	-0.15715183	0.107160054	-0.1981119	0.16048087	-0.111453995	0.10350774	-0.10257283	0.0736982	-0.06425325	0.08019926	-0.079889305	0.067201145	-0.10253066	0.058000986	-0.048162825	0.043281734	-0.051425897
-0.23393486	0.110978946	-0.16155377	0.034479294	-0.035770316	0.2903044	-0.39916787	0.29716215	-0.09834794	0.114490345	-0.491965	0.99999946	-0.5740137	0.12157191	-0.111980245	0.25808507	-0.31359047	0.1972935	-0.1459005	0.12542644	-0.16525842	0.15733473	-0.14459091	0.15949988	-0.11564926	0.1539724	-0.16162318	0.11304079	-0.10728274	0.106658	-0.06900707	0.0611886	-0.07991013	0.08186063	-0.069718525	0.097508155	-0.057528045	0.047814924	-0.04384493	0.0519683
0.2045673	-0.101938635	0.14526483	-0.035437442	0.03631765	-0.28956318	0.2945028	-0.5976847	0.12109907	-0.13726601	0.24692287	-0.5740137	0.99999934	-0.1746925	0.13287644	-0.22063869	0.22933696	-0.24320553	0.15693787	-0.14198308	0.13869548	-0.15124784	0.14367461	-0.16553341	0.11990514	-0.14457765	0.14979403	-0.11334756	0.107127875	-0.11128354	0.06580765	-0.059301745	0.0772217	-0.083985545	0.07092383	-0.09581679	0.055889003	-0.04689308	0.043845233	-0.052299116
-0.14307389	0.06584673	-0.10167491	0.05841402	-0.060304318	0.10856379	-0.096852764	0.12323502	-0.6015569	0.32642978	-0.09826671	0.12157191	-0.1746925	0.9999994	-0.611766	0.1050563	-0.1550983	0.15578277	-0.23932709	0.2327282	-0.084043495	0.10757433	-0.11541346	0.14042537	-0.15689844	0.08895284	-0.119554326	0.09322563	-0.09718736	0.115253255	-0.04853293	0.045118317	-0.06255719	0.077983916	-0.06994809	0.070369706	-0.04547374	0.03844023	-0.038757674	0.046008624
0.13536383	-0.062223263	0.095874764	-0.052792527	0.053349428	-0.10426999	0.087787956	-0.11048287	0.29554677	-0.48718807	0.09279385	-0.111980245	0.13287644	-0.611766	0.9999994	-0.10487836	0.15173928	-0.17242491	0.24003184	-0.45824763	0.08457192	-0.11299488	0.12076606	-0.15808779	0.17871645	-0.091374196	0.12239341	-0.10113806	0.105263986	-0.13959002	0.050327785	-0.047283377	0.06541141	-0.08900504	0.07817706	-0.07377362	0.047897145	-0.040947564	0.04248114	-0.050921593
-0.25896668	0.114656575	-0.1742968	0.035761274	-0.037343856	0.24994491	-0.19509432	0.18177515	-0.08662666	0.11137525	-0.58160233	0.25808507	-0.22063869	0.1050563	-0.10487836	0.99999964	-0.41766635	0.20881043	-0.15537673	0.13202073	-0.43698528	0.21041593	-0.17781454	0.18637052	-0.1303975	0.2565678	-0.22254422	0.13941164	-0.13004936	0.122158796	-0.09571311	0.08093718	-0.102141745	0.09545625	-0.08157476	0.124569505	-0.07314261	0.060087454	-0.053033844	0.0624273
0.2250111	-0.10365118	0.15517494	-0.039933663	0.04106472	-0.23969734	0.18315503	-0.20556527	0.119362384	-0.16696854	0.24618879	-0.31359047	0.22933696	-0.1550983	0.15173928	-0.41766635	0.9999996	-0.5350608	0.24686487	-0.2224619	0.22496094	-0.3679822	0.265176	-0.28114912	0.18406852	-0.23906088	0.25374812	-0.19674927	0.17702083	-0.17854679	0.10082086	-0.09182771	0.11845454	-0.133268	0.11145378	-0.14477813	0.085151404	-0.072353125	0.06814497	-0.08148844
-0.2197594	0.09872605	-0.15247688	0.03872827	-0.040306564	0.17251362	-0.1468052	0.16809246	-0.12255242	0.15719289	-0.17453474	0.1972935	-0.24320553	0.15578277	-0.17242491	0.20881043	-0.5350608	0.9999994	-0.52293706	0.24815452	-0.16708459	0.25317934	-0.38588527	0.25805876	-0.20536001	0.1689432	-0.23722494	0.19113767	-0.18142869	0.1703314	-0.08470118	0.078592576	-0.10831567	0.12205005	-0.10751069	0.120233566	-0.07638313	0.06488608	-0.0624323	0.07368346
0.17092127	-0.07751526	0.11929125	-0.039848123	0.04076165	-0.13723601	0.110426396	-0.13249527	0.1565622	-0.22359847	0.12625797	-0.1459005	0.15693787	-0.23932709	0.24003184	-0.15537673	0.24686487	-0.52293706	0.9999994	-0.61098564	0.12469295	-0.18717717	0.21088468	-0.283749	0.23537198	-0.1353264	0.18284144	-0.16183217	0.16285203	-0.20235093	0.071917735	-0.068099394	0.093729936	-0.12966578	0.111350216	-0.105227396	0.06806337	-0.058773912	0.060926016	-0.07326283
-0.17520784	0.07844252	-0.12241342	0.040880717	-0.042470265	0.12176304	-0.10041901	0.115482986	-0.17485946	0.21964961	-0.113729954	0.12542644	-0.14198308	0.2327282	-0.45824763	0.13202073	-0.2224619	0.24815452	-0.61098564	0.9999994	-0.111468926	0.1539756	-0.1768078	0.218298	-0.39595076	0.118230954	-0.17079449	0.14115307	-0.15401238	0.2103501	-0.06665247	0.063014716	-0.088786624	0.12519634	-0.11575698	0.09619392	-0.06484105	0.05556049	-0.059064507	0.07039289
0.17685136	-0.07952452	0.12092423	-0.026903782	0.027971918	-0.17114274	0.122017704	-0.12802404	0.06844953	-0.09191029	0.2044341	-0.16525842	0.13869548	-0.084043495	0.08457192	-0.43698528	0.22496094	-0.16708459	0.12469295	-0.111468926	0.9999996	-0.29764143	0.18103741	-0.18753116	0.11745218	-0.73457754	0.2536393	-0.15017667	0.12971607	-0.115782455	0.13064204	-0.10558706	0.11200392	-0.09291688	0.07832383	-0.15482917	0.0809981	-0.06635028	0.05442246	-0.064066365
-0.201396	0.08973186	-0.13906413	0.03244302	-0.03381595	0.15386839	-0.12057813	0.13055675	-0.08734655	0.11705874	-0.16069385	0.15733473	-0.15124784	0.10757433	-0.11299488	0.21041593	-0.3679822	0.25317934	-0.18717717	0.1539756	-0.29764143	0.9999997	-0.57607454	0.2781589	-0.17350855	0.24559976	-0.5382175	0.25598848	-0.22060914	0.16417335	-0.10383486	0.09504235	-0.12740216	0.1256542	-0.10941629	0.13986397	-0.08731272	0.07425809	-0.067307025	0.078743726
0.18134852	-0.0812992	0.12566051	-0.031448424	0.03263453	-0.14174704	0.11021122	-0.12541401	0.09109546	-0.12489288	0.13626689	-0.14459091	0.14367461	-0.11541346	0.12076606	-0.17781454	0.265176	-0.38588527	0.21088468	-0.1768078	0.18103741	-0.57607454	0.99999946	-0.44554442	0.19294079	-0.1938164	0.30508164	-0.41539145	0.2600936	-0.19095197	0.09447946	-0.09214402	0.12740198	-0.14074077	0.1201868	-0.13605301	0.08593483	-0.07604416	0.07099362	-0.083793946
-0.27214187	0.119573876	-0.18881114	0.04354696	-0.045730993	0.16660036	-0.13155708	0.1435672	-0.11599079	0.15152855	-0.15715183	0.15949988	-0.16553341	0.14042537	-0.15808779	0.18637052	-0.28114912	0.25805876	-0.283749	0.218298	-0.18753116	0.2781589	-0.44554442	0.9999995	-0.35809213	0.19632785	-0.36896193	0.30201164	-0.46601588	0.26187944	-0.1148042	0.10968098	-0.16176975	0.18607113	-0.17661478	0.16031939	-0.111936904	0.09526773	-0.095126756	0.10911515
0.16583541	-0.074208684	0.11552114	-0.034224667	0.035290483	-0.118519604	0.09256009	-0.10675774	0.116769776	-0.1679393	0.107160054	-0.11564926	0.11990514	-0.15689844	0.17871645	-0.1303975	0.18406852	-0.20536001	0.23537198	-0.39595076	0.11745218	-0.17350855	0.19294079	-0.35809213	0.99999964	-0.13136405	0.19644304	-0.20716003	0.23950647	-0.6675813	0.08289297	-0.08249051	0.11760575	-0.25479254	0.22174683	-0.123564385	0.090145424	-0.081133336	0.100860596	-0.1251998
-0.2157264	0.09504667	-0.14781134	0.031079778	-0.032544773	0.16020203	-0.12367849	0.12677391	-0.07368979	0.097506225	-0.1981119	0.1539724	-0.14457765	0.08895284	-0.091374196	0.2565678	-0.23906088	0.1689432	-0.1353264	0.118230954	-0.73457754	0.24559976	-0.1938164	0.19632785	-0.13136405	0.9999997	-0.3964452	0.16966477	-0.15061946	0.12691571	-0.19980998	0.13195318	-0.14276846	0.1035354	-0.08875941	0.17945865	-0.10193417	0.08106374	-0.06403183	0.07423383
0.20046626	-0.090246074	0.13861534	-0.03450929	0.035695333	-0.1677694	0.12425537	-0.13957833	0.09585323	-0.13446097	0.16048087	-0.16162318	0.14979403	-0.119554326	0.12239341	-0.22254422	0.25374812	-0.23722494	0.18284144	-0.17079449	0.2536393	-0.5382175	0.30508164	-0.36896193	0.19644304	-0.3964452	0.9999998	-0.4212884	0.25923482	-0.2146238	0.13618483	-0.13017981	0.15923756	-0.16723888	0.13666275	-0.19245608	0.110831484	-0.0968557	0.08664422	-0.10353032
-0.16789576	0.07444718	-0.11634489	0.027757864	-0.02896889	0.11649983	-0.090357125	0.09996538	-0.07584067	0.10217053	-0.111453995	0.11304079	-0.11334756	0.09322563	-0.10113806	0.13941164	-0.19674927	0.19113767	-0.16183217	0.14115307	-0.15017667	0.25598848	-0.41539145	0.30201164	-0.20716003	0.16966477	-0.4212884	0.99999994	-0.67006046	0.2146841	-0.10208517	0.10823796	-0.18336473	0.16025661	-0.14579111	0.14499183	-0.100628264	0.09361648	-0.08350356	0.095117055
0.15750428	-0.07006898	0.10929097	-0.027317623	0.028412722	-0.111362785	0.08566171	-0.096157506	0.077895604	-0.10712973	0.10350774	-0.10728274	0.107127875	-0.09718736	0.105263986	-0.13004936	0.17702083	-0.18142869	0.16285203	-0.15401238	0.12971607	-0.22060914	0.2600936	-0.46601588	0.23950647	-0.15061946	0.25923482	-0.67006046	0.9999997	-0.35871616	0.09185886	-0.0965703	0.14166415	-0.23194258	0.18407416	-0.13599609	0.094765365	-0.08826286	0.09311867	-0.10777942
-0.17509568	0.07734997	-0.12172317	0.031035585	-0.03244123	0.11133626	-0.08762548	0.09745679	-0.09333576	0.12348367	-0.10257283	0.106658	-0.11128354	0.115253255	-0.13959002	0.122158796	-0.17854679	0.1703314	-0.20235093	0.2103501	-0.115782455	0.16417335	-0.19095197	0.26187944	-0.6675813	0.12691571	-0.2146238	0.2146841	-0.35871616	0.99999964	-0.084490106	0.08424157	-0.12642266	0.26145992	-0.40436095	0.12082813	-0.09692306	0.08568771	-0.11336031	0.13249472
0.11115139	-0.049069457	0.07686324	-0.01684605	0.017614463	-0.07559883	0.056417376	-0.06128027	0.040141568	-0.054766152	0.0736982	-0.06900707	0.06580765	-0.04853293	0.050327785	-0.09571311	0.10082086	-0.08470118	0.071917735	-0.06665247	0.13064204	-0.10383486	0.09447946	-0.1148042	0.08289297	-0.19980998	0.13618483	-0.10208517	0.09185886	-0.084490106	0.99999934	-0.6511627	0.28339103	-0.09095277	0.07590717	-0.6272261	0.22000647	-0.16978103	0.09298756	-0.10679563
-0.1015573	0.044766888	-0.070296735	0.015507389	-0.016224308	0.06684076	-0.05034325	0.054810505	-0.03733593	0.050823607	-0.06425325	0.0611886	-0.059301745	0.045118317	-0.047283377	0.08093718	-0.09182771	0.078592576	-0.068099394	0.063014716	-0.10558706	0.09504235	-0.09214402	0.10968098	-0.08249051	0.13195318	-0.13017981	0.10823796	-0.0965703	0.08424157	-0.6511627	0.99999934	-0.5363385	0.09714599	-0.08190553	0.32329756	-0.3705378	0.23221269	-0.11640488	0.12643191
0.12708597	-0.056332156	0.08809674	-0.020350445	0.021211345	-0.08748951	0.06519664	-0.07245738	0.051337212	-0.07100763	0.08019926	-0.07991013	0.0772217	-0.06255719	0.06541141	-0.102141745	0.11845454	-0.10831567	0.093729936	-0.088786624	0.11200392	-0.12740216	0.12740198	-0.16176975	0.11760575	-0.14276846	0.15923756	-0.18336473	0.14166415	-0.12642266	0.28339103	-0.5363385	0.9999994	-0.15574153	0.12476444	-0.47240105	0.31418648	-0.4764167	0.18374418	-0.21996957
-0.14212723	0.062562965	-0.098733194	0.023579778	-0.024701284	0.08740258	-0.06794128	0.07496943	-0.06433898	0.085588686	-0.079889305	0.08186063	-0.083985545	0.077983916	-0.08900504	0.09545625	-0.133268	0.12205005	-0.12966578	0.12519634	-0.09291688	0.1256542	-0.14074077	0.18607113	-0.25479254	0.1035354	-0.16723888	0.16025661	-0.23194258	0.26145992	-0.09095277	0.09714599	-0.15574153	0.99999946	-0.78147084	0.12722301	-0.14653972	0.1346723	-0.29733703	0.24066041
0.113168664	-0.05009435	0.07864582	-0.019752257	0.020583462	-0.07397501	0.057112966	-0.06390887	0.05649651	-0.07740657	0.067201145	-0.069718525	0.07092383	-0.06994809	0.07817706	-0.08157476	0.11145378	-0.10751069	0.111350216	-0.11575698	0.07832383	-0.10941629	0.1201868	-0.17661478	0.22174683	-0.08875941	0.13666275	-0.14579111	0.18407416	-0.40436095	0.07590717	-0.08190553	0.12476444	-0.78147084	0.9999995	-0.11097372	0.116309665	-0.11327687	0.21008538	-0.29095834
-0.18555441	0.081103444	-0.12853706	0.026703956	-0.028085642	0.10871378	-0.08232527	0.08860397	-0.058928438	0.07928619	-0.10253066	0.097508155	-0.09581679	0.070369706	-0.07377362	0.124569505	-0.14477813	0.120233566	-0.105227396	0.09619392	-0.15482917	0.13986397	-0.13605301	0.16031939	-0.123564385	0.17945865	-0.19245608	0.14499183	-0.13599609	0.12082813	-0.6272261	0.32329756	-0.47240105	0.12722301	-0.11097372	0.9999993	-0.3666345	0.22826032	-0.13452773	0.14269099
0.094504274	-0.041793223	0.06552086	-0.01499241	0.015647253	-0.0632118	0.04725809	-0.052309092	0.037452914	-0.05156605	0.058000986	-0.057528045	0.055889003	-0.04547374	0.047897145	-0.07314261	0.085151404	-0.07638313	0.06806337	-0.06484105	0.0809981	-0.08731272	0.08593483	-0.111936904	0.090145424	-0.10193417	0.110831484	-0.100628264	0.094765365	-0.09692306	0.22000647	-0.3705378	0.31418648	-0.14653972	0.116309665	-0.3666345	0.9999985	-0.71864796	0.21977773	-0.26600316
-0.07975015	0.035211258	-0.055298425	0.012628706	-0.013196206	0.05223878	-0.039368723	0.04344126	-0.031708278	0.043319553	-0.048162825	0.047814924	-0.04689308	0.03844023	-0.040947564	0.060087454	-0.072353125	0.06488608	-0.058773912	0.05556049	-0.06635028	0.07425809	-0.07604416	0.09526773	-0.081133336	0.08106374	-0.0968557	0.09361648	-0.08826286	0.08568771	-0.16978103	0.23221269	-0.4764167	0.1346723	-0.11327687	0.22826032	-0.71864796	0.99999857	-0.3459239	0.24047877
0.073990844	-0.032654792	0.051362675	-0.012101094	0.012646307	-0.0474546	0.03619106	-0.040085487	0.031876754	-0.043294597	0.043281734	-0.04384493	0.043845233	-0.038757674	0.04248114	-0.053033844	0.06814497	-0.0624323	0.060926016	-0.059064507	0.05442246	-0.067307025	0.07099362	-0.095126756	0.100860596	-0.06403183	0.08664422	-0.08350356	0.09311867	-0.11336031	0.09298756	-0.11640488	0.18374418	-0.29733703	0.21008538	-0.13452773	0.21977773	-0.3459239	0.9999985	-0.8271328
-0.090130284	0.039692175	-0.062569536	0.014567234	-0.015249243	0.056279678	-0.0431236	0.047553044	-0.038012303	0.051174425	-0.051425897	0.0519683	-0.052299116	0.046008624	-0.050921593	0.0624273	-0.08148844	0.07368346	-0.07326283	0.07039289	-0.064066365	0.078743726	-0.083793946	0.10911515	-0.1251998	0.07423383	-0.10353032	0.095117055	-0.10777942	0.13249472	-0.10679563	0.12643191	-0.21996957	0.24066041	-0.29095834	0.14269099	-0.26600316	0.24047877	-0.8271328	0.9999985
