1.0000001	-0.73208666	0.26626924	-0.27577877	0.071300104	-0.39480597	0.25982025	-0.23216969	0.22189169	-0.069449954	0.19786751	-0.21332878	0.19092292	-0.17338486	0.13501523	-0.19848981	0.16347817	-0.15042752	0.14203435	-0.11266282	0.13931784	-0.15611576	0.12033961	-0.09629259	0.09512285	-0.12664662	0.122750744	-0.1252123	0.07784149	-0.07627354	0.11017372	-0.12723538	0.11468605	-0.07467561	0.06258417	-0.11390324	0.095641114	-0.11657573	0.07194836	-0.09348965
-0.73208666	1.0	-0.43804684	0.2472021	-0.06864323	0.24213055	-0.34049657	0.23351502	-0.23264128	0.06445187	-0.15767622	0.17727408	-0.18615934	0.15486464	-0.121845655	0.14680682	-0.13829234	0.12377189	-0.12597889	0.09678913	-0.11176128	0.12280586	-0.100054495	0.082540326	-0.083015084	0.09860835	-0.0984012	0.09974752	-0.06588745	0.06326688	-0.08785754	0.09921876	-0.092174865	0.05858356	-0.049486496	0.08805473	-0.07535645	0.09024949	-0.05628223	0.07226263
0.26626924	-0.43804684	1.0	-0.6632045	0.08894585	-0.2227305	0.2511316	-0.3869299	0.28323737	-0.08678651	0.14544204	-0.18475826	0.21199644	-0.19292165	0.13409822	-0.15106323	0.13978724	-0.140618	0.13947281	-0.11128256	0.114801586	-0.13108878	0.109561294	-0.09332215	0.09162059	-0.10690998	0.105874255	-0.11160847	0.07220431	-0.071106	0.094254054	-0.110014856	0.101241045	-0.066012	0.05526274	-0.098227836	0.082935624	-0.10240227	0.06325908	-0.082360946
-0.27577877	0.2472021	-0.6632045	0.99999994	-0.14030957	0.1944872	-0.2299217	0.2485496	-0.53786093	0.12276802	-0.13956499	0.17054023	-0.22090004	0.20631982	-0.1525819	0.14079551	-0.1373829	0.13966799	-0.15393354	0.11896931	-0.11239509	0.1257792	-0.11143332	0.09928249	-0.09992447	0.103543825	-0.10455242	0.10992999	-0.07676823	0.07410149	-0.0931742	0.10717823	-0.1011961	0.06499779	-0.054785483	0.09534595	-0.08158434	0.09970081	-0.062145017	0.08023824
0.071300104	-0.06864323	0.08894585	-0.14030957	1.0	-0.07750389	0.07108783	-0.07877839	0.15644069	-0.96351564	0.05457684	-0.068638675	0.076723374	-0.088410065	0.080036215	-0.061237514	0.05652347	-0.06486231	0.06740723	-0.06551736	0.049027413	-0.056626614	0.050918236	-0.048099574	0.047470372	-0.04880099	0.048440095	-0.053132772	0.036828376	-0.037186053	0.04359491	-0.0524183	0.048514895	-0.032717183	0.027238026	-0.047431037	0.039682776	-0.050871506	0.031282924	-0.041338433
-0.39480597	0.24213055	-0.2227305	0.1944872	-0.07750389	0.9999998	-0.42615792	0.24458522	-0.26944974	0.071527004	-0.5785478	0.27569482	-0.25228274	0.19402707	-0.16940185	0.27491382	-0.24020723	0.17174485	-0.17670462	0.12881152	-0.20517258	0.19322102	-0.14680119	0.112953685	-0.116424	0.15227555	-0.15251602	0.1411491	-0.09334568	0.08629287	-0.13784716	0.14260733	-0.13405058	0.080511406	-0.06921681	0.12489765	-0.11008404	0.12247685	-0.077836975	0.09678018
0.25982025	-0.34049657	0.2511316	-0.2299217	0.07108783	-0.42615792	0.99999976	-0.6096347	0.24570155	-0.06863402	0.23206383	-0.37207782	0.2772376	-0.2153365	0.15234499	-0.2199014	0.2108014	-0.17176291	0.1625325	-0.12437026	0.15685308	-0.18088207	0.13444822	-0.10701894	0.10551876	-0.13498662	0.13376752	-0.1337861	0.083030485	-0.08027773	0.117173076	-0.13243143	0.1210146	-0.07611683	0.06418305	-0.116303876	0.09933423	-0.117519334	0.07309339	-0.09352104
-0.23216969	0.23351502	-0.3869299	0.2485496	-0.07877839	0.24458522	-0.6096347	0.99999964	-0.328182	0.07502683	-0.17973858	0.24664919	-0.4777758	0.24023266	-0.16335581	0.16887452	-0.17850044	0.16391829	-0.17163256	0.12704402	-0.1325743	0.14912887	-0.1283777	0.108007304	-0.10761971	0.11640279	-0.11847583	0.12216334	-0.08107009	0.077995144	-0.10372262	0.11748351	-0.11108736	0.06962919	-0.05883649	0.10325408	-0.08902975	0.106468774	-0.06653072	0.08509459
0.22189169	-0.23264128	0.28323737	-0.53786093	0.15644069	-0.26944974	0.24570155	-0.328182	0.9999994	-0.18481882	0.18380548	-0.24156353	0.2773529	-0.4283209	0.21465945	-0.20711619	0.18933557	-0.21874095	0.223623	-0.18873678	0.16118768	-0.18852583	0.16556652	-0.15367517	0.14548317	-0.15919457	0.15706438	-0.17288692	0.112829216	-0.11487112	0.14016226	-0.16904889	0.15473166	-0.10409414	0.08636909	-0.15230711	0.12699585	-0.1623731	0.09946186	-0.13149093
-0.069449954	0.06445187	-0.08678651	0.12276802	-0.96351564	0.071527004	-0.06863402	0.07502683	-0.18481882	0.99999946	-0.051231053	0.06435155	-0.07531618	0.08625479	-0.08302921	0.05651837	-0.0532154	0.06064573	-0.06603085	0.06308904	-0.045660924	0.05240156	-0.047947057	0.04615691	-0.04621058	0.044878222	-0.044908304	0.04905129	-0.035112374	0.03500111	-0.040303323	0.048019152	-0.04496032	0.02995696	-0.025035083	0.04326097	-0.036452528	0.04629024	-0.028600251	0.037569415
0.19786751	-0.15767622	0.14544204	-0.13956499	0.05457684	-0.5785478	0.23206383	-0.17973858	0.18380548	-0.051231053	0.9999992	-0.39579585	0.19807044	-0.15762241	0.13168085	-0.57542354	0.25865883	-0.15844214	0.14348358	-0.10437735	0.22331044	-0.21955028	0.13228041	-0.09347981	0.094013795	-0.16259383	0.1484259	-0.13190053	0.07599079	-0.07119818	0.13083357	-0.13721465	0.120669484	-0.07231913	0.06167174	-0.11943742	0.10233383	-0.11192139	0.07013879	-0.087282136
-0.21332878	0.17727408	-0.18475826	0.17054023	-0.068638675	0.27569482	-0.37207782	0.24664919	-0.24156353	0.06435155	-0.39579585	0.99999905	-0.39890692	0.2227431	-0.17847295	0.28116903	-0.563904	0.20856148	-0.19735806	0.13659371	-0.2264798	0.25211543	-0.17231162	0.1223669	-0.124054626	0.16606297	-0.17547347	0.15727817	-0.09564115	0.08892144	-0.14636646	0.15428118	-0.14443544	0.08471455	-0.072637744	0.1318154	-0.116997644	0.12870415	-0.0815414	0.10090797
0.19092292	-0.18615934	0.21199644	-0.22090004	0.076723374	-0.25228274	0.2772376	-0.4777758	0.2773529	-0.07531618	0.19807044	-0.39890692	0.9999991	-0.5452033	0.2155535	-0.20686646	0.22373055	-0.26028273	0.2370507	-0.1799223	0.16158214	-0.19449408	0.17417319	-0.15153667	0.14251271	-0.14788665	0.15074863	-0.16492558	0.10337964	-0.102271035	0.1292575	-0.1513246	0.14275429	-0.09034532	0.07560452	-0.13209355	0.11309188	-0.13838933	0.08569241	-0.11055181
-0.17338486	0.15486464	-0.19292165	0.20631982	-0.088410065	0.19402707	-0.2153365	0.24023266	-0.4283209	0.08625479	-0.15762241	0.2227431	-0.5452033	0.9999992	-0.39336956	0.16561861	-0.18169466	0.22691046	-0.42351967	0.23981123	-0.13946177	0.16054168	-0.1718573	0.19659123	-0.19411041	0.13131422	-0.13738719	0.15378648	-0.119523846	0.11609824	-0.11826737	0.13856646	-0.13655415	0.08642488	-0.072731026	0.12141649	-0.105049714	0.129889	-0.081241995	0.10455847
0.13501523	-0.121845655	0.13409822	-0.1525819	0.080036215	-0.16940185	0.15234499	-0.16335581	0.21465945	-0.08302921	0.13168085	-0.17847295	0.2155535	-0.39336956	0.9999989	-0.1535118	0.15150313	-0.2187833	0.27081415	-0.7151321	0.13100344	-0.15526254	0.16522644	-0.2542788	0.25210747	-0.13589422	0.13858467	-0.164859	0.14212124	-0.15511818	0.12145148	-0.14975567	0.1435868	-0.097615615	0.08084082	-0.13372755	0.11284448	-0.14797658	0.09120052	-0.12069992
-0.19848981	0.14680682	-0.15106323	0.14079551	-0.061237514	0.27491382	-0.2199014	0.16887452	-0.20711619	0.05651837	-0.57542354	0.28116903	-0.20686646	0.16561861	-0.1535118	0.99999905	-0.4144152	0.18243723	-0.16910248	0.11771001	-0.46784824	0.2793877	-0.16373076	0.10781426	-0.11073968	0.21465766	-0.19875091	0.15740901	-0.09022434	0.082153	-0.1800328	0.16653484	-0.14853884	0.08448979	-0.07321495	0.14387329	-0.12764339	0.12953126	-0.08263841	0.09979617
0.16347817	-0.13829234	0.13978724	-0.1373829	0.05652347	-0.24020723	0.2108014	-0.17850044	0.18933557	-0.0532154	0.25865883	-0.563904	0.22373055	-0.18169466	0.15150313	-0.4144152	0.99999934	-0.27741006	0.18022685	-0.12342722	0.2696655	-0.5065924	0.1931332	-0.11632138	0.1136618	-0.19975142	0.20677225	-0.18088794	0.09008789	-0.084358074	0.16008788	-0.17697012	0.15430807	-0.08912565	0.075773686	-0.14490876	0.12685275	-0.13701081	0.08567975	-0.105691366
-0.15042752	0.12377189	-0.140618	0.13966799	-0.06486231	0.17174485	-0.17176291	0.16391829	-0.21874095	0.06064573	-0.15844214	0.20856148	-0.26028273	0.22691046	-0.2187833	0.18243723	-0.27741006	0.9999994	-0.4354834	0.18425794	-0.17839335	0.2122221	-0.6362345	0.20841259	-0.19597445	0.16736276	-0.20963411	0.26873982	-0.1325606	0.12085271	-0.15542339	0.18127565	-0.22588906	0.11378488	-0.09799608	0.1473507	-0.13749172	0.16202646	-0.104326256	0.12679419
0.14203435	-0.12597889	0.13947281	-0.15393354	0.06740723	-0.17670462	0.1625325	-0.17163256	0.223623	-0.06603085	0.14348358	-0.19735806	0.2370507	-0.42351967	0.27081415	-0.16910248	0.18022685	-0.4354834	0.9999993	-0.34236318	0.14817914	-0.179265	0.23984325	-0.49334985	0.2805176	-0.15228678	0.16180402	-0.20900689	0.15590449	-0.16306429	0.13541012	-0.16723175	0.16801158	-0.1080267	0.089376956	-0.14492722	0.12471007	-0.16097021	0.099536456	-0.12970212
-0.11266282	0.09678913	-0.11128256	0.11896931	-0.06551736	0.12881152	-0.12437026	0.12704402	-0.18873678	0.06308904	-0.10437735	0.13659371	-0.1799223	0.23981123	-0.7151321	0.11771001	-0.12342722	0.18425794	-0.34236318	0.99999946	-0.10435271	0.12082984	-0.15095909	0.2632381	-0.45151985	0.10454901	-0.111471064	0.131777	-0.15305401	0.14887267	-0.09578329	0.11463141	-0.11787689	0.07646152	-0.064551994	0.10042269	-0.08748315	0.11083751	-0.07016729	0.09031627
0.13931784	-0.11176128	0.114801586	-0.11239509	0.049027413	-0.20517258	0.15685308	-0.1325743	0.16118768	-0.045660924	0.22331044	-0.2264798	0.16158214	-0.13946177	0.13100344	-0.46784824	0.2696655	-0.17839335	0.14817914	-0.10435271	0.9999993	-0.5595886	0.16869988	-0.098585896	0.09888083	-0.48529032	0.26255646	-0.18540584	0.08359659	-0.0769472	0.23151748	-0.21817565	0.16368283	-0.092775404	0.07940971	-0.18956476	0.15361124	-0.1478973	0.091759436	-0.110310994
-0.15611576	0.12280586	-0.13108878	0.1257792	-0.056626614	0.19322102	-0.18088207	0.14912887	-0.18852583	0.05240156	-0.21955028	0.25211543	-0.19449408	0.16054168	-0.15526254	0.2793877	-0.5065924	0.2122221	-0.179265	0.12082984	-0.5595886	0.99999946	-0.23090492	0.116172686	-0.11783954	0.2709658	-0.38567853	0.2114025	-0.096905485	0.08756058	-0.22273606	0.22049776	-0.18815394	0.09965334	-0.086584136	0.17286138	-0.16080096	0.1525872	-0.097437985	0.11489965
0.12033961	-0.100054495	0.109561294	-0.11143332	0.050918236	-0.14680119	0.13444822	-0.1283777	0.16556652	-0.047947057	0.13228041	-0.17231162	0.17417319	-0.1718573	0.16522644	-0.16373076	0.1931332	-0.6362345	0.23984325	-0.15095909	0.16869988	-0.23090492	0.99999934	-0.20018594	0.15771525	-0.18138652	0.22617364	-0.54174596	0.11433362	-0.10905073	0.15637006	-0.20415784	0.23819111	-0.12711975	0.10280499	-0.1577091	0.14389656	-0.18336213	0.111996	-0.1403408
-0.09629259	0.082540326	-0.09332215	0.09928249	-0.048099574	0.112953685	-0.10701894	0.108007304	-0.15367517	0.04615691	-0.09347981	0.1223669	-0.15153667	0.19659123	-0.2542788	0.10781426	-0.11632138	0.20841259	-0.49334985	0.2632381	-0.098585896	0.116172686	-0.20018594	0.99999934	-0.7174372	0.100188114	-0.110822365	0.1424129	-0.20213157	0.18156768	-0.09153829	0.11100904	-0.11977356	0.07652305	-0.064383216	0.09532532	-0.08410174	0.106918104	-0.06822375	0.087078445
0.09512285	-0.083015084	0.09162059	-0.09992447	0.047470372	-0.116424	0.10551876	-0.10761971	0.14548317	-0.04621058	0.094013795	-0.124054626	0.14251271	-0.19411041	0.25210747	-0.11073968	0.1136618	-0.19597445	0.2805176	-0.45151985	0.09888083	-0.11783954	0.15771525	-0.7174372	0.99999934	-0.10346977	0.10979928	-0.14135097	0.19708867	-0.25454947	0.09322641	-0.1154034	0.117432244	-0.08004675	0.06658968	-0.100719094	0.08690327	-0.1136058	0.07151729	-0.093166396
-0.12664662	0.09860835	-0.10690998	0.103543825	-0.04880099	0.15227555	-0.13498662	0.11640279	-0.15919457	0.044878222	-0.16259383	0.16606297	-0.14788665	0.13131422	-0.13589422	0.21465766	-0.19975142	0.16736276	-0.15228678	0.10454901	-0.48529032	0.2709658	-0.18138652	0.100188114	-0.10346977	0.9999993	-0.4732967	0.20975327	-0.09047868	0.080429345	-0.5485053	0.27218124	-0.20105363	0.10390232	-0.09156667	0.24463548	-0.21213979	0.16681226	-0.1065416	0.1201582
0.122750744	-0.0984012	0.105874255	-0.10455242	0.048440095	-0.15251602	0.13376752	-0.11847583	0.15706438	-0.044908304	0.1484259	-0.17547347	0.15074863	-0.13738719	0.13858467	-0.19875091	0.20677225	-0.20963411	0.16180402	-0.111471064	0.26255646	-0.38567853	0.22617364	-0.110822365	0.10979928	-0.4732967	0.99999917	-0.4250311	0.09702826	-0.08830806	0.2736095	-0.50152206	0.2529815	-0.12777813	0.10761657	-0.24259582	0.22510214	-0.20189704	0.12309977	-0.14369828
-0.1252123	0.09974752	-0.11160847	0.10992999	-0.053132772	0.1411491	-0.1337861	0.12216334	-0.17288692	0.04905129	-0.13190053	0.15727817	-0.16492558	0.15378648	-0.164859	0.15740901	-0.18088794	0.26873982	-0.20900689	0.131777	-0.18540584	0.2114025	-0.54174596	0.1424129	-0.14135097	0.20975327	-0.4250311	0.99999934	-0.1244282	0.10823104	-0.1945106	0.25137565	-0.50695336	0.16035877	-0.13643236	0.17641151	-0.18019748	0.21303338	-0.13741702	0.1576694
0.07784149	-0.06588745	0.07220431	-0.07676823	0.036828376	-0.09334568	0.083030485	-0.08107009	0.112829216	-0.035112374	0.07599079	-0.09564115	0.10337964	-0.119523846	0.14212124	-0.09022434	0.09008789	-0.1325606	0.15590449	-0.15305401	0.08359659	-0.096905485	0.11433362	-0.20213157	0.19708867	-0.09047868	0.09702826	-0.1244282	0.9999996	-0.9080864	0.08496694	-0.10616583	0.11777599	-0.11675038	0.0914963	-0.09333883	0.0829091	-0.114378676	0.08024597	-0.10380696
-0.07627354	0.06326688	-0.071106	0.07410149	-0.037186053	0.08629287	-0.08027773	0.077995144	-0.11487112	0.03500111	-0.07119818	0.08892144	-0.102271035	0.11609824	-0.15511818	0.082153	-0.084358074	0.12085271	-0.16306429	0.14887267	-0.0769472	0.08756058	-0.10905073	0.18156768	-0.25454947	0.080429345	-0.08830806	0.10823104	-0.9080864	0.9999996	-0.077044286	0.09314067	-0.1086744	0.096527144	-0.08462804	0.08109506	-0.07381828	0.09766739	-0.07099624	0.08805338
0.11017372	-0.08785754	0.094254054	-0.0931742	0.04359491	-0.13784716	0.117173076	-0.10372262	0.14016226	-0.040303323	0.13083357	-0.14636646	0.1292575	-0.11826737	0.12145148	-0.1800328	0.16008788	-0.15542339	0.13541012	-0.09578329	0.23151748	-0.22273606	0.15637006	-0.09153829	0.09322641	-0.5485053	0.2736095	-0.1945106	0.08496694	-0.077044286	0.99999917	-0.41059077	0.20325325	-0.11572277	0.10010392	-0.5594758	0.27970967	-0.20865989	0.1240771	-0.14166991
-0.12723538	0.09921876	-0.110014856	0.10717823	-0.0524183	0.14260733	-0.13243143	0.11748351	-0.16904889	0.048019152	-0.13721465	0.15428118	-0.1513246	0.13856646	-0.14975567	0.16653484	-0.17697012	0.18127565	-0.16723175	0.11463141	-0.21817565	0.22049776	-0.20415784	0.11100904	-0.1154034	0.27218124	-0.50152206	0.25137565	-0.10616583	0.09314067	-0.41059077	0.999999	-0.35757825	0.14880803	-0.13440263	0.29714528	-0.49493584	0.24758697	-0.15939896	0.16443668
0.11468605	-0.092174865	0.101241045	-0.1011961	0.048514895	-0.13405058	0.1210146	-0.11108736	0.15473166	-0.04496032	0.120669484	-0.14443544	0.14275429	-0.13655415	0.1435868	-0.14853884	0.15430807	-0.22588906	0.16801158	-0.11787689	0.16368283	-0.18815394	0.23819111	-0.11977356	0.117432244	-0.20105363	0.2529815	-0.50695336	0.11777599	-0.1086744	0.20325325	-0.35757825	0.9999995	-0.3634673	0.22682564	-0.2242948	0.2345307	-0.4449728	0.23200159	-0.284507
-0.07467561	0.05858356	-0.066012	0.06499779	-0.032717183	0.080511406	-0.07611683	0.06962919	-0.10409414	0.02995696	-0.07231913	0.08471455	-0.09034532	0.08642488	-0.097615615	0.08448979	-0.08912565	0.11378488	-0.1080267	0.07646152	-0.092775404	0.09965334	-0.12711975	0.07652305	-0.08004675	0.10390232	-0.12777813	0.16035877	-0.11675038	0.096527144	-0.11572277	0.14880803	-0.3634673	0.99999934	-0.790189	0.11995025	-0.13712761	0.21716076	-0.29114625	0.28073427
0.06258417	-0.049486496	0.05526274	-0.054785483	0.027238026	-0.06921681	0.06418305	-0.05883649	0.08636909	-0.025035083	0.06167174	-0.072637744	0.07560452	-0.072731026	0.08084082	-0.07321495	0.075773686	-0.09799608	0.089376956	-0.064551994	0.07940971	-0.086584136	0.10280499	-0.064383216	0.06658968	-0.09156667	0.10761657	-0.13643236	0.0914963	-0.08462804	0.10010392	-0.13440263	0.22682564	-0.790189	0.99999905	-0.11166373	0.12175078	-0.2207127	0.2445224	-0.46096918
-0.11390324	0.08805473	-0.098227836	0.09534595	-0.047431037	0.12489765	-0.116303876	0.10325408	-0.15230711	0.04326097	-0.11943742	0.1318154	-0.13209355	0.12141649	-0.13372755	0.14387329	-0.14490876	0.1473507	-0.14492722	0.10042269	-0.18956476	0.17286138	-0.1577091	0.09532532	-0.100719094	0.24463548	-0.24259582	0.17641151	-0.09333883	0.08109506	-0.5594758	0.29714528	-0.2242948	0.11995025	-0.11166373	0.99999905	-0.62995064	0.23157884	-0.1509375	0.14482358
0.095641114	-0.07535645	0.082935624	-0.08158434	0.039682776	-0.11008404	0.09933423	-0.08902975	0.12699585	-0.036452528	0.10233383	-0.116997644	0.11309188	-0.105049714	0.11284448	-0.12764339	0.12685275	-0.13749172	0.12471007	-0.08748315	0.15361124	-0.16080096	0.14389656	-0.08410174	0.08690327	-0.21213979	0.22510214	-0.18019748	0.0829091	-0.07381828	0.27970967	-0.49493584	0.2345307	-0.13712761	0.12175078	-0.62995064	0.9999991	-0.41066045	0.18019871	-0.18212835
-0.11657573	0.09024949	-0.10240227	0.09970081	-0.050871506	0.12247685	-0.117519334	0.106468774	-0.1623731	0.04629024	-0.11192139	0.12870415	-0.13838933	0.129889	-0.14797658	0.12953126	-0.13701081	0.16202646	-0.16097021	0.11083751	-0.1478973	0.1525872	-0.18336213	0.106918104	-0.1136058	0.16681226	-0.20189704	0.21303338	-0.114378676	0.09766739	-0.20865989	0.24758697	-0.4449728	0.21716076	-0.2207127	0.23157884	-0.41066045	0.99999917	-0.554609	0.28724757
0.07194836	-0.05628223	0.06325908	-0.062145017	0.031282924	-0.077836975	0.07309339	-0.06653072	0.09946186	-0.028600251	0.07013879	-0.0815414	0.08569241	-0.081241995	0.09120052	-0.08263841	0.08567975	-0.104326256	0.099536456	-0.07016729	0.091759436	-0.097437985	0.111996	-0.06822375	0.07151729	-0.1065416	0.12309977	-0.13741702	0.08024597	-0.07099624	0.1240771	-0.15939896	0.23200159	-0.29114625	0.2445224	-0.1509375	0.18019871	-0.554609	0.9999991	-0.6826921
-0.09348965	0.07226263	-0.082360946	0.08023824	-0.041338433	0.09678018	-0.09352104	0.08509459	-0.13149093	0.037569415	-0.087282136	0.10090797	-0.11055181	0.10455847	-0.12069992	0.09979617	-0.105691366	0.12679419	-0.12970212	0.09031627	-0.110310994	0.11489965	-0.1403408	0.087078445	-0.093166396	0.1201582	-0.14369828	0.1576694	-0.10380696	0.08805338	-0.14166991	0.16443668	-0.284507	0.28073427	-0.46096918	0.14482358	-0.18212835	0.28724757	-0.6826921	0.9999991
