0.99999994	-0.77076346	0.2578199	-0.21895012	0.21112958	-0.23544908	0.20324236	-0.22594878	0.19721538	-0.26167184	0.15467478	-0.199011	0.16824163	-0.21395065	0.16359198	-0.16920625	0.1410824	-0.11296173	0.13262506	-0.18693805	0.08081342	-0.08191645	0.091138534	-0.096060775	0.08719299	-0.070679314	0.06040789	-0.08981438	0.07692712	-0.08624672	0.058321577	-0.054151826	0.037293106	-0.042975225	0.040088315	-0.017018626	0.017806794	-0.03930892	0.03656315	-0.043152068
-0.77076346	0.9999997	-0.417354	0.21954429	-0.24260013	0.18601109	-0.22703022	0.1877261	-0.18410167	0.2043472	-0.1352836	0.16103382	-0.14464533	0.16001333	-0.13146712	0.12707116	-0.119071856	0.0903062	-0.11090541	0.13174006	-0.06311384	0.062597506	-0.0701786	0.0699985	-0.06416198	0.052984975	-0.0459254	0.066289835	-0.05712147	0.061787177	-0.044986684	0.040627696	-0.027530463	0.030843979	-0.028907385	0.0128772305	-0.013561591	0.028670244	-0.02655448	0.030794198
0.2578199	-0.417354	0.99999976	-0.68360573	0.29591757	-0.15164363	0.14544694	-0.28192824	0.23367901	-0.3061353	0.10558888	-0.13391154	0.16389903	-0.19980386	0.14364526	-0.114530526	0.102422476	-0.08858502	0.10333149	-0.15206753	0.056453604	-0.057256233	0.065693334	-0.072151005	0.066957906	-0.048694443	0.04219352	-0.06361758	0.057153672	-0.0647495	0.040447343	-0.037347686	0.026158247	-0.030857805	0.029291663	-0.011657462	0.012230488	-0.027400369	0.026242882	-0.03127514
-0.21895012	0.21954429	-0.68360573	0.9999996	-0.5673608	0.1083729	-0.10617256	0.19802485	-0.26051658	0.267343	-0.07881988	0.09717001	-0.1322308	0.1521813	-0.120038345	0.086106464	-0.07981824	0.068746574	-0.081735946	0.11688998	-0.043423474	0.043914247	-0.050895583	0.05541202	-0.051896755	0.03729743	-0.03247081	0.04874923	-0.044159107	0.04959551	-0.031243477	0.028669858	-0.02010637	0.023629673	-0.02248799	0.008983757	-0.009439854	0.020987373	-0.020168027	0.02392212
0.21112958	-0.24260013	0.29591757	-0.5673608	0.99999976	-0.14143708	0.12972781	-0.2465715	0.2654954	-0.60215336	0.10168355	-0.12753434	0.16603102	-0.21246453	0.17930949	-0.118585125	0.106017455	-0.093944	0.11014172	-0.18623604	0.059938062	-0.061212186	0.071760975	-0.082677916	0.07786374	-0.05245117	0.0456236	-0.070009306	0.06480156	-0.074976265	0.043498658	-0.040386923	0.028857224	-0.03494633	0.03343369	-0.012589869	0.013199589	-0.03023554	0.029610325	-0.03566792
-0.23544908	0.18601109	-0.15164363	0.1083729	-0.14143708	0.99999964	-0.6947551	0.19727902	-0.17695308	0.13630316	-0.49878523	0.32304618	-0.15893254	0.14381324	-0.11253089	0.200609	-0.19562523	0.11442329	-0.14662664	0.10569942	-0.08711674	0.080097266	-0.08057837	0.067739666	-0.059872523	0.06243737	-0.05415148	0.0712956	-0.05703817	0.056473963	-0.053344496	0.046221863	-0.02825262	0.028623352	-0.026601572	0.014336055	-0.015218555	0.029087897	-0.025002582	0.028045317
0.20324236	-0.22703022	0.14544694	-0.10617256	0.12972781	-0.6947551	0.9999996	-0.2797294	0.17392226	-0.13498043	0.2943658	-0.51844245	0.1586905	-0.14644219	0.10072826	-0.16543084	0.14662595	-0.09532382	0.11573711	-0.09611396	0.06795751	-0.064337306	0.0651357	-0.05755507	0.05126049	-0.050597157	0.043534774	-0.058947466	0.047768272	-0.048639122	0.04247005	-0.037465952	0.023368588	-0.024309956	0.02267648	-0.011560519	0.01223179	-0.024182992	0.021104936	-0.02397824
-0.22594878	0.1877261	-0.28192824	0.19802485	-0.2465715	0.19727902	-0.2797294	0.99999934	-0.61916023	0.2602381	-0.14414577	0.17827323	-0.48405543	0.28910258	-0.17132337	0.13338616	-0.1348858	0.12579904	-0.14460607	0.14941627	-0.06569473	0.06577382	-0.075218685	0.07616064	-0.07062793	0.053883575	-0.04713951	0.069317415	-0.061490007	0.06601144	-0.04532818	0.041049384	-0.027971083	0.03155042	-0.030019788	0.012755815	-0.013446756	0.0290173	-0.02715378	0.031680368
0.19721538	-0.18410167	0.23367901	-0.26051658	0.2654954	-0.17695308	0.17392226	-0.61916023	0.9999994	-0.51639616	0.12103093	-0.15677698	0.26261613	-0.34195068	0.18408422	-0.12598753	0.11815576	-0.11055628	0.12643783	-0.17065178	0.0618752	-0.06268627	0.072375394	-0.07887079	0.07403909	-0.05224541	0.045569595	-0.06863197	0.0624878	-0.06990148	0.043511275	-0.0399336	0.027833896	-0.032603353	0.031212492	-0.012378657	0.01301503	-0.029008955	0.027823402	-0.03306774
-0.26167184	0.2043472	-0.3061353	0.267343	-0.60215336	0.13630316	-0.13498043	0.2602381	-0.51639616	0.99999917	-0.10466899	0.12557183	-0.20091583	0.2202054	-0.28145316	0.119374715	-0.116598226	0.102163285	-0.1252149	0.19743218	-0.06325259	0.06398355	-0.07680467	0.086363345	-0.08433231	0.054375913	-0.047899127	0.07255589	-0.068942755	0.077719815	-0.04605504	0.0420308	-0.030092414	0.03605396	-0.03482009	0.013211479	-0.013910273	0.031208275	-0.030873835	0.03669011
0.15467478	-0.1352836	0.10558888	-0.07881988	0.10168355	-0.49878523	0.2943658	-0.14414577	0.12103093	-0.10466899	0.99999905	-0.67518336	0.1281677	-0.12437611	0.09482839	-0.38748726	0.2163	-0.118184775	0.14239927	-0.09317303	0.10154006	-0.09235762	0.08232643	-0.06502941	0.05583486	-0.068902224	0.057618517	-0.073582634	0.054977734	-0.053335954	0.055788793	-0.04882105	0.028189132	-0.027328689	0.025139907	-0.014701506	0.015571282	-0.029151894	0.023868157	-0.026573982
-0.199011	0.16103382	-0.13391154	0.09717001	-0.12753434	0.32304618	-0.51844245	0.17827323	-0.15677698	0.12557183	-0.67518336	0.99999875	-0.17154947	0.14671724	-0.112294465	0.23442559	-0.23695706	0.12819017	-0.16298702	0.106126495	-0.09864896	0.089817196	-0.08768215	0.07130152	-0.062280532	0.068526514	-0.0593319	0.076866455	-0.06027627	0.058684975	-0.05826562	0.050278798	-0.030075677	0.029840013	-0.027650675	0.01547486	-0.0164392	0.030941844	-0.026109282	0.029122414
0.16824163	-0.14464533	0.16389903	-0.1322308	0.16603102	-0.15893254	0.1586905	-0.48405543	0.26261613	-0.20091583	0.1281677	-0.17154947	0.99999875	-0.72299445	0.19610666	-0.14918484	0.15120116	-0.20885304	0.18547015	-0.18503287	0.071997106	-0.074459314	0.08608738	-0.09050476	0.082706004	-0.059976406	0.052397076	-0.07996411	0.07113584	-0.07747566	0.049312185	-0.045520578	0.0313315	-0.035797447	0.034252126	-0.013869795	0.014580412	-0.03266372	0.030575117	-0.036170967
-0.21395065	0.16001333	-0.19980386	0.1521813	-0.21246453	0.14381324	-0.14644219	0.28910258	-0.34195068	0.2202054	-0.12437611	0.14671724	-0.72299445	0.99999875	-0.32130703	0.14757974	-0.16062048	0.1725429	-0.21439533	0.2117228	-0.077067	0.078632586	-0.094355054	0.10039165	-0.095834345	0.0643005	-0.05688485	0.086091146	-0.080373764	0.08658207	-0.0540899	0.04927845	-0.034532707	0.03992819	-0.03855239	0.0152367335	-0.016062375	0.03571633	-0.0343384	0.040361106
0.16359198	-0.13146712	0.14364526	-0.120038345	0.17930949	-0.11253089	0.10072826	-0.17132337	0.18408422	-0.28145316	0.09482839	-0.112294465	0.19610666	-0.32130703	0.99999887	-0.1416923	0.13360739	-0.14002438	0.17051232	-0.77632153	0.084487654	-0.08885578	0.1200571	-0.18968558	0.19940406	-0.0774928	0.070032045	-0.11937639	0.13704881	-0.18049973	0.06414289	-0.060818456	0.04866287	-0.06894349	0.07021427	-0.018633774	0.019533118	-0.05065015	0.057132147	-0.0737186
-0.16920625	0.12707116	-0.114530526	0.086106464	-0.118585125	0.200609	-0.16543084	0.13338616	-0.12598753	0.119374715	-0.38748726	0.23442559	-0.14918484	0.14757974	-0.1416923	0.999999	-0.66822726	0.24832118	-0.3193	0.13946551	-0.279607	0.20831795	-0.17330836	0.11961331	-0.09917063	0.14609621	-0.123797685	0.14625414	-0.10369044	0.09372793	-0.11942939	0.100881115	-0.054448456	0.04898012	-0.044613667	0.02996238	-0.031914074	0.055799868	-0.043228775	0.04686893
0.1410824	-0.119071856	0.102422476	-0.07981824	0.106017455	-0.19562523	0.14662595	-0.1348858	0.11815576	-0.116598226	0.2163	-0.23695706	0.15120116	-0.16062048	0.13360739	-0.66822726	0.9999988	-0.46289757	0.2867102	-0.14727755	0.20150714	-0.24535145	0.16979523	-0.12566811	0.099189036	-0.14294828	0.1183792	-0.15681902	0.10339619	-0.09783454	0.10770974	-0.100229405	0.05557243	-0.05074658	0.045750182	-0.028368568	0.029765453	-0.058507256	0.044020925	-0.048754595
-0.11296173	0.0903062	-0.08858502	0.068746574	-0.093944	0.11442329	-0.09532382	0.12579904	-0.11055628	0.102163285	-0.118184775	0.12819017	-0.20885304	0.1725429	-0.14002438	0.24832118	-0.46289757	0.9999988	-0.7724519	0.14741416	-0.118866205	0.13079906	-0.16483614	0.12821713	-0.10151687	0.0924884	-0.081790954	0.1282137	-0.10133114	0.09102427	-0.07335432	0.06857344	-0.04453694	0.043612383	-0.04070713	0.019826112	-0.02084189	0.04632222	-0.037831865	0.042413596
0.13262506	-0.11090541	0.10333149	-0.081735946	0.11014172	-0.14662664	0.11573711	-0.14460607	0.12643783	-0.1252149	0.14239927	-0.16298702	0.18547015	-0.21439533	0.17051232	-0.3193	0.2867102	-0.7724519	0.99999887	-0.21758196	0.134088	-0.1494681	0.16498755	-0.18452902	0.13135046	-0.11247337	0.09638007	-0.15507726	0.12699664	-0.12058092	0.08687834	-0.08346442	0.05472042	-0.056274112	0.052594576	-0.02407838	0.025163006	-0.057745595	0.04818909	-0.05521562
-0.18693805	0.13174006	-0.15206753	0.11688998	-0.18623604	0.10569942	-0.09611396	0.14941627	-0.17065178	0.19743218	-0.09317303	0.106126495	-0.18503287	0.2117228	-0.77632153	0.13946551	-0.14727755	0.14741416	-0.21758196	0.99999857	-0.09007165	0.0929255	-0.13409738	0.19670318	-0.31878653	0.079937994	-0.074193396	0.12312005	-0.15924913	0.18594085	-0.068654194	0.063139334	-0.05135245	0.070798546	-0.07542842	0.019638507	-0.020734299	0.052097935	-0.060839795	0.07459411
0.08081342	-0.06311384	0.056453604	-0.043423474	0.059938062	-0.08711674	0.06795751	-0.06569473	0.0618752	-0.06325259	0.10154006	-0.09864896	0.071997106	-0.077067	0.084487654	-0.279607	0.20150714	-0.118866205	0.134088	-0.09007165	0.9999989	-0.73479617	0.24557416	-0.12305805	0.089864634	-0.4281252	0.23941255	-0.24123554	0.112064466	-0.096380726	0.20394029	-0.18886618	0.07525816	-0.054461293	0.04652704	-0.04697655	0.04906129	-0.07929799	0.04786546	-0.050164916
-0.08191645	0.062597506	-0.057256233	0.043914247	-0.061212186	0.080097266	-0.064337306	0.06577382	-0.06268627	0.06398355	-0.09235762	0.089817196	-0.074459314	0.078632586	-0.08885578	0.20831795	-0.24535145	0.13079906	-0.1494681	0.0929255	-0.73479617	0.9999991	-0.40453327	0.13148932	-0.097757354	0.26590654	-0.28928635	0.24170443	-0.12159852	0.0991659	-0.2148007	0.17916983	-0.07655709	0.054652344	-0.04753974	0.0472456	-0.05074565	0.077460825	-0.048568718	0.050431628
0.091138534	-0.0701786	0.065693334	-0.050895583	0.071760975	-0.08057837	0.0651357	-0.075218685	0.072375394	-0.07680467	0.08232643	-0.08768215	0.08608738	-0.094355054	0.1200571	-0.17330836	0.16979523	-0.16483614	0.16498755	-0.13409738	0.24557416	-0.40453327	0.9999994	-0.30339777	0.17483217	-0.24914978	0.23773639	-0.6786338	0.23155837	-0.19231959	0.17765434	-0.19176967	0.14068693	-0.09954951	0.08530656	-0.048579544	0.05043675	-0.15157244	0.0860178	-0.0916997
-0.096060775	0.0699985	-0.072151005	0.05541202	-0.082677916	0.067739666	-0.05755507	0.07616064	-0.07887079	0.086363345	-0.06502941	0.07130152	-0.09050476	0.10039165	-0.18968558	0.11961331	-0.12566811	0.12821713	-0.18452902	0.19670318	-0.12305805	0.13148932	-0.30339777	0.9999993	-0.58914274	0.11077265	-0.114661135	0.2284984	-0.5877032	0.31873924	-0.095245816	0.089658126	-0.08029069	0.110534325	-0.11636429	0.026254345	-0.027813181	0.07893528	-0.09507043	0.10869774
0.08719299	-0.06416198	0.066957906	-0.051896755	0.07786374	-0.059872523	0.05126049	-0.07062793	0.07403909	-0.08433231	0.05583486	-0.062280532	0.082706004	-0.095834345	0.19940406	-0.09917063	0.099189036	-0.10151687	0.13135046	-0.31878653	0.089864634	-0.097757354	0.17483217	-0.58914274	0.9999995	-0.08661187	0.08570586	-0.17518911	0.31173158	-0.61029994	0.072525114	-0.07026576	0.06664666	-0.11955971	0.13924499	-0.020842781	0.021934781	-0.067726	0.095155455	-0.13756357
-0.070679314	0.052984975	-0.048694443	0.03729743	-0.05245117	0.06243737	-0.050597157	0.053883575	-0.05224541	0.054375913	-0.068902224	0.068526514	-0.059976406	0.0643005	-0.0774928	0.14609621	-0.14294828	0.0924884	-0.11247337	0.079937994	-0.4281252	0.26590654	-0.24914978	0.11077265	-0.08661187	0.9999994	-0.56576526	0.228999	-0.11365587	0.08922294	-0.53415567	0.3079677	-0.082033396	0.05257678	-0.044854343	0.08494514	-0.09206077	0.080208816	-0.04769788	0.047643036
0.06040789	-0.0459254	0.04219352	-0.03247081	0.0456236	-0.05415148	0.043534774	-0.04713951	0.045569595	-0.047899127	0.057618517	-0.0593319	0.052397076	-0.05688485	0.070032045	-0.123797685	0.1183792	-0.081790954	0.09638007	-0.074193396	0.23941255	-0.28928635	0.23773639	-0.114661135	0.08570586	-0.56576526	0.999999	-0.36506724	0.1209774	-0.09433889	0.31739792	-0.5751626	0.092654474	-0.05495012	0.046014868	-0.06992233	0.07279994	-0.09206382	0.049314678	-0.04934656
-0.08981438	0.066289835	-0.06361758	0.04874923	-0.070009306	0.0712956	-0.058947466	0.069317415	-0.06863197	0.07255589	-0.073582634	0.076866455	-0.07996411	0.086091146	-0.11937639	0.14625414	-0.15681902	0.1282137	-0.15507726	0.12312005	-0.24123554	0.24170443	-0.6786338	0.2284984	-0.17518911	0.228999	-0.36506724	0.99999887	-0.33102942	0.18560156	-0.20859338	0.19822909	-0.20709406	0.10012084	-0.08691794	0.052762955	-0.05658079	0.16389066	-0.09182754	0.089449644
0.07692712	-0.05712147	0.057153672	-0.044159107	0.06480156	-0.05703817	0.047768272	-0.061490007	0.0624878	-0.068942755	0.054977734	-0.06027627	0.07113584	-0.080373764	0.13704881	-0.10369044	0.10339619	-0.10133114	0.12699664	-0.15924913	0.112064466	-0.12159852	0.23155837	-0.5877032	0.31173158	-0.11365587	0.1209774	-0.33102942	0.999999	-0.5944466	0.094551764	-0.09488773	0.09250314	-0.16078229	0.15384127	-0.026774924	0.028192831	-0.09282278	0.1205064	-0.15124619
-0.08624672	0.061787177	-0.0647495	0.04959551	-0.074976265	0.056473963	-0.048639122	0.06601144	-0.06990148	0.077719815	-0.053335954	0.058684975	-0.07747566	0.08658207	-0.18049973	0.09372793	-0.09783454	0.09102427	-0.12058092	0.18594085	-0.096380726	0.0991659	-0.19231959	0.31873924	-0.61029994	0.08922294	-0.09433889	0.18560156	-0.5944466	0.99999905	-0.07936329	0.073740736	-0.077257566	0.14954214	-0.24257769	0.022514649	-0.023913082	0.074915014	-0.1265262	0.17067423
0.058321577	-0.044986684	0.040447343	-0.031243477	0.043498658	-0.053344496	0.04247005	-0.04532818	0.043511275	-0.04605504	0.055788793	-0.05826562	0.049312185	-0.0540899	0.06414289	-0.11942939	0.10770974	-0.07335432	0.08687834	-0.068654194	0.20394029	-0.2148007	0.17765434	-0.095245816	0.072525114	-0.53415567	0.31739792	-0.20859338	0.094551764	-0.07936329	0.999999	-0.69744104	0.08434516	-0.050757848	0.041331295	-0.15599193	0.13442643	-0.08754969	0.045614026	-0.04521554
-0.054151826	0.040627696	-0.037347686	0.028669858	-0.040386923	0.046221863	-0.037465952	0.041049384	-0.0399336	0.0420308	-0.04882105	0.050278798	-0.045520578	0.04927845	-0.060818456	0.100881115	-0.100229405	0.06857344	-0.08346442	0.063139334	-0.18886618	0.17916983	-0.19176967	0.089658126	-0.07026576	0.3079677	-0.5751626	0.19822909	-0.09488773	0.073740736	-0.69744104	0.9999991	-0.08828629	0.046763424	-0.038563147	0.11039309	-0.12404706	0.08231721	-0.04301212	0.041452378
0.037293106	-0.027530463	0.026158247	-0.02010637	0.028857224	-0.02825262	0.023368588	-0.027971083	0.027833896	-0.030092414	0.028189132	-0.030075677	0.0313315	-0.034532707	0.04866287	-0.054448456	0.05557243	-0.04453694	0.05472042	-0.05135245	0.07525816	-0.07655709	0.14068693	-0.08029069	0.06664666	-0.082033396	0.092654474	-0.20709406	0.09250314	-0.077257566	0.08434516	-0.08828629	0.99999905	-0.15759306	0.08425483	-0.05171251	0.05270867	-0.9283523	0.15660034	-0.10956811
-0.042975225	0.030843979	-0.030857805	0.023629673	-0.03494633	0.028623352	-0.024309956	0.03155042	-0.032603353	0.03605396	-0.027328689	0.029840013	-0.035797447	0.03992819	-0.06894349	0.04898012	-0.05074658	0.043612383	-0.056274112	0.070798546	-0.054461293	0.054652344	-0.09954951	0.110534325	-0.11955971	0.05257678	-0.05495012	0.10012084	-0.16078229	0.14954214	-0.050757848	0.046763424	-0.15759306	0.99999887	-0.46563342	0.019601822	-0.020871086	0.14497492	-0.78027505	0.30659026
0.040088315	-0.028907385	0.029291663	-0.02248799	0.03343369	-0.026601572	0.02267648	-0.030019788	0.031212492	-0.03482009	0.025139907	-0.027650675	0.034252126	-0.03855239	0.07021427	-0.044613667	0.045750182	-0.04070713	0.052594576	-0.07542842	0.04652704	-0.04753974	0.08530656	-0.11636429	0.13924499	-0.044854343	0.046014868	-0.08691794	0.15384127	-0.24257769	0.041331295	-0.038563147	0.08425483	-0.46563342	0.99999875	-0.014347026	0.015181132	-0.08408667	0.29496512	-0.78064615
-0.017018626	0.0128772305	-0.011657462	0.008983757	-0.012589869	0.014336055	-0.011560519	0.012755815	-0.012378657	0.013211479	-0.014701506	0.01547486	-0.013869795	0.0152367335	-0.018633774	0.02996238	-0.028368568	0.019826112	-0.02407838	0.019638507	-0.04697655	0.0472456	-0.048579544	0.026254345	-0.020842781	0.08494514	-0.06992233	0.052762955	-0.026774924	0.022514649	-0.15599193	0.11039309	-0.05171251	0.019601822	-0.014347026	0.9999985	-0.9753997	0.052750297	-0.0195851	0.016220141
0.017806794	-0.013561591	0.012230488	-0.009439854	0.013199589	-0.015218555	0.01223179	-0.013446756	0.01301503	-0.013910273	0.015571282	-0.0164392	0.014580412	-0.016062375	0.019533118	-0.031914074	0.029765453	-0.02084189	0.025163006	-0.020734299	0.04906129	-0.05074565	0.05043675	-0.027813181	0.021934781	-0.09206077	0.07279994	-0.05658079	0.028192831	-0.023913082	0.13442643	-0.12404706	0.05270867	-0.020871086	0.015181132	-0.9753997	0.99999857	-0.058211178	0.020628072	-0.017254116
-0.03930892	0.028670244	-0.027400369	0.020987373	-0.03023554	0.029087897	-0.024182992	0.0290173	-0.029008955	0.031208275	-0.029151894	0.030941844	-0.03266372	0.03571633	-0.05065015	0.055799868	-0.058507256	0.04632222	-0.057745595	0.052097935	-0.07929799	0.077460825	-0.15157244	0.07893528	-0.067726	0.080208816	-0.09206382	0.16389066	-0.09282278	0.074915014	-0.08754969	0.08231721	-0.9283523	0.14497492	-0.08408667	0.052750297	-0.058211178	0.9999985	-0.19826224	0.10349971
0.03656315	-0.02655448	0.026242882	-0.020168027	0.029610325	-0.025002582	0.021104936	-0.02715378	0.027823402	-0.030873835	0.023868157	-0.026109282	0.030575117	-0.0343384	0.057132147	-0.043228775	0.044020925	-0.037831865	0.04818909	-0.060839795	0.04786546	-0.048568718	0.0860178	-0.09507043	0.095155455	-0.04769788	0.049314678	-0.09182754	0.1205064	-0.1265262	0.045614026	-0.04301212	0.15660034	-0.78027505	0.29496512	-0.0195851	0.020628072	-0.19826224	0.99999845	-0.4788698
-0.043152068	0.030794198	-0.03127514	0.02392212	-0.03566792	0.028045317	-0.02397824	0.031680368	-0.03306774	0.03669011	-0.026573982	0.029122414	-0.036170967	0.040361106	-0.0737186	0.04686893	-0.048754595	0.042413596	-0.05521562	0.07459411	-0.050164916	0.050431628	-0.0916997	0.10869774	-0.13756357	0.047643036	-0.04934656	0.089449644	-0.15124619	0.17067423	-0.04521554	0.041452378	-0.10956811	0.30659026	-0.78064615	0.016220141	-0.017254116	0.10349971	-0.4788698	0.99999845
