1.0000001	-0.40712196	0.2762719	-0.18294774	0.19977143	-0.40959197	0.28453702	-0.3435131	0.20762531	-0.19944984	0.26747462	-0.2882482	0.23619306	-0.25947902	0.20615686	-0.21272363	0.18058133	-0.27704	0.23531501	-0.3145591	0.15282775	-0.17348112	0.15987039	-0.2552904	0.18662682	-0.11097562	0.1483351	-0.18076752	0.17467108	-0.2606654	0.12729684	-0.10921138	0.13920963	-0.19015406	0.15849407	-0.07917417	0.0865573	-0.19764285	0.109638765	-0.08541686
-0.40712196	1.0000002	-0.7981704	0.17437315	-0.18412179	0.18602422	-0.28166807	0.21170641	-0.16610996	0.13401529	-0.16860951	0.18140914	-0.14299798	0.14632492	-0.13286121	0.11585655	-0.105876744	0.14654261	-0.12968858	0.15393624	-0.08669071	0.095145024	-0.08268888	0.12275539	-0.09232546	0.059009902	-0.079818934	0.09005274	-0.08651567	0.122444406	-0.06741972	0.05609104	-0.071464635	0.09252715	-0.08119654	0.04047503	-0.04491197	0.09432729	-0.055433508	0.042675145
0.2762719	-0.7981704	1.0000005	-0.2585199	0.2011205	-0.18312967	0.22014964	-0.257453	0.18907908	-0.16343942	0.16086544	-0.19292209	0.16092695	-0.17631242	0.15284564	-0.1298266	0.11522057	-0.175515	0.15312803	-0.19378754	0.09564315	-0.10760356	0.09879566	-0.1517328	0.1140198	-0.06786253	0.091498695	-0.10953288	0.10526495	-0.15456045	0.077918716	-0.06587128	0.08418155	-0.11252602	0.09610258	-0.047500603	0.05239923	-0.11406057	0.06585836	-0.050963767
-0.18294774	0.17437315	-0.2585199	1.0000002	-0.70160913	0.1149006	-0.15059157	0.24299377	-0.5437363	0.25949112	-0.11464602	0.13029096	-0.14030638	0.16546986	-0.20063083	0.08832294	-0.082015246	0.13447757	-0.13127	0.15113094	-0.06802579	0.07419839	-0.07367157	0.1070738	-0.087109685	0.048522975	-0.066901006	0.07858412	-0.076329716	0.109573565	-0.056609288	0.046937764	-0.060727905	0.07853147	-0.07043534	0.033626027	-0.037732527	0.07648832	-0.047479045	0.036307152
0.19977143	-0.18412179	0.2011205	-0.70160913	1.0000001	-0.13651785	0.1669782	-0.2938253	0.3166232	-0.42112902	0.13385472	-0.16061522	0.1717612	-0.22808687	0.24004497	-0.11143688	0.101975515	-0.17674965	0.1694683	-0.21223809	0.08467977	-0.09392929	0.09589229	-0.14379413	0.117454946	-0.06135627	0.08418704	-0.103955925	0.10088178	-0.15165472	0.07151221	-0.059934504	0.077597044	-0.10322525	0.09007613	-0.042754587	0.047747545	-0.098809324	0.06081885	-0.046701677
-0.40959197	0.18602422	-0.18312967	0.1149006	-0.13651785	1.0	-0.47662503	0.23044148	-0.1471122	0.12149369	-0.6813115	0.2921709	-0.17937753	0.15810761	-0.13369176	0.17771456	-0.1611377	0.16983743	-0.14315003	0.15304086	-0.12717108	0.13175197	-0.09195135	0.12610735	-0.09360112	0.07202967	-0.09474123	0.097607814	-0.0904648	0.12087158	-0.07800522	0.06290689	-0.07805492	0.09635826	-0.08567006	0.044933137	-0.049731992	0.09838255	-0.05840022	0.04475637
0.28453702	-0.28166807	0.22014964	-0.15059157	0.1669782	-0.47662503	1.0000002	-0.45354483	0.19596766	-0.15721285	0.30378827	-0.54182696	0.23661566	-0.20420794	0.16429877	-0.19912721	0.18882412	-0.21665406	0.17222354	-0.17938338	0.1356931	-0.15809205	0.10811326	-0.14362545	0.1076701	-0.07860739	0.102954544	-0.11446857	0.10271984	-0.13739975	0.08492074	-0.068932906	0.08581862	-0.10733316	0.09486719	-0.048992727	0.05419872	-0.1071329	0.06445943	-0.04937143
-0.3435131	0.21170641	-0.257453	0.24299377	-0.2938253	0.23044148	-0.45354483	0.9999999	-0.49954218	0.24368276	-0.2422149	0.2643169	-0.3509051	0.24843511	-0.26502678	0.15908018	-0.15695493	0.23575538	-0.21820067	0.21031141	-0.12476447	0.13247344	-0.12470119	0.16291393	-0.12878384	0.08322861	-0.115086846	0.1269398	-0.11961747	0.15640996	-0.09606993	0.07785779	-0.1001403	0.12293025	-0.11488488	0.05580493	-0.06306695	0.121609606	-0.07713307	0.05853795
0.20762531	-0.16610996	0.18907908	-0.5437363	0.3166232	-0.1471122	0.19596766	-0.49954218	0.99999994	-0.4597988	0.14408332	-0.17386338	0.1923202	-0.23573424	0.25290957	-0.11334872	0.10583694	-0.18084964	0.1709281	-0.19719248	0.08610833	-0.095017694	0.09439355	-0.13480446	0.11041535	-0.060335964	0.082834646	-0.10047306	0.09577739	-0.13852815	0.06989713	-0.057943497	0.07485916	-0.09731496	0.08661512	-0.041289553	0.04628555	-0.093282044	0.058298316	-0.044580393
-0.19944984	0.13401529	-0.16343942	0.25949112	-0.42112902	0.12149369	-0.15721285	0.24368276	-0.4597988	0.99999976	-0.12752989	0.14366941	-0.1817148	0.24291506	-0.6496628	0.0984026	-0.09340738	0.16334867	-0.18368986	0.1988409	-0.077404395	0.08338137	-0.08834664	0.12583345	-0.11289834	0.05607903	-0.078305304	0.09198216	-0.09127911	0.12976198	-0.06622435	0.054535396	-0.0712687	0.0909926	-0.083835796	0.038901594	-0.04402826	0.08673812	-0.056003682	0.042564295
0.26747462	-0.16860951	0.16086544	-0.11464602	0.13385472	-0.6813115	0.30378827	-0.2422149	0.14408332	-0.12752989	0.9999996	-0.47949678	0.20538145	-0.18296908	0.13981204	-0.27744564	0.20807905	-0.2065954	0.15957056	-0.1697225	0.15806204	-0.17490965	0.10482135	-0.14031485	0.10259047	-0.08385976	0.10633511	-0.11231817	0.099893294	-0.13295859	0.08694717	-0.07009161	0.08536634	-0.1059587	0.09210027	-0.049679752	0.05438147	-0.10736404	0.06296738	-0.048377536
-0.2882482	0.18140914	-0.19292209	0.13029096	-0.16061522	0.2921709	-0.54182696	0.2643169	-0.17386338	0.14366941	-0.47949678	0.99999964	-0.37694815	0.21342812	-0.16941096	0.2375569	-0.3407891	0.23998399	-0.19184428	0.17396626	-0.17604801	0.19195633	-0.11830658	0.14388183	-0.107558176	0.08986206	-0.11733476	0.11912857	-0.10547484	0.13264465	-0.09486179	0.074796826	-0.09183453	0.10944746	-0.09911157	0.0527636	-0.05858551	0.10981414	-0.067143574	0.0511367
0.23619306	-0.14299798	0.16092695	-0.14030638	0.1717612	-0.17937753	0.23661566	-0.3509051	0.1923202	-0.1817148	0.20538145	-0.37694815	0.99999976	-0.49997696	0.22217171	-0.17285687	0.18233766	-0.5707754	0.28422245	-0.22176984	0.12686007	-0.14552079	0.160277	-0.17139949	0.12877044	-0.07982535	0.10819623	-0.16191503	0.12308312	-0.15266731	0.08913355	-0.07282136	0.09309102	-0.11834941	0.10525126	-0.05084724	0.056980044	-0.109500036	0.070463955	-0.053561658
-0.25947902	0.14632492	-0.17631242	0.16546986	-0.22808687	0.15810761	-0.20420794	0.24843511	-0.23573424	0.24291506	-0.18296908	0.21342812	-0.49997696	0.99999976	-0.47003287	0.14039037	-0.14308009	0.29592013	-0.49283233	0.26377776	-0.11214176	0.119831175	-0.14046127	0.1794782	-0.1531908	0.078697	-0.11044814	0.13760498	-0.13113444	0.16825102	-0.09259458	0.0755259	-0.099095844	0.12434599	-0.116244115	0.053317185	-0.06063189	0.11570005	-0.07715753	0.058292042
0.20615686	-0.13286121	0.15284564	-0.20063083	0.24004497	-0.13369176	0.16429877	-0.26502678	0.25290957	-0.6496628	0.13981204	-0.16941096	0.22217171	-0.47003287	0.9999997	-0.11618604	0.11008003	-0.21450774	0.24036574	-0.32111016	0.08997764	-0.09879745	0.1094309	-0.16042447	0.14936958	-0.06553228	0.09109385	-0.1152957	0.113839835	-0.1741387	0.077173494	-0.06413001	0.084003784	-0.110726975	0.09888152	-0.045300573	0.05109634	-0.10175361	0.065966316	-0.050297357
-0.21272363	0.11585655	-0.1298266	0.08832294	-0.11143688	0.17771456	-0.19912721	0.15908018	-0.11334872	0.0984026	-0.27744564	0.2375569	-0.17285687	0.14039037	-0.11618604	0.99999964	-0.6383485	0.186286	-0.14812733	0.13382474	-0.5326644	0.32352597	-0.10518619	0.12448372	-0.08688955	0.14977342	-0.17431445	0.10536337	-0.09378464	0.107843384	-0.13250487	0.093782544	-0.10172907	0.10450395	-0.092615865	0.06378646	-0.06871082	0.11252779	-0.063982576	0.048784815
0.18058133	-0.105876744	0.11522057	-0.082015246	0.101975515	-0.1611377	0.18882412	-0.15695493	0.10583694	-0.09340738	0.20807905	-0.3407891	0.18233766	-0.14308009	0.11008003	-0.6383485	0.9999996	-0.24340235	0.1475737	-0.12925826	0.30489948	-0.5384578	0.10543824	-0.11639942	0.08151599	-0.11276545	0.13017455	-0.10487	0.0861066	-0.10060842	0.10029868	-0.07506095	0.08368949	-0.09219997	0.08076558	-0.051332988	0.055170573	-0.09571763	0.05547575	-0.042360313
-0.27704	0.14654261	-0.175515	0.13447757	-0.17674965	0.16983743	-0.21665406	0.23575538	-0.18084964	0.16334867	-0.2065954	0.23998399	-0.5707754	0.29592013	-0.21450774	0.186286	-0.24340235	0.9999996	-0.49289718	0.24461107	-0.14911209	0.16213216	-0.2906586	0.2054352	-0.15348348	0.095526695	-0.13327397	0.21057658	-0.15515047	0.17021713	-0.10882573	0.08808746	-0.1142944	0.14109355	-0.12973431	0.06107947	-0.069158055	0.1289551	-0.086177945	0.064989656
0.23531501	-0.12968858	0.15312803	-0.13127	0.1694683	-0.14315003	0.17222354	-0.21820067	0.1709281	-0.18368986	0.15957056	-0.19184428	0.28422245	-0.49283233	0.24036574	-0.14812733	0.1475737	-0.49289718	0.9999998	-0.50799	0.11478196	-0.12805918	0.17386374	-0.26728922	0.20998472	-0.0843467	0.11835863	-0.1773742	0.16783574	-0.23232962	0.09989838	-0.08313249	0.11048754	-0.14885919	0.13073096	-0.057437725	0.065175176	-0.1262435	0.08628714	-0.065437086
-0.3145591	0.15393624	-0.19378754	0.15113094	-0.21223809	0.15304086	-0.17938338	0.21031141	-0.19719248	0.1988409	-0.1697225	0.17396626	-0.22176984	0.26377776	-0.32111016	0.13382474	-0.12925826	0.24461107	-0.50799	1.0	-0.11302979	0.11678418	-0.15202181	0.238086	-0.49463782	0.09343054	-0.13643542	0.15077421	-0.18743537	0.29010922	-0.11729976	0.09591778	-0.13100703	0.16471168	-0.16458265	0.06780118	-0.07865046	0.14792737	-0.10693915	0.08006825
0.15282775	-0.08669071	0.09564315	-0.06802579	0.08467977	-0.12717108	0.1356931	-0.12476447	0.08610833	-0.077404395	0.15806204	-0.17604801	0.12686007	-0.11214176	0.08997764	-0.5326644	0.30489948	-0.14911209	0.11478196	-0.11302979	0.99999994	-0.6928841	0.0958009	-0.11537389	0.07480742	-0.26196042	0.19769686	-0.10055947	0.086426735	-0.09544551	0.1535142	-0.108968824	0.10426465	-0.103038125	0.08582887	-0.071787074	0.072405815	-0.11718163	0.06073522	-0.046762194
-0.17348112	0.095145024	-0.10760356	0.07419839	-0.09392929	0.13175197	-0.15809205	0.13247344	-0.095017694	0.08338137	-0.17490965	0.19195633	-0.14552079	0.119831175	-0.09879745	0.32352597	-0.5384578	0.16213216	-0.12805918	0.11678418	-0.6928841	0.99999994	-0.10885782	0.1158953	-0.07749898	0.1706035	-0.1967012	0.10461653	-0.088151686	0.096520096	-0.14230222	0.098437086	-0.101754464	0.10007605	-0.086833514	0.06539228	-0.069391035	0.10981085	-0.060504798	0.046216786
0.15987039	-0.08268888	0.09879566	-0.07367157	0.09589229	-0.09195135	0.10811326	-0.12470119	0.09439355	-0.08834664	0.10482135	-0.11830658	0.160277	-0.14046127	0.1094309	-0.10518619	0.10543824	-0.2906586	0.17386374	-0.15202181	0.0958009	-0.10885782	1.0000002	-0.31405255	0.12457851	-0.08746391	0.12573314	-0.8380577	0.2161181	-0.14821209	0.09779205	-0.08662338	0.1140146	-0.16518441	0.124549136	-0.054877266	0.061121352	-0.11913266	0.08244845	-0.06259693
-0.2552904	0.12275539	-0.1517328	0.1070738	-0.14379413	0.12610735	-0.14362545	0.16291393	-0.13480446	0.12583345	-0.14031485	0.14388183	-0.17139949	0.1794782	-0.16042447	0.12448372	-0.11639942	0.2054352	-0.26728922	0.238086	-0.11537389	0.1158953	-0.31405255	1.0000005	-0.30440798	0.12485059	-0.1917802	0.25152612	-0.60663307	0.2696676	-0.1708817	0.14318404	-0.21525963	0.29160517	-0.2719014	0.09438789	-0.111323826	0.20572385	-0.17286922	0.12666827
0.18662682	-0.09232546	0.1140198	-0.087109685	0.117454946	-0.09360112	0.1076701	-0.12878384	0.11041535	-0.11289834	0.10259047	-0.107558176	0.12877044	-0.1531908	0.14936958	-0.08688955	0.08151599	-0.15348348	0.20998472	-0.49463782	0.07480742	-0.07749898	0.12457851	-0.30440798	1.0000006	-0.06959469	0.10249953	-0.12951471	0.20770097	-0.7359791	0.09006364	-0.076606296	0.10773832	-0.16030934	0.13719796	-0.05188875	0.060003847	-0.117521666	0.08792805	-0.067137025
-0.11097562	0.059009902	-0.06786253	0.048522975	-0.06135627	0.07202967	-0.07860739	0.08322861	-0.060335964	0.05607903	-0.08385976	0.08986206	-0.07982535	0.078697	-0.06553228	0.14977342	-0.11276545	0.095526695	-0.0843467	0.09343054	-0.26196042	0.1706035	-0.08746391	0.12485059	-0.06959469	1.0000005	-0.69282717	0.099877626	-0.099198796	0.0924249	-0.5487583	0.24609698	-0.19552144	0.14343387	-0.10919432	0.14153874	-0.13838583	0.18164188	-0.081206396	0.0629499
0.1483351	-0.079818934	0.091498695	-0.066901006	0.08418704	-0.09474123	0.102954544	-0.115086846	0.082834646	-0.078305304	0.10633511	-0.11733476	0.10819623	-0.11044814	0.09109385	-0.17431445	0.13017455	-0.13327397	0.11835863	-0.13643542	0.19769686	-0.1967012	0.12573314	-0.1917802	0.10249953	-0.69282717	1.0000006	-0.15738589	0.14609915	-0.13856639	0.31521228	-0.36001888	0.2351837	-0.21935903	0.15661663	-0.16577289	0.14851181	-0.28733367	0.118759245	-0.09387578
-0.18076752	0.09005274	-0.10953288	0.07858412	-0.103955925	0.097607814	-0.11446857	0.1269398	-0.10047306	0.09198216	-0.11231817	0.11912857	-0.16191503	0.13760498	-0.1152957	0.10536337	-0.10487	0.21057658	-0.1773742	0.15077421	-0.10055947	0.10461653	-0.8380577	0.25152612	-0.12951471	0.099877626	-0.15738589	1.0000002	-0.29129133	0.1510117	-0.114990816	0.099850886	-0.13645805	0.17888731	-0.14620796	0.06279149	-0.0708346	0.13315348	-0.09590842	0.07185025
0.17467108	-0.08651567	0.10526495	-0.076329716	0.10088178	-0.0904648	0.10271984	-0.11961747	0.09577739	-0.09127911	0.099893294	-0.10547484	0.12308312	-0.13113444	0.113839835	-0.09378464	0.0861066	-0.15515047	0.16783574	-0.18743537	0.086426735	-0.088151686	0.2161181	-0.60663307	0.20770097	-0.099198796	0.14609915	-0.29129133	1.0	-0.31490666	0.13286814	-0.12823305	0.1878667	-0.55694056	0.2144899	-0.075321496	0.08557906	-0.17991841	0.14010508	-0.109545626
-0.2606654	0.122444406	-0.15456045	0.109573565	-0.15165472	0.12087158	-0.13739975	0.15640996	-0.13852815	0.12976198	-0.13295859	0.13264465	-0.15266731	0.16825102	-0.1741387	0.107843384	-0.10060842	0.17021713	-0.23232962	0.29010922	-0.09544551	0.096520096	-0.14821209	0.2696676	-0.7359791	0.0924249	-0.13856639	0.1510117	-0.31490666	0.9999999	-0.122531265	0.10223983	-0.1468607	0.20104685	-0.19670066	0.070035	-0.082029074	0.1560139	-0.12287707	0.092532896
0.12729684	-0.06741972	0.077918716	-0.056609288	0.07151221	-0.07800522	0.08492074	-0.09606993	0.06989713	-0.06622435	0.08694717	-0.09486179	0.08913355	-0.09259458	0.077173494	-0.13250487	0.10029868	-0.10882573	0.09989838	-0.11729976	0.1535142	-0.14230222	0.09779205	-0.1708817	0.09006364	-0.5487583	0.31521228	-0.114990816	0.13286814	-0.122531265	0.99999994	-0.53340524	0.26982638	-0.21522598	0.1507339	-0.28233024	0.20646916	-0.28529835	0.11538845	-0.09072544
-0.10921138	0.05609104	-0.06587128	0.046937764	-0.059934504	0.06290689	-0.068932906	0.07785779	-0.057943497	0.054535396	-0.07009161	0.074796826	-0.07282136	0.0755259	-0.06413001	0.093782544	-0.07506095	0.08808746	-0.08313249	0.09591778	-0.108968824	0.098437086	-0.08662338	0.14318404	-0.076606296	0.24609698	-0.36001888	0.099850886	-0.12823305	0.10223983	-0.53340524	0.9999997	-0.6516504	0.20447011	-0.14763421	0.15719868	-0.167205	0.23627803	-0.109811746	0.08309221
0.13920963	-0.071464635	0.08418155	-0.060727905	0.077597044	-0.07805492	0.08581862	-0.1001403	0.07485916	-0.0712687	0.08536634	-0.09183453	0.09309102	-0.099095844	0.084003784	-0.10172907	0.08368949	-0.1142944	0.11048754	-0.13100703	0.10426465	-0.101754464	0.1140146	-0.21525963	0.10773832	-0.19552144	0.2351837	-0.13645805	0.1878667	-0.1468607	0.26982638	-0.6516504	1.0000001	-0.3945606	0.20904358	-0.1544248	0.1501435	-0.41654742	0.16048548	-0.12421614
-0.19015406	0.09252715	-0.11252602	0.07853147	-0.10322525	0.09635826	-0.10733316	0.12293025	-0.09731496	0.0909926	-0.1059587	0.10944746	-0.11834941	0.12434599	-0.110726975	0.10450395	-0.09219997	0.14109355	-0.14885919	0.16471168	-0.103038125	0.10007605	-0.16518441	0.29160517	-0.16030934	0.14343387	-0.21935903	0.17888731	-0.55694056	0.20104685	-0.21522598	0.20447011	-0.3945606	0.99999964	-0.4253453	0.11379927	-0.13217232	0.2714809	-0.2601841	0.188726
0.15849407	-0.08119654	0.09610258	-0.07043534	0.09007613	-0.08567006	0.09486719	-0.11488488	0.08661512	-0.083835796	0.09210027	-0.09911157	0.10525126	-0.116244115	0.09888152	-0.092615865	0.08076558	-0.12973431	0.13073096	-0.16458265	0.08582887	-0.086833514	0.124549136	-0.2719014	0.13719796	-0.10919432	0.15661663	-0.14620796	0.2144899	-0.19670066	0.1507339	-0.14763421	0.20904358	-0.4253453	0.99999946	-0.10549108	0.11531114	-0.4591779	0.31642124	-0.5572792
-0.07917417	0.04047503	-0.047500603	0.033626027	-0.042754587	0.044933137	-0.048992727	0.05580493	-0.041289553	0.038901594	-0.049679752	0.0527636	-0.05084724	0.053317185	-0.045300573	0.06378646	-0.051332988	0.06107947	-0.057437725	0.06780118	-0.071787074	0.06539228	-0.054877266	0.09438789	-0.05188875	0.14153874	-0.16577289	0.06279149	-0.075321496	0.070035	-0.28233024	0.15719868	-0.1544248	0.11379927	-0.10549108	0.99999964	-0.9015226	0.18051694	-0.080296606	0.059874177
0.0865573	-0.04491197	0.05239923	-0.037732527	0.047747545	-0.049731992	0.05419872	-0.06306695	0.04628555	-0.04402826	0.05438147	-0.05858551	0.056980044	-0.06063189	0.05109634	-0.06871082	0.055170573	-0.069158055	0.065175176	-0.07865046	0.072405815	-0.069391035	0.061121352	-0.111323826	0.060003847	-0.13838583	0.14851181	-0.0708346	0.08557906	-0.082029074	0.20646916	-0.167205	0.1501435	-0.13217232	0.11531114	-0.9015226	0.9999995	-0.24300656	0.09092556	-0.06938345
-0.19764285	0.09432729	-0.11406057	0.07648832	-0.098809324	0.09838255	-0.1071329	0.121609606	-0.093282044	0.08673812	-0.10736404	0.10981414	-0.109500036	0.11570005	-0.10175361	0.11252779	-0.09571763	0.1289551	-0.1262435	0.14792737	-0.11718163	0.10981085	-0.11913266	0.20572385	-0.117521666	0.18164188	-0.28733367	0.13315348	-0.17991841	0.1560139	-0.28529835	0.23627803	-0.41654742	0.2714809	-0.4591779	0.18051694	-0.24300656	0.99999964	-0.44147718	0.2510122
0.109638765	-0.055433508	0.06585836	-0.047479045	0.06081885	-0.05840022	0.06445943	-0.07713307	0.058298316	-0.056003682	0.06296738	-0.067143574	0.070463955	-0.07715753	0.065966316	-0.063982576	0.05547575	-0.086177945	0.08628714	-0.10693915	0.06073522	-0.060504798	0.08244845	-0.17286922	0.08792805	-0.081206396	0.118759245	-0.09590842	0.14010508	-0.12287707	0.11538845	-0.109811746	0.16048548	-0.2601841	0.31642124	-0.080296606	0.09092556	-0.44147718	0.99999976	-0.7524449
-0.08541686	0.042675145	-0.050963767	0.036307152	-0.046701677	0.04475637	-0.04937143	0.05853795	-0.044580393	0.042564295	-0.048377536	0.0511367	-0.053561658	0.058292042	-0.050297357	0.048784815	-0.042360313	0.064989656	-0.065437086	0.08006825	-0.046762194	0.046216786	-0.06259693	0.12666827	-0.067137025	0.0629499	-0.09387578	0.07185025	-0.109545626	0.092532896	-0.09072544	0.08309221	-0.12421614	0.188726	-0.5572792	0.059874177	-0.06938345	0.2510122	-0.7524449	0.99999976
