1.0000001	-0.5391549	0.15500617	-0.14524832	0.12990782	-0.56835365	0.29537505	-0.17587496	0.17915072	-0.12502988	0.3093528	-0.25103426	0.24217534	-0.18831621	0.14431624	-0.26058668	0.1897234	-0.16771582	0.15125597	-0.1391055	0.17933726	-0.22037044	0.16222899	-0.165213	0.12680838	-0.30520228	0.06702715	-0.0718645	0.10283843	-0.09188603	0.089259535	-0.06659806	0.069149986	-0.086868174	0.10915613	-0.084339134	0.059403967	-0.07540642	0.054796547	-0.0881015
-0.5391549	1.0000002	-0.24262576	0.17373702	-0.16281924	0.30275577	-0.56218874	0.22340441	-0.23612271	0.14114054	-0.31136906	0.28077048	-0.3520555	0.19387726	-0.16151927	0.18959303	-0.1659991	0.14099579	-0.14350592	0.12953584	-0.13261166	0.16487707	-0.14100903	0.14009018	-0.119409576	0.19628665	-0.050833512	0.05387448	-0.08861757	0.081975505	-0.06427073	0.048325624	-0.051908564	0.070432805	-0.10037753	0.05837438	-0.043109845	0.05405486	-0.04415551	0.069561735
0.15500617	-0.24262576	1.0000002	-0.5758025	0.23260887	-0.13341549	0.17717522	-0.64880204	0.29878825	-0.20662059	0.1361117	-0.15949397	0.1889796	-0.1999031	0.15848361	-0.112649314	0.09864274	-0.09943699	0.11123414	-0.11232877	0.08064494	-0.10518985	0.09563173	-0.10738028	0.09241673	-0.12287241	0.03277039	-0.03514182	0.062040616	-0.06070562	0.0402271	-0.03086636	0.0333659	-0.049693383	0.07093509	-0.03686178	0.02745591	-0.034686632	0.030741688	-0.048783608
-0.14524832	0.17373702	-0.5758025	1.0	-0.5329622	0.11495927	-0.144665	0.29295334	-0.43641323	0.2641856	-0.1307669	0.13514385	-0.177763	0.21569102	-0.21183528	0.106717184	-0.09596405	0.10220281	-0.124228925	0.12701468	-0.077681385	0.10161249	-0.10025283	0.113697074	-0.10528645	0.11589275	-0.03300109	0.035406187	-0.0666335	0.06648572	-0.039659105	0.030670071	-0.033600014	0.05217292	-0.07849898	0.03606079	-0.027304007	0.034450274	-0.032166407	0.050680023
0.12990782	-0.16281924	0.23260887	-0.5329622	1.0000001	-0.10751025	0.12490724	-0.2310994	0.27526885	-0.65802866	0.122999854	-0.12951624	0.1585116	-0.27215832	0.2556028	-0.111659825	0.09958155	-0.11402256	0.13906561	-0.16140938	0.08197021	-0.10898184	0.108412065	-0.13266084	0.118236855	-0.12413448	0.035334058	-0.038137402	0.0725824	-0.074633084	0.042157896	-0.032833595	0.035950348	-0.057743266	0.08433277	-0.038551547	0.029188653	-0.036982715	0.03536457	-0.056139152
-0.56835365	0.30275577	-0.13341549	0.11495927	-0.10751025	1.0000001	-0.45440966	0.15281394	-0.15608563	0.0993814	-0.564399	0.23981771	-0.2415489	0.147535	-0.116784096	0.20602828	-0.15938562	0.12690063	-0.11817566	0.1050745	-0.13475461	0.16032414	-0.12505929	0.12060646	-0.09693319	0.20065135	-0.04646214	0.049233444	-0.07440327	0.06772529	-0.06037537	0.044892974	-0.047198456	0.060451422	-0.08166763	0.055349965	-0.039906967	0.05007519	-0.03799747	0.0602495
0.29537505	-0.56218874	0.17717522	-0.144665	0.12490724	-0.45440966	1.0	-0.2537333	0.18803863	-0.115612246	0.26458767	-0.51241094	0.29134986	-0.1700809	0.1289599	-0.18568443	0.16377981	-0.13028654	0.12228841	-0.110307924	0.1235041	-0.1592227	0.12448642	-0.1222693	0.09919229	-0.18349364	0.04402512	-0.04671284	0.07316935	-0.067972176	0.055881266	-0.04200593	0.044406112	-0.059069254	0.081277356	-0.05115686	0.037247524	-0.046775505	0.03694418	-0.058537472
-0.17587496	0.22340441	-0.64880204	0.29295334	-0.2310994	0.15281394	-0.2537333	0.9999999	-0.53191304	0.19269328	-0.15891515	0.19121811	-0.27396554	0.21527968	-0.17436945	0.12391377	-0.111228526	0.10846266	-0.122965656	0.118865214	-0.08832369	0.11480247	-0.105382554	0.114537686	-0.10089906	0.13196571	-0.035530526	0.03798733	-0.067378014	0.06565643	-0.04350833	0.03332901	-0.036090866	0.053357564	-0.07779546	0.03967023	-0.02964151	0.037351884	-0.033048913	0.05220333
0.17915072	-0.23612271	0.29878825	-0.43641323	0.27526885	-0.15608563	0.18803863	-0.53191304	0.9999998	-0.36435205	0.1689195	-0.19139214	0.22919236	-0.42165783	0.25372562	-0.15140358	0.13334888	-0.14622472	0.17293575	-0.17554884	0.1098888	-0.1450547	0.1378493	-0.16156945	0.13867065	-0.167904	0.045893755	-0.049397454	0.08986311	-0.089570545	0.055652235	-0.043013204	0.046712294	-0.07198847	0.10306032	-0.051044952	0.03824336	-0.04841571	0.044328406	-0.0704583
-0.12502988	0.14114054	-0.20662059	0.2641856	-0.65802866	0.0993814	-0.115612246	0.19269328	-0.36435205	0.9999999	-0.11913808	0.119743004	-0.15734057	0.2682395	-0.5039992	0.10470592	-0.09708045	0.11450765	-0.1552792	0.1796933	-0.07757246	0.10351224	-0.11191991	0.13390706	-0.13698451	0.11367458	-0.034365777	0.037040617	-0.075096324	0.078807086	-0.040108185	0.031434983	-0.034830198	0.057696223	-0.09073616	0.036322415	-0.027940454	0.035295215	-0.035223547	0.055277873
0.3093528	-0.31136906	0.1361117	-0.1307669	0.122999854	-0.564399	0.26458767	-0.15891515	0.1689195	-0.11913808	0.9999996	-0.29125315	0.24552472	-0.18805191	0.14425717	-0.4314003	0.24241859	-0.19417694	0.16394277	-0.14572771	0.22794603	-0.2664038	0.18534715	-0.17676185	0.13394603	-0.3585336	0.071503095	-0.075947724	0.10565106	-0.09509438	0.09531807	-0.07027363	0.07206919	-0.087537915	0.11281544	-0.08840598	0.06207976	-0.077934906	0.055102706	-0.08780075
-0.25103426	0.28077048	-0.15949397	0.13514385	-0.12951624	0.23981771	-0.51241094	0.19121811	-0.19139214	0.119743004	-0.29125315	0.99999976	-0.6601526	0.1949942	-0.14797674	0.20771582	-0.2623977	0.15583177	-0.1454049	0.12417052	-0.14077498	0.18599634	-0.1496551	0.1367183	-0.1130797	0.18831395	-0.047707092	0.050164122	-0.08033608	0.07532789	-0.059009504	0.044481505	-0.04731284	0.06348992	-0.09056923	0.053140663	-0.039297312	0.049047925	-0.039601903	0.0622905
0.24217534	-0.3520555	0.1889796	-0.177763	0.1585116	-0.2415489	0.29134986	-0.27396554	0.22919236	-0.15734057	0.24552472	-0.6601526	0.99999964	-0.3262358	0.18894325	-0.23306252	0.21141174	-0.1842322	0.17536694	-0.15965877	0.15990734	-0.21575874	0.16906622	-0.17223418	0.13783422	-0.24198169	0.058222387	-0.06205008	0.09835385	-0.09311971	0.073003516	-0.055339754	0.058446005	-0.07979949	0.1091494	-0.06715622	0.048942726	-0.061639085	0.04966103	-0.078947134
-0.18831621	0.19387726	-0.1999031	0.21569102	-0.27215832	0.147535	-0.1700809	0.21527968	-0.42165783	0.2682395	-0.18805191	0.1949942	-0.3262358	0.99999964	-0.5762833	0.1625843	-0.1612028	0.19816396	-0.34973654	0.26078165	-0.121283494	0.16317648	-0.19323103	0.21342525	-0.21566984	0.16977113	-0.05330246	0.05717153	-0.11849433	0.12263072	-0.06123261	0.048059072	-0.05357846	0.08858679	-0.14528386	0.054843023	-0.04265787	0.053609632	-0.054101426	0.084042184
0.14431624	-0.16151927	0.15848361	-0.21183528	0.2556028	-0.116784096	0.1289599	-0.17436945	0.25372562	-0.5039992	0.14425717	-0.14797674	0.18894325	-0.5762833	0.9999997	-0.13852909	0.13053332	-0.17169474	0.24026446	-0.41050875	0.103210084	-0.14136966	0.15881474	-0.20954323	0.20755164	-0.15010408	0.046268284	-0.05018044	0.10506834	-0.11801915	0.052984692	-0.041957323	0.046627946	-0.08112347	0.1262255	-0.04799953	0.037181515	-0.047084562	0.048942223	-0.07707957
-0.26058668	0.18959303	-0.112649314	0.106717184	-0.111659825	0.20602828	-0.18568443	0.12391377	-0.15140358	0.10470592	-0.4314003	0.20771582	-0.23306252	0.1625843	-0.13852909	0.99999964	-0.56934327	0.22456287	-0.1879998	0.14193557	-0.45865792	0.31037733	-0.23759195	0.17261097	-0.14038986	0.29332224	-0.06848834	0.06926769	-0.10240446	0.09294423	-0.088044845	0.062418297	-0.06559265	0.078039415	-0.11464132	0.07338951	-0.05471882	0.066134565	-0.049009234	0.07559751
0.1897234	-0.1659991	0.09864274	-0.09596405	0.09958155	-0.15938562	0.16377981	-0.111228526	0.13334888	-0.09708045	0.24241859	-0.2623977	0.21141174	-0.1612028	0.13053332	-0.56934327	0.9999997	-0.39132452	0.20287503	-0.15176885	0.2691985	-0.5385683	0.26687786	-0.19119133	0.14056516	-0.26736706	0.06467432	-0.065804	0.09493868	-0.089450635	0.07363821	-0.056105766	0.0580022	-0.072724834	0.105707414	-0.06353984	0.047828846	-0.05846218	0.04503189	-0.06986862
-0.16771582	0.14099579	-0.09943699	0.10220281	-0.11402256	0.12690063	-0.13028654	0.10846266	-0.14622472	0.11450765	-0.19417694	0.15583177	-0.1842322	0.19816396	-0.17169474	0.22456287	-0.39132452	0.9999994	-0.5192052	0.22746974	-0.17516024	0.26587287	-0.594161	0.27425393	-0.21660352	0.19016881	-0.060873043	0.06415425	-0.11906447	0.11920152	-0.06575751	0.051718224	-0.05698345	0.0864449	-0.13966715	0.05695052	-0.044974137	0.055466194	-0.05251259	0.080749154
0.15125597	-0.14350592	0.11123414	-0.124228925	0.13906561	-0.11817566	0.12228841	-0.122965656	0.17293575	-0.1552792	0.16394277	-0.1454049	0.17536694	-0.34973654	0.24026446	-0.1879998	0.20287503	-0.5192052	0.99999934	-0.5119963	0.13832735	-0.2074485	0.28195846	-0.4124177	0.27369386	-0.17951557	0.057881735	-0.06268463	0.13480242	-0.1486899	0.06314126	-0.05063235	0.056507938	-0.1008895	0.15650043	-0.056097038	0.044384785	-0.055786125	0.060024526	-0.093791865
-0.1391055	0.12953584	-0.11232877	0.12701468	-0.16140938	0.1050745	-0.110307924	0.118865214	-0.17554884	0.1796933	-0.14572771	0.12417052	-0.15965877	0.26078165	-0.41050875	0.14193557	-0.15176885	0.22746974	-0.5119963	0.9999994	-0.11006939	0.1550507	-0.22782701	0.29252264	-0.56446403	0.14515036	-0.05427307	0.05908404	-0.15187247	0.18657061	-0.05735864	0.046808317	-0.053834736	0.105958655	-0.20255686	0.050816596	-0.041347504	0.05215201	-0.062832065	0.0961427
0.17933726	-0.13261166	0.08064494	-0.077681385	0.08197021	-0.13475461	0.1235041	-0.08832369	0.1098888	-0.07757246	0.22794603	-0.14077498	0.15990734	-0.121283494	0.103210084	-0.45865792	0.2691985	-0.17516024	0.13832735	-0.11006939	0.9999993	-0.48590404	0.20008582	-0.14300798	0.10950224	-0.65705323	0.06626624	-0.06602619	0.0824645	-0.07364416	0.09131916	-0.06208361	0.060441196	-0.063190944	0.090070456	-0.075193696	0.052498832	-0.062312394	0.039856933	-0.061132878
-0.22037044	0.16487707	-0.10518985	0.10161249	-0.10898184	0.16032414	-0.1592227	0.11480247	-0.1450547	0.10351224	-0.2664038	0.18599634	-0.21575874	0.16317648	-0.14136966	0.31037733	-0.5385683	0.26587287	-0.2074485	0.1550507	-0.48590404	0.9999991	-0.43171245	0.20830144	-0.1599723	0.28700817	-0.08885095	0.08320644	-0.111295536	0.101403534	-0.09023955	0.069413446	-0.07149676	0.08279142	-0.12370773	0.07478671	-0.05823108	0.0698859	-0.051592167	0.07897285
0.16222899	-0.14100903	0.09563173	-0.10025283	0.108412065	-0.12505929	0.12448642	-0.105382554	0.1378493	-0.11191991	0.18534715	-0.1496551	0.16906622	-0.19323103	0.15881474	-0.23759195	0.26687786	-0.594161	0.28195846	-0.22782701	0.20008582	-0.43171245	0.9999991	-0.46907908	0.22053722	-0.2349187	0.07157785	-0.0777786	0.12996536	-0.12883592	0.0738995	-0.05962391	0.064648196	-0.09692002	0.14248838	-0.064681895	0.050922547	-0.06296143	0.05815656	-0.09035184
-0.165213	0.14009018	-0.10738028	0.113697074	-0.13266084	0.12060646	-0.1222693	0.114537686	-0.16156945	0.13390706	-0.17676185	0.1367183	-0.17223418	0.21342525	-0.20954323	0.17261097	-0.19119133	0.27425393	-0.4124177	0.29252264	-0.14300798	0.20830144	-0.46907908	0.9999988	-0.55200756	0.17529126	-0.07320822	0.07970361	-0.23263317	0.21891895	-0.07356391	0.060909722	-0.07113761	0.14278355	-0.2521471	0.06418697	-0.05357776	0.06712657	-0.08415256	0.12616564
0.12680838	-0.119409576	0.09241673	-0.10528645	0.118236855	-0.09693319	0.09919229	-0.10089906	0.13867065	-0.13698451	0.13394603	-0.1130797	0.13783422	-0.21566984	0.20755164	-0.14038986	0.14056516	-0.21660352	0.27369386	-0.56446403	0.10950224	-0.1599723	0.22053722	-0.55200756	0.9999989	-0.14951369	0.061016936	-0.068276174	0.19324861	-0.37511194	0.062038474	-0.052256696	0.06098996	-0.14077939	0.24465623	-0.055501077	0.046078186	-0.05895665	0.08029103	-0.12517838
-0.30520228	0.19628665	-0.12287241	0.11589275	-0.12413448	0.20065135	-0.18349364	0.13196571	-0.167904	0.11367458	-0.3585336	0.18831395	-0.24198169	0.16977113	-0.15010408	0.29332224	-0.26736706	0.19016881	-0.17951557	0.14515036	-0.65705323	0.28700817	-0.2349187	0.17529126	-0.14951369	0.999999	-0.0969715	0.094380274	-0.121207826	0.104581825	-0.16753756	0.09563762	-0.09445295	0.09176127	-0.13317679	0.11895016	-0.08328609	0.09601513	-0.058710836	0.08911565
0.06702715	-0.050833512	0.03277039	-0.03300109	0.035334058	-0.04646214	0.04402512	-0.035530526	0.045893755	-0.034365777	0.071503095	-0.047707092	0.058222387	-0.05330246	0.046268284	-0.06848834	0.06467432	-0.060873043	0.057881735	-0.05427307	0.06626624	-0.08885095	0.07157785	-0.07320822	0.061016936	-0.0969715	0.999999	-0.7736708	0.13212791	-0.0732655	0.20506519	-0.4591026	0.28130907	-0.108568765	0.08179659	-0.19217701	0.20772584	-0.24776682	0.068888225	-0.10095356
-0.0718645	0.05387448	-0.03514182	0.035406187	-0.038137402	0.049233444	-0.04671284	0.03798733	-0.049397454	0.037040617	-0.075947724	0.050164122	-0.06205008	0.05717153	-0.05018044	0.06926769	-0.065804	0.06415425	-0.06268463	0.05908404	-0.06602619	0.08320644	-0.0777786	0.07970361	-0.068276174	0.094380274	-0.7736708	0.99999887	-0.18298548	0.08458065	-0.22098096	0.2830474	-0.43652615	0.120488256	-0.095596336	0.17395589	-0.21330707	0.22907196	-0.07552244	0.106774084
0.10283843	-0.08861757	0.062040616	-0.0666335	0.0725824	-0.07440327	0.07316935	-0.067378014	0.08986311	-0.075096324	0.10565106	-0.08033608	0.09835385	-0.11849433	0.10506834	-0.10240446	0.09493868	-0.11906447	0.13480242	-0.15187247	0.0824645	-0.111295536	0.12996536	-0.23263317	0.19324861	-0.121207826	0.13212791	-0.18298548	0.9999987	-0.4315699	0.10095565	-0.10239165	0.13228036	-0.6153376	0.30060455	-0.09092097	0.08855067	-0.11852949	0.26047426	-0.40880635
-0.09188603	0.081975505	-0.06070562	0.06648572	-0.074633084	0.06772529	-0.067972176	0.06565643	-0.089570545	0.078807086	-0.09509438	0.07532789	-0.09311971	0.12263072	-0.11801915	0.09294423	-0.089450635	0.11920152	-0.1486899	0.18657061	-0.07364416	0.101403534	-0.12883592	0.21891895	-0.37511194	0.104581825	-0.0732655	0.08458065	-0.4315699	0.9999986	-0.06312045	0.058134586	-0.07354234	0.22656696	-0.7336582	0.056067355	-0.051451698	0.06679996	-0.12557694	0.18454097
0.089259535	-0.06427073	0.0402271	-0.039659105	0.042157896	-0.06037537	0.055881266	-0.04350833	0.055652235	-0.040108185	0.09531807	-0.059009504	0.073003516	-0.06123261	0.052984692	-0.088044845	0.07363821	-0.06575751	0.06314126	-0.05735864	0.09131916	-0.09023955	0.0738995	-0.07356391	0.062038474	-0.16753756	0.20506519	-0.22098096	0.10095565	-0.06312045	0.99999845	-0.44929183	0.2517338	-0.08958638	0.078132786	-0.72625303	0.30659863	-0.3241177	0.06444831	-0.091437265
-0.06659806	0.048325624	-0.03086636	0.030670071	-0.032833595	0.044892974	-0.04200593	0.03332901	-0.043013204	0.031434983	-0.07027363	0.044481505	-0.055339754	0.048059072	-0.041957323	0.062418297	-0.056105766	0.051718224	-0.05063235	0.046808317	-0.06208361	0.069413446	-0.05962391	0.060909722	-0.052256696	0.09563762	-0.4591026	0.2830474	-0.10239165	0.058134586	-0.44929183	0.99999803	-0.47777364	0.08702144	-0.07132743	0.28821957	-0.48843992	0.305589	-0.061239865	0.08304833
0.069149986	-0.051908564	0.0333659	-0.033600014	0.035950348	-0.047198456	0.044406112	-0.036090866	0.046712294	-0.034830198	0.07206919	-0.04731284	0.058446005	-0.05357846	0.046627946	-0.06559265	0.0580022	-0.05698345	0.056507938	-0.053834736	0.060441196	-0.07149676	0.064648196	-0.07113761	0.06098996	-0.09445295	0.28130907	-0.43652615	0.13228036	-0.07354234	0.2517338	-0.47777364	0.9999982	-0.12944503	0.089182906	-0.27326882	0.296696	-0.6209193	0.090059444	-0.1190844
-0.086868174	0.070432805	-0.049693383	0.05217292	-0.057743266	0.060451422	-0.059069254	0.053357564	-0.07198847	0.057696223	-0.087537915	0.06348992	-0.07979949	0.08858679	-0.08112347	0.078039415	-0.072724834	0.0864449	-0.1008895	0.105958655	-0.063190944	0.08279142	-0.09692002	0.14278355	-0.14077939	0.09176127	-0.108568765	0.120488256	-0.6153376	0.22656696	-0.08958638	0.08702144	-0.12944503	0.99999815	-0.34367588	0.07675751	-0.0806194	0.107198626	-0.5564226	0.3199859
0.10915613	-0.10037753	0.07093509	-0.07849898	0.08433277	-0.08166763	0.081277356	-0.07779546	0.10306032	-0.09073616	0.11281544	-0.09056923	0.1091494	-0.14528386	0.1262255	-0.11464132	0.105707414	-0.13966715	0.15650043	-0.20255686	0.090070456	-0.12370773	0.14248838	-0.2521471	0.24465623	-0.13317679	0.08179659	-0.095596336	0.30060455	-0.7336582	0.078132786	-0.07132743	0.089182906	-0.34367588	0.99999815	-0.07150264	0.064064875	-0.08642878	0.17669436	-0.2938341
-0.084339134	0.05837438	-0.03686178	0.03606079	-0.038551547	0.055349965	-0.05115686	0.03967023	-0.051044952	0.036322415	-0.08840598	0.053140663	-0.06715622	0.054843023	-0.04799953	0.07338951	-0.06353984	0.05695052	-0.056097038	0.050816596	-0.075193696	0.07478671	-0.064681895	0.06418697	-0.055501077	0.11895016	-0.19217701	0.17395589	-0.09092097	0.056067355	-0.72625303	0.28821957	-0.27326882	0.07675751	-0.07150264	0.99999815	-0.52191216	0.26835343	-0.055854466	0.07622487
0.059403967	-0.043109845	0.02745591	-0.027304007	0.029188653	-0.039906967	0.037247524	-0.02964151	0.03824336	-0.027940454	0.06207976	-0.039297312	0.048942726	-0.04265787	0.037181515	-0.05471882	0.047828846	-0.044974137	0.044384785	-0.041347504	0.052498832	-0.05823108	0.050922547	-0.05357776	0.046078186	-0.08328609	0.20772584	-0.21330707	0.08855067	-0.051451698	0.30659863	-0.48843992	0.296696	-0.0806194	0.064064875	-0.52191216	0.999998	-0.58427495	0.06344146	-0.082533695
-0.07540642	0.05405486	-0.034686632	0.034450274	-0.036982715	0.05007519	-0.046775505	0.037351884	-0.04841571	0.035295215	-0.077934906	0.049047925	-0.061639085	0.053609632	-0.047084562	0.066134565	-0.05846218	0.055466194	-0.055786125	0.05215201	-0.062312394	0.0698859	-0.06296143	0.06712657	-0.05895665	0.09601513	-0.24776682	0.22907196	-0.11852949	0.06679996	-0.3241177	0.305589	-0.6209193	0.107198626	-0.08642878	0.26835343	-0.58427495	0.99999815	-0.09648009	0.108244956
0.054796547	-0.04415551	0.030741688	-0.032166407	0.03536457	-0.03799747	0.03694418	-0.033048913	0.044328406	-0.035223547	0.055102706	-0.039601903	0.04966103	-0.054101426	0.048942223	-0.049009234	0.04503189	-0.05251259	0.060024526	-0.062832065	0.039856933	-0.051592167	0.05815656	-0.08415256	0.08029103	-0.058710836	0.068888225	-0.07552244	0.26047426	-0.12557694	0.06444831	-0.061239865	0.090059444	-0.5564226	0.17669436	-0.055854466	0.06344146	-0.09648009	0.99999815	-0.75704545
-0.0881015	0.069561735	-0.048783608	0.050680023	-0.056139152	0.0602495	-0.058537472	0.05220333	-0.0704583	0.055277873	-0.08780075	0.0622905	-0.078947134	0.084042184	-0.07707957	0.07559751	-0.06986862	0.080749154	-0.093791865	0.0961427	-0.061132878	0.07897285	-0.09035184	0.12616564	-0.12517838	0.08911565	-0.10095356	0.106774084	-0.40880635	0.18454097	-0.091437265	0.08304833	-0.1190844	0.3199859	-0.2938341	0.07622487	-0.082533695	0.108244956	-0.75704545	0.99999815
