1.0000001	-0.8195612	0.26787493	-0.3436725	0.117995955	-0.20443766	0.1508492	-0.18384975	0.15628009	-0.1185522	0.116382524	-0.1405375	0.1455655	-0.14194594	0.0769618	-0.13016345	0.11177326	-0.11738667	0.09412996	-0.08500087	0.098104976	-0.122674815	0.09421399	-0.11419034	0.1515338	-0.09118588	0.08052028	-0.09453162	0.078672096	-0.06796852	0.041025005	-0.083051175	0.07700492	-0.061175264	0.05781934	-0.032442033	0.08188831	-0.058638044	0.08179979	-0.069430225
-0.8195612	1.0000002	-0.41334185	0.26571873	-0.10806984	0.14475067	-0.14018154	0.16269243	-0.14917728	0.096438624	-0.0963645	0.11847594	-0.13442264	0.12110865	-0.067198135	0.10244686	-0.095313855	0.09922953	-0.08262419	0.07130089	-0.08686926	0.10199969	-0.082177095	0.095597126	-0.14632586	0.07805657	-0.070246965	0.08147364	-0.07271751	0.0626248	-0.03751499	0.072651386	-0.07045602	0.056094583	-0.053401627	0.0295224	-0.07472332	0.05340165	-0.07592848	0.06303147
0.26787493	-0.41334185	1.0000005	-0.7745922	0.12795837	-0.100778066	0.105741985	-0.31118667	0.21718042	-0.12099606	0.07021279	-0.105599746	0.15442318	-0.14756918	0.07080564	-0.08115048	0.08097214	-0.09284891	0.08818404	-0.07605901	0.07175494	-0.086998425	0.07473527	-0.09979178	0.11998538	-0.06554254	0.059919957	-0.071061864	0.06072644	-0.052269723	0.031083178	-0.061329275	0.05871708	-0.046782482	0.04436793	-0.024512026	0.06209951	-0.044496298	0.06281392	-0.052650608
-0.3436725	0.26571873	-0.7745922	1.0000002	-0.19439739	0.116903424	-0.1239197	0.24522288	-0.29851723	0.14836624	-0.083504006	0.119543165	-0.17762153	0.16656677	-0.087846436	0.09475398	-0.09548933	0.107406914	-0.105803534	0.0916026	-0.08758199	0.10265694	-0.089178614	0.11507859	-0.15380138	0.07904391	-0.07245651	0.085122764	-0.075914465	0.06536448	-0.038635433	0.07459522	-0.07298773	0.05828323	-0.05556732	0.030403892	-0.07706855	0.055222284	-0.0787556	0.06545527
0.117995955	-0.10806984	0.12795837	-0.19439739	1.0000006	-0.08106202	0.07927229	-0.12973464	0.13570914	-0.89247644	0.05748603	-0.085905075	0.10957496	-0.12713876	0.20796104	-0.07197841	0.070486814	-0.0836118	0.09869485	-0.24284057	0.06632562	-0.08229985	0.06852869	-0.11499326	0.1222277	-0.064347684	0.05703813	-0.06890141	0.059063803	-0.05323865	0.029383367	-0.05996469	0.056065276	-0.045723286	0.04445663	-0.02333188	0.058752388	-0.042854413	0.060347825	-0.05445897
-0.20443766	0.14475067	-0.100778066	0.116903424	-0.08106202	1.0000005	-0.53737336	0.14280406	-0.12793274	0.07459492	-0.58466434	0.27290958	-0.19220152	0.14739706	-0.075557545	0.2952523	-0.23919761	0.17983161	-0.10842427	0.07888235	-0.1838398	0.20232834	-0.15225191	0.12742558	-0.25538862	0.14645796	-0.13364255	0.14638063	-0.13149694	0.1102167	-0.0701186	0.13190387	-0.13007635	0.10136702	-0.09481612	0.054819632	-0.1397886	0.09790597	-0.13894692	0.10986313
0.1508492	-0.14018154	0.105741985	-0.1239197	0.07927229	-0.53737336	1.0000005	-0.19077024	0.14791097	-0.075518385	0.24754739	-0.6411685	0.23243748	-0.18637657	0.075542934	-0.2787455	0.24233131	-0.20122379	0.11772371	-0.080636814	0.15805791	-0.22257167	0.15219241	-0.14429553	0.20224309	-0.1389348	0.12652619	-0.14494614	0.11181045	-0.09396896	0.059883695	-0.12355624	0.111823514	-0.08700796	0.08018122	-0.047277033	0.12014936	-0.0847586	0.11621341	-0.09520751
-0.18384975	0.16269243	-0.31118667	0.24522288	-0.12973464	0.14280406	-0.19077024	1.0000004	-0.68438035	0.119406134	-0.1075253	0.18950132	-0.45436957	0.2915498	-0.1019813	0.12447991	-0.13901287	0.16562213	-0.16394074	0.103045106	-0.116122454	0.13955963	-0.13376	0.16811867	-0.19161263	0.10339866	-0.09816062	0.116612285	-0.09855103	0.08350294	-0.05026378	0.09799078	-0.09529244	0.07541433	-0.07095691	0.039547548	-0.10068934	0.0718022	-0.10143841	0.083328046
0.15628009	-0.14917728	0.21718042	-0.29851723	0.13570914	-0.12793274	0.14791097	-0.68438035	1.0000002	-0.14432177	0.09359875	-0.16571286	0.28769532	-0.49784073	0.11080696	-0.11294376	0.120697	-0.14991394	0.18564364	-0.115651414	0.10209574	-0.1276429	0.11769919	-0.20722178	0.16676608	-0.09379029	0.08768254	-0.10650747	0.08651471	-0.074166425	0.04393589	-0.08826792	0.08348746	-0.066483885	0.062612265	-0.0347044	0.08810106	-0.06320227	0.088484555	-0.07452221
-0.1185522	0.096438624	-0.12099606	0.14836624	-0.89247644	0.07459492	-0.075518385	0.119406134	-0.14432177	1.0000004	-0.053826574	0.07953307	-0.10638718	0.1191956	-0.2825597	0.06608993	-0.06593766	0.07736146	-0.093271285	0.20795798	-0.06328784	0.07596279	-0.06462886	0.10246808	-0.12485151	0.06009391	-0.053923704	0.064508565	-0.05807829	0.052042622	-0.028645247	0.056765992	-0.05470368	0.044642657	-0.04357468	0.02266821	-0.057204414	0.041659757	-0.059478294	0.052466903
0.116382524	-0.0963645	0.07021279	-0.083504006	0.05748603	-0.58466434	0.24754739	-0.1075253	0.09359875	-0.053826574	1.0000002	-0.24001426	0.14546345	-0.11516467	0.05487306	-0.67287093	0.23050337	-0.16482142	0.08202244	-0.058030944	0.14843197	-0.19777635	0.12721252	-0.09926709	0.17371659	-0.124224134	0.10982698	-0.121712565	0.09580347	-0.079919875	0.051880162	-0.105575934	0.09637824	-0.07449667	0.068460256	-0.040843144	0.1040412	-0.072873555	0.10022094	-0.080585845
-0.1405375	0.11847594	-0.105599746	0.119543165	-0.085905075	0.27290958	-0.6411685	0.18950132	-0.16571286	0.07953307	-0.24001426	1.0000001	-0.39549822	0.20269501	-0.084855385	0.23714647	-0.39506966	0.22949213	-0.13527112	0.087905765	-0.18469048	0.23902582	-0.18295582	0.15281986	-0.24466826	0.15131222	-0.14553496	0.16127908	-0.13224086	0.10989317	-0.07060332	0.1380846	-0.13177744	0.10196751	-0.094188966	0.055369813	-0.14167856	0.09906186	-0.13796893	0.109923504
0.1455655	-0.13442264	0.15442318	-0.17762153	0.10957496	-0.19220152	0.23243748	-0.45436957	0.28769532	-0.10638718	0.14546345	-0.39549822	1.0000001	-0.5296377	0.114998534	-0.17920075	0.21189076	-0.3322833	0.21056749	-0.12228707	0.15168843	-0.20589642	0.19673105	-0.2481003	0.21826963	-0.13863283	0.13373838	-0.16750407	0.12131444	-0.10209156	0.062631294	-0.12992927	0.11901591	-0.09348811	0.08621368	-0.049538184	0.12621276	-0.08993173	0.123309255	-0.10271932
-0.14194594	0.12110865	-0.14756918	0.16656677	-0.12713876	0.14739706	-0.18637657	0.2915498	-0.49784073	0.1191956	-0.11516467	0.20269501	-0.5296377	1.0000001	-0.16632833	0.13553657	-0.15576933	0.1912316	-0.4271564	0.15304202	-0.13334118	0.15821716	-0.16102622	0.27284887	-0.2339831	0.11905683	-0.11425515	0.13683015	-0.1175194	0.09996135	-0.05874973	0.11399221	-0.11213685	0.08933651	-0.08450571	0.04623017	-0.11782735	0.08439021	-0.11993261	0.09901827
0.0769618	-0.067198135	0.07080564	-0.087846436	0.20796104	-0.075557545	0.075542934	-0.1019813	0.11080696	-0.2825597	0.05487306	-0.084855385	0.114998534	-0.16632833	1.0000001	-0.069893666	0.070509546	-0.08687539	0.15347934	-0.88996434	0.06635696	-0.08277197	0.072722636	-0.16250682	0.13757542	-0.06506479	0.05831828	-0.07167968	0.06211633	-0.058596015	0.02968107	-0.061205905	0.057458494	-0.04786756	0.04749749	-0.023634342	0.059568487	-0.043999586	0.06220835	-0.059055254
-0.13016345	0.10244686	-0.08115048	0.09475398	-0.07197841	0.2952523	-0.2787455	0.12447991	-0.11294376	0.06608993	-0.67287093	0.23714647	-0.17920075	0.13553657	-0.069893666	1.0000001	-0.4347054	0.20689738	-0.10270711	0.07295788	-0.2232879	0.2456261	-0.17324477	0.121278584	-0.24596505	0.16433312	-0.1486782	0.15777591	-0.13303952	0.11002359	-0.07223306	0.13969034	-0.13371849	0.102817714	-0.0947529	0.056523666	-0.14469491	0.10046162	-0.14012137	0.11000367
0.11177326	-0.095313855	0.08097214	-0.09548933	0.070486814	-0.23919761	0.24233131	-0.13901287	0.120697	-0.06593766	0.23050337	-0.39506966	0.21189076	-0.15576933	0.070509546	-0.4347054	1.0000001	-0.4179314	0.11230154	-0.074436806	0.21707541	-0.5568015	0.23802471	-0.13573268	0.22204138	-0.18330239	0.18629605	-0.2046986	0.13501331	-0.11002691	0.07419474	-0.16339335	0.13873585	-0.10519231	0.093827076	-0.058630954	0.15072583	-0.10456192	0.13873543	-0.11093082
-0.11738667	0.09922953	-0.09284891	0.107406914	-0.0836118	0.17983161	-0.20122379	0.16562213	-0.14991394	0.07736146	-0.16482142	0.22949213	-0.3322833	0.1912316	-0.08687539	0.20689738	-0.4179314	1.0000001	-0.15298726	0.09030327	-0.21763177	0.28013617	-0.6268085	0.17440845	-0.2708119	0.187017	-0.21799313	0.27424175	-0.17637202	0.1368732	-0.091083884	0.18451992	-0.1761641	0.13247444	-0.116935864	0.07156125	-0.18629485	0.12950763	-0.17394859	0.13581264
0.09412996	-0.08262419	0.08818404	-0.105803534	0.09869485	-0.10842427	0.11772371	-0.16394074	0.18564364	-0.093271285	0.08202244	-0.13527112	0.21056749	-0.4271564	0.15347934	-0.10270711	0.11230154	-0.15298726	0.99999994	-0.19089295	0.100568175	-0.12577932	0.13649155	-0.8000069	0.18174744	-0.094914116	0.0905406	-0.1162318	0.092155956	-0.080567494	0.044442542	-0.09095593	0.08591228	-0.07002305	0.066424064	-0.035234448	0.089485705	-0.065133706	0.09129965	-0.079888985
-0.08500087	0.07130089	-0.07605901	0.0916026	-0.24284057	0.07888235	-0.080636814	0.103045106	-0.115651414	0.20795798	-0.058030944	0.087905765	-0.12228707	0.15304202	-0.88996434	0.07295788	-0.074436806	0.09030327	-0.19089295	0.9999999	-0.07185742	0.08688075	-0.07753785	0.16017857	-0.17116676	0.069375195	-0.06271367	0.07626344	-0.07013175	0.06615658	-0.032889742	0.06608693	-0.06390684	0.053482454	-0.05361615	0.026122468	-0.06595731	0.048777703	-0.07002549	0.06528202
0.098104976	-0.08686926	0.07175494	-0.08758199	0.06632562	-0.1838398	0.15805791	-0.116122454	0.10209574	-0.06328784	0.14843197	-0.18469048	0.15168843	-0.13334118	0.06635696	-0.2232879	0.21707541	-0.21763177	0.100568175	-0.07185742	1.0	-0.40725687	0.1933568	-0.12934187	0.2206545	-0.74389327	0.26170826	-0.23970148	0.14863987	-0.12343105	0.09040592	-0.2373072	0.16195315	-0.12093864	0.105399154	-0.073105596	0.18139496	-0.12586267	0.15566663	-0.1302903
-0.122674815	0.10199969	-0.086998425	0.10265694	-0.08229985	0.20232834	-0.22257167	0.13955963	-0.1276429	0.07596279	-0.19777635	0.23902582	-0.20589642	0.15821716	-0.08277197	0.2456261	-0.5568015	0.28013617	-0.12577932	0.08688075	-0.40725687	1.0000001	-0.30973548	0.15118122	-0.30179808	0.26651803	-0.3410483	0.25748762	-0.18697229	0.14962105	-0.11085273	0.23227611	-0.20190695	0.14699288	-0.12950402	0.08666999	-0.22694215	0.1505179	-0.19764368	0.1512154
0.09421399	-0.082177095	0.07473527	-0.089178614	0.06852869	-0.15225191	0.15219241	-0.13376	0.11769919	-0.06462886	0.12721252	-0.18295582	0.19673105	-0.16102622	0.072722636	-0.17324477	0.23802471	-0.6268085	0.13649155	-0.07753785	0.1933568	-0.30973548	1.0	-0.18923236	0.21820153	-0.19543439	0.235446	-0.5525468	0.16764897	-0.1305333	0.08065145	-0.20117661	0.16234022	-0.12693395	0.10631953	-0.06475023	0.16718207	-0.12171067	0.15348299	-0.12755778
-0.11419034	0.095597126	-0.09979178	0.11507859	-0.11499326	0.12742558	-0.14429553	0.16811867	-0.20722178	0.10246808	-0.09926709	0.15281986	-0.2481003	0.27284887	-0.16250682	0.121278584	-0.13573268	0.17440845	-0.8000069	0.16017857	-0.12934187	0.15118122	-0.18923236	1.0	-0.26796708	0.11868827	-0.115837246	0.14476308	-0.1264238	0.10886218	-0.059296064	0.115961276	-0.115251355	0.09410019	-0.09014587	0.046795975	-0.11929499	0.08675472	-0.12432316	0.105891064
0.1515338	-0.14632586	0.11998538	-0.15380138	0.1222277	-0.25538862	0.20224309	-0.19161263	0.16676608	-0.12485151	0.17371659	-0.24466826	0.21826963	-0.2339831	0.13757542	-0.24596505	0.22204138	-0.2708119	0.18174744	-0.17116676	0.2206545	-0.30179808	0.21820153	-0.26796708	0.9999999	-0.25659314	0.21034761	-0.27049336	0.26574007	-0.42265645	0.10003197	-0.23773712	0.21046251	-0.21113323	0.2445886	-0.082533985	0.20396192	-0.1686208	0.23843622	-0.35042268
-0.09118588	0.07805657	-0.06554254	0.07904391	-0.064347684	0.14645796	-0.1389348	0.10339866	-0.09379029	0.06009391	-0.124224134	0.15131222	-0.13863283	0.11905683	-0.06506479	0.16433312	-0.18330239	0.187017	-0.094914116	0.069375195	-0.74389327	0.26651803	-0.19543439	0.11868827	-0.25659314	0.99999934	-0.40296906	0.23321104	-0.17037913	0.13555296	-0.11297905	0.24283366	-0.1943693	0.13733444	-0.11831389	0.088101394	-0.22655293	0.14606118	-0.18478914	0.1397672
0.08052028	-0.070246965	0.059919957	-0.07245651	0.05703813	-0.13364255	0.12652619	-0.09816062	0.08768254	-0.053923704	0.10982698	-0.14553496	0.13373838	-0.11425515	0.05831828	-0.1486782	0.18629605	-0.21799313	0.0905406	-0.06271367	0.26170826	-0.3410483	0.235446	-0.115837246	0.21034761	-0.40296906	0.9999992	-0.50247544	0.17367953	-0.13474283	0.10925266	-0.5671446	0.20505118	-0.14277089	0.11302176	-0.090249404	0.2383152	-0.15925243	0.17425855	-0.13739163
-0.09453162	0.08147364	-0.071061864	0.085122764	-0.06890141	0.14638063	-0.14494614	0.116612285	-0.10650747	0.064508565	-0.121712565	0.16127908	-0.16750407	0.13683015	-0.07167968	0.15777591	-0.2046986	0.27424175	-0.1162318	0.07626344	-0.23970148	0.25748762	-0.5525468	0.14476308	-0.27049336	0.23321104	-0.50247544	0.9999993	-0.28820282	0.17780511	-0.113856375	0.26830897	-0.254659	0.18378083	-0.14651097	0.09053808	-0.24406958	0.17406327	-0.21823844	0.16808404
0.078672096	-0.07271751	0.06072644	-0.075914465	0.059063803	-0.13149694	0.11181045	-0.09855103	0.08651471	-0.05807829	0.09580347	-0.13224086	0.12131444	-0.1175194	0.06211633	-0.13303952	0.13501331	-0.17637202	0.092155956	-0.07013175	0.14863987	-0.18697229	0.16764897	-0.1264238	0.26574007	-0.17037913	0.17367953	-0.28820282	0.9999994	-0.5668318	0.084425054	-0.20340112	0.23820221	-0.53011096	0.27443328	-0.071751446	0.1817787	-0.19131276	0.28639567	-0.3226857
-0.06796852	0.0626248	-0.052269723	0.06536448	-0.05323865	0.1102167	-0.09396896	0.08350294	-0.074166425	0.052042622	-0.079919875	0.10989317	-0.10209156	0.09996135	-0.058596015	0.11002359	-0.11002691	0.1368732	-0.080567494	0.06615658	-0.12343105	0.14962105	-0.1305333	0.10886218	-0.42265645	0.13555296	-0.13474283	0.17780511	-0.5668318	0.99999946	-0.074611224	0.15680711	-0.20491889	0.26243442	-0.5459439	0.06183536	-0.16033572	0.15332939	-0.27301833	0.30693117
0.041025005	-0.03751499	0.031083178	-0.038635433	0.029383367	-0.0701186	0.059883695	-0.05026378	0.04393589	-0.028645247	0.051880162	-0.07060332	0.062631294	-0.05874973	0.02968107	-0.07223306	0.07419474	-0.091083884	0.044442542	-0.032889742	0.09040592	-0.11085273	0.08065145	-0.059296064	0.10003197	-0.11297905	0.10925266	-0.113856375	0.084425054	-0.074611224	0.99999917	-0.19535735	0.12088757	-0.08490156	0.06506067	-0.9146268	0.22903767	-0.1465189	0.10568559	-0.08984038
-0.083051175	0.072651386	-0.061329275	0.07459522	-0.05996469	0.13190387	-0.12355624	0.09799078	-0.08826792	0.056765992	-0.105575934	0.1380846	-0.12992927	0.11399221	-0.061205905	0.13969034	-0.16339335	0.18451992	-0.09095593	0.06608693	-0.2373072	0.23227611	-0.20117661	0.115961276	-0.23773712	0.24283366	-0.5671446	0.26830897	-0.20340112	0.15680711	-0.19535735	0.99999905	-0.35350788	0.18832324	-0.14057522	0.15482572	-0.50504404	0.25059497	-0.24681577	0.16908514
0.07700492	-0.07045602	0.05871708	-0.07298773	0.056065276	-0.13007635	0.111823514	-0.09529244	0.08348746	-0.05470368	0.09637824	-0.13177744	0.11901591	-0.11213685	0.057458494	-0.13371849	0.13873585	-0.1761641	0.08591228	-0.06390684	0.16195315	-0.20190695	0.16234022	-0.115251355	0.21046251	-0.1943693	0.20505118	-0.254659	0.23820221	-0.20491889	0.12088757	-0.35350788	0.999999	-0.42121926	0.17865832	-0.11320752	0.29325914	-0.62725085	0.31026807	-0.23816921
-0.061175264	0.056094583	-0.046782482	0.05828323	-0.045723286	0.10136702	-0.08700796	0.07541433	-0.066483885	0.044642657	-0.07449667	0.10196751	-0.09348811	0.08933651	-0.04786756	0.102817714	-0.10519231	0.13247444	-0.07002305	0.053482454	-0.12093864	0.14699288	-0.12693395	0.09410019	-0.21113323	0.13733444	-0.14277089	0.18378083	-0.53011096	0.26243442	-0.08490156	0.18832324	-0.42121926	0.99999887	-0.29396936	0.073628955	-0.19819944	0.24992953	-0.5859457	0.2619598
0.05781934	-0.053401627	0.04436793	-0.05556732	0.04445663	-0.09481612	0.08018122	-0.07095691	0.062612265	-0.04357468	0.068460256	-0.094188966	0.08621368	-0.08450571	0.04749749	-0.0947529	0.093827076	-0.116935864	0.066424064	-0.05361615	0.105399154	-0.12950402	0.10631953	-0.09014587	0.2445886	-0.11831389	0.11302176	-0.14651097	0.27443328	-0.5459439	0.06506067	-0.14057522	0.17865832	-0.29396936	0.999999	-0.054650504	0.13973044	-0.14262524	0.24335317	-0.6978685
-0.032442033	0.0295224	-0.024512026	0.030403892	-0.02333188	0.054819632	-0.047277033	0.039547548	-0.0347044	0.02266821	-0.040843144	0.055369813	-0.049538184	0.04623017	-0.023634342	0.056523666	-0.058630954	0.07156125	-0.035234448	0.026122468	-0.073105596	0.08666999	-0.06475023	0.046795975	-0.082533985	0.088101394	-0.090249404	0.09053808	-0.071751446	0.06183536	-0.9146268	0.15482572	-0.11320752	0.073628955	-0.054650504	0.99999875	-0.30990037	0.1322044	-0.09610877	0.07366536
0.08188831	-0.07472332	0.06209951	-0.07706855	0.058752388	-0.1397886	0.12014936	-0.10068934	0.08810106	-0.057204414	0.1040412	-0.14167856	0.12621276	-0.11782735	0.059568487	-0.14469491	0.15072583	-0.18629485	0.089485705	-0.06595731	0.18139496	-0.22694215	0.16718207	-0.11929499	0.20396192	-0.22655293	0.2383152	-0.24406958	0.1817787	-0.16033572	0.22903767	-0.50504404	0.29325914	-0.19819944	0.13973044	-0.30990037	0.99999857	-0.5292266	0.24308799	-0.1932783
-0.058638044	0.05340165	-0.044496298	0.055222284	-0.042854413	0.09790597	-0.0847586	0.0718022	-0.06320227	0.041659757	-0.072873555	0.09906186	-0.08993173	0.08439021	-0.043999586	0.10046162	-0.10456192	0.12950763	-0.065133706	0.048777703	-0.12586267	0.1505179	-0.12171067	0.08675472	-0.1686208	0.14606118	-0.15925243	0.17406327	-0.19131276	0.15332939	-0.1465189	0.25059497	-0.62725085	0.24992953	-0.14262524	0.1322044	-0.5292266	0.9999986	-0.4258121	0.18299825
0.08179979	-0.07592848	0.06281392	-0.0787556	0.060347825	-0.13894692	0.11621341	-0.10143841	0.088484555	-0.059478294	0.10022094	-0.13796893	0.123309255	-0.11993261	0.06220835	-0.14012137	0.13873543	-0.17394859	0.09129965	-0.07002549	0.15566663	-0.19764368	0.15348299	-0.12432316	0.23843622	-0.18478914	0.17425855	-0.21823844	0.28639567	-0.27301833	0.10568559	-0.24681577	0.31026807	-0.5859457	0.24335317	-0.09610877	0.24308799	-0.4258121	0.9999986	-0.38682675
-0.069430225	0.06303147	-0.052650608	0.06545527	-0.05445897	0.10986313	-0.09520751	0.083328046	-0.07452221	0.052466903	-0.080585845	0.109923504	-0.10271932	0.09901827	-0.059055254	0.11000367	-0.11093082	0.13581264	-0.079888985	0.06528202	-0.1302903	0.1512154	-0.12755778	0.105891064	-0.35042268	0.1397672	-0.13739163	0.16808404	-0.3226857	0.30693117	-0.08984038	0.16908514	-0.23816921	0.2619598	-0.6978685	0.07366536	-0.1932783	0.18299825	-0.38682675	0.9999986
