1.0000001	-0.50577515	0.13943605	-0.10234045	0.11763943	-0.7156846	0.28730783	-0.16089047	0.12710576	-0.10793802	0.25234374	-0.3147769	0.11299181	-0.079429075	0.06634859	-0.09342139	0.088066034	-0.12378754	0.077514924	-0.059130915	0.05878832	-0.0637623	0.0683793	-0.04903934	0.031056197	-0.056495078	0.055824146	-0.06147612	0.041695073	-0.03512962	0.039842613	-0.038243126	0.039641038	-0.03517758	0.033993468	-0.03991718	0.041022427	-0.036073193	0.03314072	-0.033648916
-0.50577515	1.0000001	-0.29738578	0.18378985	-0.23248245	0.28915623	-0.6164306	0.26206663	-0.23747271	0.18007195	-0.2223905	0.22257681	-0.18367024	0.12970974	-0.11138272	0.08498004	-0.0872952	0.1778808	-0.12953195	0.09519937	-0.062612936	0.069333844	-0.09049031	0.069597766	-0.045674313	0.061394446	-0.06452099	0.07884796	-0.059160627	0.050431494	-0.047243014	0.045768034	-0.051340025	0.04797402	-0.047325365	0.047149215	-0.05005787	0.046305	-0.044958502	0.04496802
0.13943605	-0.29738578	1.0	-0.6226439	0.28800058	-0.13482048	0.23283626	-0.51461655	0.25904033	-0.27227858	0.110002905	-0.14212748	0.21001239	-0.15237172	0.119810715	-0.058377694	0.05993238	-0.23814237	0.13630317	-0.11008109	0.0481404	-0.05729012	0.08726015	-0.071884274	0.047428895	-0.0508003	0.054038934	-0.079070106	0.05887632	-0.052966177	0.04013789	-0.03994252	0.047555324	-0.046870694	0.045343775	-0.041273467	0.043211397	-0.04372444	0.042774208	-0.043474063
-0.10234045	0.18378985	-0.6226439	0.99999964	-0.6109904	0.094489984	-0.1723835	0.25100687	-0.31061947	0.26677424	-0.08280734	0.10304029	-0.16448873	0.13398223	-0.11428797	0.044656876	-0.046295974	0.16958977	-0.12627465	0.09927366	-0.037888277	0.044953533	-0.07013067	0.060543194	-0.040966388	0.039986834	-0.04308309	0.0626196	-0.049922194	0.04498441	-0.03229371	0.032111295	-0.03892766	0.039013803	-0.038233325	0.03303842	-0.035013773	0.03553844	-0.03566751	0.035866167
0.11763943	-0.23248245	0.28800058	-0.6109904	0.99999934	-0.11319071	0.18026377	-0.26531413	0.28979123	-0.5627784	0.09982196	-0.13198295	0.17782837	-0.15909831	0.14941806	-0.05692008	0.05851881	-0.22189519	0.14676256	-0.13708185	0.048581954	-0.05817268	0.089465044	-0.07834844	0.053700443	-0.052052107	0.055587873	-0.08238993	0.063784726	-0.05997949	0.04188669	-0.04176276	0.05047015	-0.050747037	0.04922144	-0.04336254	0.04533561	-0.046558395	0.04612385	-0.047094166
-0.7156846	0.28915623	-0.13482048	0.094489984	-0.11319071	0.9999992	-0.40561306	0.1581874	-0.124853045	0.09910003	-0.4200011	0.2734106	-0.10978549	0.074778534	-0.062241774	0.096015416	-0.09205769	0.112087026	-0.07342939	0.05470043	-0.05882913	0.06130427	-0.06412195	0.045112513	-0.028612206	0.053684812	-0.053595036	0.056687668	-0.03858	0.032177474	-0.037565686	0.03590269	-0.036831435	0.032362223	-0.03135856	0.037032366	-0.038540926	0.03328903	-0.0305903	0.030824572
0.28730783	-0.6164306	0.23283626	-0.1723835	0.18026377	-0.40561306	0.9999994	-0.44657645	0.2079916	-0.176245	0.21505928	-0.28529936	0.19333822	-0.13041075	0.101716116	-0.08763198	0.08722991	-0.2064701	0.12065248	-0.09166427	0.061959907	-0.06978879	0.08918252	-0.06809323	0.04387281	-0.061610825	0.06333749	-0.07974716	0.056917574	-0.04915626	0.04597611	-0.044833507	0.049759377	-0.046488326	0.045058064	-0.046456303	0.04838425	-0.045392316	0.04315765	-0.0437087
-0.16089047	0.26206663	-0.51461655	0.25100687	-0.26531413	0.1581874	-0.44657645	0.9999992	-0.39745414	0.23683226	-0.12853077	0.15387203	-0.4159419	0.19047423	-0.13650496	0.064109705	-0.06667362	0.26446712	-0.17222379	0.11944098	-0.052768476	0.06232701	-0.0981778	0.07905704	-0.051963367	0.05478374	-0.05897922	0.08507971	-0.06546766	0.056907732	-0.043448113	0.043174684	-0.051696397	0.050881438	-0.04967741	0.044118345	-0.04688245	0.047004323	-0.04662874	0.046625964
0.12710576	-0.23747271	0.25904033	-0.31061947	0.28979123	-0.124853045	0.2079916	-0.39745414	0.99999917	-0.6141233	0.11017479	-0.14417677	0.24082655	-0.34980634	0.20212977	-0.06485701	0.06710424	-0.27987313	0.23072757	-0.19204462	0.056530777	-0.068174295	0.10912306	-0.10388969	0.070619605	-0.060669143	0.065623924	-0.09962473	0.082778685	-0.07756792	0.049293112	-0.04945201	0.061173666	-0.063445665	0.061594754	-0.050725922	0.053738654	-0.05614085	0.05706454	-0.05746118
-0.10793802	0.18007195	-0.27227858	0.26677424	-0.5627784	0.09910003	-0.176245	0.23683226	-0.6141233	0.9999994	-0.09231508	0.11351096	-0.19449127	0.21307187	-0.26433942	0.0536162	-0.056158822	0.20243937	-0.21358663	0.18462223	-0.047837067	0.057033934	-0.09298103	0.089506924	-0.064970426	0.050904047	-0.05597416	0.08239532	-0.07396422	0.069126815	-0.04249499	0.042419538	-0.05334029	0.055626743	-0.055452846	0.0432187	-0.04669672	0.04826323	-0.050667323	0.050099805
0.25234374	-0.2223905	0.110002905	-0.08280734	0.09982196	-0.4200011	0.21505928	-0.12853077	0.11017479	-0.09231508	0.9999992	-0.7798882	0.10978953	-0.074568264	0.06250786	-0.23631372	0.18272501	-0.120810464	0.074205354	-0.055863068	0.108801946	-0.109867714	0.089597344	-0.05618899	0.034132466	-0.09551557	0.08936341	-0.080313876	0.048890624	-0.039180692	0.060136147	-0.05675656	0.05270771	-0.042841204	0.040806912	-0.05850661	0.059681006	-0.047603503	0.041104734	-0.041588645
-0.3147769	0.22257681	-0.14212748	0.10304029	-0.13198295	0.2734106	-0.28529936	0.15387203	-0.14417677	0.11351096	-0.7798882	0.9999992	-0.1436862	0.09297009	-0.079454236	0.19296195	-0.22928336	0.14073922	-0.09445598	0.06911947	-0.118892655	0.12001206	-0.107467726	0.06644397	-0.041031424	0.10124849	-0.10369272	0.09212993	-0.058414917	0.04645277	-0.069462866	0.06518376	-0.062089782	0.050496973	-0.048840165	0.06596001	-0.07021856	0.055240516	-0.048785046	0.04865817
0.11299181	-0.18367024	0.21001239	-0.16448873	0.17782837	-0.10978549	0.19333822	-0.4159419	0.24082655	-0.19449127	0.10978953	-0.1436862	0.9999993	-0.35627323	0.16398433	-0.073194675	0.07771794	-0.7176635	0.23818968	-0.1516262	0.06479311	-0.08141343	0.14492731	-0.108453125	0.06764951	-0.069666065	0.07605288	-0.12597674	0.08790885	-0.07466442	0.054855265	-0.05570531	0.06825137	-0.06733499	0.06429686	-0.05618134	0.059520226	-0.06257203	0.06080125	-0.06094563
-0.079429075	0.12970974	-0.15237172	0.13398223	-0.15909831	0.074778534	-0.13041075	0.19047423	-0.34980634	0.21307187	-0.074568264	0.09297009	-0.35627323	0.9999991	-0.33103788	0.05100765	-0.05422309	0.26108068	-0.71832305	0.25499812	-0.04876875	0.059784625	-0.10916888	0.13138923	-0.087925225	0.05265861	-0.059672777	0.09512488	-0.10509459	0.08810809	-0.044817656	0.045635346	-0.060984146	0.06876257	-0.06835335	0.045243282	-0.050104126	0.05462674	-0.06101384	0.05803942
0.06634859	-0.11138272	0.119810715	-0.11428797	0.14941806	-0.062241774	0.101716116	-0.13650496	0.20212977	-0.26433942	0.06250786	-0.079454236	0.16398433	-0.33103788	0.99999917	-0.044933744	0.047257796	-0.20286046	0.27690652	-0.8165895	0.04364174	-0.05366205	0.09398907	-0.12308597	0.12084056	-0.04799887	0.05397826	-0.08712718	0.093916476	-0.1282556	0.041253712	-0.0421216	0.056476373	-0.06595804	0.06453941	-0.042198226	0.046212815	-0.051471293	0.05711289	-0.05652908
-0.09342139	0.08498004	-0.058377694	0.044656876	-0.05692008	0.096015416	-0.08763198	0.064109705	-0.06485701	0.0536162	-0.23631372	0.19296195	-0.073194675	0.05100765	-0.044933744	0.999999	-0.795355	0.08960327	-0.05506223	0.040689122	-0.39352918	0.26348913	-0.14532329	0.066895105	-0.037271045	0.21295114	-0.20181666	0.123709135	-0.06160371	0.043897364	-0.11708194	0.10670623	-0.083180696	0.056921776	-0.052611582	0.1028007	-0.10879385	0.07291243	-0.056504972	0.055861995
0.088066034	-0.0872952	0.05993238	-0.046295974	0.05851881	-0.09205769	0.08722991	-0.06667362	0.06710424	-0.056158822	0.18272501	-0.22928336	0.07771794	-0.05422309	0.047257796	-0.795355	0.9999992	-0.10149862	0.05821396	-0.043240592	0.26794845	-0.39140725	0.15074196	-0.07335774	0.040267877	-0.23205058	0.19869563	-0.13824445	0.06627228	-0.047938693	0.11638182	-0.112157084	0.0867348	-0.061392248	0.05591526	-0.11104757	0.10864076	-0.07820488	0.05996635	-0.060448114
-0.12378754	0.1778808	-0.23814237	0.16958977	-0.22189519	0.112087026	-0.2064701	0.26446712	-0.27987313	0.20243937	-0.120810464	0.14073922	-0.7176635	0.26108068	-0.20286046	0.08960327	-0.10149862	0.9999993	-0.3109435	0.16753651	-0.08414883	0.10548674	-0.23864636	0.13093497	-0.0827751	0.087936625	-0.09994878	0.15977626	-0.11311963	0.088977285	-0.07094611	0.071673214	-0.08902899	0.08483193	-0.08309458	0.0709063	-0.077458605	0.079211496	-0.078406826	0.07636089
0.077514924	-0.12953195	0.13630317	-0.12627465	0.14676256	-0.07342939	0.12065248	-0.17222379	0.23072757	-0.21358663	0.074205354	-0.09445598	0.23818968	-0.71832305	0.27690652	-0.05506223	0.05821396	-0.3109435	0.9999996	-0.41202503	0.05368607	-0.06670962	0.12165559	-0.19360293	0.11085235	-0.0589131	0.066771835	-0.11146538	0.1272703	-0.11320804	0.05020488	-0.05159036	0.06989145	-0.08280568	0.07951787	-0.05105429	0.056324948	-0.06328283	0.070891745	-0.068054415
-0.059130915	0.09519937	-0.11008109	0.09927366	-0.13708185	0.05470043	-0.09166427	0.11944098	-0.19204462	0.18462223	-0.055863068	0.06911947	-0.1516262	0.25499812	-0.8165895	0.040689122	-0.043240592	0.16753651	-0.41202503	0.99999976	-0.04068038	0.049702622	-0.09058039	0.12624511	-0.15009795	0.044399243	-0.05104743	0.08116332	-0.10034709	0.12791291	-0.039201528	0.04003887	-0.055350877	0.06594163	-0.06644384	0.03950305	-0.044415176	0.049510874	-0.05767227	0.055186726
0.05878832	-0.062612936	0.0481404	-0.037888277	0.048581954	-0.05882913	0.061959907	-0.052768476	0.056530777	-0.047837067	0.108801946	-0.118892655	0.06479311	-0.04876875	0.04364174	-0.39352918	0.26794845	-0.08414883	0.05368607	-0.04068038	0.9999996	-0.5317589	0.18234903	-0.08483529	0.04520772	-0.6252999	0.290654	-0.17361039	0.07799274	-0.05442668	0.17792916	-0.16065204	0.11157221	-0.07411857	0.066479534	-0.16253276	0.14852637	-0.10026697	0.073221005	-0.073346876
-0.0637623	0.069333844	-0.05729012	0.044953533	-0.05817268	0.06130427	-0.06978879	0.06232701	-0.068174295	0.057033934	-0.109867714	0.12001206	-0.08141343	0.059784625	-0.05366205	0.26348913	-0.39140725	0.10548674	-0.06670962	0.049702622	-0.5317589	0.99999976	-0.32761818	0.10597727	-0.05640681	0.30986363	-0.5280181	0.22890884	-0.10005119	0.0669962	-0.19097753	0.1920986	-0.14178835	0.09090169	-0.08232784	0.1613612	-0.18898042	0.12089932	-0.09024252	0.08798398
0.0683793	-0.09049031	0.08726015	-0.07013067	0.089465044	-0.06412195	0.08918252	-0.0981778	0.10912306	-0.09298103	0.089597344	-0.107467726	0.14492731	-0.10916888	0.09398907	-0.14532329	0.15074196	-0.23864636	0.12165559	-0.09058039	0.18234903	-0.32761818	0.9999997	-0.2503663	0.11654185	-0.21227232	0.24652246	-0.7338863	0.2105217	-0.14307258	0.14998916	-0.16620629	0.20221917	-0.16747181	0.14191695	-0.1553486	0.16176116	-0.18889418	0.14734097	-0.15125842
-0.04903934	0.069597766	-0.071884274	0.060543194	-0.07834844	0.045112513	-0.06809323	0.07905704	-0.10388969	0.089506924	-0.05618899	0.06644397	-0.108453125	0.13138923	-0.12308597	0.066895105	-0.07335774	0.13093497	-0.19360293	0.12624511	-0.08483529	0.10597727	-0.2503663	0.99999976	-0.383208	0.093876876	-0.12180453	0.2158315	-0.7034932	0.26967627	-0.09289203	0.099079564	-0.16568768	0.24515706	-0.24629071	0.089501664	-0.11199937	0.13984591	-0.20465563	0.16650486
0.031056197	-0.045674313	0.047428895	-0.040966388	0.053700443	-0.028612206	0.04387281	-0.051963367	0.070619605	-0.064970426	0.034132466	-0.041031424	0.06764951	-0.087925225	0.12084056	-0.037271045	0.040267877	-0.0827751	0.11085235	-0.15009795	0.04520772	-0.05640681	0.11654185	-0.383208	0.9999996	-0.050916295	0.06335197	-0.11293002	0.23118496	-0.85972327	0.049544066	-0.052696515	0.08429223	-0.13080217	0.12726773	-0.048960023	0.05905813	-0.074865974	0.10112468	-0.096196644
-0.056495078	0.061394446	-0.0508003	0.039986834	-0.052052107	0.053684812	-0.061610825	0.05478374	-0.060669143	0.050904047	-0.09551557	0.10124849	-0.069666065	0.05265861	-0.04799887	0.21295114	-0.23205058	0.087936625	-0.0589131	0.044399243	-0.6252999	0.30986363	-0.21227232	0.093876876	-0.050916295	0.9999996	-0.52319396	0.19005643	-0.090288885	0.060474053	-0.32314733	0.2225959	-0.14571455	0.08730138	-0.07960893	0.2090221	-0.21768194	0.12380195	-0.08945351	0.08640939
0.055824146	-0.06452099	0.054038934	-0.04308309	0.055587873	-0.053595036	0.06333749	-0.05897922	0.065623924	-0.05597416	0.08936341	-0.10369272	0.07605288	-0.059672777	0.05397826	-0.20181666	0.19869563	-0.09994878	0.066771835	-0.05104743	0.290654	-0.5280181	0.24652246	-0.12180453	0.06335197	-0.52319396	0.9999995	-0.32410893	0.11607564	-0.07679085	0.24015422	-0.3831562	0.18011421	-0.11072328	0.09643696	-0.22871386	0.23564231	-0.16009301	0.10896966	-0.10826167
-0.06147612	0.07884796	-0.079070106	0.0626196	-0.08238993	0.056687668	-0.07974716	0.08507971	-0.09962473	0.08239532	-0.080313876	0.09212993	-0.12597674	0.09512488	-0.08712718	0.123709135	-0.13824445	0.15977626	-0.11146538	0.08116332	-0.17361039	0.22890884	-0.7338863	0.2158315	-0.11293002	0.19005643	-0.32410893	0.99999964	-0.2876161	0.12955917	-0.16006298	0.17883292	-0.28885794	0.17499137	-0.15611042	0.14956222	-0.1821514	0.19544172	-0.16423136	0.1482839
0.041695073	-0.059160627	0.05887632	-0.049922194	0.063784726	-0.03858	0.056917574	-0.06546766	0.082778685	-0.07396422	0.048890624	-0.058414917	0.08790885	-0.10509459	0.093916476	-0.06160371	0.06627228	-0.11311963	0.1272703	-0.10034709	0.07799274	-0.10005119	0.2105217	-0.7034932	0.23118496	-0.090288885	0.11607564	-0.2876161	0.9999999	-0.30815032	0.08648025	-0.096025094	0.16123685	-0.41702062	0.22592187	-0.08602339	0.10394363	-0.14701894	0.19854982	-0.17885561
-0.03512962	0.050431494	-0.052966177	0.04498441	-0.05997949	0.032177474	-0.04915626	0.056907732	-0.07756792	0.069126815	-0.039180692	0.04645277	-0.07466442	0.08810809	-0.1282556	0.043897364	-0.047938693	0.088977285	-0.11320804	0.12791291	-0.05442668	0.0669962	-0.14307258	0.26967627	-0.85972327	0.060474053	-0.07679085	0.12955917	-0.30815032	0.9999996	-0.060475457	0.06387013	-0.10455769	0.15228336	-0.16932867	0.05868313	-0.0727371	0.08993364	-0.12769748	0.11455522
0.039842613	-0.047243014	0.04013789	-0.03229371	0.04188669	-0.037565686	0.04597611	-0.043448113	0.049293112	-0.04249499	0.060136147	-0.069462866	0.054855265	-0.044817656	0.041253712	-0.11708194	0.11638182	-0.07094611	0.05020488	-0.039201528	0.17792916	-0.19097753	0.14998916	-0.09289203	0.049544066	-0.32314733	0.24015422	-0.16006298	0.08648025	-0.060475457	0.9999996	-0.48222622	0.18135293	-0.10059592	0.0875352	-0.7025328	0.31661978	-0.17175147	0.10542499	-0.105779864
-0.038243126	0.045768034	-0.03994252	0.032111295	-0.04176276	0.03590269	-0.044833507	0.043174684	-0.04945201	0.042419538	-0.05675656	0.06518376	-0.05570531	0.045635346	-0.0421216	0.10670623	-0.112157084	0.071673214	-0.05159036	0.04003887	-0.16065204	0.1920986	-0.16620629	0.099079564	-0.052696515	0.2225959	-0.3831562	0.17883292	-0.096025094	0.06387013	-0.48222622	0.99999946	-0.32268652	0.11521761	-0.09890141	0.30964676	-0.62448555	0.21853296	-0.12621534	0.11732864
0.039641038	-0.051340025	0.047555324	-0.03892766	0.05047015	-0.036831435	0.049759377	-0.051696397	0.061173666	-0.05334029	0.05270771	-0.062089782	0.06825137	-0.060984146	0.056476373	-0.083180696	0.0867348	-0.08902899	0.06989145	-0.055350877	0.11157221	-0.14178835	0.20221917	-0.16568768	0.08429223	-0.14571455	0.18011421	-0.28885794	0.16123685	-0.10455769	0.18135293	-0.32268652	0.9999996	-0.2627379	0.18558706	-0.19135384	0.24094003	-0.73463	0.26055232	-0.24974272
-0.03517758	0.04797402	-0.046870694	0.039013803	-0.050747037	0.032362223	-0.046488326	0.050881438	-0.063445665	0.055626743	-0.042841204	0.050496973	-0.06733499	0.06876257	-0.06595804	0.056921776	-0.061392248	0.08483193	-0.08280568	0.06594163	-0.07411857	0.09090169	-0.16747181	0.24515706	-0.13080217	0.08730138	-0.11072328	0.17499137	-0.41702062	0.15228336	-0.10059592	0.11521761	-0.2627379	0.9999995	-0.58798176	0.09828776	-0.13122146	0.22066776	-0.5015796	0.3096939
0.033993468	-0.047325365	0.045343775	-0.038233325	0.04922144	-0.03135856	0.045058064	-0.04967741	0.061594754	-0.055452846	0.040806912	-0.048840165	0.06429686	-0.06835335	0.06453941	-0.052611582	0.05591526	-0.08309458	0.07951787	-0.06644384	0.066479534	-0.08232784	0.14191695	-0.24629071	0.12726773	-0.07960893	0.09643696	-0.15611042	0.22592187	-0.16932867	0.0875352	-0.09890141	0.18558706	-0.58798176	0.99999946	-0.09011328	0.11110956	-0.19312692	0.30882096	-0.64618194
-0.03991718	0.047149215	-0.041273467	0.03303842	-0.04336254	0.037032366	-0.046456303	0.044118345	-0.050725922	0.0432187	-0.05850661	0.06596001	-0.05618134	0.045243282	-0.042198226	0.1028007	-0.11104757	0.0709063	-0.05105429	0.03950305	-0.16253276	0.1613612	-0.1553486	0.089501664	-0.048960023	0.2090221	-0.22871386	0.14956222	-0.08602339	0.05868313	-0.7025328	0.30964676	-0.19135384	0.09828776	-0.09011328	0.9999993	-0.55773133	0.16662842	-0.10970482	0.10207536
0.041022427	-0.05005787	0.043211397	-0.035013773	0.04533561	-0.038540926	0.04838425	-0.04688245	0.053738654	-0.04669672	0.059681006	-0.07021856	0.059520226	-0.050104126	0.046212815	-0.10879385	0.10864076	-0.077458605	0.056324948	-0.044415176	0.14852637	-0.18898042	0.16176116	-0.11199937	0.05905813	-0.21768194	0.23564231	-0.1821514	0.10394363	-0.0727371	0.31661978	-0.62448555	0.24094003	-0.13122146	0.11110956	-0.55773133	0.9999991	-0.28629437	0.14332318	-0.1415303
-0.036073193	0.046305	-0.04372444	0.03553844	-0.046558395	0.03328903	-0.045392316	0.047004323	-0.05614085	0.04826323	-0.047603503	0.055240516	-0.06257203	0.05462674	-0.051471293	0.07291243	-0.07820488	0.079211496	-0.06328283	0.049510874	-0.10026697	0.12089932	-0.18889418	0.13984591	-0.074865974	0.12380195	-0.16009301	0.19544172	-0.14701894	0.08993364	-0.17175147	0.21853296	-0.73463	0.22066776	-0.19312692	0.16662842	-0.28629437	0.999999	-0.43662855	0.22694142
0.03314072	-0.044958502	0.042774208	-0.03566751	0.04612385	-0.0305903	0.04315765	-0.04662874	0.05706454	-0.050667323	0.041104734	-0.048785046	0.06080125	-0.06101384	0.05711289	-0.056504972	0.05996635	-0.078406826	0.070891745	-0.05767227	0.073221005	-0.09024252	0.14734097	-0.20465563	0.10112468	-0.08945351	0.10896966	-0.16423136	0.19854982	-0.12769748	0.10542499	-0.12621534	0.26055232	-0.5015796	0.30882096	-0.10970482	0.14332318	-0.43662855	0.999999	-0.5981603
-0.033648916	0.04496802	-0.043474063	0.035866167	-0.047094166	0.030824572	-0.0437087	0.046625964	-0.05746118	0.050099805	-0.041588645	0.04865817	-0.06094563	0.05803942	-0.05652908	0.055861995	-0.060448114	0.07636089	-0.068054415	0.055186726	-0.073346876	0.08798398	-0.15125842	0.16650486	-0.096196644	0.08640939	-0.10826167	0.1482839	-0.17885561	0.11455522	-0.105779864	0.11732864	-0.24974272	0.3096939	-0.64618194	0.10207536	-0.1415303	0.22694142	-0.5981603	0.999999
