1.0000002	-0.32924518	0.25161535	-0.08661796	0.091048524	-0.51294184	0.30054706	-0.27205187	0.14685017	-0.12781848	0.31170458	-0.28614748	0.19640447	-0.15692122	0.15313336	-0.3202465	0.23036315	-0.25874805	0.2008095	-0.25969177	0.20414281	-0.24588701	0.19984028	-0.18830217	0.18689454	-0.28839397	0.18014224	-0.2226768	0.17410707	-0.070455395	0.1617044	-0.16768873	0.15595593	-0.12502086	0.07287792	-0.18405686	0.14934036	-0.23675284	0.112958446	-0.14077424
-0.32924518	1.0000001	-0.80117834	0.09283312	-0.0968413	0.17959313	-0.38930753	0.16843252	-0.09709987	0.08087777	-0.17296275	0.1995672	-0.12653658	0.09482807	-0.09313328	0.16071407	-0.14109187	0.14314915	-0.11528545	0.13653742	-0.10495409	0.13149086	-0.11021685	0.101160035	-0.10219727	0.13764368	-0.09182978	0.10991601	-0.089576825	0.03610546	-0.079882726	0.08221391	-0.078374356	0.06263067	-0.0375532	0.0876585	-0.07269653	0.11219251	-0.055002593	0.06742153
0.25161535	-0.80117834	1.0000004	-0.13455248	0.11982251	-0.17520247	0.26544318	-0.24376538	0.12386233	-0.10550386	0.17413548	-0.23016582	0.16062227	-0.122451074	0.118950635	-0.19765829	0.16386867	-0.18339092	0.14599347	-0.17968532	0.1296998	-0.16681325	0.13833487	-0.12988928	0.13004138	-0.17556491	0.117011964	-0.14228754	0.11459637	-0.046430208	0.10229893	-0.10603807	0.10073784	-0.08084005	0.04814597	-0.1140807	0.09401577	-0.14700419	0.07149181	-0.08818593
-0.08661796	0.09283312	-0.13455248	1.0000002	-0.92813194	0.05269098	-0.08005695	0.11588803	-0.25250387	0.1694702	-0.06336757	0.07248967	-0.09529936	0.11735226	-0.12234003	0.06900691	-0.0631806	0.08693794	-0.09467648	0.10847062	-0.04850126	0.067366265	-0.06387317	0.0680419	-0.07104237	0.062452715	-0.04715891	0.056781553	-0.05118601	0.021333123	-0.039936878	0.041331824	-0.04258226	0.03471357	-0.022163663	0.04351494	-0.03692971	0.05725469	-0.029235492	0.035406142
0.091048524	-0.0968413	0.11982251	-0.92813194	1.0000004	-0.056331396	0.08406449	-0.13125812	0.20145065	-0.2040094	0.067986794	-0.07929205	0.101369396	-0.12641738	0.12798467	-0.07670115	0.06927539	-0.09653711	0.10085186	-0.1243513	0.053848337	-0.07512644	0.07044199	-0.075758256	0.078179516	-0.069987826	0.052610226	-0.06371782	0.056845725	-0.023747	0.044660684	-0.04634861	0.047472198	-0.03879213	0.024611767	-0.048971612	0.041419975	-0.064556934	0.03279132	-0.039858285
-0.51294184	0.17959313	-0.17520247	0.05269098	-0.056331396	1.0000005	-0.3839679	0.15354685	-0.08787216	0.07472139	-0.69761014	0.22786132	-0.120907776	0.09315234	-0.09083464	0.21521372	-0.1670554	0.15578453	-0.121040605	0.14387085	-0.13311999	0.14886686	-0.12262401	0.10969563	-0.110200234	0.16613224	-0.10487562	0.12417149	-0.09983297	0.039894663	-0.0922467	0.093967676	-0.087948576	0.0699175	-0.041533742	0.09987013	-0.082646064	0.1260484	-0.06156575	0.075357586
0.30054706	-0.38930753	0.26544318	-0.08005695	0.08406449	-0.3839679	1.0000005	-0.24006975	0.1311491	-0.11193529	0.28157875	-0.56230307	0.18810956	-0.14168641	0.13534145	-0.29110736	0.26824892	-0.24648741	0.1812695	-0.2115499	0.17907487	-0.23194632	0.18483037	-0.16319221	0.16145943	-0.22936039	0.15136142	-0.17815475	0.1425851	-0.057002466	0.12933458	-0.1331021	0.12445912	-0.09933471	0.059271105	-0.1390242	0.11583269	-0.17546515	0.08628068	-0.105186865
-0.27205187	0.16843252	-0.24376538	0.11588803	-0.13125812	0.15354685	-0.24006975	1.0000004	-0.2895881	0.19915481	-0.19989012	0.2080276	-0.7055475	0.27540764	-0.27301037	0.18274541	-0.19048752	0.25450584	-0.27192673	0.23908184	-0.1331884	0.18236512	-0.19084789	0.1801231	-0.1991318	0.15879859	-0.12803932	0.14751177	-0.14264975	0.058297765	-0.106278636	0.10772702	-0.11656249	0.09300093	-0.06161864	0.1103843	-0.0965101	0.1438059	-0.07654452	0.0901619
0.14685017	-0.09709987	0.12386233	-0.25250387	0.20145065	-0.08787216	0.1311491	-0.2895881	1.0	-0.6668197	0.11365558	-0.13130213	0.22888596	-0.44614553	0.31912592	-0.12790798	0.12394445	-0.19670872	0.22811256	-0.26455536	0.092045695	-0.13613746	0.13569891	-0.15577161	0.15756778	-0.115541086	0.09286135	-0.11161848	0.104553334	-0.044186115	0.07687968	-0.07985373	0.08460459	-0.07006549	0.04570073	-0.08277312	0.07118972	-0.11000621	0.057320684	-0.06900187
-0.12781848	0.08087777	-0.10550386	0.1694702	-0.2040094	0.07472139	-0.11193529	0.19915481	-0.6668197	0.9999999	-0.097336024	0.10697034	-0.19513817	0.28344744	-0.59442514	0.10336596	-0.10246444	0.15541135	-0.20459327	0.21662924	-0.07535025	0.11002984	-0.1136622	0.12743966	-0.14202148	0.09291313	-0.076101325	0.09033933	-0.08794859	0.037379347	-0.062806435	0.0647829	-0.070377186	0.057842806	-0.038989376	0.0667894	-0.05796515	0.088687524	-0.046980884	0.055994224
0.31170458	-0.17296275	0.17413548	-0.06336757	0.067986794	-0.69761014	0.28157875	-0.19989012	0.11365558	-0.097336024	1.0	-0.31239757	0.1564344	-0.12228173	0.11874905	-0.35758942	0.22146769	-0.21073347	0.15999064	-0.19259344	0.18943158	-0.20421283	0.16456473	-0.14736068	0.14675282	-0.24352069	0.14370157	-0.17086148	0.13475557	-0.053801578	0.1277331	-0.13005243	0.11933714	-0.09490169	0.0559305	-0.13829197	0.113581486	-0.17275816	0.08380019	-0.10276727
-0.28614748	0.1995672	-0.23016582	0.07248967	-0.07929205	0.22786132	-0.56230307	0.2080276	-0.13130213	0.10697034	-0.31239757	0.9999999	-0.22430599	0.14301881	-0.1358427	0.26943475	-0.5677353	0.24607691	-0.19172673	0.18610717	-0.18188366	0.23107967	-0.20229368	0.15683052	-0.1611411	0.19301163	-0.14577119	0.15694642	-0.13470167	0.052813277	-0.11718681	0.11759884	-0.11417114	0.089880735	-0.0555361	0.11759977	-0.101948954	0.1465953	-0.07523233	0.0891755
0.19640447	-0.12653658	0.16062227	-0.09529936	0.101369396	-0.120907776	0.18810956	-0.7055475	0.22888596	-0.19513817	0.1564344	-0.22430599	0.99999976	-0.43075278	0.23648122	-0.1728852	0.18474096	-0.33675656	0.2601284	-0.2456594	0.12160555	-0.18099748	0.1827662	-0.17696054	0.17633694	-0.14750616	0.11764497	-0.13774931	0.12563592	-0.051715534	0.09595185	-0.09894698	0.102644786	-0.08363106	0.053832047	-0.100857496	0.08719421	-0.13136248	0.06847487	-0.08174705
-0.15692122	0.09482807	-0.122451074	0.11735226	-0.12641738	0.09315234	-0.14168641	0.27540764	-0.44614553	0.28344744	-0.12228173	0.14301881	-0.43075278	0.99999994	-0.52010447	0.13266768	-0.13990147	0.23412935	-0.4580933	0.26201332	-0.09669877	0.14585389	-0.15755334	0.17963305	-0.18215269	0.11703298	-0.097648956	0.11498416	-0.11289031	0.047155585	-0.079241484	0.08185075	-0.08868601	0.07361728	-0.048966657	0.08345923	-0.07273327	0.11058666	-0.0587624	0.06989854
0.15313336	-0.09313328	0.118950635	-0.12234003	0.12798467	-0.09083464	0.13534145	-0.27301037	0.31912592	-0.59442514	0.11874905	-0.1358427	0.23648122	-0.52010447	1.0	-0.13256973	0.13044038	-0.21029635	0.25662068	-0.3830887	0.09613226	-0.14430681	0.14682966	-0.17462733	0.18635398	-0.11952685	0.0980313	-0.11755267	0.11275051	-0.0484641	0.08060712	-0.083718	0.09003308	-0.07495729	0.05009665	-0.08631893	0.0746449	-0.115107715	0.060597315	-0.07267874
-0.3202465	0.16071407	-0.19765829	0.06900691	-0.07670115	0.21521372	-0.29110736	0.18274541	-0.12790798	0.10336596	-0.35758942	0.26943475	-0.1728852	0.13266768	-0.13256973	1.0000001	-0.4659105	0.23408568	-0.19050297	0.18584554	-0.53687257	0.24700627	-0.2134395	0.16376361	-0.1722906	0.29741237	-0.174311	0.17723863	-0.15428379	0.058902726	-0.15458	0.14205784	-0.13237916	0.101547554	-0.0625938	0.13889359	-0.12191117	0.16237217	-0.084524125	0.09798997
0.23036315	-0.14109187	0.16386867	-0.0631806	0.06927539	-0.1670554	0.26824892	-0.19048752	0.12394445	-0.10246444	0.22146769	-0.5677353	0.18474096	-0.13990147	0.13044038	-0.4659105	1.0000001	-0.39245754	0.20362666	-0.19015184	0.21727413	-0.38783294	0.24576665	-0.17510821	0.1679795	-0.22243497	0.16594464	-0.17348059	0.13934264	-0.054055948	0.12529157	-0.12838858	0.11733566	-0.09285825	0.056600034	-0.12166894	0.10600033	-0.14779945	0.07579261	-0.08923922
-0.25874805	0.14314915	-0.18339092	0.08693794	-0.09653711	0.15578453	-0.24648741	0.25450584	-0.19670872	0.15541135	-0.21073347	0.24607691	-0.33675656	0.23412935	-0.21029635	0.23408568	-0.39245754	1.0000002	-0.49000803	0.26602554	-0.17687225	0.2849733	-0.46018514	0.25926548	-0.2538383	0.1895939	-0.17208235	0.18593854	-0.17620903	0.06932298	-0.13008805	0.13232425	-0.13915752	0.11235631	-0.07271107	0.12868837	-0.114899	0.16488394	-0.088510424	0.10322335
0.2008095	-0.11528545	0.14599347	-0.09467648	0.10085186	-0.121040605	0.1812695	-0.27192673	0.22811256	-0.20459327	0.15999064	-0.19172673	0.2601284	-0.4580933	0.25662068	-0.19050297	0.20362666	-0.49000803	1.0000002	-0.44465515	0.13776779	-0.22795872	0.25071955	-0.38489282	0.27322698	-0.16649407	0.14329103	-0.17094868	0.16893813	-0.07006003	0.113580965	-0.11888574	0.12843359	-0.11108825	0.07146378	-0.11973896	0.10453446	-0.16012852	0.085206844	-0.10186158
-0.25969177	0.13653742	-0.17968532	0.10847062	-0.1243513	0.14387085	-0.2115499	0.23908184	-0.26455536	0.21662924	-0.19259344	0.18610717	-0.2456594	0.26201332	-0.3830887	0.18584554	-0.19015184	0.26602554	-0.44465515	1.0000002	-0.14154157	0.20921099	-0.23958753	0.29249477	-0.53928	0.16839778	-0.14949091	0.17456275	-0.1941863	0.091282144	-0.12159367	0.124240234	-0.14750805	0.12153167	-0.096552886	0.12626727	-0.112493746	0.17007147	-0.09517287	0.11074852
0.20414281	-0.10495409	0.1296998	-0.04850126	0.053848337	-0.13311999	0.17907487	-0.1331884	0.092045695	-0.07535025	0.18943158	-0.18188366	0.12160555	-0.09669877	0.09613226	-0.53687257	0.21727413	-0.17687225	0.13776779	-0.14154157	1.0000004	-0.25112513	0.1711279	-0.13080956	0.13171461	-0.7054318	0.16915093	-0.17004906	0.12790038	-0.04788636	0.1668572	-0.15062386	0.113182686	-0.086221956	0.050656054	-0.14241907	0.11638908	-0.14339726	0.0715613	-0.082615964
-0.24588701	0.13149086	-0.16681325	0.067366265	-0.07512644	0.14886686	-0.23194632	0.18236512	-0.13613746	0.11002984	-0.20421283	0.23107967	-0.18099748	0.14585389	-0.14430681	0.24700627	-0.38783294	0.2849733	-0.22795872	0.20921099	-0.25112513	1.0000005	-0.6141349	0.24026573	-0.23559901	0.22525094	-0.34971094	0.24657866	-0.19175066	0.070590325	-0.16965474	0.17932527	-0.15771319	0.12230409	-0.074370936	0.15007612	-0.14055856	0.17961678	-0.0949582	0.10854355
0.19984028	-0.11021685	0.13833487	-0.06387317	0.07044199	-0.12262401	0.18483037	-0.19084789	0.13569891	-0.1136622	0.16456473	-0.20229368	0.1827662	-0.15755334	0.14682966	-0.2134395	0.24576665	-0.46018514	0.25071955	-0.23958753	0.1711279	-0.6141349	1.0000005	-0.4212837	0.24914765	-0.19356169	0.20788117	-0.23818974	0.18236184	-0.06999327	0.13565096	-0.14900775	0.14163634	-0.119304314	0.07151455	-0.13363528	0.11948577	-0.1696405	0.0890874	-0.10465224
-0.18830217	0.101160035	-0.12988928	0.0680419	-0.075758256	0.10969563	-0.16319221	0.1801231	-0.15577161	0.12743966	-0.14736068	0.15683052	-0.17696054	0.17963305	-0.17462733	0.16376361	-0.17510821	0.25926548	-0.38489282	0.29249477	-0.13080956	0.24026573	-0.4212837	1.0000005	-0.6439605	0.15339136	-0.15722391	0.18679419	-0.2896869	0.09763709	-0.11788728	0.124216475	-0.15888186	0.14911605	-0.098530956	0.12263863	-0.11068242	0.17221814	-0.09903421	0.115117915
0.18689454	-0.10219727	0.13004138	-0.07104237	0.078179516	-0.110200234	0.16145943	-0.1991318	0.15756778	-0.14202148	0.14675282	-0.1611411	0.17633694	-0.18215269	0.18635398	-0.1722906	0.1679795	-0.2538383	0.27322698	-0.53928	0.13171461	-0.23559901	0.24914765	-0.6439605	1.0000005	-0.16409564	0.1519055	-0.1909014	0.20650773	-0.124566	0.1204906	-0.1289982	0.14754125	-0.13872555	0.112128824	-0.13165233	0.11506694	-0.18554907	0.10123555	-0.12318794
-0.28839397	0.13764368	-0.17556491	0.062452715	-0.069987826	0.16613224	-0.22936039	0.15879859	-0.115541086	0.09291313	-0.24352069	0.19301163	-0.14750616	0.11703298	-0.11952685	0.29741237	-0.22243497	0.1895939	-0.16649407	0.16839778	-0.7054318	0.22525094	-0.19356169	0.15339136	-0.16409564	1.0000002	-0.2392223	0.20421912	-0.16823211	0.061485667	-0.2844395	0.19704768	-0.14996491	0.11071503	-0.06594527	0.18202795	-0.15806927	0.17817889	-0.0918487	0.103435814
0.18014224	-0.09182978	0.117011964	-0.04715891	0.052610226	-0.10487562	0.15136142	-0.12803932	0.09286135	-0.076101325	0.14370157	-0.14577119	0.11764497	-0.097648956	0.0980313	-0.174311	0.16594464	-0.17208235	0.14329103	-0.14949091	0.16915093	-0.34971094	0.20788117	-0.15722391	0.1519055	-0.2392223	1.0000002	-0.659489	0.20737897	-0.06856419	0.2488761	-0.4559491	0.19531201	-0.1455407	0.071807355	-0.21205759	0.2030478	-0.2287657	0.108155236	-0.12228209
-0.2226768	0.10991601	-0.14228754	0.056781553	-0.06371782	0.12417149	-0.17815475	0.14751177	-0.11161848	0.09033933	-0.17086148	0.15694642	-0.13774931	0.11498416	-0.11755267	0.17723863	-0.17348059	0.18593854	-0.17094868	0.17456275	-0.17004906	0.24657866	-0.23818974	0.18679419	-0.1909014	0.20421912	-0.659489	0.9999991	-0.35643697	0.094575755	-0.25482953	0.26140425	-0.32113907	0.20819567	-0.1014435	0.20068961	-0.2141416	0.24483413	-0.13754636	0.14753303
0.17410707	-0.089576825	0.11459637	-0.05118601	0.056845725	-0.09983297	0.1425851	-0.14264975	0.104553334	-0.08794859	0.13475557	-0.13470167	0.12563592	-0.11289031	0.11275051	-0.15428379	0.13934264	-0.17620903	0.16893813	-0.1941863	0.12790038	-0.19175066	0.18236184	-0.2896869	0.20650773	-0.16823211	0.20737897	-0.35643697	0.9999988	-0.19725604	0.16522318	-0.18869793	0.31571424	-0.60162306	0.16495575	-0.19639526	0.17853194	-0.34268987	0.20816709	-0.25461575
-0.070455395	0.03610546	-0.046430208	0.021333123	-0.023747	0.039894663	-0.057002466	0.058297765	-0.044186115	0.037379347	-0.053801578	0.052813277	-0.051715534	0.047155585	-0.0484641	0.058902726	-0.054055948	0.06932298	-0.07006003	0.091282144	-0.04788636	0.070590325	-0.06999327	0.09763709	-0.124566	0.061485667	-0.06856419	0.094575755	-0.19725604	0.99999857	-0.05725991	0.061701976	-0.10858281	0.11769876	-0.94973034	0.06541248	-0.06105214	0.108598545	-0.094916016	0.10953924
0.1617044	-0.079882726	0.10229893	-0.039936878	0.044660684	-0.0922467	0.12933458	-0.106278636	0.07687968	-0.062806435	0.1277331	-0.11718681	0.09595185	-0.079241484	0.08060712	-0.15458	0.12529157	-0.13008805	0.113580965	-0.12159367	0.1668572	-0.16965474	0.13565096	-0.11788728	0.1204906	-0.2844395	0.2488761	-0.25482953	0.16522318	-0.05725991	0.99999845	-0.6351207	0.16844451	-0.11982161	0.06113022	-0.54443014	0.2951164	-0.24243191	0.10271115	-0.1128249
-0.16768873	0.08221391	-0.10603807	0.041331824	-0.04634861	0.093967676	-0.1331021	0.10772702	-0.07985373	0.0647829	-0.13005243	0.11759884	-0.09894698	0.08185075	-0.083718	0.14205784	-0.12838858	0.13232425	-0.11888574	0.124240234	-0.15062386	0.17932527	-0.14900775	0.124216475	-0.1289982	0.19704768	-0.4559491	0.26140425	-0.18869793	0.061701976	-0.6351207	0.99999845	-0.20229892	0.13202251	-0.066717915	0.30012044	-0.41362634	0.23480198	-0.10755642	0.11288592
0.15595593	-0.078374356	0.10073784	-0.04258226	0.047472198	-0.087948576	0.12445912	-0.11656249	0.08460459	-0.070377186	0.11933714	-0.11417114	0.102644786	-0.08868601	0.09003308	-0.13237916	0.11733566	-0.13915752	0.12843359	-0.14750805	0.113182686	-0.15771319	0.14163634	-0.15888186	0.14754125	-0.14996491	0.19531201	-0.32113907	0.31571424	-0.10858281	0.16844451	-0.20229892	0.99999845	-0.65044546	0.10827492	-0.20375533	0.1982638	-0.46238732	0.21442753	-0.24089389
-0.12502086	0.06263067	-0.08084005	0.03471357	-0.03879213	0.0699175	-0.09933471	0.09300093	-0.07006549	0.057842806	-0.09490169	0.089880735	-0.08363106	0.07361728	-0.07495729	0.101547554	-0.09285825	0.11235631	-0.11108825	0.12153167	-0.086221956	0.12230409	-0.119304314	0.14911605	-0.13872555	0.11071503	-0.1455407	0.20819567	-0.60162306	0.11769876	-0.11982161	0.13202251	-0.65044546	0.9999984	-0.12601283	0.13386042	-0.13551937	0.2532145	-0.2633317	0.21387185
0.07287792	-0.0375532	0.04814597	-0.022163663	0.024611767	-0.041533742	0.059271105	-0.06161864	0.04570073	-0.038989376	0.0559305	-0.0555361	0.053832047	-0.048966657	0.05009665	-0.0625938	0.056600034	-0.07271107	0.07146378	-0.096552886	0.050656054	-0.074370936	0.07151455	-0.098530956	0.112128824	-0.06594527	0.071807355	-0.1014435	0.16495575	-0.94973034	0.06113022	-0.066717915	0.10827492	-0.12601283	0.9999982	-0.072016	0.06597887	-0.1213057	0.09953427	-0.13021685
-0.18405686	0.0876585	-0.1140807	0.04351494	-0.048971612	0.09987013	-0.1390242	0.1103843	-0.08277312	0.0667894	-0.13829197	0.11759977	-0.100857496	0.08345923	-0.08631893	0.13889359	-0.12166894	0.12868837	-0.11973896	0.12626727	-0.14241907	0.15007612	-0.13363528	0.12263863	-0.13165233	0.18202795	-0.21205759	0.20068961	-0.19639526	0.06541248	-0.54443014	0.30012044	-0.20375533	0.13386042	-0.072016	0.9999984	-0.6533936	0.2685885	-0.12302323	0.12202288
0.14934036	-0.07269653	0.09401577	-0.03692971	0.041419975	-0.082646064	0.11583269	-0.0965101	0.07118972	-0.05796515	0.113581486	-0.101948954	0.08719421	-0.07273327	0.0746449	-0.12191117	0.10600033	-0.114899	0.10453446	-0.112493746	0.11638908	-0.14055856	0.11948577	-0.11068242	0.11506694	-0.15806927	0.2030478	-0.2141416	0.17853194	-0.06105214	0.2951164	-0.41362634	0.1982638	-0.13551937	0.06597887	-0.6533936	0.99999815	-0.48689872	0.13393831	-0.13889512
-0.23675284	0.11219251	-0.14700419	0.05725469	-0.064556934	0.1260484	-0.17546515	0.1438059	-0.11000621	0.088687524	-0.17275816	0.1465953	-0.13136248	0.11058666	-0.115107715	0.16237217	-0.14779945	0.16488394	-0.16012852	0.17007147	-0.14339726	0.17961678	-0.1696405	0.17221814	-0.18554907	0.17817889	-0.2287657	0.24483413	-0.34268987	0.108598545	-0.24243191	0.23480198	-0.46238732	0.2532145	-0.1213057	0.2685885	-0.48689872	0.99999803	-0.31574258	0.23720215
0.112958446	-0.055002593	0.07149181	-0.029235492	0.03279132	-0.06156575	0.08628068	-0.07654452	0.057320684	-0.046980884	0.08380019	-0.07523233	0.06847487	-0.0587624	0.060597315	-0.084524125	0.07579261	-0.088510424	0.085206844	-0.09517287	0.0715613	-0.0949582	0.0890874	-0.09903421	0.10123555	-0.0918487	0.108155236	-0.13754636	0.20816709	-0.094916016	0.10271115	-0.10755642	0.21442753	-0.2633317	0.09953427	-0.12302323	0.13393831	-0.31574258	0.999998	-0.86404175
-0.14077424	0.06742153	-0.08818593	0.035406142	-0.039858285	0.075357586	-0.105186865	0.0901619	-0.06900187	0.055994224	-0.10276727	0.0891755	-0.08174705	0.06989854	-0.07267874	0.09798997	-0.08923922	0.10322335	-0.10186158	0.11074852	-0.082615964	0.10854355	-0.10465224	0.115117915	-0.12318794	0.103435814	-0.12228209	0.14753303	-0.25461575	0.10953924	-0.1128249	0.11288592	-0.24089389	0.21387185	-0.13021685	0.12202288	-0.13889512	0.23720215	-0.86404175	0.999998
