1.0	-0.28104508	0.16122562	-0.16924208	0.09413984	-0.87270254	0.241201	-0.15401696	0.11351464	-0.10820094	0.18777107	-0.15144446	0.09825098	-0.11438838	0.07255359	-0.109443344	0.12214244	-0.09124396	0.082144946	-0.06548038	0.11112995	-0.08172711	0.074623086	-0.081282414	0.06911459	-0.05833819	0.067171216	-0.06893084	0.08652191	-0.056816008	0.062215343	-0.061343014	0.07067618	-0.060872067	0.061749503	-0.15669118	0.07743241	-0.106212206	0.07250156	-0.07665777
-0.28104508	1.0000001	-0.6426065	0.26965517	-0.1654229	0.2103339	-0.51060236	0.23046425	-0.19868292	0.15843089	-0.2280305	0.20144331	-0.13327073	0.13927807	-0.098502114	0.1333398	-0.17764069	0.114637055	-0.106419764	0.08512211	-0.14565156	0.09975587	-0.094035	0.100171745	-0.087627046	0.07065632	-0.08320989	0.0838612	-0.10821405	0.07012139	-0.07690216	0.07465321	-0.08725318	0.07445024	-0.0760762	0.15866788	-0.095626	0.11889608	-0.0876052	0.090484165
0.16122562	-0.6426065	1.0000001	-0.54968196	0.20263685	-0.14788689	0.26490942	-0.31981075	0.23147263	-0.21387242	0.16596384	-0.15034944	0.10597973	-0.11948457	0.0935724	-0.10195456	0.12713735	-0.095571205	0.08931557	-0.08236767	0.11237968	-0.082142845	0.07763844	-0.0849188	0.07569582	-0.05683765	0.068298526	-0.069822386	0.09024168	-0.061174273	0.061714247	-0.061736975	0.072423145	-0.06272584	0.06459089	-0.13496271	0.07875203	-0.1019442	0.07384476	-0.07794015
-0.16924208	0.26965517	-0.54968196	0.99999994	-0.4699842	0.13923402	-0.28462267	0.2774224	-0.40330866	0.28480715	-0.20675	0.1587698	-0.12142898	0.1328605	-0.12160691	0.1186572	-0.15122457	0.11057181	-0.10726024	0.101029746	-0.13725884	0.0966843	-0.09228741	0.100302406	-0.09288236	0.06757605	-0.081696875	0.082743034	-0.10970755	0.07353829	-0.07428828	0.0736592	-0.08709851	0.07526341	-0.07803625	0.15004168	-0.09517209	0.11746007	-0.088522494	0.091783985
0.09413984	-0.1654229	0.20263685	-0.4699842	0.9999999	-0.08379325	0.15952827	-0.23252384	0.25193712	-0.77853	0.12512732	-0.10199304	0.084738575	-0.10012037	0.13116775	-0.0761803	0.09397915	-0.08350386	0.08298797	-0.11639528	0.0886193	-0.069198444	0.067295276	-0.07736525	0.07465014	-0.045761894	0.057637583	-0.059853353	0.07883662	-0.06068467	0.049939103	-0.052121356	0.062197477	-0.05551911	0.058703065	-0.10738211	0.066255376	-0.08762834	0.064470455	-0.070884734
-0.87270254	0.2103339	-0.14788689	0.13923402	-0.08379325	0.9999999	-0.32126805	0.13658522	-0.10582331	0.09260953	-0.22764806	0.15427816	-0.09794863	0.107945874	-0.067580186	0.11110135	-0.12925608	0.08736154	-0.07878674	0.060330614	-0.11169994	0.07793264	-0.07148467	0.076696865	-0.0649307	0.056104105	-0.06408853	0.065128334	-0.08175126	0.05296909	-0.05995684	0.058019858	-0.066861436	0.057125285	-0.057848282	0.14062278	-0.073353	0.09710867	-0.06770276	0.0708826
0.241201	-0.51060236	0.26490942	-0.28462267	0.15952827	-0.32126805	1.0000001	-0.37013093	0.21881607	-0.18676221	0.25197488	-0.44144386	0.1856314	-0.20341198	0.116334096	-0.17826273	0.22627847	-0.15367922	0.13352308	-0.10451661	0.17056645	-0.12555405	0.11751378	-0.12644085	0.10476743	-0.0863062	0.10143091	-0.1037738	0.12892678	-0.08535458	0.09161569	-0.0909311	0.10529136	-0.09011268	0.09140628	-0.2053899	0.113999575	-0.14917311	0.10553191	-0.111508645
-0.15401696	0.23046425	-0.31981075	0.2774224	-0.23252384	0.13658522	-0.37013093	0.9999999	-0.73475957	0.23318213	-0.18927036	0.16827713	-0.13473502	0.13853103	-0.10745154	0.11318549	-0.14844774	0.107729726	-0.101948716	0.089811586	-0.1265444	0.09013996	-0.08690139	0.09359932	-0.08381512	0.06228105	-0.0753465	0.07640391	-0.09970385	0.06659855	-0.067970514	0.06753948	-0.07965008	0.06855545	-0.070685565	0.13905385	-0.08659371	0.107643984	-0.08028812	0.08358978
0.11351464	-0.19868292	0.23147263	-0.40330866	0.25193712	-0.10582331	0.21881607	-0.73475957	0.9999998	-0.38983205	0.14374827	-0.12998527	0.10648327	-0.12522742	0.10322416	-0.088716626	0.111489125	-0.090540014	0.086363465	-0.08878085	0.09937111	-0.074424095	0.07201703	-0.07950351	0.07194451	-0.050311983	0.06185064	-0.06344101	0.08252837	-0.05782292	0.05472851	-0.05563648	0.06578626	-0.05731965	0.059467405	-0.11634739	0.07090788	-0.09092187	0.066925876	-0.07119001
-0.10820094	0.15843089	-0.21387242	0.28480715	-0.77853	0.09260953	-0.18676221	0.23318213	-0.38983205	0.99999994	-0.1475099	0.115013264	-0.09690743	0.1113019	-0.18556826	0.08752918	-0.109604806	0.09418857	-0.09625433	0.13170941	-0.10297007	0.078455456	-0.07687041	0.08758752	-0.08697045	0.052292824	-0.065844305	0.067906275	-0.09070845	0.06862399	-0.057324354	0.059360053	-0.07110787	0.063222855	-0.06713637	0.1183217	-0.07593714	0.09736595	-0.07333966	0.07934227
0.18777107	-0.2280305	0.16596384	-0.20675	0.12512732	-0.22764806	0.25197488	-0.18927036	0.14374827	-0.1475099	0.99999994	-0.39398214	0.22127455	-0.27692053	0.14922959	-0.44329703	0.29917085	-0.2232258	0.1914343	-0.13838533	0.29226252	-0.2143308	0.18344757	-0.20038772	0.16129108	-0.16166437	0.169925	-0.17554143	0.20891958	-0.13559115	0.16281186	-0.15685982	0.17526841	-0.15015602	0.14982413	-0.4680352	0.19257693	-0.28204378	0.17991577	-0.19230428
-0.15144446	0.20144331	-0.15034944	0.1587698	-0.10199304	0.15427816	-0.44144386	0.16827713	-0.12998527	0.115013264	-0.39398214	0.9999998	-0.38813224	0.2596844	-0.12235452	0.26036757	-0.56264687	0.20609088	-0.17293957	0.109035514	-0.23734014	0.15481028	-0.15025105	0.15124835	-0.118021905	0.10678644	-0.12338677	0.122879565	-0.14896609	0.0949528	-0.11280003	0.1069321	-0.123396896	0.10295371	-0.10305885	0.22351643	-0.13299485	0.16366047	-0.11856324	0.12335023
0.09825098	-0.13327073	0.10597973	-0.12142898	0.084738575	-0.09794863	0.1856314	-0.13473502	0.10648327	-0.09690743	0.22127455	-0.38813224	0.9999999	-0.73442096	0.14617588	-0.1648063	0.22372676	-0.3886041	0.23821485	-0.13446444	0.17235371	-0.15836413	0.18075565	-0.1850183	0.12634534	-0.08896464	0.1225339	-0.12804659	0.15274559	-0.100986056	0.094726324	-0.10399133	0.12434745	-0.10467769	0.10465255	-0.1891391	0.12779173	-0.15572323	0.116559304	-0.12365639
-0.11438838	0.13927807	-0.11948457	0.1328605	-0.10012037	0.107945874	-0.20341198	0.13853103	-0.12522742	0.1113019	-0.27692053	0.2596844	-0.73442096	0.9999999	-0.21048957	0.17729269	-0.24713027	0.27992553	-0.32501414	0.16750413	-0.20876229	0.17246217	-0.20165797	0.2070304	-0.1591204	0.10441191	-0.14385484	0.14561577	-0.19116126	0.122295395	-0.113960594	0.12289712	-0.15033689	0.1266678	-0.12879379	0.21141756	-0.15667938	0.17968751	-0.14217287	0.14629789
0.07255359	-0.098502114	0.0935724	-0.12160691	0.13116775	-0.067580186	0.116334096	-0.10745154	0.10322416	-0.18556826	0.14922959	-0.12235452	0.14617588	-0.21048957	1.0	-0.10243003	0.120355666	-0.19435674	0.21937452	-0.84162503	0.12830198	-0.13338491	0.14131689	-0.19211353	0.21125998	-0.073619194	0.107196935	-0.11818336	0.15575585	-0.17808299	0.079381496	-0.09613643	0.11929758	-0.116945215	0.1317472	-0.17584877	0.11711239	-0.1727492	0.1278478	-0.16217591
-0.109443344	0.1333398	-0.10195456	0.1186572	-0.0761803	0.11110135	-0.17826273	0.11318549	-0.088716626	0.08752918	-0.44329703	0.26036757	-0.1648063	0.17729269	-0.10243003	1.0	-0.57043177	0.17051691	-0.14468308	0.0935269	-0.5663283	0.18070376	-0.14732692	0.14418863	-0.111250915	0.1552093	-0.13855714	0.13062085	-0.14594607	0.09148723	-0.15632918	0.11772705	-0.12784448	0.10345473	-0.101507686	0.2520274	-0.1411754	0.17057602	-0.11903608	0.12399465
0.12214244	-0.17764069	0.12713735	-0.15122457	0.09397915	-0.12925608	0.22627847	-0.14844774	0.111489125	-0.109604806	0.29917085	-0.56264687	0.22372676	-0.24713027	0.120355666	-0.57043177	1.0	-0.24653594	0.17545156	-0.11175418	0.2723873	-0.19136035	0.16409338	-0.16710262	0.12311816	-0.12831798	0.13877307	-0.13917817	0.15697667	-0.10143171	0.12614737	-0.119953595	0.13397124	-0.11123426	0.109830044	-0.26363596	0.14350885	-0.1839965	0.12751701	-0.13516879
-0.09124396	0.114637055	-0.095571205	0.11057181	-0.08350386	0.08736154	-0.15367922	0.107729726	-0.090540014	0.09418857	-0.2232258	0.20609088	-0.3886041	0.27992553	-0.19435674	0.17051691	-0.24653594	1.0	-0.59417677	0.17888112	-0.21099593	0.23366337	-0.4458396	0.3005531	-0.1802687	0.11165773	-0.18573369	0.1887036	-0.22164865	0.13799042	-0.12033863	0.1444249	-0.18243931	0.14609684	-0.14351158	0.21556099	-0.17776766	0.1954009	-0.15598308	0.1620085
0.082144946	-0.106419764	0.08931557	-0.10726024	0.08298797	-0.07878674	0.13352308	-0.101948716	0.086363465	-0.09625433	0.1914343	-0.17293957	0.23821485	-0.32501414	0.21937452	-0.14468308	0.17545156	-0.59417677	1.0000002	-0.29039872	0.17753018	-0.21772182	0.28170598	-0.5250484	0.19683684	-0.10095855	0.16189557	-0.17753334	0.21810198	-0.15624484	0.10746237	-0.13406801	0.16545308	-0.14775506	0.14553772	-0.2145212	0.1595516	-0.20260999	0.15352465	-0.17206568
-0.06548038	0.08512211	-0.08236767	0.101029746	-0.11639528	0.060330614	-0.10451661	0.089811586	-0.08878085	0.13170941	-0.13838533	0.109035514	-0.13446444	0.16750413	-0.84162503	0.0935269	-0.11175418	0.17888112	-0.29039872	1.0000001	-0.11953027	0.12191374	-0.13771896	0.18461655	-0.28438368	0.06734012	-0.100278	0.10882619	-0.15259174	0.16880073	-0.07311373	0.088751525	-0.112657525	0.110155754	-0.12971671	0.15176456	-0.109507605	0.15020707	-0.11903698	0.14337558
0.11112995	-0.14565156	0.11237968	-0.13725884	0.0886193	-0.11169994	0.17056645	-0.1265444	0.09937111	-0.10297007	0.29226252	-0.23734014	0.17235371	-0.20876229	0.12830198	-0.5663283	0.2723873	-0.21099593	0.17753018	-0.11953027	1.0000002	-0.3303034	0.20290293	-0.20300426	0.1500667	-0.3351535	0.20907645	-0.19844699	0.20013955	-0.12651007	0.23779862	-0.17981187	0.18266203	-0.14652655	0.14111024	-0.4009712	0.20027848	-0.25132173	0.16752042	-0.17732416
-0.08172711	0.09975587	-0.082142845	0.0966843	-0.069198444	0.07793264	-0.12555405	0.09013996	-0.074424095	0.078455456	-0.2143308	0.15481028	-0.15836413	0.17246217	-0.13338491	0.18070376	-0.19136035	0.23366337	-0.21772182	0.12191374	-0.3303034	1.0000002	-0.5158828	0.2547794	-0.17228077	0.16791166	-0.5513705	0.2853004	-0.24473558	0.13767378	-0.17553386	0.23612498	-0.25660926	0.17164245	-0.15793096	0.24588299	-0.27329433	0.2223958	-0.17892535	0.17684156
0.074623086	-0.094035	0.07763844	-0.09228741	0.067295276	-0.07148467	0.11751378	-0.08690139	0.07201703	-0.07687041	0.18344757	-0.15025105	0.18075565	-0.20165797	0.14131689	-0.14732692	0.16409338	-0.4458396	0.28170598	-0.13771896	0.20290293	-0.5158828	1.0	-0.51555043	0.1781245	-0.1219758	0.25504258	-0.32555297	0.23074023	-0.14472313	0.1260978	-0.17877097	0.21673727	-0.16358499	0.14877948	-0.21991034	0.19351025	-0.21127419	0.1624511	-0.17319281
-0.081282414	0.100171745	-0.0849188	0.100302406	-0.07736525	0.076696865	-0.12644085	0.09359932	-0.07950351	0.08758752	-0.20038772	0.15124835	-0.1850183	0.2070304	-0.19211353	0.14418863	-0.16710262	0.3005531	-0.5250484	0.18461655	-0.20300426	0.2547794	-0.51555043	0.99999994	-0.30045602	0.11609472	-0.21006596	0.21795851	-0.37399703	0.19536503	-0.1259275	0.1646436	-0.21948709	0.1973887	-0.19103158	0.22730286	-0.20177689	0.23051648	-0.19424757	0.20468076
0.06911459	-0.087627046	0.07569582	-0.09288236	0.07465014	-0.0649307	0.10476743	-0.08381512	0.07194451	-0.08697045	0.16129108	-0.118021905	0.12634534	-0.1591204	0.21125998	-0.111250915	0.12311816	-0.1802687	0.19683684	-0.28438368	0.1500667	-0.17228077	0.1781245	-0.30045602	0.9999999	-0.09211692	0.14263599	-0.16605513	0.23985425	-0.7097893	0.09939779	-0.13291273	0.17537348	-0.2102165	0.28005365	-0.22216792	0.1580826	-0.25767744	0.20749386	-0.31316075
-0.05833819	0.07065632	-0.05683765	0.06757605	-0.045761894	0.056104105	-0.0863062	0.06228105	-0.050311983	0.052292824	-0.16166437	0.10678644	-0.08896464	0.10441191	-0.073619194	0.1552093	-0.12831798	0.11165773	-0.10095855	0.06734012	-0.3351535	0.16791166	-0.1219758	0.11609472	-0.09211692	0.9999998	-0.2050002	0.14500234	-0.13020138	0.07730094	-0.85736567	0.16513029	-0.13896145	0.09733274	-0.09029135	0.2240041	-0.17181902	0.14658473	-0.10728919	0.10757745
0.067171216	-0.08320989	0.068298526	-0.081696875	0.057637583	-0.06408853	0.10143091	-0.0753465	0.06185064	-0.065844305	0.169925	-0.12338677	0.1225339	-0.14385484	0.107196935	-0.13855714	0.13877307	-0.18573369	0.16189557	-0.100278	0.20907645	-0.5513705	0.25504258	-0.21006596	0.14263599	-0.2050002	0.9999997	-0.53237444	0.20731819	-0.12324896	0.17958732	-0.4214467	0.2802382	-0.1718565	0.14375418	-0.23982824	0.2712179	-0.22455032	0.16597544	-0.16981953
-0.06893084	0.0838612	-0.069822386	0.082743034	-0.059853353	0.065128334	-0.1037738	0.07640391	-0.06344101	0.067906275	-0.17554143	0.122879565	-0.12804659	0.14561577	-0.11818336	0.13062085	-0.13917817	0.1887036	-0.17753334	0.10882619	-0.19844699	0.2853004	-0.32555297	0.21795851	-0.16605513	0.14500234	-0.53237444	0.99999976	-0.27455327	0.14262936	-0.15591253	0.26905513	-0.58952236	0.22665103	-0.18154395	0.22547889	-0.27718866	0.23443845	-0.20614947	0.19240062
0.08652191	-0.10821405	0.09024168	-0.10970755	0.07883662	-0.08175126	0.12892678	-0.09970385	0.08252837	-0.09070845	0.20891958	-0.14896609	0.15274559	-0.19116126	0.15575585	-0.14594607	0.15697667	-0.22164865	0.21810198	-0.15259174	0.20013955	-0.24473558	0.23074023	-0.37399703	0.23985425	-0.13020138	0.20731819	-0.27455327	0.99999976	-0.26076162	0.13881946	-0.20253654	0.27623075	-0.5271813	0.28004593	-0.32326898	0.22400476	-0.40925235	0.3000772	-0.35989568
-0.056816008	0.07012139	-0.061174273	0.07353829	-0.06068467	0.05296909	-0.08535458	0.06659855	-0.05782292	0.06862399	-0.13559115	0.0949528	-0.100986056	0.122295395	-0.17808299	0.09148723	-0.10143171	0.13799042	-0.15624484	0.16880073	-0.12651007	0.13767378	-0.14472313	0.19536503	-0.7097893	0.07730094	-0.12324896	0.14262936	-0.26076162	0.99999964	-0.08439423	0.11646433	-0.1705885	0.21779746	-0.5120827	0.17413682	-0.14133961	0.20666523	-0.2082837	0.26049986
0.062215343	-0.07690216	0.061714247	-0.07428828	0.049939103	-0.05995684	0.09161569	-0.067970514	0.05472851	-0.057324354	0.16281186	-0.11280003	0.094726324	-0.113960594	0.079381496	-0.15632918	0.12614737	-0.12033863	0.10746237	-0.07311373	0.23779862	-0.17553386	0.1260978	-0.1259275	0.09939779	-0.85736567	0.17958732	-0.15591253	0.13881946	-0.08439423	0.9999998	-0.20205013	0.14483547	-0.10559626	0.09773414	-0.30207938	0.17690049	-0.16723628	0.11686165	-0.11969342
-0.061343014	0.07465321	-0.061736975	0.0736592	-0.052121356	0.058019858	-0.0909311	0.06753948	-0.05563648	0.059360053	-0.15685982	0.1069321	-0.10399133	0.12289712	-0.09613643	0.11772705	-0.119953595	0.1444249	-0.13406801	0.088751525	-0.17981187	0.23612498	-0.17877097	0.1646436	-0.13291273	0.16513029	-0.4214467	0.26905513	-0.20253654	0.11646433	-0.20205013	0.99999976	-0.3882008	0.17694426	-0.14519355	0.22999957	-0.70792156	0.22535758	-0.17177679	0.16571516
0.07067618	-0.08725318	0.072423145	-0.08709851	0.062197477	-0.066861436	0.10529136	-0.07965008	0.06578626	-0.07110787	0.17526841	-0.123396896	0.12434745	-0.15033689	0.11929758	-0.12784448	0.13397124	-0.18243931	0.16545308	-0.112657525	0.18266203	-0.25660926	0.21673727	-0.21948709	0.17537348	-0.13896145	0.2802382	-0.58952236	0.27623075	-0.1705885	0.14483547	-0.3882008	0.99999946	-0.4235245	0.21583393	-0.2612374	0.26903045	-0.31201974	0.24112457	-0.24797882
-0.060872067	0.07445024	-0.06272584	0.07526341	-0.05551911	0.057125285	-0.09011268	0.06855545	-0.05731965	0.063222855	-0.15015602	0.10295371	-0.10467769	0.1266678	-0.116945215	0.10345473	-0.11123426	0.14609684	-0.14775506	0.110155754	-0.14652655	0.17164245	-0.16358499	0.1973887	-0.2102165	0.09733274	-0.1718565	0.22665103	-0.5271813	0.21779746	-0.10559626	0.17694426	-0.4235245	0.99999934	-0.46363732	0.2106895	-0.19365783	0.28744876	-0.45596257	0.30522066
0.061749503	-0.0760762	0.06459089	-0.07803625	0.058703065	-0.057848282	0.09140628	-0.070685565	0.059467405	-0.06713637	0.14982413	-0.10305885	0.10465255	-0.12879379	0.1317472	-0.101507686	0.109830044	-0.14351158	0.14553772	-0.12971671	0.14111024	-0.15793096	0.14877948	-0.19103158	0.28005365	-0.09029135	0.14375418	-0.18154395	0.28004593	-0.5120827	0.09773414	-0.14519355	0.21583393	-0.46363732	0.9999993	-0.21180965	0.1654068	-0.2791594	0.28241798	-0.5435912
-0.15669118	0.15866788	-0.13496271	0.15004168	-0.10738211	0.14062278	-0.2053899	0.13905385	-0.11634739	0.1183217	-0.4680352	0.22351643	-0.1891391	0.21141756	-0.17584877	0.2520274	-0.26363596	0.21556099	-0.2145212	0.15176456	-0.4009712	0.24588299	-0.21991034	0.22730286	-0.22216792	0.2240041	-0.23982824	0.22547889	-0.32326898	0.17413682	-0.30207938	0.22999957	-0.2612374	0.2106895	-0.21180965	0.9999992	-0.3446065	0.28732434	-0.25795117	0.229976
0.07743241	-0.095626	0.07875203	-0.09517209	0.066255376	-0.073353	0.113999575	-0.08659371	0.07090788	-0.07593714	0.19257693	-0.13299485	0.12779173	-0.15667938	0.11711239	-0.1411754	0.14350885	-0.17776766	0.1595516	-0.109507605	0.20027848	-0.27329433	0.19351025	-0.20177689	0.1580826	-0.17181902	0.2712179	-0.27718866	0.22400476	-0.14133961	0.17690049	-0.70792156	0.26903045	-0.19365783	0.1654068	-0.3446065	0.999999	-0.3387819	0.2023822	-0.21350664
-0.106212206	0.11889608	-0.1019442	0.11746007	-0.08762834	0.09710867	-0.14917311	0.107643984	-0.09092187	0.09736595	-0.28204378	0.16366047	-0.15572323	0.17968751	-0.1727492	0.17057602	-0.1839965	0.1954009	-0.20260999	0.15020707	-0.25132173	0.2223958	-0.21127419	0.23051648	-0.25767744	0.14658473	-0.22455032	0.23443845	-0.40925235	0.20666523	-0.16723628	0.22535758	-0.31201974	0.28744876	-0.2791594	0.28732434	-0.3387819	0.9999988	-0.5551303	0.30066806
0.07250156	-0.0876052	0.07384476	-0.088522494	0.064470455	-0.06770276	0.10553191	-0.08028812	0.066925876	-0.07333966	0.17991577	-0.11856324	0.116559304	-0.14217287	0.1278478	-0.11903608	0.12751701	-0.15598308	0.15352465	-0.11903698	0.16752042	-0.17892535	0.1624511	-0.19424757	0.20749386	-0.10728919	0.16597544	-0.20614947	0.3000772	-0.2082837	0.11686165	-0.17177679	0.24112457	-0.45596257	0.28241798	-0.25795117	0.2023822	-0.5551303	0.99999875	-0.546974
-0.07665777	0.090484165	-0.07794015	0.091783985	-0.070884734	0.0708826	-0.111508645	0.08358978	-0.07119001	0.07934227	-0.19230428	0.12335023	-0.12365639	0.14629789	-0.16217591	0.12399465	-0.13516879	0.1620085	-0.17206568	0.14337558	-0.17732416	0.17684156	-0.17319281	0.20468076	-0.31316075	0.10757745	-0.16981953	0.19240062	-0.35989568	0.26049986	-0.11969342	0.16571516	-0.24797882	0.30522066	-0.5435912	0.229976	-0.21350664	0.30066806	-0.546974	0.99999875
