1.0000001	-0.39756846	0.09840246	-0.01886046	0.017744368	-0.8674157	0.26081097	-0.088738106	0.023398338	-0.024265336	0.091879405	-0.08039661	0.057741348	-0.029758567	0.030774644	-0.06783324	0.06517943	-0.042472735	0.031012764	-0.037047833	0.038430892	-0.036621887	0.033562716	-0.035725225	0.02966296	-0.03785207	0.03079825	-0.034853317	0.028286582	-0.030200355	0.02368189	-0.025225839	0.018480206	-0.016529713	0.016304994	-0.03085401	0.02398402	-0.017576255	0.012407215	-0.012747584
-0.39756846	1.0000001	-0.19349402	0.029922983	-0.027956532	0.2704482	-0.83267653	0.158179	-0.03778716	0.03824607	-0.103763476	0.10934379	-0.086692445	0.043817792	-0.044918094	0.072521225	-0.09236524	0.060236808	-0.04361025	0.05184925	-0.044730972	0.043552283	-0.04600063	0.04932451	-0.04051456	0.043375056	-0.03757916	0.046425	-0.03768749	0.04102068	-0.027922792	0.030134272	-0.023268688	0.021885172	-0.021637682	0.036260154	-0.029037656	0.022100693	-0.016369622	0.016938448
0.09840246	-0.19349402	1.0000002	-0.12243887	0.10490094	-0.12690337	0.18100585	-0.84587175	0.14812307	-0.1570715	0.09004214	-0.0915999	0.23576003	-0.14311287	0.13672535	-0.07985796	0.08724628	-0.18465562	0.13140228	-0.1686637	0.07001736	-0.07945006	0.12858179	-0.15261461	0.11877995	-0.07794151	0.074229844	-0.1338338	0.10410291	-0.12733059	0.053750295	-0.06124242	0.055846505	-0.062253203	0.061201118	-0.0739575	0.059993725	-0.054324605	0.045589615	-0.04908262
-0.01886046	0.029922983	-0.12243887	1.0000001	-0.7600646	0.022888908	-0.035447136	0.11384405	-0.53315365	0.32140192	-0.029176172	0.028782202	-0.10270267	0.13898996	-0.14556958	0.025542168	-0.029123304	0.06803622	-0.067377396	0.074505985	-0.02397192	0.027378358	-0.05252006	0.06145353	-0.0520468	0.025961535	-0.02624153	0.047994822	-0.041070506	0.046930324	-0.018315248	0.021056667	-0.020112999	0.022997737	-0.023191508	0.024721775	-0.021003459	0.019120688	-0.01712728	0.01798517
0.017744368	-0.027956532	0.10490094	-0.7600646	1.0000004	-0.021753145	0.032627404	-0.10652832	0.31548867	-0.5486766	0.027924264	-0.027453493	0.09363435	-0.12947297	0.12566589	-0.024748012	0.027878245	-0.06617543	0.06357726	-0.07352636	0.02347574	-0.02694172	0.050832935	-0.06062775	0.05063754	-0.025649812	0.025822911	-0.047672007	0.040303133	-0.04682966	0.018097645	-0.020826919	0.019908331	-0.022833329	0.022950407	-0.024540052	0.020745225	-0.018999277	0.01695811	-0.017897453
-0.8674157	0.2704482	-0.12690337	0.022888908	-0.021753145	1.0000001	-0.36154658	0.10524977	-0.028491218	0.029299375	-0.12605065	0.09849207	-0.072287574	0.03638279	-0.03802094	0.08140618	-0.08374831	0.051514577	-0.037812456	0.044631638	-0.047037166	0.044163022	-0.040984575	0.04311651	-0.036121536	0.045172445	-0.03748568	0.041995432	-0.03441505	0.03634349	-0.028508395	0.030341923	-0.02240294	0.019979559	-0.019754637	0.03680869	-0.029054293	0.021202147	-0.015036229	0.015393465
0.26081097	-0.83267653	0.18100585	-0.035447136	0.032627404	-0.36154658	1.0	-0.21303801	0.044990186	-0.045758557	0.1183264	-0.14960468	0.10026422	-0.051846292	0.052357186	-0.0888608	0.10603983	-0.07211525	0.051572595	-0.06190443	0.05345054	-0.052604932	0.05439177	-0.058888856	0.047914963	-0.052781608	0.044870965	-0.05555953	0.044679534	-0.04898521	0.03366675	-0.036327045	0.027761998	-0.026081476	0.025730677	-0.044003427	0.034765832	-0.026473137	0.01946629	-0.020190166
-0.088738106	0.158179	-0.84587175	0.11384405	-0.10652832	0.10524977	-0.21303801	0.99999917	-0.17457764	0.14308238	-0.08661618	0.08909555	-0.31817693	0.13791165	-0.13922732	0.07213292	-0.08436113	0.16128926	-0.117448896	0.13718696	-0.060721572	0.06720923	-0.11481147	0.12596661	-0.101050936	0.064844705	-0.06279455	0.108050816	-0.08755237	0.10072724	-0.044735428	0.050718594	-0.046039313	0.05032273	-0.04999997	0.060318403	-0.050037563	0.044082537	-0.03726239	0.039378263
0.023398338	-0.03778716	0.14812307	-0.53315365	0.31548867	-0.028491218	0.044990186	-0.17457764	0.9999991	-0.70779353	0.036248192	-0.036263272	0.1316625	-0.25128046	0.19012605	-0.031867363	0.036375295	-0.088585034	0.08835985	-0.09714331	0.029801559	-0.03420797	0.066451095	-0.079342745	0.06523268	-0.032326113	0.032691397	-0.060450535	0.051183797	-0.059017673	0.02276249	-0.026200257	0.024987804	-0.028700527	0.028899198	-0.030735984	0.026063103	-0.0237957	0.021305386	-0.022429606
-0.024265336	0.03824607	-0.1570715	0.32140192	-0.5486766	0.029299375	-0.045758557	0.14308238	-0.70779353	0.99999917	-0.038286347	0.03775231	-0.13708846	0.18752292	-0.21595103	0.03340863	-0.038257584	0.089455105	-0.09019545	0.099145144	-0.031360824	0.035791177	-0.06939331	0.080819346	-0.06915474	0.033851773	-0.03434151	0.06273833	-0.054082125	0.06141799	-0.023902927	0.027487118	-0.026307438	0.03011222	-0.030429171	0.03219924	-0.027446233	0.02496098	-0.022454431	0.023525894
0.091879405	-0.103763476	0.09004214	-0.029176172	0.027924264	-0.12605065	0.1183264	-0.08661618	0.036248192	-0.038286347	0.99999917	-0.60021853	0.1433738	-0.0685901	0.07032771	-0.62437063	0.3298653	-0.11970723	0.08228152	-0.095056884	0.20892066	-0.18410724	0.099686384	-0.09871266	0.08162377	-0.19672686	0.13509461	-0.10825794	0.08596882	-0.083240725	0.109429516	-0.11215285	0.067321114	-0.05019988	0.04904621	-0.13847268	0.10031377	-0.064127445	0.03792379	-0.037761446
-0.08039661	0.10934379	-0.0915999	0.028782202	-0.027453493	0.09849207	-0.14960468	0.08909555	-0.036263272	0.03775231	-0.60021853	0.999999	-0.1802987	0.06995383	-0.07039111	0.30722174	-0.67761093	0.123448744	-0.08010112	0.08872907	-0.1491055	0.13416971	-0.09329091	0.09052834	-0.07350197	0.1266673	-0.10551299	0.09208597	-0.074212655	0.07299761	-0.076554775	0.079860024	-0.052632906	0.04223883	-0.04158639	0.094001025	-0.074516185	0.04940512	-0.031843137	0.03192351
0.057741348	-0.086692445	0.23576003	-0.10270267	0.09363435	-0.072287574	0.10026422	-0.31817693	0.1316625	-0.13708846	0.1433738	-0.1802987	0.9999989	-0.3460234	0.25058955	-0.13124073	0.15284696	-0.5667626	0.27191663	-0.32598498	0.1157202	-0.13693832	0.26699156	-0.30600736	0.2139928	-0.12748554	0.12680538	-0.24878065	0.18586795	-0.22204553	0.087988645	-0.10161355	0.093849495	-0.10699602	0.105243996	-0.11956435	0.09889632	-0.09085247	0.07772026	-0.08332236
-0.029758567	0.043817792	-0.14311287	0.13898996	-0.12947297	0.03638279	-0.051846292	0.13791165	-0.25128046	0.18752292	-0.0685901	0.06995383	-0.3460234	0.9999989	-0.7984206	0.060878497	-0.07098915	0.20022218	-0.26455647	0.23236656	-0.05860969	0.068469435	-0.1492181	0.18034482	-0.14742014	0.06323681	-0.06577852	0.12567894	-0.108547285	0.12374368	-0.044802554	0.051945537	-0.05043091	0.059284817	-0.060163043	0.060134266	-0.051732194	0.04777284	-0.04399295	0.046090078
0.030774644	-0.044918094	0.13672535	-0.14556958	0.12566589	-0.03802094	0.052357186	-0.13922732	0.19012605	-0.21595103	0.07032771	-0.07039111	0.25058955	-0.7984206	0.9999988	-0.065337904	0.07259734	-0.2165947	0.22969866	-0.3332057	0.06537788	-0.07779814	0.15804285	-0.20833367	0.16816686	-0.07274338	0.074744776	-0.14886507	0.12319879	-0.15282072	0.05154855	-0.060054343	0.05865082	-0.07047869	0.07081659	-0.07023324	0.059478	-0.05632457	0.051632863	-0.055230297
-0.06783324	0.072521225	-0.07985796	0.025542168	-0.024748012	0.08140618	-0.0888608	0.07213292	-0.031867363	0.03340863	-0.62437063	0.30722174	-0.13124073	0.060878497	-0.065337904	0.9999986	-0.55380553	0.10956003	-0.07700576	0.08437524	-0.37263018	0.19925775	-0.09837891	0.090078175	-0.077699095	0.19997185	-0.15492259	0.10305273	-0.084905565	0.076350614	-0.1169168	0.11414639	-0.06899069	0.048299544	-0.047505327	0.13215375	-0.10629706	0.063806415	-0.036927227	0.035938673
0.06517943	-0.09236524	0.08724628	-0.029123304	0.027878245	-0.08374831	0.10603983	-0.08436113	0.036375295	-0.038257584	0.3298653	-0.67761093	0.15284696	-0.07098915	0.07259734	-0.55380553	0.9999987	-0.14466166	0.08842673	-0.09751758	0.19951244	-0.20149192	0.10737435	-0.10251357	0.08287365	-0.17890608	0.13745224	-0.10926954	0.08655661	-0.0829971	0.10219527	-0.10674935	0.06504179	-0.049533024	0.048522305	-0.12658902	0.09586023	-0.061534155	0.037368573	-0.037187226
-0.042472735	0.060236808	-0.18465562	0.06803622	-0.06617543	0.051514577	-0.07211525	0.16128926	-0.088585034	0.089455105	-0.11970723	0.123448744	-0.5667626	0.20022218	-0.2165947	0.10956003	-0.14466166	0.99999875	-0.43303594	0.263667	-0.10558986	0.12574682	-0.51740485	0.30319127	-0.21369058	0.10631244	-0.119871184	0.22572865	-0.19079073	0.17810564	-0.07556391	0.08775407	-0.08358199	0.09265846	-0.09373398	0.0976095	-0.08740433	0.07702435	-0.0692366	0.07007444
0.031012764	-0.04361025	0.13140228	-0.067377396	0.06357726	-0.037812456	0.051572595	-0.117448896	0.08835985	-0.09019545	0.08228152	-0.08010112	0.27191663	-0.26455647	0.22969866	-0.07700576	0.08842673	-0.43303594	0.9999987	-0.5840365	0.080552034	-0.098252624	0.27382532	-0.5255133	0.25195765	-0.085940406	0.09496842	-0.19551283	0.16949885	-0.19249354	0.061738845	-0.07265297	0.07267793	-0.08857068	0.09071017	-0.08176217	0.07248607	-0.06809336	0.0653572	-0.068047374
-0.037047833	0.05184925	-0.1686637	0.074505985	-0.07352636	0.044631638	-0.06190443	0.13718696	-0.09714331	0.099145144	-0.095056884	0.08872907	-0.32598498	0.23236656	-0.3332057	0.08437524	-0.09751758	0.263667	-0.5840365	0.99999887	-0.08885855	0.10386626	-0.25168326	0.2945089	-0.48546815	0.09397345	-0.103901364	0.19992755	-0.2104574	0.23916322	-0.06865341	0.080535375	-0.08471101	0.107779056	-0.11617211	0.09063394	-0.082320265	0.077971235	-0.08175088	0.08324901
0.038430892	-0.044730972	0.07001736	-0.02397192	0.02347574	-0.047037166	0.05345054	-0.060721572	0.029801559	-0.031360824	0.20892066	-0.1491055	0.1157202	-0.05860969	0.06537788	-0.37263018	0.19951244	-0.10558986	0.080552034	-0.08885855	0.9999989	-0.53751504	0.11973043	-0.103270344	0.09132309	-0.57884604	0.27891412	-0.14056218	0.11104514	-0.0911129	0.22860505	-0.21742728	0.1060092	-0.06397479	0.062127568	-0.25218263	0.18133855	-0.09940638	0.04904936	-0.046486426
-0.036621887	0.043552283	-0.07945006	0.027378358	-0.02694172	0.044163022	-0.052604932	0.06720923	-0.03420797	0.035791177	-0.18410724	0.13416971	-0.13693832	0.068469435	-0.07779814	0.19925775	-0.20149192	0.12574682	-0.098252624	0.10386626	-0.53751504	0.99999875	-0.17808084	0.12663756	-0.11317218	0.28281966	-0.64284116	0.18212342	-0.14718193	0.10912971	-0.20438749	0.23378229	-0.12693848	0.077350415	-0.07581549	0.20240961	-0.21818371	0.11266833	-0.05948616	0.05549379
0.033562716	-0.04600063	0.12858179	-0.05252006	0.050832935	-0.040984575	0.05439177	-0.11481147	0.066451095	-0.06939331	0.099686384	-0.09329091	0.26699156	-0.1492181	0.15804285	-0.09837891	0.10737435	-0.51740485	0.27382532	-0.25168326	0.11973043	-0.17808084	0.9999988	-0.562278	0.22500737	-0.12359869	0.15382144	-0.4370048	0.23702039	-0.21412419	0.08817769	-0.10675398	0.100997195	-0.11213132	0.109558545	-0.11323395	0.10253739	-0.094055295	0.08079946	-0.08244226
-0.035725225	0.04932451	-0.15261461	0.06145353	-0.06062775	0.04311651	-0.058888856	0.12596661	-0.079342745	0.080819346	-0.09871266	0.09052834	-0.30600736	0.18034482	-0.20833367	0.090078175	-0.10251357	0.30319127	-0.5255133	0.2945089	-0.103270344	0.12663756	-0.562278	0.99999887	-0.36130184	0.10507834	-0.12558445	0.2480928	-0.24752833	0.22222263	-0.07711705	0.09100728	-0.09304583	0.11175188	-0.11672898	0.099303454	-0.09226468	0.084513575	-0.08438033	0.08384105
0.02966296	-0.04051456	0.11877995	-0.0520468	0.05063754	-0.036121536	0.047914963	-0.101050936	0.06523268	-0.06915474	0.08162377	-0.07350197	0.2139928	-0.14742014	0.16816686	-0.077699095	0.08287365	-0.21369058	0.25195765	-0.48546815	0.09132309	-0.11317218	0.22500737	-0.36130184	0.99999857	-0.10461268	0.11415796	-0.2657898	0.2562971	-0.6243944	0.076856986	-0.09278529	0.10507826	-0.16593975	0.17554717	-0.10553655	0.09308781	-0.10125835	0.11496498	-0.1317025
-0.03785207	0.043375056	-0.07794151	0.025961535	-0.025649812	0.045172445	-0.052781608	0.064844705	-0.032326113	0.033851773	-0.19672686	0.1266673	-0.12748554	0.06323681	-0.07274338	0.19997185	-0.17890608	0.10631244	-0.085940406	0.09397345	-0.57884604	0.28281966	-0.12359869	0.10507834	-0.10461268	0.9999985	-0.36765185	0.15105769	-0.13169175	0.1007024	-0.50775737	0.25661448	-0.1406843	0.07608433	-0.07485042	0.28023994	-0.25632197	0.123305395	-0.059606068	0.054706436
0.03079825	-0.03757916	0.074229844	-0.02624153	0.025822911	-0.03748568	0.044870965	-0.06279455	0.032691397	-0.03434151	0.13509461	-0.10551299	0.12680538	-0.06577852	0.074744776	-0.15492259	0.13745224	-0.119871184	0.09496842	-0.103901364	0.27891412	-0.64284116	0.15382144	-0.12558445	0.11415796	-0.36765185	0.99999875	-0.2571824	0.15940963	-0.116875954	0.23640674	-0.44477445	0.14038968	-0.08483709	0.08089751	-0.2664733	0.24444047	-0.13498549	0.063765265	-0.06004503
-0.034853317	0.046425	-0.1338338	0.047994822	-0.047672007	0.041995432	-0.05555953	0.108050816	-0.060450535	0.06273833	-0.10825794	0.09208597	-0.24878065	0.12567894	-0.14886507	0.10305273	-0.10926954	0.22572865	-0.19551283	0.19992755	-0.14056218	0.18212342	-0.4370048	0.2480928	-0.2657898	0.15105769	-0.2571824	0.9999987	-0.6411175	0.25779444	-0.1154677	0.14651401	-0.17269015	0.17692795	-0.17225438	0.14398392	-0.14493527	0.14075057	-0.1295438	0.11868161
0.028286582	-0.03768749	0.10410291	-0.041070506	0.040303133	-0.03441505	0.044679534	-0.08755237	0.051183797	-0.054082125	0.08596882	-0.074212655	0.18586795	-0.108547285	0.12319879	-0.084905565	0.08655661	-0.19079073	0.16949885	-0.2104574	0.11104514	-0.14718193	0.23702039	-0.24752833	0.2562971	-0.13169175	0.15940963	-0.6411175	0.9999984	-0.47453403	0.09723054	-0.123561144	0.14801766	-0.30502322	0.22257511	-0.13188711	0.119399585	-0.14048773	0.16156916	-0.16547571
-0.030200355	0.04102068	-0.12733059	0.046930324	-0.04682966	0.03634349	-0.04898521	0.10072724	-0.059017673	0.06141799	-0.083240725	0.07299761	-0.22204553	0.12374368	-0.15282072	0.076350614	-0.0829971	0.17810564	-0.19249354	0.23916322	-0.0911129	0.10912971	-0.21412419	0.22222263	-0.6243944	0.1007024	-0.116875954	0.25779444	-0.47453403	0.9999984	-0.076792896	0.09385174	-0.12396465	0.22333513	-0.33546257	0.10294739	-0.09834075	0.11102855	-0.16532564	0.16907838
0.02368189	-0.027922792	0.053750295	-0.018315248	0.018097645	-0.028508395	0.03366675	-0.044735428	0.02276249	-0.023902927	0.109429516	-0.076554775	0.087988645	-0.044802554	0.05154855	-0.1169168	0.10219527	-0.07556391	0.061738845	-0.06865341	0.22860505	-0.20438749	0.08817769	-0.07711705	0.076856986	-0.50775737	0.23640674	-0.1154677	0.09723054	-0.076792896	0.99999803	-0.44577315	0.13601097	-0.06318793	0.06071293	-0.6359973	0.28722697	-0.12811582	0.04912993	-0.04474252
-0.025225839	0.030134272	-0.06124242	0.021056667	-0.020826919	0.030341923	-0.036327045	0.050718594	-0.026200257	0.027487118	-0.11215285	0.079860024	-0.10161355	0.051945537	-0.060054343	0.11414639	-0.10674935	0.08775407	-0.07265297	0.080535375	-0.21742728	0.23378229	-0.10675398	0.09100728	-0.09278529	0.25661448	-0.44477445	0.14651401	-0.123561144	0.09385174	-0.44577315	0.9999982	-0.22116284	0.08429557	-0.07990985	0.31205207	-0.6217397	0.19199385	-0.06518254	0.05802649
0.018480206	-0.023268688	0.055846505	-0.020112999	0.019908331	-0.02240294	0.027761998	-0.046039313	0.024987804	-0.026307438	0.067321114	-0.052632906	0.093849495	-0.05043091	0.05865082	-0.06899069	0.06504179	-0.08358199	0.07267793	-0.08471101	0.1060092	-0.12693848	0.100997195	-0.09304583	0.10507826	-0.1406843	0.14038968	-0.17269015	0.14801766	-0.12396465	0.13601097	-0.22116284	0.9999978	-0.2208167	0.1508591	-0.21166795	0.23769277	-0.8560119	0.1298717	-0.11398816
-0.016529713	0.021885172	-0.062253203	0.022997737	-0.022833329	0.019979559	-0.026081476	0.05032273	-0.028700527	0.03011222	-0.05019988	0.04223883	-0.10699602	0.059284817	-0.07047869	0.048299544	-0.049533024	0.09265846	-0.08857068	0.107779056	-0.06397479	0.077350415	-0.11213132	0.11175188	-0.16593975	0.07608433	-0.08483709	0.17692795	-0.30502322	0.22333513	-0.06318793	0.08429557	-0.2208167	0.99999774	-0.67625266	0.08964536	-0.09271125	0.16360587	-0.49897015	0.30746934
0.016304994	-0.021637682	0.061201118	-0.023191508	0.022950407	-0.019754637	0.025730677	-0.04999997	0.028899198	-0.030429171	0.04904621	-0.04158639	0.105243996	-0.060163043	0.07081659	-0.047505327	0.048522305	-0.09373398	0.09071017	-0.11617211	0.062127568	-0.07581549	0.109558545	-0.11672898	0.17554717	-0.07485042	0.08089751	-0.17225438	0.22257511	-0.33546257	0.06071293	-0.07990985	0.1508591	-0.67625266	0.9999974	-0.08759683	0.08520289	-0.1481278	0.30855718	-0.50428826
-0.03085401	0.036260154	-0.0739575	0.024721775	-0.024540052	0.03680869	-0.044003427	0.060318403	-0.030735984	0.03219924	-0.13847268	0.094001025	-0.11956435	0.060134266	-0.07023324	0.13215375	-0.12658902	0.0976095	-0.08176217	0.09063394	-0.25218263	0.20240961	-0.11323395	0.099303454	-0.10553655	0.28023994	-0.2664733	0.14398392	-0.13188711	0.10294739	-0.6359973	0.31205207	-0.21166795	0.08964536	-0.08759683	0.9999972	-0.5233387	0.1812805	-0.07134116	0.06326776
0.02398402	-0.029037656	0.059993725	-0.021003459	0.020745225	-0.029054293	0.034765832	-0.050037563	0.026063103	-0.027446233	0.10031377	-0.074516185	0.09889632	-0.051732194	0.059478	-0.10629706	0.09586023	-0.08740433	0.07248607	-0.082320265	0.18133855	-0.21818371	0.10253739	-0.09226468	0.09308781	-0.25632197	0.24444047	-0.14493527	0.119399585	-0.09834075	0.28722697	-0.6217397	0.23769277	-0.09271125	0.08520289	-0.5233387	0.9999971	-0.3437517	0.071107544	-0.064180434
-0.017576255	0.022100693	-0.054324605	0.019120688	-0.018999277	0.021202147	-0.026473137	0.044082537	-0.0237957	0.02496098	-0.064127445	0.04940512	-0.09085247	0.04777284	-0.05632457	0.063806415	-0.061534155	0.07702435	-0.06809336	0.077971235	-0.09940638	0.11266833	-0.094055295	0.084513575	-0.10125835	0.123305395	-0.13498549	0.14075057	-0.14048773	0.11102855	-0.12811582	0.19199385	-0.8560119	0.16360587	-0.1481278	0.1812805	-0.3437517	0.9999972	-0.13159113	0.103301756
0.012407215	-0.016369622	0.045589615	-0.01712728	0.01695811	-0.015036229	0.01946629	-0.03726239	0.021305386	-0.022454431	0.03792379	-0.031843137	0.07772026	-0.04399295	0.051632863	-0.036927227	0.037368573	-0.0692366	0.0653572	-0.08175088	0.04904936	-0.05948616	0.08079946	-0.08438033	0.11496498	-0.059606068	0.063765265	-0.1295438	0.16156916	-0.16532564	0.04912993	-0.06518254	0.1298717	-0.49897015	0.30855718	-0.07134116	0.071107544	-0.13159113	0.99999714	-0.7771133
-0.012747584	0.016938448	-0.04908262	0.01798517	-0.017897453	0.015393465	-0.020190166	0.039378263	-0.022429606	0.023525894	-0.037761446	0.03192351	-0.08332236	0.046090078	-0.055230297	0.035938673	-0.037187226	0.07007444	-0.068047374	0.08324901	-0.046486426	0.05549379	-0.08244226	0.08384105	-0.1317025	0.054706436	-0.06004503	0.11868161	-0.16547571	0.16907838	-0.04474252	0.05802649	-0.11398816	0.30746934	-0.50428826	0.06326776	-0.064180434	0.103301756	-0.7771133	0.99999714
