1.0	-0.7217259	0.29429528	-0.119884945	0.123678036	-0.42393568	0.25254297	-0.22107394	0.16741925	-0.20288426	0.19921911	-0.20201395	0.14807554	-0.12540594	0.12740703	-0.17675856	0.1291097	-0.13330929	0.11767695	-0.107577175	0.1129525	-0.11178134	0.11872812	-0.10020261	0.08840347	-0.06289827	0.07272763	-0.10894372	0.089132555	-0.12662613	0.07745817	-0.10583263	0.090779744	-0.08761203	0.06515477	-0.048294775	0.046564266	-0.1304363	0.06346303	-0.06758997
-0.7217259	0.9999997	-0.54524904	0.11578156	-0.1224578	0.2326757	-0.24219726	0.20732303	-0.16222227	0.16127971	-0.1515878	0.14630334	-0.122829236	0.101373106	-0.10435563	0.12755392	-0.09763562	0.10320214	-0.09174341	0.08134907	-0.084811255	0.08312967	-0.09117994	0.07640563	-0.06723218	0.046630975	-0.054106954	0.08040893	-0.066289105	0.093433365	-0.057589255	0.07775346	-0.0671087	0.06420704	-0.04797817	0.03548345	-0.034278568	0.09529948	-0.04655788	0.049542334
0.29429528	-0.54524904	0.9999997	-0.226012	0.19382977	-0.28185567	0.2758126	-0.48401883	0.26342824	-0.28860685	0.18957071	-0.22213408	0.19651616	-0.17105523	0.17009558	-0.19838344	0.15080385	-0.16983543	0.14769551	-0.13576111	0.13045993	-0.13110805	0.14645034	-0.12531736	0.11067046	-0.07525746	0.087045446	-0.13517623	0.11064843	-0.15787709	0.093382716	-0.12831865	0.11223161	-0.10868683	0.08079144	-0.05909858	0.056954358	-0.16172956	0.078672916	-0.08387293
-0.119884945	0.11578156	-0.226012	0.9999996	-0.8356984	0.11858803	-0.15804413	0.20654905	-0.39524788	0.22858919	-0.09722936	0.11392925	-0.12484228	0.11913761	-0.12765251	0.101970345	-0.08352683	0.09835674	-0.089532204	0.07864211	-0.071183145	0.071009725	-0.085786454	0.07282051	-0.06463825	0.040787827	-0.04744468	0.07390908	-0.061469845	0.08654352	-0.05098578	0.06880192	-0.061497305	0.058684792	-0.044027414	0.03182681	-0.030774299	0.0867873	-0.042551674	0.04531414
0.123678036	-0.1224578	0.19382977	-0.8356984	0.9999995	-0.13569921	0.16602786	-0.21648978	0.26836056	-0.32264522	0.11423664	-0.13900355	0.14328521	-0.14452228	0.15150474	-0.1269821	0.10211758	-0.120816424	0.10929859	-0.10013358	0.08779836	-0.088214844	0.10621889	-0.09130671	0.08141535	-0.051712874	0.060006786	-0.09591888	0.07914393	-0.11263657	0.06488951	-0.088645376	0.07958296	-0.07677888	0.057300847	-0.041261643	0.039817967	-0.11389392	0.055593576	-0.059288256
-0.42393568	0.2326757	-0.28185567	0.11858803	-0.13569921	0.9999995	-0.5671853	0.22252446	-0.18873481	0.19112216	-0.51574653	0.26482555	-0.17412831	0.13387619	-0.13980883	0.21540077	-0.16360405	0.1478586	-0.1321942	0.11028654	-0.14311932	0.13241673	-0.13268186	0.10749883	-0.093043886	0.06947648	-0.08105859	0.10745546	-0.08963308	0.12337771	-0.08408103	0.109321	-0.09049021	0.0843392	-0.06367352	0.048659764	-0.047233604	0.12455207	-0.06138123	0.06503383
0.25254297	-0.24219726	0.2758126	-0.15804413	0.16602786	-0.5671853	0.9999994	-0.4288806	0.25015286	-0.29267284	0.27641413	-0.32295588	0.22069527	-0.18550938	0.18485397	-0.26198003	0.19229174	-0.19741748	0.17134832	-0.15521981	0.16579176	-0.16600348	0.17195667	-0.14541236	0.12746857	-0.09155497	0.105789416	-0.15585184	0.12768213	-0.18097375	0.11193366	-0.1527968	0.12984279	-0.124872476	0.092982106	-0.06926723	0.06680106	-0.1857579	0.09048425	-0.09631729
-0.22107394	0.20732303	-0.48401883	0.20654905	-0.21648978	0.22252446	-0.4288806	0.99999917	-0.58614147	0.27156368	-0.16768779	0.19167113	-0.26837257	0.18556796	-0.1847215	0.16261631	-0.13673295	0.16562729	-0.14254633	0.11814486	-0.1130286	0.11289983	-0.1329321	0.11226996	-0.09758462	0.06226856	-0.07252937	0.109214	-0.09121981	0.12738435	-0.07682902	0.102751106	-0.09080162	0.08580007	-0.06460445	0.047061298	-0.0455627	0.12657294	-0.062271055	0.066219755
0.16741925	-0.16222227	0.26342824	-0.39524788	0.26836056	-0.18873481	0.25015286	-0.58614147	0.99999934	-0.47690454	0.15406087	-0.1880092	0.21700816	-0.23858789	0.22076325	-0.16540478	0.13688242	-0.16889705	0.14913523	-0.13094959	0.11514421	-0.11607833	0.13990894	-0.12088294	0.10636728	-0.06598151	0.07669236	-0.12028147	0.10005137	-0.1412754	0.082113214	-0.11102784	0.099654526	-0.0951203	0.07137227	-0.05139268	0.049681064	-0.14055139	0.068940856	-0.07344455
-0.20288426	0.16127971	-0.28860685	0.22858919	-0.32264522	0.19112216	-0.29267284	0.27156368	-0.47690454	0.9999993	-0.18108243	0.202128	-0.2879845	0.2764662	-0.52437717	0.17765202	-0.16219504	0.19622838	-0.19524927	0.15621416	-0.13521828	0.13179123	-0.17850463	0.14544803	-0.1331621	0.073234886	-0.08619882	0.12839562	-0.111564	0.15017712	-0.09195894	0.11794362	-0.10813661	0.09839251	-0.07586276	0.05418632	-0.05289652	0.14302583	-0.07178828	0.07605484
0.19921911	-0.1515878	0.18957071	-0.09722936	0.11423664	-0.51574653	0.27641413	-0.16768779	0.15406087	-0.18108243	0.9999993	-0.5952528	0.19957224	-0.14619635	0.14559285	-0.4104742	0.24248311	-0.18629904	0.15578267	-0.12684365	0.20589736	-0.19652617	0.1569303	-0.12735194	0.10691107	-0.09066396	0.10463118	-0.123498425	0.10265217	-0.14027354	0.10319856	-0.1343299	0.10372073	-0.0954408	0.072153784	-0.05751733	0.055777524	-0.14088273	0.06954206	-0.073460914
-0.20201395	0.14630334	-0.22213408	0.11392925	-0.13900355	0.26482555	-0.32295588	0.19167113	-0.1880092	0.202128	-0.5952528	0.99999857	-0.32965714	0.18738039	-0.19356482	0.29345453	-0.434231	0.24157308	-0.20543246	0.14630061	-0.2476944	0.22778174	-0.19764435	0.15348132	-0.1269483	0.10133387	-0.12137643	0.13312633	-0.1137815	0.14993854	-0.11682252	0.14254273	-0.11264097	0.099752836	-0.07686963	0.06133957	-0.0600377	0.14546375	-0.07304417	0.076789506
0.14807554	-0.122829236	0.19651616	-0.12484228	0.14328521	-0.17412831	0.22069527	-0.26837257	0.21700816	-0.2879845	0.19957224	-0.32965714	0.9999989	-0.5310755	0.27995813	-0.22238486	0.23118943	-0.5032362	0.2604996	-0.1911964	0.16284002	-0.17684881	0.20905717	-0.19214332	0.15096857	-0.085954554	0.10044363	-0.15134847	0.12815347	-0.17802101	0.10216705	-0.13460584	0.122398704	-0.11295777	0.08608461	-0.061312728	0.059536874	-0.1644249	0.08196932	-0.08709353
-0.12540594	0.101373106	-0.17105523	0.11913761	-0.14452228	0.13387619	-0.18550938	0.18556796	-0.23858789	0.2764662	-0.14619635	0.18738039	-0.5310755	0.99999905	-0.6674181	0.1543373	-0.1581323	0.23638001	-0.25423038	0.15964769	-0.1188257	0.12171004	-0.17107119	0.15315029	-0.13034856	0.06310498	-0.07431943	0.11409736	-0.10011	0.13528529	-0.07699708	0.09949997	-0.09364446	0.08477419	-0.06556431	0.04572758	-0.04459686	0.12235466	-0.06172488	0.065465786
0.12740703	-0.10435563	0.17009558	-0.12765251	0.15150474	-0.13980883	0.18485397	-0.1847215	0.22076325	-0.52437717	0.14559285	-0.19356482	0.27995813	-0.6674181	0.99999887	-0.16469394	0.15138105	-0.22010966	0.1993356	-0.19663757	0.12100446	-0.12522389	0.16539967	-0.15495606	0.14222921	-0.068080455	0.07951828	-0.12882891	0.11114142	-0.1564863	0.08382153	-0.11099364	0.10494671	-0.09775051	0.07481141	-0.051672198	0.050188508	-0.14194265	0.07091151	-0.07558922
-0.17675856	0.12755392	-0.19838344	0.101970345	-0.1269821	0.21540077	-0.26198003	0.16261631	-0.16540478	0.17765202	-0.4104742	0.29345453	-0.22238486	0.1543373	-0.16469394	0.99999887	-0.4430805	0.22400108	-0.20192231	0.14263839	-0.5702896	0.30372855	-0.21066844	0.15521337	-0.12675731	0.1345953	-0.15712902	0.1359784	-0.11606353	0.1487316	-0.14596958	0.16532564	-0.11686341	0.10011031	-0.077712715	0.06859773	-0.067501016	0.14597562	-0.073729955	0.07686913
0.1291097	-0.09763562	0.15080385	-0.08352683	0.10211758	-0.16360405	0.19229174	-0.13673295	0.13688242	-0.16219504	0.24248311	-0.434231	0.23118943	-0.1581323	0.15138105	-0.4430805	0.9999988	-0.40446052	0.21539427	-0.14960435	0.29786503	-0.53911847	0.20515516	-0.16868255	0.12583806	-0.12697713	0.1485635	-0.1335754	0.11181511	-0.14728661	0.12371019	-0.15842482	0.11029617	-0.09615863	0.0738999	-0.06302173	0.061203517	-0.14023459	0.07038512	-0.073700115
-0.13330929	0.10320214	-0.16983543	0.09835674	-0.120816424	0.1478586	-0.19741748	0.16562729	-0.16889705	0.19622838	-0.18629904	0.24157308	-0.5032362	0.23638001	-0.22010966	0.22400108	-0.40446052	0.9999985	-0.53550845	0.20477922	-0.19036168	0.20856126	-0.31530648	0.24575487	-0.17818959	0.089782916	-0.107759856	0.15038396	-0.1331977	0.17097667	-0.103883155	0.12999274	-0.12164645	0.10461131	-0.08204758	0.05807167	-0.05692635	0.14909683	-0.07645555	0.08042657
0.11767695	-0.09174341	0.14769551	-0.089532204	0.10929859	-0.1321942	0.17134832	-0.14254633	0.14913523	-0.19524927	0.15578267	-0.20543246	0.2604996	-0.25423038	0.1993356	-0.20192231	0.21539427	-0.53550845	0.9999985	-0.37952074	0.15625434	-0.17739661	0.30031225	-0.5074022	0.25425148	-0.08646967	0.101661526	-0.18065996	0.16450584	-0.22353643	0.10340901	-0.1340893	0.13950497	-0.12421149	0.0975967	-0.06278296	0.061388712	-0.17486745	0.09005225	-0.09580624
-0.107577175	0.08134907	-0.13576111	0.07864211	-0.10013358	0.11028654	-0.15521981	0.11814486	-0.13094959	0.15621416	-0.12684365	0.14630061	-0.1911964	0.15964769	-0.19663757	0.14263839	-0.14960435	0.20477922	-0.37952074	0.99999857	-0.12323943	0.12400864	-0.27511877	0.2710921	-0.7628006	0.070042945	-0.0842297	0.15983894	-0.18940957	0.23771442	-0.08981269	0.108883575	-0.13519898	0.11098079	-0.098442316	0.052561276	-0.05248376	0.14583096	-0.082248345	0.08747382
0.1129525	-0.084811255	0.13045993	-0.071183145	0.08779836	-0.14311932	0.16579176	-0.1130286	0.11514421	-0.13521828	0.20589736	-0.2476944	0.16284002	-0.1188257	0.12100446	-0.5702896	0.29786503	-0.19036168	0.15625434	-0.12323943	0.9999985	-0.6442103	0.1781629	-0.1377872	0.10637237	-0.19593899	0.1907437	-0.12820964	0.10410552	-0.13556325	0.15272956	-0.19193654	0.1079891	-0.09278736	0.070710115	-0.07123326	0.06849452	-0.13729554	0.06821432	-0.070794754
-0.11178134	0.08312967	-0.13110805	0.071009725	-0.088214844	0.13241673	-0.16600348	0.11289983	-0.11607833	0.13179123	-0.19652617	0.22778174	-0.17684881	0.12171004	-0.12522389	0.30372855	-0.53911847	0.20856126	-0.17739661	0.12400864	-0.6442103	0.99999815	-0.22802013	0.1493953	-0.11061802	0.17137773	-0.2496646	0.12516488	-0.10324663	0.1293606	-0.1504003	0.17676285	-0.10509003	0.086806625	-0.06708433	0.06631982	-0.064669184	0.12697105	-0.06404447	0.0661535
0.11872812	-0.09117994	0.14645034	-0.085786454	0.10621889	-0.13268186	0.17195667	-0.1329321	0.13990894	-0.17850463	0.1569303	-0.19764435	0.20905717	-0.17107119	0.16539967	-0.21066844	0.20515516	-0.31530648	0.30031225	-0.27511877	0.1781629	-0.22802013	0.99999833	-0.6517695	0.24424382	-0.10502493	0.12384302	-0.30838737	0.21668394	-0.27749407	0.12417431	-0.16296212	0.19300584	-0.16222215	0.12362366	-0.07812505	0.076453865	-0.23003554	0.11686071	-0.12223268
-0.10020261	0.07640563	-0.12531736	0.07282051	-0.09130671	0.10749883	-0.14541236	0.11226996	-0.12088294	0.14544803	-0.12735194	0.15348132	-0.19214332	0.15315029	-0.15495606	0.15521337	-0.16868255	0.24575487	-0.5074022	0.2710921	-0.1377872	0.1493953	-0.6517695	0.9999982	-0.37218732	0.07583805	-0.09114656	0.18846321	-0.19998036	0.21711887	-0.09258103	0.11572226	-0.14216362	0.11484643	-0.093268774	0.055153806	-0.054580797	0.15564254	-0.08377949	0.087589286
0.08840347	-0.06723218	0.11067046	-0.06463825	0.08141535	-0.093043886	0.12746857	-0.09758462	0.10636728	-0.1331621	0.10691107	-0.1269483	0.15096857	-0.13034856	0.14222921	-0.12675731	0.12583806	-0.17818959	0.25425148	-0.7628006	0.10637237	-0.11061802	0.24424382	-0.37218732	0.99999815	-0.064480074	0.07698582	-0.17081507	0.19513896	-0.35793307	0.08218857	-0.10270473	0.13281116	-0.11576751	0.10170164	-0.050940786	0.050565545	-0.1502529	0.084265105	-0.09238981
-0.06289827	0.046630975	-0.07525746	0.040787827	-0.051712874	0.06947648	-0.09155497	0.06226856	-0.06598151	0.073234886	-0.09066396	0.10133387	-0.085954554	0.06310498	-0.068080455	0.1345953	-0.12697713	0.089782916	-0.08646967	0.070042945	-0.19593899	0.17137773	-0.10502493	0.07583805	-0.064480074	0.99999833	-0.73568135	0.106208354	-0.08103636	0.08956466	-0.5392973	0.30469504	-0.09954863	0.07102678	-0.054765638	0.117736876	-0.11481741	0.10986883	-0.05446615	0.053034134
0.07272763	-0.054106954	0.087045446	-0.04744468	0.060006786	-0.08105859	0.105789416	-0.07252937	0.07669236	-0.08619882	0.10463118	-0.12137643	0.10044363	-0.07431943	0.07951828	-0.15712902	0.1485635	-0.107759856	0.101661526	-0.0842297	0.1907437	-0.2496646	0.12384302	-0.09114656	0.07698582	-0.73568135	0.9999986	-0.14279942	0.099071935	-0.110361524	0.30977362	-0.48359692	0.122168384	-0.086909086	0.06600026	-0.12086556	0.11339791	-0.13326973	0.06574702	-0.06436241
-0.10894372	0.08040893	-0.13517623	0.07390908	-0.09591888	0.10745546	-0.15585184	0.109214	-0.12028147	0.12839562	-0.123498425	0.13312633	-0.15134847	0.11409736	-0.12882891	0.1359784	-0.1335754	0.15038396	-0.18065996	0.15983894	-0.12820964	0.12516488	-0.30838737	0.18846321	-0.17081507	0.106208354	-0.14279942	0.9999985	-0.5510716	0.28323343	-0.1369622	0.16157636	-0.5774501	0.2051957	-0.16045094	0.08246206	-0.08578311	0.26647672	-0.15466247	0.13908806
0.089132555	-0.066289105	0.11064843	-0.061469845	0.07914393	-0.08963308	0.12768213	-0.09121981	0.10005137	-0.111564	0.10265217	-0.1137815	0.12815347	-0.10011	0.11114142	-0.11606353	0.11181511	-0.1331977	0.16450584	-0.18940957	0.10410552	-0.10324663	0.21668394	-0.19998036	0.19513896	-0.08103636	0.099071935	-0.5510716	0.9999984	-0.6554058	0.105294555	-0.13029236	0.2568646	-0.23463388	0.17265368	-0.07042613	0.071170665	-0.24450696	0.15135953	-0.15392995
-0.12662613	0.093433365	-0.15787709	0.08654352	-0.11263657	0.12337771	-0.18097375	0.12738435	-0.1412754	0.15017712	-0.14027354	0.14993854	-0.17802101	0.13528529	-0.1564863	0.1487316	-0.14728661	0.17097667	-0.22353643	0.23771442	-0.13556325	0.1293606	-0.27749407	0.21711887	-0.35793307	0.08956466	-0.110361524	0.28323343	-0.6554058	0.9999983	-0.1231922	0.14148283	-0.25299487	0.20005302	-0.24019362	0.07336811	-0.07547139	0.21904583	-0.15125294	0.16806744
0.07745817	-0.057589255	0.093382716	-0.05098578	0.06488951	-0.08408103	0.11193366	-0.07682902	0.082113214	-0.09195894	0.10319856	-0.11682252	0.10216705	-0.07699708	0.08382153	-0.14596958	0.12371019	-0.103883155	0.10340901	-0.08981269	0.15272956	-0.1504003	0.12417431	-0.09258103	0.08218857	-0.5392973	0.30977362	-0.1369622	0.105294555	-0.1231922	0.99999833	-0.6570606	0.14266983	-0.10740613	0.080710225	-0.2736159	0.20429416	-0.17539708	0.08291303	-0.07998806
-0.10583263	0.07775346	-0.12831865	0.06880192	-0.088645376	0.109321	-0.1527968	0.102751106	-0.11102784	0.11794362	-0.1343299	0.14254273	-0.13460584	0.09949997	-0.11099364	0.16532564	-0.15842482	0.12999274	-0.1340893	0.108883575	-0.19193654	0.17676285	-0.16296212	0.11572226	-0.10270473	0.30469504	-0.48359692	0.16157636	-0.13029236	0.14148283	-0.6570606	0.9999982	-0.19628695	0.12013874	-0.094609395	0.20394474	-0.24994741	0.18644208	-0.09435607	0.08923909
0.090779744	-0.0671087	0.11223161	-0.061497305	0.07958296	-0.09049021	0.12984279	-0.09080162	0.099654526	-0.10813661	0.10372073	-0.11264097	0.122398704	-0.09364446	0.10494671	-0.11686341	0.11029617	-0.12164645	0.13950497	-0.13519898	0.1079891	-0.10509003	0.19300584	-0.14216362	0.13281116	-0.09954863	0.122168384	-0.5774501	0.2568646	-0.25299487	0.14266983	-0.19628695	0.99999875	-0.34991866	0.19569053	-0.11171943	0.114247605	-0.56325096	0.23075095	-0.19270386
-0.08761203	0.06420704	-0.10868683	0.058684792	-0.07677888	0.0843392	-0.124872476	0.08580007	-0.0951203	0.09839251	-0.0954408	0.099752836	-0.11295777	0.08477419	-0.09775051	0.10011031	-0.09615863	0.10461131	-0.12421149	0.11098079	-0.09278736	0.086806625	-0.16222215	0.11484643	-0.11576751	0.07102678	-0.086909086	0.2051957	-0.23463388	0.20005302	-0.10740613	0.12013874	-0.34991866	0.999999	-0.46784782	0.07595064	-0.082801506	0.2977132	-0.6494604	0.30596092
0.06515477	-0.04797817	0.08079144	-0.044027414	0.057300847	-0.06367352	0.092982106	-0.06460445	0.07137227	-0.07586276	0.072153784	-0.07686963	0.08608461	-0.06556431	0.07481141	-0.077712715	0.0738999	-0.08204758	0.0975967	-0.098442316	0.070710115	-0.06708433	0.12362366	-0.093268774	0.10170164	-0.054765638	0.06600026	-0.16045094	0.17265368	-0.24019362	0.080710225	-0.094609395	0.19569053	-0.46784782	0.9999988	-0.0630261	0.065414384	-0.26438197	0.30647245	-0.7527122
-0.048294775	0.03548345	-0.05909858	0.03182681	-0.041261643	0.048659764	-0.06926723	0.047061298	-0.05139268	0.05418632	-0.05751733	0.06133957	-0.061312728	0.04572758	-0.051672198	0.06859773	-0.06302173	0.05807167	-0.06278296	0.052561276	-0.07123326	0.06631982	-0.07812505	0.055153806	-0.050940786	0.117736876	-0.12086556	0.08246206	-0.07042613	0.07336811	-0.2736159	0.20394474	-0.11171943	0.07595064	-0.0630261	0.9999989	-0.91100997	0.1509558	-0.07096	0.058137827
0.046564266	-0.034278568	0.056954358	-0.030774299	0.039817967	-0.047233604	0.06680106	-0.0455627	0.049681064	-0.05289652	0.055777524	-0.0600377	0.059536874	-0.04459686	0.050188508	-0.067501016	0.061203517	-0.05692635	0.061388712	-0.05248376	0.06849452	-0.064669184	0.076453865	-0.054580797	0.050565545	-0.11481741	0.11339791	-0.08578311	0.071170665	-0.07547139	0.20429416	-0.24994741	0.114247605	-0.082801506	0.065414384	-0.91100997	0.9999989	-0.19405067	0.07643922	-0.06296781
-0.1304363	0.09529948	-0.16172956	0.0867873	-0.11389392	0.12455207	-0.1857579	0.12657294	-0.14055139	0.14302583	-0.14088273	0.14546375	-0.1644249	0.12235466	-0.14194265	0.14597562	-0.14023459	0.14909683	-0.17486745	0.14583096	-0.13729554	0.12697105	-0.23003554	0.15564254	-0.1502529	0.10986883	-0.13326973	0.26647672	-0.24450696	0.21904583	-0.17539708	0.18644208	-0.56325096	0.2977132	-0.26438197	0.1509558	-0.19405067	0.99999887	-0.4404992	0.22958764
0.06346303	-0.04655788	0.078672916	-0.042551674	0.055593576	-0.06138123	0.09048425	-0.062271055	0.068940856	-0.07178828	0.06954206	-0.07304417	0.08196932	-0.06172488	0.07091151	-0.073729955	0.07038512	-0.07645555	0.09005225	-0.082248345	0.06821432	-0.06404447	0.11686071	-0.08377949	0.084265105	-0.05446615	0.06574702	-0.15466247	0.15135953	-0.15125294	0.08291303	-0.09435607	0.23075095	-0.6494604	0.30647245	-0.07096	0.07643922	-0.4404992	0.99999875	-0.50780183
-0.06758997	0.049542334	-0.08387293	0.04531414	-0.059288256	0.06503383	-0.09631729	0.066219755	-0.07344455	0.07605484	-0.073460914	0.076789506	-0.08709353	0.065465786	-0.07558922	0.07686913	-0.073700115	0.08042657	-0.09580624	0.08747382	-0.070794754	0.0661535	-0.12223268	0.087589286	-0.09238981	0.053034134	-0.06436241	0.13908806	-0.15392995	0.16806744	-0.07998806	0.08923909	-0.19270386	0.30596092	-0.7527122	0.058137827	-0.06296781	0.22958764	-0.50780183	0.99999875
