1.0000001	-0.36241353	0.1869995	-0.0501103	0.051215965	-0.7804561	0.2730586	-0.14467199	0.085839026	-0.069949545	0.25452513	-0.30923846	0.11542177	-0.0997264	0.06439255	-0.12729877	0.11898695	-0.12694949	0.08124074	-0.08992853	0.10429221	-0.09647466	0.08691163	-0.08880142	0.100516565	-0.07043674	0.061609812	-0.08464054	0.07926704	-0.05955979	0.048020385	-0.05860666	0.061572347	-0.08141634	0.055848416	-0.039377756	0.050522234	-0.073018946	0.06544785	-0.13261274
-0.36241353	1.0	-0.3694843	0.056209955	-0.05614372	0.24233	-0.79037994	0.1613708	-0.088412814	0.07118704	-0.15756497	0.1726168	-0.11209207	0.097546324	-0.0644258	0.08229126	-0.08534162	0.119857155	-0.0790334	0.08889729	-0.0880626	0.08324494	-0.08065747	0.08479348	-0.09613106	0.060894866	-0.05440087	0.07939286	-0.07505281	0.05722252	-0.044337355	0.0540892	-0.05772225	0.07837352	-0.053590246	0.03656256	-0.046975713	0.06879858	-0.062916234	0.12945934
0.1869995	-0.3694843	1.0000001	-0.16158845	0.14768818	-0.16294213	0.2532977	-0.48878863	0.22708404	-0.19143619	0.16287947	-0.20264228	0.2689503	-0.2553949	0.1673768	-0.13199463	0.14155157	-0.31387228	0.20393428	-0.23771028	0.19488822	-0.19731285	0.20261475	-0.22085191	0.24418265	-0.14490703	0.13098267	-0.20562713	0.19305535	-0.15196158	0.11244926	-0.13818946	0.14947091	-0.21116284	0.14142637	-0.09384806	0.11997226	-0.18064287	0.1685554	-0.35700145
-0.0501103	0.056209955	-0.16158845	1.0	-0.88463783	0.040076014	-0.06255192	0.13841711	-0.33879286	0.20580141	-0.05018092	0.057741046	-0.11206842	0.15715729	-0.15152712	0.042224385	-0.04766712	0.105407186	-0.11555128	0.14471105	-0.07051647	0.066993736	-0.07487073	0.0916305	-0.10363784	0.048222728	-0.045017533	0.071471564	-0.07368317	0.05052469	-0.037405975	0.044852577	-0.049158856	0.06314875	-0.047729418	0.03034076	-0.039777435	0.056397166	-0.05126863	0.096414246
0.051215965	-0.05614372	0.14768818	-0.88463783	1.0	-0.041321274	0.06242258	-0.14849477	0.24811456	-0.27335507	0.052662108	-0.0613982	0.116622515	-0.17265123	0.16161911	-0.04546992	0.0511132	-0.11711832	0.12361938	-0.17331399	0.076113306	-0.0737217	0.08170994	-0.101298004	0.1106382	-0.05304117	0.04931502	-0.079129055	0.08036926	-0.055806424	0.041132953	-0.049593396	0.05430347	-0.07052252	0.052439645	-0.03351286	0.043741476	-0.06273567	0.05699279	-0.1085684
-0.7804561	0.24233	-0.16294213	0.040076014	-0.041321274	0.9999999	-0.34340608	0.11447775	-0.06889337	0.05497543	-0.39559177	0.255559	-0.09472177	0.07866362	-0.051093757	0.11520233	-0.11184118	0.09953996	-0.06436187	0.070157625	-0.08915749	0.078390084	-0.06944656	0.06973219	-0.0798982	0.057012357	-0.04996281	0.0664333	-0.062555686	0.046168182	-0.03802817	0.046177607	-0.048282992	0.06254315	-0.04344263	0.030964833	-0.03988213	0.05676896	-0.05044874	0.10056238
0.2730586	-0.79037994	0.2532977	-0.06255192	0.06242258	-0.34340608	0.9999999	-0.19517715	0.103223436	-0.08479927	0.18411602	-0.23778023	0.13216683	-0.117376	0.0765231	-0.10120239	0.10284614	-0.1464732	0.09491616	-0.10741526	0.10588359	-0.10148296	0.09773824	-0.10297292	0.11575254	-0.07426226	0.06613013	-0.09690333	0.091093086	-0.06999112	0.054044485	-0.06610872	0.07051848	-0.09637325	0.06542819	-0.04467649	0.057271007	-0.08435076	0.07723767	-0.15998448
-0.14467199	0.1613708	-0.48878863	0.13841711	-0.14849477	0.11447775	-0.19517715	0.9999999	-0.34201974	0.18407156	-0.14787793	0.16561009	-0.62544334	0.2745396	-0.17772503	0.1073973	-0.12394996	0.26347747	-0.20800665	0.20081449	-0.1702946	0.1533782	-0.18347713	0.18132167	-0.22002946	0.10886268	-0.10326009	0.15509365	-0.15895805	0.105067514	-0.08252817	0.09761028	-0.10673287	0.13049363	-0.10078215	0.06594488	-0.08735774	0.119668275	-0.10730679	0.19526543
0.085839026	-0.088412814	0.22708404	-0.33879286	0.24811456	-0.06889337	0.103223436	-0.34201974	0.99999994	-0.51150185	0.091941394	-0.10742832	0.2439528	-0.48587176	0.2752576	-0.07829526	0.08881975	-0.21332715	0.24600609	-0.32271057	0.13189104	-0.127504	0.14651838	-0.18618298	0.19375587	-0.09035605	0.084839836	-0.13784125	0.14193125	-0.09418777	0.06946121	-0.08353976	0.09189708	-0.115986854	0.088498324	-0.05618274	0.07365338	-0.104542255	0.09392618	-0.17303365
-0.069949545	0.07118704	-0.19143619	0.20580141	-0.27335507	0.05497543	-0.08479927	0.18407156	-0.51150185	1.0	-0.072142005	0.08087672	-0.1665273	0.23727217	-0.6734299	0.061653957	-0.07070879	0.15223458	-0.21456759	0.27956253	-0.10751602	0.09906796	-0.114630595	0.14736812	-0.17402615	0.07101099	-0.06724708	0.107261926	-0.116496086	0.075902745	-0.055427577	0.06569056	-0.07260818	0.09013028	-0.072325796	0.04442283	-0.058917336	0.081388004	-0.073884904	0.13161817
0.25452513	-0.15756497	0.16287947	-0.05018092	0.052662108	-0.39559177	0.18411602	-0.14787793	0.091941394	-0.072142005	1.0000001	-0.7702412	0.14364281	-0.11070817	0.06834825	-0.28550828	0.22138494	-0.1430702	0.088785715	-0.09340952	0.14381051	-0.12344203	0.10066177	-0.09628131	0.10913613	-0.08850284	0.075869344	-0.09319484	0.08680871	-0.061521005	0.05378123	-0.06533473	0.06690482	-0.08228334	0.05802277	-0.04329714	0.055740688	-0.07752959	0.06656482	-0.12790501
-0.30923846	0.1726168	-0.20264228	0.057741046	-0.0613982	0.255559	-0.23778023	0.16561009	-0.10742832	0.08087672	-0.7702412	1.0000004	-0.19736315	0.12507139	-0.07811763	0.22783145	-0.2960222	0.1558575	-0.10114428	0.102939494	-0.16133764	0.1322013	-0.11243866	0.10583706	-0.12383779	0.093835324	-0.082884505	0.10087928	-0.09610798	0.06650863	-0.05866214	0.070357114	-0.07246609	0.08736728	-0.0631806	0.04678477	-0.060878422	0.08282931	-0.0711814	0.13364723
0.11542177	-0.11209207	0.2689503	-0.11206842	0.116622515	-0.09472177	0.13216683	-0.62544334	0.2439528	-0.1665273	0.14364281	-0.19736315	1.0000004	-0.44232452	0.15943234	-0.106407516	0.122026645	-0.44164333	0.22379676	-0.20523608	0.1633405	-0.16230458	0.2040153	-0.19565298	0.20275281	-0.1086774	0.1036135	-0.16722256	0.16078593	-0.10186626	0.07981947	-0.09625603	0.10564216	-0.12628229	0.09606287	-0.06389734	0.08385488	-0.11772278	0.102570094	-0.18476085
-0.0997264	0.097546324	-0.2553949	0.15715729	-0.17265123	0.07866362	-0.117376	0.2745396	-0.48587176	0.23727217	-0.11070817	0.12507139	-0.44232452	1.0000005	-0.26859617	0.090512134	-0.10502719	0.24434316	-0.5148051	0.28178662	-0.1564688	0.1448769	-0.1819355	0.23413512	-0.2488857	0.10166601	-0.09780742	0.15888226	-0.17868735	0.107200906	-0.07825919	0.09284226	-0.10356255	0.124886625	-0.10186092	0.06227578	-0.08274353	0.11387365	-0.10242649	0.17758636
0.06439255	-0.0644258	0.1673768	-0.15152712	0.16161911	-0.051093757	0.0765231	-0.17772503	0.2752576	-0.6734299	0.06834825	-0.07811763	0.15943234	-0.26859617	1.0000006	-0.060427822	0.06887291	-0.16074564	0.23307368	-0.5550238	0.10546884	-0.1010374	0.117106795	-0.16182911	0.16824952	-0.07183862	0.06778279	-0.111863516	0.118837014	-0.07741786	0.05578885	-0.06686136	0.07399578	-0.09286596	0.072751455	-0.044979557	0.059204187	-0.08354667	0.07534628	-0.13607554
-0.12729877	0.08229126	-0.13199463	0.042224385	-0.04546992	0.11520233	-0.10120239	0.1073973	-0.07829526	0.061653957	-0.28550828	0.22783145	-0.106407516	0.090512134	-0.060427822	1.0000007	-0.8313347	0.14352201	-0.082342885	0.08281531	-0.33751702	0.1959657	-0.12144658	0.09788308	-0.11212829	0.13722531	-0.11543031	0.10365749	-0.09379572	0.06142879	-0.06575681	0.079199746	-0.07574972	0.081300795	-0.05848912	0.050836418	-0.06559549	0.08436522	-0.06647143	0.117349215
0.11898695	-0.08534162	0.14155157	-0.04766712	0.0511132	-0.11184118	0.10284614	-0.12394996	0.08881975	-0.07070879	0.22138494	-0.2960222	0.122026645	-0.10502719	0.06887291	-0.8313347	1.0000007	-0.1782521	0.09462497	-0.09584406	0.24742782	-0.25076506	0.14058375	-0.11378829	0.12599161	-0.15497413	0.12634636	-0.1214612	0.107260175	-0.07087881	0.07350845	-0.090366326	0.08648767	-0.09442805	0.067037806	-0.05769734	0.07352832	-0.097559094	0.076679096	-0.13717133
-0.12694949	0.119857155	-0.31387228	0.105407186	-0.11711832	0.09953996	-0.1464732	0.26347747	-0.21332715	0.15223458	-0.1430702	0.1558575	-0.44164333	0.24434316	-0.16074564	0.14352201	-0.1782521	1.0000008	-0.26375207	0.20422322	-0.27507788	0.25383982	-0.55199325	0.2554975	-0.29579136	0.16208681	-0.16809845	0.2542658	-0.2573296	0.13735192	-0.11800671	0.13797061	-0.15613264	0.16217056	-0.13372862	0.09082833	-0.122454226	0.15978451	-0.13576566	0.217323
0.08124074	-0.0790334	0.20393428	-0.11555128	0.12361938	-0.06436187	0.09491616	-0.20800665	0.24600609	-0.21456759	0.088785715	-0.10114428	0.22379676	-0.5148051	0.23307368	-0.082342885	0.09462497	-0.26375207	1.0000007	-0.536373	0.14935341	-0.14981735	0.19342186	-0.45567468	0.25789875	-0.10228577	0.098632246	-0.1823982	0.20391071	-0.11610522	0.078766584	-0.09528753	0.10783134	-0.13126856	0.10631271	-0.06301712	0.08304934	-0.118314266	0.10531567	-0.18038394
-0.08992853	0.08889729	-0.23771028	0.14471105	-0.17331399	0.070157625	-0.10741526	0.20081449	-0.32271057	0.27956253	-0.09340952	0.102939494	-0.20523608	0.28178662	-0.5550238	0.08281531	-0.09584406	0.20422322	-0.536373	1.0000004	-0.15070479	0.13721935	-0.1672362	0.23824996	-0.27834857	0.097959764	-0.09415236	0.1541889	-0.18043981	0.10970573	-0.077245034	0.09100786	-0.10202822	0.12400843	-0.10479903	0.061401464	-0.082025625	0.11193869	-0.1022385	0.17459483
0.10429221	-0.0880626	0.19488822	-0.07051647	0.076113306	-0.08915749	0.10588359	-0.1702946	0.13189104	-0.10751602	0.14381051	-0.16133764	0.1633405	-0.1564688	0.10546884	-0.33751702	0.24742782	-0.27507788	0.14935341	-0.15070479	1.0000005	-0.56921965	0.24942167	-0.19513151	0.20771293	-0.4572446	0.28632572	-0.22418049	0.18702121	-0.12158269	0.14497243	-0.1822563	0.16193242	-0.16495685	0.11445571	-0.112523414	0.13955098	-0.18208207	0.13337351	-0.23140521
-0.09647466	0.08324494	-0.19731285	0.066993736	-0.0737217	0.078390084	-0.10148296	0.1533782	-0.127504	0.09906796	-0.12344203	0.1322013	-0.16230458	0.1448769	-0.1010374	0.1959657	-0.25076506	0.25383982	-0.14981735	0.13721935	-0.56921965	1.0000005	-0.44533452	0.19532795	-0.22072941	0.28915086	-0.43858278	0.22925782	-0.20590462	0.11292461	-0.14624783	0.17403997	-0.16278376	0.14348637	-0.10938349	0.10442799	-0.1396253	0.16136956	-0.11980535	0.18631558
0.08691163	-0.08065747	0.20261475	-0.07487073	0.08170994	-0.06944656	0.09773824	-0.18347713	0.14651838	-0.114630595	0.10066177	-0.11243866	0.2040153	-0.1819355	0.117106795	-0.12144658	0.14058375	-0.55199325	0.19342186	-0.1672362	0.24942167	-0.44533452	1.0000005	-0.3330047	0.24498026	-0.17807631	0.18679148	-0.4640309	0.27047834	-0.13258041	0.11539579	-0.14643668	0.16691558	-0.15854986	0.12266856	-0.089553006	0.11716188	-0.16761416	0.12738433	-0.19916742
-0.08880142	0.08479348	-0.22085191	0.0916305	-0.101298004	0.06973219	-0.10297292	0.18132167	-0.18618298	0.14736812	-0.09628131	0.10583706	-0.19565298	0.23413512	-0.16182911	0.09788308	-0.11378829	0.2554975	-0.45567468	0.23824996	-0.19513151	0.19532795	-0.3330047	1.0000006	-0.5291768	0.13187748	-0.13283028	0.2711551	-0.46484822	0.1752736	-0.10432531	0.125836	-0.14998679	0.17706338	-0.16045097	0.082285814	-0.10952285	0.15530849	-0.14297715	0.2250109
0.100516565	-0.09613106	0.24418265	-0.10363784	0.1106382	-0.0798982	0.11575254	-0.22002946	0.19375587	-0.17402615	0.10913613	-0.12383779	0.20275281	-0.2488857	0.16824952	-0.11212829	0.12599161	-0.29579136	0.25789875	-0.27834857	0.20771293	-0.22072941	0.24498026	-0.5291768	1.0000008	-0.15906425	0.14760815	-0.27657148	0.28331333	-0.31113458	0.12936923	-0.16028865	0.18102996	-0.2750058	0.22709846	-0.10707396	0.13806467	-0.21209557	0.2093884	-0.4135854
-0.07043674	0.060894866	-0.14490703	0.048222728	-0.05304117	0.057012357	-0.07426226	0.10886268	-0.09035605	0.07101099	-0.08850284	0.093835324	-0.1086774	0.10166601	-0.07183862	0.13722531	-0.15497413	0.16208681	-0.10228577	0.097959764	-0.4572446	0.28915086	-0.17807631	0.13187748	-0.15906425	1.0000006	-0.75609803	0.16540244	-0.147843	0.08551686	-0.19378754	0.20524344	-0.15806676	0.11698092	-0.08375508	0.11974566	-0.1578831	0.1519988	-0.099111296	0.14551784
0.061609812	-0.05440087	0.13098267	-0.045017533	0.04931502	-0.04996281	0.06613013	-0.10326009	0.084839836	-0.06724708	0.075869344	-0.082884505	0.1036135	-0.09780742	0.06778279	-0.11543031	0.12634636	-0.16809845	0.098632246	-0.09415236	0.28632572	-0.43858278	0.18679148	-0.13283028	0.14760815	-0.75609803	1.0000007	-0.19144689	0.14646485	-0.08334308	0.17160477	-0.27718365	0.16102855	-0.11597746	0.08034809	-0.115919955	0.144754	-0.15573509	0.095971376	-0.14064056
-0.08464054	0.07939286	-0.20562713	0.071471564	-0.079129055	0.0664333	-0.09690333	0.15509365	-0.13784125	0.107261926	-0.09319484	0.10087928	-0.16722256	0.15888226	-0.111863516	0.10365749	-0.1214612	0.2542658	-0.1823982	0.1541889	-0.22418049	0.22925782	-0.4640309	0.2711551	-0.27657148	0.16540244	-0.19144689	1.0000008	-0.63711315	0.16901141	-0.14096212	0.17783698	-0.30311424	0.1930225	-0.163932	0.10684084	-0.14407222	0.21368682	-0.15995759	0.20792085
0.07926704	-0.07505281	0.19305535	-0.07368317	0.08036926	-0.062555686	0.091093086	-0.15895805	0.14193125	-0.116496086	0.08680871	-0.09610798	0.16078593	-0.17868735	0.118837014	-0.09379572	0.107260175	-0.2573296	0.20391071	-0.18043981	0.18702121	-0.20590462	0.27047834	-0.46484822	0.28331333	-0.147843	0.14646485	-0.63711315	1.000001	-0.2638247	0.121131055	-0.15732326	0.19965824	-0.25291395	0.19632517	-0.097212784	0.12667789	-0.20397504	0.17579314	-0.24611735
-0.05955979	0.05722252	-0.15196158	0.05052469	-0.055806424	0.046168182	-0.06999112	0.105067514	-0.09418777	0.075902745	-0.061521005	0.06650863	-0.10186626	0.107200906	-0.07741786	0.06142879	-0.07087881	0.13735192	-0.11610522	0.10970573	-0.12158269	0.11292461	-0.13258041	0.1752736	-0.31113458	0.08551686	-0.08334308	0.16901141	-0.2638247	1.000001	-0.07935742	0.09342608	-0.11778114	0.2058317	-0.8428644	0.06274928	-0.085637175	0.12285468	-0.17392589	0.22665705
0.048020385	-0.044337355	0.11244926	-0.037405975	0.041132953	-0.03802817	0.054044485	-0.08252817	0.06946121	-0.055427577	0.05378123	-0.05866214	0.07981947	-0.07825919	0.05578885	-0.06575681	0.07350845	-0.11800671	0.078766584	-0.077245034	0.14497243	-0.14624783	0.11539579	-0.10432531	0.12936923	-0.19378754	0.17160477	-0.14096212	0.121131055	-0.07935742	1.0000008	-0.5944167	0.24107236	-0.1383845	0.0788363	-0.6019928	0.31410235	-0.29984987	0.11638781	-0.14466403
-0.05860666	0.0540892	-0.13818946	0.044852577	-0.049593396	0.046177607	-0.06610872	0.09761028	-0.08353976	0.06569056	-0.06533473	0.070357114	-0.09625603	0.09284226	-0.06686136	0.079199746	-0.090366326	0.13797061	-0.09528753	0.09100786	-0.1822563	0.17403997	-0.14643668	0.125836	-0.16028865	0.20524344	-0.27718365	0.17783698	-0.15732326	0.09342608	-0.5944167	1.0000005	-0.48769164	0.15936267	-0.09504382	0.27141652	-0.38727066	0.2925133	-0.13940673	0.15798862
0.061572347	-0.05772225	0.14947091	-0.049158856	0.05430347	-0.048282992	0.07051848	-0.10673287	0.09189708	-0.07260818	0.06690482	-0.07246609	0.10564216	-0.10356255	0.07399578	-0.07574972	0.08648767	-0.15613264	0.10783134	-0.10202822	0.16193242	-0.16278376	0.16691558	-0.14998679	0.18102996	-0.15806676	0.16102855	-0.30311424	0.19965824	-0.11778114	0.24107236	-0.48769164	1.0000006	-0.2653687	0.11941603	-0.1949676	0.24588002	-0.6635268	0.19418484	-0.19201066
-0.08141634	0.07837352	-0.21116284	0.06314875	-0.07052252	0.06254315	-0.09637325	0.13049363	-0.115986854	0.09013028	-0.08228334	0.08736728	-0.12628229	0.124886625	-0.09286596	0.081300795	-0.09442805	0.16217056	-0.13126856	0.12400843	-0.16495685	0.14348637	-0.15854986	0.17706338	-0.2750058	0.11698092	-0.11597746	0.1930225	-0.25291395	0.2058317	-0.1383845	0.15936267	-0.2653687	1.0000005	-0.28684658	0.10598993	-0.15144481	0.22721276	-0.7308626	0.30952764
0.055848416	-0.053590246	0.14142637	-0.047729418	0.052439645	-0.04344263	0.06542819	-0.10078215	0.088498324	-0.072325796	0.05802277	-0.0631806	0.09606287	-0.10186092	0.072751455	-0.05848912	0.067037806	-0.13372862	0.10631271	-0.10479903	0.11445571	-0.10938349	0.12266856	-0.16045097	0.22709846	-0.08375508	0.08034809	-0.163932	0.19632517	-0.8428644	0.0788363	-0.09504382	0.11941603	-0.28684658	1.0000004	-0.06329965	0.08532419	-0.1295139	0.19109118	-0.3043741
-0.039377756	0.03656256	-0.09384806	0.03034076	-0.03351286	0.030964833	-0.04467649	0.06594488	-0.05618274	0.04442283	-0.04329714	0.04678477	-0.06389734	0.06227578	-0.044979557	0.050836418	-0.05769734	0.09082833	-0.06301712	0.061401464	-0.112523414	0.10442799	-0.089553006	0.082285814	-0.10707396	0.11974566	-0.115919955	0.10684084	-0.097212784	0.06274928	-0.6019928	0.27141652	-0.1949676	0.10598993	-0.06329965	1.0000005	-0.69467896	0.22570889	-0.09429044	0.11247098
0.050522234	-0.046975713	0.11997226	-0.039777435	0.043741476	-0.03988213	0.057271007	-0.08735774	0.07365338	-0.058917336	0.055740688	-0.060878422	0.08385488	-0.08274353	0.059204187	-0.06559549	0.07352832	-0.122454226	0.08304934	-0.082025625	0.13955098	-0.1396253	0.11716188	-0.10952285	0.13806467	-0.1578831	0.144754	-0.14407222	0.12667789	-0.085637175	0.31410235	-0.38727066	0.24588002	-0.15144481	0.08532419	-0.69467896	1.0000002	-0.42492652	0.13148394	-0.16186856
-0.073018946	0.06879858	-0.18064287	0.056397166	-0.06273567	0.05676896	-0.08435076	0.119668275	-0.104542255	0.081388004	-0.07752959	0.08282931	-0.11772278	0.11387365	-0.08354667	0.08436522	-0.097559094	0.15978451	-0.118314266	0.11193869	-0.18208207	0.16136956	-0.16761416	0.15530849	-0.21209557	0.1519988	-0.15573509	0.21368682	-0.20397504	0.12285468	-0.29984987	0.2925133	-0.6635268	0.22721276	-0.1295139	0.22570889	-0.42492652	1.0000001	-0.25636673	0.20918289
0.06544785	-0.062916234	0.1685554	-0.05126863	0.05699279	-0.05044874	0.07723767	-0.10730679	0.09392618	-0.073884904	0.06656482	-0.0711814	0.102570094	-0.10242649	0.07534628	-0.06647143	0.076679096	-0.13576566	0.10531567	-0.1022385	0.13337351	-0.11980535	0.12738433	-0.14297715	0.2093884	-0.099111296	0.095971376	-0.15995759	0.17579314	-0.17392589	0.11638781	-0.13940673	0.19418484	-0.7308626	0.19109118	-0.09429044	0.13148394	-0.25636673	1.0000001	-0.5230819
-0.13261274	0.12945934	-0.35700145	0.096414246	-0.1085684	0.10056238	-0.15998448	0.19526543	-0.17303365	0.13161817	-0.12790501	0.13364723	-0.18476085	0.17758636	-0.13607554	0.117349215	-0.13717133	0.217323	-0.18038394	0.17459483	-0.23140521	0.18631558	-0.19916742	0.2250109	-0.4135854	0.14551784	-0.14064056	0.20792085	-0.24611735	0.22665705	-0.14466403	0.15798862	-0.19201066	0.30952764	-0.3043741	0.11247098	-0.16186856	0.20918289	-0.5230819	1.0000001
