1.0000001	-0.6893626	0.26300648	-0.24176213	0.22807619	-0.19780195	0.32258758	-0.28538477	0.24501619	-0.13156441	0.1444683	-0.2511448	0.20893504	-0.21691278	0.10842236	-0.16315572	0.15384291	-0.2733423	0.1506614	-0.17233726	0.121250845	-0.14766319	0.17779607	-0.15224092	0.13784085	-0.14629471	0.1372958	-0.15215068	0.059609205	-0.05121631	0.09722694	-0.2627764	0.14988972	-0.05571616	0.046971016	-0.117843814	0.11569208	-0.15485777	0.052665457	-0.057725023
-0.6893626	1.0000001	-0.38681147	0.20803171	-0.19771925	0.1270284	-0.5114	0.23762286	-0.1945666	0.09262425	-0.100730665	0.18061239	-0.15886773	0.1498097	-0.07693336	0.110471636	-0.107577614	0.18439436	-0.104706116	0.11764416	-0.0820239	0.09943916	-0.121849805	0.103631414	-0.09509121	0.097436935	-0.092197984	0.10139072	-0.039887007	0.03443054	-0.06359573	0.16943508	-0.10090676	0.037083987	-0.031663205	0.07652995	-0.07537847	0.100409314	-0.034803964	0.03804627
0.26300648	-0.38681147	1.0000002	-0.57543963	0.28998217	-0.12640648	0.26417065	-0.5333523	0.26480538	-0.11734945	0.10194522	-0.19788253	0.20646185	-0.18429759	0.09612619	-0.12182527	0.11954607	-0.21895461	0.1267235	-0.14174105	0.09192067	-0.11210593	0.14242306	-0.12279465	0.11331761	-0.10892774	0.104187354	-0.11593512	0.045984127	-0.040046196	0.07141751	-0.1904228	0.115677975	-0.042641148	0.036854547	-0.08578522	0.085114814	-0.113278575	0.039817598	-0.043484595
-0.24176213	0.20803171	-0.57543963	1.0000002	-0.6408351	0.10932158	-0.23964673	0.27640063	-0.3162869	0.12368727	-0.08930178	0.16582082	-0.17216203	0.16410746	-0.101381436	0.10854327	-0.10675299	0.19294533	-0.116553195	0.13333283	-0.08349707	0.1018637	-0.1308911	0.113469094	-0.10658704	0.099245414	-0.09552804	0.10706005	-0.042973127	0.03753097	-0.066243395	0.17735675	-0.1074573	0.039821167	-0.034576435	0.07963805	-0.079263225	0.105545886	-0.037222713	0.04063889
0.22807619	-0.19771925	0.28998217	-0.6408351	1.0	-0.15362607	0.25281352	-0.3251809	0.29627362	-0.21047725	0.122171074	-0.23165086	0.22118156	-0.2476639	0.15481801	-0.16178644	0.15439637	-0.29383343	0.17392313	-0.2099985	0.1259314	-0.15520512	0.19569719	-0.17451435	0.16063657	-0.1530493	0.14636664	-0.16677049	0.0668364	-0.058301736	0.10590882	-0.29130572	0.16441649	-0.062482044	0.053419575	-0.12881592	0.12798856	-0.1719	0.05899288	-0.06471316
-0.19780195	0.1270284	-0.12640648	0.10932158	-0.15362607	1.0000002	-0.22389959	0.14680535	-0.1824586	0.07587724	-0.8690161	0.2531965	-0.19414753	0.13194086	-0.06766239	0.1327114	-0.15182033	0.157355	-0.09860782	0.09960053	-0.09293106	0.10189731	-0.12189685	0.092593655	-0.09005647	0.09470155	-0.09322764	0.09058581	-0.035029236	0.030068459	-0.052712638	0.12250584	-0.09651229	0.031595986	-0.028107695	0.059663434	-0.058886442	0.075244226	-0.02866168	0.030776119
0.32258758	-0.5114	0.26417065	-0.23964673	0.25281352	-0.22389959	1.0000001	-0.353908	0.2841853	-0.15150905	0.17116767	-0.36420256	0.2610902	-0.25815153	0.12591437	-0.20189615	0.19239977	-0.32407707	0.17824474	-0.20097081	0.1458479	-0.17699766	0.21008272	-0.17856169	0.1618261	-0.17405954	0.1624307	-0.17716743	0.06898011	-0.059322976	0.11196181	-0.2981599	0.17480297	-0.06429434	0.054468494	-0.13498604	0.13210872	-0.1761643	0.060475163	-0.06618229
-0.28538477	0.23762286	-0.5333523	0.27640063	-0.3251809	0.14680535	-0.353908	0.9999999	-0.4785311	0.13808964	-0.12828313	0.24707314	-0.40810823	0.22675964	-0.11851968	0.14268649	-0.14941378	0.25729105	-0.1610001	0.1662218	-0.1084637	0.13081612	-0.17521021	0.14594685	-0.13926892	0.12442851	-0.12152978	0.13326147	-0.053350065	0.04676747	-0.07878672	0.20303206	-0.13663074	0.048849348	-0.043360084	0.09307643	-0.093155324	0.12249696	-0.04496345	0.04877489
0.24501619	-0.1945666	0.26480538	-0.3162869	0.29627362	-0.1824586	0.2841853	-0.4785311	0.99999976	-0.24189134	0.14604482	-0.28244126	0.2777342	-0.32323074	0.1798729	-0.19485424	0.18650992	-0.36302242	0.21739501	-0.2593638	0.1516735	-0.187313	0.23864482	-0.21578147	0.19657674	-0.18391442	0.1762025	-0.20134386	0.08071195	-0.0706733	0.12643202	-0.34708607	0.19809562	-0.07539633	0.0647158	-0.15355512	0.15287724	-0.20519401	0.07090726	-0.077769145
-0.13156441	0.09262425	-0.11734945	0.12368727	-0.21047725	0.07587724	-0.15150905	0.13808964	-0.24189134	0.99999964	-0.065251075	0.12037137	-0.1386337	0.188255	-0.86457586	0.08358869	-0.086356804	0.1607494	-0.1792402	0.23364107	-0.069452345	0.08605756	-0.14351976	0.14217834	-0.18631321	0.07882455	-0.08127462	0.09566056	-0.044767022	0.045422405	-0.049248878	0.12407871	-0.10122582	0.039522946	-0.043090507	0.057100635	-0.06025392	0.07801798	-0.035165746	0.037413705
0.1444683	-0.100730665	0.10194522	-0.08930178	0.122171074	-0.8690161	0.17116767	-0.12828313	0.14604482	-0.065251075	0.9999992	-0.36429077	0.17388618	-0.12163213	0.05781874	-0.14201237	0.14538395	-0.14540598	0.086686544	-0.08768845	0.08660888	-0.09547328	0.105717055	-0.081486546	0.07751707	-0.08854743	0.08376037	-0.079279825	0.029908072	-0.025744935	0.045999236	-0.10610369	0.08233976	-0.027054716	0.023995258	-0.05217303	0.050702322	-0.06479897	0.024486298	-0.02633105
-0.2511448	0.18061239	-0.19788253	0.16582082	-0.23165086	0.2531965	-0.36420256	0.24707314	-0.28244126	0.12037137	-0.36429077	0.9999989	-0.5496856	0.23180902	-0.10955333	0.2285864	-0.37087208	0.26708362	-0.17161433	0.1615954	-0.15534692	0.17620571	-0.203142	0.15155739	-0.14757407	0.15586534	-0.15430331	0.14412987	-0.054853905	0.047469456	-0.0819081	0.18671024	-0.15225503	0.04930784	-0.044423845	0.09202891	-0.09054071	0.11507445	-0.044403195	0.04759243
0.20893504	-0.15886773	0.20646185	-0.17216203	0.22118156	-0.19414753	0.2610902	-0.40810823	0.2777342	-0.1386337	0.17388618	-0.5496856	0.9999988	-0.422505	0.12610644	-0.18014154	0.19723977	-0.42797706	0.22012779	-0.1972172	0.12599249	-0.15280408	0.21402723	-0.17730479	0.16502035	-0.13715576	0.13446534	-0.14310528	0.055472475	-0.0497465	0.07555439	-0.1814622	0.14629807	-0.04993929	0.04633983	-0.08657516	0.08732644	-0.11239949	0.044446014	-0.047766145
-0.21691278	0.1498097	-0.18429759	0.16410746	-0.2476639	0.13194086	-0.25815153	0.22675964	-0.32323074	0.188255	-0.12163213	0.23180902	-0.422505	0.99999875	-0.21918501	0.14115418	-0.15572351	0.28420758	-0.61240673	0.28325287	-0.115987934	0.1422867	-0.25117594	0.24245381	-0.2560577	0.1269206	-0.1330088	0.1526091	-0.067072116	0.06436182	-0.075167865	0.18186556	-0.1636066	0.058920134	-0.060943395	0.08558533	-0.0906091	0.11583624	-0.051522538	0.05472693
0.10842236	-0.07693336	0.09612619	-0.101381436	0.15481801	-0.06766239	0.12591437	-0.11851968	0.1798729	-0.86457586	0.05781874	-0.10955333	0.12610644	-0.21918501	0.99999875	-0.07490428	0.0768309	-0.15101436	0.17978413	-0.33410156	0.0616913	-0.07718785	0.12773067	-0.14176378	0.17129013	-0.07035823	0.072032645	-0.08575214	0.039887853	-0.041452754	0.04342537	-0.110023044	0.088090874	-0.035473064	0.038610186	-0.050471038	0.05313981	-0.069092	0.03125788	-0.03344423
-0.16315572	0.110471636	-0.12182527	0.10854327	-0.16178644	0.1327114	-0.20189615	0.14268649	-0.19485424	0.08358869	-0.14201237	0.2285864	-0.18014154	0.14115418	-0.07490428	0.9999986	-0.7149571	0.18969569	-0.11192917	0.114992306	-0.46567106	0.26895514	-0.18687966	0.11925421	-0.111925304	0.25038344	-0.23457412	0.14459959	-0.046561398	0.03799109	-0.0906076	0.16219094	-0.15016851	0.041608315	-0.035549156	0.09335366	-0.08247172	0.09878907	-0.03705515	0.039372012
0.15384291	-0.107577614	0.11954607	-0.10675299	0.15439637	-0.15182033	0.19239977	-0.14941378	0.18650992	-0.086356804	0.14538395	-0.37087208	0.19723977	-0.15572351	0.0768309	-0.7149571	0.9999986	-0.22370943	0.1184593	-0.121632665	0.27105483	-0.36214408	0.18845497	-0.12634426	0.11405125	-0.25989518	0.21934006	-0.14890517	0.04667006	-0.03854279	0.088345736	-0.16920167	0.14404187	-0.042055022	0.03587264	-0.095743075	0.08287174	-0.101117834	0.037368443	-0.039913714
-0.2733423	0.18439436	-0.21895461	0.19294533	-0.29383343	0.157355	-0.32407707	0.25729105	-0.36302242	0.1607494	-0.14540598	0.26708362	-0.42797706	0.28420758	-0.15101436	0.18969569	-0.22370943	0.9999986	-0.29826882	0.2376875	-0.16506468	0.20519868	-0.48649105	0.2526289	-0.25129634	0.17388445	-0.1917718	0.22209811	-0.08197089	0.07215173	-0.09866647	0.23117752	-0.2428471	0.07217699	-0.068203196	0.11028257	-0.11958704	0.15064247	-0.06293995	0.066794656
0.1506614	-0.104706116	0.1267235	-0.116553195	0.17392313	-0.09860782	0.17824474	-0.1610001	0.21739501	-0.1792402	0.086686544	-0.17161433	0.22012779	-0.61240673	0.17978413	-0.11192917	0.1184593	-0.29826882	0.99999833	-0.52287036	0.09347917	-0.120104745	0.22739911	-0.38740197	0.2819305	-0.1037054	0.10895639	-0.13342679	0.06038483	-0.062585615	0.05950089	-0.1451754	0.13287027	-0.05324276	0.05785658	-0.0678039	0.072751634	-0.09347977	0.044791296	-0.047801245
-0.17233726	0.11764416	-0.14174105	0.13333283	-0.2099985	0.09960053	-0.20097081	0.1662218	-0.2593638	0.23364107	-0.08768845	0.1615954	-0.1972172	0.28325287	-0.33410156	0.114992306	-0.121632665	0.2376875	-0.52287036	0.9999982	-0.09921753	0.12550455	-0.24373764	0.29466492	-0.55043876	0.10992776	-0.117308505	0.14243802	-0.07336094	0.08600146	-0.06517331	0.15907294	-0.14940065	0.06329285	-0.08183369	0.07414004	-0.080867745	0.10342889	-0.054882243	0.057704754
0.121250845	-0.0820239	0.09192067	-0.08349707	0.1259314	-0.09293106	0.1458479	-0.1084637	0.1516735	-0.069452345	0.08660888	-0.15534692	0.12599249	-0.115987934	0.0616913	-0.46567106	0.27105483	-0.16506468	0.09347917	-0.09921753	0.99999815	-0.4848855	0.18069519	-0.111223124	0.097314	-0.6257768	0.2987696	-0.15590328	0.042982552	-0.034106422	0.1087984	-0.16423663	0.14522266	-0.038619023	0.031724636	-0.11263421	0.08154985	-0.095350355	0.0341421	-0.0362564
-0.14766319	0.09943916	-0.11210593	0.1018637	-0.15520512	0.10189731	-0.17699766	0.13081612	-0.187313	0.08605756	-0.09547328	0.17620571	-0.15280408	0.1422867	-0.07718785	0.26895514	-0.36214408	0.20519868	-0.120104745	0.12550455	-0.4848855	0.999998	-0.3261967	0.15092416	-0.1313497	0.31647342	-0.5988226	0.21054526	-0.055488113	0.043785177	-0.1032629	0.19518542	-0.1988148	0.049309313	-0.040825363	0.10492027	-0.10146131	0.116275266	-0.042862892	0.04532824
0.17779607	-0.121849805	0.14242306	-0.1308911	0.19569719	-0.12189685	0.21008272	-0.17521021	0.23864482	-0.14351976	0.105717055	-0.203142	0.21402723	-0.25117594	0.12773067	-0.18687966	0.18845497	-0.48649105	0.22739911	-0.24373764	0.18069519	-0.3261967	0.99999803	-0.46771368	0.2532944	-0.20155618	0.22636968	-0.39595672	0.085972026	-0.07401009	0.096854925	-0.2352355	0.2536944	-0.0775518	0.067290656	-0.10869718	0.1205004	-0.15602447	0.06290552	-0.067811854
-0.15224092	0.103631414	-0.12279465	0.113469094	-0.17451435	0.092593655	-0.17856169	0.14594685	-0.21578147	0.14217834	-0.081486546	0.15155739	-0.17730479	0.24245381	-0.14176378	0.11925421	-0.12634426	0.2526289	-0.38740197	0.29466492	-0.111223124	0.15092416	-0.46771368	0.9999981	-0.64579576	0.12007132	-0.13562346	0.17546357	-0.08790341	0.09317273	-0.06593149	0.1584139	-0.17024271	0.07368148	-0.08748791	0.07402409	-0.08306661	0.10577342	-0.058399443	0.06168087
0.13784085	-0.09509121	0.11331761	-0.10658704	0.16063657	-0.09005647	0.1618261	-0.13926892	0.19657674	-0.18631321	0.07751707	-0.14757407	0.16502035	-0.2560577	0.17129013	-0.111925304	0.11405125	-0.25129634	0.2819305	-0.55043876	0.097314	-0.1313497	0.2532944	-0.64579576	0.999998	-0.11065883	0.116589375	-0.15536945	0.087338045	-0.13739032	0.06278934	-0.15640908	0.14231646	-0.07705943	0.109149285	-0.071762	0.07942413	-0.10308664	0.06347495	-0.0682049
-0.14629471	0.097436935	-0.10892774	0.099245414	-0.1530493	0.09470155	-0.17405954	0.12442851	-0.18391442	0.07882455	-0.08854743	0.15586534	-0.13715576	0.1269206	-0.07035823	0.25038344	-0.25989518	0.17388445	-0.1037054	0.10992776	-0.6257768	0.31647342	-0.20155618	0.12007132	-0.11065883	0.99999803	-0.55998784	0.1879063	-0.05169097	0.039787192	-0.1719055	0.19522855	-0.19184273	0.045933284	-0.037224393	0.14581762	-0.10255208	0.11411611	-0.0408578	0.043010734
0.1372958	-0.092197984	0.104187354	-0.09552804	0.14636664	-0.09322764	0.1624307	-0.12152978	0.1762025	-0.08127462	0.08376037	-0.15430331	0.13446534	-0.1330088	0.072032645	-0.23457412	0.21934006	-0.1917718	0.10895639	-0.117308505	0.2987696	-0.5988226	0.22636968	-0.13562346	0.116589375	-0.55998784	0.99999803	-0.3065406	0.058135033	-0.043470204	0.12404632	-0.26902467	0.21672803	-0.05228345	0.040300254	-0.12772962	0.11983156	-0.13495153	0.045506533	-0.04815371
-0.15215068	0.10139072	-0.11593512	0.10706005	-0.16677049	0.09058581	-0.17716743	0.13326147	-0.20134386	0.09566056	-0.079279825	0.14412987	-0.14310528	0.1526091	-0.08575214	0.14459959	-0.14890517	0.22209811	-0.13342679	0.14243802	-0.15590328	0.21054526	-0.39595672	0.17546357	-0.15536945	0.1879063	-0.3065406	0.9999981	-0.11217367	0.06470184	-0.09449006	0.22020778	-0.740303	0.09296212	-0.059725534	0.100526705	-0.15239681	0.18694073	-0.06817152	0.071781866
0.059609205	-0.039887007	0.045984127	-0.042973127	0.0668364	-0.035029236	0.06898011	-0.053350065	0.08071195	-0.044767022	0.029908072	-0.054853905	0.055472475	-0.067072116	0.039887853	-0.046561398	0.04667006	-0.08197089	0.06038483	-0.07336094	0.042982552	-0.055488113	0.085972026	-0.08790341	0.087338045	-0.05169097	0.058135033	-0.11217367	0.99999815	-0.27412635	0.03345036	-0.08692114	0.10223854	-0.8654945	0.20897712	-0.037153363	0.062286943	-0.08182588	0.22557378	-0.2687947
-0.05121631	0.03443054	-0.040046196	0.03753097	-0.058301736	0.030068459	-0.059322976	0.04676747	-0.0706733	0.045422405	-0.025744935	0.047469456	-0.0497465	0.06436182	-0.041452754	0.03799109	-0.03854279	0.07215173	-0.062585615	0.08600146	-0.034106422	0.043785177	-0.07401009	0.09317273	-0.13739032	0.039787192	-0.043470204	0.06470184	-0.27412635	0.99999815	-0.026079148	0.066686064	-0.067757405	0.20097691	-0.8947548	0.028990334	-0.048380055	0.06137406	-0.19298612	0.18902583
0.09722694	-0.06359573	0.07141751	-0.066243395	0.10590882	-0.052712638	0.11196181	-0.07878672	0.12643202	-0.049248878	0.045999236	-0.0819081	0.07555439	-0.075167865	0.04342537	-0.0906076	0.088345736	-0.09866647	0.05950089	-0.06517331	0.1087984	-0.1032629	0.096854925	-0.06593149	0.06278934	-0.1719055	0.12404632	-0.09449006	0.03345036	-0.026079148	0.99999815	-0.2522703	0.10953214	-0.03044224	0.024499504	-0.92033494	0.1147744	-0.11250062	0.03180608	-0.032995094
-0.2627764	0.16943508	-0.1904228	0.17735675	-0.29130572	0.12250584	-0.2981599	0.20303206	-0.34708607	0.12407871	-0.10610369	0.18671024	-0.1814622	0.18186556	-0.110023044	0.16219094	-0.16920167	0.23117752	-0.1451754	0.15907294	-0.16423663	0.19518542	-0.2352355	0.1584139	-0.15640908	0.19522855	-0.26902467	0.22020778	-0.08692114	0.066686064	-0.2522703	0.9999982	-0.30605745	0.07784082	-0.06344403	0.20304675	-0.49250612	0.29436544	-0.08630596	0.08572927
0.14988972	-0.10090676	0.115677975	-0.1074573	0.16441649	-0.09651229	0.17480297	-0.13663074	0.19809562	-0.10122582	0.08233976	-0.15225503	0.14629807	-0.1636066	0.088090874	-0.15016851	0.14404187	-0.2428471	0.13287027	-0.14940065	0.14522266	-0.1988148	0.2536944	-0.17024271	0.14231646	-0.19184273	0.21672803	-0.740303	0.10223854	-0.067757405	0.10953214	-0.30605745	0.9999983	-0.09829025	0.061887845	-0.122718796	0.19685544	-0.32238457	0.08086022	-0.086435266
-0.05571616	0.037083987	-0.042641148	0.039821167	-0.062482044	0.031595986	-0.06429434	0.048849348	-0.07539633	0.039522946	-0.027054716	0.04930784	-0.04993929	0.058920134	-0.035473064	0.041608315	-0.042055022	0.07217699	-0.05324276	0.06329285	-0.038619023	0.049309313	-0.0775518	0.07368148	-0.07705943	0.045933284	-0.05228345	0.09296212	-0.8654945	0.20097691	-0.03044224	0.07784082	-0.09829025	0.9999984	-0.2342341	0.033431083	-0.06140386	0.07827924	-0.32147273	0.23055407
0.046971016	-0.031663205	0.036854547	-0.034576435	0.053419575	-0.028107695	0.054468494	-0.043360084	0.0647158	-0.043090507	0.023995258	-0.044423845	0.04633983	-0.060943395	0.038610186	-0.035549156	0.03587264	-0.068203196	0.05785658	-0.08183369	0.031724636	-0.040825363	0.067290656	-0.08748791	0.109149285	-0.037224393	0.040300254	-0.059725534	0.20897712	-0.8947548	0.024499504	-0.06344403	0.061887845	-0.2342341	0.99999845	-0.027345328	0.045529496	-0.058865376	0.18457821	-0.2573813
-0.117843814	0.07652995	-0.08578522	0.07963805	-0.12881592	0.059663434	-0.13498604	0.09307643	-0.15355512	0.057100635	-0.05217303	0.09202891	-0.08657516	0.08558533	-0.050471038	0.09335366	-0.095743075	0.11028257	-0.0678039	0.07414004	-0.11263421	0.10492027	-0.10869718	0.07402409	-0.071762	0.14581762	-0.12772962	0.100526705	-0.037153363	0.028990334	-0.92033494	0.20304675	-0.122718796	0.033431083	-0.027345328	0.9999986	-0.12239726	0.111327894	-0.0342616	0.03530424
0.11569208	-0.07537847	0.085114814	-0.079263225	0.12798856	-0.058886442	0.13210872	-0.093155324	0.15287724	-0.06025392	0.050702322	-0.09054071	0.08732644	-0.0906091	0.05313981	-0.08247172	0.08287174	-0.11958704	0.072751634	-0.080867745	0.08154985	-0.10146131	0.1205004	-0.08306661	0.07942413	-0.10255208	0.11983156	-0.15239681	0.062286943	-0.048380055	0.1147744	-0.49250612	0.19685544	-0.06140386	0.045529496	-0.12239726	0.99999815	-0.7855995	0.09204311	-0.092589654
-0.15485777	0.100409314	-0.113278575	0.105545886	-0.1719	0.075244226	-0.1761643	0.12249696	-0.20519401	0.07801798	-0.06479897	0.11507445	-0.11239949	0.11583624	-0.069092	0.09878907	-0.101117834	0.15064247	-0.09347977	0.10342889	-0.095350355	0.116275266	-0.15602447	0.10577342	-0.10308664	0.11411611	-0.13495153	0.18694073	-0.08182588	0.06137406	-0.11250062	0.29436544	-0.32238457	0.07827924	-0.058865376	0.111327894	-0.7855995	0.9999983	-0.134861	0.113796756
0.052665457	-0.034803964	0.039817598	-0.037222713	0.05899288	-0.02866168	0.060475163	-0.04496345	0.07090726	-0.035165746	0.024486298	-0.044403195	0.044446014	-0.051522538	0.03125788	-0.03705515	0.037368443	-0.06293995	0.044791296	-0.054882243	0.0341421	-0.042862892	0.06290552	-0.058399443	0.06347495	-0.0408578	0.045506533	-0.06817152	0.22557378	-0.19298612	0.03180608	-0.08630596	0.08086022	-0.32147273	0.18457821	-0.0342616	0.09204311	-0.134861	0.99999815	-0.87429726
-0.057725023	0.03804627	-0.043484595	0.04063889	-0.06471316	0.030776119	-0.06618229	0.04877489	-0.077769145	0.037413705	-0.02633105	0.04759243	-0.047766145	0.05472693	-0.03344423	0.039372012	-0.039913714	0.066794656	-0.047801245	0.057704754	-0.0362564	0.04532824	-0.067811854	0.06168087	-0.0682049	0.043010734	-0.04815371	0.071781866	-0.2687947	0.18902583	-0.032995094	0.08572927	-0.086435266	0.23055407	-0.2573813	0.03530424	-0.092589654	0.113796756	-0.87429726	0.99999815
