1.0000001	-0.7445019	0.15131108	-0.110702924	0.11334244	-0.51692146	0.23374973	-0.15074478	0.12214182	-0.09827023	0.25655556	-0.17658626	0.14202972	-0.11154572	0.10171674	-0.124515176	0.10594788	-0.14202665	0.10358922	-0.0967189	0.110100746	-0.11155205	0.08428434	-0.078658074	0.0806325	-0.08142122	0.09370708	-0.09844959	0.08747514	-0.07427564	0.08806089	-0.10149906	0.0717767	-0.09885099	0.068321854	-0.035773885	0.044404976	-0.06490847	0.05422501	-0.09545038
-0.7445019	1.0	-0.23806985	0.14493561	-0.15362763	0.29205137	-0.37358338	0.18578601	-0.15890308	0.12401676	-0.3065577	0.20085517	-0.18025313	0.13469593	-0.12812452	0.13648818	-0.12289362	0.16003974	-0.12514864	0.11507837	-0.13167797	0.12498561	-0.09846926	0.09098387	-0.0962556	0.09398667	-0.108400054	0.111657195	-0.101748645	0.08628537	-0.105486915	0.113418385	-0.08116169	0.11043907	-0.07949768	0.042370632	-0.053171623	0.072687216	-0.061220255	0.10799197
0.15131108	-0.23806985	1.0000001	-0.7457704	0.2881377	-0.1518565	0.19727087	-0.23630673	0.22845082	-0.25356722	0.15656093	-0.1716687	0.17414686	-0.20426568	0.19312787	-0.12197348	0.13226198	-0.22187291	0.17251554	-0.18616204	0.11285639	-0.14517708	0.13020504	-0.1272239	0.13888606	-0.10318926	0.12957746	-0.15270597	0.1382679	-0.13189982	0.11163928	-0.15404214	0.11110512	-0.15833265	0.11644735	-0.046749294	0.057628136	-0.10614991	0.08815473	-0.17156705
-0.110702924	0.14493561	-0.7457704	0.99999994	-0.50127596	0.106438026	-0.15575191	0.17414588	-0.24986827	0.23637488	-0.11718658	0.12698375	-0.13937418	0.17058726	-0.18355964	0.08702747	-0.09627871	0.15869781	-0.14042263	0.14589155	-0.082152285	0.10278246	-0.09643294	0.093614236	-0.10837142	0.07356646	-0.092702374	0.1079642	-0.101396285	0.09692421	-0.08099326	0.10642143	-0.07780824	0.10946755	-0.08519457	0.033623327	-0.04172666	0.07329339	-0.061479013	0.11970856
0.11334244	-0.15362763	0.2881377	-0.50127596	1.0000004	-0.12817955	0.17809896	-0.21188954	0.26018637	-0.60843956	0.1392198	-0.16071633	0.16806772	-0.23838414	0.26516715	-0.11593071	0.13054505	-0.22666672	0.19181463	-0.2309773	0.10819994	-0.14252838	0.13461304	-0.13336317	0.15548179	-0.10114463	0.1288672	-0.15462188	0.14345355	-0.1447884	0.10999101	-0.15245496	0.11142312	-0.158656	0.12334754	-0.04603363	0.056844953	-0.10694986	0.08929338	-0.17946663
-0.51692146	0.29205137	-0.1518565	0.106438026	-0.12817955	1.0000004	-0.32898027	0.17465594	-0.14418477	0.10806568	-0.6555343	0.22565968	-0.1880476	0.12671661	-0.117259815	0.17894673	-0.13629669	0.16077219	-0.12058397	0.10773323	-0.1672638	0.13579091	-0.09821212	0.08963507	-0.0918866	0.1040156	-0.114656866	0.112487815	-0.10078673	0.082618445	-0.114988066	0.115480706	-0.08178759	0.10992068	-0.07654076	0.045437694	-0.056955058	0.07186608	-0.060561225	0.10319124
0.23374973	-0.37358338	0.19727087	-0.15575191	0.17809896	-0.32898027	1.0000002	-0.500892	0.2418958	-0.17316617	0.26898423	-0.48982897	0.30729023	-0.21871348	0.17580514	-0.16998008	0.18319653	-0.25267094	0.18348715	-0.16799666	0.15196587	-0.19075331	0.14153247	-0.13387564	0.13497972	-0.123507224	0.14995669	-0.16188474	0.1445254	-0.124334455	0.13236198	-0.16461693	0.11687144	-0.16175719	0.11262632	-0.0542911	0.06709398	-0.10597761	0.088513225	-0.15764341
-0.15074478	0.18578601	-0.23630673	0.17414588	-0.21188954	0.17465594	-0.500892	1.0000002	-0.49088943	0.20181282	-0.20223516	0.28999403	-0.5273753	0.24671169	-0.20028959	0.12875436	-0.14899033	0.21924914	-0.19630535	0.16599573	-0.12179599	0.1474783	-0.12829906	0.12081578	-0.12955269	0.100023896	-0.124371074	0.13585652	-0.12843956	0.11278468	-0.11080938	0.13269895	-0.0968197	0.13269126	-0.100834705	0.045144927	-0.056335654	0.08733222	-0.07385036	0.13509391
0.12214182	-0.15890308	0.22845082	-0.24986827	0.26018637	-0.14418477	0.2418958	-0.49088943	1.0000002	-0.40440863	0.16033877	-0.2128046	0.2496661	-0.52865326	0.27257448	-0.12596613	0.14813775	-0.26252165	0.25299048	-0.22995023	0.11788459	-0.1555412	0.14811364	-0.14856681	0.15783273	-0.10549122	0.13450634	-0.157274	0.14953552	-0.14020216	0.115428254	-0.150875	0.11097221	-0.15490364	0.11992959	-0.047662757	0.059130535	-0.10238165	0.086283974	-0.16495106
-0.09827023	0.12401676	-0.25356722	0.23637488	-0.60843956	0.10806568	-0.17316617	0.20181282	-0.40440863	1.0000001	-0.12414521	0.14374794	-0.16785532	0.25451443	-0.51597893	0.09717829	-0.11292283	0.1910827	-0.2018776	0.22979698	-0.09289553	0.118133396	-0.12013458	0.11777502	-0.15711236	0.084463	-0.108389504	0.12795058	-0.12643534	0.12791069	-0.094027765	0.12162984	-0.09085184	0.12678137	-0.1087946	0.038879845	-0.048444048	0.085117	-0.07226097	0.14474681
0.25655556	-0.3065577	0.15656093	-0.11718658	0.1392198	-0.6555343	0.26898423	-0.20223516	0.16033877	-0.12414521	1.0000004	-0.36882854	0.21892495	-0.15394934	0.13597234	-0.32898286	0.18267651	-0.21604627	0.14695448	-0.13248634	0.21223578	-0.18994771	0.124138996	-0.11445539	0.11245825	-0.13777128	0.14781056	-0.14725596	0.12746887	-0.10397309	0.14062941	-0.15373538	0.10694088	-0.14524786	0.09590836	-0.056446396	0.06939524	-0.09439417	0.07881536	-0.1328098
-0.17658626	0.20085517	-0.1716687	0.12698375	-0.16071633	0.22565968	-0.48982897	0.28999403	-0.2128046	0.14374794	-0.36882854	1.0000002	-0.6277268	0.18844418	-0.15951364	0.1727547	-0.251393	0.22991973	-0.17224617	0.14362042	-0.16133219	0.19305386	-0.13073051	0.11804621	-0.11945079	0.11715185	-0.14371248	0.14112009	-0.12885824	0.10548125	-0.12843297	0.14088315	-0.10094469	0.13490756	-0.09644416	0.051209006	-0.063967116	0.08786194	-0.07440505	0.12789656
0.14202972	-0.18025313	0.17414686	-0.13937418	0.16806772	-0.1880476	0.30729023	-0.5273753	0.2496661	-0.16785532	0.21892495	-0.6277268	1.0000001	-0.26591095	0.17767723	-0.15064965	0.18721285	-0.28814593	0.1957755	-0.16614883	0.13607049	-0.18345253	0.13937737	-0.1309554	0.12926896	-0.11149651	0.13881516	-0.1494599	0.13626753	-0.116419055	0.12010054	-0.14720568	0.10588603	-0.14496912	0.10386379	-0.04893735	0.060657598	-0.094577335	0.079572976	-0.141711
-0.11154572	0.13469593	-0.20426568	0.17058726	-0.23838414	0.12671661	-0.21871348	0.24671169	-0.52865326	0.25451443	-0.15394934	0.18844418	-0.26591095	1.0000002	-0.42213982	0.11896117	-0.15015493	0.26198873	-0.5321604	0.26759595	-0.11576645	0.14702286	-0.17046776	0.16896994	-0.18402795	0.10264944	-0.13381974	0.15658239	-0.16391772	0.14724597	-0.11574893	0.14188962	-0.108070664	0.1474839	-0.12507336	0.04721142	-0.05916491	0.09697285	-0.083276555	0.15896736
0.10171674	-0.12812452	0.19312787	-0.18355964	0.26516715	-0.117259815	0.17580514	-0.20028959	0.27257448	-0.51597893	0.13597234	-0.15951364	0.17767723	-0.42213982	1.0000001	-0.114813566	0.13690391	-0.24813083	0.27550414	-0.5241404	0.1097586	-0.14443095	0.15372908	-0.15726313	0.22534814	-0.10302187	0.1341814	-0.16502517	0.16487904	-0.19293332	0.114118375	-0.15274109	0.11566618	-0.16284817	0.14748059	-0.047387358	0.058921404	-0.11071914	0.09416302	-0.20237347
-0.124515176	0.13648818	-0.12197348	0.08702747	-0.11593071	0.17894673	-0.16998008	0.12875436	-0.12596613	0.09717829	-0.32898286	0.1727547	-0.15064965	0.11896117	-0.114813566	1.0000001	-0.310277	0.19395483	-0.13215339	0.109617196	-0.7682948	0.24684303	-0.123913	0.10647687	-0.10042159	0.2200871	-0.19688757	0.14877476	-0.12531543	0.090198524	-0.22834605	0.15816729	-0.108156905	0.13519034	-0.08480383	0.080851905	-0.10102819	0.08661942	-0.07370164	0.10921903
0.10594788	-0.12289362	0.13226198	-0.09627871	0.13054505	-0.13629669	0.18319653	-0.14899033	0.14813775	-0.11292283	0.18267651	-0.251393	0.18721285	-0.15015493	0.13690391	-0.310277	1.0	-0.42588004	0.18205537	-0.13678779	0.23753352	-0.7161338	0.16240291	-0.13767903	0.119259365	-0.16843246	0.22266985	-0.1807086	0.1482187	-0.10630543	0.16376764	-0.18362628	0.1237043	-0.15500565	0.09733932	-0.06361947	0.07807933	-0.097310945	0.08278225	-0.12399809
-0.14202665	0.16003974	-0.22187291	0.15869781	-0.22666672	0.16077219	-0.25267094	0.21924914	-0.26252165	0.1910827	-0.21604627	0.22991973	-0.28814593	0.26198873	-0.24813083	0.19395483	-0.42588004	1.0	-0.47448084	0.2383548	-0.19877957	0.26572356	-0.3380142	0.23675819	-0.20603709	0.16252562	-0.22344002	0.22839576	-0.23084535	0.16769303	-0.18821375	0.19924287	-0.15326853	0.19643529	-0.15201823	0.07407373	-0.09392299	0.12551852	-0.10940989	0.18196638
0.10358922	-0.12514864	0.17251554	-0.14042263	0.19181463	-0.12058397	0.18348715	-0.19630535	0.25299048	-0.2018776	0.14695448	-0.17224617	0.1957755	-0.5321604	0.27550414	-0.13215339	0.18205537	-0.47448084	0.99999976	-0.44683996	0.12730072	-0.18005703	0.22658184	-0.29243723	0.21688789	-0.11667903	0.15611322	-0.194215	0.2042097	-0.1836988	0.12960695	-0.16534278	0.12773743	-0.17504233	0.14413236	-0.052833587	0.06599324	-0.11273517	0.09703587	-0.18502508
-0.0967189	0.11507837	-0.18616204	0.14589155	-0.2309773	0.10773323	-0.16799666	0.16599573	-0.22995023	0.22979698	-0.13248634	0.14362042	-0.16614883	0.26759595	-0.5241404	0.109617196	-0.13678779	0.2383548	-0.44683996	0.9999995	-0.10877062	0.13687181	-0.17187114	0.17175816	-0.5002479	0.10159866	-0.13541295	0.16604452	-0.19200392	0.2375926	-0.11658668	0.1449166	-0.11461037	0.15733342	-0.18484999	0.047782082	-0.060129996	0.10643665	-0.09344587	0.2021199
0.110100746	-0.13167797	0.11285639	-0.082152285	0.10819994	-0.1672638	0.15196587	-0.12179599	0.11788459	-0.09289553	0.21223578	-0.16133219	0.13607049	-0.11576645	0.1097586	-0.7682948	0.23753352	-0.19877957	0.12730072	-0.10877062	0.99999946	-0.31597275	0.12469641	-0.109511435	0.099639855	-0.34287557	0.211118	-0.16344523	0.12883146	-0.091994874	0.22296983	-0.17945139	0.11743817	-0.14844175	0.08618157	-0.0832365	0.09759286	-0.093899295	0.0788372	-0.11365309
-0.11155205	0.12498561	-0.14517708	0.10278246	-0.14252838	0.13579091	-0.19075331	0.1474783	-0.1555412	0.118133396	-0.18994771	0.19305386	-0.18345253	0.14702286	-0.14443095	0.24684303	-0.7161338	0.26572356	-0.18005703	0.13687181	-0.31597275	0.9999995	-0.17583147	0.14105152	-0.12749055	0.20168793	-0.3673479	0.19761445	-0.16495337	0.1118553	-0.2062881	0.20150061	-0.13942812	0.16457336	-0.104593955	0.07661125	-0.095359445	0.103827596	-0.08970507	0.12913775
0.08428434	-0.09846926	0.13020504	-0.09643294	0.13461304	-0.09821212	0.14153247	-0.12829906	0.14811364	-0.12013458	0.124138996	-0.13073051	0.13937737	-0.17046776	0.15372908	-0.123913	0.16240291	-0.3380142	0.22658184	-0.17187114	0.12469641	-0.17583147	0.99999946	-0.7079704	0.15963046	-0.13455506	0.19843449	-0.41721183	0.30260077	-0.16118725	0.14618716	-0.210212	0.18004742	-0.23754425	0.1332727	-0.05926907	0.07377014	-0.13519129	0.116159156	-0.16425933
-0.078658074	0.09098387	-0.1272239	0.093614236	-0.13336317	0.08963507	-0.13387564	0.12081578	-0.14856681	0.11777502	-0.11445539	0.11804621	-0.1309554	0.16896994	-0.15726313	0.10647687	-0.13767903	0.23675819	-0.29243723	0.17175816	-0.109511435	0.14105152	-0.7079704	0.9999995	-0.17327464	0.11421881	-0.17037879	0.2731145	-0.49695766	0.16854864	-0.13108988	0.17050822	-0.15436754	0.20184791	-0.1362176	0.052608967	-0.066374324	0.114762776	-0.10315937	0.15228535
0.0806325	-0.0962556	0.13888606	-0.10837142	0.15548179	-0.0918866	0.13497972	-0.12955269	0.15783273	-0.15711236	0.11245825	-0.11945079	0.12926896	-0.18402795	0.22534814	-0.10042159	0.119259365	-0.20603709	0.21688789	-0.5002479	0.099639855	-0.12749055	0.15963046	-0.17327464	0.9999996	-0.100842066	0.13694368	-0.19001698	0.22009383	-0.634107	0.11428238	-0.15756531	0.12886122	-0.18514481	0.26116934	-0.047788884	0.059752706	-0.13285096	0.116619766	-0.32558253
-0.08142122	0.09398667	-0.10318926	0.07356646	-0.10114463	0.1040156	-0.123507224	0.100023896	-0.10549122	0.084463	-0.13777128	0.11715185	-0.11149651	0.10264944	-0.10302187	0.2200871	-0.16843246	0.16252562	-0.11667903	0.10159866	-0.34287557	0.20168793	-0.13455506	0.11421881	-0.100842066	0.9999995	-0.45989403	0.20138642	-0.1490891	0.09387798	-0.691225	0.23186205	-0.14899671	0.16951397	-0.08964704	0.16693546	-0.19978052	0.107152775	-0.09127385	0.113630585
0.09370708	-0.108400054	0.12957746	-0.092702374	0.1288672	-0.114656866	0.14995669	-0.124371074	0.13450634	-0.108389504	0.14781056	-0.14371248	0.13881516	-0.13381974	0.1341814	-0.19688757	0.22266985	-0.22344002	0.15611322	-0.13541295	0.211118	-0.3673479	0.19843449	-0.17037879	0.13694368	-0.45989403	0.99999917	-0.43493015	0.22443986	-0.13125677	0.28053665	-0.48456523	0.24773043	-0.26731634	0.1224104	-0.10708643	0.124723695	-0.15848558	0.13370559	-0.15319282
-0.09844959	0.111657195	-0.15270597	0.1079642	-0.15462188	0.112487815	-0.16188474	0.13585652	-0.157274	0.12795058	-0.14725596	0.14112009	-0.1494599	0.15658239	-0.16502517	0.14877476	-0.1807086	0.22839576	-0.194215	0.16604452	-0.16344523	0.19761445	-0.41721183	0.2731145	-0.19001698	0.20138642	-0.43493015	0.99999917	-0.5033877	0.18388645	-0.23311622	0.29043067	-0.37344655	0.28777212	-0.16304484	0.08840814	-0.11239352	0.1702289	-0.15673968	0.17965895
0.08747514	-0.101748645	0.1382679	-0.101396285	0.14345355	-0.10078673	0.1445254	-0.12843956	0.14953552	-0.12643534	0.12746887	-0.12885824	0.13626753	-0.16391772	0.16487904	-0.12531543	0.1482187	-0.23084535	0.2042097	-0.19200392	0.12883146	-0.16495337	0.30260077	-0.49695766	0.22009383	-0.1490891	0.22443986	-0.5033877	0.9999992	-0.32770506	0.16478486	-0.25564358	0.23701335	-0.39318347	0.19317348	-0.067354515	0.08408725	-0.17862833	0.15869921	-0.22137445
-0.07427564	0.08628537	-0.13189982	0.09692421	-0.1447884	0.082618445	-0.124334455	0.11278468	-0.14020216	0.12791069	-0.10397309	0.10548125	-0.116419055	0.14724597	-0.19293332	0.090198524	-0.10630543	0.16769303	-0.1836988	0.2375926	-0.091994874	0.1118553	-0.16118725	0.16854864	-0.634107	0.09387798	-0.13125677	0.18388645	-0.32770506	0.9999993	-0.10978332	0.14233877	-0.12370907	0.1731867	-0.5158449	0.045308664	-0.05728319	0.118893944	-0.110453874	0.2895251
0.08806089	-0.105486915	0.11163928	-0.08099326	0.10999101	-0.114988066	0.13236198	-0.11080938	0.115428254	-0.094027765	0.14062941	-0.12843297	0.12010054	-0.11574893	0.114118375	-0.22834605	0.16376764	-0.18821375	0.12960695	-0.11658668	0.22296983	-0.2062881	0.14618716	-0.13108988	0.11428238	-0.691225	0.28053665	-0.23311622	0.16478486	-0.10978332	0.9999991	-0.30812395	0.17741008	-0.2233537	0.105259016	-0.31599233	0.2314952	-0.1395691	0.11412551	-0.14057842
-0.10149906	0.113418385	-0.15404214	0.10642143	-0.15245496	0.115480706	-0.16461693	0.13269895	-0.150875	0.12162984	-0.15373538	0.14088315	-0.14720568	0.14188962	-0.15274109	0.15816729	-0.18362628	0.19924287	-0.16534278	0.1449166	-0.17945139	0.20150061	-0.210212	0.17050822	-0.15756531	0.23186205	-0.48456523	0.29043067	-0.25564358	0.14233877	-0.30812395	0.99999905	-0.58411384	0.29712558	-0.14228456	0.11361248	-0.14758432	0.1900676	-0.1804613	0.16395111
0.0717767	-0.08116169	0.11110512	-0.07780824	0.11142312	-0.08178759	0.11687144	-0.0968197	0.11097221	-0.09085184	0.10694088	-0.10094469	0.10588603	-0.108070664	0.11566618	-0.108156905	0.1237043	-0.15326853	0.12773743	-0.11461037	0.11743817	-0.13942812	0.18004742	-0.15436754	0.12886122	-0.14899671	0.24773043	-0.37344655	0.23701335	-0.12370907	0.17741008	-0.58411384	0.99999887	-0.57559264	0.1243735	-0.072101325	0.09108618	-0.29463676	0.22225127	-0.14842103
-0.09885099	0.11043907	-0.15833265	0.10946755	-0.158656	0.10992068	-0.16175719	0.13269126	-0.15490364	0.12678137	-0.14524786	0.13490756	-0.14496912	0.1474839	-0.16284817	0.13519034	-0.15500565	0.19643529	-0.17504233	0.15733342	-0.14844175	0.16457336	-0.23754425	0.20184791	-0.18514481	0.16951397	-0.26731634	0.28777212	-0.39318347	0.1731867	-0.2233537	0.29712558	-0.57559264	0.99999875	-0.17993492	0.089386605	-0.1166557	0.26853383	-0.36748308	0.19767511
0.068321854	-0.07949768	0.11644735	-0.08519457	0.12334754	-0.07654076	0.11262632	-0.100834705	0.11992959	-0.1087946	0.09590836	-0.09644416	0.10386379	-0.12507336	0.14748059	-0.08480383	0.09733932	-0.15201823	0.14413236	-0.18484999	0.08618157	-0.104593955	0.1332727	-0.1362176	0.26116934	-0.08964704	0.1224104	-0.16304484	0.19317348	-0.5158449	0.105259016	-0.14228456	0.1243735	-0.17993492	0.99999845	-0.04481247	0.056464825	-0.16041301	0.1502133	-0.7310682
-0.035773885	0.042370632	-0.046749294	0.033623327	-0.04603363	0.045437694	-0.0542911	0.045144927	-0.047662757	0.038879845	-0.056446396	0.051209006	-0.04893735	0.04721142	-0.047387358	0.080851905	-0.06361947	0.07407373	-0.052833587	0.047782082	-0.0832365	0.07661125	-0.05926907	0.052608967	-0.047788884	0.16693546	-0.10708643	0.08840814	-0.067354515	0.045308664	-0.31599233	0.11361248	-0.072101325	0.089386605	-0.04481247	0.9999984	-0.9126945	0.06700606	-0.055519324	0.05912957
0.044404976	-0.053171623	0.057628136	-0.04172666	0.056844953	-0.056955058	0.06709398	-0.056335654	0.059130535	-0.048444048	0.06939524	-0.063967116	0.060657598	-0.05916491	0.058921404	-0.10102819	0.07807933	-0.09392299	0.06599324	-0.060129996	0.09759286	-0.095359445	0.07377014	-0.066374324	0.059752706	-0.19978052	0.124723695	-0.11239352	0.08408725	-0.05728319	0.2314952	-0.14758432	0.09108618	-0.1166557	0.056464825	-0.9126945	0.9999984	-0.08775844	0.069583744	-0.075974055
-0.06490847	0.072687216	-0.10614991	0.07329339	-0.10694986	0.07186608	-0.10597761	0.08733222	-0.10238165	0.085117	-0.09439417	0.08786194	-0.094577335	0.09697285	-0.11071914	0.08661942	-0.097310945	0.12551852	-0.11273517	0.10643665	-0.093899295	0.103827596	-0.13519129	0.114762776	-0.13285096	0.107152775	-0.15848558	0.1702289	-0.17862833	0.118893944	-0.1395691	0.1900676	-0.29463676	0.26853383	-0.16041301	0.06700606	-0.08775844	0.99999815	-0.8452365	0.1885967
0.05422501	-0.061220255	0.08815473	-0.061479013	0.08929338	-0.060561225	0.088513225	-0.07385036	0.086283974	-0.07226097	0.07881536	-0.07440505	0.079572976	-0.083276555	0.09416302	-0.07370164	0.08278225	-0.10940989	0.09703587	-0.09344587	0.0788372	-0.08970507	0.116159156	-0.10315937	0.116619766	-0.09127385	0.13370559	-0.15673968	0.15869921	-0.110453874	0.11412551	-0.1804613	0.22225127	-0.36748308	0.1502133	-0.055519324	0.069583744	-0.8452365	0.9999982	-0.23538996
-0.09545038	0.10799197	-0.17156705	0.11970856	-0.17946663	0.10319124	-0.15764341	0.13509391	-0.16495106	0.14474681	-0.1328098	0.12789656	-0.141711	0.15896736	-0.20237347	0.10921903	-0.12399809	0.18196638	-0.18502508	0.2021199	-0.11365309	0.12913775	-0.16425933	0.15228535	-0.32558253	0.113630585	-0.15319282	0.17965895	-0.22137445	0.2895251	-0.14057842	0.16395111	-0.14842103	0.19767511	-0.7310682	0.05912957	-0.075974055	0.1885967	-0.23538996	0.9999982
