1.0000002	-0.6863167	0.25246122	-0.28636748	0.10616512	-0.5076038	0.30781537	-0.30084413	0.20904706	-0.09829932	0.18742514	-0.17970733	0.15521365	-0.14036958	0.12410867	-0.066323355	0.07131447	-0.14819893	0.110491514	-0.088243715	0.044714775	-0.04524305	0.042981096	-0.04544273	0.06707284	-0.04076368	0.034811832	-0.037452493	0.053938348	-0.08593126	0.014475276	-0.029678276	0.026735093	-0.028983885	0.02827881	-0.016985191	0.031223224	-0.026446776	0.020657254	-0.029729147
-0.6863167	1.0000004	-0.39462543	0.24752122	-0.10180485	0.30015695	-0.45962104	0.26041332	-0.21212661	0.08892848	-0.18830858	0.16894802	-0.14718848	0.12662296	-0.115703546	0.058130484	-0.06461432	0.127766	-0.10184048	0.07919112	-0.03884646	0.038850598	-0.03719602	0.040093504	-0.059750203	0.03467228	-0.029848224	0.03218593	-0.04766112	0.0735553	-0.0123012625	0.025196537	-0.022916889	0.024698263	-0.02418398	0.014402796	-0.026710972	0.022561004	-0.017627224	0.02529736
0.25246122	-0.39462543	1.0	-0.7225555	0.1261508	-0.20598614	0.2131879	-0.436648	0.25997946	-0.113658026	0.13820985	-0.12682286	0.14923827	-0.14162436	0.12156627	-0.04955361	0.054433484	-0.13203673	0.10768772	-0.084163666	0.03488911	-0.035146452	0.035781506	-0.041396018	0.061785996	-0.031973496	0.027776826	-0.031054894	0.048595928	-0.07625507	0.011422789	-0.023715267	0.02233742	-0.024480732	0.024227345	-0.013383826	0.025168162	-0.022017224	0.017394232	-0.02519668
-0.28636748	0.24752122	-0.7225555	0.99999976	-0.199822	0.19730774	-0.20527089	0.2985228	-0.43119466	0.15676466	-0.15738006	0.13425604	-0.17802134	0.17788588	-0.16284724	0.056329947	-0.062548324	0.15388753	-0.13999787	0.10804824	-0.04133101	0.0414578	-0.043803766	0.052635744	-0.07925483	0.038104948	-0.033431347	0.037910435	-0.061921638	0.0954484	-0.013696416	0.028697379	-0.027447574	0.030169379	-0.030063083	0.016036961	-0.030666828	0.026973424	-0.021426853	0.03109071
0.10616512	-0.10180485	0.1261508	-0.199822	0.99999976	-0.121281244	0.0992567	-0.18611099	0.20593601	-0.9041535	0.09030719	-0.08286583	0.118066825	-0.14307478	0.18204959	-0.042942435	0.04621703	-0.13949004	0.11541222	-0.12635191	0.03481892	-0.035882592	0.04182575	-0.058687404	0.08567404	-0.034599356	0.03057892	-0.037284885	0.06562668	-0.12180564	0.0125890765	-0.027169043	0.028247915	-0.033520333	0.034282397	-0.014803306	0.02861463	-0.028238766	0.023341442	-0.035271626
-0.5076038	0.30015695	-0.20598614	0.19730774	-0.121281244	0.9999995	-0.62911075	0.270722	-0.25584552	0.10429312	-0.3518048	0.25138697	-0.19930698	0.16152655	-0.1558313	0.084986575	-0.095713176	0.16744465	-0.13506109	0.104165904	-0.055862922	0.05518041	-0.051540278	0.053476	-0.079888366	0.048696563	-0.041959047	0.04430737	-0.064225964	0.09641163	-0.017242894	0.03511364	-0.03136437	0.033327445	-0.03247994	0.020155061	-0.03743647	0.0307617	-0.023879461	0.034004793
0.30781537	-0.45962104	0.2131879	-0.20527089	0.0992567	-0.62911075	0.99999964	-0.38674486	0.21562321	-0.08871364	0.26177123	-0.35013992	0.18451065	-0.14774935	0.12623033	-0.080741055	0.08823436	-0.1575549	0.1157301	-0.08869473	0.048623398	-0.048877116	0.043553792	-0.04473199	0.06628924	-0.042262975	0.035886645	-0.037760366	0.052992977	-0.08166745	0.014776167	-0.029667184	0.026446551	-0.028175455	0.027307045	-0.017293332	0.031198325	-0.026069129	0.020151408	-0.028738977
-0.30084413	0.26041332	-0.436648	0.2985228	-0.18611099	0.270722	-0.38674486	0.99999917	-0.5228532	0.15836133	-0.24196887	0.20804413	-0.3249157	0.24474318	-0.22022489	0.08179494	-0.09204288	0.22490896	-0.19732031	0.14585227	-0.05845907	0.058330648	-0.06068719	0.0711368	-0.10759398	0.052954804	-0.046436377	0.052211102	-0.084126815	0.12616307	-0.018956838	0.039446928	-0.037461463	0.04068988	-0.040376656	0.022171987	-0.042217217	0.036716368	-0.028980605	0.041786753
0.20904706	-0.21212661	0.25997946	-0.43119466	0.20593601	-0.25584552	0.21562321	-0.5228532	0.99999887	-0.24997815	0.18410768	-0.17660539	0.26204142	-0.45763135	0.2262278	-0.08047485	0.086692825	-0.26855668	0.22422445	-0.17816424	0.05892812	-0.060333103	0.064661175	-0.08182501	0.12029083	-0.05593191	0.0487156	-0.05684433	0.09244927	-0.15410031	0.020044586	-0.042041883	0.041268025	-0.04648954	0.0464439	-0.023533558	0.044221565	-0.04095993	0.0327735	-0.04818554
-0.09829932	0.08892848	-0.113658026	0.15676466	-0.9041535	0.10429312	-0.08871364	0.15836133	-0.24997815	0.999999	-0.08461021	0.07570322	-0.11379973	0.13950182	-0.2293383	0.03885501	-0.04227537	0.12685215	-0.11696935	0.12430755	-0.03164982	0.032432552	-0.038351413	0.05555194	-0.08337746	0.031116134	-0.027710006	0.033989873	-0.062386863	0.10856841	-0.011320471	0.024413634	-0.025559438	0.029968843	-0.030737868	0.013290113	-0.025897572	0.025383044	-0.020927012	0.031432778
0.18742514	-0.18830858	0.13820985	-0.15738006	0.09030719	-0.3518048	0.26177123	-0.24196887	0.18410768	-0.08461021	0.9999988	-0.77992564	0.24265161	-0.19073512	0.14003304	-0.16846633	0.16122653	-0.24005798	0.14148423	-0.107757844	0.08226601	-0.08432597	0.062619284	-0.054995306	0.079500265	-0.06860644	0.05584589	-0.055052355	0.06458981	-0.10175559	0.023149757	-0.044142775	0.03696626	-0.03832075	0.035923142	-0.02712435	0.0451117	-0.0367257	0.027540106	-0.03866301
-0.17970733	0.16894802	-0.12682286	0.13425604	-0.08286583	0.25138697	-0.35013992	0.20804413	-0.17660539	0.07570322	-0.77992564	0.9999988	-0.33339196	0.17269504	-0.130764	0.1448282	-0.18540375	0.20457841	-0.13282096	0.09619437	-0.07261148	0.07190496	-0.054130275	0.048287086	-0.070801504	0.05760263	-0.047718704	0.046863582	-0.05692814	0.086622894	-0.019466432	0.037156407	-0.03146749	0.03239221	-0.030527936	0.022712255	-0.038444374	0.031044852	-0.023320831	0.03264485
0.15521365	-0.14718848	0.14923827	-0.17802134	0.118066825	-0.19930698	0.18451065	-0.3249157	0.26204142	-0.11379973	0.24265161	-0.33339196	0.9999988	-0.5033944	0.22338094	-0.106963545	0.11651648	-0.6057685	0.27372855	-0.18384632	0.06668583	-0.06849473	0.06944571	-0.07997473	0.11876543	-0.059741672	0.051497325	-0.06003334	0.08949029	-0.14015469	0.020849263	-0.042192828	0.041206364	-0.04467184	0.043725245	-0.024407148	0.04402024	-0.04076601	0.03170688	-0.04570612
-0.14036958	0.12662296	-0.14162436	0.17788588	-0.14307478	0.16152655	-0.14774935	0.24474318	-0.45763135	0.13950182	-0.19073512	0.17269504	-0.5033944	0.9999991	-0.34713557	0.077684954	-0.08700439	0.31613162	-0.51340085	0.24306308	-0.056759104	0.05769064	-0.06574407	0.096715875	-0.15106414	0.052729204	-0.04685934	0.057317752	-0.106471784	0.16002177	-0.01880913	0.03935329	-0.04100988	0.04596555	-0.04658127	0.022003738	-0.041689157	0.040291764	-0.032381233	0.047545504
0.12410867	-0.115703546	0.12156627	-0.16284724	0.18204959	-0.1558313	0.12623033	-0.22022489	0.2262278	-0.2293383	0.14003304	-0.130764	0.22338094	-0.34713557	0.9999992	-0.07992732	0.085756026	-0.33110437	0.3028876	-0.6258073	0.06897482	-0.0721431	0.093183145	-0.17719588	0.25055218	-0.07052946	0.063733324	-0.08511842	0.17114626	-0.34761396	0.025664896	-0.05605213	0.06525904	-0.08149055	0.08576951	-0.030149342	0.058845624	-0.06558002	0.05586168	-0.08667335
-0.066323355	0.058130484	-0.04955361	0.056329947	-0.042942435	0.084986575	-0.080741055	0.08179494	-0.08047485	0.03885501	-0.16846633	0.1448282	-0.106963545	0.077684954	-0.07992732	0.9999993	-0.87843144	0.117056906	-0.076967604	0.05755669	-0.32122183	0.20190138	-0.095211886	0.038329195	-0.05074377	0.13538234	-0.10990576	0.07990026	-0.0486341	0.06565731	-0.04214639	0.0700353	-0.047501102	0.04185582	-0.03484643	0.04777641	-0.07200096	0.04622963	-0.031257655	0.03997109
0.07131447	-0.06461432	0.054433484	-0.062548324	0.04621703	-0.095713176	0.08823436	-0.09204288	0.086692825	-0.04227537	0.16122653	-0.18540375	0.11651648	-0.08700439	0.085756026	-0.87843144	0.9999991	-0.14654763	0.0843125	-0.06378003	0.22814448	-0.24319564	0.103010334	-0.042675156	0.055845298	-0.15611978	0.118067965	-0.0914356	0.053749036	-0.07412085	0.047730424	-0.07941263	0.053623356	-0.04811314	0.039590955	-0.05547543	0.077878416	-0.053213086	0.03574034	-0.045960788
-0.14819893	0.127766	-0.13203673	0.15388753	-0.13949004	0.16744465	-0.1575549	0.22490896	-0.26855668	0.12685215	-0.24005798	0.20457841	-0.6057685	0.31613162	-0.33110437	0.117056906	-0.14654763	0.99999946	-0.5064776	0.24055022	-0.07981069	0.08014592	-0.09336125	0.10497255	-0.16439135	0.07008838	-0.06233317	0.07616787	-0.12069023	0.16851746	-0.024623673	0.05028008	-0.05151582	0.054506503	-0.05355877	0.02870417	-0.053252626	0.050230753	-0.038895175	0.05543665
0.110491514	-0.10184048	0.10768772	-0.13999787	0.11541222	-0.13506109	0.1157301	-0.19732031	0.22422445	-0.11696935	0.14148423	-0.13282096	0.27372855	-0.51340085	0.3028876	-0.076967604	0.0843125	-0.5064776	0.99999917	-0.5225502	0.057336766	-0.059373535	0.07193205	-0.13118595	0.19038868	-0.054741748	0.04902804	-0.06381052	0.124989495	-0.20003009	0.01951167	-0.041118085	0.04537958	-0.052188054	0.05352278	-0.022841072	0.043282595	-0.044822574	0.036439445	-0.05425114
-0.088243715	0.07919112	-0.084163666	0.10804824	-0.12635191	0.104165904	-0.08869473	0.14585227	-0.17816424	0.12430755	-0.107757844	0.09619437	-0.18384632	0.24306308	-0.6258073	0.05755669	-0.06378003	0.24055022	-0.5225502	0.9999991	-0.051309332	0.05307612	-0.07385955	0.1748847	-0.3934262	0.05120188	-0.047680214	0.06679018	-0.17229407	0.24702096	-0.018586408	0.040465586	-0.049013425	0.05815009	-0.062103476	0.021726616	-0.043173082	0.047873173	-0.040291656	0.060979586
0.044714775	-0.03884646	0.03488911	-0.04133101	0.03481892	-0.055862922	0.048623398	-0.05845907	0.05892812	-0.03164982	0.08226601	-0.07261148	0.06668583	-0.056759104	0.06897482	-0.32122183	0.22814448	-0.07981069	0.057336766	-0.051309332	0.99999887	-0.73534065	0.20229438	-0.051946163	0.059242696	-0.408847	0.26614994	-0.18105142	0.069421925	-0.08706106	0.10439548	-0.1568402	0.09731055	-0.081313685	0.062600225	-0.11873309	0.15238364	-0.09603238	0.061275993	-0.07542857
-0.04524305	0.038850598	-0.035146452	0.0414578	-0.035882592	0.05518041	-0.048877116	0.058330648	-0.060333103	0.032432552	-0.08432597	0.07190496	-0.06849473	0.05769064	-0.0721431	0.20190138	-0.24319564	0.08014592	-0.059373535	0.05307612	-0.73534065	0.99999875	-0.3225313	0.055601746	-0.06273949	0.28081778	-0.3894398	0.203864	-0.07560593	0.08922626	-0.088782154	0.16051283	-0.10937034	0.084345214	-0.06577157	0.096761174	-0.17333783	0.100932784	-0.06463399	0.07753693
0.042981096	-0.03719602	0.035781506	-0.043803766	0.04182575	-0.051540278	0.043553792	-0.06068719	0.064661175	-0.038351413	0.062619284	-0.054130275	0.06944571	-0.06574407	0.093183145	-0.095211886	0.103010334	-0.09336125	0.07193205	-0.07385955	0.20229438	-0.3225313	0.99999887	-0.11408396	0.10506376	-0.23856635	0.23723508	-0.7456572	0.14762314	-0.16604756	0.07770851	-0.15960687	0.24908191	-0.20049112	0.13881722	-0.09052215	0.15108669	-0.25703096	0.14807738	-0.1775575
-0.04544273	0.040093504	-0.041396018	0.052635744	-0.058687404	0.053476	-0.04473199	0.0711368	-0.08182501	0.05555194	-0.054995306	0.048287086	-0.07997473	0.096715875	-0.17719588	0.038329195	-0.042675156	0.10497255	-0.13118595	0.1748847	-0.051946163	0.055601746	-0.11408396	0.9999988	-0.5577923	0.05541203	-0.058421295	0.11048691	-0.72899395	0.3001188	-0.020030806	0.04457948	-0.06898597	0.07201389	-0.07546699	0.023184	-0.047902744	0.06210625	-0.050484568	0.07263355
0.06707284	-0.059750203	0.061785996	-0.07925483	0.08567404	-0.079888366	0.06628924	-0.10759398	0.12029083	-0.08337746	0.079500265	-0.070801504	0.11876543	-0.15106414	0.25055218	-0.05074377	0.055845298	-0.16439135	0.19038868	-0.3934262	0.059242696	-0.06273949	0.10506376	-0.5577923	0.9999989	-0.063836	0.062423326	-0.101567544	0.30791807	-0.57957536	0.023472423	-0.05309523	0.07532857	-0.09668585	0.10803741	-0.027396094	0.05686283	-0.07402606	0.06526726	-0.1027744
-0.04076368	0.03467228	-0.031973496	0.038104948	-0.034599356	0.048696563	-0.042262975	0.052954804	-0.05593191	0.031116134	-0.06860644	0.05760263	-0.059741672	0.052729204	-0.07052946	0.13538234	-0.15611978	0.07008838	-0.054741748	0.05120188	-0.408847	0.28081778	-0.23856635	0.05541203	-0.063836	0.9999991	-0.6797863	0.19565557	-0.07778489	0.08989291	-0.26501843	0.24806222	-0.115733825	0.0852179	-0.06931394	0.20466968	-0.31176817	0.10195544	-0.06707901	0.07877307
0.034811832	-0.029848224	0.027776826	-0.033431347	0.03057892	-0.041959047	0.035886645	-0.046436377	0.0487156	-0.027710006	0.05584589	-0.047718704	0.051497325	-0.04685934	0.063733324	-0.10990576	0.118067965	-0.06233317	0.04902804	-0.047680214	0.26614994	-0.3894398	0.23723508	-0.058421295	0.062423326	-0.6797863	0.9999989	-0.29428616	0.08074242	-0.09264865	0.16438709	-0.3667908	0.13005798	-0.096566476	0.07390985	-0.18481264	0.25841743	-0.119424805	0.07442871	-0.08763404
-0.037452493	0.03218593	-0.031054894	0.037910435	-0.037284885	0.04430737	-0.037760366	0.052211102	-0.05684433	0.033989873	-0.055052355	0.046863582	-0.06003334	0.057317752	-0.08511842	0.07990026	-0.0914356	0.07616787	-0.06381052	0.06679018	-0.18105142	0.203864	-0.7456572	0.11048691	-0.101567544	0.19565557	-0.29428616	0.99999905	-0.17824897	0.1442579	-0.06589518	0.13974619	-0.39796975	0.16786335	-0.12596798	0.07408583	-0.1462145	0.2221044	-0.13661808	0.14361647
0.053938348	-0.04766112	0.048595928	-0.061921638	0.06562668	-0.064225964	0.052992977	-0.084126815	0.09244927	-0.062386863	0.06458981	-0.05692814	0.08949029	-0.106471784	0.17114626	-0.0486341	0.053749036	-0.12069023	0.124989495	-0.17229407	0.069421925	-0.07560593	0.14762314	-0.72899395	0.30791807	-0.07778489	0.08074242	-0.17824897	0.99999905	-0.5094999	0.028042339	-0.0631026	0.09935078	-0.110368684	0.11310435	-0.03256126	0.066572316	-0.09280681	0.075514056	-0.11154285
-0.08593126	0.0735553	-0.07625507	0.0954484	-0.12180564	0.09641163	-0.08166745	0.12616307	-0.15410031	0.10856841	-0.10175559	0.086622894	-0.14015469	0.16002177	-0.34761396	0.06565731	-0.07412085	0.16851746	-0.20003009	0.24702096	-0.08706106	0.08922626	-0.16604756	0.3001188	-0.57957536	0.08989291	-0.09264865	0.1442579	-0.5094999	0.99999917	-0.033659365	0.077272244	-0.11544112	0.14234467	-0.21155046	0.038948976	-0.088128015	0.106729455	-0.09962347	0.1498924
0.014475276	-0.0123012625	0.011422789	-0.013696416	0.0125890765	-0.017242894	0.014776167	-0.018956838	0.020044586	-0.011320471	0.023149757	-0.019466432	0.020849263	-0.01880913	0.025664896	-0.04214639	0.047730424	-0.024623673	0.01951167	-0.018586408	0.10439548	-0.088782154	0.07770851	-0.020030806	0.023472423	-0.26501843	0.16438709	-0.06589518	0.028042339	-0.033659365	0.9999992	-0.1863768	0.042278938	-0.032392677	0.026537871	-0.92162794	0.1774516	-0.038979985	0.025662035	-0.030235348
-0.029678276	0.025196537	-0.023715267	0.028697379	-0.027169043	0.03511364	-0.029667184	0.039446928	-0.042041883	0.024413634	-0.044142775	0.037156407	-0.042192828	0.03935329	-0.05605213	0.0700353	-0.07941263	0.05028008	-0.041118085	0.040465586	-0.1568402	0.16051283	-0.15960687	0.04457948	-0.05309523	0.24806222	-0.3667908	0.13974619	-0.0631026	0.077272244	-0.1863768	0.9999993	-0.10585005	0.07913387	-0.06586244	0.17203102	-0.8472012	0.098993376	-0.0648577	0.074285544
0.026735093	-0.022916889	0.02233742	-0.027447574	0.028247915	-0.03136437	0.026446551	-0.037461463	0.041268025	-0.025559438	0.03696626	-0.03146749	0.041206364	-0.04100988	0.06525904	-0.047501102	0.053623356	-0.05151582	0.04537958	-0.049013425	0.09731055	-0.10937034	0.24908191	-0.06898597	0.07532857	-0.115733825	0.13005798	-0.39796975	0.09935078	-0.11544112	0.042278938	-0.10585005	0.99999917	-0.3817926	0.21003157	-0.04875942	0.11088628	-0.700393	0.2776227	-0.2698641
-0.028983885	0.024698263	-0.024480732	0.030169379	-0.033520333	0.033327445	-0.028175455	0.04068988	-0.04648954	0.029968843	-0.03832075	0.03239221	-0.04467184	0.04596555	-0.08149055	0.04185582	-0.04811314	0.054506503	-0.052188054	0.05815009	-0.081313685	0.084345214	-0.20049112	0.07201389	-0.09668585	0.0852179	-0.096566476	0.16786335	-0.110368684	0.14234467	-0.032392677	0.07913387	-0.3817926	0.999999	-0.5891157	0.03714792	-0.092965074	0.28101054	-0.5608233	0.3281493
0.02827881	-0.02418398	0.024227345	-0.030063083	0.034282397	-0.03247994	0.027307045	-0.040376656	0.0464439	-0.030737868	0.035923142	-0.030527936	0.043725245	-0.04658127	0.08576951	-0.03484643	0.039590955	-0.05355877	0.05352278	-0.062103476	0.062600225	-0.06577157	0.13881722	-0.07546699	0.10803741	-0.06931394	0.07390985	-0.12596798	0.11310435	-0.21155046	0.026537871	-0.06586244	0.21003157	-0.5891157	0.9999986	-0.030741258	0.07433943	-0.23078017	0.30087385	-0.6772914
-0.016985191	0.014402796	-0.013383826	0.016036961	-0.014803306	0.020155061	-0.017293332	0.022171987	-0.023533558	0.013290113	-0.02712435	0.022712255	-0.024407148	0.022003738	-0.030149342	0.04777641	-0.05547543	0.02870417	-0.022841072	0.021726616	-0.11873309	0.096761174	-0.09052215	0.023184	-0.027396094	0.20466968	-0.18481264	0.07408583	-0.03256126	0.038948976	-0.92162794	0.17203102	-0.04875942	0.03714792	-0.030741258	0.9999985	-0.22448064	0.044689775	-0.029599698	0.034733806
0.031223224	-0.026710972	0.025168162	-0.030666828	0.02861463	-0.03743647	0.031198325	-0.042217217	0.044221565	-0.025897572	0.0451117	-0.038444374	0.04402024	-0.041689157	0.058845624	-0.07200096	0.077878416	-0.053252626	0.043282595	-0.043173082	0.15238364	-0.17333783	0.15108669	-0.047902744	0.05686283	-0.31176817	0.25841743	-0.1462145	0.066572316	-0.088128015	0.1774516	-0.8472012	0.11088628	-0.092965074	0.07433943	-0.22448064	0.9999984	-0.1200349	0.07455478	-0.08859548
-0.026446776	0.022561004	-0.022017224	0.026973424	-0.028238766	0.0307617	-0.026069129	0.036716368	-0.04095993	0.025383044	-0.0367257	0.031044852	-0.04076601	0.040291764	-0.06558002	0.04622963	-0.053213086	0.050230753	-0.044822574	0.047873173	-0.09603238	0.100932784	-0.25703096	0.06210625	-0.07402606	0.10195544	-0.119424805	0.2221044	-0.09280681	0.106729455	-0.038979985	0.098993376	-0.700393	0.28101054	-0.23078017	0.044689775	-0.1200349	0.9999984	-0.5069511	0.24471332
0.020657254	-0.017627224	0.017394232	-0.021426853	0.023341442	-0.023879461	0.020151408	-0.028980605	0.0327735	-0.020927012	0.027540106	-0.023320831	0.03170688	-0.032381233	0.05586168	-0.031257655	0.03574034	-0.038895175	0.036439445	-0.040291656	0.061275993	-0.06463399	0.14807738	-0.050484568	0.06526726	-0.06707901	0.07442871	-0.13661808	0.075514056	-0.09962347	0.025662035	-0.0648577	0.2776227	-0.5608233	0.30087385	-0.029599698	0.07455478	-0.5069511	0.9999983	-0.5452227
-0.029729147	0.02529736	-0.02519668	0.03109071	-0.035271626	0.034004793	-0.028738977	0.041786753	-0.04818554	0.031432778	-0.03866301	0.03264485	-0.04570612	0.047545504	-0.08667335	0.03997109	-0.045960788	0.05543665	-0.05425114	0.060979586	-0.07542857	0.07753693	-0.1775575	0.07263355	-0.1027744	0.07877307	-0.08763404	0.14361647	-0.11154285	0.1498924	-0.030235348	0.074285544	-0.2698641	0.3281493	-0.6772914	0.034733806	-0.08859548	0.24471332	-0.5452227	0.9999983
