1.0000001	-0.6566229	0.25056818	-0.17943811	0.11316037	-0.5311084	0.29360262	-0.26381415	0.16232154	-0.10943478	0.21956076	-0.16207029	0.14558199	-0.11244999	0.10040318	-0.12963286	0.10796728	-0.13020566	0.10155865	-0.110590346	0.10774573	-0.10800095	0.11383065	-0.07570198	0.08072023	-0.058741074	0.058706805	-0.07125667	0.080691524	-0.08634454	0.046777263	-0.06214933	0.05336663	-0.066571675	0.06708856	-0.06601762	0.07359402	-0.0546573	0.060171716	-0.20260923
-0.6566229	1.0000001	-0.501128	0.18285623	-0.12657185	0.2749201	-0.36222392	0.27521643	-0.18702331	0.11003682	-0.20006357	0.15071529	-0.1487273	0.11464056	-0.1058141	0.10737517	-0.098233365	0.11336587	-0.105398834	0.107162185	-0.09588947	0.09259963	-0.10210065	0.0689848	-0.07533087	0.048606325	-0.049315177	0.060816832	-0.07016732	0.06653565	-0.038459733	0.050810117	-0.043703567	0.053656146	-0.05206076	0.05339223	-0.060899243	0.044225756	-0.04873629	0.1525539
0.25056818	-0.501128	1.0000004	-0.31691146	0.15782002	-0.21329203	0.2557398	-0.6741282	0.24123175	-0.14356245	0.14774063	-0.13079718	0.12466052	-0.14372963	0.124324605	-0.08855323	0.08233956	-0.10016626	0.117686056	-0.12593271	0.077703625	-0.07901664	0.08677801	-0.066565834	0.07115574	-0.041882925	0.042239826	-0.05291182	0.06035034	-0.059872437	0.0333239	-0.04428515	0.03822379	-0.0472985	0.04666959	-0.046683345	0.052697465	-0.03885914	0.04276828	-0.13844493
-0.17943811	0.18285623	-0.31691146	1.0000004	-0.57414454	0.13926257	-0.18553045	0.24124569	-0.55005467	0.28470236	-0.13410367	0.110810645	-0.117821306	0.23864926	-0.2631581	0.08132767	-0.08199656	0.09746808	-0.21627589	0.20357096	-0.07606983	0.07796611	-0.09301012	0.08711113	-0.09611169	0.040890563	-0.04174952	0.055049676	-0.06382693	0.056840967	-0.032655526	0.04350155	-0.037948538	0.046446264	-0.044557314	0.0453166	-0.052370925	0.03819981	-0.042106256	0.12862504
0.11316037	-0.12657185	0.15782002	-0.57414454	1.0000005	-0.09712177	0.119789965	-0.15851755	0.27144396	-0.65672654	0.09760895	-0.084048964	0.088368274	-0.23249996	0.26437008	-0.06320865	0.06425782	-0.07833668	0.18155698	-0.24239649	0.059136685	-0.06285547	0.07575656	-0.08280806	0.08753739	-0.033443443	0.0339979	-0.045826383	0.05252523	-0.04848181	0.026870571	-0.036010023	0.03156633	-0.038908985	0.03786358	-0.03756236	0.04307538	-0.031890806	0.035101432	-0.11044745
-0.5311084	0.2749201	-0.21329203	0.13926257	-0.09712177	1.0000004	-0.60886264	0.22004928	-0.14670183	0.09028698	-0.40312365	0.20380338	-0.18160461	0.0990305	-0.088800944	0.15658922	-0.12438905	0.14214242	-0.09297133	0.09551718	-0.13019054	0.11821919	-0.12041461	0.07318587	-0.07849604	0.05995802	-0.060315013	0.071888715	-0.08131412	0.07940139	-0.046555635	0.061016273	-0.05191498	0.063811585	-0.061935652	0.064489625	-0.07195029	0.052545108	-0.057608087	0.18255346
0.29360262	-0.36222392	0.2557398	-0.18553045	0.119789965	-0.60886264	1.0000002	-0.42347643	0.18650542	-0.11698972	0.25683668	-0.30878836	0.2096544	-0.1280423	0.10956915	-0.15070425	0.13261195	-0.163285	0.11249455	-0.11987887	0.123693384	-0.12560095	0.12780663	-0.08312814	0.08805214	-0.0648467	0.06488034	-0.07869147	0.08833933	-0.09130414	0.051010657	-0.06748376	0.057697214	-0.07160134	0.07098117	-0.07161478	0.079377934	-0.05880207	0.064504206	-0.21229255
-0.26381415	0.27521643	-0.6741282	0.24124569	-0.15851755	0.22004928	-0.42347643	0.99999994	-0.37988108	0.14407721	-0.16446686	0.1514831	-0.1554999	0.16083682	-0.13630065	0.09406436	-0.09046236	0.108340114	-0.13385342	0.13145034	-0.08357834	0.08376952	-0.092438	0.06999918	-0.07552684	0.04335083	-0.043932438	0.055186898	-0.063209035	0.059896722	-0.03429347	0.045425776	-0.03918172	0.048176087	-0.04680157	0.047717005	-0.054149225	0.039630048	-0.043594033	0.13719
0.16232154	-0.18702331	0.24123175	-0.55005467	0.27144396	-0.14670183	0.18650542	-0.37988108	0.9999999	-0.33527407	0.13377525	-0.12338782	0.1269011	-0.47008857	0.26087257	-0.08582272	0.08672188	-0.10768006	0.24238184	-0.2644092	0.07870795	-0.08333879	0.09742056	-0.10001071	0.104438365	-0.043833558	0.044465013	-0.058932807	0.067276865	-0.06298163	0.03505944	-0.04686607	0.04090153	-0.050440583	0.049156383	-0.049015645	0.05588013	-0.04135808	0.045483645	-0.1438439
-0.10943478	0.11003682	-0.14356245	0.28470236	-0.65672654	0.09028698	-0.11698972	0.14407721	-0.33527407	0.9999999	-0.094586045	0.08076451	-0.08797558	0.24389604	-0.533658	0.06032435	-0.06285465	0.07574339	-0.21347876	0.23658265	-0.057101097	0.06027228	-0.07389075	0.080935985	-0.090175524	0.031411998	-0.03209136	0.04374345	-0.05049749	0.044091385	-0.025127582	0.033601034	-0.029494576	0.0361017	-0.034539446	0.034901403	-0.04030674	0.029622607	-0.032599173	0.09926834
0.21956076	-0.20006357	0.14774063	-0.13410367	0.09760895	-0.40312365	0.25683668	-0.16446686	0.13377525	-0.094586045	0.99999976	-0.3809258	0.25416875	-0.10959931	0.097720355	-0.4694282	0.22905812	-0.27895173	0.110670485	-0.115806356	0.25640774	-0.24452274	0.21170217	-0.11863369	0.12250694	-0.119073175	0.116103806	-0.1335121	0.14429915	-0.15557234	0.09015501	-0.11780093	0.09857142	-0.12247513	0.120427676	-0.12648942	0.13484682	-0.1005053	0.10923353	-0.3617541
-0.16207029	0.15071529	-0.13079718	0.110810645	-0.084048964	0.20380338	-0.30878836	0.1514831	-0.12338782	0.08076451	-0.3809258	0.9999997	-0.76263934	0.10867435	-0.08953674	0.17951453	-0.2285575	0.24539106	-0.102355726	0.097141474	-0.1570721	0.15575598	-0.15436514	0.08377166	-0.08980762	0.069197185	-0.07084399	0.08556009	-0.09637481	0.08346184	-0.052635282	0.06851294	-0.05815381	0.0702634	-0.06541113	0.07165902	-0.08017983	0.057934508	-0.06319794	0.1867349
0.14558199	-0.1487273	0.12466052	-0.117821306	0.088368274	-0.18160461	0.2096544	-0.1554999	0.1269011	-0.08797558	0.25416875	-0.76263934	0.99999964	-0.13307993	0.097604014	-0.18369867	0.2255673	-0.40081286	0.113516636	-0.10959167	0.15179566	-0.1716621	0.16019695	-0.09105552	0.09489003	-0.07527412	0.07597603	-0.09314043	0.102003045	-0.09604167	0.057546575	-0.075573266	0.064140916	-0.07850182	0.0747913	-0.07968056	0.08739174	-0.06447474	0.07013311	-0.21803263
-0.11244999	0.11464056	-0.14372963	0.23864926	-0.23249996	0.0990305	-0.1280423	0.16083682	-0.47008857	0.24389604	-0.10959931	0.10867435	-0.13307993	0.99999976	-0.49243838	0.07271234	-0.08151757	0.102988966	-0.58424544	0.3124088	-0.06836528	0.07397235	-0.08951943	0.10610192	-0.11417696	0.03711011	-0.03792639	0.05239026	-0.059855945	0.051260732	-0.02947066	0.039375883	-0.03457045	0.042231616	-0.040121045	0.040856548	-0.04684709	0.03459897	-0.03794711	0.11475571
0.10040318	-0.1058141	0.124324605	-0.2631581	0.26437008	-0.088800944	0.10956915	-0.13630065	0.26087257	-0.533658	0.097720355	-0.08953674	0.097604014	-0.49243838	0.9999997	-0.06606514	0.07049029	-0.08795436	0.29465935	-0.5167217	0.0624035	-0.06839996	0.08422885	-0.11112611	0.11825742	-0.035280842	0.035943307	-0.050466772	0.057332676	-0.05032155	0.028224543	-0.037892323	0.03339584	-0.04100227	0.039302647	-0.039339393	0.045062922	-0.03353278	0.03677622	-0.11313094
-0.12963286	0.10737517	-0.08855323	0.08132767	-0.06320865	0.15658922	-0.15070425	0.09406436	-0.08582272	0.06032435	-0.4694282	0.17951453	-0.18369867	0.07271234	-0.06606514	0.9999997	-0.3327185	0.23092416	-0.079189196	0.07949543	-0.6827451	0.28038433	-0.23305006	0.101303086	-0.107179694	0.11499343	-0.11673237	0.117198415	-0.12970054	0.09723508	-0.0787501	0.09531265	-0.07711199	0.08974364	-0.07684835	0.09851532	-0.1085326	0.07469334	-0.080512956	0.20847897
0.10796728	-0.098233365	0.08233956	-0.08199656	0.06425782	-0.12438905	0.13261195	-0.09046236	0.08672188	-0.06285465	0.22905812	-0.2285575	0.2255673	-0.08151757	0.07049029	-0.3327185	0.99999976	-0.703719	0.09229498	-0.089668706	0.25242513	-0.4487836	0.23781739	-0.10773848	0.10788082	-0.10132829	0.105102375	-0.12238457	0.12653576	-0.0959111	0.07049949	-0.090720534	0.07439954	-0.087564014	0.07532301	-0.09310239	0.100283705	-0.07218094	0.0771469	-0.20489174
-0.13020566	0.11336587	-0.10016626	0.09746808	-0.07833668	0.14214242	-0.163285	0.108340114	-0.10768006	0.07574339	-0.27895173	0.24539106	-0.40081286	0.102988966	-0.08795436	0.23092416	-0.703719	0.9999997	-0.12515874	0.10853688	-0.23528336	0.26393077	-0.27941287	0.11758577	-0.12705575	0.09394136	-0.10061433	0.12742054	-0.14432153	0.09621123	-0.06928723	0.0893075	-0.07640174	0.08893154	-0.07641917	0.09077971	-0.10376549	0.07345807	-0.07969266	0.20205735
0.10155865	-0.105398834	0.117686056	-0.21627589	0.18155698	-0.09297133	0.11249455	-0.13385342	0.24238184	-0.21347876	0.110670485	-0.102355726	0.113516636	-0.58424544	0.29465935	-0.079189196	0.09229498	-0.12515874	0.99999976	-0.6556428	0.0753374	-0.08560031	0.1060794	-0.16715458	0.15881057	-0.042236738	0.043131143	-0.06264551	0.07039073	-0.05908571	0.033569325	-0.04510517	0.03990546	-0.048798945	0.04613943	-0.046632096	0.053254325	-0.039826557	0.04351171	-0.13129294
-0.110590346	0.107162185	-0.12593271	0.20357096	-0.24239649	0.09551718	-0.11987887	0.13145034	-0.2644092	0.23658265	-0.115806356	0.097141474	-0.10959167	0.3124088	-0.5167217	0.07949543	-0.089668706	0.10853688	-0.6556428	0.99999964	-0.07758996	0.08601952	-0.1130009	0.16761778	-0.22550286	0.04301247	-0.044190492	0.06535221	-0.07491801	0.059209075	-0.03427587	0.046054624	-0.040983528	0.04977948	-0.046435334	0.047351435	-0.054841116	0.04067693	-0.044541974	0.12997998
0.10774573	-0.09588947	0.077703625	-0.07606983	0.059136685	-0.13019054	0.123693384	-0.08357834	0.07870795	-0.057101097	0.25640774	-0.1570721	0.15179566	-0.06836528	0.0624035	-0.6827451	0.25242513	-0.23528336	0.0753374	-0.07758996	0.9999994	-0.5116281	0.23907794	-0.10976837	0.107866056	-0.16074356	0.14224723	-0.13295645	0.13389802	-0.11097341	0.09501177	-0.11349692	0.08765477	-0.10263881	0.08687076	-0.11945191	0.12196695	-0.08524838	0.090331316	-0.23949
-0.10800095	0.09259963	-0.07901664	0.07796611	-0.06285547	0.11821919	-0.12560095	0.08376952	-0.08333879	0.06027228	-0.24452274	0.15575598	-0.1716621	0.07397235	-0.06839996	0.28038433	-0.4487836	0.26393077	-0.08560031	0.08601952	-0.5116281	0.9999991	-0.52492607	0.1443175	-0.14722142	0.14518401	-0.17707048	0.17727076	-0.18596675	0.1099774	-0.09543205	0.120636456	-0.097750425	0.10966107	-0.08754217	0.118651286	-0.12934841	0.09065922	-0.096218444	0.22163944
0.11383065	-0.10210065	0.08677801	-0.09301012	0.07575656	-0.12041461	0.12780663	-0.092438	0.09742056	-0.07389075	0.21170217	-0.15436514	0.16019695	-0.08951943	0.08422885	-0.23305006	0.23781739	-0.27941287	0.1060794	-0.1130009	0.23907794	-0.52492607	0.9999988	-0.3010116	0.2153567	-0.14182988	0.14506076	-0.4169297	0.26911226	-0.17368081	0.105695195	-0.14761409	0.13935915	-0.16231678	0.13375361	-0.14415975	0.15858601	-0.12974857	0.13392933	-0.34812725
-0.07570198	0.0689848	-0.066565834	0.08711113	-0.08280806	0.07318587	-0.08312814	0.06999918	-0.10001071	0.080935985	-0.11863369	0.08377166	-0.09105552	0.10610192	-0.11112611	0.101303086	-0.10773848	0.11758577	-0.16715458	0.16761778	-0.10976837	0.1443175	-0.3010116	0.9999986	-0.87055486	0.06457719	-0.06726428	0.14091043	-0.164224	0.08786016	-0.051106364	0.0704947	-0.06728732	0.079469286	-0.069019005	0.06971191	-0.08119217	0.0635839	-0.06829446	0.17612495
0.08072023	-0.07533087	0.07115574	-0.09611169	0.08753739	-0.07849604	0.08805214	-0.07552684	0.104438365	-0.090175524	0.12250694	-0.08980762	0.09489003	-0.11417696	0.11825742	-0.107179694	0.10788082	-0.12705575	0.15881057	-0.22550286	0.107866056	-0.14722142	0.2153567	-0.87055486	0.99999857	-0.070403256	0.07143856	-0.13525046	0.14001976	-0.10400753	0.056296483	-0.07785282	0.071815595	-0.0880153	0.08020814	-0.078806505	0.08877915	-0.07047357	0.07539922	-0.2194785
-0.058741074	0.048606325	-0.041882925	0.040890563	-0.033443443	0.05995802	-0.0648467	0.04335083	-0.043833558	0.031411998	-0.119073175	0.069197185	-0.07527412	0.03711011	-0.035280842	0.11499343	-0.10132829	0.09394136	-0.042236738	0.04301247	-0.16074356	0.14518401	-0.14182988	0.06457719	-0.070403256	0.9999986	-0.7609495	0.10247036	-0.113687396	0.0806421	-0.44245952	0.2693658	-0.14618422	0.13689141	-0.06896728	0.2731654	-0.27600878	0.12778294	-0.1315263	0.14615047
0.058706805	-0.049315177	0.042239826	-0.04174952	0.0339979	-0.060315013	0.06488034	-0.043932438	0.044465013	-0.03209136	0.116103806	-0.07084399	0.07597603	-0.03792639	0.035943307	-0.11673237	0.105102375	-0.10061433	0.043131143	-0.044190492	0.14224723	-0.17707048	0.14506076	-0.06726428	0.07143856	-0.7609495	0.9999987	-0.114865035	0.118337095	-0.08886267	0.2787478	-0.41209146	0.16212276	-0.16047084	0.07524377	-0.317993	0.25056565	-0.1424236	0.13561983	-0.16022706
-0.07125667	0.060816832	-0.05291182	0.055049676	-0.045826383	0.071888715	-0.07869147	0.055186898	-0.058932807	0.04374345	-0.1335121	0.08556009	-0.09314043	0.05239026	-0.050466772	0.117198415	-0.12238457	0.12742054	-0.06264551	0.06535221	-0.13295645	0.17727076	-0.4169297	0.14091043	-0.13525046	0.10247036	-0.114865035	0.99999857	-0.7997411	0.14531353	-0.085680135	0.1333936	-0.20451811	0.17589161	-0.12080264	0.10936407	-0.14618744	0.13530207	-0.13900445	0.211182
0.080691524	-0.07016732	0.06035034	-0.06382693	0.05252523	-0.08131412	0.08833933	-0.063209035	0.067276865	-0.05049749	0.14429915	-0.09637481	0.102003045	-0.059855945	0.057332676	-0.12970054	0.12653576	-0.14432153	0.07039073	-0.07491801	0.13389802	-0.18596675	0.26911226	-0.164224	0.14001976	-0.113687396	0.118337095	-0.7997411	0.99999875	-0.21807094	0.09483018	-0.14794011	0.179171	-0.21694799	0.15553375	-0.12758942	0.15794508	-0.15179686	0.152115	-0.29055548
-0.08634454	0.06653565	-0.059872437	0.056840967	-0.04848181	0.07940139	-0.09130414	0.059896722	-0.06298163	0.044091385	-0.15557234	0.08346184	-0.09604167	0.051260732	-0.05032155	0.09723508	-0.0959111	0.09621123	-0.05908571	0.059209075	-0.11097341	0.1099774	-0.17368081	0.08786016	-0.10400753	0.0806421	-0.08886267	0.14531353	-0.21807094	0.9999988	-0.072849564	0.109182596	-0.13357009	0.17302415	-0.8593945	0.092884116	-0.15274525	0.11586344	-0.15580614	0.26698723
0.046777263	-0.038459733	0.0333239	-0.032655526	0.026870571	-0.046555635	0.051010657	-0.03429347	0.03505944	-0.025127582	0.09015501	-0.052635282	0.057546575	-0.02947066	0.028224543	-0.0787501	0.07049949	-0.06928723	0.033569325	-0.03427587	0.09501177	-0.09543205	0.105695195	-0.051106364	0.056296483	-0.44245952	0.2787478	-0.085680135	0.09483018	-0.072849564	0.9999989	-0.38196808	0.15085246	-0.1432293	0.063059114	-0.737798	0.26576906	-0.13198845	0.12834314	-0.12761874
-0.06214933	0.050810117	-0.04428515	0.04350155	-0.036010023	0.061016273	-0.06748376	0.045425776	-0.04686607	0.033601034	-0.11780093	0.06851294	-0.075573266	0.039375883	-0.037892323	0.09531265	-0.090720534	0.0893075	-0.04510517	0.046054624	-0.11349692	0.120636456	-0.14761409	0.0704947	-0.07785282	0.2693658	-0.41209146	0.1333936	-0.14794011	0.109182596	-0.38196808	0.9999992	-0.40421236	0.2470576	-0.098238066	0.287136	-0.5903266	0.23780036	-0.23109107	0.18073362
0.05336663	-0.043703567	0.03822379	-0.037948538	0.03156633	-0.05191498	0.057697214	-0.03918172	0.04090153	-0.029494576	0.09857142	-0.05815381	0.064140916	-0.03457045	0.03339584	-0.07711199	0.07439954	-0.07640174	0.03990546	-0.040983528	0.08765477	-0.097750425	0.13935915	-0.06728732	0.071815595	-0.14618422	0.16212276	-0.20451811	0.179171	-0.13357009	0.15085246	-0.40421236	0.9999992	-0.6317868	0.12449674	-0.17714538	0.27666938	-0.5029115	0.3099796	-0.17945844
-0.066571675	0.053656146	-0.0472985	0.046446264	-0.038908985	0.063811585	-0.07160134	0.048176087	-0.050440583	0.0361017	-0.12247513	0.0702634	-0.07850182	0.042231616	-0.04100227	0.08974364	-0.087564014	0.08893154	-0.048798945	0.04977948	-0.10263881	0.10966107	-0.16231678	0.079469286	-0.0880153	0.13689141	-0.16047084	0.17589161	-0.21694799	0.17302415	-0.1432293	0.2470576	-0.6317868	0.9999993	-0.20295379	0.16438295	-0.31348535	0.31849512	-0.5331792	0.21417351
0.06708856	-0.05206076	0.04666959	-0.044557314	0.03786358	-0.061935652	0.07098117	-0.04680157	0.049156383	-0.034539446	0.120427676	-0.06541113	0.0747913	-0.040121045	0.039302647	-0.07684835	0.07532301	-0.07641917	0.04613943	-0.046435334	0.08687076	-0.08754217	0.13375361	-0.069019005	0.08020814	-0.06896728	0.07524377	-0.12080264	0.15553375	-0.8593945	0.063059114	-0.098238066	0.12449674	-0.20295379	0.9999992	-0.080924235	0.12971753	-0.10881713	0.14175121	-0.3765887
-0.06601762	0.05339223	-0.046683345	0.0453166	-0.03756236	0.064489625	-0.07161478	0.047717005	-0.049015645	0.034901403	-0.12648942	0.07165902	-0.07968056	0.040856548	-0.039339393	0.09851532	-0.09310239	0.09077971	-0.046632096	0.047351435	-0.11945191	0.118651286	-0.14415975	0.06971191	-0.078806505	0.2731654	-0.317993	0.10936407	-0.12758942	0.092884116	-0.737798	0.287136	-0.17714538	0.16438295	-0.080924235	0.9999993	-0.4234846	0.16252045	-0.17471933	0.16541533
0.07359402	-0.060899243	0.052697465	-0.052370925	0.04307538	-0.07195029	0.079377934	-0.054149225	0.05588013	-0.04030674	0.13484682	-0.08017983	0.08739174	-0.04684709	0.045062922	-0.1085326	0.100283705	-0.10376549	0.053254325	-0.054841116	0.12196695	-0.12934841	0.15858601	-0.08119217	0.08877915	-0.27600878	0.25056565	-0.14618744	0.15794508	-0.15274525	0.26576906	-0.5903266	0.27666938	-0.31348535	0.12971753	-0.4234846	0.9999992	-0.3712241	0.25527173	-0.272889
-0.0546573	0.044225756	-0.03885914	0.03819981	-0.031890806	0.052545108	-0.05880207	0.039630048	-0.04135808	0.029622607	-0.1005053	0.057934508	-0.06447474	0.03459897	-0.03353278	0.07469334	-0.07218094	0.07345807	-0.039826557	0.04067693	-0.08524838	0.09065922	-0.12974857	0.0635839	-0.07047357	0.12778294	-0.1424236	0.13530207	-0.15179686	0.11586344	-0.13198845	0.23780036	-0.5029115	0.31849512	-0.10881713	0.16252045	-0.3712241	0.9999993	-0.69031835	0.18344626
0.060171716	-0.04873629	0.04276828	-0.042106256	0.035101432	-0.057608087	0.064504206	-0.043594033	0.045483645	-0.032599173	0.10923353	-0.06319794	0.07013311	-0.03794711	0.03677622	-0.080512956	0.0771469	-0.07969266	0.04351171	-0.044541974	0.090331316	-0.096218444	0.13392933	-0.06829446	0.07539922	-0.1315263	0.13561983	-0.13900445	0.152115	-0.15580614	0.12834314	-0.23109107	0.3099796	-0.5331792	0.14175121	-0.17471933	0.25527173	-0.69031835	0.99999934	-0.25687617
-0.20260923	0.1525539	-0.13844493	0.12862504	-0.11044745	0.18255346	-0.21229255	0.13719	-0.1438439	0.09926834	-0.3617541	0.1867349	-0.21803263	0.11475571	-0.11313094	0.20847897	-0.20489174	0.20205735	-0.13129294	0.12997998	-0.23949	0.22163944	-0.34812725	0.17612495	-0.2194785	0.14615047	-0.16022706	0.211182	-0.29055548	0.26698723	-0.12761874	0.18073362	-0.17945844	0.21417351	-0.3765887	0.16541533	-0.272889	0.18344626	-0.25687617	0.99999934
