1.0000001	0.22486547	0.20950079	0.27018794	0.12643889	-0.28303593	-0.06311571	0.26330286	0.20430334	-0.31075662	-0.0006084595	-0.29258636	-0.119033344	-0.078153215	-0.0893232	-0.12413466	0.033883102	0.11697359	-0.41444093	0.0894138	0.069696665	-0.22627246	-0.21336736	-0.353354	-0.43394178	0.27600572	0.033017453	0.26455328	0.2226441	-0.4026146
0.22486547	1.0000002	0.29633015	0.14172629	0.25215244	-0.22013183	-0.14924908	0.14440806	0.030698264	-0.023620619	-0.13718912	-0.45271057	-0.23349467	-0.25279596	-0.22919673	-0.14820436	0.066185884	0.23781759	-0.12649329	0.20891027	0.1581422	-0.45663908	-0.47491622	-0.15543067	-0.29948387	0.17094992	0.2057567	0.15673122	0.30295137	-0.23802127
0.20950079	0.29633015	1.0000004	0.14317544	0.26532564	-0.29970115	-0.17518969	0.13245115	0.053734254	-0.0075164717	-0.22708222	-0.38893223	-0.3443164	-0.2542407	-0.37266675	-0.15628733	0.14328817	0.27732965	-0.1439223	0.22622919	0.16411157	-0.28376353	-0.3568983	-0.17644	-0.33038953	0.17118686	0.20588167	0.1375659	0.28506482	-0.1937873
0.27018794	0.14172629	0.14317544	1.0000004	0.11114402	-0.30934018	0.005502976	0.30612552	0.2865958	-0.3983423	0.11062699	-0.18713337	-0.01524531	0.039979894	-0.19181147	-0.29155225	0.04560207	0.062133294	-0.32628053	0.027139066	-0.05244083	-0.17043094	-0.13611	-0.4133058	-0.35362548	0.30283982	-0.06716294	0.22440422	0.13980626	-0.30415052
0.12643889	0.25215244	0.26532564	0.11114402	1.0000005	-0.19202484	-0.4202297	0.11312422	0.011533407	-0.0104826605	-0.18733487	-0.3600961	-0.3377808	-0.31335673	-0.34452268	-0.2970573	0.15311612	0.26460284	-0.024080431	0.25263095	0.24480402	-0.36565015	-0.21735086	-0.07243461	-0.17168517	0.102701634	0.21665454	0.029369097	0.275253	-0.10472708
-0.28303593	-0.22013183	-0.29970115	-0.30934018	-0.19202484	1.0000002	0.07363774	-0.2814392	-0.3817818	0.18562253	-0.06622612	0.250136	0.10856167	0.02344967	0.16644402	0.14151235	-0.022468355	-0.22797729	0.25540817	-0.030399295	-0.026509834	0.19463475	0.22819883	0.25580895	0.2651426	-0.38527375	-0.07095682	-0.32906592	-0.28809604	0.26590285
-0.06311571	-0.14924908	-0.17518969	0.005502976	-0.4202297	0.07363774	1.0000002	0.00039519812	0.09112353	-0.082129106	0.24907261	0.1248127	0.25703186	0.27647272	0.14259318	0.18292755	-0.16512135	-0.29157573	-0.12873045	-0.3582124	-0.55653226	0.1944019	0.1542939	0.006149824	0.08332607	0.017196545	-0.3114515	0.097199984	-0.26545262	0.010904857
0.26330286	0.14440806	0.13245115	0.30612552	0.11312422	-0.2814392	0.00039519812	1.0000004	0.2518938	-0.48094523	0.06743766	-0.123093635	-0.0020282583	0.0070239366	-0.14182708	-0.264	0.030009033	0.0387146	-0.29051372	0.06383086	0.00096466875	-0.19022518	-0.14033183	-0.36204806	-0.2322515	0.28004158	-0.11492648	0.20154059	0.120797954	-0.39837614
0.20430334	0.030698264	0.053734254	0.2865958	0.011533407	-0.3817818	0.09112353	0.2518938	1.0000005	-0.3353729	0.20388614	-0.09309955	0.061128296	0.17389166	-0.1061446	-0.15496437	0.029928235	-0.051879965	-0.28810307	-0.112485506	-0.21759951	-0.025927389	-0.040674046	-0.44971323	-0.22699986	0.28464764	-0.22413306	0.21480781	0.041840333	-0.2310771
-0.31075662	-0.023620619	-0.0075164717	-0.3983423	-0.0104826605	0.18562253	-0.082129106	-0.48094523	-0.3353729	1.0000005	-0.27893373	0.052597545	-0.105328225	-0.18413407	0.010976946	0.040065303	0.07655879	0.09731824	0.24187413	0.083663024	0.09915065	0.016891226	-0.034389857	0.25855845	0.14530197	-0.28562447	0.18855444	-0.16093943	-0.025521224	0.22691397
-0.0006084595	-0.13718912	-0.22708222	0.11062699	-0.18733487	-0.06622612	0.24907261	0.06743766	0.20388614	-0.27893373	1.0000005	0.041141324	0.25283945	0.26832172	0.11294716	0.14385962	-0.2701803	-0.3027565	-0.1536923	-0.42764425	-0.39678994	0.15214904	0.13847266	-0.14653376	0.06468019	0.11855739	-0.28273493	0.110709965	-0.10475511	-0.052190766
-0.29258636	-0.45271057	-0.38893223	-0.18713337	-0.3600961	0.250136	0.1248127	-0.123093635	-0.09309955	0.052597545	0.041141324	1.0000005	0.19264261	0.15687066	0.15254065	0.10193955	0.018458439	-0.18983139	0.18311839	-0.1308152	-0.123090945	0.2801434	0.26674348	0.14091834	0.23691358	-0.2687957	-0.12783976	-0.21905386	-0.4643741	0.22250156
-0.119033344	-0.23349467	-0.3443164	-0.01524531	-0.3377808	0.10856167	0.25703186	-0.0020282583	0.061128296	-0.105328225	0.25283945	0.19264261	1.0000006	0.24333765	0.2210821	0.2044715	-0.322075	-0.4245161	0.028755074	-0.41340715	-0.29422653	0.2328168	0.22033185	0.040677745	0.19364128	-0.066637054	-0.25978184	-0.086420655	-0.32422715	0.091254525
-0.078153215	-0.25279596	-0.2542407	0.039979894	-0.31335673	0.02344967	0.27647272	0.0070239366	0.17389166	-0.18413407	0.26832172	0.15687066	0.24333765	1.0000006	0.09031312	0.1274784	-0.047948774	-0.3201248	-0.12138753	-0.33380443	-0.37475505	0.23667023	0.22361213	-0.08053041	0.09777836	0.0756927	-0.46580526	0.06118628	-0.26015696	-0.01483507
-0.0893232	-0.22919673	-0.37266675	-0.19181147	-0.34452268	0.16644402	0.14259318	-0.14182708	-0.1061446	0.010976946	0.11294716	0.15254065	0.2210821	0.09031312	1.0000005	0.27006978	-0.500774	-0.29484552	0.073842	-0.13990098	-0.1071598	0.17162725	0.17544155	0.17444497	0.19480759	-0.21218033	-0.13256183	-0.016473012	-0.17773499	0.10003727
-0.12413466	-0.14820436	-0.15628733	-0.29155225	-0.2970573	0.14151235	0.18292755	-0.264	-0.15496437	0.040065303	0.14385962	0.10193955	0.2044715	0.1274784	0.27006978	1.0000006	-0.45832843	-0.30881763	0.049249366	-0.2788588	-0.19584538	0.1560378	0.15004973	0.19805862	0.2052979	-0.200973	-0.07233233	-0.018850487	-0.13178413	0.13101432
0.033883102	0.066185884	0.14328817	0.04560207	0.15311612	-0.022468355	-0.16512135	0.030009033	0.029928235	0.07655879	-0.2701803	0.018458439	-0.322075	-0.047948774	-0.500774	-0.45832843	1.0000006	0.19368836	0.007934626	0.18013646	0.1362059	-0.052906413	-0.037803862	-0.16693383	-0.1722594	0.0728783	0.06352867	-0.058576766	0.035221927	-0.011207685
0.11697359	0.23781759	0.27732965	0.062133294	0.26460284	-0.22797729	-0.29157573	0.0387146	-0.051879965	0.09731824	-0.3027565	-0.18983139	-0.4245161	-0.3201248	-0.29484552	-0.30881763	0.19368836	1.0000007	-0.010039791	0.26760396	0.23130554	-0.20226473	-0.41332316	-0.047854442	-0.22620526	0.050806295	0.25829262	0.04917349	0.2294331	-0.063126765
-0.41444093	-0.12649329	-0.1439223	-0.32628053	-0.024080431	0.25540817	-0.12873045	-0.29051372	-0.28810307	0.24187413	-0.1536923	0.18311839	0.028755074	-0.12138753	0.073842	0.049249366	0.007934626	-0.010039791	1.0000007	0.048088003	0.089637205	0.118905485	0.10325169	0.25335103	0.2420546	-0.39968276	0.10456106	-0.49002603	-0.18148342	0.29889613
0.0894138	0.20891027	0.22622919	0.027139066	0.25263095	-0.030399295	-0.3582124	0.06383086	-0.112485506	0.083663024	-0.42764425	-0.1308152	-0.41340715	-0.33380443	-0.13990098	-0.2788588	0.18013646	0.26760396	0.048088003	1.0000008	0.28730947	-0.31471884	-0.22436236	-0.031402804	-0.23766285	-0.008839568	0.24390803	-0.024874229	0.207018	-0.11845021
0.069696665	0.1581422	0.16411157	-0.05244083	0.24480402	-0.026509834	-0.55653226	0.00096466875	-0.21759951	0.09915065	-0.39678994	-0.123090945	-0.29422653	-0.37475505	-0.1071598	-0.19584538	0.1362059	0.23130554	0.089637205	0.28730947	1.0000007	-0.2051537	-0.1152954	0.028886296	-0.078708254	-0.03163806	0.24815832	-0.124961026	0.19064456	-0.048256718
-0.22627246	-0.45663908	-0.28376353	-0.17043094	-0.36565015	0.19463475	0.1944019	-0.19022518	-0.025927389	0.016891226	0.15214904	0.2801434	0.2328168	0.23667023	0.17162725	0.1560378	-0.052906413	-0.20226473	0.118905485	-0.31471884	-0.2051537	1.0000006	0.2868677	0.10737475	0.24630637	-0.15695958	-0.3321297	-0.19326934	-0.4259972	0.20752178
-0.21336736	-0.47491622	-0.3568983	-0.13611	-0.21735086	0.22819883	0.1542939	-0.14033183	-0.040674046	-0.034389857	0.13847266	0.26674348	0.22033185	0.22361213	0.17544155	0.15004973	-0.037803862	-0.41332316	0.10325169	-0.22436236	-0.1152954	0.2868677	1.0000007	0.09684184	0.24215604	-0.18836461	-0.34353614	-0.18063323	-0.33269796	0.16383064
-0.353354	-0.15543067	-0.17644	-0.4133058	-0.07243461	0.25580895	0.006149824	-0.36204806	-0.44971323	0.25855845	-0.14653376	0.14091834	0.040677745	-0.08053041	0.17444497	0.19805862	-0.16693383	-0.047854442	0.25335103	-0.031402804	0.028886296	0.10737475	0.09684184	1.0000006	0.24931397	-0.40763688	0.083563544	-0.18105546	-0.10145487	0.25223503
-0.43394178	-0.29948387	-0.33038953	-0.35362548	-0.17168517	0.2651426	0.08332607	-0.2322515	-0.22699986	0.14530197	0.06468019	0.23691358	0.19364128	0.09777836	0.19480759	0.2052979	-0.1722594	-0.22620526	0.2420546	-0.23766285	-0.078708254	0.24630637	0.24215604	0.24931397	1.0000006	-0.2782612	-0.10768413	-0.35317242	-0.24240246	0.27805927
0.27600572	0.17094992	0.17118686	0.30283982	0.102701634	-0.38527375	0.017196545	0.28004158	0.28464764	-0.28562447	0.11855739	-0.2687957	-0.066637054	0.0756927	-0.21218033	-0.200973	0.0728783	0.050806295	-0.39968276	-0.008839568	-0.03163806	-0.15695958	-0.18836461	-0.40763688	-0.2782612	1.0000005	-0.09669597	0.25838318	0.17638816	-0.37068993
0.033017453	0.2057567	0.20588167	-0.06716294	0.21665454	-0.07095682	-0.3114515	-0.11492648	-0.22413306	0.18855444	-0.28273493	-0.12783976	-0.25978184	-0.46580526	-0.13256183	-0.07233233	0.06352867	0.25829262	0.10456106	0.24390803	0.24815832	-0.3321297	-0.34353614	0.083563544	-0.10768413	-0.09669597	1.0000005	-0.078335516	0.20864344	0.027593141
0.26455328	0.15673122	0.1375659	0.22440422	0.029369097	-0.32906592	0.097199984	0.20154059	0.21480781	-0.16093943	0.110709965	-0.21905386	-0.086420655	0.06118628	-0.016473012	-0.018850487	-0.058576766	0.04917349	-0.49002603	-0.024874229	-0.124961026	-0.19326934	-0.18063323	-0.18105546	-0.35317242	0.25838318	-0.078335516	1.0000005	0.16283403	-0.45274574
0.2226441	0.30295137	0.28506482	0.13980626	0.275253	-0.28809604	-0.26545262	0.120797954	0.041840333	-0.025521224	-0.10475511	-0.4643741	-0.32422715	-0.26015696	-0.17773499	-0.13178413	0.035221927	0.2294331	-0.18148342	0.207018	0.19064456	-0.4259972	-0.33269796	-0.10145487	-0.24240246	0.17638816	0.20864344	0.16283403	1.0000004	-0.27236277
-0.4026146	-0.23802127	-0.1937873	-0.30415052	-0.10472708	0.26590285	0.010904857	-0.39837614	-0.2310771	0.22691397	-0.052190766	0.22250156	0.091254525	-0.01483507	0.10003727	0.13101432	-0.011207685	-0.063126765	0.29889613	-0.11845021	-0.048256718	0.20752178	0.16383064	0.25223503	0.27805927	-0.37068993	0.027593141	-0.45274574	-0.27236277	1.0000004
