1.0000001	-0.2695204	0.24370472	-0.15389164	0.11719577	-0.011261325	0.007843577	-0.007393973	-0.14884521	0.23068905	0.10603093	-0.35281867	-0.2967505	0.17050964	-0.17954548	0.10609499	-0.45336822	0.16493386	-0.4210437	-0.24132998	0.10676277	0.016217187	-0.14257309	0.19679065	-0.070586175	0.25195178	0.17593133	0.21792237	-0.19593169	-0.16764508
-0.2695204	1.0000002	-0.32689092	0.23653525	-0.15502411	0.014815492	0.042282872	-0.0063876994	-0.025116285	-0.2495069	-0.27302802	0.2537047	0.10485876	-0.3430557	0.2333334	-0.13126138	0.23598185	-0.054876972	0.23772874	0.14753263	0.0014316603	-0.03889437	0.14625148	-0.27173465	0.018948387	-0.24110103	-0.2875026	-0.30877244	0.16456781	0.14477973
0.24370472	-0.32689092	1.0000004	-0.17497346	0.08653027	0.046278745	0.009332013	0.042692605	0.010039055	0.24865723	0.13726825	-0.19878198	-0.11980192	0.19378988	-0.33000284	0.06788656	-0.38734075	0.12110659	-0.5635735	-0.13764563	0.06370891	-0.0004590536	-0.26957947	0.17353523	-0.06078451	0.23595493	0.13468303	0.25445288	-0.303716	-0.19595627
-0.15389164	0.23653525	-0.17497346	1.0000004	-0.11660152	0.0468439	0.11120858	0.15391695	0.023772908	-0.13166384	-0.15475835	0.1820349	0.038429886	-0.4527398	0.23950058	-0.30042645	0.110574625	-0.060532883	0.13666299	-0.01956679	0.031162936	-0.0305847	0.06508177	-0.45298895	-0.016939696	-0.0790304	-0.095483914	-0.3838252	0.14634848	0.10204578
0.11719577	-0.15502411	0.08653027	-0.11660152	1.0000005	0.250529	0.20322654	0.14567968	-0.49616078	0.2026479	0.27957472	0.05596016	-0.17230275	0.19097477	-0.29379404	-0.077436954	-0.14882389	0.2098482	-0.11824022	-0.2696298	0.25842017	-0.3652142	-0.15522367	0.17242435	-0.38133156	0.16506268	-0.19520909	0.15123853	-0.3209604	-0.22325256
-0.011261325	0.014815492	0.046278745	0.0468439	0.250529	1.0000006	0.30716518	0.22444583	-0.2749615	0.15978172	0.26219463	0.13433939	-0.19460382	0.056061164	-0.18079828	-0.38560292	-0.11311542	0.20889023	-0.08061631	-0.21203528	0.28164852	-0.45526725	-0.12068465	0.021344742	-0.43305504	0.14352119	-0.21885851	0.06996648	-0.2437206	-0.30310476
0.007843577	0.042282872	0.009332013	0.11120858	0.20322654	0.30716518	1.0000004	0.27580282	-0.16479735	0.14389144	0.22458148	0.11213241	-0.1753537	0.00039635232	-0.1331559	-0.4576739	-0.08002793	0.19266847	-0.064963244	-0.33397037	0.26365978	-0.3687005	-0.170508	-0.028889999	-0.38168824	0.14923693	-0.19669226	0.00808004	-0.18307598	-0.3118592
-0.007393973	-0.0063876994	0.042692605	0.15391695	0.14567968	0.22444583	0.27580282	1.0000005	-0.13707438	0.1617093	0.15390024	0.07494237	-0.2454812	-0.0069021	-0.049551018	-0.3472793	-0.09219093	0.18096298	-0.053556427	-0.45259297	0.23890328	-0.24158055	-0.3416125	-0.08891827	-0.26245835	0.17931046	-0.029051047	-0.08064685	-0.14636411	-0.24309656
-0.14884521	-0.025116285	0.010039055	0.023772908	-0.49616078	-0.2749615	-0.16479735	-0.13707438	1.0000004	-0.17769182	-0.21842854	-0.18008183	0.220743	-0.1367969	0.13643333	0.08262099	0.10580034	-0.36347604	0.056972157	0.1626004	-0.37004223	0.24926668	0.16236572	-0.20253395	0.26506528	-0.14209935	0.18683864	-0.06820207	0.22648168	0.21737331
0.23068905	-0.2495069	0.24865723	-0.13166384	0.2026479	0.15978172	0.14389144	0.1617093	-0.17769182	1.0000002	0.21161379	-0.10533299	-0.29968485	0.2140117	-0.24401774	-0.004365765	-0.37608388	0.2541566	-0.31135523	-0.2863219	0.20684342	-0.13637426	-0.42905125	0.20834935	-0.2313222	0.30261308	0.03726944	0.20055902	-0.318922	-0.4809736
0.10603093	-0.27302802	0.13726825	-0.15475835	0.27957472	0.26219463	0.22458148	0.15390024	-0.21842854	0.21161379	1.0000004	-0.0055361944	-0.17189369	0.18918939	-0.25173458	-0.20376569	-0.20560265	0.19067901	-0.124853194	-0.2549957	0.21730983	-0.35353118	-0.11795143	0.16129272	-0.3338746	0.1778017	-0.17556271	0.19576882	-0.37091795	-0.29065627
-0.35281867	0.2537047	-0.19878198	0.1820349	0.05596016	0.13433939	0.11213241	0.07494237	-0.18008183	-0.10533299	-0.0055361944	1.0000002	0.03377832	-0.13838385	0.09405298	-0.11830632	0.1940434	-0.014632361	0.19034193	0.040706784	0.06674994	-0.23139405	0.031830087	-0.20650968	-0.080227464	-0.1433845	-0.5341166	-0.19122204	0.024755398	0.01145266
-0.2967505	0.10485876	-0.11980192	0.038429886	-0.17230275	-0.19460382	-0.1753537	-0.2454812	0.220743	-0.29968485	-0.17189369	0.03377832	1.0000002	-0.0678472	0.1444019	0.09837342	0.24300845	-0.48580185	0.19870797	0.18781714	-0.3089021	0.16190025	0.27304327	-0.25720087	0.22469562	-0.45538288	0.005152779	-0.19924568	0.25231674	0.26311284
0.17050964	-0.3430557	0.19378988	-0.4527398	0.19097477	0.056061164	0.00039635232	-0.0069021	-0.1367969	0.2140117	0.18918939	-0.13838385	-0.0678472	1.0000004	-0.45256576	0.13409919	-0.14118281	0.085158855	-0.16944866	-0.24888417	0.081013426	-0.11010943	-0.20228836	0.2571127	-0.102382176	0.15217027	0.049386065	0.24838647	-0.17846791	-0.27110088
-0.17954548	0.2333334	-0.33000284	0.23950058	-0.29379404	-0.18079828	-0.1331559	-0.049551018	0.13643333	-0.24401774	-0.25173458	0.09405298	0.1444019	-0.45256576	1.0000004	-0.06265537	0.20407225	-0.13135374	0.22720806	0.16463691	-0.1571928	0.1430544	0.16267706	-0.2941738	0.18368831	-0.201596	0.0121404715	-0.48404035	0.271358	0.22973114
0.10609499	-0.13126138	0.06788656	-0.30042645	-0.077436954	-0.38560292	-0.4576739	-0.3472793	0.08262099	-0.004365765	-0.20376569	-0.11830632	0.09837342	0.13409919	-0.06265537	1.0000005	-0.011940339	-0.17559887	-0.065562576	0.10958651	-0.22452573	0.22149165	0.06593401	0.14808086	0.2108954	-0.059232246	0.1396512	0.10558835	0.03588418	0.09956421
-0.45336822	0.23598185	-0.38734075	0.110574625	-0.14882389	-0.11311542	-0.08002793	-0.09219093	0.10580034	-0.37608388	-0.20560265	0.1940434	0.24300845	-0.14118281	0.20407225	-0.011940339	1.0000005	-0.27839598	0.3086898	0.19586073	-0.15519485	0.04187891	0.22326902	-0.14694709	0.1291373	-0.3823308	-0.1936859	-0.29168412	0.2387843	0.22692202
0.16493386	-0.054876972	0.12110659	-0.060532883	0.2098482	0.20889023	0.19266847	0.18096298	-0.36347604	0.2541566	0.19067901	-0.014632361	-0.48580185	0.085158855	-0.13135374	-0.17559887	-0.27839598	1.0000005	-0.16401097	-0.13787806	0.26701018	-0.1717909	-0.3996121	0.18674698	-0.27344087	0.26246887	-0.10992521	0.13337989	-0.28269866	-0.35391012
-0.4210437	0.23772874	-0.5635735	0.13666299	-0.11824022	-0.08061631	-0.064963244	-0.053556427	0.056972157	-0.31135523	-0.124853194	0.19034193	0.19870797	-0.16944866	0.22720806	-0.065562576	0.3086898	-0.16401097	1.0000005	0.17349876	-0.17741202	0.035602234	0.20744082	-0.17730084	0.1073854	-0.36783883	-0.15900826	-0.29472148	0.23324051	0.2001284
-0.24132998	0.14753263	-0.13764563	-0.01956679	-0.2696298	-0.21203528	-0.33397037	-0.45259297	0.1626004	-0.2863219	-0.2549957	0.040706784	0.18781714	-0.24888417	0.16463691	0.10958651	0.19586073	-0.13787806	0.17349876	1.0000005	-0.23915689	0.19328824	0.22827342	-0.053634077	0.22511546	-0.26627347	-0.06192441	-0.049602337	0.18635292	0.25030875
0.10676277	0.0014316603	0.06370891	0.031162936	0.25842017	0.28164852	0.26365978	0.23890328	-0.37004223	0.20684342	0.21730983	0.06674994	-0.3089021	0.081013426	-0.1571928	-0.22452573	-0.15519485	0.26701018	-0.17741202	-0.23915689	1.0000005	-0.40126562	-0.29381824	0.0971334	-0.44742045	0.22741634	-0.094999045	0.06890231	-0.3396806	-0.2684391
0.016217187	-0.03889437	-0.0004590536	-0.0305847	-0.3652142	-0.45526725	-0.3687005	-0.24158055	0.24926668	-0.13637426	-0.35353118	-0.23139405	0.16190025	-0.11010943	0.1430544	0.22149165	0.04187891	-0.1717909	0.035602234	0.19328824	-0.40126562	1.0000005	0.13523422	-0.028152172	0.3085796	-0.14614649	0.21738274	-0.05996784	0.2048567	0.21081832
-0.14257309	0.14625148	-0.26957947	0.06508177	-0.15522367	-0.12068465	-0.170508	-0.3416125	0.16236572	-0.42905125	-0.11795143	0.031830087	0.27304327	-0.20228836	0.16267706	0.06593401	0.22326902	-0.3996121	0.20744082	0.22827342	-0.29381824	0.13523422	1.0000005	-0.21806528	0.18808296	-0.41344094	-0.033554155	-0.089593045	0.22759828	0.28055865
0.19679065	-0.27173465	0.17353523	-0.45298895	0.17242435	0.021344742	-0.028889999	-0.08891827	-0.20253395	0.20834935	0.16129272	-0.20650968	-0.25720087	0.2571127	-0.2941738	0.14808086	-0.14694709	0.18674698	-0.17730084	-0.053634077	0.0971334	-0.028152172	-0.21806528	1.0000005	-0.10776324	0.189869	0.0013385735	0.2689455	-0.3061586	-0.24187228
-0.070586175	0.018948387	-0.06078451	-0.016939696	-0.38133156	-0.43305504	-0.38168824	-0.26245835	0.26506528	-0.2313222	-0.3338746	-0.080227464	0.22469562	-0.102382176	0.18368831	0.2108954	0.1291373	-0.27344087	0.1073854	0.22511546	-0.44742045	0.3085796	0.18808296	-0.10776324	1.0000005	-0.2225474	0.1537385	-0.13587418	0.26150888	0.26498204
0.25195178	-0.24110103	0.23595493	-0.0790304	0.16506268	0.14352119	0.14923693	0.17931046	-0.14209935	0.30261308	0.1778017	-0.1433845	-0.45538288	0.15217027	-0.201596	-0.059232246	-0.3823308	0.26246887	-0.36783883	-0.26627347	0.22741634	-0.14614649	-0.41344094	0.189869	-0.2225474	1.0000005	0.09540511	0.184157	-0.28903407	-0.30743665
0.17593133	-0.2875026	0.13468303	-0.095483914	-0.19520909	-0.21885851	-0.19669226	-0.029051047	0.18683864	0.03726944	-0.17556271	-0.5341166	0.005152779	0.049386065	0.0121404715	0.1396512	-0.1936859	-0.10992521	-0.15900826	-0.06192441	-0.094999045	0.21738274	-0.033554155	0.0013385735	0.1537385	0.09540511	1.0000005	0.051012326	0.07770813	0.048046384
0.21792237	-0.30877244	0.25445288	-0.3838252	0.15123853	0.06996648	0.00808004	-0.08064685	-0.06820207	0.20055902	0.19576882	-0.19122204	-0.19924568	0.24838647	-0.48404035	0.10558835	-0.29168412	0.13337989	-0.29472148	-0.049602337	0.06890231	-0.05996784	-0.089593045	0.2689455	-0.13587418	0.184157	0.051012326	1.0000006	-0.3512338	-0.16962156
-0.19593169	0.16456781	-0.303716	0.14634848	-0.3209604	-0.2437206	-0.18307598	-0.14636411	0.22648168	-0.318922	-0.37091795	0.024755398	0.25231674	-0.17846791	0.271358	0.03588418	0.2387843	-0.28269866	0.23324051	0.18635292	-0.3396806	0.2048567	0.22759828	-0.3061586	0.26150888	-0.28903407	0.07770813	-0.3512338	1.0000005	0.27922666
-0.16764508	0.14477973	-0.19595627	0.10204578	-0.22325256	-0.30310476	-0.3118592	-0.24309656	0.21737331	-0.4809736	-0.29065627	0.01145266	0.26311284	-0.27110088	0.22973114	0.09956421	0.22692202	-0.35391012	0.2001284	0.25030875	-0.2684391	0.21081832	0.28055865	-0.24187228	0.26498204	-0.30743665	0.048046384	-0.16962156	0.27922666	1.0000005
