0.9999999	0.059051316	0.112345636	0.03269398	0.12467245	-0.1281271	0.16857351	-0.36094177	0.09219458	-0.022975067	-0.2354317	-0.13948971	-0.30270737	0.090412	-0.15501066	0.06764118	0.12610425	0.1031052	-0.31648824	0.057451032	0.08976757	-0.074185155	0.19363782	-0.23428717	-0.026734127	-0.3955304	-0.02780627	-0.022068137	-0.07051865	0.19469485
0.059051316	1.0	0.24877754	-0.2540467	-0.2606463	-0.36842746	0.24343461	-0.25962207	0.21577173	-0.23176798	0.20207241	-0.25950405	-0.29512742	-0.3598951	-0.22949427	0.2872083	0.2413064	0.26106995	-0.23495059	-0.31950635	0.13304637	-0.2257905	-0.0808774	0.08856457	0.26072553	-0.10132927	0.18063211	-0.40359423	0.22180393	0.24115264
0.112345636	0.24877754	0.9999998	-0.18630728	-0.10177055	-0.47745663	0.28199458	-0.29690638	0.12210988	-0.3289879	0.088315755	-0.5035881	-0.18186912	-0.12259032	-0.26950142	0.22043476	0.23901854	0.26984254	-0.22101451	-0.23127374	0.24046008	-0.059204575	0.026475994	0.014984008	0.16486306	-0.30363345	0.17594008	-0.19870497	0.078792736	0.19847932
0.03269398	-0.2540467	-0.18630728	0.99999976	0.082062274	0.19416705	-0.15147631	0.11534054	-0.05483998	0.24297711	-0.14594296	0.16934617	0.034531467	0.19442455	0.26845905	-0.3066426	-0.13757727	-0.3988086	0.1310057	0.2924488	-0.19438711	0.062420774	0.021890676	-0.016474362	-0.39482594	0.059352636	-0.55956084	0.18988255	-0.18304111	-0.10701632
0.12467245	-0.2606463	-0.10177055	0.082062274	0.99999976	0.039750595	-0.08890363	0.08724852	-0.30045512	0.031126706	-0.4802357	-0.03552947	0.019178635	0.24559794	0.11384021	-0.14691892	-0.09701945	-0.05403845	0.017397387	0.18630962	0.1328916	0.22661756	0.09339913	-0.14299168	-0.19039173	-0.08099034	-0.07223064	0.24316029	-0.45612255	-0.13498126
-0.1281271	-0.36842746	-0.47745663	0.19416705	0.039750595	0.9999996	-0.3520134	0.2338399	-0.097955436	0.25924772	-0.055862237	0.2900456	0.20587856	0.14087866	0.23441689	-0.3484415	-0.26729712	-0.42212301	0.24876243	0.20206669	-0.30708605	0.105304204	-0.038908932	0.0041421386	-0.18687627	0.19673635	-0.14631255	0.20123044	-0.10218501	-0.2573485
0.16857351	0.24343461	0.28199458	-0.15147631	-0.08890363	-0.3520134	0.99999946	-0.24585797	0.1912935	-0.41795835	0.04801881	-0.33653378	-0.39078367	-0.068998024	-0.20713331	0.22600366	0.24754795	0.24399348	-0.36626273	-0.24768537	0.23324944	-0.13782915	0.02636473	0.011836935	0.174587	-0.34153378	0.16142625	-0.2051669	0.05894154	0.24091178
-0.36094177	-0.25962207	-0.29690638	0.11534054	0.08724852	0.2338399	-0.24585797	0.9999993	-0.30677637	0.18107632	-0.04423769	0.19667825	0.27395877	0.09317538	0.24279575	-0.36092904	-0.42607608	-0.2468421	0.28879294	0.14328681	-0.10340092	0.20425266	-0.050323516	-0.072653756	-0.15182957	0.2200891	-0.14314389	0.1985221	-0.12254564	-0.28692314
0.09219458	0.21577173	0.12210988	-0.05483998	-0.30045512	-0.097955436	0.1912935	-0.30677637	0.9999993	-0.1484041	0.081409656	-0.07851373	-0.34507307	-0.08561677	-0.14811702	0.22819358	0.22144389	0.12866971	-0.27018923	-0.10182697	0.011128962	-0.47362226	-0.15104796	0.17666812	0.1657878	-0.1985284	0.012378417	-0.29678005	0.1782271	0.23252048
-0.022975067	-0.23176798	-0.3289879	0.24297711	0.031126706	0.25924772	-0.41795835	0.18107632	-0.1484041	0.9999992	-0.13018882	0.27032384	0.17163107	0.1194745	0.22657272	-0.30760857	-0.29932842	-0.31501374	0.2413944	0.24141984	-0.39292318	0.056447223	0.09747918	-0.12240597	-0.30019936	0.13775006	-0.29932603	0.15515444	-0.012263487	-0.1026763
-0.2354317	0.20207241	0.088315755	-0.14594296	-0.4802357	-0.055862237	0.04801881	-0.04423769	0.081409656	-0.13018882	0.99999917	-0.037698787	0.028812839	-0.5265994	-0.0994445	0.1506398	0.050343096	0.08831211	0.026719065	-0.26956475	-0.08292161	-0.13279916	-0.084445976	0.065859966	0.19652101	0.12892053	0.120251924	-0.28939766	0.26374325	0.0748657
-0.13948971	-0.25950405	-0.5035881	0.16934617	-0.03552947	0.2900456	-0.33653378	0.19667825	-0.07851373	0.27032384	-0.037698787	0.9999992	0.20105961	0.07729555	0.17413539	-0.14522706	-0.2881645	-0.28636315	0.2513993	0.17611091	-0.4979173	0.0012424103	-0.011949058	-0.0322411	-0.117386796	0.22639135	-0.1701261	0.10894282	-0.008281839	-0.19441526
-0.30270737	-0.29512742	-0.18186912	0.034531467	0.019178635	0.20587856	-0.39078367	0.27395877	-0.34507307	0.17163107	0.028812839	0.20105961	0.9999994	0.038594335	0.1498303	-0.26116434	-0.33490148	-0.13717489	0.28981662	0.08954277	-0.17549355	0.17639583	0.039805997	-0.13326591	-0.10616274	0.23198847	-0.02094533	0.16309135	-0.038449768	-0.39095992
0.090412	-0.3598951	-0.12259032	0.19442455	0.24559794	0.14087866	-0.068998024	0.09317538	-0.08561677	0.1194745	-0.5265994	0.07729555	0.038594335	0.9999996	0.17987643	-0.255061	-0.1345929	-0.16181874	0.030791793	0.23787683	-0.027819894	0.17228629	-0.025644548	0.024242517	-0.256158	-0.07881035	-0.16537765	0.24983354	-0.41650587	-0.20922054
-0.15501066	-0.22949427	-0.26950142	0.26845905	0.11384021	0.23441689	-0.20713331	0.24279575	-0.14811702	0.22657272	-0.0994445	0.17413539	0.1498303	0.17987643	0.99999946	-0.3596654	-0.40088496	-0.39527807	0.22691089	0.26137167	-0.10980426	0.15419526	0.03055488	-0.02106952	-0.38003528	0.09591887	-0.40066838	0.22696438	-0.22832802	-0.18135332
0.06764118	0.2872083	0.22043476	-0.3066426	-0.14691892	-0.3484415	0.22600366	-0.36092904	0.22819358	-0.30760857	0.1506398	-0.14522706	-0.26116434	-0.255061	-0.3596654	0.9999996	0.2704609	0.27568078	-0.28957745	-0.20044406	0.10258225	-0.3161843	-0.092669345	0.11354216	0.2727439	-0.09364366	0.19122396	-0.33693856	0.1889523	0.22586256
0.12610425	0.2413064	0.23901854	-0.13757727	-0.09701945	-0.26729712	0.24754795	-0.42607608	0.22144389	-0.29932842	0.050343096	-0.2881645	-0.33490148	-0.1345929	-0.40088496	0.2704609	0.9999996	0.23613065	-0.42518237	-0.2084542	0.18909357	-0.15939178	-0.13618127	0.14882204	0.1968175	-0.127088	0.16724311	-0.15430368	0.07883256	0.18333764
0.1031052	0.26106995	0.26984254	-0.3988086	-0.05403845	-0.42212301	0.24399348	-0.2468421	0.12866971	-0.31501374	0.08831211	-0.28636315	-0.13717489	-0.16181874	-0.39527807	0.27568078	0.23613065	0.99999964	-0.28361273	-0.3249751	0.19331218	-0.14729519	0.011199825	0.011484044	0.2623587	-0.16032831	0.24894744	-0.3483351	0.1501569	0.19780068
-0.31648824	-0.23495059	-0.22101451	0.1310057	0.017397387	0.24876243	-0.36626273	0.28879294	-0.27018923	0.2413944	0.026719065	0.2513993	0.28981662	0.030791793	0.22691089	-0.28957745	-0.42518237	-0.28361273	0.99999964	0.14983305	-0.3129273	0.11408435	0.0100752665	-0.09044373	-0.17116871	0.23837383	-0.16823341	0.14670905	-0.02077367	-0.24119502
0.057451032	-0.31950635	-0.23127374	0.2924488	0.18630962	0.20206669	-0.24768537	0.14328681	-0.10182697	0.24141984	-0.26956475	0.17611091	0.08954277	0.23787683	0.26137167	-0.20044406	-0.2084542	-0.3249751	0.14983305	0.9999995	-0.14044882	0.11979013	0.07333202	-0.10993245	-0.41442075	0.011971673	-0.46976492	0.24076103	-0.28291777	-0.16233243
0.08976757	0.13304637	0.24046008	-0.19438711	0.1328916	-0.30708605	0.23324944	-0.10340092	0.011128962	-0.39292318	-0.08292161	-0.4979173	-0.17549355	-0.027819894	-0.10980426	0.10258225	0.18909357	0.19331218	-0.3129273	-0.14044882	0.9999996	0.09253244	-0.037050422	0.044328578	0.07177753	-0.2607993	0.1593256	0.005402938	-0.1192382	0.063369505
-0.074185155	-0.2257905	-0.059204575	0.062420774	0.22661756	0.105304204	-0.13782915	0.20425266	-0.47362226	0.056447223	-0.13279916	0.0012424103	0.17639583	0.17228629	0.15419526	-0.3161843	-0.15939178	-0.14729519	0.11408435	0.11979013	0.09253244	0.9999996	0.017374134	-0.10575189	-0.26509085	0.06867913	0.011409452	0.2712716	-0.36846974	-0.38864216
0.19363782	-0.0808774	0.026475994	0.021890676	0.09339913	-0.038908932	0.02636473	-0.050323516	-0.15104796	0.09747918	-0.084445976	-0.011949058	0.039805997	-0.025644548	0.03055488	-0.092669345	-0.13618127	0.011199825	0.0100752665	0.07333202	-0.037050422	0.017374134	0.9999995	-0.6971675	-0.18544208	-0.234344	-0.02764555	0.083875224	0.010279164	0.117985845
-0.23428717	0.08856457	0.014984008	-0.016474362	-0.14299168	0.0041421386	0.011836935	-0.072653756	0.17666812	-0.12240597	0.065859966	-0.0322411	-0.13326591	0.024242517	-0.02106952	0.11354216	0.14882204	0.011484044	-0.09044373	-0.10993245	0.044328578	-0.10575189	-0.6971675	0.9999995	0.1392412	0.10514851	0.0052685337	-0.117852524	0.023610584	-0.08117837
-0.026734127	0.26072553	0.16486306	-0.39482594	-0.19039173	-0.18687627	0.174587	-0.15182957	0.1657878	-0.30019936	0.19652101	-0.117386796	-0.10616274	-0.256158	-0.38003528	0.2727439	0.1968175	0.2623587	-0.17116871	-0.41442075	0.07177753	-0.26509085	-0.18544208	0.1392412	0.99999946	0.0008730639	0.24799114	-0.38751528	0.22695073	0.15304871
-0.3955304	-0.10132927	-0.30363345	0.059352636	-0.08099034	0.19673635	-0.34153378	0.2200891	-0.1985284	0.13775006	0.12892053	0.22639135	0.23198847	-0.07881035	0.09591887	-0.09364366	-0.127088	-0.16032831	0.23837383	0.011971673	-0.2607993	0.06867913	-0.234344	0.10514851	0.0008730639	0.9999993	-0.054869037	0.03608648	0.018450756	-0.3452612
-0.02780627	0.18063211	0.17594008	-0.55956084	-0.07223064	-0.14631255	0.16142625	-0.14314389	0.012378417	-0.29932603	0.120251924	-0.1701261	-0.02094533	-0.16537765	-0.40066838	0.19122396	0.16724311	0.24894744	-0.16823341	-0.46976492	0.1593256	0.011409452	-0.02764555	0.0052685337	0.24799114	-0.054869037	0.9999994	-0.11445848	0.09829221	0.06019294
-0.022068137	-0.40359423	-0.19870497	0.18988255	0.24316029	0.20123044	-0.2051669	0.1985221	-0.29678005	0.15515444	-0.28939766	0.10894282	0.16309135	0.24983354	0.22696438	-0.33693856	-0.15430368	-0.3483351	0.14670905	0.24076103	0.005402938	0.2712716	0.083875224	-0.117852524	-0.38751528	0.03608648	-0.11445848	0.99999934	-0.35619664	-0.289528
-0.07051865	0.22180393	0.078792736	-0.18304111	-0.45612255	-0.10218501	0.05894154	-0.12254564	0.1782271	-0.012263487	0.26374325	-0.008281839	-0.038449768	-0.41650587	-0.22832802	0.1889523	0.07883256	0.1501569	-0.02077367	-0.28291777	-0.1192382	-0.36846974	0.010279164	0.023610584	0.22695073	0.018450756	0.09829221	-0.35619664	0.9999995	0.1888473
0.19469485	0.24115264	0.19847932	-0.10701632	-0.13498126	-0.2573485	0.24091178	-0.28692314	0.23252048	-0.1026763	0.0748657	-0.19441526	-0.39095992	-0.20922054	-0.18135332	0.22586256	0.18333764	0.19780068	-0.24119502	-0.16233243	0.063369505	-0.38864216	0.117985845	-0.08117837	0.15304871	-0.3452612	0.06019294	-0.289528	0.1888473	0.9999995
