1.0000001	0.24182808	0.16837552	0.1892477	-0.101957	-0.46748266	0.22111858	-0.1860885	-0.23583412	-0.119742185	0.23445188	-0.3143674	-0.21350105	-0.100410685	-0.3644353	-0.15269504	-0.071630776	-0.33339652	0.0052258195	-0.10327121	0.08376043	0.22739628	-0.36005804	-0.018390257	-0.08905714	0.19214928	0.29203504	-0.07664299	0.18005495	0.27334604
0.24182808	1.0000002	0.2487833	0.26180622	-0.33415392	-0.21211234	0.09395196	-0.26719502	-0.037189443	-0.17418459	0.1931488	-0.25754902	-0.16654451	-0.33213353	-0.16817842	-0.056850348	-0.1219362	-0.40110037	0.13751274	0.06217247	0.20056489	0.30475938	-0.28537875	-0.13292137	-0.34507114	0.041255806	0.2609005	-0.20939073	0.2256396	0.22959791
0.16837552	0.2487833	1.0000002	0.19377032	-0.2429968	-0.0850264	0.07652132	-0.35740384	0.00085332396	-0.40179422	0.115822636	-0.18529315	-0.14445162	-0.24582307	-0.120696135	0.043476928	-0.21427979	-0.09051787	0.24791093	0.17917758	0.26815414	0.28564224	-0.14626054	-0.29512534	-0.4648944	-0.025815755	0.22952504	-0.3696481	0.23092847	0.10111559
0.1892477	0.26180622	0.19377032	1.0000001	-0.35760742	-0.09969997	0.110252835	-0.41827002	-0.0065119397	-0.202386	0.19633283	-0.17118178	-0.4275062	-0.38366213	-0.05801348	0.059107363	-0.23807245	-0.3880265	0.13210392	0.08017126	0.21049495	0.2612485	-0.21526377	-0.10152236	-0.19784155	0.018071106	0.22255372	-0.13933219	0.2619999	0.2077637
-0.101957	-0.33415392	-0.2429968	-0.35760742	1.0000002	0.06346738	-0.10907682	0.2806797	-0.07337227	0.27205485	-0.0909437	0.13323505	0.23800483	0.27778667	0.004085334	-0.16676934	0.24650885	0.15006363	-0.34176573	-0.29894668	-0.22450137	-0.38583156	0.049319785	0.23928219	0.25897372	0.055434678	-0.2654084	0.2333525	-0.39066166	-0.11821976
-0.46748266	-0.21211234	-0.0850264	-0.09969997	0.06346738	1.0000002	-0.2630255	0.08967042	0.2339687	-0.031191144	-0.31956902	0.28894743	0.14871109	-0.04578847	0.26890945	0.21238956	-0.02501562	0.23132142	0.026362479	0.12462927	0.037072934	-0.18673421	0.27462623	-0.057085373	0.04815814	-0.32648566	-0.3876575	-0.02812514	-0.15064554	-0.36255723
0.22111858	0.09395196	0.07652132	0.110252835	-0.10907682	-0.2630255	1.0000004	-0.17434536	-0.478383	-0.001693605	0.14394696	-0.3970011	-0.28482535	0.049869668	-0.3175613	-0.1999895	0.02918563	-0.0818222	-0.08701204	-0.19822808	-0.051575277	0.09747948	-0.15312888	0.048208624	0.021452716	0.22059622	0.22606441	0.097563155	0.15386727	0.20760491
-0.1860885	-0.26719502	-0.35740384	-0.41827002	0.2806797	0.08967042	-0.17434536	1.0000002	0.0025627336	0.25775975	-0.2141373	0.18061638	0.27360842	0.27492845	0.044180784	-0.13790044	0.24654649	0.17206414	-0.21047328	-0.1331894	-0.36142188	-0.29359493	0.105373666	0.1958605	0.24519469	0.060208406	-0.26872513	0.19701396	-0.41546762	-0.18802308
-0.23583412	-0.037189443	0.00085332396	-0.0065119397	-0.07337227	0.2339687	-0.478383	0.0025627336	1.0000002	-0.119219035	-0.04125739	0.18044843	0.026522923	-0.21028289	0.264891	0.24145512	-0.10697399	0.08367783	0.14627922	0.18480507	0.11464371	-0.03619233	0.16213435	-0.11085655	-0.060034987	-0.4543531	-0.22659305	-0.2247736	-0.0713159	-0.14906731
-0.119742185	-0.17418459	-0.40179422	-0.202386	0.27205485	-0.031191144	-0.001693605	0.25775975	-0.119219035	1.0000004	-0.02233232	0.04462146	0.15853141	0.26522607	-0.057626713	-0.23217501	0.2796074	0.029013151	-0.43051144	-0.35392094	-0.3900834	-0.29333583	-0.022085775	0.28889787	0.28404748	0.15374397	-0.2105006	0.2954015	-0.27821094	0.0121256085
0.23445188	0.1931488	0.115822636	0.19633283	-0.0909437	-0.31956902	0.14394696	-0.2141373	-0.04125739	-0.02233232	1.0000002	-0.46768808	-0.30369687	-0.08187231	-0.054740548	-0.12309786	-0.11890635	-0.27402425	0.0057305982	-0.117434055	0.012938653	0.16035147	-0.49531025	0.028162006	-0.061466094	0.11561146	0.21192414	0.0019729128	0.13809343	0.2280167
-0.3143674	-0.25754902	-0.18529315	-0.17118178	0.13323505	0.28894743	-0.3970011	0.18061638	0.18044843	0.04462146	-0.46768808	1.0000004	0.23552111	0.036165714	0.21175915	0.15288259	0.037577186	0.2272949	0.0032856127	0.09727805	-0.0120178545	-0.20676894	0.2739714	-0.017650707	0.07878485	-0.22445962	-0.3533119	-0.005487901	-0.21664499	-0.35293812
-0.21350105	-0.16654451	-0.14445162	-0.4275062	0.23800483	0.14871109	-0.28482535	0.27360842	0.026522923	0.15853141	-0.30369687	0.23552111	1.0000004	0.20726055	0.07406421	-0.044805925	0.18712448	0.21317051	-0.09501193	-0.11341751	-0.17497437	-0.21447384	0.16150495	0.11959364	0.13586439	-0.06708285	-0.28776225	0.07211802	-0.35851	-0.35500368
-0.100410685	-0.33213353	-0.24582307	-0.38366213	0.27778667	-0.04578847	0.049869668	0.27492845	-0.21028289	0.26522607	-0.08187231	0.036165714	0.20726055	1.0000005	-0.09044946	-0.26419935	0.26594722	0.14180936	-0.21664892	-0.22519033	-0.37474975	-0.29233563	0.009937361	0.21515924	0.25178272	0.16489314	-0.15739943	0.24805401	-0.3004625	-0.08737892
-0.3644353	-0.16817842	-0.120696135	-0.05801348	0.004085334	0.26890945	-0.3175613	0.044180784	0.264891	-0.057626713	-0.054740548	0.21175915	0.07406421	-0.09044946	1.0000006	0.26815704	-0.21476361	0.18127306	0.11033429	0.16590373	0.058177818	-0.17242822	0.20102032	-0.1310511	0.026278695	-0.3785752	-0.27153376	-0.068696834	-0.0651585	-0.34508967
-0.15269504	-0.056850348	0.043476928	0.059107363	-0.16676934	0.21238956	-0.1999895	-0.13790044	0.24145512	-0.23217501	-0.12309786	0.15288259	-0.044805925	-0.26419935	0.26815704	1.0000006	-0.44217935	0.10841614	0.20930706	0.24536633	0.20042197	0.027702952	0.18432672	-0.18212515	-0.09712176	-0.40400344	-0.09701467	-0.21919732	0.059791796	-0.19264115
-0.071630776	-0.1219362	-0.21427979	-0.23807245	0.24650885	-0.02501562	0.02918563	0.24654649	-0.10697399	0.2796074	-0.11890635	0.037577186	0.18712448	0.26594722	-0.21476361	-0.44217935	1.0000007	0.054339744	-0.33333063	-0.3065279	-0.3892232	-0.2232739	0.012687981	0.23145977	0.2166465	0.16652499	-0.18133628	0.24008644	-0.23246455	0.005699972
-0.33339652	-0.40110037	-0.09051787	-0.3880265	0.15006363	0.23132142	-0.0818222	0.17206414	0.08367783	0.029013151	-0.27402425	0.2272949	0.21317051	0.14180936	0.18127306	0.10841614	0.054339744	1.0000007	0.00855817	0.07502133	-0.11577339	-0.28349108	0.25838727	-0.06921807	0.12748115	-0.22654673	-0.2346546	0.058515128	-0.16752839	-0.45427978
0.0052258195	0.13751274	0.24791093	0.13210392	-0.34176573	0.026362479	-0.08701204	-0.21047328	0.14627922	-0.43051144	0.0057305982	0.0032856127	-0.09501193	-0.21664892	0.11033429	0.20930706	-0.33333063	0.00855817	1.0000006	0.30150282	0.2768868	0.20482719	0.06985203	-0.4226117	-0.33259237	-0.18380332	0.1160761	-0.4619571	0.19165166	-0.07766177
-0.10327121	0.06217247	0.17917758	0.08017126	-0.29894668	0.12462927	-0.19822808	-0.1331894	0.18480507	-0.35392094	-0.117434055	0.09727805	-0.11341751	-0.22519033	0.16590373	0.24536633	-0.3065279	0.07502133	0.30150282	1.0000006	0.24527147	0.1297333	0.1386077	-0.43057197	-0.3214296	-0.1806656	0.045576993	-0.33134398	0.16011167	-0.12116016
0.08376043	0.20056489	0.26815414	0.21049495	-0.22450137	0.037072934	-0.051575277	-0.36142188	0.11464371	-0.3900834	0.012938653	-0.0120178545	-0.17497437	-0.37474975	0.058177818	0.20042197	-0.3892232	-0.11577339	0.2768868	0.24527147	1.0000005	0.244104	0.013466194	-0.25069508	-0.41797522	-0.18979566	0.14453904	-0.395121	0.20952459	0.027915059
0.22739628	0.30475938	0.28564224	0.2612485	-0.38583156	-0.18673421	0.09747948	-0.29359493	-0.03619233	-0.29333583	0.16035147	-0.20676894	-0.21447384	-0.29233563	-0.17242822	0.027702952	-0.2232739	-0.28349108	0.20482719	0.1297333	0.244104	1.0000005	-0.21385859	-0.12762535	-0.38650373	0.023301575	0.26716274	-0.34338617	0.2349901	0.19116527
-0.36005804	-0.28537875	-0.14626054	-0.21526377	0.049319785	0.27462623	-0.15312888	0.105373666	0.16213435	-0.022085775	-0.49531025	0.2739714	0.16150495	0.009937361	0.20102032	0.18432672	0.012687981	0.25838727	0.06985203	0.1386077	0.013466194	-0.21385859	1.0000006	-0.14748327	0.049892306	-0.29301602	-0.2512721	-0.062350255	-0.092026055	-0.22758524
-0.018390257	-0.13292137	-0.29512534	-0.10152236	0.23928219	-0.057085373	0.048208624	0.1958605	-0.11085655	0.28889787	0.028162006	-0.017650707	0.11959364	0.21515924	-0.1310511	-0.18212515	0.23145977	-0.06921807	-0.4226117	-0.43057197	-0.25069508	-0.12762535	-0.14748327	1.0000006	0.2290451	0.16176507	-0.16470227	0.23350729	-0.39858407	0.06729372
-0.08905714	-0.34507114	-0.4648944	-0.19784155	0.25897372	0.04815814	0.021452716	0.24519469	-0.060034987	0.28404748	-0.061466094	0.07878485	0.13586439	0.25178272	0.026278695	-0.09712176	0.2166465	0.12748115	-0.33259237	-0.3214296	-0.41797522	-0.38650373	0.049892306	0.2290451	1.0000006	0.07666817	-0.21885158	0.28907448	-0.20935354	-0.13712846
0.19214928	0.041255806	-0.025815755	0.018071106	0.055434678	-0.32648566	0.22059622	0.060208406	-0.4543531	0.15374397	0.11561146	-0.22445962	-0.06708285	0.16489314	-0.3785752	-0.40400344	0.16652499	-0.22654673	-0.18380332	-0.1806656	-0.18979566	0.023301575	-0.29301602	0.16176507	0.07666817	1.0000002	0.1373311	0.16637138	-0.01138632	0.21209608
0.29203504	0.2609005	0.22952504	0.22255372	-0.2654084	-0.3876575	0.22606441	-0.26872513	-0.22659305	-0.2105006	0.21192414	-0.3533119	-0.28776225	-0.15739943	-0.27153376	-0.09701467	-0.18133628	-0.2346546	0.1160761	0.045576993	0.14453904	0.26716274	-0.2512721	-0.16470227	-0.21885158	0.1373311	1.0000001	-0.090728015	0.2665905	0.24721
-0.07664299	-0.20939073	-0.3696481	-0.13933219	0.2333525	-0.02812514	0.097563155	0.19701396	-0.2247736	0.2954015	0.0019729128	-0.005487901	0.07211802	0.24805401	-0.068696834	-0.21919732	0.24008644	0.058515128	-0.4619571	-0.33134398	-0.395121	-0.34338617	-0.062350255	0.23350729	0.28907448	0.16637138	-0.090728015	1.0	-0.10971032	0.0028902933
0.18005495	0.2256396	0.23092847	0.2619999	-0.39066166	-0.15064554	0.15386727	-0.41546762	-0.0713159	-0.27821094	0.13809343	-0.21664499	-0.35851	-0.3004625	-0.0651585	0.059791796	-0.23246455	-0.16752839	0.19165166	0.16011167	0.20952459	0.2349901	-0.092026055	-0.39858407	-0.20935354	-0.01138632	0.2665905	-0.10971032	1.0000001	0.15492496
0.27334604	0.22959791	0.10111559	0.2077637	-0.11821976	-0.36255723	0.20760491	-0.18802308	-0.14906731	0.0121256085	0.2280167	-0.35293812	-0.35500368	-0.08737892	-0.34508967	-0.19264115	0.005699972	-0.45427978	-0.07766177	-0.12116016	0.027915059	0.19116527	-0.22758524	0.06729372	-0.13712846	0.21209608	0.24721	0.0028902933	0.15492496	1.0000001
