1.0000001	-0.20294215	0.0017680766	-0.13581353	-0.027653858	0.21865496	-0.6191553	-0.1074081	-0.16732188	-0.19908062	-0.044678796	0.09903365	0.06539803	0.2113457	-0.036403507	0.10816085	-0.19397332	-0.03262118	0.063637495	0.14623927	0.1684016	0.11141097	-0.14308251	0.12942259	0.15094806	-0.2561471	-0.20786548	0.07544358	-0.1788463	0.0031685452
-0.20294215	1.0000002	0.23445182	-0.25394756	-0.07046482	-0.14368014	0.10248113	0.25764474	0.23931931	0.2448822	0.25851506	0.05758681	-0.29872423	-0.41115022	-0.264459	0.21715015	0.23339987	0.101756364	-0.33226183	-0.23963524	0.010208813	-0.29836747	-0.15216716	-0.39773214	-0.31165445	0.19031408	0.20099153	-0.34995234	0.13592036	0.2425944
0.0017680766	0.23445182	1.0000001	-0.25109673	-0.37824017	-0.035764165	-0.062335435	0.20090114	0.06784259	0.21942963	0.26509112	0.23949476	-0.3804747	-0.24330845	-0.22956687	0.26297593	0.1452039	0.25402197	-0.24120934	-0.066615514	0.19390006	-0.3076106	-0.39654088	-0.3082239	-0.2928999	0.060014337	0.14876844	-0.34234488	-0.028119383	0.2705525
-0.13581353	-0.25394756	-0.25109673	1.0000004	0.16907656	-0.026572585	0.14576615	-0.39322677	-0.18828927	-0.16364624	-0.41830835	-0.23282847	0.22985199	0.13209842	0.2561886	-0.36877313	-0.056594085	-0.0950747	0.24798073	0.14657621	-0.21188147	0.16516572	0.22204158	0.20918426	0.14964443	-0.07264796	-0.102071926	0.20648412	0.033685874	-0.34294683
-0.027653858	-0.07046482	-0.37824017	0.16907656	0.99999994	-0.066336155	0.061882675	-0.14767446	-0.0043343436	-0.10215334	-0.26229352	-0.30102244	0.2404228	0.10026778	0.23189236	-0.2045597	-0.07793332	-0.5766003	0.10324865	0.04575543	-0.26890466	0.14491981	0.27870113	0.15450813	0.14015758	0.021004302	-0.18317974	0.18958758	0.071126916	-0.28113887
0.21865496	-0.14368014	-0.035764165	-0.026572585	-0.066336155	0.99999994	-0.28916594	-0.20526595	-0.19744994	-0.044435784	-0.06393788	0.14237839	0.08202173	0.20691492	0.0997795	0.03962774	-0.36051944	-0.0080265235	0.042477686	0.24868795	0.17568098	0.11926893	-0.05553806	0.112035476	0.1096029	-0.5632175	-0.19571143	0.11874752	-0.4137193	-0.046462923
-0.6191553	0.10248113	-0.062335435	0.14576615	0.061882675	-0.28916594	0.99999994	0.048016388	0.10671154	0.106039695	-0.053009097	-0.13468117	-0.020463467	-0.23237495	0.06820637	-0.23599285	0.18015158	-0.008283698	-0.013958559	-0.112949304	-0.23951359	-0.10206323	0.14475217	-0.0950304	-0.13069366	0.20508079	0.12013436	-0.08024838	0.18895036	-0.04821354
-0.1074081	0.25764474	0.20090114	-0.39322677	-0.14767446	-0.20526595	0.048016388	1.0	0.18729733	0.15686762	0.25808173	0.10823042	-0.2850801	-0.24866734	-0.36099762	0.2112664	0.22056909	0.15849493	-0.25813243	-0.3659041	0.044120234	-0.18106405	-0.20835684	-0.25847253	-0.101956695	0.19961004	0.1533936	-0.41288447	0.09616034	0.23449607
-0.16732188	0.23931931	0.06784259	-0.18828927	-0.0043343436	-0.19744994	0.10671154	0.18729733	1.0000002	0.09182752	0.17286807	-0.19173162	-0.05644638	-0.24545674	-0.1442258	0.12001458	0.18394153	-0.014462664	-0.2524125	-0.40173477	-0.26026934	-0.10773191	0.06428032	-0.24934234	-0.34264705	0.20573111	0.23665725	-0.22891235	0.2525136	0.12382505
-0.19908062	0.2448822	0.21942963	-0.16364624	-0.10215334	-0.044435784	0.106039695	0.15686762	0.09182752	1.0000002	0.18956542	0.14677958	-0.33476654	-0.40801322	-0.07157504	0.13411127	0.22204623	0.11920663	-0.20142642	-0.103973776	0.066212095	-0.5480801	-0.15362316	-0.45909864	-0.13855115	0.12651579	0.07618042	-0.16773315	-0.009693042	0.20624736
-0.044678796	0.25851506	0.26509112	-0.41830835	-0.26229352	-0.06393788	-0.053009097	0.25808173	0.17286807	0.18956542	1.0000001	0.1557524	-0.26196623	-0.1802166	-0.3317988	0.2807828	0.13524507	0.14941844	-0.45245808	-0.25263217	0.11601862	-0.27118444	-0.2383131	-0.26903978	-0.31986573	0.12502821	0.22285357	-0.22399749	0.006155769	0.30839258
0.09903365	0.05758681	0.23949476	-0.23282847	-0.30102244	0.14237839	-0.13468117	0.10823042	-0.19173162	0.14677958	0.1557524	1.0000001	-0.3137868	-0.08961038	-0.11354296	0.17763813	-0.004119569	0.22643694	-0.068631075	0.093892224	0.30588266	-0.13507287	-0.430871	-0.13392404	-0.024686165	-0.14826444	-0.07256905	-0.19747357	-0.33380178	0.17357357
0.06539803	-0.29872423	-0.3804747	0.22985199	0.2404228	0.08202173	-0.020463467	-0.2850801	-0.05644638	-0.33476654	-0.26196623	-0.3137868	1.0000002	0.2406054	0.2554014	-0.33051312	-0.2550504	-0.27190867	0.20707254	0.12056806	-0.22395813	0.27747768	0.2635577	0.28094906	0.20008771	-0.1432221	-0.20109741	0.25488314	0.00858874	-0.3493657
0.2113457	-0.41115022	-0.24330845	0.13209842	0.10026778	0.20691492	-0.23237495	-0.24866734	-0.24545674	-0.40801322	-0.1802166	-0.08961038	0.2406054	1.0000002	0.15965898	-0.121778645	-0.41128105	-0.12072472	0.16330647	0.21942739	0.006347561	0.28653574	0.09844548	0.29947978	0.18459246	-0.34405866	-0.13195191	0.24311331	-0.15631174	-0.20717588
-0.036403507	-0.264459	-0.22956687	0.2561886	0.23189236	0.0997795	0.06820637	-0.36099762	-0.1442258	-0.07157504	-0.3317988	-0.11354296	0.2554014	0.15965898	1.0000002	-0.3755135	-0.19139564	-0.32885337	0.22278923	0.2030177	-0.15641002	0.18349183	0.21187717	0.20625153	0.20991041	-0.21036926	-0.28049564	0.22623673	-0.04718711	-0.39183006
0.10816085	0.21715015	0.26297593	-0.36877313	-0.2045597	0.03962774	-0.23599285	0.2112664	0.12001458	0.13411127	0.2807828	0.17763813	-0.33051312	-0.121778645	-0.3755135	1.0000002	0.074542075	0.16555697	-0.39698726	-0.096573606	0.16070643	-0.1810942	-0.289091	-0.2355154	-0.21681198	-0.014322465	0.1384706	-0.26525876	-0.02956797	0.27142006
-0.19397332	0.23339987	0.1452039	-0.056594085	-0.07793332	-0.36051944	0.18015158	0.22056909	0.18394153	0.22204623	0.13524507	-0.004119569	-0.2550504	-0.41128105	-0.19139564	0.074542075	1.0000002	0.1261472	-0.059605367	-0.34004506	-0.06660531	-0.3974705	-0.054834176	-0.3557138	-0.13572554	0.27219763	0.13040817	-0.30212286	0.17440994	0.16479445
-0.03262118	0.101756364	0.25402197	-0.0950747	-0.5766003	-0.0080265235	-0.008283698	0.15849493	-0.014462664	0.11920663	0.14941844	0.22643694	-0.27190867	-0.12072472	-0.32885337	0.16555697	0.1261472	1.0000002	-0.019521244	-0.03741314	0.19687678	-0.1879489	-0.37645677	-0.1932665	-0.0936791	-0.0021826096	0.08444003	-0.34123924	-0.05656784	0.18254083
0.063637495	-0.33226183	-0.24120934	0.24798073	0.10324865	0.042477686	-0.013958559	-0.25813243	-0.2524125	-0.20142642	-0.45245808	-0.068631075	0.20707254	0.16330647	0.22278923	-0.39698726	-0.059605367	-0.019521244	1.0000001	0.20492642	-0.0037575215	0.18344623	0.11849306	0.21218936	0.26983127	-0.082944304	-0.3592357	0.16617066	-0.13104078	-0.3319037
0.14623927	-0.23963524	-0.066615514	0.14657621	0.04575543	0.24868795	-0.112949304	-0.3659041	-0.40173477	-0.103973776	-0.25263217	0.093892224	0.12056806	0.21942739	0.2030177	-0.096573606	-0.34004506	-0.03741314	0.20492642	1.0000001	0.1302333	0.16496368	-0.031989824	0.19528572	0.20314671	-0.33768877	-0.33082607	0.18194765	-0.34736657	-0.23926513
0.1684016	0.010208813	0.19390006	-0.21188147	-0.26890466	0.17568098	-0.23951359	0.044120234	-0.26026934	0.066212095	0.11601862	0.30588266	-0.22395813	0.006347561	-0.15641002	0.16070643	-0.06660531	0.19687678	-0.0037575215	0.1302333	1.0	-0.051373947	-0.40589714	-0.093054764	-0.0008978194	-0.12932079	-0.112379834	-0.082572564	-0.4245243	0.15679461
0.11141097	-0.29836747	-0.3076106	0.16516572	0.14491981	0.11926893	-0.10206323	-0.18106405	-0.10773191	-0.5480801	-0.27118444	-0.13507287	0.27747768	0.28653574	0.18349183	-0.1810942	-0.3974705	-0.1879489	0.18344623	0.16496368	-0.051373947	1.0000001	0.15811445	0.3083729	0.18698263	-0.21145841	-0.14133303	0.21547437	-0.05000628	-0.33369097
-0.14308251	-0.15216716	-0.39654088	0.22204158	0.27870113	-0.05553806	0.14475217	-0.20835684	0.06428032	-0.15362316	-0.2383131	-0.430871	0.2635577	0.09844548	0.21187717	-0.289091	-0.054834176	-0.37645677	0.11849306	-0.031989824	-0.40589714	0.15811445	1.0000001	0.16998442	0.09181687	0.02860281	-0.05528174	0.1940959	0.15966968	-0.21232335
0.12942259	-0.39773214	-0.3082239	0.20918426	0.15450813	0.112035476	-0.0950304	-0.25847253	-0.24934234	-0.45909864	-0.26903978	-0.13392404	0.28094906	0.29947978	0.20625153	-0.2355154	-0.3557138	-0.1932665	0.21218936	0.19528572	-0.093054764	0.3083729	0.16998442	0.99999994	0.20296358	-0.17313653	-0.11670244	0.26346564	-0.07083956	-0.33491582
0.15094806	-0.31165445	-0.2928999	0.14964443	0.14015758	0.1096029	-0.13069366	-0.101956695	-0.34264705	-0.13855115	-0.31986573	-0.024686165	0.20008771	0.18459246	0.20991041	-0.21681198	-0.13572554	-0.0936791	0.26983127	0.20314671	-0.0008978194	0.18698263	0.09181687	0.20296358	0.9999998	-0.18525301	-0.5249474	0.14651307	-0.07813853	-0.34773025
-0.2561471	0.19031408	0.060014337	-0.07264796	0.021004302	-0.5632175	0.20508079	0.19961004	0.20573111	0.12651579	0.12502821	-0.14826444	-0.1432221	-0.34405866	-0.21036926	-0.014322465	0.27219763	-0.0021826096	-0.082944304	-0.33768877	-0.12932079	-0.21145841	0.02860281	-0.17313653	-0.18525301	0.99999976	0.1969046	-0.109076664	0.23211859	0.12027174
-0.20786548	0.20099153	0.14876844	-0.102071926	-0.18317974	-0.19571143	0.12013436	0.1533936	0.23665725	0.07618042	0.22285357	-0.07256905	-0.20109741	-0.13195191	-0.28049564	0.1384706	0.13040817	0.08444003	-0.3592357	-0.33082607	-0.112379834	-0.14133303	-0.05528174	-0.11670244	-0.5249474	0.1969046	0.99999946	-0.067149684	0.16917476	0.20447876
0.07544358	-0.34995234	-0.34234488	0.20648412	0.18958758	0.11874752	-0.08024838	-0.41288447	-0.22891235	-0.16773315	-0.22399749	-0.19747357	0.25488314	0.24311331	0.22623673	-0.26525876	-0.30212286	-0.34123924	0.16617066	0.18194765	-0.082572564	0.21547437	0.1940959	0.26346564	0.14651307	-0.109076664	-0.067149684	0.9999997	-0.14383294	-0.1672848
-0.1788463	0.13592036	-0.028119383	0.033685874	0.071126916	-0.4137193	0.18895036	0.09616034	0.2525136	-0.009693042	0.006155769	-0.33380178	0.00858874	-0.15631174	-0.04718711	-0.02956797	0.17440994	-0.05656784	-0.13104078	-0.34736657	-0.4245243	-0.05000628	0.15966968	-0.07083956	-0.07813853	0.23211859	0.16917476	-0.14383294	0.9999997	-0.028851205
0.0031685452	0.2425944	0.2705525	-0.34294683	-0.28113887	-0.046462923	-0.04821354	0.23449607	0.12382505	0.20624736	0.30839258	0.17357357	-0.3493657	-0.20717588	-0.39183006	0.27142006	0.16479445	0.18254083	-0.3319037	-0.23926513	0.15679461	-0.33369097	-0.21232335	-0.33491582	-0.34773025	0.12027174	0.20447876	-0.1672848	-0.028851205	0.9999997
