1.0	-0.35039318	0.09878337	0.06982231	0.2630325	0.24197425	0.22530128	-0.33412394	-0.04848886	0.18533981	0.012547604	-0.46602446	-0.26523194	-0.13864614	0.19101836	-0.2473139	-0.2833983	0.033958618	-0.27313775	-0.19850945	0.10882098	0.2000273	0.2383838	0.25947267	-0.1973408	-0.20593242	0.28778735	-0.37089634	-0.2597896	0.22299702
-0.35039318	1.0000002	-0.09973398	-0.02120262	-0.21220073	-0.2615117	-0.32461607	0.25812826	-0.15094756	-0.3274692	-0.026931286	0.2574977	0.12054642	0.23409767	-0.16642642	0.17818806	0.25837103	-0.16839004	0.25010613	0.20923544	-0.040274	-0.37085325	-0.27658215	-0.3843258	0.20969085	0.25003204	-0.39165694	0.298662	0.1753421	-0.12633352
0.09878337	-0.09973398	1.0000001	-0.12503861	0.026740883	0.09020676	-0.046873905	0.03226149	-0.01824293	-0.20776637	0.09862272	-0.2648228	-0.061928276	-0.23948185	-0.13328132	-0.547912	0.0826185	0.0027159962	0.065741204	0.094831966	0.12969218	0.06435754	-0.124317355	0.034307424	-0.29260913	0.08589564	0.10830723	-0.023579959	0.087661214	0.08288213
0.06982231	-0.02120262	-0.12503861	1.0000002	-0.04873919	0.07995884	0.09350244	-0.16246502	0.24191979	0.0973974	-0.60085154	-0.05468917	0.14557385	-0.1336789	0.12980221	0.07910146	-0.124546744	0.20181042	-0.14161983	0.014621859	-0.41136748	0.13099834	-0.050730545	-0.021795986	-0.113680646	-0.13445146	0.048817858	-0.007870355	-0.007885722	-0.17266798
0.2630325	-0.21220073	0.026740883	-0.04873919	1.0000004	0.18688178	0.19181833	-0.25947508	-0.17793712	0.12661372	0.13690612	-0.2656706	-0.4717091	-0.055915058	0.11638774	-0.119651936	-0.15140322	-0.15715596	-0.15132126	-0.35264075	0.18502642	0.098406695	0.2557184	0.22003375	-0.0706333	-0.10400467	0.20943171	-0.34231842	-0.37254962	0.29636976
0.24197425	-0.2615117	0.09020676	0.07995884	0.18688178	1.0000004	0.18846723	-0.26316935	0.09518915	0.20303741	8.321485e-5	-0.27184117	-0.18726034	-0.39804074	0.21214515	-0.227605	-0.25486135	0.1475743	-0.3358351	-0.3087038	0.01718803	0.28057003	0.19852085	0.25439197	-0.37684464	-0.31895435	0.3009742	-0.23100974	-0.21630022	0.15483008
0.22530128	-0.32461607	-0.046873905	0.09350244	0.19181833	0.18846723	1.0000002	-0.41155663	0.11095259	0.26855296	-0.0062933518	-0.20890091	-0.10838531	-0.058932606	0.21125653	-0.009514765	-0.2960894	0.012775088	-0.18943489	-0.28963605	-0.11991381	0.15841419	0.27579796	0.22701629	-0.094364434	-0.44887006	0.21425702	-0.35655922	-0.34736693	0.13924932
-0.33412394	0.25812826	0.03226149	-0.16246502	-0.25947508	-0.26316935	-0.41155663	1.0000002	-0.18208145	-0.2230947	0.082256906	0.21044585	0.07157015	0.1269587	-0.4212353	0.07091065	0.29054308	-0.08651774	0.2791778	0.26914555	0.049634133	-0.22226155	-0.33414978	-0.317682	0.1557924	0.26653418	-0.32061183	0.27790368	0.22688611	-0.12968522
-0.04848886	-0.15094756	-0.01824293	0.24191979	-0.17793712	0.09518915	0.11095259	-0.18208145	1.0000001	0.0958216	-0.32851747	0.0042418684	0.20573272	-0.27870908	0.09311845	-0.051480792	-0.08403377	0.27060473	-0.08990323	-0.00532201	-0.45560107	0.18382858	0.0015846546	0.039354257	-0.1424998	-0.15235843	0.0786252	-0.061118364	0.046926	-0.24061862
0.18533981	-0.3274692	-0.20776637	0.0973974	0.12661372	0.20303741	0.26855296	-0.2230947	0.0958216	1.0000002	-0.03662799	-0.112681314	-0.06523724	-0.147865	0.22471373	0.034619514	-0.43520066	0.08639363	-0.3083213	-0.19809312	-0.08709973	0.19165587	0.26521915	0.23416825	-0.059073094	-0.5012006	0.2025727	-0.2962397	-0.29387352	0.083789594
0.012547604	-0.026931286	0.09862272	-0.60085154	0.13690612	8.321485e-5	-0.0062933518	0.082256906	-0.32851747	-0.03662799	1.0	-0.06535492	-0.31022686	0.075656064	-0.15869547	-0.1596371	0.04861995	-0.26710677	0.041774537	-0.0787455	0.2734772	-0.073590636	0.098909155	0.07941355	0.028595062	0.08159604	0.014984471	-0.069237895	-0.11667269	0.22507855
-0.46602446	0.2574977	-0.2648228	-0.05468917	-0.2656706	-0.27184117	-0.20890091	0.21044585	0.0042418684	-0.112681314	-0.06535492	1.0000001	0.20549121	0.2064726	-0.14477795	0.25624412	0.17158256	-0.12077825	0.19010833	0.16487685	-0.18833172	-0.22908258	-0.18844576	-0.23295346	0.24809697	0.14513212	-0.33838272	0.2566628	0.1467897	-0.3108624
-0.26523194	0.12054642	-0.061928276	0.14557385	-0.4717091	-0.18726034	-0.10838531	0.07157015	0.20573272	-0.06523724	-0.31022686	0.20549121	1.0000002	0.017797174	0.010079436	0.1251874	0.06558642	0.17175478	0.058463585	0.16908345	-0.34125227	-0.037984796	-0.21402691	-0.12314418	0.068300046	0.01896759	-0.20955905	0.19481543	0.2065104	-0.45947298
-0.13864614	0.23409767	-0.23948185	-0.1336789	-0.055915058	-0.39804074	-0.058932606	0.1269587	-0.27870908	-0.147865	0.075656064	0.2064726	0.017797174	1.0000004	-0.04183774	0.23690294	0.10308211	-0.3481326	0.14613046	0.043463804	0.05548654	-0.4011829	-0.048743144	-0.18649209	0.287038	0.1427568	-0.2879351	0.15422677	-0.025439778	-0.038980745
0.19101836	-0.16642642	-0.13328132	0.12980221	0.11638774	0.21214515	0.21125653	-0.4212353	0.09311845	0.22471373	-0.15869547	-0.14477795	0.010079436	-0.04183774	1.0000004	0.0016759641	-0.3910403	0.10411972	-0.4644366	-0.40452605	-0.016132796	0.1872029	0.22507252	0.22870421	-0.1696384	-0.2968819	0.21428348	-0.21522518	-0.16400574	0.038615942
-0.2473139	0.17818806	-0.547912	0.07910146	-0.119651936	-0.227605	-0.009514765	0.07091065	-0.051480792	0.034619514	-0.1596371	0.25624412	0.1251874	0.23690294	0.0016759641	1.0000004	0.021905385	-0.09965664	0.0463887	-0.0020796116	-0.14035566	-0.21530579	-0.024917053	-0.17162384	0.25970942	0.015408861	-0.26333517	0.12307376	-0.011300812	-0.15757461
-0.2833983	0.25837103	0.0826185	-0.124546744	-0.15140322	-0.25486135	-0.2960894	0.29054308	-0.08403377	-0.43520066	0.04861995	0.17158256	0.06558642	0.10308211	-0.3910403	0.021905385	1.0000002	-0.070817076	0.30734158	0.264432	0.021043884	-0.23378673	-0.35054836	-0.3839735	0.126903	0.28298393	-0.3800983	0.26693994	0.23605442	-0.10815394
0.033958618	-0.16839004	0.0027159962	0.20181042	-0.15715596	0.1475743	0.012775088	-0.08651774	0.27060473	0.08639363	-0.26710677	-0.12077825	0.17175478	-0.3481326	0.10411972	-0.09965664	-0.070817076	1.0000002	-0.13895682	0.0213135	-0.24539807	0.22553422	-0.07035114	0.021510946	-0.27679265	-0.21332578	0.11069991	-0.059572104	0.13544239	-0.22321796
-0.27313775	0.25010613	0.065741204	-0.14161983	-0.15132126	-0.3358351	-0.18943489	0.2791778	-0.08990323	-0.3083213	0.041774537	0.19010833	0.058463585	0.14613046	-0.4644366	0.0463887	0.30734158	-0.13895682	1.0000001	0.26755026	-0.021750499	-0.30907378	-0.29376245	-0.42459723	0.15803339	0.25347126	-0.30048558	0.24948877	0.19729352	-0.068386
-0.19850945	0.20923544	0.094831966	0.014621859	-0.35264075	-0.3087038	-0.28963605	0.26914555	-0.00532201	-0.19809312	-0.0787455	0.16487685	0.16908345	0.043463804	-0.40452605	-0.0020796116	0.264432	0.0213135	0.26755026	1.0000002	-0.091672234	-0.20223933	-0.36048868	-0.32829234	0.083308294	0.20843662	-0.2688423	0.27200174	0.2734891	-0.26595306
0.10882098	-0.040274	0.12969218	-0.41136748	0.18502642	0.01718803	-0.11991381	0.049634133	-0.45560107	-0.08709973	0.2734772	-0.18833172	-0.34125227	0.05548654	-0.016132796	-0.14035566	0.021043884	-0.24539807	-0.021750499	-0.091672234	1.0000001	-0.10877246	0.0870488	0.09180116	0.0132009545	0.0999964	0.05746617	-0.08576179	-0.06532411	0.22917978
0.2000273	-0.37085325	0.06435754	0.13099834	0.098406695	0.28057003	0.15841419	-0.22226155	0.18382858	0.19165587	-0.073590636	-0.22908258	-0.037984796	-0.4011829	0.1872029	-0.21530579	-0.23378673	0.22553422	-0.30907378	-0.20223933	-0.10877246	1.0	0.13951114	0.2033739	-0.43524578	-0.2364647	0.27804998	-0.31683514	-0.03145385	0.08224812
0.2383838	-0.27658215	-0.124317355	-0.050730545	0.2557184	0.19852085	0.27579796	-0.33414978	0.0015846546	0.26521915	0.098909155	-0.18844576	-0.21402691	-0.048743144	0.22507252	-0.024917053	-0.35054836	-0.07035114	-0.29376245	-0.36048868	0.0870488	0.13951114	0.99999994	0.28155082	-0.041679095	-0.3218535	0.22147903	-0.38804483	-0.402691	0.20257023
0.25947267	-0.3843258	0.034307424	-0.021795986	0.22003375	0.25439197	0.22701629	-0.317682	0.039354257	0.23416825	0.07941355	-0.23295346	-0.12314418	-0.18649209	0.22870421	-0.17162384	-0.3839735	0.021510946	-0.42459723	-0.32829234	0.09180116	0.2033739	0.28155082	0.9999999	-0.12126562	-0.20484483	0.27670893	-0.3461051	-0.3682405	0.16356824
-0.1973408	0.20969085	-0.29260913	-0.113680646	-0.0706333	-0.37684464	-0.094364434	0.1557924	-0.1424998	-0.059073094	0.028595062	0.24809697	0.068300046	0.287038	-0.1696384	0.25970942	0.126903	-0.27679265	0.15803339	0.083308294	0.0132009545	-0.43524578	-0.041679095	-0.12126562	0.9999997	0.13507146	-0.35592893	0.1687922	-0.0161896	-0.17871056
-0.20593242	0.25003204	0.08589564	-0.13445146	-0.10400467	-0.31895435	-0.44887006	0.26653418	-0.15235843	-0.5012006	0.08159604	0.14513212	0.01896759	0.1427568	-0.2968819	0.015408861	0.28298393	-0.21332578	0.25347126	0.20843662	0.0999964	-0.2364647	-0.3218535	-0.20484483	0.13507146	0.9999997	-0.21631064	0.2436935	0.18126953	-0.055735398
0.28778735	-0.39165694	0.10830723	0.048817858	0.20943171	0.3009742	0.21425702	-0.32061183	0.0786252	0.2025727	0.014984471	-0.33838272	-0.20955905	-0.2879351	0.21428348	-0.26333517	-0.3800983	0.11069991	-0.30048558	-0.2688423	0.05746617	0.27804998	0.22147903	0.27670893	-0.35592893	-0.21631064	0.9999995	-0.29246387	-0.18781571	0.18903686
-0.37089634	0.298662	-0.023579959	-0.007870355	-0.34231842	-0.23100974	-0.35655922	0.27790368	-0.061118364	-0.2962397	-0.069237895	0.2566628	0.19481543	0.15422677	-0.21522518	0.12307376	0.26693994	-0.059572104	0.24948877	0.27200174	-0.08576179	-0.31683514	-0.38804483	-0.3461051	0.1687922	0.2436935	-0.29246387	0.99999964	0.25196627	-0.2953447
-0.2597896	0.1753421	0.087661214	-0.007885722	-0.37254962	-0.21630022	-0.34736693	0.22688611	0.046926	-0.29387352	-0.11667269	0.1467897	0.2065104	-0.025439778	-0.16400574	-0.011300812	0.23605442	0.13544239	0.19729352	0.2734891	-0.06532411	-0.03145385	-0.402691	-0.3682405	-0.0161896	0.18126953	-0.18781571	0.25196627	0.99999964	-0.27867508
0.22299702	-0.12633352	0.08288213	-0.17266798	0.29636976	0.15483008	0.13924932	-0.12968522	-0.24061862	0.083789594	0.22507855	-0.3108624	-0.45947298	-0.038980745	0.038615942	-0.15757461	-0.10815394	-0.22321796	-0.068386	-0.26595306	0.22917978	0.08224812	0.20257023	0.16356824	-0.17871056	-0.055735398	0.18903686	-0.2953447	-0.27867508	0.99999964
