1.0	-0.22975118	0.03330035	-0.23764406	-0.2480422	0.11542772	0.20581119	0.08057969	-0.0858737	0.14953884	0.21044816	-0.1302009	0.18381116	-0.14539811	-0.057259858	0.0311559	-0.09324035	-0.21013704	0.1800171	0.13339072	-0.40278286	0.101953104	0.26351243	0.12031505	-0.15048322	0.1652452	-0.36019	-0.23171252	-0.29711777	-0.09462067
-0.22975118	1.0	0.14167212	-0.22367962	-0.013288318	-0.22016522	-0.117818624	0.20309828	0.19929503	0.020192131	-0.2604022	0.1870921	-0.059195608	0.18987893	0.17929251	-0.21439058	0.28443757	0.047194045	-0.20629074	0.1044741	0.20376013	-0.27296892	-0.28349775	-0.31598172	0.2652265	-0.42429265	0.087095946	-0.11760982	-0.17206502	0.018754851
0.03330035	0.14167212	0.99999994	-0.31084472	-0.36774123	-0.15838705	-0.047541462	0.2767497	0.21002266	0.12927237	0.016930487	0.16945077	-0.0837834	0.12872483	0.034182705	-0.1324031	0.20766397	-0.072915874	-0.08054416	0.23216936	0.030427864	-0.47873026	0.015487274	-0.088390745	0.058141503	-0.057861652	-0.10256497	-0.36656848	-0.3292938	-0.0065585715
-0.23764406	-0.22367962	-0.31084472	0.99999994	0.23020239	0.0696575	-0.11952877	-0.41019398	-0.26474026	-0.24063225	-0.060191408	-0.068503596	-0.1403652	-0.025755148	0.009751842	0.087942556	-0.2871316	0.16133106	-0.05592415	-0.24456319	0.09854762	0.19977905	-0.09828802	0.07803	-0.047545522	0.0387561	0.1917618	0.27762643	0.27318555	0.11897609
-0.2480422	-0.013288318	-0.36774123	0.23020239	0.9999997	0.12695107	-0.031189747	-0.28517908	-0.23233785	-0.19134144	-0.09910137	-0.13113794	-0.09807301	-0.08168401	-0.13788866	0.1653831	-0.06135677	0.090530924	0.06224085	-0.4926191	0.059119012	0.09551903	-0.096772715	0.07146272	0.029930092	-0.10443985	0.1868778	0.2797767	0.26304173	0.011196057
0.11542772	-0.22016522	-0.15838705	0.0696575	0.12695107	0.9999997	0.24313998	-0.15560849	-0.4360246	0.098952934	0.20355172	-0.37516698	0.17758223	-0.35574257	-0.37069842	0.28225708	-0.25737453	-0.22740377	0.2871178	-0.24541111	-0.32580402	0.15960366	0.21804675	0.25109553	-0.17927255	0.12190939	-0.06492067	0.121126	0.060982414	-0.16536412
0.20581119	-0.117818624	-0.047541462	-0.11952877	-0.031189747	0.24313998	0.9999997	0.0019778353	-0.21196902	0.25432375	0.29615247	-0.3333832	0.29852304	-0.38049275	-0.3033737	0.20855623	-0.07026847	-0.3582362	0.3003343	0.005889366	-0.3588242	0.07175613	0.28426057	0.17385647	-0.19577748	0.09932512	-0.3245576	-0.05773144	-0.12121119	-0.41192147
0.08057969	0.20309828	0.2767497	-0.41019398	-0.28517908	-0.15560849	0.0019778353	0.99999964	0.23659787	0.14225008	-0.018158363	0.16051301	-0.0010967359	0.10849343	0.12693176	-0.223525	0.24833895	-0.09796841	-0.07128678	0.24271837	-0.009651719	-0.36776552	-0.03316601	-0.29330906	0.1196549	-0.100990854	-0.057705186	-0.43155426	-0.33953112	-0.051131662
-0.0858737	0.19929503	0.21002266	-0.26474026	-0.23233785	-0.4360246	-0.21196902	0.23659787	0.99999976	0.052180145	-0.16069451	0.24472566	-0.13572483	0.21845302	0.20443535	-0.31007978	0.22435804	0.054699592	-0.30464226	0.21094485	0.14104757	-0.27331033	-0.12131083	-0.3586656	0.11495671	-0.04719354	0.04018698	-0.21150146	-0.08858892	0.09080819
0.14953884	0.020192131	0.12927237	-0.24063225	-0.19134144	0.098952934	0.25432375	0.14225008	0.052180145	0.9999996	0.23763303	-0.18512568	0.2468104	-0.23139548	-0.22835033	0.09511473	0.111241214	-0.49415556	0.18013357	0.099535435	-0.22083646	-0.12670141	0.19197679	0.021784687	-0.07729615	-0.01004599	-0.2730833	-0.21427606	-0.12346564	-0.41415286
0.21044816	-0.2604022	0.016930487	-0.060191408	-0.09910137	0.20355172	0.29615247	-0.018158363	-0.16069451	0.23763303	0.9999995	-0.22038738	0.25574166	-0.4012374	-0.33083814	0.17076768	-0.12137207	-0.37478605	0.26978147	0.043421138	-0.25085288	0.074922875	0.292477	0.20317073	-0.22541869	0.1493249	-0.41106966	-0.076905236	-0.09846199	-0.31436902
-0.1302009	0.1870921	0.16945077	-0.068503596	-0.13113794	-0.37516698	-0.3333832	0.16051301	0.24472566	-0.18512568	-0.22038738	0.99999964	-0.3325901	0.28328547	0.26463854	-0.49202397	0.1594814	0.21702302	-0.25907168	0.16839845	0.24134926	-0.18046884	-0.23822011	-0.2527904	0.18499528	-0.11271819	0.12982458	-0.19241953	-0.11966999	0.21315905
0.18381116	-0.059195608	-0.0837834	-0.1403652	-0.09807301	0.17758223	0.29852304	-0.0010967359	-0.13572483	0.2468104	0.25574166	-0.3325901	0.99999964	-0.36555362	-0.15233828	0.17580953	-0.011431082	-0.4009668	0.25187498	0.029814413	-0.28083873	0.09008943	0.23422003	0.08547357	-0.096766904	0.05109792	-0.36203998	0.0078049623	-0.14270824	-0.42512125
-0.14539811	0.18987893	0.12872483	-0.025755148	-0.08168401	-0.35574257	-0.38049275	0.10849343	0.21845302	-0.23139548	-0.4012374	0.28328547	-0.36555362	0.99999964	0.26027575	-0.23370034	0.15041868	0.24556962	-0.4226627	0.11067468	0.26610607	-0.14831634	-0.31430656	-0.17916784	0.18821691	-0.14578381	0.18145664	-0.10569595	-0.051223513	0.25661695
-0.057259858	0.17929251	0.034182705	0.009751842	-0.13788866	-0.37069842	-0.3033737	0.12693176	0.20443535	-0.22835033	-0.33083814	0.26463854	-0.15233828	0.26027575	0.9999995	-0.36402988	0.124532305	0.20910406	-0.3067967	0.14996178	0.22132775	-0.03563713	-0.27082965	-0.43266413	0.22547787	-0.18081792	0.1488758	-0.09746443	-0.08178956	0.19206233
0.0311559	-0.21439058	-0.1324031	0.087942556	0.1653831	0.28225708	0.20855623	-0.223525	-0.31007978	0.09511473	0.17076768	-0.49202397	0.17580953	-0.23370034	-0.36402988	0.9999995	-0.120915	-0.23820856	0.24615046	-0.32314733	-0.21863914	0.1166651	0.16709682	0.24112417	-0.2650913	0.123915516	-0.06909855	0.18827726	0.12364558	-0.2185337
-0.09324035	0.28443757	0.20766397	-0.2871316	-0.06135677	-0.25737453	-0.07026847	0.24833895	0.22435804	0.111241214	-0.12137207	0.1594814	-0.011431082	0.15041868	0.124532305	-0.120915	0.9999996	-0.03535629	-0.15153849	0.10267816	0.12808397	-0.48823228	-0.17928782	-0.30625734	0.20129801	-0.30143824	-0.007186977	-0.23580912	-0.13435173	-0.07995132
-0.21013704	0.047194045	-0.072915874	0.16133106	0.090530924	-0.22740377	-0.3582362	-0.09796841	0.054699592	-0.49415556	-0.37478605	0.21702302	-0.4009668	0.24556962	0.20910406	-0.23820856	-0.03535629	0.9999997	-0.29230532	-0.04416088	0.24282682	0.028438663	-0.21210232	-0.088522725	0.10888443	-0.028520992	0.24936481	0.0948103	0.12495422	0.30111107
0.1800171	-0.20629074	-0.08054416	-0.05592415	0.06224085	0.2871178	0.3003343	-0.07128678	-0.30464226	0.18013357	0.26978147	-0.25907168	0.25187498	-0.4226627	-0.3067967	0.24615046	-0.15153849	-0.29230532	0.99999976	-0.14638431	-0.3736959	0.0914347	0.27569932	0.21417286	-0.22492436	0.1213102	-0.21382661	0.05674342	-0.055691693	-0.37137452
0.13339072	0.1044741	0.23216936	-0.24456319	-0.4926191	-0.24541111	0.005889366	0.24271837	0.21094485	0.099535435	0.043421138	0.16839845	0.029814413	0.11067468	0.14996178	-0.32314733	0.10267816	-0.04416088	-0.14638431	0.9999997	0.02759757	-0.10368153	0.0050109965	-0.13810384	-0.0019821343	0.020117434	-0.18792641	-0.3640468	-0.38908386	-0.0056412267
-0.40278286	0.20376013	0.030427864	0.09854762	0.059119012	-0.32580402	-0.3588242	-0.009651719	0.14104757	-0.22083646	-0.25085288	0.24134926	-0.28083873	0.26610607	0.22132775	-0.21863914	0.12808397	0.24282682	-0.3736959	0.02759757	0.9999996	-0.112837695	-0.43242025	-0.20759417	0.22150463	-0.2512681	0.23594743	0.03388864	0.074047014	0.22053172
0.101953104	-0.27296892	-0.47873026	0.19977905	0.09551903	0.15960366	0.07175613	-0.36776552	-0.27331033	-0.12670141	0.074922875	-0.18046884	0.09008943	-0.14831634	-0.03563713	0.1166651	-0.48823228	0.028438663	0.0914347	-0.10368153	-0.112837695	0.99999946	0.09033065	0.16569108	-0.08303185	0.11791075	-0.052476376	0.18689443	0.12169046	0.011551439
0.26351243	-0.28349775	0.015487274	-0.09828802	-0.096772715	0.21804675	0.28426057	-0.03316601	-0.12131083	0.19197679	0.292477	-0.23822011	0.23422003	-0.31430656	-0.27082965	0.16709682	-0.17928782	-0.21210232	0.27569932	0.0050109965	-0.43242025	0.09033065	0.99999934	0.21167463	-0.24166836	0.19892819	-0.37418646	-0.09024335	-0.16399403	-0.2983821
0.12031505	-0.31598172	-0.088390745	0.07803	0.07146272	0.25109553	0.17385647	-0.29330906	-0.3586656	0.021784687	0.20317073	-0.2527904	0.08547357	-0.17916784	-0.43266413	0.24112417	-0.30625734	-0.088522725	0.21417286	-0.13810384	-0.20759417	0.16569108	0.21167463	0.99999934	-0.3637384	0.22006615	-0.20244348	0.12468823	0.09192663	-0.046828914
-0.15048322	0.2652265	0.058141503	-0.047545522	0.029930092	-0.17927255	-0.19577748	0.1196549	0.11495671	-0.07729615	-0.22541869	0.18499528	-0.096766904	0.18821691	0.22547787	-0.2650913	0.20129801	0.10888443	-0.22492436	-0.0019821343	0.22150463	-0.08303185	-0.24166836	-0.3637384	0.99999917	-0.6367321	0.122410454	-0.08718294	-0.049643483	0.08589007
0.1652452	-0.42429265	-0.057861652	0.0387561	-0.10443985	0.12190939	0.09932512	-0.100990854	-0.04719354	-0.01004599	0.1493249	-0.11271819	0.05109792	-0.14578381	-0.18081792	0.123915516	-0.30143824	-0.028520992	0.1213102	0.020117434	-0.2512681	0.11791075	0.19892819	0.22006615	-0.6367321	0.99999946	-0.08876535	0.0318778	0.027057735	0.004082314
-0.36019	0.087095946	-0.10256497	0.1917618	0.1868778	-0.06492067	-0.3245576	-0.057705186	0.04018698	-0.2730833	-0.41106966	0.12982458	-0.36203998	0.18145664	0.1488758	-0.06909855	-0.007186977	0.24936481	-0.21382661	-0.18792641	0.23594743	-0.052476376	-0.37418646	-0.20244348	0.122410454	-0.08876535	0.9999993	0.14767948	0.20328367	0.2273446
-0.23171252	-0.11760982	-0.36656848	0.27762643	0.2797767	0.121126	-0.05773144	-0.43155426	-0.21150146	-0.21427606	-0.076905236	-0.19241953	0.0078049623	-0.10569595	-0.09746443	0.18827726	-0.23580912	0.0948103	0.05674342	-0.3640468	0.03388864	0.18689443	-0.09024335	0.12468823	-0.08718294	0.0318778	0.14767948	0.99999917	0.28590435	0.043701548
-0.29711777	-0.17206502	-0.3292938	0.27318555	0.26304173	0.060982414	-0.12121119	-0.33953112	-0.08858892	-0.12346564	-0.09846199	-0.11966999	-0.14270824	-0.051223513	-0.08178956	0.12364558	-0.13435173	0.12495422	-0.055691693	-0.38908386	0.074047014	0.12169046	-0.16399403	0.09192663	-0.049643483	0.027057735	0.20328367	0.28590435	0.99999917	0.10824629
-0.09462067	0.018754851	-0.0065585715	0.11897609	0.011196057	-0.16536412	-0.41192147	-0.051131662	0.09080819	-0.41415286	-0.31436902	0.21315905	-0.42512125	0.25661695	0.19206233	-0.2185337	-0.07995132	0.30111107	-0.37137452	-0.0056412267	0.22053172	0.011551439	-0.2983821	-0.046828914	0.08589007	0.004082314	0.2273446	0.043701548	0.10824629	0.99999917
