1.0	0.07483172	0.026148826	0.19688657	0.13002391	-0.17914534	0.034885302	-0.07526437	0.044391517	-0.00586553	0.21335202	-0.2058099	-0.4315442	-0.42673987	0.2097582	-0.24066964	0.25761682	-0.08429196	-0.21678212	-0.42812553	0.06016935	0.13593546	0.17639548	-0.2625479	0.12575854	0.23818874	-0.058400944	-0.34288293	-0.07290605	0.10669377
0.07483172	1.0	0.1782087	0.09449804	-0.081070326	-0.2380999	-0.29667705	0.15782839	0.2852355	0.08099168	0.008036738	-0.09571607	-0.051701497	-0.19728082	-0.05188655	-0.36522657	0.17391004	-0.32840207	0.018554347	0.04015233	0.19454204	0.0019779552	-0.13754337	-0.05573477	0.15086927	0.12532791	-0.073038824	-0.11783874	-0.4965931	0.0018947026
0.026148826	0.1782087	1.0000002	-0.22684571	-0.22033165	-0.30035982	-0.48995188	0.2548715	0.25423977	0.2651605	-0.25485805	0.07515662	0.11094894	0.02058864	-0.22268851	-0.10376919	0.08364742	-0.40018082	0.17916638	0.122426964	0.22575013	-0.30220595	-0.23757444	0.17198439	0.19589537	0.0401777	-0.19431208	0.051852815	-0.023569206	-0.2795342
0.19688657	0.09449804	-0.22684571	1.0000001	0.25352165	0.0772996	0.13663635	-0.14122175	-0.0070740813	-0.20237422	0.29496303	-0.34486508	-0.34711742	-0.35240215	0.22996815	-0.21464741	0.18129306	0.009038193	-0.37451303	-0.17666945	-0.112637736	0.29654428	0.22030981	-0.35314947	-0.07317744	0.16290349	0.15753287	-0.32581884	-0.3096676	0.25084123
0.13002391	-0.081070326	-0.22033165	0.25352165	1.0000001	0.18996128	0.2084311	-0.21479738	-0.14864247	-0.405678	0.28598064	-0.32502574	-0.19602907	-0.21279812	0.19766998	-0.19217539	0.13091652	0.08247545	-0.37783396	-0.21439524	-0.26826882	0.28031304	0.23486541	-0.15852787	-0.28484	0.080823384	0.24899809	-0.21692306	-0.08787301	0.28127974
-0.17914534	-0.2380999	-0.30035982	0.0772996	0.18996128	1.0000001	0.21861331	-0.13186873	-0.27982014	-0.2919112	0.11179608	-0.01588401	-0.0085763065	0.087968476	0.06368574	0.08407295	-0.18822181	0.19035603	-0.09558543	0.02924378	-0.4213862	0.15775418	0.112791725	-0.042935833	-0.5044168	-0.2120283	0.28323793	0.06252371	0.081324935	0.15965743
0.034885302	-0.29667705	-0.48995188	0.13663635	0.2084311	0.21861331	0.99999994	-0.34408513	-0.381411	-0.3234752	0.19427373	-0.05168803	-0.17164639	-0.020462723	0.209662	0.07319189	-0.078913726	0.28541112	-0.26271975	-0.19986592	-0.2267823	0.2116316	0.26283097	-0.17829697	-0.1780506	-0.048291117	0.20739315	-0.06629681	0.06854186	0.2071438
-0.07526437	0.15782839	0.2548715	-0.14122175	-0.21479738	-0.13186873	-0.34408513	0.9999998	0.23415461	0.24252118	-0.23798026	0.14631099	0.16117369	0.069815755	-0.22935842	-0.005575198	-0.052622348	-0.3881306	0.20381173	0.20928644	0.18241823	-0.20103471	-0.44096017	0.205417	0.1293812	-0.09579843	-0.22074604	0.11094915	-0.105341054	-0.42308933
0.044391517	0.2852355	0.25423977	-0.0070740813	-0.14864247	-0.27982014	-0.381411	0.23415461	0.9999999	0.20190038	-0.099646665	-0.045908585	0.058631573	-0.09455848	-0.15839183	-0.27153474	0.16222748	-0.39557812	0.07572941	0.04245012	0.24585806	-0.09750117	-0.23695959	0.06878344	0.20903726	0.124853306	-0.28508785	-0.053506218	-0.30631202	-0.14550039
-0.00586553	0.08099168	0.2651605	-0.20237422	-0.405678	-0.2919112	-0.3234752	0.24252118	0.20190038	0.9999998	-0.25828242	0.17193411	0.16430598	0.09181322	-0.24315725	0.053524513	-0.032001648	-0.2715322	0.21922608	0.13780642	0.22221214	-0.3274402	-0.3339277	0.17702246	0.20032698	0.0064343405	-0.4435658	0.100360684	0.07640983	-0.27268258
0.21335202	0.008036738	-0.25485805	0.29496303	0.28598064	0.11179608	0.19427373	-0.23798026	-0.099646665	-0.25828242	0.9999998	-0.39529696	-0.3379303	-0.32869488	0.2756468	-0.2327336	0.18468176	0.07183166	-0.33109602	-0.3456442	-0.1353392	0.30241933	0.27793965	-0.32503092	-0.13106082	0.16993637	0.1730536	-0.32209024	-0.118658625	0.29048744
-0.2058099	-0.09571607	0.07515662	-0.34486508	-0.32502574	-0.01588401	-0.05168803	0.14631099	-0.045908585	0.17193411	-0.39529696	0.9999998	0.24544919	0.2805132	-0.266749	0.2472639	-0.368826	0.03989197	0.26558003	0.23977141	0.016737247	-0.2770799	-0.2230288	0.24476536	0.03158816	-0.31409585	-0.16401458	0.27686954	0.17531058	-0.36309987
-0.4315442	-0.051701497	0.11094894	-0.34711742	-0.19602907	-0.0085763065	-0.17164639	0.16117369	0.058631573	0.16430598	-0.3379303	0.24544919	0.9999999	0.25745457	-0.44604078	0.1669448	-0.30253652	-0.0693491	0.2334755	0.27931434	0.042072516	-0.22916955	-0.3383917	0.25850108	-0.053610325	-0.13504197	-0.10465969	0.29055664	0.12707974	-0.17252025
-0.42673987	-0.19728082	0.02058864	-0.35240215	-0.21279812	0.087968476	-0.020462723	0.069815755	-0.09455848	0.09181322	-0.32869488	0.2805132	0.25745457	0.99999994	-0.18341199	0.24110441	-0.30615038	0.079805955	0.25558215	0.24287802	-0.12973748	-0.24628697	-0.20815703	0.26202255	-0.09148976	-0.38540727	-0.011540852	0.29332983	0.20500149	-0.1927132
0.2097582	-0.05188655	-0.22268851	0.22996815	0.19766998	0.06368574	0.209662	-0.22935842	-0.15839183	-0.24315725	0.2756468	-0.266749	-0.44604078	-0.18341199	0.99999994	-0.043627955	0.14282916	0.15263827	-0.20384315	-0.4341674	-0.11610777	0.24763493	0.28298962	-0.35891286	-0.029965727	0.14025435	0.1105204	-0.4081281	-0.07678314	0.21002
-0.24066964	-0.36522657	-0.10376919	-0.21464741	-0.19217539	0.08407295	0.07319189	-0.005575198	-0.27153474	0.053524513	-0.2327336	0.2472639	0.1669448	0.24110441	-0.043627955	1.0	-0.43237156	0.19943678	0.13460991	0.12738669	-0.04242798	-0.17515786	-0.08651896	0.114241004	-0.07570295	-0.14930286	-0.050056357	0.2063629	0.24648675	-0.2130721
0.25761682	0.17391004	0.08364742	0.18129306	0.13091652	-0.18822181	-0.078913726	-0.052622348	0.16222748	-0.032001648	0.18468176	-0.368826	-0.30253652	-0.30615038	0.14282916	-0.43237156	1.0	-0.2260311	-0.15042017	-0.21433567	0.10716021	0.13356602	0.10263596	-0.12532134	0.12519701	0.21745026	-0.07878955	-0.41348147	-0.16151826	0.12846738
-0.08429196	-0.32840207	-0.40018082	0.009038193	0.08247545	0.19035603	0.28541112	-0.3881306	-0.39557812	-0.2715322	0.07183166	0.03989197	-0.0693491	0.079805955	0.15263827	0.19943678	-0.2260311	1.0000001	-0.05996313	-0.07620331	-0.20431274	0.09464528	0.1994506	-0.13428101	-0.10482663	-0.12530708	0.16224243	0.04633684	0.14159843	0.113292105
-0.21678212	0.018554347	0.17916638	-0.37451303	-0.37783396	-0.09558543	-0.26271975	0.20381173	0.07572941	0.21922608	-0.33109602	0.26558003	0.2334755	0.25558215	-0.20384315	0.13460991	-0.15042017	-0.05996313	1.0000002	0.25117373	0.033435117	-0.3795856	-0.324945	0.28569356	0.034098502	-0.33722928	-0.14231323	0.24317425	0.110160254	-0.28659585
-0.42812553	0.04015233	0.122426964	-0.17666945	-0.21439524	0.02924378	-0.19986592	0.20928644	0.04245012	0.13780642	-0.3456442	0.23977141	0.27931434	0.24287802	-0.4341674	0.12738669	-0.21433567	-0.07620331	0.25117373	1.0000001	0.023379575	-0.27191415	-0.34138942	0.2721502	-0.037891556	-0.30535185	-0.016601037	0.27381748	0.026458941	-0.25508898
0.06016935	0.19454204	0.22575013	-0.112637736	-0.26826882	-0.4213862	-0.2267823	0.18241823	0.24585806	0.22221214	-0.1353392	0.016737247	0.042072516	-0.12973748	-0.11610777	-0.04242798	0.10716021	-0.20431274	0.033435117	0.023379575	1.0000002	-0.12894727	-0.15036078	-0.01634489	0.29458645	0.18741484	-0.3961405	-0.08439494	-0.16581897	-0.23668127
0.13593546	0.0019779552	-0.30220595	0.29654428	0.28031304	0.15775418	0.2116316	-0.20103471	-0.09750117	-0.3274402	0.30241933	-0.2770799	-0.22916955	-0.24628697	0.24763493	-0.17515786	0.13356602	0.09464528	-0.3795856	-0.27191415	-0.12894727	1.0000004	0.25337726	-0.38042793	-0.17956384	0.14849131	0.18101507	-0.31268698	-0.21835531	0.28208542
0.17639548	-0.13754337	-0.23757444	0.22030981	0.23486541	0.112791725	0.26283097	-0.44096017	-0.23695959	-0.3339277	0.27793965	-0.2230288	-0.3383917	-0.20815703	0.28298962	-0.08651896	0.10263596	0.1994506	-0.324945	-0.34138942	-0.15036078	0.25337726	1.0000004	-0.33781677	-0.037856363	0.12093224	0.16552916	-0.22060047	-0.013205586	0.25924808
-0.2625479	-0.05573477	0.17198439	-0.35314947	-0.15852787	-0.042935833	-0.17829697	0.205417	0.06878344	0.17702246	-0.32503092	0.24476536	0.25850108	0.26202255	-0.35891286	0.114241004	-0.12532134	-0.13428101	0.28569356	0.2721502	-0.01634489	-0.38042793	-0.33781677	1.0000004	-0.022135932	-0.36098737	-0.058973737	0.25956026	0.14737938	-0.29605287
0.12575854	0.15086927	0.19589537	-0.07317744	-0.28484	-0.5044168	-0.1780506	0.1293812	0.20903726	0.20032698	-0.13106082	0.03158816	-0.053610325	-0.09148976	-0.029965727	-0.07570295	0.12519701	-0.10482663	0.034098502	-0.037891556	0.29458645	-0.17956384	-0.037856363	-0.022135932	1.0000004	0.15129091	-0.41516057	-0.06109718	-0.13681985	-0.23031642
0.23818874	0.12532791	0.0401777	0.16290349	0.080823384	-0.2120283	-0.048291117	-0.09579843	0.124853306	0.0064343405	0.16993637	-0.31409585	-0.13504197	-0.38540727	0.14025435	-0.14930286	0.21745026	-0.12530708	-0.33722928	-0.30535185	0.18741484	0.14849131	0.12093224	-0.36098737	0.15129091	1.0000005	-0.1622173	-0.27836865	-0.125888	0.120879136
-0.058400944	-0.073038824	-0.19431208	0.15753287	0.24899809	0.28323793	0.20739315	-0.22074604	-0.28508785	-0.4435658	0.1730536	-0.16401458	-0.10465969	-0.011540852	0.1105204	-0.050056357	-0.07878955	0.16224243	-0.14231323	-0.016601037	-0.3961405	0.18101507	0.16552916	-0.058973737	-0.41516057	-0.1622173	1.0000001	-0.00010593509	-0.035474587	0.22172353
-0.34288293	-0.11783874	0.051852815	-0.32581884	-0.21692306	0.06252371	-0.06629681	0.11094915	-0.053506218	0.100360684	-0.32209024	0.27686954	0.29055664	0.29332983	-0.4081281	0.2063629	-0.41348147	0.04633684	0.24317425	0.27381748	-0.08439494	-0.31268698	-0.22060047	0.25956026	-0.06109718	-0.27836865	-0.00010593509	1.0000002	0.1621932	-0.15360317
-0.07290605	-0.4965931	-0.023569206	-0.3096676	-0.08787301	0.081324935	0.06854186	-0.105341054	-0.30631202	0.07640983	-0.118658625	0.17531058	0.12707974	0.20500149	-0.07678314	0.24648675	-0.16151826	0.14159843	0.110160254	0.026458941	-0.16581897	-0.21835531	-0.013205586	0.14737938	-0.13681985	-0.125888	-0.035474587	0.1621932	1.0000002	-0.11311147
0.10669377	0.0018947026	-0.2795342	0.25084123	0.28127974	0.15965743	0.2071438	-0.42308933	-0.14550039	-0.27268258	0.29048744	-0.36309987	-0.17252025	-0.1927132	0.21002	-0.2130721	0.12846738	0.113292105	-0.28659585	-0.25508898	-0.23668127	0.28208542	0.25924808	-0.29605287	-0.23031642	0.120879136	0.22172353	-0.15360317	-0.11311147	1.0000002
