1.0000001	-0.44929168	0.11910134	-0.21340823	-0.23001277	-0.02610425	0.10395295	0.2539701	-0.3015858	0.11601769	0.14804113	0.23284645	-0.16854087	0.3122875	-0.23395532	0.22840449	-0.3913897	-0.39086652	-0.0065584243	0.27374706	0.26678726	0.049263462	-0.03847115	0.15658882	-0.030699903	-0.092698686	-0.30597854	-0.21270984	-0.39649555	0.22783898
-0.44929168	1.0000004	-0.18048961	0.15799777	0.25331536	-0.009897129	-0.14841878	-0.37801993	0.17351729	-0.005221801	-0.058701377	-0.18327849	0.0838796	-0.39118174	0.1837942	-0.214211	0.2565579	0.25341362	0.023603624	-0.37832677	-0.32545394	0.01900604	0.04607239	-0.11546059	0.023109214	0.11332515	0.22445303	0.06257787	0.27117065	-0.3077712
0.11910134	-0.18048961	1.0000004	0.052287504	-0.08953052	0.10910522	-0.20897093	0.15150805	0.031869825	0.0030117522	0.092707284	0.0888783	-0.0045476523	0.12797879	-0.15764819	0.15258577	-0.11170762	-0.13545217	0.1297496	0.12516886	0.012127849	-0.3543097	-0.44545537	0.068234116	-0.2897906	0.06063622	-0.16231616	0.024530808	-0.14675209	-0.062417757
-0.21340823	0.15799777	0.052287504	1.0	0.19829637	0.26572898	-0.1840368	-0.11190882	0.29202145	-0.2132146	-0.31740975	-0.37879896	0.23252901	-0.2959537	0.12723838	-0.28857523	0.24165505	0.21033871	0.22932185	-0.21682037	-0.37231094	-0.31774783	-0.26873058	-0.21959852	-0.2158841	0.15666372	0.21679282	0.26337412	0.23960942	-0.26936272
-0.23001277	0.25331536	-0.08953052	0.19829637	0.99999976	0.048412036	-0.18694489	-0.30410516	0.16672583	-0.0012887924	-0.08761501	-0.37469977	0.17157751	-0.34173045	0.13767815	-0.41110837	0.21536458	0.2184403	0.053843535	-0.34295157	-0.37668082	0.0067047924	0.040484104	-0.28764045	-0.06363221	0.18524006	0.16426177	0.090384334	0.28804392	-0.14074624
-0.02610425	-0.009897129	0.10910522	0.26572898	0.048412036	0.99999976	-0.07936425	0.028498232	0.22988178	-0.36028692	-0.34750876	-0.24021342	0.15745695	-0.11340296	0.040891968	-0.10174556	0.15277438	0.106939755	0.2622726	-0.116109505	-0.23453727	-0.36403137	-0.38958612	-0.07702606	-0.23247595	0.059482813	0.16551663	0.24456546	0.10606756	-0.28522348
0.10395295	-0.14841878	-0.20897093	-0.1840368	-0.18694489	-0.07936425	0.99999964	0.12016747	-0.27618554	0.12723759	0.12011644	0.11018223	-0.15639074	0.12435445	-0.14903301	0.17163235	-0.09518476	-0.0644106	-0.2558384	0.09599161	0.173606	0.15508303	0.14019893	0.17133953	0.1885008	-0.66263133	-0.12213719	-0.20972994	-0.112003356	0.10897069
0.2539701	-0.37801993	0.15150805	-0.11190882	-0.30410516	0.028498232	0.12016747	0.99999964	-0.18755795	0.06683643	0.15480807	0.13099214	0.0146147935	0.24307626	-0.4746414	0.23129083	-0.36644518	-0.30874157	0.012961264	0.28508246	0.20002313	-0.06509954	-0.054846607	0.018387627	-0.17082863	-0.12960798	-0.26769367	-0.052664578	-0.20077945	0.16080062
-0.3015858	0.17351729	0.031869825	0.29202145	0.16672583	0.22988178	-0.27618554	-0.18755795	0.9999997	-0.34285212	-0.2944197	-0.34253293	0.24049938	-0.3144056	0.12737192	-0.2161932	0.24385516	0.21838589	0.22639729	-0.13328677	-0.25115785	-0.25165802	-0.23824705	-0.28801918	-0.14290598	0.18755494	0.24481173	0.28805932	0.21401872	-0.3039075
0.11601769	-0.005221801	0.0030117522	-0.2132146	-0.0012887924	-0.36028692	0.12723759	0.06683643	-0.34285212	0.99999976	0.27374932	0.16505142	-0.2263535	0.14744808	-0.18310876	0.15821591	-0.25093612	-0.20852649	-0.34504685	0.06703953	0.15476461	0.23296939	0.16829523	0.118795134	0.12201193	-0.12953566	-0.25871533	-0.50012386	-0.08544889	0.1893009
0.14804113	-0.058701377	0.092707284	-0.31740975	-0.08761501	-0.34750876	0.12011644	0.15480807	-0.2944197	0.27374932	0.9999998	0.19854362	-0.17175587	0.19579144	-0.378962	0.21003926	-0.26119536	-0.19189966	-0.2328234	0.15821877	0.19783533	0.14680995	0.04696781	0.1118961	-0.0071588173	-0.100055344	-0.40398452	-0.27655295	-0.1342781	0.20887393
0.23284645	-0.18327849	0.0888783	-0.37879896	-0.37469977	-0.24021342	0.11018223	0.13099214	-0.34253293	0.16505142	0.19854362	0.9999998	-0.3211033	0.2856265	-0.08364563	0.26182944	-0.26829425	-0.308287	-0.18065631	0.2101804	0.28040883	0.12769198	0.03699356	0.23110974	0.10123374	-0.1221864	-0.19725299	-0.22032817	-0.44187695	0.20164253
-0.16854087	0.0838796	-0.0045476523	0.23252901	0.17157751	0.15745695	-0.15639074	0.0146147935	0.24049938	-0.2263535	-0.17175587	-0.3211033	0.9999999	-0.19408198	-0.03954349	-0.17818485	0.09056421	0.062026568	0.18374671	-0.03481353	-0.23881303	-0.11175699	-0.16291529	-0.59325755	-0.29992667	0.19278339	0.11238786	0.25265202	0.18309061	-0.0757506
0.3122875	-0.39118174	0.12797879	-0.2959537	-0.34173045	-0.11340296	0.12435445	0.24307626	-0.3144056	0.14744808	0.19579144	0.2856265	-0.19408198	0.9999998	-0.21450396	0.26926845	-0.35712665	-0.3505931	-0.10787723	0.27726904	0.29971397	0.086201444	-0.019133264	0.17929935	0.014464289	-0.11403457	-0.35454077	-0.21550062	-0.42810258	0.24947661
-0.23395532	0.1837942	-0.15764819	0.12723838	0.13767815	0.040891968	-0.14903301	-0.4746414	0.12737192	-0.18310876	-0.378962	-0.08364563	-0.03954349	-0.21450396	0.99999976	-0.26875675	0.2551657	0.23433062	-0.023647713	-0.37157756	-0.19993654	-0.011202007	0.074768305	0.01698791	0.15574393	0.09190302	0.24201629	0.10291635	0.15380733	-0.15438439
0.22840449	-0.214211	0.15258577	-0.28857523	-0.41110837	-0.10174556	0.17163235	0.23129083	-0.2161932	0.15821591	0.21003926	0.26182944	-0.17818485	0.26926845	-0.26875675	0.9999998	-0.27657437	-0.3746744	-0.21044594	0.23434061	0.25259173	0.035411604	-0.026784154	0.18937446	0.026939506	-0.31507656	-0.22208284	-0.19676122	-0.29481122	0.17414229
-0.3913897	0.2565579	-0.11170762	0.24165505	0.21536458	0.15277438	-0.09518476	-0.36644518	0.24385516	-0.25093612	-0.26119536	-0.26829425	0.09056421	-0.35712665	0.2551657	-0.27657437	0.9999998	0.3035952	0.08899214	-0.3491386	-0.39677426	-0.1280921	-0.08209222	-0.06975544	0.040958464	0.07699152	0.29127702	0.18972018	0.2624731	-0.3051393
-0.39086652	0.25341362	-0.13545217	0.21033871	0.2184403	0.106939755	-0.0644106	-0.30874157	0.21838589	-0.20852649	-0.19189966	-0.308287	0.062026568	-0.3505931	0.23433062	-0.3746744	0.3035952	0.9999999	0.06004921	-0.39636803	-0.21949078	-0.13728715	0.00604566	-0.061692674	0.073397346	0.057694476	0.27620938	0.1558979	0.26783517	-0.3562184
-0.0065584243	0.023603624	0.1297496	0.22932185	0.053843535	0.2622726	-0.2558384	0.012961264	0.22639729	-0.34504685	-0.2328234	-0.18065631	0.18374671	-0.10787723	-0.023647713	-0.21044594	0.08899214	0.06004921	0.9999999	0.038202014	-0.1312264	-0.36639005	-0.29104534	-0.10629444	-0.42451668	0.18684503	0.109534964	0.23825012	0.06763599	-0.22898634
0.27374706	-0.37832677	0.12516886	-0.21682037	-0.34295157	-0.116109505	0.09599161	0.28508246	-0.13328677	0.06703953	0.15821877	0.2101804	-0.03481353	0.27726904	-0.37157756	0.23434061	-0.3491386	-0.39636803	0.038202014	0.9999998	0.25222638	0.028659767	-0.041633755	0.048212964	-0.12777328	-0.095846795	-0.25788963	-0.07267247	-0.37145266	0.21239749
0.26678726	-0.32545394	0.012127849	-0.37231094	-0.37668082	-0.23453727	0.173606	0.20002313	-0.25115785	0.15476461	0.19783533	0.28040883	-0.23881303	0.29971397	-0.19993654	0.25259173	-0.39677426	-0.21949078	-0.1312264	0.25222638	0.9999998	0.1464604	0.07830239	0.1846141	0.10740175	-0.17198065	-0.29981858	-0.2503504	-0.3857795	0.24753529
0.049263462	0.01900604	-0.3543097	-0.31774783	0.0067047924	-0.36403137	0.15508303	-0.06509954	-0.25165802	0.23296939	0.14680995	0.12769198	-0.11175699	0.086201444	-0.011202007	0.035411604	-0.1280921	-0.13728715	-0.36639005	0.028659767	0.1464604	0.99999964	0.2864459	0.039763886	0.2127087	-0.097714	-0.12898842	-0.36278754	-0.084651865	0.20859993
-0.03847115	0.04607239	-0.44545537	-0.26873058	0.040484104	-0.38958612	0.14019893	-0.054846607	-0.23824705	0.16829523	0.04696781	0.03699356	-0.16291529	-0.019133264	0.074768305	-0.026784154	-0.08209222	0.00604566	-0.29104534	-0.041633755	0.07830239	0.2864459	0.99999964	0.032905106	0.23866346	-0.0942319	-0.01809044	-0.20290634	0.0375343	0.14058292
0.15658882	-0.11546059	0.068234116	-0.21959852	-0.28764045	-0.07702606	0.17133953	0.018387627	-0.28801918	0.118795134	0.1118961	0.23110974	-0.59325755	0.17929935	0.01698791	0.18937446	-0.06975544	-0.061692674	-0.10629444	0.048212964	0.1846141	0.039763886	0.032905106	0.99999964	0.158688	-0.30429357	-0.116185345	-0.3247437	-0.21555421	0.053390484
-0.030699903	0.023109214	-0.2897906	-0.2158841	-0.06363221	-0.23247595	0.1885008	-0.17082863	-0.14290598	0.12201193	-0.0071588173	0.10123374	-0.29992667	0.014464289	0.15574393	0.026939506	0.040958464	0.073397346	-0.42451668	-0.12777328	0.10740175	0.2127087	0.23866346	0.158688	0.9999997	-0.27925405	0.05388822	-0.18856588	-0.07709755	0.032872815
-0.092698686	0.11332515	0.06063622	0.15666372	0.18524006	0.059482813	-0.66263133	-0.12960798	0.18755494	-0.12953566	-0.100055344	-0.1221864	0.19278339	-0.11403457	0.09190302	-0.31507656	0.07699152	0.057694476	0.18684503	-0.095846795	-0.17198065	-0.097714	-0.0942319	-0.30429357	-0.27925405	0.99999964	0.0836637	0.17565104	0.12853427	-0.047758203
-0.30597854	0.22445303	-0.16231616	0.21679282	0.16426177	0.16551663	-0.12213719	-0.26769367	0.24481173	-0.25871533	-0.40398452	-0.19725299	0.11238786	-0.35454077	0.24201629	-0.22208284	0.29127702	0.27620938	0.109534964	-0.25788963	-0.29981858	-0.12898842	-0.01809044	-0.116185345	0.05388822	0.0836637	0.9999996	0.1967107	0.22304723	-0.48881269
-0.21270984	0.06257787	0.024530808	0.26337412	0.090384334	0.24456546	-0.20972994	-0.052664578	0.28805932	-0.50012386	-0.27655295	-0.22032817	0.25265202	-0.21550062	0.10291635	-0.19676122	0.18972018	0.1558979	0.23825012	-0.07267247	-0.2503504	-0.36278754	-0.20290634	-0.3247437	-0.18856588	0.17565104	0.1967107	0.99999976	0.16167562	-0.16049866
-0.39649555	0.27117065	-0.14675209	0.23960942	0.28804392	0.10606756	-0.112003356	-0.20077945	0.21401872	-0.08544889	-0.1342781	-0.44187695	0.18309061	-0.42810258	0.15380733	-0.29481122	0.2624731	0.26783517	0.06763599	-0.37145266	-0.3857795	-0.084651865	0.0375343	-0.21555421	-0.07709755	0.12853427	0.22304723	0.16167562	0.99999976	-0.22938125
0.22783898	-0.3077712	-0.062417757	-0.26936272	-0.14074624	-0.28522348	0.10897069	0.16080062	-0.3039075	0.1893009	0.20887393	0.20164253	-0.0757506	0.24947661	-0.15438439	0.17414229	-0.3051393	-0.3562184	-0.22898634	0.21239749	0.24753529	0.20859993	0.14058292	0.053390484	0.032872815	-0.047758203	-0.48881269	-0.16049866	-0.22938125	0.99999976
