1.0000001	-0.20521191	-0.15177709	-0.48651922	0.23174986	-0.2481365	-0.25409943	-0.37989268	0.23756523	-0.16359597	-0.20176038	-0.18007904	-0.10512073	-0.0947389	0.29197806	0.11259338	0.25417903	0.11503207	0.19012643	0.24435367	0.2372438	0.28679612	-0.307651	-0.22487476	0.2610232	0.2316491	0.20836082	-0.3019744	-0.3949384	-0.20224726
-0.20521191	1.0000005	0.21447882	0.22479802	-0.047482394	0.025055991	-0.03691432	0.24032614	-0.07523789	0.30013835	0.21210364	-0.019960232	0.21763562	-0.27183825	-0.30137888	0.036846597	-0.12445079	-0.30020458	-0.4095204	-0.28695846	-0.14101411	-0.14523032	0.075106144	-0.033886764	-0.06810186	-0.34772262	-0.065760925	0.09359114	0.17170268	0.06914113
-0.15177709	0.21447882	1.0000001	0.16821168	-0.074309856	0.18667129	0.16386609	0.17430423	-0.2703561	0.14795427	0.2824057	0.058948416	0.07854005	0.04319154	-0.098261714	-0.043328058	-0.27855223	-0.15197109	-0.5276581	-0.35849956	-0.053917937	-0.19778498	0.07829292	0.050641768	-0.13655211	-0.47548985	-0.31034923	0.20068999	0.16609368	0.11456824
-0.48651922	0.22479802	0.16821168	1.0000002	-0.11765609	0.16936342	0.13193013	0.29486272	-0.15506113	0.17380296	0.2205761	0.07607506	0.13131091	0.0057452936	-0.50392556	-0.030986473	-0.20372365	-0.2165804	-0.25917906	-0.22864622	-0.19171019	-0.36990282	0.17993379	0.098476775	-0.26913014	-0.21539494	-0.21904187	0.20558633	0.2611227	0.12570885
0.23174986	-0.047482394	-0.074309856	-0.11765609	1.0000002	-0.25515777	-0.2895933	-0.23954085	0.23667216	-0.05694141	-0.19975293	-0.3805357	-0.008889328	-0.06447443	0.13317607	0.22138298	0.25517583	0.057666842	0.09542806	0.18060763	0.30146948	0.2312165	-0.46622387	-0.3661224	0.2866069	0.14762418	0.1624404	-0.2565031	-0.31535444	-0.40263823
-0.2481365	0.025055991	0.18667129	0.16936342	-0.25515777	1.0000001	0.30584478	0.1442197	-0.34025672	-0.04871088	0.24050374	0.26149377	-0.16540642	0.21876845	-0.18159348	-0.33471495	-0.4157818	0.07708672	-0.21045834	-0.22655149	-0.23953721	-0.19822349	0.21714821	0.27148283	-0.27479938	-0.20054488	-0.5060682	0.2711266	0.20724267	0.24998283
-0.25409943	-0.03691432	0.16386609	0.13193013	-0.2895933	0.30584478	1.0000001	0.10270888	-0.44356024	-0.14306657	0.20489633	0.26211002	-0.22087766	0.2617124	-0.0854758	-0.26186946	-0.31175858	0.12173355	-0.15103619	-0.27907145	-0.18211134	-0.23459412	0.20722039	0.27268964	-0.29557592	-0.18479255	-0.40390685	0.28862017	0.21516936	0.23984529
-0.37989268	0.24032614	0.17430423	0.29486272	-0.23954085	0.1442197	0.10270888	1.0000001	-0.21695603	0.21113366	0.21375723	0.0613368	0.15441616	-0.05691194	-0.48143917	0.02757346	-0.24145514	-0.2329583	-0.1709055	-0.22074458	-0.1763454	-0.3314285	0.17765953	0.073953435	-0.19346078	-0.3209626	-0.20247819	0.20863582	0.27546686	0.10516748
0.23756523	-0.07523789	-0.2703561	-0.15506113	0.23667216	-0.34025672	-0.44356024	-0.21695603	1.0000001	0.0418182	-0.17962296	-0.26504764	0.12219412	-0.29316783	0.13074954	0.2280566	0.29635754	-0.07549638	0.15674745	0.24119261	0.19044302	0.2651491	-0.2814684	-0.2710405	0.27577266	0.20793054	0.27034673	-0.4555163	-0.32294273	-0.255224
-0.16359597	0.30013835	0.14795427	0.17380296	-0.05694141	-0.04871088	-0.14306657	0.21113366	0.0418182	1.0000001	0.14543116	-0.07124466	0.26430827	-0.41761842	-0.22143555	0.109780796	-0.035536785	-0.44532993	-0.30305248	-0.15760158	-0.13733399	-0.06802251	0.060084715	-0.112180956	0.006120732	-0.18259302	0.008817067	-0.011115228	0.10136924	0.0046670046
-0.20176038	0.21210364	0.2824057	0.2205761	-0.19975293	0.24050374	0.20489633	0.21375723	-0.17962296	0.14543116	1.0000001	0.1732838	0.037710145	0.077926256	-0.19546893	-0.19102128	-0.33537456	-0.1561356	-0.38265067	-0.4509381	-0.16709583	-0.3345691	0.15715681	0.15952471	-0.22940087	-0.40045685	-0.38846654	0.24942338	0.23740295	0.2006739
-0.18007904	-0.019960232	0.058948416	0.07607506	-0.3805357	0.26149377	0.26211002	0.0613368	-0.26504764	-0.07124466	0.1732838	1.0000002	-0.24672496	0.19297484	-0.033600613	-0.45548713	-0.31542286	0.10269597	-0.059462044	-0.146503	-0.3918961	-0.2690001	0.26588464	0.3174061	-0.36043155	-0.09684012	-0.223643	0.23671864	0.19286917	0.31412086
-0.10512073	0.21763562	0.07854005	0.13131091	-0.008889328	-0.16540642	-0.22087766	0.15441616	0.12219412	0.26430827	0.037710145	-0.24672496	1.0000002	-0.21889983	-0.20109193	0.2215732	0.076464355	-0.5656484	-0.14626604	-0.10564897	-0.0065948847	0.0125938095	-0.0059331357	-0.19288236	0.09515748	-0.16515261	0.1260622	-0.09884322	0.030994289	-0.11493981
-0.0947389	-0.27183825	0.04319154	0.0057452936	-0.06447443	0.21876845	0.2617124	-0.05691194	-0.29316783	-0.41761842	0.077926256	0.19297484	-0.21889983	1.0000002	0.011781369	-0.27802998	-0.20392515	0.20816138	0.022533324	-0.10924127	-0.039224587	-0.19430122	0.07005035	0.20531006	-0.2193759	-0.062877774	-0.2431161	0.20418896	0.0915756	0.15385942
0.29197806	-0.30137888	-0.098261714	-0.50392556	0.13317607	-0.18159348	-0.0854758	-0.48143917	0.13074954	-0.22143555	-0.19546893	-0.033600613	-0.20109193	0.011781369	1.0000002	-0.030664785	0.16920324	0.19054645	0.17406566	0.20842564	0.14631727	0.23310858	-0.18019085	-0.051903617	0.15494911	0.2183787	0.14572132	-0.20991369	-0.37748054	-0.05454146
0.11259338	0.036846597	-0.043328058	-0.030986473	0.22138298	-0.33471495	-0.26186946	0.02757346	0.2280566	0.109780796	-0.19102128	-0.45548713	0.2215732	-0.27802998	-0.030664785	1.0000002	0.24161959	-0.18267207	0.04116784	0.101193525	0.21937868	0.18315889	-0.2371397	-0.3472903	0.2616255	0.07154141	0.20854095	-0.25083643	-0.16664353	-0.47531408
0.25417903	-0.12445079	-0.27855223	-0.20372365	0.25517583	-0.4157818	-0.31175858	-0.24145514	0.29635754	-0.035536785	-0.33537456	-0.31542286	0.076464355	-0.20392515	0.16920324	0.24161959	1.0000002	-0.03082673	0.20604934	0.2528222	0.24206322	0.2686529	-0.2969041	-0.38550824	0.2996465	0.22773328	0.29516274	-0.37955198	-0.23816429	-0.2881455
0.11503207	-0.30020458	-0.15197109	-0.2165804	0.057666842	0.07708672	0.12173355	-0.2329583	-0.07549638	-0.44532993	-0.1561356	0.10269597	-0.5656484	0.20816138	0.19054645	-0.18267207	-0.03082673	1.0000002	0.18340452	0.12938012	0.07290631	0.05460176	-0.07637263	0.10231115	-0.039171536	0.16757089	-0.08323613	0.020665098	-0.06513904	0.018027268
0.19012643	-0.4095204	-0.5276581	-0.25917906	0.09542806	-0.21045834	-0.15103619	-0.1709055	0.15674745	-0.30305248	-0.38265067	-0.059462044	-0.14626604	0.022533324	0.17406566	0.04116784	0.20604934	0.18340452	1.0000001	0.26503688	0.13884914	0.17570207	-0.13718596	-0.07364878	0.14600387	0.28624845	0.1951692	-0.15179454	-0.13771492	-0.15594701
0.24435367	-0.28695846	-0.35849956	-0.22864622	0.18060763	-0.22655149	-0.27907145	-0.22074458	0.24119261	-0.15760158	-0.4509381	-0.146503	-0.10564897	-0.10924127	0.20842564	0.101193525	0.2528222	0.12938012	0.26503688	1.0000001	0.13504454	0.27296704	-0.12426105	-0.1378109	0.19092771	0.313008	0.23550743	-0.3907494	-0.37723964	-0.16995344
0.2372438	-0.14101411	-0.053917937	-0.19171019	0.30146948	-0.23953721	-0.18211134	-0.1763454	0.19044302	-0.13733399	-0.16709583	-0.3918961	-0.0065948847	-0.039224587	0.14631727	0.21937868	0.24206322	0.07290631	0.13884914	0.13504454	0.9999999	0.20230989	-0.5057861	-0.39066532	0.28624314	0.12413399	0.15130469	-0.16182607	-0.24538977	-0.41723362
0.28679612	-0.14523032	-0.19778498	-0.36990282	0.2312165	-0.19822349	-0.23459412	-0.3314285	0.2651491	-0.06802251	-0.3345691	-0.2690001	0.0125938095	-0.19430122	0.23310858	0.18315889	0.2686529	0.05460176	0.17570207	0.27296704	0.20230989	0.9999998	-0.19497642	-0.20196983	0.2680942	0.24901693	0.22728653	-0.42929542	-0.4402854	-0.32102838
-0.307651	0.075106144	0.07829292	0.17993379	-0.46622387	0.21714821	0.20722039	0.17765953	-0.2814684	0.060084715	0.15715681	0.26588464	-0.0059331357	0.07005035	-0.18019085	-0.2371397	-0.2969041	-0.07637263	-0.13718596	-0.12426105	-0.5057861	-0.19497642	0.9999999	0.28099883	-0.43659955	-0.10062086	-0.12697841	0.20873372	0.21879934	0.28126022
-0.22487476	-0.033886764	0.050641768	0.098476775	-0.3661224	0.27148283	0.27268964	0.073953435	-0.2710405	-0.112180956	0.15952471	0.3174061	-0.19288236	0.20531006	-0.051903617	-0.3472903	-0.38550824	0.10231115	-0.07364878	-0.1378109	-0.39066532	-0.20196983	0.28099883	0.99999994	-0.4349449	-0.07801053	-0.24750328	0.23574091	0.18486933	0.29687402
0.2610232	-0.06810186	-0.13655211	-0.26913014	0.2866069	-0.27479938	-0.29557592	-0.19346078	0.27577266	0.006120732	-0.22940087	-0.36043155	0.09515748	-0.2193759	0.15494911	0.2616255	0.2996465	-0.039171536	0.14600387	0.19092771	0.28624314	0.2680942	-0.43659955	-0.4349449	1.0000001	0.15864074	0.23196983	-0.31591326	-0.25201964	-0.39726886
0.2316491	-0.34772262	-0.47548985	-0.21539494	0.14762418	-0.20054488	-0.18479255	-0.3209626	0.20793054	-0.18259302	-0.40045685	-0.09684012	-0.16515261	-0.062877774	0.2183787	0.07154141	0.22773328	0.16757089	0.28624845	0.313008	0.12413399	0.24901693	-0.10062086	-0.07801053	0.15864074	1.0000001	0.21041813	-0.2666961	-0.3486322	-0.16705549
0.20836082	-0.065760925	-0.31034923	-0.21904187	0.1624404	-0.5060682	-0.40390685	-0.20247819	0.27034673	0.008817067	-0.38846654	-0.223643	0.1260622	-0.2431161	0.14572132	0.20854095	0.29516274	-0.08323613	0.1951692	0.23550743	0.15130469	0.22728653	-0.12697841	-0.24750328	0.23196983	0.21041813	1.0000001	-0.2744365	-0.17452583	-0.20754583
-0.3019744	0.09359114	0.20068999	0.20558633	-0.2565031	0.2711266	0.28862017	0.20863582	-0.4555163	-0.011115228	0.24942338	0.23671864	-0.09884322	0.20418896	-0.20991369	-0.25083643	-0.37955198	0.020665098	-0.15179454	-0.3907494	-0.16182607	-0.42929542	0.20873372	0.23574091	-0.31591326	-0.2666961	-0.2744365	1.0	0.2889475	0.24233049
-0.3949384	0.17170268	0.16609368	0.2611227	-0.31535444	0.20724267	0.21516936	0.27546686	-0.32294273	0.10136924	0.23740295	0.19286917	0.030994289	0.0915756	-0.37748054	-0.16664353	-0.23816429	-0.06513904	-0.13771492	-0.37723964	-0.24538977	-0.4402854	0.21879934	0.18486933	-0.25201964	-0.3486322	-0.17452583	0.2889475	1.0000001	0.21288012
-0.20224726	0.06914113	0.11456824	0.12570885	-0.40263823	0.24998283	0.23984529	0.10516748	-0.255224	0.0046670046	0.2006739	0.31412086	-0.11493981	0.15385942	-0.05454146	-0.47531408	-0.2881455	0.018027268	-0.15594701	-0.16995344	-0.41723362	-0.32102838	0.28126022	0.29687402	-0.39726886	-0.16705549	-0.20754583	0.24233049	0.21288012	1.0000001
