1.0000001	0.20401262	-0.36344284	-0.2875794	0.20298754	0.2122812	-0.15638107	0.15866901	0.246615	-0.42071128	-0.27873385	-0.4243904	0.035200335	0.015201703	0.102705576	-0.036660817	-0.21174654	0.21132262	-0.23971744	0.27868646	-0.16464289	0.07254098	-0.22719973	-0.17956357	-0.14938311	0.22172174	0.27163926	-0.30163822	0.097303644	0.110921755
0.20401262	1.0000004	-0.29768497	-0.3671813	0.20674695	0.10349431	-0.22846322	-0.08589066	0.23047335	-0.09764165	-0.3781471	-0.2635131	0.19865936	0.18454225	0.169858	0.14657488	-0.24158026	0.25266027	-0.5465796	0.21877627	-0.0043853344	-0.08768524	-0.07684633	-0.3174027	-0.14269292	0.09520214	0.1191085	-0.1546486	-0.009212193	0.16947384
-0.36344284	-0.29768497	1.0000004	0.12642963	-0.41188496	-0.3644452	0.088850096	-0.12513761	-0.20673421	0.21767016	0.20413157	0.29623508	-0.03444155	0.0175622	-0.046274576	0.00037668913	0.22059807	-0.15801789	0.20546012	-0.38274974	0.17233041	-0.09090672	0.18700717	0.27747592	0.075011276	-0.14635177	-0.4561508	0.23766361	-0.18160956	-0.06094445
-0.2875794	-0.3671813	0.12642963	1.0000001	-0.098386325	-0.02146198	0.26244113	0.043616064	-0.24854685	0.12158193	0.26690108	0.16919881	-0.23044589	-0.31526825	-0.32306337	-0.17201656	0.19300137	-0.42527354	0.25355026	-0.2578599	-0.075005665	0.12320242	0.07668469	0.1836185	0.23191606	-0.08880899	-0.052952636	0.17616218	0.111468345	-0.37588942
0.20298754	0.20674695	-0.41188496	-0.098386325	1.0	0.19318637	-0.11213662	0.07964917	0.21140078	-0.1080876	-0.35729632	-0.35134318	0.021631505	0.0047844993	0.039770816	0.059863806	-0.25522304	0.19619015	-0.15566789	0.26913616	-0.13835892	0.04629065	-0.1472464	-0.53455156	-0.05915356	0.14758356	0.24388553	-0.3742745	0.12650622	0.054028872
0.2122812	0.10349431	-0.3644452	-0.02146198	0.19318637	1.0	0.09305778	0.23825523	0.23320706	-0.34012598	-0.04522243	-0.23126796	-0.1354708	-0.2416523	-0.18559308	-0.11056991	-0.28073275	0.06052461	-0.23014022	0.2565198	-0.3328922	0.22469535	-0.37734127	-0.2361504	0.10761586	0.2614424	0.25067964	-0.24603653	0.27755976	-0.13337933
-0.15638107	-0.22846322	0.088850096	0.26244113	-0.11213662	0.09305778	1.0	0.19497238	-0.08193699	-0.057527024	0.26375285	0.13660559	-0.40879008	-0.41777655	-0.39908233	-0.35672772	0.043498684	-0.25895485	0.18879911	-0.11622873	-0.19207248	0.25069	-0.071794346	0.11005203	0.2834118	0.07598679	-0.03669897	0.062697545	0.21627417	-0.37648025
0.15866901	-0.08589066	-0.12513761	0.043616064	0.07964917	0.23825523	0.19497238	1.0	0.1232701	-0.34107608	0.06136014	-0.15146402	-0.32156318	-0.35185412	-0.17897803	-0.46896645	-0.17611364	-0.038189374	0.0029772185	0.15363711	-0.27202564	0.27511647	-0.31590223	-0.092096254	0.17285252	0.24133076	0.21147873	-0.1438237	0.28033543	-0.17440777
0.246615	0.23047335	-0.20673421	-0.24854685	0.21140078	0.23320706	-0.08193699	0.1232701	0.99999994	-0.3177316	-0.23580846	-0.33123535	0.08266595	0.029612616	0.05850083	0.0007527032	-0.5055463	0.22304177	-0.37661174	0.29990667	-0.24471036	0.062331412	-0.30694872	-0.25788254	-0.008843382	0.26576266	0.2189343	-0.3608377	0.14650856	0.050429147
-0.42071128	-0.09764165	0.21767016	0.12158193	-0.1080876	-0.34012598	-0.057527024	-0.34107608	-0.3177316	1.0	0.092166595	0.23788868	0.050768174	0.09736306	0.0269514	0.15105012	0.25292772	-0.17190872	0.16186947	-0.32111737	0.25510478	-0.20286402	0.28872058	0.15998735	-0.09167569	-0.37441227	-0.36748734	0.25602916	-0.19725204	0.039567135
-0.27873385	-0.3781471	0.20413157	0.26690108	-0.35729632	-0.04522243	0.26375285	0.06136014	-0.23580846	0.092166595	1.0	0.23193729	-0.25703487	-0.30455214	-0.21678558	-0.26952046	0.17909375	-0.39946547	0.2543059	-0.24026918	-0.00024587082	0.12707874	0.059372146	0.25486067	0.19579242	-0.055782065	-0.18055288	0.17925808	0.06432667	-0.21489403
-0.4243904	-0.2635131	0.29623508	0.16919881	-0.35134318	-0.23126796	0.13660559	-0.15146402	-0.33123535	0.23788868	0.23193729	1.0	-0.07950804	-0.06860339	-0.14294858	0.0052879364	0.24926646	-0.1522307	0.21619135	-0.28517348	0.15387157	-0.033133693	0.19411132	0.2503521	0.111066505	-0.2653672	-0.4748678	0.24667372	-0.1438252	-0.09978799
0.035200335	0.19865936	-0.03444155	-0.23044589	0.021631505	-0.1354708	-0.40879008	-0.32156318	0.08266595	0.050768174	-0.25703487	-0.07950804	1.0	0.30082804	0.2651101	0.27385855	-0.05015261	0.16635212	-0.30232793	0.021350838	0.18481436	-0.44834718	0.06910853	-0.027586449	-0.2015018	-0.069743626	-0.04788584	0.024209365	-0.30061552	0.2208913
0.015201703	0.18454225	0.0175622	-0.31526825	0.0047844993	-0.2416523	-0.41777655	-0.35185412	0.029612616	0.09736306	-0.30455214	-0.06860339	0.30082804	1.0000001	0.28909633	0.28921053	0.012999768	0.1960141	-0.18887207	0.0035375329	0.21602778	-0.32883015	0.13162018	-0.059677076	-0.2558194	-0.13171598	-0.074431226	0.007679657	-0.31930295	0.2623071
0.102705576	0.169858	-0.046274576	-0.32306337	0.039770816	-0.18559308	-0.39908233	-0.17897803	0.05850083	0.0269514	-0.21678558	-0.14294858	0.2651101	0.28909633	1.0000001	0.24489538	-0.08747822	0.21657653	-0.1577479	0.054794747	0.1965998	-0.36704168	0.09292171	-0.0670136	-0.43244448	-0.08889367	0.010791994	-0.07566941	-0.30103713	0.30151963
-0.036660817	0.14657488	0.00037668913	-0.17201656	0.059863806	-0.11056991	-0.35672772	-0.46896645	0.0007527032	0.15105012	-0.26952046	0.0052879364	0.27385855	0.28921053	0.24489538	1.0000001	0.025146961	0.17743425	-0.13898444	0.0023097931	0.21140021	-0.3513028	0.13182034	-0.10082994	-0.3295977	-0.21905343	-0.13070975	0.023968954	-0.30370927	0.24473679
-0.21174654	-0.24158026	0.22059807	0.19300137	-0.25522304	-0.28073275	0.043498684	-0.17611364	-0.5055463	0.25292772	0.17909375	0.24926646	-0.05015261	0.012999768	-0.08747822	0.025146961	1.0000002	-0.23529916	0.23397245	-0.38595864	0.1977587	-0.08317556	0.26863652	0.2465295	0.034416772	-0.42129618	-0.21142137	0.29445538	-0.19392829	-0.11260957
0.21132262	0.25266027	-0.15801789	-0.42527354	0.19619015	0.06052461	-0.25895485	-0.038189374	0.22304177	-0.17190872	-0.39946547	-0.1522307	0.16635212	0.1960141	0.21657653	0.17743425	-0.23529916	1.0000004	-0.26886317	0.24151072	-0.035243303	-0.05946801	-0.18417358	-0.3473017	-0.2640995	0.117345124	0.1027842	-0.3302275	-0.078563735	0.24555409
-0.23971744	-0.5465796	0.20546012	0.25355026	-0.15566789	-0.23014022	0.18879911	0.0029772185	-0.37661174	0.16186947	0.2543059	0.21619135	-0.30232793	-0.18887207	-0.1577479	-0.13898444	0.23397245	-0.26886317	1.0000002	-0.2648665	0.05080695	0.06500057	0.15561697	0.21158685	0.09430386	-0.1429461	-0.10935644	0.17736898	-0.02597863	-0.123108625
0.27868646	0.21877627	-0.38274974	-0.2578599	0.26913616	0.2565198	-0.11622873	0.15363711	0.29990667	-0.32111737	-0.24026918	-0.28517348	0.021350838	0.0035375329	0.054794747	0.0023097931	-0.38595864	0.24151072	-0.2648665	1.0000004	-0.24902798	0.09360197	-0.290281	-0.37467912	-0.04275232	0.25030583	0.26054057	-0.41812813	0.1534643	0.0710436
-0.16464289	-0.0043853344	0.17233041	-0.075005665	-0.13835892	-0.3328922	-0.19207248	-0.27202564	-0.24471036	0.25510478	-0.00024587082	0.15387157	0.18481436	0.21602778	0.1965998	0.21140021	0.1977587	-0.035243303	0.05080695	-0.24902798	1.0000004	-0.42884895	0.29244766	0.1454616	-0.2097386	-0.36753276	-0.3061994	0.21653874	-0.4375078	0.16530052
0.07254098	-0.08768524	-0.09090672	0.12320242	0.04629065	0.22469535	0.25069	0.27511647	0.062331412	-0.20286402	0.12707874	-0.033133693	-0.44834718	-0.32883015	-0.36704168	-0.3513028	-0.08317556	-0.05946801	0.06500057	0.09360197	-0.42884895	1.0000004	-0.27852592	-0.068977945	0.21262763	0.20898454	0.12970115	-0.1736207	0.29770994	-0.18680492
-0.22719973	-0.07684633	0.18700717	0.07668469	-0.1472464	-0.37734127	-0.071794346	-0.31590223	-0.30694872	0.28872058	0.059372146	0.19411132	0.06910853	0.13162018	0.09292171	0.13182034	0.26863652	-0.18417358	0.15561697	-0.290281	0.29244766	-0.27852592	1.0000004	0.19087243	-0.14045	-0.43496624	-0.23654732	0.2677888	-0.36366007	0.045184966
-0.17956357	-0.3174027	0.27747592	0.1836185	-0.53455156	-0.2361504	0.11005203	-0.092096254	-0.25788254	0.15998735	0.25486067	0.2503521	-0.027586449	-0.059677076	-0.0670136	-0.10082994	0.2465295	-0.3473017	0.21158685	-0.37467912	0.1454616	-0.068977945	0.19087243	1.0000005	0.10696398	-0.15584387	-0.29178113	0.26519766	-0.12764458	-0.16394134
-0.14938311	-0.14269292	0.075011276	0.23191606	-0.05915356	0.10761586	0.2834118	0.17285252	-0.008843382	-0.09167569	0.19579242	0.111066505	-0.2015018	-0.2558194	-0.43244448	-0.3295977	0.034416772	-0.2640995	0.09430386	-0.04275232	-0.2097386	0.21262763	-0.14045	0.10696398	1.0000004	0.075805314	-0.037432462	0.002485112	0.21616733	-0.5548242
0.22172174	0.09520214	-0.14635177	-0.08880899	0.14758356	0.2614424	0.07598679	0.24133076	0.26576266	-0.37441227	-0.055782065	-0.2653672	-0.069743626	-0.13171598	-0.08889367	-0.21905343	-0.42129618	0.117345124	-0.1429461	0.25030583	-0.36753276	0.20898454	-0.43496624	-0.15584387	0.075805314	1.0000005	0.2252217	-0.39737588	0.24205038	-0.068628535
0.27163926	0.1191085	-0.4561508	-0.052952636	0.24388553	0.25067964	-0.03669897	0.21147873	0.2189343	-0.36748734	-0.18055288	-0.4748678	-0.04788584	-0.074431226	0.010791994	-0.13070975	-0.21142137	0.1027842	-0.10935644	0.26054057	-0.3061994	0.12970115	-0.23654732	-0.29178113	-0.037432462	0.2252217	1.0000004	-0.23237854	0.20385194	-0.001728778
-0.30163822	-0.1546486	0.23766361	0.17616218	-0.3742745	-0.24603653	0.062697545	-0.1438237	-0.3608377	0.25602916	0.17925808	0.24667372	0.024209365	0.007679657	-0.07566941	0.023968954	0.29445538	-0.3302275	0.17736898	-0.41812813	0.21653874	-0.1736207	0.2677888	0.26519766	0.002485112	-0.39737588	-0.23237854	1.0000004	-0.17281911	-0.056668486
0.097303644	-0.009212193	-0.18160956	0.111468345	0.12650622	0.27755976	0.21627417	0.28033543	0.14650856	-0.19725204	0.06432667	-0.1438252	-0.30061552	-0.31930295	-0.30103713	-0.30370927	-0.19392829	-0.078563735	-0.02597863	0.1534643	-0.4375078	0.29770994	-0.36366007	-0.12764458	0.21616733	0.24205038	0.20385194	-0.17281911	1.0000004	-0.27682918
0.110921755	0.16947384	-0.06094445	-0.37588942	0.054028872	-0.13337933	-0.37648025	-0.17440777	0.050429147	0.039567135	-0.21489403	-0.09978799	0.2208913	0.2623071	0.30151963	0.24473679	-0.11260957	0.24555409	-0.123108625	0.0710436	0.16530052	-0.18680492	0.045184966	-0.16394134	-0.5548242	-0.068628535	-0.001728778	-0.056668486	-0.27682918	1.0000004
