1.0	0.16800533	0.25507668	0.2607906	-0.22959694	0.12923938	-0.09887692	-0.3383942	0.07373933	0.039994758	-0.21188568	-0.44365913	-0.35301837	0.14617644	-0.107625335	-0.2238578	0.22937642	-0.21083309	0.102211654	-0.42557356	0.14121224	0.062439334	0.2955049	-0.28448442	-0.19138806	0.23757735	-0.26385018	-0.31881368	0.26549205	0.29505613
0.16800533	0.99999994	0.22110443	0.19399932	-0.11177942	0.20448232	-0.2863562	0.002671863	0.15625453	0.18281174	-0.26076785	-0.18200515	-0.33123648	0.14169835	-0.48294386	-0.12771764	0.11605032	-0.33664563	0.26076254	-0.078342095	0.23265335	-0.02321451	0.070030354	-0.095549695	-0.39736375	0.011900256	-0.38254887	-0.29395598	0.20093583	0.22711599
0.25507668	0.22110443	1.0	0.28478226	-0.2006423	0.2441216	-0.33208188	-0.1388658	0.22591193	0.18105726	-0.34482968	-0.22956797	-0.27794644	0.21721442	-0.14371121	-0.37184197	0.20377207	-0.334785	0.19486423	-0.3177521	0.22053872	-0.085573815	0.2267521	-0.2691116	-0.36659342	0.14253575	-0.29660323	-0.39117274	0.23982659	0.24357802
0.2607906	0.19399932	0.28478226	0.9999998	-0.16759379	0.14795704	-0.318861	-0.08419826	0.14964576	0.098051764	-0.17502569	-0.458127	-0.18818383	0.11044713	-0.07455786	-0.22784121	0.18523926	-0.2712325	0.1190464	-0.41526794	0.1455506	0.023893604	0.21037357	-0.19381242	-0.2684275	0.13054717	-0.33453602	-0.3637803	0.21784891	0.26332155
-0.22959694	-0.11177942	-0.2006423	-0.16759379	0.9999999	-0.23602384	0.123274215	0.115688995	-0.25286707	-0.11995051	0.16182584	0.12999603	0.22103506	-0.16701528	0.04240395	0.20846118	-0.6584931	0.17063752	-7.224378e-5	0.11052833	-0.3713921	0.0999791	-0.13878563	0.15148275	0.20905188	-0.0584694	0.22396776	0.1666324	-0.2107638	-0.21148004
0.12923938	0.20448232	0.2441216	0.14795704	-0.23602384	0.9999997	-0.27542266	-0.13974413	0.28880775	0.2729268	-0.37565804	-0.07241113	-0.24968341	0.27221885	-0.23918782	-0.24420655	0.15986483	-0.3927165	0.20464973	-0.028836425	0.26220515	-0.38820824	0.10363771	-0.15012103	-0.37366	0.043324918	-0.2061178	-0.28306326	0.21200904	0.10966617
-0.09887692	-0.2863562	-0.33208188	-0.318861	0.123274215	-0.27542266	0.9999997	0.02143294	-0.45479977	-0.42823347	0.27355963	0.1174367	0.16221169	-0.25848648	0.25146407	0.24342917	-0.10330887	0.28840828	-0.34399453	0.05094369	-0.20999771	0.20092063	-0.09522579	0.13334402	0.26809624	0.019070907	0.21230617	0.19266288	-0.23442845	-0.118471496
-0.3383942	0.002671863	-0.1388658	-0.08419826	0.115688995	-0.13974413	0.02143294	0.99999964	-0.009033685	0.030040698	0.079441376	0.19655927	0.19665588	-0.2453115	-0.035500534	0.1405573	-0.18572854	0.08793693	0.03830362	0.18505539	-0.0044145677	-0.02482543	-0.48746568	0.2679813	0.009600646	-0.45870176	0.15930906	0.13353664	-0.3481792	-0.16435976
0.07373933	0.15625453	0.22591193	0.14964576	-0.25286707	0.28880775	-0.45479977	-0.009033685	0.9999997	0.29851678	-0.2717389	-0.022964658	-0.15845765	0.2531445	-0.22357343	-0.3201634	0.14613146	-0.3052873	0.20638363	-0.03849195	0.24079955	-0.45481372	0.0491397	-0.13556552	-0.29022026	-0.0064117895	-0.19078153	-0.14410275	0.14901213	0.04184436
0.039994758	0.18281174	0.18105726	0.098051764	-0.11995051	0.2729268	-0.42823347	0.030040698	0.29851678	0.9999997	-0.3631998	-0.03515098	-0.09210918	0.25045848	-0.34207067	-0.29556882	0.052103754	-0.2674929	0.26319036	0.08284624	0.2447219	-0.42446136	0.010674504	-0.12513782	-0.29757437	-0.068950385	-0.17482065	-0.13167472	0.13486584	0.0241909
-0.21188568	-0.26076785	-0.34482968	-0.17502569	0.16182584	-0.37565804	0.27355963	0.079441376	-0.2717389	-0.3631998	0.99999964	0.16578808	0.24620827	-0.37824744	0.2589986	0.28226006	-0.11929798	0.31111565	-0.36536488	0.047367085	-0.4153349	0.1885384	-0.15829785	0.20083103	0.29096612	-0.06889059	0.24867226	0.21174929	-0.2363865	-0.22235487
-0.44365913	-0.18200515	-0.22956797	-0.458127	0.12999603	-0.07241113	0.1174367	0.19655927	-0.022964658	-0.03515098	0.16578808	0.99999964	0.25461867	-0.13560309	0.08100015	0.1698487	-0.16019444	0.18320338	-0.13123605	0.25321686	-0.13081838	-0.08985681	-0.30631173	0.23009068	0.14880647	-0.23364043	0.25749254	0.27293223	-0.3704286	-0.4589668
-0.35301837	-0.33123648	-0.27794644	-0.18818383	0.22103506	-0.24968341	0.16221169	0.19665588	-0.15845765	-0.09210918	0.24620827	0.25461867	0.99999976	-0.23194309	0.1790713	0.23777236	-0.32060137	0.25352317	-0.21884891	0.17857756	-0.32372892	0.017004838	-0.2604648	0.2601423	0.24886598	-0.27166945	0.3110649	0.25925937	-0.3551652	-0.39290026
0.14617644	0.14169835	0.21721442	0.11044713	-0.16701528	0.27221885	-0.25848648	-0.2453115	0.2531445	0.25045848	-0.37824744	-0.13560309	-0.23194309	0.99999976	-0.2054221	-0.43134394	0.14155976	-0.3728541	0.21918227	0.0013902483	0.23869991	-0.3534804	0.15495145	-0.29391593	-0.19396746	0.115949884	-0.21659635	-0.10465328	0.2251054	0.100689255
-0.107625335	-0.48294386	-0.14371121	-0.07455786	0.04240395	-0.23918782	0.25146407	-0.035500534	-0.22357343	-0.34207067	0.2589986	0.08100015	0.1790713	-0.2054221	0.9999999	0.1558666	-0.011628443	0.25246564	-0.5451402	-0.046550002	-0.24688879	0.1408628	0.0013416595	0.08870447	0.24220145	0.051166505	0.17798571	0.14211395	-0.20562027	-0.15518214
-0.2238578	-0.12771764	-0.37184197	-0.22784121	0.20846118	-0.24420655	0.24342917	0.1405573	-0.3201634	-0.29556882	0.28226006	0.1698487	0.23777236	-0.43134394	0.1558666	0.99999994	-0.28883457	0.27558428	-0.27145225	0.117573455	-0.3130134	0.16461606	-0.25985152	0.2612894	0.2501449	-0.21791683	0.24892445	0.18086794	-0.17183343	-0.17170072
0.22937642	0.11605032	0.20377207	0.18523926	-0.6584931	0.15986483	-0.10330887	-0.18572854	0.14613146	0.052103754	-0.11929798	-0.16019444	-0.32060137	0.14155976	-0.011628443	-0.28883457	0.99999994	-0.17234007	0.0071169445	-0.21814919	0.20934425	-0.02162635	0.19255991	-0.21915138	-0.23016742	0.15299249	-0.31653967	-0.18002157	0.19913869	0.21087924
-0.21083309	-0.33664563	-0.334785	-0.2712325	0.17063752	-0.3927165	0.28840828	0.08793693	-0.3052873	-0.2674929	0.31111565	0.18320338	0.25352317	-0.3728541	0.25246564	0.27558428	-0.17234007	1.0	-0.3552809	0.10557196	-0.32521725	0.15675461	-0.19963776	0.20713961	0.29208654	-0.06271425	0.2635187	0.23879535	-0.3102464	-0.16939925
0.102211654	0.26076254	0.19486423	0.1190464	-7.224378e-5	0.20464973	-0.34399453	0.03830362	0.20638363	0.26319036	-0.36536488	-0.13123605	-0.21884891	0.21918227	-0.5451402	-0.27145225	0.0071169445	-0.3552809	1.0	0.014757018	0.22697921	-0.14798275	0.029462142	-0.18963127	-0.29078555	-0.005559752	-0.19498493	-0.11662414	0.1621209	0.12797306
-0.42557356	-0.078342095	-0.3177521	-0.41526794	0.11052833	-0.028836425	0.05094369	0.18505539	-0.03849195	0.08284624	0.047367085	0.25321686	0.17857756	0.0013902483	-0.046550002	0.117573455	-0.21814919	0.10557196	0.014757018	1.0000001	0.0080362195	-0.2199176	-0.36071497	0.17962122	0.091676414	-0.2735772	0.17679258	0.21644722	-0.11968748	-0.27749476
0.14121224	0.23265335	0.22053872	0.1455506	-0.3713921	0.26220515	-0.20999771	-0.0044145677	0.24079955	0.2447219	-0.4153349	-0.13081838	-0.32372892	0.23869991	-0.24688879	-0.3130134	0.20934425	-0.32521725	0.22697921	0.0080362195	1.0000001	-0.19922619	0.071212925	-0.16889243	-0.4211684	0.02230579	-0.33496454	-0.14416273	0.17731966	0.16768664
0.062439334	-0.02321451	-0.085573815	0.023893604	0.0999791	-0.38820824	0.20092063	-0.02482543	-0.45481372	-0.42446136	0.1885384	-0.08985681	0.017004838	-0.3534804	0.1408628	0.16461606	-0.02162635	0.15675461	-0.14798275	-0.2199176	-0.19922619	1.0000001	0.062913336	0.026793748	0.13189399	0.09003181	0.03946241	-0.008455186	-0.065231234	0.10082218
0.2955049	0.070030354	0.2267521	0.21037357	-0.13878563	0.10363771	-0.09522579	-0.48746568	0.0491397	0.010674504	-0.15829785	-0.30631173	-0.2604648	0.15495145	0.0013416595	-0.25985152	0.19255991	-0.19963776	0.029462142	-0.36071497	0.071212925	0.062913336	1.0000004	-0.3972008	-0.06874811	0.2837377	-0.2175871	-0.3031675	0.25813308	0.23307578
-0.28448442	-0.095549695	-0.2691116	-0.19381242	0.15148275	-0.15012103	0.13334402	0.2679813	-0.13556552	-0.12513782	0.20083103	0.23009068	0.2601423	-0.29391593	0.08870447	0.2612894	-0.21915138	0.20713961	-0.18963127	0.17962122	-0.16889243	0.026793748	-0.3972008	1.0000001	0.15097953	-0.51385427	0.2534145	0.19119264	-0.37809375	-0.18845555
-0.19138806	-0.39736375	-0.36659342	-0.2684275	0.20905188	-0.37366	0.26809624	0.009600646	-0.29022026	-0.29757437	0.29096612	0.14880647	0.24886598	-0.19396746	0.24220145	0.2501449	-0.23016742	0.29208654	-0.29078555	0.091676414	-0.4211684	0.13189399	-0.06874811	0.15097953	1.0000001	-0.06157206	0.27247286	0.22651348	-0.15632819	-0.2253311
0.23757735	0.011900256	0.14253575	0.13054717	-0.0584694	0.043324918	0.019070907	-0.45870176	-0.0064117895	-0.068950385	-0.06889059	-0.23364043	-0.27166945	0.115949884	0.051166505	-0.21791683	0.15299249	-0.06271425	-0.005559752	-0.2735772	0.02230579	0.09003181	0.2837377	-0.51385427	-0.06157206	1.0000004	-0.27013317	-0.09027654	0.19764431	0.16359107
-0.26385018	-0.38254887	-0.29660323	-0.33453602	0.22396776	-0.2061178	0.21230617	0.15930906	-0.19078153	-0.17482065	0.24867226	0.25749254	0.3110649	-0.21659635	0.17798571	0.24892445	-0.31653967	0.2635187	-0.19498493	0.17679258	-0.33496454	0.03946241	-0.2175871	0.2534145	0.27247286	-0.27013317	1.0000004	0.2672314	-0.354054	-0.35845456
-0.31881368	-0.29395598	-0.39117274	-0.3637803	0.1666324	-0.28306326	0.19266288	0.13353664	-0.14410275	-0.13167472	0.21174929	0.27293223	0.25925937	-0.10465328	0.14211395	0.18086794	-0.18002157	0.23879535	-0.11662414	0.21644722	-0.14416273	-0.008455186	-0.3031675	0.19119264	0.22651348	-0.09027654	0.2672314	1.0000004	-0.3770174	-0.44894448
0.26549205	0.20093583	0.23982659	0.21784891	-0.2107638	0.21200904	-0.23442845	-0.3481792	0.14901213	0.13486584	-0.2363865	-0.3704286	-0.3551652	0.2251054	-0.20562027	-0.17183343	0.19913869	-0.3102464	0.1621209	-0.11968748	0.17731966	-0.065231234	0.25813308	-0.37809375	-0.15632819	0.19764431	-0.354054	-0.3770174	1.0000002	0.2540552
0.29505613	0.22711599	0.24357802	0.26332155	-0.21148004	0.10966617	-0.118471496	-0.16435976	0.04184436	0.0241909	-0.22235487	-0.4589668	-0.39290026	0.100689255	-0.15518214	-0.17170072	0.21087924	-0.16939925	0.12797306	-0.27749476	0.16768664	0.10082218	0.23307578	-0.18845555	-0.2253311	0.16359107	-0.35845456	-0.44894448	0.2540552	1.0000002
