1.0000001	0.22077963	0.17850626	-0.06488818	-0.11287453	0.25214186	0.17415275	0.20824997	-0.28711602	-0.28307796	-0.3151656	-0.27462593	-0.14831674	0.17025742	-0.4698893	-0.18693718	-0.27925342	-0.10233678	0.13832082	-0.25414833	-0.0019071508	0.19054435	-0.0945861	0.25293395	-0.42534953	0.26935554	0.22518703	0.20762812	-0.029071804	-0.15848681
0.22077963	1.0000001	0.2614116	-0.14899157	0.107082404	0.2528374	0.171361	0.31225327	-0.03793541	-0.067815416	-0.30999675	-0.3360697	-0.33995914	0.30156553	-0.27055964	-0.19476125	-0.43149287	-0.121494286	0.23440069	-0.4738957	-0.20974468	0.29552504	-0.03161486	0.20133156	-0.26917744	0.13870016	0.2344181	0.1491904	-0.27899674	-0.35830432
0.17850626	0.2614116	1.0000002	-0.0083646085	-0.048794147	0.23463	0.19503231	0.27337646	0.0036998405	-0.11673727	-0.4425065	-0.16581865	-0.31274578	0.2589765	-0.24091887	-0.16340627	-0.36234528	-0.37158826	0.1923461	-0.4078637	-0.12263264	0.28007805	-0.23462676	0.20948498	-0.25416067	0.14611426	0.25548017	0.123419546	-0.09718573	-0.26281875
-0.06488818	-0.14899157	-0.0083646085	1.0000002	-0.24861793	-0.14249076	-0.05780595	-0.19743219	-0.018759914	-0.38437402	0.033263113	0.22037719	0.18324763	-0.1385474	-0.06930117	-0.09855858	0.106161855	-0.1624984	-0.1952079	0.17427199	0.26466256	-0.18377122	-0.34228238	0.00844688	0.12253914	0.011023139	-0.012061222	-0.10613866	0.27150604	0.1846211
-0.11287453	0.107082404	-0.048794147	-0.24861793	1.0000002	-0.08051946	-0.20958479	0.0842241	0.19377942	0.2511468	0.06372772	-0.14088435	-0.1092111	0.08612288	0.099339314	0.20546828	-0.06543725	0.19177794	0.0066542584	-0.121411994	-0.20396736	0.028343448	0.2516014	-0.1515842	0.078292035	-0.30454227	-0.103706665	-0.14169875	-0.45499393	-0.14969397
0.25214186	0.2528374	0.23463	-0.14249076	-0.08051946	1.0000001	0.2527117	0.25952667	-0.23598284	-0.098178186	-0.3468366	-0.36094886	-0.2772524	0.2717561	-0.33275956	-0.3369795	-0.31271583	-0.29059494	0.2641425	-0.2546104	-0.22684518	0.2745723	-0.124574855	0.28421822	-0.41057247	0.25916004	0.28438702	0.2712941	-0.13559628	-0.19388402
0.17415275	0.171361	0.19503231	-0.05780595	-0.20958479	0.2527117	1.0000001	0.21108699	-0.2944889	-0.18586746	-0.2283845	-0.2969397	-0.32657474	0.1947725	-0.11616348	-0.3745328	-0.16241188	-0.3057658	0.22171295	-0.1974921	-0.058611825	0.22432734	-0.323082	0.2612055	-0.26841608	0.24188988	0.28720716	0.24554521	-0.001658436	-0.27319956
0.20824997	0.31225327	0.27337646	-0.19743219	0.0842241	0.25952667	0.21108699	1.0000002	-0.07336709	-0.03918511	-0.34405908	-0.30103058	-0.38861474	0.30756697	-0.22090915	-0.12825511	-0.33441827	-0.16671592	0.25131467	-0.42349607	-0.24718061	0.30296293	-0.09030961	0.21629392	-0.31957632	0.13877249	0.25293162	0.17073157	-0.2723849	-0.4423113
-0.28711602	-0.03793541	0.0036998405	-0.018759914	0.19377942	-0.23598284	-0.2944889	-0.07336709	1.0000001	0.1305352	0.1302045	0.15015328	0.09165205	-0.08174926	0.1854979	0.2422503	0.12106042	0.1517001	-0.22659908	0.014942278	0.038859226	-0.069991805	0.1444368	-0.3331515	0.2262268	-0.36413434	-0.24365039	-0.56648654	-0.07366263	0.08211804
-0.28307796	-0.067815416	-0.11673727	-0.38437402	0.2511468	-0.098178186	-0.18586746	-0.03918511	0.1305352	1.0000001	0.13727371	-0.008758793	-0.026503252	-0.014101765	0.23502867	0.2294344	0.07413289	0.20809737	-0.015895806	0.0072723017	-0.21620427	-0.080496766	0.27441877	-0.2870271	0.09495749	-0.28907245	-0.18886903	-0.03484883	-0.26974118	-0.035512928
-0.3151656	-0.30999675	-0.4425065	0.033263113	0.06372772	-0.3468366	-0.2283845	-0.34405908	0.1302045	0.13727371	1.0000001	0.23762448	0.27513245	-0.3730221	0.26100326	0.24426179	0.3048179	0.24187276	-0.30257174	0.26257443	0.14893016	-0.33602846	0.17327043	-0.28111938	0.2613417	-0.2564452	-0.39713213	-0.17172307	0.08182458	0.24789658
-0.27462593	-0.3360697	-0.16581865	0.22037719	-0.14088435	-0.36094886	-0.2969397	-0.30103058	0.15015328	-0.008758793	0.23762448	1.0000001	0.29152608	-0.27598673	0.1669999	0.1501411	0.27874196	0.093864344	-0.35147583	0.26448175	0.24321017	-0.33001748	-0.019488458	-0.22676854	0.24454355	-0.15222456	-0.32870013	-0.2819096	0.22226769	0.28774905
-0.14831674	-0.33995914	-0.31274578	0.18324763	-0.1092111	-0.2772524	-0.32657474	-0.38861474	0.09165205	-0.026503252	0.27513245	0.29152608	1.0000001	-0.402184	0.16307586	0.18143307	0.29548585	0.15953086	-0.34925073	0.29236844	0.24905908	-0.39529777	0.06265632	-0.20630537	0.2292691	-0.19783969	-0.2981767	-0.21083453	0.2076316	0.3070294
0.17025742	0.30156553	0.2589765	-0.1385474	0.08612288	0.2717561	0.1947725	0.30756697	-0.08174926	-0.014101765	-0.3730221	-0.27598673	-0.402184	1.0000001	-0.19562542	-0.24908622	-0.39831504	-0.17393278	0.28182584	-0.3056147	-0.3529064	0.29640087	-0.064358495	0.2203854	-0.2922618	0.15117505	0.25911656	0.19078682	-0.27731523	-0.395653
-0.4698893	-0.27055964	-0.24091887	-0.06930117	0.099339314	-0.33275956	-0.11616348	-0.22090915	0.1854979	0.23502867	0.26100326	0.1669999	0.16307586	-0.19562542	1.0000001	0.23394297	0.24662079	0.19295344	-0.12841521	0.17986223	0.011961042	-0.2767368	0.16686718	-0.41366062	0.25410938	-0.37939715	-0.2483678	-0.17821223	0.0137572875	0.12993601
-0.18693718	-0.19476125	-0.16340627	-0.09855858	0.20546828	-0.3369795	-0.3745328	-0.12825511	0.2422503	0.2294344	0.24426179	0.1501411	0.18143307	-0.24908622	0.23394297	1.0000002	0.20351823	0.25999874	-0.28283834	0.10874813	0.016173529	-0.20634617	0.25620422	-0.3235972	0.22850874	-0.42948246	-0.33856007	-0.26445007	-0.09891147	0.116654046
-0.27925342	-0.43149287	-0.36234528	0.106161855	-0.06543725	-0.31271583	-0.16241188	-0.33441827	0.12106042	0.07413289	0.3048179	0.27874196	0.29548585	-0.39831504	0.24662079	0.20351823	1.0000002	0.18443893	-0.3348994	0.29303074	0.20612611	-0.3588262	0.09244338	-0.28837043	0.25903755	-0.21162705	-0.32779878	-0.25994343	0.18069424	0.2815861
-0.10233678	-0.121494286	-0.37158826	-0.1624984	0.19177794	-0.29059494	-0.3057658	-0.16671592	0.1517001	0.20809737	0.24187276	0.093864344	0.15953086	-0.17393278	0.19295344	0.25999874	0.18443893	1.0000004	-0.1252769	0.11126694	-0.0035216124	-0.29260162	0.27881742	-0.34435648	0.17796455	-0.16568427	-0.3707259	-0.2528508	-0.116417296	0.114111096
0.13832082	0.23440069	0.1923461	-0.1952079	0.0066542584	0.2641425	0.22171295	0.25131467	-0.22659908	-0.015895806	-0.30257174	-0.35147583	-0.34925073	0.28182584	-0.12841521	-0.28283834	-0.3348994	-0.1252769	1.0000002	-0.22901674	-0.44934756	0.26967552	-0.13156226	0.2278785	-0.15842666	0.18141562	0.24801481	0.2381057	-0.2036639	-0.27132374
-0.25414833	-0.4738957	-0.4078637	0.17427199	-0.121411994	-0.2546104	-0.1974921	-0.42349607	0.014942278	0.0072723017	0.26257443	0.26448175	0.29236844	-0.3056147	0.17986223	0.10874813	0.29303074	0.11126694	-0.22901674	1.0000001	0.2043313	-0.39380926	0.019526688	-0.13374907	0.22314164	-0.12997012	-0.184353	-0.1451941	0.21748984	0.28136262
-0.0019071508	-0.20974468	-0.12263264	0.26466256	-0.20396736	-0.22684518	-0.058611825	-0.24718061	0.038859226	-0.21620427	0.14893016	0.24321017	0.24905908	-0.3529064	0.011961042	0.016173529	0.20612611	-0.0035216124	-0.44934756	0.2043313	1.0000002	-0.29085934	-0.16265886	-0.12431583	0.11178507	-0.02584485	-0.119917974	-0.19131492	0.27420518	0.23850116
0.19054435	0.29552504	0.28007805	-0.18377122	0.028343448	0.2745723	0.22432734	0.30296293	-0.069991805	-0.080496766	-0.33602846	-0.33001748	-0.39529777	0.29640087	-0.2767368	-0.20634617	-0.3588262	-0.29260162	0.26967552	-0.39380926	-0.29085934	1.0000002	-0.112649605	0.2407968	-0.17784135	0.15796088	0.27154785	0.17535327	-0.16047975	-0.34230238
-0.0945861	-0.03161486	-0.23462676	-0.34228238	0.2516014	-0.124574855	-0.323082	-0.09030961	0.1444368	0.27441877	0.17327043	-0.019488458	0.06265632	-0.064358495	0.16686718	0.25620422	0.09244338	0.27881742	-0.13156226	0.019526688	-0.16265886	-0.112649605	1.0000004	-0.28398544	0.08463872	-0.20525455	-0.25928736	-0.09316872	-0.26417485	0.032813665
0.25293395	0.20133156	0.20948498	0.00844688	-0.1515842	0.28421822	0.2612055	0.21629392	-0.3331515	-0.2870271	-0.28111938	-0.22676854	-0.20630537	0.2203854	-0.41366062	-0.3235972	-0.28837043	-0.34435648	0.2278785	-0.13374907	-0.12431583	0.2407968	-0.28398544	1.0000004	-0.2864806	0.27686524	0.30105653	0.25176322	-0.021415394	-0.24673621
-0.42534953	-0.26917744	-0.25416067	0.12253914	0.078292035	-0.41057247	-0.26841608	-0.31957632	0.2262268	0.09495749	0.2613417	0.24454355	0.2292691	-0.2922618	0.25410938	0.22850874	0.25903755	0.17796455	-0.15842666	0.22314164	0.11178507	-0.17784135	0.08463872	-0.2864806	1.0000001	-0.35063335	-0.27025977	-0.3836445	0.060989577	0.20949234
0.26935554	0.13870016	0.14611426	0.011023139	-0.30454227	0.25916004	0.24188988	0.13877249	-0.36413434	-0.28907245	-0.2564452	-0.15222456	-0.19783969	0.15117505	-0.37939715	-0.42948246	-0.21162705	-0.16568427	0.18141562	-0.12997012	-0.02584485	0.15796088	-0.20525455	0.27686524	-0.35063335	0.99999994	0.23894505	0.24269745	0.07517442	-0.06704976
0.22518703	0.2344181	0.25548017	-0.012061222	-0.103706665	0.28438702	0.28720716	0.25293162	-0.24365039	-0.18886903	-0.39713213	-0.32870013	-0.2981767	0.25911656	-0.2483678	-0.33856007	-0.32779878	-0.3707259	0.24801481	-0.184353	-0.119917974	0.27154785	-0.25928736	0.30105653	-0.27025977	0.23894505	0.9999999	0.24078284	-0.046814118	-0.3606553
0.20762812	0.1491904	0.123419546	-0.10613866	-0.14169875	0.2712941	0.24554521	0.17073157	-0.56648654	-0.03484883	-0.17172307	-0.2819096	-0.21083453	0.19078682	-0.17821223	-0.26445007	-0.25994343	-0.2528508	0.2381057	-0.1451941	-0.19131492	0.17535327	-0.09316872	0.25176322	-0.3836445	0.24269745	0.24078284	0.9999996	-0.035978705	-0.18886545
-0.029071804	-0.27899674	-0.09718573	0.27150604	-0.45499393	-0.13559628	-0.001658436	-0.2723849	-0.07366263	-0.26974118	0.08182458	0.22226769	0.2076316	-0.27731523	0.0137572875	-0.09891147	0.18069424	-0.116417296	-0.2036639	0.21748984	0.27420518	-0.16047975	-0.26417485	-0.021415394	0.060989577	0.07517442	-0.046814118	-0.035978705	0.9999996	0.23296495
-0.15848681	-0.35830432	-0.26281875	0.1846211	-0.14969397	-0.19388402	-0.27319956	-0.4423113	0.08211804	-0.035512928	0.24789658	0.28774905	0.3070294	-0.395653	0.12993601	0.116654046	0.2815861	0.114111096	-0.27132374	0.28136262	0.23850116	-0.34230238	0.032813665	-0.24673621	0.20949234	-0.06704976	-0.3606553	-0.18886545	0.23296495	0.9999996
