1.0000001	0.0076705115	0.09991108	0.19268148	0.094900005	0.06309849	-0.20304754	-0.326024	-0.29158252	-0.11092477	0.1314026	-0.14216135	0.057320848	0.23049846	-0.259939	-0.010838895	-0.0055219573	-0.011226826	-0.20993465	-0.111880414	-0.38587382	-0.25533563	0.18207906	-0.0025815358	0.1283753	0.25336033	-0.05643614	-0.013300369	-0.23917107	0.19454986
0.0076705115	1.0000001	0.2751848	-0.055534758	-0.21504477	-0.20654857	-0.26335812	-0.29497445	-0.11075223	0.22144853	-0.34263653	-0.077032134	0.29244587	-0.0028613876	-0.2017465	0.28342664	0.28513664	0.19161807	-0.36057878	-0.41582155	0.13488814	0.20564121	-0.0009206724	-0.29582885	-0.008337245	0.094667554	-0.25560293	0.2070238	0.10013816	-0.19164139
0.09991108	0.2751848	1.0000002	-0.084457405	-0.2068692	-0.23109476	-0.29127598	-0.25929922	-0.24092923	0.18749861	-0.22181322	-0.032753695	0.28707278	0.030084932	-0.10676882	0.24677314	0.28414154	0.19778688	-0.4150686	-0.3262344	0.040072232	0.14821695	-0.067554444	-0.42814744	0.026059518	0.15925696	-0.1532008	0.21790542	-0.0060032434	-0.12842621
0.19268148	-0.055534758	-0.084457405	1.0000002	0.22741593	0.03858625	-0.17727466	-0.16775548	0.013821861	-0.1488536	0.14448528	-0.26733205	-0.09163788	0.29630202	-0.32359567	-0.0138249695	-0.12303731	-0.3345555	-0.11539607	-0.036142666	-0.2863168	-0.29222423	0.26809174	0.1834772	0.18135214	0.049118947	0.10980449	-0.2926412	-0.1823341	0.28784692
0.094900005	-0.21504477	-0.2068692	0.22741593	1.0	0.18724558	0.07656109	0.05695714	0.10595741	-0.24841945	0.2822258	-0.049141075	-0.27547887	0.17105094	-0.0713149	-0.28365603	-0.3521621	-0.33837456	0.11488667	0.14002968	-0.32960296	-0.37984642	0.1393173	0.26825136	0.11078013	-0.030421037	0.19235086	-0.32681754	-0.3263862	0.2656966
0.06309849	-0.20654857	-0.23109476	0.03858625	0.18724558	0.99999994	0.18366368	-0.0012168942	-0.08599781	-0.45433104	0.19951348	0.13999897	-0.3676907	-0.027818615	0.032815292	-0.32361174	-0.36394972	-0.079826705	0.18970245	0.21870372	-0.105323754	-0.36149764	0.060514614	0.1616369	-0.07382241	0.108393475	0.043426935	-0.061875492	-0.025312815	0.14267436
-0.20304754	-0.26335812	-0.29127598	-0.17727466	0.07656109	0.18366368	0.9999999	0.2595187	0.14578494	-0.17161483	0.12572306	0.13001463	-0.26596367	-0.209313	0.27924025	-0.36136606	-0.24034216	-0.048675954	0.26814327	0.28020462	0.016002616	-0.0937219	-0.29312146	0.1334529	-0.13533667	-0.15699181	0.13135271	-0.09440214	0.040912893	-0.06469417
-0.326024	-0.29497445	-0.25929922	-0.16775548	0.05695714	-0.0012168942	0.2595187	0.99999976	0.23328015	0.036815442	0.08165917	0.087453365	-0.18775651	-0.16743214	0.2711878	-0.17765994	-0.18767829	-0.085463725	0.23841783	0.21588653	0.072524555	-0.0071960413	-0.30004838	0.12593822	-0.07239946	-0.3642466	0.15422474	-0.14885376	0.0100017665	-0.095788
-0.29158252	-0.11075223	-0.24092923	0.013821861	0.10595741	-0.08599781	0.14578494	0.23328015	0.9999997	0.0069444394	0.08677729	-0.18171668	-0.122409776	-0.018526103	0.14510265	-0.20187601	-0.083877996	-0.21238938	0.11712902	0.12452957	0.022190925	0.029916175	-0.07027071	0.18626577	0.13441741	-0.53103757	0.25477093	-0.31172672	-0.12402543	-0.019700954
-0.11092477	0.22144853	0.18749861	-0.1488536	-0.24841945	-0.45433104	-0.17161483	0.036815442	0.0069444394	0.99999964	-0.28977343	-0.027856128	0.23998258	-0.19495381	0.03863971	0.2240411	0.25614497	0.1934643	-0.14962196	-0.26082826	0.19364937	0.2782884	-0.18778846	-0.29552642	-0.03138228	-0.10143194	-0.1858277	0.17455217	0.11898226	-0.31125003
0.1314026	-0.34263653	-0.22181322	0.14448528	0.2822258	0.19951348	0.12572306	0.08165917	0.08677729	-0.28977343	0.9999997	-0.113171995	-0.29322696	0.12500906	0.048455134	-0.39785108	-0.29204863	-0.16041222	0.110276036	0.18612646	-0.350933	-0.32255474	0.07415036	0.22909087	0.15984192	-0.0025408727	0.18463653	-0.24981177	-0.3468202	0.21429583
-0.14216135	-0.077032134	-0.032753695	-0.26733205	-0.049141075	0.13999897	0.13001463	0.087453365	-0.18171668	-0.027856128	-0.113171995	0.9999996	-0.08202416	-0.36251923	0.1378619	-0.016784443	-0.09075534	0.128562	0.1859815	0.09526594	0.16487873	0.016287297	-0.18309171	-0.045394126	-0.51997006	0.06946954	-0.21275097	0.1527008	0.21227653	-0.116230965
0.057320848	0.29244587	0.28707278	-0.09163788	-0.27547887	-0.3676907	-0.26596367	-0.18775651	-0.122409776	0.23998258	-0.29322696	-0.08202416	0.99999964	0.011225631	-0.18886974	0.27993476	0.29250613	0.16349109	-0.30891886	-0.48761624	0.06852866	0.20552973	-0.014853621	-0.3083742	-0.002265204	0.09096281	-0.13893494	0.18896267	0.07040801	-0.11228595
0.23049846	-0.0028613876	0.030084932	0.29630202	0.17105094	-0.027818615	-0.209313	-0.16743214	-0.018526103	-0.19495381	0.12500906	-0.36251923	0.011225631	0.99999964	-0.3433189	0.014148158	-0.015484687	-0.20053957	-0.15867576	-0.13000786	-0.36096063	-0.2137865	0.23979422	0.11501038	0.20377533	0.057799228	0.09264643	-0.2537275	-0.18238719	0.2550485
-0.259939	-0.2017465	-0.10676882	-0.32359567	-0.0713149	0.032815292	0.27924025	0.2711878	0.14510265	0.03863971	0.048455134	0.1378619	-0.18886974	-0.3433189	0.99999964	-0.24608238	-0.08860121	0.04739846	0.19923986	0.22266212	0.11821362	0.07015952	-0.43185472	-0.0019758593	-0.079115905	-0.20305222	0.08253968	-0.009985159	0.0652236	-0.20243616
-0.010838895	0.28342664	0.24677314	-0.0138249695	-0.28365603	-0.32361174	-0.36136606	-0.17765994	-0.20187601	0.2240411	-0.39785108	-0.016784443	0.27993476	0.014148158	-0.24608238	0.9999996	0.2593603	0.16324009	-0.23660567	-0.315943	0.13688058	0.19610475	0.045335773	-0.24669616	-0.040027358	0.10005958	-0.29441583	0.19059366	0.120857015	-0.0934309
-0.0055219573	0.28513664	0.28414154	-0.12303731	-0.3521621	-0.36394972	-0.24034216	-0.18767829	-0.083877996	0.25614497	-0.29204863	-0.09075534	0.29250613	-0.015484687	-0.08860121	0.2593603	0.9999996	0.19163594	-0.35484955	-0.2508959	0.15302154	0.2476612	-0.13855718	-0.32580295	0.0043461653	0.032240834	-0.113464594	0.20223738	0.07604662	-0.25737435
-0.011226826	0.19161807	0.19778688	-0.3345555	-0.33837456	-0.079826705	-0.048675954	-0.085463725	-0.21238938	0.1934643	-0.16041222	0.128562	0.16349109	-0.20053957	0.04739846	0.16324009	0.19163594	0.9999997	-0.1233459	-0.11108561	0.15388659	0.17337938	-0.21746294	-0.3825169	-0.109307386	0.12996542	-0.45320025	0.3091161	0.16714811	-0.34225595
-0.20993465	-0.36057878	-0.4150686	-0.11539607	0.11488667	0.18970245	0.26814327	0.23841783	0.11712902	-0.14962196	0.110276036	0.1859815	-0.30891886	-0.15867576	0.19923986	-0.23660567	-0.35484955	-0.1233459	0.99999964	0.25627914	0.023645297	-0.07739515	-0.051658683	0.20164528	-0.22103292	-0.16864723	0.07989868	-0.1310697	0.09064139	0.006985311
-0.111880414	-0.41582155	-0.3262344	-0.036142666	0.14002968	0.21870372	0.28020462	0.21588653	0.12452957	-0.26082826	0.18612646	0.09526594	-0.48761624	-0.13000786	0.22266212	-0.315943	-0.2508959	-0.11108561	0.25627914	0.9999996	0.008798111	-0.17556572	-0.17473432	0.1900665	-0.010787416	-0.10840214	0.15051365	-0.12454958	-0.053010732	0.004522401
-0.38587382	0.13488814	0.040072232	-0.2863168	-0.32960296	-0.105323754	0.016002616	0.072524555	0.022190925	0.19364937	-0.350933	0.16487873	0.06852866	-0.36096063	0.11821362	0.13688058	0.15302154	0.15388659	0.023645297	0.008798111	0.9999997	0.26226118	-0.13053726	-0.1883902	-0.23428014	-0.1558423	-0.10570735	0.18474413	0.23893236	-0.3592683
-0.25533563	0.20564121	0.14821695	-0.29222423	-0.37984642	-0.36149764	-0.0937219	-0.0071960413	0.029916175	0.2782884	-0.32255474	0.016287297	0.20552973	-0.2137865	0.07015952	0.19610475	0.2476612	0.17337938	-0.07739515	-0.17556572	0.26226118	0.9999997	-0.12403549	-0.19595395	-0.08702931	-0.12005251	-0.07676371	0.1798162	0.16780524	-0.39802185
0.18207906	-0.0009206724	-0.067554444	0.26809174	0.1393173	0.060514614	-0.29312146	-0.30004838	-0.07027071	-0.18778846	0.07415036	-0.18309171	-0.014853621	0.23979422	-0.43185472	0.045335773	-0.13855718	-0.21746294	-0.051658683	-0.17473432	-0.13053726	-0.12403549	0.9999996	0.13368867	0.09652636	0.109739535	0.012087076	-0.12943928	-0.08645227	0.24114472
-0.0025815358	-0.29582885	-0.42814744	0.1834772	0.26825136	0.1616369	0.1334529	0.12593822	0.18626577	-0.29552642	0.22909087	-0.045394126	-0.3083742	0.11501038	-0.0019758593	-0.24669616	-0.32580295	-0.3825169	0.20164528	0.1900665	-0.1883902	-0.19595395	0.13368867	0.99999946	0.0585815	-0.19232146	0.22313339	-0.4100278	-0.11436984	0.22374098
0.1283753	-0.008337245	0.026059518	0.18135214	0.11078013	-0.07382241	-0.13533667	-0.07239946	0.13441741	-0.03138228	0.15984192	-0.51997006	-0.002265204	0.20377533	-0.079115905	-0.040027358	0.0043461653	-0.109307386	-0.22103292	-0.010787416	-0.23428014	-0.08702931	0.09652636	0.0585815	0.99999917	-0.097818375	0.16680188	-0.14017326	-0.5011868	0.09346776
0.25336033	0.094667554	0.15925696	0.049118947	-0.030421037	0.108393475	-0.15699181	-0.3642466	-0.53103757	-0.10143194	-0.0025408727	0.06946954	0.09096281	0.057799228	-0.20305222	0.10005958	0.032240834	0.12996542	-0.16864723	-0.10840214	-0.1558423	-0.12005251	0.109739535	-0.19232146	-0.097818375	0.99999905	-0.27555302	0.17057595	-0.0013645376	0.084173165
-0.05643614	-0.25560293	-0.1532008	0.10980449	0.19235086	0.043426935	0.13135271	0.15422474	0.25477093	-0.1858277	0.18463653	-0.21275097	-0.13893494	0.09264643	0.08253968	-0.29441583	-0.113464594	-0.45320025	0.07989868	0.15051365	-0.10570735	-0.07676371	0.012087076	0.22313339	0.16680188	-0.27555302	0.9999987	-0.35973	-0.32365045	0.12710091
-0.013300369	0.2070238	0.21790542	-0.2926412	-0.32681754	-0.061875492	-0.09440214	-0.14885376	-0.31172672	0.17455217	-0.24981177	0.1527008	0.18896267	-0.2537275	-0.009985159	0.19059366	0.20223738	0.3091161	-0.1310697	-0.12454958	0.18474413	0.1798162	-0.12943928	-0.4100278	-0.14017326	0.17057595	-0.35973	0.9999986	0.18076982	-0.3007898
-0.23917107	0.10013816	-0.0060032434	-0.1823341	-0.3263862	-0.025312815	0.040912893	0.0100017665	-0.12402543	0.11898226	-0.3468202	0.21227653	0.07040801	-0.18238719	0.0652236	0.120857015	0.07604662	0.16714811	0.09064139	-0.053010732	0.23893236	0.16780524	-0.08645227	-0.11436984	-0.5011868	-0.0013645376	-0.32365045	0.18076982	0.99999857	-0.147596
0.19454986	-0.19164139	-0.12842621	0.28784692	0.2656966	0.14267436	-0.06469417	-0.095788	-0.019700954	-0.31125003	0.21429583	-0.116230965	-0.11228595	0.2550485	-0.20243616	-0.0934309	-0.25737435	-0.34225595	0.006985311	0.004522401	-0.3592683	-0.39802185	0.24114472	0.22374098	0.09346776	0.084173165	0.12710091	-0.3007898	-0.147596	0.99999857
