0.99999994	0.24348192	-0.25348133	0.11774235	-0.36323065	0.025016407	0.2452778	-0.028691242	-0.39941487	-0.28378952	0.07438512	-0.31140587	-0.3416707	-0.21326391	0.25171226	0.08775535	0.11013674	0.288589	-0.05069271	0.2841812	-0.100214384	-0.039297383	-0.32474086	0.29993626	-0.29657012	-0.20879085	0.23071724	-0.09476717	0.18454243	-0.13342842
0.24348192	0.9999997	-0.36930704	-0.102540344	-0.20827624	0.20687854	0.20724909	0.14226675	-0.24382511	-0.069903634	0.16681132	-0.1760488	-0.16051784	-0.53354007	0.1568469	0.15604042	0.022992477	0.2159581	-0.0027398334	0.24433853	-0.23005514	-0.17644568	-0.19583744	0.1899808	-0.2092429	-0.038932968	0.17927666	-0.1506013	0.029892772	-0.2941678
-0.25348133	-0.36930704	0.99999946	0.0062973415	0.17374389	-0.23778506	-0.37847945	-0.21600948	0.26501805	0.0026634876	-0.275728	0.28080007	0.2236501	0.19951008	-0.28869736	-0.16299531	0.050133403	-0.19354792	-0.10313832	-0.367517	0.19546455	0.16780172	0.13794887	-0.27617127	0.27766296	0.0017923816	-0.3031328	0.25631914	-0.053759053	0.24096972
0.11774235	-0.102540344	0.0062973415	0.9999993	-0.11771039	-0.24028409	-0.007791418	-0.38338822	-0.054463822	-0.13274874	-0.21319643	-0.1498763	-0.28393823	0.13993266	0.10053658	-0.23313971	0.21483032	0.049872644	-0.27230963	0.09910582	0.19344714	0.18587884	-0.34118447	0.19244087	-0.12145222	-0.23302884	0.037525456	0.106417455	0.28277445	0.16027543
-0.36323065	-0.20827624	0.17374389	-0.11771039	0.99999934	0.04404856	-0.30612016	0.05199876	0.21562944	0.25640893	-0.019407852	0.21102819	0.15307212	0.13969319	-0.33408967	0.087388024	-0.22755463	-0.4722737	0.15189095	-0.19713338	-0.088071175	-0.030773927	0.23677626	-0.36927554	0.17686334	0.22540186	-0.09745439	0.0011786355	-0.26328865	-0.030424507
0.025016407	0.20687854	-0.23778506	-0.24028409	0.04404856	0.9999993	0.13675378	0.28899553	-0.07453352	0.1564946	0.21902138	-0.107457414	-0.016750416	-0.4473818	-0.0035971382	0.21443209	-0.23850237	-0.007228842	0.19200605	0.10674393	-0.3379202	-0.19762586	0.095577024	-0.036930252	-0.07079123	0.19703084	0.096257485	-0.24821119	-0.27641886	-0.43779948
0.2452778	0.20724909	-0.37847945	-0.007791418	-0.30612016	0.13675378	0.99999934	0.1622637	-0.428307	-0.118179046	0.17131044	-0.29463252	-0.19147064	-0.15484329	0.19597743	0.1340529	-0.120336525	0.26404166	0.093004614	0.23708645	-0.12081329	-0.14184412	-0.22312246	0.20667614	-0.32560351	-0.017016195	0.2679427	-0.33315927	0.027697084	-0.18758754
-0.028691242	0.14226675	-0.21600948	-0.38338822	0.05199876	0.28899553	0.1622637	0.9999992	-0.12350406	0.18022862	0.24565412	-0.07459855	0.04573178	-0.22589138	-0.029728325	0.23159544	-0.31905374	0.009303684	0.26876333	0.030359112	-0.33840138	-0.26189962	0.1603345	-0.101368524	-0.10909466	0.2334909	0.11574962	-0.30384797	-0.35671178	-0.29450876
-0.39941487	-0.24382511	0.26501805	-0.054463822	0.21562944	-0.07453352	-0.428307	-0.12350406	0.9999992	0.12284649	-0.1589162	0.23683293	0.24953718	0.13462165	-0.16294557	-0.20059092	-0.003882191	-0.38219053	-0.082109004	-0.30612585	0.1501004	0.11263381	0.2021106	-0.30803752	0.30336753	0.0915315	-0.40712255	0.21359983	-0.12362682	0.16180071
-0.28378952	-0.069903634	0.0026634876	-0.13274874	0.25640893	0.1564946	-0.118179046	0.18022862	0.12284649	0.99999917	0.16048886	0.10844921	0.08438204	0.0151489135	-0.40937555	0.12208144	-0.2275318	-0.30912447	0.22268227	-0.08831094	-0.22712159	-0.25762892	0.22821525	-0.2631563	0.08876156	0.27625796	-0.07870649	-0.15223344	-0.2646772	-0.1425813
0.07438512	0.16681132	-0.275728	-0.21319643	-0.019407852	0.21902138	0.17131044	0.24565412	-0.1589162	0.16048886	0.99999917	-0.21113259	-0.17083295	-0.11607986	-0.010197955	0.24629493	-0.14357217	0.09083487	0.2271746	0.11975109	-0.2678048	-0.53041977	0.09375794	0.02168576	-0.185273	0.17567645	0.19535457	-0.3526065	-0.1965944	-0.35640648
-0.31140587	-0.1760488	0.28080007	-0.1498763	0.21102819	-0.107457414	-0.29463252	-0.07459855	0.23683293	0.10844921	-0.21113259	0.9999991	0.2387773	0.11493714	-0.45372298	-0.069166906	0.008934813	-0.25393128	-0.012307523	-0.44203782	0.1117637	0.0747507	0.15432805	-0.3769188	0.26344335	0.068541884	-0.2022807	0.20128074	-0.095122986	0.1568046
-0.3416707	-0.16051784	0.2236501	-0.28393823	0.15307212	-0.016750416	-0.19147064	0.04573178	0.24953718	0.08438204	-0.17083295	0.2387773	0.99999917	0.041524045	-0.20636038	-0.21798468	-0.10341736	-0.18823817	0.041732974	-0.38841698	0.0739706	0.07737348	0.23207632	-0.28567427	0.29060733	0.1325722	-0.348359	0.15553412	-0.25688115	0.120006055
-0.21326391	-0.53354007	0.19951008	0.13993266	0.13969319	-0.4473818	-0.15484329	-0.22589138	0.13462165	0.0151489135	-0.11607986	0.11493714	0.041524045	0.9999992	-0.103034556	-0.08610784	0.0047653685	-0.22388591	0.005089904	-0.2398376	0.16575205	0.092238985	0.04965675	-0.12870882	0.08475288	-0.025443772	-0.056595817	0.112470485	0.06176891	0.19277641
0.25171226	0.1568469	-0.28869736	0.10053658	-0.33408967	-0.0035971382	0.19597743	-0.029728325	-0.16294557	-0.40937555	-0.010197955	-0.45372298	-0.20636038	-0.103034556	0.9999992	0.025485348	0.10682724	0.24699791	-0.14447123	0.23990306	0.0070015755	0.04505999	-0.15845126	0.27902347	-0.2630431	-0.24718131	0.16470258	-0.13501655	0.18398018	-0.05410793
0.08775535	0.15604042	-0.16299531	-0.23313971	0.087388024	0.21443209	0.1340529	0.23159544	-0.20059092	0.12208144	0.24629493	-0.069166906	-0.21798468	-0.08610784	0.025485348	0.99999934	-0.24190025	0.00084276835	0.22868404	0.1371212	-0.4289487	-0.3350074	0.036340788	-0.023780683	-0.26462528	0.16778281	0.23102127	-0.33656633	-0.10812469	-0.39794767
0.11013674	0.022992477	0.050133403	0.21483032	-0.22755463	-0.23850237	-0.120336525	-0.31905374	-0.003882191	-0.2275318	-0.14357217	0.008934813	-0.10341736	0.0047653685	0.10682724	-0.24190025	0.9999994	0.06193065	-0.47406858	0.034267057	0.23834112	0.22183104	-0.24273664	0.17533094	-0.0054798997	-0.48430702	-0.09764048	0.21312247	0.26642153	0.20015702
0.288589	0.2159581	-0.19354792	0.049872644	-0.4722737	-0.007228842	0.26404166	0.009303684	-0.38219053	-0.30912447	0.09083487	-0.25393128	-0.18823817	-0.22388591	0.24699791	0.00084276835	0.06193065	0.9999995	-0.03060521	0.22668734	-0.047183666	-0.07986681	-0.20329419	0.26355255	-0.26598084	-0.19215856	0.20287958	-0.17019288	0.15620904	-0.057959437
-0.05069271	-0.0027398334	-0.10313832	-0.27230963	0.15189095	0.19200605	0.093004614	0.26876333	-0.082109004	0.22268227	0.2271746	-0.012307523	0.041732974	0.005089904	-0.14447123	0.22868404	-0.47406858	-0.03060521	0.9999996	-0.010966954	-0.37016138	-0.33619544	0.19008254	-0.19800761	-0.053101964	0.28250277	0.11020542	-0.29702586	-0.34800547	-0.22789031
0.2841812	0.24433853	-0.367517	0.09910582	-0.19713338	0.10674393	0.23708645	0.030359112	-0.30612585	-0.08831094	0.11975109	-0.44203782	-0.38841698	-0.2398376	0.23990306	0.1371212	0.034267057	0.22668734	-0.010966954	0.9999995	-0.20635982	-0.047580145	-0.25059697	0.27475625	-0.32253048	-0.111770384	0.24505033	-0.23414247	0.13475004	-0.20073599
-0.100214384	-0.23005514	0.19546455	0.19344714	-0.088071175	-0.3379202	-0.12081329	-0.33840138	0.1501004	-0.22712159	-0.2678048	0.1117637	0.0739706	0.16575205	0.0070015755	-0.4289487	0.23834112	-0.047183666	-0.37016138	-0.20635982	0.99999946	0.27084285	-0.09053106	0.0058506024	0.1572573	-0.26727292	-0.21096742	0.27240458	0.1809772	0.3086883
-0.039297383	-0.17644568	0.16780172	0.18587884	-0.030773927	-0.19762586	-0.14184412	-0.26189962	0.11263381	-0.25762892	-0.53041977	0.0747507	0.07737348	0.092238985	0.04505999	-0.3350074	0.22183104	-0.07986681	-0.33619544	-0.047580145	0.27084285	0.9999995	-0.17158656	0.05088652	0.13710633	-0.32228377	-0.22417429	0.26386803	0.17897817	0.27341473
-0.32474086	-0.19583744	0.13794887	-0.34118447	0.23677626	0.095577024	-0.22312246	0.1603345	0.2021106	0.22821525	0.09375794	0.15432805	0.23207632	0.04965675	-0.15845126	0.036340788	-0.24273664	-0.20329419	0.19008254	-0.25059697	-0.09053106	-0.17158656	0.99999946	-0.3392065	0.19616227	0.25527877	-0.21793059	-0.04797118	-0.3964795	-0.064950615
0.29993626	0.1899808	-0.27617127	0.19244087	-0.36927554	-0.036930252	0.20667614	-0.101368524	-0.30803752	-0.2631563	0.02168576	-0.3769188	-0.28567427	-0.12870882	0.27902347	-0.023780683	0.17533094	0.26355255	-0.19800761	0.27475625	0.0058506024	0.05088652	-0.3392065	0.9999996	-0.32914338	-0.25106457	0.19509558	-0.06344623	0.24157473	-0.045857005
-0.29657012	-0.2092429	0.27766296	-0.12145222	0.17686334	-0.07079123	-0.32560351	-0.10909466	0.30336753	0.08876156	-0.185273	0.26344335	0.29060733	0.08475288	-0.2630431	-0.26462528	-0.0054798997	-0.26598084	-0.053101964	-0.32253048	0.1572573	0.13710633	0.19616227	-0.32914338	0.9999994	0.06440293	-0.47615513	0.23496577	-0.16604805	0.18881357
-0.20879085	-0.038932968	0.0017923816	-0.23302884	0.22540186	0.19703084	-0.017016195	0.2334909	0.0915315	0.27625796	0.17567645	0.068541884	0.1325722	-0.025443772	-0.24718131	0.16778281	-0.48430702	-0.19215856	0.28250277	-0.111770384	-0.26727292	-0.32228377	0.25527877	-0.25106457	0.06440293	0.99999946	-0.026091378	-0.14056394	-0.35019764	-0.25613812
0.23071724	0.17927666	-0.3031328	0.037525456	-0.09745439	0.096257485	0.2679427	0.11574962	-0.40712255	-0.07870649	0.19535457	-0.2022807	-0.348359	-0.056595817	0.16470258	0.23102127	-0.09764048	0.20287958	0.11020542	0.24505033	-0.21096742	-0.22417429	-0.21793059	0.19509558	-0.47615513	-0.026091378	0.99999917	-0.3530337	0.07664513	-0.24875122
-0.09476717	-0.1506013	0.25631914	0.106417455	0.0011786355	-0.24821119	-0.33315927	-0.30384797	0.21359983	-0.15223344	-0.3526065	0.20128074	0.15553412	0.112470485	-0.13501655	-0.33656633	0.21312247	-0.17019288	-0.29702586	-0.23414247	0.27240458	0.26386803	-0.04797118	-0.06344623	0.23496577	-0.14056394	-0.3530337	0.99999905	0.102224186	0.2800363
0.18454243	0.029892772	-0.053759053	0.28277445	-0.26328865	-0.27641886	0.027697084	-0.35671178	-0.12362682	-0.2646772	-0.1965944	-0.095122986	-0.25688115	0.06176891	0.18398018	-0.10812469	0.26642153	0.15620904	-0.34800547	0.13475004	0.1809772	0.17897817	-0.3964795	0.24157473	-0.16604805	-0.35019764	0.07664513	0.102224186	0.9999989	0.14753976
-0.13342842	-0.2941678	0.24096972	0.16027543	-0.030424507	-0.43779948	-0.18758754	-0.29450876	0.16180071	-0.1425813	-0.35640648	0.1568046	0.120006055	0.19277641	-0.05410793	-0.39794767	0.20015702	-0.057959437	-0.22789031	-0.20073599	0.3086883	0.27341473	-0.064950615	-0.045857005	0.18881357	-0.25613812	-0.24875122	0.2800363	0.14753976	0.9999989
