1.0000001	0.19446674	-0.10046701	0.21792556	-0.16383661	-0.34106284	-0.35228115	-0.108027294	-0.36408952	0.2365525	0.25581187	-0.069390915	0.22030199	0.29930505	-0.3385827	-0.009882018	0.28162032	-0.3798877	-0.27126315	-0.18583646	0.11178625	-0.22962701	-0.18423724	0.25103036	-0.058195323	0.30109766	-0.43243968	0.04835394	0.19320348	-0.022319973
0.19446674	1.0000002	0.16780572	0.02078197	-0.33579215	0.01618346	-0.1407963	-0.29318538	-0.3426941	0.2738685	0.2685372	-0.23680745	0.24216962	0.15234104	-0.22411449	-0.29848063	0.2323908	-0.25707415	-0.2587889	-0.44416675	0.2725577	-0.36510786	-0.27148876	0.2509559	-0.246522	0.18482983	-0.13111629	0.17152245	0.25249657	0.14525703
-0.10046701	0.16780572	1.0000002	-0.34099042	-0.24103807	0.25210577	0.068415076	-0.37222496	-0.0040893415	0.1385507	0.12579045	-0.22865279	0.09682808	-0.10273981	-0.10045911	-0.5732441	0.022613773	-0.008066065	-0.0087193195	-0.17237231	0.2608659	-0.044108294	-0.1688482	0.0048686196	-0.1928056	-0.0118134925	0.030585086	0.21380171	0.16150922	0.12692308
0.21792556	0.02078197	-0.34099042	1.0000002	0.08913764	-0.42570207	-0.28619707	0.1428711	-0.21475624	0.029419445	0.06307023	0.1721614	0.10221666	0.24078038	-0.112557	0.20221415	0.16200317	-0.23548178	-0.2792578	0.07322177	-0.18494457	-0.23371923	0.03887294	0.14761178	0.03308281	0.17489554	-0.2715985	-0.21230072	-0.02162685	-0.09110091
-0.16383661	-0.33579215	-0.24103807	0.08913764	1.0000002	-0.1379103	0.0913712	0.29249218	0.18398745	-0.34883907	-0.32686883	0.21193716	-0.31679145	-0.11456772	0.2240527	0.24913076	-0.2080143	0.18984085	0.15035267	0.29544368	-0.3428607	0.20156655	0.29503053	-0.21498343	0.23771526	-0.18308458	0.14138386	-0.3005372	-0.3580194	-0.26027253
-0.34106284	0.01618346	0.25210577	-0.42570207	-0.1379103	1.0000002	0.2211722	-0.13619679	0.16639328	-0.07414277	-0.11318349	-0.13975683	-0.07661186	-0.3293848	0.06706802	-0.2973783	-0.13298726	0.17989981	0.15993181	-0.14050448	0.14514232	0.13254207	-0.012506783	-0.124482304	-0.10084333	-0.2574361	0.21483155	0.13986684	0.01872128	0.12625134
-0.35228115	-0.1407963	0.068415076	-0.28619707	0.0913712	0.2211722	1.0000001	0.057881013	0.28651977	-0.17983204	-0.1244009	-0.08639874	-0.34517485	-0.48141095	0.2466037	-0.043992132	-0.39267457	0.2636188	0.2544037	0.05950748	-0.04638082	0.2620351	0.076616704	-0.27807647	-0.05292129	-0.3607358	0.24096605	0.080844074	-0.13756913	0.09891445
-0.108027294	-0.29318538	-0.37222496	0.1428711	0.29249218	-0.13619679	0.057881013	1.0	0.1574384	-0.31914535	-0.2975972	0.20686832	-0.09847198	-0.09676037	0.18820924	0.27234265	-0.20607233	0.16671678	0.083173424	0.26153517	-0.4364855	0.1360651	0.28098595	-0.17350663	0.20688811	-0.17648795	0.113604985	-0.24593005	-0.41080424	-0.19614454
-0.36408952	-0.3426941	-0.0040893415	-0.21475624	0.18398745	0.16639328	0.28651977	0.1574384	1.0000001	-0.21501428	-0.26050204	0.042012136	-0.23299015	-0.43189514	0.28173733	0.04243569	-0.39913246	0.3007242	0.25486082	0.16703573	-0.16383456	0.28586814	0.18308346	-0.36120093	0.06461227	-0.41998446	0.2696274	-0.04501631	-0.25569922	0.024593614
0.2365525	0.2738685	0.1385507	0.029419445	-0.34883907	-0.07414277	-0.17983204	-0.31914535	-0.21501428	1.0000002	0.31597236	-0.22158311	0.2384366	0.20648007	-0.22389005	-0.22626841	0.23754671	-0.37386212	-0.30656195	-0.24272303	0.23532926	-0.30931628	-0.42830828	0.2370341	-0.1613147	0.25260696	-0.3225442	0.18472974	0.2853834	0.08146965
0.25581187	0.2685372	0.12579045	0.06307023	-0.32686883	-0.11318349	-0.1244009	-0.2975972	-0.26050204	0.31597236	1.0000002	-0.2508119	0.2096483	0.19840641	-0.2742884	-0.2326005	0.228216	-0.3577898	-0.2254928	-0.27373567	0.24116702	-0.22739203	-0.40316632	0.22153106	-0.19590902	0.25887606	-0.38347885	0.19679143	0.2857614	0.07767254
-0.069390915	-0.23680745	-0.22865279	0.1721614	0.21193716	-0.13975683	-0.08639874	0.20686832	0.042012136	-0.22158311	-0.2508119	1.0000002	-0.06044538	0.020329854	0.110906236	0.24947967	-0.017533382	0.047492437	-0.047307495	0.14439355	-0.3293749	0.01527645	0.19948928	0.0079297405	0.017381595	-0.06853607	0.07473761	-0.6618626	-0.13215204	0.030242454
0.22030199	0.24216962	0.09682808	0.10221666	-0.31679145	-0.07661186	-0.34517485	-0.09847198	-0.23299015	0.2384366	0.2096483	-0.06044538	1.0000002	0.20433283	-0.40343517	-0.11457373	0.2744112	-0.24354893	-0.4453556	-0.22492594	0.1595533	-0.47388938	-0.17669311	0.28688508	-0.20323266	0.2143547	-0.17475304	0.055400167	0.201769	0.08461725
0.29930505	0.15234104	-0.10273981	0.24078038	-0.11456772	-0.3293848	-0.48141095	-0.09676037	-0.43189514	0.20648007	0.19840641	0.020329854	0.20433283	1.0000002	-0.21239871	0.033418518	0.28469232	-0.40046397	-0.2918381	-0.061672997	0.05000293	-0.26663813	-0.12467368	0.24178615	0.014806544	0.2938492	-0.33147275	-0.039677963	0.15943244	-0.11433523
-0.3385827	-0.22411449	-0.10045911	-0.112557	0.2240527	0.06706802	0.2466037	0.18820924	0.28173733	-0.22389005	-0.2742884	0.110906236	-0.40343517	-0.21239871	1.0000004	0.11378072	-0.43420976	0.2639713	0.24620605	0.18499729	-0.24320835	0.2783597	0.20237589	-0.40598518	0.06123993	-0.32470298	0.23934983	-0.12577486	-0.33151916	0.046304736
-0.009882018	-0.29848063	-0.5732441	0.20221415	0.24913076	-0.2973783	-0.043992132	0.27234265	0.04243569	-0.22626841	-0.2326005	0.24947967	-0.11457373	0.033418518	0.11378072	1.0000005	-0.047440637	0.034729008	0.045564175	0.21759568	-0.37713864	0.06709578	0.20010465	-0.069842495	0.15667474	-0.03817939	0.02894045	-0.31546742	-0.17034356	-0.09864006
0.28162032	0.2323908	0.022613773	0.16200317	-0.2080143	-0.13298726	-0.39267457	-0.20607233	-0.39913246	0.23754671	0.228216	-0.017533382	0.2744112	0.28469232	-0.43420976	-0.047440637	1.0000005	-0.4117725	-0.32110095	-0.21265607	0.14602569	-0.38434333	-0.15026516	0.29840562	-0.06261309	0.2821443	-0.27452692	0.0059192358	0.22941586	-0.030028502
-0.3798877	-0.25707415	-0.008066065	-0.23548178	0.18984085	0.17989981	0.2636188	0.16671678	0.3007242	-0.37386212	-0.3577898	0.047492437	-0.24354893	-0.40046397	0.2639713	0.034729008	-0.4117725	1.0000005	0.25943288	0.16727683	-0.11190098	0.28277817	0.22139843	-0.28203514	0.106319115	-0.3018542	0.28880945	-0.04424826	-0.33315054	-0.031831276
-0.27126315	-0.2587889	-0.0087193195	-0.2792578	0.15035267	0.15993181	0.2544037	0.083173424	0.25486082	-0.30656195	-0.2254928	-0.047307495	-0.4453556	-0.2918381	0.24620605	0.045564175	-0.32110095	0.25943288	1.0000005	0.16846368	-0.13065831	0.30018336	0.13686624	-0.48923603	0.13575497	-0.1949655	0.20093979	0.043683562	-0.11266601	-0.056565635
-0.18583646	-0.44416675	-0.17237231	0.07322177	0.29544368	-0.14050448	0.05950748	0.26153517	0.16703573	-0.24272303	-0.27373567	0.14439355	-0.22492594	-0.061672997	0.18499729	0.21759568	-0.21265607	0.16727683	0.16846368	1.0000005	-0.41040227	0.18148555	0.24487978	-0.27424985	0.2733966	-0.10247396	0.08089704	-0.17097992	-0.2381856	-0.36521748
0.11178625	0.2725577	0.2608659	-0.18494457	-0.3428607	0.14514232	-0.04638082	-0.4364855	-0.16383456	0.23532926	0.24116702	-0.3293749	0.1595533	0.05000293	-0.24320835	-0.37713864	0.14602569	-0.11190098	-0.13065831	-0.41040227	1.0000005	-0.1263199	-0.24791384	0.16888073	-0.26789594	0.121300206	-0.13819794	0.24372274	0.24721731	0.15399949
-0.22962701	-0.36510786	-0.044108294	-0.23371923	0.20156655	0.13254207	0.2620351	0.1360651	0.28586814	-0.30931628	-0.22739203	0.01527645	-0.47388938	-0.26663813	0.2783597	0.06709578	-0.38434333	0.28277817	0.30018336	0.18148555	-0.1263199	1.0000005	0.18797041	-0.36256477	0.13720593	-0.32562873	0.22524913	-0.0206579	-0.27420712	-0.050127476
-0.18423724	-0.27148876	-0.1688482	0.03887294	0.29503053	-0.012506783	0.076616704	0.28098595	0.18308346	-0.42830828	-0.40316632	0.19948928	-0.17669311	-0.12467368	0.20237589	0.20010465	-0.15026516	0.22139843	0.13686624	0.24487978	-0.24791384	0.18797041	1.0000005	-0.23036212	0.2087697	-0.29436964	0.19890316	-0.30668333	-0.47035614	-0.20544791
0.25103036	0.2509559	0.0048686196	0.14761178	-0.21498343	-0.124482304	-0.27807647	-0.17350663	-0.36120093	0.2370341	0.22153106	0.0079297405	0.28688508	0.24178615	-0.40598518	-0.069842495	0.29840562	-0.28203514	-0.48923603	-0.27424985	0.16888073	-0.36256477	-0.23036212	1.0000004	-0.16287965	0.23821007	-0.16369836	-0.0060507925	0.2136855	0.030361969
-0.058195323	-0.246522	-0.1928056	0.03308281	0.23771526	-0.10084333	-0.05292129	0.20688811	0.06461227	-0.1613147	-0.19590902	0.017381595	-0.20323266	0.014806544	0.06123993	0.15667474	-0.06261309	0.106319115	0.13575497	0.2733966	-0.26789594	0.13720593	0.2087697	-0.16287965	1.0000005	-0.023421917	0.03527298	-0.040549945	-0.2720711	-0.64791614
0.30109766	0.18482983	-0.0118134925	0.17489554	-0.18308458	-0.2574361	-0.3607358	-0.17648795	-0.41998446	0.25260696	0.25887606	-0.06853607	0.2143547	0.2938492	-0.32470298	-0.03817939	0.2821443	-0.3018542	-0.1949655	-0.10247396	0.121300206	-0.32562873	-0.29436964	0.23821007	-0.023421917	1.0000005	-0.47150633	0.0666667	0.23406544	-0.067685656
-0.43243968	-0.13111629	0.030585086	-0.2715985	0.14138386	0.21483155	0.24096605	0.113604985	0.2696274	-0.3225442	-0.38347885	0.07473761	-0.17475304	-0.33147275	0.23934983	0.02894045	-0.27452692	0.28880945	0.20093979	0.08089704	-0.13819794	0.22524913	0.19890316	-0.16369836	0.03527298	-0.47150633	1.0000004	-0.09018873	-0.26119363	0.06265064
0.04835394	0.17152245	0.21380171	-0.21230072	-0.3005372	0.13986684	0.080844074	-0.24593005	-0.04501631	0.18472974	0.19679143	-0.6618626	0.055400167	-0.039677963	-0.12577486	-0.31546742	0.0059192358	-0.04424826	0.043683562	-0.17097992	0.24372274	-0.0206579	-0.30668333	-0.0060507925	-0.040549945	0.0666667	-0.09018873	1.0000002	0.16159923	0.013056383
0.19320348	0.25249657	0.16150922	-0.02162685	-0.3580194	0.01872128	-0.13756913	-0.41080424	-0.25569922	0.2853834	0.2857614	-0.13215204	0.201769	0.15943244	-0.33151916	-0.17034356	0.22941586	-0.33315054	-0.11266601	-0.2381856	0.24721731	-0.27420712	-0.47035614	0.2136855	-0.2720711	0.23406544	-0.26119363	0.16159923	1.0000004	0.13533236
-0.022319973	0.14525703	0.12692308	-0.09110091	-0.26027253	0.12625134	0.09891445	-0.19614454	0.024593614	0.08146965	0.07767254	0.030242454	0.08461725	-0.11433523	0.046304736	-0.09864006	-0.030028502	-0.031831276	-0.056565635	-0.36521748	0.15399949	-0.050127476	-0.20544791	0.030361969	-0.64791614	-0.067685656	0.06265064	0.013056383	0.13533236	1.0000004
