1.0000001	0.28319895	-0.28455824	0.22192398	0.2512098	-0.17434087	0.27640134	-0.14522126	0.17196608	0.05392151	0.21685593	0.26740414	-0.27711964	-0.24251524	-0.18079233	-0.22119702	-0.2776259	-0.39469597	0.26695982	-0.30285645	0.25649875	0.24182923	0.15110302	0.2899229	-0.33479878	-0.3512379	0.26138216	-0.39487302	-0.44102183	-0.18767616
0.28319895	0.99999994	-0.12949	0.1221469	0.26873234	-0.07323721	0.26787692	-0.24018732	0.09745235	-0.043621548	0.23163456	0.20359805	-0.22589146	-0.3110608	-0.09743429	-0.36705786	-0.39794865	-0.2188585	0.23149802	-0.33244705	0.22158329	0.15344113	0.24705413	0.25706422	-0.36508775	-0.19859529	0.24911256	-0.37768263	-0.39799488	-0.057750802
-0.28455824	-0.12949	1.0	-0.35039067	-0.15052654	0.2424575	-0.34301847	0.09079503	-0.22299074	-0.1720731	-0.15265797	-0.4754925	0.15951774	0.2054375	0.20143409	0.22400805	0.0305209	0.25648153	-0.39887553	0.15773024	-0.28761917	-0.22358751	0.062583335	-0.28335404	0.17902577	0.2768133	-0.3283475	0.23244362	0.23519589	0.24856563
0.22192398	0.1221469	-0.35039067	0.9999999	0.164434	-0.280614	0.24098073	0.06830431	0.2836648	0.21840352	0.015381938	0.23324074	-0.053152923	-0.04369258	-0.21686491	-0.25343987	-0.07048108	-0.32818335	0.17900513	-0.23632605	0.20245604	0.26708972	0.005453847	0.17511976	-0.22301805	-0.45586443	0.14158463	-0.29484043	-0.23267287	-0.49959925
0.2512098	0.26873234	-0.15052654	0.164434	0.99999964	-0.18466453	0.24823527	-0.2294645	0.11389039	-0.022641042	0.21857138	0.21820234	-0.29916045	-0.21858464	-0.025569659	-0.27818367	-0.36140853	-0.11056983	0.20881942	-0.35406056	0.18756334	0.12683234	0.23221385	0.26766893	-0.5681749	-0.2924792	0.24490453	-0.1947602	-0.3241242	-0.13686252
-0.17434087	-0.07323721	0.2424575	-0.280614	-0.18466453	0.9999997	-0.1726723	-0.075632796	-0.4480291	-0.40493718	-0.047719404	-0.3505607	0.085928306	0.06552943	0.2836832	0.19196932	0.016045837	0.24333335	-0.27346492	0.13780071	-0.1402614	-0.39730388	0.030146163	-0.2671224	0.14052644	0.2679277	-0.13611008	0.22857407	0.21744204	0.27533165
0.27640134	0.26787692	-0.34301847	0.24098073	0.24823527	-0.1726723	0.9999996	-0.08966783	0.20252217	0.08117985	0.1758194	0.27753705	-0.17195997	-0.31375408	-0.23346463	-0.442229	-0.2429221	-0.19325054	0.27487102	-0.30662948	0.25365	0.22000231	0.14938188	0.25905368	-0.36326927	-0.36832786	0.24796285	-0.3966936	-0.28239205	-0.25517347
-0.14522126	-0.24018732	0.09079503	0.06830431	-0.2294645	-0.075632796	-0.08966783	0.99999964	0.114949614	0.21945019	-0.4361433	-0.14950505	0.27210984	0.2565901	-0.1903241	0.10253831	0.15222411	0.024484072	-0.19937298	0.1719193	-0.2639931	0.05579512	-0.17756015	-0.25455776	0.16157527	0.031120092	-0.35731876	0.048722796	0.12584117	-0.087430395
0.17196608	0.09745235	-0.22299074	0.2836648	0.11389039	-0.4480291	0.20252217	0.114949614	0.99999976	0.28156313	-0.021745767	0.22963206	-0.04008975	-0.012541128	-0.41957453	-0.30902448	-0.052424617	-0.29002693	0.17086877	-0.14315273	0.16975972	0.28483194	-0.041358728	0.14375888	-0.10057515	-0.31355864	0.09613686	-0.26315686	-0.24059659	-0.4421031
0.05392151	-0.043621548	-0.1720731	0.21840352	-0.022641042	-0.40493718	0.08117985	0.21945019	0.28156313	0.9999997	-0.19495705	0.14804074	0.104380004	0.109976284	-0.49970883	-0.12043247	0.09426006	-0.26041356	0.036344245	0.0011135299	0.052349813	0.22104093	-0.1338981	0.030589508	-0.022503655	-0.20249552	-0.053479273	-0.17543016	-0.07247477	-0.27350712
0.21685593	0.23163456	-0.15265797	0.015381938	0.21857138	-0.047719404	0.1758194	-0.4361433	-0.021745767	-0.19495705	0.9999996	0.17446479	-0.5366375	-0.31027845	0.039906558	-0.19582209	-0.16065463	-0.08154343	0.23242506	-0.32967517	0.2233731	0.067109436	0.18699123	0.26257366	-0.18309028	-0.16818371	0.26474142	-0.18425806	-0.28130016	-0.025152255
0.26740414	0.20359805	-0.4754925	0.23324074	0.21820234	-0.3505607	0.27753705	-0.14950505	0.22963206	0.14804074	0.17446479	0.9999995	-0.234521	-0.2651579	-0.32136232	-0.3128741	-0.115486614	-0.29404923	0.29206434	-0.2191972	0.26084632	0.24339072	0.035730276	0.2716962	-0.29318285	-0.32956004	0.25959438	-0.2353831	-0.30163908	-0.21743436
-0.27711964	-0.22589146	0.15951774	-0.053152923	-0.29916045	0.085928306	-0.17195997	0.27210984	-0.04008975	0.104380004	-0.5366375	-0.234521	0.9999996	0.27538258	0.007003051	0.19862874	0.21946156	0.10944709	-0.29848942	0.26369283	-0.28413045	-0.14434035	-0.27913538	-0.39081383	0.2189304	0.17397037	-0.36021146	0.19046475	0.24719189	0.06958208
-0.24251524	-0.3110608	0.2054375	-0.04369258	-0.21858464	0.06552943	-0.31375408	0.2565901	-0.012541128	0.109976284	-0.31027845	-0.2651579	0.27538258	0.9999996	0.005500694	0.19437157	0.19910288	0.12713066	-0.46506017	0.20341496	-0.22197323	-0.15350251	-0.1478356	-0.365788	0.2166653	0.17305094	-0.45094755	0.20588079	0.24421093	0.0404916
-0.18079233	-0.09743429	0.20143409	-0.21686491	-0.025569659	0.2836832	-0.23346463	-0.1903241	-0.41957453	-0.49970883	0.039906558	-0.32136232	0.007003051	0.005500694	0.9999996	0.19366221	0.008598424	0.25483397	-0.16368192	0.10153371	-0.21551241	-0.35210705	0.036922682	-0.118588544	0.06553715	0.22946201	-0.039451744	0.22339918	0.16156635	0.26142165
-0.22119702	-0.36705786	0.22400805	-0.25343987	-0.27818367	0.19196932	-0.442229	0.10253831	-0.30902448	-0.12043247	-0.19582209	-0.3128741	0.19862874	0.19437157	0.19366221	0.9999997	0.2132338	0.22398707	-0.29903078	0.27364558	-0.37690738	-0.19349039	-0.24737775	-0.18425682	0.25184488	0.2702275	-0.2912978	0.27809745	0.25599763	0.22045211
-0.2776259	-0.39794865	0.0305209	-0.07048108	-0.36140853	0.016045837	-0.2429221	0.15222411	-0.052424617	0.09426006	-0.16065463	-0.115486614	0.21946156	0.19910288	0.008598424	0.2132338	0.99999976	0.059634153	-0.18833613	0.2569891	-0.12288875	-0.08584858	-0.60998875	-0.24867605	0.26183677	0.15832052	-0.18679911	0.2054418	0.22004856	0.025811726
-0.39469597	-0.2188585	0.25648153	-0.32818335	-0.11056983	0.24333335	-0.19325054	0.024484072	-0.29002693	-0.26041356	-0.08154343	-0.29404923	0.10944709	0.12713066	0.25483397	0.22398707	0.059634153	0.9999998	-0.22616126	0.19502537	-0.39538452	-0.44209704	0.0077261245	-0.17893411	0.16140613	0.25837642	-0.28027412	0.26587683	0.23107675	0.27566037
0.26695982	0.23149802	-0.39887553	0.17900513	0.20881942	-0.27346492	0.27487102	-0.19937298	0.17086877	0.036344245	0.23242506	0.29206434	-0.29848942	-0.46506017	-0.16368192	-0.29903078	-0.18833613	-0.22616126	0.9999997	-0.18879995	0.25046915	0.22304083	0.10409695	0.3008964	-0.1758185	-0.325063	0.2910436	-0.30115286	-0.3492003	-0.20985298
-0.30285645	-0.33244705	0.15773024	-0.23632605	-0.35406056	0.13780071	-0.30662948	0.1719193	-0.14315273	0.0011135299	-0.32967517	-0.2191972	0.26369283	0.20341496	0.10153371	0.27364558	0.2569891	0.19502537	-0.18879995	0.9999997	-0.39441845	-0.2945145	-0.37063953	-0.2940549	0.26437727	0.24832623	-0.20842941	0.265885	0.26781535	0.1659717
0.25649875	0.22158329	-0.28761917	0.20245604	0.18756334	-0.1402614	0.25365	-0.2639931	0.16975972	0.052349813	0.2233731	0.26084632	-0.28413045	-0.22197323	-0.21551241	-0.37690738	-0.12288875	-0.39538452	0.25046915	-0.39441845	0.99999976	0.22058898	0.09587347	0.23577806	-0.17941476	-0.24774921	0.26910836	-0.26018375	-0.19542961	-0.3139988
0.24182923	0.15344113	-0.22358751	0.26708972	0.12683234	-0.39730388	0.22000231	0.05579512	0.28483194	0.22104093	0.067109436	0.24339072	-0.14434035	-0.15350251	-0.35210705	-0.19349039	-0.08584858	-0.44209704	0.22304083	-0.2945145	0.22058898	0.99999976	0.053241935	0.21351084	-0.11691243	-0.2928032	0.1496091	-0.37763512	-0.30393818	-0.36324978
0.15110302	0.24705413	0.062583335	0.005453847	0.23221385	0.030146163	0.14938188	-0.17756015	-0.041358728	-0.1338981	0.18699123	0.035730276	-0.27913538	-0.1478356	0.036922682	-0.24737775	-0.60998875	0.0077261245	0.10409695	-0.37063953	0.09587347	0.053241935	0.99999964	0.14698912	-0.2601916	-0.10746012	0.12556052	-0.17870718	-0.15428947	0.03739933
0.2899229	0.25706422	-0.28335404	0.17511976	0.26766893	-0.2671224	0.25905368	-0.25455776	0.14375888	0.030589508	0.26257366	0.2716962	-0.39081383	-0.365788	-0.118588544	-0.18425682	-0.24867605	-0.17893411	0.3008964	-0.2940549	0.23577806	0.21351084	0.14698912	0.9999996	-0.2837163	-0.34039512	0.2821213	-0.34320247	-0.41126636	-0.17198347
-0.33479878	-0.36508775	0.17902577	-0.22301805	-0.5681749	0.14052644	-0.36326927	0.16157527	-0.10057515	-0.022503655	-0.18309028	-0.29318285	0.2189304	0.2166653	0.06553715	0.25184488	0.26183677	0.16140613	-0.1758185	0.26437727	-0.17941476	-0.11691243	-0.2601916	-0.2837163	0.9999993	0.24456692	-0.31955478	0.23713899	0.26706147	0.118863866
-0.3512379	-0.19859529	0.2768133	-0.45586443	-0.2924792	0.2679277	-0.36832786	0.031120092	-0.31355864	-0.20249552	-0.16818371	-0.32956004	0.17397037	0.17305094	0.22946201	0.2702275	0.15832052	0.25837642	-0.325063	0.24832623	-0.24774921	-0.2928032	-0.10746012	-0.34039512	0.24456692	0.9999993	-0.19986458	0.298153	0.2889824	0.27439207
0.26138216	0.24911256	-0.3283475	0.14158463	0.24490453	-0.13611008	0.24796285	-0.35731876	0.09613686	-0.053479273	0.26474142	0.25959438	-0.36021146	-0.45094755	-0.039451744	-0.2912978	-0.18679911	-0.28027412	0.2910436	-0.20842941	0.26910836	0.1496091	0.12556052	0.2821213	-0.31955478	-0.19986458	0.99999934	-0.2316886	-0.25951743	-0.1795306
-0.39487302	-0.37768263	0.23244362	-0.29484043	-0.1947602	0.22857407	-0.3966936	0.048722796	-0.26315686	-0.17543016	-0.18425806	-0.2353831	0.19046475	0.20588079	0.22339918	0.27809745	0.2054418	0.26587683	-0.30115286	0.265885	-0.26018375	-0.37763512	-0.17870718	-0.34320247	0.23713899	0.298153	-0.2316886	0.9999995	0.30384368	0.22577095
-0.44102183	-0.39799488	0.23519589	-0.23267287	-0.3241242	0.21744204	-0.28239205	0.12584117	-0.24059659	-0.07247477	-0.28130016	-0.30163908	0.24719189	0.24421093	0.16156635	0.25599763	0.22004856	0.23107675	-0.3492003	0.26781535	-0.19542961	-0.30393818	-0.15428947	-0.41126636	0.26706147	0.2889824	-0.25951743	0.30384368	0.9999996	0.18163054
-0.18767616	-0.057750802	0.24856563	-0.49959925	-0.13686252	0.27533165	-0.25517347	-0.087430395	-0.4421031	-0.27350712	-0.025152255	-0.21743436	0.06958208	0.0404916	0.26142165	0.22045211	0.025811726	0.27566037	-0.20985298	0.1659717	-0.3139988	-0.36324978	0.03739933	-0.17198347	0.118863866	0.27439207	-0.1795306	0.22577095	0.18163054	0.9999996
