1.0000001	0.22216177	0.23038955	0.17796251	0.17118524	-0.337533	-0.23587194	-0.20475602	0.16632275	-0.20532435	-0.38046333	-0.54007745	0.20180354	-0.3237913	-0.2027916	0.18156861	-0.221627	0.25719792	-0.09108439	0.18421687	0.24581197	0.029747764	-0.23201895	-0.14010057	0.25717798	0.26197734	-0.13663264	-0.2003146	0.16872415	-0.30382958
0.22216177	1.0000004	0.14715825	-0.01497259	0.28614125	-0.2564622	-0.014054559	-0.15760396	0.2922724	-0.027524328	-0.14268476	-0.28191945	0.14185369	-0.14004739	-0.41343898	0.0009431535	0.006581363	0.10244086	-0.25966907	0.08182508	0.107074164	-0.22187956	-0.12214939	-0.4112386	0.09248529	0.15506749	-0.012363904	-0.3319723	0.27610272	-0.10408322
0.23038955	0.14715825	1.0000005	0.19334601	0.14020614	-0.30131468	-0.1217946	-0.48625666	0.13988557	-0.1972683	-0.20801592	-0.3853391	0.15800536	-0.4695769	-0.24591024	0.25399444	-0.21212918	0.2685301	-0.00400818	0.15792401	0.1693145	0.106440164	-0.30922526	0.03435598	0.26004234	0.24820645	-0.25720137	-0.25608915	0.13297383	-0.18661144
0.17796251	-0.01497259	0.19334601	1.0000004	-0.03683771	-0.17884016	-0.39913842	-0.3137597	-0.019996597	-0.34746766	-0.11687863	-0.21727712	0.1124796	-0.15492399	0.029727029	0.24683937	-0.38094568	0.27379337	0.08290414	0.25227347	0.24441013	0.18321425	-0.32742918	0.114276625	0.22376738	0.17320448	-0.35625955	-0.027415434	-0.031182805	-0.38483557
0.17118524	0.28614125	0.14020614	-0.03683771	1.0000004	-0.20987417	-0.026839456	-0.15395103	0.26009583	-0.0017127952	-0.12000434	-0.22034934	0.15550219	-0.19702579	-0.39022976	0.04878886	-0.017972453	0.11278385	-0.16786984	0.04738074	0.08976909	-0.14451039	-0.102145925	-0.41236198	0.108725704	0.16243719	-0.14786232	-0.5009943	0.2838121	-0.016243942
-0.337533	-0.2564622	-0.30131468	-0.17884016	-0.20987417	1.0000001	0.22008592	0.2822095	-0.20143473	0.22848098	0.28308207	0.29770166	-0.2688121	0.2845509	0.20621595	-0.2830771	0.21245888	-0.36802348	0.060167577	-0.299543	-0.29814753	-0.12500407	0.26391456	0.041630752	-0.42303452	-0.344487	0.24434614	0.19945295	-0.1674866	0.23882693
-0.23587194	-0.014054559	-0.1217946	-0.39913842	-0.026839456	0.22008592	1.0	0.18083623	-0.0010070304	0.18437111	0.20401555	0.1692345	-0.2137858	0.17376453	0.010337796	-0.17092475	0.18592502	-0.30064768	-0.036568467	-0.4849705	-0.48106164	-0.091872044	0.2841957	-0.007053539	-0.22964211	-0.2974233	0.23662505	-0.0048831226	-0.029031599	0.29722348
-0.20475602	-0.15760396	-0.48625666	-0.3137597	-0.15395103	0.2822095	0.18083623	1.0	-0.1597345	0.22138496	0.25639483	0.27590078	-0.24486774	0.29501802	0.15275711	-0.33322567	0.2132318	-0.33618376	0.050980706	-0.17681211	-0.1874779	-0.14381894	0.25446817	-0.011856518	-0.3223949	-0.41501528	0.26574033	0.21408626	-0.20361683	0.1883697
0.16632275	0.2922724	0.13988557	-0.019996597	0.26009583	-0.20143473	-0.0010070304	-0.1597345	0.99999994	0.054815512	-0.18146303	-0.23764004	0.19034019	-0.07149187	-0.44983152	0.02080211	0.06848671	0.065311834	-0.42392325	0.07562219	0.05666572	-0.30988848	-0.1405414	-0.29850584	0.07170541	0.14404725	-0.0900344	-0.31253138	0.29384187	-0.0021437046
-0.20532435	-0.027524328	-0.1972683	-0.34746766	-0.0017127952	0.22848098	0.18437111	0.22138496	0.054815512	0.9999998	0.13824743	0.19865802	-0.07104262	0.23228754	0.032792542	-0.3439667	0.31168565	-0.36077607	-0.21487503	-0.19244158	-0.16345638	-0.4408989	0.17087223	-0.21540695	-0.3788859	-0.12764964	0.23206104	0.08202692	-0.019579407	0.22064288
-0.38046333	-0.14268476	-0.20801592	-0.11687863	-0.12000434	0.28308207	0.20401555	0.25639483	-0.18146303	0.13824743	0.9999998	0.2577778	-0.31177896	0.24327415	0.1461942	-0.2897533	0.12423111	-0.3037952	0.13898127	-0.25115076	-0.25338265	-0.0040991222	0.23978741	0.06207038	-0.39859474	-0.4712139	0.22758673	0.19871774	-0.2804702	0.193439
-0.54007745	-0.28191945	-0.3853391	-0.21727712	-0.22034934	0.29770166	0.1692345	0.27590078	-0.23764004	0.19865802	0.2577778	0.9999999	-0.22528179	0.2816364	0.21509348	-0.23303653	0.19847527	-0.30049437	0.08582883	-0.16666365	-0.21207494	-0.08666257	0.23050404	0.060291674	-0.2895548	-0.29142264	0.19835149	0.23014332	-0.21007672	0.19830601
0.20180354	0.14185369	0.15800536	0.1124796	0.15550219	-0.2688121	-0.2137858	-0.24486774	0.19034019	-0.07104262	-0.31177896	-0.22528179	0.9999999	-0.23507571	-0.04714328	0.10246803	-0.028475964	0.1967716	-0.40009004	0.16482669	0.16319485	-0.08529021	-0.3707353	-0.19262919	0.1513126	0.26676437	-0.25587007	-0.17575108	0.18938161	-0.06803681
-0.3237913	-0.14004739	-0.4695769	-0.15492399	-0.19702579	0.2845509	0.17376453	0.29501802	-0.07149187	0.23228754	0.24327415	0.2816364	-0.23507571	0.99999994	0.11863285	-0.33913723	0.22657196	-0.33623573	-0.034473293	-0.10953259	-0.21581447	-0.19514057	0.21542826	-0.0077513573	-0.35216033	-0.3829345	0.2268748	0.18764383	-0.109785624	0.18925911
-0.2027916	-0.41343898	-0.24591024	0.029727029	-0.39022976	0.20621595	0.010337796	0.15275711	-0.44983152	0.032792542	0.1461942	0.21509348	-0.04714328	0.11863285	0.99999994	-0.07448549	0.010627415	-0.11365387	0.16549928	-0.13084143	-0.1260429	0.101424165	0.09134875	0.20426191	-0.16920449	-0.108188294	0.058804862	0.27061945	-0.4180786	0.075539984
0.18156861	0.0009431535	0.25399444	0.24683937	0.04878886	-0.2830771	-0.17092475	-0.33322567	0.02080211	-0.3439667	-0.2897533	-0.23303653	0.10246803	-0.33913723	-0.07448549	0.9999999	-0.41885754	0.29653236	0.08432948	0.18601283	0.17993441	0.21293747	-0.22811289	0.14427997	0.29506287	0.21551535	-0.45722118	-0.16997582	0.071920104	-0.20010489
-0.221627	0.006581363	-0.21212918	-0.38094568	-0.017972453	0.21245888	0.18592502	0.2132318	0.06848671	0.31168565	0.12423111	0.19847527	-0.028475964	0.22657196	0.010627415	-0.41885754	0.99999994	-0.3587348	-0.1566579	-0.14367393	-0.24424939	-0.42376965	0.16266242	-0.22096673	-0.30638936	-0.117476515	0.22040972	0.05164603	0.030413378	0.2285561
0.25719792	0.10244086	0.2685301	0.27379337	0.11278385	-0.36802348	-0.30064768	-0.33618376	0.065311834	-0.36077607	-0.3037952	-0.30049437	0.1967716	-0.33623573	-0.11365387	0.29653236	-0.3587348	1.0	0.000546093	0.25277525	0.26337054	0.15766701	-0.37550807	0.0470611	0.3084273	0.26732552	-0.35438365	-0.17755178	0.11351367	-0.2980056
-0.09108439	-0.25966907	-0.00400818	0.08290414	-0.16786984	0.060167577	-0.036568467	0.050980706	-0.42392325	-0.21487503	0.13898127	0.08582883	-0.40009004	-0.034473293	0.16549928	0.08432948	-0.1566579	0.000546093	0.99999994	0.002815789	-0.008440647	0.24385226	0.07425246	0.2559234	0.03154435	-0.16369464	-0.0044672214	0.16595137	-0.37753445	-0.1001784
0.18421687	0.08182508	0.15792401	0.25227347	0.04738074	-0.299543	-0.4849705	-0.17681211	0.07562219	-0.19244158	-0.25115076	-0.16666365	0.16482669	-0.10953259	-0.13084143	0.18601283	-0.14367393	0.25277525	0.002815789	0.9999998	0.28650194	0.036243305	-0.45921555	0.01845311	0.21907307	0.20447654	-0.40110675	-0.027177209	0.043256756	-0.3705181
0.24581197	0.107074164	0.1693145	0.24441013	0.08976909	-0.29814753	-0.48106164	-0.1874779	0.05666572	-0.16345638	-0.25338265	-0.21207494	0.16319485	-0.21581447	-0.1260429	0.17993441	-0.24424939	0.26337054	-0.008440647	0.28650194	0.9999997	0.058021568	-0.3743262	-0.06423596	0.23591967	0.2363236	-0.2040082	-0.049006935	0.0868432	-0.54138947
0.029747764	-0.22187956	0.106440164	0.18321425	-0.14451039	-0.12500407	-0.091872044	-0.14381894	-0.30988848	-0.4408989	-0.0040991222	-0.08666257	-0.08529021	-0.19514057	0.101424165	0.21293747	-0.42376965	0.15766701	0.24385226	0.036243305	0.058021568	0.99999976	-0.03558133	0.26022983	0.17052825	0.035683606	-0.105436884	0.06486001	-0.132902	-0.11403747
-0.23201895	-0.12214939	-0.30922526	-0.32742918	-0.102145925	0.26391456	0.2841957	0.25446817	-0.1405414	0.17087223	0.23978741	0.23050404	-0.3707353	0.21542826	0.09134875	-0.22811289	0.16266242	-0.37550807	0.07425246	-0.45921555	-0.3743262	-0.03558133	0.9999997	0.03708569	-0.19663803	-0.29979897	0.27442628	0.12072026	-0.093186095	0.24698317
-0.14010057	-0.4112386	0.03435598	0.114276625	-0.41236198	0.041630752	-0.007053539	-0.011856518	-0.29850584	-0.21540695	0.06207038	0.060291674	-0.19262919	-0.0077513573	0.20426191	0.14427997	-0.22096673	0.0470611	0.2559234	0.01845311	-0.06423596	0.26022983	0.03708569	0.99999976	0.06646132	-0.08364986	-0.10128084	0.17544179	-0.32163838	-0.033101954
0.25717798	0.09248529	0.26004234	0.22376738	0.108725704	-0.42303452	-0.22964211	-0.3223949	0.07170541	-0.3788859	-0.39859474	-0.2895548	0.1513126	-0.35216033	-0.16920449	0.29506287	-0.30638936	0.3084273	0.03154435	0.21907307	0.23591967	0.17052825	-0.19663803	0.06646132	0.9999996	0.25786337	-0.30521783	-0.16958013	0.11513533	-0.32387748
0.26197734	0.15506749	0.24820645	0.17320448	0.16243719	-0.344487	-0.2974233	-0.41501528	0.14404725	-0.12764964	-0.4712139	-0.29142264	0.26676437	-0.3829345	-0.108188294	0.21551535	-0.117476515	0.26732552	-0.16369464	0.20447654	0.2363236	0.035683606	-0.29979897	-0.08364986	0.25786337	0.9999997	-0.24939544	-0.243263	0.19531026	-0.2285463
-0.13663264	-0.012363904	-0.25720137	-0.35625955	-0.14786232	0.24434614	0.23662505	0.26574033	-0.0900344	0.23206104	0.22758673	0.19835149	-0.25587007	0.2268748	0.058804862	-0.45722118	0.22040972	-0.35438365	-0.0044672214	-0.40110675	-0.2040082	-0.105436884	0.27442628	-0.10128084	-0.30521783	-0.24939544	0.9999997	0.15242158	-0.11065214	0.2117821
-0.2003146	-0.3319723	-0.25608915	-0.027415434	-0.5009943	0.19945295	-0.0048831226	0.21408626	-0.31253138	0.08202692	0.19871774	0.23014332	-0.17575108	0.18764383	0.27061945	-0.16997582	0.05164603	-0.17755178	0.16595137	-0.027177209	-0.049006935	0.06486001	0.12072026	0.17544179	-0.16958013	-0.243263	0.15242158	0.9999997	-0.474898	0.0077130985
0.16872415	0.27610272	0.13297383	-0.031182805	0.2838121	-0.1674866	-0.029031599	-0.20361683	0.29384187	-0.019579407	-0.2804702	-0.21007672	0.18938161	-0.109785624	-0.4180786	0.071920104	0.030413378	0.11351367	-0.37753445	0.043256756	0.0868432	-0.132902	-0.093186095	-0.32163838	0.11513533	0.19531026	-0.11065214	-0.474898	0.99999964	-0.021076337
-0.30382958	-0.10408322	-0.18661144	-0.38483557	-0.016243942	0.23882693	0.29722348	0.1883697	-0.0021437046	0.22064288	0.193439	0.19830601	-0.06803681	0.18925911	0.075539984	-0.20010489	0.2285561	-0.2980056	-0.1001784	-0.3705181	-0.54138947	-0.11403747	0.24698317	-0.033101954	-0.32387748	-0.2285463	0.2117821	0.0077130985	-0.021076337	0.99999964
