0.99999994	0.22788338	0.18981837	-0.2749171	-0.42887542	0.013171341	0.08435862	0.18722433	-0.16344374	-0.3036565	-0.43047833	-0.1694876	0.15523829	0.054967504	-0.030671157	0.24304123	-0.19645816	-0.14578286	0.25682095	-0.17770454	-0.29231152	-0.36734104	0.23984466	-0.017674444	-0.16936074	-0.24599342	0.17879184	0.26399475	0.17547755	0.14355667
0.22788338	0.9999998	0.24747896	-0.33247387	-0.35223103	-0.13197584	0.1681048	0.2529418	-0.18835	-0.23453371	-0.21099128	-0.34958428	0.24762073	0.0059815003	0.04929193	0.25418088	-0.32460356	-0.38390917	0.2815954	-0.19876586	-0.23628539	-0.15186226	0.29886732	-0.14126568	-0.19829902	-0.3915954	0.14638883	0.2728335	0.24684663	0.12675765
0.18981837	0.24747896	0.99999964	-0.289776	-0.20211041	-0.34473833	0.24925321	0.22885674	-0.13572796	-0.30360663	-0.24608614	-0.26360962	0.2489384	0.055163678	-0.010884795	0.19722787	-0.4310076	-0.15538128	0.21641967	-0.24423866	-0.21659894	-0.34784272	0.28195077	-0.018404923	-0.07239309	-0.44983917	0.21004045	0.26273757	0.18049687	0.16390377
-0.2749171	-0.33247387	-0.289776	0.9999993	0.19823308	0.07727425	-0.08079521	-0.40440232	0.2516369	0.25583956	0.23681399	0.10400169	-0.10396625	-0.20430139	0.18730076	-0.14809108	0.23606291	0.046322897	-0.21476929	0.2480242	0.21662979	0.21981077	-0.24812746	-0.16599728	-0.0974868	0.2231271	-0.3710193	-0.22565004	-0.08412374	-0.25513855
-0.42887542	-0.35223103	-0.20211041	0.19823308	0.9999991	0.11491474	-0.23019215	-0.22013713	0.06831836	0.26824075	0.28689194	0.25416473	-0.20518558	-0.009414022	-0.076297164	-0.41162217	0.21235663	0.23405662	-0.4196974	0.17468247	0.22817238	0.18597384	-0.37754434	0.12435494	0.16868156	0.27685642	-0.119171984	-0.37840232	-0.26101294	-0.103956096
0.013171341	-0.13197584	-0.34473833	0.07727425	0.11491474	0.99999917	-0.6114641	-0.24175397	0.0792748	0.2037295	0.07624525	0.18546727	-0.31445396	0.017663276	-0.017273854	-0.18505935	0.14235859	0.16620472	-0.12730527	0.104368344	0.22201478	0.13642456	-0.23534992	0.115274124	0.05676617	0.22074173	-0.21612383	-0.110490315	-0.17300761	-0.22286992
0.08435862	0.1681048	0.24925321	-0.08079521	-0.23019215	-0.6114641	0.99999917	0.20487306	-0.06273386	-0.3144069	-0.107049055	-0.20865573	0.25573686	0.03171107	0.014740764	0.1891592	-0.19124699	-0.18119201	0.17319392	-0.21529397	-0.30793792	-0.21343625	0.22671674	-0.18253034	-0.042719215	-0.31708753	0.16384324	0.18167585	0.18205456	0.1413616
0.18722433	0.2529418	0.22885674	-0.40440232	-0.22013713	-0.24175397	0.20487306	0.9999991	-0.26652312	-0.4201652	-0.24112637	-0.29395348	0.23047622	0.10192002	-0.12644756	0.1755463	-0.2838711	-0.25270972	0.22755437	-0.1768912	-0.41092294	-0.12509735	0.26119787	-0.016419668	0.0075978027	-0.23236446	0.21805929	0.2164718	0.18726462	0.21282776
-0.16344374	-0.18835	-0.13572796	0.2516369	0.06831836	0.0792748	-0.06273386	-0.26652312	0.99999934	0.15144074	0.11502212	-0.031383716	0.00043427965	-0.3479378	0.19925746	0.016462754	0.1688656	-0.032736395	-0.013093633	0.21428537	0.13529433	0.23878804	-0.14688826	-0.28911245	-0.06747143	0.0946231	-0.3430937	-0.19165638	0.06218656	-0.5156999
-0.3036565	-0.23453371	-0.30360663	0.25583956	0.26824075	0.2037295	-0.3144069	-0.4201652	0.15144074	0.9999994	0.28962898	0.23136167	-0.33377388	-0.15618826	0.07244294	-0.2893916	0.2761764	0.1791857	-0.28087726	0.25167856	0.27047518	0.21820301	-0.36832502	0.028782085	0.03626746	0.2863864	-0.27444944	-0.34907663	-0.22633038	-0.16501303
-0.43047833	-0.21099128	-0.24608614	0.23681399	0.28689194	0.07624525	-0.107049055	-0.24112637	0.11502212	0.28962898	0.99999934	0.21631798	-0.31384033	-0.13790278	0.05541993	-0.33666232	0.2474531	0.17696144	-0.39397165	0.22806735	0.23660325	0.19315773	-0.3606051	0.04540609	0.0480603	0.26077467	-0.20318152	-0.33984822	-0.27699226	-0.11403572
-0.1694876	-0.34958428	-0.26360962	0.10400169	0.25416473	0.18546727	-0.20865573	-0.29395348	-0.031383716	0.23136167	0.21631798	0.9999994	-0.41330686	0.108522095	-0.21353002	-0.30286664	0.19201326	0.31187174	-0.38549784	0.07606504	0.23447505	0.09189958	-0.36997426	0.22401978	0.20564628	0.2753646	-0.06374727	-0.24028936	-0.35962713	-0.04563667
0.15523829	0.24762073	0.2489384	-0.10396625	-0.20518558	-0.31445396	0.25573686	0.23047622	0.00043427965	-0.33377388	-0.31384033	-0.41330686	0.99999946	-0.037471056	0.07587323	0.25751436	-0.32560015	-0.3295065	0.27481955	-0.1833293	-0.32910776	-0.0874113	0.28589228	-0.25315467	-0.13203508	-0.33849242	0.079698056	0.23316026	0.29088655	0.064393476
0.054967504	0.0059815003	0.055163678	-0.20430139	-0.009414022	0.017663276	0.03171107	0.10192002	-0.3479378	-0.15618826	-0.13790278	0.108522095	-0.037471056	0.9999995	-0.34502763	-0.10765422	-0.25981423	0.16245289	-0.05529556	-0.43662575	-0.027223023	-0.14462492	0.027259422	0.2523874	0.2118881	0.003842625	0.17628682	0.07237442	-0.19575818	0.18285437
-0.030671157	0.04929193	-0.010884795	0.18730076	-0.076297164	-0.017273854	0.014740764	-0.12644756	0.19925746	0.07244294	0.05541993	-0.21353002	0.07587323	-0.34502763	0.9999996	0.15366295	0.08035976	-0.22837748	0.08430568	0.19470368	0.051726967	0.055015214	0.015928768	-0.3177704	-0.5442378	-0.016545868	-0.2559907	-0.022830784	0.14019497	-0.22429161
0.24304123	0.25418088	0.19722787	-0.14809108	-0.41162217	-0.18505935	0.1891592	0.1755463	0.016462754	-0.2893916	-0.33666232	-0.30286664	0.25751436	-0.10765422	0.15366295	0.9999995	-0.13548349	-0.30517855	0.30748877	-0.08835957	-0.23529989	-0.14713784	0.2675489	-0.26942053	-0.35804927	-0.31767625	0.06420198	0.24260832	0.2824782	-0.0131149385
-0.19645816	-0.32460356	-0.4310076	0.23606291	0.21235663	0.14235859	-0.19124699	-0.2838711	0.1688656	0.2761764	0.2474531	0.19201326	-0.32560015	-0.25981423	0.08035976	-0.13548349	0.9999996	0.14002633	-0.19369237	0.2720671	0.17650191	0.1770928	-0.34256306	-0.042640228	0.0146314325	0.25564092	-0.11974171	-0.3904255	-0.21693827	-0.13747008
-0.14578286	-0.38390917	-0.15538128	0.046322897	0.23405662	0.16620472	-0.18119201	-0.25270972	-0.032736395	0.1791857	0.17696144	0.31187174	-0.3295065	0.16245289	-0.22837748	-0.30517855	0.14002633	0.99999964	-0.34390002	-0.016333092	0.19978763	0.03379551	-0.3064103	0.25745118	0.22901714	0.22948815	-0.004887536	-0.22987522	-0.45205152	0.0016534335
0.25682095	0.2815954	0.21641967	-0.21476929	-0.4196974	-0.12730527	0.17319392	0.22755437	-0.013093633	-0.28087726	-0.39397165	-0.38549784	0.27481955	-0.05529556	0.08430568	0.30748877	-0.19369237	-0.34390002	0.99999946	-0.13285753	-0.34930155	-0.1285562	0.2900387	-0.19570339	-0.23811202	-0.35412213	0.11092205	0.24787231	0.28711903	0.068648264
-0.17770454	-0.19876586	-0.24423866	0.2480242	0.17468247	0.104368344	-0.21529397	-0.1768912	0.21428537	0.25167856	0.22806735	0.07606504	-0.1833293	-0.43662575	0.19470368	-0.08835957	0.2720671	-0.016333092	-0.13285753	0.9999994	0.14575927	0.2084245	-0.27715996	-0.1364784	-0.16231737	0.18815489	-0.26703596	-0.3741891	-0.031417266	-0.18725026
-0.29231152	-0.23628539	-0.21659894	0.21662979	0.22817238	0.22201478	-0.30793792	-0.41092294	0.13529433	0.27047518	0.23660325	0.23447505	-0.32910776	-0.027223023	0.051726967	-0.23529989	0.17650191	0.19978763	-0.34930155	0.14575927	0.99999934	0.18807583	-0.21488029	0.0820965	0.029636988	0.25875828	-0.27606526	-0.15187314	-0.30045298	-0.32770663
-0.36734104	-0.15186226	-0.34784272	0.21981077	0.18597384	0.13642456	-0.21343625	-0.12509735	0.23878804	0.21820301	0.19315773	0.09189958	-0.0874113	-0.14462492	0.055015214	-0.14713784	0.1770928	0.03379551	-0.1285562	0.2084245	0.18807583	0.9999992	-0.18389069	-0.1522271	0.07134146	0.21386866	-0.46737176	-0.30481526	-0.043603405	-0.3666181
0.23984466	0.29886732	0.28195077	-0.24812746	-0.37754434	-0.23534992	0.22671674	0.26119787	-0.14688826	-0.36832502	-0.3606051	-0.36997426	0.28589228	0.027259422	0.015928768	0.2675489	-0.34256306	-0.3064103	0.2900387	-0.27715996	-0.21488029	-0.18389069	0.99999917	-0.101676	-0.13595319	-0.37590268	0.15858704	0.30334634	0.24967183	0.13845475
-0.017674444	-0.14126568	-0.018404923	-0.16599728	0.12435494	0.115274124	-0.18253034	-0.016419668	-0.28911245	0.028782085	0.04540609	0.22401978	-0.25315467	0.2523874	-0.3177704	-0.26942053	-0.042640228	0.25745118	-0.19570339	-0.1364784	0.0820965	-0.1522271	-0.101676	0.9999993	0.21618736	0.09530711	0.15435633	-0.08210344	-0.3835464	0.17054713
-0.16936074	-0.19829902	-0.07239309	-0.0974868	0.16868156	0.05676617	-0.042719215	0.0075978027	-0.06747143	0.03626746	0.0480603	0.20564628	-0.13203508	0.2118881	-0.5442378	-0.35804927	0.0146314325	0.22901714	-0.23811202	-0.16231737	0.029636988	0.07134146	-0.13595319	0.21618736	0.99999917	0.11241977	0.06702741	-0.114198335	-0.18895122	0.046459317
-0.24599342	-0.3915954	-0.44983917	0.2231271	0.27685642	0.22074173	-0.31708753	-0.23236446	0.0946231	0.2863864	0.26077467	0.2753646	-0.33849242	0.003842625	-0.016545868	-0.31767625	0.25564092	0.22948815	-0.35412213	0.18815489	0.25875828	0.21386866	-0.37590268	0.09530711	0.11241977	0.9999992	-0.23332116	-0.2946944	-0.2709863	-0.1566864
0.17879184	0.14638883	0.21004045	-0.3710193	-0.119171984	-0.21612383	0.16384324	0.21805929	-0.3430937	-0.27444944	-0.20318152	-0.06374727	0.079698056	0.17628682	-0.2559907	0.06420198	-0.11974171	-0.004887536	0.11092205	-0.26703596	-0.27606526	-0.46737176	0.15858704	0.15435633	0.06702741	-0.23332116	0.9999991	0.18032509	0.012561863	0.29415214
0.26399475	0.2728335	0.26273757	-0.22565004	-0.37840232	-0.110490315	0.18167585	0.2164718	-0.19165638	-0.34907663	-0.33984822	-0.24028936	0.23316026	0.07237442	-0.022830784	0.24260832	-0.3904255	-0.22987522	0.24787231	-0.3741891	-0.15187314	-0.30481526	0.30334634	-0.08210344	-0.114198335	-0.2946944	0.18032509	0.9999993	0.20535335	0.11770808
0.17547755	0.24684663	0.18049687	-0.08412374	-0.26101294	-0.17300761	0.18205456	0.18726462	0.06218656	-0.22633038	-0.27699226	-0.35962713	0.29088655	-0.19575818	0.14019497	0.2824782	-0.21693827	-0.45205152	0.28711903	-0.031417266	-0.30045298	-0.043603405	0.24967183	-0.3835464	-0.18895122	-0.2709863	0.012561863	0.20535335	0.99999934	-0.037752755
0.14355667	0.12675765	0.16390377	-0.25513855	-0.103956096	-0.22286992	0.1413616	0.21282776	-0.5156999	-0.16501303	-0.11403572	-0.04563667	0.064393476	0.18285437	-0.22429161	-0.0131149385	-0.13747008	0.0016534335	0.068648264	-0.18725026	-0.32770663	-0.3666181	0.13845475	0.17054713	0.046459317	-0.1566864	0.29415214	0.11770808	-0.037752755	0.99999934
