1.0	0.023086324	-0.41445142	0.15186371	0.12967953	0.03990824	-0.14850157	0.010434938	0.0071169115	-0.07622526	-0.10678231	-0.046175014	0.010001894	0.022760808	-0.4907487	-0.054897696	-0.06497443	-0.040133134	0.10272192	0.0813359	-0.47309193	0.047648244	0.0660248	-0.047909018	0.21313661	0.028832823	0.009677615	-0.009428285	0.11760491	-0.08847234
0.023086324	1.0000001	0.029299667	0.23837961	-0.2764565	-0.27087015	-0.41821134	-0.17940226	-0.11641133	0.29576004	-0.32257178	-0.10850244	-0.039995365	-0.03072391	0.03156285	0.13352764	0.26684391	-0.22969292	0.15311436	-0.16175993	-0.049576048	0.078473456	0.23740822	-0.25759038	-0.034352444	0.04404166	-0.29069027	-0.019259792	0.17940396	0.09519564
-0.41445142	0.029299667	1.0	-0.15443833	-0.22657749	-0.013401377	0.055056553	-0.04860976	0.05524299	0.080651775	0.11209611	-0.03517341	-0.052605007	-0.2276534	0.19927324	0.10118126	0.1236449	0.04199363	-0.24975674	0.014024489	0.26897	0.024032913	-0.07962055	0.06096449	-0.49163616	0.037917912	-0.14577062	-0.038708985	-0.14482042	0.11892438
0.15186371	0.23837961	-0.15443833	0.9999998	-0.05060107	-0.1397718	-0.34072304	-0.14793181	-0.054482564	0.21489142	-0.47832286	-0.14131775	0.06394129	0.1348733	-0.12447102	0.03453444	0.15738364	-0.27572623	0.2623179	-0.16072603	-0.16135949	-0.013683641	0.23263006	-0.41027993	0.13224842	-0.060067575	-0.13111958	0.02405501	0.22324713	-0.025298918
0.12967953	-0.2764565	-0.22657749	-0.05060107	0.9999997	-0.07912823	0.14720833	0.23261233	0.17041805	-0.190805	0.057674333	-0.030132229	0.13236998	0.20990302	-0.075456634	-0.36175132	-0.41873735	-0.017882667	0.11221445	-0.048254006	-0.2474859	-0.28989506	-0.1375712	0.030631963	0.25491634	-0.19579436	0.28301618	0.14492092	0.017340068	-0.27632016
0.03990824	-0.27087015	-0.013401377	-0.1397718	-0.07912823	0.99999976	0.09722674	-0.081252	-0.12981983	-0.24288766	0.119269244	0.25250965	-0.31195474	-0.33534166	-0.12992401	0.13085681	-0.064211965	0.297272	-0.28505966	0.26151836	-0.018612439	0.14280464	-0.11555477	0.24737726	-0.069858365	0.22083732	-0.080400154	-0.26104787	-0.37317887	0.19273476
-0.14850157	-0.41821134	0.055056553	-0.34072304	0.14720833	0.09722674	0.99999964	0.22401439	0.17126712	-0.38787967	0.2920164	0.043848578	0.022747397	0.009704813	0.08007266	-0.25377142	-0.3011007	0.10449813	-0.18624192	0.020173073	0.10863603	-0.18541883	-0.3495104	0.19260381	0.01242532	-0.08878226	0.24219762	0.09734342	-0.11895425	-0.14189668
0.010434938	-0.17940226	-0.04860976	-0.14793181	0.23261233	-0.081252	0.22401439	0.9999996	0.2617626	-0.28413317	0.16778411	-0.09420164	0.11334649	0.18522514	0.07281481	-0.23597687	-0.21031772	-0.088534564	0.049655017	-0.20283313	-0.087684475	-0.46449405	-0.38389853	0.058891293	0.15050049	-0.23103078	0.27910674	0.18936622	0.023049718	-0.2782033
0.0071169115	-0.11641133	0.05524299	-0.054482564	0.17041805	-0.12981983	0.17126712	0.2617626	0.9999996	-0.08873386	0.14089416	-0.3428509	0.20175457	0.1642238	0.112945646	-0.35415655	-0.14692816	-0.19178458	0.03349521	-0.17521638	-0.036696747	-0.3682795	-0.31268215	-0.01484609	0.04978667	-0.33175424	0.23507412	0.25071076	0.103304215	-0.2932848
-0.07622526	0.29576004	0.080651775	0.21489142	-0.190805	-0.24288766	-0.38787967	-0.28413317	-0.08873386	0.9999995	-0.30724025	-0.119612	-0.03286879	-0.021078836	0.07978542	0.14344914	0.25997147	-0.2336332	0.10891108	-0.108928084	0.07170487	0.087472536	0.23574372	-0.29910448	-0.1427226	0.012346305	-0.2962658	0.0021818813	0.15863751	0.08064681
-0.10678231	-0.32257178	0.11209611	-0.47832286	0.057674333	0.119269244	0.2920164	0.16778411	0.14089416	-0.30724025	0.9999996	0.008405852	0.004790789	-0.06417576	0.064757444	-0.19073516	-0.19085559	0.15586914	-0.27793983	0.058267564	0.11997866	-0.033203214	-0.43251368	0.22640209	-0.10806271	-0.03679442	0.16826342	0.08649907	-0.14809984	-0.08562567
-0.046175014	-0.10850244	-0.03517341	-0.14131775	-0.030132229	0.25250965	0.043848578	-0.09420164	-0.3428509	-0.119612	0.008405852	0.9999997	-0.5162405	-0.2252547	-0.027502093	0.16746229	-0.057995033	0.26101467	-0.14128461	0.17869449	0.061190955	0.09918301	0.0008021767	0.18581337	-0.037083708	0.21924283	-0.09820506	-0.2891252	-0.4026474	0.23516592
0.010001894	-0.039995365	-0.052605007	0.06394129	0.13236998	-0.31195474	0.022747397	0.11334649	0.20175457	-0.03286879	0.004790789	-0.5162405	0.99999976	0.25674	0.03735971	-0.2287068	-0.0416716	-0.27056628	0.15987499	-0.14539772	-0.09683598	-0.09438518	-0.010044767	-0.11434179	0.10675041	-0.35857323	0.16028902	0.24389383	0.22790238	-0.42753062
0.022760808	-0.03072391	-0.2276534	0.1348733	0.20990302	-0.33534166	0.009704813	0.18522514	0.1642238	-0.021078836	-0.06417576	-0.2252547	0.25674	0.99999976	0.06046874	-0.21524392	-0.10815289	-0.30824706	0.25015062	-0.289201	-0.08901582	-0.26688978	-0.024309995	-0.22639462	0.22145005	-0.35519117	0.20096554	0.2511992	0.22241512	-0.40314233
-0.4907487	0.03156285	0.19927324	-0.12447102	-0.075456634	-0.12992401	0.08007266	0.07281481	0.112945646	0.07978542	0.064757444	-0.027502093	0.03735971	0.06046874	0.9999998	-0.03952214	-0.011544573	-0.11701138	-0.020566488	-0.3211146	0.2552278	-0.19864862	-0.12415808	-0.03974036	-0.15846704	-0.22722784	0.051974628	0.11556261	-0.037522733	-0.01811952
-0.054897696	0.13352764	0.10118126	0.03453444	-0.36175132	0.13085681	-0.25377142	-0.23597687	-0.35415655	0.14344914	-0.19073516	0.16746229	-0.2287068	-0.21524392	-0.03952214	0.9999999	0.21547173	0.10404949	-0.13671888	0.13850352	0.08443072	0.22894442	0.20365173	0.05331547	-0.25625473	0.23977116	-0.40157548	-0.3301417	-0.19884232	0.27920717
-0.06497443	0.26684391	0.1236449	0.15738364	-0.41873735	-0.064211965	-0.3011007	-0.21031772	-0.14692816	0.25997147	-0.19085559	-0.057995033	-0.0416716	-0.10815289	-0.011544573	0.21547173	0.99999994	-0.15439989	0.05772554	-0.10846181	0.040778067	0.14915994	0.22661759	-0.2164831	-0.23423189	0.12266172	-0.39054748	-0.14735304	0.1062702	0.14149354
-0.040133134	-0.22969292	0.04199363	-0.27572623	-0.017882667	0.297272	0.10449813	-0.088534564	-0.19178458	-0.2336332	0.15586914	0.26101467	-0.27056628	-0.30824706	-0.11701138	0.10404949	-0.15439989	1.0	-0.35773125	0.27581555	0.045118578	0.15503195	-0.10840189	0.28228566	-0.077437475	0.21194534	-0.021725269	-0.23709954	-0.39130864	0.1864877
0.10272192	0.15311436	-0.24975674	0.2623179	0.11221445	-0.28505966	-0.18624192	0.049655017	0.03349521	0.10891108	-0.27793983	-0.14128461	0.15987499	0.25015062	-0.020566488	-0.13671888	0.05772554	-0.35773125	1.0	-0.3091031	-0.22726892	-0.19524567	0.11550271	-0.38222438	0.2212504	-0.15992887	0.058413845	0.12907316	0.2601004	-0.14540888
0.0813359	-0.16175993	0.014024489	-0.16072603	-0.048254006	0.26151836	0.020173073	-0.20283313	-0.17521638	-0.108928084	0.058267564	0.17869449	-0.14539772	-0.289201	-0.3211146	0.13850352	-0.10846181	0.27581555	-0.3091031	1.0	-0.08106305	0.21276261	0.020809311	0.22037604	-0.1010268	0.2478468	-0.10273507	-0.3329739	-0.25233614	0.17105779
-0.47309193	-0.049576048	0.26897	-0.16135949	-0.2474859	-0.018612439	0.10863603	-0.087684475	-0.036696747	0.07170487	0.11997866	0.061190955	-0.09683598	-0.08901582	0.2552278	0.08443072	0.040778067	0.045118578	-0.22726892	-0.08106305	0.9999999	0.026403196	-0.08733581	0.057618044	-0.35809845	-0.061136227	-0.051430207	0.02930558	-0.11570955	0.07308286
0.047648244	0.078473456	0.024032913	-0.013683641	-0.28989506	0.14280464	-0.18541883	-0.46449405	-0.3682795	0.087472536	-0.033203214	0.09918301	-0.09438518	-0.26688978	-0.19864862	0.22894442	0.14915994	0.15503195	-0.19524567	0.21276261	0.026403196	0.99999976	0.17242108	0.025299395	-0.19469875	0.22388658	-0.33880454	-0.13125066	-0.10084565	0.20228043
0.0660248	0.23740822	-0.07962055	0.23263006	-0.1375712	-0.11555477	-0.3495104	-0.38389853	-0.31268215	0.23574372	-0.43251368	0.0008021767	-0.010044767	-0.024309995	-0.12415808	0.20365173	0.22661759	-0.10840189	0.11550271	0.020809311	-0.08733581	0.17242108	0.9999999	-0.17679322	-0.018936671	0.13152917	-0.29456624	-0.21929467	0.09956881	0.13254058
-0.047909018	-0.25759038	0.06096449	-0.41027993	0.030631963	0.24737726	0.19260381	0.058891293	-0.01484609	-0.29910448	0.22640209	0.18581337	-0.11434179	-0.22639462	-0.03974036	0.05331547	-0.2164831	0.28228566	-0.38222438	0.22037604	0.057618044	0.025299395	-0.17679322	1.0	-0.14862709	0.11830167	0.03990739	-0.18625045	-0.37000227	0.09084135
0.21313661	-0.034352444	-0.49163616	0.13224842	0.25491634	-0.069858365	0.01242532	0.15050049	0.04978667	-0.1427226	-0.10806271	-0.037083708	0.10675041	0.22145005	-0.15846704	-0.25625473	-0.23423189	-0.077437475	0.2212504	-0.1010268	-0.35809845	-0.19469875	-0.018936671	-0.14862709	0.9999999	-0.14602529	0.19658265	0.106261455	0.12211569	-0.20986123
0.028832823	0.04404166	0.037917912	-0.060067575	-0.19579436	0.22083732	-0.08878226	-0.23103078	-0.33175424	0.012346305	-0.03679442	0.21924283	-0.35857323	-0.35519117	-0.22722784	0.23977116	0.12266172	0.21194534	-0.15992887	0.2478468	-0.061136227	0.22388658	0.13152917	0.11830167	-0.14602529	0.9999999	-0.27165344	-0.45565516	-0.16548713	0.28600198
0.009677615	-0.29069027	-0.14577062	-0.13111958	0.28301618	-0.080400154	0.24219762	0.27910674	0.23507412	-0.2962658	0.16826342	-0.09820506	0.16028902	0.20096554	0.051974628	-0.40157548	-0.39054748	-0.021725269	0.058413845	-0.10273507	-0.051430207	-0.33880454	-0.29456624	0.03990739	0.19658265	-0.27165344	0.9999996	0.2031062	0.020811386	-0.23385115
-0.009428285	-0.019259792	-0.038708985	0.02405501	0.14492092	-0.26104787	0.09734342	0.18936622	0.25071076	0.0021818813	0.08649907	-0.2891252	0.24389383	0.2511992	0.11556261	-0.3301417	-0.14735304	-0.23709954	0.12907316	-0.3329739	0.02930558	-0.13125066	-0.21929467	-0.18625045	0.106261455	-0.45565516	0.2031062	0.9999995	0.19037452	-0.40623894
0.11760491	0.17940396	-0.14482042	0.22324713	0.017340068	-0.37317887	-0.11895425	0.023049718	0.103304215	0.15863751	-0.14809984	-0.4026474	0.22790238	0.22241512	-0.037522733	-0.19884232	0.1062702	-0.39130864	0.2601004	-0.25233614	-0.11570955	-0.10084565	0.09956881	-0.37000227	0.12211569	-0.16548713	0.020811386	0.19037452	0.9999995	-0.2523446
-0.08847234	0.09519564	0.11892438	-0.025298918	-0.27632016	0.19273476	-0.14189668	-0.2782033	-0.2932848	0.08064681	-0.08562567	0.23516592	-0.42753062	-0.40314233	-0.01811952	0.27920717	0.14149354	0.1864877	-0.14540888	0.17105779	0.07308286	0.20228043	0.13254058	0.09084135	-0.20986123	0.28600198	-0.23385115	-0.40623894	-0.2523446	0.9999995
