0.99999994	0.29190427	-0.49745136	0.2442491	-0.02243677	-0.09069607	-0.23665968	0.0028433802	0.0926846	0.093739524	-0.09414063	0.0042396244	-0.14869215	-0.15122236	-0.13701135	-0.16953726	-0.105122	0.001956254	-0.1666418	-0.28539285	0.11411892	0.16370204	-0.28017348	-0.052071862	0.2360101	-0.0069374596	0.057873297	0.23027408	0.1650907	-0.25446656
0.29190427	0.99999994	-0.41357583	0.25889072	0.02448717	-0.13193148	-0.19691797	-0.07529214	0.16666664	0.14404133	-0.148391	-0.038574796	-0.15125953	-0.23684056	-0.19247515	-0.20344442	-0.026655257	0.029778427	-0.33636934	-0.2947392	0.12187901	0.16531414	-0.19030449	0.003189139	0.26667923	-0.07278828	0.07071185	0.24237403	0.1584684	-0.2347925
-0.49745136	-0.41357583	0.99999976	-0.37309954	-0.082179636	0.18278319	0.05497375	0.10340509	-0.24532065	-0.18649685	0.19785635	0.024704596	0.0044816253	0.18942326	0.2006108	0.17552876	-0.06535647	-0.06856682	0.12431746	0.24001427	-0.075258136	-0.13761845	0.14656068	-0.025325324	-0.36697066	0.09408061	-0.19630255	-0.116840586	-0.11627764	0.22792679
0.2442491	0.25889072	-0.37309954	0.9999994	0.13165917	-0.28145945	-0.005282154	-0.12782598	0.16466409	0.16022572	-0.24390619	0.011913757	-0.039561126	-0.23710492	-0.27750832	-0.30348957	0.14723322	0.0837223	-0.07728359	-0.27176386	0.14127669	-0.030952552	-0.38345036	-0.0021183148	0.28501788	-0.24901249	0.09446715	0.23941971	0.25905856	-0.3179448
-0.02243677	0.02448717	-0.082179636	0.13165917	0.99999934	-0.37319165	0.26875028	-0.37742752	0.21372782	0.24620833	-0.2964579	-0.1601628	0.26498222	-0.18396491	-0.38700873	-0.2441727	0.27434453	0.24874014	0.1848332	-0.31512892	-0.14325577	-0.2990046	-0.056986913	0.22858022	0.18086854	-0.37553778	0.25956085	0.030508846	0.084827	-0.32511854
-0.09069607	-0.13193148	0.18278319	-0.28145945	-0.37319165	0.9999994	-0.31918848	0.28088167	-0.3285242	-0.3536912	0.3132198	0.13112271	-0.23174776	0.2067307	0.3080094	0.22734632	-0.3368034	-0.2659607	-0.14296766	0.2549378	0.058631685	0.17419134	0.10335374	-0.13691221	-0.28835773	0.28439236	-0.29139963	-0.056780457	-0.15756994	0.26161242
-0.23665968	-0.19691797	0.05497375	-0.005282154	0.26875028	-0.31918848	0.9999993	-0.31380126	0.116189316	0.14267942	-0.20866154	-0.14541982	0.27896228	-0.03876012	-0.21007733	-0.071418285	0.24530317	0.20401755	0.26493937	-0.104328975	-0.21380392	-0.31954902	0.06574243	0.1955317	0.023055658	-0.37515354	0.19417706	-0.18613233	-0.018250417	-0.09088372
0.0028433802	-0.07529214	0.10340509	-0.12782598	-0.37742752	0.28088167	-0.31380126	0.99999934	-0.2860053	-0.21546116	0.26435208	0.1844325	-0.26816145	0.20714149	0.24086645	0.2052297	-0.35431904	-0.40625536	-0.22035685	0.23053025	0.14565545	0.20753239	0.09398959	-0.3454765	-0.23151982	0.29702753	-0.33913997	-0.066593654	-0.06577325	0.22956735
0.0926846	0.16666664	-0.24532065	0.16466409	0.21372782	-0.3285242	0.116189316	-0.2860053	0.9999992	0.2709803	-0.40027437	-0.12129607	0.13541974	-0.49215603	-0.43745616	-0.15741223	0.16319391	0.23718989	-0.04770292	-0.2217794	-0.117812015	-0.03101659	0.024917437	0.1500955	0.2348231	-0.17230153	0.20043787	0.02604637	0.05803073	-0.19598372
0.093739524	0.14404133	-0.18649685	0.16022572	0.24620833	-0.3536912	0.14267942	-0.21546116	0.2709803	0.999999	-0.39593047	-0.40092915	0.21511036	-0.35593817	-0.3559508	-0.16834119	0.1566955	0.26719686	-0.013264707	-0.3069021	-0.20535272	-0.04349991	-0.03464545	0.22797906	0.2597494	-0.19908872	0.28114402	0.07985309	0.024049584	-0.3341248
-0.09414063	-0.148391	0.19785635	-0.24390619	-0.2964579	0.3132198	-0.20866154	0.26435208	-0.40027437	-0.39593047	0.99999905	0.16930385	-0.2779058	0.2506741	0.30743232	0.20671415	-0.29997718	-0.2943772	-0.036936287	0.25075942	0.087530345	0.112461634	0.061853815	-0.13815287	-0.36585307	0.24488382	-0.32908222	-0.077767774	-0.12556419	0.266377
0.0042396244	-0.038574796	0.024704596	0.011913757	-0.1601628	0.13112271	-0.14541982	0.1844325	-0.12129607	-0.40092915	0.16930385	0.9999991	-0.26397702	0.20832562	0.10794646	-0.00055354583	-0.06699072	-0.3568457	0.011424215	0.14146833	0.26544315	0.004672895	-0.103580944	-0.43210524	-0.1777682	0.12881431	-0.39548725	-0.032629192	0.15063003	0.15191934
-0.14869215	-0.15125953	0.0044816253	-0.039561126	0.26498222	-0.23174776	0.27896228	-0.26816145	0.13541974	0.21511036	-0.2779058	-0.26397702	0.99999917	-0.09100241	-0.21498597	-0.07927714	0.19479044	0.25010845	0.20175575	-0.13167137	-0.41129065	-0.2142257	0.06437663	0.25852013	0.07024139	-0.26933634	0.26508182	-0.0795877	-0.12201866	-0.20909251
-0.15122236	-0.23684056	0.18942326	-0.23710492	-0.18396491	0.2067307	-0.03876012	0.20714149	-0.49215603	-0.35593817	0.2506741	0.20832562	-0.09100241	0.99999934	0.23464517	0.1290342	-0.138113	-0.41952303	0.08632989	0.22517394	0.12030688	-0.030275138	0.07179388	-0.27147043	-0.30467027	0.15300107	-0.19178125	-0.13203032	-0.029162792	0.22147588
-0.13701135	-0.19247515	0.2006108	-0.27750832	-0.38700873	0.3080094	-0.21007733	0.24086645	-0.43745616	-0.3559508	0.30743232	0.10794646	-0.21498597	0.23464517	0.99999934	0.23880176	-0.24031581	-0.21536337	-0.029313702	0.2631023	0.022532199	0.09380147	0.087098934	-0.12763278	-0.29527405	0.24944618	-0.18513623	-0.080570996	-0.23394527	0.26577103
-0.16953726	-0.20344442	0.17552876	-0.30348957	-0.2441727	0.22734632	-0.071418285	0.2052297	-0.15741223	-0.16834119	0.20671415	-0.00055354583	-0.07927714	0.1290342	0.23880176	0.9999995	-0.16535224	-0.17285319	-0.06945767	0.26938933	-0.15753107	0.11120266	0.23860773	-0.11860824	-0.24272798	0.24646808	-0.2384543	-0.26646492	-0.47635472	0.25717303
-0.105122	-0.026655257	-0.06535647	0.14723322	0.27434453	-0.3368034	0.24530317	-0.35431904	0.16319391	0.1566955	-0.29997718	-0.06699072	0.19479044	-0.138113	-0.24031581	-0.16535224	0.99999964	0.20025867	0.20718601	-0.16068919	-0.020925248	-0.4701322	-0.2159072	0.15383886	0.14000316	-0.32222784	0.17002094	0.0135108	0.115773715	-0.1932226
0.001956254	0.029778427	-0.06856682	0.0837223	0.24874014	-0.2659607	0.20401755	-0.40625536	0.23718989	0.26719686	-0.2943772	-0.3568457	0.25010845	-0.41952303	-0.21536337	-0.17285319	0.20025867	0.99999964	0.10470992	-0.15596895	-0.30695307	-0.15806039	-0.024404	0.28305396	0.16453546	-0.268489	0.2803124	-0.007134502	-0.066282675	-0.16849454
-0.1666418	-0.33636934	0.12431746	-0.07728359	0.1848332	-0.14296766	0.26493937	-0.22035685	-0.04770292	-0.013264707	-0.036936287	0.011424215	0.20175575	0.08632989	-0.029313702	-0.06945767	0.20718601	0.10470992	0.9999996	-0.0045207134	-0.14034952	-0.4893328	0.0324621	0.11999143	-0.13434505	-0.26107478	0.09635923	-0.24011284	-0.013022798	-0.01122767
-0.28539285	-0.2947392	0.24001427	-0.27176386	-0.31512892	0.2549378	-0.104328975	0.23053025	-0.2217794	-0.3069021	0.25075942	0.14146833	-0.13167137	0.22517394	0.2631023	0.26938933	-0.16068919	-0.15596895	-0.0045207134	0.99999946	0.011388887	0.012034302	0.19413522	-0.26306045	-0.32322058	0.23535614	-0.2918799	-0.27707526	-0.23726344	0.31713134
0.11411892	0.12187901	-0.075258136	0.14127669	-0.14325577	0.058631685	-0.21380392	0.14565545	-0.117812015	-0.20535272	0.087530345	0.26544315	-0.41129065	0.12030688	0.022532199	-0.15753107	-0.020925248	-0.30695307	-0.14034952	0.011388887	0.9999995	0.07875024	-0.20933557	-0.3135352	-0.011217808	0.058240537	-0.32454947	0.12929365	0.23804256	0.058114417
0.16370204	0.16531414	-0.13761845	-0.030952552	-0.2990046	0.17419134	-0.31954902	0.20753239	-0.03101659	-0.04349991	0.112461634	0.004672895	-0.2142257	-0.030275138	0.09380147	0.11120266	-0.4701322	-0.15806039	-0.4893328	0.012034302	0.07875024	0.9999995	0.053359974	-0.09563541	0.017305074	0.22419922	-0.14931728	0.076171204	-0.08827643	0.062236615
-0.28017348	-0.19030449	0.14656068	-0.38345036	-0.056986913	0.10335374	0.06574243	0.09398959	0.024917437	-0.03464545	0.061853815	-0.103580944	0.06437663	0.07179388	0.087098934	0.23860773	-0.2159072	-0.024404	0.0324621	0.19413522	-0.20933557	0.053359974	0.9999995	-0.0113071175	-0.252773	0.13869515	-0.0077793654	-0.46030006	-0.34197524	0.19600962
-0.052071862	0.003189139	-0.025325324	-0.0021183148	0.22858022	-0.13691221	0.1955317	-0.3454765	0.1500955	0.22797906	-0.13815287	-0.43210524	0.25852013	-0.27147043	-0.12763278	-0.11860824	0.15383886	0.28305396	0.11999143	-0.26306045	-0.3135352	-0.09563541	-0.0113071175	0.99999964	0.099801384	-0.27392918	0.27076143	-0.033589073	-0.12507282	-0.22530755
0.2360101	0.26667923	-0.36697066	0.28501788	0.18086854	-0.28835773	0.023055658	-0.23151982	0.2348231	0.2597494	-0.36585307	-0.1777682	0.07024139	-0.30467027	-0.29527405	-0.24272798	0.14000316	0.16453546	-0.13434505	-0.32322058	-0.011217808	0.017305074	-0.252773	0.099801384	0.9999996	-0.19229826	0.20543945	0.22693112	0.1769602	-0.40038192
-0.0069374596	-0.07278828	0.09408061	-0.24901249	-0.37553778	0.28439236	-0.37515354	0.29702753	-0.17230153	-0.19908872	0.24488382	0.12881431	-0.26933634	0.15300107	0.24944618	0.24646808	-0.32222784	-0.268489	-0.26107478	0.23535614	0.058240537	0.22419922	0.13869515	-0.27392918	-0.19229826	0.9999995	-0.23242937	-0.13980994	-0.18625155	0.24209791
0.057873297	0.07071185	-0.19630255	0.09446715	0.25956085	-0.29139963	0.19417706	-0.33913997	0.20043787	0.28114402	-0.32908222	-0.39548725	0.26508182	-0.19178125	-0.18513623	-0.2384543	0.17002094	0.2803124	0.09635923	-0.2918799	-0.32454947	-0.14931728	-0.0077793654	0.27076143	0.20543945	-0.23242937	0.9999991	0.042585395	-0.03312961	-0.28302252
0.23027408	0.24237403	-0.116840586	0.23941971	0.030508846	-0.056780457	-0.18613233	-0.066593654	0.02604637	0.07985309	-0.077767774	-0.032629192	-0.0795877	-0.13203032	-0.080570996	-0.26646492	0.0135108	-0.007134502	-0.24011284	-0.27707526	0.12929365	0.076171204	-0.46030006	-0.033589073	0.22693112	-0.13980994	0.042585395	0.99999917	0.2175357	-0.30106091
0.1650907	0.1584684	-0.11627764	0.25905856	0.084827	-0.15756994	-0.018250417	-0.06577325	0.05803073	0.024049584	-0.12556419	0.15063003	-0.12201866	-0.029162792	-0.23394527	-0.47635472	0.115773715	-0.066282675	-0.013022798	-0.23726344	0.23804256	-0.08827643	-0.34197524	-0.12507282	0.1769602	-0.18625155	-0.03312961	0.2175357	0.99999917	-0.21224566
-0.25446656	-0.2347925	0.22792679	-0.3179448	-0.32511854	0.26161242	-0.09088372	0.22956735	-0.19598372	-0.3341248	0.266377	0.15191934	-0.20909251	0.22147588	0.26577103	0.25717303	-0.1932226	-0.16849454	-0.01122767	0.31713134	0.058114417	0.062236615	0.19600962	-0.22530755	-0.40038192	0.24209791	-0.28302252	-0.30106091	-0.21224566	0.99999917
