1.0	-0.36282113	-0.29924247	-0.22183587	0.012153974	-0.17007904	-0.442641	0.11556256	-0.27985728	0.111064695	0.21579395	-0.033211652	0.23406558	-0.008203947	-0.04886947	0.042685438	-0.06350181	-0.40369686	0.101833604	0.17718935	-0.19049074	0.042359676	0.026648719	-0.1110242	-0.018913196	0.23797156	0.25229686	0.0049503134	-0.022416634	0.10224834
-0.36282113	0.9999998	0.29018903	0.027783664	-0.1529787	0.24729863	0.26413688	-0.1603422	0.278789	-0.22771679	-0.4074876	-0.081045024	-0.3640843	0.14248691	0.12617432	0.05281182	0.10827291	0.29627988	-0.26807082	-0.045837916	0.21833257	0.094685294	-0.17019281	0.018296506	0.1561332	-0.47058672	-0.40145186	-0.21930066	0.15373234	-0.14345336
-0.29924247	0.29018903	0.9999999	-0.06683123	-0.19274007	0.30018014	0.24639773	-0.28696305	0.3147103	-0.3438834	-0.32677904	-0.24444889	-0.37627926	0.18487056	0.21036206	0.12834132	0.20033693	0.29030514	-0.3074525	0.01957302	0.23782314	0.14938532	-0.16093308	-0.018284494	0.22031254	-0.39113998	-0.40353405	-0.24179018	0.21278979	-0.3452438
-0.22183587	0.027783664	-0.06683123	0.9999996	0.23384024	-0.13153009	0.12752697	0.15522024	-0.031506136	0.15733875	0.073846444	0.25050378	0.011506968	-0.2729697	-0.18312721	-0.294775	-0.19855903	-0.03307939	0.17866512	-0.41130412	-0.27308887	-0.44360906	0.2695264	0.18286107	-0.32700396	0.052605055	0.016765937	0.2557556	-0.29267836	0.18818817
0.012153974	-0.1529787	-0.19274007	0.23384024	0.9999994	-0.33609793	0.022749934	0.25593767	-0.17657064	0.24371451	0.211893	0.27904528	0.11405923	-0.51794773	-0.2379104	-0.36355028	-0.33482975	-0.21666047	0.27885634	-0.21063697	-0.29328898	-0.27412826	0.27400723	0.17147113	-0.21876182	0.18671723	0.14663588	0.24760123	-0.38998473	0.23744102
-0.17007904	0.24729863	0.30018014	-0.13153009	-0.33609793	0.9999993	0.1770259	-0.35791576	0.29203445	-0.38065243	-0.3555901	-0.23787703	-0.25591865	0.24373245	0.2336699	0.18415135	0.24866454	0.2547124	-0.34908804	0.10203704	0.26835594	0.19345008	-0.2902458	-0.062065277	0.23861095	-0.30923638	-0.39787567	-0.19525892	0.25423977	-0.4087048
-0.442641	0.26413688	0.24639773	0.12752697	0.022749934	0.1770259	0.9999991	-0.20295697	0.23120877	-0.17532107	-0.27073497	0.020092996	-0.43433276	-0.041678425	0.045271922	0.0071957665	0.06495429	0.23882702	-0.13434443	-0.141156	0.10519259	-0.026575822	-0.04134207	0.078450195	0.038024586	-0.3374688	-0.2740853	-0.0006216518	0.019910254	-0.1636782
0.11556256	-0.1603422	-0.28696305	0.15522024	0.25593767	-0.35791576	-0.20295697	0.99999887	-0.3578435	0.27649775	0.24239802	0.2685502	0.17311189	-0.22572432	-0.25781396	-0.31295615	-0.42732322	-0.14994936	0.23610303	-0.105519064	-0.3203535	-0.20684044	0.24674378	0.10326722	-0.20417902	0.2545909	0.22877689	0.19835156	-0.44529846	0.26689982
-0.27985728	0.278789	0.3147103	-0.031506136	-0.17657064	0.29203445	0.23120877	-0.3578435	0.9999989	-0.38001546	-0.3101484	-0.22085975	-0.23969953	0.18574193	0.20690733	0.13064043	0.21682094	0.2505639	-0.31922618	0.00017449107	0.22399871	0.12233042	-0.12810242	-0.051492423	0.19728869	-0.42153582	-0.48274964	-0.19714056	0.21282145	-0.26724955
0.111064695	-0.22771679	-0.3438834	0.15733875	0.24371451	-0.38065243	-0.17532107	0.27649775	-0.38001546	0.99999905	0.26660404	0.25142452	0.20242499	-0.30816156	-0.50721353	-0.2031831	-0.31406492	-0.17049555	0.24350262	-0.12292164	-0.23387903	-0.24904647	0.23055026	0.14443146	-0.28023145	0.26127717	0.24432716	0.23201364	-0.26259682	0.29423514
0.21579395	-0.4074876	-0.32677904	0.073846444	0.211893	-0.3555901	-0.27073497	0.24239802	-0.3101484	0.26660404	0.99999905	0.20037596	0.28467575	-0.26493382	-0.282184	-0.19660924	-0.210781	-0.41767505	0.26117656	-0.027359549	-0.22750802	-0.13237613	0.19589792	0.06265376	-0.36547205	0.3052887	0.27640328	0.21026596	-0.26775533	0.25614995
-0.033211652	-0.081045024	-0.24444889	0.25050378	0.27904528	-0.23787703	0.020092996	0.2685502	-0.22085975	0.25142452	0.20037596	0.9999991	0.1179317	-0.24964383	-0.34012038	-0.43420148	-0.39952365	-0.13950007	0.21995638	-0.28885385	-0.18421392	-0.26085186	0.2558789	0.23669441	-0.35078767	0.16501875	0.14056346	0.23307282	-0.44102162	0.26709116
0.23406558	-0.3640843	-0.37627926	0.011506968	0.11405923	-0.25591865	-0.43433276	0.17311189	-0.23969953	0.20242499	0.28467575	0.1179317	0.9999991	-0.09119778	-0.1932415	-0.20840986	-0.08978035	-0.4491719	0.19913644	-0.037380982	-0.12593837	-0.1295282	0.14165442	0.07347315	-0.30747893	0.26840326	0.23734972	0.14455338	-0.119082116	0.21920174
-0.008203947	0.14248691	0.18487056	-0.2729697	-0.51794773	0.24373245	-0.041678425	-0.22572432	0.18574193	-0.30816156	-0.26493382	-0.24964383	-0.09119778	0.999999	0.21464343	0.22852781	0.21649541	0.16844079	-0.5098613	0.20313859	0.2239408	0.23482588	-0.240216	-0.16867378	0.22718367	-0.21160927	-0.14464806	-0.29066	0.28649247	-0.21436466
-0.04886947	0.12617432	0.21036206	-0.18312721	-0.2379104	0.2336699	0.045271922	-0.25781396	0.20690733	-0.50721353	-0.282184	-0.34012038	-0.1932415	0.21464343	0.99999917	0.2618007	0.281305	0.17338201	-0.15130731	0.19928688	0.17092426	0.21421215	-0.27219215	-0.3714965	0.28954497	-0.20271702	-0.15010417	-0.28023565	0.22915109	-0.37807053
0.042685438	0.05281182	0.12834132	-0.294775	-0.36355028	0.18415135	0.0071957665	-0.31295615	0.13064043	-0.2031831	-0.19660924	-0.43420148	-0.20840986	0.22852781	0.2618007	0.9999991	0.27632752	0.11891076	-0.19986473	0.26258045	0.13952261	0.20040397	-0.31866568	-0.43716872	0.2691511	-0.14329298	-0.05425645	-0.14654838	0.25396198	-0.24349275
-0.06350181	0.10827291	0.20033693	-0.19855903	-0.33482975	0.24866454	0.06495429	-0.42732322	0.21682094	-0.31406492	-0.210781	-0.39952365	-0.08978035	0.21649541	0.281305	0.27632752	0.9999991	0.13157147	-0.16241103	0.19176094	0.20186904	0.18150519	-0.28871614	-0.34045944	0.2456785	-0.18099639	-0.24863662	-0.1542511	0.2545392	-0.4062306
-0.40369686	0.29627988	0.29030514	-0.03307939	-0.21666047	0.2547124	0.23882702	-0.14994936	0.2505639	-0.17049555	-0.41767505	-0.13950007	-0.4491719	0.16844079	0.17338201	0.11891076	0.13157147	0.9999993	-0.31142855	0.0009956732	0.21811207	0.14122887	-0.19563575	-0.040663436	0.20425415	-0.2876655	-0.2946392	-0.2679422	0.16706994	-0.27642095
0.101833604	-0.26807082	-0.3074525	0.17866512	0.27885634	-0.34908804	-0.13434443	0.23610303	-0.31922618	0.24350262	0.26117656	0.21995638	0.19913644	-0.5098613	-0.15130731	-0.19986473	-0.16241103	-0.31142855	0.9999993	-0.2328434	-0.26618484	-0.23879096	0.23019625	0.1045764	-0.22049531	0.26220414	0.22477469	0.25152022	-0.3582478	0.23714967
0.17718935	-0.045837916	0.01957302	-0.41130412	-0.21063697	0.10203704	-0.141156	-0.105519064	0.00017449107	-0.12292164	-0.027359549	-0.28885385	-0.037380982	0.20313859	0.19928688	0.26258045	0.19176094	0.0009956732	-0.2328434	0.99999917	0.10250533	0.21541375	-0.2817869	-0.493541	0.2280177	-0.03486482	0.01753049	-0.2267699	0.17722148	-0.23662363
-0.19049074	0.21833257	0.23782314	-0.27308887	-0.29328898	0.26835594	0.10519259	-0.3203535	0.22399871	-0.23387903	-0.22750802	-0.18421392	-0.12593837	0.2239408	0.17092426	0.13952261	0.20186904	0.21811207	-0.26618484	0.10250533	0.9999991	0.25696763	-0.48680297	0.006463214	0.20101495	-0.30886698	-0.3288951	-0.35778025	0.2572412	-0.23494531
0.042359676	0.094685294	0.14938532	-0.44360906	-0.27412826	0.19345008	-0.026575822	-0.20684044	0.12233042	-0.24904647	-0.13237613	-0.26085186	-0.1295282	0.23482588	0.21421215	0.20040397	0.18150519	0.14122887	-0.23879096	0.21541375	0.25696763	0.99999905	-0.45374835	-0.078158826	0.23915257	-0.11893501	-0.100733615	-0.52828103	0.25262335	-0.29690778
0.026648719	-0.17019281	-0.16093308	0.2695264	0.27400723	-0.2902458	-0.04134207	0.24674378	-0.12810242	0.23055026	0.19589792	0.2558789	0.14165442	-0.240216	-0.27219215	-0.31866568	-0.28871614	-0.19563575	0.23019625	-0.2817869	-0.48680297	-0.45374835	0.9999991	0.14046536	-0.26559496	0.18898311	0.14900233	0.28461292	-0.30004278	0.26007098
-0.1110242	0.018296506	-0.018284494	0.18286107	0.17147113	-0.062065277	0.078450195	0.10326722	-0.051492423	0.14443146	0.06265376	0.23669441	0.07347315	-0.16867378	-0.3714965	-0.43716872	-0.34045944	-0.040663436	0.1045764	-0.493541	0.006463214	-0.078158826	0.14046536	0.99999917	-0.31218013	0.014222816	0.021346888	0.082990184	-0.124646686	0.16821958
-0.018913196	0.1561332	0.22031254	-0.32700396	-0.21876182	0.23861095	0.038024586	-0.20417902	0.19728869	-0.28023145	-0.36547205	-0.35078767	-0.30747893	0.22718367	0.28954497	0.2691511	0.2456785	0.20425415	-0.22049531	0.2280177	0.20101495	0.23915257	-0.26559496	-0.31218013	0.99999917	-0.23936269	-0.20322393	-0.3191044	0.24633965	-0.36788493
0.23797156	-0.47058672	-0.39113998	0.052605055	0.18671723	-0.30923638	-0.3374688	0.2545909	-0.42153582	0.26127717	0.3052887	0.16501875	0.26840326	-0.21160927	-0.20271702	-0.14329298	-0.18099639	-0.2876655	0.26220414	-0.03486482	-0.30886698	-0.11893501	0.18898311	0.014222816	-0.23936269	0.99999905	0.30387962	0.19590141	-0.2705878	0.23184107
0.25229686	-0.40145186	-0.40353405	0.016765937	0.14663588	-0.39787567	-0.2740853	0.22877689	-0.48274964	0.24432716	0.27640328	0.14056346	0.23734972	-0.14464806	-0.15010417	-0.05425645	-0.24863662	-0.2946392	0.22477469	0.01753049	-0.3288951	-0.100733615	0.14900233	0.021346888	-0.20322393	0.30387962	0.99999917	0.1637676	-0.1606452	0.22209746
0.0049503134	-0.21930066	-0.24179018	0.2557556	0.24760123	-0.19525892	-0.0006216518	0.19835156	-0.19714056	0.23201364	0.21026596	0.23307282	0.14455338	-0.29066	-0.28023565	-0.14654838	-0.1542511	-0.2679422	0.25152022	-0.2267699	-0.35778025	-0.52828103	0.28461292	0.082990184	-0.3191044	0.19590141	0.1637676	0.9999991	-0.31760424	0.23795383
-0.022416634	0.15373234	0.21278979	-0.29267836	-0.38998473	0.25423977	0.019910254	-0.44529846	0.21282145	-0.26259682	-0.26775533	-0.44102162	-0.119082116	0.28649247	0.22915109	0.25396198	0.2545392	0.16706994	-0.3582478	0.17722148	0.2572412	0.25262335	-0.30004278	-0.124646686	0.24633965	-0.2705878	-0.1606452	-0.31760424	0.99999917	-0.20548381
0.10224834	-0.14345336	-0.3452438	0.18818817	0.23744102	-0.4087048	-0.1636782	0.26689982	-0.26724955	0.29423514	0.25614995	0.26709116	0.21920174	-0.21436466	-0.37807053	-0.24349275	-0.4062306	-0.27642095	0.23714967	-0.23662363	-0.23494531	-0.29690778	0.26007098	0.16821958	-0.36788493	0.23184107	0.22209746	0.23795383	-0.20548381	0.99999917
