1.0000001	-0.1616914	0.15351856	0.09426674	-0.08416445	-0.048081294	0.1649698	-0.35116497	-0.08338697	-0.026983548	0.27414685	-0.19426417	-0.32333547	-0.15271391	-0.212579	0.0725947	-0.12020581	0.22523104	0.2537387	0.015686717	0.2598679	0.1504376	-0.33494127	-0.05969731	0.17730792	-0.033410143	0.005786379	0.049241107	-0.2261444	-0.48398513
-0.1616914	1.0000002	0.08683923	0.2234326	-0.23812954	0.20318025	-0.14148895	-0.05591409	0.26282793	0.23919597	-0.05697804	0.16978583	0.15431689	0.29755196	0.23634538	-0.3210403	-0.27453354	-0.2685543	-0.20970827	-0.26166895	0.05327604	-0.43493012	-0.116532	0.28790888	-0.30478194	0.25438994	-0.27666703	-0.30577943	-0.12455487	0.08396925
0.15351856	0.08683923	1.0000002	0.0757551	-0.57994163	-0.13246346	0.13182999	-0.16587496	-0.012648887	0.0810086	0.20190232	-0.17247035	-0.12197102	0.054120522	0.05458268	-0.2762736	-0.05234615	0.061269253	0.053055685	-0.2944609	0.16055498	-0.018472001	-0.21172632	0.11780144	0.09927225	-0.0006262201	0.09171301	0.0007438056	-0.18062322	-0.20402835
0.09426674	0.2234326	0.0757551	1.0	-0.122409925	0.22117466	-0.12979735	-0.39022058	0.16115686	0.262334	0.15391915	0.1599183	-0.046881564	0.18228099	0.05785278	-0.1680657	-0.26048672	-0.04440213	-0.026745318	-0.14916182	0.23901138	-0.23776786	-0.36088923	0.18413931	-0.090893984	0.21308777	-0.37583724	-0.30042014	-0.36433133	-0.15995874
-0.08416445	-0.23812954	-0.57994163	-0.122409925	0.9999998	0.0057831267	-0.06706824	0.12029141	-0.058360063	-0.11344345	-0.21378416	0.1364336	0.061637577	-0.13307728	-0.2211375	0.25830758	0.08487163	0.021662151	0.017614702	0.22645704	-0.13176388	0.082949676	0.11028769	-0.23204687	-0.03947779	-0.05256536	-0.08751458	0.057051964	0.12197837	0.06958458
-0.048081294	0.20318025	-0.13246346	0.22117466	0.0057831267	0.9999998	-0.47290057	-0.13638277	0.21298729	0.246689	-0.08340733	0.24251378	0.15286066	0.2333788	0.12946784	-0.031556014	-0.33863455	-0.15015347	-0.14282559	-0.101094306	0.04234633	-0.2658093	-0.1572749	0.15864989	-0.26385543	0.2848608	-0.31339964	-0.45313063	-0.06910413	0.02623334
0.1649698	-0.14148895	0.13182999	-0.12979735	-0.06706824	-0.47290057	0.99999976	-0.04201398	-0.332238	-0.3475926	0.17618977	-0.22162682	-0.32954937	-0.2365395	-0.21734346	0.054681838	0.16746877	0.22148325	0.21761991	0.1390802	0.09148459	0.24618305	-0.017337345	-0.14473827	0.27162576	-0.33914098	0.1645296	0.25078347	-0.08362627	-0.1749003
-0.35116497	-0.05591409	-0.16587496	-0.39022058	0.12029141	-0.13638277	-0.04201398	0.9999997	-0.03423158	-0.22989751	-0.40147942	-0.055116445	0.20852959	-0.07375379	0.09117714	0.053218793	0.1914242	-0.18029216	-0.21658571	0.057684112	-0.33365816	0.0004916177	0.2831619	-0.047745712	-0.08446058	-0.07211719	0.1620745	0.13039286	0.30184504	0.27064222
-0.08338697	0.26282793	-0.012648887	0.16115686	-0.058360063	0.21298729	-0.332238	-0.03423158	0.99999976	0.23494889	-0.05269717	0.18798287	0.19707492	0.27023286	0.26802966	-0.31714845	-0.2828753	-0.34495974	-0.29598466	-0.38653108	-0.0057354434	-0.3065093	-0.020947482	0.2686154	-0.3722747	0.26238108	-0.20705058	-0.2247577	-0.08567341	0.09783764
-0.026983548	0.23919597	0.0810086	0.262334	-0.11344345	0.246689	-0.3475926	-0.22989751	0.23494889	0.9999998	0.05704437	0.15438087	0.07227568	0.26591086	0.14927256	-0.21483725	-0.30046985	-0.057238687	-0.09120018	-0.33495262	0.12675415	-0.3949019	-0.2326853	0.23366685	-0.23532537	0.2550829	-0.18426259	-0.3590183	-0.23413976	-0.021557633
0.27414685	-0.05697804	0.20190232	0.15391915	-0.21378416	-0.08340733	0.17618977	-0.40147942	-0.05269717	0.05704437	0.99999976	-0.07650696	-0.37203088	-0.111327946	-0.15819715	-0.07708829	-0.12622905	0.20554288	0.21928886	-0.0145052485	0.27831113	0.11375254	-0.25078866	-0.0075456128	0.1750194	-0.057891298	-0.04105737	-0.006110193	-0.41567847	-0.3317652
-0.19426417	0.16978583	-0.17247035	0.1599183	0.1364336	0.24251378	-0.22162682	-0.055116445	0.18798287	0.15438087	-0.07650696	0.9999998	0.18339284	0.1605568	0.111547425	0.0219741	-0.21022083	-0.25660318	-0.23891176	-0.0752297	-0.020396521	-0.19775543	-0.11924396	0.08861535	-0.27553755	0.22973713	-0.5270147	-0.28534266	-0.036234546	0.11569727
-0.32333547	0.15431689	-0.12197102	-0.046881564	0.061637577	0.15286066	-0.32954937	0.20852959	0.19707492	0.07227568	-0.37203088	0.18339284	1.0	0.1755519	0.23806638	-0.050225593	-0.051187985	-0.4118002	-0.42697367	-0.14526145	-0.2932777	-0.24011794	0.12723503	0.13318667	-0.28582165	0.1724633	-0.08086882	-0.18092324	0.19988513	0.2838079
-0.15271391	0.29755196	0.054120522	0.18228099	-0.13307728	0.2333788	-0.2365395	-0.07375379	0.27023286	0.26591086	-0.111327946	0.1605568	0.1755519	1.0	0.240074	-0.31750336	-0.3290875	-0.22550307	-0.16168046	-0.3160077	0.028147167	-0.40317476	-0.08810641	0.27561742	-0.3863643	0.27124175	-0.17156039	-0.4168613	-0.03046073	0.09911922
-0.212579	0.23634538	0.05458268	0.05785278	-0.2211375	0.12946784	-0.21734346	0.09117714	0.26802966	0.14927256	-0.15819715	0.111547425	0.23806638	0.240074	1.0	-0.3375184	-0.17006618	-0.42953706	-0.38729945	-0.39224622	-0.082479104	-0.2067734	0.06017881	0.24576071	-0.26423627	0.19580662	-0.047541164	-0.19668294	0.057226386	0.18830787
0.0725947	-0.3210403	-0.2762736	-0.1680657	0.25830758	-0.031556014	0.054681838	0.053218793	-0.31714845	-0.21483725	-0.07708829	0.0219741	-0.050225593	-0.31750336	-0.3375184	1.0	0.13641818	0.13306727	0.14640231	0.27819127	-0.029387645	0.19509144	0.014200374	-0.4434414	0.1258658	-0.08883192	0.027862556	0.13130826	0.09328256	-0.06950196
-0.12020581	-0.27453354	-0.05234615	-0.26048672	0.08487163	-0.33863455	0.16746877	0.1914242	-0.2828753	-0.30046985	-0.12622905	-0.21022083	-0.051187985	-0.3290875	-0.17006618	0.13641818	0.99999994	0.121887304	0.0862505	0.22079626	-0.21139233	0.22389925	0.23613663	-0.33341736	0.19852774	-0.4158427	0.23645455	0.283386	0.19553214	0.09400983
0.22523104	-0.2685543	0.061269253	-0.04440213	0.021662151	-0.15015347	0.22148325	-0.18029216	-0.34495974	-0.057238687	0.20554288	-0.25660318	-0.4118002	-0.22550307	-0.42953706	0.13306727	0.121887304	0.9999999	0.29962283	0.17820443	0.13899286	0.2144057	-0.06821561	-0.18088926	0.27363804	-0.32971248	0.11100879	0.17138389	-0.13637082	-0.29310423
0.2537387	-0.20970827	0.053055685	-0.026745318	0.017614702	-0.14282559	0.21761991	-0.21658571	-0.29598466	-0.09120018	0.21928886	-0.23891176	-0.42697367	-0.16168046	-0.38729945	0.14640231	0.0862505	0.29962283	0.9999998	0.17387028	0.18265927	0.22455426	-0.14591463	-0.3119917	0.25243893	-0.15771788	0.06602298	0.13561884	-0.16839406	-0.3467653
0.015686717	-0.26166895	-0.2944609	-0.14916182	0.22645704	-0.101094306	0.1390802	0.057684112	-0.38653108	-0.33495262	-0.0145052485	-0.0752297	-0.14526145	-0.3160077	-0.39224622	0.27819127	0.22079626	0.17820443	0.17387028	0.99999976	-0.08958375	0.23055555	0.09304706	-0.33487022	0.17975017	-0.2484992	0.0805787	0.19477099	0.08759395	-0.012133398
0.2598679	0.05327604	0.16055498	0.23901138	-0.13176388	0.04234633	0.09148459	-0.33365816	-0.0057354434	0.12675415	0.27831113	-0.020396521	-0.2932777	0.028147167	-0.082479104	-0.029387645	-0.21139233	0.13899286	0.18265927	-0.08958375	0.9999997	0.013139829	-0.4253042	0.05379947	0.044184454	0.08381299	-0.2123461	-0.10130137	-0.4761529	-0.38353026
0.1504376	-0.43493012	-0.018472001	-0.23776786	0.082949676	-0.2658093	0.24618305	0.0004916177	-0.3065093	-0.3949019	0.11375254	-0.19775543	-0.24011794	-0.40317476	-0.2067734	0.19509144	0.22389925	0.2144057	0.22455426	0.23055555	0.013139829	0.99999964	0.07747166	-0.3721462	0.2919866	-0.30181888	0.18857646	0.27232188	0.03016523	-0.17573982
-0.33494127	-0.116532	-0.21172632	-0.36088923	0.11028769	-0.1572749	-0.017337345	0.2831619	-0.020947482	-0.2326853	-0.25078866	-0.11924396	0.12723503	-0.08810641	0.06017881	0.014200374	0.23613663	-0.06821561	-0.14591463	0.09304706	-0.4253042	0.07747166	0.9999997	-0.15433544	0.046490733	-0.21099795	0.18859355	0.16666754	0.27466536	0.23716323
-0.05969731	0.28790888	0.11780144	0.18413931	-0.23204687	0.15864989	-0.14473827	-0.047745712	0.2686154	0.23366685	-0.0075456128	0.08861535	0.13318667	0.27561742	0.24576071	-0.4434414	-0.33341736	-0.18088926	-0.3119917	-0.33487022	0.05379947	-0.3721462	-0.15433544	0.99999976	-0.31495345	0.22108135	-0.13575749	-0.1887904	-0.07637225	0.069928035
0.17730792	-0.30478194	0.09927225	-0.090893984	-0.03947779	-0.26385543	0.27162576	-0.08446058	-0.3722747	-0.23532537	0.1750194	-0.27553755	-0.28582165	-0.3863643	-0.26423627	0.1258658	0.19852774	0.27363804	0.25243893	0.17975017	0.044184454	0.2919866	0.046490733	-0.31495345	0.9999999	-0.3560739	0.18712887	0.2500745	-0.06444172	-0.23475058
-0.033410143	0.25438994	-0.0006262201	0.21308777	-0.05256536	0.2848608	-0.33914098	-0.07211719	0.26238108	0.2550829	-0.057891298	0.22973713	0.1724633	0.27124175	0.19580662	-0.08883192	-0.4158427	-0.32971248	-0.15771788	-0.2484992	0.08381299	-0.30181888	-0.21099795	0.22108135	-0.3560739	0.9999999	-0.27623647	-0.40842643	-0.12679407	0.03278221
0.005786379	-0.27666703	0.09171301	-0.37583724	-0.08751458	-0.31339964	0.1645296	0.1620745	-0.20705058	-0.18426259	-0.04105737	-0.5270147	-0.08086882	-0.17156039	-0.047541164	0.027862556	0.23645455	0.11100879	0.06602298	0.0805787	-0.2123461	0.18857646	0.18859355	-0.13575749	0.18712887	-0.27623647	0.9999998	0.25403577	0.16782229	0.0049860626
0.049241107	-0.30577943	0.0007438056	-0.30042014	0.057051964	-0.45313063	0.25078347	0.13039286	-0.2247577	-0.3590183	-0.006110193	-0.28534266	-0.18092324	-0.4168613	-0.19668294	0.13130826	0.283386	0.17138389	0.13561884	0.19477099	-0.10130137	0.27232188	0.16666754	-0.1887904	0.2500745	-0.40842643	0.25403577	0.99999964	0.11564589	-0.03581337
-0.2261444	-0.12455487	-0.18062322	-0.36433133	0.12197837	-0.06910413	-0.08362627	0.30184504	-0.08567341	-0.23413976	-0.41567847	-0.036234546	0.19988513	-0.03046073	0.057226386	0.09328256	0.19553214	-0.13637082	-0.16839406	0.08759395	-0.4761529	0.03016523	0.27466536	-0.07637225	-0.06444172	-0.12679407	0.16782229	0.11564589	0.99999964	0.25351262
-0.48398513	0.08396925	-0.20402835	-0.15995874	0.06958458	0.02623334	-0.1749003	0.27064222	0.09783764	-0.021557633	-0.3317652	0.11569727	0.2838079	0.09911922	0.18830787	-0.06950196	0.09400983	-0.29310423	-0.3467653	-0.012133398	-0.38353026	-0.17573982	0.23716323	0.069928035	-0.23475058	0.03278221	0.0049860626	-0.03581337	0.25351262	0.99999964
