1.0000001	0.21733378	-0.09819343	-0.2321063	-0.43570444	0.08981742	0.2541675	0.11788657	0.17132837	-0.40942553	-0.122559994	-0.25933355	0.20097998	0.1351642	-0.4090601	-0.047202177	-0.17749806	-0.37697074	0.2646187	0.20128937	-0.23803654	0.2430033	0.17791352	0.27087572	-0.17942606	0.0074676075	-0.17416698	-0.06700701	-0.3499193	0.22480255
0.21733378	1.0000002	-0.26342428	-0.29828838	-0.13587785	-0.13584714	0.29786387	0.24632762	0.13582003	-0.21779871	0.07981913	-0.31090412	0.30084953	-0.06481578	-0.19254602	-0.20278147	-0.019159578	-0.35972658	0.20413083	0.15646173	-0.06400524	0.29412597	-0.00515376	0.24263671	-0.33260757	0.12051076	-0.43035653	-0.22694917	-0.35091385	0.31532264
-0.09819343	-0.26342428	0.99999994	0.17422718	0.07329892	0.111199155	-0.27553052	-0.2842612	-0.4626233	0.18750425	-0.11158286	0.23082195	-0.3357063	0.08726882	0.15011358	-0.027227761	-0.03773837	0.16546024	-0.16556787	-0.27045462	0.03333458	-0.2759986	0.05171971	-0.171298	0.18978097	-0.0167874	0.287201	0.123678125	0.2281249	-0.2973121
-0.2321063	-0.29828838	0.17422718	1.0	0.2181885	-0.055753186	-0.43383628	-0.037273083	-0.23264885	0.2774678	0.074742675	0.28146636	-0.34140143	-0.16620997	0.22503363	0.020920496	0.17729037	0.26489234	-0.3221285	-0.17265645	0.22228055	-0.35365716	-0.14281856	-0.478842	0.06935759	0.02537378	0.25553617	0.05772172	0.27522606	-0.35206804
-0.43570444	-0.13587785	0.07329892	0.2181885	0.9999999	-0.24569377	-0.18512893	-0.033130206	-0.34512377	0.2552198	0.19502081	0.13774389	-0.14634861	-0.29093847	0.24503815	-0.05490879	0.20452078	0.23021717	-0.20904861	-0.12148325	0.25629443	-0.18030243	-0.40847996	-0.29188827	0.031156855	0.07927312	0.15681292	-0.027478466	0.19707553	-0.16830152
0.08981742	-0.13584714	0.111199155	-0.055753186	-0.24569377	0.9999996	-0.0031972756	-0.26488733	0.052575514	-0.065894485	-0.55158234	0.10152334	-0.15675871	0.2902764	-0.21531758	0.22586788	-0.29251263	-0.0663293	0.112278216	0.119109266	-0.31616947	-0.08787649	0.28509954	0.021223476	0.18133326	-0.3474192	0.056311265	0.27124053	0.0029076233	-0.11548953
0.2541675	0.29786387	-0.27553052	-0.43383628	-0.18512893	-0.0031972756	0.9999996	0.15816736	0.19278252	-0.30342323	-0.015328279	-0.3955848	0.29383552	0.07131612	-0.23320758	-0.09774487	-0.1282029	-0.3818226	0.26336905	0.21352738	-0.24261345	0.3040778	0.08295744	0.29665548	-0.2289759	0.04420229	-0.37298143	-0.13860537	-0.35188922	0.31519485
0.11788657	0.24632762	-0.2842612	-0.037273083	-0.033130206	-0.26488733	0.15816736	0.9999994	0.04736197	-0.06866819	0.19789618	-0.20482357	0.21903975	-0.3165037	-0.061552677	-0.20897391	0.18150258	-0.13427524	0.05490721	-0.0010320257	0.092905186	0.21376799	-0.22855254	0.08856864	-0.48473334	0.23298353	-0.21713717	-0.353159	-0.1592127	0.20690276
0.17132837	0.13582003	-0.4626233	-0.23264885	-0.34512377	0.052575514	0.19278252	0.04736197	0.9999996	-0.35217792	-0.04596159	-0.19499566	0.15553927	0.103036106	-0.22215672	0.14744718	-0.15485181	-0.1393982	0.23255347	0.23095554	-0.21523775	0.16566618	0.11018621	0.20899403	-0.0240471	-0.13277492	-0.34003997	0.026573896	-0.2793265	0.1605661
-0.40942553	-0.21779871	0.18750425	0.2774678	0.2552198	-0.065894485	-0.30342323	-0.06866819	-0.35217792	0.99999946	0.107641295	0.24758425	-0.26115757	-0.21603884	0.2857673	-0.0017357045	0.20045452	0.27071404	-0.41642216	-0.31798458	0.26160845	-0.3222307	-0.18083295	-0.35258093	0.10550938	0.022429794	0.25236246	-0.012244983	0.2874033	-0.26301223
-0.122559994	0.07981913	-0.11158286	0.074742675	0.19502081	-0.55158234	-0.015328279	0.19789618	-0.04596159	0.107641295	0.9999995	-0.10843603	0.114172	-0.368412	0.17169899	-0.23711048	0.25192308	0.09087909	-0.18137449	-0.12327767	0.25769955	0.04718789	-0.4061722	-0.067243375	-0.13281429	0.23375855	-0.05716628	-0.36579219	0.011179881	0.061233357
-0.25933355	-0.31090412	0.23082195	0.28146636	0.13774389	0.10152334	-0.3955848	-0.20482357	-0.19499566	0.24758425	-0.10843603	0.9999996	-0.44115812	-0.03205923	0.16603695	0.13097106	0.059076976	0.23198894	-0.22434644	-0.14197764	0.11192904	-0.45596367	0.027358884	-0.3838098	0.20168541	-0.08043468	0.27784926	0.16629718	0.26477566	-0.40324968
0.20097998	0.30084953	-0.3357063	-0.34140143	-0.14634861	-0.15675871	0.29383552	0.21903975	0.15553927	-0.26115757	0.114172	-0.44115812	0.9999995	-0.03354242	-0.16300873	-0.25103495	-0.0072864513	-0.22459152	0.18760733	0.12279347	-0.08518122	0.31304663	-0.033673845	0.24114089	-0.27572682	0.13766299	-0.3856685	-0.24881977	-0.21032134	0.3147546
0.1351642	-0.06481578	0.08726882	-0.16620997	-0.29093847	0.2902764	0.07131612	-0.3165037	0.103036106	-0.21603884	-0.368412	-0.03205923	-0.03354242	0.9999996	-0.16960177	0.19273753	-0.3930042	-0.124521405	0.17504321	0.16213167	-0.4067278	0.005789743	0.28465027	0.1289549	0.18632421	-0.3454049	-0.033597484	0.24275164	-0.085717805	-0.018310286
-0.4090601	-0.19254602	0.15011358	0.22503363	0.24503815	-0.21531758	-0.23320758	-0.061552677	-0.22215672	0.2857673	0.17169899	0.16603695	-0.16300873	-0.16960177	0.9999997	-0.13203214	0.2290082	0.27106446	-0.47311372	-0.41838443	0.26852602	-0.25179636	-0.28550157	-0.23326899	0.060694214	0.101541504	0.2131781	-0.028226068	0.2588252	-0.15771
-0.047202177	-0.20278147	-0.027227761	0.020920496	-0.05490879	0.22586788	-0.09774487	-0.20897391	0.14744718	-0.0017357045	-0.23711048	0.13097106	-0.25103495	0.19273753	-0.13203214	0.9999998	-0.19931778	-0.024620997	0.06500881	0.14105761	-0.114188	-0.17530178	0.16123168	-0.049937934	0.21957493	-0.48344624	0.019933809	0.26308295	-0.059681147	-0.22054936
-0.17749806	-0.019159578	-0.03773837	0.17729037	0.20452078	-0.29251263	-0.1282029	0.18150258	-0.15485181	0.20045452	0.25192308	0.059076976	-0.0072864513	-0.3930042	0.2290082	-0.19931778	0.99999976	0.19183128	-0.24591485	-0.39632803	0.29833728	-0.044359077	-0.38303658	-0.22390153	-0.23073879	0.22020565	0.06695521	-0.23583366	0.16329834	-0.07468423
-0.37697074	-0.35972658	0.16546024	0.26489234	0.23021717	-0.0663293	-0.3818226	-0.13427524	-0.1393982	0.27071404	0.09087909	0.23198894	-0.22459152	-0.124521405	0.27106446	-0.024620997	0.19183128	0.9999997	-0.2506736	-0.3700243	0.22795539	-0.23492306	-0.27116245	-0.35970756	0.12412178	0.028423442	0.2501198	0.0155497575	0.29147807	-0.33590803
0.2646187	0.20413083	-0.16556787	-0.3221285	-0.20904861	0.112278216	0.26336905	0.05490721	0.23255347	-0.41642216	-0.18137449	-0.22434644	0.18760733	0.17504321	-0.47311372	0.06500881	-0.24591485	-0.2506736	0.99999976	0.27670112	-0.38110843	0.23818348	0.1806492	0.26669347	-0.08033464	-0.10834983	-0.3318982	0.0006152192	-0.35254887	0.22050686
0.20128937	0.15646173	-0.27045462	-0.17265645	-0.12148325	0.119109266	0.21352738	-0.0010320257	0.23095554	-0.31798458	-0.12327767	-0.14197764	0.12279347	0.16213167	-0.41838443	0.14105761	-0.39632803	-0.3700243	0.27670112	0.9999997	-0.30305487	0.14846501	0.19013257	0.2094561	-0.027635586	-0.1305774	-0.28439063	0.083897054	-0.33957273	0.1628866
-0.23803654	-0.06400524	0.03333458	0.22228055	0.25629443	-0.31616947	-0.24261345	0.092905186	-0.21523775	0.26160845	0.25769955	0.11192904	-0.08518122	-0.4067278	0.26852602	-0.114188	0.29833728	0.22795539	-0.38110843	-0.30305487	0.9999997	-0.14236514	-0.3579778	-0.23180099	-0.06793746	0.17702557	0.13809489	-0.21937081	0.19637749	-0.15655895
0.2430033	0.29412597	-0.2759986	-0.35365716	-0.18030243	-0.08787649	0.3040778	0.21376799	0.16566618	-0.3222307	0.04718789	-0.45596367	0.31304663	0.005789743	-0.25179636	-0.17530178	-0.044359077	-0.23492306	0.23818348	0.14846501	-0.14236514	0.99999946	-0.0032284188	0.26831755	-0.2914227	0.104439996	-0.28405216	-0.27338699	-0.27642438	0.30725533
0.17791352	-0.00515376	0.05171971	-0.14281856	-0.40847996	0.28509954	0.08295744	-0.22855254	0.11018621	-0.18083295	-0.4061722	0.027358884	-0.033673845	0.28465027	-0.28550157	0.16123168	-0.38303658	-0.27116245	0.1806492	0.19013257	-0.3579778	-0.0032284188	0.99999934	0.116105564	0.102341466	-0.16330974	-0.03909924	0.19366924	-0.079202786	0.024224794
0.27087572	0.24263671	-0.171298	-0.478842	-0.29188827	0.021223476	0.29665548	0.08856864	0.20899403	-0.35258093	-0.067243375	-0.3838098	0.24114089	0.1289549	-0.23326899	-0.049937934	-0.22390153	-0.35970756	0.26669347	0.2094561	-0.23180099	0.26831755	0.116105564	0.99999934	-0.06498264	-0.024173133	-0.23298132	-0.043639183	-0.4293605	0.27983466
-0.17942606	-0.33260757	0.18978097	0.06935759	0.031156855	0.18133326	-0.2289759	-0.48473334	-0.0240471	0.10550938	-0.13281429	0.20168541	-0.27572682	0.18632421	0.060694214	0.21957493	-0.23073879	0.12412178	-0.08033464	-0.027635586	-0.06793746	-0.2914227	0.102341466	-0.06498264	0.9999991	-0.37583745	0.18952966	0.2765676	0.106764674	-0.2474844
0.0074676075	0.12051076	-0.0167874	0.02537378	0.07927312	-0.3474192	0.04420229	0.23298353	-0.13277492	0.022429794	0.23375855	-0.08043468	0.13766299	-0.3454049	0.101541504	-0.48344624	0.22020565	0.028423442	-0.10834983	-0.1305774	0.17702557	0.104439996	-0.16330974	-0.024173133	-0.37583745	0.9999992	-0.014830691	-0.46655455	0.04919777	0.10543936
-0.17416698	-0.43035653	0.287201	0.25553617	0.15681292	0.056311265	-0.37298143	-0.21713717	-0.34003997	0.25236246	-0.05716628	0.27784926	-0.3856685	-0.033597484	0.2131781	0.019933809	0.06695521	0.2501198	-0.3318982	-0.28439063	0.13809489	-0.28405216	-0.03909924	-0.23298132	0.18952966	-0.014830691	0.99999934	0.124397986	0.28320414	-0.37307915
-0.06700701	-0.22694917	0.123678125	0.05772172	-0.027478466	0.27124053	-0.13860537	-0.353159	0.026573896	-0.012244983	-0.36579219	0.16629718	-0.24881977	0.24275164	-0.028226068	0.26308295	-0.23583366	0.0155497575	0.0006152192	0.083897054	-0.21937081	-0.27338699	0.19366924	-0.043639183	0.2765676	-0.46655455	0.124397986	0.9999992	0.042259738	-0.18120177
-0.3499193	-0.35091385	0.2281249	0.27522606	0.19707553	0.0029076233	-0.35188922	-0.1592127	-0.2793265	0.2874033	0.011179881	0.26477566	-0.21032134	-0.085717805	0.2588252	-0.059681147	0.16329834	0.29147807	-0.35254887	-0.33957273	0.19637749	-0.27642438	-0.079202786	-0.4293605	0.106764674	0.04919777	0.28320414	0.042259738	0.999999	-0.3339695
0.22480255	0.31532264	-0.2973121	-0.35206804	-0.16830152	-0.11548953	0.31519485	0.20690276	0.1605661	-0.26301223	0.061233357	-0.40324968	0.3147546	-0.018310286	-0.15771	-0.22054936	-0.07468423	-0.33590803	0.22050686	0.1628866	-0.15655895	0.30725533	0.024224794	0.27983466	-0.2474844	0.10543936	-0.37307915	-0.18120177	-0.3339695	0.999999
