1.0	-0.31641445	-0.13946436	-0.3136179	0.25815204	-0.3828717	0.2602199	-0.14538163	-0.3184097	-0.14151986	0.16763587	-0.12882635	0.028650818	0.2703251	-0.28181744	0.26501936	0.18258962	-0.20522268	-0.37663457	0.20501769	0.18080492	0.26859775	-0.15769261	0.26676115	-0.12656555	-0.045767553	0.17778966	0.1520053	-0.440097	-0.16323979
-0.31641445	1.0000002	0.2048328	0.25949162	-0.4186871	0.21462257	-0.2253859	0.07408322	0.22257498	0.16953512	-0.12109315	0.09071008	0.027760936	-0.4000523	0.12027334	-0.24213032	-0.108518034	0.23421851	0.23196241	-0.32552668	-0.2966421	-0.2673849	0.1290017	-0.47026315	0.11066647	0.04936851	-0.2025954	-0.13014685	0.26146436	0.12430112
-0.13946436	0.2048328	1.0000001	0.13328771	-0.44515234	0.14152914	-0.23719846	-0.06295916	0.11611269	0.055536766	0.0005061711	-0.038863398	0.18342273	-0.29931313	0.05754648	-0.10354956	-0.07300077	0.20634386	0.16372174	-0.17021215	0.04573493	-0.4085625	-0.041912235	-0.26562905	-0.009207132	0.054125372	-0.28308195	0.0073402883	0.20070505	0.0073876567
-0.3136179	0.25949162	0.13328771	1.0000002	-0.2854157	0.3075002	-0.36858886	0.21792233	0.32198077	0.24691907	-0.30047235	0.24113382	-0.1472379	-0.32529595	0.26802242	-0.39267284	-0.27850455	0.29066792	0.29115582	-0.40604275	-0.30332074	-0.29281554	0.2636575	-0.34493116	0.25408038	-0.16016749	-0.32655612	-0.11988688	0.14600925	0.12373222
0.25815204	-0.4186871	-0.44515234	-0.2854157	1.0	-0.28250435	0.24650306	-0.017992748	-0.25085473	-0.11385726	0.08132732	-0.041814953	-0.12111153	0.30171683	-0.1443028	0.20908214	0.12745446	-0.33651108	-0.29213402	0.22633028	0.08826059	0.29826957	-0.09508859	0.26681915	-0.07166386	-0.0489489	0.21309337	0.08635339	-0.32397103	-0.113326095
-0.3828717	0.21462257	0.14152914	0.3075002	-0.28250435	1.0	-0.3851653	0.21599554	0.3056801	0.22329867	-0.32048288	0.24821077	-0.20865995	-0.34706995	0.27295786	-0.4209346	-0.22556995	0.26526535	0.28072208	-0.25176576	-0.25868437	-0.3188779	0.24798055	-0.22458759	0.21936984	-0.18058644	-0.3135295	-0.07419862	0.14884584	0.103535086
0.2602199	-0.2253859	-0.23719846	-0.36858886	0.24650306	-0.3851653	1.0000001	-0.15923868	-0.31751475	-0.17149934	0.22182111	-0.2844343	0.10562804	0.2823066	-0.33207753	0.30885732	0.26367188	-0.3768166	-0.37283766	0.29089484	0.19345674	0.27139506	-0.30493292	0.2542443	-0.31983042	0.14526635	0.26136786	0.10753565	-0.18576221	-0.17185396
-0.14538163	0.07408322	-0.06295916	0.21792233	-0.017992748	0.21599554	-0.15923868	1.0000001	0.23171344	0.25087434	-0.50144494	0.30811572	-0.45391768	-0.128756	0.2736661	-0.24439989	-0.26563367	0.14334829	0.12751113	-0.21659394	-0.3443228	-0.06956076	0.29683122	-0.19219969	0.25465828	-0.3432278	-0.19548146	0.08038939	-0.04772943	-0.08623878
-0.3184097	0.22257498	0.11611269	0.32198077	-0.25085473	0.3056801	-0.31751475	0.23171344	1.0000002	0.24308029	-0.25853997	0.25036648	-0.20132841	-0.3255118	0.27739236	-0.38689837	-0.34814286	0.2859815	0.29367322	-0.4121508	-0.28123432	-0.3075474	0.27351224	-0.27403396	0.27366978	-0.24058002	-0.28393096	-0.11114138	0.10341374	0.11870301
-0.14151986	0.16953512	0.055536766	0.24691907	-0.11385726	0.22329867	-0.17149934	0.25087434	0.24308029	1.0000004	-0.23929259	0.25457323	-0.2386777	-0.20402214	0.24020946	-0.2322713	-0.33196056	0.1928412	0.15524396	-0.2077126	-0.4948928	-0.24553695	0.2756476	-0.36430803	0.25775564	-0.17036177	-0.44104168	0.070613764	0.028011726	-0.06714973
0.16763587	-0.12109315	0.0005061711	-0.30047235	0.08132732	-0.32048288	0.22182111	-0.50144494	-0.25853997	-0.23929259	1.0000005	-0.4875785	0.25164294	0.17691463	-0.42796782	0.2450538	0.24051876	-0.18606922	-0.15360683	0.19866776	0.26725945	0.111379206	-0.32575676	0.16796689	-0.25355208	0.25056732	0.22475313	-0.07334567	-0.0020396863	0.04524407
-0.12882635	0.09071008	-0.038863398	0.24113382	-0.041814953	0.24821077	-0.2844343	0.30811572	0.25036648	0.25457323	-0.4875785	1.0000005	-0.35663435	-0.2211667	0.28286386	-0.24246441	-0.24937427	0.19545475	0.1464603	-0.20467101	-0.37432352	-0.1271968	0.30312636	-0.13966219	0.26498878	-0.35522962	-0.29656494	0.062688865	-0.06505489	-0.03480344
0.028650818	0.027760936	0.18342273	-0.1472379	-0.12111153	-0.20865995	0.10562804	-0.45391768	-0.20132841	-0.2386777	0.25164294	-0.35663435	1.0000006	-0.002753585	-0.2025873	0.15513359	0.18326914	-0.024255304	-0.07969964	0.1163631	0.22133242	-0.056091897	-0.44183123	0.067619786	-0.22593841	0.2333955	0.08572995	-0.051916543	0.12932292	0.02338791
0.2703251	-0.4000523	-0.29931313	-0.32529595	0.30171683	-0.34706995	0.2823066	-0.128756	-0.3255118	-0.20402214	0.17691463	-0.2211667	-0.002753585	1.0000007	-0.22170468	0.2594021	0.16245869	-0.42436793	-0.3059098	0.27075228	0.18443595	0.2840667	-0.1696082	0.28017592	-0.122802034	0.07416865	0.261257	0.055597786	-0.30141562	-0.06380193
-0.28181744	0.12027334	0.05754648	0.26802242	-0.1443028	0.27295786	-0.33207753	0.2736661	0.27739236	0.24020946	-0.42796782	0.28286386	-0.2025873	-0.22170468	1.0000008	-0.37514052	-0.41204086	0.22575751	0.21604806	-0.20144169	-0.22214931	-0.14270493	0.27905947	-0.23807262	0.28206965	-0.33433712	-0.2772981	0.0414073	-0.00027873757	-0.023320453
0.26501936	-0.24213032	-0.10354956	-0.39267284	0.20908214	-0.4209346	0.30885732	-0.24439989	-0.38689837	-0.2322713	0.2450538	-0.24246441	0.15513359	0.2594021	-0.37514052	1.000001	0.27640212	-0.31263703	-0.4278266	0.2859714	0.22844405	0.24132721	-0.25646347	0.25069326	-0.3027734	0.16879599	0.23772642	0.11561893	-0.120906845	-0.18642366
0.18258962	-0.108518034	-0.07300077	-0.27850455	0.12745446	-0.22556995	0.26367188	-0.26563367	-0.34814286	-0.33196056	0.24051876	-0.24937427	0.18326914	0.16245869	-0.41204086	0.27640212	1.0000011	-0.20619258	-0.2860546	0.2484743	0.23146614	0.1986326	-0.3683313	0.20716716	-0.5374595	0.19818227	0.24692924	0.05473796	-0.015630703	-0.115509205
-0.20522268	0.23421851	0.20634386	0.29066792	-0.33651108	0.26526535	-0.3768166	0.14334829	0.2859815	0.1928412	-0.18606922	0.19545475	-0.024255304	-0.42436793	0.22575751	-0.31263703	-0.20619258	1.0000011	0.25457084	-0.48934335	-0.20247431	-0.2619772	0.19748484	-0.2209085	0.21074273	-0.23804334	-0.35349792	-0.035643637	0.10664996	0.06466015
-0.37663457	0.23196241	0.16372174	0.29115582	-0.29213402	0.28072208	-0.37283766	0.12751113	0.29367322	0.15524396	-0.15360683	0.1464603	-0.07969964	-0.3059098	0.21604806	-0.4278266	-0.2860546	0.25457084	1.0000011	-0.3263699	-0.12126648	-0.37474358	0.17940538	-0.2864866	0.20304374	-0.09767135	-0.17345268	-0.2819571	0.19623362	0.2169289
0.20501769	-0.32552668	-0.17021215	-0.40604275	0.22633028	-0.25176576	0.29089484	-0.21659394	-0.4121508	-0.2077126	0.19866776	-0.20467101	0.1163631	0.27075228	-0.20144169	0.2859714	0.2484743	-0.48934335	-0.3263699	1.000001	0.22406298	0.23320396	-0.2993547	0.24882366	-0.34605566	0.1755852	0.25965735	0.0647495	-0.08790112	-0.10338356
0.18080492	-0.2966421	0.04573493	-0.30332074	0.08826059	-0.25868437	0.19345674	-0.3443228	-0.28123432	-0.4948928	0.26725945	-0.37432352	0.22133242	0.18443595	-0.22214931	0.22844405	0.23146614	-0.20247431	-0.12126648	0.22406298	1.000001	0.1342932	-0.34163687	0.22945812	-0.28946772	0.16899362	0.23983513	-0.031160984	-0.078178175	0.0019473901
0.26859775	-0.2673849	-0.4085625	-0.29281554	0.29826957	-0.3188779	0.27139506	-0.06956076	-0.3075474	-0.24553695	0.111379206	-0.1271968	-0.056091897	0.2840667	-0.14270493	0.24132721	0.1986326	-0.2619772	-0.37474358	0.23320396	0.1342932	1.0000008	-0.13273197	0.28041244	-0.17483258	-0.032324176	0.24218678	0.14245081	-0.30202326	-0.19127285
-0.15769261	0.1290017	-0.041912235	0.2636575	-0.09508859	0.24798055	-0.30493292	0.29683122	0.27351224	0.2756476	-0.32575676	0.30312636	-0.44183123	-0.1696082	0.27905947	-0.25646347	-0.3683313	0.19748484	0.17940538	-0.2993547	-0.34163687	-0.13273197	1.0000007	-0.21794528	0.2984466	-0.25640625	-0.31217918	0.024173714	-0.04447777	-0.0019548628
0.26676115	-0.47026315	-0.26562905	-0.34493116	0.26681915	-0.22458759	0.2542443	-0.19219969	-0.27403396	-0.36430803	0.16796689	-0.13966219	0.067619786	0.28017592	-0.23807262	0.25069326	0.20716716	-0.2209085	-0.2864866	0.24882366	0.22945812	0.28041244	-0.21794528	1.0000006	-0.20258634	0.010528208	0.25107422	0.098294795	-0.31359905	-0.12479364
-0.12656555	0.11066647	-0.009207132	0.25408038	-0.07166386	0.21936984	-0.31983042	0.25465828	0.27366978	0.25775564	-0.25355208	0.26498878	-0.22593841	-0.122802034	0.28206965	-0.3027734	-0.5374595	0.21074273	0.20304374	-0.34605566	-0.28946772	-0.17483258	0.2984466	-0.20258634	1.0000005	-0.33403978	-0.29258922	0.0054353373	-0.029734692	0.0041907053
-0.045767553	0.04936851	0.054125372	-0.16016749	-0.0489489	-0.18058644	0.14526635	-0.3432278	-0.24058002	-0.17036177	0.25056732	-0.35522962	0.2333955	0.07416865	-0.33433712	0.16879599	0.19818227	-0.23804334	-0.09767135	0.1755852	0.16899362	-0.032324176	-0.25640625	0.010528208	-0.33403978	1.0000004	0.15931343	-0.16576639	0.19675128	0.11844473
0.17778966	-0.2025954	-0.28308195	-0.32655612	0.21309337	-0.3135295	0.26136786	-0.19548146	-0.28393096	-0.44104168	0.22475313	-0.29656494	0.08572995	0.261257	-0.2772981	0.23772642	0.24692924	-0.35349792	-0.17345268	0.25965735	0.23983513	0.24218678	-0.31217918	0.25107422	-0.29258922	0.15931343	1.0000002	-0.07908887	-0.075514525	0.04572461
0.1520053	-0.13014685	0.0073402883	-0.11988688	0.08635339	-0.07419862	0.10753565	0.08038939	-0.11114138	0.070613764	-0.07334567	0.062688865	-0.051916543	0.055597786	0.0414073	0.11561893	0.05473796	-0.035643637	-0.2819571	0.0647495	-0.031160984	0.14245081	0.024173714	0.098294795	0.0054353373	-0.16576639	-0.07908887	1.0000002	-0.2735494	-0.7415772
-0.440097	0.26146436	0.20070505	0.14600925	-0.32397103	0.14884584	-0.18576221	-0.04772943	0.10341374	0.028011726	-0.0020396863	-0.06505489	0.12932292	-0.30141562	-0.00027873757	-0.120906845	-0.015630703	0.10664996	0.19623362	-0.08790112	-0.078178175	-0.30202326	-0.04447777	-0.31359905	-0.029734692	0.19675128	-0.075514525	-0.2735494	1.0000002	0.19048594
-0.16323979	0.12430112	0.0073876567	0.12373222	-0.113326095	0.103535086	-0.17185396	-0.08623878	0.11870301	-0.06714973	0.04524407	-0.03480344	0.02338791	-0.06380193	-0.023320453	-0.18642366	-0.115509205	0.06466015	0.2169289	-0.10338356	0.0019473901	-0.19127285	-0.0019548628	-0.12479364	0.0041907053	0.11844473	0.04572461	-0.7415772	0.19048594	1.0000002
