1.0	-0.1678013	-0.014808045	-0.31664842	-0.0089695435	-0.07089403	-0.090157345	-0.052161206	0.08826094	-0.0945371	0.06669024	0.032675155	0.15701586	-0.19241464	0.14410101	-0.23712584	-0.22472984	-0.27709395	0.19795229	0.21872176	-0.14015687	0.23778492	-0.13781299	-0.052599672	0.0053454507	0.20303982	0.13399744	-0.27776948	-0.37304574	0.24318664
-0.1678013	1.0	0.096166424	0.06867916	-0.0067704176	0.0792353	0.30157563	-0.2355198	0.16788338	0.25778422	0.21498162	-0.31764263	-0.36927205	0.2625026	0.07986428	-0.02972025	0.14451337	-0.067647465	-0.3517437	-0.2987491	-0.15793057	-0.10181163	0.2687777	-0.0776328	-0.36562008	-0.33586648	0.07170935	0.1897141	-0.065201715	-0.25439283
-0.014808045	0.096166424	0.9999998	-0.027879097	-0.46228632	0.26949772	0.11292546	-0.31216303	0.21343905	0.18970363	0.15471251	0.07102117	-0.09735666	-0.029493019	-0.11511167	0.13268162	-0.17216086	-0.1278866	0.0032286632	-0.054851446	-0.42262417	0.02280015	-0.013693068	-0.40525138	-0.14882031	0.014743861	0.23739381	-0.107325315	-0.12391229	0.11736023
-0.31664842	0.06867916	-0.027879097	0.99999976	-0.040848624	0.06414659	0.110530004	0.008890119	-0.002935356	0.09867994	-0.10152492	-0.023285523	-0.25041538	0.1621025	-0.17811075	0.060500294	0.14990687	0.21627139	-0.2071305	-0.25874466	0.09402674	-0.5374498	0.09748698	0.18195629	-0.052360006	-0.23837921	-0.30628332	0.15658994	0.20663643	-0.13435686
-0.0089695435	-0.0067704176	-0.46228632	-0.040848624	0.9999995	-0.5583968	-0.070163764	0.09553399	-0.19464731	-0.13930784	-0.010460102	-0.103942655	0.06475041	0.14894947	0.1317052	-0.12727994	0.18462548	0.08611616	-0.13423228	0.032631606	0.18459128	0.003859873	0.0584005	0.15707998	0.06345197	-0.080108464	-0.17591876	0.1037747	-0.04069844	-0.16140768
-0.07089403	0.0792353	0.26949772	0.06414659	-0.5583968	0.9999994	0.11629813	-0.14189805	0.17671938	0.17699592	0.106161766	0.10743931	-0.15214655	-0.11881081	-0.24788125	0.18643689	-0.22208223	-0.124626294	0.026415722	-0.116963424	-0.27749783	-0.0020682558	-0.0361356	-0.20534313	-0.191936	-0.020898683	0.13002771	-0.06510666	0.029214988	0.08415125
-0.090157345	0.30157563	0.11292546	0.110530004	-0.070163764	0.11629813	0.99999934	-0.20858333	0.19538827	0.26017544	0.22168769	-0.2161586	-0.4747604	0.23198788	0.057110056	-0.06219089	0.096443534	-0.13926585	-0.2317501	-0.33154774	-0.12095167	-0.12285322	0.2465486	-0.0975456	-0.41931778	-0.34709042	0.06835978	0.14644592	-0.04793845	-0.18513872
-0.052161206	-0.2355198	-0.31216303	0.008890119	0.09553399	-0.14189805	-0.20858333	0.9999993	-0.30394286	-0.4984725	-0.44314018	0.005749912	0.1909036	-0.16713811	-0.031826332	-0.029456232	0.078329444	0.19496804	0.12990189	0.095993854	0.2668536	-0.020703053	-0.06020274	0.20489733	0.24768968	0.12061271	-0.29810706	-0.016412972	0.1751971	0.0042189583
0.08826094	0.16788338	0.21343905	-0.002935356	-0.19464731	0.17671938	0.19538827	-0.30394286	0.99999946	0.22499464	0.2476378	-0.05679387	-0.22921872	0.07848206	-0.063055284	0.07257842	-0.19140686	-0.31593928	-0.035856366	-0.0890706	-0.37045285	0.0369616	0.078001365	-0.1437979	-0.4119777	-0.06746857	0.19264707	-0.073543064	-0.33665878	0.11383088
-0.0945371	0.25778422	0.18970363	0.09867994	-0.13930784	0.17699592	0.26017544	-0.4984725	0.22499464	0.9999994	0.2529931	-0.076159276	-0.37668523	0.18180062	0.026987024	0.011619174	-0.01657721	-0.12587954	-0.24438977	-0.29735923	-0.28556466	-0.08905636	0.14923945	-0.117240414	-0.257277	-0.25811353	0.1197925	0.093839705	-0.09368785	-0.074238144
0.06669024	0.21498162	0.15471251	-0.10152492	-0.010460102	0.106161766	0.22168769	-0.44314018	0.2476378	0.2529931	0.99999946	0.014640336	-0.18163995	0.14786015	0.009473238	0.026131032	-0.1050161	-0.33125442	-0.16175318	-0.18603261	-0.2464121	0.07596625	0.084120385	-0.2250279	-0.3855005	-0.15615052	0.19594301	-0.058103316	-0.21505885	-0.011850338
0.032675155	-0.31764263	0.07102117	-0.023285523	-0.103942655	0.10743931	-0.2161586	0.005749912	-0.05679387	-0.076159276	0.014640336	0.9999995	0.16108257	-0.19735818	-0.32061782	0.198953	-0.33578664	-0.08965215	0.20448413	0.130392	0.030382555	0.098511696	-0.45400855	-0.14438716	0.11406541	0.21647228	0.024383007	-0.341294	0.07786437	0.18902048
0.15701586	-0.36927205	-0.09735666	-0.25041538	0.06475041	-0.15214655	-0.4747604	0.1909036	-0.22921872	-0.37668523	-0.18163995	0.16108257	0.9999996	-0.34300226	-0.032891866	-0.012754597	-0.15574554	0.02064943	0.25491962	0.26366574	0.10790334	0.18050751	-0.20864414	0.009744573	0.26245543	0.28254527	-0.024953417	-0.21520947	0.00567381	0.16290191
-0.19241464	0.2625026	-0.029493019	0.1621025	0.14894947	-0.11881081	0.23198788	-0.16713811	0.07848206	0.18180062	0.14786015	-0.19735818	-0.34300226	0.9999997	0.09291416	-0.091950946	0.21676964	0.037914634	-0.45319566	-0.2294142	-0.033701345	-0.26631454	0.24782394	0.046582624	-0.2180283	-0.40827623	-0.014690639	0.24736205	-0.02388738	-0.31531027
0.14410101	0.07986428	-0.11511167	-0.17811075	0.1317052	-0.24788125	0.057110056	-0.031826332	-0.063055284	0.026987024	0.009473238	-0.32061782	-0.032891866	0.09291416	0.99999964	-0.64491767	0.052251022	-0.126282	-0.11086551	0.055765204	0.021474995	0.059420563	0.15449552	0.051394407	-0.026365131	-0.039502453	0.024188709	0.11342514	-0.110717215	-0.026375553
-0.23712584	-0.02972025	0.13268162	0.060500294	-0.12727994	0.18643689	-0.06219089	-0.029456232	0.07257842	0.011619174	0.026131032	0.198953	-0.012754597	-0.091950946	-0.64491767	0.99999964	-0.04143459	0.040804658	0.08532863	-0.072365046	-0.063188925	-0.00064034364	-0.21392126	-0.16818175	-0.029011307	0.039064404	0.04553926	-0.1699284	0.06638995	0.028094437
-0.22472984	0.14451337	-0.17216086	0.14990687	0.18462548	-0.22208223	0.096443534	0.078329444	-0.19140686	-0.01657721	-0.1050161	-0.33578664	-0.15574554	0.21676964	0.052251022	-0.04143459	0.99999964	0.22414654	-0.28543577	-0.26982144	0.1550618	-0.27557617	0.22163385	0.18311134	0.009876406	-0.2795736	-0.14703171	0.26684156	0.1468483	-0.40792605
-0.27709395	-0.067647465	-0.1278866	0.21627139	0.08611616	-0.124626294	-0.13926585	0.19496804	-0.31593928	-0.12587954	-0.33125442	-0.08965215	0.02064943	0.037914634	-0.126282	0.040804658	0.22414654	0.99999976	-0.088738024	-0.07382474	0.22657058	-0.36674	0.03629368	0.22811912	0.17342362	-0.10363185	-0.34303018	0.16697708	0.25494745	-0.20565209
0.19795229	-0.3517437	0.0032286632	-0.2071305	-0.13423228	0.026415722	-0.2317501	0.12990189	-0.035856366	-0.24438977	-0.16175318	0.20448413	0.25491962	-0.45319566	-0.11086551	0.08532863	-0.28543577	-0.088738024	0.9999997	0.24789768	0.018913286	0.20797583	-0.3057876	-0.087407105	0.17242019	0.31103167	0.05845907	-0.39722726	-0.10137211	0.27801582
0.21872176	-0.2987491	-0.054851446	-0.25874466	0.032631606	-0.116963424	-0.33154774	0.095993854	-0.0890706	-0.29735923	-0.18603261	0.130392	0.26366574	-0.2294142	0.055765204	-0.072365046	-0.26982144	-0.07382474	0.24789768	0.99999964	0.00054217374	0.2183765	-0.3571289	-0.08171108	0.1910969	0.27363458	0.09118354	-0.1285996	-0.19065554	0.21699825
-0.14015687	-0.15793057	-0.42262417	0.09402674	0.18459128	-0.27749783	-0.12095167	0.2668536	-0.37045285	-0.28556466	-0.2464121	0.030382555	0.10790334	-0.033701345	0.021474995	-0.063188925	0.1550618	0.22657058	0.018913286	0.00054217374	0.9999996	-0.10973994	-0.03132559	0.24773134	0.21863812	0.0019971773	-0.39932445	0.039141934	0.22478607	-0.17968626
0.23778492	-0.10181163	0.02280015	-0.5374498	0.003859873	-0.0020682558	-0.12285322	-0.020703053	0.0369616	-0.08905636	0.07596625	0.098511696	0.18050751	-0.26631454	0.059420563	-0.00064034364	-0.27557617	-0.36674	0.20797583	0.2183765	-0.10973994	0.9999995	-0.13920061	-0.25791606	0.027493222	0.21123345	0.20864694	-0.21794088	-0.28495774	0.20347488
-0.13781299	0.2687777	-0.013693068	0.09748698	0.0584005	-0.0361356	0.2465486	-0.06020274	0.078001365	0.14923945	0.084120385	-0.45400855	-0.20864414	0.24782394	0.15449552	-0.21392126	0.22163385	0.03629368	-0.3057876	-0.3571289	-0.03132559	-0.13920061	0.9999994	0.092527494	-0.2586249	-0.38693878	-0.06048491	0.25349593	-0.0380896	-0.28681967
-0.052599672	-0.0776328	-0.40525138	0.18195629	0.15707998	-0.20534313	-0.0975456	0.20489733	-0.1437979	-0.117240414	-0.2250279	-0.14438716	0.009744573	0.046582624	0.051394407	-0.16818175	0.18311134	0.22811912	-0.087407105	-0.08171108	0.24773134	-0.25791606	0.092527494	0.9999994	0.11539255	-0.093095414	-0.5255922	0.15491751	0.17071877	-0.16139333
0.0053454507	-0.36562008	-0.14882031	-0.052360006	0.06345197	-0.191936	-0.41931778	0.24768968	-0.4119777	-0.257277	-0.3855005	0.11406541	0.26245543	-0.2180283	-0.026365131	-0.029011307	0.009876406	0.17342362	0.17242019	0.1910969	0.21863812	0.027493222	-0.2586249	0.11539255	0.9999992	0.19697703	-0.1330877	-0.07404874	0.14730889	0.02641183
0.20303982	-0.33586648	0.014743861	-0.23837921	-0.080108464	-0.020898683	-0.34709042	0.12061271	-0.06746857	-0.25811353	-0.15615052	0.21647228	0.28254527	-0.40827623	-0.039502453	0.039064404	-0.2795736	-0.10363185	0.31103167	0.27363458	0.0019971773	0.21123345	-0.38693878	-0.093095414	0.19697703	0.99999946	0.058204792	-0.35289407	-0.03281657	0.271311
0.13399744	0.07170935	0.23739381	-0.30628332	-0.17591876	0.13002771	0.06835978	-0.29810706	0.19264707	0.1197925	0.19594301	0.024383007	-0.024953417	-0.014690639	0.024188709	0.04553926	-0.14703171	-0.34303018	0.05845907	0.09118354	-0.39932445	0.20864694	-0.06048491	-0.5255922	-0.1330877	0.058204792	0.99999946	-0.07515608	-0.27756807	0.12078302
-0.27776948	0.1897141	-0.107325315	0.15658994	0.1037747	-0.06510666	0.14644592	-0.016412972	-0.073543064	0.093839705	-0.058103316	-0.341294	-0.21520947	0.24736205	0.11342514	-0.1699284	0.26684156	0.16697708	-0.39722726	-0.1285996	0.039141934	-0.21794088	0.25349593	0.15491751	-0.07404874	-0.35289407	-0.07515608	0.99999946	0.0719904	-0.43391362
-0.37304574	-0.065201715	-0.12391229	0.20663643	-0.04069844	0.029214988	-0.04793845	0.1751971	-0.33665878	-0.09368785	-0.21505885	0.07786437	0.00567381	-0.02388738	-0.110717215	0.06638995	0.1468483	0.25494745	-0.10137211	-0.19065554	0.22478607	-0.28495774	-0.0380896	0.17071877	0.14730889	-0.03281657	-0.27756807	0.0719904	0.9999994	-0.22126451
0.24318664	-0.25439283	0.11736023	-0.13435686	-0.16140768	0.08415125	-0.18513872	0.0042189583	0.11383088	-0.074238144	-0.011850338	0.18902048	0.16290191	-0.31531027	-0.026375553	0.028094437	-0.40792605	-0.20565209	0.27801582	0.21699825	-0.17968626	0.20347488	-0.28681967	-0.16139333	0.02641183	0.271311	0.12078302	-0.43391362	-0.22126451	0.9999994
