1.0000001	-0.52437997	-0.17570141	-0.2377839	-0.36850262	0.06943123	0.12629953	-0.087788485	0.17523037	0.03338208	0.11416659	-0.08353284	-0.00080521166	-0.05535687	0.081780836	0.12922388	0.1122139	0.177028	0.016036447	0.040103175	-0.04441862	0.064079605	0.031690113	-0.0043930416	-0.11680467	-0.23031358	-0.023800645	-0.3804026	0.07294484	0.090442434
-0.52437997	1.0	0.2077889	0.10317857	0.2443138	-0.11227819	-0.27713633	0.11223563	-0.20203818	-0.055263437	-0.12063176	0.09080127	0.016000343	0.11434108	-0.18724295	-0.13974206	-0.1738358	-0.24962585	-0.059706375	-0.01903441	0.065375574	-0.15173717	0.0049351994	-0.0132349	0.05828357	0.22423495	0.0138940215	0.23978294	-0.025245247	-0.18395264
-0.17570141	0.2077889	0.99999964	0.010683863	0.038991753	-0.1433589	-0.078736655	0.23037803	-0.28577572	0.10927137	-0.12431381	0.22214237	0.047960814	0.03389474	-0.28321123	-0.075269535	-0.08831901	-0.5800318	-0.102329865	0.12288631	0.07080116	-0.33064628	0.092049025	-0.12237534	-0.058197454	0.18931364	-0.21721703	0.2162842	0.078078054	-0.0049278745
-0.2377839	0.10317857	0.010683863	0.9999994	0.24068493	0.19502884	-0.17626627	-0.14460889	0.074492104	-0.12127509	-0.043452345	-0.21328484	0.2438224	0.14799465	0.18159762	-0.30221203	0.03839377	-0.014330554	-0.07512542	-0.32513237	-0.34250683	0.07589344	-0.34197664	0.19135796	0.29808924	-0.040881846	0.1766955	0.04108852	-0.38644284	-0.2535933
-0.36850262	0.2443138	0.038991753	0.24068493	0.9999993	0.035287682	-0.29354572	-0.06787068	-0.12874241	-0.17918365	-0.07298814	-0.01915527	0.17759494	0.19200915	0.026117582	-0.29740193	-0.07346564	-0.067264564	-0.09589527	-0.18753833	-0.10798639	-0.03305208	-0.19734053	0.10925664	0.21991162	0.13108735	0.13014887	0.17547646	-0.27354646	-0.257312
0.06943123	-0.11227819	-0.1433589	0.19502884	0.035287682	0.99999905	-0.23602687	-0.25687864	0.23949002	-0.31602415	0.0502753	-0.35284963	0.11891721	0.13220471	0.26458117	-0.012722142	0.13977034	0.1676409	-0.03563951	-0.32933998	-0.38273802	0.26135904	-0.3240394	0.23829858	0.20876355	-0.18464415	0.2501973	-0.31576318	-0.22588171	-0.14296986
0.12629953	-0.27713633	-0.078736655	-0.17626627	-0.29354572	-0.23602687	0.99999905	0.14141767	-0.013285088	0.20028523	-0.18875526	0.15822054	-0.037879795	-0.39755958	-0.046068184	0.007824677	-0.09371353	0.038853545	0.19619147	0.21031834	0.08785121	-0.12050359	0.19221452	-0.2804324	-0.19918391	-0.04223009	-0.3065608	0.0034464966	0.14092587	0.28410566
-0.087788485	0.11223563	0.23037803	-0.14460889	-0.06787068	-0.25687864	0.14141767	0.99999905	-0.39631116	0.21270454	-0.15163258	0.28850695	-0.0873024	-0.16698311	-0.23439997	-0.112683766	-0.31833386	-0.33214092	0.08573427	0.26026425	0.1501741	-0.25726837	0.22202452	-0.30015442	-0.19813457	0.2452226	-0.39149788	0.19211644	0.18904704	0.17427059
0.17523037	-0.20203818	-0.28577572	0.074492104	-0.12874241	0.23949002	-0.013285088	-0.39631116	0.99999917	-0.17891778	0.07072987	-0.21736777	0.019395944	0.07382143	0.26054597	0.11035747	0.21355058	0.24564487	-0.039823912	-0.24022774	-0.14451681	0.24581538	-0.21503201	0.19216399	0.11064478	-0.43127722	0.16650207	-0.41644222	-0.19419226	-0.09434969
0.03338208	-0.055263437	0.10927137	-0.12127509	-0.17918365	-0.31602415	0.20028523	0.21270454	-0.17891778	0.9999991	0.008242424	0.20462202	-0.1635133	-0.4372616	-0.24929106	-0.005167765	-0.13483931	-0.08723716	0.01779093	0.22261423	0.18854901	-0.38003573	0.22064152	-0.098285176	-0.14490291	0.08531192	-0.38410765	0.03490026	0.22094074	0.17613986
0.11416659	-0.12063176	-0.12431381	-0.043452345	-0.07298814	0.0502753	-0.18875526	-0.15163258	0.07072987	0.008242424	0.9999991	-0.17171855	-0.22867325	0.11516724	-0.0016282132	0.2065978	0.23360737	0.071402736	-0.5119297	-0.0482929	0.11423192	0.053792577	-0.047762915	0.16321474	-0.08065331	-0.20108877	0.07866955	-0.12585561	0.093045324	-0.2536941
-0.08353284	0.09080127	0.22214237	-0.21328484	-0.01915527	-0.35284963	0.15822054	0.28850695	-0.21736777	0.20462202	-0.17171855	0.9999992	-0.026397143	-0.12601654	-0.24896838	-0.109395914	-0.21156539	-0.3132271	0.08048939	0.24942124	0.16442613	-0.38748795	0.22193086	-0.3648468	-0.12128066	0.20032187	-0.43746492	0.19378063	0.1570639	0.172944
-0.00080521166	0.016000343	0.047960814	0.2438224	0.17759494	0.11891721	-0.037879795	-0.0873024	0.019395944	-0.1635133	-0.22867325	-0.026397143	0.99999917	0.08660808	0.1280936	-0.46373692	-0.030591581	-0.04580246	0.08355501	-0.19838387	-0.3580561	-0.034393378	-0.20348842	0.08890512	0.2469088	-0.0057945126	0.08554006	0.049243927	-0.35640278	-0.15120047
-0.05535687	0.11434108	0.03389474	0.14799465	0.19200915	0.13220471	-0.39755958	-0.16698311	0.07382143	-0.4372616	0.11516724	-0.12601654	0.08660808	0.9999992	0.12396852	0.013375739	0.117525555	-0.09261688	-0.2311322	-0.2636527	-0.074260496	0.11911516	-0.29210424	0.18243128	0.15322044	-0.024298467	0.20241225	0.020782612	-0.24683455	-0.42069024
0.081780836	-0.18724295	-0.28321123	0.18159762	0.026117582	0.26458117	-0.046068184	-0.23439997	0.26054597	-0.24929106	-0.0016282132	-0.24896838	0.1280936	0.12396852	0.9999992	0.010940443	0.13812093	0.19412668	-0.07169884	-0.3485023	-0.31991383	0.2604892	-0.4011794	0.18623373	0.21189164	-0.24535298	0.18310763	-0.1887193	-0.36234754	-0.0629562
0.12922388	-0.13974206	-0.075269535	-0.30221203	-0.29740193	-0.012722142	0.007824677	-0.112683766	0.11035747	-0.005167765	0.2065978	-0.109395914	-0.46373692	0.013375739	0.010940443	0.9999992	0.17596814	0.07717647	-0.16985667	0.032052286	0.15702073	0.110246025	0.06608031	0.012097325	-0.33079973	-0.16945913	0.030929571	-0.1358355	0.16199194	0.022510642
0.1122139	-0.1738358	-0.08831901	0.03839377	-0.07346564	0.13977034	-0.09371353	-0.31833386	0.21355058	-0.13483931	0.23360737	-0.21156539	-0.030591581	0.117525555	0.13812093	0.17596814	0.99999934	0.101870626	-0.37696588	-0.1581934	0.020837583	0.12138205	-0.16455258	0.18579803	-0.0046868194	-0.5394413	0.14309072	-0.18170267	-0.051732857	-0.14010543
0.177028	-0.24962585	-0.5800318	-0.014330554	-0.067264564	0.1676409	0.038853545	-0.33214092	0.24564487	-0.08723716	0.071402736	-0.3132271	-0.04580246	-0.09261688	0.19412668	0.07717647	0.101870626	0.9999994	0.0712183	-0.13979387	-0.08269087	0.2276664	-0.054162998	0.10435997	0.05193752	-0.2402564	0.15469788	-0.3290186	-0.087955475	0.032654274
0.016036447	-0.059706375	-0.102329865	-0.07512542	-0.09589527	-0.03563951	0.19619147	0.08573427	-0.039823912	0.01779093	-0.5119297	0.08048939	0.08355501	-0.2311322	-0.07169884	-0.16985667	-0.37696588	0.0712183	0.9999994	0.11915159	-0.08473245	0.0049230787	0.124958016	-0.21270776	-0.06207786	0.12271501	-0.036965355	0.032165807	0.0015924197	0.21017535
0.040103175	-0.01903441	0.12288631	-0.32513237	-0.18753833	-0.32933998	0.21031834	0.26026425	-0.24022774	0.22261423	-0.0482929	0.24942124	-0.19838387	-0.2636527	-0.3485023	0.032052286	-0.1581934	-0.13979387	0.11915159	0.99999934	0.22154842	-0.23229222	0.31646177	-0.41093507	-0.36775714	0.12539232	-0.27796495	0.123373196	0.2831854	0.22038238
-0.04441862	0.065375574	0.07080116	-0.34250683	-0.10798639	-0.38273802	0.08785121	0.1501741	-0.14451681	0.18854901	0.11423192	0.16442613	-0.3580561	-0.074260496	-0.31991383	0.15702073	0.020837583	-0.08269087	-0.08473245	0.22154842	0.99999934	-0.17651412	0.21842259	-0.097679295	-0.41123062	0.0494485	-0.26720417	0.05194646	0.2671838	0.06673288
0.064079605	-0.15173717	-0.33064628	0.07589344	-0.03305208	0.26135904	-0.12050359	-0.25726837	0.24581538	-0.38003573	0.053792577	-0.38748795	-0.034393378	0.11911516	0.2604892	0.110246025	0.12138205	0.2276664	0.0049230787	-0.23229222	-0.17651412	0.9999993	-0.29551965	0.19385089	0.12941696	-0.15717657	0.23075569	-0.27574277	-0.2043397	-0.06195955
0.031690113	0.0049351994	0.092049025	-0.34197664	-0.19734053	-0.3240394	0.19221452	0.22202452	-0.21503201	0.22064152	-0.047762915	0.22193086	-0.20348842	-0.29210424	-0.4011794	0.06608031	-0.16455258	-0.054162998	0.124958016	0.31646177	0.21842259	-0.29551965	0.9999993	-0.37331364	-0.328455	0.10981394	-0.18934692	0.11083106	0.29020354	0.20614251
-0.0043930416	-0.0132349	-0.12237534	0.19135796	0.10925664	0.23829858	-0.2804324	-0.30015442	0.19216399	-0.098285176	0.16321474	-0.3648468	0.08890512	0.18243128	0.18623373	0.012097325	0.18579803	0.10435997	-0.21270776	-0.41093507	-0.097679295	0.19385089	-0.37331364	0.99999934	0.17510383	-0.16248564	0.222101	-0.2593434	-0.20525256	-0.33968687
-0.11680467	0.05828357	-0.058197454	0.29808924	0.21991162	0.20876355	-0.19918391	-0.19813457	0.11064478	-0.14490291	-0.08065331	-0.12128066	0.2469088	0.15322044	0.21189164	-0.33079973	-0.0046868194	0.05193752	-0.06207786	-0.36775714	-0.41123062	0.12941696	-0.328455	0.17510383	0.99999934	-0.024671378	0.15804167	-0.018473003	-0.39838865	-0.15646875
-0.23031358	0.22423495	0.18931364	-0.040881846	0.13108735	-0.18464415	-0.04223009	0.2452226	-0.43127722	0.08531192	-0.20108877	0.20032187	-0.0057945126	-0.024298467	-0.24535298	-0.16945913	-0.5394413	-0.2402564	0.12271501	0.12539232	0.0494485	-0.15717657	0.10981394	-0.16248564	-0.024671378	0.9999993	-0.13953692	0.23229562	0.06580753	0.05803821
-0.023800645	0.0138940215	-0.21721703	0.1766955	0.13014887	0.2501973	-0.3065608	-0.39149788	0.16650207	-0.38410765	0.07866955	-0.43746492	0.08554006	0.20241225	0.18310763	0.030929571	0.14309072	0.15469788	-0.036965355	-0.27796495	-0.26720417	0.23075569	-0.18934692	0.222101	0.15804167	-0.13953692	0.99999934	-0.06270749	-0.17388824	-0.31840503
-0.3804026	0.23978294	0.2162842	0.04108852	0.17547646	-0.31576318	0.0034464966	0.19211644	-0.41644222	0.03490026	-0.12585561	0.19378063	0.049243927	0.020782612	-0.1887193	-0.1358355	-0.18170267	-0.3290186	0.032165807	0.123373196	0.05194646	-0.27574277	0.11083106	-0.2593434	-0.018473003	0.23229562	-0.06270749	0.99999946	0.0076490715	-0.03507372
0.07294484	-0.025245247	0.078078054	-0.38644284	-0.27354646	-0.22588171	0.14092587	0.18904704	-0.19419226	0.22094074	0.093045324	0.1570639	-0.35640278	-0.24683455	-0.36234754	0.16199194	-0.051732857	-0.087955475	0.0015924197	0.2831854	0.2671838	-0.2043397	0.29020354	-0.20525256	-0.39838865	0.06580753	-0.17388824	0.0076490715	0.9999995	0.16291255
0.090442434	-0.18395264	-0.0049278745	-0.2535933	-0.257312	-0.14296986	0.28410566	0.17427059	-0.09434969	0.17613986	-0.2536941	0.172944	-0.15120047	-0.42069024	-0.0629562	0.022510642	-0.14010543	0.032654274	0.21017535	0.22038238	0.06673288	-0.06195955	0.20614251	-0.33968687	-0.15646875	0.05803821	-0.31840503	-0.03507372	0.16291255	0.9999995
