1.0000001	0.0204491	-0.2873537	-0.21425146	0.15288848	0.058443103	-0.38604835	-0.11067971	-0.4242173	-0.06842534	0.037147727	0.16525523	0.23398407	-0.33273277	-0.19144686	-0.18834211	-0.12199627	-0.098326236	0.23509213	-0.004536637	-0.20389768	0.104178645	0.13425037	0.11871608	0.07272805	0.18956311	-0.0820942	-0.09818295	0.096202314	0.19368297
0.0204491	0.9999999	-0.06962726	-0.25119182	0.15552488	-0.47847342	-0.03249943	-0.07339932	0.060720157	-0.1477935	0.11919528	0.09648975	0.04756341	-0.13441674	-0.00995949	-0.06857998	-0.14348722	-0.18151692	0.03917438	0.25582778	-0.025980486	0.07499858	0.030264577	0.12059646	0.15297994	0.081225954	-0.49174944	-0.2353927	0.090024054	-0.00088386255
-0.2873537	-0.06962726	0.99999994	0.14568393	-0.096731454	-0.010968045	0.20034662	-0.088593185	0.026911385	0.15434407	0.11070817	-0.18906063	-0.3388727	-0.014772065	-0.06590099	0.27061287	-0.085927226	0.07595735	-0.3285408	-0.1105445	0.25836655	0.15640132	0.09999631	-0.12660111	-0.18672271	-0.32616454	0.17455621	0.1362633	-0.48581293	0.002121404
-0.21425146	-0.25119182	0.14568393	0.9999998	-0.2494769	0.059482228	0.2100043	0.06620479	0.05055285	0.24492884	-0.0002704384	-0.33996218	-0.22141688	0.070026256	-0.07383047	0.15647468	0.044823762	0.24591318	-0.15081026	-0.13955969	0.19602744	-0.03235992	0.03574988	-0.49901417	-0.41590694	-0.13856202	0.2358553	0.21015806	-0.17871808	-0.066486426
0.15288848	0.15552488	-0.096731454	-0.2494769	0.99999976	-0.07310504	-0.21580853	-0.31625393	-0.17730859	-0.40420768	0.18388297	0.24889283	0.2119718	-0.35243833	-0.23000796	0.02348987	-0.284061	-0.31279618	0.17814106	0.14486739	-0.11714372	0.2099024	0.17085816	0.124900684	0.23967926	0.16059789	-0.18870556	-0.43504557	-0.0024465981	0.25002122
0.058443103	-0.47847342	-0.010968045	0.059482228	-0.07310504	0.9999994	0.032252874	-0.04767841	-0.039262194	0.06749858	-0.0023328506	-0.15842794	0.02213027	0.06786721	0.036839023	-0.004128326	0.02968017	0.073154636	-0.04004513	-0.6489741	-0.019809106	-0.09677742	-0.07768491	0.019113246	-0.0006357005	-0.064730905	0.16403852	0.11780476	-0.034394357	0.04919184
-0.38604835	-0.03249943	0.20034662	0.2100043	-0.21580853	0.032252874	0.99999934	0.15170659	0.21118674	0.22679944	-0.098926604	-0.4052035	-0.39375487	0.18587475	0.12965257	0.1339315	0.13782108	0.23026288	-0.41118693	-0.13004652	0.24060783	-0.09697655	-0.121187314	-0.23897119	-0.24771853	-0.21337764	0.09682858	0.21952333	-0.1589292	-0.25607187
-0.11067971	-0.07339932	-0.088593185	0.06620479	-0.31625393	-0.04767841	0.15170659	0.9999992	0.17407456	0.10483898	-0.54776746	-0.12236992	-0.06043685	0.25444496	0.2561606	-0.14098349	0.30125603	0.21321674	-0.06496022	0.020504711	-0.019122003	-0.3312208	-0.32342944	-0.043095816	-0.154518	-0.06870338	0.031826723	0.16243328	0.12284842	-0.34622258
-0.4242173	0.060720157	0.026911385	0.05055285	-0.17730859	-0.039262194	0.21118674	0.17407456	0.99999917	0.08179837	-0.06470837	-0.2242714	-0.18766712	0.2547117	0.23627794	-0.017198943	0.16907544	0.12046874	-0.23763265	-0.008301672	0.092371635	-0.35474408	-0.38873655	-0.00840499	-0.00086414407	-0.17125013	-0.0721622	0.11346177	0.072714634	-0.28749508
-0.06842534	-0.1477935	0.15434407	0.24492884	-0.40420768	0.06749858	0.22679944	0.10483898	0.08179837	0.9999991	-0.023059752	-0.49354053	-0.32025185	0.094239995	0.07827939	0.04483189	0.12444203	0.24921705	-0.25699493	-0.20325163	0.16036797	-0.06794215	-0.07559253	-0.18411787	-0.4536631	-0.11302285	0.18210657	0.26934788	-0.10586405	-0.16524796
0.037147727	0.11919528	0.11070817	-0.0002704384	0.18388297	-0.0023328506	-0.098926604	-0.54776746	-0.06470837	-0.023059752	0.9999989	0.025854193	-0.0034433694	-0.28065273	-0.29317147	0.14464529	-0.5034487	-0.18897915	-0.05309323	-0.03459037	0.06962109	0.22826836	0.206897	-0.021626322	0.07758155	0.010320072	-0.09082925	-0.1331438	-0.106646866	0.23266238
0.16525523	0.09648975	-0.18906063	-0.33996218	0.24889283	-0.15842794	-0.4052035	-0.12236992	-0.2242714	-0.49354053	0.025854193	0.9999989	0.25232294	-0.11072499	-0.09569996	-0.07490632	-0.11395205	-0.3351779	0.2475734	0.19503011	-0.19420505	0.09395785	0.07950409	0.18912093	0.25151214	0.18334143	-0.12027822	-0.30594197	0.10076178	0.15413423
0.23398407	0.04756341	-0.3388727	-0.22141688	0.2119718	0.02213027	-0.39375487	-0.06043685	-0.18766712	-0.32025185	-0.0034433694	0.25232294	0.999999	-0.17467448	-0.07820868	-0.24378964	-0.1264167	-0.20542946	0.3090995	0.0881524	-0.43015838	0.024121743	0.043797184	0.20075117	0.23340644	0.27285153	-0.17382964	-0.33642727	0.1863262	0.16838107
-0.33273277	-0.13441674	-0.014772065	0.070026256	-0.35243833	0.06786721	0.18587475	0.25444496	0.2547117	0.094239995	-0.28065273	-0.11072499	-0.17467448	0.9999991	0.26313353	-0.029716332	0.26569602	0.1977227	-0.1710003	-0.12606119	0.09111224	-0.41683784	-0.305949	-0.025176775	-0.054285076	-0.1676492	0.063681915	0.19359057	0.07621257	-0.38113678
-0.19144686	-0.00995949	-0.06590099	-0.07383047	-0.23000796	0.036839023	0.12965257	0.2561606	0.23627794	0.07827939	-0.29317147	-0.09569996	-0.07820868	0.26313353	0.999999	-0.20671642	0.27127036	0.122911535	-0.051869582	-0.094290964	-0.02843736	-0.2840596	-0.53956646	0.11272571	-0.025604218	-0.031483956	0.019929925	0.095866196	0.12393551	-0.4466259
-0.18834211	-0.06857998	0.27061287	0.15647468	0.02348987	-0.004128326	0.1339315	-0.14098349	-0.017198943	0.04483189	0.14464529	-0.07490632	-0.24378964	-0.029716332	-0.20671642	0.99999905	-0.21739969	0.07428211	-0.3017438	-0.054909125	0.26744998	0.18327029	0.1796293	-0.32085282	-0.083124116	-0.348857	0.13524263	0.051220756	-0.43392497	0.07018538
-0.12199627	-0.14348722	-0.085927226	0.044823762	-0.284061	0.02968017	0.13782108	0.30125603	0.16907544	0.12444203	-0.5034487	-0.11395205	-0.1264167	0.26569602	0.27127036	-0.21739969	0.99999905	0.18070295	-0.04115825	-0.053754136	-0.03873082	-0.36544836	-0.26520473	0.021540614	-0.1259574	-0.023578556	0.091627225	0.17734687	0.102430314	-0.4071054
-0.098326236	-0.18151692	0.07595735	0.24591318	-0.31279618	0.073154636	0.23026288	0.21321674	0.12046874	0.24921705	-0.18897915	-0.3351779	-0.20542946	0.1977227	0.122911535	0.07428211	0.18070295	0.99999905	-0.20898582	-0.19973493	0.19209826	-0.1832795	-0.15073638	-0.3534883	-0.36450258	-0.3058339	0.1934764	0.27612287	-0.053578116	-0.3030964
0.23509213	0.03917438	-0.3285408	-0.15081026	0.17814106	-0.04004513	-0.41118693	-0.06496022	-0.23763265	-0.25699493	-0.05309323	0.2475734	0.3090995	-0.1710003	-0.051869582	-0.3017438	-0.04115825	-0.20898582	0.99999905	0.13039503	-0.42597136	0.019936262	0.027531339	0.17136903	0.17437129	0.2874891	-0.08937101	-0.31059703	0.18215773	0.14171429
-0.004536637	0.25582778	-0.1105445	-0.13955969	0.14486739	-0.6489741	-0.13004652	0.020504711	-0.008301672	-0.20325163	-0.03459037	0.19503011	0.0881524	-0.12606119	-0.094290964	-0.054909125	-0.053754136	-0.19973493	0.13039503	0.9999991	-0.07265337	0.079367094	0.077771835	0.04618994	0.09728036	0.13089287	-0.29298243	-0.21437027	0.10140859	0.02094889
-0.20389768	-0.025980486	0.25836655	0.19602744	-0.11714372	-0.019809106	0.24060783	-0.019122003	0.092371635	0.16036797	0.06962109	-0.19420505	-0.43015838	0.09111224	-0.02843736	0.26744998	-0.03873082	0.19209826	-0.42597136	-0.07265337	0.99999905	0.061335325	0.021718884	-0.33422035	-0.24087553	-0.47320232	0.1386616	0.19819117	-0.25507072	-0.10840137
0.104178645	0.07499858	0.15640132	-0.03235992	0.2099024	-0.09677742	-0.09697655	-0.3312208	-0.35474408	-0.06794215	0.22826836	0.09395785	0.024121743	-0.41683784	-0.2840596	0.18327029	-0.36544836	-0.1832795	0.019936262	0.079367094	0.061335325	0.9999991	0.28075108	-0.061744023	0.00713995	-0.033247717	0.02464914	-0.18460117	-0.28262645	0.24367182
0.13425037	0.030264577	0.09999631	0.03574988	0.17085816	-0.07768491	-0.121187314	-0.32342944	-0.38873655	-0.07559253	0.206897	0.07950409	0.043797184	-0.305949	-0.53956646	0.1796293	-0.26520473	-0.15073638	0.027531339	0.077771835	0.021718884	0.28075108	0.999999	-0.15137461	0.028255433	-0.0075765415	-0.0015711378	-0.06525061	-0.21348938	0.27046728
0.11871608	0.12059646	-0.12660111	-0.49901417	0.124900684	0.019113246	-0.23897119	-0.043095816	-0.00840499	-0.18411787	-0.021626322	0.18912093	0.20075117	-0.025176775	0.11272571	-0.32085282	0.021540614	-0.3534883	0.17136903	0.04618994	-0.33422035	-0.061744023	-0.15137461	0.99999887	0.24192065	0.20174469	-0.26875174	-0.14999928	0.19625533	0.022556566
0.07272805	0.15297994	-0.18672271	-0.41590694	0.23967926	-0.0006357005	-0.24771853	-0.154518	-0.00086414407	-0.4536631	0.07758155	0.25151214	0.23340644	-0.054285076	-0.025604218	-0.083124116	-0.1259574	-0.36450258	0.17437129	0.09728036	-0.24087553	0.00713995	0.028255433	0.24192065	0.99999887	0.16904174	-0.30431688	-0.35667413	0.14169544	0.1278441
0.18956311	0.081225954	-0.32616454	-0.13856202	0.16059789	-0.064730905	-0.21337764	-0.06870338	-0.17125013	-0.11302285	0.010320072	0.18334143	0.27285153	-0.1676492	-0.031483956	-0.348857	-0.023578556	-0.3058339	0.2874891	0.13089287	-0.47320232	-0.033247717	-0.0075765415	0.20174469	0.16904174	0.9999991	-0.17024644	-0.35229057	0.20419201	0.11858387
-0.0820942	-0.49174944	0.17455621	0.2358553	-0.18870556	0.16403852	0.09682858	0.031826723	-0.0721622	0.18210657	-0.09082925	-0.12027822	-0.17382964	0.063681915	0.019929925	0.13524263	0.091627225	0.1934764	-0.08937101	-0.29298243	0.1386616	0.02464914	-0.0015711378	-0.26875174	-0.30431688	-0.17024644	0.99999905	0.19308114	-0.34905612	-0.049550466
-0.09818295	-0.2353927	0.1362633	0.21015806	-0.43504557	0.11780476	0.21952333	0.16243328	0.11346177	0.26934788	-0.1331438	-0.30594197	-0.33642727	0.19359057	0.095866196	0.051220756	0.17734687	0.27612287	-0.31059703	-0.21437027	0.19819117	-0.18460117	-0.06525061	-0.14999928	-0.35667413	-0.35229057	0.19308114	0.999999	-0.06260461	-0.17381717
0.096202314	0.090024054	-0.48581293	-0.17871808	-0.0024465981	-0.034394357	-0.1589292	0.12284842	0.072714634	-0.10586405	-0.106646866	0.10076178	0.1863262	0.07621257	0.12393551	-0.43392497	0.102430314	-0.053578116	0.18215773	0.10140859	-0.25507072	-0.28262645	-0.21348938	0.19625533	0.14169544	0.20419201	-0.34905612	-0.06260461	0.9999989	-0.0739289
0.19368297	-0.00088386255	0.002121404	-0.066486426	0.25002122	0.04919184	-0.25607187	-0.34622258	-0.28749508	-0.16524796	0.23266238	0.15413423	0.16838107	-0.38113678	-0.4466259	0.07018538	-0.4071054	-0.3030964	0.14171429	0.02094889	-0.10840137	0.24367182	0.27046728	0.022556566	0.1278441	0.11858387	-0.049550466	-0.17381717	-0.0739289	0.9999989
