1.0	-0.112271324	0.21727459	-0.14543813	-0.45241123	-0.1701597	-0.02562823	-0.037623145	-0.21056987	-0.052409463	-0.17012551	-0.048367884	0.21260087	0.2554932	0.21276088	-0.3638218	-0.22668257	0.024633717	0.2683871	-0.10339458	0.2214511	0.12933968	0.06607936	-0.39788532	0.15806235	-0.00073465845	-0.31667426	-0.12383761	-0.0269088	0.21889205
-0.112271324	0.99999994	0.11192019	-0.19178258	0.14115566	0.29005724	-0.42203525	-0.363206	0.067440175	-0.3570745	0.20088953	0.15344892	-0.011660481	-0.008295848	-0.14556557	-0.15136048	0.20297922	0.27162227	-0.13154444	0.089199364	-0.0842267	-0.025777487	-0.29779223	0.17299122	-0.33237568	-0.4120385	0.108868666	0.17566784	0.22932811	-0.16853262
0.21727459	0.11192019	1.0000001	-0.4050828	-0.2624777	0.112747476	-0.32326475	-0.3460022	-0.20108873	-0.2611733	-0.011132095	0.15769012	0.15319006	0.2713257	0.17877644	-0.30436718	0.05633421	0.21168114	0.14446768	-0.16213499	0.21362647	0.18410026	-0.16983537	-0.2039148	0.06023889	-0.18745302	-0.26184005	-0.11929198	0.14206316	0.0036501444
-0.14543813	-0.19178258	-0.4050828	1.0	0.09487273	-0.19873492	0.2700035	0.2751767	0.093636215	0.2667129	-0.20625915	-0.36985675	-0.019580442	-0.2289131	-0.11142581	0.1653338	-0.24258937	-0.37820485	-0.046809018	0.120663196	-0.15286613	-0.1142916	0.21327052	0.040033694	0.0045206966	0.21633258	0.08806518	0.060856644	-0.20804477	0.11043612
-0.45241123	0.14115566	-0.2624777	0.09487273	1.0	0.13836114	-0.0038237039	-0.022975951	0.2426895	0.005340544	0.17243755	0.041563757	-0.20777974	-0.34841922	-0.2237502	0.19005474	0.16997659	-0.004687226	-0.39040554	0.17044638	-0.28493705	-0.18963583	-0.083239146	0.28119984	-0.3263868	-0.081643075	0.27770415	0.19554366	0.075711496	-0.31444764
-0.1701597	0.29005724	0.112747476	-0.19873492	0.13836114	0.9999999	-0.36032578	-0.28131944	0.08744395	-0.36988193	0.25647137	0.22899434	-0.15948781	-0.051275108	-0.10692062	-0.043793604	0.25061902	0.26870453	-0.18507038	-6.5327295e-5	-0.06936971	0.040794384	-0.43450463	0.15107198	-0.24032356	-0.43182862	0.1266144	0.0985936	0.2877456	-0.23512417
-0.02562823	-0.42203525	-0.32326475	0.2700035	-0.0038237039	-0.36032578	0.9999999	0.29982397	0.0030840626	0.2896999	-0.28660652	-0.2060954	-0.03998757	-0.15390506	-0.006166021	0.16977644	-0.2867565	-0.31259772	0.043547686	0.05436292	-0.037939496	-0.13302946	0.25820518	-0.05973141	0.12632717	0.27305248	0.009540082	-0.04098384	-0.25169408	0.15317728
-0.037623145	-0.363206	-0.3460022	0.2751767	-0.022975951	-0.28131944	0.29982397	0.99999976	0.08249054	0.30048174	-0.15333402	-0.2853446	-0.0951312	-0.17347273	-0.038755834	0.18401745	-0.18316461	-0.37670815	-0.004798395	0.08618199	-0.11254268	-0.1691988	0.2588459	-0.015454116	0.10823798	0.27811393	0.052313168	-0.044334456	-0.3496871	0.12740888
-0.21056987	0.067440175	-0.20108873	0.093636215	0.2426895	0.08744395	0.0030840626	0.08249054	0.99999964	-0.0067349602	0.21349114	0.036012795	-0.42631236	-0.39876425	-0.44028023	0.22996104	0.18083914	-0.022671686	-0.35846844	0.16178668	-0.33761233	-0.22561212	-0.024677338	0.20015627	-0.17365333	-0.08988418	0.29250187	0.16654795	0.075503096	-0.2172152
-0.052409463	-0.3570745	-0.2611733	0.2667129	0.005340544	-0.36988193	0.2896999	0.30048174	-0.0067349602	0.99999946	-0.21179007	-0.39012596	0.016927803	-0.07462782	0.069470756	0.11275185	-0.2634218	-0.33454686	0.05909984	0.039967876	-0.056598604	-0.13827717	0.27146217	-0.051457215	0.1300167	0.31089562	-0.018927673	-0.075317256	-0.384807	0.1743795
-0.17012551	0.20088953	-0.011132095	-0.20625915	0.17243755	0.25647137	-0.28660652	-0.15333402	0.21349114	-0.21179007	0.9999994	0.24545328	-0.2788649	-0.14695586	-0.3443457	0.09924408	0.29985598	0.17741509	-0.3251407	-0.032741584	-0.14616509	0.01521392	-0.25526115	0.1602548	-0.16457854	-0.25945863	0.18836327	0.08410796	0.25259727	-0.37299946
-0.048367884	0.15344892	0.15769012	-0.36985675	0.041563757	0.22899434	-0.2060954	-0.2853446	0.036012795	-0.39012596	0.24545328	0.9999994	-0.20076907	0.0551495	-0.08277335	0.02344146	0.22781065	0.18984458	-0.154668	-0.2251077	0.083881035	0.19286054	-0.21098141	-0.026285855	0.010224718	-0.30123073	-0.0061947373	-0.113768905	0.27764034	-0.30241367
0.21260087	-0.011660481	0.15319006	-0.019580442	-0.20777974	-0.15948781	-0.03998757	-0.0951312	-0.42631236	0.016927803	-0.2788649	-0.20076907	0.9999993	0.19987047	0.19423595	-0.43327156	-0.2028327	0.036338612	0.28483033	0.043477755	0.1107111	-0.02111308	0.011011196	-0.06995159	-0.0026772525	0.0790424	-0.23633908	0.018944377	-0.16544455	0.21005179
0.2554932	-0.008295848	0.2713257	-0.2289131	-0.34841922	-0.051275108	-0.15390506	-0.17347273	-0.39876425	-0.07462782	-0.14695586	0.0551495	0.19987047	0.9999994	0.2821157	-0.24486646	-0.16051826	0.06897605	0.2357047	-0.24653855	0.2960941	0.2337835	-0.0076524517	-0.29052305	0.17634812	-0.009758257	-0.41700658	-0.2816422	0.0062746527	0.16203925
0.21276088	-0.14556557	0.17877644	-0.11142581	-0.2237502	-0.10692062	-0.006166021	-0.038755834	-0.44028023	0.069470756	-0.3443457	-0.08277335	0.19423595	0.2821157	0.99999946	-0.23176153	-0.23681064	-0.050257877	0.251113	-0.28355315	0.27736774	0.19296117	0.09884041	-0.25318834	0.21742412	0.09974223	-0.34212622	-0.3211095	-0.06969814	0.2137186
-0.3638218	-0.15136048	-0.30436718	0.1653338	0.19005474	-0.043793604	0.16977644	0.18401745	0.22996104	0.11275185	0.09924408	0.02344146	-0.43327156	-0.24486646	-0.23176153	0.9999994	0.056176316	-0.24088156	-0.3577143	0.025392327	-0.123365626	-0.048410937	0.1207671	0.085597835	0.01849551	0.07369524	0.17031814	0.0015356733	-0.01408829	-0.16881792
-0.22668257	0.20297922	0.05633421	-0.24258937	0.16997659	0.25061902	-0.2867565	-0.18316461	0.18083914	-0.2634218	0.29985598	0.22781065	-0.2028327	-0.16051826	-0.23681064	0.056176316	0.99999946	0.17383611	-0.3561106	0.01704101	-0.14223121	-0.03264772	-0.22379424	0.18154383	-0.11447083	-0.18573332	0.18055739	0.09756082	0.23842461	-0.47575027
0.024633717	0.27162227	0.21168114	-0.37820485	-0.004687226	0.26870453	-0.31259772	-0.37670815	-0.022671686	-0.33454686	0.17741509	0.18984458	0.036338612	0.06897605	-0.050257877	-0.24088156	0.17383611	0.9999995	-0.006440099	0.01962119	-0.028198866	0.024801616	-0.5266176	0.07876705	-0.21279663	-0.3344677	0.04017507	0.11102326	0.23665188	-0.10497602
0.2683871	-0.13154444	0.14446768	-0.046809018	-0.39040554	-0.18507038	0.043547686	-0.004798395	-0.35846844	0.05909984	-0.3251407	-0.154668	0.28483033	0.2357047	0.251113	-0.3577143	-0.3561106	-0.006440099	0.9999995	-0.06972771	0.19880575	0.07751887	0.077992216	-0.16629906	0.1252851	0.11831292	-0.3101432	-0.0799213	-0.21978076	0.27801853
-0.10339458	0.089199364	-0.16213499	0.120663196	0.17044638	-6.5327295e-5	0.05436292	0.08618199	0.16178668	0.039967876	-0.032741584	-0.2251077	0.043477755	-0.24653855	-0.28355315	0.025392327	0.01704101	0.01962119	-0.06972771	0.99999946	-0.42166826	-0.46375105	-0.067618124	0.2366606	-0.36986634	0.010125557	0.21567954	0.30262998	-0.10981331	-0.03722516
0.2214511	-0.0842267	0.21362647	-0.15286613	-0.28493705	-0.06936971	-0.037939496	-0.11254268	-0.33761233	-0.056598604	-0.14616509	0.083881035	0.1107111	0.2960941	0.27736774	-0.123365626	-0.14223121	-0.028198866	0.19880575	-0.42166826	0.9999993	0.28892803	0.09102782	-0.3612838	0.2459141	0.020553745	-0.43306503	-0.36678272	-0.04468472	0.15520683
0.12933968	-0.025777487	0.18410026	-0.1142916	-0.18963583	0.040794384	-0.13302946	-0.1691988	-0.22561212	-0.13827717	0.01521392	0.19286054	-0.02111308	0.2337835	0.19296117	-0.048410937	-0.03264772	0.024801616	0.07751887	-0.46375105	0.28892803	0.9999992	0.035062872	-0.31709614	0.20459242	-0.08350797	-0.3608007	-0.4142811	0.10107313	0.01642637
0.06607936	-0.29779223	-0.16983537	0.21327052	-0.083239146	-0.43450463	0.25820518	0.2588459	-0.024677338	0.27146217	-0.25526115	-0.21098141	0.011011196	-0.0076524517	0.09884041	0.1207671	-0.22379424	-0.5266176	0.077992216	-0.067618124	0.09102782	0.035062872	0.9999991	-0.18333617	0.21481673	0.28275633	-0.14009717	-0.20854087	-0.32602432	0.15986335
-0.39788532	0.17299122	-0.2039148	0.040033694	0.28119984	0.15107198	-0.05973141	-0.015454116	0.20015627	-0.051457215	0.1602548	-0.026285855	-0.06995159	-0.29052305	-0.25318834	0.085597835	0.18154383	0.07876705	-0.16629906	0.2366606	-0.3612838	-0.31709614	-0.18333617	0.99999905	-0.38497645	-0.08763692	0.27834767	0.2704787	0.04109724	-0.30914748
0.15806235	-0.33237568	0.06023889	0.0045206966	-0.3263868	-0.24032356	0.12632717	0.10823798	-0.17365333	0.1300167	-0.16457854	0.010224718	-0.0026772525	0.17634812	0.21742412	0.01849551	-0.11447083	-0.21279663	0.1252851	-0.36986634	0.2459141	0.20459242	0.21481673	-0.38497645	0.9999989	0.17638068	-0.22722353	-0.4525072	-0.1252496	0.15023002
-0.00073465845	-0.4120385	-0.18745302	0.21633258	-0.081643075	-0.43182862	0.27305248	0.27811393	-0.08988418	0.31089562	-0.25945863	-0.30123073	0.0790424	-0.009758257	0.09974223	0.07369524	-0.18573332	-0.3344677	0.11831292	0.010125557	0.020553745	-0.08350797	0.28275633	-0.08763692	0.17638068	0.99999875	-0.08338739	-0.11178779	-0.47529095	0.19687225
-0.31667426	0.108868666	-0.26184005	0.08806518	0.27770415	0.1266144	0.009540082	0.052313168	0.29250187	-0.018927673	0.18836327	-0.0061947373	-0.23633908	-0.41700658	-0.34212622	0.17031814	0.18055739	0.04017507	-0.3101432	0.21567954	-0.43306503	-0.3608007	-0.14009717	0.27834767	-0.22722353	-0.08338739	0.99999887	0.238584	0.08424505	-0.19801384
-0.12383761	0.17566784	-0.11929198	0.060856644	0.19554366	0.0985936	-0.04098384	-0.044334456	0.16654795	-0.075317256	0.08410796	-0.113768905	0.018944377	-0.2816422	-0.3211095	0.0015356733	0.09756082	0.11102326	-0.0799213	0.30262998	-0.36678272	-0.4142811	-0.20854087	0.2704787	-0.4525072	-0.11178779	0.238584	0.99999875	0.040313695	-0.10824599
-0.0269088	0.22932811	0.14206316	-0.20804477	0.075711496	0.2877456	-0.25169408	-0.3496871	0.075503096	-0.384807	0.25259727	0.27764034	-0.16544455	0.0062746527	-0.06969814	-0.01408829	0.23842461	0.23665188	-0.21978076	-0.10981331	-0.04468472	0.10107313	-0.32602432	0.04109724	-0.1252496	-0.47529095	0.08424505	0.040313695	0.99999875	-0.31742823
0.21889205	-0.16853262	0.0036501444	0.11043612	-0.31444764	-0.23512417	0.15317728	0.12740888	-0.2172152	0.1743795	-0.37299946	-0.30241367	0.21005179	0.16203925	0.2137186	-0.16881792	-0.47575027	-0.10497602	0.27801853	-0.03722516	0.15520683	0.01642637	0.15986335	-0.30914748	0.15023002	0.19687225	-0.19801384	-0.10824599	-0.31742823	0.99999875
