1.0	-0.36040652	0.07786014	0.18179199	-0.39604694	0.19039196	0.2499044	0.016251234	-0.30954725	-0.20608711	0.3037668	-0.29743668	0.21898969	-0.21507725	-0.17282398	-0.43187305	-0.02227831	0.23300532	0.19449529	-0.07362457	0.27277514	-0.26846048	0.026581662	0.2222343	-0.1523871	-0.29160485	0.2333079	0.19887418	-0.0024474643	-0.42008087
-0.36040652	0.9999998	-0.07071748	-0.12699051	0.24965838	-0.16507776	-0.2915835	-0.009867971	0.18946896	0.14023213	-0.45608506	0.23597156	-0.31640726	0.15404478	0.17779554	0.2937456	0.05620793	-0.21304263	-0.24277467	0.08478669	-0.46523994	0.1812848	-0.034420557	-0.15159725	0.10313974	0.25202945	-0.30031666	-0.20289408	0.015320103	0.27377677
0.07786014	-0.07071748	1.0000001	0.21310589	-0.05786786	0.26134583	0.2163218	-0.39742994	-0.34924197	-0.36846754	0.046761338	-0.2000265	0.07164288	-0.2640043	-0.21408139	-0.15593222	0.09835099	0.22845447	0.21245143	0.1964797	0.18175365	-0.2437435	-0.04375939	0.15371215	-0.17311971	-0.021775445	0.19055189	0.15920547	-0.55125046	-0.19654275
0.18179199	-0.12699051	0.21310589	1.0	-0.1480321	0.28233072	0.27387992	-0.27477673	-0.339823	-0.20318058	0.14331776	-0.40455738	0.16337459	-0.25605538	-0.4497735	-0.284452	0.16390671	0.3056012	0.21530458	0.07963223	0.20630503	-0.4108879	-0.16052637	0.20080903	-0.39612696	-0.119744815	0.29785833	0.25510877	-0.16974546	-0.23759921
-0.39604694	0.24965838	-0.05786786	-0.1480321	0.9999998	-0.19511376	-0.17228271	-0.05465578	0.15594004	0.18295835	-0.43570977	0.18895347	-0.3483751	0.20165147	0.20424132	0.2538244	-0.027514154	-0.20219044	-0.24007763	0.14404032	-0.19166018	0.20699497	0.044736672	-0.4660414	0.016140059	0.2948897	-0.1657245	-0.29707676	-0.012666887	0.26704818
0.19039196	-0.16507776	0.26134583	0.28233072	-0.19511376	0.99999976	0.256833	-0.21063125	-0.3733648	-0.3572256	0.16984378	-0.33129516	0.20884538	-0.44644517	-0.32599494	-0.18882167	0.21013232	0.28939655	0.2840174	0.04299169	0.20863967	-0.3131984	-0.229559	0.23873453	-0.28967622	-0.18142247	0.27480093	0.2710498	-0.27422768	-0.30725032
0.2499044	-0.2915835	0.2163218	0.27387992	-0.17228271	0.256833	0.9999997	-0.14316379	-0.29441318	-0.20691966	0.19276091	-0.42699084	0.14621015	-0.2811485	-0.32951546	-0.37065727	0.04288114	0.28318384	0.20212834	0.10170574	0.2788859	-0.33291394	0.0005471349	0.17363784	-0.37345323	-0.12897018	0.30724457	0.24277748	-0.25516573	-0.36166766
0.016251234	-0.009867971	-0.39742994	-0.27477673	-0.05465578	-0.21063125	-0.14316379	0.9999999	0.20318624	0.1298165	0.04234609	0.13771681	0.066233635	0.109288156	0.12842242	0.03614332	-0.04862104	-0.20895402	-0.09047957	-0.54316556	-0.15585008	0.1717844	-0.07742861	-0.06751947	0.21965022	-0.09972222	-0.17454411	-0.07202458	0.28834942	0.07969679
-0.30954725	0.18946896	-0.34924197	-0.339823	0.15594004	-0.3733648	-0.29441318	0.20318624	0.99999994	0.24863419	-0.21072699	0.29352143	-0.13899003	0.26375556	0.27227834	0.24702221	-0.22152223	-0.42921615	-0.21215363	-0.12559171	-0.32660243	0.2896731	0.08644662	-0.18330988	0.24858844	0.15448053	-0.37270427	-0.21365753	0.20287246	0.24504885
-0.20608711	0.14023213	-0.36846754	-0.20318058	0.18295835	-0.3572256	-0.20691966	0.1298165	0.24863419	1.0	-0.1364836	0.23691161	-0.20292278	0.25893745	0.22623871	0.17084678	-0.28478098	-0.27975667	-0.52918106	0.0045759883	-0.27129796	0.27435735	0.16194324	-0.36259133	0.12617217	0.1692776	-0.16228558	-0.17667106	0.18697707	0.23002024
0.3037668	-0.45608506	0.046761338	0.14331776	-0.43570977	0.16984378	0.19276091	0.04234609	-0.21072699	-0.1364836	0.99999994	-0.19622314	0.27106348	-0.26330152	-0.20296405	-0.38263983	0.003987764	0.20104444	0.18994355	-0.14520867	0.23875768	-0.18597534	-0.024108624	0.23202205	-0.06123951	-0.38508466	0.20359072	0.20061514	0.026697172	-0.38071388
-0.29743668	0.23597156	-0.2000265	-0.40455738	0.18895347	-0.33129516	-0.42699084	0.13771681	0.29352143	0.23691161	-0.19622314	1.0	-0.20952871	0.26482648	0.29893237	0.27974084	-0.12270859	-0.38139135	-0.3217987	-0.049309768	-0.37590918	0.3008382	0.0917747	-0.1817875	0.2520101	0.18457128	-0.3839984	-0.32271615	0.17585643	0.26411027
0.21898969	-0.31640726	0.07164288	0.16337459	-0.3483751	0.20884538	0.14621015	0.066233635	-0.13899003	-0.20292278	0.27106348	-0.20952871	1.0000001	-0.26692128	-0.28260413	-0.31661883	0.15547876	0.2022054	0.23125245	-0.1880268	0.17119376	-0.18065049	-0.2758687	0.25301167	-0.062153034	-0.51840335	0.18523242	0.25294426	-0.05210726	-0.23804271
-0.21507725	0.15404478	-0.2640043	-0.25605538	0.20165147	-0.44644517	-0.2811485	0.109288156	0.26375556	0.25893745	-0.26330152	0.26482648	-0.26692128	1.0000002	0.28642678	0.20130053	-0.32062426	-0.24863183	-0.3150364	-0.018832084	-0.15880124	0.271157	0.21069817	-0.25366884	0.22112928	0.21405612	-0.32397324	-0.42863914	0.18572758	0.21820979
-0.17282398	0.17779554	-0.21408139	-0.4497735	0.20424132	-0.32599494	-0.32951546	0.12842242	0.27227834	0.22623871	-0.20296405	0.29893237	-0.28260413	0.28642678	1.0000002	0.25207666	-0.18338276	-0.41970074	-0.23766373	-0.03987014	-0.22356026	0.3031834	0.16994673	-0.29811636	0.23958588	0.20434499	-0.39687732	-0.39464265	0.17747825	0.2306871
-0.43187305	0.2937456	-0.15593222	-0.284452	0.2538244	-0.18882167	-0.37065727	0.03614332	0.24702221	0.17084678	-0.38263983	0.27974084	-0.31661883	0.20130053	0.25207666	1.0000002	0.013645081	-0.3726573	-0.18655387	0.0148064755	-0.3290037	0.24669476	0.019106744	-0.20617008	0.17169704	0.24034052	-0.3527207	-0.24024133	0.08540197	0.29201645
-0.02227831	0.05620793	0.09835099	0.16390671	-0.027514154	0.21013232	0.04288114	-0.04862104	-0.22152223	-0.28478098	0.003987764	-0.12270859	0.15547876	-0.32062426	-0.18338276	0.013645081	1.0000004	0.14637889	0.19507141	-0.09773369	-0.05206239	-0.18210505	-0.5432803	0.14806838	-0.16666326	-0.15081732	0.103210986	0.17353778	-0.07663431	-0.010086291
0.23300532	-0.21304263	0.22845447	0.3056012	-0.20219044	0.28939655	0.28318384	-0.20895402	-0.42921615	-0.27975667	0.20104444	-0.38139135	0.2022054	-0.24863183	-0.41970074	-0.3726573	0.14637889	1.0000005	0.2526434	0.07019771	0.25497276	-0.4001434	-0.17149991	0.2331081	-0.23167515	-0.1946296	0.29795557	0.25293067	-0.1841157	-0.3134106
0.19449529	-0.24277467	0.21245143	0.21530458	-0.24007763	0.2840174	0.20212834	-0.09047957	-0.21215363	-0.52918106	0.18994355	-0.3217987	0.23125245	-0.3150364	-0.23766373	-0.18655387	0.19507141	0.2526434	1.0000004	-0.06610088	0.19853516	-0.3390764	-0.2719821	0.26947138	-0.0862845	-0.18002908	0.19779146	0.21463859	-0.20150168	-0.3370038
-0.07362457	0.08478669	0.1964797	0.07963223	0.14404032	0.04299169	0.10170574	-0.54316556	-0.12559171	0.0045759883	-0.14520867	-0.049309768	-0.1880268	-0.018832084	-0.03987014	0.0148064755	-0.09773369	0.07019771	-0.06610088	1.0000004	0.028618457	-0.06663896	0.13092694	-0.12608695	-0.25503513	0.17104848	0.07714999	0.032826975	-0.41402006	0.029505488
0.27277514	-0.46523994	0.18175365	0.20630503	-0.19166018	0.20863967	0.2788859	-0.15585008	-0.32660243	-0.27129796	0.23875768	-0.37590918	0.17119376	-0.15880124	-0.22356026	-0.3290037	-0.05206239	0.25497276	0.19853516	0.028618457	1.0000002	-0.2996255	0.067732275	0.18289402	-0.18716682	-0.26345	0.2648202	0.19311802	-0.1531608	-0.2955531
-0.26846048	0.1812848	-0.2437435	-0.4108879	0.20699497	-0.3131984	-0.33291394	0.1717844	0.2896731	0.27435735	-0.18597534	0.3008382	-0.18065049	0.271157	0.3031834	0.24669476	-0.18210505	-0.4001434	-0.3390764	-0.06663896	-0.2996255	1.0000002	0.12873417	-0.41266873	0.22545488	0.17983475	-0.3072144	-0.29374745	0.1893585	0.26774228
0.026581662	-0.034420557	-0.04375939	-0.16052637	0.044736672	-0.229559	0.0005471349	-0.07742861	0.08644662	0.16194324	-0.024108624	0.0917747	-0.2758687	0.21069817	0.16994673	0.019106744	-0.5432803	-0.17149991	-0.2719821	0.13092694	0.067732275	0.12873417	1.0000002	-0.12572424	0.055531483	0.118811764	-0.098947555	-0.2658148	0.017691102	-0.00824966
0.2222343	-0.15159725	0.15371215	0.20080903	-0.4660414	0.23873453	0.17363784	-0.06751947	-0.18330988	-0.36259133	0.23202205	-0.1817875	0.25301167	-0.25366884	-0.29811636	-0.20617008	0.14806838	0.2331081	0.26947138	-0.12608695	0.18289402	-0.41266873	-0.12572424	1.0000001	-0.06689856	-0.3347583	0.18007234	0.21263736	-0.10754852	-0.355887
-0.1523871	0.10313974	-0.17311971	-0.39612696	0.016140059	-0.28967622	-0.37345323	0.21965022	0.24858844	0.12617217	-0.06123951	0.2520101	-0.062153034	0.22112928	0.23958588	0.17169704	-0.16666326	-0.23167515	-0.0862845	-0.25503513	-0.18716682	0.22545488	0.055531483	-0.06689856	1.0	0.04174232	-0.42839593	-0.3462129	0.2081175	0.1475746
-0.29160485	0.25202945	-0.021775445	-0.119744815	0.2948897	-0.18142247	-0.12897018	-0.09972222	0.15448053	0.1692776	-0.38508466	0.18457128	-0.51840335	0.21405612	0.20434499	0.24034052	-0.15081732	-0.1946296	-0.18002908	0.17104848	-0.26345	0.17983475	0.118811764	-0.3347583	0.04174232	1.0000001	-0.19657023	-0.3365618	-0.044645317	0.22280657
0.2333079	-0.30031666	0.19055189	0.29785833	-0.1657245	0.27480093	0.30724457	-0.17454411	-0.37270427	-0.16228558	0.20359072	-0.3839984	0.18523242	-0.32397324	-0.39687732	-0.3527207	0.103210986	0.29795557	0.19779146	0.07714999	0.2648202	-0.3072144	-0.098947555	0.18007234	-0.42839593	-0.19657023	1.0000001	0.280792	-0.17844895	-0.25159454
0.19887418	-0.20289408	0.15920547	0.25510877	-0.29707676	0.2710498	0.24277748	-0.07202458	-0.21365753	-0.17667106	0.20061514	-0.32271615	0.25294426	-0.42863914	-0.39464265	-0.24024133	0.17353778	0.25293067	0.21463859	0.032826975	0.19311802	-0.29374745	-0.2658148	0.21263736	-0.3462129	-0.3365618	0.280792	1.0000001	-0.18886521	-0.16124485
-0.0024474643	0.015320103	-0.55125046	-0.16974546	-0.012666887	-0.27422768	-0.25516573	0.28834942	0.20287246	0.18697707	0.026697172	0.17585643	-0.05210726	0.18572758	0.17747825	0.08540197	-0.07663431	-0.1841157	-0.20150168	-0.41402006	-0.1531608	0.1893585	0.017691102	-0.10754852	0.2081175	-0.044645317	-0.17844895	-0.18886521	1.0000001	0.106740005
-0.42008087	0.27377677	-0.19654275	-0.23759921	0.26704818	-0.30725032	-0.36166766	0.07969679	0.24504885	0.23002024	-0.38071388	0.26411027	-0.23804271	0.21820979	0.2306871	0.29201645	-0.010086291	-0.3134106	-0.3370038	0.029505488	-0.2955531	0.26774228	-0.00824966	-0.355887	0.1475746	0.22280657	-0.25159454	-0.16124485	0.106740005	1.0000001
