1.0000001	-0.16376638	0.08129404	0.08790438	-0.21374689	0.2508648	-0.15837592	-0.22844224	-0.15486607	0.2997177	-0.12956554	0.129847	0.2510908	0.060431674	0.27069098	0.08856337	0.018433508	-0.1524833	-0.14962193	-0.08682471	-0.3962228	0.2866421	-0.01092353	-0.4069701	0.21337032	0.033694316	-0.23305613	-0.39882493	0.09446039	-0.28327712
-0.16376638	1.0000002	-0.4134648	-0.29731137	0.038058914	-0.30179167	0.11366888	0.2191405	0.16106926	-0.2687711	0.05082565	-0.10769888	-0.21441172	0.15223049	-0.07375051	0.06696124	-0.46649343	0.19496793	-0.087593235	0.045679796	0.09384581	-0.29821274	0.17928305	0.20267537	-0.039802715	0.11632958	0.12325981	0.08731423	-0.25638166	0.14416306
0.08129404	-0.4134648	1.0000002	0.23285109	0.07706294	0.2162358	-0.3839449	-0.19274682	-0.37310624	0.18862364	0.034346867	0.24761626	0.13381742	-0.41991803	0.14414972	-0.09123853	0.21634084	-0.18265155	0.14905705	0.00795111	-0.019667469	0.18139732	-0.32468802	-0.2276394	0.16224359	-0.17338903	-0.17069758	-0.15367593	0.22705805	-0.17319585
0.08790438	-0.29731137	0.23285109	1.0000002	0.12860192	0.23448229	-0.20777532	-0.48662692	-0.3097902	0.12623417	0.13472444	0.22068536	0.09247206	-0.29046282	0.17936084	-0.2276738	0.29744798	-0.41110417	0.21373463	0.08930104	-0.012203533	0.14968814	-0.4127146	-0.150048	0.1882925	-0.34054226	-0.22910555	-0.04711922	0.282954	-0.23622727
-0.21374689	0.038058914	0.07706294	0.12860192	1.0000001	-0.059558526	-0.13260311	-0.101183906	-0.21614426	-0.15060355	0.26016706	0.14341725	-0.14312328	-0.37889883	-0.1324012	-0.33460143	0.10192551	-0.10849787	0.2919742	0.233824	0.22686322	-0.15036368	-0.24864143	0.081718884	-0.015014219	-0.32109174	-0.094924785	0.17660198	0.1483002	-0.10709016
0.2508648	-0.30179167	0.2162358	0.23448229	-0.059558526	0.9999998	-0.21906307	-0.37339413	-0.2435962	0.2801074	-0.032147214	0.22011194	0.26554912	-0.16831434	0.28044018	-0.093644015	0.20297045	-0.35347193	0.04858719	-0.09976968	-0.2823508	0.29743168	-0.22762302	-0.29461852	0.254964	-0.10687768	-0.29462305	-0.32924917	0.24840114	-0.32001477
-0.15837592	0.11366888	-0.3839449	-0.20777532	-0.13260311	-0.21906307	0.9999995	0.23240878	0.299485	-0.31740615	-0.14515008	-0.5001751	-0.22315416	0.2174598	-0.3178483	0.12468856	-0.08419204	0.2039128	-0.17933095	-0.08180534	0.11109629	-0.2152968	0.20533496	0.24580845	-0.2730607	0.1731202	0.2557118	0.16964726	-0.19858631	0.28543958
-0.22844224	0.2191405	-0.19274682	-0.48662692	-0.101183906	-0.37339413	0.23240878	0.99999934	0.27424827	-0.26375872	-0.0720398	-0.2716972	-0.23203109	0.21441922	-0.30226693	0.17596257	-0.29194295	0.28794137	-0.23454928	-0.015528079	0.09430905	-0.2622805	0.2472121	0.2372369	-0.24106264	0.20846649	0.2522767	0.12758705	-0.2797806	0.27814874
-0.15486607	0.16106926	-0.37310624	-0.3097902	-0.21614426	-0.2435962	0.299485	0.27424827	0.9999994	-0.19476393	-0.19381006	-0.418402	-0.12450902	0.2628058	-0.29551306	0.20780805	-0.22817205	0.27200454	-0.26695803	-0.113226056	0.048248027	-0.2161694	0.27647543	0.22404754	-0.30682036	0.25254783	0.28458986	0.13340975	-0.33723146	0.29636467
0.2997177	-0.2687711	0.18862364	0.12623417	-0.15060355	0.2801074	-0.31740615	-0.26375872	-0.19476393	0.99999934	-0.10584701	0.20138934	0.2741685	-0.044684835	0.27484757	0.027791044	0.107968375	-0.14727224	-0.077272	-0.110503785	-0.32869536	0.30771595	-0.11556571	-0.47297004	0.21603115	-0.0013557117	-0.21182671	-0.32539546	0.16159885	-0.32946736
-0.12956554	0.05082565	0.034346867	0.13472444	0.26016706	-0.032147214	-0.14515008	-0.0720398	-0.19381006	-0.10584701	0.9999993	0.13921805	-0.2071614	-0.14295983	-0.05720959	-0.3167024	0.10351824	-0.21886487	0.2604309	0.29778415	0.17985626	-0.14259633	-0.30287546	0.027539851	0.09241386	-0.31345522	-0.29129764	0.082507074	0.17235456	-0.16397196
0.129847	-0.10769888	0.24761626	0.22068536	0.14341725	0.22011194	-0.5001751	-0.2716972	-0.418402	0.20138934	0.13921805	0.9999994	0.15361091	-0.3659678	0.21257596	-0.16160516	0.15370746	-0.2067727	0.20090178	0.0638769	-0.086349756	0.18525234	-0.2351403	-0.29429352	0.23669355	-0.2620091	-0.31636402	-0.13056003	0.25035378	-0.40218997
0.2510908	-0.21441172	0.13381742	0.09247206	-0.14312328	0.26554912	-0.22315416	-0.23203109	-0.12450902	0.2741685	-0.2071614	0.15361091	0.99999946	-0.058191247	0.23117341	0.08392631	0.07911249	-0.15392867	-0.10022038	-0.38454852	-0.40783155	0.2885279	-0.04127952	-0.3395792	0.16715734	0.028568625	-0.17197296	-0.22228105	0.13196756	-0.15688732
0.060431674	0.15223049	-0.41991803	-0.29046282	-0.37889883	-0.16831434	0.2174598	0.21441922	0.2628058	-0.044684835	-0.14295983	-0.3659678	-0.058191247	0.9999996	-0.0600318	0.22051567	-0.24247031	0.18568902	-0.3381252	-0.07868857	-0.12001201	-0.07028029	0.2627241	0.06428784	-0.11158987	0.24903488	0.16737908	-0.0638241	-0.27701658	0.17448914
0.27069098	-0.07375051	0.14414972	0.17936084	-0.1324012	0.28044018	-0.3178483	-0.30226693	-0.29551306	0.27484757	-0.05720959	0.21257596	0.23117341	-0.0600318	0.9999995	-0.07878151	0.11680855	-0.32840425	-0.03954331	-0.06311135	-0.26296863	0.26489386	-0.14183621	-0.29861495	0.28576067	-0.070229866	-0.23942007	-0.33423698	0.17878024	-0.3432766
0.08856337	0.06696124	-0.09123853	-0.2276738	-0.33460143	-0.093644015	0.12468856	0.17596257	0.20780805	0.027791044	-0.3167024	-0.16160516	0.08392631	0.22051567	-0.07878151	0.9999995	-0.24455571	0.21442294	-0.3648508	-0.37325373	-0.22634374	-0.0041899304	0.26819625	0.03068632	-0.19150925	0.30350712	0.21050946	-0.1217369	-0.35321367	0.16039325
0.018433508	-0.46649343	0.21634084	0.29744798	0.10192551	0.20297045	-0.08419204	-0.29194295	-0.22817205	0.107968375	0.10351824	0.15370746	0.07911249	-0.24247031	0.11680855	-0.24455571	0.99999946	-0.40012196	0.19566764	0.07124899	0.027872996	0.12188626	-0.3860372	-0.15638009	0.11655433	-0.3424901	-0.17188135	-0.004191983	0.27099413	-0.18349707
-0.1524833	0.19496793	-0.18265155	-0.41110417	-0.10849787	-0.35347193	0.2039128	0.28794137	0.27200454	-0.14727224	-0.21886487	-0.2067727	-0.15392867	0.18568902	-0.32840425	0.21442294	-0.40012196	0.99999946	-0.16951454	-0.11413127	0.06331609	-0.18032895	0.28341782	0.19346075	-0.32592785	0.24912634	0.27744687	0.14202157	-0.37756482	0.26334932
-0.14962193	-0.087593235	0.14905705	0.21373463	0.2919742	0.04858719	-0.17933095	-0.23454928	-0.26695803	-0.077272	0.2604309	0.20090178	-0.10022038	-0.3381252	-0.03954331	-0.3648508	0.19566764	-0.16951454	0.9999992	0.22186957	0.17486165	-0.008179297	-0.23035467	-0.010792553	0.0639664	-0.41521683	-0.26620063	0.10772742	0.22217202	-0.21259254
-0.08682471	0.045679796	0.00795111	0.08930104	0.233824	-0.09976968	-0.08180534	-0.015528079	-0.113226056	-0.110503785	0.29778415	0.0638769	-0.38454852	-0.07868857	-0.06311135	-0.37325373	0.07124899	-0.11413127	0.22186957	0.9999993	0.20068866	-0.1842714	-0.2261767	0.05601234	0.011722831	-0.30583903	-0.19220285	0.105923936	0.11730803	-0.09328772
-0.3962228	0.09384581	-0.019667469	-0.012203533	0.22686322	-0.2823508	0.11109629	0.09430905	0.048248027	-0.32869536	0.17985626	-0.086349756	-0.40783155	-0.12001201	-0.26296863	-0.22634374	0.027872996	0.06331609	0.17486165	0.20068866	0.99999934	-0.39483765	-0.07183029	0.24438663	-0.10847209	-0.1580525	0.07588281	0.26627508	-0.06073754	0.1291105
0.2866421	-0.29821274	0.18139732	0.14968814	-0.15036368	0.29743168	-0.2152968	-0.2622805	-0.2161694	0.30771595	-0.14259633	0.18525234	0.2885279	-0.07028029	0.26489386	-0.0041899304	0.12188626	-0.18032895	-0.008179297	-0.1842714	-0.39483765	0.9999992	-0.06123893	-0.40666246	0.21147707	-0.032646693	-0.18433337	-0.3666849	0.17820461	-0.29451963
-0.01092353	0.17928305	-0.32468802	-0.4127146	-0.24864143	-0.22762302	0.20533496	0.2472121	0.27647543	-0.11556571	-0.30287546	-0.2351403	-0.04127952	0.2627241	-0.14183621	0.26819625	-0.3860372	0.28341782	-0.23035467	-0.2261767	-0.07183029	-0.06123893	0.9999989	0.13843015	-0.19210096	0.2927905	0.24515201	0.0019015998	-0.38436428	0.2125079
-0.4069701	0.20267537	-0.2276394	-0.150048	0.081718884	-0.29461852	0.24580845	0.2372369	0.22404754	-0.47297004	0.027539851	-0.29429352	-0.3395792	0.06428784	-0.29861495	0.03068632	-0.15638009	0.19346075	-0.010792553	0.05601234	0.24438663	-0.40666246	0.13843015	0.9999989	-0.27253076	0.07448319	0.23569626	0.2675435	-0.2646823	0.2718053
0.21337032	-0.039802715	0.16224359	0.1882925	-0.015014219	0.254964	-0.2730607	-0.24106264	-0.30682036	0.21603115	0.09241386	0.23669355	0.16715734	-0.11158987	0.28576067	-0.19150925	0.11655433	-0.32592785	0.0639664	0.011722831	-0.10847209	0.21147707	-0.19210096	-0.27253076	0.99999887	-0.23165989	-0.37054023	-0.41515043	0.23830307	-0.36369273
0.033694316	0.11632958	-0.17338903	-0.34054226	-0.32109174	-0.10687768	0.1731202	0.20846649	0.25254783	-0.0013557117	-0.31345522	-0.2620091	0.028568625	0.24903488	-0.070229866	0.30350712	-0.3424901	0.24912634	-0.41521683	-0.30583903	-0.1580525	-0.032646693	0.2927905	0.07448319	-0.23165989	0.99999875	0.24157038	-0.0060843453	-0.34454143	0.20226933
-0.23305613	0.12325981	-0.17069758	-0.22910555	-0.094924785	-0.29462305	0.2557118	0.2522767	0.28458986	-0.21182671	-0.29129764	-0.31636402	-0.17197296	0.16737908	-0.23942007	0.21050946	-0.17188135	0.27744687	-0.26620063	-0.19220285	0.07588281	-0.18433337	0.24515201	0.23569626	-0.37054023	0.24157038	0.9999984	0.16741359	-0.39992478	0.30151787
-0.39882493	0.08731423	-0.15367593	-0.04711922	0.17660198	-0.32924917	0.16964726	0.12758705	0.13340975	-0.32539546	0.082507074	-0.13056003	-0.22228105	-0.0638241	-0.33423698	-0.1217369	-0.004191983	0.14202157	0.10772742	0.105923936	0.26627508	-0.3666849	0.0019015998	0.2675435	-0.41515043	-0.0060843453	0.16741359	0.99999845	-0.12482439	0.20800263
0.09446039	-0.25638166	0.22705805	0.282954	0.1483002	0.24840114	-0.19858631	-0.2797806	-0.33723146	0.16159885	0.17235456	0.25035378	0.13196756	-0.27701658	0.17878024	-0.35321367	0.27099413	-0.37756482	0.22217202	0.11730803	-0.06073754	0.17820461	-0.38436428	-0.2646823	0.23830307	-0.34454143	-0.39992478	-0.12482439	0.99999857	-0.2643364
-0.28327712	0.14416306	-0.17319585	-0.23622727	-0.10709016	-0.32001477	0.28543958	0.27814874	0.29636467	-0.32946736	-0.16397196	-0.40218997	-0.15688732	0.17448914	-0.3432766	0.16039325	-0.18349707	0.26334932	-0.21259254	-0.09328772	0.1291105	-0.29451963	0.2125079	0.2718053	-0.36369273	0.20226933	0.30151787	0.20800263	-0.2643364	0.99999857
