1.0000001	0.18292767	0.24255608	-0.33753517	0.1409339	-0.09869672	-0.23782371	0.1499694	-0.21623284	0.123958565	0.027419534	-0.18350379	0.15446542	0.09489913	0.28564325	-0.21612576	-0.062716395	0.19398053	0.2518474	-0.38576794	0.13911407	-0.0352131	-0.4286707	0.16120467	-0.2229125	-0.46812776	-0.16338433	0.046831936	0.1307227	-0.2697011
0.18292767	0.9999999	0.16517174	-0.21105695	0.21396334	-0.26232132	-0.3059683	0.2700746	-0.46250916	-0.048785783	0.12512264	-0.3373501	0.24359159	0.13636094	0.13752152	-0.35162243	-0.24629731	0.27040216	0.18282856	-0.30743662	0.2884646	-0.14886993	-0.045318276	0.16367994	-0.27972037	-0.17979944	-0.30973694	-0.07498705	0.25525928	-0.06353507
0.24255608	0.16517174	0.99999976	-0.34361747	0.18776356	-0.1432719	-0.060489003	0.21098767	-0.17790815	0.20775871	-0.16462563	-0.18010324	0.18488115	0.2514816	0.19550191	-0.16192652	-0.16143496	0.18643291	0.1913145	-0.33084643	0.13706054	-0.3305041	-0.35133588	0.20950647	-0.23413382	-0.39576188	-0.28885776	0.16168575	0.08454556	-0.29175818
-0.33753517	-0.21105695	-0.34361747	0.9999995	-0.31896397	0.18281509	0.15693164	-0.1788688	0.2032845	-0.22866301	0.059314463	0.24902815	-0.38364536	-0.21530603	-0.39864838	0.21663314	0.17459148	-0.22717531	-0.21873792	0.25509372	-0.18916295	0.11925346	0.23246756	-0.2556798	0.26123163	0.24870867	0.23780389	-0.11803643	-0.22066283	0.24863471
0.1409339	0.21396334	0.18776356	-0.31896397	0.99999934	-0.32121238	-0.13601579	0.24191472	-0.2818446	0.13512959	-0.17239092	-0.4347938	0.230113	0.17712362	0.1164596	-0.44975913	-0.31581908	0.23720694	0.21994779	-0.17762429	0.2357941	-0.15971653	-0.1431493	0.23601574	-0.20001823	-0.088351846	-0.22430134	0.13416083	0.20617843	-0.2887064
-0.09869672	-0.26232132	-0.1432719	0.18281509	-0.32121238	0.9999993	0.190792	-0.43334883	0.27056068	0.008598916	0.0020909933	0.25304312	-0.40141776	-0.13645668	-0.0330542	0.20132917	0.2730753	-0.37876648	-0.11821967	0.14931624	-0.41786832	0.11020107	0.01958466	-0.3576154	0.26142135	0.062034093	0.28944647	-0.05839095	-0.25721043	0.14359805
-0.23782371	-0.3059683	-0.060489003	0.15693164	-0.13601579	0.190792	0.99999917	-0.13299015	0.2719716	0.14130388	-0.26959702	0.20906253	-0.2530457	0.08073047	-0.27193162	0.10056129	0.22549558	-0.37323356	-0.15474652	0.15370543	-0.32641494	-0.11502598	0.041411236	-0.15294966	0.12584692	0.1551665	0.17926805	0.1625587	-0.40549618	0.0009851044
0.1499694	0.2700746	0.21098767	-0.1788688	0.24191472	-0.43334883	-0.13299015	0.9999991	-0.35265526	0.021822015	0.010827868	-0.2544198	0.26568562	0.21742684	0.083167575	-0.28590778	-0.3498704	0.24775918	0.15408178	-0.19996771	0.26916435	-0.29313824	-0.096853524	0.22016068	-0.409451	-0.16289407	-0.33870295	0.060426082	0.20340526	-0.13773751
-0.21623284	-0.46250916	-0.17790815	0.2032845	-0.2818446	0.27056068	0.2719716	-0.35265526	0.99999905	0.07514799	-0.1253355	0.26239452	-0.24885315	-0.060675174	-0.2187068	0.2102165	0.2516192	-0.3866549	-0.21694252	0.2047806	-0.38645026	0.053970635	0.05668652	-0.25751436	0.21738642	0.17059268	0.26671165	0.04298191	-0.25741053	0.09143763
0.123958565	-0.048785783	0.20775871	-0.22866301	0.13512959	0.008598916	0.14130388	0.021822015	0.07514799	0.99999887	-0.40231103	-0.14182071	0.023666106	0.20229019	0.03536574	-0.15903014	0.06990502	0.011705992	0.16116485	-0.21903168	-0.052142885	-0.2313057	-0.3539397	0.16415106	-0.17755765	-0.07011595	-0.06565409	0.27279052	-0.12806897	-0.37627405
0.027419534	0.12512264	-0.16462563	0.059314463	-0.17239092	0.0020909933	-0.26959702	0.010827868	-0.1253355	-0.40231103	0.9999989	-0.011432781	0.033192772	-0.1122012	-0.008237376	0.10106149	-0.07366125	0.051318448	-0.09731767	0.02150102	0.09765385	0.08860425	0.1530391	-0.2363986	0.0831437	0.012598651	0.015918331	-0.560734	0.13381779	0.21766247
-0.18350379	-0.3373501	-0.18010324	0.24902815	-0.4347938	0.25304312	0.20906253	-0.2544198	0.26239452	-0.14182071	-0.011432781	0.9999989	-0.26648143	-0.17884757	-0.14844066	0.27901876	0.25501278	-0.40473276	-0.32529753	0.2397682	-0.36384526	0.09560873	0.14414749	-0.22500001	0.23166563	0.13779949	0.2707451	-0.02148681	-0.34684134	0.19715835
0.15446542	0.24359159	0.18488115	-0.38364536	0.230113	-0.40141776	-0.2530457	0.26568562	-0.24885315	0.023666106	0.033192772	-0.26648143	0.9999989	0.12353957	0.12555192	-0.15319285	-0.43633482	0.27069503	0.15768285	-0.25778857	0.27440366	-0.08243679	-0.06127071	0.23936614	-0.41450858	-0.10950461	-0.32088518	-0.004275607	0.25822276	-0.19136304
0.09489913	0.13636094	0.2514816	-0.21530603	0.17712362	-0.13645668	0.08073047	0.21742684	-0.060675174	0.20229019	-0.1122012	-0.17884757	0.12353957	0.999999	0.029229132	-0.217239	-0.07312306	0.08855747	0.05635861	-0.14431988	0.084355064	-0.6645278	-0.1208042	0.14749402	-0.24598782	-0.14997005	-0.277065	0.12716915	-0.00866111	-0.2117556
0.28564325	0.13752152	0.19550191	-0.39864838	0.1164596	-0.0330542	-0.27193162	0.083167575	-0.2187068	0.03536574	-0.008237376	-0.14844066	0.12555192	0.029229132	0.99999905	-0.10078993	-0.07023892	0.16804847	0.18234944	-0.18900336	0.10271767	0.053766493	-0.32558903	0.12612791	-0.1870458	-0.5842886	-0.15560605	0.039419692	0.14615664	-0.1353899
-0.21612576	-0.35162243	-0.16192652	0.21663314	-0.44975913	0.20132917	0.10056129	-0.28590778	0.2102165	-0.15903014	0.10106149	0.27901876	-0.15319285	-0.217239	-0.10078993	0.9999992	0.18835962	-0.18424892	-0.40190542	0.2353851	-0.26553065	0.11156193	0.17369202	-0.17626566	0.2199	0.12514098	0.22781232	-0.22535656	-0.2554328	0.21372607
-0.062716395	-0.24629731	-0.16143496	0.17459148	-0.31581908	0.2730753	0.22549558	-0.3498704	0.2516192	0.06990502	-0.07366125	0.25501278	-0.43633482	-0.07312306	-0.07023892	0.18835962	0.99999917	-0.28430802	-0.15810323	0.14197461	-0.36810654	0.035285052	-0.015195284	-0.13035469	0.20137015	0.07352046	0.2421419	0.06692901	-0.4993069	0.04565112
0.19398053	0.27040216	0.18643291	-0.22717531	0.23720694	-0.37876648	-0.37323356	0.24775918	-0.3866549	0.011705992	0.051318448	-0.40473276	0.27069503	0.08855747	0.16804847	-0.18424892	-0.28430802	0.9999992	0.19375652	-0.21766792	0.30908167	-0.059742115	-0.13352714	0.23951606	-0.22755113	-0.18158752	-0.42909935	-0.02017168	0.26648292	-0.22641437
0.2518474	0.18282856	0.1913145	-0.21873792	0.21994779	-0.11821967	-0.15474652	0.15408178	-0.21694252	0.16116485	-0.09731767	-0.32529753	0.15768285	0.05635861	0.18234944	-0.40190542	-0.15810323	0.19375652	0.99999917	-0.54651064	0.14571854	0.024377773	-0.34662205	0.17991829	-0.15225652	-0.20477912	-0.15762301	0.1243263	0.15065926	-0.27721998
-0.38576794	-0.30743662	-0.33084643	0.25509372	-0.17762429	0.14931624	0.15370543	-0.19996771	0.2047806	-0.21903168	0.02150102	0.2397682	-0.25778857	-0.14431988	-0.18900336	0.2353851	0.14197461	-0.21766792	-0.54651064	0.9999993	-0.15414533	0.07475436	0.24157622	-0.25617278	0.22455017	0.21994771	0.19956936	-0.06906464	-0.14064105	0.23413472
0.13911407	0.2884646	0.13706054	-0.18916295	0.2357941	-0.41786832	-0.32641494	0.26916435	-0.38645026	-0.052142885	0.09765385	-0.36384526	0.27440366	0.084355064	0.10271767	-0.26553065	-0.36810654	0.30908167	0.14571854	-0.15414533	0.9999993	-0.06826697	-0.042147424	0.19597039	-0.2377117	-0.09359806	-0.42959023	-0.07500317	0.29129633	-0.10074082
-0.0352131	-0.14886993	-0.3305041	0.11925346	-0.15971653	0.11020107	-0.11502598	-0.29313824	0.053970635	-0.2313057	0.08860425	0.09560873	-0.08243679	-0.6645278	0.053766493	0.11156193	0.035285052	-0.059742115	0.024377773	0.07475436	-0.06826697	0.9999993	0.06597177	-0.10922852	0.15737097	0.050739624	0.16860643	-0.096271954	0.053601094	0.13065238
-0.4286707	-0.045318276	-0.35133588	0.23246756	-0.1431493	0.01958466	0.041411236	-0.096853524	0.05668652	-0.3539397	0.1530391	0.14414749	-0.06127071	-0.1208042	-0.32558903	0.17369202	-0.015195284	-0.13352714	-0.34662205	0.24157622	-0.042147424	0.06597177	0.9999992	-0.13331184	0.15937032	0.24347538	0.11716596	-0.2911806	-0.01307645	0.25347447
0.16120467	0.16367994	0.20950647	-0.2556798	0.23601574	-0.3576154	-0.15294966	0.22016068	-0.25751436	0.16415106	-0.2363986	-0.22500001	0.23936614	0.14749402	0.12612791	-0.17626566	-0.13035469	0.23951606	0.17991829	-0.25617278	0.19597039	-0.10922852	-0.13331184	0.9999993	-0.4352866	-0.10276724	-0.32579738	0.1881799	0.12086163	-0.4377595
-0.2229125	-0.27972037	-0.23413382	0.26123163	-0.20001823	0.26142135	0.12584692	-0.409451	0.21738642	-0.17755765	0.0831437	0.23166563	-0.41450858	-0.24598782	-0.1870458	0.2199	0.20137015	-0.22755113	-0.15225652	0.22455017	-0.2377117	0.15737097	0.15937032	-0.4352866	0.9999992	0.1662555	0.28620896	-0.20336778	-0.20253031	0.23438822
-0.46812776	-0.17979944	-0.39576188	0.24870867	-0.088351846	0.062034093	0.1551665	-0.16289407	0.17059268	-0.07011595	0.012598651	0.13779949	-0.10950461	-0.14997005	-0.5842886	0.12514098	0.07352046	-0.18158752	-0.20477912	0.21994771	-0.09359806	0.050739624	0.24347538	-0.10276724	0.1662555	0.9999993	0.16001676	-0.043035105	-0.13323139	0.14188933
-0.16338433	-0.30973694	-0.28885776	0.23780389	-0.22430134	0.28944647	0.17926805	-0.33870295	0.26671165	-0.06565409	0.015918331	0.2707451	-0.32088518	-0.277065	-0.15560605	0.22781232	0.2421419	-0.42909935	-0.15762301	0.19956936	-0.42959023	0.16860643	0.11716596	-0.32579738	0.28620896	0.16001676	0.9999993	-0.11639395	-0.25984335	0.20118375
0.046831936	-0.07498705	0.16168575	-0.11803643	0.13416083	-0.05839095	0.1625587	0.060426082	0.04298191	0.27279052	-0.560734	-0.02148681	-0.004275607	0.12716915	0.039419692	-0.22535656	0.06692901	-0.02017168	0.1243263	-0.06906464	-0.07500317	-0.096271954	-0.2911806	0.1881799	-0.20336778	-0.043035105	-0.11639395	0.9999994	-0.13811027	-0.31154692
0.1307227	0.25525928	0.08454556	-0.22066283	0.20617843	-0.25721043	-0.40549618	0.20340526	-0.25741053	-0.12806897	0.13381779	-0.34684134	0.25822276	-0.00866111	0.14615664	-0.2554328	-0.4993069	0.26648292	0.15065926	-0.14064105	0.29129633	0.053601094	-0.01307645	0.12086163	-0.20253031	-0.13323139	-0.25984335	-0.13811027	0.99999946	-0.03461874
-0.2697011	-0.06353507	-0.29175818	0.24863471	-0.2887064	0.14359805	0.0009851044	-0.13773751	0.09143763	-0.37627405	0.21766247	0.19715835	-0.19136304	-0.2117556	-0.1353899	0.21372607	0.04565112	-0.22641437	-0.27721998	0.23413472	-0.10074082	0.13065238	0.25347447	-0.4377595	0.23438822	0.14188933	0.20118375	-0.31154692	-0.03461874	0.99999946
