1.0	0.24139822	0.28955802	-0.2276823	-0.18765125	0.02700802	-0.2438008	0.028700339	-0.021984134	0.17409971	-0.084550075	-0.18986912	-0.36238313	0.25964442	0.1942911	-0.36910626	-0.4756513	0.2927633	0.00825276	-0.29181203	0.22162615	0.25575262	-0.29909378	0.0357289	0.16263229	-0.17606075	0.19181192	-0.34256667	-0.103495464	-0.0075156805
0.24139822	0.99999994	0.25226116	-0.51732624	0.02567196	0.13298935	-0.087403566	0.112654075	-0.1343207	0.03880574	-0.129229	-0.15278625	-0.36860892	0.12422779	0.25645012	-0.32840103	-0.27351087	0.222836	-0.22498423	-0.17708069	0.16863626	0.29815012	-0.17324907	0.045197684	0.02112339	-0.2917752	0.22927473	-0.32877934	0.078474484	-0.060657166
0.28955802	0.25226116	0.9999998	-0.3016991	-0.12856428	0.028536145	-0.37154576	-0.016166575	-0.015796248	0.1710499	-0.00020036705	-0.31664267	-0.27473316	0.26659796	0.20317204	-0.3232629	-0.3861133	0.2880766	-0.005877627	-0.38844308	0.27235594	0.257873	-0.34024772	0.05332917	0.12723629	-0.16514821	0.1713218	-0.23469588	-0.072415054	-0.039778367
-0.2276823	-0.51732624	-0.3016991	0.99999964	-0.021061486	-0.20169388	0.035602342	-0.19033228	0.16594012	-0.0058305473	0.16769774	0.030068532	0.29372078	-0.058149114	-0.38899496	0.17643566	0.21489576	-0.15003632	0.184258	0.1728374	-0.16286062	-0.4017649	0.10291497	-0.09898651	-0.055341914	0.22912866	-0.19616862	0.24218349	-0.18341145	0.14568663
-0.18765125	0.02567196	-0.12856428	-0.021061486	0.99999964	0.027125765	0.19073999	0.095670104	-0.0588565	-0.12436497	-0.10040295	0.15779707	-0.022503521	-0.28554305	0.0051066633	0.055307146	0.10233272	-0.10122553	-0.42182177	0.16380702	-0.20689915	0.03355825	0.16442579	-0.22399278	-0.5652398	0.053810623	0.023801722	0.012754368	0.2614024	0.074856386
0.02700802	0.13298935	0.028536145	-0.20169388	0.027125765	0.9999997	0.14513734	0.2660303	-0.52550906	-0.35414952	-0.37290072	0.15086904	-0.31269938	-0.070034444	0.22080338	0.07473083	-0.028864449	-0.041182734	-0.18594068	-0.09758008	-0.03372944	0.11001054	0.0935305	0.13717066	0.036298245	-0.29019806	0.23342924	-0.09602966	0.17710525	-0.25024
-0.2438008	-0.087403566	-0.37154576	0.035602342	0.19073999	0.14513734	0.9999996	0.1327963	-0.20507695	-0.33370954	-0.15945086	0.28377232	0.047735255	-0.40289536	-0.038640812	0.2438855	0.22669958	-0.24220319	-0.31153086	0.19160172	-0.22850128	-0.22118475	0.2296062	0.028044092	-0.15939422	-0.0068907696	-0.04142903	0.1516152	0.21959336	-0.0731366
0.028700339	0.112654075	-0.016166575	-0.19033228	0.095670104	0.2660303	0.1327963	0.9999997	-0.36056006	-0.17410634	-0.62694407	0.17021324	-0.16973072	-0.026277773	0.1690047	0.08177314	0.0036895021	-0.051601805	-0.26623505	-0.0148203205	-0.14672731	0.085012	0.09202575	0.09287514	-0.06042005	-0.3066203	0.23348087	-0.10043968	0.19117115	-0.24407811
-0.021984134	-0.1343207	-0.015796248	0.16594012	-0.0588565	-0.52550906	-0.20507695	-0.36056006	0.9999996	0.23715578	0.2874202	-0.26391724	0.20667905	0.08783341	-0.20871612	-0.08261969	0.0041686734	0.016920624	0.20324142	0.052269533	0.09375789	-0.10715533	-0.17820531	-0.15610081	-0.040986985	0.23941547	-0.33491814	0.081705995	-0.20826006	0.22651063
0.17409971	0.03880574	0.1710499	-0.0058305473	-0.12436497	-0.35414952	-0.33370954	-0.17410634	0.23715578	0.9999995	0.16969368	-0.29841083	0.05321131	0.24377392	-0.05448075	-0.37155524	-0.2565631	0.20260833	0.17477955	-0.15052259	0.2178482	0.0630811	-0.3094071	0.005008615	0.09667663	0.065361135	-0.07587312	-0.12400159	-0.3679913	0.087856956
-0.084550075	-0.129229	-0.00020036705	0.16769774	-0.10040295	-0.37290072	-0.15945086	-0.62694407	0.2874202	0.16969368	0.99999946	-0.17403674	0.19685023	0.017285232	-0.20155196	-0.0668905	0.032127663	-0.006304976	0.2239783	0.061615612	0.07665296	-0.14130244	-0.08201419	-0.11042787	0.044196706	0.23973419	-0.3339469	0.12139833	-0.23029897	0.18183021
-0.18986912	-0.15278625	-0.31664267	0.030068532	0.15779707	0.15086904	0.28377232	0.17021324	-0.26391724	-0.29841083	-0.17403674	0.9999995	0.014391045	-0.38017747	-0.051615573	0.24613725	0.20823391	-0.25120518	-0.20211527	0.20792535	-0.47055507	-0.117993526	0.28319052	0.02896977	-0.10496482	-0.023933772	-0.023755323	0.15580727	0.21793057	-0.13329029
-0.36238313	-0.36860892	-0.27473316	0.29372078	-0.022503521	-0.31269938	0.047735255	-0.16973072	0.20667905	0.05321131	0.19685023	0.014391045	0.9999995	-0.088292606	-0.37671316	0.1554543	0.23463024	-0.22960272	0.17554624	0.19123983	-0.088634886	-0.38838533	0.073612146	-0.04634828	-0.1000602	0.24298164	-0.2752602	0.25871894	-0.15806173	0.11728416
0.25964442	0.12422779	0.26659796	-0.058149114	-0.28554305	-0.070034444	-0.40289536	-0.026277773	0.08783341	0.24377392	0.017285232	-0.38017747	-0.088292606	0.99999946	0.10359819	-0.29683605	-0.29467767	0.26944008	0.13955176	-0.37554967	0.27755365	0.14198758	-0.35347548	0.07197238	0.18959317	-0.13608965	0.12919116	-0.25339565	-0.29547086	-0.005339031
0.1942911	0.25645012	0.20317204	-0.38899496	0.0051066633	0.22080338	-0.038640812	0.1690047	-0.20871612	-0.05448075	-0.20155196	-0.051615573	-0.37671316	0.10359819	0.9999995	-0.09716987	-0.26108995	0.1782678	-0.12070534	-0.30075592	0.14006816	0.23990817	-0.13505131	0.176921	0.10192004	-0.40970278	0.28005016	-0.37103194	0.0782434	-0.33153734
-0.36910626	-0.32840103	-0.3232629	0.17643566	0.055307146	0.07473083	0.2438855	0.08177314	-0.08261969	-0.37155524	-0.0668905	0.24613725	0.1554543	-0.29683605	-0.09716987	0.99999964	0.28433767	-0.41898632	-0.014590184	0.22127262	-0.30677083	-0.32514608	0.25374123	0.041655947	-0.05084893	0.057454545	-0.113894336	0.24195471	0.08582689	-0.053840637
-0.4756513	-0.27351087	-0.3861133	0.21489576	0.10233272	-0.028864449	0.22669958	0.0036895021	0.0041686734	-0.2565631	0.032127663	0.20823391	0.23463024	-0.29467767	-0.26108995	0.28433767	0.9999997	-0.33242556	0.0049188626	0.26948905	-0.25043032	-0.3534121	0.23826405	-0.04115228	-0.22521847	0.17261854	-0.25345376	0.28672838	0.0925795	0.056900702
0.2927633	0.222836	0.2880766	-0.15003632	-0.10122553	-0.041182734	-0.24220319	-0.051601805	0.016920624	0.20260833	-0.006304976	-0.25120518	-0.22960272	0.26944008	0.1782678	-0.41898632	-0.33242556	0.9999998	-0.0035744612	-0.42757827	0.26744714	0.22900629	-0.3902442	0.060911775	0.12087628	-0.17534226	0.17520174	-0.41240057	-0.083317205	-0.0070876717
0.00825276	-0.22498423	-0.005877627	0.184258	-0.42182177	-0.18594068	-0.31153086	-0.26623505	0.20324142	0.17477955	0.2239783	-0.20211527	0.17554624	0.13955176	-0.12070534	-0.014590184	0.0049188626	-0.0035744612	0.9999999	-0.033405043	0.08268825	-0.18043707	-0.059105784	0.05176364	0.17704178	0.10325679	-0.2284966	0.08650966	-0.4130647	0.0561376
-0.29181203	-0.17708069	-0.38844308	0.1728374	0.16380702	-0.09758008	0.19160172	-0.0148203205	0.052269533	-0.15052259	0.061615612	0.20792535	0.19123983	-0.37554967	-0.30075592	0.22127262	0.26948905	-0.42757827	-0.033405043	0.9999996	-0.38824397	-0.2026565	0.27194086	-0.22707795	-0.20559931	0.20688894	-0.22448105	0.26391786	0.10832258	0.12251443
0.22162615	0.16863626	0.27235594	-0.16286062	-0.20689915	-0.03372944	-0.22850128	-0.14672731	0.09375789	0.2178482	0.07665296	-0.47055507	-0.088634886	0.27755365	0.14006816	-0.30677083	-0.25043032	0.26744714	0.08268825	-0.38824397	0.9999997	0.14483896	-0.47986114	0.08901105	0.16608894	-0.0529077	0.0737655	-0.2147589	-0.20895694	-0.05246749
0.25575262	0.29815012	0.257873	-0.4017649	0.03355825	0.11001054	-0.22118475	0.085012	-0.10715533	0.0630811	-0.14130244	-0.117993526	-0.38838533	0.14198758	0.23990817	-0.32514608	-0.3534121	0.22900629	-0.18043707	-0.2026565	0.14483896	0.99999976	-0.09659385	-0.033785645	0.0155231245	-0.18003272	0.22309537	-0.38494974	0.089432694	-0.052388404
-0.29909378	-0.17324907	-0.34024772	0.10291497	0.16442579	0.0935305	0.2296062	0.09202575	-0.17820531	-0.3094071	-0.08201419	0.28319052	0.073612146	-0.35347548	-0.13505131	0.25374123	0.23826405	-0.3902442	-0.059105784	0.27194086	-0.47986114	-0.09659385	0.9999997	-0.14525306	-0.13785262	0.071442656	-0.07259927	0.2082044	0.1697306	-0.00033153733
0.0357289	0.045197684	0.05332917	-0.09898651	-0.22399278	0.13717066	0.028044092	0.09287514	-0.15610081	0.005008615	-0.11042787	0.02896977	-0.04634828	0.07197238	0.176921	0.041655947	-0.04115228	0.060911775	0.05176364	-0.22707795	0.08901105	-0.033785645	-0.14525306	1.0	0.24203621	-0.35379574	0.15088768	-0.14287503	-0.17291956	-0.5587517
0.16263229	0.02112339	0.12723629	-0.055341914	-0.5652398	0.036298245	-0.15939422	-0.06042005	-0.040986985	0.09667663	0.044196706	-0.10496482	-0.1000602	0.18959317	0.10192004	-0.05084893	-0.22521847	0.12087628	0.17704178	-0.20559931	0.16608894	0.0155231245	-0.13785262	0.24203621	1.0	-0.16619971	0.066439845	-0.09022838	-0.30692014	-0.29836872
-0.17606075	-0.2917752	-0.16514821	0.22912866	0.053810623	-0.29019806	-0.0068907696	-0.3066203	0.23941547	0.065361135	0.23973419	-0.023933772	0.24298164	-0.13608965	-0.40970278	0.057454545	0.17261854	-0.17534226	0.10325679	0.20688894	-0.0529077	-0.18003272	0.071442656	-0.35379574	-0.16619971	0.9999997	-0.41232088	0.23634955	-0.034714222	0.2633286
0.19181192	0.22927473	0.1713218	-0.19616862	0.023801722	0.23342924	-0.04142903	0.23348087	-0.33491814	-0.07587312	-0.3339469	-0.023755323	-0.2752602	0.12919116	0.28005016	-0.113894336	-0.25345376	0.17520174	-0.2284966	-0.22448105	0.0737655	0.22309537	-0.07259927	0.15088768	0.066439845	-0.41232088	0.99999976	-0.38996154	0.062289935	-0.26745263
-0.34256667	-0.32877934	-0.23469588	0.24218349	0.012754368	-0.09602966	0.1516152	-0.10043968	0.081705995	-0.12400159	0.12139833	0.15580727	0.25871894	-0.25339565	-0.37103194	0.24195471	0.28672838	-0.41240057	0.08650966	0.26391786	-0.2147589	-0.38494974	0.2082044	-0.14287503	-0.09022838	0.23634955	-0.38996154	0.99999964	0.021076586	0.11722876
-0.103495464	0.078474484	-0.072415054	-0.18341145	0.2614024	0.17710525	0.21959336	0.19117115	-0.20826006	-0.3679913	-0.23029897	0.21793057	-0.15806173	-0.29547086	0.0782434	0.08582689	0.0925795	-0.083317205	-0.4130647	0.10832258	-0.20895694	0.089432694	0.1697306	-0.17291956	-0.30692014	-0.034714222	0.062289935	0.021076586	0.9999996	-0.013845207
-0.0075156805	-0.060657166	-0.039778367	0.14568663	0.074856386	-0.25024	-0.0731366	-0.24407811	0.22651063	0.087856956	0.18183021	-0.13329029	0.11728416	-0.005339031	-0.33153734	-0.053840637	0.056900702	-0.0070876717	0.0561376	0.12251443	-0.05246749	-0.052388404	-0.00033153733	-0.5587517	-0.29836872	0.2633286	-0.26745263	0.11722876	-0.013845207	0.9999996
