1.0000001	-0.32798597	0.31033465	0.20223382	0.29522502	0.28242663	-0.27318004	-0.19114421	-0.12931526	-0.38992342	-0.29469433	-0.2677509	-0.40803173	0.08612069	0.17415811	-0.15082449	0.2955745	-0.40329543	-0.02419231	-0.12712075	0.13013251	0.287839	-0.37789333	0.30775037	0.20733787	0.06071708	-0.4365114	0.1535655	-0.2240499	0.2325249
-0.32798597	1.0	-0.34925008	-0.117198154	-0.3973131	-0.23494525	0.26603857	0.19466344	0.090939306	0.2817868	0.26075336	0.19838127	0.24064632	-0.053730957	-0.19636552	0.10895008	-0.16708131	0.2817098	0.042163704	0.1325945	-0.20339704	-0.48140258	0.19971664	-0.38992324	-0.16479388	-0.05526455	0.26936615	-0.178935	0.16819097	-0.41828614
0.31033465	-0.34925008	1.0000001	0.2153336	0.30889428	0.28863883	-0.31209153	-0.21725233	-0.19604084	-0.40563914	-0.41960385	-0.22621831	-0.37558997	0.11303072	0.19499478	-0.15577063	0.2712508	-0.38195723	-0.11854167	-0.08254002	0.12781475	0.28729835	-0.3443236	0.31684858	0.1715645	0.0725851	-0.35346022	0.16887031	-0.14914885	0.23999031
0.20223382	-0.117198154	0.2153336	1.0000002	0.22078729	0.2830136	-0.13485074	-0.390944	-0.25211006	-0.23488495	-0.37509257	-0.37908408	-0.27623835	0.25362858	0.28246802	-0.3376344	0.20266426	-0.2241447	-0.30939573	0.15711282	-0.16101365	0.17119278	-0.4043107	0.18767902	0.20790792	0.24973665	-0.12383002	0.28554222	-0.25223526	0.05369376
0.29522502	-0.3973131	0.30889428	0.22078729	1.0000001	0.28693312	-0.40682897	-0.27084407	-0.14974909	-0.36735442	-0.413079	-0.3085292	-0.38227797	0.11057124	0.19762903	-0.10296029	0.2574039	-0.30792838	-0.110207334	-0.05142293	0.098464236	0.29048222	-0.2701154	0.31085515	0.18432005	0.09763956	-0.30076724	0.16958939	-0.23947676	0.2500717
0.28242663	-0.23494525	0.28863883	0.2830136	0.28693312	1.0	-0.25423056	-0.40862384	-0.24174406	-0.4161841	-0.3138383	-0.35924387	-0.37765238	0.19148658	0.2585679	-0.30879605	0.26012054	-0.30736756	-0.17720288	-0.008084715	0.044664416	0.26531455	-0.388065	0.2793041	0.24250971	0.17960872	-0.23221375	0.24590299	-0.25751936	0.17724149
-0.27318004	0.26603857	-0.31209153	-0.13485074	-0.40682897	-0.25423056	0.9999999	0.12161297	0.013676038	0.22228542	0.21549737	0.123556726	0.2321389	0.020210447	-0.043913085	0.00078819285	-0.27262008	0.29572347	-0.0983757	0.17280746	-0.23577093	-0.18751623	0.17450547	-0.3164147	-0.09694761	0.057892576	0.2443383	-0.030561931	0.08133765	-0.57908577
-0.19114421	0.19466344	-0.21725233	-0.390944	-0.27084407	-0.40862384	0.12161297	1.0	0.28392705	0.26923937	0.24258773	0.31495345	0.24767584	-0.28419837	-0.3907488	0.28379703	-0.25767678	0.20383383	0.22377129	-0.12600055	0.05627851	-0.2794724	0.28609622	-0.23434569	-0.37112758	-0.31060478	0.17422943	-0.33225596	0.2857559	-0.1231524
-0.12931526	0.090939306	-0.19604084	-0.25211006	-0.14974909	-0.24174406	0.013676038	0.28392705	1.0000001	0.21442267	0.18463062	0.2872617	0.16405219	-0.43476176	-0.36424693	0.29832512	-0.19731255	0.07778077	0.2781068	-0.26608163	0.17467013	-0.1255979	0.22484964	-0.1312358	-0.3235875	-0.43256426	0.07250001	-0.39061955	0.24542041	0.024437563
-0.38992342	0.2817868	-0.40563914	-0.23488495	-0.36735442	-0.4161841	0.22228542	0.26923937	0.21442267	0.9999998	0.29368377	0.28492677	0.28941607	-0.22162607	-0.20509176	0.20396549	-0.24880067	0.2699808	0.15068166	-0.0021436166	-0.08133508	-0.35195807	0.28102064	-0.37222895	-0.23203796	-0.18256384	0.25505552	-0.28435996	0.22522251	-0.2455285
-0.29469433	0.26075336	-0.41960385	-0.37509257	-0.413079	-0.3138383	0.21549737	0.24258773	0.18463062	0.29368377	0.99999994	0.25953898	0.27635223	-0.19953097	-0.2608549	0.17055443	-0.24521081	0.250955	0.1336815	-0.013715662	-0.037229545	-0.38310882	0.26604763	-0.39586622	-0.08844213	-0.09692672	0.22127151	-0.21003814	0.17223752	-0.20054096
-0.2677509	0.19838127	-0.22621831	-0.37908408	-0.3085292	-0.35924387	0.123556726	0.31495345	0.2872617	0.28492677	0.25953898	1.0	0.23880292	-0.35124525	-0.35318917	0.28522158	-0.19530357	0.18584293	0.25227997	-0.16870095	0.068579875	-0.26649645	0.27730563	-0.24027966	-0.23899175	-0.36765838	0.16128439	-0.36712617	0.2523796	-0.10046761
-0.40803173	0.24064632	-0.37558997	-0.27623835	-0.38227797	-0.37765238	0.2321389	0.24767584	0.16405219	0.28941607	0.27635223	0.23880292	1.0000001	-0.098664425	-0.1876098	0.13395329	-0.49216765	0.27833936	0.07502198	0.037745338	-0.060526866	-0.29196477	0.3010233	-0.36966565	-0.21156654	-0.146351	0.27880222	-0.12955059	0.20473987	-0.1908305
0.08612069	-0.053730957	0.11303072	0.25362858	0.11057124	0.19148658	0.020210447	-0.28419837	-0.43476176	-0.22162607	-0.19953097	-0.35124525	-0.098664425	0.99999994	0.27339837	-0.46930277	0.044018224	-0.007886106	-0.41449773	0.2276055	-0.27870816	0.055214256	-0.12971807	0.08033746	0.18202871	0.30974948	-0.016493237	0.30061904	-0.21355478	-0.07407476
0.17415811	-0.19636552	0.19499478	0.28246802	0.19762903	0.2585679	-0.043913085	-0.3907488	-0.36424693	-0.20509176	-0.2608549	-0.35318917	-0.1876098	0.27339837	1.0	-0.414081	0.16792263	-0.15437932	-0.40067285	0.11217622	-0.072039366	0.2047482	-0.26365763	0.19195554	0.26931265	0.2609211	-0.20256682	0.30698958	-0.4038736	0.018078359
-0.15082449	0.10895008	-0.15577063	-0.3376344	-0.10296029	-0.30879605	0.00078819285	0.28379703	0.29832512	0.20396549	0.17055443	0.28522158	0.13395329	-0.46930277	-0.414081	1.0000001	-0.08002726	0.09242798	0.2820293	-0.15541711	0.12999211	-0.12282155	0.20419009	-0.15405746	-0.3310064	-0.33472604	0.10172456	-0.44623336	0.25920102	0.008566686
0.2955745	-0.16708131	0.2712508	0.20266426	0.2574039	0.26012054	-0.27262008	-0.25767678	-0.19731255	-0.24880067	-0.24521081	-0.19530357	-0.49216765	0.044018224	0.16792263	-0.08002726	1.0000001	-0.33763635	0.013074876	-0.06331791	0.0870021	0.24013337	-0.44296375	0.2579456	0.21168743	0.05082705	-0.41699976	0.11683961	-0.24684821	0.18752612
-0.40329543	0.2817098	-0.38195723	-0.2241447	-0.30792838	-0.30736756	0.29572347	0.20383383	0.07778077	0.2699808	0.250955	0.18584293	0.27833936	-0.007886106	-0.15437932	0.09242798	-0.33763635	1.0000004	-0.043636017	0.113921754	-0.19414976	-0.27894107	0.26017213	-0.35012576	-0.19922268	0.0167286	0.2890163	-0.15444015	0.165637	-0.43693683
-0.02419231	0.042163704	-0.11854167	-0.30939573	-0.110207334	-0.17720288	-0.0983757	0.22377129	0.2781068	0.15068166	0.1336815	0.25227997	0.07502198	-0.41449773	-0.40067285	0.2820293	0.013074876	-0.043636017	1.0000001	-0.31463653	0.21189146	-0.05891379	0.12750697	-0.08125265	-0.11896928	-0.45134616	0.0050390675	-0.34739643	0.16275775	0.111254424
-0.12712075	0.1325945	-0.08254002	0.15711282	-0.05142293	-0.008084715	0.17280746	-0.12600055	-0.26608163	-0.0021436166	-0.013715662	-0.16870095	0.037745338	0.2276055	0.11217622	-0.15541711	-0.06331791	0.113921754	-0.31463653	1.0000002	-0.5810481	-0.17995296	-0.06264351	-0.17262007	-0.022598015	0.26037094	0.1804467	0.18279476	-0.0019304998	-0.1775802
0.13013251	-0.20339704	0.12781475	-0.16101365	0.098464236	0.044664416	-0.23577093	0.05627851	0.17467013	-0.08133508	-0.037229545	0.068579875	-0.060526866	-0.27870816	-0.072039366	0.12999211	0.0870021	-0.19414976	0.21189146	-0.5810481	1.0000001	0.17332548	-0.013637191	0.1716254	0.0211153	-0.31616098	-0.26753098	-0.19924699	-0.0023820011	0.20863901
0.287839	-0.48140258	0.28729835	0.17119278	0.29048222	0.26531455	-0.18751623	-0.2794724	-0.1255979	-0.35195807	-0.38310882	-0.26649645	-0.29196477	0.055214256	0.2047482	-0.12282155	0.24013337	-0.27894107	-0.05891379	-0.17995296	0.17332548	1.0	-0.27756006	0.31051615	0.20343164	0.052472007	-0.34047467	0.15624525	-0.2849014	0.21289444
-0.37789333	0.19971664	-0.3443236	-0.4043107	-0.2701154	-0.388065	0.17450547	0.28609622	0.22484964	0.28102064	0.26604763	0.27730563	0.3010233	-0.12971807	-0.26365763	0.20419009	-0.44296375	0.26017213	0.12750697	-0.06264351	-0.013637191	-0.27756006	1.0000001	-0.22512984	-0.2644537	-0.19915774	0.23476568	-0.28105152	0.24112037	-0.13361497
0.30775037	-0.38992324	0.31684858	0.18767902	0.31085515	0.2793041	-0.3164147	-0.23434569	-0.1312358	-0.37222895	-0.39586622	-0.24027966	-0.36966565	0.08033746	0.19195554	-0.15405746	0.2579456	-0.35012576	-0.08125265	-0.17262007	0.1716254	0.31051615	-0.22512984	1.0	0.18990116	0.039529033	-0.39925668	0.15249683	-0.21511793	0.25080264
0.20733787	-0.16479388	0.1715645	0.20790792	0.18432005	0.24250971	-0.09694761	-0.37112758	-0.3235875	-0.23203796	-0.08844213	-0.23899175	-0.21156654	0.18202871	0.26931265	-0.3310064	0.21168743	-0.19922268	-0.11896928	-0.022598015	0.0211153	0.20343164	-0.2644537	0.18990116	1.0000002	0.1656941	-0.28901735	0.24767779	-0.60963345	0.057926625
0.06071708	-0.05526455	0.0725851	0.24973665	0.09763956	0.17960872	0.057892576	-0.31060478	-0.43256426	-0.18256384	-0.09692672	-0.36765838	-0.146351	0.30974948	0.2609211	-0.33472604	0.05082705	0.0167286	-0.45134616	0.26037094	-0.31616098	0.052472007	-0.19915774	0.039529033	0.1656941	1.0000001	0.012160495	0.29028058	-0.19055082	-0.09301142
-0.4365114	0.26936615	-0.35346022	-0.12383002	-0.30076724	-0.23221375	0.2443383	0.17422943	0.07250001	0.25505552	0.22127151	0.16128439	0.27880222	-0.016493237	-0.20256682	0.10172456	-0.41699976	0.2890163	0.0050390675	0.1804467	-0.26753098	-0.34047467	0.23476568	-0.39925668	-0.28901735	0.012160495	0.99999994	-0.09036776	0.21271339	-0.24319918
0.1535655	-0.178935	0.16887031	0.28554222	0.16958939	0.24590299	-0.030561931	-0.33225596	-0.39061955	-0.28435996	-0.21003814	-0.36712617	-0.12955059	0.30061904	0.30698958	-0.44623336	0.11683961	-0.15444015	-0.34739643	0.18279476	-0.19924699	0.15624525	-0.28105152	0.15249683	0.24767779	0.29028058	-0.09036776	0.99999994	-0.35168067	0.016476477
-0.2240499	0.16819097	-0.14914885	-0.25223526	-0.23947676	-0.25751936	0.08133765	0.2857559	0.24542041	0.22522251	0.17223752	0.2523796	0.20473987	-0.21355478	-0.4038736	0.25920102	-0.24684821	0.165637	0.16275775	-0.0019304998	-0.0023820011	-0.2849014	0.24112037	-0.21511793	-0.60963345	-0.19055082	0.21271339	-0.35168067	0.99999994	-0.0337893
0.2325249	-0.41828614	0.23999031	0.05369376	0.2500717	0.17724149	-0.57908577	-0.1231524	0.024437563	-0.2455285	-0.20054096	-0.10046761	-0.1908305	-0.07407476	0.018078359	0.008566686	0.18752612	-0.43693683	0.111254424	-0.1775802	0.20863901	0.21289444	-0.13361497	0.25080264	0.057926625	-0.09301142	-0.24319918	0.016476477	-0.0337893	0.99999994
