1.0000001	0.28142208	-0.14090122	0.29701275	-0.35551864	0.2687537	0.2895769	0.109060936	-0.46261668	-0.16323958	-0.35325813	0.15799809	0.19022533	-0.19006436	0.18894391	0.08445749	-0.09254499	-0.35560295	-0.24887201	0.28037867	0.24408048	0.1471729	0.26291376	-0.39589396	-0.23002599	-0.17937388	0.020724276	0.060768425	-0.40805107	-0.3074926
0.28142208	1.0000002	-0.004666973	0.27019268	-0.4718099	0.24149635	0.31024757	0.14785334	-0.44988957	-0.22950113	-0.32193133	0.018261202	0.07082754	-0.12058041	0.20583153	0.18293582	0.09462843	-0.32330465	-0.28220737	0.304018	0.1825747	0.18772252	0.20327693	-0.37852743	-0.25639337	-0.1884696	-0.12743205	-0.057104696	-0.1938579	-0.29558417
-0.14090122	-0.004666973	0.99999994	-0.14469425	0.09460344	-0.21003045	-0.049170643	0.0008910063	0.079063736	-0.18702266	0.21838734	-0.40895355	-0.50434357	0.28593335	-0.05036593	0.17281443	0.27045548	0.10185227	0.17191148	-0.12262702	-0.38017467	-0.026477778	-0.2721681	0.14055082	0.0014113903	0.17064187	-0.2680533	-0.23123541	0.21582259	0.07658021
0.29701275	0.27019268	-0.14469425	0.99999994	-0.29659775	0.2756461	0.2894555	0.14160134	-0.4095444	-0.20171203	-0.3721885	0.1714587	0.20833679	-0.21073787	0.21765462	0.07969545	-0.0388343	-0.30969867	-0.3589659	0.28462663	0.2710641	0.20178372	0.28013405	-0.40579525	-0.2570466	-0.3761451	0.017098129	-0.004621618	-0.38626486	-0.23287585
-0.35551864	-0.4718099	0.09460344	-0.29659775	0.99999994	-0.42408687	-0.4098829	-0.08368295	0.30591246	0.13591081	0.2884525	-0.14633402	-0.13549022	0.17215674	-0.20752934	-0.16250396	-0.03006039	0.25499597	0.29909346	-0.41675478	-0.23574427	-0.1738152	-0.19826952	0.28399843	0.22945689	0.19361193	0.040172767	-0.026658243	0.25348315	0.22291306
0.2687537	0.24149635	-0.21003045	0.2756461	-0.42408687	0.9999998	0.24180953	0.01309342	-0.3667899	-0.030659484	-0.34948412	0.2233624	0.21006663	-0.36374053	0.12138777	0.012853762	-0.10952381	-0.23220639	-0.4731986	0.2688307	0.26462448	0.10897205	0.23381153	-0.25295272	-0.23660064	-0.19017239	0.09427084	0.11919048	-0.30014008	-0.1585518
0.2895769	0.31024757	-0.049170643	0.2894555	-0.4098829	0.24180953	0.9999998	0.19516122	-0.3450258	-0.21831512	-0.3270518	0.07912883	0.12370552	-0.08264056	0.26325873	0.16984388	0.050400726	-0.39404622	-0.34823364	0.3132017	0.20198718	0.22784707	0.24485631	-0.38483796	-0.33610275	-0.2436534	-0.1364547	-0.085848436	-0.27446043	-0.36471298
0.109060936	0.14785334	0.0008910063	0.14160134	-0.08368295	0.01309342	0.19516122	0.9999999	-0.1525221	-0.36915603	-0.06807189	-0.02676531	0.053587314	0.07947161	0.22061941	0.17477612	0.14445572	-0.32939792	-0.03951432	0.14140736	0.07215522	0.26721254	0.16101079	-0.15034339	-0.30990627	-0.30420667	-0.31844527	-0.3766741	-0.016069803	-0.37756252
-0.46261668	-0.44988957	0.079063736	-0.4095444	0.30591246	-0.3667899	-0.3450258	-0.1525221	0.99999994	0.16477856	0.27115598	-0.10338226	-0.11757739	0.14744371	-0.14463149	-0.14133719	-0.04110248	0.26454103	0.25779423	-0.38407743	-0.19581366	-0.13924153	-0.27355647	0.2886166	0.23092574	0.19625475	0.031055976	0.019520497	0.2329725	0.23709053
-0.16323958	-0.22950113	-0.18702266	-0.20171203	0.13591081	-0.030659484	-0.21831512	-0.36915603	0.16477856	1.0	0.04883386	0.10988995	0.049701463	-0.11396165	-0.13190882	-0.4008716	-0.32577795	0.2046506	0.07226489	-0.13083415	-0.07664513	-0.41704035	-0.077577725	0.13813697	0.27331242	0.1601207	0.23939618	0.24146874	0.05479908	0.18098806
-0.35325813	-0.32193133	0.21838734	-0.3721885	0.2884525	-0.34948412	-0.3270518	-0.06807189	0.27115598	0.04883386	0.99999994	-0.25665596	-0.3382063	0.25316978	-0.18601479	-0.032123793	0.116835855	0.25993302	0.29934523	-0.3697802	-0.36747372	-0.12300671	-0.32837197	0.30183718	0.17430162	0.23938538	-0.06954555	-0.13655926	0.3041269	0.22398679
0.15799809	0.018261202	-0.40895355	0.1714587	-0.14633402	0.2233624	0.07912883	-0.02676531	-0.10338226	0.10988995	-0.25665596	0.99999994	0.28185415	-0.44719914	0.0015878612	-0.29109225	-0.28107992	-0.09835014	-0.25093877	0.083613686	0.2556912	-0.025980309	0.22202764	-0.11640907	0.018956417	-0.15128161	0.20926438	0.21504539	-0.35171956	-0.09196389
0.19022533	0.07082754	-0.50434357	0.20833679	-0.13549022	0.21006663	0.12370552	0.053587314	-0.11757739	0.049701463	-0.3382063	0.28185415	0.9999999	-0.31207278	0.10140834	-0.1324548	-0.35680705	-0.22757018	-0.18717575	0.14775929	0.29066232	0.068444416	0.2716927	-0.23238789	-0.076999314	-0.31631556	0.18246587	0.15431271	-0.292193	-0.17542121
-0.19006436	-0.12058041	0.28593335	-0.21073787	0.17215674	-0.36374053	-0.08264056	0.07947161	0.14744371	-0.11396165	0.25316978	-0.44719914	-0.31207278	0.9999997	0.015471898	0.13497539	0.22853503	0.10305902	0.21221256	-0.14737132	-0.42371088	0.015423437	-0.2525478	0.16505952	0.00020995975	0.13405675	-0.28764954	-0.29473773	0.2508243	0.04905202
0.18894391	0.20583153	-0.05036593	0.21765462	-0.20752934	0.12138777	0.26325873	0.22061941	-0.14463149	-0.13190882	-0.18601479	0.0015878612	0.10140834	0.015471898	0.9999998	0.16116646	0.01810303	-0.37851807	-0.29453945	0.24442385	0.15431303	0.23556893	0.19867249	-0.3371377	-0.19813113	-0.35164344	-0.14246953	-0.24175587	-0.26811653	-0.41560906
0.08445749	0.18293582	0.17281443	0.07969545	-0.16250396	0.012853762	0.16984388	0.17477612	-0.14133719	-0.4008716	-0.032123793	-0.29109225	-0.1324548	0.13497539	0.16116646	1.0	0.22854154	-0.15331607	-0.119223736	0.15558973	-0.013940453	0.233779	-0.05670039	-0.10990703	-0.37672397	-0.029843533	-0.27825043	-0.35897025	-0.052069332	-0.08206429
-0.09254499	0.09462843	0.27045548	-0.0388343	-0.03006039	-0.10952381	0.050400726	0.14445572	-0.04110248	-0.32577795	0.116835855	-0.28107992	-0.35680705	0.22853503	0.01810303	0.22854154	1.0000001	-0.020231774	0.069935545	0.03624452	-0.16827455	0.08400874	-0.10733379	0.047552515	-0.13669267	0.040310256	-0.5784146	-0.25472474	0.1465682	-0.035140514
-0.35560295	-0.32330465	0.10185227	-0.30969867	0.25499597	-0.23220639	-0.39404622	-0.32939792	0.26454103	0.2046506	0.25993302	-0.09835014	-0.22757018	0.10305902	-0.37851807	-0.15331607	-0.020231774	1.0000001	0.24534512	-0.27261424	-0.26992753	-0.2719542	-0.37084004	0.3070009	0.26222822	0.29071638	0.08824246	0.07464405	0.23615395	0.31426284
-0.24887201	-0.28220737	0.17191148	-0.3589659	0.29909346	-0.4731986	-0.34823364	-0.03951432	0.25779423	0.07226489	0.29934523	-0.25093877	-0.18717575	0.21221256	-0.29453945	-0.119223736	0.069935545	0.24534512	1.0	-0.39192274	-0.31438896	-0.19419226	-0.24814826	0.2796142	0.20663011	0.2212705	-0.035594188	-0.04739242	0.29098383	0.20814037
0.28037867	0.304018	-0.12262702	0.28462663	-0.41675478	0.2688307	0.3132017	0.14140736	-0.38407743	-0.13083415	-0.3697802	0.083613686	0.14775929	-0.14737132	0.24442385	0.15558973	0.03624452	-0.27261424	-0.39192274	0.9999998	0.22045518	0.19887243	0.24168411	-0.333212	-0.3193711	-0.26265877	-0.11126218	-0.03727312	-0.25820908	-0.3631104
0.24408048	0.1825747	-0.38017467	0.2710641	-0.23574427	0.26462448	0.20198718	0.07215522	-0.19581366	-0.07664513	-0.36747372	0.2556912	0.29066232	-0.42371088	0.15431303	-0.013940453	-0.16827455	-0.26992753	-0.31438896	0.22045518	0.9999997	0.10838185	0.2890607	-0.3128139	-0.106855534	-0.37056857	0.117479086	0.12491479	-0.33532125	-0.22575887
0.1471729	0.18772252	-0.026477778	0.20178372	-0.1738152	0.10897205	0.22784707	0.26721254	-0.13924153	-0.41704035	-0.12300671	-0.025980309	0.068444416	0.015423437	0.23556893	0.233779	0.08400874	-0.2719542	-0.19419226	0.19887243	0.10838185	0.99999976	0.13789898	-0.18382214	-0.5026401	-0.330412	-0.12148632	-0.34974992	-0.13212472	-0.23112637
0.26291376	0.20327693	-0.2721681	0.28013405	-0.19826952	0.23381153	0.24485631	0.16101079	-0.27355647	-0.077577725	-0.32837197	0.22202764	0.2716927	-0.2525478	0.19867249	-0.05670039	-0.10733379	-0.37084004	-0.24814826	0.24168411	0.2890607	0.13789898	0.99999976	-0.38574108	-0.21018709	-0.4013572	0.017926823	0.06827286	-0.26877034	-0.38164747
-0.39589396	-0.37852743	0.14055082	-0.40579525	0.28399843	-0.25295272	-0.38483796	-0.15034339	0.2886166	0.13813697	0.30183718	-0.11640907	-0.23238789	0.16505952	-0.3371377	-0.10990703	0.047552515	0.3070009	0.2796142	-0.333212	-0.3128139	-0.18382214	-0.38574108	0.99999994	0.22220625	0.26883525	-0.0061892876	-0.01584884	0.27856338	0.27988577
-0.23002599	-0.25639337	0.0014113903	-0.2570466	0.22945689	-0.23660064	-0.33610275	-0.30990627	0.23092574	0.27331242	0.17430162	0.018956417	-0.076999314	0.00020995975	-0.19813113	-0.37672397	-0.13669267	0.26222822	0.20663011	-0.3193711	-0.106855534	-0.5026401	-0.21018709	0.22220625	1.0	0.21452375	0.15679619	0.17840551	0.14756162	0.23678552
-0.17937388	-0.1884696	0.17064187	-0.3761451	0.19361193	-0.19017239	-0.2436534	-0.30420667	0.19625475	0.1601207	0.23938538	-0.15128161	-0.31631556	0.13405675	-0.35164344	-0.029843533	0.040310256	0.29071638	0.2212705	-0.26265877	-0.37056857	-0.330412	-0.4013572	0.26883525	0.21452375	1.0	0.016381718	0.052299995	0.21838672	0.2793369
0.020724276	-0.12743205	-0.2680533	0.017098129	0.040172767	0.09427084	-0.1364547	-0.31844527	0.031055976	0.23939618	-0.06954555	0.20926438	0.18246587	-0.28764954	-0.14246953	-0.27825043	-0.5784146	0.08824246	-0.035594188	-0.11126218	0.117479086	-0.12148632	0.017926823	-0.0061892876	0.15679619	0.016381718	1.0000001	0.2553423	-0.13450265	0.12916555
0.060768425	-0.057104696	-0.23123541	-0.004621618	-0.026658243	0.11919048	-0.085848436	-0.3766741	0.019520497	0.24146874	-0.13655926	0.21504539	0.15431271	-0.29473773	-0.24175587	-0.35897025	-0.25472474	0.07464405	-0.04739242	-0.03727312	0.12491479	-0.34974992	0.06827286	-0.01584884	0.17840551	0.052299995	0.2553423	1.0	-0.15190564	0.10690912
-0.40805107	-0.1938579	0.21582259	-0.38626486	0.25348315	-0.30014008	-0.27446043	-0.016069803	0.2329725	0.05479908	0.3041269	-0.35171956	-0.292193	0.2508243	-0.26811653	-0.052069332	0.1465682	0.23615395	0.29098383	-0.25820908	-0.33532125	-0.13212472	-0.26877034	0.27856338	0.14756162	0.21838672	-0.13450265	-0.15190564	1.0	0.19356345
-0.3074926	-0.29558417	0.07658021	-0.23287585	0.22291306	-0.1585518	-0.36471298	-0.37756252	0.23709053	0.18098806	0.22398679	-0.09196389	-0.17542121	0.04905202	-0.41560906	-0.08206429	-0.035140514	0.31426284	0.20814037	-0.3631104	-0.22575887	-0.23112637	-0.38164747	0.27988577	0.23678552	0.2793369	0.12916555	0.10690912	0.19356345	1.0
