1.0	-0.33160692	-0.331357	-0.28236485	0.024250226	0.13470824	-0.12847461	0.23989114	0.29120427	-0.08643631	-0.18039003	0.13167535	0.27337742	-0.08589432	0.25425416	0.2247895	-0.4441315	0.08620136	0.12097715	0.22544993	-0.09553895	-0.38395852	-0.21543859	0.25785318	0.29125246	-0.4022232	-0.36416185	0.26672974	-0.2492038	-0.24138373
-0.33160692	0.99999994	0.27669913	0.30482927	-0.23152253	-0.29516017	-0.025688596	-0.44154304	-0.31681117	0.03046506	0.23321201	-0.31385267	-0.2270959	0.18865325	-0.13876739	-0.41468045	0.23018593	-0.026406208	0.06018275	-0.18306048	0.24241355	0.26954737	0.16705641	-0.32920247	-0.22504708	0.23305914	0.2690847	-0.29827327	0.29650095	-0.0031446933
-0.331357	0.27669913	0.9999999	0.31081018	-0.21490483	-0.25661492	0.078805804	-0.25885546	-0.29943994	0.0065213786	0.2262722	-0.20120353	-0.36448434	0.21788827	-0.21980372	-0.3595472	0.23262717	0.020596728	-0.0031843425	-0.42669067	0.17681205	0.2996838	0.1665252	-0.34742874	-0.18807228	0.23104046	0.26459342	-0.27524245	0.26357698	-0.02557682
-0.28236485	0.30482927	0.31081018	0.9999999	-0.22927536	-0.26974624	0.056092963	-0.33783758	-0.35807356	0.06385472	0.25663915	-0.2588936	-0.30536246	0.20998757	-0.20299673	-0.38814715	0.25621197	-0.032291975	-0.027033651	-0.36500788	0.20203888	0.30540445	0.20648585	-0.3148983	-0.2659941	0.25045088	0.3003613	-0.3707965	0.272496	0.01310059
0.024250226	-0.23152253	-0.21490483	-0.22927536	0.99999976	0.25997132	0.123518854	0.16701345	0.04388741	-0.12896596	-0.33046746	0.25860652	-0.012555443	-0.46705896	0.052475657	0.23074536	-0.041306503	0.0707718	-0.20365563	0.16065946	-0.38216615	-0.1753582	0.085354716	0.13326639	-0.011730435	0.045512367	-0.14312492	-0.005992189	-0.22248918	0.14457487
0.13470824	-0.29516017	-0.25661492	-0.26974624	0.25997132	0.99999964	0.10883375	0.21164212	0.1311789	-0.11433208	-0.5019838	0.30734837	0.11580172	-0.18187399	0.09304065	0.2509735	-0.18800347	0.094273806	-0.13028689	0.15613978	-0.5381919	-0.2284857	-0.06983605	0.16137913	0.12780897	-0.10806715	-0.24460241	0.14483309	-0.22312076	0.052416507
-0.12847461	-0.025688596	0.078805804	0.056092963	0.123518854	0.10883375	0.9999997	0.01678029	-0.28060347	0.021538798	-0.059704743	0.15461387	-0.24491496	0.035069726	-0.34156153	0.037163902	0.15362528	-0.007945098	-0.501234	-0.22363767	-0.14788662	0.14083152	0.20551503	-0.241276	-0.20289181	0.14289631	0.042409353	-0.10563738	-0.014226066	0.20803495
0.23989114	-0.44154304	-0.25885546	-0.33783758	0.16701345	0.21164212	0.01678029	0.9999996	0.25245845	-0.01745116	-0.17172967	0.24792437	0.2270752	-0.27892628	0.1560072	0.2893311	-0.26346546	-0.007924149	-0.05748818	0.19959551	-0.24896733	-0.26908556	-0.2631993	0.25440332	0.20354523	-0.35161105	-0.29411474	0.21321921	-0.43663165	0.02000606
0.29120427	-0.31681117	-0.29943994	-0.35807356	0.04388741	0.1311789	-0.28060347	0.25245845	0.99999964	-0.030868795	-0.19314167	0.122835375	0.30601966	-0.15816587	0.264785	0.21278568	-0.37660712	0.024664233	0.15822375	0.2559233	-0.10049603	-0.3342422	-0.40561312	0.2804191	0.2975739	-0.3672556	-0.27746496	0.27561945	-0.25795442	-0.16079041
-0.08643631	0.03046506	0.0065213786	0.06385472	-0.12896596	-0.11433208	0.021538798	-0.01745116	-0.030868795	0.9999995	0.13440341	-0.014230605	-0.0033128024	0.15170874	-0.2679889	-0.12984553	0.14367895	-0.71313596	-0.17471248	-0.10716058	0.071342014	0.108044334	-0.033290263	-0.16061696	-0.1290579	0.022240499	0.105076365	0.013896077	0.048311498	0.19037509
-0.18039003	0.23321201	0.2262722	0.25663915	-0.33046746	-0.5019838	-0.059704743	-0.17172967	-0.19314167	0.13440341	0.9999996	-0.41525888	-0.19863336	0.17864816	-0.17329691	-0.23069432	0.20224454	-0.16973783	0.035353318	-0.26875556	0.26641044	0.23826094	0.1233876	-0.14729275	-0.26431638	0.14186586	0.26529595	-0.23494403	0.1972826	0.041097585
0.13167535	-0.31385267	-0.20120353	-0.2588936	0.25860652	0.30734837	0.15461387	0.24792437	0.122835375	-0.014230605	-0.41525888	0.9999996	0.085723005	-0.20722148	0.042991195	0.26676518	-0.13194275	0.027570128	-0.23106013	0.13243292	-0.48522753	-0.19448012	-0.04690668	0.14829789	0.10323342	-0.12389975	-0.27670047	0.1349626	-0.35488012	0.090836525
0.27337742	-0.2270959	-0.36448434	-0.30536246	-0.012555443	0.11580172	-0.24491496	0.2270752	0.30601966	-0.0033128024	-0.19863336	0.085723005	0.9999996	-0.06533872	0.2373338	0.17073677	-0.24261878	-0.043872852	0.16781531	0.22069445	-0.04331381	-0.33102903	-0.39174527	0.25089043	0.2679219	-0.460211	-0.20984003	0.27273926	-0.28284264	-0.1689121
-0.08589432	0.18865325	0.21788827	0.20998757	-0.46705896	-0.18187399	0.035069726	-0.27892628	-0.15816587	0.15170874	0.17864816	-0.20722148	-0.06533872	0.99999964	-0.19149217	-0.2508622	0.1418325	-0.14640422	0.025134547	-0.4133114	0.19642599	0.20429243	0.0031970048	-0.32961673	-0.08005511	0.040097214	0.17341441	-0.007420803	0.22252083	-0.1251816
0.25425416	-0.13876739	-0.21980372	-0.20299673	0.052475657	0.09304065	-0.34156153	0.1560072	0.264785	-0.2679889	-0.17329691	0.042991195	0.2373338	-0.19149217	0.9999997	0.17390512	-0.40792036	0.16817147	0.21928789	0.23883258	-0.09203163	-0.35970384	-0.24442835	0.27411437	0.27343377	-0.21475391	-0.21521999	0.17104311	-0.23854057	-0.31111634
0.2247895	-0.41468045	-0.3595472	-0.38814715	0.23074536	0.2509735	0.037163902	0.2893311	0.21278568	-0.12984553	-0.23069432	0.26676518	0.17073677	-0.2508622	0.17390512	0.99999976	-0.29348737	0.062199347	-0.10077914	0.2215032	-0.2904379	-0.30704063	-0.091057494	0.25513494	0.17467521	-0.17082383	-0.29507017	0.16994412	-0.466971	0.048851106
-0.4441315	0.23018593	0.23262717	0.25621197	-0.041306503	-0.18800347	0.15362528	-0.26346546	-0.37660712	0.14367895	0.20224454	-0.13194275	-0.24261878	0.1418325	-0.40792036	-0.29348737	0.9999998	-0.16824295	-0.16335061	-0.26764888	0.113164105	0.29798168	0.23940076	-0.2723977	-0.45016542	0.26165757	0.27704847	-0.22231054	0.2203239	0.16367747
0.08620136	-0.026406208	0.020596728	-0.032291975	0.0707718	0.094273806	-0.007945098	-0.007924149	0.024664233	-0.71313596	-0.16973783	0.027570128	-0.043872852	-0.14640422	0.16817147	0.062199347	-0.16824295	0.9999999	0.11736963	0.08420241	-0.10191862	-0.07376906	0.021349892	0.09750795	0.108023845	0.005010339	-0.12600955	-0.028533805	-0.008094036	-0.33357772
0.12097715	0.06018275	-0.0031843425	-0.027033651	-0.20365563	-0.13028689	-0.501234	-0.05748818	0.15822375	-0.17471248	0.035353318	-0.23106013	0.16781531	0.025134547	0.21928789	-0.10077914	-0.16335061	0.11736963	0.9999998	0.10719351	0.16086607	-0.11850913	-0.26222783	0.11335545	0.18613552	-0.18788904	-0.061439015	0.12023712	0.049025588	-0.41825768
0.22544993	-0.18306048	-0.42669067	-0.36500788	0.16065946	0.15613978	-0.22363767	0.19959551	0.2559233	-0.10716058	-0.26875556	0.13243292	0.22069445	-0.4133114	0.23883258	0.2215032	-0.26764888	0.08420241	0.10719351	0.99999994	-0.09640485	-0.36493266	-0.18216097	0.26822817	0.22536187	-0.1787443	-0.37302694	0.19227394	-0.17866461	-0.059228253
-0.09553895	0.24241355	0.17681205	0.20203888	-0.38216615	-0.5381919	-0.14788662	-0.24896733	-0.10049603	0.071342014	0.26641044	-0.48522753	-0.04331381	0.19642599	-0.09203163	-0.2904379	0.113164105	-0.10191862	0.16086607	-0.09640485	0.99999976	0.16036342	-0.0016178043	-0.21725103	-0.061023112	0.04584965	0.16647665	-0.07849012	0.23724653	-0.058389768
-0.38395852	0.26954737	0.2996838	0.30540445	-0.1753582	-0.2284857	0.14083152	-0.26908556	-0.3342422	0.108044334	0.23826094	-0.19448012	-0.33102903	0.20429243	-0.35970384	-0.30704063	0.29798168	-0.07376906	-0.11850913	-0.36493266	0.16036342	0.9999997	0.22010872	-0.39777848	-0.3396022	0.2674022	0.2893851	-0.28797942	0.26301813	0.10168443
-0.21543859	0.16705641	0.1665252	0.20648585	0.085354716	-0.06983605	0.20551503	-0.2631993	-0.40561312	-0.033290263	0.1233876	-0.04690668	-0.39174527	0.0031970048	-0.24442835	-0.091057494	0.23940076	0.021349892	-0.26222783	-0.18216097	-0.0016178043	0.22010872	0.99999964	-0.18499321	-0.42613015	0.29246965	0.2069253	-0.42446664	0.114683636	0.19070014
0.25785318	-0.32920247	-0.34742874	-0.3148983	0.13326639	0.16137913	-0.241276	0.25440332	0.2804191	-0.16061696	-0.14729275	0.14829789	0.25089043	-0.32961673	0.27411437	0.25513494	-0.2723977	0.09750795	0.11335545	0.26822817	-0.21725103	-0.39777848	-0.18499321	0.99999964	0.22758429	-0.2963141	-0.19731382	0.18359348	-0.35741115	-0.11218789
0.29125246	-0.22504708	-0.18807228	-0.2659941	-0.011730435	0.12780897	-0.20289181	0.20354523	0.2975739	-0.1290579	-0.26431638	0.10323342	0.2679219	-0.08005511	0.27343377	0.17467521	-0.45016542	0.108023845	0.18613552	0.22536187	-0.061023112	-0.3396022	-0.42613015	0.22758429	0.9999995	-0.32772204	-0.3803807	0.280182	-0.16821313	-0.24628927
-0.4022232	0.23305914	0.23104046	0.25045088	0.045512367	-0.10806715	0.14289631	-0.35161105	-0.3672556	0.022240499	0.14186586	-0.12389975	-0.460211	0.040097214	-0.21475391	-0.17082383	0.26165757	0.005010339	-0.18788904	-0.1787443	0.04584965	0.2674022	0.29246965	-0.2963141	-0.32772204	0.9999994	0.24477285	-0.37678614	0.20337163	0.13865735
-0.36416185	0.2690847	0.26459342	0.3003613	-0.14312492	-0.24460241	0.042409353	-0.29411474	-0.27746496	0.105076365	0.26529595	-0.27670047	-0.20984003	0.17341441	-0.21521999	-0.29507017	0.27704847	-0.12600955	-0.061439015	-0.37302694	0.16647665	0.2893851	0.2069253	-0.19731382	-0.3803807	0.24477285	0.9999992	-0.4329149	0.21679914	0.06978999
0.26672974	-0.29827327	-0.27524245	-0.3707965	-0.005992189	0.14483309	-0.10563738	0.21321921	0.27561945	0.013896077	-0.23494403	0.1349626	0.27273926	-0.007420803	0.17104311	0.16994412	-0.22231054	-0.028533805	0.12023712	0.19227394	-0.07849012	-0.28797942	-0.42446664	0.18359348	0.280182	-0.37678614	-0.4329149	0.99999917	-0.112784155	-0.17666344
-0.2492038	0.29650095	0.26357698	0.272496	-0.22248918	-0.22312076	-0.014226066	-0.43663165	-0.25795442	0.048311498	0.1972826	-0.35488012	-0.28284264	0.22252083	-0.23854057	-0.466971	0.2203239	-0.008094036	0.049025588	-0.17866461	0.23724653	0.26301813	0.114683636	-0.35741115	-0.16821313	0.20337163	0.21679914	-0.112784155	0.9999992	-0.03306307
-0.24138373	-0.0031446933	-0.02557682	0.01310059	0.14457487	0.052416507	0.20803495	0.02000606	-0.16079041	0.19037509	0.041097585	0.090836525	-0.1689121	-0.1251816	-0.31111634	0.048851106	0.16367747	-0.33357772	-0.41825768	-0.059228253	-0.058389768	0.10168443	0.19070014	-0.11218789	-0.24628927	0.13865735	0.06978999	-0.17666344	-0.03306307	0.9999992
