1.0000001	-0.45038435	-0.31637484	-0.10889253	-0.079405025	-0.241231	0.046461735	0.10797264	0.14345704	-0.18626162	-0.048437845	0.038643185	-0.07369852	0.18827263	0.21057302	-0.26145297	-0.09289848	-0.30061096	0.050630152	0.24480933	-0.0810381	0.27028722	-0.15535286	-0.06964742	0.14823318	0.10620872	0.040924717	-0.33752698	0.1332269	0.07355275
-0.45038435	1.0000004	0.23941983	0.17064428	0.13434194	0.26802862	-0.26875618	-0.030899307	-0.4352416	0.11717386	-0.032953087	-0.14291106	0.09991492	-0.25816503	-0.11193763	0.26816943	0.021570584	0.055349085	0.07559616	-0.30345666	0.024695346	-0.3743748	0.14965296	0.16692631	-0.07746199	-0.022466976	-0.18901312	0.23575841	-0.16242945	-0.16675168
-0.31637484	0.23941983	1.0000005	0.25571007	0.2738199	0.27624145	-0.21037957	-0.023474254	-0.30395272	0.22503865	-0.060250055	-0.18965146	0.20243195	-0.2326248	-0.2208356	0.19888459	-0.07267672	0.009709416	0.13514005	-0.43333498	0.010167492	-0.23035195	0.085131794	0.21498895	-0.37020782	-0.0049319454	-0.3645609	0.23702706	-0.052221805	-0.27781063
-0.10889253	0.17064428	0.25571007	1.0000005	0.28673795	0.24891703	-0.3720738	-0.09889312	-0.23538467	0.24187896	-0.27043808	-0.4400604	0.26962858	-0.23110954	-0.059485644	0.09557392	-0.16675168	-0.05914997	0.25469166	-0.3163959	0.121035084	-0.14482439	-0.03741632	0.3020149	-0.29051986	0.11518179	-0.3645543	0.18303962	0.07872538	-0.4277785
-0.079405025	0.13434194	0.2738199	0.28673795	1.0000005	0.22859757	-0.29359114	-0.11208999	-0.22066793	0.240038	-0.1540931	-0.29016826	0.27307922	-0.19306907	-0.09380057	0.10426339	-0.29848066	-0.15462522	0.220739	-0.32740268	0.13763434	-0.1289313	-0.059549738	0.26572907	-0.38245833	0.12410398	-0.437001	0.13726129	0.081226334	-0.28216767
-0.241231	0.26802862	0.27624145	0.24891703	0.22859757	1.0	-0.3171795	-0.064789504	-0.39682996	0.21594465	-0.19208819	-0.20108093	0.20550598	-0.40354207	-0.19771223	0.24995984	-0.050227202	-0.0050518257	0.16329616	-0.28197727	0.036806636	-0.34548688	0.13334145	0.2541179	-0.25921366	0.060091518	-0.2490783	0.25289467	-0.11194299	-0.27626
0.046461735	-0.26875618	-0.21037957	-0.3720738	-0.29359114	-0.3171795	1.0000001	0.1145608	0.2694708	-0.19288923	0.23138885	0.263054	-0.23160425	0.18258089	-0.07807388	-0.16742699	0.19010338	0.15968858	-0.24560055	0.17651011	-0.12521125	0.12354293	-0.049704593	-0.4468386	0.14776693	-0.3187811	0.24840909	-0.12346688	0.015920438	0.27216628
0.10797264	-0.030899307	-0.023474254	-0.09889312	-0.11208999	-0.064789504	0.1145608	1.0000001	-0.06056774	-0.23747869	0.20806627	0.111333415	-0.2860578	-0.1252458	-0.19599138	0.09666644	0.20531024	0.09485144	-0.016203074	0.07863433	-0.61122847	-0.04022953	0.043673806	-0.10928059	0.08442226	-0.2861942	0.06212738	0.092373826	-0.06630659	0.06498104
0.14345704	-0.4352416	-0.30395272	-0.23538467	-0.22066793	-0.39682996	0.2694708	-0.06056774	1.0000001	-0.085467085	0.13342138	0.19175997	-0.1328903	0.26073742	0.058040064	-0.35034564	0.07092606	0.07701151	-0.2772299	0.201026	0.023001907	0.20620468	-0.103554696	-0.2825619	0.10147057	-0.1545172	0.22812429	-0.21380956	0.05213288	0.23628263
-0.18626162	0.11717386	0.22503865	0.24187896	0.240038	0.21594465	-0.19288923	-0.23747869	-0.085467085	1.0000001	-0.2725757	-0.30771807	0.26785985	-0.15909198	-0.15820597	0.051673833	-0.15752529	0.01889611	0.1112988	-0.35255665	0.17189889	-0.1349926	0.056275215	0.19457264	-0.5410605	0.08071881	-0.14349298	0.13729694	-0.033799145	-0.16740036
-0.048437845	-0.032953087	-0.060250055	-0.27043808	-0.1540931	-0.19208819	0.23138885	0.20806627	0.13342138	-0.2725757	1.0000001	0.26838797	-0.32315475	0.03587356	-0.19399005	0.058616616	0.28332537	0.2185366	-0.35411876	0.05616671	-0.3191381	-0.045367576	0.13827032	-0.29190165	0.09532209	-0.39841092	0.20817998	0.023699092	-0.21838203	0.21610217
0.038643185	-0.14291106	-0.18965146	-0.4400604	-0.29016826	-0.20108093	0.263054	0.111333415	0.19175997	-0.30771807	0.26838797	1.0000001	-0.45263582	0.17144482	-0.04033894	-0.05971327	0.22023115	0.13703327	-0.38296744	0.17280744	-0.1758675	0.0869019	0.07335971	-0.3551173	0.20880786	-0.19438714	0.27885333	-0.1754556	-0.107224755	0.29272142
-0.07369852	0.09991492	0.20243195	0.26962858	0.27307922	0.20550598	-0.23160425	-0.2860578	-0.1328903	0.26785985	-0.32315475	-0.45263582	1.0000001	-0.10889962	0.013075917	0.061693933	-0.3406539	-0.12158878	0.21164836	-0.20424925	0.21207687	-0.13893412	-0.026168311	0.26335338	-0.3389419	0.1826624	-0.34481972	0.07219203	0.050521854	-0.26129368
0.18827263	-0.25816503	-0.2326248	-0.23110954	-0.19306907	-0.40354207	0.18258089	-0.1252458	0.26073742	-0.15909198	0.03587356	0.17144482	-0.10889962	1.0000002	0.21277153	-0.4387905	-0.056228533	-0.07244478	-0.14531605	0.22781885	0.068970144	0.27774373	-0.15384728	-0.26526627	0.16028291	0.02745176	0.17112261	-0.45182782	0.09660784	0.2138485
0.21057302	-0.11193763	-0.2208356	-0.059485644	-0.09380057	-0.19771223	-0.07807388	-0.19599138	0.058040064	-0.15820597	-0.19399005	-0.04033894	0.013075917	0.21277153	1.0000004	-0.26067185	-0.19908474	-0.3908286	0.0883724	0.21031068	0.16497374	0.24411371	-0.2400478	0.0048072166	0.18259823	0.23076837	-0.047306385	-0.34301394	0.17890523	0.03206615
-0.26145297	0.26816943	0.19888459	0.09557392	0.10426339	0.24995984	-0.16742699	0.09666644	-0.35034564	0.051673833	0.058616616	-0.05971327	0.061693933	-0.4387905	-0.26067185	1.0000004	0.10291679	0.13148886	-0.0138883395	-0.25639713	-0.15571928	-0.44389054	0.21460587	0.11878405	-0.07858446	-0.07317442	-0.10206525	0.26839966	-0.2765026	-0.083010584
-0.09289848	0.021570584	-0.07267672	-0.16675168	-0.29848066	-0.050227202	0.19010338	0.20531024	0.07092606	-0.15752529	0.28332537	0.22023115	-0.3406539	-0.056228533	-0.19908474	0.10291679	1.0000005	0.25592828	-0.23770384	0.014726543	-0.32344732	-0.16209301	0.18780197	-0.26969934	0.06671452	-0.39348716	0.21562053	0.110163786	-0.28191593	0.15759034
-0.30061096	0.055349085	0.009709416	-0.05914997	-0.15462522	-0.0050518257	0.15968858	0.09485144	0.07701151	0.01889611	0.2185366	0.13703327	-0.12158878	-0.07244478	-0.3908286	0.13148886	0.25592828	1.0000005	-0.26554614	-0.10888185	-0.21054181	-0.2815923	0.13698387	-0.1307727	-0.0657398	-0.4280366	0.16401385	0.167648	-0.118523516	0.08684615
0.050630152	0.07559616	0.13514005	0.25469166	0.220739	0.16329616	-0.24560055	-0.016203074	-0.2772299	0.1112988	-0.35411876	-0.38296744	0.21164836	-0.14531605	0.0883724	-0.0138883395	-0.23770384	-0.26554614	1.0000005	-0.086541414	0.11406912	-0.0146013	-0.22038516	0.27477825	-0.08490842	0.19009946	-0.34507194	0.05217614	0.1844884	-0.4368928
0.24480933	-0.30345666	-0.43333498	-0.3163959	-0.32740268	-0.28197727	0.17651011	0.07863433	0.201026	-0.35255665	0.05616671	0.17280744	-0.20424925	0.22781885	0.21031068	-0.25639713	0.014726543	-0.10888185	-0.086541414	1.0000004	-0.06901263	0.23751183	-0.25002453	-0.15282793	0.26534685	-0.00034419078	0.1772503	-0.22916938	0.125157	0.18456207
-0.0810381	0.024695346	0.010167492	0.121035084	0.13763434	0.036806636	-0.12521125	-0.61122847	0.023001907	0.17189889	-0.3191381	-0.1758675	0.21207687	0.068970144	0.16497374	-0.15571928	-0.32344732	-0.21054181	0.11406912	-0.06901263	1.0000005	0.066897124	-0.16854738	0.13078085	-0.081564195	0.23885241	-0.11082167	-0.14080904	0.15646006	-0.10532485
0.27028722	-0.3743748	-0.23035195	-0.14482439	-0.1289313	-0.34548688	0.12354293	-0.04022953	0.20620468	-0.1349926	-0.045367576	0.0869019	-0.13893412	0.27774373	0.24411371	-0.44389054	-0.16209301	-0.2815923	-0.0146013	0.23751183	0.066897124	1.0000005	-0.15528798	-0.15305616	0.16524416	0.1236676	0.09030124	-0.3815733	0.1471376	0.136093
-0.15535286	0.14965296	0.085131794	-0.03741632	-0.059549738	0.13334145	-0.049704593	0.043673806	-0.103554696	0.056275215	0.13827032	0.07335971	-0.026168311	-0.15384728	-0.2400478	0.21460587	0.18780197	0.13698387	-0.22038516	-0.25002453	-0.16854738	-0.15528798	1.0000005	-0.05733622	-0.0609233	-0.06928897	0.10086508	0.15205838	-0.676866	0.012314118
-0.06964742	0.16692631	0.21498895	0.3020149	0.26572907	0.2541179	-0.4468386	-0.10928059	-0.2825619	0.19457264	-0.29190165	-0.3551173	0.26335338	-0.26526627	0.0048072166	0.11878405	-0.26969934	-0.1307727	0.27477825	-0.15282793	0.13078085	-0.15305616	-0.05733622	1.0000005	-0.21618378	0.17945993	-0.3184022	0.15711908	0.06471495	-0.47320104
0.14823318	-0.07746199	-0.37020782	-0.29051986	-0.38245833	-0.25921366	0.14776693	0.08442226	0.10147057	-0.5410605	0.09532209	0.20880786	-0.3389419	0.16028291	0.18259823	-0.07858446	0.06671452	-0.0657398	-0.08490842	0.26534685	-0.081564195	0.16524416	-0.0609233	-0.21618378	1.0000005	0.007976399	0.17852606	-0.18579337	0.03710905	0.18380965
0.10620872	-0.022466976	-0.0049319454	0.11518179	0.12410398	0.060091518	-0.3187811	-0.2861942	-0.1545172	0.08071881	-0.39841092	-0.19438714	0.1826624	0.02745176	0.23076837	-0.07317442	-0.39348716	-0.4280366	0.19009946	-0.00034419078	0.23885241	0.1236676	-0.06928897	0.17945993	0.007976399	1.0000004	-0.127904	-0.16816562	0.1082823	-0.13537113
0.040924717	-0.18901312	-0.3645609	-0.3645543	-0.437001	-0.2490783	0.24840909	0.06212738	0.22812429	-0.14349298	0.20817998	0.27885333	-0.34481972	0.17112261	-0.047306385	-0.10206525	0.21562053	0.16401385	-0.34507194	0.1772503	-0.11082167	0.09030124	0.10086508	-0.3184022	0.17852606	-0.127904	1.0000001	-0.11725906	-0.18121947	0.2783195
-0.33752698	0.23575841	0.23702706	0.18303962	0.13726129	0.25289467	-0.12346688	0.092373826	-0.21380956	0.13729694	0.023699092	-0.1754556	0.07219203	-0.45182782	-0.34301394	0.26839966	0.110163786	0.167648	0.05217614	-0.22916938	-0.14080904	-0.3815733	0.15205838	0.15711908	-0.18579337	-0.16816562	-0.11725906	1.0000002	-0.14323567	-0.26794946
0.1332269	-0.16242945	-0.052221805	0.07872538	0.081226334	-0.11194299	0.015920438	-0.06630659	0.05213288	-0.033799145	-0.21838203	-0.107224755	0.050521854	0.09660784	0.17890523	-0.2765026	-0.28191593	-0.118523516	0.1844884	0.125157	0.15646006	0.1471376	-0.676866	0.06471495	0.03710905	0.1082823	-0.18121947	-0.14323567	1.0000002	-0.08000237
0.07355275	-0.16675168	-0.27781063	-0.4277785	-0.28216767	-0.27626	0.27216628	0.06498104	0.23628263	-0.16740036	0.21610217	0.29272142	-0.26129368	0.2138485	0.03206615	-0.083010584	0.15759034	0.08684615	-0.4368928	0.18456207	-0.10532485	0.136093	0.012314118	-0.47320104	0.18380965	-0.13537113	0.2783195	-0.26794946	-0.08000237	1.0000002
