1.0	-0.20813234	0.08042887	-0.24035913	0.16134445	0.21981817	0.2115483	-0.082887955	0.22892426	-0.43487966	0.10775026	-0.25758824	-0.053061802	0.12815987	0.14581913	0.2281889	-0.3286901	0.2128255	-0.39127225	-0.15014677	0.11561437	-0.107400395	0.24514809	0.26811033	0.20444511	-0.16840808	-0.4500417	-0.18011563	-0.37459376	-0.13045551
-0.20813234	1.0000002	0.05808017	0.26817554	-0.13645495	-0.23307641	-0.15043667	0.09096667	-0.5051621	0.1968974	-0.022822365	0.22236206	0.03772033	0.047906484	-0.22290553	-0.37962687	0.22850944	-0.31020942	0.16629569	-0.07996708	-0.1534333	0.030554023	-0.14094923	-0.3121728	-0.35258847	0.15793665	0.2663843	0.050013434	0.24116173	0.14506647
0.08042887	0.05808017	1.0000002	0.12281645	0.2227499	0.16940643	0.021609256	-0.28721395	-0.076770775	-0.15869713	0.14472914	-0.089485414	0.0940878	0.1816629	0.08965601	-0.04153547	-0.24789876	0.005877609	0.015935682	-0.5074594	-0.14304844	-0.18054333	0.11819799	0.09788121	0.079547524	-0.16752909	-0.06069135	-0.23713432	-0.10220304	-0.2023654
-0.24035913	0.26817554	0.12281645	0.99999994	-0.07023087	-0.05818792	-0.2832161	-0.0662423	-0.2804416	0.21292119	0.13000728	0.25214764	0.13901463	0.09038713	-0.0404929	-0.43273562	0.11844168	-0.36264145	0.106025934	-0.12584208	-0.33683372	-0.14027114	-0.058649693	-0.28650025	-0.19097579	0.082153805	0.2343554	-0.017668081	0.22888234	0.0060608587
0.16134445	-0.13645495	0.2227499	-0.07023087	1.0	0.26640663	0.0066186325	-0.46921217	0.12385437	-0.16805536	0.21460493	-0.1648892	0.092081614	0.1322432	0.25041792	0.1451333	-0.22687744	0.09051641	-0.19057424	-0.34667218	-0.09211391	-0.16289048	0.2331076	0.1001964	0.23221622	-0.31805995	-0.16385296	-0.1236328	-0.20603728	-0.43185815
0.21981817	-0.23307641	0.16940643	-0.05818792	0.26640663	0.9999999	0.032029077	-0.3576122	0.23152962	-0.17481378	0.24022467	-0.15896131	0.14383496	0.15340003	0.2631445	0.16053896	-0.4012876	0.07909363	-0.3030166	-0.11394756	-0.113667145	-0.29566133	0.27354577	0.14413735	0.28982753	-0.34703785	-0.27837282	-0.25211516	-0.22807749	-0.35098955
0.2115483	-0.15043667	0.021609256	-0.2832161	0.0066186325	0.032029077	0.9999998	0.03475519	0.13773356	-0.39927402	-0.21352768	-0.31518847	-0.37331757	0.022686346	0.008827579	0.21316722	-0.10041732	0.273017	-0.11244187	-0.03562504	0.27737683	0.15993929	0.035777666	0.25656506	0.08402831	-0.1167631	-0.30457562	-0.046752445	-0.35627392	0.0321804
-0.082887955	0.09096667	-0.28721395	-0.0662423	-0.46921217	-0.3576122	0.03475519	0.9999997	-0.10328588	0.048520103	-0.2748742	0.048009943	-0.10972749	-0.09685241	-0.48233947	-0.07799146	0.22712338	-0.021569984	0.16477078	0.15767208	0.1357148	0.18241216	-0.2191013	-0.0011672715	-0.27525285	0.2074168	0.11567007	0.094457686	0.110936	0.30695084
0.22892426	-0.5051621	-0.076770775	-0.2804416	0.12385437	0.23152962	0.13773356	-0.10328588	0.99999976	-0.19794919	0.102019235	-0.17997605	-0.027259871	0.061179493	0.14873727	0.23314695	-0.30735567	0.17153643	-0.22406207	0.06998855	0.057966687	-0.12174987	0.1893178	0.20664985	0.2751646	-0.27383074	-0.355045	-0.22011289	-0.23378123	-0.13089062
-0.43487966	0.1968974	-0.15869713	0.21292119	-0.16805536	-0.17481378	-0.39927402	0.048520103	-0.19794919	0.9999997	-0.037399333	0.27725455	0.12760225	-0.108201474	-0.05201315	-0.25427428	0.20109864	-0.25725386	0.19190791	0.15002474	-0.23386483	-0.03102236	-0.19142507	-0.44392997	-0.21112245	0.17291775	0.281865	0.15017048	0.2977455	0.04530679
0.10775026	-0.022822365	0.14472914	0.13000728	0.21460493	0.24022467	-0.21352768	-0.2748742	0.102019235	-0.037399333	0.99999976	0.07334432	0.21432063	0.20609196	0.17367329	-0.066258915	-0.1398774	-0.15951215	-0.293771	-0.17502438	-0.32933113	-0.3979613	0.2439877	-0.031976126	0.1775547	-0.25349545	-0.08684326	-0.24231274	-0.0417639	-0.26144573
-0.25758824	0.22236206	-0.089485414	0.25214764	-0.1648892	-0.15896131	-0.31518847	0.048009943	-0.17997605	0.27725455	0.07334432	0.99999976	0.14426361	-0.0620181	-0.11958281	-0.37492898	0.20435289	-0.48496807	0.1459726	0.13266331	-0.3112798	-0.08441366	-0.16086322	-0.39044195	-0.16020894	0.14925887	0.26327282	0.03453561	0.2995066	0.067939706
-0.053061802	0.03772033	0.0940878	0.13901463	0.092081614	0.14383496	-0.37331757	-0.10972749	-0.027259871	0.12760225	0.21432063	0.14426361	0.9999997	-0.03527456	0.08823737	-0.05561291	-0.14977238	-0.19683272	-0.023689434	0.018900443	-0.47491667	-0.50285953	0.08734985	-0.09116565	0.06338757	-0.03617674	0.018241363	-0.008894257	0.07062695	-0.20101969
0.12815987	0.047906484	0.1816629	0.09038713	0.1322432	0.15340003	0.022686346	-0.09685241	0.061179493	-0.108201474	0.20609196	-0.0620181	-0.03527456	0.9999997	0.032141816	-0.094618075	-0.06660827	-0.036191642	-0.24134454	-0.3418447	-0.042155024	-0.14081994	0.20474687	0.03620455	0.13813685	-0.3643402	-0.06766017	-0.5744304	-0.08530274	-0.07718686
0.14581913	-0.22290553	0.08965601	-0.0404929	0.25041792	0.2631445	0.008827579	-0.48233947	0.14873727	-0.05201315	0.17367329	-0.11958281	0.08823737	0.032141816	0.99999976	0.17050923	-0.38756147	0.064608164	-0.25806692	-0.059062928	-0.05855237	-0.14727634	0.19017501	0.038836405	0.22101036	-0.15254015	-0.19604096	-0.022095233	-0.17821288	-0.50896066
0.2281889	-0.37962687	-0.04153547	-0.43273562	0.1451333	0.16053896	0.21316722	-0.07799146	0.23314695	-0.25427428	-0.066258915	-0.37492898	-0.05561291	-0.094618075	0.17050923	0.99999976	-0.24508002	0.27891874	-0.21630439	0.01387619	0.17947496	0.022409543	0.13006046	0.24404855	0.2025982	-0.15972324	-0.35695794	0.027707621	-0.2897511	-0.20428
-0.3286901	0.22850944	-0.24789876	0.11844168	-0.22687744	-0.4012876	-0.10041732	0.22712338	-0.30735567	0.20109864	-0.1398774	0.20435289	-0.14977238	-0.06660827	-0.38756147	-0.24508002	0.99999976	-0.19379245	0.20705692	0.11575299	-0.009711622	0.18059157	-0.24974656	-0.2585284	-0.2896471	0.21831532	0.27157354	0.12648483	0.25288886	0.2507629
0.2128255	-0.31020942	0.005877609	-0.36264145	0.09051641	0.07909363	0.273017	-0.021569984	0.17153643	-0.25725386	-0.15951215	-0.48496807	-0.19683272	-0.036191642	0.064608164	0.27891874	-0.19379245	0.99999994	-0.14370097	-0.0934679	0.26046532	0.11857497	0.08527826	0.27874765	0.106243335	-0.09597735	-0.2639614	0.01986013	-0.4110401	-0.014351091
-0.39127225	0.16629569	0.015935682	0.106025934	-0.19057424	-0.3030166	-0.11244187	0.16477078	-0.22406207	0.19190791	-0.293771	0.1459726	-0.023689434	-0.24134454	-0.25806692	-0.21630439	0.20705692	-0.14370097	1.0	0.063414626	-0.012248859	0.15007493	-0.49347255	-0.116614856	-0.24719328	0.2523049	0.24300793	0.17798528	0.2184893	0.16461273
-0.15014677	-0.07996708	-0.5074594	-0.12584208	-0.34667218	-0.11394756	-0.03562504	0.15767208	0.06998855	0.15002474	-0.17502438	0.13266331	0.018900443	-0.3418447	-0.059062928	0.01387619	0.11575299	-0.0934679	0.063414626	0.9999999	0.011147938	0.064490974	-0.21706958	-0.13641153	-0.033861905	0.14665903	0.055526257	0.1726323	0.12938322	0.114347585
0.11561437	-0.1534333	-0.14304844	-0.33683372	-0.09211391	-0.113667145	0.27737683	0.1357148	0.057966687	-0.23386483	-0.32933113	-0.3112798	-0.47491667	-0.042155024	-0.05855237	0.17947496	-0.009711622	0.26046532	-0.012248859	0.011147938	0.99999976	0.24741487	-0.03474819	0.18762691	-0.024881164	0.012913908	-0.116667114	0.055535812	-0.17752413	0.12382834
-0.107400395	0.030554023	-0.18054333	-0.14027114	-0.16289048	-0.29566133	0.15993929	0.18241216	-0.12174987	-0.03102236	-0.3979613	-0.08441366	-0.50285953	-0.14081994	-0.14727634	0.022409543	0.18059157	0.11857497	0.15007493	0.064490974	0.24741487	0.99999964	-0.3192684	0.012834373	-0.1337325	0.1659122	0.058898617	0.12858781	0.038581036	0.20469064
0.24514809	-0.14094923	0.11819799	-0.058649693	0.2331076	0.27354577	0.035777666	-0.2191013	0.1893178	-0.19142507	0.2439877	-0.16086322	0.08734985	0.20474687	0.19017501	0.13006046	-0.24974656	0.08527826	-0.49347255	-0.21706958	-0.03474819	-0.3192684	0.99999946	0.13389722	0.23386559	-0.40967414	-0.25211787	-0.19987476	-0.29082108	-0.16667594
0.26811033	-0.3121728	0.09788121	-0.28650025	0.1001964	0.14413735	0.25656506	-0.0011672715	0.20664985	-0.44392997	-0.031976126	-0.39044195	-0.09116565	0.03620455	0.038836405	0.24404855	-0.2585284	0.27874765	-0.116614856	-0.13641153	0.18762691	0.012834373	0.13389722	0.99999934	0.1637947	-0.12814538	-0.38836306	-0.14723267	-0.41655797	-0.020246081
0.20444511	-0.35258847	0.079547524	-0.19097579	0.23221622	0.28982753	0.08402831	-0.27525285	0.2751646	-0.21112245	0.1775547	-0.16020894	0.06338757	0.13813685	0.22101036	0.2025982	-0.2896471	0.106243335	-0.24719328	-0.033861905	-0.024881164	-0.1337325	0.23386559	0.1637947	0.99999917	-0.43993902	-0.2188632	-0.3335535	-0.24201503	-0.31791967
-0.16840808	0.15793665	-0.16752909	0.082153805	-0.31805995	-0.34703785	-0.1167631	0.2074168	-0.27383074	0.17291775	-0.25349545	0.14925887	-0.03617674	-0.3643402	-0.15254015	-0.15972324	0.21831532	-0.09597735	0.2523049	0.14665903	0.012913908	0.1659122	-0.40967414	-0.12814538	-0.43993902	0.9999991	0.19545461	0.26343092	0.20583816	0.20121196
-0.4500417	0.2663843	-0.06069135	0.2343554	-0.16385296	-0.27837282	-0.30457562	0.11567007	-0.355045	0.281865	-0.08684326	0.26327282	0.018241363	-0.06766017	-0.19604096	-0.35695794	0.27157354	-0.2639614	0.24300793	0.055526257	-0.116667114	0.058898617	-0.25211787	-0.38836306	-0.2188632	0.19545461	0.999999	0.10794626	0.30585405	0.14210023
-0.18011563	0.050013434	-0.23713432	-0.017668081	-0.1236328	-0.25211516	-0.046752445	0.094457686	-0.22011289	0.15017048	-0.24231274	0.03453561	-0.008894257	-0.5744304	-0.022095233	0.027707621	0.12648483	0.01986013	0.17798528	0.1726323	0.055535812	0.12858781	-0.19987476	-0.14723267	-0.3335535	0.26343092	0.10794626	0.999999	0.10855745	0.08810629
-0.37459376	0.24116173	-0.10220304	0.22888234	-0.20603728	-0.22807749	-0.35627392	0.110936	-0.23378123	0.2977455	-0.0417639	0.2995066	0.07062695	-0.08530274	-0.17821288	-0.2897511	0.25288886	-0.4110401	0.2184893	0.12938322	-0.17752413	0.038581036	-0.29082108	-0.41655797	-0.24201503	0.20583816	0.30585405	0.10855745	0.9999989	0.1255821
-0.13045551	0.14506647	-0.2023654	0.0060608587	-0.43185815	-0.35098955	0.0321804	0.30695084	-0.13089062	0.04530679	-0.26144573	0.067939706	-0.20101969	-0.07718686	-0.50896066	-0.20428	0.2507629	-0.014351091	0.16461273	0.114347585	0.12382834	0.20469064	-0.16667594	-0.020246081	-0.31791967	0.20121196	0.14210023	0.08810629	0.1255821	0.9999989
