1.0000001	0.27840903	-0.041564394	-0.0430685	-0.27554485	0.23010822	0.28502527	-0.07254195	0.14866495	0.19117942	0.22240545	-0.13997033	-0.36539885	0.21297935	0.040966947	-0.23580047	0.14676319	0.29825112	-0.35010862	-0.2887824	-0.39957038	0.1593862	-0.17089996	-0.29063326	-0.2946314	-0.16072658	-0.36482945	0.24824868	0.24105169	-0.20932426
0.27840903	1.0000002	-0.22724383	-0.24608423	-0.17296746	0.2911549	0.22051378	-0.20658393	0.26734754	0.061205145	0.09944725	-0.024843741	-0.38915414	0.27511454	0.18586886	-0.08527606	-0.013114958	0.28795958	-0.3426093	-0.18868656	-0.4032228	0.26618317	-0.25203007	-0.14658311	-0.109265365	0.03529776	-0.35070014	0.15035553	0.1574101	-0.41786528
-0.041564394	-0.22724383	1.0000004	0.3015626	-0.11015441	-0.15076464	0.0023483436	0.26322505	-0.29828814	0.20286854	0.13919371	-0.2590635	0.15233533	-0.2292672	-0.52224654	-0.18758185	0.17610869	-0.145672	0.1632661	-0.03588654	0.135403	-0.4240423	0.20205975	-0.23438215	-0.21517065	-0.17374158	0.13332836	0.09928704	0.08267355	0.20144379
-0.0430685	-0.24608423	0.3015626	1.0000001	-0.13845079	-0.28646207	0.011314066	0.30875027	-0.28497085	0.21677215	0.09062555	-0.24818097	0.17613599	-0.27795446	-0.39625505	-0.15663356	0.22565438	-0.14542113	0.1660802	-0.09431565	0.13377923	-0.3848261	0.24915427	-0.24671791	-0.1882002	-0.32107994	0.14549302	0.0985591	0.09509473	0.23967904
-0.27554485	-0.17296746	-0.11015441	-0.13845079	1.0	0.0063487245	-0.45536202	-0.14515428	0.033007212	-0.14064977	-0.21067552	0.21196541	0.118717015	-0.0100826705	0.12634157	0.24476768	-0.2876281	-0.28225303	0.14672951	0.2878416	0.16358677	-0.051528398	-0.10620146	0.20969929	0.17850058	0.23833545	0.13192496	-0.2840578	-0.45044327	0.023418602
0.23010822	0.2911549	-0.15076464	-0.28646207	0.0063487245	0.99999994	0.16342945	-0.3165122	0.29283172	0.0060079163	0.07590408	-0.009096779	-0.40858093	0.30566132	0.20025037	-0.057202663	-0.068494	0.22117746	-0.31265983	-0.084089324	-0.3054419	0.23890361	-0.42139047	-0.07066613	-0.07488917	0.08327892	-0.3399903	0.10159767	0.08586358	-0.39623755
0.28502527	0.22051378	0.0023483436	0.011314066	-0.45536202	0.16342945	0.99999976	-0.04319477	0.103558935	0.16385107	0.25465214	-0.3004095	-0.3320846	0.16838105	0.0025962812	-0.24443954	0.19598442	0.25804064	-0.3126751	-0.34683278	-0.2421127	0.12633714	-0.13644464	-0.14184009	-0.29942647	-0.1711316	-0.3236037	0.25018248	0.24858761	-0.10521382
-0.07254195	-0.20658393	0.26322505	0.30875027	-0.14515428	-0.3165122	-0.04319477	0.9999998	-0.3700383	0.18589324	0.043823052	-0.23050217	0.19392394	-0.36884528	-0.34563726	-0.06547599	0.2250066	-0.15483063	0.19064765	-0.11302695	0.1562811	-0.27994224	0.29045516	-0.22249848	-0.15489623	-0.30151668	0.17823328	0.071531415	0.034282688	0.24916823
0.14866495	0.26734754	-0.29828814	-0.28497085	0.033007212	0.29283172	0.103558935	-0.3700383	0.9999998	-0.14620182	-0.00678453	0.11408769	-0.2632847	0.29763258	0.26744378	0.02997156	-0.16539446	0.19490333	-0.29845205	-0.031619746	-0.26432455	0.26677656	-0.4349531	0.055580784	0.049128216	0.18639766	-0.35218754	0.02127946	0.006041031	-0.41811424
0.19117942	0.061205145	0.20286854	0.21677215	-0.14064977	0.0060079163	0.16385107	0.18589324	-0.14620182	0.99999994	0.22306176	-0.3826201	-0.06259857	-0.013533654	-0.20807314	-0.23529324	0.26910824	0.10004589	-0.08579386	-0.27468866	-0.1028068	-0.16169566	0.07256475	-0.49026918	-0.41645777	-0.34638172	-0.06555024	0.21551274	0.19585764	0.028723156
0.22240545	0.09944725	0.13919371	0.09062555	-0.21067552	0.07590408	0.25465214	0.043823052	-0.00678453	0.22306176	0.9999999	-0.4019583	-0.20310071	0.09706146	-0.12478769	-0.43623766	0.19159713	0.15330787	-0.20696937	-0.21294937	-0.20832495	-0.0031083154	-0.04537643	-0.14736542	-0.532407	-0.1308721	-0.18264903	0.23629029	0.1988576	0.027370173
-0.13997033	-0.024843741	-0.2590635	-0.24818097	0.21196541	-0.009096779	-0.3004095	-0.23050217	0.11408769	-0.3826201	-0.4019583	0.9999999	0.051313557	0.015271844	0.18569738	0.22644022	-0.48965403	-0.07377692	0.06218983	0.23135835	0.072286814	0.11861833	-0.08000803	0.237357	0.28596532	0.2587214	0.088165835	-0.21454725	-0.19809467	-0.10669216
-0.36539885	-0.38915414	0.15233533	0.17613599	0.118717015	-0.40858093	-0.3320846	0.19392394	-0.2632847	-0.06259857	-0.20310071	0.051313557	0.9999998	-0.32304922	-0.23208512	0.124791704	-0.032451265	-0.31131855	0.31301823	0.17426461	0.30870515	-0.35653517	0.23243816	0.076372154	0.14257425	0.012622093	0.3051959	-0.21150164	-0.13131315	0.24006589
0.21297935	0.27511454	-0.2292672	-0.27795446	-0.0100826705	0.30566132	0.16838105	-0.36884528	0.29763258	-0.013533654	0.09706146	0.015271844	-0.32304922	0.9999998	0.23478884	-0.039141424	-0.09586402	0.22769703	-0.36106053	-0.054213975	-0.3554334	0.24853264	-0.4677408	0.018158894	-0.08307428	0.10356426	-0.38855723	0.04731398	0.071922176	-0.25622344
0.040966947	0.18586886	-0.52224654	-0.39625505	0.12634157	0.20025037	0.0025962812	-0.34563726	0.26744378	-0.20807314	-0.12478769	0.18569738	-0.23208512	0.23478884	0.99999994	0.13897957	-0.16816142	0.11672894	-0.22685847	0.052647557	-0.1812941	0.27800617	-0.25120062	0.17052136	0.13980699	0.20890488	-0.20178187	-0.135827	-0.13747458	-0.21783723
-0.23580047	-0.08527606	-0.18758185	-0.15663356	0.24476768	-0.057202663	-0.24443954	-0.06547599	0.02997156	-0.23529324	-0.43623766	0.22644022	0.124791704	-0.039141424	0.13897957	0.9999999	-0.18004316	-0.1832071	0.13937435	0.26881304	0.15891843	0.02166954	-0.034505434	0.19008029	0.23139033	0.20056158	0.13946846	-0.51240104	-0.46917316	0.007217073
0.14676319	-0.013114958	0.17610869	0.22565438	-0.2876281	-0.068494	0.19598442	0.2250066	-0.16539446	0.26910824	0.19159713	-0.48965403	-0.032451265	-0.09586402	-0.16816142	-0.18004316	0.9999999	0.0980194	-0.07137459	-0.3510822	-0.042094246	-0.12610818	0.1367243	-0.32155687	-0.22926019	-0.447003	-0.10618326	0.20854416	0.18601413	0.13597086
0.29825112	0.28795958	-0.145672	-0.14542113	-0.28225303	0.22117746	0.25804064	-0.15483063	0.19490333	0.10004589	0.15330787	-0.07377692	-0.31131855	0.22769703	0.11672894	-0.1832071	0.0980194	0.99999994	-0.43619704	-0.31777844	-0.45918107	0.21949317	-0.14393601	-0.1988243	-0.09591827	-0.10954968	-0.3661213	0.21695599	0.22430944	-0.19288453
-0.35010862	-0.3426093	0.1632661	0.1660802	0.14672951	-0.31265983	-0.3126751	0.19064765	-0.29845205	-0.08579386	-0.20696937	0.06218983	0.31301823	-0.36106053	-0.22685847	0.13937435	-0.07137459	-0.43619704	0.9999998	0.19755234	0.31553644	-0.31748864	0.22749756	0.088562734	0.1334923	0.025735756	0.30965003	-0.15750457	-0.22811493	0.22857219
-0.2887824	-0.18868656	-0.03588654	-0.09431565	0.2878416	-0.084089324	-0.34683278	-0.11302695	-0.031619746	-0.27468866	-0.21294937	0.23135835	0.17426461	-0.054213975	0.052647557	0.26881304	-0.3510822	-0.31777844	0.19755234	0.9999999	0.20480758	-0.05716441	-0.00921292	0.23613283	0.20575556	0.24428394	0.19919468	-0.4607331	-0.42185977	0.04029761
-0.39957038	-0.4032228	0.135403	0.13377923	0.16358677	-0.3054419	-0.2421127	0.1562811	-0.26432455	-0.1028068	-0.20832495	0.072286814	0.30870515	-0.3554334	-0.1812941	0.15891843	-0.042094246	-0.45918107	0.31553644	0.20480758	0.9999997	-0.28734857	0.191095	0.13589703	0.1356029	0.048014916	0.3050599	-0.25202653	-0.19493733	0.23318121
0.1593862	0.26618317	-0.4240423	-0.3848261	-0.051528398	0.23890361	0.12633714	-0.27994224	0.26677656	-0.16169566	-0.0031083154	0.11861833	-0.35653517	0.24853264	0.27800617	0.02166954	-0.12610818	0.21949317	-0.31748864	-0.05716441	-0.28734857	0.9999995	-0.17767088	0.072414644	0.020039285	0.11012831	-0.19713268	-0.0030197948	0.04735552	-0.36620137
-0.17089996	-0.25203007	0.20205975	0.24915427	-0.10620146	-0.42139047	-0.13644464	0.29045516	-0.4349531	0.07256475	-0.04537643	-0.08000803	0.23243816	-0.4677408	-0.25120062	-0.034505434	0.1367243	-0.14393601	0.22749756	-0.00921292	0.191095	-0.17767088	0.99999946	-0.13557738	0.025317509	-0.25054616	0.24296194	0.0069796825	-0.0022491144	0.24273266
-0.29063326	-0.14658311	-0.23438215	-0.24671791	0.20969929	-0.07066613	-0.14184009	-0.22249848	0.055580784	-0.49026918	-0.14736542	0.237357	0.076372154	0.018158894	0.17052136	0.19008029	-0.32155687	-0.1988243	0.088562734	0.23613283	0.13589703	0.072414644	-0.13557738	0.99999946	0.21985199	0.24834189	0.09857218	-0.19454347	-0.26075882	0.044707485
-0.2946314	-0.109265365	-0.21517065	-0.1882002	0.17850058	-0.07488917	-0.29942647	-0.15489623	0.049128216	-0.41645777	-0.532407	0.28596532	0.14257425	-0.08307428	0.13980699	0.23139033	-0.22926019	-0.09591827	0.1334923	0.20575556	0.1356029	0.020039285	0.025317509	0.21985199	0.99999964	0.18739335	0.1352383	-0.21615659	-0.14058632	-0.039679404
-0.16072658	0.03529776	-0.17374158	-0.32107994	0.23833545	0.08327892	-0.1711316	-0.30151668	0.18639766	-0.34638172	-0.1308721	0.2587214	0.012622093	0.10356426	0.20890488	0.20056158	-0.447003	-0.10954968	0.025735756	0.24428394	0.048014916	0.11012831	-0.25054616	0.24834189	0.18739335	0.99999964	-0.011256892	-0.3058048	-0.2433071	-0.21864145
-0.36482945	-0.35070014	0.13332836	0.14549302	0.13192496	-0.3399903	-0.3236037	0.17823328	-0.35218754	-0.06555024	-0.18264903	0.088165835	0.3051959	-0.38855723	-0.20178187	0.13946846	-0.10618326	-0.3661213	0.30965003	0.19919468	0.3050599	-0.19713268	0.24296194	0.09857218	0.1352383	-0.011256892	0.9999995	-0.24180105	-0.14368463	0.22358316
0.24824868	0.15035553	0.09928704	0.0985591	-0.2840578	0.10159767	0.25018248	0.071531415	0.02127946	0.21551274	0.23629029	-0.21454725	-0.21150164	0.04731398	-0.135827	-0.51240104	0.20854416	0.21695599	-0.15750457	-0.4607331	-0.25202653	-0.0030197948	0.0069796825	-0.19454347	-0.21615659	-0.3058048	-0.24180105	0.99999946	0.29259902	-0.0752897
0.24105169	0.1574101	0.08267355	0.09509473	-0.45044327	0.08586358	0.24858761	0.034282688	0.006041031	0.19585764	0.1988576	-0.19809467	-0.13131315	0.071922176	-0.13747458	-0.46917316	0.18601413	0.22430944	-0.22811493	-0.42185977	-0.19493733	0.04735552	-0.0022491144	-0.26075882	-0.14058632	-0.2433071	-0.14368463	0.29259902	0.99999934	-0.14589697
-0.20932426	-0.41786528	0.20144379	0.23967904	0.023418602	-0.39623755	-0.10521382	0.24916823	-0.41811424	0.028723156	0.027370173	-0.10669216	0.24006589	-0.25622344	-0.21783723	0.007217073	0.13597086	-0.19288453	0.22857219	0.04029761	0.23318121	-0.36620137	0.24273266	0.044707485	-0.039679404	-0.21864145	0.22358316	-0.0752897	-0.14589697	0.99999934
