1.0	0.31671977	-0.38157013	0.24733528	0.18455485	0.26662886	-0.35342026	-0.19561939	-0.39186755	0.24360359	0.2642399	-0.10811693	-0.09621372	0.25028342	-0.27266824	-0.31257027	0.2941816	-0.25545317	0.03326729	-0.36316285	0.019016337	0.18400902	-0.36860648	-0.29602623	0.26581207	0.26590768	-0.25720447	-0.18924974	0.3016156	-0.29538363
0.31671977	1.0000001	-0.253258	0.23668802	0.19595589	0.25141993	-0.36105582	-0.13784897	-0.32985806	0.21944709	0.2676615	-0.14398809	-0.12547764	0.26230258	-0.3078495	-0.37581554	0.2709461	-0.26082054	0.043658648	-0.37496218	0.036893036	0.21093771	-0.361053	-0.28735265	0.2623281	0.27859238	-0.35052955	-0.20463912	0.285669	-0.26466605
-0.38157013	-0.253258	1.0000004	-0.40721622	-0.023155378	-0.4231519	0.20347352	0.22273359	0.2756627	-0.3339648	-0.15114865	-0.019399751	0.14348038	-0.15216735	0.09428205	0.264006	-0.3637876	0.17729561	-0.11317029	0.24413083	0.074529834	-0.019040894	0.23752035	0.13330786	-0.27687764	-0.26316547	0.1699005	0.035032377	-0.25942752	0.16517492
0.24733528	0.23668802	-0.40721622	1.0000004	0.042986095	0.20973739	-0.26500612	-0.44793415	-0.25213924	0.29690838	0.123635866	0.067356095	-0.29629287	0.1374695	-0.0928572	-0.36562693	0.20191741	-0.14398718	0.17744964	-0.21914434	-0.11834818	-0.008537688	-0.31711528	-0.058280364	0.11120651	0.1554254	-0.19202188	0.005229601	0.27273753	-0.10154275
0.18455485	0.19595589	-0.023155378	0.042986095	1.0000001	0.12175177	-0.3854952	0.05279467	-0.065278105	-0.03595652	0.14200939	-0.1887163	0.14331031	0.23865704	-0.48774865	-0.02624976	0.08442888	-0.18646908	-0.22288668	-0.18195564	0.14755188	0.26581338	-0.284475	-0.14389494	0.20702964	0.24141805	-0.20830639	-0.4595222	0.14518957	-0.31330007
0.26662886	0.25141993	-0.4231519	0.20973739	0.12175177	1.0	-0.33347267	-0.12784307	-0.27551344	0.20193611	0.19177812	-0.17382388	0.012903824	0.26200086	-0.15980539	-0.26471406	0.21179725	-0.45378035	-0.08891221	-0.26230448	0.011937879	0.16500701	-0.2639318	-0.08908137	0.21215461	0.26639172	-0.3114339	-0.07435881	0.20903152	-0.2923166
-0.35342026	-0.36105582	0.20347352	-0.26500612	-0.3854952	-0.33347267	0.99999976	0.103663005	0.2374595	-0.19848992	-0.26760152	0.115811914	-0.0009478479	-0.3422226	0.277344	0.20582703	-0.19124387	0.26594976	0.056639202	0.26232263	-0.048880547	-0.23406184	0.29996246	0.16059166	-0.17950805	-0.42604926	0.27714464	0.19493845	-0.32698333	0.25333545
-0.19561939	-0.13784897	0.22273359	-0.44793415	0.05279467	-0.12784307	0.103663005	0.9999996	0.20381601	-0.4585899	-0.03973311	-0.17527658	0.23093794	-0.009484779	-0.06258506	0.23089705	-0.15582666	-0.0037883865	-0.27706608	0.100036435	0.1917198	0.13289006	0.1385947	0.025489658	-0.01339979	0.001599195	-0.025695648	-0.12791677	-0.3577501	-0.018785287
-0.39186755	-0.32985806	0.2756627	-0.25213924	-0.065278105	-0.27551344	0.2374595	0.20381601	0.9999997	-0.37221748	-0.35385162	0.035165247	0.17563438	-0.20713875	0.1466041	0.30527824	-0.4197059	0.19300468	-0.17197439	0.29833102	0.006784415	-0.119555876	0.26752153	0.23535194	-0.21709748	-0.23831204	0.16829506	0.06483212	-0.4302229	0.2310286
0.24360359	0.21944709	-0.3339648	0.29690838	-0.03595652	0.20193611	-0.19848992	-0.4585899	-0.37221748	0.99999964	0.18124847	0.05705438	-0.2656438	0.11164221	-0.051680323	-0.43052885	0.24089263	-0.1718293	0.1970561	-0.2693137	-0.14683163	-0.016639471	-0.24188307	-0.13414215	0.122663796	0.09881633	-0.05956314	0.06541375	0.275406	-0.124783695
0.2642399	0.2676615	-0.15114865	0.123635866	0.14200939	0.19177812	-0.26760152	-0.03973311	-0.35385162	0.18124847	0.9999996	-0.17378609	-0.09382429	0.20226759	-0.17539161	-0.36632887	0.28467464	-0.26305914	0.030628333	-0.4010677	0.106190026	0.20134851	-0.19439179	-0.5193975	0.2583432	0.18806869	-0.14910357	-0.14040373	0.21958081	-0.37254858
-0.10811693	-0.14398809	-0.019399751	0.067356095	-0.1887163	-0.17382388	0.115811914	-0.17527658	0.035165247	0.05705438	-0.17378609	0.9999997	-0.13544373	-0.17275141	0.16234776	0.006839542	-0.06604557	0.15824264	0.13620362	0.16599472	-0.627548	-0.2859026	0.09429997	0.16645586	-0.35898185	-0.16241212	0.13082732	0.27273247	-0.006977297	0.22986867
-0.09621372	-0.12547764	0.14348038	-0.29629287	0.14331031	0.012903824	-0.0009478479	0.23093794	0.17563438	-0.2656438	-0.09382429	-0.13544373	0.99999964	0.07111696	-0.15006083	0.21874475	-0.15847266	-0.11017756	-0.6662786	0.08989135	0.06598878	0.11153384	0.048476517	0.10781809	-0.055785198	0.06059814	-0.0731176	-0.13472581	-0.14746219	0.029527694
0.25028342	0.26230258	-0.15216735	0.1374695	0.23865704	0.26200086	-0.3422226	-0.009484779	-0.20713875	0.11164221	0.20226759	-0.17275141	0.07111696	0.99999976	-0.36938253	-0.14778362	0.1785271	-0.49634632	-0.115778826	-0.24038613	0.05515902	0.28788155	-0.38653997	-0.1608765	0.22336894	0.30096054	-0.4613769	-0.18790267	0.19230875	-0.32376045
-0.27266824	-0.3078495	0.09428205	-0.0928572	-0.48774865	-0.15980539	0.277344	-0.06258506	0.1466041	-0.051680323	-0.17539161	0.16234776	-0.15006083	-0.36938253	0.9999998	0.11328031	-0.15542814	0.24994929	0.14496359	0.21919554	-0.081713684	-0.3942262	0.27281144	0.16179152	-0.27035287	-0.34617883	0.2749827	0.25588033	-0.25378728	0.2583226
-0.31257027	-0.37581554	0.264006	-0.36562693	-0.02624976	-0.26471406	0.20582703	0.23089705	0.30527824	-0.43052885	-0.36632887	0.006839542	0.21874475	-0.14778362	0.11328031	0.99999976	-0.2856203	0.16201633	-0.26514527	0.2594952	0.06555906	-0.08600904	0.23603402	0.18905327	-0.1617796	-0.16799138	0.14386508	-0.009123273	-0.32024124	0.18467747
0.2941816	0.2709461	-0.3637876	0.20191741	0.08442888	0.21179725	-0.19124387	-0.15582666	-0.4197059	0.24089263	0.28467464	-0.06604557	-0.15847266	0.1785271	-0.15542814	-0.2856203	0.9999999	-0.20775618	0.119173154	-0.40161222	0.03329679	0.1254012	-0.30593437	-0.46323973	0.25140333	0.18983652	-0.16116683	-0.079560995	0.2653207	-0.33635923
-0.25545317	-0.26082054	0.17729561	-0.14398718	-0.18646908	-0.45378035	0.26594976	-0.0037883865	0.19300468	-0.1718293	-0.26305914	0.15824264	-0.11017756	-0.49634632	0.24994929	0.16201633	-0.20775618	0.99999994	0.12702703	0.23015466	-0.04397032	-0.36896688	0.2603028	0.16235296	-0.23635815	-0.3345279	0.29458523	0.15097274	-0.15184017	0.25732166
0.03326729	0.043658648	-0.11317029	0.17744964	-0.22288668	-0.08891221	0.056639202	-0.27706608	-0.17197439	0.1970561	0.030628333	0.13620362	-0.6662786	-0.115778826	0.14496359	-0.26514527	0.119173154	0.12702703	1.0	-0.038471162	-0.08969721	-0.14603399	-0.01885221	-0.0799678	0.0017954508	-0.1324862	0.103533305	0.1379435	0.11425043	0.0031710607
-0.36316285	-0.37496218	0.24413083	-0.21914434	-0.18195564	-0.26230448	0.26232263	0.100036435	0.29833102	-0.2693137	-0.4010677	0.16599472	0.08989135	-0.24038613	0.21919554	0.2594952	-0.40161222	0.23015466	-0.038471162	1.0000001	-0.13826156	-0.18909194	0.2813903	0.279238	-0.38572276	-0.28992945	0.20930716	0.17194808	-0.35107973	0.29506928
0.019016337	0.036893036	0.074529834	-0.11834818	0.14755188	0.011937879	-0.048880547	0.1917198	0.006784415	-0.14683163	0.106190026	-0.627548	0.06598878	0.05515902	-0.081713684	0.06555906	0.03329679	-0.04397032	-0.08969721	-0.13826156	1.0000002	0.17578354	-0.000934236	-0.19098458	0.18012513	0.08747332	-0.036852293	-0.4335434	-0.061488222	-0.23892607
0.18400902	0.21093771	-0.019040894	-0.008537688	0.26581338	0.16500701	-0.23406184	0.13289006	-0.119555876	-0.016639471	0.20134851	-0.2859026	0.11153384	0.28788155	-0.3942262	-0.08600904	0.1254012	-0.36896688	-0.14603399	-0.18909194	0.17578354	1.0000004	-0.2866291	-0.24690454	0.24085805	0.26122206	-0.40431026	-0.327673	0.11926591	-0.34834793
-0.36860648	-0.361053	0.23752035	-0.31711528	-0.284475	-0.2639318	0.29996246	0.1385947	0.26752153	-0.24188307	-0.19439179	0.09429997	0.048476517	-0.38653997	0.27281144	0.23603402	-0.30593437	0.2603028	-0.01885221	0.2813903	-0.000934236	-0.2866291	1.0000005	0.18781738	-0.29287797	-0.29978308	0.26923862	0.16345069	-0.39659464	0.26221904
-0.29602623	-0.28735265	0.13330786	-0.058280364	-0.14389494	-0.08908137	0.16059166	0.025489658	0.23535194	-0.13414215	-0.5193975	0.16645586	0.10781809	-0.1608765	0.16179152	0.18905327	-0.46323973	0.16235296	-0.0799678	0.279238	-0.19098458	-0.24690454	0.18781738	1.0000005	-0.380712	-0.13444556	0.12207176	0.16504428	-0.18867181	0.27762455
0.26581207	0.2623281	-0.27687764	0.11120651	0.20702964	0.21215461	-0.17950805	-0.01339979	-0.21709748	0.122663796	0.2583432	-0.35898185	-0.055785198	0.22336894	-0.27035287	-0.1617796	0.25140333	-0.23635815	0.0017954508	-0.38572276	0.18012513	0.24085805	-0.29287797	-0.380712	1.0000005	0.22698583	-0.20186211	-0.33761087	0.19451827	-0.38964215
0.26590768	0.27859238	-0.26316547	0.1554254	0.24141805	0.26639172	-0.42604926	0.001599195	-0.23831204	0.09881633	0.18806869	-0.16241212	0.06059814	0.30096054	-0.34617883	-0.16799138	0.18983652	-0.3345279	-0.1324862	-0.28992945	0.08747332	0.26122206	-0.29978308	-0.13444556	0.22698583	1.0000006	-0.5021459	-0.28709224	0.2033818	-0.24212484
-0.25720447	-0.35052955	0.1699005	-0.19202188	-0.20830639	-0.3114339	0.27714464	-0.025695648	0.16829506	-0.05956314	-0.14910357	0.13082732	-0.0731176	-0.4613769	0.2749827	0.14386508	-0.16116683	0.29458523	0.103533305	0.20930716	-0.036852293	-0.40431026	0.26923862	0.12207176	-0.20186211	-0.5021459	1.0000006	0.18319865	-0.17743506	0.22521017
-0.18924974	-0.20463912	0.035032377	0.005229601	-0.4595222	-0.07435881	0.19493845	-0.12791677	0.06483212	0.06541375	-0.14040373	0.27273247	-0.13472581	-0.18790267	0.25588033	-0.009123273	-0.079560995	0.15097274	0.1379435	0.17194808	-0.4335434	-0.327673	0.16345069	0.16504428	-0.33761087	-0.28709224	0.18319865	1.0000005	-0.11575614	0.24248955
0.3016156	0.285669	-0.25942752	0.27273753	0.14518957	0.20903152	-0.32698333	-0.3577501	-0.4302229	0.275406	0.21958081	-0.006977297	-0.14746219	0.19230875	-0.25378728	-0.32024124	0.2653207	-0.15184017	0.11425043	-0.35107973	-0.061488222	0.11926591	-0.39659464	-0.18867181	0.19451827	0.2033818	-0.17743506	-0.11575614	1.0000006	-0.2525197
-0.29538363	-0.26466605	0.16517492	-0.10154275	-0.31330007	-0.2923166	0.25333545	-0.018785287	0.2310286	-0.124783695	-0.37254858	0.22986867	0.029527694	-0.32376045	0.2583226	0.18467747	-0.33635923	0.25732166	0.0031710607	0.29506928	-0.23892607	-0.34834793	0.26221904	0.27762455	-0.38964215	-0.24212484	0.22521017	0.24248955	-0.2525197	1.0000006
