0.99999994	-0.14219704	-0.44075003	-0.13618025	-0.072186954	0.18286961	0.013214066	0.020138446	-0.6201898	0.15476772	-0.02499306	0.17704916	-0.2727141	0.009025112	-0.020794671	0.11359803	-0.029102802	0.20575996	-0.30573192	0.19527854	0.14333567	0.26422256	0.017302234	-0.20411879	-0.15495397	-0.07728513	0.0007758749	0.07070741	-0.27508354	0.20826572
-0.14219704	1.0000001	0.24599244	0.22950616	0.1501832	-0.03452231	-0.43143976	-0.24471392	0.116898715	-0.14123456	0.1555831	-0.10413747	0.21434996	-0.07782291	-0.19918935	-0.052306786	0.16411173	-0.37271747	0.19517404	-0.28217572	-0.40548563	-0.21816234	0.15058564	0.2590496	0.14708498	-0.08272828	-0.11058472	-0.20223236	0.17938954	-0.1062014
-0.44075003	0.24599244	1.0000004	0.2119144	0.16974467	-0.28838474	-0.19771102	-0.15750356	0.2622609	-0.16906153	0.15041038	-0.18511632	0.28806943	-0.078336515	-0.11043878	-0.18005028	0.1192224	-0.36790222	0.27035937	-0.18080223	-0.33382484	-0.4058527	0.10982522	0.21342438	0.18853141	-0.014110231	0.045260444	-0.22049503	0.25340086	-0.19802395
-0.13618025	0.22950616	0.2119144	1.0000002	0.2696185	-0.094725825	-0.3592385	-0.40358397	0.0997014	-0.19209658	0.27302364	0.0050221737	0.2228583	-0.3476034	-0.22880453	-0.24852274	0.2424244	-0.33131823	0.22274959	-0.009547016	-0.38715354	-0.15028378	0.2776266	0.14845535	0.19373374	-0.235791	0.11037068	-0.3007237	0.15452854	-0.2359018
-0.072186954	0.1501832	0.16974467	0.2696185	1.0000001	-0.16474698	-0.17423543	-0.22797929	0.083574094	-0.21974799	0.2718145	-0.043773543	0.21677068	-0.41642764	-0.29478002	-0.44545236	0.20044568	-0.2695512	0.22934051	0.003445624	-0.20805298	-0.17103177	0.27200374	0.08518587	0.22969893	-0.14531347	0.20079865	-0.42577016	0.1554931	-0.25900245
0.18286961	-0.03452231	-0.28838474	-0.094725825	-0.16474698	0.99999994	0.03734934	0.07251386	-0.19904049	0.13245156	-0.121903084	0.1883117	-0.2899271	0.078478195	0.013804471	0.26032096	0.02735516	0.08706111	-0.2749367	-0.10108866	0.09408035	0.25032055	-0.12959628	-0.010757092	-0.1626577	-0.22906794	-0.38145956	0.12025441	-0.27386308	0.21156071
0.013214066	-0.43143976	-0.19771102	-0.3592385	-0.17423543	0.03734934	0.99999994	0.20996216	0.0059587155	0.03503751	-0.13217212	-0.20581654	-0.11773468	0.16567577	0.22367267	0.0052432865	-0.26885974	0.20740736	-0.12436964	0.02247773	0.21372017	0.02919438	-0.3196639	-0.18819673	-0.0418093	0.19816731	-0.008805026	0.19975707	-0.033147402	0.036399905
0.020138446	-0.24471392	-0.15750356	-0.40358397	-0.22797929	0.07251386	0.20996216	0.99999994	-0.013072191	0.17321424	-0.4985659	0.013174629	-0.24704732	0.2555276	0.26455462	0.17545074	-0.35763755	0.23689508	-0.23369946	-0.009462167	0.27976033	0.14768864	-0.40234864	-0.17331836	-0.22226505	0.12800351	-0.08534419	0.29073697	-0.17651406	0.18548608
-0.6201898	0.116898715	0.2622609	0.0997014	0.083574094	-0.19904049	0.0059587155	-0.013072191	0.99999994	-0.1465581	0.05352688	-0.13268827	0.21799496	-0.028854188	-0.057554517	-0.107985765	0.06142084	-0.2868591	0.2339003	-0.31163743	-0.09849965	-0.34035197	-0.010102842	0.18778875	0.16440359	0.036486283	-0.025860254	-0.095448375	0.21011569	-0.25927776
0.15476772	-0.14123456	-0.16906153	-0.19209658	-0.21974799	0.13245156	0.03503751	0.17321424	-0.1465581	0.99999994	-0.26919168	0.175511	-0.25666633	0.09560201	0.06611016	0.19587633	-0.011298452	0.2272371	-0.3073033	0.13487451	0.22190413	0.23222525	-0.12700523	-0.3678347	-0.6142929	-0.088371076	-0.043627057	0.17866623	-0.3437886	0.27465534
-0.02499306	0.1555831	0.15041038	0.27302364	0.2718145	-0.121903084	-0.13217212	-0.4985659	0.05352688	-0.26919168	0.99999994	-0.020175966	0.19884004	-0.38313574	-0.3724996	-0.20365912	0.25219345	-0.26997304	0.20466124	0.031122435	-0.26960075	-0.20776714	0.28393772	0.1024491	0.23221663	-0.14647241	0.13459769	-0.38400698	0.14498368	-0.18518557
0.17704916	-0.10413747	-0.18511632	0.0050221737	-0.043773543	0.1883117	-0.20581654	0.013174629	-0.13268827	0.175511	-0.020175966	0.99999994	-0.3055688	-0.12536283	-0.14842255	0.15146667	0.12711497	0.046099007	-0.2112923	0.12482192	0.1137824	0.22434542	0.037938617	-0.10755253	-0.15728334	-0.45625815	0.041612614	-0.018754842	-0.40509927	0.20110336
-0.2727141	0.21434996	0.28806943	0.2228583	0.21677068	-0.2899271	-0.11773468	-0.24704732	0.21799496	-0.25666633	0.19884004	-0.3055688	1.0	-0.15263249	-0.067678966	-0.31179607	0.07071913	-0.31252152	0.31261814	-0.17119518	-0.3358875	-0.41334566	0.142962	0.2198843	0.2507127	0.069964744	0.0775199	-0.19296136	0.30269238	-0.35822225
0.009025112	-0.07782291	-0.078336515	-0.3476034	-0.41642764	0.078478195	0.16567577	0.2555276	-0.028854188	0.09560201	-0.38313574	-0.12536283	-0.15263249	1.0000001	0.2697687	0.21652102	-0.28512457	0.15534009	-0.18022247	-0.18070856	0.168431	0.082261845	-0.39443347	0.010016639	-0.16066335	0.19492972	-0.28876942	0.28244925	-0.035376787	0.15149967
-0.020794671	-0.19918935	-0.11043878	-0.22880453	-0.29478002	0.013804471	0.22367267	0.26455462	-0.057554517	0.06611016	-0.3724996	-0.14842255	-0.067678966	0.2697687	1.0	0.095719896	-0.565701	0.1810738	-0.10575514	-0.061787803	0.18373579	0.06213047	-0.40066198	-0.016557584	-0.1495753	0.22035582	-0.12624359	0.28819168	-0.041628942	0.09902088
0.11359803	-0.052306786	-0.18005028	-0.24852274	-0.44545236	0.26032096	0.0052432865	0.17545074	-0.107985765	0.19587633	-0.20365912	0.15146667	-0.31179607	0.21652102	0.095719896	1.0000001	-0.069308974	0.15292887	-0.27504843	-0.11573855	0.16906253	0.22942632	-0.25576904	-0.04235712	-0.24931541	-0.07114663	-0.37035578	0.22217803	-0.24230708	0.25339034
-0.029102802	0.16411173	0.1192224	0.2424244	0.20044568	0.02735516	-0.26885974	-0.35763755	0.06142084	-0.011298452	0.25219345	0.12711497	0.07071913	-0.28512457	-0.565701	-0.069308974	1.0000002	-0.20100069	0.0912409	0.03626957	-0.23365426	-0.06326453	0.26957437	0.017927324	0.08537488	-0.30127946	0.071779855	-0.38987833	0.04145003	-0.102459095
0.20575996	-0.37271747	-0.36790222	-0.33131823	-0.2695512	0.08706111	0.20740736	0.23689508	-0.2868591	0.2272371	-0.26997304	0.046099007	-0.31252152	0.15534009	0.1810738	0.15292887	-0.20100069	1.0000004	-0.31392384	0.16068557	0.28509682	0.24152297	-0.15317117	-0.33489552	-0.32098737	0.10100007	-0.0030184046	0.24761255	-0.22153114	0.22372119
-0.30573192	0.19517404	0.27035937	0.22274959	0.22934051	-0.2749367	-0.12436964	-0.23369946	0.2339003	-0.3073033	0.20466124	-0.2112923	0.31261814	-0.18022247	-0.10575514	-0.27504843	0.0912409	-0.31392384	1.0000004	-0.15638232	-0.24894467	-0.35513145	0.15507182	0.2279498	0.28089672	0.06585494	0.051480543	-0.2584426	0.29612032	-0.48618114
0.19527854	-0.28217572	-0.18080223	-0.009547016	0.003445624	-0.10108866	0.02247773	-0.009462167	-0.31163743	0.13487451	0.031122435	0.12482192	-0.17119518	-0.18070856	-0.061787803	-0.11573855	0.03626957	0.16068557	-0.15638232	1.0000004	0.10980411	0.11398755	0.099329345	-0.44943455	-0.10773425	-0.042603303	0.23547488	0.018604549	-0.17567337	0.069855236
0.14333567	-0.40548563	-0.33382484	-0.38715354	-0.20805298	0.09408035	0.21372017	0.27976033	-0.09849965	0.22190413	-0.26960075	0.1137824	-0.3358875	0.168431	0.18373579	0.16906253	-0.23365426	0.28509682	-0.24894467	0.10980411	1.0000004	0.22073074	-0.31240153	-0.28420016	-0.25920117	0.03965739	-0.00347976	0.2515345	-0.3376409	0.22344466
0.26422256	-0.21816234	-0.4058527	-0.15028378	-0.17103177	0.25032055	0.02919438	0.14768864	-0.34035197	0.23222525	-0.20776714	0.22434542	-0.41334566	0.082261845	0.06213047	0.22942632	-0.06326453	0.24152297	-0.35513145	0.11398755	0.22073074	1.0000002	-0.07148935	-0.2777535	-0.24649826	-0.14042445	-0.15037444	0.16530451	-0.32084757	0.26926702
0.017302234	0.15058564	0.10982522	0.2776266	0.27200374	-0.12959628	-0.3196639	-0.40234864	-0.010102842	-0.12700523	0.28393772	0.037938617	0.142962	-0.39443347	-0.40066198	-0.25576904	0.26957437	-0.15317117	0.15507182	0.099329345	-0.31240153	-0.07148935	1.0000002	0.0332629	0.1623925	-0.14111948	0.17288722	-0.39533815	0.10656053	-0.17809038
-0.20411879	0.2590496	0.21342438	0.14845535	0.08518587	-0.010757092	-0.18819673	-0.17331836	0.18778875	-0.3678347	0.1024491	-0.10755253	0.2198843	0.010016639	-0.016557584	-0.04235712	0.017927324	-0.33489552	0.2279498	-0.44943455	-0.28420016	-0.2777535	0.0332629	1.0000002	0.22062573	0.044800278	-0.17437401	-0.14539444	0.21081401	-0.20486122
-0.15495397	0.14708498	0.18853141	0.19373374	0.22969893	-0.1626577	-0.0418093	-0.22226505	0.16440359	-0.6142929	0.23221663	-0.15728334	0.2507127	-0.16066335	-0.1495753	-0.24931541	0.08537488	-0.32098737	0.28089672	-0.10773425	-0.25920117	-0.24649826	0.1623925	0.22062573	1.0000001	0.052429892	0.058683567	-0.27397823	0.26293984	-0.4084564
-0.07728513	-0.08272828	-0.014110231	-0.235791	-0.14531347	-0.22906794	0.19816731	0.12800351	0.036486283	-0.088371076	-0.14647241	-0.45625815	0.069964744	0.19492972	0.22035582	-0.07114663	-0.30127946	0.10100007	0.06585494	-0.042603303	0.03965739	-0.14042445	-0.14111948	0.044800278	0.052429892	1.0000002	-0.12268916	0.140484	0.15105504	-0.14846589
0.0007758749	-0.11058472	0.045260444	0.11037068	0.20079865	-0.38145956	-0.008805026	-0.08534419	-0.025860254	-0.043627057	0.13459769	0.041612614	0.0775199	-0.28876942	-0.12624359	-0.37035578	0.071779855	-0.0030184046	0.051480543	0.23547488	-0.00347976	-0.15037444	0.17288722	-0.17437401	0.058683567	-0.12268916	0.99999994	-0.21264885	-0.01140858	-0.08214482
0.07070741	-0.20223236	-0.22049503	-0.3007237	-0.42577016	0.12025441	0.19975707	0.29073697	-0.095448375	0.17866623	-0.38400698	-0.018754842	-0.19296136	0.28244925	0.28819168	0.22217803	-0.38987833	0.24761255	-0.2584426	0.018604549	0.2515345	0.16530451	-0.39533815	-0.14539444	-0.27397823	0.140484	-0.21264885	0.99999994	-0.17038423	0.21002881
-0.27508354	0.17938954	0.25340086	0.15452854	0.1554931	-0.27386308	-0.033147402	-0.17651406	0.21011569	-0.3437886	0.14498368	-0.40509927	0.30269238	-0.035376787	-0.041628942	-0.24230708	0.04145003	-0.22153114	0.29612032	-0.17567337	-0.3376409	-0.32084757	0.10656053	0.21081401	0.26293984	0.15105504	-0.01140858	-0.17038423	0.9999998	-0.40519473
0.20826572	-0.1062014	-0.19802395	-0.2359018	-0.25900245	0.21156071	0.036399905	0.18548608	-0.25927776	0.27465534	-0.18518557	0.20110336	-0.35822225	0.15149967	0.09902088	0.25339034	-0.102459095	0.22372119	-0.48618114	0.069855236	0.22344466	0.26926702	-0.17809038	-0.20486122	-0.4084564	-0.14846589	-0.08214482	0.21002881	-0.40519473	0.9999998
