1.0000001	-0.006051747	-0.27631906	-0.20507902	0.19105747	-0.10158891	-0.02209123	0.11728873	0.072076656	-0.36371186	-0.14274855	0.07767582	-0.43501788	0.17250095	0.1853965	-0.004508995	0.21337554	-0.16394623	-0.24805093	0.13003613	0.14505693	-0.19295062	-0.14072977	0.02548538	0.18277785	0.27719277	-0.14976	-0.27063373	-0.018638171	-0.048068367
-0.006051747	1.0000002	0.18581647	-0.33083954	0.19117378	-0.41124144	-0.16882144	0.13213605	-0.3844632	-0.0019810246	-0.27864185	0.10198976	0.11227008	0.19237	0.15848096	0.013720266	-0.20872207	-0.32544142	0.2406421	-0.20431988	-0.16401017	-0.28862932	0.1492842	0.26102588	0.19292551	-0.030622177	-0.22210634	0.08880444	-0.28786907	0.2931538
-0.27631906	0.18581647	1.0000004	-0.08894943	-0.032084305	-0.111927554	-0.11150403	0.015295835	-0.36743742	0.23165078	-0.17138731	-0.058514725	0.297058	-0.003917779	-0.04989867	0.039848875	-0.4314762	-0.01989554	0.29223758	-0.2485962	-0.35246336	-0.063413434	0.21307705	0.15969355	-0.017103542	-0.31381488	0.040232547	0.24728183	-0.21511672	0.21165857
-0.20507902	-0.33083954	-0.08894943	1.0000001	-0.25629303	0.2131233	0.06784	-0.10436711	0.22215304	0.1390971	0.21710101	-0.21088354	0.0330006	-0.27876073	-0.21434653	0.043192383	0.07746739	0.24313673	-0.20295027	-0.03131022	0.0031805036	0.23829307	-0.054461773	-0.16962023	-0.46984112	-0.12978439	0.22414419	0.08695044	0.18745053	-0.24860907
0.19105747	0.19117378	-0.032084305	-0.25629303	0.99999994	-0.31724763	-0.30015317	0.28254452	-0.035587348	-0.06886336	-0.4089173	-0.054611713	-0.09423764	0.28277788	0.3103802	0.18535836	-0.011209272	-0.423117	0.05018828	-0.10154406	-0.10260354	-0.3028415	0.15085046	0.2389677	0.11183241	0.10505432	-0.4267402	-0.000486491	-0.3736125	0.21000567
-0.10158891	-0.41124144	-0.111927554	0.2131233	-0.31724763	0.9999999	0.25727963	-0.29857472	0.13239665	-0.040641636	0.30695844	0.062113654	-0.06267302	-0.23275709	-0.40532312	-0.20539212	0.13768859	0.3078167	-0.20223884	0.19173467	0.16259633	0.25530404	-0.21445791	-0.44549322	-0.13820264	-0.017786108	0.26934558	-0.050281305	0.29034442	-0.33083758
-0.02209123	-0.16882144	-0.11150403	0.06784	-0.30015317	0.25727963	0.9999998	-0.37462997	0.0034492086	-0.20051864	0.27312568	0.22010487	-0.06208743	-0.2291379	-0.28811935	-0.42018422	0.13252935	0.24454571	-0.13362661	0.2502106	0.23126306	0.19670124	-0.43914104	-0.36405575	0.065925226	0.058311973	0.22000702	-0.13729139	0.255596	-0.22549106
0.11728873	0.13213605	0.015295835	-0.10436711	0.28254452	-0.29857472	-0.37462997	0.9999998	0.032149877	0.070300795	-0.36040163	-0.29883388	-0.045633033	0.26555672	0.28462547	0.28925478	-0.047865104	-0.34690565	0.06400685	-0.21549389	-0.19980769	-0.29140666	0.22433528	0.24870121	-0.040810753	-0.023349257	-0.3563534	0.076343335	-0.2867817	0.18871577
0.072076656	-0.3844632	-0.36743742	0.22215304	-0.035587348	0.13239665	0.0034492086	0.032149877	0.9999998	-0.038747787	0.12289897	-0.18375939	-0.20978546	-0.046168838	-0.0039043739	0.10214584	0.23137954	0.09638107	-0.37664744	0.0727131	0.13549203	0.1215465	-0.07321989	-0.13431554	-0.32423136	0.08517662	0.052133337	-0.13174456	0.16037782	-0.3324253
-0.36371186	-0.0019810246	0.23165078	0.1390971	-0.06886336	-0.040641636	-0.20051864	0.070300795	-0.038747787	0.9999998	-0.06816474	-0.25199205	0.28215957	-0.063623294	-0.09138974	0.1346637	-0.34415057	0.025132105	0.18100588	-0.3261721	-0.28761628	0.0413781	0.21728848	0.11162356	-0.22406009	-0.45102894	0.085426055	0.26836663	-0.05895907	0.093564525
-0.14274855	-0.27864185	-0.17138731	0.21710101	-0.4089173	0.30695844	0.27312568	-0.36040163	0.12289897	-0.06816474	0.99999994	0.06585038	-0.01746816	-0.26245752	-0.36307526	-0.21407531	0.14888892	0.30153415	-0.19665071	0.19446059	0.18995899	0.2669077	-0.26392904	-0.376884	-0.15440829	0.018633105	0.26835284	-0.11771241	0.2982434	-0.2759592
0.07767582	0.10198976	-0.058514725	-0.21088354	-0.054611713	0.062113654	0.22010487	-0.29883388	-0.18375939	-0.25199205	0.06585038	0.9999999	-0.0976529	-0.056487154	-0.15186076	-0.5121887	0.0016062013	0.045141883	0.012566913	0.17011082	0.15210539	-0.022607194	-0.29085016	-0.07497676	0.23884352	0.1166916	0.04689174	-0.084587	0.097129956	-0.05898583
-0.43501788	0.11227008	0.297058	0.0330006	-0.09423764	-0.06267302	-0.06208743	-0.045633033	-0.20978546	0.28215957	-0.01746816	-0.0976529	1.0	-0.08024995	-0.12878539	0.04376625	-0.37229815	0.0037737912	0.25476748	-0.29713747	-0.28485668	0.007821002	0.18503833	0.12575904	-0.11730264	-0.41947496	0.08848879	0.26636878	-0.12676272	0.15119064
0.17250095	0.19237	-0.003917779	-0.27876073	0.28277788	-0.23275709	-0.2291379	0.26555672	-0.046168838	-0.063623294	-0.26245752	-0.056487154	-0.08024995	1.0000001	0.25143078	0.16889697	-0.014830189	-0.37658373	0.042996414	-0.14811248	-0.17847499	-0.5664572	0.15379699	0.22751744	0.11330058	0.059975907	-0.43191507	0.03965218	-0.20258495	0.20178872
0.1853965	0.15848096	-0.04989867	-0.21434653	0.3103802	-0.40532312	-0.28811935	0.28462547	-0.0039043739	-0.09138974	-0.36307526	-0.15186076	-0.12878539	0.25143078	1.0000001	0.20891382	-0.015075663	-0.35855204	0.07544254	-0.08797584	-0.040877327	-0.24056907	0.13580956	0.21714218	0.10764156	0.11425352	-0.40971938	-0.045526817	-0.34028643	0.18580669
-0.004508995	0.013720266	0.039848875	0.043192383	0.18535836	-0.20539212	-0.42018422	0.28925478	0.10214584	0.1346637	-0.21407531	-0.5121887	0.04376625	0.16889697	0.20891382	1.0000002	-0.024248399	-0.23487557	0.03603625	-0.2824083	-0.21049455	-0.12743956	0.24315235	0.1879959	-0.2008313	-0.066997044	-0.22710153	0.10663589	-0.1876102	0.1148118
0.21337554	-0.20872207	-0.4314762	0.07746739	-0.011209272	0.13768859	0.13252935	-0.047865104	0.23137954	-0.34415057	0.14888892	0.0016062013	-0.37229815	-0.014830189	-0.015075663	-0.024248399	1.0000004	0.08557364	-0.4542695	0.22695945	0.2542305	0.051467814	-0.30225372	-0.24860989	-0.00785851	0.23951931	0.019113205	-0.2415178	0.17655446	-0.2719372
-0.16394623	-0.32544142	-0.01989554	0.24313673	-0.423117	0.3078167	0.24454571	-0.34690565	0.09638107	0.025132105	0.30153415	0.045141883	0.0037737912	-0.37658373	-0.35855204	-0.23487557	0.08557364	1.0000002	-0.16453774	0.13275371	0.11917788	0.28483984	-0.17636399	-0.3480511	-0.18530326	-0.07177291	0.31286874	0.0022589322	0.26638383	-0.27593172
-0.24805093	0.2406421	0.29223758	-0.20295027	0.05018828	-0.20223884	-0.13362661	0.06400685	-0.37664744	0.18100588	-0.19665071	0.012566913	0.25476748	0.042996414	0.07544254	0.03603625	-0.4542695	-0.16453774	1.0000002	-0.17634483	-0.2955677	-0.08591354	0.20523734	0.20250785	0.05699469	-0.27261928	-0.119914845	0.19814299	-0.23658806	0.25317553
0.13003613	-0.20431988	-0.2485962	-0.03131022	-0.10154406	0.19173467	0.2502106	-0.21549389	0.0727131	-0.3261721	0.19446059	0.17011082	-0.29713747	-0.14811248	-0.08797584	-0.2824083	0.22695945	0.13275371	-0.17634483	1.0000001	0.29684442	0.14740668	-0.277441	-0.3779579	0.13507935	0.22182377	0.07546993	-0.4229588	0.2166963	-0.26448998
0.14505693	-0.16401017	-0.35246336	0.0031805036	-0.10260354	0.16259633	0.23126306	-0.19980769	0.13549203	-0.28761628	0.18995899	0.15210539	-0.28485668	-0.17847499	-0.040877327	-0.21049455	0.2542305	0.11917788	-0.2955677	0.29684442	1.0000002	0.15406543	-0.43370745	-0.27703524	0.085277006	0.23416978	0.06266243	-0.42890197	0.22170202	-0.19133429
-0.19295062	-0.28862932	-0.063413434	0.23829307	-0.3028415	0.25530404	0.19670124	-0.29140666	0.1215465	0.0413781	0.2669077	-0.022607194	0.007821002	-0.5664572	-0.24056907	-0.12743956	0.051467814	0.28483984	-0.08591354	0.14740668	0.15406543	1.0000001	-0.16800408	-0.29557568	-0.16742344	-0.009790074	0.27379882	-0.1162147	0.24461982	-0.34487838
-0.14072977	0.1492842	0.21307705	-0.054461773	0.15085046	-0.21445791	-0.43914104	0.22433528	-0.07321989	0.21728848	-0.26392904	-0.29085016	0.18503833	0.15379699	0.13580956	0.24315235	-0.30225372	-0.17636399	0.20523734	-0.277441	-0.43370745	-0.16800408	1.0000001	0.25808805	-0.10067729	-0.13875753	-0.16979288	0.20465016	-0.3301453	0.23335305
0.02548538	0.26102588	0.15969355	-0.16962023	0.2389677	-0.44549322	-0.36405575	0.24870121	-0.13431554	0.11162356	-0.376884	-0.07497676	0.12575904	0.22751744	0.21714218	0.1879959	-0.24860989	-0.3480511	0.20250785	-0.3779579	-0.27703524	-0.29557568	0.25808805	1.0000001	0.015247584	-0.072215885	-0.24127637	0.15392344	-0.2827116	0.27512798
0.18277785	0.19292551	-0.017103542	-0.46984112	0.11183241	-0.13820264	0.065925226	-0.040810753	-0.32423136	-0.22406009	-0.15440829	0.23884352	-0.11730264	0.11330058	0.10764156	-0.2008313	-0.00785851	-0.18530326	0.05699469	0.13507935	0.085277006	-0.16742344	-0.10067729	0.015247584	0.99999994	0.16258658	-0.1363656	-0.19466403	-0.103628315	0.114311345
0.27719277	-0.030622177	-0.31381488	-0.12978439	0.10505432	-0.017786108	0.058311973	-0.023349257	0.08517662	-0.45102894	0.018633105	0.1166916	-0.41947496	0.059975907	0.11425352	-0.066997044	0.23951931	-0.07177291	-0.27261928	0.22182377	0.23416978	-0.009790074	-0.13875753	-0.072215885	0.16258658	1.0	-0.15661107	-0.48656416	0.03865064	-0.0708191
-0.14976	-0.22210634	0.040232547	0.22414419	-0.4267402	0.26934558	0.22000702	-0.3563534	0.052133337	0.085426055	0.26835284	0.04689174	0.08848879	-0.43191507	-0.40971938	-0.22710153	0.019113205	0.31286874	-0.119914845	0.07546993	0.06266243	0.27379882	-0.16979288	-0.24127637	-0.1363656	-0.15661107	1.0	0.038584843	0.24217722	-0.27200592
-0.27063373	0.08880444	0.24728183	0.08695044	-0.000486491	-0.050281305	-0.13729139	0.076343335	-0.13174456	0.26836663	-0.11771241	-0.084587	0.26636878	0.03965218	-0.045526817	0.10663589	-0.2415178	0.0022589322	0.19814299	-0.4229588	-0.42890197	-0.1162147	0.20465016	0.15392344	-0.19466403	-0.48656416	0.038584843	0.9999999	-0.18930134	0.1404338
-0.018638171	-0.28786907	-0.21511672	0.18745053	-0.3736125	0.29034442	0.255596	-0.2867817	0.16037782	-0.05895907	0.2982434	0.097129956	-0.12676272	-0.20258495	-0.34028643	-0.1876102	0.17655446	0.26638383	-0.23658806	0.2166963	0.22170202	0.24461982	-0.3301453	-0.2827116	-0.103628315	0.03865064	0.24217722	-0.18930134	0.99999976	-0.45529786
-0.048068367	0.2931538	0.21165857	-0.24860907	0.21000567	-0.33083758	-0.22549106	0.18871577	-0.3324253	0.093564525	-0.2759592	-0.05898583	0.15119064	0.20178872	0.18580669	0.1148118	-0.2719372	-0.27593172	0.25317553	-0.26448998	-0.19133429	-0.34487838	0.23335305	0.27512798	0.114311345	-0.0708191	-0.27200592	0.1404338	-0.45529786	0.99999976
