1.0	-0.26154453	-0.3161334	0.16361634	0.31163123	0.1349166	0.23601279	0.25104907	-0.08767705	-0.38059893	-0.23539083	-0.3923408	-0.43553805	-0.3766694	0.20925726	-0.3211316	0.18091877	-0.010576307	0.2599353	-0.15722929	0.2662291	-0.16359414	0.23734963	0.20671293	0.2124314	0.23704286	-0.30411097	0.1719406	-0.38856775	-0.24791585
-0.26154453	0.9999999	0.15853979	-0.4593478	-0.31309453	-0.10622139	-0.3045848	-0.34602425	0.093946636	0.29657996	0.27580467	0.27413616	0.24278723	0.23421523	-0.16924289	0.2646366	-0.18190682	0.14654136	-0.27815926	0.16380022	-0.3252747	0.25857842	-0.3247661	-0.3824188	-0.17311431	-0.34012678	0.2726041	-0.25095397	0.23668152	0.29795888
-0.3161334	0.15853979	0.99999976	-0.111136936	-0.1616611	-0.11660513	-0.1681479	-0.25551102	0.074663125	0.24824746	0.16255023	0.25749117	0.22384568	0.20734583	-0.07431321	0.18155622	-0.3778874	0.20970939	-0.24230506	0.15759213	-0.28127298	0.15266193	-0.31228736	-0.07342526	-0.6421055	-0.1707554	0.17627025	-0.24109533	0.18832716	0.1458757
0.16361634	-0.4593478	-0.111136936	0.99999946	0.16671735	0.059283048	0.14417909	0.23602197	-0.028376242	-0.25384057	-0.3292048	-0.31520817	-0.10914472	-0.14053726	0.15724361	-0.1725055	0.1416293	-0.20860682	0.20604645	0.008642877	0.1780964	-0.27506965	0.16645132	0.15261869	0.14600609	0.20191838	-0.5166269	0.15894854	-0.11785957	-0.24992746
0.31163123	-0.31309453	-0.1616611	0.16671735	0.99999964	0.10826864	0.22920658	0.23768717	-0.05327831	-0.3569649	-0.2142025	-0.41756848	-0.46279097	-0.338881	0.20068806	-0.25958306	0.17011718	-0.00050986605	0.24437581	-0.25952458	0.26835832	-0.15752615	0.23948343	0.23024908	0.15286109	0.26772052	-0.30716756	0.17419024	-0.38435456	-0.31441748
0.1349166	-0.10622139	-0.11660513	0.059283048	0.10826864	0.9999996	0.22905037	0.18126552	-0.71403223	-0.18579702	-0.22021505	-0.12787247	-0.116271585	-0.13151741	0.15433216	-0.23514919	-0.08754889	0.112555034	0.22200003	0.07763959	0.094896324	-0.15995449	0.06460447	0.14414233	0.07482658	-0.013124234	-0.016320908	-0.07420059	-0.21859388	-0.13433068
0.23601279	-0.3045848	-0.1681479	0.14417909	0.22920658	0.22905037	0.9999996	0.29318058	-0.2961144	-0.33483538	-0.42279992	-0.225083	-0.27110508	-0.17862943	0.2215865	-0.4954485	0.1104339	-0.016681306	0.30304027	-0.17923981	0.24344188	-0.33406162	0.22630581	0.27932838	0.14863549	0.19791248	-0.13088816	0.13298504	-0.34018615	-0.29746318
0.25104907	-0.34602425	-0.25551102	0.23602197	0.23768717	0.18126552	0.29318058	0.9999995	-0.21856011	-0.35881892	-0.39999786	-0.34723774	-0.20925286	-0.2347425	0.22215945	-0.3649792	0.20903718	-0.17410272	0.31249934	-0.179678	0.28752312	-0.37312722	0.27000687	0.25212392	0.22256427	0.24711744	-0.29768172	0.225631	-0.37187773	-0.31624508
-0.08767705	0.093946636	0.074663125	-0.028376242	-0.05327831	-0.71403223	-0.2961144	-0.21856011	0.99999946	0.13954726	0.17609291	0.06964468	0.06086425	0.07007877	-0.10406371	0.19389133	0.071757436	-0.10469653	-0.28554517	-0.12996224	-0.1053475	0.12510474	-0.0702453	-0.14522134	-0.07359825	0.0128093315	-0.01511994	0.06807098	0.15071896	0.12467373
-0.38059893	0.29657996	0.24824746	-0.25384057	-0.3569649	-0.18579702	-0.33483538	-0.35881892	0.13954726	0.99999934	0.27350447	0.3085681	0.29827586	0.26839897	-0.1730684	0.2774231	-0.22377825	0.12582114	-0.3191162	0.20045575	-0.36528024	0.24820893	-0.32568726	-0.27459514	-0.3088395	-0.37839445	0.25791943	-0.27682906	0.28467074	0.28886035
-0.23539083	0.27580467	0.16255023	-0.3292048	-0.2142025	-0.22021505	-0.42279992	-0.39999786	0.17609291	0.27350447	0.9999994	0.2373943	0.21946935	0.25430575	-0.40307733	0.29701775	-0.16085738	0.036580388	-0.3702237	0.124056004	-0.2746035	0.29082814	-0.21715324	-0.32492116	-0.18789785	-0.26550013	0.22843885	-0.11252988	0.2687114	0.29385018
-0.3923408	0.27413616	0.25749117	-0.31520817	-0.41756848	-0.12787247	-0.225083	-0.34723774	0.06964468	0.3085681	0.2373943	0.99999934	0.2732225	0.26420486	-0.17149583	0.2322417	-0.33543196	0.15340804	-0.2305637	0.18375726	-0.3081724	0.2158446	-0.23378448	-0.18468492	-0.3339444	-0.30957133	0.2832456	-0.32408905	0.25995973	0.24395896
-0.43553805	0.24278723	0.22384568	-0.10914472	-0.46279097	-0.116271585	-0.27110508	-0.20925286	0.06086425	0.29827586	0.21946935	0.2732225	0.99999934	0.2736721	-0.16686924	0.23370321	-0.21760812	0.070860006	-0.2679973	0.24237266	-0.3665752	0.18555567	-0.39294	-0.26343498	-0.24983118	-0.37190983	0.21947941	-0.18311411	0.2767824	0.26352626
-0.3766694	0.23421523	0.20734583	-0.14053726	-0.338881	-0.13151741	-0.17862943	-0.2347425	0.07007877	0.26839897	0.25430575	0.26420486	0.2736721	0.9999994	-0.47331098	0.2474688	-0.25291404	0.053374615	-0.2563156	0.19365625	-0.33591878	0.25619593	-0.27389392	-0.35302055	-0.25231612	-0.26021743	0.22283024	-0.23617283	0.27920675	0.27014107
0.20925726	-0.16924289	-0.07431321	0.15724361	0.20068806	0.15433216	0.2215865	0.22215945	-0.10406371	-0.1730684	-0.40307733	-0.17149583	-0.16686924	-0.47331098	0.99999934	-0.2795079	0.057186667	0.08411088	0.23997729	-0.069190376	0.16508648	-0.46717817	0.15123248	0.23724805	0.07407943	0.13086866	-0.23432043	0.09122387	-0.34212855	-0.26848072
-0.3211316	0.2646366	0.18155622	-0.1725055	-0.25958306	-0.23514919	-0.4954485	-0.3649792	0.19389133	0.2774231	0.29701775	0.2322417	0.23370321	0.2474688	-0.2795079	0.99999946	-0.15283279	0.06870137	-0.41778475	0.13212863	-0.25746813	0.27343014	-0.22807235	-0.4290437	-0.17869833	-0.17811632	0.17661348	-0.18127368	0.28632873	0.2864869
0.18091877	-0.18190682	-0.3778874	0.1416293	0.17011718	-0.08754889	0.1104339	0.20903718	0.071757436	-0.22377825	-0.16085738	-0.33543196	-0.21760812	-0.25291404	0.057186667	-0.15283279	0.9999996	-0.46876636	0.16026843	-0.34381396	0.26902783	-0.12889263	0.2691704	0.1151749	0.267659	0.25663573	-0.28699678	0.29777798	-0.1893224	-0.16820098
-0.010576307	0.14654136	0.20970939	-0.20860682	-0.00050986605	0.112555034	-0.016681306	-0.17410272	-0.10469653	0.12582114	0.036580388	0.15340804	0.070860006	0.053374615	0.08411088	0.06870137	-0.46876636	0.99999976	-0.08825928	0.16977982	-0.25977898	0.0832641	-0.2813503	-0.02252199	-0.35020873	-0.20954983	0.1590255	-0.40212786	0.05584674	0.06817282
0.2599353	-0.27815926	-0.24230506	0.20604645	0.24437581	0.22200003	0.30304027	0.31249934	-0.28554517	-0.3191162	-0.3702237	-0.2305637	-0.2679973	-0.2563156	0.23997729	-0.41778475	0.16026843	-0.08825928	0.9999996	-0.13912584	0.27196962	-0.31655642	0.2505811	0.26646093	0.18704332	0.22366418	-0.29593793	0.16225544	-0.40013367	-0.40206656
-0.15722929	0.16380022	0.15759213	0.008642877	-0.25952458	0.07763959	-0.17923981	-0.179678	-0.12996224	0.20045575	0.124056004	0.18375726	0.24237266	0.19365625	-0.069190376	0.13212863	-0.34381396	0.16977982	-0.13912584	0.99999964	-0.34791496	0.15997496	-0.40459853	-0.22138347	-0.10740333	-0.3836225	0.14600353	-0.40674803	0.19144641	0.1781423
0.2662291	-0.3252747	-0.28127298	0.1780964	0.26835832	0.094896324	0.24344188	0.28752312	-0.1053475	-0.36528024	-0.2746035	-0.3081724	-0.3665752	-0.33591878	0.16508648	-0.25746813	0.26902783	-0.25977898	0.27196962	-0.34791496	0.99999964	-0.23862866	0.31543145	0.24299915	0.23940858	0.29765135	-0.23717977	0.27148896	-0.3800796	-0.32807478
-0.16359414	0.25857842	0.15266193	-0.27506965	-0.15752615	-0.15995449	-0.33406162	-0.37312722	0.12510474	0.24820893	0.29082814	0.2158446	0.18555567	0.25619593	-0.46717817	0.27343014	-0.12889263	0.0832641	-0.31655642	0.15997496	-0.23862866	0.99999964	-0.34185487	-0.32837635	-0.17614208	-0.20025896	0.221061	-0.32288828	0.25220343	0.2612236
0.23734963	-0.3247661	-0.31228736	0.16645132	0.23948343	0.06460447	0.22630581	0.27000687	-0.0702453	-0.32568726	-0.21715324	-0.23378448	-0.39294	-0.27389392	0.15123248	-0.22807235	0.2691704	-0.2813503	0.2505811	-0.40459853	0.31543145	-0.34185487	0.9999997	0.22150551	0.24038559	0.29034862	-0.27640012	0.28654188	-0.2892275	-0.25710577
0.20671293	-0.3824188	-0.07342526	0.15261869	0.23024908	0.14414233	0.27932838	0.25212392	-0.14522134	-0.27459514	-0.32492116	-0.18468492	-0.26343498	-0.35302055	0.23724805	-0.4290437	0.1151749	-0.02252199	0.26646093	-0.22138347	0.24299915	-0.32837635	0.22150551	0.9999995	0.11030956	0.22540246	-0.10973998	0.143794	-0.21042132	-0.5048303
0.2124314	-0.17311431	-0.6421055	0.14600609	0.15286109	0.07482658	0.14863549	0.22256427	-0.07359825	-0.3088395	-0.18789785	-0.3339444	-0.24983118	-0.25231612	0.07407943	-0.17869833	0.267659	-0.35020873	0.18704332	-0.10740333	0.23940858	-0.17614208	0.24038559	0.11030956	0.99999934	0.19351076	-0.16267991	0.22290944	-0.1283027	-0.1675113
0.23704286	-0.34012678	-0.1707554	0.20191838	0.26772052	-0.013124234	0.19791248	0.24711744	0.0128093315	-0.37839445	-0.26550013	-0.30957133	-0.37190983	-0.26021743	0.13086866	-0.17811632	0.25663573	-0.20954983	0.22366418	-0.3836225	0.29765135	-0.20025896	0.29034862	0.22540246	0.19351076	0.99999934	-0.3495796	0.2629896	-0.2177025	-0.39713016
-0.30411097	0.2726041	0.17627025	-0.5166269	-0.30716756	-0.016320908	-0.13088816	-0.29768172	-0.01511994	0.25791943	0.22843885	0.2832456	0.21947941	0.22283024	-0.23432043	0.17661348	-0.28699678	0.1590255	-0.29593793	0.14600353	-0.23717977	0.221061	-0.27640012	-0.10973998	-0.16267991	-0.3495796	0.9999995	-0.26746577	0.21782152	0.22693191
0.1719406	-0.25095397	-0.24109533	0.15894854	0.17419024	-0.07420059	0.13298504	0.225631	0.06807098	-0.27682906	-0.11252988	-0.32408905	-0.18311411	-0.23617283	0.09122387	-0.18127368	0.29777798	-0.40212786	0.16225544	-0.40674803	0.27148896	-0.32288828	0.28654188	0.143794	0.22290944	0.2629896	-0.26746577	0.99999946	-0.23253131	-0.15869899
-0.38856775	0.23668152	0.18832716	-0.11785957	-0.38435456	-0.21859388	-0.34018615	-0.37187773	0.15071896	0.28467074	0.2687114	0.25995973	0.2767824	0.27920675	-0.34212855	0.28632873	-0.1893224	0.05584674	-0.40013367	0.19144641	-0.3800796	0.25220343	-0.2892275	-0.21042132	-0.1283027	-0.2177025	0.21782152	-0.23253131	0.9999993	0.26261556
-0.24791585	0.29795888	0.1458757	-0.24992746	-0.31441748	-0.13433068	-0.29746318	-0.31624508	0.12467373	0.28886035	0.29385018	0.24395896	0.26352626	0.27014107	-0.26848072	0.2864869	-0.16820098	0.06817282	-0.40206656	0.1781423	-0.32807478	0.2612236	-0.25710577	-0.5048303	-0.1675113	-0.39713016	0.22693191	-0.15869899	0.26261556	0.9999993
