1.0	-0.15164089	0.19857706	0.27503318	-0.16478923	-0.44631097	0.13079134	0.07190492	0.11986068	-0.19030702	0.1100422	0.22106923	-0.36967957	0.14126945	-0.0741804	-0.16101025	0.27141458	0.25213304	-0.07319484	-0.09233253	0.043395612	-0.22971898	0.18442711	-0.2672141	-0.4008356	0.25042295	-0.2762682	-0.11339323	-0.0119499685	-0.24747658
-0.15164089	0.99999994	-0.21266784	-0.19767784	0.1353318	0.15614994	-0.3596798	-0.26679078	-0.29916996	-0.0110257715	-0.41279566	-0.2558988	0.25490177	-0.415399	0.29973722	0.28458062	-0.33849025	-0.3866698	0.26943612	0.19873576	-0.24057613	0.0013268132	-0.22968356	0.28647506	0.22499669	-0.24380518	0.27865297	0.1733797	0.1946277	0.26367435
0.19857706	-0.21266784	0.9999998	0.13875021	-0.582292	-0.22218701	0.18514247	0.020536484	0.08168469	-0.25396803	-0.017760744	0.21029016	-0.16666204	0.15060784	-0.11253296	-0.19348675	0.24343084	0.20984186	-0.15221639	-0.015282032	0.011644832	-0.2886064	0.070800565	-0.094267264	-0.16860957	0.26311857	-0.12774804	-0.068362445	0.008397944	-0.11614471
0.27503318	-0.19767784	0.13875021	0.9999998	-0.10964075	-0.4345699	0.11127984	0.17568855	0.22075768	-0.05928656	0.1507268	0.24617717	-0.41096416	0.16943315	-0.15406962	-0.21555856	0.26505968	0.2628648	-0.09750639	-0.24811566	0.16569376	-0.081946276	0.23542	-0.12699246	-0.4604842	0.22673073	-0.3305469	-0.19170852	-0.14841108	-0.37609616
-0.16478923	0.1353318	-0.582292	-0.10964075	0.9999999	0.16989669	-0.19859216	0.015565311	-0.06969422	0.093429156	0.057021894	-0.2778692	0.14063887	-0.19919436	0.09158524	0.15548708	-0.27996814	-0.22933513	0.10275472	-0.013678518	-0.016990393	0.1337732	-0.14038543	0.09329904	0.18268095	-0.43656266	0.11998763	0.106556304	0.0057623065	0.11526027
-0.44631097	0.15614994	-0.22218701	-0.4345699	0.16989669	0.9999999	-0.06269667	-0.11045029	-0.19371289	0.10796045	-0.041586544	-0.19175403	0.2735349	-0.1843159	0.08751326	0.14361224	-0.43120596	-0.33838487	0.07112455	0.116364054	-0.046758424	0.10829987	-0.34084386	0.15223998	0.24997506	-0.20835845	0.21319012	0.14208439	0.04985937	0.21137199
0.13079134	-0.3596798	0.18514247	0.11127984	-0.19859216	-0.06269667	0.9999998	0.18946137	0.12454171	-0.01468998	0.22104883	0.20232175	-0.17111245	0.28542343	-0.49500823	-0.39858228	0.23542655	0.25323588	-0.38119814	-0.07340113	0.12622592	-0.019404253	0.11687606	-0.3741206	-0.20156227	0.1997754	-0.26054627	-0.15164562	-0.053615626	-0.16565073
0.07190492	-0.26679078	0.020536484	0.17568855	0.015565311	-0.11045029	0.18946137	0.9999999	0.26341707	0.10218488	0.24856576	0.21639714	-0.32550916	0.2548793	-0.3743467	-0.31560796	0.17161539	0.22509456	-0.43315274	-0.28779882	0.25249976	0.12704067	0.1897133	-0.1903229	-0.08689757	0.066323765	-0.29767627	-0.2027485	-0.32162386	-0.37791893
0.11986068	-0.29916996	0.08168469	0.22075768	-0.06969422	-0.19371289	0.12454171	0.26341707	0.9999997	0.048854724	0.22826482	0.2401492	-0.35140824	0.21822098	-0.20726553	-0.1511201	0.19236152	0.23764063	-0.22308563	-0.52975017	0.29920524	0.03980195	0.24711773	-0.22498956	-0.17741406	0.113049254	-0.25968117	-0.23653673	-0.41842815	-0.33263263
-0.19030702	-0.0110257715	-0.25396803	-0.05928656	0.093429156	0.10796045	-0.01468998	0.10218488	0.048854724	0.99999976	0.04331406	-0.16137694	0.06354035	0.09640705	-0.002858026	-0.15212995	-0.09768883	-0.060445443	-0.20368113	-0.0027756018	0.10719906	0.30486476	0.09690255	-0.13728444	0.03191927	-0.16120793	-0.03833876	-0.34214112	-0.20453307	-0.0028021883
0.1100422	-0.41279566	-0.017760744	0.1507268	0.057021894	-0.041586544	0.22104883	0.24856576	0.22826482	0.04331406	0.9999999	0.2003991	-0.21134008	0.22942692	-0.41112402	-0.29057217	0.15725665	0.21235514	-0.24681614	-0.31221893	0.24175547	0.0026745992	0.15441908	-0.3766108	-0.20385468	0.11794496	-0.28319776	-0.059740078	-0.26340964	-0.24414366
0.22106923	-0.2558988	0.21029016	0.24617717	-0.2778692	-0.19175403	0.20232175	0.21639714	0.2401492	-0.16137694	0.2003991	0.9999999	-0.36132237	0.22011489	-0.23840882	-0.28624898	0.25685614	0.28174177	-0.23175761	-0.26392615	0.20798188	-0.09130551	0.1980647	-0.21174389	-0.2550318	0.24811797	-0.3931061	-0.072458774	-0.26729766	-0.39013162
-0.36967957	0.25490177	-0.16666204	-0.41096416	0.14063887	0.2735349	-0.17111245	-0.32550916	-0.35140824	0.06354035	-0.21134008	-0.36132237	0.9999999	-0.25893697	0.20209935	0.232323	-0.335183	-0.34547073	0.19135682	0.21304937	-0.16820759	0.038056195	-0.29616708	0.22001368	0.27114663	-0.28133398	0.29248866	0.1711328	0.18136793	0.30767646
0.14126945	-0.415399	0.15060784	0.16943315	-0.19919436	-0.1843159	0.28542343	0.2548793	0.21822098	0.09640705	0.22942692	0.22011489	-0.25893697	1.0	-0.41658002	-0.32756287	0.25352868	0.28878078	-0.39521262	-0.13580048	0.18871816	0.102036245	0.22397636	-0.39414707	-0.19084084	0.17793554	-0.33541656	-0.28821248	-0.1774654	-0.28162587
-0.0741804	0.29973722	-0.11253296	-0.15406962	0.09158524	0.08751326	-0.49500823	-0.3743467	-0.20726553	-0.002858026	-0.41112402	-0.23840882	0.20209935	-0.41658002	1.0000001	0.26463726	-0.26216227	-0.29093522	0.27615738	0.17464598	-0.20528756	-0.012029667	-0.12456733	0.2570637	0.15010172	-0.14772674	0.24542236	0.10072047	0.15650019	0.22293735
-0.16101025	0.28458062	-0.19348675	-0.21555856	0.15548708	0.14361224	-0.39858228	-0.31560796	-0.1511201	-0.15212995	-0.29057217	-0.28624898	0.232323	-0.32756287	0.26463726	1.0000001	-0.33073866	-0.29015478	0.2939556	0.10694618	-0.13882501	-0.1404682	-0.22423232	0.28077245	0.23010786	-0.28174663	0.2718562	0.23168351	0.15918005	0.24295114
0.27141458	-0.33849025	0.24343084	0.26505968	-0.27996814	-0.43120596	0.23542655	0.17161539	0.19236152	-0.09768883	0.15725665	0.25685614	-0.335183	0.25352868	-0.26216227	-0.33073866	1.0000001	0.30602443	-0.21691634	-0.12497467	0.11523222	-0.10952967	0.22637883	-0.26546177	-0.3642888	0.27655315	-0.25218782	-0.20719716	-0.13102272	-0.22407392
0.25213304	-0.3866698	0.20984186	0.2628648	-0.22933513	-0.33838487	0.25323588	0.22509456	0.23764063	-0.060445443	0.21235514	0.28174177	-0.34547073	0.28878078	-0.29093522	-0.29015478	0.30602443	1.0000001	-0.2921604	-0.23111683	0.18394178	-0.03871582	0.23623802	-0.35057548	-0.28235403	0.24605466	-0.34984723	-0.21359085	-0.124826565	-0.37132424
-0.07319484	0.26943612	-0.15221639	-0.09750639	0.10275472	0.07112455	-0.38119814	-0.43315274	-0.22308563	-0.20368113	-0.24681614	-0.23175761	0.19135682	-0.39521262	0.27615738	0.2939556	-0.21691634	-0.2921604	1.0	0.14038996	-0.23072486	-0.18411331	-0.11016747	0.26265985	0.13008583	-0.1320264	0.24243885	0.20854054	0.1865086	0.2285698
-0.09233253	0.19873576	-0.015282032	-0.24811566	-0.013678518	0.116364054	-0.07340113	-0.28779882	-0.52975017	-0.0027756018	-0.31221893	-0.26392615	0.21304937	-0.13580048	0.17464598	0.10694618	-0.12497467	-0.23111683	0.14038996	0.99999994	-0.53063065	0.020978464	-0.18783678	0.1712022	0.11579385	-0.052096695	0.22205542	0.09454625	0.26896697	0.2580988
0.043395612	-0.24057613	0.011644832	0.16569376	-0.016990393	-0.046758424	0.12622592	0.25249976	0.29920524	0.10719906	0.24175547	0.20798188	-0.16820759	0.18871816	-0.20528756	-0.13882501	0.11523222	0.18394178	-0.23072486	-0.53063065	0.99999994	0.059586164	0.20432642	-0.24164712	-0.14208236	0.057851378	-0.30488083	-0.15433563	-0.5051568	-0.33915234
-0.22971898	0.0013268132	-0.2886064	-0.081946276	0.1337732	0.10829987	-0.019404253	0.12704067	0.03980195	0.30486476	0.0026745992	-0.09130551	0.038056195	0.102036245	-0.012029667	-0.1404682	-0.10952967	-0.03871582	-0.18411331	0.020978464	0.059586164	0.99999994	0.091893874	-0.14824685	0.0781358	-0.1949334	-0.08416761	-0.31522343	-0.12921606	-0.040819753
0.18442711	-0.22968356	0.070800565	0.23542	-0.14038543	-0.34084386	0.11687606	0.1897133	0.24711773	0.09690255	0.15441908	0.1980647	-0.29616708	0.22397636	-0.12456733	-0.22423232	0.22637883	0.23623802	-0.11016747	-0.18783678	0.20432642	0.091893874	0.9999999	-0.29303777	-0.18314977	0.15144159	-0.38573062	-0.4616517	-0.36233777	-0.28817382
-0.2672141	0.28647506	-0.094267264	-0.12699246	0.09329904	0.15223998	-0.3741206	-0.1903229	-0.22498956	-0.13728444	-0.3766108	-0.21174389	0.22001368	-0.39414707	0.2570637	0.28077245	-0.26546177	-0.35057548	0.26265985	0.1712022	-0.24164712	-0.14824685	-0.29303777	0.99999994	0.19476523	-0.14035848	0.28382435	0.22222696	0.17916256	0.23335639
-0.4008356	0.22499669	-0.16860957	-0.4604842	0.18268095	0.24997506	-0.20156227	-0.08689757	-0.17741406	0.03191927	-0.20385468	-0.2550318	0.27114663	-0.19084084	0.15010172	0.23010786	-0.3642888	-0.28235403	0.13008583	0.11579385	-0.14208236	0.0781358	-0.18314977	0.19476523	0.9999999	-0.49024943	0.23267902	0.1528599	0.11918167	0.24326238
0.25042295	-0.24380518	0.26311857	0.22673073	-0.43656266	-0.20835845	0.1997754	0.066323765	0.113049254	-0.16120793	0.11794496	0.24811797	-0.28133398	0.17793554	-0.14772674	-0.28174663	0.27655315	0.24605466	-0.1320264	-0.052096695	0.057851378	-0.1949334	0.15144159	-0.14035848	-0.49024943	0.99999976	-0.1794142	-0.12072363	-0.057041064	-0.26769787
-0.2762682	0.27865297	-0.12774804	-0.3305469	0.11998763	0.21319012	-0.26054627	-0.29767627	-0.25968117	-0.03833876	-0.28319776	-0.3931061	0.29248866	-0.33541656	0.24542236	0.2718562	-0.25218782	-0.34984723	0.24243885	0.22205542	-0.30488083	-0.08416761	-0.38573062	0.28382435	0.23267902	-0.1794142	0.99999964	0.21200721	0.23275709	0.31144154
-0.11339323	0.1733797	-0.068362445	-0.19170852	0.106556304	0.14208439	-0.15164562	-0.2027485	-0.23653673	-0.34214112	-0.059740078	-0.072458774	0.1711328	-0.28821248	0.10072047	0.23168351	-0.20719716	-0.21359085	0.20854054	0.09454625	-0.15433563	-0.31522343	-0.4616517	0.22222696	0.1528599	-0.12072363	0.21200721	0.9999995	0.19537865	0.18858515
-0.0119499685	0.1946277	0.008397944	-0.14841108	0.0057623065	0.04985937	-0.053615626	-0.32162386	-0.41842815	-0.20453307	-0.26340964	-0.26729766	0.18136793	-0.1774654	0.15650019	0.15918005	-0.13102272	-0.124826565	0.1865086	0.26896697	-0.5051568	-0.12921606	-0.36233777	0.17916256	0.11918167	-0.057041064	0.23275709	0.19537865	0.99999946	0.23872235
-0.24747658	0.26367435	-0.11614471	-0.37609616	0.11526027	0.21137199	-0.16565073	-0.37791893	-0.33263263	-0.0028021883	-0.24414366	-0.39013162	0.30767646	-0.28162587	0.22293735	0.24295114	-0.22407392	-0.37132424	0.2285698	0.2580988	-0.33915234	-0.040819753	-0.28817382	0.23335639	0.24326238	-0.26769787	0.31144154	0.18858515	0.23872235	0.99999946
