0.9999999	0.169334	-0.009391906	0.045148104	0.06254592	-0.31070787	-0.44382626	-0.10327828	-0.31178883	-0.048512105	0.090568654	0.24825494	0.23806946	0.03246736	0.03703494	-0.098999254	0.10882556	-0.23919936	-0.07826527	-0.46459308	-0.018239869	0.15038653	-0.036058832	0.11001068	0.041381534	-0.3337052	0.16241042	0.17324167	0.004413215	-0.17749138
0.169334	0.9999996	0.18808098	-0.24564536	0.15877837	-0.38535663	-0.13111857	0.18115146	-0.32747456	-0.3516328	0.27616572	0.23637663	0.24759535	0.2550952	-0.32134137	-0.35022464	0.28714797	-0.25440386	0.2051716	-0.2530564	-0.29101467	0.29256526	0.24016723	-0.14941773	-0.26542786	-0.25298136	-0.1468846	-0.09997451	0.24810745	-0.1597376
-0.009391906	0.18808098	0.99999976	-0.37275603	-0.06437571	-0.039658133	0.10607347	0.14091516	-0.114906676	-0.28912616	0.21762992	-0.0009708787	0.027491663	0.26825958	-0.34718627	-0.25709558	0.25711712	-0.2537527	0.24080068	0.016737813	-0.25604314	0.20838596	0.24803676	-0.36539412	-0.45222837	0.07053742	-0.22766387	-0.2292971	0.22206242	0.06776234
0.045148104	-0.24564536	-0.37275603	0.99999964	-0.03576343	0.12175839	-0.15145104	-0.27923882	0.11443748	0.28833875	-0.26170084	-0.04907199	-0.13545676	-0.39101225	0.3118049	0.2108679	-0.34046152	0.2104774	-0.39100152	-0.056778952	0.28044945	-0.3280784	-0.28266567	0.28264523	0.27147773	0.00016133593	0.26605672	0.21724012	-0.3272736	0.027539719
0.06254592	0.15877837	-0.06437571	-0.03576343	0.9999996	-0.34042493	0.018010817	0.15272237	-0.21442331	-0.18976173	0.12395366	0.18531302	0.23930173	0.09172112	-0.11995837	-0.056672495	0.11531746	-0.17733994	0.1526452	-0.06614169	-0.02535094	0.084943935	0.084682256	-0.09016497	-0.016006792	-0.37311023	-0.12828793	-0.18837585	0.16813762	-0.5518769
-0.31070787	-0.38535663	-0.039658133	0.12175839	-0.34042493	0.99999976	0.15418333	-0.1468187	0.26867962	0.22810037	-0.36020243	-0.25780472	-0.39573377	-0.20756775	0.15164374	0.21633781	-0.26399508	0.26707712	-0.11799806	0.22872101	0.14984614	-0.27579242	-0.19559135	0.040602643	0.09183426	0.2724145	0.06526286	0.021848598	-0.22743894	0.24680646
-0.44382626	-0.13111857	0.10607347	-0.15145104	0.018010817	0.15418333	0.9999997	0.101754285	0.19874358	-0.019988801	-0.07379464	-0.30836958	-0.17488071	0.0054716635	-0.18240248	0.086874634	0.0018218437	0.09028218	0.14626989	0.29388762	-0.119492106	-0.08534183	0.07359902	-0.28604394	-0.14249983	0.19499962	-0.24263272	-0.28133592	0.09703943	0.074198164
-0.10327828	0.18115146	0.14091516	-0.27923882	0.15272237	-0.1468187	0.101754285	0.9999997	-0.06401687	-0.2905209	0.14877625	0.06919201	0.101641394	0.12258518	-0.303784	-0.045532655	0.13936606	-0.045919627	0.25348553	0.042008597	-0.37736928	0.1815044	0.15079215	-0.15702243	-0.11554342	-0.14715981	-0.40520394	-0.48645672	0.27416793	-0.09215836
-0.31178883	-0.32747456	-0.114906676	0.11443748	-0.21442331	0.26867962	0.19874358	-0.06401687	0.9999998	0.16733906	-0.14024234	-0.501562	-0.32392612	-0.18776561	0.12914447	0.21365221	-0.21704313	0.22355874	-0.057418298	0.2531423	0.14217936	-0.3443089	-0.24076842	-0.017069077	0.12809473	0.26117828	-0.011254098	-0.060888954	-0.17703295	0.2117742
-0.048512105	-0.3516328	-0.28912616	0.28833875	-0.18976173	0.22810037	-0.019988801	-0.2905209	0.16733906	0.9999999	-0.36290094	-0.1557094	-0.2291048	-0.46310684	0.27545595	0.2569299	-0.3845797	0.25817594	-0.3436421	0.0421033	0.23358543	-0.21996702	-0.22758995	0.25188738	0.22515388	0.12881266	0.23928158	0.17540067	-0.3349192	0.14053111
0.090568654	0.27616572	0.21762992	-0.26170084	0.12395366	-0.36020243	-0.07379464	0.14877625	-0.14024234	-0.36290094	0.99999994	0.14971085	0.19270983	0.2904375	-0.25952595	-0.45871508	0.30017385	-0.45782802	0.24574512	-0.13073549	-0.1868694	0.21832341	0.23065007	-0.24646136	-0.21301843	-0.10866836	-0.21262133	-0.15013549	0.24703415	-0.10841273
0.24825494	0.23637663	-0.0009708787	-0.04907199	0.18531302	-0.25780472	-0.30836958	0.06919201	-0.501562	-0.1557094	0.14971085	1.0000001	0.2840513	0.113166675	-0.052428644	-0.23201439	0.15502736	-0.17117743	0.05212938	-0.29481485	-0.14580734	0.21003471	0.10331186	0.04103396	-0.10679591	-0.41252202	0.04259927	0.069661066	0.09662619	-0.36740088
0.23806946	0.24759535	0.027491663	-0.13545676	0.23930173	-0.39573377	-0.17488071	0.101641394	-0.32392612	-0.2291048	0.19270983	0.2840513	1.0000001	0.16129376	-0.1061862	-0.19212535	0.20820038	-0.32263678	0.124854825	-0.31464747	-0.18181717	0.22053252	0.10969009	-0.035691436	-0.042387616	-0.3915125	-0.026662769	0.018202515	0.17239399	-0.47321537
0.03246736	0.2550952	0.26825958	-0.39101225	0.09172112	-0.20756775	0.0054716635	0.12258518	-0.18776561	-0.46310684	0.2904375	0.113166675	0.16129376	1.0000001	-0.27649903	-0.3841698	0.3077915	-0.3364036	0.2525846	-0.056041896	-0.14760864	0.20407426	0.24671748	-0.37348482	-0.3274519	-0.07271602	-0.20303257	-0.089295626	0.2369927	-0.07245479
0.03703494	-0.32134137	-0.34718627	0.3118049	-0.11995837	0.15164374	-0.18240248	-0.303784	0.12914447	0.27545595	-0.25952595	-0.052428644	-0.1061862	-0.27649903	1.0000002	0.20822774	-0.33257884	0.20545538	-0.33307213	-0.029911973	0.2805043	-0.3410342	-0.3929688	0.2538312	0.28126776	0.033556122	0.27605444	0.23410356	-0.3470275	0.06788025
-0.098999254	-0.35022464	-0.25709558	0.2108679	-0.056672495	0.21633781	0.086874634	-0.045532655	0.21365221	0.2569299	-0.45871508	-0.23201439	-0.19212535	-0.3841698	0.20822774	1.0000002	-0.35906762	0.28174692	-0.26132837	0.13762796	0.15409155	-0.17797948	-0.3930358	0.15482247	0.23767634	0.102890484	0.11269611	0.034759536	-0.19728115	0.055092335
0.10882556	0.28714797	0.25711712	-0.34046152	0.11531746	-0.26399508	0.0018218437	0.13936606	-0.21704313	-0.3845797	0.30017385	0.15502736	0.20820038	0.3077915	-0.33257884	-0.35906762	1.0000002	-0.4337203	0.25455585	-0.15336695	-0.25946116	0.25984943	0.2535435	-0.2938803	-0.3040367	-0.13047814	-0.22962646	-0.077407785	0.26327616	-0.13225958
-0.23919936	-0.25440386	-0.2537527	0.2104774	-0.17733994	0.26707712	0.09028218	-0.045919627	0.22355874	0.25817594	-0.45782802	-0.17117743	-0.32263678	-0.3364036	0.20545538	0.28174692	-0.4337203	1.0000004	-0.24380377	0.19266857	0.1613409	-0.27277583	-0.22926053	0.15333888	0.18597941	0.15948543	0.080289885	0.03568881	-0.23067313	0.16337968
-0.07826527	0.2051716	0.24080068	-0.39100152	0.1526452	-0.11799806	0.14626989	0.25348553	-0.057418298	-0.3436421	0.24574512	0.05212938	0.124854825	0.2525846	-0.33307213	-0.26132837	0.25455585	-0.24380377	1.0000004	0.05656156	-0.34424812	0.19098268	0.21925251	-0.39163598	-0.21510914	-0.07555082	-0.35455105	-0.3520319	0.30941695	-0.14476831
-0.46459308	-0.2530564	0.016737813	-0.056778952	-0.06614169	0.22872101	0.29388762	0.042008597	0.2531423	0.0421033	-0.13073549	-0.29481485	-0.31464747	-0.056041896	-0.029911973	0.13762796	-0.15336695	0.19266857	0.05656156	1.0000004	0.0125928195	-0.21910536	0.0061516147	-0.1417904	-0.03960144	0.2503812	-0.22993946	-0.22540423	-0.014854677	0.15824403
-0.018239869	-0.29101467	-0.25604314	0.28044945	-0.02535094	0.14984614	-0.119492106	-0.37736928	0.14217936	0.23358543	-0.1868694	-0.14580734	-0.18181717	-0.14760864	0.2805043	0.15409155	-0.25946116	0.1613409	-0.34424812	0.0125928195	1.0000002	-0.46780008	-0.17552465	0.21259949	0.20046753	0.063165605	0.22706842	0.20928305	-0.39661485	0.0661267
0.15038653	0.29256526	0.20838596	-0.3280784	0.084943935	-0.27579242	-0.08534183	0.1815044	-0.3443089	-0.21996702	0.21832341	0.21003471	0.22053252	0.20407426	-0.3410342	-0.17797948	0.25984943	-0.27277583	0.19098268	-0.21910536	-0.46780008	1.0000004	0.21779005	-0.13564505	-0.29594544	-0.19549036	-0.10570611	-0.09413702	0.23890135	-0.11912755
-0.036058832	0.24016723	0.24803676	-0.28266567	0.084682256	-0.19559135	0.07359902	0.15079215	-0.24076842	-0.22758995	0.23065007	0.10331186	0.10969009	0.24671748	-0.3929688	-0.3930358	0.2535435	-0.22926053	0.21925251	0.0061516147	-0.17552465	0.21779005	1.0000002	-0.1233542	-0.5292898	-0.08249992	-0.28885773	-0.15182184	0.21070935	-0.045756947
0.11001068	-0.14941773	-0.36539412	0.28264523	-0.09016497	0.040602643	-0.28604394	-0.15702243	-0.017069077	0.25188738	-0.24646136	0.04103396	-0.035691436	-0.37348482	0.2538312	0.15482247	-0.2938803	0.15333888	-0.39163598	-0.1417904	0.21259949	-0.13564505	-0.1233542	1.0000002	0.21120664	-0.047408536	0.26571786	0.2338573	-0.35781953	0.00078411726
0.041381534	-0.26542786	-0.45222837	0.27147773	-0.016006792	0.09183426	-0.14249983	-0.11554342	0.12809473	0.22515388	-0.21301843	-0.10679591	-0.042387616	-0.3274519	0.28126776	0.23767634	-0.3040367	0.18597941	-0.21510914	-0.03960144	0.20046753	-0.29594544	-0.5292898	0.21120664	1.0000002	0.03136158	0.1935311	0.14316699	-0.16958266	-0.007629093
-0.3337052	-0.25298136	0.07053742	0.00016133593	-0.37311023	0.2724145	0.19499962	-0.14715981	0.26117828	0.12881266	-0.10866836	-0.41252202	-0.3915125	-0.07271602	0.033556122	0.102890484	-0.13047814	0.15948543	-0.07555082	0.2503812	0.063165605	-0.19549036	-0.08249992	-0.047408536	0.03136158	1.0000002	-0.05383356	-0.070289955	-0.10401852	0.28305045
0.16241042	-0.1468846	-0.22766387	0.26605672	-0.12828793	0.06526286	-0.24263272	-0.40520394	-0.011254098	0.23928158	-0.21262133	0.04259927	-0.026662769	-0.20303257	0.27605444	0.11269611	-0.22962646	0.080289885	-0.35455105	-0.22993946	0.22706842	-0.10570611	-0.28885773	0.26571786	0.1935311	-0.05383356	1.0000001	0.30149412	-0.38559645	0.019931762
0.17324167	-0.09997451	-0.2292971	0.21724012	-0.18837585	0.021848598	-0.28133592	-0.48645672	-0.060888954	0.17540067	-0.15013549	0.069661066	0.018202515	-0.089295626	0.23410356	0.034759536	-0.077407785	0.03568881	-0.3520319	-0.22540423	0.20928305	-0.09413702	-0.15182184	0.2338573	0.14316699	-0.070289955	0.30149412	1.0	-0.3497018	0.038648702
0.004413215	0.24810745	0.22206242	-0.3272736	0.16813762	-0.22743894	0.09703943	0.27416793	-0.17703295	-0.3349192	0.24703415	0.09662619	0.17239399	0.2369927	-0.3470275	-0.19728115	0.26327616	-0.23067313	0.30941695	-0.014854677	-0.39661485	0.23890135	0.21070935	-0.35781953	-0.16958266	-0.10401852	-0.38559645	-0.3497018	1.0000001	-0.16940968
-0.17749138	-0.1597376	0.06776234	0.027539719	-0.5518769	0.24680646	0.074198164	-0.09215836	0.2117742	0.14053111	-0.10841273	-0.36740088	-0.47321537	-0.07245479	0.06788025	0.055092335	-0.13225958	0.16337968	-0.14476831	0.15824403	0.0661267	-0.11912755	-0.045756947	0.00078411726	-0.007629093	0.28305045	0.019931762	0.038648702	-0.16940968	1.0000001
