1.0000001	-0.0014455775	0.21017286	-0.23679028	0.24671516	-0.32440627	-0.37282425	0.11575308	-0.21590257	-0.12619989	-0.19675794	-0.21016388	0.0923886	0.112423666	0.19986549	-0.1503808	-0.40474343	0.24587743	0.15541963	0.036244567	-0.31055722	0.20643	-0.14312811	0.19635238	0.18345226	-0.16432787	0.19241092	0.17357783	-0.1597313	-0.3496789
-0.0014455775	1.0	-0.12613633	-0.2874149	-0.075856246	-0.1410057	0.056377348	0.24259457	0.034444965	-0.13466768	-0.14177829	-0.1674089	0.21792832	-0.12674083	-0.11421851	0.17836079	0.0466311	0.14381555	0.10223598	-0.4910929	-0.09114408	-0.12204233	0.21470678	0.03261702	0.17941518	-0.29647365	-0.08634284	0.20869087	-0.087794624	-0.16620319
0.21017286	-0.12613633	1.0	-0.0533936	0.24560557	-0.29403487	-0.3317393	-0.002467929	-0.37906253	-0.28163093	-0.051829465	-0.061059777	-0.008068261	0.25425193	0.15884751	-0.20654157	-0.39699805	0.14872895	0.15037854	0.18130897	-0.18806507	0.29650894	-0.43667123	0.106602415	0.06623928	-0.049632296	0.27364093	-0.0596225	-0.14539976	-0.019883703
-0.23679028	-0.2874149	-0.0533936	0.9999999	-0.0018666208	0.20653898	0.07835653	-0.2553772	0.07908404	0.1977327	0.27373764	0.15681754	-0.35537726	0.03077515	0.061359607	-0.21656299	0.07796192	-0.37399843	-0.3989215	0.14490314	0.10069603	-0.13366939	-0.02749462	-0.065739684	-0.19384329	0.22340408	0.013868131	-0.26678827	0.06383932	0.15822844
0.24671516	-0.075856246	0.24560557	-0.0018666208	0.9999997	-0.26689383	-0.29599974	0.097395934	-0.34368074	-0.09750703	0.04098051	-0.19593644	-0.046156626	0.21983236	0.27188817	-0.28885823	-0.39746764	0.17424333	0.035034157	0.06690324	-0.391108	0.19087398	-0.22230333	0.24628921	0.15345345	-0.11735871	0.27388725	0.047842417	-0.35673913	-0.21314101
-0.32440627	-0.1410057	-0.29403487	0.20653898	-0.26689383	0.9999995	0.24073479	-0.2470446	0.2558461	0.26268822	0.18659554	0.16409011	-0.23810987	-0.24477239	-0.08014159	-0.0049681966	0.23165162	-0.2325176	-0.39659476	0.013830521	0.18563393	-0.27622676	0.11989227	-0.09950137	-0.17837921	0.19495237	-0.2673708	-0.083644785	0.20022725	0.112984546
-0.37282425	0.056377348	-0.3317393	0.07835653	-0.29599974	0.24073479	0.99999934	-0.035162445	0.31247735	0.19439887	0.045010395	0.1177458	-0.08498963	-0.44742307	-0.19336003	0.16365138	0.26735607	-0.26296067	-0.1319086	-0.09708307	0.21408246	-0.30315667	0.20915161	-0.2627828	-0.1795997	0.104445755	-0.34103528	-0.037637934	0.25446498	0.11947485
0.11575308	0.24259457	-0.002467929	-0.2553772	0.097395934	-0.2470446	-0.035162445	0.99999905	-0.105559625	-0.08163298	-0.06431964	-0.45697227	0.14165448	-0.0041313376	0.0731427	0.05981672	-0.054513242	0.20804575	0.06330558	-0.31123316	-0.3042719	0.00505285	0.11739415	0.10834459	0.2834214	-0.49014252	-4.39098e-5	0.20724745	-0.10651769	-0.20372193
-0.21590257	0.034444965	-0.37906253	0.07908404	-0.34368074	0.2558461	0.31247735	-0.105559625	0.9999991	0.22258455	0.044925462	0.14703907	-0.074563295	-0.46996176	-0.20339188	0.14876013	0.26436207	-0.2287077	-0.14936729	-0.114367165	0.22594687	-0.32882628	0.21796471	-0.21923378	-0.20699738	0.120791584	-0.34830377	-0.038909473	0.25627103	0.09640651
-0.12619989	-0.13466768	-0.28163093	0.1977327	-0.09750703	0.26268822	0.19439887	-0.08163298	0.22258455	0.99999905	0.2180578	0.15160963	-0.37077516	-0.18069886	-0.0130664045	-0.07462927	0.15334581	-0.27425867	-0.32967505	-0.016096398	0.10429116	-0.39597973	0.14247647	0.00197288	-0.25633058	0.13798307	-0.28185293	-0.07512766	0.15170252	0.05136268
-0.19675794	-0.14177829	-0.051829465	0.27373764	0.04098051	0.18659554	0.045010395	-0.06431964	0.044925462	0.2180578	0.9999989	0.09021731	-0.53077227	0.015393782	0.08318953	-0.13470832	0.058331795	-0.26621526	-0.41798773	0.06287684	-0.026835833	-0.16679963	-0.004193878	0.04475455	-0.09492131	0.10570452	-0.053179253	-0.2741697	0.053736765	0.10102247
-0.21016388	-0.1674089	-0.061059777	0.15681754	-0.19593644	0.16409011	0.1177458	-0.45697227	0.14703907	0.15160963	0.09021731	0.999999	-0.20003939	-0.05760398	-0.12954485	0.036317147	0.110936955	-0.2587789	-0.017494071	0.15815553	0.24906693	-0.13111906	-0.033169884	-0.12107117	-0.549936	0.25886813	-0.07787776	-0.32150158	0.1273657	0.22150385
0.0923886	0.21792832	-0.008068261	-0.35537726	-0.046156626	-0.23810987	-0.08498963	0.14165448	-0.074563295	-0.37077516	-0.53077227	-0.20003939	0.99999905	-0.005929409	-0.06448071	0.14328553	-0.0002826715	0.22315498	0.23099764	-0.2018463	-0.020311618	0.10556522	0.053611416	-0.009131412	0.16625848	-0.14354244	0.04177019	0.19351406	-0.13452935	-0.12122173
0.112423666	-0.12674083	0.25425193	0.03077515	0.21983236	-0.24477239	-0.44742307	-0.0041313376	-0.46996176	-0.18069886	0.015393782	-0.05760398	-0.005929409	0.999999	0.08517983	-0.13711987	-0.16928068	0.089115374	0.09807343	0.15002874	-0.1010858	0.21369247	-0.28860107	0.11241845	0.0650515	-0.03802598	0.26281142	-0.15165731	-0.33369327	0.0477243
0.19986549	-0.11421851	0.15884751	0.061359607	0.27188817	-0.08014159	-0.19336003	0.0731427	-0.20339188	-0.0130664045	0.08318953	-0.12954485	-0.06448071	0.08517983	0.9999991	-0.4878432	-0.3513673	0.10119106	-0.12853275	-2.7577678e-5	-0.33069903	0.09152854	-0.08339053	0.28815293	0.092784315	-0.09634129	0.20366514	0.104021974	-0.24978937	-0.2885429
-0.1503808	0.17836079	-0.20654157	-0.21656299	-0.28885823	-0.0049681966	0.16365138	0.05981672	0.14876013	-0.07462927	-0.13470832	0.036317147	0.14328553	-0.13711987	-0.4878432	0.99999917	0.20373887	-0.0023881274	0.1422272	-0.11098694	0.16274145	-0.06536047	0.1289315	-0.38791013	0.009003557	-0.087522484	-0.29043734	0.008864979	0.16542774	0.09516253
-0.40474343	0.0466311	-0.39699805	0.07796192	-0.39746764	0.23165162	0.26735607	-0.054513242	0.26436207	0.15334581	0.058331795	0.110936955	-0.0002826715	-0.16928068	-0.3513673	0.20373887	0.99999917	-0.17378397	-0.1662415	-0.15384558	0.24111085	-0.2920247	0.21306717	-0.23837768	-0.11470028	0.08973425	-0.32247818	-0.08604385	0.20428827	0.15970619
0.24587743	0.14381555	0.14872895	-0.37399843	0.17424333	-0.2325176	-0.26296067	0.20804575	-0.2287077	-0.27425867	-0.26621526	-0.2587789	0.22315498	0.089115374	0.10119106	-0.0023881274	-0.17378397	0.9999993	0.20365487	-0.12846424	-0.27339366	0.17772707	-0.055579156	0.17719214	0.2596456	-0.35634187	0.14496952	0.1998042	-0.32678628	-0.28292787
0.15541963	0.10223598	0.15037854	-0.3989215	0.035034157	-0.39659476	-0.1319086	0.06330558	-0.14936729	-0.32967505	-0.41798773	-0.017494071	0.23099764	0.09807343	-0.12853275	0.1422272	-0.1662415	0.20365487	0.9999992	0.0062190373	-0.00045706698	0.17854224	-0.082557134	-0.07501831	0.10967723	-0.19733632	0.0735818	0.04647406	-0.072665684	-0.030994339
0.036244567	-0.4910929	0.18130897	0.14490314	0.06690324	0.013830521	-0.09708307	-0.31123316	-0.114367165	-0.016096398	0.06287684	0.15815553	-0.2018463	0.15002874	-2.7577678e-5	-0.11098694	-0.15384558	-0.12846424	0.0062190373	0.9999993	0.08192188	0.17202318	-0.41169485	-0.13493814	-0.1736676	0.20738146	0.12871593	-0.24936987	0.058770105	0.12549281
-0.31055722	-0.09114408	-0.18806507	0.10069603	-0.391108	0.18563393	0.21408246	-0.3042719	0.22594687	0.10429116	-0.026835833	0.24906693	-0.020311618	-0.1010858	-0.33069903	0.16274145	0.24111085	-0.27339366	-0.00045706698	0.08192188	0.9999991	-0.16593681	0.04236755	-0.3255372	-0.28797773	0.20468794	-0.2460906	-0.24492547	0.23780002	0.2581164
0.20643	-0.12204233	0.29650894	-0.13366939	0.19087398	-0.27622676	-0.30315667	0.00505285	-0.32882628	-0.39597973	-0.16679963	-0.13111906	0.10556522	0.21369247	0.09152854	-0.06536047	-0.2920247	0.17772707	0.17854224	0.17202318	-0.16593681	0.99999905	-0.44331315	0.018104084	0.10825398	-0.027482808	0.23933618	-0.009917569	-0.09259948	-0.04910403
-0.14312811	0.21470678	-0.43667123	-0.02749462	-0.22230333	0.11989227	0.20915161	0.11739415	0.21796471	0.14247647	-0.004193878	-0.033169884	0.053611416	-0.28860107	-0.08339053	0.1289315	0.21306717	-0.055579156	-0.082557134	-0.41169485	0.04236755	-0.44331315	0.99999917	0.0067887935	0.036221545	-0.112552166	-0.30014545	0.113409355	0.050911576	-0.022056507
0.19635238	0.03261702	0.106602415	-0.065739684	0.24628921	-0.09950137	-0.2627828	0.10834459	-0.21923378	0.00197288	0.04475455	-0.12107117	-0.009131412	0.11241845	0.28815293	-0.38791013	-0.23837768	0.17719214	-0.07501831	-0.13493814	-0.3255372	0.018104084	0.0067887935	0.9999993	0.1357912	-0.15400073	0.16675049	0.15137157	-0.3812843	-0.31892622
0.18345226	0.17941518	0.06623928	-0.19384329	0.15345345	-0.17837921	-0.1795997	0.2834214	-0.20699738	-0.25633058	-0.09492131	-0.549936	0.16625848	0.0650515	0.092784315	0.009003557	-0.11470028	0.2596456	0.10967723	-0.1736676	-0.28797773	0.10825398	0.036221545	0.1357912	0.99999917	-0.49024078	0.07058099	0.18584993	-0.16823152	-0.21021347
-0.16432787	-0.29647365	-0.049632296	0.22340408	-0.11735871	0.19495237	0.104445755	-0.49014252	0.120791584	0.13798307	0.10570452	0.25886813	-0.14354244	-0.03802598	-0.09634129	-0.087522484	0.08973425	-0.35634187	-0.19733632	0.20738146	0.20468794	-0.027482808	-0.112552166	-0.15400073	-0.49024078	0.9999991	-0.0046015265	-0.13950093	0.14628194	0.17124848
0.19241092	-0.08634284	0.27364093	0.013868131	0.27388725	-0.2673708	-0.34103528	-4.39098e-5	-0.34830377	-0.28185293	-0.053179253	-0.07787776	0.04177019	0.26281142	0.20366514	-0.29043734	-0.32247818	0.14496952	0.0735818	0.12871593	-0.2460906	0.23933618	-0.30014545	0.16675049	0.07058099	-0.0046015265	0.999999	0.023822794	-0.41864714	-0.071335934
0.17357783	0.20869087	-0.0596225	-0.26678827	0.047842417	-0.083644785	-0.037637934	0.20724745	-0.038909473	-0.07512766	-0.2741697	-0.32150158	0.19351406	-0.15165731	0.104021974	0.008864979	-0.08604385	0.1998042	0.04647406	-0.24936987	-0.24492547	-0.009917569	0.113409355	0.15137157	0.18584993	-0.13950093	0.023822794	0.99999887	-0.0959048	-0.52971154
-0.1597313	-0.087794624	-0.14539976	0.06383932	-0.35673913	0.20022725	0.25446498	-0.10651769	0.25627103	0.15170252	0.053736765	0.1273657	-0.13452935	-0.33369327	-0.24978937	0.16542774	0.20428827	-0.32678628	-0.072665684	0.058770105	0.23780002	-0.09259948	0.050911576	-0.3812843	-0.16823152	0.14628194	-0.41864714	-0.0959048	0.99999887	0.15928301
-0.3496789	-0.16620319	-0.019883703	0.15822844	-0.21314101	0.112984546	0.11947485	-0.20372193	0.09640651	0.05136268	0.10102247	0.22150385	-0.12122173	0.0477243	-0.2885429	0.09516253	0.15970619	-0.28292787	-0.030994339	0.12549281	0.2581164	-0.04910403	-0.022056507	-0.31892622	-0.21021347	0.17124848	-0.071335934	-0.52971154	0.15928301	0.99999887
