1.0	-0.021957893	-0.09766096	-0.16543329	0.21422914	0.18524824	0.04399275	0.07416726	-0.5782626	-0.14755754	0.14160068	0.06216021	0.10764521	-0.18127546	0.09221992	0.12574661	0.06272572	0.16241361	-0.07235903	-0.047537733	0.049739253	-0.4440271	-0.04284381	-0.12926635	-0.19682044	-0.080847114	-0.0261012	-0.012865781	0.07914723	-0.15617627
-0.021957893	0.9999999	-0.35556754	-0.24538605	-0.16999422	-0.332764	-0.2660305	0.20892338	0.060729098	-0.24380194	0.24886736	0.2329101	-0.14686121	-0.15179478	-0.3558326	0.26634064	0.19675526	0.18608205	0.028314307	-0.29520047	-0.07665858	0.12655076	0.24727865	-0.02864638	-0.2120451	-0.40308765	0.2186759	0.302937	-0.27992868	0.2612329
-0.09766096	-0.35556754	0.9999999	0.27172264	0.12942679	0.14651519	0.1386925	-0.106562994	0.0078042457	0.30182418	-0.39933163	-0.1733613	0.014721251	0.045836035	0.127631	-0.4356808	-0.12526855	-0.3562986	0.122312896	0.2785024	-0.078678854	-0.077031165	-0.33135438	0.13631251	0.2781316	0.23699339	-0.2511594	-0.3766056	0.27069905	-0.34251592
-0.16543329	-0.24538605	0.27172264	0.9999995	0.067126155	0.04992258	0.024613459	-0.13954467	0.051628243	0.29305115	-0.44972777	-0.2152579	-0.035578854	0.103719756	0.02089625	-0.2893559	-0.10563818	-0.24205832	0.1441757	0.26553926	-0.083867	-0.00507181	-0.3884932	0.16151142	0.25990686	0.20797153	-0.38077328	-0.25756678	0.23063628	-0.14863728
0.21422914	-0.16999422	0.12942679	0.067126155	0.99999934	0.22769625	0.030002732	0.057805974	-0.3121239	0.04134378	-0.12500359	0.051596396	0.07142299	-0.23171677	0.1501362	-0.04180692	0.055490255	0.008784575	-0.07493531	0.13050738	0.050905224	-0.48579437	-0.17609614	-0.017040692	0.043394376	0.02818455	-0.29493248	-0.2524375	0.22211345	-0.39823535
0.18524824	-0.332764	0.14651519	0.04992258	0.22769625	0.9999992	0.22026709	-0.23967063	-0.3014033	0.062382646	-0.12762415	-0.15021265	0.23118488	0.0463722	0.25048345	-0.11027454	-0.15047126	-0.018893193	-0.19142263	0.16426428	0.14465949	-0.33250505	-0.22215989	-0.15958971	0.0327519	0.18236528	-0.17098722	-0.32876447	0.15704145	-0.26436576
0.04399275	-0.2660305	0.1386925	0.024613459	0.030002732	0.22026709	0.99999917	-0.29522443	-0.056092788	0.06542601	-0.073468015	-0.28417876	0.24596767	0.1757286	0.24392883	-0.19036411	-0.52904844	-0.12337908	-0.21001959	0.14019917	0.10492836	-0.059614908	-0.1798297	-0.10259168	0.03279518	0.22971502	0.011353911	-0.207796	0.070819676	-0.2007462
0.07416726	0.20892338	-0.106562994	-0.13954467	0.057805974	-0.23967063	-0.29522443	0.9999991	-0.12138699	-0.14347261	0.15860495	0.3029908	-0.2999881	-0.5316136	-0.19627014	0.14248386	0.28898075	0.079571955	0.11978762	-0.14232054	-0.15268202	-0.059549313	0.08766919	0.101983115	-0.04746541	-0.38126287	0.050091263	0.1434637	-0.023110073	0.06363318
-0.5782626	0.060729098	0.0078042457	0.051628243	-0.3121239	-0.3014033	-0.056092788	-0.12138699	0.99999905	0.06435193	-0.092454694	-0.06949499	-0.11611588	0.16666228	-0.04917361	-0.08159656	-0.10673444	-0.15261102	-0.0051063234	-0.009138352	0.018695308	0.27587578	0.07621801	0.02809461	0.07493212	0.0647449	0.09768712	0.07293418	-0.18201716	0.17337929
-0.14755754	-0.24380194	0.30182418	0.29305115	0.04134378	0.062382646	0.06542601	-0.14347261	0.06435193	0.9999989	-0.41935042	-0.18427145	-0.051478155	0.102519974	0.058340218	-0.39287904	-0.0865154	-0.40804732	0.17239194	0.24672778	-0.19167581	0.029089607	-0.26362723	0.1943936	0.30747592	0.19881302	-0.28102022	-0.3657842	0.23560616	-0.19421445
0.14160068	0.24886736	-0.39933163	-0.44972777	-0.12500359	-0.12762415	-0.073468015	0.15860495	-0.092454694	-0.41935042	0.999999	0.1803699	-0.0484117	-0.1114769	-0.08047084	0.28496942	0.11763029	0.23617445	-0.07714643	-0.26211977	0.021036727	-0.0046375836	0.23267	-0.07918822	-0.3701541	-0.37103528	0.22650504	0.26237556	-0.20439051	0.18522398
0.06216021	0.2329101	-0.1733613	-0.2152579	0.051596396	-0.15021265	-0.28417876	0.3029908	-0.06949499	-0.18427145	0.1803699	0.999999	-0.35959086	-0.46898597	-0.2828798	0.18148006	0.27678773	0.14961044	0.053799983	-0.17301805	-0.08869037	-0.06153219	0.111011446	0.056169033	-0.11701161	-0.32339385	0.12635519	0.18308963	-0.11404649	0.097633235
0.10764521	-0.14686121	0.014721251	-0.035578854	0.07142299	0.23118488	0.24596767	-0.2999881	-0.11611588	-0.051478155	-0.0484117	-0.35959086	0.999999	0.1598776	0.22662082	0.004264389	-0.3707173	0.061991017	-0.2569592	0.09212261	0.23348606	-0.07487317	-0.046526246	-0.32784367	-0.09735399	0.16256495	-0.123189874	-0.13210274	0.032966424	-0.15720536
-0.18127546	-0.15179478	0.045836035	0.103719756	-0.23171677	0.0463722	0.1757286	-0.5316136	0.16666228	0.102519974	-0.1114769	-0.46898597	0.1598776	0.999999	0.067049965	-0.106058255	-0.3323476	-0.13730437	-0.056339346	0.07005511	0.063310586	0.1696137	-0.003060371	-0.038153533	0.056517147	0.20757237	-0.00861195	-0.063248254	-0.0648371	0.052020177
0.09221992	-0.3558326	0.127631	0.02089625	0.1501362	0.25048345	0.24392883	-0.19627014	-0.04917361	0.058340218	-0.08047084	-0.2828798	0.22662082	0.067049965	0.9999991	-0.17175668	-0.19494113	-0.07864265	-0.34513602	0.09352094	0.1784483	-0.22955374	-0.08203881	-0.21283586	0.02952069	0.20285463	-0.12596607	-0.24581823	0.11979147	-0.21008158
0.12574661	0.26634064	-0.4356808	-0.2893559	-0.04180692	-0.11027454	-0.19036411	0.14248386	-0.08159656	-0.39287904	0.28496942	0.18148006	0.004264389	-0.106058255	-0.17175668	0.99999905	0.12821475	0.28036627	-0.19065875	-0.22917277	0.09153965	-0.011847411	0.22840106	-0.14292346	-0.33100948	-0.38354182	0.19877343	0.26757976	-0.29283625	0.20165198
0.06272572	0.19675526	-0.12526855	-0.10563818	0.055490255	-0.15047126	-0.52904844	0.28898075	-0.10673444	-0.0865154	0.11763029	0.27678773	-0.3707173	-0.3323476	-0.19494113	0.12821475	0.99999917	0.098346576	0.13859461	-0.22068024	-0.17650919	-0.032179598	0.12155445	0.09508358	-0.046240978	-0.32491913	0.0011153668	0.14781763	-0.02317942	0.0963412
0.16241361	0.18608205	-0.3562986	-0.24205832	0.008784575	-0.018893193	-0.12337908	0.079571955	-0.15261102	-0.40804732	0.23617445	0.14961044	0.061991017	-0.13730437	-0.07864265	0.28036627	0.098346576	0.9999993	-0.25959545	-0.26292622	0.18835595	-0.020925658	0.19225688	-0.28754598	-0.47944516	-0.12802428	0.18269622	0.22627814	-0.24549462	0.14830382
-0.07235903	0.028314307	0.122312896	0.1441757	-0.07493531	-0.19142263	-0.21001959	0.11978762	-0.0051063234	0.17239194	-0.07714643	0.053799983	-0.2569592	-0.056339346	-0.34513602	-0.19065875	0.13859461	-0.25959545	0.99999917	0.09177208	-0.42472172	0.05584911	-0.10119086	0.29741377	0.20442352	-0.0591164	-0.13901195	-0.06318384	0.14795312	-0.049845677
-0.047537733	-0.29520047	0.2785024	0.26553926	0.13050738	0.16426428	0.14019917	-0.14232054	-0.009138352	0.24672778	-0.26211977	-0.17301805	0.09212261	0.07005511	0.09352094	-0.22917277	-0.22068024	-0.26292622	0.09177208	0.9999991	0.0064561036	-0.063017696	-0.56517124	0.08154679	0.1907445	0.21612307	-0.35136613	-0.35885754	0.25369698	-0.34122664
0.049739253	-0.07665858	-0.078678854	-0.083867	0.050905224	0.14465949	0.10492836	-0.15268202	0.018695308	-0.19167581	0.021036727	-0.08869037	0.23348606	0.063310586	0.1784483	0.09153965	-0.17650919	0.18835595	-0.42472172	0.0064561036	0.99999887	-0.07118135	0.056187738	-0.57120425	-0.29351342	0.10393637	0.027304176	3.113214e-5	-0.16367275	0.034056954
-0.4440271	0.12655076	-0.077031165	-0.00507181	-0.48579437	-0.33250505	-0.059614908	-0.059549313	0.27587578	0.029089607	-0.0046375836	-0.06153219	-0.07487317	0.1696137	-0.22955374	-0.011847411	-0.032179598	-0.020925658	0.05584911	-0.063017696	-0.07118135	0.9999988	0.1189655	0.041327037	-0.044005163	-0.025583223	0.14277412	0.14615257	-0.23163396	0.2284133
-0.04284381	0.24727865	-0.33135438	-0.3884932	-0.17609614	-0.22215989	-0.1798297	0.08766919	0.07621801	-0.26362723	0.23267	0.111011446	-0.046526246	-0.003060371	-0.08203881	0.22840106	0.12155445	0.19225688	-0.10119086	-0.56517124	0.056187738	0.1189655	0.9999989	-0.13716649	-0.17041032	-0.20929153	0.2582731	0.2789683	-0.3595028	0.26934987
-0.12926635	-0.02864638	0.13631251	0.16151142	-0.017040692	-0.15958971	-0.10259168	0.101983115	0.02809461	0.1943936	-0.07918822	0.056169033	-0.32784367	-0.038153533	-0.21283586	-0.14292346	0.09508358	-0.28754598	0.29741377	0.08154679	-0.57120425	0.041327037	-0.13716649	0.9999989	0.23538013	-0.059333533	-0.12664874	-0.06663931	0.1654299	-0.107993506
-0.19682044	-0.2120451	0.2781316	0.25990686	0.043394376	0.0327519	0.03279518	-0.04746541	0.07493212	0.30747592	-0.3701541	-0.11701161	-0.09735399	0.056517147	0.02952069	-0.33100948	-0.046240978	-0.47944516	0.20442352	0.1907445	-0.29351342	-0.044005163	-0.17041032	0.23538013	0.9999988	0.14167246	-0.25125822	-0.29059824	0.22851522	-0.16879226
-0.080847114	-0.40308765	0.23699339	0.20797153	0.02818455	0.18236528	0.22971502	-0.38126287	0.0647449	0.19881302	-0.37103528	-0.32339385	0.16256495	0.20757237	0.20285463	-0.38354182	-0.32491913	-0.12802428	-0.0591164	0.21612307	0.10393637	-0.025583223	-0.20929153	-0.059333533	0.14167246	0.99999857	-0.10555908	-0.23519999	0.12608063	-0.21934837
-0.0261012	0.2186759	-0.2511594	-0.38077328	-0.29493248	-0.17098722	0.011353911	0.050091263	0.09768712	-0.28102022	0.22650504	0.12635519	-0.123189874	-0.00861195	-0.12596607	0.19877343	0.0011153668	0.18269622	-0.13901195	-0.35136613	0.027304176	0.14277412	0.2582731	-0.12664874	-0.25125822	-0.10555908	0.9999986	0.2706584	-0.4287545	0.2531102
-0.012865781	0.302937	-0.3766056	-0.25756678	-0.2524375	-0.32876447	-0.207796	0.1434637	0.07293418	-0.3657842	0.26237556	0.18308963	-0.13210274	-0.063248254	-0.24581823	0.26757976	0.14781763	0.22627814	-0.06318384	-0.35885754	3.113214e-5	0.14615257	0.2789683	-0.06663931	-0.29059824	-0.23519999	0.2706584	0.99999857	-0.33345404	0.28868777
0.07914723	-0.27992868	0.27069905	0.23063628	0.22211345	0.15704145	0.070819676	-0.023110073	-0.18201716	0.23560616	-0.20439051	-0.11404649	0.032966424	-0.0648371	0.11979147	-0.29283625	-0.02317942	-0.24549462	0.14795312	0.25369698	-0.16367275	-0.23163396	-0.3595028	0.1654299	0.22851522	0.12608063	-0.4287545	-0.33345404	0.99999845	-0.39360818
-0.15617627	0.2612329	-0.34251592	-0.14863728	-0.39823535	-0.26436576	-0.2007462	0.06363318	0.17337929	-0.19421445	0.18522398	0.097633235	-0.15720536	0.052020177	-0.21008158	0.20165198	0.0963412	0.14830382	-0.049845677	-0.34122664	0.034056954	0.2284133	0.26934987	-0.107993506	-0.16879226	-0.21934837	0.2531102	0.28868777	-0.39360818	0.99999845
