1.0000001	-0.2890443	-0.27255887	-0.04834418	-0.45452636	-0.42390913	-0.19939215	0.24653828	0.121998355	-0.022409616	0.21760598	-0.042448174	-0.3097614	0.14941184	0.25566778	0.29370952	-0.12725523	-0.092078365	0.036649924	-0.15481344	0.13723084	-0.12032223	0.22549984	-0.32110962	-0.35798088	0.24855474	-0.32146332	0.29070404	0.0350067	0.29886284
-0.2890443	1.0000004	0.20710339	0.22212374	0.27976733	0.20562403	0.30627844	-0.31981435	0.07078223	-0.27946767	-0.35104463	-0.14028855	0.28140017	0.01414696	-0.3797876	-0.23800936	0.2700807	0.28407043	-0.28249422	-0.053386323	0.091349155	-0.12249473	-0.39906788	0.21384259	0.24692574	-0.30579767	0.28060886	-0.2498735	-0.31666982	-0.24682432
-0.27255887	0.20710339	1.0000007	0.010800964	0.25277892	0.30019742	0.22511922	-0.3092174	-0.21777348	-0.0074219997	-0.2225844	0.106691934	0.22457221	-0.27531278	-0.27445465	-0.4956467	0.16486797	0.08976372	-0.0701803	0.19591463	-0.11277856	0.11500156	-0.250912	0.25426313	0.27561092	-0.21593697	0.22984889	-0.3974874	-0.07742121	-0.4528128
-0.04834418	0.22212374	0.010800964	1.0000004	0.15551071	-0.021620935	0.18328404	-0.12716804	0.23521854	-0.3163301	-0.16424343	-0.4745561	0.14981213	0.2040632	-0.17866012	-0.015579375	0.13318184	0.28239346	-0.2814081	-0.25722092	0.19402644	-0.47628173	-0.2104651	0.04749785	0.08864625	-0.07679065	0.119539306	-0.055038504	-0.32741567	0.005056891
-0.45452636	0.27976733	0.25277892	0.15551071	1.0000002	0.23218362	0.23611373	-0.27316573	0.02565701	-0.11924598	-0.3362637	-0.06935471	0.24018109	-0.0943623	-0.39530304	-0.358648	0.16720377	0.20120935	-0.06498458	0.064492874	-0.021249894	-0.07716334	-0.29839572	0.23373644	0.28280708	-0.21773031	0.25204575	-0.37948754	-0.16040152	-0.3033749
-0.42390913	0.20562403	0.30019742	-0.021620935	0.23218362	1.0000002	0.22302061	-0.313677	-0.2395264	0.0009448784	-0.16513325	0.11643641	0.2560468	-0.21991873	-0.32827455	-0.3851635	0.20154926	0.076953255	-0.14770196	0.19291094	-0.12930894	0.11667716	-0.23684932	0.25817662	0.23811331	-0.27596128	0.25415346	-0.25082985	-0.0629522	-0.47212952
-0.19939215	0.30627844	0.22511922	0.18328404	0.23611373	0.22302061	1.0000001	-0.33757448	-0.040179137	-0.24738051	-0.42429397	-0.08249125	0.27555624	-0.03663357	-0.32254225	-0.23105529	0.29472443	0.26695997	-0.3522259	0.02664528	0.053282738	-0.07045183	-0.36735287	0.25213122	0.25697914	-0.35831398	0.28909233	-0.29724535	-0.30818537	-0.2138359
0.24653828	-0.31981435	-0.3092174	-0.12716804	-0.27316573	-0.313677	-0.33757448	1.0	0.09181344	0.047674492	0.2737161	-0.009442422	-0.44578817	0.030801715	0.30519146	0.22334823	-0.34982374	-0.23123446	0.17341848	-0.13262145	0.07233454	0.050392326	0.289175	-0.36499783	-0.19034894	0.30881515	-0.3965115	0.24344015	0.1757883	0.26896265
0.121998355	0.07078223	-0.21777348	0.23521854	0.02565701	-0.2395264	-0.040179137	0.09181344	1.0000001	-0.23138697	-0.025282659	-0.43514	-0.044201955	0.28349692	0.05764799	0.16055895	-0.026713315	0.15465054	-0.107171215	-0.46676144	0.23009999	-0.42178917	-0.054622363	-0.2222861	-0.07428524	0.122816496	-0.048671227	0.10867761	-0.14917599	0.14157903
-0.022409616	-0.27946767	-0.0074219997	-0.3163301	-0.11924598	0.0009448784	-0.24738051	0.047674492	-0.23138697	1.0000001	0.1540609	0.22832164	-0.07609572	-0.09670681	0.12543513	-0.03983746	-0.22117771	-0.3876295	0.2767812	0.19602618	-0.47991124	0.17387955	0.17963049	0.038653094	-0.15350957	0.040774412	-0.0493252	0.029478641	0.28937393	-0.053174086
0.21760598	-0.35104463	-0.2225844	-0.16424343	-0.3362637	-0.16513325	-0.42429397	0.2737161	-0.025282659	0.1540609	1.0000002	0.06998615	-0.23007396	0.033869553	0.29877326	0.1993109	-0.33988115	-0.305112	0.21619625	-0.07529818	-0.03909	0.071823	0.3080748	-0.38414758	-0.37487975	0.26336706	-0.35792482	0.26801786	0.224157	0.19632679
-0.042448174	-0.14028855	0.106691934	-0.4745561	-0.06935471	0.11643641	-0.08249125	-0.009442422	-0.43514	0.22832164	0.06998615	1.0000005	-0.057155237	-0.43775833	0.023998031	-0.11910108	-0.048529822	-0.3215903	0.1487984	0.27630574	-0.23267253	0.30296218	0.114270955	0.070386484	-0.03154748	-0.028369047	-0.010342283	-0.04987365	0.21154359	-0.079018295
-0.3097614	0.28140017	0.22457221	0.14981213	0.24018109	0.2560468	0.27555624	-0.44578817	-0.044201955	-0.07609572	-0.23007396	-0.057155237	1.0000005	0.019223012	-0.29312444	-0.24395326	0.24710932	0.1953259	-0.21640085	0.044693764	-0.07187779	-0.09964323	-0.36942542	0.26363674	0.20171526	-0.44301507	0.31552586	-0.21548434	-0.22296223	-0.37579834
0.14941184	0.01414696	-0.27531278	0.2040632	-0.0943623	-0.21991873	-0.03663357	0.030801715	0.28349692	-0.09670681	0.033869553	-0.43775833	0.019223012	1.0000004	0.08122451	0.19863626	-0.035560153	0.07159069	-0.051531754	-0.4510298	0.17176703	-0.4614878	-0.020012178	-0.151424	-0.17657855	0.10523181	-0.022900553	0.17049147	-0.1626727	0.15996613
0.25566778	-0.3797876	-0.27445465	-0.17866012	-0.39530304	-0.32827455	-0.32254225	0.30519146	0.05764799	0.12543513	0.29877326	0.023998031	-0.29312444	0.08122451	1.0000005	0.2314936	-0.39107525	-0.31944215	0.2045621	-0.120753385	-0.005417305	0.034902334	0.30034783	-0.30994552	-0.25689122	0.28536242	-0.34710613	0.25954387	0.2091353	0.24952538
0.29370952	-0.23800936	-0.4956467	-0.015579375	-0.358648	-0.3851635	-0.23105529	0.22334823	0.16055895	-0.03983746	0.1993109	-0.11910108	-0.24395326	0.19863626	0.2314936	1.0000004	-0.07802905	-0.07468458	0.013173615	-0.25334993	0.15110993	-0.11015152	0.19156955	-0.22878322	-0.3976907	0.20259789	-0.20425272	0.29924077	0.0145481685	0.29467213
-0.12725523	0.2700807	0.16486797	0.13318184	0.16720377	0.20154926	0.29472443	-0.34982374	-0.026713315	-0.22117771	-0.33988115	-0.048529822	0.24710932	-0.035560153	-0.39107525	-0.07802905	1.0000005	0.24624528	-0.47819838	0.023134883	0.09710039	-0.028226364	-0.38578826	0.20297813	0.18036503	-0.29610893	0.2643023	-0.15614812	-0.31195423	-0.2183437
-0.092078365	0.28407043	0.08976372	0.28239346	0.20120935	0.076953255	0.26695997	-0.23123446	0.15465054	-0.3876295	-0.305112	-0.3215903	0.1953259	0.07159069	-0.31944215	-0.07468458	0.24624528	1.0000005	-0.3376889	-0.102329165	0.19116266	-0.22595845	-0.2935834	0.10968779	0.19321075	-0.21224628	0.18967247	-0.19438381	-0.39434534	-0.06056207
0.036649924	-0.28249422	-0.0701803	-0.2814081	-0.06498458	-0.14770196	-0.3522259	0.17341848	-0.107171215	0.2767812	0.21619625	0.1487984	-0.21640085	-0.051531754	0.2045621	0.013173615	-0.47819838	-0.3376889	1.0000005	0.10292405	-0.32508743	0.13977922	0.24236925	-0.07888797	-0.1622629	0.1664379	-0.22500667	0.086624585	0.29962805	0.07391392
-0.15481344	-0.053386323	0.19591463	-0.25722092	0.064492874	0.19291094	0.02664528	-0.13262145	-0.46676144	0.19602618	-0.07529818	0.27630574	0.044693764	-0.4510298	-0.120753385	-0.25334993	0.023134883	-0.102329165	0.10292405	1.0000004	-0.35503826	0.26774713	0.025203878	0.18935315	0.12544012	-0.19710454	0.083277054	-0.18000086	0.16163999	-0.17596574
0.13723084	0.091349155	-0.11277856	0.19402644	-0.021249894	-0.12930894	0.053282738	0.07233454	0.23009999	-0.47991124	-0.03909	-0.23267253	-0.07187779	0.17176703	-0.005417305	0.15110993	0.09710039	0.19116266	-0.32508743	-0.35503826	1.0000001	-0.17873114	-0.06678646	-0.20523186	-0.037606973	0.08286022	-0.094529696	0.11000521	-0.3723193	0.14532784
-0.12032223	-0.12249473	0.11500156	-0.47628173	-0.07716334	0.11667716	-0.07045183	0.050392326	-0.42178917	0.17387955	0.071823	0.30296218	-0.09964323	-0.4614878	0.034902334	-0.11015152	-0.028226364	-0.22595845	0.13977922	0.26774713	-0.17873114	1.0000001	0.091859795	0.05940198	0.05547131	-0.04847838	-0.05339425	-0.08346525	0.20444897	-0.10627161
0.22549984	-0.39906788	-0.250912	-0.2104651	-0.29839572	-0.23684932	-0.36735287	0.289175	-0.054622363	0.17963049	0.3080748	0.114270955	-0.36942542	-0.020012178	0.30034783	0.19156955	-0.38578826	-0.2935834	0.24236925	0.025203878	-0.06678646	0.091859795	1.0000001	-0.32626033	-0.32665655	0.26549682	-0.34719405	0.24480158	0.248493	0.2266156
-0.32110962	0.21384259	0.25426313	0.04749785	0.23373644	0.25817662	0.25213122	-0.36499783	-0.2222861	0.038653094	-0.38414758	0.070386484	0.26363674	-0.151424	-0.30994552	-0.22878322	0.20297813	0.10968779	-0.07888797	0.18935315	-0.20523186	0.05940198	-0.32626033	1.0000005	0.23536815	-0.4226835	0.29479516	-0.35867375	-0.09248798	-0.2569601
-0.35798088	0.24692574	0.27561092	0.08864625	0.28280708	0.23811331	0.25697914	-0.19034894	-0.07428524	-0.15350957	-0.37487975	-0.03154748	0.20171526	-0.17657855	-0.25689122	-0.3976907	0.18036503	0.19321075	-0.1622629	0.12544012	-0.037606973	0.05547131	-0.32665655	0.23536815	1.0000004	-0.17401049	0.22240746	-0.513154	-0.10866272	-0.26696602
0.24855474	-0.30579767	-0.21593697	-0.07679065	-0.21773031	-0.27596128	-0.35831398	0.30881515	0.122816496	0.040774412	0.26336706	-0.028369047	-0.44301507	0.10523181	0.28536242	0.20259789	-0.29610893	-0.21224628	0.1664379	-0.19710454	0.08286022	-0.04847838	0.26549682	-0.4226835	-0.17401049	1.0000004	-0.4533892	0.23504996	0.14082645	0.25777212
-0.32146332	0.28060886	0.22984889	0.119539306	0.25204575	0.25415346	0.28909233	-0.3965115	-0.048671227	-0.0493252	-0.35792482	-0.010342283	0.31552586	-0.022900553	-0.34710613	-0.20425272	0.2643023	0.18967247	-0.22500667	0.083277054	-0.094529696	-0.05339425	-0.34719405	0.29479516	0.22240746	-0.4533892	1.0000002	-0.29209644	-0.23509778	-0.3360413
0.29070404	-0.2498735	-0.3974874	-0.055038504	-0.37948754	-0.25082985	-0.29724535	0.24344015	0.10867761	0.029478641	0.26801786	-0.04987365	-0.21548434	0.17049147	0.25954387	0.29924077	-0.15614812	-0.19438381	0.086624585	-0.18000086	0.11000521	-0.08346525	0.24480158	-0.35867375	-0.513154	0.23504996	-0.29209644	1.0000001	0.05791351	0.26927924
0.0350067	-0.31666982	-0.07742121	-0.32741567	-0.16040152	-0.0629522	-0.30818537	0.1757883	-0.14917599	0.28937393	0.224157	0.21154359	-0.22296223	-0.1626727	0.2091353	0.0145481685	-0.31195423	-0.39434534	0.29962805	0.16163999	-0.3723193	0.20444897	0.248493	-0.09248798	-0.10866272	0.14082645	-0.23509778	0.05791351	1.0000002	0.030252038
0.29886284	-0.24682432	-0.4528128	0.005056891	-0.3033749	-0.47212952	-0.2138359	0.26896265	0.14157903	-0.053174086	0.19632679	-0.079018295	-0.37579834	0.15996613	0.24952538	0.29467213	-0.2183437	-0.06056207	0.07391392	-0.17596574	0.14532784	-0.10627161	0.2266156	-0.2569601	-0.26696602	0.25777212	-0.3360413	0.26927924	0.030252038	1.0000002
