1.0000001	-0.23008543	0.28731078	-0.36069173	-0.009664495	-0.25285485	-0.27917093	0.2434415	0.2633069	0.2135821	0.26506856	-0.39049372	0.248643	-0.16730066	-0.27420592	-0.25010118	-0.3424647	0.23300433	-0.31883866	0.2863306	-0.2831597	0.23607382	0.21586318	-0.40104407	0.2430484	0.2354403	0.17037554	-0.09808442	-0.2405936	-0.2426849
-0.23008543	1.0	-0.17391391	0.24829283	0.11575427	0.27350268	0.08103573	-0.4091051	-0.25983337	-0.033323504	-0.26642537	0.23236734	-0.25676888	-0.021190826	0.24238747	0.26850742	0.0882453	-0.092694364	0.27689835	-0.31237888	0.19010155	-0.27836773	-0.40041292	0.27033752	-0.121560775	-0.34400925	-0.42373347	-0.0081005655	0.0686557	0.27586988
0.28731078	-0.17391391	1.0000001	-0.38212416	0.08406892	-0.29262668	-0.1774787	0.19247268	0.2026627	0.23479739	0.243683	-0.37981293	0.2658118	-0.21419178	-0.3154033	-0.17728202	-0.3352995	0.22559036	-0.24852334	0.23086625	-0.20048106	0.21695109	0.12520249	-0.40103117	0.28733298	0.17582119	0.14997928	-0.2766225	-0.27601343	-0.07169979
-0.36069173	0.24829283	-0.38212416	1.0	0.0067505403	0.26613867	0.17485854	-0.37091112	-0.252229	-0.09137809	-0.2327262	0.2762855	-0.25812712	0.084558934	0.1773448	0.23207302	0.17061546	-0.2592395	0.27534047	-0.40196222	0.18095191	-0.41088897	-0.29132798	0.2773875	-0.24652794	-0.19331181	-0.1270177	0.087118536	0.21641809	0.20437105
-0.009664495	0.11575427	0.08406892	0.0067505403	0.9999998	0.06692135	-0.25320774	-0.068356544	-0.07574943	0.20706618	0.027169986	-0.03146938	0.05743501	-0.53164816	0.10585694	0.12289569	-0.20028506	0.18360922	0.16382329	-0.14102499	0.032740366	-0.0019336706	-0.22191858	-0.031823587	0.15311843	-0.20224959	-0.2711937	-0.24954644	-0.27497613	0.23788741
-0.25285485	0.27350268	-0.29262668	0.26613867	0.06692135	0.9999998	0.15284188	-0.401084	-0.4309619	-0.18072176	-0.22259922	0.252725	-0.1035981	0.035644572	0.21803947	0.29126343	0.16827042	-0.22765501	0.24993393	-0.3227112	0.16518308	-0.3348121	-0.31584832	0.25844404	-0.16220771	-0.19386016	-0.33753872	-0.0019067123	0.14899018	0.23312941
-0.27917093	0.08103573	-0.1774787	0.17485854	-0.25320774	0.15284188	0.99999994	-0.0884108	-0.1873914	-0.38836738	-0.29247314	0.23020446	-0.18270078	0.26418895	0.07408817	0.12910914	0.25450024	-0.5376536	0.04468705	-0.09978951	0.15630518	-0.23245148	-0.1021446	0.16799666	-0.25823176	-0.053475	0.033159163	0.17582124	0.2491068	-0.054918148
0.2434415	-0.4091051	0.19247268	-0.37091112	-0.068356544	-0.401084	-0.0884108	0.99999994	0.22151239	0.05347482	0.13366406	-0.2742637	0.11325403	-0.024114061	-0.16174765	-0.21093483	-0.070366606	0.15160425	-0.3384058	0.26855716	-0.097403385	0.25639796	0.27592546	-0.3696806	0.09803093	0.19079995	0.19183348	0.065046676	-0.23305161	-0.33814672
0.2633069	-0.25983337	0.2026627	-0.252229	-0.07574943	-0.4309619	-0.1873914	0.22151239	1.0	0.1438012	0.23079742	-0.22234268	0.16908851	-0.03148259	-0.36516365	-0.50062793	-0.24567705	0.15351881	-0.2636443	0.28587213	-0.30230352	0.2261269	0.25194922	-0.22667506	0.14362413	0.2744176	0.23200612	-0.01929708	-0.09871649	-0.3165416
0.2135821	-0.033323504	0.23479739	-0.09137809	0.20706618	-0.18072176	-0.38836738	0.05347482	0.1438012	0.9999999	0.21115997	-0.26996997	0.21171793	-0.38357523	-0.1409277	-0.10070379	-0.49649912	0.25935316	-0.051212702	0.113750726	-0.24203525	0.12573275	-0.0047545247	-0.18669678	0.28934819	0.090562396	-0.0029774874	-0.35268247	-0.26363856	0.035167422
0.26506856	-0.26642537	0.243683	-0.2327262	0.027169986	-0.22259922	-0.29247314	0.13366406	0.23079742	0.21115997	0.9999998	-0.4145883	0.24941188	-0.11146636	-0.36806503	-0.18119948	-0.37273544	0.1794652	-0.1451248	0.22219054	-0.4558217	0.11710156	0.13662957	-0.29878566	0.22656026	0.23573063	0.174615	-0.15537715	-0.045590848	-0.09023286
-0.39049372	0.23236734	-0.37981293	0.2762855	-0.03146938	0.252725	0.23020446	-0.2742637	-0.22234268	-0.26996997	-0.4145883	0.99999976	-0.28177658	0.15029018	0.24250183	0.21723668	0.26544175	-0.31087872	0.19643849	-0.25196806	0.23930568	-0.29682204	-0.13915202	0.2941678	-0.34745416	-0.26423135	-0.23431776	0.16696186	0.19616775	0.1494838
0.248643	-0.25676888	0.2658118	-0.25812712	0.05743501	-0.1035981	-0.18270078	0.11325403	0.16908851	0.21171793	0.24941188	-0.28177658	0.9999998	-0.23415418	-0.24575673	-0.13428544	-0.2451525	0.16658053	-0.2584172	0.20317176	-0.37453648	0.1541386	0.11028497	-0.3620416	0.2721161	0.21348758	0.15960206	-0.4200653	-0.119665354	-0.11765197
-0.16730066	-0.021190826	-0.21419178	0.084558934	-0.53164816	0.035644572	0.26418895	-0.024114061	-0.03148259	-0.38357523	-0.11146636	0.15029018	-0.23415418	0.99999994	-0.008865545	-0.009881993	0.238017	-0.31387725	-0.07705028	-0.016030937	0.06579282	-0.11495248	0.08620965	0.12706582	-0.26111794	0.04987584	0.0932362	0.25016728	0.25645855	-0.18057288
-0.27420592	0.24238747	-0.3154033	0.1773448	0.10585694	0.21803947	0.07408817	-0.16174765	-0.36516365	-0.1409277	-0.36806503	0.24250183	-0.24575673	-0.008865545	1.0	0.23558292	0.19507599	-0.06981625	0.2006833	-0.29373628	0.27730778	-0.083448544	-0.16084957	0.24929844	-0.194725	-0.43928123	-0.40975404	0.1188439	-0.006087964	0.20087044
-0.25010118	0.26850742	-0.17728202	0.23207302	0.12289569	0.29126343	0.12910914	-0.21093483	-0.50062793	-0.10070379	-0.18119948	0.21723668	-0.13428544	-0.009881993	0.23558292	1.0	0.13212718	-0.18855198	0.2546499	-0.30802247	0.18835168	-0.38640463	-0.354915	0.20975989	-0.09158508	-0.34827623	-0.34415528	-0.025941411	0.06323896	0.2681261
-0.3424647	0.0882453	-0.3352995	0.17061546	-0.20028506	0.16827042	0.25450024	-0.070366606	-0.24567705	-0.49649912	-0.37273544	0.26544175	-0.2451525	0.238017	0.19507599	0.13212718	1.0000001	-0.22924502	0.082434714	-0.18255267	0.24105851	-0.12236117	-0.032368626	0.21713686	-0.4002224	-0.1701906	-0.06270864	0.2334429	0.18918024	0.032639146
0.23300433	-0.092694364	0.22559036	-0.2592395	0.18360922	-0.22765501	-0.5376536	0.15160425	0.15351881	0.25935316	0.1794652	-0.31087872	0.16658053	-0.31387725	-0.06981625	-0.18855198	-0.22924502	1.0000001	-0.07331693	0.14442156	-0.14682686	0.23129912	0.08594313	-0.21729279	0.2513227	0.033474755	-0.012521329	-0.18909976	-0.4362149	0.0057461946
-0.31883866	0.27689835	-0.24852334	0.27534047	0.16382329	0.24993393	0.04468705	-0.3384058	-0.2636443	-0.051212702	-0.1451248	0.19643849	-0.2584172	-0.07705028	0.2006833	0.2546499	0.082434714	-0.07331693	1.0000001	-0.40488827	0.19477573	-0.29222935	-0.4912334	0.25090802	-0.105244845	-0.2794811	-0.18501939	-0.016628819	0.071570545	0.28715864
0.2863306	-0.31237888	0.23086625	-0.40196222	-0.14102499	-0.3227112	-0.09978951	0.26855716	0.28587213	0.113750726	0.22219054	-0.25196806	0.20317176	-0.016030937	-0.29373628	-0.30802247	-0.18255267	0.14442156	-0.40488827	1.0000001	-0.3792333	0.23235154	0.2776336	-0.28462136	0.16235392	0.27144837	0.2135768	-0.016548425	-0.17439495	-0.32261595
-0.2831597	0.19010155	-0.20048106	0.18095191	0.032740366	0.16518308	0.15630518	-0.097403385	-0.30230352	-0.24203525	-0.4558217	0.23930568	-0.37453648	0.06579282	0.27730778	0.18835168	0.24105851	-0.14682686	0.19477573	-0.3792333	1.0	-0.051139463	-0.16782585	0.23351766	-0.27238718	-0.384369	-0.14225455	0.14954862	0.03372724	0.15115453
0.23607382	-0.27836773	0.21695109	-0.41088897	-0.0019336706	-0.3348121	-0.23245148	0.25639796	0.2261269	0.12573275	0.11710156	-0.29682204	0.1541386	-0.11495248	-0.083448544	-0.38640463	-0.12236117	0.23129912	-0.29222935	0.23235154	-0.051139463	1.0000001	0.22405748	-0.17153908	0.18587536	0.15340285	0.13776168	-0.12633029	-0.33649072	-0.25704694
0.21586318	-0.40041292	0.12520249	-0.29132798	-0.22191858	-0.31584832	-0.1021446	0.27592546	0.25194922	-0.0047545247	0.13662957	-0.13915202	0.11028497	0.08620965	-0.16084957	-0.354915	-0.032368626	0.08594313	-0.4912334	0.2776336	-0.16782585	0.22405748	1.0000001	-0.2697701	0.022660013	0.23453541	0.21482445	0.10612331	-0.037102774	-0.3781694
-0.40104407	0.27033752	-0.40103117	0.2773875	-0.031823587	0.25844404	0.16799666	-0.3696806	-0.22667506	-0.18669678	-0.29878566	0.2941678	-0.3620416	0.12706582	0.24929844	0.20975989	0.21713686	-0.21729279	0.25090802	-0.28462136	0.23351766	-0.17153908	-0.2697701	1.0	-0.24980152	-0.25978655	-0.28756174	0.113444194	0.16671285	0.18202373
0.2430484	-0.121560775	0.28733298	-0.24652794	0.15311843	-0.16220771	-0.25823176	0.09803093	0.14362413	0.28934819	0.22656026	-0.34745416	0.2721161	-0.26111794	-0.194725	-0.09158508	-0.4002224	0.2513227	-0.105244845	0.16235392	-0.27238718	0.18587536	0.022660013	-0.24980152	1.0	0.11862329	0.088044345	-0.45489594	-0.33239254	-0.043666635
0.2354403	-0.34400925	0.17582119	-0.19331181	-0.20224959	-0.19386016	-0.053475	0.19079995	0.2744176	0.090562396	0.23573063	-0.26423135	0.21348758	0.04987584	-0.43928123	-0.34827623	-0.1701906	0.033474755	-0.2794811	0.27144837	-0.384369	0.15340285	0.23453541	-0.25978655	0.11862329	0.99999994	0.2779423	-0.06686581	0.028449384	-0.38458148
0.17037554	-0.42373347	0.14997928	-0.1270177	-0.2711937	-0.33753872	0.033159163	0.19183348	0.23200612	-0.0029774874	0.174615	-0.23431776	0.15960206	0.0932362	-0.40975404	-0.34415528	-0.06270864	-0.012521329	-0.18501939	0.2135768	-0.14225455	0.13776168	0.21482445	-0.28756174	0.088044345	0.2779423	0.9999999	-0.042785544	0.055393916	-0.3087606
-0.09808442	-0.0081005655	-0.2766225	0.087118536	-0.24954644	-0.0019067123	0.17582124	0.065046676	-0.01929708	-0.35268247	-0.15537715	0.16696186	-0.4200653	0.25016728	0.1188439	-0.025941411	0.2334429	-0.18909976	-0.016628819	-0.016548425	0.14954862	-0.12633029	0.10612331	0.113444194	-0.45489594	-0.06686581	-0.042785544	0.9999998	0.17075026	-0.11644802
-0.2405936	0.0686557	-0.27601343	0.21641809	-0.27497613	0.14899018	0.2491068	-0.23305161	-0.09871649	-0.26363856	-0.045590848	0.19616775	-0.119665354	0.25645855	-0.006087964	0.06323896	0.18918024	-0.4362149	0.071570545	-0.17439495	0.03372724	-0.33649072	-0.037102774	0.16671285	-0.33239254	0.028449384	0.055393916	0.17075026	0.99999976	-0.03985717
-0.2426849	0.27586988	-0.07169979	0.20437105	0.23788741	0.23312941	-0.054918148	-0.33814672	-0.3165416	0.035167422	-0.09023286	0.1494838	-0.11765197	-0.18057288	0.20087044	0.2681261	0.032639146	0.0057461946	0.28715864	-0.32261595	0.15115453	-0.25704694	-0.3781694	0.18202373	-0.043666635	-0.38458148	-0.3087606	-0.11644802	-0.03985717	0.99999976
