1.0000002	0.26252702	0.2735324	0.031462647	0.11481365	-0.06909448	0.018776797	0.26374978	-0.09694015	-0.3019151	-0.21833089	-0.39112195	0.19847864	-0.32135415	0.2871017	-0.11700415	0.24269298	-0.3271819	-0.30602434	-0.21723889	-0.32265994	-0.02422429	0.22096649	-0.24187765	0.17658168	-0.22091049	0.19870064	-0.34048122	0.06625317	0.16075265
0.26252702	1.0000001	0.20515652	-0.059616197	0.011311844	0.035726752	-0.039483815	0.29117233	-0.10482962	-0.24232598	-0.41032737	-0.48926827	0.21942878	-0.3194658	0.22638613	-0.026895758	0.28490233	-0.15746583	-0.3429008	-0.20506036	-0.29257482	-0.026747674	0.14527617	-0.2212322	0.23552555	-0.0054825507	0.22607237	-0.33859345	-0.03625182	0.1750581
0.2735324	0.20515652	1.0	0.02389639	0.112473	-0.07721053	0.011347353	0.26262113	-0.13333769	-0.29196778	-0.27181154	-0.18460372	0.2328794	-0.12260445	0.2591283	-0.17002997	0.22615466	-0.4757164	-0.24629802	-0.328802	-0.34108335	-0.0057400926	0.21007799	-0.1700428	0.15165372	-0.14009026	0.18102713	-0.41707635	-0.017519826	0.24401896
0.031462647	-0.059616197	0.02389639	1.0000002	0.286216	-0.43834138	0.3015563	-0.014597347	-0.38393325	-0.3303797	0.09019058	-0.03083879	-0.22948109	0.17780007	0.12108192	-0.42142656	-0.09113953	0.086761355	-0.15407094	0.121936664	0.061592896	0.3112357	0.23634566	-0.23229054	-0.27066854	-0.25745788	-0.14484906	0.031999175	0.26309112	-0.08605536
0.11481365	0.011311844	0.112473	0.286216	1.0000002	-0.46652025	0.27805752	0.06746547	-0.45456925	-0.2600833	0.03257723	-0.07179825	-0.07324577	0.12716293	0.19167626	-0.277943	-0.036413673	-0.013164742	-0.20162581	0.077493005	-0.028251264	0.26106223	0.27758023	-0.3878016	-0.19809516	-0.34312004	-0.15420455	-0.06359441	0.27080512	-0.07823495
-0.06909448	0.035726752	-0.07721053	-0.43834138	-0.46652025	1.0000001	-0.42720908	0.03157125	0.28315362	0.23147081	-0.12554583	-0.005626189	0.16359234	-0.16361932	-0.13946113	0.29002652	0.10795828	-0.10677095	0.12331339	-0.10162774	-0.09584697	-0.39786538	-0.28570512	0.19974637	0.20616537	0.2714053	0.17711163	-0.044413127	-0.27291372	0.096550666
0.018776797	-0.039483815	0.011347353	0.3015563	0.27805752	-0.42720908	1.0	-0.072475605	-0.31318858	-0.21158926	0.12738219	0.003298426	-0.29139268	0.17526405	0.08606617	-0.38748187	-0.1700493	0.12703167	-0.1371143	0.16263556	0.10944009	0.29987457	0.2141386	-0.2346853	-0.21902439	-0.32471916	-0.28939962	0.08497525	0.30159712	-0.18360105
0.26374978	0.29117233	0.26262113	-0.014597347	0.06746547	0.03157125	-0.072475605	1.0	-0.16798292	-0.19043697	-0.4544793	-0.4228279	0.23663113	-0.19162223	0.24627915	-0.041623842	0.2885784	-0.34084597	-0.28581136	-0.28945374	-0.39280114	-0.023950322	0.16889074	-0.27475965	0.21155643	-0.048226185	0.23424272	-0.30866754	-0.00014214711	0.21797174
-0.09694015	-0.10482962	-0.13333769	-0.38393325	-0.45456925	0.28315362	-0.31318858	-0.16798292	0.9999999	0.27755758	0.035526566	0.12151973	0.046206526	-0.12530343	-0.25517166	0.29397205	0.012498524	0.0030146553	0.21904422	-0.08426256	0.0560252	-0.39875498	-0.32935467	0.2719414	0.11952503	0.2645571	0.060220484	0.07401886	-0.3341674	0.04303975
-0.3019151	-0.24232598	-0.29196778	-0.3303797	-0.2600833	0.23147081	-0.21158926	-0.19043697	0.27755758	0.99999976	0.10496156	0.18643242	-0.082447596	-0.041293517	-0.39831534	0.27860564	-0.06529785	0.10553637	0.26468813	0.047800682	0.1193439	-0.3058269	-0.36113676	0.26625726	0.035251718	0.24486595	0.0086945845	0.1537006	-0.18562406	-0.05650618
-0.21833089	-0.41032737	-0.27181154	0.09019058	0.03257723	-0.12554583	0.12738219	-0.4544793	0.035526566	0.10496156	0.9999998	0.28098524	-0.29626173	0.23007892	-0.17847538	-0.060006287	-0.46115127	0.25185502	0.21174346	0.26475498	0.28481984	0.10210209	-0.09086132	0.13923332	-0.28616992	-0.07131408	-0.30439755	0.2889044	0.09850475	-0.31446236
-0.39112195	-0.48926827	-0.18460372	-0.03083879	-0.07179825	-0.005626189	0.003298426	-0.4228279	0.12151973	0.18643242	0.28098524	0.9999999	-0.22897905	0.22175506	-0.26652947	0.039087918	-0.37923867	0.20589797	0.28246048	0.15904193	0.25970683	0.03529621	-0.20778947	0.2350552	-0.23497422	0.06523099	-0.25450507	0.24833132	-0.063108824	-0.11286808
0.19847864	0.21942878	0.2328794	-0.22948109	-0.07324577	0.16359234	-0.29139268	0.23663113	0.046206526	-0.082447596	-0.29626173	-0.22897905	0.99999994	-0.16481644	0.15494072	0.049170285	0.27286556	-0.4440096	-0.19386797	-0.24675916	-0.26426917	-0.23786156	0.033546783	-0.054264158	0.2356909	0.08888756	0.2668997	-0.37734172	-0.25716436	0.24297205
-0.32135415	-0.3194658	-0.12260445	0.17780007	0.12716293	-0.16361932	0.17526405	-0.19162223	-0.12530343	-0.041293517	0.23007892	0.22175506	-0.16481644	1.0	-0.16115315	-0.16765934	-0.32967535	0.17992997	0.12035601	0.18152854	0.23116413	0.20626216	0.03598778	0.058313016	-0.51395124	-0.1447229	-0.3792596	0.1812046	0.11638617	-0.09666526
0.2871017	0.22638613	0.2591283	0.12108192	0.19167626	-0.13946113	0.08606617	0.24627915	-0.25517166	-0.39831534	-0.17847538	-0.26652947	0.15494072	-0.16115315	1.0	-0.26131988	0.18860383	-0.2749048	-0.39407104	-0.14990596	-0.2691388	0.07648726	0.2848495	-0.40826884	0.09773483	-0.28362054	0.15321118	-0.180769	0.12385576	0.12373147
-0.11700415	-0.026895758	-0.17002997	-0.42142656	-0.277943	0.29002652	-0.38748187	-0.041623842	0.29397205	0.27860564	-0.060006287	0.039087918	0.049170285	-0.16765934	-0.26131988	1.0	0.04601714	0.03100343	0.19373003	-0.07267115	0.027267015	-0.4501547	-0.33792102	0.21782716	0.1598481	0.2730616	0.075651124	0.04919914	-0.2681375	0.035839193
0.24269298	0.28490233	0.22615466	-0.09113953	-0.036413673	0.10795828	-0.1700493	0.2885784	0.012498524	-0.06529785	-0.46115127	-0.37923867	0.27286556	-0.32967535	0.18860383	0.04601714	1.0000001	-0.31021652	-0.26659453	-0.33412856	-0.260443	-0.17548236	0.08833257	-0.18211973	0.27206168	0.037570857	0.27437946	-0.37808913	-0.14773704	0.24518587
-0.3271819	-0.15746583	-0.4757164	0.086761355	-0.013164742	-0.10677095	0.12703167	-0.34084597	0.0030146553	0.10553637	0.25185502	0.20589797	-0.4440096	0.17992997	-0.2749048	0.03100343	-0.31021652	1.0000001	0.19239801	0.2476162	0.28281453	0.12741621	-0.114295214	0.101310164	-0.19750048	-0.011836843	-0.30683005	0.28478166	0.11212093	-0.25871482
-0.30602434	-0.3429008	-0.24629802	-0.15407094	-0.20162581	0.12331339	-0.1371143	-0.28581136	0.21904422	0.26468813	0.21174346	0.28246048	-0.19386797	0.12035601	-0.39407104	0.19373003	-0.26659453	0.19239801	1.0000001	0.12362894	0.24152842	-0.09092635	-0.4125594	0.29392374	-0.14658251	0.20173295	-0.22770815	0.226084	-0.17451486	-0.113933146
-0.21723889	-0.20506036	-0.328802	0.121936664	0.077493005	-0.10162774	0.16263556	-0.28945374	-0.08426256	0.047800682	0.26475498	0.15904193	-0.24675916	0.18152854	-0.14990596	-0.07267115	-0.33412856	0.2476162	0.12362894	1.0000001	0.2609385	0.15217984	-0.04108542	0.03396181	-0.2987855	-0.050461322	-0.22310027	0.2771748	0.17377004	-0.64109236
-0.32265994	-0.29257482	-0.34108335	0.061592896	-0.028251264	-0.09584697	0.10944009	-0.39280114	0.0560252	0.1193439	0.28481984	0.25970683	-0.26426917	0.23116413	-0.2691388	0.027267015	-0.260443	0.28281453	0.24152842	0.2609385	1.0	0.09693088	-0.19563608	0.15281643	-0.33849585	0.019497292	-0.4463833	0.28534392	0.07434197	-0.3159614
-0.02422429	-0.026747674	-0.0057400926	0.3112357	0.26106223	-0.39786538	0.29987457	-0.023950322	-0.39875498	-0.3058269	0.10210209	0.03529621	-0.23786156	0.20626216	0.07648726	-0.4501547	-0.17548236	0.12741621	-0.09092635	0.15217984	0.09693088	1.0	0.1932643	-0.13761066	-0.29868025	-0.21415506	-0.2385706	0.053469285	0.24842821	-0.13742653
0.22096649	0.14527617	0.21007799	0.23634566	0.27758023	-0.28570512	0.2141386	0.16889074	-0.32935467	-0.36113676	-0.09086132	-0.20778947	0.033546783	0.03598778	0.2848495	-0.33792102	0.08833257	-0.114295214	-0.4125594	-0.04108542	-0.19563608	0.1932643	0.99999994	-0.36083496	-0.052477628	-0.4346945	0.024964647	-0.17725763	0.22045887	0.046947777
-0.24187765	-0.2212322	-0.1700428	-0.23229054	-0.3878016	0.19974637	-0.2346853	-0.27475965	0.2719414	0.26625726	0.13923332	0.2350552	-0.054264158	0.058313016	-0.40826884	0.21782716	-0.18211973	0.101310164	0.29392374	0.03396181	0.15281643	-0.13761066	-0.36083496	0.9999999	-0.045323335	0.25027496	-0.041629624	0.14492679	-0.33183986	-0.040977888
0.17658168	0.23552555	0.15165372	-0.27066854	-0.19809516	0.20616537	-0.21902439	0.21155643	0.11952503	0.035251718	-0.28616992	-0.23497422	0.2356909	-0.51395124	0.09773483	0.1598481	0.27206168	-0.19750048	-0.14658251	-0.2987855	-0.33849585	-0.29868025	-0.052477628	-0.045323335	1.0	0.14595827	0.28488773	-0.26859164	-0.16228004	0.19918339
-0.22091049	-0.0054825507	-0.14009026	-0.25745788	-0.34312004	0.2714053	-0.32471916	-0.048226185	0.2645571	0.24486595	-0.07131408	0.06523099	0.08888756	-0.1447229	-0.28362054	0.2730616	0.037570857	-0.011836843	0.20173295	-0.050461322	0.019497292	-0.21415506	-0.4346945	0.25027496	0.14595827	1.0	0.07549597	0.014630862	-0.4300761	0.02774564
0.19870064	0.22607237	0.18102713	-0.14484906	-0.15420455	0.17711163	-0.28939962	0.23424272	0.060220484	0.0086945845	-0.30439755	-0.25450507	0.2668997	-0.3792596	0.15321118	0.075651124	0.27437946	-0.30683005	-0.22770815	-0.22310027	-0.4463833	-0.2385706	0.024964647	-0.041629624	0.28488773	0.07549597	1.0000001	-0.2037537	-0.23349404	0.20654732
-0.34048122	-0.33859345	-0.41707635	0.031999175	-0.06359441	-0.044413127	0.08497525	-0.30866754	0.07401886	0.1537006	0.2889044	0.24833132	-0.37734172	0.1812046	-0.180769	0.04919914	-0.37808913	0.28478166	0.226084	0.2771748	0.28534392	0.053469285	-0.17725763	0.14492679	-0.26859164	0.014630862	-0.2037537	1.0000002	0.08716581	-0.38725135
0.06625317	-0.03625182	-0.017519826	0.26309112	0.27080512	-0.27291372	0.30159712	-0.00014214711	-0.3341674	-0.18562406	0.09850475	-0.063108824	-0.25716436	0.11638617	0.12385576	-0.2681375	-0.14773704	0.11212093	-0.17451486	0.17377004	0.07434197	0.24842821	0.22045887	-0.33183986	-0.16228004	-0.4300761	-0.23349404	0.08716581	1.0000001	-0.24178648
0.16075265	0.1750581	0.24401896	-0.08605536	-0.07823495	0.096550666	-0.18360105	0.21797174	0.04303975	-0.05650618	-0.31446236	-0.11286808	0.24297205	-0.09666526	0.12373147	0.035839193	0.24518587	-0.25871482	-0.113933146	-0.64109236	-0.3159614	-0.13742653	0.046947777	-0.040977888	0.19918339	0.02774564	0.20654732	-0.38725135	-0.24178648	1.0000001
