1.0000001	0.090851046	-0.01895997	-0.34126273	0.098171115	-0.22994567	-0.46319723	0.0176625	-0.067931496	-0.09174631	0.20375454	0.22363648	0.24593575	-0.2270903	-0.21278654	0.24810845	-0.19244206	0.20192045	-0.2861558	-0.35371542	0.121566385	0.15550709	-0.14843255	0.26667365	-0.26810235	0.03184347	-0.35615513	-0.06976425	0.18103907	0.24106057
0.090851046	1.0000002	-0.47364214	0.0906734	-0.3281341	-0.38546008	-0.06264254	-0.31184724	-0.09335228	-0.25275335	-0.19576266	0.04695526	0.2051654	0.12962289	-0.16203623	0.057382792	-0.103195876	-0.16061038	-0.13130473	-0.25212806	0.21150558	0.1943426	0.23144664	0.20495524	0.09988568	0.18065162	0.10539431	-0.2819382	0.12794347	0.21806155
-0.01895997	-0.47364214	1.0000004	-0.12849705	0.26489702	0.23530884	-0.010080442	0.28771633	0.14899066	0.22572006	0.20260851	0.07589168	-0.16188928	-0.18102506	-0.012882478	-0.043017928	0.10911612	0.2255964	-0.001191308	0.106401436	-0.2739759	-0.2537482	-0.42033902	-0.12758397	-0.27895284	-0.19480316	-0.25038752	0.26890475	-0.17405863	-0.14606225
-0.34126273	0.0906734	-0.12849705	1.0	-0.3435662	0.011922012	0.23614042	-0.22819844	0.07035772	0.04155008	-0.23709907	-0.20307389	-0.22029911	0.27877942	0.17898095	-0.28492317	0.069066405	-0.32536533	0.16348739	0.16980414	-0.11815312	-0.120053776	0.19110522	-0.13154227	0.25533405	-0.015036	0.25535473	-0.09084908	-0.15663208	-0.06795995
0.098171115	-0.3281341	0.26489702	-0.3435662	0.9999997	0.14697036	-0.085314214	0.29192898	0.09465731	0.14630668	0.24202192	0.1664683	-0.029145937	-0.37508583	-0.16574542	-0.00946505	0.06655412	0.27432045	-0.1321342	0.0006166183	-0.16691765	-0.09936566	-0.2863471	-0.06733971	-0.28770322	-0.22561893	-0.3546589	0.23059867	-0.045223136	-0.021696331
-0.22994567	-0.38546008	0.23530884	0.011922012	0.14697036	0.99999964	0.15118998	0.21429831	0.136617	0.24861118	0.017221326	-0.09186081	-0.35694775	-0.044448894	0.17153794	-0.11614178	0.11747153	0.033024445	0.17024407	0.2617766	-0.29411554	-0.32120386	-0.21732368	-0.33145878	0.008393543	-0.20137857	0.007406953	0.25548664	-0.15349825	-0.44364983
-0.46319723	-0.06264254	-0.010080442	0.23614042	-0.085314214	0.15118998	0.99999976	0.0022439407	0.03716903	0.07315626	-0.34393027	-0.23832989	-0.22741674	0.20142728	0.13340044	-0.40458846	0.19725116	-0.20361058	0.20902331	0.2706323	-0.06950192	-0.15391013	0.10261436	-0.32756135	0.20485547	0.0035030055	0.24549162	0.02862378	-0.2721198	-0.23447761
0.0176625	-0.31184724	0.28771633	-0.22819844	0.29192898	0.21429831	0.0022439407	0.9999997	0.10573728	0.17744073	0.19167693	0.1283951	-0.0942883	-0.30330202	-0.10521334	-0.12257811	0.17295235	0.25471893	-0.06341896	0.080524184	-0.18280098	-0.2112566	-0.33384976	-0.19017082	-0.28096327	-0.17292495	-0.20751679	0.26746732	-0.23209499	-0.15227894
-0.067931496	-0.09335228	0.14899066	0.07035772	0.09465731	0.136617	0.03716903	0.10573728	0.9999997	0.28857264	0.052692007	-0.07509592	-0.2820448	-0.007360579	0.107615255	-0.18842585	-0.0013965345	0.022561874	0.03081713	0.12273705	-0.45354694	-0.4297566	-0.11605083	-0.05319668	0.02262388	-0.56149054	-0.07454785	0.22032085	-0.048388578	-0.008829802
-0.09174631	-0.25275335	0.22572006	0.04155008	0.14630668	0.24861118	0.07315626	0.17744073	0.28857264	0.9999997	0.08157798	-0.11426859	-0.3041868	-0.0099934265	0.16036224	-0.22746557	0.069210395	0.06768741	0.08602142	0.20122786	-0.48248807	-0.46622637	-0.22307327	-0.15162516	-0.03422496	-0.41907355	-0.060272664	0.2815495	-0.10995661	-0.20157896
0.20375454	-0.19576266	0.20260851	-0.23709907	0.24202192	0.017221326	-0.34393027	0.19167693	0.052692007	0.08157798	0.99999964	0.11259961	0.04166354	-0.4388439	-0.025170585	0.15235628	-0.09333162	0.26942274	-0.09145284	-0.12904443	-0.08053219	-0.0050002504	-0.2863338	0.066595264	-0.44211563	-0.14656085	-0.38559774	0.1511482	0.05490968	0.060573563
0.22363648	0.04695526	0.07589168	-0.20307389	0.1664683	-0.09186081	-0.23832989	0.1283951	-0.07509592	-0.11426859	0.11259961	0.99999964	0.22125606	-0.21248451	-0.5131183	0.08364261	0.016758936	0.22773856	-0.5092344	-0.27398324	0.084516905	0.060041994	-0.21965522	0.19021793	-0.2100026	0.05465954	-0.25984767	0.006402992	0.030274192	0.19155048
0.24593575	0.2051654	-0.16188928	-0.22029911	-0.029145937	-0.35694775	-0.22741674	-0.0942883	-0.2820448	-0.3041868	0.04166354	0.22125606	0.9999997	-0.13534963	-0.3732159	0.21408755	-0.14343648	0.08682365	-0.31951398	-0.37385148	0.2659855	0.25289062	0.035305113	0.24866971	-0.16115604	0.20829183	-0.0714274	-0.18490234	0.15590078	0.25712842
-0.2270903	0.12962289	-0.18102506	0.27877942	-0.37508583	-0.044448894	0.20142728	-0.30330202	-0.007360579	-0.0099934265	-0.4388439	-0.21248451	-0.13534963	0.9999996	0.1693342	-0.18911605	-0.005147325	-0.3934713	0.16496064	0.121982895	-0.012743643	9.761968e-5	0.24761136	-0.051819976	0.29985538	0.054858405	0.28640023	-0.19392262	-0.014423821	-0.1592527
-0.21278654	-0.16203623	-0.012882478	0.17898095	-0.16574542	0.17153794	0.13340044	-0.10521334	0.107615255	0.16036224	-0.025170585	-0.5131183	-0.3732159	0.1693342	0.99999946	-0.06302448	-0.02010485	-0.1787807	0.2820277	0.22237606	-0.21187729	-0.11185354	0.05821542	-0.17327067	0.17017668	-0.15798822	0.14753228	0.06555619	-0.039090466	-0.34091306
0.24810845	0.057382792	-0.043017928	-0.28492317	-0.00946505	-0.11614178	-0.40458846	-0.12257811	-0.18842585	-0.22746557	0.15235628	0.08364261	0.21408755	-0.18911605	-0.06302448	0.99999946	-0.39482167	0.06982619	-0.08092308	-0.31098524	0.15492013	0.22815035	-0.0074850023	0.19293399	-0.1630996	0.12274008	-0.14924937	-0.18756017	0.25529316	0.16347957
-0.19244206	-0.103195876	0.10911612	0.069066405	0.06655412	0.11747153	0.19725116	0.17295235	-0.0013965345	0.069210395	-0.09333162	0.016758936	-0.14343648	-0.005147325	-0.02010485	-0.39482167	0.99999946	0.07563612	0.027134238	0.12776323	-0.021084959	-0.14841093	-0.083617635	-0.14533006	-0.0464053	0.002374514	0.05364581	0.12634367	-0.7155186	-0.11699191
0.20192045	-0.16061038	0.2255964	-0.32536533	0.27432045	0.033024445	-0.20361058	0.25471893	0.022561874	0.06768741	0.26942274	0.22773856	0.08682365	-0.3934713	-0.1787807	0.06982619	0.07563612	0.99999946	-0.26865247	-0.11299571	-0.040842522	-0.02454632	-0.3887644	0.06544765	-0.48321173	-0.06817221	-0.3547409	0.15006769	-0.084025875	0.06303086
-0.2861558	-0.13130473	-0.001191308	0.16348739	-0.1321342	0.17024407	0.20902331	-0.06341896	0.03081713	0.08602142	-0.09145284	-0.5092344	-0.31951398	0.16496064	0.2820277	-0.08092308	0.027134238	-0.26865247	0.99999946	0.26084363	-0.13918252	-0.07406946	0.10058997	-0.4232641	0.1894199	-0.039842803	0.19708656	0.056197204	-0.067823924	-0.3096384
-0.35371542	-0.25212806	0.106401436	0.16980414	0.0006166183	0.2617766	0.2706323	0.080524184	0.12273705	0.20122786	-0.12904443	-0.27398324	-0.37385148	0.121982895	0.22237606	-0.31098524	0.12776323	-0.11299571	0.26084363	0.9999995	-0.1968183	-0.29148316	-0.012321109	-0.47729397	0.14901237	-0.13044113	0.16944419	0.1585752	-0.15875517	-0.34985858
0.121566385	0.21150558	-0.2739759	-0.11815312	-0.16691765	-0.29411554	-0.06950192	-0.18280098	-0.45354694	-0.48248807	-0.08053219	0.084516905	0.2659855	-0.012743643	-0.21187729	0.15492013	-0.021084959	-0.040842522	-0.13918252	-0.1968183	0.9999995	0.29494312	0.17534707	0.15748818	-0.019003028	0.3016735	0.04945655	-0.29506245	0.07558506	0.16572678
0.15550709	0.1943426	-0.2537482	-0.120053776	-0.09936566	-0.32120386	-0.15391013	-0.2112566	-0.4297566	-0.46622637	-0.0050002504	0.060041994	0.25289062	9.761968e-5	-0.11185354	0.22815035	-0.14841093	-0.02454632	-0.07406946	-0.29148316	0.29494312	0.99999946	0.15614386	0.18663763	-0.02778155	0.27308547	-0.021060642	-0.3867733	0.16447447	0.18024406
-0.14843255	0.23144664	-0.42033902	0.19110522	-0.2863471	-0.21732368	0.10261436	-0.33384976	-0.11605083	-0.22307327	-0.2863338	-0.21965522	0.035305113	0.24761136	0.05821542	-0.0074850023	-0.083617635	-0.3887644	0.10058997	-0.012321109	0.17534707	0.15614386	0.9999996	0.010423414	0.245758	0.16408032	0.25583103	-0.3722505	0.083088376	0.058343206
0.26667365	0.20495524	-0.12758397	-0.13154227	-0.06733971	-0.33145878	-0.32756135	-0.19017082	-0.05319668	-0.15162516	0.066595264	0.19021793	0.24866971	-0.051819976	-0.17327067	0.19293399	-0.14533006	0.06544765	-0.4232641	-0.47729397	0.15748818	0.18663763	0.010423414	0.9999995	-0.100754894	0.08405189	-0.20837504	-0.16324458	0.16965123	0.28012517
-0.26810235	0.09988568	-0.27895284	0.25533405	-0.28770322	0.008393543	0.20485547	-0.28096327	0.02262388	-0.03422496	-0.44211563	-0.2100026	-0.16115604	0.29985538	0.17017668	-0.1630996	-0.0464053	-0.48321173	0.1894199	0.14901237	-0.019003028	-0.02778155	0.245758	-0.100754894	0.9999995	0.02958366	0.2826476	-0.07904492	0.037295364	-0.11226408
0.03184347	0.18065162	-0.19480316	-0.015036	-0.22561893	-0.20137857	0.0035030055	-0.17292495	-0.56149054	-0.41907355	-0.14656085	0.05465954	0.20829183	0.054858405	-0.15798822	0.12274008	0.002374514	-0.06817221	-0.039842803	-0.13044113	0.3016735	0.27308547	0.16408032	0.08405189	0.02958366	0.99999946	0.11039727	-0.40476245	0.03429732	0.08205998
-0.35615513	0.10539431	-0.25038752	0.25535473	-0.3546589	0.007406953	0.24549162	-0.20751679	-0.07454785	-0.060272664	-0.38559774	-0.25984767	-0.0714274	0.28640023	0.14753228	-0.14924937	0.05364581	-0.3547409	0.19708656	0.16944419	0.04945655	-0.021060642	0.25583103	-0.20837504	0.2826476	0.11039727	0.99999946	-0.15046889	-0.06730115	-0.19442914
-0.06976425	-0.2819382	0.26890475	-0.09084908	0.23059867	0.25548664	0.02862378	0.26746732	0.22032085	0.2815495	0.1511482	0.006402992	-0.18490234	-0.19392262	0.06555619	-0.18756017	0.12634367	0.15006769	0.056197204	0.1585752	-0.29506245	-0.3867733	-0.3722505	-0.16324458	-0.07904492	-0.40476245	-0.15046889	0.9999994	-0.16800733	-0.23867032
0.18103907	0.12794347	-0.17405863	-0.15663208	-0.045223136	-0.15349825	-0.2721198	-0.23209499	-0.048388578	-0.10995661	0.05490968	0.030274192	0.15590078	-0.014423821	-0.039090466	0.25529316	-0.7155186	-0.084025875	-0.067823924	-0.15875517	0.07558506	0.16447447	0.083088376	0.16965123	0.037295364	0.03429732	-0.06730115	-0.16800733	0.9999995	0.13721192
0.24106057	0.21806155	-0.14606225	-0.06795995	-0.021696331	-0.44364983	-0.23447761	-0.15227894	-0.008829802	-0.20157896	0.060573563	0.19155048	0.25712842	-0.1592527	-0.34091306	0.16347957	-0.11699191	0.06303086	-0.3096384	-0.34985858	0.16572678	0.18024406	0.058343206	0.28012517	-0.11226408	0.08205998	-0.19442914	-0.23867032	0.13721192	0.9999995
