1.0	-0.3475907	-0.28494167	0.2534015	0.25478134	0.07400039	-0.12167539	-0.26285565	0.1350956	-0.061522678	0.08277647	0.2920613	0.17123485	0.1737786	0.24767068	-0.38717708	0.27839455	-0.29202124	0.27513316	-0.33400375	0.03871247	-0.28250316	-0.17346485	-0.3801116	-0.16994536	0.16870628	-0.3212867	0.29306525	-0.32110977	0.0014250678
-0.3475907	1.0	0.1546543	-0.3122724	-0.15574896	-0.11546116	0.181448	0.23029955	-0.02627243	0.03895786	-0.012787918	-0.29592738	-0.43916264	-0.2135772	-0.20560317	0.18803412	-0.4242893	0.18669058	-0.2620179	0.23897389	-0.011175713	0.1400828	0.14014596	0.2661664	0.13746585	-0.20701261	0.19000305	-0.30751735	0.23807204	0.0054411106
-0.28494167	0.1546543	0.9999998	-0.33310926	-0.44673324	0.14280471	0.2491098	0.27523017	-0.20121941	0.25155628	-0.4101959	-0.21848805	-0.18466446	0.05762433	-0.2945727	0.25465998	-0.25892842	0.2691811	-0.16447939	0.16478091	0.15927352	0.11918093	-0.11507111	0.18088199	-0.08300063	-0.32767937	0.26622072	-0.25317615	0.26364678	-0.23252514
0.2534015	-0.3122724	-0.33310926	0.99999976	0.28302038	-0.13868587	-0.381007	-0.40900025	0.24152702	-0.29634503	0.23183739	0.25617802	0.27297425	0.07564798	0.30316168	-0.28430182	0.23027645	-0.3747304	0.20221631	-0.24799164	-0.10628205	-0.1907496	0.033316884	-0.35373595	0.0014062872	0.26595244	-0.30680138	0.22911829	-0.2937099	0.14870813
0.25478134	-0.15574896	-0.44673324	0.28302038	0.9999994	-0.059463806	-0.19874285	-0.41320488	0.22095296	-0.30385146	0.21765345	0.27098203	0.17014217	0.06878587	0.2976321	-0.26658058	0.19564866	-0.24400577	0.23481971	-0.32644105	-0.08708632	-0.31722403	-0.03582555	-0.25325945	-0.016012138	0.21283606	-0.39169055	0.26090953	-0.3045242	0.13225406
0.07400039	-0.11546116	0.14280471	-0.13868587	-0.059463806	0.99999917	0.18387783	0.08047913	-0.33859777	0.2589814	-0.32445055	-0.023588898	-0.06896174	0.2507935	-0.0897588	0.06549116	0.10796703	0.13509949	0.062021427	-0.056541346	0.28462484	-0.15771866	-0.45726234	-0.055405162	-0.37065697	-0.15746361	0.06421046	0.08235483	0.05881651	-0.4374834
-0.12167539	0.181448	0.2491098	-0.381007	-0.19874285	0.18387783	0.99999917	0.26235637	-0.32828474	0.27760303	-0.34630698	-0.20805947	-0.46060258	0.030922927	-0.3327315	0.21573088	-0.18127713	0.29290944	-0.07581763	0.097734146	0.19746217	0.04615205	-0.15971434	0.18799981	-0.12334096	-0.39129755	0.24177852	-0.14703012	0.23253576	-0.2417104
-0.26285565	0.23029955	0.27523017	-0.40900025	-0.41320488	0.08047913	0.26235637	0.99999917	-0.25283682	0.22498386	-0.28583512	-0.2683777	-0.3257492	-0.122738525	-0.3912832	0.26529002	-0.24776226	0.24169447	-0.3332312	0.2367481	0.07885973	0.2042081	0.012097059	0.27667898	0.015931394	-0.22708474	0.3033089	-0.28546447	0.28752393	-0.17024644
0.1350956	-0.02627243	-0.20121941	0.24152702	0.22095296	-0.33859777	-0.32828474	-0.25283682	0.9999993	-0.43260437	0.28983608	0.19033751	0.15651722	-0.095567025	0.26443657	-0.32914013	0.029243516	-0.22534116	0.112597324	-0.057835557	-0.16558608	-0.17812772	0.15135585	-0.24919899	0.092457406	0.24146369	-0.3723503	0.102070935	-0.21293254	0.23802646
-0.061522678	0.03895786	0.25155628	-0.29634503	-0.30385146	0.2589814	0.27760303	0.22498386	-0.43260437	0.9999993	-0.4314837	-0.14614023	-0.18661849	0.11516328	-0.33086577	0.19581403	-0.03150921	0.23825592	-0.047652666	0.053722132	0.23063558	0.05603605	-0.31099537	0.09599684	-0.18912071	-0.3275774	0.22890812	-0.056338415	0.19589822	-0.30986732
0.08277647	-0.012787918	-0.4101959	0.23183739	0.21765345	-0.32445055	-0.34630698	-0.28583512	0.28983608	-0.4314837	0.9999993	0.14195713	0.17675433	-0.1857067	0.23657368	-0.23531932	0.008028039	-0.31197083	0.042515967	-0.008257483	-0.20503965	-0.07132542	0.20229058	-0.11686898	0.17126916	0.27193978	-0.2803134	0.04425116	-0.16800192	0.27619612
0.2920613	-0.29592738	-0.21848805	0.25617802	0.27098203	-0.023588898	-0.20805947	-0.2683777	0.19033751	-0.14614023	0.14195713	0.9999993	0.1468278	0.11939034	0.2842995	-0.48079267	0.22007947	-0.16873813	0.27845442	-0.35378477	-0.001599163	-0.3622006	-0.10114156	-0.250689	-0.0897306	0.18943205	-0.39437893	0.28963032	-0.3964547	0.08048784
0.17123485	-0.43916264	-0.18466446	0.27297425	0.17014217	-0.06896174	-0.46060258	-0.3257492	0.15651722	-0.18661849	0.17675433	0.1468278	0.9999993	0.004158575	0.22713006	-0.13335791	0.21043396	-0.39056376	0.08696436	-0.10254135	-0.17405468	-0.006901125	0.013591126	-0.3051013	0.033524673	0.2465082	-0.21981786	0.13029069	-0.20025368	0.15131447
0.1737786	-0.2135772	0.05762433	0.07564798	0.06878587	0.2507935	0.030922927	-0.122738525	-0.095567025	0.11516328	-0.1857067	0.11939034	0.004158575	0.9999991	0.060709417	-0.037217338	0.19507788	0.04511162	0.23290412	-0.19516817	0.25287443	-0.28891224	-0.2995384	-0.28134874	-0.522465	-0.09300554	-0.084794775	0.1932696	-0.115034506	-0.3411152
0.24767068	-0.20560317	-0.2945727	0.30316168	0.2976321	-0.0897588	-0.3327315	-0.3912832	0.26443657	-0.33086577	0.23657368	0.2842995	0.22713006	0.060709417	0.9999992	-0.37991244	0.19602835	-0.26432982	0.21128662	-0.21512008	-0.16260737	-0.23489141	0.030241055	-0.29806018	0.01279899	0.26438692	-0.41720104	0.22497615	-0.41438755	0.17001878
-0.38717708	0.18803412	0.25465998	-0.28430182	-0.26658058	0.06549116	0.21573088	0.26529002	-0.32914013	0.19581403	-0.23531932	-0.48079267	-0.13335791	-0.037217338	-0.37991244	0.9999993	-0.19058737	0.22182517	-0.26825565	0.2156838	0.039244562	0.23227552	0.01787297	0.2405138	0.008523284	-0.3376391	0.31246006	-0.30281147	0.29098728	-0.1312899
0.27839455	-0.4242893	-0.25892842	0.23027645	0.19564866	0.10796703	-0.18127713	-0.24776226	0.029243516	-0.03150921	0.008028039	0.22007947	0.21043396	0.19507788	0.19602835	-0.19058737	0.9999993	-0.2097395	0.24344519	-0.34393603	0.03425628	-0.091689914	-0.1552581	-0.35864142	-0.18845084	0.12528034	-0.1693794	0.24686153	-0.39068893	-0.07886324
-0.29202124	0.18669058	0.2691811	-0.3747304	-0.24400577	0.13509949	0.29290944	0.24169447	-0.22534116	0.23825592	-0.31197083	-0.16873813	-0.39056376	0.04511162	-0.26432982	0.22182517	-0.2097395	0.9999992	-0.045948293	0.055802193	0.17448646	0.064199574	-0.09382039	0.17742224	-0.123080224	-0.51474243	0.23741774	-0.09215275	0.23134486	-0.22023329
0.27513316	-0.2620179	-0.16447939	0.20221631	0.23481971	0.062021427	-0.07581763	-0.3332312	0.112597324	-0.047652666	0.042515967	0.27845442	0.08696436	0.23290412	0.21128662	-0.26825565	0.24344519	-0.045948293	0.99999917	-0.478135	0.117425695	-0.33351952	-0.16672522	-0.2984125	-0.2948028	0.058003116	-0.2815294	0.29856277	-0.3414219	-0.0643867
-0.33400375	0.23897389	0.16478091	-0.24799164	-0.32644105	-0.056541346	0.097734146	0.2367481	-0.057835557	0.053722132	-0.008257483	-0.35378477	-0.10254135	-0.19516817	-0.21512008	0.2156838	-0.34393603	0.055802193	-0.478135	0.9999992	-0.073041715	0.24102111	0.14748457	0.24713545	0.14878319	-0.038789805	0.21128316	-0.4894632	0.24236761	0.01955055
0.03871247	-0.011175713	0.15927352	-0.10628205	-0.08708632	0.28462484	0.19746217	0.07885973	-0.16558608	0.23063558	-0.20503965	-0.001599163	-0.17405468	0.25287443	-0.16260737	0.039244562	0.03425628	0.17448646	0.117425695	-0.073041715	0.9999992	-0.2180604	-0.43952438	-0.09983678	-0.43095145	-0.19637884	0.07283504	0.0824488	0.089662276	-0.48156464
-0.28250316	0.1400828	0.11918093	-0.1907496	-0.31722403	-0.15771866	0.04615205	0.2042081	-0.17812772	0.05603605	-0.07132542	-0.3622006	-0.006901125	-0.28891224	-0.23489141	0.23227552	-0.091689914	0.064199574	-0.33351952	0.24102111	-0.2180604	0.9999991	0.19424374	0.23976934	0.20432231	-0.07489705	0.24183382	-0.40304738	0.18419893	0.044268906
-0.17346485	0.14014596	-0.11507111	0.033316884	-0.03582555	-0.45726234	-0.15971434	0.012097059	0.15135585	-0.31099537	0.20229058	-0.10114156	0.013591126	-0.2995384	0.030241055	0.01787297	-0.1552581	-0.09382039	-0.16672522	0.14748457	-0.43952438	0.19424374	0.9999989	0.13496491	0.28884605	0.12861413	0.007995008	-0.23509495	-0.031046174	0.2714471
-0.3801116	0.2661664	0.18088199	-0.35373595	-0.25325945	-0.055405162	0.18799981	0.27667898	-0.24919899	0.09599684	-0.11686898	-0.250689	-0.3051013	-0.28134874	-0.29806018	0.2405138	-0.35864142	0.17742224	-0.2984125	0.24713545	-0.09983678	0.23976934	0.13496491	0.999999	0.16975446	-0.116477095	0.26250675	-0.32363066	0.24934253	0.01167106
-0.16994536	0.13746585	-0.08300063	0.0014062872	-0.016012138	-0.37065697	-0.12334096	0.015931394	0.092457406	-0.18912071	0.17126916	-0.0897306	0.033524673	-0.522465	0.01279899	0.008523284	-0.18845084	-0.123080224	-0.2948028	0.14878319	-0.43095145	0.20432231	0.28884605	0.16975446	0.9999989	0.12577508	0.03268545	-0.14897098	0.03541362	0.2715965
0.16870628	-0.20701261	-0.32767937	0.26595244	0.21283606	-0.15746361	-0.39129755	-0.22708474	0.24146369	-0.3275774	0.27193978	0.18943205	0.2465082	-0.09300554	0.26438692	-0.3376391	0.12528034	-0.51474243	0.058003116	-0.038789805	-0.19637884	-0.07489705	0.12861413	-0.116477095	0.12577508	0.99999887	-0.2886327	0.099741384	-0.3264501	0.22651157
-0.3212867	0.19000305	0.26622072	-0.30680138	-0.39169055	0.06421046	0.24177852	0.3033089	-0.3723503	0.22890812	-0.2803134	-0.39437893	-0.21981786	-0.084794775	-0.41720104	0.31246006	-0.1693794	0.23741774	-0.2815294	0.21128316	0.07283504	0.24183382	0.007995008	0.26250675	0.03268545	-0.2886327	0.9999988	-0.2686173	0.29030758	-0.16693178
0.29306525	-0.30751735	-0.25317615	0.22911829	0.26090953	0.08235483	-0.14703012	-0.28546447	0.102070935	-0.056338415	0.04425116	0.28963032	0.13029069	0.1932696	0.22497615	-0.30281147	0.24686153	-0.09215275	0.29856277	-0.4894632	0.0824488	-0.40304738	-0.23509495	-0.32363066	-0.14897098	0.099741384	-0.2686173	0.9999989	-0.23280872	-0.031408954
-0.32110977	0.23807204	0.26364678	-0.2937099	-0.3045242	0.05881651	0.23253576	0.28752393	-0.21293254	0.19589822	-0.16800192	-0.3964547	-0.20025368	-0.115034506	-0.41438755	0.29098728	-0.39068893	0.23134486	-0.3414219	0.24236761	0.089662276	0.18419893	-0.031046174	0.24934253	0.03541362	-0.3264501	0.29030758	-0.23280872	0.9999989	-0.14126983
0.0014250678	0.0054411106	-0.23252514	0.14870813	0.13225406	-0.4374834	-0.2417104	-0.17024644	0.23802646	-0.30986732	0.27619612	0.08048784	0.15131447	-0.3411152	0.17001878	-0.1312899	-0.07886324	-0.22023329	-0.0643867	0.01955055	-0.48156464	0.044268906	0.2714471	0.01167106	0.2715965	0.22651157	-0.16693178	-0.031408954	-0.14126983	0.9999989
