1.0	0.03987997	-0.051274132	0.24347527	-0.19534497	0.12780952	-0.041707367	-0.29333574	0.19461076	0.07596906	-0.15741323	0.17323335	-0.21462685	-0.21927123	-0.31029406	0.13203876	-0.049755506	0.021142107	0.1601773	-0.18658297	0.14400023	-0.4127582	-0.007931373	0.1600542	0.06848111	0.20280369	-0.06768724	-0.28805134	0.11840447	-0.36599255
0.03987997	1.0000001	-0.38740462	0.19260757	-0.19203359	0.012117703	-0.24086562	-0.2955103	0.21565409	-0.26400137	0.22301707	0.20270175	-0.2938861	0.00076852913	-0.13875149	-0.18291007	0.09780385	-0.4224384	0.28600603	-0.16483612	0.25415644	0.0761407	-0.30358535	0.014294646	0.19980712	0.16287872	0.09496419	-0.31033	-0.0025959695	0.1263858
-0.051274132	-0.38740462	1.0000002	-0.3099447	0.24703264	-0.017877897	0.26123428	0.22923525	-0.25725728	0.12349152	-0.21557727	-0.38735613	0.2464023	-0.01693904	0.1782424	0.0724458	-0.05047961	0.24767607	-0.37876368	0.19893634	-0.2684757	-0.018416187	0.21854113	-0.11561745	-0.39060855	-0.26892048	-0.020955933	0.2621617	-0.08598102	-0.04350496
0.24347527	0.19260757	-0.3099447	1.0000002	-0.3643042	0.09283168	-0.27317733	-0.2791689	0.28604624	-0.0357665	0.053724274	0.27542266	-0.37165552	-0.10782581	-0.42811084	0.0030164323	-0.028163066	-0.124347314	0.27757317	-0.2285801	0.24587838	-0.26023427	-0.12976365	0.18070579	0.21687308	0.28952095	-0.07068832	-0.33497328	0.1522323	-0.16315947
-0.19534497	-0.19203359	0.24703264	-0.3643042	1.0000002	0.022451991	0.27775902	0.20464824	-0.41250068	-0.10637606	-0.14786574	-0.25433072	0.22685988	-0.004723686	0.22285286	0.09015821	0.14346486	0.11250917	-0.29253006	0.26246122	-0.14029965	0.08277581	0.1006214	-0.25616437	-0.38931626	-0.31768125	0.11824507	0.22704169	-0.2646459	-0.0007312449
0.12780952	0.012117703	-0.017877897	0.09283168	0.022451991	1.0000005	0.00883127	-0.17646919	0.11173467	-0.3253781	-0.0016877952	0.046807483	-0.18406357	-0.6601284	-0.11516637	0.049086854	0.2428346	-0.035587028	0.1358846	0.10185653	0.1317292	-0.06153497	-0.1880415	-0.13941063	-0.04881778	0.03113089	0.07956489	-0.10138639	-0.06947913	-0.06960766
-0.041707367	-0.24086562	0.26123428	-0.27317733	0.27775902	0.00883127	1.0000004	0.1649692	-0.23233634	-0.07904917	-0.09790486	-0.36203226	0.21455571	-0.030932857	0.17392878	0.07907487	0.1141156	0.110231906	-0.22285794	0.24182887	-0.2329547	0.011796552	0.104635336	-0.126299	-0.48327538	-0.32889497	0.12468689	0.21780202	-0.33684736	-0.01627188
-0.29333574	-0.2955103	0.22923525	-0.2791689	0.20464824	-0.17646919	0.1649692	1.0000004	-0.39355633	0.10602116	-0.065326296	-0.32579875	0.31522712	0.14155804	0.26888177	-0.04942889	-0.069827124	0.17089337	-0.3477259	0.1609625	-0.41906482	0.12093764	0.1449496	-0.21271501	-0.09477977	-0.3322317	0.0367538	0.30121103	-0.08175675	0.07048689
0.19461076	0.21565409	-0.25725728	0.28604624	-0.41250068	0.11173467	-0.23233634	-0.39355633	1.0000002	-0.00968981	0.12209699	0.24465488	-0.40976062	-0.17204398	-0.30923417	-0.0890813	-0.067033656	-0.1380911	0.28212136	-0.23411076	0.23775513	-0.080682576	-0.16351613	0.16148597	0.19794162	0.28232974	-0.10193281	-0.37992153	0.14110321	-0.026744343
0.07596906	-0.26400137	0.12349152	-0.0357665	-0.10637606	-0.3253781	-0.07904917	0.10602116	-0.00968981	1.0000001	-0.10482637	-0.08813117	0.10411343	0.15413171	-0.023848787	-0.024453364	-0.5597407	0.20292623	-0.15795317	-0.05849963	-0.20263538	-0.17883675	0.22616127	0.13113809	0.032952942	0.058713056	-0.14645848	0.10587929	0.12727025	-0.08308411
-0.15741323	0.22301707	-0.21557727	0.053724274	-0.14786574	-0.0016877952	-0.09790486	-0.065326296	0.12209699	-0.10482637	1.0000001	-0.011929481	-0.089619026	0.009334464	0.041946344	-0.4813663	0.042486858	-0.33605763	0.16206032	0.06599668	0.07841578	0.20936635	-0.3232844	-0.17018808	0.065473065	-0.0205355	0.22077553	-0.10287622	-0.21982872	0.25163487
0.17323335	0.20270175	-0.38735613	0.27542266	-0.25433072	0.046807483	-0.36203226	-0.32579875	0.24465488	-0.08813117	-0.011929481	1.0000002	-0.3156851	-0.021991735	-0.2114948	0.09157556	0.012823579	-0.1438174	0.2526517	-0.32665676	0.23574473	-0.1847279	-0.07778428	0.20180449	0.21983247	0.26765862	-0.14874999	-0.42167506	0.20276389	-0.14547887
-0.21462685	-0.2938861	0.2464023	-0.37165552	0.22685988	-0.18406357	0.21455571	0.31522712	-0.40976062	0.10411343	-0.089619026	-0.3156851	1.0000002	0.15377614	0.2698428	0.022261778	-0.04296782	0.16346791	-0.37644517	0.15655442	-0.44565475	0.10777834	0.15397334	-0.16258873	-0.16138473	-0.33339947	0.04414474	0.30133507	-0.114224106	0.035713144
-0.21927123	0.00076852913	-0.01693904	-0.10782581	-0.004723686	-0.6601284	-0.030932857	0.14155804	-0.17204398	0.15413171	0.009334464	-0.021991735	0.15377614	1.0000001	0.087582126	-0.007052112	-0.33035725	0.01421935	-0.15690458	-0.14749399	-0.09461527	0.045265216	0.14168221	0.09627684	0.058555394	-0.040931527	-0.10564941	0.08986227	0.063217685	0.060667966
-0.31029406	-0.13875149	0.1782424	-0.42811084	0.22285286	-0.11516637	0.17392878	0.26888177	-0.30923417	-0.023848787	0.041946344	-0.2114948	0.2698428	0.087582126	1.0000004	-0.17467582	0.07132769	0.058199756	-0.25225925	0.19672017	-0.36306533	0.20826408	0.057671923	-0.24459806	-0.19095244	-0.43791333	0.13705678	0.25516406	-0.19034155	0.16307573
0.13203876	-0.18291007	0.0724458	0.0030164323	0.09015821	0.049086854	0.07907487	-0.04942889	-0.0890813	-0.024453364	-0.4813663	0.09157556	0.022261778	-0.007052112	-0.17467582	1.0000004	0.04051601	0.17639843	-0.06872425	-0.066473305	0.038740914	-0.21419908	0.17371547	0.14091554	-0.10619017	0.027065307	-0.24373554	-0.0342068	0.09792241	-0.49238843
-0.049755506	0.09780385	-0.05047961	-0.028163066	0.14346486	0.2428346	0.1141156	-0.069827124	-0.067033656	-0.5597407	0.042486858	0.012823579	-0.04296782	-0.33035725	0.07132769	0.04051601	1.0000004	-0.19339584	0.0646181	0.12811172	0.07665834	0.123620175	-0.2630558	-0.21800655	-0.10326081	-0.15996136	0.18157841	-0.053488962	-0.151808	0.0013886321
0.021142107	-0.4224384	0.24767607	-0.124347314	0.11250917	-0.035587028	0.110231906	0.17089337	-0.1380911	0.20292623	-0.33605763	-0.1438174	0.16346791	0.01421935	0.058199756	0.17639843	-0.19339584	1.0000005	-0.3495612	0.0272464	-0.30540088	-0.17864767	0.29642847	0.08369866	-0.1520524	-0.06251966	-0.2573461	0.18207179	0.098910496	-0.2667239
0.1601773	0.28600603	-0.37876368	0.27757317	-0.29253006	0.1358846	-0.22285794	-0.3477259	0.28212136	-0.15795317	0.16206032	0.2526517	-0.37644517	-0.15690458	-0.25225925	-0.06872425	0.0646181	-0.3495612	1.0000005	-0.17674178	0.2876081	-0.052675094	-0.31028217	0.082448736	0.20583898	0.22920045	0.03943735	-0.3689695	0.041466605	0.005350124
-0.18658297	-0.16483612	0.19893634	-0.2285801	0.26246122	0.10185653	0.24182887	0.1609625	-0.23411076	-0.05849963	0.06599668	-0.32665676	0.15655442	-0.14749399	0.19672017	-0.066473305	0.12811172	0.0272464	-0.17674178	1.0000004	-0.06996038	0.14997503	-0.0041758977	-0.40968078	-0.3898388	-0.30436566	0.21931472	0.19729422	-0.42390156	0.08467889
0.14400023	0.25415644	-0.2684757	0.24587838	-0.14029965	0.1317292	-0.2329547	-0.41906482	0.23775513	-0.20263538	0.07841578	0.23574473	-0.44565475	-0.09461527	-0.36306533	0.038740914	0.07665834	-0.30540088	0.2876081	-0.06996038	1.0000004	-0.023234589	-0.20869014	0.047017373	0.13671626	0.2161166	0.03244408	-0.37091747	0.031143485	-0.049101874
-0.4127582	0.0761407	-0.018416187	-0.26023427	0.08277581	-0.06153497	0.011796552	0.12093764	-0.080682576	-0.17883675	0.20936635	-0.1847279	0.10777834	0.045265216	0.20826408	-0.21419908	0.123620175	-0.17864767	-0.052675094	0.14997503	-0.023234589	1.0000002	-0.2332458	-0.36381134	-0.03169262	-0.22037086	0.19343084	0.075574555	-0.14722143	0.2574095
-0.007931373	-0.30358535	0.21854113	-0.12976365	0.1006214	-0.1880415	0.104635336	0.1449496	-0.16351613	0.22616127	-0.3232844	-0.07778428	0.15397334	0.14168221	0.057671923	0.17371547	-0.2630558	0.29642847	-0.31028217	-0.0041758977	-0.20869014	-0.2332458	1.0000004	0.13219987	-0.1867702	-0.06885791	-0.27690122	0.16248804	0.105812415	-0.2729644
0.1600542	0.014294646	-0.11561745	0.18070579	-0.25616437	-0.13941063	-0.126299	-0.21271501	0.16148597	0.13113809	-0.17018808	0.20180449	-0.16258873	0.09627684	-0.24459806	0.14091554	-0.21800655	0.08369866	0.082448736	-0.40968078	0.047017373	-0.36381134	0.13219987	1.0000004	0.14121747	0.24898094	-0.41304392	-0.1020515	0.2609292	-0.14894783
0.06848111	0.19980712	-0.39060855	0.21687308	-0.38931626	-0.04881778	-0.48327538	-0.09477977	0.19794162	0.032952942	0.065473065	0.21983247	-0.16138473	0.058555394	-0.19095244	-0.10619017	-0.10326081	-0.1520524	0.20583898	-0.3898388	0.13671626	-0.03169262	-0.1867702	0.14121747	1.0	0.24304458	-0.13998878	-0.1634487	0.21275614	0.032934297
0.20280369	0.16287872	-0.26892048	0.28952095	-0.31768125	0.03113089	-0.32889497	-0.3322317	0.28232974	0.058713056	-0.0205355	0.26765862	-0.33339947	-0.040931527	-0.43791333	0.027065307	-0.15996136	-0.06251966	0.22920045	-0.30436566	0.2161166	-0.22037086	-0.06885791	0.24898094	0.24304458	0.9999999	-0.24968594	-0.27931675	0.23344794	-0.06724732
-0.06768724	0.09496419	-0.020955933	-0.07068832	0.11824507	0.07956489	0.12468689	0.0367538	-0.10193281	-0.14645848	0.22077553	-0.14874999	0.04414474	-0.10564941	0.13705678	-0.24373554	0.18157841	-0.2573461	0.03943735	0.21931472	0.03244408	0.19343084	-0.27690122	-0.41304392	-0.13998878	-0.24968594	0.99999964	0.04598549	-0.48691493	0.1613805
-0.28805134	-0.31033	0.2621617	-0.33497328	0.22704169	-0.10138639	0.21780202	0.30121103	-0.37992153	0.10587929	-0.10287622	-0.42167506	0.30133507	0.08986227	0.25516406	-0.0342068	-0.053488962	0.18207179	-0.3689695	0.19729422	-0.37091747	0.075574555	0.16248804	-0.1020515	-0.1634487	-0.27931675	0.04598549	0.9999995	-0.19244424	0.08023933
0.11840447	-0.0025959695	-0.08598102	0.1522323	-0.2646459	-0.06947913	-0.33684736	-0.08175675	0.14110321	0.12727025	-0.21982872	0.20276389	-0.114224106	0.063217685	-0.19034155	0.09792241	-0.151808	0.098910496	0.041466605	-0.42390156	0.031143485	-0.14722143	0.105812415	0.2609292	0.21275614	0.23344794	-0.48691493	-0.19244424	0.9999996	-0.11934692
-0.36599255	0.1263858	-0.04350496	-0.16315947	-0.0007312449	-0.06960766	-0.01627188	0.07048689	-0.026744343	-0.08308411	0.25163487	-0.14547887	0.035713144	0.060667966	0.16307573	-0.49238843	0.0013886321	-0.2667239	0.005350124	0.08467889	-0.049101874	0.2574095	-0.2729644	-0.14894783	0.032934297	-0.06724732	0.1613805	0.08023933	-0.11934692	0.9999996
