1.0000001	0.1418632	0.07788363	0.24920088	0.18283959	-0.20220469	-0.21051186	0.060671553	-0.050542988	0.12024704	-0.091885336	-0.21039373	0.112780325	0.11053853	-0.14039674	0.14985985	0.25582948	-0.19055398	0.11689456	-0.4086008	-0.06863794	-0.19900423	-0.014090242	0.14606777	0.005039547	0.07947721	-0.48358122	-0.32638848	-0.46149662	0.2491353
0.1418632	1.0000002	0.16985537	0.23625688	0.21720006	-0.18453075	-0.08545876	0.20925008	-0.41065037	0.24201125	-0.20745379	-0.28353393	0.12660699	0.123730786	-0.3107538	0.26926026	0.19779132	-0.22088881	0.19309546	-0.21906966	-0.3155448	-0.22955543	-0.27486628	0.2546478	0.07653306	-0.04279331	-0.16047958	-0.4059891	-0.27885565	0.17236109
0.07788363	0.16985537	1.0000002	0.033684656	0.22740364	-0.36989793	-0.40784505	0.105955236	-0.05633989	0.24554446	-0.26557013	-0.22731978	0.24674372	0.22067402	-0.28717303	0.25245324	0.17267996	-0.24008842	0.053987376	-0.0003587225	-0.057052873	-0.2540736	-0.5318519	0.05895896	-0.10121606	0.16113414	-0.13010377	-0.20319021	-0.09682252	0.20198314
0.24920088	0.23625688	0.033684656	0.99999994	0.13994262	-0.12832253	-0.003931139	0.18164228	-0.19154014	0.15156461	-0.11758492	-0.12468601	-0.00065606064	0.054358523	-0.24973479	0.14953597	0.18518493	-0.20103276	0.21630526	-0.50730973	-0.24645142	-0.09671859	-0.059502915	0.26717243	0.13588351	-0.09527361	-0.30254376	-0.40296406	-0.4310544	0.15862122
0.18283959	0.21720006	0.22740364	0.13994262	0.9999997	-0.16209687	-0.40360403	0.09675799	-0.1098226	0.25188	-0.337233	-0.48873505	0.27885923	0.23563477	-0.2916055	0.23819211	0.23226354	-0.19377498	0.099655315	-0.18041478	-0.0924603	-0.31426844	-0.21585804	0.10503995	-0.16712338	0.15752488	-0.26697263	-0.32649896	-0.124537915	0.21185344
-0.20220469	-0.18453075	-0.36989793	-0.12832253	-0.16209687	0.9999998	0.22137773	-0.17988773	0.15826808	-0.35098082	0.08667348	0.19678766	-0.13379656	-0.07160501	0.24039416	-0.3800967	-0.402226	0.19328286	-0.10208581	0.16128843	0.102202445	0.19532861	0.22432736	-0.16538198	0.09801979	-0.18412066	0.2191097	0.20668234	0.1941961	-0.48066217
-0.21051186	-0.08545876	-0.40784505	-0.003931139	-0.40360403	0.22137773	0.99999964	-0.014813914	-0.0060175597	-0.18560043	0.22858351	0.24907441	-0.4045305	-0.275978	0.14343524	-0.21087822	-0.2932549	0.108118266	0.045142736	0.051359206	-0.06991317	0.26501396	0.21039055	0.023799367	0.20718387	-0.30322763	0.17558853	0.15906909	0.1109832	-0.32352126
0.060671553	0.20925008	0.105955236	0.18164228	0.09675799	-0.17988773	-0.014813914	0.9999996	-0.37047893	0.15921661	-0.010135298	-0.057461753	-0.061034516	-0.06932374	-0.3355349	0.14667381	0.087150835	-0.4979745	0.28115332	-0.12982371	-0.35636872	0.07201263	-0.17756018	0.2462672	0.20526975	-0.21591672	-0.11873181	-0.17823386	-0.1660036	0.08729626
-0.050542988	-0.41065037	-0.05633989	-0.19154014	-0.1098226	0.15826808	-0.0060175597	-0.37047893	0.99999964	-0.24852611	-0.03721014	0.06938159	0.061468564	0.07513715	0.22890992	-0.27634853	-0.23744152	0.23575808	-0.28784147	0.18366598	0.27468657	-0.047339093	0.10690727	-0.3047216	-0.26959103	0.16253796	0.13068393	0.19426075	0.1245024	-0.101718254
0.12024704	0.24201125	0.24554446	0.15156461	0.25188	-0.35098082	-0.18560043	0.15921661	-0.24852611	0.9999997	-0.11798071	-0.35564867	0.19564225	0.13188909	-0.45147815	0.30357972	0.24053611	-0.30669376	0.14762592	-0.2071225	-0.1434076	-0.29444647	-0.35242635	0.15350711	-0.10524478	0.11722871	-0.17987923	-0.27813002	-0.09652165	0.2136565
-0.091885336	-0.20745379	-0.26557013	-0.11758492	-0.337233	0.08667348	0.22858351	-0.010135298	-0.03721014	-0.11798071	0.9999998	0.22797373	-0.37344393	-0.684807	0.12214521	-0.12666154	-0.12707521	0.103860244	0.0012953015	0.055287495	-0.026819522	0.22904523	0.21552977	0.00015080227	0.12652603	-0.17678712	0.13407522	0.18855724	0.09870195	-0.11773701
-0.21039373	-0.28353393	-0.22731978	-0.12468601	-0.48873505	0.19678766	0.24907441	-0.057461753	0.06938159	-0.35564867	0.22797373	0.99999994	-0.42555285	-0.24536796	0.24003798	-0.264806	-0.21214427	0.17933081	-0.16585605	0.15631144	0.103730306	0.2680667	0.22742045	-0.16421014	0.12580377	-0.20187967	0.21699212	0.2593462	0.1426321	-0.23526394
0.112780325	0.12660699	0.24674372	-0.00065606064	0.27885923	-0.13379656	-0.4045305	-0.061034516	0.061468564	0.19564225	-0.37344393	-0.42555285	1.0	0.28034252	-0.14107509	0.18170907	0.15514933	-0.10372868	-0.066636264	-0.010957649	0.04049582	-0.39434132	-0.28318614	-0.031098505	-0.28529423	0.2581686	-0.12135811	-0.19816148	-0.07705912	0.1739871
0.11053853	0.123730786	0.22067402	0.054358523	0.23563477	-0.07160501	-0.275978	-0.06932374	0.07513715	0.13188909	-0.684807	-0.24536796	0.28034252	1.0	-0.11891139	0.133228	0.11904871	-0.090145834	-0.029076127	-0.028477717	0.044584807	-0.26669416	-0.29110053	-0.05861068	-0.13421491	0.1742602	-0.18269296	-0.20522794	-0.07483429	0.123684555
-0.14039674	-0.3107538	-0.28717303	-0.24973479	-0.2916055	0.24039416	0.14343524	-0.3355349	0.22890992	-0.45147815	0.12214521	0.24003798	-0.14107509	-0.11891139	1.0	-0.38509285	-0.22639473	0.28669903	-0.34590942	0.1940842	0.19718392	0.15957446	0.2593285	-0.19255841	-0.025681047	-0.0085631665	0.20660363	0.26980966	0.14802036	-0.18532075
0.14985985	0.26926026	0.25245324	0.14953597	0.23819211	-0.3800967	-0.21087822	0.14667381	-0.27634853	0.30357972	-0.12666154	-0.264806	0.18170907	0.133228	-0.38509285	1.0000001	0.25411108	-0.191543	0.13305801	-0.16446187	-0.22789057	-0.35032913	-0.3863562	0.18915966	-0.03257647	0.09058591	-0.24706852	-0.33981815	-0.13127697	0.22383785
0.25582948	0.19779132	0.17267996	0.18518493	0.23226354	-0.402226	-0.2932549	0.087150835	-0.23744152	0.24053611	-0.12707521	-0.21214427	0.15514933	0.11904871	-0.22639473	0.25411108	1.0000002	-0.1743076	0.0994566	-0.35008603	-0.09401976	-0.23301348	-0.15281598	0.15200669	-0.14242043	0.14404225	-0.42635247	-0.25761998	-0.263886	0.2978449
-0.19055398	-0.22088881	-0.24008842	-0.20103276	-0.19377498	0.19328286	0.108118266	-0.4979745	0.23575808	-0.30669376	0.103860244	0.17933081	-0.10372868	-0.090145834	0.28669903	-0.191543	-0.1743076	1.0000004	-0.45305908	0.18628666	0.23129101	0.029701985	0.20283079	-0.2428592	-0.17010012	0.06977937	0.20951277	0.22630487	0.17229655	-0.15826067
0.11689456	0.19309546	0.053987376	0.21630526	0.099655315	-0.10208581	0.045142736	0.28115332	-0.28784147	0.14762592	0.0012953015	-0.16585605	-0.066636264	-0.029076127	-0.34590942	0.13305801	0.0994566	-0.45305908	1.0000002	-0.26666093	-0.29288313	0.07030239	-0.116536915	0.24826223	0.21840532	-0.27076748	-0.27427688	-0.18667684	-0.11423672	0.047894306
-0.4086008	-0.21906966	-0.0003587225	-0.50730973	-0.18041478	0.16128843	0.051359206	-0.12982371	0.18366598	-0.2071225	0.055287495	0.15631144	-0.010957649	-0.028477717	0.1940842	-0.16446187	-0.35008603	0.18628666	-0.26666093	1.0000002	0.18862653	0.084414534	0.027228368	-0.33096993	-0.079096906	0.01486802	0.282223	0.2577785	0.27916625	-0.23914212
-0.06863794	-0.3155448	-0.057052873	-0.24645142	-0.0924603	0.102202445	-0.06991317	-0.35636872	0.27468657	-0.1434076	-0.026819522	0.103730306	0.04049582	0.044584807	0.19718392	-0.22789057	-0.09401976	0.23129101	-0.29288313	0.18862653	1.0000002	-0.023610316	0.12444616	-0.5700125	-0.32241565	0.18109079	0.15089187	0.2064405	0.16613495	-0.10428158
-0.19900423	-0.22955543	-0.2540736	-0.09671859	-0.31426844	0.19532861	0.26501396	0.07201263	-0.047339093	-0.29444647	0.22904523	0.2680667	-0.39434132	-0.26669416	0.15957446	-0.35032913	-0.23301348	0.029701985	0.07030239	0.084414534	-0.023610316	1.0000004	0.22057839	-0.026342388	0.21341391	-0.36333615	0.15700015	0.20770383	0.122341536	-0.20137817
-0.014090242	-0.27486628	-0.5318519	-0.059502915	-0.21585804	0.22432736	0.21039055	-0.17756018	0.10690727	-0.35242635	0.21552977	0.22742045	-0.28318614	-0.29110053	0.2593285	-0.3863562	-0.15281598	0.20283079	-0.116536915	0.027228368	0.12444616	0.22057839	1.0000002	-0.10238258	0.051490325	-0.12545079	0.10524722	0.2070199	0.087398745	-0.18611275
0.14606777	0.2546478	0.05895896	0.26717243	0.10503995	-0.16538198	0.023799367	0.2462672	-0.3047216	0.15350711	0.00015080227	-0.16421014	-0.031098505	-0.05861068	-0.19255841	0.18915966	0.15200669	-0.2428592	0.24826223	-0.33096993	-0.5700125	-0.026342388	-0.10238258	1.0000002	0.17893024	-0.15780593	-0.22032349	-0.2881041	-0.30873352	0.1401665
0.005039547	0.07653306	-0.10121606	0.13588351	-0.16712338	0.09801979	0.20718387	0.20526975	-0.26959103	-0.10524478	0.12652603	0.12580377	-0.28529423	-0.13421491	-0.025681047	-0.03257647	-0.14242043	-0.17010012	0.21840532	-0.079096906	-0.32241565	0.21341391	0.051490325	0.17893024	1.0000002	-0.50368124	-0.04672031	-0.052187257	-0.021260152	-0.18364868
0.07947721	-0.04279331	0.16113414	-0.09527361	0.15752488	-0.18412066	-0.30322763	-0.21591672	0.16253796	0.11722871	-0.17678712	-0.20187967	0.2581686	0.1742602	-0.0085631665	0.09058591	0.14404225	0.06977937	-0.27076748	0.01486802	0.18109079	-0.36333615	-0.12545079	-0.15780593	-0.50368124	1.0000004	-0.024554621	-0.037202276	-0.08479243	0.18548492
-0.48358122	-0.16047958	-0.13010377	-0.30254376	-0.26697263	0.2191097	0.17558853	-0.11873181	0.13068393	-0.17987923	0.13407522	0.21699212	-0.12135811	-0.18269296	0.20660363	-0.24706852	-0.42635247	0.20951277	-0.27427688	0.282223	0.15089187	0.15700015	0.10524722	-0.22032349	-0.04672031	-0.024554621	1.0000002	0.267844	0.2599545	-0.33004975
-0.32638848	-0.4059891	-0.20319021	-0.40296406	-0.32649896	0.20668234	0.15906909	-0.17823386	0.19426075	-0.27813002	0.18855724	0.2593462	-0.19816148	-0.20522794	0.26980966	-0.33981815	-0.25761998	0.22630487	-0.18667684	0.2577785	0.2064405	0.20770383	0.2070199	-0.2881041	-0.052187257	-0.037202276	0.267844	1.0	0.25069335	-0.21506347
-0.46149662	-0.27885565	-0.09682252	-0.4310544	-0.124537915	0.1941961	0.1109832	-0.1660036	0.1245024	-0.09652165	0.09870195	0.1426321	-0.07705912	-0.07483429	0.14802036	-0.13127697	-0.263886	0.17229655	-0.11423672	0.27916625	0.16613495	0.122341536	0.087398745	-0.30873352	-0.021260152	-0.08479243	0.2599545	0.25069335	1.0	-0.42561418
0.2491353	0.17236109	0.20198314	0.15862122	0.21185344	-0.48066217	-0.32352126	0.08729626	-0.101718254	0.2136565	-0.11773701	-0.23526394	0.1739871	0.123684555	-0.18532075	0.22383785	0.2978449	-0.15826067	0.047894306	-0.23914212	-0.10428158	-0.20137817	-0.18611275	0.1401665	-0.18364868	0.18548492	-0.33004975	-0.21506347	-0.42561418	1.0
