1.0000001	-0.3985171	0.25795135	-0.22482686	0.22494906	0.07051444	0.30444926	-0.27142486	-0.3903082	-0.31361777	-0.18523784	0.2945769	-0.34991243	0.058890093	-0.35872918	0.21171235	-0.26884177	0.20381956	-0.25431296	0.2927091	-0.12798628	-0.4277502	0.3081283	0.29224235	0.28782618	0.2898349	0.060337007	-0.2116097	-0.32717404	-0.047664806
-0.3985171	1.0000001	-0.20450625	0.03231432	-0.2865789	0.038921136	-0.35971943	0.22186889	0.2687222	0.24651054	0.060750697	-0.32976553	0.26182064	-0.13411984	0.29650664	-0.45415494	0.29013705	-0.13319771	0.288591	-0.3354636	-0.015023858	0.21859686	-0.3359115	-0.35981438	-0.20349951	-0.32735056	0.041565903	0.25106782	0.19892181	0.16135392
0.25795135	-0.20450625	0.99999994	-0.31157902	0.11681286	0.22233237	0.20612729	-0.30457586	-0.32545084	-0.3176121	-0.48102495	0.24790788	-0.16276015	-0.1698489	-0.19027168	0.088330664	-0.12978227	0.1564528	-0.103472576	0.2400523	-0.31509286	-0.37808874	0.26980552	0.20063123	0.25759012	0.15248907	0.21163948	-0.1363432	-0.22285764	0.12516524
-0.22482686	0.03231432	-0.31157902	0.99999994	0.03719604	-0.49209023	-0.12877046	0.1601623	0.17330806	0.104309276	0.2610569	-0.11270734	0.10581364	0.21399805	0.008556872	-0.04028966	0.01694645	-0.017103553	0.007612806	-0.13908331	0.29059625	0.2273903	-0.22478087	-0.09610668	-0.2780376	-0.06637359	-0.3203627	0.022889107	0.16171218	-0.37172747
0.22494906	-0.2865789	0.11681286	0.03719604	0.99999976	-0.13642734	0.23756133	-0.40300003	-0.19115105	-0.3389934	-0.03935468	0.26835588	-0.30524766	0.18153907	-0.39573175	0.23890932	-0.30611116	0.25270382	-0.3173056	0.23970598	0.012222704	-0.1516059	0.24506137	0.29066792	0.18907762	0.28302202	-0.05088583	-0.42087138	-0.309138	-0.16535467
0.07051444	0.038921136	0.22233237	-0.49209023	-0.13642734	0.9999999	-0.013016944	-0.17426288	-0.100540556	-0.107505724	-0.3172334	0.05482508	-0.036736455	-0.480899	0.057501204	-0.04471301	0.057445936	0.058561802	0.08846149	0.08513775	-0.3042452	-0.15486841	0.12759206	0.010271192	0.14597972	-0.06919491	0.269539	-0.008421327	-0.11010353	0.26318866
0.30444926	-0.35971943	0.20612729	-0.12877046	0.23756133	-0.013016944	0.99999994	-0.21359572	-0.39546987	-0.21174313	-0.12478494	0.28344804	-0.31708634	0.13428192	-0.41322243	0.26597503	-0.38097906	0.174159	-0.38563824	0.26984355	-0.11475077	-0.33280036	0.26641804	0.28721952	0.26614365	0.29867885	0.03902127	-0.21032955	-0.2657808	-0.16560662
-0.27142486	0.22186889	-0.30457586	0.1601623	-0.40300003	-0.17426288	-0.21359572	0.9999999	0.2713882	0.29969537	0.20818844	-0.2994114	0.281385	0.016532827	0.25035083	-0.16823672	0.19458108	-0.3243219	0.21370097	-0.24921195	0.13325417	0.25555736	-0.43672496	-0.38689443	-0.33785895	-0.3400346	-0.10396022	0.25224763	0.29151192	-0.0368794
-0.3903082	0.2687222	-0.32545084	0.17330806	-0.19115105	-0.100540556	-0.39546987	0.2713882	0.99999964	0.28927106	0.18443504	-0.34303287	0.29255652	-0.044383142	0.25664136	-0.20730577	0.24182853	-0.26850298	0.24919276	-0.43750903	0.106703825	0.29184514	-0.31800884	-0.3653797	-0.3592773	-0.36036727	-0.04435509	0.23986335	0.28265858	0.0026575592
-0.31361777	0.24651054	-0.3176121	0.104309276	-0.3389934	-0.107505724	-0.21174313	0.29969537	0.28927106	0.99999964	0.18204816	-0.4165444	0.28517017	-0.06696304	0.26746747	-0.20038822	0.21322185	-0.44124255	0.25044343	-0.36768535	0.064920425	0.24412386	-0.36846718	-0.31241992	-0.27413538	-0.30164963	-0.021509197	0.2907805	0.29497412	0.027567957
-0.18523784	0.060750697	-0.48102495	0.2610569	-0.03935468	-0.3172334	-0.12478494	0.20818844	0.18443504	0.18204816	0.99999976	-0.22938502	0.104724035	0.21969227	0.050210964	0.03572837	0.0040268414	-0.22790961	-0.010924286	-0.21869156	0.25796947	0.22488256	-0.23600563	-0.1519813	-0.19873625	-0.037267584	-0.35169405	0.10557194	0.22394209	-0.31297177
0.2945769	-0.32976553	0.24790788	-0.11270734	0.26835588	0.05482508	0.28344804	-0.2994114	-0.34303287	-0.4165444	-0.22938502	0.99999976	-0.24847454	0.058841363	-0.32928526	0.22234651	-0.23960637	0.26000065	-0.3595148	0.30539826	-0.12582855	-0.30459517	0.29888812	0.29926753	0.26676142	0.2707891	0.061416045	-0.37189344	-0.3833406	-0.09940702
-0.34991243	0.26182064	-0.16276015	0.10581364	-0.30524766	-0.036736455	-0.31708634	0.281385	0.29255652	0.28517017	0.104724035	-0.24847454	0.9999997	-0.14343947	0.28588378	-0.23720768	0.27159864	-0.34710905	0.29144543	-0.33981377	0.03587879	0.2616393	-0.37768978	-0.3924456	-0.37842786	-0.43461934	-0.052215856	0.27094665	0.27482978	0.099529006
0.058890093	-0.13411984	-0.1698489	0.21399805	0.18153907	-0.480899	0.13428192	0.016532827	-0.044383142	-0.06696304	0.21969227	0.058841363	-0.14343947	0.99999976	-0.17505433	0.1553541	-0.2310688	0.009545052	-0.27304128	0.030873343	0.2288177	0.00022569427	-0.008447887	0.116875485	-0.03213848	0.18090054	-0.39649132	-0.13033213	0.024825081	-0.3449372
-0.35872918	0.29650664	-0.19027168	0.008556872	-0.39573175	0.057501204	-0.41322243	0.25035083	0.25664136	0.26746747	0.050210964	-0.32928526	0.28588378	-0.17505433	0.9999999	-0.31199363	0.27082363	-0.29922083	0.30451548	-0.20408775	-0.0050989795	0.21085915	-0.33116162	-0.40079013	-0.17145187	-0.36583757	0.029780926	0.27071568	0.22650228	0.16564953
0.21171235	-0.45415494	0.088330664	-0.04028966	0.23890932	-0.04471301	0.26597503	-0.16823672	-0.20730577	-0.20038822	0.03572837	0.22234651	-0.23720768	0.1553541	-0.31199363	1.0	-0.49847457	0.12794678	-0.36894202	0.22149022	-0.038906127	-0.15470858	0.18936652	0.24869493	0.1888378	0.24851316	0.027405266	-0.34856018	-0.11418821	-0.28251553
-0.26884177	0.29013705	-0.12978227	0.01694645	-0.30611116	0.057445936	-0.38097906	0.19458108	0.24182853	0.21322185	0.0040268414	-0.23960637	0.27159864	-0.2310688	0.27082363	-0.49847457	1.0000001	-0.13747801	0.30130464	-0.33821148	0.036862735	0.2203073	-0.21868579	-0.27916604	-0.32233953	-0.36105254	-0.032427263	0.24794744	0.18715566	0.19006684
0.20381956	-0.13319771	0.1564528	-0.017103553	0.25270382	0.058561802	0.174159	-0.3243219	-0.26850298	-0.44124255	-0.22790961	0.26000065	-0.34710905	0.009545052	-0.29922083	0.12794678	-0.13747801	1.0000001	-0.25417212	0.25379246	0.019834956	-0.15124503	0.25105727	0.26086187	0.19700745	0.21400137	0.044163764	-0.4317488	-0.4170855	-0.033542678
-0.25431296	0.288591	-0.103472576	0.007612806	-0.3173056	0.08846149	-0.38563824	0.21370097	0.24919276	0.25044343	-0.010924286	-0.3595148	0.29144543	-0.27304128	0.30451548	-0.36894202	0.30130464	-0.25417212	1.0000001	-0.25130326	-0.056737933	0.19736247	-0.26397988	-0.36258554	-0.2825522	-0.38557327	0.05342386	0.27172044	0.20921624	0.20309103
0.2927091	-0.3354636	0.2400523	-0.13908331	0.23970598	0.08513775	0.26984355	-0.24921195	-0.43750903	-0.36768535	-0.21869156	0.30539826	-0.33981377	0.030873343	-0.20408775	0.22149022	-0.33821148	0.25379246	-0.25130326	1.0000002	-0.106028266	-0.32707557	0.29111177	0.290103	0.2849895	0.26331228	0.0822975	-0.40213746	-0.3827844	-0.05170505
-0.12798628	-0.015023858	-0.31509286	0.29059625	0.012222704	-0.3042452	-0.11475077	0.13325417	0.106703825	0.064920425	0.25796947	-0.12582855	0.03587879	0.2288177	-0.0050989795	-0.038906127	0.036862735	0.019834956	-0.056737933	-0.106028266	1.0000002	0.2067067	-0.15265067	-0.01918749	-0.2419784	-0.009087463	-0.5422625	-0.0046706176	0.15627208	-0.37048146
-0.4277502	0.21859686	-0.37808874	0.2273903	-0.1516059	-0.15486841	-0.33280036	0.25555736	0.29184514	0.24412386	0.22488256	-0.30459517	0.2616393	0.00022569427	0.21085915	-0.15470858	0.2203073	-0.15124503	0.19736247	-0.32707557	0.2067067	1.0000004	-0.34772578	-0.2864305	-0.43133873	-0.27517375	-0.25890198	0.18878277	0.26824728	-0.034194622
0.3081283	-0.3359115	0.26980552	-0.22478087	0.24506137	0.12759206	0.26641804	-0.43672496	-0.31800884	-0.36846718	-0.23600563	0.29888812	-0.37768978	-0.008447887	-0.33116162	0.18936652	-0.21868579	0.25105727	-0.26397988	0.29111177	-0.15265067	-0.34772578	1.0000004	0.3001146	0.29594737	0.27255446	0.116010144	-0.2699003	-0.36700597	0.025124632
0.29224235	-0.35981438	0.20063123	-0.09610668	0.29066792	0.010271192	0.28721952	-0.38689443	-0.3653797	-0.31241992	-0.1519813	0.29926753	-0.3924456	0.116875485	-0.40079013	0.24869493	-0.27916604	0.26086187	-0.36258554	0.290103	-0.01918749	-0.2864305	0.3001146	1.0000002	0.25145322	0.30436805	0.013270053	-0.3982913	-0.2517521	-0.10276271
0.28782618	-0.20349951	0.25759012	-0.2780376	0.18907762	0.14597972	0.26614365	-0.33785895	-0.3592773	-0.27413538	-0.19873625	0.26676142	-0.37842786	-0.03213848	-0.17145187	0.1888378	-0.32233953	0.19700745	-0.2825522	0.2849895	-0.2419784	-0.43133873	0.29594737	0.25145322	1.0	0.25284407	0.17354499	-0.19551112	-0.37618014	0.025486423
0.2898349	-0.32735056	0.15248907	-0.06637359	0.28302202	-0.06919491	0.29867885	-0.3400346	-0.36036727	-0.30164963	-0.037267584	0.2707891	-0.43461934	0.18090054	-0.36583757	0.24851316	-0.36105254	0.21400137	-0.38557327	0.26331228	-0.009087463	-0.27517375	0.27255446	0.30436805	0.25284407	0.9999999	-0.064430125	-0.22025883	-0.26681894	-0.14618637
0.060337007	0.041565903	0.21163948	-0.3203627	-0.05088583	0.269539	0.03902127	-0.10396022	-0.04435509	-0.021509197	-0.35169405	0.061416045	-0.052215856	-0.39649132	0.029780926	0.027405266	-0.032427263	0.044163764	0.05342386	0.0822975	-0.5422625	-0.25890198	0.116010144	0.013270053	0.17354499	-0.064430125	0.99999976	-0.024907317	-0.18675241	0.22776176
-0.2116097	0.25106782	-0.1363432	0.022889107	-0.42087138	-0.008421327	-0.21032955	0.25224763	0.23986335	0.2907805	0.10557194	-0.37189344	0.27094665	-0.13033213	0.27071568	-0.34856018	0.24794744	-0.4317488	0.27172044	-0.40213746	-0.0046706176	0.18878277	-0.2699003	-0.3982913	-0.19551112	-0.22025883	-0.024907317	0.99999994	0.25208136	0.121195115
-0.32717404	0.19892181	-0.22285764	0.16171218	-0.309138	-0.11010353	-0.2657808	0.29151192	0.28265858	0.29497412	0.22394209	-0.3833406	0.27482978	0.024825081	0.22650228	-0.11418821	0.18715566	-0.4170855	0.20921624	-0.3827844	0.15627208	0.26824728	-0.36700597	-0.2517521	-0.37618014	-0.26681894	-0.18675241	0.25208136	1.0	-0.07187122
-0.047664806	0.16135392	0.12516524	-0.37172747	-0.16535467	0.26318866	-0.16560662	-0.0368794	0.0026575592	0.027567957	-0.31297177	-0.09940702	0.099529006	-0.3449372	0.16564953	-0.28251553	0.19006684	-0.033542678	0.20309103	-0.05170505	-0.37048146	-0.034194622	0.025124632	-0.10276271	0.025486423	-0.14618637	0.22776176	0.121195115	-0.07187122	1.0
