1.0000001	0.31415355	-0.27510443	0.3136928	-0.051521868	-0.3061051	-0.33395135	0.05092291	-0.13858832	-0.39722386	0.2858183	-0.10256183	-0.296527	0.26776844	0.08437156	-0.29684937	-0.19897649	0.28283334	-0.3286369	0.2297665	0.09205954	0.028374754	-0.0005955568	-0.3854047	0.25015852	0.26516747	-0.407211	-0.4652546	0.2565582	0.26289743
0.31415355	1.0000002	-0.27668807	0.3126717	-0.07656911	-0.3610773	-0.32246387	-0.019702425	-0.21396126	-0.40177998	0.30902624	-0.104165256	-0.31398088	0.27352807	0.06001603	-0.40770665	-0.2155273	0.26961184	-0.34689614	0.25086957	0.13719353	0.05334424	0.062364984	-0.36089545	0.27004707	0.28646547	-0.35886157	-0.3640316	0.26690248	0.27814147
-0.27510443	-0.27668807	1.0	-0.22767311	-0.0665903	0.2784253	0.15128468	0.040795844	0.24492887	0.25717455	-0.34725285	0.2110334	0.18645091	-0.22729352	0.08298096	0.24722154	0.24006504	-0.21024749	0.2757117	-0.4139244	-0.2188615	-0.2729478	-0.09942703	0.2326474	-0.36990282	-0.3321521	0.2597134	0.2269864	-0.28799093	-0.3093338
0.3136928	0.3126717	-0.22767311	1.0	-0.068262264	-0.33951184	-0.32310307	0.06530071	-0.15710485	-0.36331573	0.28826794	-0.093865	-0.36226732	0.26601827	0.09920988	-0.42690083	-0.29576808	0.29861677	-0.24618375	0.21168867	0.10079815	-0.014131445	-0.004414834	-0.37471604	0.25077805	0.29081047	-0.337552	-0.42296764	0.27383125	0.28608647
-0.051521868	-0.07656911	-0.0665903	-0.068262264	0.99999994	-0.023059454	0.17909133	-0.22383665	-0.20172499	-0.037410133	0.046888303	-0.3860036	0.15176173	0.030813923	-0.55586904	0.07536117	-0.15561143	-0.1353409	0.010799062	-0.11427498	0.2095759	0.24717198	0.26666838	0.15063058	0.09967752	-0.08267397	-0.05103217	0.009501351	-0.26109275	0.012956324
-0.3061051	-0.3610773	0.2784253	-0.33951184	-0.023059454	0.9999999	0.2146497	0.009152635	0.21641468	0.2683641	-0.38448414	0.14137702	0.27308953	-0.22336309	-0.02274738	0.30349654	0.27894598	-0.22790419	0.23744915	-0.22562791	-0.22412995	-0.066208936	-0.09351737	0.25946063	-0.35132846	-0.36925867	0.3010886	0.26702148	-0.35553885	-0.4750432
-0.33395135	-0.32246387	0.15128468	-0.32310307	0.17909133	0.2146497	1.0	-0.21366931	0.07748407	0.22026353	-0.26378658	-0.031427983	0.2997924	-0.31162515	-0.24628529	0.2505421	0.13614185	-0.40630266	0.18741018	-0.1711727	0.026631432	0.1054758	0.12202764	0.28702864	-0.1998308	-0.38637155	0.21231435	0.24671346	-0.35756677	-0.14927313
0.05092291	-0.019702425	0.040795844	0.06530071	-0.22383665	0.009152635	-0.21366931	1.0000001	0.20134106	0.019647816	-0.075609535	0.21895812	-0.116865404	-0.03465193	0.24444005	-0.015285425	0.13159268	0.07282924	-0.038266823	0.06985761	-0.44083732	-0.4375382	-0.520834	-0.05252149	-0.14033109	0.037044317	0.02824971	0.01611758	0.13977866	-0.016052838
-0.13858832	-0.21396126	0.24492887	-0.15710485	-0.20172499	0.21641468	0.07748407	0.20134106	1.0	0.22371277	-0.34007362	0.27465856	0.13047111	-0.26209104	0.13269015	0.17271022	0.26226455	-0.15587331	0.17422578	-0.14253587	-0.4144838	-0.36614642	-0.334806	0.13502766	-0.3637238	-0.33867678	0.21709885	0.18308409	-0.09096951	-0.12532242
-0.39722386	-0.40177998	0.25717455	-0.36331573	-0.037410133	0.2683641	0.22026353	0.019647816	0.22371277	1.0	-0.2880916	0.19455236	0.22736745	-0.51349396	0.009805545	0.2845649	0.24395485	-0.2524657	0.23492676	-0.25694326	-0.18738717	-0.15303567	-0.11888108	0.2549645	-0.3023165	-0.2711639	0.31463242	0.2770877	-0.16799222	-0.31949648
0.2858183	0.30902624	-0.34725285	0.28826794	0.046888303	-0.38448414	-0.26378658	-0.075609535	-0.34007362	-0.2880916	1.0	-0.21202269	-0.27056706	0.26871243	-0.033530336	-0.3792956	-0.29310188	0.24609785	-0.3588157	0.23672183	0.19911021	0.13337259	0.13313486	-0.3127391	0.31191882	0.29132035	-0.35474163	-0.34376678	0.22887078	0.278647
-0.10256183	-0.104165256	0.2110334	-0.093865	-0.3860036	0.14137702	-0.031427983	0.21895812	0.27465856	0.19455236	-0.21202269	1.0	0.007175827	-0.33755076	0.23448598	0.09349062	0.21127363	-0.07250052	0.12711136	-0.09085878	-0.25799733	-0.454464	-0.37599474	0.025539393	-0.2871853	-0.11950823	0.1855437	0.13457	-0.012762275	-0.1208749
-0.296527	-0.31398088	0.18645091	-0.36226732	0.15176173	0.27308953	0.2997924	-0.116865404	0.13047111	0.22736745	-0.27056706	0.007175827	1.0000001	-0.21128528	-0.2521658	0.27904812	0.21324071	-0.44078612	0.19080885	-0.15852436	-0.078231566	0.06180444	0.051459175	0.28475785	-0.27307382	-0.38849705	0.24975841	0.27354753	-0.38415742	-0.33357337
0.26776844	0.27352807	-0.22729352	0.26601827	0.030813923	-0.22336309	-0.31162515	-0.03465193	-0.26209104	-0.51349396	0.26871243	-0.33755076	-0.21128528	1.0000001	0.0013209353	-0.32856435	-0.23776358	0.22413619	-0.16035369	0.16775945	0.1628073	0.12938854	0.09639215	-0.29913756	0.25822118	0.24914375	-0.42339167	-0.24978061	0.18884	0.23551998
0.08437156	0.06001603	0.08298096	0.09920988	-0.55586904	-0.02274738	-0.24628529	0.24444005	0.13269015	0.009805545	-0.033530336	0.23448598	-0.2521658	0.0013209353	1.0000002	-0.11273012	0.08141125	0.14141582	-0.018401574	0.03230121	-0.2431274	-0.3135167	-0.37118623	-0.18040808	-0.042226214	0.085077286	-0.0029977413	-0.05260298	0.19132155	-0.0330238
-0.29684937	-0.40770665	0.24722154	-0.42690083	0.07536117	0.30349654	0.2505421	-0.015285425	0.17271022	0.2845649	-0.3792956	0.09349062	0.27904812	-0.32856435	-0.11273012	1.0000002	0.23020123	-0.23021944	0.2610505	-0.33535737	-0.11877986	-0.013644312	-0.06278382	0.30271804	-0.25594267	-0.32545888	0.29181784	0.25986814	-0.33859447	-0.40394276
-0.19897649	-0.2155273	0.24006504	-0.29576808	-0.15561143	0.27894598	0.13614185	0.13159268	0.26226455	0.24395485	-0.29310188	0.21127363	0.21324071	-0.23776358	0.08141125	0.23020123	1.0000002	-0.3217471	0.15517154	-0.10258001	-0.37592617	-0.12416649	-0.27240777	0.17330274	-0.40175012	-0.33515787	0.27347407	0.25397354	-0.16218407	-0.3923272
0.28283334	0.26961184	-0.21024749	0.29861677	-0.1353409	-0.22790419	-0.40630266	0.07282924	-0.15587331	-0.2524657	0.24609785	-0.07250052	-0.44078612	0.22413619	0.14141582	-0.23021944	-0.3217471	1.0000002	-0.17561203	0.16239963	0.06409417	-0.052864566	-0.0154586965	-0.31786022	0.22876261	0.28480855	-0.2578456	-0.4918311	0.2605876	0.22869287
-0.3286369	-0.34689614	0.2757117	-0.24618375	0.010799062	0.23744915	0.18741018	-0.038266823	0.17422578	0.23492676	-0.3588157	0.12711136	0.19080885	-0.16035369	-0.018401574	0.2610505	0.15517154	-0.17561203	1.0000001	-0.5929001	-0.023882518	-0.11849383	-0.094959535	0.2564002	-0.34291428	-0.2130544	0.22084664	0.19820388	-0.26079994	-0.20992146
0.2297665	0.25086957	-0.4139244	0.21168867	-0.11427498	-0.22562791	-0.1711727	0.06985761	-0.14253587	-0.25694326	0.23672183	-0.09085878	-0.15852436	0.16775945	0.03230121	-0.33535737	-0.10258001	0.16239963	-0.5929001	0.9999999	0.0017607893	0.069461524	0.0054100663	-0.3590387	0.20165828	0.20927885	-0.19778283	-0.12962182	0.24986818	0.19236784
0.09205954	0.13719353	-0.2188615	0.10079815	0.2095759	-0.22412995	0.026631432	-0.44083732	-0.4144838	-0.18738717	0.19911021	-0.25799733	-0.078231566	0.1628073	-0.2431274	-0.11877986	-0.37592617	0.06409417	-0.023882518	0.0017607893	0.99999994	0.24887457	0.28513634	-0.02563738	0.23365837	0.12941441	-0.25666043	-0.17612416	-0.015533443	0.16651782
0.028374754	0.05334424	-0.2729478	-0.014131445	0.24717198	-0.066208936	0.1054758	-0.4375382	-0.36614642	-0.15303567	0.13337259	-0.454464	0.06180444	0.12938854	-0.3135167	-0.013644312	-0.12416649	-0.052864566	-0.11849383	0.069461524	0.24887457	0.9999998	0.2893322	-0.013516255	0.18019293	0.047560647	-0.09126532	-0.089679115	-0.06635404	0.053651612
-0.0005955568	0.062364984	-0.09942703	-0.004414834	0.26666838	-0.09351737	0.12202764	-0.520834	-0.334806	-0.11888108	0.13313486	-0.37599474	0.051459175	0.09639215	-0.37118623	-0.06278382	-0.27240777	-0.0154586965	-0.094959535	0.0054100663	0.28513634	0.2893322	0.99999964	0.031611603	0.17583731	0.023613976	-0.110372774	-0.054435126	-0.107416935	0.09453432
-0.3854047	-0.36089545	0.2326474	-0.37471604	0.15063058	0.25946063	0.28702864	-0.05252149	0.13502766	0.2549645	-0.3127391	0.025539393	0.28475785	-0.29913756	-0.18040808	0.30271804	0.17330274	-0.31786022	0.2564002	-0.3590387	-0.02563738	-0.013516255	0.031611603	0.9999994	-0.19441248	-0.3339668	0.24834967	0.25723672	-0.4362461	-0.25314236
0.25015852	0.27004707	-0.36990282	0.25077805	0.09967752	-0.35132846	-0.1998308	-0.14033109	-0.3637238	-0.3023165	0.31191882	-0.2871853	-0.27307382	0.25822118	-0.042226214	-0.25594267	-0.40175012	0.22876261	-0.34291428	0.20165828	0.23365837	0.18019293	0.17583731	-0.19441248	0.99999934	0.27172726	-0.3442357	-0.30117214	0.17532471	0.2624173
0.26516747	0.28646547	-0.3321521	0.29081047	-0.08267397	-0.36925867	-0.38637155	0.037044317	-0.33867678	-0.2711639	0.29132035	-0.11950823	-0.38849705	0.24914375	0.085077286	-0.32545888	-0.33515787	0.28480855	-0.2130544	0.20927885	0.12941441	0.047560647	0.023613976	-0.3339668	0.27172726	0.9999994	-0.2469067	-0.26430687	0.2809711	0.25478888
-0.407211	-0.35886157	0.2597134	-0.337552	-0.05103217	0.3010886	0.21231435	0.02824971	0.21709885	0.31463242	-0.35474163	0.1855437	0.24975841	-0.42339167	-0.0029977413	0.29181784	0.27347407	-0.2578456	0.22084664	-0.19778283	-0.25666043	-0.09126532	-0.110372774	0.24834967	-0.3442357	-0.2469067	0.99999964	0.28832072	-0.22921282	-0.421106
-0.4652546	-0.3640316	0.2269864	-0.42296764	0.009501351	0.26702148	0.24671346	0.01611758	0.18308409	0.2770877	-0.34376678	0.13457	0.27354753	-0.24978061	-0.05260298	0.25986814	0.25397354	-0.4918311	0.19820388	-0.12962182	-0.17612416	-0.089679115	-0.054435126	0.25723672	-0.30117214	-0.26430687	0.28832072	0.99999964	-0.21013963	-0.2764831
0.2565582	0.26690248	-0.28799093	0.27383125	-0.26109275	-0.35553885	-0.35756677	0.13977866	-0.09096951	-0.16799222	0.22887078	-0.012762275	-0.38415742	0.18884	0.19132155	-0.33859447	-0.16218407	0.2605876	-0.26079994	0.24986818	-0.015533443	-0.06635404	-0.107416935	-0.4362461	0.17532471	0.2809711	-0.22921282	-0.21013963	0.9999997	0.23172589
0.26289743	0.27814147	-0.3093338	0.28608647	0.012956324	-0.4750432	-0.14927313	-0.016052838	-0.12532242	-0.31949648	0.278647	-0.1208749	-0.33357337	0.23551998	-0.0330238	-0.40394276	-0.3923272	0.22869287	-0.20992146	0.19236784	0.16651782	0.053651612	0.09453432	-0.25314236	0.2624173	0.25478888	-0.421106	-0.2764831	0.23172589	0.9999997
