1.0000001	0.22017294	0.11089051	0.09064094	0.17113115	-0.23366833	0.1654894	-0.41024768	-0.009316928	0.17161247	0.034186568	-0.3201964	0.04064828	-0.008237058	0.23465349	0.11647477	-0.36652637	-0.14438103	-0.10697001	-0.22952476	-0.056769896	0.11284374	-0.26709795	-0.17560303	-0.1686409	-0.06394187	0.17401892	-0.021190893	0.2567036	-0.317086
0.22017294	1.0	-0.08184589	-0.17021881	0.18576345	-0.06453246	-0.0432294	-0.1539108	0.1826574	0.25163722	-0.25083235	-0.23061946	-0.09523434	0.14693694	0.06997664	0.19196944	-0.29784438	-0.2808932	0.02769424	0.006060041	-0.2669304	-0.033522956	-0.039487757	-0.45893306	0.024382738	0.113314	0.06455107	0.14962862	0.09856038	-0.26521128
0.11089051	-0.08184589	0.9999997	0.09409246	0.04925104	-0.17602815	0.28103128	-0.029144313	-0.25052792	-0.09792655	0.217504	-0.124685846	0.018661685	0.033178765	0.2030217	0.068023235	-0.09550519	0.14165989	-0.42045093	-0.4386477	0.10036737	0.09416695	-0.16556633	-0.021476783	-0.4088422	-0.20532869	0.23887566	-0.067451276	0.11164522	-0.17887814
0.09064094	-0.17021881	0.09409246	0.9999993	-0.15715581	-0.3425286	0.1204912	-0.2875623	-0.4098398	-0.22208704	0.2731421	0.1295771	0.2674039	-0.35671502	0.2150145	-0.22615679	0.055388413	0.22210814	-0.009340662	-0.076229155	0.2944497	0.29608727	-0.37007096	0.20805274	-0.13299203	-0.37130317	-0.028653396	-0.3446861	0.22022048	0.01892774
0.17113115	0.18576345	0.04925104	-0.15715581	0.9999993	0.0924806	0.052035153	0.007080249	0.1789482	0.24516426	-0.16315518	-0.4403918	-0.34420782	0.25209612	0.018774949	0.22556964	-0.3940304	-0.31770843	-0.2350639	-0.13749133	-0.30879626	-0.17313667	0.06484973	-0.22680078	-0.04306975	0.1749697	0.20334502	0.23287751	-0.0029093882	-0.21035199
-0.23366833	-0.06453246	-0.17602815	-0.3425286	0.0924806	0.9999991	-0.14179616	0.28960717	0.16375956	0.06332557	-0.22368096	-0.04039465	-0.3435315	0.23341557	-0.38278845	0.11642734	0.051087685	-0.099131875	0.0361041	0.1495832	-0.26437062	-0.43428013	0.3186838	-0.12160565	0.16563822	0.28714606	-0.061437707	0.26225248	-0.36627442	0.06659876
0.1654894	-0.0432294	0.28103128	0.1204912	0.052035153	-0.14179616	0.999999	-0.15349439	-0.2131466	0.0128501775	0.18732864	-0.14520265	0.07979041	-0.010398658	0.17281234	0.047683526	-0.28805745	0.09511622	-0.32852274	-0.42432112	0.08502309	0.122133516	-0.1584362	0.004255253	-0.5594637	-0.19392799	0.25677696	-0.07315601	0.18237914	-0.13197552
-0.41024768	-0.1539108	-0.029144313	-0.2875623	0.007080249	0.28960717	-0.15349439	0.99999887	0.08124742	-0.060883183	-0.15973032	0.02867459	-0.2277406	0.17146792	-0.26424387	0.06385147	0.13576521	0.015808258	0.01825026	0.101251625	-0.14491269	-0.39108706	0.2897707	-0.023837347	0.13344972	0.20448576	-0.06049072	0.18328457	-0.46945816	0.11279677
-0.009316928	0.1826574	-0.25052792	-0.4098398	0.1789482	0.16375956	-0.2131466	0.08124742	0.99999905	0.2344467	-0.36156192	-0.20039931	-0.14263578	0.18154688	-0.19874202	0.119490236	-0.10886881	-0.48286435	0.09881658	0.12363661	-0.31888682	-0.20132709	0.19087066	-0.12589128	0.15786405	0.24717844	-0.05197949	0.22174653	-0.09981018	-0.0063656974
0.17161247	0.25163722	-0.09792655	-0.22208704	0.24516426	0.06332557	0.0128501775	-0.060883183	0.2344467	0.99999905	-0.3312048	-0.23875423	-0.17010446	0.18966742	-0.015279712	0.18680976	-0.3089817	-0.42186728	0.010230438	-0.0640029	-0.35480306	-0.12096343	0.06905623	-0.17368506	-0.02703928	0.16428985	0.107121535	0.19731177	0.036379457	-0.33225483
0.034186568	-0.25083235	0.217504	0.2731421	-0.16315518	-0.22368096	0.18732864	-0.15973032	-0.36156192	-0.3312048	0.9999991	0.12358525	0.2102547	-0.21819395	0.17976907	-0.2608058	0.04542811	0.2531098	-0.14265302	-0.25925925	0.28122082	0.2384859	-0.31986582	0.19784093	-0.18366563	-0.3081526	0.057567064	-0.28367472	0.15302855	0.0140494285
-0.3201964	-0.23061946	-0.124685846	0.1295771	-0.4403918	-0.04039465	-0.14520265	0.02867459	-0.20039931	-0.23875423	0.12358525	0.99999905	0.15131484	-0.22829196	-0.13669382	-0.4267962	0.24813128	0.21115306	0.18107513	0.1286168	0.20531635	0.122569084	-0.04692402	0.24492623	0.109034434	-0.12596023	-0.18699825	-0.16957685	-0.08822088	0.2661638
0.04064828	-0.09523434	0.018661685	0.2674039	-0.34420782	-0.3435315	0.07979041	-0.2277406	-0.14263578	-0.17010446	0.2102547	0.15131484	0.9999991	-0.49905849	0.17503937	-0.17590816	0.10237902	0.17485231	0.06130464	-0.063431084	0.273217	0.287007	-0.25450456	0.22234078	-0.12970018	-0.38690248	-0.058178965	-0.4266649	0.20952637	0.044123583
-0.008237058	0.14693694	0.033178765	-0.35671502	0.25209612	0.23341557	-0.010398658	0.17146792	0.18154688	0.18966742	-0.21819395	-0.22829196	-0.49905849	0.9999991	-0.16978236	0.21755189	-0.21138197	-0.23852102	-0.08369052	0.005484961	-0.32458657	-0.34065542	0.22205155	-0.34550285	0.02849924	0.2720046	0.08177222	0.31332734	-0.20868653	-0.10522158
0.23465349	0.06997664	0.2030217	0.2150145	0.018774949	-0.38278845	0.17281234	-0.26424387	-0.19874202	-0.015279712	0.17976907	-0.13669382	0.17503937	-0.16978236	0.99999905	0.03594852	-0.10550054	0.03155631	-0.23851542	-0.2088787	0.14802828	0.21409674	-0.3711427	0.012841148	-0.18071406	-0.25396812	0.115917765	-0.24667309	0.2842744	-0.3387283
0.11647477	0.19196944	0.068023235	-0.22615679	0.22556964	0.11642734	0.047683526	0.06385147	0.119490236	0.18680976	-0.2608058	-0.4267962	-0.17590816	0.21755189	0.03594852	0.9999991	-0.101931274	-0.14112884	-0.23468436	-0.08183741	-0.2709785	-0.23546569	0.12513077	-0.3912605	-0.10538031	0.15873614	0.17376593	0.21527338	-0.0320228	-0.3782861
-0.36652637	-0.29784438	-0.09550519	0.055388413	-0.3940304	0.051087685	-0.28805745	0.13576521	-0.10886881	-0.3089817	0.04542811	0.24813128	0.10237902	-0.21138197	-0.10550054	-0.101931274	0.99999905	0.17744063	0.151218	0.1959348	0.15922132	0.0062679066	0.06911246	0.1784426	0.17159374	-0.05147517	-0.2991394	-0.15334481	-0.17198056	0.20723817
-0.14438103	-0.2808932	0.14165989	0.22210814	-0.31770843	-0.099131875	0.09511622	0.015808258	-0.48286435	-0.42186728	0.2531098	0.21115306	0.17485231	-0.23852102	0.03155631	-0.14112884	0.17744063	0.99999917	-0.0066990037	-0.07159752	0.2763158	0.15343414	-0.12305199	0.20597084	-0.12942399	-0.26725498	-0.077524275	-0.28171998	0.0030693035	0.122239366
-0.10697001	0.02769424	-0.42045093	-0.009340662	-0.2350639	0.0361041	-0.32852274	0.01825026	0.09881658	0.010230438	-0.14265302	0.18107513	0.06130464	-0.08369052	-0.23851542	-0.23468436	0.151218	-0.0066990037	0.99999917	0.2696242	-0.008592748	-0.0073965266	0.08901831	0.09389505	0.2500893	0.044130746	-0.4905699	-0.07057535	-0.10723813	0.15957512
-0.22952476	0.006060041	-0.4386477	-0.076229155	-0.13749133	0.1495832	-0.42432112	0.101251625	0.12363661	-0.0640029	-0.25925925	0.1286168	-0.063431084	0.005484961	-0.2088787	-0.08183741	0.1959348	-0.07159752	0.2696242	0.9999991	-0.03721242	-0.11022712	0.1488931	0.010586756	0.29625595	0.14369282	-0.47056147	0.050345693	-0.11587181	0.15920293
-0.056769896	-0.2669304	0.10036737	0.2944497	-0.30879626	-0.26437062	0.08502309	-0.14491269	-0.31888682	-0.35480306	0.28122082	0.20531635	0.273217	-0.32458657	0.14802828	-0.2709785	0.15922132	0.2763158	-0.008592748	-0.03721242	0.999999	0.25797105	-0.26518205	0.26124957	-0.084131345	-0.37036663	-0.11880791	-0.40274352	0.14597425	0.109788984
0.11284374	-0.033522956	0.09416695	0.29608727	-0.17313667	-0.43428013	0.122133516	-0.39108706	-0.20132709	-0.12096343	0.2384859	0.122569084	0.287007	-0.34065542	0.21409674	-0.23546569	0.0062679066	0.15343414	-0.0073965266	-0.11022712	0.25797105	0.9999989	-0.41605642	0.18058048	-0.15887757	-0.42968842	0.013412146	-0.32509637	0.25700578	0.02179133
-0.26709795	-0.039487757	-0.16556633	-0.37007096	0.06484973	0.3186838	-0.1584362	0.2897707	0.19087066	0.06905623	-0.31986582	-0.04692402	-0.25450456	0.22205155	-0.3711427	0.12513077	0.06911246	-0.12305199	0.08901831	0.1488931	-0.26518205	-0.41605642	0.999999	-0.14040059	0.1702968	0.28392854	-0.07947002	0.25314572	-0.3469111	0.069432504
-0.17560303	-0.45893306	-0.021476783	0.20805274	-0.22680078	-0.12160565	0.004255253	-0.023837347	-0.12589128	-0.17368506	0.19784093	0.24492623	0.22234078	-0.34550285	0.012841148	-0.3912605	0.1784426	0.20597084	0.09389505	0.010586756	0.26124957	0.18058048	-0.14040059	0.999999	-0.022588944	-0.27794945	-0.17556578	-0.34752452	0.007948208	0.19975689
-0.1686409	0.024382738	-0.4088422	-0.13299203	-0.04306975	0.16563822	-0.5594637	0.13344972	0.15786405	-0.02703928	-0.18366563	0.109034434	-0.12970018	0.02849924	-0.18071406	-0.10538031	0.17159374	-0.12942399	0.2500893	0.29625595	-0.084131345	-0.15887757	0.1702968	-0.022588944	0.9999989	0.18975314	-0.3444322	0.091411345	-0.2669837	0.15774849
-0.06394187	0.113314	-0.20532869	-0.37130317	0.1749697	0.28714606	-0.19392799	0.20448576	0.24717844	0.16428985	-0.3081526	-0.12596023	-0.38690248	0.2720046	-0.25396812	0.15873614	-0.05147517	-0.26725498	0.044130746	0.14369282	-0.37036663	-0.42968842	0.28392854	-0.27794945	0.18975314	0.9999986	-0.013402144	0.30548283	-0.27554026	0.0061169295
0.17401892	0.06455107	0.23887566	-0.028653396	0.20334502	-0.061437707	0.25677696	-0.06049072	-0.05197949	0.107121535	0.057567064	-0.18699825	-0.058178965	0.08177222	0.115917765	0.17376593	-0.2991394	-0.077524275	-0.4905699	-0.47056147	-0.11880791	0.013412146	-0.07947002	-0.17556578	-0.3444322	-0.013402144	0.9999988	0.08041306	0.094571605	-0.14488497
-0.021190893	0.14962862	-0.067451276	-0.3446861	0.23287751	0.26225248	-0.07315601	0.18328457	0.22174653	0.19731177	-0.28367472	-0.16957685	-0.4266649	0.31332734	-0.24667309	0.21527338	-0.15334481	-0.28171998	-0.07057535	0.050345693	-0.40274352	-0.32509637	0.25314572	-0.34752452	0.091411345	0.30548283	0.08041306	0.99999887	-0.26273617	-0.079631716
0.2567036	0.09856038	0.11164522	0.22022048	-0.0029093882	-0.36627442	0.18237914	-0.46945816	-0.09981018	0.036379457	0.15302855	-0.08822088	0.20952637	-0.20868653	0.2842744	-0.0320228	-0.17198056	0.0030693035	-0.10723813	-0.11587181	0.14597425	0.25700578	-0.3469111	0.007948208	-0.2669837	-0.27554026	0.094571605	-0.26273617	0.9999989	-0.24659513
-0.317086	-0.26521128	-0.17887814	0.01892774	-0.21035199	0.06659876	-0.13197552	0.11279677	-0.0063656974	-0.33225483	0.0140494285	0.2661638	0.044123583	-0.10522158	-0.3387283	-0.3782861	0.20723817	0.122239366	0.15957512	0.15920293	0.109788984	0.02179133	0.069432504	0.19975689	0.15774849	0.0061169295	-0.14488497	-0.079631716	-0.24659513	0.9999989
