1.0000001	0.07374171	-0.36179617	0.28552073	0.19516312	0.084484234	0.16848512	0.18953978	-0.15835008	0.25789967	0.20828459	0.26107547	-0.26921582	-0.241005	0.14172016	-0.46111733	0.26491114	-0.14583205	0.041950338	-0.28043914	0.13840814	-0.13207167	-0.024156224	-0.004858612	0.23951602	-0.29630464	-0.32744676	-0.3021945	-0.23755237	-0.30830243
0.07374171	1.0000002	-0.16806631	0.02788494	0.0408637	0.23863447	0.21296266	0.19537185	-0.15491907	0.036972225	0.23398854	0.19951233	0.040449433	-0.20494588	0.22866382	-0.030920528	0.229436	-0.24180977	-0.24361047	-0.103769444	-0.20683774	0.21541364	-0.49883604	-0.27889732	0.23167504	-0.3911284	-0.14129102	0.08740739	-0.41482592	-0.21306838
-0.36179617	-0.16806631	1.0000002	-0.4177538	-0.2633239	-0.12636599	-0.17920206	-0.32955596	0.25477365	-0.23427096	-0.2842205	-0.31613585	0.23391522	0.1752044	-0.3039103	0.27266827	-0.3843991	0.2137553	-0.047747947	0.23149104	-0.1715146	0.08146675	0.084619746	0.09706255	-0.2691343	0.23405151	0.24224226	0.23540267	0.2616552	0.23912184
0.28552073	0.02788494	-0.4177538	1.0000004	0.2798486	0.02373664	0.13160263	0.22787651	-0.3380893	0.2422074	0.15342297	0.22417803	-0.3803901	-0.116378464	0.18419808	-0.37738875	0.2144923	-0.16700284	0.09828603	-0.27557832	0.18704052	-0.21276568	0.03276806	-0.061005473	0.17515041	-0.13406646	-0.266264	-0.36363503	-0.17456962	-0.20327464
0.19516312	0.0408637	-0.2633239	0.2798486	1.0000004	0.009284364	0.15158695	0.24097945	-0.5541641	0.21499859	0.09775982	0.22533193	-0.26015908	-0.09836131	0.23870566	-0.27830085	0.17264274	-0.25490752	0.01635503	-0.27923334	0.10913852	-0.1812308	0.039248772	-0.13956834	0.16564761	-0.08053949	-0.07014534	-0.33250555	-0.21275237	-0.19231337
0.084484234	0.23863447	-0.12636599	0.02373664	0.009284364	1.0000006	0.21536012	0.17524694	-0.012510313	0.09278918	0.26643175	0.16729088	0.08023448	-0.25162524	0.13213967	-0.020024478	0.18997672	-0.36959118	-0.36202684	-0.07376061	-0.14937213	0.21700408	-0.44041705	-0.18142296	0.21904214	-0.24250446	-0.3710256	0.05401803	-0.19925022	-0.3657176
0.16848512	0.21296266	-0.17920206	0.13160263	0.15158695	0.21536012	1.0000006	0.26821962	-0.18707927	0.24921209	0.20587286	0.27363387	0.03721355	-0.46779683	0.25472623	-0.18482915	0.24975081	-0.3888776	-0.25112045	-0.362587	-0.19138332	0.15986545	-0.15391439	-0.35747728	0.3008452	-0.27725926	-0.21195765	-0.019320974	-0.2683285	-0.3781358
0.18953978	0.19537185	-0.32955596	0.22787651	0.24097945	0.17524694	0.26821962	1.0000005	-0.4174321	0.2430697	0.21151276	0.26736328	-0.12523171	-0.23328584	0.27368608	-0.25549272	0.25969	-0.3065674	-0.16228735	-0.29701594	-0.068690084	0.0750881	-0.17647946	-0.4007964	0.26609242	-0.23135644	-0.25716567	-0.12034714	-0.2116684	-0.30030844
-0.15835008	-0.15491907	0.25477365	-0.3380893	-0.5541641	-0.012510313	-0.18707927	-0.4174321	1.0000004	-0.2582466	-0.09267299	-0.27770343	0.18065418	0.1367593	-0.3596863	0.22588444	-0.2206335	0.20167553	0.0037468395	0.24867567	-0.08636959	0.08455247	0.014010098	0.14733963	-0.1896533	0.13471678	0.09572876	0.20140064	0.20986691	0.16775072
0.25789967	0.036972225	-0.23427096	0.2422074	0.21499859	0.09278918	0.24921209	0.2430697	-0.2582466	1.0000004	0.15297101	0.26876968	-0.08977397	-0.35545808	0.19468297	-0.40923613	0.21317454	-0.26546896	-0.024301527	-0.49605146	0.001355616	-0.00761445	0.010620693	-0.13292365	0.24346827	-0.15372774	-0.2868691	-0.210055	-0.15017167	-0.3479659
0.20828459	0.23398854	-0.2842205	0.15342297	0.09775982	0.26643175	0.20587286	0.21151276	-0.09267299	0.15297101	1.0000004	0.23420337	-0.089512154	-0.149056	0.1803041	-0.15042007	0.263384	-0.32077152	-0.108293995	-0.1816059	-0.036006358	0.1036989	-0.38917184	-0.11747755	0.24144784	-0.37935933	-0.4753226	-0.0872525	-0.31932768	-0.37274677
0.26107547	0.19951233	-0.31613585	0.22417803	0.22533193	0.16729088	0.27363387	0.26736328	-0.27770343	0.26876968	0.23420337	1.0000004	-0.050636996	-0.3458718	0.2598732	-0.35709417	0.28707644	-0.25621998	-0.087478176	-0.39339617	-0.043353707	0.010135926	-0.17115474	-0.21374181	0.29994267	-0.29557064	-0.23213178	-0.20586418	-0.40125728	-0.33070645
-0.26921582	0.040449433	0.23391522	-0.3803901	-0.26015908	0.08023448	0.03721355	-0.12523171	0.18065418	-0.08977397	-0.089512154	-0.050636996	1.0000005	-0.04216015	-0.087102644	0.18804929	-0.12861657	0.021791361	-0.32585356	0.074668705	-0.47834283	0.24430601	-0.08436224	-0.19253609	-0.07088125	0.036537446	0.12622339	0.2931995	0.08681349	0.030765112
-0.241005	-0.20494588	0.1752044	-0.116378464	-0.09836131	-0.25162524	-0.46779683	-0.23328584	0.1367593	-0.35545808	-0.149056	-0.3458718	-0.04216015	1.0000005	-0.20191143	0.20042646	-0.29334974	0.24891038	0.1824916	0.24636896	0.13885799	-0.22185841	0.15290165	0.22128174	-0.47520193	0.25241503	0.19293071	0.03756709	0.23107225	0.2811095
0.14172016	0.22866382	-0.3039103	0.18419808	0.23870566	0.13213967	0.25472623	0.27368608	-0.3596863	0.19468297	0.1803041	0.2598732	-0.087102644	-0.20191143	1.0000005	-0.12999459	0.23692566	-0.43926442	-0.1372439	-0.34396696	-0.05749171	0.06738069	-0.15848693	-0.33584327	0.25195864	-0.2964635	-0.07860557	-0.10549827	-0.405378	-0.20406051
-0.46111733	-0.030920528	0.27266827	-0.37738875	-0.27830085	-0.020024478	-0.18482915	-0.25549272	0.22588444	-0.40923613	-0.15042007	-0.35709417	0.18804929	0.20042646	-0.12999459	1.0000006	-0.34128597	0.1407289	-0.043111477	0.2653172	-0.09161355	0.09735832	-0.050197743	0.039555848	-0.27833927	0.17988938	0.20344846	0.24343802	0.18442063	0.21823616
0.26491114	0.229436	-0.3843991	0.2144923	0.17264274	0.18997672	0.24975081	0.25969	-0.2206335	0.21317454	0.263384	0.28707644	-0.12861657	-0.29334974	0.23692566	-0.34128597	1.0000007	-0.25979608	-0.15638117	-0.18050288	-0.018915817	0.052810747	-0.16947296	-0.19131278	0.2992991	-0.4448938	-0.29442915	-0.092724204	-0.40816545	-0.3486448
-0.14583205	-0.24180977	0.2137553	-0.16700284	-0.25490752	-0.36959118	-0.3888776	-0.3065674	0.20167553	-0.26546896	-0.32077152	-0.25621998	0.021791361	0.24891038	-0.43926442	0.1407289	-0.25979608	1.0000007	0.19649562	0.2403438	0.08980416	-0.14013761	0.20472072	0.253079	-0.31355166	0.2588559	0.21789862	0.02280959	0.26795667	0.2910401
0.041950338	-0.24361047	-0.047747947	0.09828603	0.01635503	-0.36202684	-0.25112045	-0.16228735	0.0037468395	-0.024301527	-0.108293995	-0.087478176	-0.32585356	0.1824916	-0.1372439	-0.043111477	-0.15638117	0.19649562	1.0000008	0.060158815	0.2891743	-0.42913795	0.22582795	0.27062365	-0.20525615	0.17322636	0.06485903	-0.31874025	0.11414733	0.16529931
-0.28043914	-0.103769444	0.23149104	-0.27557832	-0.27923334	-0.07376061	-0.362587	-0.29701594	0.24867567	-0.49605146	-0.1816059	-0.39339617	0.074668705	0.24636896	-0.34396696	0.2653172	-0.18050288	0.2403438	0.060158815	1.0000007	0.04230357	0.015271078	0.0052649593	0.16288006	-0.310413	0.19217189	0.1657742	0.16485554	0.21404989	0.2487885
0.13840814	-0.20683774	-0.1715146	0.18704052	0.10913852	-0.14937213	-0.19138332	-0.068690084	-0.08636959	0.001355616	-0.036006358	-0.043353707	-0.47834283	0.13885799	-0.05749171	-0.09161355	-0.018915817	0.08980416	0.2891743	0.04230357	1.0000006	-0.4423003	0.17322788	0.22851372	-0.08286675	0.067208804	-0.0872877	-0.3450526	0.03269015	0.05972307
-0.13207167	0.21541364	0.08146675	-0.21276568	-0.1812308	0.21700408	0.15986545	0.0750881	0.08455247	-0.00761445	0.1036989	0.010135926	0.24430601	-0.22185841	0.06738069	0.09735832	0.052810747	-0.14013761	-0.42913795	0.015271078	-0.4423003	1.0000007	-0.30085537	-0.2797044	0.12714508	-0.17084822	-0.07321504	0.25360718	-0.098660626	-0.11467913
-0.024156224	-0.49883604	0.084619746	0.03276806	0.039248772	-0.44041705	-0.15391439	-0.17647946	0.014010098	0.010620693	-0.38917184	-0.17115474	-0.08436224	0.15290165	-0.15848693	-0.050197743	-0.16947296	0.20472072	0.22582795	0.0052649593	0.17322788	-0.30085537	1.0000007	0.18604676	-0.18744847	0.22678818	0.17469238	-0.12153177	0.20576842	0.19003342
-0.004858612	-0.27889732	0.09706255	-0.061005473	-0.13956834	-0.18142296	-0.35747728	-0.4007964	0.14733963	-0.13292365	-0.11747755	-0.21374181	-0.19253609	0.22128174	-0.33584327	0.039555848	-0.19131278	0.253079	0.27062365	0.16288006	0.22851372	-0.2797044	0.18604676	1.0000005	-0.24306527	0.19657753	0.08871884	-0.16116874	0.19740564	0.2027738
0.23951602	0.23167504	-0.2691343	0.17515041	0.16564761	0.21904214	0.3008452	0.26609242	-0.1896533	0.24346827	0.24144784	0.29994267	-0.07088125	-0.47520193	0.25195864	-0.27833927	0.2992991	-0.31355166	-0.20525615	-0.310413	-0.08286675	0.12714508	-0.18744847	-0.24306527	1.0000005	-0.3993374	-0.2511217	-0.12080098	-0.3470595	-0.3170683
-0.29630464	-0.3911284	0.23405151	-0.13406646	-0.08053949	-0.24250446	-0.27725926	-0.23135644	0.13471678	-0.15372774	-0.37935933	-0.29557064	0.036537446	0.25241503	-0.2964635	0.17988938	-0.4448938	0.2588559	0.17322636	0.19217189	0.067208804	-0.17084822	0.22678818	0.19657753	-0.3993374	1.0000005	0.24088074	0.017714964	0.30593288	0.27645028
-0.32744676	-0.14129102	0.24224226	-0.266264	-0.07014534	-0.3710256	-0.21195765	-0.25716567	0.09572876	-0.2868691	-0.4753226	-0.23213178	0.12622339	0.19293071	-0.07860557	0.20344846	-0.29442915	0.21789862	0.06485903	0.1657742	-0.0872877	-0.07321504	0.17469238	0.08871884	-0.2511217	0.24088074	1.0000004	0.13133135	0.19460729	0.28499836
-0.3021945	0.08740739	0.23540267	-0.36363503	-0.33250555	0.05401803	-0.019320974	-0.12034714	0.20140064	-0.210055	-0.0872525	-0.20586418	0.2931995	0.03756709	-0.10549827	0.24343802	-0.092724204	0.02280959	-0.31874025	0.16485554	-0.3450526	0.25360718	-0.12153177	-0.16116874	-0.12080098	0.017714964	0.13133135	1.0000002	0.08282409	0.08115643
-0.23755237	-0.41482592	0.2616552	-0.17456962	-0.21275237	-0.19925022	-0.2683285	-0.2116684	0.20986691	-0.15017167	-0.31932768	-0.40125728	0.08681349	0.23107225	-0.405378	0.18442063	-0.40816545	0.26795667	0.11414733	0.21404989	0.03269015	-0.098660626	0.20576842	0.19740564	-0.3470595	0.30593288	0.19460729	0.08282409	1.0000001	0.25981954
-0.30830243	-0.21306838	0.23912184	-0.20327464	-0.19231337	-0.3657176	-0.3781358	-0.30030844	0.16775072	-0.3479659	-0.37274677	-0.33070645	0.030765112	0.2811095	-0.20406051	0.21823616	-0.3486448	0.2910401	0.16529931	0.2487885	0.05972307	-0.11467913	0.19003342	0.2027738	-0.3170683	0.27645028	0.28499836	0.08115643	0.25981954	1.0000001
