1.0000001	-0.07542297	-0.45301098	-0.36361283	0.16228354	0.017594049	-0.30210948	-0.24965459	-0.1626875	0.23633024	-0.1688266	0.26202923	0.13707304	0.15715712	0.2769907	0.023217516	-0.40018952	0.0026872857	0.023387017	-0.2014064	-0.3768567	0.12932195	-0.13064256	-0.028441885	0.27541056	0.2632211	-0.31119186	0.23816545	-0.26166624	0.2809048
-0.07542297	1.0000002	0.07287528	-0.1057748	-0.057494894	-0.39222518	0.21781279	-0.07801361	0.16618411	0.03896652	0.15853815	-0.122839615	0.15711242	-0.27935123	-0.2754533	0.22724836	0.17055379	-0.34035054	-0.3379047	0.2950574	0.0033108164	-0.32915673	-0.107550696	0.2648269	-0.24469489	0.011478409	0.09572336	-0.26118547	0.18605338	-0.05826951
-0.45301098	0.07287528	1.0000001	0.2667519	-0.10104385	0.024944862	0.23846368	0.25651386	0.12052583	-0.3297534	0.12806945	-0.28031358	-0.16909422	-0.2143088	-0.27046555	-0.1766065	0.21548101	0.08329529	-0.045795582	0.11724721	0.28187898	-0.057971302	0.2200961	-0.04934244	-0.2873502	-0.35023242	0.25118175	-0.24447952	0.24790053	-0.49540323
-0.36361283	-0.1057748	0.2667519	1.0000002	-0.16546799	0.16673926	0.115382165	0.29159	0.12774618	-0.2976156	0.1492918	-0.30415738	-0.32973942	0.008672062	-0.22547486	-0.2789036	0.17254506	0.16466367	0.1371791	-0.025977015	0.28557518	-0.0650561	0.22972725	-0.16443582	-0.23280683	-0.36234164	0.18674368	-0.17513338	0.1503967	-0.35645527
0.16228354	-0.057494894	-0.10104385	-0.16546799	1.0000004	-0.05661506	-0.20730945	-0.09556749	-0.44729397	0.13580798	-0.5606136	0.17613296	0.18338783	0.097547986	0.22163624	0.0030125782	-0.3743932	0.030314183	0.030075246	-0.055742573	-0.24024491	0.22462218	-0.09300116	-0.06698645	0.21186207	0.16472359	-0.16394225	0.13769735	-0.22673666	0.13338679
0.017594049	-0.39222518	0.024944862	0.16673926	-0.05661506	1.0000004	-0.1302656	0.17110413	-0.026818687	-0.24215391	-0.07058353	-0.07129164	-0.39144856	0.1095631	0.08705611	-0.3659818	-0.13036802	0.26055735	0.24530177	-0.28349724	0.13206044	0.11396821	0.20966224	-0.3302666	0.13313873	-0.1809594	0.06591767	0.062312726	-0.07010238	-0.05730829
-0.30210948	0.21781279	0.23846368	0.115382165	-0.20730945	-0.1302656	1.0000002	0.103537925	0.24650502	-0.18857045	0.2028315	-0.24517567	-0.07773387	-0.42495865	-0.3896602	0.081287146	0.26956153	-0.14597233	-0.2527449	0.25583386	0.19851066	-0.20702334	0.10745743	0.12285947	-0.3605258	-0.24843502	0.2601233	-0.23042737	0.28999776	-0.29920286
-0.24965459	-0.07801361	0.25651386	0.29159	-0.09556749	0.17110413	0.103537925	1.0000001	0.0586796	-0.41307244	0.09552256	-0.3314076	-0.21315224	-0.0379091	-0.122621894	-0.3177289	0.11844384	0.19009693	0.1175848	0.018024232	0.2789412	-0.02193033	0.25437	-0.23781316	-0.21141213	-0.4520615	0.20496388	-0.25774047	0.16475648	-0.28399011
-0.1626875	0.16618411	0.12052583	0.12774618	-0.44729397	-0.026818687	0.24650502	0.0586796	1.0000001	-0.13702111	0.2840541	-0.15600412	-0.18975379	-0.26359698	-0.29877892	0.07557554	0.24373189	-0.1374684	-0.11300025	0.18842283	0.1637141	-0.5231822	0.01455184	0.106885314	-0.23871616	-0.15368913	0.19688526	-0.17189524	0.20829609	-0.18180577
0.23633024	0.03896652	-0.3297534	-0.2976156	0.13580798	-0.24215391	-0.18857045	-0.41307244	-0.13702111	1.0000004	-0.09321764	0.27364922	0.20877388	0.144363	0.18368869	0.17161073	-0.12739326	-0.116622016	-0.020157482	-0.08093861	-0.37008828	-0.009153278	-0.28369257	0.10447492	0.15053105	0.30196717	-0.4409632	0.22854072	-0.28834516	0.2601087
-0.1688266	0.15853815	0.12806945	0.1492918	-0.5606136	-0.07058353	0.2028315	0.09552256	0.2840541	-0.09321764	1.0000004	-0.27219737	-0.11105238	-0.11557396	-0.31885234	0.041591056	0.26938924	-0.12632336	-0.08727525	0.15620208	0.13036665	-0.38167906	-0.015247167	0.10914293	-0.3516554	-0.1594427	0.16492932	-0.1548981	0.19093029	-0.09337459
0.26202923	-0.122839615	-0.28031358	-0.30415738	0.17613296	-0.07129164	-0.24517567	-0.3314076	-0.15600412	0.27364922	-0.27219737	1.0000002	0.16527236	0.1720422	0.25319755	0.11379514	-0.3167938	-0.063383594	0.010393212	-0.111947656	-0.27754453	0.076157644	-0.3542524	0.05818731	0.25692567	0.26900083	-0.41897824	0.25718382	-0.28296363	0.26533103
0.13707304	0.15711242	-0.16909422	-0.32973942	0.18338783	-0.39144856	-0.07773387	-0.21315224	-0.18975379	0.20877388	-0.11105238	0.16527236	1.0000002	-0.013758139	0.05375141	0.19585998	-0.08466971	-0.1464076	-0.3058838	0.11103913	-0.24734162	0.057657514	-0.38705957	0.19984387	0.0297067	0.20118597	-0.20178328	0.007881445	-0.015005641	0.17538099
0.15715712	-0.27935123	-0.2143088	0.008672062	0.097547986	0.1095631	-0.42495865	-0.0379091	-0.26359698	0.144363	-0.11557396	0.1720422	-0.013758139	1.0000004	0.25021192	-0.09007345	-0.20632942	0.14005058	0.22769204	-0.4397246	-0.10663504	0.17635387	-0.15237239	-0.18186222	0.21426941	0.1040473	-0.35850298	0.24204047	-0.31673774	0.1577414
0.2769907	-0.2754533	-0.27046555	-0.22547486	0.22163624	0.08705611	-0.3896602	-0.122621894	-0.29877892	0.18368869	-0.31885234	0.25319755	0.05375141	0.25021192	1.0000005	-0.08017977	-0.38912314	0.100414924	0.1418947	-0.32100412	-0.27213082	0.22301853	-0.070261426	-0.1007201	0.30938044	0.20842183	-0.3031645	0.26739877	-0.36440596	0.22529636
0.023217516	0.22724836	-0.1766065	-0.2789036	0.0030125782	-0.3659818	0.081287146	-0.3177289	0.07557554	0.17161073	0.041591056	0.11379514	0.19585998	-0.09007345	-0.08017977	1.0000006	0.07775096	-0.5055165	-0.22709282	0.18390596	-0.1273152	-0.21135761	-0.34504122	0.2728357	-0.07025693	0.17249924	-0.03186666	0.020233639	0.015362838	0.1521929
-0.40018952	0.17055379	0.21548101	0.17254506	-0.3743932	-0.13036802	0.26956153	0.11844384	0.24373189	-0.12739326	0.26938924	-0.3167938	-0.08466971	-0.20632942	-0.38912314	0.07775096	1.0000008	-0.092464775	-0.082892165	0.19816321	0.19003655	-0.23324898	0.08318043	0.08134386	-0.48199	-0.14691281	0.20968194	-0.22227192	0.24566172	-0.2564184
0.0026872857	-0.34035054	0.08329529	0.16466367	0.030314183	0.26055735	-0.14597233	0.19009693	-0.1374684	-0.116622016	-0.12632336	-0.063383594	-0.1464076	0.14005058	0.100414924	-0.5055165	-0.092464775	1.0000008	0.2429547	-0.3058942	0.114881024	0.20117398	0.21129334	-0.46471247	0.09245459	-0.147017	-0.020140005	0.022192484	-0.071267724	-0.17344151
0.023387017	-0.3379047	-0.045795582	0.1371791	0.030075246	0.24530177	-0.2527449	0.1175848	-0.11300025	-0.020157482	-0.08727525	0.010393212	-0.3058838	0.22769204	0.1418947	-0.22709282	-0.082892165	0.2429547	1.0000008	-0.2506062	0.04171401	0.11432597	0.09957139	-0.5156412	0.111134805	-0.04846237	-0.1344122	0.17010131	-0.28053588	-0.01086386
-0.2014064	0.2950574	0.11724721	-0.025977015	-0.055742573	-0.28349724	0.25583386	0.018024232	0.18842283	-0.08093861	0.15620208	-0.111947656	0.11103913	-0.4397246	-0.32100412	0.18390596	0.19816321	-0.3058942	-0.2506062	1.0000008	0.046278454	-0.29070684	-0.07877691	0.23066401	-0.262842	-0.088865824	0.16803166	-0.32239527	0.2405348	-0.08903384
-0.3768567	0.0033108164	0.28187898	0.28557518	-0.24024491	0.13206044	0.19851066	0.2789412	0.1637141	-0.37008828	0.13036665	-0.27754453	-0.24734162	-0.10663504	-0.27213082	-0.1273152	0.19003655	0.114881024	0.04171401	0.046278454	1.0000008	-0.08648745	0.23145714	-0.11389916	-0.19243981	-0.46999493	0.2553357	-0.32370883	0.22550124	-0.37482247
0.12932195	-0.32915673	-0.057971302	-0.0650561	0.22462218	0.11396821	-0.20702334	-0.02193033	-0.5231822	-0.009153278	-0.38167906	0.076157644	0.057657514	0.17635387	0.22301853	-0.21135761	-0.23324898	0.20117398	0.11432597	-0.29070684	-0.08648745	1.0000007	0.09552922	-0.17572299	0.20016997	0.0748664	-0.15079217	0.10945371	-0.12643096	0.0733386
-0.13064256	-0.107550696	0.2200961	0.22972725	-0.09300116	0.20966224	0.10745743	0.25437	0.01455184	-0.28369257	-0.015247167	-0.3542524	-0.38705957	-0.15237239	-0.070261426	-0.34504122	0.08318043	0.21129334	0.09957139	-0.07877691	0.23145714	0.09552922	1.0000006	-0.21334597	-0.1000217	-0.24339561	0.20560317	-0.19519079	0.1196744	-0.312267
-0.028441885	0.2648269	-0.04934244	-0.16443582	-0.06698645	-0.3302666	0.12285947	-0.23781316	0.106885314	0.10447492	0.10914293	0.05818731	0.19984387	-0.18186222	-0.1007201	0.2728357	0.08134386	-0.46471247	-0.5156412	0.23066401	-0.11389916	-0.17572299	-0.21334597	1.0000005	-0.09445464	0.10872723	0.014664127	-0.13753307	0.11213942	0.08862633
0.27541056	-0.24469489	-0.2873502	-0.23280683	0.21186207	0.13313873	-0.3605258	-0.21141213	-0.23871616	0.15053105	-0.3516554	0.25692567	0.0297067	0.21426941	0.30938044	-0.07025693	-0.48199	0.09245459	0.111134805	-0.262842	-0.19243981	0.20016997	-0.1000217	-0.09445464	1.0000005	0.19434944	-0.20576768	0.2502083	-0.31869838	0.22415744
0.2632211	0.011478409	-0.35023242	-0.36234164	0.16472359	-0.1809594	-0.24843502	-0.4520615	-0.15368913	0.30196717	-0.1594427	0.26900083	0.20118597	0.1040473	0.20842183	0.17249924	-0.14691281	-0.147017	-0.04846237	-0.088865824	-0.46999493	0.0748664	-0.24339561	0.10872723	0.19434944	1.0000006	-0.27096188	0.23536196	-0.2773642	0.2903422
-0.31119186	0.09572336	0.25118175	0.18674368	-0.16394225	0.06591767	0.2601233	0.20496388	0.19688526	-0.4409632	0.16492932	-0.41897824	-0.20178328	-0.35850298	-0.3031645	-0.03186666	0.20968194	-0.020140005	-0.1344122	0.16803166	0.2553357	-0.15079217	0.20560317	0.014664127	-0.20576768	-0.27096188	1.0000005	-0.3239638	0.27186882	-0.21515945
0.23816545	-0.26118547	-0.24447952	-0.17513338	0.13769735	0.062312726	-0.23042737	-0.25774047	-0.17189524	0.22854072	-0.1548981	0.25718382	0.007881445	0.24204047	0.26739877	0.020233639	-0.22227192	0.022192484	0.17010131	-0.32239527	-0.32370883	0.10945371	-0.19519079	-0.13753307	0.2502083	0.23536196	-0.3239638	1.0000005	-0.46387318	0.23595501
-0.26166624	0.18605338	0.24790053	0.1503967	-0.22673666	-0.07010238	0.28999776	0.16475648	0.20829609	-0.28834516	0.19093029	-0.28296363	-0.015005641	-0.31673774	-0.36440596	0.015362838	0.24566172	-0.071267724	-0.28053588	0.2405348	0.22550124	-0.12643096	0.1196744	0.11213942	-0.31869838	-0.2773642	0.27186882	-0.46387318	1.0000005	-0.30489147
0.2809048	-0.05826951	-0.49540323	-0.35645527	0.13338679	-0.05730829	-0.29920286	-0.28399011	-0.18180577	0.2601087	-0.09337459	0.26533103	0.17538099	0.1577414	0.22529636	0.1521929	-0.2564184	-0.17344151	-0.01086386	-0.08903384	-0.37482247	0.0733386	-0.312267	0.08862633	0.22415744	0.2903422	-0.21515945	0.23595501	-0.30489147	1.0000005
