1.0	-0.19113205	-0.017382147	-0.21057113	0.049047403	0.1075316	-0.114393845	-0.059342787	0.21198419	0.10735001	-0.061855137	-0.15718351	-0.41448876	0.17185046	-0.13870995	0.29792657	-0.12703246	-0.0888638	-0.28149498	-0.010393996	0.19676837	-0.3167568	0.06222734	0.1986341	0.17185402	-0.37203458	0.17424183	-0.05429377	0.054476433	-0.18792866
-0.19113205	0.9999998	-0.1357961	0.095694385	-0.199062	0.03359412	-0.26824203	0.005550962	-0.10659942	0.1098956	-0.317247	0.23274586	0.22792068	-0.032126483	-0.18740153	-0.09536665	-0.25122625	-0.30844823	-0.116258256	-0.010661063	0.019694265	0.064191066	0.14138024	0.06951076	0.11260837	-0.05778773	0.15056835	-0.028405717	0.23465466	-0.19221611
-0.017382147	-0.1357961	0.99999964	0.19493133	-0.29298195	0.24347249	0.25948662	-0.42317736	-0.26966128	0.14356254	-0.03088528	0.069816835	0.011121589	-0.30491415	-0.04678161	-0.06222462	0.2147533	0.1497282	0.17284231	-0.24669121	-0.20126392	0.17361273	0.106680706	0.0522678	-0.34267047	0.12327608	-0.05392912	-0.283567	-0.17706051	-0.02653553
-0.21057113	0.095694385	0.19493133	0.99999976	-0.266744	0.16195458	0.11300381	-0.128802	-0.26381737	0.18798436	-0.18292512	0.2473432	0.22535543	-0.44429675	-0.16627692	-0.13800117	0.06976853	0.052270163	0.13041848	-0.3962987	-0.35162997	0.25825208	0.15100431	0.10877335	-0.24171335	0.09725669	0.030350335	-0.2420334	0.04429898	-0.13550863
0.049047403	-0.199062	-0.29298195	-0.266744	0.9999997	-0.3083869	-0.050222903	0.19493325	0.10584184	-0.19422168	0.23508385	-0.44923562	-0.20539908	0.15527119	0.21213014	-0.005210076	-0.0023617395	0.06355313	0.01665231	0.24814303	0.12523843	-0.09697112	-0.4105914	-0.14700614	0.10034592	-0.009409697	-0.16656984	0.23335235	-0.12166684	0.18647102
0.1075316	0.03359412	0.24347249	0.16195458	-0.3083869	0.9999997	0.0794596	-0.5261171	-0.08546254	0.2746345	-0.28486425	0.12058659	0.008294091	-0.1774057	-0.21998078	0.08715535	0.021334821	-0.050874792	0.025711771	-0.30047438	-0.10551619	0.03973981	0.23406728	0.23574343	-0.11596093	-0.078156106	0.15834913	-0.3727089	0.066253655	-0.27194217
-0.114393845	-0.26824203	0.25948662	0.11300381	-0.050222903	0.0794596	0.99999976	-0.2331356	-0.27876893	-0.030579502	0.16198538	-0.08451347	-0.022641726	-0.1620827	0.13583109	-0.14910404	0.29333767	0.27426198	0.2648437	-0.19523442	-0.2759284	0.19237892	-0.09614406	-0.14826389	-0.40447187	0.23432833	-0.23249741	-0.09338433	-0.3182792	0.14900473
-0.059342787	0.005550962	-0.42317736	-0.128802	0.19493325	-0.5261171	-0.2331356	0.99999964	0.13114776	-0.32609633	0.14291278	-0.074696586	-0.03923201	0.16600712	0.14378639	0.02826633	-0.11336838	6.0847604e-5	-0.12968355	0.22976208	0.1311774	-0.10782455	-0.164991	-0.182844	0.14699595	-0.076107524	-0.10046851	0.26265118	-0.038749978	0.14141078
0.21198419	-0.10659942	-0.26966128	-0.26381737	0.10584184	-0.08546254	-0.27876893	0.13114776	0.9999996	-0.036998082	-0.032770313	-0.22027317	-0.13828862	0.22816248	-0.11923717	0.22571039	-0.19522442	-0.21635011	-0.18823291	0.17700988	0.23811673	-0.38779074	0.035334133	0.075561546	0.24785945	-0.40491176	0.15901044	0.05875795	0.12738886	-0.07747069
0.10735001	0.1098956	0.14356254	0.18798436	-0.19422168	0.2746345	-0.030579502	-0.32609633	-0.036998082	0.9999994	-0.24859868	0.16395628	0.044723853	-0.18539192	-0.34216565	0.10508658	-0.11014307	-0.19533417	-0.08907536	-0.31503236	-0.11840977	0.05147216	0.26685032	0.28297445	0.029738596	-0.16137078	0.24083193	-0.45397246	0.18249358	-0.38412142
-0.061855137	-0.317247	-0.03088528	-0.18292512	0.23508385	-0.28486425	0.16198538	0.14291278	-0.032770313	-0.24859868	0.99999934	-0.31914577	-0.18616684	0.08342741	0.2953473	-0.11510534	0.18320154	0.22319758	0.1356838	0.15908538	0.015971009	-0.019062392	-0.33934137	-0.35227793	-0.1371205	0.1585034	-0.3388699	0.20486896	-0.33107018	0.29807332
-0.15718351	0.23274586	0.069816835	0.2473432	-0.44923562	0.12058659	-0.08451347	-0.074696586	-0.22027317	0.16395628	-0.31914577	0.9999993	0.2074947	-0.14308035	-0.32297385	-0.035660855	-0.081160426	-0.0859698	-0.041195456	-0.2852625	-0.16527876	0.14844628	0.21334851	0.14643392	-0.049141876	-0.010124778	0.14538302	-0.12389022	0.13672096	-0.18345965
-0.41448876	0.22792068	0.011121589	0.22535543	-0.20539908	0.008294091	-0.022641726	-0.03923201	-0.13828862	0.044723853	-0.18616684	0.2074947	0.9999994	-0.32880375	-0.03822355	-0.34765214	0.018748943	-0.04710459	0.12835824	-0.068770826	-0.26058286	0.23609655	0.05491735	-0.046683576	-0.11746701	0.12767056	-0.0312506	-0.0557615	0.07949101	-0.021641575
0.17185046	-0.032126483	-0.30491415	-0.44429675	0.15527119	-0.1774057	-0.1620827	0.16600712	0.22816248	-0.18539192	0.08342741	-0.14308035	-0.32880375	0.99999946	0.03069818	0.16293739	-0.24679647	-0.14649461	-0.26888183	0.21663705	0.3020407	-0.4230879	-0.033511486	-0.056415558	0.2428365	-0.13696556	0.05155941	0.18466972	0.054010097	0.0401841
-0.13870995	-0.18740153	-0.04678161	-0.16627692	0.21213014	-0.21998078	0.13583109	0.14378639	-0.11923717	-0.34216565	0.2953473	-0.32297385	-0.03822355	0.03069818	0.9999995	-0.230925	0.18160908	0.21544267	0.17078854	0.15617754	-0.005871243	0.04773104	-0.31333452	-0.3262201	-0.17245796	0.20484392	-0.46358448	0.22565794	-0.23155817	0.30569997
0.29792657	-0.09536665	-0.06222462	-0.13800117	-0.005210076	0.08715535	-0.14910404	0.02826633	0.22571039	0.10508658	-0.11510534	-0.035660855	-0.34765214	0.16293739	-0.230925	0.9999995	-0.25749347	-0.16716863	-0.37041885	0.013046423	0.20229529	-0.34672755	0.13637753	0.2233106	0.20462848	-0.39784583	0.2233225	-0.108963914	0.14209084	-0.22424518
-0.12703246	-0.25122625	0.2147533	0.06976853	-0.0023617395	0.021334821	0.29333767	-0.11336838	-0.19522442	-0.11014307	0.18320154	-0.081160426	0.018748943	-0.24679647	0.18160908	-0.25749347	0.9999997	0.3017842	0.29494327	-0.043771498	-0.30943105	0.21230644	-0.16753376	-0.15460376	-0.4026309	0.21439593	-0.26269165	-0.02722784	-0.44716325	0.19371478
-0.0888638	-0.30844823	0.1497282	0.052270163	0.06355313	-0.050874792	0.27426198	6.0847604e-5	-0.21635011	-0.19533417	0.22319758	-0.0859698	-0.04710459	-0.14649461	0.21544267	-0.16716863	0.3017842	0.9999998	0.2530954	-0.061063904	-0.27147427	0.17012866	-0.254716	-0.1421078	-0.29348394	0.20320274	-0.37529773	0.042748846	-0.4671458	0.22245538
-0.28149498	-0.116258256	0.17284231	0.13041848	0.01665231	0.025711771	0.2648437	-0.12968355	-0.18823291	-0.08907536	0.1356838	-0.041195456	0.12835824	-0.26888183	0.17078854	-0.37041885	0.29494327	0.2530954	0.99999964	-0.106006786	-0.3987681	0.26275808	-0.1255456	-0.22819422	-0.36811405	0.2652463	-0.25749603	-0.038472194	-0.28550455	0.17203048
-0.010393996	-0.010661063	-0.24669121	-0.3962987	0.24814303	-0.30047438	-0.19523442	0.22976208	0.17700988	-0.31503236	0.15908538	-0.2852625	-0.068770826	0.21663705	0.15617754	0.013046423	-0.043771498	-0.061063904	-0.106006786	0.99999964	0.21458071	-0.1942942	-0.32449284	-0.2622062	0.16125895	-0.08973281	-0.064687796	0.27581075	-0.051376287	0.1749742
0.19676837	0.019694265	-0.20126392	-0.35162997	0.12523843	-0.10551619	-0.2759284	0.1311774	0.23811673	-0.11840977	0.015971009	-0.16527876	-0.26058286	0.3020407	-0.005871243	0.20229529	-0.30943105	-0.27147427	-0.3987681	0.21458071	0.99999946	-0.4083338	-0.02321173	-0.005486551	0.27639747	-0.21022272	0.11010428	0.15857257	0.13611785	-0.015631985
-0.3167568	0.064191066	0.17361273	0.25825208	-0.09697112	0.03973981	0.19237892	-0.10782455	-0.38779074	0.05147216	-0.019062392	0.14844628	0.23609655	-0.4230879	0.04773104	-0.34672755	0.21230644	0.17012866	0.26275808	-0.1942942	-0.4083338	0.9999994	-0.010196407	-0.078968085	-0.30821612	0.2303214	-0.15517578	-0.11426466	-0.15832388	0.03859061
0.06222734	0.14138024	0.106680706	0.15100431	-0.4105914	0.23406728	-0.09614406	-0.164991	0.035334133	0.26685032	-0.33934137	0.21334851	0.05491735	-0.033511486	-0.31333452	0.13637753	-0.16753376	-0.254716	-0.1255456	-0.32449284	-0.02321173	-0.010196407	0.99999946	0.25775746	0.023283849	-0.12754081	0.25435022	-0.40759724	0.2118109	-0.35061568
0.1986341	0.06951076	0.0522678	0.10877335	-0.14700614	0.23574343	-0.14826389	-0.182844	0.075561546	0.28297445	-0.35227793	0.14643392	-0.046683576	-0.056415558	-0.3262201	0.2233106	-0.15460376	-0.1421078	-0.22819422	-0.2622062	-0.005486551	-0.078968085	0.25775746	0.99999946	0.09063369	-0.32318783	0.27363873	-0.3015606	0.19528122	-0.4544711
0.17185402	0.11260837	-0.34267047	-0.24171335	0.10034592	-0.11596093	-0.40447187	0.14699595	0.24785945	0.029738596	-0.1371205	-0.049141876	-0.11746701	0.2428365	-0.17245796	0.20462848	-0.4026309	-0.29348394	-0.36811405	0.16125895	0.27639747	-0.30821612	0.023283849	0.09063369	0.99999934	-0.23019817	0.20442265	0.08922489	0.23170094	-0.15010527
-0.37203458	-0.05778773	0.12327608	0.09725669	-0.009409697	-0.078156106	0.23432833	-0.076107524	-0.40491176	-0.16137078	0.1585034	-0.010124778	0.12767056	-0.13696556	0.20484392	-0.39784583	0.21439593	0.20320274	0.2652463	-0.08973281	-0.21022272	0.2303214	-0.12754081	-0.32318783	-0.23019817	0.99999934	-0.30477795	0.05684629	-0.14223106	0.21675329
0.17424183	0.15056835	-0.05392912	0.030350335	-0.16656984	0.15834913	-0.23249741	-0.10046851	0.15901044	0.24083193	-0.3388699	0.14538302	-0.0312506	0.05155941	-0.46358448	0.2233225	-0.26269165	-0.37529773	-0.25749603	-0.064687796	0.11010428	-0.15517578	0.25435022	0.27363873	0.20442265	-0.30477795	0.99999934	-0.22666723	0.26759323	-0.40972728
-0.05429377	-0.028405717	-0.283567	-0.2420334	0.23335235	-0.3727089	-0.09338433	0.26265118	0.05875795	-0.45397246	0.20486896	-0.12389022	-0.0557615	0.18466972	0.22565794	-0.108963914	-0.02722784	0.042748846	-0.038472194	0.27581075	0.15857257	-0.11426466	-0.40759724	-0.3015606	0.08922489	0.05684629	-0.22666723	0.99999917	-0.10043551	0.24007791
0.054476433	0.23465466	-0.17706051	0.04429898	-0.12166684	0.066253655	-0.3182792	-0.038749978	0.12738886	0.18249358	-0.33107018	0.13672096	0.07949101	0.054010097	-0.23155817	0.14209084	-0.44716325	-0.4671458	-0.28550455	-0.051376287	0.13611785	-0.15832388	0.2118109	0.19528122	0.23170094	-0.14223106	0.26759323	-0.10043551	0.9999992	-0.29378524
-0.18792866	-0.19221611	-0.02653553	-0.13550863	0.18647102	-0.27194217	0.14900473	0.14141078	-0.07747069	-0.38412142	0.29807332	-0.18345965	-0.021641575	0.0401841	0.30569997	-0.22424518	0.19371478	0.22245538	0.17203048	0.1749742	-0.015631985	0.03859061	-0.35061568	-0.4544711	-0.15010527	0.21675329	-0.40972728	0.24007791	-0.29378524	0.9999992
