1.0000001	-0.2212828	0.16509618	-0.1292946	0.03883554	0.1139636	0.24060273	-0.07935132	0.16529934	-0.16253415	-0.2536928	-0.034319304	-0.1972878	-0.05236313	-0.39437395	0.28774056	0.16865508	-0.3675005	0.08689926	0.18785147	-0.16228278	0.21877997	-0.20058784	-0.1746864	0.16251692	0.16974959	-0.37908533	-0.29830688	0.1759696	-0.07496565
-0.2212828	1.0000001	-0.32679325	-0.039946258	-0.26334327	-0.3916225	-0.12491276	0.24292198	-0.058012675	-0.106381774	0.19648273	-0.17401345	0.22851011	0.26638657	-0.062920205	-0.24210674	0.100528546	0.1380329	-0.32426417	-0.18008469	-0.054271102	-0.022848468	-0.16884862	0.27862376	0.11410324	-0.38275048	0.071416885	0.17013957	0.09948212	0.23780636
0.16509618	-0.32679325	0.99999994	-0.22764361	0.12935248	0.30152747	0.085096076	-0.35726675	0.14743216	0.09897108	-0.2773668	0.21031252	-0.43218267	-0.402159	-0.025904257	0.22669207	-0.020319698	-0.30688706	0.21128504	0.1603252	-0.0960555	0.15699245	0.07754382	-0.23093404	0.025757153	0.30679217	-0.1446679	-0.25531504	0.038999002	-0.2386444
-0.1292946	-0.039946258	-0.22764361	0.99999994	0.15499032	-0.0858421	-0.14502704	0.055364743	-0.36010015	0.15558633	0.1298235	-0.036003847	0.21427904	0.029745843	0.23119415	-0.22446138	-0.2929357	0.23616645	0.057763606	-0.14598772	0.25068375	-0.4575546	0.14836934	-0.032062758	-0.42382354	-0.12976484	0.24882868	0.22288536	-0.40873182	0.0035432242
0.03883554	-0.26334327	0.12935248	0.15499032	0.9999998	0.19647358	-0.05017996	-0.3188144	-0.21462275	0.24344388	-0.086332284	0.22489178	-0.048251163	-0.22088405	0.15900443	-0.04652263	-0.36481985	0.032467306	0.26198047	0.06438195	0.1742285	-0.16836606	0.21370395	-0.40313038	-0.24487516	0.17404254	0.07201593	-0.07915909	-0.27916032	-0.35130355
0.1139636	-0.3916225	0.30152747	-0.0858421	0.19647358	0.99999976	-0.034216255	-0.38586697	0.04853667	0.16360058	-0.14955759	0.2621667	-0.33330438	-0.42554685	0.0131773455	0.17226772	-0.10348856	-0.26501966	0.26700372	0.08428699	0.029478418	0.08053125	0.16789003	-0.32840052	-0.06067056	0.2848638	-0.051677525	-0.18606368	-0.05306017	-0.3313897
0.24060273	-0.12491276	0.085096076	-0.14502704	-0.05017996	-0.034216255	0.9999998	0.06785377	0.22965494	-0.25662857	-0.18481655	-0.17834501	-0.24819897	0.0411084	-0.18207666	0.21795167	0.19135708	-0.07296554	-0.0073930384	0.2024388	-0.33349776	0.19761772	-0.42512175	-0.012763136	0.19448347	0.0958443	-0.39925095	-0.26978132	0.15072067	0.010484053
-0.07935132	0.24292198	-0.35726675	0.055364743	-0.3188144	-0.38586697	0.06785377	0.99999976	0.019993529	-0.22001702	0.15439087	-0.45233977	0.1863474	0.29867184	-0.053374857	-0.13935052	0.11134416	0.16972321	-0.30009386	-0.056951188	-0.06603486	-0.07115141	-0.29159534	0.29228157	0.08301929	-0.3505608	0.0062693628	0.14700764	0.033516034	0.27409512
0.16529934	-0.058012675	0.14743216	-0.36010015	-0.21462275	0.04853667	0.22965494	0.019993529	0.9999998	-0.2312475	-0.18491335	-0.043240264	-0.34112263	0.014467415	-0.1610614	0.22551501	0.22115389	-0.20134155	-0.1659636	0.18622586	-0.49004012	0.28147364	-0.21316203	0.024205962	0.2634252	0.11039046	-0.28837743	-0.23697591	0.21202564	0.040416572
-0.16253415	-0.106381774	0.09897108	0.15558633	0.24344388	0.16360058	-0.25662857	-0.22001702	-0.2312475	0.9999999	-0.13329114	0.19977675	0.025594525	-0.31331387	0.24641989	-0.18286557	-0.43446684	0.066799685	0.18395169	0.03298592	0.19692731	-0.21933536	0.26756018	-0.21517485	-0.32297876	0.13838495	0.18982965	0.01527128	-0.28506735	-0.14176045
-0.2536928	0.19648273	-0.2773668	0.1298235	-0.086332284	-0.14955759	-0.18481655	0.15439087	-0.18491335	-0.13329114	0.99999994	-0.21308567	0.23194249	0.17884243	0.022222964	-0.1706794	-0.019004289	0.13226281	-0.123761475	-0.5462734	0.1495015	-0.14109664	0.035377264	0.19801533	-0.12385992	-0.4053916	0.1932418	0.27985972	-0.00087425055	0.11206384
-0.034319304	-0.17401345	0.21031252	-0.036003847	0.22489178	0.2621667	-0.17834501	-0.45233977	-0.043240264	0.19977675	-0.21308567	1.0	-0.18768159	-0.31623676	0.101865835	0.022009142	-0.13710897	-0.07489325	0.23926577	0.063312985	0.10320377	0.026903454	0.21671778	-0.36579838	-0.05779546	0.2269467	0.03176374	-0.108870044	-0.10327616	-0.44609904
-0.1972878	0.22851011	-0.43218267	0.21427904	-0.048251163	-0.33330438	-0.24819897	0.1863474	-0.34112263	0.025594525	0.23194249	-0.18768159	1.0	0.20555294	0.104803726	-0.37050146	-0.10314812	0.24278484	-0.16183129	-0.2129493	0.14337343	-0.2613653	0.047192264	0.1765204	-0.14604408	-0.32923797	0.22447509	0.26578954	-0.1062446	0.18221667
-0.05236313	0.26638657	-0.402159	0.029745843	-0.22088405	-0.42554685	0.0411084	0.29867184	0.014467415	-0.31331387	0.17884243	-0.31623676	0.20555294	1.0000001	-0.0955466	-0.14788087	0.14530678	0.14281383	-0.3989195	-0.098882385	-0.114389114	-0.014057718	-0.19721644	0.27304897	0.099583514	-0.3895677	-0.005753524	0.14107776	0.08602195	0.27013144
-0.39437395	-0.062920205	-0.025904257	0.23119415	0.15900443	0.0131773455	-0.18207666	-0.053374857	-0.1610614	0.24641989	0.022222964	0.101865835	0.104803726	-0.0955466	1.0000001	-0.2742646	-0.40826112	0.2135308	0.09227901	-0.08418653	0.21327646	-0.3263266	0.19964536	-0.010317487	-0.33232957	-0.00087049213	0.26129347	0.16828218	-0.48164365	-0.13349544
0.28774056	-0.24210674	0.22669207	-0.22446138	-0.04652263	0.17226772	0.21795167	-0.13935052	0.22551501	-0.18286557	-0.1706794	0.022009142	-0.37050146	-0.14788087	-0.2742646	1.0000001	0.1928916	-0.42771932	0.076922596	0.16256824	-0.1453261	0.26389366	-0.16212536	-0.16343842	0.1938221	0.20338307	-0.34999493	-0.31189698	0.20013677	-0.08661529
0.16865508	0.100528546	-0.020319698	-0.2929357	-0.36481985	-0.10348856	0.19135708	0.11134416	0.22115389	-0.43446684	-0.019004289	-0.13710897	-0.10314812	0.14530678	-0.40826112	0.1928916	1.0000002	-0.22311041	-0.11948697	0.029243173	-0.27462512	0.26254183	-0.28078362	0.12266316	0.29235306	-0.07972898	-0.26661137	-0.14055726	0.30329648	0.12716755
-0.3675005	0.1380329	-0.30688706	0.23616645	0.032467306	-0.26501966	-0.07296554	0.16972321	-0.20134155	0.066799685	0.13226281	-0.07489325	0.24278484	0.14281383	0.2135308	-0.42771932	-0.22311041	1.0000004	-0.14804049	-0.051798396	0.112723894	-0.33749664	0.027110059	0.13194434	-0.20738746	-0.19801576	0.21451232	0.21569954	-0.31041998	0.11605956
0.08689926	-0.32426417	0.21128504	0.057763606	0.26198047	0.26700372	-0.0073930384	-0.30009386	-0.1659636	0.18395169	-0.123761475	0.23926577	-0.16183129	-0.3989195	0.09227901	0.076922596	-0.11948697	-0.14804049	1.0000002	0.01132789	0.16010503	-0.06439875	0.17620736	-0.3658964	-0.19852163	0.22514085	0.02737888	-0.10650643	-0.09940094	-0.49299693
0.18785147	-0.18008469	0.1603252	-0.14598772	0.06438195	0.08428699	0.2024388	-0.056951188	0.18622586	0.03298592	-0.5462734	0.063312985	-0.2129493	-0.098882385	-0.08418653	0.16256824	0.029243173	-0.051798396	0.01132789	1.0000002	-0.2652608	0.16340968	-0.10755225	-0.19087736	0.13766192	0.21816926	-0.31326512	-0.47243667	0.033666745	-0.011323544
-0.16228278	-0.054271102	-0.0960555	0.25068375	0.1742285	0.029478418	-0.33349776	-0.06603486	-0.49004012	0.19692731	0.1495015	0.10320377	0.14337343	-0.114389114	0.21327646	-0.1453261	-0.27462512	0.112723894	0.16010503	-0.2652608	1.0000002	-0.33043554	0.23525698	-0.05338979	-0.30669737	-0.062059216	0.2612118	0.20639004	-0.2701596	-0.2118003
0.21877997	-0.022848468	0.15699245	-0.4575546	-0.16836606	0.08053125	0.19761772	-0.07115141	0.28147364	-0.21933536	-0.14109664	0.026903454	-0.2613653	-0.014057718	-0.3263266	0.26389366	0.26254183	-0.33749664	-0.06439875	0.16340968	-0.33043554	1.0000001	-0.23326634	-0.0007047159	0.29591262	0.11667651	-0.33729416	-0.34263572	0.2782208	-0.014584363
-0.20058784	-0.16884862	0.07754382	0.14836934	0.21370395	0.16789003	-0.42512175	-0.29159534	-0.21316203	0.26756018	0.035377264	0.21671778	0.047192264	-0.19721644	0.19964536	-0.16212536	-0.28078362	0.027110059	0.17620736	-0.10755225	0.23525698	-0.23326634	0.99999994	-0.25029105	-0.34850886	0.0736577	0.22397217	0.086547315	-0.15127067	-0.1663829
-0.1746864	0.27862376	-0.23093404	-0.032062758	-0.40313038	-0.32840052	-0.012763136	0.29228157	0.024205962	-0.21517485	0.19801533	-0.36579838	0.1765204	0.27304897	-0.010317487	-0.16343842	0.12266316	0.13194434	-0.3658964	-0.19087736	-0.05338979	-0.0007047159	-0.25029105	1.0	0.100278124	-0.34452257	0.034807168	0.1834917	0.062135506	0.26441178
0.16251692	0.11410324	0.025757153	-0.42382354	-0.24487516	-0.06067056	0.19448347	0.08301929	0.2634252	-0.32297876	-0.12385992	-0.05779546	-0.14604408	0.099583514	-0.33232957	0.1938221	0.29235306	-0.20738746	-0.19852163	0.13766192	-0.30669737	0.29591262	-0.34850886	0.100278124	1.0000001	-0.007042961	-0.33225065	-0.22211947	0.27985847	0.09216266
0.16974959	-0.38275048	0.30679217	-0.12976484	0.17404254	0.2848638	0.0958443	-0.3505608	0.11039046	0.13838495	-0.4053916	0.2269467	-0.32923797	-0.3895677	-0.00087049213	0.20338307	-0.07972898	-0.19801576	0.22514085	0.21816926	-0.062059216	0.11667651	0.0736577	-0.34452257	-0.007042961	1.0000001	-0.16640398	-0.27879366	-0.0025385742	-0.21674849
-0.37908533	0.071416885	-0.1446679	0.24882868	0.07201593	-0.051677525	-0.39925095	0.0062693628	-0.28837743	0.18982965	0.1932418	0.03176374	0.22447509	-0.005753524	0.26129347	-0.34999493	-0.26661137	0.21451232	0.02737888	-0.31326512	0.2612118	-0.33729416	0.22397217	0.034807168	-0.33225065	-0.16640398	1.0000002	0.2807701	-0.31454748	0.007433456
-0.29830688	0.17013957	-0.25531504	0.22288536	-0.07915909	-0.18606368	-0.26978132	0.14700764	-0.23697591	0.01527128	0.27985972	-0.108870044	0.26578954	0.14107776	0.16828218	-0.31189698	-0.14055726	0.21569954	-0.10650643	-0.47243667	0.20639004	-0.34263572	0.086547315	0.1834917	-0.22211947	-0.27879366	0.2807701	1.0000001	-0.1707647	0.09700733
0.1759696	0.09948212	0.038999002	-0.40873182	-0.27916032	-0.05306017	0.15072067	0.033516034	0.21202564	-0.28506735	-0.00087425055	-0.10327616	-0.1062446	0.08602195	-0.48164365	0.20013677	0.30329648	-0.31041998	-0.09940094	0.033666745	-0.2701596	0.2782208	-0.15127067	0.062135506	0.27985847	-0.0025385742	-0.31454748	-0.1707647	1.0	0.08314966
-0.07496565	0.23780636	-0.2386444	0.0035432242	-0.35130355	-0.3313897	0.010484053	0.27409512	0.040416572	-0.14176045	0.11206384	-0.44609904	0.18221667	0.27013144	-0.13349544	-0.08661529	0.12716755	0.11605956	-0.49299693	-0.011323544	-0.2118003	-0.014584363	-0.1663829	0.26441178	0.09216266	-0.21674849	0.007433456	0.09700733	0.08314966	1.0
