1.0000001	-0.0015602524	-0.08081888	-0.0053636753	0.23459367	-0.1725154	0.12671661	0.14190087	-0.31967518	-0.2525875	-0.33749333	0.099543124	0.04864748	-0.35030085	0.09828023	0.23449114	-0.4243379	-0.17210299	-0.19597934	0.19328985	-0.40893432	-0.102131404	0.16173674	0.121438116	0.23832017	0.12743685	0.03340657	-0.05835374	-0.061627336	0.084013894
-0.0015602524	1.0	0.034836058	-0.25954595	0.15222584	0.05329825	-0.090841144	0.033547934	0.027387265	-0.08128683	-0.05718273	-0.26380435	-0.2869798	-0.10257653	-0.31566456	0.07862876	-0.24190146	0.15717095	0.21325086	-0.1439325	-0.1475714	0.1702167	-0.036266107	0.12300983	0.07385847	0.122809544	-0.5339738	0.09105711	0.016701179	0.21511637
-0.08081888	0.034836058	1.0000002	0.17588708	-0.23270033	0.29894254	-0.4212175	-0.36860794	0.2685193	0.17373051	0.26899827	-0.0761633	-0.34060192	0.24992642	-0.2555225	-0.15287331	0.06762079	0.039893758	0.21360052	-0.17097802	0.16961835	0.27277705	-0.31934974	-0.3628665	-0.2689092	-0.39951658	-0.11552396	0.26577717	0.27353978	-0.20797154
-0.0053636753	-0.25954595	0.17588708	1.0000004	-0.26360703	0.07279408	-0.06870977	-0.22387211	0.06918688	0.040369835	0.17109647	0.20856132	-0.046906374	0.14803311	0.111736976	-0.057539638	0.1254092	-0.2802249	-0.07232265	0.07141454	0.19010796	0.0019382848	-0.09019109	-0.2995679	-0.17256422	-0.31117094	0.17332648	0.044193342	0.09099243	-0.54341835
0.23459367	0.15222584	-0.23270033	-0.26360703	1.0000002	-0.21509038	0.18397033	0.24760057	-0.3153689	-0.14327328	-0.30123356	0.029205862	0.08116502	-0.41300106	0.003603365	0.1972315	-0.38393524	-0.09094006	-0.06934848	0.13485652	-0.4550655	-0.12734996	0.19323052	0.2353241	0.25756335	0.23433045	-0.11701356	-0.18366487	-0.12002896	0.24675976
-0.1725154	0.05329825	0.29894254	0.07279408	-0.21509038	1.0000004	-0.43489522	-0.4903986	0.29283667	0.19400242	0.26690897	-0.19415818	-0.23419088	0.25159663	-0.2993605	-0.1764714	0.08939399	0.12253043	0.22396877	-0.1756197	0.16411965	0.28594673	-0.36370662	-0.32440096	-0.23533063	-0.2985666	-0.13787052	0.28328347	0.24515231	-0.09216722
0.12671661	-0.090841144	-0.4212175	-0.06870977	0.18397033	-0.43489522	1.0000004	0.25368384	-0.34935367	-0.26630262	-0.22505526	0.17975661	0.26708207	-0.2634799	0.2519248	0.1626282	-0.035932742	-0.19447733	-0.33108437	0.23956533	-0.19562909	-0.40976843	0.30668998	0.23605083	0.23751734	0.23756826	0.14605188	-0.30858076	-0.32624403	0.092398845
0.14190087	0.033547934	-0.36860794	-0.22387211	0.24760057	-0.4903986	0.25368384	1.0000005	-0.33626607	-0.14692745	-0.35016927	0.034217063	0.16826457	-0.31445938	0.13491061	0.14171107	-0.14305563	-0.00454861	-0.13110021	0.13742927	-0.23576602	-0.25155467	0.2590452	0.27414796	0.24081233	0.26498845	0.038813394	-0.41063568	-0.15449771	0.19080883
-0.31967518	0.027387265	0.2685193	0.06918688	-0.3153689	0.29283667	-0.34935367	-0.33626607	1.0000006	0.24266987	0.29590097	-0.19257545	-0.25768986	0.2995328	-0.26824632	-0.21532786	0.143561	0.17796792	0.2544929	-0.327764	0.23169503	0.26028928	-0.36320207	-0.28308034	-0.32939655	-0.2285219	-0.13637957	0.27353603	0.24099122	-0.1556845
-0.2525875	-0.08128683	0.17373051	0.040369835	-0.14327328	0.19400242	-0.26630262	-0.14692745	0.24266987	1.0000005	0.2539307	-0.16639517	-0.084673174	0.2596989	-0.085066736	-0.46807793	0.18313369	0.14492795	0.15446243	-0.32390723	0.20668532	0.15411429	-0.2921405	-0.26959088	-0.4938502	-0.26051575	0.013488411	0.179165	0.22369893	-0.08943852
-0.33749333	-0.05718273	0.26899827	0.17109647	-0.30123356	0.26690897	-0.22505526	-0.35016927	0.29590097	0.2539307	1.0000004	-0.123803005	-0.24772643	0.31624123	-0.16149262	-0.3028789	0.18983947	0.08124921	0.17814177	-0.17775509	0.26167938	0.2101788	-0.279802	-0.35541245	-0.38641548	-0.36786968	-0.0303188	0.2140648	0.24520144	-0.24877782
0.099543124	-0.26380435	-0.0761633	0.20856132	0.029205862	-0.19415818	0.17975661	0.034217063	-0.19257545	-0.16639517	-0.123803005	1.0000004	0.16139258	-0.12032496	0.2487746	0.11862703	0.016904335	-0.5863971	-0.24669638	0.24242926	0.014848705	-0.24546736	0.18531172	-0.03979189	0.07911621	-0.003952247	0.2306772	-0.15727827	-0.20662886	-0.22588934
0.04864748	-0.2869798	-0.34060192	-0.046906374	0.08116502	-0.23419088	0.26708207	0.16826457	-0.25768986	-0.084673174	-0.24772643	0.16139258	1.0000004	-0.20880151	0.2779678	0.07904105	0.058823854	-0.109956734	-0.44220996	0.17971618	-0.032050706	-0.41915202	0.23138428	0.15501842	0.14189622	0.16864961	0.22675774	-0.19378278	-0.36479607	0.023743235
-0.35030085	-0.10257653	0.24992642	0.14803311	-0.41300106	0.25159663	-0.2634799	-0.31445938	0.2995328	0.2596989	0.31624123	-0.12032496	-0.20880151	1.0000005	-0.11345589	-0.28360772	0.22128974	0.11938025	0.17036432	-0.24287939	0.2814447	0.17938313	-0.2809823	-0.28996903	-0.41051233	-0.35143065	0.012447982	0.21480447	0.2208406	-0.19916019
0.09828023	-0.31566456	-0.2555225	0.111736976	0.003603365	-0.2993605	0.2519248	0.13491061	-0.26824632	-0.085066736	-0.16149262	0.2487746	0.2779678	-0.11345589	1.0000006	0.061021194	0.057037566	-0.22084156	-0.37278667	0.22209454	0.005574196	-0.4529987	0.23876378	0.049177114	0.100862235	0.08323429	0.28881204	-0.30231798	-0.2591825	-0.12679476
0.23449114	0.07862876	-0.15287331	-0.057539638	0.1972315	-0.1764714	0.1626282	0.14171107	-0.21532786	-0.46807793	-0.3028789	0.11862703	0.07904105	-0.28360772	0.061021194	1.0000006	-0.4952484	-0.11526971	-0.085477404	0.15991122	-0.21020782	-0.12528971	0.19358447	0.15846989	0.25451118	0.20529675	-0.049686015	-0.104565926	-0.31971744	0.11712739
-0.4243379	-0.24190146	0.06762079	0.1254092	-0.38393524	0.08939399	-0.035932742	-0.14305563	0.143561	0.18313369	0.18983947	0.016904335	0.058823854	0.22128974	0.057037566	-0.4952484	1.0000007	0.024267849	-0.021732468	-0.054173704	0.25035077	-0.039496355	-0.12363418	-0.09081768	-0.21456438	-0.1468665	0.13484243	0.010912027	0.07307624	-0.23072441
-0.17210299	0.15717095	0.039893758	-0.2802249	-0.09094006	0.12253043	-0.19447733	-0.00454861	0.17796792	0.14492795	0.08124921	-0.5863971	-0.109956734	0.11938025	-0.22084156	-0.11526971	0.024267849	1.0000007	0.21066621	-0.4246303	0.035026457	0.16237476	-0.23100454	0.05418672	-0.09572312	0.00068390486	-0.21059813	0.14004932	0.14216307	0.12421782
-0.19597934	0.21325086	0.21360052	-0.07232265	-0.06934848	0.22396877	-0.33108437	-0.13110021	0.2544929	0.15446243	0.17814177	-0.24669638	-0.44220996	0.17036432	-0.37278667	-0.085477404	-0.021732468	0.21066621	1.0000008	-0.41029775	0.038368072	0.2825611	-0.32030362	-0.10445228	-0.20760414	-0.12911224	-0.30326775	0.24791181	0.21471737	0.04130519
0.19328985	-0.1439325	-0.17097802	0.07141454	0.13485652	-0.1756197	0.23956533	0.13742927	-0.327764	-0.32390723	-0.17775509	0.24242926	0.17971618	-0.24287939	0.22209454	0.15991122	-0.054173704	-0.4246303	-0.41029775	1.0000007	-0.19829996	-0.17314342	0.26472074	0.09081448	0.21691157	0.12416994	0.16170433	-0.3754456	-0.2343515	-0.0058195055
-0.40893432	-0.1475714	0.16961835	0.19010796	-0.4550655	0.16411965	-0.19562909	-0.23576602	0.23169503	0.20668532	0.26167938	0.014848705	-0.032050706	0.2814447	0.005574196	-0.21020782	0.25035077	0.035026457	0.038368072	-0.19829996	1.0000007	0.07713692	-0.14891304	-0.29535455	-0.3401983	-0.22330709	0.09795631	0.11164305	0.13146843	-0.3763936
-0.102131404	0.1702167	0.27277705	0.0019382848	-0.12734996	0.28594673	-0.40976843	-0.25155467	0.26028928	0.15411429	0.2101788	-0.24546736	-0.41915202	0.17938313	-0.4529987	-0.12528971	-0.039496355	0.16237476	0.2825611	-0.17314342	0.07713692	1.0000006	-0.3558488	-0.22879294	-0.18000722	-0.18635184	-0.27367905	0.25924325	0.2548091	0.000106959094
0.16173674	-0.036266107	-0.31934974	-0.09019109	0.19323052	-0.36370662	0.30668998	0.2590452	-0.36320207	-0.2921405	-0.279802	0.18531172	0.23138428	-0.2809823	0.23876378	0.19358447	-0.12363418	-0.23100454	-0.32030362	0.26472074	-0.14891304	-0.3558488	1.0000005	0.22070555	0.2569765	0.24344277	0.1386977	-0.45916006	-0.3404144	0.11066973
0.121438116	0.12300983	-0.3628665	-0.2995679	0.2353241	-0.32440096	0.23605083	0.27414796	-0.28308034	-0.26959088	-0.35541245	-0.03979189	0.15501842	-0.28996903	0.049177114	0.15846989	-0.09081768	0.05418672	-0.10445228	0.09081448	-0.29535455	-0.22879294	0.22070555	1.0000005	0.2704425	0.31281477	-0.11155251	-0.20520432	-0.28745398	0.24675606
0.23832017	0.07385847	-0.2689092	-0.17256422	0.25756335	-0.23533063	0.23751734	0.24081233	-0.32939655	-0.4938502	-0.38641548	0.07911621	0.14189622	-0.41051233	0.100862235	0.25451118	-0.21456438	-0.09572312	-0.20760414	0.21691157	-0.3401983	-0.18000722	0.2569765	0.2704425	1.0000005	0.2712453	-0.04502533	-0.24091552	-0.20344475	0.1844793
0.12743685	0.122809544	-0.39951658	-0.31117094	0.23433045	-0.2985666	0.23756826	0.26498845	-0.2285219	-0.26051575	-0.36786968	-0.003952247	0.16864961	-0.35143065	0.08323429	0.20529675	-0.1468665	0.00068390486	-0.12911224	0.12416994	-0.22330709	-0.18635184	0.24344277	0.31281477	0.2712453	1.0000005	-0.086844236	-0.24222507	-0.40306008	0.24268875
0.03340657	-0.5339738	-0.11552396	0.17332648	-0.11701356	-0.13787052	0.14605188	0.038813394	-0.13637957	0.013488411	-0.0303188	0.2306772	0.22675774	0.012447982	0.28881204	-0.049686015	0.13484243	-0.21059813	-0.30326775	0.16170433	0.09795631	-0.27367905	0.1386977	-0.11155251	-0.04502533	-0.086844236	1.0000006	-0.24182372	-0.14926407	-0.15413487
-0.05835374	0.09105711	0.26577717	0.044193342	-0.18366487	0.28328347	-0.30858076	-0.41063568	0.27353603	0.179165	0.2140648	-0.15727827	-0.19378278	0.21480447	-0.30231798	-0.104565926	0.010912027	0.14004932	0.24791181	-0.3754456	0.11164305	0.25924325	-0.45916006	-0.20520432	-0.24091552	-0.24222507	-0.24182372	1.0000006	0.23475009	-0.08641022
-0.061627336	0.016701179	0.27353978	0.09099243	-0.12002896	0.24515231	-0.32624403	-0.15449771	0.24099122	0.22369893	0.24520144	-0.20662886	-0.36479607	0.2208406	-0.2591825	-0.31971744	0.07307624	0.14216307	0.21471737	-0.2343515	0.13146843	0.2548091	-0.3404144	-0.28745398	-0.20344475	-0.40306008	-0.14926407	0.23475009	1.0000006	-0.17736126
0.084013894	0.21511637	-0.20797154	-0.54341835	0.24675976	-0.09216722	0.092398845	0.19080883	-0.1556845	-0.08943852	-0.24877782	-0.22588934	0.023743235	-0.19916019	-0.12679476	0.11712739	-0.23072441	0.12421782	0.04130519	-0.0058195055	-0.3763936	0.000106959094	0.11066973	0.24675606	0.1844793	0.24268875	-0.15413487	-0.08641022	-0.17736126	1.0000006
