1.0	-0.21395294	-0.3327401	-0.07205282	-0.5335921	0.11387224	-0.028015949	0.25650233	-0.039318707	0.21112517	0.10419793	0.0034326673	0.14090379	0.15106724	-0.08428988	0.084229164	-0.012450383	-0.03692019	0.054312862	-0.28481472	-0.051485993	-0.12592672	-0.013764194	0.15940054	0.04717571	-0.28275514	-0.15105012	0.09699131	0.0064390334	-0.16646482
-0.21395294	1.0000001	0.16436087	0.22758548	0.21442978	0.04008641	-0.22537504	-0.060369078	0.20336704	-0.08582118	0.061742958	-0.22205384	-0.29774994	-0.17170268	-0.12706012	-0.13540943	0.23676653	-0.059427112	-0.36777747	-0.0002969873	-0.15503947	-0.17253701	0.05536687	-0.52503407	0.04052027	0.20415571	0.0969863	-0.0004130577	0.015345483	0.259357
-0.3327401	0.16436087	0.9999998	0.02620492	0.15655477	-0.29167625	0.118558146	-0.30532208	-0.07095308	-0.46593526	-0.15292329	0.10593289	-0.12217235	-0.06742658	0.1624741	0.074198835	-0.063775495	0.17428707	0.019346839	0.21454376	0.16280285	0.17462729	-0.20942853	-0.11601175	-0.23124582	0.08950732	-0.008925125	-0.3644593	0.12941591	0.030217256
-0.07205282	0.22758548	0.02620492	0.9999999	0.11982541	0.09029689	-0.31595027	0.10278343	0.19402944	0.08452503	0.08480696	-0.12863903	-0.46137625	-0.463523	-0.100492805	-0.08770254	0.28165102	-0.104507156	-0.33432207	-0.1939798	-0.29558754	-0.20985267	-0.038500503	-0.32916275	0.1690559	0.2703603	0.033253852	0.07788497	0.06631926	0.30712304
-0.5335921	0.21442978	0.15655477	0.11982541	0.99999994	-0.019373864	-0.053389527	-0.30656287	0.10806741	-0.14978476	-0.043509733	-0.08438883	-0.12568152	-0.2267828	-0.004823935	-0.19258597	0.09751822	-0.05170061	-0.21127233	0.13945065	-0.05344313	0.033775143	0.080753565	-0.3121778	0.034861997	0.18140796	0.15806307	0.023256259	-0.142827	0.16397537
0.11387224	0.04008641	-0.29167625	0.09029689	-0.019373864	0.99999976	-0.20588025	0.1798967	0.25450218	0.2692194	0.2740684	-0.34061304	-0.026526054	-0.021069853	-0.28044295	-0.29025626	0.20868954	-0.19419904	-0.29360557	-0.22397052	-0.35073644	-0.41055426	0.25093666	-0.14322717	0.20645334	0.020592261	0.13633412	0.24227141	-0.2895932	0.09457012
-0.028015949	-0.22537504	0.118558146	-0.31595027	-0.053389527	-0.20588025	0.9999997	-0.20449972	-0.3416221	-0.15109797	-0.25356	0.26462388	0.20252886	0.19399704	0.25915036	0.20181724	-0.22006692	0.2671042	0.21474996	0.20838113	0.2741951	0.2264253	-0.19695386	0.19886902	-0.42772183	-0.2617196	-0.2668702	-0.28696024	0.11825172	-0.30891266
0.25650233	-0.060369078	-0.30532208	0.10278343	-0.30656287	0.1798967	-0.20449972	0.9999996	0.12923224	0.25478894	0.17660704	-0.1051031	-0.02595375	-0.019469703	-0.22278602	0.028915247	0.14343469	-0.103518926	-0.1681574	-0.5098899	-0.2191422	-0.31919762	0.011990164	0.0038742104	0.15634082	-0.0054235454	-0.09586759	0.12039834	0.04921154	0.057343803
-0.039318707	0.20336704	-0.07095308	0.19402944	0.10806741	0.25450218	-0.3416221	0.12923224	0.99999964	0.1502725	0.26864347	-0.34532765	-0.16979267	-0.10235723	-0.41558528	-0.36155355	0.24510334	-0.21337509	-0.28011632	-0.24780256	-0.38340917	-0.29022577	0.22588013	-0.25438267	0.22631001	0.13313144	0.21757342	0.1910021	-0.23716415	0.20593843
0.21112517	-0.08582118	-0.46593526	0.08452503	-0.14978476	0.2692194	-0.15109797	0.25478894	0.1502725	0.9999996	0.23863958	-0.25297028	-0.012729502	-0.0666272	-0.2495963	-0.069061235	0.15493526	-0.26438528	-0.13709395	-0.27635416	-0.3477384	-0.37778726	0.14759961	-0.045434356	0.21250461	-0.003888755	0.0011428836	0.24682371	-0.09475368	0.07953874
0.10419793	0.061742958	-0.15292329	0.08480696	-0.043509733	0.2740684	-0.25356	0.17660704	0.26864347	0.23863958	0.9999996	-0.3535207	-0.03264303	-0.058344893	-0.48702258	-0.22358195	0.15965626	-0.38358432	-0.1685638	-0.28676173	-0.32109934	-0.33655283	0.25037196	-0.07564118	0.2490369	0.061513755	0.18704851	0.25766528	-0.29604074	0.099418044
0.0034326673	-0.22205384	0.10593289	-0.12863903	-0.08438883	-0.34061304	0.26462388	-0.1051031	-0.34532765	-0.25297028	-0.3535207	0.9999996	0.12668541	0.12068821	0.29157433	0.26459354	-0.32676914	0.2507885	0.21621048	0.16603458	0.25480396	0.2445838	-0.35749826	0.19450441	-0.34635577	-0.17901774	-0.30815524	-0.20722957	0.20472671	-0.15149376
0.14090379	-0.29774994	-0.12217235	-0.46137625	-0.12568152	-0.026526054	0.20252886	-0.02595375	-0.16979267	-0.012729502	-0.03264303	0.12668541	0.99999964	0.29843435	0.05008695	0.06598702	-0.34342	0.0913206	0.22560844	0.06730474	0.15875654	0.12992793	0.04021898	0.25766242	-0.13272752	-0.5011354	-0.082768366	0.004336711	-0.11970431	-0.4053231
0.15106724	-0.17170268	-0.06742658	-0.463523	-0.2267828	-0.021069853	0.19399704	-0.019469703	-0.10235723	-0.0666272	-0.058344893	0.12068821	0.29843435	0.9999998	0.04637733	0.010980664	-0.28042114	0.11778077	0.20501472	0.07561414	0.17304744	0.11250832	0.049731847	0.23084305	-0.24274147	-0.5229299	-0.011915259	-0.0680286	-0.08698006	-0.3757075
-0.08428988	-0.12706012	0.1624741	-0.100492805	-0.004823935	-0.28044295	0.25915036	-0.22278602	-0.41558528	-0.2495963	-0.48702258	0.29157433	0.05008695	0.04637733	0.9999998	0.24218985	-0.169858	0.25357792	0.1811386	0.20793428	0.25575826	0.25848582	-0.38561106	0.11785801	-0.25858387	-0.07183834	-0.28570026	-0.24358831	0.22202691	-0.16129231
0.084229164	-0.13540943	0.074198835	-0.08770254	-0.19258597	-0.29025626	0.20181724	0.028915247	-0.36155355	-0.069061235	-0.22358195	0.26459354	0.06598702	0.010980664	0.24218985	0.99999976	-0.1628088	0.19229665	0.12231208	0.019921577	0.14391679	0.115997404	-0.43260798	0.13325068	-0.23516606	-0.06628989	-0.5240406	-0.13050862	0.2622644	-0.05123865
-0.012450383	0.23676653	-0.063775495	0.28165102	0.09751822	0.20868954	-0.22006692	0.14343469	0.24510334	0.15493526	0.15965626	-0.32676914	-0.34342	-0.28042114	-0.169858	-0.1628088	0.99999976	-0.12334452	-0.45264915	-0.27039614	-0.30810472	-0.33928415	0.09590919	-0.3964531	0.17611754	0.20832582	0.078824736	0.12114484	-0.016539251	0.2783085
-0.03692019	-0.059427112	0.17428707	-0.104507156	-0.05170061	-0.19419904	0.2671042	-0.103518926	-0.21337509	-0.26438528	-0.38358432	0.2507885	0.0913206	0.11778077	0.25357792	0.19229665	-0.12334452	0.9999997	0.10206805	0.15048037	0.24425575	0.17731626	-0.21325369	0.108685374	-0.44978616	-0.17856988	-0.31981525	-0.4964131	0.2089031	-0.14603376
0.054312862	-0.36777747	0.019346839	-0.33432207	-0.21127233	-0.29360557	0.21474996	-0.1681574	-0.28011632	-0.13709395	-0.1685638	0.21621048	0.22560844	0.20501472	0.1811386	0.12231208	-0.45264915	0.10206805	0.99999976	0.1748215	0.26071063	0.26394507	-0.12392028	0.29075065	-0.098210216	-0.19834302	-0.03275737	-0.1421626	0.04109686	-0.36306682
-0.28481472	-0.0002969873	0.21454376	-0.1939798	0.13945065	-0.22397052	0.20838113	-0.5098899	-0.24780256	-0.27635416	-0.28676173	0.16603458	0.06730474	0.07561414	0.20793428	0.019921577	-0.27039614	0.15048037	0.1748215	0.9999998	0.24697691	0.26265132	-0.045786932	0.061325617	-0.29082632	-0.025234452	0.020743912	-0.17573042	-0.018309202	-0.16597213
-0.051485993	-0.15503947	0.16280285	-0.29558754	-0.05344313	-0.35073644	0.2741951	-0.2191422	-0.38340917	-0.3477384	-0.32109934	0.25480396	0.15875654	0.17304744	0.25575826	0.14391679	-0.30810472	0.24425575	0.26071063	0.24697691	0.9999997	0.29473832	-0.12932989	0.2038002	-0.27513066	-0.15143323	-0.10224891	-0.3580905	0.11971838	-0.29139253
-0.12592672	-0.17253701	0.17462729	-0.20985267	0.033775143	-0.41055426	0.2264253	-0.31919762	-0.29022577	-0.37778726	-0.33655283	0.2445838	0.12992793	0.11250832	0.25848582	0.115997404	-0.33928415	0.17731626	0.26394507	0.26265132	0.29473832	0.9999997	-0.21535428	0.16223212	-0.15244305	-0.088870265	-0.04277642	-0.20079012	0.08999436	-0.26498714
-0.013764194	0.05536687	-0.20942853	-0.038500503	0.080753565	0.25093666	-0.19695386	0.011990164	0.22588013	0.14759961	0.25037196	-0.35749826	0.04021898	0.049731847	-0.38561106	-0.43260798	0.09590919	-0.21325369	-0.12392028	-0.045786932	-0.12932989	-0.21535428	0.9999996	-0.041516565	0.17606752	-0.0091401525	0.2603041	0.21329394	-0.47305694	0.02735332
0.15940054	-0.52503407	-0.11601175	-0.32916275	-0.3121778	-0.14322717	0.19886902	0.0038742104	-0.25438267	-0.045434356	-0.07564118	0.19450441	0.25766242	0.23084305	0.11785801	0.13325068	-0.3964531	0.108685374	0.29075065	0.061325617	0.2038002	0.16223212	-0.041516565	0.99999946	-0.14331397	-0.22544475	-0.09562971	-0.08010363	-0.0012122482	-0.3382536
0.04717571	0.04052027	-0.23124582	0.1690559	0.034861997	0.20645334	-0.42772183	0.15634082	0.22631001	0.21250461	0.2490369	-0.34635577	-0.13272752	-0.24274147	-0.25858387	-0.23516606	0.17611754	-0.44978616	-0.098210216	-0.29082632	-0.27513066	-0.15244305	0.17606752	-0.14331397	0.99999946	0.16376577	0.20217153	0.2612505	-0.17640655	0.13908485
-0.28275514	0.20415571	0.08950732	0.2703603	0.18140796	0.020592261	-0.2617196	-0.0054235454	0.13313144	-0.003888755	0.061513755	-0.17901774	-0.5011354	-0.5229299	-0.07183834	-0.06628989	0.20832582	-0.17856988	-0.19834302	-0.025234452	-0.15143323	-0.088870265	-0.0091401525	-0.22544475	0.16376577	0.9999996	0.09941823	0.01054653	0.056930117	0.2724496
-0.15105012	0.0969863	-0.008925125	0.033253852	0.15806307	0.13633412	-0.2668702	-0.09586759	0.21757342	0.0011428836	0.18704851	-0.30815524	-0.082768366	-0.011915259	-0.28570026	-0.5240406	0.078824736	-0.31981525	-0.03275737	0.020743912	-0.10224891	-0.04277642	0.2603041	-0.09562971	0.20217153	0.09941823	0.9999996	0.15506633	-0.34227508	0.023928069
0.09699131	-0.0004130577	-0.3644593	0.07788497	0.023256259	0.24227141	-0.28696024	0.12039834	0.1910021	0.24682371	0.25766528	-0.20722957	0.004336711	-0.0680286	-0.24358831	-0.13050862	0.12114484	-0.4964131	-0.1421626	-0.17573042	-0.3580905	-0.20079012	0.21329394	-0.08010363	0.2612505	0.01054653	0.15506633	0.9999995	-0.35737023	0.08994452
0.0064390334	0.015345483	0.12941591	0.06631926	-0.142827	-0.2895932	0.11825172	0.04921154	-0.23716415	-0.09475368	-0.29604074	0.20472671	-0.11970431	-0.08698006	0.22202691	0.2622644	-0.016539251	0.2089031	0.04109686	-0.018309202	0.11971838	0.08999436	-0.47305694	-0.0012122482	-0.17640655	0.056930117	-0.34227508	-0.35737023	0.9999995	0.06163554
-0.16646482	0.259357	0.030217256	0.30712304	0.16397537	0.09457012	-0.30891266	0.057343803	0.20593843	0.07953874	0.099418044	-0.15149376	-0.4053231	-0.3757075	-0.16129231	-0.05123865	0.2783085	-0.14603376	-0.36306682	-0.16597213	-0.29139253	-0.26498714	0.02735332	-0.3382536	0.13908485	0.2724496	0.023928069	0.08994452	0.06163554	0.9999995
