1.0	-0.31984326	0.034272093	0.07526599	0.22359082	0.18788029	-0.18624538	0.23116885	-0.16472644	-0.18635902	0.21639362	0.25852218	0.12923822	-0.11468062	0.1685286	-0.15430161	-0.19750634	0.30806234	-0.20931748	-0.2014975	0.2496433	-0.40852335	-0.02779704	-0.014407074	-0.12525381	-0.18685444	-0.40056467	-0.15817232	-0.2542608	0.22780038
-0.31984326	0.9999999	-0.025675712	-0.15333016	-0.10935013	-0.21268514	-0.0261943	-0.36525455	0.16325928	0.19156894	-0.39141062	-0.439866	-0.1130651	-0.07019972	-0.2424991	0.045224477	0.27472565	-0.23432237	0.1502319	0.19284666	-0.43480667	0.19508302	0.16185267	0.04930481	0.052508146	0.12323849	0.28271452	0.22008415	0.16873395	-0.1328427
0.034272093	-0.025675712	0.99999976	-0.39258307	-0.069269575	0.13582978	-0.083996154	0.123836055	-0.33611417	0.18645376	-0.09618515	0.06633531	0.2381695	0.08569558	0.26539376	0.20105863	-0.25711358	0.091031015	-0.24655254	-0.3743531	0.12036503	-0.00761881	-0.058550693	-0.41710407	0.2424004	0.12178738	-0.045593116	-0.07457067	-0.32826784	-0.099035315
0.07526599	-0.15333016	-0.39258307	1.0	0.173356	0.037965566	0.06586565	-0.008885571	0.11763897	-0.4555583	0.18146428	0.08028499	-0.23180008	-0.034252044	-0.16193202	-0.2946665	0.05277399	0.038357724	0.18119031	0.14804551	0.053151984	-0.19243671	0.01108863	0.25292963	-0.31915516	-0.19464885	-0.14187461	-0.12411029	0.08174571	0.15414736
0.22359082	-0.10935013	-0.069269575	0.173356	0.9999998	-0.030598074	-0.15203781	0.09252498	-0.13902968	-0.3052247	0.21050677	0.12424508	0.030729733	-0.22600214	-0.029097414	-0.2556371	-0.05367407	0.2231052	0.08082264	0.0295106	0.14585815	-0.3616477	0.04771326	0.11334408	-0.2935314	-0.4301829	-0.25084516	-0.051059756	-0.0299802	0.2919109
0.18788029	-0.21268514	0.13582978	0.037965566	-0.030598074	0.99999994	0.018910794	0.25078374	-0.15992028	-0.0479323	0.101569876	0.21305771	0.115726694	0.11550279	0.21714726	0.0059055407	-0.29461765	0.1653331	-0.1968278	-0.18804662	0.20856455	-0.22219165	-0.14070043	-0.12907678	0.068645574	0.032367587	-0.36110398	-0.4708896	-0.42008123	-0.00046309052
-0.18624538	-0.0261943	-0.083996154	0.06586565	-0.15203781	0.018910794	0.9999999	0.016007751	0.15919566	-0.06168677	0.082275786	-0.0045550377	-0.37806734	0.22350413	-0.056792755	0.073926665	-0.015899671	-0.20419309	0.0073645297	-0.0040652566	-0.0008520753	0.13168523	-0.38479787	0.0061905654	-0.04896754	-0.017770993	-0.0063126264	-0.19275406	0.15028764	-0.10998151
0.23116885	-0.36525455	0.123836055	-0.008885571	0.09252498	0.25078374	0.016007751	1.0	-0.15199389	-0.06269811	0.21249156	0.27292222	0.124421746	0.10807041	0.2036007	0.003443616	-0.34200746	0.18209311	-0.28789976	-0.20098841	0.25878197	-0.16279238	-0.29583952	-0.19137982	-0.0046607438	-0.13337384	-0.28902376	-0.4489243	-0.22526963	0.09090957
-0.16472644	0.16325928	-0.33611417	0.11763897	-0.13902968	-0.15992028	0.15919566	-0.15199389	0.9999998	-0.016846217	-0.14125746	-0.20286657	-0.52121145	-0.033757467	-0.22627813	-0.14412361	0.22873913	-0.1295765	0.15655911	0.20831841	-0.3017291	0.080852754	-0.0076826676	0.20883253	-0.09520465	0.013157221	0.11591871	0.12527153	0.22561027	-0.031006943
-0.18635902	0.19156894	0.18645376	-0.4555583	-0.3052247	-0.0479323	-0.06168677	-0.06269811	-0.016846217	0.99999976	-0.37474263	-0.22048414	0.088659704	0.09824926	0.05681814	0.24182403	0.04546205	-0.14244364	-0.16655338	-0.06388619	-0.22162096	0.20157145	0.021144398	-0.2653161	0.272766	0.26713595	0.183658	0.079235606	-0.036352724	-0.30681005
0.21639362	-0.39141062	-0.09618515	0.18146428	0.21050677	0.101569876	0.082275786	0.21249156	-0.14125746	-0.37474263	0.99999976	0.2542875	-0.054267783	-0.061949354	0.06661979	-0.17377688	-0.23295371	0.16913174	-0.068475395	-0.06348163	0.24928994	-0.17012587	-0.16763617	0.04648238	-0.1732481	-0.35756826	-0.2422395	-0.18740794	-0.04463026	0.21088876
0.25852218	-0.439866	0.06633531	0.08028499	0.12424508	0.21305771	-0.0045550377	0.27292222	-0.20286657	-0.22048414	0.2542875	0.99999976	0.09560223	0.047331475	0.2221852	0.0140119335	-0.4134837	0.20830753	-0.23454146	-0.28932887	0.300833	-0.20807189	-0.2207062	-0.093306296	-0.06791738	-0.09518042	-0.39057085	-0.22069097	-0.15416774	0.09786516
0.12923822	-0.1130651	0.2381695	-0.23180008	0.030729733	0.115726694	-0.37806734	0.124421746	-0.52121145	0.088659704	-0.054267783	0.09560223	0.9999998	-0.10533771	0.17941609	0.09234229	-0.16453852	0.13576502	-0.12696967	-0.18236294	0.13112439	-0.08565964	0.07091	-0.26232505	0.13480964	0.057964224	-0.052836675	-0.1015119	-0.2666489	0.021751238
-0.11468062	-0.07019972	0.08569558	-0.034252044	-0.22600214	0.11550279	0.22350413	0.10807041	-0.033757467	0.09824926	-0.061949354	0.047331475	-0.10533771	0.9999999	0.10312819	0.21978061	-0.13995427	-0.18329638	-0.18565533	-0.09791242	0.050580528	0.15023094	-0.4556562	-0.15448742	0.10685668	0.16139221	0.011058713	-0.27370292	-0.021573175	-0.32291403
0.1685286	-0.2424991	0.26539376	-0.16193202	-0.029097414	0.21714726	-0.056792755	0.2036007	-0.22627813	0.05681814	0.06661979	0.2221852	0.17941609	0.10312819	0.99999994	0.15405694	-0.38331655	0.17025179	-0.29231745	-0.5132277	0.234266	-0.13580784	-0.13353173	-0.3189527	0.18265416	0.07743092	-0.265908	-0.1172379	-0.36504814	-0.059496645
-0.15430161	0.045224477	0.20105863	-0.2946665	-0.2556371	0.0059055407	0.073926665	0.003443616	-0.14412361	0.24182403	-0.17377688	0.0140119335	0.09234229	0.21978061	0.15405694	1.0	-0.12608245	-0.19053514	-0.26853645	-0.21500692	-0.04183846	0.20450407	-0.22346507	-0.35442612	0.26195422	0.258522	0.07469915	-0.029214429	0.00015426472	-0.37975115
-0.19750634	0.27472565	-0.25711358	0.05277399	-0.05367407	-0.29461765	-0.015899671	-0.34200746	0.22873913	0.04546205	-0.23295371	-0.4134837	-0.16453852	-0.13995427	-0.38331655	-0.12608245	1.0000001	-0.21330848	0.24365647	0.28956303	-0.42099237	0.13255115	0.1831418	0.2081727	-0.09258415	0.020720199	0.248589	0.21446183	0.23372637	-0.028185958
0.30806234	-0.23432237	0.091031015	0.038357724	0.2231052	0.1653331	-0.20419309	0.18209311	-0.1295765	-0.14244364	0.16913174	0.20830753	0.13576502	-0.18329638	0.17025179	-0.19053514	-0.21330848	1.0000001	-0.17485748	-0.18520384	0.21311164	-0.48304182	0.057941765	-0.028634384	-0.09500805	-0.24184015	-0.32996204	-0.06733691	-0.302359	0.24345371
-0.20931748	0.1502319	-0.24655254	0.18119031	0.08082264	-0.1968278	0.0073645297	-0.28789976	0.15655911	-0.16655338	-0.068475395	-0.23454146	-0.12696967	-0.18565533	-0.29231745	-0.26853645	0.24365647	-0.17485748	1.0000001	0.26118854	-0.12752378	0.058096915	0.1515596	0.2643367	-0.33301988	-0.16441955	0.15487985	0.119569056	0.20554218	0.048517484
-0.2014975	0.19284666	-0.3743531	0.14804551	0.0295106	-0.18804662	-0.0040652566	-0.20098841	0.20831841	-0.06388619	-0.06348163	-0.28932887	-0.18236294	-0.09791242	-0.5132277	-0.21500692	0.28956303	-0.18520384	0.26118854	1.0000001	-0.31749132	0.07642116	0.14943416	0.2599964	-0.17693868	-0.13116068	0.1870412	0.11530488	0.2301258	0.057211295
0.2496433	-0.43480667	0.12036503	0.053151984	0.14585815	0.20856455	-0.0008520753	0.25878197	-0.3017291	-0.22162096	0.24928994	0.300833	0.13112439	0.050580528	0.234266	-0.04183846	-0.42099237	0.21311164	-0.12752378	-0.31749132	0.99999994	-0.22390796	-0.17700744	-0.12967142	-0.028574344	-0.14826524	-0.31297818	-0.19526497	-0.2629101	0.12990361
-0.40852335	0.19508302	-0.00761881	-0.19243671	-0.3616477	-0.22219165	0.13168523	-0.16279238	0.080852754	0.20157145	-0.17012587	-0.20807189	-0.08565964	0.15023094	-0.13580784	0.20450407	0.13255115	-0.48304182	0.058096915	0.07642116	-0.22390796	1.0	-0.058634948	-0.077637374	0.14722613	0.21457702	0.27300164	0.09402073	0.17567068	-0.3373428
-0.02779704	0.16185267	-0.058550693	0.01108863	0.04771326	-0.14070043	-0.38479787	-0.29583952	-0.0076826676	0.021144398	-0.16763617	-0.2207062	0.07091	-0.4556562	-0.13353173	-0.22346507	0.1831418	0.057941765	0.1515596	0.14943416	-0.17700744	-0.058634948	0.9999999	0.1320858	-0.034226246	-0.017053787	0.121305786	0.23293057	-0.025530253	0.08776803
-0.014407074	0.04930481	-0.41710407	0.25292963	0.11334408	-0.12907678	0.0061905654	-0.19137982	0.20883253	-0.2653161	0.04648238	-0.093306296	-0.26232505	-0.15448742	-0.3189527	-0.35442612	0.2081727	-0.028634384	0.2643367	0.2599964	-0.12967142	-0.077637374	0.1320858	1.0000001	-0.4239814	-0.1819479	0.049216073	0.10210472	0.19210848	0.15759991
-0.12525381	0.052508146	0.2424004	-0.31915516	-0.2935314	0.068645574	-0.04896754	-0.0046607438	-0.09520465	0.272766	-0.1732481	-0.06791738	0.13480964	0.10685668	0.18265416	0.26195422	-0.09258415	-0.09500805	-0.33301988	-0.17693868	-0.028574344	0.14722613	-0.034226246	-0.4239814	0.9999999	0.258515	0.05471506	0.029306771	-0.21264425	-0.28740364
-0.18685444	0.12323849	0.12178738	-0.19464885	-0.4301829	0.032367587	-0.017770993	-0.13337384	0.013157221	0.26713595	-0.35756826	-0.09518042	0.057964224	0.16139221	0.07743092	0.258522	0.020720199	-0.24184015	-0.16441955	-0.13116068	-0.14826524	0.21457702	-0.017053787	-0.1819479	0.258515	0.9999998	0.14458904	0.018024297	-0.0035423448	-0.46557015
-0.40056467	0.28271452	-0.045593116	-0.14187461	-0.25084516	-0.36110398	-0.0063126264	-0.28902376	0.11591871	0.183658	-0.2422395	-0.39057085	-0.052836675	0.011058713	-0.265908	0.07469915	0.248589	-0.32996204	0.15487985	0.1870412	-0.31297818	0.27300164	0.121305786	0.049216073	0.05471506	0.14458904	0.99999976	0.20412245	0.20146203	-0.2170966
-0.15817232	0.22008415	-0.07457067	-0.12411029	-0.051059756	-0.4708896	-0.19275406	-0.4489243	0.12527153	0.079235606	-0.18740794	-0.22069097	-0.1015119	-0.27370292	-0.1172379	-0.029214429	0.21446183	-0.06733691	0.119569056	0.11530488	-0.19526497	0.09402073	0.23293057	0.10210472	0.029306771	0.018024297	0.20412245	0.99999964	0.14420563	0.014270486
-0.2542608	0.16873395	-0.32826784	0.08174571	-0.0299802	-0.42008123	0.15028764	-0.22526963	0.22561027	-0.036352724	-0.04463026	-0.15416774	-0.2666489	-0.021573175	-0.36504814	0.00015426472	0.23372637	-0.302359	0.20554218	0.2301258	-0.2629101	0.17567068	-0.025530253	0.19210848	-0.21264425	-0.0035423448	0.20146203	0.14420563	0.9999996	-0.05605871
0.22780038	-0.1328427	-0.099035315	0.15414736	0.2919109	-0.00046309052	-0.10998151	0.09090957	-0.031006943	-0.30681005	0.21088876	0.09786516	0.021751238	-0.32291403	-0.059496645	-0.37975115	-0.028185958	0.24345371	0.048517484	0.057211295	0.12990361	-0.3373428	0.08776803	0.15759991	-0.28740364	-0.46557015	-0.2170966	0.014270486	-0.05605871	0.9999996
