0.9999999	0.169334	-0.009392042	0.04514782	0.06254675	-0.3107082	-0.44382584	-0.10327796	-0.3117891	-0.048512552	0.090569705	0.24825564	0.2380702	0.03246794	0.037034415	-0.09899952	0.10882501	-0.23919962	-0.078264914	-0.4645932	-0.01824042	0.1503873	-0.036058452	0.110009626	0.041381553	-0.33370462	0.16241018	0.17324093	0.0044137575	-0.17749277
0.169334	0.9999996	0.18808067	-0.24564561	0.15878013	-0.38535705	-0.13111818	0.18115218	-0.32747537	-0.35163313	0.27616584	0.23637742	0.24759619	0.25509548	-0.3213419	-0.3502247	0.2871489	-0.2544041	0.20517105	-0.25305644	-0.29101515	0.29256517	0.24016774	-0.14941837	-0.26542738	-0.25298166	-0.14688504	-0.09997436	0.24810714	-0.15973896
-0.009392042	0.18808067	0.99999976	-0.3727564	-0.06437549	-0.039657667	0.10607436	0.14091511	-0.114906676	-0.28912607	0.2176302	-0.00097096217	0.027491517	0.2682592	-0.34718668	-0.2570958	0.25711635	-0.25375283	0.24080172	0.016738242	-0.25604334	0.20838551	0.24803641	-0.36539453	-0.45222816	0.07053762	-0.22766414	-0.2292979	0.22206332	0.06776276
0.04514782	-0.24564561	-0.3727564	0.99999964	-0.035763934	0.12175801	-0.15145066	-0.27923882	0.11443785	0.28833872	-0.2617009	-0.04907229	-0.1354567	-0.3910124	0.31180516	0.21086845	-0.34046173	0.21047747	-0.39100096	-0.05677861	0.2804499	-0.32807896	-0.282665	0.28264454	0.27147844	0.00016104477	0.2660568	0.21723963	-0.32727373	0.027539983
0.06254675	0.15878013	-0.06437549	-0.035763934	0.9999996	-0.3404262	0.018009508	0.15272366	-0.21442437	-0.18976279	0.12395479	0.18531477	0.23930311	0.09172187	-0.119959	-0.056673776	0.11531822	-0.1773407	0.15264562	-0.06614356	-0.025352335	0.08494571	0.08468236	-0.09016486	-0.016007427	-0.37311146	-0.12828785	-0.18837585	0.16813856	-0.5518774
-0.3107082	-0.38535705	-0.039657667	0.12175801	-0.3404262	0.99999976	0.15418382	-0.1468193	0.26868027	0.22810078	-0.3602029	-0.25780553	-0.39573443	-0.20756842	0.15164463	0.21633759	-0.2639946	0.26707745	-0.11799788	0.22872214	0.14984635	-0.275793	-0.1955912	0.040602006	0.091834255	0.27241433	0.065262154	0.021849107	-0.22743867	0.24680838
-0.44382584	-0.13111818	0.10607436	-0.15145066	0.018009508	0.15418382	0.9999997	0.101753585	0.19874413	-0.019988492	-0.07379505	-0.30836993	-0.17488131	0.005471289	-0.18240206	0.086874	0.0018224467	0.09028185	0.14626873	0.29388815	-0.11949127	-0.08534256	0.073599815	-0.28604248	-0.14250107	0.19499849	-0.24263251	-0.28133518	0.097037755	0.07419981
-0.10327796	0.18115218	0.14091511	-0.27923882	0.15272366	-0.1468193	0.101753585	0.9999997	-0.06401784	-0.2905212	0.14877611	0.069193244	0.10164241	0.122584976	-0.30378443	-0.045533057	0.13936585	-0.045919877	0.2534854	0.042008113	-0.3773701	0.18150587	0.15079224	-0.15702157	-0.11554375	-0.14716075	-0.4052037	-0.48645687	0.27416873	-0.09215928
-0.3117891	-0.32747537	-0.114906676	0.11443785	-0.21442437	0.26868027	0.19874413	-0.06401784	0.9999998	0.16733985	-0.14024332	-0.5015626	-0.3239265	-0.18776672	0.12914482	0.21365403	-0.21704373	0.22355957	-0.057419296	0.25314313	0.14217962	-0.34430927	-0.24076891	-0.017068807	0.12809525	0.26117927	-0.011253889	-0.060888004	-0.17703322	0.21177396
-0.048512552	-0.35163313	-0.28912607	0.28833872	-0.18976279	0.22810078	-0.019988492	-0.2905212	0.16733985	0.9999999	-0.36290082	-0.15570985	-0.22910471	-0.46310663	0.27545676	0.2569307	-0.38458046	0.2581755	-0.34364244	0.04210363	0.23358496	-0.2199672	-0.22759141	0.25188687	0.2251544	0.12881397	0.23928125	0.17540166	-0.33491886	0.14053108
0.090569705	0.27616584	0.2176302	-0.2617009	0.12395479	-0.3602029	-0.07379505	0.14877611	-0.14024332	-0.36290082	0.99999994	0.14971149	0.19271009	0.290438	-0.2595267	-0.45871526	0.30017546	-0.4578286	0.24574491	-0.13073666	-0.18686967	0.21832448	0.23065002	-0.24646154	-0.21301873	-0.10866836	-0.21261977	-0.15013598	0.24703324	-0.10841389
0.24825564	0.23637742	-0.00097096217	-0.04907229	0.18531477	-0.25780553	-0.30836993	0.069193244	-0.5015626	-0.15570985	0.14971149	1.0000001	0.28405276	0.1131675	-0.052429132	-0.23201573	0.15502726	-0.17117779	0.052130736	-0.2948163	-0.14580798	0.21003433	0.103312515	0.041033734	-0.106795795	-0.41252282	0.042600106	0.06965939	0.096627094	-0.367402
0.2380702	0.24759619	0.027491517	-0.1354567	0.23930311	-0.39573443	-0.17488131	0.10164241	-0.3239265	-0.22910471	0.19271009	0.28405276	1.0000001	0.16129364	-0.10618653	-0.19212565	0.20819956	-0.32263663	0.12485459	-0.31464812	-0.1818173	0.22053288	0.1096902	-0.035690896	-0.042387705	-0.39151326	-0.026663339	0.018202178	0.17239356	-0.47321582
0.03246794	0.25509548	0.2682592	-0.3910124	0.09172187	-0.20756842	0.005471289	0.122584976	-0.18776672	-0.46310663	0.290438	0.1131675	0.16129364	1.0000001	-0.2764994	-0.38416982	0.30779263	-0.33640417	0.2525845	-0.056043606	-0.1476088	0.20407538	0.24671757	-0.37348416	-0.32745257	-0.072716095	-0.20303236	-0.08929492	0.23699218	-0.0724547
0.037034415	-0.3213419	-0.34718668	0.31180516	-0.119959	0.15164463	-0.18240206	-0.30378443	0.12914482	0.27545676	-0.2595267	-0.052429132	-0.10618653	-0.2764994	1.0000002	0.20822862	-0.33257994	0.20545712	-0.3330723	-0.02991188	0.28050476	-0.34103408	-0.39296985	0.2538314	0.28126827	0.033556506	0.276054	0.23410408	-0.34702805	0.06788039
-0.09899952	-0.3502247	-0.2570958	0.21086845	-0.056673776	0.21633759	0.086874	-0.045533057	0.21365403	0.2569307	-0.45871526	-0.23201573	-0.19212565	-0.38416982	0.20822862	1.0000002	-0.3590687	0.28174707	-0.261328	0.13762912	0.15409222	-0.17798015	-0.3930359	0.15482233	0.23767583	0.10289057	0.11269633	0.03475934	-0.19728158	0.055093635
0.10882501	0.2871489	0.25711635	-0.34046173	0.11531822	-0.2639946	0.0018224467	0.13936585	-0.21704373	-0.38458046	0.30017546	0.15502726	0.20819956	0.30779263	-0.33257994	-0.3590687	1.0000002	-0.43372065	0.25455615	-0.15336733	-0.2594612	0.25985005	0.25354502	-0.29388005	-0.3040375	-0.13047788	-0.22962724	-0.077407815	0.26327723	-0.13226002
-0.23919962	-0.2544041	-0.25375283	0.21047747	-0.1773407	0.26707745	0.09028185	-0.045919877	0.22355957	0.2581755	-0.4578286	-0.17117779	-0.32263663	-0.33640417	0.20545712	0.28174707	-0.43372065	1.0000004	-0.24380414	0.19266945	0.16134089	-0.27277663	-0.22926107	0.15333879	0.1859803	0.15948527	0.080290325	0.035689134	-0.23067325	0.1633802
-0.078264914	0.20517105	0.24080172	-0.39100096	0.15264562	-0.11799788	0.14626873	0.2534854	-0.057419296	-0.34364244	0.24574491	0.052130736	0.12485459	0.2525845	-0.3330723	-0.261328	0.25455615	-0.24380414	1.0000004	0.056560855	-0.34424815	0.190983	0.21925254	-0.3916355	-0.21510935	-0.075551085	-0.35455075	-0.3520315	0.3094166	-0.14476834
-0.4645932	-0.25305644	0.016738242	-0.05677861	-0.06614356	0.22872214	0.29388815	0.042008113	0.25314313	0.04210363	-0.13073666	-0.2948163	-0.31464812	-0.056043606	-0.02991188	0.13762912	-0.15336733	0.19266945	0.056560855	1.0000004	0.012593097	-0.21910566	0.0061516184	-0.14178987	-0.03960117	0.25038153	-0.22993891	-0.22540359	-0.014855116	0.1582453
-0.01824042	-0.29101515	-0.25604334	0.2804499	-0.025352335	0.14984635	-0.11949127	-0.3773701	0.14217962	0.23358496	-0.18686967	-0.14580798	-0.1818173	-0.1476088	0.28050476	0.15409222	-0.2594612	0.16134089	-0.34424815	0.012593097	1.0000002	-0.46780023	-0.17552505	0.21259958	0.20046772	0.06316642	0.22706869	0.20928366	-0.39661512	0.0661275
0.1503873	0.29256517	0.20838551	-0.32807896	0.08494571	-0.275793	-0.08534256	0.18150587	-0.34430927	-0.2199672	0.21832448	0.21003433	0.22053288	0.20407538	-0.34103408	-0.17798015	0.25985005	-0.27277663	0.190983	-0.21910566	-0.46780023	1.0000004	0.21779028	-0.13564488	-0.29594555	-0.19549118	-0.10570637	-0.09413802	0.23890182	-0.11912838
-0.036058452	0.24016774	0.24803641	-0.282665	0.08468236	-0.1955912	0.073599815	0.15079224	-0.24076891	-0.22759141	0.23065002	0.103312515	0.1096902	0.24671757	-0.39296985	-0.3930359	0.25354502	-0.22926107	0.21925254	0.0061516184	-0.17552505	0.21779028	1.0000002	-0.123353936	-0.5292899	-0.08250014	-0.28885782	-0.15182203	0.21070988	-0.04575756
0.110009626	-0.14941837	-0.36539453	0.28264454	-0.09016486	0.040602006	-0.28604248	-0.15702157	-0.017068807	0.25188687	-0.24646154	0.041033734	-0.035690896	-0.37348416	0.2538314	0.15482233	-0.29388005	0.15333879	-0.3916355	-0.14178987	0.21259958	-0.13564488	-0.123353936	1.0000002	0.21120633	-0.047408503	0.26571715	0.23385702	-0.35781893	0.00078362133
0.041381553	-0.26542738	-0.45222816	0.27147844	-0.016007427	0.091834255	-0.14250107	-0.11554375	0.12809525	0.2251544	-0.21301873	-0.106795795	-0.042387705	-0.32745257	0.28126827	0.23767583	-0.3040375	0.1859803	-0.21510935	-0.03960117	0.20046772	-0.29594555	-0.5292899	0.21120633	1.0000002	0.031361967	0.19353123	0.14316738	-0.16958296	-0.0076284916
-0.33370462	-0.25298166	0.07053762	0.00016104477	-0.37311146	0.27241433	0.19499849	-0.14716075	0.26117927	0.12881397	-0.10866836	-0.41252282	-0.39151326	-0.072716095	0.033556506	0.10289057	-0.13047788	0.15948527	-0.075551085	0.25038153	0.06316642	-0.19549118	-0.08250014	-0.047408503	0.031361967	1.0000002	-0.053833228	-0.070289165	-0.10401878	0.2830516
0.16241018	-0.14688504	-0.22766414	0.2660568	-0.12828785	0.065262154	-0.24263251	-0.4052037	-0.011253889	0.23928125	-0.21261977	0.042600106	-0.026663339	-0.20303236	0.276054	0.11269633	-0.22962724	0.080290325	-0.35455075	-0.22993891	0.22706869	-0.10570637	-0.28885782	0.26571715	0.19353123	-0.053833228	1.0000001	0.30149335	-0.3855963	0.01993165
0.17324093	-0.09997436	-0.2292979	0.21723963	-0.18837585	0.021849107	-0.28133518	-0.48645687	-0.060888004	0.17540166	-0.15013598	0.06965939	0.018202178	-0.08929492	0.23410408	0.03475934	-0.077407815	0.035689134	-0.3520315	-0.22540359	0.20928366	-0.09413802	-0.15182203	0.23385702	0.14316738	-0.070289165	0.30149335	1.0	-0.3497021	0.038648568
0.0044137575	0.24810714	0.22206332	-0.32727373	0.16813856	-0.22743867	0.097037755	0.27416873	-0.17703322	-0.33491886	0.24703324	0.096627094	0.17239356	0.23699218	-0.34702805	-0.19728158	0.26327723	-0.23067325	0.3094166	-0.014855116	-0.39661512	0.23890182	0.21070988	-0.35781893	-0.16958296	-0.10401878	-0.3855963	-0.3497021	1.0000001	-0.16940989
-0.17749277	-0.15973896	0.06776276	0.027539983	-0.5518774	0.24680838	0.07419981	-0.09215928	0.21177396	0.14053108	-0.10841389	-0.367402	-0.47321582	-0.0724547	0.06788039	0.055093635	-0.13226002	0.1633802	-0.14476834	0.1582453	0.0661275	-0.11912838	-0.04575756	0.00078362133	-0.0076284916	0.2830516	0.01993165	0.038648568	-0.16940989	1.0000001
