0.9999999	-0.5532521	0.149687	-0.0047492585	-0.075470984	0.17155564	-0.18181899	-0.17386435	-0.12900344	0.11417427	-0.057721853	0.11034907	0.21362019	-0.16954987	-0.16857481	0.21371914	-0.04281506	-0.30587697	0.09474071	0.096175805	-0.4392489	0.12450031	-0.090800434	-0.019536873	-0.22161059	0.152267	0.025344966	-0.22899991	0.20935145	0.18746929
-0.5532521	0.99999976	-0.25409904	0.014407449	-0.021562202	-0.20042539	0.19359677	0.13222936	0.15193614	-0.16782762	0.08543651	-0.07477219	-0.38266104	0.06334229	0.1587364	-0.34183288	0.05188118	0.2365884	-0.11231923	-0.15985557	0.24879071	-0.12282679	0.15064119	-0.0009313746	0.20549618	-0.143386	0.03096577	0.20441239	-0.13989753	-0.25276828
0.149687	-0.25409904	0.9999997	-0.041760735	0.10769315	0.28002805	-0.23894273	-0.041056283	-0.1199542	0.24630676	-0.2378451	-0.16786614	0.23674285	0.11764014	-0.24712561	0.25402096	-0.22426426	-0.17015488	0.25363183	0.23146991	-0.09765597	0.1713387	-0.37897533	0.1340852	-0.2891944	-0.008902669	-0.3399815	-0.5029651	0.122881494	0.055292014
-0.0047492585	0.014407449	-0.041760735	0.99999946	-0.4372583	-0.030006481	0.044224866	-0.3410673	0.2414453	-0.18046041	0.24192777	-0.093459696	-0.07708869	0.11478869	0.13734287	-0.08075887	0.27793762	0.020112699	-0.22780488	-0.28578442	0.0018832878	-0.34765002	0.18300527	-0.47288647	0.1833309	0.25007635	0.016157512	0.09314572	-0.02153354	-0.17745106
-0.075470984	-0.021562202	0.10769315	-0.4372583	0.99999934	0.06897317	-0.0024587351	0.25600722	-0.18517877	0.11626814	-0.3890157	-0.06311861	0.09146591	-0.010195181	-0.101307996	0.112447195	-0.2539332	0.020402638	0.20442985	0.24360988	0.07459251	0.19055973	-0.3170545	0.2646868	-0.21894382	-0.4227763	-0.058903333	-0.1992219	-0.10028482	0.10561153
0.17155564	-0.20042539	0.28002805	-0.030006481	0.06897317	0.9999994	-0.42020163	-0.062598	-0.113563545	0.27429315	-0.24028143	-0.20265338	0.27751437	0.12011799	-0.2648394	0.27312234	-0.07320374	-0.30945104	0.2368111	0.20431122	-0.27478746	0.20210823	-0.35745463	0.06617814	-0.31714728	0.03145536	-0.31724855	-0.3610822	0.22182621	0.1167296
-0.18181899	0.19359677	-0.23894273	0.044224866	-0.0024587351	-0.42020163	0.99999934	0.07664526	0.13216884	-0.36901394	0.14065	0.14191097	-0.28747422	-0.16526835	0.26669413	-0.3246859	0.06755514	0.28274244	-0.24988772	-0.216584	0.24094798	-0.23606737	0.18557414	-0.05794623	0.2667628	-0.11395672	0.20013486	0.2300573	-0.42819378	-0.17709753
-0.17386435	0.13222936	-0.041056283	-0.3410673	0.25600722	-0.062598	0.07664526	0.9999994	-0.20396106	0.03301373	-0.3127455	0.021404345	-0.1317878	-0.0089471545	-0.0563857	-0.015836077	-0.31064147	0.15305632	0.14408635	0.14936176	0.15677682	0.13233869	-0.07980053	0.23090202	-0.07630914	-0.4883033	-0.03138059	0.011462034	-0.18664144	0.024095157
-0.12900344	0.15193614	-0.1199542	0.2414453	-0.18517877	-0.113563545	0.13216884	-0.20396106	0.99999934	-0.15738857	0.26535663	-0.11027411	-0.19037683	0.13238116	0.21325006	-0.33305374	0.23918131	0.10516888	-0.29028064	-0.18298979	0.13361338	-0.40857762	0.18470547	-0.30443263	0.22534621	0.15769143	-0.018266514	0.10281394	-0.073013544	-0.46465996
0.11417427	-0.16782762	0.24630676	-0.18046041	0.11626814	0.27429315	-0.36901394	0.03301373	-0.15738857	0.9999994	-0.17593935	-0.28820196	0.25076625	0.14993957	-0.30609667	0.2630481	-0.20355667	-0.323464	0.2567313	0.20981713	-0.15929158	0.2354264	-0.17845307	0.15834403	-0.3457606	-0.0644208	-0.4155083	-0.26088884	0.20418938	0.08402654
-0.057721853	0.08543651	-0.2378451	0.24192777	-0.3890157	-0.24028143	0.14065	-0.3127455	0.26535663	-0.17593935	0.9999994	0.040164612	-0.12763016	-0.011520541	0.19662336	-0.3234272	0.26514518	0.0699175	-0.37605733	-0.2475406	0.057598587	-0.24519172	0.24725334	-0.30644718	0.25377098	0.21908866	0.111762375	0.19961561	-0.038427453	-0.30445883
0.11034907	-0.07477219	-0.16786614	-0.093459696	-0.06311861	-0.20265338	0.14191097	0.021404345	-0.11027411	-0.28820196	0.040164612	0.9999995	-0.18384352	-0.6479621	0.059457634	-0.071573146	-0.020506501	0.082887344	-0.103197604	-0.028579323	-0.06435885	0.004141951	0.06964408	0.0024641065	0.09590503	0.0030932147	0.27072486	0.13452114	-0.06591418	0.14964008
0.21362019	-0.38266104	0.23674285	-0.07708869	0.09146591	0.27751437	-0.28747422	-0.1317878	-0.19037683	0.25076625	-0.12763016	-0.18384352	0.9999995	0.10384268	-0.26749977	0.27770665	-0.0288879	-0.44943383	0.18449421	0.16483156	-0.24896888	0.19747703	-0.28593844	0.045721445	-0.3394681	0.042741287	-0.14964043	-0.2951178	0.21939078	0.13957347
-0.16954987	0.06334229	0.11764014	0.11478869	-0.010195181	0.12011799	-0.16526835	-0.0089471545	0.13238116	0.14993957	-0.011520541	-0.6479621	0.10384268	0.99999964	-0.03983973	0.044967573	0.06502406	-0.037927408	0.052375883	-0.003503627	0.09527841	-0.058060598	-0.034209672	-0.10594128	-0.06630914	-0.008373212	-0.3809048	-0.09768715	0.0061281216	-0.21955845
-0.16857481	0.1587364	-0.24712561	0.13734287	-0.101307996	-0.2648394	0.26669413	-0.0563857	0.21325006	-0.30609667	0.19662336	0.059457634	-0.26749977	-0.03983973	0.99999976	-0.29997414	0.12817436	0.2370699	-0.37797982	-0.07931088	0.2309376	-0.43518534	0.1742252	-0.069137424	0.277484	-0.019214382	0.13279605	0.17815754	-0.38486275	-0.27354196
0.21371914	-0.34183288	0.25402096	-0.08075887	0.112447195	0.27312234	-0.3246859	-0.015836077	-0.33305374	0.2630481	-0.3234272	-0.071573146	0.27770665	0.044967573	-0.29997414	0.9999997	-0.14017053	-0.3598641	0.24259086	0.19183832	-0.22680065	0.22967362	-0.1765668	0.12020437	-0.2943171	-0.03960135	-0.23637383	-0.3438699	0.19294341	0.19249451
-0.04281506	0.05188118	-0.22426426	0.27793762	-0.2539332	-0.07320374	0.06755514	-0.31064147	0.23918131	-0.20355667	0.26514518	-0.020506501	-0.0288879	0.06502406	0.12817436	-0.14017053	0.99999976	-0.01902337	-0.34680334	-0.3659458	0.04053751	-0.25163072	0.2145385	-0.51974624	0.21932554	0.233438	0.08029463	0.16434106	-0.05431282	-0.19188112
-0.30587697	0.2365884	-0.17015488	0.020112699	0.020402638	-0.30945104	0.28274244	0.15305632	0.10516888	-0.323464	0.0699175	0.082887344	-0.44943383	-0.037927408	0.2370699	-0.3598641	-0.01902337	0.9999999	-0.09869235	-0.11608226	0.26858383	-0.22536679	0.13207814	-0.005891356	0.2174303	-0.14312834	0.10409946	0.19730127	-0.43106788	-0.13194619
0.09474071	-0.11231923	0.25363183	-0.22780488	0.20442985	0.2368111	-0.24988772	0.14408635	-0.29028064	0.2567313	-0.37605733	-0.103197604	0.18449421	0.052375883	-0.37797982	0.24259086	-0.34680334	-0.09869235	0.9999999	0.25205222	-0.16704151	0.28434741	-0.31252798	0.23168151	-0.42645347	-0.1477665	-0.23589584	-0.2959417	0.1483408	0.18239152
0.096175805	-0.15985557	0.23146991	-0.28578442	0.24360988	0.20431122	-0.216584	0.14936176	-0.18298979	0.20981713	-0.2475406	-0.028579323	0.16483156	-0.003503627	-0.07931088	0.19183832	-0.3659458	-0.11608226	0.25205222	0.9999999	-0.08076965	0.21183094	-0.48715597	0.25556207	-0.28410402	-0.26349017	-0.23898956	-0.35224864	0.06282655	0.11927671
-0.4392489	0.24879071	-0.09765597	0.0018832878	0.07459251	-0.27478746	0.24094798	0.15677682	0.13361338	-0.15929158	0.057598587	-0.06435885	-0.24896888	0.09527841	0.2309376	-0.22680065	0.04053751	0.26858383	-0.16704151	-0.08076965	0.9999998	-0.20765449	0.10149847	-0.01795572	0.19889128	-0.20765431	-0.011446606	0.12526116	-0.4534253	-0.31808648
0.12450031	-0.12282679	0.1713387	-0.34765002	0.19055973	0.20210823	-0.23606737	0.13233869	-0.40857762	0.2354264	-0.24519172	0.004141951	0.19747703	-0.058060598	-0.43518534	0.22967362	-0.25163072	-0.22536679	0.28434741	0.21183094	-0.20765449	0.99999994	-0.30830327	0.2133863	-0.3448741	-0.14240816	-0.13796024	-0.14305665	0.17103055	0.2467126
-0.090800434	0.15064119	-0.37897533	0.18300527	-0.3170545	-0.35745463	0.18557414	-0.07980053	0.18470547	-0.17845307	0.24725334	0.06964408	-0.28593844	-0.034209672	0.1742252	-0.1765668	0.2145385	0.13207814	-0.31252798	-0.48715597	0.10149847	-0.30830327	0.9999999	-0.2245183	0.27229527	0.14215265	0.17967293	0.2672052	-0.077177905	-0.19549593
-0.019536873	-0.0009313746	0.1340852	-0.47288647	0.2646868	0.06617814	-0.05794623	0.23090202	-0.30443263	0.15834403	-0.30644718	0.0024641065	0.045721445	-0.10594128	-0.069137424	0.12020437	-0.51974624	-0.005891356	0.23168151	0.25556207	-0.01795572	0.2133863	-0.2245183	0.9999999	-0.24986573	-0.28869534	-0.081253305	-0.17836018	0.036224585	0.14416243
-0.22161059	0.20549618	-0.2891944	0.1833309	-0.21894382	-0.31714728	0.2667628	-0.07630914	0.22534621	-0.3457606	0.25377098	0.09590503	-0.3394681	-0.06630914	0.277484	-0.2943171	0.21932554	0.2174303	-0.42645347	-0.28410402	0.19889128	-0.3448741	0.27229527	-0.24986573	0.99999994	0.065577574	0.18639278	0.2680483	-0.24431653	-0.2173176
0.152267	-0.143386	-0.008902669	0.25007635	-0.4227763	0.03145536	-0.11395672	-0.4883033	0.15769143	-0.0644208	0.21908866	0.0030932147	0.042741287	-0.008373212	-0.019214382	-0.03960135	0.233438	-0.14312834	-0.1477665	-0.26349017	-0.20765431	-0.14240816	0.14215265	-0.28869534	0.065577574	0.9999999	0.055324286	0.021309368	0.169878	-0.04196112
0.025344966	0.03096577	-0.3399815	0.016157512	-0.058903333	-0.31724855	0.20013486	-0.03138059	-0.018266514	-0.4155083	0.111762375	0.27072486	-0.14964043	-0.3809048	0.13279605	-0.23637383	0.08029463	0.10409946	-0.23589584	-0.23898956	-0.011446606	-0.13796024	0.17967293	-0.081253305	0.18639278	0.055324286	0.9999998	0.22995207	-0.064921044	0.09512341
-0.22899991	0.20441239	-0.5029651	0.09314572	-0.1992219	-0.3610822	0.2300573	0.011462034	0.10281394	-0.26088884	0.19961561	0.13452114	-0.2951178	-0.09768715	0.17815754	-0.3438699	0.16434106	0.19730127	-0.2959417	-0.35224864	0.12526116	-0.14305665	0.2672052	-0.17836018	0.2680483	0.021309368	0.22995207	0.99999994	-0.146375	-0.02170835
0.20935145	-0.13989753	0.122881494	-0.02153354	-0.10028482	0.22182621	-0.42819378	-0.18664144	-0.073013544	0.20418938	-0.038427453	-0.06591418	0.21939078	0.0061281216	-0.38486275	0.19294341	-0.05431282	-0.43106788	0.1483408	0.06282655	-0.4534253	0.17103055	-0.077177905	0.036224585	-0.24431653	0.169878	-0.064921044	-0.146375	1.0	0.1454091
0.18746929	-0.25276828	0.055292014	-0.17745106	0.10561153	0.1167296	-0.17709753	0.024095157	-0.46465996	0.08402654	-0.30445883	0.14964008	0.13957347	-0.21955845	-0.27354196	0.19249451	-0.19188112	-0.13194619	0.18239152	0.11927671	-0.31808648	0.2467126	-0.19549593	0.14416243	-0.2173176	-0.04196112	0.09512341	-0.02170835	0.1454091	1.0
