1.0	-0.22660597	0.057526004	0.024952214	0.19067267	-0.19715236	-0.15692925	0.281651	-0.36612147	0.07438258	0.22185169	-0.051103752	0.30312347	-0.17505509	-0.4175012	0.11793763	0.28113502	-0.099798664	-0.32191914	-0.09894943	0.006043166	-0.30879182	0.036305018	0.14959195	-0.01854316	0.28762633	0.01685825	-0.38622937	-0.3333522	0.10845025
-0.22660597	1.0000002	-0.24193022	-0.34383973	0.097189985	-0.067171514	0.14126535	-0.09308828	0.23655628	-0.26372033	-0.06409648	0.18141569	-0.16155402	0.28606498	0.11423565	-0.07233944	-0.24791738	-0.19949828	0.28301722	0.24443136	-0.25233108	0.27610338	-0.32100308	0.044052	0.10495933	-0.07232161	-0.32985985	0.17013831	0.09515438	-0.31725532
0.057526004	-0.24193022	1.0000001	0.2824011	-0.2387722	0.121801116	-0.06962202	-0.059867296	-0.11911746	0.19298056	-0.073204525	-0.31504768	0.05214608	-0.3650497	-0.07018141	-0.016671	0.09190979	0.20965622	-0.3505315	-0.3993591	0.29763973	-0.20297092	0.31089	-0.21818475	-0.18046144	-0.06283648	0.3043455	-0.053429082	0.0037138266	0.11227849
0.024952214	-0.34383973	0.2824011	1.0000002	-0.30089712	0.20736308	0.03367505	-0.0397079	-0.21071498	0.059192937	-0.10673908	-0.4107622	0.00901741	-0.32121602	0.009524437	-0.09629629	0.01504164	0.2518094	-0.3043361	-0.3488579	0.30598506	-0.17594577	0.29549533	-0.28742477	0.02172706	-0.099960506	0.26846036	-0.023657046	0.06727291	0.21847694
0.19067267	0.097189985	-0.2387722	-0.30089712	1.0000002	-0.2972867	-0.065929495	0.24930738	-0.13272612	-0.094154246	0.21639094	0.18052839	0.19648683	0.14470562	-0.24533261	0.085994974	0.1575941	-0.30255684	0.039860714	0.14654396	-0.30596298	-0.08441107	-0.33718145	0.23689508	0.04933626	0.25933725	-0.32003868	-0.23657864	-0.23677456	-0.052182585
-0.19715236	-0.067171514	0.121801116	0.20736308	-0.2972867	1.0000001	0.2053866	-0.30990613	0.030976392	-0.13791469	-0.28016734	-0.37582675	-0.17642176	-0.16664802	0.20038243	-0.34881836	-0.25262335	0.27530044	0.00096235966	-0.15816258	0.20464364	0.056100283	0.1694512	-0.2716112	0.1403193	-0.24766238	0.14090362	0.12997909	0.26156422	0.14226963
-0.15692925	0.14126535	-0.06962202	0.03367505	-0.065929495	0.2053866	1.0	-0.084995754	0.13546827	-0.27958012	-0.3533189	-0.1219155	-0.15585488	0.038791467	0.17730793	-0.55961037	-0.2856686	0.15690428	0.13976498	-0.053751975	0.024366328	0.17789125	-0.038149193	-0.30941266	0.2180801	-0.17260727	-0.1224663	0.14837311	0.19598697	0.03660868
0.281651	-0.09308828	-0.059867296	-0.0397079	0.24930738	-0.30990613	-0.084995754	1.0000001	-0.31326842	0.0047125774	0.22105843	0.014906396	0.2652426	-0.0018741392	-0.3586852	0.06169319	0.21421374	-0.17471308	-0.12411023	-0.026994798	-0.113450654	-0.21594252	-0.07389627	0.15858068	0.050965033	0.28060874	-0.15710917	-0.2948061	-0.44674158	0.08627338
-0.36612147	0.23655628	-0.11911746	-0.21071498	-0.13272612	0.030976392	0.13546827	-0.31326842	1.0	-0.081704915	-0.17477246	0.14278808	-0.20343351	0.17921291	0.16443688	-0.13633706	-0.2171991	-0.006604054	0.22725755	0.1410034	-0.115127765	0.2673681	-0.120983854	0.013342756	-0.061080024	-0.22543877	-0.06110642	0.26431167	0.14704047	-0.4039904
0.07438258	-0.26372033	0.19298056	0.059192937	-0.094154246	-0.13791469	-0.27958012	0.0047125774	-0.081704915	1.0	0.112760834	0.052594837	0.048620056	-0.19084188	-0.054760568	0.17410396	0.1642885	0.023254784	-0.16346155	-0.13042846	0.088990346	-0.16455893	0.16134787	0.08240984	-0.62153673	-0.022351896	0.20398685	-0.039890002	-0.13153613	-0.06714592
0.22185169	-0.06409648	-0.073204525	-0.10673908	0.21639094	-0.28016734	-0.3533189	0.22105843	-0.17477246	0.112760834	1.0000001	0.17084303	0.19058785	0.05387454	-0.35744518	0.238209	0.21679293	-0.36033294	-0.088104375	0.10038034	-0.19708194	-0.14990388	-0.112028696	0.28607568	-0.09715467	0.22527187	-0.065325566	-0.19003902	-0.42573002	-0.15859644
-0.051103752	0.18141569	-0.31504768	-0.4107622	0.18052839	-0.37582675	-0.1219155	0.014906396	0.14278808	0.052594837	0.17084303	1.0000002	-0.055385415	0.24608429	-0.022210719	0.16763867	0.023888892	-0.26884902	0.18090554	0.26638275	-0.32723215	0.12354373	-0.27128196	0.24191599	-0.16823938	0.061126783	-0.23042707	0.054769162	-0.16775683	-0.32325047
0.30312347	-0.16155402	0.05214608	0.00901741	0.19648683	-0.17642176	-0.15585488	0.2652426	-0.20343351	0.048620056	0.19058785	-0.055385415	1.0000002	-0.17648207	-0.36632797	0.075877845	0.27678496	-0.16535133	-0.3105757	-0.1663369	0.0036997243	-0.3634651	0.038780157	0.15654095	-0.016969832	0.30029255	0.0072411755	-0.39490786	-0.3338019	0.12248785
-0.17505509	0.28606498	-0.3650497	-0.32121602	0.14470562	-0.16664802	0.038791467	-0.0018741392	0.17921291	-0.19084188	0.05387454	0.24608429	-0.17648207	1.0000004	0.06147212	0.040870797	-0.17784971	-0.27246508	0.28144962	0.30611384	-0.362212	0.24655533	-0.40057266	0.14573428	0.081084125	-0.03544696	-0.37569335	0.13766663	-0.02566324	-0.20255028
-0.4175012	0.11423565	-0.07018141	0.009524437	-0.24533261	0.20038243	0.17730793	-0.3586852	0.16443688	-0.054760568	-0.35744518	-0.022210719	-0.36632797	0.06147212	1.0000004	-0.10043269	-0.37679276	0.16032998	0.19164811	0.06022143	0.025717944	0.22371505	-0.021116415	-0.3005225	0.057156593	-0.31906918	-0.005550712	0.2517961	0.29644027	0.021592425
0.11793763	-0.07233944	-0.016671	-0.09629629	0.085994974	-0.34881836	-0.55961037	0.06169319	-0.13633706	0.17410396	0.238209	0.16763867	0.075877845	0.040870797	-0.10043269	1.0000004	0.188762	-0.31670016	-0.05388903	0.12417848	-0.12128129	-0.11561837	-0.048512574	0.21285532	-0.27086964	0.14990412	0.018807365	-0.12525901	-0.16733469	-0.10681507
0.28113502	-0.24791738	0.09190979	0.01504164	0.1575941	-0.25262335	-0.2856686	0.21421374	-0.2171991	0.1642885	0.21679293	0.023888892	0.27678496	-0.17784971	-0.37679276	0.188762	1.0000004	-0.1319522	-0.20969795	-0.11370731	0.02747204	-0.3888865	0.06320727	0.1645426	-0.2017987	0.26362738	0.039940618	-0.42194068	-0.24679925	0.08368291
-0.099798664	-0.19949828	0.20965622	0.2518094	-0.30255684	0.27530044	0.15690428	-0.17471308	-0.006604054	0.023254784	-0.36033294	-0.26884902	-0.16535133	-0.27246508	0.16032998	-0.31670016	-0.1319522	1.0000004	-0.085048586	-0.2172426	0.27257892	-0.05469558	0.23517366	-0.3713237	0.038281567	-0.2722039	0.21452613	0.09269452	0.21144412	0.15743798
-0.32191914	0.28301722	-0.3505315	-0.3043361	0.039860714	0.00096235966	0.13976498	-0.12411023	0.22725755	-0.16346155	-0.088104375	0.18090554	-0.3105757	0.28144962	0.19164811	-0.05388903	-0.20969795	-0.085048586	1.0000005	0.26121762	-0.2645179	0.2891105	-0.2954619	0.004553416	0.06620926	-0.21395199	-0.33188292	0.21244504	0.13629466	-0.19716217
-0.09894943	0.24443136	-0.3993591	-0.3488579	0.14654396	-0.15816258	-0.053751975	-0.026994798	0.1410034	-0.13042846	0.10038034	0.26638275	-0.1663369	0.30611384	0.06022143	0.12417848	-0.11370731	-0.2172426	0.26121762	1.0000004	-0.42420128	0.21189035	-0.43774158	0.17503884	0.0047523933	-0.027068747	-0.316851	0.11089807	-0.016849125	-0.21650866
0.006043166	-0.25233108	0.29763973	0.30598506	-0.30596298	0.20464364	0.024366328	-0.113450654	-0.115127765	0.088990346	-0.19708194	-0.32723215	0.0036997243	-0.362212	0.025717944	-0.12128129	0.02747204	0.27257892	-0.2645179	-0.42420128	1.0000002	-0.20963354	0.3062736	-0.3452218	-0.015168964	-0.08271226	0.2810134	-0.0059547815	0.11612973	0.18159108
-0.30879182	0.27610338	-0.20297092	-0.17594577	-0.08441107	0.056100283	0.17789125	-0.21594252	0.2673681	-0.16455893	-0.14990388	0.12354373	-0.3634651	0.24655533	0.22371505	-0.11561837	-0.3888865	-0.05469558	0.2891105	0.21189035	-0.20963354	1.0	-0.21715057	-0.055990823	0.08145177	-0.2994418	-0.15079387	0.27991375	0.18295892	-0.25835645
0.036305018	-0.32100308	0.31089	0.29549533	-0.33718145	0.1694512	-0.038149193	-0.07389627	-0.120983854	0.16134787	-0.112028696	-0.27128196	0.038780157	-0.40057266	-0.021116415	-0.048512574	0.06320727	0.23517366	-0.2954619	-0.43774158	0.3062736	-0.21715057	0.9999999	-0.1599949	-0.11887936	-0.07358991	0.3099524	-0.060496733	0.036877394	0.14433849
0.14959195	0.044052	-0.21818475	-0.28742477	0.23689508	-0.2716112	-0.30941266	0.15858068	0.013342756	0.08240984	0.28607568	0.24191599	0.15654095	0.14573428	-0.3005225	0.21285532	0.1645426	-0.3713237	0.004553416	0.17503884	-0.3452218	-0.055990823	-0.1599949	1.0000001	-0.14958742	0.19080745	-0.15114428	-0.122156166	-0.3014316	-0.21889164
-0.01854316	0.10495933	-0.18046144	0.02172706	0.04933626	0.1403193	0.2180801	0.050965033	-0.061080024	-0.62153673	-0.09715467	-0.16823938	-0.016969832	0.081084125	0.057156593	-0.27086964	-0.2017987	0.038281567	0.06620926	0.0047523933	-0.015168964	0.08145177	-0.11887936	-0.14958742	1.0	0.018326504	-0.17576163	-0.050565872	0.0780836	0.13592628
0.28762633	-0.07232161	-0.06283648	-0.099960506	0.25933725	-0.24766238	-0.17260727	0.28060874	-0.22543877	-0.022351896	0.22527187	0.061126783	0.30029255	-0.03544696	-0.31906918	0.14990412	0.26362738	-0.2722039	-0.21395199	-0.027068747	-0.08271226	-0.2994418	-0.07358991	0.19080745	0.018326504	1.0000001	-0.14133294	-0.4240107	-0.32508647	0.08019344
0.01685825	-0.32985985	0.3043455	0.26846036	-0.32003868	0.14090362	-0.1224663	-0.15710917	-0.06110642	0.20398685	-0.065325566	-0.23042707	0.0072411755	-0.37569335	-0.005550712	0.018807365	0.039940618	0.21452613	-0.33188292	-0.316851	0.2810134	-0.15079387	0.3099524	-0.15114428	-0.17576163	-0.14133294	1.0000001	-0.012908068	0.06544124	0.07682394
-0.38622937	0.17013831	-0.053429082	-0.023657046	-0.23657864	0.12997909	0.14837311	-0.2948061	0.26431167	-0.039890002	-0.19003902	0.054769162	-0.39490786	0.13766663	0.2517961	-0.12525901	-0.42194068	0.09269452	0.21244504	0.11089807	-0.0059547815	0.27991375	-0.060496733	-0.122156166	-0.050565872	-0.4240107	-0.012908068	1.0000001	0.22004311	-0.23015134
-0.3333522	0.09515438	0.0037138266	0.06727291	-0.23677456	0.26156422	0.19598697	-0.44674158	0.14704047	-0.13153613	-0.42573002	-0.16775683	-0.3338019	-0.02566324	0.29644027	-0.16733469	-0.24679925	0.21144412	0.13629466	-0.016849125	0.11612973	0.18295892	0.036877394	-0.3014316	0.0780836	-0.32508647	0.06544124	0.22004311	1.0000001	0.044469837
0.10845025	-0.31725532	0.11227849	0.21847694	-0.052182585	0.14226963	0.03660868	0.08627338	-0.4039904	-0.06714592	-0.15859644	-0.32325047	0.12248785	-0.20255028	0.021592425	-0.10681507	0.08368291	0.15743798	-0.19716217	-0.21650866	0.18159108	-0.25835645	0.14433849	-0.21889164	0.13592628	0.08019344	0.07682394	-0.23015134	0.044469837	1.0000001
