1.0000001	0.07415946	-0.035748117	-0.17058694	-0.09591952	0.20369299	-0.21519138	0.27028185	0.17512058	-0.0073146084	0.07438012	-0.24528776	-0.3217415	0.19776191	0.053077005	-0.12491557	-0.09604948	0.13308062	0.24113512	-0.24363868	-0.34005907	0.2200749	-0.1705787	0.03359166	-0.11248415	-0.3185488	-0.07728513	-0.3068839	0.056130964	0.14983055
0.07415946	1.0000001	0.21327281	0.09469021	0.19375724	-0.17433657	-0.08010414	0.128254	0.20506123	0.2497695	-0.21300532	0.14734602	0.050761472	0.07382841	-0.2089763	-0.16462652	-0.29610488	-0.030704042	0.083666965	0.16390307	-0.27042472	0.21752696	0.20290087	0.22067952	-0.44662192	-0.29777262	-0.28137124	-0.4039954	-0.2289885	-0.22243841
-0.035748117	0.21327281	1.0000001	0.25067157	0.18499506	-0.17830317	-0.10566773	-0.028738804	0.072875865	0.2579396	-0.23462045	0.19279099	0.07841953	-0.14039472	-0.485077	0.022901533	-0.3974749	0.02439757	-0.07874198	0.22179134	-0.25755396	0.09940611	0.24659821	0.29619023	-0.10500738	-0.15100592	-0.2109142	-0.14399977	-0.3251519	-0.28375584
-0.17058694	0.09469021	0.25067157	0.99999994	0.12579057	-0.29936337	0.017889837	-0.18895596	-0.020433595	0.2074039	-0.16780932	0.25338167	0.19899139	-0.37507167	-0.3707074	0.111841165	-0.14244485	-0.020925501	-0.2939221	0.28035936	-0.030683773	-0.028785225	0.2701254	0.1975732	0.03221928	-0.03310535	-0.20316066	-0.074505284	-0.20312221	-0.41726685
-0.09591952	0.19375724	0.18499506	0.12579057	1.0000001	-0.32077855	0.118990205	-0.08541739	0.0054667233	0.2669883	-0.6554704	0.17611979	0.14358217	-0.0075838985	-0.097475536	0.039853066	-0.25740102	-0.21058047	-0.044206962	0.19366352	-0.1734723	0.07200463	0.16067809	0.1734947	-0.064247765	-0.16863257	-0.19209272	-0.1223571	-0.18060896	-0.17907473
0.20369299	-0.17433657	-0.17830317	-0.29936337	-0.32077855	0.99999994	-0.22708511	0.19136208	0.08176432	-0.30960092	0.23379724	-0.44673255	-0.28150573	0.18207468	0.16131	-0.101453595	0.060914665	0.21610424	0.2079495	-0.43020186	0.041137815	0.025685031	-0.3459017	-0.114578344	-0.04979586	0.031856842	0.14461306	0.011012019	0.2281853	0.258234
-0.21519138	-0.08010414	-0.10566773	0.017889837	0.118990205	-0.22708511	1.0	-0.14352469	-0.31085175	0.08846912	-0.19618113	0.12545648	0.19966705	-0.14382306	0.10464366	0.1782194	0.17488483	-0.582507	-0.2659485	0.13024914	0.050785452	-0.09003904	0.04690115	-0.15309544	0.19962794	0.010879234	-0.031964045	0.098265566	0.0059909867	-0.004875266
0.27028185	0.128254	-0.028738804	-0.18895596	-0.08541739	0.19136208	-0.14352469	0.99999994	0.25129956	-0.022230564	0.0803463	-0.26602295	-0.28723675	0.25141677	0.051906545	-0.28551918	-0.18195416	0.15624285	0.25952563	-0.20649853	-0.1968945	0.24850403	-0.060120396	0.02814018	-0.33407062	-0.326581	-0.15108123	-0.26888636	-0.008674442	0.12522161
0.17512058	0.20506123	0.072875865	-0.020433595	0.0054667233	0.08176432	-0.31085175	0.25129956	0.99999994	0.032078616	0.026185751	-0.089895874	-0.15607719	0.20804647	-0.048054494	-0.54476696	-0.25362897	0.20100021	0.23461848	-0.035042882	-0.19770297	0.22321929	0.04635929	0.12405091	-0.35941404	-0.2250382	-0.1703275	-0.27642483	-0.14376894	-0.05562199
-0.0073146084	0.2497695	0.2579396	0.2074039	0.2669883	-0.30960092	0.08846912	-0.022230564	0.032078616	0.99999994	-0.40166995	0.22587404	0.14687948	-0.07886709	-0.30892858	0.04799183	-0.20580475	-0.18907337	-0.07519375	0.24970877	-0.27289605	0.12861525	0.24159917	0.2406069	-0.11000721	-0.265503	-0.22237726	-0.28183308	-0.34475052	-0.28777024
0.07438012	-0.21300532	-0.23462045	-0.16780932	-0.6554704	0.23379724	-0.19618113	0.0803463	0.026185751	-0.40166995	0.9999998	-0.15715238	-0.226476	0.06807876	0.12407583	-0.074454	0.14567643	0.1879699	0.07418825	-0.18483137	0.12618963	-0.03951106	-0.15946661	-0.21486515	0.031326927	0.09637581	0.15187848	0.12870267	0.1859026	0.19044031
-0.24528776	0.14734602	0.19279099	0.25338167	0.17611979	-0.44673255	0.12545648	-0.26602295	-0.089895874	0.22587404	-0.15715238	0.9999997	0.25438076	-0.22143538	-0.21693638	0.12180042	-0.061944615	-0.21338324	-0.17492874	0.30575553	-0.021422869	-0.073811464	0.26893514	0.14284681	-0.04074405	-0.038698584	-0.16289821	-0.031253472	-0.33716762	-0.41488203
-0.3217415	0.050761472	0.07841953	0.19899139	0.14358217	-0.28150573	0.19966705	-0.28723675	-0.15607719	0.14687948	-0.226476	0.25438076	0.99999964	-0.22647975	-0.0479963	0.1190622	0.05772434	-0.2795329	-0.41700163	0.2590166	0.07094929	-0.062376756	0.2251191	0.052107647	0.08661215	0.043332	-0.098962605	0.042098947	-0.30945244	-0.31378242
0.19776191	0.07382841	-0.14039472	-0.37507167	-0.0075838985	0.18207468	-0.14382306	0.25141677	0.20804647	-0.07886709	0.06807876	-0.22143538	-0.22647975	0.99999976	0.17476323	-0.44046047	-0.07331741	0.1064675	0.275082	-0.26598203	-0.17359631	0.19443494	-0.1981141	-0.0648916	-0.21695165	-0.16265342	-0.108528204	-0.06886139	0.06255927	0.17259878
0.053077005	-0.2089763	-0.485077	-0.3707074	-0.097475536	0.16131	0.10464366	0.051906545	-0.048054494	-0.30892858	0.12407583	-0.21693638	-0.0479963	0.17476323	0.99999976	-0.09811702	0.21509577	-0.07964526	0.098280616	-0.23358445	0.0897118	-0.024677778	-0.28391948	-0.4250191	0.041410457	0.072234936	0.1192472	0.14238866	0.22214235	0.25890264
-0.12491557	-0.16462652	0.022901533	0.111841165	0.039853066	-0.101453595	0.1782194	-0.28551918	-0.54476696	0.04799183	-0.074454	0.12180042	0.1190622	-0.44046047	-0.09811702	0.9999998	0.09568029	-0.19819175	-0.31963852	0.08924707	0.13867559	-0.26335925	-0.00600457	0.011699743	0.24040772	0.1498672	0.12816447	0.1264445	0.06452399	-0.064792275
-0.09604948	-0.29610488	-0.3974749	-0.14244485	-0.25740102	0.060914665	0.17488483	-0.18195416	-0.25362897	-0.20580475	0.14567643	-0.061944615	0.05772434	-0.07331741	0.21509577	0.09568029	0.99999976	-0.14469239	-0.14199957	-0.099155426	0.24203335	-0.1879833	-0.15844992	-0.47878385	0.21564904	0.19068491	0.19207767	0.24173708	0.18965046	0.15546446
0.13308062	-0.030704042	0.02439757	-0.020925501	-0.21058047	0.21610424	-0.582507	0.15624285	0.20100021	-0.18907337	0.1879699	-0.21338324	-0.2795329	0.1064675	-0.07964526	-0.19819175	-0.14469239	0.9999997	0.19846585	-0.1874339	0.0054195826	0.040881865	-0.08873121	0.053510044	-0.25016904	0.05121242	0.055139586	-0.059664994	0.047405284	0.058020856
0.24113512	0.083666965	-0.07874198	-0.2939221	-0.044206962	0.2079495	-0.2659485	0.25952563	0.23461848	-0.07519375	0.07418825	-0.17492874	-0.41700163	0.275082	0.098280616	-0.31963852	-0.14199957	0.19846585	0.9999997	-0.25263166	-0.17552347	0.13571762	-0.20643792	0.006398305	-0.30178607	-0.07744869	-0.010048886	-0.19796795	0.071915016	0.1465446
-0.24363868	0.16390307	0.22179134	0.28035936	0.19366352	-0.43020186	0.13024914	-0.20649853	-0.035042882	0.24970877	-0.18483137	0.30575553	0.2590166	-0.26598203	-0.23358445	0.08924707	-0.099155426	-0.1874339	-0.25263166	0.9999997	-0.10950449	0.025946053	0.30517265	0.15351562	-0.017205395	-0.08485949	-0.26096997	-0.091279	-0.33323896	-0.3422117
-0.34005907	-0.27042472	-0.25755396	-0.030683773	-0.1734723	0.041137815	0.050785452	-0.1968945	-0.19770297	-0.27289605	0.12618963	-0.021422869	0.07094929	-0.17359631	0.0897118	0.13867559	0.24203335	0.0054195826	-0.17552347	-0.10950449	0.99999964	-0.42687434	-0.11816289	-0.2390077	0.189114	0.2975014	0.25360057	0.28032532	0.1622854	0.056140356
0.2200749	0.21752696	0.09940611	-0.028785225	0.07200463	0.025685031	-0.09003904	0.24850403	0.22321929	0.12861525	-0.03951106	-0.073811464	-0.062376756	0.19443494	-0.024677778	-0.26335925	-0.1879833	0.040881865	0.13571762	0.025946053	-0.42687434	0.99999976	0.09051154	0.09908943	-0.21709812	-0.48168707	-0.43095684	-0.32281914	-0.16318125	-0.008436175
-0.1705787	0.20290087	0.24659821	0.2701254	0.16067809	-0.3459017	0.04690115	-0.060120396	0.04635929	0.24159917	-0.15946661	0.26893514	0.2251191	-0.1981141	-0.28391948	-0.00600457	-0.15844992	-0.08873121	-0.20643792	0.30517265	-0.11816289	0.09051154	0.9999997	0.19782493	-0.12291481	-0.093363054	-0.37316787	-0.14869803	-0.4455077	-0.32313812
0.03359166	0.22067952	0.29619023	0.1975732	0.1734947	-0.114578344	-0.15309544	0.02814018	0.12405091	0.2406069	-0.21486515	0.14284681	0.052107647	-0.0648916	-0.4250191	0.011699743	-0.47878385	0.053510044	0.006398305	0.15351562	-0.2390077	0.09908943	0.19782493	0.9999997	-0.11515101	-0.11776703	-0.15283822	-0.31651166	-0.29709333	-0.34166113
-0.11248415	-0.44662192	-0.10500738	0.03221928	-0.064247765	-0.04979586	0.19962794	-0.33407062	-0.35941404	-0.11000721	0.031326927	-0.04074405	0.08661215	-0.21695165	0.041410457	0.24040772	0.21564904	-0.25016904	-0.30178607	-0.017205395	0.189114	-0.21709812	-0.12291481	-0.11515101	0.9999996	0.17815535	0.1823839	0.2410921	0.14687777	0.078878954
-0.3185488	-0.29777262	-0.15100592	-0.03310535	-0.16863257	0.031856842	0.010879234	-0.326581	-0.2250382	-0.265503	0.09637581	-0.038698584	0.043332	-0.16265342	0.072234936	0.1498672	0.19068491	0.05121242	-0.07744869	-0.08485949	0.2975014	-0.48168707	-0.093363054	-0.11776703	0.17815535	0.9999995	0.25835264	0.26497394	0.16149986	0.035846837
-0.07728513	-0.28137124	-0.2109142	-0.20316066	-0.19209272	0.14461306	-0.031964045	-0.15108123	-0.1703275	-0.22237726	0.15187848	-0.16289821	-0.098962605	-0.108528204	0.1192472	0.12816447	0.19207767	0.055139586	-0.010048886	-0.26096997	0.25360057	-0.43095684	-0.37316787	-0.15283822	0.1823839	0.25835264	0.9999993	0.23190297	0.2463082	0.17536733
-0.3068839	-0.4039954	-0.14399977	-0.074505284	-0.1223571	0.011012019	0.098265566	-0.26888636	-0.27642483	-0.28183308	0.12870267	-0.031253472	0.042098947	-0.06886139	0.14238866	0.1264445	0.24173708	-0.059664994	-0.19796795	-0.091279	0.28032532	-0.32281914	-0.14869803	-0.31651166	0.2410921	0.26497394	0.23190297	0.9999993	0.1890986	0.11799115
0.056130964	-0.2289885	-0.3251519	-0.20312221	-0.18060896	0.2281853	0.0059909867	-0.008674442	-0.14376894	-0.34475052	0.1859026	-0.33716762	-0.30945244	0.06255927	0.22214235	0.06452399	0.18965046	0.047405284	0.071915016	-0.33323896	0.1622854	-0.16318125	-0.4455077	-0.29709333	0.14687777	0.16149986	0.2463082	0.1890986	0.9999992	0.28031167
0.14983055	-0.22243841	-0.28375584	-0.41726685	-0.17907473	0.258234	-0.004875266	0.12522161	-0.05562199	-0.28777024	0.19044031	-0.41488203	-0.31378242	0.17259878	0.25890264	-0.064792275	0.15546446	0.058020856	0.1465446	-0.3422117	0.056140356	-0.008436175	-0.32313812	-0.34166113	0.078878954	0.035846837	0.17536733	0.11799115	0.28031167	0.9999992
