1.0000001	0.17002521	0.31062624	0.29304275	-0.33413076	-0.2759681	0.15519223	0.05244327	-0.26798508	0.019483583	-0.011164898	-0.32412848	0.09467055	0.30099556	-0.1843388	0.29447186	-0.34089807	-0.33271623	-0.28926542	-0.3474413	-0.114371225	0.26222757	0.061395336	0.28231314	-0.1034674	-0.40116554	0.2744519	0.099472284	0.044706915	-0.38840258
0.17002521	0.9999999	0.16793849	0.16483465	-0.044327587	0.0466235	-0.23975034	0.22434045	-0.1251884	-0.22723061	-0.4076109	-0.05173676	-0.18061179	0.12524262	-0.36659566	0.1125324	-0.10426546	-0.049181912	-0.15150392	-0.14430785	0.14063837	0.14916548	-0.29108882	0.12820005	0.10812281	-0.22224379	0.102951325	0.26255333	-0.18385729	-0.11361435
0.31062624	0.16793849	0.9999999	0.3097195	-0.36427853	-0.2438008	0.12759434	0.11417036	-0.29921535	0.02037699	0.024862474	-0.34340918	0.107675746	0.2804271	-0.26181722	0.2807703	-0.27244866	-0.28530875	-0.3669735	-0.37594172	-0.14675623	0.2575354	0.044521615	0.2667735	-0.0814472	-0.3137025	0.2605153	0.13686559	-0.019594125	-0.33560178
0.29304275	0.16483465	0.3097195	1.0000001	-0.35049164	-0.2761809	0.11277715	0.041004002	-0.28350553	0.09374879	-0.024100497	-0.29329512	0.12286188	0.25599703	-0.24802221	0.2423055	-0.24497299	-0.16704284	-0.46841872	-0.30982116	-0.14908123	0.24590518	0.058918763	0.22074187	-0.15948458	-0.25907058	0.25404322	0.1515718	0.0117836045	-0.34570602
-0.33413076	-0.044327587	-0.36427853	-0.35049164	1.0	0.2567576	-0.21123	-0.008713919	0.1809846	-0.030531835	-0.17463993	0.2777543	-0.36500806	-0.1748086	0.0010773812	-0.21738856	0.23086213	0.22443768	0.23673004	0.24511528	0.26129553	-0.35479116	-0.28933555	-0.16651241	0.07422265	0.10782676	-0.15581848	0.021823155	-0.08779149	0.21093304
-0.2759681	0.0466235	-0.2438008	-0.2761809	0.2567576	1.0	-0.22589554	0.11826241	0.21636492	-0.15918253	-0.14873695	0.2511836	-0.28627804	-0.3288805	-0.07134208	-0.28823406	0.2361065	0.24792385	0.20938198	0.26317397	0.22796665	-0.17873587	-0.37496534	-0.17530608	0.14619885	0.07467449	-0.33881772	0.054734595	-0.22296855	0.24598631
0.15519223	-0.23975034	0.12759434	0.11277715	-0.21123	-0.22589554	1.0000001	-0.2512436	-0.17501834	0.22704779	0.24397661	-0.3341758	0.18705	0.15782157	0.052741367	0.18232471	-0.17615157	-0.31238264	-0.16551545	-0.18312593	-0.22614342	0.05373199	0.21194915	0.16024795	-0.31742278	-0.12784298	0.13069831	-0.13297682	0.24940759	-0.17363447
0.05244327	0.22434045	0.11417036	0.041004002	-0.008713919	0.11826241	-0.2512436	1.0000002	0.020637324	-0.45110625	-0.12034271	0.0010917459	-0.10957044	0.009672324	-0.34579238	0.00941964	-0.05701239	0.015839554	-0.10797641	-0.00784022	0.065730445	0.0011588254	-0.12633944	0.062253818	0.18224989	-0.08984386	-0.011415189	0.22358151	-0.46878573	0.014178819
-0.26798508	-0.1251884	-0.29921535	-0.28350553	0.1809846	0.21636492	-0.17501834	0.020637324	1.0000004	0.0065606236	-0.005966266	0.25689122	-0.021080386	-0.42256072	0.078955494	-0.35995826	0.28500506	0.23509347	0.17577969	0.29342246	0.049252458	-0.4216011	-0.021011107	-0.34307653	-0.031146677	0.24946578	-0.45007545	-0.04375777	-0.08461811	0.30740887
0.019483583	-0.22723061	0.02037699	0.09374879	-0.030531835	-0.15918253	0.22704779	-0.45110625	0.0065606236	1.0000004	0.14856283	-0.07223713	0.15000713	0.02848475	0.08353024	-0.01032151	0.006635456	-0.09856525	-0.20931754	-0.04715851	-0.14409876	-0.05821469	0.108865865	0.008880464	-0.54580235	-0.0041046287	0.06925489	-0.11813853	0.2550884	-0.050463423
-0.011164898	-0.4076109	0.024862474	-0.024100497	-0.17463993	-0.14873695	0.24397661	-0.12034271	-0.005966266	0.14856283	1.0000004	-0.10897278	0.23927654	0.026187481	0.16740593	0.06340112	-0.067727126	-0.23574784	-0.03668952	-0.090427734	-0.38278604	-0.08348327	0.26004267	0.061612617	-0.19398412	0.039021283	0.027174728	-0.39602834	0.22537902	-0.038437407
-0.32412848	-0.05173676	-0.34340918	-0.29329512	0.2777543	0.2511836	-0.3341758	0.0010917459	0.25689122	-0.07223713	-0.10897278	1.0000005	-0.27835363	-0.3038613	0.09854572	-0.39032972	0.28971487	0.2719956	0.2554378	0.2953603	0.20293015	-0.36294833	-0.15065685	-0.3567055	0.09162258	0.20304066	-0.23512468	-0.058941662	-0.09116003	0.260515
0.09467055	-0.18061179	0.107675746	0.12286188	-0.36500806	-0.28627804	0.18705	-0.10957044	-0.021080386	0.15000713	0.23927654	-0.27835363	1.0000004	0.056488488	0.12552494	0.07783708	-0.17555682	-0.13199668	-0.21976402	-0.14416069	-0.5247399	0.10445046	0.2841689	0.081372395	-0.20784406	0.06571941	0.04328204	-0.22694196	0.18806143	-0.056492183
0.30099556	0.12524262	0.2804271	0.25599703	-0.1748086	-0.3288805	0.15782157	0.009672324	-0.42256072	0.02848475	0.026187481	-0.3038613	0.056488488	1.0000005	-0.11660676	0.3116777	-0.38085648	-0.3244697	-0.2371121	-0.4245662	-0.08733259	0.25983408	0.05994415	0.2935065	-0.036980987	-0.37409365	0.31269342	0.0672872	0.06253793	-0.39659208
-0.1843388	-0.36659566	-0.26181722	-0.24802221	0.0010773812	-0.07134208	0.052741367	-0.34579238	0.078955494	0.08353024	0.16740593	0.09854572	0.12552494	-0.11660676	1.0000006	-0.21181357	0.10603063	0.042831957	0.18509853	0.12948231	-0.10509219	-0.05065186	0.16295952	-0.18162748	-0.026338303	0.21833836	-0.111509815	-0.47558182	0.17524824	0.12940669
0.29447186	0.1125324	0.2807703	0.2423055	-0.21738856	-0.28823406	0.18232471	0.00941964	-0.35995826	-0.01032151	0.06340112	-0.39032972	0.07783708	0.3116777	-0.21181357	1.0000006	-0.3509642	-0.35174918	-0.20410825	-0.4476073	-0.091581106	0.24392606	0.084223054	0.29994074	-0.018240958	-0.36632338	0.27317277	0.052789997	0.08247186	-0.30257466
-0.34089807	-0.10426546	-0.27244866	-0.24497299	0.23086213	0.2361065	-0.17615157	-0.05701239	0.28500506	0.006635456	-0.067727126	0.28971487	-0.17555682	-0.38085648	0.10603063	-0.3509642	1.0000007	0.28707108	0.2099848	0.3058649	0.16059507	-0.30303782	-0.15342942	-0.5123462	-0.008583482	0.21623427	-0.37634426	-0.028786212	-0.061210975	0.28055787
-0.33271623	-0.049181912	-0.28530875	-0.16704284	0.22443768	0.24792385	-0.31238264	0.015839554	0.23509347	-0.09856525	-0.23574784	0.2719956	-0.13199668	-0.3244697	0.042831957	-0.35174918	0.28707108	1.0000006	0.18898137	0.28162882	0.18877384	-0.17765978	-0.24268177	-0.4417767	0.11271938	0.18842445	-0.24791878	0.06808823	-0.20004807	0.24550568
-0.28926542	-0.15150392	-0.3669735	-0.46841872	0.23673004	0.20938198	-0.16551545	-0.10797641	0.17577969	-0.20931754	-0.03668952	0.2554378	-0.21976402	-0.2371121	0.18509853	-0.20410825	0.2099848	0.18898137	1.0000006	0.24202919	0.17250325	-0.20064072	-0.12207538	-0.22958186	0.17977726	0.18369558	-0.22402264	-0.21154675	-0.02458445	0.22976689
-0.3474413	-0.14430785	-0.37594172	-0.30982116	0.24511528	0.26317397	-0.18312593	-0.00784022	0.29342246	-0.04715851	-0.090427734	0.2953603	-0.14416069	-0.4245662	0.12948231	-0.4476073	0.3058649	0.28162882	0.24202919	1.0000005	0.15245984	-0.28603688	-0.13923673	-0.32037574	0.03887783	0.2386793	-0.38819078	-0.06970506	-0.06571804	0.30564234
-0.114371225	0.14063837	-0.14675623	-0.14908123	0.26129553	0.22796665	-0.22614342	0.065730445	0.049252458	-0.14409876	-0.38278604	0.20293015	-0.5247399	-0.08733259	-0.10509219	-0.091581106	0.16059507	0.18877384	0.17250325	0.15245984	1.0000004	-0.14985645	-0.45369682	-0.12602276	0.1669463	-0.038157873	-0.06788433	0.15043266	-0.21248066	0.080614105
0.26222757	0.14916548	0.2575354	0.24590518	-0.35479116	-0.17873587	0.05373199	0.0011588254	-0.4216011	-0.05821469	-0.08348327	-0.36294833	0.10445046	0.25983408	-0.05065186	0.24392606	-0.30303782	-0.17765978	-0.20064072	-0.28603688	-0.14985645	1.0000004	0.028773557	0.2300547	0.07288263	-0.2769657	0.24576294	0.07545108	0.016811335	-0.34300137
0.061395336	-0.29108882	0.044521615	0.058918763	-0.28933555	-0.37496534	0.21194915	-0.12633944	-0.021011107	0.108865865	0.26004267	-0.15065685	0.2841689	0.05994415	0.16295952	0.084223054	-0.15342942	-0.24268177	-0.12207538	-0.13923673	-0.45369682	0.028773557	1.0000002	0.05377953	-0.14170687	0.11845807	0.04215623	-0.16803662	0.1745256	-0.08037486
0.28231314	0.12820005	0.2667735	0.22074187	-0.16651241	-0.17530608	0.16024795	0.062253818	-0.34307653	0.008880464	0.061612617	-0.3567055	0.081372395	0.2935065	-0.18162748	0.29994074	-0.5123462	-0.4417767	-0.22958186	-0.32037574	-0.12602276	0.2300547	0.05377953	1.0	-0.049847018	-0.3457941	0.25853863	0.023302201	0.07259956	-0.2550976
-0.1034674	0.10812281	-0.0814472	-0.15948458	0.07422265	0.14619885	-0.31742278	0.18224989	-0.031146677	-0.54580235	-0.19398412	0.09162258	-0.20784406	-0.036980987	-0.026338303	-0.018240958	-0.008583482	0.11271938	0.17977726	0.03887783	0.1669463	0.07288263	-0.14170687	-0.049847018	0.99999976	0.06797779	-0.077148795	0.09920838	-0.38224262	0.0409427
-0.40116554	-0.22224379	-0.3137025	-0.25907058	0.10782676	0.07467449	-0.12784298	-0.08984386	0.24946578	-0.0041046287	0.039021283	0.20304066	0.06571941	-0.37409365	0.21833836	-0.36632338	0.21623427	0.18842445	0.18369558	0.2386793	-0.038157873	-0.2769657	0.11845807	-0.3457941	0.06797779	0.9999996	-0.24092652	-0.13323463	-0.024150396	0.24613427
0.2744519	0.102951325	0.2605153	0.25404322	-0.15581848	-0.33881772	0.13069831	-0.011415189	-0.45007545	0.06925489	0.027174728	-0.23512468	0.04328204	0.31269342	-0.111509815	0.27317277	-0.37634426	-0.24791878	-0.22402264	-0.38819078	-0.06788433	0.24576294	0.04215623	0.25853863	-0.077148795	-0.24092652	0.9999994	0.07016676	0.07729117	-0.51690996
0.099472284	0.26255333	0.13686559	0.1515718	0.021823155	0.054734595	-0.13297682	0.22358151	-0.04375777	-0.11813853	-0.39602834	-0.058941662	-0.22694196	0.0672872	-0.47558182	0.052789997	-0.028786212	0.06808823	-0.21154675	-0.06970506	0.15043266	0.07545108	-0.16803662	0.023302201	0.09920838	-0.13323463	0.07016676	0.9999992	-0.39981553	-0.09378425
0.044706915	-0.18385729	-0.019594125	0.0117836045	-0.08779149	-0.22296855	0.24940759	-0.46878573	-0.08461811	0.2550884	0.22537902	-0.09116003	0.18806143	0.06253793	0.17524824	0.08247186	-0.061210975	-0.20004807	-0.02458445	-0.06571804	-0.21248066	0.016811335	0.1745256	0.07259956	-0.38224262	-0.024150396	0.07729117	-0.39981553	0.99999917	-0.10684581
-0.38840258	-0.11361435	-0.33560178	-0.34570602	0.21093304	0.24598631	-0.17363447	0.014178819	0.30740887	-0.050463423	-0.038437407	0.260515	-0.056492183	-0.39659208	0.12940669	-0.30257466	0.28055787	0.24550568	0.22976689	0.30564234	0.080614105	-0.34300137	-0.08037486	-0.2550976	0.0409427	0.24613427	-0.51690996	-0.09378425	-0.10684581	0.99999917
