1.0000001	0.12255202	-0.62181205	0.11653319	-0.04747921	-0.033102486	-0.04878249	0.014535325	0.15884149	0.013849118	0.05486812	-0.0059712525	-0.07259378	0.05629243	-0.05785972	-0.4703011	-0.32470143	-0.02180985	0.19197094	-0.03000511	-0.105113246	-0.08681647	-0.06527191	0.060576644	0.21460164	-0.051712234	0.09143839	0.09906555	0.049000915	-0.20073904
0.12255202	1.0000001	-0.2212279	0.2763638	-0.14090881	0.17018428	0.02368499	0.27148083	0.23853232	0.23531887	-0.035201203	-0.15273349	0.23615639	0.22604382	-0.27631292	-0.16638944	-0.23828958	-0.33791122	0.2599298	-0.36284083	-0.35254717	-0.40232688	-0.27125138	0.27792245	0.20303988	-0.4452789	0.22104384	0.110124856	-0.2019138	-0.26714826
-0.62181205	-0.2212279	1.0000001	-0.15777773	0.10070739	0.0025412731	0.0011404939	-0.10036017	-0.23028608	-0.037248455	-0.039370302	0.04981525	-0.0059073614	-0.107913814	0.12415246	0.26615065	0.26171038	0.06427337	-0.3614469	0.08317483	0.1157387	0.12581877	0.10369924	-0.0761248	-0.32621914	0.11457391	-0.16701409	-0.15630673	-0.012609043	0.20817508
0.11653319	0.2763638	-0.15777773	0.9999998	-0.15941533	0.07519575	0.0152258575	0.2400713	0.23827943	0.2340753	-0.015037759	-0.069339365	0.17778435	0.18713076	-0.12191884	-0.22721764	-0.21559729	-0.40892932	0.22332577	-0.34296495	-0.27811614	-0.29159966	-0.4996456	0.26490828	0.14068696	-0.28269973	0.13217239	0.14353217	-0.18962707	-0.20531191
-0.04747921	-0.14090881	0.10070739	-0.15941533	0.9999998	0.110638745	-0.3402386	0.04207686	-0.37717155	-0.20381586	0.2512805	-0.014008762	-0.004436115	-0.086989515	0.20548442	0.17117725	0.1784991	0.09376952	-0.13636652	-0.0075765816	-0.010888806	0.15980574	0.21097048	-0.14380595	-0.20835093	0.08039804	-0.26889923	-0.5923481	-0.06382922	0.20177566
-0.033102486	0.17018428	0.0025412731	0.07519575	0.110638745	1.0	-0.27291805	0.20913203	-0.014419585	-0.023677997	0.2026558	-0.45275536	0.20123309	0.26183805	-0.12865442	0.08964707	-0.1084327	-0.11451897	0.027859595	-0.28635806	-0.37323552	-0.17686608	0.010104509	0.21083158	0.09782268	-0.11790573	0.13275307	-0.1470409	-0.40860087	-0.1438875
-0.04878249	0.02368499	0.0011404939	0.0152258575	-0.3402386	-0.27291805	1.0	-0.025536519	0.1710056	0.17448124	-0.64631647	0.18436119	-0.016937112	-0.16327229	-0.15890054	-0.15529266	-0.0072865076	-0.03341915	0.13632596	0.025526047	0.10028895	-0.13055067	-0.13155302	-0.019883802	0.045844246	-0.040092077	0.07632922	0.23177941	0.13566637	-0.13064215
0.014535325	0.27148083	-0.10036017	0.2400713	0.04207686	0.20913203	-0.025536519	1.0	0.093409896	0.14571305	0.055414494	-0.14611694	0.26454216	0.21281014	-0.099520564	0.01697839	-0.08342399	-0.32341352	0.16067415	-0.55722266	-0.3741698	-0.3274371	-0.21765515	0.24771515	0.05947161	-0.33862972	0.11211733	-0.044453524	-0.33425185	-0.17385846
0.15884149	0.23853232	-0.23028608	0.23827943	-0.37717155	-0.014419585	0.1710056	0.093409896	1.0000001	0.23870628	-0.19816707	-0.09224536	0.09005462	0.15243524	-0.1990567	-0.37148795	-0.24318169	-0.24935383	0.24133605	-0.12524547	-0.1566625	-0.3432521	-0.30603623	0.19926272	0.23652066	-0.22539112	0.22157162	0.26013088	-0.0066577676	-0.40140188
0.013849118	0.23531887	-0.037248455	0.2340753	-0.20381586	-0.023677997	0.17448124	0.14571305	0.23870628	1.0	-0.19067092	0.041301906	0.09241502	0.06586694	-0.3210059	-0.1999646	-0.26297957	-0.24331619	0.23892832	-0.18684042	-0.14593738	-0.40030783	-0.4645506	0.16746558	0.16960442	-0.35916632	0.18373476	0.20972493	0.014354501	-0.18597537
0.05486812	-0.035201203	-0.039370302	-0.015037759	0.2512805	0.2026558	-0.64631647	0.055414494	-0.19816707	-0.19067092	1.0	-0.19850731	0.017070627	0.10599701	0.14492922	0.12421896	0.010211528	0.045421604	-0.16781041	-0.05070077	-0.13940345	0.08773746	0.13871327	-0.00030944386	-0.04989197	0.0416964	-0.11035222	-0.3402821	-0.19625495	0.09810727
-0.0059712525	-0.15273349	0.04981525	-0.069339365	-0.014008762	-0.45275536	0.18436119	-0.14611694	-0.09224536	0.041301906	-0.19850731	1.0000001	-0.27707407	-0.5555345	0.096586205	-0.07550269	0.100126736	0.12236534	0.021927753	0.17236829	0.25268304	0.11691289	-0.0036381288	-0.26862922	-0.16489851	0.12864445	-0.20848659	0.023791213	0.22850238	0.14610684
-0.07259378	0.23615639	-0.0059073614	0.17778435	-0.004436115	0.20123309	-0.016937112	0.26454216	0.09005462	0.09241502	0.017070627	-0.27707407	1.0000001	0.2430346	-0.18183172	0.05833075	-0.004131542	-0.4591434	0.12571798	-0.2853226	-0.3472556	-0.1949243	-0.09216818	0.25878182	0.024961943	-0.41039798	0.111025415	-0.020454498	-0.36615244	-0.16230442
0.05629243	0.22604382	-0.107913814	0.18713076	-0.086989515	0.26183805	-0.16327229	0.21281014	0.15243524	0.06586694	0.10599701	-0.5555345	0.2430346	1.0000001	-0.12812854	0.0053266236	-0.16693611	-0.2553905	0.061209075	-0.3020066	-0.41237408	-0.19683021	-0.116649665	0.265185	0.15115547	-0.24008797	0.19015838	0.035348143	-0.24324155	-0.24440195
-0.05785972	-0.27631292	0.12415246	-0.12191884	0.20548442	-0.12865442	-0.15890054	-0.099520564	-0.1990567	-0.3210059	0.14492922	0.096586205	-0.18183172	-0.12812854	1.0000002	0.14799255	0.23943764	0.15524077	-0.33718827	0.1156202	0.13596849	0.2506639	0.18849061	-0.28800404	-0.3987134	0.22996669	-0.47417974	-0.2544308	0.111420386	0.2798246
-0.4703011	-0.16638944	0.26615065	-0.22721764	0.17117725	0.08964707	-0.15529266	0.01697839	-0.37148795	-0.1999646	0.12421896	-0.07550269	0.05833075	0.0053266236	0.14799255	1.0000002	0.23551078	0.073196895	-0.32516778	0.017324531	0.045131993	0.12138702	0.184312	-0.08602305	-0.3313582	0.09859177	-0.075559996	-0.21414617	-0.14037931	0.18358174
-0.32470143	-0.23828958	0.26171038	-0.21559729	0.1784991	-0.1084327	-0.0072865076	-0.08342399	-0.24318169	-0.26297957	0.010211528	0.100126736	-0.004131542	-0.16693611	0.23943764	0.23551078	1.0000001	0.10160673	-0.34508854	0.11593437	0.16087821	0.22050244	0.19324	-0.16959272	-0.4508534	0.1720623	-0.35763666	-0.27960172	-0.0047377977	0.27280378
-0.02180985	-0.33791122	0.06427337	-0.40892932	0.09376952	-0.11451897	-0.03341915	-0.32341352	-0.24935383	-0.24331619	0.045421604	0.12236534	-0.4591434	-0.2553905	0.15524077	0.073196895	0.10160673	1.0000001	-0.2703522	0.27346468	0.25218588	0.2510434	0.23790017	-0.39201897	-0.05348544	0.29357436	-0.11291199	-0.07630298	0.21026614	0.17805819
0.19197094	0.2599298	-0.3614469	0.22332577	-0.13636652	0.027859595	0.13632596	0.16067415	0.24133605	0.23892832	-0.16781041	0.021927753	0.12571798	0.061209075	-0.33718827	-0.32516778	-0.34508854	-0.2703522	1.0000001	-0.20257327	-0.11707454	-0.2419249	-0.2600929	0.17798421	0.23531426	-0.35004064	0.19604735	0.1828013	-0.09377568	-0.2724075
-0.03000511	-0.36284083	0.08317483	-0.34296495	-0.0075765816	-0.28635806	0.025526047	-0.55722266	-0.12524547	-0.18684042	-0.05070077	0.17236829	-0.2853226	-0.3020066	0.1156202	0.017324531	0.11593437	0.27346468	-0.20257327	1.0000001	0.29981494	0.24739166	0.1932507	-0.29290614	-0.12422209	0.26938766	-0.085131645	0.0106243435	0.24477209	0.17335981
-0.105113246	-0.35254717	0.1157387	-0.27811614	-0.010888806	-0.37323552	0.10028895	-0.3741698	-0.1566625	-0.14593738	-0.13940345	0.25268304	-0.3472556	-0.41237408	0.13596849	0.045131993	0.16087821	0.25218588	-0.11707454	0.29981494	1.0000002	0.24231707	0.14901188	-0.33938116	-0.16487665	0.2495606	-0.14730847	-0.0007959802	0.2571939	0.20446365
-0.08681647	-0.40232688	0.12581877	-0.29159966	0.15980574	-0.17686608	-0.13055067	-0.3274371	-0.3432521	-0.40030783	0.08773746	0.11691289	-0.1949243	-0.19683021	0.2506639	0.12138702	0.22050244	0.2510434	-0.2419249	0.24739166	0.24231707	1.0000001	0.2654704	-0.2997366	-0.17497906	0.28477255	-0.34816724	-0.18498969	0.1557569	0.27121702
-0.06527191	-0.27125138	0.10369924	-0.4996456	0.21097048	0.010104509	-0.13155302	-0.21765515	-0.30603623	-0.4645506	0.13871327	-0.0036381288	-0.09216818	-0.116649665	0.18849061	0.184312	0.19324	0.23790017	-0.2600929	0.1932507	0.14901188	0.2654704	0.99999994	-0.2947032	-0.14108898	0.23414719	-0.16919008	-0.3061377	0.037932023	0.1924638
0.060576644	0.27792245	-0.0761248	0.26490828	-0.14380595	0.21083158	-0.019883802	0.24771515	0.19926272	0.16746558	-0.00030944386	-0.26862922	0.25878182	0.265185	-0.28800404	-0.08602305	-0.16959272	-0.39201897	0.17798421	-0.29290614	-0.33938116	-0.2997366	-0.2947032	0.99999994	0.14944978	-0.25285283	0.22504589	0.10394738	-0.4097557	-0.27533177
0.21460164	0.20303988	-0.32621914	0.14068696	-0.20835093	0.09782268	0.045844246	0.05947161	0.23652066	0.16960442	-0.04989197	-0.16489851	0.024961943	0.15115547	-0.3987134	-0.3313582	-0.4508534	-0.05348544	0.23531426	-0.12422209	-0.16487665	-0.17497906	-0.14108898	0.14944978	0.99999976	-0.17796648	0.2610587	0.19020292	0.009057652	-0.4218237
-0.051712234	-0.4452789	0.11457391	-0.28269973	0.08039804	-0.11790573	-0.040092077	-0.33862972	-0.22539112	-0.35916632	0.0416964	0.12864445	-0.41039798	-0.24008797	0.22996669	0.09859177	0.1720623	0.29357436	-0.35004064	0.26938766	0.2495606	0.28477255	0.23414719	-0.25285283	-0.17796648	0.9999999	-0.22169307	-0.08163774	0.1696401	0.22862561
0.09143839	0.22104384	-0.16701409	0.13217239	-0.26889923	0.13275307	0.07632922	0.11211733	0.22157162	0.18373476	-0.11035222	-0.20848659	0.111025415	0.19015838	-0.47417974	-0.075559996	-0.35763666	-0.11291199	0.19604735	-0.085131645	-0.14730847	-0.34816724	-0.16919008	0.22504589	0.2610587	-0.22169307	0.99999994	0.20709105	-0.1551103	-0.45989028
0.09906555	0.110124856	-0.15630673	0.14353217	-0.5923481	-0.1470409	0.23177941	-0.044453524	0.26013088	0.20972493	-0.3402821	0.023791213	-0.020454498	0.035348143	-0.2544308	-0.21414617	-0.27960172	-0.07630298	0.1828013	0.0106243435	-0.0007959802	-0.18498969	-0.3061377	0.10394738	0.19020292	-0.08163774	0.20709105	0.9999998	0.0938071	-0.20297374
0.049000915	-0.2019138	-0.012609043	-0.18962707	-0.06382922	-0.40860087	0.13566637	-0.33425185	-0.0066577676	0.014354501	-0.19625495	0.22850238	-0.36615244	-0.24324155	0.111420386	-0.14037931	-0.0047377977	0.21026614	-0.09377568	0.24477209	0.2571939	0.1557569	0.037932023	-0.4097557	0.009057652	0.1696401	-0.1551103	0.0938071	0.99999976	0.10959826
-0.20073904	-0.26714826	0.20817508	-0.20531191	0.20177566	-0.1438875	-0.13064215	-0.17385846	-0.40140188	-0.18597537	0.09810727	0.14610684	-0.16230442	-0.24440195	0.2798246	0.18358174	0.27280378	0.17805819	-0.2724075	0.17335981	0.20446365	0.27121702	0.1924638	-0.27533177	-0.4218237	0.22862561	-0.45989028	-0.20297374	0.10959826	0.99999976
