1.0000001	0.21046795	-0.2432774	-0.44702512	0.022667965	0.15959862	0.28648227	0.08186571	-0.27097794	-0.26254958	0.20102744	0.26557988	-0.09527317	-0.06594774	0.18823366	-0.0033851422	0.2048571	-0.28982	-0.312843	-0.30999428	-0.31816408	0.27483433	0.21483235	0.201395	0.11597737	-0.3921807	0.11923945	-0.16124581	-0.15769225	-0.21662307
0.21046795	1.0000004	-0.040701017	-0.1397596	0.1267496	-0.051541466	0.27585465	0.23512073	-0.38407105	-0.20256008	0.29332584	0.09829655	-0.21687263	-0.29607785	0.29869443	-0.17357366	0.033369653	-0.40597826	-0.36840618	-0.18902901	-0.087682195	0.17509307	0.30048928	0.10631974	0.26022398	-0.10855071	-0.06785473	0.10639218	-0.3757862	-0.4118955
-0.2432774	-0.040701017	1.0000002	0.2465945	-0.016624875	-0.3187086	-0.20607784	0.13919194	0.17776681	0.14787266	-0.06495874	-0.49191952	-0.14746921	-0.23778698	-0.04106906	-0.019386442	-0.3540365	0.055810396	-0.017870545	0.20612109	0.26127923	-0.2847479	-0.016601762	-0.12634039	0.086715296	0.28812566	-0.30391794	0.25219002	0.027754975	0.04209792
-0.44702512	-0.1397596	0.2465945	1.0000001	0.08635728	-0.32156387	-0.29298005	-0.030466	0.21850117	0.2077518	-0.07954587	-0.33270815	0.014674814	-0.001050291	-0.20126928	-0.13268071	-0.2894062	0.17129827	0.116313055	0.2412421	0.2941674	-0.35254315	-0.17595884	-0.21042189	-0.11173004	0.28917274	-0.25681904	0.18262719	0.18055896	0.12671484
0.022667965	0.1267496	-0.016624875	0.08635728	1.0000004	-0.3150148	0.061493594	0.09107726	-0.17880598	-0.07200722	0.20376278	-0.0038677198	-0.19050463	-0.05522825	0.06631495	-0.68117213	0.058781285	-0.11553032	-0.16063347	-0.058885355	0.12471442	0.013154217	0.12123323	0.07579057	0.027490564	-0.041219253	-0.24509904	0.15338714	0.048219625	-0.14655796
0.15959862	-0.051541466	-0.3187086	-0.32156387	-0.3150148	1.0000005	0.075789385	-0.16555277	-0.051625885	-0.083674744	-0.09169155	0.22993359	0.16781157	0.16447939	-0.06550218	0.22901902	0.1676744	0.033037532	0.061441097	-0.1113669	-0.41065156	0.17056984	-0.024693428	0.0893842	-0.11952294	-0.28700417	0.2944363	-0.45453084	0.0018034257	0.02771423
0.28648227	0.27585465	-0.20607784	-0.29298005	0.061493594	0.075789385	1.0000004	0.14238195	-0.44379398	-0.24485207	0.26341218	0.22623698	-0.24760813	-0.15033434	0.25983113	-0.050157093	0.17419791	-0.26567015	-0.3172881	-0.36058766	-0.22256729	0.26358148	0.26223934	0.20746033	0.18681872	-0.26843148	0.025393214	-0.025409197	-0.31726786	-0.29809502
0.08186571	0.23512073	0.13919194	-0.030466	0.09107726	-0.16555277	0.14238195	1.0000004	-0.08482034	0.015536306	0.23411794	-0.10044648	-0.2779432	-0.41420078	0.24784237	-0.1529689	-0.19571818	-0.36960295	-0.37611878	0.032609776	0.08726653	-0.004707589	0.25572094	-0.0841497	0.2934594	0.06884357	-0.3540255	0.20471217	-0.26062682	-0.2583413
-0.27097794	-0.38407105	0.17776681	0.21850117	-0.17880598	-0.051625885	-0.44379398	-0.08482034	1.0000004	0.23993967	-0.35370204	-0.2070998	0.16614302	0.09261887	-0.28630313	0.104031794	-0.27542025	0.2347719	0.20117177	0.28146115	0.17779069	-0.29118353	-0.24114902	-0.30044004	-0.15589456	0.24170816	-0.09025003	0.035383858	0.2029844	0.24130535
-0.26254958	-0.20256008	0.14787266	0.2077518	-0.07200722	-0.083674744	-0.24485207	0.015536306	0.23993967	1.0000002	-0.18108967	-0.3093146	0.14728461	0.044253122	-0.064905725	0.042152148	-0.36340475	0.121748224	0.08690425	0.29425335	0.20348498	-0.40715805	-0.1880385	-0.54217345	-0.0450703	0.23207372	-0.05609331	0.019579446	0.08373488	0.13637403
0.20102744	0.29332584	-0.06495874	-0.07954587	0.20376278	-0.09169155	0.26341218	0.23411794	-0.35370204	-0.18108967	1.0000002	0.09710861	-0.37195995	-0.28597584	0.2604732	-0.24614131	0.036231767	-0.37204158	-0.3649393	-0.19619001	-0.031673256	0.1558909	0.2963985	0.11771418	0.23582655	-0.13515319	-0.16702998	0.1084914	-0.1680456	-0.39358464
0.26557988	0.09829655	-0.49191952	-0.33270815	-0.0038677198	0.22993359	0.22623698	-0.10044648	-0.2070998	-0.3093146	0.09710861	1.0000004	-6.382122e-5	0.09245301	0.09033521	0.04346718	0.27601093	-0.12355472	-0.10491493	-0.2687275	-0.36969694	0.27763137	0.07933472	0.20929442	-0.026004693	-0.34034425	0.21045348	-0.29724023	-0.15177627	-0.068407565
-0.09527317	-0.21687263	-0.14746921	0.014674814	-0.19050463	0.16781157	-0.24760813	-0.2779432	0.16614302	0.14728461	-0.37195995	-6.382122e-5	1.0000005	0.28589615	-0.2843076	0.17865318	0.017478144	0.24537995	0.24376798	0.058954734	-0.07122985	-0.10961194	-0.38960296	-0.09636607	-0.37819752	0.015197854	0.19460769	-0.3374956	0.21518892	0.26351625
-0.06594774	-0.29607785	-0.23778698	-0.001050291	-0.05522825	0.16447939	-0.15033434	-0.41420078	0.09261887	0.044253122	-0.28597584	0.09245301	0.28589615	1.0000005	-0.27058575	0.09402504	0.13253109	0.24788904	0.2374604	-0.0031622162	-0.12306895	-0.041157562	-0.25495723	0.017511724	-0.5005392	-0.07135491	0.21644326	-0.31881547	0.23152013	0.23320818
0.18823366	0.29869443	-0.04106906	-0.20126928	0.06631495	-0.06550218	0.25983113	0.24784237	-0.28630313	-0.064905725	0.2604732	0.09033521	-0.2843076	-0.27058575	1.0000005	-0.063153334	0.011958677	-0.39672413	-0.2960133	-0.13854118	-0.035088897	0.15958077	0.28604272	0.028138116	0.28368318	-0.09855563	-0.12148248	0.12100314	-0.48602358	-0.45254648
-0.0033851422	-0.17357366	-0.019386442	-0.13268071	-0.68117213	0.22901902	-0.050157093	-0.1529689	0.104031794	0.042152148	-0.24614131	0.04346718	0.17865318	0.09402504	-0.063153334	1.0000005	-0.017577365	0.09610738	0.15088423	0.00012826489	-0.2106337	0.012256114	-0.18877023	-0.02750503	-0.041227266	-0.0073876367	0.20962305	-0.23593748	-0.042623457	0.1339828
0.2048571	0.033369653	-0.3540365	-0.2894062	0.058781285	0.1676744	0.17419791	-0.19571818	-0.27542025	-0.36340475	0.036231767	0.27601093	0.017478144	0.13253109	0.011958677	-0.017577365	1.0000006	-0.022840247	0.046756748	-0.37042305	-0.28722396	0.2679012	-0.0008938036	0.2720345	-0.105586916	-0.41224933	0.20832603	-0.15861358	-0.04991047	-0.0047476254
-0.28982	-0.40597826	0.055810396	0.17129827	-0.11553032	0.033037532	-0.26567015	-0.36960295	0.2347719	0.121748224	-0.37204158	-0.12355472	0.24537995	0.24788904	-0.39672413	0.09610738	-0.022840247	1.0000006	0.29758903	0.13376571	0.075926	-0.20437986	-0.3689902	-0.056907203	-0.4090215	0.11607374	0.07974597	-0.08754521	0.2762422	0.30328706
-0.312843	-0.36840618	-0.017870545	0.116313055	-0.16063347	0.061441097	-0.3172881	-0.37611878	0.20117177	0.08690425	-0.3649393	-0.10491493	0.24376798	0.2374604	-0.2960133	0.15088423	0.046756748	0.29758903	1.0000004	0.087333225	0.052491598	-0.046590906	-0.43016022	-0.047283225	-0.30732346	0.04126537	0.124209695	-0.08621713	0.21678531	0.27229497
-0.30999428	-0.18902901	0.20612109	0.2412421	-0.058885355	-0.1113669	-0.36058766	0.032609776	0.28146115	0.29425335	-0.19619001	-0.2687275	0.058954734	-0.0031622162	-0.13854118	0.00012826489	-0.37042305	0.13376571	0.087333225	1.0000002	0.23426273	-0.36358216	-0.113301046	-0.5505888	-0.040932186	0.26687515	-0.12803859	0.118439995	0.109906465	0.13804945
-0.31816408	-0.087682195	0.26127923	0.2941674	0.12471442	-0.41065156	-0.22256729	0.08726653	0.17779069	0.20348498	-0.031673256	-0.36969694	-0.07122985	-0.12306895	-0.035088897	-0.2106337	-0.28722396	0.075926	0.052491598	0.23426273	1.0000002	-0.2529369	-0.082385644	-0.28865585	0.029652696	0.27898097	-0.40188307	0.23174624	0.08947473	0.05235941
0.27483433	0.17509307	-0.2847479	-0.35254315	0.013154217	0.17056984	0.26358148	-0.004707589	-0.29118353	-0.40715805	0.1558909	0.27763137	-0.10961194	-0.041157562	0.15958077	0.012256114	0.2679012	-0.20437986	-0.046590906	-0.36358216	-0.2529369	1.0000004	0.15327659	0.25081965	0.078367956	-0.42058423	0.15187629	-0.17222276	-0.20912205	-0.24425976
0.21483235	0.30048928	-0.016601762	-0.17595884	0.12123323	-0.024693428	0.26223934	0.25572094	-0.24114902	-0.1880385	0.2963985	0.07933472	-0.38960296	-0.25495723	0.28604272	-0.18877023	-0.0008938036	-0.3689902	-0.43016022	-0.113301046	-0.082385644	0.15327659	1.0000002	0.08233832	0.26514152	-0.119725205	-0.10296412	0.12632525	-0.29375336	-0.4513926
0.201395	0.10631974	-0.12634039	-0.21042189	0.07579057	0.0893842	0.20746033	-0.0841497	-0.30044004	-0.54217345	0.11771418	0.20929442	-0.09636607	0.017511724	0.028138116	-0.02750503	0.2720345	-0.056907203	-0.047283225	-0.5505888	-0.28865585	0.25081965	0.08233832	1.0000004	-0.0027956194	-0.22743413	0.093507946	-0.08111696	-0.0296063	-0.07987517
0.11597737	0.26022398	0.086715296	-0.11173004	0.027490564	-0.11952294	0.18681872	0.2934594	-0.15589456	-0.0450703	0.23582655	-0.026004693	-0.37819752	-0.5005392	0.28368318	-0.041227266	-0.105586916	-0.4090215	-0.30732346	-0.040932186	0.029652696	0.078367956	0.26514152	-0.0027956194	1.0000004	0.0007299457	-0.15804979	0.18778646	-0.39481342	-0.25511432
-0.3921807	-0.10855071	0.28812566	0.28917274	-0.041219253	-0.28700417	-0.26843148	0.06884357	0.24170816	0.23207372	-0.13515319	-0.34034425	0.015197854	-0.07135491	-0.09855563	-0.0073876367	-0.41224933	0.11607374	0.04126537	0.26687515	0.27898097	-0.42058423	-0.119725205	-0.22743413	0.0007299457	1.0000002	-0.30907494	0.18605515	0.10176509	0.11243524
0.11923945	-0.06785473	-0.30391794	-0.25681904	-0.24509904	0.2944363	0.025393214	-0.3540255	-0.09025003	-0.05609331	-0.16702998	0.21045348	0.19460769	0.21644326	-0.12148248	0.20962305	0.20832603	0.07974597	0.124209695	-0.12803859	-0.40188307	0.15187629	-0.10296412	0.093507946	-0.15804979	-0.30907494	1.0000002	-0.30444053	0.039055236	0.10015429
-0.16124581	0.10639218	0.25219002	0.18262719	0.15338714	-0.45453084	-0.025409197	0.20471217	0.035383858	0.019579446	0.1084914	-0.29724023	-0.3374956	-0.31881547	0.12100314	-0.23593748	-0.15861358	-0.08754521	-0.08621713	0.118439995	0.23174624	-0.17222276	0.12632525	-0.08111696	0.18778646	0.18605515	-0.30444053	1.0000002	-0.1495691	-0.16366272
-0.15769225	-0.3757862	0.027754975	0.18055896	0.048219625	0.0018034257	-0.31726786	-0.26062682	0.2029844	0.08373488	-0.1680456	-0.15177627	0.21518892	0.23152013	-0.48602358	-0.042623457	-0.04991047	0.2762422	0.21678531	0.109906465	0.08947473	-0.20912205	-0.29375336	-0.0296063	-0.39481342	0.10176509	0.039055236	-0.1495691	1.0000001	0.26166925
-0.21662307	-0.4118955	0.04209792	0.12671484	-0.14655796	0.02771423	-0.29809502	-0.2583413	0.24130535	0.13637403	-0.39358464	-0.068407565	0.26351625	0.23320818	-0.45254648	0.1339828	-0.0047476254	0.30328706	0.27229497	0.13804945	0.05235941	-0.24425976	-0.4513926	-0.07987517	-0.25511432	0.11243524	0.10015429	-0.16366272	0.26166925	1.0000001
