1.0	-0.22264837	-0.08191891	0.1990151	-0.06174976	0.29950693	0.18799794	-0.37515	-0.2354168	0.24181882	0.1933215	-0.21191712	0.06831521	0.14199147	0.21811213	-0.45252097	-0.2494602	0.28592828	-0.27459395	-0.3958669	-0.059592884	-0.23284426	0.08080455	0.14702153	-0.34429446	0.27459708	-0.3319375	-0.28382602	0.2692081	0.20615424
-0.22264837	1.0	0.25824177	0.007649009	0.19788995	-0.3399471	-0.044142466	0.13875586	0.1613772	-0.07391065	-0.5187317	0.05745531	-0.08673291	0.065327846	-0.41826084	0.237932	0.12555176	-0.33832777	0.192672	0.17781682	-0.1193376	0.18122776	-0.30491132	-0.16693807	0.02737061	-0.13659182	0.13598278	0.21887192	-0.33825442	-0.07533708
-0.08191891	0.25824177	1.0000002	0.1063483	0.2874521	-0.24259417	-0.015199996	0.012646612	0.20956574	-0.02467756	-0.4519556	-0.0052857753	-0.2664643	0.15440358	-0.168686	0.18670367	0.042686857	-0.19138104	0.21690828	0.016775534	-0.13822693	0.054606378	-0.432185	-0.3125258	-0.10030604	-0.013406456	0.071162894	0.13131467	-0.24302976	-0.060924206
0.1990151	0.007649009	0.1063483	1.0000001	0.15910447	0.12771371	0.21703978	-0.36512208	0.052769776	0.26623803	0.023044754	-0.20897898	-0.17495763	0.26590422	0.10294484	-0.17129873	-0.2934923	0.1576512	-0.075340316	-0.23871876	-0.23313983	-0.31214032	-0.20995784	-0.01587159	-0.4615321	0.28374022	-0.3082118	-0.2238031	0.12129443	0.20217088
-0.06174976	0.19788995	0.2874521	0.15910447	0.9999998	-0.15214902	-0.022336055	-0.08194236	0.25868812	0.023907581	-0.27859804	-0.15480565	-0.41689816	0.17790592	-0.19208331	0.15709214	0.046310727	-0.21270643	0.16842203	-0.040766947	-0.16544832	0.039471295	-0.27846074	-0.3110192	-0.14924031	0.07008264	0.031178948	0.08710237	-0.24375176	0.05739723
0.29950693	-0.3399471	-0.24259417	0.12771371	-0.15214902	0.99999976	0.17400528	-0.26758632	-0.29069936	0.1946468	0.26511392	-0.16222158	0.13784833	0.03727243	0.27657768	-0.42975637	-0.2796938	0.30578628	-0.2877945	-0.3109254	0.059635986	-0.3265704	0.14831309	0.19216056	-0.24530515	0.22764148	-0.31589687	-0.29161507	0.31132022	0.18526655
0.18799794	-0.044142466	-0.015199996	0.21703978	-0.022336055	0.17400528	0.9999997	-0.15834768	-0.20975901	0.29172245	0.041535392	-0.11788014	0.100451976	0.22547379	0.15612139	-0.16176093	-0.45206064	0.20230956	0.017242998	-0.23338911	-0.28059223	-0.27771962	-0.1626154	-0.034326684	-0.23906492	0.24010234	-0.4494817	-0.31000882	0.20913298	0.10560552
-0.37515	0.13875586	0.012646612	-0.36512208	-0.08194236	-0.26758632	-0.15834768	0.9999996	0.022220872	-0.22160348	-0.19161586	0.2383786	0.07508312	-0.24564621	-0.26785916	0.23981927	0.22911222	-0.29588965	0.19694692	0.29367626	0.0720246	0.24942566	-0.014518621	-0.1758327	0.29087237	-0.38613522	0.25007713	0.25003797	-0.21205159	-0.29973972
-0.2354168	0.1613772	0.20956574	0.052769776	0.25868812	-0.29069936	-0.20975901	0.022220872	0.9999995	-0.13784952	-0.15941209	-0.050404467	-0.54609597	0.07768556	-0.2085482	0.235606	0.17745556	-0.2888132	0.14175345	0.068413444	-0.14328918	0.15163408	-0.113464646	-0.18214507	-0.0044261497	-0.03557512	0.16925408	0.18812056	-0.30851233	-0.00010224266
0.24181882	-0.07391065	-0.02467756	0.26623803	0.023907581	0.1946468	0.29172245	-0.22160348	-0.13784952	0.9999995	0.093375206	-0.21954165	0.008228895	0.26313397	0.12459554	-0.24739298	-0.37215143	0.22647245	-0.11757924	-0.22064966	-0.35108826	-0.2774207	-0.12332888	0.03228818	-0.33591318	0.2740901	-0.36287093	-0.3512953	0.21618494	0.18063362
0.1933215	-0.5187317	-0.4519556	0.023044754	-0.27859804	0.26511392	0.041535392	-0.19161586	-0.15941209	0.093375206	0.9999994	-0.025859978	0.132876	-0.08254732	0.26312098	-0.32295907	-0.16520572	0.25822693	-0.2200267	-0.22609451	0.117213115	-0.17848814	0.22827826	0.19689558	-0.043838806	0.13143925	-0.1602398	-0.24773893	0.252561	0.076345034
-0.21191712	0.05745531	-0.0052857753	-0.20897898	-0.15480565	-0.16222158	-0.11788014	0.2383786	-0.050404467	-0.21954165	-0.025859978	0.9999994	0.15988414	-0.22292088	-0.07028139	0.12826708	0.095211744	-0.06269726	0.1585963	0.14432177	0.08064651	0.14421463	-0.026122162	-0.20827773	0.23478563	-0.19417967	0.2014666	0.13594776	-0.1880087	-0.6497508
0.06831521	-0.08673291	-0.2664643	-0.17495763	-0.41689816	0.13784833	0.100451976	0.07508312	-0.54609597	0.008228895	0.132876	0.15988414	0.9999994	-0.14923976	0.11760518	-0.19878195	-0.15395252	0.14663152	-0.092055045	0.020173373	0.13060628	-0.05912664	0.11888387	0.11710058	0.08211186	-0.054971773	-0.09654158	-0.1115712	0.16033359	-0.1687086
0.14199147	0.065327846	0.15440358	0.26590422	0.17790592	0.03727243	0.22547379	-0.24564621	0.07768556	0.26313397	-0.08254732	-0.22292088	-0.14923976	0.9999995	-0.024395376	-0.074835286	-0.22396071	0.08200164	0.024036253	-0.2275184	-0.5193058	-0.12825982	-0.2628074	-0.14959522	-0.2576555	0.23913528	-0.22105432	-0.18232998	0.07764342	0.14021485
0.21811213	-0.41826084	-0.168686	0.10294484	-0.19208331	0.27657768	0.15612139	-0.26785916	-0.2085482	0.12459554	0.26312098	-0.07028139	0.11760518	-0.024395376	0.99999946	-0.22614014	-0.2827025	0.28226218	-0.13654792	-0.31398943	0.11619959	-0.4246417	0.1253404	0.13820408	-0.12895311	0.19517379	-0.23611456	-0.40675437	0.28272218	0.10702904
-0.45252097	0.237932	0.18670367	-0.17129873	0.15709214	-0.42975637	-0.16176093	0.23981927	0.235606	-0.24739298	-0.32295907	0.12826708	-0.19878195	-0.074835286	-0.22614014	0.9999995	0.24142152	-0.40527073	0.23456724	0.24081512	-0.040386926	0.24946289	-0.11268785	-0.23071663	0.19723272	-0.24456584	0.26068205	0.2729222	-0.35888562	-0.2045077
-0.2494602	0.12555176	0.042686857	-0.2934923	0.046310727	-0.2796938	-0.45206064	0.22911222	0.17745556	-0.37215143	-0.16520572	0.095211744	-0.15395252	-0.22396071	-0.2827025	0.24142152	0.9999997	-0.25945878	0.10950704	0.25751546	0.10173001	0.27024564	0.05092816	-0.10257085	0.24328749	-0.3856938	0.29668102	0.29363617	-0.27567643	-0.08513841
0.28592828	-0.33832777	-0.19138104	0.1576512	-0.21270643	0.30578628	0.20230956	-0.29588965	-0.2888132	0.22647245	0.25822693	-0.06269726	0.14663152	0.08200164	0.28226218	-0.40527073	-0.25945878	0.9999998	-0.2339877	-0.31813025	-0.022070415	-0.37921366	0.087807834	0.14624113	-0.2104882	0.23725232	-0.27041322	-0.36120394	0.3097573	0.12176121
-0.27459395	0.192672	0.21690828	-0.075340316	0.16842203	-0.2877945	0.017242998	0.19694692	0.14175345	-0.11757924	-0.2200267	0.1585963	-0.092055045	0.024036253	-0.13654792	0.23456724	0.10950704	-0.2339877	0.99999976	0.16117312	-0.11163155	0.084736936	-0.3967934	-0.550228	0.09199609	-0.14197163	0.11132141	0.15190437	-0.20716904	-0.21604101
-0.3958669	0.17781682	0.016775534	-0.23871876	-0.040766947	-0.3109254	-0.23338911	0.29367626	0.068413444	-0.22064966	-0.22609451	0.14432177	0.020173373	-0.2275184	-0.31398943	0.24081512	0.25751546	-0.31813025	0.16117312	0.99999976	0.09354785	0.25868687	-0.05105733	-0.04549256	0.2659347	-0.48837852	0.24857245	0.26228622	-0.2526681	-0.14601482
-0.059592884	-0.1193376	-0.13822693	-0.23313983	-0.16544832	0.059635986	-0.28059223	0.0720246	-0.14328918	-0.35108826	0.117213115	0.08064651	0.13060628	-0.5193058	0.11619959	-0.040386926	0.10173001	-0.022070415	-0.11163155	0.09354785	0.99999976	0.013836043	0.22221094	0.15897147	0.1704638	-0.19368957	0.09569888	-0.011715367	0.0044094473	-0.047636904
-0.23284426	0.18122776	0.054606378	-0.31214032	0.039471295	-0.3265704	-0.27771962	0.24942566	0.15163408	-0.2774207	-0.17848814	0.14421463	-0.05912664	-0.12825982	-0.4246417	0.24946289	0.27024564	-0.37921366	0.084736936	0.25868687	0.013836043	0.99999976	0.03440758	-0.02911168	0.24621503	-0.299831	0.2867734	0.29224002	-0.4020226	-0.22974452
0.08080455	-0.30491132	-0.432185	-0.20995784	-0.27846074	0.14831309	-0.1626154	-0.014518621	-0.113464646	-0.12332888	0.22827826	-0.026122162	0.11888387	-0.2628074	0.1253404	-0.11268785	0.05092816	0.087807834	-0.3967934	-0.05105733	0.22221094	0.03440758	0.9999998	0.26303923	0.09893914	-0.03996512	0.030049836	-0.08806102	0.10542618	0.022552786
0.14702153	-0.16693807	-0.3125258	-0.01587159	-0.3110192	0.19216056	-0.034326684	-0.1758327	-0.18214507	0.03228818	0.19689558	-0.20827773	0.11710058	-0.14959522	0.13820408	-0.23071663	-0.10257085	0.14624113	-0.550228	-0.04549256	0.15897147	-0.02911168	0.26303923	0.9999997	-0.025810534	0.028166598	-0.074426755	-0.14307742	0.17852199	0.15940426
-0.34429446	0.02737061	-0.10030604	-0.4615321	-0.14924031	-0.24530515	-0.23906492	0.29087237	-0.0044261497	-0.33591318	-0.043838806	0.23478563	0.08211186	-0.2576555	-0.12895311	0.19723272	0.24328749	-0.2104882	0.09199609	0.2659347	0.1704638	0.24621503	0.09893914	-0.025810534	0.9999997	-0.37555787	0.26948828	0.2139844	-0.20434879	-0.30589744
0.27459708	-0.13659182	-0.013406456	0.28374022	0.07008264	0.22764148	0.24010234	-0.38613522	-0.03557512	0.2740901	0.13143925	-0.19417967	-0.054971773	0.23913528	0.19517379	-0.24456584	-0.3856938	0.23725232	-0.14197163	-0.48837852	-0.19368957	-0.299831	-0.03996512	0.028166598	-0.37555787	0.9999997	-0.30592847	-0.29841235	0.20799166	0.18546267
-0.3319375	0.13598278	0.071162894	-0.3082118	0.031178948	-0.31589687	-0.4494817	0.25007713	0.16925408	-0.36287093	-0.1602398	0.2014666	-0.09654158	-0.22105432	-0.23611456	0.26068205	0.29668102	-0.27041322	0.11132141	0.24857245	0.09569888	0.2867734	0.030049836	-0.074426755	0.26948828	-0.30592847	0.99999934	0.28805193	-0.30598706	-0.3072834
-0.28382602	0.21887192	0.13131467	-0.2238031	0.08710237	-0.29161507	-0.31000882	0.25003797	0.18812056	-0.3512953	-0.24773893	0.13594776	-0.1115712	-0.18232998	-0.40675437	0.2729222	0.29363617	-0.36120394	0.15190437	0.26228622	-0.011715367	0.29224002	-0.08806102	-0.14307742	0.2139844	-0.29841235	0.28805193	0.99999934	-0.3439626	-0.13099325
0.2692081	-0.33825442	-0.24302976	0.12129443	-0.24375176	0.31132022	0.20913298	-0.21205159	-0.30851233	0.21618494	0.252561	-0.1880087	0.16033359	0.07764342	0.28272218	-0.35888562	-0.27567643	0.3097573	-0.20716904	-0.2526681	0.0044094473	-0.4020226	0.10542618	0.17852199	-0.20434879	0.20799166	-0.30598706	-0.3439626	0.9999992	0.17786163
0.20615424	-0.07533708	-0.060924206	0.20217088	0.05739723	0.18526655	0.10560552	-0.29973972	-0.00010224266	0.18063362	0.076345034	-0.6497508	-0.1687086	0.14021485	0.10702904	-0.2045077	-0.08513841	0.12176121	-0.21604101	-0.14601482	-0.047636904	-0.22974452	0.022552786	0.15940426	-0.30589744	0.18546267	-0.3072834	-0.13099325	0.17786163	0.9999992
