1.0	-0.11391414	0.177503	-0.0651329	-0.2285378	0.06744779	-0.30864543	0.11911086	-0.49133486	-0.17453435	-0.13513936	0.18823943	0.06397787	-0.0881631	-0.018977888	0.24742499	0.16376701	0.10200724	-0.0061690123	0.03838046	0.115577765	0.08611222	-0.23561163	0.24349117	0.064054705	-0.22434957	-0.48184848	0.07412635	-0.12390616	-0.054923203
-0.11391414	1.0	-0.31231773	0.27836725	-0.20601499	-0.18772495	-0.035512272	-0.26839006	0.041396108	-0.12481008	0.13672853	0.0801843	-0.034117393	0.28072137	0.24409176	0.06549121	-0.37090147	-0.47256798	0.0019072748	-0.4008506	-0.17788547	-0.37957233	0.21477313	0.07561047	-0.11330528	0.18348266	-0.0308438	0.14824884	0.2250318	0.25275397
0.177503	-0.31231773	1.0000002	-0.40038106	0.1024485	0.26608247	-0.046012033	0.23316678	-0.13405174	0.108935684	-0.21948677	-0.025887731	0.047819667	-0.33145237	-0.26259872	-0.030589528	0.26396438	0.29163718	-0.05649204	0.24031766	0.21075813	0.26034194	-0.4428323	4.236795e-7	0.15343031	-0.27603078	-0.13847932	-0.14738828	-0.301912	-0.23044549
-0.0651329	0.27836725	-0.40038106	1.0000001	-0.2855459	-0.3805718	-0.12866952	-0.13849808	0.023803795	-0.30512008	0.015280239	0.16275615	0.06372093	0.25085452	0.2961644	0.09226389	-0.2174411	-0.3456781	-0.036389984	-0.4166187	-0.08817801	-0.41139308	0.27752143	0.12240528	-0.035321236	0.10032586	0.001708094	0.23265283	0.13987707	0.1972796
-0.2285378	-0.20601499	0.1024485	-0.2855459	1.0	0.1823398	0.25693342	0.04859476	0.1836294	0.27604565	0.09205553	-0.27476943	-0.110882156	-0.1588394	-0.3370221	-0.4047432	0.031360686	0.14388852	0.079736866	0.23665872	-0.009303044	0.20848097	-0.08450468	-0.39852732	-0.09381819	0.046709873	0.22408256	-0.33300987	-0.012217703	-0.17517743
0.06744779	-0.18772495	0.26608247	-0.3805718	0.1823398	1.0	0.08772881	0.12311071	-0.102562934	0.23448509	-0.06040018	-0.18591443	-0.12850712	-0.32577798	-0.32439142	-0.012289953	0.16423227	0.21977374	0.014928124	0.2715391	0.07770012	0.29052898	-0.48496553	-0.10621604	0.06393397	-0.088972926	-0.02777859	-0.34713134	-0.086564116	-0.21401365
-0.30864543	-0.035512272	-0.046012033	-0.12866952	0.25693342	0.08772881	1.0	-0.1093515	0.21194595	0.26124245	0.23532219	-0.34891215	-0.33857316	0.025322156	-0.19752687	-0.34017554	-0.21087363	-0.025846308	0.17964709	0.14478561	-0.16541104	0.10653625	0.02102951	-0.3071403	-0.24554105	0.20701702	0.23724625	-0.31547415	0.12983619	0.019120635
0.11911086	-0.26839006	0.23316678	-0.13849808	0.04859476	0.12311071	-0.1093515	0.99999994	-0.12461466	-0.010989252	-0.40005487	0.06365243	0.15688431	-0.4245958	-0.14081536	-0.076843575	0.2925737	0.26834905	-0.15638189	0.11194031	0.2759916	0.13103324	-0.122935936	0.053830575	0.25441235	-0.3440954	-0.03922552	0.038492117	-0.39170194	-0.4226036
-0.49133486	0.041396108	-0.13405174	0.023803795	0.1836294	-0.102562934	0.21194595	-0.12461466	0.9999998	0.10891991	0.1530742	-0.23016359	-0.004578513	0.04769029	-0.032151233	-0.49127778	-0.20719783	-0.03220416	-0.07556133	0.001048457	-0.054727916	-0.06103168	0.14288384	-0.32728827	-0.028346198	0.16631484	0.28277907	-0.040157367	0.063464485	0.010341867
-0.17453435	-0.12481008	0.108935684	-0.30512008	0.27604565	0.23448509	0.26124245	-0.010989252	0.10891991	0.9999997	0.1626571	-0.33670947	-0.28916422	-0.15159619	-0.37708607	-0.20358318	-0.03284395	0.09922769	0.13752963	0.2424537	-0.11813894	0.23270355	-0.22078493	-0.35109505	-0.069206364	0.09797545	0.16894211	-0.3765593	0.057112813	-0.045957156
-0.13513936	0.13672853	-0.21948677	0.015280239	0.09205553	-0.06040018	0.23532219	-0.40005487	0.1530742	0.1626571	0.9999997	-0.3204549	-0.32406592	0.18675214	-0.060726315	-0.10637025	-0.28245008	-0.19863406	0.21997692	0.02581355	-0.32987472	-0.03046575	0.070777535	-0.26127905	-0.3332363	0.29083934	0.123487845	-0.118270606	0.26287818	0.20530878
0.18823943	0.0801843	-0.025887731	0.16275615	-0.27476943	-0.18591443	-0.34891215	0.06365243	-0.23016359	-0.33670947	-0.3204549	0.99999976	0.227066	0.035757124	0.221608	0.19466752	0.080749445	-0.0878217	-0.28047442	-0.24053931	0.11504093	-0.14416385	0.07046085	0.2731725	0.14576368	-0.23072873	-0.34863928	0.24297304	-0.07807204	0.031195218
0.06397787	-0.034117393	0.047819667	0.06372093	-0.110882156	-0.12850712	-0.33857316	0.15688431	-0.004578513	-0.28916422	-0.32406592	0.227066	0.9999998	-0.030565346	0.17954199	0.0028111204	0.14871573	0.04986453	-0.5005039	-0.13991654	0.22992201	-0.15097798	0.03912322	0.12609215	0.25453556	-0.21167985	-0.04170208	0.19234025	-0.2729461	-0.20419227
-0.0881631	0.28072137	-0.33145237	0.25085452	-0.1588394	-0.32577798	0.025322156	-0.4245958	0.04769029	-0.15159619	0.18675214	0.035757124	-0.030565346	0.99999994	0.21396618	0.068142734	-0.34687245	-0.4004478	0.09268294	-0.24339736	-0.21269152	-0.2986611	0.23678008	0.041094888	-0.30966738	0.21608306	-0.0016295572	0.0909977	0.24692138	0.2906451
-0.018977888	0.24409176	-0.26259872	0.2961644	-0.3370221	-0.32439142	-0.19752687	-0.14081536	-0.032151233	-0.37708607	-0.060726315	0.221608	0.17954199	0.21396618	0.99999994	0.11757188	-0.09705513	-0.29452777	-0.20017879	-0.37078983	-0.055896685	-0.39757848	0.22239184	0.18764806	0.038134344	0.05376188	-0.06292165	0.2654146	0.054148965	0.13585573
0.24742499	0.06549121	-0.030589528	0.09226389	-0.4047432	-0.012289953	-0.34017554	-0.076843575	-0.49127778	-0.20358318	-0.10637025	0.19466752	0.0028111204	0.068142734	0.11757188	1.0	0.046646867	-0.09911642	0.053365562	-0.11120352	-0.02203195	-0.030890565	-0.042805523	0.26027468	-0.00054824003	-0.08994821	-0.36999184	0.11747379	0.043538272	0.12278739
0.16376701	-0.37090147	0.26396438	-0.2174411	0.031360686	0.16423227	-0.21087363	0.2925737	-0.20719783	-0.03284395	-0.28245008	0.080749445	0.14871573	-0.34687245	-0.09705513	0.046646867	1.0	0.27654502	-0.15555926	0.15300503	0.2730698	0.16196801	-0.21723619	0.08399205	0.23626554	-0.39842743	-0.08845493	0.002338176	-0.39302653	-0.3608024
0.10200724	-0.47256798	0.29163718	-0.3456781	0.14388852	0.21977374	-0.025846308	0.26834905	-0.03220416	0.09922769	-0.19863406	-0.0878217	0.04986453	-0.4004478	-0.29452777	-0.09911642	0.27654502	0.9999999	-0.07174147	0.24135382	0.22578639	0.24613737	-0.2924173	-0.031579744	0.17451416	-0.23202817	-0.010857552	-0.06600438	-0.36441857	-0.3131285
-0.0061690123	0.0019072748	-0.05649204	-0.036389984	0.079736866	0.014928124	0.17964709	-0.15638189	-0.07556133	0.13752963	0.21997692	-0.28047442	-0.5005039	0.09268294	-0.20017879	0.053365562	-0.15555926	-0.07174147	0.9999999	0.10506619	-0.30372593	0.07887911	0.018278249	-0.050131068	-0.4837374	0.17017658	-0.0014255698	-0.14508212	0.20122024	0.17020825
0.03838046	-0.4008506	0.24031766	-0.4166187	0.23665872	0.2715391	0.14478561	0.11194031	0.001048457	0.2424537	0.02581355	-0.24053931	-0.13991654	-0.24339736	-0.37078983	-0.11120352	0.15300503	0.24135382	0.10506619	0.9999998	0.033814818	0.30309767	-0.27457875	-0.11244039	-0.037217163	-0.07509704	0.014617316	-0.37867793	-0.13478175	-0.2277353
0.115577765	-0.17788547	0.21075813	-0.08817801	-0.009303044	0.07770012	-0.16541104	0.2759916	-0.054727916	-0.11813894	-0.32987472	0.11504093	0.22992201	-0.21269152	-0.055896685	-0.02203195	0.2730698	0.22578639	-0.30372593	0.033814818	0.9999999	0.09724585	-0.17073241	0.078789495	0.2720274	-0.510469	-0.052838273	0.0649623	-0.48626456	-0.31248862
0.08611222	-0.37957233	0.26034194	-0.41139308	0.20848097	0.29052898	0.10653625	0.13103324	-0.06103168	0.23270355	-0.03046575	-0.14416385	-0.15097798	-0.2986611	-0.39757848	-0.030890565	0.16196801	0.24613737	0.07887911	0.30309767	0.09724585	0.99999994	-0.31469	-0.19461623	0.01407758	-0.13314663	0.0066924393	-0.37814617	-0.10533714	-0.19311376
-0.23561163	0.21477313	-0.4428323	0.27752143	-0.08450468	-0.48496553	0.02102951	-0.122935936	0.14288384	-0.22078493	0.070777535	0.07046085	0.03912322	0.23678008	0.22239184	-0.042805523	-0.21723619	-0.2924173	0.018278249	-0.27457875	-0.17073241	-0.31469	0.9999998	-0.038275126	-0.0938288	0.15166418	0.12926993	0.1356926	0.1485026	0.15709387
0.24349117	0.07561047	4.236795e-7	0.12240528	-0.39852732	-0.10621604	-0.3071403	0.053830575	-0.32728827	-0.35109505	-0.26127905	0.2731725	0.12609215	0.041094888	0.18764806	0.26027468	0.08399205	-0.031579744	-0.050131068	-0.11244039	0.078789495	-0.19461623	-0.038275126	0.9999997	0.077026896	-0.19915493	-0.40711078	0.23018503	-0.09976276	0.031048656
0.064054705	-0.11330528	0.15343031	-0.035321236	-0.09381819	0.06393397	-0.24554105	0.25441235	-0.028346198	-0.069206364	-0.3332363	0.14576368	0.25453556	-0.30966738	0.038134344	-0.00054824003	0.23626554	0.17451416	-0.4837374	-0.037217163	0.2720274	0.01407758	-0.0938288	0.077026896	0.99999964	-0.27581856	-0.068367995	0.12537624	-0.3127703	-0.37278655
-0.22434957	0.18348266	-0.27603078	0.10032586	0.046709873	-0.088972926	0.20701702	-0.3440954	0.16631484	0.09797545	0.29083934	-0.23072873	-0.21167985	0.21608306	0.05376188	-0.08994821	-0.39842743	-0.23202817	0.17017658	-0.07509704	-0.510469	-0.13314663	0.15166418	-0.19915493	-0.27581856	0.9999995	0.15736604	-0.059475165	0.29173678	0.2160045
-0.48184848	-0.0308438	-0.13847932	0.001708094	0.22408256	-0.02777859	0.23724625	-0.03922552	0.28277907	0.16894211	0.123487845	-0.34863928	-0.04170208	-0.0016295572	-0.06292165	-0.36999184	-0.08845493	-0.010857552	-0.0014255698	0.014617316	-0.052838273	0.0066924393	0.12926993	-0.40711078	-0.068367995	0.15736604	0.9999995	-0.22283407	0.06958757	-0.020785172
0.07412635	0.14824884	-0.14738828	0.23265283	-0.33300987	-0.34713134	-0.31547415	0.038492117	-0.040157367	-0.3765593	-0.118270606	0.24297304	0.19234025	0.0909977	0.2654146	0.11747379	0.002338176	-0.06600438	-0.14508212	-0.37867793	0.0649623	-0.37814617	0.1356926	0.23018503	0.12537624	-0.059475165	-0.22283407	0.9999995	-0.055852294	0.022832925
-0.12390616	0.2250318	-0.301912	0.13987707	-0.012217703	-0.086564116	0.12983619	-0.39170194	0.063464485	0.057112813	0.26287818	-0.07807204	-0.2729461	0.24692138	0.054148965	0.043538272	-0.39302653	-0.36441857	0.20122024	-0.13478175	-0.48626456	-0.10533714	0.1485026	-0.09976276	-0.3127703	0.29173678	0.06958757	-0.055852294	0.9999996	0.28571564
-0.054923203	0.25275397	-0.23044549	0.1972796	-0.17517743	-0.21401365	0.019120635	-0.4226036	0.010341867	-0.045957156	0.20530878	0.031195218	-0.20419227	0.2906451	0.13585573	0.12278739	-0.3608024	-0.3131285	0.17020825	-0.2277353	-0.31248862	-0.19311376	0.15709387	0.031048656	-0.37278655	0.2160045	-0.020785172	0.022832925	0.28571564	0.9999996
