1.0000001	0.03671806	-0.050857306	-0.028556954	0.08227113	-0.13038066	-0.38972038	0.17973644	0.070460305	-0.19112235	0.2841691	-0.083733656	-0.5089873	-0.25562727	-0.2583056	0.18623376	-0.09008876	0.020369647	-0.30688328	0.16560343	-0.069228925	0.023410615	-0.0010647237	-0.2250706	0.059103806	0.13890621	0.23673342	0.23121272	-0.19305477	0.067778215
0.03671806	1.0000001	0.22941281	0.25476557	-0.21293817	-0.43284622	-0.23441537	0.10675246	0.2873482	0.16520773	0.019593945	-0.49836737	-0.054164473	0.048487063	0.0835966	-0.05887321	-0.35355243	-0.10611564	-0.18850899	-0.14165883	-0.3081838	0.028019262	0.28576848	0.11095453	-0.28196308	0.014023745	0.17426756	-0.025037365	-0.20677549	0.258529
-0.050857306	0.22941281	1.0000001	0.23701441	-0.4810993	-0.21383649	-0.11037401	-0.07718539	0.22280233	0.12835611	-0.07663432	-0.23006047	0.024918748	0.16935825	0.08265247	-0.020004045	-0.170415	-0.27515757	0.021944406	-0.241221	-0.40735182	0.17020318	0.22568128	0.13192093	-0.44655916	-0.119887	0.061169274	-0.023680443	-0.037023213	0.2759561
-0.028556954	0.25476557	0.23701441	1.0000001	-0.24056293	-0.22819398	-0.13164598	0.1565222	0.29851156	0.24473152	-0.13506635	-0.26126987	-0.115264274	0.03381702	0.19390538	-0.14054708	-0.44599482	-0.134271	-0.17739156	-0.31031558	-0.27441674	0.027013939	0.22474472	0.17190996	-0.3908954	0.015426008	0.12273244	-0.085260525	-0.11279526	0.23141015
0.08227113	-0.21293817	-0.4810993	-0.24056293	1.0	0.08313523	0.029003913	0.1245507	-0.21816564	-0.0769914	0.12142792	0.19959545	-0.07939633	-0.30423474	-0.13434573	0.08058753	0.078387626	0.24132608	-0.12753382	0.12016537	0.25399095	-0.24056388	-0.33644694	-0.16126728	0.28334814	0.16511355	0.015137645	0.093854345	-0.07850378	-0.27981284
-0.13038066	-0.43284622	-0.21383649	-0.22819398	0.08313523	1.0	0.24598223	-0.19636522	-0.38906783	-0.23850168	-0.06833137	0.2745813	0.14957546	0.104618706	-0.0487945	0.020495832	0.27271637	0.02205157	0.22372268	0.14891091	0.23367389	0.053953312	-0.35131404	-0.029333571	0.17343622	-0.15672882	-0.33512145	-0.13026182	0.23147914	-0.289219
-0.38972038	-0.23441537	-0.11037401	-0.13164598	0.029003913	0.24598223	1.0	-0.24983457	-0.22669162	-0.051788155	-0.28572828	0.1928442	0.2661605	0.16361822	0.10534897	-0.13416459	0.20722196	0.052820656	0.27839643	-0.0125025045	0.18360275	-0.013390721	-0.20108725	0.0555194	0.053470645	-0.27134767	-0.42298952	-0.17128934	0.25514147	-0.18211977
0.17973644	0.10675246	-0.07718539	0.1565222	0.1245507	-0.19636522	-0.24983457	0.9999999	0.18093394	0.15232018	0.111008726	-0.11911095	-0.4187175	-0.3059881	0.03357103	-0.077545434	-0.34929165	0.084668934	-0.40867975	-0.14160526	-0.016232722	-0.18931559	0.06281572	0.04372075	-0.008538664	0.2619085	0.223327	0.045979895	-0.23013835	0.020783655
0.070460305	0.2873482	0.22280233	0.29851156	-0.21816564	-0.38906783	-0.22669162	0.18093394	0.9999998	0.22138713	-0.02162519	-0.28651154	-0.1468019	-0.036623504	0.13515002	-0.13921215	-0.35868162	-0.135196	-0.26279414	-0.21892573	-0.30702585	-0.017370015	0.2599345	0.13370813	-0.3568882	0.09980945	0.2100943	-0.030180378	-0.20376574	0.23544332
-0.19112235	0.16520773	0.12835611	0.24473152	-0.0769914	-0.23850168	-0.051788155	0.15232018	0.22138713	0.9999998	-0.25662136	-0.15167904	0.031017628	-0.019886522	0.2572411	-0.29850572	-0.2513977	-0.03258742	-0.09316435	-0.5408569	-0.08169704	-0.11732085	0.16475748	0.26523945	-0.22076364	0.10374569	0.04671893	-0.2515243	0.01682672	0.07691285
0.2841691	0.019593945	-0.07663432	-0.13506635	0.12142792	-0.06833137	-0.28572828	0.111008726	-0.02162519	-0.25662136	0.9999999	-0.01674011	-0.34951672	-0.108638056	-0.37124923	0.2561905	-0.0056157173	-0.028913904	-0.2994334	0.19200012	-0.0077389525	0.06388276	-0.064495005	-0.2992948	0.12775013	0.075445384	0.21220262	0.2774319	-0.35682356	0.011401856
-0.083733656	-0.49836737	-0.23006047	-0.26126987	0.19959545	0.2745813	0.1928442	-0.11911095	-0.28651154	-0.15167904	-0.01674011	0.99999994	0.098877594	-0.05400756	-0.13609384	0.102896184	0.2635995	0.11578479	0.12558794	0.127423	0.26768118	-0.042838145	-0.50418574	-0.12461755	0.21856955	-0.06917559	-0.16948399	0.021272698	0.12178539	-0.38258472
-0.5089873	-0.054164473	0.024918748	-0.115264274	-0.07939633	0.14957546	0.2661605	-0.4187175	-0.1468019	0.031017628	-0.34951672	0.098877594	0.9999999	0.17327459	0.101515576	-0.08430948	0.1543675	0.014540587	0.27499276	-0.11389822	0.06916891	0.008150692	-0.029444497	0.12333471	-0.001479753	-0.16219573	-0.3264362	-0.20463164	0.22306895	-0.1176917
-0.25562727	0.048487063	0.16935825	0.03381702	-0.30423474	0.104618706	0.16361822	-0.3059881	-0.036623504	-0.019886522	-0.108638056	-0.05400756	0.17327459	0.9999999	0.073333114	-0.047378145	0.08615569	-0.3537764	0.22608164	-0.02739707	-0.0763665	0.22123915	0.0141919935	0.08049738	-0.20149207	-0.49156836	-0.16038053	-0.21127848	0.16381729	0.09620306
-0.2583056	0.0835966	0.08265247	0.19390538	-0.13434573	-0.0487945	0.10534897	0.03357103	0.13515002	0.2572411	-0.37124923	-0.13609384	0.101515576	0.073333114	0.9999999	-0.54736567	-0.19008042	0.007750686	0.088544674	-0.27580717	-0.021507295	-0.15957822	0.1523525	0.26508808	-0.23332746	0.017424267	-0.12428321	-0.29237816	0.15646563	0.03923395
0.18623376	-0.05887321	-0.020004045	-0.14054708	0.08058753	0.020495832	-0.13416459	-0.077545434	-0.13921215	-0.29850572	0.2561905	0.102896184	-0.08430948	-0.047378145	-0.54736567	0.99999994	0.10563841	-0.04406451	-0.10419084	0.21917947	-0.036190018	0.14155434	-0.20445034	-0.37986484	0.09678234	-0.03392291	0.08451203	0.26697084	-0.24273184	0.032335017
-0.09008876	-0.35355243	-0.170415	-0.44599482	0.078387626	0.27271637	0.20722196	-0.34929165	-0.35868162	-0.2513977	-0.0056157173	0.2635995	0.1543675	0.08615569	-0.19008042	0.10563841	1.0	0.039756987	0.21697412	0.19583371	0.19672021	0.06970843	-0.26573077	-0.10169101	0.2008024	-0.21303941	-0.19836229	0.028184438	0.14269361	-0.26475576
0.020369647	-0.10611564	-0.27515757	-0.134271	0.24132608	0.02205157	0.052820656	0.084668934	-0.135196	-0.03258742	-0.028913904	0.11578479	0.014540587	-0.3537764	0.007750686	-0.04406451	0.039756987	1.0000001	-0.061553113	0.056690663	0.2144669	-0.51868945	-0.074250266	-0.15073465	0.23006968	0.19911914	-0.0142888	0.018590542	-0.023982786	-0.36438107
-0.30688328	-0.18850899	0.021944406	-0.17739156	-0.12753382	0.22372268	0.27839643	-0.40867975	-0.26279414	-0.09316435	-0.2994334	0.12558794	0.27499276	0.22608164	0.088544674	-0.10419084	0.21697412	-0.061553113	0.99999994	0.040966995	0.065870464	0.09338274	-0.05878536	0.07230707	-0.018888682	-0.28421164	-0.34631982	-0.21348011	0.2787281	-0.05562091
0.16560343	-0.14165883	-0.241221	-0.31031558	0.12016537	0.14891091	-0.0125025045	-0.14160526	-0.21892573	-0.5408569	0.19200012	0.127423	-0.11389822	-0.02739707	-0.27580717	0.21917947	0.19583371	0.056690663	0.040966995	0.99999994	0.11135407	0.08396566	-0.13556598	-0.41524988	0.20433573	-0.098585375	-0.06264739	0.18079275	-0.016037853	-0.09488642
-0.069228925	-0.3081838	-0.40735182	-0.27441674	0.25399095	0.23367389	0.18360275	-0.016232722	-0.30702585	-0.08169704	-0.0077389525	0.26768118	0.06916891	-0.0763665	-0.021507295	-0.036190018	0.19672021	0.2144669	0.065870464	0.11135407	0.99999994	-0.24059066	-0.40200302	-0.072136216	0.26210466	0.041388158	-0.24342552	-0.036438253	0.11655392	-0.41599923
0.023410615	0.028019262	0.17020318	0.027013939	-0.24056388	0.053953312	-0.013390721	-0.18931559	-0.017370015	-0.11732085	0.06388276	-0.042838145	0.008150692	0.22123915	-0.15957822	0.14155434	0.06970843	-0.51868945	0.09338274	0.08396566	-0.24059066	0.99999994	0.010838912	-0.01622189	-0.17939678	-0.40490296	-0.07584626	0.026640058	0.00067215814	0.19342448
-0.0010647237	0.28576848	0.22568128	0.22474472	-0.33644694	-0.35131404	-0.20108725	0.06281572	0.2599345	0.16475748	-0.064495005	-0.50418574	-0.029444497	0.0141919935	0.1523525	-0.20445034	-0.26573077	-0.074250266	-0.05878536	-0.13556598	-0.40200302	0.010838912	1.0	0.1275484	-0.21123713	0.05831534	0.14810966	-0.032046154	-0.09940723	0.23651569
-0.2250706	0.11095453	0.13192093	0.17190996	-0.16126728	-0.029333571	0.0555194	0.04372075	0.13370813	0.26523945	-0.2992948	-0.12461755	0.12333471	0.08049738	0.26508808	-0.37986484	-0.10169101	-0.15073465	0.07230707	-0.41524988	-0.072136216	-0.01622189	0.1275484	0.99999994	-0.1665069	0.0033211838	-0.16451666	-0.46559408	0.14671038	0.040353905
0.059103806	-0.28196308	-0.44655916	-0.3908954	0.28334814	0.17343622	0.053470645	-0.008538664	-0.3568882	-0.22076364	0.12775013	0.21856955	-0.001479753	-0.20149207	-0.23332746	0.09678234	0.2008024	0.23006968	-0.018888682	0.20433573	0.26210466	-0.17939678	-0.21123713	-0.1665069	0.9999999	0.092733376	-0.062200733	0.088131025	0.02109146	-0.33152252
0.13890621	0.014023745	-0.119887	0.015426008	0.16511355	-0.15672882	-0.27134767	0.2619085	0.09980945	0.10374569	0.075445384	-0.06917559	-0.16219573	-0.49156836	0.017424267	-0.03392291	-0.21303941	0.19911914	-0.28421164	-0.098585375	0.041388158	-0.40490296	0.05831534	0.0033211838	0.092733376	0.9999999	0.18570589	0.07859216	-0.12806633	-0.11729205
0.23673342	0.17426756	0.061169274	0.12273244	0.015137645	-0.33512145	-0.42298952	0.223327	0.2100943	0.04671893	0.21220262	-0.16948399	-0.3264362	-0.16038053	-0.12428321	0.08451203	-0.19836229	-0.0142888	-0.34631982	-0.06264739	-0.24342552	-0.07584626	0.14810966	-0.16451666	-0.062200733	0.18570589	0.9999998	0.20631668	-0.37338692	0.15270719
0.23121272	-0.025037365	-0.023680443	-0.085260525	0.093854345	-0.13026182	-0.17128934	0.045979895	-0.030180378	-0.2515243	0.2774319	0.021272698	-0.20463164	-0.21127848	-0.29237816	0.26697084	0.028184438	0.018590542	-0.21348011	0.18079275	-0.036438253	0.026640058	-0.032046154	-0.46559408	0.088131025	0.07859216	0.20631668	0.99999976	-0.44513765	0.05429783
-0.19305477	-0.20677549	-0.037023213	-0.11279526	-0.07850378	0.23147914	0.25514147	-0.23013835	-0.20376574	0.01682672	-0.35682356	0.12178539	0.22306895	0.16381729	0.15646563	-0.24273184	0.14269361	-0.023982786	0.2787281	-0.016037853	0.11655392	0.00067215814	-0.09940723	0.14671038	0.02109146	-0.12806633	-0.37338692	-0.44513765	0.9999997	-0.12735572
0.067778215	0.258529	0.2759561	0.23141015	-0.27981284	-0.289219	-0.18211977	0.020783655	0.23544332	0.07691285	0.011401856	-0.38258472	-0.1176917	0.09620306	0.03923395	0.032335017	-0.26475576	-0.36438107	-0.05562091	-0.09488642	-0.41599923	0.19342448	0.23651569	0.040353905	-0.33152252	-0.11729205	0.15270719	0.05429783	-0.12735572	0.9999997
