1.0000001	-0.021400651	0.056539286	0.19788933	-0.3035358	0.090054534	-0.050345007	0.15060419	-0.23608518	0.031180436	-0.40419105	0.097474754	-0.30055103	-0.107829854	-0.25458992	0.26822147	0.19620228	0.1974054	0.17311774	-0.10959928	0.16583085	-0.20825991	-0.21537322	0.008076228	-0.33914706	0.23432334	0.0012560101	-0.044195205	-0.16188347	-0.111160696
-0.021400651	1.0000002	-0.2875688	-0.1439691	0.2118309	-0.39806733	0.28669113	-0.20806764	-0.3832224	-0.31108838	-0.17201513	0.2286661	0.19446644	0.26411286	0.24525933	-0.16057637	-0.3683477	-0.20287627	-0.32008928	0.20518367	-0.33221972	0.23267758	0.21353723	0.1465211	-0.019028675	-0.13703993	-0.25045213	0.273068	0.25421637	-0.040172897
0.056539286	-0.2875688	1.0000001	0.11002675	-0.19800894	0.26243407	-0.3521351	0.26048127	0.1952492	0.21404184	0.06716361	-0.39080322	-0.34039125	-0.3915478	-0.15154964	0.10115737	0.22570094	0.24640535	0.2641185	-0.19812354	0.25318518	-0.33432353	-0.1550805	-0.20925243	0.022826638	0.1739975	0.23405352	-0.41606465	-0.3130999	0.050600424
0.19788933	-0.1439691	0.11002675	1.0	-0.1729604	0.026591461	-0.050207153	0.123100705	-0.037737906	-0.005009226	-0.23354024	0.04711961	-0.15956677	-0.13711429	-0.12774864	0.22730967	0.1946233	0.16287903	0.18764332	-0.013462427	0.12400274	-0.2347055	-0.08221755	0.15293665	-0.32744062	0.07855852	-0.15739776	-0.04880774	-0.17521612	-0.52554494
-0.3035358	0.2118309	-0.19800894	-0.1729604	1.0000001	-0.22214732	0.2064645	-0.42210415	-0.0636241	-0.3193248	0.106310666	0.07803694	0.30001068	0.27438715	0.25289127	-0.3997632	-0.3524123	-0.34734628	-0.36298287	0.21224675	-0.26808077	0.29225174	0.29450902	0.072719835	0.080537006	-0.32806382	-0.164645	0.21749441	0.28581473	0.039531328
0.090054534	-0.39806733	0.26243407	0.026591461	-0.22214732	1.0	-0.42207426	0.25920552	0.17969613	0.27461007	0.075350285	-0.20200096	-0.2925792	-0.34049758	-0.3931999	0.12914382	0.265706	0.23617944	0.2780863	-0.24945658	0.30459154	-0.33621815	-0.3299383	-0.22137111	0.06911947	0.24194229	0.26965106	-0.37548366	-0.30644208	0.12715058
-0.050345007	0.28669113	-0.3521351	-0.050207153	0.2064645	-0.42207426	1.0000001	-0.2623976	-0.22087976	-0.32001162	-0.09244589	0.20273031	0.2349492	0.27571568	0.26517963	-0.058160603	-0.33848947	-0.16533303	-0.39436233	0.17833897	-0.41148308	0.2614982	0.22788756	0.20024313	-0.03463893	-0.30810726	-0.25386843	0.28736314	0.22728617	-0.119377345
0.15060419	-0.20806764	0.26048127	0.123100705	-0.42210415	0.25920552	-0.2623976	1.0000001	0.09660426	0.21664956	-0.027490782	-0.12526551	-0.35080332	-0.43682718	-0.21560821	0.21368225	0.26493007	0.27988133	0.27824324	-0.15535757	0.2559201	-0.4379647	-0.2669424	-0.07623828	-0.036077645	0.21989244	0.18349557	-0.32694998	-0.471706	0.01714614
-0.23608518	-0.3832224	0.1952492	-0.037737906	-0.0636241	0.17969613	-0.22087976	0.09660426	1.0	0.19060257	0.2531615	-0.5555915	-0.03817437	-0.12599951	-0.11211882	-0.03146044	0.041671142	0.0918778	0.11547443	-0.19181415	0.11023186	-0.053565744	-0.09159186	-0.13780345	0.15377341	-0.034892287	0.21152875	-0.21418571	-0.21178253	0.100683354
0.031180436	-0.31108838	0.21404184	-0.005009226	-0.3193248	0.27461007	-0.32001162	0.21664956	0.19060257	1.0	0.10053716	-0.20412268	-0.22906542	-0.21392398	-0.2231343	0.14771836	0.20592684	0.23669226	0.21355926	-0.4948903	0.23401743	-0.23285908	-0.38893542	-0.26369223	0.13834928	0.22345367	0.26349387	-0.29784977	-0.2963624	0.109470055
-0.40419105	-0.17201513	0.06716361	-0.23354024	0.106310666	0.075350285	-0.09244589	-0.027490782	0.2531615	0.10053716	0.99999994	-0.23035735	0.08649493	-0.033835735	0.004774676	-0.27551728	-0.15080187	-0.053673957	-0.07309017	-0.16504724	-0.054026756	0.07894461	0.08111632	-0.16804978	0.23864189	-0.15746352	0.18275654	-0.14394942	-0.020114288	0.18039274
0.097474754	0.2286661	-0.39080322	0.04711961	0.07803694	-0.20200096	0.20273031	-0.12526551	-0.5555915	-0.20412268	-0.23035735	1.0	0.10296016	0.16624741	0.1336754	0.026452884	-0.06509981	-0.18484126	-0.17493305	0.19715089	-0.19742762	0.09914175	0.11548845	0.19490974	-0.26200086	-0.024989799	-0.3283454	0.25076282	0.16785184	-0.1628669
-0.30055103	0.19446644	-0.34039125	-0.15956677	0.30001068	-0.2925792	0.2349492	-0.35080332	-0.03817437	-0.22906542	0.08649493	0.10296016	1.0	0.28544495	0.26595807	-0.27185872	-0.2966351	-0.39519256	-0.37338665	0.22267555	-0.25115135	0.29715705	0.28044778	0.1490151	0.009863023	-0.42562848	-0.2040464	0.2542379	0.27231544	-0.026931213
-0.107829854	0.26411286	-0.3915478	-0.13711429	0.27438715	-0.34049758	0.27571568	-0.43682718	-0.12599951	-0.21392398	-0.033835735	0.16624741	0.28544495	1.0	0.25551257	-0.23722248	-0.34921253	-0.36543733	-0.41724193	0.19719605	-0.33531132	0.29808018	0.24609295	0.12185788	0.031149676	-0.21692641	-0.24454224	0.2950929	0.2982354	-0.05561416
-0.25458992	0.24525933	-0.15154964	-0.12774864	0.25289127	-0.3931999	0.26517963	-0.21560821	-0.11211882	-0.2231343	0.004774676	0.1336754	0.26595807	0.25551257	1.0000001	-0.22678286	-0.34299514	-0.20573807	-0.36500216	0.21123898	-0.43385914	0.27122948	0.2791907	0.20209253	-0.048566524	-0.34264296	-0.27610302	0.2568299	0.2181658	-0.1423193
0.26822147	-0.16057637	0.10115737	0.22730967	-0.3997632	0.12914382	-0.058160603	0.21368225	-0.03146044	0.14771836	-0.27551728	0.026452884	-0.27185872	-0.23722248	-0.22678286	1.0000002	0.24119116	0.24811698	0.22285454	-0.22541003	0.19068158	-0.27096105	-0.38603038	0.04013255	-0.22274478	0.2117532	-0.014115761	-0.10371167	-0.2516264	-0.13244009
0.19620228	-0.3683477	0.22570094	0.1946233	-0.3524123	0.265706	-0.33848947	0.26493007	0.041671142	0.20592684	-0.15080187	-0.06509981	-0.2966351	-0.34921253	-0.34299514	0.24119116	1.0000002	0.2341745	0.30580983	-0.14169121	0.3049081	-0.41842297	-0.3170843	-0.14389405	-0.04897145	0.2664021	0.13466875	-0.23418371	-0.25660488	-0.057029508
0.1974054	-0.20287627	0.24640535	0.16287903	-0.34734628	0.23617944	-0.16533303	0.27988133	0.0918778	0.23669226	-0.053673957	-0.18484126	-0.39519256	-0.36543733	-0.20573807	0.24811698	0.2341745	1.0000004	0.26486334	-0.3807604	0.22696124	-0.26445398	-0.31838092	-0.07263241	-0.076955356	0.22791277	0.19278611	-0.30003396	-0.45903426	-0.0534171
0.17311774	-0.32008928	0.2641185	0.18764332	-0.36298287	0.2780863	-0.39436233	0.27824324	0.11547443	0.21355926	-0.07309017	-0.17493305	-0.37338665	-0.41724193	-0.36500216	0.22285454	0.30580983	0.26486334	1.0000002	-0.16009524	0.30198106	-0.28985438	-0.2865464	-0.09308548	-0.06693269	0.24421656	0.16866685	-0.3146803	-0.27284163	-0.05346604
-0.10959928	0.20518367	-0.19812354	-0.013462427	0.21224675	-0.24945658	0.17833897	-0.15535757	-0.19181415	-0.4948903	-0.16504724	0.19715089	0.22267555	0.19719605	0.21123898	-0.22541003	-0.14169121	-0.3807604	-0.16009524	1.0000001	-0.15900128	0.1805264	0.23833624	0.20318125	-0.18598935	-0.23279828	-0.36970052	0.25133726	0.23394348	-0.09812548
0.16583085	-0.33221972	0.25318518	0.12400274	-0.26808077	0.30459154	-0.41148308	0.2559201	0.11023186	0.23401743	-0.054026756	-0.19742762	-0.25115135	-0.33531132	-0.43385914	0.19068158	0.3049081	0.22696124	0.30198106	-0.15900128	1.0	-0.40221927	-0.36851135	-0.19443752	-0.025890028	0.26510176	0.20455682	-0.31893063	-0.24327664	0.05389174
-0.20825991	0.23267758	-0.33432353	-0.2347055	0.29225174	-0.33621815	0.2614982	-0.4379647	-0.053565744	-0.23285908	0.07894461	0.09914175	0.29715705	0.29808018	0.27122948	-0.27096105	-0.41842297	-0.26445398	-0.28985438	0.1805264	-0.40221927	1.0	0.27429795	0.12728718	0.041531507	-0.3322748	-0.18109769	0.25415796	0.273063	0.015373937
-0.21537322	0.21353723	-0.1550805	-0.08221755	0.29450902	-0.3299383	0.22788756	-0.2669424	-0.09159186	-0.38893542	0.08111632	0.11548845	0.28044778	0.24609295	0.2791907	-0.38603038	-0.3170843	-0.31838092	-0.2865464	0.23833624	-0.36851135	0.27429795	1.0000002	0.15157099	-0.05130277	-0.40062168	-0.1522909	0.22166114	0.23925035	-0.052509036
0.008076228	0.1465211	-0.20925243	0.15293665	0.072719835	-0.22137111	0.20024313	-0.07623828	-0.13780345	-0.26369223	-0.16804978	0.19490974	0.1490151	0.12185788	0.20209253	0.04013255	-0.14389405	-0.07263241	-0.09308548	0.20318125	-0.19443752	0.12728718	0.15157099	1.0000001	-0.41042128	-0.28305155	-0.3298532	0.22604647	0.07036859	-0.46315804
-0.33914706	-0.019028675	0.022826638	-0.32744062	0.080537006	0.06911947	-0.03463893	-0.036077645	0.15377341	0.13834928	0.23864189	-0.26200086	0.009863023	0.031149676	-0.048566524	-0.22274478	-0.04897145	-0.076955356	-0.06693269	-0.18598935	-0.025890028	0.041531507	-0.05130277	-0.41042128	1.0	-0.0039067464	0.17752707	-0.12552786	0.06690474	0.2553415
0.23432334	-0.13703993	0.1739975	0.07855852	-0.32806382	0.24194229	-0.30810726	0.21989244	-0.034892287	0.22345367	-0.15746352	-0.024989799	-0.42562848	-0.21692641	-0.34264296	0.2117532	0.2664021	0.22791277	0.24421656	-0.23279828	0.26510176	-0.3322748	-0.40062168	-0.28305155	-0.0039067464	0.99999994	0.16396768	-0.20540155	-0.19209023	0.07440949
0.0012560101	-0.25045213	0.23405352	-0.15739776	-0.164645	0.26965106	-0.25386843	0.18349557	0.21152875	0.26349387	0.18275654	-0.3283454	-0.2040464	-0.24454224	-0.27610302	-0.014115761	0.13466875	0.19278611	0.16866685	-0.36970052	0.20455682	-0.18109769	-0.1522909	-0.3298532	0.17752707	0.16396768	0.99999976	-0.4152342	-0.2672825	0.22059865
-0.044195205	0.273068	-0.41606465	-0.04880774	0.21749441	-0.37548366	0.28736314	-0.32694998	-0.21418571	-0.29784977	-0.14394942	0.25076282	0.2542379	0.2950929	0.2568299	-0.10371167	-0.23418371	-0.30003396	-0.3146803	0.25133726	-0.31893063	0.25415796	0.22166114	0.22604647	-0.12552786	-0.20540155	-0.4152342	0.9999997	0.26979163	-0.17262065
-0.16188347	0.25421637	-0.3130999	-0.17521612	0.28581473	-0.30644208	0.22728617	-0.471706	-0.21178253	-0.2963624	-0.020114288	0.16785184	0.27231544	0.2982354	0.2181658	-0.2516264	-0.25660488	-0.45903426	-0.27284163	0.23394348	-0.24327664	0.273063	0.23925035	0.07036859	0.06690474	-0.19209023	-0.2672825	0.26979163	0.9999997	0.022195341
-0.111160696	-0.040172897	0.050600424	-0.52554494	0.039531328	0.12715058	-0.119377345	0.01714614	0.100683354	0.109470055	0.18039274	-0.1628669	-0.026931213	-0.05561416	-0.1423193	-0.13244009	-0.057029508	-0.0534171	-0.05346604	-0.09812548	0.05389174	0.015373937	-0.052509036	-0.46315804	0.2553415	0.07440949	0.22059865	-0.17262065	0.022195341	0.9999997
