1.0000001	0.09239515	-0.16838783	0.2748791	0.27571234	-0.26128182	0.15966001	-0.16534536	0.1916481	-0.28859714	-0.38066408	-0.2068909	-0.40014735	0.202245	-0.34110674	0.11399062	0.11675623	0.25696075	0.29754633	0.1620216	-0.40878433	-0.27864882	0.15233235	-0.032595534	0.054346308	-0.108192615	-0.2676683	-0.2557751	0.2682958	-0.054673657
0.09239515	1.0000002	0.18080705	0.06597113	-0.01542964	-0.07504966	-0.05624154	-0.4019276	0.059346464	-0.2493717	-0.35936493	0.06401717	-0.25110298	0.15258846	-0.043631513	0.043162644	-0.38041475	0.14865226	0.1066349	-0.10729933	-0.02055848	-0.112504184	0.29894897	0.27862668	0.07757581	0.014168765	-0.30703157	-0.020054264	-0.03510863	-0.14777763
-0.16838783	0.18080705	1.0000004	-0.09476702	-0.28248706	0.117466286	-0.3650114	-0.08018042	-0.050205577	0.005335857	-0.00273518	0.2431561	0.021479003	-0.07824669	0.15078878	-0.087815955	-0.35933346	-0.042727932	-0.19090407	-0.41427636	0.15539037	0.16592975	0.15492088	0.24594066	-0.0630169	0.11492064	-0.10779959	0.1468152	-0.3414032	0.026384277
0.2748791	0.06597113	-0.09476702	1.0000005	0.27858317	-0.32880428	0.23226869	-0.08849227	0.2675199	-0.2687888	-0.22811969	-0.26345858	-0.23375729	0.10377076	-0.30897856	0.2321551	0.10659805	0.26196322	0.26396948	0.17420572	-0.4661728	-0.36984047	0.12812153	-0.05978929	-0.16045845	-0.26201636	-0.1556237	-0.38760555	0.1949274	0.09178479
0.27571234	-0.01542964	-0.28248706	0.27858317	1.0000006	-0.30368635	0.24467908	-0.10832501	0.21731435	-0.17209148	-0.2460428	-0.32911974	-0.25081378	0.14538008	-0.3533433	0.20320527	0.18383305	0.19534342	0.29313084	0.25264677	-0.38244843	-0.43582496	0.042896874	-0.11817746	-0.044856917	-0.26653466	-0.08235741	-0.21003635	0.26567322	0.0032110394
-0.26128182	-0.07504966	0.117466286	-0.32880428	-0.30368635	1.0000007	-0.30852675	0.02589502	-0.4901377	0.20293632	0.15739371	0.25634652	0.15105146	-0.0072249346	0.29253146	-0.34983718	-0.09205224	-0.36395884	-0.30193815	-0.20063844	0.25581402	0.26087043	-0.12482279	0.039586402	0.122547604	0.23289925	0.10636536	0.28876987	-0.18717197	-0.11531144
0.15966001	-0.05624154	-0.3650114	0.23226869	0.24467908	-0.30852675	1.0000006	0.009012917	0.2186691	-0.11608631	-0.059668627	-0.4088737	-0.0866316	-0.027210709	-0.30382138	0.23082331	0.17906214	0.16087729	0.18702859	0.2553113	-0.22820446	-0.21007578	-0.0041092634	-0.18905091	-0.20674925	-0.3394795	0.060126044	-0.39678493	0.19474955	0.17428733
-0.16534536	-0.4019276	-0.08018042	-0.08849227	-0.10832501	0.02589502	0.009012917	1.0000007	-0.018462203	0.25910354	0.27538455	0.027755871	0.27693298	-0.4756059	0.032612465	0.02119807	0.099777065	-0.26363155	-0.18048774	0.07168054	0.12354946	0.07026775	-0.3566242	-0.29540607	-0.09891932	0.032968726	0.25606933	-0.00745423	-0.1477693	0.10646204
0.1916481	0.059346464	-0.050205577	0.2675199	0.21731435	-0.4901377	0.2186691	-0.018462203	1.0000008	-0.2518894	-0.12128117	-0.3444918	-0.11627725	0.058735408	-0.42107412	0.2301606	0.055994242	0.22358355	0.21676798	0.17391066	-0.18962142	-0.25793502	0.08054313	0.0022236553	-0.17308487	-0.23391698	-0.16555488	-0.4025237	0.14072527	0.09935232
-0.28859714	-0.2493717	0.005335857	-0.2687888	-0.17209148	0.20293632	-0.11608631	0.25910354	-0.2518894	1.000001	0.30350852	0.18198565	0.3035351	-0.3561316	0.20659232	-0.09125335	0.028107831	-0.41206247	-0.33519822	-0.09246147	0.22826564	0.18548188	-0.34306505	-0.13943158	-0.08226846	0.09821682	0.2766335	0.15095098	-0.29139712	0.059488703
-0.38066408	-0.35936493	-0.00273518	-0.22811969	-0.2460428	0.15739371	-0.059668627	0.27538455	-0.12128117	0.30350852	1.0000011	0.115691625	0.31513187	-0.33856586	0.17965673	-0.10887012	0.053982385	-0.28953782	-0.2937314	-0.04906778	0.2105727	0.19886379	-0.3722569	-0.15732996	-0.1159048	0.09601131	0.27986196	0.11186757	-0.27245528	0.09770868
-0.2068909	0.06401717	0.2431561	-0.26345858	-0.32911974	0.25634652	-0.4088737	0.027755871	-0.3444918	0.18198565	0.115691625	1.0000011	0.1517815	-0.15162194	0.2616191	-0.16227406	-0.27197498	-0.2939567	-0.25803697	-0.35624942	0.24700083	0.22762153	0.011514466	0.14828485	0.06335326	0.19797234	0.06006197	0.25890073	-0.37530127	-0.09477648
-0.40014735	-0.25110298	0.021479003	-0.23375729	-0.25081378	0.15105146	-0.0866316	0.27693298	-0.11627725	0.3035351	0.31513187	0.1517815	1.000001	-0.38395414	0.18352744	-0.034801267	0.005515582	-0.28572926	-0.3372519	-0.05833074	0.22555089	0.17698352	-0.3053906	-0.18984114	-0.089580975	0.054187253	0.27453214	0.096429095	-0.31845367	0.105469495
0.202245	0.15258846	-0.07824669	0.10377076	0.14538008	-0.0072249346	-0.027210709	-0.4756059	0.058735408	-0.3561316	-0.33856586	-0.15162194	-0.38395414	1.0000012	-0.033609234	-0.10573138	0.0446894	0.18035024	0.17755291	0.025341732	-0.15729137	-0.09782175	0.18204956	0.10552133	0.16452189	0.028459974	-0.29596645	-0.018027497	0.19422738	-0.23840582
-0.34110674	-0.043631513	0.15078878	-0.30897856	-0.3533433	0.29253146	-0.30382138	0.032612465	-0.42107412	0.20659232	0.17965673	0.2616191	0.18352744	-0.033609234	1.0000012	-0.27595276	-0.060727954	-0.19943665	-0.38993865	-0.28689343	0.24601322	0.27916768	-0.068532266	-0.002608356	0.035810493	0.23235412	0.10825613	0.2530757	-0.32168442	-0.050622422
0.11399062	0.043162644	-0.087815955	0.2321551	0.20320527	-0.34983718	0.23082331	0.02119807	0.2301606	-0.09125335	-0.10887012	-0.16227406	-0.034801267	-0.10573138	-0.27595276	1.0000012	-0.032149814	0.10123965	0.18603347	0.16294292	-0.19117129	-0.38011566	0.09568095	0.006746489	-0.23454772	-0.5346137	0.011789175	-0.29529014	0.071720384	0.17362024
0.11675623	-0.38041475	-0.35933346	0.10659805	0.18383305	-0.09205224	0.17906214	0.099777065	0.055994242	0.028107831	0.053982385	-0.27197498	0.005515582	0.0446894	-0.060727954	-0.032149814	1.0000013	0.012138456	0.067572996	0.23738833	-0.20438251	-0.12365489	-0.28171647	-0.45762807	-0.017196171	-0.059269268	0.087611936	-0.1828355	0.17916197	0.065178774
0.25696075	0.14865226	-0.042727932	0.26196322	0.19534342	-0.36395884	0.16087729	-0.26363155	0.22358355	-0.41206247	-0.28953782	-0.2939567	-0.28572926	0.18035024	-0.19943665	0.10123965	0.012138456	1.0000013	0.2315207	0.06722101	-0.42871723	-0.13450094	0.19801146	0.071697235	-0.06755331	-0.08952889	-0.21975297	-0.26165703	0.19044045	0.052795928
0.29754633	0.1066349	-0.19090407	0.26396948	0.29313084	-0.30193815	0.18702859	-0.18048774	0.21676798	-0.33519822	-0.2937314	-0.25803697	-0.3372519	0.17755291	-0.38993865	0.18603347	0.067572996	0.2315207	1.0000013	0.20226794	-0.3335791	-0.40111136	0.14826174	0.025946157	0.07228738	-0.22787239	-0.22827612	-0.17966057	0.26712275	-0.08561313
0.1620216	-0.10729933	-0.41427636	0.17420572	0.25264677	-0.20063844	0.2553113	0.07168054	0.17391066	-0.09246147	-0.04906778	-0.35624942	-0.05833074	0.025341732	-0.28689343	0.16294292	0.23738833	0.06722101	0.20226794	1.0000012	-0.14812958	-0.35849187	-0.14254798	-0.27733213	0.035015382	-0.2387385	0.018707722	-0.3118744	0.22178742	-0.018086199
-0.40878433	-0.02055848	0.15539037	-0.4661728	-0.38244843	0.25581402	-0.22820446	0.12354946	-0.18962142	0.22826564	0.2105727	0.24700083	0.22555089	-0.15729137	0.24601322	-0.19117129	-0.20438251	-0.42871723	-0.3335791	-0.14812958	1.0000011	0.24737768	-0.124956846	0.03346867	0.039645165	0.1783022	0.11843083	0.2374813	-0.22892179	-0.033885088
-0.27864882	-0.112504184	0.16592975	-0.36984047	-0.43582496	0.26087043	-0.21007578	0.07026775	-0.25793502	0.18548188	0.19886379	0.22762153	0.17698352	-0.09782175	0.27916768	-0.38011566	-0.12365489	-0.13450094	-0.40111136	-0.35849187	0.24737768	1.000001	-0.11168003	0.047081713	0.00089093193	0.23374224	0.12134398	0.23250236	-0.18852651	0.01264942
0.15233235	0.29894897	0.15492088	0.12812153	0.042896874	-0.12482279	-0.0041092634	-0.3566242	0.08054313	-0.34306505	-0.3722569	0.011514466	-0.3053906	0.18204956	-0.068532266	0.09568095	-0.28171647	0.19801146	0.14826174	-0.14254798	-0.124956846	-0.11168003	1.000001	0.2568484	0.04472913	-0.10937846	-0.401107	-0.035078146	0.049729057	-0.06328569
-0.032595534	0.27862668	0.24594066	-0.05978929	-0.11817746	0.039586402	-0.18905091	-0.29540607	0.0022236553	-0.13943158	-0.15732996	0.14828485	-0.18984114	0.10552133	-0.002608356	0.006746489	-0.45762807	0.071697235	0.025946157	-0.27733213	0.03346867	0.047081713	0.2568484	1.0000011	0.09749609	0.009208396	-0.22829011	0.09754833	-0.1519536	-0.16675404
0.054346308	0.07757581	-0.0630169	-0.16045845	-0.044856917	0.122547604	-0.20674925	-0.09891932	-0.17308487	-0.08226846	-0.1159048	0.06335326	-0.089580975	0.16452189	0.035810493	-0.23454772	-0.017196171	-0.06755331	0.07228738	0.035015382	0.039645165	0.00089093193	0.04472913	0.09749609	1.0000008	0.20279999	-0.27801505	0.17970909	0.059225734	-0.61776304
-0.108192615	0.014168765	0.11492064	-0.26201636	-0.26653466	0.23289925	-0.3394795	0.032968726	-0.23391698	0.09821682	0.09601131	0.19797234	0.054187253	0.028459974	0.23235412	-0.5346137	-0.059269268	-0.08952889	-0.22787239	-0.2387385	0.1783022	0.23374224	-0.10937846	0.009208396	0.20279999	1.0000007	-0.06299583	0.25241604	-0.12780252	-0.3182566
-0.2676683	-0.30703157	-0.10779959	-0.1556237	-0.08235741	0.10636536	0.060126044	0.25606933	-0.16555488	0.2766335	0.27986196	0.06006197	0.27453214	-0.29596645	0.10825613	0.011789175	0.087611936	-0.21975297	-0.22827612	0.018707722	0.11843083	0.12134398	-0.401107	-0.22829011	-0.27801505	-0.06299583	1.0000008	0.003140832	-0.18007223	0.19760059
-0.2557751	-0.020054264	0.1468152	-0.38760555	-0.21003635	0.28876987	-0.39678493	-0.00745423	-0.4025237	0.15095098	0.11186757	0.25890073	0.096429095	-0.018027497	0.2530757	-0.29529014	-0.1828355	-0.26165703	-0.17966057	-0.3118744	0.2374813	0.23250236	-0.035078146	0.09754833	0.17970909	0.25241604	0.003140832	1.000001	-0.10692859	-0.23797946
0.2682958	-0.03510863	-0.3414032	0.1949274	0.26567322	-0.18717197	0.19474955	-0.1477693	0.14072527	-0.29139712	-0.27245528	-0.37530127	-0.31845367	0.19422738	-0.32168442	0.071720384	0.17916197	0.19044045	0.26712275	0.22178742	-0.22892179	-0.18852651	0.049729057	-0.1519536	0.059225734	-0.12780252	-0.18007223	-0.10692859	1.000001	-0.022782959
-0.054673657	-0.14777763	0.026384277	0.09178479	0.0032110394	-0.11531144	0.17428733	0.10646204	0.09935232	0.059488703	0.09770868	-0.09477648	0.105469495	-0.23840582	-0.050622422	0.17362024	0.065178774	0.052795928	-0.08561313	-0.018086199	-0.033885088	0.01264942	-0.06328569	-0.16675404	-0.61776304	-0.3182566	0.19760059	-0.23797946	-0.022782959	1.000001
