1.0000001	0.12138259	-0.40585995	-0.4190075	-0.08133191	0.24799342	-0.3481057	-0.18425165	0.12688246	0.20663932	0.27056724	0.11478608	-0.32945332	0.247246	0.15045556	-0.3917837	-0.12500615	-0.18620084	0.08938006	-0.07505391	0.26785913	0.052246585	-0.043912172	-0.16122356	0.19743693	-0.064623795	0.23608018	-0.2037558	0.10298795	-0.41234678
0.12138259	1.0000004	-0.022145731	-0.17466532	-0.4246857	-0.032185152	0.07116132	0.14757372	0.2849078	0.26743513	0.035000518	0.28844875	-0.34925658	0.21385314	-0.232186	-0.082021825	-0.28435916	-0.24036404	0.2848037	0.17689078	0.10909458	-0.27670404	0.1986324	-0.15605658	-0.16550817	-0.36807665	-0.078317225	-0.35136095	0.21182635	-0.17308201
-0.40585995	-0.022145731	1.0000002	0.2940315	-0.057536684	-0.4165968	0.28651586	0.2527516	-0.027521359	-0.14070177	-0.42654073	-0.0033237291	0.2006215	-0.17185923	-0.3027486	0.30505905	-0.003614019	0.022831079	0.024352102	0.13786587	-0.30557638	-0.15380925	0.17762163	0.14347434	-0.34149197	-0.026954513	-0.39337212	0.091037735	-0.010580791	0.2741003
-0.4190075	-0.17466532	0.2940315	1.0000001	0.03472717	-0.3095524	0.2485302	0.19175057	-0.08381068	-0.224039	-0.40520975	-0.14045088	0.25385723	-0.3202184	-0.18351562	0.29954028	0.055241667	0.102477066	-0.12659627	0.031226018	-0.29404232	-0.12057758	0.12057308	0.18061942	-0.206879	0.05968845	-0.34656072	0.19777709	-0.0190453	0.30415645
-0.08133191	-0.4246857	-0.057536684	0.03472717	1.0	0.06451566	-0.09581311	-0.28988925	-0.37642145	-0.27530876	0.061694875	-0.34435418	0.18354039	-0.27230564	0.16601823	0.012680892	0.29656675	0.2675529	-0.24731065	-0.08876496	-0.08391097	0.2658974	-0.3523308	0.16691014	0.10159696	0.29827994	0.12891269	0.22952649	-0.3641547	0.07571433
0.24799342	-0.032185152	-0.4165968	-0.3095524	0.06451566	0.99999994	-0.30604684	-0.3228168	-0.053628165	-0.0067282533	0.2802913	-0.016975006	-0.17685686	0.15038994	0.28516564	-0.2651934	0.07467303	0.012370473	-0.11160588	-0.3164643	0.20663601	0.16357818	-0.2893833	-0.087426595	0.29311982	0.092356846	0.2976729	-0.022992	-0.028152937	-0.40612957
-0.3481057	0.07116132	0.28651586	0.2485302	-0.09581311	-0.30604684	0.9999997	0.2775439	0.058357324	-0.03947774	-0.3609691	0.055045456	0.08913859	-0.1012411	-0.22895359	0.25791076	-0.12755086	-0.03890248	0.090349846	0.19763021	-0.2536923	-0.33272025	0.22470966	0.018212989	-0.38673133	-0.15934838	-0.3979169	-0.0055113807	0.06719056	0.24071878
-0.18425165	0.14757372	0.2527516	0.19175057	-0.28988925	-0.3228168	0.2775439	0.9999995	0.12251367	0.08398055	-0.38581368	0.13880505	0.029706592	-0.09597619	-0.39899606	0.21984056	-0.17011477	-0.101942234	0.13855985	0.22577973	-0.15573987	-0.23167332	0.30030444	-0.055492185	-0.3129523	-0.2557595	-0.3791107	-0.091396116	0.11926713	0.18358254
0.12688246	0.2849078	-0.027521359	-0.08381068	-0.37642145	-0.053628165	0.058357324	0.12251367	0.99999946	0.29236984	0.04090748	0.29771945	-0.2999848	0.24337707	-0.14649594	-0.14518419	-0.30338302	-0.37560105	0.27920586	0.2041438	0.16136332	-0.31249112	0.20429486	-0.38671947	-0.15592805	-0.3664864	-0.061818108	-0.32307094	0.24632981	-0.14378798
0.20663932	0.26743513	-0.14070177	-0.224039	-0.27530876	-0.0067282533	-0.03947774	0.08398055	0.29236984	0.9999994	0.09521204	0.2800616	-0.27668634	0.26513544	-0.08555174	-0.2298568	-0.36334625	-0.34975597	0.28285143	0.17891118	0.21237455	-0.11806476	0.15967825	-0.33165312	-0.07571145	-0.36631915	0.008224249	-0.43185517	0.20140259	-0.21918158
0.27056724	0.035000518	-0.42654073	-0.40520975	0.061694875	0.2802913	-0.3609691	-0.38581368	0.04090748	0.09521204	0.9999994	0.011810463	-0.27577326	0.17568268	0.23937649	-0.3670127	0.03637556	-0.0050990297	0.0016805502	-0.10905312	0.25703573	0.14579432	-0.2787894	-0.13597691	0.23188896	0.038548052	0.29198354	-0.14080016	-0.05973116	-0.26305598
0.11478608	0.28844875	-0.0033237291	-0.14045088	-0.34435418	-0.016975006	0.055045456	0.13880505	0.29771945	0.2800616	0.011810463	0.9999994	-0.1949279	0.24773642	-0.136956	-0.073460236	-0.32027528	-0.35890344	0.29523018	0.15270185	0.11030403	-0.32182902	0.18316452	-0.26368436	-0.089538544	-0.46721068	-0.11882301	-0.371134	0.25668412	-0.21060789
-0.32945332	-0.34925658	0.2006215	0.25385723	0.18354039	-0.17685686	0.08913859	0.029706592	-0.2999848	-0.27668634	-0.27577326	-0.1949279	0.9999995	-0.32144302	-0.051786266	0.2520441	0.20472151	0.21818748	-0.25783142	-0.11931966	-0.43960014	0.085315034	-0.06483553	0.26810938	-0.087217614	0.18901852	-0.08210244	0.2740237	-0.14142282	0.2202357
0.247246	0.21385314	-0.17185923	-0.3202184	-0.27230564	0.15038994	-0.1012411	-0.09597619	0.24337707	0.26513544	0.17568268	0.24773642	-0.32144302	0.9999995	0.07951723	-0.2692417	-0.32368168	-0.3547936	0.22422677	0.00012337355	0.2607291	-0.13959908	0.018868715	-0.3174313	0.099193685	-0.22050425	0.10733034	-0.33261815	0.20729233	-0.29974988
0.15045556	-0.232186	-0.3027486	-0.18351562	0.16601823	0.28516564	-0.22895359	-0.39899606	-0.14649594	-0.08555174	0.23937649	-0.136956	-0.051786266	0.07951723	0.99999964	-0.28461713	0.13352115	0.10483934	-0.21179287	-0.3571393	0.14539067	0.18733442	-0.45268813	0.032043554	0.28842983	0.18391508	0.26999563	0.07648555	-0.06045517	-0.20857099
-0.3917837	-0.082021825	0.30505905	0.29954028	0.012680892	-0.2651934	0.25791076	0.21984056	-0.14518419	-0.2298568	-0.3670127	-0.073460236	0.2520441	-0.2692417	-0.28461713	0.9999996	0.07403186	0.10390884	-0.09352608	0.07731343	-0.42031357	-0.07544083	0.1254535	0.1952601	-0.27402386	0.027315047	-0.3245514	0.16111794	-0.09569376	0.28047982
-0.12500615	-0.28435916	-0.003614019	0.055241667	0.29656675	0.07467303	-0.12755086	-0.17011477	-0.30338302	-0.36334625	0.03637556	-0.32027528	0.20472151	-0.32368168	0.13352115	0.07403186	0.9999997	0.30770358	-0.34626192	-0.13543853	-0.16265456	0.26178136	-0.33458993	0.20784879	0.08080852	0.29997462	0.11210692	0.2466443	-0.45293006	0.061243124
-0.18620084	-0.24036404	0.022831079	0.102477066	0.2675529	0.012370473	-0.03890248	-0.101942234	-0.37560105	-0.34975597	-0.0050990297	-0.35890344	0.21818748	-0.3547936	0.10483934	0.10390884	0.30770358	0.99999976	-0.43379274	-0.19006072	-0.16487941	0.23207618	-0.20339517	0.22025593	0.07993906	0.29085636	0.079088025	0.27286252	-0.44186035	0.13063781
0.08938006	0.2848037	0.024352102	-0.12659627	-0.24731065	-0.11160588	0.090349846	0.13855985	0.27920586	0.28285143	0.0016805502	0.29523018	-0.25783142	0.22422677	-0.21179287	-0.09352608	-0.34626192	-0.43379274	0.9999997	0.19941482	0.118763514	-0.22414084	0.20458001	-0.16509937	-0.1281492	-0.3977582	-0.1427797	-0.44435233	0.22611326	-0.12849358
-0.07505391	0.17689078	0.13786587	0.031226018	-0.08876496	-0.3164643	0.19763021	0.22577973	0.2041438	0.17891118	-0.10905312	0.15270185	-0.11931966	0.00012337355	-0.3571393	0.07731343	-0.13543853	-0.19006072	0.19941482	0.9999996	-0.0211764	-0.16431645	0.22492732	-0.24106899	-0.49520773	-0.1995819	-0.19350027	-0.2502454	0.056777224	0.09270842
0.26785913	0.10909458	-0.30557638	-0.29404232	-0.08391097	0.20663601	-0.2536923	-0.15573987	0.16136332	0.21237455	0.25703573	0.11030403	-0.43960014	0.2607291	0.14539067	-0.42031357	-0.16265456	-0.16487941	0.118763514	-0.0211764	0.99999946	0.032257732	-0.06790647	-0.4434764	0.177952	-0.094903	0.1968301	-0.21957412	0.08340496	-0.21251701
0.052246585	-0.27670404	-0.15380925	-0.12057758	0.2658974	0.16357818	-0.33272025	-0.23167332	-0.31249112	-0.11806476	0.14579432	-0.32182902	0.085315034	-0.13959908	0.18733442	-0.07544083	0.26178136	0.23207618	-0.22414084	-0.16431645	0.032257732	0.99999946	-0.27905568	0.07641695	0.18311822	0.2582627	0.23232374	0.14063095	-0.484537	-0.08204077
-0.043912172	0.1986324	0.17762163	0.12057308	-0.3523308	-0.2893833	0.22470966	0.30030444	0.20429486	0.15967825	-0.2787894	0.18316452	-0.06483553	0.018868715	-0.45268813	0.1254535	-0.33458993	-0.20339517	0.20458001	0.22492732	-0.06790647	-0.27905568	0.9999994	-0.15980811	-0.22548008	-0.27258363	-0.2764912	-0.15025222	0.1884996	0.120222874
-0.16122356	-0.15605658	0.14347434	0.18061942	0.16691014	-0.087426595	0.018212989	-0.055492185	-0.38671947	-0.33165312	-0.13597691	-0.26368436	0.26810938	-0.3174313	0.032043554	0.1952601	0.20784879	0.22025593	-0.16509937	-0.24106899	-0.4434764	0.07641695	-0.15980811	0.9999996	-0.020077325	0.20899913	-0.093759395	0.25746232	-0.11285731	0.15622494
0.19743693	-0.16550817	-0.34149197	-0.206879	0.10159696	0.29311982	-0.38673133	-0.3129523	-0.15592805	-0.07571145	0.23188896	-0.089538544	-0.087217614	0.099193685	0.28842983	-0.27402386	0.08080852	0.07993906	-0.1281492	-0.49520773	0.177952	0.18311822	-0.22548008	-0.020077325	0.9999996	0.14373408	0.27018577	0.06824169	-0.03684598	-0.21386707
-0.064623795	-0.36807665	-0.026954513	0.05968845	0.29827994	0.092356846	-0.15934838	-0.2557595	-0.3664864	-0.36631915	0.038548052	-0.46721068	0.18901852	-0.22050425	0.18391508	0.027315047	0.29997462	0.29085636	-0.3977582	-0.1995819	-0.094903	0.2582627	-0.27258363	0.20899913	0.14373408	0.9999998	0.12447688	0.27900174	-0.3073963	0.073119275
0.23608018	-0.078317225	-0.39337212	-0.34656072	0.12891269	0.2976729	-0.3979169	-0.3791107	-0.061818108	0.008224249	0.29198354	-0.11882301	-0.08210244	0.10733034	0.26999563	-0.3245514	0.11210692	0.079088025	-0.1427797	-0.19350027	0.1968301	0.23232374	-0.2764912	-0.093759395	0.27018577	0.12447688	0.9999996	0.0021264658	-0.13107249	-0.33712828
-0.2037558	-0.35136095	0.091037735	0.19777709	0.22952649	-0.022992	-0.0055113807	-0.091396116	-0.32307094	-0.43185517	-0.14080016	-0.371134	0.2740237	-0.33261815	0.07648555	0.16111794	0.2466443	0.27286252	-0.44435233	-0.2502454	-0.21957412	0.14063095	-0.15025222	0.25746232	0.06824169	0.27900174	0.0021264658	0.9999995	-0.13822556	0.18024442
0.10298795	0.21182635	-0.010580791	-0.0190453	-0.3641547	-0.028152937	0.06719056	0.11926713	0.24632981	0.20140259	-0.05973116	0.25668412	-0.14142282	0.20729233	-0.06045517	-0.09569376	-0.45293006	-0.44186035	0.22611326	0.056777224	0.08340496	-0.484537	0.1884996	-0.11285731	-0.03684598	-0.3073963	-0.13107249	-0.13822556	0.9999995	-0.08279474
-0.41234678	-0.17308201	0.2741003	0.30415645	0.07571433	-0.40612957	0.24071878	0.18358254	-0.14378798	-0.21918158	-0.26305598	-0.21060789	0.2202357	-0.29974988	-0.20857099	0.28047982	0.061243124	0.13063781	-0.12849358	0.09270842	-0.21251701	-0.08204077	0.120222874	0.15622494	-0.21386707	0.073119275	-0.33712828	0.18024442	-0.08279474	0.9999995
