1.0000002	0.053470425	0.15707153	0.12564069	0.16600314	0.14131263	0.01978689	0.21200784	-0.01450457	-0.39834347	0.17162809	0.13676931	-0.4863959	-0.009204129	0.1336855	-0.16233444	0.05835527	-0.13320126	-0.3513527	-0.1217344	0.10384047	0.18314667	0.04521777	-0.14066763	-0.3490478	-0.20024407	-0.27216452	-0.14578871	-0.09030272	0.16740306
0.053470425	1.0000004	-0.31534812	0.16935915	-0.049316507	-0.1767972	-0.29473335	-0.21421768	0.2540062	0.10565922	0.008631911	-0.24517389	-0.06559789	0.20055786	-0.1140431	0.0018366029	0.22732699	-0.25067967	-0.009561754	0.10986094	0.17030548	-0.2362974	-0.23473425	-0.2570226	-0.017423041	0.2396899	-0.11539043	0.06859774	-0.090890594	0.07796888
0.15707153	-0.31534812	1.0000004	0.036705356	0.20991464	0.26961303	0.06983583	0.29704764	-0.34325507	-0.3752903	0.17750365	0.2850573	-0.20042177	-0.13939333	0.21504843	-0.13643615	-0.11204842	0.0071518975	-0.24995881	-0.35989463	0.03859593	0.2889028	0.16776006	0.100635074	-0.23687589	-0.44061238	-0.07001965	-0.2778794	-0.1732958	0.10993646
0.12564069	0.16935915	0.036705356	1.0000002	0.027324982	0.035048027	-0.46417966	0.07712922	0.07236062	-0.092100695	0.25075355	-0.036590803	-0.068741836	0.17418751	0.10818841	-0.23793305	0.21933112	-0.19799328	-0.25235072	-0.18342695	0.30757245	0.07311266	-0.03787386	-0.31680974	-0.2701668	-0.006651101	-0.33490685	-0.12018199	-0.2597436	0.20299801
0.16600314	-0.049316507	0.20991464	0.027324982	1.0000001	0.2391119	0.099571206	0.26112947	-0.2950975	-0.23448569	0.1430116	0.27325812	-0.39871484	-0.21394172	0.18571581	-0.24878718	0.033452276	-0.27520353	-0.25968814	-0.2418409	-0.002056948	0.19682738	0.24190925	0.091446295	-0.10471398	-0.20206857	-0.1638714	-0.40744334	-0.29614478	0.22475144
0.14131263	-0.1767972	0.26961303	0.035048027	0.2391119	1.0	0.10901016	0.2721915	-0.46009812	-0.29084182	0.21695086	0.25688887	-0.15245894	-0.14900032	0.25576916	-0.36287707	-0.08056617	-0.052420065	-0.30110765	-0.37351814	0.0451657	0.27958557	0.14712352	0.09749226	-0.28926027	-0.22267175	-0.13283193	-0.2893882	-0.14967978	0.1183106
0.01978689	-0.29473335	0.06983583	-0.46417966	0.099571206	0.10901016	1.0000001	0.079976216	-0.1928294	-0.070075296	-0.1894147	0.16557823	-0.053778056	-0.29125962	0.059914064	0.030160556	-0.3135105	0.12210013	0.063860305	0.011601986	-0.4095891	0.073344715	0.13336353	0.2534431	0.04608361	-0.11148675	0.17364772	-0.03427277	0.05515605	-0.14126813
0.21200784	-0.21421768	0.29704764	0.07712922	0.26112947	0.2721915	0.079976216	1.0000002	-0.25914842	-0.32613	0.19716194	0.30799338	-0.33973393	-0.2037247	0.19775404	-0.18282011	-0.05763821	-0.083928235	-0.37655324	-0.28074792	0.016292147	0.27072093	0.21375886	0.06918984	-0.26965374	-0.31987754	-0.153123	-0.39234558	-0.20368224	0.19103506
-0.01450457	0.2540062	-0.34325507	0.07236062	-0.2950975	-0.46009812	-0.1928294	-0.25914842	1.0000004	0.17237608	-0.12110651	-0.28424305	0.05542301	0.17235209	-0.30181453	0.15175076	0.17729577	-0.0624935	0.11806173	0.22603574	0.06718878	-0.22888026	-0.19531035	-0.27406868	0.101630405	0.27095714	-0.04179792	0.17821722	0.059095837	-0.002077407
-0.39834347	0.10565922	-0.3752903	-0.092100695	-0.23448569	-0.29084182	-0.070075296	-0.32613	0.17237608	1.0000001	-0.33433288	-0.29931396	0.24148686	0.014392449	-0.3006119	0.2411872	-0.00886212	0.11687418	0.28899387	0.2717318	-0.0862036	-0.40335026	-0.10736816	0.04001008	0.26881304	0.21946645	0.1566362	0.252425	0.19367784	-0.25640118
0.17162809	0.008631911	0.17750365	0.25075355	0.1430116	0.21695086	-0.1894147	0.19716194	-0.12110651	-0.33433288	1.0	0.12855636	-0.12966721	0.097226754	0.23806822	-0.46313146	0.08358771	-0.19404455	-0.3672431	-0.31705415	0.22497967	0.24439265	0.061470162	-0.15882418	-0.39080998	-0.10288297	-0.17108041	-0.27469698	-0.25318614	0.22360992
0.13676931	-0.24517389	0.2850573	-0.036590803	0.27325812	0.25688887	0.16557823	0.30799338	-0.28424305	-0.29931396	0.12855636	1.0000001	-0.30260718	-0.2604741	0.16171268	-0.11151115	-0.12099661	-0.061342124	-0.2638559	-0.2782837	-0.07438092	0.23847723	0.24733788	0.15359506	-0.16515	-0.29223356	-0.08202367	-0.3794044	-0.266649	0.1690673
-0.4863959	-0.06559789	-0.20042177	-0.068741836	-0.39871484	-0.15245894	-0.053778056	-0.33973393	0.05542301	0.24148686	-0.12966721	-0.30260718	1.0000001	0.086000435	-0.066177405	0.14252956	-0.07832722	0.15253778	0.2584042	0.14711197	-0.017251104	-0.21945867	-0.18248264	0.017614966	0.16871865	0.1201558	0.17746028	0.2521541	0.19866753	-0.25644067
-0.009204129	0.20055786	-0.13939333	0.17418751	-0.21394172	-0.14900032	-0.29125962	-0.2037247	0.17235209	0.014392449	0.097226754	-0.2604741	0.086000435	1.0000001	0.027384333	-0.07355328	0.1392361	-0.04540663	0.012699121	0.011419378	0.21427014	0.0051061977	-0.5045314	-0.40394518	-0.07812179	0.1586431	-0.064344406	0.12233311	0.0044550397	-0.0033172856
0.1336855	-0.1140431	0.21504843	0.10818841	0.18571581	0.25576916	0.059914064	0.19775404	-0.30181453	-0.3006119	0.23806822	0.16171268	-0.066177405	0.027384333	1.0000004	-0.43891433	-0.043307327	-0.26461402	-0.20548101	-0.3759095	0.11941388	0.27118644	0.080245174	-0.020259429	-0.29012462	-0.32495815	-0.087839566	-0.16078384	-0.18569125	0.12649453
-0.16233444	0.0018366029	-0.13643615	-0.23793305	-0.24878718	-0.36287707	0.030160556	-0.18282011	0.15175076	0.2411872	-0.46313146	-0.11151115	0.14252956	-0.07355328	-0.43891433	1.0000002	-0.1052791	0.19279328	0.25497922	0.2686762	-0.17396641	-0.3388767	-0.12591258	0.09099297	0.24174704	0.114555106	0.17348173	0.2141478	0.21464533	-0.17111094
0.05835527	0.22732699	-0.11204842	0.21933112	0.033452276	-0.08056617	-0.3135105	-0.05763821	0.17729577	-0.00886212	0.08358771	-0.12099661	-0.07832722	0.1392361	-0.043307327	-0.1052791	1.0000004	-0.337053	-0.11874371	-0.033755165	0.22145304	-0.07724428	-0.058357835	-0.3377258	0.020092623	0.16451514	-0.49974996	-0.05280275	-0.07867351	0.17003022
-0.13320126	-0.25067967	0.0071518975	-0.19799328	-0.27520353	-0.052420065	0.12210013	-0.083928235	-0.0624935	0.11687418	-0.19404455	-0.061342124	0.15253778	-0.04540663	-0.26461402	0.19279328	-0.337053	1.0000004	0.18744126	0.112424694	-0.28463247	-0.052265715	-0.090501964	0.15163979	0.14450182	-0.03489184	0.2460022	0.18012974	0.24674183	-0.43962517
-0.3513527	-0.009561754	-0.24995881	-0.25235072	-0.25968814	-0.30110765	0.063860305	-0.37655324	0.11806173	0.28899387	-0.3672431	-0.2638559	0.2584042	0.012699121	-0.20548101	0.25497922	-0.11874371	0.18744126	1.0000005	0.2607133	-0.18841217	-0.30066228	-0.19223383	0.098521374	0.26736355	0.15738778	0.23660368	0.2805274	0.24573223	-0.29402474
-0.1217344	0.10986094	-0.35989463	-0.18342695	-0.2418409	-0.37351814	0.011601986	-0.28074792	0.22603574	0.2717318	-0.31705415	-0.2782837	0.14711197	0.011419378	-0.3759095	0.2686762	-0.033755165	0.112424694	0.2607133	1.0000005	-0.18305168	-0.44960546	-0.08034031	-0.034942895	0.25309286	0.23559047	0.1595304	0.24720222	0.18735631	-0.18819107
0.10384047	0.17030548	0.03859593	0.30757245	-0.002056948	0.0451657	-0.4095891	0.016292147	0.06718878	-0.0862036	0.22497967	-0.07438092	-0.017251104	0.21427014	0.11941388	-0.17396641	0.22145304	-0.28463247	-0.18841217	-0.18305168	1.0000004	0.085610695	-0.1322478	-0.3628111	-0.29745513	0.032372404	-0.3442666	-0.055013657	-0.22726278	0.1915572
0.18314667	-0.2362974	0.2889028	0.07311266	0.19682738	0.27958557	0.073344715	0.27072093	-0.22888026	-0.40335026	0.24439265	0.23847723	-0.21945867	0.0051061977	0.27118644	-0.3388767	-0.07724428	-0.052265715	-0.30066228	-0.44960546	0.085610695	1.0000004	0.091923654	0.002343601	-0.31004953	-0.31575894	-0.09918602	-0.25505054	-0.16105597	0.14309397
0.04521777	-0.23473425	0.16776006	-0.03787386	0.24190925	0.14712352	0.13336353	0.21375886	-0.19531035	-0.10736816	0.061470162	0.24733788	-0.18248264	-0.5045314	0.080245174	-0.12591258	-0.058357835	-0.090501964	-0.19223383	-0.08034031	-0.1322478	0.091923654	1.0000002	0.15206483	0.029925872	-0.18870984	-0.017421758	-0.29900408	-0.30455944	0.13953008
-0.14066763	-0.2570226	0.100635074	-0.31680974	0.091446295	0.09749226	0.2534431	0.06918984	-0.27406868	0.04001008	-0.15882418	0.15359506	0.017614966	-0.40394518	-0.020259429	0.09099297	-0.3377258	0.15163979	0.098521374	-0.034942895	-0.3628111	0.002343601	0.15206483	1.0000002	0.109221905	-0.26857424	0.19209103	-0.0448058	0.101802096	-0.10160483
-0.3490478	-0.017423041	-0.23687589	-0.2701668	-0.10471398	-0.28926027	0.04608361	-0.26965374	0.101630405	0.26881304	-0.39080998	-0.16515	0.16871865	-0.07812179	-0.29012462	0.24174704	0.020092623	0.14450182	0.26736355	0.25309286	-0.29745513	-0.31004953	0.029925872	0.109221905	1.0	0.14697608	0.14685874	0.17437981	0.16452259	-0.21501948
-0.20024407	0.2396899	-0.44061238	-0.006651101	-0.20206857	-0.22267175	-0.11148675	-0.31987754	0.27095714	0.21946645	-0.10288297	-0.29223356	0.1201558	0.1586431	-0.32495815	0.114555106	0.16451514	-0.03489184	0.15738778	0.23559047	0.032372404	-0.31575894	-0.18870984	-0.26857424	0.14697608	0.99999976	-0.018426204	0.16536403	0.04344333	-0.019023461
-0.27216452	-0.11539043	-0.07001965	-0.33490685	-0.1638714	-0.13283193	0.17364772	-0.153123	-0.04179792	0.1566362	-0.17108041	-0.08202367	0.17746028	-0.064344406	-0.087839566	0.17348173	-0.49974996	0.2460022	0.23660368	0.1595304	-0.3442666	-0.09918602	-0.017421758	0.19209103	0.14685874	-0.018426204	1.0000001	0.16946974	0.18541953	-0.34871417
-0.14578871	0.06859774	-0.2778794	-0.12018199	-0.40744334	-0.2893882	-0.03427277	-0.39234558	0.17821722	0.252425	-0.27469698	-0.3794044	0.2521541	0.12233311	-0.16078384	0.2141478	-0.05280275	0.18012974	0.2805274	0.24720222	-0.055013657	-0.25505054	-0.29900408	-0.0448058	0.17437981	0.16536403	0.16946974	1.0	0.2715268	-0.38756266
-0.09030272	-0.090890594	-0.1732958	-0.2597436	-0.29614478	-0.14967978	0.05515605	-0.20368224	0.059095837	0.19367784	-0.25318614	-0.266649	0.19866753	0.0044550397	-0.18569125	0.21464533	-0.07867351	0.24674183	0.24573223	0.18735631	-0.22726278	-0.16105597	-0.30455944	0.101802096	0.16452259	0.04344333	0.18541953	0.2715268	1.0	-0.4313832
0.16740306	0.07796888	0.10993646	0.20299801	0.22475144	0.1183106	-0.14126813	0.19103506	-0.002077407	-0.25640118	0.22360992	0.1690673	-0.25644067	-0.0033172856	0.12649453	-0.17111094	0.17003022	-0.43962517	-0.29402474	-0.18819107	0.1915572	0.14309397	0.13953008	-0.10160483	-0.21501948	-0.019023461	-0.34871417	-0.38756266	-0.4313832	1.0
