1.0000001	-0.07937599	0.17242183	-0.022215948	-0.34863532	0.10293507	-0.31953895	-0.21577233	0.2710284	0.24062867	-0.44900894	0.08238344	-0.15310715	0.26630127	0.26200095	-0.35247016	-0.20175119	-0.015945688	-0.046731386	-0.023124617	-0.30196694	-0.25669613	0.12808053	0.078570634	0.2991592	-0.0793021	0.22965468	-0.19888641	0.2846545	-0.35324588
-0.07937599	1.0000001	0.0021797218	0.2569468	-0.18524605	-0.025184548	0.25365666	0.24417213	-0.04545766	-0.32564354	0.0849533	-0.336229	-0.08921037	-0.13601588	-0.08342319	0.0035046416	0.21018693	-0.19230022	0.19139345	-0.22035481	0.11934241	-0.042862307	-0.3883885	-0.53418195	-0.061561935	0.23174682	-0.18643716	0.23636825	0.023445334	0.07402662
0.17242183	0.0021797218	1.0	0.18928336	-0.18562447	0.27713016	-0.07349605	-0.010725602	0.16147284	0.023415606	-0.16960864	-0.075065896	-0.34592503	0.11780234	0.20933451	-0.18859947	-0.030978238	-0.26631957	0.19697712	-0.32729635	-0.43891254	-0.39286113	-0.07530128	0.014176997	0.20708314	0.13332176	0.092115305	-0.111598596	0.24488929	-0.3492277
-0.022215948	0.2569468	0.18928336	0.9999998	-0.27363583	0.1621782	0.17275028	0.22016884	-0.0053503327	-0.26414156	0.0067201722	-0.35884094	-0.26219186	-0.10961978	0.033578113	-0.026682261	0.15888086	-0.25738347	0.2909817	-0.43480244	-0.06926644	-0.1730845	-0.36849433	-0.25569528	0.028013745	0.24862786	-0.122518465	0.17688555	0.10808542	-0.049125995
-0.34863532	-0.18524605	-0.18562447	-0.27363583	0.9999997	-0.054978717	0.03719847	0.0040121796	-0.15320389	-0.06463307	0.20571937	0.11603027	0.15024856	-0.23032802	-0.14489758	0.20314842	0.02539106	0.13993022	-0.2682618	0.14251241	0.18228863	0.17580868	0.043988228	0.10870965	-0.2736318	0.00087359775	-0.14701693	-0.0024230015	-0.4111214	0.20781991
0.10293507	-0.025184548	0.27713016	0.1621782	-0.054978717	0.99999946	-0.07510005	0.0072325612	0.13971928	0.028194021	-0.09509439	-0.14031193	-0.46987447	0.00055728236	0.21274652	-0.11291546	-0.054372456	-0.41173092	0.15679422	-0.27096835	-0.28780177	-0.4122358	-0.10299484	0.037674826	0.1557037	0.15128674	0.10715721	-0.038127393	0.17587765	-0.16344416
-0.31953895	0.25365666	-0.07349605	0.17275028	0.03719847	-0.07510005	0.99999934	0.28974217	-0.24732159	-0.3915409	0.21978243	-0.40742692	-0.012623707	-0.25909138	-0.22623484	0.14714493	0.23726955	-0.14805178	0.15644981	-0.09161595	0.2069532	0.06336279	-0.32717165	-0.32863313	-0.24233893	0.17818326	-0.16257562	0.28764027	-0.15429468	0.21695778
-0.21577233	0.24417213	-0.010725602	0.22016884	0.0040121796	0.0072325612	0.28974217	0.9999992	-0.28682098	-0.36581886	0.23657425	-0.3588007	-0.115621306	-0.36062035	-0.2389868	0.18323003	0.29357347	-0.1175124	0.2039264	-0.19492118	0.17385909	0.054659925	-0.28373888	-0.25826457	-0.2618752	0.19919652	-0.33634898	0.28171295	-0.16135998	0.17518045
0.2710284	-0.04545766	0.16147284	-0.0053503327	-0.15320389	0.13971928	-0.24732159	-0.28682098	0.9999992	0.21144654	-0.42270038	0.06260894	-0.13236721	0.24587491	0.3012749	-0.4577952	-0.3528528	-0.180296	-0.038265806	-0.020169286	-0.2942405	-0.19404991	0.04935409	0.06299173	0.29009938	-0.028617803	0.2820127	-0.15562683	0.26669893	-0.3293868
0.24062867	-0.32564354	0.023415606	-0.26414156	-0.06463307	0.028194021	-0.3915409	-0.36581886	0.21144654	0.9999993	-0.32889685	0.2568161	0.048701074	0.27085412	0.1914093	-0.17079198	-0.3334266	0.099887356	-0.19182083	0.1670134	-0.18935938	-0.11102002	0.24904516	0.24217092	0.22566475	-0.29170206	0.22902429	-0.36377525	0.14861768	-0.24027169
-0.44900894	0.0849533	-0.16960864	0.0067201722	0.20571937	-0.09509439	0.21978243	0.23657425	-0.42270038	-0.32889685	0.99999917	-0.08881216	0.09501003	-0.28018624	-0.39962912	0.30355927	0.23915158	0.08486641	0.024772948	-0.021794343	0.24869876	0.21691202	-0.11191301	-0.076118894	-0.35442722	0.075835176	-0.3415937	0.17760651	-0.35082257	0.27048776
0.08238344	-0.336229	-0.075065896	-0.35884094	0.11603027	-0.14031193	-0.40742692	-0.3588007	0.06260894	0.2568161	-0.08881216	0.9999992	0.1485577	0.18563232	0.039013635	-0.01976573	-0.24066259	0.22706129	-0.23712353	0.21065529	-0.0632587	0.10247165	0.2487173	0.26266417	0.07059745	-0.22193344	0.11133517	-0.44835216	-0.021429552	-0.10649568
-0.15310715	-0.08921037	-0.34592503	-0.26219186	0.15024856	-0.46987447	-0.012623707	-0.115621306	-0.13236721	0.048701074	0.09501003	0.1485577	0.9999993	-0.0065227407	-0.25358903	0.13862935	-0.014170827	0.28804624	-0.35233742	0.27284163	0.18534034	0.24547264	0.16127896	0.046371106	-0.12882502	-0.277893	-0.055689972	-0.029628828	-0.2658856	0.1850051
0.26630127	-0.13601588	0.11780234	-0.10961978	-0.23032802	0.00055728236	-0.25909138	-0.36062035	0.24587491	0.27085412	-0.28018624	0.18563232	-0.0065227407	0.99999934	0.19091101	-0.27689674	-0.34414527	0.04860248	-0.08134011	0.07114159	-0.3382997	-0.087487414	0.16336277	0.157067	0.2619906	-0.15023355	0.23135948	-0.42729586	0.2231815	-0.3464944
0.26200095	-0.08342319	0.20933451	0.033578113	-0.14489758	0.21274652	-0.22623484	-0.2389868	0.3012749	0.1914093	-0.39962912	0.039013635	-0.25358903	0.19091101	0.9999993	-0.37264898	-0.2655817	-0.23276626	0.0018956224	-0.06635025	-0.24374644	-0.38819537	0.007101022	0.04052202	0.29446742	0.047113594	0.26473972	-0.11833471	0.2692703	-0.33093318
-0.35247016	0.0035046416	-0.18859947	-0.026682261	0.20314842	-0.11291546	0.14714493	0.18323003	-0.4577952	-0.17079198	0.30355927	-0.01976573	0.13862935	-0.27689674	-0.37264898	0.99999934	0.22784129	0.14018053	0.014820738	0.013024184	0.2174901	0.23867013	-0.0034357184	-0.0038134418	-0.38900086	-0.024036743	-0.42653212	0.1150788	-0.36070386	0.23982525
-0.20175119	0.21018693	-0.030978238	0.15888086	0.02539106	-0.054372456	0.23726955	0.29357347	-0.3528528	-0.3334266	0.23915158	-0.24066259	-0.014170827	-0.34414527	-0.2655817	0.22784129	0.9999993	-0.01836959	0.1339185	-0.1400832	0.16193102	0.108930334	-0.10943624	-0.32301897	-0.25592318	0.11502712	-0.5042185	0.2400519	-0.11967752	0.15657516
-0.015945688	-0.19230022	-0.26631957	-0.25738347	0.13993022	-0.41173092	-0.14805178	-0.1175124	-0.180296	0.099887356	0.08486641	0.22706129	0.28804624	0.04860248	-0.23276626	0.14018053	-0.01836959	0.9999993	-0.35236153	0.24568422	0.10658321	0.23131572	0.21396953	0.14036526	-0.10244342	-0.25827646	-0.10534169	-0.16840751	-0.2332945	0.09435973
-0.046731386	0.19139345	0.19697712	0.2909817	-0.2682618	0.15679422	0.15644981	0.2039264	-0.038265806	-0.19182083	0.024772948	-0.23712353	-0.35233742	-0.08134011	0.0018956224	0.014820738	0.1339185	-0.35236153	0.9999992	-0.43130708	-0.09762581	-0.07081791	-0.3280312	-0.12599161	-0.030199504	0.22180282	-0.08220913	0.15011805	0.10099821	-0.11038309
-0.023124617	-0.22035481	-0.32729635	-0.43480244	0.14251241	-0.27096835	-0.09161595	-0.19492118	-0.020169286	0.1670134	-0.021794343	0.21065529	0.27284163	0.07114159	-0.06635025	0.013024184	-0.1400832	0.24568422	-0.43130708	0.99999934	0.091056906	0.1379025	0.24812327	0.16775526	-0.03386296	-0.43144578	0.062031914	-0.13379332	-0.093547255	0.10574528
-0.30196694	0.11934241	-0.43891254	-0.06926644	0.18228863	-0.28780177	0.2069532	0.17385909	-0.2942405	-0.18935938	0.24869876	-0.0632587	0.18534034	-0.3382997	-0.24374644	0.2174901	0.16193102	0.10658321	-0.09762581	0.091056906	0.99999934	0.23131043	-0.14140138	-0.15176839	-0.27996516	0.041190445	-0.22193246	0.19387215	-0.33450943	0.29419369
-0.25669613	-0.042862307	-0.39286113	-0.1730845	0.17580868	-0.4122358	0.06336279	0.054659925	-0.19404991	-0.11102002	0.21691202	0.10247165	0.24547264	-0.087487414	-0.38819537	0.23867013	0.108930334	0.23131572	-0.07081791	0.1379025	0.23131043	0.9999992	0.06133416	0.041847892	-0.3873488	-0.090766855	-0.2254811	0.016644368	-0.30995977	0.21627674
0.12808053	-0.3883885	-0.07530128	-0.36849433	0.043988228	-0.10299484	-0.32717165	-0.28373888	0.04935409	0.24904516	-0.11191301	0.2487173	0.16127896	0.16336277	0.007101022	-0.0034357184	-0.10943624	0.21396953	-0.3280312	0.24812327	-0.14140138	0.06133416	0.99999917	0.25544918	0.039140172	-0.48546222	0.07130414	-0.17101575	0.025860207	-0.0692774
0.078570634	-0.53418195	0.014176997	-0.25569528	0.10870965	0.037674826	-0.32863313	-0.25826457	0.06299173	0.24217092	-0.076118894	0.26266417	0.046371106	0.157067	0.04052202	-0.0038134418	-0.32301897	0.14036526	-0.12599161	0.16775526	-0.15176839	0.041847892	0.25544918	0.99999917	0.044820596	-0.35242864	0.1179712	-0.28758767	-0.043284256	-0.07829676
0.2991592	-0.061561935	0.20708314	0.028013745	-0.2736318	0.1557037	-0.24233893	-0.2618752	0.29009938	0.22566475	-0.35442722	0.07059745	-0.12882502	0.2619906	0.29446742	-0.38900086	-0.25592318	-0.10244342	-0.030199504	-0.03386296	-0.27996516	-0.3873488	0.039140172	0.044820596	0.9999992	-0.018338583	0.25550604	-0.262703	0.29207566	-0.381831
-0.0793021	0.23174682	0.13332176	0.24862786	0.00087359775	0.15128674	0.17818326	0.19919652	-0.028617803	-0.29170206	0.075835176	-0.22193344	-0.277893	-0.15023355	0.047113594	-0.024036743	0.11502712	-0.25827646	0.22180282	-0.43144578	0.041190445	-0.090766855	-0.48546222	-0.35242864	-0.018338583	0.99999946	-0.033173747	0.14845802	-0.0060477834	-0.042974897
0.22965468	-0.18643716	0.092115305	-0.122518465	-0.14701693	0.10715721	-0.16257562	-0.33634898	0.2820127	0.22902429	-0.3415937	0.11133517	-0.055689972	0.23135948	0.26473972	-0.42653212	-0.5042185	-0.10534169	-0.08220913	0.062031914	-0.22193246	-0.2254811	0.07130414	0.1179712	0.25550604	-0.033173747	0.9999991	-0.1729326	0.20141973	-0.13157113
-0.19888641	0.23636825	-0.111598596	0.17688555	-0.0024230015	-0.038127393	0.28764027	0.28171295	-0.15562683	-0.36377525	0.17760651	-0.44835216	-0.029628828	-0.42729586	-0.11833471	0.1150788	0.2400519	-0.16840751	0.15011805	-0.13379332	0.19387215	0.016644368	-0.17101575	-0.28758767	-0.262703	0.14845802	-0.1729326	0.99999905	-0.13977246	0.2058794
0.2846545	0.023445334	0.24488929	0.10808542	-0.4111214	0.17587765	-0.15429468	-0.16135998	0.26669893	0.14861768	-0.35082257	-0.021429552	-0.2658856	0.2231815	0.2692703	-0.36070386	-0.11967752	-0.2332945	0.10099821	-0.093547255	-0.33450943	-0.30995977	0.025860207	-0.043284256	0.29207566	-0.0060477834	0.20141973	-0.13977246	0.999999	-0.35931462
-0.35324588	0.07402662	-0.3492277	-0.049125995	0.20781991	-0.16344416	0.21695778	0.17518045	-0.3293868	-0.24027169	0.27048776	-0.10649568	0.1850051	-0.3464944	-0.33093318	0.23982525	0.15657516	0.09435973	-0.11038309	0.10574528	0.29419369	0.21627674	-0.0692774	-0.07829676	-0.381831	-0.042974897	-0.13157113	0.2058794	-0.35931462	0.999999
