1.0000001	-0.14060406	0.21356939	0.2589446	0.23193066	-0.28060254	-0.28281987	-0.2539663	0.19292168	0.2563695	-0.2388575	0.30079415	-0.14360653	-0.456778	0.2225546	0.13405593	-0.36215964	0.18174167	-0.19308497	0.16901936	-0.2086453	-0.52424556	0.280303	-0.28246048	-0.1817414	0.14454581	-0.23806308	-0.11207342	0.09620177	0.21678339
-0.14060406	1.0	-0.34035096	-0.3912066	-0.34658653	0.2704148	0.18550706	0.27518192	-0.305806	-0.20198703	0.022268388	-0.18520091	0.2532417	0.18242007	-0.32132053	0.09674819	0.09947517	-0.38508442	0.16051668	-0.28048486	0.11114612	0.07765932	-0.20398657	0.24692908	0.27749744	0.05097222	-0.016904071	0.26416972	-0.43974146	-0.01486249
0.21356939	-0.34035096	1.0000001	0.2525093	0.2530543	-0.33006102	-0.35740176	-0.46287486	0.27988794	0.21508867	-0.12337525	0.24436726	-0.10858361	-0.15001285	0.27828652	0.07113377	-0.24029873	0.28494433	-0.30874363	0.22323479	-0.29651707	-0.27004492	0.28481945	-0.34611475	-0.26411766	0.10627122	-0.15645042	-0.33432466	0.20760097	0.17452961
0.2589446	-0.3912066	0.2525093	1.0000002	0.29057977	-0.22632615	-0.36027873	-0.27660564	0.2802366	0.20679435	-0.18739618	0.2662069	-0.21249509	-0.42245042	0.24779476	0.06395084	-0.25455144	0.28551134	-0.17040911	0.25879547	-0.16100545	-0.23134391	0.26008168	-0.42511848	-0.38486257	0.066085964	-0.14940102	-0.25196096	0.22236831	0.14557919
0.23193066	-0.34658653	0.2530543	0.29057977	1.0	-0.30954388	-0.3075788	-0.40399897	0.24858554	0.18923406	-0.040790558	0.21728769	-0.40870172	-0.33609065	0.25740778	-0.011653594	-0.21688516	0.27870247	-0.21736032	0.2815712	-0.1249524	-0.14731833	0.26651686	-0.3172326	-0.32216042	-0.03765279	-0.05295511	-0.2175803	0.24867545	0.055520665
-0.28060254	0.2704148	-0.33006102	-0.22632615	-0.30954388	1.0	0.19328174	0.29026356	-0.18250637	-0.35267133	0.10986322	-0.32819656	0.23560068	0.2409652	-0.49510276	0.018292882	0.16902818	-0.29502618	0.20301302	-0.2525339	0.18840314	0.12983175	-0.34567717	0.22620064	0.22064762	0.033884715	0.091097675	0.21534254	-0.30898485	-0.12887454
-0.28281987	0.18550706	-0.35740176	-0.36027873	-0.3075788	0.19328174	0.99999994	0.24165261	-0.45154244	-0.16894084	0.20762739	-0.3023405	0.090001784	0.24962178	-0.23237671	-0.20062605	0.26624775	-0.32811794	0.2193632	-0.21956708	0.2616388	0.24798438	-0.35174498	0.30453792	0.24730189	-0.20040014	0.21546312	0.23788498	-0.09788129	-0.30647638
-0.2539663	0.27518192	-0.46287486	-0.27660564	-0.40399897	0.29026356	0.24165261	0.9999999	-0.2736855	-0.18611653	0.079569176	-0.21147418	0.2214552	0.20466505	-0.41732028	0.03408473	0.14533888	-0.3740034	0.16529483	-0.2443138	0.16140877	0.14729077	-0.39627978	0.2432348	0.23885322	0.026346061	0.06615959	0.22667919	-0.18247649	-0.084338784
0.19292168	-0.305806	0.27988794	0.2802366	0.24858554	-0.18250637	-0.45154244	-0.2736855	0.9999999	0.18617249	-0.13061239	0.23670037	-0.18489829	-0.18053775	0.22872613	0.063166685	-0.24519725	0.29077625	-0.16321164	0.26969042	-0.31188506	-0.16199264	0.25324658	-0.4186529	-0.3966192	0.09341834	-0.17095037	-0.42576766	0.21679233	0.16357258
0.2563695	-0.20198703	0.21508867	0.20679435	0.18923406	-0.35267133	-0.16894084	-0.18611653	0.18617249	0.9999997	-0.41155195	0.30247572	-0.1720985	-0.33318725	0.277707	0.17419715	-0.31208426	0.190452	-0.37423262	0.1817457	-0.3474693	-0.28140146	0.28373834	-0.20161028	-0.14181972	0.15491219	-0.31590217	-0.21851552	0.15217522	0.24855174
-0.2388575	0.022268388	-0.12337525	-0.18739618	-0.040790558	0.10986322	0.20762739	0.079569176	-0.13061239	-0.41155195	0.9999996	-0.33703437	-0.05347017	0.2327764	-0.24096614	-0.42884222	0.27884156	-0.12672123	0.23756765	-0.06855352	0.28346843	0.2461938	-0.22319609	0.19133268	0.08567908	-0.25270608	0.28690305	0.10895749	-0.015105235	-0.49184307
0.30079415	-0.18520091	0.24436726	0.2662069	0.21728769	-0.32819656	-0.3023405	-0.21147418	0.23670037	0.30247572	-0.33703437	0.9999995	-0.12251523	-0.3934595	0.27678573	0.1881046	-0.4039833	0.21800539	-0.26853797	0.19237243	-0.32565624	-0.34779772	0.30080312	-0.30055958	-0.25099593	0.18599284	-0.3573741	-0.20159905	0.14690171	0.25995922
-0.14360653	0.2532417	-0.10858361	-0.21249509	-0.40870172	0.23560068	0.090001784	0.2214552	-0.18489829	-0.1720985	-0.05347017	-0.12251523	0.99999964	0.15954185	-0.20992672	0.15970552	0.02283883	-0.22180268	0.06719893	-0.46217847	0.009487216	-0.0223345	-0.23515832	0.13950673	0.19323993	0.17977951	-0.1494868	0.18400632	-0.2934227	0.08510249
-0.456778	0.18242007	-0.15001285	-0.42245042	-0.33609065	0.2409652	0.24962178	0.20466505	-0.18053775	-0.33318725	0.2327764	-0.3934595	0.15954185	0.9999997	-0.2661749	-0.18107785	0.27293387	-0.26238084	0.22981524	-0.23544477	0.2311322	0.24558167	-0.3229669	0.26730913	0.2245566	-0.1147361	0.19051991	0.17727165	-0.18260156	-0.27118725
0.2225546	-0.32132053	0.27828652	0.24779476	0.25740778	-0.49510276	-0.23237671	-0.41732028	0.22872613	0.277707	-0.24096614	0.27678573	-0.20992672	-0.2661749	0.9999998	0.08861237	-0.23389913	0.25639015	-0.28418276	0.22252998	-0.31009707	-0.13495176	0.2974746	-0.2935626	-0.2595842	0.07305876	-0.22988206	-0.19621843	0.21950562	0.17876033
0.13405593	0.09674819	0.07113377	0.06395084	-0.011653594	0.018292882	-0.20062605	0.03408473	0.063166685	0.17419715	-0.42884222	0.1881046	0.15970552	-0.18107785	0.08861237	0.99999994	-0.39986145	-0.0037149354	-0.29400104	-0.060934007	-0.31695747	-0.17157438	0.115642175	-0.15715277	-0.066198364	0.2894881	-0.4057786	-0.02750944	-0.04762431	0.27634948
-0.36215964	0.09947517	-0.24029873	-0.25455144	-0.21688516	0.16902818	0.26624775	0.14533888	-0.24519725	-0.31208426	0.27884156	-0.4039833	0.02283883	0.27293387	-0.23389913	-0.39986145	1.0000001	-0.13145202	0.27584967	-0.13791831	0.28883627	0.28190455	-0.2859524	0.25717038	0.19845296	-0.35398617	0.29370403	0.155276	-0.12018084	-0.30745432
0.18174167	-0.38508442	0.28494433	0.28551134	0.27870247	-0.29502618	-0.32811794	-0.3740034	0.29077625	0.190452	-0.12672123	0.21800539	-0.22180268	-0.26238084	0.25639015	-0.0037149354	-0.13145202	1.0000001	-0.2536119	0.29017428	-0.17429481	-0.13137135	0.25263497	-0.33634207	-0.3934329	0.04867136	-0.06540632	-0.4808118	0.27252474	0.11307307
-0.19308497	0.16051668	-0.30874363	-0.17040911	-0.21736032	0.20301302	0.2193632	0.16529483	-0.16321164	-0.37423262	0.23756765	-0.26853797	0.06719893	0.22981524	-0.28418276	-0.29400104	0.27584967	-0.2536119	1.0000002	-0.17584462	0.28957123	0.20882978	-0.32025808	0.24745627	0.22806805	-0.32712612	0.22298564	0.22527231	-0.33914474	-0.29102835
0.16901936	-0.28048486	0.22323479	0.25879547	0.2815712	-0.2525339	-0.21956708	-0.2443138	0.26969042	0.1817457	-0.06855352	0.19237243	-0.46217847	-0.23544477	0.22252998	-0.060934007	-0.13791831	0.29017428	-0.17584462	1.0000001	-0.18918508	-0.0991135	0.23595075	-0.3191702	-0.38977647	-0.045015395	-0.0071017747	-0.46007013	0.27834228	0.04379868
-0.2086453	0.11114612	-0.29651707	-0.16100545	-0.1249524	0.18840314	0.2616388	0.16140877	-0.31188506	-0.3474693	0.28346843	-0.32565624	0.009487216	0.2311322	-0.31009707	-0.31695747	0.28883627	-0.17429481	0.28957123	-0.18918508	1.0000002	0.2369442	-0.36276346	0.25608137	0.19600733	-0.2531203	0.2639257	0.2147229	-0.16424815	-0.4459474
-0.52424556	0.07765932	-0.27004492	-0.23134391	-0.14731833	0.12983175	0.24798438	0.14729077	-0.16199264	-0.28140146	0.2461938	-0.34779772	-0.0223345	0.24558167	-0.13495176	-0.17157438	0.28190455	-0.13137135	0.20882978	-0.0991135	0.2369442	1.0000002	-0.3089329	0.21613815	0.1271307	-0.365523	0.2650726	0.10693845	0.0025217843	-0.34204832
0.280303	-0.20398657	0.28481945	0.26008168	0.26651686	-0.34567717	-0.35174498	-0.39627978	0.25324658	0.28373834	-0.22319609	0.30080312	-0.23515832	-0.3229669	0.2974746	0.115642175	-0.2859524	0.25263497	-0.32025808	0.23595075	-0.36276346	-0.3089329	1.0000002	-0.24189544	-0.27168092	0.117113374	-0.23782228	-0.23445278	0.18081309	0.2136555
-0.28246048	0.24692908	-0.34611475	-0.42511848	-0.3172326	0.22620064	0.30453792	0.2432348	-0.4186529	-0.20161028	0.19133268	-0.30055958	0.13950673	0.26730913	-0.2935626	-0.15715277	0.25717038	-0.33634207	0.24745627	-0.3191702	0.25608137	0.21613815	-0.24189544	1.0000004	0.29932112	-0.17090382	0.18282898	0.27805516	-0.28354156	-0.2617539
-0.1817414	0.27749744	-0.26411766	-0.38486257	-0.32216042	0.22064762	0.24730189	0.23885322	-0.3966192	-0.14181972	0.08567908	-0.25099593	0.19323993	0.2245566	-0.2595842	-0.066198364	0.19845296	-0.3934329	0.22806805	-0.38977647	0.19600733	0.1271307	-0.27168092	0.29932112	1.0000005	-0.13028388	0.11593095	0.29614663	-0.42353967	-0.0719934
0.14454581	0.05097222	0.10627122	0.066085964	-0.03765279	0.033884715	-0.20040014	0.026346061	0.09341834	0.15491219	-0.25270608	0.18599284	0.17977951	-0.1147361	0.07305876	0.2894881	-0.35398617	0.04867136	-0.32712612	-0.045015395	-0.2531203	-0.365523	0.117113374	-0.17090382	-0.13028388	1.0000002	-0.4538432	-0.0816275	-0.039012335	0.25540972
-0.23806308	-0.016904071	-0.15645042	-0.14940102	-0.05295511	0.091097675	0.21546312	0.06615959	-0.17095037	-0.31590217	0.28690305	-0.3573741	-0.1494868	0.19051991	-0.22988206	-0.4057786	0.29370403	-0.06540632	0.22298564	-0.0071017747	0.2639257	0.2650726	-0.23782228	0.18282898	0.11593095	-0.4538432	1.0000002	0.06771085	0.028563714	-0.28351006
-0.11207342	0.26416972	-0.33432466	-0.25196096	-0.2175803	0.21534254	0.23788498	0.22667919	-0.42576766	-0.21851552	0.10895749	-0.20159905	0.18400632	0.17727165	-0.19621843	-0.02750944	0.155276	-0.4808118	0.22527231	-0.46007013	0.2147229	0.10693845	-0.23445278	0.27805516	0.29614663	-0.0816275	0.06771085	1.0000002	-0.3610293	-0.15487231
0.09620177	-0.43974146	0.20760097	0.22236831	0.24867545	-0.30898485	-0.09788129	-0.18247649	0.21679233	0.15217522	-0.015105235	0.14690171	-0.2934227	-0.18260156	0.21950562	-0.04762431	-0.12018084	0.27252474	-0.33914474	0.27834228	-0.16424815	0.0025217843	0.18081309	-0.28354156	-0.42353967	-0.039012335	0.028563714	-0.3610293	1.0000002	0.025568258
0.21678339	-0.01486249	0.17452961	0.14557919	0.055520665	-0.12887454	-0.30647638	-0.084338784	0.16357258	0.24855174	-0.49184307	0.25995922	0.08510249	-0.27118725	0.17876033	0.27634948	-0.30745432	0.11307307	-0.29102835	0.04379868	-0.4459474	-0.34204832	0.2136555	-0.2617539	-0.0719934	0.25540972	-0.28351006	-0.15487231	0.025568258	1.0000002
