1.0	-0.2538024	-0.39109725	0.25805205	-0.18330252	-0.3501751	0.22997065	0.23404437	-0.23428173	-0.37350586	-0.43916273	-0.25352982	0.17803927	0.26812994	0.28203678	-0.21562836	-0.31691697	0.3081528	-0.342668	0.27669415	-0.44760665	0.17688933	0.28086105	-0.27880234	-0.0441064	-0.2992504	0.30470392	0.28096846	0.1613076	0.18401112
-0.2538024	1.0000001	0.23986942	-0.13905321	0.24775508	0.102467865	-0.42233506	-0.53011435	0.19440737	0.22909196	0.14929813	0.19152774	-0.016385972	-0.35443476	-0.22159894	0.08456874	0.2590763	-0.22470269	0.27106702	-0.39855054	0.1915186	-0.18874064	-0.1635776	0.24382818	0.04855993	0.17636728	-0.17614385	-0.10580963	-0.08945578	-0.34467533
-0.39109725	0.23986942	1.0000002	-0.41972715	0.20462814	0.24753971	-0.291836	-0.30332395	0.2794578	0.32157636	0.28188336	0.27870104	-0.12437174	-0.30762297	-0.37940344	0.15146115	0.2721436	-0.34740728	0.30088964	-0.35380128	0.29850665	-0.26434448	-0.29509312	0.29693913	0.025953494	0.29478484	-0.3616667	-0.2816279	-0.16350707	-0.20947203
0.25805205	-0.13905321	-0.41972715	1.0000006	-0.22044641	-0.21331105	0.22488031	0.17455137	-0.326783	-0.39138573	-0.32824254	-0.36682364	0.1435714	0.22713192	0.2512611	-0.12721963	-0.13172665	0.27728802	-0.24401377	0.2126198	-0.2383388	0.16543311	0.19513765	-0.33736342	0.010581743	-0.5168888	0.2910393	0.22521088	0.16449916	0.18008214
-0.18330252	0.24775508	0.20462814	-0.22044641	1.0000005	0.1121237	-0.37850457	-0.28800115	0.089543946	0.20929708	0.11764294	0.2493587	-0.20089394	-0.4514873	-0.12521799	0.23798871	0.1670982	-0.12516363	0.21532382	-0.352498	0.17951263	-0.008646011	-0.07677475	0.15015842	-0.2371026	0.18834884	-0.19323951	-0.03843854	-0.36687902	-0.12216144
-0.3501751	0.102467865	0.24753971	-0.21331105	0.1121237	1.0000002	-0.11919528	-0.07864056	0.24734163	0.26051053	0.28815794	0.23806718	-0.28299683	-0.24747849	-0.2989481	0.17951839	0.23146924	-0.26538536	0.22503026	-0.22852616	0.29369876	-0.12060432	-0.37371287	0.2060721	0.0012053343	0.23993926	-0.3970264	-0.5098427	-0.17313641	-0.21412852
0.22997065	-0.42233506	-0.291836	0.22488031	-0.37850457	-0.11919528	1.0000002	0.25779852	-0.2573479	-0.30518475	-0.1499641	-0.40049598	0.15267338	0.30332097	0.22168365	-0.31700554	-0.2082866	0.2154099	-0.37041107	0.29484358	-0.21376625	0.13136704	0.18654464	-0.29178458	0.031555284	-0.23889288	0.23241515	0.13701835	0.1772235	0.16832437
0.23404437	-0.53011435	-0.30332395	0.17455137	-0.28800115	-0.07864056	0.25779852	1.0	-0.22068658	-0.26995623	-0.23745868	-0.148131	0.013186942	0.2624305	0.25086865	-0.08275413	-0.37377593	0.2388089	-0.32254106	0.27927452	-0.22746833	0.2193112	0.20848964	-0.35954812	-0.14651927	-0.17210425	0.17782508	0.1589038	0.02395985	0.26159465
-0.23428173	0.19440737	0.2794578	-0.326783	0.089543946	0.24734163	-0.2573479	-0.22068658	1.0	0.26696047	0.23259845	0.20833375	-0.022184696	-0.265745	-0.3814203	0.05773321	0.2602789	-0.23898384	0.2687848	-0.24684551	0.25160307	-0.34660167	-0.43114638	0.28669155	0.1636763	0.23572823	-0.32459322	-0.4127647	-0.0034545306	-0.33026865
-0.37350586	0.22909196	0.32157636	-0.39138573	0.20929708	0.26051053	-0.30518475	-0.26995623	0.26696047	1.0000001	0.28351521	0.28650203	-0.13899755	-0.2906612	-0.3768555	0.16292924	0.26314324	-0.40055388	0.29273474	-0.26999962	0.29466859	-0.17970204	-0.28555265	0.28735358	-0.011143655	0.3026674	-0.41038883	-0.27963156	-0.22216617	-0.25523168
-0.43916273	0.14929813	0.28188336	-0.32824254	0.11764294	0.28815794	-0.1499641	-0.23745868	0.23259845	0.28351521	1.0000001	0.24828693	-0.27385	-0.1976479	-0.22588952	0.17939547	0.23468077	-0.42962122	0.23581617	-0.22805823	0.30394807	-0.15913141	-0.30081737	0.24344835	0.0045002457	0.26798	-0.39508668	-0.43214887	-0.15446702	-0.11957788
-0.25352982	0.19152774	0.27870104	-0.36682364	0.2493587	0.23806718	-0.40049598	-0.148131	0.20833375	0.28650203	0.24828693	1.0000001	-0.3376077	-0.37289512	-0.25574717	0.2465919	0.21557355	-0.31205115	0.25565583	-0.34164628	0.27533177	-0.08447613	-0.2621487	0.22309431	-0.10193102	0.2674602	-0.399456	-0.178686	-0.22945493	-0.13937606
0.17803927	-0.016385972	-0.12437174	0.1435714	-0.20089394	-0.28299683	0.15267338	0.013186942	-0.022184696	-0.13899755	-0.27385	-0.3376077	1.0000002	0.15051077	0.05135754	-0.52949494	-0.09868882	0.14279953	-0.047736354	0.12443138	-0.2688634	-0.116747424	0.10535146	-0.09690671	0.22485872	-0.20753363	0.19830748	0.12261639	0.27003843	-0.11446184
0.26812994	-0.35443476	-0.30762297	0.22713192	-0.4514873	-0.24747849	0.30332097	0.2624305	-0.265745	-0.2906612	-0.1976479	-0.37289512	0.15051077	1.0000002	0.253953	-0.23134367	-0.32154953	0.23788297	-0.3977646	0.32099456	-0.32882506	0.13805418	0.2354526	-0.22667107	-0.0054000844	-0.2213567	0.26294884	0.19120885	0.17119615	0.197694
0.28203678	-0.22159894	-0.37940344	0.2512611	-0.12521799	-0.2989481	0.22168365	0.25086865	-0.3814203	-0.3768555	-0.22588952	-0.25574717	0.05135754	0.253953	1.0000002	-0.06279864	-0.41581306	0.29595354	-0.35821313	0.2622633	-0.31010744	0.25520143	0.29786253	-0.39096212	-0.18344286	-0.29880518	0.2652102	0.27095968	0.051435262	0.27520707
-0.21562836	0.08456874	0.15146115	-0.12721963	0.23798871	0.17951839	-0.31700554	-0.08275413	0.05773321	0.16292924	0.17939547	0.2465919	-0.52949494	-0.23134367	-0.06279864	1.0000002	0.09259004	-0.11234876	0.122210056	-0.2225701	0.20415112	0.067681804	-0.12315634	0.08451708	-0.33564323	0.1519357	-0.19284965	-0.14499988	-0.3943649	0.06893462
-0.31691697	0.2590763	0.2721436	-0.13172665	0.1670982	0.23146924	-0.2082866	-0.37377593	0.2602789	0.26314324	0.23468077	0.21557355	-0.09868882	-0.32154953	-0.41581306	0.09259004	1.0000001	-0.37914607	0.29453	-0.41499653	0.27597144	-0.20376195	-0.40004396	0.27233866	0.10103351	0.20461057	-0.22184102	-0.2725989	-0.061690778	-0.32367378
0.3081528	-0.22470269	-0.34740728	0.27728802	-0.12516363	-0.26538536	0.2154099	0.2388089	-0.23898384	-0.40055388	-0.42962122	-0.31205115	0.14279953	0.23788297	0.29595354	-0.11234876	-0.37914607	1.0000001	-0.32469973	0.25856674	-0.35208225	0.19514975	0.26746514	-0.38956928	-0.04887297	-0.38733605	0.2940363	0.2707812	0.12172249	0.21393567
-0.342668	0.27106702	0.30088964	-0.24401377	0.21532382	0.22503026	-0.37041107	-0.32254106	0.2687848	0.29273474	0.23581617	0.25565583	-0.047736354	-0.3977646	-0.35821313	0.122210056	0.29453	-0.32469973	1.0000001	-0.42977256	0.27809364	-0.15565796	-0.35894608	0.2569464	0.058399133	0.22192906	-0.33236283	-0.2569912	-0.15343775	-0.2021681
0.27669415	-0.39855054	-0.35380128	0.2126198	-0.352498	-0.22852616	0.29484358	0.27927452	-0.24684551	-0.26999962	-0.22805823	-0.34164628	0.12443138	0.32099456	0.2622633	-0.2225701	-0.41499653	0.25856674	-0.42977256	1.0000001	-0.30767238	0.14431007	0.24484211	-0.2422499	0.01148248	-0.21787001	0.2610619	0.20384453	0.15519911	0.2046597
-0.44760665	0.1915186	0.29850665	-0.2383388	0.17951263	0.29369876	-0.21376625	-0.22746833	0.25160307	0.29466859	0.30394807	0.27533177	-0.2688634	-0.32882506	-0.31010744	0.20415112	0.27597144	-0.35208225	0.27809364	-0.30767238	0.99999994	-0.21071573	-0.4054136	0.25357053	0.004050438	0.25706965	-0.35977837	-0.32702234	-0.2209805	-0.14302944
0.17688933	-0.18874064	-0.26434448	0.16543311	-0.008646011	-0.12060432	0.13136704	0.2193112	-0.34660167	-0.17970204	-0.15913141	-0.08447613	-0.116747424	0.13805418	0.25520143	0.067681804	-0.20376195	0.19514975	-0.15565796	0.14431007	-0.21071573	1.0	0.21972845	-0.41457188	-0.4111142	-0.26026833	0.12609434	0.20260887	-0.20808901	0.2913632
0.28086105	-0.1635776	-0.29509312	0.19513765	-0.07677475	-0.37371287	0.18654464	0.20848964	-0.43114638	-0.28555265	-0.30081737	-0.2621487	0.10535146	0.2354526	0.29786253	-0.12315634	-0.40004396	0.26746514	-0.35894608	0.24484211	-0.4054136	0.21972845	1.0	-0.2557051	-0.15578873	-0.15490949	0.266702	0.29702953	0.02086368	0.21648598
-0.27880234	0.24382818	0.29693913	-0.33736342	0.15015842	0.2060721	-0.29178458	-0.35954812	0.28669155	0.28735358	0.24344835	0.22309431	-0.09690671	-0.22667107	-0.39096212	0.08451708	0.27233866	-0.38956928	0.2569464	-0.2422499	0.25357053	-0.41457188	-0.2557051	0.9999998	0.12755628	0.28402302	-0.2551384	-0.26579005	-0.041034583	-0.37041384
-0.0441064	0.04855993	0.025953494	0.010581743	-0.2371026	0.0012053343	0.031555284	-0.14651927	0.1636763	-0.011143655	0.0045002457	-0.10193102	0.22485872	-0.0054000844	-0.18344286	-0.33564323	0.10103351	-0.04887297	0.058399133	0.01148248	0.004050438	-0.4111142	-0.15578873	0.12755628	0.99999976	-0.016745394	0.037508864	-0.099224746	0.2738556	-0.3277133
-0.2992504	0.17636728	0.29478484	-0.5168888	0.18834884	0.23993926	-0.23889288	-0.17210425	0.23572823	0.3026674	0.26798	0.2674602	-0.20753363	-0.2213567	-0.29880518	0.1519357	0.20461057	-0.38733605	0.22192906	-0.21787001	0.25706965	-0.26026833	-0.15490949	0.28402302	-0.016745394	0.99999976	-0.32206678	-0.28023076	-0.22923703	-0.2693271
0.30470392	-0.17614385	-0.3616667	0.2910393	-0.19323951	-0.3970264	0.23241515	0.17782508	-0.32459322	-0.41038883	-0.39508668	-0.399456	0.19830748	0.26294884	0.2652102	-0.19284965	-0.22184102	0.2940363	-0.33236283	0.2610619	-0.35977837	0.12609434	0.266702	-0.2551384	0.037508864	-0.32206678	0.99999946	0.27779007	0.19562198	0.15040748
0.28096846	-0.10580963	-0.2816279	0.22521088	-0.03843854	-0.5098427	0.13701835	0.1589038	-0.4127647	-0.27963156	-0.43214887	-0.178686	0.12261639	0.19120885	0.27095968	-0.14499988	-0.2725989	0.2707812	-0.2569912	0.20384453	-0.32702234	0.20260887	0.29702953	-0.26579005	-0.099224746	-0.28023076	0.27779007	0.99999934	0.04917389	0.19772394
0.1613076	-0.08945578	-0.16350707	0.16449916	-0.36687902	-0.17313641	0.1772235	0.02395985	-0.0034545306	-0.22216617	-0.15446702	-0.22945493	0.27003843	0.17119615	0.051435262	-0.3943649	-0.061690778	0.12172249	-0.15343775	0.15519911	-0.2209805	-0.20808901	0.02086368	-0.041034583	0.2738556	-0.22923703	0.19562198	0.04917389	0.99999946	-0.12471699
0.18401112	-0.34467533	-0.20947203	0.18008214	-0.12216144	-0.21412852	0.16832437	0.26159465	-0.33026865	-0.25523168	-0.11957788	-0.13937606	-0.11446184	0.197694	0.27520707	0.06893462	-0.32367378	0.21393567	-0.2021681	0.2046597	-0.14302944	0.2913632	0.21648598	-0.37041384	-0.3277133	-0.2693271	0.15040748	0.19772394	-0.12471699	0.99999946
