1.0	-0.049613614	-0.2044254	0.0062900297	-0.024482675	-0.1382603	-0.32231978	0.06733648	-0.18962742	-0.5977716	0.060272396	-0.10831843	0.17259546	0.18201208	-0.31691772	0.24660212	0.14991981	-0.16617793	0.08494759	0.16282053	0.14611615	-0.17110969	0.24595918	-0.060457993	0.21507785	-0.078558184	-0.2875579	0.154582	0.106359094	-0.28527477
-0.049613614	0.9999999	0.24810193	-0.22022675	0.25031832	0.010492783	0.22820154	-0.22164103	0.20505965	0.058950793	-0.38221705	0.22557251	-0.14691585	-0.4714866	0.19817403	-0.107338585	0.07218553	-0.012005781	-0.44957024	-0.18301597	-0.37855604	0.19950427	-0.0031728218	0.21837617	-0.17448707	0.13434267	0.19788283	-0.41965413	-0.0050189076	-0.022208193
-0.2044254	0.24810193	1.0000001	-0.34354788	0.24438731	0.083049774	0.28757107	-0.29950044	0.2153037	0.18418217	-0.37134784	0.26219976	-0.15365784	-0.34372953	0.23363458	-0.38190672	0.05966645	-0.00037586954	-0.37269852	-0.34175116	-0.34727967	0.27626452	-0.17469175	0.25091365	-0.29262534	0.2397385	0.28117323	-0.26801968	-0.067010015	0.096418686
0.0062900297	-0.22022675	-0.34354788	0.99999976	-0.37699243	-0.029166628	-0.18402891	0.3088354	-0.35627574	-0.015872177	0.29213014	-0.39626107	0.20802963	0.17102124	-0.1599493	0.15958452	-0.2756478	0.19209199	0.2706774	0.26898184	0.27008075	-0.38141948	-0.0911946	-0.3172316	0.23124684	-0.3699818	-0.22377945	0.23560002	0.012912083	0.11412648
-0.024482675	0.25031832	0.24438731	-0.37699243	0.99999964	-0.041922286	0.20805316	-0.36958382	0.24935544	0.036204804	-0.49663606	0.28558263	-0.16435514	-0.2240916	0.13022381	-0.11479369	0.20462546	-0.24261789	-0.28588668	-0.30486214	-0.41145083	0.24834107	0.053699516	0.2560308	-0.19829738	0.23391314	0.1908588	-0.295837	0.05921105	-0.09896304
-0.1382603	0.010492783	0.083049774	-0.029166628	-0.041922286	0.9999994	0.024874805	-0.07593238	0.16295445	0.17335181	0.013433425	0.1016663	-0.23963013	-0.025825588	0.21870574	-0.09642688	-0.042880535	0.07420434	-0.123091385	-0.095830835	-0.08819982	0.0749626	-0.104506694	0.047492985	-0.07369917	0.044146802	0.062636524	-0.17165092	-0.7988445	0.05393628
-0.32231978	0.22820154	0.28757107	-0.18402891	0.20805316	0.024874805	0.99999946	-0.33337718	0.21909831	0.21812847	-0.27834964	0.2273123	-0.3244102	-0.31811765	0.25275558	-0.37793744	0.0016683234	0.050868664	-0.32270616	-0.36687392	-0.32660726	0.27767107	-0.13665055	0.2714366	-0.30716375	0.22321792	0.31098753	-0.32382488	0.026607791	0.09394859
0.06733648	-0.22164103	-0.29950044	0.3088354	-0.36958382	-0.07593238	-0.33337718	0.9999994	-0.36368454	-0.061514918	0.27692696	-0.3286341	0.26306856	0.19221437	-0.2204218	0.20947632	-0.15039472	0.11106044	0.28682956	0.30664414	0.29712516	-0.3578544	-0.05833804	-0.42145786	0.26995486	-0.4047532	-0.29998735	0.26748174	0.035522	0.07463329
-0.18962742	0.20505965	0.2153037	-0.35627574	0.24935544	0.16295445	0.21909831	-0.36368454	0.99999946	0.1413612	-0.31598204	0.28319493	-0.3728586	-0.13470194	0.24343994	-0.13618349	0.12457157	-0.13639568	-0.303219	-0.2507534	-0.3794264	0.25719965	0.068906836	0.26088965	-0.24084081	0.22696716	0.2125547	-0.38536778	-0.19459556	-0.1109094
-0.5977716	0.058950793	0.18418217	-0.015872177	0.036204804	0.17335181	0.21812847	-0.061514918	0.1413612	0.99999946	-0.06544187	0.111309305	-0.21455544	-0.17412068	0.2428978	-0.33284065	-0.174708	0.1493183	-0.11744846	-0.15512101	-0.18481886	0.16861579	-0.3784891	0.09562466	-0.26601627	0.07798869	0.21572217	-0.1849197	-0.17771934	0.22774191
0.060272396	-0.38221705	-0.37134784	0.29213014	-0.49663606	0.013433425	-0.27834964	0.27692696	-0.31598204	-0.06544187	0.9999995	-0.32465404	0.18710215	0.23988888	-0.18667893	0.14903982	-0.23929225	0.14037809	0.27627257	0.2452988	0.29264173	-0.3220627	-0.04641713	-0.21233925	0.21427953	-0.19215745	-0.2571654	0.25740302	-0.028600426	0.074294865
-0.10831843	0.22557251	0.26219976	-0.39626107	0.28558263	0.1016663	0.2273123	-0.3286341	0.28319493	0.111309305	-0.32465404	0.9999996	-0.24551725	-0.3119556	0.21734512	-0.2060328	0.1879858	-0.24546061	-0.25908178	-0.36774623	-0.3304527	0.29501066	0.0057361065	0.27517727	-0.34325907	0.26179445	0.23338546	-0.34672055	-0.10982761	-0.04931294
0.17259546	-0.14691585	-0.15365784	0.20802963	-0.16435514	-0.23963013	-0.3244102	0.26306856	-0.3728586	-0.21455544	0.18710215	-0.24551725	0.99999964	0.16904578	-0.43112892	0.19424462	-0.019989725	-0.014750695	0.22716951	0.26391342	0.24673577	-0.3818079	-0.011808014	-0.3714639	0.2709339	-0.2111559	-0.3529343	0.26974425	0.14380759	0.040583417
0.18201208	-0.4714866	-0.34372953	0.17102124	-0.2240916	-0.025825588	-0.31811765	0.19221437	-0.13470194	-0.17412068	0.23988888	-0.3119556	0.16904578	0.9999997	-0.3321523	0.2140865	-0.042258665	-0.012941594	0.2351366	0.23538059	0.2431288	-0.29049253	0.1490049	-0.19371338	0.24677561	-0.09741488	-0.36294106	0.2544403	0.013623074	-0.20978737
-0.31691772	0.19817403	0.23363458	-0.1599493	0.13022381	0.21870574	0.25275558	-0.2204218	0.24343994	0.2428978	-0.18667893	0.21734512	-0.43112892	-0.3321523	0.9999997	-0.20614813	-0.05114657	0.08556645	-0.28219274	-0.28934473	-0.22634009	0.2559459	-0.119426005	0.21592478	-0.35319245	0.14951526	0.26681036	-0.35416433	-0.27750164	0.09580871
0.24660212	-0.107338585	-0.38190672	0.15958452	-0.11479369	-0.09642688	-0.37793744	0.20947632	-0.13618349	-0.33284065	0.14903982	-0.2060328	0.19424462	0.2140865	-0.20614813	0.99999964	-0.004447314	-0.061591122	0.20506255	0.27703485	0.21473913	-0.28681377	0.19716994	-0.2919507	0.29054004	-0.37214157	-0.36238703	0.19010785	0.030676177	-0.23938717
0.14991981	0.07218553	0.05966645	-0.2756478	0.20462546	-0.042880535	0.0016683234	-0.15039472	0.12457157	-0.174708	-0.23929225	0.1879858	-0.019989725	-0.042258665	-0.05114657	-0.004447314	0.99999964	-0.67320955	-0.2029491	-0.07105903	-0.09349607	0.07408051	0.20762262	0.104172595	-0.014509922	0.17678924	-0.041150685	-0.028932514	0.05113073	-0.28831384
-0.16617793	-0.012005781	-0.00037586954	0.19209199	-0.24261789	0.07420434	0.050868664	0.11106044	-0.13639568	0.1493183	0.14037809	-0.24546061	-0.014750695	-0.012941594	0.08556645	-0.061591122	-0.67320955	0.99999976	0.097554974	0.037262097	0.049279004	-0.075640954	-0.26667696	-0.07839778	-0.013698993	-0.20031387	0.06886756	0.0033386508	-0.08935432	0.2298479
0.08494759	-0.44957024	-0.37269852	0.2706774	-0.28588668	-0.123091385	-0.32270616	0.28682956	-0.303219	-0.11744846	0.27627257	-0.25908178	0.22716951	0.2351366	-0.28219274	0.20506255	-0.2029491	0.097554974	0.99999976	0.27006552	0.29905903	-0.21743077	0.0057080705	-0.35013995	0.23750445	-0.3609325	-0.2410314	0.2800902	0.07962056	0.032720987
0.16282053	-0.18301597	-0.34175116	0.26898184	-0.30486214	-0.095830835	-0.36687392	0.30664414	-0.2507534	-0.15512101	0.2452988	-0.36774623	0.26391342	0.23538059	-0.28934473	0.27703485	-0.07105903	0.037262097	0.27006552	0.99999964	0.2859419	-0.37503183	0.07315042	-0.41198704	0.31472895	-0.408961	-0.3806382	0.2653624	0.05749261	-0.0610678
0.14611615	-0.37855604	-0.34727967	0.27008075	-0.41145083	-0.08819982	-0.32660726	0.29712516	-0.3794264	-0.18481886	0.29264173	-0.3304527	0.24673577	0.2431288	-0.22634009	0.21473913	-0.09349607	0.049279004	0.29905903	0.2859419	0.99999946	-0.23517682	0.0037730606	-0.3708244	0.26167426	-0.25851578	-0.34279403	0.2990109	0.042800218	0.02187521
-0.17110969	0.19950427	0.27626452	-0.38141948	0.24834107	0.0749626	0.27767107	-0.3578544	0.25719965	0.16861579	-0.3220627	0.29501066	-0.3818079	-0.29049253	0.2559459	-0.28681377	0.07408051	-0.075640954	-0.21743077	-0.37503183	-0.23517682	0.9999994	-0.109911285	0.28666154	-0.4249343	0.25709805	0.289611	-0.33313218	-0.04492771	0.04681754
0.24595918	-0.0031728218	-0.17469175	-0.0911946	0.053699516	-0.104506694	-0.13665055	-0.05833804	0.068906836	-0.3784891	-0.04641713	0.0057361065	-0.011808014	0.1490049	-0.119426005	0.19716994	0.20762262	-0.26667696	0.0057080705	0.07315042	0.0037730606	-0.109911285	0.9999994	0.00518723	0.122353844	0.03500919	-0.13092516	0.051328357	0.056748804	-0.6491173
-0.060457993	0.21837617	0.25091365	-0.3172316	0.2560308	0.047492985	0.2714366	-0.42145786	0.26088965	0.09562466	-0.21233925	0.27517727	-0.3714639	-0.19371338	0.21592478	-0.2919507	0.104172595	-0.07839778	-0.35013995	-0.41198704	-0.3708244	0.28666154	0.00518723	0.9999995	-0.35566834	0.28516036	0.26297054	-0.37540078	0.0014787152	-0.026435113
0.21507785	-0.17448707	-0.29262534	0.23124684	-0.19829738	-0.07369917	-0.30716375	0.26995486	-0.24084081	-0.26601627	0.21427953	-0.34325907	0.2709339	0.24677561	-0.35319245	0.29054004	-0.014509922	-0.013698993	0.23750445	0.31472895	0.26167426	-0.4249343	0.122353844	-0.35566834	0.9999993	-0.35707474	-0.42558646	0.255135	0.038778365	-0.12789845
-0.078558184	0.13434267	0.2397385	-0.3699818	0.23391314	0.044146802	0.22321792	-0.4047532	0.22696716	0.07798869	-0.19215745	0.26179445	-0.2111559	-0.09741488	0.14951526	-0.37214157	0.17678924	-0.20031387	-0.3609325	-0.408961	-0.25851578	0.25709805	0.03500919	0.28516036	-0.35707474	0.9999993	0.22422692	-0.1617803	-0.015880883	-0.080257885
-0.2875579	0.19788283	0.28117323	-0.22377945	0.1908588	0.062636524	0.31098753	-0.29998735	0.2125547	0.21572217	-0.2571654	0.23338546	-0.3529343	-0.36294106	0.26681036	-0.36238703	-0.041150685	0.06886756	-0.2410314	-0.3806382	-0.34279403	0.289611	-0.13092516	0.26297054	-0.42558646	0.22422692	0.9999992	-0.20974508	-0.016218808	0.117192835
0.154582	-0.41965413	-0.26801968	0.23560002	-0.295837	-0.17165092	-0.32382488	0.26748174	-0.38536778	-0.1849197	0.25740302	-0.34672055	0.26974425	0.2544403	-0.35416433	0.19010785	-0.028932514	0.0033386508	0.2800902	0.2653624	0.2990109	-0.33313218	0.051328357	-0.37540078	0.255135	-0.1617803	-0.20974508	0.9999992	0.10766285	-0.03209259
0.106359094	-0.0050189076	-0.067010015	0.012912083	0.05921105	-0.7988445	0.026607791	0.035522	-0.19459556	-0.17771934	-0.028600426	-0.10982761	0.14380759	0.013623074	-0.27750164	0.030676177	0.05113073	-0.08935432	0.07962056	0.05749261	0.042800218	-0.04492771	0.056748804	0.0014787152	0.038778365	-0.015880883	-0.016218808	0.10766285	0.9999993	-0.03889373
-0.28527477	-0.022208193	0.096418686	0.11412648	-0.09896304	0.05393628	0.09394859	0.07463329	-0.1109094	0.22774191	0.074294865	-0.04931294	0.040583417	-0.20978737	0.09580871	-0.23938717	-0.28831384	0.2298479	0.032720987	-0.0610678	0.02187521	0.04681754	-0.6491173	-0.026435113	-0.12789845	-0.080257885	0.117192835	-0.03209259	-0.03889373	0.9999993
