1.0000001	0.2638425	0.22111468	-0.22446448	-0.34119576	0.19358385	0.1948757	0.1258092	0.0061229016	-0.35329667	0.2763429	-0.38812578	-0.040379986	0.25394586	0.20635967	-0.28962967	0.21756111	-0.30673942	-0.3455088	-0.04644888	-0.4588792	0.07954796	-0.16480611	0.0011981493	-0.2597745	-0.11154075	0.060123317	-0.18919942	0.23149174	0.18810132
0.2638425	1.0000001	0.15419951	-0.3850984	-0.32211852	0.18062548	0.21546236	0.118062235	-0.028415063	-0.110509224	0.2160984	-0.24192192	-0.064724684	0.2748746	0.0875209	-0.34453818	0.22423351	-0.2504863	-0.20018764	0.042394497	-0.47322538	0.09508952	-0.13705692	-0.081173114	-0.4102751	-0.033393804	0.016163668	-0.11878172	0.18802406	0.12534654
0.22111468	0.15419951	1.0000001	-0.2373411	-0.19419971	0.26711205	0.18049349	0.14335462	0.058341503	-0.36723474	0.25688282	-0.34982613	-0.1544855	0.2417408	0.2758233	-0.2918397	0.23739837	-0.43506694	-0.28058597	-0.0026337358	-0.1730658	-0.062676765	-0.17146885	-0.014551561	-0.2943283	-0.42481604	0.09760193	-0.22705185	0.26669112	0.2804522
-0.22446448	-0.3850984	-0.2373411	1.0000001	0.26896054	-0.38924578	-0.29468173	-0.1144568	-0.011662389	0.14945659	-0.31738037	0.23849395	0.13267663	-0.45502564	-0.091688484	0.2837453	-0.24414939	0.27792573	0.23665988	0.07251927	0.23545554	-0.10172889	0.16797234	-0.07395221	0.23124762	0.19760093	-0.06304678	0.09971155	-0.32431754	-0.2641593
-0.34119576	-0.32211852	-0.19419971	0.26896054	1.0000001	-0.2814066	-0.51547325	0.02656914	-0.19362108	0.1419089	-0.2133724	0.1970322	0.2270019	-0.3128618	-0.14021032	0.2405558	-0.24467967	0.2680814	0.20553556	0.09359566	0.23263624	-0.22818223	0.045807455	-0.063889764	0.23803978	0.18362044	0.046093434	-0.017165728	-0.18294984	-0.1640895
0.19358385	0.18062548	0.26711205	-0.38924578	-0.2814066	1.0000001	0.2575611	0.07121289	0.092938125	-0.1869819	0.2325662	-0.27501765	-0.36387384	0.24645036	0.18128552	-0.33199522	0.18847613	-0.33671594	-0.2108851	-0.0695347	-0.19107065	0.07829412	-0.19885191	0.04636211	-0.19487315	-0.44709915	0.04618408	-0.098917186	0.24853648	0.2453081
0.1948757	0.21546236	0.18049349	-0.29468173	-0.51547325	0.2575611	1.0000001	-0.09831678	0.17007212	-0.07419595	0.16965513	-0.15132663	-0.4015112	0.19560291	0.09235161	-0.3233891	0.14477919	-0.30495483	-0.19049971	-0.14390467	-0.22215548	0.20032269	-0.014162333	0.071334586	-0.21199168	-0.20819092	-0.053585503	0.040043294	0.1550401	0.12077166
0.1258092	0.118062235	0.14335462	-0.1144568	0.02656914	0.07121289	-0.09831678	0.99999994	-0.26004922	-0.20919575	0.19998138	-0.26856676	0.15972461	0.18243505	0.21513127	-0.24893482	0.14393534	-0.10032552	-0.18927303	0.16136529	-0.19853914	-0.33742848	-0.44807962	-0.18767864	-0.096762866	-0.024302797	0.28242996	-0.4754014	0.22522022	0.20211498
0.0061229016	-0.028415063	0.058341503	-0.011662389	-0.19362108	0.092938125	0.17007212	-0.26004922	1.0000001	-0.0024314197	-0.10845351	0.040677764	-0.4686323	-0.07832392	-0.03771837	0.028951043	0.04381756	-0.12121602	0.030815057	-0.23304611	0.049865417	0.24837905	0.213779	0.18347444	-0.12317264	-0.17974074	-0.37166715	0.23366147	-0.11764887	-0.06507168
-0.35329667	-0.110509224	-0.36723474	0.14945659	0.1419089	-0.1869819	-0.07419595	-0.20919575	-0.0024314197	1.0000004	-0.3535614	0.26251018	0.04493926	-0.22764876	-0.4549319	0.2116577	-0.40148476	0.2276631	0.23843494	-0.12021308	0.21080284	0.104367405	0.2259249	0.12781356	0.1905187	0.20280622	-0.2072196	0.22004718	-0.22213273	-0.26778695
0.2763429	0.2160984	0.25688282	-0.31738037	-0.2133724	0.2325662	0.16965513	0.19998138	-0.10845351	-0.3535614	1.0000004	-0.31085873	-0.025213938	0.27543136	0.26421306	-0.38486618	0.19880816	-0.28488314	-0.49502173	-0.062237866	-0.31762	-0.016345888	-0.263301	-0.005905738	-0.16470724	-0.25176954	0.14987473	-0.23392981	0.30252725	0.2670837
-0.38812578	-0.24192192	-0.34982613	0.23849395	0.1970322	-0.27501765	-0.15132663	-0.26856676	0.040677764	0.26251018	-0.31085873	1.0000005	0.041425608	-0.21967149	-0.3515514	0.29556745	-0.22959167	0.2755983	0.2989439	0.051753424	0.22056875	0.035558093	0.23023051	0.0033260472	0.16726357	0.22382507	-0.20820604	0.22944018	-0.41263837	-0.4048838
-0.040379986	-0.064724684	-0.1544855	0.13267663	0.2270019	-0.36387384	-0.4015112	0.15972461	-0.4686323	0.04493926	-0.025213938	0.041425608	1.0000005	-0.056089006	-0.02128966	0.08410033	-0.14915313	0.17103344	0.04667879	0.112628505	0.028448526	-0.25550228	-0.123724885	-0.13702197	0.15791188	0.19933176	0.16041952	-0.20962632	-0.047865525	-0.047202595
0.25394586	0.2748746	0.2417408	-0.45502564	-0.3128618	0.24645036	0.19560291	0.18243505	-0.07832392	-0.22764876	0.27543136	-0.21967149	-0.056089006	1.0000006	0.17627417	-0.29287213	0.24967863	-0.34685388	-0.26697776	0.01198626	-0.3260873	0.009360962	-0.33969367	-0.057001203	-0.3703858	-0.18845995	0.11536758	-0.19644642	0.2656619	0.23562588
0.20635967	0.0875209	0.2758233	-0.091688484	-0.14021032	0.18128552	0.09235161	0.21513127	-0.03771837	-0.4549319	0.26421306	-0.3515514	-0.02128966	0.17627417	1.0000006	-0.2956428	0.19259372	-0.27133706	-0.39215457	0.05069294	-0.16728458	-0.19941312	-0.2347904	-0.1390727	-0.08541789	-0.31220996	0.20233569	-0.28021428	0.2694299	0.26094988
-0.28962967	-0.34453818	-0.2918397	0.2837453	0.2405558	-0.33199522	-0.3233891	-0.24893482	0.028951043	0.2116577	-0.38486618	0.29556745	0.08410033	-0.29287213	-0.2956428	1.0000006	-0.17294866	0.2854159	0.29890442	0.08627696	0.23578842	-0.020001028	0.20252946	-0.051015243	0.16852385	0.2120936	-0.10063217	0.17931354	-0.37226808	-0.29281262
0.21756111	0.22423351	0.23739837	-0.24414939	-0.24467967	0.18847613	0.14477919	0.14393534	0.04381756	-0.40148476	0.19880816	-0.22959167	-0.14915313	0.24967863	0.19259372	-0.17294866	1.0000006	-0.1995691	-0.17039664	0.15634795	-0.32536882	-0.023334501	-0.23217964	-0.25910923	-0.48088092	-0.17963703	0.09473392	-0.13003385	0.19790752	0.15227693
-0.30673942	-0.2504863	-0.43506694	0.27792573	0.2680814	-0.33671594	-0.30495483	-0.10032552	-0.12121602	0.2276631	-0.28488314	0.2755983	0.17103344	-0.34685388	-0.27133706	0.2854159	-0.1995691	1.0000007	0.268422	0.079480045	0.20260063	-0.096897066	0.14443144	-0.08143943	0.22313514	0.27619162	-0.028973587	0.12522036	-0.28232226	-0.3773776
-0.3455088	-0.20018764	-0.28058597	0.23665988	0.20553556	-0.2108851	-0.19049971	-0.18927303	0.030815057	0.23843494	-0.49502173	0.2989439	0.04667879	-0.26697776	-0.39215457	0.29890442	-0.17039664	0.268422	1.0000007	0.11182761	0.20117909	-0.03430497	0.18022372	-0.07743714	0.1498487	0.2219433	-0.12199204	0.17463918	-0.405347	-0.28344765
-0.04644888	0.042394497	-0.0026337358	0.07251927	0.09359566	-0.0695347	-0.14390467	0.16136529	-0.23304611	-0.12021308	-0.062237866	0.051753424	0.112628505	0.01198626	0.05069294	0.08627696	0.15634795	0.079480045	0.11182761	1.0000007	-0.13004147	-0.32852158	-0.19414708	-0.53131855	-0.15413342	0.11588913	0.2018533	-0.19701642	-0.035449047	-0.09994815
-0.4588792	-0.47322538	-0.1730658	0.23545554	0.23263624	-0.19107065	-0.22215548	-0.19853914	0.049865417	0.21080284	-0.31762	0.22056875	0.028448526	-0.3260873	-0.16728458	0.23578842	-0.32536882	0.20260063	0.20117909	-0.13004147	1.0000006	-0.035715114	0.1973969	0.1399786	0.2572023	0.06832731	-0.12026649	0.17092544	-0.21368705	-0.09813011
0.07954796	0.09508952	-0.062676765	-0.10172889	-0.22818223	0.07829412	0.20032269	-0.33742848	0.24837905	0.104367405	-0.016345888	0.035558093	-0.25550228	0.009360962	-0.19941312	-0.020001028	-0.023334501	-0.096897066	-0.03430497	-0.32852158	-0.035715114	1.0000005	0.20292869	0.22367443	-0.084314585	-0.09303985	-0.42660767	0.24142237	-0.081874214	-0.09303345
-0.16480611	-0.13705692	-0.17146885	0.16797234	0.045807455	-0.19885191	-0.014162333	-0.44807962	0.213779	0.2259249	-0.263301	0.23023051	-0.123724885	-0.33969367	-0.2347904	0.20252946	-0.23217964	0.14443144	0.18022372	-0.19414708	0.1973969	0.20292869	1.0000005	0.17679602	0.12855452	0.08757625	-0.35683838	0.30578944	-0.29517993	-0.3356277
0.0011981493	-0.081173114	-0.014551561	-0.07395221	-0.063889764	0.04636211	0.071334586	-0.18767864	0.18347444	0.12781356	-0.005905738	0.0033260472	-0.13702197	-0.057001203	-0.1390727	-0.051015243	-0.25910923	-0.08143943	-0.07743714	-0.53131855	0.1399786	0.22367443	0.17679602	1.0000006	0.08778914	-0.059734423	-0.37777692	0.19060796	-0.09179067	0.0375381
-0.2597745	-0.4102751	-0.2943283	0.23124762	0.23803978	-0.19487315	-0.21199168	-0.096762866	-0.12317264	0.1905187	-0.16470724	0.16726357	0.15791188	-0.3703858	-0.08541789	0.16852385	-0.48088092	0.22313514	0.1498487	-0.15413342	0.2572023	-0.084314585	0.12855452	0.08778914	1.0000001	0.12995975	0.015705697	0.058170136	-0.15839131	-0.114425406
-0.11154075	-0.033393804	-0.42481604	0.19760093	0.18362044	-0.44709915	-0.20819092	-0.024302797	-0.17974074	0.20280622	-0.25176954	0.22382507	0.19933176	-0.18845995	-0.31220996	0.2120936	-0.17963703	0.27619162	0.2219433	0.11588913	0.06832731	-0.09303985	0.08757625	-0.059734423	0.12995975	0.9999998	-0.01773326	0.07898476	-0.29675752	-0.3696931
0.060123317	0.016163668	0.09760193	-0.06304678	0.046093434	0.04618408	-0.053585503	0.28242996	-0.37166715	-0.2072196	0.14987473	-0.20820604	0.16041952	0.11536758	0.20233569	-0.10063217	0.09473392	-0.028973587	-0.12199204	0.2018533	-0.12026649	-0.42660767	-0.35683838	-0.37777692	0.015705697	-0.01773326	0.99999976	-0.38577837	0.20036566	0.15109885
-0.18919942	-0.11878172	-0.22705185	0.09971155	-0.017165728	-0.098917186	0.040043294	-0.4754014	0.23366147	0.22004718	-0.23392981	0.22944018	-0.20962632	-0.19644642	-0.28021428	0.17931354	-0.13003385	0.12522036	0.17463918	-0.19701642	0.17092544	0.24142237	0.30578944	0.19060796	0.058170136	0.07898476	-0.38577837	0.9999998	-0.30483755	-0.2835407
0.23149174	0.18802406	0.26669112	-0.32431754	-0.18294984	0.24853648	0.1550401	0.22522022	-0.11764887	-0.22213273	0.30252725	-0.41263837	-0.047865525	0.2656619	0.2694299	-0.37226808	0.19790752	-0.28232226	-0.405347	-0.035449047	-0.21368705	-0.081874214	-0.29517993	-0.09179067	-0.15839131	-0.29675752	0.20036566	-0.30483755	0.9999998	0.2945887
0.18810132	0.12534654	0.2804522	-0.2641593	-0.1640895	0.2453081	0.12077166	0.20211498	-0.06507168	-0.26778695	0.2670837	-0.4048838	-0.047202595	0.23562588	0.26094988	-0.29281262	0.15227693	-0.3773776	-0.28344765	-0.09994815	-0.09813011	-0.09303345	-0.3356277	0.0375381	-0.114425406	-0.3696931	0.15109885	-0.2835407	0.2945887	0.9999998
