1.0000001	0.20966426	0.22302161	-0.24199837	0.1085207	0.26568055	-0.23091269	-0.43916273	-0.026573645	-0.1404942	-0.0045908145	0.066999055	-0.12785226	0.12809534	0.1274734	0.09635825	0.13754721	-0.2925829	-0.08124902	0.0370574	-0.14851677	0.074663036	-0.23275322	-0.24801564	0.23085727	-0.54128283	-0.17779283	0.23268853	0.029366717	-0.034130506
0.20966426	0.9999998	0.29092714	-0.27010602	0.1020737	0.2066297	-0.12996157	-0.29593542	-0.16642314	-0.44181812	-0.12773904	-0.023623718	-0.3910373	0.14815675	0.09679469	0.23598707	0.22444451	-0.2536717	-0.27153453	0.10397123	-0.42540896	0.21356124	-0.2797564	-0.1347945	0.26909634	-0.26842514	-0.06709979	0.23793182	0.15514168	0.053024333
0.22302161	0.29092714	0.9999999	-0.22177093	0.1551879	0.24174438	-0.09411106	-0.28576517	-0.1244553	-0.41644052	-0.18104342	-0.046118405	-0.31089696	0.0974156	0.13028641	0.19649963	0.22288369	-0.3875214	-0.23493946	0.021850027	-0.24164005	0.22190176	-0.36884066	-0.25827777	0.27686512	-0.2769181	-0.060916092	0.25745067	0.147178	0.02652021
-0.24199837	-0.27010602	-0.22177093	0.9999998	-0.07570604	-0.019384727	0.09732498	0.104182884	0.15686658	0.20261116	0.21876235	0.139321	0.22941108	-0.08118237	-0.08948947	-0.38648605	-0.3397671	0.112221204	0.1887008	-0.15144017	0.23860367	-0.10271252	0.073217414	0.016805682	-0.058884278	0.18284355	-0.12760109	-0.29401007	-0.41285136	-0.087395184
0.1085207	0.1020737	0.1551879	-0.07570604	0.99999976	0.10424012	0.13726331	-0.2527613	0.1912754	-0.05187369	0.06807873	0.2112204	-0.082105525	-0.22434114	0.2520737	-0.061913226	0.016713908	-0.2013798	0.014045662	-0.3453148	-0.0967003	0.020704875	-0.26920927	-0.31136492	0.1714004	-0.069031134	-0.4140479	0.14710592	-0.05136909	-0.19269687
0.26568055	0.2066297	0.24174438	-0.019384727	0.10424012	0.99999964	-0.2587809	-0.36347744	-0.11778541	-0.25086212	0.027852675	0.054719448	-0.15849715	0.17237677	0.033158995	0.09994276	0.08505093	-0.39137277	-0.11112065	0.093403384	-0.08818168	0.112786956	-0.28992006	-0.29521713	0.26418826	-0.35834584	-0.23747624	0.17688313	-0.03170656	0.033557516
-0.23091269	-0.12996157	-0.09411106	0.09732498	0.13726331	-0.2587809	0.9999995	0.13519268	0.25518316	0.17963748	0.028571071	0.1325763	0.13257301	-0.5549017	0.12825933	-0.3086978	-0.08378584	0.12397036	0.16572441	-0.4077871	0.1722796	-0.18678331	-0.033739015	-0.005914762	-0.09522882	0.14257312	-0.04033684	-0.10020995	-0.035353553	-0.26454273
-0.43916273	-0.29593542	-0.28576517	0.104182884	-0.2527613	-0.36347744	0.13519268	0.9999994	-0.04586136	0.19017547	-0.06970112	-0.11420088	0.15201226	-0.1559907	-0.15737778	-0.10730312	-0.12537114	0.28799903	0.081578426	-0.042790618	0.1848255	-0.07790868	0.2351547	0.25968227	-0.36711037	0.24396019	0.20543319	-0.27884462	0.040712666	0.05868322
-0.026573645	-0.16642314	-0.1244553	0.15686658	0.1912754	-0.11778541	0.25518316	-0.04586136	0.99999946	0.20102116	0.18489115	0.269172	0.1705385	-0.35789004	0.17570938	-0.30942014	-0.1924566	0.03416442	0.23488441	-0.4224554	0.16885722	-0.27274385	-0.027720938	-0.15381226	-0.0075770165	0.074765466	-0.2554455	-0.04538795	-0.19868739	-0.39252916
-0.1404942	-0.44181812	-0.41644052	0.20261116	-0.05187369	-0.25086212	0.17963748	0.19017547	0.20102116	0.9999994	0.15522328	0.10997234	0.30009654	-0.18395971	0.009478509	-0.31022418	-0.22587074	0.21790051	0.253886	-0.1961906	0.25957873	-0.31000924	0.19341634	0.0854288	-0.34563297	0.20257504	-0.03391826	-0.22662579	-0.23222342	-0.19477107
-0.0045908145	-0.12773904	-0.18104342	0.21876235	0.06807873	0.027852675	0.028571071	-0.06970112	0.18489115	0.15522328	0.9999994	0.24867454	0.21494597	-0.057530094	-0.02452674	-0.19827189	-0.4553089	-0.013278089	0.23699366	-0.027352652	0.15068565	-0.28367856	0.053201646	-0.17521887	-0.009697128	0.097297035	-0.31437743	-0.12476715	-0.4504275	-0.16756783
0.066999055	-0.023623718	-0.046118405	0.139321	0.2112204	0.054719448	0.1325763	-0.11420088	0.269172	0.10997234	0.24867454	0.9999993	0.15198967	-0.10911672	0.18778536	-0.2740355	-0.25341982	-0.076969	0.20440914	-0.29050395	0.073613174	-0.22958489	-0.09241481	-0.31750822	0.058215015	-0.012720377	-0.42515975	0.031820044	-0.3205892	-0.35439605
-0.12785226	-0.3910373	-0.31089696	0.22941108	-0.082105525	-0.15849715	0.13257301	0.15201226	0.1705385	0.30009654	0.21494597	0.15198967	0.9999994	-0.13714561	-0.07195489	-0.35274222	-0.3011776	0.16324298	0.2808733	-0.13695444	0.24060939	-0.36850342	0.20815909	0.0342251	-0.33861497	0.19134796	-0.06562582	-0.15328461	-0.37052494	-0.10300855
0.12809534	0.14815675	0.0974156	-0.08118237	-0.22434114	0.17237677	-0.5549017	-0.1559907	-0.35789004	-0.18395971	-0.057530094	-0.10911672	-0.13714561	0.99999946	-0.17595285	0.22848788	0.08865058	-0.14697096	-0.19311148	0.2764469	-0.28222245	0.13382137	0.04039442	-0.03499026	0.060840078	-0.09508617	0.056382537	0.11030991	0.029866345	0.21920177
0.1274734	0.09679469	0.13028641	-0.08948947	0.2520737	0.033158995	0.12825933	-0.15737778	0.17570938	0.009478509	-0.02452674	0.18778536	-0.07195489	-0.17595285	0.9999995	-0.076032914	0.078931734	-0.17227137	-0.028535169	-0.28332686	-0.10878697	0.050546817	-0.25333065	-0.3358303	0.111980796	-0.067723	-0.17711201	0.15925197	-0.028115956	-0.49127725
0.09635825	0.23598707	0.19649963	-0.38648605	-0.061913226	0.09994276	-0.3086978	-0.10730312	-0.30942014	-0.31022418	-0.19827189	-0.2740355	-0.35274222	0.22848788	-0.076032914	0.9999997	0.24614607	-0.18225162	-0.38169807	0.23047425	-0.34050047	0.23421383	-0.042893797	0.031068226	0.120684795	-0.12672037	0.13383976	0.16867054	0.21889892	0.21801466
0.13754721	0.22444451	0.22288369	-0.3397671	0.016713908	0.08505093	-0.08378584	-0.12537114	-0.1924566	-0.22587074	-0.4553089	-0.25341982	-0.3011776	0.08865058	0.078931734	0.24614607	0.9999997	-0.08825033	-0.45071608	0.07386132	-0.26887482	0.25920752	-0.15582721	0.013588191	0.12797217	-0.26853213	0.10839469	0.16960527	0.2675759	0.08888799
-0.2925829	-0.2536717	-0.3875214	0.112221204	-0.2013798	-0.39137277	0.12397036	0.28799903	0.03416442	0.21790051	-0.013278089	-0.076969	0.16324298	-0.14697096	-0.17227137	-0.18225162	-0.08825033	0.9999997	0.09610603	0.00047804677	0.21400726	-0.09122115	0.21844321	0.26350334	-0.32816055	0.23255724	0.13506411	-0.48349553	0.0071251756	0.002718107
-0.08124902	-0.27153453	-0.23493946	0.1887008	0.014045662	-0.11112065	0.16572441	0.081578426	0.23488441	0.253886	0.23699366	0.20440914	0.2808733	-0.19311148	-0.028535169	-0.38169807	-0.45071608	0.09610603	0.99999964	-0.17243135	0.23400837	-0.5423684	0.14564998	-0.022477414	-0.16305478	0.12684746	-0.11960005	-0.10973507	-0.20680705	-0.17425999
0.0370574	0.10397123	0.021850027	-0.15144017	-0.3453148	0.093403384	-0.4077871	-0.042790618	-0.4224554	-0.1961906	-0.027352652	-0.29050395	-0.13695444	0.2764469	-0.28332686	0.23047425	0.07386132	0.00047804677	-0.17243135	0.9999995	-0.13720591	0.10404731	0.093727484	0.1273155	0.016944299	-0.04064469	0.15385297	-0.02047598	0.072894104	0.26865005
-0.14851677	-0.42540896	-0.24164005	0.23860367	-0.0967003	-0.08818168	0.1722796	0.1848255	0.16885722	0.25957873	0.15068565	0.073613174	0.24060939	-0.28222245	-0.10878697	-0.34050047	-0.26887482	0.21400726	0.23400837	-0.13720591	0.99999946	-0.21053836	0.13283408	0.10182949	-0.19951661	0.1459578	-0.06076547	-0.41013557	-0.12262678	-0.17599922
0.074663036	0.21356124	0.22190176	-0.10271252	0.020704875	0.112786956	-0.18678331	-0.07790868	-0.27274385	-0.31000924	-0.28367856	-0.22958489	-0.36850342	0.13382137	0.050546817	0.23421383	0.25920752	-0.09122115	-0.5423684	0.10404731	-0.21053836	0.99999934	-0.29514802	-0.014208076	0.16674161	-0.10656761	0.10600514	0.09588214	0.18925652	0.10872516
-0.23275322	-0.2797564	-0.36884066	0.073217414	-0.26920927	-0.28992006	-0.033739015	0.2351547	-0.027720938	0.19341634	0.053201646	-0.09241481	0.20815909	0.04039442	-0.25333065	-0.042893797	-0.15582721	0.21844321	0.14564998	0.093727484	0.13283408	-0.29514802	0.9999992	0.21029393	-0.46144643	0.19672081	0.12438436	-0.14293371	-0.09452149	0.114949144
-0.24801564	-0.1347945	-0.25827777	0.016805682	-0.31136492	-0.29521713	-0.005914762	0.25968227	-0.15381226	0.0854288	-0.17521887	-0.31750822	0.0342251	-0.03499026	-0.3358303	0.031068226	0.013588191	0.26350334	-0.022477414	0.1273155	0.10182949	-0.014208076	0.21029393	0.99999934	-0.18057518	0.1297802	0.2537737	-0.3319865	0.123804405	0.16921169
0.23085727	0.26909634	0.27686512	-0.058884278	0.1714004	0.26418826	-0.09522882	-0.36711037	-0.0075770165	-0.34563297	-0.009697128	0.058215015	-0.33861497	0.060840078	0.111980796	0.120684795	0.12797217	-0.32816055	-0.16305478	0.016944299	-0.19951661	0.16674161	-0.46144643	-0.18057518	0.99999917	-0.34888136	-0.16050278	0.1867785	0.03963109	-0.03724988
-0.54128283	-0.26842514	-0.2769181	0.18284355	-0.069031134	-0.35834584	0.14257312	0.24396019	0.074765466	0.20257504	0.097297035	-0.012720377	0.19134796	-0.09508617	-0.067723	-0.12672037	-0.26853213	0.23255724	0.12684746	-0.04064469	0.1459578	-0.10656761	0.19672081	0.1297802	-0.34888136	0.99999934	0.096587285	-0.29443377	-0.18092106	-0.007502835
-0.17779283	-0.06709979	-0.060916092	-0.12760109	-0.4140479	-0.23747624	-0.04033684	0.20543319	-0.2554455	-0.03391826	-0.31437743	-0.42515975	-0.06562582	0.056382537	-0.17711201	0.13383976	0.10839469	0.13506411	-0.11960005	0.15385297	-0.06076547	0.10600514	0.12438436	0.2537737	-0.16050278	0.096587285	0.999999	-0.035366464	0.2042345	0.19531295
0.23268853	0.23793182	0.25745067	-0.29401007	0.14710592	0.17688313	-0.10020995	-0.27884462	-0.04538795	-0.22662579	-0.12476715	0.031820044	-0.15328461	0.11030991	0.15925197	0.16867054	0.16960527	-0.48349553	-0.10973507	-0.02047598	-0.41013557	0.09588214	-0.14293371	-0.3319865	0.1867785	-0.29443377	-0.035366464	0.9999991	0.08427573	-0.0069031576
0.029366717	0.15514168	0.147178	-0.41285136	-0.05136909	-0.03170656	-0.035353553	0.040712666	-0.19868739	-0.23222342	-0.4504275	-0.3205892	-0.37052494	0.029866345	-0.028115956	0.21889892	0.2675759	0.0071251756	-0.20680705	0.072894104	-0.12262678	0.18925652	-0.09452149	0.123804405	0.03963109	-0.18092106	0.2042345	0.08427573	0.99999905	0.12687646
-0.034130506	0.053024333	0.02652021	-0.087395184	-0.19269687	0.033557516	-0.26454273	0.05868322	-0.39252916	-0.19477107	-0.16756783	-0.35439605	-0.10300855	0.21920177	-0.49127725	0.21801466	0.08888799	0.002718107	-0.17425999	0.26865005	-0.17599922	0.10872516	0.114949144	0.16921169	-0.03724988	-0.007502835	0.19531295	-0.0069031576	0.12687646	0.99999905
