1.0000001	0.22930852	-0.26957926	-0.3230297	-0.39681292	-0.007357626	0.27240816	0.2943004	0.25116384	0.13221742	0.18491027	-0.3774445	0.2265375	0.22410984	-0.41629475	0.1251582	-0.3903751	0.28651747	-0.16037036	-0.036111474	0.28211913	-0.24869436	0.2729087	-0.27251902	0.2972629	-0.31147954	-0.1805914	-0.28563565	-0.11440714	-0.28819388
0.22930852	0.9999998	-0.47626567	-0.45600778	-0.09137565	0.17675045	0.25310567	0.27706447	0.08707854	-0.03709057	0.29350233	-0.28552535	0.28839374	0.06898396	-0.14198406	-0.018126698	-0.34907192	0.2871809	-0.3169555	0.12306112	0.28167287	-0.40312615	0.2812494	-0.08012281	0.15911695	-0.3491116	0.014134428	-0.2076457	-0.3046066	-0.30355778
-0.26957926	-0.47626567	0.99999964	0.29793543	0.12975903	-0.22506538	-0.23652476	-0.33790246	-0.062296	-0.025519025	-0.25362277	0.2376244	-0.3007557	-0.13448071	0.19989082	-0.05146032	0.26421392	-0.30461606	0.25322273	-0.060253046	-0.34908488	0.28917336	-0.49347204	0.12546438	-0.22474831	0.30924922	0.025992354	0.20028481	0.24124312	0.23161569
-0.3230297	-0.45600778	0.29793543	0.9999995	0.15850955	-0.13950615	-0.24368948	-0.35823283	-0.17283653	0.056027915	-0.39809275	0.26482832	-0.3185908	-0.12632929	0.19165471	0.0044653085	0.29406473	-0.35117486	0.23963667	-0.16313852	-0.37297654	0.30817375	-0.3645069	0.1203612	-0.218592	0.30406275	0.031963293	0.19826412	0.26474643	0.27203277
-0.39681292	-0.09137565	0.12975903	0.15850955	0.9999995	0.12701282	-0.32127795	-0.27817076	-0.40847623	-0.3590227	-0.07517047	0.26088265	-0.15158053	-0.21426903	0.29942372	-0.20857209	0.16172743	-0.2511999	-0.0014571568	0.07938759	-0.2775531	0.14420812	-0.16394652	0.25948453	-0.3697679	0.16030163	0.24577247	0.3023837	0.014248892	0.22557327
-0.007357626	0.17675045	-0.22506538	-0.13950615	0.12701282	0.9999994	0.076088555	0.052913707	-0.18108386	-0.23745462	0.21100879	-0.016153738	0.16129042	-0.16396797	0.072801195	-0.26452628	-0.15758862	0.09160898	-0.55533034	0.19191481	0.056848362	-0.27075675	0.095201984	0.17275612	-0.071418956	-0.2555885	0.22570644	0.07926061	-0.2332374	-0.012097191
0.27240816	0.25310567	-0.23652476	-0.24368948	-0.32127795	0.076088555	0.9999993	0.29106414	0.22265899	0.059823904	0.2563577	-0.40801007	0.26421642	0.15392394	-0.2783564	-0.038078096	-0.34348252	0.30936515	-0.22737998	0.1050157	0.2962877	-0.32673603	0.24281189	-0.103963815	0.24096884	-0.29886895	-0.13744397	-0.343017	-0.27846766	-0.45876825
0.2943004	0.27706447	-0.33790246	-0.35823283	-0.27817076	0.052913707	0.29106414	0.99999917	0.19614254	0.03697257	0.24696201	-0.22858845	0.28123513	0.19420697	-0.32484978	0.051003095	-0.37455505	0.3144337	-0.16789202	0.0435699	0.30339372	-0.3597492	0.2785881	-0.20044038	0.25517413	-0.37482584	-0.1302912	-0.27679893	-0.26904878	-0.43564475
0.25116384	0.08707854	-0.062296	-0.17283653	-0.40847623	-0.18108386	0.22265899	0.19614254	0.9999989	0.20306058	0.069400795	-0.37807223	0.07475997	0.25186178	-0.3792417	0.12593813	-0.12301533	0.17935899	0.0335698	-0.032917846	0.21861845	-0.14480542	0.16222492	-0.26631957	0.2933271	-0.119669706	-0.452404	-0.38469037	0.0018761201	-0.26518652
0.13221742	-0.03709057	-0.025519025	0.056027915	-0.3590227	-0.23745462	0.059823904	0.03697257	0.20306058	0.999999	-0.11127295	-0.16470835	-0.12984063	0.24635884	-0.2727009	0.26258034	0.04051144	-0.0016214045	0.13878033	-0.4009346	0.06568085	0.023642436	0.087360755	-0.31604114	0.21268499	-0.020350054	-0.3110903	-0.32500014	0.15417723	-0.0072101573
0.18491027	0.29350233	-0.25362277	-0.39809275	-0.07517047	0.21100879	0.2563577	0.24696201	0.069400795	-0.11127295	0.999999	-0.28964588	0.2932294	0.040594447	-0.0975443	-0.18860409	-0.3482962	0.27710664	-0.33872074	0.21392772	0.2674741	-0.44532096	0.22560449	-0.032961197	0.11494894	-0.34333235	0.0317633	-0.16957863	-0.40442786	-0.23016723
-0.3774445	-0.28552535	0.2376244	0.26482832	0.26088265	-0.016153738	-0.40801007	-0.22858845	-0.37807223	-0.16470835	-0.28964588	0.99999887	-0.24670678	-0.2479039	0.2801838	-0.01907509	0.25137237	-0.3292035	0.14838731	-0.06221184	-0.33614865	0.25353697	-0.36383066	0.18535367	-0.31887615	0.26319087	0.17690761	0.29261342	0.18027176	0.27697217
0.2265375	0.28839374	-0.3007557	-0.3185908	-0.15158053	0.16129042	0.26421642	0.28123513	0.07475997	-0.12984063	0.2932294	-0.24670678	0.99999887	0.07028003	-0.132815	-0.052289795	-0.45705724	0.30777565	-0.30715227	0.16011648	0.26351756	-0.2788459	0.23825672	-0.09917065	0.14922225	-0.38469434	0.031984232	-0.1566702	-0.45749575	-0.33711758
0.22410984	0.06898396	-0.13448071	-0.12632929	-0.21426903	-0.16396797	0.15392394	0.19420697	0.25186178	0.24635884	0.040594447	-0.2479039	0.07028003	0.9999989	-0.334875	0.2247985	-0.081691526	0.14723502	0.03303247	-0.3018315	0.18762572	-0.06354791	0.19049796	-0.42539024	0.29006374	-0.17337893	-0.47755697	-0.31797075	-0.011816922	-0.2485317
-0.41629475	-0.14198406	0.19989082	0.19165471	0.29942372	0.072801195	-0.2783564	-0.32484978	-0.3792417	-0.2727009	-0.0975443	0.2801838	-0.132815	-0.334875	0.99999887	-0.21013393	0.18687631	-0.28024644	0.053826492	0.113405965	-0.2824003	0.17105255	-0.3627294	0.2780568	-0.4046051	0.20899434	0.2451534	0.314284	0.0615529	0.24165337
0.1251582	-0.018126698	-0.05146032	0.0044653085	-0.20857209	-0.26452628	-0.038078096	0.051003095	0.12593813	0.26258034	-0.18860409	-0.01907509	-0.052289795	0.2247985	-0.21013393	0.9999989	0.044222813	-0.011555734	0.10463852	-0.524982	0.019909263	0.06441313	0.086861685	-0.4715281	0.177793	0.0008231589	-0.15587395	-0.21439627	0.16536047	-0.028736284
-0.3903751	-0.34907192	0.26421392	0.29406473	0.16172743	-0.15758862	-0.34348252	-0.37455505	-0.12301533	0.04051144	-0.3482962	0.25137237	-0.45705724	-0.081691526	0.18687631	0.044222813	0.99999905	-0.4371248	0.24517202	-0.124410495	-0.26257646	0.28518778	-0.2234874	0.08314233	-0.22766012	0.29830477	0.0027511467	0.18890207	0.26705843	0.2869205
0.28651747	0.2871809	-0.30461606	-0.35117486	-0.2511999	0.09160898	0.30936515	0.3144337	0.17935899	-0.0016214045	0.27710664	-0.3292035	0.30777565	0.14723502	-0.28024644	-0.011555734	-0.4371248	0.99999905	-0.25512165	0.10395187	0.29990694	-0.28551927	0.27103335	-0.16453406	0.23168743	-0.33971786	-0.059760623	-0.27925396	-0.32576993	-0.43071213
-0.16037036	-0.3169555	0.25322273	0.23963667	-0.0014571568	-0.55533034	-0.22737998	-0.16789202	0.0335698	0.13878033	-0.33872074	0.14838731	-0.30715227	0.03303247	0.053826492	0.10463852	0.24517202	-0.25512165	0.99999905	-0.14920413	-0.2605834	0.27727675	-0.21507627	-0.05676258	-0.07872698	0.27224827	-0.18598492	0.060657624	0.26752955	0.14876868
-0.036111474	0.12306112	-0.060253046	-0.16313852	0.07938759	0.19191481	0.1050157	0.0435699	-0.032917846	-0.4009346	0.21392772	-0.06221184	0.16011648	-0.3018315	0.113405965	-0.524982	-0.124410495	0.10395187	-0.14920413	0.9999992	0.07178533	-0.1889715	-0.01931967	0.21442056	-0.12586117	-0.11737947	0.16741961	0.100546144	-0.2976111	-0.083359934
0.28211913	0.28167287	-0.34908488	-0.37297654	-0.2775531	0.056848362	0.2962877	0.30339372	0.21861845	0.06568085	0.2674741	-0.33614865	0.26351756	0.18762572	-0.2824003	0.019909263	-0.26257646	0.29990694	-0.2605834	0.07178533	0.9999993	-0.40621486	0.29402754	-0.17552267	0.25628838	-0.3307685	-0.1837867	-0.31794497	-0.31281656	-0.29675254
-0.24869436	-0.40312615	0.28917336	0.30817375	0.14420812	-0.27075675	-0.32673603	-0.3597492	-0.14480542	0.023642436	-0.44532096	0.25353697	-0.2788459	-0.06354791	0.17105255	0.06441313	0.28518778	-0.28551927	0.27727675	-0.1889715	-0.40621486	0.9999993	-0.29848325	0.060997177	-0.18296811	0.30871868	0.0025451202	0.18927324	0.27764758	0.24792598
0.2729087	0.2812494	-0.49347204	-0.3645069	-0.16394652	0.095201984	0.24281189	0.2785881	0.16222492	0.087360755	0.22560449	-0.36383066	0.23825672	0.19049796	-0.3627294	0.086861685	-0.2234874	0.27103335	-0.21507627	-0.01931967	0.29402754	-0.29848325	0.9999993	-0.21672103	0.2429017	-0.3799356	-0.09920934	-0.29636353	-0.25573602	-0.21668226
-0.27251902	-0.08012281	0.12546438	0.1203612	0.25948453	0.17275612	-0.103963815	-0.20044038	-0.26631957	-0.31604114	-0.032961197	0.18535367	-0.09917065	-0.42539024	0.2780568	-0.4715281	0.08314233	-0.16453406	-0.05676258	0.21442056	-0.17552267	0.060997177	-0.21672103	0.9999992	-0.3806553	0.11411788	0.25327155	0.27585548	-0.05345605	0.17285253
0.2972629	0.15911695	-0.22474831	-0.218592	-0.3697679	-0.071418956	0.24096884	0.25517413	0.2933271	0.21268499	0.11494894	-0.31887615	0.14922225	0.29006374	-0.4046051	0.177793	-0.22766012	0.23168743	-0.07872698	-0.12586117	0.25628838	-0.18296811	0.2429017	-0.3806553	0.9999992	-0.19603615	-0.36871472	-0.40895447	-0.03112339	-0.31270465
-0.31147954	-0.3491116	0.30924922	0.30406275	0.16030163	-0.2555885	-0.29886895	-0.37482584	-0.119669706	-0.020350054	-0.34333235	0.26319087	-0.38469434	-0.17337893	0.20899434	0.0008231589	0.29830477	-0.33971786	0.27224827	-0.11737947	-0.3307685	0.30871868	-0.3799356	0.11411788	-0.19603615	0.99999905	0.009842955	0.21235348	0.2719767	0.26098794
-0.1805914	0.014134428	0.025992354	0.031963293	0.24577247	0.22570644	-0.13744397	-0.1302912	-0.452404	-0.3110903	0.0317633	0.17690761	0.031984232	-0.47755697	0.2451534	-0.15587395	0.0027511467	-0.059760623	-0.18598492	0.16741961	-0.1837867	0.0025451202	-0.09920934	0.25327155	-0.36871472	0.009842955	0.9999988	0.24562547	-0.09811003	0.1300096
-0.28563565	-0.2076457	0.20028481	0.19826412	0.3023837	0.07926061	-0.343017	-0.27679893	-0.38469037	-0.32500014	-0.16957863	0.29261342	-0.1566702	-0.31797075	0.314284	-0.21439627	0.18890207	-0.27925396	0.060657624	0.100546144	-0.31794497	0.18927324	-0.29636353	0.27585548	-0.40895447	0.21235348	0.24562547	0.99999875	0.07198904	0.2516596
-0.11440714	-0.3046066	0.24124312	0.26474643	0.014248892	-0.2332374	-0.27846766	-0.26904878	0.0018761201	0.15417723	-0.40442786	0.18027176	-0.45749575	-0.011816922	0.0615529	0.16536047	0.26705843	-0.32576993	0.26752955	-0.2976111	-0.31281656	0.27764758	-0.25573602	-0.05345605	-0.03112339	0.2719767	-0.09811003	0.07198904	0.99999857	0.20848274
-0.28819388	-0.30355778	0.23161569	0.27203277	0.22557327	-0.012097191	-0.45876825	-0.43564475	-0.26518652	-0.0072101573	-0.23016723	0.27697217	-0.33711758	-0.2485317	0.24165337	-0.028736284	0.2869205	-0.43071213	0.14876868	-0.083359934	-0.29675254	0.24792598	-0.21668226	0.17285253	-0.31270465	0.26098794	0.1300096	0.2516596	0.20848274	0.99999857
