1.0000002	-0.054562308	0.11412611	-0.0520817	0.1613204	0.041858524	0.26772735	-0.1505858	-0.2941481	0.1701794	0.10624964	0.00995897	0.025735829	0.23774265	0.012798157	0.08562881	-0.07941989	-0.14117451	-0.012493833	-0.15901306	-0.21427317	-0.21145974	0.099552594	-0.26343355	0.03966183	-0.26706997	-0.11438949	0.110961184	-0.516349	0.047045723
-0.054562308	1.0000001	0.27072844	-0.17226382	0.17992999	-0.40563995	0.09650524	-0.34511933	-0.0060891206	-0.35571063	-0.32499382	0.18519424	0.23538136	0.13891405	-0.26380286	0.29080737	0.2526829	0.23059364	-0.13875316	0.27364656	-0.25557226	0.22882211	0.09787076	-0.24976155	-0.3566964	-0.16637626	0.16523683	-0.30827165	0.014291039	-0.2569316
0.11412611	0.27072844	1.0000001	-0.09042117	0.21982792	-0.2904333	0.2146504	-0.35681164	-0.14393784	-0.2448301	-0.22608592	0.15999433	0.258505	0.2336585	-0.17022228	0.28962165	0.1845784	0.19649117	-0.108393945	0.1884485	-0.31833827	0.12940192	0.070758276	-0.40798476	-0.2676109	-0.35472113	0.077610925	-0.2666964	-0.19583829	-0.16599627
-0.0520817	-0.17226382	-0.09042117	1.0000001	-0.363504	0.12347237	-0.07775279	0.19128093	0.15189278	0.027853273	0.062149905	-0.037997242	-0.025329879	-0.08281067	-0.13024226	-0.19010206	0.026122471	0.07231617	0.038797803	-0.0362563	-0.005250342	0.012194816	-0.6822981	0.17856607	0.02256244	0.0050992123	0.083095975	-0.040079445	0.058280256	-0.0672351
0.1613204	0.17992999	0.21982792	-0.363504	1.0	-0.26857767	0.13995829	-0.25645015	-0.24805811	-0.042587552	-0.1484594	0.049845513	0.092597045	0.17043379	0.013705686	0.21352267	-0.002011397	0.032949287	-0.075447455	0.07074084	-0.079516284	0.020709524	0.24475583	-0.5515337	-0.114466876	-0.1394652	-0.054149024	-0.076628216	-0.17299111	-0.016390223
0.041858524	-0.40563995	-0.2904333	0.12347237	-0.26857767	0.9999998	-0.14230244	0.19022124	-0.0005370012	0.21384904	0.2384572	-0.13416764	-0.35918197	-0.08353006	0.15878077	-0.29301628	-0.31061506	-0.41751468	0.13829654	-0.32186538	0.20202436	-0.17831083	-0.10202622	0.20704757	0.27789783	0.19333114	-0.1271304	0.26387838	-0.020073825	0.20586723
0.26772735	0.09650524	0.2146504	-0.07775279	0.13995829	-0.14230244	0.99999994	-0.21044421	-0.38924778	0.060018174	-0.015164467	0.095194474	0.18626486	0.28540564	-0.10434479	0.1889659	0.029735832	0.03221917	-0.07232956	-0.003867708	-0.34939617	-0.068866245	0.096999295	-0.15317178	-0.11180152	-0.44838253	-0.0022741114	-0.010977396	-0.43462607	-0.098607585
-0.1505858	-0.34511933	-0.35681164	0.19128093	-0.25645015	0.19022124	-0.21044421	1.0	0.15242204	0.10941615	0.18698506	-0.073671296	-0.14956595	-0.4106955	0.12959485	-0.35896775	-0.18336666	-0.061343048	0.061493963	-0.15700346	0.21453932	-0.21359578	-0.2952076	0.24397776	0.17966655	0.19048122	-0.004729219	0.10489517	0.1387225	0.13391966
-0.2941481	-0.0060891206	-0.14393784	0.15189278	-0.24805811	-0.0005370012	-0.38924778	0.15242204	1.0000001	-0.21996246	-0.1431633	-0.0021525905	-0.043147817	-0.41843978	-0.015065536	-0.12282143	0.09662996	0.10558405	-0.054635126	0.08084378	0.14916673	0.12524877	-0.28673732	0.15865669	-0.026354954	0.16131723	0.11569081	-0.15685694	0.2794639	-0.005537347
0.1701794	-0.35571063	-0.2448301	0.027853273	-0.042587552	0.21384904	0.060018174	0.10941615	-0.21996246	1.0	0.27401945	-0.36151117	-0.18140988	0.030866534	0.23023741	-0.1328715	-0.32831007	-0.18829966	0.22973873	-0.4095022	0.06151867	-0.33754128	0.025720589	0.049776018	0.25227007	0.033457182	-0.31993562	0.27052948	-0.15538399	0.23846318
0.10624964	-0.32499382	-0.22608592	0.062149905	-0.1484594	0.2384572	-0.015164467	0.18698506	-0.1431633	0.27401945	1.0	-0.22978303	-0.083928876	-0.07834207	0.24349037	-0.34762365	-0.26875782	-0.26469156	0.2063266	-0.43480912	0.116277665	-0.35895395	-0.01650096	0.116498135	0.2619288	0.060218606	-0.29723087	0.26672494	-0.13561408	0.23484887
0.00995897	0.18519424	0.15999433	-0.037997242	0.049845513	-0.13416764	0.095194474	-0.073671296	-0.0021525905	-0.36151117	-0.22978303	0.99999994	0.14777035	0.0737685	-0.29995212	0.16870601	0.27346274	0.15725584	-0.5549081	0.25915748	-0.16730127	0.23156312	-0.055342145	-0.021589696	-0.31296882	-0.10394284	0.29075372	-0.31220955	-0.07415521	-0.3609031
0.025735829	0.23538136	0.258505	-0.025329879	0.092597045	-0.35918197	0.18626486	-0.14956595	-0.043147817	-0.18140988	-0.083928876	0.14777035	0.99999994	0.16194065	-0.123567834	0.23701365	0.18526858	0.26611567	-0.07855995	0.16013344	-0.3891897	0.10759397	-0.008162993	-0.22003108	-0.38311315	-0.44151208	0.112567	-0.27774993	-0.094939545	-0.31740856
0.23774265	0.13891405	0.2336585	-0.08281067	0.17043379	-0.08353006	0.28540564	-0.4106955	-0.41843978	0.030866534	-0.07834207	0.0737685	0.16194065	0.99999994	-0.09002553	0.22864556	0.06044096	0.027989246	-0.022171212	0.045696586	-0.4096443	0.012218918	0.12216545	-0.21051505	-0.16528934	-0.2806643	-0.034875415	-0.061109003	-0.3455803	-0.13611048
0.012798157	-0.26380286	-0.17022228	-0.13024226	0.013705686	0.15878077	-0.10434479	0.12959485	-0.015065536	0.23023741	0.24349037	-0.29995212	-0.123567834	-0.09002553	1.0	-0.2844199	-0.4302088	-0.16550659	0.2582104	-0.40070102	0.17165129	-0.39090142	0.107806176	0.018364334	0.2532838	0.103447184	-0.38497418	0.22536695	0.039297648	0.28797093
0.08562881	0.29080737	0.28962165	-0.19010206	0.21352267	-0.29301628	0.1889659	-0.35896775	-0.12282143	-0.1328715	-0.34762365	0.16870601	0.23701365	0.22864556	-0.2844199	1.0000001	0.2135483	0.18847641	-0.14068992	0.22312546	-0.32141125	0.17970416	0.11841061	-0.3005459	-0.34575886	-0.29296708	0.11976855	-0.26480475	-0.1044346	-0.24544486
-0.07941989	0.2526829	0.1845784	0.026122471	-0.002011397	-0.31061506	0.029735832	-0.18336666	0.09662996	-0.32831007	-0.26875782	0.27346274	0.18526858	0.06044096	-0.4302088	0.2135483	1.0	0.23824878	-0.39117637	0.30242583	-0.1903841	0.27804074	-0.059061736	-0.059258718	-0.33586407	-0.09017448	0.2863986	-0.36493546	0.0033694718	-0.33734632
-0.14117451	0.23059364	0.19649117	0.07231617	0.032949287	-0.41751468	0.03221917	-0.061343048	0.10558405	-0.18829966	-0.26469156	0.15725584	0.26611567	0.027989246	-0.16550659	0.18847641	0.23824878	1.0000001	-0.12519854	0.22659513	-0.27435252	0.17408018	-0.1084131	-0.1260438	-0.36011484	-0.23754993	0.19527668	-0.46388066	0.08094109	-0.29101086
-0.012493833	-0.13875316	-0.108393945	0.038797803	-0.075447455	0.13829654	-0.07232956	0.061493963	-0.054635126	0.22973873	0.2063266	-0.5549081	-0.07855995	-0.022171212	0.2582104	-0.14068992	-0.39117637	-0.12519854	1.0	-0.34162998	0.114354536	-0.2953164	0.025321662	0.024522556	0.21665202	0.043536026	-0.45996317	0.20134814	0.067604385	0.24550927
-0.15901306	0.27364656	0.1884485	-0.0362563	0.07074084	-0.32186538	-0.003867708	-0.15700346	0.08084378	-0.4095022	-0.43480912	0.25915748	0.16013344	0.045696586	-0.40070102	0.22312546	0.30242583	0.22659513	-0.34162998	0.99999994	-0.16566455	0.29248807	-0.018077504	-0.06797736	-0.29658705	-0.084924996	0.2739702	-0.2932261	0.07472073	-0.28080925
-0.21427317	-0.25557226	-0.31833827	-0.005250342	-0.079516284	0.20202436	-0.34939617	0.21453932	0.14916673	0.06151867	0.116277665	-0.16730127	-0.3891897	-0.4096443	0.17165129	-0.32141125	-0.1903841	-0.27435252	0.114354536	-0.16566455	0.9999999	-0.072677396	-0.005515194	0.17080526	0.23800848	0.30233273	-0.08719195	0.1694682	0.1987241	0.19689277
-0.21145974	0.22882211	0.12940192	0.012194816	0.020709524	-0.17831083	-0.068866245	-0.21359578	0.12524877	-0.33754128	-0.35895395	0.23156312	0.10759397	0.012218918	-0.39090142	0.17970416	0.27804074	0.17408018	-0.2953164	0.29248807	-0.072677396	0.99999976	-0.08156604	-0.028532784	-0.26571608	-0.021527875	0.2695721	-0.19242679	0.11026428	-0.4544422
0.099552594	0.09787076	0.070758276	-0.6822981	0.24475583	-0.10202622	0.096999295	-0.2952076	-0.28673732	0.025720589	-0.01650096	-0.055342145	-0.008162993	0.12216545	0.107806176	0.11841061	-0.059061736	-0.1084131	0.025321662	-0.018077504	-0.005515194	-0.08156604	0.9999998	-0.20980482	0.011545054	-0.013878259	-0.13268836	0.08233113	-0.110967845	0.08307824
-0.26343355	-0.24976155	-0.40798476	0.17856607	-0.5515337	0.20704757	-0.15317178	0.24397776	0.15865669	0.049776018	0.116498135	-0.021589696	-0.22003108	-0.21051505	0.018364334	-0.3005459	-0.059258718	-0.1260438	0.024522556	-0.06797736	0.17080526	-0.028532784	-0.20980482	0.99999976	0.12868203	0.20483412	0.055128407	0.109338745	0.16389546	0.04015882
0.03966183	-0.3566964	-0.2676109	0.02256244	-0.114466876	0.27789783	-0.11180152	0.17966655	-0.026354954	0.25227007	0.2619288	-0.31296882	-0.38311315	-0.16528934	0.2532838	-0.34575886	-0.33586407	-0.36011484	0.21665202	-0.29658705	0.23800848	-0.26571608	0.011545054	0.12868203	0.9999996	0.19945337	-0.33227834	0.30408934	-0.0114906635	0.30048388
-0.26706997	-0.16637626	-0.35472113	0.0050992123	-0.1394652	0.19333114	-0.44838253	0.19048122	0.16131723	0.033457182	0.060218606	-0.10394284	-0.44151208	-0.2806643	0.103447184	-0.29296708	-0.09017448	-0.23754993	0.043536026	-0.084924996	0.30233273	-0.021527875	-0.013878259	0.20483412	0.19945337	0.9999995	-0.045824032	0.12503666	0.20593177	0.16058788
-0.11438949	0.16523683	0.077610925	0.083095975	-0.054149024	-0.1271304	-0.0022741114	-0.004729219	0.11569081	-0.31993562	-0.29723087	0.29075372	0.112567	-0.034875415	-0.38497418	0.11976855	0.2863986	0.19527668	-0.45996317	0.2739702	-0.08719195	0.2695721	-0.13268836	0.055128407	-0.33227834	-0.045824032	0.9999996	-0.29938585	0.044352204	-0.39236566
0.110961184	-0.30827165	-0.2666964	-0.040079445	-0.076628216	0.26387838	-0.010977396	0.10489517	-0.15685694	0.27052948	0.26672494	-0.31220955	-0.27774993	-0.061109003	0.22536695	-0.26480475	-0.36493546	-0.46388066	0.20134814	-0.2932261	0.1694682	-0.19242679	0.08233113	0.109338745	0.30408934	0.12503666	-0.29938585	0.99999946	-0.10188518	0.2572192
-0.516349	0.014291039	-0.19583829	0.058280256	-0.17299111	-0.020073825	-0.43462607	0.1387225	0.2794639	-0.15538399	-0.13561408	-0.07415521	-0.094939545	-0.3455803	0.039297648	-0.1044346	0.0033694718	0.08094109	0.067604385	0.07472073	0.1987241	0.11026428	-0.110967845	0.16389546	-0.0114906635	0.20593177	0.044352204	-0.10188518	0.9999994	-0.0054484867
0.047045723	-0.2569316	-0.16599627	-0.0672351	-0.016390223	0.20586723	-0.098607585	0.13391966	-0.005537347	0.23846318	0.23484887	-0.3609031	-0.31740856	-0.13611048	0.28797093	-0.24544486	-0.33734632	-0.29101086	0.24550927	-0.28080925	0.19689277	-0.4544422	0.08307824	0.04015882	0.30048388	0.16058788	-0.39236566	0.2572192	-0.0054484867	0.9999994
