1.0	-0.12085431	0.05327826	0.03443496	-0.11435289	-0.4279338	-0.045580175	0.12837607	-0.2517079	0.037881725	-0.0015450312	-0.10272282	-0.46469605	0.10861742	-0.053567108	-0.13261008	0.04203358	-0.028750803	-0.5178465	0.22778817	-0.049733292	0.036204543	-0.08493682	-0.018585958	0.2648154	0.17248641	0.09922784	0.22977842	-0.07489624	0.055427127
-0.12085431	0.9999998	-0.46298006	0.18900518	0.1779631	0.1853826	-0.34750876	0.13808455	0.2616067	-0.26666832	-0.24355473	0.27277356	0.118887104	-0.26470315	-0.30012953	-0.10151885	0.18043591	-0.15797566	0.1728754	-0.36656722	0.2524529	0.13659984	-0.20075974	0.12987868	-0.13295212	0.10309368	0.19867305	-0.31586152	-0.06488457	-0.17074887
0.05327826	-0.46298006	0.9999999	-0.2770344	-0.1665631	-0.20326683	0.2529238	-0.20126942	-0.37769777	0.20793498	0.28737226	-0.36246815	-0.08884463	0.25509095	0.268776	0.062273838	-0.2754407	0.20675667	-0.1438061	0.19454578	-0.32432517	-0.2210624	0.24166402	-0.15515172	0.11329114	-0.12218313	-0.3324694	0.20641501	0.14552443	0.2187537
0.03443496	0.18900518	-0.2770344	0.99999994	0.16100208	0.027190316	-0.28047276	0.18129282	0.20037572	-0.25268784	-0.3661219	0.20123242	0.010905231	-0.18809967	-0.37095183	-0.08976002	0.30895257	-0.4817991	0.066938914	-0.10727988	0.24726754	0.270502	-0.28979775	0.27329293	-0.032976095	0.121654786	0.2483947	-0.0697441	-0.41927484	-0.3163876
-0.11435289	0.1779631	-0.1665631	0.16100208	0.99999994	0.17101368	-0.12155273	-0.031046307	0.17441104	-0.5028082	-0.23551928	0.14626117	0.121592306	-0.439734	-0.20830303	0.060311064	0.19410464	-0.078521065	0.18947849	-0.14225625	0.21673536	0.20864159	-0.31724584	0.05002256	-0.14525652	0.027341293	0.21015449	-0.14948551	-0.028462965	-0.4278777
-0.4279338	0.1853826	-0.20326683	0.027190316	0.17101368	0.9999996	-0.02326321	-0.16462727	0.18788253	-0.16179562	-0.08081577	0.19733718	0.30377594	-0.18601994	-0.0010017515	0.18649042	0.011826985	0.046334483	0.2894825	-0.37400523	0.12901244	-0.010978907	-0.008889073	-0.05495698	-0.3224799	-0.17218474	-0.04068947	-0.4589409	0.06945928	-0.113290675
-0.045580175	-0.34750876	0.2529238	-0.28047276	-0.12155273	-0.02326321	0.99999964	-0.3574847	-0.14210205	0.14111573	0.28981194	-0.1735468	0.0630919	0.20259088	0.20115674	0.21441114	-0.23278399	0.22778517	-0.035146605	0.054735012	-0.3561578	-0.14279228	0.25663602	-0.26524213	-0.09237258	-0.43510985	-0.33915648	0.08430826	0.18866414	0.21309899
0.12837607	0.13808455	-0.20126942	0.18129282	-0.031046307	-0.16462727	-0.3574847	0.9999995	0.11623926	0.0075943293	-0.23810686	0.07353918	-0.1911282	-0.13372378	-0.19852483	-0.5425887	0.1384919	-0.2756044	-0.11768041	0.042317513	0.1633399	0.13504195	-0.18522877	0.2552243	0.16608188	0.25631413	0.18205163	0.052324012	-0.30621004	-0.09304443
-0.2517079	0.2616067	-0.37769777	0.20037572	0.17441104	0.18788253	-0.14210205	0.11623926	0.9999995	-0.116032705	-0.30204687	0.27291486	0.18703315	-0.3517315	-0.31190035	-0.069285825	0.16809738	-0.20081952	0.23478705	-0.34676513	0.24677749	0.16032411	-0.22570926	0.18522009	-0.2801651	-0.021462254	0.14909768	-0.2110343	-0.1294901	-0.20675845
0.037881725	-0.26666832	0.20793498	-0.25268784	-0.5028082	-0.16179562	0.14111573	0.0075943293	-0.116032705	0.9999996	0.21533877	-0.15685332	-0.054512493	0.20406824	0.24262169	-0.07666646	-0.3428671	0.14733653	-0.17828362	0.07405012	-0.16892982	-0.3758251	0.25299358	-0.077661924	0.118798405	-0.046908297	-0.37558764	0.12677929	0.101076715	0.27655214
-0.0015450312	-0.24355473	0.28737226	-0.3661219	-0.23551928	-0.08081577	0.28981194	-0.23810686	-0.30204687	0.21533877	0.9999996	-0.27847093	-0.028921898	0.2682868	0.26981577	0.14262399	-0.2939052	0.26179972	-0.117965326	0.11524726	-0.41189525	-0.26274568	0.29740328	-0.28935805	0.015310935	-0.25545684	-0.3918295	0.1384228	0.2239328	0.2729542
-0.10272282	0.27277356	-0.36246815	0.20123242	0.14626117	0.19733718	-0.1735468	0.07353918	0.27291486	-0.15685332	-0.27847093	0.9999997	0.17468108	-0.31362018	-0.274543	0.0012994596	0.15278031	-0.16207622	0.20933077	-0.4345588	0.2373039	0.09713139	-0.12037921	0.18150905	-0.20982371	-0.042779148	0.106415264	-0.3891856	-0.22016203	-0.083265714
-0.46469605	0.118887104	-0.08884463	0.010905231	0.121592306	0.30377594	0.0630919	-0.1911282	0.18703315	-0.054512493	-0.028921898	0.17468108	0.99999976	-0.13505763	-0.0076458594	0.19979264	0.018817853	0.0015553847	0.29011413	-0.3521143	0.08423034	-0.006127747	0.019132974	-0.024975143	-0.44879562	-0.2664206	-0.093915336	-0.41473934	0.063859716	-0.07951112
0.10861742	-0.26470315	0.25509095	-0.18809967	-0.439734	-0.18601994	0.20259088	-0.13372378	-0.3517315	0.20406824	0.2682868	-0.31362018	-0.13505763	0.99999976	0.19354825	0.06729417	-0.14646505	0.14839928	-0.30739614	0.20441572	-0.4509499	-0.12846331	0.22255254	-0.1866769	0.115452446	-0.088192776	-0.22937608	0.21303208	0.119976	0.22693585
-0.053567108	-0.30012953	0.268776	-0.37095183	-0.20830303	-0.0010017515	0.20115674	-0.19852483	-0.31190035	0.24262169	0.26981577	-0.274543	-0.0076458594	0.19354825	0.9999997	0.088955365	-0.3499796	0.25289512	-0.092278846	0.06527198	-0.18358754	-0.46672964	0.27057663	-0.23049702	0.08358085	-0.0872652	-0.3390707	0.06971115	0.22835708	0.24076699
-0.13261008	-0.10151885	0.062273838	-0.08976002	0.060311064	0.18649042	0.21441114	-0.5425887	-0.069285825	-0.07666646	0.14262399	0.0012994596	0.19979264	0.06729417	0.088955365	0.9999998	-0.042081155	0.15805002	0.13562348	-0.1098175	-0.085135736	-0.06782964	0.108012065	-0.28822303	-0.3436389	-0.39409474	-0.13331412	-0.15601358	0.16622439	0.041270148
0.04203358	0.18043591	-0.2754407	0.30895257	0.19410464	0.011826985	-0.23278399	0.1384919	0.16809738	-0.3428671	-0.2939052	0.15278031	0.018817853	-0.14646505	-0.3499796	-0.042081155	0.9999998	-0.46792597	0.06727009	-0.017884625	0.22527206	0.29691678	-0.35488233	0.2292547	-0.08334164	0.12710832	0.2664953	-0.113674514	-0.32459468	-0.38197574
-0.028750803	-0.15797566	0.20675667	-0.4817991	-0.078521065	0.046334483	0.22778517	-0.2756044	-0.20081952	0.14733653	0.26179972	-0.16207622	0.0015553847	0.14839928	0.25289512	0.15805002	-0.46792597	0.9999999	-0.033264488	0.016448675	-0.2493145	-0.2505396	0.22762075	-0.47013855	-0.004201778	-0.14997092	-0.23197107	0.036009267	0.30191198	0.21002237
-0.5178465	0.1728754	-0.1438061	0.066938914	0.18947849	0.2894825	-0.035146605	-0.11768041	0.23478705	-0.17828362	-0.117965326	0.20933077	0.29011413	-0.30739614	-0.092278846	0.13562348	0.06727009	-0.033264488	0.9999999	-0.25636497	0.14397982	0.03164716	-0.03368061	0.06876449	-0.42376027	-0.14918761	-0.01244129	-0.3201638	-0.03379724	-0.12717712
0.22778817	-0.36656722	0.19454578	-0.10727988	-0.14225625	-0.37400523	0.054735012	0.042317513	-0.34676513	0.07405012	0.11524726	-0.4345588	-0.3521143	0.20441572	0.06527198	-0.1098175	-0.017884625	0.016448675	-0.25636497	0.99999976	-0.21323554	0.035261493	0.021025414	-0.07595606	0.23317218	0.09729392	0.024996364	0.2983945	0.023335928	0.06857427
-0.049733292	0.2524529	-0.32432517	0.24726754	0.21673536	0.12901244	-0.3561578	0.1633399	0.24677749	-0.16892982	-0.41189525	0.2373039	0.08423034	-0.4509499	-0.18358754	-0.085135736	0.22527206	-0.2493145	0.14397982	-0.21323554	0.99999976	0.17475517	-0.3506665	0.20443028	-0.056913897	0.15505166	0.23485932	-0.2762541	-0.20212188	-0.33619434
0.036204543	0.13659984	-0.2210624	0.270502	0.20864159	-0.010978907	-0.14279228	0.13504195	0.16032411	-0.3758251	-0.26274568	0.09713139	-0.006127747	-0.12846331	-0.46672964	-0.06782964	0.29691678	-0.2505396	0.03164716	0.035261493	0.17475517	0.99999964	-0.40436456	0.18246125	-0.07561038	0.10799032	0.26828882	-0.0159067	-0.30221945	-0.41051838
-0.08493682	-0.20075974	0.24166402	-0.28979775	-0.31724584	-0.008889073	0.25663602	-0.18522877	-0.22570926	0.25299358	0.29740328	-0.12037921	0.019132974	0.22255254	0.27057663	0.108012065	-0.35488233	0.22762075	-0.03368061	0.021025414	-0.3506665	-0.40436456	0.9999997	-0.18314318	-0.013206801	-0.2935425	-0.41698843	0.08422223	0.17722465	0.30440053
-0.018585958	0.12987868	-0.15515172	0.27329293	0.05002256	-0.05495698	-0.26524213	0.2552243	0.18522009	-0.077661924	-0.28935805	0.18150905	-0.024975143	-0.1866769	-0.23049702	-0.28822303	0.2292547	-0.47013855	0.06876449	-0.07595606	0.20443028	0.18246125	-0.18314318	0.99999964	0.01712815	0.14916745	0.16009268	-0.03030146	-0.5584862	-0.17704299
0.2648154	-0.13295212	0.11329114	-0.032976095	-0.14525652	-0.3224799	-0.09237258	0.16608188	-0.2801651	0.118798405	0.015310935	-0.20982371	-0.44879562	0.115452446	0.08358085	-0.3436389	-0.08334164	-0.004201778	-0.42376027	0.23317218	-0.056913897	-0.07561038	-0.013206801	0.01712815	0.9999995	0.23142798	0.041635834	0.24615964	-0.044039372	0.06274138
0.17248641	0.10309368	-0.12218313	0.121654786	0.027341293	-0.17218474	-0.43510985	0.25631413	-0.021462254	-0.046908297	-0.25545684	-0.042779148	-0.2664206	-0.088192776	-0.0872652	-0.39409474	0.12710832	-0.14997092	-0.14918761	0.09729392	0.15505166	0.10799032	-0.2935425	0.14916745	0.23142798	0.9999993	0.2214487	0.072538026	-0.104093425	-0.21399885
0.09922784	0.19867305	-0.3324694	0.2483947	0.21015449	-0.04068947	-0.33915648	0.18205163	0.14909768	-0.37558764	-0.3918295	0.106415264	-0.093915336	-0.22937608	-0.3390707	-0.13331412	0.2664953	-0.23197107	-0.01244129	0.024996364	0.23485932	0.26828882	-0.41698843	0.16009268	0.041635834	0.2214487	0.9999992	-0.025755173	-0.13486663	-0.31432518
0.22977842	-0.31586152	0.20641501	-0.0697441	-0.14948551	-0.4589409	0.08430826	0.052324012	-0.2110343	0.12677929	0.1384228	-0.3891856	-0.41473934	0.21303208	0.06971115	-0.15601358	-0.113674514	0.036009267	-0.3201638	0.2983945	-0.2762541	-0.0159067	0.08422223	-0.03030146	0.24615964	0.072538026	-0.025755173	0.9999991	-0.01677091	0.10579677
-0.07489624	-0.06488457	0.14552443	-0.41927484	-0.028462965	0.06945928	0.18866414	-0.30621004	-0.1294901	0.101076715	0.2239328	-0.22016203	0.063859716	0.119976	0.22835708	0.16622439	-0.32459468	0.30191198	-0.03379724	0.023335928	-0.20212188	-0.30221945	0.17722465	-0.5584862	-0.044039372	-0.104093425	-0.13486663	-0.01677091	0.9999991	0.15486637
0.055427127	-0.17074887	0.2187537	-0.3163876	-0.4278777	-0.113290675	0.21309899	-0.09304443	-0.20675845	0.27655214	0.2729542	-0.083265714	-0.07951112	0.22693585	0.24076699	0.041270148	-0.38197574	0.21002237	-0.12717712	0.06857427	-0.33619434	-0.41051838	0.30440053	-0.17704299	0.06274138	-0.21399885	-0.31432518	0.10579677	0.15486637	0.9999991
