1.0000001	-0.31553075	0.0019076385	0.037882857	-0.2240148	0.038450632	-0.3922898	0.116708785	-0.041220162	-0.40582708	0.0115177715	-0.13783945	0.25678262	-0.28820992	0.01703196	0.026145617	0.10968677	0.26154137	0.11110659	-0.18210481	0.16252534	-0.08214323	-0.27613178	0.09647182	-0.3355969	-0.002568681	0.20270701	0.15958846	0.13173063	-0.058284145
-0.31553075	1.0000004	-0.08285759	-0.33582643	0.31012928	0.12613963	0.2333832	-0.25551873	0.022924725	0.25297126	0.19125019	0.24444936	-0.36376888	0.2922229	0.1552806	0.18607582	-0.21562965	-0.39354962	-0.24911344	0.17014545	-0.35137278	0.17533483	0.2449853	-0.310464	0.26249406	-0.116761394	-0.3700509	-0.28424713	-0.21052802	-0.012530106
0.0019076385	-0.08285759	1.0000004	0.08883817	-0.11233062	-0.39527506	0.020380102	-0.097783014	0.28890648	-0.03781033	-0.2380834	-0.27509266	-0.025322113	-0.15945384	-0.37654418	0.08095525	0.27777314	0.034222245	0.0767353	-0.3887581	0.19427836	-0.39697048	-0.24217057	-0.18720488	-0.17922804	0.2803	0.14388047	0.19104919	0.225188	0.29050422
0.037882857	-0.33582643	0.08883817	1.0000007	-0.34679154	-0.19571176	-0.102424	0.23973896	-0.046308547	-0.070920005	-0.30736876	-0.38253766	0.18266068	-0.30997384	-0.24261573	-0.37187713	0.109949835	0.20430799	0.26607338	-0.17385484	0.19279955	-0.16457833	-0.19054139	0.20774159	-0.0646027	0.1219932	0.23609033	0.21775566	0.14298478	0.057136904
-0.2240148	0.31012928	-0.11233062	-0.34679154	1.0000006	0.1827507	0.20076078	-0.22953245	-0.012898921	0.26304433	0.25623345	0.2863918	-0.33320093	0.29304945	0.21164599	0.19232999	-0.23596056	-0.3431055	-0.37513036	0.20776905	-0.36450475	0.21335162	0.2788805	-0.24561761	0.25034887	-0.18020402	-0.38391784	-0.33453318	-0.27316174	-0.15173036
0.038450632	0.12613963	-0.39527506	-0.19571176	0.1827507	1.0000006	-0.07235936	-0.05245606	-0.30483493	0.0696528	0.26989144	0.24571948	-0.040270995	0.17941044	0.28675628	0.055018645	-0.3709353	-0.020369092	-0.24874577	0.26543757	-0.2880135	0.292541	0.20518562	-0.015670331	0.17081913	-0.3380292	-0.15520944	-0.18340816	-0.36835915	-0.3380889
-0.3922898	0.2333832	0.020380102	-0.102424	0.20076078	-0.07235936	1.0000007	-0.33016086	0.15389845	0.22474538	0.0061087217	0.1151935	-0.42600244	0.18848853	-0.028166935	0.09681031	-0.007752089	-0.46448538	-0.22483467	0.04654379	-0.10024678	-0.0074544004	0.13289915	-0.14233807	0.18027246	0.09445443	-0.28065094	-0.16049868	-0.06764238	0.11339483
0.116708785	-0.25551873	-0.097783014	0.23973896	-0.22953245	-0.05245606	-0.33016086	1.0000007	-0.2802073	-0.12992737	-0.18994369	-0.2332603	0.26560384	-0.22065677	-0.048152205	-0.36286032	-0.031146312	0.24916148	0.24421111	0.018143784	0.13926478	0.013640646	-0.08061199	0.26762146	-0.208056	-0.09397773	0.20933996	0.13135844	0.07807149	-0.12859246
-0.041220162	0.022924725	0.28890648	-0.046308547	-0.012898921	-0.30483493	0.15389845	-0.2802073	1.0000007	0.04206097	-0.08164765	-0.14463562	-0.14866452	-0.080619626	-0.2663659	0.14580517	0.2407907	-0.1048877	-0.046520792	-0.35143498	0.10908953	-0.30226052	-0.19391243	-0.29209468	-0.053641837	0.24523117	-0.0019748418	0.08207274	0.1466619	0.2767287
-0.40582708	0.25297126	-0.03781033	-0.070920005	0.26304433	0.0696528	0.22474538	-0.12992737	0.04206097	1.0000006	0.14818652	0.18743086	-0.2888342	0.24622667	0.137951	0.100820854	-0.124684565	-0.29478982	-0.31467187	0.14264105	-0.28085583	0.15817752	0.22796057	-0.18705526	0.25614446	-0.16282845	-0.3835916	-0.38985705	-0.34948486	-0.036830124
0.0115177715	0.19125019	-0.2380834	-0.30736876	0.25623345	0.26989144	0.0061087217	-0.18994369	-0.08164765	0.14818652	1.0000005	0.29077753	-0.102826096	0.2281121	0.29031938	0.1285059	-0.21863133	-0.15408069	-0.3468583	0.20411308	-0.25524023	0.2520322	0.22249544	-0.114974074	0.1595979	-0.37894487	-0.30841237	-0.32732502	-0.29058167	-0.34417495
-0.13783945	0.24444936	-0.27509266	-0.38253766	0.2863918	0.24571948	0.1151935	-0.2332603	-0.14463562	0.18743086	0.29077753	1.0000006	-0.17240408	0.2700893	0.27484253	0.11152776	-0.26676878	-0.2809041	-0.3224583	0.24689448	-0.32252577	0.25779587	0.27231568	-0.04254487	0.20405275	-0.26787737	-0.3506923	-0.30081353	-0.22829203	-0.27879617
0.25678262	-0.36376888	-0.025322113	0.18266068	-0.33320093	-0.040270995	-0.42600244	0.26560384	-0.14866452	-0.2888342	-0.102826096	-0.17240408	1.0000006	-0.31261194	-0.09056839	-0.18231946	0.057271827	0.31126347	0.2301387	-0.112230405	0.21231999	-0.078672305	-0.24457493	0.23246989	-0.35944334	-0.030888563	0.26310647	0.20828846	0.1618615	-0.06913702
-0.28820992	0.2922229	-0.15945384	-0.30997384	0.29304945	0.17941044	0.18848853	-0.22065677	-0.080619626	0.24622667	0.2281121	0.2700893	-0.31261194	1.0000007	0.21458465	0.09486424	-0.33621886	-0.32285857	-0.19109872	0.24823637	-0.232124	0.23936476	0.24694543	-0.1642382	0.253776	-0.23361616	-0.2758501	-0.43555307	-0.31475317	-0.117494985
0.01703196	0.1552806	-0.37654418	-0.24261573	0.21164599	0.28675628	-0.028166935	-0.048152205	-0.2663659	0.137951	0.29031938	0.27484253	-0.09056839	0.21458465	1.000001	0.050216828	-0.24201643	-0.09395341	-0.18265207	0.25274125	-0.30559772	0.30035004	0.23238087	0.007407675	0.1625758	-0.47607473	-0.2588404	-0.37729678	-0.28079182	-0.32440606
0.026145617	0.18607582	0.08095525	-0.37187713	0.19232999	0.055018645	0.09681031	-0.36286032	0.14580517	0.100820854	0.1285059	0.11152776	-0.18231946	0.09486424	0.050216828	1.0000011	0.03521768	-0.158816	-0.41435286	-0.0054777996	-0.1444831	0.0039646155	0.101862624	-0.5209767	0.04783328	0.0234088	-0.23286787	-0.103721745	-0.05949436	0.075911894
0.10968677	-0.21562965	0.27777314	0.109949835	-0.23596056	-0.3709353	-0.007752089	-0.031146312	0.2407907	-0.124684565	-0.21863133	-0.26676878	0.057271827	-0.33621886	-0.24201643	0.03521768	1.000001	0.08068806	0.119173266	-0.49698386	0.22815496	-0.36888984	-0.1784498	-0.030781742	-0.3091389	0.256397	0.18768716	0.22163747	0.2825083	0.22708847
0.26154137	-0.39354962	0.034222245	0.20430799	-0.3431055	-0.020369092	-0.46448538	0.24916148	-0.1048877	-0.29478982	-0.15408069	-0.2809041	0.31126347	-0.32285857	-0.09395341	-0.158816	0.08068806	1.000001	0.24127464	-0.12743464	0.21205522	-0.11005022	-0.30736235	0.19892631	-0.23234744	0.0067090886	0.27660856	0.22883824	0.15037182	-0.046937525
0.11110659	-0.24911344	0.0767353	0.26607338	-0.37513036	-0.24874577	-0.22483467	0.24421111	-0.046520792	-0.31467187	-0.3468583	-0.3224583	0.2301387	-0.19109872	-0.18265207	-0.41435286	0.119173266	0.24127464	1.0000008	-0.13579637	0.2437351	-0.16793688	-0.28753915	0.22989836	-0.17391214	0.12496336	0.28738046	0.23577942	0.20067824	0.07051587
-0.18210481	0.17014545	-0.3887581	-0.17385484	0.20776905	0.26543757	0.04654379	0.018143784	-0.35143498	0.14264105	0.20411308	0.24689448	-0.112230405	0.24823637	0.25274125	-0.0054777996	-0.49698386	-0.12743464	-0.13579637	1.0000007	-0.21221767	0.30626646	0.24343818	0.030427067	0.21390447	-0.2451872	-0.23890758	-0.28182396	-0.35324198	-0.2912143
0.16252534	-0.35137278	0.19427836	0.19279955	-0.36450475	-0.2880135	-0.10024678	0.13926478	0.10908953	-0.28085583	-0.25524023	-0.32252577	0.21231999	-0.232124	-0.30559772	-0.1444831	0.22815496	0.21205522	0.2437351	-0.21221767	1.0000007	-0.30476713	-0.4460775	0.12700188	-0.43160874	0.20747621	0.2851566	0.27241766	0.2775074	0.17589109
-0.08214323	0.17533483	-0.39697048	-0.16457833	0.21335162	0.292541	-0.0074544004	0.013640646	-0.30226052	0.15817752	0.2520322	0.25779587	-0.078672305	0.23936476	0.30035004	0.0039646155	-0.36888984	-0.11005022	-0.16793688	0.30626646	-0.30476713	1.0000007	0.2421996	0.008506505	0.21332203	-0.36341822	-0.27716073	-0.3419126	-0.43701625	-0.27359387
-0.27613178	0.2449853	-0.24217057	-0.19054139	0.2788805	0.20518562	0.13289915	-0.08061199	-0.19391243	0.22796057	0.22249544	0.27231568	-0.24457493	0.24694543	0.23238087	0.101862624	-0.1784498	-0.30736235	-0.28753915	0.24343818	-0.4460775	0.2421996	1.0000007	-0.1136409	0.23165807	-0.20201156	-0.26307726	-0.31923407	-0.21431132	-0.32353956
0.09647182	-0.310464	-0.18720488	0.20774159	-0.24561761	-0.015670331	-0.14233807	0.26762146	-0.29209468	-0.18705526	-0.114974074	-0.04254487	0.23246989	-0.1642382	0.007407675	-0.5209767	-0.030781742	0.19892631	0.22989836	0.030427067	0.12700188	0.008506505	-0.1136409	1.0000007	-0.14607418	-0.080097534	0.17759609	0.1166684	0.08251416	-0.18944415
-0.3355969	0.26249406	-0.17922804	-0.0646027	0.25034887	0.17081913	0.18027246	-0.208056	-0.053641837	0.25614446	0.1595979	0.20405275	-0.35944334	0.253776	0.1625758	0.04783328	-0.3091389	-0.23234744	-0.17391214	0.21390447	-0.43160874	0.21332203	0.23165807	-0.14607418	1.0000008	-0.1207502	-0.31908277	-0.2102308	-0.39830983	-0.06474919
-0.002568681	-0.116761394	0.2803	0.1219932	-0.18020402	-0.3380292	0.09445443	-0.09397773	0.24523117	-0.16282845	-0.37894487	-0.26787737	-0.030888563	-0.23361616	-0.47607473	0.0234088	0.256397	0.0067090886	0.12496336	-0.2451872	0.20747621	-0.36341822	-0.20201156	-0.080097534	-0.1207502	1.0000008	0.16535607	0.23468421	0.24361908	0.28868878
0.20270701	-0.3700509	0.14388047	0.23609033	-0.38391784	-0.15520944	-0.28065094	0.20933996	-0.0019748418	-0.3835916	-0.30841237	-0.3506923	0.26310647	-0.2758501	-0.2588404	-0.23286787	0.18768716	0.27660856	0.28738046	-0.23890758	0.2851566	-0.27716073	-0.26307726	0.17759609	-0.31908277	0.16535607	1.0000006	0.29531896	0.25744796	0.11265783
0.15958846	-0.28424713	0.19104919	0.21775566	-0.33453318	-0.18340816	-0.16049868	0.13135844	0.08207274	-0.38985705	-0.32732502	-0.30081353	0.20828846	-0.43555307	-0.37729678	-0.103721745	0.22163747	0.22883824	0.23577942	-0.28182396	0.27241766	-0.3419126	-0.31923407	0.1166684	-0.2102308	0.23468421	0.29531896	1.0000005	0.2794242	0.17562154
0.13173063	-0.21052802	0.225188	0.14298478	-0.27316174	-0.36835915	-0.06764238	0.07807149	0.1466619	-0.34948486	-0.29058167	-0.22829203	0.1618615	-0.31475317	-0.28079182	-0.05949436	0.2825083	0.15037182	0.20067824	-0.35324198	0.2775074	-0.43701625	-0.21431132	0.08251416	-0.39830983	0.24361908	0.25744796	0.2794242	1.0000006	0.1854386
-0.058284145	-0.012530106	0.29050422	0.057136904	-0.15173036	-0.3380889	0.11339483	-0.12859246	0.2767287	-0.036830124	-0.34417495	-0.27879617	-0.06913702	-0.117494985	-0.32440606	0.075911894	0.22708847	-0.046937525	0.07051587	-0.2912143	0.17589109	-0.27359387	-0.32353956	-0.18944415	-0.06474919	0.28868878	0.11265783	0.17562154	0.1854386	1.0000006
