0.99999994	-0.3471983	0.13026586	-0.344896	-0.079022326	-0.08862104	0.2414955	0.29686332	-0.2869937	-0.021444196	0.2596009	-0.32297823	0.23626359	-0.26246706	-0.06369316	0.13928986	-0.036895685	-0.27346393	-0.12185672	-0.22146308	0.2614795	0.2139786	0.1968427	-0.35123718	-0.4498306	0.21070473	0.07454173	-0.15589459	0.08012013	0.08653796
-0.3471983	1.0000002	-0.2042016	0.20711443	-0.055166375	0.1472778	-0.41199973	-0.28629887	0.26180148	-0.055552784	-0.4401787	0.2676271	-0.19281474	0.20154989	0.12370467	-0.025680989	0.16113004	0.21248044	0.20032416	0.23178162	-0.37995896	-0.24647112	-0.25310108	0.17175338	0.1797154	-0.15326405	-0.12816371	0.17968148	-0.1849532	-0.18090934
0.13026586	-0.2042016	1.0000002	0.0006026394	0.17269059	-0.460052	0.24659058	0.15836701	-0.4242308	0.1945891	0.21634762	-0.2645104	0.18798384	-0.064975046	-0.35247406	-0.04902366	-0.3061225	-0.07556512	-0.2198438	-0.19983117	0.09196438	-0.015761863	0.064954326	-0.09772243	-0.013800556	-0.05561875	0.22079295	-0.36190793	0.25023732	0.23028153
-0.344896	0.20711443	0.0006026394	1.0000002	0.18770984	-0.10340713	-0.16199866	-0.28449246	0.12630261	0.17574437	-0.15633166	0.17644241	-0.24241741	0.3010155	-0.05011477	-0.2341148	-0.042587485	0.25555325	0.028828377	0.04410765	-0.40082237	-0.47954187	-0.24422711	0.25923657	0.26982945	-0.35877615	-0.017827779	-0.021778494	0.10293767	0.007947977
-0.079022326	-0.055166375	0.17269059	0.18770984	1.0	-0.42648533	0.14120752	-0.10362938	-0.08706006	0.28527755	0.0526374	-0.020892125	0.040952094	0.1357626	-0.27165225	-0.29277635	-0.39146364	0.06428911	-0.21679696	-0.19545737	-0.20364088	-0.21639192	0.0054283217	0.17005783	0.14293066	-0.19938855	0.21168129	-0.31050876	0.23641784	0.22332613
-0.08862104	0.1472778	-0.460052	-0.10340713	-0.42648533	1.0000002	-0.23293567	-0.07787605	0.18963414	-0.25991768	-0.16195187	0.12422	-0.076291904	-0.06771883	0.20613831	0.07447123	0.23714401	-0.053979747	0.19743629	0.21085706	-0.01767039	0.1355779	-0.027506374	-0.009866512	0.0045728446	0.11326919	-0.15754892	0.24750333	-0.462841	-0.20341179
0.2414955	-0.41199973	0.24659058	-0.16199866	0.14120752	-0.23293567	1.0000001	0.22361843	-0.39298928	0.14332692	0.2852375	-0.23493719	0.24017344	-0.1256936	-0.31287345	-0.0574538	-0.2306459	-0.18073128	-0.3083639	-0.3843863	0.14832804	0.099560626	0.16441907	-0.12226262	-0.1726109	0.10423456	0.24088646	-0.38616416	0.18277863	0.254223
0.29686332	-0.28629887	0.15836701	-0.28449246	-0.10362938	-0.07787605	0.22361843	1.0000004	-0.23134652	-0.0438116	0.27328566	-0.42283157	0.25374463	-0.20836666	-0.14338373	0.13252535	-0.033129178	-0.22621508	-0.22410326	-0.25774965	0.22469822	0.18234953	0.179199	-0.42434123	-0.3086798	0.23603182	0.087859266	-0.11891833	0.053501826	0.09316161
-0.2869937	0.26180148	-0.4242308	0.12630261	-0.08706006	0.18963414	-0.39298928	-0.23134652	1.0000002	-0.1927012	-0.34728974	0.28462145	-0.3620833	0.12092607	0.22047055	0.050354283	0.2186908	0.1446498	0.25071976	0.26236352	-0.18079498	-0.157518	-0.08669333	0.11729997	0.097343475	-0.08635183	-0.28240755	0.25027397	-0.26113495	-0.21583676
-0.021444196	-0.055552784	0.1945891	0.17574437	0.28527755	-0.25991768	0.14332692	-0.0438116	-0.1927012	1.0000004	0.10047516	-0.081392035	0.015345447	0.14599057	-0.19106263	-0.36165264	-0.38649714	0.06215079	-0.1935368	-0.257986	-0.16510564	-0.2225877	-0.04368503	0.16702898	0.14657493	-0.34464338	0.22844663	-0.3299282	0.26245824	0.22413902
0.2596009	-0.4401787	0.21634762	-0.15633166	0.0526374	-0.16195187	0.2852375	0.27328566	-0.34728974	0.10047516	1.0000002	-0.46443504	0.23386425	-0.16424246	-0.15507877	-0.008609112	-0.21801394	-0.1526244	-0.32661015	-0.40018123	0.17301708	0.1371086	0.14330989	-0.22419398	-0.14997119	0.13341811	0.19803584	-0.2396806	0.19154343	0.21154033
-0.32297823	0.2676271	-0.2645104	0.17644241	-0.020892125	0.12422	-0.23493719	-0.42283157	0.28462145	-0.081392035	-0.46443504	1.0000002	-0.35144943	0.15485364	0.17350025	0.0046284217	0.16292861	0.16980697	0.23562631	0.25098208	-0.1998866	-0.16789395	-0.13986133	0.19374067	0.1457465	-0.25619578	-0.17676167	0.19007203	-0.22312197	-0.2076258
0.23626359	-0.19281474	0.18798384	-0.24241741	0.040952094	-0.076291904	0.24017344	0.25374463	-0.3620833	0.015345447	0.23386425	-0.35144943	1.0000004	-0.31992197	-0.3403326	-0.049049973	-0.15638976	-0.28375575	-0.31043223	-0.15317123	0.20285943	0.15684628	0.2506962	-0.23160443	-0.19734196	0.17673278	0.20812313	-0.14837433	0.05152463	0.160352
-0.26246706	0.20154989	-0.064975046	0.3010155	0.1357626	-0.06771883	-0.1256936	-0.20836666	0.12092607	0.14599057	-0.16424246	0.15485364	-0.31992197	1.0000004	0.026502565	-0.22434463	0.005056703	0.28749695	0.047148447	0.033100195	-0.43134102	-0.42601237	-0.43107072	0.2355784	0.23914802	-0.22874452	-0.048893012	-0.014015827	0.09487458	-0.011158179
-0.06369316	0.12370467	-0.35247406	-0.05011477	-0.27165225	0.20613831	-0.31287345	-0.14338373	0.22047055	-0.19106263	-0.15507877	0.17350025	-0.3403326	0.026502565	1.0000002	0.1959635	0.27589306	0.119815506	0.29384893	0.22430831	0.0012230576	0.061921965	-0.20944856	-0.028937519	-0.104888774	0.027891845	-0.41773972	0.26416206	-0.19320534	-0.3804269
0.13928986	-0.025680989	-0.04902366	-0.2341148	-0.29277635	0.07447123	-0.0574538	0.13252535	0.050354283	-0.36165264	-0.008609112	0.0046284217	-0.049049973	-0.22434463	0.1959635	1.0000004	0.22442888	0.0007895393	0.16758555	0.07979231	0.14397043	0.13184011	-0.026296202	-0.3620176	-0.40074095	0.19964944	-0.2845665	0.12682776	-0.12852162	-0.1672328
-0.036895685	0.16113004	-0.3061225	-0.042587485	-0.39146364	0.23714401	-0.2306459	-0.033129178	0.2186908	-0.38649714	-0.21801394	0.16292861	-0.15638976	0.005056703	0.27589306	0.22442888	1.0000005	0.08590571	0.2772853	0.24783105	-0.04949028	0.04058382	-0.14396703	-0.108426176	-0.12967747	0.06056129	-0.39951962	0.28426373	-0.27110094	-0.3777408
-0.27346393	0.21248044	-0.07556512	0.25555325	0.06428911	-0.053979747	-0.18073128	-0.22621508	0.1446498	0.06215079	-0.1526244	0.16980697	-0.28375575	0.28749695	0.119815506	0.0007895393	0.08590571	1.0000006	0.14014903	0.11147729	-0.33947897	-0.3852519	-0.5812242	0.16159229	0.16026457	-0.19304976	-0.18709387	0.04533004	0.04835385	-0.13765226
-0.12185672	0.20032416	-0.2198438	0.028828377	-0.21679696	0.19743629	-0.3083639	-0.22410326	0.25071976	-0.1935368	-0.32661015	0.23562631	-0.31043223	0.047148447	0.29384893	0.16758555	0.2772853	0.14014903	1.0000007	0.29096693	-0.058441393	-0.010849711	-0.18240948	-0.0039828094	-0.03974883	-0.00371346	-0.4124303	0.27199152	-0.3050034	-0.46375665
-0.22146308	0.23178162	-0.19983117	0.04410765	-0.19545737	0.21085706	-0.3843863	-0.25774965	0.26236352	-0.257986	-0.40018123	0.25098208	-0.15317123	0.033100195	0.22430831	0.07979231	0.24783105	0.11147729	0.29096693	1.0000006	-0.040915225	-0.057434503	-0.08864909	0.043824356	0.06461406	-0.03947021	-0.34868732	0.28657553	-0.34824374	-0.38892087
0.2614795	-0.37995896	0.09196438	-0.40082237	-0.20364088	-0.01767039	0.14832804	0.22469822	-0.18079498	-0.16510564	0.17301708	-0.1998866	0.20285943	-0.43134102	0.0012230576	0.14397043	-0.04949028	-0.33947897	-0.058441393	-0.040915225	1.0000006	0.28252742	0.23581435	-0.21829593	-0.32646084	0.22694466	0.05116291	-0.019424355	-0.019944571	0.007724039
0.2139786	-0.24647112	-0.015761863	-0.47954187	-0.21639192	0.1355779	0.099560626	0.18234953	-0.157518	-0.2225877	0.1371086	-0.16789395	0.15684628	-0.42601237	0.061921965	0.13184011	0.04058382	-0.3852519	-0.010849711	-0.057434503	0.28252742	1.0000006	0.21537024	-0.17415074	-0.19571798	0.24915956	0.0035033356	0.042970464	-0.17030643	-0.027368693
0.1968427	-0.25310108	0.064954326	-0.24422711	0.0054283217	-0.027506374	0.16441907	0.179199	-0.08669333	-0.04368503	0.14330989	-0.13986133	0.2506962	-0.43107072	-0.20944856	-0.026296202	-0.14396703	-0.5812242	-0.18240948	-0.08864909	0.23581435	0.21537024	1.0000007	-0.18984595	-0.16064742	0.1533478	0.16336685	-0.04178888	-0.033914175	0.11161755
-0.35123718	0.17175338	-0.09772243	0.25923657	0.17005783	-0.009866512	-0.12226262	-0.42434123	0.11729997	0.16702898	-0.22419398	0.19374067	-0.23160443	0.2355784	-0.028937519	-0.3620176	-0.108426176	0.16159229	-0.0039828094	0.043824356	-0.21829593	-0.17415074	-0.18984595	1.0000006	0.29459542	-0.38957655	0.02547419	0.0053566373	0.039725255	0.051231377
-0.4498306	0.1797154	-0.013800556	0.26982945	0.14293066	0.0045728446	-0.1726109	-0.3086798	0.097343475	0.14657493	-0.14997119	0.1457465	-0.19734196	0.23914802	-0.104888774	-0.40074095	-0.12967747	0.16026457	-0.03974883	0.06461406	-0.32646084	-0.19571798	-0.16064742	0.29459542	1.0000005	-0.28059512	0.060396384	0.01415799	0.04752729	0.06333294
0.21070473	-0.15326405	-0.05561875	-0.35877615	-0.19938855	0.11326919	0.10423456	0.23603182	-0.08635183	-0.34464338	0.13341811	-0.25619578	0.17673278	-0.22874452	0.027891845	0.19964944	0.06056129	-0.19304976	-0.00371346	-0.03947021	0.22694466	0.24915956	0.1533478	-0.38957655	-0.28059512	1.0000005	-0.05349791	0.009957647	-0.23955078	-0.019435683
0.07454173	-0.12816371	0.22079295	-0.017827779	0.21168129	-0.15754892	0.24088646	0.087859266	-0.28240755	0.22844663	0.19803584	-0.17676167	0.20812313	-0.048893012	-0.41773972	-0.2845665	-0.39951962	-0.18709387	-0.4124303	-0.34868732	0.05116291	0.0035033356	0.16336685	0.02547419	0.060396384	-0.05349791	1.0000005	-0.36961743	0.20501503	0.30549768
-0.15589459	0.17968148	-0.36190793	-0.021778494	-0.31050876	0.24750333	-0.38616416	-0.11891833	0.25027397	-0.3299282	-0.2396806	0.19007203	-0.14837433	-0.014015827	0.26416206	0.12682776	0.28426373	0.04533004	0.27199152	0.28657553	-0.019424355	0.042970464	-0.04178888	0.0053566373	0.01415799	0.009957647	-0.36961743	1.0000004	-0.22840841	-0.47267467
0.08012013	-0.1849532	0.25023732	0.10293767	0.23641784	-0.462841	0.18277863	0.053501826	-0.26113495	0.26245824	0.19154343	-0.22312197	0.05152463	0.09487458	-0.19320534	-0.12852162	-0.27110094	0.04835385	-0.3050034	-0.34824374	-0.019944571	-0.17030643	-0.033914175	0.039725255	0.04752729	-0.23955078	0.20501503	-0.22840841	1.0000004	0.22326307
0.08653796	-0.18090934	0.23028153	0.007947977	0.22332613	-0.20341179	0.254223	0.09316161	-0.21583676	0.22413902	0.21154033	-0.2076258	0.160352	-0.011158179	-0.3804269	-0.1672328	-0.3777408	-0.13765226	-0.46375665	-0.38892087	0.007724039	-0.027368693	0.11161755	0.051231377	0.06333294	-0.019435683	0.30549768	-0.47267467	0.22326307	1.0000004
