1.0000002	0.29188344	-0.08333985	0.24147749	-0.3084723	0.16766098	0.1856453	-0.024353895	-0.35252059	0.17442147	0.2843946	0.28053403	-0.2289783	0.27729303	-0.17960204	-0.2440182	0.041032765	-0.5083116	-0.04321289	-0.22894794	-0.22325362	0.20109569	0.26457244	-0.27047944	0.24957758	0.13638648	-0.24416822	-0.27686074	-0.2768427	-0.3025708
0.29188344	1.0000005	-0.083506554	0.19759429	-0.3093517	0.25852326	0.20228662	0.00050484895	-0.374033	0.21207392	0.2570338	0.26497716	-0.30285835	0.27739322	-0.1152523	-0.19455454	0.027521897	-0.4157452	-0.07054261	-0.35389048	-0.13461024	0.1900733	0.27130592	-0.36190873	0.24233031	0.15189643	-0.23899962	-0.44213974	-0.27546057	-0.17250144
-0.08333985	-0.083506554	1.0000004	0.120106824	0.023270309	-0.09707825	0.07478697	-0.49466032	-0.08149433	0.09905921	-0.025782356	-0.22957453	-0.019352064	0.06282717	-0.3767961	-0.11375888	0.26209426	0.15133739	-0.4148886	0.028165193	-0.23183507	0.11248295	0.033379182	0.087693885	0.06479371	0.21162398	-0.031550236	-0.12024247	-0.097481996	0.1697458
0.24147749	0.19759429	0.120106824	1.0000002	-0.25119272	0.096746355	0.2510778	-0.21630514	-0.32887846	0.20860031	0.25871512	0.16665694	-0.20576522	0.27380577	-0.38478968	-0.4388254	0.1607925	-0.16356269	-0.27341217	-0.27808964	-0.28807065	0.25147146	0.2812312	-0.22053291	0.28921106	0.23001553	-0.3358407	-0.21032853	-0.2378843	-0.19398414
-0.3084723	-0.3093517	0.023270309	-0.25119272	1.0000002	-0.3886293	-0.37384734	0.04950443	0.2571124	-0.18488912	-0.36650202	-0.3032194	0.26924932	-0.36366823	0.18174356	0.21474579	-0.093292445	0.24081035	0.11285295	0.30119258	0.17391175	-0.25087866	-0.34289268	0.27336082	-0.34243476	-0.20459865	0.27911344	0.2890109	0.25210384	0.16590928
0.16766098	0.25852326	-0.09707825	0.096746355	-0.3886293	1.0000004	0.15865742	0.048823874	-0.18096858	0.18968132	0.15748955	0.16173694	-0.35294613	0.18501268	-0.0048527652	-0.0783548	0.01077224	-0.14332438	-0.06285719	-0.2523129	-0.054080237	0.16622089	0.17678066	-0.58341765	0.16317117	0.119296536	-0.15074874	-0.36821917	-0.2711252	-0.071626544
0.1856453	0.20228662	0.07478697	0.2510778	-0.37384734	0.15865742	1.0000004	-0.19893569	-0.1533505	0.14236537	0.25239787	0.1706359	-0.18618827	0.24273795	-0.42051053	-0.16449547	0.08308822	-0.13558604	-0.21085075	-0.35930443	-0.14227797	0.18539582	0.25453338	-0.26187396	0.2399234	0.17640057	-0.46888113	-0.32033795	-0.13856013	-0.08489651
-0.024353895	0.00050484895	-0.49466032	-0.21630514	0.04950443	0.048823874	-0.19893569	1.0000004	0.14502458	-0.22135289	-0.060287002	0.09872871	0.107709296	-0.11806931	0.25508863	0.20262323	-0.46978816	-0.10486665	0.30883387	0.036668804	0.25338545	-0.22708268	-0.14138608	-0.007936154	-0.17122127	-0.3245671	0.11490553	0.11877971	0.16742359	-0.12715836
-0.35252059	-0.374033	-0.08149433	-0.32887846	0.2571124	-0.18096858	-0.1533505	0.14502458	1.0000001	-0.39561528	-0.21815985	-0.27563614	0.28386328	-0.3327561	0.1882341	0.27325818	-0.21238738	0.23932748	0.16916426	0.24482815	0.22651367	-0.22734098	-0.38052392	0.21120842	-0.3642814	-0.26911768	0.2398483	0.26231077	0.28959092	0.11680541
0.17442147	0.21207392	0.09905921	0.20860031	-0.18488912	0.18968132	0.14236537	-0.22135289	-0.39561528	1.0	0.1328141	0.06578023	-0.47169563	0.23713672	-0.15172572	-0.3588149	0.21856186	-0.22621232	-0.23518756	-0.14690104	-0.24904783	0.29303575	0.20623256	-0.3024537	0.23469017	0.2689326	-0.1995575	-0.20384386	-0.41688794	0.08082986
0.2843946	0.2570338	-0.025782356	0.25871512	-0.36650202	0.15748955	0.25239787	-0.060287002	-0.21815985	0.1328141	1.0	0.28515467	-0.22692074	0.26455438	-0.23881847	-0.1848878	-0.0032533905	-0.318696	-0.0528825	-0.39938816	-0.15964957	0.1773411	0.29275298	-0.21116161	0.28465742	0.091782786	-0.42664826	-0.21994966	-0.25008237	-0.37597525
0.28053403	0.26497716	-0.22957453	0.16665694	-0.3032194	0.16173694	0.1706359	0.09872871	-0.27563614	0.06578023	0.28515467	1.0	-0.20011422	0.19966675	-0.06662385	-0.11050838	-0.12358749	-0.3925162	0.08195745	-0.33007708	-0.024784442	0.070130885	0.2422423	-0.18101573	0.21455981	-0.011384467	-0.31258094	-0.20034483	-0.10896674	-0.431787
-0.2289783	-0.30285835	-0.019352064	-0.20576522	0.26924932	-0.35294613	-0.18618827	0.107709296	0.28386328	-0.47169563	-0.22692074	-0.20011422	1.0000001	-0.3354307	0.15866993	0.2631294	-0.15614934	0.21752053	0.16992244	0.23605672	0.22162992	-0.3876796	-0.29943708	0.27180892	-0.37169895	-0.2686735	0.22501722	0.25636998	0.31335926	0.019613823
0.27729303	0.27739322	0.06282717	0.27380577	-0.36366823	0.18501268	0.24273795	-0.11806931	-0.3327561	0.23713672	0.26455438	0.19966675	-0.3354307	1.0000002	-0.32130486	-0.31824946	0.15435354	-0.3066763	-0.21669638	-0.35651007	-0.3281264	0.26899123	0.29977298	-0.19242018	0.28775832	0.2444855	-0.2346934	-0.38603836	-0.35663646	-0.10846959
-0.17960204	-0.1152523	-0.3767961	-0.38478968	0.18174356	-0.0048527652	-0.42051053	0.25508863	0.1882341	-0.15172572	-0.23881847	-0.06662385	0.15866993	-0.32130486	1.0000004	0.2378497	-0.18031496	0.06680223	0.2591032	0.17206153	0.24783358	-0.24243632	-0.21621995	0.07573747	-0.21931064	-0.3203775	0.21690099	0.20634587	0.18570098	-0.013103395
-0.2440182	-0.19455454	-0.11375888	-0.4388254	0.21474579	-0.0783548	-0.16449547	0.20262323	0.27325818	-0.3588149	-0.1848878	-0.11050838	0.2631294	-0.31824946	0.2378497	1.0000002	-0.25469548	0.17206007	0.2415999	0.17419674	0.30085537	-0.42870829	-0.271849	0.16166593	-0.34626356	-0.40184736	0.19551544	0.21021767	0.2892131	-0.027059522
0.041032765	0.027521897	0.26209426	0.1607925	-0.093292445	0.01077224	0.08308822	-0.46978816	-0.21238738	0.21856186	-0.0032533905	-0.12358749	-0.15614934	0.15435354	-0.18031496	-0.25469548	1.0000002	0.012119114	-0.46700907	-0.0070974063	-0.4325849	0.2399724	0.11412831	-0.031500828	0.13055414	0.2879621	-0.052538052	-0.15402722	-0.27861732	0.1739274
-0.5083116	-0.4157452	0.15133739	-0.16356269	0.24081035	-0.14332438	-0.13558604	-0.10486665	0.23932748	-0.22621232	-0.318696	-0.3925162	0.21752053	-0.3066763	0.06680223	0.17206007	0.012119114	1.0000004	-0.025538709	0.2256703	0.12337634	-0.19436076	-0.21949425	0.20900342	-0.18086313	-0.098299876	0.19391312	0.19927487	0.19798614	0.18489568
-0.04321289	-0.07054261	-0.4148886	-0.27341217	0.11285295	-0.06285719	-0.21085075	0.30883387	0.16916426	-0.23518756	-0.0528825	0.08195745	0.16992244	-0.21669638	0.2591032	0.2415999	-0.46700907	-0.025538709	1.0000004	0.070396185	0.28683034	-0.31444964	-0.19274455	0.06819341	-0.15399781	-0.38730192	0.11408281	0.18773207	0.22419333	-0.1732607
-0.22894794	-0.35389048	0.028165193	-0.27808964	0.30119258	-0.2523129	-0.35930443	0.036668804	0.24482815	-0.14690104	-0.39938816	-0.33007708	0.23605672	-0.35651007	0.17206153	0.17419674	-0.0070974063	0.2256703	0.070396185	1.0000005	0.11146611	-0.15999544	-0.4263113	0.22211848	-0.4103619	-0.081889085	0.30642286	0.2515735	0.20868637	0.20161198
-0.22325362	-0.13461024	-0.23183507	-0.28807065	0.17391175	-0.054080237	-0.14227797	0.25338545	0.22651367	-0.24904783	-0.15964957	-0.024784442	0.22162992	-0.3281264	0.24783358	0.30085537	-0.4325849	0.12337634	0.28683034	0.11146611	1.0000004	-0.44558325	-0.19755116	0.11591585	-0.23921518	-0.41162956	0.1364796	0.19805604	0.27603117	-0.10995503
0.20109569	0.1900733	0.11248295	0.25147146	-0.25087866	0.16622089	0.18539582	-0.22708268	-0.22734098	0.29303575	0.1773411	0.070130885	-0.3876796	0.26899123	-0.24243632	-0.42870829	0.2399724	-0.19436076	-0.31444964	-0.15999544	-0.44558325	1.0000004	0.2218733	-0.27499086	0.25092193	0.29519182	-0.21523349	-0.194806	-0.40553737	0.044916295
0.26457244	0.27130592	0.033379182	0.2812312	-0.34289268	0.17678066	0.25453338	-0.14138608	-0.38052392	0.20623256	0.29275298	0.2422423	-0.29943708	0.29977298	-0.21621995	-0.271849	0.11412831	-0.21949425	-0.19274455	-0.4263113	-0.19755116	0.2218733	1.0000002	-0.1653362	0.31521308	0.17786252	-0.39332277	-0.34841388	-0.3268689	-0.22950536
-0.27047944	-0.36190873	0.087693885	-0.22053291	0.27336082	-0.58341765	-0.26187396	-0.007936154	0.21120842	-0.3024537	-0.21116161	-0.18101573	0.27180892	-0.19242018	0.07573747	0.16166593	-0.031500828	0.20900342	0.06819341	0.22211848	0.11591585	-0.27499086	-0.1653362	1.0000002	-0.19949432	-0.19603835	0.19608259	0.24987006	0.23534727	0.08259223
0.24957758	0.24233031	0.06479371	0.28921106	-0.34243476	0.16317117	0.2399234	-0.17122127	-0.3642814	0.23469017	0.28465742	0.21455981	-0.37169895	0.28775832	-0.21931064	-0.34626356	0.13055414	-0.18086313	-0.15399781	-0.4103619	-0.23921518	0.25092193	0.31521308	-0.19949432	1.0000002	0.19538338	-0.41280776	-0.21579185	-0.34369877	-0.19127193
0.13638648	0.15189643	0.21162398	0.23001553	-0.20459865	0.119296536	0.17640057	-0.3245671	-0.26911768	0.2689326	0.091782786	-0.011384467	-0.2686735	0.2444855	-0.3203775	-0.40184736	0.2879621	-0.098299876	-0.38730192	-0.081889085	-0.41162956	0.29519182	0.17786252	-0.19603835	0.19538338	1.0000005	-0.10551833	-0.31546333	-0.31047776	0.11999993
-0.24416822	-0.23899962	-0.031550236	-0.3358407	0.27911344	-0.15074874	-0.46888113	0.11490553	0.2398483	-0.1995575	-0.42664826	-0.31258094	0.22501722	-0.2346934	0.21690099	0.19551544	-0.052538052	0.19391312	0.11408281	0.30642286	0.1364796	-0.21523349	-0.39332277	0.19608259	-0.41280776	-0.10551833	1.0000002	0.21510454	0.20272014	0.18701959
-0.27686074	-0.44213974	-0.12024247	-0.21032853	0.2890109	-0.36821917	-0.32033795	0.11877971	0.26231077	-0.20384386	-0.21994966	-0.20034483	0.25636998	-0.38603836	0.20634587	0.21021767	-0.15402722	0.19927487	0.18773207	0.2515735	0.19805604	-0.194806	-0.34841388	0.24987006	-0.21579185	-0.31546333	0.21510454	1.0	0.2598572	0.07234584
-0.2768427	-0.27546057	-0.097481996	-0.2378843	0.25210384	-0.2711252	-0.13856013	0.16742359	0.28959092	-0.41688794	-0.25008237	-0.10896674	0.31335926	-0.35663646	0.18570098	0.2892131	-0.27861732	0.19798614	0.22419333	0.20868637	0.27603117	-0.40553737	-0.3268689	0.23534727	-0.34369877	-0.31047776	0.20272014	0.2598572	1.0	-0.0070514437
-0.3025708	-0.17250144	0.1697458	-0.19398414	0.16590928	-0.071626544	-0.08489651	-0.12715836	0.11680541	0.08082986	-0.37597525	-0.431787	0.019613823	-0.10846959	-0.013103395	-0.027059522	0.1739274	0.18489568	-0.1732607	0.20161198	-0.10995503	0.044916295	-0.22950536	0.08259223	-0.19127193	0.11999993	0.18701959	0.07234584	-0.0070514437	1.0
