1.0000001	-0.17397489	0.010675639	-0.11188019	0.24345514	-0.069901645	-0.11874047	-0.009238135	0.16926326	0.1197739	0.07155113	-0.09725154	-0.5697291	0.08165305	0.14083907	0.12837714	0.18198693	-0.018609125	0.100523114	-0.17022173	-0.07204022	0.122836076	-0.2689878	0.15143159	-0.14387289	-0.29811946	-0.288518	-0.118727684	0.14414035	-0.13662367
-0.17397489	1.0000001	0.24890341	0.23416549	-0.021451812	0.18813032	0.2102868	-0.14474227	-0.38230857	-0.39290053	-0.14021182	0.26715097	0.16193624	-0.31266865	-0.29340512	-0.31444636	-0.26776662	0.16439942	-0.267773	0.2869582	0.119877405	-0.0970062	0.29652658	-0.2032242	0.13090153	0.26068038	-0.14347437	0.20658368	-0.4007442	-0.22031721
0.010675639	0.24890341	1.0	0.16627192	0.14564593	0.15894441	0.04090883	-0.33011243	-0.21664697	-0.29866374	-0.09382391	0.18838507	-0.024435043	-0.4404069	-0.2190085	-0.205571	-0.04337594	0.22251804	-0.12722924	0.22361782	0.017730203	-0.023303125	0.22375964	-0.14854647	0.060715485	0.15117113	-0.21510723	0.2244479	-0.37206152	-0.3253301
-0.11188019	0.23416549	0.16627192	0.9999999	-0.043891046	-0.034150083	0.06627222	-0.1451289	-0.10704771	-0.348339	-0.38175297	0.10147657	0.18457855	-0.22027794	-0.17673554	-0.08007613	-0.15127543	0.210412	-0.04554151	0.28264958	-0.064597994	-0.3598863	0.20394425	-0.43479377	0.2641454	0.2509953	-0.02910989	0.2573594	-0.36973855	-0.11797638
0.24345514	-0.021451812	0.14564593	-0.043891046	0.9999998	-0.011450239	-0.13343117	-0.12271291	0.005838009	-0.022304738	0.019234208	0.010928777	-0.33826146	0.006189532	-0.021788517	0.041433785	0.14513263	0.026124425	0.119279645	-0.07633846	-0.08769681	0.09252336	-0.029406706	0.05683092	-0.14730607	-0.04780572	-0.49541277	0.0617524	0.02163613	-0.3966789
-0.069901645	0.18813032	0.15894441	-0.034150083	-0.011450239	0.9999997	0.15260772	-0.011022021	-0.35620594	-0.23742603	0.14967602	0.22193128	0.021611558	-0.3235163	-0.33764517	-0.5622497	-0.14290036	0.07949804	-0.27345434	0.13414465	0.23529151	0.123160444	0.1804273	-0.00889871	-0.098547734	0.03354496	-0.06207102	0.037410676	-0.116720416	-0.07014918
-0.11874047	0.2102868	0.04090883	0.06627222	-0.13343117	0.15260772	0.99999964	0.11971787	-0.25932	-0.2787911	0.10589995	0.26469153	0.06563722	-0.13199696	-0.17765935	-0.15051058	-0.5299922	-0.08558138	-0.428015	0.12600186	0.25960216	0.062093943	0.16184844	0.0036536925	-0.031736583	0.12347651	-0.07014189	-0.008199365	-0.21057516	-0.14793143
-0.009238135	-0.14474227	-0.33011243	-0.1451289	-0.12271291	-0.011022021	0.11971787	0.9999996	-0.0058946414	0.1076804	0.16730177	0.048334826	0.03820294	0.1690393	0.07166399	0.018321875	-0.07667806	-0.40075815	-0.1198932	-0.24278972	0.16687998	0.060640622	-0.23635422	0.20945534	-0.042790487	-0.04549926	0.034125272	-0.46931198	0.14478905	0.04684494
0.16926326	-0.38230857	-0.21664697	-0.10704771	0.005838009	-0.35620594	-0.25932	-0.0058946414	0.99999964	0.26393852	-0.008882204	-0.4372802	-0.1649935	0.23474786	0.28652698	0.28958017	0.25073448	-0.10578025	0.23988369	-0.2350033	-0.24765833	0.02376358	-0.3448377	0.10272354	-0.08740332	-0.33072057	0.101617716	-0.09107734	0.23901016	0.17348519
0.1197739	-0.39290053	-0.29866374	-0.348339	-0.022304738	-0.23742603	-0.2787911	0.1076804	0.26393852	0.9999996	0.12544374	-0.22528964	-0.18524	0.27777138	0.25870037	0.24470954	0.2074689	-0.23532607	0.17852323	-0.36196023	-0.12419117	0.13031542	-0.29742122	0.21268742	-0.21853577	-0.27594227	0.11587891	-0.24848275	0.30410048	0.20387442
0.07155113	-0.14021182	-0.09382391	-0.38175297	0.019234208	0.14967602	0.10589995	0.16730177	-0.008882204	0.12544374	0.9999995	0.07656818	-0.21277273	0.0866262	-0.032175433	-0.089653395	-0.085270755	-0.2560413	-0.21408863	-0.17955492	0.2366984	0.28724462	-0.103521146	0.2696107	-0.3780304	-0.26581895	-0.04219828	-0.30589023	0.13981186	0.054092962
-0.09725154	0.26715097	0.18838507	0.10147657	0.010928777	0.22193128	0.26469153	0.048334826	-0.4372802	-0.22528964	0.07656818	0.9999996	0.053625837	-0.24193497	-0.2998971	-0.30376136	-0.3412334	0.055491876	-0.35107988	0.17326844	0.23076846	0.012311184	0.22581546	-0.063817345	0.014899406	0.19611138	-0.23128624	0.03501133	-0.26614636	-0.31769532
-0.5697291	0.16193624	-0.024435043	0.18457855	-0.33826146	0.021611558	0.06563722	0.03820294	-0.1649935	-0.18524	-0.21277273	0.053625837	0.9999996	-0.056910835	-0.13133292	-0.12199795	-0.13637567	0.03729178	-0.07861453	0.18101694	0.0036161838	-0.23342182	0.17032361	-0.21580154	0.21599412	0.23211752	0.17013037	0.0886916	-0.18289645	0.028050035
0.08165305	-0.31266865	-0.4404069	-0.22027794	0.006189532	-0.3235163	-0.13199696	0.1690393	0.23474786	0.27777138	0.0866262	-0.24193497	-0.056910835	0.99999964	0.26617765	0.25713694	0.13856475	-0.40294686	0.14157991	-0.3049893	-0.08766384	0.06147012	-0.28667232	0.19000314	-0.15082128	-0.16210993	0.04601418	-0.22864804	0.25852147	0.13614088
0.14083907	-0.29340512	-0.2190085	-0.17673554	-0.021788517	-0.33764517	-0.17765935	0.07166399	0.28652698	0.25870037	-0.032175433	-0.2998971	-0.13133292	0.26617765	0.9999996	0.28599656	0.23200616	-0.28008503	0.2052258	-0.22930996	-0.27609983	-0.046584196	-0.42697805	0.13495563	-0.01906841	-0.24167956	0.06644606	-0.1270008	0.22492664	0.16306953
0.12837714	-0.31444636	-0.205571	-0.08007613	0.041433785	-0.5622497	-0.15051058	0.018321875	0.28958017	0.24470954	-0.089653395	-0.30376136	-0.12199795	0.25713694	0.28599656	0.99999976	0.19190133	-0.13826776	0.23680449	-0.27597758	-0.29291874	-0.048071604	-0.2635072	0.09473876	-0.022470927	-0.16099325	0.0635678	-0.13780716	0.20348185	0.11231406
0.18198693	-0.26776662	-0.04337594	-0.15127543	0.14513263	-0.14290036	-0.5299922	-0.07667806	0.25073448	0.2074689	-0.085270755	-0.3412334	-0.13637567	0.13856475	0.23200616	0.19190133	0.9999997	-0.033430956	0.28160074	-0.18418331	-0.3249351	-0.052116122	-0.30333418	0.07473438	-0.0014696845	-0.21810076	-0.03292356	-0.023089202	0.19384447	0.050548647
-0.018609125	0.16439942	0.22251804	0.210412	0.026124425	0.07949804	-0.08558138	-0.40075815	-0.10578025	-0.23532607	-0.2560413	0.055491876	0.03729178	-0.40294686	-0.28008503	-0.13826776	-0.033430956	0.99999964	0.07206775	0.22622043	-0.16384846	-0.16551833	0.20000854	-0.34650227	0.18179926	0.1579803	0.0061767534	0.26633695	-0.1504054	-0.12314009
0.100523114	-0.267773	-0.12722924	-0.04554151	0.119279645	-0.27345434	-0.428015	-0.1198932	0.23988369	0.17852323	-0.21408863	-0.35107988	-0.07861453	0.14157991	0.2052258	0.23680449	0.28160074	0.07206775	0.99999964	-0.14914376	-0.41189793	-0.08962648	-0.23313929	-0.06989094	0.06559547	-0.07653551	-7.411389e-5	0.042228274	0.16644606	0.08632306
-0.17022173	0.2869582	0.22361782	0.28264958	-0.07633846	0.13414465	0.12600186	-0.24278972	-0.2350033	-0.36196023	-0.17955492	0.17326844	0.18101694	-0.3049893	-0.22930996	-0.27597758	-0.18418331	0.22622043	-0.14914376	0.9999997	0.03902893	-0.2782809	0.26496643	-0.3912787	0.21164894	0.24283068	-0.009262532	0.26878765	-0.4415838	-0.13119268
-0.07204022	0.119877405	0.017730203	-0.064597994	-0.08769681	0.23529151	0.25960216	0.16687998	-0.24765833	-0.12419117	0.2366984	0.23076846	0.0036161838	-0.08766384	-0.27609983	-0.29291874	-0.3249351	-0.16384846	-0.41189793	0.03902893	0.9999998	0.1826484	0.108049646	0.1176757	-0.23894857	-0.008803484	-0.034969684	-0.15080497	-0.07126342	-0.05947284
0.122836076	-0.0970062	-0.023303125	-0.3598863	0.09252336	0.123160444	0.062093943	0.060640622	0.02376358	0.13031542	0.28724462	0.012311184	-0.23342182	0.06147012	-0.046584196	-0.048071604	-0.052116122	-0.16551833	-0.08962648	-0.2782809	0.1826484	0.9999999	-0.025631206	0.25362936	-0.54354024	-0.31568128	-0.09807872	-0.2263936	0.14518082	0.045361716
-0.2689878	0.29652658	0.22375964	0.20394425	-0.029406706	0.1804273	0.16184844	-0.23635422	-0.3448377	-0.29742122	-0.103521146	0.22581546	0.17032361	-0.28667232	-0.42697805	-0.2635072	-0.30333418	0.20000854	-0.23313929	0.26496643	0.108049646	-0.025631206	0.99999976	-0.2514622	0.07505219	0.23005737	-0.03774872	0.208359	-0.3086718	-0.13138297
0.15143159	-0.2032242	-0.14854647	-0.43479377	0.05683092	-0.00889871	0.0036536925	0.20945534	0.10272354	0.21268742	0.2696107	-0.063817345	-0.21580154	0.19000314	0.13495563	0.09473876	0.07473438	-0.34650227	-0.06989094	-0.3912787	0.1176757	0.25362936	-0.2514622	0.9999998	-0.3202313	-0.22525865	-0.0617899	-0.4298937	0.23592392	0.06337124
-0.14387289	0.13090153	0.060715485	0.2641454	-0.14730607	-0.098547734	-0.031736583	-0.042790487	-0.08740332	-0.21853577	-0.3780304	0.014899406	0.21599412	-0.15082128	-0.01906841	-0.022470927	-0.0014696845	0.18179926	0.06559547	0.21164894	-0.23894857	-0.54354024	0.07505219	-0.3202313	0.99999976	0.24125186	0.07538659	0.18492939	-0.19242884	-0.08505842
-0.29811946	0.26068038	0.15117113	0.2509953	-0.04780572	0.03354496	0.12347651	-0.04549926	-0.33072057	-0.27594227	-0.26581895	0.19611138	0.23211752	-0.16210993	-0.24167956	-0.16099325	-0.21810076	0.1579803	-0.07653551	0.24283068	-0.008803484	-0.31568128	0.23005737	-0.22525865	0.24125186	0.9999998	-0.09712008	0.18011563	-0.27212384	-0.25795048
-0.288518	-0.14347437	-0.21510723	-0.02910989	-0.49541277	-0.06207102	-0.07014189	0.034125272	0.101617716	0.11587891	-0.04219828	-0.23128624	0.17013037	0.04601418	0.06644606	0.0635678	-0.03292356	0.0061767534	-7.411389e-5	-0.009262532	-0.034969684	-0.09807872	-0.03774872	-0.0617899	0.07538659	-0.09712008	0.9999997	-0.083556436	0.07092505	0.2826558
-0.118727684	0.20658368	0.2244479	0.2573594	0.0617524	0.037410676	-0.008199365	-0.46931198	-0.09107734	-0.24848275	-0.30589023	0.03501133	0.0886916	-0.22864804	-0.1270008	-0.13780716	-0.023089202	0.26633695	0.042228274	0.26878765	-0.15080497	-0.2263936	0.208359	-0.4298937	0.18492939	0.18011563	-0.083556436	0.9999998	-0.3126092	-0.10045657
0.14414035	-0.4007442	-0.37206152	-0.36973855	0.02163613	-0.116720416	-0.21057516	0.14478905	0.23901016	0.30410048	0.13981186	-0.26614636	-0.18289645	0.25852147	0.22492664	0.20348185	0.19384447	-0.1504054	0.16644606	-0.4415838	-0.07126342	0.14518082	-0.3086718	0.23592392	-0.19242884	-0.27212384	0.07092505	-0.3126092	0.99999976	0.17530692
-0.13662367	-0.22031721	-0.3253301	-0.11797638	-0.3966789	-0.07014918	-0.14793143	0.04684494	0.17348519	0.20387442	0.054092962	-0.31769532	0.028050035	0.13614088	0.16306953	0.11231406	0.050548647	-0.12314009	0.08632306	-0.13119268	-0.05947284	0.045361716	-0.13138297	0.06337124	-0.08505842	-0.25795048	0.2826558	-0.10045657	0.17530692	0.99999976
