1.0	-0.8040608	0.23623604	-0.083170034	0.071820855	-0.4189286	0.23719579	-0.25359908	0.088896595	-0.069105364	0.06931199	-0.13878305	0.12937196	-0.08322605	0.07028847	-0.07464663	0.12400633	-0.10448046	0.0797113	-0.076838754
-0.8040608	1.0	-0.38217854	0.10591327	-0.09346343	0.2560746	-0.25945386	0.24050243	-0.114628844	0.08298956	-0.067811	0.13917978	-0.1445053	0.089591354	-0.079411596	0.06987763	-0.14081414	0.10913544	-0.08882398	0.08188771
0.23623604	-0.38217854	1.0000001	-0.28303313	0.16340551	-0.26804754	0.23224972	-0.72982424	0.21247448	-0.16038603	0.07549989	-0.16386394	0.17938466	-0.1280072	0.10787211	-0.08360776	0.14467387	-0.14632478	0.11196996	-0.11849225
-0.083170034	0.10591327	-0.28303313	1.0000001	-0.53656554	0.08770708	-0.08332069	0.1952797	-0.71475506	0.31109032	-0.030928016	0.068267874	-0.084565625	0.090969376	-0.09672518	0.033930987	-0.06589891	0.0702926	-0.07061249	0.08612397
0.071820855	-0.09346343	0.16340551	-0.53656554	0.9999998	-0.08122401	0.0747501	-0.16050096	0.32024026	-0.7394302	0.03202261	-0.07227616	0.09214315	-0.12945057	0.14315651	-0.03562896	0.070470564	-0.08228653	0.09062944	-0.12781139
-0.4189286	0.2560746	-0.26804754	0.08770708	-0.08122401	0.9999995	-0.74168307	0.24687263	-0.101048484	0.074740805	-0.11436862	0.22231303	-0.19824024	0.10600109	-0.09092929	0.10674057	-0.21325633	0.14167972	-0.10809795	0.0936957
0.23719579	-0.25945386	0.23224972	-0.08332069	0.0747501	-0.74168307	0.99999946	-0.3659378	0.094982274	-0.07243064	0.11057744	-0.35266483	0.19969922	-0.11079445	0.0895701	-0.11479698	0.20650396	-0.15430929	0.10673366	-0.09686957
-0.25359908	0.24050243	-0.72982424	0.1952797	-0.16050096	0.24687263	-0.3659378	0.9999995	-0.24469237	0.14533114	-0.08285127	0.18965231	-0.25748956	0.13592707	-0.117952876	0.08619717	-0.17992288	0.1595446	-0.1258918	0.11935689
0.088896595	-0.114628844	0.21247448	-0.71475506	0.32024026	-0.101048484	0.094982274	-0.24469237	0.9999991	-0.5266065	0.036213253	-0.08119452	0.100820675	-0.1213177	0.12512346	-0.040006895	0.07743965	-0.085908666	0.0877747	-0.11380483
-0.069105364	0.08298956	-0.16038603	0.31109032	-0.7394302	0.074740805	-0.07243064	0.14533114	-0.5266065	0.9999988	-0.031569775	0.07187798	-0.097517446	0.13810477	-0.2056532	0.034696005	-0.07286488	0.08348226	-0.10046911	0.13372208
0.06931199	-0.067811	0.07549989	-0.030928016	0.03202261	-0.11436862	0.11057744	-0.08285127	0.036213253	-0.031569775	0.9999988	-0.2349758	0.13141698	-0.06942635	0.055641208	-0.94312125	0.15883659	-0.104397945	0.07049822	-0.06056619
-0.13878305	0.13917978	-0.16386394	0.068267874	-0.07227616	0.22231303	-0.35266483	0.18965231	-0.08119452	0.07187798	-0.2349758	0.9999988	-0.49483636	0.180599	-0.14291689	0.19043978	-0.6301155	0.2858679	-0.18518575	0.14861685
0.12937196	-0.1445053	0.17938466	-0.084565625	0.09214315	-0.19824024	0.19969922	-0.25748956	0.100820675	-0.097517446	0.13141698	-0.49483636	0.9999989	-0.4108343	0.21845132	-0.14959149	0.31131628	-0.5373229	0.26318726	-0.25088683
-0.08322605	0.089591354	-0.1280072	0.090969376	-0.12945057	0.10600109	-0.11079445	0.13592707	-0.1213177	0.13810477	-0.06942635	0.180599	-0.4108343	0.9999988	-0.64943945	0.07452671	-0.20334296	0.2484034	-0.47619754	0.31791562
0.07028847	-0.079411596	0.10787211	-0.09672518	0.14315651	-0.09092929	0.0895701	-0.117952876	0.12512346	-0.2056532	0.055641208	-0.14291689	0.21845132	-0.64943945	0.9999987	-0.06225105	0.14760019	-0.20540193	0.29939568	-0.60641575
-0.07464663	0.06987763	-0.08360776	0.033930987	-0.03562896	0.10674057	-0.11479698	0.08619717	-0.040006895	0.034696005	-0.94312125	0.19043978	-0.14959149	0.07452671	-0.06225105	0.9999986	-0.18868469	0.11018121	-0.07921167	0.0649592
0.12400633	-0.14081414	0.14467387	-0.06589891	0.070470564	-0.21325633	0.20650396	-0.17992288	0.07743965	-0.07286488	0.15883659	-0.6301155	0.31131628	-0.20334296	0.14760019	-0.18868469	0.99999857	-0.56578195	0.2143486	-0.19451196
-0.10448046	0.10913544	-0.14632478	0.0702926	-0.08228653	0.14167972	-0.15430929	0.1595446	-0.085908666	0.08348226	-0.104397945	0.2858679	-0.5373229	0.2484034	-0.20540193	0.11018121	-0.56578195	0.9999986	-0.4560246	0.23365358
0.0797113	-0.08882398	0.11196996	-0.07061249	0.09062944	-0.10809795	0.10673366	-0.1258918	0.0877747	-0.10046911	0.07049822	-0.18518575	0.26318726	-0.47619754	0.29939568	-0.07921167	0.2143486	-0.4560246	0.9999987	-0.63373226
-0.076838754	0.08188771	-0.11849225	0.08612397	-0.12781139	0.0936957	-0.09686957	0.11935689	-0.11380483	0.13372208	-0.06056619	0.14861685	-0.25088683	0.31791562	-0.60641575	0.0649592	-0.19451196	0.23365358	-0.63373226	0.9999987
