1.0	-0.8573216	0.14947693	-0.07682967	0.05460226	-0.3644781	0.26184508	-0.12749587	0.08570759	-0.0649022	0.1592102	-0.15916032	0.12309862	-0.08058652	0.07227349	-0.18884881	0.13956451	-0.11722918	0.05918366	-0.06810819
-0.8573216	1.0000002	-0.17666388	0.08138025	-0.058258284	0.25228065	-0.37538162	0.13802923	-0.093635954	0.06777459	-0.14560618	0.1481803	-0.13090692	0.08042293	-0.07278266	0.16038594	-0.1393469	0.113412544	-0.05822817	0.06626756
0.14947693	-0.17666388	1.0000002	-0.4322196	0.21783984	-0.25588515	0.25102463	-0.51685685	0.29707414	-0.27529505	0.17761438	-0.21266352	0.29934296	-0.24468513	0.18789515	-0.2991037	0.21557094	-0.3419416	0.16289379	-0.20341578
-0.07682967	0.08138025	-0.4322196	1.0000001	-0.5772856	0.1207402	-0.14465384	0.24473697	-0.5675249	0.32319188	-0.08749966	0.105488874	-0.1964484	0.13079154	-0.112536974	0.13296732	-0.11143324	0.15279847	-0.08097038	0.09530894
0.05460226	-0.058258284	0.21783984	-0.5772856	1.0000001	-0.09111029	0.101998515	-0.17254281	0.2974981	-0.72621053	0.06585904	-0.07927919	0.13587378	-0.10299142	0.08778988	-0.10372937	0.08369514	-0.12066689	0.0631685	-0.07624844
-0.3644781	0.25228065	-0.25588515	0.1207402	-0.09111029	0.99999994	-0.58473885	0.2087991	-0.1490952	0.10271982	-0.5015885	0.28642058	-0.22722276	0.13048838	-0.12516528	0.2923385	-0.28744674	0.18373783	-0.09760631	0.106814854
0.26184508	-0.37538162	0.25102463	-0.14465384	0.101998515	-0.58473885	0.9999996	-0.3541407	0.17082262	-0.12561631	0.27550355	-0.38153967	0.2400088	-0.15151644	0.13116466	-0.33448339	0.25338948	-0.21756063	0.107844226	-0.123967275
-0.12749587	0.13802923	-0.51685685	0.24473697	-0.17254281	0.2087991	-0.3541407	0.99999976	-0.44844672	0.2056042	-0.14698498	0.18416049	-0.5259464	0.19394186	-0.15728886	0.2030257	-0.17787933	0.2320707	-0.1190907	0.1363077
0.08570759	-0.093635954	0.29707414	-0.5675249	0.2974981	-0.1490952	0.17082262	-0.44844672	0.9999995	-0.5165987	0.10445911	-0.12849042	0.22750512	-0.17400567	0.1330568	-0.16105373	0.12979823	-0.1886059	0.097676314	-0.116137974
-0.0649022	0.06777459	-0.27529505	0.32319188	-0.72621053	0.10271982	-0.12561631	0.2056042	-0.5165987	0.9999992	-0.07539313	0.090998	-0.17501214	0.11913315	-0.109954245	0.113085486	-0.09748822	0.13135639	-0.07212694	0.08473649
0.1592102	-0.14560618	0.17761438	-0.08749966	0.06585904	-0.5015885	0.27550355	-0.14698498	0.10445911	-0.07539313	0.9999995	-0.54602665	0.18130192	-0.108976826	0.1043073	-0.57596785	0.2953156	-0.16786985	0.08521099	-0.09286556
-0.15916032	0.1481803	-0.21266352	0.105488874	-0.07927919	0.28642058	-0.38153967	0.18416049	-0.12849042	0.090998	-0.54602665	0.99999964	-0.27186173	0.13825268	-0.1317827	0.32581043	-0.5939977	0.21877165	-0.11011428	0.11683596
0.12309862	-0.13090692	0.29934296	-0.1964484	0.13587378	-0.22722276	0.2400088	-0.5259464	0.22750512	-0.17501214	0.18130192	-0.27186173	0.99999964	-0.40923154	0.24850602	-0.27381307	0.24121214	-0.45447132	0.2018288	-0.23376119
-0.08058652	0.08042293	-0.24468513	0.13079154	-0.10299142	0.13048838	-0.15151644	0.19394186	-0.17400567	0.11913315	-0.108976826	0.13825268	-0.40923154	0.99999964	-0.75167125	0.1615355	-0.16985011	0.26052755	-0.2816338	0.26005748
0.07227349	-0.07278266	0.18789515	-0.112536974	0.08778988	-0.12516528	0.13116466	-0.15728886	0.1330568	-0.109954245	0.1043073	-0.1317827	0.24850602	-0.75167125	0.9999993	-0.17194231	0.16029263	-0.31695864	0.26111513	-0.43631595
-0.18884881	0.16038594	-0.2991037	0.13296732	-0.10372937	0.2923385	-0.33448339	0.2030257	-0.16105373	0.113085486	-0.57596785	0.32581043	-0.27381307	0.1615355	-0.17194231	0.99999934	-0.5209148	0.23592214	-0.1318506	0.1366394
0.13956451	-0.1393469	0.21557094	-0.11143324	0.08369514	-0.28744674	0.25338948	-0.17787933	0.12979823	-0.09748822	0.2953156	-0.5939977	0.24121214	-0.16985011	0.16029263	-0.5209148	0.9999992	-0.40465197	0.15897475	-0.17480181
-0.11722918	0.113412544	-0.3419416	0.15279847	-0.12066689	0.18373783	-0.21756063	0.2320707	-0.1886059	0.13135639	-0.16786985	0.21877165	-0.45447132	0.26052755	-0.31695864	0.23592214	-0.40465197	0.9999993	-0.48378438	0.2851455
0.05918366	-0.05822817	0.16289379	-0.08097038	0.0631685	-0.09760631	0.107844226	-0.1190907	0.097676314	-0.07212694	0.08521099	-0.11011428	0.2018288	-0.2816338	0.26111513	-0.1318506	0.15897475	-0.48378438	0.9999994	-0.76249015
-0.06810819	0.06626756	-0.20341578	0.09530894	-0.07624844	0.106814854	-0.123967275	0.1363077	-0.116137974	0.08473649	-0.09286556	0.11683596	-0.23376119	0.26005748	-0.43631595	0.1366394	-0.17480181	0.2851455	-0.76249015	0.9999994
