1.0	-0.7414877	0.16621189	-0.14211698	0.14298898	-0.5561265	0.29231897	-0.19607893	0.13460988	-0.09015995	0.09944074	-0.12774485	0.09122337	-0.07440477	0.07155998	-0.111197844	0.07041335	-0.05323196	0.10256477	-0.07878242
-0.7414877	1.0000002	-0.24913709	0.17454575	-0.20312743	0.31982973	-0.44498387	0.22910148	-0.18672201	0.11965682	-0.111112855	0.14376505	-0.11747497	0.09469383	-0.094093226	0.12243342	-0.090079814	0.06745822	-0.13429709	0.10103179
0.16621189	-0.24913709	1.0000002	-0.61900634	0.2549241	-0.22307557	0.22826017	-0.60835594	0.23781131	-0.16703866	0.09434547	-0.13487053	0.12409773	-0.10918817	0.11143876	-0.12595949	0.0830756	-0.06613679	0.12798741	-0.12538369
-0.14211698	0.17454575	-0.61900634	0.9999999	-0.5402709	0.16612001	-0.1812846	0.29136574	-0.37002587	0.23827374	-0.10229655	0.14415549	-0.15622982	0.13841091	-0.15690361	0.14476034	-0.10736389	0.08496273	-0.17230341	0.16520791
0.14298898	-0.20312743	0.2549241	-0.5402709	0.9999999	-0.20138976	0.18087117	-0.30570966	0.31950787	-0.531631	0.13264021	-0.19677739	0.18147631	-0.18503122	0.22804719	-0.21235865	0.12365953	-0.104533285	0.19682688	-0.2801125
-0.5561265	0.31982973	-0.22307557	0.16612001	-0.20138976	0.9999999	-0.64955	0.24522121	-0.19314276	0.12159013	-0.15461175	0.17069377	-0.12676077	0.10026493	-0.09740168	0.14107393	-0.09750219	0.07232914	-0.14191458	0.10435319
0.29231897	-0.44498387	0.22826017	-0.1812846	0.18087117	-0.64955	0.99999964	-0.44727847	0.18470986	-0.12045341	0.13791218	-0.21260738	0.12540972	-0.10033337	0.09378051	-0.13952728	0.09258397	-0.06965941	0.13237594	-0.102544196
-0.19607893	0.22910148	-0.60835594	0.29136574	-0.30570966	0.24522121	-0.44727847	0.9999998	-0.3910115	0.20090449	-0.11466282	0.15898988	-0.16891535	0.13684386	-0.13787092	0.14174534	-0.102072336	0.080380775	-0.15848912	0.1458928
0.13460988	-0.18672201	0.23781131	-0.37002587	0.31950787	-0.19314276	0.18470986	-0.3910115	0.9999997	-0.62669814	0.12328727	-0.18503863	0.19337478	-0.22493407	0.24321125	-0.18917017	0.11832803	-0.10134381	0.19385664	-0.28060934
-0.09015995	0.11965682	-0.16703866	0.23827374	-0.531631	0.12159013	-0.12045341	0.20090449	-0.62669814	0.9999995	-0.09510248	0.14166982	-0.18053815	0.18976739	-0.41054046	0.14603376	-0.10332856	0.08818944	-0.18110637	0.26051247
0.09944074	-0.111112855	0.09434547	-0.10229655	0.13264021	-0.15461175	0.13791218	-0.11466282	0.12328727	-0.09510248	0.9999994	-0.65057135	0.18785883	-0.14028907	0.10719923	-0.6551544	0.17597838	-0.12609306	0.21092895	-0.11969598
-0.12774485	0.14376505	-0.13487053	0.14415549	-0.19677739	0.17069377	-0.21260738	0.15898988	-0.18503863	0.14166982	-0.65057135	0.99999917	-0.36274406	0.21482566	-0.16787294	0.32544234	-0.28533402	0.18573539	-0.339812	0.17809702
0.09122337	-0.11747497	0.12409773	-0.15622982	0.18147631	-0.12676077	0.12540972	-0.16891535	0.19337478	-0.18053815	0.18785883	-0.36274406	0.9999993	-0.7402894	0.24226075	-0.27580106	0.17350441	-0.17525145	0.26862842	-0.28382856
-0.07440477	0.09469383	-0.10918817	0.13841091	-0.18503122	0.10026493	-0.10033337	0.13684386	-0.22493407	0.18976739	-0.14028907	0.21482566	-0.7402894	0.9999994	-0.39389804	0.1941847	-0.16656786	0.15357654	-0.35659263	0.2689617
0.07155998	-0.094093226	0.11143876	-0.15690361	0.22804719	-0.09740168	0.09378051	-0.13787092	0.24321125	-0.41054046	0.10719923	-0.16787294	0.24226075	-0.39389804	0.9999995	-0.17134888	0.124183856	-0.11570811	0.23729043	-0.71333355
-0.111197844	0.12243342	-0.12595949	0.14476034	-0.21235865	0.14107393	-0.13952728	0.14174534	-0.18917017	0.14603376	-0.6551544	0.32544234	-0.27580106	0.1941847	-0.17134888	0.99999976	-0.32770616	0.2069012	-0.39823654	0.18388611
0.07041335	-0.090079814	0.0830756	-0.10736389	0.12365953	-0.09750219	0.09258397	-0.102072336	0.11832803	-0.10332856	0.17597838	-0.28533402	0.17350441	-0.16656786	0.124183856	-0.32770616	0.99999964	-0.8001785	0.29453558	-0.17612882
-0.05323196	0.06745822	-0.06613679	0.08496273	-0.104533285	0.07232914	-0.06965941	0.080380775	-0.10134381	0.08818944	-0.12609306	0.18573539	-0.17525145	0.15357654	-0.11570811	0.2069012	-0.8001785	0.99999976	-0.48105797	0.15366137
0.10256477	-0.13429709	0.12798741	-0.17230341	0.19682688	-0.14191458	0.13237594	-0.15848912	0.19385664	-0.18110637	0.21092895	-0.339812	0.26862842	-0.35659263	0.23729043	-0.39823654	0.29453558	-0.48105797	0.99999976	-0.40118486
-0.07878242	0.10103179	-0.12538369	0.16520791	-0.2801125	0.10435319	-0.102544196	0.1458928	-0.28060934	0.26051247	-0.11969598	0.17809702	-0.28382856	0.2689617	-0.71333355	0.18388611	-0.17612882	0.15366137	-0.40118486	0.99999976
