1.0000001	-0.6367792	0.08340427	-0.09074672	0.021524878	-0.51461226	0.2903412	-0.20827824	0.19857813	-0.019877672	0.21761999	-0.22803201	0.08311968	-0.10716322	0.10362964	-0.28392333	0.15654097	-0.08972738	0.12090454	-0.09652311
-0.6367792	1.0000004	-0.10402085	0.09893129	-0.02038769	0.24486704	-0.61534566	0.23348829	-0.25403747	0.018828698	-0.1201861	0.12641439	-0.07940971	0.10699711	-0.09312732	0.14757225	-0.091116644	0.079691045	-0.123807915	0.081428096
0.08340427	-0.10402085	1.0000004	-0.95549303	0.03524816	-0.070833266	0.118199065	-0.20706706	0.14896503	-0.034657534	0.03560095	-0.041269183	0.041173596	-0.058172427	0.046445772	-0.046476807	0.029671893	-0.040556017	0.06212398	-0.042286765
-0.09074672	0.09893129	-0.95549303	1.0000005	-0.039506674	0.07261636	-0.12640402	0.17115282	-0.17517212	0.036509	-0.036946476	0.042760942	-0.045775466	0.06436221	-0.05239105	0.047879018	-0.031043652	0.044288844	-0.07132353	0.046301845
0.021524878	-0.02038769	0.03524816	-0.039506674	1.0000007	-0.027639782	0.023068795	-0.028725825	0.033570584	-0.98278904	0.014343846	-0.018082306	0.020914683	-0.033635978	0.117669016	-0.019767608	0.013023689	-0.025631512	0.036997046	-0.12019457
-0.51461226	0.24486704	-0.070833266	0.07261636	-0.027639782	1.0000005	-0.33327788	0.19086091	-0.2697834	0.025093356	-0.55596226	0.22275466	-0.10369859	0.13035063	-0.14661044	0.28801	-0.20494956	0.10505095	-0.16634972	0.114112936
0.2903412	-0.61534566	0.118199065	-0.12640402	0.023068795	-0.33327788	1.0000008	-0.51242745	0.27306396	-0.021488274	0.15284345	-0.17398241	0.094617166	-0.13037932	0.10307772	-0.19873464	0.11901	-0.09905215	0.13470669	-0.09783652
-0.20827824	0.23348829	-0.20706706	0.17115282	-0.028725825	0.19086091	-0.51242745	1.0000007	-0.68740946	0.02674652	-0.09703232	0.113157995	-0.14041278	0.18963628	-0.12161518	0.12532526	-0.082137175	0.12604983	-0.19934253	0.10802977
0.19857813	-0.25403747	0.14896503	-0.17517212	0.033570584	-0.2697834	0.27306396	-0.68740946	1.0000005	-0.031830966	0.13330895	-0.16248599	0.17161319	-0.35799727	0.14664376	-0.18286127	0.11351766	-0.17833076	0.23168822	-0.15104087
-0.019877672	0.018828698	-0.034657534	0.036509	-0.98278904	0.025093356	-0.021488274	0.02674652	-0.031830966	1.0000006	-0.013033861	0.016414722	-0.019361982	0.031148061	-0.13396183	0.017927516	-0.011842556	0.0234091	-0.034192085	0.106958635
0.21761999	-0.1201861	0.03560095	-0.036946476	0.014343846	-0.55596226	0.15284345	-0.09703232	0.13330895	-0.013033861	1.0000004	-0.35850194	0.0673405	-0.073611684	0.07683899	-0.662173	0.25949442	-0.07104014	0.09233815	-0.061241426
-0.22803201	0.12641439	-0.041269183	0.042760942	-0.018082306	0.22275466	-0.17398241	0.113157995	-0.16248599	0.016414722	-0.35850194	1.0000001	-0.11573923	0.10260434	-0.09899054	0.3032665	-0.7947726	0.11604389	-0.1302542	0.07869308
0.08311968	-0.07940971	0.041173596	-0.045775466	0.020914683	-0.10369859	0.094617166	-0.14041278	0.17161319	-0.019361982	0.0673405	-0.11573923	1.0000004	-0.4881831	0.12416128	-0.090380445	0.09488344	-0.7893088	0.2973029	-0.1228563
-0.10716322	0.10699711	-0.058172427	0.06436221	-0.033635978	0.13035063	-0.13037932	0.18963628	-0.35799727	0.031148061	-0.073611684	0.10260434	-0.4881831	1.0000001	-0.21606933	0.09874368	-0.08106797	0.30382502	-0.6693366	0.1879499
0.10362964	-0.09312732	0.046445772	-0.05239105	0.117669016	-0.14661044	0.10307772	-0.12161518	0.14664376	-0.13396183	0.07683899	-0.09899054	0.12416128	-0.21606933	1.0000001	-0.10686242	0.07159297	-0.15743518	0.22443376	-0.88742936
-0.28392333	0.14757225	-0.046476807	0.047879018	-0.019767608	0.28801	-0.19873464	0.12532526	-0.18286127	0.017927516	-0.662173	0.3032665	-0.090380445	0.09874368	-0.10686242	1.0000001	-0.48793584	0.094609484	-0.127525	0.08330684
0.15654097	-0.091116644	0.029671893	-0.031043652	0.013023689	-0.20494956	0.11901	-0.082137175	0.11351766	-0.011842556	0.25949442	-0.7947726	0.09488344	-0.08106797	0.07159297	-0.48793584	0.9999999	-0.114229456	0.100265145	-0.05890434
-0.08972738	0.079691045	-0.040556017	0.044288844	-0.025631512	0.10505095	-0.09905215	0.12604983	-0.17833076	0.0234091	-0.07104014	0.11604389	-0.7893088	0.30382502	-0.15743518	0.094609484	-0.114229456	1.0	-0.46890882	0.14125238
0.12090454	-0.123807915	0.06212398	-0.07132353	0.036997046	-0.16634972	0.13470669	-0.19934253	0.23168822	-0.034192085	0.09233815	-0.1302542	0.2973029	-0.6693366	0.22443376	-0.127525	0.100265145	-0.46890882	0.99999994	-0.30971974
-0.09652311	0.081428096	-0.042286765	0.046301845	-0.12019457	0.114112936	-0.09783652	0.10802977	-0.15104087	0.106958635	-0.061241426	0.07869308	-0.1228563	0.1879499	-0.88742936	0.08330684	-0.05890434	0.14125238	-0.30971974	0.99999994
