1.0	-0.44803423	0.1516413	-0.111912355	0.062743016	-0.80768275	0.270551	-0.16499847	0.07891391	-0.045359746	0.18710734	-0.17140989	0.08125593	-0.0740704	0.066299014	-0.12714408	0.123451814	-0.07164319	0.050404705	-0.05011165
-0.44803423	1.0000002	-0.3738565	0.16678275	-0.09921985	0.28477517	-0.63268346	0.24644357	-0.12554295	0.07013185	-0.2605905	0.23212464	-0.1255883	0.108561516	-0.10379451	0.15363361	-0.19472997	0.103451476	-0.07613302	0.07426936
0.1516413	-0.3738565	1.0000001	-0.38870135	0.14023377	-0.136538	0.21185166	-0.76001847	0.22721979	-0.1034568	0.1420476	-0.13018438	0.122390196	-0.16194458	0.14252761	-0.08947054	0.102504835	-0.10022601	0.09755688	-0.093576446
-0.111912355	0.16678275	-0.38870135	1.0000001	-0.33662227	0.100744046	-0.15597644	0.2858115	-0.6402967	0.22686677	-0.14849447	0.115959644	-0.21318229	0.2938022	-0.3268611	0.090180606	-0.10097279	0.16263112	-0.20218803	0.18243054
0.062743016	-0.09921985	0.14023377	-0.33662227	0.99999994	-0.06372451	0.08667852	-0.19038782	0.25049448	-0.74734163	0.0921303	-0.08198916	0.15707323	-0.3429499	0.31376517	-0.063894086	0.06756627	-0.16726583	0.18507028	-0.26235893
-0.80768275	0.28477517	-0.136538	0.100744046	-0.06372451	0.9999999	-0.38549617	0.13902393	-0.074601844	0.045253333	-0.27387935	0.18775146	-0.090515584	0.072593056	-0.067722194	0.14712572	-0.15441854	0.077845	-0.05204041	0.05150896
0.270551	-0.63268346	0.21185166	-0.15597644	0.08667852	-0.38549617	1.0	-0.25430086	0.111349635	-0.06297831	0.23762123	-0.45888454	0.120230615	-0.10357732	0.09187783	-0.18688945	0.21598478	-0.10632872	0.07134878	-0.07037734
-0.16499847	0.24644357	-0.76001847	0.2858115	-0.19038782	0.13902393	-0.25430086	1.0000001	-0.3334674	0.1343301	-0.17990842	0.14445342	-0.16598111	0.19261204	-0.19280536	0.10593171	-0.12540585	0.12716106	-0.12763141	0.11913902
0.07891391	-0.12554295	0.22721979	-0.6402967	0.25049448	-0.074601844	0.111349635	-0.3334674	1.0	-0.264704	0.10446761	-0.08761438	0.1621489	-0.54089445	0.2560918	-0.06672779	0.073922254	-0.13962276	0.1846115	-0.17574638
-0.045359746	0.07013185	-0.1034568	0.22686677	-0.74734163	0.045253333	-0.06297831	0.1343301	-0.264704	1.0000002	-0.067696854	0.05823325	-0.12165864	0.24480762	-0.5276084	0.045636285	-0.048974283	0.119031094	-0.15122153	0.19671106
0.18710734	-0.2605905	0.1420476	-0.14849447	0.0921303	-0.27387935	0.23762123	-0.17990842	0.10446761	-0.067696854	1.0000001	-0.42616522	0.15410525	-0.12053795	0.10129776	-0.68939435	0.31009424	-0.16010751	0.08841191	-0.09050709
-0.17140989	0.23212464	-0.13018438	0.115959644	-0.08198916	0.18775146	-0.45888454	0.14445342	-0.08761438	0.05823325	-0.42616522	1.0	-0.18130249	0.09741745	-0.09012196	0.2884411	-0.64238423	0.14838539	-0.07940033	0.07669135
0.08125593	-0.1255883	0.122390196	-0.21318229	0.15707323	-0.090515584	0.120230615	-0.16598111	0.1621489	-0.12165864	0.15410525	-0.18130249	1.0000001	-0.27908587	0.19431812	-0.12828748	0.14660999	-0.8201916	0.25240555	-0.26474327
-0.0740704	0.108561516	-0.16194458	0.2938022	-0.3429499	0.072593056	-0.10357732	0.19261204	-0.54089445	0.24480762	-0.12053795	0.09741745	-0.27908587	1.0	-0.44656926	0.07764424	-0.0855743	0.21679865	-0.42517936	0.2761478
0.066299014	-0.10379451	0.14252761	-0.3268611	0.31376517	-0.067722194	0.09187783	-0.19280536	0.2560918	-0.5276084	0.10129776	-0.09012196	0.19431812	-0.44656926	1.0	-0.07072672	0.075466186	-0.21053304	0.2660147	-0.47091448
-0.12714408	0.15363361	-0.08947054	0.090180606	-0.063894086	0.14712572	-0.18688945	0.10593171	-0.06672779	0.045636285	-0.68939435	0.2884411	-0.12828748	0.07764424	-0.07072672	1.0	-0.60376	0.11982614	-0.063723385	0.06159985
0.123451814	-0.19472997	0.102504835	-0.10097279	0.06756627	-0.15441854	0.21598478	-0.12540585	0.073922254	-0.048974283	0.31009424	-0.64238423	0.14660999	-0.0855743	0.075466186	-0.60376	1.0000002	-0.16317756	0.07284217	-0.06904411
-0.07164319	0.103451476	-0.10022601	0.16263112	-0.16726583	0.077845	-0.10632872	0.12716106	-0.13962276	0.119031094	-0.16010751	0.14838539	-0.8201916	0.21679865	-0.21053304	0.11982614	-0.16317756	1.0000004	-0.36803195	0.23199904
0.050404705	-0.07613302	0.09755688	-0.20218803	0.18507028	-0.05204041	0.07134878	-0.12763141	0.1846115	-0.15122153	0.08841191	-0.07940033	0.25240555	-0.42517936	0.2660147	-0.063723385	0.07284217	-0.36803195	1.0000002	-0.7231163
-0.05011165	0.07426936	-0.093576446	0.18243054	-0.26235893	0.05150896	-0.07037734	0.11913902	-0.17574638	0.19671106	-0.09050709	0.07669135	-0.26474327	0.2761478	-0.47091448	0.06159985	-0.06904411	0.23199904	-0.7231163	1.0000002
