0.99999994	-0.6852589	0.23622158	-0.17831099	0.19985132	-0.5647114	0.27639893	-0.24122924	0.15651649	-0.086251326	0.12450795	-0.17058805	0.14717287	-0.17325869	0.08991053	-0.10382906	0.13796277	-0.14735804	0.073642224	-0.091388844
-0.6852589	0.99999976	-0.44631913	0.20237616	-0.23864108	0.29617637	-0.3582236	0.25993896	-0.20049931	0.097636215	-0.121822335	0.17449641	-0.16126993	0.17428225	-0.10527167	0.0971176	-0.14847589	0.14801799	-0.07614297	0.09188309
0.23622158	-0.44631913	1.0000001	-0.4796492	0.205945	-0.23042749	0.24463354	-0.6076952	0.28694537	-0.12106943	0.10182409	-0.16772413	0.18400933	-0.20060165	0.12282802	-0.085829794	0.13138472	-0.15759291	0.07710927	-0.09399218
-0.17831099	0.20237616	-0.4796492	1.0000001	-0.24049161	0.16588546	-0.19353944	0.2894009	-0.7388433	0.17978337	-0.08718473	0.13597392	-0.15393092	0.1836304	-0.19451025	0.0725579	-0.11419502	0.13487875	-0.07193301	0.08810172
0.19985132	-0.23864108	0.205945	-0.24049161	1.0000001	-0.3119647	0.2592374	-0.25973672	0.21533462	-0.23598011	0.17917027	-0.3104354	0.30101582	-0.5460685	0.2051493	-0.16687632	0.2456112	-0.4053386	0.20821802	-0.3039987
-0.5647114	0.29617637	-0.23042749	0.16588546	-0.3119647	0.99999994	-0.57579166	0.23563144	-0.17978604	0.10386553	-0.22829448	0.23948866	-0.18985276	0.20514311	-0.11268612	0.1586076	-0.21736139	0.1873013	-0.096483074	0.1152598
0.27639893	-0.3582236	0.24463354	-0.19353944	0.2592374	-0.57579166	1.0000001	-0.40015155	0.19236794	-0.112095036	0.18385312	-0.42963076	0.23536907	-0.25517634	0.117131814	-0.1587107	0.22845405	-0.22947392	0.10858034	-0.13323346
-0.24122924	0.25993896	-0.6076952	0.2894009	-0.25973672	0.23563144	-0.40015155	1.0000002	-0.41149694	0.14326432	-0.1274075	0.21233262	-0.31387216	0.23500107	-0.15491626	0.10450793	-0.17140867	0.19222827	-0.09591187	0.11152068
0.15651649	-0.20049931	0.28694537	-0.7388433	0.21533462	-0.17978604	0.19236794	-0.41149694	1.0000002	-0.28524426	0.09129826	-0.15085594	0.1710883	-0.22603753	0.208316	-0.07784391	0.120745875	-0.15266323	0.07871378	-0.09805644
-0.086251326	0.097636215	-0.12106943	0.17978337	-0.23598011	0.10386553	-0.112095036	0.14326432	-0.28524426	1.0	-0.06555484	0.10243747	-0.12770422	0.19505556	-0.8866593	0.055406373	-0.08937721	0.11511146	-0.07381262	0.09118809
0.12450795	-0.121822335	0.10182409	-0.08718473	0.17917027	-0.22829448	0.18385312	-0.1274075	0.09129826	-0.06555484	0.9999999	-0.33646774	0.16899277	-0.17657483	0.070325024	-0.8201438	0.28995734	-0.22416063	0.0979358	-0.12025393
-0.17058805	0.17449641	-0.16772413	0.13597392	-0.3104354	0.23948866	-0.42963076	0.21233262	-0.15085594	0.10243747	-0.33646774	0.9999996	-0.42509606	0.26226774	-0.113984734	0.2425334	-0.5650836	0.28725767	-0.13555898	0.14863837
0.14717287	-0.16126993	0.18400933	-0.15393092	0.30101582	-0.18985276	0.23536907	-0.31387216	0.1710883	-0.12770422	0.16899277	-0.42509606	0.99999964	-0.59196424	0.14053698	-0.14645164	0.2619195	-0.48258698	0.16177334	-0.17914928
-0.17325869	0.17428225	-0.20060165	0.1836304	-0.5460685	0.20514311	-0.25517634	0.23500107	-0.22603753	0.19505556	-0.17657483	0.26226774	-0.59196424	0.9999998	-0.2659773	0.14101638	-0.2513269	0.2817877	-0.16181304	0.17061566
0.08991053	-0.10527167	0.12282802	-0.19451025	0.2051493	-0.11268612	0.117131814	-0.15491626	0.208316	-0.8866593	0.070325024	-0.113984734	0.14053698	-0.2659773	0.9999999	-0.06028658	0.09662873	-0.1309739	0.08224565	-0.1078059
-0.10382906	0.0971176	-0.085829794	0.0725579	-0.16687632	0.1586076	-0.1587107	0.10450793	-0.07784391	0.055406373	-0.8201438	0.2425334	-0.14645164	0.14101638	-0.06028658	1.0	-0.45151037	0.18807164	-0.08593759	0.09760113
0.13796277	-0.14847589	0.13138472	-0.11419502	0.2456112	-0.21736139	0.22845405	-0.17140867	0.120745875	-0.08937721	0.28995734	-0.5650836	0.2619195	-0.2513269	0.09662873	-0.45151037	0.99999994	-0.47494712	0.16135299	-0.19033135
-0.14735804	0.14801799	-0.15759291	0.13487875	-0.4053386	0.1873013	-0.22947392	0.19222827	-0.15266323	0.11511146	-0.22416063	0.28725767	-0.48258698	0.2817877	-0.1309739	0.18807164	-0.47494712	1.0000001	-0.39246976	0.26291075
0.073642224	-0.07614297	0.07710927	-0.07193301	0.20821802	-0.096483074	0.10858034	-0.09591187	0.07871378	-0.07381262	0.0979358	-0.13555898	0.16177334	-0.16181304	0.08224565	-0.08593759	0.16135299	-0.39246976	1.0000001	-0.8595089
-0.091388844	0.09188309	-0.09399218	0.08810172	-0.3039987	0.1152598	-0.13323346	0.11152068	-0.09805644	0.09118809	-0.12025393	0.14863837	-0.17914928	0.17061566	-0.1078059	0.09760113	-0.19033135	0.26291075	-0.8595089	1.0000001
