1.0000001	-0.5714973	0.21228613	-0.19170864	0.10131924	-0.69011766	0.23690373	-0.13843895	0.12453477	-0.12145712	0.2275395	-0.17245238	0.10619358	-0.10127024	0.101173945	-0.122628845	0.12782684	-0.09329586	0.08042807	-0.11533775
-0.5714973	1.0000002	-0.48732415	0.24670166	-0.14097019	0.2934221	-0.40977037	0.17917444	-0.1733578	0.14931388	-0.27074388	0.20808159	-0.13685939	0.12594453	-0.13039444	0.13606165	-0.16403513	0.113602005	-0.10252852	0.1351799
0.21228613	-0.48732415	1.0000002	-0.6731834	0.21686743	-0.20653026	0.22129941	-0.2621489	0.22373141	-0.2536178	0.17419998	-0.15124027	0.138743	-0.14055872	0.14071748	-0.097898856	0.11353991	-0.11870496	0.10650512	-0.1566814
-0.19170864	0.24670166	-0.6731834	1.0	-0.41468352	0.16430621	-0.23545258	0.2303038	-0.32766587	0.26794893	-0.1904313	0.15029022	-0.14633036	0.14798363	-0.16109242	0.1005872	-0.12385246	0.119698286	-0.11598715	0.1525687
0.10131924	-0.14097019	0.21686743	-0.41468352	1.0	-0.10225556	0.13487263	-0.15848349	0.18112619	-0.8300253	0.112704255	-0.094802566	0.09923693	-0.10834259	0.15919073	-0.06276709	0.0754805	-0.08680232	0.08259666	-0.16425997
-0.69011766	0.2934221	-0.20653026	0.16430621	-0.10225556	1.0	-0.34960788	0.14894809	-0.14111774	0.115465686	-0.4422349	0.2249763	-0.13068695	0.11750457	-0.11866099	0.17349142	-0.19558887	0.11005068	-0.097268246	0.1259056
0.23690373	-0.40977037	0.22129941	-0.23545258	0.13487263	-0.34960788	0.99999994	-0.29178578	0.21016131	-0.16989666	0.29330736	-0.59594595	0.21992864	-0.20020704	0.15928653	-0.21289012	0.2214921	-0.1885958	0.15021527	-0.1933132
-0.13843895	0.17917444	-0.2621489	0.2303038	-0.15848349	0.14894809	-0.29178578	0.9999998	-0.7359737	0.17257367	-0.19047037	0.19715044	-0.3810193	0.2620751	-0.1676281	0.11135689	-0.1372409	0.20743595	-0.20746072	0.16163377
0.12453477	-0.1733578	0.22373141	-0.32766587	0.18112619	-0.14111774	0.21016131	-0.7359737	0.9999999	-0.23870894	0.16063458	-0.17126562	0.2583116	-0.35798156	0.16705188	-0.098654576	0.11630618	-0.21516053	0.1949784	-0.17694819
-0.12145712	0.14931388	-0.2536178	0.26794893	-0.8300253	0.115465686	-0.16989666	0.17257367	-0.23870894	0.9999995	-0.1430989	0.11428508	-0.11908413	0.12665364	-0.23179215	0.07695409	-0.09503623	0.1003746	-0.09997621	0.17912604
0.2275395	-0.27074388	0.17419998	-0.1904313	0.112704255	-0.4422349	0.29330736	-0.19047037	0.16063458	-0.1430989	0.99999976	-0.48804107	0.18541095	-0.1715582	0.14427108	-0.482543	0.29903755	-0.16897415	0.13216026	-0.1811682
-0.17245238	0.20808159	-0.15124027	0.15029022	-0.094802566	0.2249763	-0.59594595	0.19715044	-0.17126562	0.11428508	-0.48804107	0.99999994	-0.31371236	0.18862109	-0.13241059	0.25994736	-0.4007775	0.18282354	-0.15128244	0.1457566
0.10619358	-0.13685939	0.138743	-0.14633036	0.09923693	-0.13068695	0.21992864	-0.3810193	0.2583116	-0.11908413	0.18541095	-0.31371236	1.0000001	-0.5710553	0.16861193	-0.122916445	0.14892332	-0.530843	0.30777928	-0.18063092
-0.10127024	0.12594453	-0.14055872	0.14798363	-0.10834259	0.11750457	-0.20020704	0.2620751	-0.35798156	0.12665364	-0.1715582	0.18862109	-0.5710553	1.0000002	-0.24893337	0.10374704	-0.13117035	0.32019195	-0.56341934	0.20177615
0.101173945	-0.13039444	0.14071748	-0.16109242	0.15919073	-0.11866099	0.15928653	-0.1676281	0.16705188	-0.23179215	0.14427108	-0.13241059	0.16861193	-0.24893337	1.0000002	-0.086534806	0.10259915	-0.1648684	0.1704684	-0.87105435
-0.122628845	0.13606165	-0.097898856	0.1005872	-0.06276709	0.17349142	-0.21289012	0.11135689	-0.098654576	0.07695409	-0.482543	0.25994736	-0.122916445	0.10374704	-0.086534806	1.0000001	-0.794963	0.10972288	-0.09009181	0.100021645
0.12782684	-0.16403513	0.11353991	-0.12385246	0.0754805	-0.19558887	0.2214921	-0.1372409	0.11630618	-0.09503623	0.29903755	-0.4007775	0.14892332	-0.13117035	0.10259915	-0.794963	1.0000004	-0.14571038	0.10858824	-0.1254179
-0.09329586	0.113602005	-0.11870496	0.119698286	-0.08680232	0.11005068	-0.1885958	0.20743595	-0.21516053	0.1003746	-0.16897415	0.18282354	-0.530843	0.32019195	-0.1648684	0.10972288	-0.14571038	1.0000005	-0.7097464	0.1588028
0.08042807	-0.10252852	0.10650512	-0.11598715	0.08259666	-0.097268246	0.15021527	-0.20746072	0.1949784	-0.09997621	0.13216026	-0.15128244	0.30777928	-0.56341934	0.1704684	-0.09009181	0.10858824	-0.7097464	1.0000004	-0.19595782
-0.11533775	0.1351799	-0.1566814	0.1525687	-0.16425997	0.1259056	-0.1933132	0.16163377	-0.17694819	0.17912604	-0.1811682	0.1457566	-0.18063092	0.20177615	-0.87105435	0.100021645	-0.1254179	0.1588028	-0.19595782	1.0000004
