1.0000001	-0.63790923	0.20901982	-0.20297197	0.09115118	-0.5842333	0.31676555	-0.22262955	0.1550906	-0.090246364	0.18809244	-0.20609276	0.17457107	-0.17646788	0.13430373	-0.184963	0.1646457	-0.19979654	0.15988933	-0.08821923
-0.63790923	1.0000004	-0.3648237	0.2247192	-0.1104976	0.3066068	-0.48861367	0.22790794	-0.17947431	0.102550656	-0.16791669	0.19535403	-0.19033368	0.18008694	-0.16956516	0.14632691	-0.16940448	0.18985541	-0.20150054	0.10663072
0.20901982	-0.3648237	0.9999999	-0.7682992	0.16852593	-0.17041954	0.19576836	-0.27432787	0.24248126	-0.17345612	0.11277002	-0.16161524	0.18216272	-0.2527516	0.15707381	-0.10890852	0.13116589	-0.19073911	0.17065942	-0.10428606
-0.20297197	0.2247192	-0.7682992	0.99999964	-0.25208855	0.14655912	-0.1786	0.22606957	-0.35570052	0.18668848	-0.106014214	0.14401156	-0.17792895	0.23683673	-0.18593012	0.0983124	-0.12470525	0.17136402	-0.19797215	0.11565016
0.09115118	-0.1104976	0.16852593	-0.25208855	0.9999996	-0.081479535	0.08898216	-0.12890637	0.13561575	-0.9028721	0.062589824	-0.09441509	0.102261834	-0.14899385	0.18382062	-0.0634049	0.07812759	-0.13394314	0.13604967	-0.13052283
-0.5842333	0.3066068	-0.17041954	0.14655912	-0.081479535	0.99999976	-0.611079	0.21541068	-0.15051538	0.07673217	-0.3068334	0.21627772	-0.18627195	0.15476447	-0.13921	0.20222642	-0.18990295	0.1823923	-0.16967121	0.08864689
0.31676555	-0.48861367	0.19576836	-0.1786	0.08898216	-0.611079	0.99999964	-0.3733367	0.18280475	-0.085547686	0.20135406	-0.3040011	0.22469561	-0.19162835	0.14261203	-0.18512887	0.19598177	-0.2107399	0.1719701	-0.09225888
-0.22262955	0.22790794	-0.27432787	0.22606957	-0.12890637	0.21541068	-0.3733367	0.99999946	-0.48175225	0.11893469	-0.1688921	0.24748069	-0.5503659	0.30585644	-0.21555452	0.1483058	-0.21108188	0.25975528	-0.25791097	0.13503748
0.1550906	-0.17947431	0.24248126	-0.35570052	0.13561575	-0.15051538	0.18280475	-0.48175225	0.99999946	-0.1384249	0.11411139	-0.17704983	0.2619927	-0.69395876	0.17826673	-0.107644916	0.14276005	-0.20542894	0.19239354	-0.115566365
-0.090246364	0.102550656	-0.17345612	0.18668848	-0.9028721	0.07673217	-0.085547686	0.11893469	-0.1384249	0.9999993	-0.05969258	0.087603875	-0.09776384	0.13721454	-0.25159878	0.05929465	-0.07435078	0.12320726	-0.15420921	0.13593668
0.18809244	-0.16791669	0.11277002	-0.106014214	0.062589824	-0.3068334	0.20135406	-0.1688921	0.11411139	-0.05969258	0.99999934	-0.35719886	0.17883448	-0.13702573	0.11389178	-0.7908921	0.2798345	-0.22524591	0.14373954	-0.07550595
-0.20609276	0.19535403	-0.16161524	0.14401156	-0.09441509	0.21627772	-0.3040011	0.24748069	-0.17704983	0.087603875	-0.35719886	0.9999994	-0.44488648	0.2008498	-0.18330066	0.2670113	-0.618539	0.30355737	-0.23274034	0.11769362
0.17457107	-0.19033368	0.18216272	-0.17792895	0.102261834	-0.18627195	0.22469561	-0.5503659	0.2619927	-0.09776384	0.17883448	-0.44488648	0.99999917	-0.38885665	0.18385771	-0.17127486	0.26088217	-0.4664861	0.22798929	-0.123078376
-0.17646788	0.18008694	-0.2527516	0.23683673	-0.14899385	0.15476447	-0.19162835	0.30585644	-0.69395876	0.13721454	-0.13702573	0.2008498	-0.38885665	0.9999992	-0.2819404	0.12427107	-0.17719975	0.23707105	-0.29247501	0.16434766
0.13430373	-0.16956516	0.15707381	-0.18593012	0.18382062	-0.13921	0.14261203	-0.21555452	0.17826673	-0.25159878	0.11389178	-0.18330066	0.18385771	-0.2819404	0.9999994	-0.122386426	0.14998314	-0.30116436	0.31917498	-0.71233356
-0.184963	0.14632691	-0.10890852	0.0983124	-0.0634049	0.20222642	-0.18512887	0.1483058	-0.107644916	0.05929465	-0.7908921	0.2670113	-0.17127486	0.12427107	-0.122386426	0.9999996	-0.4441114	0.2102434	-0.15663287	0.07935633
0.1646457	-0.16940448	0.13116589	-0.12470525	0.07812759	-0.18990295	0.19598177	-0.21108188	0.14276005	-0.07435078	0.2798345	-0.618539	0.26088217	-0.17719975	0.14998314	-0.4441114	0.9999995	-0.48912045	0.19757687	-0.10254123
-0.19979654	0.18985541	-0.19073911	0.17136402	-0.13394314	0.1823923	-0.2107399	0.25975528	-0.20542894	0.12320726	-0.22524591	0.30355737	-0.4664861	0.23707105	-0.30116436	0.2102434	-0.48912045	0.99999934	-0.4560622	0.20128118
0.15988933	-0.20150054	0.17065942	-0.19797215	0.13604967	-0.16967121	0.1719701	-0.25791097	0.19239354	-0.15420921	0.14373954	-0.23274034	0.22798929	-0.29247501	0.31917498	-0.15663287	0.19757687	-0.4560622	0.99999934	-0.6002676
-0.08821923	0.10663072	-0.10428606	0.11565016	-0.13052283	0.08864689	-0.09225888	0.13503748	-0.115566365	0.13593668	-0.07550595	0.11769362	-0.123078376	0.16434766	-0.71233356	0.07935633	-0.10254123	0.20128118	-0.6002676	0.99999934
