1.0000001	-0.68620944	0.104227476	-0.09310874	0.18255028	-0.60997576	0.31095627	-0.13592644	0.1041875	-0.088813365	0.15997513	-0.21753497	0.10376164	-0.08230893	0.10230362	-0.16284847	0.035974987	-0.034902755	0.051756646	-0.04406475
-0.68620944	1.0000002	-0.14381692	0.11784147	-0.23942372	0.3255167	-0.56046355	0.17086507	-0.13810138	0.113292195	-0.15268405	0.2258647	-0.13571224	0.1038964	-0.13348003	0.1448375	-0.042262513	0.040467575	-0.066806816	0.05637888
0.104227476	-0.14381692	1.0000002	-0.71375376	0.20810243	-0.14265132	0.1588608	-0.54060537	0.27933282	-0.20238113	0.09575229	-0.19282864	0.21464263	-0.19440363	0.18562874	-0.121965826	0.04873806	-0.048999682	0.080329426	-0.07420835
-0.09310874	0.11784147	-0.71375376	1.0000001	-0.28238553	0.12228807	-0.13623932	0.30387634	-0.47523502	0.23432466	-0.09251894	0.18436942	-0.23456328	0.19543803	-0.23872161	0.120228715	-0.05254439	0.051597655	-0.09842256	0.08752866
0.18255028	-0.23942372	0.20810243	-0.28238553	1.0000002	-0.2733434	0.24239384	-0.26313132	0.25313044	-0.37579334	0.25782418	-0.5682762	0.21923114	-0.21499795	0.2562317	-0.39970762	0.08967589	-0.09288319	0.13471377	-0.13391034
-0.60997576	0.3255167	-0.14265132	0.12228807	-0.2733434	1.0000001	-0.56588984	0.17761205	-0.14775361	0.12383195	-0.2791207	0.26040488	-0.14667307	0.11254949	-0.14690405	0.20423691	-0.048591685	0.046372466	-0.07456967	0.0626605
0.31095627	-0.56046355	0.1588608	-0.13623932	0.24239384	-0.56588984	1.0000002	-0.28016478	0.15675133	-0.12713759	0.19091292	-0.3998672	0.16011818	-0.12275053	0.14491373	-0.18425585	0.050862674	-0.049242586	0.071209	-0.060967643
-0.13592644	0.17086507	-0.54060537	0.30387634	-0.26313132	0.17761205	-0.28016478	1.0000001	-0.43910393	0.23975629	-0.11801003	0.22460625	-0.456759	0.2602794	-0.26869905	0.13892874	-0.07081497	0.069339685	-0.10876928	0.09672047
0.1041875	-0.13810138	0.27933282	-0.47523502	0.25313044	-0.14775361	0.15675133	-0.43910393	1.0	-0.5602603	0.10845802	-0.22354192	0.256369	-0.3237335	0.2894751	-0.14365888	0.05813671	-0.0586069	0.1101959	-0.10604133
-0.088813365	0.113292195	-0.20238113	0.23432466	-0.37579334	0.12383195	-0.12713759	0.23975629	-0.5602603	1.0000001	-0.102461115	0.21299046	-0.2498178	0.25819033	-0.603117	0.14121334	-0.058928076	0.05839093	-0.15307218	0.13979177
0.15997513	-0.15268405	0.09575229	-0.09251894	0.25782418	-0.2791207	0.19091292	-0.11801003	0.10845802	-0.102461115	0.9999998	-0.4258243	0.11564944	-0.0923479	0.12208144	-0.8008927	0.060895883	-0.05860185	0.06589346	-0.054980867
-0.21753497	0.2258647	-0.19282864	0.18436942	-0.5682762	0.26040488	-0.3998672	0.22460625	-0.22354192	0.21299046	-0.4258243	0.9999996	-0.26076746	0.1907014	-0.26246136	0.28827828	-0.107324496	0.09611498	-0.14077795	0.1158751
0.10376164	-0.13571224	0.21464263	-0.23456328	0.21923114	-0.14667307	0.16011818	-0.456759	0.256369	-0.2498178	0.11564944	-0.26076746	0.99999976	-0.69903815	0.2726973	-0.14706069	0.105624385	-0.11990285	0.11193384	-0.10973281
-0.08230893	0.1038964	-0.19440363	0.19543803	-0.21499795	0.11254949	-0.12275053	0.2602794	-0.3237335	0.25819033	-0.0923479	0.1907014	-0.69903815	0.9999998	-0.49469826	0.11844824	-0.084383965	0.082437105	-0.14153738	0.12825993
0.10230362	-0.13348003	0.18562874	-0.23872161	0.2562317	-0.14690405	0.14491373	-0.26869905	0.2894751	-0.603117	0.12208144	-0.26246136	0.2726973	-0.49469826	0.9999998	-0.17126791	0.067194544	-0.06897401	0.19253103	-0.24473368
-0.16284847	0.1448375	-0.121965826	0.120228715	-0.39970762	0.20423691	-0.18425585	0.13892874	-0.14365888	0.14121334	-0.8008927	0.28827828	-0.14706069	0.11844824	-0.17126791	0.9999996	-0.0784813	0.07106353	-0.095226444	0.07813124
0.035974987	-0.042262513	0.04873806	-0.05254439	0.08967589	-0.048591685	0.050862674	-0.07081497	0.05813671	-0.058928076	0.060895883	-0.107324496	0.105624385	-0.084383965	0.067194544	-0.0784813	0.9999998	-0.9773967	0.049663354	-0.04603836
-0.034902755	0.040467575	-0.048999682	0.051597655	-0.09288319	0.046372466	-0.049242586	0.069339685	-0.0586069	0.05839093	-0.05860185	0.09611498	-0.11990285	0.082437105	-0.06897401	0.07106353	-0.9773967	0.99999994	-0.05232445	0.046051193
0.051756646	-0.066806816	0.080329426	-0.09842256	0.13471377	-0.07456967	0.071209	-0.10876928	0.1101959	-0.15307218	0.06589346	-0.14077795	0.11193384	-0.14153738	0.19253103	-0.095226444	0.049663354	-0.05232445	0.99999994	-0.93671954
-0.04406475	0.05637888	-0.07420835	0.08752866	-0.13391034	0.0626605	-0.060967643	0.09672047	-0.10604133	0.13979177	-0.054980867	0.1158751	-0.10973281	0.12825993	-0.24473368	0.07813124	-0.04603836	0.046051193	-0.93671954	0.99999994
