1.0000001	-0.89729095	0.16872932	-0.10259394	0.13909268	-0.32622585	0.19561873	-0.13541958	0.11058017	-0.018329758	0.09156459	-0.123326175	0.103558384	-0.09818863	0.018239764	-0.09938695	0.08264555	-0.09973916	0.049565338	-0.059093326
-0.89729095	0.99999994	-0.22322804	0.11903185	-0.16824128	0.23906782	-0.23042667	0.14134918	-0.12518394	0.020337502	-0.098751724	0.1254969	-0.11219237	0.10459452	-0.020331917	0.10168166	-0.08789438	0.10272542	-0.052961677	0.062218253
0.16872932	-0.22322804	0.9999999	-0.60207903	0.3289862	-0.32846755	0.23407196	-0.3734358	0.29255527	-0.050655402	0.17954814	-0.25396773	0.24480206	-0.2924616	0.048879437	-0.2544221	0.18926176	-0.26974735	0.1385787	-0.1769473
-0.10259394	0.11903185	-0.60207903	0.9999998	-0.6136978	0.1960149	-0.1529937	0.2336242	-0.404085	0.045154266	-0.11655161	0.16050127	-0.17795797	0.23020934	-0.04406809	0.15865913	-0.124680065	0.1725281	-0.10420027	0.12718551
0.13909268	-0.16824128	0.3289862	-0.6136978	0.99999934	-0.32343572	0.22231427	-0.3022832	0.28987515	-0.070978776	0.18916818	-0.26771045	0.24117367	-0.31186295	0.065849185	-0.2812387	0.201307	-0.29142782	0.15101685	-0.19790502
-0.32622585	0.23906782	-0.32846755	0.1960149	-0.32343572	0.99999976	-0.6843193	0.271572	-0.24704112	0.037842553	-0.21437413	0.24902356	-0.2284221	0.1894646	-0.03826484	0.18586287	-0.17602062	0.18556696	-0.09717502	0.10933146
0.19561873	-0.23042667	0.23407196	-0.1529937	0.22231427	-0.6843193	0.99999964	-0.42977205	0.21335994	-0.03141103	0.20573348	-0.38535273	0.22899105	-0.186195	0.03140927	-0.19420592	0.16939177	-0.19296315	0.08895837	-0.10220819
-0.13541958	0.14134918	-0.3734358	0.2336242	-0.3022832	0.271572	-0.42977205	0.99999946	-0.47315803	0.046060234	-0.18222788	0.23906548	-0.5272553	0.29175153	-0.046260666	0.19176136	-0.19563168	0.23814943	-0.13133794	0.14344989
0.11058017	-0.12518394	0.29255527	-0.404085	0.28987515	-0.24704112	0.21335994	-0.47315803	0.9999993	-0.068794616	0.15335207	-0.21337348	0.29516628	-0.5877058	0.06519871	-0.19425826	0.16904949	-0.23589258	0.18342994	-0.22307248
-0.018329758	0.020337502	-0.050655402	0.045154266	-0.070978776	0.037842553	-0.03141103	0.046060234	-0.068794616	0.9999992	-0.026140872	0.03426791	-0.045879286	0.0680916	-0.98978955	0.03353478	-0.029776374	0.03957493	-0.05456849	0.061462272
0.09156459	-0.098751724	0.17954814	-0.11655161	0.18916818	-0.21437413	0.20573348	-0.18222788	0.15335207	-0.026140872	0.99999905	-0.6433885	0.19481318	-0.15247263	0.026261656	-0.61811215	0.25928244	-0.2369391	0.07962523	-0.09038851
-0.123326175	0.1254969	-0.25396773	0.16050127	-0.26771045	0.24902356	-0.38535273	0.23906548	-0.21337348	0.03426791	-0.6433885	0.9999989	-0.3097036	0.1931238	-0.034693547	0.3056866	-0.32985285	0.2449497	-0.09969384	0.10894931
0.103558384	-0.11219237	0.24480206	-0.17795797	0.24117367	-0.2284221	0.22899105	-0.5272553	0.29516628	-0.045879286	0.19481318	-0.3097036	0.9999987	-0.50475615	0.04576233	-0.22909766	0.2384245	-0.4407219	0.16204953	-0.17875256
-0.09818863	0.10459452	-0.2924616	0.23020934	-0.31186295	0.1894646	-0.186195	0.29175153	-0.5877058	0.0680916	-0.15247263	0.1931238	-0.50475615	0.99999887	-0.07187209	0.17223108	-0.18228093	0.22944193	-0.33213925	0.2410286
0.018239764	-0.020331917	0.048879437	-0.04406809	0.065849185	-0.03826484	0.03140927	-0.046260666	0.06519871	-0.98978955	0.026261656	-0.034693547	0.04576233	-0.07187209	0.99999905	-0.034047864	0.029891409	-0.040258124	0.054490197	-0.066393524
-0.09938695	0.10168166	-0.2544221	0.15865913	-0.2812387	0.18586287	-0.19420592	0.19176136	-0.19425826	0.03353478	-0.61811215	0.3056866	-0.22909766	0.17223108	-0.034047864	0.99999875	-0.52772796	0.2745565	-0.09634497	0.10487071
0.08264555	-0.08789438	0.18926176	-0.124680065	0.201307	-0.17602062	0.16939177	-0.19563168	0.16904949	-0.029776374	0.25928244	-0.32985285	0.2384245	-0.18228093	0.029891409	-0.52772796	0.9999988	-0.67318314	0.1052753	-0.11747938
-0.09973916	0.10272542	-0.26974735	0.1725281	-0.29142782	0.18556696	-0.19296315	0.23814943	-0.23589258	0.03957493	-0.2369391	0.2449497	-0.4407219	0.22944193	-0.040258124	0.2745565	-0.67318314	0.9999988	-0.15246555	0.14584677
0.049565338	-0.052961677	0.1385787	-0.10420027	0.15101685	-0.09717502	0.08895837	-0.13133794	0.18342994	-0.05456849	0.07962523	-0.09969384	0.16204953	-0.33213925	0.054490197	-0.09634497	0.1052753	-0.15246555	0.99999887	-0.89210045
-0.059093326	0.062218253	-0.1769473	0.12718551	-0.19790502	0.10933146	-0.10220819	0.14344989	-0.22307248	0.061462272	-0.09038851	0.10894931	-0.17875256	0.2410286	-0.066393524	0.10487071	-0.11747938	0.14584677	-0.89210045	0.99999887
