1.0000001	-0.45979315	0.25792688	-0.112039156	0.047919925	-0.77054733	0.2523601	-0.2528674	0.09271182	-0.03738813	0.1627593	-0.18925123	0.12565741	-0.09614511	0.03624025	-0.16188724	0.17317702	-0.0855326	0.06356939	-0.046870254
-0.45979315	1.0	-0.7021235	0.1498169	-0.0639541	0.27957967	-0.35588607	0.27770087	-0.12893097	0.04848512	-0.13936865	0.19154882	-0.16590086	0.11844776	-0.04695894	0.1275474	-0.21135715	0.10320928	-0.08116589	0.059103444
0.25792688	-0.7021235	0.9999999	-0.25078884	0.08187748	-0.2939398	0.28008872	-0.44469842	0.17534506	-0.064671606	0.13612242	-0.20705639	0.19054013	-0.16497074	0.06070155	-0.13789473	0.1933726	-0.13677937	0.10527552	-0.078326516
-0.112039156	0.1498169	-0.25078884	0.9999996	-0.19090977	0.11019335	-0.15182081	0.19672793	-0.80987346	0.13230889	-0.078622885	0.12118785	-0.29797244	0.26252165	-0.11553341	0.075658746	-0.14516851	0.17032348	-0.19604108	0.1300323
0.047919925	-0.0639541	0.08187748	-0.19090977	0.9999994	-0.050418533	0.060852364	-0.08222078	0.14583148	-0.79343176	0.037729226	-0.06058376	0.14725	-0.17280217	0.29948986	-0.038446944	0.06952324	-0.14681606	0.14307894	-0.43396756
-0.77054733	0.27957967	-0.2939398	0.11019335	-0.050418533	0.9999992	-0.37642616	0.24059647	-0.096558794	0.03852772	-0.23245586	0.20483704	-0.14010116	0.09694256	-0.03779831	0.17330076	-0.21507622	0.08757766	-0.06634511	0.04811288
0.2523601	-0.35588607	0.28008872	-0.15182081	0.060852364	-0.37642616	0.9999992	-0.6753678	0.13465697	-0.04785061	0.16712646	-0.38773233	0.1738661	-0.12800531	0.04623885	-0.15131094	0.24779947	-0.113006346	0.083791606	-0.05937336
-0.2528674	0.27770087	-0.44469842	0.19672793	-0.08222078	0.24059647	-0.6753678	0.99999875	-0.2204366	0.06344354	-0.15989734	0.24713232	-0.26827022	0.16589004	-0.061607853	0.14159095	-0.27616477	0.14392193	-0.11254968	0.07707816
0.09271182	-0.12893097	0.17534506	-0.80987346	0.14583148	-0.096558794	0.13465697	-0.2204366	0.9999987	-0.1297941	0.06554167	-0.10474611	0.23246321	-0.40396303	0.10221088	-0.06377592	0.11693369	-0.16925201	0.18244742	-0.12080989
-0.03738813	0.04848512	-0.064671606	0.13230889	-0.79343176	0.03852772	-0.04785061	0.06344354	-0.1297941	0.9999988	-0.029380072	0.04668383	-0.12028805	0.12457568	-0.4924989	0.029530266	-0.05519683	0.10378903	-0.10914418	0.29230136
0.1627593	-0.13936865	0.13612242	-0.078622885	0.037729226	-0.23245586	0.16712646	-0.15989734	0.06554167	-0.029380072	0.9999986	-0.39584213	0.11088328	-0.07905594	0.029413547	-0.8224555	0.28910795	-0.076882854	0.05374979	-0.038471088
-0.18925123	0.19154882	-0.20705639	0.12118785	-0.06058376	0.20483704	-0.38773233	0.24713232	-0.10474611	0.04668383	-0.39584213	0.99999857	-0.21345755	0.12738666	-0.047522843	0.2752357	-0.70831925	0.12857246	-0.089648835	0.061577342
0.12565741	-0.16590086	0.19054013	-0.29797244	0.14725	-0.14010116	0.1738661	-0.26827022	0.23246321	-0.12028805	0.11088328	-0.21345755	0.9999985	-0.51608104	0.13137113	-0.11497339	0.19420114	-0.59410775	0.30679882	-0.18187733
-0.09614511	0.11844776	-0.16497074	0.26252165	-0.17280217	0.09694256	-0.12800531	0.16589004	-0.40396303	0.12457568	-0.07905594	0.12738666	-0.51608104	0.9999987	-0.16248903	0.07762274	-0.1548986	0.30924737	-0.58349925	0.17927705
0.03624025	-0.04695894	0.06070155	-0.11553341	0.29948986	-0.03779831	0.04623885	-0.061607853	0.10221088	-0.4924989	0.029413547	-0.047522843	0.13137113	-0.16248903	0.9999986	-0.029896177	0.05572531	-0.14367776	0.15555935	-0.7789659
-0.16188724	0.1275474	-0.13789473	0.075658746	-0.038446944	0.17330076	-0.15131094	0.14159095	-0.06377592	0.029530266	-0.8224555	0.2752357	-0.11497339	0.07762274	-0.029896177	0.99999857	-0.44152802	0.07766874	-0.05475548	0.0387706
0.17317702	-0.21135715	0.1933726	-0.14516851	0.06952324	-0.21507622	0.24779947	-0.27616477	0.11693369	-0.05519683	0.28910795	-0.70831925	0.19420114	-0.1548986	0.05572531	-0.44152802	0.9999982	-0.16339034	0.10574439	-0.07448335
-0.0855326	0.10320928	-0.13677937	0.17032348	-0.14681606	0.08757766	-0.113006346	0.14392193	-0.16925201	0.10378903	-0.076882854	0.12857246	-0.59410775	0.30924737	-0.14367776	0.07766874	-0.16339034	0.9999983	-0.6643105	0.1694473
0.06356939	-0.08116589	0.10527552	-0.19604108	0.14307894	-0.06634511	0.083791606	-0.11254968	0.18244742	-0.10914418	0.05374979	-0.089648835	0.30679882	-0.58349925	0.15555935	-0.05475548	0.10574439	-0.6643105	0.99999833	-0.24255353
-0.046870254	0.059103444	-0.078326516	0.1300323	-0.43396756	0.04811288	-0.05937336	0.07707816	-0.12080989	0.29230136	-0.038471088	0.061577342	-0.18187733	0.17927705	-0.7789659	0.0387706	-0.07448335	0.1694473	-0.24255353	0.99999833
