1.0000001	-0.750784	0.05043183	-0.034584507	0.043967757	-0.5615547	0.30927745	-0.06411342	0.034576233	-0.026315175	0.11850518	-0.1294644	0.076444894	-0.028603695	0.021404296	-0.09964891	0.1033339	-0.07024821	0.028408095	-0.021032605
-0.750784	1.0000001	-0.0648925	0.042569645	-0.054341324	0.31952226	-0.5408335	0.07846873	-0.043101795	0.03209052	-0.124145634	0.14819512	-0.093706556	0.03468021	-0.026227597	0.0973487	-0.12587361	0.08038013	-0.034885682	0.025536962
0.05043183	-0.0648925	1.0	-0.6493346	0.23632814	-0.08217338	0.08643943	-0.6257021	0.29403603	-0.18571965	0.058641307	-0.09595307	0.11865348	-0.21554193	0.13688025	-0.05866663	0.07757589	-0.1147541	0.1707066	-0.13695441
-0.034584507	0.042569645	-0.6493346	0.99999976	-0.33907494	0.055063155	-0.059141364	0.3186764	-0.55481446	0.21790421	-0.04106071	0.06373357	-0.07953568	0.23593919	-0.1717469	0.04021306	-0.05409556	0.07421477	-0.22045243	0.1555273
0.043967757	-0.054341324	0.23632814	-0.33907494	0.99999964	-0.07708541	0.0761054	-0.38235268	0.29381707	-0.63556564	0.055968747	-0.087905996	0.100709796	-0.34293425	0.28650135	-0.056540918	0.07254879	-0.10174315	0.25448793	-0.34288958
-0.5615547	0.31952226	-0.08217338	0.055063155	-0.07708541	0.9999995	-0.6561974	0.10420825	-0.058605734	0.044551082	-0.25249368	0.21394186	-0.1384448	0.04783267	-0.03664747	0.16722682	-0.19555442	0.11973316	-0.048956115	0.035634395
0.30927745	-0.5408335	0.08643943	-0.059141364	0.0761054	-0.6561974	0.9999995	-0.12805615	0.062248524	-0.04601953	0.18810286	-0.3247403	0.14467925	-0.05035186	0.037435267	-0.16564743	0.18669444	-0.13315804	0.049858473	-0.03669495
-0.06411342	0.07846873	-0.6257021	0.3186764	-0.38235268	0.10420825	-0.12805615	0.9999992	-0.45539322	0.22544257	-0.08151756	0.12833351	-0.20780878	0.24026752	-0.18814446	0.077758096	-0.11077645	0.15102506	-0.25070435	0.17038974
0.034576233	-0.043101795	0.29403603	-0.55481446	0.29381707	-0.058605734	0.062248524	-0.45539322	0.9999991	-0.35977915	0.043739434	-0.070309676	0.08957193	-0.47198993	0.21088348	-0.043394644	0.05831636	-0.08470787	0.25204656	-0.19713822
-0.026315175	0.03209052	-0.18571965	0.21790421	-0.63556564	0.044551082	-0.04601953	0.22544257	-0.35977915	0.999999	-0.03371003	0.051770616	-0.06238933	0.25895765	-0.5445193	0.033296514	-0.04425779	0.060386572	-0.26456186	0.27843866
0.11850518	-0.124145634	0.058641307	-0.04106071	0.055968747	-0.25249368	0.18810286	-0.08151756	0.043739434	-0.03371003	0.9999991	-0.4140254	0.17590232	-0.037568435	0.027758146	-0.79070306	0.29226765	-0.19603811	0.038120996	-0.02774299
-0.1294644	0.14819512	-0.09595307	0.06373357	-0.087905996	0.21394186	-0.3247403	0.12833351	-0.070309676	0.051770616	-0.4140254	0.99999887	-0.4469643	0.057283986	-0.04304816	0.27900892	-0.60196865	0.28936562	-0.059496183	0.04224401
0.076444894	-0.093706556	0.11865348	-0.07953568	0.100709796	-0.1384448	0.14467925	-0.20780878	0.08957193	-0.06238933	0.17590232	-0.4469643	0.99999887	-0.07244958	0.051766116	-0.1847066	0.2875849	-0.7813657	0.073664315	-0.051604755
-0.028603695	0.03468021	-0.21554193	0.23593919	-0.34293425	0.04783267	-0.05035186	0.24026752	-0.47198993	0.25895765	-0.037568435	0.057283986	-0.07244958	0.9999986	-0.33346942	0.036751006	-0.05031301	0.06923121	-0.6574859	0.27976593
0.021404296	-0.026227597	0.13688025	-0.1717469	0.28650135	-0.03664747	0.037435267	-0.18814446	0.21088348	-0.5445193	0.027758146	-0.04304816	0.051766116	-0.33346942	0.9999987	-0.027593289	0.036650375	-0.051233314	0.28017765	-0.6668257
-0.09964891	0.0973487	-0.05866663	0.04021306	-0.056540918	0.16722682	-0.16564743	0.077758096	-0.043394644	0.033296514	-0.79070306	0.27900892	-0.1847066	0.036751006	-0.027593289	0.99999887	-0.477466	0.18346156	-0.038018048	0.027321989
0.1033339	-0.12587361	0.07757589	-0.05409556	0.07254879	-0.19555442	0.18669444	-0.11077645	0.05831636	-0.04425779	0.29226765	-0.60196865	0.2875849	-0.05031301	0.036650375	-0.477466	0.9999986	-0.4692753	0.051633455	-0.037023712
-0.07024821	0.08038013	-0.1147541	0.07421477	-0.10174315	0.11973316	-0.13315804	0.15102506	-0.08470787	0.060386572	-0.19603811	0.28936562	-0.7813657	0.06923121	-0.051233314	0.18346156	-0.4692753	0.9999988	-0.07643226	0.05115917
0.028408095	-0.034885682	0.1707066	-0.22045243	0.25448793	-0.048956115	0.049858473	-0.25070435	0.25204656	-0.26456186	0.038120996	-0.059496183	0.073664315	-0.6574859	0.28017765	-0.038018048	0.051633455	-0.07643226	0.9999988	-0.54811
-0.021032605	0.025536962	-0.13695441	0.1555273	-0.34288958	0.035634395	-0.03669495	0.17038974	-0.19713822	0.27843866	-0.02774299	0.04224401	-0.051604755	0.27976593	-0.6668257	0.027321989	-0.037023712	0.05115917	-0.54811	0.9999988
