1.0	-0.3109541	0.054507222	-0.05949914	0.081978895	-0.8758346	0.23801091	-0.14117624	0.09528622	-0.054063406	0.17545445	-0.12005285	0.08917927	-0.046917036	0.06274984	-0.19496737	0.12137911	-0.10711312	0.06945503	-0.07742351
-0.3109541	1.0000001	-0.13373138	0.1276453	-0.24376048	0.22894089	-0.72205156	0.27417737	-0.27041382	0.1476808	-0.13449611	0.21054588	-0.17922044	0.11996282	-0.16631314	0.123200305	-0.25013664	0.18933244	-0.18256389	0.17215529
0.054507222	-0.13373138	1.0000002	-0.9293077	0.11589075	-0.047408454	0.11858801	-0.2692656	0.15128481	-0.08030137	0.034187343	-0.06815362	0.09350241	-0.055867273	0.07240821	-0.032581512	0.073152535	-0.09538886	0.07827604	-0.07979203
-0.05949914	0.1276453	-0.9293077	1.0000005	-0.14513524	0.050528843	-0.1264448	0.20917319	-0.18750489	0.0949216	-0.037409686	0.07150965	-0.09722383	0.06556077	-0.086499624	0.035345007	-0.08000348	0.09631313	-0.09324697	0.091277346
0.081978895	-0.24376048	0.11589075	-0.14513524	1.0000005	-0.076231726	0.16359933	-0.33753872	0.3190222	-0.74893326	0.05610256	-0.115045555	0.14882363	-0.13032958	0.16535485	-0.055886097	0.1159315	-0.20084396	0.16727325	-0.28027305
-0.8758346	0.22894089	-0.047408454	0.050528843	-0.076231726	1.0000004	-0.30982566	0.12558863	-0.08907844	0.049585383	-0.22453058	0.11397803	-0.0828781	0.042676922	-0.05701132	0.17411451	-0.12105162	0.09415545	-0.06301912	0.06730057
0.23801091	-0.72205156	0.11858801	-0.1264448	0.16359933	-0.30982566	1.0000006	-0.3845203	0.19784209	-0.110339284	0.1258275	-0.28747243	0.18685706	-0.09115775	0.11924928	-0.12595184	0.2220847	-0.20553467	0.13132098	-0.14008218
-0.14117624	0.27417737	-0.2692656	0.20917319	-0.33753872	0.12558863	-0.3845203	1.0000006	-0.5135677	0.22454022	-0.09443454	0.20049752	-0.37636283	0.16193266	-0.20681146	0.089169405	-0.21719906	0.2676087	-0.22322382	0.21141182
0.09528622	-0.27041382	0.15128481	-0.18750489	0.3190222	-0.08907844	0.19784209	-0.5135677	1.0000007	-0.55978256	0.06564187	-0.13920243	0.18912795	-0.21271685	0.20465462	-0.06503505	0.13903424	-0.24109818	0.20690508	-0.29039982
-0.054063406	0.1476808	-0.08030137	0.0949216	-0.74893326	0.049585383	-0.110339284	0.22454022	-0.55978256	1.0000006	-0.03714666	0.076304026	-0.102752686	0.11821682	-0.15007177	0.036585532	-0.078475855	0.12851705	-0.13373657	0.1792514
0.17545445	-0.13449611	0.034187343	-0.037409686	0.05610256	-0.22453058	0.1258275	-0.09443454	0.06564187	-0.03714666	1.000001	-0.17330748	0.089882076	-0.03613667	0.0465969	-0.9179456	0.17961001	-0.112449594	0.052299585	-0.05774651
-0.12005285	0.21054588	-0.06815362	0.07150965	-0.115045555	0.11397803	-0.28747243	0.20049752	-0.13920243	0.076304026	-0.17330748	1.0000011	-0.38899255	0.08192402	-0.099559374	0.15826409	-0.7886296	0.2683082	-0.111552	0.11063505
0.08917927	-0.17922044	0.09350241	-0.09722383	0.14882363	-0.0828781	0.18685706	-0.37636283	0.18912795	-0.102752686	0.089882076	-0.38899255	1.0000012	-0.13982598	0.14080845	-0.08749343	0.26466948	-0.7567011	0.15941304	-0.15081355
-0.046917036	0.11996282	-0.055867273	0.06556077	-0.13032958	0.042676922	-0.09115775	0.16193266	-0.21271685	0.11821682	-0.03613667	0.08192402	-0.13982598	1.000001	-0.6891856	0.035349704	-0.08325035	0.15155625	-0.6085011	0.31670737
0.06274984	-0.16631314	0.07240821	-0.086499624	0.16535485	-0.05701132	0.11924928	-0.20681146	0.20465462	-0.15007177	0.0465969	-0.099559374	0.14080845	-0.6891856	1.000001	-0.04590948	0.10133977	-0.18167289	0.33096132	-0.5610895
-0.19496737	0.123200305	-0.032581512	0.035345007	-0.055886097	0.17411451	-0.12595184	0.089169405	-0.06503505	0.036585532	-0.9179456	0.15826409	-0.08749343	0.035349704	-0.04590948	1.0000011	-0.23357287	0.10359939	-0.051448867	0.055163134
0.12137911	-0.25013664	0.073152535	-0.08000348	0.1159315	-0.12105162	0.2220847	-0.21719906	0.13903424	-0.078475855	0.17961001	-0.7886296	0.26466948	-0.08325035	0.10133977	-0.23357287	1.000001	-0.35484713	0.115205355	-0.12524098
-0.10711312	0.18933244	-0.09538886	0.09631313	-0.20084396	0.09415545	-0.20553467	0.2676087	-0.24109818	0.12851705	-0.112449594	0.2683082	-0.7567011	0.15155625	-0.18167289	0.10359939	-0.35484713	1.0000008	-0.22325923	0.17951734
0.06945503	-0.18256389	0.07827604	-0.09324697	0.16727325	-0.06301912	0.13132098	-0.22322382	0.20690508	-0.13373657	0.052299585	-0.111552	0.15941304	-0.6085011	0.33096132	-0.051448867	0.115205355	-0.22325923	1.000001	-0.62055904
-0.07742351	0.17215529	-0.07979203	0.091277346	-0.28027305	0.06730057	-0.14008218	0.21141182	-0.29039982	0.1792514	-0.05774651	0.11063505	-0.15081355	0.31670737	-0.5610895	0.055163134	-0.12524098	0.17951734	-0.62055904	1.000001
