1.0000001	-0.49573252	0.28379962	-0.41238946	0.20205694	-0.5160969	0.30829486	-0.2731216	0.21414407	-0.133761	0.1669376	-0.17583679	0.16937055	-0.19110452	0.17294183	-0.11590259	0.11567093	-0.19009146	0.1404107	-0.26958954
-0.49573252	1.0000002	-0.68457115	0.28297743	-0.15748839	0.24491283	-0.36329362	0.18312201	-0.16904555	0.100349806	-0.121361315	0.11755083	-0.11890995	0.12376485	-0.13005853	0.07628142	-0.07965939	0.11892597	-0.091263406	0.16349836
0.28379962	-0.68457115	1.0000005	-0.5489015	0.17968598	-0.19040065	0.20989047	-0.21437432	0.19743827	-0.11862312	0.1252243	-0.1295604	0.13256392	-0.14982183	0.1498223	-0.08554069	0.08809089	-0.14587271	0.10957465	-0.20842397
-0.41238946	0.28297743	-0.5489015	1.0000006	-0.35295948	0.19305293	-0.23377682	0.2540872	-0.42621312	0.21589904	-0.17419316	0.16295907	-0.1752959	0.195532	-0.2718808	0.10994531	-0.118135974	0.18112834	-0.14410344	0.2622681
0.20205694	-0.15748839	0.17968598	-0.35295948	1.0000005	-0.13136193	0.14626536	-0.29419947	0.30628732	-0.5164512	0.1816281	-0.19648653	0.20747223	-0.27711833	0.32591268	-0.1373168	0.14111027	-0.28330603	0.21598056	-0.5597104
-0.5160969	0.24491283	-0.19040065	0.19305293	-0.13136193	1.0000002	-0.76309836	0.19813576	-0.15060663	0.087323956	-0.15127468	0.13328473	-0.12846248	0.11968364	-0.113662146	0.08352215	-0.084913544	0.11352106	-0.087532304	0.1439723
0.30829486	-0.36329362	0.20989047	-0.23377682	0.14626536	-0.76309836	1.0000006	-0.30376452	0.17176034	-0.10002332	0.14796725	-0.16012613	0.15323411	-0.14404927	0.12779215	-0.091352254	0.09409042	-0.13459802	0.102408044	-0.1676206
-0.2731216	0.18312201	-0.21437432	0.2540872	-0.29419947	0.19813576	-0.30376452	1.0000006	-0.5003322	0.21734875	-0.24873741	0.24095322	-0.5287438	0.2790496	-0.27346984	0.14195764	-0.16527833	0.23324563	-0.20041792	0.2545396
0.21414407	-0.16904555	0.19743827	-0.42621312	0.30628732	-0.15060663	0.17176034	-0.5003322	1.0000005	-0.46934554	0.18243104	-0.200526	0.24666548	-0.31717685	0.30111638	-0.12657951	0.13500239	-0.25366485	0.1965872	-0.3379417
-0.133761	0.100349806	-0.11862312	0.21589904	-0.5164512	0.087323956	-0.10002332	0.21734875	-0.46934554	1.0000005	-0.11962808	0.12562916	-0.14978652	0.19611911	-0.64691097	0.08393587	-0.08951337	0.16884047	-0.13807867	0.28667587
0.1669376	-0.121361315	0.1252243	-0.17419316	0.1816281	-0.15127468	0.14796725	-0.24873741	0.18243104	-0.11962808	1.0000006	-0.6706305	0.25134516	-0.24801013	0.16229858	-0.48097298	0.30258566	-0.24896462	0.17418516	-0.23082939
-0.17583679	0.11755083	-0.1295604	0.16295907	-0.19648653	0.13328473	-0.16012613	0.24095322	-0.200526	0.12562916	-0.6706305	1.0000004	-0.42788365	0.23553795	-0.17440228	0.275047	-0.39829016	0.22237088	-0.17950937	0.19991945
0.16937055	-0.11890995	0.13256392	-0.1752959	0.20747223	-0.12846248	0.15323411	-0.5287438	0.24666548	-0.14978652	0.25134516	-0.42788365	1.0	-0.5355969	0.1998376	-0.15496568	0.18093286	-0.34479517	0.24995111	-0.22693218
-0.19110452	0.12376485	-0.14982183	0.195532	-0.27711833	0.11968364	-0.14404927	0.2790496	-0.31717685	0.19611911	-0.24801013	0.23553795	-0.5355969	0.9999998	-0.31058514	0.14572738	-0.17986564	0.31493068	-0.52801806	0.2710025
0.17294183	-0.13005853	0.1498223	-0.2718808	0.32591268	-0.113662146	0.12779215	-0.27346984	0.30111638	-0.64691097	0.16229858	-0.17440228	0.1998376	-0.31058514	0.99999994	-0.11741425	0.12424146	-0.2488186	0.203082	-0.47984147
-0.11590259	0.07628142	-0.08554069	0.10994531	-0.1373168	0.08352215	-0.091352254	0.14195764	-0.12657951	0.08393587	-0.48097298	0.275047	-0.15496568	0.14572738	-0.11741425	0.99999994	-0.7976156	0.17776108	-0.1309135	0.14439672
0.11567093	-0.07965939	0.08809089	-0.118135974	0.14111027	-0.084913544	0.09409042	-0.16527833	0.13500239	-0.08951337	0.30258566	-0.39829016	0.18093286	-0.17986564	0.12424146	-0.7976156	0.9999999	-0.25571802	0.1542575	-0.16699155
-0.19009146	0.11892597	-0.14587271	0.18112834	-0.28330603	0.11352106	-0.13459802	0.23324563	-0.25366485	0.16884047	-0.24896462	0.22237088	-0.34479517	0.31493068	-0.2488186	0.17776108	-0.25571802	0.99999976	-0.6965509	0.2716574
0.1404107	-0.091263406	0.10957465	-0.14410344	0.21598056	-0.087532304	0.102408044	-0.20041792	0.1965872	-0.13807867	0.17418516	-0.17950937	0.24995111	-0.52801806	0.203082	-0.1309135	0.1542575	-0.6965509	0.9999998	-0.35004836
-0.26958954	0.16349836	-0.20842397	0.2622681	-0.5597104	0.1439723	-0.1676206	0.2545396	-0.3379417	0.28667587	-0.23082939	0.19991945	-0.22693218	0.2710025	-0.47984147	0.14439672	-0.16699155	0.2716574	-0.35004836	0.9999998
