1.0	-0.91754895	0.096629165	-0.06755598	0.050347928	-0.28755346	0.22350265	-0.09437562	0.06070808	-0.045270663	0.1145678	-0.11857603	0.06462942	-0.05094032	0.04225048	-0.093906425	0.07949784	-0.068610325	0.0504118	-0.03820762
-0.91754895	1.0000001	-0.108964235	0.06749743	-0.05119408	0.22037302	-0.29027435	0.09394815	-0.06202423	0.045046553	-0.11297959	0.11270215	-0.064055234	0.050136093	-0.042144954	0.08555233	-0.078763925	0.06549276	-0.0503923	0.037593357
0.096629165	-0.108964235	1.0000002	-0.61257356	0.24011555	-0.13748914	0.13264628	-0.63339055	0.30925453	-0.23308012	0.101309456	-0.1146695	0.1554002	-0.18698579	0.15545735	-0.11000611	0.09571604	-0.16404767	0.15800226	-0.14332457
-0.06755598	0.06749743	-0.61257356	1.0000008	-0.45350316	0.0903567	-0.091288365	0.31580034	-0.513883	0.27286443	-0.07731383	0.0850508	-0.13502273	0.19214948	-0.18025626	0.08259541	-0.07459353	0.13002789	-0.17707232	0.14671929
0.050347928	-0.05119408	0.24011555	-0.45350316	1.0000012	-0.086599804	0.082444035	-0.27761233	0.29385504	-0.7325087	0.0775747	-0.0885565	0.13851435	-0.22668158	0.23015533	-0.09015518	0.078884326	-0.15109096	0.18062852	-0.21461809
-0.28755346	0.22037302	-0.13748914	0.0903567	-0.086599804	1.0000011	-0.77994514	0.14543915	-0.105423234	0.07294927	-0.37710553	0.2591424	-0.13442063	0.091599956	-0.07759245	0.19634463	-0.19106834	0.13133307	-0.09757133	0.06723009
0.22350265	-0.29027435	0.13264628	-0.091288365	0.082444035	-0.77994514	1.0000008	-0.17916258	0.10542653	-0.072234996	0.25517032	-0.3687626	0.13076754	-0.09073591	0.07383584	-0.20264275	0.18155761	-0.13587767	0.090462156	-0.064889185
-0.09437562	0.09394815	-0.63339055	0.31580034	-0.27761233	0.14543915	-0.17916258	1.0000007	-0.55820626	0.23046094	-0.11405721	0.12532212	-0.21074146	0.21108346	-0.18465981	0.11288325	-0.1058199	0.17134306	-0.19884145	0.15058607
0.06070808	-0.06202423	0.30925453	-0.513883	0.29385504	-0.105423234	0.10542653	-0.55820626	1.0000006	-0.4243708	0.08763792	-0.10076469	0.16840133	-0.32570595	0.21533598	-0.09625323	0.08712821	-0.16298409	0.20088054	-0.17901316
-0.045270663	0.045046553	-0.23308012	0.27286443	-0.7325087	0.07294927	-0.072234996	0.23046094	-0.4243708	1.0000006	-0.068445	0.07686906	-0.13307612	0.22393483	-0.35644487	0.07665481	-0.06934825	0.13060272	-0.19864273	0.20403902
0.1145678	-0.11297959	0.101309456	-0.07731383	0.0775747	-0.37710553	0.25517032	-0.11405721	0.08763792	-0.068445	1.0000008	-0.58253646	0.17947349	-0.105639845	0.08313468	-0.5977037	0.3108836	-0.20727225	0.107279524	-0.073978685
-0.11857603	0.11270215	-0.1146695	0.0850508	-0.0885565	0.2591424	-0.3687626	0.12532212	-0.10076469	0.07686906	-0.58253646	1.0000008	-0.270295	0.12426169	-0.09899539	0.32011083	-0.54694676	0.2312732	-0.12846495	0.08383501
0.06462942	-0.064055234	0.1554002	-0.13502273	0.13851435	-0.13442063	0.13076754	-0.21074146	0.16840133	-0.13307612	0.17947349	-0.270295	1.0000011	-0.38534555	0.18901652	-0.22363509	0.2299263	-0.76115775	0.22479996	-0.16318038
-0.05094032	0.050136093	-0.18698579	0.19214948	-0.22668158	0.091599956	-0.09073591	0.21108346	-0.32570595	0.22393483	-0.105639845	0.12426169	-0.38534555	1.0000011	-0.5259643	0.11999702	-0.11740591	0.24587363	-0.54575753	0.3021253
0.04225048	-0.042144954	0.15545735	-0.18025626	0.23015533	-0.07759245	0.07383584	-0.18465981	0.21533598	-0.35644487	0.08313468	-0.09899539	0.18901652	-0.5259643	1.0000011	-0.10133555	0.091740035	-0.201211	0.3202552	-0.6325778
-0.093906425	0.08555233	-0.11000611	0.08259541	-0.09015518	0.19634463	-0.20264275	0.11288325	-0.09625323	0.07665481	-0.5977037	0.32011083	-0.22363509	0.11999702	-0.10133555	1.0000011	-0.649171	0.22183022	-0.13738431	0.08622392
0.07949784	-0.078763925	0.09571604	-0.07459353	0.078884326	-0.19106834	0.18155761	-0.1058199	0.08712821	-0.06934825	0.3108836	-0.54694676	0.2299263	-0.11740591	0.091740035	-0.649171	1.0000006	-0.36371654	0.1205206	-0.079021
-0.068610325	0.06549276	-0.16404767	0.13002789	-0.15109096	0.13133307	-0.13587767	0.17134306	-0.16298409	0.13060272	-0.20727225	0.2312732	-0.76115775	0.24587363	-0.201211	0.22183022	-0.36371654	1.0000005	-0.27069035	0.1588817
0.0504118	-0.0503923	0.15800226	-0.17707232	0.18062852	-0.09757133	0.090462156	-0.19884145	0.20088054	-0.19864273	0.107279524	-0.12846495	0.22479996	-0.54575753	0.3202552	-0.13738431	0.1205206	-0.27069035	1.0000004	-0.64842355
-0.03820762	0.037593357	-0.14332457	0.14671929	-0.21461809	0.06723009	-0.064889185	0.15058607	-0.17901316	0.20403902	-0.073978685	0.08383501	-0.16318038	0.3021253	-0.6325778	0.08622392	-0.079021	0.1588817	-0.64842355	1.0000004
