1.0000001	-0.38155943	0.059676338	-0.062233664	0.08876001	-0.8539083	0.2608361	-0.07381465	0.060273554	-0.06997714	0.14946677	-0.1436785	0.0814219	-0.0773567	0.06758394	-0.09507817	0.074628115	-0.09180818	0.072792895	-0.066024594
-0.38155943	1.0000002	-0.08126568	0.07515055	-0.05583198	0.25646636	-0.86558384	0.056387197	-0.046474062	0.043324307	-0.14019588	0.13217641	-0.06281573	0.053060103	-0.043380905	0.062709935	-0.055175055	0.062378243	-0.04978384	0.0404135
0.059676338	-0.08126568	1.0000005	-0.985638	0.07009082	-0.05845483	0.072492905	-0.06823783	0.052936565	-0.055033095	0.035570547	-0.033401456	0.039879702	-0.042987347	0.039473448	-0.030771047	0.024902688	-0.04028091	0.03856901	-0.03752192
-0.062233664	0.07515055	-0.985638	1.0000002	-0.076220095	0.05710651	-0.076008394	0.063840896	-0.053766273	0.054575123	-0.036359504	0.033554927	-0.039843004	0.042507395	-0.040124115	0.030353948	-0.024827454	0.03965129	-0.03897209	0.03725211
0.08876001	-0.05583198	0.07009082	-0.076220095	0.9999997	-0.10800399	0.06585391	-0.29334718	0.24149267	-0.76479965	0.11047441	-0.1085874	0.18991332	-0.2550903	0.28416923	-0.17145818	0.12590535	-0.23897816	0.21936141	-0.3237036
-0.8539083	0.25646636	-0.05845483	0.05710651	-0.10800399	0.99999976	-0.3431907	0.07909682	-0.067124955	0.0771451	-0.21274962	0.1581741	-0.09103172	0.08327912	-0.0777466	0.09702496	-0.08194749	0.096603975	-0.08213541	0.07139744
0.2608361	-0.86558384	0.072492905	-0.076008394	0.06585391	-0.3431907	0.99999976	-0.07002051	0.055387087	-0.052181568	0.15489702	-0.18678474	0.076124266	-0.06525464	0.05186047	-0.07889583	0.067335986	-0.07758317	0.05973131	-0.04901495
-0.07381465	0.056387197	-0.06823783	0.063840896	-0.29334718	0.07909682	-0.07002051	1.0000001	-0.77485377	0.23264006	-0.12954381	0.120717034	-0.3675228	0.2844219	-0.21423507	0.1277473	-0.11513315	0.22011723	-0.24688055	0.16862138
0.060273554	-0.046474062	0.052936565	-0.053766273	0.24149267	-0.067124955	0.055387087	-0.77485377	1.0000002	-0.31858256	0.10287057	-0.10192762	0.24725597	-0.41004708	0.19345926	-0.12086051	0.1014274	-0.2119177	0.21615037	-0.16569851
-0.06997714	0.043324307	-0.055033095	0.054575123	-0.76479965	0.0771451	-0.052181568	0.23264006	-0.31858256	1.0000002	-0.09044093	0.08482391	-0.16220176	0.21092731	-0.43111202	0.116490014	-0.093258075	0.17147058	-0.20298292	0.24917363
0.14946677	-0.14019588	0.035570547	-0.036359504	0.11047441	-0.21274962	0.15489702	-0.12954381	0.10287057	-0.09044093	0.99999976	-0.85902274	0.20102765	-0.1578964	0.10069739	-0.2507903	0.19829102	-0.21174867	0.13234627	-0.096893094
-0.1436785	0.13217641	-0.033401456	0.033554927	-0.1085874	0.1581741	-0.18678474	0.120717034	-0.10192762	0.08482391	-0.85902274	0.99999976	-0.2611045	0.14694451	-0.098876566	0.20486917	-0.2395959	0.19421448	-0.13290589	0.090411566
0.0814219	-0.06281573	0.039879702	-0.039843004	0.18991332	-0.09103172	0.076124266	-0.3675228	0.24725597	-0.16220176	0.20102765	-0.2611045	0.9999992	-0.50142425	0.18818578	-0.2236171	0.19795053	-0.61597246	0.28129122	-0.17751564
-0.0773567	0.053060103	-0.042987347	0.042507395	-0.2550903	0.08327912	-0.06525464	0.2844219	-0.41004708	0.21092731	-0.1578964	0.14694451	-0.50142425	0.999999	-0.31430346	0.15995	-0.14563046	0.2945606	-0.5547277	0.24906895
0.06758394	-0.043380905	0.039473448	-0.040124115	0.28416923	-0.0777466	0.05186047	-0.21423507	0.19345926	-0.43111202	0.10069739	-0.098876566	0.18818578	-0.31430346	0.99999934	-0.15371183	0.117361076	-0.23855805	0.28371072	-0.71445155
-0.09507817	0.062709935	-0.030771047	0.030353948	-0.17145818	0.09702496	-0.07889583	0.1277473	-0.12086051	0.116490014	-0.2507903	0.20486917	-0.2236171	0.15995	-0.15371183	0.9999994	-0.8471814	0.25602102	-0.21041806	0.12761727
0.074628115	-0.055175055	0.024902688	-0.024827454	0.12590535	-0.08194749	0.067335986	-0.11513315	0.1014274	-0.093258075	0.19829102	-0.2395959	0.19795053	-0.14563046	0.117361076	-0.8471814	0.99999934	-0.36633492	0.16833834	-0.10705553
-0.09180818	0.062378243	-0.04028091	0.03965129	-0.23897816	0.096603975	-0.07758317	0.22011723	-0.2119177	0.17147058	-0.21174867	0.19421448	-0.61597246	0.2945606	-0.23855805	0.25602102	-0.36633492	0.99999934	-0.44962138	0.20778728
0.072792895	-0.04978384	0.03856901	-0.03897209	0.21936141	-0.08213541	0.05973131	-0.24688055	0.21615037	-0.20298292	0.13234627	-0.13290589	0.28129122	-0.5547277	0.28371072	-0.21041806	0.16833834	-0.44962138	0.99999934	-0.5038627
-0.066024594	0.0404135	-0.03752192	0.03725211	-0.3237036	0.07139744	-0.04901495	0.16862138	-0.16569851	0.24917363	-0.096893094	0.090411566	-0.17751564	0.24906895	-0.71445155	0.12761727	-0.10705553	0.20778728	-0.5038627	0.99999934
