1.0000001	-0.65536255	0.11957177	-0.054196242	0.062521264	-0.65328985	0.2901005	-0.11037867	0.070370294	-0.06337488	0.16636185	-0.13627788	0.0991597	-0.06691358	0.06238414	-0.17186604	0.10316572	-0.07699272	0.08211767	-0.06710002
-0.65536255	1.0000004	-0.2182176	0.08915536	-0.10521965	0.32242277	-0.555079	0.17519435	-0.11284709	0.09931103	-0.17661424	0.19217204	-0.15720274	0.10487893	-0.09864929	0.16521312	-0.15939339	0.11676149	-0.12955226	0.10302936
0.11957177	-0.2182176	1.0000001	-0.3422439	0.24099924	-0.15931036	0.20376065	-0.7814428	0.22674763	-0.21862854	0.098860234	-0.16010644	0.16600478	-0.17810364	0.1538416	-0.12474004	0.11784928	-0.13103859	0.15558258	-0.16938466
-0.054196242	0.08915536	-0.3422439	1.0000004	-0.87124336	0.07302649	-0.09622569	0.22172	-0.21276937	0.18281882	-0.050747775	0.08696839	-0.105422884	0.1289469	-0.12720215	0.06411304	-0.06842492	0.07895373	-0.11315685	0.115931064
0.062521264	-0.10521965	0.24099924	-0.87124336	1.0000001	-0.088244356	0.108988605	-0.258629	0.19759922	-0.24710391	0.06077852	-0.10417678	0.11667028	-0.1471686	0.14278443	-0.07857193	0.07898888	-0.09241949	0.1256195	-0.14217132
-0.65328985	0.32242277	-0.15931036	0.07302649	-0.088244356	0.99999994	-0.51043093	0.14312115	-0.10005396	0.08794747	-0.31894645	0.19452569	-0.14957272	0.095981725	-0.090318255	0.22600725	-0.15821888	0.11249543	-0.12201307	0.09487204
0.2901005	-0.555079	0.20376065	-0.09622569	0.108988605	-0.51043093	1.0	-0.26066038	0.13317882	-0.12135061	0.21591939	-0.38767415	0.18062532	-0.12714899	0.11449235	-0.2547909	0.20323685	-0.15666616	0.14782205	-0.12809603
-0.11037867	0.17519435	-0.7814428	0.22172	-0.258629	0.14312115	-0.26066038	0.99999976	-0.33093703	0.20927794	-0.093722574	0.15816008	-0.20462866	0.18870087	-0.16749877	0.11263304	-0.1266537	0.13625701	-0.17152022	0.1610091
0.070370294	-0.11284709	0.22674763	-0.21276937	0.19759922	-0.10005396	0.13317882	-0.33093703	0.99999964	-0.62012833	0.07796359	-0.15600082	0.21847622	-0.519878	0.29693505	-0.10050618	0.12390768	-0.1663605	0.24221727	-0.2679124
-0.06337488	0.09931103	-0.21862854	0.18281882	-0.24710391	0.08794747	-0.12135061	0.20927794	-0.62012833	0.99999964	-0.07014218	0.13553306	-0.20998926	0.30045438	-0.56729066	0.08832304	-0.11685583	0.14591	-0.27526903	0.26055956
0.16636185	-0.17661424	0.098860234	-0.050747775	0.06077852	-0.31894645	0.21591939	-0.093722574	0.07796359	-0.07014218	0.9999992	-0.25796425	0.13547029	-0.08144622	0.07536553	-0.8580696	0.16557679	-0.112762116	0.10654109	-0.082419105
-0.13627788	0.19217204	-0.16010644	0.08696839	-0.10417678	0.19452569	-0.38767415	0.15816008	-0.15600082	0.13553306	-0.25796425	0.999999	-0.3511835	0.17440872	-0.1559881	0.22152096	-0.6657395	0.2830117	-0.23461658	0.16342993
0.0991597	-0.15720274	0.16600478	-0.105422884	0.11667028	-0.14957272	0.18062532	-0.20462866	0.21847622	-0.20998926	0.13547029	-0.3511835	0.999999	-0.42851084	0.21607362	-0.18046951	0.27805096	-0.63433766	0.27200225	-0.26121294
-0.06691358	0.10487893	-0.17810364	0.1289469	-0.1471686	0.095981725	-0.12714899	0.18870087	-0.519878	0.30045438	-0.08144622	0.17440872	-0.42851084	0.9999989	-0.4630354	0.10427399	-0.1565258	0.22130677	-0.44376418	0.29354528
0.06238414	-0.09864929	0.1538416	-0.12720215	0.14278443	-0.090318255	0.11449235	-0.16749877	0.29693505	-0.56729066	0.07536553	-0.1559881	0.21607362	-0.4630354	0.9999988	-0.09829004	0.12589927	-0.17204352	0.2967113	-0.5441684
-0.17186604	0.16521312	-0.12474004	0.06411304	-0.07857193	0.22600725	-0.2547909	0.11263304	-0.10050618	0.08832304	-0.8580696	0.22152096	-0.18046951	0.10427399	-0.09829004	0.9999985	-0.21147205	0.13532507	-0.14157459	0.10294456
0.10316572	-0.15939339	0.11784928	-0.06842492	0.07898888	-0.15821888	0.20323685	-0.1266537	0.12390768	-0.11685583	0.16557679	-0.6657395	0.27805096	-0.1565258	0.12589927	-0.21147205	0.99999845	-0.5685343	0.18951853	-0.15437299
-0.07699272	0.11676149	-0.13103859	0.07895373	-0.09241949	0.11249543	-0.15666616	0.13625701	-0.1663605	0.14591	-0.112762116	0.2830117	-0.63433766	0.22130677	-0.17204352	0.13532507	-0.5685343	0.9999986	-0.313523	0.19465949
0.08211767	-0.12955226	0.15558258	-0.11315685	0.1256195	-0.12201307	0.14782205	-0.17152022	0.24221727	-0.27526903	0.10654109	-0.23461658	0.27200225	-0.44376418	0.2967113	-0.14157459	0.18951853	-0.313523	0.99999875	-0.67313963
-0.06710002	0.10302936	-0.16938466	0.115931064	-0.14217132	0.09487204	-0.12809603	0.1610091	-0.2679124	0.26055956	-0.082419105	0.16342993	-0.26121294	0.29354528	-0.5441684	0.10294456	-0.15437299	0.19465949	-0.67313963	0.99999875
