1.0	-0.51530445	0.1602205	-0.11218483	0.11541683	-0.6933087	0.30804056	-0.21355546	0.14061207	-0.11626276	0.2573733	-0.23456126	0.18899672	-0.12413724	0.12129886	-0.20807163	0.18293777	-0.19307286	0.14427756	-0.2087099
-0.51530445	1.0	-0.2498303	0.14070454	-0.14921074	0.30640775	-0.6681518	0.24557602	-0.17652085	0.1324315	-0.2523681	0.23068269	-0.21710284	0.13406724	-0.13601261	0.1664458	-0.1955525	0.17400126	-0.15672787	0.18646996
0.1602205	-0.2498303	1.0000001	-0.63454	0.29096815	-0.14775713	0.19087061	-0.49720064	0.25764552	-0.2795056	0.14353852	-0.14585866	0.16818127	-0.20077667	0.20315823	-0.11587633	0.13351206	-0.17901224	0.18338591	-0.28111964
-0.11218483	0.14070454	-0.63454	1.0000002	-0.6143776	0.09708061	-0.12339014	0.25231874	-0.26178104	0.25842783	-0.10452517	0.10137037	-0.12756157	0.1686198	-0.19962405	0.081937276	-0.09992076	0.13162261	-0.15456267	0.20038888
0.11541683	-0.14921074	0.29096815	-0.6143776	1.0	-0.105713196	0.12692986	-0.2812634	0.2508028	-0.5618445	0.11310019	-0.11270752	0.13991958	-0.20949979	0.24478212	-0.09251544	0.11009937	-0.15863447	0.17459254	-0.28083917
-0.6933087	0.30640775	-0.14775713	0.09708061	-0.105713196	1.0	-0.45137596	0.18915215	-0.13226429	0.10126945	-0.40805858	0.23441443	-0.19333264	0.109266184	-0.10764848	0.19303788	-0.19164357	0.16430911	-0.13054177	0.16671173
0.30804056	-0.6681518	0.19087061	-0.12339014	0.12692986	-0.45137596	0.99999994	-0.3440803	0.16824941	-0.122972265	0.24245587	-0.32995382	0.20861295	-0.12978818	0.123859785	-0.16690192	0.17786069	-0.1746544	0.14350031	-0.1791064
-0.21355546	0.24557602	-0.49720064	0.25231874	-0.2812634	0.18915215	-0.3440803	0.99999964	-0.52683806	0.24760297	-0.1994492	0.19420564	-0.2554806	0.24778703	-0.24294005	0.14462683	-0.17954183	0.21255948	-0.2504991	0.2570258
0.14061207	-0.17652085	0.25764552	-0.26178104	0.2508028	-0.13226429	0.16824941	-0.52683806	0.9999995	-0.43146107	0.14117698	-0.14506169	0.18530464	-0.5261286	0.29184422	-0.11245474	0.13539514	-0.21506372	0.25261706	-0.29606745
-0.11626276	0.1324315	-0.2795056	0.25842783	-0.5618445	0.10126945	-0.122972265	0.24760297	-0.43146107	0.9999995	-0.11793087	0.11376081	-0.1527785	0.26898596	-0.5284766	0.09284818	-0.117243715	0.16439885	-0.21880044	0.2675564
0.2573733	-0.2523681	0.14353852	-0.10452517	0.11310019	-0.40805858	0.24245587	-0.1994492	0.14117698	-0.11793087	0.99999994	-0.53319407	0.26749614	-0.13775685	0.13043113	-0.5072405	0.30314034	-0.2661685	0.16853781	-0.24055347
-0.23456126	0.23068269	-0.14585866	0.10137037	-0.11270752	0.23441443	-0.32995382	0.19420564	-0.14506169	0.11376081	-0.53319407	1.0	-0.5649116	0.1376397	-0.12851083	0.26700452	-0.37214127	0.25681224	-0.17552142	0.20653716
0.18899672	-0.21710284	0.16818127	-0.12756157	0.13991958	-0.19333264	0.20861295	-0.2554806	0.18530464	-0.1527785	0.26749614	-0.5649116	1.0000002	-0.21468794	0.17566094	-0.22968104	0.2435348	-0.56752336	0.25525522	-0.3098976
-0.12413724	0.13406724	-0.20077667	0.1686198	-0.20949979	0.109266184	-0.12978818	0.24778703	-0.5261286	0.26898596	-0.13775685	0.1376397	-0.21468794	1.0000001	-0.5265611	0.10741369	-0.13807406	0.23521969	-0.4989214	0.29733768
0.12129886	-0.13601261	0.20315823	-0.19962405	0.24478212	-0.10764848	0.123859785	-0.24294005	0.29184422	-0.5284766	0.13043113	-0.12851083	0.17566094	-0.5265611	0.99999994	-0.10565584	0.13331002	-0.21125302	0.26872063	-0.5063786
-0.20807163	0.1664458	-0.11587633	0.081937276	-0.09251544	0.19303788	-0.16690192	0.14462683	-0.11245474	0.09284818	-0.5072405	0.26700452	-0.22968104	0.10741369	-0.10565584	0.9999999	-0.7503797	0.19374694	-0.14009874	0.18182053
0.18293777	-0.1955525	0.13351206	-0.09992076	0.11009937	-0.19164357	0.17786069	-0.17954183	0.13539514	-0.117243715	0.30314034	-0.37214127	0.2435348	-0.13807406	0.13331002	-0.7503797	0.9999997	-0.2822497	0.17424116	-0.2672795
-0.19307286	0.17400126	-0.17901224	0.13162261	-0.15863447	0.16430911	-0.1746544	0.21255948	-0.21506372	0.16439885	-0.2661685	0.25681224	-0.56752336	0.23521969	-0.21125302	0.19374694	-0.2822497	0.9999999	-0.5652971	0.28026298
0.14427756	-0.15672787	0.18338591	-0.15456267	0.17459254	-0.13054177	0.14350031	-0.2504991	0.25261706	-0.21880044	0.16853781	-0.17552142	0.25525522	-0.4989214	0.26872063	-0.14009874	0.17424116	-0.5652971	0.99999994	-0.47415355
-0.2087099	0.18646996	-0.28111964	0.20038888	-0.28083917	0.16671173	-0.1791064	0.2570258	-0.29606745	0.2675564	-0.24055347	0.20653716	-0.3098976	0.29733768	-0.5063786	0.18182053	-0.2672795	0.28026298	-0.47415355	0.99999994
