1.0000002	-0.35682678	0.0825874	-0.04769268	0.047350377	-0.87123805	0.25919887	-0.0554312	0.0588469	-0.03863167	0.1479111	-0.16828255	0.093212366	-0.046790686	0.037993286	-0.14457078	0.07888616	-0.088229604	0.05175744	-0.0400497
-0.35682678	1.0000001	-0.13001566	0.070112444	-0.06932502	0.25709966	-0.8581656	0.08161988	-0.08660053	0.055185556	-0.124812014	0.17719464	-0.13387801	0.06652356	-0.054563437	0.117180094	-0.08308685	0.09026545	-0.07423324	0.056325667
0.0825874	-0.13001566	1.0000001	-0.4425811	0.21866412	-0.08364234	0.104253545	-0.6248424	0.30487058	-0.21480133	0.15500067	-0.30206195	0.3084521	-0.21877204	0.16215387	-0.23427112	0.15435465	-0.2309654	0.18459612	-0.19297937
-0.04769268	0.070112444	-0.4425811	0.99999976	-0.49562162	0.047541384	-0.058900774	0.25921863	-0.6091704	0.25612858	-0.088471495	0.1659106	-0.23997185	0.2273782	-0.19602981	0.12942658	-0.09117798	0.13086332	-0.21055263	0.19359085
0.047350377	-0.06932502	0.21866412	-0.49562162	0.9999996	-0.04779729	0.057440348	-0.1700824	0.26426145	-0.67443734	0.08864519	-0.16794749	0.18508987	-0.23610486	0.26490223	-0.13242477	0.08921927	-0.12900776	0.20484106	-0.2976646
-0.87123805	0.25709966	-0.08364234	0.047541384	-0.04779729	0.9999994	-0.35434154	0.05541892	-0.05956129	0.038369942	-0.17674176	0.15681908	-0.09509615	0.046861194	-0.038196363	0.13291477	-0.07649242	0.08076852	-0.05239535	0.03970961
0.25919887	-0.8581656	0.104253545	-0.058900774	0.057440348	-0.35434154	0.99999946	-0.069366954	0.07196134	-0.04666812	0.12999332	-0.2201475	0.11318524	-0.05638664	0.045745857	-0.12410824	0.08258513	-0.09048781	0.062105842	-0.047895696
-0.0554312	0.08161988	-0.6248424	0.25921863	-0.1700824	0.05541892	-0.069366954	0.9999992	-0.42168215	0.15620783	-0.10736931	0.2022029	-0.5601756	0.20455761	-0.13541232	0.15375473	-0.1148885	0.16579948	-0.16801134	0.14848313
0.0588469	-0.08660053	0.30487058	-0.6091704	0.26426145	-0.05956129	0.07196134	-0.42168215	0.9999991	-0.28069305	0.11277277	-0.21589342	0.27051044	-0.39380458	0.20900472	-0.16806112	0.1150102	-0.1692809	0.23696391	-0.2394539
-0.03863167	0.055185556	-0.21480133	0.25612858	-0.67443734	0.038369942	-0.04666812	0.15620783	-0.28069305	0.999999	-0.07123179	0.1317018	-0.1877376	0.23073003	-0.52018565	0.103499524	-0.07397677	0.10465326	-0.2389323	0.27082005
0.1479111	-0.124812014	0.15500067	-0.088471495	0.08864519	-0.17674176	0.12999332	-0.10736931	0.11277277	-0.07123179	0.99999887	-0.588737	0.19535917	-0.09072261	0.07208101	-0.6887542	0.22946423	-0.22054906	0.10078922	-0.074626274
-0.16828255	0.17719464	-0.30206195	0.1659106	-0.16794749	0.15681908	-0.2201475	0.2022029	-0.21589342	0.1317018	-0.588737	0.99999887	-0.39755806	0.16840811	-0.13527632	0.31853333	-0.31709686	0.24556172	-0.18975174	0.13642183
0.093212366	-0.13387801	0.3084521	-0.23997185	0.18508987	-0.09509615	0.11318524	-0.5601756	0.27051044	-0.1877376	0.19535917	-0.39755806	0.9999986	-0.32667574	0.172982	-0.28497386	0.2107239	-0.34319407	0.21973033	-0.19998302
-0.046790686	0.06652356	-0.21877204	0.2273782	-0.23610486	0.046861194	-0.05638664	0.20455761	-0.39380458	0.23073003	-0.09072261	0.16840811	-0.32667574	0.99999875	-0.3986333	0.13113233	-0.098023854	0.14056304	-0.655417	0.30517876
0.037993286	-0.054563437	0.16215387	-0.19602981	0.26490223	-0.038196363	0.045745857	-0.13541232	0.20900472	-0.52018565	0.07208101	-0.13527632	0.172982	-0.3986333	0.99999875	-0.106400296	0.07476018	-0.10796219	0.29190007	-0.6388621
-0.14457078	0.117180094	-0.23427112	0.12942658	-0.13242477	0.13291477	-0.12410824	0.15375473	-0.16806112	0.103499524	-0.6887542	0.31853333	-0.28497386	0.13113233	-0.106400296	0.9999988	-0.41910884	0.25892207	-0.15039629	0.10770726
0.07888616	-0.08308685	0.15435465	-0.09117798	0.08921927	-0.07649242	0.08258513	-0.1148885	0.1150102	-0.07397677	0.22946423	-0.31709686	0.2107239	-0.098023854	0.07476018	-0.41910884	0.99999887	-0.78893024	0.10775686	-0.07997699
-0.088229604	0.09026545	-0.2309654	0.13086332	-0.12900776	0.08076852	-0.09048781	0.16579948	-0.1692809	0.10465326	-0.22054906	0.24556172	-0.34319407	0.14056304	-0.10796219	0.25892207	-0.78893024	0.99999857	-0.16139692	0.1126085
0.05175744	-0.07423324	0.18459612	-0.21055263	0.20484106	-0.05239535	0.062105842	-0.16801134	0.23696391	-0.2389323	0.10078922	-0.18975174	0.21973033	-0.655417	0.29190007	-0.15039629	0.10775686	-0.16139692	0.99999857	-0.5593526
-0.0400497	0.056325667	-0.19297937	0.19359085	-0.2976646	0.03970961	-0.047895696	0.14848313	-0.2394539	0.27082005	-0.074626274	0.13642183	-0.19998302	0.30517876	-0.6388621	0.10770726	-0.07997699	0.1126085	-0.5593526	0.99999857
