1.0000001	-0.4736745	0.19375443	-0.13883011	0.16883327	-0.64524347	0.29638928	-0.19859447	0.15964594	-0.16755386	0.290678	-0.3191245	0.19239634	-0.12480636	0.100365005	-0.37064466	0.20584507	-0.18623653	0.13547169	-0.11866761
-0.4736745	1.0000002	-0.4126097	0.2085293	-0.27637485	0.26816234	-0.538476	0.27268028	-0.23322012	0.19846357	-0.22969982	0.27799037	-0.26862428	0.14855358	-0.12170559	0.24211146	-0.21959235	0.18792279	-0.16542296	0.13498954
0.19375443	-0.4126097	0.9999999	-0.43060377	0.2702262	-0.16179727	0.22975695	-0.6472667	0.25330007	-0.23686403	0.14203256	-0.20204872	0.2528141	-0.15707678	0.12271652	-0.19786844	0.15946022	-0.18057066	0.14678203	-0.14413388
-0.13883011	0.2085293	-0.43060377	1.0000002	-0.7038229	0.110737994	-0.14633629	0.24518834	-0.44286713	0.27470857	-0.10037553	0.13645533	-0.1858583	0.121219195	-0.1133674	0.1432217	-0.11863351	0.12931095	-0.1187528	0.13007726
0.16883327	-0.27637485	0.2702262	-0.7038229	1.0000002	-0.14559431	0.17503202	-0.26076987	0.30743116	-0.42655918	0.13200144	-0.18389855	0.20638973	-0.15938915	0.15700954	-0.20291415	0.15222095	-0.17254326	0.15363152	-0.19090644
-0.64524347	0.26816234	-0.16179727	0.110737994	-0.14559431	1.0	-0.39620954	0.16023925	-0.13349608	0.12540933	-0.52715343	0.28538758	-0.17228146	0.10169454	-0.08136159	0.2798825	-0.19278322	0.14881034	-0.11668645	0.09228616
0.29638928	-0.538476	0.22975695	-0.14633629	0.17503202	-0.39620954	0.9999999	-0.29508102	0.16670418	-0.15774822	0.266992	-0.56596595	0.21260376	-0.12700623	0.09890162	-0.27071217	0.2154375	-0.18748185	0.13723111	-0.1140286
-0.19859447	0.27268028	-0.6472667	0.24518834	-0.26076987	0.16023925	-0.29508102	0.99999976	-0.31953034	0.22678882	-0.14594904	0.20216694	-0.46406162	0.18174845	-0.1366036	0.18922976	-0.18011244	0.19529383	-0.17471276	0.14934918
0.15964594	-0.23322012	0.25330007	-0.44286713	0.30743116	-0.13349608	0.16670418	-0.31953034	0.99999976	-0.68779075	0.122261055	-0.16931345	0.22426455	-0.18465695	0.19887063	-0.18207939	0.1496108	-0.17070413	0.17178307	-0.23020944
-0.16755386	0.19846357	-0.23686403	0.27470857	-0.42655918	0.12540933	-0.15774822	0.22678882	-0.68779075	0.99999946	-0.11754389	0.1537388	-0.25813344	0.20077331	-0.33341092	0.16550578	-0.15826192	0.16862732	-0.2089018	0.238756
0.290678	-0.22969982	0.14203256	-0.10037553	0.13200144	-0.52715343	0.266992	-0.14594904	0.122261055	-0.11754389	0.99999994	-0.49359652	0.16944778	-0.10257228	0.08010545	-0.5773316	0.2330454	-0.17048424	0.119792424	-0.09164715
-0.3191245	0.27799037	-0.20204872	0.13645533	-0.18389855	0.28538758	-0.56596595	0.20216694	-0.16931345	0.1537388	-0.49359652	1.0000004	-0.24867126	0.13912153	-0.108632796	0.30313435	-0.38063133	0.22053818	-0.16759486	0.12094635
0.19239634	-0.26862428	0.2528141	-0.1858583	0.20638973	-0.17228146	0.21260376	-0.46406162	0.22426455	-0.25813344	0.16944778	-0.24867126	1.0000005	-0.45854422	0.21265875	-0.27371985	0.2507009	-0.43005112	0.2862762	-0.24760409
-0.12480636	0.14855358	-0.15707678	0.121219195	-0.15938915	0.10169454	-0.12700623	0.18174845	-0.18465695	0.20077331	-0.10257228	0.13912153	-0.45854422	1.0000005	-0.44372827	0.15515538	-0.18226406	0.24242757	-0.649199	0.29855135
0.100365005	-0.12170559	0.12271652	-0.1133674	0.15700954	-0.08136159	0.09890162	-0.1366036	0.19887063	-0.33341092	0.08010545	-0.108632796	0.21265875	-0.44372827	1.0000001	-0.12224043	0.12591386	-0.16452894	0.2827921	-0.7537519
-0.37064466	0.24211146	-0.19786844	0.1432217	-0.20291415	0.2798825	-0.27071217	0.18922976	-0.18207939	0.16550578	-0.5773316	0.30313435	-0.27371985	0.15515538	-0.12224043	0.99999994	-0.4677515	0.24851424	-0.19602829	0.13453856
0.20584507	-0.21959235	0.15946022	-0.11863351	0.15222095	-0.19278322	0.2154375	-0.18011244	0.1496108	-0.15826192	0.2330454	-0.38063133	0.2507009	-0.18226406	0.12591386	-0.4677515	0.99999976	-0.65276706	0.21539912	-0.15483357
-0.18623653	0.18792279	-0.18057066	0.12931095	-0.17254326	0.14881034	-0.18748185	0.19529383	-0.17070413	0.16862732	-0.17048424	0.22053818	-0.43005112	0.24242757	-0.16452894	0.24851424	-0.65276706	0.9999997	-0.41211253	0.18603712
0.13547169	-0.16542296	0.14678203	-0.1187528	0.15363152	-0.11668645	0.13723111	-0.17471276	0.17178307	-0.2089018	0.119792424	-0.16759486	0.2862762	-0.649199	0.2827921	-0.19602829	0.21539912	-0.41211253	0.99999976	-0.43974626
-0.11866761	0.13498954	-0.14413388	0.13007726	-0.19090644	0.09228616	-0.1140286	0.14934918	-0.23020944	0.238756	-0.09164715	0.12094635	-0.24760409	0.29855135	-0.7537519	0.13453856	-0.15483357	0.18603712	-0.43974626	0.99999976
