0.99999994	-0.15749218	0.088806964	-0.10738172	0.016983321	-0.91252935	0.122224346	-0.08606024	0.0950262	-0.016727088	0.21315321	-0.15993595	0.096187994	-0.09066461	0.024848323	-0.22143024	0.11582922	-0.072721094	0.08021827	-0.028334342
-0.15749218	0.99999994	-0.6562649	0.32810587	-0.059547786	0.12253171	-0.45126575	0.29571518	-0.38901266	0.05639098	-0.10542607	0.13023166	-0.28967044	0.23068991	-0.06513889	0.09668756	-0.11537769	0.13767059	-0.1803003	0.07147365
0.088806964	-0.6562649	0.9999998	-0.59718555	0.048042193	-0.07886992	0.29057753	-0.35096338	0.27231106	-0.04661615	0.068780504	-0.09225801	0.20782827	-0.18366058	0.04963402	-0.065430105	0.078708954	-0.09893716	0.12095656	-0.05545971
-0.10738172	0.32810587	-0.59718555	0.99999946	-0.08637953	0.09125925	-0.42914715	0.30215454	-0.49301544	0.078682624	-0.09648685	0.1283208	-0.30471763	0.25157982	-0.07229808	0.08897158	-0.11507027	0.14314885	-0.18940447	0.07886437
0.016983321	-0.059547786	0.048042193	-0.08637953	0.99999934	-0.015307055	0.058010645	-0.04994071	0.09115334	-0.98171866	0.016910141	-0.024475887	0.054276496	-0.073468775	0.0877208	-0.01636289	0.021173567	-0.028578762	0.036497008	-0.09498589
-0.91252935	0.12253171	-0.07886992	0.09125925	-0.015307055	0.9999993	-0.1262978	0.08012079	-0.08888944	0.015013885	-0.2857379	0.13459726	-0.08943702	0.080465585	-0.022181574	0.18590184	-0.10671413	0.06560013	-0.074658014	0.025132902
0.122224346	-0.45126575	0.29057753	-0.42914715	0.058010645	-0.1262978	0.9999994	-0.6388501	0.3106717	-0.058959737	0.10314874	-0.15527299	0.2825378	-0.32318807	0.08169283	-0.10227135	0.119568706	-0.15153527	0.16357769	-0.095220424
-0.08606024	0.29571518	-0.35096338	0.30215454	-0.04994071	0.08012079	-0.6388501	0.99999934	-0.45164052	0.049917616	-0.08162281	0.12540333	-0.4387227	0.27750582	-0.068654	0.07892123	-0.104878426	0.14582042	-0.16160132	0.07737661
0.0950262	-0.38901266	0.27231106	-0.49301544	0.09115334	-0.08888944	0.3106717	-0.45164052	0.99999946	-0.0992235	0.09130625	-0.1365631	0.29849687	-0.5311812	0.1142275	-0.09049379	0.11262532	-0.15306051	0.17850675	-0.13124342
-0.016727088	0.05639098	-0.04661615	0.078682624	-0.98171866	0.015013885	-0.058959737	0.049917616	-0.0992235	0.9999996	-0.016767042	0.024202134	-0.05465775	0.071174614	-0.09586853	0.016151225	-0.021068526	0.028374301	-0.03656897	0.08826998
0.21315321	-0.10542607	0.068780504	-0.09648685	0.016910141	-0.2857379	0.10314874	-0.08162281	0.09130625	-0.016767042	0.9999995	-0.40260333	0.12403678	-0.11017511	0.030158654	-0.7887714	0.27285078	-0.12640592	0.12812175	-0.034468926
-0.15993595	0.13023166	-0.09225801	0.1283208	-0.024475887	0.13459726	-0.15527299	0.12540333	-0.1365631	0.024202134	-0.40260333	0.9999996	-0.2493148	0.16749436	-0.04709112	0.2888873	-0.7487571	0.23008713	-0.2656875	0.052737303
0.096187994	-0.28967044	0.20782827	-0.30471763	0.054276496	-0.08943702	0.2825378	-0.4387227	0.29849687	-0.05465775	0.12403678	-0.2493148	0.99999934	-0.5808903	0.116140075	-0.12659225	0.18483965	-0.3672433	0.2706958	-0.13379224
-0.09066461	0.23068991	-0.18366058	0.25157982	-0.073468775	0.080465585	-0.32318807	0.27750582	-0.5311812	0.071174614	-0.11017511	0.16749436	-0.5808903	0.9999993	-0.21744518	0.10444592	-0.15490954	0.22437133	-0.3198423	0.1776996
0.024848323	-0.06513889	0.04963402	-0.07229808	0.0877208	-0.022181574	0.08169283	-0.068654	0.1142275	-0.09586853	0.030158654	-0.04709112	0.116140075	-0.21744518	0.99999934	-0.02950085	0.042168047	-0.06580192	0.08843019	-0.95103884
-0.22143024	0.09668756	-0.065430105	0.08897158	-0.01636289	0.18590184	-0.10227135	0.07892123	-0.09049379	0.016151225	-0.7887714	0.2888873	-0.12659225	0.10444592	-0.02950085	0.9999996	-0.43926674	0.1403902	-0.15356004	0.03332392
0.11582922	-0.11537769	0.078708954	-0.11507027	0.021173567	-0.10671413	0.119568706	-0.104878426	0.11262532	-0.021068526	0.27285078	-0.7487571	0.18483965	-0.15490954	0.042168047	-0.43926674	0.9999996	-0.31921092	0.22568215	-0.048192
-0.072721094	0.13767059	-0.09893716	0.14314885	-0.028578762	0.06560013	-0.15153527	0.14582042	-0.15306051	0.028374301	-0.12640592	0.23008713	-0.3672433	0.22437133	-0.06580192	0.1403902	-0.31921092	0.9999994	-0.8054438	0.07347694
0.08021827	-0.1803003	0.12095656	-0.18940447	0.036497008	-0.074658014	0.16357769	-0.16160132	0.17850675	-0.03656897	0.12812175	-0.2656875	0.2706958	-0.3198423	0.08843019	-0.15356004	0.22568215	-0.8054438	0.99999946	-0.10561815
-0.028334342	0.07147365	-0.05545971	0.07886437	-0.09498589	0.025132902	-0.095220424	0.07737661	-0.13124342	0.08826998	-0.034468926	0.052737303	-0.13379224	0.1776996	-0.95103884	0.03332392	-0.048192	0.07347694	-0.10561815	0.99999946
