1.0	-0.5887291	0.19503818	-0.14275484	0.13228981	-0.6421094	0.27763748	-0.15394674	0.11078005	-0.11624519	0.23749226	-0.25507346	0.1718291	-0.085905075	0.057997398	-0.22527657	0.14245586	-0.15113191	0.09309148	-0.05743755
-0.5887291	0.99999994	-0.40659273	0.19521132	-0.1933758	0.282955	-0.49649882	0.21108826	-0.15199022	0.15044957	-0.20699605	0.2633071	-0.23836793	0.10804866	-0.07426377	0.18367381	-0.150811	0.15878114	-0.11752761	0.07163923
0.19503818	-0.40659273	0.9999999	-0.49502796	0.26841772	-0.18231006	0.22878817	-0.55883837	0.22553346	-0.23688643	0.1445835	-0.24375285	0.2726087	-0.14773944	0.0964149	-0.16687204	0.13997634	-0.18187203	0.1434051	-0.09487241
-0.14275484	0.19521132	-0.49502796	0.99999976	-0.7019542	0.12930544	-0.19411229	0.24934138	-0.27495903	0.25980073	-0.11372467	0.18819712	-0.23597264	0.14845137	-0.10711201	0.1276332	-0.11743369	0.14444828	-0.15758337	0.09824743
0.13228981	-0.1933758	0.26841772	-0.7019542	0.9999995	-0.14121978	0.18087927	-0.25162214	0.25841415	-0.46913758	0.12404895	-0.23043044	0.2138782	-0.16638905	0.12525123	-0.15043557	0.12769419	-0.16634345	0.1622534	-0.122215755
-0.6421094	0.282955	-0.18231006	0.12930544	-0.14121978	0.9999996	-0.3744806	0.14257072	-0.11522926	0.114633985	-0.4921372	0.25952017	-0.19757225	0.089976944	-0.061840028	0.24958926	-0.17875092	0.15965648	-0.102661006	0.06010471
0.27763748	-0.49649882	0.22878817	-0.19411229	0.18087927	-0.3744806	0.99999946	-0.20919658	0.15682259	-0.17289457	0.2552242	-0.607551	0.23888749	-0.12593594	0.08548412	-0.27057707	0.19520323	-0.21608621	0.13443905	-0.08602885
-0.15394674	0.21108826	-0.55883837	0.24934138	-0.25162214	0.14257072	-0.20919658	0.99999905	-0.38169223	0.24220577	-0.13123879	0.21598263	-0.5677285	0.17892678	-0.11058046	0.15097708	-0.15249221	0.19667532	-0.17494275	0.10451439
0.11078005	-0.15199022	0.22553346	-0.27495903	0.25841415	-0.11522926	0.15682259	-0.38169223	0.9999989	-0.6587626	0.10783748	-0.18827426	0.2411746	-0.41694862	0.18274702	-0.13070546	0.12559097	-0.1697769	0.25476998	-0.17532796
-0.11624519	0.15044957	-0.23688643	0.25980073	-0.46913758	0.114633985	-0.17289457	0.24220577	-0.6587626	0.99999875	-0.10898587	0.17882238	-0.24895231	0.25121728	-0.24870597	0.12526838	-0.12849732	0.15858941	-0.27656448	0.18464832
0.23749226	-0.20699605	0.1445835	-0.11372467	0.12404895	-0.4921372	0.2552242	-0.13123879	0.10783748	-0.10898587	0.9999989	-0.39365208	0.19268447	-0.09246165	0.06136018	-0.6463973	0.23743959	-0.21965562	0.10581031	-0.061228268
-0.25507346	0.2633071	-0.24375285	0.18819712	-0.23043044	0.25952017	-0.607551	0.21598263	-0.18827426	0.17882238	-0.39365208	0.999999	-0.3726222	0.14683639	-0.10322965	0.271191	-0.29320166	0.23993519	-0.17393547	0.097934395
0.1718291	-0.23836793	0.2726087	-0.23597264	0.2138782	-0.19757225	0.23888749	-0.5677285	0.2411746	-0.24895231	0.19268447	-0.3726222	0.99999887	-0.22622056	0.12404086	-0.254861	0.24084532	-0.42870477	0.20205128	-0.1269945
-0.085905075	0.10804866	-0.14773944	0.14845137	-0.16638905	0.089976944	-0.12593594	0.17892678	-0.41694862	0.25121728	-0.09246165	0.14683639	-0.22622056	0.999999	-0.3289137	0.11132561	-0.13222475	0.17560834	-0.7375626	0.24991268
0.057997398	-0.07426377	0.0964149	-0.10711201	0.12525123	-0.061840028	0.08548412	-0.11058046	0.18274702	-0.24870597	0.06136018	-0.10322965	0.12404086	-0.3289137	0.999999	-0.07489971	0.079273835	-0.10713755	0.26455015	-0.86043406
-0.22527657	0.18367381	-0.16687204	0.1276332	-0.15043557	0.24958926	-0.27057707	0.15097708	-0.13070546	0.12526838	-0.6463973	0.271191	-0.254861	0.11132561	-0.07489971	0.9999985	-0.4979897	0.2610036	-0.13577428	0.07313009
0.14245586	-0.150811	0.13997634	-0.11743369	0.12769419	-0.17875092	0.19520323	-0.15249221	0.12559097	-0.12849732	0.23743959	-0.29320166	0.24084532	-0.13222475	0.079273835	-0.4979897	0.9999988	-0.7067568	0.15384479	-0.08416331
-0.15113191	0.15878114	-0.18187203	0.14444828	-0.16634345	0.15965648	-0.21608621	0.19667532	-0.1697769	0.15858941	-0.21965562	0.23993519	-0.42870477	0.17560834	-0.10713755	0.2610036	-0.7067568	0.999999	-0.25673267	0.10950265
0.09309148	-0.11752761	0.1434051	-0.15758337	0.1622534	-0.102661006	0.13443905	-0.17494275	0.25476998	-0.27656448	0.10581031	-0.17393547	0.20205128	-0.7375626	0.26455015	-0.13577428	0.15384479	-0.25673267	0.99999905	-0.38092858
-0.05743755	0.07163923	-0.09487241	0.09824743	-0.122215755	0.06010471	-0.08602885	0.10451439	-0.17532796	0.18464832	-0.061228268	0.097934395	-0.1269945	0.24991268	-0.86043406	0.07313009	-0.08416331	0.10950265	-0.38092858	0.99999905
