1.0	-0.78992736	0.23117505	-0.123664066	0.044667486	-0.3643322	0.27953807	-0.24542093	0.10566026	-0.04180168	0.16353172	-0.17880052	0.064275675	-0.04678848	0.040082023	-0.22977927	0.1573931	-0.06941559	0.04157317	-0.037966017
-0.78992736	1.0	-0.2524439	0.104117654	-0.039688397	0.22798665	-0.45691642	0.2246382	-0.09879655	0.036685817	-0.11792552	0.15751153	-0.055842444	0.03944714	-0.034057513	0.15298657	-0.15165144	0.057418253	-0.03516905	0.03162703
0.23117505	-0.2524439	1.0000001	-0.2735126	0.080611445	-0.47643736	0.2993063	-0.6060178	0.20830002	-0.07718654	0.21278918	-0.21715124	0.0855218	-0.06755106	0.05980389	-0.30955616	0.19278146	-0.09348348	0.05924696	-0.056195453
-0.123664066	0.104117654	-0.2735126	1.0000004	-0.23481233	0.12987609	-0.16543388	0.22232966	-0.86710024	0.18825002	-0.06925527	0.09085609	-0.06343237	0.07703242	-0.08082676	0.09106898	-0.092008404	0.06480908	-0.06472312	0.06642932
0.044667486	-0.039688397	0.080611445	-0.23481233	1.0000005	-0.05695296	0.057293918	-0.08070474	0.19223848	-0.92627025	0.031189166	-0.045294233	0.062367953	-0.105822735	0.14429472	-0.041568108	0.043874707	-0.07385158	0.08134277	-0.13291511
-0.3643322	0.22798665	-0.47643736	0.12987609	-0.05695296	1.0000007	-0.34534028	0.24308705	-0.1264931	0.050956126	-0.54745877	0.21875034	-0.08405435	0.05880761	-0.05205396	0.3100721	-0.2656004	0.08548143	-0.053894136	0.047599956
0.27953807	-0.45691642	0.2993063	-0.16543388	0.057293918	-0.34534028	1.0000006	-0.5868948	0.15162544	-0.05493718	0.16932373	-0.34372813	0.088243015	-0.06073155	0.05021774	-0.22237954	0.22582614	-0.090666965	0.05263868	-0.046984114
-0.24542093	0.2246382	-0.6060178	0.22232966	-0.08070474	0.24308705	-0.5868948	1.0000004	-0.2923597	0.07618428	-0.12954374	0.1839037	-0.07280891	0.05710611	-0.051521454	0.16774333	-0.17977442	0.07347788	-0.049690668	0.046266995
0.10566026	-0.09879655	0.20830002	-0.86710024	0.19223848	-0.1264931	0.15162544	-0.2923597	0.99999994	-0.2367204	0.06539228	-0.087367974	0.06155146	-0.08254445	0.07983011	-0.08762164	0.0832262	-0.064377174	0.06356529	-0.06800771
-0.04180168	0.036685817	-0.07718654	0.18825002	-0.92627025	0.050956126	-0.05493718	0.07618428	-0.2367204	1.0000002	-0.02827732	0.04161245	-0.058708493	0.0977113	-0.17126085	0.03735702	-0.040769417	0.0661762	-0.077890314	0.11888948
0.16353172	-0.11792552	0.21278918	-0.06925527	0.031189166	-0.54745877	0.16932373	-0.12954374	0.06539228	-0.02827732	1.0000001	-0.2269502	0.067102686	-0.043709125	0.035692573	-0.73868906	0.22142035	-0.07018399	0.03916873	-0.03361645
-0.17880052	0.15751153	-0.21715124	0.09085609	-0.045294233	0.21875034	-0.34372813	0.1839037	-0.087367974	0.04161245	-0.2269502	0.99999964	-0.21147291	0.09881759	-0.0733391	0.23710895	-0.7922302	0.16630143	-0.08650776	0.06798134
0.064275675	-0.055842444	0.0855218	-0.06343237	0.062367953	-0.08405435	0.088243015	-0.07280891	0.06155146	-0.058708493	0.067102686	-0.21147291	0.99999946	-0.43477026	0.20181927	-0.08202517	0.16068049	-0.7961086	0.26741198	-0.19974987
-0.04678848	0.03944714	-0.06755106	0.07703242	-0.105822735	0.05880761	-0.06073155	0.05710611	-0.08254445	0.0977113	-0.043709125	0.09881759	-0.43477026	0.99999946	-0.52878493	0.05357821	-0.09657181	0.2882582	-0.6128871	0.3094038
0.040082023	-0.034057513	0.05980389	-0.08082676	0.14429472	-0.05205396	0.05021774	-0.051521454	0.07983011	-0.17126085	0.035692573	-0.0733391	0.20181927	-0.52878493	0.9999995	-0.04524726	0.07003608	-0.24081297	0.31670663	-0.7205774
-0.22977927	0.15298657	-0.30955616	0.09106898	-0.041568108	0.3100721	-0.22237954	0.16774333	-0.08762164	0.03735702	-0.73868906	0.23710895	-0.08202517	0.05357821	-0.04524726	0.9999993	-0.36969554	0.08379453	-0.0490305	0.041883744
0.1573931	-0.15165144	0.19278146	-0.092008404	0.043874707	-0.2656004	0.22582614	-0.17977442	0.0832262	-0.040769417	0.22142035	-0.7922302	0.16068049	-0.09657181	0.07003608	-0.36969554	0.99999934	-0.18188001	0.08349197	-0.06854778
-0.06941559	0.057418253	-0.09348348	0.06480908	-0.07385158	0.08548143	-0.090666965	0.07347788	-0.064377174	0.0661762	-0.07018399	0.16630143	-0.7961086	0.2882582	-0.24081297	0.08379453	-0.18188001	0.9999996	-0.40738386	0.20244801
0.04157317	-0.03516905	0.05924696	-0.06472312	0.08134277	-0.053894136	0.05263868	-0.049690668	0.06356529	-0.077890314	0.03916873	-0.08650776	0.26741198	-0.6128871	0.31670663	-0.0490305	0.08349197	-0.40738386	0.9999996	-0.567969
-0.037966017	0.03162703	-0.056195453	0.06642932	-0.13291511	0.047599956	-0.046984114	0.046266995	-0.06800771	0.11888948	-0.03361645	0.06798134	-0.19974987	0.3094038	-0.7205774	0.041883744	-0.06854778	0.20244801	-0.567969	0.9999996
