1.0000002	-0.3235847	0.20683913	-0.07388456	0.032509867	-0.9135774	0.060628723	-0.04979267	0.08120415	-0.031161854	0.050487053	-0.039235864	0.047538284	-0.048891526	0.03894677	-0.029078815	0.027336406	-0.045800593	0.048418816	-0.038901675
-0.3235847	1.0000002	-0.8094213	0.21736188	-0.09389838	0.23798536	-0.15493709	0.12314673	-0.24534579	0.0875788	-0.11283419	0.08699243	-0.119062714	0.1290851	-0.10515896	0.06559129	-0.06411326	0.109438784	-0.127601	0.098777026
0.20683913	-0.8094213	1.0000004	-0.34326938	0.0988711	-0.2705368	0.13008861	-0.12888378	0.22449622	-0.10000595	0.09643001	-0.078856304	0.10775101	-0.13506584	0.09837449	-0.063016936	0.059303556	-0.10838341	0.11536341	-0.10007798
-0.07388456	0.21736188	-0.34326938	1.0000004	-0.25563765	0.09366103	-0.10892016	0.096532956	-0.79959095	0.20021276	-0.09134093	0.06917279	-0.10668549	0.20256841	-0.16211513	0.055534128	-0.05602655	0.10398864	-0.16725212	0.12568985
0.032509867	-0.09389838	0.0988711	-0.25563765	1.0000002	-0.04256154	0.04832707	-0.042325445	0.19241387	-0.93356067	0.043081056	-0.032605153	0.049735125	-0.11128324	0.105737686	-0.027471723	0.027333517	-0.052301522	0.08208985	-0.088453434
-0.9135774	0.23798536	-0.2705368	0.09366103	-0.04256154	1.0000004	-0.0777956	0.06190218	-0.108359724	0.040263757	-0.06645213	0.04961468	-0.061696604	0.06305387	-0.051237486	0.036722586	-0.03506325	0.057937406	-0.06380858	0.049947996
0.060628723	-0.15493709	0.13008861	-0.10892016	0.04832707	-0.0777956	1.0000005	-0.756995	0.1094452	-0.053208448	0.24918087	-0.37447688	0.2995252	-0.15038395	0.10096239	-0.18397796	0.16197088	-0.30564263	0.1549824	-0.14877374
-0.04979267	0.12314673	-0.12888378	0.096532956	-0.042325445	0.06190218	-0.756995	1.0000005	-0.107344866	0.04568857	-0.24972287	0.24349855	-0.4978652	0.120281905	-0.08393302	0.14167917	-0.14063439	0.24759544	-0.13799113	0.11516305
0.08120415	-0.24534579	0.22449622	-0.79959095	0.19241387	-0.108359724	0.1094452	-0.107344866	1.0000007	-0.23406059	0.09042889	-0.07088886	0.108035125	-0.32084665	0.17053059	-0.05893068	0.05800818	-0.11395721	0.17066175	-0.14589898
-0.031161854	0.0875788	-0.10000595	0.20021276	-0.93356067	0.040263757	-0.053208448	0.04568857	-0.23406059	1.0000002	-0.047855828	0.035738952	-0.0551853	0.11690061	-0.12767819	0.029700285	-0.029928943	0.056494165	-0.0925868	0.092654705
0.050487053	-0.11283419	0.09643001	-0.09134093	0.043081056	-0.06645213	0.24918087	-0.24972287	0.09042889	-0.047855828	1.0	-0.76139396	0.25853378	-0.15162344	0.10137716	-0.34369636	0.24721019	-0.31414747	0.15765178	-0.15531361
-0.039235864	0.08699243	-0.078856304	0.06917279	-0.032605153	0.04961468	-0.37447688	0.24349855	-0.07088886	0.035738952	-0.76139396	1.0000001	-0.34786642	0.10994343	-0.07549673	0.23474932	-0.27818447	0.24418357	-0.12569833	0.11080951
0.047538284	-0.119062714	0.10775101	-0.10668549	0.049735125	-0.061696604	0.2995252	-0.4978652	0.108035125	-0.0551853	0.25853378	-0.34786642	0.9999998	-0.1902932	0.1245332	-0.21541934	0.1980073	-0.623647	0.21516691	-0.19110453
-0.048891526	0.1290851	-0.13506584	0.20256841	-0.11128324	0.06305387	-0.15038395	0.120281905	-0.32084665	0.11690061	-0.15162344	0.10994343	-0.1902932	1.0	-0.6076722	0.0930178	-0.09953851	0.20200448	-0.5405416	0.31928486
0.03894677	-0.10515896	0.09837449	-0.16211513	0.105737686	-0.051237486	0.10096239	-0.08393302	0.17053059	-0.12767819	0.10137716	-0.07549673	0.1245332	-0.6076722	1.0	-0.06767767	0.06932167	-0.14912891	0.29918346	-0.67886883
-0.029078815	0.06559129	-0.063016936	0.055534128	-0.027471723	0.036722586	-0.18397796	0.14167917	-0.05893068	0.029700285	-0.34369636	0.23474932	-0.21541934	0.0930178	-0.06767767	1.0	-0.8604278	0.2248931	-0.12638034	0.09419008
0.027336406	-0.06411326	0.059303556	-0.05602655	0.027333517	-0.03506325	0.16197088	-0.14063439	0.05800818	-0.029928943	0.24721019	-0.27818447	0.1980073	-0.09953851	0.06932167	-0.8604278	0.99999994	-0.31042275	0.12775639	-0.10190789
-0.045800593	0.109438784	-0.10838341	0.10398864	-0.052301522	0.057937406	-0.30564263	0.24759544	-0.11395721	0.056494165	-0.31414747	0.24418357	-0.623647	0.20200448	-0.14912891	0.2248931	-0.31042275	1.0	-0.42765114	0.20454735
0.048418816	-0.127601	0.11536341	-0.16725212	0.08208985	-0.06380858	0.1549824	-0.13799113	0.17066175	-0.0925868	0.15765178	-0.12569833	0.21516691	-0.5405416	0.29918346	-0.12638034	0.12775639	-0.42765114	1.0000001	-0.5617635
-0.038901675	0.098777026	-0.10007798	0.12568985	-0.088453434	0.049947996	-0.14877374	0.11516305	-0.14589898	0.092654705	-0.15531361	0.11080951	-0.19110453	0.31928486	-0.67886883	0.09419008	-0.10190789	0.20454735	-0.5617635	1.0000001
