1.0000001	-0.5583647	0.24959481	-0.42707673	0.16166046	-0.47446954	0.2405558	-0.23860815	0.18185247	-0.1332484	0.24364358	-0.16884498	0.09860532	-0.1703805	0.16358843	-0.29051188	0.21273847	-0.08826327	0.049979072	-0.05245036
-0.5583647	1.0000001	-0.59429353	0.28631556	-0.19782247	0.21190438	-0.21667166	0.2647055	-0.22492598	0.14754172	-0.19168007	0.13890973	-0.09687253	0.17177925	-0.19488783	0.17612256	-0.20573361	0.082950704	-0.049900018	0.05092282
0.24959481	-0.59429353	0.9999999	-0.36926466	0.1849259	-0.13056064	0.13434896	-0.59116197	0.25701454	-0.16469458	0.115245804	-0.090263985	0.07243274	-0.19881903	0.18376093	-0.11818278	0.12552465	-0.06395087	0.04308485	-0.04474082
-0.42707673	0.28631556	-0.36926466	1.0	-0.41271564	0.20092295	-0.21980956	0.2829132	-0.39820096	0.25913554	-0.2025327	0.14691985	-0.118397325	0.26295927	-0.35106328	0.18499856	-0.22677909	0.10102369	-0.07152225	0.072173774
0.16166046	-0.19782247	0.1849259	-0.41271564	0.99999994	-0.09246487	0.096646026	-0.26069817	0.2805713	-0.76000553	0.08792575	-0.06883841	0.07169278	-0.29391593	0.2688808	-0.09519745	0.098723345	-0.0652388	0.05344644	-0.05757497
-0.47446954	0.21190438	-0.13056064	0.20092295	-0.09246487	0.99999976	-0.55690646	0.12994714	-0.10323556	0.07467517	-0.48445636	0.26580468	-0.118328124	0.10059439	-0.09979898	0.29665473	-0.32470503	0.103084154	-0.043728553	0.045066915
0.2405558	-0.21667166	0.13434896	-0.21980956	0.096646026	-0.55690646	0.99999964	-0.15817687	0.112762935	-0.080298625	0.27347973	-0.6012862	0.12109231	-0.110305086	0.104112595	-0.3248965	0.30496	-0.116757646	0.046967834	-0.04981699
-0.23860815	0.2647055	-0.59116197	0.2829132	-0.26069817	0.12994714	-0.15817687	0.9999995	-0.5765975	0.21383712	-0.11817235	0.09892469	-0.08478425	0.23258734	-0.2489657	0.11719529	-0.13655227	0.072627194	-0.05085791	0.051838312
0.18185247	-0.22492598	0.25701454	-0.39820096	0.2805713	-0.10323556	0.112762935	-0.5765975	0.9999994	-0.40330067	0.09565783	-0.078657866	0.08345481	-0.45128414	0.29108477	-0.09978214	0.11004993	-0.0742785	0.057923127	-0.060107756
-0.1332484	0.14754172	-0.16469458	0.25913554	-0.76000553	0.07467517	-0.080298625	0.21383712	-0.40330067	0.99999934	-0.071231924	0.05672298	-0.062214326	0.2639286	-0.39185217	0.07495208	-0.08213797	0.055572428	-0.04908242	0.05170174
0.24364358	-0.19168007	0.115245804	-0.2025327	0.08792575	-0.48445636	0.27347973	-0.11817235	0.09565783	-0.071231924	0.9999995	-0.29689544	0.10572269	-0.09703378	0.09499847	-0.72679067	0.27063906	-0.09657283	0.04220796	-0.04415402
-0.16884498	0.13890973	-0.090263985	0.14691985	-0.06883841	0.26580468	-0.6012862	0.09892469	-0.078657866	0.05672298	-0.29689544	0.9999996	-0.16862522	0.08307296	-0.07900103	0.260036	-0.6472694	0.14770909	-0.04746875	0.049052015
0.09860532	-0.09687253	0.07243274	-0.118397325	0.07169278	-0.118328124	0.12109231	-0.08478425	0.08345481	-0.062214326	0.10572269	-0.16862522	0.9999992	-0.14394449	0.11164576	-0.14835137	0.20243798	-0.9081063	0.14221625	-0.15967602
-0.1703805	0.17177925	-0.19881903	0.26295927	-0.29391593	0.10059439	-0.110305086	0.23258734	-0.45128414	0.2639286	-0.09703378	0.08307296	-0.14394449	0.99999934	-0.7389418	0.10336081	-0.12253729	0.114318155	-0.11083837	0.105400324
0.16358843	-0.19488783	0.18376093	-0.35106328	0.2688808	-0.09979898	0.104112595	-0.2489657	0.29108477	-0.39185217	0.09499847	-0.07900103	0.11164576	-0.7389418	0.9999994	-0.106820114	0.11288578	-0.10459305	0.10273705	-0.11777004
-0.29051188	0.17612256	-0.11818278	0.18499856	-0.09519745	0.29665473	-0.3248965	0.11719529	-0.09978214	0.07495208	-0.72679067	0.260036	-0.14835137	0.10336081	-0.106820114	0.9999993	-0.42940834	0.12590635	-0.05261684	0.053332396
0.21273847	-0.20573361	0.12552465	-0.22677909	0.098723345	-0.32470503	0.30496	-0.13655227	0.11004993	-0.08213797	0.27063906	-0.6472694	0.20243798	-0.12253729	0.11288578	-0.42940834	0.99999946	-0.25832573	0.07119596	-0.07570591
-0.08826327	0.082950704	-0.06395087	0.10102369	-0.0652388	0.103084154	-0.116757646	0.072627194	-0.0742785	0.055572428	-0.09657283	0.14770909	-0.9081063	0.114318155	-0.10459305	0.12590635	-0.25832573	0.9999995	-0.17167814	0.14457387
0.049979072	-0.049900018	0.04308485	-0.07152225	0.05344644	-0.043728553	0.046967834	-0.05085791	0.057923127	-0.04908242	0.04220796	-0.04746875	0.14221625	-0.11083837	0.10273705	-0.05261684	0.07119596	-0.17167814	0.9999995	-0.9620648
-0.05245036	0.05092282	-0.04474082	0.072173774	-0.05757497	0.045066915	-0.04981699	0.051838312	-0.060107756	0.05170174	-0.04415402	0.049052015	-0.15967602	0.105400324	-0.11777004	0.053332396	-0.07570591	0.14457387	-0.9620648	0.9999995
