1.0000001	-0.5474463	0.20893711	-0.070616245	0.07458011	-0.63998634	0.32193908	-0.17051056	0.17429323	-0.3148676	0.23066415	-0.24334373	0.19098198	-0.1439725	0.12611885	-0.1656891	0.16339763	-0.1648569	0.10534404	-0.13493878
-0.5474463	1.0000002	-0.33037245	0.07028891	-0.07426968	0.30726773	-0.64946026	0.20419134	-0.18797831	0.23688215	-0.2037588	0.2182491	-0.20369749	0.1376268	-0.11801976	0.13175356	-0.15303876	0.13855594	-0.09379947	0.11700511
0.20893711	-0.33037245	1.0000002	-0.13642386	0.12599964	-0.18567581	0.22311532	-0.68298984	0.29501688	-0.44832167	0.16111812	-0.2067533	0.26967236	-0.22371858	0.17321068	-0.12429675	0.14294931	-0.21347135	0.13899519	-0.186953
-0.070616245	0.07028891	-0.13642386	1.0000004	-0.9291121	0.058253925	-0.066290274	0.11851702	-0.25616643	0.18972239	-0.060442597	0.070198275	-0.108561374	0.10871741	-0.08603573	0.04598923	-0.056416027	0.08908182	-0.06278435	0.08206835
0.07458011	-0.07426968	0.12599964	-0.9291121	1.0000002	-0.062275447	0.06878177	-0.11727815	0.19688474	-0.24552011	0.0640188	-0.0746634	0.109618135	-0.11339105	0.089155085	-0.049675137	0.06039712	-0.10018462	0.06792348	-0.090974644
-0.63998634	0.30726773	-0.18567581	0.058253925	-0.062275447	1.0000002	-0.52024615	0.15186234	-0.1562793	0.21430509	-0.3904327	0.25306597	-0.18948388	0.12621053	-0.110077575	0.17926988	-0.19183232	0.13626562	-0.09095811	0.11072772
0.32193908	-0.64946026	0.22311532	-0.066290274	0.06878177	-0.52024615	1.0000002	-0.2181296	0.17288998	-0.24693455	0.23440792	-0.33598837	0.20291458	-0.14188369	0.11777429	-0.15631357	0.16613072	-0.14739367	0.09677065	-0.122062944
-0.17051056	0.20419134	-0.68298984	0.11851702	-0.11727815	0.15186234	-0.2181296	1.0000002	-0.47953925	0.29546311	-0.14656305	0.18701348	-0.39500162	0.22752601	-0.16507481	0.10626227	-0.12689981	0.17475383	-0.122305974	0.1586783
0.17429323	-0.18797831	0.29501688	-0.25616643	0.19688474	-0.1562793	0.17288998	-0.47953925	1.0000001	-0.49295723	0.15860553	-0.19841704	0.29806247	-0.45251492	0.24655555	-0.12610108	0.1502314	-0.27338254	0.18773201	-0.25689626
-0.3148676	0.23688215	-0.44832167	0.18972239	-0.24552011	0.21430509	-0.24693455	0.29546311	-0.49295723	1.0	-0.23964408	0.23867573	-0.38353968	0.26855245	-0.27735817	0.16396189	-0.21884146	0.22691357	-0.17920537	0.21279758
0.23066415	-0.2037588	0.16111812	-0.060442597	0.0640188	-0.3904327	0.23440792	-0.14656305	0.15860553	-0.23964408	0.99999994	-0.59001774	0.22700621	-0.15722723	0.13044676	-0.5112785	0.3018503	-0.18443789	0.11589764	-0.14019084
-0.24334373	0.2182491	-0.2067533	0.070198275	-0.0746634	0.25306597	-0.33598837	0.18701348	-0.19841704	0.23867573	-0.59001774	0.99999994	-0.44038627	0.19266123	-0.16056532	0.27258307	-0.39189905	0.18903562	-0.13130286	0.15183325
0.19098198	-0.20369749	0.26967236	-0.108561374	0.109618135	-0.18948388	0.20291458	-0.39500162	0.29806247	-0.38353968	0.22700621	-0.44038627	1.0	-0.4940189	0.25372422	-0.1746229	0.19963743	-0.29440048	0.19798045	-0.26585123
-0.1439725	0.1376268	-0.22371858	0.10871741	-0.11339105	0.12621053	-0.14188369	0.22752601	-0.45251492	0.26855245	-0.15722723	0.19266123	-0.4940189	1.0000005	-0.56489205	0.116710305	-0.14957307	0.2542065	-0.27699262	0.28595108
0.12611885	-0.11801976	0.17321068	-0.08603573	0.089155085	-0.110077575	0.11777429	-0.16507481	0.24655555	-0.27735817	0.13044676	-0.16056532	0.25372422	-0.56489205	1.0000004	-0.10979649	0.13591301	-0.3345587	0.27604932	-0.6225484
-0.1656891	0.13175356	-0.12429675	0.04598923	-0.049675137	0.17926988	-0.15631357	0.10626227	-0.12610108	0.16396189	-0.5112785	0.27258307	-0.1746229	0.116710305	-0.10979649	1.0	-0.7628467	0.16356246	-0.10932078	0.109832905
0.16339763	-0.15303876	0.14294931	-0.056416027	0.06039712	-0.19183232	0.16613072	-0.12689981	0.1502314	-0.21884146	0.3018503	-0.39189905	0.19963743	-0.14957307	0.13591301	-0.7628467	0.9999998	-0.26151824	0.14253263	-0.15015286
-0.1648569	0.13855594	-0.21347135	0.08908182	-0.10018462	0.13626562	-0.14739367	0.17475383	-0.27338254	0.22691357	-0.18443789	0.18903562	-0.29440048	0.2542065	-0.3345587	0.16356246	-0.26151824	0.99999964	-0.7011942	0.30300444
0.10534404	-0.09379947	0.13899519	-0.06278435	0.06792348	-0.09095811	0.09677065	-0.122305974	0.18773201	-0.17920537	0.11589764	-0.13130286	0.19798045	-0.27699262	0.27604932	-0.10932078	0.14253263	-0.7011942	0.9999997	-0.56134623
-0.13493878	0.11700511	-0.186953	0.08206835	-0.090974644	0.11072772	-0.122062944	0.1586783	-0.25689626	0.21279758	-0.14019084	0.15183325	-0.26585123	0.28595108	-0.6225484	0.109832905	-0.15015286	0.30300444	-0.56134623	0.9999997
