1.0	-0.47315645	0.14096893	-0.11410604	0.11058259	-0.725726	0.2801196	-0.14021857	0.10887137	-0.08960083	0.19968331	-0.22068621	0.19592482	-0.11507951	0.06443622	-0.23960373	0.14403385	-0.13103193	0.0986959	-0.09410698
-0.47315645	0.9999999	-0.237657	0.12051505	-0.10844316	0.26617557	-0.7378023	0.17941038	-0.11809995	0.081752315	-0.106186286	0.22308154	-0.2234666	0.10522518	-0.059040647	0.117430225	-0.13471764	0.11224231	-0.09064096	0.08337839
0.14096893	-0.237657	0.99999964	-0.38471416	0.19969255	-0.13485521	0.1812878	-0.801666	0.2719859	-0.15155654	0.06184339	-0.12860452	0.13595843	-0.16916357	0.098202676	-0.07098585	0.09378354	-0.09109132	0.12171266	-0.13514094
-0.11410604	0.12051505	-0.38471416	0.9999996	-0.56900287	0.108475305	-0.12384474	0.268738	-0.59266686	0.23262003	-0.060519174	0.11723099	-0.14768432	0.23201238	-0.15715633	0.06785316	-0.1107757	0.10931202	-0.18750745	0.19122094
0.11058259	-0.10844316	0.19969255	-0.56900287	0.9999998	-0.12258675	0.110518724	-0.21030699	0.2988602	-0.51738316	0.06844095	-0.13297446	0.15608671	-0.3086601	0.25486073	-0.07952573	0.12434806	-0.13271809	0.22154164	-0.36332983
-0.725726	0.26617557	-0.13485521	0.108475305	-0.12258675	0.99999976	-0.3405998	0.123628974	-0.112058885	0.0894418	-0.35195327	0.21000506	-0.25805777	0.11725107	-0.06698426	0.2413687	-0.17074905	0.14008212	-0.107475765	0.09461826
0.2801196	-0.7378023	0.1812878	-0.12384474	0.110518724	-0.3405998	0.9999998	-0.20088357	0.120876834	-0.0885231	0.122198366	-0.38822994	0.23285803	-0.11649921	0.0636983	-0.1426885	0.15316938	-0.13274083	0.09900375	-0.09191821
-0.14021857	0.17941038	-0.801666	0.268738	-0.21030699	0.123628974	-0.20088357	0.9999996	-0.41133806	0.14326859	-0.06020698	0.12578695	-0.14663123	0.16852216	-0.09838867	0.06763336	-0.09696418	0.09214473	-0.12929167	0.12676305
0.10887137	-0.11809995	0.2719859	-0.59266686	0.2988602	-0.112058885	0.120876834	-0.41133806	0.99999964	-0.31060058	0.06298846	-0.12755464	0.154284	-0.4308929	0.18400481	-0.071824715	0.120077804	-0.12624724	0.22573543	-0.24640015
-0.08960083	0.081752315	-0.15155654	0.23262003	-0.51738316	0.0894418	-0.0885231	0.14326859	-0.31060058	0.999999	-0.057142153	0.1071234	-0.14465176	0.2246042	-0.6484439	0.0631148	-0.11933963	0.11814492	-0.23842439	0.30559686
0.19968331	-0.106186286	0.06184339	-0.060519174	0.06844095	-0.35195327	0.122198366	-0.06020698	0.06298846	-0.057142153	0.99999887	-0.13761991	0.13917966	-0.08335697	0.043769125	-0.8745665	0.16373491	-0.14277673	0.07837829	-0.06588682
-0.22068621	0.22308154	-0.12860452	0.11723099	-0.13297446	0.21000506	-0.38822994	0.12578695	-0.12755464	0.1071234	-0.13761991	0.9999984	-0.69863796	0.16618156	-0.0846508	0.14925048	-0.4054845	0.26281837	-0.1601527	0.1231188
0.19592482	-0.2234666	0.13595843	-0.14768432	0.15608671	-0.25805777	0.23285803	-0.14663123	0.154284	-0.14465176	0.13917966	-0.69863796	0.9999985	-0.25379974	0.11068743	-0.17138815	0.290512	-0.40219876	0.20181961	-0.17079279
-0.11507951	0.10522518	-0.16916357	0.23201238	-0.3086601	0.11725107	-0.11649921	0.16852216	-0.4308929	0.2246042	-0.08335697	0.16618156	-0.25379974	0.99999815	-0.23620376	0.09126597	-0.21097496	0.21350375	-0.6655303	0.2715968
0.06443622	-0.059040647	0.098202676	-0.15715633	0.25486073	-0.06698426	0.0636983	-0.09838867	0.18400481	-0.6484439	0.043769125	-0.0846508	0.11068743	-0.23620376	0.99999815	-0.049096752	0.09644063	-0.104533225	0.22213767	-0.6337374
-0.23960373	0.117430225	-0.07098585	0.06785316	-0.07952573	0.2413687	-0.1426885	0.06763336	-0.071824715	0.0631148	-0.8745665	0.14925048	-0.17138815	0.09126597	-0.049096752	0.99999815	-0.23375694	0.15348661	-0.090121165	0.07215653
0.14403385	-0.13471764	0.09378354	-0.1107757	0.12434806	-0.17074905	0.15316938	-0.09696418	0.120077804	-0.11933963	0.16373491	-0.4054845	0.290512	-0.21097496	0.09644063	-0.23375694	0.9999983	-0.757554	0.2120152	-0.15779698
-0.13103193	0.11224231	-0.09109132	0.10931202	-0.13271809	0.14008212	-0.13274083	0.09214473	-0.12624724	0.11814492	-0.14277673	0.26281837	-0.40219876	0.21350375	-0.104533225	0.15348661	-0.757554	0.9999982	-0.34169853	0.16085762
0.0986959	-0.09064096	0.12171266	-0.18750745	0.22154164	-0.107475765	0.09900375	-0.12929167	0.22573543	-0.23842439	0.07837829	-0.1601527	0.20181961	-0.6655303	0.22213767	-0.090121165	0.2120152	-0.34169853	0.99999815	-0.47019535
-0.09410698	0.08337839	-0.13514094	0.19122094	-0.36332983	0.09461826	-0.09191821	0.12676305	-0.24640015	0.30559686	-0.06588682	0.1231188	-0.17079279	0.2715968	-0.6337374	0.07215653	-0.15779698	0.16085762	-0.47019535	0.99999815
