1.0	-0.34482723	0.19743082	-0.15080108	0.10576144	-0.8076291	0.25647822	-0.18551248	0.11628206	-0.0857783	0.22902086	-0.18180421	0.12686442	-0.07536478	0.08004425	-0.26948142	0.13957599	-0.14229237	0.070083044	-0.07804893
-0.34482723	0.9999999	-0.5931637	0.22723117	-0.16214064	0.23613606	-0.602545	0.26958007	-0.1847811	0.12342596	-0.13278107	0.117831856	-0.1558437	0.09322881	-0.09954341	0.15303317	-0.10542691	0.15214059	-0.082067564	0.09051297
0.19743082	-0.5931637	1.0	-0.48834953	0.20337915	-0.19060855	0.30491552	-0.41280004	0.24792749	-0.17370795	0.13324349	-0.139643	0.19682583	-0.12644668	0.12919402	-0.18113394	0.1268975	-0.21732692	0.109897904	-0.12653054
-0.15080108	0.22723117	-0.48834953	0.99999976	-0.44002622	0.12954003	-0.256439	0.2765927	-0.5898403	0.28110096	-0.104695894	0.10595064	-0.18103859	0.14526244	-0.16272298	0.13197431	-0.1025835	0.168965	-0.117465995	0.1273469
0.10576144	-0.16214064	0.20337915	-0.44002622	0.9999996	-0.10148163	0.16351293	-0.24424759	0.31404233	-0.7526995	0.09385602	-0.104846045	0.15956658	-0.15660256	0.16890045	-0.13363624	0.09917881	-0.17893179	0.12058807	-0.15417214
-0.8076291	0.23613606	-0.19060855	0.12954003	-0.10148163	0.99999964	-0.3344053	0.16945915	-0.11026423	0.078863166	-0.32974327	0.16654216	-0.12090879	0.06902978	-0.07466309	0.22389455	-0.13461521	0.12557925	-0.06397741	0.06925343
0.25647822	-0.602545	0.30491552	-0.256439	0.16351293	-0.3344053	0.9999997	-0.51053774	0.20403227	-0.14386849	0.1591889	-0.15605132	0.20466325	-0.11840449	0.11955135	-0.19557999	0.13524623	-0.21648851	0.10368013	-0.11694791
-0.18551248	0.26958007	-0.41280004	0.2765927	-0.24424759	0.16945915	-0.51053774	0.9999996	-0.41113734	0.20018464	-0.13384166	0.14049706	-0.4305387	0.16546355	-0.17052917	0.16319673	-0.14118227	0.25126252	-0.13719246	0.1412844
0.11628206	-0.1847811	0.24792749	-0.5898403	0.31404233	-0.11026423	0.20403227	-0.41113734	0.99999946	-0.5211677	0.094222575	-0.103861146	0.18891765	-0.1893063	0.17320995	-0.1270505	0.09967154	-0.18558653	0.12542094	-0.14073038
-0.0857783	0.12342596	-0.17370795	0.28110096	-0.7526995	0.078863166	-0.14386849	0.20018464	-0.5211677	0.9999994	-0.0719222	0.07827095	-0.14069812	0.14915633	-0.19669862	0.09639493	-0.07643857	0.13607635	-0.10833938	0.12784703
0.22902086	-0.13278107	0.13324349	-0.104695894	0.09385602	-0.32974327	0.1591889	-0.13384166	0.094222575	-0.0719222	0.9999996	-0.5326091	0.14933042	-0.07906104	0.086820364	-0.6780434	0.29334366	-0.17376387	0.07842926	-0.08099275
-0.18180421	0.117831856	-0.139643	0.10595064	-0.104846045	0.16654216	-0.15605132	0.14049706	-0.103861146	0.07827095	-0.5326091	0.9999995	-0.2177156	0.09759433	-0.10893281	0.3195886	-0.69781613	0.22251622	-0.09956349	0.094052434
0.12686442	-0.1558437	0.19682583	-0.18103859	0.15956658	-0.12090879	0.20466325	-0.4305387	0.18891765	-0.14069812	0.14933042	-0.2177156	0.9999994	-0.30775747	0.22048487	-0.21039042	0.21353558	-0.6910863	0.20946829	-0.21367797
-0.07536478	0.09322881	-0.12644668	0.14526244	-0.15660256	0.06902978	-0.11840449	0.16546355	-0.1893063	0.14915633	-0.07906104	0.09759433	-0.30775747	0.99999946	-0.7294775	0.106437854	-0.10309165	0.22423854	-0.47324055	0.30834296
0.08004425	-0.09954341	0.12919402	-0.16272298	0.16890045	-0.07466309	0.11955135	-0.17052917	0.17320995	-0.19669862	0.086820364	-0.10893281	0.22048487	-0.7294775	0.99999934	-0.12280931	0.1094983	-0.2389091	0.30745682	-0.49087304
-0.26948142	0.15303317	-0.18113394	0.13197431	-0.13363624	0.22389455	-0.19557999	0.16319673	-0.1270505	0.09639493	-0.6780434	0.3195886	-0.21039042	0.106437854	-0.12280931	0.99999964	-0.48530596	0.21170594	-0.106789105	0.1039953
0.13957599	-0.10542691	0.1268975	-0.1025835	0.09917881	-0.13461521	0.13524623	-0.14118227	0.09967154	-0.07643857	0.29334366	-0.69781613	0.21353558	-0.10309165	0.1094983	-0.48530596	0.9999998	-0.37354952	0.108545385	-0.10548244
-0.14229237	0.15214059	-0.21732692	0.168965	-0.17893179	0.12557925	-0.21648851	0.25126252	-0.18558653	0.13607635	-0.17376387	0.22251622	-0.6910863	0.22423854	-0.2389091	0.21170594	-0.37354952	0.9999997	-0.28215155	0.20760307
0.070083044	-0.082067564	0.109897904	-0.117465995	0.12058807	-0.06397741	0.10368013	-0.13719246	0.12542094	-0.10833938	0.07842926	-0.09956349	0.20946829	-0.47324055	0.30745682	-0.106789105	0.108545385	-0.28215155	0.99999964	-0.76278126
-0.07804893	0.09051297	-0.12653054	0.1273469	-0.15417214	0.06925343	-0.11694791	0.1412844	-0.14073038	0.12784703	-0.08099275	0.094052434	-0.21367797	0.30834296	-0.49087304	0.1039953	-0.10548244	0.20760307	-0.76278126	0.99999964
