1.0	-0.7138322	0.19873573	-0.113382205	0.11770706	-0.4865199	0.28825054	-0.22072218	0.089092	-0.06977984	0.23811996	-0.1832871	0.16504629	-0.034649193	0.048703127	-0.30721036	0.049082987	-0.051666956	0.02354663	-0.037233863
-0.7138322	1.0000001	-0.2578554	0.12089703	-0.13010809	0.27076513	-0.51593775	0.23268677	-0.09746393	0.073922485	-0.20299429	0.1834031	-0.1839801	0.034291215	-0.048414417	0.22049914	-0.043786753	0.045161888	-0.023098629	0.03584494
0.19873573	-0.2578554	0.9999998	-0.48048463	0.2606657	-0.25212228	0.2619782	-0.5850967	0.19734143	-0.1663448	0.19921942	-0.21232378	0.21094792	-0.06875561	0.09132273	-0.36589685	0.05928726	-0.06355679	0.045225523	-0.07228614
-0.113382205	0.12089703	-0.48048463	0.99999976	-0.6825525	0.13099508	-0.1441101	0.21925436	-0.38900185	0.26639283	-0.11372598	0.11031867	-0.12028163	0.08534028	-0.11586338	0.19686201	-0.03278015	0.03475342	-0.054612804	0.08198212
0.11770706	-0.13010809	0.2606657	-0.6825525	0.9999995	-0.1573573	0.14419669	-0.22919853	0.30322394	-0.47931308	0.13207096	-0.121638216	0.12204619	-0.10483948	0.13378039	-0.26433972	0.03937431	-0.042191178	0.06562567	-0.10715157
-0.4865199	0.27076513	-0.25212228	0.13099508	-0.1573573	0.9999994	-0.3778547	0.22204292	-0.11398497	0.0856101	-0.6196868	0.21447524	-0.22125696	0.041648895	-0.060604014	0.307527	-0.055906203	0.056834143	-0.028313752	0.043709636
0.28825054	-0.51593775	0.2619782	-0.1441101	0.14419669	-0.3778547	0.9999994	-0.50454986	0.11654547	-0.091014825	0.23502001	-0.37538955	0.26627856	-0.04213872	0.058012765	-0.30032337	0.06432581	-0.06734959	0.028252598	-0.044191025
-0.22072218	0.23268677	-0.5850967	0.21925436	-0.22919853	0.22204292	-0.50454986	0.9999994	-0.20481752	0.14133188	-0.19972621	0.259758	-0.38348642	0.05742135	-0.078747325	0.25191355	-0.05841909	0.06061206	-0.037855886	0.0576001
0.089092	-0.09746393	0.19734143	-0.38900185	0.30322394	-0.11398497	0.11654547	-0.20481752	0.99999946	-0.7850849	0.09677348	-0.09426535	0.09859682	-0.16143736	0.1726468	-0.18191102	0.029125005	-0.031068807	0.09024405	-0.13455206
-0.06977984	0.073922485	-0.1663448	0.26639283	-0.47931308	0.0856101	-0.091014825	0.14133188	-0.7850849	0.9999996	-0.074463755	0.07156166	-0.07740725	0.1330107	-0.20308708	0.13516024	-0.022213902	0.023591448	-0.08038924	0.11851836
0.23811996	-0.20299429	0.19921942	-0.11372598	0.13207096	-0.6196868	0.23502001	-0.19972621	0.09677348	-0.074463755	0.999999	-0.28404397	0.21636286	-0.038728666	0.055874962	-0.6221879	0.0729991	-0.0758722	0.026569078	-0.041578326
-0.1832871	0.1834031	-0.21232378	0.11031867	-0.121638216	0.21447524	-0.37538955	0.259758	-0.09426535	0.07156166	-0.28404397	0.9999991	-0.7947547	0.03585082	-0.049265973	0.23737027	-0.116371974	0.10640439	-0.024282698	0.036482833
0.16504629	-0.1839801	0.21094792	-0.12028163	0.12204619	-0.22125696	0.26627856	-0.38348642	0.09859682	-0.07740725	0.21636286	-0.7947547	0.9999989	-0.03977348	0.0529083	-0.28685564	0.10311513	-0.1137203	0.02665106	-0.040434953
-0.034649193	0.034291215	-0.06875561	0.08534028	-0.10483948	0.041648895	-0.04213872	0.05742135	-0.16143736	0.1330107	-0.038728666	0.03585082	-0.03977348	0.99999887	-0.675135	0.069370575	-0.014563298	0.015286791	-0.6234568	0.33125845
0.048703127	-0.048414417	0.09132273	-0.11586338	0.13378039	-0.060604014	0.058012765	-0.078747325	0.1726468	-0.20308708	0.055874962	-0.049265973	0.0529083	-0.675135	0.9999989	-0.10607992	0.018941097	-0.020045819	0.3207242	-0.5956696
-0.30721036	0.22049914	-0.36589685	0.19686201	-0.26433972	0.307527	-0.30032337	0.25191355	-0.18191102	0.13516024	-0.6221879	0.23737027	-0.28685564	0.069370575	-0.10607992	0.9999987	-0.10860072	0.09925374	-0.047851525	0.07330253
0.049082987	-0.043786753	0.05928726	-0.03278015	0.03937431	-0.055906203	0.06432581	-0.05841909	0.029125005	-0.022213902	0.0729991	-0.116371974	0.10311513	-0.014563298	0.018941097	-0.10860072	0.9999984	-0.9800359	0.012580306	-0.016150996
-0.051666956	0.045161888	-0.06355679	0.03475342	-0.042191178	0.056834143	-0.06734959	0.06061206	-0.031068807	0.023591448	-0.0758722	0.10640439	-0.1137203	0.015286791	-0.020045819	0.09925374	-0.9800359	0.9999984	-0.013247957	0.016859649
0.02354663	-0.023098629	0.045225523	-0.054612804	0.06562567	-0.028313752	0.028252598	-0.037855886	0.09024405	-0.08038924	0.026569078	-0.024282698	0.02665106	-0.6234568	0.3207242	-0.047851525	0.012580306	-0.013247957	0.9999985	-0.7063081
-0.037233863	0.03584494	-0.07228614	0.08198212	-0.10715157	0.043709636	-0.044191025	0.0576001	-0.13455206	0.11851836	-0.041578326	0.036482833	-0.040434953	0.33125845	-0.5956696	0.07330253	-0.016150996	0.016859649	-0.7063081	0.9999985
