1.0000001	-0.8277178	0.18641764	-0.16257471	0.1074165	-0.42816597	0.24860658	-0.17564924	0.12573715	-0.08137937	0.1492	-0.13840182	0.110592216	-0.100495495	0.039688032	-0.10101772	0.07797275	-0.08649848	0.09181936	-0.035549644
-0.8277178	1.0000002	-0.26519704	0.17217483	-0.12703328	0.27960414	-0.3426333	0.19704	-0.14819449	0.09224206	-0.15157108	0.13277024	-0.123300806	0.108602054	-0.044329472	0.09803088	-0.07910374	0.09101781	-0.1017157	0.039314665
0.18641764	-0.26519704	1.0000005	-0.622166	0.21060917	-0.26482713	0.2628483	-0.5694756	0.25324428	-0.17096642	0.14598136	-0.15422945	0.18339783	-0.1801879	0.06633167	-0.13104786	0.100940436	-0.13633397	0.14494558	-0.060284916
-0.16257471	0.17217483	-0.622166	1.0000005	-0.42643848	0.20625895	-0.2370943	0.29285142	-0.43252376	0.25053328	-0.14815162	0.14472724	-0.21950519	0.21196657	-0.09282398	0.13123633	-0.10634903	0.1496351	-0.19323337	0.08147661
0.1074165	-0.12703328	0.21060917	-0.42643848	1.0000004	-0.19291206	0.16378307	-0.22917359	0.31094944	-0.7439797	0.119581334	-0.12996407	0.16466926	-0.21522547	0.107363656	-0.12797531	0.09476265	-0.13580658	0.15347826	-0.104104444
-0.42816597	0.27960414	-0.26482713	0.20625895	-0.19291206	1.0000004	-0.5879754	0.26108584	-0.22422183	0.1353361	-0.40217555	0.25073546	-0.20070374	0.1672505	-0.07072501	0.16968036	-0.14126289	0.14764069	-0.16675141	0.0621293
0.24860658	-0.3426333	0.2628483	-0.2370943	0.16378307	-0.5879754	1.0000004	-0.5228401	0.2094028	-0.1333289	0.23611495	-0.28575945	0.19091289	-0.17212659	0.06323723	-0.17209952	0.13611516	-0.14884856	0.14882033	-0.057135165
-0.17564924	0.19704	-0.5694756	0.29285142	-0.22917359	0.26108584	-0.5228401	1.0000004	-0.37541428	0.1809209	-0.16752777	0.17174862	-0.27407944	0.20740965	-0.074983254	0.13934205	-0.11463497	0.15883479	-0.17247571	0.06702065
0.12573715	-0.14819449	0.25324428	-0.43252376	0.31094944	-0.22422183	0.2094028	-0.37541428	1.0000005	-0.539094	0.1432902	-0.1563357	0.23042233	-0.40190762	0.1072718	-0.15061988	0.11522756	-0.17443709	0.2078462	-0.10064313
-0.08137937	0.09224206	-0.17096642	0.25053328	-0.7439797	0.1353361	-0.1333289	0.1809209	-0.539094	1.0000002	-0.09312608	0.09806714	-0.14973025	0.18792857	-0.12680356	0.09693254	-0.07530129	0.11333595	-0.14669798	0.1051111
0.1492	-0.15157108	0.14598136	-0.14815162	0.119581334	-0.40217555	0.23611495	-0.16752777	0.1432902	-0.09312608	1.0000004	-0.7463475	0.19950096	-0.1645263	0.062481914	-0.34762192	0.2471622	-0.19043416	0.16456626	-0.056397486
-0.13840182	0.13277024	-0.15422945	0.14472724	-0.12996407	0.25073546	-0.28575945	0.17174862	-0.1563357	0.09806714	-0.7463475	1.0000007	-0.26407042	0.17203537	-0.06948086	0.277623	-0.3787523	0.2042064	-0.19017126	0.061599042
0.110592216	-0.123300806	0.18339783	-0.21950519	0.16466926	-0.20070374	0.19091289	-0.27407944	0.23042233	-0.14973025	0.19950096	-0.26407042	1.0000012	-0.5674776	0.10844057	-0.27069032	0.22155063	-0.55490965	0.3173142	-0.102334335
-0.100495495	0.108602054	-0.1801879	0.21196657	-0.21522547	0.1672505	-0.17212659	0.20740965	-0.40190762	0.18792857	-0.1645263	0.17203537	-0.5674776	1.0000012	-0.1595579	0.18495138	-0.16072974	0.29281077	-0.5491549	0.13843386
0.039688032	-0.044329472	0.06633167	-0.09282398	0.107363656	-0.07072501	0.06323723	-0.074983254	0.1072718	-0.12680356	0.062481914	-0.06948086	0.10844057	-0.1595579	1.0000011	-0.094680436	0.07076163	-0.1397998	0.18914366	-0.9415364
-0.10101772	0.09803088	-0.13104786	0.13123633	-0.12797531	0.16968036	-0.17209952	0.13934205	-0.15061988	0.09693254	-0.34762192	0.277623	-0.27069032	0.18495138	-0.094680436	1.0000011	-0.77020776	0.26905692	-0.28255686	0.08166354
0.07797275	-0.07910374	0.100940436	-0.10634903	0.09476265	-0.14126289	0.13611516	-0.11463497	0.11522756	-0.07530129	0.2471622	-0.3787523	0.22155063	-0.16072974	0.07076163	-0.77020776	1.000001	-0.39165866	0.21747057	-0.06396392
-0.08649848	0.09101781	-0.13633397	0.1496351	-0.13580658	0.14764069	-0.14884856	0.15883479	-0.17443709	0.11333595	-0.19043416	0.2042064	-0.55490965	0.29281077	-0.1397998	0.26905692	-0.39165866	1.0000008	-0.59283	0.12501796
0.09181936	-0.1017157	0.14494558	-0.19323337	0.15347826	-0.16675141	0.14882033	-0.17247571	0.2078462	-0.14669798	0.16456626	-0.19017126	0.3173142	-0.5491549	0.18914366	-0.28255686	0.21747057	-0.59283	1.0000008	-0.23981774
-0.035549644	0.039314665	-0.060284916	0.08147661	-0.104104444	0.0621293	-0.057135165	0.06702065	-0.10064313	0.1051111	-0.056397486	0.061599042	-0.102334335	0.13843386	-0.9415364	0.08166354	-0.06396392	0.12501796	-0.23981774	1.0000008
