1.0	-0.3271777	0.22718197	-0.16336061	0.099926904	-0.8132641	0.27893203	-0.27150112	0.13139254	-0.08838187	0.16090605	-0.18745977	0.114901885	-0.086979456	0.10657342	-0.18526588	0.10880509	-0.07684668	0.09589837	-0.12428084
-0.3271777	1.0000001	-0.76626605	0.17681204	-0.10446261	0.2338914	-0.4371782	0.25760487	-0.15243267	0.08992032	-0.09094952	0.15231086	-0.10649667	0.07978779	-0.10389687	0.100573756	-0.09702976	0.06884837	-0.08766904	0.113809526
0.22718197	-0.76626605	1.0000001	-0.29155296	0.13498735	-0.23357788	0.2883104	-0.3577844	0.19491453	-0.12086808	0.10452207	-0.1969591	0.1313722	-0.1026087	0.13261673	-0.12474243	0.11714157	-0.08662383	0.10845048	-0.15851378
-0.16336061	0.17681204	-0.29155296	0.9999999	-0.3344504	0.13377136	-0.23195826	0.26855284	-0.7638817	0.2473053	-0.07903523	0.15999833	-0.14540327	0.11968376	-0.21973664	0.09038452	-0.12739809	0.09292956	-0.12808326	0.195423
0.099926904	-0.10446261	0.13498735	-0.3344504	0.99999976	-0.09137318	0.13296175	-0.18775232	0.2450532	-0.7200222	0.07729433	-0.18448009	0.14806311	-0.14740708	0.30420882	-0.09652634	0.13444073	-0.10484989	0.1469117	-0.4525231
-0.8132641	0.2338914	-0.23357788	0.13377136	-0.09137318	0.9999997	-0.40332058	0.22599444	-0.12019993	0.078249365	-0.19745	0.16613367	-0.1087278	0.07940252	-0.098528124	0.16705121	-0.10505674	0.071467936	-0.09092226	0.106458835
0.27893203	-0.4371782	0.2883104	-0.23195826	0.13296175	-0.40332058	0.9999997	-0.62379116	0.20182085	-0.12151	0.12887046	-0.2645179	0.16130432	-0.11819001	0.13886954	-0.14081152	0.14108098	-0.101837546	0.12522827	-0.15426295
-0.27150112	0.25760487	-0.3577844	0.26855284	-0.18775232	0.22599444	-0.62379116	0.99999946	-0.40703866	0.16565906	-0.11628097	0.22440757	-0.24379928	0.15404533	-0.19108492	0.12610808	-0.1720806	0.12709549	-0.16217071	0.18381709
0.13139254	-0.15243267	0.19491453	-0.7638817	0.2450532	-0.12019993	0.20182085	-0.40703866	0.9999995	-0.3289615	0.070686065	-0.14890838	0.13237788	-0.11423349	0.1910308	-0.08248409	0.1090928	-0.08362341	0.111630455	-0.18623479
-0.08838187	0.08992032	-0.12086808	0.2473053	-0.7200222	0.078249365	-0.12151	0.16565906	-0.3289615	0.99999964	-0.062310144	0.14582126	-0.1400345	0.14213538	-0.49090785	0.07577272	-0.11536589	0.09198298	-0.13418974	0.2857059
0.16090605	-0.09094952	0.10452207	-0.07903523	0.07729433	-0.19745	0.12887046	-0.11628097	0.070686065	-0.062310144	0.9999995	-0.33101887	0.13344069	-0.09213627	0.099311635	-0.88320863	0.15584293	-0.0949095	0.11760466	-0.101179026
-0.18745977	0.15231086	-0.1969591	0.15999833	-0.18448009	0.16613367	-0.2645179	0.22440757	-0.14890838	0.14582126	-0.33101887	0.9999995	-0.43615767	0.25510755	-0.25568095	0.24687098	-0.5160531	0.27394876	-0.3456594	0.24229686
0.114901885	-0.10649667	0.1313722	-0.14540327	0.14806311	-0.1087278	0.16130432	-0.24379928	0.13237788	-0.1400345	0.13344069	-0.43615767	0.9999994	-0.6359777	0.22984482	-0.16441125	0.2762281	-0.39437836	0.3197434	-0.27188915
-0.086979456	0.07978779	-0.1026087	0.11968376	-0.14740708	0.07940252	-0.11819001	0.15404533	-0.11423349	0.14213538	-0.09213627	0.25510755	-0.6359777	0.9999991	-0.3360999	0.1113297	-0.25453225	0.2673562	-0.57089984	0.25021738
0.10657342	-0.10389687	0.13261673	-0.21973664	0.30420882	-0.098528124	0.13886954	-0.19108492	0.1910308	-0.49090785	0.099311635	-0.25568095	0.22984482	-0.3360999	0.9999991	-0.12579589	0.18835838	-0.16243488	0.23001246	-0.6366597
-0.18526588	0.100573756	-0.12474243	0.09038452	-0.09652634	0.16705121	-0.14081152	0.12610808	-0.08248409	0.07577272	-0.88320863	0.24687098	-0.16441125	0.1113297	-0.12579589	0.9999992	-0.20050459	0.115917936	-0.15122518	0.120967746
0.10880509	-0.09702976	0.11714157	-0.12739809	0.13444073	-0.10505674	0.14108098	-0.1720806	0.1090928	-0.11536589	0.15584293	-0.5160531	0.2762281	-0.25453225	0.18835838	-0.20050459	0.9999993	-0.6601459	0.29305902	-0.27588204
-0.07684668	0.06884837	-0.08662383	0.09292956	-0.10484989	0.071467936	-0.101837546	0.12709549	-0.08362341	0.09198298	-0.0949095	0.27394876	-0.39437836	0.2673562	-0.16243488	0.115917936	-0.6601459	0.9999994	-0.5421725	0.19827586
0.09589837	-0.08766904	0.10845048	-0.12808326	0.1469117	-0.09092226	0.12522827	-0.16217071	0.111630455	-0.13418974	0.11760466	-0.3456594	0.3197434	-0.57089984	0.23001246	-0.15122518	0.29305902	-0.5421725	0.9999994	-0.33554623
-0.12428084	0.113809526	-0.15851378	0.195423	-0.4525231	0.106458835	-0.15426295	0.18381709	-0.18623479	0.2857059	-0.101179026	0.24229686	-0.27188915	0.25021738	-0.6366597	0.120967746	-0.27588204	0.19827586	-0.33554623	0.9999994
