0.99999994	-0.638444	0.3243632	-0.50500804	0.16387114	-0.19280611	0.18885556	-0.25527963	0.21167496	-0.19231164	0.13181481	-0.12781861	0.11497114	-0.124630496	0.15098262	-0.196571	0.13084878	-0.12124074	0.08261203	-0.14588304
-0.638444	0.99999994	-0.644751	0.28132793	-0.100498	0.15171428	-0.211033	0.18479843	-0.16813134	0.10549498	-0.09671168	0.08807436	-0.08173469	0.07329182	-0.09406106	0.12949313	-0.09153397	0.08077649	-0.04986455	0.081792265
0.3243632	-0.644751	1.0	-0.5257454	0.14271921	-0.12654006	0.14205962	-0.34093145	0.2357657	-0.15372205	0.095526464	-0.10424763	0.10411975	-0.09854594	0.1227351	-0.13331182	0.105764106	-0.10263443	0.06628624	-0.10890919
-0.50500804	0.28132793	-0.5257454	1.0	-0.33865544	0.11859613	-0.14540264	0.2626107	-0.37923458	0.23349732	-0.10313921	0.109336436	-0.10981314	0.1312059	-0.20474121	0.13632956	-0.12689382	0.11037369	-0.08969749	0.1450541
0.16387114	-0.100498	0.14271921	-0.33865544	1.0	-0.049174033	0.057551604	-0.1266418	0.15014134	-0.8729879	0.047813356	-0.055253334	0.055470858	-0.12396565	0.18985498	-0.06609455	0.06384334	-0.05983039	0.079441875	-0.1576053
-0.19280611	0.15171428	-0.12654006	0.11859613	-0.049174033	0.99999976	-0.83304447	0.097056925	-0.0920952	0.05251395	-0.39594442	0.16546422	-0.119859636	0.05015594	-0.06255284	0.2654925	-0.15495344	0.10842442	-0.036420785	0.05397393
0.18885556	-0.211033	0.14205962	-0.14540264	0.057551604	-0.83304447	0.9999997	-0.112800814	0.10211607	-0.06252508	0.2636423	-0.17859602	0.119414926	-0.057855334	0.0708366	-0.35450602	0.15192664	-0.11907768	0.04143889	-0.06300019
-0.25527963	0.18479843	-0.34093145	0.2626107	-0.1266418	0.097056925	-0.112800814	0.99999964	-0.79019016	0.12904556	-0.11268239	0.1582132	-0.23945308	0.1320315	-0.15329547	0.13970014	-0.16347039	0.16721211	-0.094968	0.119046316
0.21167496	-0.16813134	0.2357657	-0.37923458	0.15014134	-0.0920952	0.10211607	-0.79019016	0.9999995	-0.1740049	0.10460191	-0.15326661	0.17088513	-0.18442294	0.16816464	-0.14318167	0.1447717	-0.16690896	0.113499776	-0.15018344
-0.19231164	0.10549498	-0.15372205	0.23349732	-0.8729879	0.05251395	-0.06252508	0.12904556	-0.1740049	0.99999964	-0.050588965	0.05735194	-0.05786907	0.122799024	-0.27255476	0.06857848	-0.0679205	0.06167039	-0.080754645	0.15428919
0.13181481	-0.09671168	0.095526464	-0.10313921	0.047813356	-0.39594442	0.2636423	-0.11268239	0.10460191	-0.050588965	0.9999997	-0.42486364	0.20169398	-0.060593564	0.07183323	-0.7160069	0.24368472	-0.18351424	0.045811493	-0.062376413
-0.12781861	0.08807436	-0.10424763	0.109336436	-0.055253334	0.16546422	-0.17859602	0.1582132	-0.15326661	0.05735194	-0.42486364	1.0	-0.60002583	0.08101001	-0.09090368	0.27762958	-0.52168155	0.30638054	-0.06475493	0.07795221
0.11497114	-0.08173469	0.10411975	-0.10981314	0.055470858	-0.119859636	0.119414926	-0.23945308	0.17088513	-0.05786907	0.20169398	-0.60002583	0.99999994	-0.09704404	0.093233965	-0.23572715	0.32039657	-0.6323549	0.07897823	-0.085282475
-0.124630496	0.07329182	-0.09854594	0.1312059	-0.12396565	0.05015594	-0.057855334	0.1320315	-0.18442294	0.122799024	-0.060593564	0.08101001	-0.09704404	0.99999976	-0.4917064	0.078679554	-0.11215112	0.11148831	-0.75075793	0.32101214
0.15098262	-0.09406106	0.1227351	-0.20474121	0.18985498	-0.06255284	0.0708366	-0.15329547	0.16816464	-0.27255476	0.07183323	-0.09090368	0.093233965	-0.4917064	0.9999998	-0.10182097	0.11245043	-0.11228359	0.2969868	-0.6931577
-0.196571	0.12949313	-0.13331182	0.13632956	-0.06609455	0.2654925	-0.35450602	0.13970014	-0.14318167	0.06857848	-0.7160069	0.27762958	-0.23572715	0.078679554	-0.10182097	1.0	-0.3729121	0.20077471	-0.059120283	0.08257565
0.13084878	-0.09153397	0.105764106	-0.12689382	0.06384334	-0.15495344	0.15192664	-0.16347039	0.1447717	-0.0679205	0.24368472	-0.52168155	0.32039657	-0.11215112	0.11245043	-0.3729121	1.0000004	-0.64238924	0.091474906	-0.111254856
-0.12124074	0.08077649	-0.10263443	0.11037369	-0.05983039	0.10842442	-0.11907768	0.16721211	-0.16690896	0.06167039	-0.18351424	0.30638054	-0.6323549	0.11148831	-0.11228359	0.20077471	-0.64238924	1.0000006	-0.10950751	0.10264116
0.08261203	-0.04986455	0.06628624	-0.08969749	0.079441875	-0.036420785	0.04143889	-0.094968	0.113499776	-0.080754645	0.045811493	-0.06475493	0.07897823	-0.75075793	0.2969868	-0.059120283	0.091474906	-0.10950751	1.0000005	-0.5606842
-0.14588304	0.081792265	-0.10890919	0.1450541	-0.1576053	0.05397393	-0.06300019	0.119046316	-0.15018344	0.15428919	-0.062376413	0.07795221	-0.085282475	0.32101214	-0.6931577	0.08257565	-0.111254856	0.10264116	-0.5606842	1.0000005
