1.0000001	-0.33853552	0.12762362	-0.10240764	0.041101616	-0.8765602	0.26754403	-0.16101843	0.08498671	-0.03741209	0.08882224	-0.055937916	0.060715783	-0.055432674	0.060505763	-0.08201031	0.04217001	-0.055997197	0.0496484	-0.05780618
-0.33853552	1.0	-0.3349044	0.17200536	-0.0686218	0.24624886	-0.7986473	0.22003292	-0.14601299	0.060304943	-0.094429016	0.06910455	-0.0805233	0.07946057	-0.08869301	0.08315877	-0.04805216	0.06218991	-0.068912886	0.07482661
0.12762362	-0.3349044	1.0	-0.66661763	0.137604	-0.1065726	0.21454106	-0.5168874	0.29310757	-0.13057314	0.11591598	-0.08169792	0.106533065	-0.15117769	0.15197937	-0.120727815	0.071582176	-0.09556315	0.11966012	-0.133825
-0.10240764	0.17200536	-0.66661763	1.0000001	-0.21240665	0.07907559	-0.16638705	0.3099467	-0.5681462	0.17308621	-0.103822485	0.07040956	-0.09508617	0.17019977	-0.17585903	0.10058022	-0.06472498	0.08468225	-0.13495137	0.13042347
0.041101616	-0.0686218	0.137604	-0.21240665	1.0	-0.033656105	0.06298743	-0.21240844	0.2229933	-0.91786623	0.066346325	-0.04555991	0.060910534	-0.120586544	0.12834121	-0.07204826	0.044798378	-0.06055549	0.087750696	-0.10912295
-0.8765602	0.24624886	-0.1065726	0.07907559	-0.033656105	0.99999994	-0.38406977	0.12378991	-0.06989653	0.030203348	-0.08779243	0.051776122	-0.054724872	0.045707867	-0.050394993	0.069627225	-0.03595353	0.047178302	-0.041262913	0.047276895
0.26754403	-0.7986473	0.21454106	-0.16638705	0.06298743	-0.38406977	0.9999997	-0.2681948	0.13320035	-0.057141908	0.09606546	-0.077630736	0.08348092	-0.078159206	0.08505672	-0.08898922	0.050074287	-0.06542608	0.06755663	-0.075860254
-0.16101843	0.22003292	-0.5168874	0.3099467	-0.21240844	0.12378991	-0.2681948	0.99999934	-0.54001486	0.17446986	-0.2042928	0.13471726	-0.2009794	0.22416337	-0.27439097	0.16925563	-0.10916285	0.13797857	-0.19734655	0.19034296
0.08498671	-0.14601299	0.29310757	-0.5681462	0.2229933	-0.06989653	0.13320035	-0.54001486	0.9999989	-0.2887479	0.13191533	-0.09449905	0.12723894	-0.33898532	0.22716768	-0.13811882	0.08820907	-0.11922166	0.18703263	-0.19220676
-0.03741209	0.060304943	-0.13057314	0.17308621	-0.91786623	0.030203348	-0.057141908	0.17446986	-0.2887479	0.99999833	-0.06042514	0.041213583	-0.055783264	0.11659909	-0.1390332	0.06335825	-0.040554643	0.05427311	-0.085614264	0.09964513
0.08882224	-0.094429016	0.11591598	-0.103822485	0.066346325	-0.08779243	0.09606546	-0.2042928	0.13191533	-0.06042514	0.999998	-0.51277417	0.30753273	-0.17255534	0.17754386	-0.61947966	0.25488067	-0.34147465	0.17503223	-0.21700685
-0.055937916	0.06910455	-0.08169792	0.07040956	-0.04555991	0.051776122	-0.077630736	0.13471726	-0.09449905	0.041213583	-0.51277417	0.99999774	-0.77882254	0.12987638	-0.12572129	0.255733	-0.1745318	0.18833189	-0.11873318	0.12474856
0.060715783	-0.0805233	0.106533065	-0.09508617	0.060910534	-0.054724872	0.08348092	-0.2009794	0.12723894	-0.055783264	0.30753273	-0.77882254	0.9999979	-0.20119762	0.16520607	-0.35380134	0.19351077	-0.26627567	0.15938362	-0.17731604
-0.055432674	0.07946057	-0.15117769	0.17019977	-0.120586544	0.045707867	-0.078159206	0.22416337	-0.33898532	0.11659909	-0.17255534	0.12987638	-0.20119762	0.99999785	-0.59513927	0.16712758	-0.13237973	0.17280062	-0.5826134	0.3222937
0.060505763	-0.08869301	0.15197937	-0.17585903	0.12834121	-0.050394993	0.08505672	-0.27439097	0.22716768	-0.1390332	0.17754386	-0.12572129	0.16520607	-0.59513927	0.99999774	-0.21065472	0.1383054	-0.19286731	0.3252883	-0.60663825
-0.08201031	0.08315877	-0.120727815	0.10058022	-0.07204826	0.069627225	-0.08898922	0.16925563	-0.13811882	0.06335825	-0.61947966	0.255733	-0.35380134	0.16712758	-0.21065472	0.99999774	-0.5166785	0.30276003	-0.19297242	0.18388262
0.04217001	-0.04805216	0.071582176	-0.06472498	0.044798378	-0.03595353	0.050074287	-0.10916285	0.08820907	-0.040554643	0.25488067	-0.1745318	0.19351077	-0.13237973	0.1383054	-0.5166785	0.99999774	-0.76706433	0.16944721	-0.16387303
-0.055997197	0.06218991	-0.09556315	0.08468225	-0.06055549	0.047178302	-0.06542608	0.13797857	-0.11922166	0.05427311	-0.34147465	0.18833189	-0.26627567	0.17280062	-0.19286731	0.30276003	-0.76706433	0.9999977	-0.28217745	0.1964307
0.0496484	-0.068912886	0.11966012	-0.13495137	0.087750696	-0.041262913	0.06755663	-0.19734655	0.18703263	-0.085614264	0.17503223	-0.11873318	0.15938362	-0.5826134	0.3252883	-0.19297242	0.16944721	-0.28217745	0.99999774	-0.636213
-0.05780618	0.07482661	-0.133825	0.13042347	-0.10912295	0.047276895	-0.075860254	0.19034296	-0.19220676	0.09964513	-0.21700685	0.12474856	-0.17731604	0.3222937	-0.60663825	0.18388262	-0.16387303	0.1964307	-0.636213	0.99999774
