1.0000001	-0.4059699	0.14933899	-0.059419047	0.060462665	-0.85833806	0.2594103	-0.14800653	0.06500568	-0.05095951	0.083532326	-0.09604422	0.07324899	-0.06006551	0.054153915	-0.05370766	0.06470764	-0.07507009	0.061141513	-0.045610625	0.065176316	-0.04787509	0.06976304	-0.063893184	0.03851609
-0.4059699	1.0000004	-0.3871095	0.10728289	-0.1065865	0.27550474	-0.71640867	0.2585238	-0.11469452	0.08564365	-0.1373827	0.16505638	-0.12594908	0.10071183	-0.091349795	0.08515311	-0.10559812	0.11986543	-0.098427996	0.07110204	-0.100608945	0.0749579	-0.10692665	0.09973803	-0.060758997
0.14933899	-0.3871095	1.0000005	-0.24160579	0.16945602	-0.16569789	0.26267806	-0.79015356	0.1920382	-0.13886328	0.12030444	-0.15165997	0.15077005	-0.14946643	0.13115479	-0.0818946	0.09986447	-0.14970477	0.1250995	-0.09695944	0.100946	-0.076474	0.11074207	-0.13259658	0.07985734
-0.059419047	0.10728289	-0.24160579	1.0000002	-0.6159778	0.06722889	-0.11341661	0.19951129	-0.61977404	0.2658574	-0.09785828	0.12087273	-0.1479699	0.24134204	-0.2408556	0.06764716	-0.083554916	0.14338297	-0.14724518	0.11408712	-0.08305183	0.06406717	-0.093501486	0.14360604	-0.095778994
0.060462665	-0.1065865	0.16945602	-0.6159778	1.0000001	-0.07194379	0.11300402	-0.19262868	0.30218476	-0.56528443	0.110102996	-0.14210732	0.16083889	-0.27719116	0.26947263	-0.07881923	0.095681556	-0.17470793	0.16663277	-0.14873599	0.096531905	-0.07512802	0.10960711	-0.18866467	0.11588142
-0.85833806	0.27550474	-0.16569789	0.06722889	-0.07194379	0.99999994	-0.36683437	0.14809738	-0.076214455	0.059243035	-0.110220484	0.11770316	-0.089392	0.070745416	-0.06477528	0.06808971	-0.08375254	0.0892148	-0.07380182	0.05339253	-0.08325026	0.060596418	-0.088350385	0.07487827	-0.04596227
0.2594103	-0.71640867	0.26267806	-0.11341661	0.11300402	-0.36683437	1.0000002	-0.34444427	0.12595373	-0.09943971	0.16357756	-0.26952133	0.15844148	-0.122468814	0.10517734	-0.1070099	0.12564746	-0.1572419	0.11984152	-0.08872115	0.11824872	-0.09051446	0.12635307	-0.12732846	0.07406746
-0.14800653	0.2585238	-0.79015356	0.19951129	-0.19262868	0.14809738	-0.34444427	1.0000002	-0.24171153	0.14546154	-0.1477702	0.17146362	-0.1965552	0.16594513	-0.1530372	0.096587196	-0.121281594	0.16528304	-0.1458576	0.103543416	-0.12155773	0.09023084	-0.13222244	0.1404498	-0.08929527
0.06500568	-0.11469452	0.1920382	-0.61977404	0.30218476	-0.076214455	0.12595373	-0.24171153	1.0000004	-0.34305507	0.122939155	-0.16479845	0.19961923	-0.49321595	0.26564607	-0.08706762	0.10576387	-0.20304132	0.19110735	-0.14894888	0.102978595	-0.081146166	0.116954155	-0.1996053	0.11848453
-0.05095951	0.08564365	-0.13886328	0.2658574	-0.56528443	0.059243035	-0.09943971	0.14546154	-0.34305507	1.0000005	-0.105399676	0.12781256	-0.16293289	0.27450034	-0.6326327	0.07282667	-0.090568915	0.15660599	-0.17142287	0.15156104	-0.09008351	0.06937116	-0.10240777	0.16301136	-0.1307684
0.083532326	-0.1373827	0.12030444	-0.09785828	0.110102996	-0.110220484	0.16357756	-0.1477702	0.122939155	-0.105399676	1.0000007	-0.573261	0.23692314	-0.15243843	0.12195017	-0.57542473	0.29868764	-0.2822424	0.16758384	-0.12014211	0.20899971	-0.19452891	0.19868138	-0.18644662	0.0979682
-0.09604422	0.16505638	-0.15165997	0.12087273	-0.14210732	0.11770316	-0.26952133	0.17146362	-0.16479845	0.12781256	-0.573261	1.0000007	-0.50404906	0.1968964	-0.1631594	0.25271976	-0.32074133	0.28282726	-0.19750057	0.122286566	-0.21409824	0.17384282	-0.21422222	0.18039116	-0.105236314
0.07324899	-0.12594908	0.15077005	-0.1479699	0.16083889	-0.089392	0.15844148	-0.1965552	0.19961923	-0.16293289	0.23692314	-0.50404906	1.0000004	-0.39160275	0.2026424	-0.1637709	0.1940293	-0.60451967	0.24408922	-0.14783768	0.1543748	-0.13169535	0.17581977	-0.22287792	0.121410705
-0.06006551	0.10071183	-0.14946643	0.24134204	-0.27719116	0.070745416	-0.122468814	0.16594513	-0.49321595	0.27450034	-0.15243843	0.1968964	-0.39160275	1.0000002	-0.5385042	0.10248194	-0.12796389	0.25087532	-0.3199519	0.16974097	-0.117257506	0.093000494	-0.13413918	0.22181274	-0.1445608
0.054153915	-0.091349795	0.13115479	-0.2408556	0.26947263	-0.06477528	0.10517734	-0.1530372	0.26564607	-0.6326327	0.12195017	-0.1631594	0.2026424	-0.5385042	1.0000002	-0.08659268	0.10555702	-0.20788476	0.20695068	-0.23600057	0.102387965	-0.08083301	0.11723115	-0.21659654	0.16269693
-0.05370766	0.08515311	-0.0818946	0.06764716	-0.07881923	0.06808971	-0.1070099	0.096587196	-0.08706762	0.07282667	-0.57542473	0.25271976	-0.1637709	0.10248194	-0.08659268	1.0000005	-0.6704539	0.19190806	-0.12214412	0.08223154	-0.27748424	0.2258323	-0.20180368	0.12705165	-0.069096796
0.06470764	-0.10559812	0.09986447	-0.083554916	0.095681556	-0.08375254	0.12564746	-0.121281594	0.10576387	-0.090568915	0.29868764	-0.32074133	0.1940293	-0.12796389	0.10555702	-0.6704539	1.0000007	-0.29114532	0.15559047	-0.10721847	0.26720753	-0.40460724	0.241446	-0.16929768	0.0884763
-0.07507009	0.11986543	-0.14970477	0.14338297	-0.17470793	0.0892148	-0.1572419	0.16528304	-0.20304132	0.15660599	-0.2822424	0.28282726	-0.60451967	0.25087532	-0.20788476	0.19190806	-0.29114532	1.0000008	-0.44235697	0.16402961	-0.20780328	0.17586577	-0.26910073	0.25681815	-0.1471885
0.061141513	-0.098427996	0.1250995	-0.14724518	0.16663277	-0.07380182	0.11984152	-0.1458576	0.19110735	-0.17142287	0.16758384	-0.19750057	0.24408922	-0.3199519	0.20695068	-0.12214412	0.15559047	-0.44235697	1.000001	-0.30140436	0.1487535	-0.12056003	0.17900068	-0.6738968	0.23560081
-0.045610625	0.07110204	-0.09695944	0.11408712	-0.14873599	0.05339253	-0.08872115	0.103543416	-0.14894888	0.15156104	-0.12014211	0.122286566	-0.14783768	0.16974097	-0.23600057	0.08223154	-0.10721847	0.16402961	-0.30140436	1.0000008	-0.11441251	0.084853165	-0.13368402	0.28002608	-0.8345644
0.065176316	-0.100608945	0.100946	-0.08305183	0.096531905	-0.08325026	0.11824872	-0.12155773	0.102978595	-0.09008351	0.20899971	-0.21409824	0.1543748	-0.117257506	0.102387965	-0.27748424	0.26720753	-0.20780328	0.1487535	-0.11441251	1.0000006	-0.6361474	0.32711333	-0.17844976	0.09506856
-0.04787509	0.0749579	-0.076474	0.06406717	-0.07512802	0.060596418	-0.09051446	0.09023084	-0.081146166	0.06937116	-0.19452891	0.17384282	-0.13169535	0.093000494	-0.08083301	0.2258323	-0.40460724	0.17586577	-0.12056003	0.084853165	-0.6361474	1.0000004	-0.5513034	0.13479963	-0.071976215
0.06976304	-0.10692665	0.11074207	-0.093501486	0.10960711	-0.088350385	0.12635307	-0.13222244	0.116954155	-0.10240777	0.19868138	-0.21422222	0.17581977	-0.13413918	0.11723115	-0.20180368	0.241446	-0.26910073	0.17900068	-0.13368402	0.32711333	-0.5513034	1.0000005	-0.22331114	0.112834305
-0.063893184	0.09973803	-0.13259658	0.14360604	-0.18866467	0.07487827	-0.12732846	0.1404498	-0.1996053	0.16301136	-0.18644662	0.18039116	-0.22287792	0.22181274	-0.21659654	0.12705165	-0.16929768	0.25681815	-0.6738968	0.28002608	-0.17844976	0.13479963	-0.22331114	1.0000004	-0.42805073
0.03851609	-0.060758997	0.07985734	-0.095778994	0.11588142	-0.04596227	0.07406746	-0.08929527	0.11848453	-0.1307684	0.0979682	-0.105236314	0.121410705	-0.1445608	0.16269693	-0.069096796	0.0884763	-0.1471885	0.23560081	-0.8345644	0.09506856	-0.071976215	0.112834305	-0.42805073	1.0000004
