1.0000001	-0.36072662	0.12265287	-0.08079921	0.08341839	-0.87951946	0.23602173	-0.12714368	0.06901371	-0.06672261	0.13367827	-0.1472659	0.09914724	-0.07945366	0.05715192	-0.09327199	0.10210599	-0.083854586	0.080582656	-0.07659841	0.092827044	-0.08207835	0.0907471	-0.055516385	0.0656116
-0.36072662	0.99999976	-0.34558895	0.17746614	-0.19896519	0.25694036	-0.6001793	0.26142427	-0.16259493	0.14583568	-0.2810281	0.27767527	-0.22905853	0.1740025	-0.12901187	0.18253163	-0.23772652	0.18505345	-0.19112746	0.16497867	-0.22052552	0.17739521	-0.21805808	0.12771346	-0.15621918
0.12265287	-0.34558895	1.0	-0.2808402	0.13793659	-0.13310798	0.26455405	-0.80858433	0.1765546	-0.12670098	0.13740078	-0.18030842	0.16265728	-0.14160633	0.103420295	-0.10099527	0.12853938	-0.11875308	0.1279883	-0.12732862	0.1120313	-0.10278231	0.12544948	-0.086160995	0.1022435
-0.08079921	0.17746614	-0.2808402	0.99999994	-0.27165344	0.08088861	-0.15736923	0.18687747	-0.7735573	0.24439576	-0.14570689	0.1573375	-0.23527671	0.23377046	-0.20774081	0.10869445	-0.14834258	0.15046273	-0.2157155	0.19665469	-0.13287921	0.12027074	-0.1726481	0.13204898	-0.16675405
0.08341839	-0.19896519	0.13793659	-0.27165344	1.0000001	-0.08386154	0.14392805	-0.12986119	0.21285936	-0.3981656	0.1557699	-0.16309921	0.19591533	-0.20118807	0.23657002	-0.12099571	0.15712619	-0.15978238	0.21098079	-0.3303237	0.14885066	-0.13586032	0.18622094	-0.15096396	0.19246607
-0.87951946	0.25694036	-0.13310798	0.08088861	-0.08386154	1.0	-0.32527038	0.12926492	-0.07074702	0.06670331	-0.15769602	0.15320945	-0.104721315	0.081038296	-0.057829935	0.09824376	-0.10991033	0.0866753	-0.08326124	0.07644012	-0.09986277	0.08518497	-0.09512981	0.056830693	-0.06731111
0.23602173	-0.6001793	0.26455405	-0.15736923	0.14392805	-0.32527038	1.0	-0.40991962	0.13105924	-0.12175391	0.21990587	-0.43596613	0.19743553	-0.15407309	0.10411831	-0.15609	0.19438508	-0.15830372	0.14582342	-0.1376166	0.15941502	-0.14696497	0.16148254	-0.10004074	0.11609992
-0.12714368	0.26142427	-0.80858433	0.18687747	-0.12986119	0.12926492	-0.40991962	0.99999994	-0.16418447	0.112194784	-0.14401424	0.18246186	-0.18036743	0.13395229	-0.096396476	0.10088236	-0.13300976	0.11751329	-0.12564148	0.11558011	-0.113377355	0.10141565	-0.12561724	0.082727365	-0.09892329
0.06901371	-0.16259493	0.1765546	-0.7735573	0.21285936	-0.07074702	0.13105924	-0.16418447	0.99999976	-0.36892197	0.12297866	-0.14307632	0.20915039	-0.31846097	0.21482015	-0.09474255	0.12786742	-0.13820022	0.19610702	-0.21307734	0.11197182	-0.10583026	0.1471254	-0.12521385	0.14889096
-0.06672261	0.14583568	-0.12670098	0.24439576	-0.3981656	0.06670331	-0.12175391	0.112194784	-0.36892197	0.99999964	-0.13695365	0.14343365	-0.21843185	0.23262095	-0.6690753	0.104595244	-0.14351359	0.15044412	-0.2374311	0.29800087	-0.13032325	0.11935685	-0.17807132	0.15240243	-0.21242559
0.13367827	-0.2810281	0.13740078	-0.14570689	0.1557699	-0.15769602	0.21990587	-0.14401424	0.12297866	-0.13695365	0.9999995	-0.4965713	0.21288963	-0.17551576	0.11597992	-0.63195485	0.27577844	-0.21496488	0.1652097	-0.16605346	0.28014043	-0.26113653	0.20782171	-0.12045331	0.13239646
-0.1472659	0.27767527	-0.18030842	0.1573375	-0.16309921	0.15320945	-0.43596613	0.18246186	-0.14307632	0.14343365	-0.4965713	0.99999934	-0.39018026	0.21428248	-0.12933047	0.25952357	-0.42637977	0.24580766	-0.20320041	0.17004982	-0.25887936	0.22908634	-0.24193798	0.13515332	-0.15183116
0.09914724	-0.22905853	0.16265728	-0.23527671	0.19591533	-0.104721315	0.19743553	-0.18036743	0.20915039	-0.21843185	0.21288963	-0.39018026	0.9999996	-0.618079	0.19534734	-0.17335416	0.24459155	-0.38149723	0.27686095	-0.24938463	0.18105982	-0.19228582	0.2486298	-0.18643917	0.1872706
-0.07945366	0.1740025	-0.14160633	0.23377046	-0.20118807	0.081038296	-0.15407309	0.13395229	-0.31846097	0.23262095	-0.17551576	0.21428248	-0.618079	0.9999994	-0.28554028	0.13474062	-0.19629732	0.23306361	-0.48535177	0.2512736	-0.15651502	0.15395324	-0.22718896	0.20759583	-0.22304878
0.05715192	-0.12901187	0.103420295	-0.20774081	0.23657002	-0.057829935	0.10411831	-0.096396476	0.21482015	-0.6690753	0.11597992	-0.12933047	0.19534734	-0.28554028	0.99999946	-0.09087402	0.12395424	-0.1375793	0.21652289	-0.56005335	0.10979401	-0.10482404	0.15216883	-0.1511348	0.19770455
-0.09327199	0.18253163	-0.10099527	0.10869445	-0.12099571	0.09824376	-0.15609	0.10088236	-0.09474255	0.104595244	-0.63195485	0.25952357	-0.17335416	0.13474062	-0.09087402	0.9999999	-0.3688896	0.20001909	-0.1420585	0.12905222	-0.5574561	0.27347493	-0.2176618	0.10352927	-0.113543995
0.10210599	-0.23772652	0.12853938	-0.14834258	0.15712619	-0.10991033	0.19438508	-0.13300976	0.12786742	-0.14351359	0.27577844	-0.42637977	0.24459155	-0.19629732	0.12395424	-0.3688896	1.0	-0.50538343	0.19862802	-0.17921242	0.28911126	-0.48098695	0.30377457	-0.14729661	0.15169582
-0.083854586	0.18505345	-0.11875308	0.15046273	-0.15978238	0.0866753	-0.15830372	0.11751329	-0.13820022	0.15044412	-0.21496488	0.24580766	-0.38149723	0.23306361	-0.1375793	0.20001909	-0.50538343	1.0	-0.30648503	0.19326788	-0.23264778	0.27348912	-0.60540295	0.19373915	-0.1926575
0.080582656	-0.19112746	0.1279883	-0.2157155	0.21098079	-0.08326124	0.14582342	-0.12564148	0.19610702	-0.2374311	0.1652097	-0.20320041	0.27686095	-0.48535177	0.21652289	-0.1420585	0.19862802	-0.30648503	0.99999994	-0.36779132	0.16007303	-0.1759144	0.2510348	-0.51888615	0.29949647
-0.07659841	0.16497867	-0.12732862	0.19665469	-0.3303237	0.07644012	-0.1376166	0.11558011	-0.21307734	0.29800087	-0.16605346	0.17004982	-0.24938463	0.2512736	-0.56005335	0.12905222	-0.17921242	0.19326788	-0.36779132	0.9999998	-0.16280836	0.15198511	-0.23825428	0.24865127	-0.4371263
0.092827044	-0.22052552	0.1120313	-0.13287921	0.14885066	-0.09986277	0.15941502	-0.113377355	0.11197182	-0.13032325	0.28014043	-0.25887936	0.18105982	-0.15651502	0.10979401	-0.5574561	0.28911126	-0.23264778	0.16007303	-0.16280836	0.99999976	-0.61095375	0.25098196	-0.124425024	0.13205506
-0.08207835	0.17739521	-0.10278231	0.12027074	-0.13586032	0.08518497	-0.14696497	0.10141565	-0.10583026	0.11935685	-0.26113653	0.22908634	-0.19228582	0.15395324	-0.10482404	0.27347493	-0.48098695	0.27348912	-0.1759144	0.15198511	-0.61095375	0.99999976	-0.46433273	0.14037567	-0.14725399
0.0907471	-0.21805808	0.12544948	-0.1726481	0.18622094	-0.09512981	0.16148254	-0.12561724	0.1471254	-0.17807132	0.20782171	-0.24193798	0.2486298	-0.22718896	0.15216883	-0.2176618	0.30377457	-0.60540295	0.2510348	-0.23825428	0.25098196	-0.46433273	0.99999976	-0.27851662	0.21459784
-0.055516385	0.12771346	-0.086160995	0.13204898	-0.15096396	0.056830693	-0.10004074	0.082727365	-0.12521385	0.15240243	-0.12045331	0.13515332	-0.18643917	0.20759583	-0.1511348	0.10352927	-0.14729661	0.19373915	-0.51888615	0.24865127	-0.124425024	0.14037567	-0.27851662	0.99999976	-0.7188481
0.0656116	-0.15621918	0.1022435	-0.16675405	0.19246607	-0.06731111	0.11609992	-0.09892329	0.14889096	-0.21242559	0.13239646	-0.15183116	0.1872706	-0.22304878	0.19770455	-0.113543995	0.15169582	-0.1926575	0.29949647	-0.4371263	0.13205506	-0.14725399	0.21459784	-0.7188481	0.99999976
