1.0000001	-0.053355016	0.048308592	-0.024694012	0.02174799	-0.87050587	0.18545257	-0.09490128	0.08495883	-0.033614088	0.2530556	-0.19000383	0.10203057	-0.103212394	0.03187175	-0.2946996	0.13837786	-0.08263459	0.03637063	-0.019993283	0.08452638	-0.0735708	0.07735835	-0.04643262	0.021622576
-0.053355016	1.0000004	-0.9433833	0.057130318	-0.05398949	0.045674477	-0.15876263	0.17865816	-0.1477438	0.042730536	-0.08719725	0.09575938	-0.14690326	0.108734876	-0.043305516	0.10003611	-0.07458846	0.080158286	-0.03693795	0.020072134	-0.059119277	0.05055237	-0.082159854	0.044557065	-0.021901233
0.048308592	-0.9433833	1.0000005	-0.05992601	0.052435096	-0.04208585	0.13088259	-0.22206002	0.13419273	-0.042089593	0.079171985	-0.090127364	0.13515817	-0.10853505	0.041845944	-0.09838655	0.070015505	-0.077406846	0.03594316	-0.019504786	0.054724034	-0.047596943	0.074792884	-0.043850016	0.021121366
-0.024694012	0.057130318	-0.05992601	1.0000004	-0.9401848	0.020002628	-0.05458608	0.07454492	-0.13780308	0.18884052	-0.040416773	0.039086528	-0.06884537	0.11324586	-0.21191052	0.047237817	-0.041575365	0.044369727	-0.038199157	0.026394933	-0.03450495	0.029000282	-0.04648442	0.043880746	-0.028623383
0.02174799	-0.05398949	0.052435096	-0.9401848	1.0000006	-0.017680831	0.047847696	-0.067597784	0.11162298	-0.24205239	0.035591476	-0.034672003	0.06029205	-0.10864774	0.179965	-0.042740412	0.036798872	-0.039712355	0.03535348	-0.023969345	0.030310633	-0.025719339	0.040681675	-0.041413162	0.025628204
-0.87050587	0.045674477	-0.04208585	0.020002628	-0.017680831	1.0000005	-0.20009223	0.08107268	-0.07112574	0.026999792	-0.3660296	0.17963073	-0.090866044	0.083358325	-0.025731554	0.21105297	-0.10906216	0.06730527	-0.029211454	0.015973138	-0.06575167	0.057108082	-0.06335358	0.037003674	-0.017293993
0.18545257	-0.15876263	0.13088259	-0.05458608	0.047847696	-0.20009223	1.0000004	-0.26071465	0.19034036	-0.07313314	0.31523934	-0.617968	0.24022664	-0.22988638	0.06911718	-0.45893085	0.24342865	-0.17508456	0.077738516	-0.042249642	0.1531309	-0.1364661	0.15707701	-0.098929785	0.04540763
-0.09490128	0.17865816	-0.22206002	0.07454492	-0.067597784	0.08107268	-0.26071465	1.0000007	-0.5524054	0.09130996	-0.17224714	0.19357213	-0.6251863	0.28776446	-0.0904003	0.17620121	-0.14590493	0.20929284	-0.0922884	0.047993045	-0.12794925	0.11019042	-0.21099296	0.10892491	-0.052076973
0.08495883	-0.1477438	0.13419273	-0.13780308	0.11162298	-0.07112574	0.19034036	-0.5524054	1.0000008	-0.17885536	0.14304984	-0.15192744	0.29119802	-0.633389	0.15981133	-0.1793513	0.14381568	-0.18797252	0.15618971	-0.08081574	0.119294055	-0.10598566	0.16903874	-0.1943084	0.083736494
-0.033614088	0.042730536	-0.042089593	0.18884052	-0.24205239	0.026999792	-0.07313314	0.09130996	-0.17885536	1.0000008	-0.05531772	0.052698247	-0.099245444	0.18276429	-0.90769917	0.061412018	-0.057178766	0.061870247	-0.06521075	0.053337928	-0.049056977	0.0405758	-0.06782837	0.06859473	-0.0573284
0.2530556	-0.08719725	0.079171985	-0.040416773	0.035591476	-0.3660296	0.31523934	-0.17224714	0.14304984	-0.05531772	1.0000006	-0.6038436	0.19221497	-0.17435136	0.052561797	-0.48966944	0.21866806	-0.14340256	0.06009545	-0.032730065	0.1344849	-0.117785305	0.12929684	-0.07619139	0.035331804
-0.19000383	0.09575938	-0.090127364	0.039086528	-0.034672003	0.17963073	-0.617968	0.19357213	-0.15192744	0.052698247	-0.6038436	1.0000006	-0.30013797	0.16959983	-0.05077916	0.28402403	-0.20362231	0.14369352	-0.057548713	0.030782104	-0.11262122	0.10055241	-0.13074824	0.07130463	-0.033295885
0.10203057	-0.14690326	0.13515817	-0.06884537	0.06029205	-0.090866044	0.24022664	-0.6251863	0.29119802	-0.099245444	0.19221497	-0.30013797	1.0000006	-0.39554617	0.09551999	-0.20696318	0.16189675	-0.39381328	0.11107584	-0.056650944	0.14071883	-0.13107888	0.23985507	-0.13433748	0.06011173
-0.103212394	0.108734876	-0.10853505	0.11324586	-0.10864774	0.083358325	-0.22988638	0.28776446	-0.633389	0.18276429	-0.17435136	0.16959983	-0.39554617	1.0000006	-0.24381682	0.18134987	-0.17242864	0.20017993	-0.27639204	0.111287825	-0.15291038	0.12558554	-0.22577854	0.21825147	-0.124837905
0.03187175	-0.043305516	0.041845944	-0.21191052	0.179965	-0.025731554	0.06911718	-0.0904003	0.15981133	-0.90769917	0.052561797	-0.05077916	0.09551999	-0.24381682	1.0000007	-0.06002861	0.054461546	-0.0608151	0.0714939	-0.06034018	0.046415817	-0.038939152	0.064385965	-0.07732127	0.059903957
-0.2946996	0.10003611	-0.09838655	0.047237817	-0.042740412	0.21105297	-0.45893085	0.17620121	-0.1793513	0.061412018	-0.48966944	0.28402403	-0.20696318	0.18134987	-0.06002861	1.0000008	-0.4567756	0.17252308	-0.06833455	0.03777778	-0.2747088	0.19478641	-0.18808062	0.08473547	-0.0417553
0.13837786	-0.07458846	0.070015505	-0.041575365	0.036798872	-0.10906216	0.24342865	-0.14590493	0.14381568	-0.057178766	0.21866806	-0.20362231	0.16189675	-0.17242864	0.054461546	-0.4567756	1.0000008	-0.19152507	0.06565413	-0.036309104	0.24673551	-0.29444933	0.18162775	-0.08398885	0.039649833
-0.08263459	0.080158286	-0.077406846	0.044369727	-0.039712355	0.06730527	-0.17508456	0.20929284	-0.18797252	0.061870247	-0.14340256	0.14369352	-0.39381328	0.20017993	-0.0608151	0.17252308	-0.19152507	1.000001	-0.098053455	0.047645774	-0.2416383	0.21608225	-0.781087	0.11201342	-0.053196557
0.03637063	-0.03693795	0.03594316	-0.038199157	0.03535348	-0.029211454	0.077738516	-0.0922884	0.15618971	-0.06521075	0.06009545	-0.057548713	0.11107584	-0.27639204	0.0714939	-0.06833455	0.06565413	-0.098053455	1.000001	-0.3365982	0.061382074	-0.053856645	0.10261618	-0.84259784	0.24657
-0.019993283	0.020072134	-0.019504786	0.026394933	-0.023969345	0.015973138	-0.042249642	0.047993045	-0.08081574	0.053337928	-0.032730065	0.030782104	-0.056650944	0.111287825	-0.06034018	0.03777778	-0.036309104	0.047645774	-0.3365982	1.0000011	-0.03314563	0.028604466	-0.05156817	0.24122556	-0.9035969
0.08452638	-0.059119277	0.054724034	-0.03450495	0.030310633	-0.06575167	0.1531309	-0.12794925	0.119294055	-0.049056977	0.1344849	-0.11262122	0.14071883	-0.15291038	0.046415817	-0.2747088	0.24673551	-0.2416383	0.061382074	-0.03314563	1.0000014	-0.82445383	0.23698875	-0.07925448	0.03613579
-0.0735708	0.05055237	-0.047596943	0.029000282	-0.025719339	0.057108082	-0.1364661	0.11019042	-0.10598566	0.0405758	-0.117785305	0.10055241	-0.13107888	0.12558554	-0.038939152	0.19478641	-0.29444933	0.21608225	-0.053856645	0.028604466	-0.82445383	1.0000014	-0.3552939	0.06781841	-0.03172324
0.07735835	-0.082159854	0.074792884	-0.04648442	0.040681675	-0.06335358	0.15707701	-0.21099296	0.16903874	-0.06782837	0.12929684	-0.13074824	0.23985507	-0.22577854	0.064385965	-0.18808062	0.18162775	-0.781087	0.10261618	-0.05156817	0.23698875	-0.3552939	1.0000014	-0.13507923	0.056411568
-0.04643262	0.044557065	-0.043850016	0.043880746	-0.041413162	0.037003674	-0.098929785	0.10892491	-0.1943084	0.06859473	-0.07619139	0.07130463	-0.13433748	0.21825147	-0.07732127	0.08473547	-0.08398885	0.11201342	-0.84259784	0.24122556	-0.07925448	0.06781841	-0.13507923	1.0000014	-0.32555285
0.021622576	-0.021901233	0.021121366	-0.028623383	0.025628204	-0.017293993	0.04540763	-0.052076973	0.083736494	-0.0573284	0.035331804	-0.033295885	0.06011173	-0.124837905	0.059903957	-0.0417553	0.039649833	-0.053196557	0.24657	-0.9035969	0.03613579	-0.03172324	0.056411568	-0.32555285	1.0000014
