0.9999999	-0.82946604	0.19677953	-0.14972702	0.11809609	-0.27935687	0.2683607	-0.13885908	0.124766886	-0.12231923	0.1582663	-0.22797053	0.12287012	-0.099721886	0.108492516	-0.09720452	0.08468297	-0.08956964	0.094536476	-0.08122668	0.052599818	-0.048051063	0.090645336	-0.07484609	0.06726944
-0.82946604	0.99999994	-0.24077004	0.13669026	-0.10389429	0.21587394	-0.38910776	0.121353954	-0.11298045	0.10232479	-0.1364045	0.17705727	-0.107335985	0.0845899	-0.09196458	0.0760336	-0.068787165	0.07418699	-0.079755306	0.0668379	-0.042782698	0.03854916	-0.07589222	0.061693233	-0.055815168
0.19677953	-0.24077004	1.0	-0.67981225	0.2566184	-0.13242842	0.15291384	-0.3241126	0.29685405	-0.28365487	0.10611049	-0.14540537	0.21405682	-0.20108224	0.1936679	-0.07627656	0.07110892	-0.1527465	0.16809049	-0.14638154	0.052880023	-0.048359476	0.14840956	-0.13216999	0.11658492
-0.14972702	0.13669026	-0.67981225	0.9999996	-0.36914822	0.092865676	-0.113504134	0.23669948	-0.5017189	0.26853663	-0.07985118	0.10608197	-0.19235943	0.18845539	-0.18559185	0.056981333	-0.054319695	0.12586223	-0.15580608	0.12368741	-0.041151274	0.03742851	-0.12736279	0.11114544	-0.10078718
0.11809609	-0.10389429	0.2566184	-0.36914822	0.99999964	-0.091046415	0.10392812	-0.20918763	0.27598965	-0.7594617	0.08058639	-0.10779529	0.17496315	-0.17842992	0.19441853	-0.06084402	0.05752733	-0.13186298	0.15681711	-0.13787577	0.045091406	-0.04097421	0.13528861	-0.12178505	0.11074572
-0.27935687	0.21587394	-0.13242842	0.092865676	-0.091046415	0.9999995	-0.666634	0.12493558	-0.102807626	0.087689474	-0.5593825	0.30998826	-0.12705134	0.08640239	-0.0963395	0.1511845	-0.1430815	0.085649274	-0.08603577	0.06954747	-0.07908099	0.067874104	-0.089299664	0.06623891	-0.0601833
0.2683607	-0.38910776	0.15291384	-0.113504134	0.10392812	-0.666634	0.99999934	-0.16827141	0.120108336	-0.10531589	0.2906287	-0.44751978	0.14805123	-0.10144827	0.10821081	-0.15194355	0.13310568	-0.0984299	0.09722533	-0.08043809	0.07413362	-0.06760353	0.098338634	-0.076049745	0.067919
-0.13885908	0.121353954	-0.3241126	0.23669948	-0.20918763	0.12493558	-0.16827141	0.999999	-0.45720768	0.2132972	-0.12364578	0.16278954	-0.66852576	0.259427	-0.24397948	0.0826144	-0.08239333	0.21894631	-0.2253424	0.16376759	-0.060773827	0.055193882	-0.21997683	0.15633535	-0.13926482
0.124766886	-0.11298045	0.29685405	-0.5017189	0.27598965	-0.102807626	0.120108336	-0.45720768	0.9999989	-0.4125888	0.09322861	-0.12769222	0.26782262	-0.383529	0.245119	-0.06946165	0.066483594	-0.17895962	0.21531673	-0.17468394	0.050796814	-0.046652462	0.1670927	-0.15644625	0.134689
-0.12231923	0.10232479	-0.28365487	0.26853663	-0.7594617	0.087689474	-0.10531589	0.2132972	-0.4125888	0.9999986	-0.081010304	0.10527334	-0.20168565	0.19955298	-0.24618533	0.059521277	-0.057558157	0.1387144	-0.18065944	0.14584312	-0.04556402	0.041094746	-0.14952038	0.12837332	-0.12223494
0.1582663	-0.1364045	0.10611049	-0.07985118	0.08058639	-0.5593825	0.2906287	-0.12364578	0.09322861	-0.081010304	0.999999	-0.6714855	0.13366169	-0.08627938	0.09124749	-0.28810564	0.20769498	-0.0926918	0.08459685	-0.06897344	0.10271395	-0.092711404	0.090857565	-0.066705555	0.058737304
-0.22797053	0.17705727	-0.14540537	0.10608197	-0.10779529	0.30998826	-0.44751978	0.16278954	-0.12769222	0.10527334	-0.6714855	0.9999987	-0.21652976	0.1170069	-0.12581424	0.22989781	-0.28437215	0.122663535	-0.11585051	0.09107686	-0.12654057	0.10924091	-0.12439692	0.088186674	-0.078958794
0.12287012	-0.107335985	0.21405682	-0.19235943	0.17496315	-0.12705134	0.14805123	-0.66852576	0.26782262	-0.20168565	0.13366169	-0.21652976	0.9999983	-0.37209204	0.24033305	-0.09485334	0.09390421	-0.367481	0.24220982	-0.18735854	0.06621978	-0.06183288	0.23753048	-0.18292409	0.14860226
-0.099721886	0.0845899	-0.20108224	0.18845539	-0.17842992	0.08640239	-0.10144827	0.259427	-0.383529	0.19955298	-0.08627938	0.1170069	-0.37209204	0.9999979	-0.5687983	0.067106105	-0.06606148	0.22166751	-0.501282	0.25502175	-0.05175082	0.047834065	-0.20893268	0.22021914	-0.19506009
0.108492516	-0.09196458	0.1936679	-0.18559185	0.19441853	-0.0963395	0.10821081	-0.24397948	0.245119	-0.24618533	0.09124749	-0.12581424	0.24033305	-0.5687983	0.9999984	-0.074984625	0.07158416	-0.22140191	0.3045413	-0.4950948	0.057419427	-0.05333996	0.21002164	-0.27450192	0.24407335
-0.09720452	0.0760336	-0.07627656	0.056981333	-0.06084402	0.1511845	-0.15194355	0.0826144	-0.06946165	0.059521277	-0.28810564	0.22989781	-0.09485334	0.067106105	-0.074984625	0.99999845	-0.8366351	0.100288026	-0.07674325	0.059502713	-0.2974914	0.22693753	-0.10303813	0.06198889	-0.053300165
0.08468297	-0.068787165	0.07110892	-0.054319695	0.05752733	-0.1430815	0.13310568	-0.08239333	0.066483594	-0.057558157	0.20769498	-0.28437215	0.09390421	-0.06606148	0.07158416	-0.8366351	0.9999987	-0.11198322	0.07497444	-0.058625467	0.23757303	-0.31824115	0.10183541	-0.061802845	0.051665727
-0.08956964	0.07418699	-0.1527465	0.12586223	-0.13186298	0.085649274	-0.0984299	0.21894631	-0.17895962	0.1387144	-0.0926918	0.122663535	-0.367481	0.22166751	-0.22140191	0.100288026	-0.11198322	0.9999988	-0.38887703	0.20245737	-0.08699158	0.083541766	-0.7359201	0.25088447	-0.19610468
0.094536476	-0.079755306	0.16809049	-0.15580608	0.15681711	-0.08603577	0.09722533	-0.2253424	0.21531673	-0.18065944	0.08459685	-0.11585051	0.24220982	-0.501282	0.3045413	-0.07674325	0.07497444	-0.38887703	0.99999875	-0.4138956	0.060417455	-0.05731865	0.27824163	-0.47017348	0.27292082
-0.08122668	0.0668379	-0.14638154	0.12368741	-0.13787577	0.06954747	-0.08043809	0.16376759	-0.17468394	0.14584312	-0.06897344	0.09107686	-0.18735854	0.25502175	-0.4950948	0.059502713	-0.058625467	0.20245737	-0.4138956	0.9999989	-0.05123991	0.04724529	-0.2424896	0.30686963	-0.62371176
0.052599818	-0.042782698	0.052880023	-0.041151274	0.045091406	-0.07908099	0.07413362	-0.060773827	0.050796814	-0.04556402	0.10271395	-0.12654057	0.06621978	-0.05175082	0.057419427	-0.2974914	0.23757303	-0.08699158	0.060417455	-0.05123991	0.999999	-0.9074161	0.09653507	-0.057147868	0.044746898
-0.048051063	0.03854916	-0.048359476	0.03742851	-0.04097421	0.067874104	-0.06760353	0.055193882	-0.046652462	0.041094746	-0.092711404	0.10924091	-0.06183288	0.047834065	-0.05333996	0.22693753	-0.31824115	0.083541766	-0.05731865	0.04724529	-0.9074161	0.9999988	-0.10440661	0.053847972	-0.042355604
0.090645336	-0.07589222	0.14840956	-0.12736279	0.13528861	-0.089299664	0.098338634	-0.21997683	0.1670927	-0.14952038	0.090857565	-0.12439692	0.23753048	-0.20893268	0.21002164	-0.10303813	0.10183541	-0.7359201	0.27824163	-0.2424896	0.09653507	-0.10440661	0.999999	-0.40213576	0.21638341
-0.07484609	0.061693233	-0.13216999	0.11114544	-0.12178505	0.06623891	-0.076049745	0.15633535	-0.15644625	0.12837332	-0.066705555	0.088186674	-0.18292409	0.22021914	-0.27450192	0.06198889	-0.061802845	0.25088447	-0.47017348	0.30686963	-0.057147868	0.053847972	-0.40213576	0.999999	-0.6413737
0.06726944	-0.055815168	0.11658492	-0.10078718	0.11074572	-0.0601833	0.067919	-0.13926482	0.134689	-0.12223494	0.058737304	-0.078958794	0.14860226	-0.19506009	0.24407335	-0.053300165	0.051665727	-0.19610468	0.27292082	-0.62371176	0.044746898	-0.042355604	0.21638341	-0.6413737	0.999999
