1.0000001	-0.6046937	0.27515256	-0.10270228	0.10049851	-0.5011442	0.3122578	-0.22738577	0.14009374	-0.15961483	0.24161713	-0.26716784	0.17575312	-0.14998531	0.16702984	-0.28019518	0.16555192	-0.14268036	0.14087528	-0.12785651	0.16543365	-0.12719072	0.15429868	-0.11903344	0.09844634
-0.6046937	1.0000001	-0.49304086	0.09533812	-0.09405409	0.2777435	-0.4801635	0.21429634	-0.12953815	0.133937	-0.19304948	0.22066863	-0.16561657	0.12906809	-0.14041987	0.19131199	-0.14296097	0.11704863	-0.120076716	0.10353639	-0.13690434	0.10322969	-0.12925121	0.09749479	-0.08134954
0.27515256	-0.49304086	1.0000001	-0.1913993	0.16384597	-0.2156233	0.23499246	-0.55031943	0.23034135	-0.24781488	0.16861089	-0.21209466	0.2575045	-0.21815637	0.21598971	-0.21850635	0.15297292	-0.14686678	0.17464986	-0.16002433	0.15203834	-0.11799088	0.15759051	-0.14443569	0.11973005
-0.10270228	0.09533812	-0.1913993	0.9999995	-0.81345737	0.07337068	-0.08261406	0.18778162	-0.43063557	0.27933028	-0.06721672	0.08108483	-0.16517946	0.16425402	-0.17607723	0.087717175	-0.073725	0.07735329	-0.123102844	0.10502666	-0.07272955	0.056902483	-0.08510318	0.090575874	-0.07898264
0.10049851	-0.09405409	0.16384597	-0.81345737	0.999999	-0.07484055	0.08194155	-0.19027753	0.28349563	-0.42431748	0.06905885	-0.08385662	0.15678254	-0.1681225	0.184622	-0.09297934	0.07590219	-0.08046189	0.1220181	-0.116276234	0.07541431	-0.059224315	0.087977864	-0.09690032	0.083113156
-0.5011442	0.2777435	-0.2156233	0.07337068	-0.07484055	0.9999991	-0.5710956	0.15519972	-0.104653	0.111580916	-0.4942905	0.2913795	-0.14419137	0.11478297	-0.12964635	0.2589244	-0.1792018	0.13348317	-0.118922174	0.09933388	-0.17680342	0.12728953	-0.15149747	0.09755328	-0.080628864
0.3122578	-0.4801635	0.23499246	-0.08261406	0.08194155	-0.5710956	0.9999985	-0.19378889	0.11661287	-0.12598069	0.27897128	-0.47398993	0.15619497	-0.12749638	0.13715598	-0.25767985	0.18869407	-0.14702934	0.12550524	-0.10748421	0.16643402	-0.13371608	0.1516527	-0.10448642	0.085025534
-0.22738577	0.21429634	-0.55031943	0.18778162	-0.19027753	0.15519972	-0.19378889	0.99999857	-0.41871265	0.25302994	-0.13611792	0.16479139	-0.5165694	0.26822537	-0.2434696	0.16520415	-0.13874705	0.13957751	-0.2020758	0.15991089	-0.1345696	0.10457662	-0.15141636	0.1469231	-0.1251298
0.14009374	-0.12953815	0.23034135	-0.43063557	0.28349563	-0.104653	0.11661287	-0.41871265	0.9999984	-0.5729048	0.09703524	-0.119314246	0.2680245	-0.3775417	0.25090197	-0.12907457	0.10910245	-0.11972229	0.1956271	-0.16568355	0.10620243	-0.08461612	0.1272162	-0.14612816	0.12047681
-0.15961483	0.133937	-0.24781488	0.27933028	-0.42431748	0.111580916	-0.12598069	0.25302994	-0.5729048	0.9999986	-0.10556967	0.12583101	-0.2627824	0.24633767	-0.472564	0.1372344	-0.12078158	0.12694022	-0.20968686	0.19332972	-0.11986456	0.093316436	-0.14354473	0.15413186	-0.14563009
0.24161713	-0.19304948	0.16861089	-0.06721672	0.06905885	-0.4942905	0.27897128	-0.13611792	0.09703524	-0.10556967	0.9999988	-0.52476996	0.13939157	-0.11439814	0.12743251	-0.5653709	0.21587032	-0.160654	0.12402419	-0.103029326	0.2140049	-0.16271973	0.17109174	-0.104104385	0.08393807
-0.26716784	0.22066863	-0.21209466	0.08108483	-0.08385662	0.2913795	-0.47398993	0.16479139	-0.119314246	0.12583101	-0.52476996	0.9999988	-0.19117075	0.14399067	-0.15430546	0.29835376	-0.42902678	0.21613152	-0.16193266	0.12547265	-0.27114496	0.20895876	-0.23449437	0.13055047	-0.10492141
0.17575312	-0.16561657	0.2575045	-0.16517946	0.15678254	-0.14419137	0.15619497	-0.5165694	0.2680245	-0.2627824	0.13939157	-0.19117075	0.9999991	-0.5933066	0.24895951	-0.18851502	0.15855157	-0.1890048	0.2610957	-0.21323791	0.14823022	-0.12220566	0.17958266	-0.20720491	0.15570176
-0.14998531	0.12906809	-0.21815637	0.16425402	-0.1681225	0.11478297	-0.12749638	0.26822537	-0.3775417	0.24633767	-0.11439814	0.14399067	-0.5933066	0.999999	-0.3031905	0.15193054	-0.14889508	0.17782022	-0.498364	0.21223867	-0.13567498	0.11215496	-0.1822898	0.21926549	-0.1777539
0.16702984	-0.14041987	0.21598971	-0.17607723	0.184622	-0.12964635	0.13715598	-0.2434696	0.25090197	-0.472564	0.12743251	-0.15430546	0.24895951	-0.3031905	0.99999875	-0.18309359	0.15045951	-0.16707747	0.2527481	-0.47449705	0.15143216	-0.12097801	0.18634363	-0.25291932	0.23375605
-0.28019518	0.19131199	-0.21850635	0.087717175	-0.09297934	0.2589244	-0.25767985	0.16520415	-0.12907457	0.1372344	-0.5653709	0.29835376	-0.18851502	0.15193054	-0.18309359	0.99999875	-0.31473148	0.21740815	-0.1808627	0.14293236	-0.4686113	0.24879524	-0.28655177	0.1489495	-0.123089425
0.16555192	-0.14296097	0.15297292	-0.073725	0.07590219	-0.1792018	0.18869407	-0.13874705	0.10910245	-0.12078158	0.21587032	-0.42902678	0.15855157	-0.14889508	0.15045951	-0.31473148	0.999999	-0.5399433	0.18938519	-0.14496349	0.2869142	-0.48886862	0.30723494	-0.16327113	0.118298136
-0.14268036	0.11704863	-0.14686678	0.07735329	-0.08046189	0.13348317	-0.14702934	0.13957751	-0.11972229	0.12694022	-0.160654	0.21613152	-0.1890048	0.17782022	-0.16707747	0.21740815	-0.5399433	0.9999991	-0.33271915	0.16952883	-0.25589705	0.26733598	-0.6331389	0.21336813	-0.15385611
0.14087528	-0.120076716	0.17464986	-0.123102844	0.1220181	-0.118922174	0.12550524	-0.2020758	0.1956271	-0.20968686	0.12402419	-0.16193266	0.2610957	-0.498364	0.2527481	-0.1808627	0.18938519	-0.33271915	0.999999	-0.35928515	0.15988454	-0.14857532	0.2503509	-0.5223429	0.26426384
-0.12785651	0.10353639	-0.16002433	0.10502666	-0.116276234	0.09933388	-0.10748421	0.15991089	-0.16568355	0.19332972	-0.103029326	0.12547265	-0.21323791	0.21223867	-0.47449705	0.14293236	-0.14496349	0.16952883	-0.35928515	0.9999989	-0.14155827	0.11633287	-0.21255217	0.30421865	-0.6475662
0.16543365	-0.13690434	0.15203834	-0.07272955	0.07541431	-0.17680342	0.16643402	-0.1345696	0.10620243	-0.11986456	0.2140049	-0.27114496	0.14823022	-0.13567498	0.15143216	-0.4686113	0.2869142	-0.25589705	0.15988454	-0.14155827	0.99999905	-0.67654115	0.26582372	-0.15247995	0.112623826
-0.12719072	0.10322969	-0.11799088	0.056902483	-0.059224315	0.12728953	-0.13371608	0.10457662	-0.08461612	0.093316436	-0.16271973	0.20895876	-0.12220566	0.11215496	-0.12097801	0.24879524	-0.48886862	0.26733598	-0.14857532	0.11633287	-0.67654115	0.9999987	-0.41454023	0.13799128	-0.10086941
0.15429868	-0.12925121	0.15759051	-0.08510318	0.087977864	-0.15149747	0.1516527	-0.15141636	0.1272162	-0.14354473	0.17109174	-0.23449437	0.17958266	-0.1822898	0.18634363	-0.28655177	0.30723494	-0.6331389	0.2503509	-0.21255217	0.26582372	-0.41454023	0.99999857	-0.31698874	0.18096739
-0.11903344	0.09749479	-0.14443569	0.090575874	-0.09690032	0.09755328	-0.10448642	0.1469231	-0.14612816	0.15413186	-0.104104385	0.13055047	-0.20720491	0.21926549	-0.25291932	0.1489495	-0.16327113	0.21336813	-0.5223429	0.30421865	-0.15247995	0.13799128	-0.31698874	0.99999857	-0.6242257
0.09844634	-0.08134954	0.11973005	-0.07898264	0.083113156	-0.080628864	0.085025534	-0.1251298	0.12047681	-0.14563009	0.08393807	-0.10492141	0.15570176	-0.1777539	0.23375605	-0.123089425	0.118298136	-0.15385611	0.26426384	-0.6475662	0.112623826	-0.10086941	0.18096739	-0.6242257	0.99999857
