1.0000001	-0.6313681	0.1345718	-0.095268935	0.1041716	-0.6922765	0.28573105	-0.15749995	0.118268065	-0.07510502	0.11526833	-0.096482135	0.11218375	-0.09419236	0.09760104	-0.05132163	0.09322423	-0.08961266	0.06450581	-0.048640236	0.05003382	-0.07250377	0.055140417	-0.061745245	0.049413756
-0.6313681	0.99999994	-0.22271353	0.14483458	-0.16043656	0.33121425	-0.57455677	0.2279382	-0.18720542	0.11398553	-0.17119743	0.14236335	-0.17188065	0.13838808	-0.14905919	0.07505533	-0.14034382	0.13023579	-0.09537897	0.0714742	-0.07383468	0.10480756	-0.080891244	0.0898297	-0.073158026
0.1345718	-0.22271353	0.99999946	-0.6874736	0.27507806	-0.2092922	0.20873804	-0.37385613	0.29837412	-0.20961875	0.198972	-0.16374446	0.21211255	-0.24371016	0.22405006	-0.1052995	0.1746464	-0.21219784	0.15276735	-0.118309855	0.1035767	-0.17067169	0.12707414	-0.15039286	0.11460436
-0.095268935	0.14483458	-0.6874736	0.9999994	-0.41756833	0.14141172	-0.16368464	0.2619921	-0.46439478	0.23117141	-0.16021806	0.12875266	-0.17865872	0.20854725	-0.23853137	0.08235662	-0.14064404	0.165085	-0.13059382	0.09856012	-0.08207993	0.1310664	-0.10263692	0.11985381	-0.09717041
0.1041716	-0.16043656	0.27507806	-0.41756833	0.9999994	-0.16645207	0.16691735	-0.26678106	0.289656	-0.583202	0.20660722	-0.1632972	0.20996508	-0.2765744	0.3172642	-0.113247216	0.18304554	-0.23179759	0.1703306	-0.1403215	0.111966275	-0.1917698	0.14138028	-0.17142856	0.13118406
-0.6922765	0.33121425	-0.2092922	0.14141172	-0.16645207	0.99999934	-0.49620748	0.21986894	-0.18727401	0.11686248	-0.18855844	0.14680596	-0.17713225	0.14224535	-0.15572302	0.0795356	-0.1476105	0.13531324	-0.09901503	0.07443481	-0.07816858	0.109878324	-0.084659144	0.093598425	-0.07647341
0.28573105	-0.57455677	0.20873804	-0.16368464	0.16691735	-0.49620748	0.99999976	-0.46928495	0.2159115	-0.12929076	0.18493131	-0.20346914	0.20138013	-0.16764139	0.15824237	-0.08668482	0.15881024	-0.15683915	0.11081088	-0.08246017	0.083078675	-0.123297654	0.09318382	-0.10558398	0.08270155
-0.15749995	0.2279382	-0.37385613	0.2619921	-0.26678106	0.21986894	-0.46928495	0.99999964	-0.54770076	0.21048404	-0.22447684	0.19956934	-0.34729803	0.24485235	-0.25042304	0.10661864	-0.19524536	0.20863402	-0.15952605	0.1144415	-0.1052668	0.15686046	-0.12536664	0.14164501	-0.116056405
0.118268065	-0.18720542	0.29837412	-0.46439478	0.289656	-0.18727401	0.2159115	-0.54770076	0.9999999	-0.37055126	0.19122577	-0.16456999	0.23335405	-0.37018317	0.27060398	-0.10000657	0.171507	-0.21447816	0.17829911	-0.1268502	0.099227466	-0.16056938	0.12916693	-0.15576293	0.12212663
-0.07510502	0.11398553	-0.20961875	0.23117141	-0.583202	0.11686248	-0.12929076	0.21048404	-0.37055126	0.9999997	-0.1487427	0.118652225	-0.16324754	0.22063783	-0.63640004	0.0792995	-0.13266173	0.16442333	-0.13486023	0.11430351	-0.07915624	0.13117826	-0.103355534	0.12406336	-0.10855211
0.11526833	-0.17119743	0.198972	-0.16021806	0.20660722	-0.18855844	0.18493131	-0.22447684	0.19122577	-0.1487427	0.9999995	-0.5491118	0.30235305	-0.27127564	0.21153305	-0.28810963	0.32075608	-0.3270998	0.19980918	-0.152868	0.21352127	-0.31857744	0.19729216	-0.22269087	0.1501493
-0.096482135	0.14236335	-0.16374446	0.12875266	-0.1632972	0.14680596	-0.20346914	0.19956934	-0.16456999	0.118652225	-0.5491118	0.9999994	-0.5241654	0.2178903	-0.1685185	0.18951136	-0.5265481	0.26498207	-0.16245745	0.11492416	-0.16691782	0.2137824	-0.14953521	0.15996288	-0.116625994
0.11218375	-0.17188065	0.21211255	-0.17865872	0.20996508	-0.17713225	0.20138013	-0.34729803	0.23335405	-0.16324754	0.30235305	-0.5241654	0.99999934	-0.4051377	0.22187278	-0.16581523	0.29526773	-0.45034882	0.23970005	-0.16147579	0.15312585	-0.2430782	0.18943602	-0.21788059	0.1577701
-0.09419236	0.13838808	-0.24371016	0.20854725	-0.2765744	0.14224535	-0.16764139	0.24485235	-0.37018317	0.22063783	-0.27127564	0.2178903	-0.4051377	0.99999917	-0.36503837	0.13768254	-0.25319883	0.30563772	-0.5241192	0.21084633	-0.14305224	0.21588376	-0.22143722	0.25003538	-0.22467649
0.09760104	-0.14905919	0.22405006	-0.23853137	0.3172642	-0.15572302	0.15824237	-0.25042304	0.27060398	-0.63640004	0.21153305	-0.1685185	0.22187278	-0.36503837	0.9999997	-0.118097305	0.19115745	-0.25334206	0.20264266	-0.19618832	0.11738393	-0.20370413	0.1563061	-0.19551869	0.1651574
-0.05132163	0.07505533	-0.1052995	0.08235662	-0.113247216	0.0795356	-0.08668482	0.10661864	-0.10000657	0.0792995	-0.28810963	0.18951136	-0.16581523	0.13768254	-0.118097305	0.99999964	-0.38260204	0.18214661	-0.12020656	0.0885659	-0.8069307	0.25423458	-0.15889192	0.13675752	-0.09450657
0.09322423	-0.14034382	0.1746464	-0.14064404	0.18304554	-0.1476105	0.15881024	-0.19524536	0.171507	-0.13266173	0.32075608	-0.5265481	0.29526773	-0.25319883	0.19115745	-0.38260204	0.9999996	-0.41394132	0.2091327	-0.15242635	0.2504934	-0.36760184	0.21477808	-0.2300595	0.15137316
-0.08961266	0.13023579	-0.21219784	0.165085	-0.23179759	0.13531324	-0.15683915	0.20863402	-0.21447816	0.16442333	-0.3270998	0.26498207	-0.45034882	0.30563772	-0.25334206	0.18214661	-0.41394132	0.9999995	-0.47409123	0.2118895	-0.19333284	0.26680595	-0.3247866	0.2787363	-0.2392431
0.06450581	-0.09537897	0.15276735	-0.13059382	0.1703306	-0.09901503	0.11081088	-0.15952605	0.17829911	-0.13486023	0.19980918	-0.16245745	0.23970005	-0.5241192	0.20264266	-0.12020656	0.2091327	-0.47409123	0.9999998	-0.36633438	0.12623844	-0.22550546	0.2498107	-0.47573593	0.26368877
-0.048640236	0.0714742	-0.118309855	0.09856012	-0.1403215	0.07443481	-0.08246017	0.1144415	-0.1268502	0.11430351	-0.152868	0.11492416	-0.16147579	0.21084633	-0.19618832	0.0885659	-0.15242635	0.2118895	-0.36633438	0.9999999	-0.09515519	0.15999639	-0.17951724	0.23882695	-0.8376261
0.05003382	-0.07383468	0.1035767	-0.08207993	0.111966275	-0.07816858	0.083078675	-0.1052668	0.099227466	-0.07915624	0.21352127	-0.16691782	0.15312585	-0.14305224	0.11738393	-0.8069307	0.2504934	-0.19333284	0.12623844	-0.09515519	0.9999997	-0.40902025	0.17719196	-0.16080943	0.098877504
-0.07250377	0.10480756	-0.17067169	0.1310664	-0.1917698	0.109878324	-0.123297654	0.15686046	-0.16056938	0.13117826	-0.31857744	0.2137824	-0.2430782	0.21588376	-0.20370413	0.25423458	-0.36760184	0.26680595	-0.22550546	0.15999639	-0.40902025	0.99999976	-0.5780993	0.27731493	-0.18943733
0.055140417	-0.080891244	0.12707414	-0.10263692	0.14138028	-0.084659144	0.09318382	-0.12536664	0.12916693	-0.103355534	0.19729216	-0.14953521	0.18943602	-0.22143722	0.1563061	-0.15889192	0.21477808	-0.3247866	0.2498107	-0.17951724	0.17719196	-0.5780993	0.9999998	-0.6264248	0.188346
-0.061745245	0.0898297	-0.15039286	0.11985381	-0.17142856	0.093598425	-0.10558398	0.14164501	-0.15576293	0.12406336	-0.22269087	0.15996288	-0.21788059	0.25003538	-0.19551869	0.13675752	-0.2300595	0.2787363	-0.47573593	0.23882695	-0.16080943	0.27731493	-0.6264248	0.9999998	-0.3297925
0.049413756	-0.073158026	0.11460436	-0.09717041	0.13118406	-0.07647341	0.08270155	-0.116056405	0.12212663	-0.10855211	0.1501493	-0.116625994	0.1577701	-0.22467649	0.1651574	-0.09450657	0.15137316	-0.2392431	0.26368877	-0.8376261	0.098877504	-0.18943733	0.188346	-0.3297925	0.9999998
