1.0000001	-0.026624545	0.026356129	-0.019149827	0.020429688	-0.04936932	0.03493448	-0.039945602	0.024272226	-0.029343292	0.040705033	-0.034611378	0.034910444	-0.038184743	0.025155703	-0.025917353	0.031500656	-0.03032976	0.033837233	-0.034947615	0.025041174	-0.031956233	0.025131974	-0.027359452	0.05948466
-0.026624545	1.0000001	-0.95365304	0.0999002	-0.10203543	0.13773757	-0.19151333	0.115902394	-0.0776614	0.07570168	-0.09285669	0.102358535	-0.093564145	0.07164076	-0.04883746	0.053847257	-0.075522654	0.06444277	-0.069751576	0.055789933	-0.051387172	0.06356319	-0.04656252	0.047543112	-0.08435279
0.026356129	-0.95365304	1.0000002	-0.11601729	0.1002059	-0.15259902	0.15941045	-0.12610236	0.08037652	-0.08081772	0.092589	-0.107232004	0.09399356	-0.07521089	0.050601475	-0.055662073	0.075901754	-0.06652509	0.07063941	-0.058481917	0.052103877	-0.06614431	0.047456518	-0.048927665	0.084231764
-0.019149827	0.0999002	-0.11601729	1.0	-0.8283452	0.09616516	-0.09499035	0.151509	-0.43037027	0.27704713	-0.095078915	0.09137163	-0.1267723	0.15382141	-0.119304255	0.059971493	-0.0857727	0.088399194	-0.11375019	0.11634091	-0.059721123	0.07659537	-0.06528717	0.06810261	-0.1434664
0.020429688	-0.10203543	0.1002059	-0.8283452	0.9999999	-0.106252104	0.09819184	-0.16474742	0.28893825	-0.40479228	0.09898714	-0.09816645	0.12859964	-0.17718753	0.13692303	-0.06445676	0.09034081	-0.0954918	0.11873174	-0.1431733	0.063141055	-0.08304828	0.069113284	-0.07342181	0.14778414
-0.04936932	0.13773757	-0.15259902	0.09616516	-0.106252104	0.99999976	-0.6691791	0.2695157	-0.13540854	0.13917437	-0.4774787	0.29309818	-0.27135313	0.17654918	-0.117992625	0.19682632	-0.24803576	0.18750764	-0.20608649	0.13860089	-0.19288467	0.19964623	-0.14389558	0.1421321	-0.25327837
0.03493448	-0.19151333	0.15941045	-0.09499035	0.09819184	-0.6691791	0.9999997	-0.42094338	0.13537066	-0.13873522	0.26825106	-0.4449288	0.2604424	-0.16220604	0.10395832	-0.15146716	0.21879065	-0.17435966	0.17072642	-0.121978775	0.13909294	-0.17441943	0.11836697	-0.11945914	0.19106127
-0.039945602	0.115902394	-0.12610236	0.151509	-0.16474742	0.2695157	-0.42094338	0.9999998	-0.30914485	0.22496504	-0.2791487	0.28271368	-0.6191422	0.24292092	-0.16580905	0.15820438	-0.24545154	0.23652558	-0.26019254	0.17524771	-0.15977806	0.19290152	-0.15944204	0.15696423	-0.29624385
0.024272226	-0.0776614	0.08037652	-0.43037027	0.28893825	-0.13540854	0.13537066	-0.30914485	0.99999946	-0.70598084	0.13335323	-0.13322635	0.19637997	-0.3042687	0.1983939	-0.08493845	0.12381924	-0.13320197	0.17120309	-0.185212	0.08435529	-0.109541774	0.09368823	-0.098069936	0.20069537
-0.029343292	0.07570168	-0.08081772	0.27704713	-0.40479228	0.13917437	-0.13873522	0.22496504	-0.70598084	0.9999993	-0.15433384	0.14143564	-0.20981786	0.25507826	-0.30044025	0.09652224	-0.1402927	0.14505821	-0.19651419	0.21302684	-0.098074265	0.1242917	-0.1112742	0.11517337	-0.26560357
0.040705033	-0.09285669	0.092589	-0.095078915	0.09898714	-0.4774787	0.26825106	-0.2791487	0.13335323	-0.15433384	0.99999946	-0.4193761	0.24207285	-0.20217094	0.12555456	-0.50382257	0.26902118	-0.21695942	0.20432071	-0.16140647	0.27286267	-0.3221267	0.17087458	-0.18168947	0.2291848
-0.034611378	0.102358535	-0.107232004	0.09137163	-0.09816645	0.29309818	-0.4449288	0.28271368	-0.13322635	0.14143564	-0.4193761	0.9999997	-0.42374593	0.196651	-0.12246015	0.20768179	-0.5252792	0.25483936	-0.23948963	0.14434227	-0.20277347	0.24572246	-0.16511703	0.15809165	-0.23594184
0.034910444	-0.093564145	0.09399356	-0.1267723	0.12859964	-0.27135313	0.2604424	-0.6191422	0.19637997	-0.20981786	0.24207285	-0.42374593	0.9999994	-0.32167432	0.16623147	-0.16331606	0.26524708	-0.3837576	0.26770988	-0.18971345	0.15371485	-0.21618007	0.16649173	-0.17042084	0.24839231
-0.038184743	0.07164076	-0.07521089	0.15382141	-0.17718753	0.17654918	-0.16220604	0.24292092	-0.3042687	0.25507826	-0.20217094	0.196651	-0.32167432	0.9999991	-0.49398166	0.13567485	-0.21419547	0.25060233	-0.48565146	0.29716477	-0.13792229	0.18375316	-0.17431647	0.18053316	-0.39468935
0.025155703	-0.04883746	0.050601475	-0.119304255	0.13692303	-0.117992625	0.10395832	-0.16580905	0.1983939	-0.30044025	0.12555456	-0.12246015	0.16623147	-0.49398166	0.9999991	-0.08666972	0.12512085	-0.14529687	0.20552512	-0.73140174	0.08603645	-0.1178649	0.10632252	-0.11664306	0.26170617
-0.025917353	0.053847257	-0.055662073	0.059971493	-0.06445676	0.19682632	-0.15146716	0.15820438	-0.08493845	0.09652224	-0.50382257	0.20768179	-0.16331606	0.13567485	-0.08666972	0.99999905	-0.26536563	0.16411133	-0.16579448	0.10874463	-0.7157645	0.28247383	-0.15444751	0.14148675	-0.19372852
0.031500656	-0.075522654	0.075901754	-0.0857727	0.09034081	-0.24803576	0.21879065	-0.24545154	0.12381924	-0.1402927	0.26902118	-0.5252792	0.26524708	-0.21419547	0.12512085	-0.26536563	0.9999989	-0.4734072	0.26330638	-0.15694562	0.23046683	-0.46947533	0.21262793	-0.20640743	0.23153895
-0.03032976	0.06444277	-0.06652509	0.088399194	-0.0954918	0.18750764	-0.17435966	0.23652558	-0.13320197	0.14505821	-0.21695942	0.25483936	-0.3837576	0.25060233	-0.14529687	0.16411133	-0.4734072	0.999999	-0.614468	0.16784836	-0.16775829	0.24751565	-0.29481065	0.22558297	-0.2661558
0.033837233	-0.069751576	0.07063941	-0.11375019	0.11873174	-0.20608649	0.17072642	-0.26019254	0.17120309	-0.19651419	0.20432071	-0.23948963	0.26770988	-0.48565146	0.20552512	-0.16579448	0.26330638	-0.614468	0.99999887	-0.25361842	0.15635756	-0.24906304	0.22053431	-0.2673453	0.27284294
-0.034947615	0.055789933	-0.058481917	0.11634091	-0.1431733	0.13860089	-0.121978775	0.17524771	-0.185212	0.21302684	-0.16140647	0.14434227	-0.18971345	0.29716477	-0.73140174	0.10874463	-0.15694562	0.16784836	-0.25361842	0.9999992	-0.11124511	0.14769259	-0.14483309	0.15525344	-0.46125183
0.025041174	-0.051387172	0.052103877	-0.059721123	0.063141055	-0.19288467	0.13909294	-0.15977806	0.08435529	-0.098074265	0.27286267	-0.20277347	0.15371485	-0.13792229	0.08603645	-0.7157645	0.23046683	-0.16775829	0.15635756	-0.11124511	0.9999987	-0.5218219	0.17248777	-0.16992554	0.17868067
-0.031956233	0.06356319	-0.06614431	0.07659537	-0.08304828	0.19964623	-0.17441943	0.19290152	-0.109541774	0.1242917	-0.3221267	0.24572246	-0.21618007	0.18375316	-0.1178649	0.28247383	-0.46947533	0.24751565	-0.24906304	0.14769259	-0.5218219	0.99999857	-0.39021912	0.24904178	-0.293073
0.025131974	-0.04656252	0.047456518	-0.06528717	0.069113284	-0.14389558	0.11836697	-0.15944204	0.09368823	-0.1112742	0.17087458	-0.16511703	0.16649173	-0.17431647	0.10632252	-0.15444751	0.21262793	-0.29481065	0.22053431	-0.14483309	0.17248777	-0.39021912	0.99999833	-0.7803316	0.25298145
-0.027359452	0.047543112	-0.048927665	0.06810261	-0.07342181	0.1421321	-0.11945914	0.15696423	-0.098069936	0.11517337	-0.18168947	0.15809165	-0.17042084	0.18053316	-0.11664306	0.14148675	-0.20640743	0.22558297	-0.2673453	0.15525344	-0.16992554	0.24904178	-0.7803316	0.9999983	-0.40751433
0.05948466	-0.08435279	0.084231764	-0.1434664	0.14778414	-0.25327837	0.19106127	-0.29624385	0.20069537	-0.26560357	0.2291848	-0.23594184	0.24839231	-0.39468935	0.26170617	-0.19372852	0.23153895	-0.2661558	0.27284294	-0.46125183	0.17868067	-0.293073	0.25298145	-0.40751433	0.9999983
