1.0000001	-0.45592624	0.23633409	-0.15757829	0.0904294	-0.750608	0.3006051	-0.27040026	0.12633486	-0.06798495	0.18904689	-0.2091138	0.17586884	-0.12948751	0.12591937	-0.13681458	0.14339532	-0.1404759	0.09451081	-0.1111251	0.15462422	-0.09021637	0.07615892	-0.09860107	0.09721232
-0.45592624	1.0000001	-0.5640321	0.18096134	-0.100663714	0.2868655	-0.5378642	0.2988738	-0.15398234	0.07434495	-0.18660492	0.21719159	-0.20406248	0.1406343	-0.14056803	0.1288841	-0.15551528	0.13771126	-0.09676489	0.110896386	-0.15863258	0.08807534	-0.07665431	0.09776355	-0.10040649
0.23633409	-0.5640321	1.0	-0.34667477	0.11737673	-0.2310881	0.28566885	-0.5984248	0.22662677	-0.089887284	0.16778018	-0.20777234	0.22809798	-0.18454804	0.16420624	-0.12564999	0.14578846	-0.15250218	0.10933727	-0.12865312	0.15914911	-0.09679865	0.08275067	-0.11150054	0.11148039
-0.15757829	0.18096134	-0.34667477	1.0	-0.1957467	0.13715413	-0.17880036	0.2697972	-0.75122917	0.14120542	-0.15525621	0.16540474	-0.293254	0.27852812	-0.2679413	0.11536276	-0.13674791	0.1529236	-0.12963718	0.14802541	-0.16263491	0.09673694	-0.08613059	0.12279179	-0.13230576
0.0904294	-0.100663714	0.11737673	-0.1957467	1.0000002	-0.09106454	0.10333545	-0.15056944	0.14962515	-0.82481265	0.12289862	-0.13613535	0.17989892	-0.22786446	0.28973523	-0.10092284	0.116561614	-0.16123693	0.12730865	-0.18187019	0.1445748	-0.10346159	0.08681494	-0.13407293	0.12954985
-0.750608	0.2868655	-0.2310881	0.13715413	-0.09106454	1.0	-0.46328875	0.22780031	-0.11911285	0.067081265	-0.25171787	0.21618913	-0.18373823	0.1239318	-0.12686336	0.14868686	-0.15885286	0.1375052	-0.09360129	0.10726247	-0.16817234	0.088447586	-0.07641583	0.09568586	-0.09725355
0.3006051	-0.5378642	0.28566885	-0.17880036	0.10333545	-0.46328875	1.0	-0.42084646	0.15292259	-0.0776352	0.2155782	-0.41206208	0.22199441	-0.1529439	0.1458781	-0.15786187	0.19285719	-0.16720003	0.11035108	-0.12568276	0.17317133	-0.10429147	0.08901377	-0.1120671	0.11130923
-0.27040026	0.2988738	-0.5984248	0.2697972	-0.15056944	0.22780031	-0.42084646	1.0000002	-0.32801658	0.11192335	-0.21184167	0.23755589	-0.36486033	0.22632718	-0.21495166	0.15053706	-0.18088743	0.17649749	-0.13172403	0.15103817	-0.20001058	0.112022	-0.0984337	0.1305393	-0.13645703
0.12633486	-0.15398234	0.22662677	-0.75122917	0.14962515	-0.11911285	0.15292259	-0.32801658	1.0000001	-0.12808616	0.13056423	-0.14922853	0.24952997	-0.44527784	0.22380738	-0.10027873	0.11962869	-0.14404899	0.12451588	-0.14043957	0.13651682	-0.08849704	0.077898145	-0.116548404	0.11665571
-0.06798495	0.07434495	-0.089887284	0.14120542	-0.82481265	0.067081265	-0.0776352	0.11192335	-0.12808616	0.99999994	-0.09203593	0.10033827	-0.15275286	0.18735094	-0.4564664	0.074266315	-0.08716441	0.11712646	-0.09997274	0.13996229	-0.10688533	0.074607596	-0.06432264	0.09973949	-0.10404719
0.18904689	-0.18660492	0.16778018	-0.15525621	0.12289862	-0.25171787	0.2155782	-0.21184167	0.13056423	-0.09203593	0.99999994	-0.44275323	0.23452209	-0.16955231	0.17209704	-0.6236148	0.30346453	-0.26848128	0.1595518	-0.1839618	0.30330852	-0.1686056	0.13733794	-0.16888091	0.15798603
-0.2091138	0.21719159	-0.20777234	0.16540474	-0.13613535	0.21618913	-0.41206208	0.23755589	-0.14922853	0.10033827	-0.44275323	0.9999999	-0.3797226	0.19374713	-0.19593523	0.2751776	-0.52422917	0.2565924	-0.16710159	0.17492503	-0.27790874	0.15872175	-0.14207292	0.16019385	-0.16360705
0.17586884	-0.20406248	0.22809798	-0.293254	0.17989892	-0.18373823	0.22199441	-0.36486033	0.24952997	-0.15275286	0.23452209	-0.3797226	0.9999999	-0.5284231	0.27805075	-0.19408104	0.23549126	-0.31011268	0.21177813	-0.24940133	0.23948874	-0.17679523	0.14865454	-0.21318589	0.19657917
-0.12948751	0.1406343	-0.18454804	0.27852812	-0.22786446	0.1239318	-0.1529439	0.22632718	-0.44527784	0.18735094	-0.16955231	0.19374713	-0.5284231	1.0	-0.5192836	0.13239492	-0.1647866	0.20910676	-0.23627761	0.21777081	-0.18177156	0.1248442	-0.113650866	0.17668399	-0.18187568
0.12591937	-0.14056803	0.16420624	-0.2679413	0.28973523	-0.12686336	0.1458781	-0.21495166	0.22380738	-0.4564664	0.17209704	-0.19593523	0.27805075	-0.5192836	1.0000004	-0.1420632	0.16882603	-0.2403706	0.20917521	-0.33490506	0.1971165	-0.14840889	0.12721197	-0.2060608	0.20407605
-0.13681458	0.1288841	-0.12564999	0.11536276	-0.10092284	0.14868686	-0.15786187	0.15053706	-0.10027873	0.074266315	-0.6236148	0.2751776	-0.19408104	0.13239492	-0.1420632	1.0000002	-0.48326614	0.23186655	-0.14029509	0.1486468	-0.4924909	0.14601761	-0.12603717	0.13905387	-0.13594383
0.14339532	-0.15551528	0.14578846	-0.13674791	0.116561614	-0.15885286	0.19285719	-0.18088743	0.11962869	-0.08716441	0.30346453	-0.52422917	0.23549126	-0.1647866	0.16882603	-0.48326614	1.0000005	-0.48195037	0.20243245	-0.20183659	0.2665441	-0.23795392	0.18463263	-0.19431162	0.17592752
-0.1404759	0.13771126	-0.15250218	0.1529236	-0.16123693	0.1375052	-0.16720003	0.17649749	-0.14404899	0.11712646	-0.26848128	0.2565924	-0.31011268	0.20910676	-0.2403706	0.23186655	-0.48195037	1.0000001	-0.50320035	0.27513903	-0.29592142	0.23354587	-0.29139322	0.27378243	-0.2848826
0.09451081	-0.09676489	0.10933727	-0.12963718	0.12730865	-0.09360129	0.11035108	-0.13172403	0.12451588	-0.09997274	0.1595518	-0.16710159	0.21177813	-0.23627761	0.20917521	-0.14029509	0.20243245	-0.50320035	1.0000001	-0.53662556	0.17985868	-0.182126	0.18688925	-0.53289974	0.31312707
-0.1111251	0.110896386	-0.12865312	0.14802541	-0.18187019	0.10726247	-0.12568276	0.15103817	-0.14043957	0.13996229	-0.1839618	0.17492503	-0.24940133	0.21777081	-0.33490506	0.1486468	-0.20183659	0.27513903	-0.53662556	1.0000005	-0.21835805	0.17110589	-0.1747805	0.31808868	-0.58776337
0.15462422	-0.15863258	0.15914911	-0.16263491	0.1445748	-0.16817234	0.17317133	-0.20001058	0.13651682	-0.10688533	0.30330852	-0.27790874	0.23948874	-0.18177156	0.1971165	-0.4924909	0.2665441	-0.29592142	0.17985868	-0.21835805	1.0	-0.20393082	0.15890817	-0.20065714	0.1849454
-0.09021637	0.08807534	-0.09679865	0.09673694	-0.10346159	0.088447586	-0.10429147	0.112022	-0.08849704	0.074607596	-0.1686056	0.15872175	-0.17679523	0.1248442	-0.14840889	0.14601761	-0.23795392	0.23354587	-0.182126	0.17110589	-0.20393082	0.9999998	-0.8534957	0.22511762	-0.22900379
0.07615892	-0.07665431	0.08275067	-0.08613059	0.08681494	-0.07641583	0.08901377	-0.0984337	0.077898145	-0.06432264	0.13733794	-0.14207292	0.14865454	-0.113650866	0.12721197	-0.12603717	0.18463263	-0.29139322	0.18688925	-0.1747805	0.15890817	-0.8534957	0.9999997	-0.30804914	0.20231313
-0.09860107	0.09776355	-0.11150054	0.12279179	-0.13407293	0.09568586	-0.1120671	0.1305393	-0.116548404	0.09973949	-0.16888091	0.16019385	-0.21318589	0.17668399	-0.2060608	0.13905387	-0.19431162	0.27378243	-0.53289974	0.31808868	-0.20065714	0.22511762	-0.30804914	0.99999976	-0.6293945
0.09721232	-0.10040649	0.11148039	-0.13230576	0.12954985	-0.09725355	0.11130923	-0.13645703	0.11665571	-0.10404719	0.15798603	-0.16360705	0.19657917	-0.18187568	0.20407605	-0.13594383	0.17592752	-0.2848826	0.31312707	-0.58776337	0.1849454	-0.22900379	0.20231313	-0.6293945	0.99999976
