1.0	-0.58969367	0.07248125	-0.07251297	0.105326	-0.52102256	0.30428624	-0.13979836	0.10989082	-0.08184898	0.28875816	-0.17499247	0.12078293	-0.11128047	0.13779628	-0.36854637	0.15855637	-0.13792667	0.0992918	-0.107188895	0.09662586	-0.08155536	0.09859572	-0.105717644	0.12324165
-0.58969367	1.0000001	-0.0723774	0.06703061	-0.084479176	0.23036927	-0.6887322	0.115985796	-0.09096196	0.06516074	-0.23318286	0.16790088	-0.108728275	0.08709945	-0.10402886	0.23131199	-0.15801701	0.11333228	-0.07871435	0.0805322	-0.073719904	0.062285274	-0.075593345	0.079020165	-0.0919252
0.07248125	-0.0723774	1.0	-0.901553	0.18156673	-0.04954093	0.08792425	-0.2908269	0.18470736	-0.14536266	0.06717824	-0.08401504	0.1257445	-0.12209719	0.12957686	-0.11145482	0.087552816	-0.12480914	0.09756835	-0.095251694	0.05673373	-0.04647219	0.07165398	-0.07761058	0.09634138
-0.07251297	0.06703061	-0.901553	1.0000001	-0.24199122	0.048800446	-0.087324	0.21601398	-0.21824044	0.15457262	-0.06738208	0.08017989	-0.12088964	0.12174924	-0.13962258	0.10815361	-0.0865837	0.11542743	-0.099848144	0.09597345	-0.057454713	0.04656186	-0.07295081	0.07751231	-0.09928115
0.105326	-0.084479176	0.18156673	-0.24199122	1.0000002	-0.075490594	0.12339555	-0.3074031	0.29424888	-0.72628915	0.10768899	-0.1278734	0.16980551	-0.23310083	0.28134385	-0.21337992	0.13595799	-0.20390111	0.1718627	-0.2033617	0.10018224	-0.082633935	0.12715991	-0.14613509	0.1845376
-0.52102256	0.23036927	-0.04954093	0.048800446	-0.075490594	1.0000004	-0.26613337	0.09961276	-0.07989139	0.058190987	-0.7369092	0.15142268	-0.09636563	0.079468325	-0.09751807	0.24272494	-0.14089952	0.102772705	-0.07212133	0.07515956	-0.071094	0.059435003	-0.071573846	0.0744969	-0.087173305
0.30428624	-0.6887322	0.08792425	-0.087324	0.12339555	-0.26613337	1.0000002	-0.18368317	0.13415249	-0.096727274	0.22950117	-0.30416456	0.16181265	-0.13391988	0.15655166	-0.37829852	0.21719085	-0.1769341	0.119329184	-0.12388468	0.110781826	-0.09525226	0.114197426	-0.12231119	0.13965484
-0.13979836	0.115985796	-0.2908269	0.21601398	-0.3074031	0.09961276	-0.18368317	1.0000005	-0.54097396	0.23674479	-0.14289507	0.20129949	-0.48419887	0.25643018	-0.2712802	0.2124828	-0.21938868	0.28137544	-0.23113912	0.19047605	-0.12715207	0.10251704	-0.16299532	0.16433029	-0.2089127
0.10989082	-0.09096196	0.18470736	-0.21824044	0.29424888	-0.07989139	0.13415249	-0.54097396	1.0000004	-0.46396253	0.11305256	-0.15406059	0.2347291	-0.4410859	0.2648461	-0.20431913	0.16063525	-0.26284963	0.23857881	-0.20991424	0.110989414	-0.09166701	0.14727373	-0.16970441	0.19427772
-0.08184898	0.06516074	-0.14536266	0.15457262	-0.72628915	0.058190987	-0.096727274	0.23674479	-0.46396253	1.0000002	-0.08351993	0.09976002	-0.14013937	0.204225	-0.38049588	0.15628237	-0.10832031	0.15722315	-0.15321334	0.17014183	-0.08030936	0.06553392	-0.10432337	0.11705568	-0.15494072
0.28875816	-0.23318286	0.06717824	-0.06738208	0.10768899	-0.7369092	0.22950117	-0.14289507	0.11305256	-0.08351993	1.0000001	-0.23118885	0.13316111	-0.11565621	0.14197908	-0.41775346	0.18468815	-0.14864174	0.104003526	-0.11045226	0.104306184	-0.087911434	0.104189545	-0.110298134	0.12761205
-0.17499247	0.16790088	-0.08401504	0.08017989	-0.1278734	0.15142268	-0.30416456	0.20129949	-0.15406059	0.09976002	-0.23118885	1.0	-0.38333604	0.15247034	-0.15275267	0.24744397	-0.75029266	0.26234958	-0.14530702	0.12410144	-0.13360116	0.11942056	-0.13029855	0.1278066	-0.1369573
0.12078293	-0.108728275	0.1257445	-0.12088964	0.16980551	-0.09636563	0.16181265	-0.48419887	0.2347291	-0.14013937	0.13316111	-0.38333604	0.9999999	-0.26334846	0.1889202	-0.20354626	0.26878694	-0.6428905	0.22298236	-0.16528614	0.115379594	-0.09960091	0.14690007	-0.15625608	0.1660615
-0.11128047	0.08709945	-0.12209719	0.12174924	-0.23310083	0.079468325	-0.13391988	0.25643018	-0.4410859	0.204225	-0.11565621	0.15247034	-0.26334846	0.9999996	-0.32124084	0.19372034	-0.17612654	0.26292935	-0.64996064	0.2572918	-0.14258532	0.11302656	-0.21145532	0.22308184	-0.2627583
0.13779628	-0.10402886	0.12957686	-0.13962258	0.28134385	-0.09751807	0.15655166	-0.2712802	0.2648461	-0.38049588	0.14197908	-0.15275267	0.1889202	-0.32124084	0.9999995	-0.2973527	0.16795081	-0.23615175	0.24276857	-0.44318825	0.13724057	-0.11291173	0.17594288	-0.20840944	0.29766753
-0.36854637	0.23131199	-0.11145482	0.10815361	-0.21337992	0.24272494	-0.37829852	0.2124828	-0.20431913	0.15628237	-0.41775346	0.24744397	-0.20354626	0.19372034	-0.2973527	0.9999994	-0.33480233	0.2209771	-0.1861963	0.2016487	-0.27065814	0.1819676	-0.22703774	0.20297332	-0.27036443
0.15855637	-0.15801701	0.087552816	-0.0865837	0.13595799	-0.14089952	0.21719085	-0.21938868	0.16063525	-0.10832031	0.18468815	-0.75029266	0.26878694	-0.17612654	0.16795081	-0.33480233	0.99999934	-0.3626011	0.16438442	-0.14453937	0.15901497	-0.16960187	0.15196373	-0.1555047	0.15398741
-0.13792667	0.11333228	-0.12480914	0.11542743	-0.20390111	0.102772705	-0.1769341	0.28137544	-0.26284963	0.15722315	-0.14864174	0.26234958	-0.6428905	0.26292935	-0.23615175	0.2209771	-0.3626011	0.9999991	-0.38017407	0.20288731	-0.15105042	0.1265712	-0.21191035	0.19898006	-0.21903066
0.0992918	-0.07871435	0.09756835	-0.099848144	0.1718627	-0.07212133	0.119329184	-0.23113912	0.23857881	-0.15321334	0.104003526	-0.14530702	0.22298236	-0.64996064	0.24276857	-0.1861963	0.16438442	-0.38017407	0.9999989	-0.39438224	0.13719441	-0.11499145	0.2175408	-0.3469403	0.25581253
-0.107188895	0.0805322	-0.095251694	0.09597345	-0.2033617	0.07515956	-0.12388468	0.19047605	-0.20991424	0.17014183	-0.11045226	0.12410144	-0.16528614	0.2572918	-0.44318825	0.2016487	-0.14453937	0.20288731	-0.39438224	0.999999	-0.1344036	0.107011095	-0.19380617	0.21829133	-0.6854298
0.09662586	-0.073719904	0.05673373	-0.057454713	0.10018224	-0.071094	0.110781826	-0.12715207	0.110989414	-0.08030936	0.104306184	-0.13360116	0.115379594	-0.14258532	0.13724057	-0.27065814	0.15901497	-0.15105042	0.13719441	-0.1344036	0.99999917	-0.82968426	0.27270502	-0.30130666	0.14498621
-0.08155536	0.062285274	-0.04647219	0.04656186	-0.082633935	0.059435003	-0.09525226	0.10251704	-0.09166701	0.06553392	-0.087911434	0.11942056	-0.09960091	0.11302656	-0.11291173	0.1819676	-0.16960187	0.1265712	-0.11499145	0.107011095	-0.82968426	0.9999992	-0.41928914	0.23725408	-0.12229438
0.09859572	-0.075593345	0.07165398	-0.07295081	0.12715991	-0.071573846	0.114197426	-0.16299532	0.14727373	-0.10432337	0.104189545	-0.13029855	0.14690007	-0.21145532	0.17594288	-0.22703774	0.15196373	-0.21191035	0.2175408	-0.19380617	0.27270502	-0.41928914	0.9999989	-0.73455846	0.20307942
-0.105717644	0.079020165	-0.07761058	0.07751231	-0.14613509	0.0744969	-0.12231119	0.16433029	-0.16970441	0.11705568	-0.110298134	0.1278066	-0.15625608	0.22308184	-0.20840944	0.20297332	-0.1555047	0.19898006	-0.3469403	0.21829133	-0.30130666	0.23725408	-0.73455846	0.9999989	-0.29609576
0.12324165	-0.0919252	0.09634138	-0.09928115	0.1845376	-0.087173305	0.13965484	-0.2089127	0.19427772	-0.15494072	0.12761205	-0.1369573	0.1660615	-0.2627583	0.29766753	-0.27036443	0.15398741	-0.21903066	0.25581253	-0.6854298	0.14498621	-0.12229438	0.20307942	-0.29609576	0.9999989
