1.0000001	-0.5526149	0.1738813	-0.10177974	0.097647145	-0.72706	0.32588297	-0.13830662	0.08739912	-0.07791674	0.10940573	-0.12662762	0.110500164	-0.1004979	0.06965038	-0.05068166	0.08980739	-0.087750144	0.07278409	-0.08947495	0.053273056	-0.124819115	0.07761666	-0.0794242	0.099993825
-0.5526149	1.0	-0.30496645	0.12720175	-0.12265731	0.3182019	-0.67272526	0.16152084	-0.103029214	0.088420354	-0.11065428	0.14272957	-0.13096848	0.10858846	-0.07705096	0.054756828	-0.104987234	0.095263906	-0.07930786	0.09542202	-0.05876789	0.12724665	-0.08465076	0.08438205	-0.107962914
0.1738813	-0.30496645	1.0	-0.47952157	0.2797537	-0.15483685	0.19551536	-0.54663503	0.24365431	-0.21796358	0.17002279	-0.20384584	0.27209866	-0.24879085	0.17041239	-0.08719943	0.15014917	-0.18891336	0.16155867	-0.21512371	0.09054177	-0.24641521	0.15977986	-0.17514274	0.20206302
-0.10177974	0.12720175	-0.47952157	0.9999996	-0.7034615	0.08464954	-0.11256041	0.23214145	-0.3784198	0.2530967	-0.11596798	0.12404808	-0.18257475	0.19488958	-0.16326913	0.056390136	-0.096566446	0.123099305	-0.120412625	0.17356937	-0.059355147	0.15611607	-0.109550804	0.12247036	-0.15524389
0.097647145	-0.12265731	0.2797537	-0.7034615	0.9999997	-0.089304596	0.108216755	-0.25943595	0.29707506	-0.40915176	0.14675921	-0.158127	0.19847396	-0.25102642	0.20944192	-0.07228171	0.12118079	-0.15634993	0.15173924	-0.24674545	0.07529845	-0.21008366	0.13793756	-0.1604252	0.1940063
-0.72706	0.3182019	-0.15483685	0.08464954	-0.089304596	0.99999934	-0.5759422	0.113944255	-0.077695034	0.0672121	-0.11710905	0.12669574	-0.10325886	0.08675489	-0.06158245	0.050065562	-0.093579985	0.07992855	-0.06594046	0.07711926	-0.053784426	0.110766836	-0.07226182	0.07049808	-0.09393665
0.32588297	-0.67272526	0.19551536	-0.11256041	0.108216755	-0.5759422	0.9999993	-0.16097237	0.09735917	-0.085742645	0.120891064	-0.19897635	0.12975846	-0.11136271	0.07717313	-0.062443163	0.122600324	-0.10391979	0.08330961	-0.097876765	0.06595986	-0.1419444	0.09104443	-0.08955578	0.112344705
-0.13830662	0.16152084	-0.54663503	0.23214145	-0.25943595	0.113944255	-0.16097237	0.9999989	-0.29414627	0.19651133	-0.1599316	0.18264014	-0.62191963	0.23673844	-0.1676641	0.08070407	-0.14785878	0.19751528	-0.16600926	0.18534286	-0.08610355	0.20639172	-0.16991544	0.1640668	-0.20067199
0.08739912	-0.103029214	0.24365431	-0.3784198	0.29707506	-0.077695034	0.09735917	-0.29414627	0.99999875	-0.659072	0.14190857	-0.14766105	0.22165997	-0.3831369	0.27526402	-0.06914032	0.11836666	-0.1627454	0.17997773	-0.28523675	0.07277373	-0.19329055	0.14473674	-0.17614913	0.21000174
-0.07791674	0.088420354	-0.21796358	0.2530967	-0.40915176	0.0672121	-0.085742645	0.19651133	-0.659072	0.99999857	-0.12712353	0.12299785	-0.19013526	0.2665129	-0.47175363	0.059079964	-0.10065586	0.13446747	-0.15650196	0.2627862	-0.06284056	0.16079025	-0.124605775	0.1447514	-0.21135303
0.10940573	-0.11065428	0.17002279	-0.11596798	0.14675921	-0.11710905	0.120891064	-0.1599316	0.14190857	-0.12712353	0.99999887	-0.3106095	0.19309357	-0.19651344	0.13611583	-0.19632624	0.21258584	-0.1991001	0.16026327	-0.18546274	0.17389394	-0.3920594	0.18628317	-0.18791638	0.28245893
-0.12662762	0.14272957	-0.20384584	0.12404808	-0.158127	0.12669574	-0.19897635	0.18264014	-0.14766105	0.12299785	-0.3106095	0.99999875	-0.2883049	0.18407054	-0.13048103	0.20033687	-0.71407354	0.25187162	-0.18188925	0.15751456	-0.2295638	0.28938946	-0.23218335	0.17781475	-0.24277161
0.110500164	-0.13096848	0.27209866	-0.18257475	0.19847396	-0.10325886	0.12975846	-0.62191963	0.22165997	-0.19013526	0.19309357	-0.2883049	0.9999988	-0.37109923	0.19003387	-0.11058689	0.20826825	-0.365229	0.22686997	-0.23056442	0.11405075	-0.29518422	0.23160547	-0.23620781	0.2346276
-0.1004979	0.10858846	-0.24879085	0.19488958	-0.25102642	0.08675489	-0.11136271	0.23673844	-0.3831369	0.2665129	-0.19651344	0.18407054	-0.37109923	0.9999986	-0.45520133	0.09131849	-0.16327117	0.2381567	-0.45236558	0.30043128	-0.098749764	0.23342215	-0.22935988	0.2642206	-0.33440068
0.06965038	-0.07705096	0.17041239	-0.16326913	0.20944192	-0.06158245	0.07717313	-0.1676641	0.27526402	-0.47175363	0.13611583	-0.13048103	0.19003387	-0.45520133	0.9999987	-0.06381704	0.109109074	-0.15529284	0.20415767	-0.6416558	0.06772783	-0.17649995	0.14289576	-0.18299933	0.24703358
-0.05068166	0.054756828	-0.08719943	0.056390136	-0.07228171	0.050065562	-0.062443163	0.08070407	-0.06914032	0.059079964	-0.19632624	0.20033687	-0.11058689	0.09131849	-0.06381704	0.999999	-0.2899933	0.12907407	-0.08905749	0.080165364	-0.8984527	0.1992966	-0.1178939	0.093704164	-0.12315962
0.08980739	-0.104987234	0.15014917	-0.096566446	0.12118079	-0.093579985	0.122600324	-0.14785878	0.11836666	-0.10065586	0.21258584	-0.71407354	0.20826825	-0.16327117	0.109109074	-0.2899933	0.9999991	-0.36611328	0.17114095	-0.13541086	0.2218894	-0.3921846	0.22911735	-0.1754318	0.19311678
-0.087750144	0.095263906	-0.18891336	0.123099305	-0.15634993	0.07992855	-0.10391979	0.19751528	-0.1627454	0.13446747	-0.1991001	0.25187162	-0.365229	0.2381567	-0.15529284	0.12907407	-0.36611328	0.999999	-0.41365612	0.18359143	-0.13843341	0.28942445	-0.61009395	0.29867625	-0.24238029
0.07278409	-0.07930786	0.16155867	-0.120412625	0.15173924	-0.06594046	0.08330961	-0.16600926	0.17997773	-0.15650196	0.16026327	-0.18188925	0.22686997	-0.45236558	0.20415767	-0.08905749	0.17114095	-0.41365612	0.9999992	-0.27260944	0.093290396	-0.23822816	0.2903249	-0.6506526	0.24658436
-0.08947495	0.09542202	-0.21512371	0.17356937	-0.24674545	0.07711926	-0.097876765	0.18534286	-0.28523675	0.2627862	-0.18546274	0.15751456	-0.23056442	0.30043128	-0.6416558	0.080165364	-0.13541086	0.18359143	-0.27260944	0.9999991	-0.086372204	0.21311094	-0.18035504	0.21242635	-0.4713112
0.053273056	-0.05876789	0.09054177	-0.059355147	0.07529845	-0.053784426	0.06595986	-0.08610355	0.07277373	-0.06284056	0.17389394	-0.2295638	0.11405075	-0.098749764	0.06772783	-0.8984527	0.2218894	-0.13843341	0.093290396	-0.086372204	0.9999989	-0.25431386	0.122790076	-0.10232324	0.12791926
-0.124819115	0.12724665	-0.24641521	0.15611607	-0.21008366	0.110766836	-0.1419444	0.20639172	-0.19329055	0.16079025	-0.3920594	0.28938946	-0.29518422	0.23342215	-0.17649995	0.1992966	-0.3921846	0.28942445	-0.23822816	0.21311094	-0.25431386	0.9999992	-0.43829283	0.2513456	-0.39667067
0.07761666	-0.08465076	0.15977986	-0.109550804	0.13793756	-0.07226182	0.09104443	-0.16991544	0.14473674	-0.124605775	0.18628317	-0.23218335	0.23160547	-0.22935988	0.14289576	-0.1178939	0.22911735	-0.61009395	0.2903249	-0.18035504	0.122790076	-0.43829283	0.99999934	-0.5104217	0.2324052
-0.0794242	0.08438205	-0.17514274	0.12247036	-0.1604252	0.07049808	-0.08955578	0.1640668	-0.17614913	0.1447514	-0.18791638	0.17781475	-0.23620781	0.2642206	-0.18299933	0.093704164	-0.1754318	0.29867625	-0.6506526	0.21242635	-0.10232324	0.2513456	-0.5104217	0.9999993	-0.3296973
0.099993825	-0.107962914	0.20206302	-0.15524389	0.1940063	-0.09393665	0.112344705	-0.20067199	0.21000174	-0.21135303	0.28245893	-0.24277161	0.2346276	-0.33440068	0.24703358	-0.12315962	0.19311678	-0.24238029	0.24658436	-0.4713112	0.12791926	-0.39667067	0.2324052	-0.3296973	0.9999993
