1.0000001	-0.2732288	0.17150272	-0.20930295	0.08778761	-0.62605554	0.21555978	-0.21430446	0.13778983	-0.09902076	0.28299046	-0.21299799	0.18894331	-0.14155418	0.11431304	-0.42147532	0.19444792	-0.19544819	0.16802017	-0.11377342	0.23390947	-0.15822187	0.16483945	-0.127019	0.23496006
-0.2732288	1.0	-0.5075428	0.2749828	-0.12347408	0.20773898	-0.56854314	0.31731123	-0.20033343	0.120676465	-0.15145466	0.22305886	-0.24298531	0.16899116	-0.14572705	0.16996387	-0.19868046	0.1981721	-0.20431238	0.13021916	-0.24941978	0.14893548	-0.18817061	0.14359081	-0.26309484
0.17150272	-0.5075428	1.0000002	-0.6220099	0.14780451	-0.14740536	0.2710879	-0.43271387	0.19763519	-0.15368064	0.105409354	-0.17877729	0.19390182	-0.17404442	0.122703984	-0.12414221	0.13855103	-0.15721302	0.15330127	-0.113867596	0.16564575	-0.10699686	0.13667737	-0.10729599	0.1807636
-0.20930295	0.2749828	-0.6220099	1.0000002	-0.29778373	0.15389176	-0.22521517	0.249991	-0.3600435	0.21775945	-0.11446304	0.17335838	-0.20059583	0.23135017	-0.18289624	0.13806461	-0.16722861	0.18706265	-0.21807873	0.1555558	-0.2174198	0.12831631	-0.1831813	0.14612322	-0.25685263
0.08778761	-0.12347408	0.14780451	-0.29778373	1.0000001	-0.06882772	0.08905978	-0.10540938	0.1506705	-0.9023139	0.05011836	-0.07746772	0.08418012	-0.1331758	0.14397933	-0.062467705	0.071760714	-0.091322616	0.106774546	-0.1324277	0.09097943	-0.056452647	0.08412517	-0.07190872	0.114127606
-0.62605554	0.20773898	-0.14740536	0.15389176	-0.06882772	1.0000002	-0.26698673	0.18991853	-0.11639916	0.074571796	-0.54774433	0.20335634	-0.1919953	0.11329133	-0.095984966	0.3138868	-0.19294173	0.16389883	-0.14683242	0.09200162	-0.23538336	0.14344612	-0.14707935	0.10934082	-0.20333393
0.21555978	-0.56854314	0.2710879	-0.22521517	0.08905978	-0.26698673	1.0000002	-0.6145639	0.15420818	-0.0937971	0.15715753	-0.31392726	0.25681457	-0.14243275	0.1051514	-0.16772558	0.17165871	-0.17491904	0.1481365	-0.098950215	0.18416394	-0.13020799	0.14209577	-0.10666323	0.17943688
-0.21430446	0.31731123	-0.43271387	0.249991	-0.10540938	0.18991853	-0.6145639	1.0000002	-0.2133715	0.106473975	-0.14338505	0.26266554	-0.4125217	0.17085543	-0.12600866	0.15518738	-0.18587618	0.196735	-0.17707823	0.114992015	-0.20576401	0.13621701	-0.16788259	0.12441822	-0.20787993
0.13778983	-0.20033343	0.19763519	-0.3600435	0.1506705	-0.11639916	0.15420818	-0.2133715	0.99999994	-0.18053718	0.08516214	-0.14493719	0.1611628	-0.79037774	0.20160078	-0.10625389	0.12017284	-0.17079273	0.20114562	-0.19543298	0.1428566	-0.09513266	0.14495769	-0.13452727	0.18062057
-0.09902076	0.120676465	-0.15368064	0.21775945	-0.9023139	0.074571796	-0.0937971	0.106473975	-0.18053718	0.9999999	-0.054827474	0.08303088	-0.091970235	0.14065081	-0.18871081	0.06820726	-0.08059472	0.10025605	-0.123664655	0.13968378	-0.104310095	0.06304794	-0.09639303	0.08145155	-0.13342832
0.28299046	-0.15145466	0.105409354	-0.11446304	0.05011836	-0.54774433	0.15715753	-0.14338505	0.08516214	-0.054827474	0.9999997	-0.23983665	0.16684248	-0.08521778	0.06957169	-0.72025245	0.17285067	-0.1338816	0.107088536	-0.06758653	0.17663248	-0.12735137	0.10910829	-0.08011183	0.14033087
-0.21299799	0.22305886	-0.17877729	0.17335838	-0.07746772	0.20335634	-0.31392726	0.26266554	-0.14493719	0.08303088	-0.23983665	0.99999994	-0.6894555	0.14351529	-0.11059557	0.21162485	-0.3913362	0.24315564	-0.17547141	0.1055998	-0.26062888	0.20958216	-0.18604521	0.12832189	-0.20189553
0.18894331	-0.24298531	0.19390182	-0.20059583	0.08418012	-0.1919953	0.25681457	-0.4125217	0.1611628	-0.091970235	0.16684248	-0.6894555	0.9999997	-0.17961396	0.11674822	-0.19057311	0.23828219	-0.35340858	0.18164776	-0.114514716	0.20780489	-0.18132816	0.19178826	-0.13524449	0.19434364
-0.14155418	0.16899116	-0.17404442	0.23135017	-0.1331758	0.11329133	-0.14243275	0.17085543	-0.79037774	0.14065081	-0.08521778	0.14351529	-0.17961396	0.9999998	-0.30326274	0.10560365	-0.12731054	0.1782992	-0.2827923	0.21367772	-0.1532864	0.09889016	-0.16828917	0.15435974	-0.2093079
0.11431304	-0.14572705	0.122703984	-0.18289624	0.14397933	-0.095984966	0.1051514	-0.12600866	0.20160078	-0.18871081	0.06957169	-0.11059557	0.11674822	-0.30326274	0.9999999	-0.090509884	0.10146319	-0.16992697	0.23050183	-0.8337242	0.121399514	-0.08205587	0.14540395	-0.14972459	0.18024032
-0.42147532	0.16996387	-0.12414221	0.13806461	-0.062467705	0.3138868	-0.16772558	0.15518738	-0.10625389	0.06820726	-0.72025245	0.21162485	-0.19057311	0.10560365	-0.090509884	0.99999934	-0.26307842	0.16735055	-0.14243102	0.0873946	-0.27248198	0.17235966	-0.14618841	0.106722444	-0.1942321
0.19444792	-0.19868046	0.13855103	-0.16722861	0.071760714	-0.19294173	0.17165871	-0.18587618	0.12017284	-0.08059472	0.17285067	-0.3913362	0.23828219	-0.12731054	0.10146319	-0.26307842	0.999999	-0.31072193	0.1655807	-0.10326979	0.31389278	-0.66856927	0.18277752	-0.1286128	0.19000006
-0.19544819	0.1981721	-0.15721302	0.18706265	-0.091322616	0.16389883	-0.17491904	0.196735	-0.17079273	0.10025605	-0.1338816	0.24315564	-0.35340858	0.1782992	-0.16992697	0.16735055	-0.31072193	0.999999	-0.41725543	0.1701891	-0.26446322	0.19624163	-0.58209616	0.2863908	-0.32710055
0.16802017	-0.20431238	0.15330127	-0.21807873	0.106774546	-0.14683242	0.1481365	-0.17707823	0.20114562	-0.123664655	0.107088536	-0.17547141	0.18164776	-0.2827923	0.23050183	-0.14243102	0.1655807	-0.41725543	0.99999917	-0.34279236	0.18302923	-0.13631535	0.3094729	-0.5828814	0.29261616
-0.11377342	0.13021916	-0.113867596	0.1555558	-0.1324277	0.09200162	-0.098950215	0.114992015	-0.19543298	0.13968378	-0.06758653	0.1055998	-0.114514716	0.21367772	-0.8337242	0.0873946	-0.10326979	0.1701891	-0.34279236	0.999999	-0.12527172	0.08232509	-0.16879122	0.16825823	-0.21560457
0.23390947	-0.24941978	0.16564575	-0.2174198	0.09097943	-0.23538336	0.18416394	-0.20576401	0.1428566	-0.104310095	0.17663248	-0.26062888	0.20780489	-0.1532864	0.121399514	-0.27248198	0.31389278	-0.26446322	0.18302923	-0.12527172	0.999999	-0.6206618	0.18913257	-0.14313915	0.23428994
-0.15822187	0.14893548	-0.10699686	0.12831631	-0.056452647	0.14344612	-0.13020799	0.13621701	-0.09513266	0.06304794	-0.12735137	0.20958216	-0.18132816	0.09889016	-0.08205587	0.17235966	-0.66856927	0.19624163	-0.13631535	0.08232509	-0.6206618	0.99999905	-0.15811403	0.105800435	-0.16244504
0.16483945	-0.18817061	0.13667737	-0.1831813	0.08412517	-0.14707935	0.14209577	-0.16788259	0.14495769	-0.09639303	0.10910829	-0.18604521	0.19178826	-0.16828917	0.14540395	-0.14618841	0.18277752	-0.58209616	0.3094729	-0.16879122	0.18913257	-0.15811403	0.9999991	-0.59399074	0.28377995
-0.127019	0.14359081	-0.10729599	0.14612322	-0.07190872	0.10934082	-0.10666323	0.12441822	-0.13452727	0.08145155	-0.08011183	0.12832189	-0.13524449	0.15435974	-0.14972459	0.106722444	-0.1286128	0.2863908	-0.5828814	0.16825823	-0.14313915	0.105800435	-0.59399074	0.99999917	-0.4314042
0.23496006	-0.26309484	0.1807636	-0.25685263	0.114127606	-0.20333393	0.17943688	-0.20787993	0.18062057	-0.13342832	0.14033087	-0.20189553	0.19434364	-0.2093079	0.18024032	-0.1942321	0.19000006	-0.32710055	0.29261616	-0.21560457	0.23428994	-0.16244504	0.28377995	-0.4314042	0.99999917
