1.0000001	-0.88270664	0.08966503	-0.07863222	0.058113642	-0.25510535	0.23410736	-0.07832046	0.07426926	-0.06735533	0.19081059	-0.25368303	0.09008967	-0.073484205	0.10206195	-0.10269468	0.1175326	-0.086756706	0.07585396	-0.090610445	0.118639104	-0.1294243	0.0908764	-0.06322576	0.060737856
-0.88270664	1.0	-0.10154233	0.07761758	-0.057824627	0.20768633	-0.30899468	0.07362632	-0.07186022	0.063838206	-0.20488141	0.2153815	-0.085905954	0.068489164	-0.0964389	0.09905891	-0.11323006	0.08047203	-0.07130346	0.0812789	-0.121486396	0.11410414	-0.08565414	0.058008008	-0.056324635
0.08966503	-0.10154233	0.99999994	-0.8706844	0.2477289	-0.045171253	0.048363324	-0.2135245	0.17604896	-0.30662772	0.05043671	-0.054436903	0.09581198	-0.08647447	0.09858715	-0.041864313	0.056099143	-0.06406994	0.07187598	-0.08102857	0.05373544	-0.06626469	0.06526529	-0.054861955	0.051609367
-0.07863222	0.07761758	-0.8706844	1.0	-0.35965645	0.037523188	-0.040255208	0.1583429	-0.17584667	0.24389412	-0.042468738	0.044793986	-0.08170538	0.0735665	-0.08385221	0.034955632	-0.047047112	0.053507764	-0.061201196	0.06636427	-0.04519593	0.054683834	-0.05504796	0.045571934	-0.04306279
0.058113642	-0.057824627	0.2477289	-0.35965645	0.9999994	-0.037949886	0.03845813	-0.18357827	0.18298753	-0.8571393	0.04441378	-0.047096536	0.09563501	-0.091606066	0.11614478	-0.04071694	0.055563025	-0.065592565	0.076226614	-0.0885129	0.05295977	-0.06726588	0.067404486	-0.05853146	0.05537591
-0.25510535	0.20768633	-0.045171253	0.037523188	-0.037949886	0.99999946	-0.5114331	0.06924801	-0.06707123	0.0415647	-0.7165331	0.30522186	-0.09889726	0.07632873	-0.09886719	0.18068558	-0.16881022	0.103609905	-0.08185634	0.092216425	-0.20347443	0.15260974	-0.10732806	0.06786238	-0.064876676
0.23410736	-0.30899468	0.048363324	-0.040255208	0.03845813	-0.5114331	0.9999996	-0.07406586	0.068436384	-0.04242369	0.2957867	-0.7059128	0.10062208	-0.077497795	0.09379207	-0.14009808	0.16516796	-0.105210125	0.07984513	-0.09097226	0.14808105	-0.15500535	0.10311876	-0.06660915	0.0624378
-0.07832046	0.07362632	-0.2135245	0.1583429	-0.18357827	0.06924801	-0.07406586	0.99999946	-0.79523575	0.18464473	-0.08494101	0.091378056	-0.36915204	0.24156296	-0.20089817	0.08544061	-0.12620458	0.16760208	-0.19076642	0.17334925	-0.11040798	0.14007677	-0.16437538	0.12917729	-0.12015677
0.07426926	-0.07186022	0.17604896	-0.17584667	0.18298753	-0.06707123	0.068436384	-0.79523575	0.9999993	-0.25665498	0.08051083	-0.08815257	0.25524157	-0.3128844	0.19470315	-0.08225902	0.11695522	-0.15934008	0.18743992	-0.194336	0.10389204	-0.14153732	0.14883207	-0.13679351	0.12092869
-0.06735533	0.063838206	-0.30662772	0.24389412	-0.8571393	0.0415647	-0.04242369	0.18464473	-0.25665498	0.9999993	-0.04910701	0.05120666	-0.10803994	0.10247697	-0.14071089	0.044493273	-0.06110787	0.071730435	-0.08620885	0.09408075	-0.05836682	0.07211556	-0.07481821	0.06344658	-0.06071045
0.19081059	-0.20488141	0.05043671	-0.042468738	0.04441378	-0.7165331	0.2957867	-0.08494101	0.08051083	-0.04910701	0.99999976	-0.437579	0.121172324	-0.09650748	0.121861145	-0.30225363	0.20813586	-0.1350382	0.10225595	-0.121164106	0.22721282	-0.21463585	0.13428341	-0.08732847	0.081774674
-0.25368303	0.2153815	-0.054436903	0.044793986	-0.047096536	0.30522186	-0.7059128	0.091378056	-0.08815257	0.05120666	-0.437579	0.99999964	-0.14623521	0.10403592	-0.12582089	0.19095549	-0.28307152	0.14474283	-0.109726675	0.11796108	-0.21926704	0.1965703	-0.14493857	0.08895978	-0.08427611
0.09008967	-0.085905954	0.09581198	-0.08170538	0.09563501	-0.09889726	0.10062208	-0.36915204	0.25524157	-0.10803994	0.121172324	-0.14623521	0.99999976	-0.5710474	0.25114724	-0.13911146	0.20658787	-0.45317134	0.29289165	-0.29211658	0.16135812	-0.24270122	0.26158178	-0.22270606	0.18137725
-0.073484205	0.068489164	-0.08647447	0.0735665	-0.091606066	0.07632873	-0.077497795	0.24156296	-0.3128844	0.10247697	-0.09650748	0.10403592	-0.5710474	0.99999946	-0.351892	0.106273785	-0.16309987	0.24593428	-0.5565306	0.26377898	-0.13431609	0.18109135	-0.22819044	0.21555854	-0.19075188
0.10206195	-0.0964389	0.09858715	-0.08385221	0.11614478	-0.09886719	0.09379207	-0.20089817	0.19470315	-0.14071089	0.121861145	-0.12582089	0.25114724	-0.351892	0.99999946	-0.12489628	0.16896012	-0.1990958	0.25361046	-0.4005635	0.16499034	-0.21947296	0.21033819	-0.20996347	0.20379095
-0.10269468	0.09905891	-0.041864313	0.034955632	-0.04071694	0.18068558	-0.14009808	0.08544061	-0.08225902	0.044493273	-0.30225363	0.19095549	-0.13911146	0.106273785	-0.12489628	0.99999976	-0.48618317	0.18226935	-0.11910868	0.12976706	-0.73654	0.27047378	-0.17555708	0.099787205	-0.09200098
0.1175326	-0.11323006	0.056099143	-0.047047112	0.055563025	-0.16881022	0.16516796	-0.12620458	0.11695522	-0.06110787	0.20813586	-0.28307152	0.20658787	-0.16309987	0.16896012	-0.48618317	0.99999976	-0.41952595	0.17767723	-0.19166537	0.30485982	-0.5581267	0.27489167	-0.15341297	0.13398212
-0.086756706	0.08047203	-0.06406994	0.053507764	-0.065592565	0.103609905	-0.105210125	0.16760208	-0.15934008	0.071730435	-0.1350382	0.14474283	-0.45317134	0.24593428	-0.1990958	0.18226935	-0.41952595	0.99999976	-0.3284056	0.23023766	-0.21179417	0.29687676	-0.59809136	0.21440376	-0.18089183
0.07585396	-0.07130346	0.07187598	-0.061201196	0.076226614	-0.08185634	0.07984513	-0.19076642	0.18743992	-0.08620885	0.10225595	-0.109726675	0.29289165	-0.5565306	0.25361046	-0.11910868	0.17767723	-0.3284056	0.9999997	-0.46195212	0.14516276	-0.21545973	0.25480062	-0.4426197	0.27195787
-0.090610445	0.0812789	-0.08102857	0.06636427	-0.0885129	0.092216425	-0.09097226	0.17334925	-0.194336	0.09408075	-0.121164106	0.11796108	-0.29211658	0.26377898	-0.4005635	0.12976706	-0.19166537	0.23023766	-0.46195212	0.99999934	-0.18035845	0.21193227	-0.29023355	0.31283697	-0.5609813
0.118639104	-0.121486396	0.05373544	-0.04519593	0.05295977	-0.20347443	0.14808105	-0.11040798	0.10389204	-0.05836682	0.22721282	-0.21926704	0.16135812	-0.13431609	0.16499034	-0.73654	0.30485982	-0.21179417	0.14516276	-0.18035845	0.9999992	-0.40977162	0.2025796	-0.1298002	0.11821422
-0.1294243	0.11410414	-0.06626469	0.054683834	-0.06726588	0.15260974	-0.15500535	0.14007677	-0.14153732	0.07211556	-0.21463585	0.1965703	-0.24270122	0.18109135	-0.21947296	0.27047378	-0.5581267	0.29687676	-0.21545973	0.21193227	-0.40977162	0.99999905	-0.50458634	0.18900298	-0.18140364
0.0908764	-0.08565414	0.06526529	-0.05504796	0.067404486	-0.10732806	0.10311876	-0.16437538	0.14883207	-0.07481821	0.13428341	-0.14493857	0.26158178	-0.22819044	0.21033819	-0.17555708	0.27489167	-0.59809136	0.25480062	-0.29023355	0.2025796	-0.50458634	0.9999986	-0.3420624	0.21937819
-0.06322576	0.058008008	-0.054861955	0.045571934	-0.05853146	0.06786238	-0.06660915	0.12917729	-0.13679351	0.06344658	-0.08732847	0.08895978	-0.22270606	0.21555854	-0.20996347	0.099787205	-0.15341297	0.21440376	-0.4426197	0.31283697	-0.1298002	0.18900298	-0.3420624	0.9999986	-0.71052575
0.060737856	-0.056324635	0.051609367	-0.04306279	0.05537591	-0.064876676	0.0624378	-0.12015677	0.12092869	-0.06071045	0.081774674	-0.08427611	0.18137725	-0.19075188	0.20379095	-0.09200098	0.13398212	-0.18089183	0.27195787	-0.5609813	0.11821422	-0.18140364	0.21937819	-0.71052575	0.9999986
