0.99999994	-0.67821527	0.26179877	-0.32287213	0.10045942	-0.48762926	0.21570109	-0.22189312	0.14220574	-0.09579509	0.27019417	-0.17508243	0.14264955	-0.10752398	0.111089304	-0.12448099	0.12054115	-0.108898476	0.10901903	-0.077015094	0.089555465	-0.1176857	0.09295745	-0.062159795	0.085510366
-0.67821527	0.99999994	-0.49572036	0.2817977	-0.099618286	0.25279272	-0.2783896	0.2101551	-0.14531131	0.089753	-0.26768464	0.16438834	-0.1446439	0.10563447	-0.110695444	0.11039014	-0.116629966	0.10477051	-0.108494304	0.075893484	-0.084115274	0.10607101	-0.09178678	0.060846716	-0.08463049
0.26179877	-0.49572036	0.9999997	-0.7460271	0.1374902	-0.18916409	0.17352593	-0.2009437	0.1473385	-0.12924647	0.18799524	-0.14520459	0.13256179	-0.10630677	0.111238495	-0.10083525	0.10397402	-0.101993	0.10652348	-0.076035656	0.074852206	-0.100328505	0.08907401	-0.060006972	0.08317485
-0.32287213	0.2817977	-0.7460271	0.9999997	-0.23636179	0.1991418	-0.18250614	0.18842721	-0.21174596	0.17041226	-0.2588433	0.16662931	-0.17336603	0.14035967	-0.15528302	0.12194852	-0.12929949	0.1315654	-0.1459278	0.10330036	-0.09439899	0.12010564	-0.120335504	0.080479115	-0.11370345
0.10045942	-0.099618286	0.1374902	-0.23636179	0.9999992	-0.09187855	0.09686412	-0.12540346	0.2110264	-0.8910513	0.107879	-0.121797584	0.12713815	-0.14788754	0.13858186	-0.0867884	0.09037396	-0.110399194	0.11952622	-0.096116	0.06275097	-0.09320634	0.09127998	-0.06637608	0.08871626
-0.48762926	0.25279272	-0.18916409	0.1991418	-0.09187855	0.9999993	-0.28180268	0.21781266	-0.15773457	0.08470996	-0.7104412	0.20218563	-0.1689008	0.118241444	-0.12340502	0.15729004	-0.14866117	0.122242644	-0.12304187	0.0854957	-0.119156465	0.13461117	-0.10596825	0.06965301	-0.096504524
0.21570109	-0.2783896	0.17352593	-0.18250614	0.09686412	-0.28180268	0.9999989	-0.7429738	0.19583698	-0.09210218	0.23812836	-0.4062137	0.23010826	-0.15443134	0.13739948	-0.14584628	0.18099426	-0.14947772	0.14242716	-0.09834055	0.1087195	-0.15644985	0.11955786	-0.07938017	0.10720795
-0.22189312	0.2101551	-0.2009437	0.18842721	-0.12540346	0.21781266	-0.7429738	0.9999989	-0.2958114	0.11573799	-0.26405355	0.28074178	-0.31233668	0.19610322	-0.17873602	0.14962158	-0.19195579	0.17613383	-0.18396577	0.12499461	-0.11738253	0.15745534	-0.15049313	0.09898181	-0.13660833
0.14220574	-0.14531131	0.1473385	-0.21174596	0.2110264	-0.15773457	0.19583698	-0.2958114	0.99999905	-0.2921022	0.17896013	-0.27404705	0.2940451	-0.6260973	0.23700224	-0.17392941	0.18558824	-0.24289696	0.2571847	-0.1892647	0.12358197	-0.1932685	0.17791244	-0.13125336	0.16761082
-0.09579509	0.089753	-0.12924647	0.17041226	-0.8910513	0.08470996	-0.09210218	0.11573799	-0.2921022	0.99999905	-0.10355285	0.11409199	-0.13097906	0.15149675	-0.1557497	0.07972329	-0.08589892	0.10738005	-0.1252784	0.09872574	-0.058551867	0.08564093	-0.09014971	0.0655433	-0.088964246
0.27019417	-0.26768464	0.18799524	-0.2588433	0.107879	-0.7104412	0.23812836	-0.26405355	0.17896013	-0.10355285	0.9999989	-0.2967389	0.19729036	-0.14314754	0.14556123	-0.26784047	0.1933235	-0.15509295	0.14626808	-0.10277145	0.16267648	-0.19649072	0.12754698	-0.08483873	0.115260705
-0.17508243	0.16438834	-0.14520459	0.16662931	-0.121797584	0.20218563	-0.4062137	0.28074178	-0.27404705	0.11409199	-0.2967389	0.9999989	-0.5218863	0.23220804	-0.20319188	0.21267793	-0.46595913	0.23964167	-0.22146823	0.14671862	-0.1729397	0.24386553	-0.18815011	0.12019467	-0.16202325
0.14264955	-0.1446439	0.13256179	-0.17336603	0.12713815	-0.1689008	0.23010826	-0.31233668	0.2940451	-0.13097906	0.19729036	-0.5218863	0.999999	-0.5001797	0.22186878	-0.19823147	0.2462504	-0.36814705	0.2601653	-0.17872728	0.1429795	-0.2290428	0.2041353	-0.14088589	0.17357822
-0.10752398	0.10563447	-0.10630677	0.14035967	-0.14788754	0.118241444	-0.15443134	0.19610322	-0.6260973	0.15149675	-0.14314754	0.23220804	-0.5001797	0.99999905	-0.2916328	0.13567716	-0.16453739	0.23983884	-0.39941725	0.20872246	-0.099794395	0.15247436	-0.17293899	0.12672025	-0.16564764
0.111089304	-0.110695444	0.111238495	-0.15528302	0.13858186	-0.12340502	0.13739948	-0.17873602	0.23700224	-0.1557497	0.14556123	-0.20319188	0.22186878	-0.2916328	0.99999887	-0.15463628	0.16466244	-0.27266088	0.3116885	-0.65216464	0.11020322	-0.17271785	0.21306564	-0.20514822	0.2528169
-0.12448099	0.11039014	-0.10083525	0.12194852	-0.0867884	0.15729004	-0.14584628	0.14962158	-0.17392941	0.07972329	-0.26784047	0.21267793	-0.19823147	0.13567716	-0.15463628	0.99999887	-0.4042141	0.17635952	-0.16229114	0.10995454	-0.7335256	0.31842196	-0.15410334	0.09561868	-0.1327988
0.12054115	-0.116629966	0.10397402	-0.12929949	0.09037396	-0.14866117	0.18099426	-0.19195579	0.18558824	-0.08589892	0.1933235	-0.46595913	0.2462504	-0.16453739	0.16466244	-0.4042141	0.99999905	-0.31809732	0.18905833	-0.12654552	0.27227378	-0.6025887	0.1810789	-0.11430569	0.14536276
-0.108898476	0.10477051	-0.101993	0.1315654	-0.110399194	0.122242644	-0.14947772	0.17613383	-0.24289696	0.10738005	-0.15509295	0.23964167	-0.36814705	0.23983884	-0.27266088	0.17635952	-0.31809732	0.9999988	-0.47182265	0.23815958	-0.13708095	0.2082673	-0.5386344	0.24181882	-0.29841816
0.10901903	-0.108494304	0.10652348	-0.1459278	0.11952622	-0.12304187	0.14242716	-0.18396577	0.2571847	-0.1252784	0.14626808	-0.22146823	0.2601653	-0.39941725	0.3116885	-0.16229114	0.18905833	-0.47182265	0.99999857	-0.5242088	0.11653255	-0.18575795	0.2450272	-0.20957911	0.2447569
-0.077015094	0.075893484	-0.076035656	0.10330036	-0.096116	0.0854957	-0.09834055	0.12499461	-0.1892647	0.09872574	-0.10277145	0.14671862	-0.17872728	0.20872246	-0.65216464	0.10995454	-0.12654552	0.23815958	-0.5242088	0.99999875	-0.07975608	0.124304995	-0.2144841	0.20697697	-0.3893844
0.089555465	-0.084115274	0.074852206	-0.09439899	0.06275097	-0.119156465	0.1087195	-0.11738253	0.12358197	-0.058551867	0.16267648	-0.1729397	0.1429795	-0.099794395	0.11020322	-0.7335256	0.27227378	-0.13708095	0.11653255	-0.07975608	0.9999988	-0.56747305	0.110565156	-0.07005608	0.09461317
-0.1176857	0.10607101	-0.100328505	0.12010564	-0.09320634	0.13461117	-0.15644985	0.15745534	-0.1932685	0.08564093	-0.19649072	0.24386553	-0.2290428	0.15247436	-0.17271785	0.31842196	-0.6025887	0.2082673	-0.18575795	0.124304995	-0.56747305	0.9999989	-0.18087117	0.10980352	-0.15132631
0.09295745	-0.09178678	0.08907401	-0.120335504	0.09127998	-0.10596825	0.11955786	-0.15049313	0.17791244	-0.09014971	0.12754698	-0.18815011	0.2041353	-0.17293899	0.21306564	-0.15410334	0.1810789	-0.5386344	0.2450272	-0.2144841	0.110565156	-0.18087117	0.99999934	-0.59298646	0.3025485
-0.062159795	0.060846716	-0.060006972	0.080479115	-0.06637608	0.06965301	-0.07938017	0.09898181	-0.13125336	0.0655433	-0.08483873	0.12019467	-0.14088589	0.12672025	-0.20514822	0.09561868	-0.11430569	0.24181882	-0.20957911	0.20697697	-0.07005608	0.10980352	-0.59298646	0.9999993	-0.6856238
0.085510366	-0.08463049	0.08317485	-0.11370345	0.08871626	-0.096504524	0.10720795	-0.13660833	0.16761082	-0.088964246	0.115260705	-0.16202325	0.17357822	-0.16564764	0.2528169	-0.1327988	0.14536276	-0.29841816	0.2447569	-0.3893844	0.09461317	-0.15132631	0.3025485	-0.6856238	0.9999993
