1.0000001	-0.6313679	0.13457192	-0.09526893	0.104171425	-0.6922763	0.28573066	-0.15749975	0.1182669	-0.07510752	0.11526971	-0.09648013	0.112184025	-0.094190225	0.09760817	-0.051318426	0.093211114	-0.08961869	0.06450861	-0.048640016	0.0500326	-0.07250159	0.055138323	-0.06174116	0.049411733
-0.6313679	0.99999994	-0.22271296	0.14483383	-0.16043495	0.33121392	-0.57455623	0.22793773	-0.18720473	0.113986105	-0.17119616	0.14236243	-0.17188038	0.13838683	-0.14906007	0.07505432	-0.14033872	0.1302398	-0.09537695	0.07147083	-0.073837526	0.10480511	-0.080888	0.08982508	-0.073152915
0.13457192	-0.22271296	0.99999946	-0.6874727	0.27507636	-0.20929152	0.20873736	-0.37385517	0.29837278	-0.20961782	0.19897337	-0.16374414	0.21211249	-0.24370794	0.22404712	-0.10530079	0.17464392	-0.21220137	0.15276691	-0.11831027	0.10358211	-0.17066972	0.12706377	-0.15037869	0.11459777
-0.09526893	0.14483383	-0.6874727	0.9999994	-0.41756746	0.14141114	-0.16368401	0.2619911	-0.46439406	0.23117137	-0.1602173	0.12875192	-0.17865747	0.20854637	-0.23853011	0.08235829	-0.14064263	0.16508849	-0.13060181	0.098566175	-0.08207798	0.13106503	-0.10263244	0.11984507	-0.09717221
0.104171425	-0.16043495	0.27507636	-0.41756746	0.9999994	-0.16645077	0.1669162	-0.26678026	0.28965494	-0.5832021	0.20660214	-0.16329649	0.2099645	-0.27657267	0.31726423	-0.11324217	0.18304488	-0.23179162	0.17033066	-0.14032158	0.11196276	-0.19178644	0.14138298	-0.1714193	0.13118204
-0.6922763	0.33121392	-0.20929152	0.14141114	-0.16645077	0.99999934	-0.49620694	0.21986848	-0.18727297	0.11686364	-0.18855923	0.14680363	-0.17713164	0.14224294	-0.15572554	0.07953313	-0.1476015	0.13532148	-0.099018484	0.07443028	-0.07816765	0.10988227	-0.08465966	0.09359599	-0.076471455
0.28573066	-0.57455623	0.20873736	-0.16368401	0.1669162	-0.49620694	0.99999976	-0.46928492	0.21591187	-0.12929066	0.18493053	-0.20346841	0.20138004	-0.16764048	0.15823999	-0.086685054	0.15880771	-0.15684761	0.11080958	-0.082453	0.08308492	-0.12330256	0.0931815	-0.10557468	0.08269542
-0.15749975	0.22793773	-0.37385517	0.2619911	-0.26678026	0.21986848	-0.46928492	0.99999964	-0.5477006	0.21048437	-0.22447686	0.19957002	-0.34729815	0.24485074	-0.2504219	0.10662202	-0.19524306	0.20863304	-0.15952325	0.11443632	-0.1052742	0.15686078	-0.12535876	0.14163539	-0.11604843
0.1182669	-0.18720473	0.29837278	-0.46439406	0.28965494	-0.18727297	0.21591187	-0.5477006	0.9999999	-0.37055123	0.19122489	-0.16456944	0.233353	-0.37018147	0.27060312	-0.10001287	0.1715051	-0.21447796	0.17830211	-0.12685476	0.099229485	-0.16055846	0.12916228	-0.15577012	0.122133866
-0.07510752	0.113986105	-0.20961782	0.23117137	-0.5832021	0.11686364	-0.12929066	0.21048437	-0.37055123	0.9999997	-0.14874181	0.11865266	-0.16324718	0.22063598	-0.6364	0.07930011	-0.13266122	0.1644213	-0.13485816	0.11430366	-0.079156876	0.13118397	-0.10336032	0.12406573	-0.108555004
0.11526971	-0.17119616	0.19897337	-0.1602173	0.20660214	-0.18855923	0.18493053	-0.22447686	0.19122489	-0.14874181	0.9999995	-0.5491122	0.30235347	-0.27127528	0.21153075	-0.28810748	0.320756	-0.32709894	0.19980878	-0.1528688	0.2135184	-0.31857657	0.19729258	-0.22269271	0.15015127
-0.09648013	0.14236243	-0.16374414	0.12875192	-0.16329649	0.14680363	-0.20346841	0.19957002	-0.16456944	0.11865266	-0.5491122	0.9999994	-0.5241655	0.21788976	-0.16851722	0.18950947	-0.5265476	0.26498106	-0.16245703	0.11492347	-0.16691639	0.21378486	-0.14953569	0.15996368	-0.11662647
0.112184025	-0.17188038	0.21211249	-0.17865747	0.2099645	-0.17713164	0.20138004	-0.34729815	0.233353	-0.16324718	0.30235347	-0.5241655	0.99999934	-0.40513697	0.22187138	-0.16581333	0.2952668	-0.45034784	0.23969837	-0.16147216	0.1531244	-0.243081	0.18943717	-0.21788217	0.15776868
-0.094190225	0.13838683	-0.24370794	0.20854637	-0.27657267	0.14224294	-0.16764048	0.24485074	-0.37018147	0.22063598	-0.27127528	0.21788976	-0.40513697	0.99999917	-0.36503652	0.13768041	-0.2531968	0.30563614	-0.52411824	0.21084516	-0.14305031	0.21588303	-0.22143498	0.25003463	-0.22467665
0.09760817	-0.14906007	0.22404712	-0.23853011	0.31726423	-0.15572554	0.15823999	-0.2504219	0.27060312	-0.6364	0.21153075	-0.16851722	0.22187138	-0.36503652	0.9999997	-0.118094616	0.19115312	-0.2533402	0.20264067	-0.19618586	0.11737989	-0.20370197	0.15630615	-0.19551966	0.16515657
-0.051318426	0.07505432	-0.10530079	0.08235829	-0.11324217	0.07953313	-0.086685054	0.10662202	-0.10001287	0.07930011	-0.28810748	0.18950947	-0.16581333	0.13768041	-0.118094616	0.99999964	-0.38260114	0.18214536	-0.120204866	0.08856457	-0.80692995	0.25423285	-0.15889081	0.13675617	-0.09450528
0.093211114	-0.14033872	0.17464392	-0.14064263	0.18304488	-0.1476015	0.15880771	-0.19524306	0.1715051	-0.13266122	0.320756	-0.5265476	0.2952668	-0.2531968	0.19115312	-0.38260114	0.9999996	-0.41393983	0.2091314	-0.15242444	0.25049266	-0.36760128	0.2147773	-0.23005842	0.15137139
-0.08961869	0.1302398	-0.21220137	0.16508849	-0.23179162	0.13532148	-0.15684761	0.20863304	-0.21447796	0.1644213	-0.32709894	0.26498106	-0.45034784	0.30563614	-0.2533402	0.18214536	-0.41393983	0.9999995	-0.47409037	0.2118886	-0.19333148	0.26680517	-0.32478562	0.27873492	-0.23924251
0.06450861	-0.09537695	0.15276691	-0.13060181	0.17033066	-0.099018484	0.11080958	-0.15952325	0.17830211	-0.13485816	0.19980878	-0.16245703	0.23969837	-0.52411824	0.20264067	-0.120204866	0.2091314	-0.47409037	0.9999998	-0.36633363	0.12623677	-0.22550467	0.24980997	-0.4757351	0.26368806
-0.048640016	0.07147083	-0.11831027	0.098566175	-0.14032158	0.07443028	-0.082453	0.11443632	-0.12685476	0.11430366	-0.1528688	0.11492347	-0.16147216	0.21084516	-0.19618586	0.08856457	-0.15242444	0.2118886	-0.36633363	0.9999999	-0.095153786	0.15999576	-0.17951639	0.23882565	-0.8376256
0.0500326	-0.073837526	0.10358211	-0.08207798	0.11196276	-0.07816765	0.08308492	-0.1052742	0.099229485	-0.079156876	0.2135184	-0.16691639	0.1531244	-0.14305031	0.11737989	-0.80692995	0.25049266	-0.19333148	0.12623677	-0.095153786	0.9999997	-0.40901926	0.17719097	-0.16080834	0.098876126
-0.07250159	0.10480511	-0.17066972	0.13106503	-0.19178644	0.10988227	-0.12330256	0.15686078	-0.16055846	0.13118397	-0.31857657	0.21378486	-0.243081	0.21588303	-0.20370197	0.25423285	-0.36760128	0.26680517	-0.22550467	0.15999576	-0.40901926	0.99999976	-0.5780992	0.27731502	-0.18943678
0.055138323	-0.080888	0.12706377	-0.10263244	0.14138298	-0.08465966	0.0931815	-0.12535876	0.12916228	-0.10336032	0.19729258	-0.14953569	0.18943717	-0.22143498	0.15630615	-0.15889081	0.2147773	-0.32478562	0.24980997	-0.17951639	0.17719097	-0.5780992	0.9999998	-0.6264245	0.1883455
-0.06174116	0.08982508	-0.15037869	0.11984507	-0.1714193	0.09359599	-0.10557468	0.14163539	-0.15577012	0.12406573	-0.22269271	0.15996368	-0.21788217	0.25003463	-0.19551966	0.13675617	-0.23005842	0.27873492	-0.4757351	0.23882565	-0.16080834	0.27731502	-0.6264245	0.9999998	-0.3297917
0.049411733	-0.073152915	0.11459777	-0.09717221	0.13118204	-0.076471455	0.08269542	-0.11604843	0.122133866	-0.108555004	0.15015127	-0.11662647	0.15776868	-0.22467665	0.16515657	-0.09450528	0.15137139	-0.23924251	0.26368806	-0.8376256	0.098876126	-0.18943678	0.1883455	-0.3297917	0.9999998
