1.0	-0.50136137	0.1786857	-0.13301946	0.068173185	-0.7691235	0.2843728	-0.17489532	0.14110315	-0.06609912	0.117935166	-0.1346865	0.15728521	-0.10729619	0.08085099	-0.091797486	0.12399798	-0.08103014	0.084441476	-0.10133806	0.046029862	-0.04895437	0.08230131	-0.061412122	0.10274083
-0.50136137	1.0000001	-0.32362282	0.17555287	-0.08545841	0.306045	-0.6790772	0.2543346	-0.19697542	0.08020976	-0.11807034	0.16251494	-0.20511493	0.11975327	-0.09028514	0.090627454	-0.14098471	0.08713972	-0.09089839	0.10410894	-0.045885958	0.048205458	-0.08383959	0.06316344	-0.10447837
0.1786857	-0.32362282	1.0000004	-0.5547783	0.13653098	-0.21849799	0.25860175	-0.5772021	0.30478448	-0.13805498	0.11968331	-0.1875945	0.24075389	-0.1751994	0.12160202	-0.09808671	0.14668077	-0.10535479	0.10609144	-0.14427775	0.050570957	-0.05421609	0.09983235	-0.07676734	0.12880692
-0.13301946	0.17555287	-0.5547783	1.0000005	-0.24463257	0.14836204	-0.18557996	0.27676353	-0.6685109	0.1962048	-0.10285666	0.14034675	-0.20507166	0.18019651	-0.13629158	0.080907576	-0.12813964	0.09163081	-0.098921224	0.13077411	-0.043130253	0.045411393	-0.093934335	0.07143706	-0.12528785
0.068173185	-0.08545841	0.13653098	-0.24463257	1.0000007	-0.08382585	0.085301444	-0.121464826	0.20958297	-0.926543	0.057143614	-0.07474661	0.099268705	-0.10541981	0.081408106	-0.045491293	0.07013437	-0.053131916	0.056787048	-0.08614041	0.024993382	-0.026453743	0.056437906	-0.043022655	0.075997464
-0.7691235	0.306045	-0.21849799	0.14836204	-0.08382585	1.0000008	-0.41087312	0.20156103	-0.17901923	0.07774202	-0.16465671	0.16341484	-0.2047106	0.12459504	-0.09726868	0.11552733	-0.16338587	0.09949587	-0.10660468	0.11502694	-0.057955585	0.06015846	-0.10182084	0.07511153	-0.12506357
0.2843728	-0.6790772	0.25860175	-0.18557996	0.085301444	-0.41087312	1.0000005	-0.41785857	0.19423069	-0.08422362	0.12928827	-0.22387241	0.22604181	-0.13412395	0.09702473	-0.10383004	0.15455471	-0.09814877	0.09842419	-0.117111534	0.050897703	-0.054349672	0.09033753	-0.06879365	0.112377636
-0.17489532	0.2543346	-0.5772021	0.27676353	-0.121464826	0.20156103	-0.41785857	1.0000004	-0.38600776	0.11693217	-0.13310564	0.21693172	-0.4395432	0.17359698	-0.12452007	0.10565183	-0.16919433	0.110585816	-0.1125414	0.13537164	-0.05284006	0.056058086	-0.1003716	0.077038184	-0.1269057
0.14110315	-0.19697542	0.30478448	-0.6685109	0.20958297	-0.17901923	0.19423069	-0.38600776	1.0000004	-0.26578096	0.11602163	-0.16746852	0.2211283	-0.3033421	0.17359823	-0.094285764	0.14408852	-0.1122519	0.11822455	-0.1790698	0.050293565	-0.053628672	0.11145306	-0.08649796	0.15040986
-0.06609912	0.08020976	-0.13805498	0.1962048	-0.926543	0.07774202	-0.08422362	0.11693217	-0.26578096	1.0000001	-0.05664188	0.072631344	-0.10074233	0.10437735	-0.08643829	0.044505015	-0.069940954	0.052127834	-0.056769263	0.08240191	-0.024436895	0.025709663	-0.056294035	0.04264726	-0.07622204
0.117935166	-0.11807034	0.11968331	-0.10285666	0.057143614	-0.16465671	0.12928827	-0.13310564	0.11602163	-0.05664188	1.0	-0.34213284	0.20389575	-0.13833196	0.09988529	-0.77364206	0.2943196	-0.15831865	0.13958538	-0.13942073	0.17373735	-0.20116168	0.12021715	-0.093586855	0.13303278
-0.1346865	0.16251494	-0.1875945	0.14034675	-0.07474661	0.16341484	-0.22387241	0.21693172	-0.16746852	0.072631344	-0.34213284	0.99999976	-0.59278613	0.17080955	-0.1258438	0.24054287	-0.5504076	0.19016635	-0.18261585	0.14953312	-0.10035378	0.10487243	-0.13416265	0.10418049	-0.14816906
0.15728521	-0.20511493	0.24075389	-0.20507166	0.099268705	-0.2047106	0.22604181	-0.4395432	0.2211283	-0.10074233	0.20389575	-0.59278613	0.99999946	-0.27795672	0.17027263	-0.18008526	0.26783246	-0.19373254	0.17086145	-0.20866735	0.08353625	-0.091463946	0.14566472	-0.11521397	0.17933854
-0.10729619	0.11975327	-0.1751994	0.18019651	-0.10541981	0.12459504	-0.13412395	0.17359698	-0.3033421	0.10437735	-0.13833196	0.17080955	-0.27795672	0.9999995	-0.70864564	0.109169565	-0.18442275	0.17003842	-0.22779581	0.29713362	-0.062234223	0.06496838	-0.18904428	0.14764185	-0.2848468
0.08085099	-0.09028514	0.12160202	-0.13629158	0.081408106	-0.09726868	0.09702473	-0.12452007	0.17359823	-0.08643829	0.09988529	-0.1258438	0.17027263	-0.70864564	0.9999994	-0.08125576	0.13016775	-0.13011928	0.14980137	-0.56305176	0.047166586	-0.049950395	0.14544888	-0.12095617	0.23541553
-0.091797486	0.090627454	-0.09808671	0.080907576	-0.045491293	0.11552733	-0.10383004	0.10565183	-0.094285764	0.044505015	-0.77364206	0.24054287	-0.18008526	0.109169565	-0.08125576	0.9999996	-0.44893563	0.15112773	-0.141811	0.10869913	-0.24015376	0.19160227	-0.10921792	0.0835704	-0.111395076
0.12399798	-0.14098471	0.14668077	-0.12813964	0.07013437	-0.16338587	0.15455471	-0.16919433	0.14408852	-0.069940954	0.2943196	-0.5504076	0.26783246	-0.18442275	0.13016775	-0.44893563	0.9999994	-0.3719018	0.23291428	-0.18150084	0.14060481	-0.1610317	0.16264722	-0.13326587	0.17051478
-0.08103014	0.08713972	-0.10535479	0.09163081	-0.053131916	0.09949587	-0.09814877	0.110585816	-0.1122519	0.052127834	-0.15831865	0.19016635	-0.19373254	0.17003842	-0.13011928	0.15112773	-0.3719018	0.9999991	-0.7872359	0.16818	-0.07828912	0.08289687	-0.2788397	0.2180437	-0.20147336
0.084441476	-0.09089839	0.10609144	-0.098921224	0.056787048	-0.10660468	0.09842419	-0.1125414	0.11822455	-0.056769263	0.13958538	-0.18261585	0.17086145	-0.22779581	0.14980137	-0.141811	0.23291428	-0.7872359	0.999999	-0.20964351	0.073693775	-0.08162873	0.24863803	-0.32186094	0.21311626
-0.10133806	0.10410894	-0.14427775	0.13077411	-0.08614041	0.11502694	-0.117111534	0.13537164	-0.1790698	0.08240191	-0.13942073	0.14953312	-0.20866735	0.29713362	-0.56305176	0.10869913	-0.18150084	0.16818	-0.20964351	0.999999	-0.0686555	0.071253344	-0.27118582	0.21240245	-0.5698526
0.046029862	-0.045885958	0.050570957	-0.043130253	0.024993382	-0.057955585	0.050897703	-0.05284006	0.050293565	-0.024436895	0.17373735	-0.10035378	0.08353625	-0.062234223	0.047166586	-0.24015376	0.14060481	-0.07828912	0.073693775	-0.0686555	0.9999989	-0.9383558	0.088599265	-0.06580124	0.07360706
-0.04895437	0.048205458	-0.05421609	0.045411393	-0.026453743	0.06015846	-0.054349672	0.056058086	-0.053628672	0.025709663	-0.20116168	0.10487243	-0.091463946	0.06496838	-0.049950395	0.19160227	-0.1610317	0.08289687	-0.08162873	0.071253344	-0.9383558	0.999999	-0.10397864	0.07099837	-0.08024166
0.08230131	-0.08383959	0.09983235	-0.093934335	0.056437906	-0.10182084	0.09033753	-0.1003716	0.11145306	-0.056294035	0.12021715	-0.13416265	0.14566472	-0.18904428	0.14544888	-0.10921792	0.16264722	-0.2788397	0.24863803	-0.27118582	0.088599265	-0.10397864	0.9999993	-0.76171863	0.29484135
-0.061412122	0.06316344	-0.07676734	0.07143706	-0.043022655	0.07511153	-0.06879365	0.077038184	-0.08649796	0.04264726	-0.093586855	0.10418049	-0.11521397	0.14764185	-0.12095617	0.0835704	-0.13326587	0.2180437	-0.32186094	0.21240245	-0.06580124	0.07099837	-0.76171863	0.99999905	-0.45617315
0.10274083	-0.10447837	0.12880692	-0.12528785	0.075997464	-0.12506357	0.112377636	-0.1269057	0.15040986	-0.07622204	0.13303278	-0.14816906	0.17933854	-0.2848468	0.23541553	-0.111395076	0.17051478	-0.20147336	0.21311626	-0.5698526	0.07360706	-0.08024166	0.29484135	-0.45617315	0.99999905
