1.0000001	-0.89029485	0.11369788	-0.0698693	0.08931847	-0.32255724	0.17575814	-0.092714496	0.08190662	-0.11523148	0.16835989	-0.1261069	0.1259147	-0.07318298	0.06612212	-0.13920201	0.108004324	-0.08973312	0.088679455	-0.04743423	0.12656325	-0.090733595	0.085364625	-0.06616545	0.05100306
-0.89029485	1.0000004	-0.14527671	0.08235923	-0.10748689	0.23337395	-0.21022405	0.103963576	-0.09573449	0.12611644	-0.18394479	0.13742818	-0.1507525	0.082866095	-0.0764123	0.13793018	-0.12856306	0.103554614	-0.10539315	0.054387838	-0.15021646	0.103199705	-0.10087363	0.076711655	-0.05935518
0.11369788	-0.14527671	1.0000002	-0.6193964	0.324984	-0.1361519	0.165302	-0.38280493	0.28113884	-0.42825502	0.11072894	-0.13804248	0.17309202	-0.17576995	0.15567236	-0.11293914	0.12599356	-0.117094174	0.1267114	-0.091750644	0.12425115	-0.10277813	0.11213784	-0.09245922	0.096178755
-0.0698693	0.08235923	-0.6193964	1.0000002	-0.63417643	0.086211406	-0.11125559	0.24608494	-0.3326482	0.27555135	-0.07131604	0.09079729	-0.11669669	0.122800596	-0.111199535	0.07167929	-0.082364045	0.07654529	-0.0828736	0.06124612	-0.0800685	0.06648604	-0.073189124	0.060334098	-0.06506976
0.08931847	-0.10748689	0.324984	-0.63417643	1.0000004	-0.11905365	0.14566064	-0.2635903	0.2472074	-0.5235429	0.10012307	-0.12494875	0.16449714	-0.1777075	0.16108613	-0.1029864	0.11873123	-0.111060895	0.12265445	-0.09188001	0.11637547	-0.09649137	0.10748191	-0.08905285	0.096218385
-0.32255724	0.23337395	-0.1361519	0.086211406	-0.11905365	0.99999994	-0.48520297	0.14057563	-0.12675722	0.15342522	-0.59932953	0.24570218	-0.2330437	0.11426954	-0.10333371	0.26999992	-0.20484568	0.15882039	-0.15143098	0.07500426	-0.25996554	0.16705972	-0.15164658	0.11358701	-0.08113954
0.17575814	-0.21022405	0.165302	-0.11125559	0.14566064	-0.48520297	1.0000001	-0.25778022	0.17749274	-0.20962209	0.24494083	-0.6045697	0.28037357	-0.15524103	0.12918717	-0.2300725	0.22017679	-0.19392349	0.1598272	-0.090824164	0.1983297	-0.17978768	0.15736613	-0.12703307	0.09466477
-0.092714496	0.103963576	-0.38280493	0.24608494	-0.2635903	0.14057563	-0.25778022	0.99999994	-0.7745629	0.26093277	-0.11265223	0.16090198	-0.1955667	0.17464481	-0.15946424	0.107188985	-0.12630105	0.1155482	-0.11797434	0.08380791	-0.11713449	0.099033386	-0.10627861	0.08648468	-0.091094464
0.08190662	-0.09573449	0.28113884	-0.3326482	0.2472074	-0.12675722	0.17749274	-0.7745629	0.99999976	-0.3495869	0.098789506	-0.14287609	0.16861491	-0.23054199	0.17240945	-0.09932582	0.11295396	-0.10712851	0.10989845	-0.087534405	0.106226474	-0.09128259	0.09803715	-0.082013376	0.092013665
-0.11523148	0.12611644	-0.42825502	0.27555135	-0.5235429	0.15342522	-0.20962209	0.26093277	-0.3495869	0.9999997	-0.1409425	0.17485434	-0.26468375	0.25297204	-0.35065484	0.13760123	-0.1790282	0.16460961	-0.19438656	0.14967278	-0.17136765	0.13990214	-0.16643167	0.13581558	-0.17059784
0.16835989	-0.18394479	0.11072894	-0.07131604	0.10012307	-0.59932953	0.24494083	-0.11265223	0.098789506	-0.1409425	1.0000001	-0.22965978	0.18423364	-0.10031175	0.08818448	-0.6105594	0.17530303	-0.14417309	0.13190708	-0.0674899	0.25590423	-0.17512476	0.13605076	-0.105568096	0.07148298
-0.1261069	0.13742818	-0.13804248	0.09079729	-0.12494875	0.24570218	-0.6045697	0.16090198	-0.14287609	0.17485434	-0.22965978	0.99999994	-0.5505265	0.1581006	-0.1363394	0.18916705	-0.34946433	0.23460433	-0.1772137	0.09130861	-0.20363419	0.1959041	-0.1791482	0.13632403	-0.09704367
0.1259147	-0.1507525	0.17309202	-0.11669669	0.16449714	-0.2330437	0.28037357	-0.1955667	0.16861491	-0.26468375	0.18423364	-0.5505265	0.99999976	-0.31391388	0.20554616	-0.20242648	0.2722005	-0.41812208	0.22535636	-0.1353484	0.20291181	-0.21422435	0.2198419	-0.1837813	0.1359499
-0.07318298	0.082866095	-0.17576995	0.122800596	-0.1777075	0.11426954	-0.15524103	0.17464481	-0.23054199	0.25297204	-0.10031175	0.1581006	-0.31391388	0.9999996	-0.79498965	0.10272504	-0.13902178	0.14715964	-0.15657902	0.19696963	-0.1191792	0.10944259	-0.13199823	0.11978831	-0.21846953
0.06612212	-0.0764123	0.15567236	-0.111199535	0.16108613	-0.10333371	0.12918717	-0.15946424	0.17240945	-0.35065484	0.08818448	-0.1363394	0.20554616	-0.79498965	0.9999994	-0.09358886	0.11923331	-0.12973985	0.13778433	-0.2948576	0.10516928	-0.097976185	0.11595908	-0.112528875	0.21182413
-0.13920201	0.13793018	-0.11293914	0.07167929	-0.1029864	0.26999992	-0.2300725	0.107188985	-0.09932582	0.13760123	-0.6105594	0.18916705	-0.20242648	0.10272504	-0.09358886	0.9999994	-0.23610912	0.16973372	-0.16645241	0.07497875	-0.57655704	0.2320503	-0.18208134	0.1284079	-0.081329696
0.108004324	-0.12856306	0.12599356	-0.082364045	0.11873123	-0.20484568	0.22017679	-0.12630105	0.11295396	-0.1790282	0.17530303	-0.34946433	0.2722005	-0.13902178	0.11923331	-0.23610912	0.99999946	-0.51883733	0.24039634	-0.10640014	0.26602736	-0.56289774	0.27940565	-0.21589282	0.10990771
-0.08973312	0.103554614	-0.117094174	0.07654529	-0.111060895	0.15882039	-0.19392349	0.1155482	-0.10712851	0.16460961	-0.14417309	0.23460433	-0.41812208	0.14715964	-0.12973985	0.16973372	-0.51883733	0.99999905	-0.44457486	0.12037858	-0.21822056	0.27467403	-0.4713639	0.27216187	-0.12864576
0.088679455	-0.10539315	0.1267114	-0.0828736	0.12265445	-0.15143098	0.1598272	-0.11797434	0.10989845	-0.19438656	0.13190708	-0.1772137	0.22535636	-0.15657902	0.13778433	-0.16645241	0.24039634	-0.44457486	0.9999991	-0.19961308	0.18693303	-0.23960845	0.31714287	-0.66298676	0.18566099
-0.04743423	0.054387838	-0.091750644	0.06124612	-0.09188001	0.07500426	-0.090824164	0.08380791	-0.087534405	0.14967278	-0.0674899	0.09130861	-0.1353484	0.19696963	-0.2948576	0.07497875	-0.10640014	0.12037858	-0.19961308	0.9999992	-0.09144258	0.09327887	-0.14202528	0.1755824	-0.8811525
0.12656325	-0.15021646	0.12425115	-0.0800685	0.11637547	-0.25996554	0.1983297	-0.11713449	0.106226474	-0.17136765	0.25590423	-0.20363419	0.20291181	-0.1191792	0.10516928	-0.57655704	0.26602736	-0.21822056	0.18693303	-0.09144258	0.99999917	-0.5396615	0.22292255	-0.17263904	0.09544461
-0.090733595	0.103199705	-0.10277813	0.06648604	-0.09649137	0.16705972	-0.17978768	0.099033386	-0.09128259	0.13990214	-0.17512476	0.1959041	-0.21422435	0.10944259	-0.097976185	0.2320503	-0.56289774	0.27467403	-0.23960845	0.09327887	-0.5396615	0.9999992	-0.42876306	0.21114203	-0.1009012
0.085364625	-0.10087363	0.11213784	-0.073189124	0.10748191	-0.15164658	0.15736613	-0.10627861	0.09803715	-0.16643167	0.13605076	-0.1791482	0.2198419	-0.13199823	0.11595908	-0.18208134	0.27940565	-0.4713639	0.31714287	-0.14202528	0.22292255	-0.42876306	0.9999992	-0.582767	0.14632247
-0.06616545	0.076711655	-0.09245922	0.060334098	-0.08905285	0.11358701	-0.12703307	0.08648468	-0.082013376	0.13581558	-0.105568096	0.13632403	-0.1837813	0.11978831	-0.112528875	0.1284079	-0.21589282	0.27216187	-0.66298676	0.1755824	-0.17263904	0.21114203	-0.582767	0.99999917	-0.23414634
0.05100306	-0.05935518	0.096178755	-0.06506976	0.096218385	-0.08113954	0.09466477	-0.091094464	0.092013665	-0.17059784	0.07148298	-0.09704367	0.1359499	-0.21846953	0.21182413	-0.081329696	0.10990771	-0.12864576	0.18566099	-0.8811525	0.09544461	-0.1009012	0.14632247	-0.23414634	0.99999917
