1.0000001	-0.803302	0.20476945	-0.14133972	0.073051065	-0.43705246	0.29043984	-0.14164181	0.10270343	-0.09538845	0.13419607	-0.14018112	0.116117425	-0.10323942	0.112240426	-0.1116106	0.05572677	-0.06465565	0.109083176	-0.014301057	0.050838955	-0.04296826	0.042742297	-0.06253613	0.015144041
-0.803302	1.0000002	-0.27080303	0.1306747	-0.067593314	0.28808242	-0.42326474	0.13137175	-0.097880274	0.0852983	-0.11884507	0.13353463	-0.114668734	0.09362677	-0.10264982	0.09374062	-0.04864613	0.056206085	-0.09801886	0.012900295	-0.043966595	0.036989395	-0.037095677	0.053526685	-0.013671494
0.20476945	-0.27080303	1.0000006	-0.55168796	0.22075847	-0.20750579	0.18925199	-0.4752173	0.3003043	-0.2929595	0.19207679	-0.22338973	0.20644654	-0.21814638	0.22873114	-0.1798141	0.0949662	-0.11266273	0.20636442	-0.02848701	0.08579037	-0.07294718	0.07443081	-0.10920253	0.030032562
-0.14133972	0.1306747	-0.55168796	1.0000006	-0.42422444	0.123933196	-0.12839428	0.2941823	-0.5362206	0.27517915	-0.14167745	0.14822496	-0.16157472	0.18678282	-0.22390012	0.119310044	-0.06778822	0.07936278	-0.17568783	0.0258142	-0.06066482	0.05082362	-0.052807894	0.075400904	-0.027369479
0.073051065	-0.067593314	0.22075847	-0.42422444	1.0000006	-0.0721463	0.07146102	-0.16194266	0.18930197	-0.8365445	0.08885478	-0.09172865	0.094045416	-0.13064875	0.16780312	-0.07948723	0.0443301	-0.052477323	0.11174152	-0.01912803	0.039906107	-0.033676527	0.03495648	-0.050868325	0.01987561
-0.43705246	0.28808242	-0.20750579	0.123933196	-0.0721463	1.0000008	-0.761648	0.14110823	-0.11272563	0.088116705	-0.24027714	0.20450579	-0.1820743	0.13062048	-0.14902022	0.14730296	-0.07577187	0.08517082	-0.14734538	0.018787703	-0.06893022	0.057066772	-0.05636386	0.08004202	-0.019982526
0.29043984	-0.42326474	0.18925199	-0.12839428	0.07146102	-0.761648	1.0000008	-0.15162677	0.11177824	-0.08988743	0.1847554	-0.281673	0.18054126	-0.1307327	0.13685447	-0.14225125	0.072039954	-0.0833337	0.135237	-0.017392932	0.0647593	-0.054744106	0.054370575	-0.07819936	0.018432848
-0.14164181	0.13137175	-0.4752173	0.2941823	-0.16194266	0.14110823	-0.15162677	1.0000007	-0.67849344	0.17136253	-0.1725939	0.21582481	-0.3245623	0.22162062	-0.2272889	0.1384102	-0.08175687	0.09655149	-0.20172352	0.026774282	-0.071325466	0.059849054	-0.063147195	0.08748041	-0.028384501
0.10270343	-0.097880274	0.3003043	-0.5362206	0.18930197	-0.11272563	0.11177824	-0.67849344	1.0000006	-0.2225075	0.13597475	-0.17939453	0.19539699	-0.26301947	0.20318103	-0.11876249	0.0679959	-0.08180404	0.1737712	-0.023827676	0.05984968	-0.050757963	0.05326432	-0.075808465	0.025062343
-0.09538845	0.0852983	-0.2929595	0.27517915	-0.8365445	0.088116705	-0.08988743	0.17136253	-0.2225075	1.0000007	-0.10978614	0.10738895	-0.11302979	0.15436153	-0.25112647	0.094740614	-0.053648762	0.062940024	-0.14125478	0.025711142	-0.04831481	0.040512092	-0.04212901	0.060823556	-0.026951171
0.13419607	-0.11884507	0.19207679	-0.14167745	0.08885478	-0.24027714	0.1847554	-0.1725939	0.13597475	-0.10978614	1.0000006	-0.33522454	0.22372876	-0.20899388	0.22917834	-0.6433433	0.20446596	-0.22934374	0.26233003	-0.032014564	0.19822189	-0.16992049	0.15023221	-0.22980611	0.033913538
-0.14018112	0.13353463	-0.22338973	0.14822496	-0.09172865	0.20450579	-0.281673	0.21582481	-0.17939453	0.10738895	-0.33522454	1.0000007	-0.7564894	0.23325436	-0.23832037	0.19534703	-0.12137217	0.13710365	-0.22910663	0.02858125	-0.099368446	0.08357163	-0.08720339	0.11451538	-0.03033438
0.116117425	-0.114668734	0.20644654	-0.16157472	0.094045416	-0.1820743	0.18054126	-0.3245623	0.19539699	-0.11302979	0.22372876	-0.7564894	1.0000005	-0.3459613	0.2259375	-0.18931445	0.11786424	-0.1586811	0.21756819	-0.027578374	0.0956788	-0.08308308	0.090492845	-0.11939166	0.02898801
-0.10323942	0.09362677	-0.21814638	0.18678282	-0.13064875	0.13062048	-0.1307327	0.22162062	-0.26301947	0.15436153	-0.20899388	0.23325436	-0.3459613	1.0000004	-0.62138337	0.18393816	-0.11465846	0.13987643	-0.5259345	0.05754497	-0.09885856	0.083787695	-0.0920178	0.12894142	-0.060460415
0.112240426	-0.10264982	0.22873114	-0.22390012	0.16780312	-0.14902022	0.13685447	-0.2272889	0.20318103	-0.25112647	0.22917834	-0.23832037	0.2259375	-0.62138337	1.0000001	-0.23560885	0.12815233	-0.15696584	0.31618625	-0.09902645	0.115874566	-0.09974774	0.10454318	-0.15811116	0.08984445
-0.1116106	0.09374062	-0.1798141	0.119310044	-0.07948723	0.14730296	-0.14225125	0.1384102	-0.11876249	0.094740614	-0.6433433	0.19534703	-0.18931445	0.18393816	-0.23560885	1.0000002	-0.34697053	0.23446177	-0.298452	0.03248386	-0.38979828	0.23430738	-0.16778658	0.2074761	-0.034713835
0.05572677	-0.04864613	0.0949662	-0.06778822	0.0443301	-0.07577187	0.072039954	-0.08175687	0.0679959	-0.053648762	0.20446596	-0.12137217	0.11786424	-0.11465846	0.12815233	-0.34697053	0.9999999	-0.6198834	0.18282112	-0.021430535	0.2967904	-0.50389624	0.2535807	-0.3165762	0.022554897
-0.06465565	0.056206085	-0.11266273	0.07936278	-0.052477323	0.08517082	-0.0833337	0.09655149	-0.08180404	0.062940024	-0.22934374	0.13710365	-0.1586811	0.13987643	-0.15696584	0.23446177	-0.6198834	0.9999999	-0.2612568	0.02505376	-0.28846073	0.24940881	-0.5108454	0.30286413	-0.026557459
0.109083176	-0.09801886	0.20636442	-0.17568783	0.11174152	-0.14734538	0.135237	-0.20172352	0.1737712	-0.14125478	0.26233003	-0.22910663	0.21756819	-0.5259345	0.31618625	-0.298452	0.18282112	-0.2612568	0.99999994	-0.05044921	0.1580127	-0.14085391	0.15893622	-0.24434105	0.051229287
-0.014301057	0.012900295	-0.02848701	0.0258142	-0.01912803	0.018787703	-0.017392932	0.026774282	-0.023827676	0.025711142	-0.032014564	0.02858125	-0.027578374	0.05754497	-0.09902645	0.03248386	-0.021430535	0.02505376	-0.05044921	0.99999976	-0.019242423	0.016065985	-0.022798575	0.033347793	-0.98999107
0.050838955	-0.043966595	0.08579037	-0.06066482	0.039906107	-0.06893022	0.0647593	-0.071325466	0.05984968	-0.04831481	0.19822189	-0.099368446	0.0956788	-0.09885856	0.115874566	-0.38979828	0.2967904	-0.28846073	0.1580127	-0.019242423	0.9999995	-0.75921196	0.19551957	-0.27353448	0.020271719
-0.04296826	0.036989395	-0.07294718	0.05082362	-0.033676527	0.057066772	-0.054744106	0.059849054	-0.050757963	0.040512092	-0.16992049	0.08357163	-0.08308308	0.083787695	-0.09974774	0.23430738	-0.50389624	0.24940881	-0.14085391	0.016065985	-0.75921196	0.9999997	-0.21339919	0.20691992	-0.01700185
0.042742297	-0.037095677	0.07443081	-0.052807894	0.03495648	-0.05636386	0.054370575	-0.063147195	0.05326432	-0.04212901	0.15023221	-0.08720339	0.090492845	-0.0920178	0.10454318	-0.16778658	0.2535807	-0.5108454	0.15893622	-0.022798575	0.19551957	-0.21339919	0.9999997	-0.76674956	0.023824796
-0.06253613	0.053526685	-0.10920253	0.075400904	-0.050868325	0.08004202	-0.07819936	0.08748041	-0.075808465	0.060823556	-0.22980611	0.11451538	-0.11939166	0.12894142	-0.15811116	0.2074761	-0.3165762	0.30286413	-0.24434105	0.033347793	-0.27353448	0.20691992	-0.76674956	0.99999976	-0.03587854
0.015144041	-0.013671494	0.030032562	-0.027369479	0.01987561	-0.019982526	0.018432848	-0.028384501	0.025062343	-0.026951171	0.033913538	-0.03033438	0.02898801	-0.060460415	0.08984445	-0.034713835	0.022554897	-0.026557459	0.051229287	-0.98999107	0.020271719	-0.01700185	0.023824796	-0.03587854	0.99999976
