1.0	-0.7711925	0.16748835	-0.12823887	0.13325894	-0.44558677	0.3064594	-0.14888805	0.0756974	-0.07917078	0.16391042	-0.17486575	0.12775181	-0.06911143	0.06547657	-0.057055105	0.077368185	-0.07437266	0.046981603	-0.04368355	0.061622933	-0.08457057	0.07849141	-0.030830584	0.02670488
-0.7711925	1.0000001	-0.19227828	0.11676369	-0.11772497	0.29358906	-0.4982326	0.12901683	-0.06598733	0.06460775	-0.1403873	0.13741644	-0.11432214	0.058429744	-0.05428678	0.045802135	-0.063139886	0.061078463	-0.03879251	0.035723854	-0.05048131	0.06631101	-0.06540745	0.025128732	-0.021794504
0.16748835	-0.19227828	1.0000002	-0.6913787	0.29574418	-0.13463666	0.13150077	-0.356229	0.20130002	-0.18374006	0.12272852	-0.12455111	0.21251886	-0.18790966	0.14296374	-0.062417414	0.09214417	-0.10293725	0.098240435	-0.09377216	0.07083102	-0.09983345	0.10942381	-0.064104885	0.054826345
-0.12823887	0.11676369	-0.6913787	1.0000005	-0.5130123	0.09398682	-0.09492276	0.19383596	-0.3059097	0.17775865	-0.09445238	0.0907734	-0.16818862	0.19621335	-0.1491065	0.047409095	-0.071217634	0.078396454	-0.097183965	0.08925936	-0.05486249	0.075014204	-0.08697849	0.060094096	-0.051963918
0.13325894	-0.11772497	0.29574418	-0.5130123	0.99999976	-0.11409102	0.10278433	-0.20416696	0.21244082	-0.32629946	0.11235809	-0.11099336	0.16591226	-0.20353863	0.21073319	-0.06386362	0.09016679	-0.09609227	0.12502468	-0.12055512	0.07355835	-0.101700224	0.10659682	-0.081116304	0.071192525
-0.44558677	0.29358906	-0.13463666	0.09398682	-0.11409102	0.9999997	-0.73480743	0.15154451	-0.063177384	0.0626767	-0.3315674	0.22772013	-0.15034693	0.05592882	-0.054124445	0.06980335	-0.090921365	0.082418956	-0.040133175	0.036422987	-0.076013505	0.09181941	-0.08799051	0.026131699	-0.022717854
0.3064594	-0.4982326	0.13150077	-0.09492276	0.10278433	-0.73480743	0.9999995	-0.16908829	0.059987508	-0.059603877	0.21275464	-0.24452583	0.14028895	-0.054014765	0.050380755	-0.059861332	0.08192046	-0.076342314	0.037459604	-0.034335267	0.063616194	-0.08523902	0.07879349	-0.024566123	0.021221025
-0.14888805	0.12901683	-0.356229	0.19383596	-0.20416696	0.15154451	-0.16908829	0.99999946	-0.14848606	0.11626993	-0.21790776	0.20571914	-0.7595356	0.12236943	-0.10185792	0.095956564	-0.16554691	0.19834313	-0.078561954	0.07011644	-0.111180596	0.15273502	-0.21375512	0.050286513	-0.043092113
0.0756974	-0.06598733	0.20130002	-0.3059097	0.21244082	-0.063177384	0.059987508	-0.14848606	0.9999995	-0.30796123	0.06845972	-0.067178786	0.122436434	-0.79696774	0.24810047	-0.037603125	0.057099152	-0.06539114	0.18393682	-0.17796852	0.04334588	-0.06139338	0.07073554	-0.11611825	0.09319216
-0.07917078	0.06460775	-0.18374006	0.17775865	-0.32629946	0.0626767	-0.059603877	0.11626993	-0.30796123	0.9999997	-0.0695414	0.06559019	-0.111639924	0.25328815	-0.7912207	0.03914523	-0.058783926	0.0650995	-0.21343553	0.19170047	-0.046028472	0.062707596	-0.073805705	0.11427175	-0.11934411
0.16391042	-0.1403873	0.12272852	-0.09445238	0.11235809	-0.3315674	0.21275464	-0.21790776	0.06845972	-0.0695414	0.99999946	-0.82030123	0.21134038	-0.06320043	0.05900929	-0.14952715	0.16589418	-0.13899332	0.04722317	-0.043025203	0.13356528	-0.17214444	0.1310977	-0.03140182	0.026755786
-0.17486575	0.13741644	-0.12455111	0.0907734	-0.11099336	0.22772013	-0.24452583	0.20571914	-0.067178786	0.06559019	-0.82030123	0.9999999	-0.3000821	0.060962386	-0.056949202	0.1299018	-0.20730588	0.14872424	-0.046327654	0.04147155	-0.13724406	0.16489832	-0.14542346	0.030409629	-0.025983127
0.12775181	-0.11432214	0.21251886	-0.16818862	0.16591226	-0.15034693	0.14028895	-0.7595356	0.122436434	-0.111639924	0.21134038	-0.3000821	0.9999997	-0.11921827	0.093826346	-0.104713105	0.18028645	-0.30806625	0.076282114	-0.069664516	0.11164669	-0.18131502	0.21207704	-0.0503282	0.04226371
-0.06911143	0.058429744	-0.18790966	0.19621335	-0.20353863	0.05592882	-0.054014765	0.12236943	-0.79696774	0.25328815	-0.06320043	0.060962386	-0.11921827	1.0000001	-0.36480618	0.03441609	-0.053519025	0.062065758	-0.26167256	0.18435015	-0.039925735	0.056129564	-0.0675363	0.11871779	-0.10103907
0.06547657	-0.05428678	0.14296374	-0.1491065	0.21073319	-0.054124445	0.050380755	-0.10185792	0.24810047	-0.7912207	0.05900929	-0.056949202	0.093826346	-0.36480618	0.9999998	-0.034439493	0.05140772	-0.05773919	0.209483	-0.27295613	0.040042695	-0.056246754	0.06399853	-0.13003808	0.124879494
-0.057055105	0.045802135	-0.062417414	0.047409095	-0.06386362	0.06980335	-0.059861332	0.095956564	-0.037603125	0.03914523	-0.14952715	0.1299018	-0.104713105	0.03441609	-0.034439493	0.9999995	-0.33001822	0.1543505	-0.032614343	0.028646939	-0.8894395	0.22584684	-0.15177844	0.02194302	-0.018502384
0.077368185	-0.063139886	0.09214417	-0.071217634	0.09016679	-0.090921365	0.08192046	-0.16554691	0.057099152	-0.058783926	0.16589418	-0.20730588	0.18028645	-0.053519025	0.05140772	-0.33001822	0.9999995	-0.4993336	0.05489522	-0.047840856	0.24299188	-0.67000926	0.30946225	-0.0370996	0.030501679
-0.07437266	0.061078463	-0.10293725	0.078396454	-0.09609227	0.082418956	-0.076342314	0.19834313	-0.06539114	0.0650995	-0.13899332	0.14872424	-0.30806625	0.062065758	-0.05773919	0.1543505	-0.4993336	0.99999964	-0.07502252	0.06041963	-0.17060852	0.3127641	-0.70869225	0.047975928	-0.038840357
0.046981603	-0.03879251	0.098240435	-0.097183965	0.12502468	-0.040133175	0.037459604	-0.078561954	0.18393682	-0.21343553	0.04722317	-0.046327654	0.076282114	-0.26167256	0.209483	-0.032614343	0.05489522	-0.07502252	0.9999995	-0.7307623	0.037278824	-0.05861152	0.07382753	-0.46800086	0.29614425
-0.04368355	0.035723854	-0.09377216	0.08925936	-0.12055512	0.036422987	-0.034335267	0.07011644	-0.17796852	0.19170047	-0.043025203	0.04147155	-0.069664516	0.18435015	-0.27295613	0.028646939	-0.047840856	0.06041963	-0.7307623	0.99999976	-0.03324381	0.050092272	-0.06476965	0.3029626	-0.48283544
0.061622933	-0.05048131	0.07083102	-0.05486249	0.07355835	-0.076013505	0.063616194	-0.111180596	0.04334588	-0.046028472	0.13356528	-0.13724406	0.11164669	-0.039925735	0.040042695	-0.8894395	0.24299188	-0.17060852	0.037278824	-0.03324381	0.99999946	-0.2968079	0.15452626	-0.025297455	0.02126382
-0.08457057	0.06631101	-0.09983345	0.075014204	-0.101700224	0.09181941	-0.08523902	0.15273502	-0.06139338	0.062707596	-0.17214444	0.16489832	-0.18131502	0.056129564	-0.056246754	0.22584684	-0.67000926	0.3127641	-0.05861152	0.050092272	-0.2968079	0.9999993	-0.5385011	0.040989537	-0.034530275
0.07849141	-0.06540745	0.10942381	-0.08697849	0.10659682	-0.08799051	0.07879349	-0.21375512	0.07073554	-0.073805705	0.1310977	-0.14542346	0.21207704	-0.0675363	0.06399853	-0.15177844	0.30946225	-0.70869225	0.07382753	-0.06476965	0.15452626	-0.5385011	0.9999993	-0.05512201	0.043824088
-0.030830584	0.025128732	-0.064104885	0.060094096	-0.081116304	0.026131699	-0.024566123	0.050286513	-0.11611825	0.11427175	-0.03140182	0.030409629	-0.0503282	0.11871779	-0.13003808	0.02194302	-0.0370996	0.047975928	-0.46800086	0.3029626	-0.025297455	0.040989537	-0.05512201	0.99999917	-0.8111359
0.02670488	-0.021794504	0.054826345	-0.051963918	0.071192525	-0.022717854	0.021221025	-0.043092113	0.09319216	-0.11934411	0.026755786	-0.025983127	0.04226371	-0.10103907	0.124879494	-0.018502384	0.030501679	-0.038840357	0.29614425	-0.48283544	0.02126382	-0.034530275	0.043824088	-0.8111359	0.99999917
