1.0	-0.7464378	0.30807504	-0.21822652	0.18612327	-0.20862173	0.17299739	-0.19142222	0.12923281	-0.0635859	0.13684109	-0.12197168	0.15365803	-0.13524337	0.054227073	-0.07454065	0.08618554	-0.07627322	0.08507167	-0.06489023	0.08227474	-0.08410397	0.08628297	-0.08952005	0.060567852
-0.7464378	0.9999998	-0.52738625	0.18271579	-0.16875182	0.17281787	-0.19733804	0.16956636	-0.11492875	0.051001377	-0.12064639	0.10790455	-0.13564749	0.11050937	-0.044070344	0.061549686	-0.071248904	0.062644176	-0.068856895	0.05145543	-0.06847787	0.066879615	-0.06975735	0.07019988	-0.048267726
0.30807504	-0.52738625	1.0	-0.44925922	0.27387577	-0.21722095	0.18603173	-0.2845371	0.1719624	-0.07991155	0.1547776	-0.13710728	0.18241058	-0.17088433	0.06797662	-0.084321	0.099502884	-0.08865987	0.10317107	-0.07872243	0.093409814	-0.09603314	0.099403694	-0.107127756	0.0731078
-0.21822652	0.18271579	-0.44925922	0.99999994	-0.7874966	0.12801282	-0.1125437	0.15689528	-0.15918837	0.08136428	-0.10806269	0.09091273	-0.1316664	0.13127995	-0.07141287	0.058489256	-0.0721345	0.06402621	-0.08341263	0.06516571	-0.06614712	0.06775373	-0.07228903	0.08227302	-0.061681546
0.18612327	-0.16875182	0.27387577	-0.7874966	0.9999999	-0.14361289	0.116002485	-0.16331352	0.14281727	-0.10707344	0.11640036	-0.09842636	0.1388604	-0.14448455	0.08515704	-0.06568075	0.08055278	-0.07194646	0.09384835	-0.07749742	0.073643126	-0.07836562	0.081947505	-0.097250566	0.07183588
-0.20862173	0.17281787	-0.21722095	0.12801282	-0.14361289	1.0	-0.69947904	0.29080832	-0.22606197	0.079676665	-0.39746702	0.27930465	-0.33041424	0.1945328	-0.070825756	0.15527122	-0.1609105	0.13579248	-0.12647322	0.088098824	-0.17817493	0.14054696	-0.15090491	0.12152159	-0.084360994
0.17299739	-0.19733804	0.18603173	-0.1125437	0.116002485	-0.69947904	1.0000004	-0.47604418	0.20736374	-0.07089126	0.26065564	-0.3498635	0.26300195	-0.19367069	0.06133788	-0.116193786	0.12391258	-0.11008119	0.10840947	-0.0775932	0.122562036	-0.11093105	0.11317107	-0.10767577	0.07167571
-0.19142222	0.16956636	-0.2845371	0.15689528	-0.16331352	0.29080832	-0.47604418	1.0000001	-0.5346758	0.10374101	-0.27012137	0.23850802	-0.3966578	0.28400755	-0.09272351	0.12701358	-0.15690039	0.13928513	-0.1600414	0.10826297	-0.14404683	0.13418518	-0.14760841	0.14508414	-0.10197946
0.12923281	-0.11492875	0.1719624	-0.15918837	0.14281727	-0.22606197	0.20736374	-0.5346758	1.0000002	-0.1523605	0.1756277	-0.16751125	0.25275496	-0.67727554	0.122638054	-0.093076535	0.12202907	-0.11656892	0.20074438	-0.14338538	0.101795666	-0.11102767	0.11887555	-0.18940164	0.12247385
-0.0635859	0.051001377	-0.07991155	0.08136428	-0.10707344	0.079676665	-0.07089126	0.10374101	-0.1523605	1.0000002	-0.08276478	0.06934389	-0.11166507	0.14384136	-0.9001356	0.048311807	-0.0762411	0.07176306	-0.1910033	0.22591661	-0.054675646	0.06665648	-0.07760308	0.15290454	-0.22599107
0.13684109	-0.12064639	0.1547776	-0.10806269	0.11640036	-0.39746702	0.26065564	-0.27012137	0.1756277	-0.08276478	1.0000001	-0.64358634	0.29978594	-0.21695241	0.069957614	-0.34720564	0.17694356	-0.15963505	0.1298709	-0.09654851	0.23235807	-0.18507893	0.159765	-0.14032267	0.0878411
-0.12197168	0.10790455	-0.13710728	0.09091273	-0.09842636	0.27930465	-0.3498635	0.23850802	-0.16751125	0.06934389	-0.64358634	0.99999994	-0.54611754	0.19019504	-0.05995743	0.18063605	-0.19424655	0.16020508	-0.115706466	0.08152215	-0.18289627	0.15045634	-0.14643791	0.11641234	-0.075143
0.15365803	-0.13564749	0.18241058	-0.1316664	0.1388604	-0.33041424	0.26300195	-0.3966578	0.25275496	-0.11166507	0.29978594	-0.54611754	1.0000001	-0.38316408	0.09463271	-0.17151023	0.21559197	-0.26187524	0.18334684	-0.13299869	0.16340536	-0.1959644	0.18920678	-0.19130734	0.117904045
-0.13524337	0.11050937	-0.17088433	0.13127995	-0.14448455	0.1945328	-0.19367069	0.28400755	-0.67727554	0.14384136	-0.21695241	0.19019504	-0.38316408	1.0000002	-0.14105466	0.111893386	-0.15891686	0.14953129	-0.36116996	0.17098613	-0.12634248	0.13396782	-0.15278307	0.21749678	-0.15631336
0.054227073	-0.044070344	0.06797662	-0.07141287	0.08515704	-0.070825756	0.06133788	-0.09272351	0.122638054	-0.9001356	0.069957614	-0.05995743	0.09463271	-0.14105466	1.0	-0.041574508	0.06499146	-0.06294387	0.1665157	-0.3084973	0.046439677	-0.058707707	0.06662511	-0.15013525	0.19112317
-0.07454065	0.061549686	-0.084321	0.058489256	-0.06568075	0.15527122	-0.116193786	0.12701358	-0.093076535	0.048311807	-0.34720564	0.18063605	-0.17151023	0.111893386	-0.041574508	1.0000001	-0.2056497	0.14399694	-0.085434176	0.06019703	-0.84372205	0.2097881	-0.1858135	0.089625925	-0.05739839
0.08618554	-0.071248904	0.099502884	-0.0721345	0.08055278	-0.1609105	0.12391258	-0.15690039	0.12202907	-0.0762411	0.17694356	-0.19424655	0.21559197	-0.15891686	0.06499146	-0.2056497	0.9999999	-0.74020016	0.16002299	-0.10923397	0.18212065	-0.4554305	0.31002814	-0.16534178	0.09795043
-0.07627322	0.062644176	-0.08865987	0.06402621	-0.07194646	0.13579248	-0.11008119	0.13928513	-0.11656892	0.07176306	-0.15963505	0.16020508	-0.26187524	0.14953129	-0.06294387	0.14399694	-0.74020016	0.9999999	-0.19922912	0.10894297	-0.14950043	0.2972312	-0.4863369	0.16220725	-0.10068851
0.08507167	-0.068856895	0.10317107	-0.08341263	0.09384835	-0.12647322	0.10840947	-0.1600414	0.20074438	-0.1910033	0.1298709	-0.115706466	0.18334684	-0.36116996	0.1665157	-0.085434176	0.16002299	-0.19922912	1.0000001	-0.48840588	0.09270593	-0.14109655	0.16174422	-0.63859314	0.30497098
-0.06489023	0.05145543	-0.07872243	0.06516571	-0.07749742	0.088098824	-0.0775932	0.10826297	-0.14338538	0.22591661	-0.09654851	0.08152215	-0.13299869	0.17098613	-0.3084973	0.06019703	-0.10923397	0.10894297	-0.48840588	0.9999999	-0.06741767	0.09268577	-0.1119833	0.31078455	-0.7038232
0.08227474	-0.06847787	0.093409814	-0.06614712	0.073643126	-0.17817493	0.122562036	-0.14404683	0.101795666	-0.054675646	0.23235807	-0.18289627	0.16340536	-0.12634248	0.046439677	-0.84372205	0.18212065	-0.14950043	0.09270593	-0.06741767	0.99999976	-0.30801123	0.18817863	-0.10132404	0.06325023
-0.08410397	0.066879615	-0.09603314	0.06775373	-0.07836562	0.14054696	-0.11093105	0.13418518	-0.11102767	0.06665648	-0.18507893	0.15045634	-0.1959644	0.13396782	-0.058707707	0.2097881	-0.4554305	0.2972312	-0.14109655	0.09268577	-0.30801123	0.99999964	-0.72543234	0.14669144	-0.09557619
0.08628297	-0.06975735	0.099403694	-0.07228903	0.081947505	-0.15090491	0.11317107	-0.14760841	0.11887555	-0.07760308	0.159765	-0.14643791	0.18920678	-0.15278307	0.06662511	-0.1858135	0.31002814	-0.4863369	0.16174422	-0.1119833	0.18817863	-0.72543234	0.9999996	-0.2001871	0.11003328
-0.08952005	0.07019988	-0.107127756	0.08227302	-0.097250566	0.12152159	-0.10767577	0.14508414	-0.18940164	0.15290454	-0.14032267	0.11641234	-0.19130734	0.21749678	-0.15013525	0.089625925	-0.16534178	0.16220725	-0.63859314	0.31078455	-0.10132404	0.14669144	-0.2001871	0.9999995	-0.5657508
0.060567852	-0.048267726	0.0731078	-0.061681546	0.07183588	-0.084360994	0.07167571	-0.10197946	0.12247385	-0.22599107	0.0878411	-0.075143	0.117904045	-0.15631336	0.19112317	-0.05739839	0.09795043	-0.10068851	0.30497098	-0.7038232	0.06325023	-0.09557619	0.11003328	-0.5657508	0.9999995
