1.0000001	-0.48973444	0.244125	-0.100756794	0.09608151	-0.70069224	0.25029284	-0.16399819	0.12800659	-0.20243673	0.27458763	-0.21692108	0.17263678	-0.12476923	0.051936332	-0.09725782	0.16425633	-0.17276254	0.14281934	-0.05700508	0.099474706	-0.11537231	0.09126319	-0.076338366	0.093056016
-0.48973444	1.0000002	-0.5531283	0.13191986	-0.12619726	0.26332688	-0.49606904	0.22545233	-0.16483992	0.22571416	-0.26661164	0.21592045	-0.22908674	0.14944513	-0.060779013	0.097201355	-0.1826473	0.1818464	-0.16800949	0.0656837	-0.10630908	0.11963856	-0.098534584	0.08283886	-0.10320998
0.244125	-0.5531283	1.0000002	-0.23738027	0.19245484	-0.22352383	0.30251056	-0.2954187	0.22056368	-0.37107053	0.23007496	-0.21820602	0.25013047	-0.20925674	0.08637443	-0.10537107	0.20204575	-0.2370472	0.2240059	-0.09491293	0.11563061	-0.14843456	0.123633035	-0.10782304	0.13386358
-0.100756794	0.13191986	-0.23738027	1.0000001	-0.8411457	0.08879359	-0.15722223	0.16029923	-0.33214703	0.2718672	-0.11768844	0.1118946	-0.16426778	0.1880488	-0.069586575	0.05623571	-0.11595203	0.13469298	-0.18574521	0.07129953	-0.063873984	0.08241413	-0.07323398	0.066589855	-0.0849745
0.09608151	-0.12619726	0.19245484	-0.8411457	0.9999994	-0.08606586	0.1451184	-0.15146843	0.23555517	-0.3953046	0.11325371	-0.10831073	0.15059404	-0.18931513	0.07057178	-0.054979034	0.11244045	-0.135438	0.17031476	-0.07494786	0.06230451	-0.08186509	0.07204106	-0.065610215	0.08285754
-0.70069224	0.26332688	-0.22352383	0.08879359	-0.08606586	0.99999964	-0.2759931	0.15579626	-0.11881669	0.17187782	-0.51883996	0.22685724	-0.17792305	0.11377025	-0.046719965	0.11060103	-0.17727211	0.15895805	-0.13293278	0.05086965	-0.116280854	0.11070472	-0.08839382	0.07189198	-0.08870101
0.25029284	-0.49606904	0.30251056	-0.15722223	0.1451184	-0.2759931	0.9999993	-0.475234	0.22319056	-0.3097103	0.26458162	-0.3725986	0.30021417	-0.21136118	0.08112469	-0.11669466	0.23136543	-0.25301832	0.21329662	-0.08905215	0.122477025	-0.16070084	0.1280817	-0.10788374	0.1303745
-0.16399819	0.22545233	-0.2954187	0.16029923	-0.15146843	0.15579626	-0.475234	0.999999	-0.40019238	0.2623218	-0.20159124	0.2339773	-0.64000434	0.23966026	-0.08233707	0.08996794	-0.19112924	0.21202579	-0.2196013	0.08637874	-0.098169886	0.12626284	-0.10743735	0.091486886	-0.1127963
0.12800659	-0.16483992	0.22056368	-0.33214703	0.23555517	-0.11881669	0.22319056	-0.40019238	0.99999905	-0.44169387	0.15733264	-0.16575669	0.26507106	-0.6054125	0.1286438	-0.07769186	0.16169798	-0.21163091	0.28129873	-0.13644227	0.08678095	-0.11991279	0.1053502	-0.097296566	0.11822551
-0.20243673	0.22571416	-0.37107053	0.2718672	-0.3953046	0.17187782	-0.3097103	0.2623218	-0.44169387	0.99999887	-0.2491043	0.22016528	-0.31375563	0.28465843	-0.13967428	0.118495986	-0.24763905	0.25596362	-0.39363873	0.13228585	-0.13839838	0.16649947	-0.15298863	0.1390944	-0.18695152
0.27458763	-0.26661164	0.23007496	-0.11768844	0.11325371	-0.51883996	0.26458162	-0.20159124	0.15733264	-0.2491043	0.9999992	-0.53736436	0.23253894	-0.15936412	0.065958425	-0.21589051	0.26647297	-0.25213042	0.1853367	-0.072631694	0.17912689	-0.1803895	0.13434279	-0.10871204	0.12910071
-0.21692108	0.21592045	-0.21820602	0.1118946	-0.10831073	0.22685724	-0.3725986	0.2339773	-0.16575669	0.22016528	-0.53736436	0.9999992	-0.37718463	0.16335486	-0.064918585	0.16739938	-0.5223144	0.25403458	-0.1926418	0.07037208	-0.17177853	0.19054534	-0.14921145	0.111192085	-0.13641222
0.17263678	-0.22908674	0.25013047	-0.16426778	0.15059404	-0.17792305	0.30021417	-0.64000434	0.26507106	-0.31375563	0.23253894	-0.37718463	0.9999993	-0.29613325	0.09514723	-0.112426415	0.23754868	-0.31764138	0.2442449	-0.1041123	0.11914423	-0.16735156	0.13894068	-0.115296006	0.13781337
-0.12476923	0.14944513	-0.20925674	0.1880488	-0.18931513	0.11377025	-0.21136118	0.23966026	-0.6054125	0.28465843	-0.15936412	0.16335486	-0.29613325	0.9999994	-0.21661456	0.08084686	-0.17448002	0.22985105	-0.5549131	0.17678255	-0.09149141	0.12884237	-0.1192801	0.115915686	-0.1409139
0.051936332	-0.060779013	0.08637443	-0.069586575	0.07057178	-0.046719965	0.08112469	-0.08233707	0.1286438	-0.13967428	0.065958425	-0.064918585	0.09514723	-0.21661456	0.9999995	-0.034540135	0.072557494	-0.09409013	0.15035348	-0.94680756	0.039234374	-0.060287632	0.054377045	-0.0626561	0.07913605
-0.09725782	0.097201355	-0.10537107	0.05623571	-0.054979034	0.11060103	-0.11669466	0.08996794	-0.07769186	0.118495986	-0.21589051	0.16739938	-0.112426415	0.08084686	-0.034540135	0.99999964	-0.28788736	0.16133638	-0.105731994	0.037865732	-0.8965963	0.15979823	-0.11415517	0.078662775	-0.09495291
0.16425633	-0.1826473	0.20204575	-0.11595203	0.11244045	-0.17727211	0.23136543	-0.19112924	0.16169798	-0.24763905	0.26647297	-0.5223144	0.23754868	-0.17448002	0.072557494	-0.28788736	0.9999996	-0.4593901	0.22682159	-0.08013721	0.22407974	-0.4056387	0.2353038	-0.16651505	0.18646061
-0.17276254	0.1818464	-0.2370472	0.13469298	-0.135438	0.15895805	-0.25301832	0.21202579	-0.21163091	0.25596362	-0.25213042	0.25403458	-0.31764138	0.22985105	-0.09409013	0.16133638	-0.4593901	0.99999946	-0.47823972	0.10005606	-0.19010648	0.2824765	-0.3825328	0.2162239	-0.27755842
0.14281934	-0.16800949	0.2240059	-0.18574521	0.17031476	-0.13293278	0.21329662	-0.2196013	0.28129873	-0.39363873	0.1853367	-0.1926418	0.2442449	-0.5549131	0.15035348	-0.105731994	0.22682159	-0.47823972	0.9999996	-0.17406455	0.117905006	-0.20066036	0.18466009	-0.20432875	0.19850421
-0.05700508	0.0656837	-0.09491293	0.07129953	-0.07494786	0.05086965	-0.08905215	0.08637874	-0.13644227	0.13228585	-0.072631694	0.07037208	-0.1041123	0.17678255	-0.94680756	0.037865732	-0.08013721	0.10005606	-0.17406455	0.9999997	-0.043281507	0.06513297	-0.059869546	0.06834351	-0.09265672
0.099474706	-0.10630908	0.11563061	-0.063873984	0.06230451	-0.116280854	0.122477025	-0.098169886	0.08678095	-0.13839838	0.17912689	-0.17177853	0.11914423	-0.09149141	0.039234374	-0.8965963	0.22407974	-0.19010648	0.117905006	-0.043281507	0.9999993	-0.20190796	0.12585045	-0.09013295	0.10377102
-0.11537231	0.11963856	-0.14843456	0.08241413	-0.08186509	0.11070472	-0.16070084	0.12626284	-0.11991279	0.16649947	-0.1803895	0.19054534	-0.16735156	0.12884237	-0.060287632	0.15979823	-0.4056387	0.2824765	-0.20066036	0.06513297	-0.20190796	0.9999995	-0.70661324	0.25781766	-0.3362044
0.09126319	-0.098534584	0.123633035	-0.07323398	0.07204106	-0.08839382	0.1280817	-0.10743735	0.1053502	-0.15298863	0.13434279	-0.14921145	0.13894068	-0.1192801	0.054377045	-0.11415517	0.2353038	-0.3825328	0.18466009	-0.059869546	0.12585045	-0.70661324	0.9999995	-0.44846562	0.28518543
-0.076338366	0.08283886	-0.10782304	0.066589855	-0.065610215	0.07189198	-0.10788374	0.091486886	-0.097296566	0.1390944	-0.10871204	0.111192085	-0.115296006	0.115915686	-0.0626561	0.078662775	-0.16651505	0.2162239	-0.20432875	0.06834351	-0.09013295	0.25781766	-0.44846562	0.9999994	-0.80433375
0.093056016	-0.10320998	0.13386358	-0.0849745	0.08285754	-0.08870101	0.1303745	-0.1127963	0.11822551	-0.18695152	0.12910071	-0.13641222	0.13781337	-0.1409139	0.07913605	-0.09495291	0.18646061	-0.27755842	0.19850421	-0.09265672	0.10377102	-0.3362044	0.28518543	-0.80433375	0.9999994
