1.0000001	-0.3519557	0.22960205	-0.22664593	0.17118436	-0.558034	0.32492882	-0.34393674	0.18201996	-0.19755645	0.19352567	-0.19369672	0.19830976	-0.20799765	0.18536924	-0.19454478	0.14974998	-0.23483756	0.17065601	-0.2539366	0.08744412	-0.08006307	0.14656886	-0.16790517	0.12771581
-0.3519557	0.9999997	-0.8308306	0.2168295	-0.19437864	0.16237144	-0.22517093	0.18905246	-0.14431901	0.1350117	-0.08096174	0.08027759	-0.115776315	0.11684594	-0.11621114	0.077255994	-0.06695893	0.11401429	-0.0891347	0.11950085	-0.044758905	0.039650045	-0.07635508	0.081376016	-0.06236118
0.22960205	-0.8308306	0.9999995	-0.3313107	0.19446579	-0.13890737	0.17284574	-0.23803736	0.15543981	-0.1517305	0.07325349	-0.076237775	0.12591913	-0.12819883	0.120620355	-0.07326259	0.06441829	-0.12599246	0.09561429	-0.12988535	0.04639877	-0.041390114	0.08120477	-0.087898076	0.06351988
-0.22664593	0.2168295	-0.3313107	0.99999905	-0.7177158	0.11893278	-0.1829117	0.20450117	-0.39449665	0.29778147	-0.07131773	0.072902225	-0.13696237	0.1819931	-0.19017181	0.06929387	-0.06510726	0.13040522	-0.116684176	0.14527528	-0.05355168	0.04650737	-0.09373822	0.09734762	-0.07175013
0.17118436	-0.19437864	0.19446579	-0.7177158	0.9999993	-0.098270305	0.14349659	-0.20690662	0.2918779	-0.5259954	0.06156903	-0.06520251	0.1282258	-0.1802575	0.16818236	-0.06193998	0.058369573	-0.12968872	0.1112456	-0.14564441	0.04972061	-0.04384219	0.08870723	-0.09571033	0.06517997
-0.558034	0.16237144	-0.13890737	0.11893278	-0.098270305	0.9999991	-0.666412	0.19161034	-0.10282161	0.10626633	-0.330162	0.20052575	-0.12299918	0.115715094	-0.107930735	0.19750352	-0.15537183	0.13666454	-0.098326474	0.13739827	-0.05877865	0.05289485	-0.08857581	0.09576651	-0.07136659
0.32492882	-0.22517093	0.17284574	-0.1829117	0.14349659	-0.666412	0.9999991	-0.33475545	0.16003908	-0.17069225	0.22357017	-0.23997863	0.18912394	-0.18594207	0.16687919	-0.22154486	0.16911799	-0.21852928	0.15529948	-0.22664946	0.08345112	-0.07627095	0.13559818	-0.1527068	0.113140196
-0.34393674	0.18905246	-0.23803736	0.20450117	-0.20690662	0.19161034	-0.33475545	0.9999989	-0.32294884	0.2165161	-0.13220896	0.14001401	-0.59165394	0.24864893	-0.26120266	0.12534611	-0.13104583	0.28623733	-0.2138476	0.22601807	-0.10925835	0.09218762	-0.20097868	0.17852542	-0.12638262
0.18201996	-0.14431901	0.15543981	-0.39449665	0.2918779	-0.10282161	0.16003908	-0.32294884	0.9999994	-0.681983	0.06934642	-0.07453892	0.18355975	-0.37438568	0.2445148	-0.06938888	0.06855549	-0.16694838	0.15535349	-0.18297705	0.06272078	-0.054680645	0.115440615	-0.12198142	0.07355322
-0.19755645	0.1350117	-0.1517305	0.29778147	-0.5259954	0.10626633	-0.17069225	0.2165161	-0.681983	0.9999995	-0.068741195	0.07131439	-0.15576515	0.23290801	-0.26450467	0.06714366	-0.06549088	0.1407923	-0.13786566	0.16334505	-0.059064515	0.050717033	-0.10527922	0.107405655	-0.07579677
0.19352567	-0.08096174	0.07325349	-0.07131773	0.06156903	-0.330162	0.22357017	-0.13220896	0.06934642	-0.068741195	0.99999946	-0.5981015	0.11176626	-0.085554205	0.081235595	-0.6224116	0.31828415	-0.12413037	0.079686455	-0.10031262	0.0728414	-0.06664997	0.07961315	-0.0801957	0.04899355
-0.19369672	0.08027759	-0.076237775	0.072902225	-0.06520251	0.20052575	-0.23997863	0.14001401	-0.07453892	0.07131439	-0.5981015	0.99999905	-0.14925063	0.092726626	-0.09042359	0.3318185	-0.65298444	0.14632945	-0.089706145	0.10488028	-0.07244127	0.06440891	-0.09045815	0.085926965	-0.051537506
0.19830976	-0.115776315	0.12591913	-0.13696237	0.1282258	-0.12299918	0.18912394	-0.59165394	0.18355975	-0.15576515	0.11176626	-0.14925063	0.9999991	-0.29083627	0.21835633	-0.11506602	0.13078758	-0.6098373	0.22271791	-0.23857726	0.099651925	-0.09106669	0.20817447	-0.20358951	0.08799557
-0.20799765	0.11684594	-0.12819883	0.1819931	-0.1802575	0.115715094	-0.18594207	0.24864893	-0.37438568	0.23290801	-0.085554205	0.092726626	-0.29083627	0.999999	-0.6839194	0.08583459	-0.08895903	0.2318972	-0.35672852	0.29504505	-0.09660754	0.081953935	-0.18806615	0.19200286	-0.09791455
0.18536924	-0.11621114	0.120620355	-0.19017181	0.16818236	-0.107930735	0.16687919	-0.26120266	0.2445148	-0.26450467	0.081235595	-0.09042359	0.21835633	-0.6839194	0.9999991	-0.08491732	0.08569087	-0.24034901	0.27562475	-0.49136916	0.0914876	-0.08071689	0.17488523	-0.20335989	0.098311976
-0.19454478	0.077255994	-0.07326259	0.06929387	-0.06193998	0.19750352	-0.22154486	0.12534611	-0.06938888	0.06714366	-0.6224116	0.3318185	-0.11506602	0.08583459	-0.08491732	0.99999887	-0.6382845	0.13346942	-0.08549621	0.10028957	-0.10250009	0.084878445	-0.091079235	0.08576846	-0.050199505
0.14974998	-0.06695893	0.06441829	-0.06510726	0.058369573	-0.15537183	0.16911799	-0.13104583	0.06855549	-0.06549088	0.31828415	-0.65298444	0.13078758	-0.08895903	0.08569087	-0.6382845	0.99999887	-0.17610826	0.09086866	-0.10385082	0.08438241	-0.07960886	0.094975054	-0.090143725	0.04752052
-0.23483756	0.11401429	-0.12599246	0.13040522	-0.12968872	0.13666454	-0.21852928	0.28623733	-0.16694838	0.1407923	-0.12413037	0.14632945	-0.6098373	0.2318972	-0.24034901	0.13346942	-0.17610826	0.9999987	-0.3713536	0.2557841	-0.1502545	0.130665	-0.41348195	0.2664239	-0.108347766
0.17065601	-0.0891347	0.09561429	-0.116684176	0.1112456	-0.098326474	0.15529948	-0.2138476	0.15535349	-0.13786566	0.079686455	-0.089706145	0.22271791	-0.35672852	0.27562475	-0.08549621	0.09086866	-0.3713536	0.9999984	-0.6182891	0.12087878	-0.10832281	0.27320516	-0.47368458	0.09727387
-0.2539366	0.11950085	-0.12988535	0.14527528	-0.14564441	0.13739827	-0.22664946	0.22601807	-0.18297705	0.16334505	-0.10031262	0.10488028	-0.23857726	0.29504505	-0.49136916	0.10028957	-0.10385082	0.2557841	-0.6182891	0.9999983	-0.13700326	0.1118138	-0.26714516	0.2566941	-0.1376968
0.08744412	-0.044758905	0.04639877	-0.05355168	0.04972061	-0.05877865	0.08345112	-0.10925835	0.06272078	-0.059064515	0.0728414	-0.07244127	0.099651925	-0.09660754	0.0914876	-0.10250009	0.08438241	-0.1502545	0.12087878	-0.13700326	0.9999983	-0.91953075	0.21876675	-0.21434297	0.05361939
-0.08006307	0.039650045	-0.041390114	0.04650737	-0.04384219	0.05289485	-0.07627095	0.09218762	-0.054680645	0.050717033	-0.06664997	0.06440891	-0.09106669	0.081953935	-0.08071689	0.084878445	-0.07960886	0.130665	-0.10832281	0.1118138	-0.91953075	0.9999982	-0.29017928	0.17863363	-0.047496732
0.14656886	-0.07635508	0.08120477	-0.09373822	0.08870723	-0.08857581	0.13559818	-0.20097868	0.115440615	-0.10527922	0.07961315	-0.09045815	0.20817447	-0.18806615	0.17488523	-0.091079235	0.094975054	-0.41348195	0.27320516	-0.26714516	0.21876675	-0.29017928	0.99999803	-0.71583635	0.09511891
-0.16790517	0.081376016	-0.087898076	0.09734762	-0.09571033	0.09576651	-0.1527068	0.17852542	-0.12198142	0.107405655	-0.0801957	0.085926965	-0.20358951	0.19200286	-0.20335989	0.08576846	-0.090143725	0.2664239	-0.47368458	0.2566941	-0.21434297	0.17863363	-0.71583635	0.999998	-0.121044986
0.12771581	-0.06236118	0.06351988	-0.07175013	0.06517997	-0.07136659	0.113140196	-0.12638262	0.07355322	-0.07579677	0.04899355	-0.051537506	0.08799557	-0.09791455	0.098311976	-0.050199505	0.04752052	-0.108347766	0.09727387	-0.1376968	0.05361939	-0.047496732	0.09511891	-0.121044986	0.999998
