1.0000001	-0.6069485	0.15838462	-0.11886873	0.070628054	-0.41720358	0.29314154	-0.17600435	0.13022354	-0.06828536	0.2327047	-0.22951381	0.18345138	-0.10282935	0.09707668	-0.18217787	0.15937363	-0.18769349	0.1590181	-0.12091023	0.1587845	-0.12477705	0.15585445	-0.12548348	0.16656747
-0.6069485	1.0000001	-0.26855782	0.155335	-0.092153005	0.2929352	-0.5197062	0.22787951	-0.18583271	0.084433585	-0.24082664	0.20513815	-0.19894186	0.11247165	-0.110562265	0.1588366	-0.15767236	0.17744961	-0.17234239	0.12559733	-0.16767637	0.12435346	-0.16528098	0.12832801	-0.18069609
0.15838462	-0.26855782	1.0000004	-0.48002744	0.12155714	-0.15263459	0.20337664	-0.7388443	0.294604	-0.11900804	0.11443608	-0.123760395	0.13646743	-0.09961316	0.09074804	-0.085254334	0.080161534	-0.12196187	0.096173935	-0.07800884	0.07691363	-0.063108474	0.08344075	-0.069485806	0.08983357
-0.11886873	0.155335	-0.48002744	1.0000001	-0.25073138	0.10114896	-0.13710153	0.28767258	-0.74815565	0.19706789	-0.08595565	0.09023435	-0.1054269	0.13279834	-0.1280715	0.06485326	-0.062849015	0.09437159	-0.09720939	0.081121065	-0.06429163	0.052185856	-0.07184828	0.06227511	-0.08502918
0.070628054	-0.092153005	0.12155714	-0.25073138	0.99999994	-0.05895651	0.07188608	-0.12867343	0.20796473	-0.92375493	0.052841682	-0.05780257	0.06667073	-0.12315003	0.11835294	-0.042637877	0.04116027	-0.064839445	0.073037244	-0.069745235	0.04391701	-0.036189675	0.050340082	-0.046160437	0.06303767
-0.41720358	0.2929352	-0.15263459	0.10114896	-0.05895651	1.0	-0.6321762	0.17155184	-0.12127453	0.055734582	-0.49021927	0.24646989	-0.18271719	0.08432474	-0.07998916	0.17909032	-0.16462933	0.15797381	-0.12492592	0.09348564	-0.12859267	0.10274846	-0.12511778	0.09765869	-0.12650369
0.29314154	-0.5197062	0.20337664	-0.13710153	0.07188608	-0.6321762	0.9999999	-0.30767652	0.15335128	-0.069179624	0.2559401	-0.25734454	0.17669126	-0.09307863	0.086374216	-0.16867054	0.14578828	-0.16667493	0.12612946	-0.097392246	0.122466944	-0.10018739	0.122999825	-0.09896529	0.12612875
-0.17600435	0.22787951	-0.7388443	0.28767258	-0.12867343	0.17155184	-0.30767652	1.0	-0.4153311	0.11796284	-0.13574837	0.14095771	-0.18519026	0.113152444	-0.10681597	0.094816506	-0.091668844	0.13740782	-0.110860124	0.0878239	-0.08694699	0.07079303	-0.095444284	0.07826329	-0.10229286
0.13022354	-0.18583271	0.294604	-0.74815565	0.20796473	-0.12127453	0.15335128	-0.4153311	1.0000002	-0.25804996	0.09883691	-0.10844979	0.123125896	-0.19255382	0.14819801	-0.07684572	0.07303377	-0.11454534	0.111075856	-0.09669875	0.073308855	-0.060620718	0.08244451	-0.07255667	0.09659448
-0.06828536	0.084433585	-0.11900804	0.19706789	-0.92375493	0.055734582	-0.069179624	0.11796284	-0.25804996	1.0000004	-0.051186223	0.055364847	-0.06565178	0.12285314	-0.14166583	0.040922362	-0.0399745	0.062758744	-0.07558908	0.070684455	-0.04320979	0.035385605	-0.050045513	0.045923986	-0.06439961
0.2327047	-0.24082664	0.11443608	-0.08595565	0.052841682	-0.49021927	0.2559401	-0.13574837	0.09883691	-0.051186223	1.0000004	-0.5962222	0.24053174	-0.095743656	0.087094896	-0.37926465	0.2531097	-0.2287145	0.14037068	-0.10880274	0.1541095	-0.13595407	0.1480582	-0.117729776	0.13837913
-0.22951381	0.20513815	-0.123760395	0.09023435	-0.05780257	0.24646989	-0.25734454	0.14095771	-0.10844979	0.055364847	-0.5962222	1.0000005	-0.5037637	0.11518965	-0.10796614	0.25700197	-0.3316775	0.26283333	-0.17099847	0.12516192	-0.17555173	0.15068637	-0.18136188	0.13483661	-0.16451049
0.18345138	-0.19894186	0.13646743	-0.1054269	0.06667073	-0.18271719	0.17669126	-0.18519026	0.123125896	-0.06565178	0.24053174	-0.5037637	1.0000005	-0.1853359	0.14562461	-0.19279794	0.1948552	-0.6568294	0.20775215	-0.16464156	0.15930694	-0.14923747	0.21167073	-0.17014475	0.17997804
-0.10282935	0.11247165	-0.09961316	0.13279834	-0.12315003	0.08432474	-0.09307863	0.113152444	-0.19255382	0.12285314	-0.095743656	0.11518965	-0.1853359	1.0000002	-0.85661316	0.08037007	-0.081962354	0.15679125	-0.2818346	0.2391085	-0.09177961	0.0785803	-0.12226757	0.123976395	-0.18682295
0.09707668	-0.110562265	0.09074804	-0.1280715	0.11835294	-0.07998916	0.086374216	-0.10681597	0.14819801	-0.14166583	0.087094896	-0.10796614	0.14562461	-0.85661316	1.0000002	-0.076110564	0.07558261	-0.14838563	0.22830923	-0.33730257	0.084439985	-0.07398727	0.111435235	-0.12004818	0.17168033
-0.18217787	0.1588366	-0.085254334	0.06485326	-0.042637877	0.17909032	-0.16867054	0.094816506	-0.07684572	0.040922362	-0.37926465	0.25700197	-0.19279794	0.08037007	-0.076110564	0.9999998	-0.79073244	0.18515022	-0.13441741	0.10073829	-0.25448272	0.20978183	-0.16749904	0.1221644	-0.14021732
0.15937363	-0.15767236	0.080161534	-0.062849015	0.04116027	-0.16462933	0.14578828	-0.091668844	0.07303377	-0.0399745	0.2531097	-0.3316775	0.1948552	-0.081962354	0.07558261	-0.79073244	0.9999996	-0.22510737	0.13296312	-0.103369914	0.22849262	-0.29685643	0.1715379	-0.13026518	0.13627101
-0.18769349	0.17744961	-0.12196187	0.09437159	-0.064839445	0.15797381	-0.16667493	0.13740782	-0.11454534	0.062758744	-0.2287145	0.26283333	-0.6568294	0.15679125	-0.14838563	0.18515022	-0.22510737	0.99999964	-0.33509478	0.20121913	-0.20637438	0.18260603	-0.38806397	0.22569676	-0.2494084
0.1590181	-0.17234239	0.096173935	-0.09720939	0.073037244	-0.12492592	0.12612946	-0.110860124	0.111075856	-0.07558908	0.14037068	-0.17099847	0.20775215	-0.2818346	0.22830923	-0.13441741	0.13296312	-0.33509478	0.9999998	-0.6762791	0.15777613	-0.14698002	0.22865559	-0.32210514	0.30767536
-0.12091023	0.12559733	-0.07800884	0.081121065	-0.069745235	0.09348564	-0.097392246	0.0878239	-0.09669875	0.070684455	-0.10880274	0.12516192	-0.16464156	0.2391085	-0.33730257	0.10073829	-0.103369914	0.20121913	-0.6762791	0.9999997	-0.13356785	0.11716399	-0.20142081	0.23955345	-0.5112554
0.1587845	-0.16767637	0.07691363	-0.06429163	0.04391701	-0.12859267	0.122466944	-0.08694699	0.073308855	-0.04320979	0.1541095	-0.17555173	0.15930694	-0.09177961	0.084439985	-0.25448272	0.22849262	-0.20637438	0.15777613	-0.13356785	0.9999999	-0.7898655	0.25779167	-0.2192139	0.17868532
-0.12477705	0.12435346	-0.063108474	0.052185856	-0.036189675	0.10274846	-0.10018739	0.07079303	-0.060620718	0.035385605	-0.13595407	0.15068637	-0.14923747	0.0785803	-0.07398727	0.20978183	-0.29685643	0.18260603	-0.14698002	0.11716399	-0.7898655	0.9999995	-0.38805902	0.19947255	-0.17742142
0.15585445	-0.16528098	0.08344075	-0.07184828	0.050340082	-0.12511778	0.122999825	-0.095444284	0.08244451	-0.050045513	0.1480582	-0.18136188	0.21167073	-0.12226757	0.111435235	-0.16749904	0.1715379	-0.38806397	0.22865559	-0.20142081	0.25779167	-0.38805902	0.9999993	-0.6309476	0.27737826
-0.12548348	0.12832801	-0.069485806	0.06227511	-0.046160437	0.09765869	-0.09896529	0.07826329	-0.07255667	0.045923986	-0.117729776	0.13483661	-0.17014475	0.123976395	-0.12004818	0.1221644	-0.13026518	0.22569676	-0.32210514	0.23955345	-0.2192139	0.19947255	-0.6309476	0.9999991	-0.57052296
0.16656747	-0.18069609	0.08983357	-0.08502918	0.06303767	-0.12650369	0.12612875	-0.10229286	0.09659448	-0.06439961	0.13837913	-0.16451049	0.17997804	-0.18682295	0.17168033	-0.14021732	0.13627101	-0.2494084	0.30767536	-0.5112554	0.17868532	-0.17742142	0.27737826	-0.57052296	0.9999991
