1.0000001	-0.9239118	0.107751735	-0.077318594	0.05141496	-0.25343785	0.17993343	-0.10888052	0.0858722	-0.049159344	0.15513338	-0.047911726	0.049117025	-0.036976486	0.039983023	-0.12681547	0.053060688	-0.03900807	0.03400089	-0.017799268	0.094254956	-0.06950847	0.037564427	-0.02778212	0.020774616
-0.9239118	1.0000002	-0.1325811	0.083786465	-0.057633784	0.19484416	-0.22297823	0.117738046	-0.09742836	0.053516615	-0.16394599	0.04932577	-0.05123745	0.03913713	-0.04268301	0.1198574	-0.054437213	0.03990429	-0.03504695	0.018330194	-0.0974918	0.06953528	-0.03855284	0.028451934	-0.021417463
0.107751735	-0.1325811	1.0000002	-0.58718073	0.20544617	-0.13745315	0.2351026	-0.63728905	0.29775855	-0.20434256	0.107653596	-0.06567959	0.072281145	-0.084168546	0.08689638	-0.1454641	0.07058839	-0.057052195	0.050616343	-0.027661545	0.11292656	-0.103949144	0.054210108	-0.041744914	0.0315109
-0.077318594	0.083786465	-0.58718073	0.9999999	-0.44026658	0.0984021	-0.18954451	0.28787637	-0.5443107	0.27533337	-0.08358987	0.055556376	-0.064091295	0.09809336	-0.10481616	0.108143285	-0.059281334	0.049478717	-0.045374073	0.02547169	-0.0884829	0.08627768	-0.0469549	0.03698462	-0.028620541
0.05141496	-0.057633784	0.20544617	-0.44026658	0.9999998	-0.07804847	0.13041282	-0.20462884	0.29305717	-0.800027	0.06571444	-0.049080115	0.05676346	-0.10155292	0.10495736	-0.09329863	0.0520068	-0.044722952	0.041136686	-0.02358249	0.07605491	-0.07918582	0.04212903	-0.03389144	0.026094556
-0.25343785	0.19484416	-0.13745315	0.0984021	-0.07804847	0.99999964	-0.44038382	0.15714952	-0.14053278	0.07179679	-0.73489654	0.10675704	-0.10623108	0.06759087	-0.07443082	0.26494002	-0.116669014	0.08049466	-0.069171876	0.035516005	-0.21003114	0.13297285	-0.07687236	0.055782735	-0.04176866
0.17993343	-0.22297823	0.2351026	-0.18954451	0.13041282	-0.44038382	0.9999997	-0.4612161	0.22728351	-0.12926736	0.26131806	-0.145935	0.13780133	-0.10414134	0.10938189	-0.34410554	0.14799412	-0.11135162	0.094960615	-0.050156742	0.24129361	-0.20748784	0.105484225	-0.07890382	0.058151685
-0.10888052	0.117738046	-0.63728905	0.28787637	-0.20462884	0.15714952	-0.4612161	0.9999993	-0.4438057	0.18218401	-0.1289528	0.07670913	-0.08563004	0.094593994	-0.10072961	0.15174414	-0.08004557	0.06402406	-0.05638126	0.030711526	-0.12082878	0.110576816	-0.06006822	0.046099793	-0.035019528
0.0858722	-0.09742836	0.29775855	-0.5443107	0.29305717	-0.14053278	0.22728351	-0.4438057	0.9999992	-0.46187443	0.11538924	-0.08389115	0.096405424	-0.17563665	0.15464707	-0.16832845	0.08927523	-0.07591684	0.06929102	-0.03903841	0.13477953	-0.13570397	0.071482755	-0.057000127	0.043512978
-0.049159344	0.053516615	-0.20434256	0.27533337	-0.800027	0.07179679	-0.12926736	0.18218401	-0.46187443	0.9999994	-0.062265426	0.049260054	-0.05866052	0.11672314	-0.13851911	0.08505004	-0.051535983	0.045219008	-0.042403925	0.024876647	-0.070834324	0.076858446	-0.04237428	0.03458532	-0.027286174
0.15513338	-0.16394599	0.107653596	-0.08358987	0.06571444	-0.73489654	0.26131806	-0.1289528	0.11538924	-0.062265426	0.99999905	-0.134664	0.117315404	-0.06901372	0.074578375	-0.4822333	0.13757935	-0.0933982	0.07602095	-0.039033543	0.21997769	-0.1556375	0.0855864	-0.06253159	0.045565628
-0.047911726	0.04932577	-0.06567959	0.055556376	-0.049080115	0.10675704	-0.145935	0.07670913	-0.08389115	0.049260054	-0.134664	0.9999991	-0.6413178	0.1391902	-0.14595446	0.17517638	-0.6333514	0.27096418	-0.16582572	0.07901932	-0.13994499	0.26122218	-0.19532353	0.13510878	-0.08964821
0.049117025	-0.05123745	0.072281145	-0.064091295	0.05676346	-0.10623108	0.13780133	-0.08563004	0.096405424	-0.05866052	0.117315404	-0.6413178	0.9999995	-0.2342782	0.18384399	-0.18634656	0.3225319	-0.47614548	0.19939852	-0.10174578	0.1508349	-0.3717542	0.23332362	-0.1815765	0.108613335
-0.036976486	0.03913713	-0.084168546	0.09809336	-0.10155292	0.06759087	-0.10414134	0.094593994	-0.17563665	0.11672314	-0.06901372	0.1391902	-0.2342782	0.9999998	-0.90285695	0.10436823	-0.12958583	0.1374315	-0.14896679	0.087102495	-0.092577055	0.17268984	-0.118325345	0.108502984	-0.090603575
0.039983023	-0.04268301	0.08689638	-0.10481616	0.10495736	-0.07443082	0.10938189	-0.10072961	0.15464707	-0.13851911	0.074578375	-0.14595446	0.18384399	-0.90285695	0.9999997	-0.11804054	0.12884076	-0.14075519	0.13484241	-0.09569529	0.103533104	-0.20653324	0.11778135	-0.11290915	0.09114347
-0.12681547	0.1198574	-0.1454641	0.108143285	-0.09329863	0.26494002	-0.34410554	0.15174414	-0.16832845	0.08505004	-0.4822333	0.17517638	-0.18634656	0.10436823	-0.11804054	0.99999964	-0.2685026	0.15085518	-0.13070974	0.06503117	-0.5776523	0.2359146	-0.14691374	0.10304657	-0.07760716
0.053060688	-0.054437213	0.07058839	-0.059281334	0.0520068	-0.116669014	0.14799412	-0.08004557	0.08927523	-0.051535983	0.13757935	-0.6333514	0.3225319	-0.12958583	0.12884076	-0.2685026	0.9999996	-0.4312911	0.19382642	-0.09639407	0.17886816	-0.44770622	0.2344293	-0.17399761	0.105873264
-0.03900807	0.03990429	-0.057052195	0.049478717	-0.044722952	0.08049466	-0.11135162	0.06402406	-0.07591684	0.045219008	-0.0933982	0.27096418	-0.47614548	0.1374315	-0.14075519	0.15085518	-0.4312911	0.9999994	-0.39379042	0.14032947	-0.13201724	0.3069163	-0.5329812	0.2694327	-0.15801892
0.03400089	-0.03504695	0.050616343	-0.045374073	0.041136686	-0.069171876	0.094960615	-0.05638126	0.06929102	-0.042403925	0.07602095	-0.16582572	0.19939852	-0.14896679	0.13484241	-0.13070974	0.19382642	-0.39379042	0.9999993	-0.36694914	0.11776472	-0.3342387	0.30624613	-0.65963143	0.26088533
-0.017799268	0.018330194	-0.027661545	0.02547169	-0.02358249	0.035516005	-0.050156742	0.030711526	-0.03903841	0.024876647	-0.039033543	0.07901932	-0.10174578	0.087102495	-0.09569529	0.06503117	-0.09639407	0.14032947	-0.36694914	0.9999995	-0.06048449	0.15429951	-0.15310402	0.22449832	-0.8808639
0.094254956	-0.0974918	0.11292656	-0.0884829	0.07605491	-0.21003114	0.24129361	-0.12082878	0.13477953	-0.070834324	0.21997769	-0.13994499	0.1508349	-0.092577055	0.103533104	-0.5776523	0.17886816	-0.13201724	0.11776472	-0.06048449	0.99999934	-0.30645943	0.13505448	-0.097425215	0.07178295
-0.06950847	0.06953528	-0.103949144	0.08627768	-0.07918582	0.13297285	-0.20748784	0.110576816	-0.13570397	0.076858446	-0.1556375	0.26122218	-0.3717542	0.17268984	-0.20653324	0.2359146	-0.44770622	0.3069163	-0.3342387	0.15429951	-0.30645943	0.99999917	-0.4700941	0.25106108	-0.19681242
0.037564427	-0.03855284	0.054210108	-0.0469549	0.04212903	-0.07687236	0.105484225	-0.06006822	0.071482755	-0.04237428	0.0855864	-0.19532353	0.23332362	-0.118325345	0.11778135	-0.14691374	0.2344293	-0.5329812	0.30624613	-0.15310402	0.13505448	-0.4700941	0.9999993	-0.5668266	0.16554554
-0.02778212	0.028451934	-0.041744914	0.03698462	-0.03389144	0.055782735	-0.07890382	0.046099793	-0.057000127	0.03458532	-0.06253159	0.13510878	-0.1815765	0.108502984	-0.11290915	0.10304657	-0.17399761	0.2694327	-0.65963143	0.22449832	-0.097425215	0.25106108	-0.5668266	0.9999993	-0.30001956
0.020774616	-0.021417463	0.0315109	-0.028620541	0.026094556	-0.04176866	0.058151685	-0.035019528	0.043512978	-0.027286174	0.045565628	-0.08964821	0.108613335	-0.090603575	0.09114347	-0.07760716	0.105873264	-0.15801892	0.26088533	-0.8808639	0.07178295	-0.19681242	0.16554554	-0.30001956	0.9999993
