1.0000001	-0.2412698	0.065018654	-0.052093457	0.03939589	-0.9443536	0.17703718	-0.058468968	0.044615954	-0.040911622	0.09714493	-0.09445451	0.052869506	-0.038915332	0.048286404	-0.0786439	0.07983773	-0.040808085	0.041137297	-0.029969487	0.03952493	-0.033130225	0.022300625	-0.021912878	0.03585001
-0.2412698	1.0000001	-0.305276	0.18157111	-0.14712372	0.1914831	-0.6726187	0.20086864	-0.16506043	0.13826516	-0.30970472	0.27358204	-0.18568006	0.1317001	-0.17025065	0.21783228	-0.2803575	0.13731588	-0.14339884	0.10191658	-0.13984555	0.11201837	-0.07680785	0.074290246	-0.12447715
0.065018654	-0.305276	1.0000004	-0.62060815	0.22898962	-0.062281165	0.18155281	-0.58015126	0.3106398	-0.24926837	0.10664766	-0.103152536	0.1325073	-0.09782263	0.09947048	-0.09038813	0.10393995	-0.082148105	0.07944826	-0.061061263	0.054589972	-0.045253508	0.037017502	-0.036661644	0.06824206
-0.052093457	0.18157111	-0.62060815	1.0000005	-0.436205	0.04888663	-0.15405281	0.31266105	-0.514465	0.28150028	-0.09391146	0.08670152	-0.11127395	0.080229625	-0.08929514	0.07733168	-0.091362976	0.06842807	-0.068953484	0.052860953	-0.048384123	0.039658733	-0.032454293	0.031904433	-0.06091068
0.03939589	-0.14712372	0.22898962	-0.436205	1.0000004	-0.038625408	0.111799	-0.24660084	0.27739665	-0.8064348	0.073540255	-0.06904653	0.093357116	-0.07024686	0.080820754	-0.06495394	0.07304378	-0.059307307	0.059720155	-0.04836713	0.039664388	-0.032789797	0.028106648	-0.027767241	0.055913024
-0.9443536	0.1914831	-0.062281165	0.04888663	-0.038625408	1.0000004	-0.220443	0.056282174	-0.043805156	0.039276257	-0.1106344	0.101184934	-0.055029865	0.040100195	-0.04990458	0.08168128	-0.08721918	0.042591933	-0.0431377	0.030864138	-0.04246438	0.035300463	-0.023465287	0.022973586	-0.036980547
0.17703718	-0.6726187	0.18155281	-0.15405281	0.111799	-0.220443	1.0000002	-0.19530857	0.13334781	-0.121978246	0.26344135	-0.48997128	0.15842196	-0.11882129	0.13624574	-0.24311931	0.24248083	-0.12566394	0.120248444	-0.087290615	0.11397785	-0.10137878	0.06551698	-0.065462954	0.10122656
-0.058468968	0.20086864	-0.58015126	0.31266105	-0.24660084	0.056282174	-0.19530857	1.0000002	-0.63604593	0.23035356	-0.110460475	0.10886912	-0.19753908	0.120627955	-0.11680773	0.093991905	-0.11002138	0.09683312	-0.093422264	0.06902538	-0.057448465	0.047838934	-0.04091047	0.04051577	-0.075815916
0.044615954	-0.16506043	0.3106398	-0.514465	0.27739665	-0.043805156	0.13334781	-0.63604593	1.0000001	-0.42769367	0.083328344	-0.08197067	0.12666288	-0.0964586	0.091614924	-0.073841445	0.08339378	-0.075163536	0.07197809	-0.05578951	0.044470508	-0.03715448	0.032148536	-0.03199378	0.061077807
-0.040911622	0.13826516	-0.24926837	0.28150028	-0.8064348	0.039276257	-0.121978246	0.23035356	-0.42769367	1.0000001	-0.0797674	0.07295641	-0.09884939	0.07201951	-0.086759396	0.06751317	-0.078795694	0.061110053	-0.06297267	0.049989246	-0.0426615	0.034928642	-0.029660085	0.029103836	-0.058823872
0.09714493	-0.30970472	0.10664766	-0.09391146	0.073540255	-0.1106344	0.26344135	-0.110460475	0.083328344	-0.0797674	0.9999998	-0.57824165	0.15439108	-0.11740746	0.1304976	-0.6312495	0.30993393	-0.13499628	0.12685063	-0.08654195	0.13995862	-0.12605844	0.07316363	-0.07332204	0.09849114
-0.09445451	0.27358204	-0.103152536	0.08670152	-0.06904653	0.101184934	-0.48997128	0.10886912	-0.08197067	0.07295641	-0.57824165	0.9999998	-0.19398035	0.12586021	-0.13052097	0.3077884	-0.49283025	0.14753121	-0.13815586	0.08481653	-0.15331261	0.13504113	-0.07531729	0.073724546	-0.09416672
0.052869506	-0.18568006	0.1325073	-0.11127395	0.093357116	-0.055029865	0.15842196	-0.19753908	0.12666288	-0.09884939	0.15439108	-0.19398035	0.9999996	-0.66483164	0.29046595	-0.16865076	0.18357654	-0.40831584	0.27927327	-0.19600569	0.09722555	-0.08709979	0.09668744	-0.100083396	0.17255563
-0.038915332	0.1317001	-0.09782263	0.080229625	-0.07024686	0.040100195	-0.11882129	0.120627955	-0.0964586	0.07201951	-0.11740746	0.12586021	-0.66483164	0.9999993	-0.5466783	0.12291829	-0.14199299	0.25137734	-0.3339418	0.19261009	-0.07879341	0.06892455	-0.087285	0.08835022	-0.17552125
0.048286404	-0.17025065	0.09947048	-0.08929514	0.080820754	-0.04990458	0.13624574	-0.11680773	0.091614924	-0.086759396	0.1304976	-0.13052097	0.29046595	-0.5466783	0.9999989	-0.14700133	0.15063192	-0.22008714	0.22737055	-0.4303862	0.09055284	-0.07872849	0.09194404	-0.0964505	0.27305013
-0.0786439	0.21783228	-0.09038813	0.07733168	-0.06495394	0.08168128	-0.24311931	0.093991905	-0.073841445	0.06751317	-0.6312495	0.3077884	-0.16865076	0.12291829	-0.14700133	0.99999905	-0.58102894	0.16491243	-0.16689284	0.096789435	-0.2414879	0.18620849	-0.10019813	0.09589601	-0.112582445
0.07983773	-0.2803575	0.10393995	-0.091362976	0.07304378	-0.08721918	0.24248083	-0.11002138	0.08339378	-0.078795694	0.30993393	-0.49283025	0.18357654	-0.14199299	0.15063192	-0.58102894	0.99999875	-0.25687188	0.18791933	-0.10745165	0.2327987	-0.30590296	0.11608047	-0.11813945	0.11686111
-0.040808085	0.13731588	-0.082148105	0.06842807	-0.059307307	0.042591933	-0.12566394	0.09683312	-0.075163536	0.061110053	-0.13499628	0.14753121	-0.40831584	0.25137734	-0.22008714	0.16491243	-0.25687188	0.9999987	-0.7749139	0.16996515	-0.114350244	0.104790464	-0.15931411	0.14838839	-0.16666453
0.041137297	-0.14339884	0.07944826	-0.068953484	0.059720155	-0.0431377	0.120248444	-0.093422264	0.07197809	-0.06297267	0.12685063	-0.13815586	0.27927327	-0.3339418	0.22737055	-0.16689284	0.18791933	-0.7749139	0.99999857	-0.23845816	0.1067324	-0.100670874	0.15749237	-0.19464275	0.18363523
-0.029969487	0.10191658	-0.061061263	0.052860953	-0.04836713	0.030864138	-0.087290615	0.06902538	-0.05578951	0.049989246	-0.08654195	0.08481653	-0.19600569	0.19261009	-0.4303862	0.096789435	-0.10745165	0.16996515	-0.23845816	0.9999982	-0.06981898	0.060344663	-0.0929438	0.09584585	-0.7917948
0.03952493	-0.13984555	0.054589972	-0.048384123	0.039664388	-0.04246438	0.11397785	-0.057448465	0.044470508	-0.0426615	0.13995862	-0.15331261	0.09722555	-0.07879341	0.09055284	-0.2414879	0.2327987	-0.114350244	0.1067324	-0.06981898	0.99999857	-0.8793427	0.17476548	-0.1965821	0.07855815
-0.033130225	0.11201837	-0.045253508	0.039658733	-0.032789797	0.035300463	-0.10137878	0.047838934	-0.03715448	0.034928642	-0.12605844	0.13504113	-0.08709979	0.06892455	-0.07872849	0.18620849	-0.30590296	0.104790464	-0.100670874	0.060344663	-0.8793427	0.99999845	-0.2190671	0.17237651	-0.06860967
0.022300625	-0.07680785	0.037017502	-0.032454293	0.028106648	-0.023465287	0.06551698	-0.04091047	0.032148536	-0.029660085	0.07316363	-0.07531729	0.09668744	-0.087285	0.09194404	-0.10019813	0.11608047	-0.15931411	0.15749237	-0.0929438	0.17476548	-0.2190671	0.99999833	-0.92276543	0.101645984
-0.021912878	0.074290246	-0.036661644	0.031904433	-0.027767241	0.022973586	-0.065462954	0.04051577	-0.03199378	0.029103836	-0.07332204	0.073724546	-0.100083396	0.08835022	-0.0964505	0.09589601	-0.11813945	0.14838839	-0.19464275	0.09584585	-0.1965821	0.17237651	-0.92276543	0.99999833	-0.11641057
0.03585001	-0.12447715	0.06824206	-0.06091068	0.055913024	-0.036980547	0.10122656	-0.075815916	0.061077807	-0.058823872	0.09849114	-0.09416672	0.17255563	-0.17552125	0.27305013	-0.112582445	0.11686111	-0.16666453	0.18363523	-0.7917948	0.07855815	-0.06860967	0.101645984	-0.11641057	0.99999833
