1.0000001	-0.19044474	0.09931604	-0.05518436	0.021065963	-0.95936614	0.13412441	-0.08189709	0.056581248	-0.019985668	0.10032624	-0.08493592	0.075042486	-0.025998957	0.02108099	-0.07706863	0.07858849	-0.058902837	0.025617456	-0.020290658	0.0723438	-0.06536667	0.059804037	-0.016472084	0.017139617
-0.19044474	1.0000002	-0.52107537	0.21177132	-0.08060346	0.15901184	-0.59113806	0.2790746	-0.22874242	0.07490896	-0.20801625	0.23729962	-0.2731623	0.094716184	-0.07759192	0.15046428	-0.26032206	0.18509126	-0.0942209	0.072994456	-0.20963435	0.17778155	-0.19678468	0.053870104	-0.057089165
0.09931604	-0.52107537	1.0000004	-0.45838654	0.108310044	-0.10330727	0.27097636	-0.3429975	0.27685082	-0.10608731	0.14945324	-0.17339236	0.24304226	-0.108300574	0.088633835	-0.11805742	0.18016416	-0.17027673	0.10221608	-0.08643192	0.1631644	-0.15323558	0.16527797	-0.052040227	0.053907264
-0.05518436	0.21177132	-0.45838654	1.0000002	-0.19618993	0.05605465	-0.19506904	0.25926462	-0.7475705	0.1580408	-0.098937914	0.11529855	-0.21605562	0.1286055	-0.10985467	0.077087365	-0.12704979	0.12349338	-0.119320534	0.09567654	-0.10881885	0.102648035	-0.12174918	0.03927115	-0.04095036
0.021065963	-0.08060346	0.108310044	-0.19618993	1.0000001	-0.021685528	0.06836131	-0.09497729	0.15700619	-0.9254395	0.03960088	-0.045569587	0.08524218	-0.14936793	0.17691018	-0.031512268	0.049807493	-0.05290815	0.11422248	-0.1693978	0.044542033	-0.04344574	0.050634146	-0.028920338	0.029122567
-0.95936614	0.15901184	-0.10330727	0.05605465	-0.021685528	0.99999994	-0.15285277	0.083640486	-0.05890306	0.020488303	-0.115739994	0.08799195	-0.078964815	0.026856894	-0.021794131	0.07887234	-0.08382362	0.060835246	-0.02654224	0.020874841	-0.07721349	0.0670786	-0.06273461	0.017017508	-0.01777708
0.13412441	-0.59113806	0.27097636	-0.19506904	0.06836131	-0.15285277	0.9999998	-0.46289468	0.19687995	-0.06649036	0.19330394	-0.41847765	0.25441536	-0.08524294	0.06736091	-0.15413076	0.25579274	-0.19525176	0.0806997	-0.064701274	0.17824614	-0.18007174	0.17507288	-0.04846877	0.04986743
-0.08189709	0.2790746	-0.3429975	0.25926462	-0.09497729	0.083640486	-0.46289468	0.9999997	-0.4288703	0.09106934	-0.15271328	0.19874896	-0.5459327	0.12266625	-0.09466994	0.11884332	-0.21217087	0.21979216	-0.11267418	0.08506363	-0.16290234	0.16144593	-0.20199154	0.052720286	-0.05487711
0.056581248	-0.22874242	0.27685082	-0.7475705	0.15700619	-0.05890306	0.19687995	-0.4288703	0.99999976	-0.17325447	0.098936774	-0.1214755	0.21659555	-0.16053094	0.11482619	-0.07882321	0.12646322	-0.13269743	0.12383699	-0.10381897	0.10828806	-0.10657278	0.121021725	-0.040546443	0.041635603
-0.019985668	0.07490896	-0.10608731	0.1580408	-0.9254395	0.020488303	-0.06649036	0.09106934	-0.17325447	0.99999976	-0.038006246	0.04358896	-0.08443425	0.13841888	-0.22468601	0.030095726	-0.0480994	0.050720837	-0.115312554	0.15090697	-0.042759307	0.04141142	-0.049048033	0.026788421	-0.027384456
0.10032624	-0.20801625	0.14945324	-0.098937914	0.03960088	-0.115739994	0.19330394	-0.15271328	0.098936774	-0.038006246	0.9999998	-0.39501464	0.16217446	-0.053511046	0.042874392	-0.72929823	0.2524594	-0.17313342	0.052577276	-0.042357173	0.28677523	-0.2660076	0.17119224	-0.043983825	0.04456652
-0.08493592	0.23729962	-0.17339236	0.11529855	-0.045569587	0.08799195	-0.41847765	0.19874896	-0.1214755	0.04358896	-0.39501464	0.9999998	-0.2177414	0.062570915	-0.049639594	0.22700104	-0.67910165	0.2104301	-0.06096459	0.047783066	-0.2388316	0.22363038	-0.20034346	0.046641897	-0.048205808
0.075042486	-0.2731623	0.24304226	-0.21605562	0.08524218	-0.078964815	0.25441536	-0.5459327	0.21659555	-0.08443425	0.16217446	-0.2177414	0.9999997	-0.17063695	0.109354064	-0.13874008	0.22836728	-0.5065107	0.13230638	-0.10280768	0.18620946	-0.22499694	0.26119152	-0.06984471	0.06932992
-0.025998957	0.094716184	-0.108300574	0.1286055	-0.14936793	0.026856894	-0.08524294	0.12266625	-0.16053094	0.13841888	-0.053511046	0.062570915	-0.17063695	0.9999998	-0.5767492	0.0434641	-0.069630295	0.08939813	-0.6893327	0.32609555	-0.061545458	0.063746326	-0.07770813	0.05055649	-0.051642016
0.02108099	-0.07759192	0.088633835	-0.10985467	0.17691018	-0.021794131	0.06736091	-0.09466994	0.11482619	-0.22468601	0.042874392	-0.049639594	0.109354064	-0.5767492	0.9999998	-0.03489256	0.054750208	-0.06778995	0.3239545	-0.68851316	0.04936914	-0.051117815	0.0608213	-0.05876391	0.058555994
-0.07706863	0.15046428	-0.11805742	0.077087365	-0.031512268	0.07887234	-0.15413076	0.11884332	-0.07882321	0.030095726	-0.72929823	0.22700104	-0.13874008	0.0434641	-0.03489256	0.99999976	-0.24758218	0.14614092	-0.043027017	0.034258667	-0.52413064	0.23766999	-0.16557732	0.03863018	-0.039752766
0.07858849	-0.26032206	0.18016416	-0.12704979	0.049807493	-0.08382362	0.25579274	-0.21217087	0.12646322	-0.0480994	0.2524594	-0.67910165	0.22836728	-0.069630295	0.054750208	-0.24758218	0.9999994	-0.35383436	0.06716932	-0.053833473	0.24134813	-0.35517585	0.24662529	-0.056766585	0.057284012
-0.058902837	0.18509126	-0.17027673	0.12349338	-0.05290815	0.060835246	-0.19525176	0.21979216	-0.13269743	0.050720837	-0.17313342	0.2104301	-0.5065107	0.08939813	-0.06778995	0.14614092	-0.35383436	0.9999995	-0.0859008	0.06458135	-0.22269842	0.2648838	-0.64161724	0.082872026	-0.08563906
0.025617456	-0.0942209	0.10221608	-0.119320534	0.11422248	-0.02654224	0.0806997	-0.11267418	0.12383699	-0.115312554	0.052577276	-0.06096459	0.13230638	-0.6893327	0.3239545	-0.043027017	0.06716932	-0.0859008	0.9999999	-0.6025232	0.060713004	-0.06353901	0.07503437	-0.06869468	0.0669037
-0.020290658	0.072994456	-0.08643192	0.09567654	-0.1693978	0.020874841	-0.064701274	0.08506363	-0.10381897	0.15090697	-0.042357173	0.047783066	-0.10280768	0.32609555	-0.68851316	0.034258667	-0.053833473	0.06458135	-0.6025232	0.9999998	-0.04927348	0.05024855	-0.06187169	0.07486028	-0.08309109
0.0723438	-0.20963435	0.1631644	-0.10881885	0.044542033	-0.07721349	0.17824614	-0.16290234	0.10828806	-0.042759307	0.28677523	-0.2388316	0.18620946	-0.061545458	0.04936914	-0.52413064	0.24134813	-0.22269842	0.060713004	-0.04927348	0.99999964	-0.60044605	0.24448892	-0.058892824	0.058676586
-0.06536667	0.17778155	-0.15323558	0.102648035	-0.04344574	0.0670786	-0.18007174	0.16144593	-0.10657278	0.04141142	-0.2660076	0.22363038	-0.22499694	0.063746326	-0.051117815	0.23766999	-0.35517585	0.2648838	-0.06353901	0.05024855	-0.60044605	0.9999996	-0.52413607	0.0759448	-0.078961484
0.059804037	-0.19678468	0.16527797	-0.12174918	0.050634146	-0.06273461	0.17507288	-0.20199154	0.121021725	-0.049048033	0.17119224	-0.20034346	0.26119152	-0.07770813	0.0608213	-0.16557732	0.24662529	-0.64161724	0.07503437	-0.06187169	0.24448892	-0.52413607	0.9999993	-0.13011104	0.11310434
-0.016472084	0.053870104	-0.052040227	0.03927115	-0.028920338	0.017017508	-0.04846877	0.052720286	-0.040546443	0.026788421	-0.043983825	0.046641897	-0.06984471	0.05055649	-0.05876391	0.03863018	-0.056766585	0.082872026	-0.06869468	0.07486028	-0.058892824	0.0759448	-0.13011104	0.99999934	-0.975305
0.017139617	-0.057089165	0.053907264	-0.04095036	0.029122567	-0.01777708	0.04986743	-0.05487711	0.041635603	-0.027384456	0.04456652	-0.048205808	0.06932992	-0.051642016	0.058555994	-0.039752766	0.057284012	-0.08563906	0.0669037	-0.08309109	0.058676586	-0.078961484	0.11310434	-0.975305	0.99999934
