1.0000001	-0.2855012	0.16043586	-0.1338489	0.24581431	-0.3738698	0.19119558	-0.15651414	0.18976091	-0.1869517	0.17390478	-0.18509148	0.1536995	-0.13215843	0.14075331	-0.23196417	0.16104314	-0.13541117	0.13584408	-0.12142494	0.15801063	-0.1502049	0.098366216	-0.10707078	0.16588144
-0.2855012	0.9999999	-0.41614038	0.24542247	-0.38439855	0.23133233	-0.58771294	0.2807146	-0.30563274	0.21668959	-0.14780796	0.2052741	-0.24211793	0.1875429	-0.17378268	0.17952172	-0.18722512	0.1744342	-0.18020758	0.14176567	-0.15336546	0.14236277	-0.10042679	0.10582051	-0.1824403
0.16043586	-0.41614038	1.0000002	-0.7494787	0.3036962	-0.18986692	0.21528493	-0.2405205	0.20071222	-0.18715006	0.10613452	-0.1383129	0.15865302	-0.13507447	0.12414317	-0.13924903	0.11942099	-0.1246266	0.12036125	-0.10431841	0.10467093	-0.10335672	0.071071975	-0.07793886	0.12602858
-0.1338489	0.24542247	-0.7494787	1.0000001	-0.5307411	0.1526917	-0.17386131	0.16901474	-0.19889447	0.16252157	-0.08627796	0.11139406	-0.1362711	0.117364846	-0.110246055	0.11277937	-0.099060155	0.10414463	-0.10444177	0.08980084	-0.08683497	0.08486171	-0.05979071	0.06509539	-0.11012179
0.24581431	-0.38439855	0.3036962	-0.5307411	1.0000002	-0.3122696	0.23062293	-0.21885125	0.2397696	-0.34404364	0.16282588	-0.19611485	0.18942916	-0.17298049	0.18950017	-0.22083068	0.16917291	-0.16625358	0.1624682	-0.15846966	0.15739572	-0.15710182	0.10730726	-0.11941832	0.19351636
-0.3738698	0.23133233	-0.18986692	0.1526917	-0.3122696	1.0000002	-0.25818828	0.19825847	-0.268079	0.21358618	-0.5439694	0.27604148	-0.22040786	0.17973202	-0.19073686	0.3124863	-0.28139576	0.18707035	-0.19855036	0.16102317	-0.29198837	0.21250904	-0.14517567	0.14256981	-0.23831256
0.19119558	-0.58771294	0.21528493	-0.17386131	0.23062293	-0.25818828	0.9999999	-0.54575634	0.26959825	-0.20926253	0.1687405	-0.3122877	0.2498505	-0.19772755	0.15876949	-0.20177943	0.20398796	-0.19345042	0.17445695	-0.1362339	0.1554312	-0.15505381	0.099484146	-0.1074151	0.16148676
-0.15651414	0.2807146	-0.2405205	0.16901474	-0.21885125	0.19825847	-0.54575634	0.9999998	-0.48646325	0.21344435	-0.13011079	0.19590518	-0.5003536	0.2629874	-0.1822631	0.15845492	-0.17351247	0.21775033	-0.21263827	0.14522879	-0.13125673	0.12910391	-0.09291046	0.099034786	-0.16599919
0.18976091	-0.30563274	0.20071222	-0.19889447	0.2397696	-0.268079	0.26959825	-0.48646325	1.0000001	-0.36877593	0.15559977	-0.21409404	0.314411	-0.5060061	0.25140813	-0.20555186	0.18800336	-0.26924187	0.25293106	-0.20812877	0.15753508	-0.16202918	0.11689532	-0.13028167	0.21483642
-0.1869517	0.21668959	-0.18715006	0.16252157	-0.34404364	0.21358618	-0.20926253	0.21344435	-0.36877593	0.9999997	-0.12897196	0.16864496	-0.2528926	0.26177937	-0.5970507	0.16836119	-0.16663072	0.20423377	-0.23941156	0.2925178	-0.15217695	0.14552477	-0.1370051	0.142784	-0.42106482
0.17390478	-0.14780796	0.10613452	-0.08627796	0.16282588	-0.5439694	0.1687405	-0.13011079	0.15559977	-0.12897196	0.9999994	-0.43719235	0.1425463	-0.11410657	0.11155027	-0.6237806	0.2532041	-0.13427335	0.12917677	-0.09739101	0.2303074	-0.18750335	0.10066909	-0.102488294	0.13460737
-0.18509148	0.2052741	-0.1383129	0.11139406	-0.19611485	0.27604148	-0.3122877	0.19590518	-0.21409404	0.16864496	-0.43719235	0.99999946	-0.23123592	0.1651247	-0.14783613	0.28448915	-0.645597	0.2090212	-0.1953756	0.12872519	-0.2683013	0.23940824	-0.13132381	0.12855056	-0.16828951
0.1536995	-0.24211793	0.15865302	-0.1362711	0.18942916	-0.22040786	0.2498505	-0.5003536	0.314411	-0.2528926	0.1425463	-0.23123592	0.9999995	-0.5274849	0.22049557	-0.18000163	0.19833663	-0.43838736	0.29087517	-0.18689042	0.14455248	-0.15091243	0.11005342	-0.11956266	0.18656822
-0.13215843	0.1875429	-0.13507447	0.117364846	-0.17298049	0.17973202	-0.19772755	0.2629874	-0.5060061	0.26177937	-0.11410657	0.1651247	-0.5274849	0.99999964	-0.3778381	0.14597069	-0.16164659	0.28646865	-0.45018032	0.21420015	-0.122851945	0.12520863	-0.10069309	0.10901123	-0.20524947
0.14075331	-0.17378268	0.12414317	-0.110246055	0.18950017	-0.19073686	0.15876949	-0.1822631	0.25140813	-0.5970507	0.11155027	-0.14783613	0.22049557	-0.3778381	0.9999997	-0.14869356	0.14028667	-0.20679936	0.22778466	-0.54650176	0.12287019	-0.12565583	0.10865234	-0.12344122	0.3028055
-0.23196417	0.17952172	-0.13924903	0.11277937	-0.22083068	0.3124863	-0.20177943	0.15845492	-0.20555186	0.16836119	-0.6237806	0.28448915	-0.18000163	0.14597069	-0.14869356	0.99999976	-0.3284252	0.16764973	-0.16998668	0.12913412	-0.4466576	0.250288	-0.13919581	0.13693513	-0.18446311
0.16104314	-0.18722512	0.11942099	-0.099060155	0.16917291	-0.28139576	0.20398796	-0.17351247	0.18800336	-0.16663072	0.2532041	-0.645597	0.19833663	-0.16164659	0.14028667	-0.3284252	0.9999996	-0.30796823	0.20372698	-0.13033593	0.27133232	-0.43236932	0.15461999	-0.15930137	0.16111274
-0.13541117	0.1744342	-0.1246266	0.10414463	-0.16625358	0.18707035	-0.19345042	0.21775033	-0.26924187	0.20423377	-0.13427335	0.2090212	-0.43838736	0.28646865	-0.20679936	0.16764973	-0.30796823	0.9999993	-0.7035079	0.19068013	-0.15647791	0.1653818	-0.14399041	0.13873309	-0.20722125
0.13584408	-0.18020758	0.12036125	-0.10444177	0.1624682	-0.19855036	0.17445695	-0.21263827	0.25293106	-0.23941156	0.12917677	-0.1953756	0.29087517	-0.45018032	0.22778466	-0.16998668	0.20372698	-0.7035079	0.9999994	-0.27209917	0.14267282	-0.15678626	0.12894148	-0.14682055	0.21327244
-0.12142494	0.14176567	-0.10431841	0.08980084	-0.15846966	0.16102317	-0.1362339	0.14522879	-0.20812877	0.2925178	-0.09739101	0.12872519	-0.18689042	0.21420015	-0.54650176	0.12913412	-0.13033593	0.19068013	-0.27209917	0.99999917	-0.117000334	0.1182284	-0.12855634	0.14131531	-0.6850252
0.15801063	-0.15336546	0.10467093	-0.08683497	0.15739572	-0.29198837	0.1554312	-0.13125673	0.15753508	-0.15217695	0.2303074	-0.2683013	0.14455248	-0.122851945	0.12287019	-0.4466576	0.27133232	-0.15647791	0.14267282	-0.117000334	0.9999986	-0.70081407	0.20206952	-0.22743326	0.15601441
-0.1502049	0.14236277	-0.10335672	0.08486171	-0.15710182	0.21250904	-0.15505381	0.12910391	-0.16202918	0.14552477	-0.18750335	0.23940824	-0.15091243	0.12520863	-0.12565583	0.250288	-0.43236932	0.1653818	-0.15678626	0.1182284	-0.70081407	0.99999833	-0.32226557	0.22567669	-0.16678894
0.098366216	-0.10042679	0.071071975	-0.05979071	0.10730726	-0.14517567	0.099484146	-0.09291046	0.11689532	-0.1370051	0.10066909	-0.13132381	0.11005342	-0.10069309	0.10865234	-0.13919581	0.15461999	-0.14399041	0.12894148	-0.12855634	0.20206952	-0.32226557	0.9999983	-0.8716626	0.17556544
-0.10707078	0.10582051	-0.07793886	0.06509539	-0.11941832	0.14256981	-0.1074151	0.099034786	-0.13028167	0.142784	-0.102488294	0.12855056	-0.11956266	0.10901123	-0.12344122	0.13693513	-0.15930137	0.13873309	-0.14682055	0.14131531	-0.22743326	0.22567669	-0.8716626	0.9999982	-0.2474965
0.16588144	-0.1824403	0.12602858	-0.11012179	0.19351636	-0.23831256	0.16148676	-0.16599919	0.21483642	-0.42106482	0.13460737	-0.16828951	0.18656822	-0.20524947	0.3028055	-0.18446311	0.16111274	-0.20722125	0.21327244	-0.6850252	0.15601441	-0.16678894	0.17556544	-0.2474965	0.9999982
