1.0000001	-0.47485104	0.19169192	-0.07542864	0.080273286	-0.78047	0.30231714	-0.18823434	0.102710165	-0.09937129	0.12881012	-0.12853807	0.13362399	-0.10432713	0.0671242	-0.11386645	0.09451047	-0.09912725	0.08662733	-0.080788955	0.09731535	-0.07924386	0.093592584	-0.11061582	0.09423587
-0.47485104	1.0000001	-0.46350548	0.12245212	-0.13473834	0.29442018	-0.6170693	0.2809986	-0.1481279	0.1273006	-0.13129881	0.14840636	-0.18655498	0.1375302	-0.08744098	0.11347254	-0.11344196	0.11928549	-0.1120159	0.100773364	-0.11876867	0.093081854	-0.11735677	0.13226268	-0.118190594
0.19169192	-0.46350548	1.0000001	-0.23165403	0.18705039	-0.19084004	0.28671873	-0.6767566	0.21073534	-0.19057018	0.13811724	-0.18864252	0.23979695	-0.20394932	0.120264985	-0.1318425	0.13417484	-0.15823211	0.14945637	-0.14235143	0.13492437	-0.1126433	0.14243954	-0.18288021	0.14925069
-0.07542864	0.12245212	-0.23165403	1.0000001	-0.8747994	0.070807844	-0.1081973	0.16220891	-0.31280687	0.18721351	-0.07671105	0.095087215	-0.13246584	0.17996751	-0.11431667	0.07118818	-0.07719319	0.087301396	-0.12480824	0.11743576	-0.08354721	0.06594844	-0.090023	0.12474689	-0.11361536
0.080273286	-0.13473834	0.18705039	-0.8747994	0.9999997	-0.07718727	0.112355515	-0.16899748	0.23770365	-0.24299446	0.08420293	-0.10651067	0.13855574	-0.20287436	0.13039674	-0.080210626	0.08556969	-0.09882087	0.1364046	-0.14345327	0.09240999	-0.07420489	0.100022875	-0.14758015	0.13007906
-0.78047	0.29442018	-0.19084004	0.070807844	-0.07718727	0.9999996	-0.48762575	0.17973007	-0.0977598	0.08870002	-0.15384983	0.12742576	-0.13412629	0.0963267	-0.061025802	0.11296791	-0.0939519	0.093373634	-0.07985497	0.07201265	-0.096455306	0.076314345	-0.08981012	0.09881153	-0.08477947
0.30231714	-0.6170693	0.28671873	-0.1081973	0.112355515	-0.48762575	0.9999995	-0.41885313	0.15007912	-0.13694553	0.14247799	-0.18038811	0.19523254	-0.14926617	0.09066128	-0.12771007	0.12112938	-0.1315921	0.11635982	-0.10775864	0.1210034	-0.09956982	0.12109552	-0.14432207	0.12062681
-0.18823434	0.2809986	-0.6767566	0.16220891	-0.16899748	0.17973007	-0.41885313	0.99999964	-0.2667402	0.17148352	-0.1447471	0.19313076	-0.37581852	0.20581877	-0.11426148	0.12828387	-0.13890065	0.15675974	-0.1474583	0.12813714	-0.1358662	0.11073009	-0.14450401	0.16518132	-0.13727713
0.102710165	-0.1481279	0.21073534	-0.31280687	0.23770365	-0.0977598	0.15007912	-0.2667402	0.9999997	-0.47067264	0.12520157	-0.16295186	0.23152497	-0.6160593	0.2235484	-0.11735229	0.12912412	-0.15032698	0.25020072	-0.23709342	0.13815452	-0.11078711	0.15362741	-0.23875296	0.19541503
-0.09937129	0.1273006	-0.19057018	0.18721351	-0.24299446	0.08870002	-0.13694553	0.17148352	-0.47067264	1.0000004	-0.12733135	0.14268437	-0.20728998	0.26601055	-0.60117114	0.11389668	-0.13053139	0.14011452	-0.270055	0.29871705	-0.15328765	0.11269775	-0.16464345	0.21703215	-0.2905704
0.12881012	-0.13129881	0.13811724	-0.07671105	0.08420293	-0.15384983	0.14247799	-0.1447471	0.12520157	-0.12733135	1.0000006	-0.5226312	0.24039625	-0.15051956	0.09006496	-0.68867004	0.27002952	-0.22151369	0.12914887	-0.11096866	0.2447449	-0.20992298	0.18864939	-0.1793005	0.13026048
-0.12853807	0.14840636	-0.18864252	0.095087215	-0.10651067	0.12742576	-0.18038811	0.19313076	-0.16295186	0.14268437	-0.5226312	1.0000006	-0.537483	0.18812348	-0.10505412	0.29156902	-0.4277817	0.2582872	-0.1563888	0.122997105	-0.2717669	0.21960112	-0.23344712	0.18916965	-0.14400679
0.13362399	-0.18655498	0.23979695	-0.13246584	0.13855574	-0.13412629	0.19523254	-0.37581852	0.23152497	-0.20728998	0.24039625	-0.537483	1.0000004	-0.36865103	0.14351816	-0.23066825	0.2547311	-0.3684124	0.2101033	-0.1720681	0.2133423	-0.19473132	0.24073872	-0.2611554	0.182121
-0.10432713	0.1375302	-0.20394932	0.17996751	-0.20287436	0.0963267	-0.14926617	0.20581877	-0.6160593	0.26601055	-0.15051956	0.18812348	-0.36865103	0.9999998	-0.2253273	0.13353112	-0.1551409	0.17389862	-0.46237165	0.22148302	-0.16531174	0.12850459	-0.18827885	0.26385143	-0.20853034
0.0671242	-0.08744098	0.120264985	-0.11431667	0.13039674	-0.061025802	0.09066128	-0.11426148	0.2235484	-0.60117114	0.09006496	-0.10505412	0.14351816	-0.2253273	0.99999994	-0.0835107	0.094296925	-0.10636375	0.22647376	-0.66112757	0.108649574	-0.08320442	0.120952435	-0.2000111	0.22904323
-0.11386645	0.11347254	-0.1318425	0.07118818	-0.080210626	0.11296791	-0.12771007	0.12828387	-0.11735229	0.11389668	-0.68867004	0.29156902	-0.23066825	0.13353112	-0.0835107	0.9999999	-0.4144602	0.22617353	-0.12391335	0.1008289	-0.41857886	0.24986768	-0.22214021	0.16480693	-0.12292092
0.09451047	-0.11344196	0.13417484	-0.07719319	0.08556969	-0.0939519	0.12112938	-0.13890065	0.12912412	-0.13053139	0.27002952	-0.4277817	0.2547311	-0.1551409	0.094296925	-0.4144602	0.99999976	-0.5062745	0.14316618	-0.116475545	0.30152413	-0.48197436	0.29236367	-0.2044448	0.13745557
-0.09912725	0.11928549	-0.15823211	0.087301396	-0.09882087	0.093373634	-0.1315921	0.15675974	-0.15032698	0.14011452	-0.22151369	0.2582872	-0.3684124	0.17389862	-0.10636375	0.22617353	-0.5062745	0.9999996	-0.17936741	0.12770858	-0.28419143	0.27856016	-0.6276839	0.23109584	-0.15339611
0.08662733	-0.1120159	0.14945637	-0.12480824	0.1364046	-0.07985497	0.11635982	-0.1474583	0.25020072	-0.270055	0.12914887	-0.1563888	0.2101033	-0.46237165	0.22647376	-0.12391335	0.14316618	-0.17936741	0.9999993	-0.39718083	0.15850243	-0.13090417	0.20501198	-0.6332862	0.23613462
-0.080788955	0.100773364	-0.14235143	0.11743576	-0.14345327	0.07201265	-0.10775864	0.12813714	-0.23709342	0.29871705	-0.11096866	0.122997105	-0.1720681	0.22148302	-0.66112757	0.1008289	-0.116475545	0.12770858	-0.39718083	0.9999992	-0.13842686	0.10277654	-0.15480639	0.24169439	-0.41025126
0.09731535	-0.11876867	0.13492437	-0.08354721	0.09240999	-0.096455306	0.1210034	-0.1358662	0.13815452	-0.15328765	0.2447449	-0.2717669	0.2133423	-0.16531174	0.108649574	-0.41857886	0.30152413	-0.28419143	0.15850243	-0.13842686	0.9999991	-0.6685438	0.2745398	-0.24842584	0.16678682
-0.07924386	0.093081854	-0.1126433	0.06594844	-0.07420489	0.076314345	-0.09956982	0.11073009	-0.11078711	0.11269775	-0.20992298	0.21960112	-0.19473132	0.12850459	-0.08320442	0.24986768	-0.48197436	0.27856016	-0.13090417	0.10277654	-0.6685438	0.9999992	-0.43169212	0.19056594	-0.1262686
0.093592584	-0.11735677	0.14243954	-0.090023	0.100022875	-0.08981012	0.12109552	-0.14450401	0.15362741	-0.16464345	0.18864939	-0.23344712	0.24073872	-0.18827885	0.120952435	-0.22214021	0.29236367	-0.6276839	0.20501198	-0.15480639	0.2745398	-0.43169212	0.99999905	-0.39662933	0.17929703
-0.11061582	0.13226268	-0.18288021	0.12474689	-0.14758015	0.09881153	-0.14432207	0.16518132	-0.23875296	0.21703215	-0.1793005	0.18916965	-0.2611554	0.26385143	-0.2000111	0.16480693	-0.2044448	0.23109584	-0.6332862	0.24169439	-0.24842584	0.19056594	-0.39662933	0.9999989	-0.32258868
0.09423587	-0.118190594	0.14925069	-0.11361536	0.13007906	-0.08477947	0.12062681	-0.13727713	0.19541503	-0.2905704	0.13026048	-0.14400679	0.182121	-0.20853034	0.22904323	-0.12292092	0.13745557	-0.15339611	0.23613462	-0.41025126	0.16678682	-0.1262686	0.17929703	-0.32258868	0.9999989
