1.0000001	-0.52301997	0.1118501	-0.066523336	0.06243887	-0.7852658	0.28789887	-0.10727418	0.06123925	-0.064458966	0.13396072	-0.12247597	0.10171266	-0.060077317	0.059353374	-0.03999721	0.0375287	-0.029377108	0.0209028	-0.017985351	0.03726188	-0.030984707	0.026670082	-0.020342737	0.019427476
-0.52301997	1.0000001	-0.21270552	0.110514425	-0.10531552	0.3152295	-0.682203	0.1861123	-0.1064874	0.10698297	-0.24044129	0.19830486	-0.18449426	0.102198064	-0.10214109	0.06642578	-0.063221775	0.0485035	-0.034974135	0.030188207	-0.06373532	0.051203694	-0.044706702	0.033754442	-0.03275818
0.1118501	-0.21270552	1.0	-0.378315	0.28422353	-0.13919465	0.18888626	-0.5044214	0.25585845	-0.3007536	0.12717372	-0.12232665	0.30220595	-0.24750413	0.22918223	-0.05770133	0.055232342	-0.055443123	0.045605995	-0.057036612	0.0554979	-0.04926764	0.049946178	-0.04375526	0.060906544
-0.066523336	0.110514425	-0.378315	0.9999999	-0.6153944	0.0798096	-0.120934024	0.24765307	-0.51169777	0.3050492	-0.096295774	0.0871113	-0.29114825	0.26133257	-0.29638764	0.043424767	-0.043241985	0.045670897	-0.041075874	0.06028596	-0.042934477	0.03842734	-0.041729473	0.038389828	-0.0660439
0.06243887	-0.10531552	0.28422353	-0.6153944	1.0000004	-0.076546155	0.108351015	-0.21670766	0.2761543	-0.43525496	0.086866215	-0.079618424	0.2335179	-0.24620175	0.2514849	-0.042365033	0.041456837	-0.044298347	0.03933346	-0.05654876	0.0416741	-0.037440374	0.040365472	-0.03732069	0.060645886
-0.7852658	0.3152295	-0.13919465	0.0798096	-0.076546155	1.0000005	-0.45748264	0.13340214	-0.07672698	0.07800078	-0.19671644	0.1583161	-0.13346882	0.07443431	-0.07435569	0.052289065	-0.049205154	0.03753454	-0.026740676	0.02249661	-0.049406044	0.039988734	-0.034440797	0.025904069	-0.024390396
0.28789887	-0.682203	0.18888626	-0.120934024	0.108351015	-0.45748264	1.0000007	-0.26847947	0.11681998	-0.117692836	0.23395494	-0.31574506	0.19021198	-0.11236209	0.10538953	-0.07099199	0.06921642	-0.052842896	0.036770448	-0.03138965	0.06447222	-0.05623479	0.04693485	-0.03592366	0.03373524
-0.10727418	0.1861123	-0.5044214	0.24765307	-0.21670766	0.13340214	-0.26847947	1.0000008	-0.37359378	0.24217853	-0.14329392	0.13942188	-0.6268648	0.2574983	-0.23251514	0.053803224	-0.05406927	0.053108633	-0.042648878	0.051320925	-0.05169597	0.046048015	-0.046926755	0.0398566	-0.055272125
0.06123925	-0.1064874	0.25585845	-0.51169777	0.2761543	-0.07672698	0.11681998	-0.37359378	1.0000012	-0.49469024	0.08550163	-0.081774965	0.28428397	-0.5065072	0.30303174	-0.038471885	0.038711827	-0.04186937	0.038542397	-0.057884265	0.037457485	-0.034393903	0.037417706	-0.035772502	0.06134497
-0.064458966	0.10698297	-0.3007536	0.3050492	-0.43525496	0.07800078	-0.117692836	0.24217853	-0.49469024	1.0000011	-0.097155824	0.08831826	-0.30471033	0.31393543	-0.57596177	0.046487864	-0.04730812	0.052683406	-0.051472038	0.09097529	-0.04609014	0.04250311	-0.04826088	0.047565173	-0.10002768
0.13396072	-0.24044129	0.12717372	-0.096295774	0.086866215	-0.19671644	0.23395494	-0.14329392	0.08550163	-0.097155824	1.0000011	-0.86324084	0.15745449	-0.094736226	0.08563615	-0.18398613	0.14615197	-0.09882455	0.060519423	-0.037430663	0.13206404	-0.11812884	0.08406091	-0.061176684	0.039769795
-0.12247597	0.19830486	-0.12232665	0.0871113	-0.079618424	0.1583161	-0.31574506	0.13942188	-0.081774965	0.08831826	-0.86324084	1.0000012	-0.18378462	0.08991536	-0.08174959	0.14390741	-0.16486448	0.09250127	-0.05821226	0.035109825	-0.12795337	0.109805726	-0.08166041	0.057035033	-0.037671972
0.10171266	-0.18449426	0.30220595	-0.29114825	0.2335179	-0.13346882	0.19021198	-0.6268648	0.28428397	-0.30471033	0.15745449	-0.18378462	1.0000013	-0.43673387	0.26027468	-0.06605516	0.06673527	-0.071008	0.054148275	-0.062235147	0.062194232	-0.057667624	0.05926676	-0.050781615	0.06520281
-0.060077317	0.102198064	-0.24750413	0.26133257	-0.24620175	0.07443431	-0.11236209	0.2574983	-0.5065072	0.31393543	-0.094736226	0.08991536	-0.43673387	1.0000013	-0.6174113	0.04377333	-0.04532543	0.051867787	-0.052172277	0.08389937	-0.042756833	0.040373944	-0.045956325	0.046671107	-0.08905566
0.059353374	-0.10214109	0.22918223	-0.29638764	0.2514849	-0.07435569	0.10538953	-0.23251514	0.30303174	-0.57596177	0.08563615	-0.08174959	0.26027468	-0.6174113	1.0000014	-0.046673898	0.048125938	-0.05859	0.06166625	-0.14448981	0.045481753	-0.044458482	0.052016668	-0.057361234	0.12504892
-0.03999721	0.06642578	-0.05770133	0.043424767	-0.042365033	0.052289065	-0.07099199	0.053803224	-0.038471885	0.046487864	-0.18398613	0.14390741	-0.06605516	0.04377333	-0.046673898	1.0000013	-0.47336575	0.2074246	-0.13799219	0.05736524	-0.77053136	0.2986661	-0.21809907	0.13038768	-0.06284569
0.0375287	-0.063221775	0.055232342	-0.043241985	0.041456837	-0.049205154	0.06921642	-0.05406927	0.038711827	-0.04730812	0.14615197	-0.16486448	0.06673527	-0.04532543	0.048125938	-0.47336575	1.0000012	-0.46125284	0.18760477	-0.07337934	0.30228022	-0.616946	0.28030944	-0.19424528	0.07651233
-0.029377108	0.0485035	-0.055443123	0.045670897	-0.044298347	0.03753454	-0.052842896	0.053108633	-0.04186937	0.052683406	-0.09882455	0.09250127	-0.071008	0.051867787	-0.05859	0.2074246	-0.46125284	1.0000015	-0.50123423	0.12570444	-0.22806199	0.28381455	-0.58213586	0.30104208	-0.13914311
0.0209028	-0.034974135	0.045605995	-0.041075874	0.03933346	-0.026740676	0.036770448	-0.042648878	0.038542397	-0.051472038	0.060519423	-0.05821226	0.054148275	-0.052172277	0.06166625	-0.13799219	0.18760477	-0.50123423	1.0000013	-0.23582906	0.13095236	-0.19354703	0.29662105	-0.73242766	0.19093674
-0.017985351	0.030188207	-0.057036612	0.06028596	-0.05654876	0.02249661	-0.03138965	0.051320925	-0.057884265	0.09097529	-0.037430663	0.035109825	-0.062235147	0.08389937	-0.14448981	0.05736524	-0.07337934	0.12570444	-0.23582906	1.0000013	-0.058184315	0.07287788	-0.1154336	0.17553405	-0.9298452
0.03726188	-0.06373532	0.0554979	-0.042934477	0.0416741	-0.049406044	0.06447222	-0.05169597	0.037457485	-0.04609014	0.13206404	-0.12795337	0.062194232	-0.042756833	0.045481753	-0.77053136	0.30228022	-0.22806199	0.13095236	-0.058184315	1.0000013	-0.48541102	0.20947042	-0.14664643	0.060932685
-0.030984707	0.051203694	-0.04926764	0.03842734	-0.037440374	0.039988734	-0.05623479	0.046048015	-0.034393903	0.04250311	-0.11812884	0.109805726	-0.057667624	0.040373944	-0.044458482	0.2986661	-0.616946	0.28381455	-0.19354703	0.07287788	-0.48541102	1.0000013	-0.46916202	0.19354749	-0.07999584
0.026670082	-0.044706702	0.049946178	-0.041729473	0.040365472	-0.034440797	0.04693485	-0.046926755	0.037417706	-0.04826088	0.08406091	-0.08166041	0.05926676	-0.045956325	0.052016668	-0.21809907	0.28030944	-0.58213586	0.29662105	-0.1154336	0.20947042	-0.46916202	1.0000011	-0.5117782	0.117660694
-0.020342737	0.033754442	-0.04375526	0.038389828	-0.03732069	0.025904069	-0.03592366	0.0398566	-0.035772502	0.047565173	-0.061176684	0.057035033	-0.050781615	0.046671107	-0.057361234	0.13038768	-0.19424528	0.30104208	-0.73242766	0.17553405	-0.14664643	0.19354749	-0.5117782	1.000001	-0.21423544
0.019427476	-0.03275818	0.060906544	-0.0660439	0.060645886	-0.024390396	0.03373524	-0.055272125	0.06134497	-0.10002768	0.039769795	-0.037671972	0.06520281	-0.08905566	0.12504892	-0.06284569	0.07651233	-0.13914311	0.19093674	-0.9298452	0.060932685	-0.07999584	0.117660694	-0.21423544	1.000001
