1.0	-0.36520147	0.2361021	-0.25031903	0.2554274	-0.5880893	0.2877612	-0.3152191	0.2127318	-0.13990282	0.06144758	-0.26594958	0.26878715	-0.25761738	0.12856096	-0.05649078	0.18633266	-0.13765039	0.11972361	-0.06093531	0.15134327	-0.11744313	0.13825342	-0.08704048	0.063046455
-0.36520147	1.0	-0.69954365	0.26403308	-0.22709122	0.255319	-0.36651954	0.28274482	-0.25274724	0.1154103	-0.054132357	0.21281767	-0.26880702	0.19893205	-0.11164331	0.04857952	-0.17046608	0.11483614	-0.10477311	0.04924611	-0.1349522	0.09972286	-0.121975295	0.074063	-0.052081097
0.2361021	-0.69954365	1.0000001	-0.46533412	0.19250454	-0.22180319	0.2335259	-0.36767715	0.2604079	-0.111689106	0.042353243	-0.18281116	0.2291415	-0.2019919	0.10423345	-0.038489383	0.13186859	-0.093069315	0.08221363	-0.040637873	0.10434837	-0.07928394	0.09540798	-0.058912504	0.04247403
-0.25031903	0.26403308	-0.46533412	0.9999995	-0.3088134	0.1868283	-0.19121209	0.27655488	-0.67820805	0.15961958	-0.04489853	0.16653049	-0.26427466	0.2565322	-0.15483625	0.040370565	-0.13759156	0.09815921	-0.0914639	0.047410052	-0.11512575	0.084547654	-0.10500271	0.064755306	-0.04989693
0.2554274	-0.22709122	0.19250454	-0.3088134	0.99999946	-0.21638487	0.17460024	-0.24402943	0.24513602	-0.39661402	0.050188266	-0.18833615	0.26064944	-0.42206502	0.25262693	-0.045693535	0.14991021	-0.11471226	0.10709125	-0.06795042	0.1307615	-0.09794343	0.1203682	-0.07738231	0.06868116
-0.5880893	0.255319	-0.22180319	0.1868283	-0.21638487	0.9999993	-0.5815395	0.27375966	-0.19383611	0.11003654	-0.0706251	0.26770523	-0.29331046	0.19563487	-0.10614199	0.062887974	-0.22599766	0.14448619	-0.1327682	0.058610175	-0.17397304	0.12722005	-0.15577698	0.09319933	-0.06231644
0.2877612	-0.36651954	0.2335259	-0.19121209	0.17460024	-0.5815395	0.99999946	-0.4440512	0.1917398	-0.09791713	0.06232833	-0.45698002	0.26841304	-0.18213762	0.093149975	-0.057271726	0.21025358	-0.1344608	0.10955379	-0.04892969	0.14243527	-0.113528304	0.13016458	-0.07903055	0.05122292
-0.3152191	0.28274482	-0.36767715	0.27655488	-0.24402943	0.27375966	-0.4440512	0.99999934	-0.41429606	0.1422522	-0.062412456	0.25911927	-0.52250636	0.26371285	-0.13899246	0.05621669	-0.19947335	0.13650928	-0.12077705	0.05685779	-0.15334317	0.11503663	-0.1411484	0.085777946	-0.059865918
0.2127318	-0.25274724	0.2604079	-0.67820805	0.24513602	-0.19383611	0.1917398	-0.41429606	0.99999946	-0.21278134	0.041821033	-0.17081794	0.26504427	-0.41166654	0.1799897	-0.037957016	0.12891142	-0.09366416	0.08450798	-0.046213955	0.10495945	-0.079131745	0.09686516	-0.06056218	0.047914583
-0.13990282	0.1154103	-0.111689106	0.15961958	-0.39661402	0.11003654	-0.09791713	0.1422522	-0.21278134	0.99999946	-0.028829865	0.10414875	-0.18894617	0.27693602	-0.81648815	0.026038751	-0.08744269	0.06649524	-0.06547364	0.05584327	-0.07550879	0.055803068	-0.0714516	0.047152806	-0.057085257
0.06144758	-0.054132357	0.042353243	-0.04489853	0.050188266	-0.0706251	0.06232833	-0.062412456	0.041821033	-0.028829865	0.999999	-0.12380355	0.06818471	-0.05477769	0.026838273	-0.9693464	0.14300488	-0.09051298	0.054834567	-0.023722216	0.0832418	-0.08178899	0.06857091	-0.04369831	0.023792623
-0.26594958	0.21281767	-0.18281116	0.16653049	-0.18833615	0.26770523	-0.45698002	0.25911927	-0.17081794	0.10414875	-0.12380355	0.99999905	-0.3843856	0.19798353	-0.100439675	0.10991818	-0.5558968	0.2352307	-0.19013132	0.0737009	-0.25935552	0.20332235	-0.23371138	0.13433455	-0.07788413
0.26878715	-0.26880702	0.2291415	-0.26427466	0.26064944	-0.29331046	0.26841304	-0.52250636	0.26504427	-0.18894617	0.06818471	-0.3843856	0.9999989	-0.48167408	0.17635082	-0.06369907	0.21600667	-0.17698233	0.13310659	-0.067621015	0.1605673	-0.131911	0.15567312	-0.09890795	0.069026396
-0.25761738	0.19893205	-0.2019919	0.2565322	-0.42206502	0.19563487	-0.18213762	0.26371285	-0.41166654	0.27693602	-0.05477769	0.19798353	-0.48167408	0.9999987	-0.43712628	0.049262185	-0.16775559	0.12440022	-0.118323125	0.06935009	-0.14280365	0.10460212	-0.13332745	0.083635576	-0.07284745
0.12856096	-0.11164331	0.10423345	-0.15483625	0.25262693	-0.10614199	0.093149975	-0.13899246	0.1799897	-0.81648815	0.026838273	-0.100439675	0.17635082	-0.43712628	0.9999986	-0.024350064	0.08154912	-0.06300969	0.061891977	-0.062388413	0.069685295	-0.052203503	0.06668306	-0.04508863	0.05919384
-0.05649078	0.04857952	-0.038489383	0.040370565	-0.045693535	0.062887974	-0.057271726	0.05621669	-0.037957016	0.026038751	-0.9693464	0.10991818	-0.06369907	0.049262185	-0.024350064	0.99999833	-0.16734461	0.08627982	-0.054289535	0.022470202	-0.087243065	0.079911344	-0.06857804	0.04236394	-0.0227454
0.18633266	-0.17046608	0.13186859	-0.13759156	0.14991021	-0.22599766	0.21025358	-0.19947335	0.12891142	-0.08744269	0.14300488	-0.5558968	0.21600667	-0.16775559	0.08154912	-0.16734461	0.99999815	-0.49579194	0.19775072	-0.07890692	0.25896135	-0.36392394	0.25750327	-0.16135377	0.07873636
-0.13765039	0.11483614	-0.093069315	0.09815921	-0.11471226	0.14448619	-0.1344608	0.13650928	-0.09366416	0.06649524	-0.09051298	0.2352307	-0.17698233	0.12440022	-0.06300969	0.08627982	-0.49579194	0.9999984	-0.42388287	0.108022995	-0.22448668	0.2166779	-0.6120989	0.27324283	-0.11268714
0.11972361	-0.10477311	0.08221363	-0.0914639	0.10709125	-0.1327682	0.10955379	-0.12077705	0.08450798	-0.06547364	0.054834567	-0.19013132	0.13310659	-0.118323125	0.061891977	-0.054289535	0.19775072	-0.42388287	0.9999981	-0.21463503	0.14480358	-0.15224276	0.31347308	-0.7429566	0.17789218
-0.06093531	0.04924611	-0.040637873	0.047410052	-0.06795042	0.058610175	-0.04892969	0.05685779	-0.046213955	0.05584327	-0.023722216	0.0737009	-0.067621015	0.06935009	-0.062388413	0.022470202	-0.07890692	0.108022995	-0.21463503	0.99999785	-0.0687439	0.060890578	-0.12799093	0.1678198	-0.9487268
0.15134327	-0.1349522	0.10434837	-0.11512575	0.1307615	-0.17397304	0.14243527	-0.15334317	0.10495945	-0.07550879	0.0832418	-0.25935552	0.1605673	-0.14280365	0.069685295	-0.087243065	0.25896135	-0.22448668	0.14480358	-0.0687439	0.99999803	-0.8302861	0.20931616	-0.13768093	0.06701018
-0.11744313	0.09972286	-0.07928394	0.084547654	-0.09794343	0.12722005	-0.113528304	0.11503663	-0.079131745	0.055803068	-0.08178899	0.20332235	-0.131911	0.10460212	-0.052203503	0.079911344	-0.36392394	0.2166779	-0.15224276	0.060890578	-0.8302861	0.99999815	-0.27555177	0.13584492	-0.06161471
0.13825342	-0.121975295	0.09540798	-0.10500271	0.1203682	-0.15577698	0.13016458	-0.1411484	0.09686516	-0.0714516	0.06857091	-0.23371138	0.15567312	-0.13332745	0.06668306	-0.06857804	0.25750327	-0.6120989	0.31347308	-0.12799093	0.20931616	-0.27555177	0.9999983	-0.531197	0.12309474
-0.08704048	0.074063	-0.058912504	0.064755306	-0.07738231	0.09319933	-0.07903055	0.085777946	-0.06056218	0.047152806	-0.04369831	0.13433455	-0.09890795	0.083635576	-0.04508863	0.04236394	-0.16135377	0.27324283	-0.7429566	0.1678198	-0.13768093	0.13584492	-0.531197	0.9999983	-0.19914472
0.063046455	-0.052081097	0.04247403	-0.04989693	0.06868116	-0.06231644	0.05122292	-0.059865918	0.047914583	-0.057085257	0.023792623	-0.07788413	0.069026396	-0.07284745	0.05919384	-0.0227454	0.07873636	-0.11268714	0.17789218	-0.9487268	0.06701018	-0.06161471	0.12309474	-0.19914472	0.9999983
