1.0	-0.8043265	0.27979153	-0.2300974	0.16356416	-0.28903517	0.23727752	-0.24845073	0.14500841	-0.10320595	0.118301764	-0.14411691	0.18262538	-0.124428526	0.1007282	-0.12776136	0.09949076	-0.08800394	0.07082883	-0.07656728	0.12857684	-0.10974853	0.09041339	-0.051748533	0.05605219
-0.8043265	0.9999995	-0.42189893	0.1773386	-0.13272597	0.21958582	-0.2873345	0.22538364	-0.12489851	0.0838938	-0.0945549	0.113862425	-0.16076505	0.10315365	-0.08313004	0.097309366	-0.0792995	0.070053965	-0.057641074	0.061348226	-0.1017021	0.08427229	-0.07293174	0.040693507	-0.044387616
0.27979153	-0.42189893	0.99999934	-0.40167868	0.22963354	-0.297506	0.27065036	-0.5836724	0.22380991	-0.15070596	0.13259229	-0.16662751	0.26273686	-0.18701462	0.14359811	-0.14314793	0.11672763	-0.11054668	0.09971818	-0.107903786	0.15160562	-0.12884784	0.11225613	-0.07012501	0.075388595
-0.2300974	0.1773386	-0.40167868	0.9999993	-0.6075228	0.19592841	-0.19566816	0.25505042	-0.4165871	0.23839992	-0.11250037	0.14328875	-0.3224047	0.24614017	-0.23860598	0.12097241	-0.10878357	0.112185426	-0.14489649	0.14767607	-0.15527172	0.12052966	-0.12153681	0.09398725	-0.106462926
0.16356416	-0.13272597	0.22963354	-0.6075228	0.9999993	-0.18722735	0.16110784	-0.20530127	0.26274788	-0.36300457	0.10833274	-0.141823	0.24860768	-0.22824922	0.24007039	-0.12335509	0.106239304	-0.10699513	0.14085427	-0.16186951	0.15578635	-0.12596467	0.1119635	-0.10178457	0.10904439
-0.28903517	0.21958582	-0.297506	0.19592841	-0.18722735	0.9999992	-0.6996039	0.27662238	-0.18500593	0.11928876	-0.32937363	0.23646353	-0.27556157	0.15118994	-0.12482896	0.21886332	-0.17404103	0.13097258	-0.086334944	0.0889685	-0.22366439	0.16300587	-0.14499219	0.059848543	-0.066909805
0.23727752	-0.2873345	0.27065036	-0.19566816	0.16110784	-0.6996039	0.99999905	-0.45853564	0.17028362	-0.111481205	0.19947343	-0.24946809	0.23287629	-0.14450361	0.11041404	-0.1906332	0.1485093	-0.11468214	0.077510245	-0.082254656	0.17014322	-0.14399286	0.118137166	-0.05401605	0.058796294
-0.24845073	0.22538364	-0.5836724	0.25505042	-0.20530127	0.27662238	-0.45853564	0.9999993	-0.31848028	0.15696563	-0.13477851	0.16750087	-0.42576143	0.2176835	-0.15705259	0.13510342	-0.11934015	0.1169706	-0.107396856	0.11134768	-0.14942177	0.122827254	-0.12069863	0.0690969	-0.07485173
0.14500841	-0.12489851	0.22380991	-0.4165871	0.26274788	-0.18500593	0.17028362	-0.31848028	0.9999994	-0.4002788	0.09999101	-0.13349412	0.29519624	-0.6087929	0.28149974	-0.10953777	0.096386984	-0.10300979	0.18376729	-0.20232657	0.12625858	-0.10716032	0.10279603	-0.10570886	0.108058915
-0.10320595	0.0838938	-0.15070596	0.23839992	-0.36300457	0.11928876	-0.111481205	0.15696563	-0.4002788	0.9999996	-0.06959352	0.09201038	-0.22048688	0.2712611	-0.7498504	0.07642042	-0.068711385	0.07387697	-0.18144296	0.18941982	-0.09348758	0.07682119	-0.07662199	0.09517309	-0.10864925
0.118301764	-0.0945549	0.13259229	-0.11250037	0.10833274	-0.32937363	0.19947343	-0.13477851	0.09999101	-0.06959352	0.99999946	-0.51614255	0.16795655	-0.09114195	0.072395235	-0.6979862	0.2693959	-0.14580639	0.051882707	-0.054199632	0.24191344	-0.21491934	0.14892925	-0.037420154	0.041225523
-0.14411691	0.113862425	-0.16662751	0.14328875	-0.141823	0.23646353	-0.24946809	0.16750087	-0.13349412	0.09201038	-0.51614255	0.9999995	-0.26311234	0.12422279	-0.097341634	0.3191946	-0.56304485	0.20683579	-0.069921084	0.072193176	-0.36254546	0.27521706	-0.23166032	0.049783852	-0.054999594
0.18262538	-0.16076505	0.26273686	-0.3224047	0.24860768	-0.27556157	0.23287629	-0.42576143	0.29519624	-0.22048688	0.16795655	-0.26311234	0.99999946	-0.48104393	0.21611685	-0.18594295	0.17477486	-0.23461394	0.16709909	-0.18360288	0.20186648	-0.1870338	0.1906495	-0.109621145	0.11146403
-0.124428526	0.10315365	-0.18701462	0.24614017	-0.22824922	0.15118994	-0.14450361	0.2176835	-0.6087929	0.2712611	-0.09114195	0.12422279	-0.48104393	0.9999995	-0.39295322	0.09814158	-0.09211472	0.105689116	-0.29646635	0.22723341	-0.11678255	0.09842712	-0.10646846	0.117556006	-0.123311654
0.1007282	-0.08313004	0.14359811	-0.23860598	0.24007039	-0.12482896	0.11041404	-0.15705259	0.28149974	-0.7498504	0.072395235	-0.097341634	0.21611685	-0.39295322	0.9999995	-0.08074374	0.07170494	-0.07767262	0.20658502	-0.29409948	0.09667584	-0.08136546	0.07836993	-0.10959625	0.11677853
-0.12776136	0.097309366	-0.14314793	0.12097241	-0.12335509	0.21886332	-0.1906332	0.13510342	-0.10953777	0.07642042	-0.6979862	0.3191946	-0.18594295	0.09814158	-0.08074374	0.9999995	-0.41765916	0.17457837	-0.057652734	0.05961053	-0.3861516	0.25291917	-0.19661969	0.041956823	-0.04671423
0.09949076	-0.0792995	0.11672763	-0.10878357	0.106239304	-0.17404103	0.1485093	-0.11934015	0.096386984	-0.068711385	0.2693959	-0.56304485	0.17477486	-0.09211472	0.07170494	-0.41765916	0.9999993	-0.3314667	0.05268709	-0.055033054	0.30435157	-0.5241884	0.2492099	-0.038851764	0.042416066
-0.08800394	0.070053965	-0.11054668	0.112185426	-0.10699513	0.13097258	-0.11468214	0.1169706	-0.10300979	0.07387697	-0.14580639	0.20683579	-0.23461394	0.105689116	-0.07767262	0.17457837	-0.3314667	0.9999999	-0.061085984	0.062734224	-0.22396578	0.23382126	-0.8479933	0.046308674	-0.049374413
0.07082883	-0.057641074	0.09971818	-0.14489649	0.14085427	-0.086334944	0.077510245	-0.107396856	0.18376729	-0.18144296	0.051882707	-0.069921084	0.16709909	-0.29646635	0.20658502	-0.057652734	0.05268709	-0.061085984	0.99999976	-0.8173073	0.07003337	-0.05890449	0.061890546	-0.32211775	0.23725086
-0.07656728	0.061348226	-0.107903786	0.14767607	-0.16186951	0.0889685	-0.082254656	0.11134768	-0.20232657	0.18941982	-0.054199632	0.072193176	-0.18360288	0.22723341	-0.29409948	0.05961053	-0.055033054	0.062734224	-0.8173073	0.9999998	-0.074097805	0.06098673	-0.065586336	0.22899567	-0.2945426
0.12857684	-0.1017021	0.15160562	-0.15527172	0.15578635	-0.22366439	0.17014322	-0.14942177	0.12625858	-0.09348758	0.24191344	-0.36254546	0.20186648	-0.11678255	0.09667584	-0.3861516	0.30435157	-0.22396578	0.07003337	-0.074097805	0.99999964	-0.68071884	0.21577008	-0.053394563	0.05866083
-0.10974853	0.08427229	-0.12884784	0.12052966	-0.12596467	0.16300587	-0.14399286	0.122827254	-0.10716032	0.07682119	-0.21491934	0.27521706	-0.1870338	0.09842712	-0.08136546	0.25291917	-0.5241884	0.23382126	-0.05890449	0.06098673	-0.68071884	0.99999946	-0.30828655	0.044124115	-0.04896626
0.09041339	-0.07293174	0.11225613	-0.12153681	0.1119635	-0.14499219	0.118137166	-0.12069863	0.10279603	-0.07662199	0.14892925	-0.23166032	0.1906495	-0.10646846	0.07836993	-0.19661969	0.2492099	-0.8479933	0.061890546	-0.065586336	0.21577008	-0.30828655	0.99999946	-0.05064125	0.05243368
-0.051748533	0.040693507	-0.07012501	0.09398725	-0.10178457	0.059848543	-0.05401605	0.0690969	-0.10570886	0.09517309	-0.037420154	0.049783852	-0.109621145	0.117556006	-0.10959625	0.041956823	-0.038851764	0.046308674	-0.32211775	0.22899567	-0.053394563	0.044124115	-0.05064125	0.9999994	-0.90182954
0.05605219	-0.044387616	0.075388595	-0.106462926	0.10904439	-0.066909805	0.058796294	-0.07485173	0.108058915	-0.10864925	0.041225523	-0.054999594	0.11146403	-0.123311654	0.11677853	-0.04671423	0.042416066	-0.049374413	0.23725086	-0.2945426	0.05866083	-0.04896626	0.05243368	-0.90182954	0.9999994
