1.0000001	-0.5139269	0.20525649	-0.12849772	0.023223056	-0.6362765	0.3138714	-0.19503886	0.09141591	-0.024810262	0.2735523	-0.23603909	0.16851369	-0.11079093	0.12844998	-0.1326714	0.13843665	-0.13749751	0.08590486	-0.084979266	0.11991736	-0.11159721	0.11138111	-0.07910906	0.07649102
-0.5139269	1.0000001	-0.3604814	0.09978324	-0.018277131	0.27198645	-0.68335414	0.22770366	-0.07563792	0.019380484	-0.20778988	0.20264423	-0.16814424	0.08744423	-0.099300236	0.093151785	-0.117962286	0.11576678	-0.067824334	0.06474096	-0.090904094	0.08467508	-0.0878393	0.06099661	-0.059241053
0.20525649	-0.3604814	1.0000002	-0.16206141	0.028365517	-0.17736422	0.25508434	-0.7606328	0.12053607	-0.029999856	0.1850716	-0.27389577	0.25923592	-0.13112888	0.13808176	-0.09955907	0.15645367	-0.17648976	0.09525164	-0.09009946	0.09831274	-0.10806647	0.11290294	-0.084117286	0.08098346
-0.12849772	0.09978324	-0.16206141	1.0000002	-0.16076241	0.10107526	-0.12926579	0.1350973	-0.7213681	0.13835232	-0.15499774	0.1405536	-0.15313362	0.30687758	-0.43359405	0.08750309	-0.14181161	0.12866086	-0.21501023	0.18573694	-0.0974634	0.1144096	-0.13625039	0.15462603	-0.17441992
0.023223056	-0.018277131	0.028365517	-0.16076241	1.0000004	-0.018566342	0.023472529	-0.025406202	0.118466236	-0.9762173	0.028180921	-0.02679907	0.028600724	-0.067926645	0.073973075	-0.016292935	0.026288353	-0.024529949	0.039942518	-0.035886426	0.017936228	-0.02186985	0.025442574	-0.030313801	0.03208349
-0.6362765	0.27198645	-0.17736422	0.10107526	-0.018566342	1.0000001	-0.40371764	0.15787552	-0.07517231	0.019771822	-0.5299466	0.2216415	-0.16151759	0.091278665	-0.10585748	0.14911854	-0.13222042	0.12306168	-0.073826276	0.07081974	-0.14331752	0.104716524	-0.10640334	0.068101525	-0.06576937
0.3138714	-0.68335414	0.25508434	-0.12926579	0.023472529	-0.40371764	1.0	-0.2786317	0.09501933	-0.025023088	0.24477538	-0.30937925	0.20261408	-0.11339362	0.12778053	-0.11953317	0.14800228	-0.1492844	0.08702797	-0.084473014	0.112504035	-0.109554306	0.11143977	-0.07906195	0.076328605
-0.19503886	0.22770366	-0.7606328	0.1350973	-0.025406202	0.15787552	-0.2786317	1.0000004	-0.12322489	0.026732147	-0.1848857	0.24906921	-0.42981344	0.12425401	-0.12886314	0.09384216	-0.16903652	0.17560525	-0.091911644	0.08266777	-0.09575361	0.10326434	-0.11249768	0.078874685	-0.076459736
0.09141591	-0.07563792	0.12053607	-0.7213681	0.118466236	-0.07517231	0.09501933	-0.12322489	1.0000002	-0.13583237	0.11134247	-0.11866843	0.12916495	-0.5443229	0.27665207	-0.06704378	0.10970457	-0.10880888	0.19378679	-0.16808367	0.07219694	-0.094373815	0.107300304	-0.14895959	0.13831131
-0.024810262	0.019380484	-0.029999856	0.13835232	-0.9762173	0.019771822	-0.025023088	0.026732147	-0.13583237	0.99999994	-0.03014179	0.028345378	-0.030434886	0.07069597	-0.08119879	0.017363274	-0.028065415	0.026025457	-0.04293215	0.038216017	-0.01916555	0.023238486	-0.027196879	0.032164697	-0.034548216
0.2735523	-0.20778988	0.1850716	-0.15499774	0.028180921	-0.5299466	0.24477538	-0.1848857	0.11134247	-0.03014179	1.0000001	-0.4332075	0.2274355	-0.14068332	0.16103892	-0.34845528	0.19723603	-0.19078538	0.112967804	-0.11044595	0.22881517	-0.1743539	0.16310725	-0.10632211	0.10081532
-0.23603909	0.20264423	-0.27389577	0.1405536	-0.02679907	0.2216415	-0.30937925	0.24906921	-0.11866843	0.028345378	-0.4332075	0.99999964	-0.619109	0.14899276	-0.1623697	0.1628187	-0.31644508	0.25771815	-0.121649735	0.10758338	-0.16663203	0.16171083	-0.17402336	0.10665266	-0.10263941
0.16851369	-0.16814424	0.25923592	-0.15313362	0.028600724	-0.16151759	0.20261408	-0.42981344	0.12916495	-0.030434886	0.2274355	-0.619109	0.9999997	-0.19070673	0.1634997	-0.12656744	0.26319188	-0.4195866	0.12919477	-0.112829775	0.12405421	-0.15357117	0.16210014	-0.11148326	0.10273883
-0.11079093	0.08744423	-0.13112888	0.30687758	-0.067926645	0.091278665	-0.11339362	0.12425401	-0.5443229	0.07069597	-0.14068332	0.14899276	-0.19070673	1.0	-0.52046686	0.08638087	-0.14858614	0.14569476	-0.4365959	0.24441132	-0.093932614	0.12698701	-0.15228586	0.2219545	-0.22080523
0.12844998	-0.099300236	0.13808176	-0.43359405	0.073973075	-0.10585748	0.12778053	-0.12886314	0.27665207	-0.08119879	0.16103892	-0.1623697	0.1634997	-0.52046686	0.9999998	-0.10157178	0.1577168	-0.15576155	0.27016902	-0.43251646	0.10872729	-0.14911802	0.16333471	-0.24239422	0.24127679
-0.1326714	0.093151785	-0.09955907	0.08750309	-0.016292935	0.14911854	-0.11953317	0.09384216	-0.06704378	0.017363274	-0.34845528	0.1628187	-0.12656744	0.08638087	-0.10157178	1.0	-0.19172038	0.14454943	-0.08635732	0.077236325	-0.8378734	0.21174203	-0.20362085	0.08643107	-0.07999632
0.13843665	-0.117962286	0.15645367	-0.14181161	0.026288353	-0.13222042	0.14800228	-0.16903652	0.10970457	-0.028065415	0.19723603	-0.31644508	0.26319188	-0.14858614	0.1577168	-0.19172038	1.0000001	-0.73327714	0.14644212	-0.12949432	0.1746315	-0.35966262	0.26038966	-0.14108957	0.12136226
-0.13749751	0.11576678	-0.17648976	0.12866086	-0.024529949	0.12306168	-0.1492844	0.17560525	-0.10880888	0.026025457	-0.19078538	0.25771815	-0.4195866	0.14569476	-0.15576155	0.14454943	-0.73327714	1.0	-0.16890478	0.12553039	-0.1513025	0.24102952	-0.3120027	0.1418264	-0.1252306
0.08590486	-0.067824334	0.09525164	-0.21501023	0.039942518	-0.073826276	0.08702797	-0.091911644	0.19378679	-0.04293215	0.112967804	-0.121649735	0.12919477	-0.4365959	0.27016902	-0.08635732	0.14644212	-0.16890478	1.0	-0.46845233	0.090248555	-0.16504343	0.18629578	-0.6148159	0.3081781
-0.084979266	0.06474096	-0.09009946	0.18573694	-0.035886426	0.07081974	-0.084473014	0.08266777	-0.16808367	0.038216017	-0.11044595	0.10758338	-0.112829775	0.24441132	-0.43251646	0.077236325	-0.12949432	0.12553039	-0.46845233	0.99999994	-0.0837147	0.13137248	-0.16170947	0.3078867	-0.6613518
0.11991736	-0.090904094	0.09831274	-0.0974634	0.017936228	-0.14331752	0.112504035	-0.09575361	0.07219694	-0.01916555	0.22881517	-0.16663203	0.12405421	-0.093932614	0.10872729	-0.8378734	0.1746315	-0.1513025	0.090248555	-0.0837147	1.0000002	-0.31970236	0.20275204	-0.09318797	0.083279066
-0.11159721	0.08467508	-0.10806647	0.1144096	-0.02186985	0.104716524	-0.109554306	0.10326434	-0.094373815	0.023238486	-0.1743539	0.16171083	-0.15357117	0.12698701	-0.14911802	0.21174203	-0.35966262	0.24102952	-0.16504343	0.13137248	-0.31970236	1.0000001	-0.7659761	0.18129085	-0.15804307
0.11138111	-0.0878393	0.11290294	-0.13625039	0.025442574	-0.10640334	0.11143977	-0.11249768	0.107300304	-0.027196879	0.16310725	-0.17402336	0.16210014	-0.15228586	0.16333471	-0.20362085	0.26038966	-0.3120027	0.18629578	-0.16170947	0.20275204	-0.7659761	1.0000001	-0.28816074	0.17464337
-0.07910906	0.06099661	-0.084117286	0.15462603	-0.030313801	0.068101525	-0.07906195	0.078874685	-0.14895959	0.032164697	-0.10632211	0.10665266	-0.11148326	0.2219545	-0.24239422	0.08643107	-0.14108957	0.1418264	-0.6148159	0.3078867	-0.09318797	0.18129085	-0.28816074	1.0000001	-0.5901669
0.07649102	-0.059241053	0.08098346	-0.17441992	0.03208349	-0.06576937	0.076328605	-0.076459736	0.13831131	-0.034548216	0.10081532	-0.10263941	0.10273883	-0.22080523	0.24127679	-0.07999632	0.12136226	-0.1252306	0.3081781	-0.6613518	0.083279066	-0.15804307	0.17464337	-0.5901669	1.0000001
