1.0000001	-0.7343959	0.27511266	-0.26293826	0.19758397	-0.29636666	0.22171326	-0.24399497	0.19032897	-0.17221306	0.14432696	-0.12812054	0.1815823	-0.19440846	0.19929713	-0.03953357	0.057398345	-0.0680022	0.12520102	-0.12451367	0.04243529	-0.05283681	0.051058613	-0.082504705	0.08188219
-0.7343959	1.0000004	-0.47368622	0.23931608	-0.20706667	0.20596972	-0.23878117	0.22444265	-0.1889423	0.15578656	-0.13497584	0.11405041	-0.17621416	0.1640827	-0.18385617	0.03226487	-0.047624663	0.05540173	-0.10763704	0.102396905	-0.034820613	0.043100253	-0.042038184	0.068250954	-0.06899793
0.27511266	-0.47368622	1.0	-0.5898217	0.2581322	-0.16750562	0.16547796	-0.44092613	0.25814998	-0.21606702	0.13558216	-0.1233953	0.20782879	-0.21079504	0.1969875	-0.03564648	0.052460052	-0.062259436	0.12036173	-0.11849136	0.038177546	-0.04883585	0.047160305	-0.07824157	0.076875955
-0.26293826	0.23931608	-0.5898217	0.9999995	-0.5407031	0.13536881	-0.13983443	0.27344927	-0.37348157	0.26912212	-0.13654041	0.11526592	-0.2050822	0.20664492	-0.23865288	0.03592075	-0.05326811	0.062477276	-0.12787676	0.124365866	-0.038780905	0.049754497	-0.048507407	0.080873996	-0.08175419
0.19758397	-0.20706667	0.2581322	-0.5407031	0.9999996	-0.13216418	0.12601215	-0.2668767	0.29534605	-0.59327954	0.13418816	-0.117908575	0.19374906	-0.23828296	0.27475974	-0.042675864	0.062217984	-0.07448036	0.14588574	-0.16141	0.045779407	-0.060552508	0.05830853	-0.09875425	0.09846305
-0.29636666	0.20596972	-0.16750562	0.13536881	-0.13216418	0.9999996	-0.8728608	0.2044558	-0.15509862	0.11205051	-0.1838565	0.15153833	-0.16966693	0.13829772	-0.13238473	0.027773514	-0.04101177	0.046797037	-0.084758915	0.0781125	-0.02954063	0.034794178	-0.03375527	0.053520493	-0.05293419
0.22171326	-0.23878117	0.16547796	-0.13983443	0.12601215	-0.8728608	0.9999997	-0.26985353	0.15208834	-0.11326038	0.16122046	-0.17130542	0.16439013	-0.14219585	0.12543102	-0.027078055	0.040131856	-0.04627429	0.08234852	-0.07721123	0.028623722	-0.034301326	0.033072263	-0.052823834	0.05153855
-0.24399497	0.22444265	-0.44092613	0.27344927	-0.2668767	0.2044558	-0.26985353	0.99999976	-0.525728	0.2424948	-0.20236331	0.18013386	-0.45775044	0.2780495	-0.23989761	0.042334497	-0.063836016	0.07453233	-0.14962792	0.13523659	-0.045363534	0.057239685	-0.055627253	0.092357956	-0.09038289
0.19032897	-0.1889423	0.25814998	-0.37348157	0.29534605	-0.15509862	0.15208834	-0.525728	1.0000001	-0.52167875	0.15405193	-0.14028074	0.25975275	-0.3816381	0.262671	-0.042612948	0.063312985	-0.075822294	0.16019344	-0.15535332	0.04556182	-0.061194915	0.058939584	-0.10257514	0.098105624
-0.17221306	0.15578656	-0.21606702	0.26912212	-0.59327954	0.11205051	-0.11326038	0.2424948	-0.52167875	1.0000004	-0.12692216	0.10793834	-0.194405	0.2273185	-0.45892763	0.038400076	-0.05694849	0.06723573	-0.14466414	0.15669382	-0.041445043	0.055548493	-0.054211304	0.09346703	-0.0977682
0.14432696	-0.13497584	0.13558216	-0.13654041	0.13418816	-0.1838565	0.16122046	-0.20236331	0.15405193	-0.12692216	1.0000001	-0.8345241	0.2714586	-0.26606596	0.16330603	-0.0646658	0.08789242	-0.100055166	0.13518377	-0.12699543	0.06283799	-0.06594874	0.0615227	-0.09173405	0.083757855
-0.12812054	0.11405041	-0.1233953	0.11526592	-0.117908575	0.15153833	-0.17130542	0.18013386	-0.14028074	0.10793834	-0.8345241	1.0000001	-0.4060451	0.21404043	-0.14049102	0.052792445	-0.08398033	0.0858879	-0.11653455	0.10087174	-0.053340007	0.05454855	-0.05158041	0.07422775	-0.069175944
0.1815823	-0.17621416	0.20782879	-0.2050822	0.19374906	-0.16966693	0.16439013	-0.45775044	0.25975275	-0.194405	0.2714586	-0.4060451	0.9999999	-0.5864454	0.22690646	-0.057807878	0.08867068	-0.108108655	0.19628784	-0.1720922	0.060539845	-0.0782642	0.0743925	-0.12626757	0.11261556
-0.19440846	0.1640827	-0.21079504	0.20664492	-0.23828296	0.13829772	-0.14219585	0.2780495	-0.3816381	0.2273185	-0.26606596	0.21404043	-0.5864454	1.0	-0.34138033	0.06465327	-0.10069358	0.1179305	-0.38257912	0.21495992	-0.070020825	0.09507998	-0.09465274	0.17004538	-0.15853791
0.19929713	-0.18385617	0.1969875	-0.23865288	0.27475974	-0.13238473	0.12543102	-0.23989761	0.262671	-0.45892763	0.16330603	-0.14049102	0.22690646	-0.34138033	1.0000001	-0.06697453	0.09707422	-0.11691183	0.2399766	-0.3915538	0.071872965	-0.10279866	0.09880521	-0.17911488	0.18919471
-0.03953357	0.03226487	-0.03564648	0.03592075	-0.042675864	0.027773514	-0.027078055	0.042334497	-0.042612948	0.038400076	-0.0646658	0.052792445	-0.057807878	0.06465327	-0.06697453	1.0000004	-0.32930928	0.22766644	-0.10502607	0.079561785	-0.89242303	0.16941461	-0.15764321	0.08632445	-0.07436699
0.057398345	-0.047624663	0.052460052	-0.05326811	0.062217984	-0.04101177	0.040131856	-0.063836016	0.063312985	-0.05694849	0.08789242	-0.08398033	0.08867068	-0.10069358	0.09707422	-0.32930928	1.0000004	-0.8312864	0.16431142	-0.12680362	0.24046439	-0.27664715	0.20191416	-0.13316636	0.10685046
-0.0680022	0.05540173	-0.062259436	0.062477276	-0.07448036	0.046797037	-0.04627429	0.07453233	-0.075822294	0.06723573	-0.100055166	0.0858879	-0.108108655	0.1179305	-0.11691183	0.22766644	-0.8312864	1.0000005	-0.23383254	0.14026572	-0.28203923	0.22113322	-0.24942058	0.15077966	-0.12936822
0.12520102	-0.10763704	0.12036173	-0.12787676	0.14588574	-0.084758915	0.08234852	-0.14962792	0.16019344	-0.14466414	0.13518377	-0.11653455	0.19628784	-0.38257912	0.2399766	-0.10502607	0.16431142	-0.23383254	1.0000008	-0.48386708	0.10985018	-0.2079201	0.19267395	-0.55044043	0.2996536
-0.12451367	0.102396905	-0.11849136	0.124365866	-0.16141	0.0781125	-0.07721123	0.13523659	-0.15535332	0.15669382	-0.12699543	0.10087174	-0.1720922	0.21495992	-0.3915538	0.079561785	-0.12680362	0.14026572	-0.48386708	1.0000008	-0.09017638	0.14040172	-0.1550934	0.3022554	-0.62632096
0.04243529	-0.034820613	0.038177546	-0.038780905	0.045779407	-0.02954063	0.028623722	-0.045363534	0.04556182	-0.041445043	0.06283799	-0.053340007	0.060539845	-0.070020825	0.071872965	-0.89242303	0.24046439	-0.28203923	0.10985018	-0.09017638	1.0000007	-0.21818204	0.15732703	-0.09552149	0.07860092
-0.05283681	0.043100253	-0.04883585	0.049754497	-0.060552508	0.034794178	-0.034301326	0.057239685	-0.061194915	0.055548493	-0.06594874	0.05454855	-0.0782642	0.09507998	-0.10279866	0.16941461	-0.27664715	0.22113322	-0.2079201	0.14040172	-0.21818204	1.0000005	-0.8481412	0.21161021	-0.1785637
0.051058613	-0.042038184	0.047160305	-0.048507407	0.05830853	-0.03375527	0.033072263	-0.055627253	0.058939584	-0.054211304	0.0615227	-0.05158041	0.0743925	-0.09465274	0.09880521	-0.15764321	0.20191416	-0.24942058	0.19267395	-0.1550934	0.15732703	-0.8481412	1.0000002	-0.31393757	0.17403653
-0.082504705	0.068250954	-0.07824157	0.080873996	-0.09875425	0.053520493	-0.052823834	0.092357956	-0.10257514	0.09346703	-0.09173405	0.07422775	-0.12626757	0.17004538	-0.17911488	0.08632445	-0.13316636	0.15077966	-0.55044043	0.3022554	-0.09552149	0.21161021	-0.31393757	1.0000002	-0.6389571
0.08188219	-0.06899793	0.076875955	-0.08175419	0.09846305	-0.05293419	0.05153855	-0.09038289	0.098105624	-0.0977682	0.083757855	-0.069175944	0.11261556	-0.15853791	0.18919471	-0.07436699	0.10685046	-0.12936822	0.2996536	-0.62632096	0.07860092	-0.1785637	0.17403653	-0.6389571	1.0000002
