1.0	-0.14132714	0.14022529	-0.21675082	0.20836408	-0.69155085	0.15374568	-0.21939927	0.13402289	-0.14477354	0.23100019	-0.27297205	0.20650814	-0.13791884	0.1705552	-0.15741754	0.13073999	-0.14905345	0.17262687	-0.11347253	0.15354197	-0.14011173	0.13636446	-0.12369499	0.15469514
-0.14132714	0.9999999	-0.49353486	0.26733786	-0.13517918	0.12882514	-0.7688406	0.2438939	-0.121511735	0.09459526	-0.12308924	0.15665267	-0.1839554	0.10787198	-0.09789631	0.077094935	-0.07164379	0.083439305	-0.09703069	0.06440335	-0.08479027	0.07158054	-0.077987514	0.068525024	-0.08606466
0.14022529	-0.49353486	0.9999998	-0.6720896	0.16382536	-0.1335257	0.29454327	-0.4039573	0.15851817	-0.11816398	0.11032354	-0.14430973	0.21291852	-0.14083356	0.11289681	-0.076946124	0.073611535	-0.09214738	0.10833957	-0.07376607	0.08292946	-0.07534002	0.08539918	-0.076940395	0.09661681
-0.21675082	0.26733786	-0.6720896	0.9999998	-0.2969035	0.17937943	-0.33733726	0.29856583	-0.2480218	0.18247484	-0.15207538	0.18042041	-0.29820657	0.18976316	-0.1823078	0.10715727	-0.10553207	0.13447577	-0.16981584	0.115695976	-0.11978985	0.10719531	-0.12964685	0.11737444	-0.15281218
0.20836408	-0.13517918	0.16382536	-0.2969035	0.9999998	-0.21782096	0.14515841	-0.25048953	0.21751529	-0.64293706	0.13115494	-0.16650826	0.2105238	-0.21803685	0.27698484	-0.10618912	0.10753676	-0.15689765	0.20513487	-0.17646962	0.10926438	-0.11865032	0.14234206	-0.15632911	0.19392024
-0.69155085	0.12882514	-0.1335257	0.17937943	-0.21782096	0.9999999	-0.16534187	0.19499035	-0.13719384	0.14647149	-0.42305732	0.270687	-0.23921065	0.13474707	-0.18363722	0.19178964	-0.15486121	0.15742207	-0.19079314	0.12209552	-0.21399207	0.1529028	-0.15374586	0.13157542	-0.16969694
0.15374568	-0.7688406	0.29454327	-0.33733726	0.14515841	-0.16534187	0.9999997	-0.360101	0.13830714	-0.10770966	0.14760111	-0.23403348	0.20731042	-0.12994768	0.107626274	-0.09385172	0.0853345	-0.09761029	0.10788217	-0.07176395	0.09851896	-0.08598483	0.08839763	-0.077842034	0.09526189
-0.21939927	0.2438939	-0.4039573	0.29856583	-0.25048953	0.19499035	-0.360101	1.0	-0.33452868	0.18630375	-0.1780528	0.2204388	-0.569789	0.25374827	-0.18911774	0.123217	-0.124405	0.16447562	-0.18733008	0.12357228	-0.13616142	0.12393932	-0.1523748	0.130986	-0.16464362
0.13402289	-0.121511735	0.15851817	-0.2480218	0.21751529	-0.13719384	0.13830714	-0.33452868	1.0	-0.30419564	0.10659846	-0.14221413	0.27519965	-0.78686374	0.17303734	-0.08048695	0.08168126	-0.11711932	0.140786	-0.10591701	0.084504865	-0.0856917	0.103044875	-0.100917704	0.12565865
-0.14477354	0.09459526	-0.11816398	0.18247484	-0.64293706	0.14647149	-0.10770966	0.18630375	-0.30419564	0.9999997	-0.099242166	0.123981334	-0.18436453	0.20706475	-0.5221183	0.0832431	-0.09009221	0.14114402	-0.23180431	0.21469654	-0.086848125	0.09804073	-0.13481437	0.15678853	-0.23379003
0.23100019	-0.12308924	0.11032354	-0.15207538	0.13115494	-0.42305732	0.14760111	-0.1780528	0.10659846	-0.099242166	0.99999964	-0.69017595	0.20813318	-0.11614224	0.113628484	-0.39919165	0.18368737	-0.14732607	0.13183334	-0.08172032	0.24781127	-0.1807089	0.12533627	-0.09922464	0.11195526
-0.27297205	0.15665267	-0.14430973	0.18042041	-0.16650826	0.270687	-0.23403348	0.2204388	-0.14221413	0.123981334	-0.69017595	0.9999993	-0.36154526	0.14949493	-0.14341207	0.244013	-0.22683443	0.17072557	-0.16397054	0.101392165	-0.26700526	0.18664294	-0.15321589	0.11932237	-0.13934703
0.20650814	-0.1839554	0.21291852	-0.29820657	0.2105238	-0.23921065	0.20731042	-0.569789	0.27519965	-0.18436453	0.20813318	-0.36154526	0.99999917	-0.43560576	0.17309162	-0.15067834	0.1512299	-0.23946795	0.18646045	-0.12145175	0.15092842	-0.15408541	0.16894756	-0.14297588	0.15824477
-0.13791884	0.10787198	-0.14083356	0.18976316	-0.21803685	0.13474707	-0.12994768	0.25374827	-0.78686374	0.20706475	-0.11614224	0.14949493	-0.43560576	0.9999989	-0.17536499	0.08458279	-0.087851614	0.12588616	-0.15423436	0.10672097	-0.090696566	0.08950328	-0.112539545	0.10496579	-0.13231932
0.1705552	-0.09789631	0.11289681	-0.1823078	0.27698484	-0.18363722	0.107626274	-0.18911774	0.17303734	-0.5221183	0.113628484	-0.14341207	0.17309162	-0.17536499	0.9999991	-0.10180818	0.11177312	-0.18849587	0.27474013	-0.5469501	0.10289567	-0.12714899	0.1664597	-0.23086484	0.28198302
-0.15741754	0.077094935	-0.076946124	0.10715727	-0.10618912	0.19178964	-0.09385172	0.123217	-0.08048695	0.0832431	-0.39919165	0.244013	-0.15067834	0.08458279	-0.10180818	0.9999989	-0.357547	0.17405477	-0.13905618	0.080071606	-0.7450587	0.2746982	-0.15500464	0.106432885	-0.11237946
0.13073999	-0.07164379	0.073611535	-0.10553207	0.10753676	-0.15486121	0.0853345	-0.124405	0.08168126	-0.09009221	0.18368737	-0.22683443	0.1512299	-0.087851614	0.11177312	-0.357547	0.9999989	-0.41468167	0.1756423	-0.09719812	0.27799276	-0.7273766	0.22728088	-0.146578	0.13417748
-0.14905345	0.083439305	-0.09214738	0.13447577	-0.15689765	0.15742207	-0.09761029	0.16447562	-0.11711932	0.14114402	-0.14732607	0.17072557	-0.23946795	0.12588616	-0.18849587	0.17405477	-0.41468167	0.9999991	-0.3986515	0.18202879	-0.18546617	0.26370525	-0.6309059	0.27989268	-0.25548798
0.17262687	-0.09703069	0.10833957	-0.16981584	0.20513487	-0.19079314	0.10788217	-0.18733008	0.140786	-0.23180431	0.13183334	-0.16397054	0.18646045	-0.15423436	0.27474013	-0.13905618	0.1756423	-0.3986515	0.99999934	-0.48312232	0.13695897	-0.2014266	0.28023714	-0.49180365	0.3230072
-0.11347253	0.06440335	-0.07376607	0.115695976	-0.17646962	0.12209552	-0.07176395	0.12357228	-0.10591701	0.21469654	-0.08172032	0.101392165	-0.12145175	0.10672097	-0.5469501	0.080071606	-0.09719812	0.18202879	-0.48312232	0.9999993	-0.0809638	0.10894036	-0.17252304	0.2593781	-0.580323
0.15354197	-0.08479027	0.08292946	-0.11978985	0.10926438	-0.21399207	0.09851896	-0.13616142	0.084504865	-0.086848125	0.24781127	-0.26700526	0.15092842	-0.090696566	0.10289567	-0.7450587	0.27799276	-0.18546617	0.13695897	-0.0809638	0.99999905	-0.4467899	0.15266757	-0.111205935	0.11203023
-0.14011173	0.07158054	-0.07534002	0.10719531	-0.11865032	0.1529028	-0.08598483	0.12393932	-0.0856917	0.09804073	-0.1807089	0.18664294	-0.15408541	0.08950328	-0.12714899	0.2746982	-0.7273766	0.26370525	-0.2014266	0.10894036	-0.4467899	0.9999988	-0.2783326	0.15799767	-0.15711954
0.13636446	-0.077987514	0.08539918	-0.12964685	0.14234206	-0.15374586	0.08839763	-0.1523748	0.103044875	-0.13481437	0.12533627	-0.15321589	0.16894756	-0.112539545	0.1664597	-0.15500464	0.22728088	-0.6309059	0.28023714	-0.17252304	0.15266757	-0.2783326	0.9999986	-0.5577999	0.24064408
-0.12369499	0.068525024	-0.076940395	0.11737444	-0.15632911	0.13157542	-0.077842034	0.130986	-0.100917704	0.15678853	-0.09922464	0.11932237	-0.14297588	0.10496579	-0.23086484	0.106432885	-0.146578	0.27989268	-0.49180365	0.2593781	-0.111205935	0.15799767	-0.5577999	0.99999857	-0.5265495
0.15469514	-0.08606466	0.09661681	-0.15281218	0.19392024	-0.16969694	0.09526189	-0.16464362	0.12565865	-0.23379003	0.11195526	-0.13934703	0.15824477	-0.13231932	0.28198302	-0.11237946	0.13417748	-0.25548798	0.3230072	-0.580323	0.11203023	-0.15711954	0.24064408	-0.5265495	0.99999857
