1.0	-0.5238084	0.14354418	-0.14006558	0.08112312	-0.69222015	0.28146732	-0.13611859	0.121254236	-0.059563413	0.2501181	-0.3003277	0.09875206	-0.08440073	0.083415166	-0.15585455	0.13632408	-0.06930084	0.06302732	-0.062803455	0.09680913	-0.087378874	0.066648	-0.051502123	0.0598264
-0.5238084	1.0000002	-0.28755307	0.19695456	-0.105377026	0.2716683	-0.65749127	0.21908858	-0.19220264	0.07880017	-0.21361278	0.2395957	-0.13973972	0.115106754	-0.106659636	0.12365597	-0.1290446	0.07722164	-0.07500981	0.07407351	-0.09225691	0.07882104	-0.07500243	0.059228323	-0.07031144
0.14354418	-0.28755307	1.0000002	-0.6485438	0.13208224	-0.1308804	0.23023649	-0.58946186	0.30445975	-0.10646119	0.101645365	-0.13919936	0.18563727	-0.1692326	0.124886245	-0.07175555	0.074429035	-0.07709325	0.08065264	-0.08212238	0.054592684	-0.049963087	0.07155292	-0.061536282	0.07278021
-0.14006558	0.19695456	-0.6485438	1.0000004	-0.2110236	0.120245785	-0.22319853	0.32420078	-0.54491544	0.15252143	-0.10484571	0.13463128	-0.2572434	0.210448	-0.18018077	0.075759865	-0.081565134	0.09709483	-0.105977565	0.10619289	-0.06105185	0.05556416	-0.09292201	0.079103135	-0.09645025
0.08112312	-0.105377026	0.13208224	-0.2110236	1.0000005	-0.0819412	0.110601746	-0.13996124	0.1810105	-0.6755174	0.07388737	-0.099238984	0.14612027	-0.14489387	0.32128075	-0.06314573	0.0674241	-0.1023617	0.1155774	-0.1603459	0.052930728	-0.05025498	0.1011515	-0.09405743	0.12655167
-0.69222015	0.2716683	-0.1308804	0.120245785	-0.0819412	1.0000002	-0.33080265	0.12775908	-0.12241333	0.059723295	-0.4827784	0.2766431	-0.10192286	0.08408423	-0.0854094	0.18163794	-0.1718819	0.075235024	-0.06757897	0.06545593	-0.12334921	0.10139955	-0.0741289	0.05515379	-0.06416601
0.28146732	-0.65749127	0.23023649	-0.22319853	0.110601746	-0.33080265	1.0000001	-0.32811776	0.20112307	-0.08541177	0.2274375	-0.4143401	0.15034409	-0.13179684	0.11298951	-0.14816503	0.1477691	-0.087083645	0.08235268	-0.08244544	0.10165975	-0.092623286	0.08238353	-0.06583155	0.0764911
-0.13611859	0.21908858	-0.58946186	0.32420078	-0.13996124	0.12775908	-0.32811776	1.0000001	-0.56360626	0.12016962	-0.105740316	0.14716308	-0.30100518	0.22360523	-0.14325808	0.075094976	-0.07983514	0.092158675	-0.097510494	0.09386635	-0.05816146	0.05344144	-0.08426506	0.07207535	-0.083668955
0.121254236	-0.19220264	0.30445975	-0.54491544	0.1810105	-0.12241333	0.20112307	-0.56360626	1.0000002	-0.19508004	0.100156754	-0.14281976	0.2754093	-0.39362332	0.18537466	-0.07694494	0.08108023	-0.11162277	0.12259414	-0.12188088	0.060145494	-0.056658268	0.09917817	-0.09035058	0.10242029
-0.059563413	0.07880017	-0.10646119	0.15252143	-0.6755174	0.059723295	-0.08541177	0.12016962	-0.19508004	0.99999976	-0.054536577	0.07321833	-0.13659038	0.13797611	-0.6164025	0.04729032	-0.051449876	0.08634395	-0.10683771	0.14589486	-0.040233772	0.03848931	-0.087346956	0.08176071	-0.11737381
0.2501181	-0.21361278	0.101645365	-0.10484571	0.07388737	-0.4827784	0.2274375	-0.105740316	0.100156754	-0.054536577	0.99999934	-0.6145297	0.09548417	-0.081033416	0.079282604	-0.44385594	0.26056448	-0.09224613	0.074848264	-0.07074901	0.17888373	-0.16107893	0.08732992	-0.062739894	0.068708204
-0.3003277	0.2395957	-0.13919936	0.13463128	-0.099238984	0.2766431	-0.4143401	0.14716308	-0.14281976	0.07321833	-0.6145297	0.9999991	-0.14088704	0.111316174	-0.10692083	0.27674165	-0.38293803	0.1170424	-0.0992833	0.091196194	-0.21295808	0.17528239	-0.11461565	0.08078254	-0.090960965
0.09875206	-0.13973972	0.18563727	-0.2572434	0.14612027	-0.10192286	0.15034409	-0.30100518	0.2754093	-0.13659038	0.09548417	-0.14088704	0.9999989	-0.7925692	0.18475693	-0.0827948	0.09132334	-0.20615573	0.18918118	-0.16907403	0.066890724	-0.06580291	0.14791727	-0.13709074	0.13577345
-0.08440073	0.115106754	-0.1692326	0.210448	-0.14489387	0.08408423	-0.13179684	0.22360523	-0.39362332	0.13797611	-0.081033416	0.111316174	-0.7925692	0.99999905	-0.21843785	0.07028521	-0.079560235	0.1676751	-0.2318311	0.16087642	-0.05906598	0.0574082	-0.14307669	0.1305371	-0.13609299
0.083415166	-0.106659636	0.124886245	-0.18018077	0.32128075	-0.0854094	0.11298951	-0.14325808	0.18537466	-0.6164025	0.079282604	-0.10692083	0.18475693	-0.21843785	0.99999887	-0.07153773	0.07755432	-0.139295	0.16862354	-0.3010121	0.0609616	-0.0590447	0.13522555	-0.13345012	0.18359978
-0.15585455	0.12365597	-0.07175555	0.075759865	-0.06314573	0.18163794	-0.14816503	0.075094976	-0.07694494	0.04729032	-0.44385594	0.27674165	-0.0827948	0.07028521	-0.07153773	0.9999994	-0.6651551	0.127248	-0.093912974	0.07954623	-0.4323447	0.28071234	-0.12359694	0.078470245	-0.081267595
0.13632408	-0.1290446	0.074429035	-0.081565134	0.0674241	-0.1718819	0.1477691	-0.07983514	0.08108023	-0.051449876	0.26056448	-0.38293803	0.09132334	-0.079560235	0.07755432	-0.6651551	0.9999993	-0.18807139	0.11153032	-0.09475132	0.30015427	-0.4618662	0.14644113	-0.09517173	0.092290945
-0.06930084	0.07722164	-0.07709325	0.09709483	-0.1023617	0.075235024	-0.087083645	0.092158675	-0.11162277	0.08634395	-0.09224613	0.1170424	-0.20615573	0.1676751	-0.139295	0.127248	-0.18807139	0.99999964	-0.5338676	0.2526487	-0.11905276	0.1280197	-0.6755985	0.29667258	-0.2751667
0.06302732	-0.07500981	0.08065264	-0.105977565	0.1155774	-0.06757897	0.08235268	-0.097510494	0.12259414	-0.10683771	0.074848264	-0.0992833	0.18918118	-0.2318311	0.16862354	-0.093912974	0.11153032	-0.5338676	0.9999996	-0.52539474	0.081360266	-0.08811265	0.30815595	-0.48195907	0.30421543
-0.062803455	0.07407351	-0.08212238	0.10619289	-0.1603459	0.06545593	-0.08244544	0.09386635	-0.12188088	0.14589486	-0.07074901	0.091196194	-0.16907403	0.16087642	-0.3010121	0.07954623	-0.09475132	0.2526487	-0.52539474	0.99999964	-0.07652898	0.077512495	-0.29022488	0.30188978	-0.6363238
0.09680913	-0.09225691	0.054592684	-0.06105185	0.052930728	-0.12334921	0.10165975	-0.05816146	0.060145494	-0.040233772	0.17888373	-0.21295808	0.066890724	-0.05906598	0.0609616	-0.4323447	0.30015427	-0.11905276	0.081360266	-0.07652898	0.9999994	-0.80707854	0.12109582	-0.08014307	0.07297726
-0.087378874	0.07882104	-0.049963087	0.05556416	-0.05025498	0.10139955	-0.092623286	0.05344144	-0.056658268	0.03848931	-0.16107893	0.17528239	-0.06580291	0.0574082	-0.0590447	0.28071234	-0.4618662	0.1280197	-0.08811265	0.077512495	-0.80707854	0.9999992	-0.15310228	0.08538511	-0.07801671
0.066648	-0.07500243	0.07155292	-0.09292201	0.1011515	-0.0741289	0.08238353	-0.08426506	0.09917817	-0.087346956	0.08732992	-0.11461565	0.14791727	-0.14307669	0.13522555	-0.12359694	0.14644113	-0.6755985	0.30815595	-0.29022488	0.12109582	-0.15310228	0.9999992	-0.53354704	0.26282564
-0.051502123	0.059228323	-0.061536282	0.079103135	-0.09405743	0.05515379	-0.06583155	0.07207535	-0.09035058	0.08176071	-0.062739894	0.08078254	-0.13709074	0.1305371	-0.13345012	0.078470245	-0.09517173	0.29667258	-0.48195907	0.30188978	-0.08014307	0.08538511	-0.53354704	0.9999991	-0.58854765
0.0598264	-0.07031144	0.07278021	-0.09645025	0.12655167	-0.06416601	0.0764911	-0.083668955	0.10242029	-0.11737381	0.068708204	-0.090960965	0.13577345	-0.13609299	0.18359978	-0.081267595	0.092290945	-0.2751667	0.30421543	-0.6363238	0.07297726	-0.07801671	0.26282564	-0.58854765	0.9999991
