1.0000001	-0.86770314	0.15067254	-0.065464474	0.042637575	-0.39136764	0.14119749	-0.10176249	0.077526666	-0.052917693	0.18894483	-0.11131465	0.104736805	-0.07828853	0.054081175	-0.1010871	0.102880545	-0.09081875	0.059623003	-0.045373723	0.0951301	-0.075827405	0.096768886	-0.043547582	0.050298106
-0.86770314	1.0000004	-0.21717298	0.08072832	-0.0534607	0.26543128	-0.18404943	0.12916863	-0.099720046	0.06568826	-0.2345157	0.13600087	-0.1352354	0.09792712	-0.06837798	0.12153339	-0.13103193	0.11360879	-0.07566034	0.05699823	-0.12243132	0.09518977	-0.1251274	0.0550041	-0.06399629
0.15067254	-0.21717298	0.9999999	-0.24465601	0.14314622	-0.26637572	0.27336314	-0.5828418	0.25153646	-0.17747499	0.20962207	-0.242362	0.28324845	-0.27227187	0.16179237	-0.16732843	0.18503965	-0.2242103	0.16363896	-0.13243465	0.16119154	-0.14759696	0.20062204	-0.11677398	0.13463704
-0.065464474	0.08072832	-0.24465601	0.99999976	-0.7082746	0.1242131	-0.16062394	0.16513827	-0.26647806	0.31259906	-0.12455661	0.12947036	-0.17541172	0.19990255	-0.33329788	0.10161287	-0.12211641	0.14734063	-0.24964792	0.19180454	-0.11132207	0.09836784	-0.15504159	0.1449974	-0.19777565
0.042637575	-0.0534607	0.14314622	-0.7082746	0.99999976	-0.08311439	0.10126168	-0.108121514	0.16272548	-0.5894398	0.080081366	-0.08464442	0.11224373	-0.14769183	0.24400769	-0.06626964	0.07852734	-0.09766933	0.16010347	-0.15352295	0.07102101	-0.06382882	0.09853377	-0.098137505	0.124349624
-0.39136764	0.26543128	-0.26637572	0.1242131	-0.08311439	0.9999996	-0.34691402	0.19469537	-0.15709661	0.10303138	-0.6256917	0.25294283	-0.22793631	0.15555814	-0.10874485	0.24393834	-0.25076094	0.19786367	-0.12352006	0.09213842	-0.23334135	0.17522086	-0.22057694	0.09061907	-0.1042764
0.14119749	-0.18404943	0.27336314	-0.16062394	0.10126168	-0.34691402	0.9999995	-0.41335937	0.20726918	-0.12932032	0.26097715	-0.6370223	0.30316415	-0.23160589	0.124903806	-0.20809779	0.23096503	-0.23163508	0.13572098	-0.10656234	0.17456827	-0.16763443	0.1995746	-0.09831538	0.109790355
-0.10176249	0.12916863	-0.5828418	0.16513827	-0.108121514	0.19469537	-0.41335937	0.99999976	-0.38814625	0.13249022	-0.17947549	0.25944597	-0.47732157	0.27366203	-0.12801045	0.14237744	-0.1720999	0.20259364	-0.13304742	0.103173204	-0.13746296	0.12664142	-0.18057103	0.09133231	-0.104082234
0.077526666	-0.099720046	0.25153646	-0.26647806	0.16272548	-0.15709661	0.20726918	-0.38814625	1.0000001	-0.21872118	0.1426708	-0.18707974	0.26809227	-0.7543728	0.17927179	-0.118069895	0.13834356	-0.17474967	0.16383222	-0.13525297	0.11662872	-0.10808935	0.15508167	-0.10569001	0.12122317
-0.052917693	0.06568826	-0.17747499	0.31259906	-0.5894398	0.10303138	-0.12932032	0.13249022	-0.21872118	1.0000001	-0.10224205	0.10705116	-0.14468108	0.17858976	-0.56528115	0.08551622	-0.103006355	0.12991843	-0.26458517	0.23539205	-0.0932309	0.08382616	-0.1333271	0.14620323	-0.1960122
0.18894483	-0.2345157	0.20962207	-0.12455661	0.080081366	-0.6256917	0.26097715	-0.17947549	0.1426708	-0.10224205	1.0000001	-0.3523465	0.21474056	-0.15456787	0.102745295	-0.46505246	0.2664075	-0.21677433	0.11750982	-0.09026231	0.23214088	-0.19961618	0.20368952	-0.088168025	0.09746007
-0.11131465	0.13600087	-0.242362	0.12947036	-0.08464442	0.25294283	-0.6370223	0.25944597	-0.18707974	0.10705116	-0.3523465	1.0	-0.4637038	0.19708924	-0.10850735	0.22560342	-0.34748557	0.23702976	-0.12420889	0.09366274	-0.18978278	0.17612396	-0.21188587	0.08885918	-0.098426625
0.104736805	-0.1352354	0.28324845	-0.17541172	0.11224373	-0.22793631	0.30316415	-0.47732157	0.26809227	-0.14468108	0.21474056	-0.4637038	0.99999994	-0.39779088	0.14236236	-0.18926427	0.23067704	-0.3957074	0.1604663	-0.12414642	0.17195815	-0.17050782	0.236428	-0.11237343	0.12183448
-0.07828853	0.09792712	-0.27227187	0.19990255	-0.14769183	0.15555814	-0.23160589	0.27366203	-0.7543728	0.17858976	-0.15456787	0.19708924	-0.39779088	0.99999976	-0.20656592	0.12549624	-0.15414736	0.18885837	-0.19947968	0.14536408	-0.128495	0.116840445	-0.1773149	0.11528353	-0.13410419
0.054081175	-0.06837798	0.16179237	-0.33329788	0.24400769	-0.10874485	0.124903806	-0.12801045	0.17927179	-0.56528115	0.102745295	-0.10850735	0.14236236	-0.20656592	1.0	-0.08843008	0.104353696	-0.14147545	0.27963084	-0.5676786	0.093507946	-0.08676778	0.1340306	-0.18090138	0.1996031
-0.1010871	0.12153339	-0.16732843	0.10161287	-0.06626964	0.24393834	-0.20809779	0.14237744	-0.118069895	0.08551622	-0.46505246	0.22560342	-0.18926427	0.12549624	-0.08843008	0.9999995	-0.5763969	0.23890284	-0.110206865	0.08139179	-0.50984734	0.28285274	-0.25545013	0.08428516	-0.09035905
0.102880545	-0.13103193	0.18503965	-0.12211641	0.07852734	-0.25076094	0.23096503	-0.1720999	0.13834356	-0.103006355	0.2664075	-0.34748557	0.23067704	-0.15414736	0.104353696	-0.5763969	0.99999946	-0.43261358	0.1340364	-0.10034802	0.30094877	-0.4126716	0.2844764	-0.101439305	0.10485262
-0.09081875	0.11360879	-0.2242103	0.14734063	-0.09766933	0.19786367	-0.23163508	0.20259364	-0.17474967	0.12991843	-0.21677433	0.23702976	-0.3957074	0.18885837	-0.14147545	0.23890284	-0.43261358	0.99999946	-0.23915383	0.1456906	-0.26410723	0.26480895	-0.62007135	0.1503284	-0.15239757
0.059623003	-0.07566034	0.16363896	-0.24964792	0.16010347	-0.12352006	0.13572098	-0.13304742	0.16383222	-0.26458517	0.11750982	-0.12420889	0.1604663	-0.19947968	0.27963084	-0.110206865	0.1340364	-0.23915383	0.99999934	-0.6357143	0.11554287	-0.11381366	0.18483445	-0.44702512	0.29387945
-0.045373723	0.05699823	-0.13243465	0.19180454	-0.15352295	0.09213842	-0.10656234	0.103173204	-0.13525297	0.23539205	-0.09026231	0.09366274	-0.12414642	0.14536408	-0.5676786	0.08139179	-0.10034802	0.1456906	-0.6357143	0.99999917	-0.08857737	0.083720565	-0.1402958	0.24538258	-0.3343308
0.0951301	-0.12243132	0.16119154	-0.11132207	0.07102101	-0.23334135	0.17456827	-0.13746296	0.11662872	-0.0932309	0.23214088	-0.18978278	0.17195815	-0.128495	0.093507946	-0.50984734	0.30094877	-0.26410723	0.11554287	-0.08857737	0.999999	-0.67271096	0.2721706	-0.09428075	0.0964564
-0.075827405	0.09518977	-0.14759696	0.09836784	-0.06382882	0.17522086	-0.16763443	0.12664142	-0.10808935	0.08382616	-0.19961618	0.17612396	-0.17050782	0.116840445	-0.08676778	0.28285274	-0.4126716	0.26480895	-0.11381366	0.083720565	-0.67271096	0.99999905	-0.4876356	0.09614674	-0.098087035
0.096768886	-0.1251274	0.20062204	-0.15504159	0.09853377	-0.22057694	0.1995746	-0.18057103	0.15508167	-0.1333271	0.20368952	-0.21188587	0.236428	-0.1773149	0.1340306	-0.25545013	0.2844764	-0.62007135	0.18483445	-0.1402958	0.2721706	-0.4876356	0.99999905	-0.18766132	0.15999351
-0.043547582	0.0550041	-0.11677398	0.1449974	-0.098137505	0.09061907	-0.09831538	0.09133231	-0.10569001	0.14620323	-0.088168025	0.08885918	-0.11237343	0.11528353	-0.18090138	0.08428516	-0.101439305	0.1503284	-0.44702512	0.24538258	-0.09428075	0.09614674	-0.18766132	0.999999	-0.8089474
0.050298106	-0.06399629	0.13463704	-0.19777565	0.124349624	-0.1042764	0.109790355	-0.104082234	0.12122317	-0.1960122	0.09746007	-0.098426625	0.12183448	-0.13410419	0.1996031	-0.09035905	0.10485262	-0.15239757	0.29387945	-0.3343308	0.0964564	-0.098087035	0.15999351	-0.8089474	0.999999
