1.0	-0.5071585	0.19279703	-0.078431875	0.08688604	-0.76826364	0.26996648	-0.17909208	0.110828586	-0.092963114	0.17456035	-0.16272917	0.13156402	-0.13059157	0.09686113	-0.12574331	0.12850644	-0.09813424	0.09072412	-0.069186665	0.1140167	-0.10259859	0.08134894	-0.09402582	0.08862849
-0.5071585	0.99999976	-0.4176036	0.1318478	-0.15329139	0.30542615	-0.5814737	0.28068894	-0.16670342	0.13108487	-0.19170521	0.21663812	-0.19542249	0.16837509	-0.1334235	0.1301995	-0.17542757	0.12828536	-0.12145718	0.09259059	-0.14439462	0.124774456	-0.10573484	0.118148014	-0.11996659
0.19279703	-0.4176036	0.9999996	-0.2926862	0.21676031	-0.23026273	0.2957021	-0.6729866	0.20045684	-0.1810438	0.16078764	-0.22959472	0.21331747	-0.20955361	0.1487443	-0.12191293	0.1644129	-0.14265558	0.13174959	-0.10424936	0.1363631	-0.12958448	0.11119919	-0.13130283	0.12928005
-0.078431875	0.1318478	-0.2926862	0.9999995	-0.90958846	0.08912888	-0.113769405	0.16409716	-0.15575556	0.13371666	-0.08039175	0.09752711	-0.09468954	0.10060455	-0.09346233	0.059674636	-0.08153084	0.06940245	-0.06798185	0.06005956	-0.07130963	0.06532923	-0.057112098	0.067824125	-0.07564389
0.08688604	-0.15329139	0.21676031	-0.90958846	0.9999994	-0.10389535	0.12178362	-0.1816056	0.15535673	-0.16673422	0.09044682	-0.11232663	0.10443999	-0.11801284	0.10582052	-0.068420276	0.09210994	-0.07999235	0.07782246	-0.06920821	0.080967106	-0.0756859	0.06553418	-0.07902825	0.08585641
-0.76826364	0.30542615	-0.23026273	0.08912888	-0.10389535	0.9999992	-0.39391294	0.19555482	-0.12921435	0.10387087	-0.26276144	0.18180473	-0.15462197	0.14364056	-0.1111531	0.14884713	-0.15534215	0.111806355	-0.10423488	0.078726776	-0.13993102	0.11758377	-0.09398457	0.10578346	-0.101946175
0.26996648	-0.5814737	0.2957021	-0.113769405	0.12178362	-0.39391294	0.99999934	-0.48869202	0.16274029	-0.13574106	0.182394	-0.3453764	0.22301507	-0.18876047	0.13234362	-0.13373445	0.18151821	-0.13929999	0.1264971	-0.09420068	0.13967411	-0.13028908	0.10898966	-0.12387603	0.11878629
-0.17909208	0.28068894	-0.6729866	0.16409716	-0.1816056	0.19555482	-0.48869202	0.99999934	-0.25037542	0.17099395	-0.15790913	0.23339279	-0.3010995	0.19777037	-0.14546897	0.115385264	-0.16855285	0.14109468	-0.13125336	0.09996795	-0.13241243	0.122437164	-0.1088703	0.12324413	-0.12519416
0.110828586	-0.16670342	0.20045684	-0.15575556	0.15535673	-0.12921435	0.16274029	-0.25037542	0.9999994	-0.75781745	0.15460458	-0.18427512	0.17630404	-0.24912824	0.26910418	-0.118240714	0.16565536	-0.15289134	0.15848117	-0.16935329	0.14963952	-0.14247727	0.12733899	-0.16083747	0.19152883
-0.092963114	0.13108487	-0.1810438	0.13371666	-0.16673422	0.10387087	-0.13574106	0.17099395	-0.75781745	0.99999946	-0.13815269	0.15105043	-0.15516791	0.20592853	-0.4485731	0.10359048	-0.14984594	0.13762753	-0.15445305	0.19162071	-0.13551244	0.1246118	-0.118081205	0.14633563	-0.2319216
0.17456035	-0.19170521	0.16078764	-0.08039175	0.09044682	-0.26276144	0.182394	-0.15790913	0.15460458	-0.13815269	0.9999995	-0.30182067	0.20470227	-0.24856879	0.16946773	-0.68719834	0.2762672	-0.20430577	0.17657791	-0.12976229	0.2919896	-0.26782137	0.17586114	-0.20899227	0.16432798
-0.16272917	0.21663812	-0.22959472	0.09752711	-0.11232663	0.18180473	-0.3453764	0.23339279	-0.18427512	0.15105043	-0.30182067	0.99999946	-0.6010266	0.28565326	-0.19704416	0.20986304	-0.45739874	0.24523321	-0.21921875	0.1431489	-0.23210607	0.21489604	-0.18709108	0.19362919	-0.18349499
0.13156402	-0.19542249	0.21331747	-0.09468954	0.10443999	-0.15462197	0.22301507	-0.3010995	0.17630404	-0.15516791	0.20470227	-0.6010266	0.9999997	-0.52356917	0.19822867	-0.16384964	0.27306148	-0.3333094	0.24263923	-0.15133493	0.18808861	-0.19460244	0.18572599	-0.20706722	0.17945918
-0.13059157	0.16837509	-0.20955361	0.10060455	-0.11801284	0.14364056	-0.18876047	0.19777037	-0.24912824	0.20592853	-0.24856879	0.28565326	-0.52356917	0.9999996	-0.37052342	0.18271078	-0.31017226	0.28605732	-0.44705996	0.23189491	-0.24219236	0.215605	-0.22714357	0.25146762	-0.2847982
0.09686113	-0.1334235	0.1487443	-0.09346233	0.10582052	-0.1111531	0.13234362	-0.14546897	0.26910418	-0.4485731	0.16946773	-0.19704416	0.19822867	-0.37052342	0.9999995	-0.1339297	0.19608027	-0.21071912	0.24052364	-0.536096	0.17487705	-0.17774847	0.16938525	-0.23354906	0.30884704
-0.12574331	0.1301995	-0.12191293	0.059674636	-0.068420276	0.14884713	-0.13373445	0.115385264	-0.118240714	0.10359048	-0.68719834	0.20986304	-0.16384964	0.18271078	-0.1339297	0.99999964	-0.36741275	0.17854764	-0.15159853	0.10413825	-0.51437896	0.2539297	-0.16401821	0.17101942	-0.13397014
0.12850644	-0.17542757	0.1644129	-0.08153084	0.09210994	-0.15534215	0.18151821	-0.16855285	0.16565536	-0.14984594	0.2762672	-0.45739874	0.27306148	-0.31017226	0.19608027	-0.36741275	0.9999994	-0.43609515	0.256583	-0.16370028	0.29251736	-0.43684897	0.26013657	-0.27760988	0.19704437
-0.09813424	0.12828536	-0.14265558	0.06940245	-0.07999235	0.111806355	-0.13929999	0.14109468	-0.15289134	0.13762753	-0.20430577	0.24523321	-0.3333094	0.28605732	-0.21071912	0.17854764	-0.43609515	0.9999993	-0.57859236	0.19489977	-0.23209274	0.25721893	-0.44269487	0.30334252	-0.23125724
0.09072412	-0.12145718	0.13174959	-0.06798185	0.07782246	-0.10423488	0.1264971	-0.13125336	0.15848117	-0.15445305	0.17657791	-0.21921875	0.24263923	-0.44705996	0.24052364	-0.15159853	0.256583	-0.57859236	0.99999934	-0.3355511	0.19669464	-0.22519825	0.27552396	-0.45115355	0.26249465
-0.069186665	0.09259059	-0.10424936	0.06005956	-0.06920821	0.078726776	-0.09420068	0.09996795	-0.16935329	0.19162071	-0.12976229	0.1431489	-0.15133493	0.23189491	-0.536096	0.10413825	-0.16370028	0.19489977	-0.3355511	0.9999992	-0.14036842	0.14340347	-0.16050111	0.2198854	-0.68638116
0.1140167	-0.14439462	0.1363631	-0.07130963	0.080967106	-0.13993102	0.13967411	-0.13241243	0.14963952	-0.13551244	0.2919896	-0.23210607	0.18808861	-0.24219236	0.17487705	-0.51437896	0.29251736	-0.23209274	0.19669464	-0.14036842	0.99999946	-0.58791214	0.24502455	-0.27439868	0.17857023
-0.10259859	0.124774456	-0.12958448	0.06532923	-0.0756859	0.11758377	-0.13028908	0.122437164	-0.14247727	0.1246118	-0.26782137	0.21489604	-0.19460244	0.215605	-0.17774847	0.2539297	-0.43684897	0.25721893	-0.22519825	0.14340347	-0.58791214	0.9999992	-0.4890274	0.27446198	-0.19372293
0.08134894	-0.10573484	0.11119919	-0.057112098	0.06553418	-0.09398457	0.10898966	-0.1088703	0.12733899	-0.118081205	0.17586114	-0.18709108	0.18572599	-0.22714357	0.16938525	-0.16401821	0.26013657	-0.44269487	0.27552396	-0.16050111	0.24502455	-0.4890274	0.9999993	-0.63197875	0.20004414
-0.09402582	0.118148014	-0.13130283	0.067824125	-0.07902825	0.10578346	-0.12387603	0.12324413	-0.16083747	0.14633563	-0.20899227	0.19362919	-0.20706722	0.25146762	-0.23354906	0.17101942	-0.27760988	0.30334252	-0.45115355	0.2198854	-0.27439868	0.27446198	-0.63197875	0.9999992	-0.34163374
0.08862849	-0.11996659	0.12928005	-0.07564389	0.08585641	-0.101946175	0.11878629	-0.12519416	0.19152883	-0.2319216	0.16432798	-0.18349499	0.17945918	-0.2847982	0.30884704	-0.13397014	0.19704437	-0.23125724	0.26249465	-0.68638116	0.17857023	-0.19372293	0.20004414	-0.34163374	0.9999992
