1.0	-0.42637184	0.19248873	-0.11892308	0.07468195	-0.8373386	0.20116487	-0.16173564	0.085306734	-0.07114515	0.047974616	-0.10386565	0.121904254	-0.09179019	0.0865605	-0.040974572	0.08242517	-0.07657669	0.08537594	-0.06387935	0.07362183	-0.09889174	0.07542209	-0.059701752	0.1016617
-0.42637184	0.9999998	-0.61104894	0.2090938	-0.14189279	0.27428293	-0.38657364	0.28740343	-0.16275908	0.13027021	-0.055674985	0.17950997	-0.23510094	0.16624233	-0.16588692	0.04594334	-0.1457911	0.14174871	-0.16226773	0.12067827	-0.11869738	0.1649386	-0.14302869	0.11247117	-0.19550914
0.19248873	-0.61104894	0.9999998	-0.27708825	0.15157458	-0.2195629	0.23974949	-0.60857195	0.18288827	-0.14375605	0.043475814	-0.15053532	0.20746799	-0.17935982	0.14675292	-0.03633811	0.11881506	-0.12496866	0.13830464	-0.106943905	0.09344814	-0.14340258	0.11894008	-0.09559481	0.16208823
-0.11892308	0.2090938	-0.27708825	0.9999997	-0.5583692	0.1390935	-0.2679054	0.26243496	-0.32717407	0.30063695	-0.05892181	0.17879382	-0.27144235	0.26199034	-0.32348704	0.04834616	-0.16032198	0.20172568	-0.25358835	0.21466753	-0.14293995	0.18585387	-0.22165488	0.17938617	-0.34304342
0.07468195	-0.14189279	0.15157458	-0.5583692	1.0000001	-0.092682935	0.15333553	-0.2062576	0.26416	-0.6953344	0.034054857	-0.11643785	0.1726164	-0.25282893	0.21066602	-0.028239239	0.098153815	-0.12744235	0.14661133	-0.15322572	0.08076472	-0.121534534	0.12112934	-0.103926025	0.17947401
-0.8373386	0.27428293	-0.2195629	0.1390935	-0.092682935	0.9999998	-0.30186725	0.16977705	-0.1046656	0.087243035	-0.06571685	0.13467288	-0.16138916	0.11318763	-0.11456932	0.052998643	-0.10939573	0.100353554	-0.113853	0.08418834	-0.09966296	0.12505147	-0.10128761	0.07950124	-0.13738823
0.20116487	-0.38657364	0.23974949	-0.2679054	0.15333553	-0.30186725	0.99999964	-0.3374674	0.18138391	-0.15643066	0.0717324	-0.52743286	0.29148057	-0.22555195	0.17009684	-0.061864484	0.2651525	-0.18814461	0.18199806	-0.13278037	0.1541732	-0.36653993	0.16112566	-0.12988515	0.19493662
-0.16173564	0.28740343	-0.60857195	0.26243496	-0.2062576	0.16977705	-0.3374674	0.9999996	-0.34482872	0.19482277	-0.054164078	0.20653093	-0.3744641	0.2555446	-0.21342367	0.0449514	-0.16745214	0.18211775	-0.20620053	0.15287377	-0.12368203	0.1865119	-0.1741196	0.13812123	-0.23478056
0.085306734	-0.16275908	0.18288827	-0.32717407	0.26416	-0.1046656	0.18138391	-0.34482872	0.9999993	-0.46750885	0.03684834	-0.14914362	0.24312887	-0.6595912	0.21272469	-0.030782271	0.117271684	-0.15123229	0.16945319	-0.15061685	0.08555833	-0.14185734	0.13275726	-0.11302732	0.18553853
-0.07114515	0.13027021	-0.14375605	0.30063695	-0.6953344	0.087243035	-0.15643066	0.19482277	-0.46750885	0.999999	-0.033695452	0.11827848	-0.18872124	0.2584426	-0.30870324	0.027951516	-0.101137795	0.13532405	-0.164146	0.17463104	-0.079901524	0.12147159	-0.13265282	0.11381898	-0.20641525
0.047974616	-0.055674985	0.043475814	-0.05892181	0.034054857	-0.06571685	0.0717324	-0.054164078	0.03684834	-0.033695452	0.9999988	-0.059703894	0.05737805	-0.043776426	0.042716052	-0.9209625	0.07143805	-0.04245493	0.04468283	-0.032750197	0.23016423	-0.08904943	0.041084174	-0.032416414	0.052235875
-0.10386565	0.17950997	-0.15053532	0.17879382	-0.11643785	0.13467288	-0.52743286	0.20653093	-0.14914362	0.11827848	-0.059703894	0.9999988	-0.49714118	0.19098519	-0.1447579	0.05235047	-0.5390198	0.18609795	-0.17566888	0.113632716	-0.11928195	0.30289754	-0.15226303	0.1166899	-0.17017865
0.121904254	-0.23510094	0.20746799	-0.27144235	0.1726164	-0.16138916	0.29148057	-0.3744641	0.24312887	-0.18872124	0.05737805	-0.49714118	0.9999987	-0.43264487	0.19775686	-0.049372043	0.24513614	-0.34577248	0.24188146	-0.16046722	0.12678626	-0.29598826	0.1961427	-0.15936635	0.21526536
-0.09179019	0.16624233	-0.17935982	0.26199034	-0.25282893	0.11318763	-0.22555195	0.2555446	-0.6595912	0.2584426	-0.043776426	0.19098519	-0.43264487	0.9999986	-0.29228625	0.03664758	-0.15303734	0.20021832	-0.24731012	0.18554826	-0.10145281	0.17184737	-0.1754841	0.14730681	-0.24251074
0.0865605	-0.16588692	0.14675292	-0.32348704	0.21066602	-0.11456932	0.17009684	-0.21342367	0.21272469	-0.30870324	0.042716052	-0.1447579	0.19775686	-0.29228625	0.9999987	-0.035624765	0.124975726	-0.2100719	0.23364067	-0.70555264	0.101727284	-0.16972665	0.17486854	-0.18314779	0.29146254
-0.040974572	0.04594334	-0.03633811	0.04834616	-0.028239239	0.052998643	-0.061864484	0.0449514	-0.030782271	0.027951516	-0.9209625	0.05235047	-0.049372043	0.03664758	-0.035624765	0.9999983	-0.06934192	0.03618091	-0.037818026	0.027389148	-0.30643177	0.078712106	-0.03483065	0.02734355	-0.04364149
0.08242517	-0.1457911	0.11881506	-0.16032198	0.098153815	-0.10939573	0.2651525	-0.16745214	0.117271684	-0.101137795	0.07143805	-0.5390198	0.24513614	-0.15303734	0.124975726	-0.06934192	0.9999982	-0.19853814	0.16162686	-0.102851845	0.13319926	-0.71829104	0.15090218	-0.115763016	0.15280761
-0.07657669	0.14174871	-0.12496866	0.20172568	-0.12744235	0.100353554	-0.18814461	0.18211775	-0.15123229	0.13532405	-0.04245493	0.18609795	-0.34577248	0.20021832	-0.2100719	0.03618091	-0.19853814	0.9999982	-0.67675275	0.20638442	-0.09630315	0.20325258	-0.46412706	0.27932888	-0.28065932
0.08537594	-0.16226773	0.13830464	-0.25358835	0.14661133	-0.113853	0.18199806	-0.20620053	0.16945319	-0.164146	0.04468283	-0.17566888	0.24188146	-0.24731012	0.23364067	-0.037818026	0.16162686	-0.67675275	0.999998	-0.32395905	0.1039745	-0.210192	0.29803988	-0.38869745	0.2814403
-0.06387935	0.12067827	-0.106943905	0.21466753	-0.15322572	0.08418834	-0.13278037	0.15287377	-0.15061685	0.17463104	-0.032750197	0.113632716	-0.16046722	0.18554826	-0.70555264	0.027389148	-0.102851845	0.20638442	-0.32395905	0.99999803	-0.07765942	0.13516718	-0.19573222	0.20535529	-0.5086262
0.07362183	-0.11869738	0.09344814	-0.14293995	0.08076472	-0.09966296	0.1541732	-0.12368203	0.08555833	-0.079901524	0.23016423	-0.11928195	0.12678626	-0.10145281	0.101727284	-0.30643177	0.13319926	-0.09630315	0.1039745	-0.07765942	0.9999978	-0.20948611	0.096348606	-0.07621727	0.12501879
-0.09889174	0.1649386	-0.14340258	0.18585387	-0.121534534	0.12505147	-0.36653993	0.1865119	-0.14185734	0.12147159	-0.08904943	0.30289754	-0.29598826	0.17184737	-0.16972665	0.078712106	-0.71829104	0.20325258	-0.210192	0.13516718	-0.20948611	0.9999979	-0.22253826	0.15352215	-0.21959312
0.07542209	-0.14302869	0.11894008	-0.22165488	0.12112934	-0.10128761	0.16112566	-0.1741196	0.13275726	-0.13265282	0.041084174	-0.15226303	0.1961427	-0.1754841	0.17486854	-0.03483065	0.15090218	-0.46412706	0.29803988	-0.19573222	0.096348606	-0.22253826	0.9999981	-0.71004516	0.27904317
-0.059701752	0.11247117	-0.09559481	0.17938617	-0.103926025	0.07950124	-0.12988515	0.13812123	-0.11302732	0.11381898	-0.032416414	0.1166899	-0.15936635	0.14730681	-0.18314779	0.02734355	-0.115763016	0.27932888	-0.38869745	0.20535529	-0.07621727	0.15352215	-0.71004516	0.99999815	-0.47710025
0.1016617	-0.19550914	0.16208823	-0.34304342	0.17947401	-0.13738823	0.19493662	-0.23478056	0.18553853	-0.20641525	0.052235875	-0.17017865	0.21526536	-0.24251074	0.29146254	-0.04364149	0.15280761	-0.28065932	0.2814403	-0.5086262	0.12501879	-0.21959312	0.27904317	-0.47710025	0.99999815
