1.0000001	-0.8538408	0.16287017	-0.03958331	0.028187778	-0.35590047	0.21112086	-0.13922763	0.038976904	-0.030034887	0.21937545	-0.20672968	0.1331112	-0.06254149	0.040716425	-0.1692512	0.12953718	-0.09926899	0.05420499	-0.046199255	0.072104834	-0.07236067	0.11472305	-0.08592821	0.095062844
-0.8538408	1.0000002	-0.21170077	0.043611	-0.031392165	0.2473692	-0.2717005	0.15263617	-0.043345116	0.03314607	-0.24310574	0.20161262	-0.15617271	0.067874394	-0.04538407	0.16419286	-0.14805165	0.110319	-0.060139533	0.05080195	-0.078932896	0.0767133	-0.13356315	0.09365384	-0.10869993
0.16287017	-0.21170077	1.0000001	-0.13345802	0.08727304	-0.17469922	0.19551766	-0.46357015	0.1210508	-0.09418887	0.16340145	-0.21604735	0.2775596	-0.19210035	0.11893902	-0.25732708	0.20262358	-0.20249876	0.1500137	-0.14053775	0.11591787	-0.12630425	0.22115642	-0.24276622	0.26025966
-0.03958331	0.043611	-0.13345802	0.9999998	-0.46026933	0.042589836	-0.05073053	0.09083872	-0.7670833	0.28571588	-0.043446563	0.052867934	-0.08970865	0.21753569	-0.18123114	0.06977327	-0.069351844	0.06835854	-0.17753947	0.15704788	-0.038546618	0.04065481	-0.09601542	0.13289613	-0.1674166
0.028187778	-0.031392165	0.08727304	-0.46026933	0.99999994	-0.030639784	0.034865063	-0.059689473	0.281411	-0.789051	0.031075144	-0.03737282	0.059608378	-0.17048515	0.20649245	-0.052071497	0.049548242	-0.049463447	0.12160516	-0.21283509	0.02808177	-0.029992318	0.068752244	-0.10800837	0.1240678
-0.35590047	0.2473692	-0.17469922	0.042589836	-0.030639784	1.0000001	-0.3986544	0.16601941	-0.042867616	0.03242463	-0.7301138	0.281754	-0.17254007	0.067064986	-0.044455756	0.22100344	-0.18441546	0.12541956	-0.060887586	0.049558636	-0.10021339	0.092011414	-0.14908119	0.09484679	-0.10574518
0.21112086	-0.2717005	0.19551766	-0.05073053	0.034865063	-0.3986544	1.0000001	-0.3335208	0.05140221	-0.037404872	0.27662265	-0.73076624	0.23344637	-0.07490862	0.048209406	-0.19835602	0.17730522	-0.14237696	0.065529004	-0.05427068	0.08699951	-0.08876977	0.14670447	-0.10259333	0.10815856
-0.13922763	0.15263617	-0.46357015	0.09083872	-0.059689473	0.16601941	-0.3335208	1.0	-0.100971006	0.064029425	-0.16511202	0.24511157	-0.69127804	0.11639808	-0.07559369	0.19489102	-0.21204263	0.21968901	-0.10096427	0.08384198	-0.099645615	0.10473758	-0.22445062	0.15169586	-0.15942146
0.038976904	-0.043345116	0.1210508	-0.7670833	0.281411	-0.042867616	0.05140221	-0.100971006	1.0	-0.38380045	0.043369558	-0.05365728	0.08999033	-0.34181044	0.17952235	-0.070328645	0.06855019	-0.06923673	0.18338615	-0.17575471	0.038199008	-0.040679704	0.09484103	-0.1456534	0.15601693
-0.030034887	0.03314607	-0.09418887	0.28571588	-0.789051	0.03242463	-0.037404872	0.064029425	-0.38380045	0.9999999	-0.03306602	0.03969887	-0.06505459	0.17370638	-0.31501034	0.054694396	-0.053232692	0.052740797	-0.13523519	0.2079556	-0.02996997	0.031807836	-0.07430545	0.11123504	-0.13863921
0.21937545	-0.24310574	0.16340145	-0.043446563	0.031075144	-0.7301138	0.27662265	-0.16511202	0.043369558	-0.03306602	1.0	-0.40174997	0.16742201	-0.069634005	0.04520061	-0.3600984	0.19594221	-0.13410884	0.062489852	-0.050834674	0.113548525	-0.10810475	0.15017259	-0.09900476	0.105791695
-0.20672968	0.20161262	-0.21604735	0.052867934	-0.03737282	0.281754	-0.73076624	0.24511157	-0.05365728	0.03969887	-0.40174997	0.9999999	-0.29896033	0.08106669	-0.052947238	0.21807401	-0.2456208	0.16798384	-0.073123455	0.059150983	-0.103656776	0.10253624	-0.17809492	0.113802366	-0.121851586
0.1331112	-0.15617271	0.2775596	-0.08970865	0.059608378	-0.17254007	0.23344637	-0.69127804	0.08999033	-0.06505459	0.16742201	-0.29896033	0.9999998	-0.13380487	0.080959424	-0.24322556	0.23763466	-0.39084953	0.1137177	-0.09297012	0.11379069	-0.1262081	0.24285704	-0.18480438	0.1706042
-0.06254149	0.067874394	-0.19210035	0.21753569	-0.17048515	0.067064986	-0.07490862	0.11639808	-0.34181044	0.17370638	-0.069634005	0.08106669	-0.13380487	0.99999976	-0.29561323	0.11872679	-0.12365147	0.12411825	-0.6883954	0.2374025	-0.06926398	0.07278455	-0.18972145	0.2859492	-0.32907146
0.040716425	-0.04538407	0.11893902	-0.18123114	0.20649245	-0.044455756	0.048209406	-0.07559369	0.17952235	-0.31501034	0.04520061	-0.052947238	0.080959424	-0.29561323	0.9999996	-0.07961458	0.07411324	-0.07493426	0.20482954	-0.81653696	0.04276292	-0.046083372	0.10574454	-0.18712083	0.2136242
-0.1692512	0.16419286	-0.25732708	0.06977327	-0.052071497	0.22100344	-0.19835602	0.19489102	-0.070328645	0.054694396	-0.3600984	0.21807401	-0.24322556	0.11872679	-0.07961458	0.9999996	-0.5755888	0.26834393	-0.114919886	0.08774063	-0.36771634	0.25452343	-0.34206593	0.17876668	-0.19870326
0.12953718	-0.14805165	0.20262358	-0.069351844	0.049548242	-0.18441546	0.17730522	-0.21204263	0.06855019	-0.053232692	0.19594221	-0.2456208	0.23763466	-0.12365147	0.07411324	-0.5755888	0.9999994	-0.56246877	0.11340884	-0.08486036	0.21276599	-0.27234614	0.2978123	-0.1898606	0.1650475
-0.09926899	0.110319	-0.20249876	0.06835854	-0.049463447	0.12541956	-0.14237696	0.21968901	-0.06923673	0.052740797	-0.13410884	0.16798384	-0.39084953	0.12411825	-0.07493426	0.26834393	-0.56246877	0.9999994	-0.13146752	0.08417648	-0.1536746	0.17075908	-0.59681976	0.19961266	-0.16915244
0.05420499	-0.060139533	0.1500137	-0.17753947	0.12160516	-0.060887586	0.065529004	-0.10096427	0.18338615	-0.13523519	0.062489852	-0.073123455	0.1137177	-0.6883954	0.20482954	-0.114919886	0.11340884	-0.13146752	0.99999934	-0.2607426	0.06439326	-0.070650764	0.18195479	-0.5388932	0.2555862
-0.046199255	0.05080195	-0.14053775	0.15704788	-0.21283509	0.049558636	-0.05427068	0.08384198	-0.17575471	0.2079556	-0.050834674	0.059150983	-0.09297012	0.2374025	-0.81653696	0.08774063	-0.08486036	0.08417648	-0.2607426	0.99999934	-0.048517175	0.05160727	-0.12253397	0.19602472	-0.31703
0.072104834	-0.078932896	0.11591787	-0.038546618	0.02808177	-0.10021339	0.08699951	-0.099645615	0.038199008	-0.02996997	0.113548525	-0.103656776	0.11379069	-0.06926398	0.04276292	-0.36771634	0.21276599	-0.1536746	0.06439326	-0.048517175	0.99999934	-0.8684963	0.19444978	-0.1108318	0.098982476
-0.07236067	0.0767133	-0.12630425	0.04065481	-0.029992318	0.092011414	-0.08876977	0.10473758	-0.040679704	0.031807836	-0.10810475	0.10253624	-0.1262081	0.07278455	-0.046083372	0.25452343	-0.27234614	0.17075908	-0.070650764	0.05160727	-0.8684963	0.9999992	-0.2712095	0.117993824	-0.10979942
0.11472305	-0.13356315	0.22115642	-0.09601542	0.068752244	-0.14908119	0.14670447	-0.22445062	0.09484103	-0.07430545	0.15017259	-0.17809492	0.24285704	-0.18972145	0.10574454	-0.34206593	0.2978123	-0.59681976	0.18195479	-0.12253397	0.19444978	-0.2712095	0.9999992	-0.40861714	0.22809269
-0.08592821	0.09365384	-0.24276622	0.13289613	-0.10800837	0.09484679	-0.10259333	0.15169586	-0.1456534	0.11123504	-0.09900476	0.113802366	-0.18480438	0.2859492	-0.18712083	0.17876668	-0.1898606	0.19961266	-0.5388932	0.19602472	-0.1108318	0.117993824	-0.40861714	0.99999917	-0.51386595
0.095062844	-0.10869993	0.26025966	-0.1674166	0.1240678	-0.10574518	0.10815856	-0.15942146	0.15601693	-0.13863921	0.105791695	-0.121851586	0.1706042	-0.32907146	0.2136242	-0.19870326	0.1650475	-0.16915244	0.2555862	-0.31703	0.098982476	-0.10979942	0.22809269	-0.51386595	0.99999917
