1.0	-0.4088159	0.23459388	-0.063473515	0.08018432	-0.8426901	0.24456245	-0.12694699	0.061322283	-0.06721502	0.07376091	-0.23240586	0.12669483	-0.05559961	0.053156555	-0.04742292	0.05513168	-0.046516016	0.041279584	-0.018876258	0.061702866	-0.05249671	0.037782393	-0.043517705	0.021225926
-0.4088159	1.0000002	-0.61026907	0.11521686	-0.14162162	0.28102303	-0.526896	0.209804	-0.11117797	0.11339833	-0.10268086	0.3076154	-0.2270403	0.09324416	-0.09042685	0.06551725	-0.08269131	0.071531795	-0.06651081	0.03152245	-0.09329574	0.077586964	-0.058464285	0.06857474	-0.03558736
0.23459388	-0.61026907	1.0000004	-0.1982957	0.18653165	-0.2917472	0.31355575	-0.27170753	0.15710004	-0.17673162	0.13933514	-0.50767475	0.22880405	-0.13281333	0.12220852	-0.09317808	0.11956723	-0.10547631	0.09441959	-0.043922435	0.130029	-0.1198155	0.084989	-0.102488436	0.048514713
-0.063473515	0.11521686	-0.1982957	1.0000005	-0.46185058	0.073232174	-0.098524116	0.13241823	-0.78641045	0.28148	-0.06334125	0.13617739	-0.13878249	0.19396393	-0.192474	0.044202182	-0.06728347	0.07765743	-0.0983088	0.057564933	-0.062143374	0.06945636	-0.06364371	0.094266884	-0.06496638
0.08018432	-0.14162162	0.18653165	-0.46185058	1.0000007	-0.09539549	0.1181657	-0.1365394	0.29624957	-0.707352	0.1002061	-0.18922316	0.14155948	-0.26582757	0.2395416	-0.0699097	0.10240856	-0.12163805	0.13835797	-0.079740785	0.099820554	-0.11227607	0.09807963	-0.15427874	0.084402196
-0.8426901	0.28102303	-0.2917472	0.073232174	-0.09539549	1.0000011	-0.33232632	0.14133035	-0.07183263	0.07646608	-0.08761651	0.22085446	-0.15292816	0.06348742	-0.06166153	0.05374809	-0.060346175	0.051124424	-0.046548914	0.021693978	-0.07148504	0.056515276	-0.041808728	0.048285283	-0.024509981
0.24456245	-0.526896	0.31355575	-0.098524116	0.1181657	-0.33232632	1.000001	-0.35680553	0.09889805	-0.10132956	0.0943615	-0.60697246	0.25482893	-0.09056698	0.08474418	-0.063591234	0.09083223	-0.07546077	0.0656778	-0.029210992	0.0833352	-0.08416759	0.060452994	-0.0683452	0.032920316
-0.12694699	0.209804	-0.27170753	0.13241823	-0.1365394	0.14133035	-0.35680553	1.0000007	-0.1637037	0.12619296	-0.07378158	0.26098	-0.8295817	0.13512574	-0.12300316	0.051163282	-0.07978428	0.08442626	-0.082237035	0.03842476	-0.068490036	0.07526713	-0.06645532	0.07871619	-0.04346778
0.061322283	-0.11117797	0.15710004	-0.78641045	0.29624957	-0.07183263	0.09889805	-0.1637037	1.0000007	-0.39827812	0.061678015	-0.1367908	0.14585541	-0.28425223	0.20978704	-0.04406105	0.070408374	-0.086951	0.11124106	-0.062217496	0.060453523	-0.074185066	0.06960589	-0.10964261	0.06801651
-0.06721502	0.11339833	-0.17673162	0.28148	-0.707352	0.07646608	-0.10132956	0.12619296	-0.39827812	1.0000006	-0.08632422	0.14526355	-0.14292012	0.25713265	-0.40731245	0.05966409	-0.08941638	0.105112135	-0.13514444	0.102114774	-0.08622999	0.09284585	-0.08707074	0.13147548	-0.11650775
0.07376091	-0.10268086	0.13933514	-0.06334125	0.1002061	-0.08761651	0.0943615	-0.07378158	0.061678015	-0.08632422	1.0000005	-0.16758086	0.082992814	-0.07514324	0.07156734	-0.65674007	0.18474914	-0.12964286	0.08721625	-0.027378589	0.33234185	-0.186858	0.10315351	-0.101030074	0.030635497
-0.23240586	0.3076154	-0.50767475	0.13617739	-0.18922316	0.22085446	-0.60697246	0.26098	-0.1367908	0.14526355	-0.16758086	1.0000006	-0.342473	0.12724195	-0.12579876	0.10720049	-0.16739963	0.116173804	-0.10017414	0.04385334	-0.14534627	0.13274868	-0.09572719	0.102302216	-0.05002133
0.12669483	-0.2270403	0.22880405	-0.13878249	0.14155948	-0.15292816	0.25482893	-0.8295817	0.14585541	-0.14292012	0.082992814	-0.342473	1.0000007	-0.17748049	0.13500996	-0.059065122	0.09436446	-0.10762932	0.0970451	-0.043283414	0.07705166	-0.09177052	0.07950377	-0.09610165	0.047974464
-0.05559961	0.09324416	-0.13281333	0.19396393	-0.26582757	0.06348742	-0.09056698	0.13512574	-0.28425223	0.25713265	-0.07514324	0.12724195	-0.17748049	1.0000005	-0.743976	0.05784362	-0.11301419	0.15954265	-0.3418629	0.14040285	-0.07486549	0.116032414	-0.13032028	0.21423192	-0.16033998
0.053156555	-0.09042685	0.12220852	-0.192474	0.2395416	-0.06166153	0.08474418	-0.12300316	0.20978704	-0.40731245	0.07156734	-0.12579876	0.13500996	-0.743976	1.0000007	-0.05571738	0.10565316	-0.15719411	0.21300152	-0.21486823	0.07132077	-0.11814536	0.12133206	-0.22402519	0.17486793
-0.04742292	0.06551725	-0.09317808	0.044202182	-0.0699097	0.05374809	-0.063591234	0.051163282	-0.04406105	0.05966409	-0.65674007	0.10720049	-0.059065122	0.05784362	-0.05571738	1.0000007	-0.25945622	0.12419346	-0.07886094	0.021194499	-0.61794513	0.17959172	-0.100361206	0.08794374	-0.023866633
0.05513168	-0.08269131	0.11956723	-0.06728347	0.10240856	-0.060346175	0.09083223	-0.07978428	0.070408374	-0.08941638	0.18474914	-0.16739963	0.09436446	-0.11301419	0.10565316	-0.25945622	1.0000008	-0.47043043	0.19927272	-0.03993026	0.18578969	-0.7186692	0.2917318	-0.23033406	0.04492039
-0.046516016	0.071531795	-0.10547631	0.07765743	-0.12163805	0.051124424	-0.07546077	0.08442626	-0.086951	0.105112135	-0.12964286	0.116173804	-0.10762932	0.15954265	-0.15719411	0.12419346	-0.47043043	1.0000006	-0.45187914	0.055209674	-0.13076444	0.30447903	-0.61899275	0.30297184	-0.06330306
0.041279584	-0.06651081	0.09441959	-0.0983088	0.13835797	-0.046548914	0.0656778	-0.082237035	0.11124106	-0.13514444	0.08721625	-0.10017414	0.0970451	-0.3418629	0.21300152	-0.07886094	0.19927272	-0.45187914	1.0000007	-0.07935574	0.0883791	-0.21979111	0.28357634	-0.713589	0.08460558
-0.018876258	0.03152245	-0.043922435	0.057564933	-0.079740785	0.021693978	-0.029210992	0.03842476	-0.062217496	0.102114774	-0.027378589	0.04385334	-0.043283414	0.14040285	-0.21486823	0.021194499	-0.03993026	0.055209674	-0.07935574	1.0000007	-0.027412549	0.043521848	-0.04580294	0.07963121	-0.9563681
0.061702866	-0.09329574	0.130029	-0.062143374	0.099820554	-0.07148504	0.0833352	-0.068490036	0.060453523	-0.08622999	0.33234185	-0.14534627	0.07705166	-0.07486549	0.07132077	-0.61794513	0.18578969	-0.13076444	0.0883791	-0.027412549	1.0000007	-0.19668202	0.105970904	-0.1027953	0.030660478
-0.05249671	0.077586964	-0.1198155	0.06945636	-0.11227607	0.056515276	-0.08416759	0.07526713	-0.074185066	0.09284585	-0.186858	0.13274868	-0.09177052	0.116032414	-0.11814536	0.17959172	-0.7186692	0.30447903	-0.21979111	0.043521848	-0.19668202	1.0000007	-0.4951178	0.22148326	-0.050175402
0.037782393	-0.058464285	0.084989	-0.06364371	0.09807963	-0.041808728	0.060452994	-0.06645532	0.06960589	-0.08707074	0.10315351	-0.09572719	0.07950377	-0.13032028	0.12133206	-0.100361206	0.2917318	-0.61899275	0.28357634	-0.04580294	0.105970904	-0.4951178	1.0000008	-0.4871912	0.051691525
-0.043517705	0.06857474	-0.102488436	0.094266884	-0.15427874	0.048285283	-0.0683452	0.07871619	-0.10964261	0.13147548	-0.101030074	0.102302216	-0.09610165	0.21423192	-0.22402519	0.08794374	-0.23033406	0.30297184	-0.713589	0.07963121	-0.1027953	0.22148326	-0.4871912	1.0000008	-0.09359495
0.021225926	-0.03558736	0.048514713	-0.06496638	0.084402196	-0.024509981	0.032920316	-0.04346778	0.06801651	-0.11650775	0.030635497	-0.05002133	0.047974464	-0.16033998	0.17486793	-0.023866633	0.04492039	-0.06330306	0.08460558	-0.9563681	0.030660478	-0.050175402	0.051691525	-0.09359495	1.0000008
