1.0000001	-0.23423274	0.15897743	-0.060972627	0.055953857	-0.90324575	0.18311954	-0.107839845	0.05946711	-0.05882876	0.08958502	-0.11338529	0.123747416	-0.07326479	0.080966175	-0.09720591	0.10515628	-0.071356654	0.072910525	-0.048363116	0.08270597	-0.061687134	0.07174944	-0.06099673	0.044975683
-0.23423274	0.9999998	-0.2668865	0.07440864	-0.06450372	0.18915781	-0.8774768	0.18824254	-0.07549238	0.06988954	-0.028533177	0.1652165	-0.17435357	0.08768523	-0.08755814	0.029700853	-0.15020436	0.08220587	-0.07962536	0.05108511	-0.09189899	0.07053118	-0.076393	0.065101475	-0.04669778
0.15897743	-0.2668865	1.0	-0.2202796	0.16195846	-0.1842927	0.21459407	-0.59312844	0.18535224	-0.18147388	0.03278325	-0.21686205	0.31385964	-0.21567439	0.19487526	-0.034478355	0.17453511	-0.16941158	0.1555036	-0.112091996	0.13644361	-0.10861587	0.14246309	-0.1322653	0.0990869
-0.060972627	0.07440864	-0.2202796	0.9999999	-0.7090421	0.06571897	-0.075905286	0.1583927	-0.5061986	0.32306167	-0.013832439	0.09214356	-0.17615989	0.24460569	-0.27929506	0.014384181	-0.08698154	0.09738211	-0.10835796	0.097313955	-0.07665533	0.059272524	-0.09412567	0.08828142	-0.09140341
0.055953857	-0.06450372	0.16195846	-0.7090421	0.9999999	-0.061679117	0.06439845	-0.13333133	0.30386692	-0.5715333	0.012610236	-0.082491934	0.14394628	-0.23802848	0.22967649	-0.013152914	0.0759991	-0.08711891	0.09359827	-0.08798745	0.06709618	-0.052377492	0.081889294	-0.079543166	0.07796128
-0.90324575	0.18915781	-0.1842927	0.06571897	-0.061679117	1.0	-0.2124821	0.117236726	-0.06526687	0.063566126	-0.10892494	0.11811289	-0.14177571	0.07959381	-0.09029951	0.09766121	-0.11924583	0.07811822	-0.081470765	0.052525718	-0.094280586	0.068476625	-0.08009696	0.066451654	-0.04953749
0.18311954	-0.8774768	0.21459407	-0.075905286	0.06439845	-0.2124821	1.0000001	-0.2311365	0.07697262	-0.07213703	0.029992256	-0.21093091	0.17147315	-0.0906252	0.087702684	-0.031369247	0.14841329	-0.084312126	0.07965113	-0.052064773	0.09023474	-0.07128112	0.07650608	-0.0662793	0.04716494
-0.107839845	0.18824254	-0.59312844	0.1583927	-0.13333133	0.117236726	-0.2311365	1.0000002	-0.21086563	0.15292263	-0.023057515	0.17767335	-0.6445045	0.19542001	-0.17558564	0.023995945	-0.15230276	0.14844893	-0.14041196	0.087684296	-0.10983407	0.086609654	-0.11837019	0.10409774	-0.07976498
0.05946711	-0.07549238	0.18535224	-0.5061986	0.30386692	-0.06526687	0.07697262	-0.21086563	1.0000002	-0.57225186	0.013684433	-0.09522667	0.19201058	-0.49980053	0.29148278	-0.014248311	0.08638642	-0.10445477	0.113433145	-0.10135247	0.074796624	-0.05881302	0.0934918	-0.09098228	0.09065403
-0.05882876	0.06988954	-0.18147388	0.32306167	-0.5715333	0.063566126	-0.07213703	0.15292263	-0.57225186	1.0000002	-0.013695549	0.09181827	-0.1764454	0.28607967	-0.4229865	0.0142326625	-0.08703596	0.10215354	-0.11541558	0.117607154	-0.078801915	0.061180096	-0.10094229	0.09661574	-0.109032
0.08958502	-0.028533177	0.03278325	-0.013832439	0.012610236	-0.10892494	0.029992256	-0.023057515	0.013684433	-0.013695549	1.0000005	-0.048179273	0.02975308	-0.017800212	0.01932004	-0.9866364	0.046363648	-0.023008013	0.021444874	-0.014869564	0.04692467	-0.03700733	0.025368424	-0.022017142	0.0133269215
-0.11338529	0.1652165	-0.21686205	0.09214356	-0.082491934	0.11811289	-0.21093091	0.17767335	-0.09522667	0.09181827	-0.048179273	1.0000002	-0.2973713	0.12603475	-0.12854797	0.047987014	-0.7883569	0.1713695	-0.15922359	0.09316213	-0.2873161	0.22633354	-0.17537856	0.13787933	-0.085135065
0.123747416	-0.17435357	0.31385964	-0.17615989	0.14394628	-0.14177571	0.17147315	-0.6445045	0.19201058	-0.1764454	0.02975308	-0.2973713	1.0000001	-0.3025651	0.2133527	-0.031057874	0.20335716	-0.25583172	0.19293542	-0.11948465	0.14527686	-0.11958521	0.16212435	-0.14728692	0.1055841
-0.07326479	0.08768523	-0.21567439	0.24460569	-0.23802848	0.07959381	-0.0906252	0.19542001	-0.49980053	0.28607967	-0.017800212	0.12603475	-0.3025651	1.0000004	-0.6553614	0.018476909	-0.11855549	0.15617302	-0.19470416	0.16469693	-0.106392115	0.083646834	-0.1424765	0.13898802	-0.15424332
0.080966175	-0.08755814	0.19487526	-0.27929506	0.22967649	-0.09029951	0.087702684	-0.17558564	0.29148278	-0.4229865	0.01932004	-0.12854797	0.2133527	-0.6553614	1.0000004	-0.020150933	0.117779806	-0.15684967	0.16998605	-0.28989238	0.111012734	-0.08885752	0.1515907	-0.16669689	0.18909138
-0.09720591	0.029700853	-0.034478355	0.014384181	-0.013152914	0.09766121	-0.031369247	0.023995945	-0.014248311	0.0142326625	-0.9866364	0.047987014	-0.031057874	0.018476909	-0.020150933	1.0000002	-0.049175054	0.023740137	-0.02229016	0.015322504	-0.05081408	0.0379253	-0.026388057	0.022617204	-0.013795744
0.10515628	-0.15020436	0.17453511	-0.08698154	0.0759991	-0.11924583	0.14841329	-0.15230276	0.08638642	-0.08703596	0.046363648	-0.7883569	0.20335716	-0.11855549	0.117779806	-0.049175054	1.0	-0.2012655	0.15706052	-0.09824594	0.25483555	-0.35098964	0.1799041	-0.15357439	0.08661229
-0.071356654	0.08220587	-0.16941158	0.09738211	-0.08711891	0.07811822	-0.084312126	0.14844893	-0.10445477	0.10215354	-0.023008013	0.1713695	-0.25583172	0.15617302	-0.15684967	0.023740137	-0.2012655	0.99999994	-0.7510322	0.15328392	-0.19204599	0.16338663	-0.43301055	0.2802335	-0.1464502
0.072910525	-0.07962536	0.1555036	-0.10835796	0.09359827	-0.081470765	0.07965113	-0.14041196	0.113433145	-0.11541558	0.021444874	-0.15922359	0.19293542	-0.19470416	0.16998605	-0.02229016	0.15706052	-0.7510322	0.99999976	-0.20774369	0.15620343	-0.13911076	0.29184353	-0.42989263	0.17565124
-0.048363116	0.05108511	-0.112091996	0.097313955	-0.08798745	0.052525718	-0.052064773	0.087684296	-0.10135247	0.117607154	-0.014869564	0.09316213	-0.11948465	0.16469693	-0.28989238	0.015322504	-0.09824594	0.15328392	-0.20774369	0.9999998	-0.12927115	0.101526104	-0.24422221	0.25251916	-0.8367693
0.08270597	-0.09189899	0.13644361	-0.07665533	0.06709618	-0.094280586	0.09023474	-0.10983407	0.074796624	-0.078801915	0.04692467	-0.2873161	0.14527686	-0.106392115	0.111012734	-0.05081408	0.25483555	-0.19204599	0.15620343	-0.12927115	0.9999996	-0.8118954	0.24455154	-0.23140198	0.1086575
-0.061687134	0.07053118	-0.10861587	0.059272524	-0.052377492	0.068476625	-0.07128112	0.086609654	-0.05881302	0.061180096	-0.03700733	0.22633354	-0.11958521	0.083646834	-0.08885752	0.0379253	-0.35098964	0.16338663	-0.13911076	0.101526104	-0.8118954	0.9999994	-0.33548856	0.19089782	-0.09119306
0.07174944	-0.076393	0.14246309	-0.09412567	0.081889294	-0.08009696	0.07650608	-0.11837019	0.0934918	-0.10094229	0.025368424	-0.17537856	0.16212435	-0.1424765	0.1515907	-0.026388057	0.1799041	-0.43301055	0.29184353	-0.24422221	0.24455154	-0.33548856	0.9999994	-0.6626965	0.21021937
-0.06099673	0.065101475	-0.1322653	0.08828142	-0.079543166	0.066451654	-0.0662793	0.10409774	-0.09098228	0.09661574	-0.022017142	0.13787933	-0.14728692	0.13898802	-0.16669689	0.022617204	-0.15357439	0.2802335	-0.42989263	0.25251916	-0.23140198	0.19089782	-0.6626965	0.99999946	-0.39017674
0.044975683	-0.04669778	0.0990869	-0.09140341	0.07796128	-0.04953749	0.04716494	-0.07976498	0.09065403	-0.109032	0.0133269215	-0.085135065	0.1055841	-0.15424332	0.18909138	-0.013795744	0.08661229	-0.1464502	0.17565124	-0.8367693	0.1086575	-0.09119306	0.21021937	-0.39017674	0.99999946
