1.0	-0.3518592	0.17174551	-0.15928882	0.12345576	-0.6576772	0.26161957	-0.20797732	0.20228755	-0.13206537	0.28555515	-0.22245789	0.1473488	-0.1278066	0.10882947	-0.4130635	0.1969874	-0.15170898	0.1143149	-0.12628506	0.12252289	-0.10670688	0.12125587	-0.08615021	0.15173788
-0.3518592	1.0000004	-0.40102667	0.22296497	-0.16687036	0.24190648	-0.6960691	0.2866848	-0.30930778	0.15034555	-0.15481256	0.12066549	-0.12153902	0.110754736	-0.109675966	0.16377918	-0.1172924	0.11321448	-0.10190397	0.11864073	-0.07734764	0.06461159	-0.08901568	0.06440401	-0.11853131
0.17174551	-0.40102667	1.0000002	-0.688104	0.24407572	-0.14536141	0.24229822	-0.38282648	0.27796564	-0.2468195	0.09999079	-0.09173723	0.11196155	-0.1115084	0.13625768	-0.118645854	0.08772755	-0.1084699	0.09911132	-0.15812488	0.060902037	-0.051642947	0.08107339	-0.062238883	0.114762165
-0.15928882	0.22296497	-0.688104	1.0000005	-0.47588617	0.12229434	-0.19971076	0.24207638	-0.33841148	0.25254375	-0.08932742	0.08220324	-0.103247836	0.10756507	-0.14984737	0.10441802	-0.080921255	0.09821094	-0.09843701	0.15068191	-0.057581294	0.04839033	-0.080162644	0.060833763	-0.11617567
0.12345576	-0.16687036	0.24407572	-0.47588617	1.0000005	-0.10092321	0.13493702	-0.1827945	0.21994348	-0.7159978	0.07712102	-0.07571466	0.097309306	-0.116462775	0.22896953	-0.095576555	0.07421192	-0.09902811	0.10405638	-0.25678048	0.055306625	-0.047119427	0.08550004	-0.070305705	0.13272366
-0.6576772	0.24190648	-0.14536141	0.12229434	-0.10092321	1.0000006	-0.3552351	0.18243952	-0.19155838	0.10209993	-0.49883524	0.20743641	-0.13492882	0.10671918	-0.08750634	0.28555042	-0.1976378	0.12476655	-0.0981174	0.0973144	-0.113696255	0.094679356	-0.09904518	0.06927484	-0.120794475
0.26161957	-0.6960691	0.24229822	-0.19971076	0.13493702	-0.3552351	1.0000007	-0.45294046	0.2627951	-0.13948795	0.16457438	-0.1311709	0.12379877	-0.10931267	0.09869484	-0.17598961	0.11767586	-0.11709497	0.09680766	-0.11232637	0.07429312	-0.06324894	0.08128039	-0.059501022	0.10616159
-0.20797732	0.2866848	-0.38282648	0.24207638	-0.1827945	0.18243952	-0.45294046	1.0000005	-0.66801107	0.17693001	-0.13243066	0.1240259	-0.20028697	0.1577187	-0.12695706	0.14454801	-0.11784488	0.15579662	-0.1402153	0.13719355	-0.076500446	0.06440066	-0.092206046	0.06798787	-0.121510155
0.20228755	-0.30930778	0.27796564	-0.33841148	0.21994348	-0.19155838	0.2627951	-0.66801107	1.0000007	-0.28328633	0.13757044	-0.1374414	0.18465242	-0.2260601	0.17101614	-0.17173031	0.12778239	-0.18471247	0.16816965	-0.20073064	0.08676105	-0.07430097	0.11239806	-0.085776865	0.15289353
-0.13206537	0.15034555	-0.2468195	0.25254375	-0.7159978	0.10209993	-0.13948795	0.17693001	-0.28328633	1.0000006	-0.080590114	0.07942485	-0.10798703	0.13070911	-0.42493623	0.097069405	-0.079315685	0.10526518	-0.12142967	0.25535235	-0.05970351	0.050431915	-0.09598769	0.07648307	-0.15456605
0.28555515	-0.15481256	0.09999079	-0.08932742	0.07712102	-0.49883524	0.16457438	-0.13243066	0.13757044	-0.080590114	1.000001	-0.46725872	0.16203697	-0.118766226	0.076099105	-0.6010761	0.2787315	-0.15493262	0.103408	-0.085688256	0.13860017	-0.12361553	0.09537414	-0.06747689	0.106730215
-0.22245789	0.12066549	-0.09173723	0.08220324	-0.07571466	0.20743641	-0.1311709	0.1240259	-0.1374414	0.07942485	-0.46725872	1.0000008	-0.3239759	0.15531865	-0.083061025	0.30107605	-0.6721082	0.20927331	-0.13865654	0.09167085	-0.21009092	0.17992143	-0.110648744	0.07714226	-0.112253375
0.1473488	-0.12153902	0.11196155	-0.103247836	0.097309306	-0.13492882	0.12379877	-0.20028697	0.18465242	-0.10798703	0.16203697	-0.3239759	1.0000013	-0.46234056	0.12744084	-0.17024235	0.20546475	-0.69589615	0.29964888	-0.1405371	0.107477695	-0.095730074	0.11438178	-0.08537667	0.11922995
-0.1278066	0.110754736	-0.1115084	0.10756507	-0.116462775	0.10671918	-0.10931267	0.1577187	-0.2260601	0.13070911	-0.118766226	0.15531865	-0.46234056	1.0000018	-0.21687317	0.12580432	-0.14941329	0.311188	-0.7392895	0.18801388	-0.08694782	0.07337834	-0.102122985	0.078087576	-0.125804
0.10882947	-0.109675966	0.13625768	-0.14984737	0.22896953	-0.08750634	0.09869484	-0.12695706	0.17101614	-0.42493623	0.076099105	-0.083061025	0.12744084	-0.21687317	1.0000018	-0.09449225	0.08170872	-0.13130571	0.17149161	-0.7738523	0.06242309	-0.05385478	0.107728295	-0.09997934	0.18911818
-0.4130635	0.16377918	-0.118645854	0.10441802	-0.095576555	0.28555042	-0.17598961	0.14454801	-0.17173031	0.097069405	-0.6010761	0.30107605	-0.17024235	0.12580432	-0.09449225	1.0000018	-0.4649091	0.15683158	-0.11808186	0.10444152	-0.23249668	0.1796957	-0.13635439	0.09305168	-0.1513523
0.1969874	-0.1172924	0.08772755	-0.080921255	0.07421192	-0.1976378	0.11767586	-0.11784488	0.12778239	-0.079315685	0.2787315	-0.6721082	0.20546475	-0.14941329	0.08170872	-0.4649091	1.0000018	-0.21732083	0.12726443	-0.09330702	0.23794909	-0.32708108	0.12147957	-0.087746665	0.117098495
-0.15170898	0.11321448	-0.1084699	0.09821094	-0.09902811	0.12476655	-0.11709497	0.15579662	-0.18471247	0.10526518	-0.15493262	0.20927331	-0.69589615	0.311188	-0.13130571	0.15683158	-0.21732083	1.0000017	-0.51455796	0.1415074	-0.1175877	0.09929994	-0.14715338	0.09910721	-0.13469759
0.1143149	-0.10190397	0.09911132	-0.09843701	0.10405638	-0.0981174	0.09680766	-0.1402153	0.16816965	-0.12142967	0.103408	-0.13865654	0.29964888	-0.7392895	0.17149161	-0.11808186	0.12726443	-0.51455796	1.0000017	-0.21491925	0.07786879	-0.06764304	0.10378461	-0.082937405	0.12242275
-0.12628506	0.11864073	-0.15812488	0.15068191	-0.25678048	0.0973144	-0.11232637	0.13719355	-0.20073064	0.25535235	-0.085688256	0.09167085	-0.1405371	0.18801388	-0.7738523	0.10444152	-0.09330702	0.1415074	-0.21491925	1.0000014	-0.074454986	0.06370248	-0.14390971	0.12773786	-0.31302363
0.12252289	-0.07734764	0.060902037	-0.057581294	0.055306625	-0.113696255	0.07429312	-0.076500446	0.08676105	-0.05970351	0.13860017	-0.21009092	0.107477695	-0.08694782	0.06242309	-0.23249668	0.23794909	-0.1175877	0.07786879	-0.074454986	1.0000012	-0.8777697	0.1617213	-0.12614402	0.12068652
-0.10670688	0.06461159	-0.051642947	0.04839033	-0.047119427	0.094679356	-0.06324894	0.06440066	-0.07430097	0.050431915	-0.12361553	0.17992143	-0.095730074	0.07337834	-0.05385478	0.1796957	-0.32708108	0.09929994	-0.06764304	0.06370248	-0.8777697	1.0000015	-0.18831511	0.11619945	-0.111407675
0.12125587	-0.08901568	0.08107339	-0.080162644	0.08550004	-0.09904518	0.08128039	-0.092206046	0.11239806	-0.09598769	0.09537414	-0.110648744	0.11438178	-0.102122985	0.107728295	-0.13635439	0.12147957	-0.14715338	0.10378461	-0.14390971	0.1617213	-0.18831511	1.0000017	-0.76260966	0.3072048
-0.08615021	0.06440401	-0.062238883	0.060833763	-0.070305705	0.06927484	-0.059501022	0.06798787	-0.085776865	0.07648307	-0.06747689	0.07714226	-0.08537667	0.078087576	-0.09997934	0.09305168	-0.087746665	0.09910721	-0.082937405	0.12773786	-0.12614402	0.11619945	-0.76260966	1.0000015	-0.5343111
0.15173788	-0.11853131	0.114762165	-0.11617567	0.13272366	-0.120794475	0.10616159	-0.121510155	0.15289353	-0.15456605	0.106730215	-0.112253375	0.11922995	-0.125804	0.18911818	-0.1513523	0.117098495	-0.13469759	0.12242275	-0.31302363	0.12068652	-0.111407675	0.3072048	-0.5343111	1.0000015
