1.0000001	-0.6237045	0.28290612	-0.23505966	0.22195703	-0.23881559	0.2487437	-0.21956643	0.17307	-0.20486538	0.15689668	-0.19862324	0.18084884	-0.14433698	0.098382056	-0.16192581	0.15454823	-0.16594051	0.1276771	-0.09700382	0.21878603	-0.13415231	0.11175087	-0.081406415	0.07625811
-0.6237045	1.0000004	-0.55959684	0.23749746	-0.24787083	0.16056551	-0.3361705	0.20482047	-0.16236526	0.17444834	-0.11772107	0.15710068	-0.15220243	0.11335186	-0.07875921	0.11509915	-0.11957895	0.12441553	-0.10103593	0.07529941	-0.15893935	0.09679871	-0.08354606	0.062068556	-0.059096918
0.28290612	-0.55959684	1.0000002	-0.57678306	0.28888324	-0.15128313	0.21758555	-0.22259618	0.17498003	-0.2183424	0.10967931	-0.15395112	0.15156989	-0.123558044	0.08716718	-0.11541615	0.117904894	-0.13129658	0.106962025	-0.084642105	0.15923668	-0.10261367	0.08695639	-0.06778417	0.06377773
-0.23505966	0.23749746	-0.57678306	1.0000004	-0.67624164	0.112851374	-0.17328429	0.16326192	-0.19374532	0.21579713	-0.08575374	0.11789802	-0.1259309	0.10575912	-0.07943974	0.0891207	-0.0939844	0.104101725	-0.0930465	0.07348805	-0.1278725	0.08028403	-0.07010877	0.057382673	-0.055205554
0.22195703	-0.24787083	0.28888324	-0.67624164	1.0	-0.14686562	0.19689417	-0.21302867	0.23204012	-0.41285852	0.10964582	-0.15490068	0.16082257	-0.14578114	0.11256097	-0.11825091	0.12272449	-0.14154151	0.12395078	-0.10741304	0.16648467	-0.10985675	0.093918145	-0.08005661	0.07552778
-0.23881559	0.16056551	-0.15128313	0.112851374	-0.14686562	0.99999976	-0.33229554	0.1965366	-0.15122852	0.14915639	-0.71661574	0.24504523	-0.21771325	0.13804375	-0.09133738	0.28936413	-0.24581711	0.18321659	-0.13384394	0.08740587	-0.38030347	0.14859939	-0.13277388	0.07871755	-0.07581895
0.2487437	-0.3361705	0.21758555	-0.17328429	0.19689417	-0.33229554	0.99999994	-0.6118435	0.2506758	-0.26596576	0.2055898	-0.3671997	0.2713922	-0.18564366	0.11966004	-0.1960694	0.20934168	-0.2119394	0.15905674	-0.11602025	0.2320675	-0.15624674	0.13352455	-0.09583477	0.09002642
-0.21956643	0.20482047	-0.22259618	0.16326192	-0.21302867	0.1965366	-0.6118435	1.0	-0.4797111	0.26960742	-0.15927422	0.24599303	-0.38921684	0.19669478	-0.12710963	0.1540538	-0.18110853	0.198558	-0.17021911	0.11569636	-0.21157308	0.13795929	-0.12617329	0.094614245	-0.09173284
0.17307	-0.16236526	0.17498003	-0.19374532	0.23204012	-0.15122852	0.2506758	-0.4797111	0.9999999	-0.69372153	0.11701311	-0.18231834	0.22039579	-0.27128053	0.16295557	-0.124298856	0.14029281	-0.17248556	0.18118203	-0.14815322	0.16858476	-0.12100153	0.10845607	-0.105073504	0.100053616
-0.20486538	0.17444834	-0.2183424	0.21579713	-0.41285852	0.14915639	-0.26596576	0.26960742	-0.69372153	1.0	-0.121733	0.17402402	-0.22021477	0.20961457	-0.2197609	0.12642002	-0.14437619	0.1649769	-0.1857498	0.16111717	-0.18804826	0.1205581	-0.112295836	0.109795034	-0.11088607
0.15689668	-0.11772107	0.10967931	-0.08575374	0.10964582	-0.71661574	0.2055898	-0.15927422	0.11701311	-0.121733	0.99999976	-0.2893462	0.18452485	-0.12092047	0.076588854	-0.50924224	0.24119648	-0.17704715	0.11487045	-0.07504983	0.27729353	-0.13974494	0.11728075	-0.06806037	0.06414949
-0.19862324	0.15710068	-0.15395112	0.11789802	-0.15490068	0.24504523	-0.3671997	0.24599303	-0.18231834	0.17402402	-0.2893462	0.9999999	-0.52174	0.20214361	-0.124145456	0.2682071	-0.5387134	0.2815358	-0.19885473	0.11702062	-0.31525308	0.19928503	-0.18764019	0.106795646	-0.1035134
0.18084884	-0.15220243	0.15156989	-0.1259309	0.16082257	-0.21771325	0.2713922	-0.38921684	0.22039579	-0.22021477	0.18452485	-0.52174	0.99999994	-0.36803636	0.16236156	-0.21149795	0.2759819	-0.46028435	0.25608715	-0.16002132	0.2429967	-0.23316765	0.20154668	-0.13749592	0.12643898
-0.14433698	0.11335186	-0.123558044	0.10575912	-0.14578114	0.13804375	-0.18564366	0.19669478	-0.27128053	0.20961457	-0.12092047	0.20214361	-0.36803636	0.99999994	-0.37308422	0.13758042	-0.18482003	0.26406544	-0.67059654	0.2530093	-0.19205022	0.15795423	-0.1619633	0.19980273	-0.20821558
0.098382056	-0.07875921	0.08716718	-0.07943974	0.11256097	-0.09133738	0.11966004	-0.12710963	0.16295557	-0.2197609	0.076588854	-0.124145456	0.16236156	-0.37308422	1.0	-0.08765643	0.1088298	-0.15915614	0.24749158	-0.80765134	0.120703146	-0.11103097	0.105587386	-0.23381265	0.21516648
-0.16192581	0.11509915	-0.11541615	0.0891207	-0.11825091	0.28936413	-0.1960694	0.1540538	-0.124298856	0.12642002	-0.50924224	0.2682071	-0.21149795	0.13758042	-0.08765643	1.0000001	-0.5139493	0.21948989	-0.13931644	0.08562229	-0.5405779	0.17796746	-0.15513289	0.08024366	-0.07620877
0.15454823	-0.11957895	0.117904894	-0.0939844	0.12272449	-0.24581711	0.20934168	-0.18110853	0.14029281	-0.14437619	0.24119648	-0.5387134	0.2759819	-0.18482003	0.1088298	-0.5139493	1.0	-0.42970052	0.18534864	-0.1092115	0.28896952	-0.28682926	0.21576044	-0.104495965	0.09625736
-0.16594051	0.12441553	-0.13129658	0.104101725	-0.14154151	0.18321659	-0.2119394	0.198558	-0.17248556	0.1649769	-0.17704715	0.2815358	-0.46028435	0.26406544	-0.15915614	0.21948989	-0.42970052	0.99999976	-0.4221566	0.15436843	-0.2878647	0.27953422	-0.4197626	0.15836096	-0.15097633
0.1276771	-0.10103593	0.106962025	-0.0930465	0.12395078	-0.13384394	0.15905674	-0.17021911	0.18118203	-0.1857498	0.11487045	-0.19885473	0.25608715	-0.67059654	0.24749158	-0.13931644	0.18534864	-0.4221566	0.9999997	-0.30225986	0.1764075	-0.18407233	0.17887431	-0.31007108	0.22112073
-0.09700382	0.07529941	-0.084642105	0.07348805	-0.10741304	0.08740587	-0.11602025	0.11569636	-0.14815322	0.16111717	-0.07504983	0.11702062	-0.16002132	0.2530093	-0.80765134	0.08562229	-0.1092115	0.15436843	-0.30225986	0.99999976	-0.12294708	0.10656913	-0.10802316	0.2308258	-0.3377174
0.21878603	-0.15893935	0.15923668	-0.1278725	0.16648467	-0.38030347	0.2320675	-0.21157308	0.16858476	-0.18804826	0.27729353	-0.31525308	0.2429967	-0.19205022	0.120703146	-0.5405779	0.28896952	-0.2878647	0.1764075	-0.12294708	0.99999964	-0.27930924	0.19780354	-0.11280681	0.10300722
-0.13415231	0.09679871	-0.10261367	0.08028403	-0.10985675	0.14859939	-0.15624674	0.13795929	-0.12100153	0.1205581	-0.13974494	0.19928503	-0.23316765	0.15795423	-0.11103097	0.17796746	-0.28682926	0.27953422	-0.18407233	0.10656913	-0.27930924	0.99999946	-0.8145346	0.13285598	-0.13010113
0.11175087	-0.08354606	0.08695639	-0.07010877	0.093918145	-0.13277388	0.13352455	-0.12617329	0.10845607	-0.112295836	0.11728075	-0.18764019	0.20154668	-0.1619633	0.105587386	-0.15513289	0.21576044	-0.4197626	0.17887431	-0.10802316	0.19780354	-0.8145346	0.9999996	-0.15698165	0.12715526
-0.081406415	0.062068556	-0.06778417	0.057382673	-0.08005661	0.07871755	-0.09583477	0.094614245	-0.105073504	0.109795034	-0.06806037	0.106795646	-0.13749592	0.19980273	-0.23381265	0.08024366	-0.104495965	0.15836096	-0.31007108	0.2308258	-0.11280681	0.13285598	-0.15698165	0.9999995	-0.8590166
0.07625811	-0.059096918	0.06377773	-0.055205554	0.07552778	-0.07581895	0.09002642	-0.09173284	0.100053616	-0.11088607	0.06414949	-0.1035134	0.12643898	-0.20821558	0.21516648	-0.07620877	0.09625736	-0.15097633	0.22112073	-0.3377174	0.10300722	-0.13010113	0.12715526	-0.8590166	0.9999995
