1.0	-0.5781404	0.22275463	-0.09453882	0.11474987	-0.71803945	0.2578971	-0.21165194	0.057959653	-0.05944835	0.13060787	-0.16835813	0.14503896	-0.0756389	0.09728971	-0.110534266	0.10200221	-0.09554972	0.058737025	-0.04288193	0.110844046	-0.082470395	0.08480451	-0.07657217	0.05000454
-0.5781404	0.9999998	-0.42169413	0.1480874	-0.18631425	0.32148176	-0.50265163	0.28154415	-0.08437218	0.08491579	-0.14086837	0.21862651	-0.21054478	0.10278224	-0.13562587	0.1137881	-0.1365545	0.12550345	-0.0801932	0.05819218	-0.13814683	0.105536334	-0.11548871	0.10119866	-0.0681964
0.22275463	-0.42169413	0.9999999	-0.40158442	0.26696202	-0.31553417	0.28350782	-0.57138336	0.12287961	-0.13222575	0.13783115	-0.23282312	0.21025828	-0.13439073	0.15486929	-0.12341518	0.1368473	-0.14399247	0.09753636	-0.071142524	0.15066402	-0.119001895	0.120617196	-0.1292236	0.080453575
-0.09453882	0.1480874	-0.40158442	0.99999964	-0.84318954	0.12833445	-0.1163778	0.18697117	-0.17458601	0.16281444	-0.06608374	0.101616725	-0.098278366	0.10088071	-0.116791636	0.058380436	-0.06602702	0.06971415	-0.06903909	0.04900807	-0.079712436	0.05774516	-0.06064149	0.08179808	-0.05464578
0.11474987	-0.18631425	0.26696202	-0.84318954	0.99999964	-0.16954245	0.13948055	-0.23345625	0.17151184	-0.22338597	0.08257814	-0.12783468	0.11784711	-0.12131637	0.13267525	-0.074191704	0.0813199	-0.0870114	0.0815514	-0.05867313	0.09965118	-0.072499886	0.07437969	-0.10158881	0.0648117
-0.71803945	0.32148176	-0.31553417	0.12833445	-0.16954245	0.9999999	-0.3765365	0.24050893	-0.080032066	0.08077094	-0.21007742	0.20363887	-0.19796185	0.10195877	-0.13823636	0.14857173	-0.1404101	0.12516429	-0.080334984	0.058923885	-0.16167286	0.10869828	-0.11633358	0.10243006	-0.069445066
0.2578971	-0.50265163	0.28350782	-0.1163778	0.13948055	-0.3765365	0.9999997	-0.5433455	0.07801403	-0.078655146	0.14430144	-0.43492734	0.25597224	-0.10322689	0.12599605	-0.12259156	0.1564648	-0.1485795	0.0798713	-0.056544144	0.12545024	-0.123146355	0.12703662	-0.101613015	0.06601896
-0.21165194	0.28154415	-0.57138336	0.18697117	-0.23345625	0.24050893	-0.5433455	0.9999996	-0.12133749	0.115174234	-0.1461127	0.27210203	-0.35632604	0.13262203	-0.16550998	0.12235378	-0.16675766	0.16859587	-0.1018199	0.072080985	-0.14974773	0.13116573	-0.14942159	0.12500155	-0.08415335
0.057959653	-0.08437218	0.12287961	-0.17458601	0.17151184	-0.080032066	0.07801403	-0.12133749	0.99999994	-0.87368727	0.05497052	-0.085346304	0.09263476	-0.3198506	0.21806891	-0.04873888	0.06176328	-0.072509855	0.14750105	-0.09523892	0.07153104	-0.0570003	0.064731725	-0.14435999	0.09927303
-0.05944835	0.08491579	-0.13222575	0.16281444	-0.22338597	0.08077094	-0.078655146	0.115174234	-0.87368727	1.0000002	-0.05774354	0.08493261	-0.09333294	0.22908302	-0.27900606	0.050741352	-0.063650385	0.07287788	-0.15290898	0.09957821	-0.07783607	0.057979446	-0.06645619	0.14110057	-0.110071994
0.13060787	-0.14086837	0.13783115	-0.06608374	0.08257814	-0.21007742	0.14430144	-0.1461127	0.05497052	-0.05774354	1.0000002	-0.23640323	0.16787754	-0.09100454	0.11484889	-0.82672155	0.20292804	-0.15570632	0.074031025	-0.053815834	0.24709474	-0.17006306	0.13024288	-0.10358746	0.0626892
-0.16835813	0.21862651	-0.23282312	0.101616725	-0.12783468	0.20363887	-0.43492734	0.27210203	-0.085346304	0.08493261	-0.23640323	1.0	-0.6388915	0.14082511	-0.17081548	0.178809	-0.34410682	0.25354317	-0.114596106	0.07766827	-0.16114996	0.210222	-0.2317938	0.1387924	-0.092132345
0.14503896	-0.21054478	0.21025828	-0.098278366	0.11784711	-0.19796185	0.25597224	-0.35632604	0.09263476	-0.09333294	0.16787754	-0.6388915	0.9999998	-0.18965134	0.17544225	-0.15627757	0.2474676	-0.45341703	0.13184953	-0.08648708	0.14397383	-0.22604437	0.23930003	-0.1597339	0.09836206
-0.0756389	0.10278224	-0.13439073	0.10088071	-0.12131637	0.10195877	-0.10322689	0.13262203	-0.3198506	0.22908302	-0.09100454	0.14082511	-0.18965134	0.99999976	-0.59088737	0.080106564	-0.11148194	0.13833983	-0.5599357	0.23381403	-0.12285286	0.102787696	-0.12585357	0.30329373	-0.2557009
0.09728971	-0.13562587	0.15486929	-0.116791636	0.13267525	-0.13823636	0.12599605	-0.16550998	0.21806891	-0.27900606	0.11484889	-0.17081548	0.17544225	-0.59088737	0.9999998	-0.1041675	0.13309667	-0.16620207	0.3113868	-0.3183381	0.16417359	-0.13345686	0.15027457	-0.4829756	0.25099435
-0.110534266	0.1137881	-0.12341518	0.058380436	-0.074191704	0.14857173	-0.12259156	0.12235378	-0.04873888	0.050741352	-0.82672155	0.178809	-0.15627757	0.080106564	-0.1041675	0.9999999	-0.26164526	0.14176497	-0.06673825	0.0481593	-0.3523201	0.1608955	-0.12870371	0.091290355	-0.05674641
0.10200221	-0.1365545	0.1368473	-0.06602702	0.0813199	-0.1404101	0.1564648	-0.16675766	0.06176328	-0.063650385	0.20292804	-0.34410682	0.2474676	-0.11148194	0.13309667	-0.26164526	1.0	-0.41193384	0.1020078	-0.06869967	0.15055166	-0.6932538	0.30210778	-0.14107728	0.08093376
-0.09554972	0.12550345	-0.14399247	0.06971415	-0.0870114	0.12516429	-0.1485795	0.16859587	-0.072509855	0.07287788	-0.15570632	0.25354317	-0.45341703	0.13833983	-0.16620207	0.14176497	-0.41193384	0.99999994	-0.14933598	0.08867445	-0.13246806	0.2963249	-0.6599714	0.17288172	-0.106563136
0.058737025	-0.0801932	0.09753636	-0.06903909	0.0815514	-0.080334984	0.0798713	-0.1018199	0.14750105	-0.15290898	0.074031025	-0.114596106	0.13184953	-0.5599357	0.3113868	-0.06673825	0.1020078	-0.14933598	1.0000005	-0.42479455	0.09581597	-0.10212784	0.132429	-0.58904725	0.28663233
-0.04288193	0.05819218	-0.071142524	0.04900807	-0.05867313	0.058923885	-0.056544144	0.072080985	-0.09523892	0.09957821	-0.053815834	0.07766827	-0.08648708	0.23381403	-0.3183381	0.0481593	-0.06869967	0.08867445	-0.42479455	1.0000004	-0.07409515	0.06751001	-0.084560096	0.29313228	-0.79827034
0.110844046	-0.13814683	0.15066402	-0.079712436	0.09965118	-0.16167286	0.12545024	-0.14974773	0.07153104	-0.07783607	0.24709474	-0.16114996	0.14397383	-0.12285286	0.16417359	-0.3523201	0.15055166	-0.13246806	0.09581597	-0.07409515	1.0000004	-0.13579294	0.117159955	-0.14430745	0.08532844
-0.082470395	0.105536334	-0.119001895	0.05774516	-0.072499886	0.10869828	-0.123146355	0.13116573	-0.0570003	0.057979446	-0.17006306	0.210222	-0.22604437	0.102787696	-0.13345686	0.1608955	-0.6932538	0.2963249	-0.10212784	0.06751001	-0.13579294	1.0000004	-0.5637373	0.13853316	-0.08346037
0.08480451	-0.11548871	0.120617196	-0.06064149	0.07437969	-0.11633358	0.12703662	-0.14942159	0.064731725	-0.06645619	0.13024288	-0.2317938	0.23930003	-0.12585357	0.15027457	-0.12870371	0.30210778	-0.6599714	0.132429	-0.084560096	0.117159955	-0.5637373	1.0000004	-0.21898083	0.10231447
-0.07657217	0.10119866	-0.1292236	0.08179808	-0.10158881	0.10243006	-0.101613015	0.12500155	-0.14435999	0.14110057	-0.10358746	0.1387924	-0.1597339	0.30329373	-0.4829756	0.091290355	-0.14107728	0.17288172	-0.58904725	0.29313228	-0.14430745	0.13853316	-0.21898083	1.0000004	-0.44459906
0.05000454	-0.0681964	0.080453575	-0.05464578	0.0648117	-0.069445066	0.06601896	-0.08415335	0.09927303	-0.110071994	0.0626892	-0.092132345	0.09836206	-0.2557009	0.25099435	-0.05674641	0.08093376	-0.106563136	0.28663233	-0.79827034	0.08532844	-0.08346037	0.10231447	-0.44459906	1.0000004
