0.99999994	-0.54097325	0.14260046	-0.14195819	0.10332422	-0.74236584	0.31305942	-0.1800878	0.12026638	-0.08354753	0.09704525	-0.09586003	0.10861994	-0.08487128	0.08173161	-0.08101435	0.062513486	-0.061772488	0.09491522	-0.055219755	0.06444905	-0.058747955	0.060689863	-0.07183907	0.046227302
-0.54097325	0.99999976	-0.30572602	0.21285674	-0.18373919	0.30852085	-0.60272133	0.25295287	-0.2070565	0.13482048	-0.131334	0.13399799	-0.16801065	0.13371742	-0.12847301	0.10502164	-0.093074456	0.08947959	-0.15961681	0.08086279	-0.09446902	0.08310492	-0.09054355	0.10296773	-0.069085695
0.14260046	-0.30572602	0.9999997	-0.8254357	0.20172009	-0.1201272	0.1907233	-0.3294429	0.20176053	-0.16708913	0.089821875	-0.10069083	0.13252513	-0.1224552	0.10174768	-0.07843253	0.069323085	-0.07001722	0.12708175	-0.066107735	0.06865779	-0.0631972	0.06901466	-0.0832747	0.054635335
-0.14195819	0.21285674	-0.8254357	0.9999996	-0.30838662	0.11228815	-0.18862504	0.24528348	-0.256387	0.19014192	-0.094874345	0.09976532	-0.13683996	0.13537244	-0.11395248	0.08024389	-0.07403819	0.07364802	-0.14955796	0.0706051	-0.07345007	0.06624444	-0.07422552	0.08768477	-0.058992416
0.10332422	-0.18373919	0.20172009	-0.30838662	0.9999995	-0.10217574	0.14755663	-0.29226273	0.2911657	-0.7760663	0.104641266	-0.116952896	0.14494385	-0.19091183	0.16375576	-0.09881737	0.08787635	-0.09294528	0.16658029	-0.10171377	0.08618047	-0.08249618	0.09195277	-0.12035385	0.07971656
-0.74236584	0.30852085	-0.1201272	0.11228815	-0.10217574	0.9999997	-0.54805183	0.17616974	-0.12464786	0.07959178	-0.11323435	0.1026718	-0.11723871	0.08453899	-0.079540305	0.08369655	-0.06453117	0.062101487	-0.097488046	0.053541686	-0.0670672	0.0595455	-0.061310638	0.07024637	-0.045415208
0.31305942	-0.60272133	0.1907233	-0.18862504	0.14755663	-0.54805183	0.9999997	-0.3757072	0.18517555	-0.122745834	0.1332109	-0.16376923	0.17322242	-0.12694646	0.11325595	-0.11164085	0.09050681	-0.089346014	0.13769534	-0.077454515	0.09066822	-0.08321698	0.086072214	-0.10150975	0.064823434
-0.1800878	0.25295287	-0.3294429	0.24528348	-0.29226273	0.17616974	-0.3757072	0.99999946	-0.5183876	0.22730356	-0.18791033	0.21213368	-0.38287717	0.23375663	-0.17548938	0.1504035	-0.13798691	0.13515453	-0.26229605	0.115991585	-0.13483077	0.120547935	-0.13211484	0.15013745	-0.098450296
0.12026638	-0.2070565	0.20176053	-0.256387	0.2911657	-0.12464786	0.18517555	-0.5183876	0.9999994	-0.48279065	0.13406731	-0.15733546	0.20299475	-0.43098506	0.17204323	-0.12494628	0.11241191	-0.12006592	0.26206866	-0.118495405	0.10814987	-0.10374809	0.115309976	-0.14859284	0.09487774
-0.08354753	0.13482048	-0.16708913	0.19014192	-0.7760663	0.07959178	-0.122745834	0.22730356	-0.48279065	0.99999934	-0.08794129	0.0952972	-0.12553656	0.17947909	-0.16906609	0.07978284	-0.07439381	0.07752599	-0.1720687	0.08709025	-0.07229882	0.06792221	-0.077896886	0.09919794	-0.06864123
0.09704525	-0.131334	0.089821875	-0.094874345	0.104641266	-0.11323435	0.1332109	-0.18791033	0.13406731	-0.08794129	0.9999996	-0.51910144	0.27423474	-0.13902219	0.13808419	-0.6467895	0.19528522	-0.1862277	0.15053618	-0.12612045	0.25039217	-0.22866988	0.16595137	-0.19163734	0.10471691
-0.09586003	0.13399799	-0.10069083	0.09976532	-0.116952896	0.1026718	-0.16376923	0.21213368	-0.15733546	0.0952972	-0.51910144	0.9999996	-0.68732613	0.15230627	-0.12665907	0.25090563	-0.23516488	0.1799284	-0.17024957	0.10453622	-0.19289255	0.17009518	-0.15261734	0.1551852	-0.09018198
0.10861994	-0.16801065	0.13252513	-0.13683996	0.14494385	-0.11723871	0.17322242	-0.38287717	0.20299475	-0.12553656	0.27423474	-0.68732613	0.99999934	-0.23243788	0.15724199	-0.2630038	0.19753689	-0.21963985	0.20464642	-0.13562296	0.17822069	-0.18053026	0.16827938	-0.19903333	0.11162177
-0.08487128	0.13371742	-0.1224552	0.13537244	-0.19091183	0.08453899	-0.12694646	0.23375663	-0.43098506	0.17947909	-0.13902219	0.15230627	-0.23243788	0.9999994	-0.19167115	0.122929566	-0.13105866	0.14048596	-0.7663138	0.13088766	-0.11761349	0.11085685	-0.13596182	0.16545814	-0.11020928
0.08173161	-0.12847301	0.10174768	-0.11395248	0.16375576	-0.079540305	0.11325595	-0.17548938	0.17204323	-0.16906609	0.13808419	-0.12665907	0.15724199	-0.19167115	0.9999994	-0.12990907	0.13641363	-0.14407381	0.20056076	-0.37874112	0.13502994	-0.12817289	0.16793105	-0.25052503	0.22435305
-0.08101435	0.10502164	-0.07843253	0.08024389	-0.09881737	0.08369655	-0.11164085	0.1504035	-0.12494628	0.07978284	-0.6467895	0.25090563	-0.2630038	0.122929566	-0.12990907	0.99999964	-0.23688513	0.18204655	-0.15011932	0.11072319	-0.53173155	0.25236502	-0.18809259	0.17115623	-0.099391975
0.062513486	-0.093074456	0.069323085	-0.07403819	0.08787635	-0.06453117	0.09050681	-0.13798691	0.11241191	-0.07439381	0.19528522	-0.23516488	0.19753689	-0.13105866	0.13641363	-0.23688513	0.99999946	-0.667502	0.15678357	-0.14047357	0.25774226	-0.5012322	0.2896772	-0.25394428	0.12427134
-0.061772488	0.08947959	-0.07001722	0.07364802	-0.09294528	0.062101487	-0.089346014	0.13515453	-0.12006592	0.07752599	-0.1862277	0.1799284	-0.21963985	0.14048596	-0.14407381	0.18204655	-0.667502	0.9999996	-0.19953386	0.13706002	-0.24028495	0.2762648	-0.53407747	0.25199872	-0.13743392
0.09491522	-0.15961681	0.12708175	-0.14955796	0.16658029	-0.097488046	0.13769534	-0.26229605	0.26206866	-0.1720687	0.15053618	-0.17024957	0.20464642	-0.7663138	0.20056076	-0.15011932	0.15678357	-0.19953386	0.99999946	-0.1855636	0.13732037	-0.14070767	0.1718849	-0.24956362	0.14438933
-0.055219755	0.08086279	-0.066107735	0.0706051	-0.10171377	0.053541686	-0.077454515	0.115991585	-0.118495405	0.08709025	-0.12612045	0.10453622	-0.13562296	0.13088766	-0.37874112	0.11072319	-0.14047357	0.13706002	-0.1855636	0.9999997	-0.13782427	0.12212293	-0.21093322	0.2697693	-0.7843337
0.06444905	-0.09446902	0.06865779	-0.07345007	0.08618047	-0.0670672	0.09066822	-0.13483077	0.10814987	-0.07229882	0.25039217	-0.19289255	0.17822069	-0.11761349	0.13502994	-0.53173155	0.25774226	-0.24028495	0.13732037	-0.13782427	0.99999964	-0.6439934	0.2249347	-0.23513928	0.117113575
-0.058747955	0.08310492	-0.0631972	0.06624444	-0.08249618	0.0595455	-0.08321698	0.120547935	-0.10374809	0.06792221	-0.22866988	0.17009518	-0.18053026	0.11085685	-0.12817289	0.25236502	-0.5012322	0.2762648	-0.14070767	0.12212293	-0.6439934	0.9999998	-0.36169577	0.21711148	-0.11649264
0.060689863	-0.09054355	0.06901466	-0.07422552	0.09195277	-0.061310638	0.086072214	-0.13211484	0.115309976	-0.077896886	0.16595137	-0.15261734	0.16827938	-0.13596182	0.16793105	-0.18809259	0.2896772	-0.53407747	0.1718849	-0.21093322	0.2249347	-0.36169577	0.99999994	-0.5913327	0.19772646
-0.07183907	0.10296773	-0.0832747	0.08768477	-0.12035385	0.07024637	-0.10150975	0.15013745	-0.14859284	0.09919794	-0.19163734	0.1551852	-0.19903333	0.16545814	-0.25052503	0.17115623	-0.25394428	0.25199872	-0.24956362	0.2697693	-0.23513928	0.21711148	-0.5913327	0.99999994	-0.45997238
0.046227302	-0.069085695	0.054635335	-0.058992416	0.07971656	-0.045415208	0.064823434	-0.098450296	0.09487774	-0.06864123	0.10471691	-0.09018198	0.11162177	-0.11020928	0.22435305	-0.099391975	0.12427134	-0.13743392	0.14438933	-0.7843337	0.117113575	-0.11649264	0.19772646	-0.45997238	0.99999994
