1.0	-0.91374457	0.09517482	-0.08532119	0.07460784	-0.30820766	0.19719772	-0.094998576	0.07803	-0.054112207	0.0986872	-0.09420996	0.08814012	-0.066505924	0.06118531	-0.05072154	0.062225215	-0.06860165	0.05031187	-0.04008356	0.05110187	-0.04702683	0.05397819	-0.04759211	0.048789464
-0.91374457	0.99999994	-0.121971555	0.098520786	-0.09296752	0.22661269	-0.24135397	0.11056578	-0.09647093	0.06606972	-0.12483228	0.11022104	-0.1088996	0.08034822	-0.075689256	0.061956953	-0.07651036	0.08238334	-0.061660063	0.049180456	-0.06337164	0.057325423	-0.066666886	0.05792074	-0.060396854
0.09517482	-0.121971555	0.9999999	-0.6948621	0.24338849	-0.15330018	0.15008329	-0.5562834	0.2611539	-0.18633646	0.15636213	-0.14804062	0.18462369	-0.17658953	0.16204627	-0.09394032	0.113358214	-0.15086469	0.116617076	-0.10172035	0.09617844	-0.09301649	0.11148416	-0.11035964	0.11673403
-0.08532119	0.098520786	-0.6948621	0.99999994	-0.4461631	0.1314387	-0.13837478	0.3021307	-0.34315425	0.23422112	-0.18500029	0.15211041	-0.2034213	0.19785404	-0.21306145	0.10636667	-0.12919278	0.16400945	-0.1390102	0.12542456	-0.11323225	0.10623379	-0.13302827	0.12814623	-0.14956479
0.07460784	-0.09296752	0.24338849	-0.4461631	0.99999994	-0.1445726	0.13593528	-0.2995159	0.3050338	-0.61689734	0.19037847	-0.17081231	0.20859466	-0.27361867	0.26917335	-0.12270299	0.14603409	-0.2088472	0.1682429	-0.16903484	0.12598586	-0.12564893	0.15149695	-0.16445522	0.17110528
-0.30820766	0.22661269	-0.15330018	0.1314387	-0.1445726	0.9999998	-0.81593513	0.18489508	-0.1598847	0.10472683	-0.22695953	0.22020268	-0.20016494	0.13340339	-0.12250758	0.10707532	-0.13688804	0.13886634	-0.10172329	0.07962184	-0.10687075	0.09733746	-0.110123135	0.095115766	-0.097339004
0.19719772	-0.24135397	0.15008329	-0.13837478	0.13593528	-0.81593513	1.0000001	-0.24208619	0.1558455	-0.1040454	0.20437416	-0.31813377	0.19688906	-0.13769978	0.11797341	-0.10780641	0.13567528	-0.14488335	0.10028066	-0.078134984	0.102425165	-0.09838803	0.10649708	-0.095201395	0.09346598
-0.094998576	0.11056578	-0.5562834	0.3021307	-0.2995159	0.18489508	-0.24208619	1.0000001	-0.55298483	0.23554422	-0.19779202	0.1908899	-0.30154818	0.22261022	-0.21173485	0.112987585	-0.14027967	0.17900918	-0.14422882	0.124575675	-0.11585138	0.11116078	-0.13407387	0.13129053	-0.14443563
0.07803	-0.09647093	0.2611539	-0.34315425	0.3050338	-0.1598847	0.1558455	-0.55298483	1.0000002	-0.51640284	0.18468826	-0.17710587	0.22876972	-0.3297416	0.26100817	-0.11646187	0.14088853	-0.19833037	0.16613826	-0.15575995	0.11863882	-0.118496224	0.14278492	-0.1552293	0.16255233
-0.054112207	0.06606972	-0.18633646	0.23422112	-0.61689734	0.10472683	-0.1040454	0.23554422	-0.51640284	1.0000002	-0.1457792	0.13157767	-0.17622936	0.24846874	-0.4491191	0.0928295	-0.112966456	0.15933406	-0.14915963	0.16715404	-0.09611489	0.09657346	-0.1199706	0.13514629	-0.17085017
0.0986872	-0.12483228	0.15636213	-0.18500029	0.19037847	-0.22695953	0.20437416	-0.19779202	0.18468826	-0.1457792	1.0000002	-0.5562844	0.29419747	-0.24265301	0.18981768	-0.37550566	0.27922422	-0.3187325	0.19058236	-0.13959138	0.24618806	-0.22948436	0.21696986	-0.19387394	0.166216
-0.09420996	0.11022104	-0.14804062	0.15211041	-0.17081231	0.22020268	-0.31813377	0.1908899	-0.17710587	0.13157767	-0.5562844	1.0000004	-0.552118	0.22458361	-0.17972927	0.21549919	-0.34750038	0.2606877	-0.16971168	0.12194184	-0.19473305	0.18664135	-0.18813874	0.15864262	-0.14706185
0.08814012	-0.1088996	0.18462369	-0.2034213	0.20859466	-0.20016494	0.19688906	-0.30154818	0.22876972	-0.17622936	0.29419747	-0.552118	1.0000001	-0.45410982	0.23637481	-0.19012845	0.24105778	-0.38257572	0.22010142	-0.16088857	0.17641558	-0.18247835	0.199778	-0.19976828	0.18070008
-0.066505924	0.08034822	-0.17658953	0.19785404	-0.27361867	0.13340339	-0.13769978	0.22261022	-0.3297416	0.24846874	-0.24265301	0.22458361	-0.45410982	0.99999994	-0.54818726	0.1490614	-0.19127156	0.2627224	-0.373698	0.24219503	-0.15614507	0.15750676	-0.20653218	0.2357477	-0.27435285
0.06118531	-0.075689256	0.16204627	-0.21306145	0.26917335	-0.12250758	0.11797341	-0.21173485	0.26100817	-0.4491191	0.18981768	-0.17972927	0.23637481	-0.54818726	1.0	-0.12958089	0.1579773	-0.24111028	0.24322012	-0.42405823	0.13242288	-0.13975638	0.17269295	-0.22480388	0.27035654
-0.05072154	0.061956953	-0.09394032	0.10636667	-0.12270299	0.10707532	-0.10780641	0.112987585	-0.11646187	0.0928295	-0.37550566	0.21549919	-0.19012845	0.1490614	-0.12958089	1.0000002	-0.4783861	0.2468261	-0.1549238	0.1014111	-0.692545	0.28548628	-0.23885375	0.15999852	-0.12586854
0.062225215	-0.07651036	0.113358214	-0.12919278	0.14603409	-0.13688804	0.13567528	-0.14027967	0.14088853	-0.112966456	0.27922422	-0.34750038	0.24105778	-0.19127156	0.1579773	-0.4783861	1.0000002	-0.49231112	0.20347102	-0.12851495	0.3037352	-0.48073164	0.2729855	-0.21520884	0.15349407
-0.06860165	0.08238334	-0.15086469	0.16400945	-0.2088472	0.13886634	-0.14488335	0.17900918	-0.19833037	0.15933406	-0.3187325	0.2606877	-0.38257572	0.2627224	-0.24111028	0.2468261	-0.49231112	1.0000001	-0.43078685	0.19767998	-0.2740231	0.26680836	-0.36721626	0.27709335	-0.2466849
0.05031187	-0.061660063	0.116617076	-0.1390102	0.1682429	-0.10172329	0.10028066	-0.14422882	0.16613826	-0.14915963	0.19058236	-0.16971168	0.22010142	-0.373698	0.24322012	-0.1549238	0.20347102	-0.43078685	1.0000001	-0.35409924	0.16114801	-0.19585857	0.2621199	-0.62930036	0.2785158
-0.04008356	0.049180456	-0.10172035	0.12542456	-0.16903484	0.07962184	-0.078134984	0.124575675	-0.15575995	0.16715404	-0.13959138	0.12194184	-0.16088857	0.24219503	-0.42405823	0.1014111	-0.12851495	0.19767998	-0.35409924	0.9999998	-0.10759403	0.118331686	-0.16267708	0.24274899	-0.75528806
0.05110187	-0.06337164	0.09617844	-0.11323225	0.12598586	-0.10687075	0.102425165	-0.11585138	0.11863882	-0.09611489	0.24618806	-0.19473305	0.17641558	-0.15614507	0.13242288	-0.692545	0.3037352	-0.2740231	0.16114801	-0.10759403	0.9999994	-0.4935581	0.2513707	-0.18894415	0.1302969
-0.04702683	0.057325423	-0.09301649	0.10623379	-0.12564893	0.09733746	-0.09838803	0.11116078	-0.118496224	0.09657346	-0.22948436	0.18664135	-0.18247835	0.15750676	-0.13975638	0.28548628	-0.48073164	0.26680836	-0.19585857	0.118331686	-0.4935581	0.99999917	-0.58449423	0.22400104	-0.15022467
0.05397819	-0.066666886	0.11148416	-0.13302827	0.15149695	-0.110123135	0.10649708	-0.13407387	0.14278492	-0.1199706	0.21696986	-0.18813874	0.199778	-0.20653218	0.17269295	-0.23885375	0.2729855	-0.36721626	0.2621199	-0.16267708	0.2513707	-0.58449423	0.9999991	-0.50008523	0.19348834
-0.04759211	0.05792074	-0.11035964	0.12814623	-0.16445522	0.095115766	-0.095201395	0.13129053	-0.1552293	0.13514629	-0.19387394	0.15864262	-0.19976828	0.2357477	-0.22480388	0.15999852	-0.21520884	0.27709335	-0.62930036	0.24274899	-0.18894415	0.22400104	-0.50008523	0.99999905	-0.3575998
0.048789464	-0.060396854	0.11673403	-0.14956479	0.17110528	-0.097339004	0.09346598	-0.14443563	0.16255233	-0.17085017	0.166216	-0.14706185	0.18070008	-0.27435285	0.27035654	-0.12586854	0.15349407	-0.2466849	0.2785158	-0.75528806	0.1302969	-0.15022467	0.19348834	-0.3575998	0.99999905
