1.0000001	-0.39527756	0.18401003	-0.14200982	0.16834328	-0.7148963	0.25923976	-0.19089715	0.15996875	-0.16170728	0.28244397	-0.2595485	0.18802613	-0.16253902	0.17407018	-0.3185075	0.14882289	-0.1414382	0.14437813	-0.15601161	0.14680679	-0.17994392	0.13973415	-0.13405795	0.16137087
-0.39527756	1.0000002	-0.3488101	0.19756123	-0.20546065	0.25200814	-0.7046387	0.26897344	-0.22682299	0.17597829	-0.2323478	0.23312795	-0.22185181	0.1795445	-0.18864775	0.20442021	-0.14102295	0.14376578	-0.15268295	0.15252444	-0.106460564	0.14954515	-0.14046726	0.12746863	-0.15801162
0.18401003	-0.3488101	1.0	-0.6220532	0.26281622	-0.17346458	0.24677095	-0.47372544	0.3132352	-0.26689336	0.16722812	-0.19040957	0.23228838	-0.2333655	0.20654811	-0.22480118	0.12481923	-0.15809168	0.16545297	-0.17792022	0.110875316	-0.14574128	0.14196582	-0.13940531	0.15903343
-0.14200982	0.19756123	-0.6220532	0.9999999	-0.42010605	0.12797363	-0.18325649	0.28315175	-0.5369627	0.25678122	-0.13222893	0.14529248	-0.20242544	0.21386136	-0.19918099	0.17119303	-0.10045341	0.131523	-0.14973716	0.15160416	-0.08649971	0.11440636	-0.12109098	0.1157806	-0.13678174
0.16834328	-0.20546065	0.26281622	-0.42010605	0.99999994	-0.16024618	0.17644368	-0.24150732	0.26829073	-0.689424	0.16415495	-0.17806509	0.20752834	-0.23373267	0.27181828	-0.27549067	0.12543169	-0.15880616	0.17613406	-0.21749471	0.13690212	-0.15063308	0.15146753	-0.15410975	0.18390106
-0.7148963	0.25200814	-0.17346458	0.12797363	-0.16024618	0.9999998	-0.29259652	0.17499179	-0.15314339	0.14220162	-0.4869318	0.2516195	-0.18902475	0.14970951	-0.16665804	0.23563	-0.14588946	0.13195813	-0.13708834	0.13951358	-0.12259566	0.1566373	-0.13348055	0.12076087	-0.15331998
0.25923976	-0.7046387	0.24677095	-0.18325649	0.17644368	-0.29259652	0.9999999	-0.40265542	0.21208085	-0.17001706	0.23099414	-0.33717662	0.22472952	-0.18364187	0.17377208	-0.20855168	0.1518048	-0.14838058	0.14823039	-0.15026553	0.10315982	-0.16734079	0.13653833	-0.12661247	0.14789331
-0.19089715	0.26897344	-0.47372544	0.28315175	-0.24150732	0.17499179	-0.40265542	0.9999999	-0.5131625	0.22125338	-0.18692888	0.21538879	-0.42585617	0.26449963	-0.22675012	0.19893356	-0.14114492	0.18706743	-0.19588003	0.18116102	-0.101213165	0.15262035	-0.16431926	0.14760359	-0.17061362
0.15996875	-0.22682299	0.3132352	-0.5369627	0.26829073	-0.15314339	0.21208085	-0.5131625	0.9999997	-0.32203206	0.15719324	-0.18278724	0.2650177	-0.41098148	0.24251729	-0.20399179	0.12471873	-0.17538771	0.19617297	-0.19493446	0.101817854	-0.14365989	0.1505827	-0.14735927	0.16550675
-0.16170728	0.17597829	-0.26689336	0.25678122	-0.689424	0.14220162	-0.17001706	0.22125338	-0.32203206	0.9999992	-0.15448657	0.16243732	-0.2232103	0.24224646	-0.46539113	0.21041569	-0.12068495	0.1602696	-0.19231786	0.22124127	-0.1105303	0.13743134	-0.15975502	0.15305893	-0.20342796
0.28244397	-0.2323478	0.16722812	-0.13222893	0.16415495	-0.4869318	0.23099414	-0.18692888	0.15719324	-0.15448657	0.9999992	-0.607485	0.22336233	-0.1777333	0.18077853	-0.3803885	0.21352594	-0.16710684	0.1594103	-0.1630278	0.1486399	-0.24925627	0.15822838	-0.14585377	0.17144805
-0.2595485	0.23312795	-0.19040957	0.14529248	-0.17806509	0.2516195	-0.33717662	0.21538879	-0.18278724	0.16243732	-0.607485	0.9999992	-0.35700202	0.20406407	-0.20439751	0.24087258	-0.39046562	0.20267102	-0.19125645	0.17523448	-0.12388769	0.26486874	-0.19003391	0.15805462	-0.18824844
0.18802613	-0.22185181	0.23228838	-0.20242544	0.20752834	-0.18902475	0.22472952	-0.42585617	0.2650177	-0.2232103	0.22336233	-0.35700202	0.9999992	-0.50330275	0.26428473	-0.25393572	0.20210417	-0.41398376	0.28158864	-0.25449425	0.1237483	-0.22555724	0.23524725	-0.22009544	0.21673214
-0.16253902	0.1795445	-0.2333655	0.21386136	-0.23373267	0.14970951	-0.18364187	0.26449963	-0.41098148	0.24224646	-0.1777333	0.20406407	-0.50330275	0.9999994	-0.4704574	0.20921095	-0.15662768	0.25882277	-0.43221384	0.27094367	-0.10673016	0.16933143	-0.21473807	0.19604896	-0.22197981
0.17407018	-0.18864775	0.20654811	-0.19918099	0.27181828	-0.16665804	0.17377208	-0.22675012	0.24251729	-0.46539113	0.18077853	-0.20439751	0.26428473	-0.4704574	0.99999934	-0.29241002	0.15292318	-0.22368197	0.27131382	-0.48689076	0.14449194	-0.18349014	0.20196627	-0.21601367	0.25740862
-0.3185075	0.20442021	-0.22480118	0.17119303	-0.27549067	0.23563	-0.20855168	0.19893356	-0.20399179	0.21041569	-0.3803885	0.24087258	-0.25393572	0.20921095	-0.29241002	0.99999946	-0.17234598	0.18481477	-0.20834292	0.2164306	-0.4990133	0.18255693	-0.21101007	0.18738624	-0.29741687
0.14882289	-0.14102295	0.12481923	-0.10045341	0.12543169	-0.14588946	0.1518048	-0.14114492	0.12471873	-0.12068495	0.21352594	-0.39046562	0.20210417	-0.15662768	0.15292318	-0.17234598	0.99999946	-0.27756938	0.18023007	-0.15723175	0.08829781	-0.80265987	0.2052886	-0.16172062	0.16149694
-0.1414382	0.14376578	-0.15809168	0.131523	-0.15880616	0.13195813	-0.14838058	0.18706743	-0.17538771	0.1602696	-0.16710684	0.20267102	-0.41398376	0.25882277	-0.22368197	0.18481477	-0.27756938	0.9999995	-0.55307937	0.2553869	-0.0948191	0.23217721	-0.5254854	0.26955718	-0.25109112
0.14437813	-0.15268295	0.16545297	-0.14973716	0.17613406	-0.13708834	0.14823039	-0.19588003	0.19617297	-0.19231786	0.1594103	-0.19125645	0.28158864	-0.43221384	0.27131382	-0.20834292	0.18023007	-0.55307937	0.9999996	-0.4880317	0.10496617	-0.20564874	0.2790471	-0.3186644	0.26807278
-0.15601161	0.15252444	-0.17792022	0.15160416	-0.21749471	0.13951358	-0.15026553	0.18116102	-0.19493446	0.22124127	-0.1630278	0.17523448	-0.25449425	0.27094367	-0.48689076	0.2164306	-0.15723175	0.2553869	-0.4880317	0.9999997	-0.11383623	0.17313132	-0.27522933	0.26924953	-0.5319997
0.14680679	-0.106460564	0.110875316	-0.08649971	0.13690212	-0.12259566	0.10315982	-0.101213165	0.101817854	-0.1105303	0.1486399	-0.12388769	0.1237483	-0.10673016	0.14449194	-0.4990133	0.08829781	-0.0948191	0.10496617	-0.11383623	0.99999994	-0.10237003	0.10583443	-0.098390006	0.14910722
-0.17994392	0.14954515	-0.14574128	0.11440636	-0.15063308	0.1566373	-0.16734079	0.15262035	-0.14365989	0.13743134	-0.24925627	0.26486874	-0.22555724	0.16933143	-0.18349014	0.18255693	-0.80265987	0.23217721	-0.20564874	0.17313132	-0.10237003	0.99999994	-0.2781759	0.18116347	-0.20312272
0.13973415	-0.14046726	0.14196582	-0.12109098	0.15146753	-0.13348055	0.13653833	-0.16431926	0.1505827	-0.15975502	0.15822838	-0.19003391	0.23524725	-0.21473807	0.20196627	-0.21101007	0.2052886	-0.5254854	0.2790471	-0.27522933	0.10583443	-0.2781759	0.9999998	-0.62308514	0.28310433
-0.13405795	0.12746863	-0.13940531	0.1157806	-0.15410975	0.12076087	-0.12661247	0.14760359	-0.14735927	0.15305893	-0.14585377	0.15805462	-0.22009544	0.19604896	-0.21601367	0.18738624	-0.16172062	0.26955718	-0.3186644	0.26924953	-0.098390006	0.18116347	-0.62308514	0.99999976	-0.5793819
0.16137087	-0.15801162	0.15903343	-0.13678174	0.18390106	-0.15331998	0.14789331	-0.17061362	0.16550675	-0.20342796	0.17144805	-0.18824844	0.21673214	-0.22197981	0.25740862	-0.29741687	0.16149694	-0.25109112	0.26807278	-0.5319997	0.14910722	-0.20312272	0.28310433	-0.5793819	0.99999976
