1.0	-0.1355837	0.08132192	-0.062476505	0.03521395	-0.95638907	0.14253022	-0.0750027	0.052037306	-0.033000063	0.13061781	-0.11658332	0.08315549	-0.049799576	0.05293157	-0.12873995	0.06501007	-0.07079179	0.036533367	-0.02874887	0.06566856	-0.0288397	0.025030617	-0.037326124	0.03456668	-0.08320982	0.02332779	-0.019776402	0.012954145	-0.014627293
-0.1355837	1.0000004	-0.6341939	0.23923108	-0.15280356	0.11780043	-0.49120283	0.29629704	-0.22213526	0.13245307	-0.11780639	0.26178962	-0.33866534	0.19053355	-0.22545667	0.10628837	-0.16619688	0.16479544	-0.13757104	0.111756526	-0.0826553	0.05663531	-0.059625804	0.13018976	-0.14019313	0.09366397	-0.046354048	0.045090895	-0.03562327	0.039547578
0.08132192	-0.6341939	1.0000001	-0.3724776	0.15320171	-0.07883167	0.2605053	-0.53388625	0.247989	-0.14816962	0.09223326	-0.22801915	0.273854	-0.18154337	0.1765973	-0.08943644	0.13049673	-0.15014257	0.117425874	-0.09246055	0.06659696	-0.047816224	0.0494162	-0.11702691	0.10837337	-0.08070021	0.038445912	-0.038079776	0.029366393	-0.033035744
-0.062476505	0.23923108	-0.3724776	1.0000001	-0.39235005	0.05835699	-0.21090144	0.28056327	-0.6423508	0.27172208	-0.076332405	0.17220774	-0.2710292	0.24397284	-0.27918547	0.07108822	-0.11830152	0.12620239	-0.16430774	0.12893793	-0.058244698	0.047582306	-0.05412838	0.14772177	-0.1588357	0.06752678	-0.03904268	0.04102301	-0.035436157	0.039270565
0.03521395	-0.15280356	0.15320171	-0.39235005	0.9999999	-0.03377607	0.112032905	-0.1675301	0.2705187	-0.84830445	0.045048542	-0.102849536	0.14081298	-0.15119515	0.14651519	-0.043296255	0.06811479	-0.07814371	0.092154294	-0.0749537	0.035348777	-0.028950375	0.032066237	-0.09391809	0.083498485	-0.042495485	0.023385622	-0.024756417	0.020572592	-0.023157004
-0.95638907	0.11780043	-0.07883167	0.05835699	-0.03377607	0.9999999	-0.16412891	0.07149637	-0.049984753	0.031355023	-0.14931285	0.111664906	-0.082104	0.04775639	-0.051524986	0.11734477	-0.06283912	0.06558503	-0.03500392	0.027677173	-0.061939843	0.026532998	-0.023420697	0.03538679	-0.033568088	0.07357165	-0.021570118	0.01834461	-0.012164536	0.013688895
0.14253022	-0.49120283	0.2605053	-0.21090144	0.112032905	-0.16412891	0.9999998	-0.3246621	0.1761528	-0.10911679	0.16313452	-0.6383888	0.2896226	-0.16409634	0.16059464	-0.1614066	0.20284535	-0.23088159	0.112415016	-0.085935466	0.098274946	-0.06376926	0.060777575	-0.11371493	0.10106136	-0.12104321	0.050661	-0.047054976	0.032744512	-0.03704225
-0.0750027	0.29629704	-0.53388625	0.28056327	-0.1675301	0.07149637	-0.3246621	1.0	-0.40689233	0.16046034	-0.092391856	0.2427357	-0.5452499	0.2191352	-0.20683093	0.086190656	-0.14093593	0.15213408	-0.1354678	0.100571	-0.06288646	0.04732203	-0.050101575	0.12573291	-0.11857796	0.07413887	-0.03825152	0.03827908	-0.030263066	0.03388013
0.052037306	-0.22213526	0.247989	-0.6423508	0.2705187	-0.049984753	0.1761528	-0.40689233	0.9999999	-0.3923932	0.06673316	-0.16216938	0.24401127	-0.34103298	0.22742155	-0.06381636	0.10238468	-0.11668406	0.15309371	-0.11242892	0.049992777	-0.041533854	0.04659962	-0.14586593	0.12617216	-0.059725963	0.03358195	-0.035923377	0.030230427	-0.03397614
-0.033000063	0.13245307	-0.14816962	0.27172208	-0.84830445	0.031355023	-0.10911679	0.16046034	-0.3923932	0.99999964	-0.04201971	0.0962025	-0.1448854	0.15258704	-0.16542058	0.039849646	-0.06456929	0.07206044	-0.09511009	0.0763212	-0.032506417	0.027100304	-0.030671613	0.090770155	-0.08709165	0.03852758	-0.022034675	0.023511386	-0.020105634	0.0224836
0.13061781	-0.11780639	0.09223326	-0.076332405	0.045048542	-0.14931285	0.16313452	-0.092391856	0.06673316	-0.04201971	0.9999999	-0.24643052	0.12936655	-0.07053997	0.074890375	-0.860484	0.13082872	-0.12750062	0.053057656	-0.040577963	0.2207206	-0.06715131	0.05062303	-0.05346543	0.04894804	-0.27303636	0.055086233	-0.041210033	0.02411719	-0.027137436
-0.11658332	0.26178962	-0.22801915	0.17220774	-0.102849536	0.111664906	-0.6383888	0.2427357	-0.16216938	0.0962025	-0.24643052	0.99999994	-0.4650419	0.1706865	-0.17537846	0.17893602	-0.33366954	0.24415366	-0.11898971	0.08829232	-0.10675189	0.06834379	-0.064589426	0.11252187	-0.106350996	0.11972553	-0.05494291	0.048900705	-0.033672493	0.037675362
0.08315549	-0.33866534	0.273854	-0.2710292	0.14081298	-0.082104	0.2896226	-0.5452499	0.24401127	-0.1448854	0.12936655	-0.4650419	1.0	-0.35446492	0.22978902	-0.1265166	0.20224406	-0.2577811	0.16729146	-0.12141709	0.084269606	-0.06482043	0.06641649	-0.1663351	0.13493529	-0.102635905	0.05156275	-0.05128356	0.038401697	-0.043494083
-0.049799576	0.19053355	-0.18154337	0.24397284	-0.15119515	0.04775639	-0.16409634	0.2191352	-0.34103298	0.15258704	-0.07053997	0.1706865	-0.35446492	0.9999994	-0.6176313	0.06690059	-0.11779895	0.13400157	-0.43111342	0.21152796	-0.05372255	0.05199329	-0.06391066	0.26901388	-0.23707867	0.06384496	-0.04216442	0.049036734	-0.045657363	0.050767418
0.05293157	-0.22545667	0.1765973	-0.27918547	0.14651519	-0.051524986	0.16059464	-0.20683093	0.22742155	-0.16542058	0.074890375	-0.17537846	0.22978902	-0.6176313	0.99999946	-0.073557	0.11830179	-0.14425258	0.2624049	-0.4354192	0.0607279	-0.06129177	0.0738714	-0.32825252	0.27341628	-0.07471936	0.04889382	-0.058918092	0.05461042	-0.06311904
-0.12873995	0.10628837	-0.08943644	0.07108822	-0.043296255	0.11734477	-0.1614066	0.086190656	-0.06381636	0.039849646	-0.860484	0.17893602	-0.1265166	0.06690059	-0.073557	0.9999995	-0.13882665	0.117614016	-0.051019676	0.039105844	-0.32279915	0.062177934	-0.047917265	0.050513487	-0.047754195	0.23064956	-0.051779985	0.038093027	-0.022528008	0.025133932
0.06501007	-0.16619688	0.13049673	-0.11830152	0.06811479	-0.06283912	0.20284535	-0.14093593	0.10238468	-0.06456929	0.13082872	-0.33366954	0.20224406	-0.11779895	0.11830179	-0.13882665	0.9999992	-0.8620839	0.10455901	-0.06799488	0.08781452	-0.12222378	0.098680235	-0.10412823	0.07976031	-0.09914545	0.087661274	-0.074433476	0.04078605	-0.046332583
-0.07079179	0.16479544	-0.15014257	0.12620239	-0.07814371	0.06558503	-0.23088159	0.15213408	-0.11668406	0.07206044	-0.12750062	0.24415366	-0.2577811	0.13400157	-0.14425258	0.117614016	-0.8620839	0.99999905	-0.13030934	0.07914862	-0.08865124	0.10958422	-0.11479088	0.115379624	-0.09585858	0.09436676	-0.090570636	0.07831379	-0.044570006	0.04968079
0.036533367	-0.13757104	0.117425874	-0.16430774	0.092154294	-0.03500392	0.112415016	-0.1354678	0.15309371	-0.09511009	0.053057656	-0.11898971	0.16729146	-0.43111342	0.2624049	-0.051019676	0.10455901	-0.13030934	0.999999	-0.22208509	0.04422829	-0.058645654	0.08035185	-0.7877045	0.2202174	-0.052613426	0.04635226	-0.063122615	0.056719534	-0.063734695
-0.02874887	0.111756526	-0.09246055	0.12893793	-0.0749537	0.027677173	-0.085935466	0.100571	-0.11242892	0.0763212	-0.040577963	0.08829232	-0.12141709	0.21152796	-0.4354192	0.039105844	-0.06799488	0.07914862	-0.22208509	0.9999986	-0.034740176	0.041042704	-0.05674191	0.22719637	-0.8156234	0.041701626	-0.034431946	0.044365898	-0.058576383	0.0644948
0.06566856	-0.0826553	0.06659696	-0.058244698	0.035348777	-0.061939843	0.098274946	-0.06288646	0.049992777	-0.032506417	0.2207206	-0.10675189	0.084269606	-0.05372255	0.0607279	-0.32279915	0.08781452	-0.08865124	0.04422829	-0.034740176	0.99999875	-0.14294602	0.08604899	-0.046523422	0.0426679	-0.88700646	0.1168507	-0.07366626	0.037021462	-0.0411869
-0.0288397	0.05663531	-0.047816224	0.047582306	-0.028950375	0.026532998	-0.06376926	0.04732203	-0.041533854	0.027100304	-0.06715131	0.06834379	-0.06482043	0.05199329	-0.06129177	0.062177934	-0.12222378	0.10958422	-0.058645654	0.041042704	-0.14294602	0.99999887	-0.44846952	0.0667721	-0.05192927	0.13716075	-0.8043163	0.29035214	-0.12039908	0.12050684
0.025030617	-0.059625804	0.0494162	-0.05412838	0.032066237	-0.023420697	0.060777575	-0.050101575	0.04659962	-0.030671613	0.05062303	-0.064589426	0.06641649	-0.06391066	0.0738714	-0.047917265	0.098680235	-0.11479088	0.08035185	-0.05674191	0.08604899	-0.44846952	0.9999989	-0.106450394	0.0706096	-0.10135907	0.29668507	-0.75835097	0.20940039	-0.26604673
-0.037326124	0.13018976	-0.11702691	0.14772177	-0.09391809	0.03538679	-0.11371493	0.12573291	-0.14586593	0.090770155	-0.05346543	0.11252187	-0.1663351	0.26901388	-0.32825252	0.050513487	-0.10412823	0.115379624	-0.7877045	0.22719637	-0.046523422	0.0667721	-0.106450394	0.999999	-0.34965613	0.05425648	-0.054166876	0.07568034	-0.07496359	0.078368045
0.03456668	-0.14019313	0.10837337	-0.1588357	0.083498485	-0.033568088	0.10106136	-0.11857796	0.12617216	-0.08709165	0.04894804	-0.106350996	0.13493529	-0.23707867	0.27341628	-0.047754195	0.07976031	-0.09585858	0.2202174	-0.8156234	0.0426679	-0.05192927	0.0706096	-0.34965613	0.9999989	-0.052069824	0.042902645	-0.05690868	0.07280795	-0.088436544
-0.08320982	0.09366397	-0.08070021	0.06752678	-0.042495485	0.07357165	-0.12104321	0.07413887	-0.059725963	0.03852758	-0.27303636	0.11972553	-0.102635905	0.06384496	-0.07471936	0.23064956	-0.09914545	0.09436676	-0.052613426	0.041701626	-0.88700646	0.13716075	-0.10135907	0.05425648	-0.052069824	0.9999992	-0.1444186	0.08168175	-0.042206973	0.045576405
0.02332779	-0.046354048	0.038445912	-0.03904268	0.023385622	-0.021570118	0.050661	-0.03825152	0.03358195	-0.022034675	0.055086233	-0.05494291	0.05156275	-0.04216442	0.04889382	-0.051779985	0.087661274	-0.090570636	0.04635226	-0.034431946	0.1168507	-0.8043163	0.29668507	-0.054166876	0.042902645	-0.1444186	0.99999905	-0.45883662	0.12592313	-0.13843761
-0.019776402	0.045090895	-0.038079776	0.04102301	-0.024756417	0.01834461	-0.047054976	0.03827908	-0.035923377	0.023511386	-0.041210033	0.048900705	-0.05128356	0.049036734	-0.058918092	0.038093027	-0.074433476	0.07831379	-0.063122615	0.044365898	-0.07366626	0.29035214	-0.75835097	0.07568034	-0.05690868	0.08168175	-0.45883662	0.9999991	-0.28926504	0.21891476
0.012954145	-0.03562327	0.029366393	-0.035436157	0.020572592	-0.012164536	0.032744512	-0.030263066	0.030230427	-0.020105634	0.02411719	-0.033672493	0.038401697	-0.045657363	0.05461042	-0.022528008	0.04078605	-0.044570006	0.056719534	-0.058576383	0.037021462	-0.12039908	0.20940039	-0.07496359	0.07280795	-0.042206973	0.12592313	-0.28926504	0.999999	-0.92022306
-0.014627293	0.039547578	-0.033035744	0.039270565	-0.023157004	0.013688895	-0.03704225	0.03388013	-0.03397614	0.0224836	-0.027137436	0.037675362	-0.043494083	0.050767418	-0.06311904	0.025133932	-0.046332583	0.04968079	-0.063734695	0.0644948	-0.0411869	0.12050684	-0.26604673	0.078368045	-0.088436544	0.045576405	-0.13843761	0.21891476	-0.92022306	0.999999
