1.0000001	-0.58243275	0.2829251	-0.34504458	0.10832837	-0.5637137	0.25181624	-0.23707612	0.16650622	-0.13425228	0.25998512	-0.14139721	0.1390814	-0.14880523	0.07475987	-0.1456113	0.12239653	-0.11888265	0.12641855	-0.07821868	0.09187659	-0.082822725	0.10545185	-0.10664174	0.13228926	-0.13817555	0.11029326	-0.110030174	0.102441624	-0.14146547
-0.58243275	1.0000004	-0.5929265	0.27758658	-0.09169399	0.2540881	-0.37497434	0.24600178	-0.1590095	0.1045471	-0.21229365	0.120757334	-0.12755801	0.12788305	-0.063114025	0.11162078	-0.10131242	0.096467786	-0.10835678	0.06437665	-0.07378266	0.06601698	-0.086236455	0.08743193	-0.1113129	0.10454271	-0.08893728	0.0872686	-0.0836453	0.10899661
0.2829251	-0.5929265	1.0000002	-0.5845312	0.14412263	-0.23836903	0.2626641	-0.32372466	0.18725665	-0.16920392	0.19826141	-0.12708513	0.13347453	-0.15264168	0.07694536	-0.11954525	0.10777105	-0.10771974	0.12113391	-0.07921808	0.08072459	-0.072866835	0.09564194	-0.09875181	0.12483388	-0.118361205	0.09874399	-0.09825494	0.093728945	-0.12502798
-0.34504458	0.27758658	-0.5845312	0.9999999	-0.3161028	0.23604062	-0.2743753	0.24403419	-0.29740396	0.23177011	-0.29441124	0.15559351	-0.17731951	0.19778748	-0.11063772	0.1585402	-0.15386945	0.14613509	-0.17698635	0.10711664	-0.11344885	0.10071579	-0.13551953	0.13814889	-0.18936768	0.153033	-0.14100386	0.13322015	-0.1334957	0.1637955
0.10832837	-0.09169399	0.14412263	-0.3161028	0.9999998	-0.083900265	0.09337456	-0.09039313	0.1171945	-0.90945137	0.1021942	-0.05896993	0.06579634	-0.09227602	0.0905848	-0.061809532	0.05913	-0.060282797	0.07274373	-0.09052566	0.044633195	-0.040204857	0.05464288	-0.058467727	0.07971124	-0.062477455	0.055564	-0.055046685	0.054605827	-0.07102335
-0.5637137	0.2540881	-0.23836903	0.23604062	-0.083900265	0.9999998	-0.31845078	0.22345656	-0.17864408	0.10030247	-0.5945211	0.18040237	-0.18764439	0.1524199	-0.0756734	0.185014	-0.16226983	0.13620041	-0.14615746	0.07727528	-0.11072738	0.09654488	-0.122303456	0.11827902	-0.14882995	0.1450658	-0.12550904	0.1205906	-0.11454851	0.14558269
0.25181624	-0.37497434	0.2626641	-0.2743753	0.09337456	-0.31845078	0.9999997	-0.72416025	0.22879653	-0.1131975	0.22573906	-0.20519584	0.19118801	-0.20027083	0.08342974	-0.14273995	0.12709497	-0.12935488	0.1415217	-0.087462716	0.091862224	-0.083734445	0.10948479	-0.11410117	0.13509563	-0.13456397	0.10955935	-0.11318582	0.105523296	-0.14138182
-0.23707612	0.24600178	-0.32372466	0.24403419	-0.09039313	0.22345656	-0.72416025	0.9999993	-0.36618242	0.10487532	-0.2328793	0.19170754	-0.24541847	0.21556194	-0.08863444	0.13851188	-0.1317876	0.13137189	-0.15655176	0.08906562	-0.09231362	0.08347616	-0.112173036	0.11665237	-0.14136298	0.1277935	-0.10993467	0.111892	-0.1078014	0.13599388
0.16650622	-0.1590095	0.18725665	-0.29740396	0.1171945	-0.17864408	0.22879653	-0.36618242	0.9999991	-0.1454891	0.19610362	-0.17533816	0.18688804	-0.7106223	0.15657912	-0.1694483	0.15542032	-0.20233604	0.2425992	-0.16689982	0.11431975	-0.107658416	0.15044947	-0.17635317	0.17937496	-0.16491494	0.13565177	-0.15528293	0.14392796	-0.18548393
-0.13425228	0.1045471	-0.16920392	0.23177011	-0.90945137	0.10030247	-0.1131975	0.10487532	-0.1454891	0.9999989	-0.12823719	0.07118002	-0.080650434	0.10650002	-0.11480085	0.07475917	-0.07251793	0.0722459	-0.08861815	0.09964282	-0.054407913	0.048742827	-0.06641536	0.070301704	-0.098395415	0.07471102	-0.06789793	0.06608769	-0.06632858	0.084198825
0.25998512	-0.21229365	0.19826141	-0.29441124	0.1021942	-0.5945211	0.22573906	-0.2328793	0.19610362	-0.12823719	0.999999	-0.3204146	0.23164813	-0.19620948	0.09528465	-0.3759227	0.22940482	-0.19870909	0.1863283	-0.10055855	0.15883805	-0.14235431	0.16669917	-0.15994595	0.18668598	-0.22069746	0.17001574	-0.17248036	0.15305816	-0.21061035
-0.14139721	0.120757334	-0.12708513	0.15559351	-0.05896993	0.18040237	-0.20519584	0.19170754	-0.17533816	0.07118002	-0.3204146	0.9999988	-0.84802306	0.17440808	-0.07191447	0.17527895	-0.20306067	0.14571805	-0.14680816	0.07222497	-0.09798672	0.08843959	-0.113827884	0.10912945	-0.12505075	0.12396524	-0.10603944	0.10857388	-0.10092891	0.12466323
0.1390814	-0.12755801	0.13347453	-0.17731951	0.06579634	-0.18764439	0.19118801	-0.24541847	0.18688804	-0.080650434	0.23164813	-0.84802306	0.9999988	-0.23155019	0.07996983	-0.17466764	0.16760612	-0.15733384	0.1521084	-0.082599215	0.09829235	-0.09085633	0.1166695	-0.116840996	0.12944469	-0.1341294	0.109468125	-0.11622476	0.10556905	-0.13638712
-0.14880523	0.12788305	-0.15264168	0.19778748	-0.09227602	0.1524199	-0.20027083	0.21556194	-0.7106223	0.10650002	-0.19620948	0.17440808	-0.23155019	0.99999875	-0.22607848	0.16206864	-0.1681127	0.20952047	-0.41146344	0.17956112	-0.11490536	0.10694347	-0.16028868	0.18588611	-0.19591165	0.15194486	-0.13431756	0.15117851	-0.15260388	0.17439523
0.07475987	-0.063114025	0.07694536	-0.11063772	0.0905848	-0.0756734	0.08342974	-0.08863444	0.15657912	-0.11480085	0.09528465	-0.07191447	0.07996983	-0.22607848	0.99999887	-0.08321777	0.07986143	-0.09943421	0.13205938	-0.92276883	0.06321503	-0.05947516	0.08574133	-0.11084323	0.16141888	-0.094212875	0.07839002	-0.09038442	0.0905621	-0.13760999
-0.1456113	0.11162078	-0.11954525	0.1585402	-0.061809532	0.185014	-0.14273995	0.13851188	-0.1694483	0.07475917	-0.3759227	0.17527895	-0.17466764	0.16206864	-0.08321777	0.9999988	-0.69036776	0.27017546	-0.24628687	0.0843554	-0.3246426	0.21555673	-0.23482019	0.18154104	-0.19908673	0.2152276	-0.2080147	0.19078186	-0.17370094	0.18645205
0.12239653	-0.10131242	0.10777105	-0.15386945	0.05913	-0.16226983	0.12709497	-0.1317876	0.15542032	-0.07251793	0.22940482	-0.20306067	0.16760612	-0.1681127	0.07986143	-0.69036776	0.99999833	-0.49133727	0.24175365	-0.08322887	0.20984031	-0.20868102	0.22380075	-0.18710391	0.17939924	-0.20864351	0.17919955	-0.19648255	0.16294162	-0.18684325
-0.11888265	0.096467786	-0.10771974	0.14613509	-0.060282797	0.13620041	-0.12935488	0.13137189	-0.20233604	0.0722459	-0.19870909	0.14571805	-0.15733384	0.20952047	-0.09943421	0.27017546	-0.49133727	0.9999984	-0.57057697	0.09990327	-0.19740516	0.18789771	-0.41965914	0.2560419	-0.22724563	0.1989492	-0.19492124	0.23576601	-0.21712604	0.20593315
0.12641855	-0.10835678	0.12113391	-0.17698635	0.07274373	-0.14615746	0.1415217	-0.15655176	0.2425992	-0.08861815	0.1863283	-0.14680816	0.1521084	-0.41146344	0.13205938	-0.24628687	0.24175365	-0.57057697	0.9999984	-0.14291586	0.16462477	-0.16425265	0.26329443	-0.43934432	0.24631676	-0.21326493	0.18332088	-0.24757853	0.23303361	-0.24809341
-0.07821868	0.06437665	-0.07921808	0.10711664	-0.09052566	0.07727528	-0.087462716	0.08906562	-0.16689982	0.09964282	-0.10055855	0.07222497	-0.082599215	0.17956112	-0.92276883	0.0843554	-0.08322887	0.09990327	-0.14291586	0.99999815	-0.06514142	0.060803946	-0.08914818	0.113772824	-0.2047939	0.09392322	-0.08061414	0.091228165	-0.09434142	0.13518724
0.09187659	-0.07378266	0.08072459	-0.11344885	0.044633195	-0.11072738	0.091862224	-0.09231362	0.11431975	-0.054407913	0.15883805	-0.09798672	0.09829235	-0.11490536	0.06321503	-0.3246426	0.20984031	-0.19740516	0.16462477	-0.06514142	0.9999983	-0.7541518	0.2528427	-0.1779243	0.17443803	-0.3839762	0.27467385	-0.23616612	0.1659703	-0.18916988
-0.082822725	0.06601698	-0.072866835	0.10071579	-0.040204857	0.09654488	-0.083734445	0.08347616	-0.107658416	0.048742827	-0.14235431	0.08843959	-0.09085633	0.10694347	-0.05947516	0.21555673	-0.20868102	0.18789771	-0.16425265	0.060803946	-0.7541518	0.99999833	-0.38646835	0.17417073	-0.17007096	0.2733402	-0.3731896	0.23040569	-0.16744143	0.17117584
0.10545185	-0.086236455	0.09564194	-0.13551953	0.05464288	-0.122303456	0.10948479	-0.112173036	0.15044947	-0.06641536	0.16669917	-0.113827884	0.1166695	-0.16028868	0.08574133	-0.23482019	0.22380075	-0.41965914	0.26329443	-0.08914818	0.2528427	-0.38646835	0.99999845	-0.39849952	0.24739116	-0.2695274	0.25901663	-0.55056435	0.27940318	-0.26507664
-0.10664174	0.08743193	-0.09875181	0.13814889	-0.058467727	0.11827902	-0.11410117	0.11665237	-0.17635317	0.070301704	-0.15994595	0.10912945	-0.116840996	0.18588611	-0.11084323	0.18154104	-0.18710391	0.2560419	-0.43934432	0.113772824	-0.1779243	0.17417073	-0.39849952	0.99999845	-0.47921172	0.21204564	-0.20823202	0.29193217	-0.5295227	0.30645198
0.13228926	-0.1113129	0.12483388	-0.18936768	0.07971124	-0.14882995	0.13509563	-0.14136298	0.17937496	-0.098395415	0.18668598	-0.12505075	0.12944469	-0.19591165	0.16141888	-0.19908673	0.17939924	-0.22724563	0.24631676	-0.2047939	0.17443803	-0.17007096	0.24739116	-0.47921172	0.99999833	-0.29853493	0.23091038	-0.29520962	0.30575868	-0.6286823
-0.13817555	0.10454271	-0.118361205	0.153033	-0.062477455	0.1450658	-0.13456397	0.1277935	-0.16491494	0.07471102	-0.22069746	0.12396524	-0.1341294	0.15194486	-0.094212875	0.2152276	-0.20864351	0.1989492	-0.21326493	0.09392322	-0.3839762	0.2733402	-0.2695274	0.21204564	-0.29853493	0.9999983	-0.7051826	0.26618996	-0.2372663	0.24319836
0.11029326	-0.08893728	0.09874399	-0.14100386	0.055564	-0.12550904	0.10955935	-0.10993467	0.13565177	-0.06789793	0.17001574	-0.10603944	0.109468125	-0.13431756	0.07839002	-0.2080147	0.17919955	-0.19492124	0.18332088	-0.08061414	0.27467385	-0.3731896	0.25901663	-0.20823202	0.23091038	-0.7051826	0.9999984	-0.39997095	0.22691815	-0.2779589
-0.110030174	0.0872686	-0.09825494	0.13322015	-0.055046685	0.1205906	-0.11318582	0.111892	-0.15528293	0.06608769	-0.17248036	0.10857388	-0.11622476	0.15117851	-0.09038442	0.19078186	-0.19648255	0.23576601	-0.24757853	0.091228165	-0.23616612	0.23040569	-0.55056435	0.29193217	-0.29520962	0.26618996	-0.39997095	0.9999983	-0.52586627	0.27761492
0.102441624	-0.0836453	0.093728945	-0.1334957	0.054605827	-0.11454851	0.105523296	-0.1078014	0.14392796	-0.06632858	0.15305816	-0.10092891	0.10556905	-0.15260388	0.0905621	-0.17370094	0.16294162	-0.21712604	0.23303361	-0.09434142	0.1659703	-0.16744143	0.27940318	-0.5295227	0.30575868	-0.2372663	0.22691815	-0.52586627	0.9999983	-0.5188234
-0.14146547	0.10899661	-0.12502798	0.1637955	-0.07102335	0.14558269	-0.14138182	0.13599388	-0.18548393	0.084198825	-0.21061035	0.12466323	-0.13638712	0.17439523	-0.13760999	0.18645205	-0.18684325	0.20593315	-0.24809341	0.13518724	-0.18916988	0.17117584	-0.26507664	0.30645198	-0.6286823	0.24319836	-0.2779589	0.27761492	-0.5188234	0.9999983
