1.0	-0.6269904	0.22093809	-0.17051572	0.16745365	-0.61171585	0.2507258	-0.22839583	0.1677692	-0.111716636	0.27175713	-0.20847693	0.16351053	-0.14681715	0.12116499	-0.15087174	0.14333794	-0.18240908	0.10007875	-0.11911325	0.11918674	-0.13215113	0.06644163	-0.037294503	0.012407104	-0.11810616	0.083714336	-0.06732749	0.03611514	-0.012699197
-0.6269904	1.0000001	-0.44485155	0.22960055	-0.24173841	0.29671878	-0.35075355	0.2499299	-0.22583693	0.14289616	-0.30915663	0.21736749	-0.18955655	0.174231	-0.15869169	0.15012376	-0.1560831	0.18951613	-0.11358362	0.13008355	-0.12924026	0.13442153	-0.07002948	0.039518297	-0.013380198	0.11783626	-0.08683649	0.06938321	-0.03854416	0.013645941
0.22093809	-0.44485155	1.0000001	-0.6605248	0.27153724	-0.21247676	0.22266841	-0.3176337	0.26852578	-0.1873448	0.20932381	-0.20743066	0.19320908	-0.22192632	0.17502059	-0.14974287	0.15301594	-0.21949704	0.13240795	-0.16229945	0.12307769	-0.1431449	0.07468574	-0.04379139	0.015354771	-0.1322044	0.09254967	-0.07595327	0.042242564	-0.015735246
-0.17051572	0.22960055	-0.6605248	1.0000001	-0.473275	0.15337476	-0.17738856	0.2304422	-0.42244354	0.21360224	-0.17648488	0.16495259	-0.17015451	0.22621927	-0.20470227	0.11897098	-0.12568557	0.17905352	-0.12336772	0.144215	-0.10108546	0.11392043	-0.061040364	0.03662177	-0.013100363	0.10407381	-0.07443173	0.061233576	-0.035463862	0.013383416
0.16745365	-0.24173841	0.27153724	-0.473275	0.9999999	-0.18232667	0.19534835	-0.26582992	0.28981444	-0.54354066	0.20411602	-0.21692958	0.21513784	-0.31189805	0.2924646	-0.16919304	0.17243853	-0.26697305	0.1760579	-0.22969592	0.1389846	-0.16694415	0.08917911	-0.054225877	0.020024888	-0.1595785	0.1095571	-0.09147096	0.052075088	-0.020569041
-0.61171585	0.29671878	-0.21247676	0.15337476	-0.18232667	0.9999999	-0.37949663	0.234071	-0.18245095	0.11517011	-0.540868	0.23324719	-0.18388288	0.1511391	-0.13139907	0.16919503	-0.16196251	0.1857237	-0.10381214	0.118789375	-0.13896427	0.13948438	-0.07022754	0.03874445	-0.01271892	0.1198776	-0.08826977	0.06981698	-0.037759908	0.012979502
0.2507258	-0.35075355	0.22266841	-0.17738856	0.19534835	-0.37949663	0.99999964	-0.59254193	0.23136556	-0.13562597	0.27975836	-0.48040268	0.2628644	-0.19751942	0.15183157	-0.17253767	0.20236863	-0.23891518	0.12604536	-0.1427021	0.14276636	-0.16347581	0.07938713	-0.044110846	0.014451323	-0.1327929	0.09919066	-0.07863439	0.04286564	-0.014739137
-0.22839583	0.2499299	-0.3176337	0.2304422	-0.26582992	0.234071	-0.59254193	0.99999964	-0.42748487	0.17752126	-0.28312412	0.29089674	-0.38072422	0.2511205	-0.20504329	0.1650436	-0.19905867	0.25051618	-0.1514707	0.1626331	-0.14700018	0.15626198	-0.082787715	0.04718183	-0.01600838	0.13181235	-0.10082876	0.08039534	-0.0461659	0.01627227
0.1677692	-0.22583693	0.26852578	-0.42244354	0.28981444	-0.18245095	0.23136556	-0.42748487	0.99999946	-0.30302912	0.20798218	-0.23435022	0.25524467	-0.55386764	0.26682356	-0.15457013	0.16968974	-0.25972778	0.19227079	-0.2251164	0.13044755	-0.15103234	0.080866106	-0.050342467	0.01821668	-0.13501833	0.09728373	-0.08088604	0.04845968	-0.018601896
-0.111716636	0.14289616	-0.1873448	0.21360224	-0.54354066	0.11517011	-0.13562597	0.17752126	-0.30302912	0.99999946	-0.14205721	0.14309894	-0.16302888	0.2665672	-0.69568896	0.104743846	-0.11321823	0.17000616	-0.13768983	0.15891258	-0.08986663	0.10240248	-0.056391757	0.035460483	-0.013169337	0.0940292	-0.067448266	0.056324285	-0.034339298	0.013421131
0.27175713	-0.30915663	0.20932381	-0.17648488	0.20411602	-0.540868	0.27975836	-0.28312412	0.20798218	-0.14205721	0.9999993	-0.39293253	0.24702206	-0.20186815	0.15947425	-0.36318845	0.25412965	-0.30383173	0.15032376	-0.18060017	0.22826023	-0.24631153	0.11602692	-0.063339196	0.02005985	-0.21538515	0.1497554	-0.11936289	0.061094087	-0.0205721
-0.20847693	0.21736749	-0.20743066	0.16495259	-0.21692958	0.23324719	-0.48040268	0.29089674	-0.23435022	0.14309894	-0.39293253	0.99999905	-0.50287175	0.21580592	-0.17520267	0.21989617	-0.41424152	0.29888406	-0.15046966	0.1578236	-0.19847374	0.21609856	-0.10353469	0.054387894	-0.0170571	0.15856293	-0.13072398	0.09820151	-0.053446732	0.017321639
0.16351053	-0.18955655	0.19320908	-0.17015451	0.21513784	-0.18388288	0.2628644	-0.38072422	0.25524467	-0.16302888	0.24702206	-0.50287175	0.99999905	-0.37366775	0.19884911	-0.19026989	0.25637028	-0.5630599	0.19576222	-0.20752552	0.16264305	-0.1920969	0.09704697	-0.055721674	0.018365609	-0.14988147	0.11557618	-0.09433379	0.053857345	-0.018682411
-0.14681715	0.174231	-0.22192632	0.22621927	-0.31189805	0.1511391	-0.19751942	0.2511205	-0.55386764	0.2665672	-0.20186815	0.21580592	-0.37366775	0.9999986	-0.47904494	0.14004731	-0.16704226	0.25593412	-0.31401584	0.24519117	-0.12460493	0.1372708	-0.078099154	0.052661084	-0.018853873	0.11940694	-0.09003337	0.075719565	-0.051122393	0.019068506
0.12116499	-0.15869169	0.17502059	-0.20470227	0.2924646	-0.13139907	0.15183157	-0.20504329	0.26682356	-0.69568896	0.15947425	-0.17520267	0.19884911	-0.47904494	0.9999986	-0.12702182	0.1374472	-0.22133663	0.18257688	-0.23277591	0.10712782	-0.125808	0.06893079	-0.04450535	0.016863536	-0.11566974	0.082112536	-0.0693209	0.042751715	-0.017226467
-0.15087174	0.15012376	-0.14974287	0.11897098	-0.16919304	0.16919503	-0.17253767	0.1650436	-0.15457013	0.104743846	-0.36318845	0.21989617	-0.19026989	0.14004731	-0.12702182	0.99999845	-0.4196181	0.2237783	-0.11359947	0.12159747	-0.71209383	0.28911588	-0.12335171	0.058888264	-0.0165657	0.19128954	-0.1645158	0.115921035	-0.058292206	0.016822573
0.14333794	-0.1560831	0.15301594	-0.12568557	0.17243853	-0.16196251	0.20236863	-0.19905867	0.16968974	-0.11321823	0.25412965	-0.41424152	0.25637028	-0.16704226	0.1374472	-0.4196181	0.9999985	-0.4409229	0.14453718	-0.15322034	0.28722522	-0.5293302	0.14539474	-0.07018081	0.018926512	-0.23627937	0.19564925	-0.14225851	0.067837186	-0.019264549
-0.18240908	0.18951613	-0.21949704	0.17905352	-0.26697305	0.1857237	-0.23891518	0.25051618	-0.25972778	0.17000616	-0.30383173	0.29888406	-0.5630599	0.25593412	-0.22133663	0.2237783	-0.4409229	0.9999987	-0.31317508	0.23573877	-0.21955515	0.23031148	-0.13338648	0.07226596	-0.02290834	0.17189907	-0.14840624	0.11866916	-0.07125918	0.023068404
0.10007875	-0.11358362	0.13240795	-0.12336772	0.1760579	-0.10381214	0.12604536	-0.1514707	0.19227079	-0.13768983	0.15032376	-0.15046966	0.19576222	-0.31401584	0.18257688	-0.11359947	0.14453718	-0.31317508	0.99999875	-0.8394955	0.10390532	-0.11654646	0.07982737	-0.08704411	0.030955218	-0.098501876	0.07735193	-0.07513175	0.07701433	-0.031209879
-0.11911325	0.13008355	-0.16229945	0.144215	-0.22969592	0.118789375	-0.1427021	0.1626331	-0.2251164	0.15891258	-0.18060017	0.1578236	-0.20752552	0.24519117	-0.23277591	0.12159747	-0.15322034	0.23573877	-0.8394955	0.9999986	-0.11659927	0.12128908	-0.08520215	0.07966387	-0.037125766	0.10447069	-0.08382023	0.07832571	-0.0792296	0.035788905
0.11918674	-0.12924026	0.12307769	-0.10108546	0.1389846	-0.13896427	0.14276636	-0.14700018	0.13044755	-0.08986663	0.22826023	-0.19847374	0.16264305	-0.12460493	0.10712782	-0.71209383	0.28722522	-0.21955515	0.10390532	-0.11659927	0.9999987	-0.48969758	0.1455663	-0.0695871	0.017813465	-0.2743109	0.20398082	-0.14882156	0.0671284	-0.01821128
-0.13215113	0.13442153	-0.1431449	0.11392043	-0.16694415	0.13948438	-0.16347581	0.15626198	-0.15103234	0.10240248	-0.24631153	0.21609856	-0.1920969	0.1372708	-0.125808	0.28911588	-0.5293302	0.23031148	-0.11654646	0.12128908	-0.48969758	0.9999986	-0.2563183	0.09207182	-0.02138472	0.2828547	-0.41223714	0.20119055	-0.09186734	0.021654261
0.06644163	-0.07002948	0.07468574	-0.061040364	0.08917911	-0.07022754	0.07938713	-0.082787715	0.080866106	-0.056391757	0.11602692	-0.10353469	0.09704697	-0.078099154	0.06893079	-0.12335171	0.14539474	-0.13338648	0.07982737	-0.08520215	0.1455663	-0.2563183	0.9999983	-0.3140562	0.040461875	-0.24863194	0.22345619	-0.8187619	0.23633586	-0.04178542
-0.037294503	0.039518297	-0.04379139	0.03662177	-0.054225877	0.03874445	-0.044110846	0.04718183	-0.050342467	0.035460483	-0.063339196	0.054387894	-0.055721674	0.052661084	-0.04450535	0.058888264	-0.07018081	0.07226596	-0.08704411	0.07966387	-0.0695871	0.09207182	-0.3140562	0.9999982	-0.08826033	0.097293794	-0.09397742	0.23251647	-0.9022829	0.08144621
0.012407104	-0.013380198	0.015354771	-0.013100363	0.020024888	-0.01271892	0.014451323	-0.01600838	0.01821668	-0.013169337	0.02005985	-0.0170571	0.018365609	-0.018853873	0.016863536	-0.0165657	0.018926512	-0.02290834	0.030955218	-0.037125766	0.017813465	-0.02138472	0.040461875	-0.08826033	0.99999785	-0.0230985	0.019844433	-0.038105384	0.07919678	-0.9912029
-0.11810616	0.11783626	-0.1322044	0.10407381	-0.1595785	0.1198776	-0.1327929	0.13181235	-0.13501833	0.0940292	-0.21538515	0.15856293	-0.14988147	0.11940694	-0.11566974	0.19128954	-0.23627937	0.17189907	-0.098501876	0.10447069	-0.2743109	0.2828547	-0.24863194	0.097293794	-0.0230985	0.999998	-0.7865648	0.21792392	-0.10846157	0.02315681
0.083714336	-0.08683649	0.09254967	-0.07443173	0.1095571	-0.08826977	0.09919066	-0.10082876	0.09728373	-0.067448266	0.1497554	-0.13072398	0.11557618	-0.09003337	0.082112536	-0.1645158	0.19564925	-0.14840624	0.07735193	-0.08382023	0.20398082	-0.41223714	0.22345619	-0.09397742	0.019844433	-0.7865648	0.99999803	-0.30105564	0.09926951	-0.020140069
-0.06732749	0.06938321	-0.07595327	0.061233576	-0.09147096	0.06981698	-0.07863439	0.08039534	-0.08088604	0.056324285	-0.11936289	0.09820151	-0.09433379	0.075719565	-0.0693209	0.115921035	-0.14225851	0.11866916	-0.07513175	0.07832571	-0.14882156	0.20119055	-0.8187619	0.23251647	-0.038105384	0.21792392	-0.30105564	0.999998	-0.31240654	0.03821175
0.03611514	-0.03854416	0.042242564	-0.035463862	0.052075088	-0.037759908	0.04286564	-0.0461659	0.04845968	-0.034339298	0.061094087	-0.053446732	0.053857345	-0.051122393	0.042751715	-0.058292206	0.067837186	-0.07125918	0.07701433	-0.0792296	0.0671284	-0.09186734	0.23633586	-0.9022829	0.07919678	-0.10846157	0.09926951	-0.31240654	0.999998	-0.08559969
-0.012699197	0.013645941	-0.015735246	0.013383416	-0.020569041	0.012979502	-0.014739137	0.01627227	-0.018601896	0.013421131	-0.0205721	0.017321639	-0.018682411	0.019068506	-0.017226467	0.016822573	-0.019264549	0.023068404	-0.031209879	0.035788905	-0.01821128	0.021654261	-0.04178542	0.08144621	-0.9912029	0.02315681	-0.020140069	0.03821175	-0.08559969	0.999998
