1.0000001	-0.57243735	0.2557096	-0.16840328	0.12790692	-0.678247	0.268226	-0.22031666	0.14626555	-0.13925263	0.1479224	-0.15940392	0.16971005	-0.113942064	0.06697345	-0.09184577	0.10853854	-0.12268942	0.09974672	-0.066047974	0.084030874	-0.093600415	0.08634421	-0.07148954	0.080812946	-0.10787837	0.061936107	-0.09108995	0.07078059	-0.078259446
-0.57243735	1.0	-0.5992884	0.20623058	-0.17696472	0.29125756	-0.33893234	0.25584498	-0.18461765	0.1572552	-0.15097602	0.15885615	-0.20372476	0.12448127	-0.07501046	0.091034405	-0.11576313	0.12816969	-0.11198273	0.07154379	-0.087616354	0.09498903	-0.08980537	0.073842846	-0.08531303	0.105092265	-0.061736405	0.09007102	-0.07400516	0.07950502
0.2557096	-0.5992884	1.0	-0.3994638	0.22222848	-0.27806288	0.27358854	-0.4649339	0.22919019	-0.22140649	0.14334612	-0.1667184	0.21847059	-0.15096597	0.08585598	-0.095826484	0.12213433	-0.14866993	0.12654983	-0.08343094	0.09017614	-0.10431167	0.09919775	-0.08285677	0.09339919	-0.12204145	0.07019465	-0.10360344	0.08158127	-0.090042
-0.16840328	0.20623058	-0.3994638	1.0	-0.7155955	0.16315457	-0.20968567	0.22965477	-0.3597761	0.2949082	-0.1220608	0.13040307	-0.19745857	0.15462428	-0.095264025	0.08053965	-0.109417684	0.1279658	-0.1377906	0.085534684	-0.07900791	0.0894064	-0.088419184	0.07450977	-0.08804048	0.10089686	-0.059606563	0.087000534	-0.07490279	0.080063745
0.12790692	-0.17696472	0.22222848	-0.7155955	0.9999995	-0.14458504	0.16320819	-0.19997731	0.27890316	-0.5433776	0.1005309	-0.1118637	0.15818326	-0.14159279	0.08374413	-0.0695525	0.09287202	-0.113309704	0.1156765	-0.078002006	0.06708305	-0.07845086	0.07706544	-0.06561495	0.07604875	-0.092676744	0.05367287	-0.0789921	0.06506314	-0.07163067
-0.678247	0.29125756	-0.27806288	0.16315457	-0.14458504	0.9999995	-0.5011271	0.24004383	-0.17151657	0.14419542	-0.22631018	0.20266488	-0.2138162	0.1282136	-0.07771684	0.115178585	-0.13523476	0.14045873	-0.11743968	0.075001135	-0.10816808	0.11095089	-0.101308495	0.08223581	-0.094237484	0.11751897	-0.06947584	0.10093438	-0.08245045	0.087888554
0.268226	-0.33893234	0.27358854	-0.20968567	0.16320819	-0.5011271	0.99999946	-0.53714883	0.2213177	-0.20689242	0.22264707	-0.34698915	0.26770473	-0.17416298	0.098298125	-0.13815716	0.16764078	-0.19072837	0.14776444	-0.097922646	0.12573776	-0.1414924	0.12840395	-0.10570181	0.11650057	-0.15831941	0.091196865	-0.13452989	0.10337564	-0.113819316
-0.22031666	0.25584498	-0.4649339	0.22965477	-0.19997731	0.24004383	-0.53714883	0.99999934	-0.39877295	0.2323925	-0.17378792	0.2092701	-0.40839756	0.18642943	-0.103431754	0.11162579	-0.14860047	0.18253322	-0.15691628	0.098177224	-0.10617278	0.1212071	-0.11633053	0.09535135	-0.10603174	0.13430978	-0.078747064	0.11583721	-0.09364361	0.10053265
0.14626555	-0.18461765	0.22919019	-0.3597761	0.27890316	-0.17151657	0.2213177	-0.39877295	0.9999992	-0.66901463	0.13146369	-0.1513616	0.22693403	-0.3052313	0.13168629	-0.09257742	0.1267219	-0.1628466	0.18715669	-0.12047647	0.089206405	-0.105968095	0.10526149	-0.09055016	0.102537036	-0.122229554	0.07141442	-0.10536382	0.08842753	-0.096182086
-0.13925263	0.1572552	-0.22140649	0.2949082	-0.5433776	0.14419542	-0.20689242	0.2323925	-0.66901463	0.9999989	-0.120857306	0.12998673	-0.20669657	0.19019403	-0.12395963	0.08129273	-0.11351759	0.13541391	-0.16569376	0.10434068	-0.08013856	0.09176286	-0.09223592	0.07847382	-0.092774205	0.10263898	-0.06103544	0.089103736	-0.07859506	0.08349
0.1479224	-0.15097602	0.14334612	-0.1220608	0.1005309	-0.22631018	0.22264707	-0.17378792	0.13146369	-0.120857306	0.999999	-0.6832164	0.24891084	-0.15686639	0.09338724	-0.4431552	0.25312218	-0.22592412	0.14786403	-0.096494816	0.24906151	-0.24061583	0.17412253	-0.13673763	0.1395656	-0.20942295	0.12324342	-0.18019636	0.130344	-0.13890855
-0.15940392	0.15885615	-0.1667184	0.13040307	-0.1118637	0.20266488	-0.34698915	0.2092701	-0.1513616	0.12998673	-0.6832164	0.99999887	-0.38650206	0.1651473	-0.09985523	0.24341713	-0.32322624	0.23033951	-0.16135694	0.09918121	-0.23132952	0.20820087	-0.1685599	0.12737717	-0.13585587	0.17442514	-0.10819932	0.15455866	-0.12588602	0.12649737
0.16971005	-0.20372476	0.21847059	-0.19745857	0.15818326	-0.2138162	0.26770473	-0.40839756	0.22693403	-0.20669657	0.24891084	-0.38650206	0.9999989	-0.34735385	0.1605528	-0.19392571	0.26135862	-0.46102104	0.25690094	-0.16761282	0.17643687	-0.22670624	0.2172209	-0.1774998	0.18070704	-0.2600258	0.14910334	-0.22503115	0.16573857	-0.1821594
-0.113942064	0.12448127	-0.15096597	0.15462428	-0.14159279	0.1282136	-0.17416298	0.18642943	-0.3052313	0.19019403	-0.15686639	0.1651473	-0.34735385	0.99999887	-0.39627424	0.117625944	-0.18926722	0.25449386	-0.6627107	0.2721973	-0.118867904	0.14483897	-0.15936695	0.14259966	-0.16030522	0.15292159	-0.09447775	0.13803466	-0.13861068	0.13819517
0.06697345	-0.07501046	0.08585598	-0.095264025	0.08374413	-0.07771684	0.098298125	-0.103431754	0.13168629	-0.12395963	0.09338724	-0.09985523	0.1605528	-0.39627424	0.9999988	-0.0750529	0.11359535	-0.16089503	0.27094522	-0.8402557	0.07490493	-0.09564875	0.10386009	-0.10134462	0.14062275	-0.11560908	0.067947984	-0.1012233	0.09618198	-0.12701353
-0.09184577	0.091034405	-0.095826484	0.08053965	-0.0695525	0.115178585	-0.13815716	0.11162579	-0.09257742	0.08129273	-0.4431552	0.24341713	-0.19392571	0.117625944	-0.0750529	0.9999988	-0.35377944	0.19553366	-0.12590691	0.0761455	-0.7183696	0.2770252	-0.18326806	0.124073505	-0.1224658	0.16003071	-0.10824053	0.14787042	-0.12153071	0.11226212
0.10853854	-0.11576313	0.12213433	-0.109417684	0.09287202	-0.13523476	0.16764078	-0.14860047	0.1267219	-0.11351759	0.25312218	-0.32322624	0.26135862	-0.18926722	0.11359535	-0.35377944	0.9999989	-0.5115985	0.20261082	-0.121541336	0.27409106	-0.53988624	0.27138948	-0.19243236	0.1712427	-0.24590836	0.16082624	-0.23207724	0.17176984	-0.1656621
-0.12268942	0.12816969	-0.14866993	0.1279658	-0.113309704	0.14045873	-0.19072837	0.18253322	-0.1628466	0.13541391	-0.22592412	0.23033951	-0.46102104	0.25449386	-0.16089503	0.19553366	-0.5115985	0.99999887	-0.41633025	0.16358365	-0.20263539	0.26706594	-0.36943167	0.20400394	-0.19219181	0.21221279	-0.14670655	0.21002117	-0.19635396	0.16953775
0.09974672	-0.11198273	0.12654983	-0.1377906	0.1156765	-0.11743968	0.14776444	-0.15691628	0.18715669	-0.16569376	0.14786403	-0.16135694	0.25690094	-0.6627107	0.27094522	-0.12590691	0.20261082	-0.41633025	0.9999988	-0.38750434	0.12375956	-0.16655746	0.18350556	-0.18647273	0.16684674	-0.17548223	0.10708834	-0.16108653	0.1530271	-0.15621
-0.066047974	0.07154379	-0.08343094	0.085534684	-0.078002006	0.075001135	-0.097922646	0.098177224	-0.12047647	0.10434068	-0.096494816	0.09918121	-0.16761282	0.2721973	-0.8402557	0.0761455	-0.121541336	0.16358365	-0.38750434	0.99999875	-0.07764261	0.097235434	-0.109418154	0.10622994	-0.17231436	0.11183934	-0.0675651	0.099535786	-0.1028026	0.12848751
0.084030874	-0.087616354	0.09017614	-0.07900791	0.06708305	-0.10816808	0.12573776	-0.10617278	0.089206405	-0.08013856	0.24906151	-0.23132952	0.17643687	-0.118867904	0.07490493	-0.7183696	0.27409106	-0.20263539	0.12375956	-0.07764261	0.9999985	-0.49321687	0.20541734	-0.14452437	0.12966889	-0.19570105	0.12860025	-0.18053067	0.13065767	-0.12490916
-0.093600415	0.09498903	-0.10431167	0.0894064	-0.07845086	0.11095089	-0.1414924	0.1212071	-0.105968095	0.09176286	-0.24061583	0.20820087	-0.22670624	0.14483897	-0.09564875	0.2770252	-0.53988624	0.26706594	-0.16655746	0.097235434	-0.49321687	0.9999985	-0.45850432	0.20498936	-0.17700319	0.22041312	-0.19392411	0.22916669	-0.19707176	0.15570779
0.08634421	-0.08980537	0.09919775	-0.088419184	0.07706544	-0.101308495	0.12840395	-0.11633053	0.10526149	-0.09223592	0.17412253	-0.1685599	0.2172209	-0.15936695	0.10386009	-0.18326806	0.27138948	-0.36943167	0.18350556	-0.109418154	0.20541734	-0.45850432	0.99999845	-0.48592106	0.21834022	-0.29259554	0.21963526	-0.43287107	0.2693764	-0.21110287
-0.07148954	0.073842846	-0.08285677	0.07450977	-0.06561495	0.08223581	-0.10570181	0.09535135	-0.09055016	0.07847382	-0.13673763	0.12737717	-0.1774998	0.14259966	-0.10134462	0.124073505	-0.19243236	0.20400394	-0.18647273	0.10622994	-0.14452437	0.20498936	-0.48592106	0.99999857	-0.32670668	0.20543405	-0.14780428	0.22223803	-0.6913438	0.2656426
0.080812946	-0.08531303	0.09339919	-0.08804048	0.07604875	-0.094237484	0.11650057	-0.10603174	0.102537036	-0.092774205	0.1395656	-0.13585587	0.18070704	-0.16030522	0.14062275	-0.1224658	0.1712427	-0.19219181	0.16684674	-0.17231436	0.12966889	-0.17700319	0.21834022	-0.32670668	0.9999987	-0.30813804	0.16741459	-0.25705215	0.29085958	-0.7561351
-0.10787837	0.105092265	-0.12204145	0.10089686	-0.092676744	0.11751897	-0.15831941	0.13430978	-0.122229554	0.10263898	-0.20942295	0.17442514	-0.2600258	0.15292159	-0.11560908	0.16003071	-0.24590836	0.21221279	-0.17548223	0.11183934	-0.19570105	0.22041312	-0.29259554	0.20543405	-0.30813804	0.9999986	-0.66107446	0.32339483	-0.25747913	0.20345506
0.061936107	-0.061736405	0.07019465	-0.059606563	0.05367287	-0.06947584	0.091196865	-0.078747064	0.07141442	-0.06103544	0.12324342	-0.10819932	0.14910334	-0.09447775	0.067947984	-0.10824053	0.16082624	-0.14670655	0.10708834	-0.0675651	0.12860025	-0.19392411	0.21963526	-0.14780428	0.16741459	-0.66107446	0.9999986	-0.64500374	0.15920544	-0.12788114
-0.09108995	0.09007102	-0.10360344	0.087000534	-0.0789921	0.10093438	-0.13452989	0.11583721	-0.10536382	0.089103736	-0.18019636	0.15455866	-0.22503115	0.13803466	-0.1012233	0.14787042	-0.23207724	0.21002117	-0.16108653	0.099535786	-0.18053067	0.22916669	-0.43287107	0.22223803	-0.25705215	0.32339483	-0.64500374	0.9999984	-0.26473862	0.18562447
0.07078059	-0.07400516	0.08158127	-0.07490279	0.06506314	-0.08245045	0.10337564	-0.09364361	0.08842753	-0.07859506	0.130344	-0.12588602	0.16573857	-0.13861068	0.09618198	-0.12153071	0.17176984	-0.19635396	0.1530271	-0.1028026	0.13065767	-0.19707176	0.2693764	-0.6913438	0.29085958	-0.25747913	0.15920544	-0.26473862	0.99999833	-0.4769727
-0.078259446	0.07950502	-0.090042	0.080063745	-0.07163067	0.087888554	-0.113819316	0.10053265	-0.096182086	0.08349	-0.13890855	0.12649737	-0.1821594	0.13819517	-0.12701353	0.11226212	-0.1656621	0.16953775	-0.15621	0.12848751	-0.12490916	0.15570779	-0.21110287	0.2656426	-0.7561351	0.20345506	-0.12788114	0.18562447	-0.4769727	0.99999833
