1.0000001	-0.70250714	0.20754105	-0.17314391	0.20277776	-0.54004794	0.276759	-0.22086953	0.13773881	-0.09165981	0.21903206	-0.18220375	0.17224868	-0.14927496	0.073066905	-0.23668927	0.08440233	-0.074975535	0.07404897	-0.06515155	0.028831528	-0.06451229	0.0583641	-0.070630945	0.06640783	-0.026720924	0.043756057	-0.04700735	0.025104271	-0.02468253
-0.70250714	1.0000001	-0.34504473	0.20356065	-0.25493485	0.29687986	-0.42615178	0.24058193	-0.16351737	0.098876715	-0.2079533	0.18307087	-0.19506451	0.16076085	-0.08042104	0.20387131	-0.08659823	0.07738484	-0.079365894	0.06925842	-0.029044554	0.06578896	-0.0608581	0.073444925	-0.07121792	0.026764559	-0.045327622	0.048313428	-0.026613832	0.026064308
0.20754105	-0.34504473	1.0000001	-0.7228235	0.28924602	-0.21555479	0.22497843	-0.33138528	0.25638768	-0.1477073	0.1654107	-0.16892636	0.1815753	-0.27118054	0.1120782	-0.23601303	0.102515966	-0.09986037	0.10460515	-0.09383024	0.035454165	-0.08208095	0.076475196	-0.096673205	0.0925419	-0.03302792	0.056308996	-0.061405186	0.034514233	-0.0341182
-0.17314391	0.20356065	-0.7228235	1.0	-0.43954664	0.16524014	-0.18932694	0.23815277	-0.38693437	0.1432393	-0.14134738	0.13996916	-0.16293934	0.2564718	-0.113927126	0.19210897	-0.09425715	0.092270374	-0.101098835	0.089695565	-0.032174222	0.07491294	-0.07144367	0.0896336	-0.08964474	0.029792067	-0.052213855	0.05634311	-0.032815658	0.032247838
0.20277776	-0.25493485	0.28924602	-0.43954664	0.9999997	-0.27593482	0.24410036	-0.33500943	0.282974	-0.2528052	0.23869422	-0.23353584	0.23183283	-0.40224937	0.18008694	-0.4410385	0.1769776	-0.17836802	0.1760109	-0.165547	0.0650796	-0.14973179	0.13705902	-0.18141246	0.15990111	-0.061525643	0.102056496	-0.11491812	0.062027108	-0.06226313
-0.54004794	0.29687986	-0.21555479	0.16524014	-0.27593482	0.9999995	-0.45978978	0.24940665	-0.16076232	0.1046929	-0.4878253	0.2429739	-0.24873467	0.16197436	-0.08669945	0.27415398	-0.10635456	0.089500785	-0.08907799	0.07695336	-0.035311095	0.078040265	-0.071390234	0.08374956	-0.08055117	0.032340433	-0.05374832	0.056617	-0.030352991	0.029614054
0.276759	-0.42615178	0.22497843	-0.18932694	0.24410036	-0.45978978	0.9999995	-0.5611046	0.19898881	-0.11920551	0.25159302	-0.3540952	0.27530804	-0.2051482	0.09482315	-0.26271927	0.10870401	-0.09600388	0.09504822	-0.08303482	0.03523226	-0.08204661	0.073607445	-0.088695526	0.08416621	-0.032618746	0.05470283	-0.05863409	0.03156526	-0.030999823
-0.22086953	0.24058193	-0.33138528	0.23815277	-0.33500943	0.24940665	-0.5611046	0.9999997	-0.38086215	0.14779301	-0.22841284	0.26788813	-0.4358222	0.2549877	-0.122340396	0.23852757	-0.11825994	0.107434675	-0.114522	0.099025875	-0.03842565	0.08945635	-0.08383324	0.101071246	-0.10159867	0.03530936	-0.061685275	0.0653942	-0.03724647	0.036349874
0.13773881	-0.16351737	0.25638768	-0.38693437	0.282974	-0.16076232	0.19898881	-0.38086215	0.9999999	-0.26869103	0.1411606	-0.15297309	0.1842684	-0.6992575	0.18521133	-0.18883333	0.11697551	-0.12679778	0.15248229	-0.13317738	0.03763243	-0.09314748	0.09142808	-0.116391726	0.12453794	-0.034665417	0.06418847	-0.06880685	0.043489568	-0.042644292
-0.09165981	0.098876715	-0.1477073	0.1432393	-0.2528052	0.1046929	-0.11920551	0.14779301	-0.26869103	0.99999994	-0.106151365	0.10570183	-0.1269311	0.23584604	-0.7842243	0.14891402	-0.1639797	0.1663095	-0.23546447	0.26432937	-0.049779978	0.12561414	-0.14216404	0.17351025	-0.26788077	0.044753417	-0.09299569	0.09457057	-0.07959468	0.07508584
0.21903206	-0.2079533	0.1654107	-0.14134738	0.23869422	-0.4878253	0.25159302	-0.22841284	0.1411606	-0.106151365	1.0	-0.44455913	0.2707399	-0.15754308	0.08696769	-0.617388	0.13507915	-0.10765445	0.09714309	-0.08343758	0.04601868	-0.09758269	0.08299959	-0.09567739	0.08665495	-0.04260466	0.06348933	-0.06750037	0.03315477	-0.032498024
-0.18220375	0.18307087	-0.16892636	0.13996916	-0.23353584	0.2429739	-0.3540952	0.26788813	-0.15297309	0.10570183	-0.44455913	1.0	-0.7129782	0.16091737	-0.087564364	0.27283588	-0.1517859	0.108648315	-0.09833839	0.08294009	-0.0390399	0.09794845	-0.0829722	0.09397286	-0.08622297	0.03587504	-0.06165628	0.06484751	-0.03283168	0.032095496
0.17224868	-0.19506451	0.1815753	-0.16293934	0.23183283	-0.24873467	0.27530804	-0.4358222	0.1842684	-0.1269311	0.2707399	-0.7129782	0.9999999	-0.21204217	0.100839645	-0.32694194	0.13837393	-0.11933589	0.10850563	-0.094584905	0.04258767	-0.10412988	0.08853307	-0.10598294	0.09542532	-0.039750874	0.06590374	-0.07138253	0.036438014	-0.035956766
-0.14927496	0.16076085	-0.27118054	0.2564718	-0.40224937	0.16197436	-0.2051482	0.2549877	-0.6992575	0.23584604	-0.15754308	0.16091737	-0.21204217	1.0	-0.2475802	0.20147988	-0.1521121	0.16228107	-0.2427989	0.17057309	-0.04692771	0.11639025	-0.118653655	0.14550647	-0.1670325	0.042764287	-0.08225888	0.08600873	-0.0567981	0.05489767
0.073066905	-0.08042104	0.1120782	-0.113927126	0.18008694	-0.08669945	0.09482315	-0.122340396	0.18521133	-0.7842243	0.08696769	-0.087564364	0.100839645	-0.2475802	1.0000001	-0.12891683	0.13917731	-0.16702145	0.21330991	-0.42677805	0.04300687	-0.115786836	0.12398561	-0.17400958	0.22848739	-0.039381325	0.08050815	-0.08656285	0.069606476	-0.06993956
-0.23668927	0.20387131	-0.23601303	0.19210897	-0.4410385	0.27415398	-0.26271927	0.23852757	-0.18883333	0.14891402	-0.617388	0.27283588	-0.32694194	0.20147988	-0.12891683	0.9999998	-0.23258044	0.1557482	-0.14868163	0.12263118	-0.07872302	0.14415899	-0.12995476	0.14007229	-0.13365284	0.068451814	-0.101481184	0.102387995	-0.050871287	0.04914578
0.08440233	-0.08659823	0.102515966	-0.09425715	0.1769776	-0.10635456	0.10870401	-0.11825994	0.11697551	-0.1639797	0.13507915	-0.1517859	0.13837393	-0.1521121	0.13917731	-0.23258044	0.9999999	-0.5495322	0.25636154	-0.20237598	0.09825251	-0.5839946	0.2754849	-0.28163505	0.20071155	-0.09372225	0.19110194	-0.20753725	0.078476906	-0.077867135
-0.074975535	0.07738484	-0.09986037	0.092270374	-0.17836802	0.089500785	-0.09600388	0.107434675	-0.12679778	0.1663095	-0.10765445	0.108648315	-0.11933589	0.16228107	-0.16702145	0.1557482	-0.5495322	0.99999934	-0.6169045	0.24227916	-0.07814785	0.25539634	-0.28456068	0.23777525	-0.2575157	0.06999617	-0.1590022	0.15494612	-0.0841486	0.07986065
0.07404897	-0.079365894	0.10460515	-0.101098835	0.1760109	-0.08907799	0.09504822	-0.114522	0.15248229	-0.23546447	0.09714309	-0.09833839	0.10850563	-0.2427989	0.21330991	-0.14868163	0.25636154	-0.6169045	0.9999993	-0.50675505	0.064680025	-0.21418044	0.20544569	-0.29523292	0.27029872	-0.06010525	0.12610267	-0.13977252	0.08932771	-0.09106945
-0.06515155	0.06925842	-0.09383024	0.089695565	-0.165547	0.07695336	-0.08303482	0.099025875	-0.13317738	0.26432937	-0.08343758	0.08294009	-0.094584905	0.17057309	-0.42677805	0.12263118	-0.20237598	0.24227916	-0.50675505	0.99999887	-0.05519995	0.157314	-0.18406765	0.2501894	-0.58296245	0.049927857	-0.10893105	0.11335422	-0.11118374	0.10854841
0.028831528	-0.029044554	0.035454165	-0.032174222	0.0650796	-0.035311095	0.03523226	-0.03842565	0.03763243	-0.049779978	0.04601868	-0.0390399	0.04258767	-0.04692771	0.04300687	-0.07872302	0.09825251	-0.07814785	0.064680025	-0.05519995	0.999999	-0.14815044	0.10890907	-0.091169365	0.066606075	-0.9411454	0.1949694	-0.20492049	0.028569322	-0.027667541
-0.06451229	0.06578896	-0.08208095	0.07491294	-0.14973179	0.078040265	-0.08204661	0.08945635	-0.09314748	0.12561414	-0.09758269	0.09794845	-0.10412988	0.11639025	-0.115786836	0.14415899	-0.5839946	0.25539634	-0.21418044	0.157314	-0.14815044	0.9999988	-0.5514871	0.2595295	-0.20870222	0.12635219	-0.34882012	0.2590335	-0.07985575	0.07427585
0.0583641	-0.0608581	0.076475196	-0.07144367	0.13705902	-0.071390234	0.073607445	-0.08383324	0.09142808	-0.14216404	0.08299959	-0.0829722	0.08853307	-0.118653655	0.12398561	-0.12995476	0.2754849	-0.28456068	0.20544569	-0.18406765	0.10890907	-0.5514871	0.99999887	-0.55964285	0.23270871	-0.102415316	0.2512833	-0.36585715	0.09931193	-0.09629349
-0.070630945	0.073444925	-0.096673205	0.0896336	-0.18141246	0.08374956	-0.088695526	0.101071246	-0.116391726	0.17351025	-0.09567739	0.09397286	-0.10598294	0.14550647	-0.17400958	0.14007229	-0.28163505	0.23777525	-0.29523292	0.2501894	-0.091169365	0.2595295	-0.55964285	0.9999988	-0.5361919	0.08060426	-0.19661239	0.19725226	-0.19977638	0.16342576
0.06640783	-0.07121792	0.0925419	-0.08964474	0.15990111	-0.08055117	0.08416621	-0.10159867	0.12453794	-0.26788077	0.08665495	-0.08622297	0.09542532	-0.1670325	0.22848739	-0.13365284	0.20071155	-0.2575157	0.27029872	-0.58296245	0.066606075	-0.20870222	0.23270871	-0.5361919	0.99999875	-0.062006477	0.13297117	-0.15500695	0.17496908	-0.21619822
-0.026720924	0.026764559	-0.03302792	0.029792067	-0.061525643	0.032340433	-0.032618746	0.03530936	-0.034665417	0.044753417	-0.04260466	0.03587504	-0.039750874	0.042764287	-0.039381325	0.068451814	-0.09372225	0.06999617	-0.06010525	0.049927857	-0.9411454	0.12635219	-0.102415316	0.08060426	-0.062006477	0.99999875	-0.2462018	0.17408662	-0.02611031	0.02498639
0.043756057	-0.045327622	0.056308996	-0.052213855	0.102056496	-0.05374832	0.05470283	-0.061685275	0.06418847	-0.09299569	0.06348933	-0.06165628	0.06590374	-0.08225888	0.08050815	-0.101481184	0.19110194	-0.1590022	0.12610267	-0.10893105	0.1949694	-0.34882012	0.2512833	-0.19661239	0.13297117	-0.2462018	0.99999857	-0.81829816	0.059496693	-0.057604503
-0.04700735	0.048313428	-0.061405186	0.05634311	-0.11491812	0.056617	-0.05863409	0.0653942	-0.06880685	0.09457057	-0.06750037	0.06484751	-0.07138253	0.08600873	-0.08656285	0.102387995	-0.20753725	0.15494612	-0.13977252	0.11335422	-0.20492049	0.2590335	-0.36585715	0.19725226	-0.15500695	0.17408662	-0.81829816	0.99999857	-0.068299785	0.06275692
0.025104271	-0.026613832	0.034514233	-0.032815658	0.062027108	-0.030352991	0.03156526	-0.03724647	0.043489568	-0.07959468	0.03315477	-0.03283168	0.036438014	-0.0567981	0.069606476	-0.050871287	0.078476906	-0.0841486	0.08932771	-0.11118374	0.028569322	-0.07985575	0.09931193	-0.19977638	0.17496908	-0.02611031	0.059496693	-0.068299785	0.99999857	-0.9495502
-0.02468253	0.026064308	-0.0341182	0.032247838	-0.06226313	0.029614054	-0.030999823	0.036349874	-0.042644292	0.07508584	-0.032498024	0.032095496	-0.035956766	0.05489767	-0.06993956	0.04914578	-0.077867135	0.07986065	-0.09106945	0.10854841	-0.027667541	0.07427585	-0.09629349	0.16342576	-0.21619822	0.02498639	-0.057604503	0.06275692	-0.9495502	0.99999857
