1.0	-0.2018726	0.09913012	-0.11797054	0.064048804	-0.85971177	0.15999068	-0.09433892	0.08687853	-0.054628074	0.2708405	-0.15254517	0.113750674	-0.08737463	0.061755538	-0.3146127	0.11752169	-0.10457905	0.086384304	-0.07294688	0.04983801	-0.101641074	0.098247446	-0.07251065	0.08841109	-0.05137708	0.06621269	-0.063655324	0.08111343	-0.09435895
-0.2018726	0.99999994	-0.30224705	0.15391304	-0.09073666	0.15281843	-0.8340296	0.2220445	-0.14057513	0.07752754	-0.18862556	0.2265807	-0.19252886	0.12580954	-0.086635515	0.16990049	-0.16957943	0.14170218	-0.12176704	0.09611995	-0.054747846	0.12391179	-0.13530928	0.09318662	-0.10292872	0.053587627	-0.0861579	0.079465926	-0.10625119	0.09742398
0.09913012	-0.30224705	0.99999994	-0.302626	0.13132021	-0.0845451	0.22408676	-0.81258273	0.2365269	-0.122249104	0.1386641	-0.18761376	0.20330042	-0.18582205	0.11990915	-0.15983462	0.13890442	-0.16050169	0.14863983	-0.13618879	0.055732526	-0.12565017	0.13072567	-0.11495762	0.122887395	-0.056590706	0.085489765	-0.0838366	0.12268098	-0.12275225
-0.11797054	0.15391304	-0.302626	0.99999994	-0.37379295	0.09222193	-0.15382594	0.23933963	-0.59253484	0.25059435	-0.20008707	0.19681554	-0.26268196	0.29033262	-0.24384706	0.19792637	-0.17991549	0.20802727	-0.28228253	0.23477726	-0.08700927	0.1690307	-0.20344183	0.19987684	-0.27159885	0.084364854	-0.13719451	0.1298876	-0.24758802	0.20928879
0.064048804	-0.09073666	0.13132021	-0.37379295	0.9999997	-0.051656213	0.085243836	-0.13320126	0.25242022	-0.7782649	0.10975649	-0.12595813	0.15234837	-0.22134134	0.2721023	-0.13078173	0.109374516	-0.13664979	0.17849174	-0.32673046	0.051839575	-0.107696325	0.11820397	-0.13369158	0.14883831	-0.052787237	0.07982155	-0.07934639	0.1387363	-0.14991106
-0.85971177	0.15281843	-0.0845451	0.09222193	-0.051656213	0.9999997	-0.15932293	0.07866356	-0.070823945	0.0438683	-0.39645478	0.12844148	-0.09634821	0.07063481	-0.04984814	0.23339379	-0.09802302	0.08489119	-0.07031534	0.05817491	-0.039387375	0.081357256	-0.08062312	0.058062088	-0.07014977	0.040079646	-0.05373692	0.051094804	-0.065468386	0.072713204
0.15999068	-0.8340296	0.22408676	-0.15382594	0.085243836	-0.15932293	1.0	-0.26217338	0.13419887	-0.07475862	0.16876046	-0.3201787	0.18296388	-0.124349356	0.08247696	-0.17204604	0.16684161	-0.143224	0.11540293	-0.09343766	0.052064423	-0.12586074	0.1266861	-0.089452624	0.09573507	-0.051803183	0.08136496	-0.07656043	0.09901237	-0.09380566
-0.09433892	0.2220445	-0.81258273	0.23933963	-0.13320126	0.07866356	-0.26217338	1.0	-0.324566	0.12040732	-0.13419497	0.17821488	-0.2521075	0.18714295	-0.12075022	0.1427236	-0.137818	0.15713543	-0.15219337	0.12867488	-0.052447397	0.11827052	-0.12961175	0.1101937	-0.116575785	0.052409317	-0.08284223	0.08004018	-0.120603405	0.11074655
0.08687853	-0.14057513	0.2365269	-0.59253484	0.25242022	-0.070823945	0.13419887	-0.324566	1.0000001	-0.3156149	0.14453255	-0.18097846	0.23257999	-0.51125926	0.22876623	-0.16574222	0.15034887	-0.19266945	0.24451871	-0.2400045	0.06569799	-0.14264546	0.1569885	-0.17545925	0.17197785	-0.0662835	0.10398525	-0.10294699	0.1772661	-0.16458288
-0.054628074	0.07752754	-0.122249104	0.25059435	-0.7782649	0.0438683	-0.07475862	0.12040732	-0.3156149	1.0000001	-0.09336945	0.10763652	-0.14063728	0.20782249	-0.41843203	0.105975665	-0.095020555	0.118733026	-0.16792686	0.26083896	-0.04348599	0.09108674	-0.10342372	0.11475144	-0.12803839	0.043690078	-0.06903413	0.06785255	-0.12384556	0.11794436
0.2708405	-0.18862556	0.1386641	-0.20008707	0.10975649	-0.39645478	0.16876046	-0.13419497	0.14453255	-0.09336945	1.0000001	-0.31075034	0.20006074	-0.15192029	0.107012205	-0.71419984	0.22152232	-0.19098556	0.15214956	-0.12741226	0.09192572	-0.18854375	0.17753507	-0.12867576	0.15724671	-0.09476682	0.12000719	-0.11540723	0.14366433	-0.16828464
-0.15254517	0.2265807	-0.18761376	0.19681554	-0.12595813	0.12844148	-0.3201787	0.17821488	-0.18097846	0.10763652	-0.31075034	1.0000002	-0.49351934	0.20375912	-0.13185944	0.25848734	-0.5623923	0.2927466	-0.2092909	0.14630745	-0.094397664	0.24889693	-0.2636501	0.1520955	-0.15160114	0.090606056	-0.16162664	0.1439446	-0.17167605	0.14350516
0.113750674	-0.19252886	0.20330042	-0.26268196	0.15234837	-0.09634821	0.18296388	-0.2521075	0.23257999	-0.14063728	0.20006074	-0.49351934	1.0000005	-0.3948144	0.17323373	-0.23954433	0.28868946	-0.53495204	0.2652471	-0.20109734	0.08856423	-0.24340673	0.24518003	-0.18836442	0.16290252	-0.090264864	0.14716418	-0.14913538	0.18730287	-0.16388594
-0.08737463	0.12580954	-0.18582205	0.29033262	-0.22134134	0.07063481	-0.124349356	0.18714295	-0.51125926	0.20782249	-0.15192029	0.20375912	-0.3948144	1.0000005	-0.355672	0.16780902	-0.18089941	0.24641673	-0.49640784	0.2697742	-0.070752144	0.1608566	-0.18921085	0.21774453	-0.1824713	0.070517145	-0.120681755	0.118900314	-0.2297685	0.16522467
0.061755538	-0.086635515	0.11990915	-0.24384706	0.2721023	-0.04984814	0.08247696	-0.12075022	0.22876623	-0.41843203	0.107012205	-0.13185944	0.17323373	-0.355672	1.0000006	-0.12501733	0.11595538	-0.1550919	0.23569882	-0.7310696	0.051283024	-0.11152718	0.12527142	-0.15350673	0.15367454	-0.05187629	0.08309219	-0.08292031	0.15288396	-0.14506206
-0.3146127	0.16990049	-0.15983462	0.19792637	-0.13078173	0.23339379	-0.17204604	0.1427236	-0.16574222	0.105975665	-0.71419984	0.25848734	-0.23954433	0.16780902	-0.12501733	1.0000005	-0.31429735	0.21318066	-0.18530944	0.14118844	-0.11841399	0.20861322	-0.23270477	0.1504392	-0.20473559	0.108750775	-0.1530222	0.13690087	-0.18189085	0.17686315
0.11752169	-0.16957943	0.13890442	-0.17991549	0.109374516	-0.09802302	0.16684161	-0.137818	0.15034887	-0.095020555	0.22152232	-0.5623923	0.28868946	-0.18089941	0.11595538	-0.31429735	1.0000005	-0.4618455	0.1981657	-0.13764714	0.10221752	-0.47610614	0.2828508	-0.1518192	0.13752627	-0.10088917	0.17906699	-0.16682705	0.16025068	-0.13615695
-0.10457905	0.14170218	-0.16050169	0.20802727	-0.13664979	0.08489119	-0.143224	0.15713543	-0.19266945	0.118733026	-0.19098556	0.2927466	-0.53495204	0.24641673	-0.1550919	0.21318066	-0.4618455	1.0000005	-0.39035252	0.17781462	-0.094907	0.27270192	-0.42334267	0.20170614	-0.16032963	0.09352768	-0.1777344	0.17419109	-0.20969786	0.15408823
0.086384304	-0.12176704	0.14863983	-0.28228253	0.17849174	-0.07031534	0.11540293	-0.15219337	0.24451871	-0.16792686	0.15214956	-0.2092909	0.2652471	-0.49640784	0.23569882	-0.18530944	0.1981657	-0.39035252	1.0000002	-0.35702926	0.07759499	-0.18848927	0.21265778	-0.4794427	0.19328532	-0.07929737	0.13509457	-0.1419631	0.276252	-0.19751607
-0.07294688	0.09611995	-0.13618879	0.23477726	-0.32673046	0.05817491	-0.09343766	0.12867488	-0.2400045	0.26083896	-0.12741226	0.14630745	-0.20109734	0.2697742	-0.7310696	0.14118844	-0.13764714	0.17781462	-0.35702926	1.0000002	-0.061333288	0.12984364	-0.15484928	0.18608871	-0.2160294	0.061024003	-0.1026031	0.10047821	-0.20531973	0.17259324
0.04983801	-0.054747846	0.055732526	-0.08700927	0.051839575	-0.039387375	0.052064423	-0.052447397	0.06569799	-0.04348599	0.09192572	-0.094397664	0.08856423	-0.070752144	0.051283024	-0.11841399	0.10221752	-0.094907	0.07759499	-0.061333288	1.0000006	-0.18279698	0.1367131	-0.07474871	0.08130409	-0.9497722	0.14146265	-0.12582925	0.08782122	-0.08402995
-0.101641074	0.12391179	-0.12565017	0.1690307	-0.107696325	0.081357256	-0.12586074	0.11827052	-0.14264546	0.09108674	-0.18854375	0.24889693	-0.24340673	0.1608566	-0.11152718	0.20861322	-0.47610614	0.27270192	-0.18848927	0.12984364	-0.18279698	1.0000006	-0.5986896	0.16379517	-0.14703208	0.15633395	-0.4078372	0.27130663	-0.19142276	0.14334002
0.098247446	-0.13530928	0.13072567	-0.20344183	0.11820397	-0.08062312	0.1266861	-0.12961175	0.1569885	-0.10342372	0.17753507	-0.2636501	0.24518003	-0.18921085	0.12527142	-0.23270477	0.2828508	-0.42334267	0.21265778	-0.15484928	0.1367131	-0.5986896	1.0000005	-0.21605852	0.15873143	-0.1467934	0.28373212	-0.415011	0.2099739	-0.17077771
-0.07251065	0.09318662	-0.11495762	0.19987684	-0.13369158	0.058062088	-0.089452624	0.1101937	-0.17545925	0.11475144	-0.12867576	0.1520955	-0.18836442	0.21774453	-0.15350673	0.1504392	-0.1518192	0.20170614	-0.4794427	0.18608871	-0.07474871	0.16379517	-0.21605852	1.0000004	-0.24875246	0.075224586	-0.15637375	0.1648948	-0.7260924	0.22184698
0.08841109	-0.10292872	0.122887395	-0.27159885	0.14883831	-0.07014977	0.09573507	-0.116575785	0.17197785	-0.12803839	0.15724671	-0.15160114	0.16290252	-0.1824713	0.15367454	-0.20473559	0.13752627	-0.16032963	0.19328532	-0.2160294	0.08130409	-0.14703208	0.15873143	-0.24875246	1.0000002	-0.08484631	0.1167724	-0.118665606	0.24385223	-0.82938874
-0.05137708	0.053587627	-0.056590706	0.084364854	-0.052787237	0.040079646	-0.051803183	0.052409317	-0.0662835	0.043690078	-0.09476682	0.090606056	-0.090264864	0.070517145	-0.05187629	0.108750775	-0.10088917	0.09352768	-0.07929737	0.061024003	-0.9497722	0.15633395	-0.1467934	0.075224586	-0.08484631	1.0000001	-0.16614212	0.12372839	-0.09230596	0.08195202
0.06621269	-0.0861579	0.085489765	-0.13719451	0.07982155	-0.05373692	0.08136496	-0.08284223	0.10398525	-0.06903413	0.12000719	-0.16162664	0.14716418	-0.120681755	0.08309219	-0.1530222	0.17906699	-0.1777344	0.13509457	-0.1026031	0.14146265	-0.4078372	0.28373212	-0.15637375	0.1167724	-0.16614212	0.99999994	-0.79912233	0.18218382	-0.13134097
-0.063655324	0.079465926	-0.0838366	0.1298876	-0.07934639	0.051094804	-0.07656043	0.08004018	-0.10294699	0.06785255	-0.11540723	0.1439446	-0.14913538	0.118900314	-0.08292031	0.13690087	-0.16682705	0.17419109	-0.1419631	0.10047821	-0.12582925	0.27130663	-0.415011	0.1648948	-0.118665606	0.12372839	-0.79912233	0.9999999	-0.24842367	0.12696473
0.08111343	-0.10625119	0.12268098	-0.24758802	0.1387363	-0.065468386	0.09901237	-0.120603405	0.1772661	-0.12384556	0.14366433	-0.17167605	0.18730287	-0.2297685	0.15288396	-0.18189085	0.16025068	-0.20969786	0.276252	-0.20531973	0.08782122	-0.19142276	0.2099739	-0.7260924	0.24385223	-0.09230596	0.18218382	-0.24842367	0.99999994	-0.34263974
-0.09435895	0.09742398	-0.12275225	0.20928879	-0.14991106	0.072713204	-0.09380566	0.11074655	-0.16458288	0.11794436	-0.16828464	0.14350516	-0.16388594	0.16522467	-0.14506206	0.17686315	-0.13615695	0.15408823	-0.19751607	0.17259324	-0.08402995	0.14334002	-0.17077771	0.22184698	-0.82938874	0.08195202	-0.13134097	0.12696473	-0.34263974	0.99999994
