1.0000001	-0.46020395	0.17549214	-0.043396946	0.04249158	-0.7647427	0.28981614	-0.18762627	0.08956028	-0.08420039	0.23949513	-0.20784321	0.17073645	-0.100302204	0.08020787	-0.12042193	0.13011539	-0.18317348	0.08354712	-0.08223209	0.09259583	-0.10351282	0.08212678	-0.09395929	0.057337344	-0.1283581	0.098008916	-0.050331697	0.043015696	-0.06424153
-0.46020395	1.0000002	-0.40858763	0.059026524	-0.05925664	0.28674996	-0.61059326	0.25164947	-0.11536325	0.09947907	-0.2782705	0.24650127	-0.23566873	0.12079393	-0.096547864	0.12594967	-0.15764636	0.180342	-0.09296732	0.089363605	-0.10135668	0.1123357	-0.085517004	0.09569984	-0.060088627	0.12978123	-0.10848833	0.052055765	-0.045114268	0.06594209
0.17549214	-0.40858763	1.0000004	-0.10807899	0.09670116	-0.15163966	0.21574624	-0.79062676	0.16462289	-0.14323589	0.17793739	-0.17367996	0.22506826	-0.15797254	0.11710965	-0.10105956	0.115735166	-0.19201505	0.10356261	-0.103918895	0.08204756	-0.09283488	0.08531251	-0.09874627	0.063323826	-0.11346836	0.09067487	-0.05186783	0.044457547	-0.07005947
-0.043396946	0.059026524	-0.10807899	1.0000004	-0.9758112	0.03759571	-0.051203024	0.094004996	-0.10783905	0.097056605	-0.06093046	0.05010698	-0.08282672	0.07997528	-0.07396226	0.03385339	-0.03906414	0.07314747	-0.05309249	0.05191379	-0.028755957	0.03211988	-0.03425664	0.039440278	-0.027755875	0.039489757	-0.033018477	0.020746753	-0.018053904	0.02956819
0.04249158	-0.05925664	0.09670116	-0.9758112	1.0000005	-0.037515126	0.05026311	-0.097251534	0.10063246	-0.10730997	0.060230944	-0.05052852	0.081184715	-0.08271608	0.074218825	-0.034725018	0.03963335	-0.078285456	0.054083556	-0.05435602	0.029446865	-0.03303792	0.035878997	-0.041652307	0.028991416	-0.04103259	0.033863407	-0.02178457	0.018853955	-0.031211793
-0.7647427	0.28674996	-0.15163966	0.03759571	-0.037515126	1.0000002	-0.424579	0.14775863	-0.080632634	0.07414442	-0.3480704	0.21791564	-0.17179435	0.09104819	-0.07321222	0.119435504	-0.13613124	0.16117798	-0.07575555	0.073462725	-0.092408	0.10114368	-0.07504725	0.08446386	-0.051731206	0.120341696	-0.09580184	0.045869593	-0.039494768	0.057448085
0.28981614	-0.61059326	0.21574624	-0.051203024	0.05026311	-0.424579	1.0	-0.23542356	0.109338716	-0.100796774	0.2769783	-0.46569505	0.22633116	-0.12429384	0.096602924	-0.15389657	0.18638514	-0.20714821	0.09830119	-0.09601096	0.1168295	-0.1375005	0.096811414	-0.10898337	0.06648137	-0.15378329	0.122104004	-0.058696203	0.050423633	-0.07380918
-0.18762627	0.25164947	-0.79062676	0.094004996	-0.097251534	0.14775863	-0.23542356	0.99999994	-0.24214281	0.15789618	-0.20320894	0.17954019	-0.33264995	0.1821828	-0.13891938	0.103825614	-0.12395119	0.18562026	-0.11388174	0.11005797	-0.085694894	0.095501915	-0.08628766	0.09832121	-0.06503821	0.113939986	-0.09495759	0.052237887	-0.04529608	0.070419505
0.08956028	-0.11536325	0.16462289	-0.10783905	0.10063246	-0.080632634	0.109338716	-0.24214281	1.0	-0.6331681	0.1400352	-0.12534268	0.23802452	-0.59185386	0.30536118	-0.08332772	0.09610365	-0.20013544	0.18417853	-0.19465472	0.07088812	-0.08088784	0.095695116	-0.11209048	0.08335201	-0.09759801	0.08214239	-0.056986574	0.049608983	-0.08752068
-0.08420039	0.09947907	-0.14323589	0.097056605	-0.10730997	0.07414442	-0.100796774	0.15789618	-0.6331681	1.0	-0.13961783	0.11274934	-0.22842547	0.31571946	-0.60805	0.07669926	-0.09098482	0.17704828	-0.22545415	0.21496977	-0.06676213	0.07546447	-0.09425062	0.10713077	-0.08781722	0.088487834	-0.07853547	0.054700475	-0.048849955	0.08591274
0.23949513	-0.2782705	0.17793739	-0.06093046	0.060230944	-0.3480704	0.2769783	-0.20320894	0.1400352	-0.13961783	1.0000004	-0.52077705	0.2854009	-0.17197841	0.13911973	-0.3251222	0.27640688	-0.38523608	0.15902977	-0.15720637	0.21445446	-0.23424749	0.17140207	-0.19672593	0.11627062	-0.29828122	0.21062663	-0.10535754	0.08940676	-0.1317643
-0.20784321	0.24650127	-0.17367996	0.05010698	-0.05052852	0.21791564	-0.46569505	0.17954019	-0.12534268	0.11274934	-0.52077705	1.0000004	-0.4125066	0.15297487	-0.11780644	0.22332661	-0.42931804	0.24575633	-0.12050068	0.11466954	-0.17525333	0.205294	-0.12470719	0.13464591	-0.08168263	0.20334375	-0.18025798	0.074047975	-0.06437724	0.089403786
0.17073645	-0.23566873	0.22506826	-0.08282672	0.081184715	-0.17179435	0.22633116	-0.33264995	0.23802452	-0.22842547	0.2854009	-0.4125066	1.0000002	-0.4211966	0.22391018	-0.19817463	0.22211649	-0.43770906	0.21358992	-0.2195679	0.15863518	-0.18621758	0.18237706	-0.21557024	0.13357957	-0.22752964	0.17625667	-0.10932543	0.09259274	-0.15064071
-0.100302204	0.12079393	-0.15797254	0.07997528	-0.08271608	0.09104819	-0.12429384	0.1821828	-0.59185386	0.31571946	-0.17197841	0.15297487	-0.4211966	1.0000001	-0.4943336	0.09687146	-0.115629986	0.22031544	-0.2827028	0.2326579	-0.08302874	0.09445183	-0.11308814	0.12959363	-0.098906875	0.11081188	-0.09634998	0.06482604	-0.0573269	0.099457674
0.08020787	-0.096547864	0.11710965	-0.07396226	0.074218825	-0.07321222	0.096602924	-0.13891938	0.30536118	-0.60805	0.13911973	-0.11780644	0.22391018	-0.4943336	1.0000001	-0.083412245	0.096992664	-0.22346245	0.26208434	-0.43073288	0.0726096	-0.083599396	0.11255055	-0.13392793	0.11326948	-0.09882156	0.086086474	-0.06718809	0.058956668	-0.11510364
-0.12042193	0.12594967	-0.10105956	0.03385339	-0.034725018	0.119435504	-0.15389657	0.103825614	-0.08332772	0.07669926	-0.3251222	0.22332661	-0.19817463	0.09687146	-0.083412245	0.99999994	-0.50069124	0.19523546	-0.09563732	0.0869436	-0.67427504	0.2915825	-0.1261916	0.12440441	-0.07410424	0.27913013	-0.27212176	0.07692924	-0.06943972	0.078414194
0.13011539	-0.15764636	0.115735166	-0.03906414	0.03963335	-0.13613124	0.18638514	-0.12395119	0.09610365	-0.09098482	0.27640688	-0.42931804	0.22211649	-0.115629986	0.096992664	-0.50069124	0.9999997	-0.26800877	0.11496834	-0.105775476	0.29218814	-0.5307736	0.15838815	-0.16116112	0.08816215	-0.31797242	0.26687855	-0.08878661	0.076959014	-0.09513759
-0.18317348	0.180342	-0.19201505	0.07314747	-0.078285456	0.16117798	-0.20714821	0.18562026	-0.20013544	0.17704828	-0.38523608	0.24575633	-0.43770906	0.22031544	-0.22346245	0.19523546	-0.26800877	0.9999994	-0.35906664	0.23155597	-0.18541674	0.2089525	-0.41784418	0.27778265	-0.17554083	0.21381922	-0.2274904	0.1263025	-0.119565375	0.16304274
0.08354712	-0.09296732	0.10356261	-0.05309249	0.054083556	-0.07575555	0.09830119	-0.11388174	0.18417853	-0.22545415	0.15902977	-0.12050068	0.21358992	-0.2827028	0.26208434	-0.09563732	0.11496834	-0.35906664	0.99999934	-0.75232595	0.087234564	-0.10377752	0.18744048	-0.2558748	0.17455122	-0.113254294	0.10709045	-0.09424726	0.08369826	-0.17482117
-0.08223209	0.089363605	-0.103918895	0.05191379	-0.05435602	0.073462725	-0.09601096	0.11005797	-0.19465472	0.21496977	-0.15720637	0.11466954	-0.2195679	0.2326579	-0.43073288	0.0869436	-0.105775476	0.23155597	-0.75232595	0.9999994	-0.079685435	0.09204865	-0.15449537	0.17525747	-0.21721141	0.10159426	-0.098527424	0.08586535	-0.07949796	0.16583878
0.09259583	-0.10135668	0.08204756	-0.028755957	0.029446865	-0.092408	0.1168295	-0.085694894	0.07088812	-0.06676213	0.21445446	-0.17525333	0.15863518	-0.08302874	0.0726096	-0.67427504	0.29218814	-0.18541674	0.087234564	-0.079685435	0.9999996	-0.43914658	0.12834597	-0.1292778	0.071800195	-0.47061118	0.28039986	-0.07800477	0.0689446	-0.07674275
-0.10351282	0.1123357	-0.09283488	0.03211988	-0.03303792	0.10114368	-0.1375005	0.095501915	-0.08088784	0.07546447	-0.23424749	0.205294	-0.18621758	0.09445183	-0.083599396	0.2915825	-0.5307736	0.2089525	-0.10377752	0.09204865	-0.43914658	0.99999946	-0.21763399	0.16993675	-0.08891935	0.31189063	-0.5612604	0.09976407	-0.0893633	0.09222721
0.08212678	-0.085517004	0.08531251	-0.03425664	0.035878997	-0.07504725	0.096811414	-0.08628766	0.095695116	-0.09425062	0.17140207	-0.12470719	0.18237706	-0.11308814	0.11255055	-0.1261916	0.15838815	-0.41784418	0.18744048	-0.15449537	0.12834597	-0.21763399	0.9999991	-0.79382294	0.18223737	-0.14743315	0.16124983	-0.13849968	0.11656093	-0.18730108
-0.09395929	0.09569984	-0.09874627	0.039440278	-0.041652307	0.08446386	-0.10898337	0.09832121	-0.11209048	0.10713077	-0.19672593	0.13464591	-0.21557024	0.12959363	-0.13392793	0.12440441	-0.16116112	0.27778265	-0.2558748	0.17525747	-0.1292778	0.16993675	-0.79382294	0.9999995	-0.27290407	0.14434764	-0.16697443	0.1293145	-0.12600149	0.19733404
0.057337344	-0.060088627	0.063323826	-0.027755875	0.028991416	-0.051731206	0.06648137	-0.06503821	0.08335201	-0.08781722	0.11627062	-0.08168263	0.13357957	-0.098906875	0.11326948	-0.07410424	0.08816215	-0.17554083	0.17455122	-0.21721141	0.071800195	-0.08891935	0.18223737	-0.27290407	0.9999999	-0.09663362	0.09983735	-0.21369287	0.18797016	-0.8551362
-0.1283581	0.12978123	-0.11346836	0.039489757	-0.04103259	0.120341696	-0.15378329	0.113939986	-0.09759801	0.088487834	-0.29828122	0.20334375	-0.22752964	0.11081188	-0.09882156	0.27913013	-0.31797242	0.21381922	-0.113254294	0.10159426	-0.47061118	0.31189063	-0.14743315	0.14434764	-0.09663362	0.99999964	-0.65749955	0.12003149	-0.11420728	0.099475235
0.098008916	-0.10848833	0.09067487	-0.033018477	0.033863407	-0.09580184	0.122104004	-0.09495759	0.08214239	-0.07853547	0.21062663	-0.18025798	0.17625667	-0.09634998	0.086086474	-0.27212176	0.26687855	-0.2274904	0.10709045	-0.098527424	0.28039986	-0.5612604	0.16124983	-0.16697443	0.09983735	-0.65749955	0.99999934	-0.15998061	0.12420015	-0.10815469
-0.050331697	0.052055765	-0.05186783	0.020746753	-0.02178457	0.045869593	-0.058696203	0.052237887	-0.056986574	0.054700475	-0.10535754	0.074047975	-0.10932543	0.06482604	-0.06718809	0.07692924	-0.08878661	0.1263025	-0.09424726	0.08586535	-0.07800477	0.09976407	-0.13849968	0.1293145	-0.21369287	0.12003149	-0.15998061	0.99999917	-0.9120812	0.2041402
0.043015696	-0.045114268	0.044457547	-0.018053904	0.018853955	-0.039494768	0.050423633	-0.04529608	0.049608983	-0.048849955	0.08940676	-0.06437724	0.09259274	-0.0573269	0.058956668	-0.06943972	0.076959014	-0.119565375	0.08369826	-0.07949796	0.0689446	-0.0893633	0.11656093	-0.12600149	0.18797016	-0.11420728	0.12420015	-0.9120812	0.99999905	-0.27697873
-0.06424153	0.06594209	-0.07005947	0.02956819	-0.031211793	0.057448085	-0.07380918	0.070419505	-0.08752068	0.08591274	-0.1317643	0.089403786	-0.15064071	0.099457674	-0.11510364	0.078414194	-0.09513759	0.16304274	-0.17482117	0.16583878	-0.07674275	0.09222721	-0.18730108	0.19733404	-0.8551362	0.099475235	-0.10815469	0.2041402	-0.27697873	0.99999905
