1.0000001	-0.7961264	0.2624144	-0.13926508	0.14217918	-0.22936526	0.21893677	-0.23857903	0.121311925	-0.08845331	0.21795355	-0.18083693	0.16589081	-0.13361089	0.089691885	-0.123763375	0.15301557	-0.21991105	0.11863792	-0.1399218	0.12613924	-0.15728413	0.13043988	-0.1993595	0.15006015	-0.06778495	0.058899034	-0.18149184	0.11023816	-0.17005463
-0.7961264	1.0000001	-0.39473101	0.13988242	-0.15009245	0.19809993	-0.2749017	0.22007856	-0.112584814	0.07910455	-0.20852797	0.159964	-0.16181816	0.114917494	-0.08132328	0.09893076	-0.12486462	0.16281497	-0.089735076	0.10296857	-0.10232142	0.115448155	-0.096361175	0.14119643	-0.10998786	0.047414463	-0.04151941	0.12399573	-0.076538846	0.11661788
0.2624144	-0.39473101	1.0000001	-0.37336096	0.25359434	-0.19985777	0.2120967	-0.58169484	0.2104036	-0.14238514	0.22912508	-0.2411913	0.24134527	-0.21686912	0.13667606	-0.13257545	0.17217521	-0.23601076	0.1366211	-0.15690757	0.13505249	-0.16328686	0.13615718	-0.20379268	0.15551992	-0.06649342	0.05819712	-0.17407021	0.10786788	-0.16401902
-0.13926508	0.13988242	-0.37336096	1.0000001	-0.7766473	0.09809986	-0.107529536	0.20881043	-0.35254976	0.19229312	-0.13547514	0.117404744	-0.12795982	0.23922221	-0.18981996	0.07432639	-0.0968619	0.12993193	-0.10516948	0.113813125	-0.07926243	0.09251833	-0.0806709	0.123694055	-0.100619	0.037535388	-0.03309886	0.09884375	-0.063109085	0.09502355
0.14217918	-0.15009245	0.25359434	-0.7766473	0.9999997	-0.113316126	0.11855975	-0.23005997	0.25994316	-0.2853787	0.15411168	-0.13769192	0.13815868	-0.29342794	0.2076613	-0.090524636	0.116799064	-0.16466175	0.12821537	-0.14616798	0.09568896	-0.11722749	0.10147306	-0.15969495	0.12525849	-0.04842444	0.0425314	-0.12881815	0.08147458	-0.12351472
-0.22936526	0.19809993	-0.19985777	0.09809986	-0.113316126	1.0	-0.7680955	0.20689262	-0.09589118	0.06555811	-0.4675309	0.21512969	-0.19577584	0.09756576	-0.068996884	0.1270593	-0.15097715	0.17472106	-0.08695199	0.098788016	-0.124697275	0.12385466	-0.10158424	0.14073025	-0.10893914	0.04799946	-0.042243827	0.12152416	-0.07537886	0.11357874
0.21893677	-0.2749017	0.2120967	-0.107529536	0.11855975	-0.7680955	1.0000001	-0.29285893	0.106871925	-0.071972586	0.28409475	-0.30430076	0.21558474	-0.11063089	0.07440127	-0.128025	0.16125761	-0.19574437	0.095580965	-0.109248996	0.122147925	-0.13599475	0.11020234	-0.15539686	0.11792558	-0.0527335	0.046267334	-0.13417387	0.082897395	-0.12521762
-0.23857903	0.22007856	-0.58169484	0.20881043	-0.23005997	0.20689262	-0.29285893	1.0000001	-0.26038316	0.12810741	-0.26856092	0.27151138	-0.49883306	0.19765283	-0.13228399	0.12872012	-0.18022367	0.20468824	-0.11965304	0.13035612	-0.13392897	0.14172213	-0.11934186	0.16563591	-0.13340497	0.054057904	-0.047871687	0.1366794	-0.08649197	0.1292567
0.121311925	-0.112584814	0.2104036	-0.35254976	0.25994316	-0.09589118	0.106871925	-0.26038316	1.0	-0.31213307	0.13882403	-0.11950462	0.13696067	-0.7609395	0.24562871	-0.07625334	0.101319514	-0.13499236	0.15915994	-0.16513531	0.08305681	-0.09687541	0.08828105	-0.1430786	0.115420654	-0.038136408	0.03392953	-0.10052656	0.06664968	-0.09877669
-0.08845331	0.07910455	-0.14238514	0.19229312	-0.2853787	0.06555811	-0.071972586	0.12810741	-0.31213307	0.99999994	-0.10109304	0.07908988	-0.08716252	0.2516973	-0.85573083	0.05503147	-0.0720378	0.09628473	-0.1070633	0.11655034	-0.060750674	0.07001038	-0.06396296	0.10080902	-0.088269755	0.028135652	-0.025009805	0.07461875	-0.0493546	0.07346738
0.21795355	-0.20852797	0.22912508	-0.13547514	0.15411168	-0.4675309	0.28409475	-0.26856092	0.13882403	-0.10109304	0.99999994	-0.33619994	0.23983574	-0.15522277	0.1060477	-0.29688564	0.26120988	-0.36057892	0.1712379	-0.2012271	0.23513886	-0.25859475	0.20638905	-0.30374458	0.22191387	-0.104915	0.09121742	-0.27157795	0.16495341	-0.25191766
-0.18083693	0.159964	-0.2411913	0.117404744	-0.13769192	0.21512969	-0.30430076	0.27151138	-0.11950462	0.07908988	-0.33619994	0.99999994	-0.6949823	0.11869056	-0.08403632	0.17456031	-0.37767723	0.25491923	-0.10797677	0.11738841	-0.17139578	0.17253155	-0.13929068	0.16598032	-0.13137726	0.056991566	-0.051220536	0.13414358	-0.08555157	0.12492866
0.16589081	-0.16181816	0.24134527	-0.12795982	0.13815868	-0.19577584	0.21558474	-0.49883306	0.13696067	-0.08716252	0.23983574	-0.6949823	0.9999999	-0.14080255	0.08928423	-0.15311022	0.22810517	-0.26245007	0.111874476	-0.12426588	0.1442893	-0.16561806	0.1311688	-0.17203166	0.13124423	-0.05774358	0.051175714	-0.14007781	0.08823272	-0.13051869
-0.13361089	0.114917494	-0.21686912	0.23922221	-0.29342794	0.09756576	-0.11063089	0.19765283	-0.7609395	0.2516973	-0.15522277	0.11869056	-0.14080255	0.99999976	-0.34829453	0.08190955	-0.10924044	0.14145884	-0.23574531	0.18330775	-0.091765374	0.1029778	-0.097490415	0.15483406	-0.13399209	0.04034584	-0.036117084	0.10620803	-0.072065465	0.10542645
0.089691885	-0.08132328	0.13667606	-0.18981996	0.2076613	-0.068996884	0.07440127	-0.13228399	0.24562871	-0.85573083	0.1060477	-0.08403632	0.08928423	-0.34829453	0.9999998	-0.0599731	0.07848149	-0.108105145	0.1250022	-0.14945334	0.06604633	-0.078619406	0.07196651	-0.1171012	0.09862724	-0.031697966	0.028147038	-0.08464356	0.05597514	-0.08355725
-0.123763375	0.09893076	-0.13257545	0.07432639	-0.090524636	0.1270593	-0.128025	0.12872012	-0.07625334	0.05503147	-0.29688564	0.17456031	-0.15311022	0.08190955	-0.0599731	0.9999995	-0.41446683	0.26140577	-0.10322161	0.110225424	-0.79058003	0.21829648	-0.16863978	0.17084494	-0.13449718	0.06333981	-0.058079705	0.13140284	-0.085539296	0.120082855
0.15301557	-0.12486462	0.17217521	-0.0968619	0.116799064	-0.15097715	0.16125761	-0.18022367	0.101319514	-0.0720378	0.26120988	-0.37767723	0.22810517	-0.10924044	0.07848149	-0.41446683	0.9999995	-0.6133381	0.14668545	-0.15167396	0.2812423	-0.3742897	0.23332793	-0.22929549	0.17117436	-0.08147753	0.07465312	-0.16280392	0.10727434	-0.14749211
-0.21991105	0.16281497	-0.23601076	0.12993193	-0.16466175	0.17472106	-0.19574437	0.20468824	-0.13499236	0.09628473	-0.36057892	0.25491923	-0.26245007	0.14145884	-0.108105145	0.26140577	-0.6133381	0.99999964	-0.22899058	0.19516021	-0.32464054	0.2773298	-0.30755478	0.25802565	-0.23971274	0.083697364	-0.07807479	0.1868967	-0.12892681	0.17635874
0.11863792	-0.089735076	0.1366211	-0.10516948	0.12821537	-0.08695199	0.095580965	-0.11965304	0.15915994	-0.1070633	0.1712379	-0.10797677	0.111874476	-0.23574531	0.1250022	-0.10322161	0.14668545	-0.22899058	0.9999998	-0.7883988	0.12384338	-0.15613145	0.17114046	-0.39976284	0.24119256	-0.05586872	0.051208764	-0.15128642	0.11513915	-0.15958379
-0.1399218	0.10296857	-0.15690757	0.113813125	-0.14616798	0.098788016	-0.109248996	0.13035612	-0.16513531	0.11655034	-0.2012271	0.11738841	-0.12426588	0.18330775	-0.14945334	0.110225424	-0.15167396	0.19516021	-0.7883988	0.9999997	-0.13590404	0.14997236	-0.16877723	0.27066383	-0.36964023	0.05840803	-0.053717453	0.16010736	-0.12320571	0.17593624
0.12613924	-0.10232142	0.13505249	-0.07926243	0.09568896	-0.124697275	0.122147925	-0.13392897	0.08305681	-0.060750674	0.23513886	-0.17139578	0.1442893	-0.091765374	0.06604633	-0.79058003	0.2812423	-0.32464054	0.12384338	-0.13590404	0.99999946	-0.31176743	0.19769128	-0.22192584	0.1577914	-0.083029136	0.074080005	-0.16679749	0.10653732	-0.14997861
-0.15728413	0.115448155	-0.16328686	0.09251833	-0.11722749	0.12385466	-0.13599475	0.14172213	-0.09687541	0.07001038	-0.25859475	0.17253155	-0.16561806	0.1029778	-0.078619406	0.21829648	-0.3742897	0.2773298	-0.15613145	0.14997236	-0.31176743	0.99999946	-0.7034356	0.2784345	-0.22139762	0.12443992	-0.13835725	0.18539907	-0.13284245	0.15878813
0.13043988	-0.096361175	0.13615718	-0.0806709	0.10147306	-0.10158424	0.11020234	-0.11934186	0.08828105	-0.06396296	0.20638905	-0.13929068	0.1311688	-0.097490415	0.07196651	-0.16863978	0.23332793	-0.30755478	0.17114046	-0.16877723	0.19769128	-0.7034356	0.99999905	-0.49423978	0.21418907	-0.10787673	0.101998575	-0.22425447	0.14811411	-0.1690579
-0.1993595	0.14119643	-0.20379268	0.123694055	-0.15969495	0.14073025	-0.15539686	0.16563591	-0.1430786	0.10080902	-0.30374458	0.16598032	-0.17203166	0.15483406	-0.1171012	0.17084494	-0.22929549	0.25802565	-0.39976284	0.27066383	-0.22192584	0.2784345	-0.49423978	0.99999934	-0.42435047	0.093198515	-0.089008704	0.24565114	-0.23907016	0.24215543
0.15006015	-0.10998786	0.15551992	-0.100619	0.12525849	-0.10893914	0.11792558	-0.13340497	0.115420654	-0.088269755	0.22191387	-0.13137726	0.13124423	-0.13399209	0.09862724	-0.13449718	0.17117436	-0.23971274	0.24119256	-0.36964023	0.1577914	-0.22139762	0.21418907	-0.42435047	0.9999991	-0.11643174	0.10366684	-0.39514783	0.2759594	-0.5721749
-0.06778495	0.047414463	-0.06649342	0.037535388	-0.04842444	0.04799946	-0.0527335	0.054057904	-0.038136408	0.028135652	-0.104915	0.056991566	-0.05774358	0.04034584	-0.031697966	0.06333981	-0.08147753	0.083697364	-0.05586872	0.05840803	-0.083029136	0.12443992	-0.10787673	0.093198515	-0.11643174	0.99999917	-0.95712686	0.14979446	-0.10524078	0.08962326
0.058899034	-0.04151941	0.05819712	-0.03309886	0.0425314	-0.042243827	0.046267334	-0.047871687	0.03392953	-0.025009805	0.09121742	-0.051220536	0.051175714	-0.036117084	0.028147038	-0.058079705	0.07465312	-0.07807479	0.051208764	-0.053717453	0.074080005	-0.13835725	0.101998575	-0.089008704	0.10366684	-0.95712686	0.99999905	-0.1767921	0.09966248	-0.087395296
-0.18149184	0.12399573	-0.17407021	0.09884375	-0.12881815	0.12152416	-0.13417387	0.1366794	-0.10052656	0.07461875	-0.27157795	0.13414358	-0.14007781	0.10620803	-0.08464356	0.13140284	-0.16280392	0.1868967	-0.15128642	0.16010736	-0.16679749	0.18539907	-0.22425447	0.24565114	-0.39514783	0.14979446	-0.1767921	0.9999989	-0.68123835	0.3184367
0.11023816	-0.076538846	0.10786788	-0.063109085	0.08147458	-0.07537886	0.082897395	-0.08649197	0.06664968	-0.0493546	0.16495341	-0.08555157	0.08823272	-0.072065465	0.05597514	-0.085539296	0.10727434	-0.12892681	0.11513915	-0.12320571	0.10653732	-0.13284245	0.14811411	-0.23907016	0.2759594	-0.10524078	0.09966248	-0.68123835	0.9999988	-0.60642064
-0.17005463	0.11661788	-0.16401902	0.09502355	-0.12351472	0.11357874	-0.12521762	0.1292567	-0.09877669	0.07346738	-0.25191766	0.12492866	-0.13051869	0.10542645	-0.08355725	0.120082855	-0.14749211	0.17635874	-0.15958379	0.17593624	-0.14997861	0.15878813	-0.1690579	0.24215543	-0.5721749	0.08962326	-0.087395296	0.3184367	-0.60642064	0.9999988
