0.99999994	-0.9114953	0.20719522	-0.08797623	0.07734636	-0.27081084	0.16839474	-0.13560937	0.08429412	-0.078837425	0.13359387	-0.12544417	0.10589586	-0.09581931	0.06995413	-0.10514949	0.087841	-0.101250626	0.07532804	-0.07667008	0.06644538	-0.07357667	0.09493719	-0.06204703	0.069958515	-0.111721955	0.0639204	-0.062505126	0.06854705	-0.07473821
-0.9114953	0.99999994	-0.26682407	0.087478355	-0.077765204	0.20883927	-0.19304676	0.12793699	-0.08277374	0.07539189	-0.13081957	0.1202389	-0.10316978	0.09101305	-0.067259625	0.097939916	-0.08422068	0.09496146	-0.07189411	0.07198711	-0.06229814	0.06861296	-0.090606295	0.05870154	-0.0664995	0.102401786	-0.05984603	0.058122978	-0.06468016	0.069572926
0.20719522	-0.26682407	0.9999996	-0.37343156	0.2453673	-0.45528394	0.24302602	-0.29207352	0.24526171	-0.25660855	0.26147807	-0.22883841	0.23178177	-0.28353786	0.2075648	-0.25936773	0.19726902	-0.24467833	0.19234376	-0.2397734	0.17323522	-0.19505228	0.23585421	-0.16387446	0.20140205	-0.34202427	0.18039484	-0.18403749	0.19215322	-0.22892118
-0.08797623	0.087478355	-0.37343156	0.9999998	-0.6935589	0.17445523	-0.13001671	0.16964723	-0.4646396	0.28018615	-0.13873461	0.12070559	-0.15332481	0.25490853	-0.21716861	0.123152286	-0.10429247	0.12802163	-0.119942784	0.16483378	-0.08430211	0.094024315	-0.13299502	0.09594779	-0.14865032	0.14598441	-0.09340278	0.0915285	-0.11302568	0.12458852
0.07734636	-0.077765204	0.2453673	-0.6935589	0.99999994	-0.17931029	0.12611425	-0.17014518	0.28458872	-0.508807	0.13694341	-0.12180814	0.14881626	-0.2729304	0.23830692	-0.1276989	0.105579965	-0.13233824	0.12106461	-0.20024128	0.08707484	-0.09775516	0.13363408	-0.09937467	0.1543435	-0.15587497	0.09656373	-0.09689471	0.11639725	-0.13763808
-0.27081084	0.20883927	-0.45528394	0.17445523	-0.17931029	0.9999997	-0.47352505	0.2713245	-0.19236732	0.16352998	-0.4845287	0.2866979	-0.26072994	0.20210461	-0.15840185	0.24647814	-0.22054821	0.22947852	-0.19517061	0.16084896	-0.1595666	0.16950521	-0.25539798	0.15254423	-0.16513805	0.22356303	-0.14959364	0.13738172	-0.1650193	0.1586414
0.16839474	-0.19304676	0.24302602	-0.13001671	0.12611425	-0.47352505	0.9999997	-0.50964093	0.1653299	-0.12982388	0.29106325	-0.5609739	0.29049242	-0.18647276	0.122700505	-0.22360204	0.21651755	-0.23663709	0.1438365	-0.123321	0.12677912	-0.1401489	0.18080607	-0.11596922	0.118133165	-0.17454967	0.10754385	-0.10159958	0.116251715	-0.11766153
-0.13560937	0.12793699	-0.29207352	0.16964723	-0.17014518	0.2713245	-0.50964093	0.9999997	-0.28628346	0.16695592	-0.28545386	0.29671898	-0.60950595	0.24973863	-0.16366193	0.20536287	-0.21746033	0.24501392	-0.17056212	0.14648183	-0.13029058	0.1411429	-0.20871885	0.13179657	-0.14361124	0.17906119	-0.11794798	0.11074659	-0.13322213	0.1322596
0.08429412	-0.08277374	0.24526171	-0.4646396	0.28458872	-0.19236732	0.1653299	-0.28628346	0.9999994	-0.393389	0.16269824	-0.1576447	0.22287445	-0.6302027	0.25579807	-0.14439006	0.1280476	-0.16236117	0.14388502	-0.19546318	0.09579306	-0.107206	0.15198793	-0.11512194	0.16038163	-0.15689385	0.1013306	-0.099659026	0.1228829	-0.13675775
-0.078837425	0.07539189	-0.25660855	0.28018615	-0.508807	0.16352998	-0.12982388	0.16695592	-0.393389	0.9999994	-0.14450705	0.122863404	-0.16074017	0.28110707	-0.58571935	0.12656792	-0.109194405	0.13418885	-0.1419044	0.25106567	-0.08925897	0.099456355	-0.14948449	0.11178574	-0.22536819	0.15062355	-0.10668548	0.10336212	-0.13988198	0.15312608
0.13359387	-0.13081957	0.26147807	-0.13873461	0.13694341	-0.4845287	0.29106325	-0.28545386	0.16269824	-0.14450705	0.9999994	-0.48864147	0.2588229	-0.19707361	0.13748413	-0.47633982	0.27815753	-0.29583716	0.17972986	-0.15050215	0.19993183	-0.21864712	0.23526634	-0.14964029	0.14425275	-0.26422542	0.14884579	-0.1402834	0.15106514	-0.15409863
-0.12544417	0.1202389	-0.22883841	0.12070559	-0.12180814	0.2866979	-0.5609739	0.29671898	-0.1576447	0.122863404	-0.48864147	0.99999934	-0.42204687	0.18204913	-0.12189813	0.25889835	-0.3727555	0.26588792	-0.15585096	0.1206512	-0.14396013	0.1540667	-0.1983451	0.122819506	-0.11868041	0.17532462	-0.11107961	0.10317669	-0.11904787	0.11691721
0.10589586	-0.10316978	0.23178177	-0.15332481	0.14881626	-0.26072994	0.29049242	-0.60950595	0.22287445	-0.16074017	0.2588229	-0.42204687	0.99999946	-0.35300463	0.16015679	-0.22999182	0.2434986	-0.40042645	0.1717503	-0.14799878	0.13384238	-0.14910509	0.20274365	-0.13690154	0.13622764	-0.18202807	0.11457384	-0.109615274	0.1277528	-0.13064007
-0.09581931	0.09101305	-0.28353786	0.25490853	-0.2729304	0.20210461	-0.18647276	0.24973863	-0.6302027	0.28110707	-0.19707361	0.18204913	-0.35300463	0.9999995	-0.39934403	0.16461346	-0.15462482	0.191463	-0.20096853	0.2227995	-0.11213808	0.12441525	-0.19099279	0.14466818	-0.20781937	0.17443646	-0.12095817	0.11644628	-0.1522473	0.15837184
0.06995413	-0.067259625	0.2075648	-0.21716861	0.23830692	-0.15840185	0.122700505	-0.16366193	0.25579807	-0.58571935	0.13748413	-0.12189813	0.16015679	-0.39934403	0.9999995	-0.12678102	0.108073786	-0.13715109	0.1461601	-0.5340246	0.08909459	-0.10020705	0.14612237	-0.11849211	0.2436676	-0.15510091	0.10660712	-0.1078506	0.14188695	-0.18051635
-0.10514949	0.097939916	-0.25936773	0.123152286	-0.1276989	0.24647814	-0.22360204	0.20536287	-0.14439006	0.12656792	-0.47633982	0.25889835	-0.22999182	0.16461346	-0.12678102	0.9999999	-0.5384263	0.29256105	-0.21389191	0.13644545	-0.3967596	0.26926064	-0.3087006	0.16653961	-0.1426606	0.24430883	-0.16315414	0.13992733	-0.15976481	0.14462331
0.087841	-0.08422068	0.19726902	-0.10429247	0.105579965	-0.22054821	0.21651755	-0.21746033	0.1280476	-0.109194405	0.27815753	-0.3727555	0.2434986	-0.15462482	0.108073786	-0.5384263	0.99999994	-0.61225873	0.18327701	-0.11620074	0.20781904	-0.24830931	0.2373435	-0.14919026	0.11549599	-0.1979692	0.12359196	-0.112884745	0.12564409	-0.11982085
-0.101250626	0.09496146	-0.24467833	0.12802163	-0.13233824	0.22947852	-0.23663709	0.24501392	-0.16236117	0.13418885	-0.29583716	0.26588792	-0.40042645	0.191463	-0.13715109	0.29256105	-0.61225873	0.9999998	-0.30758554	0.14441216	-0.19131462	0.20479	-0.36180228	0.20693187	-0.14597121	0.21202932	-0.14312974	0.1344644	-0.15821308	0.1467516
0.07532804	-0.07189411	0.19234376	-0.119942784	0.12106461	-0.19517061	0.1438365	-0.17056212	0.14388502	-0.1419044	0.17972986	-0.15585096	0.1717503	-0.20096853	0.1461601	-0.21389191	0.18327701	-0.30758554	0.9999995	-0.20924339	0.15049697	-0.18871021	0.3004237	-0.7575387	0.17928842	-0.23885657	0.1524127	-0.16976433	0.20907564	-0.20718801
-0.07667008	0.07198711	-0.2397734	0.16483378	-0.20024128	0.16084896	-0.123321	0.14648183	-0.19546318	0.25106567	-0.15050215	0.1206512	-0.14799878	0.2227995	-0.5340246	0.13644545	-0.11620074	0.14441216	-0.20924339	0.9999994	-0.102355964	0.11486993	-0.1847106	0.15677004	-0.6176835	0.17548937	-0.1413196	0.13794109	-0.213567	0.24847965
0.06644538	-0.06229814	0.17323522	-0.08430211	0.08707484	-0.1595666	0.12677912	-0.13029058	0.09579306	-0.08925897	0.19993183	-0.14396013	0.13384238	-0.11213808	0.08909459	-0.3967596	0.20781904	-0.19131462	0.15049697	-0.102355964	0.9999994	-0.75175685	0.25367337	-0.13626337	0.108871095	-0.3865479	0.17555016	-0.13809095	0.13580887	-0.11951136
-0.07357667	0.06861296	-0.19505228	0.094024315	-0.09775516	0.16950521	-0.1401489	0.1411429	-0.107206	0.099456355	-0.21864712	0.1540667	-0.14910509	0.12441525	-0.10020705	0.26926064	-0.24830931	0.20479	-0.18871021	0.11486993	-0.75175685	0.99999934	-0.40669906	0.16698307	-0.12399386	0.2710998	-0.20590769	0.15205058	-0.15661246	0.13341065
0.09493719	-0.090606295	0.23585421	-0.13299502	0.13363408	-0.25539798	0.18080607	-0.20871885	0.15198793	-0.14948449	0.23526634	-0.1983451	0.20274365	-0.19099279	0.14612237	-0.3087006	0.2373435	-0.36180228	0.3004237	-0.1847106	0.25367337	-0.40669906	0.99999917	-0.47599322	0.1805884	-0.36369377	0.2131571	-0.24290146	0.2250609	-0.2205564
-0.06204703	0.05870154	-0.16387446	0.09594779	-0.09937467	0.15254423	-0.11596922	0.13179657	-0.11512194	0.11178574	-0.14964029	0.122819506	-0.13690154	0.14466818	-0.11849211	0.16653961	-0.14919026	0.20693187	-0.7575387	0.15677004	-0.13626337	0.16698307	-0.47599322	0.99999905	-0.17230386	0.19830117	-0.14455682	0.16061139	-0.2621694	0.18503714
0.069958515	-0.0664995	0.20140205	-0.14865032	0.1543435	-0.16513805	0.118133165	-0.14361124	0.16038163	-0.22536819	0.14425275	-0.11868041	0.13622764	-0.20781937	0.2436676	-0.1426606	0.11549599	-0.14597121	0.17928842	-0.6176835	0.108871095	-0.12399386	0.1805884	-0.17230386	0.9999991	-0.21031928	0.1551396	-0.17448798	0.24663675	-0.55119884
-0.111721955	0.102401786	-0.34202427	0.14598441	-0.15587497	0.22356303	-0.17454967	0.17906119	-0.15689385	0.15062355	-0.26422542	0.17532462	-0.18202807	0.17443646	-0.15510091	0.24430883	-0.1979692	0.21202932	-0.23885657	0.17548937	-0.3865479	0.2710998	-0.36369377	0.19830117	-0.21031928	0.99999905	-0.5093318	0.27268052	-0.29316178	0.21699625
0.0639204	-0.05984603	0.18039484	-0.09340278	0.09656373	-0.14959364	0.10754385	-0.11794798	0.1013306	-0.10668548	0.14884579	-0.11107961	0.11457384	-0.12095817	0.10660712	-0.16315414	0.12359196	-0.14312974	0.1524127	-0.1413196	0.17555016	-0.20590769	0.2131571	-0.14455682	0.1551396	-0.5093318	0.9999991	-0.7046326	0.2683827	-0.2364674
-0.062505126	0.058122978	-0.18403749	0.0915285	-0.09689471	0.13738172	-0.10159958	0.11074659	-0.099659026	0.10336212	-0.1402834	0.10317669	-0.109615274	0.11644628	-0.1078506	0.13992733	-0.112884745	0.1344644	-0.16976433	0.13794109	-0.13809095	0.15205058	-0.24290146	0.16061139	-0.17448798	0.27268052	-0.7046326	0.9999991	-0.5085517	0.23531972
0.06854705	-0.06468016	0.19215322	-0.11302568	0.11639725	-0.1650193	0.116251715	-0.13322213	0.1228829	-0.13988198	0.15106514	-0.11904787	0.1277528	-0.1522473	0.14188695	-0.15976481	0.12564409	-0.15821308	0.20907564	-0.213567	0.13580887	-0.15661246	0.2250609	-0.2621694	0.24663675	-0.29316178	0.2683827	-0.5085517	0.9999991	-0.6083803
-0.07473821	0.069572926	-0.22892118	0.12458852	-0.13763808	0.1586414	-0.11766153	0.1322596	-0.13675775	0.15312608	-0.15409863	0.11691721	-0.13064007	0.15837184	-0.18051635	0.14462331	-0.11982085	0.1467516	-0.20718801	0.24847965	-0.11951136	0.13341065	-0.2205564	0.18503714	-0.55119884	0.21699625	-0.2364674	0.23531972	-0.6083803	0.9999991
