1.0	-0.5465602	0.19743045	-0.07203739	0.08792942	-0.7703527	0.21172787	-0.061476115	0.061487027	-0.05556638	0.11007372	-0.11028392	0.09394606	-0.073473856	0.041754052	-0.0647349	0.084114775	-0.08551578	0.0629088	-0.050981387	0.06866991	-0.07929548	0.06102358	-0.05666371	0.05134835	-0.06481114	0.05676751	-0.082750335	0.04489354	-0.05957136
-0.5465602	0.99999976	-0.43712738	0.14116415	-0.17338422	0.3191451	-0.49492902	0.12080924	-0.121118985	0.10542901	-0.20785634	0.20933281	-0.18203826	0.1399842	-0.07946487	0.12017957	-0.16176885	0.16158405	-0.119545855	0.09648597	-0.13045003	0.14894463	-0.11525816	0.10691069	-0.09730358	0.121247016	-0.10711162	0.15526974	-0.084666476	0.1120978
0.19743045	-0.43712738	0.9999999	-0.37822828	0.26908374	-0.31532195	0.26274538	-0.28122646	0.22094768	-0.20126063	0.20007518	-0.2130532	0.25569874	-0.25808486	0.14405501	-0.14836499	0.20408255	-0.26579618	0.1996767	-0.1730483	0.1557701	-0.2225987	0.19059049	-0.18939382	0.16586344	-0.19622116	0.16205828	-0.2876863	0.15087412	-0.21153928
-0.07203739	0.14116415	-0.37822828	0.9999998	-0.84950656	0.11204548	-0.120815955	0.171744	-0.22045225	0.110692576	-0.096686676	0.09893318	-0.15342613	0.14335681	-0.08270311	0.06917106	-0.09957914	0.128987	-0.10541792	0.08774472	-0.074343316	0.104022816	-0.09191109	0.091616675	-0.085050784	0.089040205	-0.07592142	0.13094331	-0.072297335	0.09891529
0.08792942	-0.17338422	0.26908374	-0.84950656	0.9999998	-0.14395498	0.14174022	-0.17228302	0.1746417	-0.14579639	0.117826246	-0.121669225	0.16986687	-0.17675762	0.102718025	-0.08788651	0.1246015	-0.16557945	0.13099253	-0.113433145	0.09362878	-0.13535868	0.119487405	-0.120233595	0.10819439	-0.11868765	0.09915806	-0.17754485	0.09536416	-0.13315679
-0.7703527	0.3191451	-0.31532195	0.11204548	-0.14395498	0.9999997	-0.3273133	0.095010266	-0.09684522	0.083959356	-0.17855287	0.16121727	-0.14774808	0.11162711	-0.06362067	0.099574625	-0.13051215	0.12896791	-0.0962871	0.07721159	-0.10837018	0.120066814	-0.092771664	0.08553742	-0.0783925	0.097801894	-0.087126836	0.1236033	-0.06780704	0.08920934
0.21172787	-0.49492902	0.26274538	-0.120815955	0.14174022	-0.3273133	0.99999994	-0.12863457	0.123726234	-0.14508574	0.2689361	-0.54542494	0.22585611	-0.19054124	0.10677412	-0.18342243	0.23150612	-0.24577166	0.16361266	-0.1357847	0.17317055	-0.23012577	0.16541469	-0.15445985	0.13390832	-0.1832634	0.15160272	-0.23269454	0.12142327	-0.1638771
-0.061476115	0.12080924	-0.28122646	0.171744	-0.17228302	0.095010266	-0.12863457	1.0000001	-0.8398358	0.13620737	-0.108002394	0.11793007	-0.3408932	0.22478639	-0.11245771	0.07438013	-0.115537375	0.15853722	-0.13947488	0.10525611	-0.080222845	0.111751944	-0.10224417	0.10265456	-0.10136136	0.088687435	-0.0790064	0.13055779	-0.07831281	0.10265625
0.061487027	-0.121118985	0.22094768	-0.22045225	0.1746417	-0.09684522	0.123726234	-0.8398358	1.0000001	-0.16551138	0.10670688	-0.11578431	0.2499349	-0.30630898	0.1297835	-0.07585466	0.11686324	-0.16655192	0.1497757	-0.11739016	0.08169701	-0.116813846	0.10793127	-0.1116203	0.10896539	-0.09315769	0.08249071	-0.14012565	0.08420273	-0.11178286
-0.05556638	0.10542901	-0.20126063	0.110692576	-0.14579639	0.083959356	-0.14508574	0.13620737	-0.16551138	1.0000004	-0.13108727	0.12552084	-0.2894507	0.2877068	-0.81011415	0.08625079	-0.14325579	0.17767927	-0.23776291	0.21266651	-0.09841461	0.13063543	-0.1395525	0.14604178	-0.21635383	0.09961432	-0.09656416	0.15133423	-0.110967174	0.13300526
0.11007372	-0.20785634	0.20007518	-0.096686676	0.117826246	-0.17855287	0.2689361	-0.108002394	0.10670688	-0.13108727	1.0000004	-0.5652115	0.21570519	-0.1741541	0.0982759	-0.5116947	0.2575245	-0.2456059	0.15962297	-0.12956084	0.28171015	-0.29156268	0.17480662	-0.15384409	0.1310447	-0.2352955	0.1812215	-0.23754738	0.12042079	-0.15728818
-0.11028392	0.20933281	-0.2130532	0.09893318	-0.121669225	0.16121727	-0.54542494	0.11793007	-0.11578431	0.12552084	-0.5652115	1.0000002	-0.2992708	0.17550428	-0.09631617	0.22309509	-0.36849934	0.23873131	-0.15535985	0.12025255	-0.22012381	0.23877794	-0.15643474	0.13694921	-0.12200869	0.16869073	-0.14976713	0.19435294	-0.10604731	0.13596636
0.09394606	-0.18203826	0.25569874	-0.15342613	0.16986687	-0.14774808	0.22585611	-0.3408932	0.2499349	-0.2894507	0.21570519	-0.2992708	1.0000002	-0.52086765	0.21544978	-0.1541524	0.24619123	-0.43168455	0.2723884	-0.21516263	0.16081534	-0.23737268	0.20985469	-0.2109583	0.19773297	-0.17674863	0.15764928	-0.26164657	0.15642104	-0.2060899
-0.073473856	0.1399842	-0.25808486	0.14335681	-0.17675762	0.11162711	-0.19054124	0.22478639	-0.30630898	0.2877068	-0.1741541	0.17550428	-0.52086765	1.0000001	-0.42648846	0.11543178	-0.19504298	0.2594804	-0.4390591	0.23496582	-0.1298733	0.17646427	-0.1859299	0.19739233	-0.22720024	0.13265947	-0.1270438	0.20211765	-0.14427806	0.17362672
0.041754052	-0.07946487	0.14405501	-0.08270311	0.102718025	-0.06362067	0.10677412	-0.11245771	0.1297835	-0.81011415	0.0982759	-0.09631617	0.21544978	-0.42648846	1.0	-0.06657315	0.111524835	-0.1497321	0.20881613	-0.26017997	0.07539212	-0.104606025	0.11316922	-0.12756777	0.18234181	-0.07886257	0.075804144	-0.12522039	0.09251022	-0.11446178
-0.0647349	0.12017957	-0.14836499	0.06917106	-0.08788651	0.099574625	-0.18342243	0.07438013	-0.07585466	0.08625079	-0.5116947	0.22309509	-0.1541524	0.11543178	-0.06657315	1.0000002	-0.2365865	0.16953094	-0.1156977	0.089640275	-0.728747	0.23816468	-0.13550715	0.10904892	-0.094930835	0.19909994	-0.17345335	0.16355202	-0.085589044	0.10607534
0.084114775	-0.16176885	0.20408255	-0.09957914	0.1246015	-0.13051215	0.23150612	-0.115537375	0.11686324	-0.14325579	0.2575245	-0.36849934	0.24619123	-0.19504298	0.111524835	-0.2365865	1.0000001	-0.5232169	0.21370336	-0.15987755	0.22979788	-0.57779354	0.23967741	-0.19592288	0.1621801	-0.21821521	0.20335183	-0.26435646	0.14366087	-0.17861545
-0.08551578	0.16158405	-0.26579618	0.128987	-0.16557945	0.12896791	-0.24577166	0.15853722	-0.16655192	0.17767927	-0.2456059	0.23873131	-0.43168455	0.2594804	-0.1497321	0.16953094	-0.5232169	1.0000001	-0.41702187	0.21534614	-0.19525367	0.28506702	-0.3261108	0.2382416	-0.23067874	0.18157335	-0.18626352	0.2651152	-0.17424856	0.20018992
0.0629088	-0.119545855	0.1996767	-0.10541792	0.13099253	-0.0962871	0.16361266	-0.13947488	0.1497757	-0.23776291	0.15962297	-0.15535985	0.2723884	-0.4390591	0.20881613	-0.1156977	0.21370336	-0.41702187	1.0000001	-0.49838647	0.13157506	-0.2068054	0.24419665	-0.38996676	0.29976636	-0.14360236	0.1402691	-0.25985256	0.20386595	-0.2569295
-0.050981387	0.09648597	-0.1730483	0.08774472	-0.113433145	0.07721159	-0.1357847	0.10525611	-0.11739016	0.21266651	-0.12956084	0.12025255	-0.21516263	0.23496582	-0.26017997	0.089640275	-0.15987755	0.21534614	-0.49838647	1.0	-0.104212366	0.15073538	-0.19548377	0.24877265	-0.70479745	0.10943805	-0.11003864	0.19099464	-0.17464297	0.20347017
0.06866991	-0.13045003	0.1557701	-0.074343316	0.09362878	-0.10837018	0.17317055	-0.080222845	0.08169701	-0.09841461	0.28171015	-0.22012381	0.16081534	-0.1298733	0.07539212	-0.728747	0.22979788	-0.19525367	0.13157506	-0.104212366	0.9999999	-0.37985766	0.164777	-0.13199581	0.10994791	-0.33017197	0.21822692	-0.2078308	0.10267699	-0.12798809
-0.07929548	0.14894463	-0.2225987	0.104022816	-0.13535868	0.120066814	-0.23012577	0.111751944	-0.116813846	0.13063543	-0.29156268	0.23877794	-0.23737268	0.17646427	-0.104606025	0.23816468	-0.57779354	0.28506702	-0.2068054	0.15073538	-0.37985766	0.9999999	-0.3664996	0.20561695	-0.17181806	0.2556602	-0.34013253	0.27592054	-0.15509385	0.17390594
0.06102358	-0.11525816	0.19059049	-0.09191109	0.119487405	-0.092771664	0.16541469	-0.10224417	0.10793127	-0.1395525	0.17480662	-0.15643474	0.20985469	-0.1859299	0.11316922	-0.13550715	0.23967741	-0.3261108	0.24419665	-0.19548377	0.164777	-0.3664996	1.0	-0.5341434	0.22368436	-0.18581018	0.19916412	-0.57062936	0.24405287	-0.25954345
-0.05666371	0.10691069	-0.18939382	0.091616675	-0.120233595	0.08553742	-0.15445985	0.10265456	-0.1116203	0.14604178	-0.15384409	0.13694921	-0.2109583	0.19739233	-0.12756777	0.10904892	-0.19592288	0.2382416	-0.38996676	0.24877265	-0.13199581	0.20561695	-0.5341434	0.99999976	-0.39820802	0.1385896	-0.14984052	0.28846267	-0.46503717	0.29402107
0.05134835	-0.09730358	0.16586344	-0.085050784	0.10819439	-0.0783925	0.13390832	-0.10136136	0.10896539	-0.21635383	0.1310447	-0.12200869	0.19773297	-0.22720024	0.18234181	-0.094930835	0.1621801	-0.23067874	0.29976636	-0.70479745	0.10994791	-0.17181806	0.22368436	-0.39820802	0.9999999	-0.12401081	0.122785494	-0.24487016	0.2237927	-0.324571
-0.06481114	0.121247016	-0.19622116	0.089040205	-0.11868765	0.097801894	-0.1832634	0.088687435	-0.09315769	0.09961432	-0.2352955	0.16869073	-0.17674863	0.13265947	-0.07886257	0.19909994	-0.21821521	0.18157335	-0.14360236	0.10943805	-0.33017197	0.2556602	-0.18581018	0.1385896	-0.12401081	0.99999964	-0.7913045	0.24183731	-0.116436966	0.13266078
0.05676751	-0.10711162	0.16205828	-0.07592142	0.09915806	-0.087126836	0.15160272	-0.0790064	0.08249071	-0.09656416	0.1812215	-0.14976713	0.15764928	-0.1270438	0.075804144	-0.17345335	0.20335183	-0.18626352	0.1402691	-0.11003864	0.21822692	-0.34013253	0.19916412	-0.14984052	0.122785494	-0.7913045	0.99999946	-0.3568135	0.12558785	-0.14574906
-0.082750335	0.15526974	-0.2876863	0.13094331	-0.17754485	0.1236033	-0.23269454	0.13055779	-0.14012565	0.15133423	-0.23754738	0.19435294	-0.26164657	0.20211765	-0.12522039	0.16355202	-0.26435646	0.2651152	-0.25985256	0.19099464	-0.2078308	0.27592054	-0.57062936	0.28846267	-0.24487016	0.24183731	-0.3568135	0.99999946	-0.31708896	0.25259697
0.04489354	-0.084666476	0.15087412	-0.072297335	0.09536416	-0.06780704	0.12142327	-0.07831281	0.08420273	-0.110967174	0.12042079	-0.10604731	0.15642104	-0.14427806	0.09251022	-0.085589044	0.14366087	-0.17424856	0.20386595	-0.17464297	0.10267699	-0.15509385	0.24405287	-0.46503717	0.2237927	-0.116436966	0.12558785	-0.31708896	0.9999995	-0.7572329
-0.05957136	0.1120978	-0.21153928	0.09891529	-0.13315679	0.08920934	-0.1638771	0.10265625	-0.11178286	0.13300526	-0.15728818	0.13596636	-0.2060899	0.17362672	-0.11446178	0.10607534	-0.17861545	0.20018992	-0.2569295	0.20347017	-0.12798809	0.17390594	-0.25954345	0.29402107	-0.324571	0.13266078	-0.14574906	0.25259697	-0.7572329	0.9999995
