1.0000001	-0.78323466	0.17453998	-0.15509555	0.20200442	-0.34459046	0.24007386	-0.16867624	0.18640177	-0.2213131	0.20004095	-0.20856108	0.18654904	-0.1683608	0.14290923	-0.12341482	0.15222858	-0.14313301	0.14384127	-0.1398767	0.09388649	-0.12573586	0.10707558	-0.18638407	0.12323471	-0.07355469	0.06648307	-0.075362965	0.088330954	-0.19030234
-0.78323466	1.0000001	-0.2651828	0.1770772	-0.2559554	0.2384685	-0.30143863	0.17438644	-0.21103214	0.20860244	-0.19086878	0.18744151	-0.19163647	0.15437154	-0.13410822	0.101620115	-0.14717932	0.12859581	-0.13144082	0.122516505	-0.08196252	0.10182801	-0.09163909	0.15247917	-0.10389069	0.060201116	-0.056092355	0.06273423	-0.075511456	0.15085226
0.17453998	-0.2651828	0.99999976	-0.8543414	0.26331794	-0.113975324	0.11865969	-0.11382016	0.13406529	-0.2569317	0.0890544	-0.099753335	0.1131177	-0.10814983	0.10411445	-0.06572122	0.08697015	-0.08322805	0.09098799	-0.09940932	0.050634895	-0.073510334	0.06339772	-0.11617361	0.07966618	-0.042001333	0.03784249	-0.045395292	0.05317761	-0.12195089
-0.15509555	0.1770772	-0.8543414	0.9999999	-0.39804474	0.09300375	-0.100058794	0.09458062	-0.12259583	0.21111894	-0.0742629	0.0818069	-0.09577799	0.08875006	-0.08683441	0.052375138	-0.072223514	0.06788235	-0.07444294	0.08005137	-0.040815856	0.058075644	-0.05080077	0.092039146	-0.06361738	0.033282533	-0.030215135	0.03608852	-0.042580888	0.09557548
0.20200442	-0.2559554	0.26331794	-0.39804474	0.99999976	-0.17343971	0.17540711	-0.17949516	0.22287835	-0.69057137	0.13724816	-0.15762953	0.18715659	-0.18886894	0.19997355	-0.10925954	0.1449913	-0.14171599	0.16018498	-0.1882871	0.08383732	-0.12647511	0.109031245	-0.20595244	0.14365216	-0.07137916	0.06398109	-0.078980066	0.09221275	-0.2198185
-0.34459046	0.2384685	-0.113975324	0.09300375	-0.17343971	0.9999999	-0.49922225	0.22125407	-0.24852401	0.17449072	-0.6238421	0.31271783	-0.24125315	0.17498174	-0.1352128	0.14044367	-0.18790199	0.15482381	-0.14486857	0.12391082	-0.11759362	0.11225209	-0.10356209	0.15785734	-0.10528738	0.0694615	-0.06684361	0.067961164	-0.08326588	0.14775926
0.24007386	-0.30143863	0.11865969	-0.100058794	0.17540711	-0.49922225	1.0	-0.48776188	0.2803401	-0.2112488	0.28564885	-0.46363837	0.25852478	-0.21002479	0.14689551	-0.121011145	0.19019024	-0.1769027	0.15817383	-0.1402466	0.09416841	-0.1143751	0.10128863	-0.17986743	0.11692565	-0.06697459	0.061960343	-0.06956765	0.08292904	-0.16884421
-0.16867624	0.17438644	-0.11382016	0.09458062	-0.17949516	0.22125407	-0.48776188	1.0000002	-0.6868183	0.21157305	-0.17743468	0.22393955	-0.37639952	0.22414835	-0.14423946	0.088858195	-0.15390335	0.14462762	-0.15077366	0.12932071	-0.0704265	0.09193112	-0.0833961	0.15538497	-0.1032295	0.05274847	-0.048878882	0.05762824	-0.06909845	0.14397192
0.18640177	-0.21103214	0.13406529	-0.12259583	0.22287835	-0.24852401	0.2803401	-0.6868183	1.0000002	-0.37582767	0.17862372	-0.2330051	0.27795455	-0.3060005	0.1826258	-0.10823217	0.16821009	-0.16913988	0.18268593	-0.16937144	0.08396017	-0.117131725	0.10398028	-0.20329794	0.13326563	-0.06633403	0.060518526	-0.07331739	0.086696096	-0.19157416
-0.2213131	0.20860244	-0.2569317	0.21111894	-0.69057137	0.17449072	-0.2112488	0.21157305	-0.37582767	1.0000001	-0.15017454	0.1675413	-0.23085591	0.20660181	-0.30372494	0.099830434	-0.1624213	0.14767207	-0.176926	0.1996054	-0.079980254	0.11223609	-0.104397394	0.18825215	-0.14162205	0.063982576	-0.05928265	0.072804585	-0.08846278	0.18943228
0.20004095	-0.19086878	0.0890544	-0.0742629	0.13724816	-0.6238421	0.28564885	-0.17743468	0.17862372	-0.15017454	1.0000004	-0.60715985	0.21470384	-0.17171378	0.12428196	-0.19830233	0.1926027	-0.17152339	0.14059016	-0.120050654	0.13445275	-0.121068746	0.10614732	-0.16170791	0.103754655	-0.07604951	0.07166877	-0.069739714	0.08403098	-0.14894646
-0.20856108	0.18744151	-0.099753335	0.0818069	-0.15762953	0.31271783	-0.46363837	0.22393955	-0.2330051	0.1675413	-0.60715985	1.0000004	-0.35373148	0.20937452	-0.14725044	0.1382473	-0.3305068	0.21508381	-0.17335403	0.1369156	-0.1131166	0.116539195	-0.106896214	0.17468898	-0.11416309	0.069856964	-0.06671138	0.07057465	-0.08606479	0.15681775
0.18654904	-0.19163647	0.1131177	-0.09577799	0.18715659	-0.24125315	0.25852478	-0.37639952	0.27795455	-0.23085591	0.21470384	-0.35373148	1.0000001	-0.5995803	0.22646573	-0.1314601	0.23711836	-0.27961203	0.26976424	-0.22258247	0.10192128	-0.14570698	0.13100275	-0.2761512	0.17302035	-0.080805756	0.07393198	-0.09218414	0.10895137	-0.24243979
-0.1683608	0.15437154	-0.10814983	0.08875006	-0.18886894	0.17498174	-0.21002479	0.22414835	-0.3060005	0.20660181	-0.17171378	0.20937452	-0.5995803	0.9999996	-0.35418877	0.107561134	-0.23985782	0.23465145	-0.49065152	0.25255084	-0.0878361	0.1248227	-0.124267235	0.25801072	-0.18073091	0.0687634	-0.0647328	0.0841478	-0.10409674	0.2103298
0.14290923	-0.13410822	0.10411445	-0.08683441	0.19997355	-0.1352128	0.14689551	-0.14423946	0.1826258	-0.30372494	0.12428196	-0.14725044	0.22646573	-0.35418877	0.9999997	-0.09871538	0.17492804	-0.18641372	0.27095732	-0.727046	0.07918686	-0.12392924	0.1196828	-0.28065553	0.24529585	-0.06674	0.061708912	-0.08741876	0.10513189	-0.30767578
-0.12341482	0.101620115	-0.06572122	0.052375138	-0.10925954	0.14044367	-0.121011145	0.088858195	-0.10823217	0.099830434	-0.19830233	0.1382473	-0.1314601	0.107561134	-0.09871538	0.9999999	-0.1410938	0.11005838	-0.11059509	0.09032033	-0.83629787	0.23560447	-0.23028676	0.13534403	-0.0887059	0.2026023	-0.21886976	0.120099396	-0.15855153	0.11755671
0.15222858	-0.14717932	0.08697015	-0.072223514	0.1449913	-0.18790199	0.19019024	-0.15390335	0.16821009	-0.1624213	0.1926027	-0.3305068	0.23711836	-0.23985782	0.17492804	-0.1410938	0.9999999	-0.76420856	0.26394713	-0.18848392	0.107623674	-0.15807736	0.13485911	-0.26278475	0.15538497	-0.08201364	0.076035395	-0.090455405	0.1067007	-0.21067403
-0.14313301	0.12859581	-0.08322805	0.06788235	-0.14171599	0.15482381	-0.1769027	0.14462762	-0.16913988	0.14767207	-0.17152339	0.21508381	-0.27961203	0.23465145	-0.18641372	0.11005838	-0.76420856	0.99999994	-0.4221348	0.18241291	-0.090947576	0.12537771	-0.12324105	0.22806203	-0.14717749	0.06732684	-0.06434132	0.07919271	-0.09760501	0.17556162
0.14384127	-0.13144082	0.09098799	-0.07444294	0.16018498	-0.14486857	0.15817383	-0.15077366	0.18268593	-0.176926	0.14059016	-0.17335403	0.26976424	-0.49065152	0.27095732	-0.11059509	0.26394713	-0.4221348	0.99999976	-0.38545474	0.08941028	-0.14339784	0.1437488	-0.50021803	0.23278743	-0.074402936	0.06932047	-0.09965119	0.11943779	-0.25752208
-0.1398767	0.122516505	-0.09940932	0.08005137	-0.1882871	0.12391082	-0.1402466	0.12932071	-0.16937144	0.1996054	-0.120050654	0.1369156	-0.22258247	0.25255084	-0.727046	0.09032033	-0.18848392	0.18241291	-0.38545474	0.9999996	-0.074791186	0.113231	-0.11805807	0.26549911	-0.3677535	0.061190363	-0.057920117	0.08235495	-0.10365424	0.26311046
0.09388649	-0.08196252	0.050634895	-0.040815856	0.08383732	-0.11759362	0.09416841	-0.0704265	0.08396017	-0.079980254	0.13445275	-0.1131166	0.10192128	-0.0878361	0.07918686	-0.83629787	0.107623674	-0.090947576	0.08941028	-0.074791186	0.99999934	-0.31596747	0.19367942	-0.118173935	0.074883565	-0.29047933	0.2127921	-0.10647449	0.1269764	-0.10254633
-0.12573586	0.10182801	-0.073510334	0.058075644	-0.12647511	0.11225209	-0.1143751	0.09193112	-0.117131725	0.11223609	-0.121068746	0.116539195	-0.14570698	0.1248227	-0.12392924	0.23560447	-0.15807736	0.12537771	-0.14339784	0.113231	-0.31596747	0.9999992	-0.69945353	0.19442648	-0.12414264	0.23216514	-0.32079494	0.23807864	-0.30047458	0.15367644
0.10707558	-0.09163909	0.06339772	-0.05080077	0.109031245	-0.10356209	0.10128863	-0.0833961	0.10398028	-0.104397394	0.10614732	-0.106896214	0.13100275	-0.124267235	0.1196828	-0.23028676	0.13485911	-0.12324105	0.1437488	-0.11805807	0.19367942	-0.69945353	0.9999988	-0.2691514	0.13763642	-0.203658	0.18829043	-0.43102401	0.28006372	-0.18004994
-0.18638407	0.15247917	-0.11617361	0.092039146	-0.20595244	0.15785734	-0.17986743	0.15538497	-0.20329794	0.18825215	-0.16170791	0.17468898	-0.2761512	0.25801072	-0.28065553	0.13534403	-0.26278475	0.22806203	-0.50021803	0.26549911	-0.118173935	0.19442648	-0.2691514	0.99999905	-0.49325556	0.09835415	-0.09625873	0.15729508	-0.21347648	0.3058203
0.12323471	-0.10389069	0.07966618	-0.06361738	0.14365216	-0.10528738	0.11692565	-0.1032295	0.13326563	-0.14162205	0.103754655	-0.11416309	0.17302035	-0.18073091	0.24529585	-0.0887059	0.15538497	-0.14717749	0.23278743	-0.3677535	0.074883565	-0.12414264	0.13763642	-0.49325556	0.99999917	-0.064082205	0.061060447	-0.104538806	0.13080344	-0.709173
-0.07355469	0.060201116	-0.042001333	0.033282533	-0.07137916	0.0694615	-0.06697459	0.05274847	-0.06633403	0.063982576	-0.07604951	0.069856964	-0.080805756	0.0687634	-0.06674	0.2026023	-0.08201364	0.06732684	-0.074402936	0.061190363	-0.29047933	0.23216514	-0.203658	0.09835415	-0.064082205	0.99999946	-0.87761056	0.12162504	-0.14943646	0.083963856
0.06648307	-0.056092355	0.03784249	-0.030215135	0.06398109	-0.06684361	0.061960343	-0.048878882	0.060518526	-0.05928265	0.07166877	-0.06671138	0.07393198	-0.0647328	0.061708912	-0.21886976	0.076035395	-0.06434132	0.06932047	-0.057920117	0.2127921	-0.32079494	0.18829043	-0.09625873	0.061060447	-0.87761056	0.9999993	-0.12938842	0.13459776	-0.08224939
-0.075362965	0.06273423	-0.045395292	0.03608852	-0.078980066	0.067961164	-0.06956765	0.05762824	-0.07331739	0.072804585	-0.069739714	0.07057465	-0.09218414	0.0841478	-0.08741876	0.120099396	-0.090455405	0.07919271	-0.09965119	0.08235495	-0.10647449	0.23807864	-0.43102401	0.15729508	-0.104538806	0.12162504	-0.12938842	0.9999993	-0.83209425	0.13500881
0.088330954	-0.075511456	0.05317761	-0.042580888	0.09221275	-0.08326588	0.08292904	-0.06909845	0.086696096	-0.08846278	0.08403098	-0.08606479	0.10895137	-0.10409674	0.10513189	-0.15855153	0.1067007	-0.09760501	0.11943779	-0.10365424	0.1269764	-0.30047458	0.28006372	-0.21347648	0.13080344	-0.14943646	0.13459776	-0.83209425	0.99999934	-0.19566512
-0.19030234	0.15085226	-0.12195089	0.09557548	-0.2198185	0.14775926	-0.16884421	0.14397192	-0.19157416	0.18943228	-0.14894646	0.15681775	-0.24243979	0.2103298	-0.30767578	0.11755671	-0.21067403	0.17556162	-0.25752208	0.26311046	-0.10254633	0.15367644	-0.18004994	0.3058203	-0.709173	0.083963856	-0.08224939	0.13500881	-0.19566512	0.99999934
