1.0000001	-0.71332645	0.23769161	-0.030976774	0.032044306	-0.4670785	0.2943722	-0.21658456	0.08616413	-0.08798126	0.23520711	-0.33892903	0.23726995	-0.09382467	0.07391792	-0.121116646	0.1315377	-0.17873396	0.11088799	-0.13637932	0.09982684	-0.1365632	0.076074034	-0.082941614	0.109386854	-0.032851078	0.030755099	-0.085867696	0.06351162	-0.09549202
-0.71332645	0.99999994	-0.37697732	0.028885603	-0.030120218	0.2946236	-0.40704903	0.23583819	-0.08147768	0.076475576	-0.22976255	0.27620056	-0.27862918	0.08722094	-0.065577	0.10341416	-0.11591232	0.1472065	-0.09775712	0.11443152	-0.08937274	0.11328	-0.06552674	0.071117975	-0.096642196	0.027667027	-0.026186543	0.072103426	-0.054014865	0.079866834
0.23769161	-0.37697732	0.9999997	-0.037678346	0.038030613	-0.255322	0.23908116	-0.75402844	0.09772566	-0.09829588	0.18668047	-0.28860155	0.295898	-0.110189945	0.08092595	-0.1044805	0.120644785	-0.18089174	0.11533833	-0.14714637	0.08727961	-0.12468491	0.07821038	-0.086465254	0.11210827	-0.029813148	0.027870307	-0.08923122	0.065804146	-0.09948205
-0.030976774	0.028885603	-0.037678346	0.99999964	-0.96556056	0.032658808	-0.025981514	0.033026062	-0.17891167	0.11651388	-0.04336306	0.037989408	-0.063179106	0.11863334	-0.08904865	0.025156539	-0.033084325	0.056941	-0.07082657	0.08422167	-0.022366889	0.031491984	-0.03889244	0.045459386	-0.064441845	0.0075946096	-0.0072047054	0.040235948	-0.031593658	0.04430239
0.032044306	-0.030120218	0.038030613	-0.96556056	0.9999996	-0.034288935	0.027098192	-0.033926386	0.15039131	-0.1348534	0.044956606	-0.040043287	0.06412362	-0.12792094	0.09143412	-0.026587164	0.034859445	-0.06102807	0.07291145	-0.09291842	0.023517057	-0.03352259	0.04083031	-0.048306413	0.06659001	-0.008059974	0.0076326835	-0.04314481	0.033519827	-0.04765791
-0.4670785	0.2946236	-0.255322	0.032658808	-0.034288935	0.9999997	-0.5577502	0.20863599	-0.09422482	0.08778265	-0.46814966	0.31933144	-0.30635637	0.09974867	-0.07613908	0.1549269	-0.1545412	0.1787392	-0.117782496	0.13232777	-0.13340794	0.150211	-0.07886308	0.08476245	-0.11665384	0.037211996	-0.035438225	0.08529316	-0.06425281	0.09399578
0.2943722	-0.40704903	0.23908116	-0.025981514	0.027098192	-0.5577502	0.99999976	-0.26947075	0.07455122	-0.06988508	0.24454056	-0.6070325	0.2501833	-0.08022852	0.060023982	-0.10882377	0.12646985	-0.14375834	0.091993496	-0.10485526	0.092428364	-0.11867575	0.06145496	-0.06641768	0.08962079	-0.028112013	0.026636435	-0.06688733	0.050170925	-0.07369725
-0.21658456	0.23583819	-0.75402844	0.033026062	-0.033926386	0.20863599	-0.26947075	0.9999997	-0.09638691	0.08428994	-0.16849025	0.23719057	-0.488093	0.10496192	-0.07105376	0.08736705	-0.1022165	0.14760637	-0.10038347	0.12080084	-0.07440185	0.102154285	-0.065747336	0.07266207	-0.095252074	0.024567837	-0.023096286	0.07331573	-0.054621506	0.08133625
0.08616413	-0.08147768	0.09772566	-0.17891167	0.15039131	-0.09422482	0.07455122	-0.09638691	0.99999964	-0.4110004	0.12241745	-0.11176417	0.18371268	-0.7539731	0.25013837	-0.07460359	0.100051664	-0.18492882	0.2370576	-0.26541188	0.06584552	-0.09550039	0.12038561	-0.15262637	0.18008733	-0.022661516	0.021453738	-0.126699	0.097753026	-0.13756436
-0.08798126	0.076475576	-0.09829588	0.11651388	-0.1348534	0.08778265	-0.06988508	0.08428994	-0.4110004	0.9999998	-0.13088077	0.09996452	-0.1824069	0.25826004	-0.7531337	0.07010728	-0.09329301	0.1504102	-0.21106677	0.28378946	-0.063937604	0.0852408	-0.11530698	0.12921093	-0.23587905	0.020846713	-0.019936902	0.11246574	-0.09236659	0.124866284
0.23520711	-0.22976255	0.18668047	-0.04336306	0.044956606	-0.46814966	0.24454056	-0.16849025	0.12241745	-0.13088077	0.9999999	-0.38634896	0.2583374	-0.13359804	0.11002734	-0.42930642	0.25015387	-0.32781592	0.17838393	-0.21119459	0.2459371	-0.31112632	0.123954676	-0.13418637	0.16985548	-0.07379082	0.06789772	-0.13930568	0.1021485	-0.15317824
-0.33892903	0.27620056	-0.28860155	0.037989408	-0.040043287	0.31933144	-0.6070325	0.23719057	-0.11176417	0.09996452	-0.38634896	0.99999964	-0.41289672	0.11804465	-0.087699704	0.15955548	-0.22318433	0.20572251	-0.13758105	0.14810596	-0.14452766	0.17478904	-0.09055479	0.096791394	-0.13429007	0.04175303	-0.040128645	0.095849685	-0.07279566	0.105090015
0.23726995	-0.27862918	0.295898	-0.063179106	0.06412362	-0.30635637	0.2501833	-0.488093	0.18371268	-0.1824069	0.2583374	-0.41289672	0.9999996	-0.24688949	0.1496014	-0.16133785	0.19316311	-0.32477388	0.20830749	-0.26673013	0.1343074	-0.20142768	0.13793752	-0.15491308	0.19548006	-0.047739662	0.04448624	-0.15787539	0.11619292	-0.1757519
-0.09382467	0.08722094	-0.110189945	0.11863334	-0.12792094	0.09974867	-0.08022852	0.10496192	-0.7539731	0.25826004	-0.13359804	0.11804465	-0.24688949	0.9999993	-0.281725	0.07813843	-0.10864922	0.19076194	-0.37953022	0.23815525	-0.07016298	0.09848195	-0.13725647	0.16624328	-0.19645964	0.023516253	-0.022396795	0.12878604	-0.10445627	0.13630918
0.07391792	-0.065577	0.08092595	-0.08904865	0.09143412	-0.07613908	0.060023982	-0.07105376	0.25013837	-0.7531337	0.11002734	-0.087699704	0.1496014	-0.281725	0.99999964	-0.06204004	0.082831256	-0.14141212	0.19066322	-0.48458984	0.05590711	-0.07712142	0.10391553	-0.121929966	0.20310877	-0.018662317	0.017776482	-0.106258	0.08499978	-0.11888002
-0.121116646	0.10341416	-0.1044805	0.025156539	-0.026587164	0.1549269	-0.10882377	0.08736705	-0.07460359	0.07010728	-0.42930642	0.15955548	-0.16133785	0.07813843	-0.06204004	0.9999996	-0.32858917	0.2006898	-0.11805298	0.10965116	-0.74542886	0.2947831	-0.07787596	0.079935126	-0.10634052	0.07674998	-0.07635724	0.07733964	-0.0591483	0.082275115
0.1315377	-0.11591232	0.120644785	-0.033084325	0.034859445	-0.1545412	0.12646985	-0.1022165	0.100051664	-0.09329301	0.25015387	-0.22318433	0.19316311	-0.10864922	0.082831256	-0.32858917	0.99999964	-0.52494454	0.17946817	-0.14818789	0.26188138	-0.639956	0.11434317	-0.11923917	0.14032026	-0.08737952	0.08311524	-0.10989929	0.08266854	-0.112430975
-0.17873396	0.1472065	-0.18089174	0.056941	-0.06102807	0.1787392	-0.14375834	0.14760637	-0.18492882	0.1504102	-0.32781592	0.20572251	-0.32477388	0.19076194	-0.14141212	0.2006898	-0.52494454	0.9999996	-0.44637766	0.2314622	-0.20155458	0.26249072	-0.23175853	0.2168331	-0.25671104	0.059727926	-0.05928298	0.18156731	-0.14631402	0.18012771
0.11088799	-0.09775712	0.11533833	-0.07082657	0.07291145	-0.117782496	0.091993496	-0.10038347	0.2370576	-0.21106677	0.17838393	-0.13758105	0.20830749	-0.37953022	0.19066322	-0.11805298	0.17946817	-0.44637766	0.9999997	-0.38670492	0.105599165	-0.15961145	0.25589433	-0.4924552	0.27772704	-0.036195174	0.03446049	-0.24868207	0.19326031	-0.2489452
-0.13637932	0.11443152	-0.14714637	0.08422167	-0.09291842	0.13232777	-0.10485526	0.12080084	-0.26541188	0.28378946	-0.21119459	0.14810596	-0.26673013	0.23815525	-0.48458984	0.10965116	-0.14818789	0.2314622	-0.38670492	0.99999946	-0.10141691	0.13179563	-0.19734654	0.21844374	-0.5129334	0.0325018	-0.031225098	0.18748239	-0.15874094	0.21261245
0.09982684	-0.08937274	0.08727961	-0.022366889	0.023517057	-0.13340794	0.092428364	-0.07440185	0.06584552	-0.063937604	0.2459371	-0.14452766	0.1343074	-0.07016298	0.05590711	-0.74542886	0.26188138	-0.20155458	0.105599165	-0.10141691	0.9999998	-0.51300794	0.07116867	-0.07373182	0.09387058	-0.104822844	0.09473908	-0.07211295	0.054151792	-0.07620573
-0.1365632	0.11328	-0.12468491	0.031491984	-0.03352259	0.150211	-0.11867575	0.102154285	-0.09550039	0.0852408	-0.31112632	0.17478904	-0.20142768	0.09848195	-0.07712142	0.2947831	-0.639956	0.26249072	-0.15961145	0.13179563	-0.51300794	0.9999996	-0.10529579	0.10359265	-0.13784117	0.12019763	-0.1368153	0.09716258	-0.075435795	0.1009148
0.076074034	-0.06552674	0.07821038	-0.03889244	0.04083031	-0.07886308	0.06145496	-0.065747336	0.12038561	-0.11530698	0.123954676	-0.09055479	0.13793752	-0.13725647	0.10391553	-0.07787596	0.11434317	-0.23175853	0.25589433	-0.19734654	0.07116867	-0.10529579	0.99999994	-0.61854345	0.25504333	-0.024926925	0.023889458	-0.60118985	0.27478912	-0.28880617
-0.082941614	0.071117975	-0.086465254	0.045459386	-0.048306413	0.08476245	-0.06641768	0.07266207	-0.15262637	0.12921093	-0.13418637	0.096791394	-0.15491308	0.16624328	-0.121929966	0.079935126	-0.11923917	0.2168331	-0.4924552	0.21844374	-0.07373182	0.10359265	-0.61854345	1.0000001	-0.35658818	0.024840161	-0.023876015	0.30220205	-0.3379516	0.25807765
0.109386854	-0.096642196	0.11210827	-0.064441845	0.06659001	-0.11665384	0.08962079	-0.095252074	0.18008733	-0.23587905	0.16985548	-0.13429007	0.19548006	-0.19645964	0.20310877	-0.10634052	0.14032026	-0.25671104	0.27772704	-0.5129334	0.09387058	-0.13784117	0.25504333	-0.35658818	1.0000001	-0.033542674	0.031708423	-0.34985712	0.26463196	-0.49610636
-0.032851078	0.027667027	-0.029813148	0.0075946096	-0.008059974	0.037211996	-0.028112013	0.024567837	-0.022661516	0.020846713	-0.07379082	0.04175303	-0.047739662	0.023516253	-0.018662317	0.07674998	-0.08737952	0.059727926	-0.036195174	0.0325018	-0.104822844	0.12019763	-0.024926925	0.024840161	-0.033542674	1.0	-0.9800143	0.025013665	-0.018860027	0.025243422
0.030755099	-0.026186543	0.027870307	-0.0072047054	0.0076326835	-0.035438225	0.026636435	-0.023096286	0.021453738	-0.019936902	0.06789772	-0.040128645	0.04448624	-0.022396795	0.017776482	-0.07635724	0.08311524	-0.05928298	0.03446049	-0.031225098	0.09473908	-0.1368153	0.023889458	-0.023876015	0.031708423	-0.9800143	0.9999999	-0.024264118	0.018103046	-0.024301166
-0.085867696	0.072103426	-0.08923122	0.040235948	-0.04314481	0.08529316	-0.06688733	0.07331573	-0.126699	0.11246574	-0.13930568	0.095849685	-0.15787539	0.12878604	-0.106258	0.07733964	-0.10989929	0.18156731	-0.24868207	0.18748239	-0.07211295	0.09716258	-0.60118985	0.30220205	-0.34985712	0.025013665	-0.024264118	0.9999998	-0.5560888	0.29854614
0.06351162	-0.054014865	0.065804146	-0.031593658	0.033519827	-0.06425281	0.050170925	-0.054621506	0.097753026	-0.09236659	0.1021485	-0.07279566	0.11619292	-0.10445627	0.08499978	-0.0591483	0.08266854	-0.14631402	0.19326031	-0.15874094	0.054151792	-0.075435795	0.27478912	-0.3379516	0.26463196	-0.018860027	0.018103046	-0.5560888	0.9999997	-0.6750644
-0.09549202	0.079866834	-0.09948205	0.04430239	-0.04765791	0.09399578	-0.07369725	0.08133625	-0.13756436	0.124866284	-0.15317824	0.105090015	-0.1757519	0.13630918	-0.11888002	0.082275115	-0.112430975	0.18012771	-0.2489452	0.21261245	-0.07620573	0.1009148	-0.28880617	0.25807765	-0.49610636	0.025243422	-0.024301166	0.29854614	-0.6750644	0.9999997
