1.0000001	-0.5750227	0.19281198	-0.1429992	0.100545146	-0.46224332	0.31669813	-0.1983063	0.1490106	-0.12504159	0.29665205	-0.22857971	0.1954887	-0.12154835	0.11926322	-0.1620478	0.17868227	-0.15091887	0.10137687	-0.065779455	0.14285128	-0.16735466	0.16246305	-0.109467156	0.06539869	-0.20349558	0.13950157	-0.13652304	0.15418757	-0.4656038
-0.5750227	1.0000001	-0.3560505	0.14930123	-0.109293275	0.28868264	-0.5369658	0.23586516	-0.17501685	0.12680003	-0.31086248	0.21616414	-0.20635575	0.11964318	-0.12244334	0.13597834	-0.17161995	0.13796514	-0.09065854	0.051338445	-0.12831411	0.1422914	-0.150028	0.093460016	-0.051657803	0.149638	-0.11240535	0.10365465	-0.118956566	0.26486868
0.19281198	-0.3560505	1.0000002	-0.2881908	0.1549938	-0.13110486	0.1941018	-0.7925625	0.25574684	-0.19011517	0.14557303	-0.13824984	0.15210637	-0.12397435	0.11717591	-0.07985954	0.10415337	-0.10076754	0.065873936	-0.038665343	0.07445729	-0.09213208	0.09798837	-0.06951821	0.0383285	-0.09742793	0.07154432	-0.067574844	0.07567425	-0.17433642
-0.1429992	0.14930123	-0.2881908	1.0000001	-0.6217854	0.09021657	-0.12720138	0.22644617	-0.59106064	0.3192907	-0.11591039	0.10597438	-0.12795202	0.16042326	-0.17755964	0.06433254	-0.086262725	0.08397601	-0.06318506	0.039568916	-0.061636586	0.07572467	-0.08513137	0.064781055	-0.039523378	0.07920226	-0.059664056	0.0561238	-0.063979715	0.13668087
0.100545146	-0.109293275	0.1549938	-0.6217854	1.0	-0.06625933	0.09019216	-0.15243423	0.30181277	-0.6752002	0.08634392	-0.087183826	0.10423078	-0.17173924	0.17463796	-0.051768314	0.06955059	-0.07116058	0.05540043	-0.036089227	0.049178984	-0.06270354	0.069637604	-0.058125388	0.03529885	-0.06624357	0.049100116	-0.046670258	0.052532975	-0.11679971
-0.46224332	0.28868264	-0.13110486	0.09021657	-0.06625933	0.99999994	-0.57786614	0.13345635	-0.10119601	0.08113942	-0.58066374	0.2152654	-0.16290888	0.08738268	-0.086072944	0.14740941	-0.15506157	0.11696082	-0.07372079	0.04289578	-0.12936778	0.1309873	-0.124487065	0.078073345	-0.04279636	0.13968831	-0.100855485	0.09249678	-0.10343419	0.25338396
0.31669813	-0.5369658	0.1941018	-0.12720138	0.09019216	-0.57786614	1.0	-0.22111169	0.13975364	-0.111836925	0.3047104	-0.33032566	0.20392723	-0.114839055	0.110638015	-0.15363458	0.18603595	-0.14706185	0.09136002	-0.053261776	0.13281752	-0.159358	0.15065256	-0.097533435	0.05297139	-0.16890307	0.12041482	-0.11197445	0.1239873	-0.3063873
-0.1983063	0.23586516	-0.7925625	0.22644617	-0.15243423	0.13345635	-0.22111169	0.99999976	-0.38961098	0.1775073	-0.15358733	0.14223349	-0.18351066	0.12712814	-0.12410638	0.08084397	-0.10871222	0.105417	-0.06804859	0.038669676	-0.07620584	0.093368314	-0.10308853	0.07026489	-0.038536295	0.09576615	-0.07188761	0.06728659	-0.07565601	0.16311225
0.1490106	-0.17501685	0.25574684	-0.59106064	0.30181277	-0.10119601	0.13975364	-0.38961098	1.0000001	-0.5067953	0.1266562	-0.12951565	0.15351279	-0.25349316	0.21119174	-0.07564058	0.10111128	-0.10371854	0.07780202	-0.04857089	0.07138714	-0.09115079	0.10011804	-0.08174616	0.04766647	-0.096384384	0.07107813	-0.06760963	0.07579201	-0.17113036
-0.12504159	0.12680003	-0.19011517	0.3192907	-0.6752002	0.08113942	-0.111836925	0.1775073	-0.5067953	1.0	-0.107242964	0.10582906	-0.13381378	0.21611737	-0.31721368	0.06264569	-0.08558026	0.087287374	-0.06940863	0.046684593	-0.059993777	0.07573541	-0.08641426	0.07080519	-0.046254903	0.078372605	-0.0591075	0.055819884	-0.06320134	0.13318582
0.29665205	-0.31086248	0.14557303	-0.11591039	0.08634392	-0.58066374	0.3047104	-0.15358733	0.1266562	-0.107242964	1.0000001	-0.36275083	0.22487092	-0.1235217	0.11868401	-0.29865935	0.22935225	-0.176681	0.10964193	-0.06565246	0.20709348	-0.2112539	0.18444504	-0.118826956	0.06514427	-0.23146918	0.15924473	-0.14665447	0.16073585	-0.4154119
-0.22857971	0.21616414	-0.13824984	0.10597438	-0.087183826	0.2152654	-0.33032566	0.14223349	-0.12951565	0.10582906	-0.36275083	1.0000004	-0.54577315	0.16034682	-0.15987046	0.19744913	-0.5099868	0.25772285	-0.13803405	0.06581247	-0.18608078	0.24922481	-0.2553065	0.1382238	-0.06602301	0.2009342	-0.16716827	0.14283264	-0.15553124	0.26236662
0.1954887	-0.20635575	0.15210637	-0.12795202	0.10423078	-0.16290888	0.20392723	-0.18351066	0.15351279	-0.13381378	0.22487092	-0.54577315	1.0000004	-0.2956002	0.20617156	-0.17513159	0.27714643	-0.49855295	0.17577133	-0.08427807	0.15895991	-0.24683082	0.27395132	-0.18845734	0.08166063	-0.21811205	0.16400325	-0.15791716	0.16078094	-0.3073883
-0.12154835	0.11964318	-0.12397435	0.16042326	-0.17173924	0.08738268	-0.114839055	0.12712814	-0.25349316	0.21611737	-0.1235217	0.16034682	-0.2956002	1.0000002	-0.8362204	0.08270503	-0.123685054	0.1491691	-0.1424765	0.08499292	-0.07885137	0.108234674	-0.13283405	0.12810653	-0.084111795	0.10453791	-0.08033276	0.07641662	-0.08398861	0.1620125
0.11926322	-0.12244334	0.11717591	-0.17755964	0.17463796	-0.086072944	0.110638015	-0.12410638	0.21119174	-0.31721368	0.11868401	-0.15987046	0.20617156	-0.8362204	1.0000002	-0.083160095	0.117574416	-0.14252166	0.1230092	-0.098752454	0.07786128	-0.10875981	0.12271688	-0.12951787	0.087922454	-0.10913486	0.08080077	-0.07767521	0.08431488	-0.17895387
-0.1620478	0.13597834	-0.07985954	0.06433254	-0.051768314	0.14740941	-0.15363458	0.08084397	-0.07564058	0.06264569	-0.29865935	0.19744913	-0.17513159	0.08270503	-0.083160095	1.0000001	-0.3246686	0.1554238	-0.09022529	0.044037886	-0.80909765	0.25309643	-0.187564	0.093325496	-0.044426113	0.20858046	-0.17418483	0.12592462	-0.1412809	0.19959605
0.17868227	-0.17161995	0.10415337	-0.086262725	0.06955059	-0.15506157	0.18603595	-0.10871222	0.10111128	-0.08558026	0.22935225	-0.5099868	0.27714643	-0.123685054	0.117574416	-0.3246686	1.0000004	-0.34110624	0.14167327	-0.065413505	0.24759674	-0.5485682	0.27633527	-0.1530704	0.064709395	-0.27816027	0.22362913	-0.17594318	0.17420857	-0.26392078
-0.15091887	0.13796514	-0.10076754	0.08397601	-0.07116058	0.11696082	-0.14706185	0.105417	-0.10371854	0.087287374	-0.176681	0.25772285	-0.49855295	0.1491691	-0.14252166	0.1554238	-0.34110624	1.0000005	-0.29840913	0.08621517	-0.15459077	0.25175518	-0.6261002	0.22976647	-0.085753985	0.18946065	-0.16759026	0.16794255	-0.17295416	0.21882538
0.10137687	-0.09065854	0.065873936	-0.06318506	0.05540043	-0.07372079	0.09136002	-0.06804859	0.07780202	-0.06940863	0.10964193	-0.13803405	0.17577133	-0.1424765	0.1230092	-0.09022529	0.14167327	-0.29840913	1.0000005	-0.2209043	0.08761308	-0.1357873	0.21643332	-0.85779697	0.1813145	-0.11940773	0.09633694	-0.09819127	0.10363367	-0.16098736
-0.065779455	0.051338445	-0.038665343	0.039568916	-0.036089227	0.04289578	-0.053261776	0.038669676	-0.04857089	0.046684593	-0.06565246	0.06581247	-0.08427807	0.08499292	-0.098752454	0.044037886	-0.065413505	0.08621517	-0.2209043	1.0000006	-0.04391771	0.0595876	-0.086805746	0.18222076	-0.94402057	0.057248127	-0.04683043	0.04666424	-0.055506982	0.108511575
0.14285128	-0.12831411	0.07445729	-0.061636586	0.049178984	-0.12936778	0.13281752	-0.07620584	0.07138714	-0.059993777	0.20709348	-0.18608078	0.15895991	-0.07885137	0.07786128	-0.80909765	0.24759674	-0.15459077	0.08761308	-0.04391771	1.0000008	-0.35933226	0.18147062	-0.094164945	0.04400499	-0.28168777	0.19145404	-0.13635182	0.14322446	-0.21037866
-0.16735466	0.1422914	-0.09213208	0.07572467	-0.06270354	0.1309873	-0.159358	0.093368314	-0.09115079	0.07573541	-0.2112539	0.24922481	-0.24683082	0.108234674	-0.10875981	0.25309643	-0.5485682	0.25175518	-0.1357873	0.0595876	-0.35933226	1.0000012	-0.42518613	0.14003901	-0.060385875	0.28890005	-0.4248435	0.21228997	-0.2161183	0.22852911
0.16246305	-0.150028	0.09798837	-0.08513137	0.069637604	-0.124487065	0.15065256	-0.10308853	0.10011804	-0.08641426	0.18444504	-0.2553065	0.27395132	-0.13283405	0.12271688	-0.187564	0.27633527	-0.6261002	0.21643332	-0.086805746	0.18147062	-0.42518613	1.0000011	-0.27426103	0.085705295	-0.26190904	0.22254395	-0.28469217	0.21725884	-0.27791303
-0.109467156	0.093460016	-0.06951821	0.064781055	-0.058125388	0.078073345	-0.097533435	0.07026489	-0.08174616	0.07080519	-0.118826956	0.1382238	-0.18845734	0.12810653	-0.12951787	0.093325496	-0.1530704	0.22976647	-0.85779697	0.18222076	-0.094164945	0.14003901	-0.27426103	1.0000011	-0.22022307	0.12099271	-0.10344329	0.10473789	-0.116264924	0.15761892
0.06539869	-0.051657803	0.0383285	-0.039523378	0.03529885	-0.04279636	0.05297139	-0.038536295	0.04766647	-0.046254903	0.06514427	-0.06602301	0.08166063	-0.084111795	0.087922454	-0.044426113	0.064709395	-0.085753985	0.1813145	-0.94402057	0.04400499	-0.060385875	0.085705295	-0.22022307	1.0000011	-0.058768637	0.04738468	-0.047745973	0.056288473	-0.12357184
-0.20349558	0.149638	-0.09742793	0.07920226	-0.06624357	0.13968831	-0.16890307	0.09576615	-0.096384384	0.078372605	-0.23146918	0.2009342	-0.21811205	0.10453791	-0.10913486	0.20858046	-0.27816027	0.18946065	-0.11940773	0.057248127	-0.28168777	0.28890005	-0.26190904	0.12099271	-0.058768637	1.0000011	-0.6869762	0.2768207	-0.3585984	0.24653555
0.13950157	-0.11240535	0.07154432	-0.059664056	0.049100116	-0.100855485	0.12041482	-0.07188761	0.07107813	-0.0591075	0.15924473	-0.16716827	0.16400325	-0.08033276	0.08080077	-0.17418483	0.22362913	-0.16759026	0.09633694	-0.04683043	0.19145404	-0.4248435	0.22254395	-0.10344329	0.04738468	-0.6869762	1.0000008	-0.43602148	0.2747989	-0.22052507
-0.13652304	0.10365465	-0.067574844	0.0561238	-0.046670258	0.09249678	-0.11197445	0.06728659	-0.06760963	0.055819884	-0.14665447	0.14283264	-0.15791716	0.07641662	-0.07767521	0.12592462	-0.17594318	0.16794255	-0.09819127	0.04666424	-0.13635182	0.21228997	-0.28469217	0.10473789	-0.047745973	0.2768207	-0.43602148	1.0000007	-0.7637476	0.22628093
0.15418757	-0.118956566	0.07567425	-0.063979715	0.052532975	-0.10343419	0.1239873	-0.07565601	0.07579201	-0.06320134	0.16073585	-0.15553124	0.16078094	-0.08398861	0.08431488	-0.1412809	0.17420857	-0.17295416	0.10363367	-0.055506982	0.14322446	-0.2161183	0.21725884	-0.116264924	0.056288473	-0.3585984	0.2747989	-0.7637476	1.0000007	-0.3682005
-0.4656038	0.26486868	-0.17433642	0.13668087	-0.11679971	0.25338396	-0.3063873	0.16311225	-0.17113036	0.13318582	-0.4154119	0.26236662	-0.3073883	0.1620125	-0.17895387	0.19959605	-0.26392078	0.21882538	-0.16098736	0.108511575	-0.21037866	0.22852911	-0.27791303	0.15761892	-0.12357184	0.24653555	-0.22052507	0.22628093	-0.3682005	1.0000007
