1.0	-0.7635895	0.28830132	-0.22989503	0.1329691	-0.32606465	0.23939845	-0.17191148	0.12698846	-0.120599434	0.17007132	-0.20500708	0.13209155	-0.12206121	0.118506394	-0.15534696	0.115278095	-0.13284858	0.11343194	-0.1543984	0.08349924	-0.09008263	0.10665544	-0.116741896	0.106067516	-0.069523044	0.08807215	-0.1383753	0.07846359	-0.1033493
-0.7635895	1.0000001	-0.4921604	0.1828183	-0.111803636	0.20238277	-0.24411185	0.14002158	-0.10234132	0.0939145	-0.13430251	0.14897956	-0.11013685	0.09408766	-0.09253837	0.11366391	-0.08544085	0.097531855	-0.085150376	0.11322484	-0.061988257	0.066520974	-0.079428755	0.08607151	-0.07847618	0.051267006	-0.06550033	0.09891721	-0.056933507	0.07450097
0.28830132	-0.4921604	0.9999999	-0.47945556	0.23118487	-0.1618702	0.17153955	-0.32737637	0.20817754	-0.19965999	0.2144481	-0.29665297	0.21850343	-0.19328958	0.18675402	-0.20414707	0.16509874	-0.19219425	0.1688488	-0.23104604	0.11739812	-0.12788469	0.15430063	-0.1702422	0.15585914	-0.097189866	0.125385	-0.19662018	0.11289718	-0.14890686
-0.22989503	0.1828183	-0.47945556	0.9999997	-0.63498497	0.11442549	-0.1404772	0.20104046	-0.30686283	0.2742283	-0.19587839	0.20141308	-0.18195817	0.20591542	-0.24372351	0.15442067	-0.13190359	0.15165786	-0.15788372	0.20187438	-0.09751295	0.10401817	-0.13353083	0.14349018	-0.14267342	0.07853603	-0.10588969	0.14384009	-0.09094083	0.11589236
0.1329691	-0.111803636	0.23118487	-0.63498497	1.0000001	-0.07771112	0.092892714	-0.18517178	0.2656918	-0.56953	0.15970375	-0.19408481	0.15686706	-0.22222944	0.24472849	-0.14163809	0.12324324	-0.14970787	0.15310149	-0.23134898	0.08897137	-0.097539276	0.124372855	-0.14381482	0.13793723	-0.07262203	0.09646915	-0.1462673	0.08958751	-0.11926657
-0.32606465	0.20238277	-0.1618702	0.11442549	-0.07771112	1.0000002	-0.87460065	0.11065358	-0.0798652	0.07052298	-0.22349724	0.14044958	-0.091351844	0.07667209	-0.07412833	0.13550113	-0.083330184	0.09121226	-0.075419545	0.09558138	-0.06284084	0.06532619	-0.074486405	0.078491986	-0.06827703	0.05212369	-0.063908376	0.088974506	-0.05074484	0.06577846
0.23939845	-0.24411185	0.17153955	-0.1404772	0.092892714	-0.87460065	1.0000002	-0.14065425	0.09636403	-0.08622415	0.19309358	-0.17419025	0.1096494	-0.09380662	0.08999989	-0.16018012	0.1006831	-0.11163207	0.0918691	-0.11826459	0.0751327	-0.0789642	0.09012047	-0.096058264	0.083804905	-0.06271887	0.076808535	-0.11054862	0.06266003	-0.08158489
-0.17191148	0.14002158	-0.32737637	0.20104046	-0.18517178	0.11065358	-0.14065425	1.0000001	-0.3219948	0.18153778	-0.21341087	0.2631069	-0.7593267	0.23601912	-0.19982938	0.16220506	-0.16090104	0.17013486	-0.16915193	0.18123494	-0.10761518	0.11454822	-0.1455635	0.14842926	-0.12897554	0.08488198	-0.11685279	0.13331465	-0.08432064	0.10592774
0.12698846	-0.10234132	0.20817754	-0.30686283	0.2656918	-0.0798652	0.09636403	-0.3219948	1.0000001	-0.51653993	0.17880312	-0.2257871	0.23733012	-0.57517594	0.3080891	-0.15870479	0.14842771	-0.18880424	0.21411921	-0.2592449	0.10373604	-0.115793005	0.15144227	-0.18796359	0.15478303	-0.08387244	0.11246944	-0.15344119	0.09728148	-0.12731192
-0.120599434	0.0939145	-0.19965999	0.2742283	-0.56953	0.07052298	-0.08622415	0.18153778	-0.51653993	1.0	-0.15312009	0.1691245	-0.16935661	0.27808812	-0.47400436	0.12703785	-0.11666741	0.14068802	-0.16659158	0.2272944	-0.084392145	0.091959134	-0.122063816	0.13978115	-0.142354	0.06774139	-0.092175245	0.126833	-0.08320219	0.10772959
0.17007132	-0.13430251	0.2144481	-0.19587839	0.15970375	-0.22349724	0.19309358	-0.21341087	0.17880312	-0.15312009	1.0	-0.4326283	0.1985301	-0.18500012	0.17781259	-0.6185853	0.2709695	-0.28140664	0.21159843	-0.24880572	0.21683893	-0.21623237	0.22723699	-0.23202372	0.18597816	-0.18206172	0.20656766	-0.2548541	0.1433327	-0.18317801
-0.20500708	0.14897956	-0.29665297	0.20141308	-0.19408481	0.14044958	-0.17419025	0.2631069	-0.2257871	0.1691245	-0.4326283	0.9999999	-0.4048964	0.2105449	-0.20585984	0.28889745	-0.47014436	0.28309676	-0.24199665	0.21945594	-0.21381432	0.22355527	-0.26342446	0.21994974	-0.17592828	0.16018839	-0.23249732	0.18493083	-0.119247474	0.14246668
0.13209155	-0.11013685	0.21850343	-0.18195817	0.15686706	-0.091351844	0.1096494	-0.7593267	0.23733012	-0.16935661	0.1985301	-0.4048964	1.0	-0.30071065	0.19087319	-0.16798964	0.17732006	-0.19891606	0.175163	-0.19010513	0.109397426	-0.120844685	0.14870319	-0.15832257	0.12774137	-0.087010495	0.11779687	-0.13593307	0.08482474	-0.10793257
-0.12206121	0.09408766	-0.19328958	0.20591542	-0.22222944	0.07667209	-0.09380662	0.23601912	-0.57517594	0.27808812	-0.18500012	0.2105449	-0.30071065	0.9999997	-0.5362606	0.15502757	-0.15726124	0.19708145	-0.34799287	0.2643956	-0.10876814	0.12064109	-0.16866072	0.20333017	-0.16896008	0.08609783	-0.118865296	0.14514095	-0.09800994	0.12401054
0.118506394	-0.09253837	0.18675402	-0.24372351	0.24472849	-0.07412833	0.08999989	-0.19982938	0.3080891	-0.47400436	0.17781259	-0.20585984	0.19087319	-0.5362606	0.99999964	-0.15484142	0.14552361	-0.18618757	0.23090617	-0.49353448	0.10422451	-0.1160634	0.15562628	-0.19346705	0.20023102	-0.08416122	0.11408207	-0.171175	0.11217013	-0.1537525
-0.15534696	0.11366391	-0.20414707	0.15442067	-0.14163809	0.13550113	-0.16018012	0.16220506	-0.15870479	0.12703785	-0.6185853	0.28889745	-0.16798964	0.15502757	-0.15484142	0.9999997	-0.39994282	0.26060277	-0.20992446	0.18928759	-0.3859537	0.2586526	-0.27452168	0.21153666	-0.15618263	0.22208774	-0.28906104	0.1781876	-0.11198022	0.13189174
0.115278095	-0.08544085	0.16509874	-0.13190359	0.12324324	-0.083330184	0.1006831	-0.16090104	0.14842771	-0.11666741	0.2709695	-0.47014436	0.17732006	-0.15726124	0.14552361	-0.39994282	0.99999976	-0.58945966	0.23696797	-0.1836964	0.22252479	-0.3734227	0.2652515	-0.23360676	0.13931848	-0.17455444	0.22315246	-0.15449864	0.09763951	-0.11656847
-0.13284858	0.097531855	-0.19219425	0.15165786	-0.14970787	0.09121226	-0.11163207	0.17013486	-0.18880424	0.14068802	-0.28140664	0.28309676	-0.19891606	0.19708145	-0.18618757	0.26060277	-0.58945966	0.99999964	-0.47250563	0.2175585	-0.20924558	0.24923185	-0.3744524	0.28151613	-0.17081879	0.15605326	-0.22400498	0.16682455	-0.112023816	0.13101852
0.11343194	-0.085150376	0.1688488	-0.15788372	0.15310149	-0.075419545	0.0918691	-0.16915193	0.21411921	-0.16659158	0.21159843	-0.24199665	0.175163	-0.34799287	0.23090617	-0.20992446	0.23696797	-0.47250563	0.9999996	-0.36046994	0.15200548	-0.18877117	0.2781139	-0.5848364	0.19782865	-0.12137327	0.16365388	-0.17663006	0.121722884	-0.15063287
-0.1543984	0.11322484	-0.23104604	0.20187438	-0.23134898	0.09558138	-0.11826459	0.18123494	-0.2592449	0.2272944	-0.24880572	0.21945594	-0.19010513	0.2643956	-0.49353448	0.18928759	-0.1836964	0.2175585	-0.36046994	0.9999994	-0.13890031	0.14901085	-0.21386614	0.23647596	-0.49819863	0.109364845	-0.15508796	0.22091219	-0.17628193	0.22757874
0.08349924	-0.061988257	0.11739812	-0.09751295	0.08897137	-0.06284084	0.0751327	-0.10761518	0.10373604	-0.084392145	0.21683893	-0.21381432	0.109397426	-0.10876814	0.10422451	-0.3859537	0.22252479	-0.20924558	0.15200548	-0.13890031	0.99999934	-0.48031187	0.23261762	-0.1948697	0.111855574	-0.64355165	0.32790893	-0.14244404	0.08564483	-0.09954621
-0.09008263	0.066520974	-0.12788469	0.10401817	-0.097539276	0.06532619	-0.0789642	0.11454822	-0.115793005	0.091959134	-0.21623237	0.22355527	-0.120844685	0.12064109	-0.1160634	0.2586526	-0.3734227	0.24923185	-0.18877117	0.14901085	-0.48031187	0.9999993	-0.49657926	0.23428826	-0.12422876	0.28322214	-0.49341083	0.14805116	-0.09348928	0.10459297
0.10665544	-0.079428755	0.15430063	-0.13353083	0.124372855	-0.074486405	0.09012047	-0.1455635	0.15144227	-0.122063816	0.22723699	-0.26342446	0.14870319	-0.16866072	0.15562628	-0.27452168	0.2652515	-0.3744524	0.2781139	-0.21386614	0.23261762	-0.49657926	0.9999993	-0.5744035	0.17183596	-0.19845872	0.24346232	-0.21110295	0.12972654	-0.14892219
-0.116741896	0.08607151	-0.1702422	0.14349018	-0.14381482	0.078491986	-0.096058264	0.14842926	-0.18796359	0.13978115	-0.23202372	0.21994974	-0.15832257	0.20333017	-0.19346705	0.21153666	-0.23360676	0.28151613	-0.5848364	0.23647596	-0.1948697	0.23428826	-0.5744035	0.99999946	-0.22589509	0.14670676	-0.21478613	0.1876668	-0.14709477	0.15639248
0.106067516	-0.07847618	0.15585914	-0.14267342	0.13793723	-0.06827703	0.083804905	-0.12897554	0.15478303	-0.142354	0.18597816	-0.17592828	0.12774137	-0.16896008	0.20023102	-0.15618263	0.13931848	-0.17081879	0.19782865	-0.49819863	0.111855574	-0.12422876	0.17183596	-0.22589509	0.9999994	-0.09314134	0.12855075	-0.38214558	0.27122834	-0.6167642
-0.069523044	0.051267006	-0.097189866	0.07853603	-0.07262203	0.05212369	-0.06271887	0.08488198	-0.08387244	0.06774139	-0.18206172	0.16018839	-0.087010495	0.08609783	-0.08416122	0.22208774	-0.17455444	0.15605326	-0.12137327	0.109364845	-0.64355165	0.28322214	-0.19845872	0.14670676	-0.09314134	0.9999993	-0.6541814	0.119542025	-0.07405225	0.08066035
0.08807215	-0.06550033	0.125385	-0.10588969	0.09646915	-0.063908376	0.076808535	-0.11685279	0.11246944	-0.092175245	0.20656766	-0.23249732	0.11779687	-0.118865296	0.11408207	-0.28906104	0.22315246	-0.22400498	0.16365388	-0.15508796	0.32790893	-0.49341083	0.24346232	-0.21478613	0.12855075	-0.6541814	0.99999946	-0.18690519	0.10593766	-0.117189765
-0.1383753	0.09891721	-0.19662018	0.14384009	-0.1462673	0.088974506	-0.11054862	0.13331465	-0.15344119	0.126833	-0.2548541	0.18493083	-0.13593307	0.14514095	-0.171175	0.1781876	-0.15449864	0.16682455	-0.17663006	0.22091219	-0.14244404	0.14805116	-0.21110295	0.1876668	-0.38214558	0.119542025	-0.18690519	0.9999996	-0.6917272	0.30953336
0.07846359	-0.056933507	0.11289718	-0.09094083	0.08958751	-0.05074484	0.06266003	-0.08432064	0.09728148	-0.08320219	0.1433327	-0.119247474	0.08482474	-0.09800994	0.11217013	-0.11198022	0.09763951	-0.112023816	0.121722884	-0.17628193	0.08564483	-0.09348928	0.12972654	-0.14709477	0.27122834	-0.07405225	0.10593766	-0.6917272	0.99999946	-0.60306764
-0.1033493	0.07450097	-0.14890686	0.11589236	-0.11926657	0.06577846	-0.08158489	0.10592774	-0.12731192	0.10772959	-0.18317801	0.14246668	-0.10793257	0.12401054	-0.1537525	0.13189174	-0.11656847	0.13101852	-0.15063287	0.22757874	-0.09954621	0.10459297	-0.14892219	0.15639248	-0.6167642	0.08066035	-0.117189765	0.30953336	-0.60306764	0.99999946
