1.0000001	-0.9302077	0.13043994	-0.03362784	0.025690332	-0.26161924	0.18567365	-0.12138829	0.045517743	-0.03361652	0.12274127	-0.11537363	0.049552936	-0.0420601	0.034663796	-0.027926946	0.028994769	-0.04357248	0.033399828	-0.03922527	0.015193653	-0.01752501	0.017986262	-0.02570694	0.02199996	-0.017830454	0.016668055	-0.016575236	0.016932035	-0.019197812
-0.9302077	0.9999997	-0.16093466	0.033899713	-0.02610915	0.20362742	-0.2231257	0.12375383	-0.0466508	0.03358236	-0.13371862	0.11465696	-0.05080044	0.04195528	-0.034947496	0.027926942	-0.02932491	0.043446954	-0.033472694	0.038766988	-0.015208756	0.017460482	-0.017963763	0.02552454	-0.021918807	0.017765047	-0.016651314	0.016494261	-0.01687905	0.019053373
0.13043994	-0.16093466	1.0000005	-0.14105093	0.09688331	-0.21493058	0.19913009	-0.8620666	0.17465569	-0.1289156	0.11966579	-0.13717978	0.1857642	-0.15801647	0.11997541	-0.07428659	0.074714445	-0.1725011	0.1178297	-0.13952744	0.042526357	-0.053976424	0.05653484	-0.08817753	0.074037425	-0.05086262	0.051077504	-0.052430026	0.05516151	-0.06353825
-0.03362784	0.033899713	-0.14105093	1.0000004	-0.7022715	0.05082587	-0.051300514	0.120964505	-0.55400753	0.30828238	-0.039200075	0.038399283	-0.11460887	0.21035855	-0.25295758	0.045996778	-0.04962547	0.09661099	-0.12803088	0.1480458	-0.03251041	0.047442783	-0.053856853	0.08732245	-0.07998601	0.037621215	-0.047896005	0.04894754	-0.05666489	0.06287844
0.025690332	-0.02610915	0.09688331	-0.7022715	1.0000001	-0.040534273	0.039615236	-0.08941072	0.2973722	-0.5813207	0.03164864	-0.031055652	0.09707253	-0.20473872	0.22972713	-0.042441025	0.04498674	-0.087354764	0.1156712	-0.15460807	0.030329632	-0.045421485	0.050844196	-0.08556582	0.07637555	-0.035445567	0.045030303	-0.04705139	0.053789113	-0.061706256
-0.26161924	0.20362742	-0.21493058	0.05082587	-0.040534273	0.99999976	-0.72611266	0.18137532	-0.074012786	0.050981745	-0.4785383	0.30167985	-0.084006675	0.0649906	-0.05587855	0.056129172	-0.06035032	0.06831405	-0.053649932	0.060111757	-0.029078603	0.030808706	-0.031116918	0.04114919	-0.035628695	0.033373144	-0.029361341	0.028305557	-0.028187724	0.03133541
0.18567365	-0.2231257	0.19913009	-0.051300514	0.039615236	-0.72611266	0.99999964	-0.25252566	0.07353832	-0.051225327	0.30217028	-0.48094493	0.084993415	-0.065721266	0.054096095	-0.05501586	0.058114573	-0.071418494	0.053085536	-0.060080368	0.027836062	-0.029841859	0.029950356	-0.040609825	0.034761187	-0.032449875	0.028174931	-0.02744336	0.027303003	-0.0306257
-0.12138829	0.12375383	-0.8620666	0.120964505	-0.08941072	0.18137532	-0.25252566	0.9999998	-0.20382333	0.11360732	-0.11744061	0.12539074	-0.23349456	0.14200777	-0.1110773	0.0645191	-0.06767374	0.15593539	-0.10907594	0.11851997	-0.037040714	0.046685968	-0.04959998	0.07632092	-0.06500411	0.04371087	-0.044698246	0.045286383	-0.048297867	0.054540485
0.045517743	-0.0466508	0.17465569	-0.55400753	0.2973722	-0.074012786	0.07353832	-0.20382333	0.99999964	-0.4794787	0.055384137	-0.055748973	0.16663185	-0.46056572	0.28890565	-0.07018803	0.07386419	-0.15222691	0.19672579	-0.24051666	0.048814822	-0.072749734	0.08103613	-0.13953169	0.12058142	-0.05720346	0.07131656	-0.07487551	0.08518306	-0.09794587
-0.03361652	0.03358236	-0.1289156	0.30828238	-0.5813207	0.050981745	-0.051225327	0.11360732	-0.4794787	0.99999946	-0.040995903	0.039598618	-0.13192537	0.25519952	-0.51424545	0.053813655	-0.058259983	0.11262834	-0.15774015	0.19627544	-0.038808092	0.0578236	-0.06616127	0.10871175	-0.1018204	0.04481858	-0.05871836	0.060152452	-0.07071464	0.0784725
0.12274127	-0.13371862	0.11966579	-0.039200075	0.03164864	-0.4785383	0.30217028	-0.11744061	0.055384137	-0.040995903	0.9999996	-0.80070657	0.071457736	-0.055295397	0.046985477	-0.08265782	0.08206772	-0.06289125	0.047879193	-0.05433034	0.037153434	-0.034534883	0.03271915	-0.038978077	0.033372298	-0.04286103	0.032006208	-0.030034922	0.027760444	-0.030826345
-0.11537363	0.11465696	-0.13717978	0.038399283	-0.031055652	0.30167985	-0.48094493	0.12539074	-0.055748973	0.039598618	-0.80070657	0.9999995	-0.07441839	0.053357057	-0.045499742	0.07500357	-0.08588057	0.06198579	-0.0464755	0.05123423	-0.03444933	0.032231547	-0.030813294	0.036744267	-0.03155476	0.039204303	-0.029970398	0.027938848	-0.026100969	0.028748853
0.049552936	-0.05080044	0.1857642	-0.11460887	0.09707253	-0.084006675	0.084993415	-0.23349456	0.16663185	-0.13192537	0.071457736	-0.07441839	0.9999996	-0.30817324	0.18708473	-0.16408284	0.16344032	-0.78192884	0.2752443	-0.2725843	0.08449586	-0.10608182	0.11142646	-0.18046916	0.14393298	-0.101416364	0.09720006	-0.10013086	0.10516111	-0.11933426
-0.0420601	0.04195528	-0.15801647	0.21035855	-0.20473872	0.0649906	-0.065721266	0.14200777	-0.46056572	0.25519952	-0.055295397	0.053357057	-0.30817324	0.9999994	-0.53202707	0.09148977	-0.10232261	0.23070788	-0.46983948	0.29549542	-0.06458978	0.09594239	-0.1145656	0.19382678	-0.17768726	0.073636614	-0.09831528	0.099262305	-0.12185566	0.12754595
0.034663796	-0.034947496	0.11997541	-0.25295758	0.22972713	-0.05587855	0.054096095	-0.1110773	0.28890565	-0.51424545	0.046985477	-0.045499742	0.18708473	-0.53202707	0.99999917	-0.08326239	0.08796337	-0.17858306	0.26031795	-0.45678613	0.06111723	-0.095789954	0.10790285	-0.19543602	0.1772202	-0.07142637	0.09417014	-0.10059409	0.11751114	-0.13912733
-0.027926946	0.027926942	-0.07428659	0.045996778	-0.042441025	0.056129172	-0.05501586	0.0645191	-0.07018803	0.053813655	-0.08265782	0.07500357	-0.16408284	0.09148977	-0.08326239	0.99999905	-0.85879564	0.15492815	-0.10851825	0.100801125	-0.34027177	0.15165146	-0.12900583	0.095993094	-0.08259238	0.2329471	-0.13853571	0.10568311	-0.081102155	0.08180233
0.028994769	-0.02932491	0.074714445	-0.04962547	0.04498674	-0.06035032	0.058114573	-0.06767374	0.07386419	-0.058259983	0.08206772	-0.08588057	0.16344032	-0.10232261	0.08796337	-0.85879564	0.9999992	-0.21069878	0.118656285	-0.11592764	0.23506474	-0.18029104	0.13328068	-0.10882522	0.09003766	-0.28019023	0.14203572	-0.11976707	0.087973215	-0.09325906
-0.04357248	0.043446954	-0.1725011	0.09661099	-0.087354764	0.06831405	-0.071418494	0.15593539	-0.15222691	0.11262834	-0.06289125	0.06198579	-0.78192884	0.23070788	-0.17858306	0.15492815	-0.21069878	0.9999992	-0.41965994	0.22613747	-0.08056001	0.09893193	-0.11154532	0.16622153	-0.1397887	0.09214569	-0.09290499	0.09204171	-0.100870654	0.10647155
0.033399828	-0.033472694	0.1178297	-0.12803088	0.1156712	-0.053649932	0.053085536	-0.10907594	0.19672579	-0.15774015	0.047879193	-0.0464755	0.2752443	-0.46983948	0.26031795	-0.10851825	0.118656285	-0.41965994	0.9999987	-0.5437652	0.0754719	-0.122408316	0.14579606	-0.38212252	0.24408302	-0.08670211	0.11759954	-0.12580456	0.15636791	-0.1708602
-0.03922527	0.038766988	-0.13952744	0.1480458	-0.15460807	0.060111757	-0.060080368	0.11851997	-0.24051666	0.19627544	-0.05433034	0.05123423	-0.2725843	0.29549542	-0.45678613	0.100801125	-0.11592764	0.22613747	-0.5437652	0.99999833	-0.08092881	0.12876888	-0.16168764	0.2820947	-0.42450264	0.090206355	-0.14002082	0.13999325	-0.194139	0.202182
0.015193653	-0.015208756	0.042526357	-0.03251041	0.030329632	-0.029078603	0.027836062	-0.037040714	0.048814822	-0.038808092	0.037153434	-0.03444933	0.08449586	-0.06458978	0.06111723	-0.34027177	0.23506474	-0.08056001	0.0754719	-0.08092881	0.999998	-0.27043277	0.1685829	-0.098968305	0.08181057	-0.8355494	0.20740512	-0.1555802	0.09428512	-0.09610756
-0.01752501	0.017460482	-0.053976424	0.047442783	-0.045421485	0.030808706	-0.029841859	0.046685968	-0.072749734	0.0578236	-0.034534883	0.032231547	-0.10608182	0.09594239	-0.095789954	0.15165146	-0.18029104	0.09893193	-0.122408316	0.12876888	-0.27043277	0.9999978	-0.69028723	0.19650571	-0.16457099	0.22246566	-0.51448977	0.28967667	-0.18609108	0.16809978
0.017986262	-0.017963763	0.05653484	-0.053856853	0.050844196	-0.031116918	0.029950356	-0.04959998	0.08103613	-0.06616127	0.03271915	-0.030813294	0.11142646	-0.1145656	0.10790285	-0.12900583	0.13328068	-0.11154532	0.14579606	-0.16168764	0.1685829	-0.69028723	0.9999978	-0.3332441	0.19926271	-0.19201997	0.30816716	-0.45275512	0.22255151	-0.2314157
-0.02570694	0.02552454	-0.08817753	0.08732245	-0.08556582	0.04114919	-0.040609825	0.07632092	-0.13953169	0.10871175	-0.038978077	0.036744267	-0.18046916	0.19382678	-0.19543602	0.095993094	-0.10882522	0.16622153	-0.38212252	0.2820947	-0.098968305	0.19650571	-0.3332441	0.999998	-0.6332751	0.10769494	-0.20411552	0.21527597	-0.36511686	0.28675976
0.02199996	-0.021918807	0.074037425	-0.07998601	0.07637555	-0.035628695	0.034761187	-0.06500411	0.12058142	-0.1018204	0.033372298	-0.03155476	0.14393298	-0.17768726	0.1772202	-0.08259238	0.09003766	-0.1397887	0.24408302	-0.42450264	0.08181057	-0.16457099	0.19926271	-0.6332751	0.99999774	-0.09291764	0.1624195	-0.1926101	0.27488396	-0.49091822
-0.017830454	0.017765047	-0.05086262	0.037621215	-0.035445567	0.033373144	-0.032449875	0.04371087	-0.05720346	0.04481858	-0.04286103	0.039204303	-0.101416364	0.073636614	-0.07142637	0.2329471	-0.28019023	0.09214569	-0.08670211	0.090206355	-0.8355494	0.22246566	-0.19201997	0.10769494	-0.09291764	0.99999774	-0.30037725	0.1668079	-0.10816806	0.1030262
0.016668055	-0.016651314	0.051077504	-0.047896005	0.045030303	-0.029361341	0.028174931	-0.044698246	0.07131656	-0.05871836	0.032006208	-0.029970398	0.09720006	-0.09831528	0.09417014	-0.13853571	0.14203572	-0.09290499	0.11759954	-0.14002082	0.20740512	-0.51448977	0.30816716	-0.20411552	0.1624195	-0.30037725	0.99999803	-0.6452829	0.23331039	-0.24524109
-0.016575236	0.016494261	-0.052430026	0.04894754	-0.04705139	0.028305557	-0.02744336	0.045286383	-0.07487551	0.060152452	-0.030034922	0.027938848	-0.10013086	0.099262305	-0.10059409	0.10568311	-0.11976707	0.09204171	-0.12580456	0.13999325	-0.1555802	0.28967667	-0.45275512	0.21527597	-0.1926101	0.1668079	-0.6452829	0.9999982	-0.4440503	0.24912196
0.016932035	-0.01687905	0.05516151	-0.05666489	0.053789113	-0.028187724	0.027303003	-0.048297867	0.08518306	-0.07071464	0.027760444	-0.026100969	0.10516111	-0.12185566	0.11751114	-0.081102155	0.087973215	-0.100870654	0.15636791	-0.194139	0.09428512	-0.18609108	0.22255151	-0.36511686	0.27488396	-0.10816806	0.23331039	-0.4440503	0.99999833	-0.7099327
-0.019197812	0.019053373	-0.06353825	0.06287844	-0.061706256	0.03133541	-0.0306257	0.054540485	-0.09794587	0.0784725	-0.030826345	0.028748853	-0.11933426	0.12754595	-0.13912733	0.08180233	-0.09325906	0.10647155	-0.1708602	0.202182	-0.09610756	0.16809978	-0.2314157	0.28675976	-0.49091822	0.1030262	-0.24524109	0.24912196	-0.7099327	0.99999833
