1.0	-0.8261013	0.045012865	-0.031337228	0.024988959	-0.42241246	0.29677054	-0.0465492	0.03881103	-0.028914934	0.14648306	-0.13185963	0.05954859	-0.038400363	0.02777643	-0.1590483	0.10648516	-0.05260351	0.04421988	-0.026706947	0.08020442	-0.054397695	0.043832384	-0.033996895	0.027343262	-0.09869974	0.06559254	-0.053641647	0.031644773	-0.034043696
-0.8261013	0.99999976	-0.051462453	0.03144235	-0.024657598	0.27208218	-0.46456	0.051928177	-0.03922547	0.027971217	-0.119568	0.11484181	-0.05447904	0.035746954	-0.02592353	0.12164833	-0.098299325	0.046915147	-0.04092512	0.024743527	-0.06586474	0.048258398	-0.039236642	0.03045101	-0.024819301	0.078330375	-0.059048455	0.047437325	-0.0283565	0.030730974
0.045012865	-0.051462453	0.9999995	-0.3318964	0.164379	-0.07832814	0.092914246	-0.87144977	0.2537142	-0.17973232	0.044707097	-0.056142088	0.10295864	-0.12433867	0.09664064	-0.053844962	0.053875003	-0.079043336	0.11266187	-0.09105687	0.03325913	-0.03983094	0.058833737	-0.059861694	0.06363196	-0.042067707	0.04666875	-0.08490428	0.05514138	-0.08043792
-0.031337228	0.03144235	-0.3318964	0.99999946	-0.5924571	0.053193815	-0.061370876	0.2354403	-0.58160925	0.30103	-0.039791834	0.05650822	-0.16033386	0.1913394	-0.16959126	0.048243545	-0.060256016	0.109241195	-0.19246925	0.13889796	-0.033235114	0.049490895	-0.08205205	0.08515051	-0.09537152	0.041443653	-0.05823344	0.11388531	-0.0784378	0.11313648
0.024988959	-0.024657598	0.164379	-0.5924571	0.9999991	-0.043408103	0.048094988	-0.15826122	0.28711826	-0.6748565	0.033971816	-0.049080677	0.1281153	-0.15848063	0.19700035	-0.04183895	0.05297411	-0.10137302	0.15428333	-0.17793982	0.029281287	-0.045535095	0.077571385	-0.08608458	0.10376719	-0.036771808	0.052988097	-0.113186136	0.07869688	-0.12929876
-0.42241246	0.27208218	-0.07832814	0.053193815	-0.043408103	0.999999	-0.6729216	0.07866325	-0.0685488	0.049431223	-0.40921402	0.23093615	-0.10935305	0.06755387	-0.048712615	0.2508891	-0.21690522	0.09204408	-0.079290785	0.046359252	-0.14328375	0.10036803	-0.07872135	0.05932845	-0.04771544	0.14966063	-0.12598453	0.0911805	-0.05531299	0.058423337
0.29677054	-0.46456	0.092914246	-0.061370876	0.048094988	-0.6729216	0.99999887	-0.10908451	0.07639938	-0.05542991	0.2476381	-0.2795903	0.1087862	-0.072116934	0.05169122	-0.28091472	0.19308728	-0.096750475	0.08140165	-0.04975227	0.14052635	-0.09895536	0.07980586	-0.062405776	0.050338004	-0.1770475	0.117025	-0.09862234	0.057941083	-0.062896155
-0.0465492	0.051928177	-0.87144977	0.2354403	-0.15826122	0.07866325	-0.10908451	0.999999	-0.35497913	0.15553783	-0.04509449	0.056558106	-0.110119976	0.12786083	-0.093203686	0.053268306	-0.054498497	0.07777178	-0.12056571	0.08394109	-0.033034828	0.039514672	-0.057944592	0.057798173	-0.06057504	0.041364595	-0.046569057	0.08102441	-0.053257596	0.07451679
0.03881103	-0.03922547	0.2537142	-0.58160925	0.28711826	-0.0685488	0.07639938	-0.35497913	0.9999988	-0.4239062	0.05155135	-0.07416687	0.20040697	-0.37348288	0.19586597	-0.06342926	0.077702634	-0.15104307	0.23329484	-0.18853077	0.04341021	-0.065186724	0.10873227	-0.11506557	0.12419284	-0.05475341	0.07549273	-0.15959892	0.104731426	-0.1578966
-0.028914934	0.027971217	-0.17973232	0.30103	-0.6748565	0.049431223	-0.05542991	0.15553783	-0.4239062	0.99999887	-0.040157	0.058783878	-0.16830549	0.19298032	-0.38126588	0.049008097	-0.064626455	0.12189565	-0.2136506	0.21651788	-0.034853775	0.05540761	-0.0954217	0.10425577	-0.13353345	0.04334973	-0.065151826	0.13146913	-0.09600428	0.14817311
0.14648306	-0.119568	0.044707097	-0.039791834	0.033971816	-0.40921402	0.2476381	-0.04509449	0.05155135	-0.040157	0.99999845	-0.44782653	0.10895249	-0.06269114	0.043693345	-0.6821394	0.25507867	-0.09566247	0.07339022	-0.04219645	0.19536142	-0.11623563	0.08196323	-0.059790142	0.04584804	-0.21319613	0.13833708	-0.09229247	0.055166785	-0.0562852
-0.13185963	0.11484181	-0.056142088	0.05650822	-0.049080677	0.23093615	-0.2795903	0.056558106	-0.07416687	0.058783878	-0.44782653	0.99999833	-0.1977484	0.099979855	-0.06660017	0.27632537	-0.6920112	0.15677537	-0.115131035	0.06449164	-0.16914351	0.20463865	-0.13675778	0.094946206	-0.071281426	0.1776106	-0.24780968	0.14314802	-0.0870472	0.086654365
0.05954859	-0.05447904	0.10295864	-0.16033386	0.1281153	-0.10935305	0.1087862	-0.110119976	0.20040697	-0.16830549	0.10895249	-0.1977484	0.9999983	-0.51010394	0.17497443	-0.13441965	0.181324	-0.5359567	0.31022102	-0.17822663	0.091879666	-0.15287976	0.26021203	-0.23048794	0.17511605	-0.116630346	0.16845787	-0.3841382	0.20310955	-0.23087801
-0.038400363	0.035746954	-0.12433867	0.1913394	-0.15848063	0.06755387	-0.072116934	0.12786083	-0.37348288	0.19298032	-0.06269114	0.099979855	-0.51010394	0.9999985	-0.2281417	0.07567284	-0.10688551	0.23608787	-0.64352167	0.19746988	-0.05405461	0.09071324	-0.16019137	0.15918681	-0.14902847	0.06716201	-0.10503532	0.21209964	-0.14139812	0.17401943
0.02777643	-0.02592353	0.09664064	-0.16959126	0.19700035	-0.048712615	0.05169122	-0.093203686	0.19586597	-0.38126588	0.043693345	-0.06660017	0.17497443	-0.2281417	0.9999982	-0.05437205	0.07501678	-0.15855198	0.23418368	-0.743708	0.039914686	-0.07056598	0.12942451	-0.1669372	0.24274231	-0.049967606	0.08088336	-0.18811037	0.14567453	-0.28982806
-0.1590483	0.12164833	-0.053844962	0.048243545	-0.04183895	0.2508891	-0.28091472	0.053268306	-0.06342926	0.049008097	-0.6821394	0.27632537	-0.13441965	0.07567284	-0.05437205	0.9999979	-0.3268334	0.114468284	-0.09264972	0.051954493	-0.38566744	0.14445162	-0.102541886	0.07307151	-0.056613885	0.25300932	-0.18837042	0.11031217	-0.06799935	0.06836249
0.10648516	-0.098299325	0.053875003	-0.060256016	0.05297411	-0.21690522	0.19308728	-0.054498497	0.077702634	-0.064626455	0.25507867	-0.6920112	0.181324	-0.10688551	0.07501678	-0.3268334	0.999998	-0.2096508	0.1254581	-0.07431649	0.17602761	-0.37244317	0.1725791	-0.12121036	0.0855915	-0.23272485	0.2613867	-0.18679012	0.10745419	-0.10658733
-0.05260351	0.046915147	-0.079043336	0.109241195	-0.10137302	0.09204408	-0.096750475	0.07777178	-0.15104307	0.12189565	-0.09566247	0.15677537	-0.5359567	0.23608787	-0.15855198	0.114468284	-0.2096508	0.9999977	-0.34276468	0.15116613	-0.089049265	0.20104195	-0.58414435	0.24188638	-0.17708147	0.10668849	-0.23668413	0.28914827	-0.22542013	0.19065136
0.04421988	-0.04092512	0.11266187	-0.19246925	0.15428333	-0.079290785	0.08140165	-0.12056571	0.23329484	-0.2136506	0.07339022	-0.115131035	0.31022102	-0.64352167	0.23418368	-0.09264972	0.1254581	-0.34276468	0.9999977	-0.30956355	0.066829756	-0.117325336	0.21370049	-0.25406948	0.20453826	-0.084915474	0.13116078	-0.3200588	0.19947724	-0.25791764
-0.026706947	0.024743527	-0.09105687	0.13889796	-0.17793982	0.046359252	-0.04975227	0.08394109	-0.18853077	0.21651788	-0.04219645	0.06449164	-0.17822663	0.19746988	-0.743708	0.051954493	-0.07431649	0.15116613	-0.30956355	0.9999977	-0.03867285	0.070178136	-0.13409804	0.17256889	-0.40781	0.04784786	-0.081688635	0.17220874	-0.15370847	0.25963268
0.08020442	-0.06586474	0.03325913	-0.033235114	0.029281287	-0.14328375	0.14052635	-0.033034828	0.04341021	-0.034853775	0.19536142	-0.16914351	0.091879666	-0.05405461	0.039914686	-0.38566744	0.17602761	-0.089049265	0.066829756	-0.03867285	0.99999756	-0.1331373	0.081624836	-0.0583543	0.043623492	-0.8495801	0.156077	-0.090252824	0.05363116	-0.053464014
-0.054397695	0.048258398	-0.03983094	0.049490895	-0.045535095	0.10036803	-0.09895536	0.039514672	-0.065186724	0.05540761	-0.11623563	0.20463865	-0.15287976	0.09071324	-0.07056598	0.14445162	-0.37244317	0.20104195	-0.117325336	0.070178136	-0.1331373	0.9999977	-0.3214485	0.14329605	-0.09042399	0.15387683	-0.7954112	0.18970282	-0.12255707	0.10539747
0.043832384	-0.039236642	0.058833737	-0.08205205	0.077571385	-0.07872135	0.07980586	-0.057944592	0.10873227	-0.0954217	0.08196323	-0.13675778	0.26021203	-0.16019137	0.12942451	-0.102541886	0.1725791	-0.58414435	0.21370049	-0.13409804	0.081624836	-0.3214485	0.9999977	-0.449894	0.18665366	-0.10067642	0.23635797	-0.43926522	0.26566738	-0.21456262
-0.033996895	0.03045101	-0.059861694	0.08515051	-0.08608458	0.05932845	-0.062405776	0.057798173	-0.11506557	0.10425577	-0.059790142	0.094946206	-0.23048794	0.15918681	-0.1669372	0.07307151	-0.12121036	0.24188638	-0.25406948	0.17256889	-0.0583543	0.14329605	-0.449894	0.9999977	-0.38563335	0.07038483	-0.16080241	0.30982062	-0.639951	0.28240198
0.027343262	-0.024819301	0.06363196	-0.09537152	0.10376719	-0.04771544	0.050338004	-0.06057504	0.12419284	-0.13353345	0.04584804	-0.071281426	0.17511605	-0.14902847	0.24274231	-0.056613885	0.0855915	-0.17708147	0.20453826	-0.40781	0.043623492	-0.09042399	0.18665366	-0.38563335	0.9999976	-0.053601604	0.101794414	-0.23543346	0.25587508	-0.7221313
-0.09869974	0.078330375	-0.042067707	0.041443653	-0.036771808	0.14966063	-0.1770475	0.041364595	-0.05475341	0.04334973	-0.21319613	0.1776106	-0.116630346	0.06716201	-0.049967606	0.25300932	-0.23272485	0.10668849	-0.084915474	0.04784786	-0.8495801	0.15387683	-0.10067642	0.07038483	-0.053601604	0.9999978	-0.22532181	0.1061335	-0.06542555	0.06451994
0.06559254	-0.059048455	0.04666875	-0.05823344	0.052988097	-0.12598453	0.117025	-0.046569057	0.07549273	-0.065151826	0.13833708	-0.24780968	0.16845787	-0.10503532	0.08088336	-0.18837042	0.2613867	-0.23668413	0.13116078	-0.081688635	0.156077	-0.7954112	0.23635797	-0.16080241	0.101794414	-0.22532181	0.9999978	-0.24421574	0.13503179	-0.12692523
-0.053641647	0.047437325	-0.08490428	0.11388531	-0.113186136	0.0911805	-0.09862234	0.08102441	-0.15959892	0.13146913	-0.09229247	0.14314802	-0.3841382	0.21209964	-0.18811037	0.11031217	-0.18679012	0.28914827	-0.3200588	0.17220874	-0.090252824	0.18970282	-0.43926522	0.30982062	-0.23543346	0.1061335	-0.24421574	0.9999979	-0.5539786	0.24692076
0.031644773	-0.0283565	0.05514138	-0.0784378	0.07869688	-0.05531299	0.057941083	-0.053257596	0.104731426	-0.09600428	0.055166785	-0.0870472	0.20310955	-0.14139812	0.14567453	-0.06799935	0.10745419	-0.22542013	0.19947724	-0.15370847	0.05363116	-0.12255707	0.26566738	-0.639951	0.25587508	-0.06542555	0.13503179	-0.5539786	0.999998	-0.38038653
-0.034043696	0.030730974	-0.08043792	0.11313648	-0.12929876	0.058423337	-0.062896155	0.07451679	-0.1578966	0.14817311	-0.0562852	0.086654365	-0.23087801	0.17401943	-0.28982806	0.06836249	-0.10658733	0.19065136	-0.25791764	0.25963268	-0.053464014	0.10539747	-0.21456262	0.28240198	-0.7221313	0.06451994	-0.12692523	0.24692076	-0.38038653	0.999998
