1.0000001	-0.62342954	0.16420168	-0.101537	0.07249087	-0.6955761	0.3104371	-0.14817764	0.123614535	-0.09413152	0.04426343	-0.043495443	0.09445597	-0.073936895	0.06704684	-0.033335723	0.031339973	-0.0761644	0.055869184	-0.048927438	0.024668515	-0.023664162	0.061821215	-0.058611814	0.045567606	-0.012408882	0.012444914	-0.03784209	0.033501465	-0.07048388
-0.62342954	0.99999994	-0.25062788	0.12751831	-0.09097504	0.33081248	-0.6327953	0.19996515	-0.17024808	0.11378805	-0.046814468	0.045544457	-0.12405196	0.09067694	-0.08166412	0.038766466	-0.037012123	0.09319485	-0.06837668	0.058748968	-0.029168962	0.028117355	-0.07554144	0.070374824	-0.054651447	0.014719894	-0.014774671	0.045013487	-0.040026534	0.082916975
0.16420168	-0.25062788	0.99999994	-0.5258327	0.26109385	-0.23596688	0.23105325	-0.47193557	0.32371256	-0.37471145	0.07550462	-0.07632909	0.23810278	-0.22098428	0.1955411	-0.09199533	0.08446571	-0.22495443	0.16195951	-0.1505894	0.06749688	-0.06605888	0.1722098	-0.17783147	0.13764298	-0.036963183	0.03673841	-0.11769989	0.1023277	-0.22956619
-0.101537	0.12751831	-0.5258327	0.99999994	-0.58324504	0.12997487	-0.15216225	0.24978718	-0.46797043	0.32100406	-0.054436814	0.05284917	-0.1776163	0.16159368	-0.16090518	0.0613212	-0.05894989	0.14457698	-0.11996516	0.106305934	-0.047521636	0.045772288	-0.12616771	0.11984363	-0.097969025	0.02481154	-0.024902267	0.07719504	-0.069269605	0.14589699
0.07249087	-0.09097504	0.26109385	-0.58324504	0.9999996	-0.09907576	0.10566564	-0.17556693	0.25607675	-0.71175057	0.043259714	-0.0423275	0.13493943	-0.14188457	0.1541749	-0.053683057	0.05059772	-0.12094158	0.10420313	-0.10272009	0.0412617	-0.039772764	0.10753615	-0.10828945	0.09162062	-0.022638647	0.022609325	-0.07213891	0.064143725	-0.14466146
-0.6955761	0.33081248	-0.23596688	0.12997487	-0.09907576	0.9999994	-0.5499729	0.19936825	-0.18453147	0.11969281	-0.06537743	0.06072296	-0.13572201	0.09925155	-0.09203064	0.044740487	-0.04284854	0.10147589	-0.07600481	0.0650097	-0.033655148	0.032105643	-0.08522228	0.07774564	-0.06096447	0.016517071	-0.016625488	0.049707178	-0.044430446	0.090880446
0.3104371	-0.6327953	0.23105325	-0.15216225	0.10566564	-0.5499729	0.99999934	-0.35955092	0.19942208	-0.14010964	0.059835132	-0.06053858	0.15478098	-0.11509235	0.09893728	-0.048502978	0.045836266	-0.121869154	0.08469798	-0.07288247	0.03595171	-0.03485256	0.09251622	-0.08817371	0.067215435	-0.01827596	0.018310167	-0.056136627	0.04962375	-0.10336588
-0.14817764	0.19996515	-0.47193557	0.24978718	-0.17556693	0.19936825	-0.35955092	0.99999917	-0.57169706	0.2193932	-0.08037118	0.079571106	-0.4136351	0.2027297	-0.16495723	0.074790664	-0.072951704	0.21603711	-0.14719848	0.11855187	-0.05686064	0.05598024	-0.15912628	0.14479208	-0.10861395	0.029038943	-0.02914288	0.08975224	-0.08004645	0.16007514
0.123614535	-0.17024808	0.32371256	-0.46797043	0.25607675	-0.18453147	0.19942208	-0.57169706	0.99999905	-0.39959577	0.07069122	-0.0712588	0.24633285	-0.27492988	0.19663495	-0.08034488	0.0760573	-0.21620876	0.16668183	-0.14212213	0.060528036	-0.0595792	0.1635199	-0.16624394	0.12649642	-0.032629088	0.032569464	-0.103593044	0.09161347	-0.19299519
-0.09413152	0.11378805	-0.37471145	0.32100406	-0.71175057	0.11969281	-0.14010964	0.2193932	-0.39959577	0.99999934	-0.0574102	0.05505388	-0.18182006	0.18039353	-0.24352519	0.06691657	-0.065048836	0.15016876	-0.1369824	0.13165425	-0.053186435	0.050726205	-0.14181489	0.1343077	-0.11910497	0.027952889	-0.028150652	0.0871313	-0.079549246	0.16871123
0.04426343	-0.046814468	0.07550462	-0.054436814	0.043259714	-0.06537743	0.059835132	-0.08037118	0.07069122	-0.0574102	0.999999	-0.9619809	0.13897578	-0.08779094	0.06899083	-0.12216827	0.09433916	-0.114499606	0.066392176	-0.054791085	0.066523306	-0.056738522	0.07877416	-0.072826296	0.050874125	-0.021655623	0.022346638	-0.046185635	0.040390722	-0.07811159
-0.043495443	0.045544457	-0.07632909	0.05284917	-0.0423275	0.06072296	-0.06053858	0.079571106	-0.0712588	0.05505388	-0.9619809	0.99999905	-0.16452911	0.083170444	-0.067452855	0.1053693	-0.0976125	0.10811581	-0.0643341	0.05188021	-0.0667825	0.05563254	-0.077757336	0.06850009	-0.048522357	0.021058802	-0.021850511	0.043380715	-0.03831954	0.07224313
0.09445597	-0.12405196	0.23810278	-0.1776163	0.13493943	-0.13572201	0.15478098	-0.4136351	0.24633285	-0.18182006	0.13897578	-0.16452911	0.999999	-0.38988468	0.22688335	-0.12510897	0.121589065	-0.61556685	0.24363859	-0.1837151	0.090315886	-0.09340135	0.26003587	-0.24800593	0.16210198	-0.04636175	0.04624421	-0.14460267	0.12588786	-0.24025713
-0.073936895	0.09067694	-0.22098428	0.16159368	-0.14188457	0.09925155	-0.11509235	0.2027297	-0.27492988	0.18039353	-0.08779094	0.083170444	-0.38988468	0.9999984	-0.5189418	0.097707644	-0.1003594	0.2689351	-0.5506398	0.26475003	-0.08253229	0.08099001	-0.27619585	0.27237946	-0.22523156	0.044197958	-0.0449961	0.14356318	-0.1405219	0.2535892
0.06704684	-0.08166412	0.1955411	-0.16090518	0.1541749	-0.09203064	0.09893728	-0.16495723	0.19663495	-0.24352519	0.06899083	-0.067452855	0.22688335	-0.5189418	0.9999985	-0.09905483	0.0945237	-0.23544963	0.2972534	-0.516695	0.079549626	-0.07806892	0.23220943	-0.28511322	0.289899	-0.050547276	0.050153628	-0.17965043	0.16261925	-0.4403552
-0.033335723	0.038766466	-0.09199533	0.0613212	-0.053683057	0.044740487	-0.048502978	0.074790664	-0.08034488	0.06691657	-0.12216827	0.1053693	-0.12510897	0.097707644	-0.09905483	0.9999986	-0.738405	0.14304262	-0.09279677	0.07491636	-0.5258782	0.31765747	-0.1528064	0.109043635	-0.07486203	0.107247815	-0.117645614	0.081307724	-0.07302114	0.10678644
0.031339973	-0.037012123	0.08446571	-0.05894989	0.05059772	-0.04284854	0.045836266	-0.072951704	0.0760573	-0.065048836	0.09433916	-0.0976125	0.121589065	-0.1003594	0.0945237	-0.738405	0.9999987	-0.1750165	0.09437663	-0.07631507	0.31561223	-0.53444225	0.15463082	-0.1168763	0.0746478	-0.087932765	0.088136494	-0.082307294	0.07117336	-0.11124222
-0.0761644	0.09319485	-0.22495443	0.14457698	-0.12094158	0.10147589	-0.121869154	0.21603711	-0.21620876	0.15016876	-0.114499606	0.10811581	-0.61556685	0.2689351	-0.23544963	0.14304262	-0.1750165	0.99999845	-0.33360276	0.18455668	-0.115369566	0.12237087	-0.5075022	0.26961017	-0.17352915	0.051898014	-0.052935712	0.15521221	-0.14319842	0.21762022
0.055869184	-0.06837668	0.16195951	-0.11996516	0.10420313	-0.07600481	0.08469798	-0.14719848	0.16668183	-0.1369824	0.066392176	-0.0643341	0.24363859	-0.5506398	0.2972534	-0.09279677	0.09437663	-0.33360276	0.9999984	-0.4119477	0.07767214	-0.07910467	0.27783054	-0.52087295	0.24994628	-0.044687152	0.04499132	-0.16390918	0.15852241	-0.27360648
-0.048927438	0.058748968	-0.1505894	0.106305934	-0.10272009	0.0650097	-0.07288247	0.11855187	-0.14212213	0.13165425	-0.054791085	0.05188021	-0.1837151	0.26475003	-0.516695	0.07491636	-0.07631507	0.18455668	-0.4119477	0.99999857	-0.065084025	0.063354984	-0.21644063	0.25173035	-0.6312973	0.038027816	-0.03863835	0.13323563	-0.135699	0.30514756
0.024668515	-0.029168962	0.06749688	-0.047521636	0.0412617	-0.033655148	0.03595171	-0.05686064	0.060528036	-0.053186435	0.066523306	-0.0667825	0.090315886	-0.08253229	0.079549626	-0.5258782	0.31561223	-0.115369566	0.07767214	-0.065084025	0.9999984	-0.74370086	0.14095207	-0.10613333	0.065062284	-0.17287996	0.14470121	-0.08251346	0.06990009	-0.09892283
-0.023664162	0.028117355	-0.06605888	0.045772288	-0.039772764	0.032105643	-0.03485256	0.05598024	-0.0595792	0.050726205	-0.056738522	0.05563254	-0.09340135	0.08099001	-0.07806892	0.31765747	-0.53444225	0.12237087	-0.07910467	0.063354984	-0.74370086	0.9999981	-0.17810175	0.1068183	-0.06360579	0.121666305	-0.13313484	0.07890576	-0.06832066	0.09245545
0.061821215	-0.07554144	0.1722098	-0.12616771	0.10753615	-0.08522228	0.09251622	-0.15912628	0.1635199	-0.14181489	0.07877416	-0.077757336	0.26003587	-0.27619585	0.23220943	-0.1528064	0.15463082	-0.5075022	0.27783054	-0.21644063	0.14095207	-0.17810175	0.99999857	-0.56741005	0.211966	-0.076056235	0.0753906	-0.3073853	0.22792287	-0.3097807
-0.058611814	0.070374824	-0.17783147	0.11984363	-0.10828945	0.07774564	-0.08817371	0.14479208	-0.16624394	0.1343077	-0.072826296	0.06850009	-0.24800593	0.27237946	-0.28511322	0.109043635	-0.1168763	0.26961017	-0.52087295	0.25173035	-0.10613333	0.1068183	-0.56741005	0.99999833	-0.31569833	0.059345845	-0.061062705	0.2304726	-0.29439548	0.27258775
0.045567606	-0.054651447	0.13764298	-0.097969025	0.09162062	-0.06096447	0.067215435	-0.10861395	0.12649642	-0.11910497	0.050874125	-0.048522357	0.16210198	-0.22523156	0.289899	-0.07486203	0.0746478	-0.17352915	0.24994628	-0.6312973	0.065062284	-0.06360579	0.211966	-0.31569833	0.9999983	-0.042382848	0.042596232	-0.16458146	0.16357692	-0.59819305
-0.012408882	0.014719894	-0.036963183	0.02481154	-0.022638647	0.016517071	-0.01827596	0.029038943	-0.032629088	0.027952889	-0.021655623	0.021058802	-0.04636175	0.044197958	-0.050547276	0.107247815	-0.087932765	0.051898014	-0.044687152	0.038027816	-0.17287996	0.121666305	-0.076056235	0.059345845	-0.042382848	0.9999983	-0.9608349	0.10478452	-0.09558606	0.060576513
0.012444914	-0.014774671	0.03673841	-0.024902267	0.022609325	-0.016625488	0.018310167	-0.02914288	0.032569464	-0.028150652	0.022346638	-0.021850511	0.04624421	-0.0449961	0.050153628	-0.117645614	0.088136494	-0.052935712	0.04499132	-0.03863835	0.14470121	-0.13313484	0.0753906	-0.061062705	0.042596232	-0.9608349	0.9999985	-0.122655496	0.09325298	-0.06313261
-0.03784209	0.045013487	-0.11769989	0.07719504	-0.07213891	0.049707178	-0.056136627	0.08975224	-0.103593044	0.0871313	-0.046185635	0.043380715	-0.14460267	0.14356318	-0.17965043	0.081307724	-0.082307294	0.15521221	-0.16390918	0.13323563	-0.08251346	0.07890576	-0.3073853	0.2304726	-0.16458146	0.10478452	-0.122655496	0.9999986	-0.857858	0.21940315
0.033501465	-0.040026534	0.1023277	-0.069269605	0.064143725	-0.044430446	0.04962375	-0.08004645	0.09161347	-0.079549246	0.040390722	-0.03831954	0.12588786	-0.1405219	0.16261925	-0.07302114	0.07117336	-0.14319842	0.15852241	-0.135699	0.06990009	-0.06832066	0.22792287	-0.29439548	0.16357692	-0.09558606	0.09325298	-0.857858	0.9999987	-0.2942098
-0.07048388	0.082916975	-0.22956619	0.14589699	-0.14466146	0.090880446	-0.10336588	0.16007514	-0.19299519	0.16871123	-0.07811159	0.07224313	-0.24025713	0.2535892	-0.4403552	0.10678644	-0.11124222	0.21762022	-0.27360648	0.30514756	-0.09892283	0.09245545	-0.3097807	0.27258775	-0.59819305	0.060576513	-0.06313261	0.21940315	-0.2942098	0.9999987
