1.0000001	-0.26559162	0.15263346	-0.099756666	0.06285171	-0.901806	0.22932294	-0.18569723	0.098009594	-0.07078566	0.13366555	-0.13761662	0.10542527	-0.110502385	0.06015376	-0.08945124	0.072892934	-0.06816164	0.059789926	-0.0466168	0.047758784	-0.044447053	0.051214825	-0.048065763	0.042966567	-0.033105772	0.034321383	-0.04872289	0.040502038	-0.041180734
-0.26559162	1.0000002	-0.61139023	0.18270855	-0.12164934	0.20586468	-0.59802383	0.32028624	-0.19345687	0.11713503	-0.18147384	0.17416696	-0.15177359	0.13633579	-0.07904778	0.101950586	-0.09333319	0.08326154	-0.07586833	0.058862332	-0.059275214	0.053747352	-0.06341809	0.05827238	-0.053347044	0.039591923	-0.04212991	0.058007758	-0.049710527	0.049298473
0.15263346	-0.61139023	1.0000001	-0.31902197	0.14977796	-0.14752105	0.305639	-0.60046977	0.23305391	-0.15621519	0.12621658	-0.13463487	0.14913954	-0.14731057	0.07250769	-0.0861084	0.076130606	-0.07758569	0.070246145	-0.05610292	0.04911315	-0.046169512	0.0562945	-0.05440079	0.04820994	-0.034098722	0.035844706	-0.053191252	0.04494888	-0.045534763
-0.099756666	0.18270855	-0.31902197	1.0000001	-0.5289696	0.08779138	-0.17519687	0.2287986	-0.67279744	0.31267124	-0.09199818	0.08985506	-0.119613186	0.11984022	-0.07830038	0.068060316	-0.06292083	0.06584054	-0.06421444	0.05776907	-0.040937476	0.038762152	-0.048923712	0.04899567	-0.044057455	0.028649898	-0.03035394	0.046495743	-0.040204402	0.04102813
0.06285171	-0.12164934	0.14977796	-0.5289696	1.0	-0.05813223	0.105482474	-0.14761482	0.30795163	-0.76877755	0.06069434	-0.061063197	0.079681285	-0.086200565	0.077058	-0.052038793	0.046693627	-0.053178765	0.05202335	-0.05897643	0.030901588	-0.030102435	0.038536668	-0.0415875	0.036349714	-0.022376172	0.023418088	-0.038611677	0.032853805	-0.034995098
-0.901806	0.20586468	-0.14752105	0.08779138	-0.05813223	0.9999998	-0.29853854	0.16443601	-0.09279028	0.06285311	-0.15560071	0.13713916	-0.10256732	0.0992675	-0.05815515	0.085255004	-0.07293298	0.06404713	-0.056933805	0.0438723	-0.04706089	0.042802293	-0.049180936	0.044937856	-0.04097721	0.03172144	-0.033339374	0.045557458	-0.038466435	0.038458034
0.22932294	-0.59802383	0.305639	-0.17519687	0.105482474	-0.29853854	0.9999999	-0.5452574	0.17712784	-0.11952646	0.20315236	-0.2869854	0.17294872	-0.16535334	0.081620336	-0.11706132	0.099590816	-0.0930561	0.08217887	-0.063030325	0.063316174	-0.05829771	0.06834605	-0.06372384	0.05691507	-0.042971607	0.045137107	-0.06362489	0.053515073	-0.053644814
-0.18569723	0.32028624	-0.60046977	0.2287986	-0.14761482	0.16443601	-0.5452574	0.9999998	-0.32700828	0.15475324	-0.16956452	0.17214721	-0.2330384	0.17709371	-0.086411655	0.10369636	-0.094842084	0.094201386	-0.08561373	0.065763496	-0.060174894	0.055909388	-0.06860448	0.064663135	-0.057984464	0.041065466	-0.043588407	0.06319619	-0.054002915	0.05386304
0.098009594	-0.19345687	0.23305391	-0.67279744	0.30795163	-0.09279028	0.17712784	-0.32700828	0.9999996	-0.512561	0.09584498	-0.098406225	0.1361623	-0.15874337	0.08885221	-0.07571896	0.06843835	-0.07565362	0.073651	-0.06856419	0.044733413	-0.04303364	0.054800313	-0.056538977	0.04970633	-0.03182342	0.0334838	-0.0531288	0.045450196	-0.047040004
-0.07078566	0.11713503	-0.15621519	0.31267124	-0.76877755	0.06285311	-0.11952646	0.15475324	-0.512561	0.9999997	-0.0696	0.06811377	-0.09296373	0.0971864	-0.10064802	0.058358256	-0.05350525	0.060390793	-0.06091115	0.06921915	-0.035239194	0.03417557	-0.044144195	0.047599655	-0.042125106	0.025342269	-0.02668841	0.043749385	-0.037758823	0.039902408
0.13366555	-0.18147384	0.12621658	-0.09199818	0.06069434	-0.15560071	0.20315236	-0.16956452	0.09584498	-0.0696	0.99999976	-0.81008583	0.21759866	-0.22915459	0.10924924	-0.3324395	0.19034183	-0.14649923	0.11918919	-0.0855549	0.11892879	-0.10489887	0.10790265	-0.0933511	0.08307766	-0.07704679	0.078856155	-0.09856564	0.0804053	-0.079288214
-0.13761662	0.17416696	-0.13463487	0.08985506	-0.061063197	0.13713916	-0.2869854	0.17214721	-0.098406225	0.06811377	-0.81008583	0.9999997	-0.30505368	0.2108186	-0.11245724	0.21293531	-0.19112898	0.13855925	-0.11953285	0.08413949	-0.11310787	0.09711329	-0.10593079	0.0894217	-0.08239717	0.07043663	-0.07557905	0.092319444	-0.078511916	0.07532673
0.10542527	-0.15177359	0.14913954	-0.119613186	0.079681285	-0.10256732	0.17294872	-0.2330384	0.1361623	-0.09296373	0.21759866	-0.30505368	0.9999995	-0.788681	0.1586325	-0.19076815	0.17162165	-0.2616822	0.20590131	-0.13633692	0.108142056	-0.10901067	0.149108	-0.14866994	0.12162772	-0.07845036	0.08230586	-0.1394392	0.11552304	-0.11576784
-0.110502385	0.13633579	-0.14731057	0.11984022	-0.086200565	0.0992675	-0.16535334	0.17709371	-0.15874337	0.0971864	-0.22915459	0.2108186	-0.788681	0.9999997	-0.21148899	0.1775406	-0.184697	0.22342171	-0.3012468	0.16205308	-0.11614143	0.112255	-0.16124524	0.16485576	-0.14701529	0.08081826	-0.08799768	0.14140654	-0.13231708	0.12520388
0.06015376	-0.07904778	0.07250769	-0.07830038	0.077058	-0.05815515	0.081620336	-0.086411655	0.08885221	-0.10064802	0.10924924	-0.11245724	0.1586325	-0.21148899	0.9999995	-0.1953235	0.16741638	-0.27264577	0.29284903	-0.78575146	0.116409615	-0.12659031	0.17748953	-0.25738442	0.20804648	-0.09413344	0.095998146	-0.20758408	0.17355217	-0.21390986
-0.08945124	0.101950586	-0.0861084	0.068060316	-0.052038793	0.085255004	-0.11706132	0.10369636	-0.07571896	0.058358256	-0.3324395	0.21293531	-0.19076815	0.1775406	-0.1953235	0.99999917	-0.67178935	0.25631315	-0.20187564	0.1382669	-0.3756767	0.25700393	-0.22266299	0.15257582	-0.14789015	0.18526962	-0.1993881	0.17596924	-0.14754926	0.13254946
0.072892934	-0.09333319	0.076130606	-0.06292083	0.046693627	-0.07293298	0.099590816	-0.094842084	0.06843835	-0.05350525	0.19034183	-0.19112898	0.17162165	-0.184697	0.16741638	-0.67178935	0.9999991	-0.43907282	0.20105232	-0.13870348	0.2552385	-0.36199778	0.23504354	-0.16393408	0.14074372	-0.18812586	0.18726392	-0.20155473	0.1467826	-0.14070949
-0.06816164	0.08326154	-0.07758569	0.06584054	-0.053178765	0.06404713	-0.0930561	0.094201386	-0.07565362	0.060390793	-0.14649923	0.13855925	-0.2616822	0.22342171	-0.27264577	0.25631315	-0.43907282	0.999999	-0.464745	0.2118058	-0.18908554	0.20960632	-0.4973019	0.2395602	-0.21525672	0.13333125	-0.15185574	0.26189557	-0.22355619	0.18710518
0.059789926	-0.07586833	0.070246145	-0.06421444	0.05202335	-0.056933805	0.08217887	-0.08561373	0.073651	-0.06091115	0.11918919	-0.11953285	0.20590131	-0.3012468	0.29284903	-0.20187564	0.20105232	-0.464745	0.99999905	-0.46171987	0.12947859	-0.14289235	0.22890134	-0.4920531	0.2469573	-0.10116937	0.10738175	-0.23964968	0.2224768	-0.22364818
-0.0466168	0.058862332	-0.05610292	0.05776907	-0.05897643	0.0438723	-0.063030325	0.065763496	-0.06856419	0.06921915	-0.0855549	0.08413949	-0.13633692	0.16205308	-0.78575146	0.1382669	-0.13870348	0.2118058	-0.46171987	0.99999905	-0.092062734	0.0974098	-0.1513521	0.2260171	-0.23855338	0.070813805	-0.075558566	0.15491006	-0.15546551	0.17344983
0.047758784	-0.059275214	0.04911315	-0.040937476	0.030901588	-0.04706089	0.063316174	-0.060174894	0.044733413	-0.035239194	0.11892879	-0.11310787	0.108142056	-0.11614143	0.116409615	-0.3756767	0.2552385	-0.18908554	0.12947859	-0.092062734	0.99999905	-0.6050394	0.20139469	-0.12168252	0.10622577	-0.55107653	0.31623447	-0.18737654	0.12006527	-0.11400137
-0.044447053	0.053747352	-0.046169512	0.038762152	-0.030102435	0.042802293	-0.05829771	0.055909388	-0.04303364	0.03417557	-0.10489887	0.09711329	-0.10901067	0.112255	-0.12659031	0.25700393	-0.36199778	0.20960632	-0.14289235	0.0974098	-0.6050394	0.9999989	-0.31924653	0.1275119	-0.11477987	0.30707225	-0.51436174	0.20495711	-0.13484089	0.11738521
0.051214825	-0.06341809	0.0562945	-0.048923712	0.038536668	-0.049180936	0.06834605	-0.06860448	0.054800313	-0.044144195	0.10790265	-0.10593079	0.149108	-0.16124524	0.17748953	-0.22266299	0.23504354	-0.4973019	0.22890134	-0.1513521	0.20139469	-0.31924653	0.99999905	-0.24593744	0.19041483	-0.16363595	0.18516305	-0.62676185	0.25253466	-0.22879584
-0.048065763	0.05827238	-0.05440079	0.04899567	-0.0415875	0.044937856	-0.06372384	0.064663135	-0.056538977	0.047599655	-0.0933511	0.0894217	-0.14866994	0.16485576	-0.25738442	0.15257582	-0.16393408	0.2395602	-0.4920531	0.2260171	-0.12168252	0.1275119	-0.24593744	0.99999917	-0.5512279	0.09171662	-0.1045025	0.24442728	-0.46284363	0.30535057
0.042966567	-0.053347044	0.04820994	-0.044057455	0.036349714	-0.04097721	0.05691507	-0.057984464	0.04970633	-0.042125106	0.08307766	-0.08239717	0.12162772	-0.14701529	0.20804648	-0.14789015	0.14074372	-0.21525672	0.2469573	-0.23855338	0.10622577	-0.11477987	0.19041483	-0.5512279	0.99999905	-0.08517514	0.09222024	-0.23827974	0.3016977	-0.66608965
-0.033105772	0.039591923	-0.034098722	0.028649898	-0.022376172	0.03172144	-0.042971607	0.041065466	-0.03182342	0.025342269	-0.07704679	0.07043663	-0.07845036	0.08081826	-0.09413344	0.18526962	-0.18812586	0.13333125	-0.10116937	0.070813805	-0.55107653	0.30707225	-0.16363595	0.09171662	-0.08517514	0.999999	-0.7380666	0.15043092	-0.101096205	0.08609424
0.034321383	-0.04212991	0.035844706	-0.03035394	0.023418088	-0.033339374	0.045137107	-0.043588407	0.0334838	-0.02668841	0.078856155	-0.07557905	0.08230586	-0.08799768	0.095998146	-0.1993881	0.18726392	-0.15185574	0.10738175	-0.075558566	0.31623447	-0.51436174	0.18516305	-0.1045025	0.09222024	-0.7380666	0.99999875	-0.20815346	0.11431908	-0.10038165
-0.04872289	0.058007758	-0.053191252	0.046495743	-0.038611677	0.045557458	-0.06362489	0.06319619	-0.0531288	0.043749385	-0.09856564	0.092319444	-0.1394392	0.14140654	-0.20758408	0.17596924	-0.20155473	0.26189557	-0.23964968	0.15491006	-0.18737654	0.20495711	-0.62676185	0.24442728	-0.23827974	0.15043092	-0.20815346	0.9999985	-0.5234752	0.24480005
0.040502038	-0.049710527	0.04494888	-0.040204402	0.032853805	-0.038466435	0.053515073	-0.054002915	0.045450196	-0.037758823	0.0804053	-0.078511916	0.11552304	-0.13231708	0.17355217	-0.14754926	0.1467826	-0.22355619	0.2224768	-0.15546551	0.12006527	-0.13484089	0.25253466	-0.46284363	0.3016977	-0.101096205	0.11431908	-0.5234752	0.99999857	-0.5648248
-0.041180734	0.049298473	-0.045534763	0.04102813	-0.034995098	0.038458034	-0.053644814	0.05386304	-0.047040004	0.039902408	-0.079288214	0.07532673	-0.11576784	0.12520388	-0.21390986	0.13254946	-0.14070949	0.18710518	-0.22364818	0.17344983	-0.11400137	0.11738521	-0.22879584	0.30535057	-0.66608965	0.08609424	-0.10038165	0.24480005	-0.5648248	0.99999857
