1.0	-0.95296454	0.10113497	-0.05867833	0.068114415	-0.22413722	0.11341166	-0.08510253	0.07577596	-0.056088433	0.09912103	-0.068488136	0.07951411	-0.056061324	0.03902536	-0.06793645	0.055680607	-0.0657089	0.049567644	-0.025655096	0.0344815	-0.03566194	0.028836608	-0.03853483	0.0350623	-0.029012544	0.025669051	-0.032635354	0.023098486	-0.03182807
-0.95296454	1.0	-0.122326404	0.06799561	-0.081326246	0.18014619	-0.12619087	0.0922407	-0.08993973	0.06438064	-0.11233497	0.07520755	-0.0899542	0.061479703	-0.043925844	0.07330716	-0.061707553	0.071342945	-0.055398718	0.028692791	-0.03793161	0.039082684	-0.031728543	0.042396836	-0.03926709	0.031722296	-0.028236834	0.035725772	-0.025395041	0.034907356
0.10113497	-0.122326404	1.0000001	-0.5556899	0.28422654	-0.32656792	0.25409648	-0.48707694	0.2566631	-0.26516035	0.20073995	-0.18254064	0.2264933	-0.1902528	0.12160377	-0.23254947	0.16576071	-0.22659096	0.15086882	-0.08222024	0.11257802	-0.11985924	0.095763884	-0.1305898	0.10935179	-0.09907588	0.08530512	-0.112322666	0.07827826	-0.11004159
-0.05867833	0.06799561	-0.5556899	1.0000002	-0.6595163	0.18002474	-0.15698744	0.20397219	-0.3562827	0.27638268	-0.12745406	0.108414374	-0.1418925	0.11569073	-0.084654085	0.14034317	-0.102717	0.13576527	-0.095774665	0.05600037	-0.070679896	0.07549843	-0.06078898	0.08423987	-0.07303026	0.062197328	-0.05400718	0.071151264	-0.05011923	0.07059596
0.068114415	-0.081326246	0.28422654	-0.6595163	1.0000005	-0.22106442	0.15733436	-0.20627752	0.305281	-0.5261493	0.14472313	-0.1221832	0.15103954	-0.14388789	0.11094322	-0.18214312	0.12709732	-0.17286824	0.11772419	-0.073881455	0.091687165	-0.098660074	0.07926481	-0.111174636	0.09446012	-0.08177599	0.07062174	-0.093961716	0.06606313	-0.0937108
-0.22413722	0.18014619	-0.32656792	0.18002474	-0.22106442	1.0000004	-0.5980064	0.2975106	-0.24922074	0.17251837	-0.4366677	0.26286596	-0.2998394	0.18004113	-0.1230013	0.21094114	-0.18711062	0.2070262	-0.16238005	0.080578454	-0.10729791	0.110136665	-0.08926686	0.11782659	-0.10956722	0.08849635	-0.078923605	0.09911082	-0.07044391	0.09627183
0.11341166	-0.12619087	0.25409648	-0.15698744	0.15733436	-0.5980064	1.0000002	-0.59365517	0.1792925	-0.14487228	0.26405257	-0.32315826	0.27240136	-0.17245993	0.10241769	-0.20063767	0.16486259	-0.2009526	0.14022964	-0.06883222	0.09524821	-0.1001248	0.07991003	-0.105638035	0.09226462	-0.08044567	0.07024283	-0.089946754	0.06303529	-0.086891875
-0.08510253	0.0922407	-0.48707694	0.20397219	-0.20627752	0.2975106	-0.59365517	1.0000002	-0.23820831	0.17148332	-0.2465512	0.23952092	-0.4233618	0.17598295	-0.10450739	0.18675911	-0.15915956	0.19471884	-0.14638907	0.06981625	-0.0918995	0.096642956	-0.077920616	0.10367864	-0.09242216	0.07762863	-0.06820359	0.08739378	-0.061649565	0.08503566
0.07577596	-0.08993973	0.2566631	-0.3562827	0.305281	-0.24922074	0.1792925	-0.23820831	1.0	-0.7287353	0.16913803	-0.1419599	0.176251	-0.17850642	0.14092544	-0.21850763	0.15215379	-0.20668036	0.14450252	-0.09401242	0.11238017	-0.12181796	0.09811154	-0.13952032	0.118484825	-0.1009367	0.08730679	-0.1168394	0.0824939	-0.11759233
-0.056088433	0.06438064	-0.26516035	0.27638268	-0.5261493	0.17251837	-0.14487228	0.17148332	-0.7287353	0.99999976	-0.13478252	0.10905783	-0.14185488	0.13082585	-0.1419176	0.15111573	-0.11267398	0.14602566	-0.113311104	0.08488385	-0.082990065	0.09033569	-0.07411016	0.107814275	-0.10313463	0.07355432	-0.06499152	0.086292475	-0.062529154	0.08863088
0.09912103	-0.11233497	0.20073995	-0.12745406	0.14472313	-0.4366677	0.26405257	-0.2465512	0.16913803	-0.13478252	1.0	-0.63405114	0.30707657	-0.2396451	0.13458021	-0.3443157	0.24728169	-0.29614857	0.1879886	-0.09160635	0.14046122	-0.1454788	0.11374869	-0.14707364	0.12412868	-0.117030494	0.10041453	-0.12770058	0.0881857	-0.120799646
-0.068488136	0.07520755	-0.18254064	0.108414374	-0.1221832	0.26286596	-0.32315826	0.23952092	-0.1419599	0.10905783	-0.63405114	1.0	-0.5655638	0.19535781	-0.10798388	0.23323938	-0.2773937	0.23524423	-0.16499801	0.07275585	-0.10513928	0.11050383	-0.08711488	0.10960637	-0.0972311	0.08470248	-0.07454383	0.092994116	-0.06513617	0.08801516
0.07951411	-0.0899542	0.2264933	-0.1418925	0.15103954	-0.2998394	0.27240136	-0.4233618	0.176251	-0.14185488	0.30707657	-0.5655638	1.0000001	-0.36228493	0.14202347	-0.27353254	0.23580644	-0.3445556	0.23099984	-0.09750541	0.12765072	-0.1363621	0.109541155	-0.14326245	0.12553678	-0.10706789	0.09369198	-0.11990331	0.08422774	-0.11531328
-0.056061324	0.061479703	-0.1902528	0.11569073	-0.14388789	0.18004113	-0.17245993	0.17598295	-0.17850642	0.13082585	-0.2396451	0.19535781	-0.36228493	1.0000001	-0.26678613	0.21079856	-0.21249962	0.2796384	-0.74046546	0.17348585	-0.12770973	0.13829759	-0.119842425	0.17305215	-0.19130091	0.10595822	-0.09852889	0.12564597	-0.09549192	0.12946846
0.03902536	-0.043925844	0.12160377	-0.084654085	0.11094322	-0.1230013	0.10241769	-0.10450739	0.14092544	-0.1419176	0.13458021	-0.10798388	0.14202347	-0.26678613	1.0	-0.19574781	0.15512416	-0.20293194	0.21861148	-0.6976045	0.16420774	-0.21162502	0.18101121	-0.34097204	0.32187167	-0.15778264	0.14508341	-0.211276	0.16735521	-0.25406775
-0.06793645	0.07330716	-0.23254947	0.14034317	-0.18214312	0.21094114	-0.20063767	0.18675911	-0.21850763	0.15111573	-0.3443157	0.23323938	-0.27353254	0.21079856	-0.19574781	1.0	-0.618313	0.30568692	-0.23921616	0.12511265	-0.344372	0.22120504	-0.17350638	0.19187787	-0.18463486	0.1874667	-0.16982453	0.17568971	-0.12189028	0.15358433
0.055680607	-0.061707553	0.16576071	-0.102717	0.12709732	-0.18711062	0.16486259	-0.15915956	0.15215379	-0.11267398	0.24728169	-0.2773937	0.23580644	-0.21249962	0.15512416	-0.618313	1.0000001	-0.5761229	0.22010651	-0.104876764	0.20240027	-0.24420504	0.16368356	-0.17847346	0.14907046	-0.14946291	0.13036186	-0.15470108	0.10519177	-0.13516453
-0.0657089	0.071342945	-0.22659096	0.13576527	-0.17286824	0.2070262	-0.2009526	0.19471884	-0.20668036	0.14602566	-0.29614857	0.23524423	-0.3445556	0.2796384	-0.20293194	0.30568692	-0.5761229	1.0000001	-0.44553807	0.13842179	-0.18069616	0.1891246	-0.1755731	0.18746457	-0.18524823	0.13471542	-0.1280286	0.15145569	-0.109972365	0.14098589
0.049567644	-0.055398718	0.15086882	-0.095774665	0.11772419	-0.16238005	0.14022964	-0.14638907	0.14450252	-0.113311104	0.1879886	-0.16499801	0.23099984	-0.74046546	0.21861148	-0.23921616	0.22010651	-0.44553807	1.0000002	-0.2063135	0.1375096	-0.15592422	0.13420247	-0.20381278	0.18599875	-0.11673409	0.10665783	-0.14004593	0.10503198	-0.14369813
-0.025655096	0.028692791	-0.08222024	0.05600037	-0.073881455	0.080578454	-0.06883222	0.06981625	-0.09401242	0.08488385	-0.09160635	0.07275585	-0.09750541	0.17348585	-0.6976045	0.12511265	-0.104876764	0.13842179	-0.2063135	1.0000002	-0.10840087	0.13367155	-0.12441498	0.22732495	-0.6001122	0.09862934	-0.09495879	0.13241354	-0.11402741	0.16263486
0.0344815	-0.03793161	0.11257802	-0.070679896	0.091687165	-0.10729791	0.09524821	-0.0918995	0.11238017	-0.082990065	0.14046122	-0.10513928	0.12765072	-0.12770973	0.16420774	-0.344372	0.20240027	-0.18069616	0.1375096	-0.10840087	1.0000001	-0.47528353	0.2500408	-0.25331715	0.17729548	-0.598029	0.28496832	-0.30494025	0.17177555	-0.21399751
-0.03566194	0.039082684	-0.11985924	0.07549843	-0.098660074	0.110136665	-0.1001248	0.096642956	-0.12181796	0.09033569	-0.1454788	0.11050383	-0.1363621	0.13829759	-0.21162502	0.22120504	-0.24420504	0.1891246	-0.15592422	0.13367155	-0.47528353	1.0000002	-0.6490647	0.28367957	-0.23454037	0.23499957	-0.25644782	0.2513974	-0.17319253	0.1836723
0.028836608	-0.031728543	0.095763884	-0.06078898	0.07926481	-0.08926686	0.07991003	-0.077920616	0.09811154	-0.07411016	0.11374869	-0.08711488	0.109541155	-0.119842425	0.18101121	-0.17350638	0.16368356	-0.1755731	0.13420247	-0.12441498	0.2500408	-0.6490647	1.0000002	-0.52686614	0.21570836	-0.20133686	0.20972416	-0.36014056	0.19598779	-0.20385991
-0.03853483	0.042396836	-0.1305898	0.08423987	-0.111174636	0.11782659	-0.105638035	0.10367864	-0.13952032	0.107814275	-0.14707364	0.10960637	-0.14326245	0.17305215	-0.34097204	0.19187787	-0.17847346	0.18746457	-0.20381278	0.22732495	-0.25331715	0.28367957	-0.52686614	1.0	-0.4873472	0.18579438	-0.21475214	0.26335096	-0.31596902	0.25919655
0.0350623	-0.03926709	0.10935179	-0.07303026	0.09446012	-0.10956722	0.09226462	-0.09242216	0.118484825	-0.10313463	0.12412868	-0.0972311	0.12553678	-0.19130091	0.32187167	-0.18463486	0.14907046	-0.18524823	0.18599875	-0.6001122	0.17729548	-0.23454037	0.21570836	-0.4873472	1.0	-0.16642773	0.16014333	-0.233685	0.20413107	-0.3155592
-0.029012544	0.031722296	-0.09907588	0.062197328	-0.08177599	0.08849635	-0.08044567	0.07762863	-0.1009367	0.07355432	-0.117030494	0.08470248	-0.10706789	0.10595822	-0.15778264	0.1874667	-0.14946291	0.13471542	-0.11673409	0.09862934	-0.598029	0.23499957	-0.20133686	0.18579438	-0.16642773	0.99999964	-0.63905394	0.26724675	-0.15961488	0.17067589
0.025669051	-0.028236834	0.08530512	-0.05400718	0.07062174	-0.078923605	0.07024283	-0.06820359	0.08730679	-0.06499152	0.10041453	-0.07454383	0.09369198	-0.09852889	0.14508341	-0.16982453	0.13036186	-0.1280286	0.10665783	-0.09495879	0.28496832	-0.25644782	0.20972416	-0.21475214	0.16014333	-0.63905394	0.9999998	-0.5637614	0.21062292	-0.24655114
-0.032635354	0.035725772	-0.112322666	0.071151264	-0.093961716	0.09911082	-0.089946754	0.08739378	-0.1168394	0.086292475	-0.12770058	0.092994116	-0.11990331	0.12564597	-0.211276	0.17568971	-0.15470108	0.15145569	-0.14004593	0.13241354	-0.30494025	0.2513974	-0.36014056	0.26335096	-0.233685	0.26724675	-0.5637614	1.0	-0.46172807	0.28371993
0.023098486	-0.025395041	0.07827826	-0.05011923	0.06606313	-0.07044391	0.06303529	-0.061649565	0.0824939	-0.062529154	0.0881857	-0.06513617	0.08422774	-0.09549192	0.16735521	-0.12189028	0.10519177	-0.109972365	0.10503198	-0.11402741	0.17177555	-0.17319253	0.19598779	-0.31596902	0.20413107	-0.15961488	0.21062292	-0.46172807	0.99999976	-0.758319
-0.03182807	0.034907356	-0.11004159	0.07059596	-0.0937108	0.09627183	-0.086891875	0.08503566	-0.11759233	0.08863088	-0.120799646	0.08801516	-0.11531328	0.12946846	-0.25406775	0.15358433	-0.13516453	0.14098589	-0.14369813	0.16263486	-0.21399751	0.1836723	-0.20385991	0.25919655	-0.3155592	0.17067589	-0.24655114	0.28371993	-0.758319	0.99999976
