0.99999994	-0.87065274	0.13137029	-0.065825224	0.058267515	-0.3455651	0.261476	-0.1303852	0.06241624	-0.05695879	0.14905718	-0.13871145	0.123563185	-0.0653093	0.05392543	-0.13176021	0.072619595	-0.07179646	0.050613973	-0.060369283	0.046118714	-0.048216432	0.058000125	-0.055515524	0.045322604	-0.054378007	0.050190125	-0.052611787	0.043277614	-0.05816304
-0.87065274	0.99999994	-0.15291399	0.06427911	-0.057686787	0.25094658	-0.36446613	0.12516314	-0.059983496	0.05325545	-0.13728532	0.13230069	-0.1257162	0.056752663	-0.047538504	0.10862177	-0.06313315	0.060774535	-0.043393064	0.051118962	-0.03868871	0.04129175	-0.049988057	0.046863984	-0.03854253	0.045012865	-0.042945616	0.04444087	-0.03669812	0.048810113
0.13137029	-0.15291399	1.0000002	-0.38385552	0.2294116	-0.14118445	0.13906275	-0.7700264	0.22705452	-0.21309622	0.15194462	-0.18996717	0.21251914	-0.12687224	0.104916334	-0.16069102	0.10357362	-0.11235927	0.084264114	-0.09914229	0.06012269	-0.06971311	0.086873315	-0.08679735	0.073205724	-0.071081735	0.073688105	-0.077406764	0.06730668	-0.090206295
-0.065825224	0.06427911	-0.38385552	1.0000002	-0.73377776	0.07007999	-0.071387745	0.23932116	-0.43038	0.2974503	-0.09003218	0.09137912	-0.11210342	0.11101442	-0.09987257	0.088292435	-0.067925066	0.074305005	-0.06328248	0.071171254	-0.035379898	0.045096915	-0.05941234	0.05861841	-0.052602544	0.040720977	-0.04890319	0.049607337	-0.046034735	0.059437815
0.058267515	-0.057686787	0.2294116	-0.73377776	1.0000004	-0.070241876	0.06904319	-0.24183917	0.30539036	-0.5191344	0.08999045	-0.093678735	0.10855596	-0.114137	0.09973341	-0.09440983	0.07009239	-0.07918843	0.06536384	-0.07582885	0.03750647	-0.047119424	0.061482653	-0.06244256	0.05518612	-0.043634407	0.051013187	-0.052600812	0.048568398	-0.06388589
-0.3455651	0.25094658	-0.14118445	0.07007999	-0.070241876	1.0000005	-0.7592597	0.13867044	-0.07612486	0.06505517	-0.37635723	0.23623443	-0.22485083	0.08660954	-0.07333537	0.19272546	-0.10909988	0.09711849	-0.068854846	0.08011471	-0.06705454	0.069357276	-0.083400205	0.074481465	-0.06104379	0.07576565	-0.07152782	0.07247051	-0.05878293	0.07705327
0.261476	-0.36446613	0.13906275	-0.071387745	0.06904319	-0.7592597	1.0000005	-0.15622729	0.07640727	-0.06685462	0.2478774	-0.33018106	0.21422935	-0.09118987	0.07510269	-0.19928056	0.10836534	-0.10286283	0.071844906	-0.08491445	0.06768097	-0.070881926	0.083813496	-0.07852954	0.063916035	-0.079236545	0.07239774	-0.07539727	0.061309677	-0.08185769
-0.1303852	0.12516314	-0.7700264	0.23932116	-0.24183917	0.13867044	-0.15622729	1.0000006	-0.2889822	0.19400492	-0.16866332	0.19920172	-0.33949813	0.12307973	-0.10706612	0.14726846	-0.10212244	0.104205176	-0.08094845	0.09203476	-0.056144964	0.066795975	-0.08444277	0.08021742	-0.0689909	0.06478614	-0.07067519	0.07207556	-0.063036665	0.082224
0.06241624	-0.059983496	0.22705452	-0.43038	0.30539036	-0.07612486	0.07640727	-0.2889822	1.0000004	-0.7452518	0.10397029	-0.103922315	0.1260608	-0.21063961	0.15496214	-0.10507541	0.08732053	-0.10268422	0.093158156	-0.10219146	0.043214094	-0.05826212	0.07828709	-0.08010036	0.073283784	-0.04943809	0.06349213	-0.064306565	0.062212322	-0.079887725
-0.05695879	0.05325545	-0.21309622	0.2974503	-0.5191344	0.06505517	-0.06685462	0.19400492	-0.7452518	1.0000006	-0.09331437	0.08570472	-0.10853593	0.15479425	-0.15758522	0.08891805	-0.07829597	0.087125316	-0.08124228	0.090104654	-0.037508186	0.051663063	-0.07058197	0.06986244	-0.06585553	0.042326212	-0.05687265	0.056441586	-0.055194706	0.06957589
0.14905718	-0.13728532	0.15194462	-0.09003218	0.08999045	-0.37635723	0.2478774	-0.16866332	0.10397029	-0.09331437	1.0000008	-0.41026697	0.26692876	-0.16633955	0.13511486	-0.60724163	0.22492094	-0.20610033	0.13944454	-0.16701654	0.16111182	-0.14816643	0.16902646	-0.15739301	0.12578803	-0.18810688	0.14891103	-0.1558956	0.12267682	-0.16458446
-0.13871145	0.13230069	-0.18996717	0.09137912	-0.093678735	0.23623443	-0.33018106	0.19920172	-0.103922315	0.08570472	-0.41026697	1.0000008	-0.74342126	0.12130486	-0.10225773	0.22772828	-0.15995055	0.13132025	-0.09363991	0.1052722	-0.08011825	0.09478292	-0.11022052	0.09674942	-0.07993231	0.090806596	-0.09264087	0.09343881	-0.07611123	0.09879533
0.123563185	-0.1257162	0.21251914	-0.11210342	0.10855596	-0.22485083	0.21422935	-0.33949813	0.1260608	-0.10853593	0.26692876	-0.74342126	1.0000008	-0.16838203	0.1285023	-0.27237505	0.16344883	-0.1725398	0.11948479	-0.13725452	0.094451	-0.10837745	0.1275565	-0.12353313	0.10152782	-0.111996405	0.10847975	-0.11448887	0.09536884	-0.12760468
-0.0653093	0.056752663	-0.12687224	0.11101442	-0.114137	0.08660954	-0.09118987	0.12307973	-0.21063961	0.15479425	-0.16633955	0.12130486	-0.16838203	1.000001	-0.7579292	0.1523184	-0.1996533	0.24042185	-0.3689741	0.2771285	-0.07394978	0.1282454	-0.19104171	0.19064717	-0.20162176	0.078990266	-0.14316548	0.1348307	-0.15212776	0.17519408
0.05392543	-0.047538504	0.104916334	-0.09987257	0.09973341	-0.07333537	0.07510269	-0.10706612	0.15496214	-0.15758522	0.13511486	-0.10225773	0.1285023	-0.7579292	1.0000006	-0.13867484	0.16721646	-0.25067392	0.26558667	-0.43755844	0.06636586	-0.114722855	0.16474593	-0.21135442	0.21265446	-0.07265696	0.12814873	-0.13087475	0.15306015	-0.20793502
-0.13176021	0.10862177	-0.16069102	0.088292435	-0.09440983	0.19272546	-0.19928056	0.14726846	-0.10507541	0.08891805	-0.60724163	0.22772828	-0.27237505	0.1523184	-0.13867484	1.0000005	-0.42265174	0.20341268	-0.1446673	0.15537381	-0.30302718	0.2029701	-0.23855908	0.1565891	-0.12704597	0.22491832	-0.20403713	0.17677222	-0.13091843	0.1545058
0.072619595	-0.06313315	0.10357362	-0.067925066	0.07009239	-0.10909988	0.10836534	-0.10212244	0.08732053	-0.07829597	0.22492094	-0.15995055	0.16344883	-0.1996533	0.16721646	-0.42265174	1.0000002	-0.40068233	0.21482638	-0.23161976	0.14733186	-0.5609921	0.31236088	-0.23350094	0.17589952	-0.16337498	0.2551262	-0.26590005	0.17809796	-0.22229834
-0.07179646	0.060774535	-0.11235927	0.074305005	-0.07918843	0.09711849	-0.10286283	0.104205176	-0.10268422	0.087125316	-0.20610033	0.13132025	-0.1725398	0.24042185	-0.25067392	0.20341268	-0.40068233	1.0	-0.640975	0.27337232	-0.101689346	0.22317606	-0.3621901	0.24147068	-0.22984223	0.10627593	-0.21349831	0.19522417	-0.19463095	0.20351113
0.050613973	-0.043393064	0.084264114	-0.06328248	0.06536384	-0.068854846	0.071844906	-0.08094845	0.093158156	-0.08124228	0.13944454	-0.09363991	0.11948479	-0.3689741	0.26558667	-0.1446673	0.21482638	-0.640975	0.9999999	-0.4779508	0.07163695	-0.14573188	0.21286711	-0.31968197	0.24317576	-0.076717675	0.15071152	-0.15152949	0.18722107	-0.21261045
-0.060369283	0.051118962	-0.09914229	0.071171254	-0.07582885	0.08011471	-0.08491445	0.09203476	-0.10219146	0.090104654	-0.16701654	0.1052722	-0.13725452	0.2771285	-0.43755844	0.15537381	-0.23161976	0.27337232	-0.4779508	1.0	-0.0806495	0.15097725	-0.23259503	0.27054083	-0.5423588	0.08459452	-0.17372127	0.16334692	-0.21922867	0.25724912
0.046118714	-0.03868871	0.06012269	-0.035379898	0.03750647	-0.06705454	0.06768097	-0.056144964	0.043214094	-0.037508186	0.16111182	-0.08011825	0.094451	-0.07394978	0.06636586	-0.30302718	0.14733186	-0.101689346	0.07163695	-0.0806495	0.99999994	-0.12267188	0.123475	-0.08852823	0.068232656	-0.90539306	0.15034801	-0.1344323	0.07705582	-0.08941582
-0.048216432	0.04129175	-0.06971311	0.045096915	-0.047119424	0.069357276	-0.070881926	0.066795975	-0.05826212	0.051663063	-0.14816643	0.09478292	-0.10837745	0.1282454	-0.114722855	0.2029701	-0.5609921	0.22317606	-0.14573188	0.15097725	-0.12267188	0.9999999	-0.60678566	0.18121506	-0.1310642	0.12637866	-0.43212456	0.2722002	-0.15217502	0.16285472
0.058000125	-0.049988057	0.086873315	-0.05941234	0.061482653	-0.083400205	0.083813496	-0.08444277	0.07828709	-0.07058197	0.16902646	-0.11022052	0.1275565	-0.19104171	0.16474593	-0.23855908	0.31236088	-0.3621901	0.21286711	-0.23259503	0.123475	-0.60678566	0.99999976	-0.31351542	0.19555065	-0.14020865	0.29659095	-0.40011925	0.21884252	-0.24641179
-0.055515524	0.046863984	-0.08679735	0.05861841	-0.06244256	0.074481465	-0.07852954	0.08021742	-0.08010036	0.06986244	-0.15739301	0.09674942	-0.12353313	0.19064717	-0.21135442	0.1565891	-0.23350094	0.24147068	-0.31968197	0.27054083	-0.08852823	0.18121506	-0.31351542	1.0	-0.48659447	0.09281656	-0.23098257	0.2330117	-0.59041154	0.325797
0.045322604	-0.03854253	0.073205724	-0.052602544	0.05518612	-0.06104379	0.063916035	-0.0689909	0.073283784	-0.06585553	0.12578803	-0.07993231	0.10152782	-0.20162176	0.21265446	-0.12704597	0.17589952	-0.22984223	0.24317576	-0.5423588	0.068232656	-0.1310642	0.19555065	-0.48659447	0.99999976	-0.072798885	0.16050223	-0.1720395	0.28501752	-0.5489291
-0.054378007	0.045012865	-0.071081735	0.040720977	-0.043634407	0.07576565	-0.079236545	0.06478614	-0.04943809	0.042326212	-0.18810688	0.090806596	-0.111996405	0.078990266	-0.07265696	0.22491832	-0.16337498	0.10627593	-0.076717675	0.08459452	-0.90539306	0.12637866	-0.14020865	0.09281656	-0.072798885	0.9999998	-0.1930611	0.13895848	-0.08295521	0.092687644
0.050190125	-0.042945616	0.073688105	-0.04890319	0.051013187	-0.07152782	0.07239774	-0.07067519	0.06349213	-0.05687265	0.14891103	-0.09264087	0.10847975	-0.14316548	0.12814873	-0.20403713	0.2551262	-0.21349831	0.15071152	-0.17372127	0.15034801	-0.43212456	0.29659095	-0.23098257	0.16050223	-0.1930611	0.99999976	-0.7232267	0.22326274	-0.23547958
-0.052611787	0.04444087	-0.077406764	0.049607337	-0.052600812	0.07247051	-0.07539727	0.07207556	-0.064306565	0.056441586	-0.1558956	0.09343881	-0.11448887	0.1348307	-0.13087475	0.17677222	-0.26590005	0.19522417	-0.15152949	0.16334692	-0.1344323	0.2722002	-0.40011925	0.2330117	-0.1720395	0.13895848	-0.7232267	0.9999996	-0.3592674	0.2272786
0.043277614	-0.03669812	0.06730668	-0.046034735	0.048568398	-0.05878293	0.061309677	-0.063036665	0.062212322	-0.055194706	0.12267682	-0.07611123	0.09536884	-0.15212776	0.15306015	-0.13091843	0.17809796	-0.19463095	0.18722107	-0.21922867	0.07705582	-0.15217502	0.21884252	-0.59041154	0.28501752	-0.08295521	0.22326274	-0.3592674	0.9999996	-0.6057042
-0.05816304	0.048810113	-0.090206295	0.059437815	-0.06388589	0.07705327	-0.08185769	0.082224	-0.079887725	0.06957589	-0.16458446	0.09879533	-0.12760468	0.17519408	-0.20793502	0.1545058	-0.22229834	0.20351113	-0.21261045	0.25724912	-0.08941582	0.16285472	-0.24641179	0.325797	-0.5489291	0.092687644	-0.23547958	0.2272786	-0.6057042	0.9999996
