1.0	-0.720807	0.2622937	-0.14725214	0.13780521	-0.48766258	0.25313893	-0.2573656	0.15499441	-0.11784756	0.1311316	-0.26030913	0.19154935	-0.11377343	0.102509394	-0.1419823	0.13437584	-0.108130254	0.08832006	-0.092505895	0.0211569	-0.0679576	0.06865028	-0.07694263	0.09067177	-0.021112178	0.050409567	-0.06776374	0.040257722	-0.045850422
-0.720807	0.9999998	-0.47595128	0.16865934	-0.17043515	0.2728119	-0.26471564	0.25382376	-0.17546311	0.12519188	-0.10648737	0.21518962	-0.21289949	0.120226756	-0.11227842	0.10894247	-0.13893737	0.10849057	-0.09353523	0.09499782	-0.019653684	0.06705864	-0.069000065	0.07662271	-0.093112215	0.01947078	-0.050182182	0.06672015	-0.040155593	0.04540869
0.2622937	-0.47595128	0.9999996	-0.374083	0.23721917	-0.27411324	0.23290797	-0.6017902	0.24345613	-0.18571787	0.10988953	-0.26007426	0.23335801	-0.16421552	0.14532512	-0.12329533	0.14559855	-0.12682755	0.116581015	-0.12560527	0.022755072	-0.08054778	0.080567256	-0.09280182	0.10697634	-0.022777993	0.05904338	-0.08085936	0.047877558	-0.055185795
-0.14725214	0.16865934	-0.374083	0.9999999	-0.7523234	0.15214285	-0.13356976	0.23708172	-0.39019427	0.2550945	-0.0699082	0.16235109	-0.1818736	0.18402335	-0.19191393	0.07891321	-0.110571355	0.09738005	-0.124570996	0.13136436	-0.017125575	0.06514819	-0.06553138	0.07824764	-0.09298478	0.017088206	-0.047883645	0.06590571	-0.0398418	0.046229593
0.13780521	-0.17043515	0.23721917	-0.7523234	1.0000001	-0.17068173	0.1392031	-0.24016134	0.2847806	-0.41935492	0.077992015	-0.18784824	0.183098	-0.21235599	0.21206462	-0.090579495	0.11718645	-0.10630287	0.13671763	-0.15897997	0.01929858	-0.074144036	0.073035754	-0.089712545	0.10330758	-0.019355299	0.053908292	-0.07545177	0.045291707	-0.053218376
-0.48766258	0.2728119	-0.27411324	0.15214285	-0.17068173	1.0	-0.59293437	0.25493562	-0.19685204	0.13696308	-0.25535706	0.30684263	-0.28801742	0.14200073	-0.13299699	0.19634216	-0.2067658	0.1490556	-0.11694127	0.115037635	-0.029023092	0.09048333	-0.094597094	0.102053635	-0.12811498	0.028594345	-0.06874737	0.089338824	-0.054229014	0.060434382
0.25313893	-0.26471564	0.23290797	-0.13356976	0.1392031	-0.59293437	0.9999994	-0.35273248	0.17272457	-0.12091798	0.16434501	-0.5979005	0.23824957	-0.12444732	0.11178985	-0.16203555	0.17471795	-0.13236514	0.09829751	-0.09929831	0.024102513	-0.07812243	0.08047958	-0.08723684	0.1047368	-0.023903122	0.058319196	-0.07713774	0.045901436	-0.051592976
-0.2573656	0.25382376	-0.6017902	0.23708172	-0.24016134	0.25493562	-0.35273248	0.99999934	-0.38446906	0.20219198	-0.11630323	0.2689844	-0.39296108	0.20142677	-0.17748456	0.12378678	-0.19020596	0.16198555	-0.14424641	0.14556514	-0.025304552	0.094622344	-0.09777068	0.10881173	-0.12935883	0.025130903	-0.06999633	0.0941399	-0.056170493	0.06383779
0.15499441	-0.17546311	0.24345613	-0.39019427	0.2847806	-0.19685204	0.17272457	-0.38446906	0.99999946	-0.50761354	0.09354951	-0.23069596	0.2528031	-0.4584201	0.2941997	-0.108241715	0.15257531	-0.14360946	0.212131	-0.24246638	0.024227127	-0.09800425	0.09688444	-0.120942384	0.13880937	-0.024275245	0.07088657	-0.099894285	0.06012754	-0.07100248
-0.11784756	0.12519188	-0.18571787	0.2550945	-0.41935492	0.13696308	-0.12091798	0.20219198	-0.50761354	0.99999934	-0.06826787	0.15971437	-0.21628879	0.29165837	-0.6111345	0.078013085	-0.12613383	0.11434569	-0.20144743	0.20650697	-0.01869026	0.07733182	-0.07836068	0.09715496	-0.121045716	0.018652754	-0.05664733	0.078574836	-0.048458613	0.05653721
0.1311316	-0.10648737	0.10988953	-0.0699082	0.077992015	-0.25535706	0.16434501	-0.11630323	0.09354951	-0.06826787	0.9999995	-0.24290088	0.15287033	-0.07411544	0.06747528	-0.89988023	0.15170872	-0.108803555	0.06373208	-0.06349287	0.04792766	-0.06422281	0.06394774	-0.06603344	0.07684164	-0.04845837	0.048786454	-0.06207194	0.035288386	-0.039176732
-0.26030913	0.21518962	-0.26007426	0.16235109	-0.18784824	0.30684263	-0.5979005	0.2689844	-0.23069596	0.15971437	-0.24290088	0.99999946	-0.40826395	0.17605937	-0.16319856	0.1984374	-0.3377691	0.21542916	-0.1489295	0.1436996	-0.035961192	0.12273393	-0.13024107	0.13555826	-0.1699777	0.03523394	-0.093172036	0.119640514	-0.072292954	0.07966518
0.19154935	-0.21289949	0.23335801	-0.1818736	0.183098	-0.28801742	0.23824957	-0.39296108	0.2528031	-0.21628879	0.15287033	-0.40826395	0.9999993	-0.33983785	0.20859176	-0.18632752	0.29334095	-0.44873244	0.20166309	-0.21574827	0.04162433	-0.18095554	0.18527693	-0.19759452	0.19589686	-0.04184735	0.12588044	-0.1783936	0.097307	-0.11176307
-0.11377343	0.120226756	-0.16421552	0.18402335	-0.21235599	0.14200073	-0.12444732	0.20142677	-0.4584201	0.29165837	-0.07411544	0.17605937	-0.33983785	0.99999917	-0.5601672	0.08587849	-0.15412214	0.15296963	-0.4497292	0.289003	-0.021720646	0.09443692	-0.09766785	0.12043552	-0.14604536	0.021681515	-0.06845248	0.095476106	-0.05839096	0.068189554
0.102509394	-0.11227842	0.14532512	-0.19191393	0.21206462	-0.13299699	0.11178985	-0.17748456	0.2941997	-0.6111345	0.06747528	-0.16319856	0.20859176	-0.5601672	0.9999991	-0.07909911	0.12475756	-0.122683294	0.25721538	-0.35801068	0.019767772	-0.085423075	0.08500133	-0.1114939	0.13312118	-0.019796383	0.06147218	-0.08734366	0.05364389	-0.063906215
-0.1419823	0.10894247	-0.12329533	0.07891321	-0.090579495	0.19634216	-0.16203555	0.12378678	-0.108241715	0.078013085	-0.89988023	0.1984374	-0.18632752	0.08587849	-0.07909911	0.9999988	-0.20001112	0.1252571	-0.07484189	0.073193006	-0.05772671	0.07314007	-0.07441747	0.07567761	-0.09077368	0.05361122	-0.056466594	0.070422746	-0.040714297	0.04478294
0.13437584	-0.13893737	0.14559855	-0.110571355	0.11718645	-0.2067658	0.17471795	-0.19020596	0.15257531	-0.12613383	0.15170872	-0.3377691	0.29334095	-0.15412214	0.12475756	-0.20001112	0.99999845	-0.72848463	0.14597689	-0.15188226	0.044364713	-0.23789853	0.23041989	-0.21058924	0.18958339	-0.04433	0.14982286	-0.20605452	0.10145563	-0.112124264
-0.108130254	0.10849057	-0.12682755	0.09738005	-0.10630287	0.1490556	-0.13236514	0.16198555	-0.14360946	0.11434569	-0.108803555	0.21542916	-0.44873244	0.15296963	-0.122683294	0.1252571	-0.72848463	0.99999875	-0.16521835	0.14567526	-0.037442453	0.19746552	-0.32620332	0.19412567	-0.18783903	0.036807615	-0.14126348	0.18021896	-0.09387348	0.098577335
0.08832006	-0.09353523	0.116581015	-0.124570996	0.13671763	-0.11694127	0.09829751	-0.14424641	0.212131	-0.20144743	0.06373208	-0.1489295	0.20166309	-0.4497292	0.25721538	-0.07484189	0.14597689	-0.16521835	0.99999875	-0.77723455	0.022767745	-0.109560445	0.11133012	-0.16141404	0.18499292	-0.022766002	0.07778323	-0.11233092	0.0707176	-0.08545566
-0.092505895	0.09499782	-0.12560527	0.13136436	-0.15897997	0.115037635	-0.09929831	0.14556514	-0.24246638	0.20650697	-0.06349287	0.1436996	-0.21574827	0.289003	-0.35801068	0.073193006	-0.15188226	0.14567526	-0.77723455	0.99999875	-0.023016436	0.10885806	-0.11313536	0.16150236	-0.26389992	0.0229103	-0.07920599	0.11200697	-0.074346796	0.08851296
0.0211569	-0.019653684	0.022755072	-0.017125575	0.01929858	-0.029023092	0.024102513	-0.025304552	0.024227127	-0.01869026	0.04792766	-0.035961192	0.04162433	-0.021720646	0.019767772	-0.05772671	0.044364713	-0.037442453	0.022767745	-0.023016436	0.99999857	-0.09527204	0.05627842	-0.04857464	0.05235108	-0.98373854	0.10282097	-0.08469716	0.03324349	-0.03473662
-0.0679576	0.06705864	-0.08054778	0.06514819	-0.074144036	0.09048333	-0.07812243	0.094622344	-0.09800425	0.07733182	-0.06422281	0.12273393	-0.18095554	0.09443692	-0.085423075	0.07314007	-0.23789853	0.19746552	-0.109560445	0.10885806	-0.09527204	0.9999982	-0.52533376	0.25460464	-0.30883324	0.08802797	-0.6393525	0.32347783	-0.15691169	0.14515464
0.06865028	-0.069000065	0.080567256	-0.06553138	0.073035754	-0.094597094	0.08047958	-0.09777068	0.09688444	-0.07836068	0.06394774	-0.13024107	0.18527693	-0.09766785	0.08500133	-0.07441747	0.23041989	-0.32620332	0.11133012	-0.11313536	0.05627842	-0.52533376	0.9999981	-0.52433485	0.28639185	-0.05540112	0.27910942	-0.44737083	0.16626257	-0.16426764
-0.07694263	0.07662271	-0.09280182	0.07824764	-0.089712545	0.102053635	-0.08723684	0.10881173	-0.120942384	0.09715496	-0.06603344	0.13555826	-0.19759452	0.12043552	-0.1114939	0.07567761	-0.21058924	0.19412567	-0.16141404	0.16150236	-0.04857464	0.25460464	-0.52433485	0.99999785	-0.66507167	0.04691836	-0.2147861	0.25954327	-0.25751722	0.21379368
0.09067177	-0.093112215	0.10697634	-0.09298478	0.10330758	-0.12811498	0.1047368	-0.12935883	0.13880937	-0.121045716	0.07684164	-0.1699777	0.19589686	-0.14604536	0.13312118	-0.09077368	0.18958339	-0.18783903	0.18499292	-0.26389992	0.05235108	-0.30883324	0.28639185	-0.66507167	0.9999977	-0.052626442	0.21040504	-0.33272567	0.2351073	-0.32677934
-0.021112178	0.01947078	-0.022777993	0.017088206	-0.019355299	0.028594345	-0.023903122	0.025130903	-0.024275245	0.018652754	-0.04845837	0.03523394	-0.04184735	0.021681515	-0.019796383	0.05361122	-0.04433	0.036807615	-0.022766002	0.0229103	-0.98373854	0.08802797	-0.05540112	0.04691836	-0.052626442	0.99999774	-0.11459466	0.08003936	-0.032483105	0.033301696
0.050409567	-0.050182182	0.05904338	-0.047883645	0.053908292	-0.06874737	0.058319196	-0.06999633	0.07088657	-0.05664733	0.048786454	-0.093172036	0.12588044	-0.06845248	0.06147218	-0.056466594	0.14982286	-0.14126348	0.07778323	-0.07920599	0.10282097	-0.6393525	0.27910942	-0.2147861	0.21040504	-0.11459466	0.9999978	-0.6449817	0.15922582	-0.16213912
-0.06776374	0.06672015	-0.08085936	0.06590571	-0.07545177	0.089338824	-0.07713774	0.0941399	-0.099894285	0.078574836	-0.06207194	0.119640514	-0.1783936	0.095476106	-0.08734366	0.070422746	-0.20605452	0.18021896	-0.11233092	0.11200697	-0.08469716	0.32347783	-0.44737083	0.25954327	-0.33272567	0.08003936	-0.6449817	0.99999785	-0.28876027	0.21033606
0.040257722	-0.040155593	0.047877558	-0.0398418	0.045291707	-0.054229014	0.045901436	-0.056170493	0.06012754	-0.048458613	0.035288386	-0.072292954	0.097307	-0.05839096	0.05364389	-0.040714297	0.10145563	-0.09387348	0.0707176	-0.074346796	0.03324349	-0.15691169	0.16626257	-0.25751722	0.2351073	-0.032483105	0.15922582	-0.28876027	0.9999978	-0.8775595
-0.045850422	0.04540869	-0.055185795	0.046229593	-0.053218376	0.060434382	-0.051592976	0.06383779	-0.07100248	0.05653721	-0.039176732	0.07966518	-0.11176307	0.068189554	-0.063906215	0.04478294	-0.112124264	0.098577335	-0.08545566	0.08851296	-0.03473662	0.14515464	-0.16426764	0.21379368	-0.32677934	0.033301696	-0.16213912	0.21033606	-0.8775595	0.9999978
