1.0000001	-0.57704246	0.24142516	-0.18600716	0.13157122	-0.41191307	0.281156	-0.2843979	0.19509704	-0.14773117	0.22497286	-0.2726989	0.19759373	-0.19246523	0.19487958	-0.2735094	0.26786762	-0.23548904	0.15199727	-0.18278775	0.18268555	-0.12870806	0.10302094	-0.115820944	0.09046948	-0.20669284	0.12077674	-0.15768576	0.103507884	-0.11407147
-0.57704246	1.0000001	-0.438097	0.18812433	-0.13556725	0.20758168	-0.49245924	0.27450848	-0.20801303	0.13319558	-0.1519814	0.25480127	-0.18506041	0.16085961	-0.17809743	0.16727845	-0.26632795	0.1819959	-0.12511225	0.13736786	-0.119346574	0.086332515	-0.07219264	0.07374056	-0.06625362	0.11894672	-0.074347965	0.092312895	-0.0682012	0.08105452
0.24142516	-0.438097	1.0000001	-0.41220307	0.18332133	-0.13189708	0.21748121	-0.6649452	0.27799836	-0.18482119	0.095223464	-0.17601779	0.20092346	-0.18441951	0.18318442	-0.112059616	0.16638641	-0.20170587	0.132879	-0.14581472	0.082490765	-0.06956395	0.058839057	-0.060364354	0.065707035	-0.0846246	0.05508052	-0.06886661	0.055555485	-0.08109508
-0.18600716	0.18812433	-0.41220307	1.0	-0.49301192	0.098336846	-0.14628963	0.26876017	-0.62277234	0.28533468	-0.073403664	0.12408911	-0.16292512	0.19211157	-0.23346393	0.08634422	-0.13185088	0.16503301	-0.13508426	0.14933413	-0.06671146	0.058566175	-0.04998073	0.052719068	-0.06571616	0.06768813	-0.04571685	0.056799397	-0.048885792	0.08078203
0.13157122	-0.13556725	0.18332133	-0.49301192	1.0000002	-0.07778775	0.1048021	-0.1862735	0.2770896	-0.7547877	0.05745341	-0.09664298	0.1281317	-0.17125116	0.2285114	-0.06944048	0.101243354	-0.148563	0.11957093	-0.15663682	0.054851934	-0.05176165	0.043857243	-0.04807576	0.066149935	-0.05684374	0.039238185	-0.049185757	0.044291083	-0.08425407
-0.41191307	0.20758168	-0.13189708	0.098336846	-0.07778775	1.0	-0.2694464	0.14436294	-0.1187635	0.08218777	-0.7032063	0.21003869	-0.12835285	0.11357626	-0.12868781	0.29672047	-0.3233854	0.13568102	-0.09206704	0.10279999	-0.20993038	0.0935926	-0.07821259	0.078878604	-0.05421095	0.15927812	-0.096973255	0.11098918	-0.074945085	0.06575544
0.281156	-0.49245924	0.21748121	-0.14628963	0.1048021	-0.2694464	1.0	-0.27730182	0.1657008	-0.11174364	0.1737719	-0.6420167	0.20548846	-0.16706555	0.15838605	-0.20448117	0.2844735	-0.20500286	0.12560523	-0.13528624	0.12990414	-0.09435307	0.076826975	-0.078866735	0.065216	-0.13521658	0.08091801	-0.10215418	0.07183008	-0.0798766
-0.2843979	0.27450848	-0.6649452	0.26876017	-0.1862735	0.14436294	-0.27730182	1.0	-0.39913228	0.17850254	-0.10964063	0.20025477	-0.33086768	0.21794711	-0.22476229	0.12550025	-0.20567669	0.2292691	-0.16210486	0.16194569	-0.094189316	0.07838915	-0.06763027	0.067453265	-0.0741436	0.09341698	-0.06182042	0.07614633	-0.062844016	0.08927377
0.19509704	-0.20801303	0.27799836	-0.62277234	0.2770896	-0.1187635	0.1657008	-0.39913228	1.0	-0.36903343	0.087372795	-0.15456045	0.21677427	-0.3323511	0.2594518	-0.10575526	0.15468305	-0.23724933	0.1871694	-0.21565428	0.082118705	-0.07693474	0.06543137	-0.069888584	0.091479145	-0.08511552	0.058102287	-0.07280566	0.06428844	-0.114727564
-0.14773117	0.13319558	-0.18482119	0.28533468	-0.7547877	0.08218777	-0.11174364	0.17850254	-0.36903343	0.9999998	-0.061727744	0.10171065	-0.14022547	0.18784718	-0.3872315	0.07361511	-0.11096369	0.15393461	-0.13453779	0.16675502	-0.05865585	0.054365847	-0.04644662	0.050594546	-0.070918806	0.059815872	-0.041565888	0.051694397	-0.046973996	0.087810874
0.22497286	-0.1519814	0.095223464	-0.073403664	0.05745341	-0.7032063	0.1737719	-0.10964063	0.087372795	-0.061727744	0.9999996	-0.18809204	0.10024582	-0.08899464	0.09608528	-0.56169885	0.24500713	-0.109640695	0.07202027	-0.081183314	0.19944082	-0.08350455	0.06742188	-0.07167152	0.043917082	-0.1728912	0.09141279	-0.109575726	0.06637907	-0.053512108
-0.2726989	0.25480127	-0.17601779	0.12408911	-0.09664298	0.21003869	-0.6420167	0.20025477	-0.15456045	0.10171065	-0.18809204	0.99999964	-0.29355896	0.17029558	-0.16279946	0.20605664	-0.53656507	0.20965339	-0.13120224	0.13137995	-0.13226771	0.09689327	-0.08104273	0.07627896	-0.063859954	0.12637062	-0.07800395	0.09560961	-0.07089954	0.07679636
0.19759373	-0.18506041	0.20092346	-0.16292512	0.1281317	-0.12835285	0.20548846	-0.33086768	0.21677427	-0.14022547	0.10024582	-0.29355896	0.99999946	-0.4872871	0.25275868	-0.12040067	0.20359123	-0.64694357	0.26515925	-0.22672279	0.09084291	-0.09713681	0.08707415	-0.07825616	0.09506054	-0.090882584	0.063575804	-0.07826946	0.07190778	-0.112237774
-0.19246523	0.16085961	-0.18441951	0.19211157	-0.17125116	0.11357626	-0.16706555	0.21794711	-0.3323511	0.18784718	-0.08899464	0.17029558	-0.4872871	0.9999994	-0.480733	0.10559556	-0.17596418	0.31592813	-0.50958115	0.28581643	-0.08497978	0.084468044	-0.075600974	0.07837091	-0.12044974	0.08434167	-0.061039202	0.07459244	-0.073696144	0.1341285
0.19487958	-0.17809743	0.18318442	-0.23346393	0.2285114	-0.12868781	0.15838605	-0.22476229	0.2594518	-0.3872315	0.09608528	-0.16279946	0.25275868	-0.480733	0.99999946	-0.119300894	0.17083953	-0.3309355	0.29428983	-0.49040112	0.09912947	-0.10641195	0.090470865	-0.10496769	0.17724614	-0.10404084	0.076097585	-0.09585526	0.09644692	-0.2300884
-0.2735094	0.16727845	-0.112059616	0.08634422	-0.06944048	0.29672047	-0.20448117	0.12550025	-0.10575526	0.07361511	-0.56169885	0.20605664	-0.12040067	0.10559556	-0.119300894	0.9999995	-0.46765032	0.12933902	-0.08705222	0.096669585	-0.44664314	0.112685315	-0.09286236	0.092882425	-0.05407669	0.23370858	-0.13021244	0.14238803	-0.088712394	0.065072976
0.26786762	-0.26632795	0.16638641	-0.13185088	0.101243354	-0.3233854	0.2844735	-0.20567669	0.15468305	-0.11096369	0.24500713	-0.53656507	0.20359123	-0.17596418	0.17083953	-0.46765032	0.9999996	-0.23733585	0.13970469	-0.15520589	0.21997146	-0.17160286	0.12720676	-0.12313867	0.08021413	-0.23288992	0.1320362	-0.16751194	0.111129396	-0.09828493
-0.23548904	0.1819959	-0.20170587	0.16503301	-0.148563	0.13568102	-0.20500286	0.2292691	-0.23724933	0.15393461	-0.109640695	0.20965339	-0.64694357	0.31592813	-0.3309355	0.12933902	-0.23733585	0.99999976	-0.44558984	0.25361735	-0.10451841	0.12001921	-0.12400146	0.09444232	-0.1151756	0.100942776	-0.074677385	0.08975915	-0.08883841	0.12605202
0.15199727	-0.12511225	0.132879	-0.13508426	0.11957093	-0.09206704	0.12560523	-0.16210486	0.1871694	-0.13453779	0.07202027	-0.13120224	0.26515925	-0.50958115	0.29428983	-0.08705222	0.13970469	-0.44558984	0.99999964	-0.6150649	0.07359298	-0.0845156	0.07700051	-0.08744897	0.16558672	-0.07342056	0.057063643	-0.0698923	0.080026396	-0.18899173
-0.18278775	0.13736786	-0.14581472	0.14933413	-0.15663682	0.10279999	-0.13528624	0.16194569	-0.21565428	0.16675502	-0.081183314	0.13137995	-0.22672279	0.28581643	-0.49040112	0.096669585	-0.15520589	0.25361735	-0.6150649	0.9999995	-0.084832445	0.088080116	-0.08040045	0.09846733	-0.34382737	0.08307376	-0.0662701	0.079750955	-0.09673007	0.24176064
0.18268555	-0.119346574	0.082490765	-0.06671146	0.054851934	-0.20993038	0.12990414	-0.094189316	0.082118705	-0.05865585	0.19944082	-0.13226771	0.09084291	-0.08497978	0.09912947	-0.44664314	0.21997146	-0.10451841	0.07359298	-0.084832445	0.9999994	-0.16910626	0.12700103	-0.14741951	0.057493087	-0.70231324	0.24061309	-0.28484866	0.13455814	-0.068931
-0.12870806	0.086332515	-0.06956395	0.058566175	-0.05176165	0.0935926	-0.09435307	0.07838915	-0.07693474	0.054365847	-0.08350455	0.09689327	-0.09713681	0.084468044	-0.10641195	0.112685315	-0.17160286	0.12001921	-0.0845156	0.088080116	-0.16910626	0.9999998	-0.8608081	0.24033129	-0.07775315	0.1415801	-0.18004164	0.17661111	-0.26411864	0.08440638
0.10302094	-0.07219264	0.058839057	-0.04998073	0.043857243	-0.07821259	0.076826975	-0.06763027	0.06543137	-0.04644662	0.06742188	-0.08104273	0.08707415	-0.075600974	0.090470865	-0.09286236	0.12720676	-0.12400146	0.07700051	-0.08040045	0.12700103	-0.8608081	1.0	-0.35160503	0.070497535	-0.124509096	0.14381832	-0.18084987	0.22638562	-0.07870956
-0.115820944	0.07374056	-0.060364354	0.052719068	-0.04807576	0.078878604	-0.078866735	0.067453265	-0.069888584	0.050594546	-0.07167152	0.07627896	-0.07825616	0.07837091	-0.10496769	0.092882425	-0.12313867	0.09444232	-0.08744897	0.09846733	-0.14741951	0.24033129	-0.35160503	1.0000002	-0.14129476	0.13376006	-0.20335232	0.22103773	-0.8164242	0.13963832
0.09046948	-0.06625362	0.065707035	-0.06571616	0.066149935	-0.05421095	0.065216	-0.0741436	0.091479145	-0.070918806	0.043917082	-0.063859954	0.09506054	-0.12044974	0.17724614	-0.05407669	0.08021413	-0.1151756	0.16558672	-0.34382737	0.057493087	-0.07775315	0.070497535	-0.14129476	1.0000001	-0.057134245	0.05779502	-0.07233133	0.13086738	-0.88055307
-0.20669284	0.11894672	-0.0846246	0.06768813	-0.05684374	0.15927812	-0.13521658	0.09341698	-0.08511552	0.059815872	-0.1728912	0.12637062	-0.090882584	0.08434167	-0.10404084	0.23370858	-0.23288992	0.100942776	-0.07342056	0.08307376	-0.70231324	0.1415801	-0.124509096	0.13376006	-0.057134245	1.0	-0.4661354	0.26656166	-0.14374179	0.06696717
0.12077674	-0.074347965	0.05508052	-0.04571685	0.039238185	-0.096973255	0.08091801	-0.06182042	0.058102287	-0.041565888	0.09141279	-0.07800395	0.063575804	-0.061039202	0.076097585	-0.13021244	0.1320362	-0.074677385	0.057063643	-0.0662701	0.24061309	-0.18004164	0.14381832	-0.20335232	0.05779502	-0.4661354	1.0000001	-0.7656327	0.1978358	-0.06857466
-0.15768576	0.092312895	-0.06886661	0.056799397	-0.049185757	0.11098918	-0.10215418	0.07614633	-0.07280566	0.051694397	-0.109575726	0.09560961	-0.07826946	0.07459244	-0.09585526	0.14238803	-0.16751194	0.08975915	-0.0698923	0.079750955	-0.28484866	0.17661111	-0.18084987	0.22103773	-0.07233133	0.26656166	-0.7656327	1.0000001	-0.34159747	0.0828097
0.103507884	-0.0682012	0.055555485	-0.048885792	0.044291083	-0.074945085	0.07183008	-0.062844016	0.06428844	-0.046973996	0.06637907	-0.07089954	0.07190778	-0.073696144	0.09644692	-0.088712394	0.111129396	-0.08883841	0.080026396	-0.09673007	0.13455814	-0.26411864	0.22638562	-0.8164242	0.13086738	-0.14374179	0.1978358	-0.34159747	1.0	-0.16840069
-0.11407147	0.08105452	-0.08109508	0.08078203	-0.08425407	0.06575544	-0.0798766	0.08927377	-0.114727564	0.087810874	-0.053512108	0.07679636	-0.112237774	0.1341285	-0.2300884	0.065072976	-0.09828493	0.12605202	-0.18899173	0.24176064	-0.068931	0.08440638	-0.07870956	0.13963832	-0.88055307	0.06696717	-0.06857466	0.0828097	-0.16840069	1.0
