1.0000001	-0.5038025	0.21150349	-0.18365504	0.14623985	-0.43869567	0.31724426	-0.23489279	0.1516736	-0.14571626	0.282572	-0.503947	0.2128607	-0.17634228	0.18699647	-0.23477285	0.18200138	-0.18308115	0.15810953	-0.13602701	0.08850417	-0.15018217	0.11550833	-0.10161499	0.11590092	-0.10185804	0.09740342	-0.090242684	0.10504608	-0.18672997
-0.5038025	1.0000002	-0.32886028	0.1839165	-0.13410617	0.21801287	-0.70935446	0.21540429	-0.1423244	0.12334758	-0.19553162	0.2585608	-0.148046	0.12728035	-0.13196158	0.12634291	-0.104797125	0.10979718	-0.107692316	0.08699843	-0.049452614	0.08681587	-0.06889808	0.06129383	-0.072646335	0.055906214	-0.05753066	0.052987296	-0.06373149	0.11207107
0.21150349	-0.32886028	1.0000002	-0.6673251	0.24816555	-0.12913124	0.23014858	-0.47552982	0.28674868	-0.254642	0.12712124	-0.20919295	0.19202995	-0.21139824	0.18260463	-0.13261203	0.1092474	-0.13581122	0.1505173	-0.11922126	0.053832896	-0.10293969	0.08281391	-0.07617716	0.09513775	-0.061465975	0.06774592	-0.06330276	0.07788442	-0.14788972
-0.18365504	0.1839165	-0.6673251	1.0000001	-0.40787503	0.10221954	-0.1882419	0.30987418	-0.4601498	0.27201393	-0.10760087	0.16297607	-0.18988875	0.20525166	-0.1897044	0.11268599	-0.095348544	0.12230276	-0.15302983	0.11193339	-0.04670593	0.0910917	-0.07493931	0.069500156	-0.08896789	0.052967034	-0.0610253	0.05674874	-0.07146941	0.13244592
0.14623985	-0.13410617	0.24816555	-0.40787503	0.99999976	-0.08891846	0.14061609	-0.32815453	0.29702663	-0.75985795	0.09593163	-0.16310634	0.18370758	-0.22190653	0.20249437	-0.12181846	0.10026876	-0.13283138	0.15300633	-0.12826392	0.050454028	-0.100399695	0.081166886	-0.076438755	0.09906257	-0.057769638	0.06604638	-0.06216116	0.077486284	-0.15806171
-0.43869567	0.21801287	-0.12913124	0.10221954	-0.08891846	0.9999996	-0.3229811	0.13619801	-0.09060438	0.083669215	-0.7725553	0.2813384	-0.1342042	0.10179722	-0.1142448	0.14590901	-0.116556466	0.10625251	-0.09463897	0.07768096	-0.054467756	0.08632912	-0.068248875	0.058966346	-0.06679039	0.059554037	-0.05811585	0.052660637	-0.06230372	0.10187026
0.31724426	-0.70935446	0.23014858	-0.1882419	0.14061609	-0.3229811	0.99999946	-0.28911865	0.15669903	-0.1375538	0.22712229	-0.3936969	0.17236692	-0.14808592	0.15091431	-0.15852074	0.13166611	-0.1330687	0.12527098	-0.10216229	0.060959853	-0.10572258	0.083293095	-0.07348838	0.08572434	-0.069121905	0.069636576	-0.06411846	0.076402545	-0.13282637
-0.23489279	0.21540429	-0.47552982	0.30987418	-0.32815453	0.13619801	-0.28911865	0.9999995	-0.5730617	0.2682576	-0.146118	0.21309006	-0.2981283	0.25923803	-0.25640267	0.14909454	-0.12797232	0.16538893	-0.20718306	0.14698482	-0.062268518	0.12145856	-0.10074279	0.092836514	-0.11835173	0.07029745	-0.08194231	0.07587892	-0.0960176	0.17188498
0.1516736	-0.1423244	0.28674868	-0.4601498	0.29702663	-0.09060438	0.15669903	-0.5730617	0.9999993	-0.45081186	0.09732946	-0.15619089	0.21283163	-0.37792438	0.21170843	-0.11758953	0.100099295	-0.13706422	0.18441138	-0.12852162	0.04910425	-0.09849239	0.08164811	-0.07636268	0.098686405	-0.055742927	0.06552664	-0.061317574	0.07766722	-0.14499992
-0.14571626	0.12334758	-0.254642	0.27201393	-0.75985795	0.083669215	-0.1375538	0.2682576	-0.45081186	0.99999946	-0.09243413	0.14591797	-0.19199762	0.2132386	-0.24680011	0.111480564	-0.09425657	0.12541291	-0.15970686	0.124631196	-0.0468287	0.09358506	-0.077301696	0.07296886	-0.09636425	0.053203136	-0.06282029	0.05864497	-0.07469895	0.14542125
0.282572	-0.19553162	0.12712124	-0.10760087	0.09593163	-0.7725553	0.22712229	-0.146118	0.09732946	-0.09243413	0.9999994	-0.4466993	0.16115455	-0.12028056	0.13516353	-0.2168134	0.15648322	-0.13762498	0.114931434	-0.095546246	0.073785625	-0.11303645	0.0878349	-0.07498777	0.082760274	-0.08156395	0.075075634	-0.0682039	0.07900162	-0.12726726
-0.503947	0.2585608	-0.20919295	0.16297607	-0.16310634	0.2813384	-0.3936969	0.21309006	-0.15619089	0.14591797	-0.4466993	0.99999917	-0.32538846	0.19792506	-0.24790956	0.25292256	-0.31362635	0.22071236	-0.1986565	0.15532167	-0.10329131	0.17557386	-0.14491622	0.121187806	-0.13634752	0.110499896	-0.12159044	0.10733155	-0.13195388	0.19315946
0.2128607	-0.148046	0.19202995	-0.18988875	0.18370758	-0.1342042	0.17236692	-0.2981283	0.21283163	-0.19199762	0.16115455	-0.32538846	0.9999992	-0.4604372	0.30168718	-0.32388163	0.25790566	-0.45751345	0.30351555	-0.25554848	0.12911004	-0.27547216	0.21564701	-0.18665896	0.20694	-0.15047188	0.16352107	-0.15879042	0.18259539	-0.33943918
-0.17634228	0.12728035	-0.21139824	0.20525166	-0.22190653	0.10179722	-0.14808592	0.25923803	-0.37792438	0.2132386	-0.12028056	0.19792506	-0.4604372	0.99999875	-0.44876787	0.18435997	-0.16620366	0.25009242	-0.5334135	0.24525253	-0.07957819	0.16746171	-0.14623487	0.13888201	-0.18574904	0.089544125	-0.11350142	0.10608727	-0.14057723	0.24399428
0.18699647	-0.13196158	0.18260463	-0.1897044	0.20249437	-0.1142448	0.15091431	-0.25640267	0.21170843	-0.24680011	0.13516353	-0.24790956	0.30168718	-0.44876787	0.9999989	-0.2416415	0.19393294	-0.2760502	0.30825487	-0.45302042	0.10278481	-0.21808451	0.17537545	-0.18091267	0.27386823	-0.11869874	0.14223626	-0.13669468	0.1762605	-0.48338157
-0.23477285	0.12634291	-0.13261203	0.11268599	-0.12181846	0.14590901	-0.15852074	0.14909454	-0.11758953	0.111480564	-0.2168134	0.25292256	-0.32388163	0.18435997	-0.2416415	0.9999988	-0.6691259	0.27781183	-0.22576268	0.161099	-0.31224212	0.232389	-0.19932044	0.15127161	-0.14909767	0.22172211	-0.18618947	0.14959244	-0.17482388	0.1875357
0.18200138	-0.104797125	0.1092474	-0.095348544	0.10026876	-0.116556466	0.13166611	-0.12797232	0.100099295	-0.09425657	0.15648322	-0.31362635	0.25790566	-0.16620366	0.19393294	-0.6691259	0.99999917	-0.46349692	0.20523153	-0.15025009	0.16988686	-0.3293503	0.2204464	-0.15325956	0.13461143	-0.18286508	0.165109	-0.14667681	0.16083398	-0.17393282
-0.18308115	0.10979718	-0.13581122	0.12230276	-0.13283138	0.10625251	-0.1330687	0.16538893	-0.13706422	0.12541291	-0.13762498	0.22071236	-0.45751345	0.25009242	-0.2760502	0.27781183	-0.46349692	0.99999875	-0.43577105	0.21962704	-0.12551938	0.28649646	-0.39901808	0.20897277	-0.19724071	0.13077687	-0.19340892	0.17499377	-0.22120742	0.23007512
0.15810953	-0.107692316	0.1505173	-0.15302983	0.15300633	-0.09463897	0.12527098	-0.20718306	0.18441138	-0.15970686	0.114931434	-0.1986565	0.30351555	-0.5334135	0.30825487	-0.22576268	0.20523153	-0.43577105	0.99999875	-0.46730435	0.09582936	-0.21964867	0.19465588	-0.20107095	0.2456123	-0.108201824	0.14040196	-0.1367868	0.17863663	-0.30951184
-0.13602701	0.08699843	-0.11922126	0.11193339	-0.12826392	0.07768096	-0.10216229	0.14698482	-0.12852162	0.124631196	-0.095546246	0.15532167	-0.25554848	0.24525253	-0.45302042	0.161099	-0.15025009	0.21962704	-0.46730435	0.99999845	-0.07661387	0.17031144	-0.16389334	0.19692174	-0.6167289	0.0846126	-0.12941577	0.120841816	-0.19742188	0.31772783
0.08850417	-0.049452614	0.053832896	-0.04670593	0.050454028	-0.054467756	0.060959853	-0.062268518	0.04910425	-0.0468287	0.073785625	-0.10329131	0.12911004	-0.07957819	0.10278481	-0.31224212	0.16988686	-0.12551938	0.09582936	-0.07661387	0.9999981	-0.15143858	0.11097142	-0.092582196	0.07342476	-0.89098144	0.16747712	-0.14245947	0.10242048	-0.09411023
-0.15018217	0.08681587	-0.10293969	0.0910917	-0.100399695	0.08632912	-0.10572258	0.12145856	-0.09849239	0.09358506	-0.11303645	0.17557386	-0.27547216	0.16746171	-0.21808451	0.232389	-0.3293503	0.28649646	-0.21964867	0.17031144	-0.15143858	0.9999981	-0.652815	0.26255155	-0.1794326	0.14926709	-0.3711867	0.26218563	-0.31588396	0.19857392
0.11550833	-0.06889808	0.08281391	-0.07493931	0.081166886	-0.068248875	0.083293095	-0.10074279	0.08164811	-0.077301696	0.0878349	-0.14491622	0.21564701	-0.14623487	0.17537545	-0.19932044	0.2204464	-0.39901808	0.19465588	-0.16389334	0.11097142	-0.652815	0.9999982	-0.4287285	0.17057258	-0.12051735	0.25070423	-0.31655127	0.28142732	-0.18993555
-0.10161499	0.06129383	-0.07617716	0.069500156	-0.076438755	0.058966346	-0.07348838	0.092836514	-0.07636268	0.07296886	-0.07498777	0.121187806	-0.18665896	0.13888201	-0.18091267	0.15127161	-0.15325956	0.20897277	-0.20107095	0.19692174	-0.092582196	0.26255155	-0.4287285	0.99999815	-0.31235918	0.09929327	-0.23455524	0.23604152	-0.725177	0.22369026
0.11590092	-0.072646335	0.09513775	-0.08896789	0.09906257	-0.06679039	0.08572434	-0.11835173	0.098686405	-0.09636425	0.082760274	-0.13634752	0.20694	-0.18574904	0.27386823	-0.14909767	0.13461143	-0.19724071	0.2456123	-0.6167289	0.07342476	-0.1794326	0.17057258	-0.31235918	0.99999815	-0.081718944	0.13223971	-0.1309646	0.21675445	-0.59853137
-0.10185804	0.055906214	-0.061465975	0.052967034	-0.057769638	0.059554037	-0.069121905	0.07029745	-0.055742927	0.053203136	-0.08156395	0.110499896	-0.15047188	0.089544125	-0.11869874	0.22172211	-0.18286508	0.13077687	-0.108201824	0.0846126	-0.89098144	0.14926709	-0.12051735	0.09929327	-0.081718944	0.99999774	-0.23181136	0.1496671	-0.1167873	0.10227093
0.09740342	-0.05753066	0.06774592	-0.0610253	0.06604638	-0.05811585	0.069636576	-0.08194231	0.06552664	-0.06282029	0.075075634	-0.12159044	0.16352107	-0.11350142	0.14223626	-0.18618947	0.165109	-0.19340892	0.14040196	-0.12941577	0.16747712	-0.3711867	0.25070423	-0.23455524	0.13223971	-0.23181136	0.99999756	-0.78158075	0.24868439	-0.16712947
-0.090242684	0.052987296	-0.06330276	0.05674874	-0.06216116	0.052660637	-0.06411846	0.07587892	-0.061317574	0.05864497	-0.0682039	0.10733155	-0.15879042	0.10608727	-0.13669468	0.14959244	-0.14667681	0.17499377	-0.1367868	0.120841816	-0.14245947	0.26218563	-0.31655127	0.23604152	-0.1309646	0.1496671	-0.78158075	0.99999756	-0.39294097	0.14913483
0.10504608	-0.06373149	0.07788442	-0.07146941	0.077486284	-0.06230372	0.076402545	-0.0960176	0.07766722	-0.07469895	0.07900162	-0.13195388	0.18259539	-0.14057723	0.1762605	-0.17482388	0.16083398	-0.22120742	0.17863663	-0.19742188	0.10242048	-0.31588396	0.28142732	-0.725177	0.21675445	-0.1167873	0.24868439	-0.39294097	0.9999977	-0.25610194
-0.18672997	0.11207107	-0.14788972	0.13244592	-0.15806171	0.10187026	-0.13282637	0.17188498	-0.14499992	0.14542125	-0.12726726	0.19315946	-0.33943918	0.24399428	-0.48338157	0.1875357	-0.17393282	0.23007512	-0.30951184	0.31772783	-0.09411023	0.19857392	-0.18993555	0.22369026	-0.59853137	0.10227093	-0.16712947	0.14913483	-0.25610194	0.9999977
