1.0	-0.8517514	0.075519584	-0.059136126	0.053301893	-0.41652772	0.27968714	-0.05845944	0.053766537	-0.048164148	0.10361748	-0.124984056	0.061305575	-0.045753263	0.04820802	-0.06616349	0.071414635	-0.067260794	0.039147496	-0.039518252	0.06808436	-0.059519578	0.051133726	-0.03644568	0.03281876	-0.048344556	0.04527651	-0.049436353	0.045680422	-0.05749748
-0.8517514	1.0000001	-0.0881366	0.06258412	-0.057037998	0.28205758	-0.40843785	0.06106756	-0.0573672	0.04990452	-0.109073125	0.124655694	-0.06411922	0.04716466	-0.05041764	0.06629824	-0.075629815	0.0669115	-0.039683104	0.03944935	-0.07186857	0.060169835	-0.05192867	0.036491524	-0.032943066	0.048556637	-0.04654903	0.049338907	-0.045994677	0.056287516
0.075519584	-0.0881366	1.0000005	-0.82912475	0.2654581	-0.06362254	0.06345624	-0.2374302	0.2179113	-0.27173147	0.06903393	-0.08797978	0.16603592	-0.17322838	0.16423336	-0.06094106	0.075774305	-0.194745	0.101048715	-0.11696316	0.06863879	-0.076680705	0.1066985	-0.09459926	0.08771135	-0.0747432	0.067971036	-0.108207285	0.10273261	-0.15409063
-0.059136126	0.06258412	-0.82912475	1.0000002	-0.40055946	0.047281172	-0.04826525	0.18305364	-0.24463385	0.23427388	-0.05165504	0.06478694	-0.13778237	0.14534453	-0.14950892	0.044551466	-0.056054585	0.13944946	-0.07718924	0.08689675	-0.05063569	0.055832922	-0.07834214	0.06974737	-0.06568158	0.05357695	-0.049322646	0.07733228	-0.07493409	0.108113915
0.053301893	-0.057037998	0.2654581	-0.40055946	1.0000004	-0.05744615	0.055409264	-0.2415728	0.24832806	-0.7292995	0.07386723	-0.09431037	0.19027686	-0.23524955	0.24078856	-0.06661156	0.08362736	-0.2219977	0.12080217	-0.14414704	0.07545651	-0.08541207	0.12151368	-0.11163703	0.10514696	-0.083599955	0.07614937	-0.12282624	0.11773803	-0.17615676
-0.41652772	0.28205758	-0.06362254	0.047281172	-0.05744615	1.0	-0.8080717	0.07230101	-0.06601368	0.04943325	-0.20909831	0.20042594	-0.08107148	0.053690616	-0.057925858	0.10812231	-0.11725275	0.08054129	-0.04847892	0.046240732	-0.114244655	0.08877134	-0.06866714	0.044584807	-0.039731994	0.06901134	-0.066878185	0.063991755	-0.05834463	0.0669224
0.27968714	-0.40843785	0.06345624	-0.04826525	0.055409264	-0.8080717	0.99999994	-0.07854094	0.06579956	-0.048974432	0.17291047	-0.26065242	0.080463134	-0.053353142	0.055874437	-0.100591935	0.11062593	-0.07982867	0.046278536	-0.04483156	0.101188004	-0.08623055	0.06539761	-0.042929918	0.038155567	-0.06507953	0.061794028	-0.061497405	0.055307828	-0.06506243
-0.05845944	0.06106756	-0.2374302	0.18305364	-0.2415728	0.07230101	-0.07854094	0.99999994	-0.68507165	0.22412232	-0.0888022	0.11072765	-0.52132297	0.26236108	-0.24838342	0.071307905	-0.093971334	0.23620762	-0.12435827	0.12488221	-0.082660064	0.0894067	-0.1331214	0.10543596	-0.09862772	0.080846235	-0.077191785	0.11706185	-0.11581437	0.14654675
0.053766537	-0.0573672	0.2179113	-0.24463385	0.24832806	-0.06601368	0.06579956	-0.68507165	1.0	-0.3538779	0.081680015	-0.10518401	0.28913677	-0.396741	0.2613458	-0.070511036	0.09014414	-0.24995552	0.12829039	-0.1408464	0.08028798	-0.09008532	0.13081706	-0.11397885	0.1057125	-0.08501804	0.07878097	-0.12542748	0.11945744	-0.16674663
-0.048164148	0.04990452	-0.27173147	0.23427388	-0.7292995	0.04943325	-0.048974432	0.22412232	-0.3538779	0.99999976	-0.064201154	0.08003836	-0.19857539	0.24582128	-0.394804	0.055694584	-0.07143943	0.17889729	-0.112054735	0.12773967	-0.064074434	0.07102162	-0.10291725	0.09625153	-0.09523769	0.06759749	-0.06296231	0.09897284	-0.099014305	0.13755986
0.10361748	-0.109073125	0.06903393	-0.05165504	0.07386723	-0.20909831	0.17291047	-0.0888022	0.081680015	-0.064201154	0.9999996	-0.6755269	0.12746684	-0.079447486	0.083591856	-0.5352115	0.24956791	-0.14717746	0.08339574	-0.079757474	0.27317283	-0.22555898	0.13507889	-0.08108032	0.06983139	-0.17093769	0.14393198	-0.13247493	0.10866015	-0.12580396
-0.124984056	0.124655694	-0.08797978	0.06478694	-0.09431037	0.20042594	-0.26065242	0.11072765	-0.10518401	0.08003836	-0.6755269	0.9999996	-0.1830092	0.0991102	-0.106735274	0.28088602	-0.41887113	0.16759059	-0.09851799	0.09047712	-0.30888623	0.24106953	-0.15966487	0.09197992	-0.08009791	0.16678536	-0.16697174	0.14337784	-0.12477694	0.13425794
0.061305575	-0.06411922	0.16603592	-0.13778237	0.19027686	-0.08107148	0.080463134	-0.52132297	0.28913677	-0.19857539	0.12746684	-0.1830092	0.9999996	-0.39945534	0.25619164	-0.10570747	0.13850231	-0.5392821	0.1656745	-0.17092894	0.11985931	-0.13703014	0.20786195	-0.15100098	0.13327698	-0.123096846	0.11555586	-0.1870072	0.16496578	-0.21718363
-0.045753263	0.04716466	-0.17322838	0.14534453	-0.23524955	0.053690616	-0.053353142	0.26236108	-0.396741	0.24582128	-0.079447486	0.0991102	-0.39945534	0.9999997	-0.7104864	0.067047	-0.08846455	0.22769569	-0.17538857	0.17116818	-0.078070305	0.08660206	-0.13181919	0.13109986	-0.1291429	0.08005801	-0.07608419	0.119420305	-0.12312402	0.15922505
0.04820802	-0.05041764	0.16423336	-0.14950892	0.24078856	-0.057925858	0.055874437	-0.24838342	0.2613458	-0.394804	0.083591856	-0.106735274	0.25619164	-0.7104864	0.9999997	-0.07485351	0.096052125	-0.26342577	0.17614068	-0.25227168	0.08580182	-0.09779919	0.14485617	-0.15194672	0.1550834	-0.09393669	0.086986676	-0.14166372	0.1413064	-0.2023019
-0.06616349	0.06629824	-0.06094106	0.044551466	-0.06661156	0.10812231	-0.100591935	0.071307905	-0.070511036	0.055694584	-0.5352115	0.28088602	-0.10570747	0.067047	-0.07485351	0.9999998	-0.32326132	0.12820527	-0.07894608	0.071705095	-0.6719038	0.24145839	-0.14026956	0.07596595	-0.065002546	0.19756295	-0.18412612	0.13171399	-0.10886563	0.11244751
0.071414635	-0.075629815	0.075774305	-0.056054585	0.08362736	-0.11725275	0.11062593	-0.093971334	0.09014414	-0.07143943	0.24956791	-0.41887113	0.13850231	-0.08846455	0.096052125	-0.32326132	0.9999999	-0.20226617	0.107723564	-0.099872105	0.27312177	-0.7088323	0.21493706	-0.11003278	0.08995499	-0.2239957	0.20193197	-0.1967432	0.14468707	-0.16137771
-0.067260794	0.0669115	-0.194745	0.13944946	-0.2219977	0.08054129	-0.07982867	0.23620762	-0.24995552	0.17889729	-0.14717746	0.16759059	-0.5392821	0.22769569	-0.26342577	0.12820527	-0.20226617	0.9999999	-0.24882315	0.18789662	-0.16028619	0.19158217	-0.48851898	0.19867928	-0.16909249	0.1543378	-0.16287848	0.25186712	-0.24840504	0.2340817
0.039147496	-0.039683104	0.101048715	-0.07718924	0.12080217	-0.04847892	0.046278536	-0.12435827	0.12829039	-0.112054735	0.08339574	-0.09851799	0.1656745	-0.17538857	0.17614068	-0.07894608	0.107723564	-0.24882315	0.99999964	-0.51727545	0.095027246	-0.11516422	0.20045081	-0.68459547	0.31724516	-0.10834162	0.10457301	-0.18472414	0.21563298	-0.28788963
-0.039518252	0.03944935	-0.11696316	0.08689675	-0.14414704	0.046240732	-0.04483156	0.12488221	-0.1408464	0.12773967	-0.079757474	0.09047712	-0.17092894	0.17116818	-0.25227168	0.071705095	-0.099872105	0.18789662	-0.51727545	0.99999964	-0.08869612	0.09961785	-0.17039937	0.31451714	-0.67863196	0.09269977	-0.09354688	0.15163557	-0.22066447	0.25342536
0.06808436	-0.07186857	0.06863879	-0.05063569	0.07545651	-0.114244655	0.101188004	-0.082660064	0.08028798	-0.064074434	0.27317283	-0.30888623	0.11985931	-0.078070305	0.08580182	-0.6719038	0.27312177	-0.16028619	0.095027246	-0.08869612	0.9999997	-0.38286975	0.17399201	-0.09487492	0.0799207	-0.37028977	0.23422791	-0.17745614	0.13369782	-0.14566
-0.059519578	0.060169835	-0.076680705	0.055832922	-0.08541207	0.08877134	-0.08623055	0.0894067	-0.09008532	0.07102162	-0.22555898	0.24106953	-0.13703014	0.08660206	-0.09779919	0.24145839	-0.7088323	0.19158217	-0.11516422	0.09961785	-0.38286975	0.99999964	-0.33110377	0.115431756	-0.09370688	0.23266603	-0.29350376	0.2134622	-0.15979828	0.15620343
0.051133726	-0.05192867	0.1066985	-0.07834214	0.12151368	-0.06866714	0.06539761	-0.1331214	0.13081706	-0.10291725	0.13507889	-0.15966487	0.20786195	-0.13181919	0.14485617	-0.14026956	0.21493706	-0.48851898	0.20045081	-0.17039937	0.17399201	-0.33110377	0.9999997	-0.25838488	0.16458538	-0.21158612	0.212928	-0.59483176	0.26457414	-0.2732693
-0.03644568	0.036491524	-0.09459926	0.06974737	-0.11163703	0.044584807	-0.042929918	0.10543596	-0.11397885	0.09625153	-0.08108032	0.09197992	-0.15100098	0.13109986	-0.15194672	0.07596595	-0.11003278	0.19867928	-0.68459547	0.31451714	-0.09487492	0.115431756	-0.25838488	0.9999998	-0.5173651	0.10349504	-0.105925	0.18728311	-0.27399603	0.25782982
0.03281876	-0.032943066	0.08771135	-0.06568158	0.10514696	-0.039731994	0.038155567	-0.09862772	0.1057125	-0.09523769	0.06983139	-0.08009791	0.13327698	-0.1291429	0.1550834	-0.065002546	0.08995499	-0.16909249	0.31724516	-0.67863196	0.0799207	-0.09370688	0.16458538	-0.5173651	0.9999995	-0.088669494	0.088179275	-0.15440275	0.21842667	-0.37771446
-0.048344556	0.048556637	-0.0747432	0.05357695	-0.083599955	0.06901134	-0.06507953	0.080846235	-0.08501804	0.06759749	-0.17093769	0.16678536	-0.123096846	0.08005801	-0.09393669	0.19756295	-0.2239957	0.1543378	-0.10834162	0.09269977	-0.37028977	0.23266603	-0.21158612	0.10349504	-0.088669494	0.9999994	-0.7946081	0.23057523	-0.18438233	0.14886166
0.04527651	-0.04654903	0.067971036	-0.049322646	0.07614937	-0.066878185	0.061794028	-0.077191785	0.07878097	-0.06296231	0.14393198	-0.16697174	0.11555586	-0.07608419	0.086986676	-0.18412612	0.20193197	-0.16287848	0.10457301	-0.09354688	0.23422791	-0.29350376	0.212928	-0.105925	0.088179275	-0.7946081	0.99999917	-0.35553357	0.17983483	-0.16203876
-0.049436353	0.049338907	-0.108207285	0.07733228	-0.12282624	0.063991755	-0.061497405	0.11706185	-0.12542748	0.09897284	-0.13247493	0.14337784	-0.1870072	0.119420305	-0.14166372	0.13171399	-0.1967432	0.25186712	-0.18472414	0.15163557	-0.17745614	0.2134622	-0.59483176	0.18728311	-0.15440275	0.23057523	-0.35553357	0.9999991	-0.5097089	0.2659089
0.045680422	-0.045994677	0.10273261	-0.07493409	0.11773803	-0.05834463	0.055307828	-0.11581437	0.11945744	-0.099014305	0.10866015	-0.12477694	0.16496578	-0.12312402	0.1413064	-0.10886563	0.14468707	-0.24840504	0.21563298	-0.22066447	0.13369782	-0.15979828	0.26457414	-0.27399603	0.21842667	-0.18438233	0.17983483	-0.5097089	0.9999991	-0.6648776
-0.05749748	0.056287516	-0.15409063	0.108113915	-0.17615676	0.0669224	-0.06506243	0.14654675	-0.16674663	0.13755986	-0.12580396	0.13425794	-0.21718363	0.15922505	-0.2023019	0.11244751	-0.16137771	0.2340817	-0.28788963	0.25342536	-0.14566	0.15620343	-0.2732693	0.25782982	-0.37771446	0.14886166	-0.16203876	0.2659089	-0.6648776	0.9999991
