1.0000001	-0.1353847	0.06748373	-0.061985847	0.07267265	-0.9731353	0.09966967	-0.07384491	0.06128935	-0.055768076	0.099155664	-0.07793763	0.06400495	-0.05736207	0.06547256	-0.08340499	0.06580897	-0.051225297	0.05454776	-0.04795685	0.046737794	-0.05104702	0.04192102	-0.037792668	0.03696651	-0.039145533	0.04149237	-0.048443265	0.036186527	-0.0589752
-0.1353847	0.99999976	-0.4961987	0.28120595	-0.30619663	0.118380934	-0.59855455	0.28759015	-0.27299654	0.21203482	-0.18381406	0.18903416	-0.23037642	0.1987971	-0.23541889	0.15459919	-0.17765065	0.14436942	-0.16434222	0.14386666	-0.108914554	0.1241743	-0.11448034	0.1081103	-0.11018261	0.087164536	-0.105555	0.12785594	-0.1034122	0.16629481
0.06748373	-0.4961987	0.99999994	-0.7409436	0.22249384	-0.06780596	0.23651052	-0.25355184	0.2401315	-0.19268519	0.11140541	-0.119702354	0.16292591	-0.16883628	0.17004038	-0.10675879	0.112927265	-0.103478506	0.11490595	-0.11340811	0.074576706	-0.09117576	0.08280678	-0.08267299	0.0833239	-0.062037777	0.07385627	-0.096953295	0.07804818	-0.13522714
-0.061985847	0.28120595	-0.7409436	0.99999976	-0.3267148	0.06044482	-0.24539873	0.23572761	-0.39249998	0.22533736	-0.121990755	0.12664987	-0.19084446	0.18835029	-0.20604925	0.113250904	-0.1243347	0.11292946	-0.1293935	0.1236541	-0.08114045	0.0975766	-0.09027168	0.089645796	-0.09175167	0.06653581	-0.0805361	0.103818744	-0.08491817	0.14364673
0.07267265	-0.30619663	0.22249384	-0.3267148	0.99999964	-0.07563139	0.22350854	-0.28022912	0.2882051	-0.63124096	0.15922144	-0.16782054	0.22110401	-0.24455665	0.304684	-0.17665042	0.17062426	-0.17440727	0.1930344	-0.24873665	0.12929335	-0.17412063	0.15413429	-0.17118472	0.17170256	-0.11272516	0.13359937	-0.19505893	0.16034225	-0.31934604
-0.9731353	0.118380934	-0.06780596	0.06044482	-0.07563139	0.99999964	-0.10641142	0.073527895	-0.06264982	0.05634861	-0.112132415	0.078713715	-0.06595127	0.05781847	-0.06736421	0.08159527	-0.06781111	0.051621947	-0.05566368	0.047809128	-0.04724811	0.05036275	-0.042034898	0.037679635	-0.037073426	0.038625933	-0.041776974	0.04788838	-0.036156468	0.058029376
0.09966967	-0.59855455	0.23651052	-0.24539873	0.22350854	-0.10641142	0.99999976	-0.57671636	0.25351298	-0.20447402	0.18480645	-0.27355865	0.22792937	-0.2100226	0.20041828	-0.16683748	0.18159889	-0.14976043	0.15475528	-0.14013411	0.104244515	-0.12395442	0.111030586	-0.10565695	0.10415917	-0.08643888	0.099538125	-0.1275812	0.099343784	-0.16552632
-0.07384491	0.28759015	-0.25355184	0.23572761	-0.28022912	0.073527895	-0.57671636	1.0000001	-0.51305354	0.24355601	-0.17103921	0.19303875	-0.36934596	0.26493266	-0.24874899	0.15016858	-0.17439859	0.15473025	-0.16969265	0.14751203	-0.10187438	0.12098724	-0.11396947	0.10911575	-0.110251665	0.08304997	-0.09926202	0.12766297	-0.102821134	0.16720001
0.06128935	-0.27299654	0.2401315	-0.39249998	0.2882051	-0.06264982	0.25351298	-0.51305354	1.0000001	-0.47537544	0.13673213	-0.15354033	0.26842535	-0.41207653	0.2605527	-0.13408011	0.14406222	-0.14280942	0.1583703	-0.15498382	0.092672296	-0.11555945	0.10748239	-0.10948133	0.11080669	-0.07743897	0.092368186	-0.1252891	0.10179292	-0.17456977
-0.055768076	0.21203482	-0.19268519	0.22533736	-0.63124096	0.05634861	-0.20447402	0.24355601	-0.47537544	1.0000004	-0.13214165	0.1382684	-0.22290936	0.23959312	-0.46593758	0.13299395	-0.14073403	0.1386622	-0.16091488	0.18695563	-0.097471945	0.123111166	-0.114563316	0.12276168	-0.1321666	0.081605814	-0.09914279	0.1357471	-0.11505868	0.20360845
0.099155664	-0.18381406	0.11140541	-0.121990755	0.15922144	-0.112132415	0.18480645	-0.17103921	0.13673213	-0.13214165	0.99999994	-0.60747546	0.19892846	-0.1739707	0.17069198	-0.60002184	0.30155507	-0.19937563	0.18573315	-0.14452544	0.19788508	-0.19292735	0.14601637	-0.12110706	0.11249192	-0.16657893	0.15109079	-0.1663048	0.11464279	-0.17695111
-0.07793763	0.18903416	-0.119702354	0.12664987	-0.16782054	0.078713715	-0.27355865	0.19303875	-0.15354033	0.1382684	-0.60747546	1.0	-0.29772052	0.19524522	-0.18356565	0.29835021	-0.5492594	0.22643775	-0.21811417	0.1425348	-0.15469037	0.16144167	-0.14564812	0.11913515	-0.111882284	0.12031397	-0.13172776	0.1516168	-0.11224158	0.16410448
0.06400495	-0.23037642	0.16292591	-0.19084446	0.22110401	-0.06595127	0.22792937	-0.36934596	0.26842535	-0.22290936	0.19892846	-0.29772052	0.9999997	-0.685169	0.2614776	-0.1983914	0.22195154	-0.2799125	0.23273866	-0.19226168	0.12426123	-0.15780191	0.15214902	-0.14466451	0.1379539	-0.104500465	0.121852495	-0.17214686	0.13180321	-0.21550898
-0.05736207	0.1987971	-0.16883628	0.18835029	-0.24455665	0.05781847	-0.2100226	0.26493266	-0.41207653	0.23959312	-0.1739707	0.19524522	-0.685169	0.9999995	-0.38525075	0.16145533	-0.1922782	0.20393446	-0.25561756	0.18423557	-0.110303156	0.13603127	-0.13566197	0.13400045	-0.13428853	0.09055981	-0.10949503	0.14937958	-0.12304032	0.19359647
0.06547256	-0.23541889	0.17004038	-0.20604925	0.304684	-0.06736421	0.20041828	-0.24874899	0.2605527	-0.46593758	0.17069198	-0.18356565	0.2614776	-0.38525075	0.9999992	-0.19261712	0.18995555	-0.20898782	0.23665991	-0.43561485	0.14151962	-0.19158472	0.17775078	-0.2182701	0.23858477	-0.12231195	0.14795488	-0.222389	0.19570999	-0.37736136
-0.08340499	0.15459919	-0.10675879	0.113250904	-0.17665042	0.08159527	-0.16683748	0.15016858	-0.13408011	0.13299395	-0.60002184	0.29835021	-0.1983914	0.16145533	-0.19261712	0.9999993	-0.4552566	0.21930906	-0.23513323	0.15182349	-0.39839935	0.21602629	-0.17191544	0.13191217	-0.12454981	0.21223697	-0.20876484	0.1778517	-0.12796538	0.17917438
0.06580897	-0.17765065	0.112927265	-0.1243347	0.17062426	-0.06781111	0.18159889	-0.17439859	0.14406222	-0.14073403	0.30155507	-0.5492594	0.22195154	-0.1922782	0.18995555	-0.4552566	0.99999934	-0.46865705	0.26550192	-0.1758848	0.18804517	-0.23202774	0.1939527	-0.1532136	0.13573322	-0.15633442	0.164667	-0.20520484	0.1395795	-0.20291665
-0.051225297	0.14436942	-0.103478506	0.11292946	-0.17440727	0.051621947	-0.14976043	0.15473025	-0.14280942	0.1386622	-0.19937563	0.22643775	-0.2799125	0.20393446	-0.20898782	0.21930906	-0.46865705	0.99999946	-0.65634906	0.19741212	-0.14933614	0.19931144	-0.32227057	0.1901844	-0.16389044	0.11900696	-0.15304229	0.23329177	-0.1726876	0.20498921
0.05454776	-0.16434222	0.11490595	-0.1293935	0.1930344	-0.05566368	0.15475528	-0.16969265	0.1583703	-0.16091488	0.18573315	-0.21811417	0.23273866	-0.25561756	0.23665991	-0.23513323	0.26550192	-0.65634906	0.99999934	-0.3255197	0.15362632	-0.21726479	0.23998788	-0.3171582	0.22294262	-0.13067144	0.15963106	-0.27225813	0.21885207	-0.28319323
-0.04795685	0.14386666	-0.11340811	0.1236541	-0.24873665	0.047809128	-0.14013411	0.14751203	-0.15498382	0.18695563	-0.14452544	0.1425348	-0.19226168	0.18423557	-0.43561485	0.15182349	-0.1758848	0.19741212	-0.3255197	0.99999946	-0.12779824	0.15820843	-0.17892209	0.26275507	-0.66507906	0.10201804	-0.13878837	0.19271636	-0.24423867	0.29235163
0.046737794	-0.108914554	0.074576706	-0.08114045	0.12929335	-0.04724811	0.104244515	-0.10187438	0.092672296	-0.097471945	0.19788508	-0.15469037	0.12426123	-0.110303156	0.14151962	-0.39839935	0.18804517	-0.14933614	0.15362632	-0.12779824	0.99999934	-0.36997613	0.17600176	-0.118803576	0.106435046	-0.7050896	0.3003886	-0.2087561	0.11751339	-0.17339778
-0.05104702	0.1241743	-0.09117576	0.0975766	-0.17412063	0.05036275	-0.12395442	0.12098724	-0.11555945	0.123111166	-0.19292735	0.16144167	-0.15780191	0.13603127	-0.19158472	0.21602629	-0.23202774	0.19931144	-0.21726479	0.15820843	-0.36997613	0.9999994	-0.44899073	0.15891793	-0.14258519	0.27140272	-0.62261087	0.27884376	-0.16435942	0.19959109
0.04192102	-0.11448034	0.08280678	-0.09027168	0.15413429	-0.042034898	0.111030586	-0.11396947	0.10748239	-0.114563316	0.14601637	-0.14564812	0.15214902	-0.13566197	0.17775078	-0.17191544	0.1939527	-0.32227057	0.23998788	-0.17892209	0.17600176	-0.44899073	0.99999946	-0.2411979	0.16489929	-0.1462362	0.23080964	-0.70103395	0.22185072	-0.23359571
-0.037792668	0.1081103	-0.08267299	0.089645796	-0.17118472	0.037679635	-0.10565695	0.10911575	-0.10948133	0.12276168	-0.12110706	0.11913515	-0.14466451	0.13400045	-0.2182701	0.13191217	-0.1532136	0.1901844	-0.3171582	0.26275507	-0.118803576	0.15891793	-0.2411979	0.99999905	-0.47511518	0.09435254	-0.13726754	0.23939595	-0.67174083	0.30736136
0.03696651	-0.11018261	0.0833239	-0.09175167	0.17170256	-0.037073426	0.10415917	-0.110251665	0.11080669	-0.1321666	0.11249192	-0.111882284	0.1379539	-0.13428853	0.23858477	-0.12454981	0.13573322	-0.16389044	0.22294262	-0.66507906	0.106435046	-0.14258519	0.16489929	-0.47511518	0.9999991	-0.086612925	0.11896231	-0.19606538	0.2713555	-0.43482175
-0.039145533	0.087164536	-0.062037777	0.06653581	-0.11272516	0.038625933	-0.08643888	0.08304997	-0.07743897	0.081605814	-0.16657893	0.12031397	-0.104500465	0.09055981	-0.12231195	0.21223697	-0.15633442	0.11900696	-0.13067144	0.10201804	-0.7050896	0.27140272	-0.1462362	0.09435254	-0.086612925	0.9999991	-0.5684658	0.15932082	-0.09477755	0.13317268
0.04149237	-0.105555	0.07385627	-0.0805361	0.13359937	-0.041776974	0.099538125	-0.09926202	0.092368186	-0.09914279	0.15109079	-0.13172776	0.121852495	-0.10949503	0.14795488	-0.20876484	0.164667	-0.15304229	0.15963106	-0.13878837	0.3003886	-0.62261087	0.23080964	-0.13726754	0.11896231	-0.5684658	0.99999917	-0.28153747	0.13815583	-0.19639324
-0.048443265	0.12785594	-0.096953295	0.103818744	-0.19505893	0.04788838	-0.1275812	0.12766297	-0.1252891	0.1357471	-0.1663048	0.1516168	-0.17214686	0.14937958	-0.222389	0.1778517	-0.20520484	0.23329177	-0.27225813	0.19271636	-0.2087561	0.27884376	-0.70103395	0.23939595	-0.19606538	0.15932082	-0.28153747	0.99999917	-0.35639453	0.2500278
0.036186527	-0.1034122	0.07804818	-0.08491817	0.16034225	-0.036156468	0.099343784	-0.102821134	0.10179292	-0.11505868	0.11464279	-0.11224158	0.13180321	-0.12304032	0.19570999	-0.12796538	0.1395795	-0.1726876	0.21885207	-0.24423867	0.11751339	-0.16435942	0.22185072	-0.67174083	0.2713555	-0.09477755	0.13815583	-0.35639453	0.9999992	-0.5153634
-0.0589752	0.16629481	-0.13522714	0.14364673	-0.31934604	0.058029376	-0.16552632	0.16720001	-0.17456977	0.20360845	-0.17695111	0.16410448	-0.21550898	0.19359647	-0.37736136	0.17917438	-0.20291665	0.20498921	-0.28319323	0.29235163	-0.17339778	0.19959109	-0.23359571	0.30736136	-0.43482175	0.13317268	-0.19639324	0.2500278	-0.5153634	0.9999992
