1.0000001	-0.8005584	0.1737527	-0.07971327	0.06917267	-0.47271663	0.25630248	-0.14065559	0.07102221	-0.06937868	0.1680088	-0.14634693	0.13124594	-0.07773818	0.07649086	-0.0953368	0.08133169	-0.11587296	0.063747644	-0.073008604	0.060538296	-0.0694913	0.06237982	-0.050579265	0.05815924	-0.061071448	0.063039914	-0.081372835	0.017338581	-0.018688962
-0.8005584	1.0000001	-0.26398554	0.090489246	-0.08180042	0.29377896	-0.362492	0.16299286	-0.082593836	0.077848494	-0.20279549	0.1667267	-0.15956178	0.08756389	-0.0880795	0.10318687	-0.090537935	0.12494454	-0.07013554	0.07831069	-0.06630509	0.07512682	-0.0679019	0.05503445	-0.06402784	0.06573428	-0.06906844	0.08671442	-0.018647801	0.020040259
0.1737527	-0.26398554	0.9999998	-0.26065445	0.18252458	-0.19869854	0.1812962	-0.7330875	0.199998	-0.18063627	0.15329143	-0.14683063	0.28598264	-0.21224327	0.17460246	-0.17086399	0.14296606	-0.25139987	0.1251519	-0.14750712	0.10755397	-0.1303576	0.11817434	-0.09883053	0.11054661	-0.11302237	0.11306345	-0.15801147	0.03328654	-0.036058564
-0.07971327	0.090489246	-0.26065445	0.9999999	-0.8306202	0.095580466	-0.09398438	0.17573382	-0.2561219	0.26308364	-0.0875799	0.07657924	-0.16937433	0.20093867	-0.28637955	0.09084628	-0.08028937	0.12695684	-0.10344935	0.120714664	-0.06265037	0.07525669	-0.07229792	0.07318092	-0.09452845	0.063955165	-0.068712294	0.09157674	-0.021380018	0.022846153
0.06917267	-0.08180042	0.18252458	-0.8306202	0.99999976	-0.09189142	0.08461936	-0.16083047	0.21106344	-0.3902038	0.080186635	-0.07165412	0.14707397	-0.20844176	0.24155806	-0.09098619	0.077860415	-0.12622212	0.09549631	-0.119575806	0.061453152	-0.07466856	0.07056303	-0.06988137	0.08636776	-0.06400668	0.06696331	-0.092538014	0.021016624	-0.022595953
-0.47271663	0.29377896	-0.19869854	0.095580466	-0.09189142	0.9999998	-0.63214505	0.15452194	-0.09151878	0.08863962	-0.40638784	0.2763239	-0.19791771	0.09869258	-0.10699511	0.14486794	-0.12934048	0.15638904	-0.091694474	0.09851458	-0.093444414	0.10162906	-0.09141449	0.0720327	-0.08508434	0.08944548	-0.09644005	0.11356003	-0.024624027	0.0263403
0.25630248	-0.362492	0.1812962	-0.09398438	0.08461936	-0.63214505	1.0	-0.17675611	0.09037914	-0.08782285	0.3051394	-0.513281	0.1891629	-0.100552134	0.09946647	-0.15743798	0.13491108	-0.17359881	0.09107596	-0.10186305	0.095745206	-0.10849169	0.095018424	-0.07359947	0.083139814	-0.09581964	0.09737823	-0.123745404	0.025973521	-0.028015064
-0.14065559	0.16299286	-0.7330875	0.17573382	-0.16083047	0.15452194	-0.17675611	1.0000001	-0.2650315	0.16229054	-0.13916129	0.13283204	-0.47229463	0.20707746	-0.16990013	0.13622509	-0.12485735	0.21155404	-0.10962373	0.120756984	-0.08824303	0.10525934	-0.09827402	0.08297293	-0.0951187	0.089355126	-0.09304508	0.123302996	-0.026641814	0.028648745
0.07102221	-0.082593836	0.199998	-0.2561219	0.21106344	-0.09151878	0.09037914	-0.2650315	1.0000005	-0.45200288	0.08524564	-0.07828542	0.1989605	-0.7422257	0.29706883	-0.09504635	0.084201545	-0.14148204	0.11533646	-0.13222711	0.06394342	-0.07824955	0.07535213	-0.08060685	0.09537343	-0.06555947	0.06953371	-0.09495266	0.02209787	-0.02366936
-0.06937868	0.077848494	-0.18063627	0.26308364	-0.3902038	0.08863962	-0.08782285	0.16229054	-0.45200288	1.0000006	-0.08487257	0.07422463	-0.17323847	0.29561007	-0.6888121	0.09178626	-0.082015835	0.13005057	-0.13172996	0.16071586	-0.064326875	0.07852931	-0.0774612	0.088502444	-0.12028275	0.06553004	-0.07153666	0.096016124	-0.023706466	0.025203476
0.1680088	-0.20279549	0.15329143	-0.0875799	0.080186635	-0.40638784	0.3051394	-0.13916129	0.08524564	-0.08487257	1.0000006	-0.73757374	0.20320328	-0.097456045	0.09902279	-0.26474696	0.18715055	-0.2111714	0.1033107	-0.11242968	0.1317798	-0.1407981	0.11762354	-0.08525437	0.09414137	-0.1280905	0.124129444	-0.15148498	0.031007854	-0.03343436
-0.14634693	0.1667267	-0.14683063	0.07657924	-0.07165412	0.2763239	-0.513281	0.13283204	-0.07828542	0.07422463	-0.73757374	1.0000008	-0.227375	0.08759627	-0.08810617	0.17991127	-0.18004711	0.17425272	-0.086723424	0.091095574	-0.10511102	0.112063885	-0.09622966	0.0697504	-0.07846677	0.09718563	-0.1010959	0.116849795	-0.024474004	0.02621198
0.13124594	-0.15956178	0.28598264	-0.16937433	0.14707397	-0.19791771	0.1891629	-0.47229463	0.1989605	-0.17323847	0.20320328	-0.227375	1.0000007	-0.26643357	0.18874416	-0.2669528	0.23653172	-0.5496174	0.17528771	-0.1924529	0.16034676	-0.19757046	0.18010122	-0.14014056	0.14855255	-0.16496278	0.16474868	-0.22821005	0.046976592	-0.050812133
-0.07773818	0.08756389	-0.21224327	0.20093867	-0.20844176	0.09869258	-0.100552134	0.20707746	-0.7422257	0.29561007	-0.097456045	0.08759627	-0.26643357	1.000001	-0.44986573	0.10494954	-0.09603105	0.15717055	-0.15488334	0.15737717	-0.07237127	0.08833505	-0.0871084	0.098503605	-0.12000649	0.07311691	-0.079370566	0.106133245	-0.02557676	0.027242318
0.07649086	-0.0880795	0.17460246	-0.28637955	0.24155806	-0.10699511	0.09946647	-0.16990013	0.29706883	-0.6888121	0.09902279	-0.08810617	0.18874416	-0.44986573	1.0000011	-0.11888733	0.10284129	-0.1671341	0.16598277	-0.27161768	0.08210279	-0.10191897	0.09941559	-0.11640462	0.1507869	-0.085295364	0.090942286	-0.12743442	0.031006927	-0.033197746
-0.0953368	0.10318687	-0.17086399	0.09084628	-0.09098619	0.14486794	-0.15743798	0.13622509	-0.09504635	0.09178626	-0.26474696	0.17991127	-0.2669528	0.10494954	-0.11888733	1.0000013	-0.6613068	0.28144452	-0.14762752	0.1328692	-0.43293187	0.2555409	-0.20190175	0.11952401	-0.13434052	0.23777662	-0.24932484	0.20666334	-0.041984398	0.044087358
0.08133169	-0.090537935	0.14296606	-0.08028937	0.077860415	-0.12934048	0.13491108	-0.12485735	0.084201545	-0.082015835	0.18715055	-0.18004711	0.23653172	-0.09603105	0.10284129	-0.6613068	1.0000013	-0.5142289	0.1432382	-0.13012384	0.24130923	-0.3327185	0.20690572	-0.12089346	0.123942845	-0.20949663	0.20463613	-0.21347201	0.041073997	-0.04353855
-0.11587296	0.12494454	-0.25139987	0.12695684	-0.12622212	0.15638904	-0.17359881	0.21155404	-0.14148204	0.13005057	-0.2111714	0.17425272	-0.5496174	0.15717055	-0.1671341	0.28144452	-0.5142289	1.0000011	-0.2514747	0.19060354	-0.19987428	0.23460247	-0.2734466	0.16855897	-0.17930886	0.17208913	-0.20420645	0.22811371	-0.04950908	0.051820334
0.063747644	-0.07013554	0.1251519	-0.10344935	0.09549631	-0.091694474	0.09107596	-0.10962373	0.11533646	-0.13172996	0.1033107	-0.086723424	0.17528771	-0.15488334	0.16598277	-0.14762752	0.1432382	-0.2514747	1.0000013	-0.6079993	0.11795373	-0.17209904	0.19777034	-0.6004297	0.32995665	-0.117926694	0.13941559	-0.21370514	0.06648369	-0.07070347
-0.073008604	0.07831069	-0.14750712	0.120714664	-0.119575806	0.09851458	-0.10186305	0.120756984	-0.13222711	0.16071586	-0.11242968	0.091095574	-0.1924529	0.15737717	-0.27161768	0.1328692	-0.13012384	0.19060354	-0.6079993	1.0000014	-0.11004704	0.14402817	-0.16758893	0.31255028	-0.59390783	0.10729568	-0.1326198	0.17641433	-0.060050678	0.06177469
0.060538296	-0.06630509	0.10755397	-0.06265037	0.061453152	-0.093444414	0.095745206	-0.08824303	0.06394342	-0.064326875	0.1317798	-0.10511102	0.16034676	-0.07237127	0.08210279	-0.43293187	0.24130923	-0.19987428	0.11795373	-0.11004704	1.0000017	-0.4142345	0.21633257	-0.11085517	0.11433117	-0.66911757	0.3022154	-0.26303002	0.045700584	-0.04876265
-0.0694913	0.07512682	-0.1303576	0.07525669	-0.07466856	0.10162906	-0.10849169	0.10525934	-0.07824955	0.07852931	-0.1407981	0.112063885	-0.19757046	0.08833505	-0.10191897	0.2555409	-0.3327185	0.23460247	-0.17209904	0.14402817	-0.4142345	1.0000015	-0.57459205	0.1695069	-0.17256992	0.27218527	-0.45969978	0.31366083	-0.057907887	0.059644025
0.06237982	-0.0679019	0.11817434	-0.07229792	0.07056303	-0.09141449	0.095018424	-0.09827402	0.07535213	-0.0774612	0.11762354	-0.09622966	0.18010122	-0.0871084	0.09941559	-0.20190175	0.20690572	-0.2734466	0.19777034	-0.16758893	0.21633257	-0.57459205	1.0000018	-0.2886807	0.20030347	-0.20774294	0.27630907	-0.60791004	0.07887814	-0.0825772
-0.050579265	0.05503445	-0.09883053	0.07318092	-0.06988137	0.0720327	-0.07359947	0.08297293	-0.08060685	0.088502444	-0.08525437	0.0697504	-0.14014056	0.098503605	-0.11640462	0.11952401	-0.12089346	0.16855897	-0.6004297	0.31255028	-0.11085517	0.1695069	-0.2886807	1.0000014	-0.6441299	0.10614827	-0.13758175	0.20412664	-0.08258338	0.080058455
0.05815924	-0.06402784	0.11054661	-0.09452845	0.08636776	-0.08508434	0.083139814	-0.0951187	0.09537343	-0.12028275	0.09414137	-0.07846677	0.14855255	-0.12000649	0.1507869	-0.13434052	0.123942845	-0.17930886	0.32995665	-0.59390783	0.11433117	-0.17256992	0.20030347	-0.6441299	1.0000014	-0.11711167	0.1395846	-0.22857505	0.079773866	-0.08750008
-0.061071448	0.06573428	-0.11302237	0.063955165	-0.06400668	0.08944548	-0.09581964	0.089355126	-0.06555947	0.06553004	-0.1280905	0.09718563	-0.16496278	0.07311691	-0.085295364	0.23777662	-0.20949663	0.17208913	-0.117926694	0.10729568	-0.66911757	0.27218527	-0.20774294	0.10614827	-0.11711167	1.0000012	-0.58177495	0.23914914	-0.04365154	0.045684393
0.063039914	-0.06906844	0.11306345	-0.068712294	0.06696331	-0.09644005	0.09737823	-0.09304508	0.06953371	-0.07153666	0.124129444	-0.1010959	0.16474868	-0.079370566	0.090942286	-0.24932484	0.20463613	-0.20420645	0.13941559	-0.1326198	0.3022154	-0.45969978	0.27630907	-0.13758175	0.1395846	-0.58177495	1.000001	-0.50212914	0.07118442	-0.07653761
-0.081372835	0.08671442	-0.15801147	0.09157674	-0.092538014	0.11356003	-0.123745404	0.123302996	-0.09495266	0.096016124	-0.15148498	0.116849795	-0.22821005	0.106133245	-0.12743442	0.20666334	-0.21347201	0.22811371	-0.21370514	0.17641433	-0.26303002	0.31366083	-0.60791004	0.20412664	-0.22857505	0.23914914	-0.50212914	1.0000008	-0.13162966	0.11592177
0.017338581	-0.018647801	0.03328654	-0.021380018	0.021016624	-0.024624027	0.025973521	-0.026641814	0.02209787	-0.023706466	0.031007854	-0.024474004	0.046976592	-0.02557676	0.031006927	-0.041984398	0.041073997	-0.04950908	0.06648369	-0.060050678	0.045700584	-0.057907887	0.07887814	-0.08258338	0.079773866	-0.04365154	0.07118442	-0.13162966	1.0000007	-0.9794325
-0.018688962	0.020040259	-0.036058564	0.022846153	-0.022595953	0.0263403	-0.028015064	0.028648745	-0.02366936	0.025203476	-0.03343436	0.02621198	-0.050812133	0.027242318	-0.033197746	0.044087358	-0.04353855	0.051820334	-0.07070347	0.06177469	-0.04876265	0.059644025	-0.0825772	0.080058455	-0.08750008	0.045684393	-0.07653761	0.11592177	-0.9794325	1.0000007
