0.99999994	-0.793564	0.2053966	-0.2159834	0.19557576	-0.25679055	0.27302518	-0.20559976	0.10347681	-0.08902735	0.18025397	-0.31649327	0.16731006	-0.09144958	0.09024297	-0.15440433	0.12687	-0.14494698	0.099481136	-0.1450168	0.08579166	-0.13298316	0.116146795	-0.09069039	0.0842055	-0.107302226	0.15992655	-0.14880987	0.093316786	-0.08795782
-0.793564	0.9999998	-0.2694528	0.19269687	-0.1948908	0.200932	-0.38837966	0.1761573	-0.09608187	0.08153423	-0.17192128	0.25140017	-0.15183413	0.08171699	-0.08311739	0.124572076	-0.109775946	0.11818017	-0.08333842	0.113995254	-0.070835486	0.10902275	-0.097242534	0.07432468	-0.06861812	0.08474504	-0.14266178	0.118754044	-0.07668081	0.07036382
0.2053966	-0.2694528	0.9999995	-0.7782188	0.26798266	-0.10582065	0.13982797	-0.40657532	0.13661067	-0.11745147	0.09619287	-0.16576208	0.19329473	-0.11056572	0.10906773	-0.09188243	0.08456949	-0.13690417	0.0926675	-0.12984218	0.054664023	-0.09461498	0.10463089	-0.082541354	0.07568177	-0.06798618	0.12074363	-0.12879388	0.083033845	-0.07795182
-0.2159834	0.19269687	-0.7782188	0.9999995	-0.4416171	0.10280307	-0.13543189	0.2631106	-0.1595518	0.13736023	-0.09744521	0.15524203	-0.19248426	0.118570626	-0.12648827	0.09137779	-0.08543035	0.13203378	-0.09575068	0.13069473	-0.05501259	0.094860636	-0.1052986	0.08369521	-0.07732729	0.06790353	-0.12571499	0.12763514	-0.08479086	0.07856238
0.19557576	-0.1948908	0.26798266	-0.4416171	0.9999997	-0.16052794	0.17762119	-0.41672617	0.2484807	-0.34333158	0.14764233	-0.26226342	0.2692949	-0.21277516	0.21340983	-0.16860993	0.15049632	-0.26118356	0.1843494	-0.30903655	0.10167289	-0.18086863	0.19771348	-0.17119208	0.16323858	-0.13169524	0.21669537	-0.27907798	0.17344502	-0.17382184
-0.25679055	0.200932	-0.10582065	0.10280307	-0.16052794	0.9999996	-0.4554733	0.13149366	-0.081687935	0.06872677	-0.7195889	0.26412594	-0.13961683	0.07207308	-0.07340484	0.2326969	-0.1938235	0.12079105	-0.08524782	0.109138995	-0.121086664	0.15405458	-0.10765848	0.07631771	-0.06955129	0.12650198	-0.20507173	0.1250896	-0.08014556	0.070751004
0.27302518	-0.38837966	0.13982797	-0.13543189	0.17762119	-0.4554733	0.9999995	-0.17877196	0.09775328	-0.08226038	0.25060862	-0.66395855	0.18410279	-0.0898712	0.08756015	-0.18238068	0.15062626	-0.1422741	0.09439528	-0.1258051	0.09567417	-0.14289105	0.11537036	-0.08502636	0.077105656	-0.11470322	0.17345949	-0.13774359	0.087158926	-0.079317965
-0.20559976	0.1761573	-0.40657532	0.2631106	-0.41672617	0.13149366	-0.17877196	0.9999995	-0.31599793	0.21182813	-0.1319461	0.22154501	-0.57337713	0.22375172	-0.22424127	0.12679124	-0.12675636	0.23074234	-0.15879951	0.18400224	-0.077734716	0.14042571	-0.18441851	0.1329941	-0.11781767	0.09414652	-0.19176991	0.18929659	-0.13149922	0.11574696
0.10347681	-0.09608187	0.13661067	-0.1595518	0.2484807	-0.081687935	0.09775328	-0.31599793	0.9999995	-0.6700847	0.07819589	-0.14369266	0.22374716	-0.5180004	0.32268432	-0.08463152	0.08020783	-0.15859227	0.12205746	-0.15727186	0.05131683	-0.09444117	0.11631208	-0.10562645	0.09002488	-0.06451959	0.11786731	-0.14299124	0.09516612	-0.09072937
-0.08902735	0.08153423	-0.11745147	0.13736023	-0.34333158	0.06872677	-0.08226038	0.21182813	-0.6700847	0.99999946	-0.066099875	0.11781885	-0.18553323	0.31091607	-0.5536515	0.07110982	-0.06746197	0.12788334	-0.10244618	0.13269709	-0.04324735	0.07905069	-0.096941866	0.086715326	-0.076536305	0.05432375	-0.10006613	0.11858688	-0.080422044	0.07601125
0.18025397	-0.17192128	0.09619287	-0.09744521	0.14764233	-0.7195889	0.25060862	-0.1319461	0.07819589	-0.066099875	0.99999917	-0.284196	0.13585114	-0.07072035	0.07052373	-0.43967435	0.21455383	-0.13097811	0.087999076	-0.116480894	0.15400521	-0.18854734	0.114148095	-0.080599725	0.07273083	-0.17570506	0.19795658	-0.1351395	0.08357399	-0.07519271
-0.31649327	0.25140017	-0.16576208	0.15524203	-0.26226342	0.26412594	-0.66395855	0.22154501	-0.14369266	0.11781885	-0.284196	0.99999917	-0.33103812	0.1310787	-0.13186717	0.192379	-0.20736416	0.18655014	-0.12840274	0.15715238	-0.11097539	0.17641304	-0.15742664	0.11181485	-0.1008618	0.12589617	-0.2467774	0.17356096	-0.11494399	0.10104702
0.16731006	-0.15183413	0.19329473	-0.19248426	0.2692949	-0.13961683	0.18410279	-0.57337713	0.22374716	-0.18553323	0.13585114	-0.33103812	0.9999993	-0.32020733	0.21121094	-0.14151534	0.14169104	-0.4462649	0.17730096	-0.21136153	0.084776916	-0.16398524	0.22942752	-0.15999018	0.13169652	-0.10394751	0.19835801	-0.24030772	0.1480217	-0.13462016
-0.09144958	0.08171699	-0.11056572	0.118570626	-0.21277516	0.07207308	-0.0898712	0.22375172	-0.5180004	0.31091607	-0.07072035	0.1310787	-0.32020733	0.9999993	-0.6954482	0.07482542	-0.07358226	0.15641923	-0.14555465	0.14347255	-0.045631617	0.0856069	-0.11551099	0.10946132	-0.087146476	0.05645149	-0.10918859	0.12845182	-0.09093952	0.083796866
0.09024297	-0.08311739	0.10906773	-0.12648827	0.21340983	-0.07340484	0.08756015	-0.22424127	0.32268432	-0.5536515	0.07052373	-0.13186717	0.21121094	-0.6954482	0.9999992	-0.07689934	0.07343593	-0.15138854	0.122772835	-0.15777078	0.04666046	-0.086877674	0.1094179	-0.104679994	0.08827464	-0.058554605	0.10826722	-0.1334287	0.09097266	-0.08668218
-0.15440433	0.124572076	-0.09188243	0.09137779	-0.16860993	0.2326969	-0.18238068	0.12679124	-0.08463152	0.07110982	-0.43967435	0.192379	-0.14151534	0.07482542	-0.07689934	0.9999992	-0.5877077	0.14887993	-0.104032055	0.124893725	-0.37150422	0.2791936	-0.14739664	0.0939956	-0.08392004	0.25424132	-0.32297164	0.15726899	-0.0994734	0.08477897
0.12687	-0.109775946	0.08456949	-0.08543035	0.15049632	-0.1938235	0.15062626	-0.12675636	0.08020783	-0.06746197	0.21455383	-0.20736416	0.14169104	-0.07358226	0.07343593	-0.5877077	0.9999993	-0.18894331	0.11016448	-0.13268515	0.20445105	-0.6163258	0.17546232	-0.1046071	0.088298455	-0.2271596	0.28499484	-0.17786217	0.104692355	-0.091027826
-0.14494698	0.11818017	-0.13690417	0.13203378	-0.26118356	0.12079105	-0.1422741	0.23074234	-0.15859227	0.12788334	-0.13097811	0.18655014	-0.4462649	0.15641923	-0.15138854	0.14887993	-0.18894331	0.99999934	-0.2960636	0.21835984	-0.09422226	0.20720747	-0.64029807	0.22885664	-0.1701428	0.10870416	-0.25923175	0.28173172	-0.20229681	0.1573921
0.099481136	-0.08333842	0.0926675	-0.09575068	0.1843494	-0.08524782	0.09439528	-0.15879951	0.12205746	-0.10244618	0.087999076	-0.12840274	0.17730096	-0.14555465	0.122772835	-0.104032055	0.11016448	-0.2960636	0.9999994	-0.44813296	0.065444544	-0.1399141	0.24383216	-0.72188413	0.2688322	-0.0796921	0.1779992	-0.26151338	0.24354999	-0.24007311
-0.1450168	0.113995254	-0.12984218	0.13069473	-0.30903655	0.109138995	-0.1258051	0.18400224	-0.15727186	0.13269709	-0.116480894	0.15715238	-0.21136153	0.14347255	-0.15777078	0.124893725	-0.13268515	0.21835984	-0.44813296	0.9999992	-0.080424964	0.15592131	-0.22271928	0.29586965	-0.5710012	0.0964205	-0.25112733	0.25664225	-0.34503794	0.28445488
0.08579166	-0.070835486	0.054664023	-0.05501259	0.10167289	-0.121086664	0.09567417	-0.077734716	0.05131683	-0.04324735	0.15400521	-0.11097539	0.084776916	-0.045631617	0.04666046	-0.37150422	0.20445105	-0.09422226	0.065444544	-0.080424964	0.9999991	-0.21292986	0.09335557	-0.060268477	0.053512197	-0.8568713	0.2045658	-0.10392776	0.0635505	-0.054767918
-0.13298316	0.10902275	-0.09461498	0.094860636	-0.18086863	0.15405458	-0.14289105	0.14042571	-0.09444117	0.07905069	-0.18854734	0.17641304	-0.16398524	0.0856069	-0.086877674	0.2791936	-0.6163258	0.20720747	-0.1399141	0.15592131	-0.21292986	0.99999905	-0.2865243	0.13149686	-0.11032713	0.19767176	-0.5590702	0.22260548	-0.13436311	0.111134045
0.116146795	-0.097242534	0.10463089	-0.1052986	0.19771348	-0.10765848	0.11537036	-0.18441851	0.11631208	-0.096941866	0.114148095	-0.15742664	0.22942752	-0.11551099	0.1094179	-0.14739664	0.17546232	-0.64029807	0.24383216	-0.22271928	0.09335557	-0.2865243	0.99999905	-0.31891516	0.17567658	-0.109470636	0.25029716	-0.49316108	0.21870494	-0.17751206
-0.09069039	0.07432468	-0.082541354	0.08369521	-0.17119208	0.07631771	-0.08502636	0.1329941	-0.10562645	0.086715326	-0.080599725	0.11181485	-0.15999018	0.10946132	-0.104679994	0.0939956	-0.1046071	0.22885664	-0.72188413	0.29586965	-0.060268477	0.13149686	-0.31891516	0.999999	-0.386671	0.071909845	-0.1748419	0.24298026	-0.33784923	0.24495263
0.0842055	-0.06861812	0.07568177	-0.07732729	0.16323858	-0.06955129	0.077105656	-0.11781767	0.09002488	-0.076536305	0.07273083	-0.1008618	0.13169652	-0.087146476	0.08827464	-0.08392004	0.088298455	-0.1701428	0.2688322	-0.5710012	0.053512197	-0.11032713	0.17567658	-0.386671	0.999999	-0.0650726	0.15741982	-0.23717672	0.29767236	-0.60219854
-0.107302226	0.08474504	-0.06798618	0.06790353	-0.13169524	0.12650198	-0.11470322	0.09414652	-0.06451959	0.05432375	-0.17570506	0.12589617	-0.10394751	0.05645149	-0.058554605	0.25424132	-0.2271596	0.10870416	-0.0796921	0.0964205	-0.8568713	0.19767176	-0.109470636	0.071909845	-0.0650726	0.99999887	-0.28772002	0.123296574	-0.0776641	0.06585265
0.15992655	-0.14266178	0.12074363	-0.12571499	0.21669537	-0.20507173	0.17345949	-0.19176991	0.11786731	-0.10006613	0.19795658	-0.2467774	0.19835801	-0.10918859	0.10826722	-0.32297164	0.28499484	-0.25923175	0.1779992	-0.25112733	0.2045658	-0.5590702	0.25029716	-0.1748419	0.15741982	-0.28772002	0.9999984	-0.41010663	0.19285317	-0.1750826
-0.14880987	0.118754044	-0.12879388	0.12763514	-0.27907798	0.1250896	-0.13774359	0.18929659	-0.14299124	0.11858688	-0.1351395	0.17356096	-0.24030772	0.12845182	-0.1334287	0.15726899	-0.17786217	0.28173172	-0.26151338	0.25664225	-0.10392776	0.22260548	-0.49316108	0.24298026	-0.23717672	0.123296574	-0.41010663	0.99999857	-0.47877786	0.24291922
0.093316786	-0.07668081	0.083033845	-0.08479086	0.17344502	-0.08014556	0.087158926	-0.13149922	0.09516612	-0.080422044	0.08357399	-0.11494399	0.1480217	-0.09093952	0.09097266	-0.0994734	0.104692355	-0.20229681	0.24354999	-0.34503794	0.0635505	-0.13436311	0.21870494	-0.33784923	0.29767236	-0.0776641	0.19285317	-0.47877786	0.9999985	-0.64082634
-0.08795782	0.07036382	-0.07795182	0.07856238	-0.17382184	0.070751004	-0.079317965	0.11574696	-0.09072937	0.07601125	-0.07519271	0.10104702	-0.13462016	0.083796866	-0.08668218	0.08477897	-0.091027826	0.1573921	-0.24007311	0.28445488	-0.054767918	0.111134045	-0.17751206	0.24495263	-0.60219854	0.06585265	-0.1750826	0.24291922	-0.64082634	0.9999985
