1.0000001	-0.43343928	0.2179639	-0.3226311	0.15891229	-0.53474516	0.31703642	-0.2248689	0.23092072	-0.12681657	0.20937899	-0.17515416	0.18442972	-0.15104575	0.22722664	-0.16377972	0.15287401	-0.19312492	0.17888828	-0.48115972	0.11981023	-0.14255588	0.15196899	-0.10334188	0.07907983	-0.13944516	0.11168156	-0.16412775	0.10716115	-0.0910963
-0.43343928	1.0	-0.5570628	0.31937847	-0.19539486	0.24780779	-0.41335785	0.260024	-0.31211776	0.14994638	-0.1961742	0.16248065	-0.20808323	0.16208509	-0.26020825	0.13866197	-0.14361787	0.18005756	-0.194961	0.25917572	-0.10554762	0.122570194	-0.14266339	0.09209866	-0.06449676	0.11578411	-0.097297445	0.13877882	-0.097083345	0.07265643
0.2179639	-0.5570628	0.99999994	-0.66246676	0.14153141	-0.14062926	0.19531861	-0.3744325	0.26114157	-0.11517881	0.13378896	-0.12224601	0.17487617	-0.12161263	0.17379168	-0.09941671	0.10427175	-0.14197296	0.13719179	-0.17679642	0.07501687	-0.088620305	0.10334962	-0.06597392	0.04532463	-0.08309651	0.06974993	-0.10097003	0.06856301	-0.05140394
-0.3226311	0.31937847	-0.66246676	0.9999999	-0.22859591	0.18303953	-0.26280555	0.28389934	-0.4014754	0.17169867	-0.17909545	0.15227927	-0.20939662	0.1640599	-0.25892544	0.12984031	-0.13606961	0.17701197	-0.19231544	0.23943608	-0.09962035	0.11642704	-0.13755564	0.08889874	-0.061665688	0.10966969	-0.0925616	0.13330482	-0.09328735	0.069524325
0.15891229	-0.19539486	0.14153141	-0.22859591	0.9999997	-0.11056485	0.12891132	-0.20492445	0.24813034	-0.82406914	0.12526083	-0.118353024	0.14765999	-0.16464825	0.26430658	-0.10981159	0.10760124	-0.15791693	0.15515201	-0.30560693	0.08384106	-0.102832906	0.115054205	-0.0812181	0.05885352	-0.09974733	0.081197724	-0.12565666	0.08169705	-0.06876804
-0.53474516	0.24780779	-0.14062926	0.18303953	-0.11056485	0.99999964	-0.7178576	0.15963995	-0.16697241	0.08818753	-0.26758668	0.16921796	-0.14961614	0.11063425	-0.16033478	0.14171107	-0.13448618	0.14479275	-0.1313593	0.22935502	-0.09849917	0.1113722	-0.11402074	0.0725197	-0.051313754	0.1062355	-0.08583215	0.116784394	-0.07604195	0.058562834
0.31703642	-0.41335785	0.19531861	-0.26280555	0.12891132	-0.7178576	0.99999964	-0.21345893	0.19975679	-0.10431873	0.2133513	-0.19533543	0.1713987	-0.1286215	0.18191755	-0.15472731	0.1458331	-0.17092791	0.1493114	-0.28524256	0.10786661	-0.12692821	0.1300936	-0.08437913	0.060229115	-0.12165049	0.09734008	-0.13709337	0.087607175	-0.069266595
-0.2248689	0.260024	-0.3744325	0.28389934	-0.20492445	0.15963995	-0.21345893	0.99999964	-0.5947181	0.17821151	-0.21832216	0.209846	-0.47847348	0.20627905	-0.2583785	0.15674777	-0.17619863	0.24150309	-0.22498487	0.23955943	-0.11808885	0.13954598	-0.16990268	0.10304943	-0.06849422	0.1283074	-0.10943136	0.1570487	-0.10637883	0.07739517
0.23092072	-0.31211776	0.26114157	-0.4014754	0.24813034	-0.16697241	0.19975679	-0.5947181	0.9999995	-0.31808552	0.1962272	-0.19802624	0.2660524	-0.23519608	0.27057603	-0.1680523	0.16933183	-0.25826144	0.22053903	-0.33288375	0.12590566	-0.15435204	0.17342213	-0.11533907	0.07911249	-0.1468688	0.1204664	-0.18357918	0.11627256	-0.091926314
-0.12681657	0.14994638	-0.11517881	0.17169867	-0.82406914	0.08818753	-0.10431873	0.17821151	-0.31808552	0.99999946	-0.10499123	0.099342436	-0.13158955	0.15727755	-0.36911604	0.08973725	-0.089875676	0.1326871	-0.14819264	0.22251476	-0.06854264	0.08374192	-0.09573026	0.06737124	-0.047329314	0.08045916	-0.066146515	0.101659216	-0.06770886	0.054857362
0.20937899	-0.1961742	0.13378896	-0.17909545	0.12526083	-0.26758668	0.2133513	-0.21832216	0.1962272	-0.10499123	0.99999905	-0.61414015	0.26233932	-0.16799471	0.1932643	-0.45719513	0.30900452	-0.27782032	0.18665196	-0.2390784	0.22083159	-0.2463413	0.19986562	-0.11919829	0.07686746	-0.23364474	0.17397623	-0.21386059	0.1234922	-0.08885585
-0.17515416	0.16248065	-0.12224601	0.15227927	-0.118353024	0.16921796	-0.19533543	0.209846	-0.19802624	0.099342436	-0.61414015	0.99999905	-0.44393364	0.1693582	-0.18752755	0.27701476	-0.48322237	0.2639497	-0.19136147	0.1909759	-0.18012474	0.20295613	-0.18767814	0.10376908	-0.066055626	0.17067267	-0.14736448	0.17298754	-0.108871095	0.07454487
0.18442972	-0.20808323	0.17487617	-0.20939662	0.14765999	-0.14961614	0.1713987	-0.47847348	0.2660524	-0.13158955	0.26233932	-0.44393364	0.9999991	-0.32709968	0.23779532	-0.21168476	0.24508885	-0.49345517	0.25958657	-0.23754741	0.14871919	-0.1845725	0.21699136	-0.1266896	0.07856809	-0.16287811	0.13825223	-0.20235457	0.12555121	-0.08993365
-0.15104575	0.16208509	-0.12161263	0.1640599	-0.16464825	0.11063425	-0.1286215	0.20627905	-0.23519608	0.15727755	-0.16799471	0.1693582	-0.32709968	0.99999905	-0.49079645	0.13765575	-0.15100189	0.24430898	-0.70626885	0.24655858	-0.1054172	0.12909772	-0.1641721	0.1270392	-0.07735893	0.119457275	-0.102196835	0.15681021	-0.12285065	0.08566075
0.22722664	-0.26020825	0.17379168	-0.25892544	0.26430658	-0.16033478	0.18191755	-0.2583785	0.27057603	-0.36911604	0.1932643	-0.18752755	0.23779532	-0.49079645	0.9999988	-0.17437102	0.17089947	-0.26384822	0.2957491	-0.4922713	0.13323818	-0.16496715	0.18625857	-0.13838354	0.097346865	-0.15975179	0.13025764	-0.20482361	0.13534415	-0.11426718
-0.16377972	0.13866197	-0.09941671	0.12984031	-0.10981159	0.14171107	-0.15472731	0.15674777	-0.1680523	0.08973725	-0.45719513	0.27701476	-0.21168476	0.13765575	-0.17437102	0.999999	-0.56320864	0.23136425	-0.17243612	0.17302923	-0.500655	0.27605224	-0.20915166	0.10976682	-0.06951058	0.25509226	-0.21234666	0.19347589	-0.121091284	0.07728987
0.15287401	-0.14361787	0.10427175	-0.13606961	0.10760124	-0.13448618	0.1458331	-0.17619863	0.16933183	-0.089875676	0.30900452	-0.48322237	0.24508885	-0.15100189	0.17089947	-0.56320864	0.99999905	-0.36527723	0.17912774	-0.18024597	0.26171163	-0.3871996	0.22324507	-0.11766862	0.07210115	-0.24703684	0.20727442	-0.21522278	0.12365262	-0.081684336
-0.19312492	0.18005756	-0.14197296	0.17701197	-0.15791693	0.14479275	-0.17092791	0.24150309	-0.25826144	0.1326871	-0.27782032	0.2639497	-0.49345517	0.24430898	-0.26384822	0.23136425	-0.36527723	0.9999989	-0.36640057	0.23160514	-0.18416838	0.22522016	-0.46995556	0.17295319	-0.102369115	0.18736175	-0.17773584	0.25504196	-0.1759969	0.1113751
0.17888828	-0.194961	0.13719179	-0.19231544	0.15515201	-0.1313593	0.1493114	-0.22498487	0.22053903	-0.14819264	0.18665196	-0.19136147	0.25958657	-0.70626885	0.2957491	-0.17243612	0.17912774	-0.36640057	0.9999988	-0.32098562	0.1321559	-0.16695014	0.20880625	-0.19622295	0.10466745	-0.15591767	0.13175303	-0.21392085	0.16205929	-0.119361006
-0.48115972	0.25917572	-0.17679642	0.23943608	-0.30560693	0.22935502	-0.28524256	0.23955943	-0.33288375	0.22251476	-0.2390784	0.1909759	-0.23754741	0.24655858	-0.4922713	0.17302923	-0.18024597	0.23160514	-0.32098562	0.9999988	-0.13756284	0.15954217	-0.1992244	0.14319071	-0.12846681	0.15058684	-0.12985753	0.18853143	-0.15509258	0.12796248
0.11981023	-0.10554762	0.07501687	-0.09962035	0.08384106	-0.09849917	0.10786661	-0.11808885	0.12590566	-0.06854264	0.22083159	-0.18012474	0.14871919	-0.1054172	0.13323818	-0.500655	0.26171163	-0.18416838	0.1321559	-0.13756284	0.99999887	-0.48816124	0.20209748	-0.10595272	0.0642748	-0.5932567	0.28807	-0.22331843	0.11776385	-0.0723861
-0.14255588	0.122570194	-0.088620305	0.11642704	-0.102832906	0.1113722	-0.12692821	0.13954598	-0.15435204	0.08374192	-0.2463413	0.20295613	-0.1845725	0.12909772	-0.16496715	0.27605224	-0.3871996	0.22522016	-0.16695014	0.15954217	-0.48816124	0.9999987	-0.34111524	0.13994808	-0.08324647	0.32038558	-0.55349326	0.2748666	-0.1612617	0.09087316
0.15196899	-0.14266339	0.10334962	-0.13755564	0.115054205	-0.11402074	0.1300936	-0.16990268	0.17342213	-0.09573026	0.19986562	-0.18767814	0.21699136	-0.1641721	0.18625857	-0.20915166	0.22324507	-0.46995556	0.20880625	-0.1992244	0.20209748	-0.34111524	0.9999985	-0.34191266	0.14445776	-0.24625155	0.24850698	-0.57817817	0.25955236	-0.16615637
-0.10334188	0.09209866	-0.06597392	0.08889874	-0.0812181	0.0725197	-0.08437913	0.10304943	-0.11533907	0.06737124	-0.11919829	0.10376908	-0.1266896	0.1270392	-0.13838354	0.10976682	-0.11766862	0.17295319	-0.19622295	0.14319071	-0.10595272	0.13994808	-0.34191266	0.9999987	-0.36770388	0.12319894	-0.1298995	0.24828118	-0.7597301	0.2615298
0.07907983	-0.06449676	0.04532463	-0.061665688	0.05885352	-0.051313754	0.060229115	-0.06849422	0.07911249	-0.047329314	0.07686746	-0.066055626	0.07856809	-0.07735893	0.097346865	-0.06951058	0.07210115	-0.102369115	0.10466745	-0.12846681	0.0642748	-0.08324647	0.14445776	-0.36770388	0.9999987	-0.07620764	0.07440495	-0.13948251	0.24530518	-0.87689066
-0.13944516	0.11578411	-0.08309651	0.10966969	-0.09974733	0.1062355	-0.12165049	0.1283074	-0.1468688	0.08045916	-0.23364474	0.17067267	-0.16287811	0.119457275	-0.15975179	0.25509226	-0.24703684	0.18736175	-0.15591767	0.15058684	-0.5932567	0.32038558	-0.24625155	0.12319894	-0.07620764	0.9999987	-0.5860156	0.251508	-0.14994138	0.08299232
0.11168156	-0.097297445	0.06974993	-0.0925616	0.081197724	-0.08583215	0.09734008	-0.10943136	0.1204664	-0.066146515	0.17397623	-0.14736448	0.13825223	-0.102196835	0.13025764	-0.21234666	0.20727442	-0.17773584	0.13175303	-0.12985753	0.28807	-0.55349326	0.24850698	-0.1298995	0.07440495	-0.5860156	0.9999986	-0.4519804	0.15280841	-0.08357891
-0.16412775	0.13877882	-0.10097003	0.13330482	-0.12565666	0.116784394	-0.13709337	0.1570487	-0.18357918	0.101659216	-0.21386059	0.17298754	-0.20235457	0.15681021	-0.20482361	0.19347589	-0.21522278	0.25504196	-0.21392085	0.18853143	-0.22331843	0.2748666	-0.57817817	0.24828118	-0.13948251	0.251508	-0.4519804	0.99999833	-0.38317657	0.1486684
0.10716115	-0.097083345	0.06856301	-0.09328735	0.08169705	-0.07604195	0.087607175	-0.10637883	0.11627256	-0.06770886	0.1234922	-0.108871095	0.12555121	-0.12285065	0.13534415	-0.121091284	0.12365262	-0.1759969	0.16205929	-0.15509258	0.11776385	-0.1612617	0.25955236	-0.7597301	0.24530518	-0.14994138	0.15280841	-0.38317657	0.99999845	-0.32831606
-0.0910963	0.07265643	-0.05140394	0.069524325	-0.06876804	0.058562834	-0.069266595	0.07739517	-0.091926314	0.054857362	-0.08885585	0.07454487	-0.08993365	0.08566075	-0.11426718	0.07728987	-0.081684336	0.1113751	-0.119361006	0.12796248	-0.0723861	0.09087316	-0.16615637	0.2615298	-0.87689066	0.08299232	-0.08357891	0.1486684	-0.32831606	0.99999845
