1.0	-0.16384791	0.13506316	-0.07779473	0.08863978	-0.83024573	0.2734922	-0.22168443	0.118462965	-0.06436236	0.19432034	-0.3019173	0.16556224	-0.1265102	0.0671955	-0.21262468	0.12493142	-0.123915225	0.09546904	-0.10832993	0.08132638	-0.10237236	0.10038279	-0.10184419	0.06352253	-0.09940113	0.09533811	-0.07012863	0.09185052	-0.090578176
-0.16384791	0.9999999	-0.858881	0.124294095	-0.13320453	0.137927	-0.33023697	0.2425465	-0.15193543	0.07285477	-0.08582965	0.2043369	-0.18597743	0.12379203	-0.07609825	0.08023937	-0.12127022	0.116628096	-0.092660375	0.09773964	-0.04068517	0.0883332	-0.09681248	0.09270084	-0.057955436	0.04642433	-0.088383146	0.06377532	-0.08719055	0.07937625
0.13506316	-0.858881	1.0000001	-0.14831401	0.13099796	-0.12580939	0.23703057	-0.3343719	0.15238409	-0.075452425	0.08262628	-0.22118309	0.18358365	-0.13118997	0.07613757	-0.08072129	0.1162252	-0.12069164	0.09456437	-0.10243107	0.04035209	-0.08883181	0.094915025	-0.09541306	0.059860833	-0.04659543	0.08603658	-0.06321288	0.08629264	-0.08297115
-0.07779473	0.124294095	-0.14831401	1.0000002	-0.7484721	0.06487534	-0.107526004	0.15225548	-0.5317651	0.19574611	-0.05537175	0.12009169	-0.12570632	0.21568547	-0.18112135	0.054531142	-0.1161323	0.11756543	-0.13069472	0.15689155	-0.033801008	0.09381644	-0.09987445	0.12656029	-0.08838065	0.038187202	-0.101190165	0.07391084	-0.109531686	0.12126504
0.08863978	-0.13320453	0.13099796	-0.7484721	1.0000001	-0.07558984	0.11848898	-0.16999494	0.309001	-0.3260898	0.06720584	-0.14677249	0.14321737	-0.28277248	0.21940891	-0.06760693	0.14141265	-0.1491994	0.1648855	-0.22740248	0.04224988	-0.121084005	0.12446921	-0.17067617	0.123445466	-0.04807614	0.12562583	-0.09401784	0.1386927	-0.17678191
-0.83024573	0.137927	-0.12580939	0.06487534	-0.07558984	1.0000001	-0.3999756	0.18046854	-0.101148464	0.05218404	-0.22251025	0.23417245	-0.14535868	0.10040132	-0.05530142	0.17140724	-0.1064006	0.10067495	-0.07733432	0.084269226	-0.06639708	0.08233293	-0.083620265	0.080919415	-0.04997821	0.07735541	-0.07932833	0.05735632	-0.07546636	0.070120156
0.2734922	-0.33023697	0.23703057	-0.107526004	0.11848898	-0.3999756	0.9999999	-0.4543806	0.1642521	-0.08169271	0.15961649	-0.59453475	0.27146265	-0.16153133	0.085245974	-0.15246913	0.157721	-0.16531217	0.1209743	-0.12676743	0.06626844	-0.11999289	0.12721255	-0.122087665	0.074692376	-0.07740906	0.11316532	-0.08331943	0.11115839	-0.10354523
-0.22168443	0.2425465	-0.3343719	0.15225548	-0.16999494	0.18046854	-0.4543806	0.99999976	-0.29351947	0.11156352	-0.12507923	0.31154802	-0.596321	0.21652892	-0.11805381	0.115241535	-0.2209637	0.22809649	-0.16722171	0.15893003	-0.061678894	0.15316606	-0.17918018	0.1567657	-0.09501515	0.069589905	-0.14880891	0.108982906	-0.14719039	0.12778096
0.118462965	-0.15193543	0.15238409	-0.5317651	0.309001	-0.101148464	0.1642521	-0.29351947	0.9999994	-0.27513674	0.087750055	-0.197758	0.2102213	-0.49318135	0.2167128	-0.08745867	0.1869162	-0.20494083	0.23153475	-0.272694	0.054270368	-0.15694685	0.16470762	-0.22603805	0.14950672	-0.06158395	0.16148107	-0.12153426	0.17891914	-0.21047838
-0.06436236	0.07285477	-0.075452425	0.19574611	-0.3260898	0.05218404	-0.08169271	0.11156352	-0.27513674	0.9999995	-0.04851287	0.09682719	-0.10433043	0.19821712	-0.8430325	0.047559284	-0.115595564	0.110649034	-0.13527052	0.1938693	-0.032091442	0.09119721	-0.09960855	0.12674636	-0.1095624	0.03576991	-0.109394066	0.07714172	-0.11903598	0.12884322
0.19432034	-0.08582965	0.08262628	-0.05537175	0.06720584	-0.22251025	0.15961649	-0.12507923	0.087750055	-0.04851287	0.99999946	-0.23592933	0.1259129	-0.0962242	0.05226227	-0.8620185	0.12714502	-0.10597671	0.078367054	-0.086907506	0.19522265	-0.10446122	0.09318602	-0.08707644	0.051948518	-0.23626591	0.097382545	-0.06955363	0.08274729	-0.073975705
-0.3019173	0.2043369	-0.22118309	0.12009169	-0.14677249	0.23417245	-0.59453475	0.31154802	-0.197758	0.09682719	-0.23592933	0.9999995	-0.48951682	0.19121055	-0.10621861	0.17680758	-0.23195964	0.21690978	-0.15651914	0.15055709	-0.08267484	0.15732814	-0.17907788	0.15207244	-0.09126854	0.092348926	-0.15511888	0.11125604	-0.14819524	0.12317824
0.16556224	-0.18597743	0.18358365	-0.12570632	0.14321737	-0.14535868	0.27146265	-0.596321	0.2102213	-0.10433043	0.1259129	-0.48951682	0.9999993	-0.27311197	0.111749396	-0.1214259	0.23121622	-0.41369694	0.19579029	-0.17292902	0.06394214	-0.17660736	0.19907284	-0.1786716	0.10152292	-0.0728665	0.15296577	-0.11832109	0.1546337	-0.1360118
-0.1265102	0.12379203	-0.13118997	0.21568547	-0.28277248	0.10040132	-0.16153133	0.21652892	-0.49318135	0.19821712	-0.0962242	0.19121055	-0.27311197	0.9999994	-0.25359	0.092483036	-0.25792876	0.2557622	-0.5359434	0.26602688	-0.06402017	0.18908332	-0.22465278	0.2751586	-0.16573508	0.07061051	-0.22894849	0.16238666	-0.25928965	0.1972836
0.0671955	-0.07609825	0.07613757	-0.18112135	0.21940891	-0.05530142	0.085245974	-0.11805381	0.2167128	-0.8430325	0.05226227	-0.10621861	0.111749396	-0.25359	0.9999995	-0.051809795	0.12430389	-0.12542084	0.15767132	-0.2848581	0.03489344	-0.10180534	0.10934949	-0.15015826	0.13328299	-0.03909221	0.117557794	-0.08511098	0.13107492	-0.16517432
-0.21262468	0.08023937	-0.08072129	0.054531142	-0.06760693	0.17140724	-0.15246913	0.115241535	-0.08745867	0.047559284	-0.8620185	0.17680758	-0.1214259	0.092483036	-0.051809795	0.9999998	-0.14206189	0.10332924	-0.07690856	0.08340941	-0.28053895	0.10435367	-0.095036626	0.08485865	-0.050373252	0.21114802	-0.10085583	0.069520906	-0.08393292	0.07095394
0.12493142	-0.12127022	0.1162252	-0.1161323	0.14141265	-0.1064006	0.157721	-0.2209637	0.1869162	-0.115595564	0.12714502	-0.23195964	0.23121622	-0.25792876	0.12430389	-0.14206189	0.9999997	-0.51075035	0.23516402	-0.24937272	0.09282516	-0.6100586	0.31674877	-0.25820187	0.14427598	-0.10353859	0.21721008	-0.17916463	0.21270545	-0.20540121
-0.123915225	0.116628096	-0.12069164	0.11756543	-0.1491994	0.10067495	-0.16531217	0.22809649	-0.20494083	0.110649034	-0.10597671	0.21690978	-0.41369694	0.2557622	-0.12542084	0.10332924	-0.51075035	0.9999996	-0.3833662	0.21795376	-0.07121222	0.29184204	-0.47670314	0.25160235	-0.13385668	0.07815044	-0.23177557	0.18653663	-0.22898093	0.17009886
0.09546904	-0.092660375	0.09456437	-0.13069472	0.1648855	-0.07733432	0.1209743	-0.16722171	0.23153475	-0.13527052	0.078367054	-0.15651914	0.19579029	-0.5359434	0.15767132	-0.07690856	0.23516402	-0.3833662	0.9999995	-0.3963048	0.05563685	-0.18909734	0.22535966	-0.52554613	0.1885676	-0.06159588	0.20534487	-0.16222861	0.25659057	-0.21522786
-0.10832993	0.09773964	-0.10243107	0.15689155	-0.22740248	0.084269226	-0.12676743	0.15893003	-0.272694	0.1938693	-0.086907506	0.15055709	-0.17292902	0.26602688	-0.2848581	0.08340941	-0.24937272	0.21795376	-0.3963048	0.9999992	-0.06435937	0.18284671	-0.21700025	0.270071	-0.546036	0.06995947	-0.26653975	0.17793211	-0.30025268	0.3117298
0.08132638	-0.04068517	0.04035209	-0.033801008	0.04224988	-0.06639708	0.06626844	-0.061678894	0.054270368	-0.032091442	0.19522265	-0.08267484	0.06394214	-0.06402017	0.03489344	-0.28053895	0.09282516	-0.07121222	0.05563685	-0.06435937	0.9999991	-0.10637363	0.08070867	-0.06967557	0.039174214	-0.91924745	0.10802242	-0.07466228	0.0697736	-0.057246752
-0.10237236	0.0883332	-0.08883181	0.09381644	-0.121084005	0.08233293	-0.11999289	0.15316606	-0.15694685	0.09119721	-0.10446122	0.15732814	-0.17660736	0.18908332	-0.10180534	0.10435367	-0.6100586	0.29184204	-0.18909734	0.18284671	-0.10637363	0.999999	-0.6116938	0.2177075	-0.114788406	0.10428561	-0.29327518	0.21861377	-0.23452714	0.15701059
0.10038279	-0.09681248	0.094915025	-0.09987445	0.12446921	-0.083620265	0.12721255	-0.17918018	0.16470762	-0.09960855	0.09318602	-0.17907788	0.19907284	-0.22465278	0.10934949	-0.095036626	0.31674877	-0.47670314	0.22535966	-0.21700025	0.08070867	-0.6116938	0.9999986	-0.30042344	0.13216333	-0.089449406	0.26945612	-0.35080305	0.24992809	-0.18372253
-0.10184419	0.09270084	-0.09541306	0.12656029	-0.17067617	0.080919415	-0.122087665	0.1567657	-0.22603805	0.12674636	-0.08707644	0.15207244	-0.1786716	0.2751586	-0.15015826	0.08485865	-0.25820187	0.25160235	-0.52554613	0.270071	-0.06967557	0.2177075	-0.30042344	0.99999857	-0.22093661	0.07620168	-0.3203634	0.2479145	-0.5637387	0.23157318
0.06352253	-0.057955436	0.059860833	-0.08838065	0.123445466	-0.04997821	0.074692376	-0.09501515	0.14950672	-0.1095624	0.051948518	-0.09126854	0.10152292	-0.16573508	0.13328299	-0.050373252	0.14427598	-0.13385668	0.1885676	-0.546036	0.039174214	-0.114788406	0.13216333	-0.22093661	0.99999875	-0.042889133	0.16277829	-0.117240235	0.20243874	-0.74316335
-0.09940113	0.04642433	-0.04659543	0.038187202	-0.04807614	0.07735541	-0.07740906	0.069589905	-0.06158395	0.03576991	-0.23626591	0.092348926	-0.0728665	0.07061051	-0.03909221	0.21114802	-0.10353859	0.07815044	-0.06159588	0.06995947	-0.91924745	0.10428561	-0.089449406	0.07620168	-0.042889133	0.99999875	-0.13703012	0.08294558	-0.080008306	0.062073532
0.09533811	-0.088383146	0.08603658	-0.101190165	0.12562583	-0.07932833	0.11316532	-0.14880891	0.16148107	-0.109394066	0.097382545	-0.15511888	0.15296577	-0.22894849	0.117557794	-0.10085583	0.21721008	-0.23177557	0.20534487	-0.26653975	0.10802242	-0.29327518	0.26945612	-0.3203634	0.16277829	-0.13703012	0.9999987	-0.70656466	0.30933997	-0.2541269
-0.07012863	0.06377532	-0.06321288	0.07391084	-0.09401784	0.05735632	-0.08331943	0.108982906	-0.12153426	0.07714172	-0.06955363	0.11125604	-0.11832109	0.16238666	-0.08511098	0.069520906	-0.17916463	0.18653663	-0.16222861	0.17793211	-0.07466228	0.21861377	-0.35080305	0.2479145	-0.117240235	0.08294558	-0.70656466	0.99999857	-0.5141664	0.17175673
0.09185052	-0.08719055	0.08629264	-0.109531686	0.1386927	-0.07546636	0.11115839	-0.14719039	0.17891914	-0.11903598	0.08274729	-0.14819524	0.1546337	-0.25928965	0.13107492	-0.08393292	0.21270545	-0.22898093	0.25659057	-0.30025268	0.0697736	-0.23452714	0.24992809	-0.5637387	0.20243874	-0.080008306	0.30933997	-0.5141664	0.99999857	-0.32463735
-0.090578176	0.07937625	-0.08297115	0.12126504	-0.17678191	0.070120156	-0.10354523	0.12778096	-0.21047838	0.12884322	-0.073975705	0.12317824	-0.1360118	0.1972836	-0.16517432	0.07095394	-0.20540121	0.17009886	-0.21522786	0.3117298	-0.057246752	0.15701059	-0.18372253	0.23157318	-0.74316335	0.062073532	-0.2541269	0.17175673	-0.32463735	0.99999857
