1.0	-0.9032925	0.19862652	-0.22345378	0.14091533	-0.16729443	0.12163929	-0.13219987	0.11475001	-0.116234586	0.10513215	-0.12745167	0.10686977	-0.08260268	0.10864944	-0.08358322	0.090612076	-0.102612525	0.077030696	-0.09201412	0.08975885	-0.07810226	0.07091653	-0.07753996	0.056229897	-0.044435162	0.044341926	-0.07573041	0.059786446	-0.07871019
-0.9032925	0.99999976	-0.26907203	0.19620773	-0.14662205	0.1316527	-0.11525176	0.11895855	-0.11109123	0.10691915	-0.09931928	0.10951728	-0.10331699	0.07822009	-0.1074534	0.074790575	-0.08335514	0.090212904	-0.06952617	0.07996802	-0.08401654	0.0700338	-0.06349457	0.068121165	-0.049270637	0.039788987	-0.040323276	0.06607342	-0.05291365	0.06785574
0.19862652	-0.26907203	1.0000001	-0.89381146	0.14705433	-0.08409894	0.07458226	-0.18089695	0.17646532	-0.15359071	0.06561186	-0.082586	0.11284295	-0.09390686	0.1058645	-0.056041166	0.0622949	-0.083833314	0.06501661	-0.07801468	0.065559484	-0.05859209	0.05656412	-0.06393409	0.046820372	-0.03442681	0.0341093	-0.061673466	0.04864638	-0.06557956
-0.22345378	0.19620773	-0.89381146	0.99999994	-0.17425753	0.08375534	-0.07546321	0.16805542	-0.23155715	0.15547965	-0.067722894	0.082513526	-0.12118416	0.099025264	-0.116723545	0.056924324	-0.06375724	0.08458016	-0.06689367	0.0784459	-0.06765896	0.059478175	-0.05754957	0.06452788	-0.047230907	0.03489093	-0.034823313	0.06190747	-0.049226	0.065522164
0.14091533	-0.14662205	0.14705433	-0.17425753	1.0000001	-0.18684897	0.1552835	-0.34399155	0.2914682	-0.6517679	0.15717265	-0.2129115	0.24075548	-0.20250507	0.23874311	-0.14980775	0.16398601	-0.25476083	0.19301073	-0.25720623	0.17914629	-0.170811	0.16888207	-0.20300962	0.1519615	-0.10629832	0.10175728	-0.20052204	0.15323603	-0.22204795
-0.16729443	0.1316527	-0.08409894	0.08375534	-0.18684897	1.0000001	-0.75390637	0.18822905	-0.14574893	0.12576348	-0.39734805	0.3035212	-0.16876611	0.114125825	-0.16027209	0.20561843	-0.23152223	0.1541058	-0.110829175	0.11265753	-0.18360244	0.14156461	-0.11468065	0.107274815	-0.07340954	0.071869165	-0.07570976	0.10400987	-0.08603943	0.09593125
0.12163929	-0.11525176	0.07458226	-0.07546321	0.1552835	-0.75390637	1.0000001	-0.23917279	0.13753873	-0.11701475	0.24675345	-0.49303254	0.1524265	-0.10350297	0.13527708	-0.1753781	0.19467708	-0.13597153	0.093785524	-0.09742683	0.14445332	-0.12139714	0.09755295	-0.09219106	0.06278589	-0.059360214	0.061485805	-0.0892622	0.07290752	-0.082815975
-0.13219987	0.11895855	-0.18089695	0.16805542	-0.34399155	0.18822905	-0.23917279	1.0000002	-0.58578277	0.2825985	-0.14653142	0.18435879	-0.506186	0.26579738	-0.30267748	0.12080804	-0.14000933	0.18900841	-0.14814684	0.16161582	-0.14481033	0.12591699	-0.12679744	0.13573919	-0.097846165	0.071667	-0.072800875	0.12721518	-0.103508815	0.13139217
0.11475001	-0.11109123	0.17646532	-0.23155715	0.2914682	-0.14574893	0.13753873	-0.58578277	1.0000002	-0.57689077	0.11104641	-0.14784575	0.26752886	-0.30182803	0.23709047	-0.09811109	0.11047096	-0.16278602	0.12796536	-0.14994909	0.11672043	-0.106370404	0.10673844	-0.1217747	0.088427246	-0.06198196	0.06150209	-0.114860445	0.091145046	-0.12227752
-0.116234586	0.10691915	-0.15359071	0.15547965	-0.6517679	0.12576348	-0.11701475	0.2825985	-0.57689077	1.0000005	-0.11041283	0.13729385	-0.24981767	0.20161568	-0.26020235	0.09738037	-0.110072665	0.15915218	-0.13123201	0.15178965	-0.1217699	0.10813518	-0.10825181	0.12317513	-0.09094184	0.06474003	-0.064595684	0.1170998	-0.09364398	0.12529801
0.10513215	-0.09931928	0.06561186	-0.067722894	0.15717265	-0.39734805	0.24675345	-0.14653142	0.11104641	-0.11041283	1.0000004	-0.47188506	0.14364757	-0.10239475	0.14296834	-0.64950407	0.30310574	-0.20251362	0.124927744	-0.13037246	0.22081386	-0.1998016	0.1439397	-0.1316611	0.08593959	-0.09065241	0.09004873	-0.13040768	0.10363233	-0.114209294
-0.12745167	0.10951728	-0.082586	0.082513526	-0.2129115	0.3035212	-0.49303254	0.18435879	-0.14784575	0.13729385	-0.47188506	1.0000004	-0.1961294	0.13198128	-0.1914646	0.28572267	-0.48498464	0.21379238	-0.14582755	0.14205633	-0.2696139	0.21177429	-0.16396663	0.14215757	-0.09489684	0.09897294	-0.10566869	0.13821709	-0.115533605	0.12192221
0.10686977	-0.10331699	0.11284295	-0.12118416	0.24075548	-0.16876611	0.1524265	-0.506186	0.26752886	-0.24981767	0.14364757	-0.1961294	1.0000005	-0.5754226	0.31486905	-0.13539602	0.15789919	-0.3164861	0.19208615	-0.2230601	0.16762851	-0.15980445	0.17303388	-0.18766482	0.13064356	-0.08877047	0.088155776	-0.17444669	0.13764277	-0.179575
-0.08260268	0.07822009	-0.09390686	0.099025264	-0.20250507	0.114125825	-0.10350297	0.26579738	-0.30182803	0.20161568	-0.10239475	0.13198128	-0.5754226	1.0000001	-0.6640977	0.09521107	-0.11091617	0.18948369	-0.19159779	0.18480879	-0.12331254	0.113755055	-0.12380159	0.14651562	-0.10483077	0.06525625	-0.06548204	0.12784861	-0.10514359	0.13770294
0.10864944	-0.1074534	0.1058645	-0.116723545	0.23874311	-0.16027209	0.13527708	-0.30267748	0.23709047	-0.26020235	0.14296834	-0.1914646	0.31486905	-0.6640977	1.0000002	-0.13876173	0.15623201	-0.27230233	0.22379068	-0.30805677	0.17410378	-0.1674558	0.17383577	-0.21466915	0.16324386	-0.099283345	0.096918836	-0.19908734	0.15665947	-0.22573416
-0.08358322	0.074790575	-0.056041166	0.056924324	-0.14980775	0.20561843	-0.1753781	0.12080804	-0.09811109	0.09738037	-0.64950407	0.28572267	-0.13539602	0.09521107	-0.13876173	0.9999999	-0.5670256	0.20306581	-0.12582295	0.12071311	-0.32050493	0.22720279	-0.15867184	0.12888196	-0.082347095	0.09666023	-0.09990225	0.12681438	-0.104450226	0.10551768
0.090612076	-0.08335514	0.0622949	-0.06375724	0.16398601	-0.23152223	0.19467708	-0.14000933	0.11047096	-0.110072665	0.30310574	-0.48498464	0.15789919	-0.11091617	0.15623201	-0.5670256	1.0000002	-0.34053585	0.1529327	-0.14562874	0.28315082	-0.390436	0.21566547	-0.16520214	0.099694625	-0.10830332	0.11057829	-0.16160071	0.1295589	-0.12750536
-0.102612525	0.090212904	-0.083833314	0.08458016	-0.25476083	0.1541058	-0.13597153	0.18900841	-0.16278602	0.15915218	-0.20251362	0.21379238	-0.3164861	0.18948369	-0.27230233	0.20306581	-0.34053585	1.0000002	-0.31239027	0.22450858	-0.33291504	0.28848	-0.58044255	0.27035502	-0.16289264	0.13012932	-0.14353475	0.24705498	-0.22883071	0.18888234
0.077030696	-0.06952617	0.06501661	-0.06689367	0.19301073	-0.110829175	0.093785524	-0.14814684	0.12796536	-0.13123201	0.124927744	-0.14582755	0.19208615	-0.19159779	0.22379068	-0.12582295	0.1529327	-0.31239027	1.0000001	-0.597466	0.19676733	-0.19126102	0.23910694	-0.5433222	0.25901902	-0.10190144	0.106384076	-0.25991404	0.24227014	-0.29795867
-0.09201412	0.07996802	-0.07801468	0.0784459	-0.25720623	0.11265753	-0.09742683	0.16161582	-0.14994909	0.15178965	-0.13037246	0.14205633	-0.2230601	0.18480879	-0.30805677	0.12071311	-0.14562874	0.22450858	-0.597466	0.99999994	-0.20592777	0.16566734	-0.19674332	0.2816557	-0.4904206	0.09948432	-0.10964932	0.20270145	-0.22136879	0.29723603
0.08975885	-0.08401654	0.065559484	-0.06765896	0.17914629	-0.18360244	0.14445332	-0.14481033	0.11672043	-0.1217699	0.22081386	-0.2696139	0.16762851	-0.12331254	0.17410378	-0.32050493	0.28315082	-0.33291504	0.19676733	-0.20592777	1.0000001	-0.65256345	0.27660757	-0.24025333	0.14050658	-0.26028624	0.20376049	-0.24674714	0.18281174	-0.18780267
-0.07810226	0.0700338	-0.05859209	0.059478175	-0.170811	0.14156461	-0.12139714	0.12591699	-0.106370404	0.10813518	-0.1998016	0.21177429	-0.15980445	0.113755055	-0.1674558	0.22720279	-0.390436	0.28848	-0.19126102	0.16566734	-0.65256345	1.0000001	-0.46494544	0.21341456	-0.12235977	0.16378452	-0.18515658	0.20928627	-0.17793742	0.14850369
0.07091653	-0.06349457	0.05656412	-0.05754957	0.16888207	-0.11468065	0.09755295	-0.12679744	0.10673844	-0.10825181	0.1439397	-0.16396663	0.17303388	-0.12380159	0.17383577	-0.15867184	0.21566547	-0.58044255	0.23910694	-0.19674332	0.27660757	-0.46494544	0.9999999	-0.41351262	0.15242426	-0.11848444	0.12617001	-0.37922192	0.25013962	-0.18101071
-0.07753996	0.068121165	-0.06393409	0.06452788	-0.20300962	0.107274815	-0.09219106	0.13573919	-0.1217747	0.12317513	-0.1316611	0.14215757	-0.18766482	0.14651562	-0.21466915	0.12888196	-0.16520214	0.27035502	-0.5433222	0.2816557	-0.24025333	0.21341456	-0.41351262	0.9999994	-0.2930595	0.10987225	-0.12219534	0.29587975	-0.4709991	0.25342175
0.056229897	-0.049270637	0.046820372	-0.047230907	0.1519615	-0.07340954	0.06278589	-0.097846165	0.088427246	-0.09094184	0.08593959	-0.09489684	0.13064356	-0.10483077	0.16324386	-0.082347095	0.099694625	-0.16289264	0.25901902	-0.4904206	0.14050658	-0.12235977	0.15242426	-0.2930595	0.9999994	-0.07171158	0.07769002	-0.18481806	0.20368682	-0.7530345
-0.044435162	0.039788987	-0.03442681	0.03489093	-0.10629832	0.071869165	-0.059360214	0.071667	-0.06198196	0.06474003	-0.09065241	0.09897294	-0.08877047	0.06525625	-0.099283345	0.09666023	-0.10830332	0.13012932	-0.10190144	0.09948432	-0.26028624	0.16378452	-0.11848444	0.10987225	-0.07171158	0.9999997	-0.92311	0.1417681	-0.11218682	0.09231149
0.044341926	-0.040323276	0.0341093	-0.034823313	0.10175728	-0.07570976	0.061485805	-0.072800875	0.06150209	-0.064595684	0.09004873	-0.10566869	0.088155776	-0.06548204	0.096918836	-0.09990225	0.11057829	-0.14353475	0.106384076	-0.10964932	0.20376049	-0.18515658	0.12617001	-0.12219534	0.07769002	-0.92311	0.9999993	-0.1756609	0.11921791	-0.1035051
-0.07573041	0.06607342	-0.061673466	0.06190747	-0.20052204	0.10400987	-0.0892622	0.12721518	-0.114860445	0.1170998	-0.13040768	0.13821709	-0.17444669	0.12784861	-0.19908734	0.12681438	-0.16160071	0.24705498	-0.25991404	0.20270145	-0.24674714	0.20928627	-0.37922192	0.29587975	-0.18481806	0.1417681	-0.1756609	0.99999917	-0.7258751	0.21395527
0.059786446	-0.05291365	0.04864638	-0.049226	0.15323603	-0.08603943	0.07290752	-0.103508815	0.091145046	-0.09364398	0.10363233	-0.115533605	0.13764277	-0.10514359	0.15665947	-0.104450226	0.1295589	-0.22883071	0.24227014	-0.22136879	0.18281174	-0.17793742	0.25013962	-0.4709991	0.20368682	-0.11218682	0.11921791	-0.7258751	0.99999917	-0.30368206
-0.07871019	0.06785574	-0.06557956	0.065522164	-0.22204795	0.09593125	-0.082815975	0.13139217	-0.12227752	0.12529801	-0.114209294	0.12192221	-0.179575	0.13770294	-0.22573416	0.10551768	-0.12750536	0.18888234	-0.29795867	0.29723603	-0.18780267	0.14850369	-0.18101071	0.25342175	-0.7530345	0.09231149	-0.1035051	0.21395527	-0.30368206	0.99999917
