1.0000002	-0.53186387	0.15110537	-0.0897032	0.053522225	-0.7020133	0.32358047	-0.15271313	0.07836413	-0.04453127	0.2102965	-0.24669671	0.10360675	-0.03941667	0.04551958	-0.13025819	0.10801899	-0.11768499	0.04379955	-0.047540773	0.035870668	-0.04273725	0.043744687	-0.03832609	0.03267107	-0.04405449	0.036936704	-0.03168606	0.034310374	-0.042120792
-0.53186387	0.9999998	-0.26045743	0.10665591	-0.06101395	0.3041026	-0.7132364	0.18163174	-0.095923685	0.04980021	-0.16046405	0.16070762	-0.10796155	0.039527837	-0.04634937	0.09432879	-0.0861605	0.11068998	-0.042986978	0.046144694	-0.029260172	0.035308503	-0.038368236	0.035420313	-0.030987035	0.036631357	-0.03163302	0.027768578	-0.031512845	0.039461117
0.15110537	-0.26045743	0.9999995	-0.39462644	0.1432937	-0.117054105	0.17283988	-0.7485092	0.2517151	-0.12278155	0.08255531	-0.09047873	0.22573626	-0.085820384	0.0978044	-0.11274333	0.09746869	-0.25363767	0.08895054	-0.09683027	0.043459035	-0.054516923	0.06620494	-0.06861515	0.061046984	-0.05916332	0.051375642	-0.048842285	0.059124835	-0.078603536
-0.0897032	0.10665591	-0.39462644	0.9999997	-0.34333962	0.065088235	-0.09436516	0.25391582	-0.7619843	0.24444649	-0.051189534	0.054383315	-0.14573532	0.112083554	-0.14652263	0.07371078	-0.06596646	0.14485747	-0.10645384	0.11934856	-0.033708185	0.042311106	-0.055003595	0.0710885	-0.070799775	0.046703707	-0.043406293	0.041703593	-0.0610281	0.08753589
0.053522225	-0.06101395	0.1432937	-0.34333962	0.99999976	-0.041455086	0.053687368	-0.15708861	0.27025443	-0.8073883	0.037750065	-0.040822983	0.11081769	-0.1684143	0.23021336	-0.070820734	0.061602503	-0.12910616	0.13939026	-0.22382112	0.03890434	-0.049464975	0.06635894	-0.10593915	0.11347158	-0.056255437	0.053290054	-0.052814674	0.08608564	-0.15089633
-0.7020133	0.3041026	-0.117054105	0.065088235	-0.041455086	0.9999997	-0.524077	0.11125069	-0.06063975	0.03386933	-0.32313293	0.23193343	-0.08340854	0.030040212	-0.03497905	0.10741064	-0.09699538	0.087669335	-0.033592477	0.035734598	-0.029198067	0.034514803	-0.03474107	0.029412255	-0.024925426	0.03475196	-0.029604051	0.024899106	-0.026605345	0.031744685
0.32358047	-0.7132364	0.17283988	-0.09436516	0.053687368	-0.524077	0.99999976	-0.18367562	0.08279601	-0.04467986	0.18959308	-0.2306785	0.10265619	-0.037376717	0.04309939	-0.105477825	0.09299515	-0.11130303	0.040944126	-0.044002686	0.030548979	-0.03671724	0.03860968	-0.034640715	0.02975437	-0.03774094	0.032107245	-0.027938912	0.030850207	-0.038151283
-0.15271313	0.18163174	-0.7485092	0.25391582	-0.15708861	0.11125069	-0.18367562	0.9999995	-0.31924662	0.12735742	-0.08374886	0.088773794	-0.37430274	0.08861257	-0.10311144	0.10429596	-0.09641914	0.23861203	-0.092410356	0.09437541	-0.041587077	0.052063953	-0.06498676	0.06704713	-0.06030202	0.055932596	-0.049964394	0.047224917	-0.058501687	0.07547416
0.07836413	-0.095923685	0.2517151	-0.7619843	0.27025443	-0.06063975	0.08279601	-0.31924662	0.9999991	-0.3730486	0.050105628	-0.054458506	0.15110774	-0.14018707	0.16104436	-0.082458705	0.07168156	-0.16995542	0.1184061	-0.14222296	0.037859846	-0.047758903	0.061690934	-0.08207839	0.08043797	-0.053072944	0.048639078	-0.04723532	0.0688115	-0.10264232
-0.04453127	0.04980021	-0.12278155	0.24444649	-0.8073883	0.03386933	-0.04467986	0.12735742	-0.3730486	0.9999991	-0.030665614	0.032907654	-0.09359999	0.15541431	-0.3166861	0.055218883	-0.04909552	0.10214198	-0.1319013	0.17831908	-0.030944677	0.03928257	-0.05395171	0.08613858	-0.09368408	0.044345345	-0.04301235	0.042612765	-0.07131245	0.11542958
0.2102965	-0.16046405	0.08255531	-0.051189534	0.037750065	-0.32313293	0.18959308	-0.08374886	0.050105628	-0.030665614	0.9999988	-0.86189973	0.09971935	-0.03275389	0.037124943	-0.22772416	0.1848749	-0.1069589	0.038010187	-0.038946036	0.048297398	-0.055857256	0.049597222	-0.0365046	0.028794501	-0.053134903	0.04405881	-0.03506757	0.033801153	-0.03652959
-0.24669671	0.16070762	-0.09047873	0.054383315	-0.040822983	0.23193343	-0.2306785	0.088773794	-0.054458506	0.032907654	-0.86189973	0.9999986	-0.11811648	0.034960162	-0.039712746	0.19815871	-0.24387017	0.11387604	-0.040640473	0.040957842	-0.049850043	0.058486376	-0.052744016	0.03834083	-0.0303475	0.054035448	-0.04654021	0.03681929	-0.03566142	0.038179204
0.10360675	-0.10796155	0.22573626	-0.14573532	0.11081769	-0.08340854	0.10265619	-0.37430274	0.15110774	-0.09359999	0.09971935	-0.11811648	0.9999984	-0.13511592	0.12176788	-0.1955527	0.17447321	-0.8070323	0.14370124	-0.13000682	0.07533082	-0.09683819	0.12119405	-0.10898607	0.08528135	-0.1025114	0.087693214	-0.08704422	0.09303612	-0.10990796
-0.03941667	0.039527837	-0.085820384	0.112083554	-0.1684143	0.030040212	-0.037376717	0.08861257	-0.14018707	0.15541431	-0.03275389	0.034960162	-0.13511592	0.99999857	-0.5630172	0.06730488	-0.06373692	0.13781597	-0.7014134	0.27014288	-0.048186	0.061706204	-0.097195245	0.18440223	-0.15491109	0.068470985	-0.07427612	0.07663527	-0.15578794	0.17049357
0.04551958	-0.04634937	0.0978044	-0.14652263	0.23021336	-0.03497905	0.04309939	-0.10311144	0.16104436	-0.3166861	0.037124943	-0.039712746	0.12176788	-0.5630172	0.99999875	-0.07910453	0.071502626	-0.13900106	0.30300492	-0.54931283	0.055504438	-0.07137904	0.10329063	-0.20038745	0.21911108	-0.08152504	0.08244671	-0.084497795	0.1557872	-0.27163365
-0.13025819	0.09432879	-0.11274333	0.07371078	-0.070820734	0.10741064	-0.105477825	0.10429596	-0.082458705	0.055218883	-0.22772416	0.19815871	-0.1955527	0.06730488	-0.07910453	0.9999986	-0.85299855	0.19440588	-0.08327225	0.079839565	-0.18843581	0.17919259	-0.15372778	0.09020627	-0.066671744	0.15632252	-0.14447649	0.10225994	-0.08954667	0.08061568
0.10801899	-0.0861605	0.09746869	-0.06596646	0.061602503	-0.09699538	0.09299515	-0.09641914	0.07168156	-0.04909552	0.1848749	-0.24387017	0.17447321	-0.06373692	0.071502626	-0.85299855	0.9999985	-0.24660474	0.07820102	-0.07630446	0.15952398	-0.21015385	0.13980146	-0.0867979	0.06145553	-0.16306873	0.12984833	-0.09822628	0.0824558	-0.07750362
-0.11768499	0.11068998	-0.25363767	0.14485747	-0.12910616	0.087669335	-0.11130303	0.23861203	-0.16995542	0.10214198	-0.1069589	0.11387604	-0.8070323	0.13781597	-0.13900106	0.19440588	-0.24660474	0.99999857	-0.18527651	0.13381752	-0.08461492	0.10825691	-0.15962096	0.11953926	-0.09330391	0.10937849	-0.10269734	0.09971799	-0.1072208	0.113241285
0.04379955	-0.042986978	0.08895054	-0.10645384	0.13939026	-0.033592477	0.040944126	-0.092410356	0.1184061	-0.1319013	0.038010187	-0.040640473	0.14370124	-0.7014134	0.30300492	-0.08327225	0.07820102	-0.18527651	0.99999833	-0.40422833	0.062126663	-0.080787845	0.12524652	-0.3347205	0.19551265	-0.09007928	0.09523363	-0.10187146	0.20164177	-0.24453248
-0.047540773	0.046144694	-0.09683027	0.11934856	-0.22382112	0.035734598	-0.044002686	0.09437541	-0.14222296	0.17831908	-0.038946036	0.040957842	-0.13000682	0.27014288	-0.54931283	0.079839565	-0.07630446	0.13381752	-0.40422833	0.9999983	-0.061868344	0.0782049	-0.1228205	0.2008824	-0.5179987	0.087619536	-0.09806391	0.09779074	-0.1981613	0.28895313
0.035870668	-0.029260172	0.043459035	-0.033708185	0.03890434	-0.029198067	0.030548979	-0.041587077	0.037859846	-0.030944677	0.048297398	-0.049850043	0.07533082	-0.048186	0.055504438	-0.18843581	0.15952398	-0.08461492	0.062126663	-0.061868344	0.9999983	-0.667559	0.23819359	-0.10912548	0.059291296	-0.6277064	0.26133236	-0.1775246	0.10923274	-0.07590541
-0.04273725	0.035308503	-0.054516923	0.042311106	-0.049464975	0.034514803	-0.03671724	0.052063953	-0.047758903	0.03928257	-0.055857256	0.058486376	-0.09683819	0.061706204	-0.07137904	0.17919259	-0.21015385	0.10825691	-0.080787845	0.0782049	-0.667559	0.9999982	-0.44258124	0.14263076	-0.07679054	0.32552135	-0.4098697	0.23899238	-0.14965853	0.096200004
0.043744687	-0.038368236	0.06620494	-0.055003595	0.06635894	-0.03474107	0.03860968	-0.06498676	0.061690934	-0.05395171	0.049597222	-0.052744016	0.12119405	-0.097195245	0.10329063	-0.15372778	0.13980146	-0.15962096	0.12524652	-0.1228205	0.23819359	-0.44258124	0.99999845	-0.3062666	0.11531177	-0.37199947	0.3196561	-0.62006336	0.24387337	-0.15870167
-0.03832609	0.035420313	-0.06861515	0.0710885	-0.10593915	0.029412255	-0.034640715	0.06704713	-0.08207839	0.08613858	-0.0365046	0.03834083	-0.10898607	0.18440223	-0.20038745	0.09020627	-0.0867979	0.11953926	-0.3347205	0.2008824	-0.10912548	0.14263076	-0.3062666	0.9999985	-0.23169771	0.15190963	-0.20107248	0.2295194	-0.7463566	0.24497932
0.03267107	-0.030987035	0.061046984	-0.070799775	0.11347158	-0.024925426	0.02975437	-0.06030202	0.08043797	-0.09368408	0.028794501	-0.0303475	0.08528135	-0.15491109	0.21911108	-0.066671744	0.06145553	-0.09330391	0.19551265	-0.5179987	0.059291296	-0.07679054	0.11531177	-0.23169771	0.9999983	-0.0887844	0.094513305	-0.10085848	0.20814863	-0.74273777
-0.04405449	0.036631357	-0.05916332	0.046703707	-0.056255437	0.03475196	-0.03774094	0.055932596	-0.053072944	0.044345345	-0.053134903	0.054035448	-0.1025114	0.068470985	-0.08152504	0.15632252	-0.16306873	0.10937849	-0.09007928	0.087619536	-0.6277064	0.32552135	-0.37199947	0.15190963	-0.0887844	0.99999845	-0.53140837	0.25028032	-0.16939488	0.1079983
0.036936704	-0.03163302	0.051375642	-0.043406293	0.053290054	-0.029604051	0.032107245	-0.049964394	0.048639078	-0.04301235	0.04405881	-0.04654021	0.087693214	-0.07427612	0.08244671	-0.14447649	0.12984833	-0.10269734	0.09523363	-0.09806391	0.26133236	-0.4098697	0.3196561	-0.20107248	0.094513305	-0.53140837	0.9999983	-0.5977241	0.19874102	-0.1321216
-0.03168606	0.027768578	-0.048842285	0.041703593	-0.052814674	0.024899106	-0.027938912	0.047224917	-0.04723532	0.042612765	-0.03506757	0.03681929	-0.08704422	0.07663527	-0.084497795	0.10225994	-0.09822628	0.09971799	-0.10187146	0.09779074	-0.1775246	0.23899238	-0.62006336	0.2295194	-0.10085848	0.25028032	-0.5977241	0.99999803	-0.3408306	0.13600336
0.034310374	-0.031512845	0.059124835	-0.0610281	0.08608564	-0.026605345	0.030850207	-0.058501687	0.0688115	-0.07131245	0.033801153	-0.03566142	0.09303612	-0.15578794	0.1557872	-0.08954667	0.0824558	-0.1072208	0.20164177	-0.1981613	0.10923274	-0.14965853	0.24387337	-0.7463566	0.20814863	-0.16939488	0.19874102	-0.3408306	0.99999803	-0.3643192
-0.042120792	0.039461117	-0.078603536	0.08753589	-0.15089633	0.031744685	-0.038151283	0.07547416	-0.10264232	0.11542958	-0.03652959	0.038179204	-0.10990796	0.17049357	-0.27163365	0.08061568	-0.07750362	0.113241285	-0.24453248	0.28895313	-0.07590541	0.096200004	-0.15870167	0.24497932	-0.74273777	0.1079983	-0.1321216	0.13600336	-0.3643192	0.99999803
