1.0000001	-0.19413541	0.1629837	-0.19552878	0.12009956	-0.70701194	0.30308005	-0.3248153	0.16766858	-0.1016084	0.2553587	-0.29743603	0.15498151	-0.18031739	0.108609125	-0.22442457	0.15540259	-0.14134705	0.15249729	-0.105816506	0.18942851	-0.13923101	0.14361092	-0.099541076	0.09621118	-0.3139397	0.107760414	-0.1026893	0.105327845	-0.09517802
-0.19413541	1.0000002	-0.9334386	0.10205136	-0.060612265	0.1381411	-0.22123425	0.16253431	-0.09183065	0.048916355	-0.083133936	0.11589505	-0.07307815	0.079293035	-0.049954116	0.065847345	-0.06342522	0.059047975	-0.066633776	0.04685942	-0.065026276	0.054061837	-0.060188904	0.041770697	-0.041195612	0.0964221	-0.043643527	0.0411848	-0.044310477	0.039815377
0.1629837	-0.9334386	1.0000004	-0.123138994	0.06692624	-0.1399449	0.18438508	-0.19480997	0.101567715	-0.054769512	0.086301774	-0.12974341	0.08189142	-0.09135028	0.054876965	-0.0708478	0.06918954	-0.06546381	0.07283314	-0.05198644	0.07023879	-0.059503745	0.06575779	-0.045925528	0.04521332	-0.108068444	0.04772189	-0.045377683	0.048491657	-0.04401028
-0.19552878	0.10205136	-0.123138994	1.0000005	-0.43285778	0.13588779	-0.21960889	0.2440805	-0.72118336	0.2614295	-0.12795691	0.19977392	-0.17154428	0.18809727	-0.20789015	0.100412555	-0.14460485	0.15163057	-0.19795626	0.17188214	-0.11890622	0.12230048	-0.15864418	0.11761558	-0.12588163	0.16242088	-0.10806717	0.10281918	-0.1235308	0.11689814
0.12009956	-0.060612265	0.06692624	-0.43285778	1.0000006	-0.09210338	0.13354973	-0.17569858	0.27046168	-0.7341358	0.09768275	-0.1872214	0.12020272	-0.14609712	0.26406977	-0.082667544	0.12251395	-0.14711346	0.17589769	-0.26876482	0.098803	-0.11180676	0.13619623	-0.118992016	0.13246459	-0.15608478	0.093981355	-0.0977486	0.1148124	-0.1357574
-0.70701194	0.1381411	-0.1399449	0.13588779	-0.09210338	1.0000006	-0.47369906	0.2422812	-0.1300896	0.076371394	-0.367406	0.22546975	-0.12006275	0.12951066	-0.08474024	0.19737189	-0.12598734	0.10883144	-0.1209968	0.080755435	-0.16807868	0.10969815	-0.114409804	0.07756067	-0.075166345	0.21413392	-0.08566573	0.07950335	-0.08298352	0.07282867
0.30308005	-0.22123425	0.18438508	-0.21960889	0.13354973	-0.47369906	1.0000005	-0.60103005	0.20707145	-0.11444082	0.20936756	-0.36619213	0.20189756	-0.22049616	0.11868809	-0.16456354	0.16558203	-0.15163669	0.16494985	-0.11379147	0.15753452	-0.13817094	0.15010865	-0.10347043	0.10083597	-0.225912	0.109069765	-0.10312977	0.10924866	-0.09799311
-0.3248153	0.16253431	-0.19480997	0.2440805	-0.17569858	0.2422812	-0.60103005	1.0000002	-0.37284216	0.14655373	-0.18691184	0.2659968	-0.36744258	0.2615611	-0.15275101	0.13809451	-0.17594732	0.17313592	-0.20508386	0.13686697	-0.15280634	0.14223862	-0.176525	0.12022808	-0.12025918	0.19856805	-0.12153936	0.11245514	-0.12827945	0.11214679
0.16766858	-0.09183065	0.101567715	-0.72118336	0.27046168	-0.1300896	0.20707145	-0.37284216	1.0000001	-0.32120287	0.11990063	-0.21333249	0.19970818	-0.27256072	0.18428963	-0.09681128	0.1354715	-0.14923769	0.17513163	-0.17260863	0.11193836	-0.11673353	0.14283109	-0.108926415	0.11419977	-0.16376615	0.09837891	-0.09655862	0.110838376	-0.1117734
-0.1016084	0.048916355	-0.054769512	0.2614295	-0.7341358	0.076371394	-0.11444082	0.14655373	-0.32120287	0.9999999	-0.07991114	0.14691459	-0.103833586	0.12239078	-0.4568166	0.06671068	-0.10451223	0.12511607	-0.1700552	0.23982248	-0.080300726	0.09315602	-0.12048726	0.10388836	-0.12327259	0.120496996	-0.080544315	0.08201533	-0.101414196	0.11352318
0.2553587	-0.083133936	0.086301774	-0.12795691	0.09768275	-0.367406	0.20936756	-0.18691184	0.11990063	-0.07991114	0.9999996	-0.33001414	0.117757976	-0.12916544	0.096028395	-0.6798134	0.17111515	-0.13548267	0.14517726	-0.09294775	0.29296228	-0.16035236	0.14586988	-0.097165026	0.091845244	-0.3821102	0.11482174	-0.106172256	0.10429559	-0.08994119
-0.29743603	0.11589505	-0.12974341	0.19977392	-0.1872214	0.22546975	-0.36619213	0.2659968	-0.21333249	0.14691459	-0.33001414	0.99999964	-0.2629918	0.22409351	-0.19415149	0.21214616	-0.4592526	0.26355645	-0.3132126	0.17876422	-0.2532287	0.26259407	-0.29585516	0.18732001	-0.18116553	0.27303326	-0.21903896	0.18762997	-0.20674261	0.16639175
0.15498151	-0.07307815	0.08189142	-0.17154428	0.12020272	-0.12006275	0.20189756	-0.36744258	0.19970818	-0.103833586	0.117757976	-0.2629918	0.9999993	-0.81842405	0.11512106	-0.092169836	0.15686288	-0.22458954	0.18929447	-0.11205917	0.10702893	-0.12260406	0.15552689	-0.103844404	0.09745721	-0.14124365	0.09941062	-0.09500999	0.10453277	-0.09277552
-0.18031739	0.079293035	-0.09135028	0.18809727	-0.14609712	0.12951066	-0.22049616	0.2615611	-0.27256072	0.12239078	-0.12916544	0.22409351	-0.81842405	0.9999993	-0.14067237	0.0993057	-0.16842073	0.19592677	-0.23055187	0.12932822	-0.1185537	0.13054451	-0.17519635	0.11709437	-0.11334739	0.15138668	-0.11195956	0.10461042	-0.12086932	0.10484016
0.108609125	-0.049954116	0.054876965	-0.20789015	0.26406977	-0.08474024	0.11868809	-0.15275101	0.18428963	-0.4568166	0.096028395	-0.19415149	0.11512106	-0.14067237	0.99999946	-0.08335561	0.13527554	-0.18408301	0.23395622	-0.709116	0.101081245	-0.12666872	0.15932336	-0.16014695	0.19477823	-0.15994196	0.10675394	-0.1153094	0.14326946	-0.19052291
-0.22442457	0.065847345	-0.0708478	0.100412555	-0.082667544	0.19737189	-0.16456354	0.13809451	-0.09681128	0.06671068	-0.6798134	0.21214616	-0.092169836	0.0993057	-0.08335561	0.9999993	-0.16907586	0.11941406	-0.12946385	0.08020622	-0.57338005	0.15855628	-0.13684268	0.08737052	-0.0819957	0.2898879	-0.11096571	0.09681699	-0.09488597	0.079123236
0.15540259	-0.06342522	0.06918954	-0.14460485	0.12251395	-0.12598734	0.16558203	-0.17594732	0.1354715	-0.10451223	0.17111515	-0.4592526	0.15686288	-0.16842073	0.13527554	-0.16907586	0.9999995	-0.42879036	0.2517327	-0.14738443	0.20136495	-0.6132992	0.2821424	-0.17852916	0.14888683	-0.24406096	0.23350622	-0.22805674	0.1762749	-0.15397376
-0.14134705	0.059047975	-0.06546381	0.15163057	-0.14711346	0.10883144	-0.15163669	0.17313592	-0.14923769	0.12511607	-0.13548267	0.26355645	-0.22458954	0.19592677	-0.18408301	0.11941406	-0.42879036	0.99999946	-0.5984665	0.20224765	-0.15306038	0.25854397	-0.47986734	0.23118956	-0.19011573	0.19732414	-0.19784302	0.19389232	-0.20915821	0.17639914
0.15249729	-0.066633776	0.07283314	-0.19795626	0.17589769	-0.1209968	0.16494985	-0.20508386	0.17513163	-0.1700552	0.14517726	-0.3132126	0.18929447	-0.23055187	0.23395622	-0.12946385	0.2517327	-0.5984665	0.9999997	-0.3942432	0.15757753	-0.23003912	0.29038402	-0.3095278	0.22408462	-0.24241343	0.17639287	-0.19479276	0.21975693	-0.22622885
-0.105816506	0.04685942	-0.05198644	0.17188214	-0.26876482	0.080755435	-0.11379147	0.13686697	-0.17260863	0.23982248	-0.09294775	0.17876422	-0.11205917	0.12932822	-0.709116	0.08020622	-0.14738443	0.20224765	-0.3942432	0.9999997	-0.09949404	0.13316655	-0.18946466	0.19100301	-0.32006004	0.14676705	-0.11789235	0.123701185	-0.17291135	0.20717074
0.18942851	-0.065026276	0.07023879	-0.11890622	0.098803	-0.16807868	0.15753452	-0.15280634	0.11193836	-0.080300726	0.29296228	-0.2532287	0.10702893	-0.1185537	0.101081245	-0.57338005	0.20136495	-0.15306038	0.15757753	-0.09949404	0.99999976	-0.27655292	0.1758244	-0.11341821	0.10373628	-0.6284588	0.15026297	-0.13531339	0.12158398	-0.10278697
-0.13923101	0.054061837	-0.059503745	0.12230048	-0.11180676	0.10969815	-0.13817094	0.14223862	-0.11673353	0.09315602	-0.16035236	0.26259407	-0.12260406	0.13054451	-0.12666872	0.15855628	-0.6132992	0.25854397	-0.23003912	0.13316655	-0.27655292	0.99999994	-0.40108544	0.19124298	-0.15802045	0.22978544	-0.44634083	0.26385164	-0.20541397	0.15608263
0.14361092	-0.060188904	0.06575779	-0.15864418	0.13619623	-0.114409804	0.15010865	-0.176525	0.14283109	-0.12048726	0.14586988	-0.29585516	0.15552689	-0.17519635	0.15932336	-0.13684268	0.2821424	-0.47986734	0.29038402	-0.18946466	0.1758244	-0.40108544	0.9999998	-0.45701116	0.2314789	-0.24945006	0.253724	-0.34482396	0.27313942	-0.24606574
-0.099541076	0.041770697	-0.045925528	0.11761558	-0.118992016	0.07756067	-0.10347043	0.12022808	-0.108926415	0.10388836	-0.097165026	0.18732001	-0.103844404	0.11709437	-0.16014695	0.08737052	-0.17852916	0.23118956	-0.3095278	0.19100301	-0.11341821	0.19124298	-0.45701116	0.9999997	-0.48603505	0.15853523	-0.19440249	0.22156328	-0.579479	0.31003276
0.09621118	-0.041195612	0.04521332	-0.12588163	0.13246459	-0.075166345	0.10083597	-0.12025918	0.11419977	-0.12327259	0.091845244	-0.18116553	0.09745721	-0.11334739	0.19477823	-0.0819957	0.14888683	-0.19011573	0.22408462	-0.32006004	0.10373628	-0.15802045	0.2314789	-0.48603505	0.9999997	-0.15504135	0.14925109	-0.17676362	0.30449224	-0.6866149
-0.3139397	0.0964221	-0.108068444	0.16242088	-0.15608478	0.21413392	-0.225912	0.19856805	-0.16376615	0.120496996	-0.3821102	0.27303326	-0.14124365	0.15138668	-0.15994196	0.2898879	-0.24406096	0.19732414	-0.24241343	0.14676705	-0.6284588	0.22978544	-0.24945006	0.15853523	-0.15504135	0.99999976	-0.19623621	0.16444948	-0.17935923	0.14287606
0.107760414	-0.043643527	0.04772189	-0.10806717	0.093981355	-0.08566573	0.109069765	-0.12153936	0.09837891	-0.080544315	0.11482174	-0.21903896	0.09941062	-0.11195956	0.10675394	-0.11096571	0.23350622	-0.19784302	0.17639287	-0.11789235	0.15026297	-0.44634083	0.253724	-0.19440249	0.14925109	-0.19623621	0.99999994	-0.75125575	0.22585587	-0.18149665
-0.1026893	0.0411848	-0.045377683	0.10281918	-0.0977486	0.07950335	-0.10312977	0.11245514	-0.09655862	0.08201533	-0.106172256	0.18762997	-0.09500999	0.10461042	-0.1153094	0.09681699	-0.22805674	0.19389232	-0.19479276	0.123701185	-0.13531339	0.26385164	-0.34482396	0.22156328	-0.17676362	0.16444948	-0.75125575	0.99999994	-0.37553164	0.19404042
0.105327845	-0.044310477	0.048491657	-0.1235308	0.1148124	-0.08298352	0.10924866	-0.12827945	0.110838376	-0.101414196	0.10429559	-0.20674261	0.10453277	-0.12086932	0.14326946	-0.09488597	0.1762749	-0.20915821	0.21975693	-0.17291135	0.12158398	-0.20541397	0.27313942	-0.579479	0.30449224	-0.17935923	0.22585587	-0.37553164	1.0	-0.5370503
-0.09517802	0.039815377	-0.04401028	0.11689814	-0.1357574	0.07282867	-0.09799311	0.11214679	-0.1117734	0.11352318	-0.08994119	0.16639175	-0.09277552	0.10484016	-0.19052291	0.079123236	-0.15397376	0.17639914	-0.22622885	0.20717074	-0.10278697	0.15608263	-0.24606574	0.31003276	-0.6866149	0.14287606	-0.18149665	0.19404042	-0.5370503	1.0
