1.0000001	-0.7368975	0.19252804	-0.21246111	0.11043671	-0.45389855	0.3037138	-0.23966698	0.15986836	-0.10528799	0.18901676	-0.22061831	0.18208314	-0.116051205	0.09375645	-0.1306357	0.1056503	-0.11044435	0.10546604	-0.09553601	0.060619395	-0.078065604	0.08380009	-0.08526678	0.07556396	-0.054042228	0.07040682	-0.07729964	0.06710056	-0.08383725
-0.7368975	1.0000001	-0.26934952	0.1960462	-0.10550687	0.27863634	-0.47994438	0.20379607	-0.15284346	0.09411567	-0.1698028	0.18229665	-0.1656855	0.10008751	-0.08233243	0.104401074	-0.08889644	0.09207775	-0.09208356	0.0801549	-0.050336212	0.06425885	-0.070316955	0.070462815	-0.06325638	0.044379286	-0.05877468	0.06347333	-0.05611203	0.067952536
0.19252804	-0.26934952	1.0000002	-0.8904563	0.16407894	-0.1455631	0.14569043	-0.17077321	0.15609235	-0.1634305	0.08343428	-0.092295215	0.11621204	-0.09918277	0.07234244	-0.074951746	0.06163142	-0.075219676	0.078326836	-0.072902784	0.037188783	-0.04871094	0.055480413	-0.05838549	0.051235206	-0.03380979	0.044278733	-0.051365033	0.04484218	-0.056964923
-0.21246111	0.1960462	-0.8904563	0.9999999	-0.22225083	0.1343256	-0.14357518	0.15826657	-0.18627518	0.16470239	-0.08191375	0.08716575	-0.11997948	0.10062546	-0.07511278	0.07260379	-0.060938165	0.0743763	-0.08089595	0.072567604	-0.036759455	0.047934942	-0.0553108	0.057633594	-0.051175147	0.03324021	-0.0439416	0.050494507	-0.044656195	0.05571944
0.11043671	-0.10550687	0.16407894	-0.22225083	1.0000001	-0.13006885	0.11093017	-0.22371306	0.23511504	-0.8812468	0.076107234	-0.083915904	0.13960981	-0.15082827	0.10569149	-0.09114601	0.07417258	-0.101223536	0.10861337	-0.108010516	0.04637432	-0.061846405	0.07268327	-0.07903408	0.068193905	-0.042986203	0.056017946	-0.06818509	0.05916279	-0.077222906
-0.45389855	0.27863634	-0.1455631	0.1343256	-0.13006885	1.0	-0.5351229	0.25824502	-0.21691087	0.11050429	-0.46478346	0.29944453	-0.30158076	0.14790443	-0.12951526	0.17698954	-0.15602715	0.14830588	-0.14684698	0.12246005	-0.086560756	0.107253104	-0.11665451	0.11257689	-0.10379829	0.07418684	-0.100241266	0.10247613	-0.092427865	0.10669461
0.3037138	-0.47994438	0.14569043	-0.14357518	0.11093017	-0.5351229	0.99999964	-0.39972475	0.19615656	-0.100988016	0.26699346	-0.41348997	0.21865465	-0.1302373	0.10480245	-0.14886127	0.12664115	-0.123307966	0.11979492	-0.102573395	0.06825763	-0.08760859	0.09320349	-0.092367515	0.08102862	-0.05984693	0.07881468	-0.08363833	0.073568806	-0.0869633
-0.23966698	0.20379607	-0.17077321	0.15826657	-0.22371306	0.25824502	-0.39972475	0.99999976	-0.58307445	0.18951017	-0.18211868	0.19173203	-0.4317393	0.25047916	-0.20242846	0.17062144	-0.15078673	0.19110678	-0.223915	0.178533	-0.09138402	0.11857903	-0.14263426	0.14444903	-0.13165036	0.0819739	-0.11074679	0.12544858	-0.11451655	0.1361343
0.15986836	-0.15284346	0.15609235	-0.18627518	0.23511504	-0.21691087	0.19615656	-0.58307445	1.0	-0.32905808	0.13057457	-0.1460936	0.26513314	-0.4871607	0.20911732	-0.16414757	0.1368827	-0.20224786	0.23610842	-0.20994101	0.084668614	-0.11411503	0.13835749	-0.15202464	0.12313306	-0.0782889	0.10287659	-0.12688744	0.11131864	-0.13633093
-0.10528799	0.09411567	-0.1634305	0.16470239	-0.8812468	0.11050429	-0.100988016	0.18951017	-0.32905808	0.99999976	-0.06794529	0.07354164	-0.13442758	0.14438851	-0.10827313	0.07987871	-0.067106195	0.09127971	-0.10763369	0.09940611	-0.041770454	0.055374403	-0.06652163	0.07096564	-0.06250403	0.03836524	-0.050780438	0.06074592	-0.053978153	0.068174504
0.18901676	-0.1698028	0.08343428	-0.08191375	0.076107234	-0.46478346	0.26699346	-0.18211868	0.13057457	-0.06794529	0.99999964	-0.77080554	0.19431965	-0.103546485	0.08707601	-0.24322315	0.17325981	-0.12633176	0.10703879	-0.088001296	0.08321964	-0.103328206	0.09709745	-0.090241335	0.07425232	-0.06966831	0.09001391	-0.085402764	0.07379744	-0.07908614
-0.22061831	0.18229665	-0.092295215	0.08716575	-0.083915904	0.29944453	-0.41348997	0.19173203	-0.1460936	0.07354164	-0.77080554	0.9999999	-0.23128958	0.11066253	-0.0938746	0.19592623	-0.20226356	0.13237454	-0.11533031	0.0929109	-0.08435451	0.10586872	-0.102353066	0.09378073	-0.07853258	0.06998085	-0.093677744	0.088208765	-0.07731205	0.082315475
0.18208314	-0.1656855	0.11621204	-0.11997948	0.13960981	-0.30158076	0.21865465	-0.4317393	0.26513314	-0.13442758	0.19431965	-0.23128958	0.9999997	-0.31657258	0.22323722	-0.3258605	0.24296461	-0.4097123	0.27545598	-0.2700462	0.15282351	-0.21211182	0.24064143	-0.26114213	0.20419136	-0.14675406	0.18194821	-0.23632948	0.18852556	-0.2625628
-0.116051205	0.10008751	-0.09918277	0.10062546	-0.15082827	0.14790443	-0.1302373	0.25047916	-0.4871607	0.14438851	-0.103546485	0.11066253	-0.31657258	0.9999992	-0.43499446	0.16056661	-0.15206105	0.23958534	-0.5565552	0.28195393	-0.09201966	0.12377726	-0.17042047	0.17770201	-0.14456154	0.08315875	-0.11492566	0.13932994	-0.135252	0.14415285
0.09375645	-0.08233243	0.07234244	-0.07511278	0.10569149	-0.12951526	0.10480245	-0.20242846	0.20911732	-0.10827313	0.08707601	-0.0938746	0.22323722	-0.43499446	0.9999993	-0.14472452	0.12491862	-0.19641866	0.26966453	-0.7763178	0.079805374	-0.10823678	0.13858238	-0.15751877	0.17663963	-0.0738437	0.09896008	-0.12551099	0.11571969	-0.1912051
-0.1306357	0.104401074	-0.074951746	0.07260379	-0.09114601	0.17698954	-0.14886127	0.17062144	-0.16414757	0.07987871	-0.24322315	0.19592623	-0.3258605	0.16056661	-0.14472452	0.9999995	-0.70974654	0.26356065	-0.21085018	0.14380789	-0.28990328	0.2689919	-0.23154092	0.18090375	-0.13443214	0.19328788	-0.2623092	0.18471706	-0.16486943	0.13095064
0.1056503	-0.08889644	0.06163142	-0.060938165	0.07417258	-0.15602715	0.12664115	-0.15078673	0.1368827	-0.067106195	0.17325981	-0.20226356	0.24296461	-0.15206105	0.12491862	-0.70974654	0.9999995	-0.39488727	0.19524422	-0.13463691	0.20856974	-0.3869032	0.22991237	-0.18143511	0.11347744	-0.17765278	0.22386539	-0.18572275	0.14907806	-0.11719924
-0.11044435	0.09207775	-0.075219676	0.0743763	-0.101223536	0.14830588	-0.123307966	0.19110678	-0.20224786	0.09127971	-0.12633176	0.13237454	-0.4097123	0.23958534	-0.19641866	0.26356065	-0.39488727	0.9999994	-0.495908	0.20062523	-0.15918426	0.22929008	-0.4800464	0.25444695	-0.15643777	0.13711563	-0.19991171	0.23029496	-0.20668244	0.15352863
0.10546604	-0.09208356	0.078326836	-0.08089595	0.10861337	-0.14684698	0.11979492	-0.223915	0.23610842	-0.10763369	0.10703879	-0.11533031	0.27545598	-0.5565552	0.26966453	-0.21085018	0.19524422	-0.495908	0.9999991	-0.370349	0.11564268	-0.16560495	0.23571707	-0.30213925	0.15846625	-0.1065815	0.14512552	-0.1952616	0.18145022	-0.16215414
-0.09553601	0.0801549	-0.072902784	0.072567604	-0.108010516	0.12246005	-0.102573395	0.178533	-0.20994101	0.09940611	-0.088001296	0.0929109	-0.2700462	0.28195393	-0.7763178	0.14380789	-0.13463691	0.20062523	-0.370349	0.9999986	-0.0854142	0.113240965	-0.15354626	0.16435593	-0.24813695	0.07708482	-0.10728059	0.12957588	-0.12868418	0.1947058
0.060619395	-0.050336212	0.037188783	-0.036759455	0.04637432	-0.086560756	0.06825763	-0.09138402	0.084668614	-0.041770454	0.08321964	-0.08435451	0.15282351	-0.09201966	0.079805374	-0.28990328	0.20856974	-0.15918426	0.11564268	-0.0854142	0.9999982	-0.4513908	0.18191509	-0.15033264	0.08334081	-0.7535387	0.3099901	-0.18413325	0.13183284	-0.08716024
-0.078065604	0.06425885	-0.04871094	0.047934942	-0.061846405	0.107253104	-0.08760859	0.11857903	-0.11411503	0.055374403	-0.103328206	0.10586872	-0.21211182	0.12377726	-0.10823678	0.2689919	-0.3869032	0.22929008	-0.16560495	0.113240965	-0.4513908	0.9999982	-0.3761956	0.20491934	-0.11199859	0.28904483	-0.5849792	0.24611583	-0.19556122	0.11201355
0.08380009	-0.070316955	0.055480413	-0.0553108	0.07268327	-0.11665451	0.09320349	-0.14263426	0.13835749	-0.06652163	0.09709745	-0.102353066	0.24064143	-0.17042047	0.13858238	-0.23154092	0.22991237	-0.4800464	0.23571707	-0.15354626	0.18191509	-0.3761956	0.99999785	-0.47915986	0.148179	-0.17136164	0.24896218	-0.4839097	0.28825352	-0.15280813
-0.08526678	0.070462815	-0.05838549	0.057633594	-0.07903408	0.11257689	-0.092367515	0.14444903	-0.15202464	0.07096564	-0.090241335	0.09378073	-0.26114213	0.17770201	-0.15751877	0.18090375	-0.18143511	0.25444695	-0.30213925	0.16435593	-0.15033264	0.20491934	-0.47915986	0.9999978	-0.22834101	0.13368048	-0.21525459	0.31560466	-0.6373983	0.18856576
0.07556396	-0.06325638	0.051235206	-0.051175147	0.068193905	-0.10379829	0.08102862	-0.13165036	0.12313306	-0.06250403	0.07425232	-0.07853258	0.20419136	-0.14456154	0.17663963	-0.13443214	0.11347744	-0.15643777	0.15846625	-0.24813695	0.08334081	-0.11199859	0.148179	-0.22834101	0.99999803	-0.07815259	0.10723928	-0.14813161	0.15775543	-0.8815816
-0.054042228	0.044379286	-0.03380979	0.03324021	-0.042986203	0.07418684	-0.05984693	0.0819739	-0.0782889	0.03836524	-0.06966831	0.06998085	-0.14675406	0.08315875	-0.0738437	0.19328788	-0.17765278	0.13711563	-0.1065815	0.07708482	-0.7535387	0.28904483	-0.17136164	0.13368048	-0.07815259	0.9999978	-0.52797574	0.1762077	-0.13603157	0.078833565
0.07040682	-0.05877468	0.044278733	-0.0439416	0.056017946	-0.100241266	0.07881468	-0.11074679	0.10287659	-0.050780438	0.09001391	-0.093677744	0.18194821	-0.11492566	0.09896008	-0.2623092	0.22386539	-0.19991171	0.14512552	-0.10728059	0.3099901	-0.5849792	0.24896218	-0.21525459	0.10723928	-0.52797574	0.99999803	-0.37639156	0.20215471	-0.11345832
-0.07729964	0.06347333	-0.051365033	0.050494507	-0.06818509	0.10247613	-0.08363833	0.12544858	-0.12688744	0.06074592	-0.085402764	0.088208765	-0.23632948	0.13932994	-0.12551099	0.18471706	-0.18572275	0.23029496	-0.1952616	0.12957588	-0.18413325	0.24611583	-0.4839097	0.31560466	-0.14813161	0.1762077	-0.37639156	0.99999815	-0.62719625	0.14267734
0.06710056	-0.05611203	0.04484218	-0.044656195	0.05916279	-0.092427865	0.073568806	-0.11451655	0.11131864	-0.053978153	0.07379744	-0.07731205	0.18852556	-0.135252	0.11571969	-0.16486943	0.14907806	-0.20668244	0.18145022	-0.12868418	0.13183284	-0.19556122	0.28825352	-0.6373983	0.15775543	-0.13603157	0.20215471	-0.62719625	0.99999803	-0.17387749
-0.08383725	0.067952536	-0.056964923	0.05571944	-0.077222906	0.10669461	-0.0869633	0.1361343	-0.13633093	0.068174504	-0.07908614	0.082315475	-0.2625628	0.14415285	-0.1912051	0.13095064	-0.11719924	0.15352863	-0.16215414	0.1947058	-0.08716024	0.11201355	-0.15280813	0.18856576	-0.8815816	0.078833565	-0.11345832	0.14267734	-0.17387749	0.99999803
