1.0000001	-0.38995498	0.24867377	-0.35256162	0.20106709	-0.51245797	0.30602893	-0.4739307	0.21249226	-0.14430627	0.24335738	-0.2672546	0.20559658	-0.18920635	0.15367657	-0.23407233	0.1846702	-0.18217076	0.14253928	-0.15204893	0.09626043	-0.111257926	0.12788373	-0.15651734	0.12675227	-0.058356304	0.07363586	-0.16249953	0.17619947	-0.11223824
-0.38995498	1.0	-0.8004965	0.2690058	-0.19081923	0.170155	-0.20821613	0.24599126	-0.18423176	0.11654253	-0.13039766	0.13731745	-0.13159545	0.12385711	-0.11424797	0.11481866	-0.10554722	0.10428574	-0.091083236	0.10308183	-0.05722913	0.06338074	-0.07524354	0.09535413	-0.090616606	0.033978075	-0.043954268	0.09070505	-0.13241267	0.07757279
0.24867377	-0.8004965	1.0	-0.41879934	0.1734335	-0.14231026	0.16441345	-0.2956864	0.1699616	-0.10935099	0.10992461	-0.12112356	0.119317606	-0.11466621	0.10344656	-0.10180266	0.092553034	-0.0942819	0.08165823	-0.09416546	0.050681036	-0.05661488	0.067484304	-0.08622611	0.08070586	-0.030240439	0.039002303	-0.082118325	0.116055846	-0.06942859
-0.35256162	0.2690058	-0.41879934	1.0000001	-0.49219388	0.17969689	-0.2105078	0.28617245	-0.44069552	0.261504	-0.16737318	0.18018381	-0.21257316	0.22609423	-0.2259132	0.1595395	-0.15374024	0.16440304	-0.15514535	0.19223914	-0.08955935	0.0986135	-0.12002322	0.1614599	-0.1665225	0.053249072	-0.06936845	0.14407167	-0.24184142	0.14058475
0.20106709	-0.19081923	0.1734335	-0.49219388	0.99999994	-0.13909993	0.15619455	-0.28416282	0.32157865	-0.63743323	0.13497041	-0.1626772	0.19167137	-0.25574166	0.25350463	-0.14890167	0.13603549	-0.16304109	0.1482057	-0.2456748	0.079382	-0.09237235	0.11376626	-0.16689721	0.15502323	-0.04856976	0.06190681	-0.14587757	0.18637209	-0.13964888
-0.51245797	0.170155	-0.14231026	0.17969689	-0.13909993	1.0000001	-0.6262501	0.28006452	-0.14990649	0.09891719	-0.43890515	0.2770548	-0.17410827	0.13837352	-0.1128802	0.21231297	-0.17953053	0.14273344	-0.10986987	0.10757153	-0.07755197	0.08571518	-0.098486565	0.11244939	-0.09394326	0.045088258	-0.057671696	0.115641095	-0.13367619	0.08087428
0.30602893	-0.20821613	0.16441345	-0.2105078	0.15619455	-0.6262501	1.0	-0.4864544	0.17275986	-0.11410211	0.27967745	-0.41438153	0.202147	-0.16458102	0.12852354	-0.22189449	0.18708774	-0.16342476	0.12278102	-0.1234635	0.08361301	-0.09481295	0.10973897	-0.12831675	0.10523621	-0.049372554	0.06287348	-0.13171667	0.14754725	-0.091127686
-0.4739307	0.24599126	-0.2956864	0.28617245	-0.28416282	0.28006452	-0.4864544	0.9999999	-0.33637175	0.19348843	-0.24492636	0.25722957	-0.29838708	0.23046051	-0.20435481	0.20576131	-0.20260605	0.19723624	-0.17008997	0.18217845	-0.107310876	0.116805755	-0.14139347	0.17224443	-0.16382316	0.0629393	-0.08218816	0.16401173	-0.24177727	0.1388789
0.21249226	-0.18423176	0.1699616	-0.44069552	0.32157865	-0.14990649	0.17275986	-0.33637175	1.0000001	-0.5550608	0.14920793	-0.18427189	0.23662332	-0.41693038	0.27309686	-0.16259865	0.1511089	-0.1847488	0.16348083	-0.24354434	0.085678376	-0.09954053	0.124575056	-0.17882164	0.16230345	-0.052125048	0.066614754	-0.15673627	0.19809479	-0.14199242
-0.14430627	0.11654253	-0.10935099	0.261504	-0.63743323	0.09891719	-0.11410211	0.19348843	-0.5550608	0.99999964	-0.10196086	0.12284655	-0.16908835	0.24024846	-0.39713937	0.11076328	-0.1056765	0.12875912	-0.12470052	0.21703999	-0.060351286	0.06949899	-0.088355325	0.13190186	-0.1398644	0.03654671	-0.04693204	0.10925245	-0.15672262	0.11373521
0.24335738	-0.13039766	0.10992461	-0.16737318	0.13497041	-0.43890515	0.27967745	-0.24492636	0.14920793	-0.10196086	0.9999993	-0.5900639	0.21993196	-0.16784802	0.12535985	-0.5089756	0.27229854	-0.19933943	0.13563901	-0.123017326	0.10198755	-0.11472662	0.12699431	-0.13834025	0.10543023	-0.05888769	0.073429994	-0.14851546	0.14578606	-0.09071699
-0.2672546	0.13731745	-0.12112356	0.18018381	-0.1626772	0.2770548	-0.41438153	0.25722957	-0.18427189	0.12284655	-0.5900639	0.99999934	-0.38416636	0.20759764	-0.1578635	0.29578966	-0.37196425	0.23035169	-0.16373907	0.14507419	-0.112396926	0.1239643	-0.14758469	0.15656023	-0.12765123	0.06370755	-0.08259753	0.1608433	-0.1780181	0.10723401
0.20559658	-0.13159545	0.119317606	-0.21257316	0.19167137	-0.17410827	0.202147	-0.29838708	0.23662332	-0.16908835	0.21993196	-0.38416636	0.99999905	-0.5671893	0.23276919	-0.24419701	0.24475007	-0.44116956	0.22246401	-0.22167887	0.11505802	-0.13830939	0.19201547	-0.22519444	0.16403067	-0.068981044	0.08832287	-0.22431909	0.20601587	-0.13975538
-0.18920635	0.12385711	-0.11466621	0.22609423	-0.25574166	0.13837352	-0.16458102	0.23046051	-0.41693038	0.24024846	-0.16784802	0.20759764	-0.5671893	0.999999	-0.4723815	0.17169918	-0.18215331	0.23164	-0.22675481	0.25792605	-0.094570175	0.10734642	-0.14812942	0.19963902	-0.19887246	0.055975657	-0.072803	0.16501476	-0.23764959	0.15360534
0.15367657	-0.11424797	0.10344656	-0.2259132	0.25350463	-0.1128802	0.12852354	-0.20435481	0.27309686	-0.39713937	0.12535985	-0.1578635	0.23276919	-0.4723815	0.99999875	-0.14377883	0.13845599	-0.18374345	0.18709803	-0.60729146	0.07790572	-0.09109762	0.119521916	-0.19985577	0.22566882	-0.047337476	0.060651958	-0.14825757	0.21209943	-0.18563466
-0.23407233	0.11481866	-0.10180266	0.1595395	-0.14890167	0.21231297	-0.22189449	0.20576131	-0.16259865	0.11076328	-0.5089756	0.29578966	-0.24419701	0.17169918	-0.14377883	0.99999845	-0.6508917	0.25124216	-0.17748319	0.13712542	-0.1616794	0.15924038	-0.16965242	0.1602741	-0.12754236	0.08345188	-0.10549399	0.17356843	-0.18333073	0.10670971
0.1846702	-0.10554722	0.092553034	-0.15374024	0.13603549	-0.17953053	0.18708774	-0.20260605	0.1511089	-0.1056765	0.27229854	-0.37196425	0.24475007	-0.18215331	0.13845599	-0.6508917	0.99999815	-0.46203995	0.19454373	-0.14112781	0.15038969	-0.19846474	0.19738297	-0.19053534	0.1237405	-0.084633484	0.107007965	-0.21406318	0.1683413	-0.10538974
-0.18217076	0.10428574	-0.0942819	0.16440304	-0.16304109	0.14273344	-0.16342476	0.19723624	-0.1847488	0.12875912	-0.19933943	0.23035169	-0.44116956	0.23164	-0.18374345	0.25124216	-0.46203995	0.99999803	-0.42130697	0.18101472	-0.1473031	0.17323041	-0.40131283	0.25707653	-0.16641895	0.08347712	-0.111079976	0.26477474	-0.22348869	0.13464728
0.14253928	-0.091083236	0.08165823	-0.15514535	0.1482057	-0.10986987	0.12278102	-0.17008997	0.16348083	-0.12470052	0.13563901	-0.16373907	0.22246401	-0.22675481	0.18709803	-0.17748319	0.19454373	-0.42130697	0.999998	-0.26882893	0.10050199	-0.120908156	0.18483217	-0.7404401	0.20991428	-0.060030468	0.07777813	-0.20121595	0.22807883	-0.16791615
-0.15204893	0.10308183	-0.09416546	0.19223914	-0.2456748	0.10757153	-0.1234635	0.18217845	-0.24354434	0.21703999	-0.123017326	0.14507419	-0.22167887	0.25792605	-0.60729146	0.13712542	-0.14112781	0.18101472	-0.26882893	0.9999979	-0.08091943	0.09202945	-0.124762855	0.23470585	-0.48559502	0.04845077	-0.06294386	0.14634538	-0.314147	0.24442913
0.09626043	-0.05722913	0.050681036	-0.08955935	0.079382	-0.07755197	0.08361301	-0.107310876	0.085678376	-0.060351286	0.10198755	-0.112396926	0.11505802	-0.094570175	0.07790572	-0.1616794	0.15038969	-0.1473031	0.10050199	-0.08091943	0.99999756	-0.71616364	0.20454231	-0.10505522	0.07409735	-0.50524116	0.30928954	-0.2560335	0.10804206	-0.0660612
-0.111257926	0.06338074	-0.05661488	0.0986135	-0.09237235	0.08571518	-0.09481295	0.116805755	-0.09954053	0.06949899	-0.11472662	0.1239643	-0.13830939	0.10734642	-0.09109762	0.15924038	-0.19846474	0.17323041	-0.120908156	0.09202945	-0.71616364	0.9999976	-0.33105105	0.11798753	-0.087060705	0.2828502	-0.43502593	0.25021666	-0.12914228	0.075671606
0.12788373	-0.07524354	0.067484304	-0.12002322	0.11376626	-0.098486565	0.10973897	-0.14139347	0.124575056	-0.088355325	0.12699431	-0.14758469	0.19201547	-0.14812942	0.119521916	-0.16965242	0.19738297	-0.40131283	0.18483217	-0.124762855	0.20454231	-0.33105105	0.99999744	-0.18949546	0.1167718	-0.12269573	0.16231419	-0.75674474	0.1694548	-0.10234394
-0.15651734	0.09535413	-0.08622611	0.1614599	-0.16689721	0.11244939	-0.12831675	0.17224443	-0.17882164	0.13190186	-0.13834025	0.15656023	-0.22519444	0.19963902	-0.19985577	0.1602741	-0.19053534	0.25707653	-0.7404401	0.23470585	-0.10505522	0.11798753	-0.18949546	0.9999973	-0.3220088	0.06134641	-0.08114128	0.18341222	-0.34504095	0.20947772
0.12675227	-0.090616606	0.08070586	-0.1665225	0.15502323	-0.09394326	0.10523621	-0.16382316	0.16230345	-0.1398644	0.10543023	-0.12765123	0.16403067	-0.19887246	0.22566882	-0.12754236	0.1237405	-0.16641895	0.20991428	-0.48559502	0.07409735	-0.087060705	0.1167718	-0.3220088	0.99999726	-0.045380335	0.05814723	-0.14811896	0.31157076	-0.65597117
-0.058356304	0.033978075	-0.030240439	0.053249072	-0.04856976	0.045088258	-0.049372554	0.0629393	-0.052125048	0.03654671	-0.05888769	0.06370755	-0.068981044	0.055975657	-0.047337476	0.08345188	-0.084633484	0.08347712	-0.060030468	0.04845077	-0.50524116	0.2828502	-0.12269573	0.06134641	-0.045380335	0.9999971	-0.79895097	0.14729111	-0.0676653	0.04011864
0.07363586	-0.043954268	0.039002303	-0.06936845	0.06190681	-0.057671696	0.06287348	-0.08218816	0.066614754	-0.04693204	0.073429994	-0.08259753	0.08832287	-0.072803	0.060651958	-0.10549399	0.107007965	-0.111079976	0.07777813	-0.06294386	0.30928954	-0.43502593	0.16231419	-0.08114128	0.05814723	-0.79895097	0.99999696	-0.22470807	0.085847996	-0.05196076
-0.16249953	0.09070505	-0.082118325	0.14407167	-0.14587757	0.115641095	-0.13171667	0.16401173	-0.15673627	0.10925245	-0.14851546	0.1608433	-0.22431909	0.16501476	-0.14825757	0.17356843	-0.21406318	0.26477474	-0.20121595	0.14634538	-0.2560335	0.25021666	-0.75674474	0.18341222	-0.14811896	0.14729111	-0.22470807	0.9999969	-0.24273042	0.12850982
0.17619947	-0.13241267	0.116055846	-0.24184142	0.18637209	-0.13367619	0.14754725	-0.24177727	0.19809479	-0.15672262	0.14578606	-0.1780181	0.20601587	-0.23764959	0.21209943	-0.18333073	0.1683413	-0.22348869	0.22807883	-0.314147	0.10804206	-0.12914228	0.1694548	-0.34504095	0.31157076	-0.0676653	0.085847996	-0.24273042	0.99999696	-0.6318603
-0.11223824	0.07757279	-0.06942859	0.14058475	-0.13964888	0.08087428	-0.091127686	0.1388789	-0.14199242	0.11373521	-0.09071699	0.10723401	-0.13975538	0.15360534	-0.18563466	0.10670971	-0.10538974	0.13464728	-0.16791615	0.24442913	-0.0660612	0.075671606	-0.10234394	0.20947772	-0.65597117	0.04011864	-0.05196076	0.12850982	-0.6318603	0.99999696
