0.99999994	-0.25862753	0.20623556	-0.3746354	0.12355778	-0.52444714	0.30988878	-0.46373567	0.24274468	-0.1192165	0.16501094	-0.19087777	0.21046251	-0.19746144	0.15607235	-0.15215369	0.17926475	-0.26886305	0.17811735	-0.16586313	0.1280612	-0.16026548	0.15822856	-0.08996	0.08940411	-0.12211307	0.09969195	-0.13995312	0.0739605	-0.09252764
-0.25862753	0.99999994	-0.9129135	0.15729225	-0.053051915	0.1616294	-0.20939691	0.17266124	-0.116437174	0.047030445	-0.067150235	0.07954964	-0.08236757	0.07743515	-0.06446796	0.05640109	-0.07411184	0.091415815	-0.07561758	0.060884055	-0.04832823	0.05835783	-0.058430076	0.032505587	-0.03311038	0.042105988	-0.03560259	0.047006868	-0.025091788	0.030429758
0.20623556	-0.9129135	0.99999994	-0.20323941	0.058294028	-0.16325982	0.17163448	-0.21089463	0.12983267	-0.052663255	0.0679294	-0.08138558	0.08897482	-0.08575827	0.069345236	-0.05856085	0.075182445	-0.10125601	0.081084505	-0.0663589	0.049920097	-0.06094035	0.060961556	-0.03470445	0.03516524	-0.044275317	0.037189655	-0.049738422	0.026559139	-0.032359906
-0.3746354	0.15729225	-0.20323941	0.9999997	-0.24193321	0.17339098	-0.21556465	0.30052596	-0.6930044	0.17560421	-0.11352043	0.12469936	-0.16195479	0.24672598	-0.22201264	0.094297014	-0.12955639	0.1619606	-0.25855637	0.1777947	-0.08674103	0.10256451	-0.1206652	0.08061501	-0.08368853	0.07691342	-0.067026705	0.09005875	-0.0515986	0.06125569
0.12355778	-0.053051915	0.058294028	-0.24193321	0.99999946	-0.06753384	0.07653947	-0.13149516	0.15504742	-0.88453156	0.05019254	-0.05607723	0.07420966	-0.17520362	0.2361213	-0.044696786	0.057664	-0.08255939	0.14655101	-0.22856118	0.04218656	-0.051919974	0.067278855	-0.07170581	0.069826104	-0.042406704	0.036114987	-0.054350086	0.03408974	-0.04164575
-0.52444714	0.1616294	-0.16325982	0.17339098	-0.06753384	0.9999992	-0.7414127	0.24814564	-0.13961911	0.061741866	-0.1769454	0.18616737	-0.14703459	0.109413885	-0.09074567	0.12815166	-0.17190856	0.15941924	-0.10775844	0.08910604	-0.10601428	0.12281458	-0.11177065	0.05417058	-0.055437554	0.08392777	-0.071738	0.08847548	-0.045640938	0.054713003
0.30988878	-0.20939691	0.17163448	-0.21556465	0.07653947	-0.7414127	0.9999991	-0.3777508	0.16821009	-0.07121359	0.1733674	-0.268787	0.17660105	-0.12813854	0.10076302	-0.14203644	0.18404572	-0.19847918	0.119797654	-0.09998845	0.11212413	-0.13756445	0.11799808	-0.058895104	0.059696727	-0.09157176	0.07656916	-0.09623236	0.048988465	-0.05919137
-0.46373567	0.17266124	-0.21089463	0.30052596	-0.13149516	0.24814564	-0.3777508	0.9999991	-0.49454474	0.11444063	-0.16787049	0.19378267	-0.34978688	0.21932903	-0.17768727	0.1331965	-0.19371916	0.25222453	-0.22338627	0.15547028	-0.11933568	0.13988492	-0.15150571	0.08272483	-0.085925564	0.09952973	-0.08695708	0.11158314	-0.060642626	0.071739554
0.24274468	-0.116437174	0.12983267	-0.6930044	0.15504742	-0.13961911	0.16821009	-0.49454474	0.9999987	-0.1498482	0.09298789	-0.109051935	0.16167164	-0.35322556	0.18263426	-0.07817751	0.10726301	-0.1635656	0.22420858	-0.15944242	0.07019919	-0.08445177	0.09542023	-0.0679964	0.0690125	-0.062424798	0.05379441	-0.07305485	0.041623585	-0.049804207
-0.1192165	0.047030445	-0.052663255	0.17560421	-0.88453156	0.061741866	-0.07121359	0.11444063	-0.1498482	0.99999845	-0.04565708	0.05059043	-0.066950396	0.15555057	-0.33399224	0.040137567	-0.052448045	0.07273901	-0.14138402	0.19374356	-0.03795423	0.046353754	-0.06060598	0.061647817	-0.06228833	0.037455443	-0.032136653	0.04763053	-0.029857667	0.036083493
0.16501094	-0.067150235	0.0679294	-0.11352043	0.05019254	-0.1769454	0.1733674	-0.16787049	0.09298789	-0.04565708	0.9999985	-0.51977265	0.18374859	-0.09131436	0.07499674	-0.6573596	0.29505402	-0.21134417	0.09044674	-0.07591235	0.2552682	-0.28953382	0.16661417	-0.063701615	0.064785935	-0.17445096	0.13277827	-0.14631638	0.065786384	-0.07811599
-0.19087777	0.07954964	-0.08138558	0.12469936	-0.05607723	0.18616737	-0.268787	0.19378267	-0.109051935	0.05059043	-0.51977265	0.99999845	-0.34264752	0.1059446	-0.08452599	0.2677764	-0.60385644	0.25522268	-0.10521264	0.08248653	-0.20819901	0.23946613	-0.16350359	0.0632748	-0.065156	0.13297062	-0.11576551	0.12328835	-0.058489047	0.06808985
0.21046251	-0.08236757	0.08897482	-0.16195479	0.07420966	-0.14703459	0.17660105	-0.34978688	0.16167164	-0.066950396	0.18374859	-0.34264752	0.99999857	-0.18843898	0.11682291	-0.14921616	0.22905295	-0.783119	0.15796313	-0.109014444	0.120806836	-0.150379	0.13614239	-0.06454011	0.06538893	-0.095512755	0.081413046	-0.10258114	0.050974544	-0.060688123
-0.19746144	0.07743515	-0.08575827	0.24672598	-0.17520362	0.109413885	-0.12813854	0.21932903	-0.35322556	0.15555057	-0.09131436	0.1059446	-0.18843898	0.9999985	-0.43783858	0.07792142	-0.106924534	0.17038187	-0.6951204	0.2901534	-0.07213019	0.087728746	-0.10986369	0.10725674	-0.109715514	0.067768715	-0.058445457	0.0840794	-0.05184299	0.061733957
0.15607235	-0.06446796	0.069345236	-0.22201264	0.2361213	-0.09074567	0.10076302	-0.17768727	0.18263426	-0.33399224	0.07499674	-0.08452599	0.11682291	-0.43783858	0.9999984	-0.06842762	0.08679076	-0.13155589	0.300046	-0.6881737	0.06581501	-0.08232283	0.11349414	-0.15365247	0.14963263	-0.069474086	0.058968827	-0.0929357	0.061192807	-0.07488169
-0.15215369	0.05640109	-0.05856085	0.094297014	-0.044696786	0.12815166	-0.14203644	0.1331965	-0.07817751	0.040137567	-0.6573596	0.2677764	-0.14921616	0.07792142	-0.06842762	0.9999984	-0.35832632	0.15996341	-0.08125071	0.06893211	-0.5087913	0.27933228	-0.18775126	0.064955875	-0.06762546	0.19296928	-0.16483292	0.14650275	-0.067321956	0.07599295
0.17926475	-0.07411184	0.075182445	-0.12955639	0.057664	-0.17190856	0.18404572	-0.19371916	0.10726301	-0.052448045	0.29505402	-0.60385644	0.22905295	-0.106924534	0.08679076	-0.35832632	0.99999845	-0.30269182	0.10594904	-0.08793882	0.25249094	-0.48302227	0.1961596	-0.073894784	0.07447015	-0.17502934	0.14366885	-0.16019891	0.07249349	-0.08592092
-0.26886305	0.091415815	-0.10125601	0.1619606	-0.08255939	0.15941924	-0.19847918	0.25222453	-0.1635656	0.07273901	-0.21134417	0.25522268	-0.783119	0.17038187	-0.13155589	0.15996341	-0.30269182	0.99999845	-0.18786879	0.12135499	-0.14423198	0.1704708	-0.18160464	0.07718985	-0.07938103	0.11062145	-0.09815169	0.121232234	-0.060882922	0.07136027
0.17811735	-0.07561758	0.081084505	-0.25855637	0.14655101	-0.10775844	0.119797654	-0.22338627	0.22420858	-0.14138402	0.09044674	-0.10521264	0.15796313	-0.6951204	0.300046	-0.08125071	0.10594904	-0.18786879	0.99999833	-0.49435738	0.07608748	-0.09494407	0.12322915	-0.15867455	0.1454888	-0.076805286	0.06523935	-0.09967757	0.06370945	-0.07730251
-0.16586313	0.060884055	-0.0663589	0.1777947	-0.22856118	0.08910604	-0.09998845	0.15547028	-0.15944242	0.19374356	-0.07591235	0.08248653	-0.109014444	0.2901534	-0.6881737	0.06893211	-0.08793882	0.12135499	-0.49435738	0.9999983	-0.068449296	0.08507675	-0.13319805	0.18345273	-0.25175917	0.07243185	-0.06283368	0.09917299	-0.06950915	0.08130191
0.1280612	-0.04832823	0.049920097	-0.08674103	0.04218656	-0.10601428	0.11212413	-0.11933568	0.07019919	-0.03795423	0.2552682	-0.20819901	0.120806836	-0.07213019	0.06581501	-0.5087913	0.25249094	-0.14423198	0.07608748	-0.068449296	0.9999984	-0.58653337	0.22754154	-0.07510695	0.07655253	-0.42614257	0.2346747	-0.21114628	0.08634283	-0.098965295
-0.16026548	0.05835783	-0.06094035	0.10256451	-0.051919974	0.12281458	-0.13756445	0.13988492	-0.08445177	0.046353754	-0.28953382	0.23946613	-0.150379	0.087728746	-0.08232283	0.27933228	-0.48302227	0.1704708	-0.09494407	0.08507675	-0.58653337	0.99999845	-0.3726282	0.10016514	-0.103522904	0.2502327	-0.25474554	0.21919514	-0.097658515	0.10879088
0.15822856	-0.058430076	0.060961556	-0.1206652	0.067278855	-0.11177065	0.11799808	-0.15150571	0.09542023	-0.06060598	0.16661417	-0.16350359	0.13614239	-0.10986369	0.11349414	-0.18775126	0.1961596	-0.18160464	0.12322915	-0.13319805	0.22754154	-0.3726282	0.99999833	-0.2719406	0.19994758	-0.32303205	0.26553094	-0.6263512	0.21132517	-0.26701948
-0.08996	0.032505587	-0.03470445	0.08061501	-0.07170581	0.05417058	-0.058895104	0.08272483	-0.0679964	0.061647817	-0.063701615	0.0632748	-0.06454011	0.10725674	-0.15365247	0.064955875	-0.073894784	0.07718985	-0.15867455	0.18345273	-0.07510695	0.10016514	-0.2719406	0.9999982	-0.8866727	0.09503026	-0.08485557	0.15888076	-0.15726659	0.15169956
0.08940411	-0.03311038	0.03516524	-0.08368853	0.069826104	-0.055437554	0.059696727	-0.085925564	0.0690125	-0.06228833	0.064785935	-0.065156	0.06538893	-0.109715514	0.14963263	-0.06762546	0.07447015	-0.07938103	0.1454888	-0.25175917	0.07655253	-0.103522904	0.19994758	-0.8866727	0.9999984	-0.1024149	0.08732465	-0.16893122	0.13913485	-0.17019995
-0.12211307	0.042105988	-0.044275317	0.07691342	-0.042406704	0.08392777	-0.09157176	0.09952973	-0.062424798	0.037455443	-0.17445096	0.13297062	-0.095512755	0.067768715	-0.069474086	0.19296928	-0.17502934	0.11062145	-0.076805286	0.07243185	-0.42614257	0.2502327	-0.32303205	0.09503026	-0.1024149	0.9999986	-0.7282741	0.27433103	-0.11957778	0.117218666
0.09969195	-0.03560259	0.037189655	-0.067026705	0.036114987	-0.071738	0.07656916	-0.08695708	0.05379441	-0.032136653	0.13277827	-0.11576551	0.081413046	-0.058445457	0.058968827	-0.16483292	0.14366885	-0.09815169	0.06523935	-0.06283368	0.2346747	-0.25474554	0.26553094	-0.08485557	0.08732465	-0.7282741	0.9999988	-0.50378275	0.13277473	-0.14058408
-0.13995312	0.047006868	-0.049738422	0.09005875	-0.054350086	0.08847548	-0.09623236	0.11158314	-0.07305485	0.04763053	-0.14631638	0.12328835	-0.10258114	0.0840794	-0.0929357	0.14650275	-0.16019891	0.121232234	-0.09967757	0.09917299	-0.21114628	0.21919514	-0.6263512	0.15888076	-0.16893122	0.27433103	-0.50378275	0.99999887	-0.3192794	0.23309308
0.0739605	-0.025091788	0.026559139	-0.0515986	0.03408974	-0.045640938	0.048988465	-0.060642626	0.041623585	-0.029857667	0.065786384	-0.058489047	0.050974544	-0.05184299	0.061192807	-0.067321956	0.07249349	-0.060882922	0.06370945	-0.06950915	0.08634283	-0.097658515	0.21132517	-0.15726659	0.13913485	-0.11957778	0.13277473	-0.3192794	0.9999989	-0.8942946
-0.09252764	0.030429758	-0.032359906	0.06125569	-0.04164575	0.054713003	-0.05919137	0.071739554	-0.049804207	0.036083493	-0.07811599	0.06808985	-0.060688123	0.061733957	-0.07488169	0.07599295	-0.08592092	0.07136027	-0.07730251	0.08130191	-0.098965295	0.10879088	-0.26701948	0.15169956	-0.17019995	0.117218666	-0.14058408	0.23309308	-0.8942946	0.9999989
