1.0000001	-0.50929856	0.25012	-0.13366646	0.10285181	-0.34467405	0.28376424	-0.27912566	0.14619961	-0.1284818	0.2421205	-0.30504692	0.26219445	-0.20112164	0.20295365	-0.35743114	0.25132474	-0.19860595	0.14488979	-0.18339485	0.15087263	-0.25970772	0.17824422	-0.18210065	0.13727807	-0.19044891	0.20497972	-0.23126645	0.17117117	-0.22459361
-0.50929856	1.0000001	-0.6258019	0.13002492	-0.10468278	0.18819954	-0.3791748	0.30459824	-0.15348731	0.118047714	-0.17172283	0.22573149	-0.24426937	0.14662153	-0.16402054	0.18947035	-0.17247723	0.12569104	-0.098299615	0.107933246	-0.0861846	0.14086583	-0.117996655	0.11425871	-0.085191965	0.100079514	-0.12464004	0.12622315	-0.10186161	0.12136416
0.25012	-0.6258019	1.0000001	-0.1720513	0.11536303	-0.14823975	0.2676273	-0.6261242	0.17331514	-0.13837229	0.12647259	-0.19954777	0.19790529	-0.13114397	0.13471638	-0.15690239	0.13538875	-0.10565037	0.08334107	-0.09230775	0.06931961	-0.11616479	0.09507932	-0.09940578	0.07070294	-0.08206642	0.09905744	-0.105514765	0.083804205	-0.102919646
-0.13366646	0.13002492	-0.1720513	1.0000004	-0.70716804	0.07226727	-0.1298919	0.16944301	-0.5660365	0.32646632	-0.06698569	0.10234315	-0.12573457	0.11704735	-0.14879373	0.08275695	-0.077230155	0.06634405	-0.067088895	0.07463082	-0.041815117	0.06897172	-0.061573356	0.07710862	-0.056699052	0.04921551	-0.063459754	0.06819037	-0.05910606	0.07249035
0.10285181	-0.10468278	0.11536303	-0.70716804	1.0000002	-0.058264546	0.09740322	-0.13013542	0.31911764	-0.60219973	0.05369118	-0.08535181	0.10248704	-0.11377574	0.14158863	-0.06987821	0.06436494	-0.058271673	0.061873186	-0.07307846	0.036284942	-0.06044882	0.053416464	-0.073684596	0.052783683	-0.043311473	0.05534102	-0.061706122	0.053646885	-0.068256594
-0.34467405	0.18819954	-0.14823975	0.07226727	-0.058264546	1.0000001	-0.36417934	0.17224169	-0.086610615	0.071333975	-0.7772736	0.23619352	-0.18387948	0.11126782	-0.11828311	0.25963587	-0.21509804	0.112480484	-0.07796828	0.0849095	-0.08510875	0.13364236	-0.106000416	0.091066666	-0.06718207	0.09229089	-0.11460731	0.10806515	-0.08522925	0.09900346
0.28376424	-0.3791748	0.2676273	-0.1298919	0.09740322	-0.36417934	1.0000001	-0.48954797	0.15249233	-0.12589137	0.24168858	-0.5135673	0.26599026	-0.16444887	0.16308041	-0.26758456	0.2293097	-0.14730619	0.10712281	-0.11540149	0.0990471	-0.16619729	0.13175865	-0.12719192	0.089362256	-0.113422476	0.13667744	-0.1396542	0.10957238	-0.13143688
-0.27912566	0.30459824	-0.6261242	0.16944301	-0.13013542	0.17224169	-0.48954797	1.0000001	-0.27222	0.1623491	-0.15529604	0.23903245	-0.30261812	0.15708242	-0.16617745	0.17007741	-0.1605988	0.122232296	-0.097661756	0.10223884	-0.076512896	0.12631387	-0.11155214	0.11214498	-0.07978558	0.088239245	-0.11094956	0.11463533	-0.09336763	0.111044
0.14619961	-0.15348731	0.17331514	-0.5660365	0.31911764	-0.086610615	0.15249233	-0.27222	0.9999999	-0.65135384	0.07867259	-0.1274105	0.15038696	-0.16658366	0.18195438	-0.10068333	0.092580326	-0.08241005	0.08653646	-0.096585736	0.050882585	-0.084877536	0.075065754	-0.10180414	0.07054359	-0.060487617	0.07694431	-0.08519158	0.073406175	-0.09235538
-0.1284818	0.118047714	-0.13837229	0.32646632	-0.60219973	0.071333975	-0.12589137	0.1623491	-0.65135384	1.0000001	-0.06652539	0.104879156	-0.13365042	0.14903513	-0.23772109	0.084338	-0.07942186	0.071951635	-0.07952406	0.093307994	-0.04416156	0.07311897	-0.06642062	0.091422416	-0.06849976	0.052278895	-0.06805179	0.07498838	-0.06666998	0.08342756
0.2421205	-0.17172283	0.12647259	-0.06698569	0.05369118	-0.7772736	0.24168858	-0.15529604	0.07867259	-0.06652539	0.99999994	-0.28246972	0.17534955	-0.110174276	0.11312799	-0.4230559	0.22495273	-0.116167724	0.07736271	-0.08486249	0.08890625	-0.14190942	0.106300086	-0.091508195	0.06656249	-0.097116895	0.11501459	-0.110272706	0.0852177	-0.100098394
-0.30504692	0.22573149	-0.19954777	0.10234315	-0.08535181	0.23619352	-0.5135673	0.23903245	-0.1274105	0.104879156	-0.28246972	0.99999976	-0.49154407	0.19790384	-0.20209818	0.2827524	-0.44509155	0.18929476	-0.13012083	0.12755275	-0.11982377	0.19597957	-0.17452079	0.14440821	-0.10240557	0.1274393	-0.16730745	0.1572915	-0.12713343	0.14263767
0.26219445	-0.24426937	0.19790529	-0.12573457	0.10248704	-0.18387948	0.26599026	-0.30261812	0.15038696	-0.13365042	0.17534955	-0.49154407	0.99999976	-0.4560208	0.2707769	-0.25191298	0.24675597	-0.3037509	0.20545171	-0.1886062	0.12720409	-0.22265954	0.21734896	-0.24161503	0.14122984	-0.1515068	0.18621422	-0.21595158	0.16903824	-0.20461307
-0.20112164	0.14662153	-0.13114397	0.11704735	-0.11377574	0.11126782	-0.16444887	0.15708242	-0.16658366	0.14903513	-0.110174276	0.19790384	-0.4560208	0.99999946	-0.64045626	0.14936888	-0.15542743	0.17464112	-0.3990193	0.20137562	-0.08758407	0.14333238	-0.16146587	0.26985693	-0.16177087	0.101551205	-0.1434324	0.15725343	-0.15581182	0.17189966
0.20295365	-0.16402054	0.13471638	-0.14879373	0.14158863	-0.11828311	0.16308041	-0.16617745	0.18195438	-0.23772109	0.11312799	-0.20209818	0.2707769	-0.64045626	0.9999995	-0.16544832	0.15773204	-0.17428674	0.23959285	-0.37517825	0.09902205	-0.16688618	0.15611409	-0.29190713	0.21298602	-0.120584995	0.15951708	-0.1935827	0.18115766	-0.24889469
-0.35743114	0.18947035	-0.15690239	0.08275695	-0.06987821	0.25963587	-0.26758456	0.17007741	-0.10068333	0.084338	-0.4230559	0.2827524	-0.25191298	0.14936888	-0.16544832	0.9999995	-0.64715654	0.18715005	-0.11219307	0.1155387	-0.16818549	0.22927865	-0.18395868	0.1264606	-0.094883904	0.15294145	-0.19910106	0.16038257	-0.12826796	0.13649218
0.25132474	-0.17247723	0.13538875	-0.077230155	0.06436494	-0.21509804	0.2293097	-0.1605988	0.092580326	-0.07942186	0.22495273	-0.44509155	0.24675597	-0.15542743	0.15773204	-0.64715654	0.99999934	-0.2733908	0.119203925	-0.12022998	0.16643426	-0.34864932	0.20600446	-0.13747066	0.096382536	-0.16876654	0.2028922	-0.1791879	0.13264297	-0.14577205
-0.19860595	0.12569104	-0.10565037	0.06634405	-0.058271673	0.112480484	-0.14730619	0.122232296	-0.08241005	0.071951635	-0.116167724	0.18929476	-0.3037509	0.17464112	-0.17428674	0.18715005	-0.2733908	0.9999996	-0.21333629	0.124346256	-0.12264969	0.20671324	-0.7960723	0.18603204	-0.10611126	0.12747864	-0.19700693	0.2208026	-0.17043172	0.1502909
0.14488979	-0.098299615	0.08334107	-0.067088895	0.061873186	-0.07796828	0.10712281	-0.097661756	0.08653646	-0.07952406	0.07736271	-0.13012083	0.20545171	-0.3990193	0.23959285	-0.11219307	0.119203925	-0.21333629	0.99999946	-0.1759309	0.07129688	-0.11767046	0.16452344	-0.81607866	0.13056476	-0.08238376	0.12115132	-0.14696164	0.15564312	-0.15431577
-0.18339485	0.107933246	-0.09230775	0.07463082	-0.07307846	0.0849095	-0.11540149	0.10223884	-0.096585736	0.093307994	-0.08486249	0.12755275	-0.1886062	0.20137562	-0.37517825	0.1155387	-0.12022998	0.124346256	-0.1759309	0.9999995	-0.081768796	0.1261655	-0.12949824	0.17143126	-0.7591203	0.09444374	-0.15943831	0.16942157	-0.2371188	0.27922514
0.15087263	-0.0861846	0.06931961	-0.041815117	0.036284942	-0.08510875	0.0990471	-0.076512896	0.050882585	-0.04416156	0.08890625	-0.11982377	0.12720409	-0.08758407	0.09902205	-0.16818549	0.16643426	-0.12264969	0.07129688	-0.081768796	0.9999995	-0.5224883	0.13283557	-0.08321739	0.06862722	-0.7620135	0.2764447	-0.15584958	0.10819157	-0.10800528
-0.25970772	0.14086583	-0.11616479	0.06897172	-0.06044882	0.13364236	-0.16619729	0.12631387	-0.084877536	0.07311897	-0.14190942	0.19597957	-0.22265954	0.14333238	-0.16688618	0.22927865	-0.34864932	0.20671324	-0.11767046	0.1261655	-0.5224883	0.99999964	-0.26831043	0.13255104	-0.10926236	0.30856225	-0.5208729	0.23444416	-0.1760989	0.16226487
0.17824422	-0.117996655	0.09507932	-0.061573356	0.053416464	-0.106000416	0.13175865	-0.11155214	0.075065754	-0.06642062	0.106300086	-0.17452079	0.21734896	-0.16146587	0.15611409	-0.18395868	0.20600446	-0.7960723	0.16452344	-0.12949824	0.13283557	-0.26831043	0.9999995	-0.18824351	0.107402794	-0.14566024	0.20885584	-0.33274704	0.181149	-0.17007756
-0.18210065	0.11425871	-0.09940578	0.07710862	-0.073684596	0.091066666	-0.12719192	0.11214498	-0.10180414	0.091422416	-0.091508195	0.14440821	-0.24161503	0.26985693	-0.29190713	0.1264606	-0.13747066	0.18603204	-0.81607866	0.17143126	-0.08321739	0.13255104	-0.18824351	0.9999994	-0.15250883	0.094381936	-0.1473156	0.16676842	-0.21488227	0.17104304
0.13727807	-0.085191965	0.07070294	-0.056699052	0.052783683	-0.06718207	0.089362256	-0.07978558	0.07054359	-0.06849976	0.06656249	-0.10240557	0.14122984	-0.16177087	0.21298602	-0.094883904	0.096382536	-0.10611126	0.13056476	-0.7591203	0.06862722	-0.10926236	0.107402794	-0.15250883	0.99999934	-0.08226897	0.13148896	-0.17046992	0.21752739	-0.49728113
-0.19044891	0.100079514	-0.08206642	0.04921551	-0.043311473	0.09229089	-0.113422476	0.088239245	-0.060487617	0.052278895	-0.097116895	0.1274393	-0.1515068	0.101551205	-0.120584995	0.15294145	-0.16876654	0.12747864	-0.08238376	0.09444374	-0.7620135	0.30856225	-0.14566024	0.094381936	-0.08226897	0.9999988	-0.46074712	0.18382257	-0.13626012	0.124322064
0.20497972	-0.12464004	0.09905744	-0.063459754	0.05534102	-0.11460731	0.13667744	-0.11094956	0.07694431	-0.06805179	0.11501459	-0.16730745	0.18621422	-0.1434324	0.15951708	-0.19910106	0.2028922	-0.19700693	0.12115132	-0.15943831	0.2764447	-0.5208729	0.20885584	-0.1473156	0.13148896	-0.46074712	0.9999986	-0.49129075	0.23016255	-0.23651901
-0.23126645	0.12622315	-0.105514765	0.06819037	-0.061706122	0.10806515	-0.1396542	0.11463533	-0.08519158	0.07498838	-0.110272706	0.1572915	-0.21595158	0.15725343	-0.1935827	0.16038257	-0.1791879	0.2208026	-0.14696164	0.16942157	-0.15584958	0.23444416	-0.33274704	0.16676842	-0.17046992	0.18382257	-0.49129075	0.9999987	-0.5911832	0.2685423
0.17117117	-0.10186161	0.083804205	-0.05910606	0.053646885	-0.08522925	0.10957238	-0.09336763	0.073406175	-0.06666998	0.0852177	-0.12713343	0.16903824	-0.15581182	0.18115766	-0.12826796	0.13264297	-0.17043172	0.15564312	-0.2371188	0.10819157	-0.1760989	0.181149	-0.21488227	0.21752739	-0.13626012	0.23016255	-0.5911832	0.9999986	-0.60890687
-0.22459361	0.12136416	-0.102919646	0.07249035	-0.068256594	0.09900346	-0.13143688	0.111044	-0.09235538	0.08342756	-0.100098394	0.14263767	-0.20461307	0.17189966	-0.24889469	0.13649218	-0.14577205	0.1502909	-0.15431577	0.27922514	-0.10800528	0.16226487	-0.17007756	0.17104304	-0.49728113	0.124322064	-0.23651901	0.2685423	-0.60890687	0.9999986
