1.0000001	-0.6710569	0.33017555	-0.107701465	0.11863162	-0.31554568	0.19255382	-0.1858381	0.14272735	-0.14954181	0.16652668	-0.19237122	0.16323741	-0.23215133	0.14840353	-0.20484348	0.20231947	-0.17279601	0.1411424	-0.1733553	0.14038976	-0.16819651	0.16838734	-0.16318907	0.13609502	-0.1823124	0.15216456	-0.26362538	0.15853485	-0.17876442
-0.6710569	1.0000002	-0.6556127	0.086252205	-0.0915341	0.16502947	-0.12201539	0.112098016	-0.09585289	0.09402788	-0.095306255	0.1110031	-0.09874714	0.13409005	-0.08865493	0.11319572	-0.11734182	0.097669475	-0.08058976	0.09860863	-0.078625806	0.09396519	-0.09579313	0.09212757	-0.07755405	0.10058207	-0.085105695	0.14482906	-0.08929098	0.099602744
0.33017555	-0.6556127	1.0	-0.16362274	0.15356846	-0.2655281	0.18190351	-0.19865203	0.16666897	-0.17235711	0.16227959	-0.19256797	0.16935475	-0.25168127	0.16191827	-0.20443949	0.20625308	-0.18128613	0.14938773	-0.18579157	0.14263244	-0.1727488	0.17604607	-0.17261018	0.14475244	-0.18693328	0.15678033	-0.27555665	0.16685337	-0.18918617
-0.107701465	0.086252205	-0.16362274	0.9999999	-0.7944802	0.10532629	-0.10100233	0.14958555	-0.48354593	0.26078576	-0.075325795	0.09642463	-0.12369724	0.17610288	-0.15540358	0.08121187	-0.10428136	0.08864465	-0.084148355	0.110025615	-0.0591287	0.07111301	-0.088409945	0.08759041	-0.083021246	0.070377	-0.06472128	0.10048575	-0.080178596	0.084743075
0.11863162	-0.0915341	0.15356846	-0.7944802	0.99999964	-0.12500812	0.111182086	-0.16440791	0.30380812	-0.39028543	0.088109925	-0.11257293	0.13167517	-0.23980486	0.19103578	-0.098214515	0.12395234	-0.11188836	0.107159965	-0.14578506	0.07165561	-0.08707371	0.10968466	-0.11301345	0.10541164	-0.08646051	0.07930704	-0.12600279	0.1006977	-0.10934746
-0.31554568	0.16502947	-0.2655281	0.10532629	-0.12500812	0.9999994	-0.6723932	0.25292367	-0.16371803	0.13882771	-0.36820847	0.2903133	-0.26050472	0.18504126	-0.13786182	0.23785476	-0.28139043	0.1545741	-0.12567815	0.13141839	-0.16004473	0.1652227	-0.16261342	0.13207553	-0.111437745	0.16162212	-0.1476667	0.1821032	-0.13020211	0.12546952
0.19255382	-0.12201539	0.18190351	-0.10100233	0.111182086	-0.6723932	0.99999905	-0.42474514	0.16121183	-0.14120558	0.24788478	-0.43614838	0.27648857	-0.18111104	0.12744856	-0.2220108	0.22819498	-0.14156988	0.11260391	-0.12045333	0.13362521	-0.14707114	0.13888986	-0.11887472	0.09907771	-0.14564557	0.12501892	-0.1624814	0.11257924	-0.11193395
-0.1858381	0.112098016	-0.19865203	0.14958555	-0.16440791	0.25292367	-0.42474514	0.99999905	-0.3334006	0.1955535	-0.19681159	0.2824157	-0.6789842	0.2165766	-0.16948883	0.17062175	-0.22978903	0.1519093	-0.12770304	0.13472171	-0.118025206	0.13327503	-0.15019292	0.12734847	-0.111446306	0.12719452	-0.11755137	0.15553762	-0.11894308	0.116218805
0.14272735	-0.09585289	0.16666897	-0.48354593	0.30380812	-0.16371803	0.16121183	-0.3334006	0.999999	-0.59700996	0.1163528	-0.15599331	0.20448376	-0.31776395	0.25266826	-0.123317525	0.1592426	-0.13894714	0.1344073	-0.1796978	0.08887525	-0.1067342	0.13593586	-0.13793941	0.12993951	-0.10426522	0.09664285	-0.14720818	0.12198479	-0.12955378
-0.14954181	0.09402788	-0.17235711	0.26078576	-0.39028543	0.13882771	-0.14120558	0.1955535	-0.59700996	0.9999987	-0.10569073	0.13396038	-0.18024619	0.28090855	-0.52182376	0.11008056	-0.15766534	0.1337443	-0.13896145	0.19920248	-0.08353333	0.101109564	-0.13918273	0.13746724	-0.1532107	0.09671701	-0.09330388	0.14027654	-0.12970035	0.1310582
0.16652668	-0.095306255	0.16227959	-0.075325795	0.088109925	-0.36820847	0.24788478	-0.19681159	0.1163528	-0.10569073	0.9999987	-0.47189173	0.21318308	-0.14988871	0.105805516	-0.6700155	0.24606608	-0.13471258	0.1040801	-0.10601845	0.21749036	-0.19488381	0.13915098	-0.111071385	0.090187125	-0.21387585	0.15576552	-0.1649839	0.10935057	-0.10354684
-0.19237122	0.1110031	-0.19256797	0.09642463	-0.11257293	0.2903133	-0.43614838	0.2824157	-0.15599331	0.13396038	-0.47189173	0.99999857	-0.49245226	0.18707448	-0.13383262	0.2637572	-0.4010397	0.16780576	-0.12884292	0.12649666	-0.169455	0.18167602	-0.16417925	0.13137905	-0.10739736	0.16654724	-0.15165192	0.17725167	-0.12475388	0.11904674
0.16323741	-0.09874714	0.16935475	-0.12369724	0.13167517	-0.26050472	0.27648857	-0.6789842	0.20448376	-0.18024619	0.21318308	-0.49245226	0.9999984	-0.26514757	0.1613107	-0.20257661	0.23118015	-0.18135999	0.13750252	-0.13846825	0.12636398	-0.14488626	0.15673459	-0.13637273	0.112971805	-0.13992219	0.12316887	-0.1653321	0.12144975	-0.12040597
-0.23215133	0.13409005	-0.25168127	0.17610288	-0.23980486	0.18504126	-0.18111104	0.2165766	-0.31776395	0.28090855	-0.14988871	0.18707448	-0.26514757	0.99999833	-0.5791722	0.15600088	-0.25495017	0.23098217	-0.3360334	0.2705267	-0.12499653	0.15443335	-0.24841414	0.23932314	-0.24044056	0.14244546	-0.14426327	0.21116777	-0.21578573	0.19693297
0.14840353	-0.08865493	0.16191827	-0.15540358	0.19103578	-0.13786182	0.12744856	-0.16948883	0.25266826	-0.52182376	0.105805516	-0.13383262	0.1613107	-0.5791722	0.9999983	-0.11551405	0.17038475	-0.17403215	0.19854133	-0.429786	0.09071781	-0.11345961	0.17241137	-0.19558832	0.22102676	-0.10704187	0.10561744	-0.16739035	0.16682814	-0.18506627
-0.20484348	0.11319572	-0.20443949	0.08121187	-0.098214515	0.23785476	-0.2220108	0.17062175	-0.123317525	0.11008056	-0.6700155	0.2637572	-0.20257661	0.15600088	-0.11551405	0.9999983	-0.31462845	0.15046471	-0.118243225	0.11685406	-0.4268559	0.23110667	-0.16818336	0.1252131	-0.10228738	0.24543585	-0.204318	0.18594646	-0.12856883	0.11627536
0.20231947	-0.11734182	0.20625308	-0.10428136	0.12395234	-0.28139043	0.22819498	-0.22978903	0.1592426	-0.15766534	0.24606608	-0.4010397	0.23118015	-0.25495017	0.17038475	-0.31462845	0.9999984	-0.36688462	0.20980291	-0.19768101	0.24491753	-0.4466824	0.26834223	-0.22597356	0.16476946	-0.28365198	0.25869375	-0.33263677	0.19801532	-0.19753645
-0.17279601	0.097669475	-0.18128613	0.08864465	-0.11188836	0.1545741	-0.14156988	0.1519093	-0.13894714	0.1337443	-0.13471258	0.16780576	-0.18135999	0.23098217	-0.17403215	0.15046471	-0.36688462	0.9999984	-0.5446509	0.20327084	-0.13468656	0.18849526	-0.6014048	0.30797973	-0.18976521	0.1506093	-0.16225635	0.23215152	-0.19789228	0.17583312
0.1411424	-0.08058976	0.14938773	-0.084148355	0.107159965	-0.12567815	0.11260391	-0.12770304	0.1344073	-0.13896145	0.1040801	-0.12884292	0.13750252	-0.3360334	0.19854133	-0.118243225	0.20980291	-0.5446509	0.9999986	-0.30092323	0.10137751	-0.13820152	0.30667412	-0.6188019	0.2289085	-0.11874915	0.12327685	-0.19765711	0.1992145	-0.19489422
-0.1733553	0.09860863	-0.18579157	0.110025615	-0.14578506	0.13141839	-0.12045333	0.13472171	-0.1796978	0.19920248	-0.10601845	0.12649666	-0.13846825	0.2705267	-0.429786	0.11685406	-0.19768101	0.20327084	-0.30092323	0.99999857	-0.099689245	0.1275423	-0.23111789	0.2585481	-0.6519387	0.1161906	-0.124031305	0.19527817	-0.2686344	0.2646884
0.14038976	-0.078625806	0.14263244	-0.0591287	0.07165561	-0.16004473	0.13362521	-0.118025206	0.08887525	-0.08353333	0.21749036	-0.169455	0.12636398	-0.12499653	0.09071781	-0.4268559	0.24491753	-0.13468656	0.10137751	-0.099689245	0.99999857	-0.49512386	0.15809889	-0.11323803	0.08858937	-0.6402562	0.28973377	-0.20624413	0.12097378	-0.105536826
-0.16819651	0.09396519	-0.1727488	0.07111301	-0.08707371	0.1652227	-0.14707114	0.13327503	-0.1067342	0.101109564	-0.19488381	0.18167602	-0.14488626	0.15443335	-0.11345961	0.23110667	-0.4466824	0.18849526	-0.13820152	0.1275423	-0.49512386	0.99999857	-0.25749105	0.15359862	-0.11613741	0.31907928	-0.56810933	0.26407588	-0.1634177	0.13552606
0.16838734	-0.09579313	0.17604607	-0.088409945	0.10968466	-0.16261342	0.13888986	-0.15019292	0.13593586	-0.13918273	0.13915098	-0.16417925	0.15673459	-0.24841414	0.17241137	-0.16818336	0.26834223	-0.6014048	0.30667412	-0.23111789	0.15809889	-0.25749105	0.9999989	-0.47969627	0.20689104	-0.18909203	0.1995927	-0.36918956	0.22935836	-0.22123645
-0.16318907	0.09212757	-0.17261018	0.08759041	-0.11301345	0.13207553	-0.11887472	0.12734847	-0.13793941	0.13746724	-0.111071385	0.13137905	-0.13637273	0.23932314	-0.19558832	0.1252131	-0.22597356	0.30797973	-0.6188019	0.2585481	-0.11323803	0.15359862	-0.47969627	0.99999887	-0.35271356	0.13058835	-0.1431661	0.22828056	-0.3052204	0.23595041
0.13609502	-0.07755405	0.14475244	-0.083021246	0.10541164	-0.111437745	0.09907771	-0.111446306	0.12993951	-0.1532107	0.090187125	-0.10739736	0.112971805	-0.24044056	0.22102676	-0.10228738	0.16476946	-0.18976521	0.2289085	-0.6519387	0.08858937	-0.11613741	0.20689104	-0.35271356	0.99999887	-0.10656078	0.113124914	-0.19932252	0.26748	-0.50599056
-0.1823124	0.10058207	-0.18693328	0.070377	-0.08646051	0.16162212	-0.14564557	0.12719452	-0.10426522	0.09671701	-0.21387585	0.16654724	-0.13992219	0.14244546	-0.10704187	0.24543585	-0.28365198	0.1506093	-0.11874915	0.1161906	-0.6402562	0.31907928	-0.18909203	0.13058835	-0.10656078	0.9999991	-0.5347122	0.24244866	-0.15551728	0.1251601
0.15216456	-0.085105695	0.15678033	-0.06472128	0.07930704	-0.1476667	0.12501892	-0.11755137	0.09664285	-0.09330388	0.15576552	-0.15165192	0.12316887	-0.14426327	0.10561744	-0.204318	0.25869375	-0.16225635	0.12327685	-0.124031305	0.28973377	-0.56810933	0.1995927	-0.1431661	0.113124914	-0.5347122	0.9999987	-0.46945494	0.17700614	-0.14557993
-0.26362538	0.14482906	-0.27555665	0.10048575	-0.12600279	0.1821032	-0.1624814	0.15553762	-0.14720818	0.14027654	-0.1649839	0.17725167	-0.1653321	0.21116777	-0.16739035	0.18594646	-0.33263677	0.23215152	-0.19765711	0.19527817	-0.20624413	0.26407588	-0.36918956	0.22828056	-0.19932252	0.24244866	-0.46945494	0.99999857	-0.46352017	0.2507745
0.15853485	-0.08929098	0.16685337	-0.080178596	0.1006977	-0.13020211	0.11257924	-0.11894308	0.12198479	-0.12970035	0.10935057	-0.12475388	0.12144975	-0.21578573	0.16682814	-0.12856883	0.19801532	-0.19789228	0.1992145	-0.2686344	0.12097378	-0.1634177	0.22935836	-0.3052204	0.26748	-0.15551728	0.17700614	-0.46352017	0.9999987	-0.67869943
-0.17876442	0.099602744	-0.18918617	0.084743075	-0.10934746	0.12546952	-0.11193395	0.116218805	-0.12955378	0.1310582	-0.10354684	0.11904674	-0.12040597	0.19693297	-0.18506627	0.11627536	-0.19753645	0.17583312	-0.19489422	0.2646884	-0.105536826	0.13552606	-0.22123645	0.23595041	-0.50599056	0.1251601	-0.14557993	0.2507745	-0.67869943	0.9999987
