1.0000002	-0.62241274	0.30570897	-0.13817911	0.13383222	-0.52146095	0.2968686	-0.25677368	0.19249128	-0.26894224	0.105043024	-0.11405636	0.13921858	-0.13874348	0.102995776	-0.06934973	0.05890221	-0.1047722	0.11826875	-0.07408432	0.07714604	-0.15200336	0.09597236	-0.1185267	0.124414645	-0.07913171	0.09103981	-0.16951604	0.07919607	-0.093146086
-0.62241274	1.0000004	-0.6140238	0.111681685	-0.109778695	0.27818558	-0.3522556	0.23896104	-0.17245142	0.17857234	-0.069811724	0.07352265	-0.112600364	0.1097081	-0.07081573	0.04498611	-0.038529214	0.07547422	-0.085671976	0.050694153	-0.05034287	0.09807159	-0.06918774	0.0830409	-0.08509552	0.051190704	-0.05939326	0.10961133	-0.052394707	0.061064925
0.30570897	-0.6140238	1.0000001	-0.18312158	0.16080704	-0.31371936	0.2835286	-0.46459433	0.24558745	-0.29247665	0.08415287	-0.091218576	0.16211522	-0.16830431	0.10999935	-0.06991399	0.059260912	-0.11623194	0.12865548	-0.079125896	0.07959535	-0.15682851	0.10472814	-0.12850726	0.13163519	-0.08166146	0.094272524	-0.17591426	0.08278202	-0.09718748
-0.13817911	0.111681685	-0.18312158	1.0000001	-0.8570357	0.12594707	-0.14334947	0.18362357	-0.3482609	0.20878638	-0.04698857	0.048895203	-0.14093478	0.14521159	-0.08586911	0.043918572	-0.03772795	0.08546078	-0.10364623	0.06011768	-0.05164322	0.09893361	-0.079927996	0.09415055	-0.10136118	0.05207342	-0.06128891	0.11212748	-0.056731824	0.06513887
0.13383222	-0.109778695	0.16080704	-0.8570357	1.0	-0.13442294	0.13553135	-0.18242307	0.23974083	-0.29380944	0.049067013	-0.051972244	0.13350011	-0.14805865	0.10389646	-0.056665257	0.047945622	-0.09663103	0.113343716	-0.073670134	0.06680864	-0.13087714	0.088963814	-0.110457085	0.12208608	-0.06854829	0.07951947	-0.14844106	0.07205411	-0.08430575
-0.52146095	0.27818558	-0.31371936	0.12594707	-0.13442294	1.0	-0.6671714	0.25861442	-0.21805854	0.19013672	-0.1891959	0.15626454	-0.15059933	0.13665603	-0.08278385	0.054729294	-0.048444923	0.091613516	-0.106827825	0.058829874	-0.057082973	0.107864335	-0.08539756	0.09872159	-0.10017343	0.05658267	-0.066444375	0.119038194	-0.058998115	0.067597866
0.2968686	-0.3522556	0.2835286	-0.14334947	0.13553135	-0.6671714	0.9999996	-0.46257725	0.23263822	-0.23055178	0.1238352	-0.13614094	0.15434167	-0.15621795	0.090904966	-0.05917551	0.05113138	-0.10127557	0.11236749	-0.06515005	0.06403573	-0.12396075	0.091158316	-0.10918893	0.10875061	-0.06465152	0.07524448	-0.13795902	0.066430375	-0.077140935
-0.25677368	0.23896104	-0.46459433	0.18362357	-0.18242307	0.25861442	-0.46257725	0.9999997	-0.5697769	0.23036447	-0.082606584	0.08591929	-0.24906155	0.21990891	-0.09766018	0.054670095	-0.047503628	0.119138	-0.13288069	0.06921219	-0.062232047	0.11869933	-0.10828607	0.12053423	-0.11500444	0.06219969	-0.07353086	0.13345361	-0.06672988	0.076342754
0.19249128	-0.17245142	0.24558745	-0.3482609	0.23974083	-0.21805854	0.23263822	-0.5697769	0.9999996	-0.36180317	0.0784338	-0.0839523	0.25931525	-0.41642871	0.12944141	-0.06819627	0.05861621	-0.14975277	0.16618094	-0.09200411	0.07912552	-0.1527134	0.13128673	-0.15599792	0.14857487	-0.07983194	0.093981065	-0.1730155	0.08601245	-0.09918189
-0.26894224	0.17857234	-0.29247665	0.20878638	-0.29380944	0.19013672	-0.23055178	0.23036447	-0.36180317	0.99999976	-0.07717943	0.07786342	-0.22440559	0.20162685	-0.41511676	0.08036584	-0.07000891	0.15268882	-0.22692882	0.23417413	-0.10186979	0.18170549	-0.1513988	0.1895398	-0.42023593	0.100063995	-0.12286895	0.21798238	-0.14926876	0.1629945
0.105043024	-0.069811724	0.08415287	-0.04698857	0.049067013	-0.1891959	0.1238352	-0.082606584	0.0784338	-0.07717943	0.99999976	-0.9560985	0.10730609	-0.092195265	0.037237387	-0.06017456	0.056067854	-0.056868054	0.055774763	-0.02683617	0.033386465	-0.05878397	0.048194297	-0.053440146	0.045353103	-0.029957367	0.035066936	-0.055596426	0.027710928	-0.030896751
-0.11405636	0.07352265	-0.091218576	0.048895203	-0.051972244	0.15626454	-0.13614094	0.08591929	-0.0839523	0.07786342	-0.9560985	0.99999964	-0.12651956	0.09342941	-0.03835056	0.058866717	-0.059853293	0.05838538	-0.058193468	0.027548589	-0.033864502	0.058946043	-0.05059218	0.0542843	-0.046734396	0.030169696	-0.03554358	0.055894732	-0.028172474	0.031273354
0.13921858	-0.112600364	0.16211522	-0.14093478	0.13350011	-0.15059933	0.15434167	-0.24906155	0.25931525	-0.22440559	0.10730609	-0.12651956	0.99999946	-0.7571592	0.113002196	-0.06858699	0.061266344	-0.34150648	0.21979025	-0.084128916	0.07694687	-0.14435172	0.2122691	-0.21557352	0.13109386	-0.074510805	0.090951614	-0.16211241	0.081462264	-0.09052784
-0.13874348	0.1097081	-0.16830431	0.14521159	-0.14805865	0.13665603	-0.15621795	0.21990891	-0.41642871	0.20162685	-0.092195265	0.09342941	-0.7571592	0.99999964	-0.11672948	0.058008607	-0.052323334	0.21091922	-0.2695507	0.08398036	-0.067335956	0.12278491	-0.19409895	0.19166145	-0.1275853	0.06444036	-0.079566695	0.13853955	-0.07355224	0.08097529
0.102995776	-0.07081573	0.10999935	-0.08586911	0.10389646	-0.08278385	0.090904966	-0.09766018	0.12944141	-0.41511676	0.037237387	-0.03835056	0.113002196	-0.11672948	0.9999995	-0.070782155	0.05954603	-0.10876286	0.15646093	-0.7465715	0.08949554	-0.17144392	0.10430767	-0.15800555	0.31606823	-0.0940833	0.11063362	-0.21987088	0.12830855	-0.17545131
-0.06934973	0.04498611	-0.06991399	0.043918572	-0.056665257	0.054729294	-0.05917551	0.054670095	-0.06819627	0.08036584	-0.06017456	0.058866717	-0.06858699	0.058008607	-0.070782155	0.99999946	-0.91526073	0.075435944	-0.08044614	0.048556503	-0.21855892	0.22981526	-0.07716851	0.07017034	-0.09845106	0.12832744	-0.14775522	0.11536536	-0.061782338	0.059052113
0.05890221	-0.038529214	0.059260912	-0.03772795	0.047945622	-0.048444923	0.05113138	-0.047503628	0.05861621	-0.07000891	0.056067854	-0.059853293	0.061266344	-0.052323334	0.05954603	-0.91526073	0.99999917	-0.07627362	0.07158751	-0.04120144	0.17131063	-0.30458102	0.07394042	-0.06485088	0.08253913	-0.1194651	0.12936841	-0.10701451	0.054005265	-0.05244856
-0.1047722	0.07547422	-0.11623194	0.08546078	-0.09663103	0.091613516	-0.10127557	0.119138	-0.14975277	0.15268882	-0.056868054	0.05838538	-0.34150648	0.21091922	-0.10876286	0.075435944	-0.07627362	0.99999905	-0.3431606	0.08275538	-0.08957169	0.14976528	-0.7850083	0.2711472	-0.1381019	0.07723875	-0.1059225	0.16475853	-0.08919757	0.08825693
0.11826875	-0.085671976	0.12865548	-0.10364623	0.113343716	-0.106827825	0.11236749	-0.13288069	0.16618094	-0.22692882	0.055774763	-0.058193468	0.21979025	-0.2695507	0.15646093	-0.08044614	0.07158751	-0.3431606	0.99999905	-0.14904615	0.097704455	-0.17917062	0.27341545	-0.7716438	0.19073385	-0.094185315	0.11699457	-0.2088465	0.121613905	-0.13269265
-0.07408432	0.050694153	-0.079125896	0.06011768	-0.073670134	0.058829874	-0.06515005	0.06921219	-0.09200411	0.23417413	-0.02683617	0.027548589	-0.084128916	0.08398036	-0.7465715	0.048556503	-0.04120144	0.08275538	-0.14904615	0.99999887	-0.062339656	0.11661274	-0.07977965	0.12953654	-0.5582452	0.064616315	-0.077604964	0.151389	-0.105676785	0.13744257
0.07714604	-0.05034287	0.07959535	-0.05164322	0.06680864	-0.057082973	0.06403573	-0.062232047	0.07912552	-0.10186979	0.033386465	-0.033864502	0.07694687	-0.067335956	0.08949554	-0.21855892	0.17131063	-0.08957169	0.097704455	-0.062339656	0.9999989	-0.5263007	0.097628705	-0.092405625	0.12667446	-0.702764	0.3042018	-0.24864991	0.10103621	-0.10013358
-0.15200336	0.09807159	-0.15682851	0.09893361	-0.13087714	0.107864335	-0.12396075	0.11869933	-0.1527134	0.18170549	-0.05878397	0.058946043	-0.14435172	0.12278491	-0.17144392	0.22981526	-0.30458102	0.14976528	-0.17917062	0.11661274	-0.5263007	0.9999988	-0.18362746	0.15566637	-0.24130781	0.2918313	-0.46683204	0.27433157	-0.15246598	0.14022176
0.09597236	-0.06918774	0.10472814	-0.079927996	0.088963814	-0.08539756	0.091158316	-0.10828607	0.13128673	-0.1513988	0.048194297	-0.05059218	0.2122691	-0.19409895	0.10430767	-0.07716851	0.07394042	-0.7850083	0.27341545	-0.07977965	0.097628705	-0.18362746	0.99999905	-0.4182017	0.13628927	-0.0858396	0.1177286	-0.2084744	0.096970595	-0.09586368
-0.1185267	0.0830409	-0.12850726	0.09415055	-0.110457085	0.09872159	-0.10918893	0.12053423	-0.15599792	0.1895398	-0.053440146	0.0542843	-0.21557352	0.19166145	-0.15800555	0.07017034	-0.06485088	0.2711472	-0.7716438	0.12953654	-0.092405625	0.15566637	-0.4182017	0.9999993	-0.21236639	0.08422605	-0.11088351	0.18272375	-0.13102674	0.12567344
0.124414645	-0.08509552	0.13163519	-0.10136118	0.12208608	-0.10017343	0.10875061	-0.11500444	0.14857487	-0.42023593	0.045353103	-0.046734396	0.13109386	-0.1275853	0.31606823	-0.09845106	0.08253913	-0.1381019	0.19073385	-0.5582452	0.12667446	-0.24130781	0.13628927	-0.21236639	0.999999	-0.13421902	0.15888889	-0.3223125	0.21218334	-0.33409044
-0.07913171	0.051190704	-0.08166146	0.05207342	-0.06854829	0.05658267	-0.06465152	0.06219969	-0.07983194	0.100063995	-0.029957367	0.030169696	-0.074510805	0.06444036	-0.0940833	0.12832744	-0.1194651	0.07723875	-0.094185315	0.064616315	-0.702764	0.2918313	-0.0858396	0.08422605	-0.13421902	0.999999	-0.5730992	0.22932208	-0.10531164	0.094978765
0.09103981	-0.05939326	0.094272524	-0.06128891	0.07951947	-0.066444375	0.07524448	-0.07353086	0.093981065	-0.12286895	0.035066936	-0.03554358	0.090951614	-0.079566695	0.11063362	-0.14775522	0.12936841	-0.1059225	0.11699457	-0.077604964	0.3042018	-0.46683204	0.1177286	-0.11088351	0.15888889	-0.5730992	0.99999905	-0.52356035	0.15220852	-0.14580491
-0.16951604	0.10961133	-0.17591426	0.11212748	-0.14844106	0.119038194	-0.13795902	0.13345361	-0.1730155	0.21798238	-0.055596426	0.055894732	-0.16211241	0.13853955	-0.21987088	0.11536536	-0.10701451	0.16475853	-0.2088465	0.151389	-0.24864991	0.27433157	-0.2084744	0.18272375	-0.3223125	0.22932208	-0.52356035	0.999999	-0.39588857	0.25263575
0.07919607	-0.052394707	0.08278202	-0.056731824	0.07205411	-0.058998115	0.066430375	-0.06672988	0.08601245	-0.14926876	0.027710928	-0.028172474	0.081462264	-0.07355224	0.12830855	-0.061782338	0.054005265	-0.08919757	0.121613905	-0.105676785	0.10103621	-0.15246598	0.096970595	-0.13102674	0.21218334	-0.10531164	0.15220852	-0.39588857	0.99999887	-0.83477587
-0.093146086	0.061064925	-0.09718748	0.06513887	-0.08430575	0.067597866	-0.077140935	0.076342754	-0.09918189	0.1629945	-0.030896751	0.031273354	-0.09052784	0.08097529	-0.17545131	0.059052113	-0.05244856	0.08825693	-0.13269265	0.13744257	-0.10013358	0.14022176	-0.09586368	0.12567344	-0.33409044	0.094978765	-0.14580491	0.25263575	-0.83477587	0.99999887
