1.0000001	-0.45687333	0.2082819	-0.12177483	0.109559394	-0.80886036	0.2553625	-0.17974761	0.10645988	-0.09335828	0.14454226	-0.12492037	0.11299703	-0.102735676	0.0724333	-0.060284063	0.056693804	-0.10022147	0.06770592	-0.06721549	0.046924025	-0.042456303	0.079258576	-0.07008375	0.060802173	-0.044938803	0.03158272	-0.06420493	0.047897097	-0.06282536
-0.45687333	1.0000001	-0.52634466	0.17884894	-0.15691927	0.2888365	-0.5822302	0.2939403	-0.16478744	0.125695	-0.14524302	0.12804022	-0.13937542	0.12510477	-0.092365615	0.06227501	-0.061078776	0.11125057	-0.07923197	0.079382405	-0.052281912	0.04663875	-0.091450125	0.07952353	-0.07173055	0.048802976	-0.03456161	0.07001555	-0.05398288	0.070101775
0.2082819	-0.52634466	1.0000001	-0.35081658	0.19941618	-0.24923801	0.31936005	-0.6156136	0.23835094	-0.18048859	0.13494097	-0.12764125	0.16015741	-0.16915697	0.12112656	-0.06930579	0.06686255	-0.13691267	0.09808556	-0.10182296	0.06020868	-0.05395294	0.10741663	-0.098950684	0.089565225	-0.05930592	0.04191876	-0.085656784	0.06641344	-0.086897284
-0.12177483	0.17884894	-0.35081658	1.0000001	-0.52351946	0.13198885	-0.20459242	0.24747263	-0.651235	0.29597265	-0.12634915	0.10635822	-0.15899575	0.22834492	-0.19168796	0.067201994	-0.06663004	0.13383509	-0.12322244	0.13428342	-0.07018955	0.061038762	-0.13458163	0.118041575	-0.11977137	0.06725513	-0.048216432	0.09803079	-0.080963984	0.1038731
0.109559394	-0.15691927	0.19941618	-0.52351946	1.0000002	-0.13275093	0.1622523	-0.20213173	0.31702176	-0.6060722	0.13851154	-0.11896698	0.1781626	-0.36321303	0.2611631	-0.08491029	0.0826686	-0.17694321	0.16719902	-0.20638438	0.09065191	-0.079947144	0.17259781	-0.17301129	0.16576828	-0.10166682	0.07169085	-0.1496394	0.11788623	-0.15847316
-0.80886036	0.2888365	-0.24923801	0.13198885	-0.13275093	1.0000001	-0.36117837	0.19394152	-0.12385518	0.10476946	-0.21153153	0.1480392	-0.13775128	0.113869995	-0.08281327	0.06962552	-0.067009985	0.11294594	-0.07741336	0.07555018	-0.05499749	0.049224712	-0.09324917	0.07877104	-0.06923308	0.05011968	-0.035401862	0.07143027	-0.05392334	0.0700941
0.2553625	-0.5822302	0.31936005	-0.20459242	0.1622523	-0.36117837	1.0	-0.5648037	0.18825443	-0.15291795	0.16897874	-0.1859655	0.16955401	-0.15445815	0.10866215	-0.07840659	0.076077424	-0.14145143	0.09545354	-0.09611881	0.062181965	-0.05618877	0.106668666	-0.09700815	0.08539555	-0.059432127	0.041940752	-0.08530351	0.06506846	-0.0851546
-0.17974761	0.2939403	-0.6156136	0.24747263	-0.20213173	0.19394152	-0.5648037	0.9999999	-0.3329691	0.17865264	-0.14417332	0.13791984	-0.20848513	0.16521299	-0.124214865	0.07032868	-0.06946737	0.14163908	-0.09993785	0.10073507	-0.06081284	0.054255527	-0.108782835	0.09795529	-0.089739956	0.0574771	-0.040831972	0.08289903	-0.065304905	0.08458701
0.10645988	-0.16478744	0.23835094	-0.651235	0.31702176	-0.12385518	0.18825443	-0.3329691	0.9999995	-0.49279913	0.11591377	-0.10149263	0.15173723	-0.31121504	0.21460536	-0.06421941	0.06338543	-0.13274865	0.1253995	-0.14527227	0.06582322	-0.057600908	0.1257402	-0.11902609	0.120682016	-0.06447304	0.046279483	-0.09456147	0.07919517	-0.10259233
-0.09335828	0.125695	-0.18048859	0.29597265	-0.6060722	0.10476946	-0.15291795	0.17865264	-0.49279913	0.9999994	-0.12744507	0.10448063	-0.16696943	0.29310673	-0.44523004	0.07228717	-0.07225619	0.14939162	-0.16306601	0.20205131	-0.08091993	0.06989689	-0.15942919	0.14964029	-0.17009409	0.07818512	-0.056669395	0.11537924	-0.10122502	0.12943217
0.14454226	-0.14524302	0.13494097	-0.12634915	0.13851154	-0.21153153	0.16897874	-0.14417332	0.11591377	-0.12744507	0.999999	-0.77340955	0.28651842	-0.19507678	0.1274936	-0.23692891	0.20201786	-0.29105085	0.15689576	-0.14430928	0.12564526	-0.119500555	0.17950314	-0.16809896	0.13116024	-0.11285732	0.07876925	-0.15846924	0.112252206	-0.1486981
-0.12492037	0.12804022	-0.12764125	0.10635822	-0.11896698	0.1480392	-0.1859655	0.13791984	-0.10149263	0.10448063	-0.77340955	0.9999989	-0.44445387	0.15353237	-0.10471538	0.1921806	-0.237354	0.23898076	-0.13137516	0.11275471	-0.11037928	0.10122217	-0.15511917	0.13021931	-0.10440507	0.08391699	-0.059604008	0.11689816	-0.08589441	0.11115433
0.11299703	-0.13937542	0.16015741	-0.15899575	0.1781626	-0.13775128	0.16955401	-0.20848513	0.15173723	-0.16696943	0.28651842	-0.44445387	0.99999875	-0.2929832	0.17936513	-0.19520937	0.1885592	-0.62383455	0.24074504	-0.20490892	0.1364986	-0.12814502	0.22972214	-0.23968154	0.17955208	-0.13197793	0.09277205	-0.189274	0.14299078	-0.18728459
-0.102735676	0.12510477	-0.16915697	0.22834492	-0.36321303	0.113869995	-0.15445815	0.16521299	-0.31121504	0.29310673	-0.19507678	0.15353237	-0.2929832	0.99999857	-0.6021811	0.10835102	-0.11088529	0.23032877	-0.3067598	0.28328845	-0.12778065	0.10863184	-0.25976232	0.2311757	-0.26888424	0.11053333	-0.08182403	0.16308486	-0.15400237	0.18635407
0.0724333	-0.092365615	0.12112656	-0.19168796	0.2611631	-0.08281327	0.10866215	-0.124214865	0.21460536	-0.44523004	0.1274936	-0.10471538	0.17936513	-0.6021811	0.99999845	-0.07881951	0.07907975	-0.18118727	0.22763829	-0.49964482	0.089706756	-0.07787974	0.17875843	-0.2096848	0.23682107	-0.090436034	0.06622558	-0.13701558	0.12744765	-0.17264889
-0.060284063	0.06227501	-0.06930579	0.067201994	-0.08491029	0.06962552	-0.07840659	0.07032868	-0.06421941	0.07228717	-0.23692891	0.1921806	-0.19520937	0.10835102	-0.07881951	0.9999986	-0.8629221	0.19714586	-0.11455823	0.08921533	-0.276177	0.19932057	-0.18163474	0.10957135	-0.0881514	0.08896429	-0.066318974	0.11197005	-0.078389235	0.09779965
0.056693804	-0.061078776	0.06686255	-0.06663004	0.0826686	-0.067009985	0.076077424	-0.06946737	0.06338543	-0.07225619	0.20201786	-0.237354	0.1885592	-0.11088529	0.07907975	-0.8629221	0.9999985	-0.25583842	0.117719725	-0.09232661	0.20502262	-0.2247852	0.1682279	-0.11481712	0.08914047	-0.091232985	0.06733425	-0.115347475	0.079705775	-0.100542136
-0.10022147	0.11125057	-0.13691267	0.13383509	-0.17694321	0.11294594	-0.14145143	0.14163908	-0.13274865	0.14939162	-0.29105085	0.23898076	-0.62383455	0.23032877	-0.18118727	0.19714586	-0.25583842	0.9999982	-0.4365371	0.21005891	-0.16450582	0.14662386	-0.32404184	0.2533964	-0.2015382	0.12393429	-0.09004557	0.17617321	-0.14746682	0.17862114
0.06770592	-0.07923197	0.09808556	-0.12322244	0.16719902	-0.07741336	0.09545354	-0.09993785	0.1253995	-0.16306601	0.15689576	-0.13137516	0.24074504	-0.3067598	0.22763829	-0.11455823	0.117719725	-0.4365371	0.99999815	-0.44206786	0.11689721	-0.104695946	0.2361333	-0.61255676	0.2872665	-0.11466741	0.08505726	-0.17729892	0.17908576	-0.21789154
-0.06721549	0.079382405	-0.10182296	0.13428342	-0.20638438	0.07555018	-0.09611881	0.10073507	-0.14527227	0.20205131	-0.14430928	0.11275471	-0.20490892	0.28328845	-0.49964482	0.08921533	-0.09232661	0.21005891	-0.44206786	0.999998	-0.109281495	0.09356131	-0.22640981	0.28888252	-0.56217045	0.10237591	-0.077886164	0.15791202	-0.17607039	0.22184001
0.046924025	-0.052281912	0.06020868	-0.07018955	0.09065191	-0.05499749	0.062181965	-0.06081284	0.06582322	-0.08091993	0.12564526	-0.11037928	0.1364986	-0.12778065	0.089706756	-0.276177	0.20502262	-0.16450582	0.11689721	-0.109281495	0.999998	-0.826007	0.26960245	-0.14516671	0.11391356	-0.20229743	0.14829099	-0.2178101	0.12789899	-0.16065691
-0.042456303	0.04663875	-0.05395294	0.061038762	-0.079947144	0.049224712	-0.05618877	0.054255527	-0.057600908	0.06989689	-0.119500555	0.10122217	-0.12814502	0.10863184	-0.07787974	0.19932057	-0.2247852	0.14662386	-0.104695946	0.09356131	-0.826007	0.9999979	-0.39948094	0.12587675	-0.098969474	0.16502959	-0.14982706	0.17590983	-0.1088855	0.13109404
0.079258576	-0.091450125	0.10741663	-0.13458163	0.17259781	-0.09324917	0.106668666	-0.108782835	0.1257402	-0.15942919	0.17950314	-0.15511917	0.22972214	-0.25976232	0.17875843	-0.18163474	0.1682279	-0.32404184	0.2361333	-0.22640981	0.26960245	-0.39948094	0.9999979	-0.3376141	0.23464622	-0.31167847	0.21009609	-0.4266232	0.25262398	-0.34113586
-0.07008375	0.07952353	-0.098950684	0.118041575	-0.17301129	0.07877104	-0.09700815	0.09795529	-0.11902609	0.14964029	-0.16809896	0.13021931	-0.23968154	0.2311757	-0.2096848	0.10957135	-0.11481712	0.2533964	-0.61255676	0.28888252	-0.14516671	0.12587675	-0.3376141	0.9999979	-0.48626408	0.13262548	-0.10366878	0.21012194	-0.2943714	0.26420507
0.060802173	-0.07173055	0.089565225	-0.11977137	0.16576828	-0.06923308	0.08539555	-0.089739956	0.120682016	-0.17009409	0.13116024	-0.10440507	0.17955208	-0.26888424	0.23682107	-0.0881514	0.08914047	-0.2015382	0.2872665	-0.56217045	0.11391356	-0.098969474	0.23464622	-0.48626408	0.99999785	-0.13025174	0.09878628	-0.21347181	0.24142523	-0.4602471
-0.044938803	0.048802976	-0.05930592	0.06725513	-0.10166682	0.05011968	-0.059432127	0.0574771	-0.06447304	0.07818512	-0.11285732	0.08391699	-0.13197793	0.11053333	-0.090436034	0.08896429	-0.091232985	0.12393429	-0.11466741	0.10237591	-0.20229743	0.16502959	-0.31167847	0.13262548	-0.13025174	0.9999978	-0.8224437	0.2870062	-0.21590805	0.15734407
0.03158272	-0.03456161	0.04191876	-0.048216432	0.07169085	-0.035401862	0.041940752	-0.040831972	0.046279483	-0.056669395	0.07876925	-0.059604008	0.09277205	-0.08182403	0.06622558	-0.066318974	0.06733425	-0.09004557	0.08505726	-0.077886164	0.14829099	-0.14982706	0.21009609	-0.10366878	0.09878628	-0.8224437	0.9999974	-0.45259076	0.1790437	-0.13989505
-0.06420493	0.07001555	-0.085656784	0.09803079	-0.1496394	0.07143027	-0.08530351	0.08289903	-0.09456147	0.11537924	-0.15846924	0.11689816	-0.189274	0.16308486	-0.13701558	0.11197005	-0.115347475	0.17617321	-0.17729892	0.15791202	-0.2178101	0.17590983	-0.4266232	0.21012194	-0.21347181	0.2870062	-0.45259076	0.9999974	-0.5452749	0.27571362
0.047897097	-0.05398288	0.06641344	-0.080963984	0.11788623	-0.05392334	0.06506846	-0.065304905	0.07919517	-0.10122502	0.112252206	-0.08589441	0.14299078	-0.15400237	0.12744765	-0.078389235	0.079705775	-0.14746682	0.17908576	-0.17607039	0.12789899	-0.1088855	0.25262398	-0.2943714	0.24142523	-0.21590805	0.1790437	-0.5452749	0.9999973	-0.6572686
-0.06282536	0.070101775	-0.086897284	0.1038731	-0.15847316	0.0700941	-0.0851546	0.08458701	-0.10259233	0.12943217	-0.1486981	0.11115433	-0.18728459	0.18635407	-0.17264889	0.09779965	-0.100542136	0.17862114	-0.21789154	0.22184001	-0.16065691	0.13109404	-0.34113586	0.26420507	-0.4602471	0.15734407	-0.13989505	0.27571362	-0.6572686	0.9999973
