1.0	-0.8875964	0.15022725	-0.08208669	0.0716787	-0.30074078	0.22776292	-0.115921885	0.07185151	-0.05346104	0.15636352	-0.15662383	0.11840765	-0.08707888	0.043218892	-0.10646805	0.11817735	-0.09930573	0.08524973	-0.06196779	0.11021646	-0.108888194	0.07957735	-0.04278859	0.044640258	-0.11010936	0.07919335	-0.13520454	0.04352328	-0.051845964
-0.8875964	0.99999976	-0.18045378	0.08048545	-0.06863923	0.2190492	-0.3065414	0.117424995	-0.07188584	0.05044065	-0.15143934	0.15217018	-0.119717546	0.08334293	-0.040949322	0.09937155	-0.11806661	0.09171829	-0.08201975	0.058130056	-0.105457984	0.10078719	-0.07413177	0.03994064	-0.041854866	0.099417895	-0.07276938	0.12186783	-0.039849054	0.04722554
0.15022725	-0.18045378	0.99999964	-0.38286424	0.18382572	-0.21060102	0.19839685	-0.6634034	0.27202362	-0.14891663	0.16389316	-0.17388262	0.30516863	-0.25767678	0.11427146	-0.1332462	0.15485695	-0.21128255	0.20790876	-0.16508807	0.15422422	-0.17506836	0.15292764	-0.10028817	0.102756634	-0.1975327	0.14088625	-0.28093633	0.094794825	-0.1149201
-0.08208669	0.08048545	-0.38286424	0.99999976	-0.25329903	0.11383109	-0.12287254	0.2626583	-0.79592776	0.15384196	-0.10083735	0.10368283	-0.23925276	0.22703694	-0.11318878	0.07935628	-0.09607975	0.12606153	-0.20884664	0.14679489	-0.09527472	0.10194793	-0.094749905	0.07871816	-0.08377916	0.10973267	-0.080830395	0.1547935	-0.06202445	0.07297296
0.0716787	-0.06863923	0.18382572	-0.25329903	0.9999995	-0.12880085	0.122599445	-0.15205137	0.18649717	-0.6686908	0.11625393	-0.108158864	0.18692893	-0.21838194	0.3051671	-0.09448071	0.11045841	-0.15730412	0.21578392	-0.47420278	0.11770203	-0.1296135	0.1193471	-0.13457774	0.14044173	-0.15160932	0.109060414	-0.22310379	0.09905024	-0.121879816
-0.30074078	0.2190492	-0.21060102	0.11383109	-0.12880085	0.9999995	-0.49025723	0.15759322	-0.11095484	0.08764604	-0.61395603	0.27688172	-0.21811	0.14066164	-0.07338049	0.25407267	-0.26515076	0.1685425	-0.15502334	0.101842165	-0.28196225	0.20284496	-0.14465554	0.07344001	-0.078571126	0.18923926	-0.14383101	0.21851122	-0.07282661	0.08466659
0.22776292	-0.3065414	0.19839685	-0.12287254	0.122599445	-0.49025723	0.9999994	-0.19655629	0.116007686	-0.090174004	0.2826441	-0.5887695	0.22161926	-0.15277784	0.074356996	-0.2291875	0.27421263	-0.19326764	0.15204805	-0.10613358	0.21563964	-0.23747417	0.15755768	-0.07711185	0.08042781	-0.22103122	0.15947096	-0.25595272	0.080275945	-0.094911285
-0.115921885	0.117424995	-0.6634034	0.2626583	-0.15205137	0.15759322	-0.19655629	0.9999993	-0.3614472	0.114846855	-0.13355216	0.15655603	-0.5255112	0.22742039	-0.09255918	0.105661854	-0.13124758	0.16256581	-0.18942945	0.12576497	-0.1217349	0.13287547	-0.120275036	0.078534946	-0.08184425	0.1398594	-0.10282485	0.1936764	-0.06917939	0.08210008
0.07185151	-0.07188584	0.27202362	-0.79592776	0.18649717	-0.11095484	0.116007686	-0.3614472	0.99999934	-0.15564784	0.09609554	-0.101726495	0.22954363	-0.3149452	0.11022826	-0.07719464	0.092737764	-0.12789996	0.19833197	-0.14527076	0.09197538	-0.10125865	0.09376809	-0.0774394	0.0803591	-0.11008051	0.080559276	-0.15685995	0.061374884	-0.07281394
-0.05346104	0.05044065	-0.14891663	0.15384196	-0.6686908	0.08764604	-0.090174004	0.114846855	-0.15564784	0.9999993	-0.083225526	0.07727878	-0.15164687	0.1656979	-0.6009822	0.06538821	-0.07789239	0.10473422	-0.1840666	0.3139758	-0.08235899	0.08571702	-0.0810593	0.0950202	-0.10924428	0.09467301	-0.06998585	0.13638844	-0.06652818	0.07823238
0.15636352	-0.15143934	0.16389316	-0.10083735	0.11625393	-0.61395603	0.2826441	-0.13355216	0.09609554	-0.083225526	0.9999992	-0.34948882	0.18954413	-0.13383137	0.06932726	-0.489354	0.27359295	-0.19159937	0.14365903	-0.09898596	0.28493452	-0.24468616	0.15999757	-0.07520791	0.07873982	-0.23748365	0.16807938	-0.26480442	0.08117258	-0.09584414
-0.15662383	0.15217018	-0.17388262	0.10368283	-0.108158864	0.27688172	-0.5887695	0.15655603	-0.101726495	0.07727878	-0.34948882	0.99999934	-0.26899186	0.1400662	-0.065278955	0.24201636	-0.5615827	0.1724484	-0.14207534	0.09118353	-0.23238619	0.23280747	-0.15236203	0.0675929	-0.07124739	0.1874726	-0.1504043	0.21193667	-0.06829112	0.07917682
0.11840765	-0.119717546	0.30516863	-0.23925276	0.18692893	-0.21811	0.22161926	-0.5255112	0.22954363	-0.15164687	0.18954413	-0.26899186	0.9999992	-0.44614527	0.12831861	-0.15951867	0.19684194	-0.30440512	0.27132556	-0.17961891	0.1821329	-0.21426523	0.19804262	-0.119422615	0.12098421	-0.22473648	0.16467755	-0.32074937	0.1087904	-0.13023293
-0.08707888	0.08334293	-0.25767678	0.22703694	-0.21838194	0.14066164	-0.15277784	0.22742039	-0.3149452	0.1656979	-0.13383137	0.1400662	-0.44614527	0.99999917	-0.18929687	0.106752224	-0.13285929	0.19827007	-0.6800198	0.20854466	-0.13134845	0.1419797	-0.14652534	0.14798552	-0.15654999	0.14705126	-0.11146883	0.21161193	-0.09843998	0.11092526
0.043218892	-0.040949322	0.11427146	-0.11318878	0.3051671	-0.07338049	0.074356996	-0.09255918	0.11022826	-0.6009822	0.06932726	-0.065278955	0.12831861	-0.18929687	0.99999917	-0.055358455	0.06599909	-0.09475372	0.17985763	-0.68809164	0.06966989	-0.074530594	0.07200642	-0.10717024	0.11841933	-0.08233288	0.061102122	-0.12123934	0.0652021	-0.0780318
-0.10646805	0.09937155	-0.1332462	0.07935628	-0.09448071	0.25407267	-0.2291875	0.105661854	-0.07719464	0.06538821	-0.489354	0.24201636	-0.15951867	0.106752224	-0.055358455	0.9999993	-0.43943182	0.1621395	-0.12032663	0.077664904	-0.6455554	0.24981344	-0.14919618	0.06063347	-0.064251155	0.20408262	-0.1595938	0.20656969	-0.06433468	0.07397553
0.11817735	-0.11806661	0.15485695	-0.09607975	0.11045841	-0.26515076	0.27421263	-0.13124758	0.092737764	-0.07789239	0.27359295	-0.5615827	0.19684194	-0.13285929	0.06599909	-0.43943182	0.9999994	-0.22295603	0.14440733	-0.09305166	0.28852206	-0.4582501	0.19847311	-0.07355714	0.07715061	-0.25773033	0.20511155	-0.2611304	0.07846994	-0.09002406
-0.09930573	0.09171829	-0.21128255	0.12606153	-0.15730412	0.1685425	-0.19326764	0.16256581	-0.12789996	0.10473422	-0.19159937	0.1724484	-0.30440512	0.19827007	-0.09475372	0.1621395	-0.22295603	0.9999993	-0.29828593	0.1290952	-0.23326549	0.2654843	-0.7334142	0.112863205	-0.120360255	0.1969455	-0.1884911	0.27963594	-0.10137489	0.107462294
0.08524973	-0.08201975	0.20790876	-0.20884664	0.21578392	-0.15502334	0.15204805	-0.18942945	0.19833197	-0.1840666	0.14365903	-0.14207534	0.27132556	-0.6800198	0.17985763	-0.12032663	0.14440733	-0.29828593	0.9999993	-0.29185808	0.15027446	-0.17682591	0.18649472	-0.24944395	0.1983164	-0.1879756	0.14107881	-0.28656465	0.13374558	-0.15571935
-0.06196779	0.058130056	-0.16508807	0.14679489	-0.47420278	0.101842165	-0.10613358	0.12576497	-0.14527076	0.3139758	-0.09898596	0.09118353	-0.17961891	0.20854466	-0.68809164	0.077664904	-0.09305166	0.1290952	-0.29185808	0.99999946	-0.09895515	0.10232505	-0.100542754	0.15706332	-0.21151042	0.11067464	-0.083256975	0.16133383	-0.09445775	0.10859984
0.11021646	-0.105457984	0.15422422	-0.09527472	0.11770203	-0.28196225	0.21563964	-0.1217349	0.09197538	-0.08235899	0.28493452	-0.23238619	0.1821329	-0.13134845	0.06966989	-0.6455554	0.28852206	-0.23326549	0.15027446	-0.09895515	0.99999946	-0.40984783	0.2041697	-0.08058596	0.08440942	-0.34435713	0.23156376	-0.30812794	0.09008003	-0.1042951
-0.108888194	0.10078719	-0.17506836	0.10194793	-0.1296135	0.20284496	-0.23747417	0.13287547	-0.10125865	0.08571702	-0.24468616	0.23280747	-0.21426523	0.1419797	-0.074530594	0.24981344	-0.4582501	0.2654843	-0.17682591	0.10232505	-0.40984783	0.99999917	-0.42415413	0.08655199	-0.092989445	0.29418227	-0.4486252	0.2919894	-0.091075875	0.098248035
0.07957735	-0.07413177	0.15292764	-0.094749905	0.1193471	-0.14465554	0.15755768	-0.120275036	0.09376809	-0.0810593	0.15999757	-0.15236203	0.19804262	-0.14652534	0.07200642	-0.14919618	0.19847311	-0.7334142	0.18649472	-0.100542754	0.2041697	-0.42415413	0.999999	-0.10004615	0.09965984	-0.21320353	0.20556933	-0.38663903	0.097655505	-0.104290545
-0.04278859	0.03994064	-0.10028817	0.07871816	-0.13457774	0.07344001	-0.07711185	0.078534946	-0.0774394	0.0950202	-0.07520791	0.0675929	-0.119422615	0.14798552	-0.10717024	0.06063347	-0.07355714	0.112863205	-0.24944395	0.15706332	-0.08058596	0.08655199	-0.10004615	0.999999	-0.8548541	0.09015406	-0.07411787	0.15383886	-0.31216386	0.23643981
0.044640258	-0.041854866	0.102756634	-0.08377916	0.14044173	-0.078571126	0.08042781	-0.08184425	0.0803591	-0.10924428	0.07873982	-0.07124739	0.12098421	-0.15654999	0.11841933	-0.064251155	0.07715061	-0.120360255	0.1983164	-0.21151042	0.08440942	-0.092989445	0.09965984	-0.8548541	0.99999887	-0.10032961	0.07986145	-0.17198308	0.23144832	-0.29824466
-0.11010936	0.099417895	-0.1975327	0.10973267	-0.15160932	0.18923926	-0.22103122	0.1398594	-0.11008051	0.09467301	-0.23748365	0.1874726	-0.22473648	0.14705126	-0.08233288	0.20408262	-0.25773033	0.1969455	-0.1879756	0.11067464	-0.34435713	0.29418227	-0.21320353	0.09015406	-0.10032961	0.99999875	-0.72150713	0.2929223	-0.098990016	0.102603324
0.07919335	-0.07276938	0.14088625	-0.080830395	0.109060414	-0.14383101	0.15947096	-0.10282485	0.080559276	-0.06998585	0.16807938	-0.1504043	0.16467755	-0.11146883	0.061102122	-0.1595938	0.20511155	-0.1884911	0.14107881	-0.083256975	0.23156376	-0.4486252	0.20556933	-0.07411787	0.07986145	-0.72150713	0.99999887	-0.41479275	0.09124304	-0.094956614
-0.13520454	0.12186783	-0.28093633	0.1547935	-0.22310379	0.21851122	-0.25595272	0.1936764	-0.15685995	0.13638844	-0.26480442	0.21193667	-0.32074937	0.21161193	-0.12123934	0.20656969	-0.2611304	0.27963594	-0.28656465	0.16133383	-0.30812794	0.2919894	-0.38663903	0.15383886	-0.17198308	0.2929223	-0.41479275	0.99999887	-0.2448296	0.19784315
0.04352328	-0.039849054	0.094794825	-0.06202445	0.09905024	-0.07282661	0.080275945	-0.06917939	0.061374884	-0.06652818	0.08117258	-0.06829112	0.1087904	-0.09843998	0.0652021	-0.06433468	0.07846994	-0.10137489	0.13374558	-0.09445775	0.09008003	-0.091075875	0.097655505	-0.31216386	0.23144832	-0.098990016	0.09124304	-0.2448296	0.99999875	-0.87246
-0.051845964	0.04722554	-0.1149201	0.07297296	-0.121879816	0.08466659	-0.094911285	0.08210008	-0.07281394	0.07823238	-0.09584414	0.07917682	-0.13023293	0.11092526	-0.0780318	0.07397553	-0.09002406	0.107462294	-0.15571935	0.10859984	-0.1042951	0.098248035	-0.104290545	0.23643981	-0.29824466	0.102603324	-0.094956614	0.19784315	-0.87246	0.99999875
