1.0000001	-0.30807018	0.18745895	-0.12375871	0.04419599	-0.79679286	0.29478666	-0.26677576	0.12030052	-0.041959625	0.15110281	-0.28421825	0.19447128	-0.12113964	0.099483944	-0.12906034	0.13950062	-0.17046188	0.11276035	-0.08463044	0.11000071	-0.096482575	0.09674368	-0.06742545	0.065835446	-0.073628835	0.07025516	-0.12140886	0.07011489	-0.07119725
-0.30807018	0.99999994	-0.6959506	0.22815341	-0.07681374	0.21132393	-0.35262203	0.30175832	-0.25980517	0.06938278	-0.16432834	0.23616461	-0.25747555	0.16906686	-0.15163039	0.1182946	-0.16866928	0.17362057	-0.16804208	0.11559243	-0.12779567	0.104004815	-0.104285315	0.08905018	-0.089933306	0.07585696	-0.078577094	0.11717263	-0.09441567	0.08897221
0.18745895	-0.6959506	1.0000004	-0.34912652	0.06436111	-0.1621546	0.23333587	-0.47982675	0.23612016	-0.060441576	0.11970636	-0.21064687	0.22315738	-0.15156677	0.12130224	-0.091998845	0.12630428	-0.15032096	0.13365154	-0.09611692	0.09413118	-0.0800257	0.08408736	-0.07211365	0.071617566	-0.058146182	0.05886145	-0.09713526	0.074194126	-0.07271858
-0.12375871	0.22815341	-0.34912652	0.99999994	-0.12688448	0.09977778	-0.13603835	0.18994781	-0.8317638	0.11292169	-0.094444595	0.13736607	-0.1620392	0.2061848	-0.17118306	0.071468025	-0.10323093	0.120015435	-0.18137969	0.122752406	-0.07733867	0.06504206	-0.07164863	0.0866157	-0.088023044	0.04726228	-0.048465226	0.081778504	-0.08819968	0.084238924
0.04419599	-0.07681374	0.06436111	-0.12688448	1.0000001	-0.038163137	0.0477753	-0.064791024	0.120619476	-0.96807444	0.038614605	-0.056811675	0.061301008	-0.099648334	0.120315775	-0.030881144	0.043099303	-0.054552782	0.080184974	-0.096155375	0.032584168	-0.02822418	0.032815926	-0.0491258	0.052390162	-0.020754227	0.02086768	-0.03929562	0.046335522	-0.055284683
-0.79679286	0.21132393	-0.1621546	0.09977778	-0.038163137	1.0000001	-0.46813014	0.21007165	-0.1045044	0.0355976	-0.14473648	0.232108	-0.1777671	0.10234341	-0.08743637	0.106439985	-0.12436443	0.13463119	-0.09881226	0.07119731	-0.09700155	0.08132393	-0.078940466	0.056503017	-0.055855412	0.060749967	-0.060055576	0.09381139	-0.059476007	0.058311556
0.29478666	-0.35262203	0.23333587	-0.13603835	0.0477753	-0.46813014	0.9999999	-0.44490412	0.13695602	-0.04493824	0.16251105	-0.5601091	0.27731812	-0.14210604	0.11368768	-0.12704256	0.1554886	-0.17924029	0.12811905	-0.09199155	0.11431302	-0.09973429	0.09842666	-0.071215734	0.06988701	-0.071940646	0.07104857	-0.11491367	0.07362634	-0.07235299
-0.26677576	0.30175832	-0.47982675	0.18994781	-0.064791024	0.21007165	-0.44490412	0.99999994	-0.2085532	0.060194273	-0.1669277	0.29916403	-0.53324217	0.19233684	-0.1578643	0.12225167	-0.1818369	0.20376025	-0.17594625	0.11949177	-0.13006476	0.10921147	-0.115734965	0.090370305	-0.08994225	0.077695936	-0.08023301	0.12476851	-0.09361694	0.089237325
0.12030052	-0.25980517	0.23612016	-0.8317638	0.120619476	-0.1045044	0.13695602	-0.2085532	0.99999964	-0.13235436	0.09395381	-0.14997168	0.16572191	-0.2953129	0.16987428	-0.07391314	0.103260756	-0.12967305	0.17775342	-0.13379152	0.077198274	-0.066524446	0.074485645	-0.09065497	0.089425795	-0.04847496	0.048915755	-0.08749868	0.08803023	-0.08981939
-0.041959625	0.06938278	-0.060441576	0.11292169	-0.96807444	0.0355976	-0.04493824	0.060194273	-0.13235436	0.9999995	-0.036841236	0.05299009	-0.058903303	0.09626418	-0.13764136	0.029080983	-0.041229144	0.051185712	-0.08038638	0.0913281	-0.031116575	0.026758937	-0.031087175	0.047147114	-0.051159136	0.019617446	-0.019849949	0.03675179	-0.045091666	0.051853962
0.15110281	-0.16432834	0.11970636	-0.094444595	0.038614605	-0.14473648	0.16251105	-0.1669277	0.09395381	-0.036841236	0.9999994	-0.27342632	0.17529705	-0.115720384	0.095518604	-0.7837788	0.21354912	-0.2516597	0.11363727	-0.08676909	0.26480326	-0.2176173	0.15174751	-0.07549712	0.07083271	-0.17741463	0.14548285	-0.20623517	0.07948747	-0.08084679
-0.28421825	0.23616461	-0.21064687	0.13736607	-0.056811675	0.232108	-0.5601091	0.29916403	-0.14997168	0.05299009	-0.27342632	0.9999993	-0.54332453	0.1858279	-0.15443635	0.1733869	-0.24377212	0.23116806	-0.17459337	0.118493	-0.16278507	0.13902816	-0.1314452	0.09169454	-0.09050528	0.09672728	-0.09807359	0.14439179	-0.09540959	0.0910192
0.19447128	-0.25747555	0.22315738	-0.1620392	0.061301008	-0.1777671	0.27731812	-0.53324217	0.16572191	-0.058903303	0.17529705	-0.54332453	0.99999946	-0.32424647	0.17977878	-0.13828689	0.20532207	-0.34492818	0.20242909	-0.14412798	0.13954966	-0.12553626	0.14328305	-0.10511376	0.10099547	-0.086440906	0.08746113	-0.1559343	0.10392338	-0.10264226
-0.12113964	0.16906686	-0.15156677	0.2061848	-0.099648334	0.10234341	-0.14210604	0.19233684	-0.2953129	0.09626418	-0.115720384	0.1858279	-0.32424647	0.9999995	-0.5428982	0.08903179	-0.1383259	0.17896849	-0.5689689	0.29256526	-0.09876202	0.085515134	-0.104655236	0.18270387	-0.18208322	0.06043993	-0.062273383	0.11547697	-0.1707806	0.16176313
0.099483944	-0.15163039	0.12130224	-0.17118306	0.120315775	-0.08743637	0.11368768	-0.1578643	0.16987428	-0.13764136	0.095518604	-0.15443635	0.17977878	-0.5428982	0.99999934	-0.07673891	0.11279104	-0.15310702	0.31303686	-0.6584859	0.082712986	-0.0729035	0.09085104	-0.19074424	0.21141593	-0.052269857	0.052954625	-0.106512144	0.16162136	-0.21149302
-0.12906034	0.1182946	-0.091998845	0.071468025	-0.030881144	0.106439985	-0.12704256	0.12225167	-0.07391314	0.029080983	-0.7837788	0.1733869	-0.13828689	0.08903179	-0.07673891	0.9999992	-0.2305587	0.19014816	-0.091506205	0.06749606	-0.44537044	0.21387208	-0.12689674	0.059144244	-0.05604045	0.16062155	-0.15139076	0.15352838	-0.063273005	0.06197323
0.13950062	-0.16866928	0.12630428	-0.10323093	0.043099303	-0.12436443	0.1554886	-0.1818369	0.103260756	-0.041229144	0.21354912	-0.24377212	0.20532207	-0.1383259	0.11279104	-0.2305587	0.9999993	-0.5660221	0.14288548	-0.10665817	0.2852988	-0.54220176	0.24759221	-0.09590211	0.087010086	-0.21875189	0.20314096	-0.30422196	0.09972677	-0.09922397
-0.17046188	0.17362057	-0.15032096	0.120015435	-0.054552782	0.13463119	-0.17924029	0.20376025	-0.12967305	0.051185712	-0.2516597	0.23116806	-0.34492818	0.17896849	-0.15310702	0.19014816	-0.5660221	0.9999993	-0.2202135	0.13542001	-0.283683	0.25607166	-0.4367889	0.12023479	-0.11097645	0.1577918	-0.17614274	0.2862302	-0.12658277	0.11510778
0.11276035	-0.16804208	0.13365154	-0.18137969	0.080184974	-0.09881226	0.12811905	-0.17594625	0.17775342	-0.08038638	0.11363727	-0.17459337	0.20242909	-0.5689689	0.31303686	-0.091506205	0.14288548	-0.2202135	0.99999905	-0.5022727	0.101912536	-0.09116543	0.120090514	-0.36147416	0.24383679	-0.064118974	0.06538731	-0.13763931	0.22435558	-0.2435206
-0.08463044	0.11559243	-0.09611692	0.122752406	-0.096155375	0.07119731	-0.09199155	0.11949177	-0.13379152	0.0913281	-0.08676909	0.118493	-0.14412798	0.29256526	-0.6584859	0.06749606	-0.10665817	0.13542001	-0.5022727	0.9999991	-0.0777815	0.06722963	-0.0880639	0.22674553	-0.37897086	0.047750253	-0.04946689	0.09869692	-0.20688625	0.22741131
0.11000071	-0.12779567	0.09413118	-0.07733867	0.032584168	-0.09700155	0.11431302	-0.13006476	0.077198274	-0.031116575	0.26480326	-0.16278507	0.13954966	-0.09876202	0.082712986	-0.44537044	0.2852988	-0.283683	0.101912536	-0.0777815	0.9999991	-0.60601294	0.19020516	-0.07208216	0.06560153	-0.35881877	0.25724983	-0.24720462	0.0763912	-0.07613347
-0.096482575	0.104004815	-0.0800257	0.06504206	-0.02822418	0.08132393	-0.09973429	0.10921147	-0.066524446	0.026758937	-0.2176173	0.13902816	-0.12553626	0.085515134	-0.0729035	0.21387208	-0.54220176	0.25607166	-0.09116543	0.06722963	-0.60601294	0.9999989	-0.23604703	0.06365887	-0.05764039	0.2611434	-0.36541638	0.2157315	-0.06799954	0.06494121
0.09674368	-0.104285315	0.08408736	-0.07164863	0.032815926	-0.078940466	0.09842666	-0.115734965	0.074485645	-0.031087175	0.15174751	-0.1314452	0.14328305	-0.104655236	0.09085104	-0.12689674	0.24759221	-0.4367889	0.120090514	-0.0880639	0.19020516	-0.23604703	0.99999845	-0.11269646	0.08675863	-0.1217837	0.12995705	-0.80422896	0.11734036	-0.10008073
-0.06742545	0.08905018	-0.07211365	0.0866157	-0.0491258	0.056503017	-0.071215734	0.090370305	-0.09065497	0.047147114	-0.07549712	0.09169454	-0.10511376	0.18270387	-0.19074424	0.059144244	-0.09590211	0.12023479	-0.36147416	0.22674553	-0.07208216	0.06365887	-0.11269646	0.9999983	-0.51680404	0.044355698	-0.046519443	0.12105262	-0.67437804	0.3224723
0.065835446	-0.089933306	0.071617566	-0.088023044	0.052390162	-0.055855412	0.06988701	-0.08994225	0.089425795	-0.051159136	0.07083271	-0.09050528	0.10099547	-0.18208322	0.21141593	-0.05604045	0.087010086	-0.11097645	0.24383679	-0.37897086	0.06560153	-0.05764039	0.08675863	-0.51680404	0.99999833	-0.040994354	0.042365424	-0.10156358	0.315421	-0.66290015
-0.073628835	0.07585696	-0.058146182	0.04726228	-0.020754227	0.060749967	-0.071940646	0.077695936	-0.04847496	0.019617446	-0.17741463	0.09672728	-0.086440906	0.06043993	-0.052269857	0.16062155	-0.21875189	0.1577918	-0.064118974	0.047750253	-0.35881877	0.2611434	-0.1217837	0.044355698	-0.040994354	0.9999984	-0.8544976	0.13970174	-0.04792435	0.04624718
0.07025516	-0.078577094	0.05886145	-0.048465226	0.02086768	-0.060055576	0.07104857	-0.08023301	0.048915755	-0.019849949	0.14548285	-0.09807359	0.08746113	-0.062273383	0.052954625	-0.15139076	0.20314096	-0.17614274	0.06538731	-0.04946689	0.25724983	-0.36541638	0.12995705	-0.046519443	0.042365424	-0.8544976	0.9999986	-0.16406474	0.049860552	-0.04878061
-0.12140886	0.11717263	-0.09713526	0.081778504	-0.03929562	0.09381139	-0.11491367	0.12476851	-0.08749868	0.03675179	-0.20623517	0.14439179	-0.1559343	0.11547697	-0.106512144	0.15352838	-0.30422196	0.2862302	-0.13763931	0.09869692	-0.24720462	0.2157315	-0.80422896	0.12105262	-0.10156358	0.13970174	-0.16406474	0.99999887	-0.15553737	0.11430243
0.07011489	-0.09441567	0.074194126	-0.08819968	0.046335522	-0.059476007	0.07362634	-0.09361694	0.08803023	-0.045091666	0.07948747	-0.09540959	0.10392338	-0.1707806	0.16162136	-0.063273005	0.09972677	-0.12658277	0.22435558	-0.20688625	0.0763912	-0.06799954	0.11734036	-0.67437804	0.315421	-0.04792435	0.049860552	-0.15553737	0.999999	-0.5908562
-0.07119725	0.08897221	-0.07271858	0.084238924	-0.055284683	0.058311556	-0.07235299	0.089237325	-0.08981939	0.051853962	-0.08084679	0.0910192	-0.10264226	0.16176313	-0.21149302	0.06197323	-0.09922397	0.11510778	-0.2435206	0.22741131	-0.07613347	0.06494121	-0.10008073	0.3224723	-0.66290015	0.04624718	-0.04878061	0.11430243	-0.5908562	0.999999
