1.0000001	-0.96235955	0.08298285	-0.04544216	0.031035537	-0.12835036	0.15149936	-0.08486578	0.044423155	-0.029854313	0.09724143	-0.15554406	0.04672167	-0.045346905	0.02300104	-0.035794172	0.038445	-0.026876312	0.02305923	-0.022805257	0.016410736	-0.022009667	0.019559368	-0.023457682	0.015909487	-0.013088002	0.01785041	-0.014511099	0.018878454	-0.016712094
-0.96235955	1.0000001	-0.09172875	0.0445606	-0.031198364	0.11099746	-0.17725159	0.08348118	-0.0447349	0.029269394	-0.09645646	0.1383112	-0.04501154	0.04218985	-0.022222232	0.034610193	-0.038178936	0.025434602	-0.021926962	0.021765685	-0.015867345	0.020984245	-0.01869112	0.022204705	-0.01519667	0.012589279	-0.017198766	0.013896647	-0.018162187	0.01589044
0.08298285	-0.09172875	1.0	-0.30990237	0.15644623	-0.0821963	0.14011121	-0.87778765	0.21220927	-0.14417166	0.06643865	-0.14144184	0.11967935	-0.11922487	0.06802613	-0.031628724	0.033507608	-0.057241526	0.051663913	-0.06721773	0.025167521	-0.039825443	0.038049858	-0.05014705	0.03511778	-0.020402346	0.03149586	-0.027196333	0.035969634	-0.03675268
-0.04544216	0.0445606	-0.30990237	0.99999964	-0.6387226	0.044599596	-0.06893612	0.2211982	-0.58300996	0.31649402	-0.038951322	0.06738748	-0.11867298	0.11511122	-0.12208427	0.025711624	-0.027636932	0.06379263	-0.06212906	0.10853181	-0.028803257	0.046105877	-0.044729974	0.06038833	-0.047149833	0.02331924	-0.03783202	0.033160515	-0.04491251	0.048554935
0.031035537	-0.031198364	0.15644623	-0.6387226	0.9999995	-0.0345802	0.05042293	-0.16446188	0.3234856	-0.65417904	0.029790603	-0.051524136	0.087872915	-0.09334736	0.13519113	-0.021780143	0.023184357	-0.059348296	0.0578142	-0.1328151	0.025806073	-0.04305966	0.041176155	-0.058442514	0.047635283	-0.021170475	0.034273513	-0.031154938	0.041560285	-0.0499088
-0.12835036	0.11099746	-0.0821963	0.044599596	-0.0345802	0.99999946	-0.36141235	0.0818857	-0.05130598	0.03273608	-0.84191775	0.2663831	-0.070079714	0.06269164	-0.034485474	0.16935301	-0.19774286	0.053285714	-0.04315311	0.033379998	-0.049632955	0.053354826	-0.04392494	0.044571456	-0.030176442	0.037978966	-0.044611942	0.033455327	-0.042520694	0.031419765
0.15149936	-0.17725159	0.14011121	-0.06893612	0.05042293	-0.36141235	0.9999999	-0.1795486	0.07578669	-0.04752211	0.25325087	-0.8378092	0.10040841	-0.093713574	0.03857038	-0.07926245	0.08279393	-0.05067558	0.04287728	-0.038127128	0.031067139	-0.040396854	0.036018413	-0.042320088	0.027845845	-0.024616238	0.03248889	-0.026132682	0.03374058	-0.029156435
-0.08486578	0.08348118	-0.87778765	0.2211982	-0.16446188	0.0818857	-0.1795486	1.0	-0.2727688	0.14082222	-0.069453314	0.13913432	-0.1452994	0.12133348	-0.06934582	0.03226683	-0.034628227	0.058275115	-0.053006835	0.06618578	-0.025819944	0.04025246	-0.03893617	0.050494198	-0.035481606	0.020806154	-0.032314617	0.027633855	-0.036854878	0.036804788
0.044423155	-0.0447349	0.21220927	-0.58300996	0.3234856	-0.05130598	0.07578669	-0.2727688	0.99999976	-0.618798	0.044112876	-0.0776339	0.14160953	-0.16988575	0.161353	-0.031737316	0.03375915	-0.086670406	0.084403075	-0.16600704	0.037056006	-0.061862174	0.059441905	-0.0833534	0.06507435	-0.030342702	0.04908262	-0.044213388	0.058891512	-0.06836328
-0.029854313	0.029269394	-0.14417166	0.31649402	-0.65417904	0.03273608	-0.04752211	0.14082222	-0.618798	0.9999996	-0.02891876	0.047500733	-0.10260964	0.106485	-0.21711837	0.023073997	-0.024685828	0.0671343	-0.06755382	0.15929215	-0.029225586	0.048443027	-0.046980724	0.06656996	-0.05587052	0.023884682	-0.03912526	0.03550273	-0.04797282	0.05737961
0.09724143	-0.09645646	0.06643865	-0.038951322	0.029790603	-0.84191775	0.25325087	-0.069453314	0.044112876	-0.02891876	0.9999992	-0.3676587	0.067834385	-0.06301002	0.031957477	-0.22674271	0.1786475	-0.051717	0.04121359	-0.031402376	0.048832264	-0.0517589	0.041731145	-0.043020118	0.028531356	-0.038297907	0.042063124	-0.03195878	0.03963442	-0.030013623
-0.15554406	0.1383112	-0.14144184	0.06738748	-0.051524136	0.2663831	-0.8378092	0.13913432	-0.0776339	0.047500733	-0.3676587	0.9999993	-0.12074033	0.09713612	-0.04061973	0.09316022	-0.102960065	0.054543238	-0.04619265	0.03962539	-0.035198696	0.044224076	-0.03943917	0.04512663	-0.029888839	0.027569346	-0.036072876	0.028601116	-0.037070062	0.031092878
0.04672167	-0.04501154	0.11967935	-0.11867298	0.087872915	-0.070079714	0.10040841	-0.1452994	0.14160953	-0.10260964	0.067834385	-0.12074033	0.99999946	-0.8597841	0.14549385	-0.06320241	0.06722434	-0.27999747	0.22219163	-0.15112202	0.079471014	-0.14265335	0.14882421	-0.19439939	0.1121	-0.064516634	0.10573417	-0.091486804	0.12044302	-0.11603019
-0.045346905	0.04218985	-0.11922487	0.11511122	-0.09334736	0.06269164	-0.093713574	0.12133348	-0.16988575	0.106485	-0.06301002	0.09713612	-0.8597841	0.9999989	-0.17463782	0.0582105	-0.06413236	0.21929564	-0.28491732	0.15139182	-0.08204379	0.12888308	-0.14570683	0.1813802	-0.115320265	0.06436573	-0.110203765	0.09047067	-0.12836795	0.11070043
0.02300104	-0.022222232	0.06802613	-0.12208427	0.13519113	-0.034485474	0.03857038	-0.06934582	0.161353	-0.21711837	0.031957477	-0.04061973	0.14549385	-0.17463782	0.9999982	-0.04456694	0.04712652	-0.17576532	0.18393943	-0.8687296	0.06942385	-0.12427717	0.11984749	-0.19077606	0.18076229	-0.05811177	0.09633026	-0.093576685	0.12356212	-0.18826462
-0.035794172	0.034610193	-0.031628724	0.025711624	-0.021780143	0.16935301	-0.07926245	0.03226683	-0.031737316	0.023073997	-0.22674271	0.09316022	-0.06320241	0.0582105	-0.04456694	0.99999833	-0.92111635	0.09974733	-0.074180074	0.043139808	-0.15285252	0.12158054	-0.09225491	0.078149244	-0.05201761	0.10634086	-0.09986366	0.06997691	-0.08264251	0.05432459
0.038445	-0.038178936	0.033507608	-0.027636932	0.023184357	-0.19774286	0.08279393	-0.034628227	0.03375915	-0.024685828	0.1786475	-0.102960065	0.06722434	-0.06413236	0.04712652	-0.92111635	0.9999983	-0.11970417	0.08022851	-0.04663541	0.13133785	-0.14629743	0.099824846	-0.08752287	0.055196244	-0.11084887	0.09981135	-0.073757276	0.08356902	-0.058805395
-0.026876312	0.025434602	-0.057241526	0.06379263	-0.059348296	0.053285714	-0.05067558	0.058275115	-0.086670406	0.0671343	-0.051717	0.054543238	-0.27999747	0.21929564	-0.17576532	0.09974733	-0.11970417	0.99999845	-0.61094385	0.16475436	-0.16142076	0.26068315	-0.5066648	0.3085274	-0.18560627	0.121413566	-0.22000098	0.16611685	-0.23807226	0.1677043
0.02305923	-0.021926962	0.051663913	-0.06212906	0.0578142	-0.04315311	0.04287728	-0.053006835	0.084403075	-0.06755382	0.04121359	-0.04619265	0.22219163	-0.28491732	0.18393943	-0.074180074	0.08022851	-0.61094385	0.9999985	-0.2290971	0.11445093	-0.21649127	0.26486206	-0.5785267	0.19724455	-0.09190727	0.15767577	-0.13819362	0.18634482	-0.18974686
-0.022805257	0.021765685	-0.06721773	0.10853181	-0.1328151	0.033379998	-0.038127128	0.06618578	-0.16600704	0.15929215	-0.031402376	0.03962539	-0.15112202	0.15139182	-0.8687296	0.043139808	-0.04663541	0.16475436	-0.2290971	0.99999857	-0.071905665	0.116807304	-0.121953435	0.18436937	-0.23487478	0.058322612	-0.100457475	0.092065275	-0.1322695	0.17579105
0.016410736	-0.015867345	0.025167521	-0.028803257	0.025806073	-0.049632955	0.031067139	-0.025819944	0.037056006	-0.029225586	0.048832264	-0.035198696	0.079471014	-0.08204379	0.06942385	-0.15285252	0.13133785	-0.16142076	0.11445093	-0.071905665	0.99999845	-0.3116962	0.16575797	-0.16299117	0.09981072	-0.8303128	0.2729278	-0.20672631	0.16691126	-0.11993169
-0.022009667	0.020984245	-0.039825443	0.046105877	-0.04305966	0.053354826	-0.040396854	0.04025246	-0.061862174	0.048443027	-0.0517589	0.044224076	-0.14265335	0.12888308	-0.12427717	0.12158054	-0.14629743	0.26068315	-0.21649127	0.116807304	-0.3116962	0.9999985	-0.6334818	0.24667384	-0.17330669	0.21593681	-0.44385168	0.23910594	-0.29903027	0.16696616
0.019559368	-0.01869112	0.038049858	-0.044729974	0.041176155	-0.04392494	0.036018413	-0.03893617	0.059441905	-0.046980724	0.041731145	-0.03943917	0.14882421	-0.14570683	0.11984749	-0.09225491	0.099824846	-0.5066648	0.26486206	-0.121953435	0.16575797	-0.6334818	0.99999857	-0.40112352	0.16871032	-0.13746089	0.22982487	-0.2046102	0.21519788	-0.17286591
-0.023457682	0.022204705	-0.05014705	0.06038833	-0.058442514	0.044571456	-0.042320088	0.050494198	-0.0833534	0.06656996	-0.043020118	0.04512663	-0.19439939	0.1813802	-0.19077606	0.078149244	-0.08752287	0.3085274	-0.5785267	0.18436937	-0.16299117	0.24667384	-0.40112352	0.99999875	-0.39850244	0.12456342	-0.23255955	0.19001882	-0.31009102	0.25419855
0.015909487	-0.01519667	0.03511778	-0.047149833	0.047635283	-0.030176442	0.027845845	-0.035481606	0.06507435	-0.05587052	0.028531356	-0.029888839	0.1121	-0.115320265	0.18076229	-0.05201761	0.055196244	-0.18560627	0.19724455	-0.23487478	0.09981072	-0.17330669	0.16871032	-0.39850244	0.99999875	-0.085215755	0.14767066	-0.1646127	0.23242342	-0.79080933
-0.013088002	0.012589279	-0.020402346	0.02331924	-0.021170475	0.037978966	-0.024616238	0.020806154	-0.030342702	0.023884682	-0.038297907	0.027569346	-0.064516634	0.06436573	-0.05811177	0.10634086	-0.11084887	0.121413566	-0.09190727	0.058322612	-0.8303128	0.21593681	-0.13746089	0.12456342	-0.085215755	0.99999857	-0.42515388	0.18905686	-0.17242663	0.09772671
0.01785041	-0.017198766	0.03149586	-0.03783202	0.034273513	-0.044611942	0.03248889	-0.032314617	0.04908262	-0.03912526	0.042063124	-0.036072876	0.10573417	-0.110203765	0.09633026	-0.09986366	0.09981135	-0.22000098	0.15767577	-0.100457475	0.2729278	-0.44385168	0.22982487	-0.23255955	0.14767066	-0.42515388	0.9999985	-0.5795962	0.28691652	-0.18530081
-0.014511099	0.013896647	-0.027196333	0.033160515	-0.031154938	0.033455327	-0.026132682	0.027633855	-0.044213388	0.03550273	-0.03195878	0.028601116	-0.091486804	0.09047067	-0.093576685	0.06997691	-0.073757276	0.16611685	-0.13819362	0.092065275	-0.20672631	0.23910594	-0.2046102	0.19001882	-0.1646127	0.18905686	-0.5795962	0.9999983	-0.66954464	0.18821251
0.018878454	-0.018162187	0.035969634	-0.04491251	0.041560285	-0.042520694	0.03374058	-0.036854878	0.058891512	-0.04797282	0.03963442	-0.037070062	0.12044302	-0.12836795	0.12356212	-0.08264251	0.08356902	-0.23807226	0.18634482	-0.1322695	0.16691126	-0.29903027	0.21519788	-0.31009102	0.23242342	-0.17242663	0.28691652	-0.66954464	0.9999982	-0.38410223
-0.016712094	0.01589044	-0.03675268	0.048554935	-0.0499088	0.031419765	-0.029156435	0.036804788	-0.06836328	0.05737961	-0.030013623	0.031092878	-0.11603019	0.11070043	-0.18826462	0.05432459	-0.058805395	0.1677043	-0.18974686	0.17579105	-0.11993169	0.16696616	-0.17286591	0.25419855	-0.79080933	0.09772671	-0.18530081	0.18821251	-0.38410223	0.9999982
