1.0000001	-0.49995744	0.14526747	-0.10747774	0.07528098	-0.75747144	0.3228279	-0.09459931	0.09706924	-0.062181316	0.06706298	-0.06911347	0.075817674	-0.08300685	0.09437221	-0.06498127	0.06450085	-0.07562098	0.07180784	-0.07499697	0.07078936	-0.0699629	0.065347195	-0.0569597	0.04411504	-0.16324492	0.056954846	-0.05349226	0.061569102	-0.07971611
-0.49995744	0.9999999	-0.35615295	0.18393983	-0.13846387	0.29015255	-0.64385694	0.14023931	-0.1756125	0.10676441	-0.100803025	0.10067764	-0.11792091	0.12574518	-0.14963455	0.089725316	-0.092897065	0.1061534	-0.105879806	0.10215003	-0.09765095	0.094618514	-0.093227096	0.08100982	-0.060444143	0.19864428	-0.079594925	0.07383988	-0.08856848	0.107004344
0.14526747	-0.35615295	1.0000001	-0.68516564	0.22721101	-0.10308125	0.19325691	-0.25430343	0.269188	-0.20047548	0.110769935	-0.112793475	0.17243351	-0.20427899	0.20250899	-0.12046459	0.121030845	-0.15428302	0.15470266	-0.15982346	0.1336777	-0.13453092	0.12928808	-0.12164778	0.09325658	-0.30944362	0.11084574	-0.10594518	0.12707719	-0.16812465
-0.10747774	0.18393983	-0.68516564	1.0000002	-0.40593517	0.07319368	-0.1453232	0.1705989	-0.44681197	0.25165695	-0.084291145	0.0838595	-0.13588288	0.18315834	-0.19375427	0.08824778	-0.09130889	0.11547826	-0.13148138	0.12229154	-0.09823476	0.09794269	-0.09863714	0.09661472	-0.071699135	0.20887724	-0.0832134	0.07897861	-0.101660624	0.12603891
0.07528098	-0.13846387	0.22721101	-0.40593517	1.0000002	-0.05389079	0.10293743	-0.15856661	0.30749044	-0.76227176	0.08040686	-0.081369616	0.12153605	-0.1964088	0.20007105	-0.09101411	0.091639705	-0.11887778	0.13308117	-0.13851047	0.10192817	-0.10336362	0.10017748	-0.1032209	0.08002101	-0.2352746	0.086078554	-0.08277465	0.1055272	-0.14344412
-0.75747144	0.29015255	-0.10308125	0.07319368	-0.05389079	1.0000002	-0.56284475	0.07113026	-0.07004603	0.04400256	-0.059398316	0.06066195	-0.058913805	0.05926645	-0.067945324	0.049508195	-0.050232112	0.05573454	-0.051677182	0.052168593	-0.0520892	0.050673764	-0.0480431	0.040543668	-0.030761655	0.11090529	-0.04132298	0.03858363	-0.04401048	0.055202883
0.3228279	-0.64385694	0.19325691	-0.1453232	0.10293743	-0.56284475	1.0	-0.14517875	0.13390611	-0.08550347	0.107826225	-0.12178469	0.11455246	-0.117417455	0.13222286	-0.09749457	0.09767242	-0.11125695	0.10215507	-0.10539514	0.1029496	-0.101451725	0.094833754	-0.08089533	0.062014252	-0.22913647	0.0820049	-0.07706903	0.087316334	-0.111867554
-0.09459931	0.14023931	-0.25430343	0.1705989	-0.15856661	0.07113026	-0.14517875	1.0	-0.26269436	0.13468972	-0.21592794	0.20292017	-0.77894783	0.2225743	-0.23266259	0.16146748	-0.19254471	0.22948858	-0.19015382	0.14042075	-0.16927178	0.15644789	-0.19204122	0.1308822	-0.08432886	0.22473061	-0.14065644	0.12849988	-0.14392684	0.1417143
0.09706924	-0.1756125	0.269188	-0.44681197	0.30749044	-0.07004603	0.13390611	-0.26269436	0.9999998	-0.5063812	0.115967244	-0.11800954	0.1901334	-0.39267528	0.27108228	-0.12899953	0.1317463	-0.17419726	0.20598263	-0.19198124	0.14258042	-0.14476663	0.14365333	-0.1531406	0.11105423	-0.31471482	0.121410966	-0.11735268	0.1525072	-0.19638744
-0.062181316	0.10676441	-0.20047548	0.25165695	-0.76227176	0.04400256	-0.08550347	0.13468972	-0.5063812	0.99999946	-0.06802424	0.06811056	-0.10884031	0.18714745	-0.23155072	0.07453991	-0.076850876	0.09957881	-0.12218702	0.11656353	-0.08325133	0.08391496	-0.08441613	0.089132786	-0.067554526	0.17958584	-0.071395494	0.06839889	-0.09152219	0.11832013
0.06706298	-0.100803025	0.110769935	-0.084291145	0.08040686	-0.059398316	0.107826225	-0.21592794	0.115967244	-0.06802424	0.9999993	-0.80675256	0.20719214	-0.12976429	0.13541849	-0.37763926	0.266365	-0.20763487	0.12601623	-0.10178369	0.19965622	-0.18049008	0.15390226	-0.096375845	0.06058621	-0.2095648	0.124121316	-0.11567311	0.10318081	-0.10434762
-0.06911347	0.10067764	-0.112793475	0.0838595	-0.081369616	0.06066195	-0.12178469	0.20292017	-0.11800954	0.06811056	-0.80675256	0.99999905	-0.28272045	0.12853578	-0.13684992	0.25762117	-0.35846484	0.20412455	-0.12816389	0.0964653	-0.19170316	0.1613606	-0.1587763	0.093545385	-0.05785041	0.18193148	-0.1218976	0.11042427	-0.10218829	0.09820066
0.075817674	-0.11792091	0.17243351	-0.13588288	0.12153605	-0.058913805	0.11455246	-0.77894783	0.1901334	-0.10884031	0.20719214	-0.28272045	0.99999905	-0.26374942	0.20276886	-0.17295021	0.19800666	-0.31861693	0.18586394	-0.13874054	0.16013913	-0.15900613	0.18363754	-0.1305368	0.08196804	-0.22570057	0.13232863	-0.1294381	0.13477628	-0.13918816
-0.08300685	0.12574518	-0.20427899	0.18315834	-0.1964088	0.05926645	-0.117417455	0.2225743	-0.39267528	0.18714745	-0.12976429	0.12853578	-0.26374942	0.9999988	-0.57792246	0.13603982	-0.15410224	0.20923848	-0.5049679	0.22669138	-0.14970772	0.15016869	-0.1742297	0.21765473	-0.13543576	0.25363883	-0.13782078	0.13276267	-0.22373258	0.21259935
0.09437221	-0.14963455	0.20250899	-0.19375427	0.20007105	-0.067945324	0.13222286	-0.23266259	0.27108228	-0.23155072	0.13541849	-0.13684992	0.20276886	-0.57792246	0.9999988	-0.15782899	0.16182435	-0.21736936	0.29132685	-0.3666598	0.1771567	-0.1821132	0.18287385	-0.22815152	0.19740151	-0.38363394	0.15604602	-0.15196069	0.2204718	-0.34750697
-0.06498127	0.089725316	-0.12046459	0.08824778	-0.09101411	0.049508195	-0.09749457	0.16146748	-0.12899953	0.07453991	-0.37763926	0.25762117	-0.17295021	0.13603982	-0.15782899	0.99999857	-0.5994791	0.25495198	-0.1531774	0.11159323	-0.53223026	0.25693232	-0.22433688	0.113599725	-0.06748038	0.23617072	-0.18110342	0.1523967	-0.12730925	0.11369611
0.06450085	-0.092897065	0.121030845	-0.09130889	0.091639705	-0.050232112	0.09767242	-0.19254471	0.1317463	-0.076850876	0.266365	-0.35846484	0.19800666	-0.15410224	0.16182435	-0.5994791	0.99999875	-0.49822307	0.17445064	-0.12712811	0.27551708	-0.29593062	0.24032614	-0.13046372	0.07552692	-0.24481432	0.17979649	-0.17379294	0.13600335	-0.12817271
-0.07562098	0.1061534	-0.15428302	0.11547826	-0.11887778	0.05573454	-0.11125695	0.22948858	-0.17419726	0.09957881	-0.20763487	0.20412455	-0.31861693	0.20923848	-0.21736936	0.25495198	-0.49822307	0.9999986	-0.329673	0.16421655	-0.25637752	0.25021553	-0.51943827	0.18345393	-0.0992683	0.24590491	-0.23247018	0.22761163	-0.19364606	0.1608037
0.07180784	-0.105879806	0.15470266	-0.13148138	0.13308117	-0.051677182	0.10215507	-0.19015382	0.20598263	-0.12218702	0.12601623	-0.12816389	0.18586394	-0.5049679	0.29132685	-0.1531774	0.17445064	-0.329673	0.99999875	-0.3621801	0.15957837	-0.16989005	0.20415092	-0.49086544	0.18406832	-0.25088996	0.15437827	-0.16115448	0.2875895	-0.28280953
-0.07499697	0.10215003	-0.15982346	0.12229154	-0.13851047	0.052168593	-0.10539514	0.14042075	-0.19198124	0.11656353	-0.10178369	0.0964653	-0.13874054	0.22669138	-0.3666598	0.11159323	-0.12712811	0.16421655	-0.3621801	0.99999875	-0.13157497	0.12991677	-0.15726653	0.20174557	-0.6586988	0.1964147	-0.13270237	0.123196885	-0.26467144	0.32828018
0.07078936	-0.09765095	0.1336777	-0.09823476	0.10192817	-0.0520892	0.1029496	-0.16927178	0.14258042	-0.08325133	0.19965622	-0.19170316	0.16013913	-0.14970772	0.1771567	-0.53223026	0.27551708	-0.25637752	0.15957837	-0.13157497	0.9999986	-0.5545079	0.23518611	-0.13028727	0.0789405	-0.4317028	0.23211531	-0.1998548	0.1443682	-0.13613696
-0.0699629	0.094618514	-0.13453092	0.09794269	-0.10336362	0.050673764	-0.101451725	0.15644789	-0.14476663	0.08391496	-0.18049008	0.1613606	-0.15900613	0.15016869	-0.1821132	0.25693232	-0.29593062	0.25021553	-0.16989005	0.12991677	-0.5545079	0.9999986	-0.39893386	0.14253297	-0.07935414	0.2687949	-0.5119023	0.27735823	-0.16922325	0.13455094
0.065347195	-0.093227096	0.12928808	-0.09863714	0.10017748	-0.0480431	0.094833754	-0.19204122	0.14365333	-0.08441613	0.15390226	-0.1587763	0.18363754	-0.1742297	0.18287385	-0.22433688	0.24032614	-0.51943827	0.20415092	-0.15726653	0.23518611	-0.39893386	0.9999987	-0.19429477	0.09419094	-0.2721499	0.29932287	-0.5442249	0.19543937	-0.16231269
-0.0569597	0.08100982	-0.12164778	0.09661472	-0.1032209	0.040543668	-0.08089533	0.1308822	-0.1531406	0.089132786	-0.096375845	0.093545385	-0.1305368	0.21765473	-0.22815152	0.113599725	-0.13046372	0.18345393	-0.49086544	0.20174557	-0.13028727	0.14253297	-0.19429477	0.9999986	-0.1404758	0.18835504	-0.15688743	0.16806173	-0.7447664	0.2118385
0.04411504	-0.060444143	0.09325658	-0.071699135	0.08002101	-0.030761655	0.062014252	-0.08432886	0.11105423	-0.067554526	0.06058621	-0.05785041	0.08196804	-0.13543576	0.19740151	-0.06748038	0.07552692	-0.0992683	0.18406832	-0.6586988	0.0789405	-0.07935414	0.09419094	-0.1404758	0.9999987	-0.12074349	0.08035565	-0.07668034	0.1724376	-0.66515976
-0.16324492	0.19864428	-0.30944362	0.20887724	-0.2352746	0.11090529	-0.22913647	0.22473061	-0.31471482	0.17958584	-0.2095648	0.18193148	-0.22570057	0.25363883	-0.38363394	0.23617072	-0.24481432	0.24590491	-0.25088996	0.1964147	-0.4317028	0.2687949	-0.2721499	0.18835504	-0.12074349	0.9999988	-0.27562866	0.2056945	-0.23357357	0.20056944
0.056954846	-0.079594925	0.11084574	-0.0832134	0.086078554	-0.04132298	0.0820049	-0.14065644	0.121410966	-0.071395494	0.124121316	-0.1218976	0.13232863	-0.13782078	0.15604602	-0.18110342	0.17979649	-0.23247018	0.15437827	-0.13270237	0.23211531	-0.5119023	0.29932287	-0.15688743	0.08035565	-0.27562866	0.99999905	-0.68511057	0.17722224	-0.1412743
-0.05349226	0.07383988	-0.10594518	0.07897861	-0.08277465	0.03858363	-0.07706903	0.12849988	-0.11735268	0.06839889	-0.11567311	0.11042427	-0.1294381	0.13276267	-0.15196069	0.1523967	-0.17379294	0.22761163	-0.16115448	0.123196885	-0.1998548	0.27735823	-0.5442249	0.16806173	-0.07668034	0.2056945	-0.68511057	0.999999	-0.24279925	0.13151652
0.061569102	-0.08856848	0.12707719	-0.101660624	0.1055272	-0.04401048	0.087316334	-0.14392684	0.1525072	-0.09152219	0.10318081	-0.10218829	0.13477628	-0.22373258	0.2204718	-0.12730925	0.13600335	-0.19364606	0.2875895	-0.26467144	0.1443682	-0.16922325	0.19543937	-0.7447664	0.1724376	-0.23357357	0.17722224	-0.24279925	0.99999887	-0.33388618
-0.07971611	0.107004344	-0.16812465	0.12603891	-0.14344412	0.055202883	-0.111867554	0.1417143	-0.19638744	0.11832013	-0.10434762	0.09820066	-0.13918816	0.21259935	-0.34750697	0.11369611	-0.12817271	0.1608037	-0.28280953	0.32828018	-0.13613696	0.13455094	-0.16231269	0.2118385	-0.66515976	0.20056944	-0.1412743	0.13151652	-0.33388618	0.99999887
