1.0000001	-0.18408674	0.13982217	-0.14826569	0.14650273	-0.73095375	0.24192746	-0.2514689	0.16972348	-0.2195653	0.3113707	-0.2647289	0.18940805	-0.16531932	0.14763682	-0.26402462	0.19935077	-0.26248077	0.14936678	-0.15036897	0.14652993	-0.070398636	0.06233233	-0.13611089	0.13809372	-0.18556415	0.06359015	-0.06566945	0.1146934	-0.12134249
-0.18408674	1.0000001	-0.7163514	0.2651126	-0.27050254	0.14366902	-0.4721768	0.25158566	-0.21349694	0.2096564	-0.1570347	0.15563843	-0.1488553	0.1473968	-0.1385624	0.10842858	-0.1157026	0.1493599	-0.11714948	0.115033604	-0.07095283	0.03779889	-0.035383813	0.09773603	-0.11244878	0.07652942	-0.03274323	0.033810478	-0.08571948	0.07941046
0.13982217	-0.7163514	1.0000001	-0.49101228	0.25318027	-0.11265381	0.2577146	-0.2663159	0.21057136	-0.23820785	0.12942445	-0.14915055	0.14042598	-0.15150397	0.13219655	-0.09823179	0.1051343	-0.14625907	0.11136522	-0.113701895	0.064281605	-0.035463948	0.033208292	-0.094269775	0.1043904	-0.07066864	0.030478371	-0.03169333	0.07881461	-0.07552385
-0.14826569	0.2651126	-0.49101228	1.0	-0.63381374	0.10845388	-0.2305584	0.22243759	-0.38586706	0.29337186	-0.13861069	0.14893942	-0.1528257	0.19148327	-0.17261037	0.10117816	-0.112919316	0.15315484	-0.13436314	0.1335512	-0.0678908	0.03806945	-0.036102917	0.10830995	-0.12568173	0.07243692	-0.032570448	0.03386411	-0.091073975	0.08380265
0.14650273	-0.27050254	0.25318027	-0.63381374	1.0000001	-0.10932731	0.20632367	-0.23568125	0.27192172	-0.5819284	0.14184123	-0.16486071	0.15782495	-0.19872886	0.1833412	-0.11040973	0.120770186	-0.17284529	0.14172299	-0.15213718	0.07419805	-0.042307552	0.039942108	-0.12036919	0.13398437	-0.081083834	0.036112454	-0.0377699	0.09951168	-0.09541212
-0.73095375	0.14366902	-0.11265381	0.10845388	-0.10932731	1.0	-0.28828683	0.19409874	-0.12681888	0.14938098	-0.52156097	0.19263873	-0.14371641	0.117813036	-0.10631322	0.20108838	-0.15942618	0.17707549	-0.10558633	0.10348859	-0.10822217	0.04866919	-0.043402586	0.09338611	-0.09790202	0.12298293	-0.043739244	0.04452498	-0.07978608	0.080425255
0.24192746	-0.4721768	0.2577146	-0.2305584	0.20632367	-0.28828683	1.0000001	-0.61329037	0.24422936	-0.26800406	0.22069213	-0.27026772	0.22998004	-0.19893721	0.17031404	-0.16425408	0.16747724	-0.22714084	0.15357965	-0.15384549	0.101270705	-0.05403698	0.049946874	-0.13131343	0.14130275	-0.11335471	0.04671892	-0.048329417	0.108421065	-0.10610208
-0.2514689	0.25158566	-0.2663159	0.22243759	-0.23568125	0.19409874	-0.61329037	1.0000002	-0.41592535	0.2564144	-0.23328738	0.25777832	-0.37287617	0.24485694	-0.21482992	0.16081972	-0.18544914	0.23656236	-0.18442135	0.17280224	-0.10496369	0.056503296	-0.05327541	0.14604552	-0.16850592	0.10999019	-0.04858269	0.049906805	-0.12401287	0.11308391
0.16972348	-0.21349694	0.21057136	-0.38586706	0.27192172	-0.12681888	0.24422936	-0.41592535	1.0000001	-0.4511915	0.17006187	-0.22222435	0.23907994	-0.5358551	0.2623856	-0.13338001	0.15285166	-0.2301057	0.20387957	-0.21498223	0.08712478	-0.05206518	0.049720235	-0.16247942	0.17254865	-0.09337584	0.043605037	-0.045789707	0.11767916	-0.111824825
-0.2195653	0.2096564	-0.23820785	0.29337186	-0.5819284	0.14938098	-0.26800406	0.2564144	-0.4511915	0.9999998	-0.20692267	0.2020165	-0.21209106	0.26430705	-0.34044904	0.14544053	-0.16668426	0.21703921	-0.21327762	0.21512435	-0.10108891	0.056822438	-0.054470353	0.16918647	-0.21206914	0.10477137	-0.048697345	0.05055545	-0.15153788	0.13209826
0.3113707	-0.1570347	0.12942445	-0.13861069	0.14184123	-0.52156097	0.22069213	-0.23328738	0.17006187	-0.20692267	0.9999996	-0.3593047	0.2199961	-0.17419794	0.15517263	-0.48703283	0.2751443	-0.30126822	0.16240476	-0.15828794	0.18670265	-0.08276842	0.0724901	-0.14475772	0.14705811	-0.22290757	0.0746933	-0.0759323	0.11900431	-0.122181915
-0.2647289	0.15563843	-0.14915055	0.14893942	-0.16486071	0.19263873	-0.27026772	0.25777832	-0.22222435	0.2020165	-0.3593047	0.99999964	-0.6360319	0.22973107	-0.20757402	0.24431734	-0.40370384	0.30164516	-0.19782996	0.17418519	-0.14391945	0.07548596	-0.06980865	0.15397349	-0.17512982	0.14135316	-0.06399061	0.06323595	-0.12927012	0.116856664
0.18940805	-0.1488553	0.14042598	-0.1528257	0.15782495	-0.14371641	0.22998004	-0.37287617	0.23907994	-0.21209106	0.2199961	-0.6360319	0.9999994	-0.3664536	0.2171528	-0.18578885	0.24033538	-0.43810597	0.2125516	-0.19489849	0.10862039	-0.06430076	0.0607884	-0.16169687	0.16898285	-0.11324982	0.053021744	-0.054712936	0.11625878	-0.10882207
-0.16531932	0.1473968	-0.15150397	0.19148327	-0.19872886	0.117813036	-0.19893721	0.24485694	-0.5358551	0.26430705	-0.17419794	0.22973107	-0.3664536	0.9999991	-0.5310278	0.13419607	-0.1669146	0.2479538	-0.33207777	0.27228093	-0.08823014	0.055432547	-0.054149766	0.19364262	-0.21863344	0.09166562	-0.045766078	0.048142932	-0.12897176	0.1178654
0.14763682	-0.1385624	0.13219655	-0.17261037	0.1833412	-0.10631322	0.17031404	-0.21482992	0.2623856	-0.34044904	0.15517263	-0.20757402	0.2171528	-0.5310278	0.9999989	-0.12835845	0.15154621	-0.2544647	0.2762612	-0.60567945	0.08439309	-0.056741238	0.05535013	-0.21825418	0.23151982	-0.09025807	0.04604164	-0.0493872	0.1311741	-0.12997444
-0.26402462	0.10842858	-0.09823179	0.10117816	-0.11040973	0.20108838	-0.16425408	0.16081972	-0.13338001	0.14544053	-0.48703283	0.24431734	-0.18578885	0.13419607	-0.12835845	0.9999989	-0.6443215	0.24975102	-0.14183393	0.12412571	-0.33394974	0.09135339	-0.07950285	0.11828717	-0.12834123	0.23255119	-0.082195066	0.07743624	-0.10270052	0.09535256
0.19935077	-0.1157026	0.1051343	-0.112919316	0.120770186	-0.15942618	0.16747724	-0.18544914	0.15285166	-0.16668426	0.2751443	-0.40370384	0.24033538	-0.1669146	0.15154621	-0.6443215	0.9999989	-0.45443964	0.17912559	-0.1556787	0.19263008	-0.12025957	0.09628132	-0.14784151	0.1483167	-0.20410652	0.08961054	-0.08611473	0.110174865	-0.10518567
-0.26248077	0.1493599	-0.14625907	0.15315484	-0.17284529	0.17707549	-0.22714084	0.23656236	-0.2301057	0.21703921	-0.30126822	0.30164516	-0.43810597	0.2479538	-0.2544647	0.24975102	-0.45443964	0.9999983	-0.4302543	0.24099635	-0.15757714	0.09813912	-0.09973455	0.23009871	-0.25737166	0.1507514	-0.07974218	0.08120295	-0.17036049	0.14842205
0.14936678	-0.11714948	0.11136522	-0.13436314	0.14172299	-0.10558633	0.15357965	-0.18442135	0.20387957	-0.21327762	0.16240476	-0.19782996	0.2125516	-0.33207777	0.2762612	-0.14183393	0.17912559	-0.4302543	0.9999982	-0.50639784	0.09243892	-0.076621056	0.078656934	-0.5290828	0.3051472	-0.09717072	0.058003448	-0.06474105	0.15916373	-0.1528584
-0.15036897	0.115033604	-0.113701895	0.1335512	-0.15213718	0.10348859	-0.15384549	0.17280224	-0.21498223	0.21512435	-0.15828794	0.17418519	-0.19489849	0.27228093	-0.60567945	0.12412571	-0.1556787	0.24099635	-0.50639784	0.999998	-0.08522352	0.061122794	-0.061696813	0.27450404	-0.41459948	0.088148825	-0.049128562	0.05294555	-0.16047762	0.14879695
0.14652993	-0.07095283	0.064281605	-0.0678908	0.07419805	-0.10822217	0.101270705	-0.10496369	0.08712478	-0.10108891	0.18670265	-0.14391945	0.10862039	-0.08823014	0.08439309	-0.33394974	0.19263008	-0.15757714	0.09243892	-0.08522352	0.99999774	-0.12900752	0.10043208	-0.087549396	0.091418095	-0.86071867	0.14964533	-0.1446176	0.08190512	-0.077677585
-0.070398636	0.03779889	-0.035463948	0.03806945	-0.042307552	0.04866919	-0.05403698	0.056503296	-0.05206518	0.056822438	-0.08276842	0.07548596	-0.06430076	0.055432547	-0.056741238	0.09135339	-0.12025957	0.09813912	-0.076621056	0.061122794	-0.12900752	0.99999815	-0.75362253	0.09621823	-0.09067624	0.1307667	-0.5308831	0.32067063	-0.06451521	0.05661709
0.06233233	-0.035383813	0.033208292	-0.036102917	0.039942108	-0.043402586	0.049946874	-0.05327541	0.049720235	-0.054470353	0.0724901	-0.06980865	0.0607884	-0.054149766	0.05535013	-0.07950285	0.09628132	-0.09973455	0.078656934	-0.061696813	0.10043208	-0.75362253	0.99999833	-0.11631297	0.092576	-0.1114065	0.3156681	-0.5450844	0.06423761	-0.057674825
-0.13611089	0.09773603	-0.094269775	0.10830995	-0.12036919	0.09338611	-0.13131343	0.14604552	-0.16247942	0.16918647	-0.14475772	0.15397349	-0.16169687	0.19364262	-0.21825418	0.11828717	-0.14784151	0.23009871	-0.5290828	0.27450404	-0.087549396	0.09621823	-0.11631297	0.9999986	-0.6850768	0.09118134	-0.07059053	0.08123705	-0.25703913	0.20893924
0.13809372	-0.11244878	0.1043904	-0.12568173	0.13398437	-0.09790202	0.14130275	-0.16850592	0.17254865	-0.21206914	0.14705811	-0.17512982	0.16898285	-0.21863344	0.23151982	-0.12834123	0.1483167	-0.25737166	0.3051472	-0.41459948	0.091418095	-0.09067624	0.092576	-0.6850768	0.9999987	-0.10003533	0.06672621	-0.07761123	0.23677659	-0.3147573
-0.18556415	0.07652942	-0.07066864	0.07243692	-0.081083834	0.12298293	-0.11335471	0.10999019	-0.09337584	0.10477137	-0.22290757	0.14135316	-0.11324982	0.09166562	-0.09025807	0.23255119	-0.20410652	0.1507514	-0.09717072	0.088148825	-0.86071867	0.1307667	-0.1114065	0.09118134	-0.10003533	0.9999986	-0.2043925	0.14567944	-0.0933883	0.08287403
0.06359015	-0.03274323	0.030478371	-0.032570448	0.036112454	-0.043739244	0.04671892	-0.04858269	0.043605037	-0.048697345	0.0746933	-0.06399061	0.053021744	-0.045766078	0.04604164	-0.082195066	0.08961054	-0.07974218	0.058003448	-0.049128562	0.14964533	-0.5308831	0.3156681	-0.07059053	0.06672621	-0.2043925	0.9999985	-0.7464317	0.05740909	-0.051869597
-0.06566945	0.033810478	-0.03169333	0.03386411	-0.0377699	0.04452498	-0.048329417	0.049906805	-0.045789707	0.05055545	-0.0759323	0.06323595	-0.054712936	0.048142932	-0.0493872	0.07743624	-0.08611473	0.08120295	-0.06474105	0.05294555	-0.1446176	0.32067063	-0.5450844	0.08123705	-0.07761123	0.14567944	-0.7464317	0.9999985	-0.066179715	0.056853574
0.1146934	-0.08571948	0.07881461	-0.091073975	0.09951168	-0.07978608	0.108421065	-0.12401287	0.11767916	-0.15153788	0.11900431	-0.12927012	0.11625878	-0.12897176	0.1311741	-0.10270052	0.110174865	-0.17036049	0.15916373	-0.16047762	0.08190512	-0.06451521	0.06423761	-0.25703913	0.23677659	-0.0933883	0.05740909	-0.066179715	0.9999987	-0.8901896
-0.12134249	0.07941046	-0.07552385	0.08380265	-0.09541212	0.080425255	-0.10610208	0.11308391	-0.111824825	0.13209826	-0.122181915	0.116856664	-0.10882207	0.1178654	-0.12997444	0.09535256	-0.10518567	0.14842205	-0.1528584	0.14879695	-0.077677585	0.05661709	-0.057674825	0.20893924	-0.3147573	0.08287403	-0.051869597	0.056853574	-0.8901896	0.9999987
