1.0	-0.654126	0.29372224	-0.11374818	0.09574664	-0.39767292	0.30734485	-0.31204566	0.2029362	-0.18006498	0.21228625	-0.19537525	0.16822167	-0.16815643	0.124067426	-0.24242306	0.16383451	-0.22856234	0.10530514	-0.10438724	0.13303219	-0.16126882	0.12933199	-0.1116314	0.10326926	-0.18051213	0.11331039	-0.09503045	0.057350714	-0.06475437
-0.654126	0.9999999	-0.48625082	0.08022203	-0.069424994	0.26437488	-0.4632332	0.26683515	-0.1654337	0.123618305	-0.15807498	0.14336717	-0.1243421	0.11740096	-0.08742932	0.15249777	-0.12532303	0.15077053	-0.0712551	0.07076684	-0.08525845	0.10314885	-0.08676808	0.07391419	-0.071019635	0.10995337	-0.075176224	0.06177812	-0.037852585	0.04231999
0.29372224	-0.48625082	1.0	-0.13818453	0.11271126	-0.25431067	0.27102694	-0.6507125	0.25385067	-0.20942251	0.15581292	-0.15461978	0.1946627	-0.1951915	0.14011624	-0.16700335	0.13301265	-0.24739346	0.110433176	-0.11212846	0.09779081	-0.12896386	0.111760184	-0.11506771	0.10881712	-0.12979887	0.09359678	-0.08141065	0.054187812	-0.061042696
-0.11374818	0.08022203	-0.13818453	1.0	-0.90091145	0.07351624	-0.08108214	0.12903069	-0.28190702	0.22035435	-0.057494253	0.058574844	-0.11421441	0.13769767	-0.14370853	0.05903052	-0.054926604	0.12527901	-0.07747073	0.08905997	-0.03941189	0.058584973	-0.05946833	0.074763454	-0.09336235	0.051107462	-0.04710944	0.04249427	-0.03440157	0.03768557
0.09574664	-0.069424994	0.11271126	-0.90091145	1.0000002	-0.06661461	0.07096842	-0.115064025	0.21283984	-0.30054113	0.05250573	-0.055096038	0.11056605	-0.14608689	0.14579856	-0.055155773	0.05126043	-0.13099588	0.07719166	-0.09240144	0.03721442	-0.056555476	0.056891363	-0.0761923	0.09021031	-0.04869365	0.04479335	-0.04132773	0.033815093	-0.03745189
-0.39767292	0.26437488	-0.25431067	0.07351624	-0.06661461	0.99999994	-0.63642997	0.21980877	-0.16678162	0.11463704	-0.4770301	0.20609663	-0.12749976	0.112456016	-0.08618333	0.24936847	-0.19431189	0.14516954	-0.073210046	0.07062374	-0.13015828	0.13418019	-0.11238483	0.075217664	-0.07375298	0.15057649	-0.100778304	0.07670493	-0.042761147	0.047149707
0.30734485	-0.4632332	0.27102694	-0.08108214	0.07096842	-0.63642997	0.9999999	-0.34771287	0.17561817	-0.12893416	0.24053939	-0.25847295	0.13894479	-0.12625092	0.09327385	-0.23302642	0.1859815	-0.16324927	0.077742666	-0.07604755	0.11763824	-0.1334029	0.10676393	-0.080333196	0.0772202	-0.14970659	0.09487936	-0.07517528	0.043331057	-0.0482158
-0.31204566	0.26683515	-0.6507125	0.12903069	-0.115064025	0.21980877	-0.34771287	0.9999999	-0.44726908	0.20457096	-0.14895937	0.14357945	-0.25808007	0.20241708	-0.14922856	0.14322373	-0.12998843	0.22476217	-0.10738003	0.10900674	-0.08589672	0.113278426	-0.1043324	0.10671668	-0.10945191	0.10981948	-0.08601141	0.073556356	-0.05046726	0.055994667
0.2029362	-0.1654337	0.25385067	-0.28190702	0.21283984	-0.16678162	0.17561817	-0.44726908	0.99999964	-0.5108856	0.122172534	-0.13161775	0.25958312	-0.4119459	0.27003375	-0.13031787	0.11858816	-0.32113627	0.16169012	-0.18322012	0.085159555	-0.12762223	0.1229226	-0.16400015	0.17047302	-0.11220251	0.09718452	-0.09012474	0.07033773	-0.07892494
-0.18006498	0.123618305	-0.20942251	0.22035435	-0.30054113	0.11463704	-0.12893416	0.20457096	-0.5108856	0.9999999	-0.092458576	0.09724918	-0.2358632	0.2938556	-0.5977391	0.09387842	-0.09231426	0.22158435	-0.16903694	0.2140927	-0.06418669	0.098292455	-0.10527788	0.15142027	-0.22807352	0.08249199	-0.08142608	0.07490407	-0.0678105	0.073085405
0.21228625	-0.15807498	0.15581292	-0.057494253	0.05250573	-0.4770301	0.24053939	-0.14895937	0.122172534	-0.092458576	0.9999997	-0.313706	0.11064192	-0.094449356	0.072089076	-0.6688817	0.24286717	-0.13148585	0.06752127	-0.062650934	0.21641153	-0.18560778	0.13370804	-0.07052578	0.066710256	-0.26118767	0.12716869	-0.09322073	0.04558573	-0.05028681
-0.19537525	0.14336717	-0.15461978	0.058574844	-0.055096038	0.20609663	-0.25847295	0.14357945	-0.13161775	0.09724918	-0.313706	0.9999997	-0.16538657	0.11057933	-0.082431674	0.24979988	-0.8184928	0.15949185	-0.07707563	0.069407195	-0.13863768	0.17929088	-0.14556924	0.07730424	-0.07445683	0.15049382	-0.12998722	0.09162787	-0.046920415	0.0509841
0.16822167	-0.1243421	0.1946627	-0.11421441	0.11056605	-0.12749976	0.13894479	-0.25808007	0.25958312	-0.2358632	0.11064192	-0.16538657	0.99999964	-0.52838546	0.23395607	-0.11452575	0.13854654	-0.66904974	0.19102961	-0.17768723	0.07688539	-0.121909395	0.12670322	-0.17929062	0.16713715	-0.098064855	0.09395167	-0.089019835	0.070345715	-0.07785584
-0.16815643	0.11740096	-0.1951915	0.13769767	-0.14608689	0.112456016	-0.12625092	0.20241708	-0.4119459	0.2938556	-0.094449356	0.11057933	-0.52838546	0.99999964	-0.5515168	0.095698066	-0.104210645	0.28842458	-0.20105423	0.2120943	-0.065569624	0.10196955	-0.11063157	0.16557811	-0.21797197	0.08369147	-0.083586395	0.07774903	-0.06957193	0.07496795
0.124067426	-0.08742932	0.14011624	-0.14370853	0.14579856	-0.08618333	0.09327385	-0.14922856	0.27003375	-0.5977391	0.072089076	-0.082431674	0.23395607	-0.5515168	0.99999976	-0.07521477	0.0770579	-0.24405068	0.1830036	-0.37254944	0.052964892	-0.08564465	0.09297755	-0.16865894	0.23252578	-0.0685522	0.07020848	-0.06832474	0.06661796	-0.07345798
-0.24242306	0.15249777	-0.16700335	0.05903052	-0.055155773	0.24936847	-0.23302642	0.14322373	-0.13031787	0.09387842	-0.6688817	0.24979988	-0.11452575	0.095698066	-0.07521477	0.9999996	-0.34569374	0.13208465	-0.072351046	0.06586033	-0.39768538	0.20530967	-0.1647413	0.075055815	-0.07211322	0.2630155	-0.15711954	0.107069455	-0.051078714	0.05543974
0.16383451	-0.12532303	0.13301265	-0.054926604	0.05126043	-0.19431189	0.1859815	-0.12998843	0.11858816	-0.09231426	0.24286717	-0.8184928	0.13854654	-0.104210645	0.0770579	-0.34569374	0.99999934	-0.16909225	0.07591811	-0.0674829	0.15858296	-0.24135283	0.14871949	-0.07735865	0.0718638	-0.17892347	0.13526708	-0.09747312	0.047893494	-0.052448392
-0.22856234	0.15077053	-0.24739346	0.12527901	-0.13099588	0.14516954	-0.16324927	0.22476217	-0.32113627	0.22158435	-0.13148585	0.15949185	-0.66904974	0.28842458	-0.24405068	0.13208465	-0.16909225	0.9999994	-0.3237285	0.20007963	-0.09310918	0.14941238	-0.18447497	0.218691	-0.22226298	0.1163792	-0.1240671	0.11517239	-0.09165119	0.09700883
0.10530514	-0.0712551	0.110433176	-0.07747073	0.07719166	-0.073210046	0.077742666	-0.10738003	0.16169012	-0.16903694	0.06752127	-0.07707563	0.19102961	-0.20105423	0.1830036	-0.072351046	0.07591811	-0.3237285	0.9999994	-0.4120415	0.058414057	-0.11080115	0.13895473	-0.74855506	0.29718626	-0.075883165	0.09375305	-0.10571295	0.12978207	-0.14236857
-0.10438724	0.07076684	-0.11212846	0.08905997	-0.09240144	0.07062374	-0.07604755	0.10900674	-0.18322012	0.2140927	-0.062650934	0.069407195	-0.17768723	0.2120943	-0.37254944	0.06586033	-0.0674829	0.20007963	-0.4120415	0.99999905	-0.050687693	0.08918415	-0.10952035	0.28261167	-0.72688997	0.06546509	-0.08002996	0.08289191	-0.11002779	0.11660918
0.13303219	-0.08525845	0.09779081	-0.03941189	0.03721442	-0.13015828	0.11763824	-0.08589672	0.085159555	-0.06418669	0.21641153	-0.13863768	0.07688539	-0.065569624	0.052964892	-0.39768538	0.15858296	-0.09310918	0.058414057	-0.050687693	0.99999934	-0.35576433	0.1909762	-0.06303239	0.05773294	-0.77743316	0.19925475	-0.13066486	0.05259323	-0.057153918
-0.16126882	0.10314885	-0.12896386	0.058584973	-0.056555476	0.13418019	-0.1334029	0.113278426	-0.12762223	0.098292455	-0.18560778	0.17929088	-0.121909395	0.10196955	-0.08564465	0.20530967	-0.24135283	0.14941238	-0.11080115	0.08918415	-0.35576433	0.9999994	-0.5764292	0.12179138	-0.10690567	0.27272123	-0.5299572	0.28927395	-0.11018332	0.115931205
0.12933199	-0.08676808	0.111760184	-0.05946833	0.056891363	-0.11238483	0.10676393	-0.1043324	0.1229226	-0.10527788	0.13370804	-0.14556924	0.12670322	-0.11063157	0.09297755	-0.1647413	0.14871949	-0.18447497	0.13895473	-0.10952035	0.1909762	-0.5764292	0.9999995	-0.1844418	0.12840581	-0.25534767	0.32699412	-0.5914513	0.16337307	-0.18764268
-0.1116314	0.07391419	-0.11506771	0.074763454	-0.0761923	0.075217664	-0.080333196	0.10671668	-0.16400015	0.15142027	-0.07052578	0.07730424	-0.17929062	0.16557811	-0.16865894	0.075055815	-0.07735865	0.218691	-0.74855506	0.28261167	-0.06303239	0.12179138	-0.1844418	0.99999946	-0.4528554	0.081106916	-0.11038257	0.12329469	-0.19068125	0.16554172
0.10326926	-0.071019635	0.10881712	-0.09336235	0.09021031	-0.07375298	0.0772202	-0.10945191	0.17047302	-0.22807352	0.066710256	-0.07445683	0.16713715	-0.21797197	0.23252578	-0.07211322	0.0718638	-0.22226298	0.29718626	-0.72688997	0.05773294	-0.10690567	0.12840581	-0.4528554	0.9999993	-0.07561494	0.09424568	-0.104542285	0.14371547	-0.18023863
-0.18051213	0.10995337	-0.12979887	0.051107462	-0.04869365	0.15057649	-0.14970659	0.10981948	-0.11220251	0.08249199	-0.26118767	0.15049382	-0.098064855	0.08369147	-0.0685522	0.2630155	-0.17892347	0.1163792	-0.075883165	0.06546509	-0.77743316	0.27272123	-0.25534767	0.081106916	-0.07561494	0.9999991	-0.29427102	0.16495807	-0.06805357	0.072466284
0.11331039	-0.075176224	0.09359678	-0.04710944	0.04479335	-0.100778304	0.09487936	-0.08601141	0.09718452	-0.08142608	0.12716869	-0.12998722	0.09395167	-0.083586395	0.07020848	-0.15711954	0.13526708	-0.1240671	0.09375305	-0.08002996	0.19925475	-0.5299572	0.32699412	-0.11038257	0.09424568	-0.29427102	0.9999993	-0.6610238	0.15737231	-0.18105322
-0.09503045	0.06177812	-0.08141065	0.04249427	-0.04132773	0.07670493	-0.07517528	0.073556356	-0.09012474	0.07490407	-0.09322073	0.09162787	-0.089019835	0.07774903	-0.06832474	0.107069455	-0.09747312	0.11517239	-0.10571295	0.08289191	-0.13066486	0.28927395	-0.5914513	0.12329469	-0.104542285	0.16495807	-0.6610238	0.9999992	-0.25476176	0.19778985
0.057350714	-0.037852585	0.054187812	-0.03440157	0.033815093	-0.042761147	0.043331057	-0.05046726	0.07033773	-0.0678105	0.04558573	-0.046920415	0.070345715	-0.06957193	0.06661796	-0.051078714	0.047893494	-0.09165119	0.12978207	-0.11002779	0.05259323	-0.11018332	0.16337307	-0.19068125	0.14371547	-0.06805357	0.15737231	-0.25476176	0.9999991	-0.9100776
-0.06475437	0.04231999	-0.061042696	0.03768557	-0.03745189	0.047149707	-0.0482158	0.055994667	-0.07892494	0.073085405	-0.05028681	0.0509841	-0.07785584	0.07496795	-0.07345798	0.05543974	-0.052448392	0.09700883	-0.14236857	0.11660918	-0.057153918	0.115931205	-0.18764268	0.16554172	-0.18023863	0.072466284	-0.18105322	0.19778985	-0.9100776	0.9999991
