0.99999994	-0.78047746	0.26357114	-0.17892046	0.14307147	-0.4098723	0.2540726	-0.22120023	0.18010579	-0.13032068	0.17748408	-0.1596736	0.16826499	-0.16225176	0.12561367	-0.10255113	0.10323058	-0.14470698	0.12522574	-0.11730681	0.08925242	-0.10147553	0.10713449	-0.09772449	0.08331224	-0.2181837	0.11119608	-0.11463154	0.06871924	-0.06095779
-0.78047746	1.0	-0.41496536	0.17233957	-0.14641117	0.26985854	-0.3161133	0.22689854	-0.18100196	0.11954139	-0.15548678	0.13911061	-0.15638968	0.14453109	-0.11663155	0.083182186	-0.08657371	0.11936549	-0.11064837	0.101365976	-0.073402636	0.08287645	-0.08839661	0.080863394	-0.070606954	0.16187735	-0.08872527	0.09069402	-0.057372715	0.05069886
0.26357114	-0.41496536	1.0000004	-0.41919407	0.23311819	-0.33586338	0.29148015	-0.5617405	0.2771141	-0.19901352	0.19114412	-0.1869911	0.21544193	-0.22612193	0.17198858	-0.11599853	0.11900852	-0.17292504	0.1593849	-0.15352868	0.10091007	-0.115982406	0.124333456	-0.11738706	0.10130311	-0.2313641	0.123769954	-0.1295969	0.08140851	-0.0733043
-0.17892046	0.17233957	-0.41919407	1.0000004	-0.6785805	0.20251639	-0.1980096	0.23542824	-0.40084264	0.27033058	-0.15972358	0.14539845	-0.19119152	0.21977527	-0.23874225	0.09531314	-0.10077655	0.14863096	-0.17152809	0.16225787	-0.08539321	0.0970419	-0.10971254	0.10897985	-0.100286566	0.17861569	-0.104516536	0.10836045	-0.07701504	0.06944444
0.14307147	-0.14641117	0.23311819	-0.6785805	1.0000004	-0.19856024	0.16515197	-0.19629355	0.2714149	-0.51259655	0.15183954	-0.14305753	0.17620853	-0.2276091	0.2531034	-0.100875854	0.10404362	-0.15943177	0.17269307	-0.19360195	0.089076005	-0.10275636	0.11617189	-0.12155812	0.108671784	-0.20162807	0.11181418	-0.11894954	0.082665205	-0.077133544
-0.4098723	0.26985854	-0.33586338	0.20251639	-0.19856024	1.0000004	-0.60385495	0.28653574	-0.27159142	0.16539119	-0.37591112	0.24661486	-0.2638954	0.21342589	-0.17520067	0.1337196	-0.14293994	0.18276301	-0.17215025	0.149124	-0.120156296	0.13181806	-0.13853176	0.121899374	-0.10856868	0.22657497	-0.136752	0.13564895	-0.08888257	0.076840006
0.2540726	-0.3161133	0.29148015	-0.1980096	0.16515197	-0.60385495	1.0000002	-0.54222494	0.24440439	-0.15507431	0.23807412	-0.27375424	0.23075178	-0.21168332	0.14940907	-0.12298176	0.13053842	-0.17214096	0.15028434	-0.1370256	0.105917424	-0.12193776	0.12407671	-0.11114452	0.09572736	-0.2192253	0.12242906	-0.12618108	0.078113236	-0.069078974
-0.22120023	0.22689854	-0.5617405	0.23542824	-0.19629355	0.28653574	-0.54222494	1.0000001	-0.4236168	0.17508309	-0.19274358	0.19274959	-0.2790061	0.22939982	-0.16275032	0.105037205	-0.112885624	0.15943742	-0.15364793	0.13830401	-0.09243703	0.10565771	-0.113495566	0.10443788	-0.09191591	0.1892533	-0.1089369	0.11268577	-0.073275715	0.065262266
0.18010579	-0.18100196	0.2771141	-0.40084264	0.2714149	-0.27159142	0.24440439	-0.4236168	0.99999976	-0.3730846	0.20450744	-0.20606388	0.26713562	-0.50956315	0.25692448	-0.1314949	0.13761678	-0.21062587	0.23009878	-0.22434211	0.11534399	-0.1336336	0.14850974	-0.1496146	0.13159011	-0.24867891	0.14091927	-0.14947386	0.10145163	-0.093508415
-0.13032068	0.11954139	-0.19901352	0.27033058	-0.51259655	0.16539119	-0.15507431	0.17508309	-0.3730846	0.99999976	-0.14916247	0.13622983	-0.18455017	0.23921955	-0.6311702	0.09522706	-0.10226895	0.1570579	-0.22000928	0.23249482	-0.08640951	0.09878035	-0.11744322	0.12634757	-0.12618245	0.17363934	-0.10705296	0.11206438	-0.08930014	0.08223222
0.17748408	-0.15548678	0.19114412	-0.15972358	0.15183954	-0.37591112	0.23807412	-0.19274358	0.20450744	-0.14916247	0.99999964	-0.65418667	0.29557627	-0.24086778	0.16283612	-0.24447553	0.23268607	-0.2704058	0.18930723	-0.16730115	0.18582827	-0.21940948	0.19279642	-0.15858096	0.13041066	-0.3697922	0.19466168	-0.20338106	0.110718206	-0.0964415
-0.1596736	0.13911061	-0.1869911	0.14539845	-0.14305753	0.24661486	-0.27375424	0.19274959	-0.20606388	0.13622983	-0.65418667	0.9999995	-0.5005763	0.22966383	-0.15508555	0.1986794	-0.30960292	0.24039523	-0.18225473	0.14839086	-0.17422684	0.19876967	-0.17611693	0.13380882	-0.11530552	0.24348351	-0.16182262	0.15962127	-0.09597859	0.081781484
0.16826499	-0.15638968	0.21544193	-0.19119152	0.17620853	-0.2638954	0.23075178	-0.2790061	0.26713562	-0.18455017	0.29557627	-0.5005763	0.9999992	-0.503872	0.20221029	-0.19391546	0.21646205	-0.36978245	0.24521467	-0.20638102	0.16345099	-0.19766574	0.20499039	-0.17115816	0.14357121	-0.30972183	0.18344182	-0.19815247	0.11688629	-0.10334763
-0.16225176	0.14453109	-0.22612193	0.21977527	-0.2276091	0.21342589	-0.21168332	0.22939982	-0.50956315	0.23921955	-0.24086778	0.22966383	-0.503872	0.99999934	-0.32810435	0.13881415	-0.1569279	0.24170727	-0.42349452	0.25328487	-0.12627901	0.14393869	-0.16856888	0.16232088	-0.15202434	0.2283734	-0.14834401	0.15326361	-0.113780215	0.101774484
0.12561367	-0.11663155	0.17198858	-0.23874225	0.2531034	-0.17520067	0.14940907	-0.16275032	0.25692448	-0.6311702	0.16283612	-0.15508555	0.20221029	-0.32810435	0.999999	-0.11537438	0.12209709	-0.19975579	0.2668321	-0.48211232	0.10314113	-0.12062767	0.14464273	-0.1744831	0.1688897	-0.21628453	0.1296804	-0.14138046	0.114152566	-0.113817066
-0.10255113	0.083182186	-0.11599853	0.09531314	-0.100875854	0.1337196	-0.12298176	0.105037205	-0.1314949	0.09522706	-0.24447553	0.1986794	-0.19391546	0.13881415	-0.11537438	0.999999	-0.50377953	0.23058105	-0.15074216	0.118256085	-0.71507025	0.31533572	-0.20553815	0.12799992	-0.109350935	0.20541804	-0.18192036	0.16437615	-0.094262086	0.07639226
0.10323058	-0.08657371	0.11900852	-0.10077655	0.10404362	-0.14293994	0.13053842	-0.112885624	0.13761678	-0.10226895	0.23268607	-0.30960292	0.21646205	-0.1569279	0.12209709	-0.50377953	0.999999	-0.41341943	0.17094691	-0.13537535	0.30857307	-0.58606833	0.24481988	-0.14862454	0.119529456	-0.22467649	0.19318135	-0.19624707	0.10198478	-0.08455112
-0.14470698	0.11936549	-0.17292504	0.14863096	-0.15943177	0.18276301	-0.17214096	0.15943742	-0.21062587	0.1570579	-0.2704058	0.24039523	-0.36978245	0.24170727	-0.19975579	0.23058105	-0.41341943	0.9999989	-0.38873595	0.22511156	-0.23300806	0.27204388	-0.49480516	0.22290616	-0.19744109	0.26269186	-0.25816357	0.25431892	-0.16126321	0.12960143
0.12522574	-0.11064837	0.1593849	-0.17152809	0.17269307	-0.17215025	0.15028434	-0.15364793	0.23009878	-0.22000928	0.18930723	-0.18225473	0.24521467	-0.42349452	0.2668321	-0.15074216	0.17094691	-0.38873595	0.9999989	-0.6265556	0.13499029	-0.16353624	0.20806438	-0.2554562	0.22092088	-0.23772556	0.16302863	-0.18221596	0.15016948	-0.14845948
-0.11730681	0.101365976	-0.15352868	0.16225787	-0.19360195	0.149124	-0.1370256	0.13830401	-0.22434211	0.23249482	-0.16730115	0.14839086	-0.20638102	0.25328487	-0.48211232	0.118256085	-0.13537535	0.22511156	-0.6265556	0.99999917	-0.11183825	0.12937504	-0.17727278	0.23136355	-0.3524642	0.19215813	-0.14087304	0.14957674	-0.16581027	0.16072641
0.08925242	-0.073402636	0.10091007	-0.08539321	0.089076005	-0.120156296	0.105917424	-0.09243703	0.11534399	-0.08640951	0.18582827	-0.17422684	0.16345099	-0.12627901	0.10314113	-0.71507025	0.30857307	-0.23300806	0.13499029	-0.11183825	0.99999887	-0.53319556	0.2051418	-0.13159467	0.10415929	-0.23890127	0.18290989	-0.1823917	0.09084168	-0.075230904
-0.10147553	0.08287645	-0.115982406	0.0970419	-0.10275636	0.13181806	-0.12193776	0.10565771	-0.1336336	0.09878035	-0.21940948	0.19876967	-0.19766574	0.14393869	-0.12062767	0.31533572	-0.58606833	0.27204388	-0.16353624	0.12937504	-0.53319556	0.9999989	-0.36706865	0.16011566	-0.13082284	0.2292083	-0.2721599	0.22450136	-0.11362749	0.090505764
0.10713449	-0.08839661	0.124333456	-0.10971254	0.11617189	-0.13853176	0.12407671	-0.113495566	0.14850974	-0.11744322	0.19279642	-0.17611693	0.20499039	-0.16856888	0.14464273	-0.20553815	0.24481988	-0.49480516	0.20806438	-0.17727278	0.2051418	-0.36706865	0.99999887	-0.36900812	0.20598039	-0.27890426	0.2762326	-0.53183967	0.17927684	-0.14546815
-0.09772449	0.080863394	-0.11738706	0.10897985	-0.12155812	0.121899374	-0.11114452	0.10443788	-0.1496146	0.12634757	-0.15858096	0.13380882	-0.17115816	0.16232088	-0.1744831	0.12799992	-0.14862454	0.22290616	-0.2554562	0.23136355	-0.13159467	0.16011566	-0.36900812	0.999999	-0.64111793	0.19561239	-0.18307783	0.21224985	-0.4472459	0.28887188
0.08331224	-0.070606954	0.10130311	-0.100286566	0.108671784	-0.10856868	0.09572736	-0.09191591	0.13159011	-0.12618245	0.13041066	-0.11530552	0.14357121	-0.15202434	0.1688897	-0.109350935	0.119529456	-0.19744109	0.22092088	-0.3524642	0.10415929	-0.13082284	0.20598039	-0.64111793	0.9999988	-0.18199652	0.14292358	-0.18014158	0.30518803	-0.50395083
-0.2181837	0.16187735	-0.2313641	0.17861569	-0.20162807	0.22657497	-0.2192253	0.1892533	-0.24867891	0.17363934	-0.3697922	0.24348351	-0.30972183	0.2283734	-0.21628453	0.20541804	-0.22467649	0.26269186	-0.23772556	0.19215813	-0.23890127	0.2292083	-0.27890426	0.19561239	-0.18199652	0.99999845	-0.5598028	0.28658906	-0.16419649	0.1275882
0.11119608	-0.08872527	0.123769954	-0.104516536	0.11181418	-0.136752	0.12242906	-0.1089369	0.14091927	-0.10705296	0.19466168	-0.16182262	0.18344182	-0.14834401	0.1296804	-0.18192036	0.19318135	-0.25816357	0.16302863	-0.14087304	0.18290989	-0.2721599	0.2762326	-0.18307783	0.14292358	-0.5598028	0.9999982	-0.64911914	0.13968773	-0.11460746
-0.11463154	0.09069402	-0.1295969	0.10836045	-0.11894954	0.13564895	-0.12618108	0.11268577	-0.14947386	0.11206438	-0.20338106	0.15962127	-0.19815247	0.15326361	-0.14138046	0.16437615	-0.19624707	0.25431892	-0.18221596	0.14957674	-0.1823917	0.22450136	-0.53183967	0.21224985	-0.18014158	0.28658906	-0.64911914	0.9999981	-0.19881846	0.13857192
0.06871924	-0.057372715	0.08140851	-0.07701504	0.082665205	-0.08888257	0.078113236	-0.073275715	0.10145163	-0.08930014	0.110718206	-0.09597859	0.11688629	-0.113780215	0.114152566	-0.094262086	0.10198478	-0.16126321	0.15016948	-0.16581027	0.09084168	-0.11362749	0.17927684	-0.4472459	0.30518803	-0.16419649	0.13968773	-0.19881846	0.999998	-0.78043246
-0.06095779	0.05069886	-0.0733043	0.06944444	-0.077133544	0.076840006	-0.069078974	0.065262266	-0.093508415	0.08223222	-0.0964415	0.081781484	-0.10334763	0.101774484	-0.113817066	0.07639226	-0.08455112	0.12960143	-0.14845948	0.16072641	-0.075230904	0.090505764	-0.14546815	0.28887188	-0.50395083	0.1275882	-0.11460746	0.13857192	-0.78043246	0.999998
