1.0	-0.21905331	0.11004896	-0.036383696	0.03572007	-0.9401867	0.15077941	-0.113176934	0.11824727	-0.058743626	0.12201728	-0.15190801	0.052695826	-0.048296463	0.04508731	-0.07979725	0.07035514	-0.0654893	0.06293807	-0.044495057	0.07361302	-0.054158367	0.05300096	-0.045344446	0.053216737	-0.04576283	0.03627632	-0.06619972	0.030903945	-0.045903634
-0.21905331	0.99999976	-0.52961427	0.08397937	-0.08389955	0.17703944	-0.57777286	0.31456417	-0.30753812	0.12746097	-0.2134936	0.28571105	-0.11214169	0.097596936	-0.10056818	0.12939611	-0.1398982	0.11979008	-0.13895237	0.09458992	-0.14183432	0.09722188	-0.10168022	0.08735058	-0.10582204	0.08087126	-0.06666184	0.11728509	-0.055851858	0.08192762
0.11004896	-0.52961427	0.9999996	-0.06291591	0.057629745	-0.11183921	0.27713484	-0.75718284	0.20433833	-0.094368055	0.12468992	-0.22306772	0.0710264	-0.065045	0.065971866	-0.08227381	0.08558523	-0.0789988	0.08652115	-0.064286925	0.08575869	-0.06319043	0.06475119	-0.05672027	0.06724478	-0.053198647	0.042819843	-0.08207329	0.038437746	-0.05718295
-0.036383696	0.08397937	-0.06291591	0.99999976	-0.8912624	0.03948823	-0.06510454	0.07729983	-0.3166015	0.22124371	-0.072270624	0.09933256	-0.07560813	0.07359135	-0.14063407	0.0572566	-0.06783037	0.06969715	-0.12897074	0.10600088	-0.06516133	0.05594721	-0.062113907	0.061747003	-0.07442138	0.04687231	-0.037828717	0.08473857	-0.039967075	0.05988135
0.03572007	-0.08389955	0.057629745	-0.8912624	0.9999996	-0.039364517	0.06306618	-0.07266609	0.22461835	-0.31250793	0.07038886	-0.10097079	0.07242631	-0.073419906	0.14182019	-0.056936923	0.06593091	-0.06989533	0.12178014	-0.11494809	0.064059705	-0.05627933	0.06165128	-0.061348185	0.0727918	-0.0474782	0.037914556	-0.08792711	0.04108967	-0.061981753
-0.9401867	0.17703944	-0.11183921	0.03948823	-0.039364517	0.99999964	-0.16649322	0.10814965	-0.13329355	0.06289034	-0.14508098	0.14523102	-0.05695008	0.051307485	-0.049434002	0.085357174	-0.07713579	0.068978794	-0.0693723	0.048013594	-0.08165181	0.05753266	-0.057245843	0.048579026	-0.05773715	0.0483046	-0.038854875	0.06844112	-0.032214053	0.047542512
0.15077941	-0.57777286	0.27713484	-0.06510454	0.06306618	-0.16649322	0.9999994	-0.41170108	0.2205698	-0.10233876	0.18827853	-0.582426	0.096398465	-0.08577161	0.07767684	-0.120080754	0.119962424	-0.107730485	0.10751567	-0.075763516	0.115998186	-0.082688905	0.08297045	-0.07133028	0.08416936	-0.06926323	0.055711035	-0.099446274	0.046803415	-0.069121696
-0.113176934	0.31456417	-0.75718284	0.07729983	-0.07266609	0.10814965	-0.41170108	0.9999998	-0.3117743	0.11368987	-0.15258642	0.23187926	-0.0866662	0.077571064	-0.08181256	0.096794255	-0.10390544	0.09294605	-0.10730054	0.07775506	-0.10433575	0.074856244	-0.0778362	0.06801913	-0.081444375	0.06269825	-0.051030617	0.09555043	-0.045047004	0.06669394
0.11824727	-0.30753812	0.20433833	-0.3166015	0.22461835	-0.13329355	0.2205698	-0.3117743	0.99999964	-0.4357267	0.20524408	-0.3535465	0.16371618	-0.17257342	0.21560319	-0.16686979	0.17436442	-0.19102132	0.22799349	-0.2186468	0.17842647	-0.15898696	0.16366218	-0.15361278	0.17647716	-0.13745911	0.1066169	-0.25952765	0.11819116	-0.18088639
-0.058743626	0.12746097	-0.094368055	0.22124371	-0.31250793	0.06289034	-0.10233876	0.11368987	-0.4357267	0.9999992	-0.13087976	0.1579464	-0.17505223	0.16695522	-0.6112494	0.10406527	-0.13468507	0.13534519	-0.34695488	0.28423828	-0.12192495	0.10482321	-0.12356165	0.13152094	-0.16178857	0.085292876	-0.070693806	0.15039499	-0.07324092	0.10785382
0.12201728	-0.2134936	0.12468992	-0.072270624	0.07038886	-0.14508098	0.18827853	-0.15258642	0.20524408	-0.13087976	0.99999917	-0.4231478	0.13948733	-0.13337924	0.10083177	-0.6562467	0.24422283	-0.24385874	0.14861353	-0.10757048	0.27613574	-0.21234599	0.16624865	-0.13878503	0.14698891	-0.18108836	0.13141821	-0.20751525	0.09436807	-0.14067993
-0.15190801	0.28571105	-0.22306772	0.09933256	-0.10097079	0.14523102	-0.582426	0.23187926	-0.3535465	0.1579464	-0.4231478	0.99999905	-0.17998442	0.14530934	-0.129716	0.21513444	-0.23149115	0.1845282	-0.1872327	0.124229714	-0.21474957	0.14133613	-0.14368123	0.12084237	-0.14428318	0.11709753	-0.09615092	0.15895192	-0.07577479	0.1106049
0.052695826	-0.11214169	0.0710264	-0.07560813	0.07242631	-0.05695008	0.096398465	-0.0866662	0.16371618	-0.17505223	0.13948733	-0.17998442	0.9999987	-0.80245525	0.14283358	-0.12480205	0.21433039	-0.36096245	0.24014758	-0.17564891	0.124068245	-0.105348885	0.117266394	-0.11487103	0.120078355	-0.084955476	0.06854786	-0.13656971	0.064334735	-0.095336206
-0.048296463	0.097596936	-0.065045	0.07359135	-0.073419906	0.051307485	-0.08577161	0.077571064	-0.17257342	0.16695522	-0.13337924	0.14530934	-0.80245525	0.9999986	-0.17387198	0.11339008	-0.20954949	0.22239323	-0.39060462	0.18720731	-0.12075869	0.09822161	-0.11512832	0.1171024	-0.12601829	0.0784273	-0.065006636	0.12489706	-0.06026403	0.0881777
0.04508731	-0.10056818	0.065971866	-0.14063407	0.14182019	-0.049434002	0.07767684	-0.08181256	0.21560319	-0.6112494	0.10083177	-0.129716	0.14283358	-0.17387198	0.9999984	-0.084542945	0.10589267	-0.118005015	0.2831227	-0.6356887	0.097157486	-0.08922458	0.10270756	-0.11858911	0.13537242	-0.07250802	0.05879863	-0.13467804	0.06451509	-0.09686342
-0.07979725	0.12939611	-0.08227381	0.0572566	-0.056936923	0.085357174	-0.120080754	0.096794255	-0.16686979	0.10406527	-0.6562467	0.21513444	-0.12480205	0.11339008	-0.084542945	0.99999857	-0.37548465	0.22870907	-0.1296863	0.0892376	-0.5000551	0.200812	-0.1604207	0.120289855	-0.13026889	0.16107985	-0.12837872	0.16044049	-0.074709065	0.1085955
0.07035514	-0.1398982	0.08558523	-0.06783037	0.06593091	-0.07713579	0.119962424	-0.10390544	0.17436442	-0.13468507	0.24422283	-0.23149115	0.21433039	-0.20954949	0.10589267	-0.37548465	0.99999875	-0.7614961	0.16449173	-0.11850412	0.21241009	-0.16706273	0.16150981	-0.13010946	0.13624154	-0.13336714	0.10391633	-0.17153123	0.07938769	-0.11654542
-0.0654893	0.11979008	-0.0789988	0.06969715	-0.06989533	0.068978794	-0.107730485	0.09294605	-0.19102132	0.13534519	-0.24385874	0.1845282	-0.36096245	0.22239323	-0.118005015	0.22870907	-0.7614961	0.99999857	-0.20003173	0.12572856	-0.2117894	0.1535833	-0.1913992	0.1357761	-0.14816664	0.118668094	-0.100031026	0.15968144	-0.076248825	0.10930438
0.06293807	-0.13895237	0.08652115	-0.12897074	0.12178014	-0.0693723	0.10751567	-0.10730054	0.22799349	-0.34695488	0.14861353	-0.1872327	0.24014758	-0.39060462	0.2831227	-0.1296863	0.16449173	-0.20003173	0.9999984	-0.5969597	0.14954253	-0.1461188	0.17368269	-0.25521082	0.21368887	-0.114850804	0.09329957	-0.21123281	0.10144579	-0.15129937
-0.044495057	0.09458992	-0.064286925	0.10600088	-0.11494809	0.048013594	-0.075763516	0.07775506	-0.2186468	0.28423828	-0.10757048	0.124229714	-0.17564891	0.18720731	-0.6356887	0.0892376	-0.11850412	0.12572856	-0.5969597	0.99999845	-0.10675882	0.09798224	-0.122510135	0.15249532	-0.19132248	0.076947466	-0.06435005	0.1400848	-0.06989052	0.10283867
0.07361302	-0.14183432	0.08575869	-0.06516133	0.064059705	-0.08165181	0.115998186	-0.10433575	0.17842647	-0.12192495	0.27613574	-0.21474957	0.124068245	-0.12075869	0.097157486	-0.5000551	0.21241009	-0.2117894	0.14954253	-0.10675882	0.99999833	-0.5099455	0.24863003	-0.19233938	0.18474169	-0.36695248	0.24650376	-0.26354563	0.11853939	-0.17377764
-0.054158367	0.09722188	-0.06319043	0.05594721	-0.05627933	0.05753266	-0.082688905	0.074856244	-0.15898696	0.10482321	-0.21234599	0.14133613	-0.105348885	0.09822161	-0.08922458	0.200812	-0.16706273	0.1535833	-0.1461188	0.09798224	-0.5099455	0.99999833	-0.5227274	0.21832694	-0.22436239	0.2893924	-0.45500356	0.22132756	-0.107370414	0.14345421
0.05300096	-0.10168022	0.06475119	-0.062113907	0.06165128	-0.057245843	0.08297045	-0.0778362	0.16366218	-0.12356165	0.16624865	-0.14368123	0.117266394	-0.11512832	0.10270756	-0.1604207	0.16150981	-0.1913992	0.17368269	-0.122510135	0.24863003	-0.5227274	0.9999985	-0.5312058	0.29320306	-0.21925026	0.1991569	-0.40136993	0.16543299	-0.2237402
-0.045344446	0.08735058	-0.05672027	0.061747003	-0.061348185	0.048579026	-0.07133028	0.06801913	-0.15361278	0.13152094	-0.13878503	0.12084237	-0.11487103	0.1171024	-0.11858911	0.120289855	-0.13010946	0.1357761	-0.25521082	0.15249532	-0.19233938	0.21832694	-0.5312058	0.9999985	-0.69046736	0.13783473	-0.13444419	0.24890687	-0.1446466	0.19023651
0.053216737	-0.10582204	0.06724478	-0.07442138	0.0727918	-0.05773715	0.08416936	-0.081444375	0.17647716	-0.16178857	0.14698891	-0.14428318	0.120078355	-0.12601829	0.13537242	-0.13026889	0.13624154	-0.14816664	0.21368887	-0.19132248	0.18474169	-0.22436239	0.29320306	-0.69046736	0.99999833	-0.1569766	0.1329306	-0.3843307	0.20423381	-0.34396487
-0.04576283	0.08087126	-0.053198647	0.04687231	-0.0474782	0.0483046	-0.06926323	0.06269825	-0.13745911	0.085292876	-0.18108836	0.11709753	-0.084955476	0.0784273	-0.07250802	0.16107985	-0.13336714	0.118668094	-0.114850804	0.076947466	-0.36695248	0.2893924	-0.21925026	0.13783473	-0.1569766	0.99999815	-0.8105446	0.16287346	-0.0794896	0.10678907
0.03627632	-0.06666184	0.042819843	-0.037828717	0.037914556	-0.038854875	0.055711035	-0.051030617	0.1066169	-0.070693806	0.13141821	-0.09615092	0.06854786	-0.065006636	0.05879863	-0.12837872	0.10391633	-0.100031026	0.09329957	-0.06435005	0.24650376	-0.45500356	0.1991569	-0.13444419	0.1329306	-0.8105446	0.99999833	-0.16752833	0.076280534	-0.10368127
-0.06619972	0.11728509	-0.08207329	0.08473857	-0.08792711	0.06844112	-0.099446274	0.09555043	-0.25952765	0.15039499	-0.20751525	0.15895192	-0.13656971	0.12489706	-0.13467804	0.16044049	-0.17153123	0.15968144	-0.21123281	0.1400848	-0.26354563	0.22132756	-0.40136993	0.24890687	-0.3843307	0.16287346	-0.16752833	0.99999857	-0.53320515	0.3131113
0.030903945	-0.055851858	0.038437746	-0.039967075	0.04108967	-0.032214053	0.046803415	-0.045047004	0.11819116	-0.07324092	0.09436807	-0.07577479	0.064334735	-0.06026403	0.06451509	-0.074709065	0.07938769	-0.076248825	0.10144579	-0.06989052	0.11853939	-0.107370414	0.16543299	-0.1446466	0.20423381	-0.0794896	0.076280534	-0.53320515	0.9999986	-0.77604353
-0.045903634	0.08192762	-0.05718295	0.05988135	-0.061981753	0.047542512	-0.069121696	0.06669394	-0.18088639	0.10785382	-0.14067993	0.1106049	-0.095336206	0.0881777	-0.09686342	0.1085955	-0.11654542	0.10930438	-0.15129937	0.10283867	-0.17377764	0.14345421	-0.2237402	0.19023651	-0.34396487	0.10678907	-0.10368127	0.3131113	-0.77604353	0.9999986
