1.0	-0.58972836	0.23142724	-0.23543677	0.12555635	-0.66116387	0.28951183	-0.17390712	0.13215043	-0.106807426	0.15815407	-0.1495616	0.13875602	-0.10219278	0.09654836	-0.11174908	0.10225267	-0.097948626	0.10303407	-0.09330159	0.09053954	-0.079455584	0.07645414	-0.08868653	0.08357138	-0.13959414	0.04288197	-0.04595201	0.048051126	-0.04340322
-0.58972836	0.9999998	-0.5232752	0.26759765	-0.16667883	0.292182	-0.3983011	0.20698747	-0.17048387	0.1283217	-0.20298943	0.17525916	-0.17748553	0.12578411	-0.12055308	0.12929004	-0.12398071	0.11673429	-0.12799822	0.11074715	-0.10721712	0.09334347	-0.09156342	0.10448605	-0.10232212	0.1550009	-0.050256785	0.053379364	-0.05829903	0.052019387
0.23142724	-0.5232752	0.99999976	-0.6575473	0.20696363	-0.21081771	0.2338245	-0.31506142	0.19358887	-0.16837436	0.17609952	-0.15794592	0.18947731	-0.14132814	0.13585699	-0.13310418	0.121916465	-0.123461224	0.13439152	-0.1286037	0.11060635	-0.09792836	0.09578578	-0.11397114	0.10980642	-0.17008883	0.053000472	-0.056862764	0.062147737	-0.056521967
-0.23543677	0.26759765	-0.6575473	0.9999995	-0.41778642	0.18794164	-0.27047214	0.24867868	-0.26074272	0.22756556	-0.22691324	0.1791363	-0.22011799	0.175167	-0.18881941	0.15657987	-0.14958335	0.14892168	-0.17259665	0.16165215	-0.13539612	0.11816018	-0.118965186	0.13960789	-0.14477827	0.19285725	-0.06418004	0.06807379	-0.08036562	0.071761854
0.12555635	-0.16667883	0.20696363	-0.41778642	0.9999994	-0.13299988	0.16783138	-0.2246074	0.24359287	-0.7105893	0.17392495	-0.14981313	0.18389493	-0.19767386	0.25852606	-0.16465604	0.14339194	-0.15773214	0.17183793	-0.2529898	0.14096542	-0.12957437	0.12742221	-0.16979913	0.16644819	-0.23283325	0.07049716	-0.07684283	0.09024218	-0.086518064
-0.66116387	0.292182	-0.21081771	0.18794164	-0.13299988	0.9999994	-0.5762659	0.18410611	-0.15230526	0.10937844	-0.22108892	0.1956993	-0.17067657	0.11711085	-0.10823975	0.12982279	-0.12619376	0.11387075	-0.12167	0.10137931	-0.105156034	0.091476396	-0.088647485	0.09939751	-0.095289834	0.15114312	-0.048883066	0.05188269	-0.054832503	0.04884005
0.28951183	-0.3983011	0.2338245	-0.27047214	0.16783138	-0.5762659	0.9999995	-0.3099675	0.20131762	-0.15174145	0.26780674	-0.4042787	0.2375629	-0.165618	0.14514105	-0.19608787	0.17970096	-0.16698797	0.1649161	-0.14375757	0.14946203	-0.13399777	0.12518409	-0.14320675	0.12952237	-0.23278663	0.07065998	-0.07604647	0.075311966	-0.06823703
-0.17390712	0.20698747	-0.31506142	0.24867868	-0.2246074	0.18410611	-0.3099675	0.99999964	-0.48633632	0.2009083	-0.28891838	0.2591729	-0.58301324	0.27724424	-0.21030116	0.19903985	-0.19739118	0.20583247	-0.24226102	0.18274732	-0.16475861	0.14721775	-0.14748631	0.16820493	-0.16328041	0.23183438	-0.07811215	0.08300193	-0.091995366	0.082421236
0.13215043	-0.17048387	0.19358887	-0.26074272	0.24359287	-0.15230526	0.20131762	-0.48633632	0.9999997	-0.33933413	0.22333308	-0.21152723	0.30049574	-0.55078673	0.26404402	-0.22336648	0.19662876	-0.24999082	0.26994345	-0.24950165	0.17939955	-0.16792767	0.16471769	-0.20659184	0.18635434	-0.28545243	0.088976905	-0.09691669	0.104566045	-0.09784475
-0.106807426	0.1283217	-0.16837436	0.22756556	-0.7105893	0.10937844	-0.15174145	0.2009083	-0.33933413	0.9999996	-0.16418855	0.13784905	-0.1865299	0.21897233	-0.44791383	0.14490452	-0.13433574	0.14962268	-0.18213087	0.23846485	-0.12674978	0.11617707	-0.11915635	0.15387546	-0.17502347	0.18870041	-0.06265205	0.067337185	-0.08849069	0.08194049
0.15815407	-0.20298943	0.17609952	-0.22691324	0.17392495	-0.22108892	0.26780674	-0.28891838	0.22333308	-0.16418855	0.99999964	-0.63726586	0.27963609	-0.20540491	0.17276902	-0.37486738	0.26738304	-0.23786932	0.21372253	-0.18007344	0.22931994	-0.19999266	0.1777234	-0.19783652	0.16794777	-0.37092417	0.10429381	-0.11308092	0.100133784	-0.09083315
-0.1495616	0.17525916	-0.15794592	0.1791363	-0.14981313	0.1956993	-0.4042787	0.2591729	-0.21152723	0.13784905	-0.63726586	0.9999994	-0.43746755	0.19507055	-0.15307714	0.24590914	-0.32630283	0.21003833	-0.20199788	0.14610703	-0.17658411	0.16165988	-0.14898853	0.15550461	-0.13876645	0.23636131	-0.080028914	0.08457455	-0.08100697	0.07227104
0.13875602	-0.17748553	0.18947731	-0.22011799	0.18389493	-0.17067657	0.2375629	-0.58301324	0.30049574	-0.1865299	0.27963609	-0.43746755	0.99999946	-0.41458842	0.20677876	-0.23465845	0.22116712	-0.26746103	0.2517637	-0.19865549	0.17803997	-0.16715582	0.16073683	-0.18609884	0.16442993	-0.26965854	0.08603616	-0.093032	0.094231315	-0.08640656
-0.10219278	0.12578411	-0.14132814	0.175167	-0.19767386	0.11711085	-0.165618	0.27724424	-0.55078673	0.21897233	-0.20540491	0.19507055	-0.41458842	0.9999992	-0.38490433	0.18870938	-0.19011322	0.24817768	-0.48695317	0.23199837	-0.15562026	0.14795886	-0.1541803	0.18614414	-0.18024711	0.2200198	-0.07659184	0.08214414	-0.09649277	0.08819512
0.09654836	-0.12055308	0.13585699	-0.18881941	0.25852606	-0.10823975	0.14514105	-0.21030116	0.26404402	-0.44791383	0.17276902	-0.15307714	0.20677876	-0.38490433	0.9999992	-0.17410894	0.15738998	-0.18869705	0.22285165	-0.6226653	0.15154089	-0.1470617	0.14995688	-0.21954262	0.2446324	-0.23261143	0.07771145	-0.08483796	0.117375046	-0.1177879
-0.11174908	0.12929004	-0.13310418	0.15657987	-0.16465604	0.12982279	-0.19608787	0.19903985	-0.22336648	0.14490452	-0.37486738	0.24590914	-0.23465845	0.18870938	-0.17410894	0.99999917	-0.568637	0.27069578	-0.26913112	0.16746427	-0.51115763	0.26886404	-0.24242778	0.2106743	-0.1909857	0.3005755	-0.1267294	0.12620008	-0.11444636	0.09738471
0.10225267	-0.12398071	0.121916465	-0.14958335	0.14339194	-0.12619376	0.17970096	-0.19739118	0.19662876	-0.13433574	0.26738304	-0.32630283	0.22116712	-0.19011322	0.15738998	-0.568637	0.99999946	-0.50440073	0.2635315	-0.16211534	0.276475	-0.3610738	0.24578045	-0.2205985	0.17056665	-0.2867277	0.12333969	-0.13025048	0.103081174	-0.090900354
-0.097948626	0.11673429	-0.123461224	0.14892168	-0.15773214	0.11387075	-0.16698797	0.20583247	-0.24999082	0.14962268	-0.23786932	0.21003833	-0.26746103	0.24817768	-0.18869705	0.27069578	-0.50440073	0.99999946	-0.60542226	0.17842777	-0.23284343	0.24149533	-0.32695332	0.23256749	-0.19034031	0.24547735	-0.11291694	0.116437525	-0.112092905	0.09681959
0.10303407	-0.12799822	0.13439152	-0.17259665	0.17183793	-0.12167	0.1649161	-0.24226102	0.26994345	-0.18213087	0.21372253	-0.20199788	0.2517637	-0.48695317	0.22285165	-0.26913112	0.2635315	-0.60542226	0.9999992	-0.23418212	0.20467617	-0.21273993	0.2224994	-0.2859408	0.20019269	-0.2813861	0.10326259	-0.11228139	0.11691485	-0.10684567
-0.09330159	0.11074715	-0.1286037	0.16165215	-0.2529898	0.10137931	-0.14375757	0.18274732	-0.24950165	0.23846485	-0.18007344	0.14610703	-0.19865549	0.23199837	-0.6226653	0.16746427	-0.16211534	0.17842777	-0.23418212	0.9999993	-0.15909505	0.15067494	-0.17022185	0.24199428	-0.5228335	0.21259512	-0.08111384	0.08631508	-0.17015268	0.15869594
0.09053954	-0.10721712	0.11060635	-0.13539612	0.14096542	-0.105156034	0.14946203	-0.16475861	0.17939955	-0.12674978	0.22931994	-0.17658411	0.17803997	-0.15562026	0.15154089	-0.51115763	0.276475	-0.23284343	0.20467617	-0.15909505	0.9999994	-0.48487493	0.2626564	-0.24719779	0.18380474	-0.5542183	0.15885401	-0.1696146	0.11414435	-0.09999966
-0.079455584	0.09334347	-0.09792836	0.11816018	-0.12957437	0.091476396	-0.13399777	0.14721775	-0.16792767	0.11617707	-0.19999266	0.16165988	-0.16715582	0.14795886	-0.1470617	0.26886404	-0.3610738	0.24149533	-0.21273993	0.15067494	-0.48487493	0.9999995	-0.61442137	0.25999242	-0.20453985	0.27188227	-0.24785805	0.2018725	-0.12563202	0.10345921
0.07645414	-0.09156342	0.09578578	-0.118965186	0.12742221	-0.088647485	0.12518409	-0.14748631	0.16471769	-0.11915635	0.1777234	-0.14898853	0.16073683	-0.1541803	0.14995688	-0.24242778	0.24578045	-0.32695332	0.2224994	-0.17022185	0.2626564	-0.61442137	0.99999946	-0.51253325	0.22252928	-0.27700922	0.18352707	-0.22009335	0.14108232	-0.12340741
-0.08868653	0.10448605	-0.11397114	0.13960789	-0.16979913	0.09939751	-0.14320675	0.16820493	-0.20659184	0.15387546	-0.19783652	0.15550461	-0.18609884	0.18614414	-0.21954262	0.2106743	-0.2205985	0.23256749	-0.2859408	0.24199428	-0.24719779	0.25999242	-0.51253325	0.99999917	-0.52568984	0.24932282	-0.13532032	0.13793418	-0.30935967	0.22266844
0.08357138	-0.10232212	0.10980642	-0.14477827	0.16644819	-0.095289834	0.12952237	-0.16328041	0.18635434	-0.17502347	0.16794777	-0.13876645	0.16442993	-0.18024711	0.2446324	-0.1909857	0.17056665	-0.19034031	0.20019269	-0.5228335	0.18380474	-0.20453985	0.22252928	-0.52568984	0.99999905	-0.2698793	0.10376737	-0.115685545	0.25867775	-0.3725884
-0.13959414	0.1550009	-0.17008883	0.19285725	-0.23283325	0.15114312	-0.23278663	0.23183438	-0.28545243	0.18870041	-0.37092417	0.23636131	-0.26965854	0.2200198	-0.23261143	0.3005755	-0.2867277	0.24547735	-0.2813861	0.21259512	-0.5542183	0.27188227	-0.27700922	0.24932282	-0.2698793	0.9999988	-0.1914639	0.16874035	-0.16172698	0.13185158
0.04288197	-0.050256785	0.053000472	-0.06418004	0.07049716	-0.048883066	0.07065998	-0.07811215	0.088976905	-0.06265205	0.10429381	-0.080028914	0.08603616	-0.07659184	0.07771145	-0.1267294	0.12333969	-0.11291694	0.10326259	-0.08111384	0.15885401	-0.24785805	0.18352707	-0.13532032	0.10376737	-0.1914639	0.9999992	-0.9213327	0.071893916	-0.06126171
-0.04595201	0.053379364	-0.056862764	0.06807379	-0.07684283	0.05188269	-0.07604647	0.08300193	-0.09691669	0.067337185	-0.11308092	0.08457455	-0.093032	0.08214414	-0.08483796	0.12620008	-0.13025048	0.116437525	-0.11228139	0.08631508	-0.1696146	0.2018725	-0.22009335	0.13793418	-0.115685545	0.16874035	-0.9213327	0.99999917	-0.08112499	0.066062205
0.048051126	-0.05829903	0.062147737	-0.08036562	0.09024218	-0.054832503	0.075311966	-0.091995366	0.104566045	-0.08849069	0.100133784	-0.08100697	0.094231315	-0.09649277	0.117375046	-0.11444636	0.103081174	-0.112092905	0.11691485	-0.17015268	0.11414435	-0.12563202	0.14108232	-0.30935967	0.25867775	-0.16172698	0.071893916	-0.08112499	0.9999992	-0.8718342
-0.04340322	0.052019387	-0.056521967	0.071761854	-0.086518064	0.04884005	-0.06823703	0.082421236	-0.09784475	0.08194049	-0.09083315	0.07227104	-0.08640656	0.08819512	-0.1177879	0.09738471	-0.090900354	0.09681959	-0.10684567	0.15869594	-0.09999966	0.10345921	-0.12340741	0.22266844	-0.3725884	0.13185158	-0.06126171	0.066062205	-0.8718342	0.9999992
