1.0000001	-0.08601914	0.06580431	-0.05412148	0.060439937	-0.9434439	0.07189194	-0.07321765	0.036753237	-0.0360639	0.17944399	-0.14591052	0.08678711	-0.0574974	0.044490416	-0.1669898	0.10744225	-0.07760062	0.08076938	-0.07006588	0.038440015	-0.056464836	0.050183475	-0.050506238	0.038255323	-0.04085097	0.058037866	-0.05297956	0.04766181	-0.054668296
-0.08601914	1.0000004	-0.88672644	0.254619	-0.31977174	0.072991565	-0.05734699	0.052721187	-0.13852699	0.11576648	-0.04178695	0.04084142	-0.057343774	0.08174658	-0.07358278	0.039882455	-0.038455207	0.04609906	-0.07649125	0.06805155	-0.024203304	0.034926176	-0.03481604	0.0374242	-0.03645584	0.025935156	-0.047040075	0.038667608	-0.038616158	0.047510948
0.06580431	-0.88672644	1.0000005	-0.36289117	0.23253874	-0.06318452	0.046005163	-0.045514222	0.119813375	-0.103882775	0.03400238	-0.033539955	0.0458771	-0.070287846	0.061230853	-0.032902263	0.031089202	-0.03718931	0.05992613	-0.056144547	0.019232508	-0.027920604	0.027698414	-0.029865704	0.029682212	-0.02067384	0.036942314	-0.030860538	0.030606374	-0.03886595
-0.05412148	0.254619	-0.36289117	1.0000006	-0.72914726	0.049077615	-0.04337931	0.04144319	-0.41251573	0.2712648	-0.048957888	0.05043649	-0.08706922	0.16304512	-0.15097924	0.048000045	-0.051437967	0.06919333	-0.12589306	0.11780122	-0.037118662	0.053395875	-0.05434281	0.05931379	-0.06214816	0.039804026	-0.07495906	0.060819484	-0.062015776	0.07876377
0.060439937	-0.31977174	0.23253874	-0.72914726	1.0000008	-0.05796775	0.047509413	-0.046787757	0.28955236	-0.42563167	0.053389598	-0.055833254	0.092231736	-0.2001584	0.16805139	-0.053794716	0.055899315	-0.07567038	0.12972918	-0.14929874	0.04050631	-0.05939847	0.059479754	-0.06625958	0.07515027	-0.044110384	0.07953927	-0.06872577	0.06799775	-0.09945686
-0.9434439	0.072991565	-0.06318452	0.049077615	-0.05796775	1.000001	-0.07432179	0.0686348	-0.03395346	0.032982945	-0.22433072	0.1319671	-0.08332543	0.051281705	-0.040238418	0.14470157	-0.103489466	0.07114655	-0.07644455	0.061487753	-0.034932274	0.051009152	-0.04610799	0.045746665	-0.033917263	0.036638804	-0.053794913	0.0475359	-0.043612197	0.047862824
0.07189194	-0.05734699	0.046005163	-0.04337931	0.047509413	-0.07432179	1.0000008	-0.9646356	0.036032993	-0.035300627	0.086496904	-0.12044615	0.13673975	-0.0646198	0.047900185	-0.07912315	0.087716684	-0.1088352	0.08597109	-0.07376606	0.034343816	-0.053838633	0.051083036	-0.05140928	0.03944318	-0.037122782	0.054227605	-0.051676203	0.046685424	-0.056224316
-0.07321765	0.052721187	-0.045514222	0.04144319	-0.046787757	0.0686348	-0.9646356	1.0000011	-0.03525854	0.03394864	-0.08708148	0.10813319	-0.16000882	0.06113908	-0.046201624	0.07531724	-0.08807335	0.104748115	-0.0868936	0.0683911	-0.03320209	0.051455352	-0.04977677	0.049277164	-0.03696304	0.035395496	-0.05293329	0.049031828	-0.045096885	0.05200961
0.036753237	-0.13852699	0.119813375	-0.41251573	0.28955236	-0.03395346	0.036032993	-0.03525854	1.0000007	-0.77767706	0.043113977	-0.046876494	0.0888727	-0.30562824	0.22199452	-0.043099284	0.04765776	-0.07036766	0.120529674	-0.13776538	0.033488013	-0.04924943	0.05091872	-0.056386154	0.06797331	-0.035981532	0.0668761	-0.056024466	0.057960626	-0.08222552
-0.0360639	0.11576648	-0.103882775	0.2712648	-0.42563167	0.032982945	-0.035300627	0.03394864	-0.77767706	1.0000006	-0.04422973	0.04753847	-0.09104104	0.23779339	-0.30174464	0.043897945	-0.049117107	0.07146719	-0.12968947	0.14253813	-0.03511416	0.05132109	-0.053310458	0.059078507	-0.07246529	0.03762272	-0.07109201	0.058428556	-0.061360285	0.0840734
0.17944399	-0.04178695	0.03400238	-0.048957888	0.053389598	-0.22433072	0.086496904	-0.08708148	0.043113977	-0.04422973	1.0000007	-0.60953134	0.19213049	-0.093779966	0.06999302	-0.63565916	0.31784192	-0.17673574	0.1430978	-0.1148472	0.082004406	-0.11751104	0.09940557	-0.09409928	0.06324713	-0.082843676	0.106476665	-0.09521325	0.085733004	-0.089766
-0.14591052	0.04084142	-0.033539955	0.05043649	-0.055833254	0.1319671	-0.12044615	0.10813319	-0.046876494	0.04753847	-0.60953134	1.0000004	-0.33136743	0.104097284	-0.07902371	0.32563952	-0.587327	0.22258815	-0.17326015	0.12140605	-0.08526647	0.13151455	-0.11721916	0.10453541	-0.06765496	0.08331928	-0.11892141	0.10162051	-0.095502906	0.094047114
0.08678711	-0.057343774	0.0458771	-0.08706922	0.092231736	-0.08332543	0.13673975	-0.16000882	0.0888727	-0.09104104	0.19213049	-0.33136743	1.0000002	-0.24957144	0.16032447	-0.21001513	0.24086727	-0.7188102	0.28460506	-0.24397852	0.103503644	-0.17782079	0.17949192	-0.1771078	0.12699975	-0.112915926	0.15922797	-0.16308004	0.14642428	-0.18062341
-0.0574974	0.08174658	-0.070287846	0.16304512	-0.2001584	0.051281705	-0.0646198	0.06113908	-0.30562824	0.23779339	-0.093779966	0.104097284	-0.24957144	1.0000002	-0.7482482	0.09149861	-0.1080477	0.1684982	-0.30108592	0.26729223	-0.072891474	0.10685886	-0.11456893	0.12369415	-0.14612554	0.07691986	-0.14673999	0.1173687	-0.12763946	0.15566058
0.044490416	-0.07358278	0.061230853	-0.15097924	0.16805139	-0.040238418	0.047900185	-0.046201624	0.22199452	-0.30174464	0.06999302	-0.07902371	0.16032447	-0.7482482	0.99999994	-0.07098812	0.08114795	-0.12944344	0.22017628	-0.43284982	0.05794745	-0.08648327	0.091442674	-0.10394114	0.15891427	-0.061956562	0.114579275	-0.097551525	0.10500547	-0.1799611
-0.1669898	0.039882455	-0.032902263	0.048000045	-0.053794716	0.14470157	-0.07912315	0.07531724	-0.043099284	0.043897945	-0.63565916	0.32563952	-0.21001513	0.09149861	-0.07098812	1.0000001	-0.62038374	0.18491651	-0.16665003	0.11227755	-0.10927409	0.13956767	-0.11867253	0.10409294	-0.064122476	0.09754111	-0.12995183	0.10382273	-0.098178536	0.08865254
0.10744225	-0.038455207	0.031089202	-0.051437967	0.055899315	-0.103489466	0.087716684	-0.08807335	0.04765776	-0.049117107	0.31784192	-0.587327	0.24086727	-0.1080477	0.08114795	-0.62038374	0.9999999	-0.29667294	0.18115407	-0.13373606	0.10755435	-0.19045557	0.1400473	-0.12312536	0.074868314	-0.104692854	0.13622506	-0.118124835	0.1085644	-0.10493258
-0.07760062	0.04609906	-0.03718931	0.06919333	-0.07567038	0.07114655	-0.1088352	0.104748115	-0.07036766	0.07146719	-0.17673574	0.22258815	-0.7188102	0.1684982	-0.12944344	0.18491651	-0.29667294	0.9999995	-0.45621878	0.19757237	-0.10215351	0.17340389	-0.23440774	0.18057688	-0.10853441	0.105318144	-0.15539531	0.15117975	-0.14645825	0.14778922
0.08076938	-0.07649125	0.05992613	-0.12589306	0.12972918	-0.07644455	0.08597109	-0.0868936	0.120529674	-0.12968947	0.1430978	-0.17326015	0.28460506	-0.30108592	0.22017628	-0.16665003	0.18115407	-0.45621878	0.9999996	-0.4811581	0.1335363	-0.22437343	0.22702384	-0.32298842	0.2272333	-0.15041496	0.2250077	-0.24805729	0.22861974	-0.32775572
-0.07006588	0.06805155	-0.056144547	0.11780122	-0.14929874	0.061487753	-0.07376606	0.0683911	-0.13776538	0.14253813	-0.1148472	0.12140605	-0.24397852	0.26729223	-0.43284982	0.11227755	-0.13373606	0.19757237	-0.4811581	0.9999996	-0.10494829	0.15129596	-0.16818902	0.19271012	-0.48917478	0.10990432	-0.21951808	0.172683	-0.20563212	0.29766524
0.038440015	-0.024203304	0.019232508	-0.037118662	0.04050631	-0.034932274	0.034343816	-0.03320209	0.033488013	-0.03511416	0.082004406	-0.08526647	0.103503644	-0.072891474	0.05794745	-0.10927409	0.10755435	-0.10215351	0.1335363	-0.10494829	0.9999993	-0.45971173	0.20393853	-0.17048517	0.06928366	-0.78937894	0.26742563	-0.18839699	0.15008198	-0.09420638
-0.056464836	0.034926176	-0.027920604	0.053395875	-0.05939847	0.051009152	-0.053838633	0.051455352	-0.04924943	0.05132109	-0.11751104	0.13151455	-0.17782079	0.10685886	-0.08648327	0.13956767	-0.19045557	0.17340389	-0.22437343	0.15129596	-0.45971173	0.99999875	-0.5827867	0.26746085	-0.10490297	0.27697024	-0.42024657	0.24683899	-0.260691	0.13583955
0.050183475	-0.03481604	0.027698414	-0.05434281	0.059479754	-0.04610799	0.051083036	-0.04977677	0.05091872	-0.053310458	0.09940557	-0.11721916	0.17949192	-0.11456893	0.091442674	-0.11867253	0.1400473	-0.23440774	0.22702384	-0.16818902	0.20393853	-0.5827867	0.99999905	-0.58261067	0.12268709	-0.2107839	0.26075268	-0.3106819	0.271417	-0.15729253
-0.050506238	0.0374242	-0.029865704	0.05931379	-0.06625958	0.045746665	-0.05140928	0.049277164	-0.056386154	0.059078507	-0.09409928	0.10453541	-0.1771078	0.12369415	-0.10394114	0.10409294	-0.12312536	0.18057688	-0.32298842	0.19271012	-0.17048517	0.26746085	-0.58261067	0.999999	-0.18273628	0.1610252	-0.289222	0.28727537	-0.564251	0.19278549
0.038255323	-0.03645584	0.029682212	-0.06214816	0.07515027	-0.033917263	0.03944318	-0.03696304	0.06797331	-0.07246529	0.06324713	-0.06765496	0.12699975	-0.14612554	0.15891427	-0.064122476	0.074868314	-0.10853441	0.2272333	-0.48917478	0.06928366	-0.10490297	0.12268709	-0.18273628	0.9999988	-0.07287879	0.13819933	-0.12701477	0.16085842	-0.78769803
-0.04085097	0.025935156	-0.02067384	0.039804026	-0.044110384	0.036638804	-0.037122782	0.035395496	-0.035981532	0.03762272	-0.082843676	0.08331928	-0.112915926	0.07691986	-0.061956562	0.09754111	-0.104692854	0.105318144	-0.15041496	0.10990432	-0.78937894	0.27697024	-0.2107839	0.1610252	-0.07287879	0.9999987	-0.4431347	0.19598214	-0.17272775	0.09809402
0.058037866	-0.047040075	0.036942314	-0.07495906	0.07953927	-0.053794913	0.054227605	-0.05293329	0.0668761	-0.07109201	0.106476665	-0.11892141	0.15922797	-0.14673999	0.114579275	-0.12995183	0.13622506	-0.15539531	0.2250077	-0.21951808	0.26742563	-0.42024657	0.26075268	-0.289222	0.13819933	-0.4431347	0.9999986	-0.55999696	0.27827868	-0.19884576
-0.05297956	0.038667608	-0.030860538	0.060819484	-0.06872577	0.0475359	-0.051676203	0.049031828	-0.056024466	0.058428556	-0.09521325	0.10162051	-0.16308004	0.1173687	-0.097551525	0.10382273	-0.118124835	0.15117975	-0.24805729	0.172683	-0.18839699	0.24683899	-0.3106819	0.28727537	-0.12701477	0.19598214	-0.55999696	0.9999986	-0.62937444	0.16650711
0.04766181	-0.038616158	0.030606374	-0.062015776	0.06799775	-0.043612197	0.046685424	-0.045096885	0.057960626	-0.061360285	0.085733004	-0.095502906	0.14642428	-0.12763946	0.10500547	-0.098178536	0.1085644	-0.14645825	0.22861974	-0.20563212	0.15008198	-0.260691	0.271417	-0.564251	0.16085842	-0.17272775	0.27827868	-0.62937444	0.9999985	-0.23473506
-0.054668296	0.047510948	-0.03886595	0.07876377	-0.09945686	0.047862824	-0.056224316	0.05200961	-0.08222552	0.0840734	-0.089766	0.094047114	-0.18062341	0.15566058	-0.1799611	0.08865254	-0.10493258	0.14778922	-0.32775572	0.29766524	-0.09420638	0.13583955	-0.15729253	0.19278549	-0.78769803	0.09809402	-0.19884576	0.16650711	-0.23473506	0.9999985
