1.0000001	-0.35270867	0.11526675	-0.072631255	0.06436426	-0.79826975	0.25089127	-0.11165006	0.09109625	-0.073859826	0.24223442	-0.17205925	0.11950747	-0.07999003	0.06408668	-0.29786146	0.119895056	-0.11870895	0.080000035	-0.058926456	0.08319536	-0.0826182	0.08378264	-0.04095344	0.038548026	-0.096815325	0.030286267	-0.029484471	0.027194077	-0.023806462
-0.35270867	1.0000004	-0.17519523	0.08136808	-0.06399128	0.23287052	-0.87159145	0.1547421	-0.099434294	0.06933474	-0.104915924	0.09911501	-0.10215639	0.07012158	-0.054270104	0.11767376	-0.07074529	0.08383418	-0.06570006	0.048790608	-0.040809374	0.04780431	-0.04980818	0.027966784	-0.02660747	0.04662184	-0.017604878	0.017163618	-0.01819322	0.016323779
0.11526675	-0.17519523	1.0000004	-0.40301704	0.20319207	-0.11770342	0.16075465	-0.7297227	0.2860572	-0.23761082	0.10748267	-0.20928039	0.24990611	-0.19951488	0.14397903	-0.13549256	0.13982357	-0.21915181	0.16404796	-0.13464625	0.064292006	-0.09625616	0.09846233	-0.06510771	0.06133422	-0.07514678	0.034618687	-0.03425768	0.04086472	-0.037973553
-0.072631255	0.08136808	-0.40301704	1.0000002	-0.53518385	0.07044466	-0.08581836	0.24986902	-0.6107322	0.28962028	-0.07094516	0.13344929	-0.17804089	0.20658386	-0.17080794	0.0874297	-0.097684465	0.14404729	-0.18061553	0.14088185	-0.045122337	0.07001235	-0.07454923	0.05929034	-0.057432037	0.052054837	-0.026562111	0.026200112	-0.037066005	0.03495835
0.06436426	-0.06399128	0.20319207	-0.53518385	1.0000001	-0.06353068	0.06669556	-0.17601842	0.27505788	-0.7161439	0.0670379	-0.12789747	0.14756271	-0.19491152	0.20124859	-0.084470995	0.09222857	-0.1364039	0.16556324	-0.17861168	0.0443892	-0.07014376	0.073678836	-0.066599265	0.06366021	-0.051951952	0.02697484	-0.026839135	0.04050248	-0.039453607
-0.79826975	0.23287052	-0.11770342	0.07044466	-0.06353068	1.0	-0.30591866	0.108693644	-0.092020206	0.06961847	-0.36989683	0.1585183	-0.12063237	0.07739751	-0.06308794	0.24494745	-0.1171573	0.109197766	-0.07938407	0.05660338	-0.0733773	0.07578997	-0.08060184	0.038966548	-0.037249368	0.080237925	-0.02820822	0.027145194	-0.026114486	0.022724187
0.25089127	-0.87159145	0.16075465	-0.08581836	0.06669556	-0.30591866	1.0	-0.19571674	0.1027877	-0.075327665	0.121078245	-0.11549321	0.111036174	-0.07667848	0.05831047	-0.14260814	0.08030723	-0.09536474	0.0707178	-0.053246785	0.0473913	-0.054601427	0.056218307	-0.031101076	0.029431637	-0.05470314	0.019978222	-0.019516926	0.020214843	-0.01812406
-0.11165006	0.1547421	-0.7297227	0.24986902	-0.17601842	0.108693644	-0.19571674	0.9999999	-0.3759479	0.18066444	-0.100017816	0.18777384	-0.39193994	0.19902062	-0.13833961	0.11915076	-0.13575485	0.20148288	-0.17007117	0.12231997	-0.058206294	0.08832205	-0.09351131	0.060206175	-0.057691958	0.06616033	-0.03217798	0.031535458	-0.038330477	0.035159793
0.09109625	-0.099434294	0.2860572	-0.6107322	0.27505788	-0.092020206	0.1027877	-0.3759479	1.0000002	-0.35802245	0.095709175	-0.18897417	0.23134905	-0.39728203	0.206361	-0.1206575	0.13275838	-0.2046847	0.23092505	-0.19556189	0.0612691	-0.09605381	0.09966475	-0.08032404	0.07599833	-0.07165345	0.03572797	-0.035513427	0.049148727	-0.04704167
-0.073859826	0.06933474	-0.23761082	0.28962028	-0.7161439	0.06961847	-0.075327665	0.18066444	-0.35802245	1.0	-0.07383691	0.13522147	-0.17626946	0.22160785	-0.36978415	0.08999436	-0.10425253	0.14819445	-0.23113278	0.21563344	-0.049051616	0.078469545	-0.08613647	0.07937456	-0.07972277	0.056322545	-0.03128806	0.030769581	-0.050044592	0.0476647
0.24223442	-0.104915924	0.10748267	-0.07094516	0.0670379	-0.36989683	0.121078245	-0.100017816	0.095709175	-0.07383691	0.9999999	-0.35225543	0.16375415	-0.09372392	0.074984714	-0.773922	0.2044658	-0.16149214	0.09867705	-0.06763268	0.13312432	-0.121437095	0.12292321	-0.051769353	0.04899646	-0.14558099	0.043206505	-0.041494053	0.035100434	-0.029847633
-0.17205925	0.09911501	-0.20928039	0.13344929	-0.12789747	0.1585183	-0.11549321	0.18777384	-0.18897417	0.13522147	-0.35225543	0.99999976	-0.45740288	0.19111949	-0.15153943	0.26207134	-0.58971393	0.31262636	-0.20800541	0.13146022	-0.124236114	0.21134858	-0.2405918	0.09556034	-0.092465155	0.12693816	-0.07358586	0.06859939	-0.0650767	0.05478294
0.11950747	-0.10215639	0.24990611	-0.17804089	0.14756271	-0.12063237	0.111036174	-0.39193994	0.23134905	-0.17626946	0.16375415	-0.45740288	0.99999964	-0.37014556	0.17710406	-0.1981906	0.27209148	-0.54446995	0.2441409	-0.16739845	0.09575173	-0.16673672	0.17012024	-0.09107951	0.08497743	-0.10932079	0.055748027	-0.05499731	0.05779612	-0.052057013
-0.07999003	0.07012158	-0.19951488	0.20658386	-0.19491152	0.07739751	-0.07667848	0.19902062	-0.39728203	0.22160785	-0.09372392	0.19111949	-0.37014556	0.9999996	-0.39005265	0.11288036	-0.1506611	0.23055197	-0.6314722	0.27906576	-0.061088353	0.10341593	-0.11320249	0.10419771	-0.102450006	0.0696481	-0.039037123	0.038450193	-0.063720375	0.059877086
0.06408668	-0.054270104	0.14397903	-0.17080794	0.20124859	-0.06308794	0.05831047	-0.13833961	0.206361	-0.36978415	0.074984714	-0.15153943	0.17710406	-0.39005265	0.99999946	-0.09440518	0.113256566	-0.17470403	0.30125812	-0.7226041	0.0530064	-0.090895146	0.09645739	-0.13403662	0.13280281	-0.06207003	0.0351211	-0.035319474	0.0743675	-0.0804203
-0.29786146	0.11767376	-0.13549256	0.0874297	-0.084470995	0.24494745	-0.14260814	0.11915076	-0.1206575	0.08999436	-0.773922	0.26207134	-0.1981906	0.11288036	-0.09440518	0.9999994	-0.2741491	0.18227307	-0.12414346	0.08310142	-0.1995406	0.14712265	-0.15981166	0.06478204	-0.062321182	0.16659501	-0.05445126	0.051152054	-0.044629946	0.03748928
0.119895056	-0.07074529	0.13982357	-0.097684465	0.09222857	-0.1171573	0.08030723	-0.13575485	0.13275838	-0.10425253	0.2044658	-0.58971393	0.27209148	-0.1506611	0.113256566	-0.2741491	0.99999946	-0.55212396	0.16230094	-0.1079663	0.13027804	-0.36620593	0.2537024	-0.09013653	0.08245095	-0.13874345	0.07751802	-0.07499745	0.05871289	-0.049490735
-0.11870895	0.08383418	-0.21915181	0.14404729	-0.1364039	0.109197766	-0.09536474	0.20148288	-0.2046847	0.14819445	-0.16149214	0.31262636	-0.54446995	0.23055197	-0.17470403	0.18227307	-0.55212396	0.99999934	-0.29895017	0.15989661	-0.11118609	0.22559054	-0.28907016	0.1072561	-0.10209549	0.11740295	-0.07566825	0.07211474	-0.07038463	0.05999692
0.080000035	-0.06570006	0.16404796	-0.18061553	0.16556324	-0.07938407	0.0707178	-0.17007117	0.23092505	-0.23113278	0.09867705	-0.20800541	0.2441409	-0.6314722	0.30125812	-0.12414346	0.16230094	-0.29895017	0.99999917	-0.5091689	0.067878485	-0.11910389	0.12600991	-0.15031868	0.13438638	-0.0788383	0.04398447	-0.0440233	0.08115908	-0.08011415
-0.058926456	0.048790608	-0.13464625	0.14088185	-0.17861168	0.05660338	-0.053246785	0.12231997	-0.19556189	0.21563344	-0.06763268	0.13146022	-0.16739845	0.27906576	-0.7226041	0.08310142	-0.1079663	0.15989661	-0.5091689	0.99999905	-0.04933625	0.08731855	-0.09760523	0.15051882	-0.19342119	0.056794092	-0.035039924	0.034962095	-0.08880553	0.092631966
0.08319536	-0.040809374	0.064292006	-0.045122337	0.0443892	-0.0733773	0.0473913	-0.058206294	0.0612691	-0.049051616	0.13312432	-0.124236114	0.09575173	-0.061088353	0.0530064	-0.1995406	0.13027804	-0.11118609	0.067878485	-0.04933625	0.9999988	-0.252004	0.18849745	-0.059875686	0.055107806	-0.9112729	0.07737744	-0.07419852	0.041345663	-0.03359362
-0.0826182	0.04780431	-0.09625616	0.07001235	-0.07014376	0.07578997	-0.054601427	0.08832205	-0.09605381	0.078469545	-0.121437095	0.21134858	-0.16673672	0.10341593	-0.090895146	0.14712265	-0.36620593	0.22559054	-0.11910389	0.08731855	-0.252004	0.99999845	-0.78627485	0.13985991	-0.12882598	0.20178649	-0.17315103	0.14868666	-0.09375445	0.072539784
0.08378264	-0.04980818	0.09846233	-0.07454923	0.073678836	-0.08060184	0.056218307	-0.09351131	0.09966475	-0.08613647	0.12292321	-0.2405918	0.17012024	-0.11320249	0.09645739	-0.15981166	0.2537024	-0.28907016	0.12600991	-0.09760523	0.18849745	-0.78627485	0.99999815	-0.20500255	0.14289077	-0.226424	0.16008358	-0.18920462	0.105082184	-0.08577391
-0.04095344	0.027966784	-0.06510771	0.05929034	-0.066599265	0.038966548	-0.031101076	0.060206175	-0.08032404	0.07937456	-0.051769353	0.09556034	-0.09107951	0.10419771	-0.13403662	0.06478204	-0.09013653	0.1072561	-0.15031868	0.15051882	-0.059875686	0.13985991	-0.20500255	0.99999833	-0.7636495	0.06905766	-0.066073276	0.06744646	-0.46607545	0.29762304
0.038548026	-0.02660747	0.06133422	-0.057432037	0.06366021	-0.037249368	0.029431637	-0.057691958	0.07599833	-0.07972277	0.04899646	-0.092465155	0.08497743	-0.102450006	0.13280281	-0.062321182	0.08245095	-0.10209549	0.13438638	-0.19342119	0.055107806	-0.12882598	0.14289077	-0.7636495	0.999998	-0.06606998	0.054708034	-0.05794016	0.30187732	-0.47922415
-0.096815325	0.04662184	-0.07514678	0.052054837	-0.051951952	0.080237925	-0.05470314	0.06616033	-0.07165345	0.056322545	-0.14558099	0.12693816	-0.10932079	0.0696481	-0.06207003	0.16659501	-0.13874345	0.11740295	-0.0788383	0.056794092	-0.9112729	0.20178649	-0.226424	0.06905766	-0.06606998	0.9999977	-0.09152119	0.08047227	-0.049340118	0.039367866
0.030286267	-0.017604878	0.034618687	-0.026562111	0.02697484	-0.02820822	0.019978222	-0.03217798	0.03572797	-0.03128806	0.043206505	-0.07358586	0.055748027	-0.039037123	0.0351211	-0.05445126	0.07751802	-0.07566825	0.04398447	-0.035039924	0.07737744	-0.17315103	0.16008358	-0.066073276	0.054708034	-0.09152119	0.999998	-0.96086407	0.064333156	-0.05443014
-0.029484471	0.017163618	-0.03425768	0.026200112	-0.026839135	0.027145194	-0.019516926	0.031535458	-0.035513427	0.030769581	-0.041494053	0.06859939	-0.05499731	0.038450193	-0.035319474	0.051152054	-0.07499745	0.07211474	-0.0440233	0.034962095	-0.07419852	0.14868666	-0.18920462	0.06744646	-0.05794016	0.08047227	-0.96086407	0.999998	-0.07120943	0.055164885
0.027194077	-0.01819322	0.04086472	-0.037066005	0.04050248	-0.026114486	0.020214843	-0.038330477	0.049148727	-0.050044592	0.035100434	-0.0650767	0.05779612	-0.063720375	0.0743675	-0.044629946	0.05871289	-0.07038463	0.08115908	-0.08880553	0.041345663	-0.09375445	0.105082184	-0.46607545	0.30187732	-0.049340118	0.064333156	-0.07120943	0.99999785	-0.81495076
-0.023806462	0.016323779	-0.037973553	0.03495835	-0.039453607	0.022724187	-0.01812406	0.035159793	-0.04704167	0.0476647	-0.029847633	0.05478294	-0.052057013	0.059877086	-0.0804203	0.03748928	-0.049490735	0.05999692	-0.08011415	0.092631966	-0.03359362	0.072539784	-0.08577391	0.29762304	-0.47922415	0.039367866	-0.05443014	0.055164885	-0.81495076	0.99999785
