1.0	-0.94470304	0.19307312	-0.09713056	0.02739337	-0.09291854	0.09154441	-0.12517354	0.07977288	-0.02712233	0.085364655	-0.09073885	0.082651034	-0.105892144	0.06326342	-0.060712118	0.06359416	-0.059031077	0.06529084	-0.061115045	0.045693673	-0.049195666	0.058368396	-0.082573414	0.060579814	-0.057676073	0.04871708	-0.08766902	0.055017646	-0.07867185
-0.94470304	1.0000002	-0.24464694	0.08811979	-0.024735764	0.07955418	-0.08730782	0.112452865	-0.07524078	0.024191983	-0.077908546	0.07803233	-0.07302434	0.08829228	-0.053413138	0.05035756	-0.053538304	0.049233347	-0.05480056	0.05054057	-0.038032353	0.040748425	-0.048539948	0.06722119	-0.05035415	0.04732424	-0.04020223	0.07134338	-0.04495352	0.06398824
0.19307312	-0.24464694	1.0000005	-0.41353926	0.08816374	-0.21156158	0.2447997	-0.49408725	0.26202166	-0.08777974	0.20599794	-0.25420475	0.2369699	-0.31331936	0.18011853	-0.16631196	0.17479381	-0.1649095	0.1820654	-0.17382208	0.12497812	-0.13556582	0.16086769	-0.22940834	0.16912815	-0.15892519	0.13416739	-0.24262922	0.15275648	-0.21918719
-0.09713056	0.08811979	-0.41353926	1.0000005	-0.17626835	0.09774856	-0.12404517	0.16571277	-0.80705464	0.15002133	-0.114812106	0.12904824	-0.14487351	0.2112097	-0.13281474	0.08539226	-0.098190784	0.09240689	-0.11155863	0.106286205	-0.06620993	0.071840465	-0.08875135	0.11721892	-0.10369468	0.08025174	-0.07048807	0.120677054	-0.0799811	0.11347867
0.02739337	-0.024735764	0.08816374	-0.17626835	1.0000006	-0.034442395	0.040934663	-0.053526916	0.15678367	-0.9617309	0.04053215	-0.05000357	0.054285374	-0.09599817	0.09336135	-0.03656189	0.041847307	-0.040996794	0.04970781	-0.072872736	0.028593898	-0.031533003	0.03933775	-0.057670727	0.0551147	-0.03517566	0.031266782	-0.055716034	0.039276697	-0.059365038
-0.09291854	0.07955418	-0.21156158	0.09774856	-0.034442395	1.0000004	-0.5291515	0.25738072	-0.10500811	0.033258133	-0.73171914	0.2461133	-0.20316862	0.1480194	-0.09314901	0.11413771	-0.12042967	0.09637366	-0.10502434	0.08115901	-0.0832566	0.079705216	-0.093731344	0.10419016	-0.083976574	0.08637056	-0.075352415	0.11460769	-0.07165615	0.0959281
0.09154441	-0.08730782	0.2447997	-0.12404517	0.040934663	-0.5291515	1.0000005	-0.6294906	0.12270634	-0.040026534	0.2967676	-0.36001346	0.24119663	-0.18787141	0.1108163	-0.11908686	0.13154484	-0.1131054	0.12057214	-0.09943867	0.08639914	-0.09019986	0.105254784	-0.12759945	0.099861704	-0.09972669	0.085270874	-0.13858752	0.08662005	-0.11863709
-0.12517354	0.112452865	-0.49408725	0.16571277	-0.053526916	0.25738072	-0.6294906	1.0000004	-0.17468666	0.051406026	-0.29766166	0.26753205	-0.3415945	0.20728937	-0.12805176	0.11987981	-0.13970983	0.12257326	-0.13551417	0.10960921	-0.09079214	0.09485098	-0.114412315	0.13561451	-0.11168735	0.10323181	-0.09042068	0.14515664	-0.09269063	0.12681046
0.07977288	-0.07524078	0.26202166	-0.80705464	0.15678367	-0.10500811	0.12270634	-0.17468666	1.0000004	-0.18327343	0.11758666	-0.1505675	0.15955862	-0.3253806	0.15638027	-0.10209329	0.11407954	-0.11168864	0.13176191	-0.13381186	0.07838605	-0.08583739	0.104769096	-0.1457384	0.12242772	-0.09749764	0.0844921	-0.14954253	0.09828189	-0.14158495
-0.02712233	0.024191983	-0.08777974	0.15002133	-0.9617309	0.033258133	-0.040026534	0.051406026	-0.18327343	1.0000002	-0.03967651	0.04816434	-0.053469405	0.09303405	-0.10283615	0.034879174	-0.040434632	0.039452326	-0.048505858	0.07057125	-0.027371477	0.030163528	-0.037837885	0.05449353	-0.054462645	0.03340248	-0.02984855	0.052551877	-0.037376225	0.05616288
0.085364655	-0.077908546	0.20599794	-0.114812106	0.04053215	-0.73171914	0.2967676	-0.29766166	0.11758666	-0.03967651	1.0	-0.40628698	0.2344867	-0.19844519	0.11820857	-0.17236423	0.15705933	-0.12786673	0.13447887	-0.10752413	0.112610854	-0.10814641	0.122591816	-0.14190584	0.108943015	-0.12023389	0.10151917	-0.15805146	0.09676288	-0.13030435
-0.09073885	0.07803233	-0.25420475	0.12904824	-0.05000357	0.2461133	-0.36001346	0.26753205	-0.1505675	0.04816434	-0.40628698	0.9999999	-0.67398787	0.24880902	-0.15799719	0.15699944	-0.23898743	0.16996945	-0.17946206	0.12591276	-0.117375806	0.12575419	-0.14803186	0.1515487	-0.13099469	0.12598693	-0.11262617	0.16496335	-0.10527319	0.13772024
0.082651034	-0.07302434	0.2369699	-0.14487351	0.054285374	-0.20316862	0.24119663	-0.3415945	0.15955862	-0.053469405	0.2344867	-0.67398787	0.99999976	-0.44225544	0.18536964	-0.15302841	0.19281085	-0.20927589	0.19561134	-0.1563251	0.113183	-0.12600584	0.14926237	-0.17314333	0.14576048	-0.13081613	0.11437559	-0.18158662	0.11774641	-0.1607096
-0.105892144	0.08829228	-0.31331936	0.2112097	-0.09599817	0.1480194	-0.18787141	0.20728937	-0.3253806	0.09303405	-0.19844519	0.24880902	-0.44225544	0.9999997	-0.49579895	0.1528366	-0.20290563	0.20430288	-0.31174004	0.25294197	-0.12215595	0.13508935	-0.17533167	0.20970985	-0.2436498	0.13896812	-0.12860824	0.2025001	-0.14797321	0.20432712
0.06326342	-0.053413138	0.18011853	-0.13281474	0.09336135	-0.09314901	0.1108163	-0.12805176	0.15638027	-0.10283615	0.11820857	-0.15799719	0.18536964	-0.49579895	0.99999934	-0.12076757	0.14558715	-0.15492913	0.1986447	-0.6752447	0.09661108	-0.10880586	0.13908973	-0.23012662	0.2787621	-0.1167798	0.10750734	-0.19208486	0.1579763	-0.26889163
-0.060712118	0.05035756	-0.16631196	0.08539226	-0.03656189	0.11413771	-0.11908686	0.11987981	-0.10209329	0.034879174	-0.17236423	0.15699944	-0.15302841	0.1528366	-0.12076757	0.99999917	-0.5106838	0.21764167	-0.22542244	0.10696916	-0.6574943	0.2685096	-0.27769464	0.1681043	-0.1271595	0.27698454	-0.25804892	0.2237388	-0.12586717	0.13687167
0.06359416	-0.053538304	0.17479381	-0.098190784	0.041847307	-0.12042967	0.13154484	-0.13970983	0.11407954	-0.040434632	0.15705933	-0.23898743	0.19281085	-0.20290563	0.14558715	-0.5106838	0.9999991	-0.47267815	0.2774662	-0.13752098	0.2758399	-0.39651302	0.2916979	-0.2337428	0.15352158	-0.29635236	0.2420715	-0.29936844	0.15994298	-0.18079585
-0.059031077	0.049233347	-0.1649095	0.09240689	-0.040996794	0.09637366	-0.1131054	0.12257326	-0.11168864	0.039452326	-0.12786673	0.16996945	-0.20927589	0.20430288	-0.15492913	0.21764167	-0.47267815	0.99999917	-0.6930563	0.14332663	-0.17263012	0.22038788	-0.346805	0.21422319	-0.15356074	0.18062016	-0.17272745	0.23059261	-0.1468729	0.15903589
0.06529084	-0.05480056	0.1820654	-0.11155863	0.04970781	-0.10502434	0.12057214	-0.13551417	0.13176191	-0.048505858	0.13447887	-0.17946206	0.19561134	-0.31174004	0.1986447	-0.22542244	0.2774662	-0.6930563	0.999999	-0.21675262	0.16506222	-0.20313032	0.24711789	-0.34273082	0.1965144	-0.19935656	0.17390978	-0.2864464	0.19240597	-0.21710277
-0.061115045	0.05054057	-0.17382208	0.106286205	-0.072872736	0.08115901	-0.09943867	0.10960921	-0.13381186	0.07057125	-0.10752413	0.12591276	-0.1563251	0.25294197	-0.6752447	0.10696916	-0.13752098	0.14332663	-0.21675262	0.9999991	-0.08788285	0.09873903	-0.13119863	0.20020397	-0.5531296	0.10232454	-0.09755909	0.16517225	-0.15177858	0.2422254
0.045693673	-0.038032353	0.12497812	-0.06620993	0.028593898	-0.0832566	0.08639914	-0.09079214	0.07838605	-0.027371477	0.112610854	-0.117375806	0.113183	-0.12215595	0.09661108	-0.6574943	0.2758399	-0.17263012	0.16506222	-0.08788285	0.99999917	-0.37445474	0.24405858	-0.15442505	0.10647139	-0.5167179	0.27396038	-0.23592396	0.11571799	-0.12283778
-0.049195666	0.040748425	-0.13556582	0.071840465	-0.031533003	0.079705216	-0.09019986	0.09485098	-0.08583739	0.030163528	-0.10814641	0.12575419	-0.12600584	0.13508935	-0.10880586	0.2685096	-0.39651302	0.22038788	-0.20313032	0.09873903	-0.37445474	0.9999989	-0.6083965	0.1771003	-0.12111134	0.29437464	-0.4761188	0.27666926	-0.1360807	0.13716702
0.058368396	-0.048539948	0.16086769	-0.08875135	0.03933775	-0.093731344	0.105254784	-0.114412315	0.104769096	-0.037837885	0.122591816	-0.14803186	0.14926237	-0.17533167	0.13908973	-0.27769464	0.2916979	-0.346805	0.24711789	-0.13119863	0.24405858	-0.6083965	0.999999	-0.27828902	0.16093859	-0.2979347	0.2861127	-0.4599831	0.1951067	-0.19763057
-0.082573414	0.06722119	-0.22940834	0.11721892	-0.057670727	0.10419016	-0.12759945	0.13561451	-0.1457384	0.05449353	-0.14190584	0.1515487	-0.17314333	0.20970985	-0.23012662	0.1681043	-0.2337428	0.21422319	-0.34273082	0.20020397	-0.15442505	0.1771003	-0.27828902	0.9999989	-0.35514224	0.16760649	-0.1866574	0.29263055	-0.6315185	0.31081155
0.060579814	-0.05035415	0.16912815	-0.10369468	0.0551147	-0.083976574	0.099861704	-0.11168735	0.12242772	-0.054462645	0.108943015	-0.13099469	0.14576048	-0.2436498	0.2787621	-0.1271595	0.15352158	-0.15356074	0.1965144	-0.5531296	0.10647139	-0.12111134	0.16093859	-0.35514224	0.99999905	-0.12909655	0.1253323	-0.23983862	0.25328448	-0.5787771
-0.057676073	0.04732424	-0.15892519	0.08025174	-0.03517566	0.08637056	-0.09972669	0.10323181	-0.09749764	0.03340248	-0.12023389	0.12598693	-0.13081613	0.13896812	-0.1167798	0.27698454	-0.29635236	0.18062016	-0.19935656	0.10232454	-0.5167179	0.29437464	-0.2979347	0.16760649	-0.12909655	0.99999875	-0.64359015	0.26248038	-0.13787144	0.13782953
0.04871708	-0.04020223	0.13416739	-0.07048807	0.031266782	-0.075352415	0.085270874	-0.09042068	0.0844921	-0.02984855	0.10151917	-0.11262617	0.11437559	-0.12860824	0.10750734	-0.25804892	0.2420715	-0.17272745	0.17390978	-0.09755909	0.27396038	-0.4761188	0.2861127	-0.1866574	0.1253323	-0.64359015	0.99999887	-0.43269473	0.15579575	-0.14955233
-0.08766902	0.07134338	-0.24262922	0.120677054	-0.055716034	0.11460769	-0.13858752	0.14515664	-0.14954253	0.052551877	-0.15805146	0.16496335	-0.18158662	0.2025001	-0.19208486	0.2237388	-0.29936844	0.23059261	-0.2864464	0.16517225	-0.23592396	0.27666926	-0.4599831	0.29263055	-0.23983862	0.26248038	-0.43269473	0.99999905	-0.41572466	0.25276846
0.055017646	-0.04495352	0.15275648	-0.0799811	0.039276697	-0.07165615	0.08662005	-0.09269063	0.09828189	-0.037376225	0.09676288	-0.10527319	0.11774641	-0.14797321	0.1579763	-0.12586717	0.15994298	-0.1468729	0.19240597	-0.15177858	0.11571799	-0.1360807	0.1951067	-0.6315185	0.25328448	-0.13787144	0.15579575	-0.41572466	0.9999989	-0.5510721
-0.07867185	0.06398824	-0.21918719	0.11347867	-0.059365038	0.0959281	-0.11863709	0.12681046	-0.14158495	0.05616288	-0.13030435	0.13772024	-0.1607096	0.20432712	-0.26889163	0.13687167	-0.18079585	0.15903589	-0.21710277	0.2422254	-0.12283778	0.13716702	-0.19763057	0.31081155	-0.5787771	0.13782953	-0.14955233	0.25276846	-0.5510721	0.9999989
