1.0	-0.66183066	0.1415043	-0.13302457	0.10310057	-0.5141927	0.3024533	-0.15622628	0.15939984	-0.09655089	0.28638873	-0.2898077	0.19853482	-0.1406123	0.108950704	-0.120573625	0.17218496	-0.14730215	0.12605748	-0.19114509	0.11549264	-0.124554954	0.098061584	-0.13355409	0.05471937	-0.16655532	0.09370165	-0.10290302	0.08138881	-0.06310545
-0.66183066	1.0000001	-0.19567418	0.1492509	-0.10257549	0.289491	-0.535302	0.1734735	-0.18521337	0.09240527	-0.30217916	0.27196094	-0.22637601	0.124688044	-0.09848825	0.11061187	-0.17272075	0.12147861	-0.11127806	0.15750502	-0.111613244	0.10724215	-0.081948794	0.108851194	-0.04489041	0.1370458	-0.081664585	0.08401122	-0.06754928	0.051288847
0.1415043	-0.19567418	1.0000001	-0.8595921	0.15754399	-0.10257928	0.1405675	-0.27420956	0.25425962	-0.14879762	0.11770411	-0.14054517	0.18860286	-0.14708304	0.11776056	-0.05873235	0.09898761	-0.12011549	0.11474503	-0.1843913	0.061325736	-0.071361445	0.07616836	-0.106586404	0.044891503	-0.09182019	0.055062935	-0.080147535	0.06392999	-0.05141851
-0.13302457	0.1492509	-0.8595921	1.0000004	-0.19234355	0.09250176	-0.12949413	0.2211322	-0.34591013	0.14771236	-0.110496216	0.12483253	-0.18886349	0.1341877	-0.112352416	0.053009536	-0.08993253	0.10306542	-0.10499705	0.15909359	-0.055594854	0.06266127	-0.06591585	0.091058165	-0.03856356	0.07987868	-0.048456386	0.06845883	-0.055187088	0.043880638
0.10310057	-0.10257549	0.15754399	-0.19234355	1.0	-0.07829065	0.09956765	-0.1447903	0.19492991	-0.8209262	0.10175915	-0.10973108	0.16512707	-0.24139255	0.26764873	-0.056278266	0.10039985	-0.15021345	0.17102861	-0.35390127	0.061305385	-0.0740245	0.094935484	-0.13368614	0.06179188	-0.09244014	0.058109924	-0.09858597	0.08103514	-0.06910291
-0.5141927	0.289491	-0.10257928	0.09250176	-0.07829065	0.9999999	-0.41180548	0.13430586	-0.13487892	0.072376005	-0.65936136	0.27149716	-0.17998508	0.105294116	-0.081526786	0.13543305	-0.16595204	0.10892246	-0.095246	0.13658242	-0.12998809	0.106344044	-0.07431546	0.09811999	-0.040102623	0.135936	-0.07984868	0.07616333	-0.060848545	0.04595502
0.3024533	-0.535302	0.1405675	-0.12949413	0.09956765	-0.41180548	0.9999996	-0.24017535	0.18586795	-0.094102055	0.28973806	-0.5708447	0.24746153	-0.13666247	0.10334995	-0.1179141	0.18351975	-0.13389154	0.11794172	-0.1712729	0.11235291	-0.12037563	0.08957859	-0.11963625	0.04892769	-0.15359825	0.088624924	-0.09222235	0.07346353	-0.05611736
-0.15622628	0.1734735	-0.27420956	0.2211322	-0.1447903	0.13430586	-0.24017535	0.99999964	-0.66449296	0.13969341	-0.15911195	0.21860126	-0.55256426	0.1860807	-0.13775297	0.075277306	-0.1285874	0.14136371	-0.14101696	0.19603975	-0.077487566	0.08803752	-0.089890584	0.122682296	-0.05089838	0.11158233	-0.067304224	0.09238791	-0.074210644	0.05806204
0.15939984	-0.18521337	0.25425962	-0.34591013	0.19492991	-0.13487892	0.18586795	-0.66449296	0.99999964	-0.22396754	0.15732257	-0.2103407	0.30214232	-0.29279402	0.19244772	-0.08400322	0.14344597	-0.19472317	0.18974	-0.28435147	0.08788886	-0.10651592	0.12113335	-0.17061283	0.07075264	-0.1363855	0.08210572	-0.12728529	0.101169586	-0.08113038
-0.09655089	0.09240527	-0.14879762	0.14771236	-0.8209262	0.072376005	-0.094102055	0.13969341	-0.22396754	0.9999994	-0.09557401	0.10134661	-0.16652179	0.21672197	-0.39342198	0.050367676	-0.09002717	0.123714454	-0.16243234	0.26321417	-0.054781564	0.06355408	-0.07942312	0.10881574	-0.049860653	0.078565866	-0.049966063	0.08028118	-0.06736377	0.054948576
0.28638873	-0.30217916	0.11770411	-0.110496216	0.10175915	-0.65936136	0.28973806	-0.15911195	0.15732257	-0.09557401	0.9999995	-0.43404844	0.21597792	-0.14534086	0.11121196	-0.2398823	0.22087328	-0.15720451	0.13219471	-0.19479877	0.1799148	-0.15770617	0.1070749	-0.1424017	0.057848997	-0.20619515	0.115873866	-0.11067827	0.08765889	-0.06656257
-0.2898077	0.27196094	-0.14054517	0.12483253	-0.10973108	0.27149716	-0.5708447	0.21860126	-0.2103407	0.10134661	-0.43404844	1.0	-0.4375405	0.15056537	-0.11453346	0.15469575	-0.31057423	0.14767769	-0.13312405	0.18119617	-0.14972232	0.15035562	-0.101256534	0.13064596	-0.05334726	0.1819764	-0.11044797	0.10146203	-0.08173255	0.06078298
0.19853482	-0.22637601	0.18860286	-0.18886349	0.16512707	-0.17998508	0.24746153	-0.55256426	0.30214232	-0.16652179	0.21597792	-0.4375405	1.0	-0.29123875	0.19059287	-0.11417443	0.19447704	-0.24127346	0.20985378	-0.31466326	0.116034724	-0.14102617	0.14806396	-0.20457515	0.083618164	-0.17987707	0.106817365	-0.15411904	0.121754624	-0.09626014
-0.1406123	0.124688044	-0.14708304	0.1341877	-0.24139255	0.105294116	-0.13666247	0.1860807	-0.29279402	0.21672197	-0.14534086	0.15056537	-0.29123875	0.99999994	-0.5820725	0.07613002	-0.13912627	0.2192486	-0.52621484	0.3157178	-0.08363776	0.096580885	-0.14022863	0.18221286	-0.07698331	0.113777705	-0.076323345	0.12944473	-0.113680586	0.08274093
0.108950704	-0.09848825	0.11776056	-0.112352416	0.26764873	-0.081526786	0.10334995	-0.13775297	0.19244772	-0.39342198	0.11121196	-0.11453346	0.19059287	-0.5820725	0.99999964	-0.060121883	0.109408185	-0.17392734	0.25108287	-0.59211415	0.0662046	-0.07793067	0.10872594	-0.14971179	0.07250343	-0.093373954	0.061463006	-0.10735681	0.091538385	-0.07820327
-0.120573625	0.11061187	-0.05873235	0.053009536	-0.056278266	0.13543305	-0.1179141	0.075277306	-0.08400322	0.050367676	-0.2398823	0.15469575	-0.11417443	0.07613002	-0.060121883	0.9999994	-0.41831464	0.10000253	-0.08155861	0.09817657	-0.81465024	0.20673954	-0.080599375	0.09102414	-0.0360587	0.22971705	-0.1524729	0.07472778	-0.061083812	0.04050629
0.17218496	-0.17272075	0.09898761	-0.08993253	0.10039985	-0.16595204	0.18351975	-0.1285874	0.14344597	-0.09002717	0.22087328	-0.31057423	0.19447704	-0.13912627	0.109408185	-0.41831464	0.99999946	-0.20258318	0.15343818	-0.1802218	0.2867298	-0.491719	0.16036868	-0.18090719	0.06999039	-0.48743787	0.27276886	-0.14877267	0.11917108	-0.0788861
-0.14730215	0.12147861	-0.12011549	0.10306542	-0.15021345	0.10892246	-0.13389154	0.14136371	-0.19472317	0.123714454	-0.15720451	0.14767769	-0.24127346	0.2192486	-0.17392734	0.10000253	-0.20258318	0.9999993	-0.51386714	0.20751634	-0.115809575	0.15857567	-0.60457265	0.30044776	-0.11800188	0.14981085	-0.12724929	0.24459034	-0.24408817	0.1184095
0.12605748	-0.11127806	0.11474503	-0.10499705	0.17102861	-0.095246	0.11794172	-0.14101696	0.18974	-0.16243234	0.13219471	-0.13312405	0.20985378	-0.52621484	0.25108287	-0.08155861	0.15343818	-0.51386714	0.99999917	-0.35350844	0.09175078	-0.124571055	0.25219738	-0.37121293	0.12101813	-0.13482311	0.0970225	-0.23002082	0.1898202	-0.13401917
-0.19114509	0.15750502	-0.1843913	0.15909359	-0.35390127	0.13658242	-0.1712729	0.19603975	-0.28435147	0.26321417	-0.19479877	0.18119617	-0.31466326	0.3157178	-0.59211415	0.09817657	-0.1802218	0.20751634	-0.35350844	0.99999917	-0.10899702	0.11619857	-0.14271095	0.1854771	-0.11317581	0.1395865	-0.09296968	0.13750033	-0.12533724	0.1097558
0.11549264	-0.111613244	0.061325736	-0.055594854	0.061305385	-0.12998809	0.11235291	-0.077487566	0.08788886	-0.054781564	0.1799148	-0.14972232	0.116034724	-0.08363776	0.0662046	-0.81465024	0.2867298	-0.115809575	0.09175078	-0.10899702	0.9999992	-0.29028296	0.0953167	-0.106810756	0.041716546	-0.33950567	0.18666777	-0.08830555	0.07139144	-0.04690475
-0.124554954	0.10724215	-0.071361445	0.06266127	-0.0740245	0.106344044	-0.12037563	0.08803752	-0.10651592	0.06355408	-0.15770617	0.15035562	-0.14102617	0.096580885	-0.07793067	0.20673954	-0.491719	0.15857567	-0.124571055	0.11619857	-0.29028296	0.9999993	-0.19475223	0.14769107	-0.056084525	0.32723647	-0.68061364	0.12980518	-0.109950624	0.06044835
0.098061584	-0.081948794	0.07616836	-0.06591585	0.094935484	-0.07431546	0.08957859	-0.089890584	0.12113335	-0.07942312	0.1070749	-0.101256534	0.14806396	-0.14022863	0.10872594	-0.080599375	0.16036868	-0.60457265	0.25219738	-0.14271095	0.0953167	-0.19475223	0.9999991	-0.5319773	0.12850286	-0.1333436	0.12771957	-0.42988312	0.27735007	-0.13437842
-0.13355409	0.108851194	-0.106586404	0.091058165	-0.13368614	0.09811999	-0.11963625	0.122682296	-0.17061283	0.10881574	-0.1424017	0.13064596	-0.20457515	0.18221286	-0.14971179	0.09102414	-0.18090719	0.30044776	-0.37121293	0.1854771	-0.106810756	0.14769107	-0.5319773	0.999999	-0.2684641	0.13897654	-0.12016821	0.30577767	-0.47992265	0.208448
0.05471937	-0.04489041	0.044891503	-0.03856356	0.06179188	-0.040102623	0.04892769	-0.05089838	0.07075264	-0.049860653	0.057848997	-0.05334726	0.083618164	-0.07698331	0.07250343	-0.0360587	0.06999039	-0.11800188	0.12101813	-0.11317581	0.041716546	-0.056084525	0.12850286	-0.2684641	0.9999993	-0.05704531	0.045074504	-0.14236043	0.16957858	-0.92509747
-0.16655532	0.1370458	-0.09182019	0.07987868	-0.09244014	0.135936	-0.15359825	0.11158233	-0.1363855	0.078565866	-0.20619515	0.1819764	-0.17987707	0.113777705	-0.093373954	0.22971705	-0.48743787	0.14981085	-0.13482311	0.1395865	-0.33950567	0.32723647	-0.1333436	0.13897654	-0.05704531	0.99999964	-0.6294921	0.12188953	-0.1064001	0.06231412
0.09370165	-0.081664585	0.055062935	-0.048456386	0.058109924	-0.07984868	0.088624924	-0.067304224	0.08210572	-0.049966063	0.115873866	-0.11044797	0.106817365	-0.076323345	0.061463006	-0.1524729	0.27276886	-0.12724929	0.0970225	-0.09296968	0.18666777	-0.68061364	0.12771957	-0.12016821	0.045074504	-0.6294921	0.99999934	-0.11528835	0.09050037	-0.049246885
-0.10290302	0.08401122	-0.080147535	0.06845883	-0.09858597	0.07616333	-0.09222235	0.09238791	-0.12728529	0.08028118	-0.11067827	0.10146203	-0.15411904	0.12944473	-0.10735681	0.07472778	-0.14877267	0.24459034	-0.23002082	0.13750033	-0.08830555	0.12980518	-0.42988312	0.30577767	-0.14236043	0.12188953	-0.11528835	0.9999996	-0.76192915	0.14335877
0.08138881	-0.06754928	0.06392999	-0.055187088	0.08103514	-0.060848545	0.07346353	-0.074210644	0.101169586	-0.06736377	0.08765889	-0.08173255	0.121754624	-0.113680586	0.091538385	-0.061083812	0.11917108	-0.24408817	0.1898202	-0.12533724	0.07139144	-0.109950624	0.27735007	-0.47992265	0.16957858	-0.1064001	0.09050037	-0.76192915	0.9999996	-0.21046607
-0.06310545	0.051288847	-0.05141851	0.043880638	-0.06910291	0.04595502	-0.05611736	0.05806204	-0.08113038	0.054948576	-0.06656257	0.06078298	-0.09626014	0.08274093	-0.07820327	0.04050629	-0.0788861	0.1184095	-0.13401917	0.1097558	-0.04690475	0.06044835	-0.13437842	0.208448	-0.92509747	0.06231412	-0.049246885	0.14335877	-0.21046607	0.9999996
