1.0000001	-0.73599875	0.21475561	-0.15026747	0.14364007	-0.4793582	0.24185193	-0.19088368	0.125151	-0.1197391	0.27554616	-0.19773087	0.13914932	-0.13021524	0.12563975	-0.19692229	0.13592795	-0.1397757	0.1163375	-0.10497537	0.09144779	-0.11356144	0.07786722	-0.08402259	0.08558776	-0.10972677	0.07678319	-0.09873485	0.062001005	-0.059773676
-0.73599875	1.0000002	-0.35573813	0.17915383	-0.1856952	0.27891287	-0.32563186	0.21611358	-0.1491541	0.13547863	-0.3126037	0.19431023	-0.16382554	0.14277938	-0.13801187	0.17674091	-0.14280288	0.13902359	-0.1232595	0.10949286	-0.08357855	0.10320237	-0.07576989	0.082647756	-0.08639329	0.099076554	-0.070532955	0.094614446	-0.061704606	0.05915348
0.21475561	-0.35573813	1.0000001	-0.5803274	0.28761765	-0.18713742	0.25211206	-0.44675553	0.22201754	-0.23118222	0.19616248	-0.21215566	0.2247793	-0.21996062	0.1762258	-0.23978049	0.15753144	-0.17408751	0.15441273	-0.14703554	0.111642234	-0.13911717	0.09758689	-0.1074095	0.10810345	-0.13442886	0.09405129	-0.12418897	0.078562826	-0.07625584
-0.15026747	0.17915383	-0.5803274	1.0000001	-0.6511834	0.12397324	-0.17705776	0.22246338	-0.2824162	0.24898654	-0.14596245	0.14391907	-0.18356904	0.17332064	-0.15246601	0.16443941	-0.11490668	0.1268092	-0.12185517	0.11661585	-0.07747785	0.09633627	-0.07092645	0.079158805	-0.0815396	0.09281246	-0.06560401	0.0894179	-0.058450826	0.05660355
0.14364007	-0.1856952	0.28761765	-0.6511834	0.99999976	-0.13690358	0.18191265	-0.23490354	0.27903908	-0.48208827	0.15614924	-0.17525281	0.18858118	-0.20993991	0.18581358	-0.23150001	0.139716	-0.1621555	0.14925508	-0.15168943	0.10764804	-0.13449968	0.093655005	-0.10416615	0.10480506	-0.13045223	0.090885974	-0.119960494	0.075982064	-0.07430973
-0.4793582	0.27891287	-0.18713742	0.12397324	-0.13690358	0.9999994	-0.3696525	0.19137752	-0.12349453	0.111080885	-0.69672996	0.21758543	-0.14559557	0.12635955	-0.12536567	0.17754783	-0.14817096	0.13913748	-0.11687176	0.102133356	-0.08357784	0.10309627	-0.0744716	0.080174126	-0.08297588	0.09885125	-0.0702329	0.09292837	-0.05969454	0.05707527
0.24185193	-0.32563186	0.25211206	-0.17705776	0.18191265	-0.3696525	0.9999993	-0.5315967	0.1831151	-0.16726512	0.27703986	-0.4743173	0.23502544	-0.20972733	0.17808025	-0.24124838	0.23036593	-0.21885735	0.17095518	-0.15105212	0.11383102	-0.14028035	0.10644646	-0.113844916	0.11496242	-0.13277951	0.09531451	-0.13169767	0.08383184	-0.07983474
-0.19088368	0.21611358	-0.44675553	0.22246338	-0.23490354	0.19137752	-0.5315967	0.9999993	-0.27619576	0.20346871	-0.21183673	0.23150685	-0.4854177	0.26326287	-0.1936011	0.19470648	-0.17559826	0.17552193	-0.16764897	0.14896643	-0.09322667	0.11502874	-0.09084169	0.10057603	-0.10358211	0.10943945	-0.07888474	0.11194155	-0.07454875	0.07114901
0.125151	-0.1491541	0.22201754	-0.2824162	0.27903908	-0.12349453	0.1831151	-0.27619576	0.99999934	-0.7137483	0.14408673	-0.16788337	0.24762881	-0.40123838	0.22028731	-0.19680381	0.13650018	-0.1651818	0.16777712	-0.1731655	0.09318705	-0.11623518	0.08950553	-0.102061406	0.10241685	-0.11145468	0.079127245	-0.112731084	0.074102476	-0.07217718
-0.1197391	0.13547863	-0.23118222	0.24898654	-0.48208827	0.111080885	-0.16726512	0.20346871	-0.7137483	0.99999946	-0.13597944	0.14484507	-0.22295813	0.2401625	-0.26517057	0.16713701	-0.12341977	0.14450827	-0.15696763	0.16270745	-0.07994173	0.09940799	-0.07921011	0.090819314	-0.09467598	0.09511859	-0.0681492	0.09879344	-0.06715023	0.06513168
0.27554616	-0.3126037	0.19616248	-0.14596245	0.15614924	-0.69672996	0.27703986	-0.21183673	0.14408673	-0.13597944	0.9999994	-0.3345443	0.1650318	-0.15611649	0.1619854	-0.2901621	0.19925588	-0.20240344	0.15702069	-0.13922973	0.13365327	-0.16599718	0.11083372	-0.117816284	0.11870657	-0.16028084	0.11168873	-0.14079274	0.08665803	-0.08336236
-0.19773087	0.19431023	-0.21215566	0.14391907	-0.17525281	0.21758543	-0.4743173	0.23150685	-0.16788337	0.14484507	-0.3345443	0.99999917	-0.212786	0.17722769	-0.20791376	0.22702397	-0.61414194	0.27096805	-0.22251189	0.1636483	-0.11526392	0.13538331	-0.12142474	0.1250347	-0.13381696	0.12354184	-0.09526749	0.13817357	-0.09589506	0.08773867
0.13914932	-0.16382554	0.2247793	-0.18356904	0.18858118	-0.14559557	0.23502544	-0.4854177	0.24762881	-0.22295813	0.1650318	-0.212786	0.9999994	-0.6763927	0.22816612	-0.21267153	0.16662285	-0.21673195	0.20493998	-0.19623835	0.101866126	-0.12688722	0.104720145	-0.11872832	0.11591745	-0.12044312	0.08665464	-0.12993501	0.08521731	-0.08211951
-0.13021524	0.14277938	-0.21996062	0.17332064	-0.20993991	0.12635955	-0.20972733	0.26326287	-0.40123838	0.2401625	-0.15611649	0.17722769	-0.6763927	0.99999934	-0.3477025	0.18612082	-0.15918449	0.19888987	-0.28450865	0.2209848	-0.09091428	0.11282957	-0.10086296	0.11827622	-0.11893627	0.106500514	-0.07792096	0.12166495	-0.08641849	0.081660286
0.12563975	-0.13801187	0.1762258	-0.15246601	0.18581358	-0.12536567	0.17808025	-0.1936011	0.22028731	-0.26517057	0.1619854	-0.20791376	0.22816612	-0.3477025	0.999999	-0.26954022	0.19165158	-0.28160036	0.30426338	-0.6723383	0.13083726	-0.16432047	0.14538372	-0.17586432	0.17602217	-0.15552922	0.1126005	-0.18410619	0.12427991	-0.12770456
-0.19692229	0.17674091	-0.23978049	0.16443941	-0.23150001	0.17754783	-0.24124838	0.19470648	-0.19680381	0.16713701	-0.2901621	0.22702397	-0.21267153	0.18612082	-0.26954022	0.9999989	-0.29516935	0.22474657	-0.23651664	0.18558206	-0.5425645	0.28846538	-0.16218226	0.16181888	-0.21147428	0.24383382	-0.23847862	0.17917693	-0.13601406	0.123689555
0.13592795	-0.14280288	0.15753144	-0.11490668	0.139716	-0.14817096	0.23036593	-0.17559826	0.13650018	-0.12341977	0.19925588	-0.61414194	0.16662285	-0.15918449	0.19165158	-0.29516935	0.9999988	-0.56927	0.23686835	-0.1806754	0.13678345	-0.1627074	0.15016821	-0.14449838	0.13877708	-0.1384479	0.108255714	-0.16945164	0.10479653	-0.09477471
-0.1397757	0.13902359	-0.17408751	0.1268092	-0.1621555	0.13913748	-0.21885735	0.17552193	-0.1651818	0.14450827	-0.20240344	0.27096805	-0.21673195	0.19888987	-0.28160036	0.22474657	-0.56927	0.999999	-0.5214985	0.24400863	-0.12469241	0.1494482	-0.25044006	0.19399771	-0.18806994	0.13022645	-0.10752273	0.20884569	-0.14630009	0.12245647
0.1163375	-0.1232595	0.15441273	-0.12185517	0.14925508	-0.11687176	0.17095518	-0.16764897	0.16777712	-0.15696763	0.15702069	-0.22251189	0.20493998	-0.28450865	0.30426338	-0.23651664	0.23686835	-0.5214985	0.99999875	-0.56755406	0.1210949	-0.15235099	0.18307038	-0.26290897	0.1924737	-0.13755396	0.10530762	-0.20691673	0.15590134	-0.14075287
-0.10497537	0.10949286	-0.14703554	0.11661585	-0.15168943	0.102133356	-0.15105212	0.14896643	-0.1731655	0.16270745	-0.13922973	0.1636483	-0.19623835	0.2209848	-0.6723383	0.18558206	-0.1806754	0.24400863	-0.56755406	0.9999985	-0.09519121	0.118171886	-0.13013877	0.16638003	-0.20502344	0.10932496	-0.083333105	0.15127465	-0.12593222	0.12428253
0.09144779	-0.08357855	0.111642234	-0.07747785	0.10764804	-0.08357784	0.11383102	-0.09322667	0.09318705	-0.07994173	0.13365327	-0.11526392	0.101866126	-0.09091428	0.13083726	-0.5425645	0.13678345	-0.12469241	0.1210949	-0.09519121	0.9999985	-0.65697813	0.13326356	-0.10934568	0.11918498	-0.3845759	0.27576622	-0.14437062	0.0854964	-0.07400107
-0.11356144	0.10320237	-0.13911717	0.09633627	-0.13449968	0.10309627	-0.14028035	0.11502874	-0.11623518	0.09940799	-0.16599718	0.13538331	-0.12688722	0.11282957	-0.16432047	0.28846538	-0.1627074	0.1494482	-0.15235099	0.118171886	-0.65697813	0.9999981	-0.20976737	0.13991423	-0.15472986	0.3055792	-0.4932586	0.1823399	-0.112839505	0.094329
0.07786722	-0.07576989	0.09758689	-0.07092645	0.093655005	-0.0744716	0.10644646	-0.09084169	0.08950553	-0.07921011	0.11083372	-0.12142474	0.104720145	-0.10086296	0.14538372	-0.16218226	0.15016821	-0.25044006	0.18307038	-0.13013877	0.13326356	-0.20976737	0.9999984	-0.46322998	0.22086203	-0.12865414	0.13070188	-0.7526086	0.23117985	-0.16471381
-0.08402259	0.082647756	-0.1074095	0.079158805	-0.10416615	0.080174126	-0.113844916	0.10057603	-0.102061406	0.090819314	-0.117816284	0.1250347	-0.11872832	0.11827622	-0.17586432	0.16181888	-0.14449838	0.19399771	-0.26290897	0.16638003	-0.10934568	0.13991423	-0.46322998	0.9999983	-0.40501773	0.11359522	-0.104475796	0.29737285	-0.6125525	0.27617836
0.08558776	-0.08639329	0.10810345	-0.0815396	0.10480506	-0.08297588	0.11496242	-0.10358211	0.10241685	-0.09467598	0.11870657	-0.13381696	0.11591745	-0.11893627	0.17602217	-0.21147428	0.13877708	-0.18806994	0.1924737	-0.20502344	0.11918498	-0.15472986	0.22086203	-0.40501773	0.9999981	-0.14059992	0.112386614	-0.32246873	0.3131573	-0.69405705
-0.10972677	0.099076554	-0.13442886	0.09281246	-0.13045223	0.09885125	-0.13277951	0.10943945	-0.11145468	0.09511859	-0.16028084	0.12354184	-0.12044312	0.106500514	-0.15552922	0.24383382	-0.1384479	0.13022645	-0.13755396	0.10932496	-0.3845759	0.3055792	-0.12865414	0.11359522	-0.14059992	0.99999785	-0.77686054	0.14571288	-0.09540588	0.08358248
0.07678319	-0.070532955	0.09405129	-0.06560401	0.090885974	-0.0702329	0.09531451	-0.07888474	0.079127245	-0.0681492	0.11168873	-0.09526749	0.08665464	-0.07792096	0.1126005	-0.23847862	0.108255714	-0.10752273	0.10530762	-0.083333105	0.27576622	-0.4932586	0.13070188	-0.104475796	0.112386614	-0.77686054	0.99999756	-0.1612598	0.082978114	-0.07071835
-0.09873485	0.094614446	-0.12418897	0.0894179	-0.119960494	0.09292837	-0.13169767	0.11194155	-0.112731084	0.09879344	-0.14079274	0.13817357	-0.12993501	0.12166495	-0.18410619	0.17917693	-0.16945164	0.20884569	-0.20691673	0.15127465	-0.14437062	0.1823399	-0.7526086	0.29737285	-0.32246873	0.14571288	-0.1612598	0.99999726	-0.3078973	0.19486606
0.062001005	-0.061704606	0.078562826	-0.058450826	0.075982064	-0.05969454	0.08383184	-0.07454875	0.074102476	-0.06715023	0.08665803	-0.09589506	0.08521731	-0.08641849	0.12427991	-0.13601406	0.10479653	-0.14630009	0.15590134	-0.12593222	0.0854964	-0.112839505	0.23117985	-0.6125525	0.3131573	-0.09540588	0.082978114	-0.3078973	0.99999714	-0.60333806
-0.059773676	0.05915348	-0.07625584	0.05660355	-0.07430973	0.05707527	-0.07983474	0.07114901	-0.07217718	0.06513168	-0.08336236	0.08773867	-0.08211951	0.081660286	-0.12770456	0.123689555	-0.09477471	0.12245647	-0.14075287	0.12428253	-0.07400107	0.094329	-0.16471381	0.27617836	-0.69405705	0.08358248	-0.07071835	0.19486606	-0.60333806	0.99999714
