1.0	-0.20790203	0.14801767	-0.14550935	0.13904226	-0.72873294	0.19795832	-0.23359016	0.160924	-0.17995511	0.26023522	-0.2545952	0.19617087	-0.23637348	0.15367797	-0.26333755	0.19546263	-0.1789343	0.19188364	-0.19907735	0.20619088	-0.16011757	0.17693968	-0.14975868	0.11949514	-0.14277346	0.11770963	-0.12544534	0.11657044	-0.17417507
-0.20790203	1.0000002	-0.7809101	0.26532346	-0.29919985	0.15115651	-0.3023749	0.23858048	-0.20883828	0.1706819	-0.111539975	0.13081701	-0.1188899	0.1311402	-0.09920336	0.09831629	-0.10380675	0.09253418	-0.109927505	0.09435138	-0.10995711	0.07918804	-0.09744424	0.076110184	-0.0575053	0.06320167	-0.056796715	0.05762635	-0.05770533	0.07297385
0.14801767	-0.7809101	1.0000001	-0.43037412	0.24252714	-0.1251014	0.20579512	-0.26904163	0.17161073	-0.15960087	0.08805863	-0.107742354	0.094500944	-0.11448037	0.08262637	-0.07952124	0.082288064	-0.07510295	0.08747713	-0.08003271	0.08594952	-0.06304092	0.07672562	-0.061129317	0.047756925	-0.050728794	0.045185186	-0.046500735	0.046195265	-0.06140699
-0.14550935	0.26532346	-0.43037412	1.0	-0.70962703	0.107474245	-0.11930224	0.13589299	-0.37529048	0.27536136	-0.08028749	0.08968009	-0.092184894	0.16119157	-0.12323886	0.0750532	-0.07708829	0.07498667	-0.10687123	0.102319986	-0.09381693	0.06672455	-0.0880085	0.07029732	-0.061031703	0.054355633	-0.049107935	0.052206267	-0.053280458	0.07415243
0.13904226	-0.29919985	0.24252714	-0.70962703	0.99999976	-0.112807125	0.11758135	-0.14392102	0.28543577	-0.4937191	0.08071064	-0.092352495	0.091351464	-0.17398384	0.13349175	-0.07671943	0.07745641	-0.07598722	0.10657704	-0.11533666	0.092429936	-0.06698523	0.087058954	-0.0713692	0.065890566	-0.05533993	0.04943778	-0.0536481	0.05411949	-0.08211394
-0.72873294	0.15115651	-0.1251014	0.107474245	-0.112807125	0.9999997	-0.23054484	0.19742551	-0.12541671	0.12527284	-0.43213996	0.23728023	-0.21013309	0.1616417	-0.11362441	0.24936633	-0.205381	0.16965759	-0.18384953	0.13828625	-0.22986291	0.1570655	-0.18132585	0.13647611	-0.08617845	0.12562038	-0.111603975	0.10714032	-0.10486188	0.11770109
0.19795832	-0.3023749	0.20579512	-0.11930224	0.11758135	-0.23054484	0.9999998	-0.83445764	0.10465031	-0.096914746	0.15894243	-0.2778923	0.16115075	-0.10084575	0.071631916	-0.13246302	0.15047254	-0.12252629	0.10580133	-0.08097486	0.121131465	-0.093246214	0.10121505	-0.07883378	0.04945764	-0.070368	0.06279272	-0.060192507	0.058436513	-0.06608022
-0.23359016	0.23858048	-0.26904163	0.13589299	-0.14392102	0.19742551	-0.83445764	0.9999999	-0.126205	0.111432716	-0.16872677	0.2130874	-0.19267218	0.11347548	-0.082017	0.13646151	-0.1610857	0.1324892	-0.12151185	0.090612404	-0.13778171	0.102093115	-0.115630224	0.08854735	-0.055723947	0.07765085	-0.07015125	0.067182526	-0.06602826	0.07361284
0.160924	-0.20883828	0.17161073	-0.37529048	0.28543577	-0.12541671	0.10465031	-0.126205	0.9999997	-0.68407565	0.095108815	-0.10620344	0.115443535	-0.43412143	0.22553124	-0.09305907	0.095048845	-0.09897917	0.15782571	-0.18183567	0.12090581	-0.08796264	0.119300894	-0.10203458	0.100406475	-0.073301576	0.06575152	-0.07425738	0.07561618	-0.12197822
-0.17995511	0.1706819	-0.15960087	0.27536136	-0.4937191	0.12527284	-0.096914746	0.111432716	-0.68407565	0.9999996	-0.09927612	0.10643345	-0.12204648	0.26207423	-0.2709713	0.09564604	-0.09899009	0.10140028	-0.16655615	0.17263967	-0.13284078	0.09308887	-0.12985891	0.1042635	-0.10226452	0.07600536	-0.069545604	0.07583583	-0.07918501	0.115664944
0.26023522	-0.111539975	0.08805863	-0.08028749	0.08071064	-0.43213996	0.15894243	-0.16872677	0.095108815	-0.09927612	0.9999996	-0.43940553	0.21787558	-0.14042768	0.095319256	-0.6604733	0.27974632	-0.20358048	0.15963191	-0.12242924	0.22178379	-0.17561609	0.16305448	-0.1301074	0.07464562	-0.13140191	0.11160395	-0.10310996	0.09592566	-0.104120016
-0.2545952	0.13081701	-0.107742354	0.08968009	-0.092352495	0.23728023	-0.2778923	0.2130874	-0.10620344	0.10643345	-0.43940553	0.9999995	-0.44825518	0.14989045	-0.10474194	0.29952997	-0.550415	0.28343457	-0.20084575	0.13097134	-0.2581432	0.20948914	-0.20630528	0.15386464	-0.08059565	0.1412661	-0.1314273	0.11524062	-0.111105	0.1090411
0.19617087	-0.1188899	0.094500944	-0.092184894	0.091351464	-0.21013309	0.16115075	-0.19267218	0.115443535	-0.12204648	0.21787558	-0.44825518	0.99999964	-0.19515657	0.12683353	-0.24849425	0.29482815	-0.70403254	0.23567586	-0.1683927	0.20482321	-0.18730657	0.20125721	-0.18340129	0.09790485	-0.14191614	0.12113622	-0.12772167	0.11830515	-0.13665351
-0.23637348	0.1311402	-0.11448037	0.16119157	-0.17398384	0.1616417	-0.10084575	0.11347548	-0.43412143	0.26207423	-0.14042768	0.14989045	-0.19515657	0.9999997	-0.594266	0.1384503	-0.14888795	0.16326778	-0.33756572	0.28603777	-0.20653164	0.14614916	-0.2168279	0.18037541	-0.17334418	0.11748497	-0.1091503	0.12171966	-0.13074021	0.1798048
0.15367797	-0.09920336	0.08262637	-0.12323886	0.13349175	-0.11362441	0.071631916	-0.082017	0.22553124	-0.2709713	0.095319256	-0.10474194	0.12683353	-0.594266	0.9999998	-0.09642684	0.1016207	-0.11445844	0.21761405	-0.6180656	0.13659607	-0.101287715	0.14451554	-0.13399696	0.20448156	-0.08562103	0.07736374	-0.09584428	0.09928658	-0.23682615
-0.26333755	0.09831629	-0.07952124	0.0750532	-0.07671943	0.24936633	-0.13246302	0.13646151	-0.09305907	0.09564604	-0.6604733	0.29952997	-0.24849425	0.1384503	-0.09642684	0.99999994	-0.47065333	0.21996832	-0.18241045	0.12251572	-0.34468699	0.21843694	-0.19902764	0.14642705	-0.0759959	0.1488052	-0.13476183	0.11362957	-0.108278014	0.10370256
0.19546263	-0.10380675	0.082288064	-0.07708829	0.07745641	-0.205381	0.15047254	-0.1610857	0.095048845	-0.09899009	0.27974632	-0.550415	0.29482815	-0.14888795	0.1016207	-0.47065333	0.9999999	-0.43926856	0.20032641	-0.13285714	0.26326102	-0.34105164	0.21555609	-0.16970293	0.08048082	-0.16586666	0.14930691	-0.12578942	0.11573712	-0.1107475
-0.1789343	0.09253418	-0.07510295	0.07498667	-0.07598722	0.16965759	-0.12252629	0.1324892	-0.09897917	0.10140028	-0.20358048	0.28343457	-0.70403254	0.16326778	-0.11445844	0.21996832	-0.43926856	1.0000001	-0.34488449	0.14872538	-0.2168459	0.19615123	-0.24942523	0.1979156	-0.088126935	0.13466594	-0.123064704	0.12405169	-0.12108341	0.11705209
0.19188364	-0.109927505	0.08747713	-0.10687123	0.10657704	-0.18384953	0.10580133	-0.12151185	0.15782571	-0.16655615	0.15963191	-0.20084575	0.23567586	-0.33756572	0.21761405	-0.18241045	0.20032641	-0.34488449	1.0	-0.34727517	0.22144014	-0.21025628	0.2932937	-0.57759136	0.16596945	-0.17391437	0.14854649	-0.21241632	0.20294784	-0.21913423
-0.19907735	0.09435138	-0.08003271	0.102319986	-0.11533666	0.13828625	-0.08097486	0.090612404	-0.18183567	0.17263967	-0.12242924	0.13097134	-0.1683927	0.28603777	-0.6180656	0.12251572	-0.13285714	0.14872538	-0.34727517	0.99999994	-0.18539849	0.13393965	-0.2016099	0.17765006	-0.43687692	0.10957561	-0.101824805	0.12177081	-0.1334191	0.27601045
0.20619088	-0.10995711	0.08594952	-0.09381693	0.092429936	-0.22986291	0.121131465	-0.13778171	0.12090581	-0.13284078	0.22178379	-0.2581432	0.20482321	-0.20653164	0.13659607	-0.34468699	0.26326102	-0.2168459	0.22144014	-0.18539849	0.9999997	-0.61372375	0.2827162	-0.2398785	0.113802016	-0.36710632	0.2600452	-0.2057168	0.17410612	-0.16288991
-0.16011757	0.07918804	-0.06304092	0.06672455	-0.06698523	0.1570655	-0.093246214	0.102093115	-0.08796264	0.09308887	-0.17561609	0.20948914	-0.18730657	0.14614916	-0.101287715	0.21843694	-0.34105164	0.19615123	-0.21025628	0.13393965	-0.61372375	0.9999996	-0.4700886	0.22426581	-0.0849678	0.2710296	-0.3709446	0.17721951	-0.1642433	0.11599851
0.17693968	-0.09744424	0.07672562	-0.0880085	0.087058954	-0.18132585	0.10121505	-0.115630224	0.119300894	-0.12985891	0.16305448	-0.20630528	0.20125721	-0.2168279	0.14451554	-0.19902764	0.21555609	-0.24942523	0.2932937	-0.2016099	0.2827162	-0.4700886	0.99999976	-0.5906388	0.12216907	-0.23649181	0.20526586	-0.25589967	0.22074652	-0.17123203
-0.14975868	0.076110184	-0.061129317	0.07029732	-0.0713692	0.13647611	-0.07883378	0.08854735	-0.10203458	0.1042635	-0.1301074	0.15386464	-0.18340129	0.18037541	-0.13399696	0.14642705	-0.16970293	0.1979156	-0.57759136	0.17765006	-0.2398785	0.22426581	-0.5906388	0.99999976	-0.11540455	0.16655135	-0.1600194	0.23559989	-0.3390318	0.14455463
0.11949514	-0.0575053	0.047756925	-0.061031703	0.065890566	-0.08617845	0.04945764	-0.055723947	0.100406475	-0.10226452	0.07464562	-0.08059565	0.09790485	-0.17334418	0.20448156	-0.0759959	0.08048082	-0.088126935	0.16596945	-0.43687692	0.113802016	-0.0849678	0.12216907	-0.11540455	0.99999917	-0.077444576	0.07029063	-0.10775973	0.11534827	-0.8248775
-0.14277346	0.06320167	-0.050728794	0.054355633	-0.05533993	0.12562038	-0.070368	0.07765085	-0.073301576	0.07600536	-0.13140191	0.1412661	-0.14191614	0.11748497	-0.08562103	0.1488052	-0.16586666	0.13466594	-0.17391437	0.10957561	-0.36710632	0.2710296	-0.23649181	0.16655135	-0.077444576	0.99999917	-0.80799097	0.21653742	-0.22409673	0.101613455
0.11770963	-0.056796715	0.045185186	-0.049107935	0.04943778	-0.111603975	0.06279272	-0.07015125	0.06575152	-0.069545604	0.11160395	-0.1314273	0.12113622	-0.1091503	0.07736374	-0.13476183	0.14930691	-0.123064704	0.14854649	-0.101824805	0.2600452	-0.3709446	0.20526586	-0.1600194	0.07029063	-0.80799097	0.999999	-0.29396504	0.20143558	-0.095515974
-0.12544534	0.05762635	-0.046500735	0.052206267	-0.0536481	0.10714032	-0.060192507	0.067182526	-0.07425738	0.07583583	-0.10310996	0.11524062	-0.12772167	0.12171966	-0.09584428	0.11362957	-0.12578942	0.12405169	-0.21241632	0.12177081	-0.2057168	0.17721951	-0.25589967	0.23559989	-0.10775973	0.21653742	-0.29396504	0.999999	-0.83253956	0.13504723
0.11657044	-0.05770533	0.046195265	-0.053280458	0.05411949	-0.10486188	0.058436513	-0.06602826	0.07561618	-0.07918501	0.09592566	-0.111105	0.11830515	-0.13074021	0.09928658	-0.108278014	0.11573712	-0.12108341	0.20294784	-0.1334191	0.17410612	-0.1642433	0.22074652	-0.3390318	0.11534827	-0.22409673	0.20143558	-0.83253956	0.999999	-0.16917764
-0.17417507	0.07297385	-0.06140699	0.07415243	-0.08211394	0.11770109	-0.06608022	0.07361284	-0.12197822	0.115664944	-0.104120016	0.1090411	-0.13665351	0.1798048	-0.23682615	0.10370256	-0.1107475	0.11705209	-0.21913423	0.27601045	-0.16288991	0.11599851	-0.17123203	0.14455463	-0.8248775	0.101613455	-0.095515974	0.13504723	-0.16917764	0.999999
