1.0	-0.53149366	0.22235185	-0.11226363	0.14051378	-0.69233537	0.2590646	-0.19373804	0.098078094	-0.104198016	0.23994386	-0.17789426	0.14716117	-0.13619195	0.09884338	-0.24495168	0.16719057	-0.17104878	0.10682761	-0.114881374	0.13908328	-0.10602049	0.11948829	-0.13951167	0.07837793	-0.07796185	0.07817388	-0.07999976	0.081505515	-0.094113216
-0.53149366	0.99999994	-0.45993343	0.13322374	-0.16907838	0.28569478	-0.5466452	0.28529078	-0.121980436	0.11782314	-0.20163715	0.2038545	-0.18180957	0.14877686	-0.112460084	0.18052146	-0.19087155	0.17334758	-0.11495164	0.1220394	-0.15196651	0.11331776	-0.13239445	0.14407505	-0.08365155	0.08149786	-0.08517106	0.084783584	-0.08856646	0.09836462
0.22235185	-0.45993343	0.9999997	-0.20984708	0.1926	-0.24593721	0.31825867	-0.69286615	0.17579629	-0.16259257	0.16748184	-0.20410156	0.18989573	-0.18459119	0.14072365	-0.18139265	0.1768338	-0.20926377	0.13865142	-0.15328255	0.1501428	-0.11590561	0.13845803	-0.17806026	0.101468645	-0.0847447	0.08653161	-0.09547909	0.09933993	-0.12053593
-0.11226363	0.13322374	-0.20984708	0.9999996	-0.49884063	0.11054695	-0.14828035	0.17218576	-0.7079978	0.28009647	-0.11633711	0.14579067	-0.19354248	0.21807563	-0.25426462	0.11824956	-0.15365696	0.20271963	-0.16591859	0.18794765	-0.15447675	0.11063538	-0.14949267	0.19006899	-0.12377847	0.081593126	-0.08707979	0.101716876	-0.113210805	0.1361378
0.14051378	-0.16907838	0.1926	-0.49884063	0.9999997	-0.14882432	0.16677983	-0.1766328	0.28406376	-0.36937356	0.15467547	-0.20322408	0.23422326	-0.30458966	0.2706443	-0.17094088	0.21027543	-0.3984347	0.26247755	-0.33158287	0.21208948	-0.16226368	0.21836649	-0.37083843	0.20918548	-0.12173031	0.12532412	-0.17305897	0.1802868	-0.26209167
-0.69233537	0.28569478	-0.24593721	0.11054695	-0.14882432	0.9999997	-0.32446066	0.18988074	-0.099159814	0.102496736	-0.4455106	0.18564723	-0.15893413	0.1346413	-0.0995025	0.25081328	-0.19090581	0.16603106	-0.106071375	0.11233486	-0.15697218	0.113989316	-0.12877154	0.13543509	-0.07770791	0.08281276	-0.08518088	0.0818947	-0.08426174	0.092317626
0.2590646	-0.5466452	0.31825867	-0.14828035	0.16677983	-0.32446066	0.9999997	-0.55278856	0.13837603	-0.13178334	0.19035473	-0.33665255	0.20711856	-0.17219278	0.12147528	-0.19350137	0.2054586	-0.1904004	0.12532197	-0.13279592	0.14923488	-0.119311914	0.13382155	-0.15607557	0.08918939	-0.08372659	0.08612497	-0.08820983	0.09117886	-0.104932375
-0.19373804	0.28529078	-0.69286615	0.17218576	-0.1766328	0.18988074	-0.55278856	0.99999964	-0.19948648	0.14208384	-0.14827627	0.19796541	-0.20714052	0.1620944	-0.12718633	0.14545614	-0.16967335	0.16889167	-0.11846785	0.12678021	-0.13392915	0.10228264	-0.12203176	0.14373292	-0.084661044	0.07319309	-0.07649819	0.08031193	-0.08483189	0.09805925
0.098078094	-0.121980436	0.17579629	-0.7079978	0.28406376	-0.099159814	0.13837603	-0.19948648	0.99999946	-0.4924046	0.10109858	-0.13680935	0.17840058	-0.26918134	0.25134453	-0.104401454	0.13505635	-0.18624786	0.16181064	-0.19224642	0.13053328	-0.095962755	0.128299	-0.17913416	0.11518791	-0.0701905	0.074489	-0.08960185	0.09938167	-0.12711032
-0.104198016	0.11782314	-0.16259257	0.28009647	-0.36937356	0.102496736	-0.13178334	0.14208384	-0.4924046	0.9999995	-0.11390255	0.14575665	-0.20317332	0.24640928	-0.64815664	0.11563661	-0.15543234	0.20604846	-0.19551848	0.24544534	-0.16042367	0.114037804	-0.15816702	0.20211937	-0.15140033	0.0838211	-0.090255275	0.107449464	-0.12378869	0.15134698
0.23994386	-0.20163715	0.16748184	-0.11633711	0.15467547	-0.4455106	0.19035473	-0.14827627	0.10109858	-0.11390255	0.9999999	-0.25662714	0.17610583	-0.16172789	0.11159893	-0.7290829	0.2466472	-0.21267165	0.12690432	-0.13393275	0.19138303	-0.14801598	0.1506104	-0.1657218	0.092224084	-0.10745001	0.10405086	-0.0996573	0.098780036	-0.111307666
-0.17789426	0.2038545	-0.20410156	0.14579067	-0.20322408	0.18564723	-0.33665255	0.19796541	-0.13680935	0.14575665	-0.25662714	0.99999994	-0.5474724	0.2476251	-0.15493762	0.23547062	-0.56275403	0.2524002	-0.17302287	0.1661931	-0.21947029	0.19229893	-0.19860575	0.19592795	-0.113889724	0.12091201	-0.13146652	0.11907562	-0.12269512	0.1307057
0.14716117	-0.18180957	0.18989573	-0.19354248	0.23422326	-0.15893413	0.20711856	-0.20714052	0.17840058	-0.20317332	0.17610583	-0.5474724	0.99999976	-0.56891984	0.21082374	-0.19209772	0.2706174	-0.32326055	0.2416795	-0.23053122	0.19618647	-0.16441311	0.19033283	-0.26497713	0.14554514	-0.1122801	0.11656755	-0.1290082	0.1369196	-0.16401672
-0.13619195	0.14877686	-0.18459119	0.21807563	-0.30458966	0.1346413	-0.17219278	0.1620944	-0.26918134	0.24640928	-0.16172789	0.2476251	-0.56891984	0.99999964	-0.36995026	0.16113622	-0.2447807	0.28125584	-0.44302702	0.2712329	-0.21161675	0.15627831	-0.20758311	0.27482805	-0.1730821	0.111135654	-0.12036497	0.13456886	-0.1543112	0.17405285
0.09884338	-0.112460084	0.14072365	-0.25426462	0.2706443	-0.0995025	0.12147528	-0.12718633	0.25134453	-0.64815664	0.11159893	-0.15493762	0.21082374	-0.36995026	0.99999976	-0.116108164	0.15721622	-0.23640795	0.24217255	-0.45742178	0.15838443	-0.11618668	0.16127379	-0.24690042	0.18591683	-0.08478657	0.09068948	-0.116516985	0.13308127	-0.19340156
-0.24495168	0.18052146	-0.18139265	0.11824956	-0.17094088	0.25081328	-0.19350137	0.14545614	-0.104401454	0.11563661	-0.7290829	0.23547062	-0.19209772	0.16113622	-0.116108164	0.9999999	-0.39819312	0.21637896	-0.13137121	0.13629226	-0.28395733	0.18518898	-0.18531144	0.16849898	-0.096297055	0.13085623	-0.13274844	0.1116718	-0.11118491	0.11536932
0.16719057	-0.19087155	0.1768338	-0.15365696	0.21027543	-0.19090581	0.2054586	-0.16967335	0.13505635	-0.15543234	0.2466472	-0.56275403	0.2706174	-0.2447807	0.15721622	-0.39819312	1.0	-0.3802533	0.19088209	-0.19074862	0.2661054	-0.37002802	0.24540396	-0.23596328	0.13147809	-0.17093171	0.17427169	-0.15264885	0.14595541	-0.15655048
-0.17104878	0.17334758	-0.20926377	0.20271963	-0.3984347	0.16603106	-0.1904004	0.16889167	-0.18624786	0.20604846	-0.21267165	0.2524002	-0.32326055	0.28125584	-0.23640795	0.21637896	-0.3802533	1.0	-0.42076218	0.26819748	-0.34371212	0.24692874	-0.3823214	0.31116244	-0.1992931	0.17280556	-0.19267078	0.20066613	-0.22908787	0.20900287
0.10682761	-0.11495164	0.13865142	-0.16591859	0.26247755	-0.106071375	0.12532197	-0.11846785	0.16181064	-0.19551848	0.12690432	-0.17302287	0.2416795	-0.44302702	0.24217255	-0.13137121	0.19088209	-0.42076218	1.0000001	-0.49155393	0.19442242	-0.14232069	0.20779513	-0.5451776	0.21993583	-0.10201674	0.11091647	-0.14143151	0.16865766	-0.20684355
-0.114881374	0.1220394	-0.15328255	0.18794765	-0.33158287	0.11233486	-0.13279592	0.12678021	-0.19224642	0.24544534	-0.13393275	0.1661931	-0.23053122	0.2712329	-0.45742178	0.13629226	-0.19074862	0.26819748	-0.49155393	1.0000002	-0.21412319	0.14991765	-0.22376153	0.30440417	-0.43852735	0.109895386	-0.12044613	0.1553124	-0.19659574	0.26643854
0.13908328	-0.15196651	0.1501428	-0.15447675	0.21208948	-0.15697218	0.14923488	-0.13392915	0.13053328	-0.16042367	0.19138303	-0.21947029	0.19618647	-0.21161675	0.15838443	-0.28395733	0.2661054	-0.34371212	0.19442242	-0.21412319	1.0000001	-0.51552004	0.29622924	-0.28901413	0.15508495	-0.4629034	0.29524085	-0.21790165	0.1828692	-0.20100239
-0.10602049	0.11331776	-0.11590561	0.11063538	-0.16226368	0.113989316	-0.119311914	0.10228264	-0.095962755	0.114037804	-0.14801598	0.19229893	-0.16441311	0.15627831	-0.11618668	0.18518898	-0.37002802	0.24692874	-0.14232069	0.14991765	-0.51552004	1.0	-0.53555715	0.20035654	-0.11334992	0.27888644	-0.4282254	0.19387417	-0.16722156	0.14231044
0.11948829	-0.13239445	0.13845803	-0.14949267	0.21836649	-0.12877154	0.13382155	-0.12203176	0.128299	-0.15816702	0.1506104	-0.19860575	0.19033283	-0.20758311	0.16127379	-0.18531144	0.24540396	-0.3823214	0.20779513	-0.22376153	0.29622924	-0.53555715	0.9999997	-0.32501447	0.17368585	-0.23364243	0.22573261	-0.4394808	0.26264688	-0.23000808
-0.13951167	0.14407505	-0.17806026	0.19006899	-0.37083843	0.13543509	-0.15607557	0.14373292	-0.17913416	0.20211937	-0.1657218	0.19592795	-0.26497713	0.27482805	-0.24690042	0.16849898	-0.23596328	0.31116244	-0.5451776	0.30440417	-0.28901413	0.20035654	-0.32501447	0.99999946	-0.33455148	0.14592385	-0.16205516	0.2120274	-0.29337215	0.25780758
0.07837793	-0.08365155	0.101468645	-0.12377847	0.20918548	-0.07770791	0.08918939	-0.084661044	0.11518791	-0.15140033	0.092224084	-0.113889724	0.14554514	-0.1730821	0.18591683	-0.096297055	0.13147809	-0.1992931	0.21993583	-0.43852735	0.15508495	-0.11334992	0.17368585	-0.33455148	0.9999996	-0.0837421	0.09071026	-0.1655474	0.20324557	-0.75175613
-0.07796185	0.08149786	-0.0847447	0.081593126	-0.12173031	0.08281276	-0.08372659	0.07319309	-0.0701905	0.0838211	-0.10745001	0.12091201	-0.1122801	0.111135654	-0.08478657	0.13085623	-0.17093171	0.17280556	-0.10201674	0.109895386	-0.4629034	0.27888644	-0.23364243	0.14592385	-0.0837421	0.99999964	-0.7956874	0.13924624	-0.12613396	0.10534944
0.07817388	-0.08517106	0.08653161	-0.08707979	0.12532412	-0.08518088	0.08612497	-0.07649819	0.074489	-0.090255275	0.10405086	-0.13146652	0.11656755	-0.12036497	0.09068948	-0.13274844	0.17427169	-0.19267078	0.11091647	-0.12044613	0.29524085	-0.4282254	0.22573261	-0.16205516	0.09071026	-0.7956874	0.9999996	-0.16487584	0.13030148	-0.11639858
-0.07999976	0.084783584	-0.09547909	0.101716876	-0.17305897	0.0818947	-0.08820983	0.08031193	-0.08960185	0.107449464	-0.0996573	0.11907562	-0.1290082	0.13456886	-0.116516985	0.1116718	-0.15264885	0.20066613	-0.14143151	0.1553124	-0.21790165	0.19387417	-0.4394808	0.2120274	-0.1655474	0.13924624	-0.16487584	0.99999964	-0.7754372	0.2062563
0.081505515	-0.08856646	0.09933993	-0.113210805	0.1802868	-0.08426174	0.09117886	-0.08483189	0.09938167	-0.12378869	0.098780036	-0.12269512	0.1369196	-0.1543112	0.13308127	-0.11118491	0.14595541	-0.22908787	0.16865766	-0.19659574	0.1828692	-0.16722156	0.26264688	-0.29337215	0.20324557	-0.12613396	0.13030148	-0.7754372	0.9999999	-0.3434504
-0.094113216	0.09836462	-0.12053593	0.1361378	-0.26209167	0.092317626	-0.104932375	0.09805925	-0.12711032	0.15134698	-0.111307666	0.1307057	-0.16401672	0.17405285	-0.19340156	0.11536932	-0.15655048	0.20900287	-0.20684355	0.26643854	-0.20100239	0.14231044	-0.23000808	0.25780758	-0.75175613	0.10534944	-0.11639858	0.2062563	-0.3434504	0.9999999
