1.0000001	-0.79369175	0.28259107	-0.32256898	0.21307172	-0.19840525	0.17146839	-0.19667913	0.15812688	-0.17987381	0.16570355	-0.16469629	0.16417933	-0.15473117	0.10912279	-0.17599717	0.13567045	-0.13589647	0.12393818	-0.12550879	0.10384893	-0.15751515	0.113652594	-0.099602446	0.089034624	-0.13732389	0.10313526	-0.102106124	0.0984784	-0.08742544
-0.79369175	0.9999997	-0.45951167	0.25504103	-0.1953077	0.14061688	-0.16380274	0.16104041	-0.132986	0.13740648	-0.14092669	0.13289072	-0.14019297	0.11739902	-0.08466388	0.12631097	-0.106725834	0.10289182	-0.096004985	0.093605086	-0.07539114	0.11305548	-0.08594623	0.07496018	-0.06774168	0.09833716	-0.07645909	0.07542331	-0.074717276	0.06509136
0.28259107	-0.45951167	1.0	-0.7109836	0.24755947	-0.11683591	0.13943484	-0.27883452	0.20787258	-0.21037729	0.12244707	-0.13543077	0.18661934	-0.16323578	0.115798384	-0.1560397	0.12401187	-0.12792891	0.12434426	-0.12673968	0.093816176	-0.14291212	0.107293494	-0.096376255	0.0868786	-0.1245694	0.09564805	-0.09543507	0.09471744	-0.08382194
-0.32256898	0.25504103	-0.7109836	1.0	-0.41377917	0.11743282	-0.1412735	0.23069866	-0.3043278	0.22983918	-0.13184567	0.13456596	-0.20100151	0.17073663	-0.1281447	0.15780383	-0.13024543	0.13149986	-0.13503827	0.13343425	-0.09603729	0.14549173	-0.112880595	0.1016963	-0.093218274	0.12692194	-0.09992234	0.099087514	-0.10109393	0.088111244
0.21307172	-0.1953077	0.24755947	-0.41377917	1.0000001	-0.15653777	0.18435524	-0.29399484	0.2663723	-0.40177122	0.17761554	-0.20351708	0.25946587	-0.2932095	0.21211609	-0.36005333	0.23356812	-0.25118977	0.23429404	-0.2587931	0.21426876	-0.33487603	0.22022201	-0.19649443	0.17474721	-0.29465201	0.20858447	-0.2072661	0.19295561	-0.1777541
-0.19840525	0.14061688	-0.11683591	0.11743282	-0.15653777	0.9999996	-0.5017489	0.1620816	-0.10993202	0.11641253	-0.7615442	0.28378996	-0.16099386	0.11736453	-0.08296569	0.16142821	-0.16234665	0.13147548	-0.105086565	0.09227994	-0.092146754	0.12736416	-0.102958776	0.08276702	-0.0738491	0.109592676	-0.089064054	0.08573933	-0.08394108	0.07001206
0.17146839	-0.16380274	0.13943484	-0.1412735	0.18435524	-0.5017489	0.9999996	-0.2870455	0.14882317	-0.15720993	0.30769175	-0.6683242	0.2242258	-0.15809637	0.108199425	-0.20199655	0.21893112	-0.18616192	0.1349802	-0.120262355	0.11381522	-0.16403441	0.13233814	-0.106812224	0.093618214	-0.13879387	0.11157378	-0.11047103	0.10607424	-0.08949603
-0.19667913	0.16104041	-0.27883452	0.23069866	-0.29399484	0.1620816	-0.2870455	0.99999976	-0.45687082	0.27695704	-0.18476973	0.22402883	-0.6298743	0.25262702	-0.18014516	0.18422726	-0.19220072	0.19256766	-0.19269904	0.17144047	-0.11436476	0.16923344	-0.15318337	0.13515967	-0.1237941	0.14571609	-0.124874726	0.1252002	-0.1337379	0.112090826
0.15812688	-0.132986	0.20787258	-0.3043278	0.2663723	-0.10993202	0.14882317	-0.45687082	0.9999995	-0.6977723	0.12402776	-0.14644283	0.26446092	-0.3031505	0.20557877	-0.15585972	0.14089668	-0.14884369	0.17747693	-0.19040456	0.096924275	-0.14630136	0.12564446	-0.12249104	0.11288683	-0.12682645	0.105918266	-0.10764094	0.117388465	-0.10254782
-0.17987381	0.13740648	-0.21037729	0.22983918	-0.40177122	0.11641253	-0.15720993	0.27695704	-0.6977723	0.99999964	-0.14083906	0.15192294	-0.2896031	0.262336	-0.31648135	0.17232089	-0.161091	0.16338426	-0.20969963	0.21972716	-0.10904394	0.16337396	-0.145294	0.14036535	-0.1364095	0.14212386	-0.12272496	0.122846596	-0.1397573	0.118932605
0.16570355	-0.14092669	0.12244707	-0.13184567	0.17761554	-0.7615442	0.30769175	-0.18476973	0.12402776	-0.14083906	0.99999976	-0.41471952	0.17969157	-0.14505099	0.10053421	-0.23762031	0.19700016	-0.17143784	0.12872578	-0.11554074	0.12487213	-0.17323641	0.13056731	-0.10471037	0.09208335	-0.1491829	0.11565045	-0.11150697	0.105408356	-0.089087404
-0.16469629	0.13289072	-0.13543077	0.13456596	-0.20351708	0.28378996	-0.6683242	0.22402883	-0.14644283	0.15192294	-0.41471952	1.0	-0.29288706	0.16656005	-0.11547991	0.21283609	-0.38206625	0.21462631	-0.15303688	0.1260883	-0.123913035	0.17220962	-0.15387356	0.11786173	-0.103751116	0.14497347	-0.1233222	0.120739534	-0.11865618	0.097023495
0.16417933	-0.14019297	0.18661934	-0.20100151	0.25946587	-0.16099386	0.2242258	-0.6298743	0.26446092	-0.2896031	0.17969157	-0.29288706	0.99999976	-0.4201028	0.20710786	-0.22564009	0.22500302	-0.29320925	0.23011437	-0.21665433	0.13857095	-0.20944382	0.18793863	-0.16851929	0.14538778	-0.17865139	0.1489104	-0.15576665	0.15762413	-0.13675922
-0.15473117	0.11739902	-0.16323578	0.17073663	-0.2932095	0.11736453	-0.15809637	0.25262702	-0.3031505	0.262336	-0.14505099	0.16656005	-0.4201028	0.99999994	-0.49467853	0.19161639	-0.1964028	0.21493453	-0.48281124	0.3044948	-0.1263037	0.18919352	-0.19732635	0.22209285	-0.20423387	0.16346602	-0.15365082	0.16043387	-0.2068736	0.16660291
0.10912279	-0.08466388	0.115798384	-0.1281447	0.21211609	-0.08296569	0.108199425	-0.18014516	0.20557877	-0.31648135	0.10053421	-0.11547991	0.20710786	-0.49467853	0.99999994	-0.14562535	0.13576703	-0.15281631	0.2610844	-0.7162028	0.09515682	-0.14484933	0.13996114	-0.16802135	0.17078568	-0.12560564	0.113087796	-0.12067716	0.14899005	-0.14693284
-0.17599717	0.12631097	-0.1560397	0.15780383	-0.36005333	0.16142821	-0.20199655	0.18422726	-0.15585972	0.17232089	-0.23762031	0.21283609	-0.22564009	0.19161639	-0.14562535	1.0	-0.4527071	0.26110938	-0.22358412	0.16361353	-0.53503937	0.31150955	-0.26085097	0.17999116	-0.16643319	0.2910803	-0.2653841	0.2029803	-0.20388484	0.1498882
0.13567045	-0.106725834	0.12401187	-0.13024543	0.23356812	-0.16234665	0.21893112	-0.19220072	0.14089668	-0.161091	0.19700016	-0.38206625	0.22500302	-0.1964028	0.13576703	-0.4527071	0.9999997	-0.6038773	0.21145134	-0.16267355	0.21448486	-0.30288556	0.25883576	-0.1796482	0.1459122	-0.23610026	0.1951065	-0.20022437	0.17413707	-0.14158075
-0.13589647	0.10289182	-0.12792891	0.13149986	-0.25118977	0.13147548	-0.18616192	0.19256766	-0.14884369	0.16338426	-0.17143784	0.21462631	-0.29320925	0.21493453	-0.15281631	0.26110938	-0.6038773	0.99999976	-0.31722745	0.177463	-0.17643654	0.25239867	-0.48788226	0.22246273	-0.17576574	0.20342322	-0.21201362	0.22656552	-0.21335822	0.1592432
0.12393818	-0.096004985	0.12434426	-0.13503827	0.23429404	-0.105086565	0.1349802	-0.19269904	0.17747693	-0.20969963	0.12872578	-0.15303688	0.23011437	-0.48281124	0.2610844	-0.22358412	0.21145134	-0.31722745	0.9999997	-0.40504536	0.14836682	-0.23218945	0.24844842	-0.5114252	0.24684247	-0.19715302	0.17903763	-0.2117115	0.2548537	-0.23124528
-0.12550879	0.093605086	-0.12673968	0.13343425	-0.2587931	0.09227994	-0.120262355	0.17144047	-0.19040456	0.21972716	-0.11554074	0.1260883	-0.21665433	0.3044948	-0.7162028	0.16361353	-0.16267355	0.177463	-0.40504536	0.99999964	-0.11014878	0.1656993	-0.17609988	0.21518761	-0.27399018	0.14397806	-0.13924399	0.14705694	-0.20241146	0.18565145
0.10384893	-0.07539114	0.093816176	-0.09603729	0.21426876	-0.092146754	0.11381522	-0.11436476	0.096924275	-0.10904394	0.12487213	-0.123913035	0.13857095	-0.1263037	0.09515682	-0.53503937	0.21448486	-0.17643654	0.14836682	-0.11014878	0.9999996	-0.5286717	0.20503613	-0.13300212	0.11835956	-0.5659436	0.25805366	-0.18036339	0.15239811	-0.11116552
-0.15751515	0.11305548	-0.14291212	0.14549173	-0.33487603	0.12736416	-0.16403441	0.16923344	-0.14630136	0.16337396	-0.17323641	0.17220962	-0.20944382	0.18919352	-0.14484933	0.31150955	-0.30288556	0.25239867	-0.23218945	0.1656993	-0.5286717	0.9999995	-0.39810815	0.20739415	-0.18679713	0.31864655	-0.40253517	0.2611972	-0.2408267	0.16841565
0.113652594	-0.08594623	0.107293494	-0.112880595	0.22022201	-0.102958776	0.13233814	-0.15318337	0.12564446	-0.145294	0.13056731	-0.15387356	0.18793863	-0.19732635	0.13996114	-0.26085097	0.25883576	-0.48788226	0.24844842	-0.17609988	0.20503613	-0.39810815	0.9999993	-0.36874294	0.20503408	-0.26407936	0.27450672	-0.5038218	0.26990697	-0.20833665
-0.099602446	0.07496018	-0.096376255	0.1016963	-0.19649443	0.08276702	-0.106812224	0.13515967	-0.12249104	0.14036535	-0.10471037	0.11786173	-0.16851929	0.22209285	-0.16802135	0.17999116	-0.1796482	0.22246273	-0.5114252	0.21518761	-0.13300212	0.20739415	-0.36874294	0.9999989	-0.4561034	0.17582917	-0.19391151	0.24311253	-0.503608	0.29058936
0.089034624	-0.06774168	0.0868786	-0.093218274	0.17474721	-0.0738491	0.093618214	-0.1237941	0.11288683	-0.1364095	0.09208335	-0.103751116	0.14538778	-0.20423387	0.17078568	-0.16643319	0.1459122	-0.17576574	0.24684247	-0.27399018	0.11835956	-0.18679713	0.20503408	-0.4561034	0.9999989	-0.1635201	0.15938132	-0.20096602	0.30524236	-0.71961975
-0.13732389	0.09833716	-0.1245694	0.12692194	-0.29465201	0.109592676	-0.13879387	0.14571609	-0.12682645	0.14212386	-0.1491829	0.14497347	-0.17865139	0.16346602	-0.12560564	0.2910803	-0.23610026	0.20342322	-0.19715302	0.14397806	-0.5659436	0.31864655	-0.26407936	0.17582917	-0.1635201	0.99999887	-0.5439011	0.25353962	-0.22173913	0.15041517
0.10313526	-0.07645909	0.09564805	-0.09992234	0.20858447	-0.089064054	0.11157378	-0.124874726	0.105918266	-0.12272496	0.11565045	-0.1233222	0.1489104	-0.15365082	0.113087796	-0.2653841	0.1951065	-0.21201362	0.17903763	-0.13924399	0.25805366	-0.40253517	0.27450672	-0.19391151	0.15938132	-0.5439011	0.99999887	-0.5812801	0.2340415	-0.1743468
-0.102106124	0.07542331	-0.09543507	0.099087514	-0.2072661	0.08573933	-0.11047103	0.1252002	-0.10764094	0.122846596	-0.11150697	0.120739534	-0.15576665	0.16043387	-0.12067716	0.2029803	-0.20022437	0.22656552	-0.2117115	0.14705694	-0.18036339	0.2611972	-0.5038218	0.24311253	-0.20096602	0.25353962	-0.5812801	0.9999988	-0.4401734	0.2054894
0.0984784	-0.074717276	0.09471744	-0.10109393	0.19295561	-0.08394108	0.10607424	-0.1337379	0.117388465	-0.1397573	0.105408356	-0.11865618	0.15762413	-0.2068736	0.14899005	-0.20388484	0.17413707	-0.21335822	0.2548537	-0.20241146	0.15239811	-0.2408267	0.26990697	-0.503608	0.30524236	-0.22173913	0.2340415	-0.4401734	0.99999875	-0.5274361
-0.08742544	0.06509136	-0.08382194	0.088111244	-0.1777541	0.07001206	-0.08949603	0.112090826	-0.10254782	0.118932605	-0.089087404	0.097023495	-0.13675922	0.16660291	-0.14693284	0.1498882	-0.14158075	0.1592432	-0.23124528	0.18565145	-0.11116552	0.16841565	-0.20833665	0.29058936	-0.71961975	0.15041517	-0.1743468	0.2054894	-0.5274361	0.99999875
