1.0000001	0.07993351	0.12540132	-0.62320805	0.05982918	-0.05295123	-0.055727188	0.2750317	-0.37905276	-0.04391393	-0.07966764	0.17669098	-0.05803232	-0.13468473	0.07012574	0.18362935	-0.14017475	-0.20471404	0.14514334	-0.34365875
0.07993351	1.0000001	0.0012799688	-0.15281586	0.22569285	-0.32556868	-0.25333175	-0.065655135	0.071519025	0.070811704	-0.0005558666	0.06361941	-0.035457347	-0.24222533	0.1827301	0.025615864	-0.52203816	-0.42532	0.19817534	0.10358969
0.12540132	0.0012799688	1.0000002	-0.24253875	-0.26284194	-0.13716708	0.09525411	0.15629582	-0.1499923	-0.34083906	-0.536557	0.115926065	0.22118434	-0.24911709	0.16511841	0.20234056	0.0314872	0.14409082	-0.20997433	-0.12935133
-0.62320805	-0.15281586	-0.24253875	1.0000001	-0.0035858355	0.10131414	-0.0028900509	-0.36995065	0.2484011	0.06017985	0.054172218	-0.22322412	0.039479047	0.097610414	-0.03741712	-0.25874102	0.15714107	0.12639041	-0.17432323	0.20400642
0.05982918	0.22569285	-0.26284194	-0.0035858355	1.0000001	-0.030751543	-0.46752584	-0.062565185	0.08496306	0.17803165	0.1258388	-0.067678	-0.0890458	-0.08000273	0.07937716	-0.10467823	-0.35804862	-0.53205854	0.26002812	0.04502136
-0.05295123	-0.32556868	-0.13716708	0.10131414	-0.030751543	1.0000005	0.07427841	-0.0076104305	0.02618017	0.07073695	0.08850625	-0.45635366	-0.10123594	0.2607271	-0.4039381	-0.423668	0.20966677	0.041674946	-0.038156968	0.10431694
-0.055727188	-0.25333175	0.09525411	-0.0028900509	-0.46752584	0.07427841	1.0000005	0.08101415	-0.10354911	-0.37534815	-0.056137238	0.03874233	0.14635575	0.16331032	-0.2443552	0.07514614	0.1934191	0.25042948	-0.47724998	-0.081835546
0.2750317	-0.065655135	0.15629582	-0.36995065	-0.062565185	-0.0076104305	0.08101415	1.0000004	-0.6169655	-0.093372315	-0.06889496	0.21256046	-0.027556397	-0.16177207	0.049014788	0.21318153	-0.060270846	0.016210916	-0.0016075831	-0.4670882
-0.37905276	0.071519025	-0.1499923	0.2484011	0.08496306	0.02618017	-0.10354911	-0.6169655	1.0000002	0.037146714	-0.0107118925	-0.3361624	0.07128465	0.12675992	-0.05324238	-0.3035264	0.019896325	-0.008174604	-0.014053432	0.28927964
-0.04391393	0.070811704	-0.34083906	0.06017985	0.17803165	0.07073695	-0.37534815	-0.093372315	0.037146714	1.0	0.23662238	-0.06791699	-0.5642726	-0.032276288	-0.0043595918	-0.2469001	-0.06271014	-0.20248383	0.26048872	0.12037519
-0.07966764	-0.0005558666	-0.536557	0.054172218	0.1258388	0.08850625	-0.056137238	-0.06889496	-0.0107118925	0.23662238	0.99999994	-0.0057083	-0.48086336	0.14360231	-0.27895343	-0.11928427	-0.12852001	-0.17262967	0.1873616	0.102380276
0.17669098	0.06361941	0.115926065	-0.22322412	-0.067678	-0.45635366	0.03874233	0.21256046	-0.3361624	-0.06791699	-0.0057083	0.9999998	-0.03715463	-0.3024964	0.18784413	0.3007401	-0.20312849	-0.02047432	0.02774799	-0.4035739
-0.05803232	-0.035457347	0.22118434	0.039479047	-0.0890458	-0.10123594	0.14635575	-0.027556397	0.07128465	-0.5642726	-0.48086336	-0.03715463	0.99999994	-0.032358594	0.07259235	0.12081505	0.09481521	0.12947504	-0.395068	-0.07495627
-0.13468473	-0.24222533	-0.24911709	0.097610414	-0.08000273	0.2607271	0.16331032	-0.16177207	0.12675992	-0.032276288	0.14360231	-0.3024964	-0.032358594	0.9999999	-0.6185994	-0.23708835	0.18170017	0.057148155	-0.106249645	0.16601244
0.07012574	0.1827301	0.16511841	-0.03741712	0.07937716	-0.4039381	-0.2443552	0.049014788	-0.05324238	-0.0043595918	-0.27895343	0.18784413	0.07259235	-0.6185994	0.99999976	0.16967016	-0.19188198	-0.033889968	0.053271018	-0.16310632
0.18362935	0.025615864	0.20234056	-0.25874102	-0.10467823	-0.423668	0.07514614	0.21318153	-0.3035264	-0.2469001	-0.11928427	0.3007401	0.12081505	-0.23708835	0.16967016	0.9999998	-0.15638924	0.019121073	-0.044000335	-0.41598362
-0.14017475	-0.52203816	0.0314872	0.15714107	-0.35804862	0.20966677	0.1934191	-0.060270846	0.019896325	-0.06271014	-0.12852001	-0.20312849	0.09481521	0.18170017	-0.19188198	-0.15638924	0.99999976	0.2661145	-0.29034913	-0.04072866
-0.20471404	-0.42532	0.14409082	0.12639041	-0.53205854	0.041674946	0.25042948	0.016210916	-0.008174604	-0.20248383	-0.17262967	-0.02047432	0.12947504	0.057148155	-0.033889968	0.019121073	0.2661145	0.99999976	-0.40869707	-0.042212933
0.14514334	0.19817534	-0.20997433	-0.17432323	0.26002812	-0.038156968	-0.47724998	-0.0016075831	-0.014053432	0.26048872	0.1873616	0.02774799	-0.395068	-0.106249645	0.053271018	-0.044000335	-0.29034913	-0.40869707	0.9999996	0.027514055
-0.34365875	0.10358969	-0.12935133	0.20400642	0.04502136	0.10431694	-0.081835546	-0.4670882	0.28927964	0.12037519	0.102380276	-0.4035739	-0.07495627	0.16601244	-0.16310632	-0.41598362	-0.04072866	-0.042212933	0.027514055	0.9999996
