1.0000001	-0.22491035	0.21219775	-0.27594694	-0.1520113	0.24823111	0.2325369	-0.18718559	0.21796785	0.23040919	-0.39280745	0.29931235	-0.22090794	0.09970963	0.30274922	-0.44959638	0.2668137	-0.3892671	-0.33584893	-0.48144102
-0.22491035	0.99999994	-0.41987032	0.13826141	0.24388817	-0.33108407	-0.22228457	0.25394773	-0.21185745	-0.36057267	0.2529383	-0.23442943	0.23024446	-0.55746716	-0.22996905	0.20604609	-0.20459516	0.20834193	0.31307408	0.15030125
0.21219775	-0.41987032	0.9999999	-0.15905935	-0.3281617	0.25382107	0.20571458	-0.21076192	0.2667075	0.25328666	-0.28185147	0.24548309	-0.57782376	0.21720369	0.21223627	-0.27841058	0.1820348	-0.18841201	-0.42714596	-0.17718388
-0.27594694	0.13826141	-0.15905935	0.99999964	-0.0007124617	-0.052578323	-0.62046194	-0.02628458	-0.08475898	-0.03220402	0.14283352	-0.31814736	0.20955494	-0.015382632	-0.52901995	0.19987728	-0.003095298	0.0530009	0.17036943	0.2037581
-0.1520113	0.24388817	-0.3281617	-0.0007124617	0.9999995	-0.36529008	-0.04155366	0.28562072	-0.57369107	-0.46257493	0.19523081	-0.1453087	0.20331985	-0.3570193	-0.120498665	0.19098708	-0.13836186	0.22370663	0.26656112	0.07587344
0.24823111	-0.33108407	0.25382107	-0.052578323	-0.36529008	0.9999993	0.113528945	-0.4789062	0.3031497	0.3170774	-0.27688083	0.1932343	-0.26055926	0.24287507	0.17355062	-0.2837435	0.26597014	-0.4757571	-0.36373863	-0.22289568
0.2325369	-0.22228457	0.20571458	-0.62046194	-0.04155366	0.113528945	0.99999917	0.0018419807	0.11812211	0.09637099	-0.22751722	0.27355215	-0.40788054	0.026566738	0.2990409	-0.3117445	0.074657254	-0.12278041	-0.25440207	-0.23330262
-0.18718559	0.25394773	-0.21076192	-0.02628458	0.28562072	-0.4789062	0.0018419807	0.99999917	-0.34105337	-0.48595196	0.21750559	-0.08753187	0.1381958	-0.4316999	-0.07692656	0.17699288	-0.3370048	0.260065	0.23920599	0.08993485
0.21796785	-0.21185745	0.2667075	-0.08475898	-0.57369107	0.3031497	0.11812211	-0.34105337	0.9999992	0.29777724	-0.22230944	0.17882517	-0.3333575	0.20926684	0.17564021	-0.32634592	0.21357214	-0.39981583	-0.34286764	-0.14496769
0.23040919	-0.36057267	0.25328666	-0.03220402	-0.46257493	0.3170774	0.09637099	-0.48595196	0.29777724	0.99999917	-0.31998825	0.19102536	-0.22787079	0.2565765	0.16393596	-0.31838334	0.24849765	-0.30336893	-0.3175925	-0.22644533
-0.39280745	0.2529383	-0.28185147	0.14283352	0.19523081	-0.27688083	-0.22751722	0.21750559	-0.22230944	-0.31998825	0.9999993	-0.43026716	0.24680135	-0.21904378	-0.3162856	0.30489272	-0.49787146	0.27956107	0.26318738	0.2818744
0.29931235	-0.23442943	0.24548309	-0.31814736	-0.1453087	0.1932343	0.27355215	-0.08753187	0.17882517	0.19102536	-0.43026716	0.9999993	-0.3850783	0.06927554	0.30671924	-0.35715485	0.21128537	-0.18799245	-0.30690488	-0.51589304
-0.22090794	0.23024446	-0.57782376	0.20955494	0.20331985	-0.26055926	-0.40788054	0.1381958	-0.3333575	-0.22787079	0.24680135	-0.3850783	0.99999917	-0.105115004	-0.27052492	0.2696705	-0.1949861	0.19483684	0.27203128	0.21945171
0.09970963	-0.55746716	0.21720369	-0.015382632	-0.3570193	0.24287507	0.026566738	-0.4316999	0.20926684	0.2565765	-0.21904378	0.06927554	-0.105115004	0.999999	0.07591661	-0.0697769	0.113423005	-0.1537446	-0.4153419	0.01378151
0.30274922	-0.22996905	0.21223627	-0.52901995	-0.120498665	0.17355062	0.2990409	-0.07692656	0.17564021	0.16393596	-0.3162856	0.30671924	-0.27052492	0.07591661	0.99999887	-0.40544075	0.1772773	-0.24021494	-0.27233067	-0.4258509
-0.44959638	0.20604609	-0.27841058	0.19987728	0.19098708	-0.2837435	-0.3117445	0.17699288	-0.32634592	-0.31838334	0.30489272	-0.35715485	0.2696705	-0.0697769	-0.40544075	0.9999986	-0.3816587	0.2847088	0.24815178	0.30093154
0.2668137	-0.20459516	0.1820348	-0.003095298	-0.13836186	0.26597014	0.074657254	-0.3370048	0.21357214	0.24849765	-0.49787146	0.21128537	-0.1949861	0.113423005	0.1772773	-0.3816587	0.99999857	-0.50702816	-0.1564593	-0.3324662
-0.3892671	0.20834193	-0.18841201	0.0530009	0.22370663	-0.4757571	-0.12278041	0.260065	-0.39981583	-0.30336893	0.27956107	-0.18799245	0.19483684	-0.1537446	-0.24021494	0.2847088	-0.50702816	0.99999833	0.22983809	0.2343258
-0.33584893	0.31307408	-0.42714596	0.17036943	0.26656112	-0.36373863	-0.25440207	0.23920599	-0.34286764	-0.3175925	0.26318738	-0.30690488	0.27203128	-0.4153419	-0.27233067	0.24815178	-0.1564593	0.22983809	0.9999982	0.19021685
-0.48144102	0.15030125	-0.17718388	0.2037581	0.07587344	-0.22289568	-0.23330262	0.08993485	-0.14496769	-0.22644533	0.2818744	-0.51589304	0.21945171	0.01378151	-0.4258509	0.30093154	-0.3324662	0.2343258	0.19021685	0.9999982
