1.0000001	-0.034708496	0.19406825	-0.26613033	-0.19442144	0.13019314	-0.21486692	-0.6734848	0.11721701	-0.10808047	-0.12980857	-0.09206016	0.16877395	-0.020020446	0.044799656	0.07730292	-0.32197905	0.14320965	-0.026201576	0.20619927
-0.034708496	0.9999998	-0.21278949	0.17456993	0.13399175	-0.29997966	0.24991015	0.017417928	-0.387156	0.23073187	-0.5180203	-0.43591103	-0.27416748	0.2824864	0.26973462	-0.32891208	0.1835762	-0.20630649	0.26745495	-0.1119213
0.19406825	-0.21278949	0.99999976	-0.6101944	-0.1939968	0.2775127	-0.19518441	-0.22679298	0.20379198	-0.28729466	0.09523684	0.18853422	0.25073683	-0.252206	-0.30208215	0.23825802	-0.12729989	0.22243096	-0.31228158	0.049554326
-0.26613033	0.17456993	-0.6101944	0.9999999	0.09179856	-0.36891055	0.20650408	0.14287885	-0.19913441	0.2720017	-0.048620153	-0.27455866	-0.28905028	0.21157138	0.20958951	-0.34333318	0.14606245	-0.2734041	0.22758509	-0.009223809
-0.19442144	0.13399175	-0.1939968	0.09179856	0.99999976	-0.13295102	0.22750436	0.21580012	-0.29912382	0.027265962	-0.11961001	0.058504846	-0.33556038	0.093160376	-0.04485214	-0.06371967	0.26571485	-0.18450813	0.100964874	-0.6459609
0.13019314	-0.29997966	0.2775127	-0.36891055	-0.13295102	0.9999999	-0.37637866	-0.08873443	0.28707385	-0.40009436	0.21547894	0.24457222	0.2969523	-0.4316657	-0.34420037	0.29278427	-0.2703521	0.27311072	-0.35640505	0.051995214
-0.21486692	0.24991015	-0.19518441	0.20650408	0.22750436	-0.37637866	0.9999999	0.109604836	-0.47290933	0.19504593	-0.22942452	-0.18396483	-0.3897775	0.23408972	0.19197683	-0.22155152	0.3082182	-0.48072374	0.27700946	-0.23508036
-0.6734848	0.017417928	-0.22679298	0.14287885	0.21580012	-0.08873443	0.109604836	0.9999998	-0.07464934	0.015925067	0.11896899	0.10953461	-0.15468316	-0.06401139	-0.1188714	-0.027113263	0.1977132	-0.08805231	-0.043633882	-0.36781517
0.11721701	-0.387156	0.20379198	-0.19913441	-0.29912382	0.28707385	-0.47290933	-0.07464934	0.99999994	-0.21532105	0.24640203	0.18279622	0.30694637	-0.3085231	-0.24605425	0.21777917	-0.418224	0.29685187	-0.39449897	0.15673785
-0.10808047	0.23073187	-0.28729466	0.2720017	0.027265962	-0.40009436	0.19504593	0.015925067	-0.21532105	0.9999998	-0.14555459	-0.36438298	-0.22523537	0.26403922	0.22423774	-0.67734545	0.12329394	-0.18620785	0.223346	0.033630855
-0.12980857	-0.5180203	0.09523684	-0.048620153	-0.11961001	0.21547894	-0.22942452	0.11896899	0.24640203	-0.14555459	0.99999994	0.25079137	0.20202981	-0.4146506	-0.39610872	0.17744732	-0.13045706	0.16339436	-0.35946813	0.021974085
-0.09206016	-0.43591103	0.18853422	-0.27455866	0.058504846	0.24457222	-0.18396483	0.10953461	0.18279622	-0.36438298	0.25079137	0.9999999	0.15530598	-0.26792783	-0.5482325	0.23915005	-0.042424556	0.15604296	-0.23464194	-0.14112642
0.16877395	-0.27416748	0.25073683	-0.28905028	-0.33556038	0.2969523	-0.3897775	-0.15468316	0.30694637	-0.22523537	0.20202981	0.15530598	0.9999996	-0.4563837	-0.1890936	0.23421057	-0.34216967	0.27247843	-0.37672684	0.1454158
-0.020020446	0.2824864	-0.252206	0.21157138	0.093160376	-0.4316657	0.23408972	-0.06401139	-0.3085231	0.26403922	-0.4146506	-0.26792783	-0.4563837	0.9999995	0.2558899	-0.39239684	0.1484827	-0.1699458	0.28531936	0.0026938156
0.044799656	0.26973462	-0.30208215	0.20958951	-0.04485214	-0.34420037	0.19197683	-0.1188714	-0.24605425	0.22423774	-0.39610872	-0.5482325	-0.1890936	0.2558899	0.99999946	-0.18774235	0.08008448	-0.2731119	0.2712512	0.10278727
0.07730292	-0.32891208	0.23825802	-0.34333318	-0.06371967	0.29278427	-0.22155152	-0.027113263	0.21777917	-0.67734545	0.17744732	0.23915005	0.23421057	-0.39239684	-0.18774235	0.9999997	-0.16359915	0.188014	-0.27414733	0.014916007
-0.32197905	0.1835762	-0.12729989	0.14606245	0.26571485	-0.2703521	0.3082182	0.1977132	-0.418224	0.12329394	-0.13045706	-0.042424556	-0.34216967	0.1484827	0.08008448	-0.16359915	0.99999976	-0.46970776	0.20255029	-0.3694812
0.14320965	-0.20630649	0.22243096	-0.2734041	-0.18450813	0.27311072	-0.48072374	-0.08805231	0.29685187	-0.18620785	0.16339436	0.15604296	0.27247843	-0.1699458	-0.2731119	0.188014	-0.46970776	0.9999997	-0.47787207	0.09430878
-0.026201576	0.26745495	-0.31228158	0.22758509	0.100964874	-0.35640505	0.27700946	-0.043633882	-0.39449897	0.223346	-0.35946813	-0.23464194	-0.37672684	0.28531936	0.2712512	-0.27414733	0.20255029	-0.47787207	0.9999998	0.00039747992
0.20619927	-0.1119213	0.049554326	-0.009223809	-0.6459609	0.051995214	-0.23508036	-0.36781517	0.15673785	0.033630855	0.021974085	-0.14112642	0.1454158	0.0026938156	0.10278727	0.014916007	-0.3694812	0.09430878	0.00039747992	0.9999998
