1.0000001	-0.019914985	-0.25287002	-0.3932582	0.26364717	0.18631244	0.11395091	0.07106954	0.21791148	-0.37465495	-0.39793935	-0.2517881	-0.24464728	0.29698074	0.24022795	-0.44742432	0.29507208	0.106201135	-0.1790048	-0.22987066
-0.019914985	0.9999998	0.18890926	-0.07161657	0.115114726	-0.32549027	-0.57883775	-0.5365822	-0.043700088	0.18516918	-0.09614368	0.16325797	0.017018795	0.009359725	-0.14124547	-0.03928882	0.011514999	-0.2056366	0.25264636	0.11546558
-0.25287002	0.18890926	1.0000001	-0.041735962	0.019204374	-0.22702277	-0.3318852	-0.23210935	0.04682355	0.24411868	-0.035515774	0.22499682	0.043230176	-0.20819357	-0.46714008	0.08748412	-0.08574288	-0.5032744	0.2344519	0.29627126
-0.3932582	-0.07161657	-0.041735962	0.99999976	-0.4528521	-0.10915258	-0.0023226247	0.050036352	-0.41215876	0.12905975	0.31901932	0.11272999	0.24774425	-0.26898572	-0.08312022	0.29310504	-0.4785548	0.09882637	0.065711804	-0.0024753178
0.26364717	0.115114726	0.019204374	-0.4528521	0.9999999	0.09809621	-0.11102438	-0.020857517	0.22695807	-0.19577059	-0.56330925	-0.15594445	-0.19138119	0.23601773	0.124360606	-0.36420083	0.27436942	-0.116791405	-0.080907434	-0.104728624
0.18631244	-0.32549027	-0.22702277	-0.10915258	0.09809621	0.99999994	0.20177902	0.24947518	0.08043874	-0.34012425	-0.09448378	-0.59608585	-0.05895624	0.15234268	0.20361388	-0.27473873	0.14755513	0.18862472	-0.40060917	-0.08157368
0.11395091	-0.57883775	-0.3318852	-0.0023226247	-0.11102438	0.20177902	1.0000001	0.29629046	0.09555072	-0.31652877	0.03824488	-0.17040409	-0.14339268	0.10654227	0.2122602	-0.06721207	0.068039894	0.25233755	-0.3993511	-0.26403686
0.07106954	-0.5365822	-0.23210935	0.050036352	-0.020857517	0.24947518	0.29629046	1.0000002	0.068978496	-0.34960222	-0.002396632	-0.33593607	-0.13262354	0.10937223	0.20469183	-0.026468223	0.034862984	0.2545034	-0.46837214	-0.23433219
0.21791148	-0.043700088	0.04682355	-0.41215876	0.22695807	0.08043874	0.09555072	0.068978496	1.0000001	-0.24448702	-0.37616554	-0.088614374	-0.5570624	0.21587537	0.052129697	-0.3241485	0.29101306	-0.038701996	-0.22011673	0.009476746
-0.37465495	0.18516918	0.24411868	0.12905975	-0.19577059	-0.34012425	-0.31652877	-0.34960222	-0.24448702	1.0000001	0.15986577	0.28889385	0.22225161	-0.34485224	-0.33371723	0.23066701	-0.20456973	-0.3045688	0.30389827	0.24495152
-0.39793935	-0.09614368	-0.035515774	0.31901932	-0.56330925	-0.09448378	0.03824488	-0.002396632	-0.37616554	0.15986577	0.9999999	0.1237227	0.24003929	-0.31116107	-0.10443109	0.29342544	-0.4038683	0.065285444	0.09225399	0.053557727
-0.2517881	0.16325797	0.22499682	0.11272999	-0.15594445	-0.59608585	-0.17040409	-0.33593607	-0.088614374	0.28889385	0.1237227	0.9999996	0.13095044	-0.31589237	-0.32014897	0.2201076	-0.20500046	-0.30664688	0.28141814	0.20038463
-0.24464728	0.017018795	0.043230176	0.24774425	-0.19138119	-0.05895624	-0.14339268	-0.13262354	-0.5570624	0.22225161	0.24003929	0.13095044	0.9999998	-0.4285811	-0.13898508	0.25423795	-0.4610209	-0.10009278	0.19709261	0.104178295
0.29698074	0.009359725	-0.20819357	-0.26898572	0.23601773	0.15234268	0.10654227	0.10937223	0.21587537	-0.34485224	-0.31116107	-0.31589237	-0.4285811	0.9999999	0.25914824	-0.37108684	0.2858897	0.1520586	-0.20923187	-0.36560225
0.24022795	-0.14124547	-0.46714008	-0.08312022	0.124360606	0.20361388	0.2122602	0.20469183	0.052129697	-0.33371723	-0.10443109	-0.32014897	-0.13898508	0.25914824	0.9999999	-0.27596524	0.15954253	0.2653133	-0.3076294	-0.54890525
-0.44742432	-0.03928882	0.08748412	0.29310504	-0.36420083	-0.27473873	-0.06721207	-0.026468223	-0.3241485	0.23066701	0.29342544	0.2201076	0.25423795	-0.37108684	-0.27596524	0.99999994	-0.45195162	-0.045892425	0.16484982	0.14450067
0.29507208	0.011514999	-0.08574288	-0.4785548	0.27436942	0.14755513	0.068039894	0.034862984	0.29101306	-0.20456973	-0.4038683	-0.20500046	-0.4610209	0.2858897	0.15954253	-0.45195162	1.0	0.018916037	-0.17338875	-0.12267837
0.106201135	-0.2056366	-0.5032744	0.09882637	-0.116791405	0.18862472	0.25233755	0.2545034	-0.038701996	-0.3045688	0.065285444	-0.30664688	-0.10009278	0.1520586	0.2653133	-0.045892425	0.018916037	1.0	-0.35979477	-0.42066643
-0.1790048	0.25264636	0.2344519	0.065711804	-0.080907434	-0.40060917	-0.3993511	-0.46837214	-0.22011673	0.30389827	0.09225399	0.28141814	0.19709261	-0.20923187	-0.3076294	0.16484982	-0.17338875	-0.35979477	0.99999994	0.20608331
-0.22987066	0.11546558	0.29627126	-0.0024753178	-0.104728624	-0.08157368	-0.26403686	-0.23433219	0.009476746	0.24495152	0.053557727	0.20038463	0.104178295	-0.36560225	-0.54890525	0.14450067	-0.12267837	-0.42066643	0.20608331	0.99999994
