1.0000001	-0.23039792	-0.4222117	-0.14720206	-0.3208022	0.15825278	0.057698216	-0.24111247	0.22000134	0.18450297	0.10290205	0.21736415	0.06859791	0.25725594	-0.18385892	0.055535555	-0.162853	-0.5647135	-0.09668254	0.04772324
-0.23039792	1.0000002	0.042724542	0.20673119	0.13854766	-0.30496562	0.005054071	0.23084149	-0.4904088	-0.43880418	-0.07482158	-0.4858593	-0.07648791	-0.020952102	0.24018075	-0.12014145	0.16057535	0.14893006	0.107740276	-0.0384865
-0.4222117	0.042724542	1.0000002	0.18969779	0.2539009	-0.15314904	-0.24156755	0.018938808	-0.07335718	-0.02850993	-0.3623885	-0.22057067	-0.19056559	-0.5447867	0.12596309	-0.022850981	0.21184845	0.23506694	0.16986832	0.011949349
-0.14720206	0.20673119	0.18969779	1.0000002	0.21631846	-0.4181062	-0.18788694	0.042671435	-0.25628334	-0.20709649	-0.44070143	-0.36375636	-0.38714588	-0.11783359	0.22107899	-0.06439238	0.2847089	0.08657088	0.24619412	0.09643311
-0.3208022	0.13854766	0.2539009	0.21631846	1.0000002	-0.15751305	-0.30587205	-0.09903891	-0.12563185	-0.033065617	-0.4530753	-0.2964124	-0.18824951	-0.30388868	0.18458243	-0.3265159	0.2154085	0.20167711	0.2531677	0.146463
0.15825278	-0.30496562	-0.15314904	-0.4181062	-0.15751305	1.0	0.07757114	-0.24814425	0.24974123	0.22623804	0.16997986	0.26141223	0.21938385	0.071908936	-0.43724984	0.15269212	-0.36421335	-0.08842414	-0.24747322	-0.16794126
0.057698216	0.005054071	-0.24156755	-0.18788694	-0.30587205	0.07757114	0.9999997	0.20539047	-0.06399771	-0.11923418	0.25571164	0.086822614	0.24861762	0.16387409	-0.1119539	0.1743407	-0.32918492	-0.09962554	-0.5886383	-0.22711875
-0.24111247	0.23084149	0.018938808	0.042671435	-0.09903891	-0.24814425	0.20539047	0.9999997	-0.39882973	-0.45396563	0.104732335	-0.25563905	0.05698214	0.0048802267	0.106991805	0.03502551	0.029362593	0.11701345	-0.18674956	-0.069350086
0.22000134	-0.4904088	-0.07335718	-0.25628334	-0.12563185	0.24974123	-0.06399771	-0.39882973	0.99999964	0.31236422	0.05683382	0.25099266	0.06604344	0.098903924	-0.39198261	-0.0043763276	-0.20770614	-0.2621955	-0.062205568	0.082094766
0.18450297	-0.43880418	-0.02850993	-0.20709649	-0.033065617	0.22623804	-0.11923418	-0.45396563	0.31236422	0.99999964	-0.054232143	0.20758635	0.027272977	0.06744426	-0.4231993	0.0123859905	-0.09038852	-0.24409014	-0.03720509	0.09199705
0.10290205	-0.07482158	-0.3623885	-0.44070143	-0.4530753	0.16997986	0.25571164	0.104732335	0.05683382	-0.054232143	0.99999964	0.17095357	0.25412416	0.1409658	-0.15071493	0.18303873	-0.23422052	-0.060426857	-0.32278964	-0.2858705
0.21736415	-0.4858593	-0.22057067	-0.36375636	-0.2964124	0.26141223	0.086822614	-0.25563905	0.25099266	0.20758635	0.17095357	0.9999996	0.15138789	0.095578164	-0.14443776	0.060614645	-0.3347272	-0.13803677	-0.25142825	-0.011843856
0.06859791	-0.07648791	-0.19056559	-0.38714588	-0.18824951	0.21938385	0.24861762	0.05698214	0.06604344	0.027272977	0.25412416	0.15138789	0.99999964	0.10307067	-0.19673088	0.17548405	-0.5772828	-0.057476163	-0.34406486	-0.3529602
0.25725594	-0.020952102	-0.5447867	-0.11783359	-0.30388868	0.071908936	0.16387409	0.0048802267	0.098903924	0.06744426	0.1409658	0.095578164	0.10307067	0.9999996	-0.2223745	0.0070369695	-0.20952044	-0.52924895	-0.10420412	0.041890867
-0.18385892	0.24018075	0.12596309	0.22107899	0.18458243	-0.43724984	-0.1119539	0.106991805	-0.39198261	-0.4231993	-0.15071493	-0.14443776	-0.19673088	-0.2223745	0.99999964	-0.22381625	0.19806966	0.20741853	0.1802515	0.021782467
0.055535555	-0.12014145	-0.022850981	-0.06439238	-0.3265159	0.15269212	0.1743407	0.03502551	-0.0043763276	0.0123859905	0.18303873	0.060614645	0.17548405	0.0070369695	-0.22381625	0.99999946	-0.12614569	-0.09029157	-0.23411609	-0.6435067
-0.162853	0.16057535	0.21184845	0.2847089	0.2154085	-0.36421335	-0.32918492	0.029362593	-0.20770614	-0.09038852	-0.23422052	-0.3347272	-0.5772828	-0.20952044	0.19806966	-0.12614569	0.9999994	0.1396666	0.26489708	0.13170609
-0.5647135	0.14893006	0.23506694	0.08657088	0.20167711	-0.08842414	-0.09962554	0.11701345	-0.2621955	-0.24409014	-0.060426857	-0.13803677	-0.057476163	-0.52924895	0.20741853	-0.09029157	0.1396666	0.99999934	0.06329326	-0.065107
-0.09668254	0.107740276	0.16986832	0.24619412	0.2531677	-0.24747322	-0.5886383	-0.18674956	-0.062205568	-0.03720509	-0.32278964	-0.25142825	-0.34406486	-0.10420412	0.1802515	-0.23411609	0.26489708	0.06329326	0.9999993	0.19014579
0.04772324	-0.0384865	0.011949349	0.09643311	0.146463	-0.16794126	-0.22711875	-0.069350086	0.082094766	0.09199705	-0.2858705	-0.011843856	-0.3529602	0.041890867	0.021782467	-0.6435067	0.13170609	-0.065107	0.19014579	0.9999993
