1.0000001	0.05553666	-0.17130119	-0.31683233	0.11424507	0.29542825	0.23922957	-0.007012443	0.17637636	-0.3978769	-0.23363467	0.07657221	-0.22563931	-0.31708443	0.30082503	0.19932391	-0.18706813	-0.43946654	-0.07614923	-0.08547158
0.05553666	1.0000002	0.22191192	0.20304333	-0.38790837	0.03890084	0.15771592	-0.011114487	-0.13245966	0.127846	0.12839046	-0.32761472	-0.29182857	-0.31139046	0.09990247	0.12853047	-0.16210964	0.02000226	-0.022491205	-0.5348623
-0.17130119	0.22191192	1.0000004	0.24698323	-0.46915892	-0.1259424	-0.029742379	-0.291667	-0.010250624	0.21563834	0.014882127	-0.56919944	-0.017258678	-0.01753671	0.0059955283	0.10468658	-0.15153891	0.15430376	0.16404836	-0.27485305
-0.31683233	0.20304333	0.24698323	1.0000001	-0.44633695	-0.32738814	-0.08045108	-0.017264104	-0.22550565	0.312113	0.17805386	-0.28419995	-0.04648012	0.058890358	-0.22215007	-0.0020348944	-0.02302925	0.24094869	0.024667934	-0.27302745
0.11424507	-0.38790837	-0.46915892	-0.44633695	0.99999994	0.078471355	-0.06763366	0.055283938	0.1276106	-0.36991975	-0.19754641	0.25875401	0.13398296	0.053097077	0.027042028	-0.04786383	0.062629685	-0.18307884	-0.014486732	0.2728167
0.29542825	0.03890084	-0.1259424	-0.32738814	0.078471355	0.9999997	0.26238927	0.028618416	0.10465141	-0.29477468	-0.10165505	0.09044022	-0.28404424	-0.47236067	0.27275628	0.1471752	-0.049169574	-0.47804084	-0.07570319	-0.10975191
0.23922957	0.15771592	-0.029742379	-0.08045108	-0.06763366	0.26238927	0.99999964	0.12327651	-0.028779846	-0.18386723	0.009135203	0.05332394	-0.6211412	-0.38840938	0.23163371	0.08848549	0.007569081	-0.29282218	-0.23827413	-0.24163707
-0.007012443	-0.011114487	-0.291667	-0.017264104	0.055283938	0.028618416	0.12327651	0.9999996	-0.35853496	-0.018765545	0.22921707	0.22960751	-0.15570022	-0.05143556	-0.06921173	-0.1901705	0.23937404	-0.116783634	-0.62113845	0.003421637
0.17637636	-0.13245966	-0.010250624	-0.22550565	0.1276106	0.10465141	-0.028779846	-0.35853496	0.9999998	-0.28989568	-0.5983276	-0.039968573	0.06654479	-0.006065864	0.1636811	0.19335863	-0.31018952	-0.17103556	0.2184811	0.120309815
-0.3978769	0.127846	0.21563834	0.312113	-0.36991975	-0.29477468	-0.18386723	-0.018765545	-0.28989568	0.9999998	0.20845753	-0.2578506	0.01789344	0.14004464	-0.31882197	-0.09905606	0.062146436	0.27575657	0.024718065	-0.15378553
-0.23363467	0.12839046	0.014882127	0.17805386	-0.19754641	-0.10165505	0.009135203	0.22921707	-0.5983276	0.20845753	0.9999997	0.023370778	-0.042860847	-0.003900559	-0.15486297	-0.26559046	0.20854305	0.12474992	-0.33788025	-0.1885409
0.07657221	-0.32761472	-0.56919944	-0.28419995	0.25875401	0.09044022	0.05332394	0.22960751	-0.039968573	-0.2578506	0.023370778	0.99999964	0.0037512432	0.025274923	-0.068032295	-0.18308406	0.20310672	-0.14586969	-0.29466763	0.2062857
-0.22563931	-0.29182857	-0.017258678	-0.04648012	0.13398296	-0.28404424	-0.6211412	-0.15570022	0.06654479	0.01789344	-0.042860847	0.0037512432	0.9999997	0.27553073	-0.28948537	-0.09276486	-0.010825739	0.17686169	0.17256154	0.23090297
-0.31708443	-0.31139046	-0.01753671	0.058890358	0.053097077	-0.47236067	-0.38840938	-0.05143556	-0.006065864	0.14004464	-0.003900559	0.025274923	0.27553073	0.9999995	-0.36823958	-0.294453	0.118667416	0.23975143	0.09119146	0.2284286
0.30082503	0.09990247	0.0059955283	-0.22215007	0.027042028	0.27275628	0.23163371	-0.06921173	0.1636811	-0.31882197	-0.15486297	-0.068032295	-0.28948537	-0.36823958	0.9999996	0.26312128	-0.32864076	-0.3773507	-0.023551604	-0.14460981
0.19932391	0.12853047	0.10468658	-0.0020348944	-0.04786383	0.1471752	0.08848549	-0.1901705	0.19335863	-0.09905606	-0.26559046	-0.18308406	-0.09276486	-0.294453	0.26312128	0.9999996	-0.5984343	-0.24641143	0.112633735	-0.21745124
-0.18706813	-0.16210964	-0.15153891	-0.02302925	0.062629685	-0.049169574	0.007569081	0.23937404	-0.31018952	0.062146436	0.20854305	0.20310672	-0.010825739	0.118667416	-0.32864076	-0.5984343	0.9999996	0.07775441	-0.27894548	0.12016094
-0.43946654	0.02000226	0.15430376	0.24094869	-0.18307884	-0.47804084	-0.29282218	-0.116783634	-0.17103556	0.27575657	0.12474992	-0.14586969	0.17686169	0.23975143	-0.3773507	-0.24641143	0.07775441	0.9999997	0.13702613	0.0037048678
-0.07614923	-0.022491205	0.16404836	0.024667934	-0.014486732	-0.07570319	-0.23827413	-0.62113845	0.2184811	0.024718065	-0.33788025	-0.29466763	0.17256154	0.09119146	-0.023551604	0.112633735	-0.27894548	0.13702613	0.9999997	0.037959892
-0.08547158	-0.5348623	-0.27485305	-0.27302745	0.2728167	-0.10975191	-0.24163707	0.003421637	0.120309815	-0.15378553	-0.1885409	0.2062857	0.23090297	0.2284286	-0.14460981	-0.21745124	0.12016094	0.0037048678	0.037959892	0.9999997
