1.0000001	0.117076434	-0.13884373	0.011725371	-0.19856848	0.18466973	0.14615402	0.1624653	-0.15306993	-0.325398	-0.25679955	0.18151681	-0.11242167	-0.11405722	-0.10043551	0.20531847	-0.6433391	-0.32808942	0.22435643	0.13774079
0.117076434	1.0	-0.42920876	-0.4533478	-0.31859955	0.29310727	0.24648309	0.03675228	-0.3422449	-0.14211857	-0.4057324	0.27168667	-0.35117015	-0.3775196	0.019264776	0.19954062	-0.01358116	0.13398875	0.21255925	0.30306348
-0.13884373	-0.42920876	1.0	0.2440152	0.24372712	-0.39954612	-0.18008214	-0.102778874	0.30480343	0.16523944	0.2763951	-0.4970947	0.2851285	0.24706006	0.018584918	-0.2392244	0.018782103	-0.15106045	-0.33372873	-0.332167
0.011725371	-0.4533478	0.2440152	1.0000001	0.20234893	-0.25436994	-0.22781155	0.08635402	0.17499454	-0.005188574	0.23235889	-0.16160034	0.24932104	0.21993168	-0.19518715	-0.131679	-0.21671832	-0.44824526	-0.08267136	-0.24422923
-0.19856848	-0.31859955	0.24372712	0.20234893	1.0000002	-0.44890633	-0.4444781	-0.14631177	0.26045972	0.23967366	0.21376376	-0.1987049	0.23777828	0.31003132	0.08858212	-0.49853557	0.102417804	-0.06675688	-0.22155221	-0.35636827
0.18466973	0.29310727	-0.39954612	-0.25436994	-0.44890633	1.0000001	0.2858056	0.12147763	-0.46814308	-0.27821046	-0.33616138	0.27709636	-0.21290049	-0.38485393	-0.089094445	0.2508319	-0.14428833	0.036304094	0.26116604	0.30601534
0.14615402	0.24648309	-0.18008214	-0.22781155	-0.4444781	0.2858056	1.0000001	0.14336145	-0.25486356	-0.3326945	-0.36324456	0.18685013	-0.15443107	-0.55796486	-0.17725639	0.23080578	-0.07737483	0.0153767355	0.24624595	0.26911837
0.1624653	0.03675228	-0.102778874	0.08635402	-0.14631177	0.12147763	0.14336145	1.0000001	-0.079807855	-0.34030342	0.016274713	0.032175828	0.022288818	-0.12828292	-0.6969765	0.1553398	-0.27142957	-0.32298362	0.22234625	0.09003904
-0.15306993	-0.3422449	0.30480343	0.17499454	0.26045972	-0.46814308	-0.25486356	-0.079807855	1.0	0.20654446	0.28047404	-0.5231075	0.25888774	0.2664213	0.059132934	-0.25041243	0.10332423	-0.060687866	-0.31807047	-0.46463403
-0.325398	-0.14211857	0.16523944	-0.005188574	0.23967366	-0.27821046	-0.3326945	-0.34030342	0.20654446	1.0	0.1330846	-0.24290633	0.1465947	0.21238075	0.22670583	-0.42939284	0.23900811	0.18133031	-0.45844203	-0.19590689
-0.25679955	-0.4057324	0.2763951	0.23235889	0.21376376	-0.33616138	-0.36324456	0.016274713	0.28047404	0.1330846	1.0	-0.4132852	0.23648085	0.25060123	-0.0513966	-0.069192015	0.06667389	-0.13387771	-0.3008481	-0.37556884
0.18151681	0.27168667	-0.4970947	-0.16160034	-0.1987049	0.27709636	0.18685013	0.032175828	-0.5231075	-0.24290633	-0.4132852	1.0000001	-0.3495367	-0.20545898	-0.0028558068	0.20149177	-0.1392764	0.040104274	0.25925323	0.28365123
-0.11242167	-0.35117015	0.2851285	0.24932104	0.23777828	-0.21290049	-0.15443107	0.022288818	0.25888774	0.1465947	0.23648085	-0.3495367	0.9999999	0.23012725	-0.11054496	-0.3905356	-0.030105053	-0.22905165	-0.30987507	-0.41603348
-0.11405722	-0.3775196	0.24706006	0.21993168	0.31003132	-0.38485393	-0.55796486	-0.12828292	0.2664213	0.21238075	0.25060123	-0.20545898	0.23012725	0.99999976	0.09176496	-0.32036695	0.029324632	-0.060877718	-0.27571565	-0.4325444
-0.10043551	0.019264776	0.018584918	-0.19518715	0.08858212	-0.089094445	-0.17725639	-0.6969765	0.059132934	0.22670583	-0.0513966	-0.0028558068	-0.11054496	0.09176496	0.9999996	-0.11861724	0.18455362	0.23148845	-0.29970026	-0.078012384
0.20531847	0.19954062	-0.2392244	-0.131679	-0.49853557	0.2508319	0.23080578	0.1553398	-0.25041243	-0.42939284	-0.069192015	0.20149177	-0.3905356	-0.32036695	-0.11861724	0.9999995	-0.20500265	-0.07992172	0.25390851	0.23564397
-0.6433391	-0.01358116	0.018782103	-0.21671832	0.102417804	-0.14428833	-0.07737483	-0.27142957	0.10332423	0.23900811	0.06667389	-0.1392764	-0.030105053	0.029324632	0.18455362	-0.20500265	0.9999991	0.2789998	-0.19873318	-0.08323468
-0.32808942	0.13398875	-0.15106045	-0.44824526	-0.06675688	0.036304094	0.0153767355	-0.32298362	-0.060687866	0.18133031	-0.13387771	0.040104274	-0.22905165	-0.060877718	0.23148845	-0.07992172	0.2789998	0.99999905	-0.13498236	0.098943196
0.22435643	0.21255925	-0.33372873	-0.08267136	-0.22155221	0.26116604	0.24624595	0.22234625	-0.31807047	-0.45844203	-0.3008481	0.25925323	-0.30987507	-0.27571565	-0.29970026	0.25390851	-0.19873318	-0.13498236	0.99999905	0.25448477
0.13774079	0.30306348	-0.332167	-0.24422923	-0.35636827	0.30601534	0.26911837	0.09003904	-0.46463403	-0.19590689	-0.37556884	0.28365123	-0.41603348	-0.4325444	-0.078012384	0.23564397	-0.08323468	0.098943196	0.25448477	0.99999905
