1.0	-0.0011362332	0.025571879	0.17410794	-0.26666275	0.24074917	-0.3056224	0.045327257	0.20049027	-0.4848783	0.15841669	-0.59676194	-0.06695837	0.04757525	-0.1799297	-0.021974465	-0.080740206	-0.19074091	0.1633412	0.13982657
-0.0011362332	1.0	-0.5082194	0.25809184	-0.18801641	0.18081199	-0.13483663	0.2962123	0.15687302	-0.11146197	0.18160236	-0.085782886	-0.35352772	-0.374856	-0.27262074	0.27151233	-0.48990765	-0.10326423	0.23510464	0.04342242
0.025571879	-0.5082194	1.0000002	-0.32751667	0.23448768	-0.25714642	0.17208359	-0.36228576	-0.3027612	0.13300987	-0.14240701	0.039347988	0.2861945	0.28468892	0.1856168	-0.37584302	0.21387646	-0.11120923	-0.30931622	0.121826895
0.17410794	0.25809184	-0.32751667	1.0000001	-0.47004396	0.28254542	-0.2766062	0.2783908	0.28336692	-0.2579195	0.23375018	-0.3112186	-0.41144347	-0.27566436	-0.31930533	0.23323998	-0.31172144	-0.07703082	0.3059146	-0.010936376
-0.26666275	-0.18801641	0.23448768	-0.47004396	0.99999994	-0.31989264	0.26512864	-0.3066788	-0.47989234	0.2376703	-0.16907586	0.21333387	0.25258827	0.18763182	0.20600115	-0.1982954	0.18319063	-0.08114901	-0.4082349	0.10790967
0.24074917	0.18081199	-0.25714642	0.28254542	-0.31989264	0.9999999	-0.39782986	0.22066367	0.2676531	-0.4994393	0.2531528	-0.34354815	-0.34097236	-0.08030384	-0.37572202	0.15100485	-0.24948485	-0.06923436	0.30785233	0.029141497
-0.3056224	-0.13483663	0.17208359	-0.2766062	0.26512864	-0.39782986	0.9999998	-0.34969306	-0.44642612	0.27279967	-0.4401766	0.25453806	0.24201559	0.13018909	0.2811027	-0.13241692	0.19824885	0.10345923	-0.3569986	-0.07895911
0.045327257	0.2962123	-0.36228576	0.2783908	-0.3066788	0.22066367	-0.34969306	0.9999997	0.21509708	-0.16886595	0.20110106	-0.08771702	-0.35994038	-0.33998924	-0.21508801	0.25439137	-0.5063608	-0.15904629	0.2746037	0.06987932
0.20049027	0.15687302	-0.3027612	0.28336692	-0.47989234	0.2676531	-0.44642612	0.21509708	0.9999996	-0.2819578	0.19039664	-0.34660444	-0.21895222	-0.28192425	-0.22683385	0.1939661	-0.12852836	0.03473672	0.27254975	-0.10124825
-0.4848783	-0.11146197	0.13300987	-0.2579195	0.2376703	-0.4994393	0.27279967	-0.16886595	-0.2819578	0.9999994	-0.20503244	0.28376648	0.20313759	0.088538446	0.23051725	-0.1967634	0.17360134	0.1292677	-0.40179804	-0.1441913
0.15841669	0.18160236	-0.14240701	0.23375018	-0.16907586	0.2531528	-0.4401766	0.20110106	0.19039664	-0.20503244	0.99999917	-0.21421026	-0.3525937	-0.13556604	-0.669154	0.14443943	-0.15834694	-0.21509449	0.21929766	0.11950182
-0.59676194	-0.085782886	0.039347988	-0.3112186	0.21333387	-0.34354815	0.25453806	-0.08771702	-0.34660444	0.28376648	-0.21421026	0.9999991	0.11942586	-0.026781924	0.2011815	-4.971943e-5	0.13480073	0.17133166	-0.20849821	-0.19655204
-0.06695837	-0.35352772	0.2861945	-0.41144347	0.25258827	-0.34097236	0.24201559	-0.35994038	-0.21895222	0.20313759	-0.3525937	0.11942586	0.999999	0.25359294	0.27955714	-0.40161738	0.25434375	0.025142675	-0.43184873	0.021857142
0.04757525	-0.374856	0.28468892	-0.27566436	0.18763182	-0.08030384	0.13018909	-0.33998924	-0.28192425	0.088538446	-0.13556604	-0.026781924	0.25359294	0.9999989	0.15521725	-0.6636609	0.19311388	-0.02541979	-0.1877801	0.051399983
-0.1799297	-0.27262074	0.1856168	-0.31930533	0.20600115	-0.37572202	0.2811027	-0.21508801	-0.22683385	0.23051725	-0.669154	0.2011815	0.27955714	0.15521725	0.99999887	-0.22001791	0.19795534	0.1323339	-0.28521848	-0.10559181
-0.021974465	0.27151233	-0.37584302	0.23323998	-0.1982954	0.15100485	-0.13241692	0.25439137	0.1939661	-0.1967634	0.14443943	-4.971943e-5	-0.40161738	-0.6636609	-0.22001791	0.99999887	-0.22380832	0.0064315093	0.22191031	-0.042447288
-0.080740206	-0.48990765	0.21387646	-0.31172144	0.18319063	-0.24948485	0.19824885	-0.5063608	-0.12852836	0.17360134	-0.15834694	0.13480073	0.25434375	0.19311388	0.19795534	-0.22380832	0.9999988	0.19003655	-0.35871744	-0.23155025
-0.19074091	-0.10326423	-0.11120923	-0.07703082	-0.08114901	-0.06923436	0.10345923	-0.15904629	0.03473672	0.1292677	-0.21509449	0.17133166	0.025142675	-0.02541979	0.1323339	0.0064315093	0.19003655	0.99999875	-0.009712051	-0.7508375
0.1633412	0.23510464	-0.30931622	0.3059146	-0.4082349	0.30785233	-0.3569986	0.2746037	0.27254975	-0.40179804	0.21929766	-0.20849821	-0.43184873	-0.1877801	-0.28521848	0.22191031	-0.35871744	-0.009712051	0.9999988	-0.042450186
0.13982657	0.04342242	0.121826895	-0.010936376	0.10790967	0.029141497	-0.07895911	0.06987932	-0.10124825	-0.1441913	0.11950182	-0.19655204	0.021857142	0.051399983	-0.10559181	-0.042447288	-0.23155025	-0.7508375	-0.042450186	0.9999988
