1.0000001	-0.15887935	-0.3953255	-0.47131938	0.27391636	-0.40849394	-0.24374193	-0.31674996	0.11443577	0.3056618	0.076901056	0.24779528	-0.018677369	0.21261306	0.12887059	0.24808173	-0.24630897	-0.22262898	0.17776705	-0.30391702
-0.15887935	0.99999994	0.16437863	0.08756854	-0.0102523025	0.21760546	0.13664383	-0.07536061	0.13776013	-0.16196628	-0.52155894	0.02495965	-0.48440155	0.04657213	-0.09874778	-0.10391086	-0.021754693	-0.15062834	0.027115189	-0.05514219
-0.3953255	0.16437863	0.9999999	0.3061519	-0.34661904	0.27486148	0.24128713	0.121911794	-0.021145316	-0.39660272	-0.15662879	-0.23435318	-0.045669105	-0.16049054	-0.24356149	-0.51334375	0.17249328	0.08483367	-0.10288536	0.25070745
-0.47131938	0.08756854	0.3061519	0.99999964	-0.48557127	0.2620964	0.26011282	0.13129246	-0.046806328	-0.3000933	-0.11732875	-0.2585669	0.05000611	-0.17067477	-0.27539366	-0.3679127	0.19159171	0.10400035	-0.16018738	0.2610347
0.27391636	-0.0102523025	-0.34661904	-0.48557127	0.9999996	-0.27842402	-0.27510008	-0.114742376	0.11872656	0.26440543	0.0015317289	0.20874949	-0.18144122	0.21186094	0.1075306	0.29917684	-0.37654093	-0.1524323	0.19315733	-0.45793134
-0.40849394	0.21760546	0.27486148	0.2620964	-0.27842402	0.99999976	0.2075794	0.1662501	-0.058624096	-0.43091857	-0.14563335	-0.20943935	-0.10556837	-0.29207125	-0.17611259	-0.23480509	0.20125145	0.099854745	-0.28709126	0.1976834
-0.24374193	0.13664383	0.24128713	0.26011282	-0.27510008	0.2075794	0.9999996	-0.09917513	0.13023172	-0.121985495	-0.32454282	-0.021453535	-0.08755397	0.0048683933	-0.5677479	-0.26815584	0.035374288	-0.14686422	0.010608039	0.12961616
-0.31674996	-0.07536061	0.121911794	0.13129246	-0.114742376	0.1662501	-0.09917513	0.9999995	-0.38831756	-0.33484638	0.15699473	-0.49488336	0.17472418	-0.3491959	0.12475093	-0.03995612	0.25229895	0.30785117	-0.38192704	0.15908019
0.11443577	0.13776013	-0.021145316	-0.046806328	0.11872656	-0.058624096	0.13023172	-0.38831756	0.99999964	0.15264909	-0.18273214	0.25798795	-0.3859218	0.27656686	-0.24796288	-0.00031540112	-0.45075175	-0.50292504	0.2359671	-0.13882197
0.3056618	-0.16196628	-0.39660272	-0.3000933	0.26440543	-0.43091857	-0.121985495	-0.33484638	0.15264909	0.9999997	-0.023798529	0.27090412	-0.07175741	0.2629616	0.035073616	0.25043845	-0.30680367	-0.23408149	0.24693003	-0.40616983
0.076901056	-0.52155894	-0.15662879	-0.11732875	0.0015317289	-0.14563335	-0.32454282	0.15699473	-0.18273214	-0.023798529	0.99999964	-0.1774041	0.2633145	-0.22747074	0.24161534	0.051567044	0.116326004	0.18781541	-0.29293165	0.073964104
0.24779528	0.02495965	-0.23435318	-0.2585669	0.20874949	-0.20943935	-0.021453535	-0.49488336	0.25798795	0.27090412	-0.1774041	0.9999996	-0.2507507	0.3055479	-0.09754988	0.14001384	-0.2824952	-0.48011613	0.26862708	-0.21757226
-0.018677369	-0.48440155	-0.045669105	0.05000611	-0.18144122	-0.10556837	-0.08755397	0.17472418	-0.3859218	-0.07175741	0.2633145	-0.2507507	0.9999995	-0.32076383	0.13162227	-0.08177027	0.19626099	0.24376638	-0.198766	0.17334749
0.21261306	0.04657213	-0.16049054	-0.17067477	0.21186094	-0.29207125	0.0048683933	-0.3491959	0.27656686	0.2629616	-0.22747074	0.3055479	-0.32076383	0.9999996	-0.1723121	0.15864193	-0.39944378	-0.42003834	0.30361938	-0.27079025
0.12887059	-0.09874778	-0.24356149	-0.27539366	0.1075306	-0.17611259	-0.5677479	0.12475093	-0.24796288	0.035073616	0.24161534	-0.09754988	0.13162227	-0.1723121	0.99999934	0.1455552	0.07908943	0.15254773	-0.24003036	-0.027236462
0.24808173	-0.10391086	-0.51334375	-0.3679127	0.29917684	-0.23480509	-0.26815584	-0.03995612	-0.00031540112	0.25043845	0.051567044	0.14001384	-0.08177027	0.15864193	0.1455552	0.9999992	-0.25134233	-0.053308796	0.140102	-0.5187551
-0.24630897	-0.021754693	0.17249328	0.19159171	-0.37654093	0.20125145	0.035374288	0.25229895	-0.45075175	-0.30680367	0.116326004	-0.2824952	0.19626099	-0.39944378	0.07908943	-0.25134233	0.9999992	0.25725815	-0.43461132	0.26810914
-0.22262898	-0.15062834	0.08483367	0.10400035	-0.1524323	0.099854745	-0.14686422	0.30785117	-0.50292504	-0.23408149	0.18781541	-0.48011613	0.24376638	-0.42003834	0.15254773	-0.053308796	0.25725815	0.9999991	-0.23157981	0.15667677
0.17776705	0.027115189	-0.10288536	-0.16018738	0.19315733	-0.28709126	0.010608039	-0.38192704	0.2359671	0.24693003	-0.29293165	0.26862708	-0.198766	0.30361938	-0.24003036	0.140102	-0.43461132	-0.23157981	0.99999917	-0.27388215
-0.30391702	-0.05514219	0.25070745	0.2610347	-0.45793134	0.1976834	0.12961616	0.15908019	-0.13882197	-0.40616983	0.073964104	-0.21757226	0.17334749	-0.27079025	-0.027236462	-0.5187551	0.26810914	0.15667677	-0.27388215	0.99999917
