0.99999994	0.21586528	-0.13109498	0.2149089	0.19231695	0.19192027	-0.19065256	0.2616976	-0.25523952	-0.36694828	0.25016758	-0.19261828	-0.31429732	-0.4153243	-0.4640662	0.16800928	-0.48804188	0.29726437	0.28863326	-0.2624991
0.21586528	0.9999997	-0.1987372	0.26937222	0.17378259	0.18687038	-0.37966946	0.23001005	-0.39209765	-0.27711985	0.22642732	-0.2385853	-0.13640773	-0.06819344	-0.29003423	0.24478525	-0.45460147	0.17311883	0.21136379	-0.4961482
-0.13109498	-0.1987372	0.99999946	-0.4661023	-0.38866478	-0.39890116	0.2791012	-0.361879	0.23648027	0.23297882	-0.22601694	0.25430158	0.28816795	0.12381595	0.19560063	-0.40790156	0.1775278	-0.10035192	-0.33563685	0.22731279
0.2149089	0.26937222	-0.4661023	0.99999964	0.21037893	0.22360544	-0.4214147	0.25055292	-0.36552492	-0.24203931	0.2647694	-0.1586845	-0.37016	-0.079152614	-0.34382594	0.2996708	-0.30506024	0.16060564	0.23724234	-0.37914103
0.19231695	0.17378259	-0.38866478	0.21037893	0.9999996	0.27399492	-0.18038467	0.30061775	-0.41364706	-0.40097877	0.24237473	-0.51097274	-0.37996843	-0.2915525	-0.25272036	0.1749688	-0.12950388	0.23648146	0.27756244	-0.13408478
0.19192027	0.18687038	-0.39890116	0.22360544	0.27399492	0.99999964	-0.26124713	0.30176276	-0.2267733	-0.34901237	0.2660914	-0.44773388	-0.37909603	-0.34386083	-0.14588742	0.19592094	-0.122058414	0.1977921	0.25046435	-0.41385123
-0.19065256	-0.37966946	0.2791012	-0.4214147	-0.18038467	-0.26124713	0.9999997	-0.27944013	0.2292348	0.21331045	-0.30830026	0.17543429	0.2610314	0.07507844	0.2085225	-0.61948323	0.23903242	-0.10421709	-0.2191553	0.28321907
0.2616976	0.23001005	-0.361879	0.25055292	0.30061775	0.30176276	-0.27944013	0.99999976	-0.3117595	-0.38349366	0.26994246	-0.5029862	-0.3420389	-0.34401974	-0.29307353	0.21444777	-0.29174235	0.25272214	0.3118153	-0.28313488
-0.25523952	-0.39209765	0.23648027	-0.36552492	-0.41364706	-0.2267733	0.2292348	-0.3117595	0.99999964	0.30564728	-0.42816252	0.24356185	0.2753446	0.21699227	0.29291508	-0.19127621	0.22264688	-0.41389868	-0.27810794	0.2536646
-0.36694828	-0.27711985	0.23297882	-0.24203931	-0.40097877	-0.34901237	0.21331045	-0.38349366	0.30564728	0.99999976	-0.34148842	0.27565655	0.29627126	0.27827471	0.28758043	-0.23209819	0.24191853	-0.47822613	-0.29881945	0.23858662
0.25016758	0.22642732	-0.22601694	0.2647694	0.24237473	0.2660914	-0.30830026	0.26994246	-0.42816252	-0.34148842	0.99999964	-0.2196965	-0.4094885	-0.30296692	-0.40470836	0.19634715	-0.12777306	0.25454816	0.24540746	-0.4474734
-0.19261828	-0.2385853	0.25430158	-0.1586845	-0.51097274	-0.44773388	0.17543429	-0.5029862	0.24356185	0.27565655	-0.2196965	0.9999993	0.2569303	0.24430132	0.21229267	-0.13870096	0.17501985	-0.21273348	-0.4122875	0.19750191
-0.31429732	-0.13640773	0.28816795	-0.37016	-0.37996843	-0.37909603	0.2610314	-0.3420389	0.2753446	0.29627126	-0.4094885	0.2569303	0.9999992	0.2328577	0.2673059	-0.3643371	0.20342007	-0.28068018	-0.34624365	0.24138966
-0.4153243	-0.06819344	0.12381595	-0.079152614	-0.2915525	-0.34386083	0.07507844	-0.34401974	0.21699227	0.27827471	-0.30296692	0.24430132	0.2328577	0.9999992	0.24853563	-0.014892956	0.1699508	-0.4907934	-0.38451552	0.14546663
-0.4640662	-0.29003423	0.19560063	-0.34382594	-0.25272036	-0.14588742	0.2085225	-0.29307353	0.29291508	0.28758043	-0.40470836	0.21229267	0.2673059	0.24853563	0.99999917	-0.18197374	0.27516133	-0.3876219	-0.44784093	0.22383952
0.16800928	0.24478525	-0.40790156	0.2996708	0.1749688	0.19592094	-0.61948323	0.21444777	-0.19127621	-0.23209819	0.19634715	-0.13870096	-0.3643371	-0.014892956	-0.18197374	0.99999917	-0.33297032	0.08326392	0.18833008	-0.28210878
-0.48804188	-0.45460147	0.1775278	-0.30506024	-0.12950388	-0.122058414	0.23903242	-0.29174235	0.22264688	0.24191853	-0.12777306	0.17501985	0.20342007	0.1699508	0.27516133	-0.33297032	0.99999905	-0.3011919	-0.37517643	0.22344336
0.29726437	0.17311883	-0.10035192	0.16060564	0.23648146	0.1977921	-0.10421709	0.25272214	-0.41389868	-0.47822613	0.25454816	-0.21273348	-0.28068018	-0.4907934	-0.3876219	0.08326392	-0.3011919	0.9999988	0.26843333	-0.15451401
0.28863326	0.21136379	-0.33563685	0.23724234	0.27756244	0.25046435	-0.2191553	0.3118153	-0.27810794	-0.29881945	0.24540746	-0.4122875	-0.34624365	-0.38451552	-0.44784093	0.18833008	-0.37517643	0.26843333	0.99999887	-0.1814676
-0.2624991	-0.4961482	0.22731279	-0.37914103	-0.13408478	-0.41385123	0.28321907	-0.28313488	0.2536646	0.23858662	-0.4474734	0.19750191	0.24138966	0.14546663	0.22383952	-0.28210878	0.22344336	-0.15451401	-0.1814676	0.99999887
