1.0000001	0.14481772	0.22904573	0.21147874	0.15657225	0.031642314	0.12420026	-0.25993207	-0.22275996	-0.08145276	-0.07844056	0.2833905	-0.07521195	-0.4004764	-0.4639914	-0.5818264	0.19598822	-0.18235211	-0.20362298	0.17293274
0.14481772	1.0	0.23966493	0.27491835	0.2241464	0.24749398	0.20256926	-0.29286125	-0.3208711	-0.32982036	-0.49850345	0.1774637	-0.34703717	-0.30068427	-0.13627908	-0.24749018	0.29053438	-0.14265966	-0.43151122	0.24611115
0.22904573	0.23966493	0.99999994	0.24107325	0.29130068	0.17626144	0.23257367	-0.18757208	-0.45686513	-0.22849642	-0.36389226	0.23156686	-0.21824084	-0.3666138	-0.35721788	-0.27591735	0.24930106	-0.43377802	-0.2108491	0.20865712
0.21147874	0.27491835	0.24107325	0.99999994	0.18523851	0.24636418	0.15746614	-0.37927228	-0.34038112	-0.43811092	-0.17768289	0.20515205	-0.2096231	-0.42496392	-0.23553693	-0.26366627	0.31273088	-0.15744688	-0.46503872	0.25730285
0.15657225	0.2241464	0.29130068	0.18523851	0.9999999	0.185902	0.28056127	-0.19361325	-0.32087502	-0.32689717	-0.41466975	0.16998087	-0.37144667	-0.15454386	-0.24896929	-0.22718032	0.22296982	-0.56598806	-0.15075685	0.2582703
0.031642314	0.24749398	0.17626144	0.24636418	0.185902	0.99999964	0.13076429	-0.37532815	-0.46995106	-0.3446111	-0.16361438	0.10032407	-0.45127565	-0.12701412	-0.04544837	-0.06389416	0.2619711	-0.14020446	-0.43144533	0.232065
0.12420026	0.20256926	0.23257367	0.15746614	0.28056127	0.13076429	0.9999996	-0.40928075	-0.15261592	-0.24959315	-0.49968827	0.07318335	-0.33792576	-0.16601072	-0.19153635	-0.10989562	0.18385303	-0.47454035	-0.035989877	0.24190691
-0.25993207	-0.29286125	-0.18757208	-0.37927228	-0.19361325	-0.37532815	-0.40928075	0.9999995	0.2303309	0.29078954	0.21013318	-0.0744645	0.27695835	0.19994715	0.156536	0.1714538	-0.34466687	0.20524295	0.22572492	-0.4501256
-0.22275996	-0.3208711	-0.45686513	-0.34038112	-0.32087502	-0.46995106	-0.15261592	0.2303309	0.99999934	0.2498899	0.2191987	-0.19576693	0.24938779	0.24737833	0.18046881	0.18999465	-0.38748482	0.18924412	0.2669268	-0.15524842
-0.08145276	-0.32982036	-0.22849642	-0.43811092	-0.32689717	-0.3446111	-0.24959315	0.29078954	0.2498899	0.9999992	0.22927728	-0.08723452	0.29837963	0.19299325	0.12325999	0.15203135	-0.46756303	0.2108185	0.25756007	-0.45121947
-0.07844056	-0.49850345	-0.36389226	-0.17768289	-0.41466975	-0.16361438	-0.49968827	0.21013318	0.2191987	0.22927728	0.99999917	-0.12471594	0.25663698	0.1666007	0.12668273	0.15380655	-0.2283927	0.26377648	0.14613576	-0.22264746
0.2833905	0.1774637	0.23156686	0.20515205	0.16998087	0.10032407	0.07318335	-0.0744645	-0.19576693	-0.08723452	-0.12471594	0.99999917	-0.18515538	-0.4464643	-0.584519	-0.45708728	0.19370194	-0.1542991	-0.28368777	0.15863253
-0.07521195	-0.34703717	-0.21824084	-0.2096231	-0.37144667	-0.45127565	-0.33792576	0.27695835	0.24938779	0.29837963	0.25663698	-0.18515538	0.99999905	0.17330773	0.13327514	0.15520291	-0.3817758	0.23699869	0.23642243	-0.4388765
-0.4004764	-0.30068427	-0.3666138	-0.42496392	-0.15454386	-0.12701412	-0.16601072	0.19994715	0.24737833	0.19299325	0.1666007	-0.4464643	0.17330773	0.99999905	0.28896138	0.2912356	-0.40096796	0.15019983	0.24366029	-0.16654404
-0.4639914	-0.13627908	-0.35721788	-0.23553693	-0.24896929	-0.04544837	-0.19153635	0.156536	0.18046881	0.12325999	0.12668273	-0.584519	0.13327514	0.28896138	0.99999887	0.30111638	-0.20811772	0.19972233	0.1593953	-0.19780076
-0.5818264	-0.24749018	-0.27591735	-0.26366627	-0.22718032	-0.06389416	-0.10989562	0.1714538	0.18999465	0.15203135	0.15380655	-0.45708728	0.15520291	0.2912356	0.30111638	0.9999991	-0.28231916	0.17971028	0.21653926	-0.3018132
0.19598822	0.29053438	0.24930106	0.31273088	0.22296982	0.2619711	0.18385303	-0.34466687	-0.38748482	-0.46756303	-0.2283927	0.19370194	-0.3817758	-0.40096796	-0.20811772	-0.28231916	0.9999991	-0.14981611	-0.33065084	0.27070555
-0.18235211	-0.14265966	-0.43377802	-0.15744688	-0.56598806	-0.14020446	-0.47454035	0.20524295	0.18924412	0.2108185	0.26377648	-0.1542991	0.23699869	0.15019983	0.19972233	0.17971028	-0.14981611	0.99999905	0.10943455	-0.344062
-0.20362298	-0.43151122	-0.2108491	-0.46503872	-0.15075685	-0.43144533	-0.035989877	0.22572492	0.2669268	0.25756007	0.14613576	-0.28368777	0.23642243	0.24366029	0.1593953	0.21653926	-0.33065084	0.10943455	0.99999905	-0.3182457
0.17293274	0.24611115	0.20865712	0.25730285	0.2582703	0.232065	0.24190691	-0.4501256	-0.15524842	-0.45121947	-0.22264746	0.15863253	-0.4388765	-0.16654404	-0.19780076	-0.3018132	0.27070555	-0.344062	-0.3182457	0.99999905
