1.0000001	0.1628975	-0.29105788	-0.2505077	-0.39648616	0.26617062	-0.32668567	-0.38617393	-0.25866747	-0.046357367	0.23093855	-0.52247185	0.23362975	0.09656174	0.24975063	0.28870112	-0.18858407	-0.37312585	0.29820454	0.21326351
0.1628975	0.9999999	0.02387284	-0.217907	-0.058204092	0.069677696	-0.062714726	0.00031132594	-0.033686526	-0.5756837	-0.06856853	-0.2546916	0.101542994	-0.36888936	0.2082162	0.05939214	-0.14191833	-0.06423083	0.21926814	0.0013162323
-0.29105788	0.02387284	0.99999994	0.26979095	0.28953514	-0.45653144	0.30933836	0.2393371	0.2919632	-0.15607423	-0.29442418	0.21457975	-0.35659066	-0.32560825	-0.30606374	-0.37237617	0.28727546	0.29701617	-0.19669741	-0.46728444
-0.2505077	-0.217907	0.26979095	0.9999999	0.25227067	-0.38396835	0.27754673	0.1744928	0.25199956	0.062196486	-0.16369365	0.24177672	-0.39921793	-0.093811445	-0.49166423	-0.35732204	0.30882347	0.28902057	-0.33921868	-0.43060616
-0.39648616	-0.058204092	0.28953514	0.25227067	0.99999994	-0.28099132	0.29687282	0.29801452	0.3059467	-0.16129063	-0.47804296	0.24702068	-0.29166713	-0.24178645	-0.3785822	-0.35024112	0.28240106	0.27645683	-0.29493338	-0.31629238
0.26617062	0.069677696	-0.45653144	-0.38396835	-0.28099132	0.99999994	-0.52068573	-0.24164717	-0.29163766	0.059773903	0.23454243	-0.37853768	0.29442018	0.18361418	0.25984105	0.31536785	-0.37360698	-0.31195432	0.2709899	0.28516257
-0.32668567	-0.062714726	0.30933836	0.27754673	0.29687282	-0.52068573	1.0000001	0.26339638	0.30652314	-0.14748453	-0.2942389	0.263968	-0.39507303	-0.24774276	-0.2870108	-0.38049158	0.3014963	0.2999048	-0.3470772	-0.30984125
-0.38617393	0.00031132594	0.2393371	0.1744928	0.29801452	-0.24164717	0.26339638	1.0	0.28132346	-0.16820902	-0.5833959	0.2319839	-0.25168926	-0.3671771	-0.23057249	-0.25989017	0.22673056	0.20286955	-0.3106746	-0.11902952
-0.25866747	-0.033686526	0.2919632	0.25199956	0.3059467	-0.29163766	0.30652314	0.28132346	0.9999999	-0.21336193	-0.34411907	0.21540992	-0.44848657	-0.3548017	-0.3510324	-0.39265332	0.2921774	0.28012717	-0.28967622	-0.24734713
-0.046357367	-0.5756837	-0.15607423	0.062196486	-0.16129063	0.059773903	-0.14748453	-0.16820902	-0.21336193	0.9999999	0.17255227	0.05657537	0.044447105	0.29795778	-0.13822897	0.085518375	-0.026058976	-0.113067515	-0.12314134	0.08993706
0.23093855	-0.06856853	-0.29442418	-0.16369365	-0.47804296	0.23454243	-0.2942389	-0.5833959	-0.34411907	0.17255227	1.0	-0.23184676	0.22976884	0.26282835	0.1923547	0.25030807	-0.3256187	-0.16517246	0.19970134	0.17612633
-0.52247185	-0.2546916	0.21457975	0.24177672	0.24702068	-0.37853768	0.263968	0.2319839	0.21540992	0.05657537	-0.23184676	0.9999998	-0.18553607	-0.08969743	-0.20000742	-0.45903438	0.22839317	0.24626966	-0.43595654	-0.18819696
0.23362975	0.101542994	-0.35659066	-0.39921793	-0.29166713	0.29442018	-0.39507303	-0.25168926	-0.44848657	0.044447105	0.22976884	-0.18553607	0.99999976	0.15894638	0.29439506	0.29422152	-0.4752916	-0.41576558	0.27543712	0.29250896
0.09656174	-0.36888936	-0.32560825	-0.093811445	-0.24178645	0.18361418	-0.24774276	-0.3671771	-0.3548017	0.29795778	0.26282835	-0.08969743	0.15894638	0.99999964	0.035015356	0.19653656	-0.17452756	-0.18798392	0.039146464	0.18141949
0.24975063	0.2082162	-0.30606374	-0.49166423	-0.3785822	0.25984105	-0.2870108	-0.23057249	-0.3510324	-0.13822897	0.1923547	-0.20000742	0.29439506	0.035015356	0.9999997	0.2572954	-0.36804196	-0.28286397	0.29000905	0.2471909
0.28870112	0.05939214	-0.37237617	-0.35732204	-0.35024112	0.31536785	-0.38049158	-0.25989017	-0.39265332	0.085518375	0.25030807	-0.45903438	0.29422152	0.19653656	0.2572954	0.99999946	-0.3420137	-0.39700952	0.28255755	0.28113392
-0.18858407	-0.14191833	0.28727546	0.30882347	0.28240106	-0.37360698	0.3014963	0.22673056	0.2921774	-0.026058976	-0.3256187	0.22839317	-0.4752916	-0.17452756	-0.36804196	-0.3420137	0.99999946	0.29201838	-0.39500457	-0.40864867
-0.37312585	-0.06423083	0.29701617	0.28902057	0.27645683	-0.31195432	0.2999048	0.20286955	0.28012717	-0.113067515	-0.16517246	0.24626966	-0.41576558	-0.18798392	-0.28286397	-0.39700952	0.29201838	0.9999994	-0.36731505	-0.5051934
0.29820454	0.21926814	-0.19669741	-0.33921868	-0.29493338	0.2709899	-0.3470772	-0.3106746	-0.28967622	-0.12314134	0.19970134	-0.43595654	0.27543712	0.039146464	0.29000905	0.28255755	-0.39500457	-0.36731505	0.99999934	0.22438167
0.21326351	0.0013162323	-0.46728444	-0.43060616	-0.31629238	0.28516257	-0.30984125	-0.11902952	-0.24734713	0.08993706	0.17612633	-0.18819696	0.29250896	0.18141949	0.2471909	0.28113392	-0.40864867	-0.5051934	0.22438167	0.99999934
