1.0	0.18469582	0.16491523	-0.10379962	0.06285019	0.16893326	0.1533639	0.28913212	-0.22999246	-0.5094615	-0.26129135	-0.033086568	-0.47970602	-0.07029388	0.116833985	-0.24227548	-0.17443004	-0.099851385	0.11713417	-0.05366713
0.18469582	1.0	0.14166819	-0.34501782	0.20461974	0.20849153	0.15743557	0.19449486	-0.5934176	-0.2928236	-0.26918304	0.028841192	-0.14899433	-0.042890474	0.070096344	-0.12197244	-0.30206144	0.0641364	-0.09942761	-0.0386881
0.16491523	0.14166819	0.9999998	-0.2377665	0.19955194	0.28040934	0.2937277	0.11082023	-0.18357964	-0.30061924	-0.36078838	0.19993943	-0.06555662	-0.36763588	-0.22019477	0.12950668	-0.48630726	-0.38655055	-0.15209876	0.2405624
-0.10379962	-0.34501782	-0.2377665	0.99999964	-0.7437001	-0.1734462	-0.11138316	-0.005249996	0.2467578	0.14582701	0.1345	-0.13859019	-0.0748746	0.14002544	-0.006934217	0.024182409	0.18193631	0.06687105	0.10921722	-0.10855127
0.06285019	0.20461974	0.19955194	-0.7437001	0.9999995	0.14839458	0.1494731	-0.020882355	-0.35921434	-0.14938179	-0.11734405	0.13027534	0.07823793	-0.23423494	-0.03379583	-0.0063666473	-0.18420784	-0.13866879	-0.11679233	0.1311896
0.16893326	0.20849153	0.28040934	-0.1734462	0.14839458	0.9999994	0.28229433	0.1913659	-0.20662494	-0.3593075	-0.53151065	0.13268042	-0.15135595	-0.3067878	-0.12519822	0.10958781	-0.52547437	-0.11620415	-0.21748284	0.19123827
0.1533639	0.15743557	0.2937277	-0.11138316	0.1494731	0.28229433	0.99999946	0.13918613	-0.26155326	-0.21226908	-0.38721114	0.17012982	-0.100132614	-0.584719	-0.15288253	0.11421008	-0.41293603	-0.26020855	-0.1835618	0.20703977
0.28913212	0.19449486	0.11082023	-0.005249996	-0.020882355	0.1913659	0.13918613	0.99999946	-0.2983694	-0.46369496	-0.24717411	-0.007518362	-0.6371491	-0.060459346	0.07744221	-0.10533497	-0.15531589	-0.011894248	0.023400662	-0.012795934
-0.22999246	-0.5934176	-0.18357964	0.2467578	-0.35921434	-0.20662494	-0.26155326	-0.2983694	0.99999946	0.24754088	0.1832873	-0.02823996	0.15598059	0.077211164	-0.08423295	0.10375846	0.21775198	-0.033166025	0.031700924	0.014405239
-0.5094615	-0.2928236	-0.30061924	0.14582701	-0.14938179	-0.3593075	-0.21226908	-0.46369496	0.24754088	0.9999996	0.27051586	-0.024970775	0.24861948	0.14253014	-0.054458022	0.050840486	0.24827565	0.09046729	0.0073141837	-0.08494149
-0.26129135	-0.26918304	-0.36078838	0.1345	-0.11734405	-0.53151065	-0.38721114	-0.24717411	0.1832873	0.27051586	0.9999996	-0.13649218	0.13835551	0.25482264	0.13403624	-0.18215528	0.30612677	0.16407694	0.16420634	-0.25677463
-0.033086568	0.028841192	0.19993943	-0.13859019	0.13027534	0.13268042	0.17012982	-0.007518362	-0.02823996	-0.024970775	-0.13649218	0.9999994	0.043150924	-0.26018137	-0.52918005	0.25726277	-0.12666301	-0.47843733	-0.4854157	0.2864989
-0.47970602	-0.14899433	-0.06555662	-0.0748746	0.07823793	-0.15135595	-0.100132614	-0.6371491	0.15598059	0.24861948	0.13835551	0.043150924	0.99999946	-0.042199846	-0.1477168	0.16401105	0.09305533	0.0076671327	-0.16163181	0.08024264
-0.07029388	-0.042890474	-0.36763588	0.14002544	-0.23423494	-0.3067878	-0.584719	-0.060459346	0.077211164	0.14253014	0.25482264	-0.26018137	-0.042199846	0.99999946	0.21456404	-0.25803044	0.24719356	0.24857548	0.22213322	-0.31962043
0.116833985	0.070096344	-0.22019477	-0.006934217	-0.03379583	-0.12519822	-0.15288253	0.07744221	-0.08423295	-0.054458022	0.13403624	-0.52918005	-0.1477168	0.21456404	0.99999946	-0.57807183	0.08355859	0.23736618	0.28286996	-0.284099
-0.24227548	-0.12197244	0.12950668	0.024182409	-0.0063666473	0.10958781	0.11421008	-0.10533497	0.10375846	0.050840486	-0.18215528	0.25726277	0.16401105	-0.25803044	-0.57807183	0.9999993	-0.059718594	-0.20058429	-0.44983536	0.250989
-0.17443004	-0.30206144	-0.48630726	0.18193631	-0.18420784	-0.52547437	-0.41293603	-0.15531589	0.21775198	0.24827565	0.30612677	-0.12666301	0.09305533	0.24719356	0.08355859	-0.059718594	0.9999989	0.15431686	0.14683107	-0.25192827
-0.099851385	0.0641364	-0.38655055	0.06687105	-0.13866879	-0.11620415	-0.26020855	-0.011894248	-0.033166025	0.09046729	0.16407694	-0.47843733	0.0076671327	0.24857548	0.23736618	-0.20058429	0.15431686	0.9999989	0.22231492	-0.5302233
0.11713417	-0.09942761	-0.15209876	0.10921722	-0.11679233	-0.21748284	-0.1835618	0.023400662	0.031700924	0.0073141837	0.16420634	-0.4854157	-0.16163181	0.22213322	0.28286996	-0.44983536	0.14683107	0.22231492	0.999999	-0.4608728
-0.05366713	-0.0386881	0.2405624	-0.10855127	0.1311896	0.19123827	0.20703977	-0.012795934	0.014405239	-0.08494149	-0.25677463	0.2864989	0.08024264	-0.31962043	-0.284099	0.250989	-0.25192827	-0.5302233	-0.4608728	0.999999
