1.0000001	0.17504376	-0.047265172	0.13091345	0.08957879	-0.3433187	-0.12084404	0.028250407	-0.07231334	-0.52167463	0.10977144	-0.4474677	0.13144346	0.0037050433	-0.14920563	-0.20581114	-0.044254243	0.08469343	0.092327066	0.10642747
0.17504376	1.0000001	0.15783067	-0.08591517	-0.030639526	-0.14159456	-0.15919323	0.17731701	0.07546902	-0.5277492	-0.08459506	-0.47873527	0.17283936	-0.22055519	0.17124158	0.014457941	0.12670684	-0.041623406	-0.055058666	-0.24524707
-0.047265172	0.15783067	1.0000002	-0.389696	-0.31508765	-0.2527247	0.14951204	0.2921634	0.29076916	-0.10940486	-0.26354593	-0.022872476	0.22452556	-0.5721664	0.2561507	0.27197257	0.22146367	-0.30104285	-0.24042124	-0.35016036
0.13091345	-0.08591517	-0.389696	1.0000002	0.27180147	0.12440887	-0.3222067	-0.25191125	-0.6248886	-0.02115825	0.21282008	-0.123536415	-0.17842194	0.23584397	-0.22062749	-0.29962257	-0.21106897	0.2871294	0.2293448	0.23679104
0.08957879	-0.030639526	-0.31508765	0.27180147	1.0	0.1123989	-0.32329807	-0.45314303	-0.39257523	-0.02282973	0.24800235	-0.1283607	-0.058643423	0.18824776	-0.18193062	-0.35594177	-0.44752866	0.28105772	0.28014514	0.23874618
-0.3433187	-0.14159456	-0.2527247	0.12440887	0.1123989	1.0	-0.06158655	-0.23339048	-0.2536195	0.16850477	0.13683172	0.18550308	-0.62438774	0.21726586	-0.13950776	-0.09997123	-0.17233689	0.1488264	0.12750028	0.1011983
-0.12084404	-0.15919323	0.14951204	-0.3222067	-0.32329807	-0.06158655	1.0	0.1813726	0.22024487	0.09036853	-0.13176762	0.20755371	-0.010364246	-0.060938373	0.083623946	0.1957411	0.1706775	-0.54722404	-0.43757716	-0.12409397
0.028250407	0.17731701	0.2921634	-0.25191125	-0.45314303	-0.23339048	0.1813726	1.0000001	0.25928527	-0.20256765	-0.25981122	-0.05635093	0.19905815	-0.3706294	0.23534688	0.2317069	0.27332112	-0.3793899	-0.39070138	-0.2799263
-0.07231334	0.07546902	0.29076916	-0.6248886	-0.39257523	-0.2536195	0.22024487	0.25928527	0.99999994	-0.0600557	-0.23163126	0.06268813	0.1627359	-0.28797406	0.19019347	0.25504905	0.21742205	-0.34782842	-0.1912359	-0.27173463
-0.52167463	-0.5277492	-0.10940486	-0.02115825	-0.02282973	0.16850477	0.09036853	-0.20256765	-0.0600557	1.0	-0.018030321	0.24981375	-0.10260938	0.122168146	-0.022288835	0.07103545	-0.045783278	0.023790233	-0.06646557	-0.0050632525
0.10977144	-0.08459506	-0.26354593	0.21282008	0.24800235	0.13683172	-0.13176762	-0.25981122	-0.23163126	-0.018030321	1.0000001	-0.033038244	-0.19751976	0.2276331	-0.49591157	-0.50108457	-0.49136376	0.20412265	0.26525077	0.30386698
-0.4474677	-0.47873527	-0.022872476	-0.123536415	-0.1283607	0.18550308	0.20755371	-0.05635093	0.06268813	0.24981375	-0.033038244	1.0000001	-0.28824162	0.051798627	-0.076334246	0.119132385	-0.058873072	-0.15767275	-0.05863617	0.053629894
0.13144346	0.17283936	0.22452556	-0.17842194	-0.058643423	-0.62438774	-0.010364246	0.19905815	0.1627359	-0.10260938	-0.19751976	-0.28824162	0.99999994	-0.35673964	0.1734421	0.1123271	0.15368168	-0.21715364	-0.15722142	-0.13875036
0.0037050433	-0.22055519	-0.5721664	0.23584397	0.18824776	0.21726586	-0.060938373	-0.3706294	-0.28797406	0.122168146	0.2276331	0.051798627	-0.35673964	1.0000001	-0.31854093	-0.35022312	-0.13774958	0.20844993	0.1718464	0.24855764
-0.14920563	0.17124158	0.2561507	-0.22062749	-0.18193062	-0.13950776	0.083623946	0.23534688	0.19019347	-0.022288835	-0.49591157	-0.076334246	0.1734421	-0.31854093	1.0000001	0.2733193	0.27662215	-0.16683249	-0.37892392	-0.5098364
-0.20581114	0.014457941	0.27197257	-0.29962257	-0.35594177	-0.09997123	0.1957411	0.2317069	0.25504905	0.07103545	-0.50108457	0.119132385	0.1123271	-0.35022312	0.2733193	1.0000002	0.25827184	-0.30435538	-0.26621988	-0.4197838
-0.044254243	0.12670684	0.22146367	-0.21106897	-0.44752866	-0.17233689	0.1706775	0.27332112	0.21742205	-0.045783278	-0.49136376	-0.058873072	0.15368168	-0.13774958	0.27662215	0.25827184	1.0	-0.24046399	-0.45276526	-0.39597887
0.08469343	-0.041623406	-0.30104285	0.2871294	0.28105772	0.1488264	-0.54722404	-0.3793899	-0.34782842	0.023790233	0.20412265	-0.15767275	-0.21715364	0.20844993	-0.16683249	-0.30435538	-0.24046399	0.9999999	0.27148598	0.1940313
0.092327066	-0.055058666	-0.24042124	0.2293448	0.28014514	0.12750028	-0.43757716	-0.39070138	-0.1912359	-0.06646557	0.26525077	-0.05863617	-0.15722142	0.1718464	-0.37892392	-0.26621988	-0.45276526	0.27148598	0.9999999	0.2573263
0.10642747	-0.24524707	-0.35016036	0.23679104	0.23874618	0.1011983	-0.12409397	-0.2799263	-0.27173463	-0.0050632525	0.30386698	0.053629894	-0.13875036	0.24855764	-0.5098364	-0.4197838	-0.39597887	0.1940313	0.2573263	0.9999999
