1.0	0.09492423	0.07568725	0.29232627	0.27210498	0.054186832	0.16071062	0.16784693	-0.33424386	0.007112988	0.051876076	-0.49989805	-0.18733609	-0.011785606	-0.19796729	-0.021305872	-0.24202183	-0.23856744	0.07074804	-0.5143976
0.09492423	0.9999999	-0.30851224	0.030315671	0.1342243	-0.27835435	-0.1731029	-0.3228717	-0.18920168	0.16290958	0.28795347	-0.118401974	0.22857371	-0.1923181	0.12699838	0.27194715	-0.4837449	0.14791399	-0.3304869	-0.0887652
0.07568725	-0.30851224	0.99999964	0.11579531	-0.07391398	0.2679903	0.23707359	0.18991181	0.045297932	-0.18984683	-0.49336603	-0.1584639	-0.22221889	0.15962467	-0.41010663	-0.12898208	0.12701027	-0.36050892	0.16380505	-0.03627585
0.29232627	0.030315671	0.11579531	0.99999946	0.24967024	0.024158312	0.16278782	0.15743361	-0.45834002	0.0045102043	0.06545013	-0.42955062	-0.12444755	-0.0023830954	-0.2470575	-0.0032704493	-0.078829385	-0.28964448	0.02768421	-0.49660808
0.27210498	0.1342243	-0.07391398	0.24967024	0.99999946	-0.032816913	0.13638788	0.14205222	-0.5257337	0.17898731	0.12659325	-0.35743862	-0.11509108	-0.2586603	-0.09140229	0.04771746	-0.23271458	-0.18514766	-0.020476792	-0.39434135
0.054186832	-0.27835435	0.2679903	0.024158312	-0.032816913	0.9999995	0.24729645	0.20619492	0.11241422	-0.016704815	-0.39133787	-0.1287853	-0.14597952	0.052324142	-0.56884015	-0.25978002	0.10490386	-0.34448102	0.1470977	-0.04948611
0.16071062	-0.1731029	0.23707359	0.16278782	0.13638788	0.24729645	0.9999996	0.25861603	-0.16947395	-0.068923235	-0.30438688	-0.25374034	-0.21260582	0.04982755	-0.36747473	-0.33110052	0.09412547	-0.52568716	0.21285123	-0.1531804
0.16784693	-0.3228717	0.18991181	0.15743361	0.14205222	0.20619492	0.25861603	0.99999964	-0.102363706	-0.014133759	-0.20054391	-0.19698256	-0.498585	-0.0023347558	-0.21702698	-0.39308503	0.12388216	-0.30964813	0.2759004	-0.26426205
-0.33424386	-0.18920168	0.045297932	-0.45834002	-0.5257337	0.11241422	-0.16947395	-0.102363706	0.99999964	-0.14951436	-0.16997361	0.23846182	0.05758094	0.13796806	-0.013769727	-0.009970355	0.1381058	0.11465972	0.006060106	0.2720367
0.007112988	0.16290958	-0.18984683	0.0045102043	0.17898731	-0.016704815	-0.068923235	-0.014133759	-0.14951436	0.9999996	0.15747756	-0.08713183	0.081182726	-0.823258	0.046289027	0.12605745	-0.29824808	0.012157065	-0.114875756	-0.014047009
0.051876076	0.28795347	-0.49336603	0.06545013	0.12659325	-0.39133787	-0.30438688	-0.20054391	-0.16997361	0.15747756	0.99999946	-0.04781015	0.15400945	-0.19909006	0.19792363	0.21391267	-0.3211496	0.1735994	-0.1665033	-0.13463381
-0.49989805	-0.118401974	-0.1584639	-0.42955062	-0.35743862	-0.1287853	-0.25374034	-0.19698256	0.23846182	-0.08713183	-0.04781015	0.99999964	0.08647082	0.06966379	0.21992733	-0.032557864	0.18556437	0.24050179	-0.024845425	0.29501688
-0.18733609	0.22857371	-0.22221889	-0.12444755	-0.11509108	-0.14597952	-0.21260582	-0.498585	0.05758094	0.081182726	0.15400945	0.08647082	0.9999996	-0.07275588	0.14859262	0.27517036	-0.22665286	0.22235098	-0.5979838	0.14972529
-0.011785606	-0.1923181	0.15962467	-0.0023830954	-0.2586603	0.052324142	0.04982755	-0.0023347558	0.13796806	-0.823258	-0.19909006	0.06966379	-0.07275588	0.99999964	-0.07970398	-0.14168173	0.21177411	-0.025804982	0.10398984	0.024604665
-0.19796729	0.12699838	-0.41010663	-0.2470575	-0.09140229	-0.56884015	-0.36747473	-0.21702698	-0.013769727	0.046289027	0.19792363	0.21992733	0.14859262	-0.07970398	0.9999995	0.1203158	0.0025400952	0.29411983	-0.113009624	0.14965257
-0.021305872	0.27194715	-0.12898208	-0.0032704493	0.04771746	-0.25978002	-0.33110052	-0.39308503	-0.009970355	0.12605745	0.21391267	-0.032557864	0.27517036	-0.14168173	0.1203158	0.9999994	-0.40572986	0.18075985	-0.5241031	0.0156868
-0.24202183	-0.4837449	0.12701027	-0.078829385	-0.23271458	0.10490386	0.09412547	0.12388216	0.1381058	-0.29824808	-0.3211496	0.18556437	-0.22665286	0.21177411	0.0025400952	-0.40572986	0.9999994	-0.03297331	0.2188977	0.11526119
-0.23856744	0.14791399	-0.36050892	-0.28964448	-0.18514766	-0.34448102	-0.52568716	-0.30964813	0.11465972	0.012157065	0.1735994	0.24050179	0.22235098	-0.025804982	0.29411983	0.18075985	-0.03297331	0.99999934	-0.26618096	0.19258206
0.07074804	-0.3304869	0.16380505	0.02768421	-0.020476792	0.1470977	0.21285123	0.2759004	0.006060106	-0.114875756	-0.1665033	-0.024845425	-0.5979838	0.10398984	-0.113009624	-0.5241031	0.2188977	-0.26618096	0.99999934	-0.06856801
-0.5143976	-0.0887652	-0.03627585	-0.49660808	-0.39434135	-0.04948611	-0.1531804	-0.26426205	0.2720367	-0.014047009	-0.13463381	0.29501688	0.14972529	0.024604665	0.14965257	0.0156868	0.11526119	0.19258206	-0.06856801	0.99999934
