0.99999994	-0.2652748	-0.50303	0.047487997	0.120909914	0.2563127	-0.44555917	-0.21937716	-0.1621872	-0.013792583	-0.17413986	-0.12712964	-0.21135914	0.09553522	-0.15775229	0.15327857	0.28026846	0.13422823	0.012022968	0.17955776
-0.2652748	1.0000001	0.21810915	-0.24800494	-0.023970267	-0.54073626	0.08965283	0.08031899	0.25221246	0.12303532	0.27947274	0.0338077	0.09029012	-0.46364838	0.28888893	-0.08256655	-0.1445774	-0.09205229	-0.20511949	-0.3898368
-0.50303	0.21810915	0.99999994	-0.029479623	-0.12748604	-0.42033887	0.25611556	0.1323036	0.12855384	-0.057998847	0.18048884	0.10165544	0.070838414	-0.13615757	0.19679631	-0.15430307	-0.50224704	-0.082458176	-0.03334554	-0.23801546
0.047487997	-0.24800494	-0.029479623	0.9999995	-0.36078635	0.1336629	-0.0056736674	-0.20385508	-0.3331945	-0.44104123	-0.23705539	0.19919583	-0.45357835	0.12482723	-0.10666889	0.19051658	4.9603674e-5	0.25823128	0.22139741	0.24396951
0.120909914	-0.023970267	-0.12748604	-0.36078635	0.9999994	0.087042436	-0.10477391	0.12516323	0.07238284	0.22460377	0.01897446	-0.6280674	0.19461252	0.07453372	-0.17472322	-0.1556133	0.11569201	-0.27936658	-0.050054874	-0.12907185
0.2563127	-0.54073626	-0.42033887	0.1336629	0.087042436	0.99999934	-0.17695472	-0.1360632	-0.22938445	-0.07888318	-0.36123535	-0.11258095	-0.068584144	0.24052322	-0.37969187	0.10482155	0.22141683	0.04353305	0.1488997	0.26824102
-0.44555917	0.08965283	0.25611556	-0.0056736674	-0.10477391	-0.17695472	0.9999994	0.2198674	0.011229884	0.06570273	0.007863534	-0.03263513	0.043541417	0.0056104236	0.066786274	-0.30311865	-0.6136082	-0.10677921	0.0882719	-0.06553829
-0.21937716	0.08031899	0.1323036	-0.20385508	0.12516323	-0.1360632	0.2198674	0.9999994	0.15197736	0.24500151	0.007353696	-0.2978601	0.2547456	0.07626976	-0.053969424	-0.57402927	-0.20383652	-0.41049114	-0.09569373	-0.0978242
-0.1621872	0.25221246	0.12855384	-0.3331945	0.07238284	-0.22938445	0.011229884	0.15197736	0.9999993	0.22292109	0.28256688	-0.04484145	0.1822184	-0.30642092	0.22723158	-0.20704703	-0.059544574	-0.21296316	-0.54682744	-0.4288821
-0.013792583	0.12303532	-0.057998847	-0.44104123	0.22460377	-0.07888318	0.06570273	0.24500151	0.22292109	0.9999992	0.121560566	-0.3795113	0.24086304	-0.12136874	0.04593207	-0.3879961	-0.019993348	-0.34492254	-0.29218772	-0.15192312
-0.17413986	0.27947274	0.18048884	-0.23705539	0.01897446	-0.36123535	0.007863534	0.007353696	0.28256688	0.121560566	0.9999993	0.040567517	0.052870035	-0.30810833	0.2818899	-0.039122418	-0.14683725	-0.027693078	-0.47597703	-0.50343794
-0.12712964	0.0338077	0.10165544	0.19919583	-0.6280674	-0.11258095	-0.03263513	-0.2978601	-0.04484145	-0.3795113	0.040567517	0.9999992	-0.19624245	-0.10269408	0.1442295	0.20931782	-0.05005682	0.22181188	0.0068115904	0.014222611
-0.21135914	0.09029012	0.070838414	-0.45357835	0.19461252	-0.068584144	0.043541417	0.2547456	0.1822184	0.24086304	0.052870035	-0.19624245	0.99999917	0.045244064	-0.02554203	-0.31568342	0.006198263	-0.5917905	-0.12961754	-0.18902276
0.09553522	-0.46364838	-0.13615757	0.12482723	0.07453372	0.24052322	0.0056104236	0.07626976	-0.30642092	-0.12136874	-0.30810833	-0.10269408	0.045244064	0.99999917	-0.5565058	-0.110961534	0.075045	-0.08664497	0.22126614	0.23365636
-0.15775229	0.28888893	0.19679631	-0.10666889	-0.17472322	-0.37969187	0.066786274	-0.053969424	0.22723158	0.04593207	0.2818899	0.1442295	-0.02554203	-0.5565058	0.99999905	0.029669631	-0.20269519	0.028466474	-0.29340085	-0.3589398
0.15327857	-0.08256655	-0.15430307	0.19051658	-0.1556133	0.10482155	-0.30311865	-0.57402927	-0.20704703	-0.3879961	-0.039122418	0.20931782	-0.31568342	-0.110961534	0.029669631	0.9999991	0.1511189	0.28412768	0.09854579	0.109045535
0.28026846	-0.1445774	-0.50224704	4.9603674e-5	0.11569201	0.22141683	-0.6136082	-0.20383652	-0.059544574	-0.019993348	-0.14683725	-0.05005682	0.006198263	0.075045	-0.20269519	0.1511189	0.9999988	0.01810909	-0.047997996	0.12349731
0.13422823	-0.09205229	-0.082458176	0.25823128	-0.27936658	0.04353305	-0.10677921	-0.41049114	-0.21296316	-0.34492254	-0.027693078	0.22181188	-0.5917905	-0.08664497	0.028466474	0.28412768	0.01810909	0.9999986	0.11967997	0.1269754
0.012022968	-0.20511949	-0.03334554	0.22139741	-0.050054874	0.1488997	0.0882719	-0.09569373	-0.54682744	-0.29218772	-0.47597703	0.0068115904	-0.12961754	0.22126614	-0.29340085	0.09854579	-0.047997996	0.11967997	0.9999987	0.25332806
0.17955776	-0.3898368	-0.23801546	0.24396951	-0.12907185	0.26824102	-0.06553829	-0.0978242	-0.4288821	-0.15192312	-0.50343794	0.014222611	-0.18902276	0.23365636	-0.3589398	0.109045535	0.12349731	0.1269754	0.25332806	0.9999987
