1.0000001	0.22550672	-0.17799376	-0.1532218	-0.06695032	-0.17158572	-0.19731145	-0.38730907	0.1100265	0.25389346	-0.26351628	-0.28714353	0.14978008	0.018915256	-0.674691	0.14325072	-0.15726045	0.10634262	0.24685332	0.28241503
0.22550672	0.9999999	-0.3022186	-0.078705974	-0.31223214	-0.16941491	-0.32406205	-0.43790856	0.28388613	0.27371868	-0.44089928	-0.40004984	0.2657609	-0.26282355	-0.20977037	-0.021530896	0.08223558	0.27561852	0.26756012	0.28532955
-0.17799376	-0.3022186	0.99999976	-0.18830702	0.28750336	0.02887384	0.29844132	0.17435768	-0.3114091	-0.27379674	0.30007598	0.25815699	-0.44559023	0.18977304	0.12123469	0.1543044	-0.17114332	-0.43399197	-0.17384662	-0.33442342
-0.1532218	-0.078705974	-0.18830702	0.9999998	-0.24175686	0.25429073	-0.067443766	0.18409763	-0.05970544	-0.23561591	-0.023843214	0.057347547	0.024274603	-0.14099564	0.14648288	-0.57730466	0.24851127	0.114308536	-0.24940678	-0.01300598
-0.06695032	-0.31223214	0.28750336	-0.24175686	0.99999976	-0.02274985	0.24319498	0.108503476	-0.33057302	-0.14364816	0.24187276	0.21663283	-0.38006556	0.25944912	0.03526669	0.19448125	-0.4219232	-0.37996954	-0.15646009	-0.13057528
-0.17158572	-0.16941491	0.02887384	0.25429073	-0.02274985	0.99999976	0.123678416	0.23795183	-0.17084426	-0.3816306	0.14633147	0.14953093	-0.24211034	-0.121595286	0.18474042	-0.32373965	0.19224338	-0.042201906	-0.48588744	-0.1858808
-0.19731145	-0.32406205	0.29844132	-0.067443766	0.24319498	0.123678416	0.9999998	0.21397942	-0.14964351	-0.28980646	0.2949338	0.2570629	-0.5156852	0.11943585	0.11541304	0.08826646	-0.14126746	-0.49988636	-0.18026422	-0.3890353
-0.38730907	-0.43790856	0.17435768	0.18409763	0.108503476	0.23795183	0.21397942	0.9999999	-0.309066	-0.31895733	0.26343244	0.2855631	-0.21182704	0.11086272	0.25025198	-0.16108325	0.029653167	-0.22439326	-0.4270858	-0.3810227
0.1100265	0.28388613	-0.3114091	-0.05970544	-0.33057302	-0.17084426	-0.14964351	-0.309066	0.9999999	0.21702395	-0.35871145	-0.29190332	0.20554203	-0.52992636	-0.0731469	-0.008801773	0.14265017	0.22741361	0.22896366	0.1782249
0.25389346	0.27371868	-0.27379674	-0.23561591	-0.14364816	-0.3816306	-0.28980646	-0.31895733	0.21702395	0.99999994	-0.25156122	-0.49072447	0.23039737	-0.12841181	-0.30913466	0.121007934	-0.03790512	0.18570258	0.3127835	0.26666486
-0.26351628	-0.44089928	0.30007598	-0.023843214	0.24187276	0.14633147	0.2949338	0.26343244	-0.35871145	-0.25156122	0.9999999	0.27985272	-0.41030586	0.1654313	0.17689407	0.05169272	-0.09469907	-0.35354525	-0.2593799	-0.46405506
-0.28714353	-0.40004984	0.25815699	0.057347547	0.21663283	0.14953093	0.2570629	0.2855631	-0.29190332	-0.49072447	0.27985272	1.0	-0.22271962	0.20104903	0.19583672	0.0062021744	-0.13345392	-0.3526197	-0.38168415	-0.3469358
0.14978008	0.2657609	-0.44559023	0.024274603	-0.38006556	-0.24211034	-0.5156852	-0.21182704	0.20554203	0.23039737	-0.41030586	-0.22271962	0.99999994	-0.10283117	-0.10950542	-0.083851874	0.09548311	0.2915208	0.20556091	0.25617224
0.018915256	-0.26282355	0.18977304	-0.14099564	0.25944912	-0.121595286	0.11943585	0.11086272	-0.52992636	-0.12841181	0.1654313	0.20104903	-0.10283117	1.0000001	-0.05787337	0.15787567	-0.45072025	-0.2398622	-0.10814254	-0.079609424
-0.674691	-0.20977037	0.12123469	0.14648288	0.03526669	0.18474042	0.11541304	0.25025198	-0.0731469	-0.30913466	0.17689407	0.19583672	-0.10950542	-0.05787337	0.99999976	-0.22927211	0.15542737	-0.0400053	-0.29199073	-0.38615742
0.14325072	-0.021530896	0.1543044	-0.57730466	0.19448125	-0.32373965	0.08826646	-0.16108325	-0.008801773	0.121007934	0.05169272	0.0062021744	-0.083851874	0.15787567	-0.22927211	0.99999976	-0.42743444	-0.22031397	0.15920095	-0.022949146
-0.15726045	0.08223558	-0.17114332	0.24851127	-0.4219232	0.19224338	-0.14126746	0.029653167	0.14265017	-0.03790512	-0.09469907	-0.13345392	0.09548311	-0.45072025	0.15542737	-0.42743444	0.99999946	0.20035763	-0.10143748	-0.009316318
0.10634262	0.27561852	-0.43399197	0.114308536	-0.37996954	-0.042201906	-0.49988636	-0.22439326	0.22741361	0.18570258	-0.35354525	-0.3526197	0.2915208	-0.2398622	-0.0400053	-0.22031397	0.20035763	0.99999934	0.15301453	0.23251133
0.24685332	0.26756012	-0.17384662	-0.24940678	-0.15646009	-0.48588744	-0.18026422	-0.4270858	0.22896366	0.3127835	-0.2593799	-0.38168415	0.20556091	-0.10814254	-0.29199073	0.15920095	-0.10143748	0.15301453	0.9999994	0.24164943
0.28241503	0.28532955	-0.33442342	-0.01300598	-0.13057528	-0.1858808	-0.3890353	-0.3810227	0.1782249	0.26666486	-0.46405506	-0.3469358	0.25617224	-0.079609424	-0.38615742	-0.022949146	-0.009316318	0.23251133	0.24164943	0.9999994
