1.0	-0.12228231	0.02523111	0.24611728	0.0016541025	0.2151742	0.073763326	-0.31688172	-0.2592602	-0.09141201	-0.3029508	-0.41039726	0.21253966	0.010092128	0.2870495	-0.29275224	-0.09313939	-0.25520712	0.017453784	0.05520936
-0.12228231	0.9999999	0.22763713	-0.3989552	0.23002145	-0.43666768	-0.4230779	0.27661332	0.2788492	-0.34017828	0.29751208	0.21233343	-0.4319126	0.20971441	-0.23770341	-0.061384365	-0.104243234	-0.11958666	-0.22640923	0.16972066
0.02523111	0.22763713	0.9999998	-0.19285537	0.3034831	-0.24832246	-0.39364034	0.23871042	0.23878045	-0.4104568	0.21228741	0.037121907	-0.2335902	0.30786356	0.016008321	-0.22007541	-0.41352293	-0.21220027	-0.5415	0.25904155
0.24611728	-0.3989552	-0.19285537	0.9999998	-0.22072327	0.3150424	0.24500874	-0.4336365	-0.3776881	0.1570758	-0.34872743	-0.42984667	0.30291513	-0.219389	0.24656694	-0.091903664	0.09809622	0.018196233	0.21946423	-0.13475734
0.0016541025	0.23002145	0.3034831	-0.22072327	0.9999996	-0.21061929	-0.34011188	0.2626987	0.2344582	-0.5237454	0.19248147	0.068318	-0.16799194	0.31123227	-0.023192337	-0.2603054	-0.39207977	-0.36931112	-0.37222245	0.27595684
0.2151742	-0.43666768	-0.24832246	0.3150424	-0.21061929	0.99999946	0.2620438	-0.34903276	-0.42060646	0.17441764	-0.4381977	-0.34909654	0.31804472	-0.14548798	0.21329224	-0.058019213	0.09607315	0.052444063	0.23643397	-0.22691543
0.073763326	-0.4230779	-0.39364034	0.24500874	-0.34011188	0.2620438	0.9999996	-0.3673447	-0.3746238	0.287205	-0.42691448	-0.07413173	0.25096613	-0.37211695	0.03306562	0.12927932	0.21676134	0.18689549	0.29940683	-0.21243347
-0.31688172	0.27661332	0.23871042	-0.4336365	0.2626987	-0.34903276	-0.3673447	0.99999946	0.30658436	-0.29555944	0.27983096	0.2125263	-0.2320982	0.24501768	-0.2178815	-0.07788819	-0.25500122	-0.17405765	-0.30555427	0.20295532
-0.2592602	0.2788492	0.23878045	-0.3776881	0.2344582	-0.42060646	-0.3746238	0.30658436	0.99999934	-0.16949178	0.29478067	0.21877742	-0.32667568	0.22368672	-0.23729283	-0.031884648	-0.17911232	-0.18249713	-0.4423287	0.20554559
-0.09141201	-0.34017828	-0.4104568	0.1570758	-0.5237454	0.17441764	0.287205	-0.29555944	-0.16949178	0.9999993	-0.24117011	-0.021890508	0.15697438	-0.37528744	-0.098522365	0.22830272	0.25865355	0.2523373	0.2767452	-0.22399701
-0.3029508	0.29751208	0.21228741	-0.34872743	0.19248147	-0.4381977	-0.42691448	0.27983096	0.29478067	-0.24117011	0.9999993	0.2105908	-0.4958591	0.20215635	-0.12431152	0.00049794366	-0.0977719	-0.0968844	-0.27847305	0.16112372
-0.41039726	0.21233343	0.037121907	-0.42984667	0.068318	-0.34909654	-0.07413173	0.2125263	0.21877742	-0.021890508	0.2105908	0.99999917	-0.36257386	0.0054986468	-0.5269843	0.18799967	-0.0020002506	0.10590632	-0.098808445	0.016657928
0.21253966	-0.4319126	-0.2335902	0.30291513	-0.16799194	0.31804472	0.25096613	-0.2320982	-0.32667568	0.15697438	-0.4958591	-0.36257386	0.99999905	-0.22339958	0.20608948	-0.091281496	0.08900785	0.02963749	0.21844403	-0.21923524
0.010092128	0.20971441	0.30786356	-0.219389	0.31123227	-0.14548798	-0.37211695	0.24501768	0.22368672	-0.37528744	0.20215635	0.0054986468	-0.22339958	0.9999991	0.046346303	-0.31423318	-0.48265037	-0.3461397	-0.37725905	0.29435647
0.2870495	-0.23770341	0.016008321	0.24656694	-0.023192337	0.21329224	0.03306562	-0.2178815	-0.23729283	-0.098522365	-0.12431152	-0.5269843	0.20608948	0.046346303	0.99999917	-0.38436398	-0.05469883	-0.21368347	0.025332121	0.044884995
-0.29275224	-0.061384365	-0.22007541	-0.091903664	-0.2603054	-0.058019213	0.12927932	-0.07788819	-0.031884648	0.22830272	0.00049794366	0.18799967	-0.091281496	-0.31423318	-0.38436398	0.999999	0.25922263	0.30702066	0.15451251	-0.3827426
-0.09313939	-0.104243234	-0.41352293	0.09809622	-0.39207977	0.09607315	0.21676134	-0.25500122	-0.17911232	0.25865355	-0.0977719	-0.0020002506	0.08900785	-0.48265037	-0.05469883	0.25922263	0.9999989	0.28997937	0.26517123	-0.49874404
-0.25520712	-0.11958666	-0.21220027	0.018196233	-0.36931112	0.052444063	0.18689549	-0.17405765	-0.18249713	0.2523373	-0.0968844	0.10590632	0.02963749	-0.3461397	-0.21368347	0.30702066	0.28997937	0.9999988	0.22168511	-0.49453336
0.017453784	-0.22640923	-0.5415	0.21946423	-0.37222245	0.23643397	0.29940683	-0.30555427	-0.4423287	0.2767452	-0.27847305	-0.098808445	0.21844403	-0.37725905	0.025332121	0.15451251	0.26517123	0.22168511	0.999999	-0.29209283
0.05520936	0.16972066	0.25904155	-0.13475734	0.27595684	-0.22691543	-0.21243347	0.20295532	0.20554559	-0.22399701	0.16112372	0.016657928	-0.21923524	0.29435647	0.044884995	-0.3827426	-0.49874404	-0.49453336	-0.29209283	0.999999
