1.0000001	-0.14127892	-0.46963274	-0.3397299	0.2669249	0.13221617	-0.002979102	0.03197705	-0.30421814	-0.15585105	0.08545925	0.24198903	-0.06575958	0.28631312	0.038039196	-0.041774638	-0.46808526	0.004585361	-0.2237419	0.1255474
-0.14127892	1.0000001	0.19361201	0.20485666	-0.28870946	-0.45190102	0.18337311	-0.5439332	-0.06149074	-0.28082857	0.14789388	-0.022409195	0.26999572	-0.14988773	-0.2444192	0.25040522	0.048866645	-0.22764592	-0.02663452	0.14013574
-0.46963274	0.19361201	1.0000002	0.2575428	-0.5765405	-0.21567449	-0.008400802	-0.13822764	0.14508155	0.053218115	-0.01567117	-0.2329676	0.1030765	-0.31656927	-0.23362179	0.094580695	0.25685796	-0.00778772	0.11053219	0.0005919244
-0.3397299	0.20485666	0.2575428	1.0000001	-0.31193826	-0.286197	0.06441104	-0.114329584	0.1993809	-0.068101525	0.070797324	-0.3407682	0.16552739	-0.59462947	-0.17288981	0.16017829	0.2113411	-0.099024504	-0.01001889	0.0035918516
0.2669249	-0.28870946	-0.5765405	-0.31193826	1.0000001	0.19764392	0.042599335	0.07784793	-0.07205587	-0.03683572	0.0130078895	0.12565419	-0.1863607	0.2504458	0.18972592	-0.1228864	-0.40550807	-0.011881975	-0.13846312	-0.012669687
0.13221617	-0.45190102	-0.21567449	-0.286197	0.19764392	0.99999994	-0.28603026	0.28673404	-0.02471016	0.21596344	-0.22536989	0.07009256	-0.5144656	0.13150455	0.2763948	-0.40661526	-0.0580336	0.24964933	0.11924835	-0.21044971
-0.002979102	0.18337311	-0.008400802	0.06441104	0.042599335	-0.28603026	0.9999999	-0.29545587	0.09771963	-0.48558918	0.2693564	-0.11367225	0.24550247	0.013287291	-0.14829057	0.23005168	-0.2089903	-0.54755414	-0.29196945	0.24263135
0.03197705	-0.5439332	-0.13822764	-0.114329584	0.07784793	0.28673404	-0.29545587	0.99999976	0.06013466	0.25599003	-0.29725927	-0.043983664	-0.33939844	0.0062147453	0.25141168	-0.45674974	0.08716455	0.25883737	0.17698383	-0.26395816
-0.30421814	-0.06149074	0.14508155	0.1993809	-0.07205587	-0.02471016	0.09771963	0.06013466	0.9999999	0.0691467	-0.01737612	-0.7505598	0.010384265	-0.31944785	0.011280167	0.0036260942	0.13702287	-0.12502873	0.035445012	-0.09433424
-0.15585105	-0.28082857	0.053218115	-0.068101525	-0.03683572	0.21596344	-0.48558918	0.25599003	0.0691467	0.99999976	-0.39123535	-0.06824633	-0.36117837	-0.028879808	0.2038504	-0.2207521	0.18177015	0.28023896	0.2670458	-0.4297254
0.08545925	0.14789388	-0.01567117	0.070797324	0.0130078895	-0.22536989	0.2693564	-0.29725927	-0.01737612	-0.39123535	0.9999999	0.015131967	0.25598764	0.030344192	-0.31577656	0.2729485	-0.27524376	-0.34205258	-0.58331645	0.3023743
0.24198903	-0.022409195	-0.2329676	-0.3407682	0.12565419	0.07009256	-0.11367225	-0.043983664	-0.7505598	-0.06824633	0.015131967	0.9999998	-0.039067507	0.25344136	0.02818605	-0.033281513	-0.1839316	0.10410007	-0.040329885	0.030622492
-0.06575958	0.26999572	0.1030765	0.16552739	-0.1863607	-0.5144656	0.24550247	-0.33939844	0.010384265	-0.36117837	0.25598764	-0.039067507	0.99999976	-0.06529622	-0.4103493	0.3096733	-0.014333664	-0.38570213	-0.23495436	0.25671872
0.28631312	-0.14988773	-0.31656927	-0.59462947	0.2504458	0.13150455	0.013287291	0.0062147453	-0.31944785	-0.028879808	0.030344192	0.25344136	-0.06529622	0.99999964	0.08629237	-0.0857107	-0.4232558	-0.026855739	-0.10702618	0.059715755
0.038039196	-0.2444192	-0.23362179	-0.17288981	0.18972592	0.2763948	-0.14829057	0.25141168	0.011280167	0.2038504	-0.31577656	0.02818605	-0.4103493	0.08629237	0.9999998	-0.49213886	-0.02548339	0.22162198	0.18365057	-0.44748333
-0.041774638	0.25040522	0.094580695	0.16017829	-0.1228864	-0.40661526	0.23005168	-0.45674974	0.0036260942	-0.2207521	0.2729485	-0.033281513	0.3096733	-0.0857107	-0.49213886	0.99999976	-0.055348318	-0.3704828	-0.3028809	0.2671577
-0.46808526	0.048866645	0.25685796	0.2113411	-0.40550807	-0.0580336	-0.2089903	0.08716455	0.13702287	0.18177015	-0.27524376	-0.1839316	-0.014333664	-0.4232558	-0.02548339	-0.055348318	0.9999998	0.13298278	0.24495667	-0.18274872
0.004585361	-0.22764592	-0.00778772	-0.099024504	-0.011881975	0.24964933	-0.54755414	0.25883737	-0.12502873	0.28023896	-0.34205258	0.10410007	-0.38570213	-0.026855739	0.22162198	-0.3704828	0.13298278	0.99999976	0.25059593	-0.35859528
-0.2237419	-0.02663452	0.11053219	-0.01001889	-0.13846312	0.11924835	-0.29196945	0.17698383	0.035445012	0.2670458	-0.58331645	-0.040329885	-0.23495436	-0.10702618	0.18365057	-0.3028809	0.24495667	0.25059593	0.9999998	-0.42912248
0.1255474	0.14013574	0.0005919244	0.0035918516	-0.012669687	-0.21044971	0.24263135	-0.26395816	-0.09433424	-0.4297254	0.3023743	0.030622492	0.25671872	0.059715755	-0.44748333	0.2671577	-0.18274872	-0.35859528	-0.42912248	0.9999998
