1.0	0.18114911	-0.28267246	0.171041	-0.32227743	0.15136339	0.28985056	0.10443015	-0.106122695	-0.2838272	0.1780723	0.28407845	0.0036680985	-0.16717984	-0.43666688	-0.26813358	0.25672266	-0.05772791	-0.22762634	-0.46814084
0.18114911	0.99999964	-0.09940436	0.13920781	-0.026223866	0.09836199	0.22964346	0.1509931	-0.033091333	-0.5760886	0.03310156	0.17058115	-0.016619053	-0.04308325	-0.1180686	-0.34879187	0.15989582	-0.13036159	-0.46041238	-0.3107884
-0.28267246	-0.09940436	0.9999996	-0.39802304	0.12285927	-0.23775752	-0.3369104	0.0383566	0.010495402	0.200884	-0.13357423	-0.15362991	0.03843972	0.13445322	0.17838809	0.17148592	-0.58770347	-0.11844745	0.22789218	0.22486897
0.171041	0.13920781	-0.39802304	0.9999994	0.03567098	0.28655374	0.18317328	-0.16508543	-0.276331	-0.19753467	-0.11398098	0.20605862	0.17180365	-0.45275238	-0.042523764	-0.37571022	0.18096745	0.18687895	-0.28916156	-0.2502515
-0.32227743	-0.026223866	0.12285927	0.03567098	0.99999934	0.10806874	-0.29896373	-0.37580943	-0.1716607	0.05217284	-0.56729186	-0.1650761	0.19118068	-0.16250491	0.28599316	0.015833473	-0.2459523	0.2334611	0.16256325	0.12795806
0.15136339	0.09836199	-0.23775752	0.28655374	0.10806874	0.9999993	0.13786162	-0.27966166	-0.29238498	-0.306332	-0.1839318	0.20159593	0.22246218	-0.41143122	-0.09664582	-0.36021477	0.11270397	0.22932291	-0.13506068	-0.24487287
0.28985056	0.22964346	-0.3369104	0.18317328	-0.29896373	0.13786162	0.9999993	0.12640955	0.018321643	-0.3980456	0.17345977	0.23227017	-0.111554496	-0.13726439	-0.33482203	-0.2761374	0.2903121	-0.039752074	-0.4349134	-0.312938
0.10443015	0.1509931	0.0383566	-0.16508543	-0.37580943	-0.27966166	0.12640955	0.9999991	0.23848283	-0.11500945	0.27432463	0.028928412	-0.3413895	0.21997988	-0.23003827	0.03593368	0.06096655	-0.55688685	-0.18886356	-0.026060622
-0.106122695	-0.033091333	0.010495402	-0.276331	-0.1716607	-0.29238498	0.018321643	0.23848283	0.999999	0.030232893	0.1930301	-0.21417914	-0.6393412	0.28864214	-0.115174875	0.21439965	0.039583612	-0.33036733	-0.0103171235	0.15578303
-0.2838272	-0.5760886	0.200884	-0.19753467	0.05217284	-0.306332	-0.3980456	-0.11500945	0.030232893	0.999999	-0.027234174	-0.12650526	-0.004910017	0.11150546	0.1529981	0.23648098	-0.263607	-0.00562373	0.27676886	0.24367608
0.1780723	0.03310156	-0.13357423	-0.11398098	-0.56729186	-0.1839318	0.17345977	0.27432463	0.1930301	-0.027234174	0.9999991	0.102796175	-0.22929072	0.18553254	-0.41682288	-0.010493892	0.166882	-0.38166112	-0.14578328	-0.097133614
0.28407845	0.17058115	-0.15362991	0.20605862	-0.1650761	0.20159593	0.23227017	0.028928412	-0.21417914	-0.12650526	0.102796175	0.9999991	0.116868205	-0.24197121	-0.3782763	-0.46039662	0.18220307	-0.028251957	-0.30062014	-0.4564733
0.0036680985	-0.016619053	0.03843972	0.17180365	0.19118068	0.22246218	-0.111554496	-0.3413895	-0.6393412	-0.004910017	-0.22929072	0.116868205	0.9999993	-0.33871853	0.12346517	-0.2579981	-0.10845609	0.24686281	0.06692902	-0.1334011
-0.16717984	-0.04308325	0.13445322	-0.45275238	-0.16250491	-0.41143122	-0.13726439	0.21997988	0.28864214	0.11150546	0.18553254	-0.24197121	-0.33871853	0.99999946	-0.061252818	0.24038287	-0.036252446	-0.37386128	0.059765898	0.18601072
-0.43666688	-0.1180686	0.17838809	-0.042523764	0.28599316	-0.09664582	-0.33482203	-0.23003827	-0.115174875	0.1529981	-0.41682288	-0.3782763	0.12346517	-0.061252818	0.9999994	0.14844075	-0.27015173	0.17468129	0.21869786	0.21778025
-0.26813358	-0.34879187	0.17148592	-0.37571022	0.015833473	-0.36021477	-0.2761374	0.03593368	0.21439965	0.23648098	-0.010493892	-0.46039662	-0.2579981	0.24038287	0.14844075	0.9999995	-0.15220128	-0.064975336	0.22239584	0.28970048
0.25672266	0.15989582	-0.58770347	0.18096745	-0.2459523	0.11270397	0.2903121	0.06096655	0.039583612	-0.263607	0.166882	0.18220307	-0.10845609	-0.036252446	-0.27015173	-0.15220128	0.9999996	-0.029035	-0.3974842	-0.35939312
-0.05772791	-0.13036159	-0.11844745	0.18687895	0.2334611	0.22932291	-0.039752074	-0.55688685	-0.33036733	-0.00562373	-0.38166112	-0.028251957	0.24686281	-0.37386128	0.17468129	-0.064975336	-0.029035	0.9999996	0.09364949	-0.047904503
-0.22762634	-0.46041238	0.22789218	-0.28916156	0.16256325	-0.13506068	-0.4349134	-0.18886356	-0.0103171235	0.27676886	-0.14578328	-0.30062014	0.06692902	0.059765898	0.21869786	0.22239584	-0.3974842	0.09364949	0.9999995	0.2615808
-0.46814084	-0.3107884	0.22486897	-0.2502515	0.12795806	-0.24487287	-0.312938	-0.026060622	0.15578303	0.24367608	-0.097133614	-0.4564733	-0.1334011	0.18601072	0.21778025	0.28970048	-0.35939312	-0.047904503	0.2615808	0.9999995
