1.0000001	0.04572883	0.19206719	0.17090692	-0.11858413	-0.16359755	-0.24971479	-0.051872313	0.20844425	-0.07788757	-0.33696702	-0.428552	0.08012682	0.069160864	0.03564348	-0.057599884	-0.5356699	0.2756316	0.056030933	-0.11329646
0.04572883	1.0	0.044877246	-0.12538745	-0.4200168	0.15994965	-0.027681027	0.1735629	0.10758349	0.23457104	-0.27471864	-0.18990803	0.30363375	0.25903177	-0.2639221	-0.5001651	0.026197545	0.10957794	-0.38628075	-0.27663526
0.19206719	0.044877246	1.0	0.10197641	-0.23981708	-0.14316198	-0.7842933	-0.046492405	0.15128043	-0.0018835857	-0.13268693	-0.10255293	0.10683794	-0.17117079	0.010858092	0.016416792	-0.20979129	0.108606614	0.02760031	0.071328446
0.17090692	-0.12538745	0.10197641	1.0000002	0.054764222	-0.5932263	-0.08720267	-0.20223677	0.09773919	-0.43995088	-0.07342491	-0.05187512	-0.1444317	-0.24855125	0.161544	0.1958255	-0.3944042	0.19440356	0.22940172	0.15412943
-0.11858413	-0.4200168	-0.23981708	0.054764222	1.0000004	-0.12516035	0.16736315	-0.045114458	-0.33616045	-0.33724245	0.22791179	0.19643709	-0.38229913	-0.19783145	0.042535562	0.22153227	0.074231	-0.1908892	0.17389722	0.23444317
-0.16359755	0.15994965	-0.14316198	-0.5932263	-0.12516035	1.0000005	0.11763755	0.1832279	-0.10054379	0.2805097	0.047035042	0.011190533	0.13598926	0.20731309	-0.1528562	-0.29563728	0.2619346	-0.2834248	-0.28459767	-0.2625821
-0.24971479	-0.027681027	-0.7842933	-0.08720267	0.16736315	0.11763755	1.0000006	0.05657295	-0.2124811	-0.0068429825	0.103859365	0.0502824	-0.11059261	0.13273643	-0.025381388	-0.050034903	0.17688517	-0.09133892	-0.05668203	-0.103091836
-0.051872313	0.1735629	-0.046492405	-0.20223677	-0.045114458	0.1832279	0.05657295	1.0000006	-0.3080675	0.16338754	0.06666263	0.04210137	0.23097122	0.14848472	-0.59095913	-0.26619697	0.14097242	-0.15825129	-0.47736079	-0.059392825
0.20844425	0.10758349	0.15128043	0.09773919	-0.33616045	-0.10054379	-0.2124811	-0.3080675	1.0000005	0.047492947	-0.40374592	-0.31988963	0.021345107	0.07823645	0.19783598	-0.04424519	-0.21183902	0.24655314	0.06970258	-0.2892415
-0.07788757	0.23457104	-0.0018835857	-0.43995088	-0.33724245	0.2805097	-0.0068429825	0.16338754	0.047492947	1.0000006	-0.034561984	-0.12733844	0.23018765	0.23817226	-0.16985497	-0.3052799	0.17044188	-0.06737268	-0.34722978	-0.4493187
-0.33696702	-0.27471864	-0.13268693	-0.07342491	0.22791179	0.047035042	0.103859365	0.06666263	-0.40374592	-0.034561984	1.0000005	0.3017552	-0.21007222	-0.27648664	-0.103195176	0.15320055	0.17431687	-0.47755504	0.07009784	0.17857479
-0.428552	-0.18990803	-0.10255293	-0.05187512	0.19643709	0.011190533	0.0502824	0.04210137	-0.31988963	-0.12733844	0.3017552	1.0000006	-0.11073882	-0.36003518	-0.05353406	0.17697112	0.14438978	-0.44780073	0.05292395	0.21617295
0.08012682	0.30363375	0.10683794	-0.1444317	-0.38229913	0.13598926	-0.11059261	0.23097122	0.021345107	0.23018765	-0.21007222	-0.11073882	1.0000007	0.21481688	-0.41509184	-0.36698171	0.006175112	0.07088573	-0.42121252	-0.2395498
0.069160864	0.25903177	-0.17117079	-0.24855125	-0.19783145	0.20731309	0.13273643	0.14848472	0.07823645	0.23817226	-0.27648664	-0.36003518	0.21481688	1.0000007	-0.18865904	-0.40103242	0.08420175	0.08335093	-0.26213816	-0.4096011
0.03564348	-0.2639221	0.010858092	0.161544	0.042535562	-0.1528562	-0.025381388	-0.59095913	0.19783598	-0.16985497	-0.103195176	-0.05353406	-0.41509184	-0.18865904	1.0000007	0.20633599	-0.108806506	0.10973468	0.27150407	0.036268048
-0.057599884	-0.5001651	0.016416792	0.1958255	0.22153227	-0.29563728	-0.050034903	-0.26619697	-0.04424519	-0.3052799	0.15320055	0.17697112	-0.36698171	-0.40103242	0.20633599	1.0000007	-0.16830762	-0.065876596	0.29539922	0.2556756
-0.5356699	0.026197545	-0.20979129	-0.3944042	0.074231	0.2619346	0.17688517	0.14097242	-0.21183902	0.17044188	0.17431687	0.14438978	0.006175112	0.08420175	-0.108806506	-0.16830762	1.0000008	-0.36521786	-0.20813543	-0.05757511
0.2756316	0.10957794	0.108606614	0.19440356	-0.1908892	-0.2834248	-0.09133892	-0.15825129	0.24655314	-0.06737268	-0.47755504	-0.44780073	0.07088573	0.08335093	0.10973468	-0.065876596	-0.36521786	1.0000008	0.016184572	-0.06720248
0.056030933	-0.38628075	0.02760031	0.22940172	0.17389722	-0.28459767	-0.05668203	-0.47736079	0.06970258	-0.34722978	0.07009784	0.05292395	-0.42121252	-0.26213816	0.27150407	0.29539922	-0.20813543	0.016184572	1.000001	0.18089373
-0.11329646	-0.27663526	0.071328446	0.15412943	0.23444317	-0.2625821	-0.103091836	-0.059392825	-0.2892415	-0.4493187	0.17857479	0.21617295	-0.2395498	-0.4096011	0.036268048	0.2556756	-0.05757511	-0.06720248	0.18089373	1.000001
