1.0	0.09492279	0.07568799	0.29232672	0.27210426	0.054187823	0.16071132	0.16784766	-0.33424357	0.007111746	0.051875055	-0.49989802	-0.18733692	-0.011784352	-0.19796795	-0.021306764	-0.24202046	-0.23856814	0.070749186	-0.5143977
0.09492279	0.9999999	-0.30851355	0.030315075	0.13422422	-0.27835503	-0.17310351	-0.32287243	-0.1892017	0.16291016	0.28795427	-0.11840089	0.22857447	-0.19231877	0.1269997	0.27194765	-0.48374507	0.14791507	-0.33048746	-0.08876402
0.07568799	-0.30851355	0.99999964	0.11579638	-0.07391391	0.26799142	0.23707455	0.1899133	0.045297895	-0.18984737	-0.49336666	-0.15846445	-0.22221985	0.15962556	-0.41010776	-0.12898338	0.1270114	-0.36050996	0.16380619	-0.036276884
0.29232672	0.030315075	0.11579638	0.99999946	0.24966978	0.024159195	0.16278829	0.15743405	-0.4583398	0.0045093047	0.06544896	-0.4295508	-0.124448314	-0.002382184	-0.24705826	-0.0032709485	-0.07882858	-0.2896451	0.027685061	-0.49660823
0.27210426	0.13422422	-0.07391391	0.24966978	0.99999946	-0.032816693	0.13638788	0.14205192	-0.5257335	0.17898674	0.12659264	-0.3574383	-0.115090996	-0.2586599	-0.09140217	0.04771732	-0.23271395	-0.18514754	-0.020476598	-0.39434078
0.054187823	-0.27835503	0.26799142	0.024159195	-0.032816693	0.9999995	0.24729751	0.20619571	0.112413846	-0.016705738	-0.39133832	-0.12878612	-0.14598039	0.05232497	-0.568841	-0.2597807	0.10490443	-0.34448197	0.14709865	-0.049486957
0.16071132	-0.17310351	0.23707455	0.16278829	0.13638788	0.24729751	0.9999996	0.25861663	-0.16947393	-0.06892389	-0.30438748	-0.25374103	-0.21260671	0.049828257	-0.36747575	-0.3311011	0.09412616	-0.5256879	0.21285212	-0.15318096
0.16784766	-0.32287243	0.1899133	0.15743405	0.14205192	0.20619571	0.25861663	0.99999964	-0.10236351	-0.014135076	-0.20054477	-0.19698305	-0.4985857	-0.0023336476	-0.21702799	-0.39308572	0.123882964	-0.30964884	0.27590165	-0.26426265
-0.33424357	-0.1892017	0.045297895	-0.4583398	-0.5257335	0.112413846	-0.16947393	-0.10236351	0.99999964	-0.14951408	-0.16997315	0.23846163	0.05758111	0.13796782	-0.0137695875	-0.009970267	0.1381055	0.11465966	0.006059871	0.27203616
0.007111746	0.16291016	-0.18984737	0.0045093047	0.17898674	-0.016705738	-0.06892389	-0.014135076	-0.14951408	0.9999996	0.15747762	-0.08713096	0.081183776	-0.8232581	0.04629016	0.12605824	-0.29824802	0.012158093	-0.11487668	-0.014045546
0.051875055	0.28795427	-0.49336666	0.06544896	0.12659264	-0.39133832	-0.30438748	-0.20054477	-0.16997315	0.15747762	0.99999946	-0.04780923	0.1540102	-0.19909032	0.1979247	0.21391344	-0.3211498	0.17360012	-0.16650397	-0.13463275
-0.49989802	-0.11840089	-0.15846445	-0.4295508	-0.3574383	-0.12878612	-0.25374103	-0.19698305	0.23846163	-0.08713096	-0.04780923	0.99999964	0.0864716	0.06966293	0.21992813	-0.032557145	0.1855629	0.24050257	-0.024846502	0.29501694
-0.18733692	0.22857447	-0.22221985	-0.124448314	-0.115090996	-0.14598039	-0.21260671	-0.4985857	0.05758111	0.081183776	0.1540102	0.0864716	0.9999996	-0.07275688	0.1485937	0.27517122	-0.22665352	0.2223518	-0.5979844	0.1497263
-0.011784352	-0.19231877	0.15962556	-0.002382184	-0.2586599	0.05232497	0.049828257	-0.0023336476	0.13796782	-0.8232581	-0.19909032	0.06966293	-0.07275688	0.99999964	-0.07970499	-0.1416824	0.21177411	-0.025805943	0.103990674	0.024603484
-0.19796795	0.1269997	-0.41010776	-0.24705826	-0.09140217	-0.568841	-0.36747575	-0.21702799	-0.0137695875	0.04629016	0.1979247	0.21992813	0.1485937	-0.07970499	0.9999995	0.12031706	0.0025387416	0.29412135	-0.11301078	0.14965309
-0.021306764	0.27194765	-0.12898338	-0.0032709485	0.04771732	-0.2597807	-0.3311011	-0.39308572	-0.009970267	0.12605824	0.21391344	-0.032557145	0.27517122	-0.1416824	0.12031706	0.9999994	-0.4057303	0.18076041	-0.52410364	0.015687676
-0.24202046	-0.48374507	0.1270114	-0.07882858	-0.23271395	0.10490443	0.09412616	0.123882964	0.1381055	-0.29824802	-0.3211498	0.1855629	-0.22665352	0.21177411	0.0025387416	-0.4057303	0.9999994	-0.032974135	0.21889833	0.115259916
-0.23856814	0.14791507	-0.36050996	-0.2896451	-0.18514754	-0.34448197	-0.5256879	-0.30964884	0.11465966	0.012158093	0.17360012	0.24050257	0.2223518	-0.025805943	0.29412135	0.18076041	-0.032974135	0.99999934	-0.26618177	0.19258286
0.070749186	-0.33048746	0.16380619	0.027685061	-0.020476598	0.14709865	0.21285212	0.27590165	0.006059871	-0.11487668	-0.16650397	-0.024846502	-0.5979844	0.103990674	-0.11301078	-0.52410364	0.21889833	-0.26618177	0.99999934	-0.06856929
-0.5143977	-0.08876402	-0.036276884	-0.49660823	-0.39434078	-0.049486957	-0.15318096	-0.26426265	0.27203616	-0.014045546	-0.13463275	0.29501694	0.1497263	0.024603484	0.14965309	0.015687676	0.115259916	0.19258286	-0.06856929	0.99999934
