1.0000001	0.22120662	0.062386557	0.21479727	-0.21266511	-0.42742434	-0.27923265	-0.32746208	-0.28184405	-0.073480524	-0.21719143	0.22843954	0.22822665	0.19387144	-0.55588573	0.1350049	-0.008559475	-0.0013923616	0.16212973	-0.060924657
0.22120662	1.0000004	-0.24118239	0.21500263	-0.20586221	-0.19864416	-0.086478435	-0.40245634	-0.13339299	0.058061704	-0.34698635	0.21546555	0.22296618	0.2944535	-0.43922007	0.18591051	-0.28952813	0.2049588	0.010062096	-0.28433636
0.062386557	-0.24118239	1.0000004	-0.072139986	0.071904935	-0.06660834	-0.33303493	0.13978507	0.031460743	-0.3008781	0.04405599	-0.112777025	-0.17326474	-0.2843732	0.039056953	-0.022402247	0.2473958	-0.54312795	0.2553393	0.25840366
0.21479727	0.21500263	-0.072139986	1.0000002	-0.20178565	-0.23088124	-0.038074717	-0.36793116	-0.5612946	0.045748137	-0.35240534	0.2620709	0.24482433	0.23465759	-0.28053296	0.18690509	-0.30578896	0.14448911	-0.03990174	-0.097758606
-0.21266511	-0.20586221	0.071904935	-0.20178565	1.0000002	0.062530465	0.094242275	0.26509473	0.19830593	0.008344059	0.28685075	-0.4567634	-0.07176504	-0.33756787	0.1970485	-0.637955	0.043364782	-0.19435953	-0.03735132	0.12838838
-0.42742434	-0.19864416	-0.06660834	-0.23088124	0.062530465	1.0000001	0.12657765	0.15868135	0.2218573	0.12889947	0.12316102	-0.28733882	-0.54809844	-0.17484692	0.25175488	0.012492762	-0.079942755	0.014504923	-0.140102	0.053427223
-0.27923265	-0.086478435	-0.33303493	-0.038074717	0.094242275	0.12657765	1.0000001	0.057990443	0.07551671	0.2282232	0.16169617	-0.07062494	-0.022751821	-0.054772433	0.1341053	-0.070488274	-0.17688876	0.17946227	-0.6242436	-0.30122364
-0.32746208	-0.40245634	0.13978507	-0.36793116	0.26509473	0.15868135	0.057990443	1.0000001	0.23547514	-0.09767118	0.28999934	-0.35813287	-0.1695689	-0.48648316	0.2636481	-0.3138556	0.17303978	-0.28152975	0.026033092	0.19534394
-0.28184405	-0.13339299	0.031460743	-0.5612946	0.19830593	0.2218573	0.07551671	0.23547514	1.0000002	-0.07799124	0.21028431	-0.46245822	-0.38778496	-0.19446138	0.21747777	-0.21642323	0.14660855	-0.0930925	-0.053936068	0.12569268
-0.073480524	0.058061704	-0.3008781	0.045748137	0.008344059	0.12889947	0.2282232	-0.09767118	-0.07799124	1.0000004	0.064789176	0.039049834	-0.065847404	0.04762912	0.07371503	0.015115683	-0.5587341	0.21239404	-0.30249053	-0.44487673
-0.21719143	-0.34698635	0.04405599	-0.35240534	0.28685075	0.12316102	0.16169617	0.28999934	0.21028431	0.064789176	1.0000002	-0.29306877	-0.1678971	-0.44788355	0.25468588	-0.4443955	0.076483905	-0.19686715	-0.112381406	0.06706985
0.22843954	0.21546555	-0.112777025	0.2620709	-0.4567634	-0.28733882	-0.07062494	-0.35813287	-0.46245822	0.039049834	-0.29306877	1.0000002	0.21836379	0.27055293	-0.21644033	0.24616641	-0.09791105	0.17214635	-0.021229377	-0.2755107
0.22822665	0.22296618	-0.17326474	0.24482433	-0.07176504	-0.54809844	-0.022751821	-0.1695689	-0.38778496	-0.065847404	-0.1678971	0.21836379	1.0000002	0.19467615	-0.36221367	0.049002625	-0.15093131	0.10957835	0.0063153356	-0.15383019
0.19387144	0.2944535	-0.2843732	0.23465759	-0.33756787	-0.17484692	-0.054772433	-0.48648316	-0.19446138	0.04762912	-0.44788355	0.27055293	0.19467615	1.0000002	-0.28274393	0.24087365	-0.15711139	0.2539763	-0.063456796	-0.24699025
-0.55588573	-0.43922007	0.039056953	-0.28053296	0.1970485	0.25175488	0.1341053	0.2636481	0.21747777	0.07371503	0.25468588	-0.21644033	-0.36221367	-0.28274393	1.0000002	-0.2257954	0.059469644	-0.107995786	-0.10640704	0.08627268
0.1350049	0.18591051	-0.022402247	0.18690509	-0.637955	0.012492762	-0.070488274	-0.3138556	-0.21642323	0.015115683	-0.4443955	0.24616641	0.049002625	0.24087365	-0.2257954	1.0000002	-0.076784134	0.1405361	-0.006527817	-0.19738063
-0.008559475	-0.28952813	0.2473958	-0.30578896	0.043364782	-0.079942755	-0.17688876	0.17303978	0.14660855	-0.5587341	0.076483905	-0.09791105	-0.15093131	-0.15711139	0.059469644	-0.076784134	1.0000001	-0.29437456	0.19658513	0.25360692
-0.0013923616	0.2049588	-0.54312795	0.14448911	-0.19435953	0.014504923	0.17946227	-0.28152975	-0.0930925	0.21239404	-0.19686715	0.17214635	0.10957835	0.2539763	-0.107995786	0.1405361	-0.29437456	1.0000002	-0.38118505	-0.33812168
0.16212973	0.010062096	0.2553393	-0.03990174	-0.03735132	-0.140102	-0.6242436	0.026033092	-0.053936068	-0.30249053	-0.112381406	-0.021229377	0.0063153356	-0.063456796	-0.10640704	-0.006527817	0.19658513	-0.38118505	1.0000002	0.23274796
-0.060924657	-0.28433636	0.25840366	-0.097758606	0.12838838	0.053427223	-0.30122364	0.19534394	0.12569268	-0.44487673	0.06706985	-0.2755107	-0.15383019	-0.24699025	0.08627268	-0.19738063	0.25360692	-0.33812168	0.23274796	1.0000002
