1.0000001	-0.07327193	0.07946479	-0.37988484	0.0588283	0.29648122	0.25570345	-0.4431861	0.13104346	-0.4835503	0.28740114	-0.011287007	-0.42022255	0.11817884	-0.32799786	-0.18823507	-0.26102555	-0.16328953	0.253082	0.2717697
-0.07327193	1.0000001	-0.6113813	0.18004198	-0.43960842	-0.2285677	-0.19447613	0.06698473	0.23597074	0.10176132	-0.19957612	0.2568018	0.17376961	0.24222006	-0.06277963	-0.19597617	0.14864358	-0.3035434	-0.09543283	-0.0015779976
0.07946479	-0.6113813	1.0	-0.23783697	0.28164566	0.18155555	0.19913583	-0.054247998	-0.34574962	-0.17610857	0.15616408	-0.3248208	-0.18665329	-0.32383665	0.06360587	0.13373068	-0.21614416	0.23612173	0.13885884	0.006498035
-0.37988484	0.18004198	-0.23783697	0.99999994	-0.30733842	-0.44529852	-0.44682276	0.28948092	-0.016958307	0.3030133	-0.41622522	0.18572916	0.31011686	0.048632715	0.14911975	0.13050714	0.2933322	-0.029404502	-0.33837676	-0.27182552
0.0588283	-0.43960842	0.28164566	-0.30733842	0.9999999	0.20221676	0.24285519	-0.14901774	-0.17649317	-0.11802298	0.14754866	-0.52524894	-0.20718543	-0.3654739	0.060505494	0.031650394	-0.21785986	0.21331404	0.17273764	0.09494842
0.29648122	-0.2285677	0.18155555	-0.44529852	0.20221676	0.99999964	0.30724338	-0.40939292	0.015450325	-0.4746777	0.304007	-0.16880457	-0.38737118	0.0065180217	-0.2187858	-0.13773169	-0.3589527	-0.028320216	0.28936714	0.25506544
0.25570345	-0.19447613	0.19913583	-0.44682276	0.24285519	0.30724338	0.99999976	-0.33045942	0.0011195104	-0.40792254	0.27019736	-0.30695435	-0.49346665	-0.116228044	-0.10819623	-0.123082995	-0.32999027	0.07498745	0.2972577	0.20910086
-0.4431861	0.06698473	-0.054247998	0.28948092	-0.14901774	-0.40939292	-0.33045942	0.9999998	-0.14176379	0.30165184	-0.46301422	0.044267125	0.26358327	-0.16009408	0.26885533	0.22495836	0.27932933	0.100212924	-0.2984002	-0.3897455
0.13104346	0.23597074	-0.34574962	-0.016958307	-0.17649317	0.015450325	0.0011195104	-0.14176379	0.99999964	-0.11793544	0.06625743	0.19093591	0.012550848	0.2949235	-0.34863862	-0.56233823	-0.07074229	-0.42928895	0.05972515	0.20193449
-0.4835503	0.10176132	-0.17610857	0.3030133	-0.11802298	-0.4746777	-0.40792254	0.30165184	-0.11793544	0.9999996	-0.33179003	0.105002865	0.29521605	-0.08411307	0.21395756	0.16628325	0.28911722	0.07273736	-0.3966489	-0.257969
0.28740114	-0.19957612	0.15616408	-0.41622522	0.14754866	0.304007	0.27019736	-0.46301422	0.06625743	-0.33179003	0.9999995	-0.077101536	-0.31081775	0.04682197	-0.3571952	-0.2828265	-0.35540825	-0.014895274	0.258579	0.27187574
-0.011287007	0.2568018	-0.3248208	0.18572916	-0.52524894	-0.16880457	-0.30695435	0.044267125	0.19093591	0.105002865	-0.077101536	0.9999995	0.20153058	0.26932374	-0.20498218	-0.12493949	0.1661169	-0.35209262	-0.28666407	-0.036809847
-0.42022255	0.17376961	-0.18665329	0.31011686	-0.20718543	-0.38737118	-0.49346665	0.26358327	0.012550848	0.29521605	-0.31081775	0.20153058	0.9999995	0.07280729	0.11622835	0.06551209	0.28807607	-0.11028517	-0.41974574	-0.2636409
0.11817884	0.24222006	-0.32383665	0.048632715	-0.3654739	0.0065180217	-0.116228044	-0.16009408	0.2949235	-0.08411307	0.04682197	0.26932374	0.07280729	0.9999997	-0.33032322	-0.3266957	-0.026819533	-0.5185076	-0.0027176528	0.15538557
-0.32799786	-0.06277963	0.06360587	0.14911975	0.060505494	-0.2187858	-0.10819623	0.26885533	-0.34863862	0.21395756	-0.3571952	-0.20498218	0.11622835	-0.33032322	0.9999994	0.28822684	0.19078544	0.24649058	-0.2141604	-0.42471352
-0.18823507	-0.19597617	0.13373068	0.13050714	0.031650394	-0.13773169	-0.123082995	0.22495836	-0.56233823	0.16628325	-0.2828265	-0.12493949	0.06551209	-0.3266957	0.28822684	0.9999993	0.14115213	0.2544811	-0.10936769	-0.3853059
-0.26102555	0.14864358	-0.21614416	0.2933322	-0.21785986	-0.3589527	-0.32999027	0.27932933	-0.07074229	0.28911722	-0.35540825	0.1661169	0.28807607	-0.026819533	0.19078544	0.14115213	0.999999	0.013396342	-0.56352013	-0.4094836
-0.16328953	-0.3035434	0.23612173	-0.029404502	0.21331404	-0.028320216	0.07498745	0.100212924	-0.42928895	0.07273736	-0.014895274	-0.35209262	-0.11028517	-0.5185076	0.24649058	0.2544811	0.013396342	0.9999987	0.009411051	-0.27152225
0.253082	-0.09543283	0.13885884	-0.33837676	0.17273764	0.28936714	0.2972577	-0.2984002	0.05972515	-0.3966489	0.258579	-0.28666407	-0.41974574	-0.0027176528	-0.2141604	-0.10936769	-0.56352013	0.009411051	0.9999987	0.24601907
0.2717697	-0.0015779976	0.006498035	-0.27182552	0.09494842	0.25506544	0.20910086	-0.3897455	0.20193449	-0.257969	0.27187574	-0.036809847	-0.2636409	0.15538557	-0.42471352	-0.3853059	-0.4094836	-0.27152225	0.24601907	0.9999987
