0.99999994	0.23891059	0.29910547	-0.4049703	0.03767907	0.30051878	-0.39033213	-0.37991363	-0.074278645	0.19450837	0.282291	-0.21774703	0.30412018	0.08970669	-0.35599673	-0.25339398	-0.4118891	-0.34394556	-0.2049137	0.2905425
0.23891059	0.99999994	0.21054946	-0.3896633	-0.1478339	0.1708501	-0.12497841	-0.30390474	0.05550238	0.21300264	0.25891757	-0.45668554	0.19418804	0.24882498	-0.2752821	-0.36137056	-0.096237086	-0.48978436	-0.2216019	0.27659848
0.29910547	0.21054946	1.0	-0.18880053	0.019218381	0.26498467	-0.24453661	-0.482743	-0.027769377	0.21429574	0.29269668	-0.23793165	0.27538228	0.0668975	-0.45722583	-0.21166064	-0.47957212	-0.31392357	-0.21640074	0.2174358
-0.4049703	-0.3896633	-0.18880053	0.99999994	-0.09391781	-0.29331607	0.26534924	0.2037842	0.11013223	-0.11937098	-0.2514302	0.20753577	-0.377176	-0.11733698	0.22044574	0.17251559	0.22944063	0.26480368	0.12712637	-0.5651498
0.03767907	-0.1478339	0.019218381	-0.09391781	0.99999994	0.057324547	-0.13427807	0.08117496	-0.7298037	0.10527628	-0.15583588	0.092004456	0.026035162	-0.1109368	0.055716567	0.17539601	-0.09298141	0.05249631	-0.22413155	-0.012600272
0.30051878	0.1708501	0.26498467	-0.29331607	0.057324547	1.0000001	-0.56691444	-0.24260321	-0.0942647	0.1061075	0.2347135	-0.1857233	0.3012056	-0.014137324	-0.34333047	-0.17780986	-0.4873024	-0.24587336	-0.041576315	0.25714868
-0.39033213	-0.12497841	-0.24453661	0.26534924	-0.13427807	-0.56691444	1.0000001	0.19436343	0.102588445	-0.072277226	-0.22949417	0.102494866	-0.4690053	0.04782098	0.25301304	0.09286222	0.29487264	0.18338765	0.030952815	-0.3358878
-0.37991363	-0.30390474	-0.482743	0.2037842	0.08117496	-0.24260321	0.19436343	0.99999976	-0.10550581	-0.22188744	-0.5284796	0.22524032	-0.35167688	-0.11346965	0.3121539	0.23495065	0.23919928	0.24932326	0.16939813	-0.1794022
-0.074278645	0.05550238	-0.027769377	0.11013223	-0.7298037	-0.0942647	0.102588445	-0.10550581	0.9999998	-0.23561859	0.10612763	-0.047140673	-0.03269885	0.0156119205	-0.052960176	-0.18459591	0.08915846	-0.008977568	0.17969833	-0.06520325
0.19450837	0.21300264	0.21429574	-0.11937098	0.10527628	0.1061075	-0.072277226	-0.22188744	-0.23561859	0.9999997	0.18584588	-0.30725655	0.10773817	0.24164419	-0.22445403	-0.2939228	-0.1456496	-0.31669497	-0.6105856	0.17930116
0.282291	0.25891757	0.29269668	-0.2514302	-0.15583588	0.2347135	-0.22949417	-0.5284796	0.10612763	0.18584588	0.9999997	-0.31536394	0.25779632	0.1267068	-0.39886805	-0.3541025	-0.29808065	-0.23362714	-0.20588914	0.22607794
-0.21774703	-0.45668554	-0.23793165	0.20753577	0.092004456	-0.1857233	0.102494866	0.22524032	-0.047140673	-0.30725655	-0.31536394	0.9999995	-0.1518617	-0.51181805	0.18282302	0.31458196	0.093767785	0.30793682	0.22691938	-0.3217745
0.30412018	0.19418804	0.27538228	-0.377176	0.026035162	0.3012056	-0.4690053	-0.35167688	-0.03269885	0.10773817	0.25779632	-0.1518617	0.9999994	-0.009898625	-0.50466865	-0.12345654	-0.31863618	-0.30054218	-0.07417885	0.24733643
0.08970669	0.24882498	0.0668975	-0.11733698	-0.1109368	-0.014137324	0.04782098	-0.11346965	0.0156119205	0.24164419	0.1267068	-0.51181805	-0.009898625	0.99999934	-0.023688005	-0.44605958	0.05909557	-0.34043813	-0.3789092	0.17038636
-0.35599673	-0.2752821	-0.45722583	0.22044574	0.055716567	-0.34333047	0.25301304	0.3121539	-0.052960176	-0.22445403	-0.39886805	0.18282302	-0.50466865	-0.023688005	0.99999934	0.19287184	0.26924425	0.24609138	0.11593392	-0.21181776
-0.25339398	-0.36137056	-0.21166064	0.17251559	0.17539601	-0.17780986	0.09286222	0.23495065	-0.18459591	-0.2939228	-0.3541025	0.31458196	-0.12345654	-0.44605958	0.19287184	0.9999994	0.08176609	0.28389525	0.17782608	-0.32029155
-0.4118891	-0.096237086	-0.47957212	0.22944063	-0.09298141	-0.4873024	0.29487264	0.23919928	0.08915846	-0.1456496	-0.29808065	0.093767785	-0.31863618	0.05909557	0.26924425	0.08176609	0.9999993	0.16904414	0.10772708	-0.30296537
-0.34394556	-0.48978436	-0.31392357	0.26480368	0.05249631	-0.24587336	0.18338765	0.24932326	-0.008977568	-0.31669497	-0.23362714	0.30793682	-0.30054218	-0.34043813	0.24609138	0.28389525	0.16904414	0.99999917	0.21458544	-0.3777549
-0.2049137	-0.2216019	-0.21640074	0.12712637	-0.22413155	-0.041576315	0.030952815	0.16939813	0.17969833	-0.6105856	-0.20588914	0.22691938	-0.07417885	-0.3789092	0.11593392	0.17782608	0.10772708	0.21458544	0.9999992	-0.1719782
0.2905425	0.27659848	0.2174358	-0.5651498	-0.012600272	0.25714868	-0.3358878	-0.1794022	-0.06520325	0.17930116	0.22607794	-0.3217745	0.24733643	0.17038636	-0.21181776	-0.32029155	-0.30296537	-0.3777549	-0.1719782	0.9999992
