1.0	0.2057609	0.25179598	0.033836033	-0.100429796	-0.07287153	-0.42765376	-0.5117064	0.28890505	0.27515528	-0.39484194	-0.14101921	0.18646722	0.2516136	-0.04157649	-0.2532204	-0.108698644	-0.13984618	0.16293378	-0.46460342
0.2057609	0.99999994	0.25700182	0.19417019	-0.5144267	-0.24328695	-0.24138503	-0.2604079	0.20809026	0.28536937	-0.24122426	-0.37175858	0.034803417	0.15018688	-0.2940104	-0.32204488	0.1344038	0.01647419	0.2938713	-0.29158747
0.25179598	0.25700182	0.9999998	0.12592596	-0.14920893	-0.21485357	-0.32974553	-0.36973795	0.18159248	0.23947425	-0.14267217	-0.40530747	0.02069904	0.13500428	-0.15408972	-0.36726925	0.011866311	0.07553544	0.2819242	-0.44793546
0.033836033	0.19417019	0.12592596	0.99999976	-0.25275788	-0.5744107	0.012655209	-0.09167443	-0.05151569	0.1253534	-0.033220407	-0.36137587	-0.29263738	-0.12546508	-0.47033945	0.01076979	0.27358454	0.2388495	0.23826668	-1.482775e-5
-0.100429796	-0.5144267	-0.14920893	-0.25275788	0.9999998	0.24644576	0.052686803	0.18489224	-0.15653524	-0.3228476	0.16117562	0.2596241	-0.036495958	-0.11387689	0.24544477	0.18090919	-0.40006602	-0.047571853	-0.358545	0.12158413
-0.07287153	-0.24328695	-0.21485357	-0.5744107	0.24644576	0.99999994	-0.015013419	0.13748619	-0.023476288	-0.18214588	0.033679936	0.29220727	0.16795643	0.07282831	0.31992662	0.039514676	-0.4364384	-0.24503501	-0.3286013	0.026088448
-0.42765376	-0.24138503	-0.32974553	0.012655209	0.052686803	-0.015013419	1.0	0.26184353	-0.38201723	-0.42388636	0.25065008	0.04045397	-0.3131583	-0.18092224	-0.039603762	0.26509756	0.1627051	0.15006843	-0.10030104	0.2575258
-0.5117064	-0.2604079	-0.36973795	-0.09167443	0.18489224	0.13748619	0.26184353	1.0000001	-0.3285681	-0.42254812	0.26998955	0.1912	-0.1645653	-0.3268969	0.10955378	0.28557304	-0.029290713	0.08101535	-0.30816716	0.29200923
0.28890505	0.20809026	0.18159248	-0.05151569	-0.15653524	-0.023476288	-0.38201723	-0.3285681	1.0000001	0.28054425	-0.5177436	-0.08384239	0.2625872	0.29755095	0.014452666	-0.3503298	-0.07233903	-0.35229623	0.10570504	-0.32076395
0.27515528	0.28536937	0.23947425	0.1253534	-0.3228476	-0.18214588	-0.42388636	-0.42254812	0.28054425	1.0000001	-0.40639704	-0.23071858	0.1577785	0.21844356	-0.1378457	-0.36806026	0.019162588	-0.11462357	0.2114764	-0.20368439
-0.39484194	-0.24122426	-0.14267217	-0.033220407	0.16117562	0.033679936	0.25065008	0.26998955	-0.5177436	-0.40639704	1.0000001	0.10132913	-0.28575325	-0.45492855	-0.020487366	0.27207172	0.056485903	0.2061402	-0.09063117	0.23637725
-0.14101921	-0.37175858	-0.40530747	-0.36137587	0.2596241	0.29220727	0.04045397	0.1912	-0.08384239	-0.23071858	0.10132913	1.0	0.114790946	-0.026519341	0.28581685	0.14009713	-0.2888168	-0.21650422	-0.47179785	0.1721413
0.18646722	0.034803417	0.02069904	-0.29263738	-0.036495958	0.16795643	-0.3131583	-0.1645653	0.2625872	0.1577785	-0.28575325	0.114790946	0.99999994	0.27547404	0.19782947	-0.33091256	-0.16790462	-0.52945536	-0.1038843	-0.19361852
0.2516136	0.15018688	0.13500428	-0.12546508	-0.11387689	0.07282831	-0.18092224	-0.3268969	0.29755095	0.21844356	-0.45492855	-0.026519341	0.27547404	0.9999997	0.10543733	-0.43028042	-0.17860846	-0.3578413	0.04878112	-0.35998023
-0.04157649	-0.2940104	-0.15408972	-0.47033945	0.24544477	0.31992662	-0.039603762	0.10955378	0.014452666	-0.1378457	-0.020487366	0.28581685	0.19782947	0.10543733	0.9999997	-0.0024895228	-0.47724384	-0.32227582	-0.35786384	0.039365076
-0.2532204	-0.32204488	-0.36726925	0.01076979	0.18090919	0.039514676	0.26509756	0.28557304	-0.3503298	-0.36806026	0.27207172	0.14009713	-0.33091256	-0.43028042	-0.0024895228	0.99999964	0.048854813	0.1486938	-0.2573825	0.2904082
-0.108698644	0.1344038	0.011866311	0.27358454	-0.40006602	-0.4364384	0.1627051	-0.029290713	-0.07233903	0.019162588	0.056485903	-0.2888168	-0.16790462	-0.17860846	-0.47724384	0.048854813	0.99999946	0.19055277	0.1803338	0.081457496
-0.13984618	0.01647419	0.07553544	0.2388495	-0.047571853	-0.24503501	0.15006843	0.08101535	-0.35229623	-0.11462357	0.2061402	-0.21650422	-0.52945536	-0.3578413	-0.32227582	0.1486938	0.19055277	0.99999917	0.15338567	0.06473508
0.16293378	0.2938713	0.2819242	0.23826668	-0.358545	-0.3286013	-0.10030104	-0.30816716	0.10570504	0.2114764	-0.09063117	-0.47179785	-0.1038843	0.04878112	-0.35786384	-0.2573825	0.1803338	0.15338567	0.9999991	-0.29950282
-0.46460342	-0.29158747	-0.44793546	-1.482775e-5	0.12158413	0.026088448	0.2575258	0.29200923	-0.32076395	-0.20368439	0.23637725	0.1721413	-0.19361852	-0.35998023	0.039365076	0.2904082	0.081457496	0.06473508	-0.29950282	0.9999991
