1.0000001	0.21672884	-0.14340876	-0.24309364	-0.12793835	0.12509449	0.0458895	0.11747584	-0.22619194	0.18220395	0.17634143	-0.39422092	0.023673229	-0.11339205	0.20490088	0.14988124	-0.6526227	0.15596533	-0.13907784	-0.35820732
0.21672884	1.0000002	-0.10375271	-0.15799336	-0.26240712	0.13931777	0.24301976	-0.124214664	-0.37555152	0.18255877	0.18708265	-0.2544007	0.23026173	-0.44465405	0.26475254	0.11877203	-0.37133378	0.23528634	-0.18896495	-0.5345065
-0.14340876	-0.10375271	1.0000001	0.2854319	0.27218452	-0.5164251	-0.11778956	-0.07993424	0.25254098	-0.24056977	-0.39556596	0.1718569	-0.06756087	0.23273897	-0.17914428	-0.4932304	0.08332626	-0.4139592	0.25717324	0.19608824
-0.24309364	-0.15799336	0.2854319	1.0000001	0.2217746	-0.51154447	0.042926487	-0.25385964	0.19257487	-0.12528603	-0.47963998	0.12855653	0.056250386	0.16869715	-0.10372845	-0.4164033	0.10285734	-0.2732536	0.16087116	0.20486197
-0.12793835	-0.26240712	0.27218452	0.2217746	1.0000001	-0.30478144	-0.11797959	-0.006135473	0.29062563	-0.45562857	-0.45230007	0.2547606	-0.21393295	0.28422594	-0.36744964	-0.32570806	0.15596598	-0.35004812	0.2887137	0.21605848
0.12509449	0.13931777	-0.5164251	-0.51154447	-0.30478144	1.0000001	0.056925036	0.090317585	-0.30195284	0.196374	0.31035265	-0.13094638	0.021607442	-0.2741393	0.17519416	0.29752308	-0.0847511	0.27940023	-0.35449523	-0.21307044
0.0458895	0.24301976	-0.11778956	0.042926487	-0.11797959	0.056925036	1.0000001	-0.46212074	-0.31509486	0.14338924	0.06862304	-0.23412216	0.30575144	-0.32979158	0.22615577	-0.03139645	-0.13492697	0.21454233	-0.30301452	-0.30098543
0.11747584	-0.124214664	-0.07993424	-0.25385964	-0.006135473	0.090317585	-0.46212074	1.0000001	0.057934456	-0.015363103	0.091236934	0.0075230724	-0.57491297	0.0768737	-0.095315464	0.19198501	-0.049239878	-0.07466849	0.07196183	0.030456096
-0.22619194	-0.37555152	0.25254098	0.19257487	0.29062563	-0.30195284	-0.31509486	0.057934456	1.0000001	-0.24911849	-0.34920055	0.2636193	-0.294597	0.31890818	-0.4080441	-0.2807379	0.2185217	-0.36337736	0.27796927	0.29117176
0.18220395	0.18255877	-0.24056977	-0.12528603	-0.45562857	0.196374	0.14338924	-0.015363103	-0.24911849	1.0000001	0.21429393	-0.5006479	0.13129708	-0.28766358	0.298938	0.13813978	-0.28027865	0.2742019	-0.50184435	-0.10499577
0.17634143	0.18708265	-0.39556596	-0.47963998	-0.45230007	0.31035265	0.06862304	0.091236934	-0.34920055	0.21429393	1.0000001	-0.22744548	0.061583508	-0.27169603	0.20819281	0.3030364	-0.120689586	0.283592	-0.29295588	-0.31484154
-0.39422092	-0.2544007	0.1718569	0.12855653	0.2547606	-0.13094638	-0.23412216	0.0075230724	0.2636193	-0.5006479	-0.22744548	1.0000001	-0.15862136	0.24931152	-0.47171527	-0.14678127	0.28528696	-0.33333483	0.273551	0.21777011
0.023673229	0.23026173	-0.06756087	0.056250386	-0.21393295	0.021607442	0.30575144	-0.57491297	-0.294597	0.13129708	0.061583508	-0.15862136	1.0000001	-0.30430603	0.2013965	-0.096440524	-0.12710215	0.18008639	-0.15255772	-0.22187577
-0.11339205	-0.44465405	0.23273897	0.16869715	0.28422594	-0.2741393	-0.32979158	0.0768737	0.31890818	-0.28766358	-0.27169603	0.24931152	-0.30430603	0.99999994	-0.3856668	-0.21977489	0.18494684	-0.43233123	0.2818302	0.265883
0.20490088	0.26475254	-0.17914428	-0.10372845	-0.36744964	0.17519416	0.22615577	-0.095315464	-0.4080441	0.298938	0.20819281	-0.47171527	0.2013965	-0.3856668	0.9999997	0.13808057	-0.37564123	0.28088877	-0.3901499	-0.22164431
0.14988124	0.11877203	-0.4932304	-0.4164033	-0.32570806	0.29752308	-0.03139645	0.19198501	-0.2807379	0.13813978	0.3030364	-0.14678127	-0.096440524	-0.21977489	0.13808057	0.9999995	-0.06471828	0.22323631	-0.18747185	-0.29799092
-0.6526227	-0.37133378	0.08332626	0.10285734	0.15596598	-0.0847511	-0.13492697	-0.049239878	0.2185217	-0.28027865	-0.120689586	0.28528696	-0.12710215	0.18494684	-0.37564123	-0.06471828	0.9999994	-0.16992357	0.17024097	0.23008236
0.15596533	0.23528634	-0.4139592	-0.2732536	-0.35004812	0.27940023	0.21454233	-0.07466849	-0.36337736	0.2742019	0.283592	-0.33333483	0.18008639	-0.43233123	0.28088877	0.22323631	-0.16992357	0.9999994	-0.45191374	-0.26438865
-0.13907784	-0.18896495	0.25717324	0.16087116	0.2887137	-0.35449523	-0.30301452	0.07196183	0.27796927	-0.50184435	-0.29295588	0.273551	-0.15255772	0.2818302	-0.3901499	-0.18747185	0.17024097	-0.45191374	0.9999993	0.18013534
-0.35820732	-0.5345065	0.19608824	0.20486197	0.21605848	-0.21307044	-0.30098543	0.030456096	0.29117176	-0.10499577	-0.31484154	0.21777011	-0.22187577	0.265883	-0.22164431	-0.29799092	0.23008236	-0.26438865	0.18013534	0.9999993
