1.0000001	0.28526992	0.2914327	-0.17329375	0.23679507	-0.23483251	-0.3176479	-0.28071398	-0.4896365	0.24080317	-0.16671357	0.22643921	-0.46716774	-0.21920091	0.20174374	0.12034663	0.11757766	0.2876111	-0.26288185	-0.39592764
0.28526992	0.99999994	0.2931002	-0.11786745	0.22595648	-0.12847206	-0.5171569	-0.44735438	-0.46985975	0.22508582	-0.19120507	0.2424603	-0.28624395	-0.3380637	0.27410382	0.109609425	0.051431276	0.29237702	-0.19328599	-0.30988234
0.2914327	0.2931002	1.0000002	-0.21123275	0.28632683	-0.29946536	-0.37132812	-0.49178392	-0.36178192	0.2660961	-0.24901503	0.1846403	-0.25638226	-0.17127085	0.18036991	0.21075228	0.1605827	0.28860018	-0.39326498	-0.35637313
-0.17329375	-0.11786745	-0.21123275	1.0	-0.37412983	0.30498925	0.0680816	0.10894399	0.06760341	-0.3919509	0.27247596	0.07080347	-0.035431042	-0.060166836	0.06700177	-0.31075463	-0.5472372	-0.2432142	0.290869	0.21451178
0.23679507	0.22595648	0.28632683	-0.37412983	1.0	-0.41336596	-0.3173418	-0.2805589	-0.19059722	0.28582907	-0.22143286	0.09194821	-0.09838663	-0.21405166	0.10080325	0.25842038	0.23641993	0.27102247	-0.4800959	-0.4035584
-0.23483251	-0.12847206	-0.29946536	0.30498925	-0.41336596	0.9999999	0.119213976	0.15273353	0.105220646	-0.3731145	0.29458448	0.0049557067	0.022500932	0.049913302	0.038732886	-0.48676234	-0.40427828	-0.32106617	0.31227934	0.2562348
-0.3176479	-0.5171569	-0.37132812	0.0680816	-0.3173418	0.119213976	0.9999998	0.3117336	0.31291547	-0.18613735	0.12344733	-0.2897933	0.2442818	0.27778208	-0.41338092	-0.077443086	-0.044557452	-0.3614398	0.16556998	0.27320316
-0.28071398	-0.44735438	-0.49178392	0.10894399	-0.2805589	0.15273353	0.3117336	0.9999998	0.29804373	-0.25013313	0.15586519	-0.24160817	0.21778513	0.24920017	-0.42755908	-0.2007717	-0.042520396	-0.30497283	0.18782485	0.28584874
-0.4896365	-0.46985975	-0.36178192	0.06760341	-0.19059722	0.105220646	0.31291547	0.29804373	0.9999997	-0.21167697	0.11744379	-0.23140788	0.25736168	0.25433195	-0.42598957	-0.054394156	-0.029359648	-0.35839215	0.14927213	0.26090536
0.24080317	0.22508582	0.2660961	-0.3919509	0.28582907	-0.3731145	-0.18613735	-0.25013313	-0.21167697	0.9999997	-0.4576829	0.15795432	-0.20300809	-0.28384674	0.09411981	0.2546487	0.2172851	0.29363504	-0.39437184	-0.28353274
-0.16671357	-0.19120507	-0.24901503	0.27247596	-0.22143286	0.29458448	0.12344733	0.15586519	0.11744379	-0.4576829	0.9999997	-0.13273154	0.08516105	0.06014282	0.027508654	-0.5141729	-0.36288998	-0.3712898	0.27997094	0.25053585
0.22643921	0.2424603	0.1846403	0.07080347	0.09194821	0.0049557067	-0.2897933	-0.24160817	-0.23140788	0.15795432	-0.13273154	0.99999964	-0.60728484	-0.4702083	0.23415376	-0.0042989305	-0.12062768	0.21319817	-0.09066082	-0.23792963
-0.46716774	-0.28624395	-0.25638226	-0.035431042	-0.09838663	0.022500932	0.2442818	0.21778513	0.25736168	-0.20300809	0.08516105	-0.60728484	0.99999976	0.26705644	-0.21668808	0.024202103	0.04409826	-0.2771686	0.08970819	0.19560778
-0.21920091	-0.3380637	-0.17127085	-0.060166836	-0.21405166	0.049913302	0.27778208	0.24920017	0.25433195	-0.28384674	0.06014282	-0.4702083	0.26705644	0.9999998	-0.41241246	-0.01706856	0.0930472	-0.34247467	0.07240772	0.2048849
0.20174374	0.27410382	0.18036991	0.06700177	0.10080325	0.038732886	-0.41338092	-0.42755908	-0.42598957	0.09411981	0.027508654	0.23415376	-0.21668808	-0.41241246	0.99999976	-0.056651358	-0.18526825	0.17578211	-0.005416363	-0.25095144
0.12034663	0.109609425	0.21075228	-0.31075463	0.25842038	-0.48676234	-0.077443086	-0.2007717	-0.054394156	0.2546487	-0.5141729	-0.0042989305	0.024202103	-0.01706856	-0.056651358	0.9999997	0.28610528	0.20757838	-0.39823315	-0.3511104
0.11757766	0.051431276	0.1605827	-0.5472372	0.23641993	-0.40427828	-0.044557452	-0.042520396	-0.029359648	0.2172851	-0.36288998	-0.12062768	0.04409826	0.0930472	-0.18526825	0.28610528	0.9999996	0.15623039	-0.39397034	-0.23206644
0.2876111	0.29237702	0.28860018	-0.2432142	0.27102247	-0.32106617	-0.3614398	-0.30497283	-0.35839215	0.29363504	-0.3712898	0.21319817	-0.2771686	-0.34247467	0.17578211	0.20757838	0.15623039	0.9999996	-0.21066785	-0.3953467
-0.26288185	-0.19328599	-0.39326498	0.290869	-0.4800959	0.31227934	0.16556998	0.18782485	0.14927213	-0.39437184	0.27997094	-0.09066082	0.08970819	0.07240772	-0.005416363	-0.39823315	-0.39397034	-0.21066785	0.99999964	0.27494872
-0.39592764	-0.30988234	-0.35637313	0.21451178	-0.4035584	0.2562348	0.27320316	0.28584874	0.26090536	-0.28353274	0.25053585	-0.23792963	0.19560778	0.2048849	-0.25095144	-0.3511104	-0.23206644	-0.3953467	0.27494872	0.99999964
