1.0000001	-0.44099832	-0.35601863	-0.2629226	0.18877368	-0.38057908	0.22385013	0.16654079	-0.1490785	-0.09663638	0.022683898	0.27354378	0.14060946	-0.05860231	-0.49044666	0.14910957	0.19653377	-0.095383555	-0.3111744	0.28019533
-0.44099832	1.0	0.22149155	0.17440808	-0.12455992	0.2517354	-0.18598863	-0.19899295	0.1437306	-0.007952545	0.023014944	-0.46762252	-0.15323722	0.10046464	0.27892232	-0.13073911	-0.39991403	0.11358241	0.25378305	-0.4511271
-0.35601863	0.22149155	0.99999994	0.24503869	-0.5413298	0.19873172	-0.25916818	-0.109161034	-0.03226565	0.14492992	-0.16053359	-0.30646437	-0.010838944	0.067112096	0.19991927	-0.19271544	-0.23971613	0.18227847	0.24426048	-0.29554954
-0.2629226	0.17440808	0.24503869	0.99999964	-0.5134059	0.25094593	-0.47036803	-0.3149119	0.15889981	-0.019750627	0.039706267	-0.1208319	-0.17807072	0.20677978	0.17927757	-0.4007016	-0.28348318	0.2642416	0.29501316	-0.24986356
0.18877368	-0.12455992	-0.5413298	-0.5134059	0.9999996	-0.2630047	0.22265205	0.1253452	0.00520585	-0.105347395	0.054177757	0.09514247	0.023115017	-0.08192178	-0.11202279	0.23708528	0.22845715	-0.33804664	-0.2932842	0.19296928
-0.38057908	0.2517354	0.19873172	0.25094593	-0.2630047	0.99999946	-0.27886915	-0.29486418	0.21543159	-0.07436973	0.12596564	-0.33476317	-0.47206607	0.19002871	0.25029588	-0.26392716	-0.2664889	0.17108513	0.2688557	-0.29414296
0.22385013	-0.18598863	-0.25916818	-0.47036803	0.22265205	-0.27886915	0.99999946	0.27649796	-0.2660247	0.09120037	-0.11837633	0.1598215	0.21202284	-0.35500938	-0.35424322	0.28143004	0.24884985	-0.31843373	-0.39588845	0.2860459
0.16654079	-0.19899295	-0.109161034	-0.3149119	0.1253452	-0.29486418	0.27649796	0.9999996	-0.50918454	0.1100183	-0.12226647	0.11000885	0.2618245	-0.5368808	-0.22396696	0.24631429	0.20513666	-0.16922705	-0.2685337	0.24630363
-0.1490785	0.1437306	-0.03226565	0.15889981	0.00520585	0.21543159	-0.2660247	-0.50918454	0.9999996	-0.40382463	0.24507502	-0.13776754	-0.41363537	0.2733083	0.16819994	-0.2226127	-0.111940324	0.08059774	0.16524754	-0.20936202
-0.09663638	-0.007952545	0.14492992	-0.019750627	-0.105347395	-0.07436973	0.09120037	0.1100183	-0.40382463	0.9999995	-0.6829607	0.10768709	0.2230759	-0.19316313	-0.054261748	-0.0037559846	-0.035191573	-0.006589667	-0.008293296	0.015186575
0.022683898	0.023014944	-0.16053359	0.039706267	0.054177757	0.12596564	-0.11837633	-0.12226647	0.24507502	-0.6829607	0.99999934	-0.18660623	-0.41552168	0.15913436	0.06611886	-0.036705066	-0.025660759	0.037150826	0.033188052	-0.0575841
0.27354378	-0.46762252	-0.30646437	-0.1208319	0.09514247	-0.33476317	0.1598215	0.11000885	-0.13776754	0.10768709	-0.18660623	0.99999934	0.12487753	0.00020592226	-0.47728	0.044718087	0.12024411	0.0052057058	-0.2321027	0.22198412
0.14060946	-0.15323722	-0.010838944	-0.17807072	0.023115017	-0.47206607	0.21202284	0.2618245	-0.41363537	0.2230759	-0.41552168	0.12487753	0.99999946	-0.40666464	-0.14136124	0.16730098	0.14029579	-0.104035884	-0.16724193	0.16955236
-0.05860231	0.10046464	0.067112096	0.20677978	-0.08192178	0.19002871	-0.35500938	-0.5368808	0.2733083	-0.19316313	0.15913436	0.00020592226	-0.40666464	0.9999994	0.08284201	-0.32430208	-0.26981106	0.20777066	0.2128298	-0.27412042
-0.49044666	0.27892232	0.19991927	0.17927757	-0.11202279	0.25029588	-0.35424322	-0.22396696	0.16819994	-0.054261748	0.06611886	-0.47728	-0.14136124	0.08284201	0.99999917	-0.09407213	-0.11003904	0.042279042	0.21351752	-0.42367777
0.14910957	-0.13073911	-0.19271544	-0.4007016	0.23708528	-0.26392716	0.28143004	0.24631429	-0.2226127	-0.0037559846	-0.036705066	0.044718087	0.16730098	-0.32430208	-0.09407213	0.9999993	0.29043534	-0.5334931	-0.45604348	0.24267504
0.19653377	-0.39991403	-0.23971613	-0.28348318	0.22845715	-0.2664889	0.24884985	0.20513666	-0.111940324	-0.035191573	-0.025660759	0.12024411	0.14029579	-0.26981106	-0.11003904	0.29043534	0.99999934	-0.50449	-0.46274713	0.2795302
-0.095383555	0.11358241	0.18227847	0.2642416	-0.33804664	0.17108513	-0.31843373	-0.16922705	0.08059774	-0.006589667	0.037150826	0.0052057058	-0.104035884	0.20777066	0.042279042	-0.5334931	-0.50449	0.99999934	0.27656883	-0.31106007
-0.3111744	0.25378305	0.24426048	0.29501316	-0.2932842	0.2688557	-0.39588845	-0.2685337	0.16524754	-0.008293296	0.033188052	-0.2321027	-0.16724193	0.2128298	0.21351752	-0.45604348	-0.46274713	0.27656883	0.9999994	-0.36795422
0.28019533	-0.4511271	-0.29554954	-0.24986356	0.19296928	-0.29414296	0.2860459	0.24630363	-0.20936202	0.015186575	-0.0575841	0.22198412	0.16955236	-0.27412042	-0.42367777	0.24267504	0.2795302	-0.31106007	-0.36795422	0.9999994
