1.0000001	0.13226616	-0.0864485	0.21423641	-0.20892051	0.28554383	0.17036149	0.060601916	0.2500026	-0.34805223	-0.03415614	-0.17117937	-0.38586944	-0.28704983	0.09319626	-0.005263809	-0.55733585	-0.00328592	-0.25299874	0.13435139
0.13226616	1.0000002	0.13173111	0.14026903	-0.15355581	0.15888262	-0.11465644	0.2871337	0.21672976	-0.33321503	-0.2232335	-0.36937997	-0.22878295	-0.2064893	-0.18549989	0.14496659	-0.12281881	-0.41083032	-0.054134287	0.19061738
-0.0864485	0.13173111	1.0000001	0.0923194	-0.16496013	-0.12023819	0.099519	0.16872472	-0.019433238	0.07763279	-0.5396967	0.01716402	0.020077847	0.081170335	0.017606499	-0.11720778	0.13201484	-0.5136888	-0.20660788	-0.0696794
0.21423641	0.14026903	0.0923194	1.0	-0.5766196	0.19949149	0.18060324	0.2133531	0.25333053	-0.29197523	-0.24892679	0.0013607338	-0.25658208	-0.34131128	0.04647917	-0.13299383	-0.23333004	-0.17323232	-0.17081328	0.08434124
-0.20892051	-0.15355581	-0.16496013	-0.5766196	0.99999994	-0.13544792	-0.15012777	-0.298154	-0.41951787	0.23378891	0.13813657	0.10182794	0.22002941	0.2168651	0.06625871	-0.058652636	0.14579883	0.19016594	0.06002144	-0.2069363
0.28554383	0.15888262	-0.12023819	0.19949149	-0.13544792	0.99999994	0.115958765	0.16165935	0.27518347	-0.23804492	-0.04211076	-0.17083973	-0.47860256	-0.52976334	0.06853722	0.010031213	-0.45099378	-0.07419316	-0.179381	0.14432709
0.17036149	-0.11465644	0.099519	0.18060324	-0.15012777	0.115958765	1.0	-0.040029183	0.096354045	0.036147837	-0.2579151	0.1317696	-0.1571311	-0.10370191	0.28664756	-0.30448055	-0.17754792	-0.03844238	-0.47395107	-0.29937813
0.060601916	0.2871337	0.16872472	0.2133531	-0.298154	0.16165935	-0.040029183	0.9999998	0.21908756	-0.21502376	-0.3229771	-0.1737252	-0.34146857	-0.26338303	-0.13367817	0.040783655	-0.021052344	-0.3981176	-0.08133046	0.13759546
0.2500026	0.21672976	-0.019433238	0.25333053	-0.41951787	0.27518347	0.096354045	0.21908756	0.99999976	-0.32838777	-0.03159	-0.23559937	-0.39958125	-0.4591057	-0.021226995	0.08524728	-0.30448833	-0.24694872	-0.09951916	0.16946296
-0.34805223	-0.33321503	0.07763279	-0.29197523	0.23378891	-0.23804492	0.036147837	-0.21502376	-0.32838777	0.9999998	-0.050910138	0.26411125	0.23818539	0.2435332	0.13411734	-0.3164503	0.22349328	0.083486006	-0.041939173	-0.37049684
-0.03415614	-0.2232335	-0.5396967	-0.24892679	0.13813657	-0.04211076	-0.2579151	-0.3229771	-0.03159	-0.050910138	1.0	-0.09079399	0.06988991	0.011036864	-0.13086505	0.17737804	-0.0029328219	0.24299444	0.23733485	0.09933734
-0.17117937	-0.36937997	0.01716402	0.0013607338	0.10182794	-0.17083973	0.1317696	-0.1737252	-0.23559937	0.26411125	-0.09079399	1.0	0.12500663	0.11801608	0.19807565	-0.5726683	0.14083633	0.11026347	-0.106735796	-0.31750983
-0.38586944	-0.22878295	0.020077847	-0.25658208	0.22002941	-0.47860256	-0.1571311	-0.34146857	-0.39958125	0.23818539	0.06988991	0.12500663	1.0000001	0.31122532	-0.029687505	0.005008653	0.25910375	0.124472044	0.1543299	-0.24962357
-0.28704983	-0.2064893	0.081170335	-0.34131128	0.2168651	-0.52976334	-0.10370191	-0.26338303	-0.4591057	0.2435332	0.011036864	0.11801608	0.31122532	1.0000001	-0.07513272	-0.011633204	0.25921932	0.09922838	0.12238952	-0.18511385
0.09319626	-0.18549989	0.017606499	0.04647917	0.06625871	0.06853722	0.28664756	-0.13367817	-0.021226995	0.13411734	-0.13086505	0.19807565	-0.029687505	-0.07513272	0.9999998	-0.34230712	-0.092105635	0.020765668	-0.5073666	-0.4138144
-0.005263809	0.14496659	-0.11720778	-0.13299383	-0.058652636	0.010031213	-0.30448055	0.040783655	0.08524728	-0.3164503	0.17737804	-0.5726683	0.005008653	-0.011633204	-0.34230712	1.0000001	-0.033220872	-0.02136587	0.21423651	0.23859216
-0.55733585	-0.12281881	0.13201484	-0.23333004	0.14579883	-0.45099378	-0.17754792	-0.021052344	-0.30448833	0.22349328	-0.0029328219	0.14083633	0.25910375	0.25921932	-0.092105635	-0.033220872	1.0	-0.08254082	0.1262605	-0.20835964
-0.00328592	-0.41083032	-0.5136888	-0.17323232	0.19016594	-0.07419316	-0.03844238	-0.3981176	-0.24694872	0.083486006	0.24299444	0.11026347	0.124472044	0.09922838	0.020765668	-0.02136587	-0.08254082	1.0	0.1145939	-0.023323884
-0.25299874	-0.054134287	-0.20660788	-0.17081328	0.06002144	-0.179381	-0.47395107	-0.08133046	-0.09951916	-0.041939173	0.23733485	-0.106735796	0.1543299	0.12238952	-0.5073666	0.21423651	0.1262605	0.1145939	0.99999994	0.14561087
0.13435139	0.19061738	-0.0696794	0.08434124	-0.2069363	0.14432709	-0.29937813	0.13759546	0.16946296	-0.37049684	0.09933734	-0.31750983	-0.24962357	-0.18511385	-0.4138144	0.23859216	-0.20835964	-0.023323884	0.14561087	0.99999994
