0.99999994	-0.13659953	0.2568237	0.13202207	-0.039629165	0.21934462	0.20043156	-0.162762	-0.07434695	-0.50497216	-0.39632294	-0.2174043	-0.4427409	-0.21784656	0.23978765	0.2463293	0.21953893	0.27699426	-0.30733004	-0.29131716
-0.13659953	0.9999999	-0.44004285	0.12025459	0.1912841	-0.09636215	-0.04278154	0.26707762	-0.17402491	0.19385122	0.14655441	-0.15658827	0.07938916	0.027514568	-0.3866418	-0.16317639	-0.5161215	-0.25358972	0.18580233	0.15420073
0.2568237	-0.44004285	0.9999999	-0.029151144	-0.21633461	0.13754834	0.09783394	-0.32173783	0.043386873	-0.30762377	-0.24129733	0.0076174056	-0.2860282	-0.11878109	0.30327147	0.1945555	0.3087057	0.28834155	-0.3672384	-0.30984873
0.13202207	0.12025459	-0.029151144	0.9999999	0.19679423	0.2717936	0.29564676	0.17670195	-0.4918558	-0.120139584	-0.2942098	-0.27349848	-0.25271237	-0.4367769	-0.03527779	0.23679918	-0.054224867	0.058308005	-0.23085178	-0.26962134
-0.039629165	0.1912841	-0.21633461	0.19679423	0.99999976	0.06322064	0.17569159	0.29782286	-0.09957923	-0.032364648	-0.08074348	-0.53042865	-0.20477876	-0.08854337	-0.19107878	0.024676844	-0.096918456	-0.17296739	-0.04423318	-0.15188998
0.21934462	-0.09636215	0.13754834	0.2717936	0.06322064	0.99999976	0.2823543	0.019488487	-0.4090557	-0.2317726	-0.42452362	-0.1837726	-0.30196607	-0.5713608	0.12637109	0.3072391	0.0815155	0.19738553	-0.23340522	-0.25404182
0.20043156	-0.04278154	0.09783394	0.29564676	0.17569159	0.2823543	0.9999997	0.12808225	-0.42879906	-0.24838984	-0.39682072	-0.30524504	-0.3204416	-0.29051307	0.086308375	0.27789024	0.05533911	0.13966367	-0.35982174	-0.34642866
-0.162762	0.26707762	-0.32173783	0.17670195	0.29782286	0.019488487	0.12808225	0.9999995	-0.20304447	0.08673551	0.035391383	-0.33498296	-0.08969597	-0.025884846	-0.32915932	-0.03617721	-0.26421064	-0.32253197	0.07579535	0.0030921253
-0.07434695	-0.17402491	0.043386873	-0.4918558	-0.09957923	-0.4090557	-0.42879906	-0.20304447	0.9999995	0.070531204	0.17134434	0.17784542	0.15169409	0.27237275	0.04266746	-0.34092638	0.12901852	-0.0688222	0.11359656	0.117998
-0.50497216	0.19385122	-0.30762377	-0.120139584	-0.032364648	-0.2317726	-0.24838984	0.08673551	0.070531204	0.9999996	0.27978942	0.13310999	0.27094626	0.18766762	-0.48276407	-0.34331375	-0.2889327	-0.23203768	0.2709621	0.29871777
-0.39632294	0.14655441	-0.24129733	-0.2942098	-0.08074348	-0.42452362	-0.39682072	0.035391383	0.17134434	0.27978942	0.9999995	0.19282389	0.29993388	0.27722827	-0.2236883	-0.33045387	-0.2609532	-0.3507697	0.30763027	0.2890876
-0.2174043	-0.15658827	0.0076174056	-0.27349848	-0.53042865	-0.1837726	-0.30524504	-0.33498296	0.17784542	0.13310999	0.19282389	0.9999994	0.25722176	0.1862508	0.053905774	-0.22648959	-0.023301514	-0.11546154	0.17357105	0.18482758
-0.4427409	0.07938916	-0.2860282	-0.25271237	-0.20477876	-0.30196607	-0.3204416	-0.08969597	0.15169409	0.27094626	0.29993388	0.25722176	0.99999946	0.22213452	-0.17319945	-0.23704897	-0.23671465	-0.30529743	0.284045	0.2852603
-0.21784656	0.027514568	-0.11878109	-0.4367769	-0.08854337	-0.5713608	-0.29051307	-0.025884846	0.27237275	0.18766762	0.27722827	0.1862508	0.22213452	0.9999996	-0.0965037	-0.48753887	-0.066693544	-0.22687285	0.23772235	0.21642518
0.23978765	-0.3866418	0.30327147	-0.03527779	-0.19107878	0.12637109	0.086308375	-0.32915932	0.04266746	-0.48276407	-0.2236883	0.053905774	-0.17319945	-0.0965037	0.9999997	0.17047067	0.28612185	0.2285426	-0.2284891	-0.3906443
0.2463293	-0.16317639	0.1945555	0.23679918	0.024676844	0.3072391	0.27789024	-0.03617721	-0.34092638	-0.34331375	-0.33045387	-0.22648959	-0.23704897	-0.48753887	0.17047067	0.9999995	0.14492221	0.2445085	-0.3769186	-0.30534732
0.21953893	-0.5161215	0.3087057	-0.054224867	-0.096918456	0.0815155	0.05533911	-0.26421064	0.12901852	-0.2889327	-0.2609532	-0.023301514	-0.23671465	-0.066693544	0.28612185	0.14492221	0.9999994	0.24877602	-0.3326444	-0.33322176
0.27699426	-0.25358972	0.28834155	0.058308005	-0.17296739	0.19738553	0.13966367	-0.32253197	-0.0688222	-0.23203768	-0.3507697	-0.11546154	-0.30529743	-0.22687285	0.2285426	0.2445085	0.24877602	0.9999992	-0.4525566	-0.1816123
-0.30733004	0.18580233	-0.3672384	-0.23085178	-0.04423318	-0.23340522	-0.35982174	0.07579535	0.11359656	0.2709621	0.30763027	0.17357105	0.284045	0.23772235	-0.2284891	-0.3769186	-0.3326444	-0.4525566	0.9999993	0.28436485
-0.29131716	0.15420073	-0.30984873	-0.26962134	-0.15188998	-0.25404182	-0.34642866	0.0030921253	0.117998	0.29871777	0.2890876	0.18482758	0.2852603	0.21642518	-0.3906443	-0.30534732	-0.33322176	-0.1816123	0.28436485	0.9999993
