1.0	0.29096088	-0.38020787	0.16917296	0.007177042	-0.47403407	-0.41853794	-0.19653693	0.15555905	0.1759853	0.2405731	0.086464904	-0.05899649	-0.12594864	-0.33572778	-0.19148605	0.010148939	0.28680766	-0.37614563	0.1347722
0.29096088	0.9999998	-0.350696	0.22108072	-0.063413724	-0.3500836	-0.5206703	-0.2578829	0.20973611	0.25953218	0.2608035	0.18267104	0.047417536	-0.19589859	-0.35649985	-0.4511206	0.09945838	0.2736358	-0.33321002	0.03418019
-0.38020787	-0.350696	0.9999997	-0.18191803	0.12478884	0.27311447	0.29797494	0.19067313	-0.19116354	-0.4372586	-0.39624053	-0.27984026	-0.20837419	0.1730478	0.27521834	0.2932167	-0.12819913	-0.40975592	0.2845528	0.05106682
0.16917296	0.22108072	-0.18191803	0.9999998	-0.04820536	-0.18733177	-0.21294798	-0.31279474	0.18693496	0.23258695	0.25468212	0.29544207	0.13012888	-0.6179827	-0.35019612	-0.2834285	0.11977663	0.111609496	-0.34445933	-0.18214959
0.007177042	-0.063413724	0.12478884	-0.04820536	0.9999998	0.024690906	0.04780076	0.09384385	-0.22917342	-0.09570909	-0.24330726	-0.0538062	-0.4863871	0.04355008	0.18434918	0.14212584	-0.6479623	-0.14313668	0.14087902	0.201896
-0.47403407	-0.3500836	0.27311447	-0.18733177	0.024690906	0.9999998	0.308655	0.19482641	-0.25745112	-0.21647583	-0.22630489	-0.15202276	-0.009936345	0.09986398	0.22668156	0.23378487	-0.048274565	-0.5821381	0.24499029	-0.10255439
-0.41853794	-0.5206703	0.29797494	-0.21294798	0.04780076	0.308655	0.99999976	0.2084259	-0.24194281	-0.35495487	-0.2907258	-0.15178262	-0.04326067	0.14063567	0.25881222	0.27493995	-0.09352314	-0.4287001	0.27431193	-0.05451016
-0.19653693	-0.2578829	0.19067313	-0.31279474	0.09384385	0.19482641	0.2084259	0.9999998	-0.68503666	-0.36637628	-0.10949241	-0.23952673	-0.23351376	0.15763804	0.25266352	0.26001462	-0.081944555	-0.11863137	0.13161068	0.11204014
0.15555905	0.20973611	-0.19116354	0.18693496	-0.22917342	-0.25745112	-0.24194281	-0.68503666	0.9999999	0.24822284	0.13070804	0.17898041	0.21422443	-0.10641271	-0.36310333	-0.30457783	0.14246836	0.14235422	-0.09167315	-0.13865334
0.1759853	0.25953218	-0.4372586	0.23258695	-0.09570909	-0.21647583	-0.35495487	-0.36637628	0.24822284	1.0	0.2254258	0.2611676	0.20930538	-0.18540686	-0.2756869	-0.49625984	0.13944206	0.19420226	-0.26279795	-0.25494352
0.2405731	0.2608035	-0.39624053	0.25468212	-0.24330726	-0.22630489	-0.2907258	-0.10949241	0.13070804	0.2254258	1.0	0.21594007	0.12578718	-0.35333636	-0.3950686	-0.2824305	0.21662033	0.23030922	-0.52443916	-0.07950334
0.086464904	0.18267104	-0.27984026	0.29544207	-0.0538062	-0.15202276	-0.15178262	-0.23952673	0.17898041	0.2611676	0.21594007	1.0	0.19653839	-0.55407983	-0.2788852	-0.36726826	0.12657304	0.10189252	-0.20882814	-0.35962942
-0.05899649	0.047417536	-0.20837419	0.13012888	-0.4863871	-0.009936345	-0.04326067	-0.23351376	0.21422443	0.20930538	0.12578718	0.19653839	0.9999999	-0.11926738	-0.28251785	-0.2384348	0.28051102	0.0455335	-0.080421515	-0.48833582
-0.12594864	-0.19589859	0.1730478	-0.6179827	0.04355008	0.09986398	0.14063567	0.15763804	-0.10641271	-0.18540686	-0.35333636	-0.55407983	-0.11926738	0.9999998	0.21720497	0.21156088	-0.10519909	-0.054476164	0.22097303	0.15353404
-0.33572778	-0.35649985	0.27521834	-0.35019612	0.18434918	0.22668156	0.25881222	0.25266352	-0.36310333	-0.2756869	-0.3950686	-0.2788852	-0.28251785	0.21720497	0.9999999	0.28825366	-0.26525167	-0.20466831	0.27211675	0.13230541
-0.19148605	-0.4511206	0.2932167	-0.2834285	0.14212584	0.23378487	0.27493995	0.26001462	-0.30457783	-0.49625984	-0.2824305	-0.36726826	-0.2384348	0.21156088	0.28825366	0.99999964	-0.18381982	-0.27403805	0.24445629	0.12451172
0.010148939	0.09945838	-0.12819913	0.11977663	-0.6479623	-0.048274565	-0.09352314	-0.081944555	0.14246836	0.13944206	0.21662033	0.12657304	0.28051102	-0.10519909	-0.26525167	-0.18381982	0.9999998	0.09418677	-0.27531564	-0.39969537
0.28680766	0.2736358	-0.40975592	0.111609496	-0.14313668	-0.5821381	-0.4287001	-0.11863137	0.14235422	0.19420226	0.23030922	0.10189252	0.0455335	-0.054476164	-0.20466831	-0.27403805	0.09418677	0.99999994	-0.3486277	0.083641075
-0.37614563	-0.33321002	0.2845528	-0.34445933	0.14087902	0.24499029	0.27431193	0.13161068	-0.09167315	-0.26279795	-0.52443916	-0.20882814	-0.080421515	0.22097303	0.27211675	0.24445629	-0.27531564	-0.3486277	0.9999998	0.032027643
0.1347722	0.03418019	0.05106682	-0.18214959	0.201896	-0.10255439	-0.05451016	0.11204014	-0.13865334	-0.25494352	-0.07950334	-0.35962942	-0.48833582	0.15353404	0.13230541	0.12451172	-0.39969537	0.083641075	0.032027643	0.9999998
