1.0	-0.012279753	-0.03910811	0.15215783	-0.2343249	-0.06748411	-0.2579609	0.2504953	-0.11831173	-0.056007363	0.11119983	-0.17362009	0.08436076	0.04898544	-0.06647215	0.054421775	0.14659613	-0.11037029	-0.02437429	-0.6879035
-0.012279753	0.9999999	0.2737751	0.23246944	0.21996292	-0.3829038	-0.116654895	0.14206418	-0.297126	-0.3531268	0.24170987	0.281223	0.28974086	0.2638056	-0.382171	-0.3608768	-0.34619996	-0.36091965	-0.4237888	0.09129612
-0.03910811	0.2737751	1.0	0.15246394	0.21991202	-0.5334737	-0.018090997	0.08099606	-0.2613094	-0.29652908	0.17696387	0.19227342	0.22303365	0.26131442	-0.21228968	-0.5462917	-0.32633087	-0.29094124	-0.14617917	0.08981109
0.15215783	0.23246944	0.15246394	0.9999998	0.08959842	-0.19748066	-0.3344274	0.20443505	-0.4850029	-0.18275802	0.27622986	0.17560665	0.22109072	0.2285778	-0.53280014	-0.11164795	-0.21989883	-0.35979387	-0.2355487	-0.07327135
-0.2343249	0.21996292	0.21991202	0.08959842	0.9999998	-0.12668915	-0.0037914382	0.0038851595	-0.10795101	-0.45743266	0.1287737	0.25054446	0.10800515	0.15155643	-0.2903271	-0.29930615	-0.50008816	-0.2861721	-0.076325804	0.21017008
-0.06748411	-0.3829038	-0.5334737	-0.19748066	-0.12668915	0.9999998	0.13159236	-0.23183073	0.26441363	0.24758735	-0.23379782	-0.19133246	-0.3905941	-0.43839258	0.23463787	0.2855546	0.17925382	0.26162457	0.22854851	-0.03923314
-0.2579609	-0.116654895	-0.018090997	-0.3344274	-0.0037914382	0.13159236	0.99999976	-0.55587536	0.19982477	0.17543247	-0.5058765	-0.20143814	-0.13086657	-0.1733837	0.17992567	0.018030697	0.072438315	0.23622109	0.15474954	0.13015132
0.2504953	0.14206418	0.08099606	0.20443505	0.0038851595	-0.23183073	-0.55587536	1.0	-0.13658011	-0.3061886	0.24368267	0.111060254	0.17585744	0.1326356	-0.16672432	-0.04527764	-0.043477654	-0.33390796	-0.2167729	-0.3084764
-0.11831173	-0.297126	-0.2613094	-0.4850029	-0.10795101	0.26441363	0.19982477	-0.13658011	1.0000001	0.21644372	-0.42210984	-0.18838459	-0.4061653	-0.42683005	0.2865395	0.2263718	0.15479587	0.27445975	0.22658491	0.00033701578
-0.056007363	-0.3531268	-0.29652908	-0.18275802	-0.45743266	0.24758735	0.17543247	-0.3061886	0.21644372	1.0000001	-0.3129726	-0.37407446	-0.27978876	-0.23694633	0.24724674	0.2407826	0.26137942	0.3081678	0.21778394	-0.058999497
0.11119983	0.24170987	0.17696387	0.27622986	0.1287737	-0.23379782	-0.5058765	0.24368267	-0.42210984	-0.3129726	1.0000002	0.22351171	0.23368458	0.23596694	-0.24737458	-0.25146216	-0.21865845	-0.42961264	-0.231597	-0.018261481
-0.17362009	0.281223	0.19227342	0.17560665	0.25054446	-0.19133246	-0.20143814	0.111060254	-0.18838459	-0.37407446	0.22351171	1.0000004	0.21841203	0.16732767	-0.24155425	-0.21554473	-0.4487193	-0.3439542	-0.43109295	0.18975586
0.08436076	0.28974086	0.22303365	0.22109072	0.10800515	-0.3905941	-0.13086657	0.17585744	-0.4061653	-0.27978876	0.23368458	0.21841203	1.0000002	0.23147137	-0.2141739	-0.2621387	-0.16200139	-0.3155278	-0.605017	-0.019383047
0.04898544	0.2638056	0.26131442	0.2285778	0.15155643	-0.43839258	-0.1733837	0.1326356	-0.42683005	-0.23694633	0.23596694	0.16732767	0.23147137	1.0000002	-0.4683124	-0.47801167	-0.106792785	-0.24115455	-0.16249272	0.010675464
-0.06647215	-0.382171	-0.21228968	-0.53280014	-0.2903271	0.23463787	0.17992567	-0.16672432	0.2865395	0.24724674	-0.24737458	-0.24155425	-0.2141739	-0.4683124	1.0000002	0.22640386	0.22050013	0.27508396	0.19811545	-0.046254016
0.054421775	-0.3608768	-0.5462917	-0.11164795	-0.29930615	0.2855546	0.018030697	-0.04527764	0.2263718	0.2407826	-0.25146216	-0.21554473	-0.2621387	-0.47801167	0.22640386	1.0000001	0.21700737	0.22307856	0.16449715	-0.08559088
0.14659613	-0.34619996	-0.32633087	-0.21989883	-0.50008816	0.17925382	0.072438315	-0.043477654	0.15479587	0.26137942	-0.21865845	-0.4487193	-0.16200139	-0.106792785	0.22050013	0.21700737	1.0000001	0.23550549	0.19342959	-0.30873883
-0.11037029	-0.36091965	-0.29094124	-0.35979387	-0.2861721	0.26162457	0.23622109	-0.33390796	0.27445975	0.3081678	-0.42961264	-0.3439542	-0.3155278	-0.24115455	0.27508396	0.22307856	0.23550549	1.0000001	0.251889	0.0063240137
-0.02437429	-0.4237888	-0.14617917	-0.2355487	-0.076325804	0.22854851	0.15474954	-0.2167729	0.22658491	0.21778394	-0.231597	-0.43109295	-0.605017	-0.16249272	0.19811545	0.16449715	0.19342959	0.251889	1.0	-0.0824088
-0.6879035	0.09129612	0.08981109	-0.07327135	0.21017008	-0.03923314	0.13015132	-0.3084764	0.00033701578	-0.058999497	-0.018261481	0.18975586	-0.019383047	0.010675464	-0.046254016	-0.08559088	-0.30873883	0.0063240137	-0.0824088	1.0
