1.0000001	-0.39970243	-0.09806793	-0.30373415	0.2521825	-0.19615291	-0.44027504	-0.40058744	0.16635847	-0.004035045	0.21686295	0.072181866	0.047295205	0.093716614	-0.24539001	0.27220988	0.100377925	-0.015311248	0.26069805	-0.37862682
-0.39970243	1.0	0.15903527	0.17420658	-0.28628224	0.18273741	0.21436982	0.18382683	-0.29103392	0.11312647	-0.3443032	-0.036764327	-0.0113865845	-0.20421086	0.22875413	-0.23697847	-0.24911582	-0.09327826	-0.39486793	0.29186735
-0.09806793	0.15903527	0.99999994	-0.04161707	0.08826744	0.06936111	-0.025819786	-0.123176955	-0.10818504	0.27745146	-0.06308122	0.16460776	0.12874152	-0.63806087	-0.04133087	0.013800957	-0.2931586	-0.43815944	-0.20139082	0.17078292
-0.30373415	0.17420658	-0.04161707	0.99999994	-0.41788408	-0.12732348	0.15661465	0.29396692	0.06676114	-0.00900822	0.014108876	-0.4857119	-0.30683184	0.014729285	0.17441478	-0.2859326	0.09864191	0.0561449	-0.114021726	0.04247579
0.2521825	-0.28628224	0.08826744	-0.41788408	0.9999998	-0.10617144	-0.36529392	-0.46166456	0.088169456	0.13598041	0.16052988	0.14597984	0.11598034	-0.044659857	-0.3311549	0.29519188	-0.002940487	-0.30792588	0.17619331	-0.1344973
-0.19615291	0.18273741	0.06936111	-0.12732348	-0.10617144	0.9999999	0.17988779	-0.019809667	-0.41103634	-0.042772535	-0.4028589	0.19368526	0.21216609	-0.0634165	0.19404347	-0.18549734	-0.38311645	0.07142734	-0.43603143	0.27087837
-0.44027504	0.21436982	-0.025819786	0.15661465	-0.36529392	0.17988779	0.99999994	0.24510072	-0.1894642	-0.2576525	-0.38160065	-0.05416195	-0.043202814	0.013532313	0.30019882	-0.41825852	-0.052636962	0.18106368	-0.27313903	0.21073739
-0.40058744	0.18382683	-0.123176955	0.29396692	-0.46166456	-0.019809667	0.24510072	0.99999994	-0.022590648	-0.0911963	-0.10687932	-0.28129792	-0.2434533	0.055620506	0.24329244	-0.4743055	0.082119375	0.13790052	-0.11485054	0.09798464
0.16635847	-0.29103392	-0.10818504	0.06676114	0.088169456	-0.41103634	-0.1894642	-0.022590648	1.0000001	-0.10942604	0.2647264	-0.36377555	-0.3845389	0.15655541	-0.2112365	0.118647315	0.28413597	0.04591702	0.27399382	-0.37397793
-0.004035045	0.11312647	0.27745146	-0.00900822	0.13598041	-0.042772535	-0.2576525	-0.0911963	-0.10942604	1.0000001	0.080127485	0.10027714	0.11708713	-0.428372	-0.18952405	0.12684669	-0.21267593	-0.5767833	-0.09049823	0.061047353
0.21686295	-0.3443032	-0.06308122	0.014108876	0.16052988	-0.4028589	-0.38160065	-0.10687932	0.2647264	0.080127485	1.0000002	-0.11999886	-0.18775025	0.09179286	-0.38460547	0.21897979	0.20541966	-0.16929205	0.2835978	-0.37577593
0.072181866	-0.036764327	0.16460776	-0.4857119	0.14597984	0.19368526	-0.05416195	-0.28129792	-0.36377555	0.10027714	-0.11999886	1.0000001	0.29976138	-0.20689465	-0.12788475	0.1194771	-0.25022537	-0.1463441	-0.11714498	0.0942339
0.047295205	-0.0113865845	0.12874152	-0.30683184	0.11598034	0.21216609	-0.043202814	-0.2434533	-0.3845389	0.11708713	-0.18775025	0.29976138	1.0000001	-0.23370613	-0.07886411	0.09678095	-0.44843727	-0.09356578	-0.11423541	0.12815972
0.093716614	-0.20421086	-0.63806087	0.014729285	-0.044659857	-0.0634165	0.013532313	0.055620506	0.15655541	-0.428372	0.09179286	-0.20689465	-0.23370613	1.0000002	-0.004709516	-0.016540118	0.24747045	0.24745597	0.17539982	-0.25570312
-0.24539001	0.22875413	-0.04133087	0.17441478	-0.3311549	0.19404347	0.30019882	0.24329244	-0.2112365	-0.18952405	-0.38460547	-0.12788475	-0.07886411	-0.004709516	1.0000004	-0.5101126	-0.1150092	0.17171529	-0.2878749	0.2152777
0.27220988	-0.23697847	0.013800957	-0.2859326	0.29519188	-0.18549734	-0.41825852	-0.4743055	0.118647315	0.12684669	0.21897979	0.1194771	0.09678095	-0.016540118	-0.5101126	1.0000004	-0.00080101885	-0.16189069	0.20207293	-0.1736909
0.100377925	-0.24911582	-0.2931586	0.09864191	-0.002940487	-0.38311645	-0.052636962	0.082119375	0.28413597	-0.21267593	0.20541966	-0.25022537	-0.44843727	0.24747045	-0.1150092	-0.00080101885	1.0000001	0.13080485	0.25006065	-0.39091375
-0.015311248	-0.09327826	-0.43815944	0.0561449	-0.30792588	0.07142734	0.18106368	0.13790052	0.04591702	-0.5767833	-0.16929205	-0.1463441	-0.09356578	0.24745597	0.17171529	-0.16189069	0.13080485	1.0000001	-0.008790564	-0.03108848
0.26069805	-0.39486793	-0.20139082	-0.114021726	0.17619331	-0.43603143	-0.27313903	-0.11485054	0.27399382	-0.09049823	0.2835978	-0.11714498	-0.11423541	0.17539982	-0.2878749	0.20207293	0.25006065	-0.008790564	1.0000002	-0.46917114
-0.37862682	0.29186735	0.17078292	0.04247579	-0.1344973	0.27087837	0.21073739	0.09798464	-0.37397793	0.061047353	-0.37577593	0.0942339	0.12815972	-0.25570312	0.2152777	-0.1736909	-0.39091375	-0.03108848	-0.46917114	1.0000002
