1.0000001	0.23090596	-0.26373714	-0.16761842	-0.23225003	-0.22888847	-0.29140863	0.19687575	-0.024209427	0.16707614	-0.2452143	0.25237834	0.14368568	0.22679783	-0.28526795	-0.1978855	-0.3944302	0.26314017	0.08752022	-0.23747015
0.23090596	1.0	-0.023649886	-0.09779429	-0.11784554	-0.14797515	-0.017997263	0.106382184	-0.12809367	0.14773308	-0.51684034	0.1876297	-0.043908313	0.04712116	-0.1268611	-0.1825446	-0.23675038	0.19389024	0.077288836	-0.35069034
-0.26373714	-0.023649886	1.0	0.13136609	0.22213535	-0.027889352	0.22916454	-0.13085926	0.0048092133	0.13475189	0.09010528	-0.38225064	-0.50213206	-0.22304414	-0.011268739	0.18643922	0.1058678	-0.16582441	-0.25700787	-0.1169752
-0.16761842	-0.09779429	0.13136609	1.0000001	0.12098179	0.21282499	-0.008478457	-0.1080527	-0.409962	-0.09106472	-0.13365	0.00803887	-0.12937395	-0.18182023	0.19684894	0.23522583	-0.052508023	0.039352503	-0.5742356	0.009920197
-0.23225003	-0.11784554	0.22213535	0.12098179	1.0	0.091934286	0.29957598	-0.17509967	-0.06415304	-0.1650381	0.08549662	-0.36192256	-0.4350512	-0.5401682	0.15114188	0.21589214	0.21465546	-0.27598712	-0.12917183	0.094874464
-0.22888847	-0.14797515	-0.027889352	0.21282499	0.091934286	1.0000001	0.029701816	-0.4230951	-0.45171255	-0.30456316	-0.0972759	-0.0046502813	0.066587135	-0.13014704	0.29876363	0.23906294	0.026119469	-0.13130768	-0.25493312	0.2374439
-0.29140863	-0.017997263	0.22916454	-0.008478457	0.29957598	0.029701816	0.99999994	-0.22671899	-0.001574953	-0.09515998	0.08992624	-0.38001496	-0.425771	-0.48731816	0.12060334	0.1636242	0.23552178	-0.31166637	-0.0036254672	0.08161669
0.19687575	0.106382184	-0.13085926	-0.1080527	-0.17509967	-0.4230951	-0.22671899	0.99999994	0.19888581	0.22898987	0.015507396	0.12667741	0.03645474	0.20897049	-0.4755612	-0.4275104	-0.04057934	0.11621955	0.14222044	-0.3697067
-0.024209427	-0.12809367	0.0048092133	-0.409962	-0.06415304	-0.45171255	-0.001574953	0.19888581	0.99999994	0.16932254	0.22433947	-0.12222939	0.003752123	0.11796405	-0.30638143	-0.30550468	0.07730589	-0.05145262	0.2092733	-0.14037848
0.16707614	0.14773308	0.13475189	-0.09106472	-0.1650381	-0.30456316	-0.09515998	0.22898987	0.16932254	0.9999998	-0.028131774	0.012891434	-0.14428486	0.15059505	-0.43239534	-0.16496462	-0.22383405	0.1586996	-0.014086377	-0.5065361
-0.2452143	-0.51684034	0.09010528	-0.13365	0.08549662	-0.0972759	0.08992624	0.015507396	0.22433947	-0.028131774	0.99999976	-0.35381037	-0.04958035	-0.023492657	-0.07583509	-0.024457736	0.2469627	-0.38370153	0.069693245	0.109959304
0.25237834	0.1876297	-0.38225064	0.00803887	-0.36192256	-0.0046502813	-0.38001496	0.12667741	-0.12222939	0.012891434	-0.35381037	0.99999994	0.23114915	0.21794374	-0.046159737	-0.261616	-0.31024	0.25304753	0.04825157	-0.11511367
0.14368568	-0.043908313	-0.50213206	-0.12937395	-0.4350512	0.066587135	-0.425771	0.03645474	0.003752123	-0.14428486	-0.04958035	0.23114915	0.99999994	0.23340502	0.007102725	-0.1694744	-0.1658599	0.14301932	0.095771186	0.1045089
0.22679783	0.04712116	-0.22304414	-0.18182023	-0.5401682	-0.13014704	-0.48731816	0.20897049	0.11796405	0.15059505	-0.023492657	0.21794374	0.23340502	0.99999976	-0.27067068	-0.26147643	-0.27770472	0.20379992	0.11705934	-0.12781411
-0.28526795	-0.1268611	-0.011268739	0.19684894	0.15114188	0.29876363	0.12060334	-0.4755612	-0.30638143	-0.43239534	-0.07583509	-0.046159737	0.007102725	-0.27067068	0.9999999	0.25522092	0.046840735	-0.05707215	-0.22809184	0.23904327
-0.1978855	-0.1825446	0.18643922	0.23522583	0.21589214	0.23906294	0.1636242	-0.4275104	-0.30550468	-0.16496462	-0.024457736	-0.261616	-0.1694744	-0.26147643	0.25522092	0.9999998	0.02087249	-0.0732794	-0.39818195	0.15055831
-0.3944302	-0.23675038	0.1058678	-0.052508023	0.21465546	0.026119469	0.23552178	-0.04057934	0.07730589	-0.22383405	0.2469627	-0.31024	-0.1658599	-0.27770472	0.046840735	0.02087249	0.99999976	-0.5442069	0.10775794	0.16420953
0.26314017	0.19389024	-0.16582441	0.039352503	-0.27598712	-0.13130768	-0.31166637	0.11621955	-0.05145262	0.1586996	-0.38370153	0.25304753	0.14301932	0.20379992	-0.05707215	-0.0732794	-0.5442069	0.99999976	-0.12236126	-0.2543091
0.08752022	0.077288836	-0.25700787	-0.5742356	-0.12917183	-0.25493312	-0.0036254672	0.14222044	0.2092733	-0.014086377	0.069693245	0.04825157	0.095771186	0.11705934	-0.22809184	-0.39818195	0.10775794	-0.12236126	0.99999976	0.026859537
-0.23747015	-0.35069034	-0.1169752	0.009920197	0.094874464	0.2374439	0.08161669	-0.3697067	-0.14037848	-0.5065361	0.109959304	-0.11511367	0.1045089	-0.12781411	0.23904327	0.15055831	0.16420953	-0.2543091	0.026859537	0.99999976
