1.0000001	-0.280315	-0.3860699	-0.18540648	-0.005261945	0.19674955	0.22632936	0.25530306	-0.27278793	-0.19621661	0.08899441	0.14922296	-0.468697	-0.36605892	-0.25787205	0.20497236	-0.02886712	0.04865355	0.02929095	0.24803646
-0.280315	1.0000001	0.27229193	0.14752448	-0.31349617	-0.42093128	-0.39654422	-0.42044175	0.17451163	0.24790265	-0.23399635	-0.1679462	0.05162567	0.24340846	0.24204554	-0.37913403	-0.13322799	0.2052137	0.17159437	-0.010085229
-0.3860699	0.27229193	1.0000001	0.09330226	-0.11707394	-0.32775283	-0.24577363	-0.68801457	0.21518286	0.16288722	-0.06404118	-0.21229757	0.13476951	0.2306391	0.1783748	-0.25997445	-0.048051033	0.03546977	0.10686721	-0.08073538
-0.18540648	0.14752448	0.09330226	0.9999999	-0.16765907	-0.27938637	-0.083813295	-0.072996326	0.1819824	0.14101186	-0.40707192	-0.19774282	0.07169616	0.10904597	0.1805684	-0.17544979	-0.61835456	0.2019837	0.1911196	-0.13035418
-0.005261945	-0.31349617	-0.11707394	-0.16765907	0.9999998	0.23658967	0.078838475	0.123253755	-0.21480152	-0.06730835	0.20540015	0.23000424	0.13499337	-0.1060695	-0.15799783	0.11315135	0.22823186	-0.50336295	-0.56239295	-0.13503888
0.19674955	-0.42093128	-0.32775283	-0.27938637	0.23658967	0.99999994	0.2604753	0.24431248	-0.3098524	-0.2556902	0.2594459	0.272229	-0.057379484	-0.38526487	-0.38915828	0.2600089	0.15018593	-0.25790775	-0.27237067	0.075697124
0.22632936	-0.39654422	-0.24577363	-0.083813295	0.078838475	0.2604753	1.0	0.22260782	-0.20316486	-0.47893742	0.22795072	0.19062299	-0.20644526	-0.37964693	-0.45374715	0.31068134	0.0005379386	-0.17768736	-0.032120306	0.13983606
0.25530306	-0.42044175	-0.68801457	-0.072996326	0.123253755	0.24431248	0.22260782	1.0000001	-0.2883268	-0.19028766	0.08527771	0.18172309	-0.15358794	-0.24163453	-0.18060733	0.20387936	0.04365308	-0.054588586	-0.15452655	0.085001536
-0.27278793	0.17451163	0.21518286	0.1819824	-0.21480152	-0.3098524	-0.20316486	-0.2883268	1.0	0.07406773	-0.12612475	-0.5659631	0.15615031	0.23009479	0.2439481	-0.08344885	-0.18283643	0.12239131	0.18731976	-0.33834225
-0.19621661	0.24790265	0.16288722	0.14101186	-0.06730835	-0.2556902	-0.47893742	-0.19028766	0.07406773	1.0000002	-0.44881627	-0.104939446	0.124322325	0.2517994	0.25606072	-0.5753168	-0.04219307	0.14071779	0.022796389	-0.061860565
0.08899441	-0.23399635	-0.06404118	-0.40707192	0.20540015	0.2594459	0.22795072	0.08527771	-0.12612475	-0.44881627	1.0000001	0.20312954	-0.06293449	-0.27625754	-0.35360885	0.26080588	0.18981422	-0.3189068	-0.29040337	0.061342977
0.14922296	-0.1679462	-0.21229757	-0.19774282	0.23000424	0.272229	0.19062299	0.18172309	-0.5659631	-0.104939446	0.20312954	1.0000004	-0.09600016	-0.29801032	-0.3730541	0.13662674	0.15580067	-0.26268995	-0.37569624	0.13498056
-0.468697	0.05162567	0.13476951	0.07169616	0.13499337	-0.057379484	-0.20644526	-0.15358794	0.15615031	0.124322325	-0.06293449	-0.09600016	1.0000004	0.22587134	0.1633341	-0.13696867	0.08470299	-0.17973736	-0.17311344	-0.6126023
-0.36605892	0.24340846	0.2306391	0.10904597	-0.1060695	-0.38526487	-0.37964693	-0.24163453	0.23009479	0.2517994	-0.27625754	-0.29801032	0.22587134	1.0000002	0.3023997	-0.38818866	0.03964483	0.058886588	0.04930015	-0.29995936
-0.25787205	0.24204554	0.1783748	0.1805684	-0.15799783	-0.38915828	-0.45374715	-0.18060733	0.2439481	0.25606072	-0.35360885	-0.3730541	0.1633341	0.3023997	1.0000005	-0.34876296	-0.083655976	0.17976213	0.12784825	-0.2758777
0.20497236	-0.37913403	-0.25997445	-0.17544979	0.11315135	0.2600089	0.31068134	0.20387936	-0.08344885	-0.5753168	0.26080588	0.13662674	-0.13696867	-0.38818866	-0.34876296	1.0000005	0.05045211	-0.21363187	-0.047115147	0.067412846
-0.02886712	-0.13322799	-0.048051033	-0.61835456	0.22823186	0.15018593	0.0005379386	0.04365308	-0.18283643	-0.04219307	0.18981422	0.15580067	0.08470299	0.03964483	-0.083655976	0.05045211	1.0000006	-0.41538924	-0.34054175	-0.049906895
0.04865355	0.2052137	0.03546977	0.2019837	-0.50336295	-0.25790775	-0.17768736	-0.054588586	0.12239131	0.14071779	-0.3189068	-0.26268995	-0.17973736	0.058886588	0.17976213	-0.21363187	-0.41538924	1.0000005	0.28525576	0.105567165
0.02929095	0.17159437	0.10686721	0.1911196	-0.56239295	-0.27237067	-0.032120306	-0.15452655	0.18731976	0.022796389	-0.29040337	-0.37569624	-0.17311344	0.04930015	0.12784825	-0.047115147	-0.34054175	0.28525576	1.0000005	0.076887615
0.24803646	-0.010085229	-0.08073538	-0.13035418	-0.13503888	0.075697124	0.13983606	0.085001536	-0.33834225	-0.061860565	0.061342977	0.13498056	-0.6126023	-0.29995936	-0.2758777	0.067412846	-0.049906895	0.105567165	0.076887615	1.0000005
