1.0	0.18469593	0.16491473	-0.10380023	0.06285077	0.16893272	0.15336324	0.28913224	-0.22999273	-0.5094616	-0.26129255	-0.033090062	-0.47970596	-0.07029245	0.11683562	-0.24227569	-0.1744289	-0.09984969	0.11713662	-0.0536689
0.18469593	1.0	0.14166802	-0.34501868	0.2046196	0.20849204	0.15743534	0.19449532	-0.59341884	-0.29282337	-0.2691809	0.028844789	-0.14899433	-0.04288825	0.07009782	-0.12197583	-0.3020625	0.06413506	-0.099430285	-0.03868768
0.16491473	0.14166802	0.9999998	-0.23776647	0.1995515	0.28040788	0.29372704	0.11081966	-0.18357985	-0.3006191	-0.36078712	0.19993952	-0.065556675	-0.36763448	-0.22019246	0.12950385	-0.4863069	-0.38655028	-0.15209585	0.2405606
-0.10380023	-0.34501868	-0.23776647	0.99999964	-0.74369997	-0.17344579	-0.111383095	-0.005250339	0.24675794	0.1458266	0.13449953	-0.13859332	-0.07487384	0.14002512	-0.0069334237	0.024184318	0.18193716	0.06687044	0.109216295	-0.10854861
0.06285077	0.2046196	0.1995515	-0.74369997	0.9999995	0.14839357	0.14947243	-0.02088174	-0.359215	-0.14938119	-0.11734088	0.13027824	0.07823602	-0.23423338	-0.033796318	-0.0063703456	-0.18420894	-0.13866816	-0.11679061	0.13118783
0.16893272	0.20849204	0.28040788	-0.17344579	0.14839357	0.9999994	0.28229356	0.1913663	-0.20662536	-0.35930726	-0.5315097	0.1326866	-0.15135631	-0.30678704	-0.1252016	0.109589286	-0.5254739	-0.11620405	-0.21748644	0.19123836
0.15336324	0.15743534	0.29372704	-0.111383095	0.14947243	0.28229356	0.99999946	0.13918602	-0.2615537	-0.21226864	-0.38721028	0.17012857	-0.10013319	-0.5847187	-0.15288039	0.114208825	-0.41293576	-0.2602089	-0.18355907	0.20703962
0.28913224	0.19449532	0.11081966	-0.005250339	-0.02088174	0.1913663	0.13918602	0.99999946	-0.29837072	-0.46369568	-0.24717464	-0.0075185364	-0.63715017	-0.060459673	0.07744433	-0.10533454	-0.1553154	-0.011894464	0.023399828	-0.0127946185
-0.22999273	-0.59341884	-0.18357985	0.24675794	-0.359215	-0.20662536	-0.2615537	-0.29837072	0.99999946	0.2475406	0.18328445	-0.028241536	0.15598363	0.07720948	-0.084235564	0.10376532	0.2177538	-0.033165894	0.03170229	0.014405581
-0.5094616	-0.29282337	-0.3006191	0.1458266	-0.14938119	-0.35930726	-0.21226864	-0.46369568	0.2475406	0.9999996	0.27051595	-0.024972051	0.24862078	0.14252953	-0.054457653	0.050839894	0.24827527	0.09046832	0.007314352	-0.08494169
-0.26129255	-0.2691809	-0.36078712	0.13449953	-0.11734088	-0.5315097	-0.38721028	-0.24717464	0.18328445	0.27051595	0.9999996	-0.13649286	0.13835587	0.2548212	0.13403597	-0.18215504	0.306125	0.1640768	0.16420625	-0.25677422
-0.033090062	0.028844789	0.19993952	-0.13859332	0.13027824	0.1326866	0.17012857	-0.0075185364	-0.028241536	-0.024972051	-0.13649286	0.9999994	0.043151334	-0.2601812	-0.529181	0.2572632	-0.12666294	-0.4784375	-0.48541716	0.28649947
-0.47970596	-0.14899433	-0.065556675	-0.07487384	0.07823602	-0.15135631	-0.10013319	-0.63715017	0.15598363	0.24862078	0.13835587	0.043151334	0.99999946	-0.04219999	-0.14771783	0.16401151	0.09305567	0.0076662083	-0.16163191	0.080242306
-0.07029245	-0.04288825	-0.36763448	0.14002512	-0.23423338	-0.30678704	-0.5847187	-0.060459673	0.07720948	0.14252953	0.2548212	-0.2601812	-0.04219999	0.99999946	0.21456349	-0.25803056	0.24719203	0.24857448	0.22213228	-0.3196196
0.11683562	0.07009782	-0.22019246	-0.0069334237	-0.033796318	-0.1252016	-0.15288039	0.07744433	-0.084235564	-0.054457653	0.13403597	-0.529181	-0.14771783	0.21456349	0.99999946	-0.5780724	0.08355757	0.23736708	0.28287032	-0.2841001
-0.24227569	-0.12197583	0.12950385	0.024184318	-0.0063703456	0.109589286	0.114208825	-0.10533454	0.10376532	0.050839894	-0.18215504	0.2572632	0.16401151	-0.25803056	-0.5780724	0.9999993	-0.059717227	-0.20058446	-0.4498355	0.25098908
-0.1744289	-0.3020625	-0.4863069	0.18193716	-0.18420894	-0.5254739	-0.41293576	-0.1553154	0.2177538	0.24827527	0.306125	-0.12666294	0.09305567	0.24719203	0.08355757	-0.059717227	0.9999989	0.15431659	0.14683002	-0.2519273
-0.09984969	0.06413506	-0.38655028	0.06687044	-0.13866816	-0.11620405	-0.2602089	-0.011894464	-0.033165894	0.09046832	0.1640768	-0.4784375	0.0076662083	0.24857448	0.23736708	-0.20058446	0.15431659	0.9999989	0.22231561	-0.53022355
0.11713662	-0.099430285	-0.15209585	0.109216295	-0.11679061	-0.21748644	-0.18355907	0.023399828	0.03170229	0.007314352	0.16420625	-0.48541716	-0.16163191	0.22213228	0.28287032	-0.4498355	0.14683002	0.22231561	0.999999	-0.46087307
-0.0536689	-0.03868768	0.2405606	-0.10854861	0.13118783	0.19123836	0.20703962	-0.0127946185	0.014405581	-0.08494169	-0.25677422	0.28649947	0.080242306	-0.3196196	-0.2841001	0.25098908	-0.2519273	-0.53022355	-0.46087307	0.999999
