1.0000001	-0.27372697	0.08119495	-0.34016332	0.23826665	-0.42581317	-0.052200027	0.27959526	-0.036775343	0.13499843	0.11412698	0.30212942	-0.36956963	-0.04975165	0.09072373	0.16982105	-0.12501693	0.1249533	-0.4595768	-0.40321526
-0.27372697	0.9999999	-0.20255578	0.24784161	-0.39721283	0.24670894	0.040740293	-0.4340635	0.06587294	-0.22632326	-0.22996798	-0.3590226	0.17338493	0.09699913	-0.043142408	-0.10976713	0.113423064	-0.25415558	0.2984135	0.24655366
0.08119495	-0.20255578	0.9999999	0.051969122	0.010910714	-0.14725405	0.15947305	0.13751113	0.11976333	0.24312113	-0.024118058	0.0639436	0.120251074	-0.59057176	-0.43218723	0.25218987	-0.2746395	-0.11729501	-0.19791076	-0.25379503
-0.34016332	0.24784161	0.051969122	0.9999997	-0.41317442	0.15515226	0.17174944	-0.20674379	0.17902967	-0.02545995	-0.36605754	-0.31955457	0.27994177	-0.101978004	-0.38806787	-0.03495226	-0.041012198	-0.2670641	0.24284302	0.17570154
0.23826665	-0.39721283	0.010910714	-0.41317442	0.99999964	-0.10542886	-0.24254486	0.15573819	-0.28658235	-0.060312282	0.2704248	0.28673187	-0.27613625	0.013036904	0.14834404	0.012939522	-0.034063105	0.27131847	-0.39151222	-0.2007434
-0.42581317	0.24670894	-0.14725405	0.15515226	-0.10542886	0.99999964	-0.094095916	-0.5711291	-0.11268952	-0.24451897	-0.055727042	-0.34238562	0.09903462	0.15493192	0.018255193	-0.3036241	0.21975867	-0.042143144	0.2727243	0.27824375
-0.052200027	0.040740293	0.15947305	0.17174944	-0.24254486	-0.094095916	0.99999976	0.08779415	0.31087336	0.2316587	-0.38047105	-0.1849077	0.18240353	-0.14950894	-0.25360036	0.20939367	-0.4162162	-0.49544126	-0.013133712	-0.11196527
0.27959526	-0.4340635	0.13751113	-0.20674379	0.15573819	-0.5711291	0.08779415	0.99999976	0.06321757	0.2072559	0.059131786	0.23527667	-0.14425603	-0.12045758	-0.022948511	0.21909237	-0.29068723	0.016875722	-0.3731654	-0.2980369
-0.036775343	0.06587294	0.11976333	0.17902967	-0.28658235	-0.11268952	0.31087336	0.06321757	0.99999976	0.2428509	-0.5549737	-0.17904153	0.14102155	-0.1618148	-0.1850019	0.2041523	-0.3279418	-0.3621526	0.030640787	-0.15044798
0.13499843	-0.22632326	0.24312113	-0.02545995	-0.060312282	-0.24451897	0.2316587	0.2072559	0.2428509	0.9999996	-0.25821352	0.056338362	0.022201005	-0.3000391	-0.2372441	0.27219328	-0.2319771	-0.25832117	-0.1436023	-0.424605
0.11412698	-0.22996798	-0.024118058	-0.36605754	0.2704248	-0.055727042	-0.38047105	0.059131786	-0.5549737	-0.25821352	0.9999995	0.2039759	-0.1256513	0.054059952	0.1415093	-0.10625401	0.09559212	0.2932759	-0.1465628	0.015900662
0.30212942	-0.3590226	0.0639436	-0.31955457	0.28673187	-0.34238562	-0.1849077	0.23527667	-0.17904153	0.056338362	0.2039759	0.9999995	-0.3797976	-0.049781416	0.124999344	0.05988794	-0.020554757	0.22843602	-0.41132954	-0.31534302
-0.36956963	0.17338493	0.120251074	0.27994177	-0.27613625	0.09903462	0.18240353	-0.14425603	0.14102155	0.022201005	-0.1256513	-0.3797976	0.99999917	-0.20531581	-0.44539323	0.0003213358	-0.20416173	-0.22136539	0.19947256	0.1536155
-0.04975165	0.09699913	-0.59057176	-0.101978004	0.013036904	0.15493192	-0.14950894	-0.12045758	-0.1618148	-0.3000391	0.054059952	-0.049781416	-0.20531581	0.99999905	0.2541191	-0.48050848	0.24449587	0.14155255	0.08021071	0.1703223
0.09072373	-0.043142408	-0.43218723	-0.38806787	0.14834404	0.018255193	-0.25360036	-0.022948511	-0.1850019	-0.2372441	0.1415093	0.124999344	-0.44539323	0.2541191	0.999999	-0.1448196	0.21145286	0.19171572	-0.040520158	0.011807114
0.16982105	-0.10976713	0.25218987	-0.03495226	0.012939522	-0.3036241	0.20939367	0.21909237	0.2041523	0.27219328	-0.10625401	0.05988794	0.0003213358	-0.48050848	-0.1448196	0.9999993	-0.41871545	-0.23311624	-0.20650004	-0.3617329
-0.12501693	0.113423064	-0.2746395	-0.041012198	-0.034063105	0.21975867	-0.4162162	-0.29068723	-0.3279418	-0.2319771	0.09559212	-0.020554757	-0.20416173	0.24449587	0.21145286	-0.41871545	0.99999905	0.15797013	0.15267204	0.18962224
0.1249533	-0.25415558	-0.11729501	-0.2670641	0.27131847	-0.042143144	-0.49544126	0.016875722	-0.3621526	-0.25832117	0.2932759	0.22843602	-0.22136539	0.14155255	0.19171572	-0.23311624	0.15797013	0.9999991	-0.17316183	-0.0018806081
-0.4595768	0.2984135	-0.19791076	0.24284302	-0.39151222	0.2727243	-0.013133712	-0.3731654	0.030640787	-0.1436023	-0.1465628	-0.41132954	0.19947256	0.08021071	-0.040520158	-0.20650004	0.15267204	-0.17316183	0.9999991	0.27999958
-0.40321526	0.24655366	-0.25379503	0.17570154	-0.2007434	0.27824375	-0.11196527	-0.2980369	-0.15044798	-0.424605	0.015900662	-0.31534302	0.1536155	0.1703223	0.011807114	-0.3617329	0.18962224	-0.0018806081	0.27999958	0.9999991
