1.0	0.2326359	-0.030372154	-0.19448864	0.1652518	-0.21708882	0.079370454	0.28147286	0.16515759	0.070443004	0.009252143	-0.67150515	-0.022219267	0.11233172	0.03560487	-0.032480657	-0.3721968	-0.13129218	-0.17026448	-0.30961162
0.2326359	1.0000002	0.044013605	-0.108546324	0.27020824	-0.34526885	0.05002785	0.21055047	0.19822526	0.02456569	-0.028729912	-0.35926455	-0.041481506	0.10080546	0.06711362	-0.030946132	-0.2872768	-0.11311531	-0.6311217	-0.25239414
-0.030372154	0.044013605	1.0000004	0.13473183	0.0018738508	0.060746342	-0.23213607	-0.04641889	-0.2532849	-0.35827678	-0.60895646	-0.024286885	0.258045	-0.22505921	-0.3625619	0.27170476	0.097812824	0.22786392	-0.03585552	0.08041597
-0.19448864	-0.108546324	0.13473183	1.0000005	-0.24970828	0.22954284	-0.057051428	-0.4662323	-0.39498773	-0.14520986	-0.11827213	0.098034985	0.10777962	-0.117713995	-0.5402843	0.17991744	0.23222704	0.1205047	0.14463367	0.14512181
0.1652518	0.27020824	0.0018738508	-0.24970828	1.0000004	-0.48263156	0.08587282	0.21895245	0.27331832	0.16333647	0.037265968	-0.12210119	-0.18737763	0.19806294	0.137256	-0.18421774	-0.33999094	-0.1577907	-0.517383	-0.31019688
-0.21708882	-0.34526885	0.060746342	0.22954284	-0.48263156	1.0000005	0.0125088645	-0.29444668	-0.41881317	-0.25346568	-0.043103706	0.12964356	0.091952935	-0.34624022	-0.23267569	0.19612949	0.2767743	0.07154246	0.27362457	0.29126757
0.079370454	0.05002785	-0.23213607	-0.057051428	0.08587282	0.0125088645	1.0000004	-0.009265775	0.12774058	0.14303166	0.19329746	-0.106592596	-0.5197955	-0.035314135	0.1263233	-0.044748973	-0.119258404	-0.66100097	-0.037975095	0.0049665915
0.28147286	0.21055047	-0.04641889	-0.4662323	0.21895245	-0.29444668	-0.009265775	1.0000005	0.18791558	0.0802627	0.045515787	-0.3986323	0.0071447366	0.16028427	0.1429187	-0.1078203	-0.4738272	-0.054452233	-0.23231459	-0.2516066
0.16515759	0.19822526	-0.2532849	-0.39498773	0.27331832	-0.41881317	0.12774058	0.18791558	1.0000004	0.24242885	0.1835065	-0.11930594	-0.29983136	0.22888984	0.25930575	-0.33636966	-0.22400545	-0.22131911	-0.31099007	-0.2875799
0.070443004	0.02456569	-0.35827678	-0.14520986	0.16333647	-0.25346568	0.14303166	0.0802627	0.24242885	1.0000002	0.228881	0.037092928	-0.32469863	0.2813665	0.23776859	-0.42680058	-0.26419532	-0.28141522	-0.051556487	-0.40355778
0.009252143	-0.028729912	-0.60895646	-0.11827213	0.037265968	-0.043103706	0.19329746	0.045515787	0.1835065	0.228881	1.0000004	-0.00891403	-0.45679036	0.1453501	0.21543172	-0.40630394	-0.04611556	-0.27931634	-0.021680193	-0.040317744
-0.67150515	-0.35926455	-0.024286885	0.098034985	-0.12210119	0.12964356	-0.106592596	-0.3986323	-0.11930594	0.037092928	-0.00891403	1.0000004	0.026489357	-0.020040255	0.034459777	-0.07265074	0.19607392	0.07779548	0.16375653	0.13994631
-0.022219267	-0.041481506	0.258045	0.10777962	-0.18737763	0.091952935	-0.5197955	0.0071447366	-0.29983136	-0.32469863	-0.45679036	0.026489357	1.0000005	-0.10960025	-0.20917712	0.19059284	0.06281385	0.29179123	0.06226834	0.07209269
0.11233172	0.10080546	-0.22505921	-0.117713995	0.19806294	-0.34624022	-0.035314135	0.16028427	0.22888984	0.2813665	0.1453501	-0.020040255	-0.10960025	1.0000002	0.1753095	-0.46741676	-0.34101722	-0.058057297	-0.15676835	-0.5251718
0.03560487	0.06711362	-0.3625619	-0.5402843	0.137256	-0.23267569	0.1263233	0.1429187	0.25930575	0.23776859	0.21543172	0.034459777	-0.20917712	0.1753095	1.0	-0.34689993	-0.23778163	-0.29930148	-0.082851164	-0.11995816
-0.032480657	-0.030946132	0.27170476	0.17991744	-0.18421774	0.19612949	-0.044748973	-0.1078203	-0.33636966	-0.42680058	-0.40630394	-0.07265074	0.19059284	-0.46741676	-0.34689993	0.99999994	0.17298838	0.14516403	0.09748261	0.20267579
-0.3721968	-0.2872768	0.097812824	0.23222704	-0.33999094	0.2767743	-0.119258404	-0.4738272	-0.22400545	-0.26419532	-0.04611556	0.19607392	0.06281385	-0.34101722	-0.23778163	0.17298838	0.99999976	0.16115205	0.2209542	0.28486896
-0.13129218	-0.11311531	0.22786392	0.1205047	-0.1577907	0.07154246	-0.66100097	-0.054452233	-0.22131911	-0.28141522	-0.27931634	0.07779548	0.29179123	-0.058057297	-0.29930148	0.14516403	0.16115205	0.9999997	0.084124535	0.07712275
-0.17026448	-0.6311217	-0.03585552	0.14463367	-0.517383	0.27362457	-0.037975095	-0.23231459	-0.31099007	-0.051556487	-0.021680193	0.16375653	0.06226834	-0.15676835	-0.082851164	0.09748261	0.2209542	0.084124535	0.99999964	0.20191656
-0.30961162	-0.25239414	0.08041597	0.14512181	-0.31019688	0.29126757	0.0049665915	-0.2516066	-0.2875799	-0.40355778	-0.040317744	0.13994631	0.07209269	-0.5251718	-0.11995816	0.20267579	0.28486896	0.07712275	0.20191656	0.99999964
