1.0000001	-0.020283625	0.24745134	0.06480792	-0.29413736	-0.094732314	-0.41202685	0.23311354	-0.40879354	-0.006636476	0.14237376	-0.11488957	-0.39445743	0.18427463	-0.27586073	-0.18434574	0.13314947	0.2923562	-0.39347365	0.30211058
-0.020283625	1.0000004	0.1304705	-0.6405371	-0.1126974	0.16149296	-0.029604418	-0.19419493	-0.15774016	-0.30463594	0.22586344	-0.14521328	-0.046001706	0.010801203	0.090882115	0.19841792	0.043022312	-0.18188173	0.13776013	-0.16592024
0.24745134	0.1304705	1.0000002	-0.11225472	-0.09381639	0.09379025	-0.4354304	0.07700897	-0.44016564	-0.20059536	0.16811205	-0.37823313	-0.33434257	0.042880777	-0.043250624	0.009760578	0.18859318	0.122298926	-0.23057292	0.18829502
0.06480792	-0.6405371	-0.11225472	1.0000002	0.08388351	-0.19726127	-0.06341484	0.17892556	0.07022141	0.2030707	-0.33547628	0.13951848	-0.037319485	0.047316182	-0.15891966	-0.36871347	-0.023423618	0.1678285	-0.16528222	0.14703025
-0.29413736	-0.1126974	-0.09381639	0.08388351	1.0000001	-0.112516984	0.22055884	-0.041374218	0.22358544	0.16333185	-0.5208991	0.14147244	0.17770454	-0.11315669	0.10510831	-0.103003435	-0.3933161	-0.24402882	0.059834406	-0.14653312
-0.094732314	0.16149296	0.09379025	-0.19726127	-0.112516984	1.0000004	0.007832486	-0.35344842	-0.05324704	-0.52582955	0.13805947	-0.46023512	0.08683276	-0.29655582	0.2627627	0.2604946	0.23295106	-0.15353304	0.1850714	-0.18192846
-0.41202685	-0.029604418	-0.4354304	-0.06341484	0.22055884	0.007832486	1.0000005	-0.15630797	0.29038462	0.088730946	-0.18020566	0.109896325	0.25866827	-0.24034657	0.172257	0.10800705	-0.2569567	-0.3250907	0.23812632	-0.39507803
0.23311354	-0.19419493	0.07700897	0.17892556	-0.041374218	-0.35344842	-0.15630797	1.0000005	-0.18250704	0.21030119	-0.028755818	0.13231531	-0.41186783	0.20774616	-0.50575465	-0.23731977	-0.093861744	0.28247207	-0.3774413	0.26095065
-0.40879354	-0.15774016	-0.44016564	0.07022141	0.22358544	-0.05324704	0.29038462	-0.18250704	1.0000004	0.121463716	-0.3229972	0.16569225	0.2869816	-0.052857034	0.1365855	0.024645293	-0.27020773	-0.25946435	0.16095296	-0.3325334
-0.006636476	-0.30463594	-0.20059536	0.2030707	0.16333185	-0.52582955	0.088730946	0.21030119	0.121463716	1.0000005	-0.21488506	0.29614833	-0.03854371	0.14553146	-0.26237124	-0.2684708	-0.4154442	0.10282594	-0.1578562	0.063864194
0.14237376	0.22586344	0.16811205	-0.33547628	-0.5208991	0.13805947	-0.18020566	-0.028755818	-0.3229972	-0.21488506	1.0000005	-0.20490988	-0.27931568	-0.056039922	-0.052318193	0.1750701	0.19451769	0.056900654	0.050567806	0.044337325
-0.11488957	-0.14521328	-0.37823313	0.13951848	0.14147244	-0.46023512	0.109896325	0.13231531	0.16569225	0.29614833	-0.20490988	1.0000004	0.05606868	0.1517441	-0.247199	-0.2576928	-0.42256138	0.06926399	-0.047414012	0.016228065
-0.39445743	-0.046001706	-0.33434257	-0.037319485	0.17770454	0.08683276	0.25866827	-0.41186783	0.2869816	-0.03854371	-0.27931568	0.05606868	1.0000002	-0.10546576	0.23484941	0.08229516	-0.06289696	-0.37046108	0.2225119	-0.3252403
0.18427463	0.010801203	0.042880777	0.047316182	-0.11315669	-0.29655582	-0.24034657	0.20774616	-0.052857034	0.14553146	-0.056039922	0.1517441	-0.10546576	1.0000004	-0.36113137	-0.44800487	-0.18324956	0.23114088	-0.36951566	0.20488764
-0.27586073	0.090882115	-0.043250624	-0.15891966	0.10510831	0.2627627	0.172257	-0.50575465	0.1365855	-0.26237124	-0.052318193	-0.247199	0.23484941	-0.36113137	1.0000002	0.2408566	0.08376661	-0.39558113	0.26590517	-0.2905869
-0.18434574	0.19841792	0.009760578	-0.36871347	-0.103003435	0.2604946	0.10800705	-0.23731977	0.024645293	-0.2684708	0.1750701	-0.2576928	0.08229516	-0.44800487	0.2408566	1.0000002	0.14291225	-0.29517752	0.25280672	-0.33253798
0.13314947	0.043022312	0.18859318	-0.023423618	-0.3933161	0.23295106	-0.2569567	-0.093861744	-0.27020773	-0.4154442	0.19451769	-0.42256138	-0.06289696	-0.18324956	0.08376661	0.14291225	1.0000001	0.01385529	0.019868108	0.06928186
0.2923562	-0.18188173	0.122298926	0.1678285	-0.24402882	-0.15353304	-0.3250907	0.28247207	-0.25946435	0.10282594	0.056900654	0.06926399	-0.37046108	0.23114088	-0.39558113	-0.29517752	0.01385529	1.0	-0.4194729	0.30574885
-0.39347365	0.13776013	-0.23057292	-0.16528222	0.059834406	0.1850714	0.23812632	-0.3774413	0.16095296	-0.1578562	0.050567806	-0.047414012	0.2225119	-0.36951566	0.26590517	0.25280672	0.019868108	-0.4194729	1.0	-0.43237603
0.30211058	-0.16592024	0.18829502	0.14703025	-0.14653312	-0.18192846	-0.39507803	0.26095065	-0.3325334	0.063864194	0.044337325	0.016228065	-0.3252403	0.20488764	-0.2905869	-0.33253798	0.06928186	0.30574885	-0.43237603	1.0
