0.99999994	0.06082845	0.05294397	-0.3306131	0.1455753	-0.09353601	0.02448274	-0.34233084	-0.008586025	-0.16093111	0.2418324	0.07489865	0.14505158	-0.21573699	0.15994374	-0.12659045	-0.04502079	-0.06624675	-0.18752538	-0.32843882
0.06082845	0.9999998	-0.12355087	-0.4138974	0.2672799	-0.30328357	0.2363027	-0.18834578	0.154153	0.16898146	-0.1611278	-0.33503705	-0.02257007	-0.0032406054	0.17613539	-0.32044426	0.264764	0.106033966	-0.13553993	-0.4274411
0.05294397	-0.12355087	0.9999998	0.010666074	0.026216751	-0.18779133	-0.05980578	0.066773966	0.08901288	0.08181916	-0.08389635	0.07350158	-0.074855626	0.038227435	0.15478633	0.0033758238	-0.14283508	-0.7956049	-0.07657644	-0.052406613
-0.3306131	-0.4138974	0.010666074	1.0	-0.2838295	0.124065645	-0.16841005	0.19169766	-0.25915933	-0.26875317	-0.028630814	0.22256358	-0.08457642	0.11656328	-0.14863746	0.21565202	-0.34197664	-0.073094316	0.24860924	0.2717606
0.1455753	0.2672799	0.026216751	-0.2838295	1.0000004	-0.44370562	0.26612073	-0.3545157	0.12433902	0.093478695	-0.07366252	-0.20519096	0.02636257	-0.10959847	0.26541197	-0.507363	0.18957348	-0.01547324	-0.12444095	-0.2865781
-0.09353601	-0.30328357	-0.18779133	0.124065645	-0.44370562	1.0000002	-0.20347486	0.08993894	-0.03211739	0.009761274	-0.031395648	0.054848474	0.13541608	-0.10769474	-0.5799937	0.24103707	-0.07790625	0.1269532	0.040710866	0.23816714
0.02448274	0.2363027	-0.05980578	-0.16841005	0.26612073	-0.20347486	1.0000004	-0.41762885	0.074015334	0.13207445	-0.23263714	-0.15367499	0.13192885	-0.21267462	0.15111472	-0.45815283	0.17585577	0.07269013	-0.011427008	-0.34669918
-0.34233084	-0.18834578	0.066773966	0.19169766	-0.3545157	0.08993894	-0.41762885	1.0000004	-0.088832304	-0.0026816756	-0.036935966	0.062551975	-0.40563086	0.2648377	-0.15729083	0.23474798	-0.13702011	-0.1035227	0.098036505	0.22615047
-0.008586025	0.154153	0.08901288	-0.25915933	0.12433902	-0.03211739	0.074015334	-0.088832304	1.0000001	0.27914417	-0.17369664	-0.42985347	0.06579706	-0.14985935	0.10374937	-0.13228536	0.25827459	-0.10170393	-0.6156634	-0.15672787
-0.16093111	0.16898146	0.08181916	-0.26875317	0.093478695	0.009761274	0.13207445	-0.0026816756	0.27914417	1.0000002	-0.4468505	-0.44531274	0.027396167	-0.06046574	0.01635722	-0.18700202	0.27030647	-0.08277163	-0.31956586	-0.104984604
0.2418324	-0.1611278	-0.08389635	-0.028630814	-0.07366252	-0.031395648	-0.23263714	-0.036935966	-0.17369664	-0.4468505	1.0000004	0.21357065	0.020067163	-0.04729084	0.07552803	0.1023251	-0.30475852	0.040812843	0.0150071075	-0.0882608
0.07489865	-0.33503705	0.07350158	0.22256358	-0.20519096	0.054848474	-0.15367499	0.062551975	-0.42985347	-0.44531274	0.21357065	1.0000002	-0.0022932421	0.02648223	-0.07564538	0.19432235	-0.49964505	-0.12598647	0.22142167	0.12847805
0.14505158	-0.02257007	-0.074855626	-0.08457642	0.02636257	0.13541608	0.13192885	-0.40563086	0.06579706	0.027396167	0.020067163	-0.0022932421	1.0000002	-0.76953423	-0.070758976	-0.07061165	0.032743737	0.0694341	-0.10061947	-0.05274691
-0.21573699	-0.0032406054	0.038227435	0.11656328	-0.10959847	-0.10769474	-0.21267462	0.2648377	-0.14985935	-0.06046574	-0.04729084	0.02648223	-0.76953423	1.0000002	0.0011245852	0.1035374	-0.054266263	-0.037177853	0.12691621	0.08985058
0.15994374	0.17613539	0.15478633	-0.14863746	0.26541197	-0.5799937	0.15111472	-0.15729083	0.10374937	0.01635722	0.07552803	-0.07564538	-0.070758976	0.0011245852	1.0	-0.38390863	0.0840654	-0.1921848	-0.18960135	-0.39019513
-0.12659045	-0.32044426	0.0033758238	0.21565202	-0.507363	0.24103707	-0.45815283	0.23474798	-0.13228536	-0.18700202	0.1023251	0.19432235	-0.07061165	0.1035374	-0.38390863	1.0	-0.2776178	-0.027063847	0.12696576	0.2690763
-0.04502079	0.264764	-0.14283508	-0.34197664	0.18957348	-0.07790625	0.17585577	-0.13702011	0.25827459	0.27030647	-0.30475852	-0.49964505	0.032743737	-0.054266263	0.0840654	-0.2776178	0.9999998	0.1277066	-0.3470998	-0.1751434
-0.06624675	0.106033966	-0.7956049	-0.073094316	-0.01547324	0.1269532	0.07269013	-0.1035227	-0.10170393	-0.08277163	0.040812843	-0.12598647	0.0694341	-0.037177853	-0.1921848	-0.027063847	0.1277066	0.9999996	0.06072646	0.016473591
-0.18752538	-0.13553993	-0.07657644	0.24860924	-0.12444095	0.040710866	-0.011427008	0.098036505	-0.6156634	-0.31956586	0.0150071075	0.22142167	-0.10061947	0.12691621	-0.18960135	0.12696576	-0.3470998	0.06072646	0.9999996	0.16966623
-0.32843882	-0.4274411	-0.052406613	0.2717606	-0.2865781	0.23816714	-0.34669918	0.22615047	-0.15672787	-0.104984604	-0.0882608	0.12847805	-0.05274691	0.08985058	-0.39019513	0.2690763	-0.1751434	0.016473591	0.16966623	0.9999996
