1.0000001	0.24899903	0.1918769	-0.17961322	-0.09135612	0.120131716	0.11969704	-0.15908147	-0.47236836	-0.5134161	0.04438719	0.28294274	0.14776744	-0.1584834	-0.19164152	0.103811555	-0.34459826	-0.33969408	-0.015545122	0.2061836
0.24899903	1.0	0.11090571	-0.13444732	0.022962946	0.22069348	0.05188503	-0.40706503	-0.36774164	-0.30113456	0.11798832	0.29076657	0.041037355	-0.38096735	-0.15066624	-0.15555966	-0.31863546	-0.30165642	0.20375322	0.20888169
0.1918769	0.11090571	1.0000001	-0.48321757	-0.35460752	0.003091948	0.2858213	0.039871078	-0.20206293	-0.31262016	-0.24146424	0.18916929	0.29471445	0.08258705	-0.53546166	0.15648605	-0.23097627	-0.12974606	-0.095044926	0.23067759
-0.17961322	-0.13444732	-0.48321757	1.0000001	0.25843412	-0.11012157	-0.43714187	-0.07716803	0.16269511	0.24367101	0.19604532	-0.27539843	-0.42577362	-0.058695517	0.2902213	-0.08870156	0.24932955	0.16726905	-0.004003316	-0.29338366
-0.09135612	0.022962946	-0.35460752	0.25843412	1.0000002	0.111633174	-0.4700248	-0.27201566	0.002287268	0.1966451	0.296887	-0.100860864	-0.43387905	-0.28201565	0.21618024	-0.2979797	0.12791443	-0.047815543	0.20748948	-0.08987892
0.120131716	0.22069348	0.003091948	-0.11012157	0.111633174	1.0000002	-0.06644489	-0.14447673	-0.17339729	-0.119297184	0.14339854	0.13243684	-0.0021091313	-0.29790282	-0.057734564	-0.47529685	-0.14061947	-0.5390369	0.27762643	0.11742536
0.11969704	0.05188503	0.2858213	-0.43714187	-0.4700248	-0.06644489	1.0000002	0.13221534	-0.105667554	-0.2599589	-0.45480576	0.13104919	0.31151268	0.14971818	-0.26581958	0.15449913	-0.29395998	-0.04761591	-0.11123166	0.17627293
-0.15908147	-0.40706503	0.039871078	-0.07716803	-0.27201566	-0.14447673	0.13221534	1.0000004	0.22165276	0.017580485	-0.38842562	-0.2764548	0.13245109	0.29709533	-0.032955717	0.17279445	0.10548164	0.19066115	-0.37901455	-0.17314593
-0.47236836	-0.36774164	-0.20206293	0.16269511	0.002287268	-0.17339729	-0.105667554	0.22165276	1.0000004	0.24748062	-0.15032782	-0.50716734	-0.10949763	0.1914866	0.17170009	-0.031738948	0.25175965	0.237118	-0.07521185	-0.29099908
-0.5134161	-0.30113456	-0.31262016	0.24367101	0.1966451	-0.119297184	-0.2599589	0.017580485	0.24748062	1.0000002	0.07724207	-0.4096568	-0.21680763	0.051009137	0.19585474	-0.20101224	0.21301605	0.18162794	0.038306314	-0.12853011
0.04438719	0.11798832	-0.24146424	0.19604532	0.296887	0.14339854	-0.45480576	-0.38842562	-0.15032782	0.07724207	1.0000001	0.052821755	-0.35988542	-0.4004272	0.1745367	-0.16026685	0.06517371	-0.14613731	0.2017791	-0.06851947
0.28294274	0.29076657	0.18916929	-0.27539843	-0.100860864	0.13243684	0.13104919	-0.2764548	-0.50716734	-0.4096568	0.052821755	1.0000001	0.0855831	-0.3045229	-0.15096909	0.026759697	-0.2318833	-0.20796032	0.088583656	0.18476118
0.14776744	0.041037355	0.29471445	-0.42577362	-0.43387905	-0.0021091313	0.31151268	0.13245109	-0.10949763	-0.21680763	-0.35988542	0.0855831	1.0	0.16956232	-0.37152335	0.1475334	-0.33560055	-0.13971737	-0.14998616	0.21461828
-0.1584834	-0.38096735	0.08258705	-0.058695517	-0.28201565	-0.29790282	0.14971818	0.29709533	0.1914866	0.051009137	-0.4004272	-0.3045229	0.16956232	0.99999994	-0.1345163	0.20149836	0.040389925	0.19952673	-0.34788507	-0.0174574
-0.19164152	-0.15066624	-0.53546166	0.2902213	0.21618024	-0.057734564	-0.26581958	-0.032955717	0.17170009	0.19585474	0.1745367	-0.15096909	-0.37152335	-0.1345163	0.9999998	-0.12635107	0.26952723	0.15123978	0.045592107	-0.49721298
0.103811555	-0.15555966	0.15648605	-0.08870156	-0.2979797	-0.47529685	0.15449913	0.17279445	-0.031738948	-0.20101224	-0.16026685	0.026759697	0.1475334	0.20149836	-0.12635107	0.9999997	-0.017010797	0.1475492	-0.5590726	0.00205875
-0.34459826	-0.31863546	-0.23097627	0.24932955	0.12791443	-0.14061947	-0.29395998	0.10548164	0.25175965	0.21301605	0.06517371	-0.2318833	-0.33560055	0.040389925	0.26952723	-0.017010797	0.9999999	0.21913743	-0.03871798	-0.5897274
-0.33969408	-0.30165642	-0.12974606	0.16726905	-0.047815543	-0.5390369	-0.04761591	0.19066115	0.237118	0.18162794	-0.14613731	-0.20796032	-0.13971737	0.19952673	0.15123978	0.1475492	0.21913743	0.9999999	-0.3450709	-0.24967831
-0.015545122	0.20375322	-0.095044926	-0.004003316	0.20748948	0.27762643	-0.11123166	-0.37901455	-0.07521185	0.038306314	0.2017791	0.088583656	-0.14998616	-0.34788507	0.045592107	-0.5590726	-0.03871798	-0.3450709	1.0	0.05765398
0.2061836	0.20888169	0.23067759	-0.29338366	-0.08987892	0.11742536	0.17627293	-0.17314593	-0.29099908	-0.12853011	-0.06851947	0.18476118	0.21461828	-0.0174574	-0.49721298	0.00205875	-0.5897274	-0.24967831	0.05765398	1.0
