1.0000001	0.26197785	-0.3586619	-0.37784627	-0.1991011	0.26245648	-0.10867566	-0.49523914	-0.25270492	0.12627876	-0.1717368	-0.05891946	-0.14877284	-0.40657255	0.13443132	0.21391173	0.10508764	0.10571667	0.07762914	0.2907405
0.26197785	1.0000005	-0.33677268	-0.456442	-0.22564699	0.2850246	0.062006243	-0.2670264	-0.07559434	-0.02475036	-0.34100682	-0.060112458	-0.18138169	-0.4872407	0.11348726	0.19748792	0.16281106	0.13171135	-0.049625713	0.29109323
-0.3586619	-0.33677268	1.0000005	0.29328817	0.08791161	-0.37474692	0.043141317	0.279235	0.21795268	-0.22727941	0.25991485	0.0014672256	0.11150332	0.29007217	-0.3190515	-0.26555276	-0.09471049	-0.12289483	-0.06572635	-0.4190898
-0.37784627	-0.456442	0.29328817	1.0000005	0.09608309	-0.44737646	0.050618738	0.23241562	0.20520176	-0.12113186	0.24769555	-0.06463381	0.09255757	0.3150807	-0.18095969	-0.1450459	-0.13117391	-0.06890444	-0.12155386	-0.4178731
-0.1991011	-0.22564699	0.08791161	0.09608309	1.0000002	-0.2556275	-0.25345755	0.15208462	-0.180221	0.18576676	-0.10534674	0.28811744	0.28378823	0.06215199	0.18160914	-0.45177057	-0.37405208	-0.45253432	0.2201374	-0.059892457
0.26245648	0.2850246	-0.37474692	-0.44737646	-0.2556275	1.0000001	0.04616382	-0.1610675	-0.23213635	0.055045467	-0.22995436	-0.064086154	-0.31364927	-0.386428	0.08946687	0.18413448	0.111431114	0.16807395	0.0013957283	0.26187977
-0.10867566	0.062006243	0.043141317	0.050618738	-0.25345755	0.04616382	0.99999994	0.03488523	0.24791759	-0.49443385	0.13175172	-0.18268542	-0.4228777	0.07092838	-0.21523847	0.10537929	0.2518669	0.23772901	-0.54632723	-0.058692038
-0.49523914	-0.2670264	0.279235	0.23241562	0.15208462	-0.1610675	0.03488523	1.0000001	0.117408514	-0.09807861	0.16388772	0.1289742	0.13852096	0.21827158	-0.19328618	-0.38991913	-0.22528039	-0.20746869	0.0019518407	-0.43026918
-0.25270492	-0.07559434	0.21795268	0.20520176	-0.180221	-0.23213635	0.24791759	0.117408514	1.0	-0.45769164	0.24816673	-0.27245632	-0.16762945	0.22136195	-0.41965947	0.039892547	0.16480497	0.1513048	-0.3555027	-0.20041516
0.12627876	-0.02475036	-0.22727941	-0.12113186	0.18576676	0.055045467	-0.49443385	-0.09807861	-0.45769164	1.0000001	-0.17175898	0.21083711	0.19676206	-0.18663557	0.2433211	-0.09461565	-0.34829262	-0.21759003	0.30938327	0.114863865
-0.1717368	-0.34100682	0.25991485	0.24769555	-0.10534674	-0.22995436	0.13175172	0.16388772	0.24816673	-0.17175898	1.0000002	-0.22029446	-0.06562365	0.2624683	-0.5535242	-0.03944403	0.06557283	0.08196952	-0.16940342	-0.3933338
-0.05891946	-0.060112458	0.0014672256	-0.06463381	0.28811744	-0.064086154	-0.18268542	0.1289742	-0.27245632	0.21083711	-0.22029446	1.0000001	0.22989242	-0.082415	0.21894822	-0.46742767	-0.3991378	-0.41840073	0.24416266	-0.031830076
-0.14877284	-0.18138169	0.11150332	0.09255757	0.28378823	-0.31364927	-0.4228777	0.13852096	-0.16762945	0.19676206	-0.06562365	0.22989242	1.0000002	0.04224084	0.12939556	-0.19450085	-0.31538206	-0.52859724	0.24560055	-0.13184692
-0.40657255	-0.4872407	0.29007217	0.3150807	0.06215199	-0.386428	0.07092838	0.21827158	0.22136195	-0.18663557	0.2624683	-0.082415	0.04224084	1.0000002	-0.2017416	-0.1417406	0.0019055717	-0.03148912	-0.14627193	-0.41394648
0.13443132	0.11348726	-0.3190515	-0.18095969	0.18160914	0.08946687	-0.21523847	-0.19328618	-0.41965947	0.2433211	-0.5535242	0.21894822	0.12939556	-0.2017416	1.0000002	-0.10087546	-0.1570333	-0.18632527	0.21104142	0.20599401
0.21391173	0.19748792	-0.26555276	-0.1450459	-0.45177057	0.18413448	0.10537929	-0.38991913	0.039892547	-0.09461565	-0.03944403	-0.46742767	-0.19450085	-0.1417406	-0.10087546	1.0000002	0.2530789	0.26636368	-0.1507241	0.18136798
0.10508764	0.16281106	-0.09471049	-0.13117391	-0.37405208	0.111431114	0.2518669	-0.22528039	0.16480497	-0.34829262	0.06557283	-0.3991378	-0.31538206	0.0019055717	-0.1570333	0.2530789	1.0000004	0.2894626	-0.44847646	0.087517306
0.10571667	0.13171135	-0.12289483	-0.06890444	-0.45253432	0.16807395	0.23772901	-0.20746869	0.1513048	-0.21759003	0.08196952	-0.41840073	-0.52859724	-0.03148912	-0.18632527	0.26636368	0.2894626	1.0000004	-0.2897749	0.09164774
0.07762914	-0.049625713	-0.06572635	-0.12155386	0.2201374	0.0013957283	-0.54632723	0.0019518407	-0.3555027	0.30938327	-0.16940342	0.24416266	0.24560055	-0.14627193	0.21104142	-0.1507241	-0.44847646	-0.2897749	1.0000002	0.032084398
0.2907405	0.29109323	-0.4190898	-0.4178731	-0.059892457	0.26187977	-0.058692038	-0.43026918	-0.20041516	0.114863865	-0.3933338	-0.031830076	-0.13184692	-0.41394648	0.20599401	0.18136798	0.087517306	0.09164774	0.032084398	1.0000002
