1.0000001	-0.25253642	0.22683017	0.14923552	0.009586532	0.05498014	-0.52194023	0.1490485	0.050952576	0.13855112	-0.313789	0.009383978	-0.19525583	0.26303732	-0.2706009	-0.028470144	-0.08949407	-0.3090821	-0.11433599	0.043899074
-0.25253642	1.0	-0.36236233	-0.019973308	0.03656011	-0.10711212	0.06790732	-0.7233154	-0.0070434366	-0.14854838	0.23435591	-0.055447266	0.216958	0.0025367127	0.121274985	-0.022769958	-0.029605044	-0.010752416	0.043239675	0.016633296
0.22683017	-0.36236233	0.99999994	0.08019174	-0.023909174	0.023635836	-0.22324066	0.2616301	0.051132027	0.16929117	-0.48246527	0.080565706	-0.55973154	0.18333739	-0.22684465	0.0068397	-0.114901945	-0.05848558	-0.11372681	0.08221444
0.14923552	-0.019973308	0.08019174	1.0000001	-0.32470295	-0.20379284	-0.34145424	-0.01980571	0.29992345	-0.13447574	0.022120526	0.26480472	-0.015881544	0.10339996	-0.5166695	0.21067213	-0.5010971	0.06823105	-0.3781933	0.25746748
0.009586532	0.03656011	-0.023909174	-0.32470295	1.0000001	0.2837522	0.16044973	-0.026951155	-0.41234705	0.23125449	-0.14228484	-0.43676478	-0.09351551	0.084492624	0.18607862	-0.5109059	0.28722227	-0.31661633	0.2903821	-0.28178033
0.05498014	-0.10711212	0.023635836	-0.20379284	0.2837522	1.0000001	0.093267836	0.065291435	-0.40835658	0.14275835	-0.09966633	-0.37587795	-0.06934309	0.015290168	0.16541475	-0.48712847	0.2698395	-0.14255083	0.2885459	-0.5089473
-0.52194023	0.06790732	-0.22324066	-0.34145424	0.16044973	0.093267836	1.0	-0.04713955	-0.31732613	0.039211977	0.08998914	-0.21565738	0.11271495	-0.31759197	0.2751412	-0.16060242	0.22122693	-0.0053926273	0.21904723	-0.12861115
0.1490485	-0.7233154	0.2616301	-0.01980571	-0.026951155	0.065291435	-0.04713955	0.9999999	-0.0036997225	0.10693524	-0.36429313	0.042291433	-0.32652745	0.011679698	-0.13054392	0.025570285	0.028451612	0.03374191	-0.01962608	-0.06273779
0.050952576	-0.0070434366	0.051132027	0.29992345	-0.41234705	-0.40835658	-0.31732613	-0.0036997225	0.9999999	-0.18036932	0.05481466	0.30710068	0.038806856	0.021865359	-0.38084623	0.28543574	-0.40671107	0.15402748	-0.4279233	0.28056422
0.13855112	-0.14854838	0.16929117	-0.13447574	0.23125449	0.14275835	0.039211977	0.10693524	-0.18036932	0.9999998	-0.3930712	-0.30150267	-0.38780645	0.22373688	-0.0026370862	-0.3167878	0.14773469	-0.4515023	0.11180711	0.0054204743
-0.313789	0.23435591	-0.48246527	0.022120526	-0.14228484	-0.09966633	0.08998914	-0.36429313	0.05481466	-0.3930712	0.99999976	0.0757951	0.31761727	-0.3292312	0.10037494	0.112428464	-0.042854268	0.18952104	-0.037734177	0.008372618
0.009383978	-0.055447266	0.080565706	0.26480472	-0.43676478	-0.37587795	-0.21565738	0.042291433	0.30710068	-0.30150267	0.0757951	0.9999997	0.0029732783	-0.042727582	-0.23149927	0.31230837	-0.44775668	0.20117179	-0.43338314	0.24422207
-0.19525583	0.216958	-0.55973154	-0.015881544	-0.09351551	-0.06934309	0.11271495	-0.32652745	0.038806856	-0.38780645	0.31761727	0.0029732783	0.99999964	-0.367307	0.11889613	0.074239	0.0036148678	0.15306029	0.0048292284	-0.028341142
0.26303732	0.0025367127	0.18333739	0.10339996	0.084492624	0.015290168	-0.31759197	0.011679698	0.021865359	0.22373688	-0.3292312	-0.042727582	-0.367307	0.9999997	-0.23115703	-0.10971985	-0.052185703	-0.47526005	-0.07300609	0.088811085
-0.2706009	0.121274985	-0.22684465	-0.5166695	0.18607862	0.16541475	0.2751412	-0.13054392	-0.38084623	-0.0026370862	0.10037494	-0.23149927	0.11889613	-0.23115703	0.99999964	-0.12709096	0.2723163	-0.027255516	0.2680135	-0.36236492
-0.028470144	-0.022769958	0.0068397	0.21067213	-0.5109059	-0.48712847	-0.16060242	0.025570285	0.28543574	-0.3167878	0.112428464	0.31230837	0.074239	-0.10971985	-0.12709096	0.9999996	-0.2991169	0.22427423	-0.40266263	0.21348763
-0.08949407	-0.029605044	-0.114901945	-0.5010971	0.28722227	0.2698395	0.22122693	0.028451612	-0.40671107	0.14773469	-0.042854268	-0.44775668	0.0036148678	-0.052185703	0.2723163	-0.2991169	0.9999996	-0.15075327	0.31550428	-0.4114339
-0.3090821	-0.010752416	-0.05848558	0.06823105	-0.31661633	-0.14255083	-0.0053926273	0.03374191	0.15402748	-0.4515023	0.18952104	0.20117179	0.15306029	-0.47526005	-0.027255516	0.22427423	-0.15075327	0.99999934	-0.08013892	0.0037628284
-0.11433599	0.043239675	-0.11372681	-0.3781933	0.2903821	0.2885459	0.21904723	-0.01962608	-0.4279233	0.11180711	-0.037734177	-0.43338314	0.0048292284	-0.07300609	0.2680135	-0.40266263	0.31550428	-0.08013892	0.9999993	-0.4606379
0.043899074	0.016633296	0.08221444	0.25746748	-0.28178033	-0.5089473	-0.12861115	-0.06273779	0.28056422	0.0054204743	0.008372618	0.24422207	-0.028341142	0.088811085	-0.36236492	0.21348763	-0.4114339	0.0037628284	-0.4606379	0.9999993
