1.0000001	0.2721001	-0.47242716	0.26411912	-0.075626075	0.08330334	-0.426904	0.26313257	0.23024118	-0.26651105	-0.3533066	-0.27899823	-0.057518933	0.15294644	0.26278636	0.095056504	0.21440858	-0.393688	-0.41241854	-0.10069541
0.2721001	0.9999998	-0.2934423	0.23397034	-0.11127926	-0.0064675217	-0.30207437	0.27776998	0.16288485	-0.40142843	-0.49033627	-0.24435145	-0.10074887	0.12199249	0.23690802	0.16900964	0.11521556	-0.4280928	-0.16392367	-0.04770568
-0.47242716	-0.2934423	0.99999994	-0.37898907	0.19564217	-0.18710828	0.23745567	-0.2555187	-0.26489913	0.26645303	0.28035852	0.24522994	-0.114980176	-0.27779314	-0.43261707	-0.037531458	-0.306031	0.30740285	0.3009697	0.18782537
0.26411912	0.23397034	-0.37898907	1.0000001	-0.14928424	0.06611461	-0.18087529	0.2886076	0.10942913	-0.16563389	-0.36974043	-0.6516853	0.02937493	0.14185049	0.28880948	0.039489627	0.1758199	-0.3947187	-0.27364647	-0.073011234
-0.075626075	-0.11127926	0.19564217	-0.14928424	1.0	-0.34888142	0.016018836	-0.30192542	-0.05306083	0.18444686	0.17036211	0.13032365	-0.2841355	-0.5846356	-0.3441153	0.12370736	-0.1717811	0.17587456	0.1776616	0.25068748
0.08330334	-0.0064675217	-0.18710828	0.06611461	-0.34888142	1.0	-0.15083483	0.03438611	0.2176374	-0.20123547	-0.06625447	-0.02401141	0.24103615	0.274912	0.17013505	-0.37433884	0.27771515	-0.19804959	-0.29307994	-0.5149779
-0.426904	-0.30207437	0.23745567	-0.18087529	0.016018836	-0.15083483	1.0000001	-0.26325738	-0.5423389	0.22491044	0.22177747	0.15204898	0.117619336	-0.113184705	-0.15762104	-0.10377175	-0.2889113	0.2358454	0.24349932	0.08059797
0.26313257	0.27776998	-0.2555187	0.2886076	-0.30192542	0.03438611	-0.26325738	1.0	0.12660553	-0.23126145	-0.4359572	-0.4698827	-0.06547509	0.17299712	0.28856483	0.14679779	0.12753569	-0.37403482	-0.27005202	-0.059031893
0.23024118	0.16288485	-0.26489913	0.10942913	-0.05306083	0.2176374	-0.5423389	0.12660553	0.99999994	-0.47068274	-0.15024316	-0.050425615	0.026863355	0.14410844	0.13984257	-0.1049652	0.2750366	-0.23369263	-0.29020888	-0.27213156
-0.26651105	-0.40142843	0.26645303	-0.16563389	0.18444686	-0.20123547	0.22491044	-0.23126145	-0.47068274	0.9999997	0.21533272	0.13260387	-0.23871057	-0.26790842	-0.2306509	0.0660192	-0.35802215	0.251602	0.25379497	0.23688255
-0.3533066	-0.49033627	0.28035852	-0.36974043	0.17036211	-0.06625447	0.22177747	-0.4359572	-0.15024316	0.21533272	0.99999964	0.26935524	0.04830984	-0.2601491	-0.35310796	-0.1962989	-0.13390823	0.30098456	0.22601601	0.0768064
-0.27899823	-0.24435145	0.24522994	-0.6516853	0.13032365	-0.02401141	0.15204898	-0.4698827	-0.050425615	0.13260387	0.26935524	0.9999998	0.0005894372	-0.104809605	-0.36620724	-0.07079027	-0.1816295	0.27153775	0.21647218	0.024630625
-0.057518933	-0.10074887	-0.114980176	0.02937493	-0.2841355	0.24103615	0.117619336	-0.06547509	0.026863355	-0.23871057	0.04830984	0.0005894372	0.99999994	0.22429624	0.06712188	-0.5456203	0.16928585	-0.051637527	-0.0721691	-0.39350098
0.15294644	0.12199249	-0.27779314	0.14185049	-0.5846356	0.274912	-0.113184705	0.17299712	0.14410844	-0.26790842	-0.2601491	-0.104809605	0.22429624	1.0000001	0.233223	-0.22678685	0.2357439	-0.18079208	-0.27261734	-0.41339362
0.26278636	0.23690802	-0.43261707	0.28880948	-0.3441153	0.17013505	-0.15762104	0.28856483	0.13984257	-0.2306509	-0.35310796	-0.36620724	0.06712188	0.233223	1.0000001	0.041010626	0.20613281	-0.4657592	-0.3742861	-0.21017036
0.095056504	0.16900964	-0.037531458	0.039489627	0.12370736	-0.37433884	-0.10377175	0.14679779	-0.1049652	0.0660192	-0.1962989	-0.07079027	-0.5456203	-0.22678685	0.041010626	1.0000002	-0.24504282	-0.035085294	0.016130827	0.24301003
0.21440858	0.11521556	-0.306031	0.1758199	-0.1717811	0.27771515	-0.2889113	0.12753569	0.2750366	-0.35802215	-0.13390823	-0.1816295	0.16928585	0.2357439	0.20613281	-0.24504282	1.0000005	-0.21140668	-0.5041331	-0.39602822
-0.393688	-0.4280928	0.30740285	-0.3947187	0.17587456	-0.19804959	0.2358454	-0.37403482	-0.23369263	0.251602	0.30098456	0.27153775	-0.051637527	-0.18079208	-0.4657592	-0.035085294	-0.21140668	1.0000002	0.26774707	0.15596287
-0.41241854	-0.16392367	0.3009697	-0.27364647	0.1776616	-0.29307994	0.24349932	-0.27005202	-0.29020888	0.25379497	0.22601601	0.21647218	-0.0721691	-0.27261734	-0.3742861	0.016130827	-0.5041331	0.26774707	1.0000002	0.22424334
-0.10069541	-0.04770568	0.18782537	-0.073011234	0.25068748	-0.5149779	0.08059797	-0.059031893	-0.27213156	0.23688255	0.0768064	0.024630625	-0.39350098	-0.41339362	-0.21017036	0.24301003	-0.39602822	0.15596287	0.22424334	1.0000002
