1.0000001	-0.15888071	-0.39532605	-0.47131994	0.27391684	-0.40849474	-0.2437428	-0.31674993	0.11443546	0.30566254	0.076902226	0.2477954	-0.018676242	0.21261308	0.12887138	0.24808224	-0.24630924	-0.22262879	0.17776702	-0.30391735
-0.15888071	0.99999994	0.16437997	0.08756995	-0.010253466	0.21760699	0.13664618	-0.075360425	0.13776006	-0.1619672	-0.52156025	0.024959577	-0.48440185	0.046571895	-0.098749876	-0.10391185	-0.021754026	-0.15062842	0.027115105	-0.055141274
-0.39532605	0.16437997	0.9999999	0.30615255	-0.34661946	0.27486232	0.24128784	0.1219116	-0.021145048	-0.39660332	-0.15662965	-0.2343532	-0.045670055	-0.16049056	-0.24356216	-0.5133442	0.17249383	0.08483347	-0.10288541	0.25070795
-0.47131994	0.08756995	0.30615255	0.99999964	-0.48557165	0.26209736	0.26011336	0.13129252	-0.046806123	-0.30009398	-0.11732959	-0.25856707	0.050005175	-0.1706749	-0.27539417	-0.3679131	0.19159201	0.1040004	-0.16018738	0.26103503
0.27391684	-0.010253466	-0.34661946	-0.48557165	0.9999996	-0.27842462	-0.27510056	-0.114742465	0.11872612	0.264406	0.0015322935	0.20874979	-0.18144046	0.21186087	0.107531294	0.29917735	-0.37654096	-0.15243226	0.19315745	-0.4579315
-0.40849474	0.21760699	0.27486232	0.26209736	-0.27842462	0.99999976	0.20758061	0.16625004	-0.058623835	-0.4309193	-0.1456346	-0.20943946	-0.10556919	-0.29207116	-0.17611352	-0.23480578	0.20125175	0.09985457	-0.28709114	0.19768406
-0.2437428	0.13664618	0.24128784	0.26011336	-0.27510056	0.20758061	0.9999996	-0.09917486	0.13023162	-0.12198648	-0.32454428	-0.021453856	-0.08755525	0.004868218	-0.56774825	-0.2681561	0.035374735	-0.14686418	0.010607978	0.12961666
-0.31674993	-0.075360425	0.1219116	0.13129252	-0.114742465	0.16625004	-0.09917486	0.9999995	-0.38831747	-0.3348463	0.15699495	-0.4948834	0.17472376	-0.34919593	0.12475069	-0.039956134	0.2522991	0.3078512	-0.38192698	0.15908018
0.11443546	0.13776006	-0.021145048	-0.046806123	0.11872612	-0.058623835	0.13023162	-0.38831747	0.99999964	0.15264884	-0.1827326	0.25798795	-0.38592157	0.27656677	-0.24796273	-0.00031532053	-0.45075163	-0.50292504	0.23596711	-0.13882162
0.30566254	-0.1619672	-0.39660332	-0.30009398	0.264406	-0.4309193	-0.12198648	-0.3348463	0.15264884	0.9999997	-0.023797791	0.27090427	-0.07175646	0.26296166	0.03507459	0.2504392	-0.30680394	-0.23408143	0.24692991	-0.40617022
0.076902226	-0.52156025	-0.15662965	-0.11732959	0.0015322935	-0.1456346	-0.32454428	0.15699495	-0.1827326	-0.023797791	0.99999964	-0.17740415	0.26331577	-0.22747071	0.24161698	0.051567778	0.1163257	0.18781595	-0.2929316	0.07396359
0.2477954	0.024959577	-0.2343532	-0.25856707	0.20874979	-0.20943946	-0.021453856	-0.4948834	0.25798795	0.27090427	-0.17740415	0.9999996	-0.2507504	0.30554792	-0.097549535	0.14001398	-0.28249526	-0.48011634	0.2686269	-0.21757236
-0.018676242	-0.48440185	-0.045670055	0.050005175	-0.18144046	-0.10556919	-0.08755525	0.17472376	-0.38592157	-0.07175646	0.26331577	-0.2507504	0.9999995	-0.32076347	0.13162263	-0.081769586	0.19626026	0.24376638	-0.1987656	0.17334647
0.21261308	0.046571895	-0.16049056	-0.1706749	0.21186087	-0.29207116	0.004868218	-0.34919593	0.27656677	0.26296166	-0.22747071	0.30554792	-0.32076347	0.9999996	-0.17231178	0.15864193	-0.39944378	-0.42003846	0.30361924	-0.27079013
0.12887138	-0.098749876	-0.24356216	-0.27539417	0.107531294	-0.17611352	-0.56774825	0.12475069	-0.24796273	0.03507459	0.24161698	-0.097549535	0.13162263	-0.17231178	0.99999934	0.14555563	0.07908893	0.15254779	-0.24003018	-0.027237093
0.24808224	-0.10391185	-0.5133442	-0.3679131	0.29917735	-0.23480578	-0.2681561	-0.039956134	-0.00031532053	0.2504392	0.051567778	0.14001398	-0.081769586	0.15864193	0.14555563	0.9999992	-0.25134262	-0.053308923	0.14010167	-0.5187553
-0.24630924	-0.021754026	0.17249383	0.19159201	-0.37654096	0.20125175	0.035374735	0.2522991	-0.45075163	-0.30680394	0.1163257	-0.28249526	0.19626026	-0.39944378	0.07908893	-0.25134262	0.9999992	0.2572582	-0.43461132	0.268109
-0.22262879	-0.15062842	0.08483347	0.1040004	-0.15243226	0.09985457	-0.14686418	0.3078512	-0.50292504	-0.23408143	0.18781595	-0.48011634	0.24376638	-0.42003846	0.15254779	-0.053308923	0.2572582	0.9999991	-0.23157999	0.15667672
0.17776702	0.027115105	-0.10288541	-0.16018738	0.19315745	-0.28709114	0.010607978	-0.38192698	0.23596711	0.24692991	-0.2929316	0.2686269	-0.1987656	0.30361924	-0.24003018	0.14010167	-0.43461132	-0.23157999	0.99999917	-0.2738819
-0.30391735	-0.055141274	0.25070795	0.26103503	-0.4579315	0.19768406	0.12961666	0.15908018	-0.13882162	-0.40617022	0.07396359	-0.21757236	0.17334647	-0.27079013	-0.027237093	-0.5187553	0.268109	0.15667672	-0.2738819	0.99999917
