1.0	0.17722091	-0.3617012	0.27757683	0.22712383	-0.12275206	0.18910722	-0.023613494	0.2022679	-0.3541268	-0.073573165	0.042641178	-0.38416484	-0.4425468	0.1574089	-0.3319141	0.18769176	-0.39894554	0.29059136	-0.25829148
0.17722091	1.0000001	-0.30913556	0.2732028	0.24736981	-0.07637321	0.18160936	-0.38404787	-0.106196314	-0.11188649	-0.39406908	0.26494682	-0.4408467	-0.16450861	0.24992925	0.040311668	0.10102819	-0.37869754	0.11011994	-0.27997702
-0.3617012	-0.30913556	1.0000001	-0.40715072	-0.20685443	0.24300312	-0.51195014	0.1356516	-0.024635712	0.20643836	0.14192516	-0.17144763	0.30765536	0.25566602	-0.24903473	0.050153308	-0.29647896	0.2689575	-0.3028172	0.23175551
0.27757683	0.2732028	-0.40715072	1.0000001	0.27464396	-0.26348293	0.25545672	-0.15966694	0.05000787	-0.21244295	-0.2973138	0.16160436	-0.4086819	-0.34663266	0.2598535	-0.13297778	0.20172141	-0.41926163	0.23759693	-0.34405258
0.22712383	0.24736981	-0.20685443	0.27464396	1.0000001	-0.1746288	0.16154735	-0.35992992	0.05439927	-0.16153392	-0.14435017	0.23448853	-0.2833215	-0.33208308	0.18640986	-0.08660058	0.18902752	-0.4255805	0.17171986	-0.57184654
-0.12275206	-0.07637321	0.24300312	-0.26348293	-0.1746288	1.0	-0.5403614	0.02315925	0.033049326	0.20117487	-0.019976152	0.017255766	0.18191546	0.18598686	-0.058334965	-0.055159967	-0.53464335	0.108066306	-0.28648132	0.13858369
0.18910722	0.18160936	-0.51195014	0.25545672	0.16154735	-0.5403614	1.0000001	-0.093062684	-0.10445051	-0.17953971	-0.08477318	0.060785085	-0.30131775	-0.25919986	0.13806397	0.025101267	0.24729638	-0.22871943	0.1955563	-0.15114905
-0.023613494	-0.38404787	0.1356516	-0.15966694	-0.35992992	0.02315925	-0.093062684	0.99999994	0.17173024	-0.13483386	0.12714903	-0.5347681	0.13561706	0.106501825	-0.06767319	-0.23715185	-0.16147669	0.16097406	0.061980985	0.23346062
0.2022679	-0.106196314	-0.024635712	0.05000787	0.05439927	0.033049326	-0.10445051	0.17173024	1.0	-0.26183543	0.09092007	-0.24541336	-0.051704988	-0.2757857	0.007551287	-0.652908	0.07137751	-0.10216306	0.19779111	-0.054001093
-0.3541268	-0.11188649	0.20643836	-0.21244295	-0.16153392	0.20117487	-0.17953971	-0.13483386	-0.26183543	1.0000001	0.0029212679	0.08182933	0.22352584	0.24089685	-0.076465525	0.20754652	-0.37939835	0.17616665	-0.58925486	0.1208184
-0.073573165	-0.39406908	0.14192516	-0.2973138	-0.14435017	-0.019976152	-0.08477318	0.12714903	0.09092007	0.0029212679	1.0000001	-0.19402505	0.16685429	0.007348325	-0.69371897	-0.05335198	0.060572274	0.20286627	-0.02174368	0.17633843
0.042641178	0.26494682	-0.17144763	0.16160436	0.23448853	0.017255766	0.060785085	-0.5347681	-0.24541336	0.08182933	-0.19402505	0.99999994	-0.2281036	-0.16847217	0.118333936	0.15121508	0.0819421	-0.24542071	-0.06970404	-0.35768703
-0.38416484	-0.4408467	0.30765536	-0.4086819	-0.2833215	0.18191546	-0.30131775	0.13561706	-0.051704988	0.22352584	0.16685429	-0.2281036	0.99999976	0.26204494	-0.27591276	0.10155501	-0.24990374	0.30589867	-0.32359985	0.26249126
-0.4425468	-0.16450861	0.25566602	-0.34663266	-0.33208308	0.18598686	-0.25919986	0.106501825	-0.2757857	0.24089685	0.007348325	-0.16847217	0.26204494	0.99999964	-0.107071675	0.18808788	-0.38465193	0.2593692	-0.2803753	0.25542623
0.1574089	0.24992925	-0.24903473	0.2598535	0.18640986	-0.058334965	0.13806397	-0.06767319	0.007551287	-0.076465525	-0.69371897	0.118333936	-0.27591276	-0.107071675	0.9999997	-0.06805797	0.0016453243	-0.3190046	0.10628826	-0.31020936
-0.3319141	0.040311668	0.050153308	-0.13297778	-0.08660058	-0.055159967	0.025101267	-0.23715185	-0.652908	0.20754652	-0.05335198	0.15121508	0.10155501	0.18808788	-0.06805797	0.9999997	-0.037418216	0.1329851	-0.2695402	0.028125174
0.18769176	0.10102819	-0.29647896	0.20172141	0.18902752	-0.53464335	0.24729638	-0.16147669	0.07137751	-0.37939835	0.060572274	0.0819421	-0.24990374	-0.38465193	0.0016453243	-0.037418216	0.9999995	-0.117323525	0.23905066	-0.22005786
-0.39894554	-0.37869754	0.2689575	-0.41926163	-0.4255805	0.108066306	-0.22871943	0.16097406	-0.10216306	0.17616665	0.20286627	-0.24542071	0.30589867	0.2593692	-0.3190046	0.1329851	-0.117323525	0.9999994	-0.2738092	0.29364255
0.29059136	0.11011994	-0.3028172	0.23759693	0.17171986	-0.28648132	0.1955563	0.061980985	0.19779111	-0.58925486	-0.02174368	-0.06970404	-0.32359985	-0.2803753	0.10628826	-0.2695402	0.23905066	-0.2738092	0.9999994	-0.19336917
-0.25829148	-0.27997702	0.23175551	-0.34405258	-0.57184654	0.13858369	-0.15114905	0.23346062	-0.054001093	0.1208184	0.17633843	-0.35768703	0.26249126	0.25542623	-0.31020936	0.028125174	-0.22005786	0.29364255	-0.19336917	0.9999994
