1.0	0.26537782	-0.36234504	-0.3020096	-0.051284537	0.06612416	-0.1835268	-0.1517462	-0.12647979	0.0422736	0.29575494	0.2509066	0.21179841	-0.036641765	-0.03532009	-0.35976094	-0.164911	0.21814886	-0.18637794	-0.38998
0.26537782	0.9999998	-0.15417595	-0.14143169	0.1436828	0.19980693	-0.3789388	-0.2499788	-0.21795426	-0.18671797	0.18480052	0.29686034	0.09618754	-0.32708466	-0.24882302	-0.185545	0.027434388	0.28424355	0.048472036	-0.45621464
-0.36234504	-0.15417595	0.9999999	0.27180126	0.21384066	0.1435204	-0.13643387	-0.067416914	-0.1497084	-0.3124233	-0.5201849	-0.07223623	-0.26814818	-0.13398062	-0.17558931	0.29806653	0.24337733	-0.1396827	0.27608836	0.04563152
-0.3020096	-0.14143169	0.27180126	0.9999999	0.21181872	0.16533422	-0.069723584	-0.106562674	-0.20155725	-0.15431964	-0.3371419	-0.10558592	-0.5508267	-0.13063347	-0.28045413	0.3091884	0.26233894	-0.08422982	0.21396782	0.03002798
-0.051284537	0.1436828	0.21384066	0.21181872	0.99999994	0.29862425	-0.4533788	-0.38290238	-0.31255808	-0.21848121	-0.22479574	0.16317607	-0.24330027	-0.33383265	-0.44825754	0.18116651	0.25534904	0.13963345	0.2688269	-0.20732613
0.06612416	0.19980693	0.1435204	0.16533422	0.29862425	1.0000001	-0.33623093	-0.4692265	-0.49751854	-0.24438904	-0.08162018	0.24138616	-0.19522679	-0.2947212	-0.40373173	0.11914613	0.22660664	0.21227993	0.2068277	-0.3569903
-0.1835268	-0.3789388	-0.13643387	-0.069723584	-0.4533788	-0.33623093	0.9999999	0.30546802	0.28504077	0.24321455	-0.0032107807	-0.3740889	0.07368834	0.2726881	0.29088292	-0.028659085	-0.24212576	-0.2671256	-0.2710406	0.2735007
-0.1517462	-0.2499788	-0.067416914	-0.106562674	-0.38290238	-0.4692265	0.30546802	0.9999995	0.3176959	0.23796836	-0.035929013	-0.40597373	0.1075617	0.26833665	0.29669675	-0.096088775	-0.25005394	-0.3589045	-0.2246306	0.26568732
-0.12647979	-0.21795426	-0.1497084	-0.20155725	-0.31255808	-0.49751854	0.28504077	0.3176959	0.9999995	0.22682689	0.0026840407	-0.35626355	0.13136631	0.25533736	0.2943506	-0.10325655	-0.27389002	-0.36707744	-0.16313827	0.25610098
0.0422736	-0.18671797	-0.3124233	-0.15431964	-0.21848121	-0.24438904	0.24321455	0.23796836	0.22682689	0.99999946	0.124628514	-0.25559413	0.19575183	0.2251436	0.2756989	-0.2932458	-0.47083607	-0.10199822	-0.47548154	0.14198154
0.29575494	0.18480052	-0.5201849	-0.3371419	-0.22479574	-0.08162018	-0.0032107807	-0.035929013	0.0026840407	0.124628514	0.9999994	0.16556703	0.23904829	0.029475395	0.100080445	-0.4067921	-0.15383425	0.16177101	-0.3320008	-0.20829973
0.2509066	0.29686034	-0.07223623	-0.10558592	0.16317607	0.24138616	-0.3740889	-0.40597373	-0.35626355	-0.25559413	0.16556703	0.9999994	0.049214613	-0.1627561	-0.22054005	-0.11604451	0.077612214	0.25273964	0.049258705	-0.4776375
0.21179841	0.09618754	-0.26814818	-0.5508267	-0.24330027	-0.19522679	0.07368834	0.1075617	0.13136631	0.19575183	0.23904829	0.049214613	0.99999917	0.086354315	0.20790976	-0.47513962	-0.47923216	0.06569088	-0.19887432	-0.053823028
-0.036641765	-0.32708466	-0.13398062	-0.13063347	-0.33383265	-0.2947212	0.2726881	0.26833665	0.25533736	0.2251436	0.029475395	-0.1627561	0.086354315	0.9999991	0.26762348	-0.076666944	-0.20250024	-0.49989966	-0.39684942	0.19060872
-0.03532009	-0.24882302	-0.17558931	-0.28045413	-0.44825754	-0.40373173	0.29088292	0.29669675	0.2943506	0.2756989	0.100080445	-0.22054005	0.20790976	0.26762348	0.99999887	-0.23591106	-0.36288062	-0.19771521	-0.33065823	0.2066391
-0.35976094	-0.185545	0.29806653	0.3091884	0.18116651	0.11914613	-0.028659085	-0.096088775	-0.10325655	-0.2932458	-0.4067921	-0.11604451	-0.47513962	-0.076666944	-0.23591106	0.9999989	0.26998788	-0.13766813	0.24287526	0.09434904
-0.164911	0.027434388	0.24337733	0.26233894	0.25534904	0.22660664	-0.24212576	-0.25005394	-0.27389002	-0.47083607	-0.15383425	0.077612214	-0.47923216	-0.20250024	-0.36288062	0.26998788	0.999999	0.012333442	0.2681084	-0.042883083
0.21814886	0.28424355	-0.1396827	-0.08422982	0.13963345	0.21227993	-0.2671256	-0.3589045	-0.36707744	-0.10199822	0.16177101	0.25273964	0.06569088	-0.49989966	-0.19771521	-0.13766813	0.012333442	0.999999	0.0617303	-0.25426874
-0.18637794	0.048472036	0.27608836	0.21396782	0.2688269	0.2068277	-0.2710406	-0.2246306	-0.16313827	-0.47548154	-0.3320008	0.049258705	-0.19887432	-0.39684942	-0.33065823	0.24287526	0.2681084	0.0617303	0.9999991	-0.05710284
-0.38998	-0.45621464	0.04563152	0.03002798	-0.20732613	-0.3569903	0.2735007	0.26568732	0.25610098	0.14198154	-0.20829973	-0.4776375	-0.053823028	0.19060872	0.2066391	0.09434904	-0.042883083	-0.25426874	-0.05710284	0.9999991
