1.0	-0.18761256	0.12622914	0.010403418	0.259397	0.19203429	-0.38199148	-0.46594894	0.20461605	0.05763251	0.039405588	-0.21585797	0.11380835	0.015936272	-0.1198426	-0.13137048	-0.083881326	0.09797279	-0.3976031	-0.1333266
-0.18761256	1.0000001	0.039876997	-0.09612173	-0.120702915	-0.5688309	0.024077395	0.107301675	-0.05700336	-0.34258068	0.15795688	0.2026616	0.05168056	0.073319785	-0.047504067	0.03094257	-0.07722158	0.14400065	0.051772058	-0.3860127
0.12622914	0.039876997	1.0	-0.08737335	0.22392434	-0.010826356	-0.4274336	-0.3515533	0.28799385	-0.1772083	0.21352524	0.09286858	-0.02752567	-0.016842674	0.094053686	-0.57655406	-0.28369707	0.18807425	-0.18829668	-0.1192347
0.010403418	-0.09612173	-0.08737335	1.0000002	-0.06793352	0.17367831	0.052049413	-0.036230706	-0.025512548	0.15018752	-0.07260587	0.014204888	-0.33443958	-0.68931407	0.17294198	0.020892434	-0.13024655	-0.16362377	0.061470624	0.047573503
0.259397	-0.120702915	0.22392434	-0.06793352	1.0000002	0.10565728	-0.31902733	-0.42488125	0.25642076	-0.10534737	0.15815987	0.023545869	-0.020123351	-0.0030777103	0.09933792	-0.2523879	-0.25741926	0.22253083	-0.54745954	-0.23061346
0.19203429	-0.5688309	-0.010826356	0.17367831	0.10565728	1.0000002	-0.11798263	-0.28105125	0.075976	0.24710003	-0.17586538	-0.29507652	-0.0726055	-0.20573033	0.016053917	-0.058682423	0.043040387	-0.1620149	-0.026394285	0.12152025
-0.38199148	0.024077395	-0.4274336	0.052049413	-0.31902733	-0.11798263	1.0000002	0.2680358	-0.43240827	0.1023885	-0.29357168	-0.015570348	0.027612295	-0.015494858	-0.091713965	0.2613979	0.21204355	-0.30530986	0.27425623	0.17864262
-0.46594894	0.107301675	-0.3515533	-0.036230706	-0.42488125	-0.28105125	0.2680358	1.0000001	-0.3057465	-0.065316506	-0.031446006	0.12535132	-0.089853056	0.030061325	0.01828871	0.20963714	0.08846992	-0.10720431	0.22195327	0.090132356
0.20461605	-0.05700336	0.28799385	-0.025512548	0.25642076	0.075976	-0.43240827	-0.3057465	1.0000001	-0.09326451	0.15744485	0.039178498	-0.00038884018	-0.031196667	0.057489567	-0.6058938	-0.18845278	0.12449041	-0.40844548	-0.055297032
0.05763251	-0.34258068	-0.1772083	0.15018752	-0.10534737	0.24710003	0.1023885	-0.065316506	-0.09326451	1.0000001	-0.44543722	-0.44451225	0.08163852	-0.12718129	-0.1782545	0.09310889	0.20735656	-0.3531763	0.1343365	0.25852993
0.039405588	0.15795688	0.21352524	-0.07260587	0.15815987	-0.17586538	-0.29357168	-0.031446006	0.15744485	-0.44543722	0.99999994	0.25995407	-0.23026595	-0.023435222	0.20656733	-0.21088697	-0.43683535	0.29284707	-0.19342828	-0.37208283
-0.21585797	0.2026616	0.09286858	0.014204888	0.023545869	-0.29507652	-0.015570348	0.12535132	0.039178498	-0.44451225	0.25995407	1.0	-0.26333392	-0.13767149	0.23537572	-0.11296143	-0.34035352	0.19885074	-0.078727596	-0.28792617
0.11380835	0.05168056	-0.02752567	-0.33443958	-0.020123351	-0.0726055	0.027612295	-0.089853056	-0.00038884018	0.08163852	-0.23026595	-0.26333392	1.0	0.25596327	-0.67540324	0.017649127	0.18569173	-0.072091565	0.00017594725	0.051810805
0.015936272	0.073319785	-0.016842674	-0.68931407	-0.0030777103	-0.20573033	-0.015494858	0.030061325	-0.031196667	-0.12718129	-0.023435222	-0.13767149	0.25596327	0.99999994	-0.32743362	0.05756151	0.13798851	0.08442458	-0.04044283	-0.037434414
-0.1198426	-0.047504067	0.094053686	0.17294198	0.09933792	0.016053917	-0.091713965	0.01828871	0.057489567	-0.1782545	0.20656733	0.23537572	-0.67540324	-0.32743362	0.9999999	-0.08762026	-0.29002577	0.117855236	-0.102006376	-0.09815957
-0.13137048	0.03094257	-0.57655406	0.020892434	-0.2523879	-0.058682423	0.2613979	0.20963714	-0.6058938	0.09310889	-0.21088697	-0.11296143	0.017649127	0.05756151	-0.08762026	0.99999994	0.19202383	-0.09907082	0.20104362	0.051171236
-0.083881326	-0.07722158	-0.28369707	-0.13024655	-0.25741926	0.043040387	0.21204355	0.08846992	-0.18845278	0.20735656	-0.43683535	-0.34035352	0.18569173	0.13798851	-0.29002577	0.19202383	1.0000001	-0.4159234	0.20697579	0.23046623
0.09797279	0.14400065	0.18807425	-0.16362377	0.22253083	-0.1620149	-0.30530986	-0.10720431	0.12449041	-0.3531763	0.29284707	0.19885074	-0.072091565	0.08442458	0.117855236	-0.09907082	-0.4159234	0.99999994	-0.326026	-0.46660554
-0.3976031	0.051772058	-0.18829668	0.061470624	-0.54745954	-0.026394285	0.27425623	0.22195327	-0.40844548	0.1343365	-0.19342828	-0.078727596	0.00017594725	-0.04044283	-0.102006376	0.20104362	0.20697579	-0.326026	0.9999999	0.15684621
-0.1333266	-0.3860127	-0.1192347	0.047573503	-0.23061346	0.12152025	0.17864262	0.090132356	-0.055297032	0.25852993	-0.37208283	-0.28792617	0.051810805	-0.037434414	-0.09815957	0.051171236	0.23046623	-0.46660554	0.15684621	0.9999999
