1.0000002	-0.09930431	-0.0344852	-0.337261	0.20507933	-0.08135206	-0.4850182	0.2096836	0.022734592	0.19359246	0.21672028	-0.21686794	-0.13002053	-0.41033664	0.2336137	0.2740108	-0.18825166	-0.23431064	-0.40793857	0.26971173
-0.09930431	1.0000001	-0.4510876	0.0659303	-0.07622496	-0.5000123	0.07722495	-0.2296562	0.23545875	0.13435405	-0.20548709	0.101135075	0.21400073	0.16027743	0.13550335	-0.1284345	-0.17923656	-0.26706296	-0.09185678	0.10447828
-0.0344852	-0.4510876	1.0000004	0.05317458	-0.06827541	0.22441357	0.042991307	0.0616787	-0.67238253	-0.1546101	-0.08563858	0.078610845	-0.044270065	-0.07651979	-0.27987877	0.0036007448	0.15958954	0.22983833	0.12738615	-0.11413598
-0.337261	0.0659303	0.05317458	1.0000004	-0.40660352	0.026279211	0.2983117	-0.33908978	-0.06653046	-0.1324627	-0.37206835	0.25290856	0.18097648	0.288121	-0.21913452	-0.43417448	0.046190925	0.18068033	0.2582878	-0.3435365
0.20507933	-0.07622496	-0.06827541	-0.40660352	1.0000005	-0.059848506	-0.21122706	0.18505251	0.101724446	-0.035945814	0.26186243	-0.54461455	-0.12203173	-0.39072183	0.18701637	0.20363967	0.08219409	-0.30684206	-0.12136784	0.11713403
-0.08135206	-0.5000123	0.22441357	0.026279211	-0.059848506	1.0000004	0.04362319	0.13214168	-0.24783616	-0.28930712	0.07461636	0.0044044526	-0.29739827	-0.05010974	-0.35441154	0.024852388	0.22107488	0.26664668	0.16570185	-0.30347887
-0.4850182	0.07722495	0.042991307	0.2983117	-0.21122706	0.04362319	1.0000005	-0.33749795	-0.010867808	-0.24125923	-0.3391057	0.19972014	0.19939315	0.25931704	-0.2999396	-0.37328646	0.115562305	0.13095954	0.29363972	-0.36254138
0.2096836	-0.2296562	0.0616787	-0.33908978	0.18505251	0.13214168	-0.33749795	1.0000006	-0.100039646	-0.041011438	0.25659624	-0.16822486	-0.56433153	-0.43333998	0.08050605	0.30368003	0.0906359	-0.0020812473	-0.18787956	0.08317699
0.022734592	0.23545875	-0.67238253	-0.06653046	0.101724446	-0.24783616	-0.010867808	-0.100039646	1.0000006	0.15063673	0.065101296	-0.20947005	0.108118884	0.05109352	0.21036251	-0.0632589	-0.21289691	-0.36673254	-0.106347784	0.11113165
0.19359246	0.13435405	-0.1546101	-0.1324627	-0.035945814	-0.28930712	-0.24125923	-0.041011438	0.15063673	1.0000005	0.047784258	-0.0563768	0.05557124	0.014609741	0.2134572	0.05643907	-0.6915858	-0.1883678	-0.32935426	0.29383588
0.21672028	-0.20548709	-0.08563858	-0.37206835	0.26186243	0.07461636	-0.3391057	0.25659624	0.065101296	0.047784258	1.0000006	-0.5361352	-0.34434104	-0.30148908	0.15219274	0.23625281	0.0022195256	-0.07496772	-0.17139314	0.11727926
-0.21686794	0.101135075	0.078610845	0.25290856	-0.54461455	0.0044044526	0.19972014	-0.16822486	-0.20947005	-0.0563768	-0.5361352	1.0000007	0.12628031	0.2121225	-0.26153564	-0.14336757	0.006606317	0.18177745	0.13832268	-0.16529636
-0.13002053	0.21400073	-0.044270065	0.18097648	-0.12203173	-0.29739827	0.19939315	-0.56433153	0.108118884	0.05557124	-0.34434104	0.12628031	1.0000007	0.22814186	-0.049411397	-0.36783928	-0.10441474	-0.15909427	0.1057154	-0.035045832
-0.41033664	0.16027743	-0.07651979	0.288121	-0.39072183	-0.05010974	0.25931704	-0.43333998	0.05109352	0.014609741	-0.30148908	0.2121225	0.22814186	1.0000007	-0.10651304	-0.46533936	-0.11502454	0.08649987	0.17968704	-0.13047667
0.2336137	0.13550335	-0.27987877	-0.21913452	0.18701637	-0.35441154	-0.2999396	0.08050605	0.21036251	0.2134572	0.15219274	-0.26153564	-0.049411397	-0.10651304	1.0000007	0.16711724	-0.17475961	-0.48449555	-0.41695765	0.2672677
0.2740108	-0.1284345	0.0036007448	-0.43417448	0.20363967	0.024852388	-0.37328646	0.30368003	-0.0632589	0.05643907	0.23625281	-0.14336757	-0.36783928	-0.46533936	0.16711724	1.0000006	0.02228969	-0.10407976	-0.3860605	0.17395793
-0.18825166	-0.17923656	0.15958954	0.046190925	0.08219409	0.22107488	0.115562305	0.0906359	-0.21289691	-0.6915858	0.0022195256	0.006606317	-0.10441474	-0.11502454	-0.17475961	0.02228969	1.0000005	0.13462971	0.18410483	-0.39892837
-0.23431064	-0.26706296	0.22983833	0.18068033	-0.30684206	0.26664668	0.13095954	-0.0020812473	-0.36673254	-0.1883678	-0.07496772	0.18177745	-0.15909427	0.08649987	-0.48449555	-0.10407976	0.13462971	1.0000004	0.21392319	-0.23692094
-0.40793857	-0.09185678	0.12738615	0.2582878	-0.12136784	0.16570185	0.29363972	-0.18787956	-0.106347784	-0.32935426	-0.17139314	0.13832268	0.1057154	0.17968704	-0.41695765	-0.3860605	0.18410483	0.21392319	1.0000004	-0.44761288
0.26971173	0.10447828	-0.11413598	-0.3435365	0.11713403	-0.30347887	-0.36254138	0.08317699	0.11113165	0.29383588	0.11727926	-0.16529636	-0.035045832	-0.13047667	0.2672677	0.17395793	-0.39892837	-0.23692094	-0.44761288	1.0000004
