1.0000001	0.15422986	-0.38117024	-0.46334168	-0.05592991	-0.29232904	-0.24479233	0.121459275	-0.3733822	0.29086244	0.2992911	0.12510607	0.2042675	-0.3359684	0.021095514	-0.22440492	0.28305152	-0.2816844	0.16564597	-0.012005667
0.15422986	0.99999994	-0.16941197	-0.04257929	-0.3922959	-0.12544498	0.056011792	0.28464174	0.016906986	0.058052436	0.11073637	0.2715495	0.03887578	-0.45501435	-0.20265211	-0.15131035	0.18987	-0.45193177	0.18620376	-0.37643653
-0.38117024	-0.16941197	1.0	0.26938665	-0.004502094	0.11094412	0.18062456	-0.032461677	0.29077536	-0.514862	-0.52979755	-0.09317248	-0.10620405	0.18179858	-0.08686157	0.096121855	-0.41229957	0.229974	-0.05750428	0.028622782
-0.46334168	-0.04257929	0.26938665	0.99999994	-0.1071835	0.16021155	0.22119074	0.0053541088	0.30145535	-0.4084254	-0.3703692	-0.04215403	-0.28845793	0.14402454	-0.18198042	0.13536425	-0.31471154	0.1802399	-0.06425769	-0.13376597
-0.05592991	-0.3922959	-0.004502094	-0.1071835	0.99999994	0.109199114	-0.3497951	-0.40516284	-0.1669024	0.055953722	0.03191946	-0.36906064	-0.03702869	0.1923998	0.270702	0.0087295035	-0.05392204	0.14732708	-0.16867678	0.29422912
-0.29232904	-0.12544498	0.11094412	0.16021155	0.109199114	0.9999998	0.03812272	-0.19060484	0.1357882	-0.15793778	-0.21116836	-0.25814185	-0.7217516	0.12932973	0.19260773	0.16308041	-0.08317865	0.12549198	-0.22315428	0.098936014
-0.24479233	0.056011792	0.18062456	0.22119074	-0.3497951	0.03812272	0.99999994	0.025428874	0.21053113	-0.16502583	-0.36028484	0.12136236	-0.06773707	0.050152034	-0.3006599	0.21713434	-0.17974581	0.10307003	-0.19929814	-0.356289
0.121459275	0.28464174	-0.032461677	0.0053541088	-0.40516284	-0.19060484	0.025428874	0.9999999	0.0664948	0.007028866	0.019398453	0.25414363	0.09162091	-0.42795402	-0.33847523	-0.31951433	0.11647092	-0.33318093	0.26665458	-0.21134156
-0.3733822	0.016906986	0.29077536	0.30145535	-0.1669024	0.1357882	0.21053113	0.0664948	0.9999998	-0.5033994	-0.41197473	-0.02821505	-0.21849163	0.076180905	-0.11457926	0.07675625	-0.38926446	0.13025594	-0.033021282	-0.065914236
0.29086244	0.058052436	-0.514862	-0.4084254	0.055953722	-0.15793778	-0.16502583	0.007028866	-0.5033994	0.9999998	0.29548293	0.065417066	0.13733688	-0.21718839	0.10839694	-0.121047914	0.29441822	-0.26236445	0.04119178	-0.003889744
0.2992911	0.11073637	-0.52979755	-0.3703692	0.03191946	-0.21116836	-0.36028484	0.019398453	-0.41197473	0.29548293	0.9999998	0.06343513	0.17126593	-0.14722925	0.068862855	-0.18183893	0.26816732	-0.2652835	0.13202499	0.017362129
0.12510607	0.2715495	-0.09317248	-0.04215403	-0.36906064	-0.25814185	0.12136236	0.25414363	-0.02821505	0.065417066	0.06343513	0.99999976	0.15812841	-0.2712058	-0.4339827	-0.10763748	0.1424243	-0.21348852	0.16497593	-0.54948324
0.2042675	0.03887578	-0.10620405	-0.28845793	-0.03702869	-0.7217516	-0.06773707	0.09162091	-0.21849163	0.13733688	0.17126593	0.15812841	0.9999998	-0.05834749	-0.24197789	-0.16787732	0.074215285	-0.069402255	0.15161656	-0.050050993
-0.3359684	-0.45501435	0.18179858	0.14402454	0.1923998	0.12932973	0.050152034	-0.42795402	0.076180905	-0.21718839	-0.14722925	-0.2712058	-0.05834749	0.9999996	0.07570201	0.19277343	-0.38606268	0.31806743	-0.2255651	0.16410749
0.021095514	-0.20265211	-0.08686157	-0.18198042	0.270702	0.19260773	-0.3006599	-0.33847523	-0.11457926	0.10839694	0.068862855	-0.4339827	-0.24197789	0.07570201	0.9999997	0.015658988	0.04900115	0.020147964	-0.17903979	0.25803405
-0.22440492	-0.15131035	0.096121855	0.13536425	0.0087295035	0.16308041	0.21713434	-0.31951433	0.07675625	-0.121047914	-0.18183893	-0.10763748	-0.16787732	0.19277343	0.015658988	0.9999999	-0.12076056	0.21316588	-0.70097685	-0.023416076
0.28305152	0.18987	-0.41229957	-0.31471154	-0.05392204	-0.08317865	-0.17974581	0.11647092	-0.38926446	0.29441822	0.26816732	0.1424243	0.074215285	-0.38606268	0.04900115	-0.12076056	0.99999994	-0.44694626	0.08973953	-0.120466456
-0.2816844	-0.45193177	0.229974	0.1802399	0.14732708	0.12549198	0.10307003	-0.33318093	0.13025594	-0.26236445	-0.2652835	-0.21348852	-0.069402255	0.31806743	0.020147964	0.21316588	-0.44694626	0.99999994	-0.2658924	0.122434385
0.16564597	0.18620376	-0.05750428	-0.06425769	-0.16867678	-0.22315428	-0.19929814	0.26665458	-0.033021282	0.04119178	0.13202499	0.16497593	0.15161656	-0.2255651	-0.17903979	-0.70097685	0.08973953	-0.2658924	0.9999999	-0.08066634
-0.012005667	-0.37643653	0.028622782	-0.13376597	0.29422912	0.098936014	-0.356289	-0.21134156	-0.065914236	-0.003889744	0.017362129	-0.54948324	-0.050050993	0.16410749	0.25803405	-0.023416076	-0.120466456	0.122434385	-0.08066634	0.9999999
