1.0	-0.034514792	0.2616321	-0.22072521	0.20165835	0.14460264	0.24423549	0.14925407	-0.45386082	-0.17041597	0.20736554	-0.18116961	-0.5666758	-0.14010243	-0.31098294	0.13804913	-0.22231847	-0.28163785	0.051357664	0.18424955
-0.034514792	0.9999998	-0.13415302	-0.077520266	0.10739128	0.06805061	-0.15563016	-0.22405863	0.13031752	0.03574418	0.035574432	0.01972903	0.079055294	-0.083108276	0.10924048	0.08939245	-0.18067311	-0.054836623	-0.77763444	0.047634788
0.2616321	-0.13415302	0.9999998	-0.07414742	0.15237029	0.030179923	0.25610265	0.11616201	-0.4319718	-0.2510831	0.058871	-0.08901485	-0.47122648	-0.3016354	-0.36952773	0.20416506	-0.29989257	-0.034535777	0.11746193	0.26024383
-0.22072521	-0.077520266	-0.07414742	1.0	-0.5022868	-0.51610965	-0.36072513	-0.2779966	0.18994963	0.28851128	-0.074749105	0.19426775	0.14984187	-0.017228404	0.23889649	-0.029354975	0.039976507	0.07552162	0.01604571	-0.04216738
0.20165835	0.10739128	0.15237029	-0.5022868	0.99999994	0.28221613	0.1961957	0.18951952	-0.2021812	-0.49354944	0.11136291	-0.36212853	-0.22626041	-0.06127897	-0.24390894	0.028367203	-0.05591267	-0.11290987	-0.09355835	0.084894165
0.14460264	0.06805061	0.030179923	-0.51610965	0.28221613	1.0	0.15535776	0.24237506	-0.16004838	-0.4328003	0.08708342	-0.40426052	-0.117566474	0.11046088	-0.22199349	-0.19548006	0.09187562	-0.09271995	-0.015403357	-0.055819474
0.24423549	-0.15563016	0.25610265	-0.36072513	0.1961957	0.15535776	0.9999999	0.18580392	-0.44642136	-0.33417875	0.08790975	-0.031328116	-0.2974627	-0.14169215	-0.54083484	0.09616279	-0.13606729	-0.092382595	0.13488385	0.18007168
0.14925407	-0.22405863	0.11616201	-0.2779966	0.18951952	0.24237506	0.18580392	0.9999998	-0.18996133	-0.3768091	0.028225377	-0.4462063	-0.2008549	0.10010274	-0.37031135	-0.13941774	0.1394013	-0.015893498	0.21106648	-0.12040073
-0.45386082	0.13031752	-0.4319718	0.18994963	-0.2021812	-0.16004838	-0.44642136	-0.18996133	0.9999998	0.22489882	-0.079001	0.09124433	0.3117769	0.17871137	0.29290825	-0.24720666	0.15432787	0.07638528	-0.18466918	-0.25519818
-0.17041597	0.03574418	-0.2510831	0.28851128	-0.49354944	-0.4328003	-0.33417875	-0.3768091	0.22489882	0.99999976	-0.06847605	0.24518307	0.20811374	0.020081172	0.26712522	0.012894168	-0.02162795	0.05760413	-0.13471492	-0.07649998
0.20736554	0.035574432	0.058871	-0.074749105	0.11136291	0.08708342	0.08790975	0.028225377	-0.079001	-0.06847605	0.9999998	-0.16332208	-0.1522315	-0.059946913	-0.15224479	0.07630466	-0.12098018	-0.89142174	-0.01603661	0.08571353
-0.18116961	0.01972903	-0.08901485	0.19426775	-0.36212853	-0.40426052	-0.031328116	-0.4462063	0.09124433	0.24518307	-0.16332208	0.99999976	0.12056065	-0.1796428	0.12927087	0.1723907	-0.23672125	0.11620409	-0.11381402	0.11875778
-0.5666758	0.079055294	-0.47122648	0.14984187	-0.22626041	-0.117566474	-0.2974627	-0.2008549	0.3117769	0.20811374	-0.1522315	0.12056065	0.99999964	0.187774	0.27403656	-0.19850016	0.17829096	0.12417789	-0.1058731	-0.29697603
-0.14010243	-0.083108276	-0.3016354	-0.017228404	-0.06127897	0.11046088	-0.14169215	0.10010274	0.17871137	0.020081172	-0.059946913	-0.1796428	0.187774	0.99999946	0.08161459	-0.5841543	0.30487624	0.042084105	0.09172559	-0.5486404
-0.31098294	0.10924048	-0.36952773	0.23889649	-0.24390894	-0.22199349	-0.54083484	-0.37031135	0.29290825	0.26712522	-0.15224479	0.12927087	0.27403656	0.08161459	0.9999996	-0.07140537	0.10238942	0.116525985	-0.14105815	-0.18973975
0.13804913	0.08939245	0.20416506	-0.029354975	0.028367203	-0.19548006	0.09616279	-0.13941774	-0.24720666	0.012894168	0.07630466	0.1723907	-0.19850016	-0.5841543	-0.07140537	0.9999994	-0.4505791	-0.07874776	-0.12466624	0.30178672
-0.22231847	-0.18067311	-0.29989257	0.039976507	-0.05591267	0.09187562	-0.13606729	0.1394013	0.15432787	-0.02162795	-0.12098018	-0.23672125	0.17829096	0.30487624	0.10238942	-0.4505791	0.99999946	0.09725002	0.13632992	-0.51994467
-0.28163785	-0.054836623	-0.034535777	0.07552162	-0.11290987	-0.09271995	-0.092382595	-0.015893498	0.07638528	0.05760413	-0.89142174	0.11620409	0.12417789	0.042084105	0.116525985	-0.07874776	0.09725002	0.99999946	0.02792787	-0.07859479
0.051357664	-0.77763444	0.11746193	0.01604571	-0.09355835	-0.015403357	0.13488385	0.21106648	-0.18466918	-0.13471492	-0.01603661	-0.11381402	-0.1058731	0.09172559	-0.14105815	-0.12466624	0.13632992	0.02792787	0.99999946	-0.07937006
0.18424955	0.047634788	0.26024383	-0.04216738	0.084894165	-0.055819474	0.18007168	-0.12040073	-0.25519818	-0.07649998	0.08571353	0.11875778	-0.29697603	-0.5486404	-0.18973975	0.30178672	-0.51994467	-0.07859479	-0.07937006	0.99999946
