1.0000001	0.031031288	0.16973715	-0.35833892	-0.5583882	-0.057330012	0.012099915	-0.07800115	-0.011102903	0.04560556	-0.060081583	0.12916136	0.040241014	-0.027722146	-0.50309074	-0.06041105	-0.044077717	0.071066245	0.007580169	0.25202122
0.031031288	1.0000004	-0.06661219	-0.16097268	0.019148441	0.28050938	-0.3665265	-0.26957458	-0.44057015	-0.4532156	-0.4806826	-0.33482906	0.289244	-0.14218576	0.070586175	0.19878307	0.2536734	0.15883487	0.29541034	0.117947586
0.16973715	-0.06661219	1.0000004	-0.30333138	-0.45638683	-0.15725817	0.1307789	0.021093015	0.114098184	0.14493586	0.12733738	0.13273391	-0.21121344	0.15134767	-0.24518903	-0.5262936	-0.11944688	-0.1001199	-0.0331856	0.22697459
-0.35833892	-0.16097268	-0.30333138	1.0000005	0.26972622	-0.0783572	0.029361242	0.20176904	0.07361034	0.06927879	0.1176294	-0.02268014	-0.1669678	-0.02217809	0.18124975	0.077867925	0.004196522	-0.07060997	-0.22771187	-0.6135411
-0.5583882	0.019148441	-0.45638683	0.26972622	1.0000006	0.04659298	-0.12310071	0.059456374	-0.0008818274	-0.09980509	-0.028085355	-0.14807834	0.020065779	-0.13011745	0.26421627	0.14678001	0.09397347	0.011685589	-0.027205326	-0.35959646
-0.057330012	0.28050938	-0.15725817	-0.0783572	0.04659298	1.0000005	-0.22497304	-0.31950054	-0.40319178	-0.37952682	-0.35010943	-0.5478105	0.3071899	-0.27226537	0.18913746	0.21311863	0.25207478	0.18785207	0.29959348	0.014253434
0.012099915	-0.3665265	0.1307789	0.029361242	-0.12310071	-0.22497304	1.0000004	0.251044	0.2640936	0.26747593	0.2116859	0.20272414	-0.20274086	0.28820753	-0.113987744	-0.2524964	-0.5305812	-0.4890328	-0.34031674	-0.013714709
-0.07800115	-0.26957458	0.021093015	0.20176904	0.059456374	-0.31950054	0.251044	1.0000004	0.26135117	0.25433543	0.2391748	0.21436267	-0.42310727	0.21890941	-0.078155644	-0.12816374	-0.3015366	-0.4110119	-0.462646	-0.24979816
-0.011102903	-0.44057015	0.114098184	0.07361034	-0.0008818274	-0.40319178	0.2640936	0.26135117	1.0000004	0.30813456	0.28346255	0.25137448	-0.43130675	0.20029189	-0.074714474	-0.37264132	-0.38052738	-0.22210392	-0.37357533	-0.045800693
0.04560556	-0.4532156	0.14493586	0.06927879	-0.09980509	-0.37952682	0.26747593	0.25433543	0.30813456	1.0000002	0.3049596	0.2839018	-0.3607722	0.20875871	-0.22544739	-0.34051248	-0.40521187	-0.16418116	-0.40037024	-0.05834311
-0.060081583	-0.4806826	0.12733738	0.1176294	-0.028085355	-0.35010943	0.2116859	0.2391748	0.28346255	0.3049596	1.0000002	0.24453779	-0.4244378	0.16503036	-0.22777453	-0.37999335	-0.23378307	-0.1171277	-0.2905911	-0.10115102
0.12916136	-0.33482906	0.13273391	-0.02268014	-0.14807834	-0.5478105	0.20272414	0.21436267	0.25137448	0.2839018	0.24453779	1.0000001	-0.36884537	0.19378766	-0.32439384	-0.14584814	-0.22751358	-0.14702371	-0.41001573	0.024454864
0.040241014	0.289244	-0.21121344	-0.1669678	0.020065779	0.3071899	-0.20274086	-0.42310727	-0.43130675	-0.3607722	-0.4244378	-0.36884537	1.0000001	-0.21695879	0.11081052	0.23842455	0.23601805	0.18908638	0.29472157	0.08054803
-0.027722146	-0.14218576	0.15134767	-0.02217809	-0.13011745	-0.27226537	0.28820753	0.21890941	0.20029189	0.20875871	0.16503036	0.19378766	-0.21695879	1.0000002	-0.20679478	-0.21780701	-0.45305294	-0.6103985	-0.20845483	0.08160288
-0.50309074	0.070586175	-0.24518903	0.18124975	0.26421627	0.18913746	-0.113987744	-0.078155644	-0.074714474	-0.22544739	-0.22777453	-0.32439384	0.11081052	-0.20679478	1.0000001	0.1742972	0.14384213	0.06179655	0.11459444	-0.31098247
-0.06041105	0.19878307	-0.5262936	0.077867925	0.14678001	0.21311863	-0.2524964	-0.12816374	-0.37264132	-0.34051248	-0.37999335	-0.14584814	0.23842455	-0.21780701	0.1742972	1.0	0.22105801	0.15099715	0.15182102	-0.14898059
-0.044077717	0.2536734	-0.11944688	0.004196522	0.09397347	0.25207478	-0.5305812	-0.3015366	-0.38052738	-0.40521187	-0.23378307	-0.22751358	0.23601805	-0.45305294	0.14384213	0.22105801	0.99999976	0.27887207	0.25404474	-0.04202174
0.071066245	0.15883487	-0.1001199	-0.07060997	0.011685589	0.18785207	-0.4890328	-0.4110119	-0.22210392	-0.16418116	-0.1171277	-0.14702371	0.18908638	-0.6103985	0.06179655	0.15099715	0.27887207	0.9999997	0.21579929	0.0056196917
0.007580169	0.29541034	-0.0331856	-0.22771187	-0.027205326	0.29959348	-0.34031674	-0.462646	-0.37357533	-0.40037024	-0.2905911	-0.41001573	0.29472157	-0.20845483	0.11459444	0.15182102	0.25404474	0.21579929	0.9999996	0.14050819
0.25202122	0.117947586	0.22697459	-0.6135411	-0.35959646	0.014253434	-0.013714709	-0.24979816	-0.045800693	-0.05834311	-0.10115102	0.024454864	0.08054803	0.08160288	-0.31098247	-0.14898059	-0.04202174	0.0056196917	0.14050819	0.9999996
