1.0000001	-0.42128158	-0.25999025	-0.07377855	0.15846537	0.048493356	-0.49712276	-0.0014315267	0.14308466	0.26085478	-0.1917824	0.25791502	-0.34278715	-0.14715216	0.20993736	0.122690186	-0.27598304	0.15877017	0.15996136	-0.30886036
-0.42128158	1.0	0.2550051	0.21702507	-0.27799922	-0.24362579	0.21737969	0.039025053	-0.35385352	-0.38188055	0.2415774	-0.2702359	0.2615007	0.16515605	-0.11696912	-0.21445385	0.07896852	-0.22782147	-0.25423443	0.28672028
-0.25999025	0.2550051	1.0	0.27279964	-0.53206086	-0.41765475	0.13340493	0.008280857	-0.2103236	-0.30360186	0.20509157	-0.2089423	0.22240734	0.19980778	0.05921031	-0.102091454	-0.10800004	-0.17269102	-0.2737549	0.23310603
-0.07377855	0.21702507	0.27279964	0.9999998	-0.4545643	-0.571757	-0.032682393	0.17575146	-0.3097158	-0.1390387	0.23686577	-0.080557875	0.1296844	0.055849172	0.052937746	0.023145694	-0.09830377	-0.22598924	-0.42849866	0.2508299
0.15846537	-0.27799922	-0.53206086	-0.4545643	0.99999946	0.29619297	-0.04967187	-0.11309848	0.2421871	0.18550475	-0.31707877	0.10988172	-0.24504408	-0.16414446	-0.035935868	0.013861039	0.03571862	0.21512973	0.2826869	-0.35002792
0.048493356	-0.24362579	-0.41765475	-0.571757	0.29619297	0.9999995	0.040757608	-0.27749428	0.23853911	0.09613933	-0.2772663	-0.0104131065	-0.08544403	-0.07966573	-0.110924125	-0.026083792	0.12639128	0.20620367	0.28605136	-0.23843712
-0.49712276	0.21737969	0.13340493	-0.032682393	-0.04967187	0.040757608	0.9999996	-0.18899989	-0.0003012526	-0.35619798	0.11863006	-0.41149572	0.27552074	0.20397076	-0.24007934	-0.32632565	0.14178199	-0.08498674	-0.06276481	0.11918527
-0.0014315267	0.039025053	0.008280857	0.17575146	-0.11309848	-0.27749428	-0.18899989	0.9999994	-0.354299	0.11838835	0.18175146	0.20305054	-0.1635824	-0.23166656	-0.068875775	0.24121027	0.04184897	-0.3999994	-0.3659506	0.15609401
0.14308466	-0.35385352	-0.2103236	-0.3097158	0.2421871	0.23853911	-0.0003012526	-0.354299	0.9999994	0.07226273	-0.3216417	-0.049508672	-0.06032467	0.06400179	0.087481685	-0.13817564	-0.09104915	0.27886063	0.29800612	-0.5352277
0.26085478	-0.38188055	-0.30360186	-0.1390387	0.18550475	0.09613933	-0.35619798	0.11838835	0.07226273	0.99999934	-0.27495882	0.28285378	-0.5480326	-0.3245642	0.07583629	0.21072613	-0.055212513	0.099522755	0.12362071	-0.1422197
-0.1917824	0.2415774	0.20509157	0.23686577	-0.31707877	-0.2772663	0.11863006	0.18175146	-0.3216417	-0.27495882	0.9999993	-0.0662027	0.17323974	0.008878044	-0.15834136	0.040240265	0.098829165	-0.60925615	-0.3560933	0.2675205
0.25791502	-0.2702359	-0.2089423	-0.080557875	0.10988172	-0.0104131065	-0.41149572	0.20305054	-0.049508672	0.28285378	-0.0662027	0.99999946	-0.4444374	-0.3472247	0.12921412	0.23646823	-0.19149677	-0.015971666	0.027018819	-0.14991288
-0.34278715	0.2615007	0.22240734	0.1296844	-0.24504408	-0.08544403	0.27552074	-0.1635824	-0.06032467	-0.5480326	0.17323974	-0.4444374	0.99999934	0.1936217	-0.20021552	-0.19383687	0.13254862	-0.103838466	-0.17352748	0.17255016
-0.14715216	0.16515605	0.19980778	0.055849172	-0.16414446	-0.07966573	0.20397076	-0.23166656	0.06400179	-0.3245642	0.008878044	-0.3472247	0.1936217	0.9999994	0.12972263	-0.59625816	-0.17858028	0.043633457	-0.041408747	0.046026114
0.20993736	-0.11696912	0.05921031	0.052937746	-0.035935868	-0.110924125	-0.24007934	-0.068875775	0.087481685	0.07583629	-0.15834136	0.12921412	-0.20021552	0.12972263	0.99999946	-0.15903501	-0.7088085	0.1527687	0.028159805	-0.12608077
0.122690186	-0.21445385	-0.102091454	0.023145694	0.013861039	-0.026083792	-0.32632565	0.24121027	-0.13817564	0.21072613	0.040240265	0.23646823	-0.19383687	-0.59625816	-0.15903501	0.9999994	0.110446386	-0.13084184	-0.08502811	-0.026655424
-0.27598304	0.07896852	-0.10800004	-0.09830377	0.03571862	0.12639128	0.14178199	0.04184897	-0.09104915	-0.055212513	0.098829165	-0.19149677	0.13254862	-0.17858028	-0.7088085	0.110446386	0.9999991	-0.1624858	0.009312471	0.09407693
0.15877017	-0.22782147	-0.17269102	-0.22598924	0.21512973	0.20620367	-0.08498674	-0.3999994	0.27886063	0.099522755	-0.60925615	-0.015971666	-0.103838466	0.043633457	0.1527687	-0.13084184	-0.1624858	0.9999992	0.277063	-0.2980677
0.15996136	-0.25423443	-0.2737549	-0.42849866	0.2826869	0.28605136	-0.06276481	-0.3659506	0.29800612	0.12362071	-0.3560933	0.027018819	-0.17352748	-0.041408747	0.028159805	-0.08502811	0.009312471	0.277063	0.9999991	-0.45061666
-0.30886036	0.28672028	0.23310603	0.2508299	-0.35002792	-0.23843712	0.11918527	0.15609401	-0.5352277	-0.1422197	0.2675205	-0.14991288	0.17255016	0.046026114	-0.12608077	-0.026655424	0.09407693	-0.2980677	-0.45061666	0.9999991
