1.0000001	-0.399703	-0.09806905	-0.30373403	0.25218287	-0.19615346	-0.44027528	-0.4005874	0.16635902	-0.004035468	0.21686359	0.07218135	0.047294788	0.09371738	-0.24539033	0.2722099	0.100378975	-0.01531079	0.26069883	-0.37862748
-0.399703	1.0	0.15903622	0.17420621	-0.28628245	0.18273784	0.21437019	0.18382673	-0.29103434	0.1131265	-0.34430364	-0.03676377	-0.011385852	-0.20421126	0.22875415	-0.23697835	-0.24911654	-0.09327827	-0.39486834	0.29186785
-0.09806905	0.15903622	0.99999994	-0.041617718	0.08826681	0.06936257	-0.025818761	-0.12317684	-0.108185895	0.27745175	-0.063082114	0.16460964	0.12874247	-0.6380614	-0.041330535	0.0138004655	-0.29316002	-0.43815947	-0.20139234	0.17078419
-0.30373403	0.17420621	-0.041617718	0.99999994	-0.41788444	-0.12732348	0.1566147	0.2939669	0.06676134	-0.009008973	0.014108494	-0.48571205	-0.30683196	0.014730032	0.17441507	-0.2859325	0.098642126	0.056145947	-0.11402139	0.042475782
0.25218287	-0.28628245	0.08826681	-0.41788444	0.9999998	-0.10617136	-0.36529407	-0.4616648	0.08816954	0.13598034	0.16053024	0.1459801	0.1159805	-0.04465967	-0.33115524	0.29519215	-0.0029402818	-0.30792573	0.1761932	-0.13449726
-0.19615346	0.18273784	0.06936257	-0.12732348	-0.10617136	0.9999999	0.17988785	-0.019809708	-0.41103685	-0.042771682	-0.4028589	0.19368592	0.21216683	-0.0634178	0.1940435	-0.18549734	-0.3831172	0.071426	-0.43603182	0.27087897
-0.44027528	0.21437019	-0.025818761	0.1566147	-0.36529407	0.17988785	0.99999994	0.24510062	-0.18946432	-0.2576522	-0.3816008	-0.05416183	-0.043202534	0.013531619	0.30019888	-0.4182584	-0.052637387	0.18106313	-0.27313894	0.21073747
-0.4005874	0.18382673	-0.12317684	0.2939669	-0.4616648	-0.019809708	0.24510062	0.99999994	-0.022590498	-0.09119654	-0.10687942	-0.28129813	-0.24345331	0.055620663	0.24329266	-0.4743054	0.08211927	0.13790081	-0.1148501	0.09798444
0.16635902	-0.29103434	-0.108185895	0.06676134	0.08816954	-0.41103685	-0.18946432	-0.022590498	1.0000001	-0.10942643	0.26472658	-0.363776	-0.38453954	0.15655589	-0.2112365	0.11864734	0.28413686	0.045917608	0.2739945	-0.37397835
-0.004035468	0.1131265	0.27745175	-0.009008973	0.13598034	-0.042771682	-0.2576522	-0.09119654	-0.10942643	1.0000001	0.08012702	0.10027816	0.11708783	-0.42837194	-0.18952397	0.12684654	-0.21267678	-0.57678324	-0.09049899	0.06104811
0.21686359	-0.34430364	-0.063082114	0.014108494	0.16053024	-0.4028589	-0.3816008	-0.10687942	0.26472658	0.08012702	1.0000002	-0.11999899	-0.18775041	0.091793515	-0.38460547	0.21897984	0.20541996	-0.16929142	0.2835979	-0.37577608
0.07218135	-0.03676377	0.16460964	-0.48571205	0.1459801	0.19368592	-0.05416183	-0.28129813	-0.363776	0.10027816	-0.11999899	1.0000001	0.29976213	-0.20689574	-0.12788473	0.11947684	-0.25022626	-0.14634545	-0.117145784	0.09423445
0.047294788	-0.011385852	0.12874247	-0.30683196	0.1159805	0.21216683	-0.043202534	-0.24345331	-0.38453954	0.11708783	-0.18775041	0.29976213	1.0000001	-0.23370677	-0.07886411	0.09678063	-0.44843787	-0.0935669	-0.1142364	0.12816036
0.09371738	-0.20421126	-0.6380614	0.014730032	-0.04465967	-0.0634178	0.013531619	0.055620663	0.15655589	-0.42837194	0.091793515	-0.20689574	-0.23370677	1.0000002	-0.0047097113	-0.016539773	0.24747166	0.24745591	0.17540112	-0.25570402
-0.24539033	0.22875415	-0.041330535	0.17441507	-0.33115524	0.1940435	0.30019888	0.24329266	-0.2112365	-0.18952397	-0.38460547	-0.12788473	-0.07886411	-0.0047097113	1.0000004	-0.5101126	-0.1150093	0.17171508	-0.28787473	0.21527755
0.2722099	-0.23697835	0.0138004655	-0.2859325	0.29519215	-0.18549734	-0.4182584	-0.4743054	0.11864734	0.12684654	0.21897984	0.11947684	0.09678063	-0.016539773	-0.5101126	1.0000004	-0.0008007597	-0.16189063	0.20207264	-0.17369089
0.100378975	-0.24911654	-0.29316002	0.098642126	-0.0029402818	-0.3831172	-0.052637387	0.08211927	0.28413686	-0.21267678	0.20541996	-0.25022626	-0.44843787	0.24747166	-0.1150093	-0.0008007597	1.0000001	0.13080618	0.25006166	-0.3909144
-0.01531079	-0.09327827	-0.43815947	0.056145947	-0.30792573	0.071426	0.18106313	0.13790081	0.045917608	-0.57678324	-0.16929142	-0.14634545	-0.0935669	0.24745591	0.17171508	-0.16189063	0.13080618	1.0000001	-0.008789633	-0.031089293
0.26069883	-0.39486834	-0.20139234	-0.11402139	0.1761932	-0.43603182	-0.27313894	-0.1148501	0.2739945	-0.09049899	0.2835979	-0.117145784	-0.1142364	0.17540112	-0.28787473	0.20207264	0.25006166	-0.008789633	1.0000002	-0.46917164
-0.37862748	0.29186785	0.17078419	0.042475782	-0.13449726	0.27087897	0.21073747	0.09798444	-0.37397835	0.06104811	-0.37577608	0.09423445	0.12816036	-0.25570402	0.21527755	-0.17369089	-0.3909144	-0.031089293	-0.46917164	1.0000002
