1.0000001	-0.082468666	0.2703728	-0.23379819	0.2083461	-0.5901186	0.0072950795	-0.4794754	0.08602707	0.23795263	-0.2740798	0.08957976	0.18704979	0.047533657	-0.11212124	0.18792339	-0.18365853	0.27642667	-0.18641321	-0.45637298
-0.082468666	1.0000001	-0.23627497	0.2756453	-0.3253873	0.10566203	0.13716975	0.09228904	-0.35394832	-0.1092992	0.17743516	-0.6340384	-0.036696244	-0.06105314	0.06795473	-0.3388892	0.20045933	-0.1522374	0.12375065	0.14992787
0.2703728	-0.23627497	1.0000001	-0.21198113	0.23519956	-0.5001317	-0.18690795	-0.34463957	0.2395554	0.20197485	-0.31357515	0.15206835	0.23607403	0.19373666	-0.33539885	0.15934919	-0.10938724	0.28570873	-0.29950744	-0.4362353
-0.23379819	0.2756453	-0.21198113	1.0000001	-0.5320864	0.19972816	0.1192966	0.21692862	-0.25588357	-0.3077648	0.27130282	-0.44786963	-0.12922393	-0.06603629	0.106031984	-0.31868428	0.24811158	-0.36091834	0.19338898	0.23381312
0.2083461	-0.3253873	0.23519956	-0.5320864	0.99999994	-0.23717797	-0.2174088	-0.26232603	0.21233508	0.2181311	-0.30523276	0.26124582	0.19792137	0.15243989	-0.19525798	0.27400026	-0.42279646	0.28524065	-0.22525944	-0.3219266
-0.5901186	0.10566203	-0.5001317	0.19972816	-0.23717797	0.9999999	0.08397155	0.30758122	-0.17079073	-0.24198638	0.23029257	-0.10521956	-0.29537162	-0.13886821	0.17622907	-0.17525767	0.15963063	-0.34824365	0.23137027	0.308701
0.0072950795	0.13716975	-0.18690795	0.1192966	-0.2174088	0.08397155	0.9999997	0.10234982	-0.41244575	0.008674702	0.07056289	-0.23968978	-0.32861826	-0.59588295	0.27146026	-0.027663436	0.09767472	-0.18675491	0.1958541	0.10106347
-0.4794754	0.09228904	-0.34463957	0.21692862	-0.26232603	0.30758122	0.10234982	0.9999996	-0.18264593	-0.42247772	0.26294369	-0.07597962	-0.32347214	-0.17195116	0.17083205	-0.2197057	0.19126248	-0.44119406	0.27673894	0.30294243
0.08602707	-0.35394832	0.2395554	-0.25588357	0.21233508	-0.17079073	-0.41244575	-0.18264593	0.9999995	0.09340998	-0.15084644	0.18118978	0.1894325	0.24954012	-0.52835166	0.07597332	-0.035722103	0.19313537	-0.2707161	-0.15924753
0.23795263	-0.1092992	0.20197485	-0.3077648	0.2181311	-0.24198638	0.008674702	-0.42247772	0.09340998	0.99999946	-0.5981109	0.11715473	0.15866469	-0.0057431865	-0.019000217	0.1825829	-0.20054772	0.27919012	-0.36833036	-0.22447471
-0.2740798	0.17743516	-0.31357515	0.27130282	-0.30523276	0.23029257	0.07056289	0.26294369	-0.15084644	-0.5981109	0.9999993	-0.24455619	-0.09979434	-0.032968726	0.03415481	-0.14967625	0.15926021	-0.45769915	0.19459394	0.22599466
0.08957976	-0.6340384	0.15206835	-0.44786963	0.26124582	-0.10521956	-0.23968978	-0.07597962	0.18118978	0.11715473	-0.24455619	0.9999991	0.063464165	0.05625489	-0.023129346	0.2162025	-0.28483492	0.1629157	-0.120935164	-0.123822264
0.18704979	-0.036696244	0.23607403	-0.12922393	0.19792137	-0.29537162	-0.32861826	-0.32347214	0.1894325	0.15866469	-0.09979434	0.063464165	0.99999887	0.26295564	-0.29095858	0.18099795	-0.29973412	0.22393492	-0.5786851	-0.3179399
0.047533657	-0.06105314	0.19373666	-0.06603629	0.15243989	-0.13886821	-0.59588295	-0.17195116	0.24954012	-0.0057431865	-0.032968726	0.05625489	0.26295564	0.99999875	-0.52869725	0.08691417	-0.15563974	0.15450302	-0.29419532	-0.152841
-0.11212124	0.06795473	-0.33539885	0.106031984	-0.19525798	0.17622907	0.27146026	0.17083205	-0.52835166	-0.019000217	0.03415481	-0.023129346	-0.29095858	-0.52869725	0.99999887	-0.06167315	0.054274183	-0.17350224	0.21497285	0.17218186
0.18792339	-0.3388892	0.15934919	-0.31868428	0.27400026	-0.17525767	-0.027663436	-0.2197057	0.07597332	0.1825829	-0.14967625	0.2162025	0.18099795	0.08691417	-0.06167315	0.99999905	-0.63212943	0.21571961	-0.2748959	-0.38108748
-0.18365853	0.20045933	-0.10938724	0.24811158	-0.42279646	0.15963063	0.09767472	0.19126248	-0.035722103	-0.20054772	0.15926021	-0.28483492	-0.29973412	-0.15563974	0.054274183	-0.63212943	0.99999934	-0.2483737	0.22319478	0.23895684
0.27642667	-0.1522374	0.28570873	-0.36091834	0.28524065	-0.34824365	-0.18675491	-0.44119406	0.19313537	0.27919012	-0.45769915	0.1629157	0.22393492	0.15450302	-0.17350224	0.21571961	-0.2483737	0.9999994	-0.29157186	-0.41627884
-0.18641321	0.12375065	-0.29950744	0.19338898	-0.22525944	0.23137027	0.1958541	0.27673894	-0.2707161	-0.36833036	0.19459394	-0.120935164	-0.5786851	-0.29419532	0.21497285	-0.2748959	0.22319478	-0.29157186	0.99999946	0.25664598
-0.45637298	0.14992787	-0.4362353	0.23381312	-0.3219266	0.308701	0.10106347	0.30294243	-0.15924753	-0.22447471	0.22599466	-0.123822264	-0.3179399	-0.152841	0.17218186	-0.38108748	0.23895684	-0.41627884	0.25664598	0.99999946
