1.0	-0.06077578	-0.3745793	-0.2966247	0.08353284	-0.13269058	-0.08666918	0.17131048	0.16002606	-0.4049287	0.23991352	-0.44983366	0.112635985	0.23074397	0.2833947	-0.241648	0.23262893	-0.37555695	0.18946992	-0.28034917
-0.06077578	1.0	0.19207859	0.21588843	0.25543857	-0.09148748	0.2286253	0.17911391	-0.5719081	-0.07770918	-0.019715944	-0.07640554	0.16920826	-0.35584727	-0.18441018	-0.2783797	-0.25816056	-0.083168104	-0.20046555	0.018080754
-0.3745793	0.19207859	0.9999998	0.30889088	0.045390934	0.1449063	0.17971994	-0.05617776	-0.3690726	0.19098623	-0.12465394	0.20238654	-0.04924925	-0.4348837	-0.458207	0.059986055	-0.42279804	0.11885061	-0.3610234	0.20744921
-0.2966247	0.21588843	0.30889088	0.9999998	0.10882656	0.17773221	0.24003989	0.022694364	-0.36537236	0.1341127	-0.089809895	0.16845664	-0.096681036	-0.45407346	-0.34246773	-0.060548767	-0.43672904	0.0547554	-0.47364646	0.18455677
0.08353284	0.25543857	0.045390934	0.10882656	0.9999997	-0.13748546	0.26388425	0.2719979	-0.21993425	-0.29907137	0.15096693	-0.26199377	0.20148112	-0.13659932	-0.03111042	-0.5206619	-0.14285995	-0.16630723	-0.23251072	-0.23298411
-0.13269058	-0.09148748	0.1449063	0.17773221	-0.13748546	0.9999995	0.07676942	-0.023260845	-0.057988614	0.1178926	-0.2806806	0.2275707	-0.6103444	-0.22114882	-0.29232362	0.14868385	-0.27998754	0.16518542	-0.19172253	0.26038048
-0.08666918	0.2286253	0.17971994	0.24003989	0.26388425	0.07676942	0.9999996	0.23021045	-0.2829102	-0.114129454	0.07563959	-0.044255048	0.027822463	-0.18220885	-0.2673626	-0.3157688	-0.34793517	-0.15678017	-0.5017158	-0.022975517
0.17131048	0.17911391	-0.05617776	0.022694364	0.2719979	-0.023260845	0.23021045	0.99999964	-0.104487225	-0.5047919	0.211604	-0.30659026	0.1114129	-0.05551134	0.012431499	-0.30140477	-0.08201338	-0.3966127	-0.116802536	-0.26312232
0.16002606	-0.5719081	-0.3690726	-0.36537236	-0.21993425	-0.057988614	-0.2829102	-0.104487225	0.9999997	-0.090915404	0.0798353	-0.04930331	-0.114437565	0.29885566	0.2403944	0.09272911	0.27305442	-0.011764239	0.25045785	-0.15725845
-0.4049287	-0.07770918	0.19098623	0.1341127	-0.29907137	0.1178926	-0.114129454	-0.5047919	-0.090915404	0.9999998	-0.28092986	0.2927514	-0.08419218	-0.20701987	-0.22125544	0.23976465	-0.1531006	0.2711132	-0.0619172	0.25334057
0.23991352	-0.019715944	-0.12465394	-0.089809895	0.15096693	-0.2806806	0.07563959	0.211604	0.0798353	-0.28092986	0.9999998	-0.37295017	0.21469979	0.14559121	0.18432078	-0.24943328	0.15046372	-0.59090286	0.023568625	-0.46752638
-0.44983366	-0.07640554	0.20238654	0.16845664	-0.26199377	0.2275707	-0.044255048	-0.30659026	-0.04930331	0.2927514	-0.37295017	0.9999998	-0.28293934	-0.21176183	-0.33767328	0.2548991	-0.17652291	0.2831844	-0.16102213	0.30200252
0.112635985	0.16920826	-0.04924925	-0.096681036	0.20148112	-0.6103444	0.027822463	0.1114129	-0.114437565	-0.08419218	0.21469979	-0.28293934	0.9999998	0.014660082	0.13929808	-0.30082774	0.092668734	-0.21718603	0.052087456	-0.38011697
0.23074397	-0.35584727	-0.4348837	-0.45407346	-0.13659932	-0.22114882	-0.18220885	-0.05551134	0.29885566	-0.20701987	0.14559121	-0.21176183	0.014660082	0.9999999	0.2915262	0.026027443	0.3065578	-0.09829472	0.26430598	-0.2209192
0.2833947	-0.18441018	-0.458207	-0.34246773	-0.03111042	-0.29232362	-0.2673626	0.012431499	0.2403944	-0.22125544	0.18432078	-0.33767328	0.13929808	0.2915262	0.99999976	-0.13303658	0.3054208	-0.17232342	0.27822906	-0.294845
-0.241648	-0.2783797	0.059986055	-0.060548767	-0.5206619	0.14868385	-0.3157688	-0.30140477	0.09272911	0.23976465	-0.24943328	0.2548991	-0.30082774	0.026027443	-0.13303658	0.99999964	0.033817466	0.23441473	0.08382335	0.22756407
0.23262893	-0.25816056	-0.42279804	-0.43672904	-0.14285995	-0.27998754	-0.34793517	-0.08201338	0.27305442	-0.1531006	0.15046372	-0.17652291	0.092668734	0.3065578	0.3054208	0.033817466	0.99999934	-0.1452555	0.3011836	-0.2504321
-0.37555695	-0.083168104	0.11885061	0.0547554	-0.16630723	0.16518542	-0.15678017	-0.3966127	-0.011764239	0.2711132	-0.59090286	0.2831844	-0.21718603	-0.09829472	-0.17232342	0.23441473	-0.1452555	0.99999946	0.0135971615	0.27305162
0.18946992	-0.20046555	-0.3610234	-0.47364646	-0.23251072	-0.19172253	-0.5017158	-0.116802536	0.25045785	-0.0619172	0.023568625	-0.16102213	0.052087456	0.26430598	0.27822906	0.08382335	0.3011836	0.0135971615	0.99999934	-0.15589604
-0.28034917	0.018080754	0.20744921	0.18455677	-0.23298411	0.26038048	-0.022975517	-0.26312232	-0.15725845	0.25334057	-0.46752638	0.30200252	-0.38011697	-0.2209192	-0.294845	0.22756407	-0.2504321	0.27305162	-0.15589604	0.99999934
