0.9999999	-0.17230219	-0.2571656	-0.20061007	-0.48839325	-0.17311592	0.18172699	0.21298504	-0.0902007	0.21888888	-0.39283314	0.21229403	-0.32262444	-0.012506702	-0.32343113	-0.1358838	0.060650002	0.246398	0.25125316	0.18487117
-0.17230219	1.0	0.31710446	-0.21880974	0.11731218	-0.08931942	-0.28359514	-0.48683187	0.2992907	-0.43047786	0.28376085	0.030714331	-0.07491026	0.20269157	0.1968644	0.11670305	-0.41792065	-0.13291448	-0.31074718	0.05338728
-0.2571656	0.31710446	0.99999994	-0.22447298	0.121554114	-0.097259104	-0.25426543	-0.43508875	0.29657555	-0.39386594	0.2852456	0.007162096	-0.08963963	0.21885547	0.20039877	0.13472173	-0.34938133	-0.20202951	-0.36643678	0.0879873
-0.20061007	-0.21880974	-0.22447298	1.0	0.18781199	0.29251394	0.049392343	0.09367331	-0.3276437	0.07408695	-0.052968897	-0.3720229	0.3002069	-0.3928597	0.09329826	0.095264286	0.23676808	-0.18206668	-0.017270654	-0.43429065
-0.48839325	0.11731218	0.121554114	0.18781199	0.9999998	0.23749256	-0.2508366	-0.22302721	0.017275877	-0.21291056	0.20804624	-0.34115773	0.25603607	-0.089487635	0.29971358	0.25024822	-0.003246327	-0.43049306	-0.33012733	-0.32581094
-0.17311592	-0.08931942	-0.097259104	0.29251394	0.23749256	0.9999998	-0.11105806	-0.027241105	-0.24190187	-0.006643047	0.04696369	-0.5436636	0.3000496	-0.37427554	0.17510377	0.18960775	0.13019831	-0.19060291	-0.13679512	-0.38005352
0.18172699	-0.28359514	-0.25426543	0.049392343	-0.2508366	-0.11105806	0.99999964	0.23661497	-0.3713508	0.22395234	-0.32935324	0.112906925	-0.09121418	-0.025475679	-0.4117471	-0.45112225	0.20186196	0.25272727	0.30702627	0.013809951
0.21298504	-0.48683187	-0.43508875	0.09367331	-0.22302721	-0.027241105	0.23661497	0.9999997	-0.33892694	0.25773662	-0.48244107	0.036473993	0.020483885	-0.10874748	-0.33179894	-0.0852313	0.23008546	0.13988857	0.2780224	0.013370973
-0.0902007	0.2992907	0.29657555	-0.3276437	0.017275877	-0.24190187	-0.3713508	-0.33892694	0.9999996	-0.3572111	0.22514471	0.08649226	-0.14274128	0.24302179	0.14676604	0.09863912	-0.33681867	-0.08960745	-0.25325343	0.1364502
0.21888888	-0.43047786	-0.39386594	0.07408695	-0.21291056	-0.006643047	0.22395234	0.25773662	-0.3572111	0.99999964	-0.22301959	0.09571675	-0.0783909	-0.34582424	-0.34490684	-0.21351768	0.19901854	0.21362957	0.25414678	0.06959163
-0.39283314	0.28376085	0.2852456	-0.052968897	0.20804624	0.04696369	-0.32935324	-0.48244107	0.22514471	-0.22301959	0.9999997	-0.06726393	0.020044288	0.08450357	0.25018376	0.16712306	-0.37603682	-0.19162478	-0.43173224	-0.023741927
0.21229403	0.030714331	0.007162096	-0.3720229	-0.34115773	-0.5436636	0.112906925	0.036473993	0.08649226	0.09571675	-0.06726393	0.99999964	-0.49464503	0.17351009	-0.24009462	-0.27632284	-0.08434104	0.24060808	0.13285694	0.29077664
-0.32262444	-0.07491026	-0.08963963	0.3002069	0.25603607	0.3000496	-0.09121418	0.020483885	-0.14274128	-0.0783909	0.020044288	-0.49464503	0.99999976	-0.33815485	0.17108037	0.16609341	0.1608214	-0.25923824	-0.08694949	-0.4163074
-0.012506702	0.20269157	0.21885547	-0.3928597	-0.089487635	-0.37427554	-0.025475679	-0.10874748	0.24302179	-0.34582424	0.08450357	0.17351009	-0.33815485	0.99999994	-0.01262663	-0.043370888	-0.361618	0.009359749	-0.035579056	0.2085843
-0.32343113	0.1968644	0.20039877	0.09329826	0.29971358	0.17510377	-0.4117471	-0.33179894	0.14676604	-0.34490684	0.25018376	-0.24009462	0.17108037	-0.01262663	1.0000001	0.27925926	-0.0888829	-0.4056139	-0.41926888	-0.23429726
-0.1358838	0.11670305	0.13472173	0.095264286	0.25024822	0.18960775	-0.45112225	-0.0852313	0.09863912	-0.21351768	0.16712306	-0.27632284	0.16609341	-0.043370888	0.27925926	1.0000002	-0.13711588	-0.5602882	-0.38062933	-0.21417777
0.060650002	-0.41792065	-0.34938133	0.23676808	-0.003246327	0.13019831	0.20186196	0.23008546	-0.33681867	0.19901854	-0.37603682	-0.08434104	0.1608214	-0.361618	-0.0888829	-0.13711588	1.0000002	0.06617184	0.18768127	-0.3178954
0.246398	-0.13291448	-0.20202951	-0.18206668	-0.43049306	-0.19060291	0.25272727	0.13988857	-0.08960745	0.21362957	-0.19162478	0.24060808	-0.25923824	0.009359749	-0.4056139	-0.5602882	0.06617184	1.0000001	0.2728766	0.20281947
0.25125316	-0.31074718	-0.36643678	-0.017270654	-0.33012733	-0.13679512	0.30702627	0.2780224	-0.25325343	0.25414678	-0.43173224	0.13285694	-0.08694949	-0.035579056	-0.41926888	-0.38062933	0.18768127	0.2728766	1.0000001	0.08492588
0.18487117	0.05338728	0.0879873	-0.43429065	-0.32581094	-0.38005352	0.013809951	0.013370973	0.1364502	0.06959163	-0.023741927	0.29077664	-0.4163074	0.2085843	-0.23429726	-0.21417777	-0.3178954	0.20281947	0.08492588	1.0000001
