1.0000002	0.20566094	0.058762267	0.13246459	-0.110785976	-0.11322059	0.1373259	-0.2312576	-0.063744284	0.15493368	-0.088941865	0.24476798	0.15499382	0.13158643	-0.62558836	-0.35764635	0.0064854994	-0.17516257	-0.11710664	-0.34352586
0.20566094	1.0000004	-0.09157041	0.26573664	-0.38888574	-0.30467305	0.06219911	-0.39330566	-0.00117272	0.16619003	-0.23836157	0.28387544	0.23023283	0.27102637	-0.18600821	-0.022896394	0.2121616	-0.21374275	-0.3601054	-0.4963604
0.058762267	-0.09157041	1.0000002	-0.13555312	0.11733352	0.08465153	0.2714967	0.08970203	-0.5057317	-0.09482274	-0.13981125	0.02849956	0.09373268	-0.110634364	-0.24911664	-0.51341736	-0.08454816	0.106423266	-0.045398347	0.12000285
0.13246459	0.26573664	-0.13555312	1.0000001	-0.40620476	-0.6050816	0.009399938	-0.4165116	0.02568062	0.06757029	-0.26540995	0.1895732	0.23122694	0.30433035	-0.08378541	-0.007525263	0.28592774	-0.057320207	-0.34571847	-0.18879966
-0.110785976	-0.38888574	0.11733352	-0.40620476	0.99999994	0.28332496	0.031554546	0.23725572	-0.055074044	-0.2428977	0.20170736	-0.2595163	-0.27090573	-0.28709602	0.06888993	-0.06603152	-0.5062707	0.1416898	0.28445026	0.22746293
-0.11322059	-0.30467305	0.08465153	-0.6050816	0.28332496	0.9999998	-0.0042848326	0.28837976	-0.051466923	-0.020870537	0.23184662	-0.17315201	-0.27265596	-0.4405731	0.061017152	0.012310543	-0.44306993	-0.0018128211	0.28945228	0.17987922
0.1373259	0.06219911	0.2714967	0.009399938	0.031554546	-0.0042848326	0.99999976	-0.080012575	-0.69798124	0.03232	-0.22087677	0.06619641	0.14712174	0.06123856	-0.26942506	-0.39212385	-0.077331044	0.010249844	-0.08350621	-0.003560548
-0.2312576	-0.39330566	0.08970203	-0.4165116	0.23725572	0.28837976	-0.080012575	0.9999997	0.0017901964	0.025890663	0.24418603	-0.2849404	-0.31983098	-0.5464451	0.112058796	0.033154383	-0.22499226	-0.0329397	0.25768882	0.24012996
-0.063744284	-0.00117272	-0.5057317	0.02568062	-0.055074044	-0.051466923	-0.69798124	0.0017901964	0.99999976	-0.025219198	0.124429606	-0.03000093	-0.09479139	0.0046019466	0.15531519	0.25563487	0.06048465	-0.03171582	0.037561674	-0.10860034
0.15493368	0.16619003	-0.09482274	0.06757029	-0.2428977	-0.020870537	0.03232	0.025890663	-0.025219198	0.9999996	0.006501848	0.16605029	-0.06547518	-0.007538721	-0.15613763	0.016704189	0.045292538	-0.7823447	-0.07601095	-0.21013522
-0.088941865	-0.23836157	-0.13981125	-0.26540995	0.20170736	0.23184662	-0.22087677	0.24418603	0.124429606	0.006501848	0.99999934	-0.41808042	-0.53145665	-0.3446959	0.13077714	0.1652084	-0.29581735	-0.028754016	0.2886586	0.17889091
0.24476798	0.28387544	0.02849956	0.1895732	-0.2595163	-0.17315201	0.06619641	-0.2849404	-0.03000093	0.16605029	-0.41808042	0.9999993	0.24161373	0.21796921	-0.34253275	-0.12598965	0.14340681	-0.22560966	-0.23608014	-0.48604947
0.15499382	0.23023283	0.09373268	0.23122694	-0.27090573	-0.27265596	0.14712174	-0.31983098	-0.09479139	-0.06547518	-0.53145665	0.24161373	0.9999993	0.2704003	-0.20136392	-0.22518	0.2231583	0.07401036	-0.44490787	-0.23992223
0.13158643	0.27102637	-0.110634364	0.30433035	-0.28709602	-0.4405731	0.06123856	-0.5464451	0.0046019466	-0.007538721	-0.3446959	0.21796921	0.2704003	0.99999934	-0.07090373	-0.08820136	0.24751729	0.018198296	-0.35572562	-0.27505404
-0.62558836	-0.18600821	-0.24911664	-0.08378541	0.06888993	0.061017152	-0.26942506	0.112058796	0.15531519	-0.15613763	0.13077714	-0.34253275	-0.20136392	-0.07090373	0.99999917	0.27429155	0.021267945	0.0845038	0.10666699	0.17007414
-0.35764635	-0.022896394	-0.51341736	-0.007525263	-0.06603152	0.012310543	-0.39212385	0.033154383	0.25563487	0.016704189	0.1652084	-0.12598965	-0.22518	-0.08820136	0.27429155	0.9999993	0.050217975	-0.08576497	0.092272595	-0.015017087
0.0064854994	0.2121616	-0.08454816	0.28592774	-0.5062707	-0.44306993	-0.077331044	-0.22499226	0.06048465	0.045292538	-0.29581735	0.14340681	0.2231583	0.24751729	0.021267945	0.050217975	0.99999905	-0.021797622	-0.51718825	-0.12490405
-0.17516257	-0.21374275	0.106423266	-0.057320207	0.1416898	-0.0018128211	0.010249844	-0.0329397	-0.03171582	-0.7823447	-0.028754016	-0.22560966	0.07401036	0.018198296	0.0845038	-0.08576497	-0.021797622	0.99999917	0.035699036	0.18619129
-0.11710664	-0.3601054	-0.045398347	-0.34571847	0.28445026	0.28945228	-0.08350621	0.25768882	0.037561674	-0.07601095	0.2886586	-0.23608014	-0.44490787	-0.35572562	0.10666699	0.092272595	-0.51718825	0.035699036	0.99999905	0.18929861
-0.34352586	-0.4963604	0.12000285	-0.18879966	0.22746293	0.17987922	-0.003560548	0.24012996	-0.10860034	-0.21013522	0.17889091	-0.48604947	-0.23992223	-0.27505404	0.17007414	-0.015017087	-0.12490405	0.18619129	0.18929861	0.99999905
