1.0000001	-0.48516753	0.29786882	-0.2176221	-0.12855957	0.25955874	0.26637664	-0.3745162	0.054581143	-0.3143189	-0.46635523	0.19161808	-0.061400443	-0.27783725	-0.16275963	0.22295746	0.14104536	-0.38793457	0.2835698	0.15889558
-0.48516753	1.0	-0.403919	0.18950595	0.19444148	-0.18242694	-0.24157551	0.30695298	-0.10086458	0.18845321	0.2525933	-0.14935891	0.109022394	0.20609576	0.24541003	-0.30392808	-0.23535083	0.23406596	-0.5222195	-0.30172998
0.29786882	-0.403919	1.0	-0.26607227	-0.17261763	0.24369274	0.19615446	-0.35842994	0.030790461	-0.31436938	-0.32893604	0.24400146	-0.02931148	-0.4616537	-0.32798585	0.23750123	0.18385938	-0.2548013	0.24997345	0.23425467
-0.2176221	0.18950595	-0.26607227	1.0	0.12943628	-0.35317945	-0.10203415	0.19228745	-0.030688744	0.21064775	0.18690649	-0.57330924	0.054508142	0.2810426	0.20926252	-0.25777456	-0.34344113	0.11329918	-0.13712844	-0.2856462
-0.12855957	0.19444148	-0.17261763	0.12943628	1.0000001	0.015619717	-0.0043308074	0.21040495	-0.41565248	-0.017078819	0.07022223	-0.026378974	0.25096655	0.12590471	0.28668758	-0.30431205	-0.48879698	-0.009704131	-0.23127407	-0.48497775
0.25955874	-0.18242694	0.24369274	-0.35317945	0.015619717	0.99999994	0.22954158	-0.2861376	-0.07907067	-0.5582897	-0.37999934	0.27504963	0.09566674	-0.22835322	-0.07111066	0.10090314	0.018633818	-0.3241263	0.1844314	0.03959659
0.26637664	-0.24157551	0.19615446	-0.10203415	-0.0043308074	0.22954158	0.9999999	-0.26157266	0.042073674	-0.2440699	-0.52762306	0.10655303	-0.025523586	-0.049355235	-0.1881353	0.17584133	0.0023647123	-0.64722043	0.23566507	0.036870886
-0.3745162	0.30695298	-0.35842994	0.19228745	0.21040495	-0.2861376	-0.26157266	0.9999998	-0.25062904	0.18334909	0.25850302	-0.119902074	0.17391227	0.16724508	0.2687314	-0.3868559	-0.19375275	0.24132068	-0.4820374	-0.288873
0.054581143	-0.10086458	0.030790461	-0.030688744	-0.41565248	-0.07907067	0.042073674	-0.25062904	0.9999997	0.07401253	-0.0829189	-0.07583674	-0.637013	0.07050323	-0.34232393	0.24343026	0.22070584	-0.015814777	0.18059921	0.11411688
-0.3143189	0.18845321	-0.31436938	0.21064775	-0.017078819	-0.5582897	-0.2440699	0.18334909	0.07401253	0.99999964	0.27107576	-0.43061766	-0.12975205	0.17175663	0.08871126	-0.15966424	0.009098318	0.24062836	-0.26598293	-0.0035888893
-0.46635523	0.2525933	-0.32893604	0.18690649	0.07022223	-0.37999934	-0.52762306	0.25850302	-0.0829189	0.27107576	0.99999964	-0.25842515	0.023336742	0.16343692	0.17781542	-0.19607677	-0.1042759	0.31016073	-0.28791526	-0.08152463
0.19161808	-0.14935891	0.24400146	-0.57330924	-0.026378974	0.27504963	0.10655303	-0.119902074	-0.07583674	-0.43061766	-0.25842515	0.9999996	0.06667719	-0.43656695	-0.16470125	0.11772109	0.10056379	-0.11831318	0.1171292	0.13409713
-0.061400443	0.109022394	-0.02931148	0.054508142	0.25096655	0.09566674	-0.025523586	0.17391227	-0.637013	-0.12975205	0.023336742	0.06667719	0.9999997	-0.075450696	0.23173465	-0.3916085	-0.3329117	0.0020743082	-0.22447364	-0.100453466
-0.27783725	0.20609576	-0.4616537	0.2810426	0.12590471	-0.22835322	-0.049355235	0.16724508	0.07050323	0.17175663	0.16343692	-0.43656695	-0.075450696	0.9999999	0.17611073	-0.16042785	-0.25706184	0.10372126	-0.09508917	-0.42402068
-0.16275963	0.24541003	-0.32798585	0.20926252	0.28668758	-0.07111066	-0.1881353	0.2687314	-0.34232393	0.08871126	0.17781542	-0.16470125	0.23173465	0.17611073	1.0000001	-0.47930056	-0.41977838	0.14232813	-0.29752937	-0.37316653
0.22295746	-0.30392808	0.23750123	-0.25777456	-0.30431205	0.10090314	0.17584133	-0.3868559	0.24343026	-0.15966424	-0.19607677	0.11772109	-0.3916085	-0.16042785	-0.47930056	0.99999994	0.26766604	-0.23316213	0.28044346	0.22664662
0.14104536	-0.23535083	0.18385938	-0.34344113	-0.48879698	0.018633818	0.0023647123	-0.19375275	0.22070584	0.009098318	-0.1042759	0.10056379	-0.3329117	-0.25706184	-0.41977838	0.26766604	0.99999976	-0.028058052	0.17279029	0.28670025
-0.38793457	0.23406596	-0.2548013	0.11329918	-0.009704131	-0.3241263	-0.64722043	0.24132068	-0.015814777	0.24062836	0.31016073	-0.11831318	0.0020743082	0.10372126	0.14232813	-0.23316213	-0.028058052	0.9999997	-0.32110906	-0.047354385
0.2835698	-0.5222195	0.24997345	-0.13712844	-0.23127407	0.1844314	0.23566507	-0.4820374	0.18059921	-0.26598293	-0.28791526	0.1171292	-0.22447364	-0.09508917	-0.29752937	0.28044346	0.17279029	-0.32110906	0.9999998	0.16015713
0.15889558	-0.30172998	0.23425467	-0.2856462	-0.48497775	0.03959659	0.036870886	-0.288873	0.11411688	-0.0035888893	-0.08152463	0.13409713	-0.100453466	-0.42402068	-0.37316653	0.22664662	0.28670025	-0.047354385	0.16015713	0.9999998
