0.99999994	-0.1641805	0.1817717	-0.1807681	-0.50026876	0.13553661	-0.60156184	-0.16712433	-0.037266314	0.15538643	0.00037656643	0.06905665	0.12012996	-0.103050396	-0.07634647	-0.20368138	0.29391465	0.12877275	-0.013408456	-0.037288945
-0.1641805	0.9999999	-0.00632037	-0.12803142	0.03396429	-0.41442952	0.15081657	0.28163975	0.2659116	-0.36498502	-0.25068265	0.26153567	-0.27829075	-0.38735458	0.29481882	0.2764509	-0.1033083	-0.40764275	-0.24988963	0.18997836
0.1817717	-0.00632037	0.99999976	-0.45697758	-0.21875398	0.123258874	-0.28985363	0.004906001	0.14475384	-0.023699073	0.23117125	0.058190633	0.027704213	-0.1551459	-0.03185065	0.026037127	0.16858502	-0.14694615	-0.23845124	-0.39837936
-0.1807681	-0.12803142	-0.45697758	0.9999997	0.17766987	-0.07225774	0.16682649	-0.10510454	-0.22747366	0.06099792	-0.33900347	-0.1423339	0.06324143	0.17451693	-0.03640183	-0.1591089	-0.29732785	0.13954166	0.21231979	0.14967524
-0.50026876	0.03396429	-0.21875398	0.17766987	1.0	-0.04591815	0.2808885	0.041618183	-0.049499575	-0.081266746	0.057639215	-0.15245995	-0.03681081	0.11024391	0.041636378	0.044566777	-0.66090107	-0.08834717	0.06306593	-0.01706621
0.13553661	-0.41442952	0.123258874	-0.07225774	-0.04591815	0.99999994	-0.18021756	-0.4631963	-0.16718724	0.25662965	0.22403145	-0.35375163	0.29061654	0.19357947	-0.43959212	-0.28121522	0.08912709	0.2095912	0.19370046	-0.2983054
-0.60156184	0.15081657	-0.28985363	0.16682649	0.2808885	-0.18021756	0.9999999	0.16254953	0.042278666	-0.20322894	-0.084382765	-0.071604475	-0.21564794	0.059424993	0.12946066	0.16512178	-0.41127974	-0.18566719	-0.0034703617	0.089547716
-0.16712433	0.28163975	0.004906001	-0.10510454	0.041618183	-0.4631963	0.16254953	0.9999999	0.25859147	-0.4474234	-0.13799424	0.22354046	-0.45461974	-0.16982587	0.3036262	0.29918936	-0.098744236	-0.3123058	-0.3896499	0.17032804
-0.037266314	0.2659116	0.14475384	-0.22747366	-0.049499575	-0.16718724	0.042278666	0.25859147	0.9999998	-0.47073126	-0.02703038	0.2554611	-0.28727823	-0.37221184	0.2633395	0.28921753	-0.0362951	-0.46302876	-0.44739377	0.06584321
0.15538643	-0.36498502	-0.023699073	0.06099792	-0.081266746	0.25662965	-0.20322894	-0.4474234	-0.47073126	0.99999976	0.09790353	-0.21071644	0.3021269	0.21733122	-0.3337023	-0.49444276	0.11795754	0.3001472	0.25749254	-0.13577668
0.00037656643	-0.25068265	0.23117125	-0.33900347	0.057639215	0.22403145	-0.084382765	-0.13799424	-0.02703038	0.09790353	0.9999996	-0.19805168	0.13992415	0.096283086	-0.19070551	-0.032440975	0.00837062	0.0057429904	0.0034200002	-0.6045704
0.06905665	0.26153567	0.058190633	-0.1423339	-0.15245995	-0.35375163	-0.071604475	0.22354046	0.2554611	-0.21071644	-0.19805168	0.99999964	-0.2955171	-0.5319751	0.26842195	0.22553271	0.103142776	-0.32741934	-0.35829556	0.17724375
0.12012996	-0.27829075	0.027704213	0.06324143	-0.03681081	0.29061654	-0.21564794	-0.45461974	-0.28727823	0.3021269	0.13992415	-0.2955171	0.9999995	0.22498614	-0.45016822	-0.4895103	0.0860148	0.26692995	0.2611951	-0.27502555
-0.103050396	-0.38735458	-0.1551459	0.17451693	0.11024391	0.19357947	0.059424993	-0.16982587	-0.37221184	0.21733122	0.096283086	-0.5319751	0.22498614	0.9999996	-0.3464184	-0.3048434	-0.0696972	0.25366265	0.28488708	-0.17439221
-0.07634647	0.29481882	-0.03185065	-0.03640183	0.041636378	-0.43959212	0.12946066	0.3036262	0.2633395	-0.3337023	-0.19070551	0.26842195	-0.45016822	-0.3464184	0.9999995	0.2791736	-0.14470309	-0.34367955	-0.39573216	0.20882373
-0.20368138	0.2764509	0.026037127	-0.1591089	0.044566777	-0.28121522	0.16512178	0.29918936	0.28921753	-0.49444276	-0.032440975	0.22553271	-0.4895103	-0.3048434	0.2791736	0.9999996	-0.06959646	-0.37997583	-0.30009595	0.10962186
0.29391465	-0.1033083	0.16858502	-0.29732785	-0.66090107	0.08912709	-0.41127974	-0.098744236	-0.0362951	0.11795754	0.00837062	0.103142776	0.0860148	-0.0696972	-0.14470309	-0.06959646	0.99999976	0.11227187	-0.03497853	-0.0525525
0.12877275	-0.40764275	-0.14694615	0.13954166	-0.08834717	0.2095912	-0.18566719	-0.3123058	-0.46302876	0.3001472	0.0057429904	-0.32741934	0.26692995	0.25366265	-0.34367955	-0.37997583	0.11227187	0.99999964	0.28067097	-0.04231836
-0.013408456	-0.24988963	-0.23845124	0.21231979	0.06306593	0.19370046	-0.0034703617	-0.3896499	-0.44739377	0.25749254	0.0034200002	-0.35829556	0.2611951	0.28488708	-0.39573216	-0.30009595	-0.03497853	0.28067097	0.99999964	-0.12538591
-0.037288945	0.18997836	-0.39837936	0.14967524	-0.01706621	-0.2983054	0.089547716	0.17032804	0.06584321	-0.13577668	-0.6045704	0.17724375	-0.27502555	-0.17439221	0.20882373	0.10962186	-0.0525525	-0.04231836	-0.12538591	0.99999964
