1.0	-0.23980704	0.3212882	-0.39310932	-0.16315396	-0.42961007	0.15690002	-0.2237343	-0.4066934	0.2794734	0.19818573	-0.20437914	0.27154467	0.29207975	0.30105013	-0.44935775	0.24445052	-0.30888006	-0.46337426	0.2171304
-0.23980704	0.99999976	-0.3332263	0.30106893	0.30667505	0.26086032	-0.44891587	0.2230357	0.18125065	-0.3797619	-0.4890413	0.31026775	-0.40465298	-0.32718775	-0.1893519	0.22660048	-0.31850064	0.2611621	0.2503522	-0.1908253
0.3212882	-0.3332263	0.99999964	-0.38338462	-0.27976567	-0.3991674	0.19833562	-0.2810266	-0.36826083	0.30184734	0.23470394	-0.18474372	0.28765845	0.30187967	0.29163396	-0.4331668	0.2622586	-0.32928276	-0.4307202	0.22314225
-0.39310932	0.30106893	-0.38338462	0.99999976	0.25213167	0.28838187	-0.32641345	0.2635333	0.26119983	-0.30690885	-0.36789522	0.28555238	-0.41125658	-0.28193814	-0.3650937	0.25315192	-0.38778538	0.30175012	0.30623108	-0.28921393
-0.16315396	0.30667505	-0.27976567	0.25213167	0.99999964	0.19809386	-0.5778203	0.10716017	0.10247104	-0.3912745	-0.48254716	0.30189422	-0.345503	-0.16774881	-0.13157037	0.19751039	-0.2520808	0.18303098	0.16920759	-0.026708024
-0.42961007	0.26086032	-0.3991674	0.28838187	0.19809386	0.99999946	-0.30773938	0.28037623	0.23823777	-0.33725697	-0.16273095	0.21038155	-0.23466274	-0.44894493	-0.22185424	0.22547616	-0.4176403	0.30832484	0.29362136	-0.34414482
0.15690002	-0.44891587	0.19833562	-0.32641345	-0.5778203	-0.30773938	0.9999995	-0.13501322	-0.07161506	0.24656534	0.3010948	-0.43756557	0.2549113	0.18517788	0.12315886	-0.11788158	0.25332817	-0.24356487	-0.1315362	0.07859624
-0.2237343	0.2230357	-0.2810266	0.2635333	0.10716017	0.28037623	-0.13501322	0.9999996	0.2592342	-0.18773583	-0.18550985	0.18047394	-0.270367	-0.48515022	-0.3050105	0.1485694	-0.41733342	0.3142209	0.28095978	-0.5666802
-0.4066934	0.18125065	-0.36826083	0.26119983	0.10247104	0.23823777	-0.07161506	0.2592342	0.9999996	-0.19796148	-0.15235707	0.1613573	-0.3339888	-0.37920332	-0.5897114	0.23961332	-0.15740007	0.25628948	0.30435985	-0.34681943
0.2794734	-0.3797619	0.30184734	-0.30690885	-0.3912745	-0.33725697	0.24656534	-0.18773583	-0.19796148	0.9999996	0.2814082	-0.3158243	0.29207066	0.2591555	0.24153805	-0.5326435	0.2522075	-0.30446327	-0.3261354	0.1257028
0.19818573	-0.4890413	0.23470394	-0.36789522	-0.48254716	-0.16273095	0.3010948	-0.18550985	-0.15235707	0.2814082	0.9999997	-0.5149188	0.30640852	0.21178828	0.19239295	-0.25500876	0.25155693	-0.23869203	-0.23938507	0.1105494
-0.20437914	0.31026775	-0.18474372	0.28555238	0.30189422	0.21038155	-0.43756557	0.18047394	0.1613573	-0.3158243	-0.5149188	0.99999964	-0.46640956	-0.24866563	-0.2539149	0.2067434	-0.38225234	0.2295361	0.21896265	-0.09649308
0.27154467	-0.40465298	0.28765845	-0.41125658	-0.345503	-0.23466274	0.2549113	-0.270367	-0.3339888	0.29207066	0.30640852	-0.46640956	0.9999997	0.27172235	0.27741206	-0.31504187	0.2701525	-0.2549445	-0.379826	0.18477528
0.29207975	-0.32718775	0.30187967	-0.28193814	-0.16774881	-0.44894493	0.18517788	-0.48515022	-0.37920332	0.2591555	0.21178828	-0.24866563	0.27172235	0.99999976	0.28548035	-0.28234148	0.29113176	-0.38132212	-0.38018402	0.28427315
0.30105013	-0.1893519	0.29163396	-0.3650937	-0.13157037	-0.22185424	0.12315886	-0.3050105	-0.5897114	0.24153805	0.19239295	-0.2539149	0.27741206	0.28548035	0.99999946	-0.37546554	0.22294575	-0.3477123	-0.39124212	0.23531753
-0.44935775	0.22660048	-0.4331668	0.25315192	0.19751039	0.22547616	-0.11788158	0.1485694	0.23961332	-0.5326435	-0.25500876	0.2067434	-0.31504187	-0.28234148	-0.37546554	0.9999992	-0.16644037	0.20575073	0.27611208	-0.05217781
0.24445052	-0.31850064	0.2622586	-0.38778538	-0.2520808	-0.4176403	0.25332817	-0.41733342	-0.15740007	0.2522075	0.25155693	-0.38225234	0.2701525	0.29113176	0.22294575	-0.16644037	0.9999989	-0.48225522	-0.32323346	0.2568929
-0.30888006	0.2611621	-0.32928276	0.30175012	0.18303098	0.30832484	-0.24356487	0.3142209	0.25628948	-0.30446327	-0.23869203	0.2295361	-0.2549445	-0.38132212	-0.3477123	0.20575073	-0.48225522	0.999999	0.30010107	-0.46904606
-0.46337426	0.2503522	-0.4307202	0.30623108	0.16920759	0.29362136	-0.1315362	0.28095978	0.30435985	-0.3261354	-0.23938507	0.21896265	-0.379826	-0.38018402	-0.39124212	0.27611208	-0.32323346	0.30010107	0.9999988	-0.3342682
0.2171304	-0.1908253	0.22314225	-0.28921393	-0.026708024	-0.34414482	0.07859624	-0.5666802	-0.34681943	0.1257028	0.1105494	-0.09649308	0.18477528	0.28427315	0.23531753	-0.05217781	0.2568929	-0.46904606	-0.3342682	0.9999988
