1.0	0.0053090956	-0.21298653	0.28891832	0.19062367	0.004415634	-0.4016499	-0.28870276	0.2903038	0.15541324	0.2352199	-0.50411916	-0.18818185	-0.42494613	-0.3851117	-0.048140932	0.060246363	-0.09517766	0.089084774	0.22948164
0.0053090956	1.0000005	0.045853082	-0.06882181	0.08228925	-0.15842722	0.1142807	0.0065931887	-0.093264386	0.21641819	-0.19691205	0.12910382	0.27551955	0.11968744	-0.023985328	0.19969107	-0.4978882	-0.34336746	-0.5839843	-0.22809416
-0.21298653	0.045853082	1.0000005	-0.40616152	-0.4520763	0.059259225	0.28049418	0.26831537	-0.22620663	-0.23645745	-0.45096633	0.19074835	0.13745165	0.27189627	0.23008245	-0.010883317	-0.048085127	0.14101484	-0.1412782	-0.44001427
0.28891832	-0.06882181	-0.40616152	1.0000002	0.22496493	-0.10533434	-0.47213987	-0.19511883	0.25773284	0.15581031	0.26843128	-0.34183276	-0.11642535	-0.5020604	-0.34066966	0.040425427	0.04639277	-0.119752154	0.11906053	0.26657996
0.19062367	0.08228925	-0.4520763	0.22496493	1.0000002	-0.20235829	-0.22764724	-0.4239647	0.2284605	0.26726845	0.21805078	-0.099088416	-0.011964836	-0.2179892	-0.36316895	0.1294265	-0.15414459	-0.4005346	0.0030777403	0.20877527
0.004415634	-0.15842722	0.059259225	-0.10533434	-0.20235829	1.0000002	-0.035690855	0.17878585	-0.10230483	-0.18796854	-0.053259384	-0.17866364	-0.31922224	0.023737803	0.17473172	-0.6946034	0.23447108	0.2065765	0.15465017	0.0012044386
-0.4016499	0.1142807	0.28049418	-0.47213987	-0.22764724	-0.035690855	1.0000001	0.21485741	-0.21404585	-0.07729034	-0.47368723	0.2674723	0.2038572	0.30052525	0.18323947	0.066143095	-0.22422482	0.046548367	-0.17318432	-0.37785745
-0.28870276	0.0065931887	0.26831537	-0.19511883	-0.4239647	0.17878585	0.21485741	0.99999994	-0.45902824	-0.23849533	-0.41729498	0.16550255	0.059921596	0.24220096	0.28441042	-0.17886211	0.010551678	0.16752456	-0.05259617	-0.34460035
0.2903038	-0.093264386	-0.22620663	0.25773284	0.2284605	-0.10230483	-0.21404585	-0.45902824	1.0	0.15913211	0.25705555	-0.38692996	-0.19241159	-0.37658152	-0.48943898	0.036556996	0.04586507	-0.11014736	0.13361135	0.24164113
0.15541324	0.21641819	-0.23645745	0.15581031	0.26726845	-0.18796854	-0.07729034	-0.23849533	0.15913211	1.0000001	0.06100112	-0.07389055	0.15460166	-0.09306749	-0.37308246	0.18758114	-0.28347	-0.5909381	-0.23807952	0.0355139
0.2352199	-0.19691205	-0.45096633	0.26843128	0.21805078	-0.053259384	-0.47368723	-0.41729498	0.25705555	0.06100112	1.0000001	-0.22901987	-0.250592	-0.3224398	-0.24173877	-0.03700745	0.15450943	-0.025180237	0.18948941	0.31434038
-0.50411916	0.12910382	0.19074835	-0.34183276	-0.099088416	-0.17866364	0.2674723	0.16550255	-0.38692996	-0.07389055	-0.22901987	0.99999994	0.2559589	0.27833077	0.16767041	0.14275253	-0.20017867	-0.025682067	-0.2990878	-0.25904652
-0.18818185	0.27551955	0.13745165	-0.11642535	-0.011964836	-0.31922224	0.2038572	0.059921596	-0.19241159	0.15460166	-0.250592	0.2559589	0.99999994	0.1774137	-0.019322665	0.25227702	-0.40217903	-0.2778981	-0.46477923	-0.27402383
-0.42494613	0.11968744	0.27189627	-0.5020604	-0.2179892	0.023737803	0.30052525	0.24220096	-0.37658152	-0.09306749	-0.3224398	0.27833077	0.1774137	0.99999994	0.23300746	0.034317065	-0.11224428	0.045682315	-0.21353577	-0.46393406
-0.3851117	-0.023985328	0.23008245	-0.34066966	-0.36316895	0.17473172	0.18323947	0.28441042	-0.48943898	-0.37308246	-0.24173877	0.16767041	-0.019322665	0.23300746	0.9999999	-0.139329	0.064023964	0.20853618	-0.013266202	-0.15658824
-0.048140932	0.19969107	-0.010883317	0.040425427	0.1294265	-0.6946034	0.066143095	-0.17886211	0.036556996	0.18758114	-0.03700745	0.14275253	0.25227702	0.034317065	-0.139329	0.9999997	-0.4133321	-0.23535565	-0.22407444	-0.10758196
0.060246363	-0.4978882	-0.048085127	0.04639277	-0.15414459	0.23447108	-0.22422482	0.010551678	0.04586507	-0.28347	0.15450943	-0.20017867	-0.40217903	-0.11224428	0.064023964	-0.4133321	0.99999964	0.25226238	0.2929143	0.17451005
-0.09517766	-0.34336746	0.14101484	-0.119752154	-0.4005346	0.2065765	0.046548367	0.16752456	-0.11014736	-0.5909381	-0.025180237	-0.025682067	-0.2778981	0.045682315	0.20853618	-0.23535565	0.25226238	0.99999946	0.19908617	-0.043197434
0.089084774	-0.5839843	-0.1412782	0.11906053	0.0030777403	0.15465017	-0.17318432	-0.05259617	0.13361135	-0.23807952	0.18948941	-0.2990878	-0.46477923	-0.21353577	-0.013266202	-0.22407444	0.2929143	0.19908617	0.99999946	0.2228921
0.22948164	-0.22809416	-0.44001427	0.26657996	0.20877527	0.0012044386	-0.37785745	-0.34460035	0.24164113	0.0355139	0.31434038	-0.25904652	-0.27402383	-0.46393406	-0.15658824	-0.10758196	0.17451005	-0.043197434	0.2228921	0.99999946
