1.0000001	0.2541394	0.25497347	0.23836191	-0.49399826	0.25755224	-0.42865455	-0.17841326	0.17261967	-0.21481718	-0.26519182	-0.019966189	0.030510787	0.25895426	0.18791178	-0.21118887	-0.30486396	0.25491536	-0.43301567	-0.35982862
0.2541394	0.9999995	0.17948568	0.16315633	-0.47691953	0.09225593	-0.14202535	-0.04616087	0.078254856	-0.12162799	-0.19774126	-0.020123696	0.043009263	0.093147896	0.059728663	-0.113363266	-0.058531154	0.21129587	-0.25022393	-0.74775636
0.25497347	0.17948568	0.9999994	0.2990813	-0.32120645	0.27110165	-0.33529288	-0.30618253	0.24228866	-0.48115805	-0.50228244	-0.13497958	0.089944765	0.27290058	0.2533485	-0.28906658	-0.23109025	0.28098813	-0.28153738	-0.2613162
0.23836191	0.16315633	0.2990813	0.99999946	-0.32621297	0.2753091	-0.19980174	-0.4082862	0.27011323	-0.42869204	-0.42430735	-0.14430818	0.11398699	0.26775903	0.24610218	-0.24381015	-0.45702222	0.25751284	-0.2647355	-0.23420605
-0.49399826	-0.47691953	-0.32120645	-0.32621297	0.999999	-0.23736991	0.19394433	0.16397263	-0.19918948	0.23725241	0.25521347	0.03953214	-0.049971566	-0.23154943	-0.11416398	0.19699045	0.18443236	-0.40830478	0.28984526	0.29770508
0.25755224	0.09225593	0.27110165	0.2753091	-0.23736991	0.9999989	-0.39563859	-0.338354	0.2724574	-0.29714388	-0.37578267	-0.05487981	0.049420778	0.31416145	0.27992854	-0.4294881	-0.4424503	0.24692906	-0.39755872	-0.09044978
-0.42865455	-0.14202535	-0.33529288	-0.19980174	0.19394433	-0.39563859	0.99999905	0.26288456	-0.16718258	0.2343368	0.25092658	-0.06851241	0.06603099	-0.44831717	-0.47844473	0.21637699	0.22067545	-0.16200875	0.23681211	0.14389235
-0.17841326	-0.04616087	-0.30618253	-0.4082862	0.16397263	-0.338354	0.26288456	0.999999	-0.33457568	0.2929126	0.27527115	0.061172225	-0.06188366	-0.38821176	-0.58882767	0.28363153	0.27195635	-0.26249275	0.22096583	0.08062298
0.17261967	0.078254856	0.24228866	0.27011323	-0.19918948	0.2724574	-0.16718258	-0.33457568	0.9999992	-0.36023867	-0.21766709	-0.26268226	0.19467218	0.2573784	0.22704709	-0.58369297	-0.46601138	0.19809784	-0.21547528	-0.10621342
-0.21481718	-0.12162799	-0.48115805	-0.42869204	0.23725241	-0.29714388	0.2343368	0.2929126	-0.36023867	0.9999993	0.30382013	0.06884067	-0.06519928	-0.41328493	-0.2961583	0.28324148	0.26006383	-0.42170683	0.26923385	0.15032627
-0.26519182	-0.19774126	-0.50228244	-0.42430735	0.25521347	-0.37578267	0.25092658	0.27527115	-0.21766709	0.30382013	0.9999994	-0.016067414	0.018502373	-0.24356912	-0.35860127	0.24804361	0.22473772	-0.42866153	0.25923595	0.19412173
-0.019966189	-0.020123696	-0.13497958	-0.14430818	0.03953214	-0.05487981	-0.06851241	0.061172225	-0.26268226	0.06884067	-0.016067414	0.99999946	-0.8524409	-0.06746273	0.0020025014	0.14140452	0.16922314	0.018586006	0.08238273	0.05827986
0.030510787	0.043009263	0.089944765	0.11398699	-0.049971566	0.049420778	0.06603099	-0.06188366	0.19467218	-0.06519928	0.018502373	-0.8524409	0.99999934	0.052412022	-0.010733834	-0.17354691	-0.21697533	-0.01902184	-0.10747305	-0.1012431
0.25895426	0.093147896	0.27290058	0.26775903	-0.23154943	0.31416145	-0.44831717	-0.38821176	0.2573784	-0.41328493	-0.24356912	-0.06746273	0.052412022	0.9999994	0.27850473	-0.33121407	-0.367849	0.24761048	-0.45005828	-0.10131181
0.18791178	0.059728663	0.2533485	0.24610218	-0.11416398	0.27992854	-0.47844473	-0.58882767	0.22704709	-0.2961583	-0.35860127	0.0020025014	-0.010733834	0.27850473	0.99999917	-0.34946594	-0.26020205	0.19903144	-0.17936999	-0.09763692
-0.21118887	-0.113363266	-0.28906658	-0.24381015	0.19699045	-0.4294881	0.21637699	0.28363153	-0.58369297	0.28324148	0.24804361	0.14140452	-0.17354691	-0.33121407	-0.34946594	0.99999934	0.28918225	-0.31856272	0.25354525	0.13098426
-0.30486396	-0.058531154	-0.23109025	-0.45702222	0.18443236	-0.4424503	0.22067545	0.27195635	-0.46601138	0.26006383	0.22473772	0.16922314	-0.21697533	-0.367849	-0.26020205	0.28918225	0.99999946	-0.15210603	0.24122375	0.0956074
0.25491536	0.21129587	0.28098813	0.25751284	-0.40830478	0.24692906	-0.16200875	-0.26249275	0.19809784	-0.42170683	-0.42866153	0.018586006	-0.01902184	0.24761048	0.19903144	-0.31856272	-0.15210603	0.99999934	-0.48216024	-0.2599409
-0.43301567	-0.25022393	-0.28153738	-0.2647355	0.28984526	-0.39755872	0.23681211	0.22096583	-0.21547528	0.26923385	0.25923595	0.08238273	-0.10747305	-0.45005828	-0.17936999	0.25354525	0.24122375	-0.48216024	0.9999994	0.20836388
-0.35982862	-0.74775636	-0.2613162	-0.23420605	0.29770508	-0.09044978	0.14389235	0.08062298	-0.10621342	0.15032627	0.19412173	0.05827986	-0.1012431	-0.10131181	-0.09763692	0.13098426	0.0956074	-0.2599409	0.20836388	0.9999994
