1.0	-0.2325129	-0.37708488	0.012897347	-0.036089465	-0.24088028	-0.40713617	-0.56462616	-0.14876306	-0.17127807	0.22973667	0.0029661178	0.11851518	0.17142138	-0.32518616	0.24342991	0.15619817	0.17740095	0.081734695	0.30925626
-0.2325129	1.0000001	0.31354976	0.23506023	-0.15840714	0.3054606	0.21995607	0.17224623	-0.17306454	0.27537698	-0.3387109	0.20891723	-0.43771908	-0.30229315	0.2646761	-0.43556935	-0.41354984	0.037465278	-0.38625997	-0.1546206
-0.37708488	0.31354976	1.0000001	0.18859726	-0.07638265	0.30967066	0.2591329	0.23522122	-0.078601584	0.21991618	-0.4208486	0.13060917	-0.2903653	-0.26308247	0.2872951	-0.50569224	-0.3474302	-0.04150662	-0.32585177	-0.21714501
0.012897347	0.23506023	0.18859726	0.99999964	-0.35198858	0.22130832	0.11848536	0.005825009	-0.18066253	0.21636833	-0.271408	0.22242738	-0.1554575	-0.40789047	0.15794618	-0.29272997	-0.35037172	0.11442618	-0.5152574	0.03242565
-0.036089465	-0.15840714	-0.07638265	-0.35198858	0.99999934	-0.11915542	-0.14512943	-0.008891426	0.27265152	-0.3681722	0.10477616	-0.4888576	0.23070754	0.19085579	-0.07106824	0.03851323	0.19070326	-0.4623774	0.22591038	0.032402486
-0.24088028	0.3054606	0.30967066	0.22130832	-0.11915542	0.9999992	0.22724223	0.20272487	-0.14781132	0.2254102	-0.5906822	0.15037218	-0.29102987	-0.25938293	0.28132743	-0.35652035	-0.43462002	0.02939591	-0.29953307	-0.21329607
-0.40713617	0.21995607	0.2591329	0.11848536	-0.14512943	0.22724223	0.99999946	0.28128856	0.044710122	0.18942122	-0.28964525	0.09244508	-0.117932394	-0.40638682	0.29523015	-0.3506002	-0.20118222	-0.08081819	-0.2180641	-0.5110158
-0.56462616	0.17224623	0.23522122	0.005825009	-0.008891426	0.20272487	0.28128856	0.99999946	0.13380519	0.13732272	-0.3051464	-0.007114056	-0.12922966	-0.14390543	0.24203134	-0.23806217	-0.15770027	-0.23675838	-0.07308664	-0.5459434
-0.14876306	-0.17306454	-0.078601584	-0.18066253	0.27265152	-0.14781132	0.044710122	0.13380519	0.9999995	-0.20404348	0.066930644	-0.4091224	0.20795618	0.09654113	-0.056105357	0.011128893	0.17560188	-0.6407574	0.18220475	-0.15259784
-0.17127807	0.27537698	0.21991618	0.21636833	-0.3681722	0.2254102	0.18942122	0.13732272	-0.20404348	0.99999964	-0.15855873	0.262723	-0.54795086	-0.41575757	0.19830433	-0.21776813	-0.37303284	0.10163183	-0.23305768	-0.13685402
0.22973667	-0.3387109	-0.4208486	-0.271408	0.10477616	-0.5906822	-0.28964525	-0.3051464	0.066930644	-0.15855873	0.9999995	-0.09066994	0.18391365	0.24174812	-0.3672034	0.2965084	0.2870762	-0.017179444	0.23261586	0.2067471
0.0029661178	0.20891723	0.13060917	0.22242738	-0.4888576	0.15037218	0.09244508	-0.007114056	-0.4091224	0.262723	-0.09066994	0.9999995	-0.4443728	-0.2205101	0.11200451	-0.066366404	-0.21373428	0.22735475	-0.4396325	-0.029438503
0.11851518	-0.43771908	-0.2903653	-0.1554575	0.23070754	-0.29102987	-0.117932394	-0.12922966	0.20795618	-0.54795086	0.18391365	-0.4443728	0.9999994	0.2164613	-0.14812033	0.18072101	0.263231	-0.15822932	0.24681665	0.07208502
0.17142138	-0.30229315	-0.26308247	-0.40789047	0.19085579	-0.25938293	-0.40638682	-0.14390543	0.09654113	-0.41575757	0.24174812	-0.2205101	0.2164613	0.9999994	-0.45079005	0.26701042	0.28990203	-0.033839196	0.27206928	0.15782905
-0.32518616	0.2646761	0.2872951	0.15794618	-0.07106824	0.28132743	0.29523015	0.24203134	-0.056105357	0.19830433	-0.3672034	0.11200451	-0.14812033	-0.45079005	0.99999946	-0.36816093	-0.42854542	-0.025677238	-0.22144613	-0.37651074
0.24342991	-0.43556935	-0.50569224	-0.29272997	0.03851323	-0.35652035	-0.3506002	-0.23806217	0.011128893	-0.21776813	0.2965084	-0.066366404	0.18072101	0.26701042	-0.36816093	0.9999992	0.27318087	0.08713865	0.23711556	0.1967234
0.15619817	-0.41354984	-0.3474302	-0.35037172	0.19070326	-0.43462002	-0.20118222	-0.15770027	0.17560188	-0.37303284	0.2870762	-0.21373428	0.263231	0.28990203	-0.42854542	0.27318087	0.999999	-0.12883617	0.27953127	0.13357934
0.17740095	0.037465278	-0.04150662	0.11442618	-0.4623774	0.02939591	-0.08081819	-0.23675838	-0.6407574	0.10163183	-0.017179444	0.22735475	-0.15822932	-0.033839196	-0.025677238	0.08713865	-0.12883617	0.9999991	-0.09550806	0.14667474
0.081734695	-0.38625997	-0.32585177	-0.5152574	0.22591038	-0.29953307	-0.2180641	-0.07308664	0.18220475	-0.23305768	0.23261586	-0.4396325	0.24681665	0.27206928	-0.22144613	0.23711556	0.27953127	-0.09550806	0.99999917	0.049699735
0.30925626	-0.1546206	-0.21714501	0.03242565	0.032402486	-0.21329607	-0.5110158	-0.5459434	-0.15259784	-0.13685402	0.2067471	-0.029438503	0.07208502	0.15782905	-0.37651074	0.1967234	0.13357934	0.14667474	0.049699735	0.99999917
