1.0	-0.4800589	-0.30748796	-0.2704598	0.23697895	-0.32589018	-0.20560811	-0.14039204	0.21564288	-0.13968082	-0.027598597	0.26169485	0.15684718	-0.48166582	0.18704157	-0.24660152	0.028320648	0.16386808	0.23292403	0.14212538
-0.4800589	1.0	0.14604601	0.27533832	-0.20317015	0.19628386	0.03222284	0.24224895	-0.3893142	0.21992828	0.05239082	-0.24937402	-0.0835509	0.24271326	-0.371687	0.15154083	-0.012682062	-0.29893708	-0.45874658	-0.011191487
-0.30748796	0.14604601	0.9999998	0.023186438	-0.47847018	0.13710035	-0.06472573	0.0729479	-0.16216089	0.17690164	0.24832176	-0.16951065	-0.33514246	0.17751502	-0.012441119	0.29269907	-0.44939187	-0.044247292	-0.3090472	0.057907786
-0.2704598	0.27533832	0.023186438	0.9999998	-0.07637048	0.18831484	0.078585714	0.2369537	-0.3150689	0.19750045	0.010567192	-0.20832142	-0.052747477	0.19270769	-0.7232464	0.024081267	0.06434585	-0.26866725	-0.2568464	-0.11985246
0.23697895	-0.20317015	-0.47847018	-0.07637048	0.99999994	-0.30859587	-0.060661905	-0.13898608	0.22253376	-0.29958794	-0.3641279	0.27869996	0.2901238	-0.4093808	0.06191686	-0.36964774	0.19823408	0.15693013	0.23680094	0.026780453
-0.32589018	0.19628386	0.13710035	0.18831484	-0.30859587	0.9999998	0.19405651	0.23589297	-0.36865342	0.2297722	0.11328462	-0.48660603	-0.36304313	0.28839567	-0.19910528	0.19839312	-0.00898728	-0.3314694	-0.1406834	-0.24845935
-0.20560811	0.03222284	-0.06472573	0.078585714	-0.060661905	0.19405651	0.9999998	0.035767294	-0.052884348	-0.0372946	-0.22447196	-0.14599581	-0.077211164	0.16404718	-0.03801627	0.02511277	0.18349434	-0.024176447	-0.006882749	-0.77535677
-0.14039204	0.24224895	0.0729479	0.2369537	-0.13898608	0.23589297	0.035767294	0.99999976	-0.4619372	0.29170424	0.10721551	-0.24557942	-0.3023715	0.17508861	-0.31404617	0.15727593	0.022786772	-0.58893704	-0.35648042	-0.029151037
0.21564288	-0.3893142	-0.16216089	-0.3150689	0.22253376	-0.36865342	-0.052884348	-0.4619372	0.9999998	-0.31629112	-0.2927547	0.26681527	0.24504353	-0.21933733	0.22718437	-0.22024728	0.06273315	0.29288402	0.25929853	0.006513665
-0.13968082	0.21992828	0.17690164	0.19750045	-0.29958794	0.2297722	-0.0372946	0.29170424	-0.31629112	0.9999999	0.2051525	-0.32927454	-0.42582464	0.21176265	-0.2679663	0.24212211	-0.1173702	-0.4418171	-0.43619284	0.036456894
-0.027598597	0.05239082	0.24832176	0.010567192	-0.3641279	0.11328462	-0.22447196	0.10721551	-0.2927547	0.2051525	0.9999997	-0.22291686	-0.37360206	0.07714718	0.0027634155	0.24268015	-0.48874566	-0.10606786	-0.13306999	0.1738331
0.26169485	-0.24937402	-0.16951065	-0.20832142	0.27869996	-0.48660603	-0.14599581	-0.24557942	0.26681527	-0.32927454	-0.22291686	0.9999997	0.26713187	-0.53066945	0.16302761	-0.29820967	0.0700428	0.2396732	0.22907756	0.110294715
0.15684718	-0.0835509	-0.33514246	-0.052747477	0.2901238	-0.36304313	-0.077211164	-0.3023715	0.24504353	-0.42582464	-0.37360206	0.26713187	0.9999995	-0.23949464	0.050875384	-0.37843987	0.17112619	0.22330095	0.21098581	0.015993403
-0.48166582	0.24271326	0.17751502	0.19270769	-0.4093808	0.28839567	0.16404718	0.17508861	-0.21933733	0.21176265	0.07714718	-0.53066945	-0.23949464	0.99999946	-0.2039739	0.21753715	-0.030057983	-0.19615832	-0.27236506	-0.16381031
0.18704157	-0.371687	-0.012441119	-0.7232464	0.06191686	-0.19910528	-0.03801627	-0.31404617	0.22718437	-0.2679663	0.0027634155	0.16302761	0.050875384	-0.2039739	0.9999994	-0.008329924	-0.05402296	0.23285168	0.2031214	0.06405345
-0.24660152	0.15154083	0.29269907	0.024081267	-0.36964774	0.19839312	0.02511277	0.15727593	-0.22024728	0.24212211	0.24268015	-0.29820967	-0.37843987	0.21753715	-0.008329924	0.99999934	-0.43644023	-0.2218089	-0.36842242	-0.003293862
0.028320648	-0.012682062	-0.44939187	0.06434585	0.19823408	-0.00898728	0.18349434	0.022786772	0.06273315	-0.1173702	-0.48874566	0.0700428	0.17112619	-0.030057983	-0.05402296	-0.43644023	0.99999917	-0.035484944	0.11096404	-0.27886382
0.16386808	-0.29893708	-0.044247292	-0.26866725	0.15693013	-0.3314694	-0.024176447	-0.58893704	0.29288402	-0.4418171	-0.10606786	0.2396732	0.22330095	-0.19615832	0.23285168	-0.2218089	-0.035484944	0.9999991	0.2539045	-0.0056400034
0.23292403	-0.45874658	-0.3090472	-0.2568464	0.23680094	-0.1406834	-0.006882749	-0.35648042	0.25929853	-0.43619284	-0.13306999	0.22907756	0.21098581	-0.27236506	0.2031214	-0.36842242	0.11096404	0.2539045	0.9999991	0.0016611865
0.14212538	-0.011191487	0.057907786	-0.11985246	0.026780453	-0.24845935	-0.77535677	-0.029151037	0.006513665	0.036456894	0.1738331	0.110294715	0.015993403	-0.16381031	0.06405345	-0.003293862	-0.27886382	-0.0056400034	0.0016611865	0.9999991
