1.0	-0.3986818	-0.20118241	-0.34070566	0.24053687	0.21323611	0.2585368	0.11116531	-0.3522639	0.30360216	-0.21278197	0.2218126	-0.40703347	-0.3910093	0.23376286	-0.15492079	0.26466504	-0.25840688	-0.34760672	0.21727484
-0.3986818	1.0000004	0.1484639	0.15427616	-0.1699604	-0.18625867	-0.28604776	-0.46987724	0.3121401	-0.4021788	0.14015184	-0.16864209	0.16038126	0.21817662	-0.16770612	-0.053935498	-0.14864834	0.21592551	0.17454493	-0.07212348
-0.20118241	0.1484639	1.0000002	0.25671914	-0.35961202	-0.4452087	-0.4022277	0.03317406	0.083860055	-0.27453536	0.2687666	-0.5553548	0.19502066	0.2709707	-0.24067208	0.19834761	-0.21458724	0.27991945	0.21124929	-0.25311086
-0.34070566	0.15427616	0.25671914	1.0000002	-0.10664837	-0.44754958	-0.37814584	0.05900091	0.0627189	-0.3582422	0.3092344	-0.3057858	0.17189859	0.25559542	-0.3360442	0.25027668	-0.45218223	0.21559744	0.29074454	-0.3007577
0.24053687	-0.1699604	-0.35961202	-0.10664837	1.0	0.12130579	0.22234383	0.08429214	-0.22068603	0.21204484	-0.17551127	0.26399228	-0.5360123	-0.43755504	0.12140147	-0.068950005	0.21743654	-0.45286137	-0.14124322	0.1856869
0.21323611	-0.18625867	-0.4452087	-0.44754958	0.12130579	0.99999964	0.2942482	-0.09695567	-0.04889273	0.20073564	-0.3603102	0.25786364	-0.06019592	-0.3376558	0.28315812	-0.37474877	0.2651529	-0.19839494	-0.31719938	0.23767053
0.2585368	-0.28604776	-0.4022277	-0.37814584	0.22234383	0.2942482	0.99999964	0.015659338	-0.14584579	0.24929301	-0.39543918	0.30232552	-0.21176702	-0.3400359	0.27130362	-0.35185593	0.28874803	-0.41216686	-0.23922716	0.2603014
0.11116531	-0.46987724	0.03317406	0.05900091	0.08429214	-0.09695567	0.015659338	0.9999995	-0.60213995	0.12578139	0.04747992	-0.015031876	-0.029668717	-0.09579825	0.0050967764	0.19318354	-0.06599454	-0.15132748	-0.009483235	-0.13855566
-0.3522639	0.3121401	0.083860055	0.0627189	-0.22068603	-0.04889273	-0.14584579	-0.60213995	0.99999946	-0.31621101	0.073330015	-0.12230003	0.16084673	0.18901567	-0.14038123	-0.12219574	-0.11049624	0.19869229	0.12582238	-0.025012808
0.30360216	-0.4021788	-0.27453536	-0.3582422	0.21204484	0.20073564	0.24929301	0.12578139	-0.31621101	0.9999992	-0.3121166	0.22532655	-0.35813245	-0.22454883	0.23447114	-0.07365381	0.24284643	-0.2433867	-0.44654536	0.21545091
-0.21278197	0.14015184	0.2687666	0.3092344	-0.17551127	-0.3603102	-0.39543918	0.04747992	0.073330015	-0.3121166	0.9999992	-0.3387212	0.20540161	0.25514483	-0.3767834	0.26267058	-0.44911963	0.24270204	0.28922683	-0.47332403
0.2218126	-0.16864209	-0.5553548	-0.3057858	0.26399228	0.25786364	0.30232552	-0.015031876	-0.12230003	0.22532655	-0.3387212	0.99999917	-0.23646253	-0.3586413	0.21127054	-0.18142417	0.26677495	-0.51236457	-0.18519631	0.23055953
-0.40703347	0.16038126	0.19502066	0.17189859	-0.5360123	-0.06019592	-0.21176702	-0.029668717	0.16084673	-0.35813245	0.20540161	-0.23646253	0.9999989	0.23953043	-0.12732856	0.085119896	-0.2900923	0.25261486	0.19209933	-0.40621874
-0.3910093	0.21817662	0.2709707	0.25559542	-0.43755504	-0.3376558	-0.3400359	-0.09579825	0.18901567	-0.22454883	0.25514483	-0.3586413	0.23953043	0.9999989	-0.30974972	0.15728545	-0.44067454	0.30003205	0.23900895	-0.18909025
0.23376286	-0.16770612	-0.24067208	-0.3360442	0.12140147	0.28315812	0.27130362	0.0050967764	-0.14038123	0.23447114	-0.3767834	0.21127054	-0.12732856	-0.30974972	0.99999875	-0.45439374	0.2700281	-0.19541942	-0.54728156	0.26526856
-0.15492079	-0.053935498	0.19834761	0.25027668	-0.068950005	-0.37474877	-0.35185593	0.19318354	-0.12219574	-0.07365381	0.26267058	-0.18142417	0.085119896	0.15728545	-0.45439374	0.99999905	-0.247906	0.12741691	0.23061217	-0.42092735
0.26466504	-0.14864834	-0.21458724	-0.45218223	0.21743654	0.2651529	0.28874803	-0.06599454	-0.11049624	0.24284643	-0.44911963	0.26677495	-0.2900923	-0.44067454	0.2700281	-0.247906	0.99999905	-0.34656662	-0.3296304	0.28024706
-0.25840688	0.21592551	0.27991945	0.21559744	-0.45286137	-0.19839494	-0.41216686	-0.15132748	0.19869229	-0.2433867	0.24270204	-0.51236457	0.25261486	0.30003205	-0.19541942	0.12741691	-0.34656662	0.99999905	0.18071954	-0.24272422
-0.34760672	0.17454493	0.21124929	0.29074454	-0.14124322	-0.31719938	-0.23922716	-0.009483235	0.12582238	-0.44654536	0.28922683	-0.18519631	0.19209933	0.23900895	-0.54728156	0.23061217	-0.3296304	0.18071954	0.999999	-0.37061355
0.21727484	-0.07212348	-0.25311086	-0.3007577	0.1856869	0.23767053	0.2603014	-0.13855566	-0.025012808	0.21545091	-0.47332403	0.23055953	-0.40621874	-0.18909025	0.26526856	-0.42092735	0.28024706	-0.24272422	-0.37061355	0.999999
