1.0000001	0.27174407	0.14080004	0.10588062	0.25914857	-0.52418983	-0.08638982	0.015579578	-0.08561984	-0.12736492	0.1014206	0.18529418	-0.09461312	0.2099707	0.04312802	-0.2736601	-0.022569325	-0.2445988	-0.5849816	-0.28897858
0.27174407	1.0000001	0.045195874	0.22463188	0.3033001	-0.42695427	0.07354099	-0.1414282	-0.041623678	-0.042148773	0.01612282	0.11104015	-0.017529463	0.11529045	0.022370048	-0.48094103	-0.24280415	-0.2649616	-0.37740058	-0.1474442
0.14080004	0.045195874	1.0000002	-0.0691899	0.027310675	-0.19453621	-0.15458904	0.13171145	-0.07194165	-0.7187998	0.1639662	0.26193416	-0.21123354	0.16169636	0.10765664	-0.08113234	0.16659749	-0.1983649	-0.09596874	-0.41111276
0.10588062	0.22463188	-0.0691899	1.0000004	0.2051753	-0.15525246	0.2159318	-0.2795535	0.18926302	0.047462888	-0.28241044	0.049392864	0.22141111	-0.24421877	-0.19057098	-0.32405898	-0.5430387	-0.014282478	-0.13459401	-0.021978976
0.25914857	0.3033001	0.027310675	0.2051753	1.0000004	-0.39834738	0.13249569	-0.2077862	0.04526972	-0.008664081	-0.008914244	0.0693266	-0.015420221	0.08812789	-0.086633	-0.5422839	-0.12483692	-0.19296539	-0.4538245	-0.09047812
-0.52418983	-0.42695427	-0.19453621	-0.15525246	-0.39834738	1.0000002	0.054646302	-0.024006477	0.07388962	0.14607923	-0.13226944	-0.21731362	0.081813574	-0.28473812	-0.046337668	0.2618635	0.015747234	0.24572675	0.3194627	0.20471597
-0.08638982	0.07354099	-0.15458904	0.2159318	0.13249569	0.054646302	1.0000002	-0.48608318	0.25769362	0.15673703	-0.15411319	-0.16547959	0.23300657	-0.3516311	-0.44289052	-0.22032505	-0.33827788	0.15870388	0.018354211	0.09866929
0.015579578	-0.1414282	0.13171145	-0.2795535	-0.2077862	-0.024006477	-0.48608318	1.0000002	-0.44438133	-0.14786372	0.23427252	0.082845226	-0.39255086	0.22834894	0.2868676	0.14133804	0.27361828	-0.2142015	0.023373928	-0.08010092
-0.08561984	-0.041623678	-0.07194165	0.18926302	0.04526972	0.07388962	0.25769362	-0.44438133	1.0000004	0.10571654	-0.3857505	0.031072266	0.29978684	-0.30649492	-0.5525707	-0.0624537	-0.27255863	0.22465737	0.06675687	-0.07071104
-0.12736492	-0.042148773	-0.7187998	0.047462888	-0.008664081	0.14607923	0.15673703	-0.14786372	0.10571654	1.0000004	-0.23425023	-0.40379584	0.16416591	-0.16322036	-0.18627514	0.06311362	-0.16491106	0.201406	0.068989895	0.24362239
0.1014206	0.01612282	0.1639662	-0.28241044	-0.008914244	-0.13226944	-0.15411319	0.23427252	-0.3857505	-0.23425023	1.0000004	-0.011088177	-0.43659985	0.27413732	0.26310003	0.0038078823	0.19871396	-0.44901288	-0.1465678	-0.014564608
0.18529418	0.11104015	0.26193416	0.049392864	0.0693266	-0.21731362	-0.16547959	0.082845226	0.031072266	-0.40379584	-0.011088177	1.0000002	0.018596016	0.07470438	-0.012534279	-0.11069675	0.08057484	-0.25205946	-0.15977676	-0.63203585
-0.09461312	-0.017529463	-0.21123354	0.22141111	-0.015420221	0.081813574	0.23300657	-0.39255086	0.29978684	0.16416591	-0.43659985	0.018596016	1.0000005	-0.40363568	-0.38689545	0.014583912	-0.36950135	0.20760696	0.095020995	-0.0080126
0.2099707	0.11529045	0.16169636	-0.24421877	0.08812789	-0.28473812	-0.3516311	0.22834894	-0.30649492	-0.16322036	0.27413732	0.07470438	-0.40363568	1.0000004	0.24656105	-0.12612191	0.19493209	-0.3558318	-0.26035526	-0.09752117
0.04312802	0.022370048	0.10765664	-0.19057098	-0.086633	-0.046337668	-0.44289052	0.2868676	-0.5525707	-0.18627514	0.26310003	-0.012534279	-0.38689545	0.24656105	1.0000002	0.06274205	0.19121146	-0.32417485	-0.04520421	0.050449703
-0.2736601	-0.48094103	-0.08113234	-0.32405898	-0.5422839	0.2618635	-0.22032505	0.14133804	-0.0624537	0.06311362	0.0038078823	-0.11069675	0.014583912	-0.12612191	0.06274205	1.0000001	0.14919072	0.1494423	0.26342002	0.11217136
-0.022569325	-0.24280415	0.16659749	-0.5430387	-0.12483692	0.015747234	-0.33827788	0.27361828	-0.27255863	-0.16491106	0.19871396	0.08057484	-0.36950135	0.19493209	0.19121146	0.14919072	1.0000002	-0.050733723	0.012275642	-0.15363006
-0.2445988	-0.2649616	-0.1983649	-0.014282478	-0.19296539	0.24572675	0.15870388	-0.2142015	0.22465737	0.201406	-0.44901288	-0.25205946	0.20760696	-0.3558318	-0.32417485	0.1494423	-0.050733723	1.0000001	0.22886153	0.14478245
-0.5849816	-0.37740058	-0.09596874	-0.13459401	-0.4538245	0.3194627	0.018354211	0.023373928	0.06675687	0.068989895	-0.1465678	-0.15977676	0.095020995	-0.26035526	-0.04520421	0.26342002	0.012275642	0.22886153	1.0000001	0.16215758
-0.28897858	-0.1474442	-0.41111276	-0.021978976	-0.09047812	0.20471597	0.09866929	-0.08010092	-0.07071104	0.24362239	-0.014564608	-0.63203585	-0.0080126	-0.09752117	0.050449703	0.11217136	-0.15363006	0.14478245	0.16215758	1.0000001
