1.0000001	-0.49957246	-0.4983137	-0.34404752	0.059763953	0.14769886	0.14944166	-0.22863862	-0.10390839	0.13860165	0.0037866267	-0.187282	-0.29908243	0.07839284	0.26350716	0.16605178	-0.27359146	0.1963702	0.21027468	0.02054726
-0.49957246	1.0000001	0.25848702	0.30051845	-0.21342307	-0.075831935	-0.3861619	0.1214736	-0.086481966	-0.013162196	0.09791782	0.22304334	0.1664808	0.021371111	-0.23035364	-0.061248597	0.11697766	-0.15939984	-0.36058372	-0.22005062
-0.4983137	0.25848702	1.0000001	0.19180875	-0.120328866	-0.15124021	-0.09522468	0.23165487	0.007978197	-0.0644577	0.037147634	0.24384588	0.20689188	-0.054595053	-0.32031715	-0.20293869	0.15524141	-0.3412692	-0.49758354	0.013213212
-0.34404752	0.30051845	0.19180875	0.99999994	-0.21467139	-0.123133995	-0.5423956	0.13874903	-0.015612711	-0.02575803	0.06113513	0.2199789	0.1881956	-0.0145247355	-0.24359578	-0.10814992	0.10814271	-0.12981051	-0.18875566	-0.25807285
0.059763953	-0.21342307	-0.120328866	-0.21467139	1.0000001	-0.27276808	0.25843835	0.09162883	0.23739934	-0.317074	-0.37517524	-0.104651585	0.1332657	-0.47577533	-0.098063886	-0.17397572	0.16801961	-0.07213283	0.23585552	0.25366908
0.14769886	-0.075831935	-0.15124021	-0.123133995	-0.27276808	1.0000001	-0.10049126	-0.5139747	-0.12581472	0.1610141	0.14331158	-0.21242516	-0.3898648	0.2891607	0.2278058	0.29936954	-0.21039702	0.27356282	0.00762412	-0.37360588
0.14944166	-0.3861619	-0.09522468	-0.5423956	0.25843835	-0.10049126	1.0000002	0.017415613	0.12804182	-0.0883847	-0.2209453	-0.1887588	-0.06091746	-0.24386884	0.07345636	-0.14593068	0.0298379	-0.059416417	0.19931464	0.27654937
-0.22863862	0.1214736	0.23165487	0.13874903	0.09162883	-0.5139747	0.017415613	1.0000001	0.106632605	-0.130144	-0.072596446	0.24363753	0.25370112	-0.25450495	-0.26429504	-0.43831137	0.18188511	-0.5045527	-0.17350286	0.19374289
-0.10390839	-0.086481966	0.007978197	-0.015612711	0.23739934	-0.12581472	0.12804182	0.106632605	1.0000001	-0.5448351	-0.5691066	-0.12853044	0.18290278	-0.1811356	-0.20953636	-0.16624206	0.27179438	-0.10479679	0.15457194	0.14668
0.13860165	-0.013162196	-0.0644577	-0.02575803	-0.317074	0.1610141	-0.0883847	-0.130144	-0.5448351	1.0	0.30431017	0.072167985	-0.27341655	0.2177016	0.18879291	0.12748152	-0.51626927	0.06490879	-0.18010023	-0.12137697
0.0037866267	0.09791782	0.037147634	0.06113513	-0.37517524	0.14331158	-0.2209453	-0.072596446	-0.5691066	0.30431017	0.9999999	0.13125306	-0.2291368	0.22741847	0.12459218	0.0937628	-0.34350312	0.033231206	-0.26877412	-0.178629
-0.187282	0.22304334	0.24384588	0.2199789	-0.104651585	-0.21242516	-0.1887588	0.24363753	-0.12853044	0.072167985	0.13125306	0.99999994	0.17200255	-0.10777968	-0.31557974	-0.3732699	0.04248186	-0.422244	-0.31236067	0.0044711046
-0.29908243	0.1664808	0.20689188	0.1881956	0.1332657	-0.3898648	-0.06091746	0.25370112	0.18290278	-0.27341655	-0.2291368	0.17200255	0.99999994	-0.37339592	-0.5102529	-0.25819695	0.28866	-0.20749228	-0.10318399	0.1128399
0.07839284	0.021371111	-0.054595053	-0.0145247355	-0.47577533	0.2891607	-0.24386884	-0.25450495	-0.1811356	0.2177016	0.22741847	-0.10777968	-0.37339592	0.9999999	0.20322311	0.25614798	-0.29705423	0.18779059	-0.15775244	-0.3208195
0.26350716	-0.23035364	-0.32031715	-0.24359578	-0.098063886	0.2278058	0.07345636	-0.26429504	-0.20953636	0.18879291	0.12459218	-0.31557974	-0.5102529	0.20322311	0.9999999	0.23150417	-0.43282345	0.22257002	0.1445379	-0.05517146
0.16605178	-0.061248597	-0.20293869	-0.10814992	-0.17397572	0.29936954	-0.14593068	-0.43831137	-0.16624206	0.12748152	0.0937628	-0.3732699	-0.25819695	0.25614798	0.23150417	0.9999998	-0.2316295	0.3094897	0.05051612	-0.37443006
-0.27359146	0.11697766	0.15524141	0.10814271	0.16801961	-0.21039702	0.0298379	0.18188511	0.27179438	-0.51626927	-0.34350312	0.04248186	0.28866	-0.29705423	-0.43282345	-0.2316295	1.0	-0.13301481	-0.014002928	0.08924519
0.1963702	-0.15939984	-0.3412692	-0.12981051	-0.07213283	0.27356282	-0.059416417	-0.5045527	-0.10479679	0.06490879	0.033231206	-0.422244	-0.20749228	0.18779059	0.22257002	0.3094897	-0.13301481	1.0	0.15445654	-0.30825037
0.21027468	-0.36058372	-0.49758354	-0.18875566	0.23585552	0.00762412	0.19931464	-0.17350286	0.15457194	-0.18010023	-0.26877412	-0.31236067	-0.10318399	-0.15775244	0.1445379	0.05051612	-0.014002928	0.15445654	0.99999994	0.099448785
0.02054726	-0.22005062	0.013213212	-0.25807285	0.25366908	-0.37360588	0.27654937	0.19374289	0.14668	-0.12137697	-0.178629	0.0044711046	0.1128399	-0.3208195	-0.05517146	-0.37443006	0.08924519	-0.30825037	0.099448785	0.99999994
