1.0000001	-0.050299823	0.2028827	0.019883625	0.16911282	-0.028958855	0.098753616	0.114395455	0.16922995	0.09897812	-0.0988715	-0.35459933	-0.07152327	-0.16032323	0.116077475	-0.11205223	-0.3053384	-0.5595778	-0.102252506	-0.14551601
-0.050299823	1.0000002	-0.27456823	0.18949951	-0.19166906	0.26236326	0.09523897	-0.22886284	-0.44510037	0.1640504	-0.33844578	-0.003156108	-0.18721291	-0.5398713	0.05379909	0.23883694	0.22848187	-0.18922347	0.22605602	-0.009915916
0.2028827	-0.27456823	1.0000002	-0.34767535	0.27733195	-0.40384844	-0.11260246	0.2452249	0.28763244	-0.23100933	0.22046176	0.005207181	0.08577638	0.13286178	-0.05003163	-0.21745418	-0.49851677	-0.112747125	-0.2866924	0.07776725
0.019883625	0.18949951	-0.34767535	1.0000001	-0.31303105	0.29615048	0.21343715	-0.22802041	-0.29272798	0.2823115	-0.55164415	-0.34030232	-0.17683446	-0.2124267	0.19039913	0.24098963	0.18279853	-0.12408435	0.25308052	-0.28180313
0.16911282	-0.19166906	0.27733195	-0.31303105	1.0000001	-0.2789535	-0.22212444	0.2589051	0.2506697	-0.21548218	0.21270593	0.043399625	0.19568789	0.16129579	-0.21072555	-0.49356994	-0.49077302	-0.079875074	-0.22099389	0.14808947
-0.028958855	0.26236326	-0.40384844	0.29615048	-0.2789535	1.0000001	0.19607885	-0.38440546	-0.37355995	0.26657093	-0.40078562	-0.23640454	-0.27515727	-0.33956742	0.19065116	0.28667262	0.22479172	-0.13988124	0.30425537	-0.16601203
0.098753616	0.09523897	-0.11260246	0.21343715	-0.22212444	0.19607885	1.0	-0.16844387	-0.07685874	0.22928372	-0.19354267	-0.3100965	-0.48824736	-0.2258239	0.30556965	0.22419411	0.05603879	-0.18080495	0.17872572	-0.6187754
0.114395455	-0.22886284	0.2452249	-0.22802041	0.2589051	-0.38440546	-0.16844387	0.99999994	0.2512465	-0.28140765	0.23489316	0.10956594	0.22417445	0.20430766	-0.33123463	-0.36236244	-0.28039932	0.03388367	-0.5800244	0.16856481
0.16922995	-0.44510037	0.28763244	-0.29272798	0.2506697	-0.37355995	-0.07685874	0.2512465	0.9999998	-0.11099271	0.22127946	-0.04011636	0.1118247	0.1892234	-0.023201227	-0.3542496	-0.38358375	-0.021804808	-0.39863542	0.03972532
0.09897812	0.1640504	-0.23100933	0.2823115	-0.21548218	0.26657093	0.22928372	-0.28140765	-0.11099271	0.9999999	-0.3855407	-0.43514565	-0.12147698	-0.34063658	0.21342704	0.20880842	0.09492063	-0.32449657	0.23799509	-0.3501572
-0.0988715	-0.33844578	0.22046176	-0.55164415	0.21270593	-0.40078562	-0.19354267	0.23489316	0.22127946	-0.3855407	0.9999998	0.2214788	0.19021577	0.2769448	-0.2037562	-0.2813587	-0.20719013	0.18194304	-0.28530675	0.1865198
-0.35459933	-0.003156108	0.005207181	-0.34030232	0.043399625	-0.23640454	-0.3100965	0.10956594	-0.04011636	-0.43514565	0.2214788	0.9999997	0.18012	0.172412	-0.28312942	-0.130457	0.07258158	0.26380795	-0.20260829	0.26744273
-0.07152327	-0.18721291	0.08577638	-0.17683446	0.19568789	-0.27515727	-0.48824736	0.22417445	0.1118247	-0.12147698	0.19021577	0.18012	0.99999976	0.21257839	-0.54988015	-0.40402457	-0.06828901	0.1371738	-0.2542474	0.2593425
-0.16032323	-0.5398713	0.13286178	-0.2124267	0.16129579	-0.33956742	-0.2258239	0.20430766	0.1892234	-0.34063658	0.2769448	0.172412	0.21257839	0.9999997	-0.16954198	-0.32482886	-0.17114165	0.2418043	-0.23641907	0.12915298
0.116077475	0.05379909	-0.05003163	0.19039913	-0.21072555	0.19065116	0.30556965	-0.33123463	-0.023201227	0.21342704	-0.2037562	-0.28312942	-0.54988015	-0.16954198	0.9999995	0.21707104	0.013218152	-0.2125865	0.20775051	-0.47387543
-0.11205223	0.23883694	-0.21745418	0.24098963	-0.49356994	0.28667262	0.22419411	-0.36236244	-0.3542496	0.20880842	-0.2813587	-0.130457	-0.40402457	-0.32482886	0.21707104	0.9999997	0.23548025	-0.05006126	0.27294582	-0.19457969
-0.3053384	0.22848187	-0.49851677	0.18279853	-0.49077302	0.22479172	0.05603879	-0.28039932	-0.38358375	0.09492063	-0.20719013	0.07258158	-0.06828901	-0.17114165	0.013218152	0.23548025	0.9999996	0.09429001	0.21822739	-0.015596469
-0.5595778	-0.18922347	-0.112747125	-0.12408435	-0.079875074	-0.13988124	-0.18080495	0.03388367	-0.021804808	-0.32449657	0.18194304	0.26380795	0.1371738	0.2418043	-0.2125865	-0.05006126	0.09429001	0.99999964	-0.13462095	0.17686176
-0.102252506	0.22605602	-0.2866924	0.25308052	-0.22099389	0.30425537	0.17872572	-0.5800244	-0.39863542	0.23799509	-0.28530675	-0.20260829	-0.2542474	-0.23641907	0.20775051	0.27294582	0.21822739	-0.13462095	0.9999997	-0.19723502
-0.14551601	-0.009915916	0.07776725	-0.28180313	0.14808947	-0.16601203	-0.6187754	0.16856481	0.03972532	-0.3501572	0.1865198	0.26744273	0.2593425	0.12915298	-0.47387543	-0.19457969	-0.015596469	0.17686176	-0.19723502	0.9999997
