1.0	0.28292134	0.2068352	-0.25303438	0.2695358	0.28504393	-0.35472363	-0.26628298	-0.5064751	-0.33568972	-0.26193464	-0.32987097	0.27904698	0.07693001	-0.06266699	0.2471654	0.16946307	-0.14697589	0.042363048	-0.34164998
0.28292134	0.99999976	0.19467758	-0.1376582	0.23033911	0.24279451	-0.39887846	-0.12599196	-0.57012886	-0.13690999	-0.32633698	-0.2867473	0.24354647	0.059932638	-0.16854513	0.19961697	0.17359819	-0.15709592	0.105041675	-0.42417526
0.2068352	0.19467758	0.9999997	-0.49685287	0.25762218	0.22414394	-0.42114586	-0.26684326	-0.17846881	-0.0847414	-0.2600071	-0.11327924	0.26745552	0.21191987	-0.10442422	0.15695369	0.1848738	-0.4402513	0.13116631	-0.46963352
-0.25303438	-0.1376582	-0.49685287	0.99999976	-0.2504335	-0.29398268	0.25546655	0.24606356	0.167709	0.19633815	0.27527902	0.022456648	-0.38330957	-0.37748146	0.21513031	-0.14273833	-0.28568745	0.2993585	-0.3263094	0.26968685
0.2695358	0.23033911	0.25762218	-0.2504335	0.99999964	0.28808293	-0.37295863	-0.47450894	-0.21917184	-0.2881351	-0.43332908	-0.28641945	0.3160215	0.1844305	-0.10810194	0.24814442	0.21652162	-0.3026462	0.11915122	-0.39414418
0.28504393	0.24279451	0.22414394	-0.29398268	0.28808293	0.9999996	-0.36050013	-0.34539956	-0.2632744	-0.18428138	-0.27833962	-0.5278543	0.29038745	0.06621497	-0.12162644	0.23807606	0.13282312	-0.19063398	0.043508943	-0.2451829
-0.35472363	-0.39887846	-0.42114586	0.25546655	-0.37295863	-0.36050013	0.9999997	0.2705283	0.27378318	0.22389095	0.27260515	0.18133308	-0.29375342	-0.20321767	0.17928071	-0.3780275	-0.20312192	0.2555181	-0.22483553	0.2987572
-0.26628298	-0.12599196	-0.26684326	0.24606356	-0.47450894	-0.34539956	0.2705283	0.99999964	0.19892181	0.2512161	0.25862598	0.15516676	-0.47913137	-0.28920603	0.15563074	-0.4392162	-0.22234146	0.26502872	-0.1355244	0.24326485
-0.5064751	-0.57012886	-0.17846881	0.167709	-0.21917184	-0.2632744	0.27378318	0.19892181	0.9999996	0.20828114	0.23455319	0.2149005	-0.31997687	-0.08026207	0.11560121	-0.33827996	-0.25532806	0.15539728	-0.09768575	0.259905
-0.33568972	-0.13690999	-0.0847414	0.19633815	-0.2881351	-0.18428138	0.22389095	0.2512161	0.20828114	0.99999946	0.2549565	0.08519347	-0.2551387	-0.3519257	0.25000408	-0.47304085	-0.44394916	0.23861049	-0.34949756	0.19481982
-0.26193464	-0.32633698	-0.2600071	0.27527902	-0.43332908	-0.27833962	0.27260515	0.25862598	0.23455319	0.2549565	0.9999995	0.096640594	-0.39222786	-0.29655138	0.22549105	-0.18546934	-0.4665423	0.27583733	-0.2934082	0.3001585
-0.32987097	-0.2867473	-0.11327924	0.022456648	-0.28641945	-0.5278543	0.18133308	0.15516676	0.2149005	0.08519347	0.096640594	0.9999994	-0.25412	0.11016629	-0.14008401	-0.21654993	0.024457134	-0.0044434494	0.12110601	0.14794886
0.27904698	0.24354647	0.26745552	-0.38330957	0.3160215	0.29038745	-0.29375342	-0.47913137	-0.31997687	-0.2551387	-0.39222786	-0.25412	0.9999994	0.1993243	-0.17486492	0.2494602	0.23701282	-0.30270237	0.15587506	-0.3829045
0.07693001	0.059932638	0.21191987	-0.37748146	0.1844305	0.06621497	-0.20321767	-0.28920603	-0.08026207	-0.3519257	-0.29655138	0.11016629	0.1993243	0.99999905	-0.29709274	0.1928213	0.2884571	-0.53398	0.27359077	-0.23406957
-0.06266699	-0.16854513	-0.10442422	0.21513031	-0.10810194	-0.12162644	0.17928071	0.15563074	0.11560121	0.25000408	0.22549105	-0.14008401	-0.17486492	-0.29709274	0.9999989	-0.3199205	-0.40510437	0.22500993	-0.62198603	0.15827055
0.2471654	0.19961697	0.15695369	-0.14273833	0.24814442	0.23807606	-0.3780275	-0.4392162	-0.33827996	-0.47304085	-0.18546934	-0.21654993	0.2494602	0.1928213	-0.3199205	0.9999989	0.22940037	-0.2846049	0.18711461	-0.17090432
0.16946307	0.17359819	0.1848738	-0.28568745	0.21652162	0.13282312	-0.20312192	-0.22234146	-0.25532806	-0.44394916	-0.4665423	0.024457134	0.23701282	0.2884571	-0.40510437	0.22940037	0.9999988	-0.355992	0.29063576	-0.309175
-0.14697589	-0.15709592	-0.4402513	0.2993585	-0.3026462	-0.19063398	0.2555181	0.26502872	0.15539728	0.23861049	0.27583733	-0.0044434494	-0.30270237	-0.53398	0.22500993	-0.2846049	-0.355992	0.9999987	-0.25738356	0.26195055
0.042363048	0.105041675	0.13116631	-0.3263094	0.11915122	0.043508943	-0.22483553	-0.1355244	-0.09768575	-0.34949756	-0.2934082	0.12110601	0.15587506	0.27359077	-0.62198603	0.18711461	0.29063576	-0.25738356	0.9999988	-0.16292176
-0.34164998	-0.42417526	-0.46963352	0.26968685	-0.39414418	-0.2451829	0.2987572	0.24326485	0.259905	0.19481982	0.3001585	0.14794886	-0.3829045	-0.23406957	0.15827055	-0.17090432	-0.309175	0.26195055	-0.16292176	0.9999988
