0.99999994	-0.26256847	-0.09658556	-0.5221847	0.08392828	0.030490642	-0.03852709	-0.07295983	0.08109141	0.025663484	0.091641724	-0.5330007	0.26778138	-0.0017077337	0.18855101	-0.053085778	-0.298588	0.065226324	0.08355031	-0.0387163
-0.26256847	0.9999999	0.26256198	0.2265579	-0.32448375	0.18619063	-0.2190974	0.2017664	0.07113387	-0.27459556	-0.3511768	0.27064723	-0.4045233	-0.27266335	-0.33662373	0.048389144	0.26043904	0.075264715	-0.43289867	0.27568135
-0.09658556	0.26256198	0.9999999	0.08533406	-0.41744456	0.2970323	-0.17923635	0.28563738	0.13219874	-0.25706097	-0.535678	0.15769479	-0.1097555	-0.39446485	-0.24997362	-0.0906922	0.22964524	-0.00336598	-0.41958666	0.3037411
-0.5221847	0.2265579	0.08533406	0.99999994	-0.20077144	-0.014121568	0.039979618	0.1132221	0.07088731	-0.21710065	-0.082175836	0.27879927	-0.5593346	-0.07763262	-0.31637898	-0.021441346	0.23267287	-0.056357183	-0.10205069	0.12209738
0.08392828	-0.32448375	-0.41744456	-0.20077144	0.99999964	-0.35276583	0.19805273	-0.3184856	-0.16032963	0.2547064	0.29276955	-0.21514265	0.19812727	0.31223026	0.2946577	-0.0039314865	-0.3471521	-0.12777239	0.2844379	-0.4506304
0.030490642	0.18619063	0.2970323	-0.014121568	-0.35276583	0.9999997	-0.06622917	0.2798665	0.20285217	-0.24786632	-0.38579965	0.026936699	-0.037001263	-0.40268272	-0.21053877	-0.18670228	0.18836908	-0.10794768	-0.46798158	0.26790023
-0.03852709	-0.2190974	-0.17923635	0.039979618	0.19805273	-0.06622917	0.99999964	-0.012486545	0.0755438	0.038715597	0.11484868	-0.10773378	0.02732027	0.15483272	0.17919594	-0.38694134	-0.11766217	-0.62392145	0.16213687	-0.23878956
-0.07295983	0.2017664	0.28563738	0.1132221	-0.3184856	0.2798665	-0.012486545	0.99999976	0.24869192	-0.47428998	-0.40607357	0.09960743	-0.1326798	-0.36691624	-0.1981521	-0.32040924	0.24147545	-0.14898527	-0.26954508	0.2507175
0.08109141	0.07113387	0.13219874	0.07088731	-0.16032963	0.20285217	0.0755438	0.24869192	0.99999964	-0.49840254	-0.08301348	-0.05984755	-0.11242892	-0.28539082	-0.14399755	-0.46844056	0.13594146	-0.25472015	-0.10437398	0.15260585
0.025663484	-0.27459556	-0.25706097	-0.21710065	0.2547064	-0.24786632	0.038715597	-0.47428998	-0.49840254	0.9999995	0.22353101	-0.11712272	0.1942429	0.27837843	0.23161824	0.17596361	-0.31028032	0.06949469	0.20546964	-0.3010647
0.091641724	-0.3511768	-0.535678	-0.082175836	0.29276955	-0.38579965	0.11484868	-0.40607357	-0.08301348	0.22353101	0.99999934	-0.15158422	0.12997042	0.2819928	0.23192917	0.047375407	-0.32942903	0.026777877	0.2702991	-0.38620445
-0.5330007	0.27064723	0.15769479	0.27879927	-0.21514265	0.026936699	-0.10773378	0.09960743	-0.05984755	-0.11712272	-0.15158422	0.9999993	-0.38860264	-0.17994913	-0.43151584	0.11775624	0.24133691	0.04684062	-0.22091503	0.16579606
0.26778138	-0.4045233	-0.1097555	-0.5593346	0.19812727	-0.037001263	0.02732027	-0.1326798	-0.11242892	0.1942429	0.12997042	-0.38860264	0.99999917	0.13787706	0.27336606	-0.06963345	-0.3885252	0.039977908	0.12373945	-0.18991719
-0.0017077337	-0.27266335	-0.39446485	-0.07763262	0.31223026	-0.40268272	0.15483272	-0.36691624	-0.28539082	0.27837843	0.2819928	-0.17994913	0.13787706	0.9999992	0.25600874	0.08247317	-0.2551298	-0.062661074	0.28481513	-0.48940906
0.18855101	-0.33662373	-0.24997362	-0.31637898	0.2946577	-0.21053877	0.17919594	-0.1981521	-0.14399755	0.23161824	0.23192917	-0.43151584	0.27336606	0.25600874	0.999999	-0.0614213	-0.44825196	-0.10885446	0.22137505	-0.37099254
-0.053085778	0.048389144	-0.0906922	-0.021441346	-0.0039314865	-0.18670228	-0.38694134	-0.32040924	-0.46844056	0.17596361	0.047375407	0.11775624	-0.06963345	0.08247317	-0.0614213	0.99999917	-0.08365014	0.2758597	0.0078015993	-0.009268883
-0.298588	0.26043904	0.22964524	0.23267287	-0.3471521	0.18836908	-0.11766217	0.24147545	0.13594146	-0.31028032	-0.32942903	0.24133691	-0.3885252	-0.2551298	-0.44825196	-0.08365014	0.99999905	-0.06531119	-0.11831636	0.23241724
0.065226324	0.075264715	-0.00336598	-0.056357183	-0.12777239	-0.10794768	-0.62392145	-0.14898527	-0.25472015	0.06949469	0.026777877	0.04684062	0.039977908	-0.062661074	-0.10885446	0.2758597	-0.06531119	0.999999	-0.12576868	0.08622471
0.08355031	-0.43289867	-0.41958666	-0.10205069	0.2844379	-0.46798158	0.16213687	-0.26954508	-0.10437398	0.20546964	0.2702991	-0.22091503	0.12373945	0.28481513	0.22137505	0.0078015993	-0.11831636	-0.12576868	0.99999887	-0.38218713
-0.0387163	0.27568135	0.3037411	0.12209738	-0.4506304	0.26790023	-0.23878956	0.2507175	0.15260585	-0.3010647	-0.38620445	0.16579606	-0.18991719	-0.48940906	-0.37099254	-0.009268883	0.23241724	0.08622471	-0.38218713	0.99999887
