1.0	-0.2741423	-0.085755475	-0.060164433	0.0042308317	0.26674384	-0.40421185	-0.15533748	-0.30469435	0.24093725	0.26080176	0.24358578	0.268051	-0.21348166	-0.35232475	0.19286495	-0.4427042	-0.056126703	0.2831144	-0.41138598
-0.2741423	0.99999994	0.21745144	-0.20572701	-0.11914799	-0.3830296	0.27303088	0.22355725	0.30564624	-0.3721038	-0.3580978	-0.4022998	-0.15075542	0.305909	0.16188644	-0.39265043	0.27783597	0.21340317	-0.46845067	0.14768502
-0.085755475	0.21745144	1.0	-0.648814	-0.10788563	-0.14218356	0.075898044	0.16630994	0.26081058	-0.3516179	-0.14924368	-0.11164761	0.0776246	0.21546477	-0.11326762	-0.3879443	0.18811698	0.17206521	-0.15819754	-0.117183656
-0.060164433	-0.20572701	-0.648814	0.99999994	0.1657677	0.05998252	0.000836045	-0.18300983	-0.29062402	0.17507505	0.09360499	0.018351339	-0.17092341	-0.20655665	0.16475911	0.23795041	-0.15295227	-0.22708566	0.06387813	0.16565214
0.0042308317	-0.11914799	-0.10788563	0.1657677	1.0	0.11993002	-0.057355583	-0.5511021	-0.23176374	0.0974991	0.12173744	0.112459876	-0.058201276	-0.2311038	0.10361321	0.1735116	-0.05593672	-0.619755	0.08176413	0.051738188
0.26674384	-0.3830296	-0.14218356	0.05998252	0.11993002	1.0000001	-0.50731283	-0.37730733	-0.2611536	0.27270836	0.30078086	0.30311283	0.1936973	-0.3825618	-0.26425982	0.22637007	-0.23954186	-0.19429287	0.2753181	-0.26700017
-0.40421185	0.27303088	0.075898044	0.000836045	-0.057355583	-0.50731283	1.0	0.17406936	0.22020201	-0.38406354	-0.41735402	-0.2890473	-0.3019248	0.2588526	0.26779792	-0.16948451	0.26053053	0.11872769	-0.35885322	0.23966256
-0.15533748	0.22355725	0.16630994	-0.18300983	-0.5511021	-0.37730733	0.17406936	0.99999994	0.24513331	-0.18060575	-0.2814693	-0.35385022	-0.0053476878	0.2632779	0.0002788479	-0.3070516	0.16423236	0.29695204	-0.16162369	0.022894258
-0.30469435	0.30564624	0.26081058	-0.29062402	-0.23176374	-0.2611536	0.22020201	0.24513331	1.0	-0.44429564	-0.24128513	-0.30980915	-0.055581965	0.29859978	0.09182577	-0.45282716	0.26491225	0.23015203	-0.39182603	0.06657906
0.24093725	-0.3721038	-0.3516179	0.17507505	0.0974991	0.27270836	-0.38406354	-0.18060575	-0.44429564	0.99999994	0.27859426	0.23576957	0.13258597	-0.47260374	-0.21541329	0.28313702	-0.3208553	-0.1320609	0.27012384	-0.112810165
0.26080176	-0.3580978	-0.14924368	0.09360499	0.12173744	0.30078086	-0.41735402	-0.2814693	-0.24128513	0.27859426	0.9999998	0.26728362	0.18216836	-0.42502695	-0.27360517	0.2634026	-0.46027118	-0.28338015	0.2967641	-0.17540391
0.24358578	-0.4022998	-0.11164761	0.018351339	0.112459876	0.30311283	-0.2890473	-0.35385022	-0.30980915	0.23576957	0.26728362	0.9999995	0.1799393	-0.37517625	-0.2877981	0.22358334	-0.14528021	-0.27777043	0.27468595	-0.3060918
0.268051	-0.15075542	0.0776246	-0.17092341	-0.058201276	0.1936973	-0.3019248	-0.0053476878	-0.055581965	0.13258597	0.18216836	0.1799393	0.9999995	-0.115534365	-0.5368893	0.04652566	-0.23222075	0.002496337	0.1765135	-0.6322221
-0.21348166	0.305909	0.21546477	-0.20655665	-0.2311038	-0.3825618	0.2588526	0.2632779	0.29859978	-0.47260374	-0.42502695	-0.37517625	-0.115534365	0.99999934	0.14990152	-0.3916749	0.25073224	0.22849052	-0.26139253	0.1038849
-0.35232475	0.16188644	-0.11326762	0.16475911	0.10361321	-0.26425982	0.26779792	0.0002788479	0.09182577	-0.21541329	-0.27360517	-0.2877981	-0.5368893	0.14990152	0.99999917	-0.054447506	0.16448277	-0.059392568	-0.25433066	0.30718404
0.19286495	-0.39265043	-0.3879443	0.23795041	0.1735116	0.22637007	-0.16948451	-0.3070516	-0.45282716	0.28313702	0.2634026	0.22358334	0.04652566	-0.3916749	-0.054447506	0.9999992	-0.4113909	-0.29782283	0.26572704	-0.047777694
-0.4427042	0.27783597	0.18811698	-0.15295227	-0.05593672	-0.23954186	0.26053053	0.16423236	0.26491225	-0.3208553	-0.46027118	-0.14528021	-0.23222075	0.25073224	0.16448277	-0.4113909	0.999999	0.14229001	-0.41548768	0.16350912
-0.056126703	0.21340317	0.17206521	-0.22708566	-0.619755	-0.19429287	0.11872769	0.29695204	0.23015203	-0.1320609	-0.28338015	-0.27777043	0.002496337	0.22849052	-0.059392568	-0.29782283	0.14229001	0.9999991	-0.287851	0.030962233
0.2831144	-0.46845067	-0.15819754	0.06387813	0.08176413	0.2753181	-0.35885322	-0.16162369	-0.39182603	0.27012384	0.2967641	0.27468595	0.1765135	-0.26139253	-0.25433066	0.26572704	-0.41548768	-0.287851	0.99999905	-0.22987509
-0.41138598	0.14768502	-0.117183656	0.16565214	0.051738188	-0.26700017	0.23966256	0.022894258	0.06657906	-0.112810165	-0.17540391	-0.3060918	-0.6322221	0.1038849	0.30718404	-0.047777694	0.16350912	0.030962233	-0.22987509	0.99999905
