1.0	-0.21026395	0.020103587	-0.37410146	0.12468865	0.18090312	-0.0006329766	-0.012552039	-0.034493342	-0.2767795	0.13846692	0.09614686	-0.13996886	-0.32223937	0.31188178	-0.13314697	-0.3963102	0.12328317	0.2000381	-0.29502374
-0.21026395	1.0000001	0.27228782	0.14426869	0.19195639	-0.36326683	-0.48270395	-0.387045	0.29076746	-0.107614905	0.17308167	-0.39418167	0.27506927	0.22707023	-0.113364324	0.2672672	-0.19882672	-0.2751677	-0.20586078	-0.10347247
0.020103587	0.27228782	1.0000001	0.015196019	0.28729966	-0.33542293	-0.49233827	-0.39188477	0.3087418	-0.29436508	0.25510043	-0.29822883	0.2677491	0.13611901	0.08953224	0.24812913	-0.26664317	-0.37982333	-0.12530763	-0.3162439
-0.37410146	0.14426869	0.015196019	1.0000002	-0.17063622	-0.33633807	-0.05103134	-0.033024207	0.109409295	0.17022538	-0.1601008	-0.17307639	0.12430247	0.29209492	-0.36770055	0.15539254	0.14218491	-0.20894045	-0.46101892	0.18289463
0.12468865	0.19195639	0.28729966	-0.17063622	1.0000002	-0.08489141	-0.37456456	-0.34467763	0.24100222	-0.4199525	0.277756	-0.32250905	0.21831375	-0.009659243	0.17989509	0.1774156	-0.28256914	-0.29491597	0.031205699	-0.4251562
0.18090312	-0.36326683	-0.33542293	-0.33633807	-0.08489141	1.0000001	0.24104819	0.21544555	-0.39302957	0.034643896	-0.14080368	0.27313372	-0.3014182	-0.46914846	0.13164027	-0.2831832	0.074033506	0.28717068	0.264143	0.0053400057
-0.0006329766	-0.48270395	-0.49233827	-0.05103134	-0.37456456	0.24104819	1.0	0.28921115	-0.4355385	0.20274225	-0.16675395	0.29135805	-0.29855448	-0.16024917	-0.07410448	-0.26712978	0.20912978	0.26925296	0.123448	0.17741054
-0.012552039	-0.387045	-0.39188477	-0.033024207	-0.34467763	0.21544555	0.28921115	1.0	-0.31836274	0.2585237	-0.39580095	0.2898415	-0.3965697	-0.11237892	-0.123422675	-0.3616038	0.24504991	0.26874182	0.087210074	0.22329831
-0.034493342	0.29076746	0.3087418	0.109409295	0.24100222	-0.39302957	-0.4355385	-0.31836274	1.0	-0.21276921	0.2264675	-0.48518816	0.2684776	0.19118991	0.023480374	0.28236255	-0.22320929	-0.33598858	-0.24721031	-0.25610793
-0.2767795	-0.107614905	-0.29436508	0.17022538	-0.4199525	0.034643896	0.20274225	0.2585237	-0.21276921	1.0	-0.33061743	0.17416689	-0.26308823	0.03187229	-0.362135	-0.21416698	0.28972292	0.15459791	-0.11567157	0.28066492
0.13846692	0.17308167	0.25510043	-0.1601008	0.277756	-0.14080368	-0.16675395	-0.39580095	0.2264675	-0.33061743	0.9999998	-0.21730117	0.1618232	0.026059445	0.17409135	0.20551588	-0.4356318	-0.18203802	-0.073025376	-0.5362881
0.09614686	-0.39418167	-0.29822883	-0.17307639	-0.32250905	0.27313372	0.29135805	0.2898415	-0.48518816	0.17416689	-0.21730117	0.9999999	-0.44469944	-0.24267632	0.04428219	-0.36851716	0.14884773	0.31170684	0.18331906	0.13357486
-0.13996886	0.27506927	0.2677491	0.12430247	0.21831375	-0.3014182	-0.29855448	-0.3965697	0.2684776	-0.26308823	0.1618232	-0.44469944	0.9999999	0.19698709	-0.029517436	0.24769671	-0.20767964	-0.5198707	-0.095015146	-0.06403649
-0.32223937	0.22707023	0.13611901	0.29209492	-0.009659243	-0.46914846	-0.16024917	-0.11237892	0.19118991	0.03187229	0.026059445	-0.24267632	0.19698709	0.9999998	-0.37119505	0.24689206	0.034441926	-0.34726205	-0.42938942	0.08147203
0.31188178	-0.113364324	0.08953224	-0.36770055	0.17989509	0.13164027	-0.07410448	-0.123422675	0.023480374	-0.362135	0.17409135	0.04428219	-0.029517436	-0.37119505	0.99999964	-0.10888294	-0.3946778	0.06826417	0.21097353	-0.2890402
-0.13314697	0.2672672	0.24812913	0.15539254	0.1774156	-0.2831832	-0.26712978	-0.3616038	0.28236255	-0.21416698	0.20551588	-0.36851716	0.24769671	0.24689206	-0.10888294	0.99999964	-0.122241445	-0.3487952	-0.48084605	-0.14215705
-0.3963102	-0.19882672	-0.26664317	0.14218491	-0.28256914	0.074033506	0.20912978	0.24504991	-0.22320929	0.28972292	-0.4356318	0.14884773	-0.20767964	0.034441926	-0.3946778	-0.122241445	0.99999934	0.118500486	-0.020525178	0.28640386
0.12328317	-0.2751677	-0.37982333	-0.20894045	-0.29491597	0.28717068	0.26925296	0.26874182	-0.33598858	0.15459791	-0.18203802	0.31170684	-0.5198707	-0.34726205	0.06826417	-0.3487952	0.118500486	0.9999992	0.19417542	0.09710932
0.2000381	-0.20586078	-0.12530763	-0.46101892	0.031205699	0.264143	0.123448	0.087210074	-0.24721031	-0.11567157	-0.073025376	0.18331906	-0.095015146	-0.42938942	0.21097353	-0.48084605	-0.020525178	0.19417542	0.9999991	-0.040641565
-0.29502374	-0.10347247	-0.3162439	0.18289463	-0.4251562	0.0053400057	0.17741054	0.22329831	-0.25610793	0.28066492	-0.5362881	0.13357486	-0.06403649	0.08147203	-0.2890402	-0.14215705	0.28640386	0.09710932	-0.040641565	0.9999991
