1.0000001	-0.13827638	0.28553915	0.22937	-0.260789	-0.34083664	0.2002512	0.14524081	-0.2718797	-0.2508513	-0.12520024	-0.45019457	-0.24115056	0.04255559	0.26657546	-0.201738	-0.13783151	0.04397811	0.07900365	0.12623407
-0.13827638	1.0	-0.018112246	-0.34801197	0.06526662	0.109202564	-0.56590396	-0.03965437	0.23394388	0.13025376	0.17394748	0.12676688	0.08912576	0.10136702	-0.31079873	0.019242555	-0.09950216	-0.014288874	-0.4253588	-0.08920896
0.28553915	-0.018112246	1.0000001	0.15990648	-0.41938642	-0.18088415	0.12832545	0.220771	-0.13320921	-0.107764825	-0.09172239	-0.32278985	-0.29227903	0.16905245	0.18534616	-0.43568087	-0.2935048	-0.05237233	0.015369527	0.18339632
0.22937	-0.34801197	0.15990648	1.0	-0.2923773	-0.118091054	0.237774	0.17624292	-0.4855736	-0.029053375	-0.44774672	-0.29089764	-0.25062338	0.086883776	0.21946797	-0.11894881	-0.05567504	-0.104131006	0.2747218	0.1567631
-0.260789	0.06526662	-0.41938642	-0.2923773	1.0000001	-0.038275216	-0.15120424	-0.41294107	0.2043287	-0.1615473	0.241627	0.20488349	0.26428396	-0.3968237	-0.18331525	0.27449936	0.24591236	0.19507106	-0.15247098	-0.22674218
-0.34083664	0.109202564	-0.18088415	-0.118091054	-0.038275216	1.0	-0.20106706	0.12750088	0.065776706	0.29709274	-0.11295888	0.134052	-0.042195983	0.18523143	-0.27814674	-0.10893469	-0.23078768	-0.4241956	0.03697247	0.12054521
0.2002512	-0.56590396	0.12832545	0.237774	-0.15120424	-0.20106706	1.0	0.07265958	-0.29799324	-0.23367448	-0.22400443	-0.10475522	-0.07577428	-0.117088474	0.17436169	-0.22912683	0.07784812	0.036885627	0.21702437	0.055462223
0.14524081	-0.03965437	0.220771	0.17624292	-0.41294107	0.12750088	0.07265958	1.0	-0.20392781	0.16345346	-0.29925406	-0.24679369	-0.2957763	0.2857903	0.104295634	-0.354393	-0.4272025	-0.40656254	0.11705002	0.2735015
-0.2718797	0.23394388	-0.13320921	-0.4855736	0.2043287	0.065776706	-0.29799324	-0.20392781	0.99999976	0.04703127	0.25838128	0.15751435	0.17545715	-0.10098287	-0.16603261	0.13915479	0.039184045	0.035761945	-0.56654835	-0.13038635
-0.2508513	0.13025376	-0.107764825	-0.029053375	-0.1615473	0.29709274	-0.23367448	0.16345346	0.04703127	0.99999976	-0.22148567	0.09068477	-0.13972916	0.20114595	-0.23589751	-0.15314472	-0.1329304	-0.41659158	-0.0009810866	0.15399027
-0.12520024	0.17394748	-0.09172239	-0.44774672	0.241627	-0.11295888	-0.22400443	-0.29925406	0.25838128	-0.22148567	0.99999964	0.10155187	0.19560668	-0.22036657	-0.071455464	0.17426063	0.12363448	0.23778993	-0.44074637	-0.25185817
-0.45019457	0.12676688	-0.32278985	-0.29089764	0.20488349	0.134052	-0.10475522	-0.24679369	0.15751435	0.09068477	0.10155187	0.99999946	0.27518958	-0.07295729	-0.52278715	0.15457244	0.11344513	0.04423058	-0.06093367	-0.33078134
-0.24115056	0.08912576	-0.29227903	-0.25062338	0.26428396	-0.042195983	-0.07577428	-0.2957763	0.17545715	-0.13972916	0.19560668	0.27518958	0.9999994	-0.23265657	-0.37767535	0.25072226	0.18557988	0.19754781	-0.14906418	-0.53658766
0.04255559	0.10136702	0.16905245	0.086883776	-0.3968237	0.18523143	-0.117088474	0.2857903	-0.10098287	0.20114595	-0.22036657	-0.07295729	-0.23265657	0.9999993	-0.008462388	-0.26524457	-0.6106251	-0.29723442	0.0374437	0.21297275
0.26657546	-0.31079873	0.18534616	0.21946797	-0.18331525	-0.27814674	0.17436169	0.104295634	-0.16603261	-0.23589751	-0.071455464	-0.52278715	-0.37767535	-0.008462388	0.9999991	-0.070277795	-0.009173722	0.021102287	0.10258405	0.16029043
-0.201738	0.019242555	-0.43568087	-0.11894881	0.27449936	-0.10893469	-0.22912683	-0.354393	0.13915479	-0.15314472	0.17426063	0.15457244	0.25072226	-0.26524457	-0.070277795	0.999999	0.20868254	0.20770697	-0.06888276	-0.42246845
-0.13783151	-0.09950216	-0.2935048	-0.05567504	0.24591236	-0.23078768	0.07784812	-0.4272025	0.039184045	-0.1329304	0.12363448	0.11344513	0.18557988	-0.6106251	-0.009173722	0.20868254	0.999999	0.21894251	0.014424437	-0.23041953
0.04397811	-0.014288874	-0.05237233	-0.104131006	0.19507106	-0.4241956	0.036885627	-0.40656254	0.035761945	-0.41659158	0.23778993	0.04423058	0.19754781	-0.29723442	0.021102287	0.20770697	0.21894251	0.99999905	-0.16427204	-0.35936743
0.07900365	-0.4253588	0.015369527	0.2747218	-0.15247098	0.03697247	0.21702437	0.11705002	-0.56654835	-0.0009810866	-0.44074637	-0.06093367	-0.14906418	0.0374437	0.10258405	-0.06888276	0.014424437	-0.16427204	0.9999991	0.1346652
0.12623407	-0.08920896	0.18339632	0.1567631	-0.22674218	0.12054521	0.055462223	0.2735015	-0.13038635	0.15399027	-0.25185817	-0.33078134	-0.53658766	0.21297275	0.16029043	-0.42246845	-0.23041953	-0.35936743	0.1346652	0.9999991
