1.0	-0.0797869	0.27780816	-0.23625341	-0.36954844	0.031077014	0.10653572	-0.25803298	0.1983441	-0.16575596	-0.018154314	0.1344443	-0.06766179	-0.13161623	-0.06480732	0.17575341	-0.50069743	-0.3736059	0.20550928	0.13645084
-0.0797869	1.0000004	0.06661276	-0.32364732	-0.20381957	0.25689483	0.15660663	-0.12850572	-0.44411063	0.0072767045	-0.4630868	0.14418368	0.26337054	-0.1794439	-0.20737977	0.05402498	0.121093795	0.2272068	0.17327195	-0.44076067
0.27780816	0.06661276	1.0000004	-0.3588228	-0.42296913	0.17449415	0.22775568	-0.26135704	0.07111636	-0.37417868	-0.07910187	0.2360045	0.062695965	-0.37815443	-0.19810757	0.24397789	-0.34957477	-0.1913827	0.2745429	-0.021357609
-0.23625341	-0.32364732	-0.3588228	1.0000002	0.2975378	-0.32574812	-0.360078	0.27934888	0.12959035	0.24694414	0.24019994	-0.2990889	-0.2606615	0.27926198	0.2668234	-0.3072136	0.09402911	-0.05650735	-0.47500253	0.16928984
-0.36954844	-0.20381957	-0.42296913	0.2975378	1.0000002	-0.3211222	-0.40917748	0.23993225	0.025533378	0.22889484	0.13560113	-0.21657842	-0.07048222	0.2481319	0.2088662	-0.18402195	0.16191792	0.02823329	-0.4671512	0.09022396
0.031077014	0.25689483	0.17449415	-0.32574812	-0.3211222	1.0000002	0.2870607	-0.32701614	-0.23744944	-0.20003508	-0.29773208	0.28712603	0.24296716	-0.4369529	-0.46297032	0.21122086	0.029718773	0.18955076	0.24596393	-0.34704596
0.10653572	0.15660663	0.22775568	-0.360078	-0.40917748	0.2870607	1.0000002	-0.4104285	-0.1700906	-0.45855826	-0.17161095	0.27723533	0.21546845	-0.35022655	-0.3460261	0.27142635	-0.04721535	0.10080958	0.27783105	-0.1973162
-0.25803298	-0.12850572	-0.26135704	0.27934888	0.23993225	-0.32701614	-0.4104285	1.0000004	0.02616483	0.2917493	0.20470375	-0.44444838	-0.28168654	0.2864175	0.2874635	-0.4790301	0.16181019	-0.01798169	-0.26293764	0.093836084
0.1983441	-0.44411063	0.07111636	0.12959035	0.025533378	-0.23744944	-0.1700906	0.02616483	1.0000004	-0.030424757	0.20980531	-0.049087096	-0.3568246	0.0944891	0.14616889	-0.019490596	-0.41769135	-0.39510503	-0.08454074	0.30360436
-0.16575596	0.0072767045	-0.37417868	0.24694414	0.22889484	-0.20003508	-0.45855826	0.2917493	-0.030424757	1.0000002	0.1287943	-0.29833198	-0.23055573	0.24066763	0.23606636	-0.49744245	0.18053435	0.050251234	-0.37499318	0.019099219
-0.018154314	-0.4630868	-0.07910187	0.24019994	0.13560113	-0.29773208	-0.17161095	0.20470375	0.20980531	0.1287943	1.0000002	-0.2839823	-0.5917332	0.2107074	0.2198028	-0.17089961	0.0048166476	-0.18214016	-0.32946855	0.23348019
0.1344443	0.14418368	0.2360045	-0.2990889	-0.21657842	0.28712603	0.27723533	-0.44444838	-0.049087096	-0.29833198	-0.2839823	1.0000004	0.21025756	-0.5500262	-0.4502956	0.27823582	-0.13354786	0.07584496	0.2543535	-0.17229746
-0.06766179	0.26337054	0.062695965	-0.2606615	-0.07048222	0.24296716	0.21546845	-0.28168654	-0.3568246	-0.23055573	-0.5917332	0.21025756	1.0000002	-0.21302015	-0.20385458	0.18292141	0.05155207	0.1993247	0.18719932	-0.33927557
-0.13161623	-0.1794439	-0.37815443	0.27926198	0.2481319	-0.4369529	-0.35022655	0.2864175	0.0944891	0.24066763	0.2107074	-0.5500262	-0.21302015	1.0000005	0.30067128	-0.25744763	0.07914001	-0.14512935	-0.28198028	0.18451217
-0.06480732	-0.20737977	-0.19810757	0.2668234	0.2088662	-0.46297032	-0.3460261	0.2874635	0.14616889	0.23606636	0.2198028	-0.4502956	-0.20385458	0.30067128	1.0000002	-0.45179215	0.006825718	-0.2030952	-0.27881065	0.19445297
0.17575341	0.05402498	0.24397789	-0.3072136	-0.18402195	0.21122086	0.27142635	-0.4790301	-0.019490596	-0.49744245	-0.17089961	0.27823582	0.18292141	-0.25744763	-0.45179215	0.99999994	-0.22082952	-0.05784248	0.2502068	-0.021755764
-0.50069743	0.121093795	-0.34957477	0.09402911	0.16191792	0.029718773	-0.04721535	0.16181019	-0.41769135	0.18053435	0.0048166476	-0.13354786	0.05155207	0.07914001	0.006825718	-0.22082952	0.99999976	0.26856393	-0.21798216	-0.272462
-0.3736059	0.2272068	-0.1913827	-0.05650735	0.02823329	0.18955076	0.10080958	-0.01798169	-0.39510503	0.050251234	-0.18214016	0.07584496	0.1993247	-0.14512935	-0.2030952	-0.05784248	0.26856393	0.9999997	-0.00016360321	-0.5168297
0.20550928	0.17327195	0.2745429	-0.47500253	-0.4671512	0.24596393	0.27783105	-0.26293764	-0.08454074	-0.37499318	-0.32946855	0.2543535	0.18719932	-0.28198028	-0.27881065	0.2502068	-0.21798216	-0.00016360321	0.9999998	-0.09584669
0.13645084	-0.44076067	-0.021357609	0.16928984	0.09022396	-0.34704596	-0.1973162	0.093836084	0.30360436	0.019099219	0.23348019	-0.17229746	-0.33927557	0.18451217	0.19445297	-0.021755764	-0.272462	-0.5168297	-0.09584669	0.9999998
