1.0000001	0.09715442	0.16763589	-0.30643922	0.30384538	0.13361411	-0.40289584	0.035976946	0.1552291	-0.058869075	-0.3392389	-0.47104952	0.25781503	0.049357254	-0.21244617	-0.34870303	-0.05285725	-0.3317204	0.030009454	0.29358095
0.09715442	1.0000005	-0.1690112	-0.25506732	0.056044854	0.29868078	0.035851005	0.28300747	-0.277705	-0.42713204	-0.19962509	-0.17049111	0.20401438	-0.36034632	0.2241742	-0.3527337	0.26130044	0.08298009	-0.46639922	0.13530229
0.16763589	-0.1690112	1.0000007	-0.13091378	0.18367311	-0.20870808	-0.4306211	-0.28172162	0.28588936	0.18609287	-0.0322859	-0.14483672	0.086365685	0.29313496	-0.33922693	0.013618899	-0.3971258	-0.47726098	0.259288	0.13601267
-0.30643922	-0.25506732	-0.13091378	1.0000007	-0.30365884	-0.2611235	0.23986931	-0.14173234	-0.06300714	0.16483575	0.23742025	0.3006015	-0.591945	-0.018005462	0.036477976	0.2885376	0.00900256	0.18199812	0.036081158	-0.4229325
0.30384538	0.056044854	0.18367311	-0.30365884	1.0000008	0.099963315	-0.3336125	-0.019762402	0.18283686	-0.034469943	-0.4785173	-0.31244022	0.22462411	0.052378282	-0.17169246	-0.2961156	-0.021416433	-0.38879964	-0.004552426	0.2616709
0.13361411	0.29868078	-0.20870808	-0.2611235	0.099963315	1.0000008	0.017094065	0.2640484	-0.19412379	-0.55864745	-0.21866667	-0.24284513	0.20124681	-0.35021314	0.18327524	-0.34527037	0.2230114	-0.0014362192	-0.24720336	0.20730256
-0.40289584	0.035851005	-0.4306211	0.23986931	-0.3336125	0.017094065	1.0000008	0.069337405	-0.28162083	-0.098272584	0.17407203	0.25147024	-0.3463728	-0.23330194	0.21720533	0.14842296	0.16103414	0.29578796	-0.17085375	-0.3125939
0.035976946	0.28300747	-0.28172162	-0.14173234	-0.019762402	0.2640484	0.069337405	1.0000011	-0.41742986	-0.32635835	-0.3462112	-0.10180717	0.15438694	-0.31012997	0.27285245	-0.3343448	0.27616152	0.13601534	-0.3021631	0.08987324
0.1552291	-0.277705	0.28588936	-0.06300714	0.18283686	-0.19412379	-0.28162083	-0.41742986	1.000001	0.2303449	-0.010909298	-0.068373695	0.0042073447	0.27934244	-0.5374191	0.04325741	-0.3558658	-0.29102802	0.26289532	0.05347894
-0.058869075	-0.42713204	0.18609287	0.16483575	-0.034469943	-0.55864745	-0.098272584	-0.32635835	0.2303449	1.0000008	0.17767406	0.12128201	-0.21363348	0.26915777	-0.32055274	0.24044618	-0.28108427	-0.09356752	0.25543174	-0.2326786
-0.3392389	-0.19962509	-0.0322859	0.23742025	-0.4785173	-0.21866667	0.17407203	-0.3462112	-0.010909298	0.17767406	1.000001	0.22805871	-0.28703487	0.10079051	-0.10686149	0.29454964	-0.19088367	0.116495155	0.14015226	-0.25897914
-0.47104952	-0.17049111	-0.14483672	0.3006015	-0.31244022	-0.24284513	0.25147024	-0.10180717	-0.068373695	0.12128201	0.22805871	1.0000011	-0.3395558	-0.089321114	0.090352364	0.2590114	0.04346747	0.23466463	-0.04017177	-0.5480172
0.25781503	0.20401438	0.086365685	-0.591945	0.22462411	0.20124681	-0.3463728	0.15438694	0.0042073447	-0.21363348	-0.28703487	-0.3395558	1.000001	-0.014452311	-0.00070541847	-0.42130426	0.019069575	-0.116466746	-0.106545575	0.28628555
0.049357254	-0.36034632	0.29313496	-0.018005462	0.052378282	-0.35021314	-0.23330194	-0.31012997	0.27934244	0.26915777	0.10079051	-0.089321114	-0.014452311	1.000001	-0.39795318	0.14234136	-0.45113394	-0.30099055	0.31332788	0.02601667
-0.21244617	0.2241742	-0.33922693	0.036477976	-0.17169246	0.18327524	0.21720533	0.27285245	-0.5374191	-0.32055274	-0.10686149	0.090352364	-0.00070541847	-0.39795318	1.0000011	-0.07010085	0.29265356	0.25002006	-0.34816384	-0.061890125
-0.34870303	-0.3527337	0.013618899	0.2885376	-0.2961156	-0.34527037	0.14842296	-0.3343448	0.04325741	0.24044618	0.29454964	0.2590114	-0.42130426	0.14234136	-0.07010085	1.0000011	-0.1858942	0.07461744	0.17440416	-0.32474127
-0.05285725	0.26130044	-0.3971258	0.00900256	-0.021416433	0.2230114	0.16103414	0.27616152	-0.3558658	-0.28108427	-0.19088367	0.04346747	0.019069575	-0.45113394	0.29265356	-0.1858942	1.0000008	0.20715669	-0.5375378	-0.019059017
-0.3317204	0.08298009	-0.47726098	0.18199812	-0.38879964	-0.0014362192	0.29578796	0.13601534	-0.29102802	-0.09356752	0.116495155	0.23466463	-0.116466746	-0.30099055	0.25002006	0.07461744	0.20715669	1.0000008	-0.2589167	-0.3195496
0.030009454	-0.46639922	0.259288	0.036081158	-0.004552426	-0.24720336	-0.17085375	-0.3021631	0.26289532	0.25543174	0.14015226	-0.04017177	-0.106545575	0.31332788	-0.34816384	0.17440416	-0.5375378	-0.2589167	1.000001	0.010916646
0.29358095	0.13530229	0.13601267	-0.4229325	0.2616709	0.20730256	-0.3125939	0.08987324	0.05347894	-0.2326786	-0.25897914	-0.5480172	0.28628555	0.02601667	-0.061890125	-0.32474127	-0.019059017	-0.3195496	0.010916646	1.000001
