1.0000001	0.1871115	-0.6366992	-0.052388884	0.056648303	-0.2947943	-0.21901481	-0.34284225	-0.18489124	-0.22412865	0.102749966	-0.06543775	0.0795146	0.047209296	-0.017430425	0.16853437	0.13394696	-0.19013031	0.22818094	0.22386184
0.1871115	0.99999994	-0.33093378	-0.086944446	-0.124437004	-0.020759216	0.09844844	-0.628022	-0.09316342	0.10181201	-0.17189927	0.18274581	0.12234527	-0.34285504	0.21101458	-0.11555555	0.16245137	-0.105738476	-0.013301089	-0.0323193
-0.6366992	-0.33093378	0.99999994	0.025398318	-0.0057167886	0.19929364	0.15281323	0.23799789	0.15415786	0.15015103	-0.098513916	0.04491734	-0.056796357	-0.034787904	-0.046844296	-0.17775784	-0.11977005	0.091974474	-0.25453565	-0.29434758
-0.052388884	-0.086944446	0.025398318	0.99999976	0.26134342	-0.24105075	-0.06654037	0.13023922	-0.37479344	-0.101020604	0.13703622	-0.082117565	-0.574133	0.19066592	-0.35432065	0.059881028	0.18016404	-0.2738763	0.07379674	0.14866196
0.056648303	-0.124437004	-0.0057167886	0.26134342	0.9999997	-0.31590575	-0.29784235	0.094652504	-0.29722282	-0.14172147	0.22730824	-0.29946664	-0.41615298	0.20023751	-0.2928527	0.21118584	0.19592065	-0.43233895	0.1636047	0.21275705
-0.2947943	-0.020759216	0.19929364	-0.24105075	-0.31590575	0.9999995	0.2609169	0.047056682	0.26689997	0.25938797	-0.27363813	0.18453145	0.11146353	-0.19657582	0.22417153	-0.23862422	-0.18728517	0.20756993	-0.48519173	-0.5074655
-0.21901481	0.09844844	0.15281323	-0.06654037	-0.29784235	0.2609169	0.99999964	-0.05930123	0.14089586	0.30675298	-0.50092506	0.28096253	0.08253529	-0.34620008	0.24555045	-0.42511114	-0.01512284	0.107469596	-0.37162867	-0.37465772
-0.34284225	-0.628022	0.23799789	0.13023922	0.094652504	0.047056682	-0.05930123	0.99999964	0.07234699	-0.07056565	0.12898025	-0.2161343	-0.24142323	0.188857	-0.20780215	0.030087829	-0.18566835	0.075605385	-0.034811597	-0.019252237
-0.18489124	-0.09316342	0.15415786	-0.37479344	-0.29722282	0.26689997	0.14089586	0.07234699	0.99999946	0.14048433	-0.1544416	0.14945291	0.17945302	-0.077285334	0.14538935	-0.25978646	-0.50492656	0.28697017	-0.23213707	-0.35740137
-0.22412865	0.10181201	0.15015103	-0.101020604	-0.14172147	0.25938797	0.30675298	-0.07056565	0.14048433	0.9999993	-0.46481305	0.24920017	0.045526057	-0.40221328	0.25629938	-0.3099975	0.005650707	0.05140878	-0.50645024	-0.3457617
0.102749966	-0.17189927	-0.098513916	0.13703622	0.22730824	-0.27363813	-0.50092506	0.12898025	-0.1544416	-0.46481305	0.9999991	-0.4633648	-0.19327189	0.2791015	-0.29891437	0.28557494	0.026491977	-0.096830755	0.27101892	0.25835162
-0.06543775	0.18274581	0.04491734	-0.082117565	-0.29946664	0.18453145	0.28096253	-0.2161343	0.14945291	0.24920017	-0.4633648	0.9999992	0.09415532	-0.23438399	0.23462866	-0.5988123	-0.051464133	0.073648944	-0.2805825	-0.20247798
0.0795146	0.12234527	-0.056796357	-0.574133	-0.41615298	0.11146353	0.08253529	-0.24142323	0.17945302	0.045526057	-0.19327189	0.09415532	0.9999992	-0.29191476	0.21946591	-0.02296553	-0.21382314	0.1989986	-0.0045968285	-0.118379
0.047209296	-0.34285504	-0.034787904	0.19066592	0.20023751	-0.19657582	-0.34620008	0.188857	-0.077285334	-0.40221328	0.2791015	-0.23438399	-0.29191476	0.99999917	-0.51696837	0.20011216	-0.04291763	-0.0545572	0.20733732	0.22713965
-0.017430425	0.21101458	-0.046844296	-0.35432065	-0.2928527	0.22417153	0.24555045	-0.20780215	0.14538935	0.25629938	-0.29891437	0.23462866	0.21946591	-0.51696837	0.999999	-0.26790413	-0.022923198	0.106209025	-0.28563815	-0.3311295
0.16853437	-0.11555555	-0.17775784	0.059881028	0.21118584	-0.23862422	-0.42511114	0.030087829	-0.25978646	-0.3099975	0.28557494	-0.5988123	-0.02296553	0.20011216	-0.26790413	0.99999905	0.076294295	-0.13334325	0.2710266	0.24716172
0.13394696	0.16245137	-0.11977005	0.18016404	0.19592065	-0.18728517	-0.01512284	-0.18566835	-0.50492656	0.005650707	0.026491977	-0.051464133	-0.21382314	-0.04291763	-0.022923198	0.076294295	0.9999989	-0.6279785	0.08709852	0.103862174
-0.19013031	-0.105738476	0.091974474	-0.2738763	-0.43233895	0.20756993	0.107469596	0.075605385	0.28697017	0.05140878	-0.096830755	0.073648944	0.1989986	-0.0545572	0.106209025	-0.13334325	-0.6279785	0.9999989	-0.13982308	-0.14523701
0.22818094	-0.013301089	-0.25453565	0.07379674	0.1636047	-0.48519173	-0.37162867	-0.034811597	-0.23213707	-0.50645024	0.27101892	-0.2805825	-0.0045968285	0.20733732	-0.28563815	0.2710266	0.08709852	-0.13982308	0.9999989	0.3066339
0.22386184	-0.0323193	-0.29434758	0.14866196	0.21275705	-0.5074655	-0.37465772	-0.019252237	-0.35740137	-0.3457617	0.25835162	-0.20247798	-0.118379	0.22713965	-0.3311295	0.24716172	0.103862174	-0.14523701	0.3066339	0.9999989
