1.0	0.03793538	0.18606356	0.25168878	-0.19981611	-0.3965975	-0.07781091	0.26778653	0.17815793	0.26220435	-0.28437218	0.21561596	0.29162437	-0.09540161	-0.27192187	-0.43853596	-0.29310343	-0.163772	-0.46879816	-0.0009465685
0.03793538	0.9999999	0.25604942	0.13412929	-0.24168721	-0.10637159	0.19633889	-0.07532442	0.24811591	-0.18523033	0.07576655	0.031918492	-0.10451168	-0.47950995	0.17204857	0.12603313	-0.3636478	-0.4235769	-0.060338937	-0.23813641
0.18606356	0.25604942	0.99999976	0.17326096	-0.15064949	-0.18690391	0.09709218	0.118808955	0.25385615	0.07875493	-0.12771131	0.115268074	0.07142754	-0.56543535	-0.011163485	-0.06353007	-0.4868503	-0.32308397	-0.20664896	-0.22860447
0.25168878	0.13412929	0.17326096	0.9999996	-0.50944245	-0.4660423	-0.10532209	0.23515095	0.17253877	0.09963757	-0.29706728	0.29750416	0.24477284	-0.226053	-0.15933904	-0.13646938	-0.16025999	-0.14611453	-0.3764659	-0.026106987
-0.19981611	-0.24168721	-0.15064949	-0.50944245	0.9999997	0.26022092	0.02877452	-0.22075304	-0.22407456	0.016788987	0.17334431	-0.53964716	-0.20262825	0.21154246	0.056986567	0.0245306	0.14043425	0.17844577	0.21183348	-0.014203116
-0.3965975	-0.10637159	-0.18690391	-0.4660423	0.26022092	0.9999996	-0.034685336	-0.1971861	-0.35623056	-0.13433151	0.17015398	-0.34780914	-0.3805025	0.1461243	0.123213746	0.14183445	0.2174012	0.19289312	0.2642784	0.09054087
-0.07781091	0.19633889	0.09709218	-0.10532209	0.02877452	-0.034685336	0.9999995	-0.2758118	0.14962283	-0.1699858	0.25202936	-0.2227906	-0.23844294	-0.08577208	0.25963783	0.18873538	-0.22911017	-0.25241646	0.12907697	-0.60915947
0.26778653	-0.07532442	0.118808955	0.23515095	-0.22075304	-0.1971861	-0.2758118	0.99999946	0.018046701	0.26212618	-0.497262	0.26883882	0.30026352	-0.057706058	-0.4361653	-0.34956446	-0.123409584	0.0117820585	-0.41764238	0.16802192
0.17815793	0.24811591	0.25385615	0.17253877	-0.22407456	-0.35623056	0.14962283	0.018046701	0.9999994	0.039364986	0.01448673	0.095712714	0.07250724	-0.35079685	-0.010480924	-0.044319842	-0.33592847	-0.6443314	-0.1246432	-0.15160365
0.26220435	-0.18523033	0.07875493	0.09963757	0.016788987	-0.13433151	-0.1699858	0.26212618	0.039364986	0.9999993	-0.34157237	0.12406497	0.25882596	0.062456686	-0.4266611	-0.5866028	-0.15776175	0.005332137	-0.309349	0.10193841
-0.28437218	0.07576655	-0.12771131	-0.29706728	0.17334431	0.17015398	0.25202936	-0.497262	0.01448673	-0.34157237	0.9999994	-0.39278805	-0.33835763	0.014611609	0.29820824	0.268143	0.049369797	-0.054163173	0.28595802	-0.26877695
0.21561596	0.031918492	0.115268074	0.29750416	-0.53964716	-0.34780914	-0.2227906	0.26883882	0.095712714	0.12406497	-0.39278805	0.9999993	0.2486327	-0.16165704	-0.24856617	-0.15443231	-0.08242251	-0.095957555	-0.28753817	0.13605346
0.29162437	-0.10451168	0.07142754	0.24477284	-0.20262825	-0.3805025	-0.23844294	0.30026352	0.07250724	0.25882596	-0.33835763	0.2486327	0.9999992	0.021451661	-0.40972197	-0.30930963	-0.17156616	-0.015248881	-0.44857466	0.10935895
-0.09540161	-0.47950995	-0.56543535	-0.226053	0.21154246	0.1461243	-0.08577208	-0.057706058	-0.35079685	0.062456686	0.014611609	-0.16165704	0.021451661	0.9999994	-0.09552547	-0.09374458	0.24685024	0.27003926	0.09828602	0.14024042
-0.27192187	0.17204857	-0.011163485	-0.15933904	0.056986567	0.123213746	0.25963783	-0.4361653	-0.010480924	-0.4266611	0.29820824	-0.24856617	-0.40972197	-0.09552547	0.99999934	0.30089685	-0.014387352	-0.05302792	0.25235552	-0.3263861
-0.43853596	0.12603313	-0.06353007	-0.13646938	0.0245306	0.14183445	0.18873538	-0.34956446	-0.044319842	-0.5866028	0.268143	-0.15443231	-0.30930963	-0.09374458	0.30089685	0.9999995	0.09072232	-0.023575826	0.26124778	-0.20205821
-0.29310343	-0.3636478	-0.4868503	-0.16025999	0.14043425	0.2174012	-0.22911017	-0.123409584	-0.33592847	-0.15776175	0.049369797	-0.08242251	-0.17156616	0.24685024	-0.014387352	0.09072232	0.99999934	0.26512608	0.19384056	0.21470389
-0.163772	-0.4235769	-0.32308397	-0.14611453	0.17844577	0.19289312	-0.25241646	0.0117820585	-0.6443314	0.005332137	-0.054163173	-0.095957555	-0.015248881	0.27003926	-0.05302792	-0.023575826	0.26512608	0.9999995	0.08482466	0.18682605
-0.46879816	-0.060338937	-0.20664896	-0.3764659	0.21183348	0.2642784	0.12907697	-0.41764238	-0.1246432	-0.309349	0.28595802	-0.28753817	-0.44857466	0.09828602	0.25235552	0.26124778	0.19384056	0.08482466	0.99999946	-0.0817015
-0.0009465685	-0.23813641	-0.22860447	-0.026106987	-0.014203116	0.09054087	-0.60915947	0.16802192	-0.15160365	0.10193841	-0.26877695	0.13605346	0.10935895	0.14024042	-0.3263861	-0.20205821	0.21470389	0.18682605	-0.0817015	0.99999946
