1.0000001	0.023997255	0.24050987	-0.32302558	0.25577608	0.14206217	0.3047598	-0.25196713	-0.2237921	-0.25340962	-0.34018332	-0.030590946	-0.3979236	-0.50385505	-0.25691828	0.22265187	0.2562467	0.1972925	-0.3172957	0.2556648
0.023997255	1.0000002	-0.24063699	0.09783534	-0.113919966	-0.35436046	0.030878529	0.1036791	-0.3574717	0.14517944	0.029761912	-0.5912564	0.03859527	-0.15430976	-0.04559435	-0.14748922	-0.011614503	0.19790587	0.2320785	0.1167417
0.24050987	-0.24063699	1.0000005	-0.58716494	0.22004217	0.2539723	0.21213199	-0.33590978	-0.016023511	-0.2961147	-0.30347925	0.109317824	-0.26193893	-0.15521614	-0.1435468	0.24669796	0.22146513	0.10805056	-0.41170216	0.1395452
-0.32302558	0.09783534	-0.58716494	1.0000005	-0.16652675	-0.26095518	-0.25670734	0.2495983	0.065344356	0.17156951	0.2672579	-0.040859427	0.21779619	0.19565882	0.22345133	-0.43101802	-0.17377615	-0.26049066	0.23023488	-0.21822281
0.25577608	-0.113919966	0.22004217	-0.16652675	1.0000004	0.19203223	0.26253662	-0.30882192	0.02554909	-0.5786099	-0.3116439	0.06519336	-0.4278722	-0.28970364	-0.25415793	0.2583845	0.26112786	0.042464074	-0.24573985	0.11388969
0.14206217	-0.35436046	0.2539723	-0.26095518	0.19203223	1.0000002	0.15381019	-0.43836486	0.1346681	-0.17547147	-0.30082288	0.24092656	-0.28018558	-0.07348063	-0.038182955	0.15827961	0.17096783	-0.12411411	-0.42772493	0.02694416
0.3047598	0.030878529	0.21213199	-0.25670734	0.26253662	0.15381019	1.0000002	-0.3988213	-0.17657371	-0.22473735	-0.4080738	-0.05491716	-0.41746393	-0.46501648	-0.373379	0.25188673	0.270343	0.20636673	-0.17739178	0.26036757
-0.25196713	0.1036791	-0.33590978	0.2495983	-0.30882192	-0.43836486	-0.3988213	1.0000002	0.03973585	0.2417877	0.30885348	-0.10073098	0.29070082	0.20271005	0.19797178	-0.31340542	-0.41989127	-0.08341838	0.26370114	-0.24740705
-0.2237921	-0.3574717	-0.016023511	0.065344356	0.02554909	0.1346681	-0.17657371	0.03973585	1.0000004	-0.12240113	0.13619214	0.23910683	0.07810573	0.2156615	0.18782873	-0.036269557	-0.24278249	-0.36817706	-0.11495808	-0.46374246
-0.25340962	0.14517944	-0.2961147	0.17156951	-0.5786099	-0.17547147	-0.22473735	0.2417877	-0.12240113	1.0000002	0.21035282	-0.09912657	0.25949386	0.11853379	0.14156283	-0.3756403	-0.36473283	0.018836718	0.21331322	-0.030386044
-0.34018332	0.029761912	-0.30347925	0.2672579	-0.3116439	-0.30082288	-0.4080738	0.30885348	0.13619214	0.21035282	1.0000004	-0.047795	0.2967766	0.26091483	0.26454324	-0.31291908	-0.39507124	-0.26563954	0.23518541	-0.32421005
-0.030590946	-0.5912564	0.109317824	-0.040859427	0.06519336	0.24092656	-0.05491716	-0.10073098	0.23910683	-0.09912657	-0.047795	1.0000005	-0.0040036566	0.097777195	0.054943714	0.071128175	0.012582895	-0.39624318	-0.35049087	-0.17496221
-0.3979236	0.03859527	-0.26193893	0.21779619	-0.4278722	-0.28018558	-0.41746393	0.29070082	0.07810573	0.25949386	0.2967766	-0.0040036566	1.0000004	0.21942422	0.20030437	-0.21506341	-0.49140796	-0.19156502	0.22090992	-0.1346825
-0.50385505	-0.15430976	-0.15521614	0.19565882	-0.28970364	-0.07348063	-0.46501648	0.20271005	0.2156615	0.11853379	0.26091483	0.097777195	0.21942422	1.0000002	0.2637821	-0.21551883	-0.15420033	-0.23862213	0.10849143	-0.43303078
-0.25691828	-0.04559435	-0.1435468	0.22345133	-0.25415793	-0.038182955	-0.373379	0.19797178	0.18782873	0.14156283	0.26454324	0.054943714	0.20030437	0.2637821	1.0000002	-0.5216518	-0.21860084	-0.36308143	0.08654057	-0.40581495
0.22265187	-0.14748922	0.24669796	-0.43101802	0.2583845	0.15827961	0.25188673	-0.31340542	-0.036269557	-0.3756403	-0.31291908	0.071128175	-0.21506341	-0.21551883	-0.5216518	1.0000001	0.20764709	0.12455114	-0.15323775	0.18098618
0.2562467	-0.011614503	0.22146513	-0.17377615	0.26112786	0.17096783	0.270343	-0.41989127	-0.24278249	-0.36473283	-0.39507124	0.012582895	-0.49140796	-0.15420033	-0.21860084	0.20764709	0.99999976	0.13576877	-0.25496316	0.19089177
0.1972925	0.19790587	0.10805056	-0.26049066	0.042464074	-0.12411411	0.20636673	-0.08341838	-0.36817706	0.018836718	-0.26563954	-0.39624318	-0.19156502	-0.23862213	-0.36308143	0.12455114	0.13576877	0.9999997	-0.012131583	0.27224705
-0.3172957	0.2320785	-0.41170216	0.23023488	-0.24573985	-0.42772493	-0.17739178	0.26370114	-0.11495808	0.21331322	0.23518541	-0.35049087	0.22090992	0.10849143	0.08654057	-0.15323775	-0.25496316	-0.012131583	0.99999976	-0.12481895
0.2556648	0.1167417	0.1395452	-0.21822281	0.11388969	0.02694416	0.26036757	-0.24740705	-0.46374246	-0.030386044	-0.32421005	-0.17496221	-0.1346825	-0.43303078	-0.40581495	0.18098618	0.19089177	0.27224705	-0.12481895	0.99999976
