0.99999994	0.27444232	-0.4980471	-0.27780357	-0.23902762	0.06886862	-0.036672067	-0.18193188	-0.18827787	0.08273197	-0.0898711	0.19270554	0.1804924	-0.11421385	0.23140267	0.06772102	0.26087007	-0.3049414	0.1338203	-0.56226766
0.27444232	0.99999994	-0.38316345	-0.41180137	-0.31219345	0.032575954	0.0009495056	-0.2072466	-0.20894259	-0.027910488	-0.039506625	0.117227115	0.20164578	0.029712025	0.29241902	0.19271182	0.268861	-0.49336457	0.0034572678	-0.329872
-0.4980471	-0.38316345	0.99999964	0.19045107	0.28784978	-0.24898234	0.13287418	0.0622708	0.14990672	-0.19731832	0.15573268	-0.32142404	-0.16351615	0.16174483	-0.19693616	-0.048924994	-0.3333139	0.25410315	-0.2618371	0.2585307
-0.27780357	-0.41180137	0.19045107	0.99999976	0.16814832	0.015489056	-0.1182953	0.22308338	0.15987733	0.08483322	-0.043155644	-0.042362265	-0.32111567	-0.05261698	-0.59962505	-0.31455743	-0.15289114	0.21231382	0.02977234	0.2502562
-0.23902762	-0.31219345	0.28784978	0.16814832	0.99999964	-0.34648052	0.1907149	-0.030477773	0.19572678	-0.29369292	0.17994311	-0.2839504	-0.21491274	0.17405026	-0.24141292	-0.026121374	-0.42345053	0.24298987	-0.21414417	0.18644173
0.06886862	0.032575954	-0.24898234	0.015489056	-0.34648052	0.9999996	-0.49655387	0.22231792	-0.1616297	0.29461172	-0.44344577	0.2953967	0.10137272	-0.40882	-0.043858167	-0.23744394	0.090634674	-0.05362119	0.28909335	0.030475289
-0.036672067	0.0009495056	0.13287418	-0.1182953	0.1907149	-0.49655387	0.9999996	-0.3580952	0.17299715	-0.36331445	0.29633826	-0.4243823	-0.18189476	0.28739858	0.08934683	0.22613244	-0.09773046	0.042995255	-0.2948773	-0.067931
-0.18193188	-0.2072466	0.0622708	0.22308338	-0.030477773	0.22231792	-0.3580952	0.99999994	-0.045498617	0.21855833	-0.40158996	0.14893681	-0.1120328	-0.24198206	-0.20729911	-0.50478166	-0.1073021	0.11415215	0.20837754	0.20054106
-0.18827787	-0.20894259	0.14990672	0.15987733	0.19572678	-0.1616297	0.17299715	-0.045498617	0.99999994	-0.26127976	0.100565545	-0.11753242	-0.7206321	0.12229147	-0.24518979	-0.013600997	-0.03510957	0.065776914	-0.08085056	0.11140237
0.08273197	-0.027910488	-0.19731832	0.08483322	-0.29369292	0.29461172	-0.36331445	0.21855833	-0.26127976	0.9999998	-0.26050302	0.26647827	0.101672344	-0.51848423	-0.13358736	-0.3397096	0.057230495	-0.0018448186	0.27077943	0.020749584
-0.0898711	-0.039506625	0.15573268	-0.043155644	0.17994311	-0.44344577	0.29633826	-0.40158996	0.100565545	-0.26050302	0.99999976	-0.41202375	-0.06460894	0.29246503	0.055900387	0.24185868	-0.088100776	0.06293342	-0.5253049	-0.017626293
0.19270554	0.117227115	-0.32142404	-0.042362265	-0.2839504	0.2953967	-0.4243823	0.14893681	-0.11753242	0.26647827	-0.41202375	0.9999996	0.09247418	-0.4213073	0.011934183	-0.23329721	0.18779935	-0.20986992	0.30337283	-0.15017468
0.1804924	0.20164578	-0.16351615	-0.32111567	-0.21491274	0.10137272	-0.18189476	-0.1120328	-0.7206321	0.101672344	-0.06460894	0.09247418	0.9999995	-0.07318243	0.2228243	0.10136207	0.07221481	-0.08761306	0.04662316	-0.18117258
-0.11421385	0.029712025	0.16174483	-0.05261698	0.17405026	-0.40882	0.28739858	-0.24198206	0.12229147	-0.51848423	0.29246503	-0.4213073	-0.07318243	0.9999992	0.06240967	0.25226527	-0.048909076	-0.011608201	-0.46863905	-0.02257296
0.23140267	0.29241902	-0.19693616	-0.59962505	-0.24141292	-0.043858167	0.08934683	-0.20729911	-0.24518979	-0.13358736	0.055900387	0.011934183	0.2228243	0.06240967	0.99999934	0.21325056	0.18902445	-0.3209697	-0.023300802	-0.356332
0.06772102	0.19271182	-0.048924994	-0.31455743	-0.026121374	-0.23744394	0.22613244	-0.50478166	-0.013600997	-0.3397096	0.24185868	-0.23329721	0.10136207	0.25226527	0.21325056	0.9999991	0.08048501	-0.14051975	-0.37634754	-0.14048125
0.26087007	0.268861	-0.3333139	-0.15289114	-0.42345053	0.090634674	-0.09773046	-0.1073021	-0.03510957	0.057230495	-0.088100776	0.18779935	0.07221481	-0.048909076	0.18902445	0.08048501	0.9999991	-0.59460706	0.099768214	-0.42547226
-0.3049414	-0.49336457	0.25410315	0.21231382	0.24298987	-0.05362119	0.042995255	0.11415215	0.065776914	-0.0018448186	0.06293342	-0.20986992	-0.08761306	-0.011608201	-0.3209697	-0.14051975	-0.59460706	0.9999988	-0.055786308	0.27948257
0.1338203	0.0034572678	-0.2618371	0.02977234	-0.21414417	0.28909335	-0.2948773	0.20837754	-0.08085056	0.27077943	-0.5253049	0.30337283	0.04662316	-0.46863905	-0.023300802	-0.37634754	0.099768214	-0.055786308	0.9999988	-0.083975546
-0.56226766	-0.329872	0.2585307	0.2502562	0.18644173	0.030475289	-0.067931	0.20054106	0.11140237	0.020749584	-0.017626293	-0.15017468	-0.18117258	-0.02257296	-0.356332	-0.14048125	-0.42547226	0.27948257	-0.083975546	0.9999988
