1.0	-0.26837227	-0.18532212	-0.1332568	-0.23246084	0.14649574	-0.16499357	0.21754469	-0.40186256	-0.3229781	-0.08642067	0.14834607	0.26600435	0.22480278	-0.16765961	0.29897463	0.16796626	0.2439012	-0.45178932	-0.2989195
-0.26837227	0.9999997	-0.0020541342	0.21275626	0.007987561	-0.004098306	-0.069983825	-0.08486519	0.17501153	0.01959468	-0.09319083	0.019680887	-0.10346356	-0.06448407	-0.01905613	-0.43990138	0.052374978	-0.6905935	0.26458648	0.08807149
-0.18532212	-0.0020541342	0.9999997	-0.1338524	0.28610915	-0.2523262	0.18299048	-0.5714502	0.2735247	0.30733252	0.22212948	-0.45566997	-0.372837	-0.3196154	0.29266763	-0.16875258	-0.41034222	-0.05535403	0.05899954	0.3038232
-0.1332568	0.21275626	-0.1338524	0.99999976	-0.10851004	0.17043559	-0.33741453	0.119435295	-0.04808429	-0.17953622	-0.47110137	0.18894438	0.10258363	0.15911178	-0.29016423	-0.16914484	0.18371217	-0.3166061	0.25294974	-0.2022578
-0.23246084	0.007987561	0.28610915	-0.10851004	0.99999976	-0.48880476	0.23140202	-0.28183675	0.27582142	0.29430217	0.20475073	-0.43456903	-0.4294695	-0.39139396	0.25755367	-0.19136307	-0.33443394	-0.027015094	0.059730783	0.3021998
0.14649574	-0.004098306	-0.2523262	0.17043559	-0.48880476	0.9999998	-0.58634716	0.21953319	-0.29246455	-0.24357612	-0.20256726	0.21797158	0.26385745	0.2458239	-0.1398968	0.04332368	0.18943669	0.0069318675	0.05191982	-0.3456481
-0.16499357	-0.069983825	0.18299048	-0.33741453	0.23140202	-0.58634716	0.9999999	-0.19607885	0.17724456	0.21100399	0.24527904	-0.16622657	-0.34177315	-0.26572782	0.18441851	0.012815319	-0.1887695	0.0153380735	-0.18244123	0.23926444
0.21754469	-0.08486519	-0.5714502	0.119435295	-0.28183675	0.21953319	-0.19607885	0.99999976	-0.43265942	-0.4001426	-0.20860584	0.29882312	0.29972777	0.29919958	-0.34356496	0.1924967	0.281224	0.08838339	-0.07758581	-0.41957763
-0.40186256	0.17501153	0.2735247	-0.04808429	0.27582142	-0.29246455	0.17724456	-0.43265942	0.9999997	0.29197454	0.1527688	-0.3036458	-0.38037214	-0.3882384	0.2415056	-0.3688296	-0.21885256	-0.22894354	0.16846709	0.307635
-0.3229781	0.01959468	0.30733252	-0.17953622	0.29430217	-0.24357612	0.21100399	-0.4001426	0.29197454	0.9999998	0.24814649	-0.37858912	-0.38512367	-0.42006227	0.31172165	-0.26082808	-0.43617427	-0.048212156	0.07133866	0.3198083
-0.08642067	-0.09319083	0.22212948	-0.47110137	0.20475073	-0.20256726	0.24527904	-0.20860584	0.1527688	0.24814649	0.9999997	-0.36441776	-0.25841594	-0.35998714	0.2902254	-0.0023713987	-0.40069205	0.06106875	-0.22494894	0.24835098
0.14834607	0.019680887	-0.45566997	0.18894438	-0.43456903	0.21797158	-0.16622657	0.29882312	-0.3036458	-0.37858912	-0.36441776	0.9999998	0.28583184	0.31066102	-0.42905274	0.11743649	0.3155682	-0.003490137	0.014211744	-0.38181388
0.26600435	-0.10346356	-0.372837	0.10258363	-0.4294695	0.26385745	-0.34177315	0.29972777	-0.38037214	-0.38512367	-0.25841594	0.28583184	0.9999997	0.31794152	-0.34450445	0.21324159	0.27963448	0.12492961	-0.1474705	-0.39032185
0.22480278	-0.06448407	-0.3196154	0.15911178	-0.39139396	0.2458239	-0.26572782	0.29919958	-0.3882384	-0.42006227	-0.35998714	0.31066102	0.31794152	0.9999999	-0.4331391	0.17759599	0.3031297	0.08625687	-0.06000477	-0.42187
-0.16765961	-0.01905613	0.29266763	-0.29016423	0.25755367	-0.1398968	0.18441851	-0.34356496	0.2415056	0.31172165	0.2902254	-0.42905274	-0.34450445	-0.4331391	0.9999999	-0.18880656	-0.48610193	-0.020345675	-0.0105934655	0.29479334
0.29897463	-0.43990138	-0.16875258	-0.16914484	-0.19136307	0.04332368	0.012815319	0.1924967	-0.3688296	-0.26082808	-0.0023713987	0.11743649	0.21324159	0.17759599	-0.18880656	0.9999999	0.14267015	0.27585626	-0.45702115	-0.22739193
0.16796626	0.052374978	-0.41034222	0.18371217	-0.33443394	0.18943669	-0.1887695	0.281224	-0.21885256	-0.43617427	-0.40069205	0.3155682	0.27963448	0.3031297	-0.48610193	0.14267015	0.99999964	-0.038413733	-0.040629067	-0.36130688
0.2439012	-0.6905935	-0.05535403	-0.3166061	-0.027015094	0.0069318675	0.0153380735	0.08838339	-0.22894354	-0.048212156	0.06106875	-0.003490137	0.12492961	0.08625687	-0.020345675	0.27585626	-0.038413733	0.9999995	-0.35428604	-0.119405456
-0.45178932	0.26458648	0.05899954	0.25294974	0.059730783	0.05191982	-0.18244123	-0.07758581	0.16846709	0.07133866	-0.22494894	0.014211744	-0.1474705	-0.06000477	-0.0105934655	-0.45702115	-0.040629067	-0.35428604	0.9999995	0.064567
-0.2989195	0.08807149	0.3038232	-0.2022578	0.3021998	-0.3456481	0.23926444	-0.41957763	0.307635	0.3198083	0.24835098	-0.38181388	-0.39032185	-0.42187	0.29479334	-0.22739193	-0.36130688	-0.119405456	0.064567	0.9999995
