1.0000001	0.14996608	-0.22058362	0.20909742	-0.4866464	0.2873094	-0.28704032	0.052354533	-0.16525304	0.023922604	0.3212785	-0.43081886	0.20471738	-0.106466144	0.29011157	-0.39176637	-0.19328845	-0.012937804	-0.41974866	0.17579298
0.14996608	0.9999998	-0.33444077	0.31062037	-0.115388304	0.04349179	-0.51489425	-0.160544	-0.48427272	0.22073154	0.14315051	-0.044818416	0.26391122	0.14058177	0.17476135	-0.40397546	0.073121086	-0.32862988	-0.07031023	-0.063060895
-0.22058362	-0.33444077	0.99999976	-0.4640963	0.20244135	-0.17474787	0.29354855	0.03174076	0.3029795	-0.10352257	-0.24778712	0.14929952	-0.58917516	-0.080282934	-0.35504743	0.3039201	0.026562996	0.14452101	0.17445356	-0.059783384
0.20909742	0.31062037	-0.4640963	0.99999976	-0.21431574	0.11164131	-0.4765229	-0.055759266	-0.48924148	0.15606007	0.19510548	-0.11610571	0.30825913	0.06944245	0.22372794	-0.42070287	0.033181664	-0.22734085	-0.16859698	0.015547075
-0.4866464	-0.115388304	0.20244135	-0.21431574	0.99999964	-0.43768808	0.19752865	-0.06132752	0.132398	-0.048279207	-0.5217263	0.3115672	-0.2219463	0.072522126	-0.35782942	0.2378191	0.21247129	0.035667773	0.32021284	-0.2574807
0.2873094	0.04349179	-0.17474787	0.11164131	-0.43768808	0.9999996	-0.17490546	0.070618965	-0.070588574	-0.021075005	0.3042941	-0.4929309	0.15645748	-0.057927113	0.27278548	-0.16117668	-0.37578493	-0.01689748	-0.51242864	0.24955297
-0.28704032	-0.51489425	0.29354855	-0.4765229	0.19752865	-0.17490546	0.9999996	0.060227603	0.3113098	-0.20016938	-0.2566267	0.12725808	-0.3789245	-0.06063937	-0.24618231	0.30712798	-0.05590024	0.17499866	0.14720042	0.03260593
0.052354533	-0.160544	0.03174076	-0.055759266	-0.06132752	0.070618965	0.060227603	0.99999976	0.08658994	-0.4046308	-0.011475438	-0.065567665	0.015508233	-0.7894407	0.0011070889	0.09259408	-0.026722489	0.27320313	-0.07139035	-0.03708599
-0.16525304	-0.48427272	0.3029795	-0.48924148	0.132398	-0.070588574	0.3113098	0.08658994	0.9999999	-0.25269967	-0.15364824	0.06713366	-0.4496199	-0.09125805	-0.3022323	0.29255268	-0.060548857	0.20556107	0.09082185	0.030016389
0.023922604	0.22073154	-0.10352257	0.15606007	-0.048279207	-0.021075005	-0.20016938	-0.4046308	-0.25269967	1.0	0.035250623	0.03596925	0.058845513	0.24503484	0.07864736	-0.16630131	-0.1122209	-0.67597	0.0050366535	0.12537098
0.3212785	0.14315051	-0.24778712	0.19510548	-0.5217263	0.3042941	-0.2566267	-0.011475438	-0.15364824	0.035250623	0.99999994	-0.41795188	0.20521861	-0.007746342	0.2952078	-0.33087403	-0.22955848	-0.04277161	-0.4750475	0.19570859
-0.43081886	-0.044818416	0.14929952	-0.11610571	0.3115672	-0.4929309	0.12725808	-0.065567665	0.06713366	0.03596925	-0.41795188	0.9999996	-0.15217763	0.05219699	-0.42564997	0.19033176	0.2580014	-0.008772422	0.3159495	-0.35291338
0.20471738	0.26391122	-0.58917516	0.30825913	-0.2219463	0.15645748	-0.3789245	0.015508233	-0.4496199	0.058845513	0.20521861	-0.15217763	0.9999995	0.019850107	0.24273822	-0.38605377	0.018924221	-0.09713736	-0.18415509	-0.035239737
-0.106466144	0.14058177	-0.080282934	0.06944245	0.072522126	-0.057927113	-0.06063937	-0.7894407	-0.09125805	0.24503484	-0.007746342	0.05219699	0.019850107	0.9999996	-0.0049212812	-0.11086316	0.060195263	-0.40938404	0.08744984	-0.028343555
0.29011157	0.17476135	-0.35504743	0.22372794	-0.35782942	0.27278548	-0.24618231	0.0011070889	-0.3022323	0.07864736	0.2952078	-0.42564997	0.24273822	-0.0049212812	0.9999991	-0.3851046	-0.32146108	-0.09468574	-0.29002357	0.20405172
-0.39176637	-0.40397546	0.3039201	-0.42070287	0.2378191	-0.16117668	0.30712798	0.09259408	0.29255268	-0.16630131	-0.33087403	0.19033176	-0.38605377	-0.11086316	-0.3851046	0.99999917	0.061558567	0.16570042	0.18753697	-0.08232262
-0.19328845	0.073121086	0.026562996	0.033181664	0.21247129	-0.37578493	-0.05590024	-0.026722489	-0.060548857	-0.1122209	-0.22955848	0.2580014	0.018924221	0.060195263	-0.32146108	0.061558567	0.9999991	0.03988734	0.24922581	-0.6576432
-0.012937804	-0.32862988	0.14452101	-0.22734085	0.035667773	-0.01689748	0.17499866	0.27320313	0.20556107	-0.67597	-0.04277161	-0.008772422	-0.09713736	-0.40938404	-0.09468574	0.16570042	0.03988734	0.99999905	-0.028212277	-0.09679896
-0.41974866	-0.07031023	0.17445356	-0.16859698	0.32021284	-0.51242864	0.14720042	-0.07139035	0.09082185	0.0050366535	-0.4750475	0.3159495	-0.18415509	0.08744984	-0.29002357	0.18753697	0.24922581	-0.028212277	0.9999991	-0.35797322
0.17579298	-0.063060895	-0.059783384	0.015547075	-0.2574807	0.24955297	0.03260593	-0.03708599	0.030016389	0.12537098	0.19570859	-0.35291338	-0.035239737	-0.028343555	0.20405172	-0.08232262	-0.6576432	-0.09679896	-0.35797322	0.9999991
