1.0000001	0.2744824	0.16323322	0.15665922	-0.047889646	-0.423379	-0.39437893	0.19193275	0.123448044	-0.11415194	0.052939024	-0.38768372	-0.42004496	-0.28156742	-0.11005057	0.20582286	0.11502039	0.09981472	-0.15545736	-0.04874874
0.2744824	0.9999998	0.26282898	-0.03644284	-0.08955774	-0.5082034	-0.18096903	0.23415712	0.23480298	-0.1306704	0.12644587	-0.40339217	-0.31309223	-0.34509748	-0.19524956	0.20273396	0.19886157	-0.09700303	-0.33430544	0.099670604
0.16323322	0.26282898	0.9999997	-0.24689373	-0.22261414	-0.23907737	-0.060233943	0.18182829	0.2678542	-0.32949483	0.24162899	-0.33226386	-0.14579897	-0.34573868	-0.21867058	0.19375025	0.23753986	-0.3510776	-0.28733718	0.2305373
0.15665922	-0.03644284	-0.24689373	0.9999997	0.12945619	-0.034319308	-0.46034646	0.06720396	-0.12801991	0.118467994	-0.15864539	-0.04555265	-0.45243487	0.010723915	-0.040488355	0.089682065	-0.13859488	0.28456983	0.0906077	-0.20563206
-0.047889646	-0.08955774	-0.22261414	0.12945619	0.99999964	0.1585604	-0.18417889	-0.074547894	-0.25066954	0.271386	-0.3100994	0.15462977	-0.025327794	0.25544024	0.13792682	-0.3632302	-0.5179205	0.19377613	0.22789072	-0.4430307
-0.423379	-0.5082034	-0.23907737	-0.034319308	0.1585604	0.99999946	0.1510538	-0.27853778	-0.38789707	0.16872044	-0.15208435	0.30521443	0.17039707	0.27833563	0.23463106	-0.3533455	-0.29783866	0.06844217	0.25781038	-0.11848242
-0.39437893	-0.18096903	-0.060233943	-0.46034646	-0.18417889	0.1510538	0.99999964	-0.17487285	-0.075229414	-0.049167942	0.056727815	0.15299281	0.27270558	0.058656167	0.14124064	-0.22803447	0.05243494	-0.26532838	0.016690308	0.1702387
0.19193275	0.23415712	0.18182829	0.06720396	-0.074547894	-0.27853778	-0.17487285	0.99999964	0.22831912	-0.087205924	0.060597382	-0.44244576	-0.22854128	-0.21815832	-0.60608464	0.22445045	0.20021649	0.023336824	-0.3798621	0.078214444
0.123448044	0.23480298	0.2678542	-0.12801991	-0.25066954	-0.38789707	-0.075229414	0.22831912	0.9999996	-0.3572574	0.25369734	-0.32424897	-0.000581601	-0.2384396	-0.3837799	0.23438731	0.27498138	-0.26239341	-0.43787107	0.22889791
-0.11415194	-0.1306704	-0.32949483	0.118467994	0.271386	0.16872044	-0.049167942	-0.087205924	-0.3572574	0.99999964	-0.6007656	0.14916602	0.01978357	0.23617394	0.15645157	-0.26739427	-0.2689096	0.23360334	0.26646307	-0.4151977
0.052939024	0.12644587	0.24162899	-0.15864539	-0.3100994	-0.15208435	0.056727815	0.060597382	0.25369734	-0.6007656	0.9999996	-0.08378516	0.016116792	-0.18479829	-0.13132687	0.15394996	0.21264903	-0.42646167	-0.39668244	0.2698973
-0.38768372	-0.40339217	-0.33226386	-0.04555265	0.15462977	0.30521443	0.15299281	-0.44244576	-0.32424897	0.14916602	-0.08378516	0.9999997	0.19951384	0.28231785	0.2631941	-0.27712953	-0.31190687	0.029114038	0.26207826	-0.18981221
-0.42004496	-0.31309223	-0.14579897	-0.45243487	-0.025327794	0.17039707	0.27270558	-0.22854128	-0.000581601	0.01978357	0.016116792	0.19951384	0.9999997	0.14599815	0.09098675	-0.15145412	-0.013872026	-0.28755066	0.06325611	0.059940834
-0.28156742	-0.34509748	-0.34573868	0.010723915	0.25544024	0.27833563	0.058656167	-0.21815832	-0.2384396	0.23617394	-0.18479829	0.28231785	0.14599815	0.9999996	0.2229424	-0.46649072	-0.3960816	0.08880364	0.25508434	-0.35810396
-0.11005057	-0.19524956	-0.21867058	-0.040488355	0.13792682	0.23463106	0.14124064	-0.60608464	-0.3837799	0.15645157	-0.13132687	0.2631941	0.09098675	0.2229424	0.99999964	-0.39789093	-0.31931603	0.021466566	0.25517568	-0.12115789
0.20582286	0.20273396	0.19375025	0.089682065	-0.3632302	-0.3533455	-0.22803447	0.22445045	0.23438731	-0.26739427	0.15394996	-0.27712953	-0.15145412	-0.46649072	-0.39789093	0.9999999	0.25294036	-0.008209828	-0.19726232	0.1527248
0.11502039	0.19886157	0.23753986	-0.13859488	-0.5179205	-0.29783866	0.05243494	0.20021649	0.27498138	-0.2689096	0.21264903	-0.31190687	-0.013872026	-0.3960816	-0.31931603	0.25294036	0.9999998	-0.16990712	-0.3837403	0.27344385
0.09981472	-0.09700303	-0.3510776	0.28456983	0.19377613	0.06844217	-0.26532838	0.023336824	-0.26239341	0.23360334	-0.42646167	0.029114038	-0.28755066	0.08880364	0.021466566	-0.008209828	-0.16990712	0.99999976	0.18293315	-0.35792848
-0.15545736	-0.33430544	-0.28733718	0.0906077	0.22789072	0.25781038	0.016690308	-0.3798621	-0.43787107	0.26646307	-0.39668244	0.26207826	0.06325611	0.25508434	0.25517568	-0.19726232	-0.3837403	0.18293315	0.99999976	-0.30547127
-0.04874874	0.099670604	0.2305373	-0.20563206	-0.4430307	-0.11848242	0.1702387	0.078214444	0.22889791	-0.4151977	0.2698973	-0.18981221	0.059940834	-0.35810396	-0.12115789	0.1527248	0.27344385	-0.35792848	-0.30547127	0.99999976
