1.0000001	-0.37372947	0.27212727	0.25088516	-0.17210244	-0.39798266	-0.4639606	0.26320586	-0.39559537	-0.26307586	0.17804293	0.27402735	-0.18516143	0.24495992	0.31533018	-0.29184845	0.21236832	-0.4163768	-0.31799048	0.2668771
-0.37372947	1.0000001	-0.39767975	-0.14101438	0.27312538	0.31768462	0.17225184	-0.5308413	0.30045736	0.26544794	-0.16220303	-0.24528532	0.11114638	-0.4355636	-0.24296737	0.20347175	-0.24691106	0.29427454	0.25716227	-0.41882646
0.27212727	-0.39767975	0.9999999	0.20988956	-0.37931064	-0.33447313	-0.21120536	0.29588085	-0.39954066	-0.52034307	0.13707045	0.28883103	-0.08659985	0.30422348	0.21530949	-0.2915535	0.28282875	-0.35023543	-0.32616183	0.29094288
0.25088516	-0.14101438	0.20988956	0.9999998	-0.23677571	-0.26366618	-0.33091065	0.17349066	-0.28210586	-0.2768261	0.28602424	0.20957087	-0.5076842	0.1995452	0.24035192	-0.46666554	0.2251186	-0.20077771	-0.31976533	0.23131631
-0.17210244	0.27312538	-0.37931064	-0.23677571	0.9999997	0.26692265	0.12493844	-0.38294998	0.29042935	0.27973685	-0.29185876	-0.37954617	0.16061346	-0.47521427	-0.1426256	0.25327662	-0.4268101	0.25492322	0.28304118	-0.29981285
-0.39798266	0.31768462	-0.33447313	-0.26366618	0.26692265	0.9999998	0.2178183	-0.44827315	0.31265807	0.27460486	-0.16009678	-0.27920502	0.13623804	-0.3920243	-0.34321707	0.22857289	-0.25994805	0.3101271	0.28144935	-0.4671889
-0.4639606	0.17225184	-0.21120536	-0.33091065	0.12493844	0.2178183	0.99999964	-0.12717846	0.22059357	0.13609636	-0.27579048	-0.28719908	0.18675883	-0.1313281	-0.6459902	0.23661391	-0.082830705	0.23509885	0.19551858	-0.16929452
0.26320586	-0.5308413	0.29588085	0.17349066	-0.38294998	-0.44827315	-0.12717846	0.9999996	-0.36437154	-0.25950015	0.14692967	0.27165896	-0.09115584	0.30933514	0.20133398	-0.25718027	0.24421237	-0.43406215	-0.29583162	0.28529772
-0.39559537	0.30045736	-0.39954066	-0.28210586	0.29042935	0.31265807	0.22059357	-0.36437154	0.9999996	0.287048	-0.16176224	-0.3824594	0.14921488	-0.42751488	-0.3337222	0.2461923	-0.37231976	0.31368423	0.3177752	-0.3186605
-0.26307586	0.26544794	-0.52034307	-0.2768261	0.27973685	0.27460486	0.13609636	-0.25950015	0.287048	0.9999995	-0.13986845	-0.25146207	0.16515395	-0.29028884	-0.15905179	0.1915874	-0.4885249	0.259802	0.27914664	-0.48968217
0.17804293	-0.16220303	0.13707045	0.28602424	-0.29185876	-0.16009678	-0.27579048	0.14692967	-0.16176224	-0.13986845	0.99999946	0.13311808	-0.6117981	0.120937005	0.17759141	-0.49003094	0.13509938	-0.11739725	-0.084339835	0.1803334
0.27402735	-0.24528532	0.28883103	0.20957087	-0.37954617	-0.27920502	-0.28719908	0.27165896	-0.3824594	-0.25146207	0.13311808	0.99999946	-0.040386673	0.2864136	0.24783093	-0.403082	0.24101874	-0.4513381	-0.45024523	0.21774039
-0.18516143	0.11114638	-0.08659985	-0.5076842	0.16061346	0.13623804	0.18675883	-0.09115584	0.14921488	0.16515395	-0.6117981	-0.040386673	0.9999994	-0.07405918	-0.19599882	0.21526165	-0.2589775	0.095657535	0.12147124	-0.28969362
0.24495992	-0.4355636	0.30422348	0.1995452	-0.47521427	-0.3920243	-0.1313281	0.30933514	-0.42751488	-0.29028884	0.120937005	0.2864136	-0.07405918	0.99999946	0.1940166	-0.28762794	0.27231622	-0.26982567	-0.41388345	0.2655838
0.31533018	-0.24296737	0.21530949	0.24035192	-0.1426256	-0.34321707	-0.6459902	0.20133398	-0.3337222	-0.15905179	0.17759141	0.24783093	-0.19599882	0.1940166	0.9999993	-0.21682957	0.1591301	-0.3895733	-0.2920526	0.21113488
-0.29184845	0.20347175	-0.2915535	-0.46666554	0.25327662	0.22857289	0.23661391	-0.25718027	0.2461923	0.1915874	-0.49003094	-0.403082	0.21526165	-0.28762794	-0.21682957	0.9999993	-0.13732369	0.22168285	0.21268019	-0.16719696
0.21236832	-0.24691106	0.28282875	0.2251186	-0.4268101	-0.25994805	-0.082830705	0.24421237	-0.37231976	-0.4885249	0.13509938	0.24101874	-0.2589775	0.27231622	0.1591301	-0.13732369	0.99999917	-0.30329105	-0.47878033	0.2836257
-0.4163768	0.29427454	-0.35023543	-0.20077771	0.25492322	0.3101271	0.23509885	-0.43406215	0.31368423	0.259802	-0.11739725	-0.4513381	0.095657535	-0.26982567	-0.3895733	0.22168285	-0.30329105	0.99999887	0.29546532	-0.347837
-0.31799048	0.25716227	-0.32616183	-0.31976533	0.28304118	0.28144935	0.19551858	-0.29583162	0.3177752	0.27914664	-0.084339835	-0.45024523	0.12147124	-0.41388345	-0.2920526	0.21268019	-0.47878033	0.29546532	0.99999887	-0.26465806
0.2668771	-0.41882646	0.29094288	0.23131631	-0.29981285	-0.4671889	-0.16929452	0.28529772	-0.3186605	-0.48968217	0.1803334	0.21774039	-0.28969362	0.2655838	0.21113488	-0.16719696	0.2836257	-0.347837	-0.26465806	0.99999887
