1.0000001	-0.0007133339	-0.1763015	-0.15975636	-0.0061533377	-0.3667412	-0.5073158	0.15413208	0.23631585	0.02678745	0.10595929	0.15346663	-0.14485772	0.1153037	-0.42363796	0.091455966	-0.1906258	-0.08769649	0.18272659	-0.0023480828
-0.0007133339	1.0000002	0.032530002	-0.26960278	0.29095367	-0.28998107	0.01918695	0.25344864	0.17232633	-0.3811236	0.27255332	0.26080006	-0.33702046	-0.0038863628	-0.21127573	0.24340819	-0.36428663	-0.29485658	0.058356788	-0.4508174
-0.1763015	0.032530002	1.0	0.22642416	-0.15737206	0.16293728	0.051517405	-0.22466967	-0.32641938	0.03790445	-0.011877711	-0.02456299	0.022422088	-0.7009649	0.1191988	0.059598256	0.11378401	0.056378987	-0.14276333	-0.117764026
-0.15975636	-0.26960278	0.22642416	0.9999999	-0.33521608	0.27416188	-0.029833846	-0.46643195	-0.44955456	0.1575563	-0.27374703	-0.18117936	0.21701957	-0.36613873	0.24411166	-0.05486628	0.26111147	0.1658098	-0.060867444	0.1009997
-0.0061533377	0.29095367	-0.15737206	-0.33521608	0.9999997	-0.2870931	0.06888947	0.27601355	0.1890138	-0.4835143	0.20961653	0.24733329	-0.32252154	0.14103805	-0.18100858	0.1835694	-0.34181353	-0.1328223	0.01194031	-0.3708529
-0.3667412	-0.28998107	0.16293728	0.27416188	-0.2870931	0.99999964	0.11712657	-0.33929852	-0.43551347	0.16513146	-0.24950407	-0.36227962	0.25359213	-0.23497206	0.30729026	-0.25549862	0.2984165	0.20381276	-0.14172965	0.18014294
-0.5073158	0.01918695	0.051517405	-0.029833846	0.06888947	0.11712657	0.99999976	-0.031403776	-0.19212522	0.003131141	-0.12645572	-0.07677417	0.087069765	0.02304028	0.15317704	-0.25133404	0.014110262	0.13362396	-0.5223589	0.066729106
0.15413208	0.25344864	-0.22466967	-0.46643195	0.27601355	-0.33929852	-0.031403776	0.9999999	0.28482524	-0.29007703	0.2628493	0.27366498	-0.3684254	0.19578928	-0.40609935	0.15912795	-0.39792168	-0.24363476	0.0926262	-0.1845149
0.23631585	0.17232633	-0.32641938	-0.44955456	0.1890138	-0.43551347	-0.19212522	0.28482524	0.99999976	-0.089450814	0.2311341	0.19589312	-0.26783842	0.22538203	-0.34488717	0.13970903	-0.291534	-0.30069584	0.19804366	-0.1746239
0.02678745	-0.3811236	0.03790445	0.1575563	-0.4835143	0.16513146	0.003131141	-0.29007703	-0.089450814	0.99999994	-0.29169568	-0.35488188	0.18536898	-0.06979696	0.16549788	-0.40921924	0.21207316	0.1433418	0.013717942	0.2592491
0.10595929	0.27255332	-0.011877711	-0.27374703	0.20961653	-0.24950407	-0.12645572	0.2628493	0.2311341	-0.29169568	0.9999997	0.23600961	-0.45642188	0.024423847	-0.34704465	0.2521218	-0.21068197	-0.5340898	0.18735696	-0.28050575
0.15346663	0.26080006	-0.02456299	-0.18117936	0.24733329	-0.36227962	-0.07677417	0.27366498	0.19589312	-0.35488188	0.23600961	0.9999998	-0.31300935	0.07859843	-0.44026658	0.19253694	-0.5563444	-0.1635019	0.0372373	-0.20273958
-0.14485772	-0.33702046	0.022422088	0.21701957	-0.32252154	0.25359213	0.087069765	-0.3684254	-0.26783842	0.18536898	-0.45642188	-0.31300935	0.9999998	-0.02739332	0.24776618	-0.22762965	0.24600512	0.29195145	-0.32990924	0.24383183
0.1153037	-0.0038863628	-0.7009649	-0.36613873	0.14103805	-0.23497206	0.02304028	0.19578928	0.22538203	-0.06979696	0.024423847	0.07859843	-0.02739332	0.9999998	-0.16161586	-0.08357052	-0.20706227	-0.047851052	0.019746155	0.07993062
-0.42363796	-0.21127573	0.1191988	0.24411166	-0.18100858	0.30729026	0.15317704	-0.40609935	-0.34488717	0.16549788	-0.34704465	-0.44026658	0.24776618	-0.16161586	0.9999996	-0.2046195	0.28125626	0.19771583	-0.13052645	0.13496852
0.091455966	0.24340819	0.059598256	-0.05486628	0.1835694	-0.25549862	-0.25133404	0.15912795	0.13970903	-0.40921924	0.2521218	0.19253694	-0.22762965	-0.08357052	-0.2046195	0.99999964	-0.14964084	-0.33344978	0.18479241	-0.5364911
-0.1906258	-0.36428663	0.11378401	0.26111147	-0.34181353	0.2984165	0.014110262	-0.39792168	-0.291534	0.21207316	-0.21068197	-0.5563444	0.24600512	-0.20706227	0.28125626	-0.14964084	0.99999976	0.15220626	-0.060221177	0.19116963
-0.08769649	-0.29485658	0.056378987	0.1658098	-0.1328223	0.20381276	0.13362396	-0.24363476	-0.30069584	0.1433418	-0.5340898	-0.1635019	0.29195145	-0.047851052	0.19771583	-0.33344978	0.15220626	0.9999999	-0.43402317	0.22778113
0.18272659	0.058356788	-0.14276333	-0.060867444	0.01194031	-0.14172965	-0.5223589	0.0926262	0.19804366	0.013717942	0.18735696	0.0372373	-0.32990924	0.019746155	-0.13052645	0.18479241	-0.060221177	-0.43402317	0.9999998	-0.1641447
-0.0023480828	-0.4508174	-0.117764026	0.1009997	-0.3708529	0.18014294	0.066729106	-0.1845149	-0.1746239	0.2592491	-0.28050575	-0.20273958	0.24383183	0.07993062	0.13496852	-0.5364911	0.19116963	0.22778113	-0.1641447	0.9999998
