1.0000001	-0.17521383	0.23493566	0.1318076	-0.1554885	-0.2279953	-0.37249416	-0.3339137	0.07561276	-0.17514195	0.17242517	0.074442185	-0.40388563	-0.019664142	0.20705093	0.23805611	0.07063364	-0.11583241	0.24090111	-0.46623465
-0.17521383	1.0000001	-0.43422937	-0.31339833	0.18044709	0.24111407	0.30026156	0.027906986	0.04971152	0.13115942	-0.18923248	-0.19637142	0.2370005	-0.1951101	-0.4687652	-0.44335416	0.093488924	0.2377503	-0.23365664	0.15049158
0.23493566	-0.43422937	0.9999999	0.18304472	-0.120867625	-0.35881785	-0.5211339	-0.12878922	0.046738	-0.07973747	0.1491548	0.095525645	-0.1625691	0.01739164	0.25882772	0.25404242	-0.014328751	-0.20908397	0.21021375	-0.42031664
0.1318076	-0.31339833	0.18304472	0.9999999	-0.20509753	-0.25237095	-0.2466297	-0.23947613	0.12464764	-0.49375784	0.26209575	0.0604148	-0.075383164	0.089769304	0.19767281	0.10322895	0.036869444	-0.4988249	0.21377213	-0.078384124
-0.1554885	0.18044709	-0.120867625	-0.20509753	0.9999997	0.095949486	0.1493543	-0.079276934	0.18391052	0.0052053453	-0.13328986	-0.48502067	0.08475885	-0.5859383	-0.1444498	-0.031091828	0.23648326	0.17779636	-0.06380035	-0.1095829
-0.2279953	0.24111407	-0.35881785	-0.25237095	0.095949486	0.9999997	0.23234574	0.1963392	-0.13792513	0.2393585	-0.4443876	-0.07427199	0.24068408	-0.0036751325	-0.33514762	-0.2399798	-0.12742214	0.24981222	-0.50471133	0.21110205
-0.37249416	0.30026156	-0.5211339	-0.2466297	0.1493543	0.23234574	0.99999964	0.07106078	-0.010798592	0.10723815	-0.15663084	-0.21402664	0.24094737	-0.0766796	-0.38386217	-0.40157232	0.079343244	0.19341353	-0.2126442	0.22250806
-0.3339137	0.027906986	-0.12878922	-0.23947613	-0.079276934	0.1963392	0.07106078	0.99999934	-0.49558052	0.24241585	-0.30824468	0.14823304	0.08184509	0.14796379	-0.022638587	-0.036863163	-0.40925524	0.13843594	-0.19988325	0.19972128
0.07561276	0.04971152	0.046738	0.12464764	0.18391052	-0.13792513	-0.010798592	-0.49558052	0.9999994	-0.3377964	0.11305087	-0.40169197	0.03938559	-0.351301	-0.08086261	-0.06643848	0.2986014	-0.037983067	0.147588	-0.15886772
-0.17514195	0.13115942	-0.07973747	-0.49375784	0.0052053453	0.2393585	0.10723815	0.24241585	-0.3377964	0.9999994	-0.30763063	0.0627214	0.094359785	0.035031047	-0.15273044	-0.06330083	-0.14756991	0.20768446	-0.49641296	0.12890507
0.17242517	-0.18923248	0.1491548	0.26209575	-0.13328986	-0.4443876	-0.15663084	-0.30824468	0.11305087	-0.30763063	0.9999993	0.07781803	-0.32247776	0.030359667	0.22594002	0.14290933	0.07328196	-0.54673547	0.22627562	-0.06468096
0.074442185	-0.19637142	0.095525645	0.0604148	-0.48502067	-0.07427199	-0.21402664	0.14823304	-0.40169197	0.0627214	0.07781803	0.9999991	-0.14730929	0.29958522	0.17830718	0.11128857	-0.47550792	-0.18480173	-0.0032836315	0.07395016
-0.40388563	0.2370005	-0.1625691	-0.075383164	0.08475885	0.24068408	0.24094737	0.08184509	0.03938559	0.094359785	-0.32247776	-0.14730929	0.99999917	-0.032782655	-0.43056062	-0.5359304	0.021711245	0.18247813	-0.3008496	0.18857832
-0.019664142	-0.1951101	0.01739164	0.089769304	-0.5859383	-0.0036751325	-0.0766796	0.14796379	-0.351301	0.035031047	0.030359667	0.29958522	-0.032782655	0.9999992	0.1071882	-0.009353603	-0.461767	-0.12112263	-0.02993658	0.16004263
0.20705093	-0.4687652	0.25882772	0.19767281	-0.1444498	-0.33514762	-0.38386217	-0.022638587	-0.08086261	-0.15273044	0.22594002	0.17830718	-0.43056062	0.1071882	0.99999934	0.28995335	-0.09144088	-0.38423696	0.2237579	-0.1940025
0.23805611	-0.44335416	0.25404242	0.10322895	-0.031091828	-0.2399798	-0.40157232	-0.036863163	-0.06643848	-0.06330083	0.14290933	0.11128857	-0.5359304	-0.009353603	0.28995335	0.99999934	-0.052068047	-0.14842078	0.198491	-0.30959558
0.07063364	0.093488924	-0.014328751	0.036869444	0.23648326	-0.12742214	0.079343244	-0.40925524	0.2986014	-0.14756991	0.07328196	-0.47550792	0.021711245	-0.461767	-0.09144088	-0.052068047	0.9999992	-0.008515033	0.10714153	-0.22967894
-0.11583241	0.2377503	-0.20908397	-0.4988249	0.17779636	0.24981222	0.19341353	0.13843594	-0.037983067	0.20768446	-0.54673547	-0.18480173	0.18247813	-0.12112263	-0.38423696	-0.14842078	-0.008515033	0.99999917	-0.17541021	0.04359712
0.24090111	-0.23365664	0.21021375	0.21377213	-0.06380035	-0.50471133	-0.2126442	-0.19988325	0.147588	-0.49641296	0.22627562	-0.0032836315	-0.3008496	-0.02993658	0.2237579	0.198491	0.10714153	-0.17541021	0.9999992	-0.34755147
-0.46623465	0.15049158	-0.42031664	-0.078384124	-0.1095829	0.21110205	0.22250806	0.19972128	-0.15886772	0.12890507	-0.06468096	0.07395016	0.18857832	0.16004263	-0.1940025	-0.30959558	-0.22967894	0.04359712	-0.34755147	0.9999992
