1.0	0.22882324	0.037815075	-0.02319107	0.20583071	-0.24415915	0.20318356	-0.33933327	-0.14399944	-0.50727844	-0.010119645	0.025364814	0.18411061	-0.49411276	-0.42140055	-0.19147354	0.18373851	-0.115994826	0.12079232	0.3014041
0.22882324	1.0	0.021101112	-0.07086173	0.20377424	-0.37042865	0.22281298	-0.25859195	-0.2942294	-0.12385487	0.108015016	0.045986623	0.29438442	-0.36329833	-0.4776135	-0.441345	0.2143803	-0.068324335	-0.028800592	0.15807077
0.037815075	0.021101112	1.0	-0.5284797	0.22690499	-0.09135996	0.2548424	-0.17654434	-0.3006912	0.022470605	-0.25372547	0.29923028	0.12162778	-0.21921688	0.011673756	-0.07634692	-0.0070483093	-0.5463446	0.18138361	0.022708569
-0.02319107	-0.07086173	-0.5284797	0.99999994	-0.28614372	0.085218176	-0.3698091	0.13886993	0.26305223	-0.10611964	0.10436052	-0.5303495	-0.1876689	0.13523541	0.0057870154	0.12146254	-0.00017613104	0.29753962	-0.10002212	0.051296555
0.20583071	0.20377424	0.22690499	-0.28614372	0.9999997	-0.38843003	0.27845716	-0.45594156	-0.2640994	-0.09409171	-0.21504569	0.1923422	0.22630948	-0.42576677	-0.20418459	-0.29257524	0.21282376	-0.25129312	0.18313947	0.14799026
-0.24415915	-0.37042865	-0.09135996	0.085218176	-0.38843003	0.99999994	-0.234794	0.26655924	0.18210523	0.102886245	-0.055399276	-0.055994336	-0.5273405	0.23316506	0.27901405	0.30775535	-0.41227394	0.08922992	-0.024903888	-0.14084917
0.20318356	0.22281298	0.2548424	-0.3698091	0.27845716	-0.234794	0.9999999	-0.2861061	-0.48147902	-0.16146839	-0.12195171	0.25682595	0.2515467	-0.32246837	-0.24188757	-0.3047967	0.146216	-0.4099448	0.167934	0.1528876
-0.33933327	-0.25859195	-0.17654434	0.13886993	-0.45594156	0.26655924	-0.2861061	0.9999998	0.21721174	0.20809011	0.13569622	-0.14527622	-0.2892185	0.28641802	0.26707062	0.26533613	-0.3795717	0.17381473	-0.30338088	-0.32510164
-0.14399944	-0.2942294	-0.3006912	0.26305223	-0.2640994	0.18210523	-0.48147902	0.21721174	0.99999976	0.07305268	0.13471362	-0.49058935	-0.29375494	0.19807233	0.15816644	0.20390387	-0.11700929	0.2850271	-0.25233942	-0.077113286
-0.50727844	-0.12385487	0.022470605	-0.10611964	-0.09409171	0.102886245	-0.16146839	0.20809011	0.07305268	0.99999976	0.06512608	0.04811797	-0.080317415	0.22428626	0.23100288	0.10515731	-0.18793437	0.053949267	-0.19821285	-0.67486084
-0.010119645	0.108015016	-0.25372547	0.10436052	-0.21504569	-0.055399276	-0.12195171	0.13569622	0.13471362	0.06512608	0.99999976	-0.22867703	0.094034754	0.036856297	-0.0033513745	0.014497108	-0.20465669	0.18239401	-0.6590659	-0.123700015
0.025364814	0.045986623	0.29923028	-0.5303495	0.1923422	-0.055994336	0.25682595	-0.14527622	-0.49058935	0.04811797	-0.22867703	0.99999964	0.13569333	-0.096393384	-0.017736647	-0.14897981	0.042815477	-0.44833046	0.17470779	-0.058757044
0.18411061	0.29438442	0.12162778	-0.1876689	0.22630948	-0.5273405	0.2515467	-0.2892185	-0.29375494	-0.080317415	0.094034754	0.13569333	0.99999946	-0.21714173	-0.3574726	-0.41516155	0.1976955	-0.21654707	-0.036671624	0.11589288
-0.49411276	-0.36329833	-0.21921688	0.13523541	-0.42576677	0.23316506	-0.32246837	0.28641802	0.19807233	0.22428626	0.036856297	-0.096393384	-0.21714173	0.9999996	0.25741836	0.21245225	-0.15053159	0.18918926	-0.13809893	-0.34606394
-0.42140055	-0.4776135	0.011673756	0.0057870154	-0.20418459	0.27901405	-0.24188757	0.26707062	0.15816644	0.23100288	-0.0033513745	-0.017736647	-0.3574726	0.25741836	0.9999995	0.28255644	-0.37358207	0.036980186	-0.10993751	-0.32250255
-0.19147354	-0.441345	-0.07634692	0.12146254	-0.29257524	0.30775535	-0.3047967	0.26533613	0.20390387	0.10515731	0.014497108	-0.14897981	-0.41516155	0.21245225	0.28255644	0.9999994	-0.5201197	0.09804967	-0.04917123	-0.17120017
0.18373851	0.2143803	-0.0070483093	-0.00017613104	0.21282376	-0.41227394	0.146216	-0.3795717	-0.11700929	-0.18793437	-0.20465669	0.042815477	0.1976955	-0.15053159	-0.37358207	-0.5201197	0.9999993	-0.002101715	0.15760161	0.199735
-0.115994826	-0.068324335	-0.5463446	0.29753962	-0.25129312	0.08922992	-0.4099448	0.17381473	0.2850271	0.053949267	0.18239401	-0.44833046	-0.21654707	0.18918926	0.036980186	0.09804967	-0.002101715	0.9999992	-0.26120436	-0.08608756
0.12079232	-0.028800592	0.18138361	-0.10002212	0.18313947	-0.024903888	0.167934	-0.30338088	-0.25233942	-0.19821285	-0.6590659	0.17470779	-0.036671624	-0.13809893	-0.10993751	-0.04917123	0.15760161	-0.26120436	0.9999991	0.17625144
0.3014041	0.15807077	0.022708569	0.051296555	0.14799026	-0.14084917	0.1528876	-0.32510164	-0.077113286	-0.67486084	-0.123700015	-0.058757044	0.11589288	-0.34606394	-0.32250255	-0.17120017	0.199735	-0.08608756	0.17625144	0.9999991
