1.0	-0.13587235	-0.31435406	-0.10201302	0.19000024	-0.42765158	-0.32740775	-0.3269342	0.26211184	0.21702594	0.10479593	0.19192974	0.07596373	-0.09999429	-0.22057313	-0.45945573	0.20675562	0.22104625	0.12759528	-0.18296877
-0.13587235	1.0	0.08354925	0.10505372	0.08277687	-0.03872287	0.06150805	0.18394199	-0.11182491	-0.2531841	-0.46341854	-0.41602537	-0.13238122	0.22643484	0.21441019	0.0025716163	-0.18898942	0.12032887	-0.3388538	-0.0013022055
-0.31435406	0.08354925	1.0000002	-0.2192285	-0.33831045	0.26511037	0.24874733	0.20077384	-0.4070642	-0.4049993	-0.12692942	-0.12672652	0.1580596	-0.004772511	0.12421617	0.21601684	-0.28812957	-0.32403168	-0.01431246	0.27238578
-0.10201302	0.10505372	-0.2192285	1.0000001	0.10361958	-0.051855043	-0.028458659	-0.017462352	0.07085014	0.121812515	-0.08864033	-0.114502974	-0.7716426	0.15403816	0.06667486	0.09868428	0.048475157	-0.01802417	-0.2364097	-0.12097036
0.19000024	0.08277687	-0.33831045	0.10361958	0.99999994	-0.50357413	-0.4226792	0.02203271	0.19405442	0.0926456	-0.10166834	0.10635166	-0.10536444	-0.102923445	-0.17885298	-0.24069208	0.22222458	0.24024116	0.078278035	-0.3381597
-0.42765158	-0.03872287	0.26511037	-0.051855043	-0.50357413	0.99999994	0.25473416	0.070442796	-0.34196234	-0.17257828	0.054503508	-0.1696805	0.03511506	0.034657333	0.09402692	0.27078664	-0.17984968	-0.4011352	-0.034941014	0.24257444
-0.32740775	0.06150805	0.24874733	-0.028458659	-0.4226792	0.25473416	1.0	0.0712892	-0.36872053	-0.18399201	-0.036655836	-0.23426132	0.01716929	0.15038748	0.12885241	0.24866012	-0.5319101	-0.14873269	-0.1764968	0.2779676
-0.3269342	0.18394199	0.20077384	-0.017462352	0.02203271	0.070442796	0.0712892	0.99999994	-0.3535876	-0.5853584	-0.36354598	-0.057633117	0.025846789	-0.06563908	0.15606134	0.10854366	-0.05058844	-0.08965486	-0.016081981	0.08755412
0.26211184	-0.11182491	-0.4070642	0.07085014	0.19405442	-0.34196234	-0.36872053	-0.3535876	0.99999994	0.2680373	0.10164395	0.08288529	-0.11101356	0.023621101	-0.0723491	-0.2817359	0.23529652	0.22758028	0.007956936	-0.42577952
0.21702594	-0.2531841	-0.4049993	0.121812515	0.0926456	-0.17257828	-0.18399201	-0.5853584	0.2680373	0.99999976	0.18570897	0.071593344	-0.17196177	0.035087723	-0.15271382	-0.14483261	0.13779385	0.12283591	-0.021649746	-0.1612708
0.10479593	-0.46341854	-0.12692942	-0.08864033	-0.10166834	0.054503508	-0.036655836	-0.36354598	0.10164395	0.18570897	0.99999976	0.20870087	0.080802046	-0.21812004	-0.4877102	0.020715803	0.07348391	-0.098032124	0.21303575	-0.05866959
0.19192974	-0.41602537	-0.12672652	-0.114502974	0.10635166	-0.1696805	-0.23426132	-0.057633117	0.08288529	0.071593344	0.20870087	0.99999964	0.13898386	-0.5117599	-0.36559087	-0.19496349	0.21896386	-0.0041625313	0.29702312	-0.121124886
0.07596373	-0.13238122	0.1580596	-0.7716426	-0.10536444	0.03511506	0.01716929	0.025846789	-0.11101356	-0.17196177	0.080802046	0.13898386	0.9999995	-0.24274704	-0.07456706	-0.12373377	-0.05329983	-0.035542708	0.19291131	0.09740283
-0.09999429	0.22643484	-0.004772511	0.15403816	-0.102923445	0.034657333	0.15038748	-0.06563908	0.023621101	0.035087723	-0.21812004	-0.5117599	-0.24274704	0.9999995	0.20115186	0.006732533	-0.20819475	0.09844921	-0.54622024	0.06981175
-0.22057313	0.21441019	0.12421617	0.06667486	-0.17885298	0.09402692	0.12885241	0.15606134	-0.0723491	-0.15271382	-0.4877102	-0.36559087	-0.07456706	0.20115186	0.99999946	0.12282218	-0.13709366	-0.14283761	-0.42828658	0.15235996
-0.45945573	0.0025716163	0.21601684	0.09868428	-0.24069208	0.27078664	0.24866012	0.10854366	-0.2817359	-0.14483261	0.020715803	-0.19496349	-0.12373377	0.006732533	0.12282218	0.9999993	-0.35690027	-0.45470938	-0.07524178	0.23673229
0.20675562	-0.18898942	-0.28812957	0.048475157	0.22222458	-0.17984968	-0.5319101	-0.05058844	0.23529652	0.13779385	0.07348391	0.21896386	-0.05329983	-0.20819475	-0.13709366	-0.35690027	0.99999917	0.14807868	0.17358452	-0.46969998
0.22104625	0.12032887	-0.32403168	-0.01802417	0.24024116	-0.4011352	-0.14873269	-0.08965486	0.22758028	0.12283591	-0.098032124	-0.0041625313	-0.035542708	0.09844921	-0.14283761	-0.45470938	0.14807868	0.9999993	-0.0533722	-0.4083243
0.12759528	-0.3388538	-0.01431246	-0.2364097	0.078278035	-0.034941014	-0.1764968	-0.016081981	0.007956936	-0.021649746	0.21303575	0.29702312	0.19291131	-0.54622024	-0.42828658	-0.07524178	0.17358452	-0.0533722	0.9999993	-0.1485178
-0.18296877	-0.0013022055	0.27238578	-0.12097036	-0.3381597	0.24257444	0.2779676	0.08755412	-0.42577952	-0.1612708	-0.05866959	-0.121124886	0.09740283	0.06981175	0.15235996	0.23673229	-0.46969998	-0.4083243	-0.1485178	0.9999993
