1.0000001	0.2421666	-0.17164828	0.07017663	0.048212484	-0.19964954	-0.19617847	-0.24360308	-0.4019162	-0.5767372	0.04432044	-0.04373673	-0.13307798	-0.23171578	0.108283	0.15413097	0.25237778	0.08574759	0.110448144	0.082399935
0.2421666	1.0000001	-0.24501556	0.14698793	-0.08781823	-0.016386084	-0.040466502	-0.1170105	-0.427613	-0.32638988	0.19139881	-0.18744713	-0.40711614	-0.3928154	0.265959	-0.0134253865	0.3125442	0.20822728	-0.017514521	-0.08826499
-0.17164828	-0.24501556	1.0	-0.3686123	0.061014302	-0.26506874	-0.2541666	0.027163675	0.16356285	0.1716084	-0.4498967	0.27980766	0.14526537	0.11863067	-0.23148829	0.202399	-0.19788325	-0.47658587	0.22701724	0.2638964
0.07017663	0.14698793	-0.3686123	1.0000001	-0.043982033	0.19930775	0.2371189	-0.03445743	-0.22040512	-0.20401666	0.20000403	-0.581624	-0.03310309	-0.004261814	0.13681377	-0.3295437	0.15312992	0.23445718	-0.26270822	-0.29528108
0.048212484	-0.08781823	0.061014302	-0.043982033	1.0	-0.29438245	-0.023517739	-0.598809	-0.17859653	-0.044019617	0.0094029745	0.06367567	-0.10665872	0.18338847	-0.059585474	0.1620913	-0.09631462	-0.14037259	0.12795438	0.018317755
-0.19964954	-0.016386084	-0.26506874	0.19930775	-0.29438245	1.0	0.24005121	0.1720628	0.105394274	0.08653037	0.16821207	-0.34312657	-0.057035893	0.0061914274	0.15271443	-0.54529804	-0.0025601606	0.22044875	-0.33985865	-0.28754634
-0.19617847	-0.040466502	-0.2541666	0.2371189	-0.023517739	0.24005121	0.99999994	-0.0038780689	0.056583602	0.034413584	0.20095097	-0.38537374	0.026911426	0.070273794	0.08144856	-0.25219348	0.02456905	0.16198517	-0.46475035	-0.51378065
-0.24360308	-0.1170105	0.027163675	-0.03445743	-0.598809	0.1720628	-0.0038780689	0.99999976	0.23791514	0.16676576	-0.025069728	-0.0020649836	0.16425724	-0.1583794	-0.08209109	-0.1760128	-0.14933878	0.018817512	-0.19979493	0.0035282683
-0.4019162	-0.427613	0.16356285	-0.22040512	-0.17859653	0.105394274	0.056583602	0.23791514	0.99999994	0.29806224	-0.114734165	0.11922539	0.22508363	0.111765146	-0.19991367	-0.10920564	-0.3491168	-0.1965636	-0.085082345	-0.034444615
-0.5767372	-0.32638988	0.1716084	-0.20401666	-0.044019617	0.08653037	0.034413584	0.16676576	0.29806224	0.99999976	-0.13539955	0.12735224	0.18284106	0.18998624	-0.19331954	-0.114700116	-0.4594528	-0.19332002	-0.007460445	-0.0027433992
0.04432044	0.19139881	-0.4498967	0.20000403	0.0094029745	0.16821207	0.20095097	-0.025069728	-0.114734165	-0.13539955	0.9999997	-0.2374507	-0.27128467	-0.2512672	0.2659925	-0.17285378	0.15574874	0.27844626	-0.42677346	-0.42974624
-0.04373673	-0.18744713	0.27980766	-0.581624	0.06367567	-0.34312657	-0.38537374	-0.0020649836	0.11922539	0.12735224	-0.2374507	0.99999976	0.083330065	0.01662818	-0.20786491	0.24492466	-0.18651009	-0.26649314	0.24229358	0.26445478
-0.13307798	-0.40711614	0.14526537	-0.03310309	-0.10665872	-0.057035893	0.026911426	0.16425724	0.22508363	0.18284106	-0.27128467	0.083330065	0.9999996	0.18861118	-0.5323981	0.06845307	-0.3548963	-0.29352045	0.0038707587	0.1004682
-0.23171578	-0.3928154	0.11863067	-0.004261814	0.18338847	0.0061914274	0.070273794	-0.1583794	0.111765146	0.18998624	-0.2512672	0.01662818	0.18861118	0.9999995	-0.35828888	-0.022325443	-0.41494024	-0.14518881	0.056867376	0.036841244
0.108283	0.265959	-0.23148829	0.13681377	-0.059585474	0.15271443	0.08144856	-0.08209109	-0.19991367	-0.19331954	0.2659925	-0.20786491	-0.5323981	-0.35828888	0.9999995	-0.23548287	0.25497586	0.27535996	-0.19597194	-0.24514185
0.15413097	-0.0134253865	0.202399	-0.3295437	0.1620913	-0.54529804	-0.25219348	-0.1760128	-0.10920564	-0.114700116	-0.17285378	0.24492466	0.06845307	-0.022325443	-0.23548287	0.99999964	-0.022165563	-0.3508515	0.2604615	0.2515983
0.25237778	0.3125442	-0.19788325	0.15312992	-0.09631462	-0.0025601606	0.02456905	-0.14933878	-0.3491168	-0.4594528	0.15574874	-0.18651009	-0.3548963	-0.41494024	0.25497586	-0.022165563	0.9999995	0.20094778	-0.051363505	-0.06975071
0.08574759	0.20822728	-0.47658587	0.23445718	-0.14037259	0.22044875	0.16198517	0.018817512	-0.1965636	-0.19332002	0.27844626	-0.26649314	-0.29352045	-0.14518881	0.27535996	-0.3508515	0.20094778	0.99999964	-0.27218536	-0.34935576
0.110448144	-0.017514521	0.22701724	-0.26270822	0.12795438	-0.33985865	-0.46475035	-0.19979493	-0.085082345	-0.007460445	-0.42677346	0.24229358	0.0038707587	0.056867376	-0.19597194	0.2604615	-0.051363505	-0.27218536	0.9999997	0.29455107
0.082399935	-0.08826499	0.2638964	-0.29528108	0.018317755	-0.28754634	-0.51378065	0.0035282683	-0.034444615	-0.0027433992	-0.42974624	0.26445478	0.1004682	0.036841244	-0.24514185	0.2515983	-0.06975071	-0.34935576	0.29455107	0.9999997
