1.0	-0.8592313	0.1919365	-0.10742753	0.05870094	-0.30614424	0.25508824	-0.185387	0.09789211	-0.048242923	0.17142507	-0.22386782	0.15157653	-0.10864762	0.10841564	-0.13486755	0.12648496	-0.16079877	0.103059754	-0.07059696	0.11113967	-0.08491289	0.06610154	-0.08210559	0.045819275	-0.0727908	0.055955756	-0.06105746	0.06776085	-0.054375477	0.065930516	-0.070262104	0.050572544	-0.06746284	0.052435994
-0.8592313	1.0000001	-0.23217626	0.100189194	-0.054703254	0.22676627	-0.34813255	0.1768123	-0.0945253	0.04450587	-0.15851595	0.19730648	-0.1459678	0.0991359	-0.10146069	0.115063526	-0.1151083	0.13809003	-0.09300867	0.06119467	-0.099256136	0.073905475	-0.058274243	0.072052695	-0.04006936	0.06250489	-0.04844734	0.053315986	-0.059935782	0.046799332	-0.057063583	0.060152177	-0.043637984	0.057726797	-0.045563392
0.1919365	-0.23217626	0.99999946	-0.35795897	0.10740114	-0.25713867	0.24422601	-0.68316454	0.23819551	-0.09073616	0.19327039	-0.26411018	0.28017357	-0.21610548	0.19531836	-0.18326114	0.17860165	-0.28350914	0.17803775	-0.122821346	0.17157649	-0.13805063	0.10910278	-0.14113207	0.07866314	-0.11957924	0.091743566	-0.1015451	0.11188502	-0.092977986	0.10779936	-0.11712979	0.08429232	-0.11354905	0.088545196
-0.10742753	0.100189194	-0.35795897	0.9999993	-0.14965694	0.1357663	-0.13361497	0.21106613	-0.8159193	0.11839217	-0.12201908	0.14696842	-0.19109654	0.23995817	-0.24392015	0.11279947	-0.11751152	0.1728214	-0.16616023	0.10163797	-0.13344832	0.1046462	-0.087909825	0.116724	-0.066911854	0.08854967	-0.06941407	0.08027935	-0.091932185	0.07311071	-0.0818056	0.087219335	-0.06460953	0.08549232	-0.071560435
0.05870094	-0.054703254	0.10740114	-0.14965694	0.9999996	-0.093717046	0.07971852	-0.10316304	0.1296159	-0.8955738	0.08344854	-0.10071526	0.11695116	-0.1946547	0.2437919	-0.08671848	0.08655207	-0.13651195	0.12442215	-0.112780504	0.10960535	-0.09568176	0.07634005	-0.10565437	0.06796143	-0.08585057	0.0657095	-0.07316194	0.07887825	-0.07789432	0.07704209	-0.08785057	0.063434094	-0.088277884	0.071076825
-0.30614424	0.22676627	-0.25713867	0.1357663	-0.093717046	0.9999997	-0.5238538	0.2220348	-0.14319867	0.07433378	-0.5887301	0.30480185	-0.23504916	0.1571207	-0.17354779	0.24558915	-0.24716888	0.22431037	-0.1599649	0.09955807	-0.19104774	0.12964137	-0.102104425	0.121146485	-0.06652833	0.105806194	-0.08325873	0.09132742	-0.10478565	0.07642991	-0.09705971	0.099851385	-0.07323985	0.09479427	-0.07613513
0.25508824	-0.34813255	0.24422601	-0.13361497	0.07971852	-0.5238538	0.99999934	-0.3369128	0.13165879	-0.06531838	0.27168143	-0.5798156	0.2518512	-0.15486087	0.15085828	-0.19551274	0.19151905	-0.2240594	0.1404557	-0.08994402	0.14791335	-0.11157951	0.087326236	-0.108270586	0.058860924	-0.09235831	0.071844354	-0.07928706	0.08887463	-0.068525374	0.08299195	-0.08844031	0.064199194	-0.08457103	0.06678308
-0.185387	0.1768123	-0.68316454	0.21106613	-0.10316304	0.2220348	-0.3369128	0.9999991	-0.22411972	0.08458409	-0.19317946	0.26097602	-0.4678357	0.20644215	-0.19981672	0.1591842	-0.17224042	0.2421762	-0.16931754	0.102488495	-0.15491864	0.11790441	-0.09614035	0.12275396	-0.067275405	0.098497674	-0.07703728	0.08712784	-0.099069916	0.076339655	-0.09002038	0.09550352	-0.070008986	0.092262864	-0.07455055
0.09789211	-0.0945253	0.23819551	-0.8159193	0.1296159	-0.14319867	0.13165879	-0.22411972	0.9999989	-0.11941001	0.12316774	-0.1561689	0.19199413	-0.3565935	0.22528756	-0.120230675	0.12178174	-0.19167386	0.16976878	-0.11023636	0.13560048	-0.112665415	0.09243503	-0.12832011	0.07024133	-0.096002676	0.07447673	-0.085688956	0.09507592	-0.07935877	0.08661417	-0.095140085	0.06950316	-0.09332669	0.075687446
-0.048242923	0.04450587	-0.09073616	0.11839217	-0.8955738	0.07433378	-0.06531838	0.08458409	-0.11941001	0.9999991	-0.06768911	0.08132292	-0.10092684	0.16867475	-0.34149182	0.0686763	-0.06984643	0.10841493	-0.107052565	0.09051067	-0.08783274	0.074913025	-0.061144	0.08439767	-0.056357287	0.06597407	-0.051009566	0.057710607	-0.06345796	0.060566425	-0.05978311	0.067142874	-0.04917561	0.067504205	-0.05664871
0.17142507	-0.15851595	0.19327039	-0.12201908	0.08344854	-0.5887301	0.27168143	-0.19317946	0.12316774	-0.06768911	0.9999991	-0.40230277	0.2202498	-0.1518869	0.15593356	-0.51669	0.27767137	-0.27433842	0.1582715	-0.10324953	0.19130093	-0.1418436	0.10590681	-0.12699835	0.067750216	-0.1150212	0.088869825	-0.09574896	0.10571033	-0.08036383	0.099672124	-0.10786978	0.07751432	-0.10161627	0.078515194
-0.22386782	0.19730648	-0.26411018	0.14696842	-0.10071526	0.30480185	-0.5798156	0.26097602	-0.1561689	0.08132292	-0.40230277	0.999999	-0.45252636	0.19415864	-0.1979307	0.23560198	-0.29530737	0.26601157	-0.1766785	0.10453055	-0.18049726	0.13313095	-0.10574348	0.12918611	-0.0693668	0.10660987	-0.084298134	0.09387747	-0.10710924	0.07885728	-0.09608897	0.10147276	-0.07449352	0.09674693	-0.07795818
0.15157653	-0.1459678	0.28017357	-0.19109654	0.11695116	-0.23504916	0.2518512	-0.4678357	0.19199413	-0.10092684	0.2202498	-0.45252636	0.9999988	-0.39031264	0.24266449	-0.2076728	0.22775869	-0.47732475	0.2200043	-0.12736829	0.18123865	-0.14705871	0.11936492	-0.16010854	0.08205209	-0.119706176	0.09378168	-0.107605055	0.120199986	-0.09331755	0.10614015	-0.11630363	0.085000955	-0.1122929	0.09003761
-0.10864762	0.0991359	-0.21610548	0.23995817	-0.1946547	0.1571207	-0.15486087	0.20644215	-0.3565935	0.16867475	-0.1518869	0.19415864	-0.39031264	0.99999887	-0.62828714	0.14498436	-0.15779366	0.2479157	-0.36852276	0.154867	-0.17594722	0.14978275	-0.13207683	0.19457133	-0.10091875	0.12099862	-0.09620213	0.116972476	-0.13361268	0.104182266	-0.107885435	0.12010247	-0.089887284	0.11834913	-0.10136477
0.10841564	-0.10146069	0.19531836	-0.24392015	0.2437919	-0.17354779	0.15085828	-0.19981672	0.22528756	-0.34149182	0.15593356	-0.1979307	0.24266449	-0.62828714	0.9999986	-0.16162874	0.16330524	-0.26699224	0.2510577	-0.24527217	0.1990833	-0.17693928	0.14318267	-0.20891398	0.13797681	-0.1534814	0.11875217	-0.13568757	0.14625844	-0.14664228	0.13582002	-0.15697227	0.11492692	-0.15866199	0.13385348
-0.13486755	0.115063526	-0.18326114	0.11279947	-0.08671848	0.24558915	-0.19551274	0.1591842	-0.120230675	0.0686763	-0.51669	0.23560198	-0.2076728	0.14498436	-0.16162874	0.99999845	-0.6693188	0.2702804	-0.17213817	0.10291871	-0.27973634	0.16581802	-0.121594	0.13336782	-0.06911043	0.12392194	-0.098927744	0.10361808	-0.11686692	0.080790445	-0.10474329	0.11217212	-0.081595995	0.10350183	-0.08104118
0.12648496	-0.1151083	0.17860165	-0.11751152	0.08655207	-0.24716888	0.19151905	-0.17224042	0.12178174	-0.06984643	0.27767137	-0.29530737	0.22775869	-0.15779366	0.16330524	-0.6693188	0.9999981	-0.49894962	0.18929175	-0.10945871	0.21926197	-0.2068748	0.13492225	-0.15219583	0.072751924	-0.13134971	0.10647133	-0.113653824	0.12408252	-0.08548316	0.107195415	-0.1197888	0.0865688	-0.1097797	0.08493669
-0.16079877	0.13809003	-0.28350914	0.1728214	-0.13651195	0.22431037	-0.2240594	0.2421762	-0.19167386	0.10841493	-0.27433842	0.26601157	-0.47732475	0.2479157	-0.26699224	0.2702804	-0.49894962	0.99999785	-0.3621976	0.14419812	-0.2563689	0.19269612	-0.16713923	0.20620227	-0.09763182	0.14602305	-0.11880383	0.13997534	-0.16586964	0.1077454	-0.1316424	0.13869986	-0.10399601	0.13170369	-0.1084987
0.103059754	-0.09300867	0.17803775	-0.16616023	0.12442215	-0.1599649	0.1404557	-0.16931754	0.16976878	-0.107052565	0.1582715	-0.1766785	0.2200043	-0.36852276	0.2510577	-0.17213817	0.18929175	-0.3621976	0.99999785	-0.21950378	0.24077092	-0.27218997	0.2479528	-0.6120514	0.13582624	-0.18703268	0.15181619	-0.2164833	0.22707339	-0.14787292	0.14976771	-0.18393052	0.1371744	-0.17630517	0.14057307
-0.07059696	0.06119467	-0.122821346	0.10163797	-0.112780504	0.09955807	-0.08994402	0.102488495	-0.11023636	0.09051067	-0.10324953	0.10453055	-0.12736829	0.154867	-0.24527217	0.10291871	-0.10945871	0.14419812	-0.21950378	0.99999774	-0.21817932	0.14528891	-0.13056715	0.15765889	-0.7339425	0.13526589	-0.11527341	0.12399402	-0.15313405	0.29524544	-0.14883928	0.15054551	-0.1429368	0.1862906	-0.33508596
0.11113967	-0.099256136	0.17157649	-0.13344832	0.10960535	-0.19104774	0.14791335	-0.15491864	0.13560048	-0.08783274	0.19130093	-0.18049726	0.18123865	-0.17594722	0.1990833	-0.27973634	0.21926197	-0.2563689	0.24077092	-0.21817932	0.99999756	-0.45570174	0.24576545	-0.25569144	0.14204858	-0.3865153	0.2578111	-0.23264156	0.22631638	-0.18761535	0.25359008	-0.3045555	0.2024069	-0.266365	0.18175241
-0.08491289	0.073905475	-0.13805063	0.1046462	-0.09568176	0.12964137	-0.11157951	0.11790441	-0.112665415	0.074913025	-0.1418436	0.13313095	-0.14705871	0.14978275	-0.17693928	0.16581802	-0.2068748	0.19269612	-0.27218997	0.14528891	-0.45570174	0.9999972	-0.5848032	0.26698607	-0.10438273	0.25995782	-0.35883117	0.25229597	-0.2858906	0.12292341	-0.18103194	0.22026747	-0.16914779	0.17459168	-0.13561334
0.06610154	-0.058274243	0.10910278	-0.087909825	0.07634005	-0.102104425	0.087326236	-0.09614035	0.09243503	-0.061144	0.10590681	-0.10574348	0.11936492	-0.13207683	0.14318267	-0.121594	0.13492225	-0.16713923	0.2479528	-0.13056715	0.24576545	-0.5848032	0.99999714	-0.48929802	0.09196766	-0.19792025	0.18571927	-0.46472433	0.29424387	-0.10916487	0.1325921	-0.1855104	0.14642583	-0.15786281	0.11373793
-0.08210559	0.072052695	-0.14113207	0.116724	-0.10565437	0.121146485	-0.108270586	0.12275396	-0.12832011	0.08439767	-0.12699835	0.12918611	-0.16010854	0.19457133	-0.20891398	0.13336782	-0.15219583	0.20620227	-0.6120514	0.15765889	-0.25569144	0.26698607	-0.48929802	0.9999969	-0.119527765	0.16629486	-0.15022542	0.26403323	-0.381039	0.12116877	-0.13688843	0.16224217	-0.13225506	0.15127696	-0.12441116
0.045819275	-0.04006936	0.07866314	-0.066911854	0.06796143	-0.06652833	0.058860924	-0.067275405	0.07024133	-0.056357287	0.067750216	-0.0693668	0.08205209	-0.10091875	0.13797681	-0.06911043	0.072751924	-0.09763182	0.13582624	-0.7339425	0.14204858	-0.10438273	0.09196766	-0.119527765	0.99999684	-0.101691835	0.0850332	-0.090407096	0.10616012	-0.54470515	0.09918137	-0.12247543	0.1099429	-0.16641471	0.2591159
-0.0727908	0.06250489	-0.11957924	0.08854967	-0.08585057	0.105806194	-0.09235831	0.098497674	-0.096002676	0.06597407	-0.1150212	0.10660987	-0.119706176	0.12099862	-0.1534814	0.12392194	-0.13134971	0.14602305	-0.18703268	0.13526589	-0.3865153	0.25995782	-0.19792025	0.16629486	-0.101691835	0.9999967	-0.7117884	0.16649406	-0.1979344	0.12293704	-0.30850884	0.27448925	-0.21398123	0.18734218	-0.1535141
0.055955756	-0.04844734	0.091743566	-0.06941407	0.0657095	-0.08325873	0.071844354	-0.07703728	0.07447673	-0.051009566	0.088869825	-0.084298134	0.09378168	-0.09620213	0.11875217	-0.098927744	0.10647133	-0.11880383	0.15181619	-0.11527341	0.2578111	-0.35883117	0.18571927	-0.15022542	0.0850332	-0.7117884	0.9999968	-0.16002826	0.1664226	-0.10805177	0.18237822	-0.4559644	0.20960979	-0.19244087	0.13031904
-0.06105746	0.053315986	-0.1015451	0.08027935	-0.07316194	0.09132742	-0.07928706	0.08712784	-0.085688956	0.057710607	-0.09574896	0.09387747	-0.107605055	0.116972476	-0.13568757	0.10361808	-0.113653824	0.13997534	-0.2164833	0.12399402	-0.23264156	0.25229597	-0.46472433	0.26403323	-0.090407096	0.16649406	-0.16002826	0.99999666	-0.7465327	0.11066764	-0.1312063	0.18733501	-0.21664281	0.17521238	-0.123732276
0.06776085	-0.059935782	0.11188502	-0.091932185	0.07887825	-0.10478565	0.08887463	-0.099069916	0.09507592	-0.06345796	0.10571033	-0.10710924	0.120199986	-0.13361268	0.14625844	-0.11686692	0.12408252	-0.16586964	0.22707339	-0.15313405	0.22631638	-0.2858906	0.29424387	-0.381039	0.10616012	-0.1979344	0.1664226	-0.7465327	0.99999624	-0.13723224	0.14385426	-0.21530414	0.18440779	-0.20650716	0.13741149
-0.054375477	0.046799332	-0.092977986	0.07311071	-0.07789432	0.07642991	-0.068525374	0.076339655	-0.07935877	0.060566425	-0.08036383	0.07885728	-0.09331755	0.104182266	-0.14664228	0.080790445	-0.08548316	0.1077454	-0.14787292	0.29524544	-0.18761535	0.12292341	-0.10916487	0.12116877	-0.54470515	0.12293704	-0.10805177	0.11066764	-0.13723224	0.9999963	-0.13231286	0.15103514	-0.16089316	0.22509567	-0.6605153
0.065930516	-0.057063583	0.10779936	-0.0818056	0.07704209	-0.09705971	0.08299195	-0.09002038	0.08661417	-0.05978311	0.099672124	-0.09608897	0.10614015	-0.107885435	0.13582002	-0.10474329	0.107195415	-0.1316424	0.14976771	-0.14883928	0.25359008	-0.18103194	0.1325921	-0.13688843	0.09918137	-0.30850884	0.18237822	-0.1312063	0.14385426	-0.13231286	0.999996	-0.22491199	0.14613219	-0.19431584	0.13229081
-0.070262104	0.060152177	-0.11712979	0.087219335	-0.08785057	0.099851385	-0.08844031	0.09550352	-0.095140085	0.067142874	-0.10786978	0.10147276	-0.11630363	0.12010247	-0.15697227	0.11217212	-0.1197888	0.13869986	-0.18393052	0.15054551	-0.3045555	0.22026747	-0.1855104	0.16224217	-0.12247543	0.27448925	-0.4559644	0.18733501	-0.21530414	0.15103514	-0.22491199	0.99999624	-0.6122077	0.2870863	-0.2237215
0.050572544	-0.043637984	0.08429232	-0.06460953	0.063434094	-0.07323985	0.064199194	-0.070008986	0.06950316	-0.04917561	0.07751432	-0.07449352	0.085000955	-0.089887284	0.11492692	-0.081595995	0.0865688	-0.10399601	0.1371744	-0.1429368	0.2024069	-0.16914779	0.14642583	-0.13225506	0.1099429	-0.21398123	0.20960979	-0.21664281	0.18440779	-0.16089316	0.14613219	-0.6122077	0.99999624	-0.6214144	0.21340404
-0.06746284	0.057726797	-0.11354905	0.08549232	-0.088277884	0.09479427	-0.08457103	0.092262864	-0.09332669	0.067504205	-0.10161627	0.09674693	-0.1122929	0.11834913	-0.15866199	0.10350183	-0.1097797	0.13170369	-0.17630517	0.1862906	-0.266365	0.17459168	-0.15786281	0.15127696	-0.16641471	0.18734218	-0.19244087	0.17521238	-0.20650716	0.22509567	-0.19431584	0.2870863	-0.6214144	0.99999624	-0.478584
0.052435994	-0.045563392	0.088545196	-0.071560435	0.071076825	-0.07613513	0.06678308	-0.07455055	0.075687446	-0.05664871	0.078515194	-0.07795818	0.09003761	-0.10136477	0.13385348	-0.08104118	0.08493669	-0.1084987	0.14057307	-0.33508596	0.18175241	-0.13561334	0.11373793	-0.12441116	0.2591159	-0.1535141	0.13031904	-0.123732276	0.13741149	-0.6605153	0.13229081	-0.2237215	0.21340404	-0.478584	0.99999624
