1.0000001	-0.28565785	0.16736418	-0.12970199	0.09732881	-0.8707318	0.18411365	-0.19332503	0.10449453	-0.0728834	0.1734195	-0.08748506	0.11712189	-0.09452606	0.11743416	-0.18213268	0.08009147	-0.08513711	0.08868849	-0.0719811	0.08124905	-0.099096805	0.06674485	-0.06164728	0.08478835	-0.04715331	0.047260456	-0.058587234	0.062276848	-0.035757218	0.049301125	-0.04283446	0.04123434	-0.036690846	0.04397763
-0.28565785	1.0	-0.4638034	0.21804011	-0.16859883	0.21088867	-0.6643347	0.31541815	-0.18274273	0.11967117	-0.08743629	0.08659404	-0.16392338	0.14373136	-0.19518313	0.0836323	-0.08384529	0.107823	-0.12315901	0.09642198	-0.06317956	0.07546769	-0.08338084	0.07849209	-0.11522905	0.039029047	-0.043371737	0.06852762	-0.07799259	0.045058873	-0.044093266	0.039204445	-0.04917485	0.043362375	-0.056026455
0.16736418	-0.4638034	0.9999999	-0.61595017	0.22302426	-0.17985503	0.24905472	-0.40050095	0.19098726	-0.16553439	0.0827242	-0.089567706	0.16565102	-0.17235042	0.22174901	-0.083295904	0.084935844	-0.11687705	0.12941591	-0.10659116	0.065575406	-0.08058674	0.087840624	-0.084009044	0.121564895	-0.041087274	0.045815676	-0.07345557	0.08226265	-0.047895323	0.046307303	-0.04160266	0.05201866	-0.04618179	0.059088383
-0.12970199	0.21804011	-0.61595017	0.9999998	-0.48398933	0.12602822	-0.16165662	0.22810875	-0.22806269	0.24849822	-0.07584584	0.09284936	-0.19110037	0.18308511	-0.36799824	0.07450496	-0.090921335	0.12945028	-0.15125671	0.12502603	-0.0684588	0.08295229	-0.101450995	0.09671694	-0.14472282	0.043515086	-0.04964398	0.08326474	-0.09508298	0.055317394	-0.049930286	0.045022525	-0.059522767	0.052613083	-0.068572424
0.09732881	-0.16859883	0.22302426	-0.48398933	0.9999998	-0.10558317	0.11771341	-0.19722481	0.1771179	-0.681748	0.063294575	-0.078823976	0.14821796	-0.17049941	0.31617475	-0.06408627	0.07486257	-0.11019206	0.12230961	-0.10922102	0.05797898	-0.072557345	0.08264794	-0.08068093	0.11704372	-0.037045687	0.041979782	-0.07004132	0.07754684	-0.045614768	0.042078964	-0.038276773	0.04896433	-0.04376982	0.0557965
-0.8707318	0.21088867	-0.17985503	0.12602822	-0.10558317	0.99999976	-0.20011206	0.17135298	-0.109270945	0.077149086	-0.23653662	0.091789454	-0.12841584	0.09579482	-0.1288831	0.17241523	-0.08675597	0.08987634	-0.095880896	0.07647847	-0.08424775	0.09638688	-0.07164837	0.06580293	-0.09238255	0.047963914	-0.04879888	0.061674755	-0.06704356	0.038396485	-0.05132298	0.043845057	-0.044011254	0.03889023	-0.047581173
0.18411365	-0.6643347	0.24905472	-0.16165662	0.11771341	-0.20011206	0.99999994	-0.62151724	0.1631501	-0.08962009	0.07061905	-0.07388242	0.125443	-0.1350755	0.13866253	-0.067568116	0.06810277	-0.08574163	0.09419515	-0.07412648	0.048528295	-0.0587173	0.06252499	-0.05960607	0.08557497	-0.029936867	0.033067122	-0.051921956	0.05824392	-0.03370172	0.033565424	-0.029935393	0.03680181	-0.032629326	0.041615654
-0.19332503	0.31541815	-0.40050095	0.22810875	-0.19722481	0.17135298	-0.62151724	0.99999994	-0.34902933	0.14716718	-0.089151554	0.10375198	-0.21532948	0.21770255	-0.23765254	0.08472966	-0.10079525	0.13797507	-0.1584618	0.12124587	-0.07139584	0.08587852	-0.10289321	0.0978058	-0.14303538	0.04488061	-0.050795868	0.08386898	-0.09587554	0.055391286	-0.05122773	0.045971494	-0.05996533	0.05294977	-0.068739206
0.10449453	-0.18274273	0.19098726	-0.22806269	0.1771179	-0.109270945	0.1631501	-0.34902933	0.99999994	-0.20013309	0.07228066	-0.11202914	0.22150622	-0.7785142	0.2273765	-0.072768055	0.10195891	-0.17465739	0.19192474	-0.1476257	0.06570272	-0.08408651	0.1033394	-0.10835571	0.14105248	-0.04258747	0.04890739	-0.087298945	0.093949735	-0.054841816	0.04811783	-0.044763017	0.05821214	-0.053034183	0.06530889
-0.0728834	0.11967117	-0.16553439	0.24849822	-0.681748	0.077149086	-0.08962009	0.14716718	-0.20013309	1.0	-0.04962252	0.06592613	-0.12934591	0.16689342	-0.6076421	0.04990655	-0.0629823	0.09580444	-0.11141476	0.10402486	-0.04628494	0.058058005	-0.07107643	0.07045976	-0.10685433	0.029911896	-0.034297787	0.059547313	-0.0662229	0.039063334	-0.034078315	0.031316824	-0.04133847	0.03706251	-0.047521003
0.1734195	-0.08743629	0.0827242	-0.07584584	0.063294575	-0.23653662	0.07061905	-0.089151554	0.07228066	-0.04962252	1.0	-0.21289724	0.13072722	-0.07289831	0.082122356	-0.8631651	0.16091557	-0.10916453	0.09319081	-0.073797695	0.19234142	-0.22153613	0.08115235	-0.07174148	0.08554823	-0.103327	0.08943467	-0.07764585	0.07341199	-0.04057126	0.095748834	-0.08148646	0.052928478	-0.047679007	0.048852045
-0.08748506	0.08659404	-0.089567706	0.09284936	-0.078823976	0.091789454	-0.07388242	0.10375198	-0.11202914	0.06592613	-0.21289724	1.0	-0.35801473	0.1223812	-0.10782389	0.16574082	-0.826419	0.25784928	-0.17761122	0.1206642	-0.122761905	0.14749776	-0.11132035	0.10431177	-0.13294746	0.06793465	-0.07280446	0.09239341	-0.09736302	0.05457894	-0.0758719	0.06297013	-0.06251587	0.05607936	-0.06584273
0.11712189	-0.16392338	0.16565102	-0.19110037	0.14821796	-0.12841584	0.125443	-0.21532948	0.22150622	-0.12934591	0.13072722	-0.35801473	0.9999999	-0.323799	0.19824454	-0.13447385	0.25983405	-0.59219915	0.27849215	-0.21959509	0.11454305	-0.15197921	0.16426341	-0.16853347	0.20602526	-0.07288393	0.08241237	-0.14137971	0.14475153	-0.08451404	0.08118188	-0.07518394	0.09084222	-0.08379702	0.09902343
-0.09452606	0.14373136	-0.17235042	0.18308511	-0.17049941	0.09579482	-0.1350755	0.21770255	-0.7785142	0.16689342	-0.07289831	0.1223812	-0.323799	1.0000001	-0.27261695	0.07246013	-0.115735024	0.19912449	-0.2785829	0.16214311	-0.068427354	0.08666854	-0.1191664	0.12362591	-0.1626488	0.04458438	-0.051840276	0.09549047	-0.10605938	0.06058612	-0.050605398	0.047245406	-0.06419098	0.058112394	-0.07258545
0.11743416	-0.19518313	0.22174901	-0.36799824	0.31617475	-0.1288831	0.13866253	-0.23765254	0.2273765	-0.6076421	0.082122356	-0.10782389	0.19824454	-0.27261695	0.9999999	-0.08356797	0.10160988	-0.1565533	0.17622535	-0.19114263	0.07671142	-0.0973324	0.114605956	-0.11524057	0.17230155	-0.04967334	0.056785222	-0.09826703	0.107184485	-0.06381569	0.05641925	-0.051998936	0.067388475	-0.060824774	0.07699891
-0.18213268	0.0836323	-0.083295904	0.07450496	-0.06408627	0.17241523	-0.067568116	0.08472966	-0.072768055	0.04990655	-0.8631651	0.16574082	-0.13447385	0.07246013	-0.08356797	0.9999998	-0.16902606	0.10721784	-0.095755726	0.07444233	-0.2770204	0.20397168	-0.08373785	0.073044494	-0.08864434	0.11545208	-0.09944303	0.079219095	-0.07650186	0.041936208	-0.11301176	0.08659282	-0.05541672	0.04916162	-0.050992753
0.08009147	-0.08384529	0.084935844	-0.090921335	0.07486257	-0.08675597	0.06810277	-0.10079525	0.10195891	-0.0629823	0.16091557	-0.826419	0.25983405	-0.115735024	0.10160988	-0.16902606	0.99999964	-0.3752643	0.17496116	-0.12525876	0.12077333	-0.17359936	0.10888754	-0.10523641	0.12656644	-0.06808204	0.07302489	-0.09275871	0.093921795	-0.052920237	0.07440603	-0.06346497	0.06071413	-0.055234887	0.062718526
-0.08513711	0.107823	-0.11687705	0.12945028	-0.11019206	0.08987634	-0.08574163	0.13797507	-0.17465739	0.09580444	-0.10916453	0.25784928	-0.59219915	0.19912449	-0.1565533	0.10721784	-0.3752643	0.9999997	-0.5143927	0.2274879	-0.10395021	0.13277724	-0.20532861	0.1944658	-0.24015522	0.06647483	-0.07801427	0.14652207	-0.16158918	0.08809656	-0.075127564	0.06999454	-0.09477255	0.08599963	-0.10483514
0.08868849	-0.12315901	0.12941591	-0.15125671	0.12230961	-0.095880896	0.09419515	-0.1584618	0.19192474	-0.11141476	0.09319081	-0.17761122	0.27849215	-0.2785829	0.17622535	-0.095755726	0.17496116	-0.5143927	0.9999997	-0.5114398	0.0997119	-0.13372251	0.22226068	-0.34864762	0.29777932	-0.06854198	0.08239605	-0.18121783	0.19014692	-0.107108876	0.07653765	-0.07595435	0.10827769	-0.104043715	0.11812495
-0.0719811	0.09642198	-0.10659116	0.12502603	-0.10922102	0.07647847	-0.07412648	0.12124587	-0.1476257	0.10402486	-0.073797695	0.1206642	-0.21959509	0.16214311	-0.19114263	0.07444233	-0.12525876	0.2274879	-0.5114398	1.0	-0.08440048	0.10917052	-0.20953545	0.24210542	-0.7121116	0.05887694	-0.07221848	0.15953685	-0.18599239	0.12080932	-0.06670573	0.066231586	-0.1035817	0.096417576	-0.13716386
0.08124905	-0.06317956	0.065575406	-0.0684588	0.05797898	-0.08424775	0.048528295	-0.07139584	0.06570272	-0.04628494	0.19234142	-0.122761905	0.11454305	-0.068427354	0.07671142	-0.2770204	0.12077333	-0.10395021	0.0997119	-0.08440048	1.0	-0.70864683	0.12721859	-0.1028509	0.099679835	-0.47418424	0.24519975	-0.13989195	0.11205094	-0.05764582	0.2632239	-0.22755869	0.0920015	-0.08317743	0.06786469
-0.099096805	0.07546769	-0.08058674	0.08295229	-0.072557345	0.09638688	-0.0587173	0.08587852	-0.08408651	0.058058005	-0.22153613	0.14749776	-0.15197921	0.08666854	-0.0973324	0.20397168	-0.17359936	0.13277724	-0.13372251	0.10917052	-0.70864683	1.0000001	-0.1876189	0.13480581	-0.13531438	0.28655303	-0.3437791	0.17017797	-0.15077859	0.07587068	-0.33555123	0.23058042	-0.11742589	0.101171926	-0.091756806
0.06674485	-0.08338084	0.087840624	-0.101450995	0.08264794	-0.07164837	0.06252499	-0.10289321	0.1033394	-0.07107643	0.08115235	-0.11132035	0.16426341	-0.1191664	0.114605956	-0.08373785	0.10888754	-0.20532861	0.22226068	-0.20953545	0.12721859	-0.1876189	0.99999976	-0.6280405	0.2254241	-0.10075984	0.13542801	-0.5607273	0.29622447	-0.13488741	0.107456565	-0.12215565	0.17736018	-0.17589971	0.1432002
-0.06164728	0.07849209	-0.084009044	0.09671694	-0.08068093	0.06580293	-0.05960607	0.0978058	-0.10835571	0.07045976	-0.07174148	0.10431177	-0.16853347	0.12362591	-0.11524057	0.073044494	-0.10523641	0.1944658	-0.34864762	0.24210542	-0.1028509	0.13480581	-0.6280405	0.9999998	-0.36153063	0.07779646	-0.103495285	0.2953637	-0.44991747	0.15324181	-0.087292604	0.09355257	-0.17369601	0.16401495	-0.16855162
0.08478835	-0.11522905	0.121564895	-0.14472282	0.11704372	-0.09238255	0.08557497	-0.14303538	0.14105248	-0.10685433	0.08554823	-0.13294746	0.20602526	-0.1626488	0.17230155	-0.08864434	0.12656644	-0.24015522	0.29777932	-0.7121116	0.099679835	-0.13531438	0.2254241	-0.36153063	0.99999934	-0.071178265	0.086703256	-0.2018768	0.20804685	-0.16759227	0.07921427	-0.080960184	0.11888101	-0.117755376	0.1570298
-0.04715331	0.039029047	-0.041087274	0.043515086	-0.037045687	0.047963914	-0.029936867	0.04488061	-0.04258747	0.029911896	-0.103327	0.06793465	-0.07288393	0.04458438	-0.04967334	0.11545208	-0.06808204	0.06647483	-0.06854198	0.05887694	-0.47418424	0.28655303	-0.10075984	0.07779646	-0.071178265	0.9999991	-0.47340843	0.12622313	-0.09836785	0.046950802	-0.64475036	0.30119964	-0.09022265	0.07740119	-0.055593222
0.047260456	-0.043371737	0.045815676	-0.04964398	0.041979782	-0.04879888	0.033067122	-0.050795868	0.04890739	-0.034297787	0.08943467	-0.07280446	0.08241237	-0.051840276	0.056785222	-0.09944303	0.07302489	-0.07801427	0.08239605	-0.07221848	0.24519975	-0.3437791	0.13542801	-0.103495285	0.086703256	-0.47340843	0.9999994	-0.22329032	0.13542373	-0.062321752	0.32249936	-0.6971308	0.13225375	-0.11589926	0.072269656
-0.058587234	0.06852762	-0.07345557	0.08326474	-0.07004132	0.061674755	-0.051921956	0.08386898	-0.087298945	0.059547313	-0.07764585	0.09239341	-0.14137971	0.09549047	-0.09826703	0.079219095	-0.09275871	0.14652207	-0.18121783	0.15953685	-0.13989195	0.17017797	-0.5607273	0.2953637	-0.2018768	0.12622313	-0.22329032	0.9999994	-0.5448758	0.17665768	-0.1394024	0.1633061	-0.34358072	0.24665807	-0.21059792
0.062276848	-0.07799259	0.08226265	-0.09508298	0.07754684	-0.06704356	0.05824392	-0.09587554	0.093949735	-0.0662229	0.07341199	-0.09736302	0.14475153	-0.10605938	0.107184485	-0.07650186	0.093921795	-0.16158918	0.19014692	-0.18599239	0.11205094	-0.15077859	0.29622447	-0.44991747	0.20804685	-0.09836785	0.13542373	-0.5448758	0.9999992	-0.32495835	0.10628012	-0.1300059	0.2609886	-0.38231832	0.23864034
-0.035757218	0.045058873	-0.047895323	0.055317394	-0.045614768	0.038396485	-0.03370172	0.055391286	-0.054841816	0.039063334	-0.04057126	0.05457894	-0.08451404	0.06058612	-0.06381569	0.041936208	-0.052920237	0.08809656	-0.107108876	0.12080932	-0.05764582	0.07587068	-0.13488741	0.15324181	-0.16759227	0.046950802	-0.062321752	0.17665768	-0.32495835	0.9999993	-0.052502524	0.05933081	-0.12148658	0.13346754	-0.89162713
0.049301125	-0.044093266	0.046307303	-0.049930286	0.042078964	-0.05132298	0.033565424	-0.05122773	0.04811783	-0.034078315	0.095748834	-0.0758719	0.08118188	-0.050605398	0.05641925	-0.11301176	0.07440603	-0.075127564	0.07653765	-0.06670573	0.2632239	-0.33555123	0.107456565	-0.087292604	0.07921427	-0.64475036	0.32249936	-0.1394024	0.10628012	-0.052502524	0.99999934	-0.5705697	0.109221235	-0.09855143	0.061018907
-0.04283446	0.039204445	-0.04160266	0.045022525	-0.038276773	0.043845057	-0.029935393	0.045971494	-0.044763017	0.031316824	-0.08148646	0.06297013	-0.07518394	0.047245406	-0.051998936	0.08659282	-0.06346497	0.06999454	-0.07595435	0.066231586	-0.22755869	0.23058042	-0.12215565	0.09355257	-0.080960184	0.30119964	-0.6971308	0.1633061	-0.1300059	0.05933081	-0.5705697	0.9999993	-0.16281028	0.12139294	-0.07015944
0.04123434	-0.04917485	0.05201866	-0.059522767	0.04896433	-0.044011254	0.03680181	-0.05996533	0.05821214	-0.04133847	0.052928478	-0.06251587	0.09084222	-0.06419098	0.067388475	-0.05541672	0.06071413	-0.09477255	0.10827769	-0.1035817	0.0920015	-0.11742589	0.17736018	-0.17369601	0.11888101	-0.09022265	0.13225375	-0.34358072	0.2609886	-0.12148658	0.109221235	-0.16281028	0.99999917	-0.84644836	0.12699571
-0.036690846	0.043362375	-0.04618179	0.052613083	-0.04376982	0.03889023	-0.032629326	0.05294977	-0.053034183	0.03706251	-0.047679007	0.05607936	-0.08379702	0.058112394	-0.060824774	0.04916162	-0.055234887	0.08599963	-0.104043715	0.096417576	-0.08317743	0.101171926	-0.17589971	0.16401495	-0.117755376	0.07740119	-0.11589926	0.24665807	-0.38231832	0.13346754	-0.09855143	0.12139294	-0.84644836	0.9999991	-0.15498738
0.04397763	-0.056026455	0.059088383	-0.068572424	0.0557965	-0.047581173	0.041615654	-0.068739206	0.06530889	-0.047521003	0.048852045	-0.06584273	0.09902343	-0.07258545	0.07699891	-0.050992753	0.062718526	-0.10483514	0.11812495	-0.13716386	0.06786469	-0.091756806	0.1432002	-0.16855162	0.1570298	-0.055593222	0.072269656	-0.21059792	0.23864034	-0.89162713	0.061018907	-0.07015944	0.12699571	-0.15498738	0.9999991
