1.0000001	-0.17361602	0.13726254	-0.119356625	0.15168658	-0.52709484	0.18348348	-0.18364838	0.114369154	-0.11376082	0.3080045	-0.19984113	0.1687152	-0.2908377	0.16416581	-0.23512618	0.1693697	-0.16039927	0.15362246	-0.11407746	0.056148455	-0.06919095	0.15235466	-0.1500046	0.16122647	-0.049683757	0.057938114	-0.064067334	0.07174933	-0.08826274	0.045356877	-0.038639005	0.068618074	-0.043176435	0.048422515
-0.17361602	0.9999999	-0.9313448	0.17528655	-0.095583	0.078145295	-0.096487135	0.09536234	-0.18639088	0.0724156	-0.082268804	0.07364572	-0.0753187	0.1091668	-0.07642676	0.06771215	-0.057476427	0.061770115	-0.06277033	0.04965941	-0.019767707	0.024374576	-0.060445428	0.05677121	-0.068800025	0.017199269	-0.02060136	0.023208171	-0.02618512	0.031214906	-0.015942141	0.013473081	-0.02506727	0.0155225815	-0.017450212
0.13726254	-0.9313448	0.9999999	-0.22542195	0.087737754	-0.07230382	0.08888255	-0.10124219	0.16643496	-0.06876244	0.07397739	-0.071512654	0.07307405	-0.10893372	0.071503215	-0.066007614	0.054919224	-0.06038182	0.06043915	-0.047137354	0.019001877	-0.023480395	0.057908338	-0.05497504	0.06476731	-0.016578509	0.019800806	-0.02237212	0.025273446	-0.030258639	0.015324179	-0.012974439	0.024093322	-0.014980117	0.01681265
-0.119356625	0.17528655	-0.22542195	0.99999964	-0.2448318	0.059054133	-0.072132625	0.07483006	-0.8830595	0.18278942	-0.075224794	0.06904715	-0.07638729	0.18498583	-0.14529131	0.06811061	-0.05974767	0.0804114	-0.09467032	0.08662124	-0.025434678	0.031427972	-0.08366403	0.0829223	-0.116111726	0.022274869	-0.027033713	0.032322295	-0.03755168	0.044441883	-0.021173162	0.017858252	-0.035071153	0.022080567	-0.024870217
0.15168658	-0.095583	0.087737754	-0.2448318	0.9999997	-0.079493	0.09916386	-0.109256476	0.20496616	-0.7683213	0.1056774	-0.108447164	0.114997126	-0.31878012	0.27383322	-0.114345476	0.093575604	-0.14084832	0.154783	-0.1781059	0.042539775	-0.053505547	0.13639331	-0.1563234	0.19152586	-0.038258012	0.045566365	-0.057664152	0.06906307	-0.08642807	0.035841137	-0.030737061	0.060850047	-0.040552143	0.04487874
-0.52709484	0.078145295	-0.07230382	0.059054133	-0.079493	0.9999997	-0.19318202	0.14153706	-0.058661144	0.059555963	-0.7566908	0.17045306	-0.13098633	0.14687361	-0.08883683	0.16469087	-0.13571896	0.099142686	-0.091284715	0.063177705	-0.03485689	0.04256221	-0.09304057	0.08484659	-0.08909168	0.029865192	-0.035203844	0.0363644	-0.039864644	0.04796559	-0.026703948	0.022596594	-0.039071716	0.023816904	-0.026699904
0.18348348	-0.096487135	0.08888255	-0.072132625	0.09916386	-0.19318202	0.9999998	-0.68168193	0.072684124	-0.07586662	0.19334505	-0.530676	0.30606213	-0.19398154	0.11740837	-0.24839252	0.2151009	-0.18244545	0.14641397	-0.08910971	0.051185742	-0.06379187	0.1481288	-0.12771119	0.12193202	-0.043349244	0.05140936	-0.05221283	0.056570116	-0.06649746	0.03777627	-0.032046814	0.055581253	-0.033189572	0.03693513
-0.18364838	0.09536234	-0.10124219	0.07483006	-0.109256476	0.14153706	-0.68168193	0.9999999	-0.07790982	0.08277421	-0.17415278	0.30620864	-0.5478833	0.19173382	-0.13315955	0.18546702	-0.19027835	0.2091907	-0.17971905	0.10124323	-0.05270625	0.06533726	-0.18327887	0.14162356	-0.14046118	0.044137098	-0.05407169	0.05728814	-0.062078632	0.07099741	-0.039793786	0.03346012	-0.061634775	0.036070015	-0.040308904
0.114369154	-0.18639088	0.16643496	-0.8830595	0.20496616	-0.058661144	0.072684124	-0.07790982	0.9999999	-0.22411573	0.07380028	-0.07157244	0.07897703	-0.24188846	0.143801	-0.070541084	0.060900167	-0.085349515	0.09969825	-0.08893532	0.025951236	-0.032193907	0.0856413	-0.08733337	0.11439034	-0.022791468	0.027583897	-0.033234987	0.038840935	-0.04626509	0.021548469	-0.018228617	0.035838857	-0.02275963	0.025523786
-0.11376082	0.0724156	-0.06876244	0.18278942	-0.7683213	0.059555963	-0.07586662	0.08277421	-0.22411573	0.9999997	-0.07933438	0.08202151	-0.08971745	0.22543168	-0.4552357	0.08443849	-0.070994936	0.11357029	-0.135124	0.18869671	-0.033538587	0.042095125	-0.11407377	0.12827504	-0.21852876	0.02983335	-0.035971157	0.045517135	-0.054882493	0.06664162	-0.028061744	0.023954216	-0.04832325	0.031790692	-0.035259746
0.3080045	-0.082268804	0.07397739	-0.075224794	0.1056774	-0.7566908	0.19334505	-0.17415278	0.07380028	-0.07933438	0.9999997	-0.25430655	0.16460574	-0.20486312	0.118643805	-0.2598102	0.18092315	-0.13353968	0.121233925	-0.08463185	0.04715827	-0.05767535	0.1224409	-0.114765465	0.11885882	-0.040643603	0.04740484	-0.049083713	0.053955127	-0.06541724	0.036010306	-0.030582687	0.052536298	-0.03228336	0.036136456
-0.19984113	0.07364572	-0.071512654	0.06904715	-0.108447164	0.17045306	-0.530676	0.30620864	-0.07157244	0.08202151	-0.25430655	0.99999964	-0.5189997	0.19630319	-0.13265659	0.274526	-0.43063667	0.20944946	-0.17631988	0.100810274	-0.061692126	0.07680567	-0.18099278	0.14250256	-0.13976839	0.050510477	-0.06165412	0.059196994	-0.06317363	0.07268145	-0.044022948	0.037010986	-0.06355494	0.036900934	-0.041199926
0.1687152	-0.0753187	0.07307405	-0.07638729	0.114997126	-0.13098633	0.30606213	-0.5478833	0.07897703	-0.08971745	0.16460574	-0.5189997	0.9999997	-0.2630295	0.1439931	-0.23103948	0.21219607	-0.42309055	0.22244188	-0.11808011	0.05938693	-0.07555708	0.21039331	-0.17834164	0.15361314	-0.050273422	0.060813628	-0.06622033	0.07245696	-0.08373237	0.04429891	-0.037658468	0.069416925	-0.041606374	0.045883235
-0.2908377	0.1091668	-0.10893372	0.18498583	-0.31878012	0.14687361	-0.19398154	0.19173382	-0.24188846	0.22543168	-0.20486312	0.19630319	-0.2630295	0.9999999	-0.39012092	0.18515521	-0.1790249	0.2682118	-0.4323629	0.25173753	-0.082070194	0.10046506	-0.2960823	0.26512012	-0.36924556	0.07049109	-0.08761584	0.10389601	-0.12052751	0.13476925	-0.06829494	0.056919385	-0.11505862	0.069986075	-0.07985925
0.16416581	-0.07642676	0.071503215	-0.14529131	0.27383322	-0.08883683	0.11740837	-0.13315955	0.143801	-0.4552357	0.118643805	-0.13265659	0.1439931	-0.39012092	0.99999964	-0.13643597	0.112058476	-0.20026678	0.22935845	-0.5592021	0.05350988	-0.06797489	0.1821869	-0.22832057	0.3086912	-0.04804868	0.0575154	-0.07472412	0.09151136	-0.113441795	0.044675276	-0.038441744	0.077885844	-0.052639622	0.0575821
-0.23512618	0.06771215	-0.066007614	0.06811061	-0.114345476	0.16469087	-0.24839252	0.18546702	-0.070541084	0.08443849	-0.2598102	0.274526	-0.23103948	0.18515521	-0.13643597	0.9999997	-0.79434377	0.16627789	-0.15219004	0.098763205	-0.09788743	0.10878914	-0.16942704	0.13606866	-0.14156339	0.07373832	-0.08689908	0.06493501	-0.06539334	0.075471185	-0.05992958	0.04955758	-0.070817314	0.039188623	-0.044095304
0.1693697	-0.057476427	0.054919224	-0.05974767	0.093575604	-0.13571896	0.2151009	-0.19027835	0.060900167	-0.070994936	0.18092315	-0.43063667	0.21219607	-0.1790249	0.112058476	-0.79434377	0.9999998	-0.17104317	0.13543744	-0.08463889	0.084346995	-0.11183673	0.14463319	-0.12433222	0.116823316	-0.06702666	0.078376375	-0.05728252	0.057719674	-0.06780057	0.052073076	-0.044192303	0.060890015	-0.034366954	0.038226627
-0.16039927	0.061770115	-0.06038182	0.0804114	-0.14084832	0.099142686	-0.18244545	0.2091907	-0.085349515	0.11357029	-0.13353968	0.20944946	-0.42309055	0.2682118	-0.20026678	0.16627789	-0.17104317	0.9999997	-0.58879626	0.18313514	-0.0783491	0.10107285	-0.4852995	0.289026	-0.22988698	0.06461424	-0.082676955	0.09796172	-0.10780204	0.11785436	-0.058281116	0.049337912	-0.101968065	0.059195027	-0.064781375
0.15362246	-0.06277033	0.06043915	-0.09467032	0.154783	-0.091284715	0.14641397	-0.17971905	0.09969825	-0.135124	0.121233925	-0.17631988	0.22244188	-0.4323629	0.22935845	-0.15219004	0.13543744	-0.58879626	0.9999997	-0.31171426	0.067675695	-0.08774049	0.30243257	-0.4612327	0.2642613	-0.058469895	0.07263628	-0.09601701	0.12292762	-0.1371472	0.053378057	-0.045693632	0.09799288	-0.0652285	0.0696148
-0.11407746	0.04965941	-0.047137354	0.08662124	-0.1781059	0.063177705	-0.08910971	0.10124323	-0.08893532	0.18869671	-0.08463185	0.100810274	-0.11808011	0.25173753	-0.5592021	0.098763205	-0.08463889	0.18313514	-0.31171426	0.99999976	-0.043139804	0.05487808	-0.16973582	0.2106321	-0.6796689	0.03794394	-0.046454035	0.060861778	-0.07698969	0.08956474	-0.035254713	0.030184004	-0.063613065	0.042412464	-0.04630939
0.056148455	-0.019767707	0.019001877	-0.025434678	0.042539775	-0.03485689	0.051185742	-0.05270625	0.025951236	-0.033538587	0.04715827	-0.061692126	0.05938693	-0.082070194	0.05350988	-0.09788743	0.084346995	-0.0783491	0.067675695	-0.043139804	0.99999964	-0.62541837	0.12075357	-0.09802695	0.05937735	-0.679757	0.31440067	-0.09087535	0.05921063	-0.0683095	0.15726425	-0.14704582	0.09088791	-0.037173063	0.040032167
-0.06919095	0.024374576	-0.023480395	0.031427972	-0.053505547	0.04256221	-0.06379187	0.06533726	-0.032193907	0.042095125	-0.05767535	0.07680567	-0.07555708	0.10046506	-0.06797489	0.10878914	-0.11183673	0.10107285	-0.08774049	0.05487808	-0.62541837	0.9999995	-0.19267184	0.12523986	-0.076088436	0.32747987	-0.6049862	0.12398122	-0.07873802	0.08672071	-0.23098879	0.18760428	-0.13046484	0.04927796	-0.05353666
0.15235466	-0.060445428	0.057908338	-0.08366403	0.13639331	-0.09304057	0.1481288	-0.18327887	0.0856413	-0.11407377	0.1224409	-0.18099278	0.21039331	-0.2960823	0.1821869	-0.16942704	0.14463319	-0.4852995	0.30243257	-0.16973582	0.12075357	-0.19267184	0.9999997	-0.6305739	0.21800208	-0.103251144	0.1298904	-0.18296257	0.17573759	-0.20257284	0.08630509	-0.07614607	0.15873383	-0.09504677	0.09846835
-0.1500046	0.05677121	-0.05497504	0.0829223	-0.1563234	0.08484659	-0.12771119	0.14162356	-0.08733337	0.12827504	-0.114765465	0.14250256	-0.17834164	0.26512012	-0.22832057	0.13606866	-0.12433222	0.289026	-0.4612327	0.2106321	-0.09802695	0.12523986	-0.6305739	0.9999998	-0.3346677	0.081832625	-0.10746986	0.1519741	-0.25955224	0.20667623	-0.076484874	0.06488842	-0.15946984	0.10673809	-0.115494736
0.16122647	-0.068800025	0.06476731	-0.116111726	0.19152586	-0.08909168	0.12193202	-0.14046118	0.11439034	-0.21852876	0.11885882	-0.13976839	0.15361314	-0.36924556	0.3086912	-0.14156339	0.116823316	-0.22988698	0.2642613	-0.6796689	0.05937735	-0.076088436	0.21800208	-0.3346677	0.9999998	-0.05313327	0.064161964	-0.08652856	0.1111756	-0.13472411	0.049164884	-0.042405263	0.08912155	-0.061668344	0.06651277
-0.049683757	0.017199269	-0.016578509	0.022274869	-0.038258012	0.029865192	-0.043349244	0.044137098	-0.022791468	0.02983335	-0.040643603	0.050510477	-0.050273422	0.07049109	-0.04804868	0.07373832	-0.06702666	0.06461424	-0.058469895	0.03794394	-0.679757	0.32747987	-0.103251144	0.081832625	-0.05313327	0.9999997	-0.58179593	0.10870968	-0.06266596	0.068980075	-0.25112918	0.19477434	-0.11535128	0.0405184	-0.044050492
0.057938114	-0.02060136	0.019800806	-0.027033713	0.045566365	-0.035203844	0.05140936	-0.05407169	0.027583897	-0.035971157	0.04740484	-0.06165412	0.060813628	-0.08761584	0.0575154	-0.08689908	0.078376375	-0.082676955	0.07263628	-0.046454035	0.31440067	-0.6049862	0.1298904	-0.10746986	0.064161964	-0.58179593	0.9999993	-0.16890796	0.08089673	-0.08994138	0.24599901	-0.33338204	0.14432831	-0.051253885	0.054236736
-0.064067334	0.023208171	-0.02237212	0.032322295	-0.057664152	0.0363644	-0.05221283	0.05728814	-0.033234987	0.045517135	-0.049083713	0.059196994	-0.06622033	0.10389601	-0.07472412	0.06493501	-0.05728252	0.09796172	-0.09601701	0.060861778	-0.09087535	0.12398122	-0.18296257	0.1519741	-0.08652856	0.10870968	-0.16890796	0.9999991	-0.3226439	0.23982687	-0.113879636	0.10915671	-0.8547586	0.16831923	-0.17582804
0.07174933	-0.02618512	0.025273446	-0.03755168	0.06906307	-0.039864644	0.056570116	-0.062078632	0.038840935	-0.054882493	0.053955127	-0.06317363	0.07245696	-0.12052751	0.09151136	-0.06539334	0.057719674	-0.10780204	0.12292762	-0.07698969	0.05921063	-0.07873802	0.17573759	-0.25955224	0.1111756	-0.06266596	0.08089673	-0.3226439	0.9999993	-0.7761851	0.06268054	-0.05773436	0.24432974	-0.34120855	0.2537127
-0.08826274	0.031214906	-0.030258639	0.044441883	-0.08642807	0.04796559	-0.06649746	0.07099741	-0.04626509	0.06664162	-0.06541724	0.07268145	-0.08373237	0.13476925	-0.113441795	0.075471185	-0.06780057	0.11785436	-0.1371472	0.08956474	-0.0683095	0.08672071	-0.20257284	0.20667623	-0.13472411	0.068980075	-0.08994138	0.23982687	-0.7761851	0.9999995	-0.076595664	0.06741533	-0.3025741	0.25626358	-0.35170373
0.045356877	-0.015942141	0.015324179	-0.021173162	0.035841137	-0.026703948	0.03777627	-0.039793786	0.021548469	-0.028061744	0.036010306	-0.044022948	0.04429891	-0.06829494	0.044675276	-0.05992958	0.052073076	-0.058281116	0.053378057	-0.035254713	0.15726425	-0.23098879	0.08630509	-0.076484874	0.049164884	-0.25112918	0.24599901	-0.113879636	0.06268054	-0.076595664	0.99999976	-0.894944	0.114842616	-0.042132962	0.043777168
-0.038639005	0.013473081	-0.012974439	0.017858252	-0.030737061	0.022596594	-0.032046814	0.03346012	-0.018228617	0.023954216	-0.030582687	0.037010986	-0.037658468	0.056919385	-0.038441744	0.04955758	-0.044192303	0.049337912	-0.045693632	0.030184004	-0.14704582	0.18760428	-0.07614607	0.06488842	-0.042405263	0.19477434	-0.33338204	0.10915671	-0.05773436	0.06741533	-0.894944	0.9999999	-0.12730475	0.03942439	-0.041312866
0.068618074	-0.02506727	0.024093322	-0.035071153	0.060850047	-0.039071716	0.055581253	-0.061634775	0.035838857	-0.04832325	0.052536298	-0.06355494	0.069416925	-0.11505862	0.077885844	-0.070817314	0.060890015	-0.101968065	0.09799288	-0.063613065	0.09088791	-0.13046484	0.15873383	-0.15946984	0.08912155	-0.11535128	0.14432831	-0.8547586	0.24432974	-0.3025741	0.114842616	-0.12730475	1.0	-0.20723157	0.17142233
-0.043176435	0.0155225815	-0.014980117	0.022080567	-0.040552143	0.023816904	-0.033189572	0.036070015	-0.02275963	0.031790692	-0.03228336	0.036900934	-0.041606374	0.069986075	-0.052639622	0.039188623	-0.034366954	0.059195027	-0.0652285	0.042412464	-0.037173063	0.04927796	-0.09504677	0.10673809	-0.061668344	0.0405184	-0.051253885	0.16831923	-0.34120855	0.25626358	-0.042132962	0.03942439	-0.20723157	0.99999994	-0.8788163
0.048422515	-0.017450212	0.01681265	-0.024870217	0.04487874	-0.026699904	0.03693513	-0.040308904	0.025523786	-0.035259746	0.036136456	-0.041199926	0.045883235	-0.07985925	0.0575821	-0.044095304	0.038226627	-0.064781375	0.0696148	-0.04630939	0.040032167	-0.05353666	0.09846835	-0.115494736	0.06651277	-0.044050492	0.054236736	-0.17582804	0.2537127	-0.35170373	0.043777168	-0.041312866	0.17142233	-0.8788163	0.99999994
