1.0000001	-0.73457175	0.31037387	-0.096223414	0.08992312	-0.36908683	0.20130505	-0.13065463	0.083648205	-0.089144856	0.15336396	-0.13469633	0.1413075	-0.11292325	0.083246864	-0.19381642	0.12154624	-0.14473031	0.09901396	-0.07609936	0.06178357	-0.05630012	0.119574875	-0.05091765	0.048950285	-0.048368413	0.04707994	-0.0540421	0.048893612	-0.035882317	0.03184038	-0.03354759	0.0693812	-0.029456435	0.03395308
-0.73457175	1.0000001	-0.5640116	0.08247213	-0.074102685	0.20403144	-0.16749398	0.09880449	-0.07033068	0.06941509	-0.11165673	0.09480577	-0.11175199	0.08595346	-0.06411365	0.13388857	-0.088289484	0.10323898	-0.07522839	0.057328258	-0.043568976	0.039627556	-0.08537586	0.03678601	-0.035349425	0.034046184	-0.03325708	0.03847598	-0.035253063	0.025873424	-0.02248467	0.023686195	-0.049397606	0.021000953	-0.02420609
0.31037387	-0.5640116	1.0	-0.17740428	0.14170815	-0.26582456	0.19223498	-0.14767219	0.13338068	-0.13669279	0.16965702	-0.15861408	0.16242829	-0.16016912	0.11886773	-0.2678599	0.15731888	-0.1968449	0.13847616	-0.10869261	0.086286485	-0.07889957	0.16868718	-0.07194646	0.069239795	-0.06861691	0.06651813	-0.07646971	0.06916592	-0.05080537	0.04512192	-0.047479723	0.0983481	-0.041918647	0.04833619
-0.096223414	0.08247213	-0.17740428	1.0	-0.54832405	0.10108766	-0.101849265	0.0965651	-0.68982846	0.29824466	-0.08672195	0.08198869	-0.13090143	0.25120696	-0.20471986	0.112338476	-0.09917033	0.1251526	-0.20242903	0.15320048	-0.042290077	0.03868172	-0.09508907	0.052918322	-0.049799535	0.03325231	-0.033032928	0.042128727	-0.048255008	0.03602883	-0.02233434	0.023647415	-0.052860085	0.023923133	-0.027212907
0.08992312	-0.074102685	0.14170815	-0.54832405	1.0000001	-0.10417281	0.1000157	-0.099278815	0.30174315	-0.6809176	0.09009687	-0.08745426	0.12438867	-0.25989375	0.23044427	-0.12502506	0.102664076	-0.13861208	0.18892185	-0.19827256	0.04564612	-0.041914485	0.100225054	-0.055169452	0.05197596	-0.03625317	0.035680003	-0.04487401	0.05003214	-0.038145836	0.024157615	-0.025578426	0.056073423	-0.02549192	0.02889621
-0.36908683	0.20403144	-0.26582456	0.10108766	-0.10417281	1.0	-0.64525425	0.2450526	-0.10104512	0.10094006	-0.3672448	0.2202541	-0.2923559	0.14739563	-0.10823665	0.20873831	-0.17736484	0.17648703	-0.13117506	0.09414209	-0.06889955	0.061645426	-0.13393822	0.05838079	-0.05590553	0.051178776	-0.050986372	0.059526615	-0.055614382	0.04070368	-0.034146708	0.036072798	-0.07613189	0.032046236	-0.03691346
0.20130505	-0.16749398	0.19223498	-0.101849265	0.1000157	-0.64525425	0.9999998	-0.5151538	0.100292966	-0.10314658	0.21612494	-0.21325123	0.28556216	-0.16291894	0.10579848	-0.20633088	0.15739441	-0.18264362	0.12818043	-0.09600838	0.06533114	-0.0593958	0.12602861	-0.055926822	0.05312891	-0.049697824	0.04873065	-0.056567267	0.05279618	-0.038951237	0.03274299	-0.034667216	0.071673825	-0.030502798	0.03496026
-0.13065463	0.09880449	-0.14767219	0.0965651	-0.099278815	0.2450526	-0.5151538	0.9999997	-0.110641524	0.098476574	-0.15459898	0.14736116	-0.7445561	0.17968448	-0.114843644	0.14006503	-0.12552305	0.13844779	-0.13772605	0.094465025	-0.04792498	0.043420643	-0.09805789	0.046829555	-0.044276237	0.03645009	-0.036153335	0.043534707	-0.04366581	0.032189164	-0.02429614	0.025715025	-0.055092856	0.02377481	-0.02721729
0.083648205	-0.07033068	0.13338068	-0.68982846	0.30174315	-0.10104512	0.100292966	-0.110641524	0.9999997	-0.41200605	0.085058965	-0.082741275	0.14108078	-0.4510747	0.21484879	-0.11033369	0.09755048	-0.1295525	0.20991237	-0.17620693	0.040994946	-0.037616216	0.091647424	-0.0528219	0.04906242	-0.03228652	0.031952206	-0.040763628	0.04729815	-0.03570622	0.021595849	-0.022897845	0.050761275	-0.02317603	0.02624854
-0.089144856	0.06941509	-0.13669279	0.29824466	-0.6809176	0.10094006	-0.10314658	0.098476574	-0.41200605	0.99999976	-0.09225056	0.08745136	-0.13185148	0.2573833	-0.41368034	0.11922255	-0.11013511	0.14081833	-0.24312009	0.22278246	-0.04628547	0.042366575	-0.106700875	0.061623115	-0.058339708	0.036424693	-0.03631281	0.0471399	-0.055871	0.042093404	-0.024552606	0.026019694	-0.05894546	0.026975036	-0.0306246
0.15336396	-0.11165673	0.16965702	-0.08672195	0.09009687	-0.3672448	0.21612494	-0.15459898	0.085058965	-0.09225056	0.99999976	-0.6958105	0.17924751	-0.13030192	0.09706585	-0.4032869	0.2787933	-0.26934204	0.12754968	-0.09363764	0.101381004	-0.09034591	0.17062472	-0.06945934	0.066248156	-0.06965838	0.06918482	-0.07602085	0.06629698	-0.048391216	0.04565607	-0.048708145	0.09613915	-0.03936322	0.045241017
-0.13469633	0.09480577	-0.15861408	0.08198869	-0.08745426	0.2202541	-0.21325123	0.14736116	-0.082741275	0.08745136	-0.6958105	0.9999995	-0.20848098	0.12610732	-0.09657813	0.25689903	-0.51623166	0.25504884	-0.12935758	0.09032612	-0.08744557	0.07706408	-0.16634527	0.067340426	-0.06450667	0.06068816	-0.061897613	0.072269656	-0.06447832	0.04676705	-0.040914185	0.043377183	-0.092307694	0.03756185	-0.043348588
0.1413075	-0.11175199	0.16242829	-0.13090143	0.12438867	-0.2923559	0.28556216	-0.7445561	0.14108078	-0.13185148	0.17924751	-0.20848098	0.9999993	-0.3136777	0.144236	-0.18624936	0.15807438	-0.1926529	0.17343368	-0.12689853	0.06173524	-0.056335315	0.124369085	-0.059861667	0.056090374	-0.047378156	0.046560556	-0.05563334	0.055294726	-0.041079145	0.0313204	-0.033196382	0.06990445	-0.030332437	0.034593698
-0.11292325	0.08595346	-0.16016912	0.25120696	-0.25989375	0.14739563	-0.16291894	0.17968448	-0.4510747	0.2573833	-0.13030192	0.12610732	-0.3136777	0.9999991	-0.40971965	0.15428317	-0.1570942	0.19983977	-0.527432	0.2757712	-0.059974883	0.05501069	-0.14003998	0.08847137	-0.08080452	0.046740398	-0.04668643	0.0613588	-0.07780822	0.05746109	-0.03147834	0.033456936	-0.07588395	0.035053544	-0.039617945
0.083246864	-0.06411365	0.11886773	-0.20471986	0.23044427	-0.10823665	0.10579848	-0.114843644	0.21484879	-0.41368034	0.09706585	-0.09657813	0.144236	-0.40971965	0.99999887	-0.12853049	0.11882225	-0.17395832	0.3067274	-0.6814304	0.048413903	-0.04476049	0.110566124	-0.07220045	0.06759778	-0.0383914	0.037854247	-0.04943684	0.06198837	-0.049476117	0.025580537	-0.027221259	0.06037181	-0.028542632	0.0319637
-0.19381642	0.13388857	-0.2678599	0.112338476	-0.12502506	0.20873831	-0.20633088	0.14006503	-0.11033369	0.11922255	-0.4032869	0.25689903	-0.18624936	0.15428317	-0.12853049	0.99999887	-0.36478078	0.2790669	-0.16730359	0.11947076	-0.31175616	0.21213472	-0.41600317	0.14924891	-0.14715292	0.15391125	-0.17096904	0.1788734	-0.14874616	0.10521031	-0.10877072	0.11363823	-0.23846968	0.09193924	-0.10822269
0.12154624	-0.088289484	0.15731888	-0.09917033	0.102664076	-0.17736484	0.15739441	-0.12552305	0.09755048	-0.11013511	0.2787933	-0.51623166	0.15807438	-0.1570942	0.11882225	-0.36478078	0.99999887	-0.640924	0.17585288	-0.1266015	0.111141205	-0.10490973	0.20717995	-0.08574564	0.07984242	-0.07944493	0.07842167	-0.09152966	0.07967489	-0.05870603	0.05177947	-0.055662993	0.11150717	-0.046036396	0.052266523
-0.14473031	0.10323898	-0.1968449	0.1251526	-0.13861208	0.17648703	-0.18264362	0.13844779	-0.1295525	0.14081833	-0.26934204	0.25504884	-0.1926529	0.19983977	-0.17395832	0.2790669	-0.640924	0.9999987	-0.32845178	0.17352165	-0.12676114	0.115184166	-0.34676185	0.13016377	-0.1220908	0.092616044	-0.09613706	0.13279526	-0.12158546	0.08723892	-0.06401063	0.068322726	-0.16541451	0.06578507	-0.07536844
0.09901396	-0.07522839	0.13847616	-0.20242903	0.18892185	-0.13117506	0.12818043	-0.13772605	0.20991237	-0.24312009	0.12754968	-0.12935758	0.17343368	-0.527432	0.3067274	-0.16730359	0.17585288	-0.32845178	0.9999989	-0.58589387	0.06488627	-0.06057998	0.15537922	-0.13135074	0.102559	-0.051366735	0.050714683	-0.06898705	0.09745977	-0.074521214	0.034195002	-0.036583994	0.08194779	-0.03995559	0.04422061
-0.07609936	0.057328258	-0.10869261	0.15320048	-0.19827256	0.09414209	-0.09600838	0.094465025	-0.17620693	0.22278246	-0.09363764	0.09032612	-0.12689853	0.2757712	-0.6814304	0.11947076	-0.1266015	0.17352165	-0.58589387	0.99999905	-0.048199337	0.044593148	-0.11788311	0.08712795	-0.083841585	0.037916526	-0.03782473	0.051555652	-0.073697254	0.05776311	-0.025512062	0.0272221	-0.06254382	0.030174352	-0.033751935
0.06178357	-0.043568976	0.086286485	-0.042290077	0.04564612	-0.06889955	0.06533114	-0.04792498	0.040994946	-0.04628547	0.101381004	-0.08744557	0.06173524	-0.059974883	0.048413903	-0.31175616	0.111141205	-0.12676114	0.06488627	-0.048199337	0.99999917	-0.84404194	0.20636304	-0.074344285	0.06443618	-0.2398346	0.22189945	-0.11319297	0.06594257	-0.049655754	0.12605953	-0.1555937	0.12003477	-0.04481834	0.048387017
-0.05630012	0.039627556	-0.07889957	0.03868172	-0.041914485	0.061645426	-0.0593958	0.043420643	-0.037616216	0.042366575	-0.09034591	0.07706408	-0.056335315	0.05501069	-0.04476049	0.21213472	-0.10490973	0.115184166	-0.06057998	0.044593148	-0.84404194	0.9999988	-0.2631845	0.07812511	-0.06787619	0.2025567	-0.3153923	0.11821558	-0.06943739	0.050988402	-0.12746905	0.15016957	-0.12751842	0.044753227	-0.04870221
0.119574875	-0.08537586	0.16868718	-0.09508907	0.100225054	-0.13393822	0.12602861	-0.09805789	0.091647424	-0.106700875	0.17062472	-0.16634527	0.124369085	-0.14003998	0.110566124	-0.41600317	0.20717995	-0.34676185	0.15537922	-0.11788311	0.20636304	-0.2631845	0.999999	-0.31974354	0.19171889	-0.18238851	0.16934453	-0.41874698	0.1963471	-0.15857089	0.11207304	-0.12969665	0.27178442	-0.11452481	0.11371908
-0.05091765	0.03678601	-0.07194646	0.052918322	-0.055169452	0.05838079	-0.055926822	0.046829555	-0.0528219	0.061623115	-0.06945934	0.067340426	-0.059861667	0.08847137	-0.07220045	0.14924891	-0.08574564	0.13016377	-0.13135074	0.08712795	-0.074344285	0.07812511	-0.31974354	0.99999905	-0.614274	0.06451736	-0.061991606	0.121092275	-0.60731924	0.32019642	-0.04164233	0.046769746	-0.11516855	0.08949517	-0.092702396
0.048950285	-0.035349425	0.069239795	-0.049799535	0.05197596	-0.05590553	0.05312891	-0.044276237	0.04906242	-0.058339708	0.066248156	-0.06450667	0.056090374	-0.08080452	0.06759778	-0.14715292	0.07984242	-0.1220908	0.102559	-0.083841585	0.06443618	-0.06787619	0.19171889	-0.614274	0.9999989	-0.059525285	0.055054285	-0.100066185	0.3320028	-0.66015106	0.037520956	-0.04191424	0.09392688	-0.08170259	0.08175068
-0.048368413	0.034046184	-0.06861691	0.03325231	-0.03625317	0.051178776	-0.049697824	0.03645009	-0.03228652	0.036424693	-0.06965838	0.06068816	-0.047378156	0.046740398	-0.0383914	0.15391125	-0.07944493	0.092616044	-0.051366735	0.037916526	-0.2398346	0.2025567	-0.18238851	0.06451736	-0.059525285	0.9999989	-0.62273777	0.13671681	-0.062014397	0.045423977	-0.60723245	0.32720944	-0.16630717	0.050644178	-0.055674538
0.04707994	-0.03325708	0.06651813	-0.033032928	0.035680003	-0.050986372	0.04873065	-0.036153335	0.031952206	-0.03631281	0.06918482	-0.061897613	0.046560556	-0.04668643	0.037854247	-0.17096904	0.07842167	-0.09613706	0.050714683	-0.03782473	0.22189945	-0.3153923	0.16934453	-0.061991606	0.055054285	-0.62273777	0.99999875	-0.16740909	0.057803977	-0.043320645	0.31346023	-0.57028383	0.16419716	-0.04927851	0.051963076
-0.0540421	0.03847598	-0.07646971	0.042128727	-0.04487401	0.059526615	-0.056567267	0.043534707	-0.040763628	0.0471399	-0.07602085	0.072269656	-0.05563334	0.0613588	-0.04943684	0.1788734	-0.09152966	0.13279526	-0.06898705	0.051555652	-0.11319297	0.11821558	-0.41874698	0.121092275	-0.100066185	0.13671681	-0.16740909	0.99999905	-0.1167695	0.08385992	-0.108328395	0.13054468	-0.821855	0.12226542	-0.12896302
0.048893612	-0.035253063	0.06916592	-0.048255008	0.05003214	-0.055614382	0.05279618	-0.04366581	0.04729815	-0.055871	0.06629698	-0.06447832	0.055294726	-0.07780822	0.06198837	-0.14874616	0.07967489	-0.12158546	0.09745977	-0.073697254	0.06594257	-0.06943739	0.1963471	-0.60731924	0.3320028	-0.062014397	0.057803977	-0.1167695	0.99999905	-0.6552392	0.03949683	-0.044363286	0.106667	-0.12628186	0.11370355
-0.035882317	0.025873424	-0.05080537	0.03602883	-0.038145836	0.04070368	-0.038951237	0.032189164	-0.03570622	0.042093404	-0.048391216	0.04676705	-0.041079145	0.05746109	-0.049476117	0.10521031	-0.05870603	0.08723892	-0.074521214	0.05776311	-0.049655754	0.050988402	-0.15857089	0.32019642	-0.66015106	0.045423977	-0.043320645	0.08385992	-0.6552392	0.9999989	-0.029567953	0.033012558	-0.084139	0.094670676	-0.10276014
0.03184038	-0.02248467	0.04512192	-0.02233434	0.024157615	-0.034146708	0.03274299	-0.02429614	0.021595849	-0.024552606	0.04565607	-0.040914185	0.0313204	-0.03147834	0.025580537	-0.10877072	0.05177947	-0.06401063	0.034195002	-0.025512062	0.12605953	-0.12746905	0.11207304	-0.04164233	0.037520956	-0.60723245	0.31346023	-0.108328395	0.03949683	-0.029567953	0.9999988	-0.707802	0.12343983	-0.0361099	0.037674114
-0.03354759	0.023686195	-0.047479723	0.023647415	-0.025578426	0.036072798	-0.034667216	0.025715025	-0.022897845	0.026019694	-0.048708145	0.043377183	-0.033196382	0.033456936	-0.027221259	0.11363823	-0.055662993	0.068322726	-0.036583994	0.0272221	-0.1555937	0.15016957	-0.12969665	0.046769746	-0.04191424	0.32720944	-0.57028383	0.13054468	-0.044363286	0.033012558	-0.707802	0.9999991	-0.17164157	0.041580707	-0.04354561
0.0693812	-0.049397606	0.0983481	-0.052860085	0.056073423	-0.07613189	0.071673825	-0.055092856	0.050761275	-0.05894546	0.09613915	-0.092307694	0.06990445	-0.07588395	0.06037181	-0.23846968	0.11150717	-0.16541451	0.08194779	-0.06254382	0.12003477	-0.12751842	0.27178442	-0.11516855	0.09392688	-0.16630717	0.16419716	-0.821855	0.106667	-0.084139	0.12343983	-0.17164157	0.99999905	-0.17416312	0.145018
-0.029456435	0.021000953	-0.041918647	0.023923133	-0.02549192	0.032046236	-0.030502798	0.02377481	-0.02317603	0.026975036	-0.03936322	0.03756185	-0.030332437	0.035053544	-0.028542632	0.09193924	-0.046036396	0.06578507	-0.03995559	0.030174352	-0.04481834	0.044753227	-0.11452481	0.08949517	-0.08170259	0.050644178	-0.04927851	0.12226542	-0.12628186	0.094670676	-0.0361099	0.041580707	-0.17416312	0.9999991	-0.9539585
0.03395308	-0.02420609	0.04833619	-0.027212907	0.02889621	-0.03691346	0.03496026	-0.02721729	0.02624854	-0.0306246	0.045241017	-0.043348588	0.034593698	-0.039617945	0.0319637	-0.10822269	0.052266523	-0.07536844	0.04422061	-0.033751935	0.048387017	-0.04870221	0.11371908	-0.092702396	0.08175068	-0.055674538	0.051963076	-0.12896302	0.11370355	-0.10276014	0.037674114	-0.04354561	0.145018	-0.9539585	0.9999991
