1.0	-0.37438062	0.21120441	-0.19172888	0.12891531	-0.7300902	0.2678887	-0.25392398	0.15796308	-0.13302873	0.28110138	-0.2529012	0.19991541	-0.1659536	0.18453611	-0.13599879	0.19029203	-0.1696834	0.120379105	-0.134624	0.12958498	-0.13591401	0.15436588	-0.12225177	0.121942595	-0.16052166	0.12505376	-0.09694285	0.08090716	-0.087064825	0.09531959	-0.123329945	0.06062561	-0.07341808	0.10669213
-0.37438062	1.0000001	-0.5495063	0.24818943	-0.15497623	0.24800038	-0.5417587	0.29656023	-0.21342511	0.13898395	-0.25897554	0.23325683	-0.2429487	0.18245083	-0.20244443	0.11929689	-0.20130663	0.17040747	-0.12415854	0.13049203	-0.1241306	0.12712698	-0.15704307	0.114903696	-0.11953766	0.13292828	-0.117711246	0.087392405	-0.07502768	0.07950045	-0.08412955	0.106010504	-0.05522942	0.06582926	-0.09947684
0.21120441	-0.5495063	1.0000002	-0.5664239	0.17972748	-0.18065032	0.26381847	-0.38259098	0.24854425	-0.17448519	0.18735321	-0.18636131	0.22761644	-0.22313239	0.20382397	-0.10243692	0.16783293	-0.16295762	0.12680405	-0.13731918	0.10524495	-0.11675148	0.14340827	-0.11435908	0.11618173	-0.12735125	0.10812304	-0.085615635	0.07328812	-0.07841656	0.07889312	-0.10091524	0.05374623	-0.06488721	0.096440375
-0.19172888	0.24818943	-0.5664239	0.9999998	-0.31938517	0.14686741	-0.19874497	0.23250057	-0.5388973	0.21929851	-0.17701985	0.1576801	-0.23223454	0.26410523	-0.26042023	0.09754687	-0.1631926	0.1574863	-0.1394888	0.14209212	-0.10399631	0.11375136	-0.1464463	0.11635274	-0.12253795	0.12164243	-0.107745275	0.08541788	-0.074477196	0.07937757	-0.07730879	0.097367786	-0.054055154	0.06489302	-0.099163875
0.12891531	-0.15497623	0.17972748	-0.31938517	1.0	-0.10406135	0.1226106	-0.15100534	0.18670952	-0.83121204	0.12574303	-0.11365997	0.14966556	-0.17584842	0.25893116	-0.07624789	0.11980589	-0.11711616	0.102058	-0.11304772	0.08104388	-0.09087548	0.11323299	-0.09798674	0.10155062	-0.1079883	0.08907365	-0.07602142	0.06493823	-0.07120286	0.06680527	-0.0843935	0.047961306	-0.058614437	0.08957718
-0.7300902	0.24800038	-0.18065032	0.14686741	-0.10406135	1.0	-0.33648548	0.215628	-0.13361546	0.10236812	-0.46251062	0.24701619	-0.18729731	0.13527377	-0.15267697	0.13122489	-0.1874772	0.1497872	-0.10223248	0.11054176	-0.13003287	0.11825862	-0.13747808	0.100369744	-0.102129325	0.128327	-0.10772827	0.07847458	-0.066253886	0.07029734	-0.07907261	0.10018325	-0.049365018	0.05893894	-0.08719973
0.2678887	-0.5417587	0.26381847	-0.19874497	0.1226106	-0.33648548	0.9999998	-0.532989	0.17004491	-0.12006878	0.267916	-0.3997292	0.2513876	-0.17097111	0.17279205	-0.1250804	0.21615435	-0.18658182	0.1212323	-0.13032034	0.12273675	-0.1326382	0.15491551	-0.112997904	0.11387854	-0.13493416	0.11654149	-0.085865974	0.07285756	-0.07703145	0.08353328	-0.10759622	0.05379191	-0.064290084	0.09460751
-0.25392398	0.29656023	-0.38259098	0.23250057	-0.15100534	0.215628	-0.532989	0.9999999	-0.24568635	0.14135058	-0.2576041	0.2509514	-0.52218324	0.22454613	-0.21993786	0.1315588	-0.243847	0.23194091	-0.15439953	0.1568516	-0.13766667	0.15078357	-0.196137	0.1343841	-0.13903603	0.14812142	-0.13584739	0.09943836	-0.085935235	0.09016143	-0.094545476	0.120084606	-0.062699996	0.074429326	-0.1118229
0.15796308	-0.21342511	0.24854425	-0.5388973	0.18670952	-0.13361546	0.17004491	-0.24568635	0.9999998	-0.19516543	0.15798408	-0.15314463	0.23758854	-0.6356526	0.25612995	-0.09614122	0.16023797	-0.17617053	0.18184632	-0.19446412	0.10013498	-0.11809673	0.14932738	-0.13416906	0.13407815	-0.12829174	0.1097999	-0.09241175	0.08090225	-0.08632387	0.07967892	-0.1024697	0.057842556	-0.07027225	0.10388193
-0.13302873	0.13898395	-0.17448519	0.21929851	-0.83121204	0.10236812	-0.12006878	0.14135058	-0.19516543	0.9999996	-0.12938312	0.1118671	-0.15462108	0.17424455	-0.38318828	0.076054595	-0.12184316	0.11647278	-0.103277616	0.11081036	-0.082337506	0.09009993	-0.11515657	0.09633125	-0.10287815	0.10281692	-0.088703506	0.07380008	-0.06393051	0.06957734	-0.0652378	0.081344105	-0.046924077	0.0567967	-0.08918999
0.28110138	-0.25897554	0.18735321	-0.17701985	0.12574303	-0.46251062	0.267916	-0.2576041	0.15798408	-0.12938312	0.999999	-0.59895694	0.227133	-0.17409045	0.18874228	-0.2597309	0.2731211	-0.21973939	0.13847382	-0.15486735	0.19822098	-0.17848013	0.1880523	-0.140047	0.1376525	-0.19599551	0.1531406	-0.11078023	0.09189459	-0.09749181	0.11565062	-0.14999592	0.069009274	-0.082716554	0.11864297
-0.2529012	0.23325683	-0.18636131	0.1576801	-0.11365997	0.24701619	-0.3997292	0.2509514	-0.15314463	0.1118671	-0.59895694	0.9999993	-0.27905715	0.16395825	-0.17477456	0.18507406	-0.48844564	0.23548454	-0.13825762	0.14397764	-0.1788998	0.17888092	-0.1992703	0.12856743	-0.1294864	0.16156606	-0.15087417	0.09889275	-0.0835516	0.08678286	-0.101993784	0.13049023	-0.061973844	0.07291116	-0.1068588
0.19991541	-0.2429487	0.22761644	-0.23223454	0.14966556	-0.18729731	0.2513876	-0.52218324	0.23758854	-0.15462108	0.227133	-0.27905715	0.9999989	-0.37159988	0.2365723	-0.14650306	0.268201	-0.48260403	0.21302688	-0.22538789	0.14517458	-0.19101587	0.23753613	-0.1736652	0.16747713	-0.18128702	0.15874681	-0.12244363	0.10484389	-0.109981626	0.11181656	-0.14826752	0.07582142	-0.09108896	0.13093892
-0.1659536	0.18245083	-0.22313239	0.26410523	-0.17584842	0.13527377	-0.17097111	0.22454613	-0.6356526	0.17424455	-0.17409045	0.16395825	-0.37159988	0.9999989	-0.4159785	0.10605169	-0.18846226	0.21224876	-0.30024862	0.22478098	-0.11239694	0.13359907	-0.17907064	0.15346564	-0.1607072	0.13713755	-0.123745516	0.10197667	-0.09165807	0.09607068	-0.087065004	0.11116377	-0.06425534	0.077288404	-0.116340525
0.18453611	-0.20244443	0.20382397	-0.26042023	0.25893116	-0.15267697	0.17279205	-0.21993786	0.25612995	-0.38318828	0.18874228	-0.17477456	0.2365723	-0.4159785	0.9999986	-0.12291706	0.19062904	-0.19848171	0.1892956	-0.22234403	0.12960802	-0.15193802	0.18679547	-0.17615129	0.17698084	-0.18790415	0.14936833	-0.13509235	0.114700355	-0.12717886	0.113959834	-0.14559907	0.08456929	-0.104729906	0.15660962
-0.13599879	0.11929689	-0.10243692	0.09754687	-0.07624789	0.13122489	-0.1250804	0.1315588	-0.09614122	0.076054595	-0.2597309	0.18507406	-0.14650306	0.10605169	-0.12291706	0.9999988	-0.28867313	0.1621791	-0.09813123	0.10466027	-0.8588856	0.1652251	-0.16799147	0.102230206	-0.10390098	0.18336532	-0.14692631	0.084056824	-0.06995729	0.07168602	-0.11819633	0.12545799	-0.053241514	0.06114772	-0.090797424
0.19029203	-0.20130663	0.16783293	-0.1631926	0.11980589	-0.1874772	0.21615435	-0.243847	0.16023797	-0.12184316	0.2731211	-0.48844564	0.268201	-0.18846226	0.19062904	-0.28867313	0.9999988	-0.5027994	0.18920355	-0.2050433	0.21963651	-0.34846285	0.28130892	-0.17454241	0.1658156	-0.2262456	0.21177469	-0.13276769	0.10962509	-0.1124082	0.13830486	-0.19009906	0.08147265	-0.09557007	0.13448414
-0.1696834	0.17040747	-0.16295762	0.1574863	-0.11711616	0.1497872	-0.18658182	0.23194091	-0.17617053	0.11647278	-0.21973939	0.23548454	-0.48260403	0.21224876	-0.19848171	0.1621791	-0.5027994	0.99999875	-0.33356082	0.23902081	-0.167294	0.24518739	-0.4583528	0.18902005	-0.18688871	0.18059924	-0.18966109	0.12622038	-0.1112296	0.1110924	-0.117203526	0.15538783	-0.07842991	0.091314696	-0.13266379
0.120379105	-0.12415854	0.12680405	-0.1394888	0.102058	-0.10223248	0.1212323	-0.15439953	0.18184632	-0.103277616	0.13847382	-0.13825762	0.21302688	-0.30024862	0.1892956	-0.09813123	0.18920355	-0.33356082	0.9999985	-0.7833644	0.10186634	-0.14060342	0.19620548	-0.2707287	0.23262934	-0.12937714	0.1226959	-0.1167959	0.11564214	-0.115709655	0.082613036	-0.10854112	0.07213921	-0.08754344	0.12516823
-0.134624	0.13049203	-0.13731918	0.14209212	-0.11304772	0.11054176	-0.13032034	0.1568516	-0.19446412	0.11081036	-0.15486735	0.14397764	-0.22538789	0.22478098	-0.22234403	0.10466027	-0.2050433	0.23902081	-0.7833644	0.99999857	-0.11304147	0.14557944	-0.21414334	0.23893654	-0.33983377	0.13627651	-0.1343786	0.12441331	-0.12520035	0.12847048	-0.08928221	0.11451248	-0.07879746	0.09433536	-0.14434913
0.12958498	-0.1241306	0.10524495	-0.10399631	0.08104388	-0.13003287	0.12273675	-0.13766667	0.10013498	-0.082337506	0.19822098	-0.1788998	0.14517458	-0.11239694	0.12960802	-0.8588856	0.21963651	-0.167294	0.10186634	-0.11304147	0.99999845	-0.19488887	0.16898876	-0.11087076	0.10960692	-0.25513703	0.15703386	-0.092993915	0.075861424	-0.078345	0.13448243	-0.14956231	0.058316436	-0.06763532	0.09761933
-0.13591401	0.12712698	-0.11675148	0.11375136	-0.09087548	0.11825862	-0.1326382	0.15078357	-0.11809673	0.09009993	-0.17848013	0.17888092	-0.19101587	0.13359907	-0.15193802	0.1652251	-0.34846285	0.24518739	-0.14060342	0.14557944	-0.19488887	0.9999981	-0.5843726	0.17158484	-0.16565408	0.22701819	-0.57178634	0.15144312	-0.12058363	0.11222211	-0.17244013	0.23599042	-0.09275301	0.0989293	-0.13964981
0.15436588	-0.15704307	0.14340827	-0.1464463	0.11323299	-0.13747808	0.15491551	-0.196137	0.14932738	-0.11515657	0.1880523	-0.1992703	0.23753613	-0.17907064	0.18679547	-0.16799147	0.28130892	-0.4583528	0.19620548	-0.21414334	0.16898876	-0.5843726	0.99999833	-0.2888096	0.21591179	-0.26680908	0.2761094	-0.18365063	0.14916307	-0.14442584	0.16584478	-0.24987145	0.106968366	-0.123755254	0.1655077
-0.12225177	0.114903696	-0.11435908	0.11635274	-0.09798674	0.100369744	-0.112997904	0.1343841	-0.13416906	0.09633125	-0.140047	0.12856743	-0.1736652	0.15346564	-0.17615129	0.102230206	-0.17454241	0.18902005	-0.2707287	0.23893654	-0.11087076	0.17158484	-0.2888096	0.9999983	-0.7164694	0.15950893	-0.16863172	0.228172	-0.37000656	0.24819492	-0.10657327	0.13901883	-0.14847772	0.17303185	-0.26190582
0.121942595	-0.11953766	0.11618173	-0.12253795	0.10155062	-0.102129325	0.11387854	-0.13903603	0.13407815	-0.10287815	0.1376525	-0.1294864	0.16747713	-0.1607072	0.17698084	-0.10390098	0.1658156	-0.18688871	0.23262934	-0.33983377	0.10960692	-0.16565408	0.21591179	-0.7164694	0.9999983	-0.17814821	0.16043104	-0.24866956	0.25629982	-0.32655108	0.111119114	-0.15021978	0.14637467	-0.19004688	0.24339
-0.16052166	0.13292828	-0.12735125	0.12164243	-0.1079883	0.128327	-0.13493416	0.14812142	-0.12829174	0.10281692	-0.19599551	0.16156606	-0.18128702	0.13713755	-0.18790415	0.18336532	-0.2262456	0.18059924	-0.12937714	0.13627651	-0.25513703	0.22701819	-0.26680908	0.15950893	-0.17814821	0.99999815	-0.375334	0.15421247	-0.12854935	0.12780513	-0.6571193	0.31833968	-0.10421814	0.11078066	-0.18288592
0.12505376	-0.117711246	0.10812304	-0.107745275	0.08907365	-0.10772827	0.11654149	-0.13584739	0.1097999	-0.088703506	0.1531406	-0.15087417	0.15874681	-0.123745516	0.14936833	-0.14692631	0.21177469	-0.18966109	0.1226959	-0.1343786	0.15703386	-0.57178634	0.2761094	-0.16863172	0.16043104	-0.375334	0.99999815	-0.22963536	0.14265779	-0.13059177	0.25585413	-0.525968	0.120516226	-0.12513997	0.16163824
-0.09694285	0.087392405	-0.085615635	0.08541788	-0.07602142	0.07847458	-0.085865974	0.09943836	-0.09241175	0.07380008	-0.11078023	0.09889275	-0.12244363	0.10197667	-0.13509235	0.084056824	-0.13276769	0.12622038	-0.1167959	0.12441331	-0.092993915	0.15144312	-0.18365063	0.228172	-0.24866956	0.15421247	-0.22963536	0.9999982	-0.56366086	0.27476764	-0.112397835	0.14974862	-0.5147589	0.31001776	-0.38615558
0.08090716	-0.07502768	0.07328812	-0.074477196	0.06493823	-0.066253886	0.07285756	-0.085935235	0.08090225	-0.06393051	0.09189459	-0.0835516	0.10484389	-0.09165807	0.114700355	-0.06995729	0.10962509	-0.1112296	0.11564214	-0.12520035	0.075861424	-0.12058363	0.14916307	-0.37000656	0.25629982	-0.12854935	0.14265779	-0.56366086	0.99999815	-0.54027987	0.08651802	-0.11825107	0.2511336	-0.35206458	0.3109818
-0.087064825	0.07950045	-0.07841656	0.07937757	-0.07120286	0.07029734	-0.07703145	0.09016143	-0.08632387	0.06957734	-0.09749181	0.08678286	-0.109981626	0.09607068	-0.12717886	0.07168602	-0.1124082	0.1110924	-0.115709655	0.12847048	-0.078345	0.11222211	-0.14442584	0.24819492	-0.32655108	0.12780513	-0.13059177	0.27476764	-0.54027987	0.99999774	-0.08545284	0.111288756	-0.193949	0.22524479	-0.6785739
0.09531959	-0.08412955	0.07889312	-0.07730879	0.06680527	-0.07907261	0.08353328	-0.094545476	0.07967892	-0.0652378	0.11565062	-0.101993784	0.11181656	-0.087065004	0.113959834	-0.11819633	0.13830486	-0.117203526	0.082613036	-0.08928221	0.13448243	-0.17244013	0.16584478	-0.10657327	0.111119114	-0.6571193	0.25585413	-0.112397835	0.08651802	-0.08545284	0.9999977	-0.6452464	0.075566836	-0.08086479	0.11377925
-0.123329945	0.106010504	-0.10091524	0.097367786	-0.0843935	0.10018325	-0.10759622	0.120084606	-0.1024697	0.081344105	-0.14999592	0.13049023	-0.14826752	0.11116377	-0.14559907	0.12545799	-0.19009906	0.15538783	-0.10854112	0.11451248	-0.14956231	0.23599042	-0.24987145	0.13901883	-0.15021978	0.31833968	-0.525968	0.14974862	-0.11825107	0.111288756	-0.6452464	0.9999974	-0.10820416	0.10567697	-0.1540627
0.06062561	-0.05522942	0.05374623	-0.054055154	0.047961306	-0.049365018	0.05379191	-0.062699996	0.057842556	-0.046924077	0.069009274	-0.061973844	0.07582142	-0.06425534	0.08456929	-0.053241514	0.08147265	-0.07842991	0.07213921	-0.07879746	0.058316436	-0.09275301	0.106968366	-0.14847772	0.14637467	-0.10421814	0.120516226	-0.5147589	0.2511336	-0.193949	0.075566836	-0.10820416	0.99999774	-0.7738553	0.22953111
-0.07341808	0.06582926	-0.06488721	0.06489302	-0.058614437	0.05893894	-0.064290084	0.074429326	-0.07027225	0.0567967	-0.082716554	0.07291116	-0.09108896	0.077288404	-0.104729906	0.06114772	-0.09557007	0.091314696	-0.08754344	0.09433536	-0.06763532	0.0989293	-0.123755254	0.17303185	-0.19004688	0.11078066	-0.12513997	0.31001776	-0.35206458	0.22524479	-0.08086479	0.10567697	-0.7738553	0.9999977	-0.3591851
0.10669213	-0.09947684	0.096440375	-0.099163875	0.08957718	-0.08719973	0.09460751	-0.1118229	0.10388193	-0.08918999	0.11864297	-0.1068588	0.13093892	-0.116340525	0.15660962	-0.090797424	0.13448414	-0.13266379	0.12516823	-0.14434913	0.09761933	-0.13964981	0.1655077	-0.26190582	0.24339	-0.18288592	0.16163824	-0.38615558	0.3109818	-0.6785739	0.11377925	-0.1540627	0.22953111	-0.3591851	0.9999977
