1.0	-0.41867128	0.20526822	-0.24342589	0.055332646	-0.78362083	0.26220477	-0.18578836	0.08550306	-0.05026363	0.23610982	-0.19454026	0.16042717	-0.086687244	0.046556935	-0.14456756	0.11988755	-0.1111911	0.09646789	-0.048000462	0.11444264	-0.09513383	0.08571731	-0.061738517	0.06733989	-0.074437425	0.08569761	-0.068881184	0.062069617	-0.052845284	0.057739973	-0.06125527	0.078343354	-0.04195439	0.053108167
-0.41867128	0.99999976	-0.555873	0.29476795	-0.07004896	0.26231217	-0.5338511	0.2378316	-0.109810345	0.061738778	-0.251486	0.21055932	-0.21868612	0.104662046	-0.057417378	0.14667699	-0.13924877	0.12639973	-0.11814555	0.0580288	-0.13435777	0.10757598	-0.100970715	0.074192174	-0.082285464	0.08428284	-0.10107833	0.080380805	-0.07522944	0.06340578	-0.06754569	0.07065473	-0.093292594	0.050382886	-0.06440765
0.20526822	-0.555873	0.9999999	-0.68251157	0.09599225	-0.18582982	0.2675908	-0.26262826	0.12548311	-0.08694603	0.19112444	-0.17333765	0.19382052	-0.12270585	0.06760841	-0.1356	0.12514116	-0.12246947	0.12066421	-0.06986162	0.1253826	-0.103295855	0.097425446	-0.07658789	0.08507517	-0.08190753	0.09755704	-0.07926171	0.07673515	-0.06546421	0.06548872	-0.06904951	0.09168017	-0.051288724	0.065667234
-0.24342589	0.29476795	-0.68251157	0.9999997	-0.17022106	0.19301447	-0.32161665	0.23900051	-0.19300361	0.12939253	-0.27340817	0.20873265	-0.2532481	0.16337927	-0.105974816	0.18058793	-0.17527978	0.1671798	-0.18632944	0.10349768	-0.18776642	0.14458561	-0.14201906	0.1152675	-0.13255909	0.11722577	-0.14483139	0.11552567	-0.11847948	0.099102914	-0.09698923	0.10026506	-0.13778418	0.07819508	-0.10189751
0.055332646	-0.07004896	0.09599225	-0.17022106	0.9999995	-0.0502015	0.077164456	-0.08119462	0.1593933	-0.89900154	0.07385548	-0.06352006	0.07663921	-0.16537875	0.20642594	-0.06615212	0.06390235	-0.07348962	0.10159947	-0.23865026	0.06590557	-0.058475018	0.058491305	-0.07228923	0.08168152	-0.04661385	0.0559957	-0.050775707	0.06141493	-0.061492596	0.037574105	-0.04076697	0.056795403	-0.039966777	0.049590312
-0.78362083	0.26231217	-0.18582982	0.19301447	-0.0502015	0.9999994	-0.34487754	0.18419532	-0.08262628	0.045099087	-0.36816594	0.2096001	-0.17833008	0.08197978	-0.043998506	0.14796071	-0.12744965	0.11168014	-0.095805004	0.044935726	-0.12072249	0.09582002	-0.08705663	0.06077982	-0.066329055	0.0746163	-0.08705198	0.068825684	-0.061354633	0.051916506	-0.058454458	0.061360788	-0.07880378	0.041431464	-0.052440386
0.26220477	-0.5338511	0.2675908	-0.32161665	0.077164456	-0.34487754	0.9999995	-0.4686168	0.1338889	-0.070680834	0.274375	-0.3831983	0.28325346	-0.1347728	0.06468169	-0.18254036	0.17203492	-0.16025205	0.13418283	-0.06667805	0.15094905	-0.13205819	0.1189926	-0.08567384	0.09235314	-0.09914695	0.11615287	-0.094480924	0.084846266	-0.07252365	0.07742044	-0.0826293	0.10657354	-0.05724916	0.0722268
-0.18578836	0.2378316	-0.26262826	0.23900051	-0.08119462	0.18419532	-0.4686168	0.9999995	-0.21230775	0.07381973	-0.2787789	0.28361672	-0.6837387	0.17318542	-0.0687868	0.1706416	-0.17677934	0.16713648	-0.14794585	0.069243	-0.1548836	0.13073042	-0.1259359	0.09147896	-0.09832774	0.09851061	-0.1193025	0.09704063	-0.089392565	0.076030485	-0.07877927	0.08330012	-0.1107782	0.0596855	-0.07546142
0.08550306	-0.109810345	0.12548311	-0.19300361	0.1593933	-0.08262628	0.1338889	-0.21230775	0.9999996	-0.18921304	0.1223132	-0.11590011	0.16253719	-0.87829626	0.113256626	-0.106605455	0.104550995	-0.12262707	0.17536601	-0.11494782	0.101681635	-0.09228136	0.091647126	-0.11048116	0.10343882	-0.071615204	0.08562609	-0.07724835	0.08656642	-0.08062152	0.057172015	-0.06221642	0.08531424	-0.056650426	0.06976749
-0.05026363	0.061738778	-0.08694603	0.12939253	-0.89900154	0.045099087	-0.070680834	0.07381973	-0.18921304	0.9999995	-0.06734374	0.0573485	-0.07089706	0.15001945	-0.27281362	0.058582008	-0.05734069	0.065097876	-0.09361657	0.20015024	-0.058916155	0.051809583	-0.05225553	0.06437274	-0.074136436	0.041190848	-0.04988923	0.04502518	-0.055287357	0.054162666	-0.033396292	0.03610846	-0.050715115	0.035613265	-0.04459144
0.23610982	-0.251486	0.19112444	-0.27340817	0.07385548	-0.36816594	0.274375	-0.2787789	0.1223132	-0.06734374	0.99999976	-0.60663193	0.2663486	-0.12866873	0.06793039	-0.38126016	0.2432715	-0.20792824	0.15466839	-0.07035595	0.21462251	-0.17829861	0.1514368	-0.09999125	0.10633176	-0.13529491	0.14980987	-0.119231515	0.099631846	-0.085100524	0.10127027	-0.10790162	0.13255715	-0.0680087	0.084814236
-0.19454026	0.21055932	-0.17333765	0.20873265	-0.06352006	0.2096001	-0.3831983	0.28361672	-0.11590011	0.0573485	-0.60663193	0.99999994	-0.48759842	0.117240675	-0.059654817	0.2359291	-0.31734267	0.19968408	-0.14397156	0.061110508	-0.18459615	0.16370958	-0.14457697	0.090592034	-0.09601971	0.11366185	-0.1366195	0.10759037	-0.08968997	0.07600682	-0.08862048	0.09427705	-0.12030803	0.06073163	-0.07577369
0.16042717	-0.21868612	0.19382052	-0.2532481	0.07663921	-0.17833008	0.28325346	-0.6837387	0.16253719	-0.07089706	0.2663486	-0.48759842	0.9999996	-0.1785906	0.067630306	-0.19474156	0.19755459	-0.21618561	0.14951576	-0.06976559	0.15793224	-0.14788863	0.1367678	-0.09495417	0.09892248	-0.10567828	0.12479047	-0.10489952	0.09094872	-0.07836448	0.08223096	-0.08890791	0.115312316	-0.061379578	0.076522596
-0.086687244	0.104662046	-0.12270585	0.16337927	-0.16537875	0.08197978	-0.1347728	0.17318542	-0.87829626	0.15001945	-0.12866873	0.117240675	-0.1785906	0.9999995	-0.12496666	0.10802801	-0.11041826	0.12739256	-0.23503925	0.114849396	-0.105937295	0.0951548	-0.097391784	0.12161107	-0.11825514	0.07342626	-0.08948202	0.08084885	-0.096367225	0.086888574	-0.05937816	0.06436078	-0.09031036	0.061139442	-0.07645876
0.046556935	-0.057417378	0.06760841	-0.105974816	0.20642594	-0.043998506	0.06468169	-0.0687868	0.113256626	-0.27281362	0.06793039	-0.059654817	0.067630306	-0.12496666	0.9999995	-0.07179126	0.07022584	-0.08888237	0.1393192	-0.89414954	0.07133079	-0.067850076	0.06945678	-0.114489876	0.13827257	-0.053449553	0.06392882	-0.062825836	0.087070495	-0.10012602	0.042854294	-0.047643457	0.06780786	-0.05551467	0.066842854
-0.14456756	0.14667699	-0.1356	0.18058793	-0.06615212	0.14796071	-0.18254036	0.1706416	-0.106605455	0.058582008	-0.38126016	0.2359291	-0.19474156	0.10802801	-0.07179126	0.9999996	-0.48741636	0.25938326	-0.19677317	0.0730592	-0.5891934	0.2547139	-0.22261797	0.12393432	-0.13352472	0.22006308	-0.24047922	0.16586491	-0.12871183	0.106895134	-0.1695634	0.16286384	-0.19424899	0.088536724	-0.109921716
0.11988755	-0.13924877	0.12514116	-0.17527978	0.06390235	-0.12744965	0.17203492	-0.17677934	0.104550995	-0.05734069	0.2432715	-0.31734267	0.19755459	-0.11041826	0.07022584	-0.48741636	0.99999946	-0.5497519	0.20684838	-0.073621355	0.26899678	-0.42215103	0.26718384	-0.13516182	0.13139004	-0.18282525	0.22445588	-0.18426073	0.12701844	-0.109131455	0.13607351	-0.15464786	0.18722253	-0.087545015	0.105089284
-0.1111911	0.12639973	-0.12246947	0.1671798	-0.07348962	0.11168014	-0.16025205	0.16713648	-0.12262707	0.065097876	-0.20792824	0.19968408	-0.21618561	0.12739256	-0.08888237	0.25938326	-0.5497519	0.99999964	-0.3789187	0.09224854	-0.25777438	0.29194558	-0.48292106	0.190652	-0.18372236	0.17412063	-0.2371015	0.22847687	-0.17094986	0.14286815	-0.1437303	0.15998787	-0.24237253	0.112339415	-0.13566254
0.09646789	-0.11814555	0.12066421	-0.18632944	0.10159947	-0.095805004	0.13418283	-0.14794585	0.17536601	-0.09361657	0.15466839	-0.14397156	0.14951576	-0.23503925	0.1393192	-0.19677317	0.20684838	-0.3789187	0.99999964	-0.1716486	0.18314369	-0.19708127	0.2091831	-0.5935697	0.28057146	-0.14247462	0.16936377	-0.18001127	0.22640634	-0.23537365	0.111953035	-0.12791206	0.1790028	-0.14577104	0.1624388
-0.048000462	0.0580288	-0.06986162	0.10349768	-0.23865026	0.044935726	-0.06667805	0.069243	-0.11494782	0.20015024	-0.07035595	0.061110508	-0.06976559	0.114849396	-0.89414954	0.0730592	-0.073621355	0.09224854	-0.1716486	0.99999976	-0.073811695	0.07003985	-0.0736171	0.126144	-0.18117507	0.054777298	-0.066618085	0.065854214	-0.09824324	0.10722708	-0.044415463	0.0492786	-0.07191659	0.060228247	-0.07427069
0.11444264	-0.13435777	0.1253826	-0.18776642	0.06590557	-0.12072249	0.15094905	-0.1548836	0.101681635	-0.058916155	0.21462251	-0.18459615	0.15793224	-0.105937295	0.07133079	-0.5891934	0.26899678	-0.25777438	0.18314369	-0.073811695	0.99999964	-0.32855448	0.21887526	-0.123946995	0.13066155	-0.45969346	0.26434788	-0.18544982	0.12949745	-0.11015571	0.2228465	-0.22561929	0.20513098	-0.09208799	0.111543015
-0.09513383	0.10757598	-0.103295855	0.14458561	-0.058475018	0.09582002	-0.13205819	0.13073042	-0.09228136	0.051809583	-0.17829861	0.16370958	-0.14788863	0.0951548	-0.067850076	0.2547139	-0.42215103	0.29194558	-0.19708127	0.07003985	-0.32855448	0.9999996	-0.5269858	0.13476615	-0.1385236	0.22888097	-0.4991226	0.25507373	-0.14481716	0.1184391	-0.18819873	0.21996269	-0.27363163	0.10219725	-0.12122357
0.08571731	-0.100970715	0.097425446	-0.14201906	0.058491305	-0.08705663	0.1189926	-0.1259359	0.091647126	-0.05225553	0.1514368	-0.14457697	0.1367678	-0.097391784	0.06945678	-0.22261797	0.26718384	-0.48292106	0.2091831	-0.0736171	0.21887526	-0.5269858	0.99999964	-0.1650649	0.14740741	-0.19361249	0.26091743	-0.49775884	0.16094714	-0.13589725	0.15079933	-0.19360235	0.27731526	-0.112396814	0.12493501
-0.061738517	0.074192174	-0.07658789	0.1152675	-0.07228923	0.06077982	-0.08567384	0.09147896	-0.11048116	0.06437274	-0.09999125	0.090592034	-0.09495417	0.12161107	-0.114489876	0.12393432	-0.13516182	0.190652	-0.5935697	0.126144	-0.123946995	0.13476615	-0.1650649	0.9999993	-0.59078515	0.098168164	-0.12217402	0.14327365	-0.3498343	0.27428725	-0.0798303	0.09229961	-0.14483066	0.15686505	-0.18438217
0.06733989	-0.082285464	0.08507517	-0.13255909	0.08168152	-0.066329055	0.09235314	-0.09832774	0.10343882	-0.074136436	0.10633176	-0.09601971	0.09892248	-0.11825514	0.13827257	-0.13352472	0.13139004	-0.18372236	0.28057146	-0.18117507	0.13066155	-0.1385236	0.14740741	-0.59078515	0.9999995	-0.106076226	0.12643124	-0.14768836	0.28809392	-0.5650401	0.08452383	-0.098129794	0.14635527	-0.17026365	0.1884219
-0.074437425	0.08428284	-0.08190753	0.11722577	-0.04661385	0.0746163	-0.09914695	0.09851061	-0.071615204	0.041190848	-0.13529491	0.11366185	-0.10567828	0.07342626	-0.053449553	0.22006308	-0.18282525	0.17412063	-0.14247462	0.054777298	-0.45969346	0.22888097	-0.19361249	0.098168164	-0.106076226	0.99999934	-0.426177	0.18299836	-0.112569764	0.09236472	-0.6231088	0.30495358	-0.24494429	0.08392879	-0.10029869
0.08569761	-0.10107833	0.09755704	-0.14483139	0.0559957	-0.08705198	0.11615287	-0.1193025	0.08562609	-0.04988923	0.14980987	-0.1366195	0.12479047	-0.08948202	0.06392882	-0.24047922	0.22445588	-0.2371015	0.16936377	-0.066618085	0.26434788	-0.4991226	0.26091743	-0.12217402	0.12643124	-0.426177	0.9999989	-0.30151433	0.13772106	-0.11615377	0.28021976	-0.4977021	0.27157667	-0.1019928	0.116388485
-0.068881184	0.080380805	-0.07926171	0.11552567	-0.050775707	0.068825684	-0.094480924	0.09704063	-0.07724835	0.04502518	-0.119231515	0.10759037	-0.10489952	0.08084885	-0.062825836	0.16586491	-0.18426073	0.22847687	-0.18001127	0.065854214	-0.18544982	0.25507373	-0.49775884	0.14327365	-0.14768836	0.18299836	-0.30151433	0.9999987	-0.23273411	0.15378293	-0.17086913	0.2201968	-0.6775386	0.14869663	-0.15791997
0.062069617	-0.07522944	0.07673515	-0.11847948	0.06141493	-0.061354633	0.084846266	-0.089392565	0.08656642	-0.055287357	0.099631846	-0.08968997	0.09094872	-0.096367225	0.087070495	-0.12871183	0.12701844	-0.17094986	0.22640634	-0.09824324	0.12949745	-0.14481716	0.16094714	-0.3498343	0.28809392	-0.112569764	0.13772106	-0.23273411	0.99999833	-0.62429327	0.091825575	-0.11189383	0.19103238	-0.4438437	0.29103366
-0.052845284	0.06340578	-0.06546421	0.099102914	-0.061492596	0.051916506	-0.07252365	0.076030485	-0.08062152	0.054162666	-0.085100524	0.07600682	-0.07836448	0.086888574	-0.10012602	0.106895134	-0.109131455	0.14286815	-0.23537365	0.10722708	-0.11015571	0.1184391	-0.13589725	0.27428725	-0.5650401	0.09236472	-0.11615377	0.15378293	-0.62429327	0.9999982	-0.07696037	0.090937205	-0.15906696	0.24406454	-0.3341493
0.057739973	-0.06754569	0.06548872	-0.09698923	0.037574105	-0.058454458	0.07742044	-0.07877927	0.057172015	-0.033396292	0.10127027	-0.08862048	0.08223096	-0.05937816	0.042854294	-0.1695634	0.13607351	-0.1437303	0.111953035	-0.044415463	0.2228465	-0.18819873	0.15079933	-0.0798303	0.08452383	-0.6231088	0.28021976	-0.17086913	0.091825575	-0.07696037	0.999998	-0.6448311	0.21163511	-0.07101956	0.08092971
-0.06125527	0.07065473	-0.06904951	0.10026506	-0.04076697	0.061360788	-0.0826293	0.08330012	-0.06221642	0.03610846	-0.10790162	0.09427705	-0.08890791	0.06436078	-0.047643457	0.16286384	-0.15464786	0.15998787	-0.12791206	0.0492786	-0.22561929	0.21996269	-0.19360235	0.09229961	-0.098129794	0.30495358	-0.4977021	0.2201968	-0.11189383	0.090937205	-0.6448311	0.99999785	-0.3823575	0.08940387	-0.10103164
0.078343354	-0.093292594	0.09168017	-0.13778418	0.056795403	-0.07880378	0.10657354	-0.1107782	0.08531424	-0.050715115	0.13255715	-0.12030803	0.115312316	-0.09031036	0.06780786	-0.19424899	0.18722253	-0.24237253	0.1790028	-0.07191659	0.20513098	-0.27363163	0.27731526	-0.14483066	0.14635527	-0.24494429	0.27157667	-0.6775386	0.19103238	-0.15906696	0.21163511	-0.3823575	0.99999774	-0.19097376	0.16902386
-0.04195439	0.050382886	-0.051288724	0.07819508	-0.039966777	0.041431464	-0.05724916	0.0596855	-0.056650426	0.035613265	-0.0680087	0.06073163	-0.061379578	0.061139442	-0.05551467	0.088536724	-0.087545015	0.112339415	-0.14577104	0.060228247	-0.09208799	0.10219725	-0.112396814	0.15686505	-0.17026365	0.08392879	-0.1019928	0.14869663	-0.4438437	0.24406454	-0.07101956	0.08940387	-0.19097376	0.9999976	-0.8137418
0.053108167	-0.06440765	0.065667234	-0.10189751	0.049590312	-0.052440386	0.0722268	-0.07546142	0.06976749	-0.04459144	0.084814236	-0.07577369	0.076522596	-0.07645876	0.066842854	-0.109921716	0.105089284	-0.13566254	0.1624388	-0.07427069	0.111543015	-0.12122357	0.12493501	-0.18438217	0.1884219	-0.10029869	0.116388485	-0.15791997	0.29103366	-0.3341493	0.08092971	-0.10103164	0.16902386	-0.8137418	0.9999976
