1.0000001	-0.58637285	0.30723178	-0.075216144	0.071706735	-0.59822446	0.2513523	-0.20046534	0.17733514	-0.08516102	0.21330236	-0.21729481	0.16735886	-0.14478604	0.09321675	-0.10544516	0.09141237	-0.10532176	0.09397115	-0.023368318	0.088241935	-0.075432256	0.07390862	-0.08278931	0.019324617	-0.041917205	0.04614235	-0.06153023	0.060486946	-0.022615355	0.06723904	-0.049153347	0.0507797	-0.06528499	0.023684354
-0.58637285	0.99999994	-0.6469002	0.06676188	-0.06367976	0.27845016	-0.33792564	0.21266946	-0.16907446	0.075070225	-0.16370441	0.17319068	-0.15187863	0.12634844	-0.08143068	0.08009178	-0.07171357	0.08477832	-0.077570416	0.018804241	-0.068992384	0.058624897	-0.05927752	0.06709756	-0.015603762	0.032848425	-0.03624172	0.048830375	-0.048184816	0.017863918	-0.052784357	0.03858062	-0.040100697	0.051432222	-0.018753575
0.30723178	-0.6469002	1.0000001	-0.10368387	0.09463409	-0.3550875	0.2845269	-0.33892673	0.22493465	-0.10883947	0.1907668	-0.21422891	0.20132525	-0.18036816	0.1153114	-0.10583165	0.093995705	-0.122443	0.11027824	-0.028057517	0.09070872	-0.079553954	0.08487939	-0.09750576	0.023165438	-0.04733578	0.05215012	-0.07139356	0.070132285	-0.026675507	0.07766954	-0.05711657	0.05887264	-0.07639288	0.027930642
-0.075216144	0.06676188	-0.10368387	1.0000004	-0.9314883	0.0819626	-0.09942402	0.10888862	-0.20279308	0.17727415	-0.067333475	0.072808675	-0.10563433	0.11017522	-0.18912143	0.04075218	-0.038386505	0.05985633	-0.06005957	0.018123498	-0.037112627	0.032931857	-0.04173588	0.049762633	-0.015496464	0.021602644	-0.02407345	0.03439155	-0.034479033	0.013746986	-0.03649677	0.026716832	-0.028185088	0.03631996	-0.014790608
0.071706735	-0.06367976	0.09463409	-0.9314883	1.0000001	-0.08159039	0.092402205	-0.10466729	0.16663161	-0.21825935	0.06497885	-0.071332894	0.09919502	-0.10923273	0.16996987	-0.040396906	0.037865464	-0.06041098	0.05896042	-0.01770141	0.03658504	-0.032803763	0.04169774	-0.050163716	0.014980829	-0.021771241	0.024187801	-0.03475955	0.03462113	-0.01382777	0.036851007	-0.027152592	0.028453937	-0.03698388	0.014787282
-0.59822446	0.27845016	-0.3550875	0.0819626	-0.08159039	0.99999964	-0.35519478	0.22363119	-0.22603053	0.0984382	-0.45246783	0.27284387	-0.21807624	0.16792986	-0.11209097	0.149444	-0.13301124	0.122499436	-0.11274432	0.025880119	-0.13023508	0.101638794	-0.088863954	0.095287636	-0.021594696	0.050704453	-0.05609184	0.07098563	-0.07053088	0.025007345	-0.07767843	0.05571157	-0.058473792	0.07296166	-0.026360597
0.2513523	-0.33792564	0.2845269	-0.09942402	0.092402205	-0.35519478	0.99999946	-0.5607894	0.271094	-0.12381409	0.25727475	-0.43856236	0.2556557	-0.22281471	0.12746398	-0.13081127	0.116547346	-0.1393198	0.12598601	-0.029174915	0.107914716	-0.09511284	0.094986	-0.10955783	0.024138767	-0.05127892	0.05633624	-0.07754614	0.07618372	-0.027922591	0.08158636	-0.060252395	0.06279043	-0.08105058	0.029232088
-0.20046534	0.21266946	-0.33892673	0.10888862	-0.10466729	0.22363119	-0.5607894	0.999999	-0.5384024	0.14767103	-0.19045335	0.22988127	-0.39209616	0.2571915	-0.15640105	0.10021464	-0.09312654	0.13134071	-0.1294495	0.027782192	-0.08725049	0.07665725	-0.08881505	0.10561001	-0.023207868	0.044554625	-0.04935278	0.070738606	-0.070390545	0.025318688	-0.07250944	0.053475834	-0.056692373	0.072766945	-0.026692241
0.17733514	-0.16907446	0.22493465	-0.20279308	0.16663161	-0.22603053	0.271094	-0.5384024	0.99999946	-0.31009567	0.1757151	-0.21543154	0.29960817	-0.44308552	0.23647596	-0.110410795	0.10271484	-0.17513905	0.1728846	-0.038782567	0.09678966	-0.08889505	0.11530461	-0.14645012	0.032192703	-0.056317482	0.062302686	-0.09380579	0.09281508	-0.034237996	0.0938728	-0.07037493	0.07438661	-0.09744865	0.036036223
-0.08516102	0.075070225	-0.10883947	0.17727415	-0.21825935	0.0984382	-0.12381409	0.14767103	-0.31009567	0.9999991	-0.08376917	0.09400315	-0.156739	0.18254828	-0.87282896	0.052248236	-0.04960096	0.08367482	-0.089106	0.03793573	-0.04722152	0.042699587	-0.05772093	0.070849285	-0.033186793	0.028328868	-0.0316543	0.04699842	-0.047655903	0.021742236	-0.04854952	0.035734054	-0.038264167	0.049606506	-0.024218615
0.21330236	-0.16370441	0.1907668	-0.067333475	0.06497885	-0.45246783	0.25727475	-0.19045335	0.1757151	-0.08376917	0.99999917	-0.6895953	0.20589457	-0.17069283	0.09207176	-0.29956046	0.18624315	-0.13867727	0.115824476	-0.02517318	0.16990805	-0.14139785	0.09655106	-0.10132671	0.020843228	-0.056406774	0.06097648	-0.07570774	0.073497385	-0.025444107	0.0795063	-0.058201022	0.060672622	-0.07637035	0.026569672
-0.21729481	0.17319068	-0.21422891	0.072808675	-0.071332894	0.27284387	-0.43856236	0.22988127	-0.21543154	0.09400315	-0.6895953	0.9999989	-0.31340453	0.19376536	-0.10516931	0.1930445	-0.19048187	0.13675359	-0.123450704	0.025435707	-0.15900947	0.12781754	-0.09715021	0.102722004	-0.021179544	0.054102693	-0.05937485	0.07469502	-0.07362391	0.025074784	-0.078635775	0.056893736	-0.060094878	0.07472164	-0.02634887
0.16735886	-0.15187863	0.20132525	-0.10563433	0.09919502	-0.21807624	0.2556557	-0.39209616	0.29960817	-0.156739	0.20589457	-0.31340453	0.9999987	-0.6625582	0.16513453	-0.1287439	0.12123503	-0.2344462	0.21856567	-0.03807769	0.1100788	-0.1034467	0.14110519	-0.18165886	0.031560905	-0.062254976	0.06890993	-0.10878959	0.107714795	-0.036411837	0.10187843	-0.077064626	0.083388224	-0.108461216	0.03808223
-0.14478604	0.12634844	-0.18036816	0.11017522	-0.10923273	0.16792986	-0.22281471	0.2571915	-0.44308552	0.18254828	-0.17069283	0.19376536	-0.6625582	0.9999992	-0.23732759	0.108528346	-0.107832626	0.21231835	-0.35367885	0.039014824	-0.09906756	0.09143682	-0.14587027	0.18751213	-0.032942828	0.058872797	-0.06629207	0.106616706	-0.110797554	0.035155583	-0.09966435	0.07354541	-0.08220945	0.103206724	-0.03736454
0.09321675	-0.08143068	0.1153114	-0.18912143	0.16996987	-0.11209097	0.12746398	-0.15640105	0.23647596	-0.87282896	0.09207176	-0.10516931	0.16513453	-0.23732759	0.9999989	-0.059716713	0.056441937	-0.09938832	0.102002256	-0.04661654	0.053634603	-0.049193352	0.06722073	-0.084519126	0.038524065	-0.033034116	0.036786657	-0.055397537	0.055651862	-0.025678331	0.05666419	-0.042175654	0.044854328	-0.0589434	0.028402682
-0.10544516	0.08009178	-0.10583165	0.04075218	-0.040396906	0.149444	-0.13081127	0.10021464	-0.110410795	0.052248236	-0.29956046	0.1930445	-0.1287439	0.108528346	-0.059716713	0.99999857	-0.63914365	0.1699303	-0.1294294	0.023987638	-0.57290906	0.31875333	-0.13369112	0.110447235	-0.019939717	0.09422268	-0.10041331	0.09312562	-0.08857923	0.026296217	-0.10044123	0.07056201	-0.073561564	0.08504464	-0.027562363
0.09141237	-0.07171357	0.093995705	-0.038386505	0.037865464	-0.13301124	0.116547346	-0.09312654	0.10271484	-0.04960096	0.18624315	-0.19048187	0.12123503	-0.107832626	0.056441937	-0.63914365	0.9999985	-0.24523497	0.13962957	-0.024370413	0.32661092	-0.59466636	0.15377949	-0.124232955	0.020234384	-0.085518755	0.09040949	-0.10155723	0.09311873	-0.026878329	0.09548885	-0.070255145	0.07494099	-0.08814767	0.028061118
-0.10532176	0.08477832	-0.122443	0.05985633	-0.06041098	0.122499436	-0.1393198	0.13134071	-0.17513905	0.08367482	-0.13867727	0.13675359	-0.2344462	0.21231835	-0.09938832	0.1699303	-0.24523497	0.9999984	-0.55789095	0.051216032	-0.16865893	0.17651923	-0.55574185	0.31642932	-0.043533877	0.10899607	-0.12891632	0.23548907	-0.24089308	0.055403773	-0.19457093	0.13712792	-0.17330906	0.18372074	-0.05923317
0.09397115	-0.077570416	0.11027824	-0.06005957	0.05896042	-0.11274432	0.12598601	-0.1294495	0.1728846	-0.089106	0.115824476	-0.123450704	0.21856567	-0.35367885	0.102002256	-0.1294294	0.13962957	-0.55789095	0.9999983	-0.05629031	0.11758149	-0.1282362	0.29043502	-0.6007894	0.046563353	-0.08655233	0.097655	-0.20317082	0.20657322	-0.054350555	0.14510912	-0.114645585	0.13588318	-0.17852375	0.05665453
-0.023368318	0.018804241	-0.028057517	0.018123498	-0.01770141	0.025880119	-0.029174915	0.027782192	-0.038782567	0.03793573	-0.02517318	0.025435707	-0.03807769	0.039014824	-0.04661654	0.023987638	-0.024370413	0.051216032	-0.05629031	0.9999979	-0.024890572	0.023800813	-0.04872995	0.05605994	-0.9154546	0.031905703	-0.037997726	0.053802025	-0.069185115	0.23105617	-0.07476292	0.04979458	-0.062740564	0.090592384	-0.29080176
0.088241935	-0.068992384	0.09070872	-0.037112627	0.03658504	-0.13023508	0.107914716	-0.08725049	0.09678966	-0.04722152	0.16990805	-0.15900947	0.1100788	-0.09906756	0.053634603	-0.57290906	0.32661092	-0.16865893	0.11758149	-0.024890572	0.9999977	-0.6827652	0.13900441	-0.11778017	0.020456705	-0.14257087	0.12651172	-0.10422216	0.09220291	-0.028063508	0.108609416	-0.08017636	0.07858419	-0.09387725	0.029106937
-0.075432256	0.058624897	-0.079553954	0.032931857	-0.032803763	0.101638794	-0.09511284	0.07665725	-0.08889505	0.042699587	-0.14139785	0.12781754	-0.1034467	0.09143682	-0.049193352	0.31875333	-0.59466636	0.17651923	-0.1282362	0.023800813	-0.6827652	0.99999785	-0.17896958	0.12159649	-0.019739786	0.111132585	-0.123152934	0.107395574	-0.09683736	0.026918381	-0.106023595	0.07625873	-0.0796548	0.09056025	-0.028155396
0.07390862	-0.05927752	0.08487939	-0.04173588	0.04169774	-0.088863954	0.094986	-0.08881505	0.11530461	-0.05772093	0.09655106	-0.09715021	0.14110519	-0.14587027	0.06722073	-0.13369112	0.15377949	-0.55574185	0.29043502	-0.04872995	0.13900441	-0.17896958	0.9999978	-0.52450657	0.040639617	-0.11368606	0.12888032	-0.4664329	0.26906392	-0.05841042	0.1769988	-0.15129818	0.1893691	-0.2169085	0.06073722
-0.08278931	0.06709756	-0.09750576	0.049762633	-0.050163716	0.095287636	-0.10955783	0.10561001	-0.14645012	0.070849285	-0.10132671	0.102722004	-0.18165886	0.18751213	-0.084519126	0.110447235	-0.124232955	0.31642932	-0.6007894	0.05605994	-0.11778017	0.12159649	-0.52450657	0.99999756	-0.049014356	0.10156554	-0.119954534	0.2615529	-0.3809401	0.061387755	-0.18504332	0.1372244	-0.18039377	0.21089712	-0.0654363
0.019324617	-0.015603762	0.023165438	-0.015496464	0.014980829	-0.021594696	0.024138767	-0.023207868	0.032192703	-0.033186793	0.020843228	-0.021179544	0.031560905	-0.032942828	0.038524065	-0.019939717	0.020234384	-0.043533877	0.046563353	-0.9154546	0.020456705	-0.019739786	0.040639617	-0.049014356	0.9999967	-0.025521282	0.030104822	-0.044809125	0.056595944	-0.31271458	0.057975706	-0.040404	0.050005883	-0.07690427	0.2238887
-0.041917205	0.032848425	-0.04733578	0.021602644	-0.021771241	0.050704453	-0.05127892	0.044554625	-0.056317482	0.028328868	-0.056406774	0.054102693	-0.062254976	0.058872797	-0.033034116	0.09422268	-0.085518755	0.10899607	-0.08655233	0.031905703	-0.14257087	0.111132585	-0.11368606	0.10156554	-0.025521282	0.9999965	-0.8694622	0.16122347	-0.13189453	0.041856796	-0.36014196	0.19686235	-0.14798316	0.15550967	-0.042681314
0.04614235	-0.03624172	0.05215012	-0.02407345	0.024187801	-0.05609184	0.05633624	-0.04935278	0.062302686	-0.0316543	0.06097648	-0.05937485	0.06890993	-0.06629207	0.036786657	-0.10041331	0.09040949	-0.12891632	0.097655	-0.037997726	0.12651172	-0.123152934	0.12888032	-0.119954534	0.030104822	-0.8694622	0.99999624	-0.21848616	0.1484469	-0.050383434	0.2553825	-0.24260752	0.16330817	-0.19113167	0.050611254
-0.06153023	0.048830375	-0.07139356	0.03439155	-0.03475955	0.07098563	-0.07754614	0.070738606	-0.09380579	0.04699842	-0.07570774	0.07469502	-0.10878959	0.106616706	-0.055397537	0.09312562	-0.10155723	0.23548907	-0.20317082	0.053802025	-0.10422216	0.107395574	-0.4664329	0.2615529	-0.044809125	0.16122347	-0.21848616	0.9999961	-0.59282875	0.074565426	-0.27181634	0.22317745	-0.4153756	0.29908046	-0.079536006
0.060486946	-0.048184816	0.070132285	-0.034479033	0.03462113	-0.07053088	0.07618372	-0.070390545	0.09281508	-0.047655903	0.073497385	-0.07362391	0.107714795	-0.110797554	0.055651862	-0.08857923	0.09311873	-0.24089308	0.20657322	-0.069185115	0.09220291	-0.09683736	0.26906392	-0.3809401	0.056595944	-0.13189453	0.1484469	-0.59282875	0.999996	-0.10802764	0.220322	-0.20046473	0.2688487	-0.55304885	0.10830432
-0.022615355	0.017863918	-0.026675507	0.013746986	-0.01382777	0.025007345	-0.027922591	0.025318688	-0.034237996	0.021742236	-0.025444107	0.025074784	-0.036411837	0.035155583	-0.025678331	0.026296217	-0.026878329	0.055403773	-0.054350555	0.23105617	-0.028063508	0.026918381	-0.05841042	0.061387755	-0.31271458	0.041856796	-0.050383434	0.074565426	-0.10802764	0.9999956	-0.10092261	0.068272665	-0.09458107	0.1468931	-0.8932578
0.06723904	-0.052784357	0.07766954	-0.03649677	0.036851007	-0.07767843	0.08158636	-0.07250944	0.0938728	-0.04854952	0.0795063	-0.078635775	0.10187843	-0.09966435	0.05666419	-0.10044123	0.09548885	-0.19457093	0.14510912	-0.07476292	0.108609416	-0.106023595	0.1769988	-0.18504332	0.057975706	-0.36014196	0.2553825	-0.27181634	0.220322	-0.10092261	0.9999955	-0.65476924	0.30152813	-0.38934246	0.099089496
-0.049153347	0.03858062	-0.05711657	0.026716832	-0.027152592	0.05571157	-0.060252395	0.053475834	-0.07037493	0.035734054	-0.058201022	0.056893736	-0.077064626	0.07354541	-0.042175654	0.07056201	-0.070255145	0.13712792	-0.114645585	0.04979458	-0.08017636	0.07625873	-0.15129818	0.1372244	-0.040404	0.19686235	-0.24260752	0.22317745	-0.20046473	0.068272665	-0.65476924	0.99999547	-0.60015345	0.27053598	-0.072943136
0.0507797	-0.040100697	0.05887264	-0.028185088	0.028453937	-0.058473792	0.06279043	-0.056692373	0.07438661	-0.038264167	0.060672622	-0.060094878	0.083388224	-0.08220945	0.044854328	-0.073561564	0.07494099	-0.17330906	0.13588318	-0.062740564	0.07858419	-0.0796548	0.1893691	-0.18039377	0.050005883	-0.14798316	0.16330817	-0.4153756	0.2688487	-0.09458107	0.30152813	-0.60015345	0.99999547	-0.53008616	0.097486
-0.06528499	0.051432222	-0.07639288	0.03631996	-0.03698388	0.07296166	-0.08105058	0.072766945	-0.09744865	0.049606506	-0.07637035	0.07472164	-0.108461216	0.103206724	-0.0589434	0.08504464	-0.08814767	0.18372074	-0.17852375	0.090592384	-0.09387725	0.09056025	-0.2169085	0.21089712	-0.07690427	0.15550967	-0.19113167	0.29908046	-0.55304885	0.1468931	-0.38934246	0.27053598	-0.53008616	0.9999955	-0.19740172
0.023684354	-0.018753575	0.027930642	-0.014790608	0.014787282	-0.026360597	0.029232088	-0.026692241	0.036036223	-0.024218615	0.026569672	-0.02634887	0.03808223	-0.03736454	0.028402682	-0.027562363	0.028061118	-0.05923317	0.05665453	-0.29080176	0.029106937	-0.028155396	0.06073722	-0.0654363	0.2238887	-0.042681314	0.050611254	-0.079536006	0.10830432	-0.8932578	0.099089496	-0.072943136	0.097486	-0.19740172	0.9999955
