1.0	-0.80353874	0.1665228	-0.11966696	0.071429364	-0.46848747	0.29845753	-0.12534994	0.09590861	-0.07833647	0.048983276	-0.043364774	0.07895777	-0.0715694	0.062577516	-0.0390533	0.030355725	-0.06254103	0.07206751	-0.086692885	0.03958539	-0.043365736	0.054271072	-0.035284154	0.041460272	-0.031496167	0.03064516	-0.05364552	0.031116296	-0.014192056	0.023913553	-0.021049287	0.07074795	-0.03546049	0.014510658
-0.80353874	1.0000001	-0.21182804	0.11464737	-0.07248383	0.29955506	-0.4533163	0.13373488	-0.10453391	0.077970445	-0.040797956	0.035230793	-0.08272799	0.07185731	-0.062585115	0.0341544	-0.02663641	0.0628071	-0.07320221	0.08357293	-0.03639836	0.03883107	-0.054157328	0.035104595	-0.04142459	0.029633956	-0.028979348	0.05243848	-0.030630851	0.013952271	-0.022789545	0.020054616	-0.068886146	0.034696616	-0.014300068
0.1665228	-0.21182804	1.0000001	-0.5343057	0.2537372	-0.15908909	0.15579471	-0.453098	0.28464082	-0.28777397	0.05842687	-0.053494	0.23194772	-0.23490278	0.21035437	-0.07767142	0.058379013	-0.19731234	0.22058852	-0.3094837	0.09450984	-0.09755216	0.16227414	-0.10984211	0.12722771	-0.08630816	0.08375495	-0.1664303	0.096271254	-0.044223923	0.06742854	-0.05977298	0.21386334	-0.111351736	0.04493448
-0.11966696	0.11464737	-0.5343057	1.0000002	-0.60231966	0.098147936	-0.10404053	0.25135618	-0.3311879	0.29668248	-0.044024132	0.03949965	-0.20514473	0.20310566	-0.21233846	0.05773777	-0.044165034	0.15433797	-0.2177592	0.2260582	-0.074472584	0.07281081	-0.14054991	0.09855746	-0.12039689	0.066565305	-0.06630066	0.12999032	-0.08180682	0.03817126	-0.055507407	0.048554394	-0.187938	0.09045717	-0.03968265
0.071429364	-0.07248383	0.2537372	-0.60231966	1.0000004	-0.06982293	0.07160328	-0.21669458	0.25135526	-0.6474076	0.030348128	-0.027558431	0.15145074	-0.19136402	0.21623246	-0.040542237	0.031053903	-0.120088354	0.1653401	-0.24930194	0.050774027	-0.051140685	0.09895872	-0.07431195	0.08755061	-0.046927646	0.046232548	-0.09511659	0.05926343	-0.027526896	0.037017517	-0.03276899	0.11904075	-0.06668078	0.02827448
-0.46848747	0.29955506	-0.15908909	0.098147936	-0.06982293	1.0000001	-0.8026405	0.14776663	-0.11622184	0.074683726	-0.06913351	0.05531181	-0.08760709	0.071050085	-0.06072402	0.04207239	-0.033769153	0.06318436	-0.07302178	0.076967224	-0.039989416	0.044569843	-0.053911723	0.03418858	-0.040384598	0.030539338	-0.029890068	0.05116186	-0.029657999	0.013364638	-0.022773178	0.020020027	-0.065063044	0.033341475	-0.013721862
0.29845753	-0.4533163	0.15579471	-0.10404053	0.07160328	-0.8026405	1.0000004	-0.1957022	0.12068141	-0.07972848	0.054705344	-0.048104174	0.0900855	-0.074430875	0.06273983	-0.03868991	0.030671138	-0.066189826	0.0736287	-0.08053656	0.037555594	-0.041823413	0.05406368	-0.03452964	0.040461976	-0.029774105	0.029073842	-0.05193886	0.029849004	-0.0134321265	0.022163216	-0.019560661	0.06400673	-0.033725787	0.013755221
-0.12534994	0.13373488	-0.453098	0.25135618	-0.21669458	0.14776663	-0.1957022	1.0000002	-0.6512327	0.23936066	-0.045043763	0.04076739	-0.37195784	0.22632708	-0.1856158	0.055938154	-0.0438553	0.2005389	-0.21652758	0.20782676	-0.067711	0.069540784	-0.14947645	0.092931904	-0.108225316	0.063390434	-0.06267323	0.13439201	-0.07714314	0.0341128	-0.04826705	0.043013245	-0.15034854	0.086066656	-0.03497832
0.09590861	-0.10453391	0.28464082	-0.3311879	0.25135526	-0.11622184	0.12068141	-0.6512327	1.0	-0.44763082	0.039534356	-0.03611779	0.23178405	-0.3148443	0.22272551	-0.051478125	0.039873715	-0.17835256	0.21347107	-0.24853107	0.06250172	-0.064455666	0.12915304	-0.09226163	0.1055344	-0.059136223	0.057979535	-0.12505934	0.073674805	-0.033240005	0.044685055	-0.03992195	0.13814826	-0.08325556	0.033943184
-0.07833647	0.077970445	-0.28777397	0.29668248	-0.6474076	0.074683726	-0.07972848	0.23936066	-0.44763082	0.99999994	-0.032645218	0.029540878	-0.18095969	0.22606431	-0.3769698	0.043226518	-0.033346627	0.13392441	-0.20011961	0.25344992	-0.054445513	0.054489322	-0.11112966	0.08401109	-0.10013166	0.050278656	-0.049850293	0.10310501	-0.06553685	0.03029932	-0.03988637	0.035264753	-0.12921323	0.072650954	-0.03127792
0.048983276	-0.040797956	0.05842687	-0.044024132	0.030348128	-0.06913351	0.054705344	-0.045043763	0.039534356	-0.032645218	0.9999999	-0.8632148	0.057327326	-0.040920015	0.032295458	-0.32683644	0.27058566	-0.053959094	0.049843412	-0.04409036	0.18516439	-0.2669012	0.059176885	-0.028201455	0.03302235	-0.094718724	0.09063277	-0.062068984	0.029910836	-0.012104671	0.05570676	-0.04821993	0.07528164	-0.033238202	0.01240705
-0.043364774	0.035230793	-0.053494	0.03949965	-0.027558431	0.05531181	-0.048104174	0.04076739	-0.03611779	0.029540878	-0.8632148	0.99999994	-0.05498723	0.03757255	-0.029504482	0.24580106	-0.38668978	0.050980393	-0.04648514	0.039873175	-0.18593933	0.21221563	-0.0556247	0.02601184	-0.030570533	0.08416255	-0.084654436	0.056829393	-0.02753586	0.011106017	-0.052730434	0.044458743	-0.07024832	0.030390156	-0.011409588
0.07895777	-0.08272799	0.23194772	-0.20514473	0.15145074	-0.08760709	0.0900855	-0.37195784	0.23178405	-0.18095969	0.057327326	-0.05498723	0.9999998	-0.3536868	0.19357444	-0.08288467	0.06748273	-0.65478045	0.2797616	-0.25202715	0.09579226	-0.10397133	0.2535192	-0.12892875	0.13857839	-0.09996704	0.09710135	-0.2510498	0.11471519	-0.04646218	0.06731248	-0.06192846	0.18776545	-0.13191742	0.04675357
-0.0715694	0.07185731	-0.23490278	0.20310566	-0.19136402	0.071050085	-0.074430875	0.22632708	-0.3148443	0.22606431	-0.040920015	0.03757255	-0.3536868	0.9999998	-0.50574034	0.056912247	-0.044795595	0.2339101	-0.58395	0.3118446	-0.070674635	0.07211932	-0.16968024	0.15903616	-0.18282837	0.06847456	-0.06800698	0.15281366	-0.105894394	0.04788793	-0.0513616	0.04603608	-0.15828146	0.11385666	-0.049408484
0.062577516	-0.062585115	0.21035437	-0.21233846	0.21623246	-0.06072402	0.06273983	-0.1856158	0.22272551	-0.3769698	0.032295458	-0.029504482	0.19357444	-0.50574034	0.9999996	-0.04459484	0.034505345	-0.15388104	0.26650125	-0.67322266	0.055877373	-0.056546833	0.11911777	-0.10848137	0.12514473	-0.053002737	0.05237776	-0.112835616	0.07626565	-0.035728917	0.040778328	-0.03633204	0.1283887	-0.08495826	0.036633093
-0.0390533	0.0341544	-0.07767142	0.05773777	-0.040542237	0.04207239	-0.03868991	0.055938154	-0.051478125	0.043226518	-0.32683644	0.24580106	-0.08288467	0.056912247	-0.04459484	0.9999995	-0.6725777	0.07999293	-0.07393889	0.06034322	-0.5125	0.32067558	-0.09615836	0.042789254	-0.05054588	0.1673333	-0.17118144	0.09896807	-0.046934023	0.018525422	-0.10562936	0.08621316	-0.12398096	0.05126013	-0.01907941
0.030355725	-0.02663641	0.058379013	-0.044165034	0.031053903	-0.033769153	0.030671138	-0.0438553	0.039873715	-0.033346627	0.27058566	-0.38668978	0.06748273	-0.044795595	0.034505345	-0.6725777	0.9999997	-0.0722408	0.057853527	-0.04670903	0.28270686	-0.5178591	0.07565587	-0.03279407	0.03825889	-0.12871628	0.13074426	-0.07713662	0.035662718	-0.013943865	0.07498509	-0.06415123	0.089287125	-0.039049495	0.014315844
-0.06254103	0.0628071	-0.19731234	0.15433797	-0.120088354	0.06318436	-0.066189826	0.2005389	-0.17835256	0.13392441	-0.053959094	0.050980393	-0.65478045	0.2339101	-0.15388104	0.07999293	-0.0722408	0.9999997	-0.37443405	0.19190645	-0.09328297	0.09902469	-0.48227826	0.13500267	-0.14682063	0.09460122	-0.09721939	0.24947436	-0.117928095	0.044906635	-0.06585125	0.060050715	-0.1905032	0.12568675	-0.045737382
0.07206751	-0.07320221	0.22058852	-0.2177592	0.1653401	-0.07302178	0.0736287	-0.21652758	0.21347107	-0.20011961	0.049843412	-0.04648514	0.2797616	-0.58395	0.26650125	-0.07393889	0.057853527	-0.37443405	0.9999997	-0.39609587	0.089496195	-0.09437543	0.21088912	-0.30797774	0.23273076	-0.09116256	0.08896843	-0.2146392	0.15173724	-0.066035844	0.06455162	-0.058780007	0.18921876	-0.17196293	0.06554587
-0.086692885	0.08357293	-0.3094837	0.2260582	-0.24930194	0.076967224	-0.08053656	0.20782676	-0.24853107	0.25344992	-0.04409036	0.039873175	-0.25202715	0.3118446	-0.67322266	0.06034322	-0.04670903	0.19190645	-0.39609587	0.9999995	-0.07788858	0.076652646	-0.16592112	0.15483175	-0.2009087	0.072061956	-0.07210357	0.1499726	-0.108744055	0.05259137	-0.057882767	0.051075708	-0.18942162	0.11730163	-0.054971892
0.03958539	-0.03639836	0.09450984	-0.074472584	0.050774027	-0.039989416	0.037555594	-0.067711	0.06250172	-0.054445513	0.18516439	-0.18593933	0.09579226	-0.070674635	0.055877373	-0.5125	0.28270686	-0.09328297	0.089496195	-0.07788858	0.9999997	-0.6056002	0.12163876	-0.05525221	0.06431843	-0.41092604	0.25364608	-0.14122933	0.06317865	-0.024611363	0.14163676	-0.13036512	0.15891425	-0.070399344	0.025131684
-0.043365736	0.03883107	-0.09755216	0.07281081	-0.051140685	0.044569843	-0.041823413	0.069540784	-0.064455666	0.054489322	-0.2669012	0.21221563	-0.10397133	0.07211932	-0.056546833	0.32067558	-0.5178591	0.09902469	-0.09437543	0.076652646	-0.6056002	0.99999976	-0.13512553	0.056407392	-0.066570394	0.24214947	-0.30923593	0.1397828	-0.063918784	0.024540225	-0.15769479	0.12969245	-0.16782638	0.06905292	-0.025279872
0.054271072	-0.054157328	0.16227414	-0.14054991	0.09895872	-0.053911723	0.05406368	-0.14947645	0.12915304	-0.11112966	0.059176885	-0.0556247	0.2535192	-0.16968024	0.11911777	-0.09615836	0.07565587	-0.48227826	0.21088912	-0.16592112	0.12163876	-0.13512553	0.9999996	-0.14875343	0.1472839	-0.15673295	0.15698262	-0.682832	0.17117527	-0.054418318	0.0923954	-0.08935035	0.23724745	-0.19088736	0.054178357
-0.035284154	0.035104595	-0.10984211	0.09855746	-0.07431195	0.03418858	-0.03452964	0.092931904	-0.09226163	0.08401109	-0.028201455	0.02601184	-0.12892875	0.15903616	-0.10848137	0.042789254	-0.03279407	0.13500267	-0.30797774	0.15483175	-0.05525221	0.056407392	-0.14875343	0.9999996	-0.8197074	0.05854335	-0.05965172	0.15203962	-0.33503032	0.1021693	-0.04262086	0.038909372	-0.1323755	0.24339105	-0.10464675
0.041460272	-0.04142459	0.12722771	-0.12039689	0.08755061	-0.040384598	0.040461976	-0.108225316	0.1055344	-0.10013166	0.03302235	-0.030570533	0.13857839	-0.18282837	0.12514473	-0.05054588	0.03825889	-0.14682063	0.23273076	-0.2009087	0.06431843	-0.066570394	0.1472839	-0.8197074	0.99999964	-0.06817064	0.0675825	-0.16895199	0.24226399	-0.14378552	0.04892671	-0.044841137	0.14873177	-0.30544767	0.1227034
-0.031496167	0.029633956	-0.08630816	0.066565305	-0.046927646	0.030539338	-0.029774105	0.063390434	-0.059136223	0.050278656	-0.094718724	0.08416255	-0.09996704	0.06847456	-0.053002737	0.1673333	-0.12871628	0.09460122	-0.09116256	0.072061956	-0.41092604	0.24214947	-0.15673295	0.05854335	-0.06817064	0.99999976	-0.76875085	0.18093815	-0.073577456	0.025305727	-0.26762527	0.21422616	-0.17633943	0.076060005	-0.026007505
0.03064516	-0.028979348	0.08375495	-0.06630066	0.046232548	-0.029890068	0.029073842	-0.06267323	0.057979535	-0.049850293	0.09063277	-0.084654436	0.09710135	-0.06800698	0.05237776	-0.17118144	0.13074426	-0.09721939	0.08896843	-0.07210357	0.25364608	-0.30923593	0.15698262	-0.05965172	0.0675825	-0.76875085	0.9999997	-0.2511101	0.07814234	-0.025693975	0.23577596	-0.3165407	0.16760555	-0.08222192	0.026184576
-0.05364552	0.05243848	-0.1664303	0.12999032	-0.09511659	0.05116186	-0.05193886	0.13439201	-0.12505934	0.10310501	-0.062068984	0.056829393	-0.2510498	0.15281366	-0.112835616	0.09896807	-0.07713662	0.24947436	-0.2146392	0.1499726	-0.14122933	0.1397828	-0.682832	0.15203962	-0.16895199	0.18093815	-0.2511101	0.9999998	-0.26942012	0.06032477	-0.12112821	0.1140004	-0.3796598	0.2114208	-0.0618796
0.031116296	-0.030630851	0.096271254	-0.08180682	0.05926343	-0.029657999	0.029849004	-0.07714314	0.073674805	-0.06553685	0.029910836	-0.02753586	0.11471519	-0.105894394	0.07626565	-0.046934023	0.035662718	-0.117928095	0.15173724	-0.108744055	0.06317865	-0.063918784	0.17117527	-0.33503032	0.24226399	-0.073577456	0.07814234	-0.26942012	0.9999997	-0.11093921	0.051815238	-0.048464812	0.16515121	-0.8369837	0.10633963
-0.014192056	0.013952271	-0.044223923	0.03817126	-0.027526896	0.013364638	-0.0134321265	0.0341128	-0.033240005	0.03029932	-0.012104671	0.011106017	-0.04646218	0.04788793	-0.035728917	0.018525422	-0.013943865	0.044906635	-0.066035844	0.05259137	-0.024611363	0.024540225	-0.054418318	0.1021693	-0.14378552	0.025305727	-0.025693975	0.06032477	-0.11093921	0.99999934	-0.019450795	0.017569073	-0.063265376	0.12175657	-0.97040474
0.023913553	-0.022789545	0.06742854	-0.055507407	0.037017517	-0.022773178	0.022163216	-0.04826705	0.044685055	-0.03988637	0.05570676	-0.052730434	0.06731248	-0.0513616	0.040778328	-0.10562936	0.07498509	-0.06585125	0.06455162	-0.057882767	0.14163676	-0.15769479	0.0923954	-0.04262086	0.04892671	-0.26762527	0.23577596	-0.12112821	0.051815238	-0.019450795	0.99999917	-0.89432	0.16089718	-0.05897253	0.0197309
-0.021049287	0.020054616	-0.05977298	0.048554394	-0.03276899	0.020020027	-0.019560661	0.043013245	-0.03992195	0.035264753	-0.04821993	0.044458743	-0.06192846	0.04603608	-0.03633204	0.08621316	-0.06415123	0.060050715	-0.058780007	0.051075708	-0.13036512	0.12969245	-0.08935035	0.038909372	-0.044841137	0.21422616	-0.3165407	0.1140004	-0.048464812	0.017569073	-0.89432	0.9999993	-0.17702647	0.053813353	-0.017891122
0.07074795	-0.068886146	0.21386334	-0.187938	0.11904075	-0.065063044	0.06400673	-0.15034854	0.13814826	-0.12921323	0.07528164	-0.07024832	0.18776545	-0.15828146	0.1283887	-0.12398096	0.089287125	-0.1905032	0.18921876	-0.18942162	0.15891425	-0.16782638	0.23724745	-0.1323755	0.14873177	-0.17633943	0.16760555	-0.3796598	0.16515121	-0.063265376	0.16089718	-0.17702647	0.9999992	-0.21223244	0.063434295
-0.03546049	0.034696616	-0.111351736	0.09045717	-0.06668078	0.033341475	-0.033725787	0.086066656	-0.08325556	0.072650954	-0.033238202	0.030390156	-0.13191742	0.11385666	-0.08495826	0.05126013	-0.039049495	0.12568675	-0.17196293	0.11730163	-0.070399344	0.06905292	-0.19088736	0.24339105	-0.30544767	0.076060005	-0.08222192	0.2114208	-0.8369837	0.12175657	-0.05897253	0.053813353	-0.21223244	0.9999993	-0.14147814
0.014510658	-0.014300068	0.04493448	-0.03968265	0.02827448	-0.013721862	0.013755221	-0.03497832	0.033943184	-0.03127792	0.01240705	-0.011409588	0.04675357	-0.049408484	0.036633093	-0.01907941	0.014315844	-0.045737382	0.06554587	-0.054971892	0.025131684	-0.025279872	0.054178357	-0.10464675	0.1227034	-0.026007505	0.026184576	-0.0618796	0.10633963	-0.97040474	0.0197309	-0.017891122	0.063434295	-0.14147814	0.9999993
