1.0000001	-0.28208545	0.12717323	-0.11709165	0.09810826	-0.8623068	0.20580313	-0.1314014	0.09797855	-0.07753896	0.2361789	-0.18191452	0.12200013	-0.09532173	0.1055607	-0.15797658	0.120082915	-0.11063796	0.11966655	-0.07362543	0.084925115	-0.08539752	0.074658796	-0.06889607	0.065421775	-0.044440996	0.07074006	-0.062496606	0.06315252	-0.07251658	0.050163973	-0.07345291	0.057802293	-0.053187918	0.053028174
-0.28208545	1.0000002	-0.39039227	0.23122083	-0.16942652	0.2030322	-0.7441737	0.24361931	-0.19993222	0.12802021	-0.21557008	0.18984647	-0.14791171	0.11265578	-0.13635813	0.1391952	-0.13248883	0.11782798	-0.13512933	0.08130028	-0.08541882	0.08440761	-0.07984014	0.07246163	-0.07255781	0.044169262	-0.07216371	0.06366232	-0.0660669	0.074582316	-0.050906513	0.0721728	-0.059379116	0.0541214	-0.05535277
0.12717323	-0.39039227	1.0000005	-0.76256794	0.18618691	-0.11718201	0.24436265	-0.33934703	0.25339755	-0.16142938	0.14107914	-0.12822546	0.12342765	-0.10624679	0.13233446	-0.117542565	0.09973668	-0.09919233	0.11781273	-0.07662439	0.07166892	-0.070934474	0.07012283	-0.06473133	0.067050785	-0.03797157	0.06219583	-0.057097696	0.059535198	-0.06881809	0.043686237	-0.063660465	0.053137008	-0.04910272	0.05038582
-0.11709165	0.23122083	-0.76256794	1.0000004	-0.26029783	0.101298615	-0.23828669	0.2769743	-0.4133791	0.1947249	-0.14160194	0.12255564	-0.12744696	0.1113568	-0.14919499	0.11174415	-0.0985666	0.09831464	-0.12064753	0.07834309	-0.07032724	0.069098905	-0.07030015	0.0645115	-0.068910636	0.037115734	-0.06123529	0.05624604	-0.05928054	0.06798519	-0.042976998	0.061972298	-0.05255639	0.04835066	-0.050165124
0.09810826	-0.16942652	0.18618691	-0.26029783	1.0000005	-0.09200727	0.16199513	-0.3370396	0.28673947	-0.7558136	0.14691529	-0.13798985	0.16297807	-0.19029689	0.23727539	-0.149884	0.120269194	-0.13263626	0.15803286	-0.12562595	0.09175441	-0.091780625	0.095712796	-0.091353185	0.1006332	-0.04943166	0.08216636	-0.07945924	0.083240755	-0.1012373	0.056640893	-0.08614026	0.073236205	-0.06933541	0.07129947
-0.8623068	0.2030322	-0.11718201	0.101298615	-0.09200727	1.0000005	-0.22387335	0.118484825	-0.09179059	0.0713513	-0.3405283	0.17386258	-0.117681734	0.087996475	-0.09870377	0.13878535	-0.11542065	0.10194397	-0.11141656	0.06648965	-0.077662505	0.07710985	-0.06820751	0.06226354	-0.05946186	0.040072367	-0.064157605	0.05588264	-0.056872383	0.06448666	-0.045612093	0.0652777	-0.051891122	0.047382843	-0.047576483
0.20580313	-0.7441737	0.24436265	-0.23828669	0.16199513	-0.22387335	1.0000006	-0.37704027	0.20286863	-0.13359843	0.21244437	-0.26861298	0.15813865	-0.12237128	0.13969342	-0.15701966	0.14643767	-0.13156183	0.14114386	-0.086666405	0.09236244	-0.09346186	0.08517907	-0.07801749	0.07646309	-0.047820926	0.07778319	-0.06873765	0.07055678	-0.08039918	0.054577008	-0.07877119	0.06369425	-0.05835397	0.059080232
-0.1314014	0.24361931	-0.33934703	0.2769743	-0.3370396	0.118484825	-0.37704027	1.0000006	-0.66795385	0.25656122	-0.17209361	0.15704837	-0.18145943	0.1468034	-0.19513154	0.13656217	-0.12452094	0.12566829	-0.15080325	0.09801897	-0.0861765	0.085077465	-0.08715513	0.0799313	-0.085809566	0.045264747	-0.075026125	0.068984345	-0.072758675	0.08347141	-0.052360576	0.075744376	-0.064309135	0.059184194	-0.06145158
0.09797855	-0.19993222	0.25339755	-0.4133791	0.28673947	-0.09179059	0.20286863	-0.66795385	1.0000005	-0.44450378	0.12926738	-0.12110387	0.13625014	-0.1364517	0.17368402	-0.11458617	0.09796048	-0.10310577	0.12219887	-0.08700186	0.07071191	-0.07035778	0.07212171	-0.0673474	0.073065	-0.037541334	0.06216201	-0.058313712	0.061225995	-0.07197385	0.04318634	-0.06386727	0.054062802	-0.050343093	0.0519972
-0.07753896	0.12802021	-0.16142938	0.1947249	-0.7558136	0.0713513	-0.13359843	0.25656122	-0.44450378	1.0000006	-0.117915176	0.110099174	-0.14400394	0.16894446	-0.3140735	0.113802195	-0.095958285	0.10663341	-0.13061523	0.105281316	-0.07115781	0.07105502	-0.076438434	0.07237582	-0.08564402	0.038004685	-0.06371195	0.06153899	-0.065346636	0.07841145	-0.043719634	0.06592311	-0.056913577	0.053511813	-0.055900943
0.2361789	-0.21557008	0.14107914	-0.14160194	0.14691529	-0.3405283	0.21244437	-0.17209361	0.12926738	-0.117915176	1.0000001	-0.6015065	0.25020874	-0.19286726	0.19238055	-0.37668404	0.2734971	-0.24298671	0.23473883	-0.14358288	0.18147029	-0.1867435	0.15040009	-0.1392948	0.12663278	-0.09301176	0.14603058	-0.12627336	0.1254457	-0.14394191	0.10357336	-0.15207219	0.11596302	-0.10651445	0.104680754
-0.18191452	0.18984647	-0.12822546	0.12255564	-0.13798985	0.17386258	-0.26861298	0.15704837	-0.12110387	0.110099174	-0.6015065	1.0000001	-0.3890576	0.20083639	-0.20073251	0.27236605	-0.47696218	0.26052353	-0.24611358	0.13165782	-0.17103778	0.175484	-0.14629917	0.12911785	-0.11759641	0.08232804	-0.13750301	0.11113979	-0.11281059	0.12419711	-0.0941408	0.13037635	-0.10278836	0.09211346	-0.09234539
0.12200013	-0.14791171	0.12342765	-0.12744696	0.16297807	-0.117681734	0.15813865	-0.18145943	0.13625014	-0.14400394	0.25020874	-0.3890576	0.99999994	-0.5725385	0.2878961	-0.26747453	0.2604918	-0.42890367	0.28971398	-0.17934762	0.15706226	-0.16554622	0.16879123	-0.15873279	0.14678907	-0.08158794	0.13572156	-0.12785111	0.13042063	-0.1521421	0.09211644	-0.13993937	0.11461477	-0.107194476	0.107571766
-0.09532173	0.11265578	-0.10624679	0.1113568	-0.19029689	0.087996475	-0.12237128	0.1468034	-0.1364517	0.16894446	-0.19286726	0.20083639	-0.5725385	0.99999976	-0.63849854	0.18745624	-0.18171415	0.2304099	-0.31156957	0.17983589	-0.119030416	0.121036656	-0.13834213	0.12972546	-0.15022404	0.06216482	-0.105943814	0.10253774	-0.10956576	0.12779205	-0.07131898	0.107760735	-0.093637355	0.08739947	-0.09170338
0.1055607	-0.13635813	0.13233446	-0.14919499	0.23727539	-0.09870377	0.13969342	-0.19513154	0.17368402	-0.3140735	0.19238055	-0.20073251	0.2878961	-0.63849854	0.9999998	-0.21938549	0.17920618	-0.22255199	0.25524953	-0.3013984	0.13477062	-0.13769925	0.1530923	-0.15169762	0.19348508	-0.07251115	0.123154156	-0.12440785	0.13234764	-0.16807036	0.082658544	-0.13015927	0.113404736	-0.10911556	0.11414667
-0.15797658	0.1391952	-0.117542565	0.11174415	-0.149884	0.13878535	-0.15701966	0.13656217	-0.11458617	0.113802195	-0.37668404	0.27236605	-0.26747453	0.18745624	-0.21938549	0.9999997	-0.46930343	0.27199587	-0.33357018	0.16452341	-0.4814963	0.28347012	-0.20719677	0.17397009	-0.15714249	0.17195855	-0.23097019	0.16085152	-0.16438977	0.16870627	-0.20802598	0.2008133	-0.1567946	0.13235855	-0.1345582
0.120082915	-0.13248883	0.09973668	-0.0985666	0.120269194	-0.11542065	0.14643767	-0.12452094	0.09796048	-0.095958285	0.2734971	-0.47696218	0.2604918	-0.18171415	0.17920618	-0.46930343	0.99999964	-0.52197343	0.27639055	-0.14471486	0.23794316	-0.3287741	0.18249656	-0.16164345	0.12907569	-0.109839454	0.18322787	-0.13820712	0.13390967	-0.14526643	0.120897025	-0.17362297	0.12533978	-0.11106114	0.1076357
-0.11063796	0.11782798	-0.09919233	0.09831464	-0.13263626	0.10194397	-0.13156183	0.12566829	-0.10310577	0.10663341	-0.24298671	0.26052353	-0.42890367	0.2304099	-0.22255199	0.27199587	-0.52197343	0.9999996	-0.54709566	0.17478162	-0.18729328	0.19693537	-0.275186	0.20323138	-0.15685266	0.090573795	-0.15919054	0.14413637	-0.14940192	0.15546797	-0.103953056	0.15011564	-0.12683271	0.113840856	-0.11473719
0.11966655	-0.13512933	0.11781273	-0.12064753	0.15803286	-0.11141656	0.14114386	-0.15080325	0.12219887	-0.13061523	0.23473883	-0.24611358	0.28971398	-0.31156957	0.25524953	-0.33357018	0.27639055	-0.54709566	0.9999995	-0.29620174	0.19428052	-0.2084036	0.24387066	-0.27968577	0.21550928	-0.10326172	0.17490529	-0.1817064	0.187003	-0.22081472	0.11580309	-0.18715161	0.15689176	-0.15110606	0.14981268
-0.07362543	0.08130028	-0.07662439	0.07834309	-0.12562595	0.06648965	-0.086666405	0.09801897	-0.08700186	0.105281316	-0.14358288	0.13165782	-0.17934762	0.17983589	-0.3013984	0.16452341	-0.14471486	0.17478162	-0.29620174	0.99999917	-0.12559795	0.1256119	-0.21381842	0.20968165	-0.78271264	0.06744113	-0.12973373	0.14930978	-0.1901192	0.23722889	-0.079500854	0.1300385	-0.14399216	0.13598783	-0.17591073
0.084925115	-0.08541882	0.07166892	-0.07032724	0.09175441	-0.077662505	0.09236244	-0.0861765	0.07071191	-0.07115781	0.18147029	-0.17103778	0.15706226	-0.119030416	0.13477062	-0.4814963	0.23794316	-0.18729328	0.19428052	-0.12559795	0.99999905	-0.62759066	0.1685549	-0.15185696	0.1164725	-0.33258224	0.25948316	-0.16246659	0.14251769	-0.1538511	0.23878406	-0.2627252	0.15137294	-0.12956902	0.116519734
-0.08539752	0.08440761	-0.070934474	0.069098905	-0.091780625	0.07710985	-0.09346186	0.085077465	-0.07035778	0.07105502	-0.1867435	0.175484	-0.16554622	0.121036656	-0.13769925	0.28347012	-0.3287741	0.19693537	-0.2084036	0.1256119	-0.62759066	0.9999988	-0.21970387	0.16458136	-0.12059717	0.18348435	-0.4895932	0.16903119	-0.15380724	0.14993538	-0.20348947	0.25793782	-0.16440712	0.12854403	-0.12049901
0.074658796	-0.07984014	0.07012283	-0.07030015	0.095712796	-0.06820751	0.08517907	-0.08715513	0.07212171	-0.076438434	0.15040009	-0.14629917	0.16879123	-0.13834213	0.1530923	-0.20719677	0.18249656	-0.275186	0.24387066	-0.21381842	0.1685549	-0.21970387	0.999999	-0.76829636	0.20529424	-0.0877689	0.17249678	-0.2916379	0.2556805	-0.22281119	0.09849583	-0.17797914	0.17789257	-0.1659007	0.15341337
-0.06889607	0.07246163	-0.06473133	0.0645115	-0.091353185	0.06226354	-0.07801749	0.0799313	-0.0673474	0.07237582	-0.1392948	0.12911785	-0.15873279	0.12972546	-0.15169762	0.17397009	-0.16164345	0.20323138	-0.27968577	0.20968165	-0.15185696	0.16458136	-0.76829636	0.9999988	-0.28057972	0.07776749	-0.15745719	0.23254943	-0.3581865	0.21530087	-0.0903558	0.15377447	-0.17131802	0.1567012	-0.15712242
0.065421775	-0.07255781	0.067050785	-0.068910636	0.1006332	-0.05946186	0.07646309	-0.085809566	0.073065	-0.08564402	0.12663278	-0.11759641	0.14678907	-0.15022404	0.19348508	-0.15714249	0.12907569	-0.15685266	0.21550928	-0.78271264	0.1164725	-0.12059717	0.20529424	-0.28057972	0.999999	-0.06365191	0.12323047	-0.1574256	0.19381817	-0.36773807	0.073887326	-0.1305814	0.14102776	-0.1471746	0.17787941
-0.044440996	0.044169262	-0.03797157	0.037115734	-0.04943166	0.040072367	-0.047820926	0.045264747	-0.037541334	0.038004685	-0.09301176	0.08232804	-0.08158794	0.06216482	-0.07251115	0.17195855	-0.109839454	0.090573795	-0.10326172	0.06744113	-0.33258224	0.18348435	-0.0877689	0.07776749	-0.06365191	0.9999991	-0.17392282	0.09169289	-0.0818501	0.08558839	-0.88879275	0.16111095	-0.0936922	0.07464371	-0.068188295
0.07074006	-0.07216371	0.06219583	-0.06123529	0.08216636	-0.064157605	0.07778319	-0.075026125	0.06216201	-0.06371195	0.14603058	-0.13750301	0.13572156	-0.105943814	0.123154156	-0.23097019	0.18322787	-0.15919054	0.17490529	-0.12973373	0.25948316	-0.4895932	0.17249678	-0.15745719	0.12323047	-0.17392282	0.99999905	-0.2741479	0.18979159	-0.19171299	0.17082964	-0.6665087	0.24586827	-0.18701147	0.15313464
-0.062496606	0.06366232	-0.057097696	0.05624604	-0.07945924	0.05588264	-0.06873765	0.068984345	-0.058313712	0.06153899	-0.12627336	0.11113979	-0.12785111	0.10253774	-0.12440785	0.16085152	-0.13820712	0.14413637	-0.1817064	0.14930978	-0.16246659	0.16903119	-0.2916379	0.23254943	-0.1574256	0.09169289	-0.2741479	0.99999887	-0.62214136	0.257301	-0.1090882	0.24822858	-0.52385944	0.2617816	-0.24283184
0.06315252	-0.0660669	0.059535198	-0.05928054	0.083240755	-0.056872383	0.07055678	-0.072758675	0.061225995	-0.065346636	0.1254457	-0.11281059	0.13042063	-0.10956576	0.13234764	-0.16438977	0.13390967	-0.14940192	0.187003	-0.1901192	0.14251769	-0.15380724	0.2556805	-0.3581865	0.19381817	-0.0818501	0.18979159	-0.62214136	0.99999887	-0.44800106	0.09452311	-0.214775	0.28057414	-0.33723703	0.25487
-0.07251658	0.074582316	-0.06881809	0.06798519	-0.1012373	0.06448666	-0.08039918	0.08347141	-0.07197385	0.07841145	-0.14394191	0.12419711	-0.1521421	0.12779205	-0.16807036	0.16870627	-0.14526643	0.15546797	-0.22081472	0.23722889	-0.1538511	0.14993538	-0.22281119	0.21530087	-0.36773807	0.08558839	-0.19171299	0.257301	-0.44800106	0.9999986	-0.10346548	0.19236247	-0.2806012	0.28934413	-0.5798564
0.050163973	-0.050906513	0.043686237	-0.042976998	0.056640893	-0.045612093	0.054577008	-0.052360576	0.04318634	-0.043719634	0.10357336	-0.0941408	0.09211644	-0.07131898	0.082658544	-0.20802598	0.120897025	-0.103953056	0.11580309	-0.079500854	0.23878406	-0.20348947	0.09849583	-0.0903558	0.073887326	-0.88879275	0.17082964	-0.1090882	0.09452311	-0.10346548	0.9999984	-0.21014981	0.10896918	-0.090254314	0.07971651
-0.07345291	0.0721728	-0.063660465	0.061972298	-0.08614026	0.0652777	-0.07877119	0.075744376	-0.06386727	0.06592311	-0.15207219	0.13037635	-0.13993937	0.107760735	-0.13015927	0.2008133	-0.17362297	0.15011564	-0.18715161	0.1300385	-0.2627252	0.25793782	-0.17797914	0.15377447	-0.1305814	0.16111095	-0.6665087	0.24822858	-0.214775	0.19236247	-0.21014981	0.9999982	-0.4614131	0.21196541	-0.19343016
0.057802293	-0.059379116	0.053137008	-0.05255639	0.073236205	-0.051891122	0.06369425	-0.064309135	0.054062802	-0.056913577	0.11596302	-0.10278836	0.11461477	-0.093637355	0.113404736	-0.1567946	0.12533978	-0.12683271	0.15689176	-0.14399216	0.15137294	-0.16440712	0.17789257	-0.17131802	0.14102776	-0.0936922	0.24586827	-0.52385944	0.28057414	-0.2806012	0.10896918	-0.4614131	0.99999803	-0.51759714	0.25985122
-0.053187918	0.0541214	-0.04910272	0.04835066	-0.06933541	0.047382843	-0.05835397	0.059184194	-0.050343093	0.053511813	-0.10651445	0.09211346	-0.107194476	0.08739947	-0.10911556	0.13235855	-0.11106114	0.113840856	-0.15110606	0.13598783	-0.12956902	0.12854403	-0.1659007	0.1567012	-0.1471746	0.07464371	-0.18701147	0.2617816	-0.33723703	0.28934413	-0.090254314	0.21196541	-0.51759714	0.999998	-0.6563576
0.053028174	-0.05535277	0.05038582	-0.050165124	0.07129947	-0.047576483	0.059080232	-0.06145158	0.0519972	-0.055900943	0.104680754	-0.09234539	0.107571766	-0.09170338	0.11414667	-0.1345582	0.1076357	-0.11473719	0.14981268	-0.17591073	0.116519734	-0.12049901	0.15341337	-0.15712242	0.17787941	-0.068188295	0.15313464	-0.24283184	0.25487	-0.5798564	0.07971651	-0.19343016	0.25985122	-0.6563576	0.999998
