1.0	-0.58396995	0.18068823	-0.10690361	0.11367967	-0.7041472	0.29299167	-0.19630067	0.10600108	-0.08853461	0.16765419	-0.18382545	0.14664255	-0.09043965	0.10507419	-0.14286289	0.12732689	-0.12234831	0.08970239	-0.07714279	0.09177462	-0.09781189	0.07300025	-0.08899513	0.06085203	-0.07296794	0.07157492	-0.061319456	0.06574952	-0.06079378	0.045559425	-0.0421665	0.090450935	-0.047265235	0.042428896
-0.58396995	1.0000001	-0.28917107	0.1387616	-0.14721853	0.32151574	-0.60869896	0.24783686	-0.1444408	0.10979323	-0.18650487	0.20690331	-0.17942753	0.10551101	-0.1248175	0.14425395	-0.14957817	0.1338327	-0.10252499	0.08615392	-0.100570016	0.10392467	-0.08118133	0.098411694	-0.068580866	0.07720788	-0.07845293	0.06756201	-0.07347705	0.06729004	-0.049787927	0.045473173	-0.10000736	0.05213909	-0.04724022
0.18068823	-0.28917107	1.0000001	-0.47978258	0.20856652	-0.24143913	0.2490857	-0.67289066	0.2738121	-0.19114667	0.13649753	-0.16847259	0.18572226	-0.12628712	0.14146309	-0.13381281	0.12630735	-0.14544775	0.11078789	-0.10209765	0.09375538	-0.10606561	0.08563145	-0.11362434	0.07731894	-0.07758106	0.07707031	-0.07266503	0.080948085	-0.07751234	0.049297396	-0.0461467	0.10650101	-0.05964005	0.052918952
-0.10690361	0.1387616	-0.47978258	0.9999999	-0.35464612	0.13142747	-0.14044927	0.2698421	-0.7106761	0.2638142	-0.0900863	0.106391914	-0.14576903	0.11348521	-0.14065373	0.09049734	-0.08801293	0.10677326	-0.09118588	0.085724734	-0.068188876	0.07677333	-0.0675872	0.0913469	-0.064709626	0.05629777	-0.05700848	0.0570085	-0.065511875	0.06288205	-0.036737733	0.034256466	-0.08443294	0.04795873	-0.04298068
0.11367967	-0.14721853	0.20856652	-0.35464612	0.9999998	-0.15666188	0.13919906	-0.24060705	0.28950956	-0.77186745	0.111988306	-0.13434994	0.17591685	-0.16200262	0.20295157	-0.12471355	0.11691045	-0.15540522	0.13004845	-0.13953939	0.09457968	-0.11214998	0.099744946	-0.14320801	0.098980516	-0.0814907	0.08165448	-0.0858253	0.09922891	-0.09977162	0.052685514	-0.049899355	0.12532887	-0.07565403	0.066172205
-0.7041472	0.32151574	-0.24143913	0.13142747	-0.15666188	0.9999997	-0.44091663	0.22158113	-0.14019845	0.11407373	-0.26149482	0.22164226	-0.19799067	0.11658097	-0.13998646	0.17605251	-0.16736154	0.14977057	-0.115387075	0.09683005	-0.12088725	0.12058493	-0.09420291	0.110979855	-0.07778873	0.09131852	-0.091877624	0.07818049	-0.08402737	0.07638752	-0.05877352	0.05347175	-0.11758284	0.05942287	-0.054000337
0.29299167	-0.60869896	0.2490857	-0.14044927	0.13919906	-0.44091663	0.9999995	-0.41553915	0.14442256	-0.110986374	0.20805506	-0.35084566	0.187758	-0.11196778	0.12625931	-0.16883317	0.17024095	-0.1519737	0.108607106	-0.09057559	0.10535648	-0.11354754	0.083730124	-0.10472596	0.07126833	-0.08253684	0.08275413	-0.070189305	0.076320246	-0.070436105	0.051701277	-0.047658365	0.10090201	-0.054397937	0.048959143
-0.19630067	0.24783686	-0.67289066	0.2698421	-0.24060705	0.22158113	-0.41553915	0.9999996	-0.34103724	0.18705656	-0.1545805	0.18458703	-0.24929816	0.13943587	-0.15901117	0.13828209	-0.14028794	0.15171328	-0.1199229	0.10539725	-0.099495925	0.108352326	-0.089849494	0.11712029	-0.08135672	0.079652034	-0.08068301	0.07539106	-0.084687866	0.07964719	-0.05150767	0.04763448	-0.11100086	0.061144847	-0.054971185
0.10600108	-0.1444408	0.2738121	-0.7106761	0.28950956	-0.14019845	0.14442256	-0.34103724	0.9999991	-0.4576447	0.09252545	-0.11205347	0.1474037	-0.1319922	0.14917369	-0.09498602	0.09134065	-0.11375153	0.09655575	-0.0924293	0.069889225	-0.08006455	0.06960366	-0.097745255	0.06804936	-0.058385607	0.058793493	-0.059123654	0.06840557	-0.06652036	0.037687346	-0.035330847	0.08569245	-0.050435442	0.044890724
-0.08853461	0.10979323	-0.19114667	0.2638142	-0.77186745	0.11407373	-0.110986374	0.18705656	-0.4576447	0.9999995	-0.08807935	0.10431482	-0.15836358	0.14926085	-0.24554558	0.09497463	-0.09240698	0.12201704	-0.1110509	0.114692785	-0.073463045	0.0850468	-0.078998946	0.11370889	-0.083054826	0.061943308	-0.06313586	0.067092136	-0.07984914	0.07876411	-0.04059983	0.038102645	-0.097139984	0.059042696	-0.05282478
0.16765419	-0.18650487	0.13649753	-0.0900863	0.111988306	-0.26149482	0.20805506	-0.1545805	0.09252545	-0.08807935	0.99999964	-0.59296346	0.21780571	-0.1321132	0.1442171	-0.61855805	0.29273343	-0.22480334	0.1427538	-0.11183067	0.18273424	-0.18303485	0.111074135	-0.13505499	0.088979	-0.14400126	0.12740502	-0.09409184	0.0978445	-0.0889729	0.076607384	-0.07180629	0.12598959	-0.068821825	0.061717417
-0.18382545	0.20690331	-0.16847259	0.106391914	-0.13434994	0.22164226	-0.35084566	0.18458703	-0.11205347	0.10431482	-0.59296346	0.9999999	-0.3288174	0.16275358	-0.17920135	0.30942944	-0.46964097	0.24780622	-0.17271797	0.12680131	-0.17597511	0.18114434	-0.1240628	0.1509321	-0.10253477	0.12932858	-0.13466156	0.102797456	-0.111113004	0.09944456	-0.08006327	0.07269535	-0.14039892	0.07655467	-0.06968669
0.14664255	-0.17942753	0.18572226	-0.14576903	0.17591685	-0.19799067	0.187758	-0.24929816	0.1474037	-0.15836358	0.21780571	-0.3288174	1.0	-0.51254654	0.29950297	-0.26021904	0.25544685	-0.44066682	0.28428274	-0.24264449	0.16947368	-0.20733458	0.1711757	-0.27941987	0.1734296	-0.14620766	0.14582127	-0.14781532	0.17597829	-0.17381541	0.09039986	-0.08596177	0.19304578	-0.1300018	0.11360323
-0.09043965	0.10551101	-0.12628712	0.11348521	-0.16200262	0.11658097	-0.11196778	0.13943587	-0.1319922	0.14926085	-0.1321132	0.16275358	-0.51254654	1.0000004	-0.6426347	0.14928608	-0.16338369	0.25331917	-0.4178763	0.22128004	-0.112189464	0.13272518	-0.13682471	0.24072069	-0.16718039	0.09436354	-0.09950223	0.11406905	-0.15380527	0.14313433	-0.061508097	0.05773086	-0.14319544	0.10353615	-0.09532902
0.10507419	-0.1248175	0.14146309	-0.14065373	0.20295157	-0.13998646	0.12625931	-0.15901117	0.14917369	-0.24554558	0.1442171	-0.17920135	0.29950297	-0.6426347	1.0000001	-0.1747772	0.17342693	-0.27514032	0.27747533	-0.38193777	0.13151522	-0.16184668	0.16093445	-0.29490525	0.21547225	-0.11475497	0.11869192	-0.14039935	0.1838541	-0.19608817	0.073988855	-0.07041481	0.17520759	-0.13720842	0.12152872
-0.14286289	0.14425395	-0.13381281	0.09049734	-0.12471355	0.17605251	-0.16883317	0.13828209	-0.09498602	0.09497463	-0.61855805	0.30942944	-0.26021904	0.14928608	-0.1747772	1.0	-0.5066739	0.24734202	-0.1751841	0.12652631	-0.3179176	0.21716203	-0.1374422	0.15269238	-0.1048189	0.18371154	-0.16864173	0.11415965	-0.11705369	0.102489136	-0.09971862	0.09020224	-0.15393774	0.07963879	-0.0727705
0.12732689	-0.14957817	0.12630735	-0.08801293	0.11691045	-0.16736154	0.17024095	-0.14028794	0.09134065	-0.09240698	0.29273343	-0.46964097	0.25544685	-0.16338369	0.17342693	-0.5066739	0.99999994	-0.5178812	0.20717327	-0.13912222	0.20094857	-0.29581013	0.1393868	-0.17951943	0.11132421	-0.15739249	0.16816536	-0.116855696	0.12254899	-0.109499656	0.09271804	-0.08581875	0.14702517	-0.08383366	0.0754926
-0.12234831	0.1338327	-0.14544775	0.10677326	-0.15540522	0.14977057	-0.1519737	0.15171328	-0.11375153	0.12201704	-0.22480334	0.24780622	-0.44066682	0.25331917	-0.27514032	0.24734202	-0.5178812	1.0000002	-0.49185416	0.19763851	-0.18157618	0.20053898	-0.17895816	0.2560164	-0.16672795	0.13829109	-0.15326689	0.14286713	-0.17695346	0.15045822	-0.091432914	0.08309969	-0.18755947	0.113479465	-0.10591233
0.08970239	-0.10252499	0.11078789	-0.09118588	0.13004845	-0.115387075	0.108607106	-0.1199229	0.09655575	-0.1110509	0.1427538	-0.17271797	0.28428274	-0.4178763	0.27747533	-0.1751841	0.20717327	-0.49185416	1.0	-0.30045277	0.12941764	-0.1582696	0.17778222	-0.5656105	0.2125966	-0.10915995	0.11841597	-0.15000848	0.21128999	-0.19166213	0.07120031	-0.06697389	0.16569285	-0.13619865	0.12165161
-0.07714279	0.08615392	-0.10209765	0.085724734	-0.13953939	0.09683005	-0.09057559	0.10539725	-0.0924293	0.114692785	-0.11183067	0.12680131	-0.24264449	0.22128004	-0.38193777	0.12652631	-0.13912222	0.19763851	-0.30045277	0.99999976	-0.11377275	0.13275872	-0.1812251	0.2692134	-0.70199466	0.09581045	-0.10824985	0.1504401	-0.26124504	0.26656795	-0.06650997	0.06191245	-0.18071295	0.16162449	-0.18065564
0.09177462	-0.100570016	0.09375538	-0.068188876	0.09457968	-0.12088725	0.10535648	-0.099495925	0.069889225	-0.073463045	0.18273424	-0.17597511	0.16947368	-0.112189464	0.13151522	-0.3179176	0.20094857	-0.18157618	0.12941764	-0.11377275	0.99999964	-0.42746758	0.15972088	-0.14030397	0.093458876	-0.7126384	0.29523253	-0.1466033	0.115794286	-0.101929404	0.17257401	-0.17576663	0.1700801	-0.08147199	0.07135699
-0.09781189	0.10392467	-0.10606561	0.07677333	-0.11214998	0.12058493	-0.11354754	0.108352326	-0.08006455	0.0850468	-0.18303485	0.18114434	-0.20733458	0.13272518	-0.16184668	0.21716203	-0.29581013	0.20053898	-0.1582696	0.13275872	-0.42746758	0.99999976	-0.26684082	0.16755219	-0.11449807	0.29948476	-0.6389625	0.2101891	-0.15175599	0.12396461	-0.23357955	0.19890718	-0.22643222	0.099342525	-0.08885529
0.07300025	-0.08118133	0.08563145	-0.0675872	0.099744946	-0.09420291	0.083730124	-0.089849494	0.06960366	-0.078998946	0.111074135	-0.1240628	0.1711757	-0.13682471	0.16093445	-0.1374422	0.1393868	-0.17895816	0.17778222	-0.1812251	0.15972088	-0.26684082	0.9999997	-0.3087756	0.15971391	-0.16365132	0.20842135	-0.74575806	0.25437805	-0.21279436	0.106652476	-0.10863972	0.27102646	-0.16783899	0.13518487
-0.08899513	0.098411694	-0.11362434	0.0913469	-0.14320801	0.110979855	-0.10472596	0.11712029	-0.097745255	0.11370889	-0.13505499	0.1509321	-0.27941987	0.24072069	-0.29490525	0.15269238	-0.17951943	0.2560164	-0.5656105	0.2692134	-0.14030397	0.16755219	-0.3087756	0.99999976	-0.33285803	0.11886798	-0.13915093	0.219754	-0.4272464	0.25512314	-0.08208946	0.07682182	-0.21985729	0.18334742	-0.17627257
0.06085203	-0.068580866	0.07731894	-0.064709626	0.098980516	-0.07778873	0.07126833	-0.08135672	0.06804936	-0.083054826	0.088979	-0.10253477	0.1734296	-0.16718039	0.21547225	-0.1048189	0.11132421	-0.16672795	0.2125966	-0.70199466	0.093458876	-0.11449807	0.15971391	-0.33285803	0.99999976	-0.081607446	0.092169955	-0.14395297	0.254194	-0.4846594	0.055561412	-0.05263238	0.14909163	-0.18307921	0.18341587
-0.07296794	0.07720788	-0.07758106	0.05629777	-0.0814907	0.09131852	-0.08253684	0.079652034	-0.058385607	0.061943308	-0.14400126	0.12932858	-0.14620766	0.09436354	-0.11475497	0.18371154	-0.15739249	0.13829109	-0.10915995	0.09581045	-0.7126384	0.29948476	-0.16365132	0.11886798	-0.081607446	0.99999976	-0.5084246	0.14832038	-0.107768156	0.08927242	-0.24543482	0.19728303	-0.16456509	0.071792565	-0.063791834
0.07157492	-0.07845293	0.07707031	-0.05700848	0.08165448	-0.091877624	0.08275413	-0.08068301	0.058793493	-0.06313586	0.12740502	-0.13466156	0.14582127	-0.09950223	0.11869192	-0.16864173	0.16816536	-0.15326689	0.11841597	-0.10824985	0.29523253	-0.6389625	0.20842135	-0.13915093	0.092169955	-0.5084246	0.99999994	-0.2550492	0.13074976	-0.107720226	0.23424985	-0.30941963	0.18004106	-0.08641856	0.07438162
-0.061319456	0.06756201	-0.07266503	0.0570085	-0.0858253	0.07818049	-0.070189305	0.07539106	-0.059123654	0.067092136	-0.09409184	0.102797456	-0.14781532	0.11406905	-0.14039935	0.11415965	-0.116855696	0.14286713	-0.15000848	0.1504401	-0.1466033	0.2101891	-0.74575806	0.219754	-0.14395297	0.14832038	-0.2550492	1.0	-0.35162473	0.19083111	-0.10177226	0.1013247	-0.37260523	0.15227847	-0.13037005
0.06574952	-0.07347705	0.080948085	-0.065511875	0.09922891	-0.08402737	0.076320246	-0.084687866	0.06840557	-0.07984914	0.0978445	-0.111113004	0.17597829	-0.15380527	0.1838541	-0.11705369	0.12254899	-0.17695346	0.21128999	-0.26124504	0.115794286	-0.15175599	0.25437805	-0.4272464	0.254194	-0.107768156	0.13074976	-0.35162473	1.0000001	-0.56745875	0.072830595	-0.070936084	0.20464109	-0.39598897	0.26851836
-0.06079378	0.06729004	-0.07751234	0.06288205	-0.09977162	0.07638752	-0.070436105	0.07964719	-0.06652036	0.07876411	-0.0889729	0.09944456	-0.17381541	0.14313433	-0.19608817	0.102489136	-0.109499656	0.15045822	-0.19166213	0.26656795	-0.101929404	0.12396461	-0.21279436	0.25512314	-0.4846594	0.08927242	-0.107720226	0.19083111	-0.56745875	1.0	-0.06289474	0.059292957	-0.18706582	0.2826341	-0.4349469
0.045559425	-0.049787927	0.049297396	-0.036737733	0.052685514	-0.05877352	0.051701277	-0.05150767	0.037687346	-0.04059983	0.076607384	-0.08006327	0.09039986	-0.061508097	0.073988855	-0.09971862	0.09271804	-0.091432914	0.07120031	-0.06650997	0.17257401	-0.23357955	0.106652476	-0.08208946	0.055561412	-0.24543482	0.23424985	-0.10177226	0.072830595	-0.06289474	0.9999996	-0.90008885	0.12191199	-0.05116705	0.04446157
-0.0421665	0.045473173	-0.0461467	0.034256466	-0.049899355	0.05347175	-0.047658365	0.04763448	-0.035330847	0.038102645	-0.07180629	0.07269535	-0.08596177	0.05773086	-0.07041481	0.09020224	-0.08581875	0.08309969	-0.06697389	0.06191245	-0.17576663	0.19890718	-0.10863972	0.07682182	-0.05263238	0.19728303	-0.30941963	0.1013247	-0.070936084	0.059292957	-0.90008885	0.9999992	-0.12495248	0.04832504	-0.042421047
0.090450935	-0.10000736	0.10650101	-0.08443294	0.12532887	-0.11758284	0.10090201	-0.11100086	0.08569245	-0.097139984	0.12598959	-0.14039892	0.19304578	-0.14319544	0.17520759	-0.15393774	0.14702517	-0.18755947	0.16569285	-0.18071295	0.1700801	-0.22643222	0.27102646	-0.21985729	0.14909163	-0.16456509	0.18004106	-0.37260523	0.20464109	-0.18706582	0.12191199	-0.12495248	0.99999917	-0.16943279	0.13507064
-0.047265235	0.05213909	-0.05964005	0.04795873	-0.07565403	0.05942287	-0.054397937	0.061144847	-0.050435442	0.059042696	-0.068821825	0.07655467	-0.1300018	0.10353615	-0.13720842	0.07963879	-0.08383366	0.113479465	-0.13619865	0.16162449	-0.08147199	0.099342525	-0.16783899	0.18334742	-0.18307921	0.071792565	-0.08641856	0.15227847	-0.39598897	0.2826341	-0.05116705	0.04832504	-0.16943279	0.9999992	-0.8166023
0.042428896	-0.04724022	0.052918952	-0.04298068	0.066172205	-0.054000337	0.048959143	-0.054971185	0.044890724	-0.05282478	0.061717417	-0.06968669	0.11360323	-0.09532902	0.12152872	-0.0727705	0.0754926	-0.10591233	0.12165161	-0.18065564	0.07135699	-0.08885529	0.13518487	-0.17627257	0.18341587	-0.063791834	0.07438162	-0.13037005	0.26851836	-0.4349469	0.04446157	-0.042421047	0.13507064	-0.8166023	0.9999992
