1.0	-0.8987792	0.20951441	-0.20120083	0.033324417	-0.24062933	0.17977008	-0.16659658	0.146113	-0.03270465	0.08073922	-0.0901157	0.12816332	-0.03515422	0.03974152	-0.05348647	0.068584114	-0.07252261	0.028283209	-0.030901857	0.03232661	-0.034937818	0.050679386	-0.030413477	0.032731112	-0.033402793	0.04329444	-0.041845914	0.013204382	-0.008325281	0.041261908	-0.018798023	0.019973358	-0.012479298	0.008655116
-0.8987792	1.0	-0.2781139	0.17593832	-0.03031298	0.18795367	-0.20225805	0.15791018	-0.14497173	0.029368008	-0.07908886	0.086521216	-0.12372533	0.03237874	-0.036520846	0.050686352	-0.06649938	0.065000586	-0.025860654	0.027957827	-0.02888755	0.031035211	-0.045749005	0.027211007	-0.029398484	0.02943448	-0.03857969	0.03707575	-0.011728326	0.00738965	-0.036418762	0.01664388	-0.017707307	0.011070891	-0.0076791006
0.20951441	-0.2781139	1.0000002	-0.6652338	0.06489429	-0.20666198	0.18132445	-0.5226437	0.3190185	-0.064043894	0.08584011	-0.09734285	0.22195451	-0.061255533	0.066762105	-0.059977546	0.07618419	-0.11817278	0.04715434	-0.051772393	0.04782234	-0.052542984	0.07854622	-0.047966897	0.050956566	-0.05066663	0.06572701	-0.06508846	0.02032327	-0.012850467	0.061716337	-0.02862941	0.030317046	-0.019236622	0.013295664
-0.20120083	0.17593832	-0.6652338	0.99999994	-0.09280947	0.17124249	-0.16491309	0.30949405	-0.59512025	0.08337144	-0.08053276	0.08670795	-0.22753766	0.066168875	-0.07352334	0.055066954	-0.07143608	0.10603849	-0.050091904	0.053806398	-0.044423148	0.048102114	-0.07440089	0.045799963	-0.049278792	0.04634128	-0.061535563	0.059583664	-0.019058295	0.01204273	-0.057298336	0.026560972	-0.028239416	0.017986855	-0.012448438
0.033324417	-0.03031298	0.06489429	-0.09280947	0.9999999	-0.04724944	0.03991606	-0.06176054	0.08907473	-0.9694238	0.023128023	-0.024343636	0.07735526	-0.10283349	0.12667607	-0.017062996	0.021848889	-0.046998095	0.06571767	-0.09190367	0.020489832	-0.02255856	0.036003172	-0.037038706	0.038028296	-0.022147223	0.029432269	-0.029177183	0.011624054	-0.0075811	0.027172912	-0.013450129	0.014160494	-0.010998326	0.007460852
-0.24062933	0.18795367	-0.20666198	0.17124249	-0.04724944	0.9999995	-0.73337674	0.22935702	-0.24266635	0.04469326	-0.31646544	0.27191868	-0.2476036	0.061613694	-0.071474284	0.173608	-0.24773176	0.1327583	-0.050902717	0.053837497	-0.06600674	0.06817715	-0.09945809	0.056312848	-0.062391695	0.061909683	-0.08334612	0.07658616	-0.024603223	0.015409185	-0.07803219	0.035154965	-0.0376818	0.02310302	-0.016096925
0.17977008	-0.20225805	0.18132445	-0.16491309	0.03991606	-0.73337674	0.99999946	-0.2895021	0.19749224	-0.038614947	0.24078335	-0.42203334	0.19977549	-0.051543817	0.058280613	-0.15971805	0.19441098	-0.1187328	0.04204379	-0.045414217	0.05526158	-0.058817476	0.08277997	-0.047752418	0.051671743	-0.05333247	0.069392145	-0.0663819	0.020784391	-0.013068523	0.06528157	-0.02973228	0.031633075	-0.019610379	0.013603724
-0.16659658	0.15791018	-0.5226437	0.30949405	-0.06176054	0.22935702	-0.2895021	0.99999964	-0.5671011	0.06008361	-0.108764425	0.12492183	-0.4273488	0.08007929	-0.08441241	0.073824294	-0.095345266	0.14625968	-0.0598482	0.0626347	-0.05576669	0.06085242	-0.09752497	0.05739995	-0.06140087	0.058086123	-0.077731624	0.07648187	-0.023854382	0.01506067	-0.070921	0.03333319	-0.03538721	0.022518218	-0.015559155
0.146113	-0.14497173	0.3190185	-0.59512025	0.08907473	-0.24266635	0.19749224	-0.5671011	0.99999964	-0.09299987	0.09941183	-0.11208954	0.26504698	-0.090929344	0.09431244	-0.07123712	0.08976184	-0.15452605	0.066677846	-0.07306019	0.063165046	-0.069873326	0.10259737	-0.06448138	0.06810925	-0.06807603	0.087153226	-0.08689779	0.027245104	-0.017259207	0.08273556	-0.03830555	0.040491257	-0.025825666	0.017836884
-0.03270465	0.029368008	-0.064043894	0.08337144	-0.9694238	0.04469326	-0.038614947	0.06008361	-0.09299987	0.99999964	-0.022222873	0.023355657	-0.07643681	0.096915565	-0.14842665	0.016283292	-0.02091954	0.044154216	-0.06426584	0.08413995	-0.01921565	0.021034796	-0.034095652	0.034259498	-0.03581826	0.020602066	-0.027706692	0.0272336	-0.010821454	0.007043661	-0.025411716	0.012563368	-0.013256912	0.010216915	-0.006946351
0.08073922	-0.07908886	0.08584011	-0.08053276	0.023128023	-0.31646544	0.24078335	-0.108764425	0.09941183	-0.022222873	0.9999996	-0.67322195	0.1277794	-0.032876022	0.037717495	-0.5423723	0.3183782	-0.09701412	0.027850136	-0.030182393	0.05497597	-0.05675029	0.066977076	-0.035950996	0.03882763	-0.04449221	0.054816213	-0.05212323	0.01585344	-0.009923806	0.051603373	-0.02318766	0.024590155	-0.014958953	0.010359494
-0.0901157	0.086521216	-0.09734285	0.08670795	-0.024343636	0.27191868	-0.42203334	0.12492183	-0.11208954	0.023355657	-0.67322195	0.99999917	-0.15032518	0.03539321	-0.040164936	0.29167914	-0.4630874	0.10158245	-0.029565277	0.03170736	-0.051881198	0.05340392	-0.0711174	0.037255846	-0.04056141	0.043323915	-0.056065556	0.052842278	-0.016196646	0.0101277875	-0.05163894	0.023453183	-0.02497734	0.015239114	-0.010565564
0.12816332	-0.12372533	0.22195451	-0.22753766	0.07735526	-0.2476036	0.19977549	-0.4273488	0.26504698	-0.07643681	0.1277794	-0.15032518	0.99999946	-0.18124694	0.16104226	-0.10094472	0.12583901	-0.41589278	0.12005459	-0.13038772	0.11514294	-0.13061334	0.21519579	-0.1259978	0.1291563	-0.12482671	0.16507061	-0.17451906	0.05124582	-0.032446515	0.14789651	-0.07152019	0.075307466	-0.048591617	0.033340156
-0.03515422	0.03237874	-0.061255533	0.066168875	-0.10283349	0.061613694	-0.051543817	0.08007929	-0.090929344	0.096915565	-0.032876022	0.03539321	-0.18124694	0.9999995	-0.7477352	0.025742125	-0.032625996	0.09384785	-0.52941257	0.3081801	-0.03558995	0.03980038	-0.07092054	0.09149167	-0.09811775	0.038201217	-0.052594375	0.054285485	-0.024344247	0.01610118	-0.04586472	0.024591263	-0.02573793	0.02288312	-0.015392711
0.03974152	-0.036520846	0.066762105	-0.07352334	0.12667607	-0.071474284	0.058280613	-0.08441241	0.09431244	-0.14842665	0.037717495	-0.040164936	0.16104226	-0.7477352	0.99999964	-0.029996514	0.03784809	-0.11206329	0.31083313	-0.48796195	0.044000577	-0.04972582	0.08626957	-0.12670575	0.12622778	-0.047863975	0.064729504	-0.06805547	0.032075424	-0.02139597	0.05691385	-0.031111348	0.032342356	-0.03036959	0.02019761
-0.05348647	0.050686352	-0.059977546	0.055066954	-0.017062996	0.173608	-0.15971805	0.073824294	-0.07123712	0.016283292	-0.5423723	0.29167914	-0.10094472	0.025742125	-0.029996514	0.99999934	-0.76292056	0.09565928	-0.022668002	0.024432935	-0.06563486	0.061912633	-0.06865826	0.032944452	-0.0360457	0.04333809	-0.052554734	0.048484888	-0.014502715	0.009009421	-0.048677746	0.021581957	-0.022932524	0.013629258	-0.009438889
0.068584114	-0.06649938	0.07618419	-0.07143608	0.021848889	-0.24773176	0.19441098	-0.095345266	0.08976184	-0.02091954	0.3183782	-0.4630874	0.12583901	-0.032625996	0.03784809	-0.76292056	0.9999994	-0.13520388	0.02860068	-0.030997388	0.0679291	-0.07087184	0.08535449	-0.041525606	0.044869743	-0.051047564	0.06405382	-0.060834523	0.017990625	-0.011205109	0.05831237	-0.02643196	0.028067783	-0.016919633	0.011699505
-0.07252261	0.065000586	-0.11817278	0.10603849	-0.046998095	0.1327583	-0.1187328	0.14625968	-0.15452605	0.044154216	-0.09701412	0.10158245	-0.41589278	0.09384785	-0.11206329	0.09565928	-0.13520388	0.99999946	-0.09372162	0.09935648	-0.16564132	0.16979797	-0.677116	0.19145238	-0.21824543	0.14954838	-0.2788503	0.25323784	-0.073037535	0.044614464	-0.19131248	0.10023912	-0.110096045	0.06674137	-0.046290718
0.028283209	-0.025860654	0.04715434	-0.050091904	0.06571767	-0.050902717	0.04204379	-0.0598482	0.066677846	-0.06426584	0.027850136	-0.029565277	0.12005459	-0.52941257	0.31083313	-0.022668002	0.02860068	-0.09372162	0.9999993	-0.75626296	0.035799183	-0.040602393	0.076707356	-0.14163879	0.14179812	-0.03846169	0.053743903	-0.057537727	0.031017706	-0.020865403	0.04551605	-0.026546713	0.027491998	-0.029188575	0.01923057
-0.030901857	0.027957827	-0.051772393	0.053806398	-0.09190367	0.053837497	-0.045414217	0.0626347	-0.07306019	0.08413995	-0.030182393	0.03170736	-0.13038772	0.3081801	-0.48796195	0.024432935	-0.030997388	0.09935648	-0.75626296	0.9999988	-0.039870154	0.0446274	-0.08769009	0.15772651	-0.21829924	0.04231177	-0.060620997	0.06339165	-0.03570515	0.024122221	-0.050722986	0.029749218	-0.031001305	0.033078086	-0.022347454
0.03232661	-0.02888755	0.04782234	-0.044423148	0.020489832	-0.06600674	0.05526158	-0.05576669	0.063165046	-0.01921565	0.05497597	-0.051881198	0.11514294	-0.03558995	0.044000577	-0.06563486	0.0679291	-0.16564132	0.035799183	-0.039870154	0.99999875	-0.8431533	0.16175354	-0.07635852	0.07609981	-0.37681228	0.19540939	-0.17119913	0.04392827	-0.026679104	0.24291715	-0.08499616	0.083965324	-0.04260912	0.0287115
-0.034937818	0.031035211	-0.052542984	0.048102114	-0.02255856	0.06817715	-0.058817476	0.06085242	-0.069873326	0.021034796	-0.05675029	0.05340392	-0.13061334	0.03980038	-0.04972582	0.061912633	-0.07087184	0.16979797	-0.040602393	0.0446274	-0.8431533	0.9999985	-0.21613023	0.08699807	-0.09079205	0.25609183	-0.2562724	0.18329155	-0.050919183	0.030483615	-0.29179972	0.09723944	-0.09994942	0.0486278	-0.03323248
0.050679386	-0.045749005	0.07854622	-0.07440089	0.036003172	-0.09945809	0.08277997	-0.09752497	0.10259737	-0.034095652	0.066977076	-0.0711174	0.21519579	-0.07092054	0.08626957	-0.06865826	0.08535449	-0.677116	0.076707356	-0.08769009	0.16175354	-0.21613023	0.9999983	-0.29484665	0.21301705	-0.14914627	0.25874606	-0.44789824	0.07676433	-0.047053512	0.1642234	-0.10030489	0.10516385	-0.07120535	0.046551812
-0.030413477	0.027211007	-0.047966897	0.045799963	-0.037038706	0.056312848	-0.047752418	0.05739995	-0.06448138	0.034259498	-0.035950996	0.037255846	-0.1259978	0.09149167	-0.12670575	0.032944452	-0.041525606	0.19145238	-0.14163879	0.15772651	-0.07635852	0.08699807	-0.29484665	0.9999985	-0.8736475	0.0766698	-0.12476946	0.14076494	-0.13290423	0.07591437	-0.089592725	0.06559694	-0.06854646	0.10240603	-0.067476794
0.032731112	-0.029398484	0.050956566	-0.049278792	0.038028296	-0.062391695	0.051671743	-0.06140087	0.06810925	-0.03581826	0.03882763	-0.04056141	0.1291563	-0.09811775	0.12622778	-0.0360457	0.044869743	-0.21824543	0.14179812	-0.21829924	0.07609981	-0.09079205	0.21301705	-0.8736475	0.99999833	-0.0805702	0.1197079	-0.14655425	0.11236779	-0.079363406	0.090625815	-0.067044236	0.06776155	-0.1046486	0.066457465
-0.033402793	0.02943448	-0.05066663	0.04634128	-0.022147223	0.061909683	-0.05333247	0.058086123	-0.06807603	0.020602066	-0.04449221	0.043323915	-0.12482671	0.038201217	-0.047863975	0.04333809	-0.051047564	0.14954838	-0.03846169	0.04231177	-0.37681228	0.25609183	-0.14914627	0.0766698	-0.0805702	0.99999833	-0.32084006	0.20243947	-0.065036654	0.037957642	-0.7828461	0.15312268	-0.15428245	0.06332964	-0.04315045
0.04329444	-0.03857969	0.06572701	-0.061535563	0.029432269	-0.08334612	0.069392145	-0.077731624	0.087153226	-0.027706692	0.054816213	-0.056065556	0.16507061	-0.052594375	0.064729504	-0.052554734	0.06405382	-0.2788503	0.053743903	-0.060620997	0.19540939	-0.2562724	0.25874606	-0.12476946	0.1197079	-0.32084006	0.99999845	-0.7266595	0.09007741	-0.053631708	0.24678062	-0.23835988	0.19138616	-0.09002426	0.057167474
-0.041845914	0.03707575	-0.06508846	0.059583664	-0.029177183	0.07658616	-0.0663819	0.07648187	-0.08689779	0.0272336	-0.05212323	0.052842278	-0.17451906	0.054285485	-0.06805547	0.048484888	-0.060834523	0.25323784	-0.057537727	0.06339165	-0.17119913	0.18329155	-0.44789824	0.14076494	-0.14655425	0.20243947	-0.7266595	0.9999983	-0.10191283	0.05661142	-0.23777682	0.1785476	-0.20930067	0.09253647	-0.060923938
0.013204382	-0.011728326	0.02032327	-0.019058295	0.011624054	-0.024603223	0.020784391	-0.023854382	0.027245104	-0.010821454	0.01585344	-0.016196646	0.05124582	-0.024344247	0.032075424	-0.014502715	0.017990625	-0.073037535	0.031017706	-0.03570515	0.04392827	-0.050919183	0.07676433	-0.13290423	0.11236779	-0.065036654	0.09007741	-0.10191283	0.9999983	-0.47365004	0.072775304	-0.15879874	0.1519971	-0.77951986	0.3013909
-0.008325281	0.00738965	-0.012850467	0.01204273	-0.0075811	0.015409185	-0.013068523	0.01506067	-0.017259207	0.007043661	-0.009923806	0.0101277875	-0.032446515	0.01610118	-0.02139597	0.009009421	-0.011205109	0.044614464	-0.020865403	0.024122221	-0.026679104	0.030483615	-0.047053512	0.07591437	-0.079363406	0.037957642	-0.053631708	0.05661142	-0.47365004	0.9999987	-0.04387701	0.08001927	-0.08370049	0.29635733	-0.8211063
0.041261908	-0.036418762	0.061716337	-0.057298336	0.027172912	-0.07803219	0.06528157	-0.070921	0.08273556	-0.025411716	0.051603373	-0.05163894	0.14789651	-0.04586472	0.05691385	-0.048677746	0.05831237	-0.19131248	0.04551605	-0.050722986	0.24291715	-0.29179972	0.1642234	-0.089592725	0.090625815	-0.7828461	0.24678062	-0.23777682	0.072775304	-0.04387701	0.9999982	-0.21415175	0.1667788	-0.07418915	0.048603863
-0.018798023	0.01664388	-0.02862941	0.026560972	-0.013450129	0.035154965	-0.02973228	0.03333319	-0.03830555	0.012563368	-0.02318766	0.023453183	-0.07152019	0.024591263	-0.031111348	0.021581957	-0.02643196	0.10023912	-0.026546713	0.029749218	-0.08499616	0.09723944	-0.10030489	0.06559694	-0.067044236	0.15312268	-0.23835988	0.1785476	-0.15879874	0.08001927	-0.21415175	0.9999984	-0.893989	0.16010301	-0.103915766
0.019973358	-0.017707307	0.030317046	-0.028239416	0.014160494	-0.0376818	0.031633075	-0.03538721	0.040491257	-0.013256912	0.024590155	-0.02497734	0.075307466	-0.02573793	0.032342356	-0.022932524	0.028067783	-0.110096045	0.027491998	-0.031001305	0.083965324	-0.09994942	0.10516385	-0.06854646	0.06776155	-0.15428245	0.19138616	-0.20930067	0.1519971	-0.08370049	0.1667788	-0.893989	0.9999986	-0.21410455	0.10149525
-0.012479298	0.011070891	-0.019236622	0.017986855	-0.010998326	0.02310302	-0.019610379	0.022518218	-0.025825666	0.010216915	-0.014958953	0.015239114	-0.048591617	0.02288312	-0.03036959	0.013629258	-0.016919633	0.06674137	-0.029188575	0.033078086	-0.04260912	0.0486278	-0.07120535	0.10240603	-0.1046486	0.06332964	-0.09002426	0.09253647	-0.77951986	0.29635733	-0.07418915	0.16010301	-0.21410455	0.99999857	-0.46419623
0.008655116	-0.0076791006	0.013295664	-0.012448438	0.007460852	-0.016096925	0.013603724	-0.015559155	0.017836884	-0.006946351	0.010359494	-0.010565564	0.033340156	-0.015392711	0.02019761	-0.009438889	0.011699505	-0.046290718	0.01923057	-0.022347454	0.0287115	-0.03323248	0.046551812	-0.067476794	0.066457465	-0.04315045	0.057167474	-0.060923938	0.3013909	-0.8211063	0.048603863	-0.103915766	0.10149525	-0.46419623	0.99999857
