1.0000001	-0.7620094	0.31459478	-0.10912171	0.11554095	-0.2837762	0.19900292	-0.13907053	0.123055324	-0.056611307	0.14778133	-0.1528461	0.11574393	-0.12416907	0.062047385	-0.107521355	0.12413049	-0.118773304	0.115699135	-0.11933512	0.112343006	-0.11985166	0.10154798	-0.12611318	0.09646662	-0.112260856	0.10679088	-0.08573526	0.14130476	-0.090132184	0.09437519	-0.08611846	0.0864001	-0.12606439	0.073502116
-0.7620094	1.0	-0.53304726	0.09083326	-0.096366346	0.18484524	-0.19534768	0.1228878	-0.10603017	0.046035152	-0.11057122	0.12382491	-0.097967416	0.09941874	-0.050612193	0.078595325	-0.096613295	0.089929394	-0.08742229	0.08730059	-0.08305452	0.0889291	-0.075501874	0.09227684	-0.07033639	0.08117977	-0.07855311	0.06194208	-0.101373866	0.0644435	-0.068805225	0.06265028	-0.062515534	0.08907058	-0.052613273
0.31459478	-0.53304726	0.9999998	-0.19126645	0.1808486	-0.2797559	0.22870792	-0.24986126	0.19128095	-0.08613814	0.16916569	-0.18676822	0.1722272	-0.18528949	0.092778675	-0.12945402	0.15692551	-0.15562686	0.15474804	-0.16040197	0.1367939	-0.15381838	0.13225648	-0.16662696	0.12831762	-0.14236458	0.13685775	-0.11217889	0.1863818	-0.12067056	0.12005864	-0.11086817	0.11270606	-0.16923271	0.098145604
-0.10912171	0.09083326	-0.19126645	0.9999999	-0.8506686	0.123370126	-0.13465413	0.19935691	-0.3659664	0.13140719	-0.087757446	0.10711932	-0.1515962	0.17869006	-0.13698563	0.06620121	-0.092363864	0.093411125	-0.10283358	0.09391176	-0.07157357	0.08421954	-0.07551794	0.09317758	-0.07262857	0.07254182	-0.073664166	0.05859391	-0.096183494	0.06327837	-0.06263777	0.05808914	-0.059006255	0.08450011	-0.051552508
0.11554095	-0.096366346	0.1808486	-0.8506686	1.0	-0.14867775	0.14644903	-0.22195388	0.25265053	-0.14907932	0.10261663	-0.12489144	0.15793669	-0.21092401	0.13354404	-0.079217926	0.1071476	-0.111547515	0.119225085	-0.11612298	0.08486458	-0.10180802	0.09038946	-0.114355735	0.08806442	-0.08838098	0.088130265	-0.071447864	0.11629257	-0.07891863	0.07525971	-0.070488654	0.071487986	-0.10670374	0.06374992
-0.2837762	0.18484524	-0.2797559	0.123370126	-0.14867775	1.0000002	-0.49279258	0.18611395	-0.1784017	0.07634107	-0.5474125	0.28065193	-0.17737503	0.16967449	-0.087113105	0.24825545	-0.23630531	0.18911965	-0.18276972	0.16478908	-0.27857396	0.20107776	-0.16684584	0.18533227	-0.14128764	0.19879803	-0.19184873	0.13285564	-0.21570586	0.11988613	-0.17804928	0.14545457	-0.139171	0.15903704	-0.1004084
0.19900292	-0.19534768	0.22870792	-0.13465413	0.14644903	-0.49279258	1.0000001	-0.30600885	0.2030726	-0.0855899	0.26165125	-0.58140624	0.2181818	-0.2152495	0.09296479	-0.18679656	0.26349783	-0.23044285	0.1926118	-0.18440789	0.18283048	-0.21671322	0.17268786	-0.20199405	0.14356788	-0.17515779	0.17007697	-0.12624344	0.19060858	-0.12503985	0.14326684	-0.13383286	0.12574308	-0.1658942	0.101233564
-0.13907053	0.1228878	-0.24986126	0.19935691	-0.22195388	0.18611395	-0.30600885	1.0000002	-0.6148729	0.14609325	-0.13472953	0.19617619	-0.5362089	0.310541	-0.16344155	0.098098256	-0.1508126	0.14748728	-0.15732273	0.13202712	-0.10427474	0.12399572	-0.111858375	0.13223168	-0.10110013	0.10175782	-0.10504328	0.08054156	-0.12904926	0.08469951	-0.08766785	0.08129631	-0.08104217	0.11032503	-0.06902077
0.123055324	-0.10603017	0.19128095	-0.3659664	0.25265053	-0.1784017	0.2030726	-0.6148729	1.0000002	-0.25122577	0.1245722	-0.17280719	0.2937587	-0.44698736	0.19973026	-0.09482155	0.13820553	-0.14749274	0.1630757	-0.14436854	0.10041376	-0.12372567	0.11161999	-0.13866413	0.10528146	-0.10199217	0.10377745	-0.081925	0.13064049	-0.08967567	0.08692334	-0.08169649	0.0817942	-0.11694588	0.07220779
-0.056611307	0.046035152	-0.08613814	0.13140719	-0.14907932	0.07634107	-0.0855899	0.14609325	-0.25122577	0.99999994	-0.05519412	0.07116772	-0.11696884	0.15051386	-0.9302934	0.04187527	-0.06067111	0.0632462	-0.07191647	0.06380013	-0.04505452	0.05455305	-0.049565684	0.061224148	-0.047792036	0.045677748	-0.046820946	0.03706591	-0.0600822	0.040538207	-0.0393633	0.03676625	-0.037195604	0.053034633	-0.0328715
0.14778133	-0.11057122	0.16916569	-0.087757446	0.10261663	-0.5474125	0.26165125	-0.13472953	0.1245722	-0.05519412	0.99999964	-0.34317467	0.13667221	-0.1379417	0.061896246	-0.56628615	0.21888575	-0.18147783	0.15642753	-0.14994757	0.28656405	-0.20679207	0.15337847	-0.17580168	0.12275895	-0.23473732	0.17299819	-0.120609365	0.17368984	-0.10738579	0.1622977	-0.14104804	0.121680565	-0.14451988	0.0880264
-0.1528461	0.12382491	-0.18676822	0.10711932	-0.12489144	0.28065193	-0.58140624	0.19617619	-0.17280719	0.07116772	-0.34317467	0.9999996	-0.24381971	0.19092609	-0.08014621	0.19377178	-0.52988297	0.2437068	-0.20736755	0.16709737	-0.19617793	0.22206296	-0.18475918	0.18878701	-0.13722646	0.16507114	-0.17993988	0.11931704	-0.18152495	0.11120831	-0.14259541	0.12926805	-0.121495545	0.14316244	-0.09187566
0.11574393	-0.097967416	0.1722272	-0.1515962	0.15793669	-0.17737503	0.2181818	-0.5362089	0.2937587	-0.11696884	0.13667221	-0.24381971	0.9999994	-0.68197846	0.123701796	-0.10262417	0.16951889	-0.19393678	0.19733562	-0.15957364	0.10792485	-0.13794696	0.12841041	-0.15336838	0.11426598	-0.106901176	0.1122586	-0.08644032	0.13587293	-0.09308935	0.091841295	-0.08655311	0.086182386	-0.11792371	0.07499686
-0.12416907	0.09941874	-0.18528949	0.17869006	-0.21092401	0.16967449	-0.2152495	0.310541	-0.44698736	0.15051386	-0.1379417	0.19092609	-0.68197846	0.99999934	-0.18310069	0.10242172	-0.17271878	0.1877003	-0.2958397	0.17450204	-0.11200615	0.13939486	-0.1365989	0.16060734	-0.12908493	0.109418675	-0.11879908	0.091243796	-0.14854078	0.099355035	-0.09690612	0.09020492	-0.09206148	0.12327053	-0.08127913
0.062047385	-0.050612193	0.092778675	-0.13698563	0.13354404	-0.087113105	0.09296479	-0.16344155	0.19973026	-0.9302934	0.061896246	-0.08014621	0.123701796	-0.18310069	0.99999964	-0.04746522	0.06787588	-0.07211022	0.08084716	-0.07406329	0.050785154	-0.06219781	0.056248657	-0.07041687	0.054478478	-0.05209252	0.0529606	-0.04224139	0.068036206	-0.046708293	0.04457038	-0.04184686	0.042239152	-0.06127536	0.037674278
-0.107521355	0.078595325	-0.12945402	0.06620121	-0.079217926	0.24825545	-0.18679656	0.098098256	-0.09482155	0.04187527	-0.56628615	0.19377178	-0.10262417	0.10242172	-0.04746522	0.9999997	-0.20618998	0.14729232	-0.13045049	0.1183362	-0.6734542	0.18660432	-0.13678598	0.14321381	-0.101548314	0.23010415	-0.17232631	0.10553425	-0.15210208	0.08624778	-0.17693159	0.1315005	-0.11128231	0.115016036	-0.071925834
0.12413049	-0.096613295	0.15692551	-0.092363864	0.1071476	-0.23630531	0.26349783	-0.1508126	0.13820553	-0.06067111	0.21888575	-0.52988297	0.16951889	-0.17271878	0.06787588	-0.20618998	0.9999995	-0.52730846	0.24751665	-0.20949921	0.19162986	-0.40283737	0.25522467	-0.25205824	0.16027685	-0.18451999	0.2126676	-0.14143147	0.19734699	-0.12923637	0.15306525	-0.15438443	0.13835306	-0.16308562	0.10435008
-0.118773304	0.089929394	-0.15562686	0.093411125	-0.111547515	0.18911965	-0.23044285	0.14748728	-0.14749274	0.0632462	-0.18147783	0.2437068	-0.19393678	0.1877003	-0.07211022	0.14729232	-0.52730846	0.99999964	-0.5155877	0.24382098	-0.16637294	0.26745343	-0.43435988	0.282277	-0.19969498	0.1583523	-0.20178431	0.14650239	-0.22117433	0.13901442	-0.1455438	0.14055674	-0.14587809	0.16405904	-0.11543563
0.115699135	-0.08742229	0.15474804	-0.10283358	0.119225085	-0.18276972	0.1926118	-0.15732273	0.1630757	-0.07191647	0.15642753	-0.20736755	0.19733562	-0.2958397	0.08084716	-0.13045049	0.24751665	-0.5155877	0.9999996	-0.5520141	0.1435184	-0.22438022	0.24991168	-0.35531554	0.25360405	-0.14986198	0.17163196	-0.13976245	0.21948148	-0.17965211	0.13299537	-0.13078974	0.13666426	-0.19752248	0.13737883
-0.11933512	0.08730059	-0.16040197	0.09391176	-0.11612298	0.16478908	-0.18440789	0.13202712	-0.14436854	0.06380013	-0.14994757	0.16709737	-0.15957364	0.17450204	-0.07406329	0.1183362	-0.20949921	0.24382098	-0.5520141	0.99999946	-0.13895345	0.18550768	-0.2115242	0.26023778	-0.5877528	0.14098914	-0.1695327	0.14357743	-0.27286276	0.23654933	-0.13578334	0.12796675	-0.14932558	0.21540412	-0.20074809
0.112343006	-0.08305452	0.1367939	-0.07157357	0.08486458	-0.27857396	0.18283048	-0.10427474	0.10041376	-0.04505452	0.28656405	-0.19617793	0.10792485	-0.11200615	0.050785154	-0.6734542	0.19162986	-0.16637294	0.1435184	-0.13895345	0.99999946	-0.268848	0.16092384	-0.17600372	0.11702302	-0.4491675	0.20861566	-0.12972139	0.17154324	-0.10262551	0.21819592	-0.17338085	0.13251552	-0.13942848	0.08461161
-0.11985166	0.0889291	-0.15381838	0.08421954	-0.10180802	0.20107776	-0.21671322	0.12399572	-0.12372567	0.05455305	-0.20679207	0.22206296	-0.13794696	0.13939486	-0.06219781	0.18660432	-0.40283737	0.26745343	-0.22438022	0.18550768	-0.268848	0.9999994	-0.4817188	0.2779774	-0.17162697	0.23038863	-0.52165	0.18308637	-0.24480897	0.1335357	-0.22094055	0.22881037	-0.19240777	0.17093576	-0.11224183
0.10154798	-0.075501874	0.13225648	-0.07551794	0.09038946	-0.16684584	0.17268786	-0.111858375	0.11161999	-0.049565684	0.15337847	-0.18475918	0.12841041	-0.1365989	0.056248657	-0.13678598	0.25522467	-0.43435988	0.24991168	-0.2115242	0.16092384	-0.4817188	0.9999996	-0.6199377	0.19226241	-0.169136	0.23000777	-0.20686206	0.23033255	-0.14171937	0.15285887	-0.16379091	0.17015372	-0.16903023	0.11337121
-0.12611318	0.09227684	-0.16662696	0.09317758	-0.114355735	0.18533227	-0.20199405	0.13223168	-0.13866413	0.061224148	-0.17580168	0.18878701	-0.15336838	0.16060734	-0.07041687	0.14321381	-0.25205824	0.282277	-0.35531554	0.26023778	-0.17600372	0.2779774	-0.6199377	0.9999994	-0.34148243	0.17731476	-0.24761808	0.19420381	-0.34821612	0.19179784	-0.1746807	0.16839395	-0.19298404	0.20973624	-0.15899192
0.09646662	-0.07033639	0.12831762	-0.07262857	0.08806442	-0.14128764	0.14356788	-0.10110013	0.10528146	-0.047792036	0.12275895	-0.13722646	0.11426598	-0.12908493	0.054478478	-0.101548314	0.16027685	-0.19969498	0.25360405	-0.5877528	0.11702302	-0.17162697	0.19226241	-0.34148243	0.99999946	-0.12713046	0.14764994	-0.13672565	0.24100049	-0.5229335	0.11830352	-0.11689032	0.1371961	-0.3020232	0.24773914
-0.112260856	0.08117977	-0.14236458	0.07254182	-0.08838098	0.19879803	-0.17515779	0.10175782	-0.10199217	0.045677748	-0.23473732	0.16507114	-0.106901176	0.109418675	-0.05209252	0.23010415	-0.18451999	0.1583523	-0.14986198	0.14098914	-0.4491675	0.23038863	-0.169136	0.17731476	-0.12713046	0.9999993	-0.36683804	0.17062424	-0.21950084	0.11117217	-0.62754786	0.2797833	-0.19767042	0.15313265	-0.09470338
0.10679088	-0.07855311	0.13685775	-0.073664166	0.088130265	-0.19184873	0.17007697	-0.10504328	0.10377745	-0.046820946	0.17299819	-0.17993988	0.1122586	-0.11879908	0.0529606	-0.17232631	0.2126676	-0.20178431	0.17163196	-0.1695327	0.20861566	-0.52165	0.23000777	-0.24761808	0.14764994	-0.36683804	0.9999991	-0.23857492	0.22526875	-0.13287239	0.28639182	-0.5468535	0.23101369	-0.18653749	0.10994563
-0.08573526	0.06194208	-0.11217889	0.05859391	-0.071447864	0.13285564	-0.12624344	0.08054156	-0.081925	0.03706591	-0.120609365	0.11931704	-0.08644032	0.091243796	-0.04224139	0.10553425	-0.14143147	0.14650239	-0.13976245	0.14357743	-0.12972139	0.18308637	-0.20686206	0.19420381	-0.13672565	0.17062424	-0.23857492	0.9999989	-0.46565348	0.13644722	-0.20686547	0.23862505	-0.74610853	0.2044271	-0.12124085
0.14130476	-0.101373866	0.1863818	-0.096183494	0.11629257	-0.21570586	0.19060858	-0.12904926	0.13064049	-0.0600822	0.17368984	-0.18152495	0.13587293	-0.14854078	0.068036206	-0.15210208	0.19734699	-0.22117433	0.21948148	-0.27286276	0.17154324	-0.24480897	0.23033255	-0.34821612	0.24100049	-0.21950084	0.22526875	-0.46565348	0.99999875	-0.3068536	0.19387582	-0.21922547	0.27766657	-0.42631355	0.22271241
-0.090132184	0.0644435	-0.12067056	0.06327837	-0.07891863	0.11988613	-0.12503985	0.08469951	-0.08967567	0.040538207	-0.10738579	0.11120831	-0.09308935	0.099355035	-0.046708293	0.08624778	-0.12923637	0.13901442	-0.17965211	0.23654933	-0.10262551	0.1335357	-0.14171937	0.19179784	-0.5229335	0.11117217	-0.13287239	0.13644722	-0.3068536	0.9999988	-0.11097759	0.10728292	-0.14445618	0.30433407	-0.64835835
0.09437519	-0.068805225	0.12005864	-0.06263777	0.07525971	-0.17804928	0.14326684	-0.08766785	0.08692334	-0.0393633	0.1622977	-0.14259541	0.091841295	-0.09690612	0.04457038	-0.17693159	0.15306525	-0.1455438	0.13299537	-0.13578334	0.21819592	-0.22094055	0.15285887	-0.1746807	0.11830352	-0.62754786	0.28639182	-0.20686547	0.19387582	-0.11097759	0.9999988	-0.5760024	0.21418872	-0.16214715	0.09313028
-0.08611846	0.06265028	-0.11086817	0.05808914	-0.070488654	0.14545457	-0.13383286	0.08129631	-0.08169649	0.03676625	-0.14104804	0.12926805	-0.08655311	0.09020492	-0.04184686	0.1315005	-0.15438443	0.14055674	-0.13078974	0.12796675	-0.17338085	0.22881037	-0.16379091	0.16839395	-0.11689032	0.2797833	-0.5468535	0.23862505	-0.21922547	0.10728292	-0.5760024	0.99999875	-0.40263906	0.15694456	-0.093218215
0.0864001	-0.062515534	0.11270606	-0.059006255	0.071487986	-0.139171	0.12574308	-0.08104217	0.0817942	-0.037195604	0.121680565	-0.121495545	0.086182386	-0.09206148	0.042239152	-0.11128231	0.13835306	-0.14587809	0.13666426	-0.14932558	0.13251552	-0.19240777	0.17015372	-0.19298404	0.1371961	-0.19767042	0.23101369	-0.74610853	0.27766657	-0.14445618	0.21418872	-0.40263906	0.9999987	-0.2566276	0.12953953
-0.12606439	0.08907058	-0.16923271	0.08450011	-0.10670374	0.15903704	-0.1658942	0.11032503	-0.11694588	0.053034633	-0.14451988	0.14316244	-0.11792371	0.12327053	-0.06127536	0.115016036	-0.16308562	0.16405904	-0.19752248	0.21540412	-0.13942848	0.17093576	-0.16903023	0.20973624	-0.3020232	0.15313265	-0.18653749	0.2044271	-0.42631355	0.30433407	-0.16214715	0.15694456	-0.2566276	0.9999986	-0.6352228
0.073502116	-0.052613273	0.098145604	-0.051552508	0.06374992	-0.1004084	0.101233564	-0.06902077	0.07220779	-0.0328715	0.0880264	-0.09187566	0.07499686	-0.08127913	0.037674278	-0.071925834	0.10435008	-0.11543563	0.13737883	-0.20074809	0.08461161	-0.11224183	0.11337121	-0.15899192	0.24773914	-0.09470338	0.10994563	-0.12124085	0.22271241	-0.64835835	0.09313028	-0.093218215	0.12953953	-0.6352228	0.9999986
