1.0000001	-0.3990789	0.1897775	-0.16761032	0.09499472	-0.82420915	0.2534603	-0.13503209	0.14093053	-0.078225784	0.16300625	-0.1863826	0.1358141	-0.09261441	0.09800416	-0.14841242	0.1666759	-0.099653125	0.062899545	-0.06834741	0.09105384	-0.07995859	0.07273533	-0.056680635	0.045628063	-0.061766837	0.06400541	-0.041703384	0.03710952	-0.040740047	0.073935516	-0.08664161	0.047826573	-0.03186559	0.0470372
-0.3990789	1.0000004	-0.5077524	0.25170034	-0.14393014	0.26772648	-0.58388954	0.20651077	-0.21849722	0.11332804	-0.15993573	0.24055502	-0.2074952	0.13124995	-0.14154688	0.13667177	-0.22312592	0.12075394	-0.08562086	0.09121232	-0.1035967	0.09372442	-0.08959036	0.073228665	-0.05922111	0.06928233	-0.075526305	0.050830483	-0.04706984	0.051750783	-0.08637741	0.09879909	-0.058641545	0.040037125	-0.05948386
0.1897775	-0.5077524	1.0000005	-0.64395744	0.18985425	-0.19477712	0.2611546	-0.27048323	0.25726548	-0.15871942	0.13128215	-0.21262975	0.21229927	-0.16247529	0.16578776	-0.12382126	0.18669116	-0.14047827	0.10184872	-0.11225645	0.10430528	-0.09815583	0.09984282	-0.08735881	0.06991105	-0.071810596	0.0795538	-0.056825206	0.054682184	-0.06109887	0.091264546	-0.10791981	0.06536909	-0.046515997	0.0688277
-0.16761032	0.25170034	-0.64395744	1.0000002	-0.35715258	0.15377584	-0.24380803	0.23067883	-0.4358212	0.22049029	-0.12696859	0.18556128	-0.2312096	0.2030132	-0.23448169	0.11493055	-0.19316566	0.13872057	-0.12349319	0.13045841	-0.10376093	0.096435726	-0.10316565	0.09727422	-0.0788574	0.070284925	-0.07896773	0.0583067	-0.059673153	0.06651675	-0.0906252	0.10369937	-0.06753129	0.049949273	-0.074831106
0.09499472	-0.14393014	0.18985425	-0.35715258	0.9999999	-0.100702465	0.13524039	-0.15748973	0.24523927	-0.77471733	0.0897869	-0.13351145	0.15740012	-0.23883522	0.27071875	-0.0866301	0.13690703	-0.13563988	0.1323278	-0.15853313	0.08777819	-0.08517426	0.09731162	-0.106930435	0.08452198	-0.060981367	0.069987044	-0.05545867	0.06081184	-0.070387766	0.07983322	-0.09480296	0.06351622	-0.050748862	0.07499726
-0.82420915	0.26772648	-0.19477712	0.15377584	-0.100702465	1.0000001	-0.3380074	0.1428672	-0.15458713	0.080822356	-0.22434308	0.1991988	-0.15312976	0.09771223	-0.10604584	0.16102731	-0.19992684	0.10242344	-0.06650743	0.071015604	-0.1011251	0.08560529	-0.07697237	0.05908121	-0.047830794	0.06639758	-0.068761066	0.04396031	-0.038909312	0.042426854	-0.07995667	0.090354696	-0.05059638	0.033312943	-0.049358062
0.2534603	-0.58388954	0.2611546	-0.24380803	0.13524039	-0.3380074	1.0	-0.30340222	0.21470557	-0.11487329	0.19129898	-0.4825903	0.24077351	-0.14299801	0.14261574	-0.17384252	0.2510863	-0.14365366	0.09288989	-0.10085789	0.11962795	-0.11148588	0.10317222	-0.08223929	0.065927	-0.081596866	0.088226445	-0.0587327	0.05290661	-0.058367494	0.09972487	-0.118287764	0.06730028	-0.04530959	0.06680945
-0.13503209	0.20651077	-0.27048323	0.23067883	-0.15748973	0.1428672	-0.30340222	1.0000001	-0.44851398	0.14185068	-0.13095967	0.23067296	-0.72345346	0.21285062	-0.18806614	0.11781205	-0.19416791	0.14518054	-0.12048029	0.12296501	-0.10039593	0.09511151	-0.1046661	0.09333992	-0.07495428	0.06826179	-0.077180214	0.057529755	-0.056637503	0.06302384	-0.08683539	0.10089588	-0.0667562	0.047512185	-0.070733994
0.14093053	-0.21849722	0.25726548	-0.4358212	0.24523927	-0.15458713	0.21470557	-0.44851398	1.0000001	-0.2833975	0.1358135	-0.21682504	0.29108962	-0.42981854	0.27902263	-0.13132702	0.20328373	-0.1971656	0.18831943	-0.20811386	0.1267509	-0.123117395	0.13873191	-0.14725299	0.11488975	-0.08808323	0.10058403	-0.078465834	0.08332994	-0.09567481	0.11429779	-0.13624845	0.08989343	-0.069640204	0.102915965
-0.078225784	0.11332804	-0.15871942	0.22049029	-0.77471733	0.080822356	-0.11487329	0.14185068	-0.2833975	1.0000001	-0.07414553	0.109926865	-0.1484276	0.2276001	-0.44898692	0.07032262	-0.11416424	0.109158985	-0.12581389	0.1391458	-0.070903465	0.06861861	-0.080846146	0.09205624	-0.07441719	0.04889007	-0.0564718	0.045681216	-0.05210925	0.05970732	-0.06394127	0.07492303	-0.052552894	0.042825878	-0.06408318
0.16300625	-0.15993573	0.13128215	-0.12696859	0.0897869	-0.22434308	0.19129898	-0.13095967	0.1358135	-0.07414553	1.0000002	-0.3801963	0.15110077	-0.09629148	0.10106608	-0.78969485	0.28264293	-0.13794695	0.07033236	-0.07634966	0.18500769	-0.14065777	0.10264825	-0.068831205	0.055092394	-0.124986365	0.10681143	-0.05983233	0.04669268	-0.050465662	0.12208701	-0.1473363	0.06712929	-0.040679615	0.0591026
-0.1863826	0.24055502	-0.21262975	0.18556128	-0.13351145	0.1991988	-0.4825903	0.23067296	-0.21682504	0.109926865	-0.3801963	1.0000002	-0.33945647	0.14705667	-0.15174979	0.25703144	-0.55643266	0.160577	-0.099021606	0.10444344	-0.1597286	0.14570051	-0.121624455	0.08848043	-0.07137848	0.104206875	-0.11344453	0.06878824	-0.058265302	0.06326743	-0.124081664	0.14228289	-0.07867554	0.04999674	-0.07363208
0.1358141	-0.2074952	0.21229927	-0.2312096	0.15740012	-0.15312976	0.24077351	-0.72345346	0.29108962	-0.1484276	0.15110077	-0.33945647	1.0000004	-0.28465873	0.20040838	-0.14281072	0.21862808	-0.19652824	0.14037266	-0.14943874	0.12019329	-0.1166345	0.12919423	-0.1137941	0.089861825	-0.08289879	0.09390364	-0.07075493	0.06816397	-0.076393925	0.10508747	-0.124883756	0.08163506	-0.05753091	0.084965624
-0.09261441	0.13124995	-0.16247529	0.2030132	-0.23883522	0.09771223	-0.14299801	0.21285062	-0.42981854	0.2276001	-0.09629148	0.14705667	-0.28465873	1.0000004	-0.62458867	0.09082281	-0.14958607	0.1572155	-0.40924558	0.26070565	-0.094452225	0.09375083	-0.12391244	0.17072503	-0.1390455	0.06494097	-0.0772279	0.0681375	-0.0877611	0.09975292	-0.08489819	0.09894251	-0.07840143	0.06913806	-0.10543552
0.09800416	-0.14154688	0.16578776	-0.23448169	0.27071875	-0.10604584	0.14261574	-0.18806614	0.27902263	-0.44898692	0.10106608	-0.15174979	0.20040838	-0.62458867	1.0000001	-0.09820126	0.1556165	-0.17554063	0.24138984	-0.3038578	0.10431976	-0.10390507	0.12903945	-0.17339969	0.13636495	-0.072640724	0.08534872	-0.072956346	0.089002915	-0.10541427	0.095308565	-0.1135624	0.0830221	-0.07228804	0.10717434
-0.14841242	0.13667177	-0.12382126	0.11493055	-0.0866301	0.16102731	-0.17384252	0.11781205	-0.13132702	0.07032262	-0.78969485	0.25703144	-0.14281072	0.09082281	-0.09820126	0.99999994	-0.40210325	0.13509014	-0.06801519	0.07301442	-0.2694995	0.15166914	-0.105909884	0.067297496	-0.05408868	0.13851751	-0.11674994	0.061408345	-0.046285827	0.04950581	-0.13871898	0.15034927	-0.069035955	0.04033697	-0.058578216
0.1666759	-0.22312592	0.18669116	-0.19316566	0.13690703	-0.19992684	0.2510863	-0.19416791	0.20328373	-0.11416424	0.28264293	-0.55643266	0.21862808	-0.14958607	0.1556165	-0.40210325	0.9999998	-0.24305685	0.11239088	-0.12330491	0.22053649	-0.2693626	0.17434856	-0.11354778	0.09035686	-0.1557834	0.17682484	-0.1006549	0.07714994	-0.08351603	0.17823215	-0.23276207	0.112019844	-0.06750249	0.09766674
-0.099653125	0.12075394	-0.14047827	0.13872057	-0.13563988	0.10242344	-0.14365366	0.14518054	-0.1971656	0.109158985	-0.13794695	0.160577	-0.19652824	0.1572155	-0.17554063	0.13509014	-0.24305685	0.99999976	-0.18407124	0.17362936	-0.23463802	0.24632697	-0.6765492	0.21216017	-0.17989206	0.1536694	-0.21663098	0.24007702	-0.16042782	0.15462306	-0.21350023	0.21339892	-0.30996284	0.13746072	-0.20551279
0.062899545	-0.08562086	0.10184872	-0.12349319	0.1323278	-0.06650743	0.09288989	-0.12048029	0.18831943	-0.12581389	0.07033236	-0.099021606	0.14037266	-0.40924558	0.24138984	-0.06801519	0.11239088	-0.18407124	0.9999997	-0.71698767	0.08438016	-0.091726296	0.15112522	-0.39447066	0.24985951	-0.058475383	0.0749511	-0.08136901	0.12887797	-0.15749173	0.07689783	-0.09076554	0.09055466	-0.096548654	0.14559974
-0.06834741	0.09121232	-0.11225645	0.13045841	-0.15853313	0.071015604	-0.10085789	0.12296501	-0.20811386	0.1391458	-0.07634966	0.10444344	-0.14943874	0.26070565	-0.3038578	0.07301442	-0.12330491	0.17362936	-0.71698767	0.9999995	-0.09167708	0.09673566	-0.15934959	0.28937575	-0.38864294	0.06303614	-0.08081573	0.088935055	-0.16794422	0.18742436	-0.08355288	0.09642985	-0.10249186	0.118993826	-0.19436914
0.09105384	-0.1035967	0.10430528	-0.10376093	0.08777819	-0.1011251	0.11962795	-0.10039593	0.1267509	-0.070903465	0.18500769	-0.1597286	0.12019329	-0.094452225	0.10431976	-0.2694995	0.22053649	-0.23463802	0.08438016	-0.09167708	0.9999995	-0.42353448	0.18856055	-0.09858568	0.07753843	-0.60651654	0.27008867	-0.11527122	0.07044598	-0.07402629	0.31287032	-0.3788661	0.12210791	-0.06291675	0.08812455
-0.07995859	0.09372442	-0.09815583	0.096435726	-0.08517426	0.08560529	-0.11148588	0.09511151	-0.123117395	0.06861861	-0.14065777	0.14570051	-0.1166345	0.09375083	-0.10390507	0.15166914	-0.2693626	0.24632697	-0.091726296	0.09673566	-0.42353448	0.9999994	-0.35108975	0.117482156	-0.092544645	0.23825483	-0.64497536	0.1654712	-0.08433783	0.08470322	-0.28112346	0.30769643	-0.17524888	0.074699976	-0.10292443
0.07273533	-0.08959036	0.09984282	-0.10316565	0.09731162	-0.07697237	0.10317222	-0.1046661	0.13873191	-0.080846146	0.10264825	-0.121624455	0.12919423	-0.12391244	0.12903945	-0.105909884	0.17434856	-0.6765492	0.15112522	-0.15934959	0.18856055	-0.35108975	0.99999917	-0.2787411	0.16979052	-0.13485573	0.21199133	-0.37221688	0.13960584	-0.1490701	0.16678925	-0.21965182	0.2618225	-0.12329658	0.16127178
-0.056680635	0.073228665	-0.08735881	0.09727422	-0.106930435	0.05908121	-0.08223929	0.09333992	-0.14725299	0.09205624	-0.068831205	0.08848043	-0.1137941	0.17072503	-0.17339969	0.067297496	-0.11354778	0.21216017	-0.39447066	0.28937575	-0.09858568	0.117482156	-0.2787411	0.999999	-0.6791978	0.06827645	-0.09577609	0.12452999	-0.2600267	0.26577678	-0.08952145	0.106404364	-0.13660288	0.16760308	-0.27159366
0.045628063	-0.05922111	0.06991105	-0.0788574	0.08452198	-0.047830794	0.065927	-0.07495428	0.11488975	-0.07441719	0.055092394	-0.07137848	0.089861825	-0.1390455	0.13636495	-0.05408868	0.09035686	-0.17989206	0.24985951	-0.38864294	0.07753843	-0.092544645	0.16979052	-0.6791978	0.99999887	-0.054476965	0.07447065	-0.09869811	0.22366378	-0.47009882	0.07117899	-0.08709421	0.10471062	-0.15971428	0.22439751
-0.061766837	0.06928233	-0.071810596	0.070284925	-0.060981367	0.06639758	-0.081596866	0.06826179	-0.08808323	0.04889007	-0.124986365	0.104206875	-0.08289879	0.06494097	-0.072640724	0.13851751	-0.1557834	0.1536694	-0.058475383	0.06303614	-0.60651654	0.23825483	-0.13485573	0.06827645	-0.054476965	0.9999989	-0.27871522	0.086775	-0.050585885	0.052095097	-0.6606096	0.28158066	-0.094299234	0.0452179	-0.06332461
0.06400541	-0.075526305	0.0795538	-0.07896773	0.069987044	-0.068761066	0.088226445	-0.077180214	0.10058403	-0.0564718	0.10681143	-0.11344453	0.09390364	-0.0772279	0.08534872	-0.11674994	0.17682484	-0.21663098	0.0749511	-0.08081573	0.27008867	-0.64497536	0.21199133	-0.09577609	0.07447065	-0.27871522	0.9999989	-0.18219449	0.072107255	-0.07251042	0.25937715	-0.584377	0.15994126	-0.065686174	0.087114975
-0.041703384	0.050830483	-0.056825206	0.0583067	-0.05545867	0.04396031	-0.0587327	0.057529755	-0.078465834	0.045681216	-0.05983233	0.06878824	-0.07075493	0.0681375	-0.072956346	0.061408345	-0.1006549	0.24007702	-0.08136901	0.088935055	-0.11527122	0.1654712	-0.37221688	0.12452999	-0.09869811	0.086775	-0.18219449	0.99999917	-0.1471094	0.11412806	-0.10656922	0.14834741	-0.84868926	0.13790527	-0.14424782
0.03710952	-0.04706984	0.054682184	-0.059673153	0.06081184	-0.038909312	0.05290661	-0.056637503	0.08332994	-0.05210925	0.04669268	-0.058265302	0.06816397	-0.0877611	0.089002915	-0.046285827	0.07714994	-0.16042782	0.12887797	-0.16794422	0.07044598	-0.08433783	0.13960584	-0.2600267	0.22366378	-0.050585885	0.072107255	-0.1471094	0.9999994	-0.5900899	0.065758444	-0.08412113	0.14649896	-0.6310002	0.32902208
-0.040740047	0.051750783	-0.06109887	0.06651675	-0.070387766	0.042426854	-0.058367494	0.06302384	-0.09567481	0.05970732	-0.050465662	0.06326743	-0.076393925	0.09975292	-0.10541427	0.04950581	-0.08351603	0.15462306	-0.15749173	0.18742436	-0.07402629	0.08470322	-0.1490701	0.26577678	-0.47009882	0.052095097	-0.07251042	0.11412806	-0.5900899	0.9999993	-0.06872187	0.08357947	-0.12921749	0.2911921	-0.5029551
0.073935516	-0.08637741	0.091264546	-0.0906252	0.07983322	-0.07995667	0.09972487	-0.08683539	0.11429779	-0.06394127	0.12208701	-0.124081664	0.10508747	-0.08489819	0.095308565	-0.13871898	0.17823215	-0.21350023	0.07689783	-0.08355288	0.31287032	-0.28112346	0.16678925	-0.08952145	0.07117899	-0.6606096	0.25937715	-0.10656922	0.065758444	-0.06872187	0.99999964	-0.5144499	0.11507063	-0.058926605	0.08284227
-0.08664161	0.09879909	-0.10791981	0.10369937	-0.09480296	0.090354696	-0.118287764	0.10089588	-0.13624845	0.07492303	-0.1473363	0.14228289	-0.124883756	0.09894251	-0.1135624	0.15034927	-0.23276207	0.21339892	-0.09076554	0.09642985	-0.3788661	0.30769643	-0.21965182	0.106404364	-0.08709421	0.28158066	-0.584377	0.14834741	-0.08412113	0.08357947	-0.5144499	0.9999997	-0.17320439	0.07520178	-0.106494874
0.047826573	-0.058641545	0.06536909	-0.06753129	0.06351622	-0.05059638	0.06730028	-0.0667562	0.08989343	-0.052552894	0.06712929	-0.07867554	0.08163506	-0.07840143	0.0830221	-0.069035955	0.112019844	-0.30996284	0.09055466	-0.10249186	0.12210791	-0.17524888	0.2618225	-0.13660288	0.10471062	-0.094299234	0.15994126	-0.84868926	0.14649896	-0.12921749	0.11507063	-0.17320439	0.9999996	-0.17966047	0.15427274
-0.03186559	0.040037125	-0.046515997	0.049949273	-0.050748862	0.033312943	-0.04530959	0.047512185	-0.069640204	0.042825878	-0.040679615	0.04999674	-0.05753091	0.06913806	-0.07228804	0.04033697	-0.06750249	0.13746072	-0.096548654	0.118993826	-0.06291675	0.074699976	-0.12329658	0.16760308	-0.15971428	0.0452179	-0.065686174	0.13790527	-0.6310002	0.2911921	-0.058926605	0.07520178	-0.17966047	0.9999996	-0.6672375
0.0470372	-0.05948386	0.0688277	-0.074831106	0.07499726	-0.049358062	0.06680945	-0.070733994	0.102915965	-0.06408318	0.0591026	-0.07363208	0.084965624	-0.10543552	0.10717434	-0.058578216	0.09766674	-0.20551279	0.14559974	-0.19436914	0.08812455	-0.10292443	0.16127178	-0.27159366	0.22439751	-0.06332461	0.087114975	-0.14424782	0.32902208	-0.5029551	0.08284227	-0.106494874	0.15427274	-0.6672375	0.9999996
