1.0	-0.5255528	0.1371736	-0.10450435	0.0830056	-0.7616111	0.31653526	-0.089044385	0.08504229	-0.055931937	0.10997577	-0.112631656	0.042572822	-0.044714104	0.053760707	-0.045800213	0.04739886	-0.05350486	0.042562366	-0.03911836	0.037593745	-0.042719297	0.036889914	-0.03618808	0.0378549	-0.037300136	0.038139198	-0.033546947	0.022519369	-0.021406496	0.036660705	-0.0194886	0.025825653	-0.01675061	0.019205455
-0.5255528	0.9999999	-0.26698032	0.1516711	-0.12016148	0.31096545	-0.7059993	0.13849686	-0.13791965	0.07654937	-0.11075395	0.10761512	-0.06012092	0.06109173	-0.073013745	0.04726596	-0.051361434	0.063258655	-0.053919703	0.04999369	-0.040536284	0.045226384	-0.0435497	0.043885484	-0.047132146	0.0412604	-0.044060785	0.038581282	-0.027503962	0.026139881	-0.041531585	0.022271218	-0.029673379	0.020269493	-0.023337327
0.1371736	-0.26698032	0.99999976	-0.6982103	0.28326836	-0.121611945	0.18459061	-0.28672114	0.2301482	-0.19325708	0.06524934	-0.06636232	0.098330125	-0.10815305	0.1576028	-0.052709095	0.05941309	-0.12483157	0.11032407	-0.10957191	0.046992853	-0.056708727	0.07999921	-0.08742309	0.09562646	-0.062486485	0.07461955	-0.0674495	0.05507441	-0.05313357	0.0627883	-0.037200768	0.049269423	-0.04165102	0.047733076
-0.10450435	0.1516711	-0.6982103	0.9999996	-0.5273848	0.08687379	-0.14433722	0.19935235	-0.25624904	0.19478539	-0.04979587	0.04968449	-0.080747135	0.08531291	-0.17146477	0.039450288	-0.045729134	0.09654092	-0.098879375	0.097369485	-0.035513602	0.043381266	-0.06396221	0.07190065	-0.08270781	0.046146076	-0.05833731	0.05247506	-0.045362245	0.043505713	-0.046807904	0.027393742	-0.036399815	0.03269355	-0.037805904
0.0830056	-0.12016148	0.28326836	-0.5273848	0.99999934	-0.07516706	0.11080303	-0.15378377	0.16578336	-0.4989907	0.055862173	-0.056298424	0.07346645	-0.08126526	0.26557556	-0.058490165	0.06800156	-0.16435264	0.1556866	-0.1706531	0.05309148	-0.06618397	0.10442702	-0.12000446	0.1331867	-0.07428637	0.09405237	-0.086275525	0.07423511	-0.07257239	0.07475839	-0.044973098	0.059479002	-0.055111196	0.06286384
-0.7616111	0.31096545	-0.121611945	0.08687379	-0.07516706	0.99999934	-0.52601916	0.09362746	-0.09298918	0.05013929	-0.15221076	0.12973396	-0.044610996	0.04525165	-0.04935607	0.04980073	-0.051348336	0.049972415	-0.03945715	0.03572522	-0.041091252	0.044828247	-0.03538799	0.033851687	-0.035151083	0.037350982	-0.03746342	0.032538738	-0.020956283	0.019846145	-0.037114106	0.01909048	-0.02540278	0.015409515	-0.017680999
0.31653526	-0.7059993	0.18459061	-0.14433722	0.11080303	-0.52601916	0.99999917	-0.17573163	0.14218056	-0.07683828	0.13433903	-0.1553259	0.06670095	-0.06947476	0.07209618	-0.055883434	0.060113125	-0.069104366	0.05599891	-0.051832464	0.046771917	-0.05326307	0.047354728	-0.04697382	0.049395904	-0.046607316	0.048432622	-0.042637296	0.02919685	-0.027797362	0.046113275	-0.024624614	0.032662503	-0.0216937	0.024875546
-0.089044385	0.13849686	-0.28672114	0.19935235	-0.15378377	0.09362746	-0.17573163	0.9999992	-0.85202575	0.12002301	-0.05183096	0.05325774	-0.24961077	0.19852118	-0.105678834	0.03177767	-0.036695275	0.068379395	-0.06793207	0.06366041	-0.028238503	0.033815708	-0.04529974	0.04923351	-0.055175137	0.033618998	-0.04170133	0.037097722	-0.030448744	0.029094197	-0.03414681	0.019369813	-0.025793701	0.021755734	-0.025182704
0.08504229	-0.13791965	0.2301482	-0.25624904	0.16578336	-0.09298918	0.14218056	-0.85202575	0.99999934	-0.15334626	0.05140063	-0.05356341	0.19167806	-0.23510094	0.11714368	-0.03468393	0.039834596	-0.07859705	0.07605529	-0.0733192	0.030835187	-0.037239082	0.051189017	-0.05620653	0.062267367	-0.038021296	0.046965986	-0.042123068	0.034594182	-0.03323801	0.038420983	-0.02208667	0.029342849	-0.025030063	0.028851198
-0.055931937	0.07654937	-0.19325708	0.19478539	-0.4989907	0.05013929	-0.07683828	0.12002301	-0.15334626	0.9999994	-0.041144527	0.04095489	-0.060385715	0.065380126	-0.718418	0.04405431	-0.055295594	0.13809137	-0.20029657	0.21066707	-0.040928796	0.053482745	-0.0963855	0.119858764	-0.15548998	0.05446473	-0.080731526	0.07346153	-0.074112035	0.07122265	-0.05579106	0.03267147	-0.04347891	0.047939304	-0.05603226
0.10997577	-0.11075395	0.06524934	-0.04979587	0.055862173	-0.15221076	0.13433903	-0.05183096	0.05140063	-0.041144527	0.99999934	-0.9050487	0.05934677	-0.0613227	0.045887765	-0.22426641	0.1822435	-0.093658075	0.05399816	-0.045068167	0.14650694	-0.16111751	0.072405875	-0.058559924	0.052001584	-0.10123978	0.08605101	-0.07485452	0.033553325	-0.031609934	0.09355985	-0.043034602	0.056477744	-0.02413425	0.027052743
-0.112631656	0.10761512	-0.06636232	0.04968449	-0.056298424	0.12973396	-0.1553259	0.05325774	-0.05356341	0.04095489	-0.9050487	0.99999905	-0.06595446	0.06221114	-0.045921206	0.17595288	-0.23240243	0.089192934	-0.053435795	0.044321295	-0.14963709	0.15401413	-0.0718395	0.05697725	-0.05157818	0.0972519	-0.0872605	0.0724693	-0.03318665	0.031067846	-0.09825309	0.044158988	-0.059148155	0.023868425	-0.026908701
0.042572822	-0.06012092	0.098330125	-0.080747135	0.07346645	-0.044610996	0.06670095	-0.24961077	0.19167806	-0.060385715	0.05934677	-0.06595446	0.999999	-0.9373628	0.05966692	-0.029279029	0.034993522	-0.06532813	0.061001897	-0.049570993	0.026012737	-0.03100943	0.040536202	-0.041903324	0.042995706	-0.027681634	0.035801783	-0.031448286	0.023703385	-0.022598376	0.028321058	-0.015343741	0.020512836	-0.01636888	0.018948875
-0.044714104	0.06109173	-0.10815305	0.08531291	-0.08126526	0.04525165	-0.06947476	0.19852118	-0.23510094	0.065380126	-0.0613227	0.06221114	-0.9373628	0.999999	-0.06650222	0.030118864	-0.03623415	0.065338716	-0.0680642	0.052999817	-0.027004918	0.03193204	-0.04239598	0.044109195	-0.04605646	0.028685212	-0.037553165	0.032747492	-0.025163876	0.023916526	-0.02961322	0.01599709	-0.021447452	0.017237658	-0.020028137
0.053760707	-0.073013745	0.1576028	-0.17146477	0.26557556	-0.04935607	0.07209618	-0.105678834	0.11714368	-0.718418	0.045887765	-0.045921206	0.05966692	-0.06650222	0.9999987	-0.054085203	0.06700113	-0.18430322	0.22832881	-0.39916414	0.050054543	-0.0659299	0.11938164	-0.15648651	0.18450694	-0.06851825	0.09870207	-0.09300775	0.089238204	-0.09053374	0.06906034	-0.04103019	0.05421408	-0.060133427	0.06825252
-0.045800213	0.04726596	-0.052709095	0.039450288	-0.058490165	0.04980073	-0.055883434	0.03177767	-0.03468393	0.04405431	-0.22426641	0.17595288	-0.029279029	0.030118864	-0.054085203	0.9999989	-0.3734671	0.13076063	-0.073280424	0.059124254	-0.77346134	0.261773	-0.11377594	0.084467866	-0.074703544	0.24377291	-0.15232237	0.118171215	-0.050141748	0.046460163	-0.25928363	0.10092747	-0.13717785	0.03741241	-0.041973304
0.04739886	-0.051361434	0.05941309	-0.045729134	0.06800156	-0.051348336	0.060113125	-0.036695275	0.039834596	-0.055295594	0.1822435	-0.23240243	0.034993522	-0.03623415	0.06700113	-0.3734671	0.9999991	-0.21492745	0.101125784	-0.08188597	0.25755537	-0.7762622	0.17552797	-0.13025327	0.10173489	-0.17754595	0.2060709	-0.19000353	0.067475386	-0.06394508	0.15119976	-0.07092108	0.091008864	-0.045712754	0.05032252
-0.05350486	0.063258655	-0.12483157	0.09654092	-0.16435264	0.049972415	-0.069104366	0.068379395	-0.07859705	0.13809137	-0.093658075	0.089192934	-0.06532813	0.065338716	-0.18430322	0.13076063	-0.21492745	0.99999887	-0.4207934	0.23815452	-0.13240378	0.1930599	-0.5680704	0.30109355	-0.31943002	0.1536134	-0.34072787	0.26581267	-0.17584018	0.15529923	-0.17212549	0.09033675	-0.12467428	0.106628664	-0.12956336
0.042562366	-0.053919703	0.11032407	-0.098879375	0.1556866	-0.03945715	0.05599891	-0.06793207	0.07605529	-0.20029657	0.05399816	-0.053435795	0.061001897	-0.0680642	0.22832881	-0.073280424	0.101125784	-0.4207934	0.99999887	-0.6596396	0.0698439	-0.10145817	0.22961232	-0.40498227	0.29675314	-0.08942274	0.15721767	-0.15630898	0.13810489	-0.14205301	0.090426244	-0.0516653	0.06836896	-0.084407255	0.09493474
-0.03911836	0.04999369	-0.10957191	0.097369485	-0.1706531	0.03572522	-0.051832464	0.06366041	-0.0733192	0.21066707	-0.045068167	0.044321295	-0.049570993	0.052999817	-0.39916414	0.059124254	-0.08188597	0.23815452	-0.6596396	0.99999887	-0.056721494	0.08036984	-0.17849253	0.26132295	-0.45728028	0.07262582	-0.13019118	0.1221571	-0.14675654	0.14531243	-0.0748579	0.0429465	-0.05719838	0.08010454	-0.09392707
0.037593745	-0.040536284	0.046992853	-0.035513602	0.05309148	-0.041091252	0.046771917	-0.028238503	0.030835187	-0.040928796	0.14650694	-0.14963709	0.026012737	-0.027004918	0.050054543	-0.77346134	0.25755537	-0.13240378	0.0698439	-0.056721494	0.99999917	-0.34380332	0.11206236	-0.08406574	0.070988744	-0.37777147	0.14815232	-0.12232149	0.04786244	-0.04478322	0.22388965	-0.090635024	0.11520841	-0.0350307	0.038883492
-0.042719297	0.045226384	-0.056708727	0.043381266	-0.06618397	0.044828247	-0.05326307	0.033815708	-0.037239082	0.053482745	-0.16111751	0.15401413	-0.03100943	0.03193204	-0.0659299	0.261773	-0.7762622	0.1930599	-0.10145817	0.08036984	-0.34380332	0.99999905	-0.22353107	0.13071634	-0.105787255	0.1764235	-0.29786545	0.19817841	-0.069867276	0.064718805	-0.16773619	0.074920684	-0.098774634	0.046020597	-0.051283646
0.036889914	-0.0435497	0.07999921	-0.06396221	0.10442702	-0.03538799	0.047354728	-0.04529974	0.051189017	-0.0963855	0.072405875	-0.0718395	0.040536202	-0.04239598	0.11938164	-0.11377594	0.17552797	-0.5680704	0.22961232	-0.17849253	0.11206236	-0.22353107	0.99999905	-0.49559242	0.24402115	-0.1280546	0.28353253	-0.46709102	0.14292671	-0.13603587	0.12221558	-0.06590349	0.086017855	-0.08356112	0.09275025
-0.03618808	0.043885484	-0.08742309	0.07190065	-0.12000446	0.033851687	-0.04697382	0.04923351	-0.05620653	0.119858764	-0.058559924	0.05697725	-0.041903324	0.044109195	-0.15648651	0.084467866	-0.13025327	0.30109355	-0.40498227	0.26132295	-0.08406574	0.13071634	-0.49559242	0.9999992	-0.59111	0.099446416	-0.21739684	0.21086526	-0.22698307	0.198824	-0.10208757	0.056571234	-0.07525817	0.10840123	-0.127712
0.0378549	-0.047132146	0.09562646	-0.08270781	0.1331867	-0.035151083	0.049395904	-0.055175137	0.062267367	-0.15548998	0.052001584	-0.05157818	0.042995706	-0.04605646	0.18450694	-0.074703544	0.10173489	-0.31943002	0.29675314	-0.45728028	0.070988744	-0.105787255	0.24402115	-0.59111	0.9999993	-0.09212725	0.16427867	-0.1793003	0.23538353	-0.3557758	0.09053432	-0.053303182	0.06951866	-0.12737514	0.1361098
-0.037300136	0.0412604	-0.062486485	0.046146076	-0.07428637	0.037350982	-0.046607316	0.033618998	-0.038021296	0.05446473	-0.10123978	0.0972519	-0.027681634	0.028685212	-0.06851825	0.24377291	-0.17754595	0.1536134	-0.08942274	0.07262582	-0.37777147	0.1764235	-0.1280546	0.099446416	-0.09212725	0.9999992	-0.2183409	0.14953437	-0.06460113	0.059449904	-0.75029945	0.22010766	-0.28973192	0.053172227	-0.0593235
0.038139198	-0.044060785	0.07461955	-0.05833731	0.09405237	-0.03746342	0.048432622	-0.04170133	0.046965986	-0.080731526	0.08605101	-0.0872605	0.035801783	-0.037553165	0.09870207	-0.15232237	0.2060709	-0.34072787	0.15721767	-0.13019118	0.14815232	-0.29786545	0.28353253	-0.21739684	0.16427867	-0.2183409	0.99999917	-0.7527632	0.1289031	-0.12239304	0.16725634	-0.091288246	0.11111164	-0.079697564	0.08396251
-0.033546947	0.038581282	-0.0674495	0.05247506	-0.086275525	0.032538738	-0.042637296	0.037097722	-0.042123068	0.07346153	-0.07485452	0.0724693	-0.031448286	0.032747492	-0.09300775	0.118171215	-0.19000353	0.26581267	-0.15630898	0.1221571	-0.12232149	0.19817841	-0.46709102	0.21086526	-0.1793003	0.14953437	-0.7527632	0.9999991	-0.15917002	0.12798052	-0.14908479	0.07699628	-0.10155626	0.07949809	-0.0868816
0.022519369	-0.027503962	0.05507441	-0.045362245	0.07423511	-0.020956283	0.02919685	-0.030448744	0.034594182	-0.074112035	0.033553325	-0.03318665	0.023703385	-0.025163876	0.089238204	-0.050141748	0.067475386	-0.17584018	0.13810489	-0.14675654	0.04786244	-0.069867276	0.14292671	-0.22698307	0.23538353	-0.06460113	0.1289031	-0.15917002	0.9999987	-0.8262433	0.06331545	-0.04217841	0.05423355	-0.31498462	0.23208855
-0.021406496	0.026139881	-0.05313357	0.043505713	-0.07257239	0.019846145	-0.027797362	0.029094197	-0.03323801	0.07122265	-0.031609934	0.031067846	-0.022598376	0.023916526	-0.09053374	0.046460163	-0.06394508	0.15529923	-0.14205301	0.14531243	-0.04478322	0.064718805	-0.13603587	0.198824	-0.3557758	0.059449904	-0.12239304	0.12798052	-0.8262433	0.99999875	-0.05976128	0.03894002	-0.050824255	0.21364906	-0.26543027
0.036660705	-0.041531585	0.0627883	-0.046807904	0.07475839	-0.037114106	0.046113275	-0.03414681	0.038420983	-0.05579106	0.09355985	-0.09825309	0.028321058	-0.02961322	0.06906034	-0.25928363	0.15119976	-0.17212549	0.090426244	-0.0748579	0.22388965	-0.16773619	0.12221558	-0.10208757	0.09053432	-0.75029945	0.16725634	-0.14908479	0.06331545	-0.05976128	0.9999985	-0.38572937	0.263494	-0.0532612	0.057654835
-0.0194886	0.022271218	-0.037200768	0.027393742	-0.044973098	0.01909048	-0.024624614	0.019369813	-0.02208667	0.03267147	-0.043034602	0.044158988	-0.015343741	0.01599709	-0.04103019	0.10092747	-0.07092108	0.09033675	-0.0516653	0.0429465	-0.090635024	0.074920684	-0.06590349	0.056571234	-0.053303182	0.22010766	-0.091288246	0.07699628	-0.04217841	0.03894002	-0.38572937	0.99999845	-0.8739888	0.052534577	-0.055740006
0.025825653	-0.029673379	0.049269423	-0.036399815	0.059479002	-0.02540278	0.032662503	-0.025793701	0.029342849	-0.04347891	0.056477744	-0.059148155	0.020512836	-0.021447452	0.05421408	-0.13717785	0.091008864	-0.12467428	0.06836896	-0.05719838	0.11520841	-0.098774634	0.086017855	-0.07525817	0.06951866	-0.28973192	0.11111164	-0.10155626	0.05423355	-0.050824255	0.263494	-0.8739888	0.9999985	-0.06893604	0.067768544
-0.01675061	0.020269493	-0.04165102	0.03269355	-0.055111196	0.015409515	-0.0216937	0.021755734	-0.025030063	0.047939304	-0.02413425	0.023868425	-0.01636888	0.017237658	-0.060133427	0.03741241	-0.045712754	0.106628664	-0.084407255	0.08010454	-0.0350307	0.046020597	-0.08356112	0.10840123	-0.12737514	0.053172227	-0.079697564	0.07949809	-0.31498462	0.21364906	-0.0532612	0.052534577	-0.06893604	0.9999984	-0.90485865
0.019205455	-0.023337327	0.047733076	-0.037805904	0.06286384	-0.017680999	0.024875546	-0.025182704	0.028851198	-0.05603226	0.027052743	-0.026908701	0.018948875	-0.020028137	0.06825252	-0.041973304	0.05032252	-0.12956336	0.09493474	-0.09392707	0.038883492	-0.051283646	0.09275025	-0.127712	0.1361098	-0.0593235	0.08396251	-0.0868816	0.23208855	-0.26543027	0.057654835	-0.055740006	0.067768544	-0.90485865	0.9999984
