1.0	-0.7096542	0.25240344	-0.25499278	0.17695396	-0.35563707	0.2789257	-0.21747464	0.17790903	-0.17975116	0.2181691	-0.29365438	0.17928918	-0.1429788	0.13568547	-0.14719486	0.14186151	-0.160191	0.114714906	-0.08852349	0.1312677	-0.1578602	0.12619157	-0.100514136	0.095101036	-0.09471764	0.085172504	-0.1120483	0.12421656	-0.0512368	0.075130574	-0.056705184	0.05851933	-0.048215352	0.055811845
-0.7096542	0.9999999	-0.3976888	0.23231974	-0.17451206	0.20078847	-0.42491788	0.22044633	-0.18141702	0.16032566	-0.17357868	0.23371975	-0.1598056	0.12297781	-0.11921377	0.1119537	-0.11486998	0.13109876	-0.096925944	0.07444623	-0.10606215	0.12145743	-0.10444009	0.08298455	-0.08022424	0.07362062	-0.06803027	0.090017095	-0.10228112	0.041578174	-0.06050556	0.04501904	-0.047735907	0.039216418	-0.045488607
0.25240344	-0.3976888	0.9999995	-0.68344843	0.2580844	-0.15531212	0.24625586	-0.37833828	0.24978256	-0.2542953	0.12958118	-0.2111392	0.17488743	-0.15086482	0.1401052	-0.10391392	0.111205906	-0.14722125	0.10987207	-0.08606333	0.096630216	-0.12295496	0.11339494	-0.09466453	0.091162644	-0.07266827	0.06637539	-0.10019703	0.11310766	-0.046378616	0.059434004	-0.044902172	0.052441757	-0.043213457	0.050508283
-0.25499278	0.23231974	-0.68344843	0.9999994	-0.47705567	0.13575393	-0.22779953	0.25708753	-0.3111672	0.26694912	-0.121542424	0.1815321	-0.16879304	0.14995375	-0.14934514	0.095618635	-0.10322936	0.13595629	-0.110595785	0.086509936	-0.092164025	0.11175038	-0.11105199	0.09335131	-0.0930293	0.067961656	-0.06310942	0.09562914	-0.112922564	0.0456812	-0.057262138	0.04276598	-0.05209358	0.042681657	-0.05015947
0.17695396	-0.17451206	0.2580844	-0.47705567	0.99999934	-0.13390097	0.19528009	-0.26080206	0.2805419	-0.6916096	0.114617445	-0.18973301	0.17326668	-0.17239471	0.16431272	-0.101388805	0.11018522	-0.15214635	0.121877894	-0.098199554	0.09513157	-0.12450818	0.122146614	-0.10638953	0.10317751	-0.07444035	0.067866735	-0.1094482	0.12644807	-0.052203562	0.06154514	-0.04667351	0.058731325	-0.048313506	0.05694469
-0.35563707	0.20078847	-0.15531212	0.13575393	-0.13390097	0.9999993	-0.25157094	0.15149689	-0.13904332	0.12095913	-0.7801742	0.26210427	-0.16967513	0.116521336	-0.11847168	0.2103859	-0.16228518	0.14039993	-0.10211206	0.07624985	-0.20982763	0.15559445	-0.117829084	0.086695455	-0.0839957	0.110863045	-0.10535701	0.097724654	-0.11215345	0.04513355	-0.09254265	0.06580877	-0.053691488	0.043915864	-0.04968611
0.2789257	-0.42491788	0.24625586	-0.22779953	0.19528009	-0.25157094	0.99999946	-0.4525626	0.24440816	-0.21124412	0.20985176	-0.55952007	0.23940106	-0.17782283	0.16057192	-0.1551619	0.17448692	-0.19746901	0.13373737	-0.10274055	0.13855407	-0.18557677	0.14443764	-0.1145453	0.10830028	-0.10054304	0.09176142	-0.12589599	0.13671689	-0.05580872	0.079711355	-0.06053336	0.06339799	-0.05243361	0.06051151
-0.21747464	0.22044633	-0.37833828	0.25708753	-0.26080206	0.15149689	-0.4525626	0.9999992	-0.6118909	0.25801632	-0.1382105	0.24783033	-0.29845065	0.20078869	-0.18342772	0.11125377	-0.12909494	0.18525565	-0.13675463	0.10498686	-0.10517341	0.13499188	-0.13533174	0.111655265	-0.10978576	0.07752938	-0.07202004	0.11438155	-0.1290082	0.05182998	-0.06415213	0.048343994	-0.058470707	0.048285056	-0.05633882
0.17790903	-0.18141702	0.24978256	-0.3111672	0.2805419	-0.13904332	0.24440816	-0.6118909	0.99999917	-0.50966257	0.121129505	-0.22013757	0.21734156	-0.2832463	0.20145515	-0.104592666	0.118209645	-0.1756031	0.13931517	-0.11186905	0.09736765	-0.1300188	0.12732396	-0.11548606	0.11271192	-0.07447507	0.068343416	-0.1129225	0.12637095	-0.051681057	0.06102913	-0.046382505	0.057416614	-0.047662325	0.055731524
-0.17975116	0.16032566	-0.2542953	0.26694912	-0.6916096	0.12095913	-0.21124412	0.25801632	-0.50966257	0.9999993	-0.10937926	0.174733	-0.18259418	0.18660636	-0.20390022	0.0932414	-0.10408351	0.14566633	-0.12815487	0.10380909	-0.089991875	0.112922795	-0.11978365	0.10645687	-0.10940227	0.06805797	-0.06331002	0.10312626	-0.12404134	0.049991608	-0.0577107	0.04329658	-0.056582224	0.046409577	-0.054819964
0.2181691	-0.17357868	0.12958118	-0.121542424	0.114617445	-0.7801742	0.20985176	-0.1382105	0.121129505	-0.10937926	0.9999993	-0.37977818	0.16287635	-0.11009803	0.10755624	-0.30560473	0.17223407	-0.14227587	0.09509459	-0.07113524	0.1997137	-0.16911948	0.11064406	-0.081310205	0.07700998	-0.11223537	0.100441284	-0.09375256	0.10241208	-0.041610215	0.0856339	-0.06287052	0.04903815	-0.040410094	0.0453731
-0.29365438	0.23371975	-0.2111392	0.1815321	-0.18973301	0.26210427	-0.55952007	0.24783033	-0.22013757	0.174733	-0.37977818	0.9999992	-0.38514763	0.18957038	-0.18631293	0.20171984	-0.29568923	0.23683956	-0.15996373	0.11763229	-0.19160092	0.22526468	-0.18161686	0.1312469	-0.12706803	0.12356497	-0.118222706	0.14519803	-0.16312718	0.064558655	-0.10188477	0.07536924	-0.07505005	0.061633866	-0.070739165
0.17928918	-0.1598056	0.17488743	-0.16879304	0.17326668	-0.16967513	0.23940106	-0.29845065	0.21734156	-0.18259418	0.16287635	-0.38514763	0.99999905	-0.37987286	0.24708949	-0.15922816	0.20998272	-0.6031463	0.22569777	-0.16904226	0.14309347	-0.21816556	0.2306422	-0.18369064	0.1620469	-0.10980084	0.10164489	-0.20330073	0.18842037	-0.07633165	0.08756532	-0.067710616	0.082709566	-0.07009377	0.080279574
-0.1429788	0.12297781	-0.15086482	0.14995375	-0.17239471	0.116521336	-0.17782283	0.20078869	-0.2832463	0.18660636	-0.11009803	0.18957038	-0.37987286	0.9999991	-0.71435857	0.10550107	-0.130218	0.23614667	-0.31774247	0.23874238	-0.100876875	0.13762493	-0.16886106	0.20258234	-0.22600976	0.078313634	-0.07325313	0.14703447	-0.1756381	0.070170544	-0.06588256	0.050326794	-0.07462491	0.06300908	-0.074123465
0.13568547	-0.11921377	0.1401052	-0.14934514	0.16431272	-0.11847168	0.16057192	-0.18342772	0.20145515	-0.20390022	0.10755624	-0.18631293	0.24708949	-0.71435857	0.999999	-0.10901419	0.12920964	-0.23675676	0.26591283	-0.38873175	0.101951994	-0.1451081	0.16444619	-0.23442744	0.23644027	-0.08261938	0.07585968	-0.1578789	0.17898254	-0.07602609	0.06827117	-0.052759677	0.07760689	-0.06666554	0.07814159
-0.14719486	0.1119537	-0.10391392	0.095618635	-0.101388805	0.2103859	-0.1551619	0.11125377	-0.104592666	0.0932414	-0.30560473	0.20171984	-0.15922816	0.10550107	-0.10901419	0.9999989	-0.39476764	0.16068582	-0.10410827	0.0748854	-0.7277231	0.26920792	-0.13349399	0.08774543	-0.08261406	0.22201228	-0.20675841	0.108275265	-0.11600565	0.047192078	-0.1666375	0.11611483	-0.05909783	0.048680123	-0.05144895
0.14186151	-0.11486998	0.111205906	-0.10322936	0.11018522	-0.16228518	0.17448692	-0.12909494	0.118209645	-0.10408351	0.17223407	-0.29568923	0.20998272	-0.130218	0.12920964	-0.39476764	0.99999887	-0.30405763	0.13368241	-0.09360437	0.25370333	-0.7305685	0.17794703	-0.109473966	0.099162914	-0.17635123	0.1672292	-0.13935979	0.13486035	-0.05367393	0.12232766	-0.098660685	0.063785724	-0.053135812	0.057814337
-0.160191	0.13109876	-0.14722125	0.13595629	-0.15214635	0.14039993	-0.19746901	0.18525565	-0.1756031	0.14566633	-0.14227587	0.23683956	-0.6031463	0.23614667	-0.23675676	0.16068582	-0.30405763	0.99999887	-0.34379137	0.18258695	-0.15264527	0.22915532	-0.4156414	0.20590957	-0.18528593	0.111928344	-0.10822188	0.23583205	-0.22882152	0.08469659	-0.09232619	0.07077824	-0.09455278	0.0793006	-0.09065607
0.114714906	-0.096925944	0.10987207	-0.110595785	0.121877894	-0.10211206	0.13373737	-0.13675463	0.13931517	-0.12815487	0.09509459	-0.15996373	0.22569777	-0.31774247	0.26591283	-0.10410827	0.13368241	-0.34379137	0.999999	-0.52474695	0.09738859	-0.14538255	0.18889797	-0.555919	0.31756878	-0.079587325	0.07412142	-0.18977445	0.22942698	-0.091062404	0.06630304	-0.051892646	0.088646434	-0.07947863	0.089925624
-0.08852349	0.07444623	-0.08606333	0.086509936	-0.098199554	0.07624985	-0.10274055	0.10498686	-0.11186905	0.10380909	-0.07113524	0.11763229	-0.16904226	0.23874238	-0.38873175	0.0748854	-0.09360437	0.18258695	-0.52474695	0.9999992	-0.07152611	0.10123565	-0.13732035	0.3012816	-0.6586627	0.058065373	-0.05432446	0.13117373	-0.17705423	0.07229066	-0.049355272	0.038340133	-0.06916156	0.06047885	-0.0730388
0.1312677	-0.10606215	0.096630216	-0.092164025	0.09513157	-0.20982763	0.13855407	-0.10517341	0.09736765	-0.089991875	0.1997137	-0.19160092	0.14309347	-0.100876875	0.101951994	-0.7277231	0.25370333	-0.15264527	0.09738859	-0.07152611	0.9999989	-0.3257772	0.12682179	-0.08495162	0.07835566	-0.39811844	0.22117242	-0.10937241	0.11141962	-0.046409424	0.16671647	-0.13102968	0.058219444	-0.04844743	0.050089005
-0.1578602	0.12145743	-0.12295496	0.11175038	-0.12450818	0.15559445	-0.18557677	0.13499188	-0.1300188	0.112922795	-0.16911948	0.22526468	-0.21816556	0.13762493	-0.1451081	0.26920792	-0.7305685	0.22915532	-0.14538255	0.10123565	-0.3257772	0.9999989	-0.22606602	0.11948292	-0.11231223	0.20911713	-0.2678643	0.15683334	-0.1616084	0.06323643	-0.17368257	0.13292223	-0.07799384	0.064141646	-0.06910168
0.12619157	-0.10444009	0.11339494	-0.11105199	0.122146614	-0.117829084	0.14443764	-0.13533174	0.12732396	-0.11978365	0.11064406	-0.18161686	0.2306422	-0.16886106	0.16444619	-0.13349399	0.17794703	-0.4156414	0.18889797	-0.13732035	0.12682179	-0.22606602	0.99999857	-0.19277692	0.14842515	-0.109452546	0.10559813	-0.7104377	0.27065206	-0.10289904	0.08807712	-0.07099929	0.10576151	-0.09446474	0.10270826
-0.100514136	0.08298455	-0.09466453	0.09335131	-0.10638953	0.086695455	-0.1145453	0.111655265	-0.11548606	0.10645687	-0.081310205	0.1312469	-0.18369064	0.20258234	-0.23442744	0.08774543	-0.109473966	0.20590957	-0.555919	0.3012816	-0.08495162	0.11948292	-0.19277692	0.99999857	-0.56162417	0.07076773	-0.067067795	0.1946751	-0.41000375	0.11473899	-0.06212748	0.048903152	-0.11568733	0.103239276	-0.11565732
0.095101036	-0.08022424	0.091162644	-0.0930293	0.10317751	-0.0839957	0.10830028	-0.10978576	0.11271192	-0.10940227	0.07700998	-0.12706803	0.1620469	-0.22600976	0.23644027	-0.08261406	0.099162914	-0.18528593	0.31756878	-0.6586627	0.07835566	-0.11231223	0.14842515	-0.56162417	0.9999987	-0.065725595	0.0609296	-0.16037051	0.21261555	-0.095977776	0.05573955	-0.04373714	0.08252313	-0.07514472	0.09026067
-0.09471764	0.07362062	-0.07266827	0.067961656	-0.07444035	0.110863045	-0.10054304	0.07752938	-0.07447507	0.06805797	-0.11223537	0.12356497	-0.10980084	0.078313634	-0.08261938	0.22201228	-0.17635123	0.111928344	-0.079587325	0.058065373	-0.39811844	0.20911713	-0.109452546	0.07076773	-0.065725595	0.9999985	-0.70444834	0.09751107	-0.10233625	0.04456762	-0.40810475	0.27288398	-0.06622033	0.054607384	-0.04807154
0.085172504	-0.06803027	0.06637539	-0.06310942	0.067866735	-0.10535701	0.09176142	-0.07202004	0.068343416	-0.06331002	0.100441284	-0.118222706	0.10164489	-0.07325313	0.07585968	-0.20675841	0.1672292	-0.10822188	0.07412142	-0.05432446	0.22117242	-0.2678643	0.10559813	-0.067067795	0.0609296	-0.70444834	0.99999857	-0.10221524	0.09627701	-0.04312327	0.30404854	-0.48747766	0.06702226	-0.057049185	0.04560029
-0.1120483	0.090017095	-0.10019703	0.09562914	-0.1094482	0.097724654	-0.12589599	0.11438155	-0.1129225	0.10312626	-0.09375256	0.14519803	-0.20330073	0.14703447	-0.1578789	0.108275265	-0.13935979	0.23583205	-0.18977445	0.13117373	-0.10937241	0.15683334	-0.7104377	0.1946751	-0.16037051	0.09751107	-0.10221524	0.9999984	-0.4995016	0.12849423	-0.08482493	0.06822928	-0.14589049	0.1250368	-0.13636467
0.12421656	-0.10228112	0.11310766	-0.112922564	0.12644807	-0.11215345	0.13671689	-0.1290082	0.12637095	-0.12404134	0.10241208	-0.16312718	0.18842037	-0.1756381	0.17898254	-0.11600565	0.13486035	-0.22882152	0.22942698	-0.17705423	0.11141962	-0.1616084	0.27065206	-0.41000375	0.21261555	-0.10233625	0.09627701	-0.4995016	0.9999986	-0.28361452	0.09011445	-0.07430917	0.21211654	-0.26401317	0.21462004
-0.0512368	0.041578174	-0.046378616	0.0456812	-0.052203562	0.04513355	-0.05580872	0.05182998	-0.051681057	0.049991608	-0.041610215	0.064558655	-0.07633165	0.070170544	-0.07602609	0.047192078	-0.05367393	0.08469659	-0.091062404	0.07229066	-0.046409424	0.06323643	-0.10289904	0.11473899	-0.095977776	0.04456762	-0.04312327	0.12849423	-0.28361452	0.9999988	-0.04615998	0.038708292	-0.20222569	0.18494551	-0.9001991
0.075130574	-0.06050556	0.059434004	-0.057262138	0.06154514	-0.09254265	0.079711355	-0.06415213	0.06102913	-0.0577107	0.0856339	-0.10188477	0.08756532	-0.06588256	0.06827117	-0.1666375	0.12232766	-0.09232619	0.06630304	-0.049355272	0.16671647	-0.17368257	0.08807712	-0.06212748	0.05573955	-0.40810475	0.30404854	-0.08482493	0.09011445	-0.04615998	0.99999875	-0.80509555	0.082965836	-0.07317097	0.047630824
-0.056705184	0.04501904	-0.044902172	0.04276598	-0.04667351	0.06580877	-0.06053336	0.048343994	-0.046382505	0.04329658	-0.06287052	0.07536924	-0.067710616	0.050326794	-0.052759677	0.11611483	-0.098660685	0.07077824	-0.051892646	0.038340133	-0.13102968	0.13292223	-0.07099929	0.048903152	-0.04373714	0.27288398	-0.48747766	0.06822928	-0.07430917	0.038708292	-0.80509555	0.9999986	-0.08555534	0.06805296	-0.04018425
0.05851933	-0.047735907	0.052441757	-0.05209358	0.058731325	-0.053691488	0.06339799	-0.058470707	0.057416614	-0.056582224	0.04903815	-0.07505005	0.082709566	-0.07462491	0.07760689	-0.05909783	0.063785724	-0.09455278	0.088646434	-0.06916156	0.058219444	-0.07799384	0.10576151	-0.11568733	0.08252313	-0.06622033	0.06702226	-0.14589049	0.21211654	-0.20222569	0.082965836	-0.08555534	0.9999986	-0.8986021	0.18454325
-0.048215352	0.039216418	-0.043213457	0.042681657	-0.048313506	0.043915864	-0.05243361	0.048285056	-0.047662325	0.046409577	-0.040410094	0.061633866	-0.07009377	0.06300908	-0.06666554	0.048680123	-0.053135812	0.0793006	-0.07947863	0.06047885	-0.04844743	0.064141646	-0.09446474	0.103239276	-0.07514472	0.054607384	-0.057049185	0.1250368	-0.26401317	0.18494551	-0.07317097	0.06805296	-0.8986021	0.9999987	-0.235137
0.055811845	-0.045488607	0.050508283	-0.05015947	0.05694469	-0.04968611	0.06051151	-0.05633882	0.055731524	-0.054819964	0.0453731	-0.070739165	0.080279574	-0.074123465	0.07814159	-0.05144895	0.057814337	-0.09065607	0.089925624	-0.0730388	0.050089005	-0.06910168	0.10270826	-0.11565732	0.09026067	-0.04807154	0.04560029	-0.13636467	0.21462004	-0.9001991	0.047630824	-0.04018425	0.18454325	-0.235137	0.9999987
