1.0	-0.4896633	0.22958913	-0.1457765	0.08173931	-0.7169037	0.29279062	-0.2048897	0.12544766	-0.086050674	0.2582486	-0.27092063	0.15382455	-0.09729171	0.11459242	-0.088117644	0.093528286	-0.1041935	0.10726044	-0.06662115	0.06220627	-0.09416616	0.11326554	-0.087641776	0.0685887	-0.063071504	0.04825021	-0.05257551	0.06506972	-0.09602476	0.07461977	-0.04344268	0.058992352	-0.061963357	0.05445452
-0.4896633	0.9999998	-0.44662568	0.16894273	-0.096640274	0.2920199	-0.6083413	0.2528952	-0.15463093	0.09798711	-0.26591083	0.2500354	-0.17820114	0.10763517	-0.1268518	0.081939705	-0.09319626	0.11132684	-0.11369615	0.068888836	-0.059889022	0.08855434	-0.121082224	0.088592865	-0.0706412	0.059699103	-0.049129475	0.05331607	-0.0655328	0.094863325	-0.0730196	0.04318985	-0.059033502	0.059263278	-0.052515537
0.22958913	-0.44662568	0.99999934	-0.40569773	0.17466858	-0.2263216	0.27478498	-0.5323819	0.26543552	-0.18650591	0.20557	-0.22771898	0.24761389	-0.1818904	0.2002477	-0.09441639	0.10254119	-0.17011757	0.1761302	-0.110161446	0.06768519	-0.10332338	0.16972965	-0.14081064	0.11002887	-0.07390617	0.06762205	-0.07523924	0.10282179	-0.15483572	0.088023886	-0.057629563	0.07824322	-0.09755352	0.08493674
-0.1457765	0.16894273	-0.40569773	0.99999934	-0.46230504	0.12720963	-0.1666893	0.27291438	-0.593222	0.29532894	-0.14045127	0.1353289	-0.20568076	0.23328051	-0.28907982	0.06449672	-0.07223598	0.12566696	-0.19889122	0.10980376	-0.047224298	0.07096705	-0.14074442	0.11825435	-0.105863884	0.051756993	-0.05315437	0.0580914	-0.0865785	0.1268433	-0.06359268	0.043426085	-0.059899572	0.07439292	-0.06617523
0.08173931	-0.096640274	0.17466858	-0.46230504	0.9999993	-0.07578349	0.09348103	-0.17096764	0.27069178	-0.8042031	0.08195998	-0.08223513	0.12124184	-0.16946103	0.19262257	-0.04078269	0.044678938	-0.079416	0.1248081	-0.07591746	0.029637558	-0.044555813	0.087059185	-0.081553236	0.07003372	-0.033065088	0.033657663	-0.037126526	0.059012838	-0.08998942	0.04024424	-0.027702324	0.038039953	-0.052595966	0.045996744
-0.7169037	0.2920199	-0.2263216	0.12720963	-0.07578349	0.9999992	-0.39791843	0.18806453	-0.119379014	0.07770254	-0.4268523	0.26825842	-0.1536905	0.089913696	-0.10806151	0.09203468	-0.09525866	0.09864531	-0.10010256	0.06085635	-0.06655708	0.09179935	-0.11023193	0.079482235	-0.06315393	0.06325232	-0.047062732	0.050628632	-0.05919307	0.085209556	-0.07748899	0.042931896	-0.058629453	0.05387791	-0.047901276
0.29279062	-0.6083413	0.27478498	-0.1666893	0.09348103	-0.39791843	0.9999993	-0.36048982	0.15762022	-0.09938345	0.2779112	-0.4470643	0.18615821	-0.10966573	0.12436455	-0.088055246	0.1067713	-0.11940154	0.112724565	-0.06935831	0.06371919	-0.10303561	0.12320758	-0.0905387	0.070792936	-0.06261576	0.050033625	-0.0546748	0.066478804	-0.09676022	0.075023815	-0.044147525	0.059949458	-0.06025291	0.053152632
-0.2048897	0.2528952	-0.5323819	0.27291438	-0.17096764	0.18806453	-0.36048982	0.99999934	-0.42978773	0.17575866	-0.20043294	0.20550525	-0.43251312	0.19337443	-0.21330965	0.084839806	-0.10080032	0.1947469	-0.18047363	0.10620714	-0.06222534	0.09773408	-0.1967646	0.13338657	-0.10684345	0.06636922	-0.068497315	0.075393975	-0.096841134	0.13821788	-0.080679335	0.05508011	-0.07534843	0.082238875	-0.07288171
0.12544766	-0.15463093	0.26543552	-0.593222	0.27069178	-0.119379014	0.15762022	-0.42978773	0.9999993	-0.39470974	0.1257155	-0.13054694	0.20096064	-0.37647888	0.26633847	-0.060980376	0.06821664	-0.12847455	0.19466451	-0.11337242	0.044344354	-0.06795557	0.13261627	-0.120158315	0.10299113	-0.049020987	0.0501445	-0.055595856	0.08608802	-0.13005456	0.059448328	-0.041038588	0.056161374	-0.07498284	0.06567936
-0.086050674	0.09798711	-0.18650591	0.29532894	-0.8042031	0.07770254	-0.09938345	0.17575866	-0.39470974	0.99999946	-0.08618398	0.08452294	-0.1326516	0.1889863	-0.26604027	0.041965406	-0.046591327	0.08342256	-0.14073494	0.08191284	-0.030639121	0.046121858	-0.092941076	0.084963895	-0.07574988	0.034015436	-0.035314117	0.038796466	-0.061560452	0.092486106	-0.041632645	0.02880228	-0.03965676	0.0533608	-0.046996947
0.2582486	-0.26591083	0.20557	-0.14045127	0.08195998	-0.4268523	0.2779112	-0.20043294	0.1257155	-0.08618398	0.9999994	-0.70898205	0.18036579	-0.10325668	0.122942835	-0.19033922	0.16441464	-0.12782785	0.11901222	-0.074843474	0.1193288	-0.16898228	0.13816588	-0.101937436	0.07790078	-0.10769351	0.064333014	-0.069397025	0.07560181	-0.11035133	0.12248678	-0.06237461	0.08350547	-0.07095429	0.062455427
-0.27092063	0.2500354	-0.22771898	0.1353289	-0.08223513	0.26825842	-0.4470643	0.20550525	-0.13054694	0.08452294	-0.70898205	0.9999992	-0.21589966	0.102361	-0.123044744	0.14008224	-0.21565631	0.13328698	-0.11692787	0.071678214	-0.10495712	0.16740988	-0.1467989	0.09680639	-0.075173065	0.0917083	-0.06306373	0.06737843	-0.07186098	0.10130532	-0.112858936	0.058765285	-0.07988037	0.063103616	-0.056346856
0.15382455	-0.17820114	0.24761389	-0.20568076	0.12124184	-0.1536905	0.18615821	-0.43251312	0.20096064	-0.1326516	0.18036579	-0.21589966	0.99999934	-0.19822723	0.1964291	-0.10820789	0.13329893	-0.5857784	0.19657218	-0.13349466	0.07840971	-0.13728102	0.29436275	-0.2034702	0.13539791	-0.087432265	0.09708334	-0.11573517	0.13791941	-0.20186175	0.10215722	-0.07666914	0.10131574	-0.11697558	0.10138719
-0.09729171	0.10763517	-0.1818904	0.23328051	-0.16946103	0.089913696	-0.10966573	0.19337443	-0.37647888	0.1889863	-0.10325668	0.102361	-0.19822723	0.9999992	-0.69623524	0.05671672	-0.06293856	0.12558253	-0.45675853	0.1848885	-0.04140349	0.06292448	-0.13892688	0.15416005	-0.15633276	0.047062803	-0.051935505	0.057593714	-0.10879974	0.16520207	-0.057507165	0.0415132	-0.057082925	0.08859404	-0.07776058
0.11459242	-0.1268518	0.2002477	-0.28907982	0.19262257	-0.10806151	0.12436455	-0.21330965	0.26633847	-0.26604027	0.122942835	-0.123044744	0.1964291	-0.69623524	0.9999989	-0.071192265	0.07562035	-0.14177458	0.2915532	-0.22010219	0.051540952	-0.07659583	0.15948321	-0.1966796	0.16986841	-0.059542324	0.06309985	-0.070356004	0.13747825	-0.22305995	0.07232277	-0.05158939	0.070739694	-0.12211564	0.1045367
-0.088117644	0.081939705	-0.09441639	0.06449672	-0.04078269	0.09203468	-0.088055246	0.084839806	-0.060980376	0.041965406	-0.19033922	0.14008224	-0.10820789	0.05671672	-0.071192265	0.9999988	-0.2545874	0.09127377	-0.07452057	0.047051962	-0.7444212	0.21303329	-0.11385621	0.069069326	-0.05117319	0.30024278	-0.101927385	0.099299535	-0.05315121	0.07136712	-0.41494712	0.13537551	-0.18169282	0.044940133	-0.04077227
0.093528286	-0.09319626	0.10254119	-0.07223598	0.044678938	-0.09525866	0.1067713	-0.10080032	0.06821664	-0.046591327	0.16441464	-0.21565631	0.13329893	-0.06293856	0.07562035	-0.2545874	0.99999887	-0.15638514	0.08004608	-0.052610204	0.18912083	-0.8799355	0.15558012	-0.08263225	0.056682404	-0.1385168	0.06977375	-0.075054616	0.0592843	-0.07984602	0.14008364	-0.06646062	0.08606262	-0.047576055	0.042491395
-0.1041935	0.11132684	-0.17011757	0.12566696	-0.079416	0.09864531	-0.11940154	0.1947469	-0.12847455	0.08342256	-0.12782785	0.13328698	-0.5857784	0.12558253	-0.14177458	0.09127377	-0.15638514	0.99999887	-0.16384925	0.10571484	-0.069553904	0.14110884	-0.6657339	0.18205424	-0.117854625	0.07475513	-0.117492005	0.13209103	-0.12751344	0.15190709	-0.0896734	0.07663789	-0.10392446	0.08381692	-0.075690754
0.10726044	-0.11369615	0.1761302	-0.19889122	0.1248081	-0.10010256	0.112724565	-0.18047363	0.19466451	-0.14073494	0.11901222	-0.11692787	0.19657218	-0.45675853	0.2915532	-0.07452057	0.08004608	-0.16384925	0.99999887	-0.50922865	0.054226626	-0.08147476	0.18789318	-0.30366156	0.28176212	-0.06346845	0.07264376	-0.08165934	0.1965057	-0.32088235	0.077455804	-0.05773632	0.07917287	-0.1538658	0.1320588
-0.06662115	0.068888836	-0.110161446	0.10980376	-0.07591746	0.06085635	-0.06935831	0.10620714	-0.11337242	0.08191284	-0.074843474	0.071678214	-0.13349466	0.1848885	-0.22010219	0.047051962	-0.052610204	0.10571484	-0.50922865	0.99999887	-0.03473188	0.052776568	-0.14268598	0.23493063	-0.7358662	0.0405598	-0.05200413	0.057515703	-0.17057744	0.20950408	-0.050402354	0.039318703	-0.054575864	0.0957116	-0.09093289
0.06220627	-0.059889022	0.06768519	-0.047224298	0.029637558	-0.06655708	0.06371919	-0.06222534	0.044344354	-0.030639121	0.1193288	-0.10495712	0.07840971	-0.04140349	0.051540952	-0.7444212	0.18912083	-0.069553904	0.054226626	-0.03473188	0.99999905	-0.24260129	0.08559567	-0.05187482	0.03764398	-0.5108595	0.07519727	-0.074936576	0.039474927	-0.053425834	0.28348532	-0.0974071	0.120642394	-0.03345622	0.030108577
-0.09416616	0.08855434	-0.10332338	0.07096705	-0.044555813	0.09179935	-0.10303561	0.09773408	-0.06795557	0.046121858	-0.16898228	0.16740988	-0.13728102	0.06292448	-0.07659583	0.21303329	-0.8799355	0.14110884	-0.08147476	0.052776568	-0.24260129	0.9999989	-0.18243343	0.083141126	-0.05777757	0.14248091	-0.07765228	0.080132425	-0.060617026	0.07879213	-0.16069895	0.07292123	-0.09605561	0.046842452	-0.042305835
0.11326554	-0.121082224	0.16972965	-0.14074442	0.087059185	-0.11023193	0.12320758	-0.1967646	0.13261627	-0.092941076	0.13816588	-0.1467989	0.29436275	-0.13892688	0.15948321	-0.11385621	0.15558012	-0.6657339	0.18789318	-0.14268598	0.08559567	-0.18243343	0.999999	-0.3345409	0.15690897	-0.097408034	0.15941273	-0.23555487	0.18163596	-0.22781542	0.11338084	-0.10639296	0.13552321	-0.11877282	0.10473714
-0.087641776	0.088592865	-0.14081064	0.11825435	-0.081553236	0.079482235	-0.0905387	0.13338657	-0.120158315	0.084963895	-0.101937436	0.09680639	-0.2034702	0.15416005	-0.1966796	0.069069326	-0.08263225	0.18205424	-0.30366156	0.23493063	-0.05187482	0.083141126	-0.3345409	0.99999875	-0.41788	0.060721856	-0.0951649	0.10675003	-0.6179241	0.3183707	-0.07609041	0.06518365	-0.09036395	0.1448231	-0.14661784
0.0685887	-0.0706412	0.11002887	-0.105863884	0.07003372	-0.06315393	0.070792936	-0.10684345	0.10299113	-0.07574988	0.07790078	-0.075173065	0.13539791	-0.15633276	0.16986841	-0.05117319	0.056682404	-0.117854625	0.28176212	-0.7358662	0.03764398	-0.05777757	0.15690897	-0.41788	0.99999845	-0.044324737	0.057511102	-0.065205745	0.219198	-0.3166938	0.054617785	-0.04335324	0.059563458	-0.11704141	0.107325904
-0.063071504	0.059699103	-0.07390617	0.051756993	-0.033065088	0.06325232	-0.06261576	0.06636922	-0.049020987	0.034015436	-0.10769351	0.0917083	-0.087432265	0.047062803	-0.059542324	0.30024278	-0.1385168	0.07475513	-0.06346845	0.0405598	-0.5108595	0.14248091	-0.097408034	0.060721856	-0.044324737	0.9999983	-0.13050017	0.11933753	-0.047632832	0.06345196	-0.72893924	0.18113805	-0.22497518	0.040014118	-0.036240872
0.04825021	-0.049129475	0.06762205	-0.05315437	0.033657663	-0.047062732	0.050033625	-0.068497315	0.0501445	-0.035314117	0.064333014	-0.06306373	0.09708334	-0.051935505	0.06309985	-0.101927385	0.06977375	-0.117492005	0.07264376	-0.05200413	0.07519727	-0.07765228	0.15941273	-0.0951649	0.057511102	-0.13050017	0.9999983	-0.8231029	0.0779575	-0.09422992	0.15151225	-0.41288185	0.2764369	-0.050818842	0.045109503
-0.05257551	0.05331607	-0.07523924	0.0580914	-0.037126526	0.050628632	-0.0546748	0.075393975	-0.055595856	0.038796466	-0.069397025	0.06737843	-0.11573517	0.057593714	-0.070356004	0.099299535	-0.075054616	0.13209103	-0.08165934	0.057515703	-0.074936576	0.080132425	-0.23555487	0.10675003	-0.065205745	0.11933753	-0.8231029	0.99999803	-0.09473264	0.101907656	-0.15855782	0.26778716	-0.3716036	0.054806314	-0.04958405
0.06506972	-0.0655328	0.10282179	-0.0865785	0.059012838	-0.05919307	0.066478804	-0.096841134	0.08608802	-0.061560452	0.07560181	-0.07186098	0.13791941	-0.10879974	0.13747825	-0.05315121	0.0592843	-0.12751344	0.1965057	-0.17057744	0.039474927	-0.060617026	0.18163596	-0.6179241	0.219198	-0.047632832	0.0779575	-0.09473264	0.9999979	-0.6642884	0.059334405	-0.053207707	0.07245061	-0.18741326	0.1649347
-0.09602476	0.094863325	-0.15483572	0.1268433	-0.08998942	0.085209556	-0.09676022	0.13821788	-0.13005456	0.092486106	-0.11035133	0.10130532	-0.20186175	0.16520207	-0.22305995	0.07136712	-0.07984602	0.15190709	-0.32088235	0.20950408	-0.053425834	0.07879213	-0.22781542	0.3183707	-0.3166938	0.06345196	-0.09422992	0.101907656	-0.6642884	0.99999803	-0.081288815	0.06738481	-0.09540646	0.20825392	-0.26366505
0.07461977	-0.0730196	0.088023886	-0.06359268	0.04024424	-0.07748899	0.075023815	-0.080679335	0.059448328	-0.041632645	0.12248678	-0.112858936	0.10215722	-0.057507165	0.07232277	-0.41494712	0.14008364	-0.0896734	0.077455804	-0.050402354	0.28348532	-0.16069895	0.11338084	-0.07609041	0.054617785	-0.72893924	0.15151225	-0.15855782	0.059334405	-0.081288815	0.99999785	-0.3064879	0.23361471	-0.05167879	0.046050176
-0.04344268	0.04318985	-0.057629563	0.043426085	-0.027702324	0.042931896	-0.044147525	0.05508011	-0.041038588	0.02880228	-0.06237461	0.058765285	-0.07666914	0.0415132	-0.05158939	0.13537551	-0.06646062	0.07663789	-0.05773632	0.039318703	-0.0974071	0.07292123	-0.10639296	0.06518365	-0.04335324	0.18113805	-0.41288185	0.26778716	-0.053207707	0.06738481	-0.3064879	0.9999977	-0.7887942	0.04016072	-0.035919487
0.058992352	-0.059033502	0.07824322	-0.059899572	0.038039953	-0.058629453	0.059949458	-0.07534843	0.056161374	-0.03965676	0.08350547	-0.07988037	0.10131574	-0.057082925	0.070739694	-0.18169282	0.08606262	-0.10392446	0.07917287	-0.054575864	0.120642394	-0.09605561	0.13552321	-0.09036395	0.059563458	-0.22497518	0.2764369	-0.3716036	0.07245061	-0.09540646	0.23361471	-0.7887942	0.99999785	-0.05724729	0.050436027
-0.061963357	0.059263278	-0.09755352	0.07439292	-0.052595966	0.05387791	-0.06025291	0.082238875	-0.07498284	0.0533608	-0.07095429	0.063103616	-0.11697558	0.08859404	-0.12211564	0.044940133	-0.047576055	0.08381692	-0.1538658	0.0957116	-0.03345622	0.046842452	-0.11877282	0.1448231	-0.11704141	0.040014118	-0.050818842	0.054806314	-0.18741326	0.20825392	-0.05167879	0.04016072	-0.05724729	0.999998	-0.9199953
0.05445452	-0.052515537	0.08493674	-0.06617523	0.045996744	-0.047901276	0.053152632	-0.07288171	0.06567936	-0.046996947	0.062455427	-0.056346856	0.10138719	-0.07776058	0.1045367	-0.04077227	0.042491395	-0.075690754	0.1320588	-0.09093289	0.030108577	-0.042305835	0.10473714	-0.14661784	0.107325904	-0.036240872	0.045109503	-0.04958405	0.1649347	-0.26366505	0.046050176	-0.035919487	0.050436027	-0.9199953	0.999998
