1.0000001	-0.24179102	0.06054759	-0.043618575	0.04692428	-0.8489203	0.19045322	-0.06287579	0.04211206	-0.042561583	0.23731546	-0.22595611	0.13467294	-0.05986243	0.06197639	-0.1806955	0.12684694	-0.14662012	0.0928639	-0.05911473	0.08130645	-0.070395775	0.0852366	-0.064550795	0.057433564	-0.074440174	0.06333867	-0.06809818	0.093092665	-0.041566964	0.044107586	-0.049116712	0.031618707	-0.034487363	0.0457072
-0.24179102	1.0000005	-0.14666203	0.060974624	-0.06364923	0.18344416	-0.92286384	0.13675973	-0.058452163	0.050420336	-0.10540063	0.11457174	-0.076856084	0.040669456	-0.043381404	0.066232465	-0.05829334	0.060987428	-0.037962873	0.026465755	-0.030662967	0.026435055	-0.033291712	0.026217047	-0.025750801	0.026961964	-0.024051039	0.026182167	-0.036303114	0.016091939	-0.016253037	0.017794633	-0.0118945455	0.012904828	-0.017583102
0.06054759	-0.14666203	1.0000006	-0.31356627	0.19428921	-0.060952157	0.13282886	-0.88619304	0.21007007	-0.18228632	0.04197354	-0.05122765	0.043254774	-0.07398638	0.073677935	-0.032848272	0.028866764	-0.035129715	0.027953956	-0.026990449	0.016716257	-0.015608435	0.021061797	-0.019630665	0.025121026	-0.014969415	0.014294075	-0.016810706	0.024561461	-0.011706339	0.009382769	-0.010283999	0.007475461	-0.008122647	0.012533396
-0.043618575	0.060974624	-0.31356627	1.0000006	-0.66823137	0.041076258	-0.05969616	0.23157802	-0.56343436	0.32204393	-0.040272146	0.051421717	-0.05350305	0.12973332	-0.13910353	0.034990497	-0.03201819	0.04128768	-0.037951656	0.040987935	-0.01903318	0.018564867	-0.026233206	0.026683563	-0.038351886	0.017074468	-0.017117677	0.021011885	-0.031691536	0.015528775	-0.010984399	0.012002712	-0.009208223	0.009998905	-0.016497603
0.04692428	-0.06364923	0.19428921	-0.66823137	1.0000007	-0.04528894	0.059616346	-0.22253318	0.32714513	-0.6135738	0.044146873	-0.05747728	0.056915186	-0.13612401	0.13275275	-0.03925387	0.035216957	-0.045857146	0.04112804	-0.04454602	0.02128071	-0.020755963	0.029047526	-0.029126659	0.040277183	-0.01918788	0.0190912	-0.023338797	0.034930117	-0.017173301	0.012316762	-0.013491639	0.010266772	-0.0111622065	0.018214708
-0.8489203	0.18344416	-0.060952157	0.041076258	-0.04528894	1.0000007	-0.21741201	0.06058361	-0.040201582	0.0397679	-0.341419	0.19303387	-0.12908314	0.05550689	-0.059009444	0.1633122	-0.12483224	0.12640029	-0.085261635	0.05222334	-0.07499674	0.06212822	-0.07756962	0.058298755	-0.051834747	0.064994	-0.056914706	0.060616955	-0.08502126	0.036628485	-0.039103255	0.042616185	-0.027966565	0.030248636	-0.040675994
0.19045322	-0.92286384	0.13282886	-0.05969616	0.059616346	-0.21741201	1.0000007	-0.1643833	0.057203017	-0.05008556	0.10604305	-0.13311833	0.07739573	-0.040472697	0.04242204	-0.06829711	0.058484387	-0.062970735	0.037104752	-0.026050707	0.030625895	-0.026359646	0.032730673	-0.025753869	0.025165392	-0.027111268	0.023838662	-0.025873827	0.035386503	-0.015773298	0.016156597	-0.01776063	0.011749208	-0.012772634	0.017161872
-0.06287579	0.13675973	-0.88619304	0.23157802	-0.22253318	0.06058361	-0.1643833	1.0000007	-0.26792035	0.17388739	-0.043461952	0.05231466	-0.045471814	0.07727268	-0.08060145	0.033513904	-0.029868377	0.03605169	-0.029243663	0.028222863	-0.01719772	0.016075846	-0.021854322	0.020467369	-0.026566112	0.015347942	-0.014756768	0.017401908	-0.02558108	0.012166239	-0.009656336	0.010563584	-0.0077270037	0.008388109	-0.013043388
0.04211206	-0.058452163	0.21007007	-0.56343436	0.32714513	-0.040201582	0.057203017	-0.26792035	1.0000005	-0.6624979	0.042784873	-0.058360532	0.063648924	-0.21658072	0.17770118	-0.038526125	0.03537575	-0.048161406	0.04091772	-0.04606992	0.020113287	-0.019653281	0.02746663	-0.029021934	0.04203268	-0.0181189	0.017974177	-0.022189274	0.032882497	-0.016286824	0.011507209	-0.01262111	0.009640141	-0.010499166	0.017119333
-0.042561583	0.050420336	-0.18228632	0.32204393	-0.6135738	0.0397679	-0.05008556	0.17388739	-0.6624979	1.0000004	-0.043711834	0.05782053	-0.063093245	0.17222585	-0.20974253	0.03925115	-0.036206912	0.048024967	-0.04404377	0.05036873	-0.021235073	0.020892698	-0.029638328	0.031146592	-0.04671897	0.019089308	-0.019222979	0.023840478	-0.035936892	0.017802069	-0.0122689465	0.013420456	-0.010382245	0.011286154	-0.018806623
0.23731546	-0.10540063	0.04197354	-0.040272146	0.044146873	-0.341419	0.10604305	-0.043461952	0.042784873	-0.043711834	1.0000005	-0.56537217	0.26033416	-0.08990416	0.09209336	-0.539196	0.26728028	-0.29171324	0.11075359	-0.07258844	0.13545854	-0.10451616	0.1084888	-0.07976173	0.06858643	-0.12301401	0.0894286	-0.089116514	0.10470878	-0.04699004	0.06256686	-0.07062645	0.040614434	-0.044768814	0.04939444
-0.22595611	0.11457174	-0.05122765	0.051421717	-0.05747728	0.19303387	-0.13311833	0.05231466	-0.058360532	0.05782053	-0.56537217	1.0000005	-0.59708816	0.13579772	-0.14887835	0.26316005	-0.29633388	0.2808348	-0.11600359	0.077930056	-0.10444414	0.08662839	-0.10467208	0.08035736	-0.07562572	0.08894492	-0.07723988	0.081723645	-0.10397127	0.04544502	-0.05087019	0.05558957	-0.0359884	0.039168358	-0.048290953
0.13467294	-0.076856084	0.043254774	-0.05350305	0.056915186	-0.12908314	0.07739573	-0.045471814	0.063648924	-0.063093245	0.26033416	-0.59708816	1.0000004	-0.21629924	0.16962111	-0.27363265	0.26401508	-0.59992534	0.11661654	-0.08337387	0.097871125	-0.08685438	0.104272634	-0.08437107	0.07626668	-0.08840535	0.07448674	-0.08392358	0.09737913	-0.04446196	0.04873199	-0.05447468	0.03530761	-0.038897008	0.045752615
-0.05986243	0.040669456	-0.07398638	0.12973332	-0.13612401	0.05550689	-0.040472697	0.07727268	-0.21658072	0.17222585	-0.08990416	0.13579772	-0.21629924	1.0000004	-0.8944051	0.086503275	-0.08455303	0.12483436	-0.10442725	0.120749734	-0.04318403	0.042935345	-0.060682	0.07180488	-0.113409154	0.038922675	-0.0389161	0.04949022	-0.072715245	0.036636654	-0.024438526	0.026874986	-0.020952018	0.02289598	-0.03782323
0.06197639	-0.043381404	0.073677935	-0.13910353	0.13275275	-0.059009444	0.04242204	-0.08060145	0.17770118	-0.20974253	0.09209336	-0.14887835	0.16962111	-0.8944051	1.0000005	-0.09398726	0.08549675	-0.13224384	0.099807866	-0.15316841	0.045658093	-0.045405183	0.06258457	-0.07363677	0.11640157	-0.041677378	0.04084406	-0.051701892	0.07441078	-0.038435124	0.025900198	-0.028647605	0.021987326	-0.024107939	0.039349027
-0.1806955	0.066232465	-0.032848272	0.034990497	-0.03925387	0.1633122	-0.06829711	0.033513904	-0.038526125	0.03925115	-0.539196	0.26316005	-0.27363265	0.086503275	-0.09398726	1.0000004	-0.63541466	0.27649197	-0.11008711	0.068313174	-0.21949627	0.11954524	-0.11410793	0.0781236	-0.06615888	0.14797224	-0.10393583	0.09136749	-0.10407884	0.044645395	-0.07166376	0.07771887	-0.042071052	0.04592077	-0.047007613
0.12684694	-0.05829334	0.028866764	-0.03201819	0.035216957	-0.12483224	0.058484387	-0.029868377	0.03537575	-0.036206912	0.26728028	-0.29633388	0.26401508	-0.08455303	0.08549675	-0.63541466	1.0000006	-0.59016687	0.10682053	-0.06586739	0.13454787	-0.11290521	0.108268864	-0.07809833	0.061706718	-0.117952615	0.09082302	-0.08761969	0.09399843	-0.041552592	0.058194164	-0.065158665	0.0376514	-0.041468017	0.042760614
-0.14662012	0.060987428	-0.035129715	0.04128768	-0.045857146	0.12640029	-0.062970735	0.03605169	-0.048161406	0.048024967	-0.29171324	0.2808348	-0.59992534	0.12483436	-0.13224384	0.27649197	-0.59016687	1.0000005	-0.1508679	0.08148741	-0.10894175	0.09830325	-0.1353933	0.099016085	-0.07733769	0.091911525	-0.08530991	0.09806062	-0.111635216	0.047947474	-0.052475978	0.057440683	-0.039297957	0.042939987	-0.049249444
0.0928639	-0.037962873	0.027953956	-0.037951656	0.04112804	-0.085261635	0.037104752	-0.029243663	0.04091772	-0.04404377	0.11075359	-0.11600359	0.11661654	-0.10442725	0.099807866	-0.11008711	0.10682053	-0.1508679	0.9999998	-0.28299478	0.10412266	-0.13923328	0.21621469	-0.7081445	0.23172529	-0.09939401	0.12489468	-0.20731348	0.30015957	-0.14461082	0.07256815	-0.08093884	0.078095175	-0.08807141	0.13113262
-0.05911473	0.026465755	-0.026990449	0.040987935	-0.04454602	0.05222334	-0.026050707	0.028222863	-0.04606992	0.05036873	-0.07258844	0.077930056	-0.08337387	0.120749734	-0.15316841	0.068313174	-0.06586739	0.08148741	-0.28299478	0.9999997	-0.06536634	0.08103173	-0.14336765	0.22684367	-0.87469995	0.059539057	-0.07819658	0.117493846	-0.21507719	0.12853056	-0.044784043	0.04816054	-0.049176008	0.053060956	-0.13497129
0.08130645	-0.030662967	0.016716257	-0.01903318	0.02128071	-0.07499674	0.030625895	-0.01719772	0.020113287	-0.021235073	0.13545854	-0.10444414	0.097871125	-0.04318403	0.045658093	-0.21949627	0.13454787	-0.10894175	0.10412266	-0.06536634	0.9999997	-0.36831173	0.17275316	-0.08626341	0.06313629	-0.78215593	0.2652924	-0.16299477	0.1302437	-0.055953514	0.20877263	-0.24169055	0.08676596	-0.09699744	0.057234205
-0.070395775	0.026435055	-0.015608435	0.018564867	-0.020755963	0.06212822	-0.026359646	0.016075846	-0.019653281	0.020892698	-0.10451616	0.08662839	-0.08685438	0.042935345	-0.045405183	0.11954524	-0.11290521	0.09830325	-0.13923328	0.08103173	-0.36831173	1.0	-0.39512062	0.12407871	-0.08021864	0.25965774	-0.7388962	0.2639957	-0.19001034	0.0698829	-0.1602025	0.16075014	-0.09492967	0.09852885	-0.070709646
0.0852366	-0.033291712	0.021061797	-0.026233206	0.029047526	-0.07756962	0.032730673	-0.021854322	0.02746663	-0.029638328	0.1084888	-0.10467208	0.104272634	-0.060682	0.06258457	-0.11410793	0.108268864	-0.1353933	0.21621469	-0.14336765	0.17275316	-0.39512062	0.9999998	-0.26293218	0.13323183	-0.17064528	0.27189	-0.67922586	0.28967592	-0.1194107	0.11710474	-0.1321778	0.14303835	-0.16059025	0.11249584
-0.064550795	0.026217047	-0.019630665	0.026683563	-0.029126659	0.058298755	-0.025753869	0.020467369	-0.029021934	0.031146592	-0.07976173	0.08035736	-0.08437107	0.07180488	-0.07363677	0.0781236	-0.07809833	0.099016085	-0.7081445	0.22684367	-0.08626341	0.12407871	-0.26293218	0.99999994	-0.2936788	0.08134929	-0.1161544	0.20747335	-0.49340194	0.122705385	-0.060493685	0.066402055	-0.072518066	0.07929727	-0.11420485
0.057433564	-0.025750801	0.025121026	-0.038351886	0.040277183	-0.051834747	0.025165392	-0.026566112	0.04203268	-0.04671897	0.06858643	-0.07562572	0.07626668	-0.113409154	0.11640157	-0.06615888	0.061706718	-0.07733769	0.23172529	-0.87469995	0.06313629	-0.08021864	0.13323183	-0.2936788	0.99999994	-0.05873113	0.075172536	-0.1169725	0.19468486	-0.14710715	0.04380874	-0.047846563	0.047947235	-0.052745573	0.12839696
-0.074440174	0.026961964	-0.014969415	0.017074468	-0.01918788	0.064994	-0.027111268	0.015347942	-0.0181189	0.019089308	-0.12301401	0.08894492	-0.08840535	0.038922675	-0.041677378	0.14797224	-0.117952615	0.091911525	-0.09939401	0.059539057	-0.78215593	0.25965774	-0.17064528	0.08134929	-0.05873113	0.9999996	-0.36091116	0.15444314	-0.12823501	0.051548924	-0.31775558	0.22840366	-0.08342513	0.08841448	-0.053502202
0.06333867	-0.024051039	0.014294075	-0.017117677	0.0190912	-0.056914706	0.023838662	-0.014756768	0.017974177	-0.019222979	0.0894286	-0.07723988	0.07448674	-0.0389161	0.04084406	-0.10393583	0.09082302	-0.08530991	0.12489468	-0.07819658	0.2652924	-0.7388962	0.27189	-0.1161544	0.075172536	-0.36091116	0.9999998	-0.3712127	0.18038258	-0.07038159	0.17432417	-0.2133003	0.106233	-0.11382099	0.06932532
-0.06809818	0.026182167	-0.016810706	0.021011885	-0.023338797	0.060616955	-0.025873827	0.017401908	-0.022189274	0.023840478	-0.089116514	0.081723645	-0.08392358	0.04949022	-0.051701892	0.09136749	-0.08761969	0.09806062	-0.20731348	0.117493846	-0.16299477	0.2639957	-0.67922586	0.20747335	-0.1169725	0.15444314	-0.3712127	1.0	-0.4472286	0.11066354	-0.118130565	0.1259427	-0.20026964	0.16968018	-0.108696386
0.093092665	-0.036303114	0.024561461	-0.031691536	0.034930117	-0.08502126	0.035386503	-0.02558108	0.032882497	-0.035936892	0.10470878	-0.10397127	0.09737913	-0.072715245	0.07441078	-0.10407884	0.09399843	-0.111635216	0.30015957	-0.21507719	0.1302437	-0.19001034	0.28967592	-0.49340194	0.19468486	-0.12823501	0.18038258	-0.4472286	1.0	-0.24244636	0.097505204	-0.10948027	0.1289247	-0.14984912	0.18878964
-0.041566964	0.016091939	-0.011706339	0.015528775	-0.017173301	0.036628485	-0.015773298	0.012166239	-0.016286824	0.017802069	-0.04699004	0.04544502	-0.04446196	0.036636654	-0.038435124	0.044645395	-0.041552592	0.047947474	-0.14461082	0.12853056	-0.055953514	0.0698829	-0.1194107	0.122705385	-0.14710715	0.051548924	-0.07038159	0.11066354	-0.24244636	0.99999994	-0.045272592	0.048031278	-0.06955305	0.074935205	-0.9187609
0.044107586	-0.016253037	0.009382769	-0.010984399	0.012316762	-0.039103255	0.016156597	-0.009656336	0.011507209	-0.0122689465	0.06256686	-0.05087019	0.04873199	-0.024438526	0.025900198	-0.07166376	0.058194164	-0.052475978	0.07256815	-0.044784043	0.20877263	-0.1602025	0.11710474	-0.060493685	0.04380874	-0.31775558	0.17432417	-0.118130565	0.097505204	-0.045272592	0.9999998	-0.88016653	0.14484516	-0.16218616	0.046861995
-0.049116712	0.017794633	-0.010283999	0.012002712	-0.013491639	0.042616185	-0.01776063	0.010563584	-0.01262111	0.013420456	-0.07062645	0.05558957	-0.05447468	0.026874986	-0.028647605	0.07771887	-0.065158665	0.057440683	-0.08093884	0.04816054	-0.24169055	0.16075014	-0.1321778	0.066402055	-0.047846563	0.22840366	-0.2133003	0.1259427	-0.10948027	0.048031278	-0.88016653	0.9999997	-0.18917343	0.15738158	-0.050752237
0.031618707	-0.0118945455	0.007475461	-0.009208223	0.010266772	-0.027966565	0.011749208	-0.0077270037	0.009640141	-0.010382245	0.040614434	-0.0359884	0.03530761	-0.020952018	0.021987326	-0.042071052	0.0376514	-0.039297957	0.078095175	-0.049176008	0.08676596	-0.09492967	0.14303835	-0.072518066	0.047947235	-0.08342513	0.106233	-0.20026964	0.1289247	-0.06955305	0.14484516	-0.18917343	0.99999964	-0.9314573	0.07143299
-0.034487363	0.012904828	-0.008122647	0.009998905	-0.0111622065	0.030248636	-0.012772634	0.008388109	-0.010499166	0.011286154	-0.044768814	0.039168358	-0.038897008	0.02289598	-0.024107939	0.04592077	-0.041468017	0.042939987	-0.08807141	0.053060956	-0.09699744	0.09852885	-0.16059025	0.07929727	-0.052745573	0.08841448	-0.11382099	0.16968018	-0.14984912	0.074935205	-0.16218616	0.15738158	-0.9314573	0.99999964	-0.08380542
0.0457072	-0.017583102	0.012533396	-0.016497603	0.018214708	-0.040675994	0.017161872	-0.013043388	0.017119333	-0.018806623	0.04939444	-0.048290953	0.045752615	-0.03782323	0.039349027	-0.047007613	0.042760614	-0.049249444	0.13113262	-0.13497129	0.057234205	-0.070709646	0.11249584	-0.11420485	0.12839696	-0.053502202	0.06932532	-0.108696386	0.18878964	-0.9187609	0.046861995	-0.050752237	0.07143299	-0.08380542	0.99999964
