1.0	-0.60248566	0.16319945	-0.09628338	0.09079679	-0.5734138	0.32359818	-0.15408565	0.14055873	-0.104284585	0.22735372	-0.28759328	0.103279606	-0.09513303	0.08146124	-0.25115845	0.11950364	-0.11031751	0.093260534	-0.09435831	0.16687784	-0.092945464	0.09538312	-0.068959184	0.07697982	-0.03400707	0.03606447	-0.0503288	0.040480796	-0.035976365	0.024430951	-0.027610572	0.06992156	-0.033896577	0.035287593
-0.60248566	1.0000001	-0.24276264	0.10291164	-0.0958907	0.26686627	-0.6694972	0.17655717	-0.13343544	0.09630619	-0.14346313	0.19367874	-0.10088541	0.09028778	-0.07449476	0.14736015	-0.086897574	0.093809865	-0.080870405	0.08308453	-0.11926595	0.06582585	-0.07845177	0.058329444	-0.065054774	0.02426285	-0.025895385	0.041271597	-0.03347638	0.029868051	-0.017595144	0.019825786	-0.05702175	0.027952362	-0.029111227
0.16319945	-0.24276264	0.99999976	-0.38806698	0.23908456	-0.14646366	0.20568301	-0.71642315	0.26229185	-0.22165821	0.09496748	-0.17439044	0.22160158	-0.20853685	0.15513977	-0.11106481	0.0894669	-0.17562841	0.14951731	-0.16893627	0.11028663	-0.067873105	0.12764035	-0.10452815	0.11392879	-0.025345534	0.027251625	-0.06740439	0.055844016	-0.050630424	0.018733446	-0.021420723	0.090773694	-0.046489272	0.04821992
-0.09628338	0.10291164	-0.38806698	0.9999996	-0.79555124	0.085207805	-0.11720947	0.22780897	-0.2831947	0.23430276	-0.060773768	0.114691615	-0.15713479	0.14941455	-0.16659553	0.07131377	-0.063901156	0.13013734	-0.1279999	0.14407672	-0.0778073	0.048186615	-0.1054764	0.08697438	-0.10037619	0.018250352	-0.019711325	0.05532055	-0.04698666	0.042544432	-0.01363843	0.015604115	-0.075459175	0.03872973	-0.04065251
0.09079679	-0.0958907	0.23908456	-0.79555124	0.9999993	-0.0875425	0.109841146	-0.22808728	0.2336506	-0.3834344	0.06350361	-0.124911584	0.15176558	-0.1560093	0.18758202	-0.076003715	0.06865329	-0.14406422	0.13711162	-0.17432731	0.0830049	-0.051997583	0.112956375	-0.09597472	0.108673394	-0.0196732	0.021227144	-0.059750635	0.050845377	-0.046348583	0.014684259	-0.016827958	0.08083232	-0.04204206	0.0439353
-0.5734138	0.26686627	-0.14646366	0.085207805	-0.0875425	0.9999994	-0.4260422	0.13221683	-0.14411703	0.09676305	-0.51527286	0.25994778	-0.101570204	0.09068506	-0.07930446	0.2740465	-0.14609855	0.1099933	-0.09445472	0.09034505	-0.22321932	0.10909342	-0.09958217	0.069369294	-0.078386955	0.040323082	-0.043037407	0.05223487	-0.041650616	0.03676811	-0.029125703	0.03225879	-0.07315649	0.03484003	-0.03634743
0.32359818	-0.6694972	0.20568301	-0.11720947	0.109841146	-0.4260422	0.99999934	-0.23194793	0.16838199	-0.12458881	0.20460987	-0.335641	0.12849905	-0.11761068	0.096730635	-0.23195201	0.12760961	-0.12835531	0.1085324	-0.11115954	0.17265871	-0.09782915	0.10813836	-0.07948086	0.08836907	-0.035746768	0.038032927	-0.05703523	0.04604816	-0.041028015	0.025781533	-0.029162584	0.07893221	-0.03852745	0.04008895
-0.15408565	0.17655717	-0.71642315	0.22780897	-0.22808728	0.13221683	-0.23194793	0.9999992	-0.37541506	0.1976251	-0.08888241	0.16047701	-0.3681763	0.23470034	-0.15939957	0.1019516	-0.086880684	0.17559637	-0.15786898	0.1610534	-0.10590604	0.065171406	-0.12970364	0.10396442	-0.11463022	0.02434825	-0.026251895	0.06739245	-0.05571092	0.050255746	-0.018055355	0.020634452	-0.09114455	0.046169966	-0.04802736
0.14055873	-0.13343544	0.26229185	-0.2831947	0.2336506	-0.14411703	0.16838199	-0.37541506	0.99999905	-0.39668727	0.11157032	-0.23764458	0.2905602	-0.42626363	0.25723255	-0.13620171	0.12834837	-0.2841047	0.24394195	-0.29727778	0.15351482	-0.097619206	0.20619094	-0.17569688	0.18766136	-0.036830638	0.039684005	-0.11018166	0.09204706	-0.084031746	0.027431354	-0.031490605	0.14756075	-0.07687559	0.079476096
-0.104284585	0.09630619	-0.22165821	0.23430276	-0.3834344	0.09676305	-0.12458881	0.1976251	-0.39668727	0.9999988	-0.07578735	0.14839354	-0.23576233	0.2375411	-0.6328021	0.09026472	-0.09251525	0.20598228	-0.24735102	0.28663987	-0.109367914	0.06924431	-0.1841383	0.15737297	-0.19794963	0.026601972	-0.028908398	0.0956068	-0.08446365	0.07666098	-0.020149115	0.023115387	-0.13150735	0.068438575	-0.073048584
0.22735372	-0.14346313	0.09496748	-0.060773768	0.06350361	-0.51527286	0.20460987	-0.08888241	0.11157032	-0.07578735	0.9999991	-0.36125064	0.079889655	-0.07149212	0.06337708	-0.6879934	0.15910952	-0.09708682	0.08012292	-0.074229024	0.23956342	-0.12578157	0.087115854	-0.05934188	0.066610746	-0.04451579	0.046856377	-0.04585665	0.03603801	-0.03173456	0.0313557	-0.03525404	0.0639889	-0.030238114	0.031441983
-0.28759328	0.19367874	-0.17439044	0.114691615	-0.124911584	0.25994778	-0.335641	0.16047701	-0.23764458	0.14839354	-0.36125064	0.999999	-0.17225012	0.14609258	-0.1303831	0.29118618	-0.4010968	0.19964871	-0.17179376	0.149753	-0.49186182	0.24599122	-0.19305046	0.12591332	-0.144196	0.08798941	-0.09611061	0.10032404	-0.07867341	0.068676256	-0.064116776	0.07018728	-0.1423577	0.06580803	-0.068817765
0.103279606	-0.10088541	0.22160158	-0.15713479	0.15176558	-0.101570204	0.12849905	-0.3681763	0.2905602	-0.23576233	0.079889655	-0.17225012	0.9999989	-0.72258484	0.21476243	-0.09586544	0.10260826	-0.3375551	0.23464394	-0.22863999	0.11265986	-0.076631315	0.17077449	-0.1436505	0.14754044	-0.027881218	0.030159732	-0.08811842	0.07118487	-0.064692505	0.020668386	-0.023894522	0.11438908	-0.059053864	0.060626138
-0.09513303	0.09028778	-0.20853685	0.14941455	-0.1560093	0.09068506	-0.11761068	0.23470034	-0.42626363	0.2375411	-0.07149212	0.14609258	-0.72258484	0.9999989	-0.31085163	0.08540442	-0.09120495	0.24379472	-0.28947884	0.23185436	-0.102281645	0.06762698	-0.1642454	0.14345849	-0.15316416	0.025137663	-0.027261388	0.08386794	-0.07025259	0.06372538	-0.018789332	0.021654656	-0.1111449	0.05758285	-0.059782498
0.08146124	-0.07449476	0.15513977	-0.16659553	0.18758202	-0.07930446	0.096730635	-0.15939957	0.25723255	-0.6328021	0.06337708	-0.1303831	0.21476243	-0.31085163	0.9999988	-0.0768929	0.081100956	-0.20982541	0.23963651	-0.5652678	0.09261804	-0.061158735	0.157587	-0.15772727	0.18311325	-0.023139562	0.025089994	-0.08340992	0.07473647	-0.07006494	0.017409824	-0.020084767	0.110236794	-0.060796242	0.063844524
-0.25115845	0.14736015	-0.11106481	0.07131377	-0.076003715	0.2740465	-0.23195201	0.1019516	-0.13620171	0.09026472	-0.6879934	0.29118618	-0.09586544	0.08540442	-0.0768929	0.99999917	-0.25071317	0.12245757	-0.10070336	0.090085916	-0.45255432	0.18526979	-0.11088928	0.07396613	-0.08305182	0.06608713	-0.07005809	0.058196627	-0.045269907	0.039741863	-0.04673027	0.051172853	-0.08117426	0.03799325	-0.03945811
0.11950364	-0.086897574	0.0894669	-0.063901156	0.06865329	-0.14609855	0.12760961	-0.086880684	0.12834837	-0.09251525	0.15910952	-0.4010968	0.10260826	-0.09120495	0.081100956	-0.25071317	0.9999991	-0.21055971	0.12622187	-0.10189295	0.31027398	-0.75104856	0.13333851	-0.0878844	0.09249887	-0.12798385	0.13736565	-0.070173815	0.051255506	-0.045216635	0.07967922	-0.104289226	0.091877796	-0.043334503	0.04402582
-0.11031751	0.093809865	-0.17562841	0.13013734	-0.14406422	0.1099933	-0.12835531	0.17559637	-0.2841047	0.20598228	-0.09708682	0.19964871	-0.3375551	0.24379472	-0.20982541	0.12245757	-0.21055971	0.9999992	-0.5759258	0.2642813	-0.17016861	0.13515958	-0.44615695	0.24700215	-0.2515325	0.046584968	-0.05133053	0.183625	-0.13113664	0.11393597	-0.034724735	0.040734515	-0.23772539	0.10794123	-0.109380625
0.093260534	-0.080870405	0.14951731	-0.1279999	0.13711162	-0.09445472	0.1085324	-0.15786898	0.24394195	-0.24735102	0.08012292	-0.17179376	0.23464394	-0.28947884	0.23963651	-0.10070336	0.12622187	-0.5759258	0.999999	-0.48802745	0.1257151	-0.09592705	0.25569326	-0.3848326	0.2701482	-0.034311533	0.03720735	-0.13380621	0.11684943	-0.10866562	0.025494628	-0.029905587	0.16292775	-0.094422	0.09540349
-0.09435831	0.08308453	-0.16893627	0.14407672	-0.17432731	0.09034505	-0.11115954	0.1610534	-0.29727778	0.28663987	-0.074229024	0.149753	-0.22863999	0.23185436	-0.5652678	0.090085916	-0.10189295	0.2642813	-0.48802745	0.9999988	-0.114286445	0.07599758	-0.23185503	0.24576297	-0.36401013	0.029168935	-0.031815544	0.12038708	-0.115609854	0.10873642	-0.022215817	0.025657952	-0.16070138	0.0909464	-0.098433465
0.16687784	-0.11926595	0.11028663	-0.0778073	0.0830049	-0.22321932	0.17265871	-0.10590604	0.15351482	-0.109367914	0.23956342	-0.49186182	0.11265986	-0.102281645	0.09261804	-0.45255432	0.31027398	-0.17016861	0.1257151	-0.114286445	0.999999	-0.5127157	0.14023308	-0.09511586	0.10336098	-0.1515325	0.14102349	-0.07588643	0.057452597	-0.050766136	0.09205846	-0.10812961	0.10242941	-0.048666883	0.049893234
-0.092945464	0.06582585	-0.067873105	0.048186615	-0.051997583	0.10909342	-0.09782915	0.065171406	-0.097619206	0.06924431	-0.12578157	0.24599122	-0.076631315	0.06762698	-0.061158735	0.18526979	-0.75104856	0.13515958	-0.09592705	0.07599758	-0.5127157	0.9999989	-0.11002401	0.067487754	-0.07144865	0.14077722	-0.19669884	0.056990948	-0.04037686	0.035393476	-0.091317855	0.11289932	-0.07431022	0.034194	-0.034582227
0.09538312	-0.07845177	0.12764035	-0.1054764	0.112956375	-0.09958217	0.10813836	-0.12970364	0.20619094	-0.1841383	0.087115854	-0.19305046	0.17077449	-0.1642454	0.157587	-0.11088928	0.13333851	-0.44615695	0.25569326	-0.23185503	0.14023308	-0.11002401	0.99999905	-0.36605212	0.24840407	-0.04325514	0.047477987	-0.50065356	0.17403522	-0.15618214	0.033045955	-0.03949719	0.2999718	-0.15483253	0.1355953
-0.068959184	0.058329444	-0.10452815	0.08697438	-0.09597472	0.069369294	-0.07948086	0.10396442	-0.17569688	0.15737297	-0.05934188	0.12591332	-0.1436505	0.14345849	-0.15772727	0.07396613	-0.0878844	0.24700215	-0.3848326	0.24576297	-0.09511586	0.067487754	-0.36605212	0.9999991	-0.731344	0.026851783	-0.029519126	0.16814388	-0.20983163	0.17951763	-0.020880047	0.02444343	-0.1985385	0.13996072	-0.14837225
0.07697982	-0.065054774	0.11392879	-0.10037619	0.108673394	-0.078386955	0.08836907	-0.11463022	0.18766136	-0.19794963	0.066610746	-0.144196	0.14754044	-0.15316416	0.18311325	-0.08305182	0.09249887	-0.2515325	0.2701482	-0.36401013	0.10336098	-0.07144865	0.24840407	-0.731344	0.9999991	-0.028180521	0.030671561	-0.1507285	0.18960127	-0.24562421	0.021566223	-0.02517009	0.1710548	-0.14779334	0.15433866
-0.03400707	0.02426285	-0.025345534	0.018250352	-0.0196732	0.040323082	-0.035746768	0.02434825	-0.036830638	0.026601972	-0.04451579	0.08798941	-0.027881218	0.025137663	-0.023139562	0.06608713	-0.12798385	0.046584968	-0.034311533	0.029168935	-0.1515325	0.14077722	-0.04325514	0.026851783	-0.028180521	0.99999917	-0.712976	0.0312985	-0.01853177	0.015994888	-0.5829169	0.32678944	-0.03957569	0.016327174	-0.015674977
0.03606447	-0.025895385	0.027251625	-0.019711325	0.021227144	-0.043037407	0.038032927	-0.026251895	0.039684005	-0.028908398	0.046856377	-0.09611061	0.030159732	-0.027261388	0.025089994	-0.07005809	0.13736565	-0.05133053	0.03720735	-0.031815544	0.14102349	-0.19669884	0.047477987	-0.029519126	0.030671561	-0.712976	0.9999993	-0.03698552	0.020656185	-0.017824084	0.32180247	-0.56965464	0.04511625	-0.018373162	0.017377002
-0.0503288	0.041271597	-0.06740439	0.05532055	-0.059750635	0.05223487	-0.05703523	0.06739245	-0.11018166	0.0956068	-0.04585665	0.10032404	-0.08811842	0.08386794	-0.08340992	0.058196627	-0.070173815	0.183625	-0.13380621	0.12038708	-0.07588643	0.056990948	-0.50065356	0.16814388	-0.1507285	0.0312985	-0.03698552	0.9999992	-0.2376021	0.15664868	-0.027059129	0.033168726	-0.7551522	0.17995833	-0.14921658
0.040480796	-0.03347638	0.055844016	-0.04698666	0.050845377	-0.041650616	0.04604816	-0.05571092	0.09204706	-0.08446365	0.03603801	-0.07867341	0.07118487	-0.07025259	0.07473647	-0.045269907	0.051255506	-0.13113664	0.11684943	-0.115609854	0.057452597	-0.04037686	0.17403522	-0.20983163	0.18960127	-0.01853177	0.020656185	-0.2376021	0.9999994	-0.66658646	0.015080852	-0.017955711	0.21092604	-0.5610551	0.32469377
-0.035976365	0.029868051	-0.050630424	0.042544432	-0.046348583	0.03676811	-0.041028015	0.050255746	-0.084031746	0.07666098	-0.03173456	0.068676256	-0.064692505	0.06372538	-0.07006494	0.039741863	-0.045216635	0.11393597	-0.10866562	0.10873642	-0.050766136	0.035393476	-0.15618214	0.17951763	-0.24562421	0.015994888	-0.017824084	0.15664868	-0.66658646	0.99999946	-0.013099933	0.015490768	-0.1831545	0.32257468	-0.5913179
0.024430951	-0.017595144	0.018733446	-0.01363843	0.014684259	-0.029125703	0.025781533	-0.018055355	0.027431354	-0.020149115	0.0313557	-0.064116776	0.020668386	-0.018789332	0.017409824	-0.04673027	0.07967922	-0.034724735	0.025494628	-0.022215817	0.09205846	-0.091317855	0.033045955	-0.020880047	0.021566223	-0.5829169	0.32180247	-0.027059129	0.015080852	-0.013099933	0.9999993	-0.7394674	0.03501065	-0.013846989	0.0127766775
-0.027610572	0.019825786	-0.021420723	0.015604115	-0.016827958	0.03225879	-0.029162584	0.020634452	-0.031490605	0.023115387	-0.03525404	0.07018728	-0.023894522	0.021654656	-0.020084767	0.051172853	-0.104289226	0.040734515	-0.029905587	0.025657952	-0.10812961	0.11289932	-0.03949719	0.02444343	-0.02517009	0.32678944	-0.56965464	0.033168726	-0.017955711	0.015490768	-0.7394674	0.99999934	-0.043880094	0.016509023	-0.015147509
0.06992156	-0.05702175	0.090773694	-0.075459175	0.08083232	-0.07315649	0.07893221	-0.09114455	0.14756075	-0.13150735	0.0639889	-0.1423577	0.11438908	-0.1111449	0.110236794	-0.08117426	0.091877796	-0.23772539	0.16292775	-0.16070138	0.10242941	-0.07431022	0.2999718	-0.1985385	0.1710548	-0.03957569	0.04511625	-0.7551522	0.21092604	-0.1831545	0.03501065	-0.043880094	0.999999	-0.26195967	0.17222758
-0.033896577	0.027952362	-0.046489272	0.03872973	-0.04204206	0.03484003	-0.03852745	0.046169966	-0.07687559	0.068438575	-0.030238114	0.06580803	-0.059053864	0.05758285	-0.060796242	0.03799325	-0.043334503	0.10794123	-0.094422	0.0909464	-0.048666883	0.034194	-0.15483253	0.13996072	-0.14779334	0.016327174	-0.018373162	0.17995833	-0.5610551	0.32257468	-0.013846989	0.016509023	-0.26195967	0.99999917	-0.6971325
0.035287593	-0.029111227	0.04821992	-0.04065251	0.0439353	-0.03634743	0.04008895	-0.04802736	0.079476096	-0.073048584	0.031441983	-0.068817765	0.060626138	-0.059782498	0.063844524	-0.03945811	0.04402582	-0.109380625	0.09540349	-0.098433465	0.049893234	-0.034582227	0.1355953	-0.14837225	0.15433866	-0.015674977	0.017377002	-0.14921658	0.32469377	-0.5913179	0.0127766775	-0.015147509	0.17222758	-0.6971325	0.99999917
