1.0000001	-0.52735716	0.22474512	-0.20636348	0.10383834	-0.59872365	0.30945176	-0.22529346	0.1923333	-0.08927661	0.2643198	-0.24430159	0.1861846	-0.16842325	0.15298317	-0.29037526	0.1798247	-0.20891689	0.09234898	-0.10581694	0.17690603	-0.1395718	0.11310384	-0.06970145	0.08285661	-0.08300774	0.100358136	-0.09906902	0.07816475	-0.05432019	0.07247563	-0.09585739	0.09727484	-0.05468159	0.055929117
-0.52735716	0.99999994	-0.4378372	0.2303906	-0.098526075	0.2720034	-0.5982123	0.268906	-0.24093358	0.08196349	-0.18183355	0.18876296	-0.169178	0.13959831	-0.13263698	0.172736	-0.13486253	0.15189178	-0.07156966	0.08028206	-0.12540948	0.09681831	-0.080929786	0.052224394	-0.06296614	0.0568232	-0.07063086	0.06884588	-0.05513762	0.038141392	-0.05045145	0.06579353	-0.06829733	0.038267773	-0.03935059
0.22474512	-0.4378372	0.99999994	-0.5981031	0.12693343	-0.19349255	0.27541563	-0.5101278	0.31696674	-0.11131925	0.14371674	-0.18277164	0.18188281	-0.1612725	0.14110176	-0.15536605	0.12760545	-0.15991087	0.07382995	-0.085031904	0.11614024	-0.09359672	0.07839025	-0.053500466	0.063852996	-0.054661196	0.068200655	-0.0670761	0.053632222	-0.03725613	0.04845434	-0.063950114	0.066279545	-0.037258245	0.03829712
-0.20636348	0.2303906	-0.5981031	0.9999995	-0.19970019	0.15858257	-0.2395702	0.30750462	-0.63660747	0.14331536	-0.13012594	0.15842615	-0.16832712	0.16122563	-0.15975288	0.135718	-0.117352836	0.14283843	-0.0739678	0.08521678	-0.10986617	0.08641875	-0.07383395	0.05263054	-0.06375943	0.05103048	-0.0643411	0.06273768	-0.05097617	0.03534454	-0.045658924	0.05980538	-0.06291084	0.035282765	-0.03640121
0.10383834	-0.098526075	0.12693343	-0.19970019	0.9999995	-0.09404021	0.10531296	-0.11893416	0.14859425	-0.8722554	0.09413426	-0.1357117	0.13403587	-0.23029067	0.25162512	-0.11280931	0.10229447	-0.14124617	0.09117579	-0.12508218	0.09881109	-0.0816834	0.07081535	-0.06424216	0.07661889	-0.049317352	0.06237369	-0.06187544	0.05116604	-0.03599184	0.044134364	-0.059321098	0.06269872	-0.035477363	0.036680847
-0.59872365	0.2720034	-0.19349255	0.15858257	-0.09404021	0.9999998	-0.4241855	0.19813958	-0.18442346	0.07779207	-0.51829994	0.23305607	-0.18377379	0.1471986	-0.1446951	0.26203457	-0.17702039	0.17849796	-0.08263229	0.09104933	-0.17485106	0.12433253	-0.10305977	0.061263453	-0.074181944	0.07303538	-0.08993224	0.08667393	-0.06916903	0.04757639	-0.064929634	0.08284892	-0.085897885	0.047938157	-0.049288295
0.30945176	-0.5982123	0.27541563	-0.2395702	0.10531296	-0.4241855	0.9999998	-0.43274802	0.24140279	-0.09063881	0.22306521	-0.28317606	0.20841229	-0.17103605	0.15070574	-0.22222434	0.16848014	-0.19289114	0.084528744	-0.095223166	0.14900084	-0.11876763	0.09764351	-0.06215571	0.07405351	-0.06860093	0.08480178	-0.08334831	0.06585901	-0.04568224	0.06044991	-0.07946372	0.081519276	-0.04581684	0.04698162
-0.22529346	0.268906	-0.5101278	0.30750462	-0.11893416	0.19813958	-0.43274802	0.99999946	-0.5646424	0.100555226	-0.16107726	0.21184094	-0.30437365	0.18628602	-0.16196573	0.16116142	-0.14672022	0.1779387	-0.082104206	0.0912363	-0.12607	0.10070861	-0.08544228	0.058319837	-0.07010072	0.057922754	-0.0733312	0.07163508	-0.05746347	0.039790105	-0.05172212	0.06766817	-0.0708216	0.039741214	-0.040943265
0.1923333	-0.24093358	0.31696674	-0.63660747	0.14859425	-0.18442346	0.24140279	-0.5646424	0.9999992	-0.13656183	0.14836323	-0.2002008	0.20589831	-0.21363169	0.16884151	-0.16645391	0.14096126	-0.18293016	0.0866295	-0.10057569	0.12811273	-0.10452261	0.08794303	-0.062295504	0.07407143	-0.061126463	0.07649265	-0.07542225	0.060463183	-0.042075206	0.05423641	-0.07187602	0.07463153	-0.04199994	0.04319184
-0.08927661	0.08196349	-0.11131925	0.14331536	-0.8722554	0.07779207	-0.09063881	0.100555226	-0.13656183	0.9999993	-0.078309536	0.10981226	-0.11678781	0.19203891	-0.36710104	0.09054836	-0.08405392	0.11246398	-0.08011776	0.10558793	-0.0812282	0.06605933	-0.057934836	0.05445875	-0.06700147	0.0397965	-0.05076979	0.050034232	-0.04181081	0.029402439	-0.0358137	0.047753014	-0.0510136	0.028858427	-0.029938607
0.2643198	-0.18183355	0.14371674	-0.13012594	0.09413426	-0.51829994	0.22306521	-0.16107726	0.14836323	-0.078309536	0.9999992	-0.40481004	0.21341404	-0.16930015	0.15694532	-0.6000051	0.24055827	-0.23433545	0.09468422	-0.10403867	0.21678588	-0.16273372	0.12654771	-0.07105387	0.08444558	-0.091210544	0.10893696	-0.10709644	0.08179659	-0.056649838	0.078698575	-0.10167475	0.101303376	-0.05702367	0.05813761
-0.24430159	0.18876296	-0.18277164	0.15842615	-0.1357117	0.23305607	-0.28317606	0.21184094	-0.2002008	0.10981226	-0.40481004	0.9999991	-0.5507123	0.2476424	-0.24883188	0.27939785	-0.44676837	0.3038936	-0.12829685	0.13327931	-0.2230905	0.18542059	-0.15447152	0.09031012	-0.10954534	0.09425779	-0.12448704	0.119786814	-0.09326487	0.06392027	-0.08479566	0.10877676	-0.11401596	0.06384052	-0.065764084
0.1861846	-0.169178	0.18188281	-0.16832712	0.13403587	-0.18377379	0.20841229	-0.30437365	0.20589831	-0.11678781	0.21341404	-0.5507123	0.9999992	-0.49509808	0.25920382	-0.22758538	0.2638034	-0.4224242	0.13452064	-0.14377774	0.17903279	-0.15825544	0.13401017	-0.0928358	0.107385546	-0.08267108	0.10793466	-0.10770247	0.08311843	-0.05773799	0.07366915	-0.09747085	0.10114632	-0.05719406	0.058778007
-0.16842325	0.13959831	-0.1612725	0.16122563	-0.23029067	0.1471986	-0.17103605	0.18628602	-0.21363169	0.19203891	-0.16930015	0.2476424	-0.49509808	0.99999875	-0.6557235	0.17644516	-0.19224781	0.23618193	-0.20639925	0.19826849	-0.16705793	0.13341993	-0.1204186	0.12056549	-0.14675747	0.07748019	-0.1016224	0.09904338	-0.08313409	0.058306612	-0.07051228	0.092282645	-0.10029558	0.056748595	-0.05917393
0.15298317	-0.13263698	0.14110176	-0.15975288	0.25162512	-0.1446951	0.15070574	-0.16196573	0.16884151	-0.36710104	0.15694532	-0.24883188	0.25920382	-0.6557235	0.999999	-0.18978088	0.18117654	-0.25887737	0.19125351	-0.294026	0.16700856	-0.14122845	0.12323044	-0.12917306	0.15445866	-0.08355065	0.106566645	-0.10659144	0.08813503	-0.06260169	0.07471847	-0.10094976	0.10666225	-0.06087263	0.063058175
-0.29037526	0.172736	-0.15536605	0.135718	-0.11280931	0.26203457	-0.22222434	0.16116142	-0.16645391	0.09054836	-0.6000051	0.27939785	-0.22758538	0.17644516	-0.18978088	0.99999917	-0.3925575	0.26025644	-0.11520484	0.1218826	-0.4165727	0.21825314	-0.17366688	0.08681828	-0.10540498	0.12592168	-0.14846197	0.13973506	-0.10806298	0.07368871	-0.11111194	0.13251674	-0.13431299	0.074647464	-0.07649605
0.1798247	-0.13486253	0.12760545	-0.117352836	0.10229447	-0.17702039	0.16848014	-0.14672022	0.14096126	-0.08405392	0.24055827	-0.44676837	0.2638034	-0.19224781	0.18117654	-0.3925575	0.9999991	-0.6300619	0.12629361	-0.12989683	0.249124	-0.34589398	0.20519042	-0.09468809	0.10661197	-0.10914362	0.15000327	-0.15294941	0.10463752	-0.07200362	0.09548608	-0.1273581	0.12588236	-0.07164569	0.072606996
-0.20891689	0.15189178	-0.15991087	0.14283843	-0.14124617	0.17849796	-0.19289114	0.1779387	-0.18293016	0.11246398	-0.23433545	0.3038936	-0.4224242	0.23618193	-0.25887737	0.26025644	-0.6300619	0.99999887	-0.19149141	0.1686987	-0.2674483	0.24322265	-0.2473979	0.123566434	-0.14345042	0.11623297	-0.16761716	0.16375345	-0.123087235	0.08324998	-0.10611023	0.13756363	-0.14789924	0.082732745	-0.085436635
0.09234898	-0.07156966	0.07382995	-0.0739678	0.09117579	-0.08263229	0.084528744	-0.082104206	0.0866295	-0.08011776	0.09468422	-0.12829685	0.13452064	-0.20639925	0.19125351	-0.11520484	0.12629361	-0.19149141	0.99999857	-0.67890584	0.12449729	-0.115189694	0.11698521	-0.56436306	0.32280448	-0.06547577	0.08911298	-0.0964663	0.08441385	-0.06541666	0.059088178	-0.082573794	0.09047137	-0.056190442	0.05929038
-0.10581694	0.08028206	-0.085031904	0.08521678	-0.12508218	0.09104933	-0.095223166	0.0912363	-0.10057569	0.10558793	-0.10403867	0.13327931	-0.14377774	0.19826849	-0.294026	0.1218826	-0.12989683	0.1686987	-0.67890584	0.99999857	-0.14052042	0.11753413	-0.119329475	0.310574	-0.5203066	0.07199066	-0.098479785	0.10049917	-0.09980917	0.07806192	-0.06629673	0.09070182	-0.1056589	0.06530526	-0.07128239
0.17690603	-0.12540948	0.11614024	-0.10986617	0.09881109	-0.17485106	0.14900084	-0.12607	0.12811273	-0.0812282	0.21678588	-0.2230905	0.17903279	-0.16705793	0.16700856	-0.4165727	0.249124	-0.2674483	0.12449729	-0.14052042	0.9999987	-0.48481995	0.25989857	-0.106738575	0.12344685	-0.3119534	0.24473917	-0.24925357	0.16568051	-0.11744543	0.20853612	-0.25434276	0.20811108	-0.11972379	0.11782893
-0.1395718	0.09681831	-0.09359672	0.08641875	-0.0816834	0.12433253	-0.11876763	0.10070861	-0.10452261	0.06605933	-0.16273372	0.18542059	-0.15825544	0.13341993	-0.14122845	0.21825314	-0.34589398	0.24322265	-0.115189694	0.11753413	-0.48481995	0.99999857	-0.6001722	0.10594181	-0.11838851	0.17297806	-0.31858245	0.27889678	-0.170242	0.11180173	-0.15305714	0.20449343	-0.19793476	0.111730516	-0.11229396
0.11310384	-0.080929786	0.07839025	-0.07383395	0.07081535	-0.10305977	0.09764351	-0.08544228	0.08794303	-0.057934836	0.12654771	-0.15447152	0.13401017	-0.1204186	0.12323044	-0.17366688	0.20519042	-0.2473979	0.11698521	-0.119329475	0.25989857	-0.6001722	0.99999833	-0.133603	0.1253207	-0.16000754	0.26779968	-0.58153296	0.18150385	-0.12848023	0.13474727	-0.21302105	0.19047435	-0.120071284	0.11372396
-0.06970145	0.052224394	-0.053500466	0.05263054	-0.06424216	0.061263453	-0.06215571	0.058319837	-0.062295504	0.05445875	-0.07105387	0.09031012	-0.0928358	0.12056549	-0.12917306	0.08681828	-0.09468809	0.123566434	-0.56436306	0.310574	-0.106738575	0.10594181	-0.133603	0.9999984	-0.7349608	0.05853362	-0.08421108	0.096787974	-0.09193254	0.07526526	-0.05293197	0.076118626	-0.085791714	0.05732645	-0.062966995
0.08285661	-0.06296614	0.063852996	-0.06375943	0.07661889	-0.074181944	0.07405351	-0.07010072	0.07407143	-0.06700147	0.08444558	-0.10954534	0.107385546	-0.14675747	0.15445866	-0.10540498	0.10661197	-0.14345042	0.32280448	-0.5203066	0.12344685	-0.11838851	0.1253207	-0.7349608	0.9999984	-0.069996096	0.09587731	-0.108414225	0.107198715	-0.10070715	0.06290623	-0.09158106	0.10212318	-0.070519336	0.07713824
-0.08300774	0.0568232	-0.054661196	0.05103048	-0.049317352	0.07303538	-0.06860093	0.057922754	-0.061126463	0.0397965	-0.091210544	0.09425779	-0.08267108	0.07748019	-0.08355065	0.12592168	-0.10914362	0.11623297	-0.06547577	0.07199066	-0.3119534	0.17297806	-0.16000754	0.05853362	-0.069996096	0.99999815	-0.33121282	0.17769963	-0.13806184	0.09323442	-0.80136037	0.2846209	-0.19983655	0.10271064	-0.10169162
0.100358136	-0.07063086	0.068200655	-0.0643411	0.06237369	-0.08993224	0.08480178	-0.0733312	0.07649265	-0.05076979	0.10893696	-0.12448704	0.10793466	-0.1016224	0.106566645	-0.14846197	0.15000327	-0.16761716	0.08911298	-0.098479785	0.24473917	-0.31858245	0.26779968	-0.08421108	0.09587731	-0.33121282	0.999998	-0.52756685	0.20012923	-0.14677899	0.24627364	-0.56030554	0.25178486	-0.15067965	0.13642472
-0.09906902	0.06884588	-0.0670761	0.06273768	-0.06187544	0.08667393	-0.08334831	0.07163508	-0.07542225	0.050034232	-0.10709644	0.119786814	-0.10770247	0.09904338	-0.10659144	0.13973506	-0.15294941	0.16375345	-0.0964663	0.10049917	-0.24925357	0.27889678	-0.58153296	0.096787974	-0.108414225	0.17769963	-0.52756685	0.99999803	-0.3272746	0.17625652	-0.16256592	0.25648698	-0.28590044	0.16563715	-0.16128978
0.07816475	-0.05513762	0.053632222	-0.05097617	0.05116604	-0.06916903	0.06585901	-0.05746347	0.060463183	-0.04181081	0.08179659	-0.09326487	0.08311843	-0.08313409	0.08813503	-0.10806298	0.10463752	-0.123087235	0.08441385	-0.09980917	0.16568051	-0.170242	0.18150385	-0.09193254	0.107198715	-0.13806184	0.20012923	-0.3272746	0.99999815	-0.6769079	0.121540405	-0.2269658	0.26319382	-0.37981623	0.30055687
-0.05432019	0.038141392	-0.03725613	0.03534454	-0.03599184	0.04757639	-0.04568224	0.039790105	-0.042075206	0.029402439	-0.056649838	0.06392027	-0.05773799	0.058306612	-0.06260169	0.07368871	-0.07200362	0.08324998	-0.06541666	0.07806192	-0.11744543	0.11180173	-0.12848023	0.07526526	-0.10070715	0.09323442	-0.14677899	0.17625652	-0.6769079	0.99999803	-0.08655772	0.15317705	-0.25691053	0.28676373	-0.58725166
0.07247563	-0.05045145	0.04845434	-0.045658924	0.044134364	-0.064929634	0.06044991	-0.05172212	0.05423641	-0.0358137	0.078698575	-0.08479566	0.07366915	-0.07051228	0.07471847	-0.11111194	0.09548608	-0.10611023	0.059088178	-0.06629673	0.20853612	-0.15305714	0.13474727	-0.05293197	0.06290623	-0.80136037	0.24627364	-0.16256592	0.121540405	-0.08655772	0.99999803	-0.4493201	0.18353552	-0.09823308	0.0917572
-0.09585739	0.06579353	-0.063950114	0.05980538	-0.059321098	0.08284892	-0.07946372	0.06766817	-0.07187602	0.047753014	-0.10167475	0.10877676	-0.09747085	0.092282645	-0.10094976	0.13251674	-0.1273581	0.13756363	-0.082573794	0.09070182	-0.25434276	0.20449343	-0.21302105	0.076118626	-0.09158106	0.2846209	-0.56030554	0.25648698	-0.2269658	0.15317705	-0.4493201	0.9999977	-0.4491238	0.18686962	-0.18000828
0.09727484	-0.06829733	0.066279545	-0.06291084	0.06269872	-0.085897885	0.081519276	-0.0708216	0.07463153	-0.0510136	0.101303376	-0.11401596	0.10114632	-0.10029558	0.10666225	-0.13431299	0.12588236	-0.14789924	0.09047137	-0.1056589	0.20811108	-0.19793476	0.19047435	-0.085791714	0.10212318	-0.19983655	0.25178486	-0.28590044	0.26319382	-0.25691053	0.18353552	-0.4491238	0.99999785	-0.5411663	0.26459894
-0.05468159	0.038267773	-0.037258245	0.035282765	-0.035477363	0.047938157	-0.04581684	0.039741214	-0.04199994	0.028858427	-0.05702367	0.06384052	-0.05719406	0.056748595	-0.06087263	0.074647464	-0.07164569	0.082732745	-0.056190442	0.06530526	-0.11972379	0.111730516	-0.120071284	0.05732645	-0.070519336	0.10271064	-0.15067965	0.16563715	-0.37981623	0.28676373	-0.09823308	0.18686962	-0.5411663	0.9999978	-0.64972204
0.055929117	-0.03935059	0.03829712	-0.03640121	0.036680847	-0.049288295	0.04698162	-0.040943265	0.04319184	-0.029938607	0.05813761	-0.065764084	0.058778007	-0.05917393	0.063058175	-0.07649605	0.072606996	-0.085436635	0.05929038	-0.07128239	0.11782893	-0.11229396	0.11372396	-0.062966995	0.07713824	-0.10169162	0.13642472	-0.16128978	0.30055687	-0.58725166	0.0917572	-0.18000828	0.26459894	-0.64972204	0.9999978
