1.0000001	-0.26745653	0.18632708	-0.26815554	0.14042014	-0.7720617	0.28559756	-0.20465788	0.1806212	-0.16332644	0.14278744	-0.17697391	0.17255723	-0.25904685	0.11137353	-0.1128939	0.17666125	-0.13439125	0.12085482	-0.10720295	0.1272553	-0.15170968	0.12181837	-0.121602245	0.1587253	-0.09767766	0.113228485	-0.092665926	0.11364514	-0.09575599	0.06800029	-0.058427177	0.082993105	-0.07041293	0.07555186
-0.26745653	1.0	-0.6335169	0.25511748	-0.1474183	0.21954313	-0.5483954	0.2566733	-0.23706396	0.1433591	-0.113321	0.19033681	-0.1820974	0.18631335	-0.097028166	0.08632573	-0.20297678	0.12510306	-0.10885626	0.0900165	-0.10680857	0.12354042	-0.10850818	0.103555486	-0.1253114	0.07848649	-0.09545281	0.076854825	-0.09482762	0.0762272	-0.056674197	0.048010107	-0.06916654	0.05738644	-0.061503462
0.18632708	-0.6335169	1.0	-0.42905068	0.16756682	-0.16987854	0.2614065	-0.48660365	0.27333283	-0.16922471	0.09483995	-0.15128043	0.17287686	-0.18787746	0.09664337	-0.073236234	0.15333796	-0.120488256	0.10272011	-0.090425275	0.09442752	-0.113959126	0.10060249	-0.09856562	0.11700385	-0.070646025	0.08610159	-0.07149153	0.087945424	-0.071368165	0.051378906	-0.043676943	0.063943	-0.053423338	0.057113234
-0.26815554	0.25511748	-0.42905068	0.9999999	-0.45759392	0.1866554	-0.28120646	0.29508275	-0.4890368	0.28315803	-0.13163708	0.1707919	-0.21051341	0.23618096	-0.14863183	0.09876073	-0.20236787	0.14994538	-0.14180323	0.13160565	-0.13415731	0.15089944	-0.13635036	0.13273112	-0.17860398	0.09943486	-0.12590598	0.10044669	-0.12771003	0.10265361	-0.07510274	0.06306569	-0.09213305	0.07652756	-0.08342178
0.14042014	-0.1474183	0.16756682	-0.45759392	0.99999964	-0.10797428	0.14275682	-0.18781482	0.24320243	-0.7846927	0.08436884	-0.105597764	0.13982691	-0.19653295	0.17203505	-0.0644351	0.121117696	-0.11098427	0.11449526	-0.16026992	0.090501465	-0.109585494	0.09983515	-0.10801335	0.13262424	-0.06866719	0.08585838	-0.07378297	0.09320789	-0.07755965	0.051658377	-0.043885574	0.06649371	-0.05649777	0.060887862
-0.7720617	0.21954313	-0.16987854	0.1866554	-0.10797428	0.9999997	-0.46937373	0.15973788	-0.14997233	0.11780691	-0.15806583	0.1782496	-0.15372017	0.1871113	-0.08784167	0.11088619	-0.1896152	0.11495513	-0.10121845	0.083476536	-0.11770781	0.12859182	-0.10410949	0.09995022	-0.123852104	0.08513461	-0.09869959	0.076391704	-0.09307705	0.07613483	-0.058325615	0.049668655	-0.06851688	0.05710937	-0.061015647
0.28559756	-0.5483954	0.2614065	-0.28120646	0.14275682	-0.46937373	0.99999964	-0.2600237	0.20270443	-0.15935263	0.13937588	-0.37358105	0.20301671	-0.23559645	0.10876661	-0.11064469	0.24724731	-0.15108117	0.12456029	-0.104631804	0.12452551	-0.15246032	0.12593889	-0.123193465	0.14055008	-0.09325259	0.10849331	-0.08962211	0.1079089	-0.088516966	0.06459536	-0.05538964	0.079154216	-0.06637852	0.07024712
-0.20465788	0.2566733	-0.48660365	0.29508275	-0.18781482	0.15973788	-0.2600237	0.9999995	-0.647667	0.19399051	-0.11338284	0.16929351	-0.30243564	0.22895843	-0.12037498	0.08670531	-0.18579006	0.16398773	-0.13613075	0.110726155	-0.116295375	0.13995922	-0.13243847	0.12536182	-0.14180738	0.08595519	-0.106300205	0.089094214	-0.10968433	0.08718022	-0.0632418	0.053598795	-0.07967552	0.065921254	-0.07031522
0.1806212	-0.23706396	0.27333283	-0.4890368	0.24320243	-0.14997233	0.20270443	-0.647667	0.9999997	-0.33683273	0.1078789	-0.1506188	0.21201783	-0.27884665	0.13916281	-0.08313672	0.16253898	-0.1518025	0.13255893	-0.12919812	0.113549165	-0.13984153	0.12573148	-0.12659468	0.14940219	-0.08575623	0.10582323	-0.089872055	0.11107405	-0.09062826	0.06339272	-0.053909518	0.080307946	-0.0674368	0.07213009
-0.16332644	0.1433591	-0.16922471	0.28315803	-0.7846927	0.11780691	-0.15935263	0.19399051	-0.33683273	0.99999946	-0.09620206	0.11652511	-0.15815182	0.19970159	-0.260677	0.07263794	-0.13827771	0.12275216	-0.1329445	0.17743678	-0.102991395	0.1201905	-0.11269613	0.1190343	-0.15493071	0.07723447	-0.09812989	0.08268068	-0.10634347	0.08680525	-0.058873188	0.049694657	-0.07541073	0.06350632	-0.06908976
0.14278744	-0.113321	0.09483995	-0.13163708	0.08436884	-0.15806583	0.13937588	-0.11338284	0.1078789	-0.09620206	0.99999917	-0.20322205	0.15632774	-0.2216852	0.09361723	-0.8070999	0.19677573	-0.14251022	0.12204576	-0.09311916	0.27945638	-0.26650462	0.14728627	-0.13871533	0.13394442	-0.20603769	0.16235678	-0.109254405	0.11805337	-0.09825976	0.09371613	-0.08410069	0.091972694	-0.07643346	0.07688825
-0.17697391	0.19033681	-0.15128043	0.1707919	-0.105597764	0.1782496	-0.37358105	0.16929351	-0.1506188	0.11652511	-0.20322205	0.9999993	-0.35700175	0.23200026	-0.108534195	0.15398608	-0.7504552	0.21012536	-0.15189263	0.105851315	-0.15289457	0.18407829	-0.15845263	0.14380129	-0.13451634	0.10680414	-0.12056805	0.09902012	-0.11536671	0.09101398	-0.07048956	0.06051538	-0.085695736	0.070352204	-0.07282135
0.17255723	-0.1820974	0.17287686	-0.21051341	0.13982691	-0.15372017	0.20301671	-0.30243564	0.21201783	-0.15815182	0.15632774	-0.35700175	0.9999991	-0.45277455	0.1668667	-0.12683056	0.2727602	-0.5702652	0.25106084	-0.17289358	0.17208447	-0.25820938	0.25010312	-0.24597774	0.18773222	-0.12925652	0.15235229	-0.1475425	0.16600883	-0.13101082	0.09068133	-0.07857431	0.122267425	-0.101542674	0.103291936
-0.25904685	0.18631335	-0.18787746	0.23618096	-0.19653295	0.1871113	-0.23559645	0.22895843	-0.27884665	0.19970159	-0.2216852	0.23200026	-0.45277455	0.9999989	-0.28791434	0.1617885	-0.29288498	0.27025226	-0.29532963	0.22218853	-0.24544525	0.2559854	-0.2602283	0.24159154	-0.3345142	0.17839217	-0.24042466	0.1852011	-0.24448384	0.18624903	-0.1426403	0.11761259	-0.17415991	0.14146113	-0.1562459
0.11137353	-0.097028166	0.09664337	-0.14863183	0.17203505	-0.08784167	0.10876661	-0.12037498	0.13916281	-0.260677	0.09361723	-0.108534195	0.1668667	-0.28791434	0.99999887	-0.0727863	0.12666526	-0.17358838	0.23116426	-0.8267197	0.10901145	-0.14680342	0.14840841	-0.20610166	0.17724666	-0.08317097	0.10317169	-0.10128256	0.12643026	-0.10790647	0.06231723	-0.05369258	0.08767151	-0.076457635	0.0798662
-0.1128939	0.08632573	-0.073236234	0.09876073	-0.0644351	0.11088619	-0.11064469	0.08670531	-0.08313672	0.07263794	-0.8070999	0.15398608	-0.12683056	0.1617885	-0.0727863	0.999999	-0.19721627	0.11365379	-0.09786359	0.071625665	-0.44271645	0.21107347	-0.12280821	0.108001195	-0.10328009	0.17964911	-0.1547844	0.08794173	-0.09489899	0.07639666	-0.08463931	0.07294055	-0.07525605	0.060674246	-0.061130006
0.17666125	-0.20297678	0.15333796	-0.20236787	0.121117696	-0.1896152	0.24724731	-0.18579006	0.16253898	-0.13827771	0.19677573	-0.7504552	0.2727602	-0.29288498	0.12666526	-0.19721627	0.99999887	-0.27162936	0.1732278	-0.12765518	0.17624688	-0.24899295	0.18493514	-0.1767	0.15860333	-0.12844868	0.13947572	-0.11915957	0.13555503	-0.10967068	0.08214229	-0.071426176	0.10101648	-0.08418826	0.08630617
-0.13439125	0.12510306	-0.120488256	0.14994538	-0.11098427	0.11495513	-0.15108117	0.16398773	-0.1518025	0.12275216	-0.14251022	0.21012536	-0.5702652	0.27025226	-0.17358838	0.11365379	-0.27162936	0.99999857	-0.46881998	0.17333181	-0.1712835	0.24473847	-0.45744494	0.2899249	-0.16760804	0.1203921	-0.14758788	0.15394026	-0.17343618	0.12364493	-0.08660443	0.07467067	-0.1280146	0.100052394	-0.100180894
0.12085482	-0.10885626	0.10272011	-0.14180323	0.11449526	-0.10121845	0.12456029	-0.13613075	0.13255893	-0.1329445	0.12204576	-0.15189263	0.25106084	-0.29532963	0.23116426	-0.09786359	0.1732278	-0.46881998	0.9999986	-0.34760082	0.15050794	-0.23362105	0.28755635	-0.63222855	0.17781295	-0.11221053	0.13571261	-0.15399559	0.18392557	-0.13636553	0.08112925	-0.07091357	0.12327829	-0.106067434	0.10316295
-0.10720295	0.0900165	-0.090425275	0.13160565	-0.16026992	0.083476536	-0.104631804	0.110726155	-0.12919812	0.17743678	-0.09311916	0.105851315	-0.17289358	0.22218853	-0.8267197	0.071625665	-0.12765518	0.17333181	-0.34760082	0.9999985	-0.108753674	0.13991417	-0.15532583	0.19974314	-0.20475772	0.081452616	-0.10282944	0.1000243	-0.1300107	0.10705759	-0.061859455	0.053000633	-0.08813556	0.07577721	-0.08025242
0.1272553	-0.10680857	0.09442752	-0.13415731	0.090501465	-0.11770781	0.12452551	-0.116295375	0.113549165	-0.102991395	0.27945638	-0.15289457	0.17208447	-0.24544525	0.10901145	-0.44271645	0.17624688	-0.1712835	0.15050794	-0.108753674	0.9999985	-0.50791633	0.20799579	-0.18050511	0.15716672	-0.49227187	0.26824197	-0.1484363	0.15136883	-0.12264665	0.14726451	-0.13198408	0.12268031	-0.098888874	0.09732818
-0.15170968	0.12354042	-0.113959126	0.15089944	-0.109585494	0.12859182	-0.15246032	0.13995922	-0.13984153	0.1201905	-0.26650462	0.18407829	-0.25820938	0.2559854	-0.14680342	0.21107347	-0.24899295	0.24473847	-0.23362105	0.13991417	-0.50791633	0.99999845	-0.51334906	0.249547	-0.19777833	0.23727265	-0.2909364	0.19211729	-0.2124237	0.15015839	-0.15338197	0.12776126	-0.16762361	0.12537062	-0.12706393
0.12181837	-0.10850818	0.10060249	-0.13635036	0.09983515	-0.10410949	0.12593889	-0.13243847	0.12573148	-0.11269613	0.14728627	-0.15845263	0.25010312	-0.2602283	0.14840841	-0.12280821	0.18493514	-0.45744494	0.28755635	-0.15532583	0.20799579	-0.51334906	0.99999815	-0.5164322	0.17227446	-0.14743775	0.17155829	-0.26293674	0.21137601	-0.1478162	0.10024035	-0.08909274	0.16858172	-0.12742189	0.119510114
-0.121602245	0.103555486	-0.09856562	0.13273112	-0.10801335	0.09995022	-0.123193465	0.12536182	-0.12659468	0.1190343	-0.13871533	0.14380129	-0.24597774	0.24159154	-0.20610166	0.108001195	-0.1767	0.2899249	-0.63222855	0.19974314	-0.18050511	0.249547	-0.5164322	0.99999785	-0.19932747	0.12747186	-0.1612948	0.18872547	-0.278501	0.15804899	-0.09531644	0.082638025	-0.15583177	0.12877187	-0.12444756
0.1587253	-0.1253114	0.11700385	-0.17860398	0.13262424	-0.123852104	0.14055008	-0.14180738	0.14940219	-0.15493071	0.13394442	-0.13451634	0.18773222	-0.3345142	0.17724666	-0.10328009	0.15860333	-0.16760804	0.17781295	-0.20475772	0.15716672	-0.19777833	0.17227446	-0.19932747	0.9999979	-0.13014868	0.16388251	-0.17712462	0.24378379	-0.39676917	0.10474569	-0.09198638	0.16823848	-0.17179406	0.20230132
-0.09767766	0.07848649	-0.070646025	0.09943486	-0.06866719	0.08513461	-0.09325259	0.08595519	-0.08575623	0.07723447	-0.20603769	0.10680414	-0.12925652	0.17839217	-0.08317097	0.17964911	-0.12844868	0.1203921	-0.11221053	0.081452616	-0.49227187	0.23727265	-0.14743775	0.12747186	-0.13014868	0.99999785	-0.68953365	0.15183462	-0.1436006	0.11044734	-0.29781517	0.22365043	-0.13329408	0.09643851	-0.093418136
0.113228485	-0.09545281	0.08610159	-0.12590598	0.08585838	-0.09869959	0.10849331	-0.106300205	0.10582323	-0.09812989	0.16235678	-0.12056805	0.15235229	-0.24042466	0.10317169	-0.1547844	0.13947572	-0.14758788	0.13571261	-0.10282944	0.26824197	-0.2909364	0.17155829	-0.1612948	0.16388251	-0.68953365	0.9999981	-0.23040831	0.1771781	-0.14588094	0.26140702	-0.35983062	0.1692041	-0.12754144	0.117775135
-0.092665926	0.076854825	-0.07149153	0.10044669	-0.07378297	0.076391704	-0.08962211	0.089094214	-0.089872055	0.08268068	-0.109254405	0.09902012	-0.1475425	0.1852011	-0.10128256	0.08794173	-0.11915957	0.15394026	-0.15399559	0.1000243	-0.1484363	0.19211729	-0.26293674	0.18872547	-0.17712462	0.15183462	-0.23040831	0.99999815	-0.49718967	0.23683672	-0.13959095	0.1356185	-0.6710225	0.27523807	-0.24543287
0.11364514	-0.09482762	0.087945424	-0.12771003	0.09320789	-0.09307705	0.1079089	-0.10968433	0.11107405	-0.10634347	0.11805337	-0.11536671	0.16600883	-0.24448384	0.12643026	-0.09489899	0.13555503	-0.17343618	0.18392557	-0.1300107	0.15136883	-0.2124237	0.21137601	-0.278501	0.24378379	-0.1436006	0.1771781	-0.49718967	0.9999978	-0.49629667	0.116918236	-0.112611085	0.2991516	-0.41346243	0.285461
-0.09575599	0.0762272	-0.071368165	0.10265361	-0.07755965	0.07613483	-0.088516966	0.08718022	-0.09062826	0.08680525	-0.09825976	0.09101398	-0.13101082	0.18624903	-0.10790647	0.07639666	-0.10967068	0.12364493	-0.13636553	0.10705759	-0.12264665	0.15015839	-0.1478162	0.15804899	-0.39676917	0.11044734	-0.14588094	0.23683672	-0.49629667	0.9999977	-0.10370502	0.09395183	-0.27883023	0.29416388	-0.6087996
0.06800029	-0.056674197	0.051378906	-0.07510274	0.051658377	-0.058325615	0.06459536	-0.0632418	0.06339272	-0.058873188	0.09371613	-0.07048956	0.09068133	-0.1426403	0.06231723	-0.08463931	0.08214229	-0.08660443	0.08112925	-0.061859455	0.14726451	-0.15338197	0.10024035	-0.09531644	0.10474569	-0.29781517	0.26140702	-0.13959095	0.116918236	-0.10370502	0.9999975	-0.8740187	0.13889247	-0.09939002	0.084788084
-0.058427177	0.048010107	-0.043676943	0.06306569	-0.043885574	0.049668655	-0.05538964	0.053598795	-0.053909518	0.049694657	-0.08410069	0.06051538	-0.07857431	0.11761259	-0.05369258	0.07294055	-0.071426176	0.07467067	-0.07091357	0.053000633	-0.13198408	0.12776126	-0.08909274	0.082638025	-0.09198638	0.22365043	-0.35983062	0.1356185	-0.112611085	0.09395183	-0.8740187	0.9999975	-0.16280556	0.09569117	-0.08268639
0.082993105	-0.06916654	0.063943	-0.09213305	0.06649371	-0.06851688	0.079154216	-0.07967552	0.080307946	-0.07541073	0.091972694	-0.085695736	0.122267425	-0.17415991	0.08767151	-0.07525605	0.10101648	-0.1280146	0.12327829	-0.08813556	0.12268031	-0.16762361	0.16858172	-0.15583177	0.16823848	-0.13329408	0.1692041	-0.6710225	0.2991516	-0.27883023	0.13889247	-0.16280556	0.9999974	-0.51859874	0.25400367
-0.07041293	0.05738644	-0.053423338	0.07652756	-0.05649777	0.05710937	-0.06637852	0.065921254	-0.0674368	0.06350632	-0.07643346	0.070352204	-0.101542674	0.14146113	-0.076457635	0.060674246	-0.08418826	0.100052394	-0.106067434	0.07577721	-0.098888874	0.12537062	-0.12742189	0.12877187	-0.17179406	0.09643851	-0.12754144	0.27523807	-0.41346243	0.29416388	-0.09939002	0.09569117	-0.51859874	0.99999744	-0.63635427
0.07555186	-0.061503462	0.057113234	-0.08342178	0.060887862	-0.061015647	0.07024712	-0.07031522	0.07213009	-0.06908976	0.07688825	-0.07282135	0.103291936	-0.1562459	0.0798662	-0.061130006	0.08630617	-0.100180894	0.10316295	-0.08025242	0.09732818	-0.12706393	0.119510114	-0.12444756	0.20230132	-0.093418136	0.117775135	-0.24543287	0.285461	-0.6087996	0.084788084	-0.08268639	0.25400367	-0.63635427	0.99999744
