1.0000002	-0.19851662	0.12677245	-0.039602507	0.056952324	-0.9466701	0.13012785	-0.08574795	0.04301137	-0.042124618	0.13333896	-0.073959716	0.05674398	-0.05902376	0.034617994	-0.14272307	0.06789948	-0.061135102	0.03880534	-0.0329617	0.037464153	-0.027242048	0.042042572	-0.03384768	0.031707164	-0.026444204	0.03301346	-0.028841265	0.02729215	-0.015887123	0.023336481	-0.018545553	0.026336519	-0.030759875	0.017674198
-0.19851662	1.0000004	-0.5702356	0.12546128	-0.15445647	0.16022319	-0.6927901	0.2666107	-0.1339312	0.111193866	-0.10146465	0.1703116	-0.14964502	0.15037063	-0.08991109	0.10425567	-0.15849492	0.15234059	-0.09868052	0.08402597	-0.08329387	0.060981773	-0.10195291	0.084878296	-0.080226965	0.062282447	-0.07850186	0.06916359	-0.06684802	0.03897754	-0.056118242	0.044399235	-0.063686065	0.07463252	-0.04342725
0.12677245	-0.5702356	1.0000004	-0.25530514	0.2374112	-0.14015508	0.3193376	-0.47381353	0.21244635	-0.19180806	0.1269605	-0.24554	0.22481479	-0.25775838	0.14677402	-0.14290719	0.21550144	-0.25133935	0.16019371	-0.14031902	0.12786557	-0.094595894	0.15869923	-0.14087275	0.12977482	-0.10009274	0.12286035	-0.1100812	0.10725267	-0.063022405	0.08882976	-0.070446566	0.100649655	-0.12248607	0.06970811
-0.039602507	0.12546128	-0.25530514	1.0000002	-0.36878508	0.041721135	-0.13189313	0.19523928	-0.8456697	0.179378	-0.057590943	0.1124715	-0.11399002	0.14964457	-0.118631	0.06230708	-0.11420012	0.12579621	-0.100271724	0.095325336	-0.07653237	0.05583307	-0.09489945	0.08876429	-0.086038515	0.05934919	-0.07406254	0.06561137	-0.06574617	0.038795043	-0.053682983	0.042410873	-0.061048627	0.073816866	-0.043000635
0.056952324	-0.15445647	0.2374112	-0.36878508	1.0000001	-0.060051348	0.17358442	-0.26663694	0.26285538	-0.4565007	0.10267191	-0.19957069	0.19087657	-0.31693172	0.24138679	-0.11412369	0.20379408	-0.24392943	0.20439373	-0.21254505	0.1595724	-0.11655717	0.19624831	-0.19598843	0.18014179	-0.12907593	0.15669908	-0.1395433	0.14122888	-0.08405397	0.11553334	-0.09117846	0.13095176	-0.1640886	0.09243445
-0.9466701	0.16022319	-0.14015508	0.041721135	-0.060051348	1.0000002	-0.14167942	0.087158844	-0.045714512	0.043462887	-0.16282018	0.07580632	-0.058800027	0.06019487	-0.03583993	0.1340018	-0.071304314	0.06245747	-0.039990034	0.0339044	-0.038695294	0.02802553	-0.043640573	0.034806393	-0.03277265	0.027226312	-0.034215666	0.029785143	-0.028213413	0.016403025	-0.024174867	0.019184774	-0.027305517	0.03165107	-0.018278692
0.13012785	-0.6927901	0.3193376	-0.13189313	0.17358442	-0.14167942	1.0	-0.47051042	0.14040117	-0.13686658	0.116015516	-0.2707033	0.21201	-0.20469338	0.112165645	-0.12545753	0.20064315	-0.21205993	0.12851374	-0.10779511	0.10047958	-0.07470604	0.12537336	-0.108469844	0.101073965	-0.076600134	0.095478736	-0.08566068	0.082811326	-0.0484361	0.068185665	-0.054218654	0.07744072	-0.09302051	0.05365764
-0.08574795	0.2666107	-0.47381353	0.19523928	-0.26663694	0.087158844	-0.47051042	0.9999998	-0.26312277	0.18173917	-0.1320925	0.27546537	-0.4610142	0.25693935	-0.159243	0.13163681	-0.29188302	0.2684676	-0.1808917	0.14390719	-0.1441567	0.105185084	-0.1817576	0.14440103	-0.1417439	0.1048701	-0.13599597	0.11917257	-0.11535989	0.06672727	-0.09602701	0.07595568	-0.10950933	0.12487161	-0.074810825
0.04301137	-0.1339312	0.21244635	-0.8456697	0.26285538	-0.045714512	0.14040117	-0.26312277	0.9999998	-0.23176624	0.06551752	-0.13238978	0.13517408	-0.1830614	0.13679074	-0.07133897	0.13048072	-0.14892134	0.11728253	-0.11295706	0.08669654	-0.06356085	0.10805168	-0.10393956	0.09926868	-0.06781958	0.08416416	-0.07509327	0.075403966	-0.044595204	0.0610297	-0.04831415	0.069423124	-0.08508862	0.04924368
-0.042124618	0.111193866	-0.19180806	0.179378	-0.4565007	0.043462887	-0.13686658	0.18173917	-0.23176624	0.99999976	-0.07950217	0.14995591	-0.15420005	0.25162536	-0.67022634	0.083871186	-0.17756258	0.19174169	-0.24147135	0.26059452	-0.14214942	0.10251112	-0.17993279	0.19268903	-0.23474456	0.10648555	-0.13871205	0.12281581	-0.13114816	0.07850197	-0.09920486	0.07847947	-0.114206195	0.13658817	-0.08727316
0.13333896	-0.10146465	0.1269605	-0.057590943	0.10267191	-0.16282018	0.116015516	-0.1320925	0.06551752	-0.07950217	0.99999976	-0.2379074	0.12988198	-0.12283706	0.068745755	-0.91086227	0.17757973	-0.13666637	0.0814795	-0.0671444	0.09291886	-0.06757313	0.091424525	-0.070188254	0.06529464	-0.05898752	0.07296827	-0.06345318	0.057947796	-0.033617567	0.050237883	-0.040388685	0.05631937	-0.06575851	0.037246235
-0.073959716	0.1703116	-0.24554	0.1124715	-0.19957069	0.07580632	-0.2707033	0.27546537	-0.13238978	0.14995591	-0.2379074	0.99999946	-0.5461111	0.2518875	-0.14161146	0.19193742	-0.6055515	0.30738035	-0.17884992	0.13412543	-0.13663921	0.10352505	-0.17046265	0.13526157	-0.13129866	0.09668596	-0.12541465	0.11164109	-0.106034055	0.06123706	-0.08666641	0.0693097	-0.098870225	0.114682056	-0.06821806
0.05674398	-0.14964502	0.22481479	-0.11399002	0.19087657	-0.058800027	0.21201	-0.4610142	0.13517408	-0.15420005	0.12988198	-0.5461111	0.9999995	-0.40633863	0.15036568	-0.13139993	0.31317857	-0.48022783	0.20622963	-0.14752452	0.12249071	-0.093538284	0.16503717	-0.1431599	0.1363483	-0.090349846	0.11647484	-0.107845776	0.10324607	-0.059840504	0.08078227	-0.064929456	0.09266086	-0.11073078	0.066080794
-0.05902376	0.15037063	-0.25775838	0.14964457	-0.31693172	0.06019487	-0.20469338	0.25693935	-0.1830614	0.25162536	-0.12283706	0.2518875	-0.40633863	0.99999934	-0.3295685	0.12281157	-0.30839813	0.30234605	-0.5091642	0.26862815	-0.18208289	0.13271506	-0.23713993	0.24204889	-0.2568404	0.1323877	-0.175457	0.15642156	-0.16519937	0.09548377	-0.12299962	0.09781333	-0.14199227	0.16682574	-0.10658827
0.034617994	-0.08991109	0.14677402	-0.118631	0.24138679	-0.03583993	0.112165645	-0.159243	0.13679074	-0.67022634	0.068745755	-0.14161146	0.15036568	-0.3295685	0.9999995	-0.07327643	0.15696846	-0.19440137	0.25859818	-0.5042842	0.11244469	-0.08425194	0.14812198	-0.21796717	0.22947851	-0.08929708	0.11245112	-0.10601747	0.116926916	-0.07215258	0.08007946	-0.0646629	0.09280992	-0.12552209	0.0766046
-0.14272307	0.10425567	-0.14290719	0.06230708	-0.11412369	0.1340018	-0.12545753	0.13163681	-0.07133897	0.083871186	-0.91086227	0.19193742	-0.13139993	0.12281157	-0.07327643	0.9999996	-0.21087848	0.13824275	-0.08570685	0.070466176	-0.112561196	0.07647738	-0.103366725	0.07441772	-0.070192255	0.06504994	-0.08311353	0.07041883	-0.0637977	0.036766786	-0.056407776	0.045191776	-0.063315116	0.07142118	-0.040976625
0.06789948	-0.15849492	0.21550144	-0.11420012	0.20379408	-0.071304314	0.20064315	-0.29188302	0.13048072	-0.17756258	0.17757973	-0.6055515	0.31317857	-0.30839813	0.15696846	-0.21087848	0.9999996	-0.5447026	0.2070472	-0.16404513	0.15170787	-0.12800956	0.19342986	-0.16644143	0.15025099	-0.114865325	0.14173368	-0.13337077	0.12277014	-0.07184132	0.09790679	-0.07960556	0.1112594	-0.1389251	0.07845739
-0.061135102	0.15234059	-0.25133935	0.12579621	-0.24392943	0.06245747	-0.21205993	0.2684676	-0.14892134	0.19174169	-0.13666637	0.30738035	-0.48022783	0.30234605	-0.19440137	0.13824275	-0.5447026	0.9999996	-0.3401144	0.19824061	-0.18355955	0.14292271	-0.29476756	0.19825548	-0.19363382	0.13123788	-0.17489058	0.16529691	-0.15186654	0.086279094	-0.117344975	0.09517306	-0.13566165	0.158316	-0.09556832
0.03880534	-0.09868052	0.16019371	-0.100271724	0.20439373	-0.039990034	0.12851374	-0.1808917	0.11728253	-0.24147135	0.0814795	-0.17884992	0.20622963	-0.5091642	0.25859818	-0.08570685	0.2070472	-0.3401144	0.9999994	-0.5459283	0.12895516	-0.09977415	0.18197228	-0.4170496	0.29239622	-0.10282115	0.13083057	-0.13053252	0.15097125	-0.0898186	0.09107065	-0.07480684	0.106795676	-0.15259428	0.09315313
-0.0329617	0.08402597	-0.14031902	0.095325336	-0.21254505	0.0339044	-0.10779511	0.14390719	-0.11295706	0.26059452	-0.0671444	0.13412543	-0.14752452	0.26862815	-0.5042842	0.070466176	-0.16404513	0.19824061	-0.5459283	0.9999996	-0.11871775	0.08955972	-0.16313429	0.2860718	-0.48976904	0.09307512	-0.12010126	0.1156502	-0.13746169	0.086569116	-0.08403698	0.0684173	-0.09853868	0.13592763	-0.09101788
0.037464153	-0.08329387	0.12786557	-0.07653237	0.1595724	-0.038695294	0.10047958	-0.1441567	0.08669654	-0.14214942	0.09291886	-0.13663921	0.12249071	-0.18208289	0.11244469	-0.112561196	0.15170787	-0.18355955	0.12895516	-0.11871775	0.9999995	-0.75895566	0.27335486	-0.15101926	0.12503774	-0.26460698	0.28169367	-0.24203676	0.16340657	-0.095072195	0.16695988	-0.14823471	0.17348161	-0.21420005	0.10055564
-0.027242048	0.060981773	-0.094595894	0.05583307	-0.11655717	0.02802553	-0.07470604	0.105185084	-0.06356085	0.10251112	-0.06757313	0.10352505	-0.093538284	0.13271506	-0.08425194	0.07647738	-0.12800956	0.14292271	-0.09977415	0.08955972	-0.75895566	0.99999976	-0.3784126	0.119983435	-0.10027466	0.19972238	-0.42249215	0.23532626	-0.1449885	0.07955343	-0.14586596	0.13455419	-0.15879428	0.1702591	-0.08441149
0.042042572	-0.10195291	0.15869923	-0.09489945	0.19624831	-0.043640573	0.12537336	-0.1817576	0.10805168	-0.17993279	0.091424525	-0.17046265	0.16503717	-0.23713993	0.14812198	-0.103366725	0.19342986	-0.29476756	0.18197228	-0.16313429	0.27335486	-0.3784126	0.99999964	-0.24486448	0.18175031	-0.24879085	0.3058563	-0.5684275	0.24949431	-0.14064077	0.18096268	-0.16715655	0.21332021	-0.29240406	0.14172788
-0.03384768	0.084878296	-0.14087275	0.08876429	-0.19598843	0.034806393	-0.108469844	0.14440103	-0.10393956	0.19268903	-0.070188254	0.13526157	-0.1431599	0.24204889	-0.21796717	0.07441772	-0.16644143	0.19825548	-0.4170496	0.2860718	-0.15101926	0.119983435	-0.24486448	0.99999934	-0.699917	0.12437351	-0.16357261	0.17600137	-0.29286525	0.14147061	-0.11020857	0.09278787	-0.133423	0.209259	-0.14532878
0.031707164	-0.080226965	0.12977482	-0.086038515	0.18014179	-0.03277265	0.101073965	-0.1417439	0.09926868	-0.23474456	0.06529464	-0.13129866	0.1363483	-0.2568404	0.22947851	-0.070192255	0.15025099	-0.19363382	0.29239622	-0.48976904	0.12503774	-0.10027466	0.18175031	-0.699917	0.9999993	-0.11022842	0.1352235	-0.14730519	0.1935418	-0.14178205	0.09457449	-0.0800888	0.11330648	-0.19823165	0.12778543
-0.026444204	0.062282447	-0.10009274	0.05934919	-0.12907593	0.027226312	-0.076600134	0.1048701	-0.06781958	0.10648555	-0.05898752	0.09668596	-0.090349846	0.1323877	-0.08929708	0.06504994	-0.114865325	0.13123788	-0.10282115	0.09307512	-0.26460698	0.19972238	-0.24879085	0.12437351	-0.11022842	0.9999994	-0.42041078	0.2306875	-0.1806949	0.09749501	-0.6750318	0.29753745	-0.3834281	0.21286437	-0.1117599
0.03301346	-0.07850186	0.12286035	-0.07406254	0.15669908	-0.034215666	0.095478736	-0.13599597	0.08416416	-0.13871205	0.07296827	-0.12541465	0.11647484	-0.175457	0.11245112	-0.08311353	0.14173368	-0.17489058	0.13083057	-0.12010126	0.28169367	-0.42249215	0.3058563	-0.16357261	0.1352235	-0.42041078	0.99999887	-0.51199734	0.22592402	-0.12596661	0.25254214	-0.30608082	0.26677904	-0.28277597	0.12925471
-0.028841265	0.06916359	-0.1100812	0.06561137	-0.1395433	0.029785143	-0.08566068	0.11917257	-0.07509327	0.12281581	-0.06345318	0.11164109	-0.107845776	0.15642156	-0.10601747	0.07041883	-0.13337077	0.16529691	-0.13053252	0.1156502	-0.24203676	0.23532626	-0.5684275	0.17600137	-0.14730519	0.2306875	-0.51199734	0.99999887	-0.42034537	0.15519562	-0.1958019	0.19171414	-0.28593925	0.27715263	-0.16295728
0.02729215	-0.06684802	0.10725267	-0.06574617	0.14122888	-0.028213413	0.082811326	-0.11535989	0.075403966	-0.13114816	0.057947796	-0.106034055	0.10324607	-0.16519937	0.116926916	-0.0637977	0.12277014	-0.15186654	0.15097125	-0.13746169	0.16340657	-0.1449885	0.24949431	-0.29286525	0.1935418	-0.1806949	0.22592402	-0.42034537	0.9999985	-0.41071168	0.14826542	-0.14100464	0.19798799	-0.6134273	0.27644804
-0.015887123	0.03897754	-0.063022405	0.038795043	-0.08405397	0.016403025	-0.0484361	0.06672727	-0.044595204	0.07850197	-0.033617567	0.06123706	-0.059840504	0.09548377	-0.07215258	0.036766786	-0.07184132	0.086279094	-0.0898186	0.086569116	-0.095072195	0.07955343	-0.14064077	0.14147061	-0.14178205	0.09749501	-0.12596661	0.15519562	-0.41071168	0.9999983	-0.08472641	0.076333396	-0.1115398	0.26513088	-0.8426141
0.023336481	-0.056118242	0.08882976	-0.053682983	0.11553334	-0.024174867	0.068185665	-0.09602701	0.0610297	-0.09920486	0.050237883	-0.08666641	0.08078227	-0.12299962	0.08007946	-0.056407776	0.09790679	-0.117344975	0.09107065	-0.08403698	0.16695988	-0.14586596	0.18096268	-0.11020857	0.09457449	-0.6750318	0.25254214	-0.1958019	0.14826542	-0.08472641	0.9999982	-0.5562935	0.30284533	-0.21499746	0.09337317
-0.018545553	0.044399235	-0.070446566	0.042410873	-0.09117846	0.019184774	-0.054218654	0.07595568	-0.04831415	0.07847947	-0.040388685	0.0693097	-0.064929456	0.09781333	-0.0646629	0.045191776	-0.07960556	0.09517306	-0.07480684	0.0684173	-0.14823471	0.13455419	-0.16715655	0.09278787	-0.0800888	0.29753745	-0.30608082	0.19171414	-0.14100464	0.076333396	-0.5562935	0.99999833	-0.6894791	0.19007541	-0.08618395
0.026336519	-0.063686065	0.100649655	-0.061048627	0.13095176	-0.027305517	0.07744072	-0.10950933	0.069423124	-0.114206195	0.05631937	-0.098870225	0.09266086	-0.14199227	0.09280992	-0.063315116	0.1112594	-0.13566165	0.106795676	-0.09853868	0.17348161	-0.15879428	0.21332021	-0.133423	0.11330648	-0.3834281	0.26677904	-0.28593925	0.19798799	-0.1115398	0.30284533	-0.6894791	0.99999833	-0.33518705	0.12312626
-0.030759875	0.07463252	-0.12248607	0.073816866	-0.1640886	0.03165107	-0.09302051	0.12487161	-0.08508862	0.13658817	-0.06575851	0.114682056	-0.11073078	0.16682574	-0.12552209	0.07142118	-0.1389251	0.158316	-0.15259428	0.13592763	-0.21420005	0.1702591	-0.29240406	0.209259	-0.19823165	0.21286437	-0.28277597	0.27715263	-0.6134273	0.26513088	-0.21499746	0.19007541	-0.33518705	0.9999984	-0.38964242
0.017674198	-0.04342725	0.06970811	-0.043000635	0.09243445	-0.018278692	0.05365764	-0.074810825	0.04924368	-0.08727316	0.037246235	-0.06821806	0.066080794	-0.10658827	0.0766046	-0.040976625	0.07845739	-0.09556832	0.09315313	-0.09101788	0.10055564	-0.08441149	0.14172788	-0.14532878	0.12778543	-0.1117599	0.12925471	-0.16295728	0.27644804	-0.8426141	0.09337317	-0.08618395	0.12312626	-0.38964242	0.9999984
