1.0	-0.32477272	0.22422591	-0.14013842	0.13852318	-0.7703741	0.30653858	-0.23909555	0.15625381	-0.19123863	0.17004395	-0.17647177	0.16441946	-0.18049033	0.12563202	-0.15835004	0.16213605	-0.09301256	0.08590595	-0.09471719	0.10793602	-0.09483257	0.10247629	-0.10161948	0.09597734	-0.06607999	0.08804898	-0.082927056	0.092634626	-0.08675441	0.09879155	-0.085513584	0.08156282	-0.11222067	0.078161575
-0.32477272	0.99999994	-0.69838	0.17814665	-0.1785893	0.23969866	-0.5168924	0.23123866	-0.16099697	0.15628259	-0.12706457	0.14725982	-0.15058604	0.15712558	-0.106198706	0.11216233	-0.1303873	0.07443206	-0.06969424	0.07591345	-0.08365305	0.073590666	-0.080738686	0.07931095	-0.07744951	0.050829455	-0.068644494	0.06435502	-0.07248602	0.066953026	-0.07622737	0.06533891	-0.063086	0.08404666	-0.060280122
0.22422591	-0.69838	0.9999998	-0.31801376	0.22484903	-0.21495134	0.29298642	-0.35255632	0.21265328	-0.22166106	0.14184366	-0.17106384	0.18303332	-0.21509886	0.14075185	-0.13585088	0.15673184	-0.09680611	0.09022987	-0.10133539	0.10745999	-0.09432437	0.10451531	-0.1046368	0.10194389	-0.065667525	0.088453725	-0.0837928	0.09510192	-0.08894163	0.098712265	-0.085518144	0.08225979	-0.11261264	0.079793505
-0.14013842	0.17814665	-0.31801376	0.9999995	-0.8010434	0.11509926	-0.17598148	0.22577569	-0.3469206	0.21802205	-0.10710033	0.12111282	-0.15298018	0.20957947	-0.14453627	0.09838517	-0.12549008	0.08007941	-0.07751977	0.090580225	-0.08741176	0.07585368	-0.08726499	0.08692518	-0.09265287	0.05286173	-0.072325915	0.068324275	-0.07981921	0.0732262	-0.080196165	0.068047926	-0.06706579	0.08762316	-0.06581132
0.13852318	-0.1785893	0.22484903	-0.8010434	0.99999934	-0.12025305	0.16872574	-0.24590732	0.2489744	-0.33310866	0.115709454	-0.13432533	0.16100359	-0.23988144	0.16849361	-0.111222275	0.1384835	-0.09311084	0.08910094	-0.10901779	0.10048098	-0.087541215	0.100822665	-0.102893814	0.10794852	-0.06111784	0.08350181	-0.079707	0.09338924	-0.08729414	0.09256693	-0.07991612	0.07813335	-0.10575564	0.07775596
-0.7703741	0.23969866	-0.21495134	0.11509926	-0.12025305	0.9999993	-0.48801565	0.19571385	-0.13466047	0.14350565	-0.19519046	0.16625781	-0.15163435	0.1467456	-0.1002708	0.14165796	-0.14854628	0.075813614	-0.07041072	0.074436896	-0.08818444	0.07800695	-0.08311585	0.0803243	-0.0763347	0.053383484	-0.07175168	0.066532284	-0.073501356	0.06759041	-0.07935514	0.06777455	-0.065058365	0.08562835	-0.060943488
0.30653858	-0.5168924	0.29298642	-0.17598148	0.16872574	-0.48801565	0.9999991	-0.37791377	0.20527844	-0.21652354	0.19169301	-0.2679477	0.21732321	-0.22666644	0.14405446	-0.17320904	0.187127	-0.10711249	0.09865629	-0.10676134	0.118669316	-0.105724305	0.11440958	-0.11321428	0.107843414	-0.072492875	0.097670116	-0.09195652	0.10268855	-0.09565791	0.10789439	-0.09395713	0.08983123	-0.12176004	0.08581454
-0.23909555	0.23123866	-0.35255632	0.22577569	-0.24590732	0.19571385	-0.37791377	0.9999986	-0.5529322	0.23203485	-0.20721292	0.23566477	-0.41725206	0.3133189	-0.18145458	0.17115991	-0.22207847	0.12938799	-0.12340011	0.123247	-0.1343074	0.11833825	-0.13268891	0.12689395	-0.12762535	0.080646805	-0.110752456	0.1029343	-0.11641709	0.10446674	-0.12118604	0.101986274	-0.10021546	0.12563534	-0.0942043
0.15625381	-0.16099697	0.21265328	-0.3469206	0.2489744	-0.13466047	0.20527844	-0.5529322	0.9999986	-0.28901026	0.15140423	-0.18574908	0.26523486	-0.59771943	0.18683606	-0.13656428	0.17023607	-0.11335183	0.10797282	-0.12064462	0.11197402	-0.09939897	0.11392616	-0.114454605	0.118529685	-0.067790866	0.09370297	-0.08899383	0.102956146	-0.09474948	0.101668045	-0.08807645	0.086221464	-0.11269888	0.08404303
-0.19123863	0.15628259	-0.22166106	0.21802205	-0.33310866	0.14350565	-0.21652354	0.23203485	-0.28901026	0.99999887	-0.16864784	0.1727888	-0.21501647	0.25055888	-0.60538113	0.15910912	-0.2303865	0.16881716	-0.17778195	0.25406492	-0.18985808	0.15923312	-0.20011872	0.20225881	-0.2713349	0.11336696	-0.1585673	0.15080568	-0.19100325	0.17130846	-0.17600986	0.14413953	-0.14910184	0.18296264	-0.15534222
0.17004395	-0.12706457	0.14184366	-0.10710033	0.115709454	-0.19519046	0.19169301	-0.20721292	0.15140423	-0.16864784	0.99999857	-0.56120586	0.25073698	-0.21285072	0.12729317	-0.63426614	0.29556826	-0.116826996	0.10316048	-0.10093023	0.13424267	-0.12827623	0.122059956	-0.11516301	0.10284284	-0.08130783	0.10869789	-0.099229924	0.10279517	-0.09402737	0.1117663	-0.10071422	0.093580574	-0.11855466	0.08329805
-0.17647177	0.14725982	-0.17106384	0.12111282	-0.13432533	0.16625781	-0.2679477	0.23566477	-0.18574908	0.1727888	-0.56120586	0.9999984	-0.5641469	0.24012066	-0.13979948	0.27891895	-0.3528082	0.13156524	-0.11904228	0.10625039	-0.13512783	0.13010018	-0.13002306	0.1190011	-0.10966764	0.0803218	-0.11325338	0.10183196	-0.107119605	0.095535405	-0.114643104	0.10066045	-0.09608399	0.11683672	-0.08500086
0.16441946	-0.15058604	0.18303332	-0.15298018	0.16100359	-0.15163435	0.21732321	-0.41725206	0.26523486	-0.21501647	0.25073698	-0.5641469	0.99999833	-0.5024098	0.17195381	-0.22565839	0.23511331	-0.18682149	0.14805192	-0.1300407	0.13273399	-0.12582432	0.13996974	-0.13747184	0.12783615	-0.080924384	0.11340189	-0.108649746	0.11933262	-0.10878054	0.11707599	-0.106530376	0.10184111	-0.13136044	0.095313996
-0.18049033	0.15712558	-0.21509886	0.20957947	-0.23988144	0.1467456	-0.22666644	0.3133189	-0.59771943	0.25055888	-0.21285072	0.24012066	-0.5024098	0.9999985	-0.26169488	0.17267597	-0.23263037	0.14846568	-0.14892206	0.1503441	-0.13995527	0.12504339	-0.14451426	0.14124326	-0.1501153	0.083880134	-0.11762849	0.110468894	-0.12765215	0.114620276	-0.12548546	0.10745059	-0.10636236	0.13256353	-0.10184959
0.12563202	-0.106198706	0.14075185	-0.14453627	0.16849361	-0.1002708	0.14405446	-0.18145458	0.18683606	-0.60538113	0.12729317	-0.13979948	0.17195381	-0.26169488	0.9999981	-0.12803948	0.17452036	-0.18896589	0.18566126	-0.5407046	0.14658174	-0.13663787	0.17579113	-0.22593611	0.27411106	-0.089867465	0.13317865	-0.1379755	0.17929749	-0.1886566	0.13319825	-0.12964578	0.12754516	-0.1901596	0.1451618
-0.15835004	0.11216233	-0.13585088	0.09838517	-0.111222275	0.14165796	-0.17320904	0.17115991	-0.13656428	0.15910912	-0.63426614	0.27891895	-0.22565839	0.17267597	-0.12803948	0.9999982	-0.5983361	0.12573104	-0.11399669	0.10370199	-0.18170215	0.16786863	-0.1462314	0.12547487	-0.10937851	0.10106044	-0.13826138	0.11687282	-0.11435017	0.10045496	-0.13649425	0.116150945	-0.10888519	0.12454638	-0.08942903
0.16213605	-0.1303873	0.15673184	-0.12549008	0.1384835	-0.14854628	0.187127	-0.22207847	0.17023607	-0.2303865	0.29556826	-0.3528082	0.23511331	-0.23263037	0.17452036	-0.5983361	0.9999983	-0.19777825	0.16053556	-0.1512187	0.21725075	-0.31283736	0.20718671	-0.18897887	0.15477334	-0.13565876	0.19761986	-0.17713454	0.16401054	-0.15011902	0.17455605	-0.17780831	0.15643242	-0.19107129	0.13072056
-0.09301256	0.07443206	-0.09680611	0.08007941	-0.09311084	0.075813614	-0.10711249	0.12938799	-0.11335183	0.16881716	-0.116826996	0.13156524	-0.18682149	0.14846568	-0.18896589	0.12573104	-0.19777825	0.99999905	-0.8131863	0.20498654	-0.14998396	0.15980995	-0.32096574	0.24461122	-0.20685366	0.08939539	-0.15364136	0.16802831	-0.18944284	0.14720595	-0.12649265	0.1323562	-0.13646416	0.15023042	-0.12307477
0.08590595	-0.06969424	0.09022987	-0.07751977	0.08910094	-0.07041072	0.09865629	-0.12340011	0.10797282	-0.17778195	0.10316048	-0.11904228	0.14805192	-0.14892206	0.18566126	-0.11399669	0.16053556	-0.8131863	0.9999985	-0.28673404	0.13164313	-0.14418468	0.23063916	-0.32550508	0.2136886	-0.08084661	0.13495709	-0.15566774	0.18384717	-0.15499777	0.11303933	-0.12482484	0.12286757	-0.15350465	0.120461084
-0.09471719	0.07591345	-0.10133539	0.090580225	-0.10901779	0.074436896	-0.10676134	0.123247	-0.12064462	0.25406492	-0.10093023	0.10625039	-0.1300407	0.1503441	-0.5407046	0.10370199	-0.1512187	0.20498654	-0.28673404	0.99999857	-0.13624707	0.12860325	-0.19050044	0.24626186	-0.6424467	0.08201581	-0.12987362	0.13649224	-0.20306979	0.19934756	-0.12148034	0.11910583	-0.12338488	0.16871256	-0.15602493
0.10793602	-0.08365305	0.10745999	-0.08741176	0.10048098	-0.08818444	0.118669316	-0.1343074	0.11197402	-0.18985808	0.13424267	-0.13512783	0.13273399	-0.13995527	0.14658174	-0.18170215	0.21725075	-0.14998396	0.13164313	-0.13624707	0.99999845	-0.47532693	0.22648054	-0.19416204	0.14497615	-0.56064516	0.24462117	-0.21203251	0.16944626	-0.15590937	0.3099375	-0.23454246	0.1831994	-0.20809603	0.1350214
-0.09483257	0.073590666	-0.09432437	0.07585368	-0.087541215	0.07800695	-0.105724305	0.11833825	-0.09939897	0.15923312	-0.12827623	0.13010018	-0.12582432	0.12504339	-0.13663787	0.16786863	-0.31283736	0.15980995	-0.14418468	0.12860325	-0.47532693	0.99999845	-0.4089506	0.2041724	-0.14588958	0.19961542	-0.572616	0.27871415	-0.1894805	0.14813018	-0.23115948	0.2312112	-0.21423778	0.17597997	-0.12708738
0.10247629	-0.080738686	0.10451531	-0.08726499	0.100822665	-0.08311585	0.11440958	-0.13268891	0.11392616	-0.20011872	0.122059956	-0.13002306	0.13996974	-0.14451426	0.17579113	-0.1462314	0.20718671	-0.32096574	0.23063916	-0.19050044	0.22648054	-0.4089506	0.9999986	-0.4451006	0.21180345	-0.14441332	0.29281777	-0.5160932	0.26412928	-0.2102069	0.17734958	-0.25433487	0.23671937	-0.22832534	0.16440289
-0.10161948	0.07931095	-0.1046368	0.08692518	-0.102893814	0.0803243	-0.11321428	0.12689395	-0.114454605	0.20225881	-0.11516301	0.1190011	-0.13747184	0.14124326	-0.22593611	0.12547487	-0.18897887	0.24461122	-0.32550508	0.24626186	-0.19416204	0.2041724	-0.4451006	0.9999985	-0.43601748	0.115316585	-0.21194534	0.24402308	-0.5252981	0.2670891	-0.16454588	0.17957228	-0.1925746	0.22583202	-0.20507123
0.09597734	-0.07744951	0.10194389	-0.09265287	0.10794852	-0.0763347	0.107843414	-0.12762535	0.118529685	-0.2713349	0.10284284	-0.10966764	0.12783615	-0.1501153	0.27411106	-0.10937851	0.15477334	-0.20685366	0.2136886	-0.6424467	0.14497615	-0.14588958	0.21180345	-0.43601748	0.9999988	-0.089135475	0.14509976	-0.16359258	0.25781488	-0.35443792	0.12878846	-0.13972665	0.14000593	-0.22676961	0.1945364
-0.06607999	0.050829455	-0.065667525	0.05286173	-0.06111784	0.053383484	-0.072492875	0.080646805	-0.067790866	0.11336696	-0.08130783	0.0803218	-0.080924384	0.083880134	-0.089867465	0.10106044	-0.13565876	0.08939539	-0.08084661	0.08201581	-0.56064516	0.19961542	-0.14441332	0.115316585	-0.089135475	0.9999988	-0.16469279	0.12818591	-0.10644127	0.09416123	-0.7366168	0.15339875	-0.12621748	0.1250308	-0.08351938
0.08804898	-0.068644494	0.088453725	-0.072325915	0.08350181	-0.07175168	0.097670116	-0.110752456	0.09370297	-0.1585673	0.10869789	-0.11325338	0.11340189	-0.11762849	0.13317865	-0.13826138	0.19761986	-0.15364136	0.13495709	-0.12987362	0.24462117	-0.572616	0.29281777	-0.21194534	0.14509976	-0.16469279	0.9999986	-0.5409227	0.2029271	-0.16532922	0.18331641	-0.39168137	0.27104703	-0.19664568	0.13609394
-0.082927056	0.06435502	-0.0837928	0.068324275	-0.079707	0.066532284	-0.09195652	0.1029343	-0.08899383	0.15080568	-0.099229924	0.10183196	-0.108649746	0.110468894	-0.1379755	0.11687282	-0.17713454	0.16802831	-0.15566774	0.13649224	-0.21203251	0.27871415	-0.5160932	0.24402308	-0.16359258	0.12818591	-0.5409227	0.9999988	-0.32295498	0.1863473	-0.1685341	0.28646877	-0.42950445	0.1987166	-0.15256104
0.092634626	-0.07248602	0.09510192	-0.07981921	0.09338924	-0.073501356	0.10268855	-0.11641709	0.102956146	-0.19100325	0.10279517	-0.107119605	0.11933262	-0.12765215	0.17929749	-0.11435017	0.16401054	-0.18944284	0.18384717	-0.20306979	0.16944626	-0.1894805	0.26412928	-0.5252981	0.25781488	-0.10644127	0.2029271	-0.32295498	0.9999989	-0.5661857	0.14795697	-0.19534782	0.19562393	-0.33348873	0.26025763
-0.08675441	0.066953026	-0.08894163	0.0732262	-0.08729414	0.06759041	-0.09565791	0.10446674	-0.09474948	0.17130846	-0.09402737	0.095535405	-0.10878054	0.114620276	-0.1886566	0.10045496	-0.15011902	0.14720595	-0.15499777	0.19934756	-0.15590937	0.14813018	-0.2102069	0.2670891	-0.35443792	0.09416123	-0.16532922	0.1863473	-0.5661857	0.9999986	-0.13964005	0.1509687	-0.167514	0.30181664	-0.5617699
0.09879155	-0.07622737	0.098712265	-0.080196165	0.09256693	-0.07935514	0.10789439	-0.12118604	0.101668045	-0.17600986	0.1117663	-0.114643104	0.11707599	-0.12548546	0.13319825	-0.13649425	0.17455605	-0.12649265	0.11303933	-0.12148034	0.3099375	-0.23115948	0.17734958	-0.16454588	0.12878846	-0.7366168	0.18331641	-0.1685341	0.14795697	-0.13964005	0.9999985	-0.24019143	0.17239138	-0.19511743	0.12399278
-0.085513584	0.06533891	-0.085518144	0.068047926	-0.07991612	0.06777455	-0.09395713	0.101986274	-0.08807645	0.14413953	-0.10071422	0.10066045	-0.106530376	0.10745059	-0.12964578	0.116150945	-0.17780831	0.1323562	-0.12482484	0.11910583	-0.23454246	0.2312112	-0.25433487	0.17957228	-0.13972665	0.15339875	-0.39168137	0.28646877	-0.19534782	0.1509687	-0.24019143	0.99999857	-0.7538512	0.19970916	-0.14969578
0.08156282	-0.063086	0.08225979	-0.06706579	0.07813335	-0.065058365	0.08983123	-0.10021546	0.086221464	-0.14910184	0.093580574	-0.09608399	0.10184111	-0.10636236	0.12754516	-0.10888519	0.15643242	-0.13646416	0.12286757	-0.12338488	0.1831994	-0.21423778	0.23671937	-0.1925746	0.14000593	-0.12621748	0.27104703	-0.42950445	0.19562393	-0.167514	0.17239138	-0.7538512	0.99999875	-0.26112732	0.15833798
-0.11222067	0.08404666	-0.11261264	0.08762316	-0.10575564	0.08562835	-0.12176004	0.12563534	-0.11269888	0.18296264	-0.11855466	0.11683672	-0.13136044	0.13256353	-0.1901596	0.12454638	-0.19107129	0.15023042	-0.15350465	0.16871256	-0.20809603	0.17597997	-0.22832534	0.22583202	-0.22676961	0.1250308	-0.19664568	0.1987166	-0.33348873	0.30181664	-0.19511743	0.19970916	-0.26112732	0.9999988	-0.7048151
0.078161575	-0.060280122	0.079793505	-0.06581132	0.07775596	-0.060943488	0.08581454	-0.0942043	0.08404303	-0.15534222	0.08329805	-0.08500086	0.095313996	-0.10184959	0.1451618	-0.08942903	0.13072056	-0.12307477	0.120461084	-0.15602493	0.1350214	-0.12708738	0.16440289	-0.20507123	0.1945364	-0.08351938	0.13609394	-0.15256104	0.26025763	-0.5617699	0.12399278	-0.14969578	0.15833798	-0.7048151	0.9999988
