1.0	-0.53969777	0.29409778	-0.09038661	0.084381446	-0.5944905	0.29726124	-0.28828943	0.08720583	-0.07228769	0.11672694	-0.19815007	0.18431316	-0.10906064	0.09975292	-0.10796992	0.16898783	-0.14243914	0.13272266	-0.09879216	0.042328257	-0.055975337	0.12652817	-0.10706763	0.07381446	-0.04033117	0.049610913	-0.056078047	0.06074617	-0.08954212	0.031397894	-0.033204436	0.046068974	-0.047886964	0.109702356
-0.53969777	1.0000002	-0.7088625	0.080808304	-0.07101559	0.2594507	-0.2951885	0.24573366	-0.078081705	0.05869259	-0.08582346	0.1512483	-0.16183628	0.08590797	-0.08026119	0.07713874	-0.13122013	0.10822969	-0.10102427	0.06939853	-0.02991013	0.039595854	-0.095449135	0.07867014	-0.052547015	0.028283397	-0.035248954	0.03983746	-0.043235097	0.061400384	-0.021772971	0.022929786	-0.032770332	0.0337707	-0.07565948
0.29409778	-0.7088625	1.0000004	-0.11867154	0.09250165	-0.2840358	0.2563808	-0.43970376	0.104989946	-0.07819526	0.10392065	-0.19607612	0.20565338	-0.11428375	0.10310726	-0.09660556	0.15963328	-0.1418918	0.12767087	-0.09175857	0.038322352	-0.051262636	0.12012097	-0.10196928	0.0685007	-0.0365075	0.045363117	-0.0517102	0.055936605	-0.081410006	0.0282565	-0.029886173	0.04231962	-0.04401841	0.09854494
-0.09038661	0.080808304	-0.11867154	1.0000004	-0.4622303	0.080413945	-0.091889344	0.11954086	-0.78173196	0.2764166	-0.055592734	0.09124485	-0.10991678	0.23470767	-0.2496793	0.050647106	-0.09499803	0.09098596	-0.11232602	0.0774663	-0.02448588	0.034025513	-0.086650796	0.08086073	-0.057411596	0.023341086	-0.03060415	0.03640474	-0.040619843	0.060652956	-0.018480316	0.0194204	-0.02988875	0.031455006	-0.07426745
0.084381446	-0.07101559	0.09250165	-0.4622303	1.0000002	-0.07978059	0.08723411	-0.11271472	0.28913227	-0.7439805	0.058035303	-0.0966163	0.10988418	-0.28823864	0.2635818	-0.05400821	0.09876343	-0.09973361	0.120547324	-0.09237401	0.027395947	-0.038528666	0.09356681	-0.09291394	0.06571509	-0.026367247	0.034389596	-0.041461367	0.046089668	-0.07173699	0.021041015	-0.022252409	0.033787448	-0.036153942	0.08412266
-0.5944905	0.2594507	-0.2840358	0.080413945	-0.07978059	1.0000004	-0.6325703	0.2563552	-0.08192647	0.06679946	-0.1432189	0.20773327	-0.19837403	0.102402724	-0.09668636	0.11770557	-0.19077072	0.14004228	-0.13258843	0.08702035	-0.04045347	0.052003678	-0.12670627	0.10141259	-0.06689358	0.03779733	-0.046479847	0.051548854	-0.05600277	0.076952636	-0.02847535	0.02984678	-0.042638328	0.04341646	-0.09664435
0.29726124	-0.2951885	0.2563808	-0.091889344	0.08723411	-0.6325703	1.0000002	-0.46026474	0.092973284	-0.07574237	0.1450535	-0.3472227	0.2520234	-0.12112256	0.108098425	-0.1333611	0.2111529	-0.17128369	0.14690094	-0.10144036	0.045021854	-0.059065618	0.13925433	-0.116816215	0.0761243	-0.04263567	0.052009407	-0.058561794	0.0630308	-0.08922049	0.031950038	-0.033797685	0.047841646	-0.0494904	0.1073819
-0.28828943	0.24573366	-0.43970376	0.11954086	-0.11271472	0.2563552	-0.46026474	1.0000004	-0.13626885	0.09689511	-0.14761657	0.2780337	-0.5489805	0.15676521	-0.1445038	0.12899692	-0.24328639	0.20885666	-0.18718794	0.1114606	-0.048136488	0.06427832	-0.17497222	0.13698587	-0.08600407	0.04511883	-0.057414476	0.06530693	-0.070817836	0.09494561	-0.034029778	0.035699025	-0.05359906	0.05462125	-0.11674689
0.08720583	-0.078081705	0.104989946	-0.78173196	0.28913227	-0.08192647	0.092973284	-0.13626885	1.0000002	-0.36289832	0.05710317	-0.09817962	0.1182549	-0.3603717	0.24622335	-0.05283201	0.09727509	-0.09870235	0.119967744	-0.082651585	0.025376515	-0.035541702	0.08974227	-0.08809885	0.060003866	-0.024302483	0.03176013	-0.03815554	0.04240842	-0.06376025	0.019161902	-0.02021829	0.031101888	-0.033042543	0.07579172
-0.07228769	0.05869259	-0.07819526	0.2764166	-0.7439805	0.06679946	-0.07574237	0.09689511	-0.36289832	1.0000002	-0.05064824	0.08333734	-0.09907832	0.2621183	-0.4452265	0.046653245	-0.0874403	0.08749395	-0.110850245	0.08269312	-0.023440653	0.03294279	-0.08321645	0.0810889	-0.06004049	0.022456555	-0.029563008	0.035654996	-0.039928336	0.061519578	-0.01784408	0.018801596	-0.029156113	0.031003676	-0.07404688
0.11672694	-0.08582346	0.10392065	-0.055592734	0.058035303	-0.1432189	0.1450535	-0.14761657	0.05710317	-0.05064824	1.0000002	-0.3188337	0.16946705	-0.08666162	0.07624737	-0.8596362	0.26217672	-0.1622123	0.12307031	-0.083472595	0.07399888	-0.068991415	0.11957549	-0.10134617	0.062469404	-0.067917414	0.057121366	-0.054287232	0.05611904	-0.07290819	0.035603102	-0.03843364	0.04409216	-0.044378377	0.08459212
-0.19815007	0.1512483	-0.19607612	0.09124485	-0.0966163	0.20773327	-0.3472227	0.2780337	-0.09817962	0.08333734	-0.3188337	1.0000004	-0.553143	0.14893927	-0.13389117	0.23166406	-0.52506125	0.2587084	-0.20378369	0.11824644	-0.059167236	0.07476168	-0.19262995	0.15127623	-0.09074534	0.054592595	-0.06554335	0.07168939	-0.076598726	0.09979595	-0.038086116	0.040123973	-0.058395594	0.059271846	-0.11909906
0.18431316	-0.16183628	0.20565338	-0.10991678	0.10988418	-0.19837403	0.2520234	-0.5489805	0.1182549	-0.09907832	0.16946705	-0.553143	1.0000005	-0.21792239	0.15813555	-0.16096072	0.281469	-0.3658843	0.21268411	-0.13042723	0.05377566	-0.07332804	0.19552362	-0.16607334	0.097216025	-0.051015336	0.063915275	-0.0744368	0.07921849	-0.10812174	0.03753663	-0.039801866	0.05967299	-0.062078383	0.12481469
-0.10906064	0.08590797	-0.11428375	0.23470767	-0.28823864	0.102402724	-0.12112256	0.15676521	-0.3603717	0.2621183	-0.08666162	0.14893927	-0.21792239	1.0000005	-0.73681355	0.079814754	-0.15517293	0.16713673	-0.26680312	0.13820864	-0.038602136	0.054812577	-0.15095349	0.151594	-0.10233817	0.03686822	-0.049184088	0.060087062	-0.0676286	0.0989886	-0.028815053	0.030340916	-0.04887604	0.05189178	-0.11824227
0.09975292	-0.08026119	0.10310726	-0.2496793	0.2635818	-0.09668636	0.108098425	-0.1445038	0.24622335	-0.4452265	0.07624737	-0.13389117	0.15813555	-0.73681355	1.0000005	-0.07193848	0.13184443	-0.14593382	0.18459158	-0.15369204	0.036211606	-0.051725227	0.13017589	-0.13920543	0.10184876	-0.034942772	0.046020523	-0.056757957	0.06354419	-0.101469755	0.02757972	-0.029221911	0.045879234	-0.049653526	0.11569432
-0.10796992	0.07713874	-0.09660556	0.050647106	-0.05400821	0.11770557	-0.1333611	0.12899692	-0.05283201	0.046653245	-0.8596362	0.23166406	-0.16096072	0.079814754	-0.07193848	1.0000005	-0.37585655	0.15838984	-0.12453141	0.076610975	-0.08358389	0.06816606	-0.1216194	0.09717779	-0.058577	0.068734914	-0.057069145	0.052019365	-0.053802297	0.06623547	-0.034911603	0.03720133	-0.042573366	0.041989435	-0.07820175
0.16898783	-0.13122013	0.15963328	-0.09499803	0.09876343	-0.19077072	0.2111529	-0.24328639	0.09727509	-0.0874403	0.26217672	-0.52506125	0.281469	-0.15517293	0.13184443	-0.37585655	0.99999994	-0.4765509	0.23984653	-0.15791008	0.07734413	-0.10311169	0.22985189	-0.20270784	0.116060995	-0.07286265	0.0859312	-0.09440946	0.098380655	-0.1334329	0.049625393	-0.053017765	0.07500413	-0.078056894	0.14932469
-0.14243914	0.10822969	-0.1418918	0.09098596	-0.09973361	0.14004228	-0.17128369	0.20885666	-0.09870235	0.08749395	-0.1622123	0.2587084	-0.3658843	0.16713673	-0.14593382	0.15838984	-0.4765509	0.99999976	-0.5065666	0.17315926	-0.067401834	0.09970851	-0.4702139	0.28093547	-0.13762029	0.06321001	-0.088305436	0.10820336	-0.11422692	0.13416898	-0.04670022	0.04910953	-0.08560485	0.08627659	-0.15399317
0.13272266	-0.10102427	0.12767087	-0.11232602	0.120547324	-0.13258843	0.14690094	-0.18718794	0.119967744	-0.110850245	0.12307031	-0.20378369	0.21268411	-0.26680312	0.18459158	-0.12453141	0.23984653	-0.5065666	0.99999964	-0.31536928	0.06818528	-0.10436155	0.3172398	-0.55022204	0.206222	-0.06638694	0.09161302	-0.12289308	0.13878436	-0.18915077	0.05111278	-0.0544656	0.09557684	-0.10745742	0.1971123
-0.09879216	0.06939853	-0.09175857	0.0774663	-0.09237401	0.08702035	-0.10144036	0.1114606	-0.082651585	0.08269312	-0.083472595	0.11824644	-0.13042723	0.13820864	-0.15369204	0.076610975	-0.15791008	0.17315926	-0.31536928	0.99999976	-0.054229423	0.080732085	-0.22014385	0.23252197	-0.7321147	0.052503485	-0.07530705	0.10098138	-0.1289359	0.29845017	-0.043231197	0.045107763	-0.08385605	0.09291417	-0.4048811
0.042328257	-0.02991013	0.038322352	-0.02448588	0.027395947	-0.04045347	0.045021854	-0.048136488	0.025376515	-0.023440653	0.07399888	-0.059167236	0.05377566	-0.038602136	0.036211606	-0.08358389	0.07734413	-0.067401834	0.06818528	-0.054229423	0.9999994	-0.42440817	0.09308707	-0.07483814	0.04448175	-0.82064116	0.27299932	-0.120121226	0.09888511	-0.05708833	0.17364787	-0.1946389	0.09912856	-0.07892176	0.06559873
-0.055975337	0.039595854	-0.051262636	0.034025513	-0.038528666	0.052003678	-0.059065618	0.06427832	-0.035541702	0.03294279	-0.068991415	0.07476168	-0.07332804	0.054812577	-0.051725227	0.06816606	-0.10311169	0.09970851	-0.10436155	0.080732085	-0.42440817	0.9999996	-0.1717351	0.11994457	-0.06894083	0.280209	-0.7676719	0.21274409	-0.18899497	0.08784826	-0.15455998	0.14835572	-0.18595798	0.13175449	-0.10180405
0.12652817	-0.095449135	0.12012097	-0.086650796	0.09356681	-0.12670627	0.13925433	-0.17497222	0.08974227	-0.08321645	0.11957549	-0.19262995	0.19552362	-0.15095349	0.13017589	-0.1216194	0.22985189	-0.4702139	0.3172398	-0.22014385	0.09308707	-0.1717351	0.99999946	-0.63984376	0.17994577	-0.09013566	0.13673268	-0.20330793	0.17891037	-0.18295236	0.06621233	-0.070704736	0.13603342	-0.14147627	0.18465804
-0.10706763	0.07867014	-0.10196928	0.08086073	-0.09291394	0.10141259	-0.116816215	0.13698587	-0.08809885	0.0810889	-0.10134617	0.15127623	-0.16607334	0.151594	-0.13920543	0.09717779	-0.20270784	0.28093547	-0.55022204	0.23252197	-0.07483814	0.11994457	-0.63984376	0.9999995	-0.26558244	0.07147589	-0.11094537	0.15519491	-0.20870191	0.18402573	-0.055613942	0.058188554	-0.12366942	0.13256262	-0.19956288
0.07381446	-0.052547015	0.0685007	-0.057411596	0.06571509	-0.06689358	0.0761243	-0.08600407	0.060003866	-0.06004049	0.062469404	-0.09074534	0.097216025	-0.10233817	0.10184876	-0.058577	0.116060995	-0.13762029	0.206222	-0.7321147	0.04448175	-0.06894083	0.17994577	-0.26558244	0.9999998	-0.043918945	0.06323917	-0.09279342	0.120078914	-0.51142436	0.03566821	-0.037750922	0.0736986	-0.08839357	0.28807613
-0.04033117	0.028283397	-0.0365075	0.023341086	-0.026367247	0.03779733	-0.04263567	0.04511883	-0.024302483	0.022456555	-0.067917414	0.054592595	-0.051015336	0.03686822	-0.034942772	0.068734914	-0.07286265	0.06321001	-0.06638694	0.052503485	-0.82064116	0.280209	-0.09013566	0.07147589	-0.043918945	0.99999994	-0.38080668	0.13014075	-0.111847535	0.05695404	-0.24381822	0.19085659	-0.11334516	0.08425493	-0.066708356
0.049610913	-0.035248954	0.045363117	-0.03060415	0.034389596	-0.046479847	0.052009407	-0.057414476	0.03176013	-0.029563008	0.057121366	-0.06554335	0.063915275	-0.049184088	0.046020523	-0.057069145	0.0859312	-0.088305436	0.09161302	-0.07530705	0.27299932	-0.7676719	0.13673268	-0.11094537	0.06323917	-0.38080668	0.9999999	-0.31773514	0.17682552	-0.08336804	0.15510254	-0.18121633	0.18077202	-0.1400502	0.091424875
-0.056078047	0.03983746	-0.0517102	0.03640474	-0.041461367	0.051548854	-0.058561794	0.06530693	-0.03815554	0.035654996	-0.054287232	0.07168939	-0.0744368	0.060087062	-0.056757957	0.052019365	-0.09440946	0.10820336	-0.12289308	0.10098138	-0.120121226	0.21274409	-0.20330793	0.15519491	-0.09279342	0.13014075	-0.31773514	0.9999998	-0.5433163	0.12758079	-0.1103945	0.1153797	-0.6345005	0.3156174	-0.137589
0.06074617	-0.043235097	0.055936605	-0.040619843	0.046089668	-0.05600277	0.0630308	-0.070817836	0.04240842	-0.039928336	0.05611904	-0.076598726	0.07921849	-0.0676286	0.06354419	-0.053802297	0.098380655	-0.11422692	0.13878436	-0.1289359	0.09888511	-0.18899497	0.17891037	-0.20870191	0.120078914	-0.111847535	0.17682552	-0.5433163	0.99999946	-0.20246086	0.08795719	-0.09858435	0.32267368	-0.66030395	0.16584922
-0.08954212	0.061400384	-0.081410006	0.060652956	-0.07173699	0.076952636	-0.08922049	0.09494561	-0.06376025	0.061519578	-0.07290819	0.09979595	-0.10812174	0.0989886	-0.101469755	0.06623547	-0.1334329	0.13416898	-0.18915077	0.29845017	-0.05708833	0.08784826	-0.18295236	0.18402573	-0.51142436	0.05695404	-0.08336804	0.12758079	-0.20246086	0.99999934	-0.047768194	0.05031066	-0.104786344	0.12770464	-0.7120496
0.031397894	-0.021772971	0.0282565	-0.018480316	0.021041015	-0.02847535	0.031950038	-0.034029778	0.019161902	-0.01784408	0.035603102	-0.038086116	0.03753663	-0.028815053	0.02757972	-0.034911603	0.049625393	-0.04670022	0.05111278	-0.043231197	0.17364787	-0.15455998	0.06621233	-0.055613942	0.03566821	-0.24381822	0.15510254	-0.1103945	0.08795719	-0.047768194	0.9999987	-0.9285151	0.1113853	-0.08906321	0.055383768
-0.033204436	0.022929786	-0.029886173	0.0194204	-0.022252409	0.02984678	-0.033797685	0.035699025	-0.02021829	0.018801596	-0.03843364	0.040123973	-0.039801866	0.030340916	-0.029221911	0.03720133	-0.053017765	0.04910953	-0.0544656	0.045107763	-0.1946389	0.14835572	-0.070704736	0.058188554	-0.037750922	0.19085659	-0.18121633	0.1153797	-0.09858435	0.05031066	-0.9285151	0.9999986	-0.13533375	0.09302567	-0.05992182
0.046068974	-0.032770332	0.04231962	-0.02988875	0.033787448	-0.042638328	0.047841646	-0.05359906	0.031101888	-0.029156113	0.04409216	-0.058395594	0.05967299	-0.04887604	0.045879234	-0.042573366	0.07500413	-0.08560485	0.09557684	-0.08385605	0.09912856	-0.18595798	0.13603342	-0.12366942	0.0736986	-0.11334516	0.18077202	-0.6345005	0.32267368	-0.104786344	0.1113853	-0.13533375	0.99999845	-0.63446105	0.10744064
-0.047886964	0.0337707	-0.04401841	0.031455006	-0.036153942	0.04341646	-0.0494904	0.05462125	-0.033042543	0.031003676	-0.044378377	0.059271846	-0.062078383	0.05189178	-0.049653526	0.041989435	-0.078056894	0.08627659	-0.10745742	0.09291417	-0.07892176	0.13175449	-0.14147627	0.13256262	-0.08839357	0.08425493	-0.1400502	0.3156174	-0.66030395	0.12770464	-0.08906321	0.09302567	-0.63446105	0.99999845	-0.13788727
0.109702356	-0.07565948	0.09854494	-0.07426745	0.08412266	-0.09664435	0.1073819	-0.11674689	0.07579172	-0.07404688	0.08459212	-0.11909906	0.12481469	-0.11824227	0.11569432	-0.07820175	0.14932469	-0.15399317	0.1971123	-0.4048811	0.06559873	-0.10180405	0.18465804	-0.19956288	0.28807613	-0.066708356	0.091424875	-0.137589	0.16584922	-0.7120496	0.055383768	-0.05992182	0.10744064	-0.13788727	0.99999845
