0.99999994	-0.7157527	0.113789864	-0.10715224	0.16518995	-0.5053309	0.23498815	-0.23775184	0.15215737	-0.09085191	0.2739303	-0.24872367	0.19012344	-0.13755459	0.105852194	-0.17858316	0.11604989	-0.14097586	0.1195946	-0.091139786	0.11767522	-0.11816918	0.086515464	-0.09627585	0.11819631	-0.077039756	0.087319724	-0.08377188	0.09515	-0.073413655	0.091358736	-0.08994224	0.049867354	-0.051500343	0.09816445
-0.7157527	0.9999998	-0.17088223	0.14077409	-0.25311482	0.28350884	-0.26153687	0.22540505	-0.200728	0.12491226	-0.33155382	0.24322964	-0.2504003	0.17004927	-0.15075667	0.19948803	-0.14069502	0.16896914	-0.16366912	0.12202614	-0.1528348	0.14265932	-0.11316142	0.1269996	-0.16920125	0.09759068	-0.11180007	0.10756237	-0.13192971	0.10281238	-0.12140491	0.11347135	-0.06707567	0.0684877	-0.14214689
0.113789864	-0.17088223	0.9999999	-0.91523045	0.19510363	-0.09340571	0.1187907	-0.1810602	0.14801401	-0.09608323	0.102633	-0.11735329	0.124154285	-0.12258118	0.10025925	-0.10849558	0.072545774	-0.09287297	0.08701876	-0.06778039	0.07387287	-0.07650785	0.058705494	-0.06847709	0.083069034	-0.049903847	0.056449275	-0.058082398	0.06617419	-0.05195254	0.059723575	-0.06078459	0.034502987	-0.035908017	0.06815865
-0.10715224	0.14077409	-0.91523045	0.99999946	-0.24891537	0.08567483	-0.112725355	0.1496276	-0.16792928	0.102135226	-0.098039635	0.108451486	-0.12372186	0.121239446	-0.1088016	0.10034526	-0.068771206	0.08790332	-0.085905604	0.06589353	-0.06989995	0.07176115	-0.055789143	0.06505933	-0.0809935	0.046932776	-0.053304054	0.0547775	-0.06329022	0.049933266	-0.056422785	0.056858215	-0.032766413	0.034020606	-0.06568636
0.16518995	-0.25311482	0.19510363	-0.24891537	0.99999946	-0.14062306	0.15524533	-0.20364255	0.21378417	-0.380074	0.16068448	-0.19571461	0.20728277	-0.20562471	0.2649416	-0.24541786	0.14849508	-0.19102366	0.17377567	-0.14324085	0.15996224	-0.16630633	0.1287422	-0.1536412	0.17743936	-0.110966444	0.12361704	-0.13162792	0.14775793	-0.11524718	0.133933	-0.14098713	0.07791103	-0.08168109	0.15141357
-0.5053309	0.28350884	-0.09340571	0.08567483	-0.14062306	0.9999994	-0.44623873	0.24789837	-0.15680137	0.0833046	-0.6074175	0.27471316	-0.20292006	0.13404454	-0.097382106	0.15616108	-0.110098235	0.12874883	-0.110229515	0.08202478	-0.106535874	0.10491715	-0.0766434	0.08377187	-0.10535872	0.06784885	-0.0779365	0.072555296	-0.0830074	0.06423135	-0.08011868	0.07732827	-0.043316927	0.044544365	-0.08574384
0.23498815	-0.26153687	0.1187907	-0.112725355	0.15524533	-0.44623873	0.9999992	-0.6708239	0.21106856	-0.10428562	0.27941662	-0.39706853	0.23740774	-0.18468246	0.11614567	-0.1636582	0.12347226	-0.14976813	0.12610503	-0.09499274	0.1112832	-0.11754987	0.08455361	-0.09359791	0.11521426	-0.072979614	0.08399605	-0.080594964	0.09047101	-0.07050127	0.085131705	-0.0842036	0.047372565	-0.048956186	0.09228228
-0.23775184	0.22540505	-0.1810602	0.1496276	-0.20364255	0.24789837	-0.6708239	0.9999988	-0.3920533	0.14113678	-0.26879016	0.27401772	-0.32789323	0.23780717	-0.16054262	0.1751334	-0.1370564	0.17071232	-0.16073611	0.117029674	-0.12734276	0.13044216	-0.09953663	0.11126079	-0.14384116	0.08306081	-0.096260086	0.093945816	-0.10907899	0.08594737	-0.09866586	0.09623024	-0.056225818	0.05788955	-0.11326172
0.15215737	-0.200728	0.14801401	-0.16792928	0.21378417	-0.15680137	0.21106856	-0.3920533	0.99999887	-0.29210696	0.16930982	-0.23678415	0.27497625	-0.6940994	0.2390003	-0.18289694	0.13495073	-0.18749534	0.1958537	-0.15361325	0.12297756	-0.13689046	0.10316053	-0.124577455	0.14946564	-0.0836803	0.095639095	-0.10088313	0.11253465	-0.09168424	0.096866764	-0.099847205	0.05829819	-0.061031587	0.112719655
-0.09085191	0.12491226	-0.09608323	0.102135226	-0.380074	0.0833046	-0.10428562	0.14113678	-0.29210696	0.9999989	-0.09578526	0.122010365	-0.15139301	0.21476059	-0.8226495	0.12194853	-0.08375126	0.11176078	-0.123220384	0.102682546	-0.08219729	0.08813504	-0.06883914	0.083478674	-0.10695507	0.05626367	-0.063768506	0.068314545	-0.0780102	0.06373394	-0.066618115	0.06904029	-0.040257312	0.042138502	-0.080297045
0.2739303	-0.33155382	0.102633	-0.098039635	0.16068448	-0.6074175	0.27941662	-0.26879016	0.16930982	-0.09578526	0.99999887	-0.54078823	0.24283856	-0.16104469	0.11107798	-0.23866048	0.14977208	-0.17225093	0.13288574	-0.100212954	0.13954408	-0.1418005	0.097142	-0.104638435	0.12616102	-0.08903544	0.1014669	-0.092470266	0.10182071	-0.07800249	0.10226713	-0.10028753	0.05402144	-0.055761214	0.10302507
-0.24872367	0.24322964	-0.11735329	0.108451486	-0.19571461	0.27471316	-0.39706853	0.27401772	-0.23678415	0.122010365	-0.54078823	0.99999875	-0.5055377	0.21551172	-0.14551577	0.22103074	-0.2255893	0.22598308	-0.17535616	0.1270428	-0.16389197	0.17286444	-0.12196835	0.1275486	-0.16049425	0.104777895	-0.12432855	0.11165128	-0.1257086	0.09668773	-0.12192799	0.11720033	-0.06590037	0.06751438	-0.12819888
0.19012344	-0.2504003	0.124154285	-0.12372186	0.20728277	-0.20292006	0.23740774	-0.32789323	0.27497625	-0.15139301	0.24283856	-0.5055377	0.9999988	-0.43928117	0.17106093	-0.26434463	0.22940086	-0.40703514	0.21874894	-0.16542989	0.17637981	-0.21367387	0.14571914	-0.15678307	0.18073404	-0.11986337	0.1390527	-0.13829818	0.14415748	-0.1117616	0.13420846	-0.13773008	0.07705158	-0.080171324	0.14123152
-0.13755459	0.17004927	-0.12258118	0.121239446	-0.20562471	0.13404454	-0.18468246	0.23780717	-0.6940994	0.21476059	-0.16104469	0.21551172	-0.43928117	0.9999989	-0.2875511	0.1730691	-0.14016813	0.19713117	-0.285652	0.16906399	-0.1213892	0.13472967	-0.10515484	0.12665223	-0.16576166	0.08179711	-0.09473202	0.10021356	-0.115409106	0.0950819	-0.094912305	0.09649161	-0.058567572	0.0610181	-0.11703502
0.105852194	-0.15075667	0.10025925	-0.1088016	0.2649416	-0.097382106	0.11614567	-0.16054262	0.2390003	-0.8226495	0.11107798	-0.14551577	0.17106093	-0.2875511	0.9999991	-0.15007308	0.10079978	-0.13612215	0.14476494	-0.13190128	0.09940524	-0.10765561	0.083378315	-0.10206433	0.12668635	-0.06850095	0.07732556	-0.0834906	0.09415632	-0.077188686	0.08083784	-0.08455775	0.048859004	-0.051298022	0.09611855
-0.17858316	0.19948803	-0.10849558	0.10034526	-0.24541786	0.15616108	-0.1636582	0.1751334	-0.18289694	0.12194853	-0.23866048	0.22103074	-0.26434463	0.1730691	-0.15007308	0.999999	-0.38471323	0.27506357	-0.23289858	0.16717666	-0.55036706	0.2946944	-0.19609861	0.19087347	-0.24361625	0.24680349	-0.27693683	0.17398119	-0.20112637	0.14835198	-0.2845322	0.23193091	-0.107779935	0.10837484	-0.2064985
0.11604989	-0.14069502	0.072545774	-0.068771206	0.14849508	-0.110098235	0.12347226	-0.1370564	0.13495073	-0.08375126	0.14977208	-0.2255893	0.22940086	-0.14016813	0.10079978	-0.38471323	0.9999989	-0.61345696	0.18949734	-0.13696861	0.23939618	-0.54974425	0.1786596	-0.15144372	0.16365153	-0.16356827	0.2050951	-0.15164067	0.14097658	-0.10122307	0.16112298	-0.16428778	0.07941928	-0.08111248	0.13101915
-0.14097586	0.16896914	-0.09287297	0.08790332	-0.19102366	0.12874883	-0.14976813	0.17071232	-0.18749534	0.11176078	-0.17225093	0.22598308	-0.40703514	0.19713117	-0.13612215	0.27506357	-0.61345696	0.9999991	-0.3380435	0.19437002	-0.23848285	0.28405708	-0.22765955	0.1871118	-0.23459214	0.15181556	-0.19616774	0.172867	-0.18075381	0.13486996	-0.17022662	0.16172454	-0.096370906	0.09724733	-0.17573512
0.1195946	-0.16366912	0.08701876	-0.085905604	0.17377567	-0.110229515	0.12610503	-0.16073611	0.1958537	-0.123220384	0.13288574	-0.17535616	0.21874894	-0.285652	0.14476494	-0.23289858	0.18949734	-0.3380435	0.99999917	-0.6804296	0.15599185	-0.1930257	0.16273525	-0.26073426	0.29916912	-0.109391384	0.12619098	-0.15861143	0.18736957	-0.17507964	0.12300005	-0.13198105	0.089867756	-0.09600727	0.17730506
-0.091139786	0.12202614	-0.06778039	0.06589353	-0.14324085	0.08202478	-0.09499274	0.117029674	-0.15361325	0.102682546	-0.100212954	0.1270428	-0.16542989	0.16906399	-0.13190128	0.16717666	-0.13696861	0.19437002	-0.6804296	0.9999991	-0.11891214	0.13662663	-0.129301	0.19242413	-0.580968	0.08202476	-0.095479704	0.124688745	-0.16660258	0.18423237	-0.09501636	0.09966288	-0.07618475	0.08092413	-0.19664001
0.11767522	-0.1528348	0.07387287	-0.06989995	0.15996224	-0.106535874	0.1112832	-0.12734276	0.12297756	-0.08219729	0.13954408	-0.16389197	0.17637981	-0.1213892	0.09940524	-0.55036706	0.23939618	-0.23848285	0.15599185	-0.11891214	0.999999	-0.39521345	0.16841386	-0.15868227	0.15830699	-0.5303829	0.30011413	-0.16448851	0.14889896	-0.10363126	0.26923364	-0.29798028	0.09146784	-0.094889104	0.13573985
-0.11816918	0.14265932	-0.07650785	0.07176115	-0.16630633	0.10491715	-0.11754987	0.13044216	-0.13689046	0.08813504	-0.1418005	0.17286444	-0.21367387	0.13472967	-0.10765561	0.2946944	-0.54974425	0.28405708	-0.1930257	0.13662663	-0.39521345	0.9999991	-0.28944424	0.18203299	-0.18897064	0.24826017	-0.44173747	0.19478448	-0.17661566	0.118389666	-0.23682733	0.22793546	-0.10295181	0.10253652	-0.1575796
0.086515464	-0.11316142	0.058705494	-0.055789143	0.1287422	-0.0766434	0.08455361	-0.09953663	0.10316053	-0.06883914	0.097142	-0.12196835	0.14571914	-0.10515484	0.083378315	-0.19609861	0.1786596	-0.22765955	0.16273525	-0.129301	0.16841386	-0.28944424	0.999999	-0.43257928	0.17924044	-0.12095933	0.14928107	-0.7213392	0.28051957	-0.13800548	0.1332282	-0.14151242	0.1874366	-0.1967266	0.16465034
-0.09627585	0.1269996	-0.06847709	0.06505933	-0.1536412	0.08377187	-0.09359791	0.11126079	-0.124577455	0.083478674	-0.104638435	0.1275486	-0.15678307	0.12665223	-0.10206433	0.19087347	-0.15144372	0.1871118	-0.26073426	0.19242413	-0.15868227	0.18203299	-0.43257928	0.9999989	-0.3214559	0.10879899	-0.13085943	0.287158	-0.6695447	0.22307359	-0.13171557	0.13384327	-0.184457	0.18248926	-0.25925565
0.11819631	-0.16920125	0.083069034	-0.0809935	0.17743936	-0.10535872	0.11521426	-0.14384116	0.14946564	-0.10695507	0.12616102	-0.16049425	0.18073404	-0.16576166	0.12668635	-0.24361625	0.16365153	-0.23459214	0.29916912	-0.580968	0.15830699	-0.18897064	0.17924044	-0.3214559	0.9999988	-0.11344739	0.12840122	-0.188204	0.23600939	-0.41590947	0.12973945	-0.14402217	0.11028844	-0.12205716	0.27197826
-0.077039756	0.09759068	-0.049903847	0.046932776	-0.110966444	0.06784885	-0.072979614	0.08306081	-0.0836803	0.05626367	-0.08903544	0.104777895	-0.11986337	0.08179711	-0.06850095	0.24680349	-0.16356827	0.15181556	-0.109391384	0.08202476	-0.5303829	0.24826017	-0.12095933	0.10879899	-0.11344739	0.99999887	-0.608443	0.11163165	-0.106859125	0.073686495	-0.465798	0.30124083	-0.06888084	0.069419466	-0.09825739
0.087319724	-0.11180007	0.056449275	-0.053304054	0.12361704	-0.0779365	0.08399605	-0.096260086	0.095639095	-0.063768506	0.1014669	-0.12432855	0.1390527	-0.09473202	0.07732556	-0.27693683	0.2050951	-0.19616774	0.12619098	-0.095479704	0.30011413	-0.44173747	0.14928107	-0.13085943	0.12840122	-0.608443	0.99999875	-0.14122206	0.124450676	-0.084538065	0.3052365	-0.4732646	0.08385673	-0.08468905	0.11103107
-0.08377188	0.10756237	-0.058082398	0.0547775	-0.13162792	0.072555296	-0.080594964	0.093945816	-0.10088313	0.068314545	-0.092470266	0.11165128	-0.13829818	0.10021356	-0.0834906	0.17398119	-0.15164067	0.172867	-0.15861143	0.124688745	-0.16448851	0.19478448	-0.7213392	0.287158	-0.188204	0.11163165	-0.14122206	0.9999986	-0.39428258	0.15613303	-0.1353974	0.13446268	-0.3252544	0.22995396	-0.19801569
0.09515	-0.13192971	0.06617419	-0.06329022	0.14775793	-0.0830074	0.09047101	-0.10907899	0.11253465	-0.0780102	0.10182071	-0.1257086	0.14415748	-0.115409106	0.09415632	-0.20112637	0.14097658	-0.18075381	0.18736957	-0.16660258	0.14889896	-0.17661566	0.28051957	-0.6695447	0.23600939	-0.106859125	0.124450676	-0.39428258	0.99999887	-0.31495193	0.12780401	-0.14091085	0.2142582	-0.2927274	0.24868983
-0.073413655	0.10281238	-0.05195254	0.049933266	-0.11524718	0.06423135	-0.07050127	0.08594737	-0.09168424	0.06373394	-0.07800249	0.09668773	-0.1117616	0.0950819	-0.077188686	0.14835198	-0.10122307	0.13486996	-0.17507964	0.18423237	-0.10363126	0.118389666	-0.13800548	0.22307359	-0.41590947	0.073686495	-0.084538065	0.15613303	-0.31495193	0.9999988	-0.08769655	0.09560446	-0.11507191	0.1297094	-0.7829419
0.091358736	-0.12140491	0.059723575	-0.056422785	0.133933	-0.08011868	0.085131705	-0.09866586	0.096866764	-0.066618115	0.10226713	-0.12192799	0.13420846	-0.094912305	0.08083784	-0.2845322	0.16112298	-0.17022662	0.12300005	-0.09501636	0.26923364	-0.23682733	0.1332282	-0.13171557	0.12973945	-0.465798	0.3052365	-0.1353974	0.12780401	-0.08769655	0.9999987	-0.73229635	0.09612649	-0.097909056	0.11532504
-0.08994224	0.11347135	-0.06078459	0.056858215	-0.14098713	0.07732827	-0.0842036	0.09623024	-0.099847205	0.06904029	-0.10028753	0.11720033	-0.13773008	0.09649161	-0.08455775	0.23193091	-0.16428778	0.16172454	-0.13198105	0.09966288	-0.29798028	0.22793546	-0.14151242	0.13384327	-0.14402217	0.30124083	-0.4732646	0.13446268	-0.14091085	0.09560446	-0.73229635	0.99999815	-0.11718362	0.10559179	-0.13043043
0.049867354	-0.06707567	0.034502987	-0.032766413	0.07791103	-0.043316927	0.047372565	-0.056225818	0.05829819	-0.040257312	0.05402144	-0.06590037	0.07705158	-0.058567572	0.048859004	-0.107779935	0.07941928	-0.096370906	0.089867756	-0.07618475	0.09146784	-0.10295181	0.1874366	-0.184457	0.11028844	-0.06888084	0.08385673	-0.3252544	0.2142582	-0.11507191	0.09612649	-0.11718362	0.99999815	-0.87782925	0.13763319
-0.051500343	0.0684877	-0.035908017	0.034020606	-0.08168109	0.044544365	-0.048956186	0.05788955	-0.061031587	0.042138502	-0.055761214	0.06751438	-0.080171324	0.0610181	-0.051298022	0.10837484	-0.08111248	0.09724733	-0.09600727	0.08092413	-0.094889104	0.10253652	-0.1967266	0.18248926	-0.12205716	0.069419466	-0.08468905	0.22995396	-0.2927274	0.1297094	-0.097909056	0.10559179	-0.87782925	0.9999982	-0.17514686
0.09816445	-0.14214689	0.06815865	-0.06568636	0.15141357	-0.08574384	0.09228228	-0.11326172	0.112719655	-0.080297045	0.10302507	-0.12819888	0.14123152	-0.11703502	0.09611855	-0.2064985	0.13101915	-0.17573512	0.17730506	-0.19664001	0.13573985	-0.1575796	0.16465034	-0.25925565	0.27197826	-0.09825739	0.11103107	-0.19801569	0.24868983	-0.7829419	0.11532504	-0.13043043	0.13763319	-0.17514686	0.9999982
