1.0000001	-0.6516194	0.29361036	-0.18112834	0.15095869	-0.3067952	0.25888622	-0.25582936	0.1635397	-0.16383709	0.16199146	-0.1531632	0.15215352	-0.13462222	0.113495894	-0.15912591	0.098007046	-0.09939892	0.09811055	-0.089548185	0.19587938	-0.122471966	0.082769066	-0.08230717	0.09164717	-0.020575732	0.068954825	-0.08376495	0.073237084	-0.0761642	0.02166737	-0.052282926	0.07626389	-0.060170595	0.06484364
-0.6516194	0.9999997	-0.6040828	0.18164888	-0.16280317	0.16507176	-0.26421693	0.23202276	-0.16056871	0.14246021	-0.10417824	0.10719872	-0.11585255	0.10777244	-0.09477888	0.09620458	-0.068323284	0.07009781	-0.07421266	0.06797296	-0.12944396	0.08360534	-0.05860225	0.059330095	-0.06806971	0.014126491	-0.04818291	0.05882921	-0.052703578	0.054651517	-0.0149131175	0.03643472	-0.053773686	0.042476557	-0.046218194
0.29361036	-0.6040828	0.9999997	-0.36108032	0.219903	-0.17231601	0.27060595	-0.45044056	0.2323339	-0.21588406	0.10618066	-0.13722454	0.14348315	-0.15144607	0.12771218	-0.10631236	0.084810734	-0.08889617	0.095952705	-0.089695215	0.1379773	-0.10458822	0.073627844	-0.0759913	0.0866548	-0.017322734	0.059733413	-0.074441455	0.06674384	-0.06972461	0.018270727	-0.04546774	0.06698922	-0.053577293	0.057956073
-0.18112834	0.18164888	-0.36108032	0.99999964	-0.6971973	0.10612908	-0.20916747	0.23618105	-0.46158314	0.3046835	-0.07064075	0.09993006	-0.1118165	0.17382261	-0.16441153	0.06910216	-0.06885246	0.07540842	-0.098983906	0.09409784	-0.094617896	0.08325677	-0.063915804	0.070295714	-0.08573474	0.014218508	-0.050726883	0.0644062	-0.06120046	0.06404694	-0.015061623	0.038541324	-0.058261108	0.047189917	-0.05194903
0.15095869	-0.16280317	0.219903	-0.6971973	0.99999976	-0.10238481	0.18020934	-0.21850327	0.30339503	-0.5465116	0.06786209	-0.10191553	0.10892636	-0.2016452	0.17924526	-0.06817936	0.07135241	-0.07977771	0.104667604	-0.106011175	0.09224761	-0.087681286	0.06720541	-0.07571749	0.09046478	-0.0147667425	0.052718043	-0.06853018	0.06476821	-0.068957955	0.015613819	-0.040400315	0.060797248	-0.050166566	0.054585747
-0.3067952	0.16507176	-0.17231601	0.10612908	-0.10238481	0.99999976	-0.3379418	0.17746659	-0.11616137	0.10760867	-0.65535086	0.16025642	-0.16646591	0.10034934	-0.0881048	0.29935017	-0.10992247	0.097978346	-0.087407015	0.07545177	-0.43016696	0.12696435	-0.08216859	0.074583046	-0.08271043	0.022078909	-0.06869222	0.07865025	-0.06813069	0.06853057	-0.023222264	0.050918896	-0.074010745	0.055789005	-0.06106932
0.25888622	-0.26421693	0.27060595	-0.20916747	0.18020934	-0.3379418	0.99999976	-0.6064164	0.23538917	-0.22833045	0.17681463	-0.19801271	0.19594349	-0.18027556	0.14689457	-0.17298165	0.11796097	-0.12068675	0.12094135	-0.111415334	0.2102373	-0.14598435	0.09908399	-0.099453285	0.11072791	-0.023750562	0.08073009	-0.09990053	0.087719634	-0.091290824	0.024998533	-0.061476137	0.0896643	-0.07127003	0.0766701
-0.25582936	0.23202276	-0.45044056	0.23618105	-0.21850327	0.17746659	-0.6064164	0.9999996	-0.42556965	0.23535205	-0.11687945	0.168459	-0.2210091	0.17385976	-0.15298216	0.10876518	-0.09714355	0.10100108	-0.11074142	0.10105035	-0.14744417	0.11517599	-0.08276994	0.08446544	-0.09821776	0.018791769	-0.06584456	0.0820268	-0.07451752	0.07691586	-0.019858869	0.0498982	-0.07406123	0.05877558	-0.06420293
0.1635397	-0.16056871	0.2323339	-0.46158314	0.30339503	-0.11616137	0.23538917	-0.42556965	0.99999964	-0.5907967	0.07731436	-0.12218933	0.13535056	-0.3236712	0.22946236	-0.0766433	0.08424007	-0.09486869	0.1318132	-0.12857819	0.10369393	-0.101761125	0.079498224	-0.09040325	0.10888348	-0.017056782	0.061457373	-0.08028184	0.07696748	-0.08115177	0.018053627	-0.047004245	0.07114936	-0.058536764	0.06410829
-0.16383709	0.14246021	-0.21588406	0.3046835	-0.5465116	0.10760867	-0.22833045	0.23535205	-0.5907967	0.99999946	-0.07412535	0.1135683	-0.1297039	0.25667354	-0.35356548	0.07273374	-0.08503934	0.09638997	-0.14437558	0.14550933	-0.101428956	0.10170868	-0.08277326	0.095442414	-0.12367775	0.017641379	-0.06431852	0.08325953	-0.082302205	0.08672867	-0.018727832	0.04892945	-0.07515482	0.061676774	-0.06865538
0.16199146	-0.10417824	0.10618066	-0.07064075	0.06786209	-0.65535086	0.17681463	-0.11687945	0.07731436	-0.07412535	0.9999993	-0.16601877	0.13843739	-0.073969625	0.06419153	-0.6118935	0.099873856	-0.08469378	0.06828401	-0.05831955	0.302764	-0.110264145	0.06756035	-0.059599705	0.06412899	-0.017262174	0.05465582	-0.06400565	0.054126553	-0.05413399	0.018061958	-0.04085152	0.058516864	-0.044234812	0.047959708
-0.1531632	0.10719872	-0.13722454	0.09993006	-0.10191553	0.16025642	-0.19801271	0.168459	-0.12218933	0.1135683	-0.16601877	0.9999995	-0.8085881	0.14452882	-0.1281201	0.13837114	-0.3371878	0.21559496	-0.15562363	0.12355833	-0.18388069	0.23265266	-0.16345234	0.13062602	-0.14035712	0.03207395	-0.12102234	0.14130354	-0.12080832	0.115776114	-0.034112684	0.08840176	-0.13019167	0.09491529	-0.10504847
0.15215352	-0.11585255	0.14348315	-0.1118165	0.10892636	-0.16646591	0.19594349	-0.2210091	0.13535056	-0.1297039	0.13843739	-0.8085881	0.9999995	-0.17505145	0.13703205	-0.13480304	0.24003239	-0.24814814	0.157197	-0.1331645	0.16674124	-0.2604638	0.16262627	-0.13908958	0.13945374	-0.03161791	0.11585757	-0.1519523	0.12240519	-0.121298395	0.033147503	-0.08923346	0.12557411	-0.09717522	0.102905534
-0.13462222	0.10777244	-0.15144607	0.17382261	-0.2016452	0.10034934	-0.18027556	0.17385976	-0.3236712	0.25667354	-0.073969625	0.14452882	-0.17505145	0.9999994	-0.72522515	0.07554168	-0.13104029	0.15815729	-0.35175538	0.26931724	-0.10648021	0.14885595	-0.13781554	0.16972752	-0.22594102	0.026526833	-0.10111564	0.13476126	-0.14452337	0.14633872	-0.028304791	0.07657664	-0.12132384	0.099693604	-0.11361651
0.113495894	-0.09477888	0.12771218	-0.16441153	0.17924526	-0.0881048	0.14689457	-0.15298216	0.22946236	-0.35356548	0.06419153	-0.1281201	0.13703205	-0.72522515	0.99999976	-0.06665156	0.11437332	-0.14501004	0.25659335	-0.41021103	0.09230818	-0.13898093	0.122180164	-0.16129726	0.20637284	-0.023425689	0.08794143	-0.1256745	0.1286452	-0.14498113	0.024806447	-0.06866232	0.10631936	-0.09360934	0.101990394
-0.15912591	0.09620458	-0.10631236	0.06910216	-0.06817936	0.29935017	-0.17298165	0.10876518	-0.0766433	0.07273374	-0.6118935	0.13837114	-0.13480304	0.07554168	-0.06665156	0.99999946	-0.12629439	0.09578793	-0.075137615	0.062844515	-0.6617168	0.13012932	-0.077707306	0.065869175	-0.07078168	0.021231718	-0.06298966	0.071545854	-0.060438167	0.059682764	-0.022162512	0.046568755	-0.06641797	0.049326185	-0.05375708
0.098007046	-0.068323284	0.084810734	-0.06885246	0.07135241	-0.10992247	0.11796097	-0.09714355	0.08424007	-0.08503934	0.099873856	-0.3371878	0.24003239	-0.13104029	0.11437332	-0.12629439	0.9999994	-0.57017344	0.19435936	-0.14849906	0.14682284	-0.62149256	0.25919476	-0.17646906	0.1610746	-0.03880042	0.15764694	-0.20656413	0.15467905	-0.141868	0.040523153	-0.11924644	0.16011071	-0.11663765	0.12395483
-0.09939892	0.07009781	-0.08889617	0.07540842	-0.07977771	0.097978346	-0.12068675	0.10100108	-0.09486869	0.09638997	-0.08469378	0.21559496	-0.24814814	0.15815729	-0.14501004	0.09578793	-0.57017344	0.9999992	-0.34789136	0.19509283	-0.12956345	0.31250876	-0.50941527	0.23162389	-0.22000316	0.042137485	-0.17465392	0.254502	-0.21172638	0.17616022	-0.04513187	0.12700452	-0.20403954	0.14084753	-0.15933998
0.09811055	-0.07421266	0.095952705	-0.098983906	0.104667604	-0.087407015	0.12094135	-0.11074142	0.1318132	-0.14437558	0.06828401	-0.15562363	0.157197	-0.35175538	0.25659335	-0.075137615	0.19435936	-0.34789136	0.9999991	-0.5995048	0.10335983	-0.2282943	0.22761568	-0.40852317	0.2949591	-0.03434699	0.13264912	-0.22432458	0.23310965	-0.2363414	0.036255192	-0.10570685	0.16430442	-0.14813468	0.1563681
-0.089548185	0.06797296	-0.089695215	0.09409784	-0.106011175	0.07545177	-0.111415334	0.10105035	-0.12857819	0.14550933	-0.05831955	0.12355833	-0.1331645	0.26931724	-0.41021103	0.062844515	-0.14849906	0.19509283	-0.5995048	0.9999989	-0.08839558	0.16792537	-0.17368828	0.24378538	-0.52465975	0.030214442	-0.11863183	0.17033339	-0.20056187	0.22069728	-0.032231636	0.091497056	-0.1490014	0.13025907	-0.15335523
0.19587938	-0.12944396	0.1379773	-0.094617896	0.09224761	-0.43016696	0.2102373	-0.14744417	0.10369393	-0.101428956	0.302764	-0.18388069	0.16674124	-0.10648021	0.09230818	-0.6617168	0.14682284	-0.12956345	0.10335983	-0.08839558	0.9999989	-0.20266743	0.10712296	-0.09373563	0.09871529	-0.03204454	0.08880006	-0.10281275	0.085010104	-0.085339375	0.032687847	-0.06696885	0.09312044	-0.07066382	0.07564513
-0.122471966	0.08360534	-0.10458822	0.08325677	-0.087681286	0.12696435	-0.14598435	0.11517599	-0.101761125	0.10170868	-0.110264145	0.23265266	-0.2604638	0.14885595	-0.13898093	0.13012932	-0.62149256	0.31250876	-0.2282943	0.16792537	-0.20266743	0.999999	-0.37514156	0.20830096	-0.21881852	0.060895626	-0.2945739	0.2440866	-0.2052616	0.18229924	-0.06493235	0.18146755	-0.25135204	0.1625956	-0.1829477
0.082769066	-0.05860225	0.073627844	-0.063915804	0.06720541	-0.08216859	0.09908399	-0.08276994	0.079498224	-0.08277326	0.06756035	-0.16345234	0.16262627	-0.13781554	0.122180164	-0.077707306	0.25919476	-0.50941527	0.22761568	-0.17368828	0.10712296	-0.37514156	0.999999	-0.3641102	0.20690729	-0.0415744	0.16861609	-0.5757216	0.2627978	-0.1969632	0.0437347	-0.13779198	0.21545036	-0.15544946	0.1596167
-0.08230717	0.059330095	-0.0759913	0.070295714	-0.07571749	0.074583046	-0.099453285	0.08446544	-0.09040325	0.095442414	-0.059599705	0.13062602	-0.13908958	0.16972752	-0.16129726	0.065869175	-0.17646906	0.23162389	-0.40852317	0.24378538	-0.09373563	0.20830096	-0.3641102	0.99999887	-0.39435974	0.038137104	-0.15430208	0.28528664	-0.6232839	0.2739103	-0.040768556	0.119531445	-0.2031915	0.16518135	-0.19465475
0.09164717	-0.06806971	0.0866548	-0.08573474	0.09046478	-0.08271043	0.11072791	-0.09821776	0.10888348	-0.12367775	0.06412899	-0.14035712	0.13945374	-0.22594102	0.20637284	-0.07078168	0.1610746	-0.22000316	0.2949591	-0.52465975	0.09871529	-0.21881852	0.20690729	-0.39435974	0.9999992	-0.03775167	0.14371973	-0.23820545	0.27076843	-0.5229005	0.039667603	-0.120235026	0.18886258	-0.2093183	0.22248389
-0.020575732	0.014126491	-0.017322734	0.014218508	-0.0147667425	0.022078909	-0.023750562	0.018791769	-0.017056782	0.017641379	-0.017262174	0.03207395	-0.03161791	0.026526833	-0.023425689	0.021231718	-0.03880042	0.042137485	-0.03434699	0.030214442	-0.03204454	0.060895626	-0.0415744	0.038137104	-0.03775167	0.99999946	-0.15903346	0.05324806	-0.03757228	0.042519525	-0.9753274	0.12057042	-0.07546536	0.049858835	-0.04185796
0.068954825	-0.04818291	0.059733413	-0.050726883	0.052718043	-0.06869222	0.08073009	-0.06584456	0.061457373	-0.06431852	0.05465582	-0.12102234	0.11585757	-0.10111564	0.08794143	-0.06298966	0.15764694	-0.17465392	0.13264912	-0.11863183	0.08880006	-0.2945739	0.16861609	-0.15430208	0.14371973	-0.15903346	0.99999934	-0.23420425	0.14908366	-0.17474352	0.13743344	-0.7790125	0.2859108	-0.21631914	0.15930577
-0.08376495	0.05882921	-0.074441455	0.0644062	-0.06853018	0.07865025	-0.09990053	0.0820268	-0.08028184	0.08325953	-0.06400565	0.14130354	-0.1519523	0.13476126	-0.1256745	0.071545854	-0.20656413	0.254502	-0.22432458	0.17033339	-0.10281275	0.2440866	-0.5757216	0.28528664	-0.23820545	0.05324806	-0.23420425	0.9999993	-0.46180865	0.23805058	-0.05728341	0.18261386	-0.40005338	0.20804387	-0.22673224
0.073237084	-0.052703578	0.06674384	-0.06120046	0.06476821	-0.06813069	0.087719634	-0.07451752	0.07696748	-0.082302205	0.054126553	-0.12080832	0.12240519	-0.14452337	0.1286452	-0.060438167	0.15467905	-0.21172638	0.23310965	-0.20056187	0.085010104	-0.2052616	0.2627978	-0.6232839	0.27076843	-0.03757228	0.14908366	-0.46180865	0.99999917	-0.4482366	0.039693616	-0.1248079	0.20963393	-0.1997525	0.21147121
-0.0761642	0.054651517	-0.06972461	0.06404694	-0.068957955	0.06853057	-0.091290824	0.07691586	-0.08115177	0.08672867	-0.05413399	0.115776114	-0.121298395	0.14633872	-0.14498113	0.059682764	-0.141868	0.17616022	-0.2363414	0.22069728	-0.085339375	0.18229924	-0.1969632	0.2739103	-0.5229005	0.042519525	-0.17474352	0.23805058	-0.4482366	0.99999905	-0.045686465	0.13762143	-0.25353837	0.2583847	-0.5039251
0.02166737	-0.0149131175	0.018270727	-0.015061623	0.015613819	-0.023222264	0.024998533	-0.019858869	0.018053627	-0.018727832	0.018061958	-0.034112684	0.033147503	-0.028304791	0.024806447	-0.022162512	0.040523153	-0.04513187	0.036255192	-0.032231636	0.032687847	-0.06493235	0.0437347	-0.040768556	0.039667603	-0.9753274	0.13743344	-0.05728341	0.039693616	-0.045686465	0.99999887	-0.13592184	0.076767184	-0.053542867	0.043570396
-0.052282926	0.03643472	-0.04546774	0.038541324	-0.040400315	0.050918896	-0.061476137	0.0498982	-0.047004245	0.04892945	-0.04085152	0.08840176	-0.08923346	0.07657664	-0.06866232	0.046568755	-0.11924644	0.12700452	-0.10570685	0.091497056	-0.06696885	0.18146755	-0.13779198	0.119531445	-0.120235026	0.12057042	-0.7790125	0.18261386	-0.1248079	0.13762143	-0.13592184	0.9999986	-0.48004737	0.19076088	-0.15684839
0.07626389	-0.053773686	0.06698922	-0.058261108	0.060797248	-0.074010745	0.0896643	-0.07406123	0.07114936	-0.07515482	0.058516864	-0.13019167	0.12557411	-0.12132384	0.10631936	-0.06641797	0.16011071	-0.20403954	0.16430442	-0.1490014	0.09312044	-0.25135204	0.21545036	-0.2031915	0.18886258	-0.07546536	0.2859108	-0.40005338	0.20963393	-0.25353837	0.076767184	-0.48004737	0.9999989	-0.51526165	0.2636845
-0.060170595	0.042476557	-0.053577293	0.047189917	-0.050166566	0.055789005	-0.07127003	0.05877558	-0.058536764	0.061676774	-0.044234812	0.09491529	-0.09717522	0.099693604	-0.09360934	0.049326185	-0.11663765	0.14084753	-0.14813468	0.13025907	-0.07066382	0.1625956	-0.15544946	0.16518135	-0.2093183	0.049858835	-0.21631914	0.20804387	-0.1997525	0.2583847	-0.053542867	0.19076088	-0.51526165	0.9999989	-0.6963851
0.06484364	-0.046218194	0.057956073	-0.05194903	0.054585747	-0.06106932	0.0766701	-0.06420293	0.06410829	-0.06865538	0.047959708	-0.10504847	0.102905534	-0.11361651	0.101990394	-0.05375708	0.12395483	-0.15933998	0.1563681	-0.15335523	0.07564513	-0.1829477	0.1596167	-0.19465475	0.22248389	-0.04185796	0.15930577	-0.22673224	0.21147121	-0.5039251	0.043570396	-0.15684839	0.2636845	-0.6963851	0.9999989
