1.0000001	-0.6561255	0.24545655	-0.26050127	0.14041682	-0.54410994	0.29713792	-0.15902185	0.10649259	-0.14412968	0.20273449	-0.22192046	0.13308257	-0.10159656	0.08247895	-0.15811016	0.118477374	-0.100923635	0.089728296	-0.092507	0.14216407	-0.09085608	0.09334392	-0.08960531	0.0903295	-0.04870091	0.04206747	-0.088921	0.056220077	-0.050065868	0.022985166	-0.02522428	0.060566507	-0.048981126	0.07847431
-0.6561255	1.0000002	-0.47707465	0.2555952	-0.15184811	0.27370444	-0.41329616	0.15766887	-0.10846178	0.13744181	-0.1699124	0.1815561	-0.13286653	0.09840286	-0.08045958	0.1310462	-0.10955797	0.09515552	-0.086567424	0.08788656	-0.13370602	0.08298582	-0.08795658	0.08455714	-0.08693244	0.045025088	-0.03912023	0.0821782	-0.05354035	0.04761545	-0.021435877	0.023454808	-0.05732517	0.04622211	-0.07489731
0.24545655	-0.47707465	1.0	-0.7054229	0.23010546	-0.19369161	0.22881275	-0.24554957	0.15434915	-0.2219049	0.12405169	-0.14532185	0.16185048	-0.13376416	0.109565236	-0.121029675	0.107587576	-0.11354333	0.107082054	-0.11953757	0.123481326	-0.08498397	0.095722675	-0.100795254	0.102246866	-0.048774928	0.04216663	-0.091850534	0.061951015	-0.05532592	0.02349059	-0.025843978	0.065136425	-0.052981373	0.08639243
-0.26050127	0.2555952	-0.7054229	0.99999994	-0.4347739	0.17554425	-0.25969806	0.20921752	-0.17385063	0.23999707	-0.12998706	0.14395119	-0.18380366	0.1422367	-0.12267869	0.12385109	-0.11780678	0.12182186	-0.11818094	0.12661386	-0.13850673	0.09152269	-0.10538019	0.10904433	-0.11480757	0.052398756	-0.045650143	0.09819902	-0.0686925	0.06117739	-0.025491646	0.027915578	-0.071855314	0.058103565	-0.09626643
0.14041682	-0.15184811	0.23010546	-0.4347739	1.0000001	-0.1290267	0.17009136	-0.281752	0.23044711	-0.7220875	0.10093508	-0.12130915	0.21011123	-0.2086452	0.195272	-0.117191344	0.12061285	-0.15539038	0.15347461	-0.21182522	0.12820993	-0.098119706	0.11843488	-0.13747983	0.1357183	-0.059038516	0.050954387	-0.11464012	0.080335915	-0.07210974	0.028766328	-0.031772878	0.08263726	-0.06786615	0.110799335
-0.54410994	0.27370444	-0.19369161	0.17554425	-0.1290267	1.0000002	-0.53384155	0.15384538	-0.10696286	0.12513436	-0.46280077	0.28929016	-0.15044445	0.10364689	-0.08351408	0.2060888	-0.15637325	0.11295416	-0.098565586	0.09281165	-0.20310248	0.11307242	-0.11292396	0.09949485	-0.10189369	0.05818641	-0.050746556	0.10262363	-0.06388686	0.056617856	-0.027262148	0.029671492	-0.069720276	0.05580865	-0.08914267
0.29713792	-0.41329616	0.22881275	-0.25969806	0.17009136	-0.53384155	1.0000002	-0.25782079	0.15289593	-0.18278648	0.28235888	-0.46601525	0.19282524	-0.14590295	0.114258274	-0.2271572	0.17780767	-0.147469	0.12856667	-0.12882109	0.20121148	-0.13681605	0.13586889	-0.12937815	0.12854664	-0.07085938	0.061059594	-0.13011487	0.08043558	-0.07166495	0.03328101	-0.0366032	0.08699684	-0.070486344	0.11184341
-0.15902185	0.15766887	-0.24554957	0.20921752	-0.281752	0.15384538	-0.25782079	1.0	-0.62770206	0.26195207	-0.12828453	0.15658872	-0.45803666	0.2987136	-0.21836136	0.14276262	-0.16027151	0.20990372	-0.22142036	0.20290215	-0.16434187	0.12621073	-0.15714051	0.1730459	-0.18150781	0.07220856	-0.0631144	0.14036919	-0.10356613	0.09218899	-0.035623394	0.039093643	-0.10501233	0.08542306	-0.14108069
0.10649259	-0.10846178	0.15434915	-0.17385063	0.23044711	-0.10696286	0.15289593	-0.62770206	0.99999976	-0.36327714	0.08957763	-0.11123741	0.28376234	-0.55215335	0.2217415	-0.106631815	0.12116336	-0.18537648	0.19928232	-0.2153927	0.119709134	-0.09840957	0.12261685	-0.15029784	0.14110734	-0.056625694	0.049191587	-0.111723706	0.080487624	-0.07206066	0.027674887	-0.030526085	0.08077666	-0.066579305	0.10715508
-0.14412968	0.13744181	-0.2219049	0.23999707	-0.7220875	0.12513436	-0.18278648	0.26195207	-0.36327714	0.9999998	-0.104391664	0.12272131	-0.2578904	0.23740837	-0.29648024	0.119446725	-0.13131358	0.16539392	-0.17908779	0.21966377	-0.13913596	0.104211286	-0.12946397	0.14577104	-0.1537833	0.06115371	-0.053361263	0.118442595	-0.08796984	0.07855185	-0.03022622	0.033182092	-0.089269176	0.072732486	-0.12118327
0.20273449	-0.1699124	0.12405169	-0.12998706	0.10093508	-0.46280077	0.28235888	-0.12828453	0.08957763	-0.104391664	0.9999995	-0.67573327	0.14124304	-0.095005095	0.075351104	-0.41316664	0.1921452	-0.11791266	0.096186414	-0.086329624	0.23860885	-0.13694318	0.121469244	-0.100494064	0.09945924	-0.06386119	0.05524886	-0.1103792	0.06362819	-0.05635242	0.029104944	-0.03171728	0.07077449	-0.05665976	0.087830774
-0.22192046	0.1815561	-0.14532185	0.14395119	-0.12130915	0.28929016	-0.46601525	0.15658872	-0.11123741	0.12272131	-0.67573327	0.9999994	-0.19443929	0.1176143	-0.09271925	0.26950124	-0.27772483	0.14634985	-0.12040995	0.10493481	-0.2808386	0.16611913	-0.15326354	0.12237607	-0.12293505	0.07522194	-0.06603945	0.13129565	-0.07788903	0.06882481	-0.034790576	0.037759174	-0.08624226	0.068681255	-0.10754093
0.13308257	-0.13286653	0.16185048	-0.18380366	0.21011123	-0.15044445	0.19282524	-0.45803666	0.28376234	-0.2578904	0.14124304	-0.19443929	0.99999946	-0.4582765	0.24244735	-0.18327607	0.20800404	-0.4406843	0.28961936	-0.2999414	0.1928568	-0.17722294	0.2137812	-0.2500214	0.21912223	-0.1024027	0.08769542	-0.20593469	0.13157088	-0.11838668	0.048779376	-0.054333363	0.13605943	-0.11306842	0.17503573
-0.10159656	0.09840286	-0.13376416	0.1422367	-0.2086452	0.10364689	-0.14590295	0.2987136	-0.55215335	0.23740837	-0.095005095	0.1176143	-0.4582765	0.9999997	-0.42618203	0.11936936	-0.1482116	0.24328288	-0.36613962	0.27933493	-0.13784207	0.11896376	-0.1547513	0.19106962	-0.1830384	0.06709605	-0.058621857	0.13375442	-0.10027743	0.08929804	-0.033011142	0.036363155	-0.09825877	0.08105836	-0.13016167
0.08247895	-0.08045958	0.109565236	-0.12267869	0.195272	-0.08351408	0.114258274	-0.21836136	0.2217415	-0.29648024	0.075351104	-0.09271925	0.24244735	-0.42618203	0.99999976	-0.09761278	0.118546695	-0.20079727	0.23861912	-0.76025265	0.11147871	-0.09757978	0.124980725	-0.16607635	0.15237495	-0.056306846	0.04891568	-0.112721905	0.08314996	-0.07522444	0.02755869	-0.03045611	0.08141081	-0.067863494	0.10771656
-0.15811016	0.1310462	-0.121029675	0.12385109	-0.117191344	0.2060888	-0.2271572	0.14276262	-0.106631815	0.119446725	-0.41316664	0.26950124	-0.18327607	0.11936936	-0.09761278	0.9999995	-0.37759218	0.17095074	-0.13860767	0.11202549	-0.68999255	0.2334011	-0.20593913	0.14855628	-0.15055643	0.11359112	-0.099751815	0.1754235	-0.09816209	0.086215444	-0.05037074	0.053727377	-0.11209465	0.08805349	-0.13543063
0.118477374	-0.10955797	0.107587576	-0.11780678	0.12061285	-0.15637325	0.17780767	-0.16027151	0.12116336	-0.13131358	0.1921452	-0.27772483	0.20800404	-0.1482116	0.118546695	-0.37759218	0.99999946	-0.32545367	0.19308102	-0.14331652	0.28670713	-0.64617145	0.29818687	-0.2115872	0.18094334	-0.12713228	0.10991788	-0.2511144	0.11887563	-0.10549537	0.056150675	-0.06258148	0.13587165	-0.110128485	0.15644065
-0.100923635	0.09515552	-0.11354333	0.12182186	-0.15539038	0.11295416	-0.147469	0.20990372	-0.18537648	0.16539392	-0.11791266	0.14634985	-0.4406843	0.24328288	-0.20079727	0.17095074	-0.32545367	0.9999993	-0.61506224	0.22292066	-0.19783203	0.22294998	-0.35353416	0.26578686	-0.24626513	0.09889097	-0.08866209	0.20535529	-0.13816403	0.1208306	-0.048004743	0.052687332	-0.14018999	0.112711474	-0.17302093
0.089728296	-0.086567424	0.107082054	-0.11818094	0.15347461	-0.098565586	0.12856667	-0.22142036	0.19928232	-0.17908779	0.096186414	-0.12040995	0.28961936	-0.36613962	0.23861912	-0.13860767	0.19308102	-0.61506224	0.9999991	-0.3624195	0.15531826	-0.16482209	0.21767405	-0.42187467	0.24091695	-0.08566905	0.07471738	-0.17829925	0.1317223	-0.11742069	0.041384853	-0.045887876	0.12226721	-0.10409797	0.1554407
-0.092507	0.08788656	-0.11953757	0.12661386	-0.21182522	0.09281165	-0.12882109	0.20290215	-0.2153927	0.21966377	-0.086329624	0.10493481	-0.2999414	0.27933493	-0.76025265	0.11202549	-0.14331652	0.22292066	-0.3624195	0.9999989	-0.13283344	0.11441222	-0.15202251	0.19237356	-0.20163661	0.065219335	-0.057178874	0.13017502	-0.102717504	0.09242901	-0.032405563	0.035638902	-0.09854545	0.081621885	-0.13226251
0.14216407	-0.13370602	0.123481326	-0.13850673	0.12820993	-0.20310248	0.20121148	-0.16434187	0.119709134	-0.13913596	0.23860885	-0.2808386	0.1928568	-0.13784207	0.11147871	-0.68999255	0.28670713	-0.19783203	0.15531826	-0.13283344	0.9999986	-0.3333769	0.2340564	-0.18550466	0.17597102	-0.18455055	0.13988732	-0.25472185	0.12055196	-0.10687364	0.07100526	-0.07790521	0.14193666	-0.114168204	0.16512129
-0.09085608	0.08298582	-0.08498397	0.09152269	-0.098119706	0.11307242	-0.13681605	0.12621073	-0.09840957	0.104211286	-0.13694318	0.16611913	-0.17722294	0.11896376	-0.09757978	0.2334011	-0.64617145	0.22294998	-0.16482209	0.11441222	-0.3333769	0.9999986	-0.56618625	0.18301128	-0.16685794	0.117028326	-0.11152275	0.2284125	-0.10950145	0.09513621	-0.052606974	0.057321656	-0.12955968	0.09943002	-0.14334151
0.09334392	-0.08795658	0.095722675	-0.10538019	0.11843488	-0.11292396	0.13586889	-0.15714051	0.12261685	-0.12946397	0.121469244	-0.15326354	0.2137812	-0.1547513	0.124980725	-0.20593913	0.29818687	-0.35353416	0.21767405	-0.15202251	0.2340564	-0.56618625	0.9999988	-0.31253657	0.22459051	-0.16695367	0.15043308	-0.4663806	0.1519405	-0.13314359	0.07252889	-0.08114262	0.18392311	-0.14552958	0.19030695
-0.08960531	0.08455714	-0.100795254	0.10904433	-0.13747983	0.09949485	-0.12937815	0.1730459	-0.15029784	0.14577104	-0.100494064	0.12237607	-0.2500214	0.19106962	-0.16607635	0.14855628	-0.2115872	0.26578686	-0.42187467	0.19237356	-0.18550466	0.18301128	-0.31253657	0.9999989	-0.64186454	0.10768891	-0.095743105	0.22495462	-0.279049	0.22434364	-0.055602267	0.061131604	-0.19348712	0.17081857	-0.2579188
0.0903295	-0.08693244	0.102246866	-0.11480757	0.1357183	-0.10189369	0.12854664	-0.18150781	0.14110734	-0.1537833	0.09945924	-0.12293505	0.21912223	-0.1830384	0.15237495	-0.15055643	0.18094334	-0.24626513	0.24091695	-0.20163661	0.17597102	-0.16685794	0.22459051	-0.64186454	0.99999905	-0.12263621	0.10409644	-0.255434	0.2553825	-0.36396766	0.060850088	-0.068512395	0.19489437	-0.19392316	0.27292722
-0.04870091	0.045025088	-0.048774928	0.052398756	-0.059038516	0.05818641	-0.07085938	0.07220856	-0.056625694	0.06115371	-0.06386119	0.07522194	-0.1024027	0.06709605	-0.056306846	0.11359112	-0.12713228	0.09889097	-0.08566905	0.065219335	-0.18455055	0.117028326	-0.16695367	0.10768891	-0.12263621	0.99999875	-0.84054625	0.24771623	-0.10521517	0.08557827	-0.26886025	0.20742896	-0.16244818	0.104254976	-0.14245813
0.04206747	-0.03912023	0.04216663	-0.045650143	0.050954387	-0.050746556	0.061059594	-0.0631144	0.049191587	-0.053361263	0.05524886	-0.06603945	0.08769542	-0.058621857	0.04891568	-0.099751815	0.10991788	-0.08866209	0.07471738	-0.057178874	0.13988732	-0.11152275	0.15043308	-0.095743105	0.10409644	-0.84054625	0.9999984	-0.36901236	0.09030604	-0.07447729	0.19118385	-0.23028022	0.14388096	-0.096137054	0.11901291
-0.088921	0.0821782	-0.091850534	0.09819902	-0.11464012	0.10262363	-0.13011487	0.14036919	-0.111723706	0.118442595	-0.1103792	0.13129565	-0.20593469	0.13375442	-0.112721905	0.1754235	-0.2511144	0.20535529	-0.17829925	0.13017502	-0.25472185	0.2284125	-0.4663806	0.22495462	-0.255434	0.24771623	-0.36901236	0.99999803	-0.23341784	0.1827502	-0.12683414	0.13071004	-0.42552128	0.23176175	-0.30083242
0.056220077	-0.05354035	0.061951015	-0.0686925	0.080335915	-0.06388686	0.08043558	-0.10356613	0.080487624	-0.08796984	0.06362819	-0.07788903	0.13157088	-0.10027743	0.08314996	-0.09816209	0.11887563	-0.13816403	0.1317223	-0.102717504	0.12055196	-0.10950145	0.1519405	-0.279049	0.2553825	-0.10521517	0.09030604	-0.23341784	0.9999975	-0.6914285	0.057255007	-0.06518866	0.25229272	-0.4499218	0.30768603
-0.050065868	0.04761545	-0.05532592	0.06117739	-0.07210974	0.056617856	-0.07166495	0.09218899	-0.07206066	0.07855185	-0.05635242	0.06882481	-0.11838668	0.08929804	-0.07522444	0.086215444	-0.10549537	0.1208306	-0.11742069	0.09242901	-0.10687364	0.09513621	-0.13314359	0.22434364	-0.36396766	0.08557827	-0.07447729	0.1827502	-0.6914285	0.99999815	-0.04827597	0.053872593	-0.22473729	0.25367352	-0.5101149
0.022985166	-0.021435877	0.02349059	-0.025491646	0.028766328	-0.027262148	0.03328101	-0.035623394	0.027674887	-0.03022622	0.029104944	-0.034790576	0.048779376	-0.033011142	0.02755869	-0.05037074	0.056150675	-0.048004743	0.041384853	-0.032405563	0.07100526	-0.052606974	0.07252889	-0.055602267	0.060850088	-0.26886025	0.19118385	-0.12683414	0.057255007	-0.04827597	0.99999803	-0.9300351	0.107610285	-0.07459056	0.07369457
-0.02522428	0.023454808	-0.025843978	0.027915578	-0.031772878	0.029671492	-0.0366032	0.039093643	-0.030526085	0.033182092	-0.03171728	0.037759174	-0.054333363	0.036363155	-0.03045611	0.053727377	-0.06258148	0.052687332	-0.045887876	0.035638902	-0.07790521	0.057321656	-0.08114262	0.061131604	-0.068512395	0.20742896	-0.23028022	0.13071004	-0.06518866	0.053872593	-0.9300351	0.9999977	-0.13207331	0.08138044	-0.084567316
0.060566507	-0.05732517	0.065136425	-0.071855314	0.08263726	-0.069720276	0.08699684	-0.10501233	0.08077666	-0.089269176	0.07077449	-0.08624226	0.13605943	-0.09825877	0.08141081	-0.11209465	0.13587165	-0.14018999	0.12226721	-0.09854545	0.14193666	-0.12955968	0.18392311	-0.19348712	0.19489437	-0.16244818	0.14388096	-0.42552128	0.25229272	-0.22473729	0.107610285	-0.13207331	0.9999978	-0.70665073	0.26728043
-0.048981126	0.04622211	-0.052981373	0.058103565	-0.06786615	0.05580865	-0.070486344	0.08542306	-0.066579305	0.072732486	-0.05665976	0.068681255	-0.11306842	0.08105836	-0.067863494	0.08805349	-0.110128485	0.112711474	-0.10409797	0.081621885	-0.114168204	0.09943002	-0.14552958	0.17081857	-0.19392316	0.104254976	-0.096137054	0.23176175	-0.4499218	0.25367352	-0.07459056	0.08138044	-0.70665073	0.9999978	-0.3907215
0.07847431	-0.07489731	0.08639243	-0.09626643	0.110799335	-0.08914267	0.11184341	-0.14108069	0.10715508	-0.12118327	0.087830774	-0.10754093	0.17503573	-0.13016167	0.10771656	-0.13543063	0.15644065	-0.17302093	0.1554407	-0.13226251	0.16512129	-0.14334151	0.19030695	-0.2579188	0.27292722	-0.14245813	0.11901291	-0.30083242	0.30768603	-0.5101149	0.07369457	-0.084567316	0.26728043	-0.3907215	0.9999978
