1.0000001	-0.6224485	0.047337078	-0.04132619	0.06255684	-0.66983104	0.33079672	-0.07064624	0.054493733	-0.0481055	0.15489943	-0.122832656	0.06998484	-0.053253528	0.04473235	-0.16965	0.0841624	-0.06844885	0.055307932	-0.04394038	0.088373944	-0.07312869	0.057806585	-0.048663333	0.046711236	-0.031428423	0.034266688	-0.041149102	0.046554886	-0.040144943	0.03813148	-0.042987637	0.036422603	-0.046107568	0.05475208
-0.6224485	1.0000001	-0.050327156	0.0417857	-0.057821386	0.32522967	-0.6994128	0.07369794	-0.054633662	0.044347934	-0.103051774	0.08243329	-0.06686298	0.04828034	-0.040181644	0.10295669	-0.061372	0.054700974	-0.047883052	0.038347624	-0.068228826	0.054054204	-0.046567596	0.040620565	-0.039807722	0.025077756	-0.027555557	0.033195123	-0.03882919	0.03371582	-0.030695528	0.034695655	-0.029621651	0.037818413	-0.04553703
0.047337078	-0.050327156	1.0000002	-0.87250865	0.24730393	-0.044873584	0.047245488	-0.25987485	0.16583395	-0.1819246	0.058807015	-0.08715897	0.16243492	-0.14158463	0.12479697	-0.0801977	0.07727802	-0.12062553	0.11918003	-0.1264904	0.10270917	-0.08698129	0.09619978	-0.10123142	0.10528609	-0.05321174	0.05944498	-0.07642536	0.09465056	-0.09053192	0.0655719	-0.083588004	0.06907431	-0.09621198	0.11134006
-0.04132619	0.0417857	-0.87250865	1.0000001	-0.3570411	0.038252853	-0.040401068	0.18647604	-0.16281724	0.16851577	-0.05105438	0.07479535	-0.15115476	0.12606227	-0.11870033	0.06844917	-0.067579456	0.10385268	-0.109382205	0.111830644	-0.09085193	0.075356826	-0.085338324	0.08948023	-0.09558764	0.046298698	-0.05198688	0.06637643	-0.08445629	0.07984149	-0.057366457	0.071931005	-0.060298372	0.08334476	-0.09885573
0.06255684	-0.057821386	0.24730393	-0.3570411	1.0000002	-0.06300273	0.05875629	-0.2770622	0.26138115	-0.5582571	0.10012976	-0.15157346	0.22569706	-0.2461892	0.26193005	-0.14253122	0.13488904	-0.21088217	0.21134529	-0.27797273	0.18477166	-0.15737681	0.17053856	-0.18705274	0.20517978	-0.100268655	0.11140733	-0.14411755	0.17787923	-0.17860787	0.123349875	-0.16147171	0.13089173	-0.18606044	0.21342593
-0.66983104	0.32522967	-0.044873584	0.038252853	-0.06300273	1.0000001	-0.6071876	0.07571708	-0.057962377	0.048291985	-0.2196893	0.1260975	-0.07480683	0.05430832	-0.045254067	0.16374047	-0.08879899	0.06805303	-0.0562415	0.043682467	-0.091392614	0.07261361	-0.05841059	0.04862083	-0.04676948	0.031366233	-0.034243483	0.04076658	-0.046556726	0.039854653	-0.038143933	0.04226949	-0.03616732	0.04539753	-0.054458153
0.33079672	-0.6994128	0.047245488	-0.040401068	0.05875629	-0.6071876	1.0000004	-0.09024876	0.059589468	-0.046819337	0.12525645	-0.10001329	0.07322344	-0.052208506	0.042089425	-0.12736809	0.06884506	-0.059301212	0.05057842	-0.040142763	0.07234513	-0.05928119	0.049803797	-0.043014664	0.041381653	-0.026343333	0.028917328	-0.034952316	0.04060138	-0.035151023	0.0320668	-0.036294755	0.031021317	-0.039550956	0.047030933
-0.07064624	0.07369794	-0.25987485	0.18647604	-0.2770622	0.07571708	-0.09024876	1.0000005	-0.5601993	0.24725556	-0.097174436	0.14296608	-0.6026679	0.2933225	-0.2058817	0.11928432	-0.13059475	0.20651293	-0.22395751	0.17313522	-0.16094163	0.13404696	-0.16611454	0.16452754	-0.15890342	0.07670919	-0.08750314	0.11153485	-0.14597346	0.1291662	-0.09494329	0.11401368	-0.100138694	0.13430598	-0.15810914
0.054493733	-0.054633662	0.16583395	-0.16281724	0.26138115	-0.057962377	0.059589468	-0.5601993	1.0000004	-0.47464266	0.08268862	-0.12604423	0.29840854	-0.49741933	0.2408632	-0.1098575	0.113876924	-0.1930581	0.23127767	-0.20744799	0.14418302	-0.1256568	0.15071712	-0.17736913	0.16290274	-0.07439484	0.0841922	-0.11011025	0.14582244	-0.13526383	0.09110288	-0.114569895	0.09852801	-0.13806354	0.15503843
-0.0481055	0.044347934	-0.1819246	0.16851577	-0.5582571	0.048291985	-0.046819337	0.24725556	-0.47464266	1.0000006	-0.075838484	0.1133085	-0.23036607	0.25761315	-0.48946285	0.10234248	-0.10512622	0.16659503	-0.21304168	0.25741628	-0.14258382	0.11863041	-0.14153354	0.16119578	-0.20022222	0.07465108	-0.0846548	0.10885906	-0.15205862	0.14809357	-0.092672504	0.11590185	-0.09978065	0.13989083	-0.17255422
0.15489943	-0.103051774	0.058807015	-0.05105438	0.10012976	-0.2196893	0.12525645	-0.097174436	0.08268862	-0.075838484	1.0000007	-0.52774835	0.12461355	-0.09169077	0.07561327	-0.72747105	0.2477735	-0.14489621	0.102983706	-0.07517627	0.20987633	-0.17972471	0.12322543	-0.09297271	0.08474159	-0.06409197	0.06910115	-0.081091024	0.088063695	-0.073282294	0.076382786	-0.08204319	0.070680544	-0.08597292	0.10107563
-0.122832656	0.08243329	-0.08715897	0.07479535	-0.15157346	0.1260975	-0.10001329	0.14296608	-0.12604423	0.1133085	-0.52774835	1.0000005	-0.2207136	0.14046149	-0.11520298	0.3121223	-0.5917252	0.21898511	-0.16145205	0.11281645	-0.3368966	0.26418757	-0.19697823	0.14125375	-0.12914631	0.097158216	-0.10574745	0.12184682	-0.13480683	0.110393904	-0.11672257	0.12175347	-0.1070337	0.12790976	-0.15279034
0.06998484	-0.06686298	0.16243492	-0.15115476	0.22569706	-0.07480683	0.07322344	-0.6026679	0.29840854	-0.23036607	0.12461355	-0.2207136	1.0000005	-0.4729396	0.20289141	-0.15722619	0.17540522	-0.35963425	0.25491917	-0.19415367	0.19274668	-0.17741308	0.21304014	-0.21064702	0.17313129	-0.09337339	0.10586434	-0.13941185	0.16975775	-0.14981352	0.11311042	-0.13923611	0.12098705	-0.1639378	0.17753924
-0.053253528	0.04828034	-0.14158463	0.12606227	-0.2461892	0.05430832	-0.052208506	0.2933225	-0.49741933	0.25761315	-0.09169077	0.14046149	-0.4729396	1.0000004	-0.3247066	0.118503995	-0.13248709	0.22540116	-0.49566078	0.22634867	-0.16653635	0.14335461	-0.189753	0.23133391	-0.19680297	0.084499516	-0.09710546	0.12672505	-0.18503585	0.1569774	-0.10400631	0.12748747	-0.11395351	0.15714411	-0.17834839
0.04473235	-0.040181644	0.12479697	-0.11870033	0.26193005	-0.045254067	0.042089425	-0.2058817	0.2408632	-0.48946285	0.07561327	-0.11520298	0.20289141	-0.3247066	1.0000004	-0.10458733	0.10628757	-0.17405227	0.22177687	-0.6524601	0.14347245	-0.123357356	0.14642796	-0.18257791	0.24567266	-0.07896023	0.0891823	-0.1172774	0.16606008	-0.18912101	0.096954085	-0.12535533	0.10700721	-0.15562065	0.18263909
-0.16965	0.10295669	-0.0801977	0.06844917	-0.14253122	0.16374047	-0.12736809	0.11928432	-0.1098575	0.10234248	-0.72747105	0.3121223	-0.15722619	0.118503995	-0.10458733	1.0000005	-0.34803742	0.18160814	-0.14254068	0.10290932	-0.34979415	0.22248463	-0.16812846	0.1260614	-0.12030164	0.0938754	-0.1002611	0.113017835	-0.124359466	0.1027373	-0.11295622	0.115708396	-0.1002919	0.11958838	-0.14655103
0.0841624	-0.061372	0.07727802	-0.067579456	0.13488904	-0.08879899	0.06884506	-0.13059475	0.113876924	-0.10512622	0.2477735	-0.5917252	0.17540522	-0.13248709	0.10628757	-0.34803742	1.0000004	-0.33583716	0.15778172	-0.107932165	0.293858	-0.5352881	0.2326179	-0.15097354	0.12228037	-0.09555661	0.10507916	-0.1290693	0.13263106	-0.10760686	0.11084719	-0.12192972	0.10728216	-0.12863763	0.14271691
-0.06844885	0.054700974	-0.12062553	0.10385268	-0.21088217	0.06805303	-0.059301212	0.20651293	-0.1930581	0.16659503	-0.14489621	0.21898511	-0.35963425	0.22540116	-0.17405227	0.18160814	-0.33583716	1.0000005	-0.3324102	0.17303807	-0.29370633	0.2735153	-0.62122154	0.2672664	-0.20002303	0.12936972	-0.1585463	0.20314841	-0.2252709	0.17090099	-0.16012916	0.17376854	-0.17082505	0.19439098	-0.21817388
0.055307932	-0.047883052	0.11918003	-0.109382205	0.21134529	-0.0562415	0.05057842	-0.22395751	0.23127767	-0.21304168	0.102983706	-0.16145205	0.25491917	-0.49566078	0.22177687	-0.14254068	0.15778172	-0.3324102	1.0000004	-0.26958486	0.19536102	-0.18687925	0.25672108	-0.56438166	0.22942251	-0.10907253	0.124997504	-0.17339434	0.25415617	-0.21225071	0.13090166	-0.16901655	0.15063125	-0.22291593	0.2144713
-0.04394038	0.038347624	-0.1264904	0.111830644	-0.27797273	0.043682467	-0.040142763	0.17313522	-0.20744799	0.25741628	-0.07517627	0.11281645	-0.19415367	0.22634867	-0.6524601	0.10290932	-0.107932165	0.17303807	-0.26958486	1.0000002	-0.1512362	0.12569672	-0.1581282	0.20155631	-0.4892449	0.083600014	-0.09588304	0.124767356	-0.20444138	0.23001939	-0.10403311	0.13107106	-0.11671173	0.16915746	-0.22832327
0.088373944	-0.068228826	0.10270917	-0.09085193	0.18477166	-0.091392614	0.07234513	-0.16094163	0.14418302	-0.14258382	0.20987633	-0.3368966	0.19274668	-0.16653635	0.14347245	-0.34979415	0.293858	-0.29370633	0.19536102	-0.1512362	1.0000002	-0.59991664	0.25913435	-0.20061316	0.17140384	-0.21615857	0.17993234	-0.20838815	0.18751158	-0.15751629	0.19316323	-0.22262532	0.17080055	-0.20948422	0.21404712
-0.07312869	0.054054204	-0.08698129	0.075356826	-0.15737681	0.07261361	-0.05928119	0.13404696	-0.1256568	0.11863041	-0.17972471	0.26418757	-0.17741308	0.14335461	-0.123357356	0.22248463	-0.5352881	0.2735153	-0.18687925	0.12569672	-0.59991664	0.99999994	-0.3897282	0.18609492	-0.15001287	0.13411397	-0.14740472	0.16813123	-0.16833717	0.1313801	-0.1506435	0.1561751	-0.1397517	0.15920193	-0.17710143
0.057806585	-0.046567596	0.09619978	-0.085338324	0.17053856	-0.05841059	0.049803797	-0.16611454	0.15071712	-0.14153354	0.12322543	-0.19697823	0.21304014	-0.189753	0.14642796	-0.16812846	0.2326179	-0.62122154	0.25672108	-0.1581282	0.25913435	-0.3897282	0.9999999	-0.41394687	0.18421908	-0.13818082	0.16893375	-0.30174786	0.22818203	-0.17214525	0.15738103	-0.18631388	0.18414992	-0.21318182	0.20050327
-0.048663333	0.040620565	-0.10123142	0.08948023	-0.18705274	0.04862083	-0.043014664	0.16452754	-0.17736913	0.16119578	-0.09297271	0.14125375	-0.21064702	0.23133391	-0.18257791	0.1260614	-0.15097354	0.2672664	-0.56438166	0.20155631	-0.20061316	0.18609492	-0.41394687	0.9999998	-0.2952777	0.111722015	-0.13493615	0.18665703	-0.48806295	0.23965462	-0.13642022	0.16661172	-0.16700722	0.23377001	-0.234502
0.046711236	-0.039807722	0.10528609	-0.09558764	0.20517978	-0.04676948	0.041381653	-0.15890342	0.16290274	-0.20022222	0.08474159	-0.12914631	0.17313129	-0.19680297	0.24567266	-0.12030164	0.12228037	-0.20002303	0.22942251	-0.4892449	0.17140384	-0.15001287	0.18421908	-0.2952777	0.9999993	-0.10504434	0.119060345	-0.16279975	0.27409768	-0.598312	0.12763977	-0.17320213	0.15058437	-0.24012262	0.2792348
-0.031428423	0.025077756	-0.05321174	0.046298698	-0.100268655	0.031366233	-0.026343333	0.07670919	-0.07439484	0.07465108	-0.06409197	0.097158216	-0.09337339	0.084499516	-0.07896023	0.0938754	-0.09555661	0.12936972	-0.10907253	0.083600014	-0.21615857	0.13411397	-0.13818082	0.111722015	-0.10504434	0.9999992	-0.62366766	0.2545883	-0.13407043	0.1007218	-0.6362491	0.27793038	-0.20472462	0.15967216	-0.15019922
0.034266688	-0.027555557	0.05944498	-0.05198688	0.11140733	-0.034243483	0.028917328	-0.08750314	0.0841922	-0.0846548	0.06910115	-0.10574745	0.10586434	-0.09710546	0.0891823	-0.1002611	0.10507916	-0.1585463	0.124997504	-0.09588304	0.17993234	-0.14740472	0.16893375	-0.13493615	0.119060345	-0.62366766	0.99999905	-0.53854704	0.15728237	-0.118024975	0.30554044	-0.37707007	0.2503795	-0.20277877	0.16703339
-0.041149102	0.033195123	-0.07642536	0.06637643	-0.14411755	0.04076658	-0.034952316	0.11153485	-0.11011025	0.10885906	-0.081091024	0.12184682	-0.13941185	0.12672505	-0.1172774	0.113017835	-0.1290693	0.20314841	-0.17339434	0.124767356	-0.20838815	0.16813123	-0.30174786	0.18665703	-0.16279975	0.2545883	-0.53854704	0.9999993	-0.24822643	0.15964505	-0.30328947	0.29855943	-0.54158944	0.2648329	-0.23079456
0.046554886	-0.03882919	0.09465056	-0.08445629	0.17787923	-0.046556726	0.04060138	-0.14597346	0.14582244	-0.15205862	0.088063695	-0.13480683	0.16975775	-0.18503585	0.16606008	-0.124359466	0.13263106	-0.2252709	0.25415617	-0.20444138	0.18751158	-0.16833717	0.22818203	-0.48806295	0.27409768	-0.13407043	0.15728237	-0.24822643	0.9999994	-0.48566192	0.15872486	-0.22169603	0.22352166	-0.47808295	0.29497364
-0.040144943	0.03371582	-0.09053192	0.07984149	-0.17860787	0.039854653	-0.035151023	0.1291662	-0.13526383	0.14809357	-0.073282294	0.110393904	-0.14981352	0.1569774	-0.18912101	0.1027373	-0.10760686	0.17090099	-0.21225071	0.23001939	-0.15751629	0.1313801	-0.17214525	0.23965462	-0.598312	0.1007218	-0.118024975	0.15964505	-0.48566192	0.99999905	-0.12477201	0.16460125	-0.15820779	0.25456956	-0.4824411
0.03813148	-0.030695528	0.0655719	-0.057366457	0.123349875	-0.038143933	0.0320668	-0.09494329	0.09110288	-0.092672504	0.076382786	-0.11672257	0.11311042	-0.10400631	0.096954085	-0.11295622	0.11084719	-0.16012916	0.13090166	-0.10403311	0.19316323	-0.1506435	0.15738103	-0.13642022	0.12763977	-0.6362491	0.30554044	-0.30328947	0.15872486	-0.12477201	0.9999989	-0.5567593	0.23999113	-0.21297474	0.18179181
-0.042987637	0.034695655	-0.083588004	0.071931005	-0.16147171	0.04226949	-0.036294755	0.11401368	-0.114569895	0.11590185	-0.08204319	0.12175347	-0.13923611	0.12748747	-0.12535533	0.115708396	-0.12192972	0.17376854	-0.16901655	0.13107106	-0.22262532	0.1561751	-0.18631388	0.16661172	-0.17320213	0.27793038	-0.37707007	0.29855943	-0.22169603	0.16460125	-0.5567593	0.9999989	-0.5078866	0.26688424	-0.27591643
0.036422603	-0.029621651	0.06907431	-0.060298372	0.13089173	-0.03616732	0.031021317	-0.100138694	0.09852801	-0.09978065	0.070680544	-0.1070337	0.12098705	-0.11395351	0.10700721	-0.1002919	0.10728216	-0.17082505	0.15063125	-0.11671173	0.17080055	-0.1397517	0.18414992	-0.16700722	0.15058437	-0.20472462	0.2503795	-0.54158944	0.22352166	-0.15820779	0.23999113	-0.5078866	0.9999991	-0.5222488	0.23065026
-0.046107568	0.037818413	-0.09621198	0.08334476	-0.18606044	0.04539753	-0.039550956	0.13430598	-0.13806354	0.13989083	-0.08597292	0.12790976	-0.1639378	0.15714411	-0.15562065	0.11958838	-0.12863763	0.19439098	-0.22291593	0.16915746	-0.20948422	0.15920193	-0.21318182	0.23377001	-0.24012262	0.15967216	-0.20277877	0.2648329	-0.47808295	0.25456956	-0.21297474	0.26688424	-0.5222488	0.99999905	-0.4618975
0.05475208	-0.04553703	0.11134006	-0.09885573	0.21342593	-0.054458153	0.047030933	-0.15810914	0.15503843	-0.17255422	0.10107563	-0.15279034	0.17753924	-0.17834839	0.18263909	-0.14655103	0.14271691	-0.21817388	0.2144713	-0.22832327	0.21404712	-0.17710143	0.20050327	-0.234502	0.2792348	-0.15019922	0.16703339	-0.23079456	0.29497364	-0.4824411	0.18179181	-0.27591643	0.23065026	-0.4618975	0.99999905
