1.0000001	-0.07140353	0.056866545	-0.06715137	0.038389392	-0.97664285	0.09780742	-0.057641927	0.05145889	-0.048482884	0.110736646	-0.0934253	0.05711262	-0.037278857	0.04094394	-0.05384849	0.06818059	-0.051766455	0.038113456	-0.031537313	0.041026097	-0.046433304	0.040255938	-0.03925961	0.036816355	-0.031154448	0.035311487	-0.034236033	0.028163733	-0.02915862	0.030760946	-0.02848092	0.030342873	-0.019465812	0.019504597
-0.07140353	1.0	-0.6489756	0.24430871	-0.14799064	0.067602426	-0.62089795	0.24747881	-0.21555972	0.16014147	-0.17095084	0.1680441	-0.15241857	0.10534577	-0.11437225	0.09212068	-0.14965719	0.115811735	-0.102653354	0.08318024	-0.078692205	0.093134254	-0.08688177	0.08819881	-0.08671273	0.061027866	-0.07223381	0.07144711	-0.060404077	0.06261083	-0.062260125	0.05786482	-0.06322238	0.040781286	-0.041157003
0.056866545	-0.6489756	0.99999994	-0.465625	0.19993259	-0.05518697	0.31081045	-0.37839076	0.2466552	-0.23053889	0.14337349	-0.14522187	0.1658273	-0.12327468	0.13280134	-0.09371422	0.1449324	-0.12617205	0.11604893	-0.097428665	0.0804626	-0.10165121	0.094501846	-0.10004355	0.09713386	-0.065568104	0.078139976	-0.0788508	0.06696522	-0.070209295	0.06684002	-0.06327086	0.069159254	-0.045286614	0.045603514
-0.06715137	0.24430871	-0.465625	1.0000002	-0.5695135	0.061842367	-0.31836587	0.2523922	-0.3348028	0.30536696	-0.17636205	0.1557602	-0.21299179	0.15836506	-0.19140124	0.11072529	-0.1834383	0.14961016	-0.1601489	0.12851803	-0.09899921	0.12092781	-0.11739822	0.12300065	-0.12790857	0.07905183	-0.09604493	0.095436096	-0.08303621	0.08562314	-0.08245617	0.07653267	-0.08532058	0.05505565	-0.056045376
0.038389392	-0.14799064	0.19993259	-0.5695135	1.0000001	-0.036014274	0.17119506	-0.18982913	0.2286208	-0.71393406	0.104661584	-0.0958829	0.14216688	-0.1278211	0.15939346	-0.07353746	0.11569191	-0.10465576	0.1171393	-0.109295465	0.06506732	-0.08530161	0.0815124	-0.09292384	0.09274994	-0.05403824	0.06582859	-0.06769673	0.058861073	-0.062463403	0.055752844	-0.053404387	0.05903467	-0.039206184	0.039552193
-0.97664285	0.067602426	-0.05518697	0.061842367	-0.036014274	1.0000001	-0.10559795	0.05513003	-0.04977048	0.04510974	-0.124978855	0.090534754	-0.054935005	0.03544036	-0.038885973	0.051601827	-0.06690977	0.049262658	-0.036278848	0.029836426	-0.03980788	0.04376315	-0.038272448	0.036882978	-0.034852624	0.029526014	-0.03352349	0.03226846	-0.026565524	0.027379861	-0.029292231	0.026886962	-0.028715929	0.018307664	-0.018375345
0.09780742	-0.62089795	0.31081045	-0.31836587	0.17119506	-0.10559795	0.99999994	-0.39845026	0.24735762	-0.22108349	0.22187261	-0.31691104	0.19297138	-0.13691358	0.14460176	-0.12960601	0.19703242	-0.16003852	0.13000426	-0.10900574	0.10639907	-0.12966035	0.11756198	-0.120725356	0.11430979	-0.08423238	0.09846021	-0.098463826	0.08218145	-0.08611187	0.08457136	-0.07975064	0.08608792	-0.05611543	0.056258395
-0.057641927	0.24747881	-0.37839076	0.2523922	-0.18982913	0.05513003	-0.39845026	1.0	-0.7039775	0.22800605	-0.15064414	0.14940652	-0.25160998	0.16886802	-0.16167149	0.09769967	-0.1585895	0.14965355	-0.14688174	0.1147779	-0.08461872	0.10888924	-0.104204066	0.109852545	-0.10792684	0.068907864	-0.08300474	0.0845794	-0.07185559	0.07547909	-0.07043284	0.0669844	-0.07350206	0.0481829	-0.048505906
0.05145889	-0.21555972	0.2466552	-0.3348028	0.2286208	-0.04977048	0.24735762	-0.7039775	0.9999997	-0.39724752	0.13909854	-0.1381477	0.2137673	-0.2289316	0.18720864	-0.10096179	0.15526871	-0.15406595	0.16424286	-0.13698113	0.087536305	-0.117264904	0.11063673	-0.12341985	0.11909534	-0.07338363	0.08853499	-0.0917617	0.078260444	-0.0834817	0.07471988	-0.072232805	0.07898096	-0.052634828	0.05278016
-0.048482884	0.16014147	-0.23053889	0.30536696	-0.71393406	0.04510974	-0.22108349	0.22800605	-0.39724752	0.9999998	-0.13288265	0.12001819	-0.19085704	0.17285293	-0.26202708	0.091413304	-0.14759159	0.13211317	-0.16327372	0.1455371	-0.081528224	0.10585239	-0.10333155	0.11738736	-0.12266032	0.0673404	-0.082615495	0.08457463	-0.07453893	0.07852926	-0.06995339	0.06658427	-0.07432493	0.04911794	-0.049824603
0.110736646	-0.17095084	0.14337349	-0.17636205	0.104661584	-0.124978855	0.22187261	-0.15064414	0.13909854	-0.13288265	0.9999996	-0.74271905	0.19605863	-0.122117475	0.13099943	-0.3170154	0.2836166	-0.20729056	0.12473887	-0.104171164	0.19144177	-0.19167267	0.15501845	-0.1421747	0.12823224	-0.13154222	0.14035465	-0.13229614	0.104215614	-0.10824538	0.12331064	-0.11296472	0.115778714	-0.07338588	0.072483085
-0.0934253	0.1680441	-0.14522187	0.1557602	-0.0958829	0.090534754	-0.31691104	0.14940652	-0.1381477	0.12001819	-0.74271905	0.9999994	-0.21058728	0.116788395	-0.1231328	0.20258008	-0.42844626	0.20166603	-0.117945574	0.0955279	-0.15999055	0.15803167	-0.14079998	0.12337162	-0.114365146	0.10617314	-0.11952448	0.11251518	-0.08999478	0.09178294	-0.10487518	0.09400934	-0.09948807	0.062015805	-0.06200571
0.05711262	-0.15241857	0.1658273	-0.21299179	0.14216688	-0.054935005	0.19297138	-0.25160998	0.2137673	-0.19085704	0.19605863	-0.21058728	0.99999976	-0.4322029	0.2505013	-0.17666677	0.28114125	-0.55098444	0.24961561	-0.20512743	0.15096979	-0.23199289	0.23112631	-0.22262599	0.19299208	-0.1303367	0.15948778	-0.17436299	0.13810524	-0.14761908	0.129582	-0.13026965	0.14036432	-0.093342796	0.0921258
-0.037278857	0.10534577	-0.12327468	0.15836506	-0.1278211	0.03544036	-0.13691358	0.16886802	-0.2289316	0.17285293	-0.122117475	0.116788395	-0.4322029	0.99999994	-0.5440667	0.105176866	-0.16692013	0.20412184	-0.5812514	0.2938257	-0.09311936	0.13749932	-0.14019373	0.17545658	-0.18444741	0.08088659	-0.10062748	0.1094938	-0.096752286	0.10674818	-0.08231537	0.082194164	-0.09124266	0.06299307	-0.06317057
0.04094394	-0.11437225	0.13280134	-0.19140124	0.15939346	-0.038885973	0.14460176	-0.16167149	0.18720864	-0.26202708	0.13099943	-0.1231328	0.2505013	-0.5440667	1.0	-0.11930058	0.17104527	-0.19997928	0.32836857	-0.5751084	0.10527729	-0.16152374	0.1564799	-0.23817965	0.23190221	-0.09417665	0.11682809	-0.13026178	0.11776584	-0.13619564	0.095313296	-0.09713931	0.10687345	-0.07690886	0.076426014
-0.05384849	0.09212068	-0.09371422	0.11072529	-0.07353746	0.051601827	-0.12960601	0.09769967	-0.10096179	0.091413304	-0.3170154	0.20258008	-0.17666677	0.105176866	-0.11930058	0.99999976	-0.31866825	0.18721035	-0.116781816	0.096537165	-0.7473212	0.24507529	-0.19613016	0.1459182	-0.13896024	0.23250619	-0.2273709	0.16379565	-0.12524338	0.120593324	-0.22933282	0.16103625	-0.16355343	0.08926371	-0.09035534
0.06818059	-0.14965719	0.1449324	-0.1834383	0.11569191	-0.06690977	0.19703242	-0.1585895	0.15526871	-0.14759159	0.2836166	-0.42844626	0.28114125	-0.16692013	0.17104527	-0.31866825	0.9999994	-0.5285655	0.16761118	-0.14017236	0.21489073	-0.29155195	0.24536781	-0.20625205	0.17618696	-0.16570912	0.1883324	-0.19025312	0.14363837	-0.14930926	0.15592058	-0.15138452	0.15636344	-0.09971235	0.09782235
-0.051766455	0.115811735	-0.12617205	0.14961016	-0.10465576	0.049262658	-0.16003852	0.14965355	-0.15406595	0.13211317	-0.20729056	0.20166603	-0.55098444	0.20412184	-0.19997928	0.18721035	-0.5285655	0.99999905	-0.20902188	0.15629569	-0.17123617	0.2506273	-0.41974664	0.21332654	-0.19371122	0.13726954	-0.17891997	0.18919268	-0.14577056	0.14190783	-0.14020497	0.13535301	-0.15476198	0.09387179	-0.09466662
0.038113456	-0.102653354	0.11604893	-0.1601489	0.1171393	-0.036278848	0.13000426	-0.14688174	0.16424286	-0.16327372	0.12473887	-0.117945574	0.24961561	-0.5812514	0.32836857	-0.116781816	0.16761118	-0.20902188	0.99999875	-0.59129375	0.103008956	-0.16049582	0.1572308	-0.24356969	0.23339397	-0.09255495	0.11513624	-0.12952358	0.11719179	-0.13609768	0.09344785	-0.095533	0.105428234	-0.0761758	0.07568309
-0.031537313	0.08318024	-0.097428665	0.12851803	-0.109295465	0.029836426	-0.10900574	0.1147779	-0.13698113	0.1455371	-0.104171164	0.0955279	-0.20512743	0.2938257	-0.5751084	0.096537165	-0.14017236	0.15629569	-0.59129375	0.99999845	-0.08736516	0.13490666	-0.14103565	0.23410614	-0.40444627	0.078839384	-0.100385755	0.113223895	-0.11311947	0.13026153	-0.08106947	0.082409635	-0.0938761	0.068931244	-0.07066126
0.041026097	-0.078692205	0.0804626	-0.09899921	0.06506732	-0.03980788	0.10639907	-0.08461872	0.087536305	-0.081528224	0.19144177	-0.15999055	0.15096979	-0.09311936	0.10527729	-0.7473212	0.21489073	-0.17123617	0.103008956	-0.08736516	0.99999845	-0.34879875	0.19044751	-0.14397697	0.12752032	-0.37225604	0.23296338	-0.16873726	0.119513154	-0.11871174	0.22163033	-0.1733053	0.1552157	-0.087303855	0.08532974
-0.046433304	0.093134254	-0.10165121	0.12092781	-0.08530161	0.04376315	-0.12966035	0.10888924	-0.117264904	0.10585239	-0.19167267	0.15803167	-0.23199289	0.13749932	-0.16152374	0.24507529	-0.29155195	0.2506273	-0.16049582	0.13490666	-0.34879875	0.99999833	-0.55918396	0.2370638	-0.22457854	0.2396337	-0.45926115	0.26776403	-0.19495979	0.17697316	-0.2364406	0.21994331	-0.23974667	0.12738927	-0.12965004
0.040255938	-0.08688177	0.094501846	-0.11739822	0.0815124	-0.038272448	0.11756198	-0.104204066	0.11063673	-0.10333155	0.15501845	-0.14079998	0.23112631	-0.14019373	0.1564799	-0.19613016	0.24536781	-0.41974664	0.1572308	-0.14103565	0.19044751	-0.55918396	0.9999985	-0.41638297	0.23858285	-0.17593768	0.2480813	-0.3821225	0.19873595	-0.18992984	0.17053334	-0.18565106	0.2104288	-0.123512685	0.1204692
-0.03925961	0.08819881	-0.10004355	0.12300065	-0.09292384	0.036882978	-0.120725356	0.109852545	-0.12341985	0.11738736	-0.1421747	0.12337162	-0.22262599	0.17545658	-0.23817965	0.1459182	-0.20625205	0.21332654	-0.24356969	0.23410614	-0.14397697	0.2370638	-0.41638297	0.99999845	-0.6932921	0.13276966	-0.18621919	0.21306811	-0.25102773	0.22298205	-0.1416761	0.14251615	-0.1759368	0.12248491	-0.12955885
0.036816355	-0.08671273	0.09713386	-0.12790857	0.09274994	-0.034852624	0.11430979	-0.10792684	0.11909534	-0.12266032	0.12823224	-0.114365146	0.19299208	-0.18444741	0.23190221	-0.13896024	0.17618696	-0.19371122	0.23339397	-0.40444627	0.12752032	-0.22457854	0.23858285	-0.6932921	0.9999988	-0.122217394	0.15948367	-0.19644582	0.21257073	-0.30106995	0.12471555	-0.13301302	0.1533338	-0.12426858	0.12678996
-0.031154448	0.061027866	-0.065568104	0.07905183	-0.05403824	0.029526014	-0.08423238	0.068907864	-0.07338363	0.0673404	-0.13154222	0.10617314	-0.1303367	0.08088659	-0.09417665	0.23250619	-0.16570912	0.13726954	-0.09255495	0.078839384	-0.37225604	0.2396337	-0.17593768	0.13276966	-0.122217394	0.99999845	-0.49846706	0.20947589	-0.13877763	0.13234432	-0.6548412	0.2793626	-0.22685155	0.10753956	-0.104953505
0.035311487	-0.07223381	0.078139976	-0.09604493	0.06582859	-0.03352349	0.09846021	-0.08300474	0.08853499	-0.082615495	0.14035465	-0.11952448	0.15948778	-0.10062748	0.11682809	-0.2273709	0.1883324	-0.17891997	0.11513624	-0.100385755	0.23296338	-0.45926115	0.2480813	-0.18621919	0.15948367	-0.49846706	0.9999984	-0.39949867	0.19311859	-0.19299555	0.30278912	-0.43545628	0.27480996	-0.1453077	0.1336583
-0.034236033	0.07144711	-0.0788508	0.095436096	-0.06769673	0.03226846	-0.098463826	0.0845794	-0.0917617	0.08457463	-0.13229614	0.11251518	-0.17436299	0.1094938	-0.13026178	0.16379565	-0.19025312	0.18919268	-0.12952358	0.113223895	-0.16873726	0.26776403	-0.3821225	0.21306811	-0.19644582	0.20947589	-0.39949867	0.99999845	-0.43634513	0.26023945	-0.24038568	0.27044353	-0.5301355	0.19711861	-0.19647883
0.028163733	-0.060404077	0.06696522	-0.08303621	0.058861073	-0.026565524	0.08218145	-0.07185559	0.078260444	-0.07453893	0.104215614	-0.08999478	0.13810524	-0.096752286	0.11776584	-0.12524338	0.14363837	-0.14577056	0.11719179	-0.11311947	0.119513154	-0.19495979	0.19873595	-0.25102773	0.21257073	-0.13877763	0.19311859	-0.43634513	0.9999984	-0.7241825	0.14723109	-0.17569305	0.23320779	-0.28340173	0.23756665
-0.02915862	0.06261083	-0.070209295	0.08562314	-0.062463403	0.027379861	-0.08611187	0.07547909	-0.0834817	0.07852926	-0.10824538	0.09178294	-0.14761908	0.10674818	-0.13619564	0.120593324	-0.14930926	0.14190783	-0.13609768	0.13026153	-0.11871174	0.17697316	-0.18992984	0.22298205	-0.30106995	0.13234432	-0.19299555	0.26023945	-0.7241825	0.9999985	-0.15349871	0.16371852	-0.2418856	0.25174126	-0.37549636
0.030760946	-0.062260125	0.06684002	-0.08245617	0.055752844	-0.029292231	0.08457136	-0.07043284	0.07471988	-0.06995339	0.12331064	-0.10487518	0.129582	-0.08231537	0.095313296	-0.22933282	0.15592058	-0.14020497	0.09344785	-0.08106947	0.22163033	-0.2364406	0.17053334	-0.1416761	0.12471555	-0.6548412	0.30278912	-0.24038568	0.14723109	-0.15349871	0.9999984	-0.5360535	0.24850735	-0.12730552	0.114154115
-0.02848092	0.05786482	-0.06327086	0.07653267	-0.053404387	0.026886962	-0.07975064	0.0669844	-0.072232805	0.06658427	-0.11296472	0.09400934	-0.13026965	0.082194164	-0.09713931	0.16103625	-0.15138452	0.13535301	-0.095533	0.082409635	-0.1733053	0.21994331	-0.18565106	0.14251615	-0.13301302	0.2793626	-0.43545628	0.27044353	-0.17569305	0.16371852	-0.5360535	0.9999984	-0.57793665	0.16299053	-0.15752804
0.030342873	-0.06322238	0.069159254	-0.08532058	0.05903467	-0.028715929	0.08608792	-0.07350206	0.07898096	-0.07432493	0.115778714	-0.09948807	0.14036432	-0.09124266	0.10687345	-0.16355343	0.15636344	-0.15476198	0.105428234	-0.0938761	0.1552157	-0.23974667	0.2104288	-0.1759368	0.1533338	-0.22685155	0.27480996	-0.5301355	0.23320779	-0.2418856	0.24850735	-0.57793665	0.9999983	-0.316817	0.21473268
-0.019465812	0.040781286	-0.045286614	0.05505565	-0.039206184	0.018307664	-0.05611543	0.0481829	-0.052634828	0.04911794	-0.07338588	0.062015805	-0.093342796	0.06299307	-0.07690886	0.08926371	-0.09971235	0.09387179	-0.0761758	0.068931244	-0.087303855	0.12738927	-0.123512685	0.12248491	-0.12426858	0.10753956	-0.1453077	0.19711861	-0.28340173	0.25174126	-0.12730552	0.16299053	-0.316817	0.9999982	-0.8412169
0.019504597	-0.041157003	0.045603514	-0.056045376	0.039552193	-0.018375345	0.056258395	-0.048505906	0.05278016	-0.049824603	0.072483085	-0.06200571	0.0921258	-0.06317057	0.076426014	-0.09035534	0.09782235	-0.09466662	0.07568309	-0.07066126	0.08532974	-0.12965004	0.1204692	-0.12955885	0.12678996	-0.104953505	0.1336583	-0.19647883	0.23756665	-0.37549636	0.114154115	-0.15752804	0.21473268	-0.8412169	0.9999982
