1.0000001	-0.6524956	0.3219191	-0.24782567	0.115704834	-0.26737672	0.27323803	-0.25719735	0.16960539	-0.1068916	0.17755722	-0.2446087	0.19682908	-0.1318965	0.11689949	-0.19556269	0.17862159	-0.179817	0.118763365	-0.11215528	0.16106337	-0.12976973	0.16331542	-0.10380132	0.11296915	-0.027977483	0.0294204	-0.25952652	0.104653165	-0.06814831	0.026052346	-0.027961371	0.13509648	-0.2520394	0.12722713
-0.6524956	1.0000002	-0.5455681	0.17826056	-0.08550835	0.19798322	-0.40006047	0.20048916	-0.13081093	0.077455066	-0.142382	0.20758389	-0.15756957	0.09485438	-0.085323155	0.14598379	-0.14713338	0.13333978	-0.08327174	0.07695693	-0.11943956	0.09445641	-0.12106435	0.06751264	-0.06742395	0.019234665	-0.020180536	0.14989407	-0.0686371	0.040791407	-0.017666703	0.018834118	-0.07845699	0.14403212	-0.074827775
0.3219191	-0.5455681	1.0000004	-0.3674065	0.14494081	-0.23081443	0.26058036	-0.38022545	0.22620751	-0.13382141	0.1667925	-0.23306017	0.23194538	-0.1534513	0.1355684	-0.18629296	0.17800644	-0.19521789	0.13036235	-0.12293307	0.16631919	-0.13410687	0.17382501	-0.10759909	0.11247132	-0.028493866	0.029973209	-0.25434884	0.108826615	-0.06797491	0.02648082	-0.028361447	0.13262405	-0.24589688	0.12565188
-0.24782567	0.17826056	-0.3674065	1.0000002	-0.35376844	0.14413501	-0.18177544	0.28293523	-0.67634237	0.25512028	-0.12325415	0.15501325	-0.23852028	0.19473258	-0.19382872	0.13256966	-0.14055482	0.16329631	-0.14700069	0.12863576	-0.14888474	0.11161084	-0.1600712	0.08959473	-0.07646792	0.022548186	-0.023618333	0.14619893	-0.09514115	0.046453718	-0.02076697	0.021737073	-0.07804207	0.13704962	-0.080500655
0.115704834	-0.08550835	0.14494081	-0.35376844	1.0000002	-0.08364562	0.09533734	-0.18372026	0.26708496	-0.8559133	0.069355056	-0.08927698	0.13410556	-0.15932512	0.14946103	-0.07806949	0.079994366	-0.10075204	0.097129144	-0.09953405	0.08337314	-0.0658864	0.09111747	-0.05937043	0.0513773	-0.013564402	0.014250114	-0.10340237	0.060790516	-0.031452637	0.012550104	-0.013307381	0.054490495	-0.0975126	0.054208554
-0.26737672	0.19798322	-0.23081443	0.14413501	-0.08364562	1.0000001	-0.44955757	0.18501589	-0.12279207	0.07453089	-0.6897367	0.27126014	-0.18934637	0.10225306	-0.09450651	0.28293815	-0.2716502	0.17924847	-0.09663697	0.08539153	-0.20466152	0.14287008	-0.18046315	0.075574726	-0.06348384	0.027071724	-0.028110119	0.13196743	-0.0779726	0.03861882	-0.024207918	0.0252088	-0.07019071	0.12311421	-0.06857581
0.27323803	-0.40006047	0.26058036	-0.18177544	0.09533734	-0.44955757	1.0000005	-0.27232274	0.14733692	-0.08825351	0.2564547	-0.5800563	0.22031474	-0.11962939	0.105495416	-0.26427653	0.25919953	-0.20026983	0.104233965	-0.09569173	0.17249793	-0.13999301	0.16981004	-0.08188356	0.0733442	-0.026155734	0.027352955	-0.15980442	0.08279693	-0.044607576	0.02345236	-0.02502657	0.08396531	-0.15098715	0.080198325
-0.25719735	0.20048916	-0.38022545	0.28293523	-0.18372026	0.18501589	-0.27232274	1.0000005	-0.43109605	0.16713834	-0.16181798	0.22135936	-0.57855076	0.20605232	-0.19042777	0.1751909	-0.19867699	0.24604045	-0.1546882	0.13616781	-0.19434384	0.14872192	-0.22697781	0.10146036	-0.08123375	0.028191436	-0.029595977	0.16255476	-0.10567009	0.04956183	-0.02552392	0.02679376	-0.08655841	0.15101847	-0.085871644
0.16960539	-0.13081093	0.22620751	-0.67634237	0.26708496	-0.12279207	0.14733692	-0.43109605	1.0000004	-0.3750711	0.10217101	-0.13606541	0.22432162	-0.25275013	0.1889052	-0.11440304	0.11969986	-0.15309644	0.13080516	-0.12497263	0.12131023	-0.09583811	0.1346934	-0.079485945	0.06633612	-0.019099478	0.02005459	-0.13319077	0.08181969	-0.040584303	0.017527455	-0.018548898	0.070353694	-0.12483872	0.069907226
-0.1068916	0.077455066	-0.13382141	0.25512028	-0.8559133	0.07453089	-0.08825351	0.16713834	-0.3750711	1.0000004	-0.0632093	0.08113918	-0.13221093	0.1562674	-0.17890573	0.070337646	-0.07380894	0.09251305	-0.09688278	0.09501776	-0.07744676	0.060226645	-0.08549125	0.053931087	-0.0444395	0.012173286	-0.012780474	0.085531935	-0.056138445	0.027188191	-0.011216909	0.011836056	-0.045386154	0.08006458	-0.046071578
0.17755722	-0.142382	0.1667925	-0.12325415	0.069355056	-0.6897367	0.2564547	-0.16181798	0.10217101	-0.0632093	1.0000004	-0.30894747	0.16316013	-0.08984891	0.08059393	-0.528429	0.2605141	-0.17340837	0.0838185	-0.0758854	0.18531755	-0.14222352	0.15631635	-0.06739007	0.056344204	-0.025383737	0.026286913	-0.12178288	0.06798233	-0.034368627	0.022234686	-0.023622625	0.06419219	-0.11346108	0.061153043
-0.2446087	0.20758389	-0.23306017	0.15501325	-0.08927698	0.27126014	-0.5800563	0.22135936	-0.13606541	0.08113918	-0.30894747	1.0000004	-0.2990858	0.12178982	-0.1098012	0.27775395	-0.5365787	0.2319295	-0.10804043	0.09562986	-0.19503172	0.1518461	-0.19824316	0.08019959	-0.06462934	0.026987888	-0.028267963	0.13600369	-0.081686914	0.0394516	-0.023900528	0.025278952	-0.07205697	0.1264041	-0.069442086
0.19682908	-0.15756957	0.23194538	-0.23852028	0.13410556	-0.18934637	0.22031474	-0.57855076	0.22432162	-0.13221093	0.16316013	-0.2990858	1.0000002	-0.29901013	0.20008233	-0.19994165	0.2272055	-0.48360083	0.16598965	-0.15827908	0.19147319	-0.1730096	0.24471731	-0.11088492	0.08308351	-0.029935429	0.031583447	-0.17617641	0.10929007	-0.051165406	0.026632274	-0.02864904	0.09232651	-0.16193953	0.08783103
-0.1318965	0.09485438	-0.1534513	0.19473258	-0.15932512	0.10225306	-0.11962939	0.20605232	-0.25275013	0.1562674	-0.08984891	0.12178982	-0.29901013	1.0000005	-0.7933173	0.103186354	-0.11390919	0.1631439	-0.28339055	0.24371958	-0.11562765	0.09322158	-0.13860968	0.105671324	-0.06890826	0.017848978	-0.018802688	0.116780385	-0.1123808	0.042640924	-0.016255492	0.017214332	-0.062730156	0.10587701	-0.065543406
0.11689949	-0.085323155	0.1355684	-0.19382872	0.14946103	-0.09450651	0.105495416	-0.19042777	0.1889052	-0.17890573	0.08059393	-0.1098012	0.20008233	-0.7933173	1.0000005	-0.09451654	0.10013311	-0.14813125	0.24723464	-0.38908806	0.1015494	-0.084390156	0.11948617	-0.1008705	0.067657046	-0.016383894	0.0172649	-0.117054775	0.10102444	-0.04248467	0.0149692865	-0.015958598	0.062082358	-0.106640644	0.06377513
-0.19556269	0.14598379	-0.18629296	0.13256966	-0.07806949	0.28293815	-0.26427653	0.1751909	-0.11440304	0.070337646	-0.528429	0.27775395	-0.19994165	0.103186354	-0.09451654	1.0000005	-0.5787073	0.22852631	-0.101426646	0.088874824	-0.34593433	0.20361398	-0.22891667	0.080645606	-0.061311312	0.034846343	-0.03590296	0.12903927	-0.08201996	0.03750637	-0.029820427	0.031075073	-0.06870226	0.11835759	-0.06569173
0.17862159	-0.14713338	0.17800644	-0.14055482	0.079994366	-0.2716502	0.25919953	-0.19867699	0.11969986	-0.07380894	0.2605141	-0.5365787	0.2272055	-0.11390919	0.10013311	-0.5787073	1.0000005	-0.37607527	0.108633235	-0.09756172	0.2243846	-0.203847	0.22479501	-0.083578564	0.06294208	-0.031138945	0.03269179	-0.1353789	0.08279619	-0.038610127	0.026708538	-0.02883526	0.071405195	-0.12423034	0.067471564
-0.179817	0.13333978	-0.19521789	0.16329631	-0.10075204	0.17924847	-0.20026983	0.24604045	-0.15309644	0.09251305	-0.17340837	0.2319295	-0.48360083	0.1631439	-0.14813125	0.22852631	-0.37607527	1.0000004	-0.19140096	0.14781412	-0.28201076	0.24262305	-0.58366114	0.12364648	-0.07479349	0.03735756	-0.039848864	0.1539875	-0.12237926	0.046284325	-0.032274634	0.03436465	-0.08235645	0.1365924	-0.07759498
0.118763365	-0.08327174	0.13036235	-0.14700069	0.097129144	-0.09663697	0.104233965	-0.1546882	0.13080516	-0.09688278	0.0838185	-0.10804043	0.16598965	-0.28339055	0.24723464	-0.101426646	0.108633235	-0.19140096	1.0000006	-0.81385905	0.11500502	-0.09847604	0.1456209	-0.2552019	0.09487109	-0.018819097	0.019925596	-0.14402759	0.19109835	-0.062254354	0.017183574	-0.01839518	0.07669656	-0.12509704	0.081078276
-0.11215528	0.07695693	-0.12293307	0.12863576	-0.09953405	0.08539153	-0.09569173	0.13616781	-0.12497263	0.09501776	-0.0758854	0.09562986	-0.15827908	0.24371958	-0.38908806	0.088874824	-0.09756172	0.14781412	-0.81385905	1.0000005	-0.10678505	0.086417496	-0.13269585	0.17154697	-0.09815351	0.016746439	-0.017708022	0.11960475	-0.18502074	0.060075153	-0.015339123	0.016256912	-0.0657613	0.10448945	-0.07562265
0.16106337	-0.11943956	0.16631919	-0.14888474	0.08337314	-0.20466152	0.17249793	-0.19434384	0.12131023	-0.07744676	0.18531755	-0.19503172	0.19147319	-0.11562765	0.1015494	-0.34593433	0.2243846	-0.28201076	0.11500502	-0.10678505	1.0000005	-0.7210868	0.2956918	-0.10735658	0.07822777	-0.08536857	0.0831778	-0.18118429	0.10218531	-0.048164725	0.06333077	-0.06949668	0.094566785	-0.16355741	0.08483871
-0.12976973	0.09445641	-0.13410687	0.11161084	-0.0658864	0.14287008	-0.13999301	0.14872192	-0.09583811	0.060226645	-0.14222352	0.1518461	-0.1730096	0.09322158	-0.084390156	0.20361398	-0.203847	0.24262305	-0.09847604	0.086417496	-0.7210868	1.0000001	-0.53775674	0.09612581	-0.05828997	0.07528885	-0.09072155	0.12834537	-0.09477415	0.036035202	-0.058007933	0.06560593	-0.068983674	0.11275176	-0.061947074
0.16331542	-0.12106435	0.17382501	-0.1600712	0.09111747	-0.18046315	0.16981004	-0.22697781	0.1346934	-0.08549125	0.15631635	-0.19824316	0.24471731	-0.13860968	0.11948617	-0.22891667	0.22479501	-0.58366114	0.1456209	-0.13269585	0.2956918	-0.53775674	1.0000001	-0.16973855	0.08294434	-0.050725356	0.055433977	-0.1954283	0.14259422	-0.05176199	0.0411773	-0.047345117	0.10022451	-0.16431233	0.08788951
-0.10380132	0.06751264	-0.10759909	0.08959473	-0.05937043	0.075574726	-0.08188356	0.10146036	-0.079485945	0.053931087	-0.06739007	0.08019959	-0.11088492	0.105671324	-0.1008705	0.080645606	-0.083578564	0.12364648	-0.2552019	0.17154697	-0.10735658	0.09612581	-0.16973855	0.9999999	-0.104251176	0.0180772	-0.019437762	0.16361904	-0.8947646	0.07126645	-0.016642334	0.01789897	-0.09653866	0.1213616	-0.0907211
0.11296915	-0.06742395	0.11247132	-0.07646792	0.0513773	-0.06348384	0.0733442	-0.08123375	0.06633612	-0.0444395	0.056344204	-0.06462934	0.08308351	-0.06890826	0.067657046	-0.061311312	0.06294208	-0.07479349	0.09487109	-0.09815351	0.07822777	-0.05828997	0.08294434	-0.104251176	0.9999998	-0.014822918	0.015854113	-0.2031279	0.103637755	-0.71798855	0.014437427	-0.015430687	0.109806396	-0.20750967	0.32929736
-0.027977483	0.019234665	-0.028493866	0.022548186	-0.013564402	0.027071724	-0.026155734	0.028191436	-0.019099478	0.012173286	-0.025383737	0.026987888	-0.029935429	0.017848978	-0.016383894	0.034846343	-0.031138945	0.03735756	-0.018819097	0.016746439	-0.08536857	0.07528885	-0.050725356	0.0180772	-0.014822918	0.99999994	-0.6999404	0.03915654	-0.018615374	0.009009568	-0.6240569	0.3315704	-0.026214678	0.031842407	-0.016320597
0.0294204	-0.020180536	0.029973209	-0.023618333	0.014250114	-0.028110119	0.027352955	-0.029595977	0.02005459	-0.012780474	0.026286913	-0.028267963	0.031583447	-0.018802688	0.0172649	-0.03590296	0.03269179	-0.039848864	0.019925596	-0.017708022	0.0831778	-0.09072155	0.055433977	-0.019437762	0.015854113	-0.6999404	0.99999976	-0.044500846	0.020048397	-0.009636545	0.33111498	-0.6219293	0.030372575	-0.034995005	0.017484667
-0.25952652	0.14989407	-0.25434884	0.14619893	-0.10340237	0.13196743	-0.15980442	0.16255476	-0.13319077	0.085531935	-0.12178288	0.13600369	-0.17617641	0.116780385	-0.117054775	0.12903927	-0.1353789	0.1539875	-0.14402759	0.11960475	-0.18118429	0.12834537	-0.1954283	0.16361904	-0.2031279	0.03915654	-0.044500846	0.9999997	-0.22081958	0.118934445	-0.039700028	0.042983647	-0.6414573	0.32996777	-0.23382345
0.104653165	-0.0686371	0.108826615	-0.09514115	0.060790516	-0.0779726	0.08279693	-0.10567009	0.08181969	-0.056138445	0.06798233	-0.081686914	0.10929007	-0.1123808	0.10102444	-0.08201996	0.08279619	-0.12237926	0.19109835	-0.18502074	0.10218531	-0.09477415	0.14259422	-0.8947646	0.103637755	-0.018615374	0.020048397	-0.22081958	0.99999964	-0.07836894	0.017214365	-0.018726785	0.11070752	-0.14779499	0.09507605
-0.06814831	0.040791407	-0.06797491	0.046453718	-0.031452637	0.03861882	-0.044607576	0.04956183	-0.040584303	0.027188191	-0.034368627	0.0394516	-0.051165406	0.042640924	-0.04248467	0.03750637	-0.038610127	0.046284325	-0.062254354	0.060075153	-0.048164725	0.036035202	-0.05176199	0.07126645	-0.71798855	0.009009568	-0.009636545	0.118934445	-0.07836894	0.99999976	-0.008765479	0.009356947	-0.06658068	0.12315129	-0.6085878
0.026052346	-0.017666703	0.02648082	-0.02076697	0.012550104	-0.024207918	0.02345236	-0.02552392	0.017527455	-0.011216909	0.022234686	-0.023900528	0.026632274	-0.016255492	0.0149692865	-0.029820427	0.026708538	-0.032274634	0.017183574	-0.015339123	0.06333077	-0.058007933	0.0411773	-0.016642334	0.014437427	-0.6240569	0.33111498	-0.039700028	0.017214365	-0.008765479	1.0000001	-0.7042371	0.029408386	-0.03412058	0.01602344
-0.027961371	0.018834118	-0.028361447	0.021737073	-0.013307381	0.0252088	-0.02502657	0.02679376	-0.018548898	0.011836056	-0.023622625	0.025278952	-0.02864904	0.017214332	-0.015958598	0.031075073	-0.02883526	0.03436465	-0.01839518	0.016256912	-0.06949668	0.06560593	-0.047345117	0.01789897	-0.015430687	0.3315704	-0.6219293	0.042983647	-0.018726785	0.009356947	-0.7042371	1.0	-0.034108408	0.036248114	-0.017123869
0.13509648	-0.07845699	0.13262405	-0.07804207	0.054490495	-0.07019071	0.08396531	-0.08655841	0.070353694	-0.045386154	0.06419219	-0.07205697	0.09232651	-0.062730156	0.062082358	-0.06870226	0.071405195	-0.08235645	0.07669656	-0.0657613	0.094566785	-0.068983674	0.10022451	-0.09653866	0.109806396	-0.026214678	0.030372575	-0.6414573	0.11070752	-0.06658068	0.029408386	-0.034108408	1.0000001	-0.6857475	0.12980337
-0.2520394	0.14403212	-0.24589688	0.13704962	-0.0975126	0.12311421	-0.15098715	0.15101847	-0.12483872	0.08006458	-0.11346108	0.1264041	-0.16193953	0.10587701	-0.106640644	0.11835759	-0.12423034	0.1365924	-0.12509704	0.10448945	-0.16355741	0.11275176	-0.16431233	0.1213616	-0.20750967	0.031842407	-0.034995005	0.32996777	-0.14779499	0.12315129	-0.03412058	0.036248114	-0.6857475	1.0000001	-0.25276896
0.12722713	-0.074827775	0.12565188	-0.080500655	0.054208554	-0.06857581	0.080198325	-0.085871644	0.069907226	-0.046071578	0.061153043	-0.069442086	0.08783103	-0.065543406	0.06377513	-0.06569173	0.067471564	-0.07759498	0.081078276	-0.07562265	0.08483871	-0.061947074	0.08788951	-0.0907211	0.32929736	-0.016320597	0.017484667	-0.23382345	0.09507605	-0.6085878	0.01602344	-0.017123869	0.12980337	-0.25276896	1.0000001
