0.9999999	-0.49976414	0.23740269	-0.16668652	0.17616102	-0.65212166	0.30984935	-0.22725266	0.20520236	-0.1093581	0.23719038	-0.2109672	0.19946675	-0.15815103	0.12583493	-0.20607948	0.15780154	-0.16636015	0.13186342	-0.10556456	0.120674536	-0.16532509	0.14486519	-0.09873515	0.09102583	-0.13011912	0.13400246	-0.11756486	0.08970247	-0.11177635	0.14270295	-0.097666495	0.09967463	-0.15090132	0.090854555
-0.49976414	0.9999999	-0.43038997	0.20366673	-0.20482767	0.29763743	-0.60751885	0.25538394	-0.24196213	0.115667365	-0.19457668	0.17434287	-0.20356981	0.14571376	-0.13014275	0.15399098	-0.13220574	0.14855756	-0.12472187	0.09360815	-0.09946911	0.13310629	-0.12845732	0.08297692	-0.08134481	0.10447949	-0.11577329	0.10039159	-0.07632804	0.09327631	-0.11957941	0.08137833	-0.083849534	0.12329903	-0.07666714
0.23740269	-0.43038997	0.9999999	-0.56752074	0.29064807	-0.22110206	0.2543433	-0.34348536	0.29267794	-0.17722714	0.17399733	-0.17164429	0.21434255	-0.19514684	0.1738509	-0.16966134	0.14021963	-0.18257499	0.15345755	-0.12955031	0.11882503	-0.16206232	0.15451226	-0.10993247	0.108758874	-0.13270576	0.14274381	-0.12635426	0.09943519	-0.12954403	0.15007798	-0.105535895	0.108342275	-0.16973126	0.10381753
-0.16668652	0.20366673	-0.56752074	0.9999995	-0.59898067	0.1464289	-0.17570259	0.22786216	-0.41025847	0.19769895	-0.12656567	0.12214875	-0.16453633	0.16248527	-0.19578153	0.120540336	-0.10210042	0.13739988	-0.12801826	0.10531107	-0.08667194	0.116829924	-0.117273904	0.0816999	-0.0891169	0.09572932	-0.106907256	0.093893856	-0.074537784	0.097194985	-0.11043909	0.077646844	-0.0802366	0.124162346	-0.07854438
0.17616102	-0.20482767	0.29064807	-0.59898067	0.9999996	-0.16359068	0.17078476	-0.2199463	0.27258462	-0.41338256	0.14513491	-0.14029853	0.17568636	-0.18782142	0.26469553	-0.14852433	0.122592084	-0.16242066	0.14537019	-0.14907204	0.111135714	-0.14937894	0.14425537	-0.11000985	0.120767124	-0.12658373	0.13749726	-0.11995838	0.099585734	-0.13774937	0.14688653	-0.10420381	0.107662536	-0.17430404	0.10885528
-0.65212166	0.29763743	-0.22110206	0.1464289	-0.16359068	0.99999964	-0.48129007	0.2245078	-0.20760226	0.098272815	-0.38724875	0.22556561	-0.21719128	0.14084126	-0.11505593	0.19462708	-0.16283695	0.15486795	-0.1238946	0.0901962	-0.11132601	0.14735188	-0.13570067	0.084291086	-0.07918526	0.111812115	-0.12198768	0.104838796	-0.07791398	0.09224206	-0.12716997	0.08442074	-0.086817406	0.123762295	-0.07651277
0.30984935	-0.60751885	0.2543433	-0.17570259	0.17078476	-0.48129007	0.9999993	-0.41893703	0.23517852	-0.10745799	0.22085902	-0.23454535	0.22770308	-0.15579966	0.1188198	-0.17821717	0.1497126	-0.16593483	0.1298426	-0.09518274	0.1064482	-0.1464086	0.13556816	-0.08691212	0.08198861	-0.11140895	0.12012683	-0.106563814	0.0792143	-0.0962773	0.123920865	-0.08487475	0.08688654	-0.12836128	0.07874337
-0.22725266	0.25538394	-0.34348536	0.22786216	-0.2199463	0.2245078	-0.41893703	0.9999994	-0.5404016	0.14124477	-0.21375419	0.21709129	-0.4870285	0.20927681	-0.1538278	0.17534119	-0.16093828	0.22167541	-0.18321177	0.1141839	-0.1170914	0.15905516	-0.17243642	0.10090629	-0.09936024	0.12169967	-0.14207128	0.12703954	-0.09265433	0.10931457	-0.13873255	0.096430734	-0.09940706	0.1434721	-0.090277106
0.20520236	-0.24196213	0.29267794	-0.41025847	0.27258462	-0.20760226	0.23517852	-0.5404016	0.9999995	-0.23025599	0.18433596	-0.18972796	0.26289955	-0.36648393	0.20009354	-0.18282557	0.15487905	-0.23602262	0.22291133	-0.14926195	0.12837474	-0.17724907	0.18100461	-0.12174947	0.124427855	-0.14175308	0.15815426	-0.14470094	0.109699026	-0.13900448	0.15920845	-0.1138502	0.116730146	-0.17975801	0.11194823
-0.1093581	0.115667365	-0.17722714	0.19769895	-0.41338256	0.098272815	-0.10745799	0.14124477	-0.23025599	0.9999993	-0.09149865	0.087454416	-0.11583895	0.124078274	-0.8144092	0.09066548	-0.07669309	0.10471253	-0.10182155	0.13767473	-0.06924576	0.09170438	-0.0938787	0.0714732	-0.11741898	0.07740521	-0.08848233	0.07628322	-0.066217855	0.09480633	-0.092867225	0.0655519	-0.068977594	0.10892635	-0.07769432
0.23719038	-0.19457668	0.17399733	-0.12656567	0.14513491	-0.38724875	0.22085902	-0.21375419	0.18433596	-0.09149865	0.9999991	-0.63022393	0.25995663	-0.16264614	0.10813567	-0.4518693	0.2863896	-0.20552686	0.14073727	-0.09919505	0.15681317	-0.22152519	0.16644415	-0.100032985	0.08635582	-0.14930846	0.14599402	-0.13012652	0.09108369	-0.10499119	0.1552937	-0.101656236	0.10264976	-0.14442842	0.08687035
-0.2109672	0.17434287	-0.17164429	0.12214875	-0.14029853	0.22556561	-0.23454535	0.21709129	-0.18972796	0.087454416	-0.63022393	0.9999992	-0.43937021	0.1543282	-0.10361871	0.29928616	-0.4383171	0.21399444	-0.14447618	0.09222817	-0.1532797	0.20953596	-0.17461531	0.09336611	-0.08135376	0.1346242	-0.14487809	0.12583642	-0.0865196	0.09521463	-0.14885047	0.09539069	-0.09724554	0.13023788	-0.07998774
0.19946675	-0.20356981	0.21434255	-0.16453633	0.17568636	-0.21719128	0.22770308	-0.4870285	0.26289955	-0.11583895	0.25995663	-0.43937021	0.99999934	-0.2515052	0.13218407	-0.24567579	0.22615713	-0.47221562	0.21747503	-0.12829888	0.14967693	-0.2198295	0.23346925	-0.12785015	0.10973957	-0.15543614	0.175876	-0.17465693	0.113801815	-0.12772107	0.1662448	-0.118875384	0.12041527	-0.17253289	0.10494166
-0.15815103	0.14571376	-0.19514684	0.16248527	-0.18782142	0.14084126	-0.15579966	0.20927681	-0.36648393	0.124078274	-0.16264614	0.1543282	-0.2515052	0.9999992	-0.14907075	0.15030803	-0.14332595	0.27233073	-0.75120926	0.16804396	-0.11700841	0.15457611	-0.22017853	0.11638458	-0.15507692	0.12041549	-0.16835777	0.14596581	-0.11097279	0.12373334	-0.14759299	0.10425853	-0.110230215	0.14911872	-0.10705226
0.12583493	-0.13014275	0.1738509	-0.19578153	0.26469553	-0.11505593	0.1188198	-0.1538278	0.20009354	-0.8144092	0.10813567	-0.10361871	0.13218407	-0.14907075	0.9999993	-0.11124551	0.09283266	-0.12651017	0.12065124	-0.2091567	0.086420275	-0.11459568	0.11471605	-0.09241796	0.1463336	-0.098302335	0.1102769	-0.09529516	0.08460804	-0.12728897	0.11766351	-0.08401921	0.08812867	-0.14435448	0.10026678
-0.20607948	0.15399098	-0.16966134	0.120540336	-0.14852433	0.19462708	-0.17821717	0.17534119	-0.18282557	0.09066548	-0.4518693	0.29928616	-0.24567579	0.15030803	-0.11124551	0.9999994	-0.67844665	0.20090345	-0.14621757	0.09827372	-0.2595926	0.27399153	-0.19619013	0.10371101	-0.08865335	0.18103911	-0.17814615	0.14302969	-0.09872047	0.10509834	-0.20732036	0.11711772	-0.11946604	0.14688627	-0.0906035
0.15780154	-0.13220574	0.14021963	-0.10210042	0.122592084	-0.16283695	0.1497126	-0.16093828	0.15487905	-0.07669309	0.2863896	-0.4383171	0.22615713	-0.14332595	0.09283266	-0.67844665	0.9999993	-0.23108104	0.1357621	-0.08815466	0.21213827	-0.41328827	0.1840589	-0.094962254	0.07803625	-0.16860403	0.15553185	-0.1346844	0.087878436	-0.094072185	0.16896728	-0.102427155	0.10275036	-0.13183618	0.07973606
-0.16636015	0.14855756	-0.18257499	0.13739988	-0.16242066	0.15486795	-0.16593483	0.22167541	-0.23602262	0.10471253	-0.20552686	0.21399444	-0.47221562	0.27233073	-0.12651017	0.20090345	-0.23108104	0.9999993	-0.4469543	0.13863018	-0.15077592	0.21137737	-0.51430327	0.14531259	-0.12341763	0.14735179	-0.22889802	0.22220524	-0.13502876	0.12682322	-0.1713188	0.12776329	-0.13334282	0.1684699	-0.10824726
0.13186342	-0.12472187	0.15345755	-0.12801826	0.14537019	-0.1238946	0.1298426	-0.18321177	0.22291133	-0.10182155	0.14073727	-0.14447618	0.21747503	-0.75120926	0.12065124	-0.14621757	0.1357621	-0.4469543	0.9999991	-0.21294458	0.10880064	-0.1521816	0.21101807	-0.11892037	0.15385456	-0.11478274	0.15159458	-0.14974597	0.106515884	-0.1238278	0.13366105	-0.09852459	0.10250225	-0.14595246	0.10256297
-0.10556456	0.09360815	-0.12955031	0.10531107	-0.14907204	0.0901962	-0.09518274	0.1141839	-0.14926195	0.13767473	-0.09919505	0.09222817	-0.12829888	0.16804396	-0.2091567	0.09827372	-0.08815466	0.13863018	-0.21294458	0.9999994	-0.08800966	0.10863709	-0.13553897	0.12667638	-0.8374557	0.09524812	-0.13016084	0.10642749	-0.12882389	0.23025739	-0.13548964	0.09469979	-0.109398715	0.1660817	-0.2096636
0.120674536	-0.09946911	0.11882503	-0.08667194	0.111135714	-0.11132601	0.1064482	-0.1170914	0.12837474	-0.06924576	0.15681317	-0.1532797	0.14967693	-0.11700841	0.086420275	-0.2595926	0.21213827	-0.15077592	0.10880064	-0.08800966	0.9999995	-0.59244287	0.17829481	-0.102835625	0.07857525	-0.6319623	0.17613994	-0.14625457	0.09498666	-0.10691121	0.26689404	-0.1405194	0.12958278	-0.16218254	0.0908935
-0.16532509	0.13310629	-0.16206232	0.116829924	-0.14937894	0.14735188	-0.1464086	0.15905516	-0.17724907	0.09170438	-0.22152519	0.20953596	-0.2198295	0.15457611	-0.11459568	0.27399153	-0.41328827	0.21137737	-0.1521816	0.10863709	-0.59244287	0.9999998	-0.31144354	0.13005108	-0.09900948	0.28284463	-0.27036265	0.20094627	-0.12501091	0.12410404	-0.307303	0.16118956	-0.16075115	0.18094105	-0.108790256
0.14486519	-0.12845732	0.15451226	-0.117273904	0.14425537	-0.13570067	0.13556816	-0.17243642	0.18100461	-0.0938787	0.16644415	-0.17461531	0.23346925	-0.22017853	0.11471605	-0.19619013	0.1840589	-0.51430327	0.21101807	-0.13553897	0.17829481	-0.31144354	0.9999999	-0.24609822	0.11895872	-0.18609393	0.28997585	-0.5369753	0.18885067	-0.15320985	0.19808449	-0.170865	0.1704188	-0.21886705	0.12755117
-0.09873515	0.08297692	-0.10993247	0.0816999	-0.11000985	0.084291086	-0.08691212	0.10090629	-0.12174947	0.0714732	-0.100032985	0.09336611	-0.12785015	0.11638458	-0.09241796	0.10371101	-0.094962254	0.14531259	-0.11892037	0.12667638	-0.102835625	0.13005108	-0.24609822	0.9999997	-0.14274584	0.1095087	-0.18509765	0.17511398	-0.87484974	0.17724283	-0.15434584	0.11691693	-0.13543789	0.19800462	-0.15955149
0.09102583	-0.08134481	0.108758874	-0.0891169	0.120767124	-0.07918526	0.08198861	-0.09936024	0.124427855	-0.11741898	0.08635582	-0.08135376	0.10973957	-0.15507692	0.1463336	-0.08865335	0.07803625	-0.12341763	0.15385456	-0.8374557	0.07857525	-0.09900948	0.11895872	-0.14274584	0.9999997	-0.08727299	0.11525809	-0.09789618	0.13056031	-0.3529436	0.11991719	-0.08929815	0.10105419	-0.17748104	0.20067142
-0.13011912	0.10447949	-0.13270576	0.09572932	-0.12658373	0.111812115	-0.11140895	0.12169967	-0.14175308	0.07740521	-0.14930846	0.1346242	-0.15543614	0.12041549	-0.098302335	0.18103911	-0.16860403	0.14735179	-0.11478274	0.09524812	-0.6319623	0.28284463	-0.18609393	0.1095087	-0.08727299	0.99999964	-0.21716288	0.1564492	-0.10629217	0.11732936	-0.57235116	0.18862705	-0.17893964	0.18215995	-0.104918726
0.13400246	-0.11577329	0.14274381	-0.106907256	0.13749726	-0.12198768	0.12012683	-0.14207128	0.15815426	-0.08848233	0.14599402	-0.14487809	0.175876	-0.16835777	0.1102769	-0.17814615	0.15553185	-0.22889802	0.15159458	-0.13016084	0.17613994	-0.27036265	0.28997585	-0.18509765	0.11525809	-0.21716288	0.99999964	-0.6771683	0.16636355	-0.16933611	0.23774983	-0.35016778	0.24850339	-0.2735301	0.14344127
-0.11756486	0.10039159	-0.12635426	0.093893856	-0.11995838	0.104838796	-0.106563814	0.12703954	-0.14470094	0.07628322	-0.13012652	0.12583642	-0.17465693	0.14596581	-0.09529516	0.14302969	-0.1346844	0.22220524	-0.14974597	0.10642749	-0.14625457	0.20094627	-0.5369753	0.17511398	-0.09789618	0.1564492	-0.6771683	0.9999995	-0.18653487	0.13123815	-0.19812301	0.21189131	-0.24485992	0.20085075	-0.117029354
0.08970247	-0.07632804	0.09943519	-0.074537784	0.099585734	-0.07791398	0.0792143	-0.09265433	0.109699026	-0.066217855	0.09108369	-0.0865196	0.113801815	-0.11097279	0.08460804	-0.09872047	0.087878436	-0.13502876	0.106515884	-0.12882389	0.09498666	-0.12501091	0.18885067	-0.87484974	0.13056031	-0.10629217	0.16636355	-0.18653487	0.9999994	-0.22762838	0.14166333	-0.1178036	0.13221456	-0.25028205	0.16720128
-0.11177635	0.09327631	-0.12954403	0.097194985	-0.13774937	0.09224206	-0.0962773	0.10931457	-0.13900448	0.09480633	-0.10499119	0.09521463	-0.12772107	0.12373334	-0.12728897	0.10509834	-0.094072185	0.12682322	-0.1238278	0.23025739	-0.10691121	0.12410404	-0.15320985	0.17724283	-0.3529436	0.11732936	-0.16933611	0.13123815	-0.22762838	0.9999995	-0.18914887	0.13472556	-0.170888	0.2816902	-0.74175185
0.14270295	-0.11957941	0.15007798	-0.11043909	0.14688653	-0.12716997	0.123920865	-0.13873255	0.15920845	-0.092867225	0.1552937	-0.14885047	0.1662448	-0.14759299	0.11766351	-0.20732036	0.16896728	-0.1713188	0.13366105	-0.13548964	0.26689404	-0.307303	0.19808449	-0.15434584	0.11991719	-0.57235116	0.23774983	-0.19812301	0.14166333	-0.18914887	0.9999993	-0.4211774	0.25918585	-0.32629475	0.15933625
-0.097666495	0.08137833	-0.105535895	0.077646844	-0.10420381	0.08442074	-0.08487475	0.096430734	-0.1138502	0.0655519	-0.101656236	0.09539069	-0.118875384	0.10425853	-0.08401921	0.11711772	-0.102427155	0.12776329	-0.09852459	0.09469979	-0.1405194	0.16118956	-0.170865	0.11691693	-0.08929815	0.18862705	-0.35016778	0.21189131	-0.1178036	0.13472556	-0.4211774	0.99999905	-0.7383296	0.25939322	-0.1404712
0.09967463	-0.083849534	0.108342275	-0.0802366	0.107662536	-0.086817406	0.08688654	-0.09940706	0.116730146	-0.068977594	0.10264976	-0.09724554	0.12041527	-0.110230215	0.08812867	-0.11946604	0.10275036	-0.13334282	0.10250225	-0.109398715	0.12958278	-0.16075115	0.1704188	-0.13543789	0.10105419	-0.17893964	0.24850339	-0.24485992	0.13221456	-0.170888	0.25918585	-0.7383296	0.99999917	-0.45037124	0.16880177
-0.15090132	0.12329903	-0.16973126	0.124162346	-0.17430404	0.123762295	-0.12836128	0.1434721	-0.17975801	0.10892635	-0.14442842	0.13023788	-0.17253289	0.14911872	-0.14435448	0.14688627	-0.13183618	0.1684699	-0.14595246	0.1660817	-0.16218254	0.18094105	-0.21886705	0.19800462	-0.17748104	0.18215995	-0.2735301	0.20085075	-0.25028205	0.2816902	-0.32629475	0.25939322	-0.45037124	0.99999917	-0.5051567
0.090854555	-0.07666714	0.10381753	-0.07854438	0.10885528	-0.07651277	0.07874337	-0.090277106	0.11194823	-0.07769432	0.08687035	-0.07998774	0.10494166	-0.10705226	0.10026678	-0.0906035	0.07973606	-0.10824726	0.10256297	-0.2096636	0.0908935	-0.108790256	0.12755117	-0.15955149	0.20067142	-0.104918726	0.14344127	-0.117029354	0.16720128	-0.74175185	0.15933625	-0.1404712	0.16880177	-0.5051567	0.99999917
