1.0000001	-0.1280968	0.067594595	-0.015088234	0.012519753	-0.97809005	0.09508157	-0.056492794	0.016163396	-0.011744356	0.084873706	-0.07648277	0.05807251	-0.030034173	0.032808647	-0.07276098	0.05400854	-0.038427204	0.04024687	-0.033994168	0.013797735	-0.021968925	0.02296588	-0.019073715	0.021223916	-0.011578824	0.01766422	-0.023847409	0.020189915	-0.01362586	0.023259887	-0.01690332	0.022140991	-0.01620057	0.012290523
-0.1280968	1.0000002	-0.34415212	0.063447855	-0.047599137	0.11199676	-0.83164495	0.2740514	-0.06815751	0.044562083	-0.12026039	0.17395435	-0.24586728	0.109453306	-0.120323546	0.10456671	-0.14104386	0.11809025	-0.12964487	0.10906311	-0.04289032	0.06707341	-0.070943445	0.060924932	-0.06808895	0.03590025	-0.05522618	0.07444063	-0.06471864	0.043511055	-0.07392153	0.05332684	-0.070775084	0.05169856	-0.03930699
0.067594595	-0.34415212	1.0	-0.15150599	0.082466915	-0.072328255	0.25284895	-0.63991094	0.13329455	-0.08011186	0.12638184	-0.21360174	0.30505344	-0.1795554	0.17524993	-0.1402917	0.16569929	-0.18331312	0.1860305	-0.22334132	0.07552087	-0.11442631	0.114615366	-0.10785794	0.12143022	-0.06398811	0.09762459	-0.13778026	0.114288986	-0.08145485	0.13372491	-0.097665355	0.12874164	-0.09597174	0.072210394
-0.015088234	0.063447855	-0.15150599	0.99999964	-0.23641768	0.0158392	-0.053196963	0.09625278	-0.9259856	0.18454748	-0.035486884	0.05732583	-0.097390115	0.120148644	-0.12698247	0.0397764	-0.049857184	0.058653988	-0.07007552	0.06783416	-0.022666235	0.034878276	-0.03577019	0.03460026	-0.03868357	0.019158844	-0.029450811	0.041034896	-0.035885304	0.024767006	-0.039879397	0.029205728	-0.038913075	0.02916159	-0.022030752
0.012519753	-0.047599137	0.082466915	-0.23641768	0.9999999	-0.013123622	0.03938235	-0.06406189	0.18811259	-0.92336875	0.033702545	-0.05475201	0.08424567	-0.14392982	0.16075891	-0.039095823	0.048252568	-0.059270773	0.07090074	-0.07515299	0.023386434	-0.035975575	0.03646614	-0.03689141	0.04109007	-0.019836273	0.030542849	-0.04300181	0.037737306	-0.026307778	0.041280866	-0.030502245	0.040648337	-0.030861048	0.023243224
-0.97809005	0.11199676	-0.072328255	0.0158392	-0.013123622	1.0000001	-0.101394884	0.058045384	-0.01702162	0.012283218	-0.09514383	0.07568218	-0.06107966	0.031218687	-0.034390785	0.07159138	-0.055842318	0.03947584	-0.041902892	0.0347402	-0.014221169	0.02256474	-0.023694035	0.01966549	-0.021903804	0.0119156465	-0.018192742	0.024457766	-0.020860596	0.01401973	-0.024010595	0.017396823	-0.022853006	0.016679803	-0.012669596
0.09508157	-0.83164495	0.25284895	-0.053196963	0.03938235	-0.101394884	1.0000001	-0.40078673	0.055840556	-0.037420876	0.109516405	-0.20022853	0.20859514	-0.0967319	0.099711426	-0.09857284	0.12687548	-0.10755728	0.11107886	-0.09895597	0.03771631	-0.060119774	0.06264828	-0.053755756	0.059756882	-0.031735566	0.048853427	-0.06681182	0.05656226	-0.038579043	0.06475725	-0.04723719	0.062030077	-0.045729596	0.034614727
-0.056492794	0.2740514	-0.63991094	0.09625278	-0.06406189	0.058045384	-0.40078673	0.99999994	-0.10318264	0.061008267	-0.10736305	0.17414066	-0.5164614	0.1593091	-0.16091743	0.109261446	-0.14293563	0.15739748	-0.16051151	0.14436303	-0.05255081	0.084037416	-0.08808173	0.07692699	-0.085247904	0.0443482	-0.06846778	0.09471518	-0.080224425	0.05504971	-0.090924725	0.066667624	-0.087611176	0.06508045	-0.049158994
0.016163396	-0.06815751	0.13329455	-0.9259856	0.18811259	-0.01702162	0.055840556	-0.10318264	1.0000001	-0.21941419	0.038132336	-0.062149722	0.100696586	-0.14406687	0.12942336	-0.043159243	0.0534114	-0.06359129	0.07493826	-0.0752715	0.024692222	-0.037975617	0.038690686	-0.037802186	0.04217601	-0.020900104	0.03210366	-0.044949375	0.039078373	-0.027152348	0.043522008	-0.03193715	0.042494006	-0.031939846	0.024094444
-0.011744356	0.044562083	-0.08011186	0.18454748	-0.92336875	0.012283218	-0.037420876	0.061008267	-0.21941419	1.0	-0.031750906	0.05121776	-0.08307947	0.13799006	-0.2048993	0.036555108	-0.04578019	0.05618539	-0.0689842	0.068694614	-0.02167453	0.033465788	-0.0341589	0.03442515	-0.03840641	0.018358085	-0.0282937	0.039613344	-0.03522876	0.024295274	-0.03820766	0.028169157	-0.037675593	0.028524216	-0.021528594
0.084873706	-0.12026039	0.12638184	-0.035486884	0.033702545	-0.09514383	0.109516405	-0.10736305	0.038132336	-0.031750906	1.0000005	-0.5528288	0.15958299	-0.0912113	0.09583111	-0.736769	0.29238796	-0.15822251	0.14874864	-0.11078966	0.049945254	-0.084732026	0.08749544	-0.06538472	0.070989534	-0.04214047	0.06279541	-0.08463756	0.06754429	-0.04545988	0.078306794	-0.05822457	0.07349303	-0.054148175	0.040841922
-0.07648277	0.17395435	-0.21360174	0.05732583	-0.05475201	0.07568218	-0.20022853	0.17414066	-0.062149722	0.05121776	-0.5528288	1.0000001	-0.30192974	0.14768322	-0.1592919	0.31800342	-0.5676177	0.2401232	-0.25208962	0.16173795	-0.0730349	0.12548326	-0.13590738	0.10096382	-0.11007675	0.060743466	-0.09473433	0.12379345	-0.10503283	0.06861518	-0.119191356	0.08709881	-0.11243317	0.08190034	-0.06225204
0.05807251	-0.24586728	0.30505344	-0.097390115	0.08424567	-0.06107966	0.20859514	-0.5164614	0.100696586	-0.08307947	0.15958299	-0.30192974	1.0000002	-0.3475369	0.24488011	-0.1807488	0.22378218	-0.33889583	0.26020086	-0.24715054	0.08519794	-0.14613317	0.14881408	-0.12840208	0.13875704	-0.072727606	0.113000795	-0.16085654	0.12939781	-0.090663284	0.14574759	-0.10969474	0.1408541	-0.106747	0.07992472
-0.030034173	0.109453306	-0.1795554	0.120148644	-0.14392982	0.031218687	-0.0967319	0.1593091	-0.14406687	0.13799006	-0.0912113	0.14768322	-0.3475369	1.0000002	-0.79611284	0.10535854	-0.1407952	0.19293256	-0.3083552	0.17750031	-0.057399746	0.09574234	-0.10090095	0.10188579	-0.109008	0.04871064	-0.07608865	0.10599314	-0.098417595	0.06491453	-0.099024795	0.07418554	-0.099028185	0.07606077	-0.057456758
0.032808647	-0.120323546	0.17524993	-0.12698247	0.16075891	-0.034390785	0.099711426	-0.16091743	0.12942336	-0.2048993	0.09583111	-0.1592919	0.24488011	-0.79611284	1.0000001	-0.11420808	0.1397839	-0.18863612	0.22469755	-0.22961015	0.065830216	-0.10563542	0.10648162	-0.1110949	0.12104537	-0.056116316	0.08689548	-0.12343236	0.109120764	-0.075965226	0.115259364	-0.086520396	0.1148996	-0.088768676	0.066627584
-0.07276098	0.10456671	-0.1402917	0.0397764	-0.039095823	0.07159138	-0.09857284	0.109261446	-0.043159243	0.036555108	-0.736769	0.31800342	-0.1807488	0.10535854	-0.11420808	1.0000004	-0.5050266	0.19373028	-0.19760823	0.12354862	-0.06052173	0.10109125	-0.10885483	0.07808371	-0.08467339	0.050047483	-0.07474585	0.09751838	-0.08088904	0.052891217	-0.0928912	0.06818712	-0.08682278	0.06322597	-0.047966238
0.05400854	-0.14104386	0.16569929	-0.049857184	0.048252568	-0.055842318	0.12687548	-0.14293563	0.0534114	-0.04578019	0.29238796	-0.5676177	0.22378218	-0.1407952	0.1397839	-0.5050266	0.9999999	-0.44463307	0.25371164	-0.17529747	0.07785668	-0.16787966	0.16241732	-0.106663205	0.11099491	-0.066291295	0.104653925	-0.1427262	0.10488122	-0.071034946	0.12119283	-0.09353705	0.11304172	-0.08459495	0.0631343
-0.038427204	0.11809025	-0.18331312	0.058653988	-0.059270773	0.03947584	-0.10755728	0.15739748	-0.06359129	0.05618539	-0.15822251	0.2401232	-0.33889583	0.19293256	-0.18863612	0.19373028	-0.44463307	1.0000001	-0.6507776	0.20662053	-0.091110006	0.19724649	-0.2890467	0.14992644	-0.15030794	0.07685498	-0.1271939	0.17317227	-0.13983695	0.087215036	-0.14313804	0.111020446	-0.1373304	0.10369674	-0.0778609
0.04024687	-0.12964487	0.1860305	-0.07007552	0.07090074	-0.041902892	0.11107886	-0.16051151	0.07493826	-0.0689842	0.14874864	-0.25208962	0.26020086	-0.3083552	0.22469755	-0.19760823	0.25371164	-0.6507776	1.0000002	-0.32573986	0.09650492	-0.19299413	0.19800991	-0.25359157	0.20194577	-0.08335835	0.13313837	-0.19171631	0.18027318	-0.11684695	0.15952615	-0.12632123	0.16378628	-0.13552347	0.09989902
-0.033994168	0.10906311	-0.22334132	0.06783416	-0.07515299	0.0347402	-0.09895597	0.14436303	-0.0752715	0.068694614	-0.11078966	0.16173795	-0.24715054	0.17750031	-0.22961015	0.12354862	-0.17529747	0.20662053	-0.32573986	1.0000004	-0.1305567	0.15677346	-0.1660825	0.2883115	-0.5607822	0.106651224	-0.16177301	0.19551168	-0.34080234	0.19023003	-0.25422576	0.17522095	-0.31282693	0.22036473	-0.18421741
0.013797735	-0.04289032	0.07552087	-0.022666235	0.023386434	-0.014221169	0.03771631	-0.05255081	0.024692222	-0.02167453	0.049945254	-0.0730349	0.08519794	-0.057399746	0.065830216	-0.06052173	0.07785668	-0.091110006	0.09650492	-0.1305567	1.0	-0.23158997	0.15755711	-0.07276334	0.078387335	-0.8744031	0.153507	-0.20565037	0.08306962	-0.06789671	0.2507345	-0.17989297	0.12469707	-0.089594014	0.059294213
-0.021968925	0.06707341	-0.11442631	0.034878276	-0.035975575	0.02256474	-0.060119774	0.084037416	-0.037975617	0.033465788	-0.084732026	0.12548326	-0.14613317	0.09574234	-0.10563542	0.10109125	-0.16787966	0.19724649	-0.19299413	0.15677346	-0.23158997	1.0	-0.7551052	0.10839985	-0.11373971	0.16484156	-0.38287523	0.29715738	-0.118179426	0.08333079	-0.24772309	0.20570314	-0.17119274	0.10921893	-0.07667226
0.02296588	-0.070943445	0.114615366	-0.03577019	0.03646614	-0.023694035	0.06264828	-0.08808173	0.038690686	-0.0341589	0.08749544	-0.13590738	0.14881408	-0.10090095	0.10648162	-0.10885483	0.16241732	-0.2890467	0.19800991	-0.1660825	0.15755711	-0.7551052	1.0000001	-0.11874202	0.115737885	-0.14089611	0.25441286	-0.4281063	0.11728992	-0.08331951	0.20187	-0.18469314	0.15681283	-0.10721129	0.074859545
-0.019073715	0.060924932	-0.10785794	0.03460026	-0.03689141	0.01966549	-0.053755756	0.07692699	-0.037802186	0.03442515	-0.06538472	0.10096382	-0.12840208	0.10188579	-0.1110949	0.07808371	-0.106663205	0.14992644	-0.25359157	0.2883115	-0.07276334	0.10839985	-0.11874202	0.9999999	-0.6580262	0.06155789	-0.10074495	0.1304378	-0.5649067	0.18704794	-0.1365996	0.1107119	-0.20170875	0.2086073	-0.15928163
0.021223916	-0.06808895	0.12143022	-0.03868357	0.04109007	-0.021903804	0.059756882	-0.085247904	0.04217601	-0.03840641	0.070989534	-0.11007675	0.13875704	-0.109008	0.12104537	-0.08467339	0.11099491	-0.15030794	0.20194577	-0.5607822	0.078387335	-0.11373971	0.115737885	-0.6580262	1.0000001	-0.06673244	0.10729691	-0.14456391	0.29124656	-0.21873091	0.14670989	-0.11948585	0.19455475	-0.21568342	0.15970655
-0.011578824	0.03590025	-0.06398811	0.019158844	-0.019836273	0.0119156465	-0.031735566	0.0443482	-0.020900104	0.018358085	-0.04214047	0.060743466	-0.072727606	0.04871064	-0.056116316	0.050047483	-0.066291295	0.07685498	-0.08335835	0.106651224	-0.8744031	0.16484156	-0.14089611	0.06155789	-0.06673244	1.0	-0.14448489	0.16569237	-0.07182321	0.057433166	-0.36429593	0.16220869	-0.11351997	0.0767348	-0.05117665
0.01766422	-0.05522618	0.09762459	-0.029450811	0.030542849	-0.018192742	0.048853427	-0.06846778	0.03210366	-0.0282937	0.06279541	-0.09473433	0.113000795	-0.07608865	0.08689548	-0.07474585	0.104653925	-0.1271939	0.13313837	-0.16177301	0.153507	-0.38287523	0.25441286	-0.10074495	0.10729691	-0.14448489	1.0000001	-0.5990735	0.1204186	-0.09699899	0.2858604	-0.57390046	0.22190113	-0.13992587	0.08794044
-0.023847409	0.07444063	-0.13778026	0.041034896	-0.04300181	0.024457766	-0.06681182	0.09471518	-0.044949375	0.039613344	-0.08463756	0.12379345	-0.16085654	0.10599314	-0.12343236	0.09751838	-0.1427262	0.17317227	-0.19171631	0.19551168	-0.20565037	0.29715738	-0.4281063	0.1304378	-0.14456391	0.16569237	-0.5990735	1.0000001	-0.16240634	0.116837986	-0.40019643	0.298156	-0.28715348	0.15952086	-0.11248039
0.020189915	-0.06471864	0.114288986	-0.035885304	0.037737306	-0.020860596	0.05656226	-0.080224425	0.039078373	-0.03522876	0.06754429	-0.10503283	0.12939781	-0.098417595	0.109120764	-0.08088904	0.10488122	-0.13983695	0.18027318	-0.34080234	0.08306962	-0.118179426	0.11728992	-0.5649067	0.29124656	-0.07182321	0.1204186	-0.16240634	0.9999999	-0.37695834	0.15916646	-0.14486192	0.2564681	-0.46330962	0.25109008
-0.01362586	0.043511055	-0.08145485	0.024767006	-0.026307778	0.01401973	-0.038579043	0.05504971	-0.027152348	0.024295274	-0.04545988	0.06861518	-0.090663284	0.06491453	-0.075965226	0.052891217	-0.071034946	0.087215036	-0.11684695	0.19023003	-0.06789671	0.08333079	-0.08331951	0.18704794	-0.21873091	0.057433166	-0.09699899	0.116837986	-0.37695834	0.99999976	-0.13827398	0.11701154	-0.26201648	0.29168126	-0.7970677
0.023259887	-0.07392153	0.13372491	-0.039879397	0.041280866	-0.024010595	0.06475725	-0.090924725	0.043522008	-0.03820766	0.078306794	-0.119191356	0.14574759	-0.099024795	0.115259364	-0.0928912	0.12119283	-0.14313804	0.15952615	-0.25422576	0.2507345	-0.24772309	0.20187	-0.1365996	0.14670989	-0.36429593	0.2858604	-0.40019643	0.15916646	-0.13827398	0.99999964	-0.56077003	0.25639272	-0.18982695	0.118636295
-0.01690332	0.05332684	-0.097665355	0.029205728	-0.030502245	0.017396823	-0.04723719	0.066667624	-0.03193715	0.028169157	-0.05822457	0.08709881	-0.10969474	0.07418554	-0.086520396	0.06818712	-0.09353705	0.111020446	-0.12632123	0.17522095	-0.17989297	0.20570314	-0.18469314	0.1107119	-0.11948585	0.16220869	-0.57390046	0.298156	-0.14486192	0.11701154	-0.56077003	0.9999998	-0.40793908	0.18026495	-0.111714385
0.022140991	-0.070775084	0.12874164	-0.038913075	0.040648337	-0.022853006	0.062030077	-0.087611176	0.042494006	-0.037675593	0.07349303	-0.11243317	0.1408541	-0.099028185	0.1148996	-0.08682278	0.11304172	-0.1373304	0.16378628	-0.31282693	0.12469707	-0.17119274	0.15681283	-0.20170875	0.19455475	-0.11351997	0.22190113	-0.28715348	0.2564681	-0.26201648	0.25639272	-0.40793908	0.9999995	-0.5882301	0.22621368
-0.01620057	0.05169856	-0.09597174	0.02916159	-0.030861048	0.016679803	-0.045729596	0.06508045	-0.031939846	0.028524216	-0.054148175	0.08190034	-0.106747	0.07606077	-0.088768676	0.06322597	-0.08459495	0.10369674	-0.13552347	0.22036473	-0.089594014	0.10921893	-0.10721129	0.2086073	-0.21568342	0.0767348	-0.13992587	0.15952086	-0.46330962	0.29168126	-0.18982695	0.18026495	-0.5882301	0.9999994	-0.46376914
0.012290523	-0.03930699	0.072210394	-0.022030752	0.023243224	-0.012669596	0.034614727	-0.049158994	0.024094444	-0.021528594	0.040841922	-0.06225204	0.07992472	-0.057456758	0.066627584	-0.047966238	0.0631343	-0.0778609	0.09989902	-0.18421741	0.059294213	-0.07667226	0.074859545	-0.15928163	0.15970655	-0.05117665	0.08794044	-0.11248039	0.25109008	-0.7970677	0.118636295	-0.111714385	0.22621368	-0.46376914	0.9999994
