1.0	-0.78476787	0.2006416	-0.17321438	0.056352604	-0.4051573	0.28475592	-0.18582363	0.16544919	-0.044778362	0.20090467	-0.15586434	0.14013118	-0.12864253	0.07640103	-0.22184736	0.12887926	-0.091546774	0.071010314	-0.054394793	0.091217756	-0.087833166	0.108811215	-0.06953536	0.0802115	-0.069872215	0.064391196	-0.06308047	0.05637301	-0.03775695	0.077239335	-0.062408876	0.053160314	-0.05617794	0.03838778
-0.78476787	0.99999994	-0.28597206	0.17918676	-0.053944994	0.26097676	-0.41537398	0.20210545	-0.18794267	0.042772245	-0.17593715	0.14283969	-0.14192739	0.11941279	-0.072082534	0.1709966	-0.11827935	0.08317284	-0.06646716	0.050788965	-0.07878394	0.07493885	-0.10054434	0.06403223	-0.07513034	0.060166154	-0.056343645	0.05619599	-0.050750278	0.03408374	-0.068530746	0.05442922	-0.047285166	0.049672876	-0.034785945
0.2006416	-0.28597206	1.0	-0.6807983	0.080136076	-0.1941822	0.24468282	-0.46952423	0.3233698	-0.06530125	0.14847508	-0.2000937	0.20311102	-0.18196885	0.10085439	-0.17825286	0.14274468	-0.10670237	0.09267875	-0.071517445	0.08893054	-0.08761045	0.12368987	-0.08985392	0.10261545	-0.07149662	0.06728263	-0.07056912	0.063858196	-0.04420125	0.08213263	-0.06625571	0.05848552	-0.062400132	0.044858523
-0.17321438	0.17918676	-0.6807983	1.0000001	-0.088411875	0.15179175	-0.21714881	0.29225972	-0.5980906	0.07016069	-0.12641804	0.15990321	-0.18029454	0.1629691	-0.09897365	0.14181712	-0.12591228	0.09199727	-0.0867892	0.0683762	-0.076144725	0.0740913	-0.111128606	0.08159141	-0.09811491	0.060853075	-0.058018584	0.061545663	-0.056561615	0.039665338	-0.07161627	0.056843586	-0.051138815	0.054234426	-0.040466886
0.056352604	-0.053944994	0.080136076	-0.088411875	1.0000001	-0.06376038	0.07701304	-0.082195155	0.10428946	-0.8809022	0.06439375	-0.098034754	0.09735796	-0.2061282	0.24691984	-0.08049877	0.087209255	-0.06982413	0.104517035	-0.19295341	0.05372292	-0.053711675	0.08769223	-0.120097406	0.15326096	-0.047511153	0.04639466	-0.056913905	0.054652475	-0.047709424	0.058463328	-0.047772642	0.046186138	-0.05222752	0.046336852
-0.4051573	0.26097676	-0.1941822	0.15179175	-0.06376038	1.0000001	-0.54213107	0.21135025	-0.19798079	0.0501723	-0.56522983	0.19225521	-0.17971356	0.14203918	-0.08772262	0.27811116	-0.1703496	0.11281625	-0.082496464	0.06192134	-0.12009806	0.107717946	-0.13825214	0.07926487	-0.0927094	0.08451843	-0.079172276	0.075273514	-0.067697175	0.044177406	-0.09536516	0.074631885	-0.063963346	0.06619263	-0.045213543
0.28475592	-0.41537398	0.24468282	-0.21714881	0.07701304	-0.54213107	1.0	-0.4410547	0.24510816	-0.061671376	0.25876606	-0.2434257	0.21816099	-0.18591686	0.10547941	-0.2967251	0.17815305	-0.12796704	0.09936728	-0.075137086	0.12216673	-0.11870826	0.14833449	-0.09685127	0.11023259	-0.09382127	0.08663364	-0.08553917	0.07633257	-0.051291868	0.103390716	-0.08405083	0.07170949	-0.07594542	0.052070618
-0.18582363	0.20210545	-0.46952423	0.29225972	-0.082195155	0.21135025	-0.4410547	1.0000001	-0.5334131	0.0666863	-0.17052045	0.24052532	-0.3938076	0.20015708	-0.10971946	0.1825794	-0.16574755	0.12128206	-0.103627495	0.07622904	-0.09515289	0.09294981	-0.13944636	0.096293844	-0.11120563	0.07463454	-0.071147844	0.07481529	-0.06801027	0.04666015	-0.08643539	0.069234625	-0.061732043	0.06528261	-0.047523204
0.16544919	-0.18794267	0.3233698	-0.5980906	0.10428946	-0.19798079	0.24510816	-0.5334131	1.0000001	-0.09092234	0.15875448	-0.23183125	0.23545352	-0.26499495	0.12994772	-0.19611487	0.1643891	-0.12475592	0.120316416	-0.09181466	0.10103523	-0.10010351	0.1444234	-0.11541232	0.12908973	-0.082233936	0.07769327	-0.08309033	0.07562586	-0.05330176	0.09505817	-0.076893374	0.068534605	-0.07353457	0.053970285
-0.044778362	0.042772245	-0.06530125	0.07016069	-0.8809022	0.0501723	-0.061671376	0.0666863	-0.09092234	1.0000001	-0.05068009	0.07616642	-0.07855752	0.15975678	-0.3566836	0.062518634	-0.06914171	0.055210087	-0.08833866	0.17229915	-0.042128522	0.041980945	-0.07004072	0.09685214	-0.1512948	0.037033375	-0.03642814	0.045085434	-0.044059575	0.04033272	-0.04582241	0.03735424	-0.036706056	0.04142861	-0.039661318
0.20090467	-0.17593715	0.14847508	-0.12641804	0.06439375	-0.56522983	0.25876606	-0.17052045	0.15875448	-0.05068009	0.9999999	-0.26885632	0.18386552	-0.15086597	0.090775706	-0.63958526	0.2022701	-0.13372417	0.08765899	-0.06492625	0.16067293	-0.14737302	0.15330525	-0.085530914	0.09700023	-0.10910082	0.09808594	-0.087752245	0.07699707	-0.049583476	0.1122415	-0.091538645	0.074640416	-0.077666566	0.05040037
-0.15586434	0.14283969	-0.2000937	0.15990321	-0.098034754	0.19225521	-0.2434257	0.24052532	-0.23183125	0.07616642	-0.26885632	0.9999998	-0.67428875	0.24112041	-0.14499182	0.23524165	-0.42304412	0.21810365	-0.14476945	0.09971591	-0.14571412	0.14443971	-0.23847547	0.12974279	-0.15157916	0.10775979	-0.10660793	0.110952765	-0.10013308	0.06547315	-0.12542391	0.10012813	-0.09010174	0.09327291	-0.06705073
0.14013118	-0.14192739	0.20311102	-0.18029454	0.09735796	-0.17971356	0.21816099	-0.3938076	0.23545352	-0.07855752	0.18386552	-0.67428875	1.0	-0.37754616	0.14824758	-0.20873737	0.24642386	-0.20835888	0.15295939	-0.103885934	0.11859467	-0.121400855	0.19313943	-0.14062175	0.14969678	-0.09454882	0.09132249	-0.10043453	0.089934275	-0.06175546	0.108631104	-0.0892944	0.08032657	-0.085654326	0.062460385
-0.12864253	0.11941279	-0.18196885	0.1629691	-0.2061282	0.14203918	-0.18591686	0.20015708	-0.26499495	0.15975678	-0.15086597	0.24112041	-0.37754616	1.0000001	-0.39977074	0.17254046	-0.22402053	0.17291965	-0.45369765	0.22896819	-0.120243065	0.1182569	-0.22090699	0.27589685	-0.3458536	0.09990229	-0.0999639	0.121057376	-0.12028137	0.096633114	-0.124369055	0.09905546	-0.098115996	0.10651808	-0.09907236
0.07640103	-0.072082534	0.10085439	-0.09897365	0.24691984	-0.08772262	0.10547941	-0.10971946	0.12994772	-0.3566836	0.090775706	-0.14499182	0.14824758	-0.39977074	1.0000001	-0.11342421	0.12766561	-0.105029956	0.18484916	-0.63641614	0.07762086	-0.078060836	0.1306333	-0.21587041	0.29947335	-0.06911337	0.06814162	-0.086897776	0.08482533	-0.08113281	0.08506888	-0.07051207	0.06971593	-0.08014606	0.07676279
-0.22184736	0.1709966	-0.17825286	0.14181712	-0.08049877	0.27811116	-0.2967251	0.1825794	-0.19611487	0.062518634	-0.63958526	0.23524165	-0.20873737	0.17254046	-0.11342421	0.99999994	-0.3356608	0.18503056	-0.11073895	0.08093317	-0.31545195	0.21221796	-0.231881	0.10710438	-0.12337222	0.15695499	-0.14662416	0.121883504	-0.108323164	0.06659162	-0.17013112	0.12882839	-0.10621407	0.106373616	-0.06845903
0.12887926	-0.11827935	0.14274468	-0.12591228	0.087209255	-0.1703496	0.17815305	-0.16574755	0.1643891	-0.06914171	0.2022701	-0.42304412	0.24642386	-0.22402053	0.12766561	-0.3356608	1.0000001	-0.5760017	0.14205584	-0.09488935	0.20320618	-0.2685068	0.30890313	-0.14306428	0.14012624	-0.1535879	0.1513451	-0.15527399	0.12630406	-0.078194655	0.16037112	-0.14258264	0.11858263	-0.12537524	0.078236975
-0.091546774	0.08317284	-0.10670237	0.09199727	-0.06982413	0.11281625	-0.12796704	0.12128206	-0.12475592	0.055210087	-0.13372417	0.21810365	-0.20835888	0.17291965	-0.105029956	0.18503056	-0.5760017	1.0	-0.15434813	0.08007318	-0.14966133	0.16636167	-0.686363	0.1411153	-0.12157351	0.113676	-0.11977129	0.15320799	-0.12892637	0.069114625	-0.12949118	0.11129929	-0.10843366	0.10800342	-0.070408836
0.071010314	-0.06646716	0.09267875	-0.0867892	0.104517035	-0.082496464	0.09936728	-0.103627495	0.120316416	-0.08833866	0.08765899	-0.14476945	0.15295939	-0.45369765	0.18484916	-0.11073895	0.14205584	-0.15434813	1.0	-0.18063568	0.079123065	-0.0816991	0.16679321	-0.7791245	0.24524061	-0.06948958	0.07032842	-0.10194611	0.102581814	-0.07480292	0.08431865	-0.07200623	0.07397781	-0.086025394	0.072166115
-0.054394793	0.050788965	-0.071517445	0.0683762	-0.19295341	0.06192134	-0.075137086	0.07622904	-0.09181466	0.17229915	-0.06492625	0.09971591	-0.103885934	0.22896819	-0.63641614	0.08093317	-0.09488935	0.08007318	-0.18063568	0.99999994	-0.05807788	0.058377814	-0.10217972	0.19375615	-0.6364413	0.05236457	-0.052815925	0.07120978	-0.074187845	0.08768461	-0.065589696	0.054830033	-0.05769346	0.06725961	-0.08541411
0.091217756	-0.07878394	0.08893054	-0.076144725	0.05372292	-0.12009806	0.12216673	-0.09515289	0.10103523	-0.042128522	0.16067293	-0.14571412	0.11859467	-0.120243065	0.07762086	-0.31545195	0.20320618	-0.14966133	0.079123065	-0.05807788	1.0	-0.73486114	0.17761306	-0.08121868	0.08791557	-0.40220088	0.26860544	-0.14654976	0.11694801	-0.069146715	0.23904058	-0.21666025	0.13500823	-0.13649294	0.06913644
-0.087833166	0.07493885	-0.08761045	0.0740913	-0.053711675	0.107717946	-0.11870826	0.09294981	-0.10010351	0.041980945	-0.14737302	0.14443971	-0.121400855	0.1182569	-0.078060836	0.21221796	-0.2685068	0.16636167	-0.0816991	0.058377814	-0.73486114	0.99999994	-0.22421245	0.08314859	-0.089266375	0.27380264	-0.4139583	0.15151228	-0.12515192	0.069929704	-0.25687158	0.21591532	-0.14576215	0.13476273	-0.07126007
0.108811215	-0.10054434	0.12368987	-0.111128606	0.08769223	-0.13825214	0.14833449	-0.13944636	0.1444234	-0.07004072	0.15330525	-0.23847547	0.19313943	-0.22090699	0.1306333	-0.231881	0.30890313	-0.686363	0.16679321	-0.10217972	0.17761306	-0.22421245	0.99999994	-0.19561487	0.15175886	-0.15230374	0.15559824	-0.26943138	0.17663844	-0.09656931	0.16682003	-0.15604106	0.14990754	-0.15698104	0.09552376
-0.06953536	0.06403223	-0.08985392	0.08159141	-0.120097406	0.07926487	-0.09685127	0.096293844	-0.11541232	0.09685214	-0.085530914	0.12974279	-0.14062175	0.27589685	-0.21587041	0.10710438	-0.14306428	0.1411153	-0.7791245	0.19375615	-0.08121868	0.08314859	-0.19561487	0.99999976	-0.40095806	0.071609944	-0.073970035	0.11166423	-0.1264889	0.08838235	-0.08869079	0.07543332	-0.0811384	0.09403094	-0.08690143
0.0802115	-0.07513034	0.10261545	-0.09811491	0.15326096	-0.0927094	0.11023259	-0.11120563	0.12908973	-0.1512948	0.09700023	-0.15157916	0.14969678	-0.3458536	0.29947335	-0.12337222	0.14012624	-0.12157351	0.24524061	-0.6364413	0.08791557	-0.089266375	0.15175886	-0.40095806	1.0	-0.08067278	0.08103647	-0.112881914	0.115558065	-0.15863113	0.09993948	-0.08536378	0.08927052	-0.10735379	0.12948056
-0.069872215	0.060166154	-0.07149662	0.060853075	-0.047511153	0.08451843	-0.09382127	0.07463454	-0.082233936	0.037033375	-0.10910082	0.10775979	-0.09454882	0.09990229	-0.06911337	0.15695499	-0.1535879	0.113676	-0.06948958	0.05236457	-0.40220088	0.27380264	-0.15230374	0.071609944	-0.08067278	1.0000001	-0.5281092	0.16805032	-0.13967837	0.0773614	-0.63706094	0.2888814	-0.17853059	0.16175605	-0.07874489
0.064391196	-0.056343645	0.06728263	-0.058018584	0.04639466	-0.079172276	0.08663364	-0.071147844	0.07769327	-0.03642814	0.09808594	-0.10660793	0.09132249	-0.0999639	0.06814162	-0.14662416	0.1513451	-0.11977129	0.07032842	-0.052815925	0.26860544	-0.4139583	0.15559824	-0.073970035	0.08103647	-0.5281092	1.0000002	-0.24535455	0.16841736	-0.09133469	0.31680694	-0.56808907	0.22598808	-0.21302703	0.090779714
-0.06308047	0.05619599	-0.07056912	0.061545663	-0.056913905	0.075273514	-0.08553917	0.07481529	-0.08309033	0.045085434	-0.087752245	0.110952765	-0.10043453	0.121057376	-0.086897776	0.121883504	-0.15527399	0.15320799	-0.10194611	0.07120978	-0.14654976	0.15151228	-0.26943138	0.11166423	-0.112881914	0.16805032	-0.24535455	1.0000001	-0.6995937	0.17350163	-0.2290157	0.22620422	-0.4285596	0.30599326	-0.18484609
0.05637301	-0.050750278	0.063858196	-0.056561615	0.054652475	-0.067697175	0.07633257	-0.06801027	0.07562586	-0.044059575	0.07699707	-0.10013308	0.089934275	-0.12028137	0.08482533	-0.108323164	0.12630406	-0.12892637	0.102581814	-0.074187845	0.11694801	-0.12515192	0.17663844	-0.1264889	0.115558065	-0.13967837	0.16841736	-0.6995937	0.9999999	-0.2799257	0.17457515	-0.19530474	0.28348243	-0.49619803	0.215431
-0.03775695	0.03408374	-0.04420125	0.039665338	-0.047709424	0.044177406	-0.051291868	0.04666015	-0.05330176	0.04033272	-0.049583476	0.06547315	-0.06175546	0.096633114	-0.08113281	0.06659162	-0.078194655	0.069114625	-0.07480292	0.08768461	-0.069146715	0.069929704	-0.09656931	0.08838235	-0.15863113	0.0773614	-0.09133469	0.17350163	-0.2799257	1.0000002	-0.1088925	0.102395415	-0.1590266	0.21219133	-0.89420915
0.077239335	-0.068530746	0.08213263	-0.07161627	0.058463328	-0.09536516	0.103390716	-0.08643539	0.09505817	-0.04582241	0.1122415	-0.12542391	0.108631104	-0.124369055	0.08506888	-0.17013112	0.16037112	-0.12949118	0.08431865	-0.065589696	0.23904058	-0.25687158	0.16682003	-0.08869079	0.09993948	-0.63706094	0.31680694	-0.2290157	0.17457515	-0.1088925	1.0000002	-0.5048115	0.23201229	-0.25332198	0.105533145
-0.062408876	0.05442922	-0.06625571	0.056843586	-0.047772642	0.074631885	-0.08405083	0.069234625	-0.076893374	0.03735424	-0.091538645	0.10012813	-0.0892944	0.09905546	-0.07051207	0.12882839	-0.14258264	0.11129929	-0.07200623	0.054830033	-0.21666025	0.21591532	-0.15604106	0.07543332	-0.08536378	0.2888814	-0.56808907	0.22620422	-0.19530474	0.102395415	-0.5048115	1.0000004	-0.46761903	0.24698018	-0.10796274
0.053160314	-0.047285166	0.05848552	-0.051138815	0.046186138	-0.063963346	0.07170949	-0.061732043	0.068534605	-0.036706056	0.074640416	-0.09010174	0.08032657	-0.098115996	0.06971593	-0.10621407	0.11858263	-0.10843366	0.07397781	-0.05769346	0.13500823	-0.14576215	0.14990754	-0.0811384	0.08927052	-0.17853059	0.22598808	-0.4285596	0.28348243	-0.1590266	0.23201229	-0.46761903	1.0000005	-0.6483778	0.15813074
-0.05617794	0.049672876	-0.062400132	0.054234426	-0.05222752	0.06619263	-0.07594542	0.06528261	-0.07353457	0.04142861	-0.077666566	0.09327291	-0.085654326	0.10651808	-0.08014606	0.106373616	-0.12537524	0.10800342	-0.086025394	0.06725961	-0.13649294	0.13476273	-0.15698104	0.09403094	-0.10735379	0.16175605	-0.21302703	0.30599326	-0.49619803	0.21219133	-0.25332198	0.24698018	-0.6483778	1.0000005	-0.28529733
0.03838778	-0.034785945	0.044858523	-0.040466886	0.046336852	-0.045213543	0.052070618	-0.047523204	0.053970285	-0.039661318	0.05040037	-0.06705073	0.062460385	-0.09907236	0.07676279	-0.06845903	0.078236975	-0.070408836	0.072166115	-0.08541411	0.06913644	-0.07126007	0.09552376	-0.08690143	0.12948056	-0.07874489	0.090779714	-0.18484609	0.215431	-0.89420915	0.105533145	-0.10796274	0.15813074	-0.28529733	1.0000005
