1.0000001	-0.29740557	0.186032	-0.23141702	0.14138293	-0.44750616	0.23350176	-0.21538761	0.18161134	-0.13149054	0.19765766	-0.15829617	0.19438852	-0.16348264	0.17511047	-0.13385198	0.14486685	-0.17001507	0.094595484	-0.10072642	0.17888285	-0.13843815	0.13636914	-0.105996184	0.12707189	-0.08998294	0.08672197	-0.11431349	0.090304516	-0.051007826	0.0768947	-0.0691754	0.10067259	-0.073258676	0.06213095
-0.29740557	1.0000001	-0.7769752	0.28337806	-0.14387083	0.20667505	-0.2902154	0.22137474	-0.2548543	0.11720918	-0.1489822	0.12777814	-0.17022683	0.15340535	-0.1748387	0.09737528	-0.110438235	0.12366115	-0.07695525	0.07927239	-0.1280382	0.09855844	-0.09943652	0.076220766	-0.09142469	0.061131317	-0.059689894	0.077701814	-0.06282986	0.035811834	-0.05240438	0.04705916	-0.06900185	0.0505742	-0.043670792
0.186032	-0.7769752	1.0000005	-0.47512868	0.11903485	-0.17095117	0.20323908	-0.23409536	0.23110107	-0.10328412	0.11466591	-0.1021509	0.1367881	-0.13477406	0.13893713	-0.07657145	0.085956596	-0.10074382	0.061880074	-0.064561784	0.09844248	-0.0780987	0.07827574	-0.06042768	0.07131662	-0.04822644	0.0468671	-0.061570503	0.0491502	-0.028007647	0.04093233	-0.036970817	0.05388466	-0.039760903	0.03401755
-0.23141702	0.28337806	-0.47512868	1.0000004	-0.232861	0.21235476	-0.2784902	0.27779904	-0.6146842	0.17471164	-0.16777483	0.14590208	-0.20936939	0.22288781	-0.24651422	0.110611334	-0.12608394	0.14603399	-0.0988116	0.10103115	-0.14503445	0.11344624	-0.11593443	0.0907357	-0.10790226	0.07008159	-0.06848581	0.089647174	-0.07301408	0.041926026	-0.060001545	0.05405054	-0.079325736	0.0587592	-0.051028192
0.14138293	-0.14387083	0.11903485	-0.232861	1.0000002	-0.16222592	0.1370491	-0.14833824	0.16606991	-0.8799555	0.11369661	-0.10179497	0.13980132	-0.19950318	0.22484095	-0.080434486	0.08883165	-0.11744499	0.084384285	-0.09586771	0.10457119	-0.08767763	0.08816281	-0.074352875	0.08454554	-0.055672973	0.053487483	-0.07238042	0.05748724	-0.03319139	0.046685915	-0.042740878	0.061827634	-0.04695558	0.039944716
-0.44750616	0.20667505	-0.17095117	0.21235476	-0.16222592	1.0000004	-0.529616	0.27111304	-0.22315904	0.14057678	-0.38568637	0.2487344	-0.29400966	0.1998064	-0.2255561	0.20244911	-0.22533695	0.21677196	-0.11803864	0.12150535	-0.2623936	0.18742348	-0.18536878	0.13398904	-0.16499819	0.11461833	-0.1128174	0.14275661	-0.115818046	0.065025344	-0.09920793	0.08798959	-0.12965879	0.09262188	-0.07985828
0.23350176	-0.2902154	0.20323908	-0.2784902	0.1370491	-0.529616	1.0000002	-0.60038877	0.26080367	-0.12982817	0.22917381	-0.2651596	0.24699715	-0.19580801	0.18598856	-0.15271725	0.16857123	-0.18545473	0.09440292	-0.09980675	0.17213446	-0.142987	0.13659957	-0.099845424	0.11545383	-0.083808124	0.08099179	-0.1061692	0.081521995	-0.045775734	0.069341615	-0.06306351	0.0905379	-0.06649854	0.055312842
-0.21538761	0.22137474	-0.23409536	0.27779904	-0.14833824	0.27111304	-0.60038877	1.0000001	-0.52261114	0.13293545	-0.20949535	0.20051734	-0.32732138	0.2219416	-0.219071	0.13500574	-0.15644376	0.17895405	-0.099696375	0.10230155	-0.16629231	0.13315983	-0.1350642	0.09844241	-0.11561957	0.078864835	-0.07718209	0.100483224	-0.07970837	0.04513927	-0.0666036	0.060134523	-0.08762818	0.06437977	-0.054794736
0.18161134	-0.2548543	0.23110107	-0.6146842	0.16606991	-0.22315904	0.26080367	-0.52261114	1.0	-0.16442788	0.15484239	-0.14828847	0.21427627	-0.3524343	0.23575537	-0.10570067	0.11868213	-0.15009043	0.10065648	-0.105095655	0.13156924	-0.10911383	0.11034605	-0.087584995	0.1001104	-0.06612838	0.06416217	-0.08539309	0.06793575	-0.038987022	0.055481773	-0.05056633	0.07337821	-0.05518984	0.04703737
-0.13149054	0.11720918	-0.10328412	0.17471164	-0.8799555	0.14057678	-0.12982817	0.13293545	-0.16442788	1.0000004	-0.11125007	0.09702473	-0.13989867	0.18922193	-0.3170221	0.07691176	-0.0862486	0.10953544	-0.08687023	0.094915	-0.10229024	0.08316526	-0.08543709	0.07259143	-0.084546804	0.052739676	-0.051136386	0.06843476	-0.056147512	0.03271594	-0.04496082	0.04086796	-0.059836425	0.045403723	-0.039600436
0.19765766	-0.1489822	0.11466591	-0.16777483	0.11369661	-0.38568637	0.22917381	-0.20949535	0.15484239	-0.11125007	1.0000006	-0.5880465	0.27958778	-0.1808711	0.1673456	-0.46473834	0.30644011	-0.2581784	0.10232595	-0.10991241	0.2594495	-0.23137966	0.18410547	-0.12334579	0.13489132	-0.11927812	0.112125605	-0.1451438	0.10062955	-0.054666445	0.090642065	-0.08431138	0.11498347	-0.0841794	0.06500096
-0.15829617	0.12777814	-0.1021509	0.14590208	-0.10179497	0.2487344	-0.2651596	0.20051734	-0.14828847	0.09702473	-0.5880465	1.0000005	-0.4930763	0.17791343	-0.16794686	0.27734149	-0.45427468	0.23711269	-0.09458056	0.098332845	-0.23363677	0.20555703	-0.17810206	0.10964648	-0.12252826	0.099852085	-0.09758339	0.1226851	-0.08863382	0.048290152	-0.07839637	0.071871325	-0.100485675	0.072807565	-0.057872932
0.19438852	-0.17022683	0.1367881	-0.20936939	0.13980132	-0.29400966	0.24699715	-0.32732138	0.21427627	-0.13989867	0.27958778	-0.4930763	1.0000005	-0.36881587	0.24340852	-0.21311525	0.2396167	-0.46394125	0.13557741	-0.14304481	0.22466451	-0.22173683	0.22505987	-0.14468956	0.1555733	-0.11632908	0.113174014	-0.15282576	0.11044445	-0.06126393	0.093025714	-0.08636712	0.122326456	-0.09127322	0.07285345
-0.16348264	0.15340535	-0.13477406	0.22288781	-0.19950318	0.1998064	-0.19580801	0.2219416	-0.3524343	0.18922193	-0.1808711	0.17791343	-0.36881587	1.0000005	-0.7124384	0.124462515	-0.14343391	0.19434315	-0.21577097	0.19277829	-0.15538567	0.1339803	-0.14313662	0.12840728	-0.14234732	0.08054678	-0.07849871	0.106237546	-0.08940417	0.05314553	-0.0675763	0.062267713	-0.09118014	0.072100796	-0.06376029
0.17511047	-0.1748387	0.13893713	-0.24651422	0.22484095	-0.2255561	0.18598856	-0.219071	0.23575537	-0.3170221	0.1673456	-0.16794686	0.24340852	-0.7124384	1.0000004	-0.1235855	0.13613303	-0.20333868	0.19572449	-0.26134652	0.15364137	-0.13860448	0.14214846	-0.13523641	0.14381024	-0.08515816	0.081726626	-0.113390386	0.09255708	-0.055104006	0.0702949	-0.06557675	0.09458832	-0.076095685	0.065369606
-0.13385198	0.09737528	-0.07657145	0.110611334	-0.080434486	0.20244911	-0.15271725	0.13500574	-0.10570067	0.07691176	-0.46473834	0.27734149	-0.21311525	0.124462515	-0.1235855	1.0000004	-0.6391251	0.20936786	-0.08167328	0.08575975	-0.48668048	0.26164737	-0.18341318	0.10699011	-0.1175867	0.1204319	-0.11546028	0.13166171	-0.08969191	0.04682308	-0.08750358	0.07951064	-0.1058415	0.07434084	-0.055868886
0.14486685	-0.110438235	0.085956596	-0.12608394	0.08883165	-0.22533695	0.16857123	-0.15644376	0.11868213	-0.0862486	0.30644011	-0.45427468	0.2396167	-0.14343391	0.13613303	-0.6391251	1.0000001	-0.27168575	0.09194536	-0.09732185	0.2991756	-0.3868501	0.2116476	-0.121316515	0.12857135	-0.1280737	0.1240208	-0.1483944	0.09750504	-0.051285572	0.09192481	-0.08612817	0.11392683	-0.08158455	0.06076717
-0.17001507	0.12366115	-0.10074382	0.14603399	-0.11744499	0.21677196	-0.18545473	0.17895405	-0.15009043	0.10953544	-0.2581784	0.23711269	-0.46394125	0.19434315	-0.20333868	0.20936786	-0.27168575	0.99999994	-0.16703583	0.15490489	-0.31884402	0.28713876	-0.5837815	0.2101967	-0.23912095	0.15073916	-0.15980992	0.20974575	-0.16181771	0.087166704	-0.13017161	0.117057286	-0.17965482	0.12731588	-0.10543078
0.094595484	-0.07695525	0.061880074	-0.0988116	0.084384285	-0.11803864	0.09440292	-0.099696375	0.10065648	-0.08687023	0.10232595	-0.09458056	0.13557741	-0.21577097	0.19572449	-0.08167328	0.09194536	-0.16703583	0.9999998	-0.85304266	0.11414086	-0.113459736	0.14149529	-0.32919136	0.224355	-0.074218735	0.071878	-0.1084052	0.12007049	-0.07657953	0.06255721	-0.061074052	0.09285987	-0.09636787	0.08715063
-0.10072642	0.07927239	-0.064561784	0.10103115	-0.09586771	0.12150535	-0.09980675	0.10230155	-0.105095655	0.094915	-0.10991241	0.098332845	-0.14304481	0.19277829	-0.26134652	0.08575975	-0.09732185	0.15490489	-0.85304266	0.9999996	-0.12289421	0.11432472	-0.14371221	0.23599121	-0.2725137	0.07705736	-0.075295046	0.110277064	-0.12696514	0.086811535	-0.066794336	0.06397793	-0.099571705	0.09659281	-0.10442949
0.17888285	-0.1280382	0.09844248	-0.14503445	0.10457119	-0.2623936	0.17213446	-0.16629231	0.13156924	-0.10229024	0.2594495	-0.23363677	0.22466451	-0.15538567	0.15364137	-0.48668048	0.2991756	-0.31884402	0.11414086	-0.12289421	1.0000001	-0.5533855	0.26823327	-0.16158804	0.16605285	-0.24166957	0.19532794	-0.22218823	0.13456468	-0.06818922	0.14286911	-0.13428418	0.16356558	-0.11543709	0.080005385
-0.13843815	0.09855844	-0.0780987	0.11344624	-0.08767763	0.18742348	-0.142987	0.13315983	-0.10911383	0.08316526	-0.23137966	0.20555703	-0.22173683	0.1339803	-0.13860448	0.26164737	-0.3868501	0.28713876	-0.113459736	0.11432472	-0.5533855	0.9999994	-0.5334852	0.17653407	-0.18875273	0.19156733	-0.24151038	0.21738666	-0.14184144	0.070932746	-0.1391084	0.127784	-0.17031637	0.11510739	-0.08453211
0.13636914	-0.09943652	0.07827574	-0.11593443	0.08816281	-0.18536878	0.13659957	-0.1350642	0.11034605	-0.08543709	0.18410547	-0.17810206	0.22505987	-0.14313662	0.14214846	-0.18341318	0.2116476	-0.5837815	0.14149529	-0.14371221	0.26823327	-0.5334852	0.99999934	-0.30616122	0.22489488	-0.16555707	0.1773758	-0.30399233	0.16296114	-0.08383992	0.1285716	-0.123058155	0.18162197	-0.13523878	0.09643927
-0.105996184	0.076220766	-0.06042768	0.0907357	-0.074352875	0.13398904	-0.099845424	0.09844241	-0.087584995	0.07259143	-0.12334579	0.10964648	-0.14468956	0.12840728	-0.13523641	0.10699011	-0.121316515	0.2101967	-0.32919136	0.23599121	-0.16158804	0.17653407	-0.30616122	0.99999934	-0.7168852	0.11838389	-0.1163951	0.18421398	-0.31619218	0.16620587	-0.10131962	0.10209297	-0.16520612	0.19761384	-0.1903071
0.12707189	-0.09142469	0.07131662	-0.10790226	0.08454554	-0.16499819	0.11545383	-0.11561957	0.1001104	-0.084546804	0.13489132	-0.12252826	0.1555733	-0.14234732	0.14381024	-0.1175867	0.12857135	-0.23912095	0.224355	-0.2725137	0.16605285	-0.18875273	0.22489488	-0.7168852	0.999999	-0.13514984	0.12532574	-0.20824267	0.22095193	-0.2895877	0.10784505	-0.112687245	0.16461971	-0.20929427	0.21662262
-0.08998294	0.061131317	-0.04822644	0.07008159	-0.055672973	0.11461833	-0.083808124	0.078864835	-0.06612838	0.052739676	-0.11927812	0.099852085	-0.11632908	0.08054678	-0.08515816	0.1204319	-0.1280737	0.15073916	-0.074218735	0.07705736	-0.24166957	0.19156733	-0.16555707	0.11838389	-0.13514984	0.99999905	-0.7148571	0.27833974	-0.16666555	0.05936932	-0.4588859	0.2751551	-0.27102387	0.13898517	-0.07136054
0.08672197	-0.059689894	0.0468671	-0.06848581	0.053487483	-0.1128174	0.08099179	-0.07718209	0.06416217	-0.051136386	0.112125605	-0.09758339	0.113174014	-0.07849871	0.081726626	-0.11546028	0.1240208	-0.15980992	0.071878	-0.075295046	0.19532794	-0.24151038	0.1773758	-0.1163951	0.12532574	-0.7148571	0.99999875	-0.46416545	0.15044577	-0.055334132	0.27257878	-0.32263064	0.24666202	-0.13452011	0.06544569
-0.11431349	0.077701814	-0.061570503	0.089647174	-0.07238042	0.14275661	-0.1061692	0.100483224	-0.08539309	0.06843476	-0.1451438	0.1226851	-0.15282576	0.106237546	-0.113390386	0.13166171	-0.1483944	0.20974575	-0.1084052	0.110277064	-0.22218823	0.21738666	-0.30399233	0.18421398	-0.20824267	0.27833974	-0.46416545	0.9999988	-0.30622903	0.09174632	-0.28543666	0.25572422	-0.5727894	0.23859008	-0.110487334
0.090304516	-0.06282986	0.0491502	-0.07301408	0.05748724	-0.115818046	0.081521995	-0.07970837	0.06793575	-0.056147512	0.10062955	-0.08863382	0.11044445	-0.08940417	0.09255708	-0.08969191	0.09750504	-0.16181771	0.12007049	-0.12696514	0.13456468	-0.14184144	0.16296114	-0.31619218	0.22095193	-0.16666555	0.15044577	-0.30622903	0.9999989	-0.13289012	0.13988417	-0.16842145	0.27411598	-0.7764738	0.13735805
-0.051007826	0.035811834	-0.028007647	0.041926026	-0.03319139	0.065025344	-0.045775734	0.04513927	-0.038987022	0.03271594	-0.054666445	0.048290152	-0.06126393	0.05314553	-0.055104006	0.04682308	-0.051285572	0.087166704	-0.07657953	0.086811535	-0.06818922	0.070932746	-0.08383992	0.16620587	-0.2895877	0.05936932	-0.055334132	0.09174632	-0.13289012	0.99999934	-0.050919697	0.05326456	-0.08705799	0.12174834	-0.91921616
0.0768947	-0.05240438	0.04093233	-0.060001545	0.046685915	-0.09920793	0.069341615	-0.0666036	0.055481773	-0.04496082	0.090642065	-0.07839637	0.093025714	-0.0675763	0.0702949	-0.08750358	0.09192481	-0.13017161	0.06255721	-0.066794336	0.14286911	-0.1391084	0.1285716	-0.10131962	0.10784505	-0.4588859	0.27257878	-0.28543666	0.13988417	-0.050919697	0.99999934	-0.75763726	0.2578693	-0.14511748	0.059336346
-0.0691754	0.04705916	-0.036970817	0.05405054	-0.042740878	0.08798959	-0.06306351	0.060134523	-0.05056633	0.04086796	-0.08431138	0.071871325	-0.08636712	0.062267713	-0.06557675	0.07951064	-0.08612817	0.117057286	-0.061074052	0.06397793	-0.13428418	0.127784	-0.123058155	0.10209297	-0.112687245	0.2751551	-0.32263064	0.25572422	-0.16842145	0.05326456	-0.75763726	0.9999991	-0.43177152	0.1614312	-0.06325445
0.10067259	-0.06900185	0.05388466	-0.079325736	0.061827634	-0.12965879	0.0905379	-0.08762818	0.07337821	-0.059836425	0.11498347	-0.100485675	0.122326456	-0.09118014	0.09458832	-0.1058415	0.11392683	-0.17965482	0.09285987	-0.099571705	0.16356558	-0.17031637	0.18162197	-0.16520612	0.16461971	-0.27102387	0.24666202	-0.5727894	0.27411598	-0.08705799	0.2578693	-0.43177152	0.9999993	-0.4548385	0.09907569
-0.073258676	0.0505742	-0.039760903	0.0587592	-0.04695558	0.09262188	-0.06649854	0.06437977	-0.05518984	0.045403723	-0.0841794	0.072807565	-0.09127322	0.072100796	-0.076095685	0.07434084	-0.08158455	0.12731588	-0.09636787	0.09659281	-0.11543709	0.11510739	-0.13523878	0.19761384	-0.20929427	0.13898517	-0.13452011	0.23859008	-0.7764738	0.12174834	-0.14511748	0.1614312	-0.4548385	0.9999993	-0.15250458
0.06213095	-0.043670792	0.03401755	-0.051028192	0.039944716	-0.07985828	0.055312842	-0.054794736	0.04703737	-0.039600436	0.06500096	-0.057872932	0.07285345	-0.06376029	0.065369606	-0.055868886	0.06076717	-0.10543078	0.08715063	-0.10442949	0.080005385	-0.08453211	0.09643927	-0.1903071	0.21662262	-0.07136054	0.06544569	-0.110487334	0.13735805	-0.91921616	0.059336346	-0.06325445	0.09907569	-0.15250458	0.9999993
