0.99999994	-0.8127014	0.11800117	-0.10974794	0.13810636	-0.4874503	0.1389857	-0.10363843	0.073306374	-0.080687	0.13377652	-0.09472524	0.1173077	-0.08141275	0.12326618	-0.08219355	0.088285625	-0.069006816	0.08654647	-0.054401502	0.075435095	-0.082712434	0.061391365	-0.06282229	0.051737353	-0.07736725	0.05718833	-0.056989912	0.06835315	-0.05360147	0.049942747	-0.044849183	0.08531616	-0.056464024	0.060109396
-0.8127014	0.9999997	-0.18015355	0.14829606	-0.2082452	0.3033761	-0.19485508	0.13841781	-0.107104264	0.11816498	-0.18169093	0.12887223	-0.16836534	0.11725336	-0.18458137	0.111276664	-0.1251316	0.097838916	-0.12682448	0.07921773	-0.10673767	0.116034955	-0.0879727	0.090946406	-0.075587	0.10835081	-0.08229362	0.081650265	-0.09977611	0.07805895	-0.07254061	0.06470819	-0.12610267	0.08244373	-0.0883536
0.11800117	-0.18015355	0.9999997	-0.772898	0.22712849	-0.20758389	0.2664089	-0.42856678	0.12346356	-0.14064257	0.12487825	-0.13112387	0.16574186	-0.13744362	0.15288024	-0.09037818	0.09836099	-0.08662251	0.102416374	-0.06711286	0.08191148	-0.100408986	0.073246956	-0.07623591	0.061023608	-0.0917889	0.064598076	-0.06683499	0.076894425	-0.06213554	0.05433145	-0.05056994	0.0891854	-0.06397881	0.06564852
-0.10974794	0.14829606	-0.772898	0.9999996	-0.37849364	0.19111274	-0.3058783	0.25830308	-0.14923567	0.16648464	-0.13443233	0.13144372	-0.17807496	0.14911558	-0.18511881	0.094607815	-0.10538602	0.09124088	-0.11375066	0.07367265	-0.0874022	0.105183356	-0.07856347	0.08258892	-0.06712954	0.09621785	-0.06917599	0.071175285	-0.083653495	0.067269124	-0.05839967	0.054007396	-0.097006604	0.06899637	-0.07152243
0.13810636	-0.2082452	0.22712849	-0.37849364	0.99999946	-0.31011364	0.20002075	-0.18892783	0.24697104	-0.51427215	0.17957985	-0.16549611	0.20064591	-0.29198194	0.31355497	-0.13928194	0.15050304	-0.14041936	0.18295406	-0.12584502	0.13150708	-0.16458052	0.120338544	-0.1361648	0.11054282	-0.15567258	0.11014068	-0.11627926	0.13441332	-0.11161097	0.09319999	-0.08779988	0.15626061	-0.11501708	0.11579676
-0.4874503	0.3033761	-0.20758389	0.19111274	-0.31011364	0.9999992	-0.3257387	0.20663956	-0.16437945	0.17896631	-0.3517656	0.21631294	-0.27468824	0.18102235	-0.28398016	0.19090372	-0.20854844	0.15798268	-0.20062363	0.124904	-0.17788243	0.1890354	-0.14197493	0.14451149	-0.119575426	0.17635055	-0.132482	0.13085046	-0.1587884	0.12377838	-0.11625966	0.103599146	-0.19976935	0.13060027	-0.14006574
0.1389857	-0.19485508	0.2664089	-0.3058783	0.20002075	-0.3257387	0.9999993	-0.75750977	0.1375462	-0.14065377	0.1736316	-0.22411105	0.23613259	-0.1589776	0.16896938	-0.1251151	0.13408254	-0.11551986	0.12491489	-0.081427835	0.10834184	-0.13475981	0.095555924	-0.09502906	0.07468925	-0.1203451	0.082587436	-0.08521172	0.09573746	-0.076892704	0.06867042	-0.06409594	0.10974433	-0.079049915	0.08093582
-0.10363843	0.13841781	-0.42856678	0.25830308	-0.18892783	0.20663956	-0.75750977	0.99999917	-0.14302817	0.12686202	-0.15049256	0.18360259	-0.29449517	0.14537174	-0.15071891	0.10418604	-0.11566672	0.09951597	-0.108902	0.06951213	-0.0911615	0.111912206	-0.082770154	0.08102294	-0.063852385	0.098907314	-0.06904422	0.07086888	-0.08104527	0.06466282	-0.057241034	0.053167958	-0.091787875	0.06594754	-0.06813037
0.073306374	-0.107104264	0.12346356	-0.14923567	0.24697104	-0.16437945	0.1375462	-0.14302817	0.99999994	-0.53285366	0.12321626	-0.13453472	0.17520255	-0.71915066	0.2717188	-0.09635738	0.10709254	-0.10864236	0.16907449	-0.10625923	0.08957362	-0.11621253	0.09151711	-0.11447195	0.0882609	-0.10442781	0.07575875	-0.08118347	0.09845057	-0.0819202	0.06135839	-0.05829336	0.10086355	-0.07888618	0.080426395
-0.080687	0.11816498	-0.14064257	0.16648464	-0.51427215	0.17896631	-0.14065377	0.12686202	-0.53285366	0.9999999	-0.12833908	0.12255338	-0.16231507	0.2969782	-0.5387777	0.098265976	-0.10968736	0.10564134	-0.16261372	0.11003185	-0.09337309	0.1175805	-0.09168629	0.10960003	-0.09424129	0.10834851	-0.07940692	0.08403456	-0.10273258	0.08495505	-0.06556216	0.061740316	-0.11009986	0.08329456	-0.08610086
0.13377652	-0.18169093	0.12487825	-0.13443233	0.17957985	-0.3517656	0.1736316	-0.15049256	0.12321626	-0.12833908	0.99999964	-0.50340635	0.28083602	-0.15696886	0.18216847	-0.5340354	0.2864434	-0.19815087	0.17338845	-0.11385282	0.24874121	-0.27036625	0.16139044	-0.14323191	0.107268736	-0.26002815	0.14676961	-0.14858004	0.14709435	-0.115434125	0.116959125	-0.11069474	0.16065799	-0.1181986	0.119325295
-0.09472524	0.12887223	-0.13112387	0.13144372	-0.16549611	0.21631294	-0.22411105	0.18360259	-0.13453472	0.12255338	-0.50340635	0.99999964	-0.6767426	0.167104	-0.16885197	0.23795506	-0.31802714	0.17882425	-0.15617575	0.09721475	-0.177501	0.20990132	-0.14720488	0.12188461	-0.09194137	0.16919924	-0.11219699	0.11163239	-0.12156349	0.09409376	-0.088970296	0.0823796	-0.12973249	0.094487555	-0.09794527
0.1173077	-0.16836534	0.16574186	-0.17807496	0.20064591	-0.27468824	0.23613259	-0.29449517	0.17520255	-0.16231507	0.28083602	-0.6767426	0.9999992	-0.2728165	0.20304726	-0.21752207	0.23265858	-0.23410968	0.18197477	-0.116838746	0.17054221	-0.23068628	0.16659096	-0.14513507	0.10741088	-0.1893853	0.12388151	-0.12866533	0.13803731	-0.109831765	0.09831788	-0.09327153	0.14624907	-0.10993183	0.11152429
-0.08141275	0.11725336	-0.13744362	0.14911558	-0.29198194	0.18102235	-0.1589776	0.14537174	-0.71915066	0.2969782	-0.15696886	0.167104	-0.2728165	0.9999991	-0.37177745	0.118304886	-0.13546923	0.13640544	-0.27424186	0.13479297	-0.11065956	0.1415532	-0.11767717	0.14730509	-0.11539632	0.12575123	-0.09382166	0.099743254	-0.12657496	0.10224345	-0.07516934	0.070951395	-0.124204226	0.09658026	-0.10114974
0.12326618	-0.18458137	0.15288024	-0.18511881	0.31355497	-0.28398016	0.16896938	-0.15071891	0.2717188	-0.5387777	0.18216847	-0.16885197	0.20304726	-0.37177745	0.99999905	-0.14663255	0.15987633	-0.1577275	0.2188645	-0.19492939	0.1407234	-0.18040873	0.13569283	-0.16624133	0.14856486	-0.16989431	0.122199744	-0.13116948	0.15564778	-0.13455392	0.101909146	-0.09689719	0.17220363	-0.1327172	0.13343057
-0.08219355	0.111276664	-0.09037818	0.094607815	-0.13928194	0.19090372	-0.1251151	0.10418604	-0.09635738	0.098265976	-0.5340354	0.23795506	-0.21752207	0.118304886	-0.14663255	0.99999905	-0.51965725	0.191498	-0.16277397	0.101788595	-0.4984136	0.282611	-0.16856603	0.13310374	-0.099445775	0.2572111	-0.15218273	0.13928911	-0.14247766	0.10636444	-0.119685374	0.10643069	-0.15325466	0.10809131	-0.113016
0.088285625	-0.1251316	0.09836099	-0.10538602	0.15050304	-0.20854844	0.13408254	-0.11566672	0.10709254	-0.10968736	0.2864434	-0.31802714	0.23265858	-0.13546923	0.15987633	-0.51965725	0.9999994	-0.36132237	0.19311513	-0.1235019	0.27706835	-0.5487941	0.24669957	-0.17120408	0.119099006	-0.25685927	0.16789699	-0.1639436	0.16302395	-0.12387412	0.12118793	-0.114256464	0.16196647	-0.12164941	0.1248633
-0.069006816	0.097838916	-0.08662251	0.09124088	-0.14041936	0.15798268	-0.11551986	0.09951597	-0.10864236	0.10564134	-0.19815087	0.17882425	-0.23410968	0.13640544	-0.1577275	0.191498	-0.36132237	0.999999	-0.31098723	0.15758838	-0.18963334	0.28826106	-0.7366952	0.25013	-0.16491382	0.17843537	-0.15054694	0.15241894	-0.20179406	0.1416474	-0.1066359	0.09861065	-0.1623477	0.12587196	-0.13866615
0.08654647	-0.12682448	0.102416374	-0.11375066	0.18295406	-0.20062363	0.12491489	-0.108902	0.16907449	-0.16261372	0.17338845	-0.15617575	0.18197477	-0.27424186	0.2188645	-0.16277397	0.19311513	-0.31098723	0.9999992	-0.44002223	0.16415222	-0.24359936	0.24643046	-0.551518	0.28620794	-0.20381255	0.1634845	-0.19336273	0.26531583	-0.23223281	0.11940127	-0.118424	0.19651996	-0.18756294	0.18816872
-0.054401502	0.07921773	-0.06711286	0.07367265	-0.12584502	0.124904	-0.081427835	0.06951213	-0.10625923	0.11003185	-0.11385282	0.09721475	-0.116838746	0.13479297	-0.19492939	0.101788595	-0.1235019	0.15758838	-0.44002223	0.99999917	-0.10752988	0.1463103	-0.15838481	0.27673548	-0.7738904	0.12909387	-0.117260985	0.13063028	-0.22382534	0.20986317	-0.085850626	0.0824502	-0.16089907	0.14115092	-0.18859312
0.075435095	-0.10673767	0.08191148	-0.0874022	0.13150708	-0.17788243	0.10834184	-0.0911615	0.08957362	-0.09337309	0.24874121	-0.177501	0.17054221	-0.11065956	0.1407234	-0.4984136	0.27706835	-0.18963334	0.16415222	-0.10752988	0.9999993	-0.41266128	0.17368616	-0.14382277	0.10467616	-0.61825204	0.20562373	-0.18919417	0.15850085	-0.11834828	0.1564345	-0.14566278	0.16638215	-0.12103798	0.122035384
-0.082712434	0.116034955	-0.100408986	0.105183356	-0.16458052	0.1890354	-0.13475981	0.111912206	-0.11621253	0.1175805	-0.27036625	0.20990132	-0.23068628	0.1415532	-0.18040873	0.282611	-0.5487941	0.28826106	-0.24359936	0.1463103	-0.41266128	0.9999993	-0.40748855	0.20951645	-0.14963888	0.27124378	-0.25749382	0.20328817	-0.21729533	0.152674	-0.1566776	0.13980867	-0.20953245	0.14855272	-0.16089737
0.061391365	-0.0879727	0.073246956	-0.07856347	0.120338544	-0.14197493	0.095555924	-0.082770154	0.09151711	-0.09168629	0.16139044	-0.14720488	0.16659096	-0.11767717	0.13569283	-0.16856603	0.24669957	-0.7366952	0.24643046	-0.15838481	0.17368616	-0.40748855	0.99999887	-0.36826578	0.15940714	-0.17452924	0.14829221	-0.16323273	0.19599059	-0.14160493	0.098589264	-0.09391356	0.14588118	-0.120293796	0.12802503
-0.06282229	0.090946406	-0.07623591	0.08258892	-0.1361648	0.14451149	-0.09502906	0.08102294	-0.11447195	0.10960003	-0.14323191	0.12188461	-0.14513507	0.14730509	-0.16624133	0.13310374	-0.17120408	0.25013	-0.551518	0.27673548	-0.14382277	0.20951645	-0.36826578	0.9999988	-0.40353155	0.16738033	-0.1662232	0.18943298	-0.4697998	0.23527	-0.10802811	0.10419706	-0.18345116	0.16699965	-0.1971156
0.051737353	-0.075587	0.061023608	-0.06712954	0.11054282	-0.119575426	0.07468925	-0.063852385	0.0882609	-0.09424129	0.107268736	-0.09194137	0.10741088	-0.11539632	0.14856486	-0.099445775	0.119099006	-0.16491382	0.28620794	-0.7738904	0.10467616	-0.14963888	0.15940714	-0.40353155	0.999999	-0.1296225	0.11575161	-0.1362727	0.22807594	-0.29583886	0.082609184	-0.08120847	0.15059817	-0.14928153	0.18435593
-0.07736725	0.10835081	-0.0917889	0.09621785	-0.15567258	0.17635055	-0.1203451	0.098907314	-0.10442781	0.10834851	-0.26002815	0.16919924	-0.1893853	0.12575123	-0.16989431	0.2572111	-0.25685927	0.17843537	-0.20381255	0.12909387	-0.61825204	0.27124378	-0.17452924	0.16738033	-0.1296225	0.9999989	-0.38350832	0.24345411	-0.21962626	0.15317927	-0.2927161	0.21365945	-0.24478094	0.1615053	-0.16949569
0.05718833	-0.08229362	0.064598076	-0.06917599	0.11014068	-0.132482	0.082587436	-0.06904422	0.07575875	-0.07940692	0.14676961	-0.11219699	0.12388151	-0.09382166	0.122199744	-0.15218273	0.16789699	-0.15054694	0.1634845	-0.117260985	0.20562373	-0.25749382	0.14829221	-0.1662232	0.11575161	-0.38350832	0.999999	-0.74795485	0.23280868	-0.16318715	0.21025223	-0.26808286	0.19389735	-0.153852	0.14616784
-0.056989912	0.081650265	-0.06683499	0.071175285	-0.11627926	0.13085046	-0.08521172	0.07086888	-0.08118347	0.08403456	-0.14858004	0.11163239	-0.12866533	0.099743254	-0.13116948	0.13928911	-0.1639436	0.15241894	-0.19336273	0.13063028	-0.18919417	0.20328817	-0.16323273	0.18943298	-0.1362727	0.24345411	-0.74795485	0.99999905	-0.39849916	0.18942334	-0.19471987	0.18543673	-0.2374547	0.17049359	-0.18294103
0.06835315	-0.09977611	0.076894425	-0.083653495	0.13441332	-0.1587884	0.09573746	-0.08104527	0.09845057	-0.10273258	0.14709435	-0.12156349	0.13803731	-0.12657496	0.15564778	-0.14247766	0.16302395	-0.20179406	0.26531583	-0.22382534	0.15850085	-0.21729533	0.19599059	-0.4697998	0.22807594	-0.21962626	0.23280868	-0.39849916	0.9999988	-0.514355	0.1364187	-0.14116801	0.23076321	-0.27237877	0.269439
-0.05360147	0.07805895	-0.06213554	0.067269124	-0.11161097	0.12377838	-0.076892704	0.06466282	-0.0819202	0.08495505	-0.115434125	0.09409376	-0.109831765	0.10224345	-0.13455392	0.10636444	-0.12387412	0.1416474	-0.23223281	0.20986317	-0.11834828	0.152674	-0.14160493	0.23527	-0.29583886	0.15317927	-0.16318715	0.18942334	-0.514355	0.9999989	-0.1122976	0.110119045	-0.25571388	0.26130185	-0.6457239
0.049942747	-0.07254061	0.05433145	-0.05839967	0.09319999	-0.11625966	0.06867042	-0.057241034	0.06135839	-0.06556216	0.116959125	-0.088970296	0.09831788	-0.07516934	0.101909146	-0.119685374	0.12118793	-0.1066359	0.11940127	-0.085850626	0.1564345	-0.1566776	0.098589264	-0.10802811	0.082609184	-0.2927161	0.21025223	-0.19471987	0.1364187	-0.1122976	0.9999985	-0.86612314	0.20284578	-0.15237701	0.11477406
-0.044849183	0.06470819	-0.05056994	0.054007396	-0.08779988	0.103599146	-0.06409594	0.053167958	-0.05829336	0.061740316	-0.11069474	0.0823796	-0.09327153	0.070951395	-0.09689719	0.10643069	-0.114256464	0.09861065	-0.118424	0.0824502	-0.14566278	0.13980867	-0.09391356	0.10419706	-0.08120847	0.21365945	-0.26808286	0.18543673	-0.14116801	0.110119045	-0.86612314	0.99999857	-0.2664157	0.15064402	-0.119519815
0.08531616	-0.12610267	0.0891854	-0.097006604	0.15626061	-0.19976935	0.10974433	-0.091787875	0.10086355	-0.11009986	0.16065799	-0.12973249	0.14624907	-0.124204226	0.17220363	-0.15325466	0.16196647	-0.1623477	0.19651996	-0.16089907	0.16638215	-0.20953245	0.14588118	-0.18345116	0.15059817	-0.24478094	0.19389735	-0.2374547	0.23076321	-0.25571388	0.20284578	-0.2664157	0.9999984	-0.67426604	0.2727645
-0.056464024	0.08244373	-0.06397881	0.06899637	-0.11501708	0.13060027	-0.079049915	0.06594754	-0.07888618	0.08329456	-0.1181986	0.094487555	-0.10993183	0.09658026	-0.1327172	0.10809131	-0.12164941	0.12587196	-0.18756294	0.14115092	-0.12103798	0.14855272	-0.120293796	0.16699965	-0.14928153	0.1615053	-0.153852	0.17049359	-0.27237877	0.26130185	-0.15237701	0.15064402	-0.67426604	0.99999845	-0.5411645
0.060109396	-0.0883536	0.06564852	-0.07152243	0.11579676	-0.14006574	0.08093582	-0.06813037	0.080426395	-0.08610086	0.119325295	-0.09794527	0.11152429	-0.10114974	0.13343057	-0.113016	0.1248633	-0.13866615	0.18816872	-0.18859312	0.122035384	-0.16089737	0.12802503	-0.1971156	0.18435593	-0.16949569	0.14616784	-0.18294103	0.269439	-0.6457239	0.11477406	-0.119519815	0.2727645	-0.5411645	0.99999845
