1.0	0.0	0.0	0.0	0.0	0.0	0.0	0.0	0.0	0.0	0.0	0.0	0.0	0.0	0.0	0.0	0.0	0.0	0.0	0.0	0.0	0.0	0.0	0.0	0.0	0.0	0.0	0.0	0.0	0.0	0.0	0.0	0.0	0.0	0.0
0.0	1.0000006	-0.018843152	0.015331773	-0.0112483725	0.035401072	-0.057127107	0.030924996	-0.020553784	0.013298032	-0.030874422	0.027447548	-0.023915239	0.01532908	-0.011504337	0.016841752	-0.015190167	0.017098367	-0.01645308	0.0113452915	-0.01179121	0.014171432	-0.011683896	0.01262599	-0.008259306	0.011573393	-0.01134931	0.011007489	-0.010545514	0.008968879	-0.003926824	0.0035844315	-0.011190374	0.0077019166	-0.012571636
0.0	-0.018843152	1.0000007	-0.7732677	0.2568937	-0.11960379	0.17746425	-0.3124549	0.22796875	-0.327006	0.12942469	-0.15525697	0.17417961	-0.1690466	0.12697734	-0.13519458	0.117003426	-0.1544537	0.15211727	-0.1302028	0.0946749	-0.11886701	0.1047274	-0.1214811	0.08070876	-0.10121183	0.096523225	-0.10077037	0.09499893	-0.08949637	0.03472743	-0.031903546	0.09932405	-0.06954002	0.11231657
0.0	0.015331773	-0.7732677	1.0000005	-0.42017794	0.098444365	-0.16007017	0.2004413	-0.2688029	0.27258325	-0.11536466	0.12510695	-0.15182272	0.15336984	-0.11540576	0.10834428	-0.09756725	0.12695426	-0.14093581	0.11012453	-0.078425616	0.096370295	-0.08757079	0.09903888	-0.06778893	0.08185983	-0.080239065	0.08294116	-0.079724535	0.07383206	-0.029010234	0.026554821	-0.0836689	0.05825775	-0.09478646
0.0	-0.0112483725	0.2568937	-0.42017794	1.0000001	-0.07262376	0.107102245	-0.1298914	0.1818539	-0.8241402	0.083858244	-0.09456812	0.10420389	-0.13250007	0.13208014	-0.09786077	0.084567435	-0.112771176	0.1224723	-0.1284643	0.07073961	-0.087601885	0.082429364	-0.09733631	0.06985947	-0.07661915	0.07409008	-0.0799983	0.07807823	-0.0766374	0.028259192	-0.025866827	0.082459174	-0.05755992	0.094824776
0.0	0.035401072	-0.11960379	0.098444365	-0.07262376	0.9999999	-0.5444659	0.2285067	-0.14474016	0.086207114	-0.7278962	0.25788948	-0.22127683	0.1095743	-0.07853973	0.14613993	-0.12968732	0.13098054	-0.12049961	0.078220844	-0.100419655	0.112345226	-0.08689578	0.09096331	-0.05708797	0.089954376	-0.08953857	0.080797285	-0.07474987	0.06226275	-0.027939318	0.02560503	-0.07723812	0.05357648	-0.08412965
0.0	-0.057127107	0.17746425	-0.16007017	0.107102245	-0.5444659	0.9999996	-0.5384804	0.20230177	-0.13399006	0.30147	-0.39234525	0.28082064	-0.16307127	0.11022828	-0.18667008	0.16658299	-0.18549311	0.16063622	-0.1137334	0.12263189	-0.15522969	0.1180432	-0.12909372	0.07977299	-0.12282181	0.11720088	-0.11140047	0.10108672	-0.08835632	0.0376721	-0.03470379	0.10409546	-0.072868325	0.11418546
0.0	0.030924996	-0.3124549	0.2004413	-0.1298914	0.2285067	-0.5384804	0.9999993	-0.3334048	0.15084653	-0.26046354	0.29071626	-0.5435395	0.1951387	-0.12503329	0.16161563	-0.1596013	0.1909871	-0.18809524	0.12222642	-0.11495457	0.1415436	-0.118946984	0.12637876	-0.0813022	0.11298097	-0.11274598	0.10851663	-0.1007764	0.088519566	-0.036947865	0.033885233	-0.10402462	0.0725265	-0.114777826
0.0	-0.020553784	0.22796875	-0.2688029	0.1818539	-0.14474016	0.20230177	-0.3334048	0.99999934	-0.24382856	0.15779638	-0.19944006	0.2181786	-0.6323636	0.22472131	-0.20607814	0.17852649	-0.27183008	0.28947753	-0.23695019	0.14151803	-0.18419833	0.1658082	-0.19633019	0.1293021	-0.15519361	0.14559232	-0.15650144	0.14241669	-0.14402737	0.05131859	-0.04743176	0.1456745	-0.10359341	0.16391508
0.0	0.013298032	-0.327006	0.27258325	-0.8241402	0.086207114	-0.13399006	0.15084653	-0.24382856	0.99999905	-0.10328616	0.110483855	-0.1272533	0.15458012	-0.18079174	0.10842233	-0.09750783	0.12737241	-0.15199868	0.14464803	-0.08083527	0.0981337	-0.094748095	0.108086064	-0.08033409	0.08525829	-0.08503941	0.09052441	-0.09086106	0.08588742	-0.032813355	0.029882517	-0.096752755	0.0669167	-0.11156098
0.0	-0.030874422	0.12942469	-0.11536466	0.083858244	-0.7278962	0.30147	-0.26046354	0.15779638	-0.10328616	0.99999905	-0.4416735	0.2374607	-0.13023724	0.092500016	-0.21642965	0.16734745	-0.16643836	0.1403887	-0.09472459	0.12785017	-0.14895394	0.10716993	-0.11409725	0.069535315	-0.117144935	0.1125633	-0.101211384	0.091384575	-0.076648176	0.03447209	-0.03172861	0.09387257	-0.0654707	0.10167784
0.0	0.027447548	-0.15525697	0.12510695	-0.09456812	0.25788948	-0.39234525	0.29071626	-0.19944006	0.110483855	-0.4416735	0.99999946	-0.63533014	0.15739968	-0.110444896	0.19763547	-0.282585	0.21302089	-0.18327804	0.108238705	-0.14085126	0.17860545	-0.13109636	0.12885243	-0.07966539	0.1278298	-0.13368948	0.116282515	-0.10639262	0.08617448	-0.03951897	0.036172494	-0.10900617	0.07551086	-0.11729672
0.0	-0.023915239	0.17417961	-0.15182272	0.10420389	-0.22127683	0.28082064	-0.5435395	0.2181786	-0.1272533	0.2374607	-0.63533014	0.99999934	-0.20055357	0.11959871	-0.18775877	0.2008135	-0.2694363	0.19187018	-0.120880716	0.12749271	-0.17098324	0.13399674	-0.13761735	0.08368458	-0.1258642	0.12500401	-0.11854579	0.10599134	-0.09157687	0.038866293	-0.035779335	0.107872196	-0.07562292	0.11720915
0.0	0.01532908	-0.1690466	0.15336984	-0.13250007	0.1095743	-0.16307127	0.1951387	-0.6323636	0.15458012	-0.13023724	0.15739968	-0.20055357	0.9999994	-0.3472339	0.15767129	-0.15574671	0.23864871	-0.5318281	0.24070519	-0.11484802	0.14663775	-0.1457524	0.16056606	-0.11789608	0.11999183	-0.1202346	0.12820527	-0.12044805	0.12336508	-0.042263348	0.03882172	-0.12259197	0.08679385	-0.1386208
0.0	-0.011504337	0.12697734	-0.11540576	0.13208014	-0.07853973	0.11022828	-0.12503329	0.22472131	-0.18079174	0.092500016	-0.110444896	0.11959871	-0.3472339	0.9999996	-0.1325152	0.1192391	-0.17639934	0.23426436	-0.8074114	0.09761148	-0.12452168	0.1355717	-0.17885041	0.19454263	-0.10736955	0.106242865	-0.12733375	0.12676436	-0.20620048	0.04157695	-0.03838547	0.12535983	-0.09294281	0.15185367
0.0	0.016841752	-0.13519458	0.10834428	-0.09786077	0.14613993	-0.18667008	0.16161563	-0.20607814	0.10842233	-0.21642965	0.19763547	-0.18775877	0.15767129	-0.1325152	0.99999946	-0.48348805	0.24898782	-0.23682122	0.12737484	-0.599753	0.29890144	-0.19464892	0.1786624	-0.11065619	0.277129	-0.28979602	0.186667	-0.17549624	0.118221104	-0.07081624	0.064090535	-0.18056001	0.121634625	-0.18365774
0.0	-0.015190167	0.117003426	-0.09756725	0.084567435	-0.12968732	0.16658299	-0.1596013	0.17852649	-0.09750783	0.16734745	-0.282585	0.2008135	-0.15574671	0.1192391	-0.48348805	0.9999993	-0.46414542	0.23053922	-0.120488204	0.25665653	-0.55668664	0.20307513	-0.18140651	0.101119235	-0.2279582	0.24197052	-0.17921175	0.14756747	-0.10870012	0.05645515	-0.052209526	0.14628518	-0.1021216	0.14975508
0.0	0.017098367	-0.1544537	0.12695426	-0.112771176	0.13098054	-0.18549311	0.1909871	-0.27183008	0.12737241	-0.16643836	0.21302089	-0.2694363	0.23864871	-0.17639934	0.24898782	-0.46414542	0.9999996	-0.54503554	0.17238171	-0.19580743	0.25933757	-0.36521545	0.23871152	-0.1365426	0.18291599	-0.20948592	0.21109758	-0.18376917	0.14114308	-0.061786573	0.056486636	-0.17994015	0.12544754	-0.18864991
0.0	-0.01645308	0.15211727	-0.14093581	0.1224723	-0.12049961	0.16063622	-0.18809524	0.28947753	-0.15199868	0.1403887	-0.18327804	0.19187018	-0.5318281	0.23426436	-0.23682122	0.23053922	-0.54503554	0.99999946	-0.28483447	0.16162811	-0.22512637	0.21588899	-0.24560446	0.14714743	-0.17342615	0.16869502	-0.18579465	0.16047853	-0.15817685	0.055927515	-0.05183915	0.15881445	-0.11407262	0.17456552
0.0	0.0113452915	-0.1302028	0.11012453	-0.1284643	0.078220844	-0.1137334	0.12222642	-0.23695019	0.14464803	-0.09472459	0.108238705	-0.120880716	0.24070519	-0.8074114	0.12737484	-0.120488204	0.17238171	-0.28483447	0.99999946	-0.097709134	0.121759474	-0.14285082	0.1774134	-0.2854123	0.10482674	-0.107842095	0.1286106	-0.13637732	0.20427097	-0.04345941	0.039830547	-0.13492684	0.09894253	-0.16831513
0.0	-0.01179121	0.0946749	-0.078425616	0.07073961	-0.100419655	0.12263189	-0.11495457	0.14151803	-0.08083527	0.12785017	-0.14085126	0.12749271	-0.11484802	0.09761148	-0.599753	0.25665653	-0.19580743	0.16162811	-0.097709134	0.9999996	-0.37770087	0.1615613	-0.15609303	0.089472264	-0.5842641	0.28651187	-0.17464378	0.1438696	-0.0977753	0.07479936	-0.07046931	0.14600708	-0.10062172	0.14380042
0.0	0.014171432	-0.11886701	0.096370295	-0.087601885	0.112345226	-0.15522969	0.1415436	-0.18419833	0.0981337	-0.14895394	0.17860545	-0.17098324	0.14663775	-0.12452168	0.29890144	-0.55668664	0.25933757	-0.22512637	0.121759474	-0.37770087	0.9999992	-0.25963727	0.19757596	-0.11396744	0.2835393	-0.5102968	0.22402805	-0.187181	0.12073228	-0.0706592	0.06468254	-0.18236303	0.1252747	-0.17937386
0.0	-0.011683896	0.1047274	-0.08757079	0.082429364	-0.08689578	0.1180432	-0.118946984	0.1658082	-0.094748095	0.10716993	-0.13109636	0.13399674	-0.1457524	0.1355717	-0.19464892	0.20307513	-0.36521545	0.21588899	-0.14285082	0.1615613	-0.25963727	0.999999	-0.6170204	0.18596394	-0.18478703	0.21581988	-0.5016406	0.25276387	-0.19544432	0.06815397	-0.063679904	0.2169474	-0.16479209	0.21134715
0.0	0.01262599	-0.1214811	0.09903888	-0.09733631	0.09096331	-0.12909372	0.12637876	-0.19633019	0.108086064	-0.11409725	0.12885243	-0.13761735	0.16056606	-0.17885041	0.1786624	-0.18140651	0.23871152	-0.24560446	0.1774134	-0.15609303	0.19757596	-0.6170204	0.99999934	-0.36824483	0.16842946	-0.19962452	0.28984064	-0.33921817	0.25437662	-0.081722274	0.07438411	-0.2780851	0.20253247	-0.29975218
0.0	-0.008259306	0.08070876	-0.06778893	0.06985947	-0.05708797	0.07977299	-0.0813022	0.1293021	-0.08033409	0.069535315	-0.07966539	0.08368458	-0.11789608	0.19454263	-0.11065619	0.101119235	-0.1365426	0.14714743	-0.2854123	0.089472264	-0.11396744	0.18596394	-0.36824483	0.99999934	-0.10212382	0.10841593	-0.16264334	0.18194896	-0.8005862	0.047303673	-0.04395352	0.15557502	-0.13120742	0.21242067
0.0	0.011573393	-0.10121183	0.08185983	-0.07661915	0.089954376	-0.12282181	0.11298097	-0.15519361	0.08525829	-0.117144935	0.1278298	-0.1258642	0.11999183	-0.10736955	0.277129	-0.2279582	0.18291599	-0.17342615	0.10482674	-0.5842641	0.2835393	-0.18478703	0.16842946	-0.10212382	0.99999934	-0.60809994	0.21645027	-0.18916282	0.110410824	-0.11926108	0.100058086	-0.19297503	0.1278758	-0.17797618
0.0	-0.01134931	0.096523225	-0.080239065	0.07409008	-0.08953857	0.11720088	-0.11274598	0.14559232	-0.08503941	0.1125633	-0.13368948	0.12500401	-0.1202346	0.106242865	-0.28979602	0.24197052	-0.20948592	0.16869502	-0.107842095	0.28651187	-0.5102968	0.21581988	-0.19962452	0.10841593	-0.60809994	0.9999993	-0.36753216	0.19841734	-0.11953962	0.08640769	-0.08257675	0.18605967	-0.13385469	0.17204455
0.0	0.011007489	-0.10077037	0.08294116	-0.0799983	0.080797285	-0.11140047	0.10851663	-0.15650144	0.09052441	-0.101211384	0.116282515	-0.11854579	0.12820527	-0.12733375	0.186667	-0.17921175	0.21109758	-0.18579465	0.1286106	-0.17464378	0.22402805	-0.5016406	0.28984064	-0.16264334	0.21645027	-0.36753216	0.999999	-0.51835966	0.17446013	-0.096159354	0.08902412	-0.3745464	0.2509877	-0.271895
0.0	-0.010545514	0.09499893	-0.079724535	0.07807823	-0.07474987	0.10108672	-0.1007764	0.14241669	-0.09086106	0.091384575	-0.10639262	0.10599134	-0.12044805	0.12676436	-0.17549624	0.14756747	-0.18376917	0.16047853	-0.13637732	0.1438696	-0.187181	0.25276387	-0.33921817	0.18194896	-0.18916282	0.19841734	-0.51835966	0.9999988	-0.24449952	0.08846544	-0.08726807	0.3147917	-0.5518695	0.29480362
0.0	0.008968879	-0.08949637	0.07383206	-0.0766374	0.06226275	-0.08835632	0.088519566	-0.14402737	0.08588742	-0.076648176	0.08617448	-0.09157687	0.12336508	-0.20620048	0.118221104	-0.10870012	0.14114308	-0.15817685	0.20427097	-0.0977753	0.12073228	-0.19544432	0.25437662	-0.8005862	0.110410824	-0.11953962	0.17446013	-0.24449952	0.99999887	-0.056454845	0.0521512	-0.19427249	0.16513652	-0.3235325
0.0	-0.003926824	0.03472743	-0.029010234	0.028259192	-0.027939318	0.0376721	-0.036947865	0.05131859	-0.032813355	0.03447209	-0.03951897	0.038866293	-0.042263348	0.04157695	-0.07081624	0.05645515	-0.061786573	0.055927515	-0.04345941	0.07479936	-0.0706592	0.06815397	-0.081722274	0.047303673	-0.11926108	0.08640769	-0.096159354	0.08846544	-0.056454845	0.99999875	-0.95714575	0.16055453	-0.09941398	0.09356543
0.0	0.0035844315	-0.031903546	0.026554821	-0.025866827	0.02560503	-0.03470379	0.033885233	-0.04743176	0.029882517	-0.03172861	0.036172494	-0.035779335	0.03882172	-0.03838547	0.064090535	-0.052209526	0.056486636	-0.05183915	0.039830547	-0.07046931	0.06468254	-0.063679904	0.07438411	-0.04395352	0.100058086	-0.08257675	0.08902412	-0.08726807	0.0521512	-0.95714575	0.9999985	-0.19730796	0.09646616	-0.09179151
0.0	-0.011190374	0.09932405	-0.0836689	0.082459174	-0.07723812	0.10409546	-0.10402462	0.1456745	-0.096752755	0.09387257	-0.10900617	0.107872196	-0.12259197	0.12535983	-0.18056001	0.14628518	-0.17994015	0.15881445	-0.13492684	0.14600708	-0.18236303	0.2169474	-0.2780851	0.15557502	-0.19297503	0.18605967	-0.3745464	0.3147917	-0.19427249	0.16055453	-0.19730796	0.9999987	-0.5933387	0.309391
0.0	0.0077019166	-0.06954002	0.05825775	-0.05755992	0.05357648	-0.072868325	0.0725265	-0.10359341	0.0669167	-0.0654707	0.07551086	-0.07562292	0.08679385	-0.09294281	0.121634625	-0.1021216	0.12544754	-0.11407262	0.09894253	-0.10062172	0.1252747	-0.16479209	0.20253247	-0.13120742	0.1278758	-0.13385469	0.2509877	-0.5518695	0.16513652	-0.09941398	0.09646616	-0.5933387	0.9999988	-0.482301
0.0	-0.012571636	0.11231657	-0.09478646	0.094824776	-0.08412965	0.11418546	-0.114777826	0.16391508	-0.11156098	0.10167784	-0.11729672	0.11720915	-0.1386208	0.15185367	-0.18365774	0.14975508	-0.18864991	0.17456552	-0.16831513	0.14380042	-0.17937386	0.21134715	-0.29975218	0.21242067	-0.17797618	0.17204455	-0.271895	0.29480362	-0.3235325	0.09356543	-0.09179151	0.309391	-0.482301	0.9999988
