0.9999999	-0.8177786	0.26840574	-0.24629843	0.16747838	-0.21174257	0.21345872	-0.19570501	0.17876232	-0.16558528	0.16757669	-0.19790323	0.137217	-0.14923812	0.12831959	-0.087394394	0.12616992	-0.15243845	0.11025247	-0.10161777	0.09840104	-0.13630918	0.13233604	-0.10054243	0.13922231	-0.04979812	0.034854446	-0.03742149	0.054439537	-0.02746624	0.029817294	-0.03511836	0.037557933	-0.03686936	0.029565306
-0.8177786	0.99999994	-0.39527237	0.21064647	-0.1480835	0.1746558	-0.25724393	0.19831651	-0.17489995	0.14087123	-0.16123946	0.16620232	-0.12276628	0.12701632	-0.11221485	0.078297324	-0.10931858	0.12766394	-0.09542264	0.08715843	-0.09100909	0.11100295	-0.11516315	0.08617305	-0.12158314	0.040833786	-0.029141972	0.03131871	-0.04574461	0.022949932	-0.024647282	0.029054537	-0.031309865	0.030762693	-0.024693035
0.26840574	-0.39527237	0.99999964	-0.5302704	0.23318419	-0.21656494	0.27629253	-0.4703743	0.30078843	-0.24310547	0.19060959	-0.25980294	0.19357976	-0.20932831	0.17342101	-0.10108001	0.15290579	-0.20597817	0.14928319	-0.13702837	0.11470349	-0.16202801	0.17325082	-0.13328294	0.18193485	-0.06222552	0.0439762	-0.04745933	0.06920296	-0.03484825	0.037315488	-0.044173628	0.04732162	-0.046789855	0.037322275
-0.24629843	0.21064647	-0.5302704	0.99999934	-0.36559257	0.17879409	-0.2619885	0.28858414	-0.5813826	0.27618828	-0.18847035	0.2179701	-0.18324246	0.20622134	-0.19767885	0.096122466	-0.14921607	0.18850069	-0.15759282	0.14535438	-0.11419499	0.14464709	-0.18442926	0.13832758	-0.20208384	0.06100958	-0.044373903	0.047918156	-0.07098632	0.035409972	-0.037128244	0.04396098	-0.04788224	0.047278102	-0.03803859
0.16747838	-0.1480835	0.23318419	-0.36559257	0.99999934	-0.14288671	0.18049876	-0.19318111	0.2708854	-0.67474794	0.151104	-0.21431515	0.1670806	-0.21050131	0.22850484	-0.08460543	0.14600348	-0.1986735	0.16132511	-0.17357261	0.09932764	-0.15282248	0.1843171	-0.14627343	0.20676497	-0.07041985	0.048589293	-0.052473176	0.07750925	-0.039263558	0.041999552	-0.049636602	0.053116176	-0.052524365	0.04213911
-0.21174257	0.1746558	-0.21656494	0.17879409	-0.14288671	0.9999993	-0.4933663	0.22771248	-0.18621677	0.14222564	-0.69758534	0.22999965	-0.15598544	0.14397797	-0.1223378	0.1932627	-0.16562472	0.14792721	-0.107872136	0.095628045	-0.22114812	0.15804757	-0.13048506	0.096135825	-0.13360311	0.045288973	-0.032860883	0.0350741	-0.050386567	0.025131311	-0.02751148	0.032161806	-0.0346086	0.033853855	-0.027006544
0.21345872	-0.25724393	0.27629253	-0.2619885	0.18049876	-0.4933663	0.9999993	-0.579982	0.2544014	-0.1984133	0.2666952	-0.33258742	0.20580745	-0.19466603	0.15288994	-0.12437291	0.15315984	-0.19385618	0.13665998	-0.12143374	0.13379131	-0.15822954	0.15793021	-0.11993329	0.1617457	-0.053822845	0.0387789	-0.041836195	0.06054754	-0.030332414	0.0324366	-0.038425747	0.0412298	-0.0408231	0.032394845
-0.19570501	0.19831651	-0.4703743	0.28858414	-0.19318111	0.22771248	-0.579982	0.99999934	-0.47797933	0.20663668	-0.21347454	0.2412231	-0.24278921	0.1941426	-0.15674743	0.0980882	-0.1352787	0.18314047	-0.13783832	0.120367795	-0.11351668	0.13290566	-0.15618359	0.11734193	-0.1612609	0.05025267	-0.036657996	0.03969024	-0.057941247	0.02889354	-0.030439626	0.036162104	-0.0390726	0.03880309	-0.030825725
0.17876232	-0.17489995	0.30078843	-0.5813826	0.2708854	-0.18621677	0.2544014	-0.47797933	0.9999994	-0.41531643	0.1717313	-0.24055895	0.19936562	-0.27329847	0.20026404	-0.089575365	0.13832618	-0.20287167	0.16619737	-0.15314257	0.102808826	-0.14059426	0.17512643	-0.13956739	0.18827988	-0.058263145	0.041974023	-0.045636173	0.06712143	-0.03361577	0.035113465	-0.04186775	0.04509364	-0.045112334	0.03572161
-0.16558528	0.14087123	-0.24310547	0.27618828	-0.67474794	0.14222564	-0.1984133	0.20663668	-0.41531643	0.9999997	-0.1556285	0.202023	-0.17384611	0.21821834	-0.36128476	0.08277176	-0.13837172	0.1945079	-0.18210806	0.19994101	-0.09835898	0.13589834	-0.19846368	0.15700153	-0.24043086	0.06457299	-0.046859514	0.050970946	-0.07618233	0.03803986	-0.039145462	0.04668457	-0.050754406	0.050747387	-0.040528204
0.16757669	-0.16123946	0.19060959	-0.18847035	0.151104	-0.69758534	0.2666952	-0.21347454	0.1717313	-0.1556285	0.9999999	-0.32552773	0.17561957	-0.1672383	0.13376325	-0.3536419	0.19013791	-0.17640537	0.12122114	-0.10733828	0.2421955	-0.20638996	0.14484224	-0.108544946	0.14634918	-0.05259471	0.037807006	-0.040274996	0.057172436	-0.028627332	0.031702917	-0.03709977	0.039554298	-0.0386992	0.030715277
-0.19790323	0.16620232	-0.25980294	0.2179701	-0.21431515	0.22999965	-0.33258742	0.2412231	-0.24055895	0.202023	-0.32552773	1.0000001	-0.59154326	0.2778424	-0.2384804	0.14538221	-0.26256844	0.29001287	-0.22329962	0.1809111	-0.16885383	0.20665058	-0.27333498	0.18767096	-0.2685422	0.07491748	-0.057576843	0.062390525	-0.09078997	0.044638555	-0.046152167	0.055085644	-0.060414817	0.059892185	-0.047635134
0.137217	-0.12276628	0.19357976	-0.18324246	0.1670806	-0.15598544	0.20580745	-0.24278921	0.19936562	-0.17384611	0.17561957	-0.59154326	1.0000002	-0.47234473	0.21060339	-0.0920393	0.16407576	-0.49872243	0.24089259	-0.17824736	0.10460928	-0.15131044	0.2431337	-0.18484513	0.2212738	-0.06314487	0.04821091	-0.053309012	0.07699606	-0.03797272	0.03842457	-0.04657273	0.0504365	-0.0513509	0.039719533
-0.14923812	0.12701632	-0.20932831	0.20622134	-0.21050131	0.14397797	-0.19466603	0.1941426	-0.27329847	0.21821834	-0.1672383	0.2778424	-0.47234473	1.0000001	-0.38799244	0.08954444	-0.1629651	0.30867398	-0.52310663	0.27470967	-0.10555543	0.15082556	-0.30449992	0.2544715	-0.3233461	0.07736895	-0.059398204	0.06594808	-0.09959537	0.048282396	-0.047218144	0.05757068	-0.062937714	0.06501427	-0.05017134
0.12831959	-0.11221485	0.17342101	-0.19767885	0.22850484	-0.1223378	0.15288994	-0.15674743	0.20026404	-0.36128476	0.13376325	-0.2384804	0.21060339	-0.38799244	1.0000006	-0.0757975	0.13748203	-0.27221003	0.28741348	-0.65880334	0.08817294	-0.14217009	0.22618757	-0.23098041	0.2859395	-0.076090686	0.05370062	-0.05986419	0.089298196	-0.045321856	0.045048907	-0.05495939	0.05816572	-0.06104776	0.046532497
-0.087394394	0.078297324	-0.10108001	0.096122466	-0.08460543	0.1932627	-0.12437291	0.0980882	-0.089575365	0.08277176	-0.3536419	0.14538221	-0.0920393	0.08954444	-0.0757975	1.0000005	-0.2684139	0.1006659	-0.0687659	0.060776006	-0.84373033	0.22371967	-0.08703422	0.06318279	-0.085887946	0.036032476	-0.025987172	0.026715852	-0.03637227	0.018062662	-0.022112759	0.024603873	-0.026073666	0.024666935	-0.019615026
0.12616992	-0.10931858	0.15290579	-0.14921607	0.14600348	-0.16562472	0.15315984	-0.1352787	0.13832618	-0.13837172	0.19013791	-0.26256844	0.16407576	-0.1629651	0.13748203	-0.2684139	1.0000001	-0.21837519	0.13007826	-0.113166034	0.23265605	-0.82289016	0.1707217	-0.1219388	0.16047028	-0.06840784	0.055540916	-0.056548897	0.07109679	-0.035531543	0.04183245	-0.049687047	0.05146953	-0.048953686	0.03833764
-0.15243845	0.12766394	-0.20597817	0.18850069	-0.1986735	0.14792721	-0.19385618	0.18314047	-0.20287167	0.1945079	-0.17640537	0.29001287	-0.49872243	0.30867398	-0.27221003	0.1006659	-0.21837519	1.0000001	-0.39534524	0.2335366	-0.11772125	0.18213059	-0.5108858	0.27688196	-0.33337042	0.08775846	-0.07261366	0.080909476	-0.1128909	0.05446693	-0.054354694	0.06648616	-0.07317293	0.074018694	-0.056900118
0.11025247	-0.09542264	0.14928319	-0.15759282	0.16132511	-0.107872136	0.13665998	-0.13783832	0.16619737	-0.18210806	0.12122114	-0.22329962	0.24089259	-0.52310663	0.28741348	-0.0687659	0.13007826	-0.39534524	1.0000001	-0.4752363	0.079982206	-0.12854493	0.28696182	-0.46151245	0.3070143	-0.07530103	0.056476705	-0.06476603	0.09999533	-0.04869297	0.04508929	-0.056292318	0.06026955	-0.066526175	0.04833772
-0.10161777	0.08715843	-0.13702837	0.14535438	-0.17357261	0.095628045	-0.12143374	0.120367795	-0.15314257	0.19994101	-0.10733828	0.1809111	-0.17824736	0.27470967	-0.65880334	0.060776006	-0.113166034	0.2335366	-0.4752363	1.0000001	-0.07119454	0.11302417	-0.23680444	0.25085288	-0.4448173	0.066258155	-0.04899351	0.055177156	-0.08484839	0.041896243	-0.039703436	0.04898155	-0.05263218	0.056234654	-0.04251737
0.09840104	-0.09100909	0.11470349	-0.11419499	0.09932764	-0.22114812	0.13379131	-0.11351668	0.102808826	-0.09835898	0.2421955	-0.16885383	0.10460928	-0.10555543	0.08817294	-0.84373033	0.23265605	-0.11772125	0.079982206	-0.07119454	0.99999994	-0.3159814	0.10091322	-0.07398389	0.09964144	-0.044068664	0.031437114	-0.03218068	0.043234855	-0.02150947	0.026712198	-0.029700354	0.031224655	-0.029462364	0.023365349
-0.13630918	0.11100295	-0.16202801	0.14464709	-0.15282248	0.15804757	-0.15822954	0.13290566	-0.14059426	0.13589834	-0.20638996	0.20665058	-0.15131044	0.15082556	-0.14217009	0.22371967	-0.82289016	0.18213059	-0.12854493	0.11302417	-0.3159814	0.99999976	-0.18767884	0.1242122	-0.17364167	0.070391886	-0.062946886	0.060967255	-0.07636768	0.03758989	-0.044601846	0.05236272	-0.05550791	0.05163139	-0.04107226
0.13233604	-0.11516315	0.17325082	-0.18442926	0.1843171	-0.13048506	0.15793021	-0.15618359	0.17512643	-0.19846368	0.14484224	-0.27333498	0.2431337	-0.30449992	0.22618757	-0.08703422	0.1707217	-0.5108858	0.28696182	-0.23680444	0.10091322	-0.18767884	1.0000001	-0.5804284	0.3074811	-0.121731706	0.101833686	-0.12981743	0.14752796	-0.073453665	0.073037416	-0.093209624	0.097322166	-0.10389641	0.07287431
-0.10054243	0.08617305	-0.13328294	0.13832758	-0.14627343	0.096135825	-0.11993329	0.11734193	-0.13956739	0.15700153	-0.108544946	0.18767096	-0.18484513	0.2544715	-0.23098041	0.06318279	-0.1219388	0.27688196	-0.46151245	0.25085288	-0.07398389	0.1242122	-0.5804284	0.9999999	-0.54394794	0.09672841	-0.0773636	0.09145249	-0.16490906	0.06892547	-0.058306057	0.07489443	-0.08169848	0.09538142	-0.06602344
0.13922231	-0.12158314	0.18193485	-0.20208384	0.20676497	-0.13360311	0.1617457	-0.1612609	0.18827988	-0.24043086	0.14634918	-0.2685422	0.2212738	-0.3233461	0.2859395	-0.085887946	0.16047028	-0.33337042	0.3070143	-0.4448173	0.09964144	-0.17364167	0.3074811	-0.54394794	0.99999964	-0.11125566	0.07657483	-0.08797176	0.13424645	-0.07050162	0.06472502	-0.08086084	0.083948925	-0.09393557	0.068812445
-0.04979812	0.040833786	-0.06222552	0.06100958	-0.07041985	0.045288973	-0.053822845	0.05025267	-0.058263145	0.06457299	-0.05259471	0.07491748	-0.06314487	0.07736895	-0.076090686	0.036032476	-0.06840784	0.08775846	-0.07530103	0.066258155	-0.044068664	0.070391886	-0.121731706	0.09672841	-0.11125566	0.999999	-0.31646225	0.22782741	-0.3380527	0.1449718	-0.6938786	0.32179508	-0.34764522	0.22079185	-0.18698815
0.034854446	-0.029141972	0.0439762	-0.044373903	0.048589293	-0.032860883	0.0387789	-0.036657996	0.041974023	-0.046859514	0.037807006	-0.057576843	0.04821091	-0.059398204	0.05370062	-0.025987172	0.055540916	-0.07261366	0.056476705	-0.04899351	0.031437114	-0.062946886	0.101833686	-0.0773636	0.07657483	-0.31646225	0.999999	-0.7964865	0.22573406	-0.106790654	0.21208803	-0.38317186	0.2449624	-0.19086377	0.11293065
-0.03742149	0.03131871	-0.04745933	0.047918156	-0.052473176	0.0350741	-0.041836195	0.03969024	-0.045636173	0.050970946	-0.040274996	0.062390525	-0.053309012	0.06594808	-0.05986419	0.026715852	-0.056548897	0.080909476	-0.06476603	0.055177156	-0.03218068	0.060967255	-0.12981743	0.09145249	-0.08797176	0.22782741	-0.7964865	0.99999917	-0.33805832	0.12373951	-0.18720022	0.25157723	-0.33770117	0.21329959	-0.1378311
0.054439537	-0.04574461	0.06920296	-0.07098632	0.07750925	-0.050386567	0.06054754	-0.057941247	0.06712143	-0.07618233	0.057172436	-0.09078997	0.07699606	-0.09959537	0.089298196	-0.03637227	0.07109679	-0.1128909	0.09999533	-0.08484839	0.043234855	-0.07636768	0.14752796	-0.16490906	0.13424645	-0.3380527	0.22573406	-0.33805832	0.9999996	-0.39145023	0.19115902	-0.28145954	0.29704338	-0.59140915	0.27091545
-0.02746624	0.022949932	-0.03484825	0.035409972	-0.039263558	0.025131311	-0.030332414	0.02889354	-0.03361577	0.03803986	-0.028627332	0.044638555	-0.03797272	0.048282396	-0.045321856	0.018062662	-0.035531543	0.05446693	-0.04869297	0.041896243	-0.02150947	0.03758989	-0.073453665	0.06892547	-0.07050162	0.1449718	-0.106790654	0.12373951	-0.39145023	0.99999917	-0.09135152	0.122650646	-0.16398469	0.22932525	-0.86669356
0.029817294	-0.024647282	0.037315488	-0.037128244	0.041999552	-0.02751148	0.0324366	-0.030439626	0.035113465	-0.039145462	0.031702917	-0.046152167	0.03842457	-0.047218144	0.045048907	-0.022112759	0.04183245	-0.054354694	0.04508929	-0.039703436	0.026712198	-0.044601846	0.073037416	-0.058306057	0.06472502	-0.6938786	0.21208803	-0.18720022	0.19115902	-0.09135152	0.9999988	-0.6131677	0.23825118	-0.17073934	0.10795705
-0.03511836	0.029054537	-0.044173628	0.04396098	-0.049636602	0.032161806	-0.038425747	0.036162104	-0.04186775	0.04668457	-0.03709977	0.055085644	-0.04657273	0.05757068	-0.05495939	0.024603873	-0.049687047	0.06648616	-0.056292318	0.04898155	-0.029700354	0.05236272	-0.093209624	0.07489443	-0.08086084	0.32179508	-0.38317186	0.25157723	-0.28145954	0.122650646	-0.6131677	0.99999917	-0.48357853	0.23119244	-0.15171279
0.037557933	-0.031309865	0.04732162	-0.04788224	0.053116176	-0.0346086	0.0412298	-0.0390726	0.04509364	-0.050754406	0.039554298	-0.060414817	0.0504365	-0.062937714	0.05816572	-0.026073666	0.05146953	-0.07317293	0.06026955	-0.05263218	0.031224655	-0.05550791	0.097322166	-0.08169848	0.083948925	-0.34764522	0.2449624	-0.33770117	0.29704338	-0.16398469	0.23825118	-0.48357853	0.99999917	-0.6189693	0.17650883
-0.03686936	0.030762693	-0.046789855	0.047278102	-0.052524365	0.033853855	-0.0408231	0.03880309	-0.045112334	0.050747387	-0.0386992	0.059892185	-0.0513509	0.06501427	-0.06104776	0.024666935	-0.048953686	0.074018694	-0.066526175	0.056234654	-0.029462364	0.05163139	-0.10389641	0.09538142	-0.09393557	0.22079185	-0.19086377	0.21329959	-0.59140915	0.22932525	-0.17073934	0.23119244	-0.6189693	0.99999917	-0.31662706
0.029565306	-0.024693035	0.037322275	-0.03803859	0.04213911	-0.027006544	0.032394845	-0.030825725	0.03572161	-0.040528204	0.030715277	-0.047635134	0.039719533	-0.05017134	0.046532497	-0.019615026	0.03833764	-0.056900118	0.04833772	-0.04251737	0.023365349	-0.04107226	0.07287431	-0.06602344	0.068812445	-0.18698815	0.11293065	-0.1378311	0.27091545	-0.86669356	0.10795705	-0.15171279	0.17650883	-0.31662706	0.99999917
