1.0	-0.59177136	0.23851642	-0.19144464	0.111866824	-0.5866071	0.31192362	-0.11696077	0.14801508	-0.107313134	0.21526524	-0.21448824	0.124184616	-0.08659977	0.08742243	-0.15873557	0.14806528	-0.06849466	0.058275755	-0.0397213	0.098002635	-0.09814971	0.049199775	-0.04743793	0.038358107	-0.022282284	0.025666086	-0.028844133	0.027444003	-0.025552139	0.030771036	-0.018808497	0.014912376	-0.010922742	0.012317746
-0.59177136	1.0000001	-0.47072577	0.20995283	-0.12711485	0.2893903	-0.4711709	0.12153837	-0.16794282	0.1121617	-0.20740859	0.20094189	-0.13355184	0.08367031	-0.08614111	0.1358758	-0.15035799	0.0647735	-0.05617354	0.037237085	-0.09434334	0.089320436	-0.045554075	0.043375906	-0.03621239	0.020186054	-0.023007445	0.025294468	-0.025213448	0.02332845	-0.027522901	0.016546335	-0.0131689515	0.009911479	-0.01121873
0.23851642	-0.47072577	0.99999994	-0.6048445	0.21234989	-0.17192642	0.20280048	-0.17261241	0.25827822	-0.20398848	0.14144756	-0.14901622	0.16448656	-0.12938167	0.12674093	-0.10740904	0.113544695	-0.08619027	0.074213766	-0.05434821	0.07599756	-0.07418198	0.06318396	-0.061834462	0.052182626	-0.022834357	0.028357886	-0.034079414	0.036420185	-0.033904742	0.03433301	-0.021666402	0.01753942	-0.014408976	0.016320571
-0.19144464	0.20995283	-0.6048445	1.0	-0.4187104	0.122955136	-0.15741536	0.17747456	-0.48813754	0.26861882	-0.11585932	0.11559877	-0.18861002	0.13672042	-0.14117262	0.08391425	-0.09360571	0.08084733	-0.07272878	0.05234651	-0.061573815	0.058583	-0.056914322	0.05488743	-0.050962817	0.01803357	-0.02247298	0.02680038	-0.033205118	0.0304874	-0.027121896	0.016921544	-0.013949687	0.0127495695	-0.014577191
0.111866824	-0.12711485	0.21234989	-0.4187104	1.0000001	-0.079389036	0.09597587	-0.1364927	0.2879643	-0.7877238	0.0790209	-0.080937594	0.13468069	-0.13253307	0.13297223	-0.060684595	0.06667186	-0.07375801	0.064756826	-0.049866956	0.044756953	-0.04320627	0.051706605	-0.05123077	0.047004636	-0.015461804	0.019926488	-0.024584306	0.030756194	-0.028580751	0.024139212	-0.015359126	0.012721958	-0.011898247	0.013565834
-0.5866071	0.2893903	-0.17192642	0.122955136	-0.079389036	1.0	-0.6025925	0.102014534	-0.111287765	0.07492599	-0.37338436	0.25529948	-0.113701195	0.064379685	-0.0658344	0.18096475	-0.18198422	0.057237446	-0.049059328	0.030041909	-0.11379022	0.10733109	-0.0386196	0.036419272	-0.029216573	0.0203784	-0.021947175	0.022727912	-0.020680794	0.01916941	-0.026003592	0.015183836	-0.011892249	0.008160635	-0.009199164
0.31192362	-0.4711709	0.20280048	-0.15741536	0.09597587	-0.6025925	1.0000002	-0.13783151	0.13425586	-0.092971586	0.268975	-0.43368483	0.14084414	-0.07862315	0.078996085	-0.19303052	0.19757618	-0.068400174	0.0578253	-0.036103863	0.11813278	-0.121714704	0.045885734	-0.043714866	0.0349526	-0.022699967	0.024924787	-0.02658406	0.024736144	-0.022978729	0.029613331	-0.017599823	0.013846541	-0.009776813	0.011022816
-0.11696077	0.12153837	-0.17261241	0.17747456	-0.1364927	0.102014534	-0.13783151	1.0000001	-0.38190368	0.15137424	-0.12560835	0.14727215	-0.83914715	0.13003065	-0.12401684	0.0891006	-0.10752561	0.100267604	-0.08900787	0.049226068	-0.064947	0.062399335	-0.059909917	0.05605881	-0.04803403	0.016756438	-0.020385358	0.02381013	-0.0306063	0.02803212	-0.024455955	0.015065562	-0.01245942	0.011603473	-0.013275394
0.14801508	-0.16794282	0.25827822	-0.48813754	0.2879643	-0.111287765	0.13425586	-0.38190368	1.0000004	-0.45522228	0.11500409	-0.123756126	0.25471166	-0.25569063	0.1991285	-0.089677915	0.098930806	-0.12109032	0.107118055	-0.07504446	0.06557357	-0.06395182	0.07949989	-0.07899071	0.07128428	-0.02251843	0.029022932	-0.035863176	0.046079908	-0.04270074	0.03511212	-0.022352811	0.018580863	-0.017711595	0.020217888
-0.107313134	0.1121617	-0.20398848	0.26861882	-0.7877238	0.07492599	-0.092971586	0.15137424	-0.45522228	1.0000001	-0.0776404	0.079229444	-0.16132323	0.14345866	-0.16483812	0.058324136	-0.06566758	0.07565288	-0.0685847	0.05265021	-0.043333553	0.04149675	-0.05170138	0.05053621	-0.05031971	0.014339307	-0.018435726	0.022547366	-0.031229699	0.028694035	-0.022262245	0.014027874	-0.011774355	0.011809315	-0.013556767
0.21526524	-0.20740859	0.14144756	-0.11585932	0.0790209	-0.37338436	0.268975	-0.12560835	0.11500409	-0.0776404	0.99999994	-0.57584476	0.13808525	-0.075070284	0.07556906	-0.5438418	0.2996805	-0.076051876	0.06348367	-0.036163613	0.20149013	-0.2091999	0.048152607	-0.045312148	0.03506801	-0.03102455	0.031345055	-0.030565519	0.025197979	-0.02342793	0.03664295	-0.020875044	0.016064271	-0.009972835	0.011187228
-0.21448824	0.20094189	-0.14901622	0.11559877	-0.080937594	0.25529948	-0.43368483	0.14727215	-0.123756126	0.079229444	-0.57584476	0.99999964	-0.20030531	0.0776075	-0.07880351	0.2919953	-0.50263965	0.08411243	-0.071773246	0.037111953	-0.20269294	0.1929849	-0.050472252	0.04649793	-0.036249913	0.030008648	-0.03046213	0.029135114	-0.025321217	0.023401642	-0.035625335	0.019923659	-0.015417952	0.00990172	-0.011147284
0.124184616	-0.13355184	0.16448656	-0.18861002	0.13468069	-0.113701195	0.14084414	-0.83914715	0.25471166	-0.16132323	0.13808525	-0.20030531	0.99999964	-0.1551604	0.13435572	-0.10509155	0.121280655	-0.13092029	0.10337767	-0.057145637	0.07383181	-0.073590785	0.07021784	-0.06746957	0.05484165	-0.01988076	0.02433396	-0.028814686	0.03565666	-0.03295103	0.029232001	-0.01820607	0.014991864	-0.0136588905	0.015564358
-0.08659977	0.08367031	-0.12938167	0.13672042	-0.13253307	0.064379685	-0.07862315	0.13003065	-0.25569063	0.14345866	-0.075070284	0.0776075	-0.1551604	0.99999964	-0.81177753	0.063489914	-0.0751787	0.22521418	-0.30978215	0.1724937	-0.047743857	0.047166355	-0.13894679	0.13479467	-0.1717216	0.022936411	-0.032297693	0.04165084	-0.08991307	0.079928994	-0.038678523	0.024560707	-0.022447933	0.03149005	-0.036960717
0.08742243	-0.08614111	0.12674093	-0.14117262	0.13297223	-0.0658344	0.078996085	-0.12401684	0.1991285	-0.16483812	0.07556906	-0.07880351	0.13435572	-0.81177753	0.99999946	-0.06627021	0.07619507	-0.25094426	0.21926089	-0.24394725	0.049089912	-0.04935733	0.13303043	-0.14593515	0.1748145	-0.024474844	0.03440698	-0.045616865	0.09148404	-0.08834559	0.04118576	-0.026823152	0.024133693	-0.03308763	0.03808346
-0.15873557	0.1358758	-0.10740904	0.08391425	-0.060684595	0.18096475	-0.19303052	0.0891006	-0.089677915	0.058324136	-0.5438418	0.2919953	-0.10509155	0.063489914	-0.06627021	0.9999996	-0.5766824	0.07980371	-0.06870769	0.033261586	-0.44182637	0.28326502	-0.047416538	0.042881384	-0.032622404	0.044018142	-0.04064696	0.03366684	-0.023771076	0.022017555	-0.046491984	0.02410399	-0.018100457	0.009391932	-0.010474315
0.14806528	-0.15035799	0.113544695	-0.09360571	0.06667186	-0.18198422	0.19757618	-0.10752561	0.098930806	-0.06566758	0.2996805	-0.50263965	0.121280655	-0.0751787	0.07619507	-0.5766824	0.99999976	-0.114121795	0.08674982	-0.03885408	0.28718704	-0.4541122	0.05613721	-0.051457755	0.03783112	-0.03794697	0.03646018	-0.033084605	0.026559131	-0.024600124	0.041957777	-0.023051715	0.017570682	-0.01037511	0.011628713
-0.06849466	0.0647735	-0.08619027	0.08084733	-0.07375801	0.057237446	-0.068400174	0.100267604	-0.12109032	0.07565288	-0.076051876	0.08411243	-0.13092029	0.22521418	-0.25094426	0.07980371	-0.114121795	1.0	-0.8432313	0.14538236	-0.056969143	0.061215844	-0.28043148	0.21860528	-0.14826086	0.021621171	-0.029645178	0.03779057	-0.07993811	0.070770964	-0.035240486	0.022143625	-0.020410972	0.027698796	-0.03218041
0.058275755	-0.05617354	0.074213766	-0.07272878	0.064756826	-0.049059328	0.0578253	-0.08900787	0.107118055	-0.0685847	0.06348367	-0.071773246	0.10337767	-0.30978215	0.21926089	-0.06870769	0.08674982	-0.8432313	0.9999997	-0.16587476	0.047338918	-0.052272517	0.2143635	-0.26653466	0.13764927	-0.01880874	0.025905477	-0.03362335	0.07260988	-0.06670682	0.03075768	-0.019585414	0.01804826	-0.025147771	0.028920788
-0.0397213	0.037237085	-0.05434821	0.05234651	-0.049866956	0.030041909	-0.036103863	0.049226068	-0.07504446	0.05265021	-0.036163613	0.037111953	-0.057145637	0.1724937	-0.24394725	0.033261586	-0.03885408	0.14538236	-0.16587476	0.9999998	-0.026162632	0.02606306	-0.12803933	0.12812042	-0.86935025	0.02947397	-0.046320174	0.06369226	-0.23386812	0.20636296	-0.05450399	0.035017136	-0.035962336	0.07068686	-0.0854427
0.098002635	-0.09434334	0.07599756	-0.061573815	0.044756953	-0.11379022	0.11813278	-0.064947	0.06557357	-0.043333553	0.20149013	-0.20269294	0.07383181	-0.047743857	0.049089912	-0.44182637	0.28718704	-0.056969143	0.047338918	-0.026162632	0.9999999	-0.80648035	0.03584711	-0.03328974	0.025295723	-0.077821404	0.05957364	-0.043221716	0.021043755	-0.01983467	0.06570271	-0.032543268	0.023393786	-0.008653491	0.009424907
-0.09814971	0.089320436	-0.07418198	0.058583	-0.04320627	0.10733109	-0.121714704	0.062399335	-0.06395182	0.04149675	-0.2091999	0.1929849	-0.073590785	0.047166355	-0.04935733	0.28326502	-0.4541122	0.061215844	-0.052272517	0.02606306	-0.80648035	0.9999999	-0.037372295	0.033810265	-0.025435526	0.062103663	-0.05380068	0.038328588	-0.020284873	0.01897074	-0.059765458	0.028793277	-0.020958254	0.008227399	-0.009019308
0.049199775	-0.045554075	0.06318396	-0.056914322	0.051706605	-0.0386196	0.045885734	-0.059909917	0.07949989	-0.05170138	0.048152607	-0.050472252	0.07021784	-0.13894679	0.13303043	-0.047416538	0.05613721	-0.28043148	0.2143635	-0.12803933	0.03584711	-0.037372295	0.9999999	-0.90546274	0.119581066	-0.023102675	0.033964973	-0.049634237	0.091139205	-0.088431686	0.040031545	-0.027006092	0.025674056	-0.032892287	0.035395194
-0.04743793	0.043375906	-0.061834462	0.05488743	-0.05123077	0.036419272	-0.043714866	0.05605881	-0.07899071	0.05053621	-0.045312148	0.04649793	-0.06746957	0.13479467	-0.14593515	0.042881384	-0.051457755	0.21860528	-0.26653466	0.12812042	-0.03328974	0.033810265	-0.90546274	0.99999994	-0.14082634	0.023022324	-0.034310166	0.04804327	-0.10571332	0.09141058	-0.04057529	0.026524272	-0.025709352	0.035023123	-0.038561728
0.038358107	-0.03621239	0.052182626	-0.050962817	0.047004636	-0.029216573	0.0349526	-0.04803403	0.07128428	-0.05031971	0.03506801	-0.036249913	0.05484165	-0.1717216	0.1748145	-0.032622404	0.03783112	-0.14826086	0.13764927	-0.86935025	0.025295723	-0.025435526	0.119581066	-0.14082634	0.99999994	-0.026635334	0.04142665	-0.060116917	0.20578325	-0.2971056	0.048534647	-0.0324751	0.03275795	-0.06701947	0.07648326
-0.022282284	0.020186054	-0.022834357	0.01803357	-0.015461804	0.0203784	-0.022699967	0.016756438	-0.02251843	0.014339307	-0.03102455	0.030008648	-0.01988076	0.022936411	-0.024474844	0.044018142	-0.03794697	0.021621171	-0.01880874	0.02947397	-0.077821404	0.062103663	-0.023102675	0.023022324	-0.026635334	1.0000004	-0.66495013	0.2536245	-0.05131099	0.050686233	-0.6602074	0.21589832	-0.14709568	0.024199316	-0.024162035
0.025666086	-0.023007445	0.028357886	-0.02247298	0.019926488	-0.021947175	0.024924787	-0.020385358	0.029022932	-0.018435726	0.031345055	-0.03046213	0.02433396	-0.032297693	0.03440698	-0.04064696	0.03646018	-0.029645178	0.025905477	-0.046320174	0.05957364	-0.05380068	0.033964973	-0.034310166	0.04142665	-0.66495013	1.0000004	-0.47834304	0.084406815	-0.084453605	0.33297876	-0.40658185	0.23595475	-0.039338097	0.038780645
-0.028844133	0.025294468	-0.034079414	0.02680038	-0.024584306	0.022727912	-0.02658406	0.02381013	-0.035863176	0.022547366	-0.030565519	0.029135114	-0.028814686	0.04165084	-0.045616865	0.03366684	-0.033084605	0.03779057	-0.03362335	0.06369226	-0.043221716	0.038328588	-0.049634237	0.04804327	-0.060116917	0.2536245	-0.47834304	1.0000002	-0.16273691	0.12464247	-0.48470867	0.32374856	-0.58189225	0.06401176	-0.06555048
0.027444003	-0.025213448	0.036420185	-0.033205118	0.030756194	-0.020680794	0.024736144	-0.0306063	0.046079908	-0.031229699	0.025197979	-0.025321217	0.03565666	-0.08991307	0.09148404	-0.023771076	0.026559131	-0.07993811	0.07260988	-0.23386812	0.021043755	-0.020284873	0.091139205	-0.10571332	0.20578325	-0.05131099	0.084406815	-0.16273691	1.0000001	-0.8581442	0.094916545	-0.07057504	0.07862658	-0.24927102	0.19790319
-0.025552139	0.02332845	-0.033904742	0.0304874	-0.028580751	0.01916941	-0.022978729	0.02803212	-0.04270074	0.028694035	-0.02342793	0.023401642	-0.03295103	0.079928994	-0.08834559	0.022017555	-0.024600124	0.070770964	-0.06670682	0.20636296	-0.01983467	0.01897074	-0.088431686	0.09141058	-0.2971056	0.050686233	-0.084453605	0.12464247	-0.8581442	1.0000001	-0.096757635	0.06357379	-0.0728288	0.18443178	-0.22861406
0.030771036	-0.027522901	0.03433301	-0.027121896	0.024139212	-0.026003592	0.029613331	-0.024455955	0.03511212	-0.022262245	0.03664295	-0.035625335	0.029232001	-0.038678523	0.04118576	-0.046491984	0.041957777	-0.035240486	0.03075768	-0.05450399	0.06570271	-0.059765458	0.040031545	-0.04057529	0.048534647	-0.6602074	0.33297876	-0.48470867	0.094916545	-0.096757635	0.99999994	-0.39526197	0.23419476	-0.044372357	0.04379204
-0.018808497	0.016546335	-0.021666402	0.016921544	-0.015359126	0.015183836	-0.017599823	0.015065562	-0.022352811	0.014027874	-0.020875044	0.019923659	-0.01820607	0.024560707	-0.026823152	0.02410399	-0.023051715	0.022143625	-0.019585414	0.035017136	-0.032543268	0.028793277	-0.027006092	0.026524272	-0.0324751	0.21589832	-0.40658185	0.32374856	-0.07057504	0.06357379	-0.39526197	0.99999994	-0.73651737	0.040363993	-0.0409918
0.014912376	-0.0131689515	0.01753942	-0.013949687	0.012721958	-0.011892249	0.013846541	-0.01245942	0.018580863	-0.011774355	0.016064271	-0.015417952	0.014991864	-0.022447933	0.024133693	-0.018100457	0.017570682	-0.020410972	0.01804826	-0.035962336	0.023393786	-0.020958254	0.025674056	-0.025709352	0.03275795	-0.14709568	0.23595475	-0.58189225	0.07862658	-0.0728288	0.23419476	-0.73651737	0.9999995	-0.04711333	0.044959657
-0.010922742	0.009911479	-0.014408976	0.0127495695	-0.011898247	0.008160635	-0.009776813	0.011603473	-0.017711595	0.011809315	-0.009972835	0.00990172	-0.0136588905	0.03149005	-0.03308763	0.009391932	-0.01037511	0.027698796	-0.025147771	0.07068686	-0.008653491	0.008227399	-0.032892287	0.035023123	-0.06701947	0.024199316	-0.039338097	0.06401176	-0.24927102	0.18443178	-0.044372357	0.040363993	-0.04711333	0.9999994	-0.94495475
0.012317746	-0.01121873	0.016320571	-0.014577191	0.013565834	-0.009199164	0.011022816	-0.013275394	0.020217888	-0.013556767	0.011187228	-0.011147284	0.015564358	-0.036960717	0.03808346	-0.010474315	0.011628713	-0.03218041	0.028920788	-0.0854427	0.009424907	-0.009019308	0.035395194	-0.038561728	0.07648326	-0.024162035	0.038780645	-0.06555048	0.19790319	-0.22861406	0.04379204	-0.0409918	0.044959657	-0.94495475	0.9999994
