1.0000001	-0.24007456	0.1540097	-0.049804028	0.05229834	-0.8813686	0.23366006	-0.18302351	0.068345666	-0.07299704	0.19223703	-0.19047225	0.12656745	-0.119565256	0.07708668	-0.1371951	0.103019305	-0.11362614	0.09374559	-0.07346133	0.048821606	-0.10535525	0.08614499	-0.07586701	0.06278167	-0.058229312	0.078246586	-0.0755665	0.05639127	-0.04919652	0.078711115	-0.06799776	0.07584172	-0.06942275	0.07355913
-0.24007456	1.0000001	-0.62552506	0.08302145	-0.08713621	0.1908043	-0.63345355	0.30388102	-0.093849465	0.09368838	-0.16307099	0.15582877	-0.17538226	0.14514539	-0.09473101	0.11831075	-0.09768345	0.13070773	-0.11241301	0.08631216	-0.044591222	0.098498106	-0.095868744	0.08178259	-0.06993742	0.052640144	-0.08009773	0.07942052	-0.060980517	0.05414013	-0.08211358	0.06940617	-0.08086298	0.07337021	-0.0800204
0.1540097	-0.62552506	1.0000001	-0.12705648	0.11547336	-0.1433234	0.3167323	-0.59583026	0.12758741	-0.13192181	0.14433281	-0.15141302	0.22686382	-0.20998791	0.12288422	-0.14149377	0.1085651	-0.18100142	0.14430602	-0.11579932	0.053276557	-0.11856557	0.12027381	-0.105932504	0.0876879	-0.06405209	0.09663251	-0.100847974	0.07726402	-0.06871171	0.098132834	-0.08555663	0.09959883	-0.09404455	0.09855523
-0.049804028	0.08302145	-0.12705648	1.0	-0.8792159	0.042688876	-0.08089464	0.102919474	-0.35752898	0.24142446	-0.061820336	0.059957728	-0.10986153	0.14922671	-0.12361059	0.07010349	-0.053306893	0.09325356	-0.105328105	0.09834361	-0.027349072	0.060479995	-0.068357825	0.06351425	-0.06169505	0.032934856	-0.053250663	0.056016136	-0.04717305	0.04701122	-0.056706455	0.048318245	-0.05870869	0.05560432	-0.064806014
0.05229834	-0.08713621	0.11547336	-0.8792159	0.9999996	-0.045436688	0.08307834	-0.10824012	0.25753644	-0.32377347	0.06651368	-0.06567462	0.11402812	-0.16636395	0.13624588	-0.081285	0.06016295	-0.10599789	0.11415293	-0.11662178	0.031532697	-0.06958645	0.07667866	-0.07320038	0.07008876	-0.038213298	0.06048608	-0.06419818	0.053902663	-0.05422861	0.06428762	-0.055481397	0.06662122	-0.06439587	0.07353854
-0.8813686	0.1908043	-0.1433234	0.042688876	-0.045436688	0.99999976	-0.3006119	0.15757881	-0.058513563	0.0610486	-0.24097462	0.17487392	-0.11368411	0.09976108	-0.065878674	0.113910854	-0.091322206	0.09516276	-0.080295555	0.06158381	-0.04093895	0.0886646	-0.07351376	0.06319508	-0.053056464	0.04804998	-0.066739045	0.063379295	-0.04736483	0.04131585	-0.067219205	0.057077337	-0.06427809	0.05770442	-0.062118556
0.23366006	-0.63345355	0.3167323	-0.08089464	0.08307834	-0.3006119	0.99999964	-0.5026402	0.10816396	-0.112650126	0.19609158	-0.23791935	0.21414468	-0.18917266	0.11325379	-0.15307361	0.123671316	-0.16985726	0.13602659	-0.10668123	0.056396723	-0.12663472	0.11761438	-0.10195207	0.084328026	-0.06705287	0.09874408	-0.09936795	0.07503004	-0.065958865	0.0992034	-0.08574883	0.09856118	-0.09123782	0.09601293
-0.18302351	0.30388102	-0.59583026	0.102919474	-0.10824012	0.15757881	-0.5026402	0.99999946	-0.14697286	0.13413434	-0.17521973	0.17372674	-0.42913964	0.22497965	-0.13824683	0.14182553	-0.11814736	0.19603665	-0.16580616	0.12210535	-0.05420665	0.12161797	-0.13457596	0.1093748	-0.09307324	0.06413173	-0.10250738	0.10499565	-0.08103416	0.071720906	-0.10361397	0.08823737	-0.10534857	0.09591223	-0.10347664
0.068345666	-0.093849465	0.12758741	-0.35752898	0.25753644	-0.058513563	0.10816396	-0.14697286	0.99999946	-0.75100154	0.09183628	-0.090700485	0.18464375	-0.36828607	0.23074798	-0.10651561	0.08138	-0.15565085	0.17982379	-0.18590173	0.04152197	-0.09286083	0.1078271	-0.101410516	0.09856896	-0.050038904	0.08178863	-0.08772014	0.074387275	-0.075785115	0.08572713	-0.073926814	0.09042431	-0.08705614	0.09853352
-0.07299704	0.09368838	-0.13192181	0.24142446	-0.32377347	0.0610486	-0.112650126	0.13413434	-0.75100154	0.99999946	-0.097370155	0.09234388	-0.18653302	0.25664133	-0.3693596	0.10829292	-0.084423065	0.15566751	-0.20833826	0.20384409	-0.042752154	0.095286585	-0.11454701	0.10661923	-0.112082146	0.051224846	-0.086325	0.09130161	-0.07977125	0.08281479	-0.09192758	0.07768735	-0.096948214	0.09121721	-0.109543554
0.19223703	-0.16307099	0.14433281	-0.061820336	0.06651368	-0.24097462	0.19609158	-0.17521973	0.09183628	-0.097370155	0.99999905	-0.80358464	0.19555938	-0.1724599	0.1113095	-0.30242562	0.2354343	-0.17444016	0.14041236	-0.10558653	0.09561737	-0.2131465	0.13875747	-0.11630006	0.09436668	-0.11025968	0.13883221	-0.12380963	0.087714	-0.07392	0.13219759	-0.1132664	0.12258645	-0.10706321	0.11140499
-0.19047225	0.15582877	-0.15141302	0.059957728	-0.06567462	0.17487392	-0.23791935	0.17372674	-0.090700485	0.09234388	-0.80358464	0.9999991	-0.24782108	0.16427276	-0.11044504	0.23452939	-0.31700522	0.16790596	-0.14066775	0.1010046	-0.083235286	0.19639744	-0.13785829	0.10894794	-0.090717025	0.09213182	-0.13674963	0.11698564	-0.083505444	0.07026021	-0.12875181	0.10609889	-0.11827913	0.09965532	-0.10654758
0.12656745	-0.17538226	0.22686382	-0.10986153	0.11402812	-0.11368411	0.21414468	-0.42913964	0.18464375	-0.18653302	0.19555938	-0.24782108	0.99999887	-0.5628035	0.20662758	-0.19015624	0.15758117	-0.453597	0.2619631	-0.19271879	0.072126865	-0.16877764	0.20359468	-0.16343313	0.12850691	-0.086052015	0.14082865	-0.15643828	0.11630093	-0.10066957	0.13666576	-0.12082892	0.14553374	-0.1373563	0.13714302
-0.119565256	0.14514539	-0.20998791	0.14922671	-0.16636395	0.09976108	-0.18917266	0.22497965	-0.36828607	0.25664133	-0.1724599	0.16427276	-0.5628035	0.9999985	-0.37917635	0.1648236	-0.13666606	0.27460206	-0.3989586	0.24975401	-0.06497438	0.14706337	-0.18853456	0.1611264	-0.14941016	0.07706449	-0.13305327	0.14120118	-0.11905792	0.11173361	-0.13662389	0.11576378	-0.14597863	0.1340369	-0.15034203
0.07708668	-0.09473101	0.12288422	-0.12361059	0.13624588	-0.065878674	0.11325379	-0.13824683	0.23074798	-0.3693596	0.1113095	-0.11044504	0.20662758	-0.37917635	0.99999845	-0.14951548	0.11088694	-0.23268183	0.29033178	-0.6927073	0.058401793	-0.13147038	0.15549454	-0.16109289	0.17900836	-0.070957415	0.11654017	-0.12939021	0.11626237	-0.14064923	0.12171927	-0.107228816	0.13226691	-0.13488036	0.15087174
-0.1371951	0.11831075	-0.14149377	0.07010349	-0.081285	0.113910854	-0.15307361	0.14182553	-0.10651561	0.10829292	-0.30242562	0.23452939	-0.19015624	0.1648236	-0.14951548	0.99999833	-0.5754429	0.20473403	-0.19737144	0.1346563	-0.3183196	0.30472904	-0.23265728	0.17409532	-0.15675563	0.23200142	-0.28480497	0.20262639	-0.14416763	0.11941952	-0.2957244	0.20514433	-0.23072615	0.168257	-0.1990453
0.103019305	-0.09768345	0.1085651	-0.053306893	0.06016295	-0.091322206	0.123671316	-0.11814736	0.08138	-0.084423065	0.2354343	-0.31700522	0.15758117	-0.13666606	0.11088694	-0.5754429	0.9999983	-0.2028755	0.15221582	-0.10402092	0.15277457	-0.61779284	0.18638924	-0.13811629	0.108487695	-0.16570991	0.23125322	-0.17486094	0.108192846	-0.08474406	0.1864981	-0.16145141	0.16358133	-0.12952827	0.13149107
-0.11362614	0.13070773	-0.18100142	0.09325356	-0.10599789	0.09516276	-0.16985726	0.19603665	-0.15565085	0.15566751	-0.17444016	0.16790596	-0.453597	0.27460206	-0.23268183	0.20473403	-0.2028755	0.99999803	-0.51056725	0.22085696	-0.082978494	0.20163245	-0.47879592	0.22362392	-0.1623573	0.09713993	-0.19680116	0.22433747	-0.16216531	0.12465531	-0.17546739	0.15367553	-0.20275342	0.17571728	-0.1702049
0.09374559	-0.11241301	0.14430602	-0.105328105	0.11415293	-0.080295555	0.13602659	-0.16580616	0.17982379	-0.20833826	0.14041236	-0.14066775	0.2619631	-0.3989586	0.29033178	-0.19737144	0.15221582	-0.51056725	0.9999984	-0.5066213	0.07728262	-0.18031245	0.24240325	-0.27267155	0.1893266	-0.09357013	0.16129968	-0.19071332	0.16792448	-0.15083951	0.15927666	-0.14395356	0.18254398	-0.18815565	0.17678592
-0.07346133	0.08631216	-0.11579932	0.09834361	-0.11662178	0.06158381	-0.10668123	0.12210535	-0.18590173	0.20384409	-0.10558653	0.1010046	-0.19271879	0.24975401	-0.6927073	0.1346563	-0.10402092	0.22085696	-0.5066213	0.9999985	-0.053616047	0.12110099	-0.15838708	0.16271663	-0.2631431	0.06455795	-0.112709574	0.12378467	-0.1220896	0.15795228	-0.118452504	0.10208758	-0.13188432	0.13068728	-0.16565661
0.048821606	-0.044591222	0.053276557	-0.027349072	0.031532697	-0.04093895	0.056396723	-0.05420665	0.04152197	-0.042752154	0.09561737	-0.083235286	0.072126865	-0.06497438	0.058401793	-0.3183196	0.15277457	-0.082978494	0.07728262	-0.053616047	0.99999845	-0.15502255	0.09713538	-0.07498326	0.06288535	-0.9038112	0.14268017	-0.09843535	0.061192337	-0.04866177	0.12062401	-0.09767628	0.09782843	-0.07342861	0.07921753
-0.10535525	0.098498106	-0.11856557	0.060479995	-0.06958645	0.0886646	-0.12663472	0.12161797	-0.09286083	0.095286585	-0.2131465	0.19639744	-0.16877764	0.14706337	-0.13147038	0.30472904	-0.61779284	0.20163245	-0.18031245	0.12110099	-0.15502255	0.99999833	-0.27761346	0.17604369	-0.13872099	0.15387394	-0.47111803	0.24366665	-0.1446536	0.10787696	-0.27254158	0.22072344	-0.2323279	0.16781494	-0.16970865
0.08614499	-0.095868744	0.12027381	-0.068357825	0.07667866	-0.07351376	0.11761438	-0.13457596	0.1078271	-0.11454701	0.13875747	-0.13785829	0.20359468	-0.18853456	0.15549454	-0.23265728	0.18638924	-0.47879592	0.24240325	-0.15838708	0.09713538	-0.27761346	0.9999982	-0.40575737	0.16328885	-0.11782609	0.26416126	-0.53702074	0.22758259	-0.136284	0.20212126	-0.20580868	0.26316008	-0.25579074	0.17662942
-0.07586701	0.08178259	-0.105932504	0.06351425	-0.07320038	0.06319508	-0.10195207	0.1093748	-0.101410516	0.10661923	-0.11630006	0.10894794	-0.16343313	0.1611264	-0.16109289	0.17409532	-0.13811629	0.22362392	-0.27267155	0.16271663	-0.07498326	0.17604369	-0.40575737	0.9999982	-0.2591458	0.08936493	-0.20322719	0.2454307	-0.64243275	0.20477532	-0.20735446	0.1776471	-0.32832897	0.30270562	-0.2383947
0.06278167	-0.06993742	0.0876879	-0.06169505	0.07008876	-0.053056464	0.084328026	-0.09307324	0.09856896	-0.112082146	0.09436668	-0.090717025	0.12850691	-0.14941016	0.17900836	-0.15675563	0.108487695	-0.1623573	0.1893266	-0.2631431	0.06288535	-0.13872099	0.16328885	-0.2591458	0.9999981	-0.07731382	0.1320305	-0.14841686	0.2096182	-0.7349439	0.15228163	-0.13304529	0.17454866	-0.21202455	0.30571863
-0.058229312	0.052640144	-0.06405209	0.032934856	-0.038213298	0.04804998	-0.06705287	0.06413173	-0.050038904	0.051224846	-0.11025968	0.09213182	-0.086052015	0.07706449	-0.070957415	0.23200142	-0.16570991	0.09713993	-0.09357013	0.06455795	-0.9038112	0.15387394	-0.11782609	0.08936493	-0.07731382	0.9999982	-0.18568559	0.11577134	-0.07413707	0.05944148	-0.15307538	0.11592092	-0.120776124	0.08781298	-0.09820293
0.078246586	-0.08009773	0.09663251	-0.053250663	0.06048608	-0.066739045	0.09874408	-0.10250738	0.08178863	-0.086325	0.13883221	-0.13674963	0.14082865	-0.13305327	0.11654017	-0.28480497	0.23125322	-0.19680116	0.16129968	-0.112709574	0.14268017	-0.47111803	0.26416126	-0.20322719	0.1320305	-0.18568559	0.9999985	-0.55145085	0.16307637	-0.10810054	0.27273932	-0.4312027	0.26493344	-0.20457457	0.15713154
-0.0755665	0.07942052	-0.100847974	0.056016136	-0.06419818	0.063379295	-0.09936795	0.10499565	-0.08772014	0.09130161	-0.12380963	0.11698564	-0.15643828	0.14120118	-0.12939021	0.20262639	-0.17486094	0.22433747	-0.19071332	0.12378467	-0.09843535	0.24366665	-0.53702074	0.2454307	-0.14841686	0.11577134	-0.55145085	0.9999984	-0.23528497	0.12236037	-0.23467039	0.24154682	-0.42339972	0.23969881	-0.1671912
0.05639127	-0.060980517	0.07726402	-0.04717305	0.053902663	-0.04736483	0.07503004	-0.08103416	0.074387275	-0.07977125	0.087714	-0.083505444	0.11630093	-0.11905792	0.11626237	-0.14416763	0.108192846	-0.16216531	0.16792448	-0.1220896	0.061192337	-0.1446536	0.22758259	-0.64243275	0.2096182	-0.07413707	0.16307637	-0.23528497	0.99999857	-0.25620714	0.15993918	-0.15110564	0.26999572	-0.5798844	0.19747879
-0.04919652	0.05414013	-0.06871171	0.04701122	-0.05422861	0.04131585	-0.065958865	0.071720906	-0.075785115	0.08281479	-0.07392	0.07026021	-0.10066957	0.11173361	-0.14064923	0.11941952	-0.08474406	0.12465531	-0.15083951	0.15795228	-0.04866177	0.10787696	-0.136284	0.20477532	-0.7349439	0.05944148	-0.10810054	0.12236037	-0.25620714	0.9999987	-0.12284344	0.10614778	-0.15260592	0.18160003	-0.51372486
0.078711115	-0.08211358	0.098132834	-0.056706455	0.06428762	-0.067219205	0.0992034	-0.10361397	0.08572713	-0.09192758	0.13219759	-0.12875181	0.13666576	-0.13662389	0.12171927	-0.2957244	0.1864981	-0.17546739	0.15927666	-0.118452504	0.12062401	-0.27254158	0.20212126	-0.20735446	0.15228163	-0.15307538	0.27273932	-0.23467039	0.15993918	-0.12284344	0.9999984	-0.722159	0.26277137	-0.23171917	0.1966353
-0.06799776	0.06940617	-0.08555663	0.048318245	-0.055481397	0.057077337	-0.08574883	0.08823737	-0.073926814	0.07768735	-0.1132664	0.10609889	-0.12082892	0.11576378	-0.107228816	0.20514433	-0.16145141	0.15367553	-0.14395356	0.10208758	-0.09767628	0.22072344	-0.20580868	0.1776471	-0.13304529	0.11592092	-0.4312027	0.24154682	-0.15110564	0.10614778	-0.722159	0.9999981	-0.37308058	0.2044124	-0.16743141
0.07584172	-0.08086298	0.09959883	-0.05870869	0.06662122	-0.06427809	0.09856118	-0.10534857	0.09042431	-0.096948214	0.12258645	-0.11827913	0.14553374	-0.14597863	0.13226691	-0.23072615	0.16358133	-0.20275342	0.18254398	-0.13188432	0.09782843	-0.2323279	0.26316008	-0.32832897	0.17454866	-0.120776124	0.26493344	-0.42339972	0.26999572	-0.15260592	0.26277137	-0.37308058	0.9999982	-0.5851371	0.20035435
-0.06942275	0.07337021	-0.09404455	0.05560432	-0.06439587	0.05770442	-0.09123782	0.09591223	-0.08705614	0.09121721	-0.10706321	0.09965532	-0.1373563	0.1340369	-0.13488036	0.168257	-0.12952827	0.17571728	-0.18815565	0.13068728	-0.07342861	0.16781494	-0.25579074	0.30270562	-0.21202455	0.08781298	-0.20457457	0.23969881	-0.5798844	0.18160003	-0.23171917	0.2044124	-0.5851371	0.9999981	-0.23337005
0.07355913	-0.0800204	0.09855523	-0.064806014	0.07353854	-0.062118556	0.09601293	-0.10347664	0.09853352	-0.109543554	0.11140499	-0.10654758	0.13714302	-0.15034203	0.15087174	-0.1990453	0.13149107	-0.1702049	0.17678592	-0.16565661	0.07921753	-0.16970865	0.17662942	-0.2383947	0.30571863	-0.09820293	0.15713154	-0.1671912	0.19747879	-0.51372486	0.1966353	-0.16743141	0.20035435	-0.23337005	0.9999981
