1.0000001	-0.8131774	0.27679813	-0.3585477	0.138075	-0.2936585	0.21258199	-0.16776522	0.100854255	-0.067367084	0.057932198	-0.17840408	0.13682479	-0.09729341	0.08079591	-0.055805575	0.09035044	-0.076997176	0.035595007	-0.04200642	0.055056196	-0.07671205	0.09103141	-0.041449457	0.044261776	-0.041194297	0.056205224	-0.039209165	0.03915021	-0.029955255	0.09119999	-0.047081422	0.026789343	-0.02881984	0.044913903
-0.8131774	0.99999994	-0.41545877	0.2674314	-0.12244964	0.21353708	-0.24631286	0.15560411	-0.09104015	0.05940189	-0.05032736	0.14934473	-0.12967706	0.085035406	-0.07209638	0.047588315	-0.080288984	0.06740002	-0.031255305	0.036673374	-0.04888302	0.066842444	-0.081257895	0.036307797	-0.03903826	0.036399428	-0.049951877	0.03458976	-0.034624968	0.026422706	-0.08145396	0.041668363	-0.023682792	0.025377896	-0.039723303
0.27679813	-0.41545877	1.0000005	-0.78717554	0.16269192	-0.21140844	0.18265401	-0.23597698	0.12691759	-0.08109909	0.058705717	-0.17907833	0.1646546	-0.120842	0.09514559	-0.056684546	0.09487421	-0.082483724	0.03899359	-0.046132416	0.05794562	-0.0808503	0.09663021	-0.044794433	0.047778785	-0.043375194	0.059305232	-0.04178254	0.041813828	-0.032162573	0.09633331	-0.049695794	0.028530644	-0.030755196	0.04820315
-0.3585477	0.2674314	-0.78717554	1.0000006	-0.24117665	0.2037934	-0.18570694	0.19473839	-0.16257948	0.10505241	-0.0669358	0.18375601	-0.18178762	0.13619462	-0.12648073	0.063722625	-0.11380567	0.09633869	-0.048801947	0.05748431	-0.07346195	0.09842382	-0.120722316	0.056161396	-0.060749732	0.054646965	-0.07565319	0.052517228	-0.052972637	0.040822055	-0.12487685	0.06311979	-0.036025014	0.038718056	-0.06154335
0.138075	-0.12244964	0.16269192	-0.24117665	1.0000005	-0.27425534	0.17582601	-0.19207773	0.18742861	-0.3362744	0.09569514	-0.29045948	0.17766076	-0.19296497	0.25304613	-0.097067066	0.15662245	-0.14138216	0.08956508	-0.11415368	0.10861096	-0.15641315	0.16860685	-0.10312884	0.10514299	-0.08290553	0.11282363	-0.08462485	0.08546119	-0.06917757	0.1846549	-0.096632876	0.057305954	-0.06412013	0.1022622
-0.2936585	0.21353708	-0.21140844	0.2037934	-0.27425534	1.0000005	-0.6669184	0.27448463	-0.18629685	0.1258782	-0.12329392	0.28993216	-0.28048635	0.16443548	-0.15942968	0.10973823	-0.19938822	0.15707669	-0.07382723	0.08543576	-0.12742926	0.16287361	-0.20856947	0.08791198	-0.09662256	0.09359729	-0.13064109	0.08693534	-0.08756178	0.065990545	-0.21722136	0.107820004	-0.05999279	0.0635095	-0.100119725
0.21258199	-0.24631286	0.18265401	-0.18570694	0.17582601	-0.6669184	1.0000006	-0.4755688	0.157874	-0.09516646	0.10116788	-0.3851735	0.26731122	-0.1543341	0.11502208	-0.0943526	0.14944531	-0.12478366	0.05248985	-0.06107113	0.08338282	-0.115795515	0.14173381	-0.06034045	0.06464726	-0.06197831	0.0843675	-0.05836976	0.058072593	-0.04389183	0.13576666	-0.070129536	0.03988972	-0.042521846	0.06584601
-0.16776522	0.15560411	-0.23597698	0.19473839	-0.19207773	0.27448463	-0.4755688	1.0000002	-0.27849105	0.12575066	-0.09272718	0.27711552	-0.66549164	0.23366234	-0.15147088	0.08532741	-0.15694948	0.13909301	-0.05839714	0.0673545	-0.08376715	0.11765064	-0.15271814	0.06415699	-0.06865114	0.06219875	-0.08511327	0.060812257	-0.06064628	0.04606337	-0.13628438	0.07060029	-0.041483946	0.04419447	-0.068992816
0.100854255	-0.09104015	0.12691759	-0.16257948	0.18742861	-0.18629685	0.157874	-0.27849105	1.0000004	-0.33466774	0.06366574	-0.2058978	0.25170845	-0.793877	0.24296367	-0.061868664	0.104242794	-0.0969835	0.05609187	-0.06836323	0.058668483	-0.086118266	0.103257395	-0.055646326	0.058064926	-0.044246417	0.059911467	-0.04596874	0.046558212	-0.037250586	0.09495385	-0.0503975	0.03110987	-0.034138773	0.055188116
-0.067367084	0.05940189	-0.08109909	0.10505241	-0.3362744	0.1258782	-0.09516646	0.12575066	-0.33466774	1.0000001	-0.0459332	0.13704506	-0.12650874	0.22432435	-0.8229339	0.045469582	-0.07861538	0.073196374	-0.07859339	0.095466346	-0.048187006	0.070918255	-0.08287662	0.062093377	-0.065569475	0.03667879	-0.0499462	0.04259471	-0.045094874	0.03887184	-0.07930879	0.042391166	-0.028734053	0.03256201	-0.057380058
0.057932198	-0.05032736	0.058705717	-0.0669358	0.09569514	-0.12329392	0.10116788	-0.09272718	0.06366574	-0.0459332	1.0000001	-0.27334046	0.105372205	-0.063550234	0.057302862	-0.9061882	0.1994559	-0.15133236	0.043337602	-0.049805008	0.09592533	-0.13302828	0.12646449	-0.048804972	0.04940616	-0.07401049	0.076276444	-0.049891863	0.04690764	-0.034249954	0.10328444	-0.06476548	0.033321783	-0.035491765	0.04990529
-0.17840408	0.14934473	-0.17907833	0.18375601	-0.29045948	0.28993216	-0.3851735	0.27711552	-0.2058978	0.13704506	-0.27334046	1.0000001	-0.42222962	0.19171765	-0.17425108	0.20275788	-0.357258	0.23208922	-0.09271125	0.1057198	-0.16523191	0.22054005	-0.28024969	0.10842889	-0.117458224	0.1206426	-0.16463	0.10971083	-0.10889311	0.08066553	-0.26315066	0.13481046	-0.075313374	0.079158634	-0.12140748
0.13682479	-0.12967706	0.1646546	-0.18178762	0.17766076	-0.28048635	0.26731122	-0.66549164	0.25170845	-0.12650874	0.105372205	-0.42222962	0.9999998	-0.38504592	0.14626013	-0.10046903	0.1727394	-0.18384834	0.06146427	-0.07102526	0.083232984	-0.1254831	0.15814172	-0.06600285	0.06886593	-0.062440347	0.08385105	-0.06193411	0.06090453	-0.04617651	0.13073066	-0.06998117	0.04183006	-0.04476176	0.06847704
-0.09729341	0.085035406	-0.120842	0.13619462	-0.19296497	0.16443548	-0.1543341	0.23366234	-0.793877	0.22432435	-0.063550234	0.19171765	-0.38504592	0.99999994	-0.27881104	0.060337946	-0.1086042	0.09970227	-0.058244675	0.06876966	-0.059364375	0.08607256	-0.10767998	0.056032494	-0.05944088	0.044543874	-0.060633723	0.046601593	-0.047401622	0.037892852	-0.09615134	0.0507429	-0.031605527	0.034498435	-0.056367185
0.08079591	-0.07209638	0.09514559	-0.12648073	0.25304613	-0.15942968	0.11502208	-0.15147088	0.24296367	-0.8229339	0.057302862	-0.17425108	0.14626013	-0.27881104	0.99999994	-0.057191376	0.09709452	-0.09161234	0.09769803	-0.13782941	0.059911452	-0.08899459	0.102246284	-0.08000293	0.08106573	-0.045736734	0.06211959	-0.05336092	0.05622203	-0.048420344	0.0984736	-0.052874733	0.035881255	-0.04086846	0.0708537
-0.055805575	0.047588315	-0.056684546	0.063722625	-0.097067066	0.10973823	-0.0943526	0.08532741	-0.061868664	0.045469582	-0.9061882	0.20275788	-0.10046903	0.060337946	-0.057191376	0.9999999	-0.26694977	0.15004021	-0.043809675	0.049626794	-0.10979952	0.13295698	-0.13586296	0.04938074	-0.0506474	0.07752862	-0.08117604	0.05141184	-0.048599422	0.03516641	-0.109940834	0.06711328	-0.034537133	0.036377393	-0.05149498
0.09035044	-0.080288984	0.09487421	-0.11380567	0.15662245	-0.19938822	0.14944531	-0.15694948	0.104242794	-0.07861538	0.1994559	-0.357258	0.1727394	-0.1086042	0.09709452	-0.26694977	0.9999999	-0.6726422	0.109712645	-0.12305409	0.1468593	-0.37906772	0.30834004	-0.11079145	0.10484474	-0.115493976	0.14278486	-0.109720975	0.09932165	-0.07204899	0.18260992	-0.12082689	0.07092964	-0.07603509	0.10226523
-0.076997176	0.06740002	-0.082483724	0.09633869	-0.14138216	0.15707669	-0.12478366	0.13909301	-0.0969835	0.073196374	-0.15133236	0.23208922	-0.18384834	0.09970227	-0.09161234	0.15004021	-0.6726422	0.9999998	-0.14852017	0.13573962	-0.12796907	0.26389682	-0.5657164	0.12191197	-0.11738994	0.09738892	-0.12749182	0.12354093	-0.11333653	0.07892095	-0.16743983	0.10477702	-0.08040444	0.08166969	-0.11264743
0.035595007	-0.031255305	0.03899359	-0.048801947	0.08956508	-0.07382723	0.05248985	-0.05839714	0.05609187	-0.07859339	0.043337602	-0.09271125	0.06146427	-0.058244675	0.09769803	-0.043809675	0.109712645	-0.14852017	0.9999998	-0.842063	0.05047801	-0.08957079	0.12507284	-0.40757316	0.23115472	-0.039997652	0.054887597	-0.09562648	0.11736715	-0.11433982	0.073937766	-0.046797764	0.06148148	-0.07743484	0.15141036
-0.04200642	0.036673374	-0.046132416	0.05748431	-0.11415368	0.08543576	-0.06107113	0.0673545	-0.06836323	0.095466346	-0.049805008	0.1057198	-0.07102526	0.06876966	-0.13782941	0.049626794	-0.12305409	0.13573962	-0.842063	0.9999994	-0.05994238	0.10127117	-0.14340322	0.27297002	-0.30789557	0.04712104	-0.06523154	0.1079922	-0.13803042	0.14256047	-0.08948748	0.05532798	-0.07199078	0.08810401	-0.20762987
0.055056196	-0.04888302	0.05794562	-0.07346195	0.10861096	-0.12742926	0.08338282	-0.08376715	0.058668483	-0.048187006	0.09592533	-0.16523191	0.083232984	-0.059364375	0.059911452	-0.10979952	0.1468593	-0.12796907	0.05047801	-0.05994238	0.9999997	-0.38445866	0.17288926	-0.06787324	0.06808185	-0.782356	0.2747866	-0.09154058	0.077058084	-0.051351164	0.23279688	-0.24361871	0.060958855	-0.06308003	0.072432615
-0.07671205	0.066842444	-0.0808503	0.09842382	-0.15641315	0.16287361	-0.115795515	0.11765064	-0.086118266	0.070918255	-0.13302828	0.22054005	-0.1254831	0.08607256	-0.08899459	0.13295698	-0.37906772	0.26389682	-0.08957079	0.10127117	-0.38445866	0.9999997	-0.5211157	0.11603265	-0.12003495	0.23993339	-0.36036506	0.15056874	-0.13489816	0.08825473	-0.3646365	0.23016788	-0.10157168	0.100311935	-0.12753274
0.09103141	-0.081257895	0.09663021	-0.120722316	0.16860685	-0.20856947	0.14173381	-0.15271814	0.103257395	-0.08287662	0.12646449	-0.28024969	0.15814172	-0.10767998	0.102246284	-0.13586296	0.30834004	-0.5657164	0.12507284	-0.14340322	0.17288926	-0.5211157	0.9999999	-0.16198708	0.14417455	-0.14103954	0.1768873	-0.22957972	0.1618743	-0.10669622	0.21149604	-0.15276186	0.123158276	-0.12859942	0.14432621
-0.041449457	0.036307797	-0.044794433	0.056161396	-0.10312884	0.08791198	-0.06034045	0.06415699	-0.055646326	0.062093377	-0.048804972	0.10842889	-0.06600285	0.056032494	-0.08000293	0.04938074	-0.11079145	0.12191197	-0.40757316	0.27297002	-0.06787324	0.11603265	-0.16198708	0.9999998	-0.6993809	0.05494967	-0.07787261	0.1804082	-0.28212264	0.25842455	-0.10027676	0.06661428	-0.1182258	0.15088165	-0.34139803
0.044261776	-0.03903826	0.047778785	-0.060749732	0.10514299	-0.09662256	0.06464726	-0.06865114	0.058064926	-0.065569475	0.04940616	-0.117458224	0.06886593	-0.05944088	0.08106573	-0.0506474	0.10484474	-0.11738994	0.23115472	-0.30789557	0.06808185	-0.12003495	0.14417455	-0.6993809	1.0	-0.056315463	0.078902535	-0.20450094	0.23460424	-0.4484748	0.0999471	-0.06911116	0.122674145	-0.17281131	0.2922435
-0.041194297	0.036399428	-0.043375194	0.054646965	-0.08290553	0.09359729	-0.06197831	0.06219875	-0.044246417	0.03667879	-0.07401049	0.1206426	-0.062440347	0.044543874	-0.045736734	0.07752862	-0.115493976	0.09738892	-0.039997652	0.04712104	-0.782356	0.23993339	-0.14103954	0.05494967	-0.056315463	1.0	-0.45121872	0.08172018	-0.06858076	0.04330416	-0.27949148	0.23563734	-0.05556861	0.054483376	-0.061336987
0.056205224	-0.049951877	0.059305232	-0.07565319	0.11282363	-0.13064109	0.0843675	-0.08511327	0.059911467	-0.0499462	0.076276444	-0.16463	0.08385105	-0.060633723	0.06211959	-0.08117604	0.14278486	-0.12749182	0.054887597	-0.06523154	0.2747866	-0.36036506	0.1768873	-0.07787261	0.078902535	-0.45121872	1.0000001	-0.14241318	0.10383834	-0.06280285	0.30764633	-0.6586246	0.089294344	-0.085901536	0.08703307
-0.039209165	0.03458976	-0.04178254	0.052517228	-0.08462485	0.08693534	-0.05836976	0.060812257	-0.04596874	0.04259471	-0.049891863	0.10971083	-0.06193411	0.046601593	-0.05336092	0.05141184	-0.109720975	0.12354093	-0.09562648	0.1079922	-0.09154058	0.15056874	-0.22957972	0.1804082	-0.20450094	0.08172018	-0.14241318	1.0	-0.61433417	0.2056703	-0.12700957	0.108931765	-0.5577568	0.3209097	-0.27336335
0.03915021	-0.034624968	0.041813828	-0.052972637	0.08546119	-0.08756178	0.058072593	-0.06064628	0.046558212	-0.045094874	0.04690764	-0.10889311	0.06090453	-0.047401622	0.05622203	-0.048599422	0.09932165	-0.11333653	0.11736715	-0.13803042	0.077058084	-0.13489816	0.1618743	-0.28212264	0.23460424	-0.06858076	0.10383834	-0.61433417	1.0000004	-0.36505225	0.108730726	-0.09059603	0.29063553	-0.48788923	0.27208626
-0.029955255	0.026422706	-0.032162573	0.040822055	-0.06917757	0.065990545	-0.04389183	0.04606337	-0.037250586	0.03887184	-0.034249954	0.08066553	-0.04617651	0.037892852	-0.048420344	0.03516641	-0.07204899	0.07892095	-0.11433982	0.14256047	-0.051351164	0.08825473	-0.10669622	0.25842455	-0.4484748	0.04330416	-0.06280285	0.2056703	-0.36505225	1.0000001	-0.07484136	0.054590587	-0.12655173	0.17451893	-0.7496486
0.09119999	-0.08145396	0.09633331	-0.12487685	0.1846549	-0.21722136	0.13576666	-0.13628438	0.09495385	-0.07930879	0.10328444	-0.26315066	0.13073066	-0.09615134	0.0984736	-0.109940834	0.18260992	-0.16743983	0.073937766	-0.08948748	0.23279688	-0.3646365	0.21149604	-0.10027676	0.0999471	-0.27949148	0.30764633	-0.12700957	0.108730726	-0.07484136	1.0000004	-0.61684394	0.08898682	-0.09446995	0.105462536
-0.047081422	0.041668363	-0.049695794	0.06311979	-0.096632876	0.107820004	-0.070129536	0.07060029	-0.0503975	0.042391166	-0.06476548	0.13481046	-0.06998117	0.0507429	-0.052874733	0.06711328	-0.12082689	0.10477702	-0.046797764	0.05532798	-0.24361871	0.23016788	-0.15276186	0.06661428	-0.06911116	0.23563734	-0.6586246	0.108931765	-0.09059603	0.054590587	-0.61684394	1.0000004	-0.085973024	0.077417664	-0.07706067
0.026789343	-0.023682792	0.028530644	-0.036025014	0.057305954	-0.05999279	0.03988972	-0.041483946	0.03110987	-0.028734053	0.033321783	-0.075313374	0.04183006	-0.031605527	0.035881255	-0.034537133	0.07092964	-0.08040444	0.06148148	-0.07199078	0.060958855	-0.10157168	0.123158276	-0.1182258	0.122674145	-0.05556861	0.089294344	-0.5577568	0.29063553	-0.12655173	0.08898682	-0.085973024	1.0000002	-0.74805546	0.15529339
-0.02881984	0.025377896	-0.030755196	0.038718056	-0.06412013	0.0635095	-0.042521846	0.04419447	-0.034138773	0.03256201	-0.035491765	0.079158634	-0.04476176	0.034498435	-0.04086846	0.036377393	-0.07603509	0.08166969	-0.07743484	0.08810401	-0.06308003	0.100311935	-0.12859942	0.15088165	-0.17281131	0.054483376	-0.085901536	0.3209097	-0.48788923	0.17451893	-0.09446995	0.077417664	-0.74805546	1.0000002	-0.23402138
0.044913903	-0.039723303	0.04820315	-0.06154335	0.1022622	-0.100119725	0.06584601	-0.068992816	0.055188116	-0.057380058	0.04990529	-0.12140748	0.06847704	-0.056367185	0.0708537	-0.05149498	0.10226523	-0.11264743	0.15141036	-0.20762987	0.072432615	-0.12753274	0.14432621	-0.34139803	0.2922435	-0.061336987	0.08703307	-0.27336335	0.27208626	-0.7496486	0.105462536	-0.07706067	0.15529339	-0.23402138	1.0000002
