1.0	-0.57194465	0.25022992	-0.21572782	0.16666074	-0.38139746	0.26906314	-0.21185517	0.16771089	-0.14145997	0.1757551	-0.17894666	0.18586831	-0.14931247	0.14480512	-0.1369961	0.18721764	-0.19420587	0.15484661	-0.12930061	0.18520394	-0.15800999	0.16247839	-0.13579263	0.12152576	-0.13073987	0.10108288	-0.11041968	0.11789706	-0.045939595	0.12684907	-0.10734761	0.10370139	-0.13185565	0.047156177
-0.57194465	0.9999999	-0.54716974	0.24197021	-0.2022534	0.23303178	-0.31345564	0.23242587	-0.20181905	0.15180352	-0.1751015	0.17223622	-0.21217752	0.15849034	-0.16099727	0.12961021	-0.18332987	0.18486206	-0.16478772	0.12927075	-0.17931502	0.14440319	-0.16224243	0.13407195	-0.12615661	0.11503847	-0.091352224	0.09731991	-0.11066091	0.039548665	-0.11478325	0.09492638	-0.09380369	0.11573615	-0.040962346
0.25022992	-0.54716974	0.99999946	-0.5199446	0.21851869	-0.14653054	0.16007085	-0.43911675	0.27237338	-0.18583344	0.15072861	-0.16900927	0.2272673	-0.19320232	0.17284097	-0.11530152	0.16001965	-0.20582376	0.17372249	-0.14101042	0.15168034	-0.13878432	0.15589191	-0.14040036	0.12794426	-0.107104406	0.085149325	-0.0923376	0.10632884	-0.03768278	0.10238334	-0.08876312	0.08655288	-0.11557963	0.03835057
-0.21572782	0.24197021	-0.5199446	0.99999934	-0.41719002	0.11619987	-0.13188812	0.29152435	-0.5469783	0.25037113	-0.14569283	0.15162821	-0.22388555	0.24017438	-0.23677953	0.11060228	-0.15849438	0.19564994	-0.2136575	0.16332638	-0.14994036	0.13535058	-0.16307236	0.15565702	-0.15231113	0.10300447	-0.08322454	0.09001631	-0.113140725	0.0382494	-0.10041346	0.08598317	-0.08567792	0.11784469	-0.03904361
0.16666074	-0.2022534	0.21851869	-0.41719002	0.9999994	-0.10126768	0.107644185	-0.22811571	0.25823134	-0.71225965	0.12842831	-0.1391519	0.18093324	-0.25094947	0.27690843	-0.103346854	0.14663269	-0.19838859	0.19834764	-0.21584283	0.13857791	-0.13840775	0.16000912	-0.17439772	0.16345754	-0.1051586	0.08428628	-0.09387575	0.120218515	-0.04173467	0.09935713	-0.08820013	0.08718911	-0.13511431	0.04179076
-0.38139746	0.23303178	-0.14653054	0.11619987	-0.10126768	0.9999993	-0.8430612	0.12710309	-0.101830155	0.08312935	-0.19566831	0.17346205	-0.13642	0.0915764	-0.08959251	0.115819104	-0.14559028	0.12563859	-0.098019764	0.07826596	-0.14178817	0.106292695	-0.10692449	0.08440118	-0.07574322	0.08567299	-0.066524416	0.06956759	-0.07134701	0.026239991	-0.08191687	0.06903561	-0.0658622	0.0772455	-0.02706636
0.26906314	-0.31345564	0.16007085	-0.13188812	0.107644185	-0.8430612	0.99999887	-0.14557761	0.111177325	-0.090754345	0.17511861	-0.21221486	0.14545676	-0.09990151	0.09561466	-0.11680244	0.14516774	-0.13805786	0.104523465	-0.08468441	0.13847499	-0.1124267	0.1123365	-0.09066703	0.08049945	-0.09041893	0.06988318	-0.07407906	0.07593805	-0.02820936	0.08504757	-0.0730322	0.06928346	-0.0837011	0.028943963
-0.21185517	0.23242587	-0.43911675	0.29152435	-0.22811571	0.12710309	-0.14557761	0.9999987	-0.50733334	0.19266897	-0.19629624	0.21371765	-0.5208034	0.23940924	-0.20959346	0.13582847	-0.19173537	0.24956016	-0.22428247	0.15656252	-0.17639785	0.15518397	-0.1898995	0.16201389	-0.14963579	0.11620554	-0.09423388	0.10005018	-0.11831955	0.03970837	-0.11227643	0.09637978	-0.09507937	0.1228397	-0.0405815
0.16771089	-0.20181905	0.27237338	-0.5469783	0.25823134	-0.101830155	0.111177325	-0.50733334	0.99999905	-0.29156804	0.13935749	-0.15844253	0.24222942	-0.4375645	0.24489436	-0.10654487	0.15025629	-0.21974026	0.23208815	-0.17618714	0.13950306	-0.13501103	0.16262816	-0.16896868	0.15237238	-0.100298986	0.08121646	-0.08852513	0.111483485	-0.03741334	0.09546067	-0.08390183	0.08289462	-0.11944751	0.03774744
-0.14145997	0.15180352	-0.18583344	0.25037113	-0.71225965	0.08312935	-0.090754345	0.19266897	-0.29156804	0.9999991	-0.114354365	0.11951022	-0.1681729	0.24337254	-0.49012303	0.09013434	-0.13043089	0.17001301	-0.20274296	0.20520769	-0.122755535	0.11855096	-0.14725158	0.15829714	-0.17319392	0.08877532	-0.07227131	0.07941021	-0.10812943	0.035750862	-0.08577712	0.0747249	-0.07513107	0.11291769	-0.036163952
0.1757551	-0.1751015	0.15072861	-0.14569283	0.12842831	-0.19566831	0.17511861	-0.19629624	0.13935749	-0.114354365	0.9999991	-0.66405314	0.2442786	-0.13832615	0.12526444	-0.48426566	0.2845488	-0.23187353	0.14702418	-0.11719506	0.27089325	-0.20340075	0.1735925	-0.13203399	0.1110143	-0.15989426	0.11893445	-0.11984615	0.10600936	-0.03807535	0.13405775	-0.122120865	0.10831565	-0.119480684	0.038737763
-0.17894666	0.17223622	-0.16900927	0.15162821	-0.1391519	0.17346205	-0.21221486	0.21371765	-0.15844253	0.11951022	-0.66405314	0.99999917	-0.4462147	0.149323	-0.13677497	0.26235133	-0.3504469	0.23621264	-0.16107522	0.12007013	-0.26886836	0.19245489	-0.18548074	0.13539411	-0.11728913	0.14390555	-0.11312499	0.11214849	-0.10647228	0.036863558	-0.12987332	0.11355073	-0.104638584	0.11467836	-0.03773152
0.18586831	-0.21217752	0.2272673	-0.22388555	0.18093324	-0.13642	0.14545676	-0.5208034	0.24222942	-0.1681729	0.2442786	-0.4462147	0.9999989	-0.2517886	0.18580152	-0.17104888	0.22452915	-0.48509833	0.22442591	-0.16102037	0.19627951	-0.19134264	0.22515558	-0.17841735	0.149698	-0.13722272	0.11081064	-0.11740209	0.1255068	-0.042753525	0.12637942	-0.11322563	0.1081518	-0.1358443	0.04331109
-0.14931247	0.15849034	-0.19320232	0.24017438	-0.25094947	0.0915764	-0.09990151	0.23940924	-0.4375645	0.24337254	-0.13832615	0.149323	-0.2517886	0.99999905	-0.512935	0.10728828	-0.15615982	0.2360243	-0.5354059	0.23925245	-0.143333	0.14498693	-0.19355173	0.23212829	-0.22044198	0.10444368	-0.0863799	0.094550215	-0.13592668	0.04231087	-0.100198254	0.08834976	-0.08916448	0.13743715	-0.04251107
0.14480512	-0.16099727	0.17284097	-0.23677953	0.27690843	-0.08959251	0.09561466	-0.20959346	0.24489436	-0.49012303	0.12526444	-0.13677497	0.18580152	-0.512935	0.99999905	-0.101686865	0.14642799	-0.21645871	0.2684014	-0.4585792	0.13624087	-0.14418687	0.1790069	-0.23377977	0.24507165	-0.104878224	0.08577112	-0.09572202	0.13472366	-0.044382825	0.09901176	-0.088842176	0.08898555	-0.14696229	0.044073746
-0.1369961	0.12961021	-0.11530152	0.11060228	-0.103346854	0.115819104	-0.11680244	0.13582847	-0.10654487	0.09013434	-0.48426566	0.26235133	-0.17104888	0.10728828	-0.101686865	0.99999917	-0.51296526	0.1820232	-0.12196095	0.09726316	-0.6090964	0.22525948	-0.16536115	0.11421788	-0.094933785	0.17569436	-0.13083915	0.11906708	-0.09362925	0.03301822	-0.14420193	0.12701291	-0.10931831	0.10451869	-0.033747446
0.18721764	-0.18332987	0.16001965	-0.15849438	0.14663269	-0.14559028	0.14516774	-0.19173537	0.15025629	-0.13043089	0.2845488	-0.3504469	0.22452915	-0.15615982	0.14642799	-0.51296526	0.9999992	-0.29783952	0.1793524	-0.14603072	0.32136452	-0.4606077	0.25331703	-0.1757292	0.14028245	-0.25306207	0.20140491	-0.18632904	0.13923383	-0.04929538	0.19892652	-0.1999767	0.16299409	-0.15925731	0.05007477
-0.19420587	0.18486206	-0.20582376	0.19564994	-0.19838859	0.12563859	-0.13805786	0.24956016	-0.21974026	0.17001301	-0.23187353	0.23621264	-0.48509833	0.2360243	-0.21645871	0.1820232	-0.29783952	0.9999994	-0.3915625	0.19644932	-0.24322504	0.25354502	-0.50363004	0.25615564	-0.2084702	0.16761355	-0.14669694	0.15190795	-0.17100683	0.053149167	-0.16461505	0.14271553	-0.14560138	0.16902173	-0.05431311
0.15484661	-0.16478772	0.17372249	-0.2136575	0.19834764	-0.098019764	0.104523465	-0.22428247	0.23208815	-0.20274296	0.14702418	-0.16107522	0.22442591	-0.5354059	0.2684014	-0.12196095	0.1793524	-0.3915625	0.9999993	-0.30906963	0.1625769	-0.18872781	0.25763926	-0.49570963	0.2573674	-0.12859182	0.10781932	-0.12058695	0.18219519	-0.05537637	0.120558016	-0.110154666	0.11128273	-0.19594401	0.054301586
-0.12930061	0.12927075	-0.14101042	0.16332638	-0.21584283	0.07826596	-0.08468441	0.15656252	-0.17618714	0.20520769	-0.11719506	0.12007013	-0.16102037	0.23925245	-0.4585792	0.09726316	-0.14603072	0.19644932	-0.30906963	0.9999991	-0.1352073	0.14344406	-0.20871012	0.2790301	-0.69358224	0.10149071	-0.08555222	0.09464675	-0.15865164	0.048483893	-0.09884281	0.08702082	-0.09031791	0.14895079	-0.048768025
0.18520394	-0.17931502	0.15168034	-0.14994036	0.13857791	-0.14178817	0.13847499	-0.17639785	0.13950306	-0.122755535	0.27089325	-0.26886836	0.19627951	-0.143333	0.13624087	-0.6090964	0.32136452	-0.24322504	0.1625769	-0.1352073	0.99999905	-0.34909648	0.221641	-0.15926647	0.12951021	-0.32952407	0.2012613	-0.18491414	0.13327394	-0.04824947	0.21536142	-0.20087162	0.16294558	-0.15446927	0.049101993
-0.15800999	0.14440319	-0.13878432	0.13535058	-0.13840775	0.106292695	-0.1124267	0.15518397	-0.13501103	0.11855096	-0.20340075	0.19245489	-0.19134264	0.14498693	-0.14418687	0.22525948	-0.4606077	0.25354502	-0.18872781	0.14344406	-0.34909648	0.999999	-0.5071083	0.19774169	-0.15671894	0.26721445	-0.41777563	0.21604897	-0.14904977	0.047298715	-0.2640814	0.24205236	-0.21359615	0.15299614	-0.0487608
0.16247839	-0.16224243	0.15589191	-0.16307236	0.16000912	-0.10692449	0.1123365	-0.1898995	0.16262816	-0.14725158	0.1735925	-0.18548074	0.22515558	-0.19355173	0.1790069	-0.16536115	0.25331703	-0.50363004	0.25763926	-0.20871012	0.221641	-0.5071083	0.9999988	-0.4187879	0.21282311	-0.20941707	0.19787359	-0.21855181	0.18091075	-0.056310892	0.18433145	-0.18698922	0.17705579	-0.19596359	0.056079376
-0.13579263	0.13407195	-0.14040036	0.15565702	-0.17439772	0.08440118	-0.09066703	0.16201389	-0.16896868	0.15829714	-0.13203399	0.13539411	-0.17841735	0.23212829	-0.23377977	0.11421788	-0.1757292	0.25615564	-0.49570963	0.2790301	-0.15926647	0.19774169	-0.4187879	0.9999982	-0.5190591	0.1262331	-0.11185429	0.12420825	-0.30920076	0.063744016	-0.12172446	0.11040799	-0.11756435	0.2243124	-0.062559314
0.12152576	-0.12615661	0.12794426	-0.15231113	0.16345754	-0.07574322	0.08049945	-0.14963579	0.15237238	-0.17319392	0.1110143	-0.11728913	0.149698	-0.22044198	0.24507165	-0.094933785	0.14028245	-0.2084702	0.2573674	-0.69358224	0.12951021	-0.15671894	0.21282311	-0.5190591	0.99999803	-0.10582734	0.089139014	-0.10119613	0.1708748	-0.05517616	0.099246345	-0.09137612	0.09340237	-0.17900135	0.053097423
-0.13073987	0.11503847	-0.107104406	0.10300447	-0.1051586	0.08567299	-0.09041893	0.11620554	-0.100298986	0.08877532	-0.15989426	0.14390555	-0.13722272	0.10444368	-0.104878224	0.17569436	-0.25306207	0.16761355	-0.12859182	0.10149071	-0.32952407	0.26721445	-0.20941707	0.1262331	-0.10582734	0.999998	-0.5328874	0.23893219	-0.1195372	0.03952469	-0.6066404	0.31958175	-0.259457	0.12766498	-0.041460726
0.10108288	-0.091352224	0.085149325	-0.08322454	0.08428628	-0.066524416	0.06988318	-0.09423388	0.08121646	-0.07227131	0.11893445	-0.11312499	0.11081064	-0.0863799	0.08577112	-0.13083915	0.20140491	-0.14669694	0.10781932	-0.08555222	0.2012613	-0.41777563	0.19787359	-0.11185429	0.089139014	-0.5328874	0.9999981	-0.3469659	0.10074316	-0.032382194	0.31866938	-0.5669069	0.26043332	-0.11012904	0.033781312
-0.11041968	0.09731991	-0.0923376	0.09001631	-0.09387575	0.06956759	-0.07407906	0.10005018	-0.08852513	0.07941021	-0.11984615	0.11214849	-0.11740209	0.094550215	-0.09572202	0.11906708	-0.18632904	0.15190795	-0.12058695	0.09464675	-0.18491414	0.21604897	-0.21855181	0.12420825	-0.10119613	0.23893219	-0.3469659	0.9999978	-0.14505596	0.04259008	-0.2861493	0.27706474	-0.799461	0.15471037	-0.045675945
0.11789706	-0.11066091	0.10632884	-0.113140725	0.120218515	-0.07134701	0.07593805	-0.11831955	0.111483485	-0.10812943	0.10600936	-0.10647228	0.1255068	-0.13592668	0.13472366	-0.09362925	0.13923383	-0.17100683	0.18219519	-0.15865164	0.13327394	-0.14904977	0.18091075	-0.30920076	0.1708748	-0.1195372	0.10074316	-0.14505596	0.999998	-0.17086464	0.11595609	-0.11025478	0.14445955	-0.8431648	0.14581911
-0.045939595	0.039548665	-0.03768278	0.0382494	-0.04173467	0.026239991	-0.02820936	0.03970837	-0.03741334	0.035750862	-0.03807535	0.036863558	-0.042753525	0.04231087	-0.044382825	0.03301822	-0.04929538	0.053149167	-0.05537637	0.048483893	-0.04824947	0.047298715	-0.056310892	0.063744016	-0.05517616	0.03952469	-0.032382194	0.04259008	-0.17086464	0.9999978	-0.039675012	0.03510547	-0.042556062	0.14391632	-0.9695236
0.12684907	-0.11478325	0.10238334	-0.10041346	0.09935713	-0.08191687	0.08504757	-0.11227643	0.09546067	-0.08577712	0.13405775	-0.12987332	0.12637942	-0.100198254	0.09901176	-0.14420193	0.19892652	-0.16461505	0.120558016	-0.09884281	0.21536142	-0.2640814	0.18433145	-0.12172446	0.099246345	-0.6066404	0.31866938	-0.2861493	0.11595609	-0.039675012	0.9999976	-0.59322315	0.24559884	-0.13453822	0.04107697
-0.10734761	0.09492638	-0.08876312	0.08598317	-0.08820013	0.06903561	-0.0730322	0.09637978	-0.08390183	0.0747249	-0.122120865	0.11355073	-0.11322563	0.08834976	-0.088842176	0.12701291	-0.1999767	0.14271553	-0.110154666	0.08702082	-0.20087162	0.24205236	-0.18698922	0.11040799	-0.09137612	0.31958175	-0.5669069	0.27706474	-0.11025478	0.03510547	-0.59322315	0.99999756	-0.38902518	0.120383225	-0.036942083
0.10370139	-0.09380369	0.08655288	-0.08567792	0.08718911	-0.0658622	0.06928346	-0.09507937	0.08289462	-0.07513107	0.10831565	-0.104638584	0.1081518	-0.08916448	0.08898555	-0.10931831	0.16299409	-0.14560138	0.11128273	-0.09031791	0.16294558	-0.21359615	0.17705579	-0.11756435	0.09340237	-0.259457	0.26043332	-0.799461	0.14445955	-0.042556062	0.24559884	-0.38902518	0.99999756	-0.192564	0.045057267
-0.13185565	0.11573615	-0.11557963	0.11784469	-0.13511431	0.0772455	-0.0837011	0.1228397	-0.11944751	0.11291769	-0.119480684	0.11467836	-0.1358443	0.13743715	-0.14696229	0.10451869	-0.15925731	0.16902173	-0.19594401	0.14895079	-0.15446927	0.15299614	-0.19596359	0.2243124	-0.17900135	0.12766498	-0.11012904	0.15471037	-0.8431648	0.14391632	-0.13453822	0.120383225	-0.192564	0.9999975	-0.16634297
0.047156177	-0.040962346	0.03835057	-0.03904361	0.04179076	-0.02706636	0.028943963	-0.0405815	0.03774744	-0.036163952	0.038737763	-0.03773152	0.04331109	-0.04251107	0.044073746	-0.033747446	0.05007477	-0.05431311	0.054301586	-0.048768025	0.049101993	-0.0487608	0.056079376	-0.062559314	0.053097423	-0.041460726	0.033781312	-0.045675945	0.14581911	-0.9695236	0.04107697	-0.036942083	0.045057267	-0.16634297	0.9999975
