1.0000001	-0.3826572	0.26930246	-0.32626522	0.06811111	-0.608805	0.32199758	-0.16546515	0.1309424	-0.06517862	0.21487734	-0.2422163	0.09936087	-0.10681318	0.20638534	-0.15135008	0.14426422	-0.116997376	0.09278077	-0.16449663	0.12821905	-0.117524154	0.122923896	-0.11700151	0.097942635	-0.09062535	0.102793686	-0.09237525	0.111820236	-0.13469495	0.09619955	-0.08419237	0.11387571	-0.071311265	0.08801209
-0.3826572	1.0000002	-0.7194127	0.2002242	-0.048002392	0.24299237	-0.47327104	0.127855	-0.1007951	0.04536262	-0.13824658	0.15436853	-0.0704461	0.07317931	-0.13171299	0.0925252	-0.094765894	0.07381466	-0.05874533	0.09918151	-0.08262052	0.07436032	-0.07890309	0.07240677	-0.060163315	0.057186387	-0.06549773	0.0583386	-0.070273526	0.08204284	-0.061696243	0.05321932	-0.07222676	0.044713188	-0.055274975
0.26930246	-0.7194127	1.0	-0.3385582	0.07314589	-0.22594321	0.27790526	-0.20287825	0.14847131	-0.070182994	0.13257019	-0.15706342	0.102444306	-0.10974523	0.20533375	-0.10470469	0.10681676	-0.10135456	0.0812463	-0.1429659	0.10048283	-0.09200356	0.1023508	-0.101049975	0.08522171	-0.07237637	0.086707644	-0.07832188	0.09694673	-0.11664909	0.07923037	-0.070118	0.09808284	-0.061678827	0.077020206
-0.32626522	0.2002242	-0.3385582	0.9999999	-0.19805855	0.18313682	-0.2714211	0.2748084	-0.4009469	0.1645101	-0.13516793	0.13997658	-0.1871699	0.18534204	-0.5402636	0.11467709	-0.12614673	0.13138354	-0.10916201	0.15989156	-0.12904836	0.11211697	-0.1372037	0.124973066	-0.10411185	0.09203588	-0.11858591	0.104709044	-0.131086	0.13716458	-0.1067914	0.09296161	-0.13687856	0.083305694	-0.10716816
0.06811111	-0.048002392	0.07314589	-0.19805855	1.0000001	-0.044083934	0.06284892	-0.18249814	0.18290323	-0.9392687	0.03275997	-0.035410006	0.076874085	-0.08799309	0.14574952	-0.029286237	0.032157894	-0.041109998	0.033354633	-0.04592298	0.032877456	-0.029717831	0.036941104	-0.036537588	0.029519044	-0.023750221	0.03059153	-0.027763313	0.035082337	-0.03839443	0.02719402	-0.024148433	0.03540332	-0.021984449	0.027890068
-0.608805	0.24299237	-0.22594321	0.18313682	-0.044083934	1.0000004	-0.566283	0.11288788	-0.090566546	0.04162992	-0.3812163	0.26235166	-0.07063315	0.0730244	-0.12620729	0.1562311	-0.1517577	0.08958031	-0.070195116	0.114238545	-0.122701585	0.105573386	-0.10379591	0.08640517	-0.07039785	0.07904402	-0.083787635	0.07322643	-0.08460325	0.0959569	-0.08288571	0.06878039	-0.08873935	0.05388141	-0.06541982
0.32199758	-0.47327104	0.27790526	-0.2714211	0.06284892	-0.566283	1.0000004	-0.18160515	0.1318829	-0.05998487	0.2430212	-0.3439291	0.095943935	-0.100794435	0.17337847	-0.15553908	0.15284528	-0.10746396	0.08422022	-0.1414662	0.12510332	-0.11565266	0.11557519	-0.104318805	0.085728854	-0.08585271	0.09428109	-0.08420597	0.09978607	-0.117094524	0.08999646	-0.077484235	0.102552556	-0.063550286	0.07778352
-0.16546515	0.127855	-0.20287825	0.2748084	-0.18249814	0.11288788	-0.18160515	1.0000005	-0.7818196	0.1611089	-0.081810564	0.089053534	-0.3123684	0.23614596	-0.24980183	0.06984602	-0.07708483	0.10189862	-0.08301095	0.09752297	-0.07683926	0.0697532	-0.08781023	0.082603805	-0.06548422	0.05472765	-0.069776595	0.06336476	-0.07941228	0.08295218	-0.062383164	0.055015277	-0.08012941	0.049255677	-0.062211752
0.1309424	-0.1007951	0.14847131	-0.4009469	0.18290323	-0.090566546	0.1318829	-0.7818196	1.0000004	-0.22412802	0.06572027	-0.07226499	0.21716508	-0.27027145	0.20731477	-0.05758156	0.063317545	-0.08707985	0.07038707	-0.08356363	0.063624084	-0.05817611	0.07300695	-0.07110285	0.055694886	-0.045612622	0.05828535	-0.053171676	0.06681112	-0.07065431	0.05193386	-0.046026215	0.06707969	-0.041454025	0.052295018
-0.06517862	0.04536262	-0.070182994	0.1645101	-0.9392687	0.04162992	-0.05998487	0.1611089	-0.22412802	1.0000002	-0.031037055	0.033393107	-0.07419379	0.0819852	-0.1615539	0.027645746	-0.030413212	0.03856252	-0.031453196	0.042917848	-0.03109275	0.028026655	-0.03490987	0.03422402	-0.027699089	0.022422861	-0.028901981	0.026186852	-0.033076182	0.035971668	-0.025708603	0.02279301	-0.03344133	0.020724207	-0.02631495
0.21487734	-0.13824658	0.13257019	-0.13516793	0.03275997	-0.3812163	0.2430212	-0.081810564	0.06572027	-0.031037055	1.0000004	-0.74642617	0.064535156	-0.066446744	0.09870814	-0.3742062	0.2489425	-0.10569724	0.079315335	-0.12257965	0.17612927	-0.15610537	0.12949216	-0.097671755	0.07656297	-0.10904959	0.0990201	-0.08630328	0.09349183	-0.10443394	0.10337757	-0.084092595	0.09939551	-0.05971558	0.070108086
-0.2422163	0.15436853	-0.15706342	0.13997658	-0.035410006	0.26235166	-0.3439291	0.089053534	-0.07226499	0.033393107	-0.74642617	1.0	-0.07343432	0.072786145	-0.10544837	0.26344097	-0.35253683	0.11349437	-0.08685468	0.12742421	-0.19106257	0.16912101	-0.14990452	0.103488185	-0.081386216	0.112848386	-0.11072632	0.095099054	-0.10292082	0.1100375	-0.115224995	0.09132721	-0.11096054	0.06531017	-0.077148646
0.09936087	-0.0704461	0.102444306	-0.1871699	0.076874085	-0.07063315	0.095943935	-0.3123684	0.21716508	-0.07419379	0.064535156	-0.07343432	1.0	-0.86728907	0.17785133	-0.06556127	0.07546834	-0.19641957	0.13248159	-0.10447475	0.076565586	-0.07617654	0.105094	-0.1077349	0.07556141	-0.055294212	0.072030894	-0.069375046	0.08757333	-0.08819651	0.062395792	-0.056833304	0.08323159	-0.052049953	0.064207844
-0.10681318	0.07317931	-0.10974523	0.18534204	-0.08799309	0.0730244	-0.100794435	0.23614596	-0.27027145	0.0819852	-0.066446744	0.072786145	-0.86728907	1.0000001	-0.23143168	0.06714049	-0.07804761	0.15911639	-0.14192449	0.10499336	-0.080318846	0.07697849	-0.10825086	0.10621765	-0.077692494	0.05756228	-0.07591514	0.07190997	-0.09187782	0.089847684	-0.065834686	0.059418228	-0.08796485	0.054442994	-0.067801066
0.20638534	-0.13171299	0.20533375	-0.5402636	0.14574952	-0.12620729	0.17337847	-0.24980183	0.20731477	-0.1615539	0.09870814	-0.10544837	0.17785133	-0.23143168	1.0000001	-0.093820974	0.10326743	-0.13287957	0.10765319	-0.17672265	0.10885642	-0.09832275	0.12243878	-0.12844278	0.10731049	-0.079982996	0.10484128	-0.09566015	0.122689694	-0.14366205	0.09211647	-0.082798325	0.1227841	-0.07746667	0.09867429
-0.15135008	0.0925252	-0.10470469	0.11467709	-0.029286237	0.1562311	-0.15553908	0.06984602	-0.05758156	0.027645746	-0.3742062	0.26344097	-0.06556127	0.06714049	-0.093820974	0.9999998	-0.6433406	0.14920503	-0.111509256	0.15697116	-0.47916657	0.27027765	-0.21604636	0.13270949	-0.10175163	0.19714147	-0.1615311	0.1316889	-0.13345706	0.13828416	-0.18989994	0.1355031	-0.1489526	0.08504974	-0.09742205
0.14426422	-0.094765894	0.10681676	-0.12614673	0.032157894	-0.1517577	0.15284528	-0.07708483	0.063317545	-0.030413212	0.2489425	-0.35253683	0.07546834	-0.07804761	0.10326743	-0.6433406	0.99999964	-0.19546081	0.13156797	-0.18629776	0.28421015	-0.4724687	0.24160562	-0.15966202	0.11808897	-0.17763455	0.15442877	-0.14412718	0.14439356	-0.15984361	0.15758531	-0.13396354	0.15181817	-0.091811925	0.10399487
-0.116997376	0.07381466	-0.10135456	0.13138354	-0.041109998	0.08958031	-0.10746396	0.10189862	-0.08707985	0.03856252	-0.10569724	0.11349437	-0.19641957	0.15911639	-0.13287957	0.14920503	-0.19546081	0.9999996	-0.6788142	0.23056723	-0.19585064	0.21221623	-0.4154571	0.28974319	-0.20109153	0.13734736	-0.18658079	0.19081473	-0.23957145	0.20348647	-0.15558785	0.14396471	-0.2160027	0.13136877	-0.15905434
0.09278077	-0.05874533	0.0812463	-0.10916201	0.033354633	-0.070195116	0.08422022	-0.08301095	0.07038707	-0.031453196	0.079315335	-0.08685468	0.13248159	-0.14192449	0.10765319	-0.111509256	0.13156797	-0.6788142	0.9999994	-0.27203456	0.13913642	-0.1558989	0.22500414	-0.55643564	0.21398844	-0.10536392	0.14280003	-0.1539643	0.2087734	-0.20652144	0.1165574	-0.11371536	0.1687756	-0.11364687	0.13404834
-0.16449663	0.09918151	-0.1429659	0.15989156	-0.04592298	0.114238545	-0.1414662	0.09752297	-0.08356363	0.042917848	-0.12257965	0.12742421	-0.10447475	0.10499336	-0.17672265	0.15697116	-0.18629776	0.23056723	-0.27203456	0.99999934	-0.22271009	0.19029571	-0.2717309	0.2967251	-0.602443	0.16598612	-0.24865274	0.2264591	-0.324172	0.32239753	-0.20410392	0.18751077	-0.31322297	0.19428699	-0.26790285
0.12821905	-0.08262052	0.10048283	-0.12904836	0.032877456	-0.122701585	0.12510332	-0.07683926	0.063624084	-0.03109275	0.17612927	-0.19106257	0.076565586	-0.080318846	0.10885642	-0.47916657	0.28421015	-0.19585064	0.13913642	-0.22271009	0.9999994	-0.4360061	0.24672061	-0.18247692	0.13764986	-0.5105658	0.20873049	-0.17426427	0.1685126	-0.19233857	0.2620716	-0.20362435	0.18537195	-0.110549055	0.12225766
-0.117524154	0.07436032	-0.09200356	0.11211697	-0.029717831	0.105573386	-0.11565266	0.0697532	-0.05817611	0.028026655	-0.15610537	0.16912101	-0.07617654	0.07697849	-0.09832275	0.27027765	-0.4724687	0.21221623	-0.1558989	0.19029571	-0.4360061	0.99999934	-0.60024256	0.17245798	-0.12841952	0.20454618	-0.21275857	0.19740872	-0.18093769	0.17175215	-0.20218493	0.16533744	-0.1987616	0.11043211	-0.12341605
0.122923896	-0.07890309	0.1023508	-0.1372037	0.036941104	-0.10379591	0.11557519	-0.08781023	0.07300695	-0.03490987	0.12949216	-0.14990452	0.105094	-0.10825086	0.12243878	-0.21604636	0.24160562	-0.4154571	0.22500414	-0.2717309	0.24672061	-0.60024256	0.9999993	-0.26379997	0.17934738	-0.18964384	0.21958567	-0.34484887	0.23505591	-0.24025275	0.17743292	-0.1858956	0.23767908	-0.14478666	0.1545046
-0.11700151	0.07240677	-0.101049975	0.124973066	-0.036537588	0.08640517	-0.104318805	0.082603805	-0.07110285	0.03422402	-0.097671755	0.103488185	-0.1077349	0.10621765	-0.12844278	0.13270949	-0.15966202	0.28974319	-0.55643564	0.2967251	-0.18247692	0.17245798	-0.26379997	0.99999946	-0.4463755	0.13770522	-0.20631903	0.21624814	-0.40337262	0.28557742	-0.16141161	0.1573582	-0.252562	0.1724853	-0.21087734
0.097942635	-0.060163315	0.08522171	-0.10411185	0.029519044	-0.07039785	0.085728854	-0.06548422	0.055694886	-0.027699089	0.07656297	-0.081386216	0.07556141	-0.077692494	0.10731049	-0.10175163	0.11808897	-0.20109153	0.21398844	-0.602443	0.13764986	-0.12841952	0.17934738	-0.4463755	0.99999917	-0.10706705	0.15924737	-0.16262507	0.25351557	-0.5656305	0.1258262	-0.1237474	0.2003495	-0.1431165	0.18259653
-0.09062535	0.057186387	-0.07237637	0.09203588	-0.023750221	0.07904402	-0.08585271	0.05472765	-0.045612622	0.022422861	-0.10904959	0.112848386	-0.055294212	0.05756228	-0.079982996	0.19714147	-0.17763455	0.13734736	-0.10536392	0.16598612	-0.5105658	0.20454618	-0.18964384	0.13770522	-0.10706705	0.9999989	-0.31021857	0.17030981	-0.1547031	0.15301485	-0.6784273	0.26209942	-0.20229737	0.10306499	-0.112536415
0.102793686	-0.06549773	0.086707644	-0.11858591	0.03059153	-0.083787635	0.09428109	-0.069776595	0.05828535	-0.028901981	0.0990201	-0.11072632	0.072030894	-0.07591514	0.10484128	-0.1615311	0.15442877	-0.18658079	0.14280003	-0.24865274	0.20873049	-0.21275857	0.21958567	-0.20631903	0.15924737	-0.31021857	0.9999991	-0.449751	0.24282779	-0.24452518	0.2765718	-0.64277345	0.30245012	-0.16521147	0.16178502
-0.09237525	0.0583386	-0.07832188	0.104709044	-0.027763313	0.07322643	-0.08420597	0.06336476	-0.053171676	0.026186852	-0.08630328	0.095099054	-0.069375046	0.07190997	-0.09566015	0.1316889	-0.14412718	0.19081473	-0.1539643	0.2264591	-0.17426427	0.19740872	-0.34484887	0.21624814	-0.16262507	0.17030981	-0.449751	0.9999989	-0.50053674	0.24527344	-0.18503043	0.25983208	-0.55536354	0.2098588	-0.20139296
0.111820236	-0.070273526	0.09694673	-0.131086	0.035082337	-0.08460325	0.09978607	-0.07941228	0.06681112	-0.033076182	0.09349183	-0.10292082	0.08757333	-0.09187782	0.122689694	-0.13345706	0.14439356	-0.23957145	0.2087734	-0.324172	0.1685126	-0.18093769	0.23505591	-0.40337262	0.25351557	-0.1547031	0.24282779	-0.50053674	0.9999986	-0.45640543	0.16481028	-0.20771162	0.30692196	-0.36079437	0.26426026
-0.13469495	0.08204284	-0.11664909	0.13716458	-0.03839443	0.0959569	-0.117094524	0.08295218	-0.07065431	0.035971668	-0.10443394	0.1100375	-0.08819651	0.089847684	-0.14366205	0.13828416	-0.15984361	0.20348647	-0.20652144	0.32239753	-0.19233857	0.17175215	-0.24025275	0.28557742	-0.5656305	0.15301485	-0.24452518	0.24527344	-0.45640543	0.9999982	-0.18387587	0.18508182	-0.32441527	0.23251085	-0.3376389
0.09619955	-0.061696243	0.07923037	-0.1067914	0.02719402	-0.08288571	0.08999646	-0.062383164	0.05193386	-0.025708603	0.10337757	-0.115224995	0.062395792	-0.065834686	0.09211647	-0.18989994	0.15758531	-0.15558785	0.1165574	-0.20410392	0.2620716	-0.20218493	0.17743292	-0.16141161	0.1258262	-0.6784273	0.2765718	-0.18503043	0.16481028	-0.18387587	0.99999815	-0.50008	0.21410052	-0.116113536	0.12175079
-0.08419237	0.05321932	-0.070118	0.09296161	-0.024148433	0.06878039	-0.077484235	0.055015277	-0.046026215	0.02279301	-0.084092595	0.09132721	-0.056833304	0.059418228	-0.082798325	0.1355031	-0.13396354	0.14396471	-0.11371536	0.18751077	-0.20362435	0.16533744	-0.1858956	0.1573582	-0.1237474	0.26209942	-0.64277345	0.25983208	-0.20771162	0.18508182	-0.50008	0.99999815	-0.40479466	0.14830911	-0.15226664
0.11387571	-0.07222676	0.09808284	-0.13687856	0.03540332	-0.08873935	0.102552556	-0.08012941	0.06707969	-0.03344133	0.09939551	-0.11096054	0.08323159	-0.08796485	0.1227841	-0.1489526	0.15181817	-0.2160027	0.1687756	-0.31322297	0.18537195	-0.1987616	0.23767908	-0.252562	0.2003495	-0.20229737	0.30245012	-0.55536354	0.30692196	-0.32441527	0.21410052	-0.40479466	0.99999815	-0.355848	0.25007752
-0.071311265	0.044713188	-0.061678827	0.083305694	-0.021984449	0.05388141	-0.063550286	0.049255677	-0.041454025	0.020724207	-0.05971558	0.06531017	-0.052049953	0.054442994	-0.07746667	0.08504974	-0.091811925	0.13136877	-0.11364687	0.19428699	-0.110549055	0.11043211	-0.14478666	0.1724853	-0.1431165	0.10306499	-0.16521147	0.2098588	-0.36079437	0.23251085	-0.116113536	0.14830911	-0.355848	0.9999982	-0.80328184
0.08801209	-0.055274975	0.077020206	-0.10716816	0.027890068	-0.06541982	0.07778352	-0.062211752	0.052295018	-0.02631495	0.070108086	-0.077148646	0.064207844	-0.067801066	0.09867429	-0.09742205	0.10399487	-0.15905434	0.13404834	-0.26790285	0.12225766	-0.12341605	0.1545046	-0.21087734	0.18259653	-0.112536415	0.16178502	-0.20139296	0.26426026	-0.3376389	0.12175079	-0.15226664	0.25007752	-0.80328184	0.9999982
