1.0000001	-0.86293995	0.10194661	-0.0066122273	0.0018384493	-0.27277637	0.25923002	-0.08317845	0.006577348	-0.0018116963	0.1860055	-0.22186595	0.13876733	-0.06978972	0.08595632	-0.17815498	0.13281865	-0.10039874	0.0781305	-0.08080476	0.09828612	-0.078737654	0.07691657	-0.060183875	0.07112638	-0.06682043	0.053188227	-0.051182967	0.04573212	-0.03552024	0.04258301	-0.044252794	0.040057134	-0.04516764	0.037778825
-0.86293995	0.9999997	-0.103409424	0.0060920776	-0.0016394902	0.20131738	-0.37485915	0.08118334	-0.0060682152	0.0016144739	-0.17872539	0.1984663	-0.13505718	0.06316154	-0.07810928	0.14536585	-0.12178656	0.087732136	-0.06976954	0.0701777	-0.08622979	0.06768364	-0.06812625	0.052446704	-0.06248659	0.05674331	-0.046030167	0.04421016	-0.039784864	0.030746734	-0.03658059	0.037757613	-0.034560304	0.038777445	-0.032856066
0.10194661	-0.103409424	0.99999976	-0.023525612	0.0047200625	-0.11045103	0.15422624	-0.8058234	0.022834333	-0.004625444	0.11002673	-0.18308017	0.29602295	-0.13989283	0.14650735	-0.18134677	0.14216942	-0.15452337	0.12939106	-0.14101544	0.1249946	-0.10013463	0.11248382	-0.09395942	0.108830385	-0.09053883	0.069551624	-0.078149416	0.069060326	-0.054727815	0.06003666	-0.06304166	0.059358917	-0.06797402	0.05731758
-0.0066122273	0.0060920776	-0.023525612	0.9999999	-0.07374402	0.007107107	-0.010182389	0.018659778	-0.99335015	0.06867376	-0.0075120544	0.011414488	-0.021712534	0.03167833	-0.03027682	0.012764342	-0.011008323	0.013978843	-0.020666126	0.01690451	-0.009508843	0.0075394763	-0.010752563	0.009327256	-0.011028658	0.0068588243	-0.0054110065	0.0071720444	-0.00648922	0.005118757	-0.00490161	0.0050785393	-0.005227806	0.0059782313	-0.0053557395
0.0018384493	-0.0016394902	0.0047200625	-0.07374402	0.99999976	-0.0019195734	0.0027529395	-0.00357857	0.068703674	-0.99485534	0.0020559775	-0.0029392955	0.005225004	-0.005994669	0.0070623034	-0.0035323973	0.00301766	-0.0036935722	0.00461296	-0.004418505	0.0027731184	-0.0021393031	0.0029433772	-0.0025323795	0.0030257064	-0.0019730497	0.0015483297	-0.0019924226	0.0018000695	-0.0014274039	0.0014038107	-0.0014519515	0.0014739446	-0.0016815889	0.0014999011
-0.27277637	0.20131738	-0.11045103	0.007107107	-0.0019195734	0.99999994	-0.4063175	0.089759	-0.007084895	0.001890865	-0.79114616	0.26596192	-0.1639988	0.07724555	-0.09600573	0.21471113	-0.17787185	0.11280321	-0.087761894	0.08616062	-0.118508585	0.08929695	-0.08904406	0.06647608	-0.07994445	0.07262748	-0.060746063	0.05586212	-0.050691437	0.03879841	-0.046929974	0.047979657	-0.043931466	0.0488724	-0.041785114
0.25923002	-0.37485915	0.15422624	-0.010182389	0.0027529395	-0.4063175	0.99999994	-0.14833684	0.010115277	-0.0027146218	0.27804086	-0.6375837	0.23072816	-0.11038252	0.12933601	-0.27887052	0.22433749	-0.16117333	0.11940458	-0.12297842	0.1465617	-0.123247005	0.117972575	-0.091654316	0.106894284	-0.10120396	0.08149842	-0.0774722	0.06906487	-0.053229813	0.06404736	-0.066606924	0.0601953	-0.06788563	0.05648808
-0.08317845	0.08118334	-0.8058234	0.018659778	-0.00357857	0.089759	-0.14833684	0.9999999	-0.018649349	0.0035080318	-0.09249694	0.15927586	-0.4779185	0.1245508	-0.1304272	0.13282079	-0.113014616	0.119206086	-0.107413515	0.10628705	-0.09044605	0.07273273	-0.08707976	0.07046935	-0.08210051	0.06440487	-0.050539397	0.057447016	-0.05129237	0.040156037	-0.04324686	0.04509705	-0.043272093	0.04928093	-0.042255547
0.006577348	-0.0060682152	0.022834333	-0.99335015	0.068703674	-0.007084895	0.010115277	-0.018649349	0.9999999	-0.07379434	0.0074776253	-0.0113747	0.021423124	-0.032655746	0.02962883	-0.012760705	0.010967326	-0.013969004	0.02047759	-0.016941613	0.00949081	-0.007531777	0.010705024	-0.00931125	0.010988598	-0.006855257	0.005402446	-0.0071626976	0.0064727827	-0.005109174	0.0048934165	-0.0050738803	0.0052179047	-0.0059715053	0.0053405724
-0.0018116963	0.0016144739	-0.004625444	0.06867376	-0.99485534	0.001890865	-0.0027146218	0.0035080318	-0.07379434	0.9999997	-0.0020266469	0.002897404	-0.0051706284	0.005994439	-0.007075844	0.003478517	-0.0029766925	0.0036483246	-0.0045954795	0.00437398	-0.0027320427	0.0021073825	-0.0029097828	0.0025031313	-0.002992264	0.001942976	-0.0015257471	0.0019671398	-0.0017781632	0.0014096767	-0.0013839862	0.0014309826	-0.0014545827	0.0016592062	-0.0014815178
0.1860055	-0.17872539	0.11002673	-0.0075120544	0.0020559775	-0.79114616	0.27804086	-0.09249694	0.0074776253	-0.0020266469	0.99999994	-0.3686466	0.1692188	-0.083181776	0.101300575	-0.317687	0.19681254	-0.12696171	0.094482206	-0.09466914	0.12845421	-0.10091313	0.0966748	-0.07294309	0.08645607	-0.08163474	0.067401424	-0.0616194	0.055474747	-0.042459175	0.051907573	-0.053441137	0.04833403	-0.054021757	0.045480352
-0.22186595	0.1984663	-0.18308017	0.011414488	-0.0029392955	0.26596192	-0.6375837	0.15927586	-0.0113747	0.002897404	-0.3686466	0.9999997	-0.3772893	0.12970082	-0.15071276	0.2688884	-0.3587884	0.18124358	-0.13658538	0.13114059	-0.15892944	0.13373314	-0.13408805	0.099233136	-0.11658385	0.1041834	-0.089296274	0.08235354	-0.07436205	0.0563943	-0.06734079	0.069002554	-0.06361866	0.07100383	-0.060312655
0.13876733	-0.13505718	0.29602295	-0.021712534	0.005225004	-0.1639988	0.23072816	-0.4779185	0.021423124	-0.0051706284	0.1692188	-0.3772893	0.9999989	-0.31349677	0.24480444	-0.26319638	0.2198089	-0.2606437	0.21325041	-0.21904947	0.17588103	-0.14412527	0.17282441	-0.14237936	0.16234763	-0.12737024	0.09941305	-0.11533206	0.10217095	-0.07995055	0.085348606	-0.08942336	0.08591149	-0.098334774	0.08356137
-0.06978972	0.06316154	-0.13989283	0.03167833	-0.005994669	0.07724555	-0.11038252	0.1245508	-0.032655746	0.005994439	-0.083181776	0.12970082	-0.31349677	0.99999875	-0.73353744	0.14631732	-0.1329426	0.19192962	-0.48727086	0.2569984	-0.109262064	0.0881523	-0.14383343	0.12972619	-0.1523694	0.07952475	-0.06353265	0.09329497	-0.08563271	0.066805564	-0.058579344	0.060620133	-0.06573555	0.07536947	-0.069521666
0.08595632	-0.07810928	0.14650735	-0.03027682	0.0070623034	-0.09600573	0.12933601	-0.1304272	0.02962883	-0.007075844	0.101300575	-0.15071276	0.24480444	-0.73353744	0.9999983	-0.1945005	0.16147359	-0.2337073	0.30097303	-0.35523328	0.14457352	-0.11718163	0.16942506	-0.16207324	0.18442772	-0.10797872	0.084101826	-0.121783055	0.107643455	-0.08656834	0.07775024	-0.08162651	0.085665084	-0.1000287	0.08811799
-0.17815498	0.14536585	-0.18134677	0.012764342	-0.0035323973	0.21471113	-0.27887052	0.13282079	-0.012760705	0.003478517	-0.317687	0.2688884	-0.26319638	0.14631732	-0.1945005	0.9999982	-0.63488114	0.25565505	-0.19167551	0.17614582	-0.35576272	0.22656375	-0.21994303	0.15020733	-0.18688628	0.17256796	-0.15618621	0.12604715	-0.11717566	0.08770254	-0.112181365	0.11158541	-0.10168706	0.110309415	-0.0967042
0.13281865	-0.12178656	0.14216942	-0.011008323	0.00301766	-0.17787185	0.22433749	-0.113014616	0.010967326	-0.0029766925	0.19681254	-0.3587884	0.2198089	-0.1329426	0.16147359	-0.63488114	0.99999833	-0.4129898	0.17806782	-0.17176585	0.25448403	-0.31474343	0.2138104	-0.15048474	0.16500974	-0.1828256	0.16414595	-0.1262021	0.11176482	-0.08049319	0.10761006	-0.111202784	0.09625966	-0.106821865	0.0857446
-0.10039874	0.087732136	-0.15452337	0.013978843	-0.0036935722	0.11280321	-0.16117333	0.119206086	-0.013969004	0.0036483246	-0.12696171	0.18124358	-0.2606437	0.19192962	-0.2337073	0.25565505	-0.4129898	0.99999785	-0.3740697	0.2561818	-0.19591646	0.16636962	-0.58955896	0.25483578	-0.2835795	0.13501516	-0.11984909	0.18293497	-0.17624465	0.11574164	-0.104626894	0.104629226	-0.12353013	0.13367559	-0.12675382
0.0781305	-0.06976954	0.12939106	-0.020666126	0.00461296	-0.087761894	0.11940458	-0.107413515	0.02047759	-0.0045954795	0.094482206	-0.13658538	0.21325041	-0.48727086	0.30097303	-0.19167551	0.17806782	-0.3740697	0.9999974	-0.6081371	0.14304812	-0.11870821	0.22755322	-0.23650275	0.24811196	-0.1069703	0.08651107	-0.14938195	0.13611084	-0.104728416	0.0821056	-0.08513024	0.098498404	-0.11455117	0.10639037
-0.08080476	0.0701777	-0.14101544	0.01690451	-0.004418505	0.08616062	-0.12297842	0.10628705	-0.016941613	0.00437398	-0.09466914	0.13114059	-0.21904947	0.2569984	-0.35523328	0.17614582	-0.17176585	0.2561818	-0.6081371	0.9999972	-0.15362102	0.11910192	-0.2633018	0.24434447	-0.49226934	0.109834895	-0.090728216	0.16052425	-0.1607536	0.14763965	-0.092824884	0.09291838	-0.11694494	0.13063835	-0.16101807
0.09828612	-0.08622979	0.1249946	-0.009508843	0.0027731184	-0.118508585	0.1465617	-0.09044605	0.00949081	-0.0027320427	0.12845421	-0.15892944	0.17588103	-0.109262064	0.14457352	-0.35576272	0.25448403	-0.19591646	0.14304812	-0.15362102	0.999997	-0.58300513	0.1672497	-0.1359646	0.15366547	-0.46801367	0.29781902	-0.14570326	0.12289926	-0.092191	0.19974856	-0.22489095	0.1375378	-0.15717769	0.0956668
-0.078737654	0.06768364	-0.10013463	0.0075394763	-0.0021393031	0.08929695	-0.123247005	0.07273273	-0.007531777	0.0021073825	-0.10091313	0.13373314	-0.14412527	0.0881523	-0.11718163	0.22656375	-0.31474343	0.16636962	-0.11870821	0.11910192	-0.58300513	0.9999971	-0.15621828	0.11289972	-0.12960227	0.30805632	-0.6047902	0.120532446	-0.10555659	0.070929825	-0.1759667	0.16512717	-0.11146061	0.11457319	-0.0766102
0.07691657	-0.06812625	0.11248382	-0.010752563	0.0029433772	-0.08904406	0.117972575	-0.08707976	0.010705024	-0.0029097828	0.0966748	-0.13408805	0.17282441	-0.14383343	0.16942506	-0.21994303	0.2138104	-0.58955896	0.22755322	-0.2633018	0.1672497	-0.15621828	0.99999726	-0.52837056	0.2751769	-0.13294023	0.11291785	-0.31038582	0.23937063	-0.12634827	0.1072664	-0.11265076	0.14693211	-0.16844466	0.12582499
-0.060183875	0.052446704	-0.09395942	0.009327256	-0.0025323795	0.06647608	-0.091654316	0.07046935	-0.00931125	0.0025031313	-0.07294309	0.099233136	-0.14237936	0.12972619	-0.16207324	0.15020733	-0.15048474	0.25483578	-0.23650275	0.24434447	-0.1359646	0.11289972	-0.52837056	0.9999969	-0.5563996	0.10623572	-0.09186614	0.26953182	-0.42640406	0.15392563	-0.09998882	0.10107169	-0.15499294	0.17410326	-0.15980451
0.07112638	-0.06248659	0.108830385	-0.011028658	0.0030257064	-0.07994445	0.106894284	-0.08210051	0.010988598	-0.002992264	0.08645607	-0.11658385	0.16234763	-0.1523694	0.18442772	-0.18688628	0.16500974	-0.2835795	0.24811196	-0.49226934	0.15366547	-0.12960227	0.2751769	-0.5563996	0.9999965	-0.124954745	0.10094704	-0.24631736	0.22449204	-0.30546802	0.10815138	-0.113928854	0.15214476	-0.19055925	0.21757753
-0.06682043	0.05674331	-0.09053883	0.0068588243	-0.0019730497	0.07262748	-0.10120396	0.06440487	-0.006855257	0.001942976	-0.08163474	0.1041834	-0.12737024	0.07952475	-0.10797872	0.17256796	-0.1828256	0.13501516	-0.1069703	0.109834895	-0.46801367	0.30805632	-0.13294023	0.10623572	-0.124954745	0.99999654	-0.6555078	0.12785652	-0.111226305	0.07472456	-0.380257	0.24383305	-0.13870743	0.13701403	-0.080989346
0.053188227	-0.046030167	0.069551624	-0.0054110065	0.0015483297	-0.060746063	0.08149842	-0.050539397	0.005402446	-0.0015257471	0.067401424	-0.089296274	0.09941305	-0.06353265	0.084101826	-0.15618621	0.16414595	-0.11984909	0.08651107	-0.090728216	0.29781902	-0.6047902	0.11291785	-0.09186614	0.10094704	-0.6555078	0.99999636	-0.1279907	0.099874735	-0.061960436	0.21146438	-0.23662166	0.1168955	-0.12037759	0.06553908
-0.051182967	0.04421016	-0.078149416	0.0071720444	-0.0019924226	0.05586212	-0.0774722	0.057447016	-0.0071626976	0.0019671398	-0.0616194	0.08235354	-0.11533206	0.09329497	-0.121783055	0.12604715	-0.1262021	0.18293497	-0.14938195	0.16052425	-0.14570326	0.120532446	-0.31038582	0.26953182	-0.24631736	0.12785652	-0.1279907	0.99999636	-0.74675417	0.12699349	-0.15127681	0.14957173	-0.35927618	0.26543838	-0.13974445
0.04573212	-0.039784864	0.069060326	-0.00648922	0.0018000695	-0.050691437	0.06906487	-0.05129237	0.0064727827	-0.0017781632	0.055474747	-0.07436205	0.10217095	-0.08563271	0.107643455	-0.11717566	0.11176482	-0.17624465	0.13611084	-0.1607536	0.12289926	-0.10555659	0.23937063	-0.42640406	0.22449204	-0.111226305	0.099874735	-0.74675417	0.99999624	-0.13156599	0.12015532	-0.12770608	0.2394501	-0.3310217	0.13143139
-0.03552024	0.030746734	-0.054727815	0.005118757	-0.0014274039	0.03879841	-0.053229813	0.040156037	-0.005109174	0.0014096767	-0.042459175	0.0563943	-0.07995055	0.066805564	-0.08656834	0.08770254	-0.08049319	0.11574164	-0.104728416	0.14763965	-0.092191	0.070929825	-0.12634827	0.15392563	-0.30546802	0.07472456	-0.061960436	0.12699349	-0.13156599	0.9999962	-0.090396866	0.08673772	-0.15502594	0.17833158	-0.8881043
0.04258301	-0.03658059	0.06003666	-0.00490161	0.0014038107	-0.046929974	0.06404736	-0.04324686	0.0048934165	-0.0013839862	0.051907573	-0.06734079	0.085348606	-0.058579344	0.07775024	-0.112181365	0.10761006	-0.104626894	0.0821056	-0.092824884	0.19974856	-0.1759667	0.1072664	-0.09998882	0.10815138	-0.380257	0.21146438	-0.15127681	0.12015532	-0.090396866	0.9999963	-0.80591995	0.22326967	-0.24475323	0.09139618
-0.044252794	0.037757613	-0.06304166	0.0050785393	-0.0014519515	0.047979657	-0.066606924	0.04509705	-0.0050738803	0.0014309826	-0.053441137	0.069002554	-0.08942336	0.060620133	-0.08162651	0.11158541	-0.111202784	0.104629226	-0.08513024	0.09291838	-0.22489095	0.16512717	-0.11265076	0.10107169	-0.113928854	0.24383305	-0.23662166	0.14957173	-0.12770608	0.08673772	-0.80591995	0.999996	-0.34854037	0.22409947	-0.094418265
0.040057134	-0.034560304	0.059358917	-0.005227806	0.0014739446	-0.043931466	0.0601953	-0.043272093	0.0052179047	-0.0014545827	0.04833403	-0.06361866	0.08591149	-0.06573555	0.085665084	-0.10168706	0.09625966	-0.12353013	0.098498404	-0.11694494	0.1375378	-0.11146061	0.14693211	-0.15499294	0.15214476	-0.13870743	0.1168955	-0.35927618	0.2394501	-0.15502594	0.22326967	-0.34854037	0.9999961	-0.7669521	0.15779823
-0.04516764	0.038777445	-0.06797402	0.0059782313	-0.0016815889	0.0488724	-0.06788563	0.04928093	-0.0059715053	0.0016592062	-0.054021757	0.07100383	-0.098334774	0.07536947	-0.1000287	0.110309415	-0.106821865	0.13367559	-0.11455117	0.13063835	-0.15717769	0.11457319	-0.16844466	0.17410326	-0.19055925	0.13701403	-0.12037759	0.26543838	-0.3310217	0.17833158	-0.24475323	0.22409947	-0.7669521	0.9999961	-0.24711175
0.037778825	-0.032856066	0.05731758	-0.0053557395	0.0014999011	-0.041785114	0.05648808	-0.042255547	0.0053405724	-0.0014815178	0.045480352	-0.060312655	0.08356137	-0.069521666	0.08811799	-0.0967042	0.0857446	-0.12675382	0.10639037	-0.16101807	0.0956668	-0.0766102	0.12582499	-0.15980451	0.21757753	-0.080989346	0.06553908	-0.13974445	0.13143139	-0.8881043	0.09139618	-0.094418265	0.15779823	-0.24711175	0.9999961
