1.0000001	-0.66684175	0.08592873	-0.07986122	0.10781935	-0.6193218	0.3126372	-0.12885115	0.10750448	-0.08142048	0.23092899	-0.21079616	0.14016885	-0.14774285	0.08285802	-0.12495888	0.13173369	-0.1343093	0.096989386	-0.07498927	0.09232565	-0.08546469	0.07358494	-0.070461996	0.0727615	-0.056004763	0.07596359	-0.069158725	0.038481973	-0.037432503	0.05875357	-0.05704139	0.07182441	-0.03792815	0.04296019
-0.66684175	1.0000001	-0.10370608	0.090949826	-0.12572776	0.32492673	-0.5806873	0.14896391	-0.13115712	0.09254838	-0.26752815	0.22690953	-0.16780284	0.1545287	-0.09509658	0.1298744	-0.15375277	0.14208686	-0.109248586	0.08343106	-0.10378926	0.093012266	-0.08213953	0.07791667	-0.08208584	0.061656345	-0.085221395	0.07592471	-0.042973783	0.04183616	-0.066069804	0.063112505	-0.08108689	0.042033218	-0.04838348
0.08592873	-0.10370608	1.0000002	-0.8549093	0.2197602	-0.097526535	0.11128211	-0.27521405	0.23583412	-0.16687393	0.13975093	-0.14234816	0.16928875	-0.21942692	0.14470108	-0.10397433	0.12610984	-0.16460933	0.14020282	-0.122691676	0.091502845	-0.08920372	0.09227515	-0.09966376	0.107811786	-0.06373392	0.088274844	-0.0857571	0.053262755	-0.05498712	0.0691369	-0.068042584	0.08912876	-0.052476358	0.06275706
-0.07986122	0.090949826	-0.8549093	0.9999999	-0.27668497	0.08805959	-0.103005245	0.22207263	-0.30524743	0.1739583	-0.13457546	0.12805273	-0.16190253	0.19140007	-0.15420556	0.09604489	-0.118982956	0.14687835	-0.13769764	0.120123304	-0.08661205	0.08328687	-0.087799214	0.09543776	-0.10687841	0.059763953	-0.08371784	0.080477685	-0.05109546	0.05329585	-0.06555181	0.064036965	-0.084905	0.049917694	-0.06141897
0.10781935	-0.12572776	0.2197602	-0.27668497	0.99999976	-0.1235433	0.13549966	-0.2520216	0.2581497	-0.55495286	0.18934657	-0.18583386	0.20795691	-0.30985236	0.28535527	-0.1552341	0.18597782	-0.26281437	0.23194812	-0.25893974	0.1391444	-0.13937773	0.15000297	-0.17515773	0.18819994	-0.10134915	0.1394245	-0.1419559	0.090375744	-0.09713372	0.10914809	-0.10936911	0.14218408	-0.09037251	0.10718961
-0.6193218	0.32492673	-0.097526535	0.08805959	-0.1235433	1.0000001	-0.53663063	0.1482236	-0.12773877	0.09222801	-0.41434768	0.2471167	-0.16946198	0.16108923	-0.09477605	0.15197565	-0.1623618	0.14981385	-0.11087105	0.08462242	-0.11424446	0.10031217	-0.08529051	0.08004723	-0.083224475	0.065258294	-0.08935628	0.079384334	-0.04399365	0.042569116	-0.06903748	0.06605696	-0.083733484	0.043177504	-0.049048714
0.3126372	-0.5806873	0.11128211	-0.103005245	0.13549966	-0.53663063	1.0	-0.22207834	0.15504941	-0.10683482	0.27511674	-0.41856652	0.20817517	-0.19376846	0.10592433	-0.1478874	0.17058837	-0.16712813	0.121411234	-0.09387619	0.11122918	-0.10367386	0.089765266	-0.086636536	0.089932166	-0.06700271	0.09186431	-0.083677314	0.046792716	-0.045788165	0.07058556	-0.068512306	0.08663033	-0.046012193	0.052537896
-0.12885115	0.14896391	-0.27521405	0.22207263	-0.2520216	0.1482236	-0.22207834	1.0000001	-0.6735065	0.22612415	-0.21248884	0.22754623	-0.46011707	0.28814128	-0.20157124	0.13346143	-0.17133623	0.19824132	-0.17898463	0.14868744	-0.11583158	0.10971339	-0.111791745	0.119304776	-0.13236839	0.07568288	-0.10667676	0.10129021	-0.062326558	0.064441	-0.08230386	0.08022372	-0.1053027	0.06075708	-0.074046284
0.10750448	-0.13115712	0.23583412	-0.30524743	0.2581497	-0.12773877	0.15504941	-0.6735065	0.9999998	-0.39349887	0.1759603	-0.19568443	0.2646864	-0.36361656	0.22135514	-0.12409407	0.15362811	-0.1975721	0.18118554	-0.16982238	0.10755338	-0.10476901	0.109386325	-0.12374277	0.13521668	-0.07298643	0.102070846	-0.100520425	0.062650196	-0.066076286	0.07875737	-0.077908084	0.10150363	-0.061609622	0.07458828
-0.08142048	0.09254838	-0.16687393	0.1739583	-0.55495286	0.09222801	-0.10683482	0.22612415	-0.39349887	0.9999997	-0.14473681	0.13965598	-0.17847693	0.23651518	-0.58557785	0.11106857	-0.13783792	0.18232231	-0.21527193	0.24307244	-0.10145891	0.100772485	-0.11509137	0.14426607	-0.17842643	0.07204404	-0.1016796	0.1045685	-0.07037527	0.07957076	-0.07818466	0.0784051	-0.10308965	0.06880882	-0.08951139
0.23092899	-0.26752815	0.13975093	-0.13457546	0.18934657	-0.41434768	0.27511674	-0.21248884	0.1759603	-0.14473681	1.0000001	-0.52118415	0.25664067	-0.2932602	0.14942817	-0.4071713	0.27717084	-0.2802544	0.18421975	-0.14147921	0.21447852	-0.19497542	0.14883067	-0.13837752	0.13815583	-0.12032036	0.15775886	-0.14289084	0.0750429	-0.07177977	0.12088849	-0.11850824	0.14329441	-0.074596256	0.08170423
-0.21079616	0.22690953	-0.14234816	0.12805273	-0.18583386	0.2471167	-0.41856652	0.22754623	-0.19568443	0.13965598	-0.52118415	1.0	-0.4935334	0.26732022	-0.14644992	0.22464122	-0.34650242	0.24646725	-0.17755678	0.13054101	-0.17359905	0.1584334	-0.13317358	0.12410202	-0.12877564	0.09886574	-0.13826288	0.12223148	-0.067292586	0.06510872	-0.10474233	0.10063169	-0.12770203	0.06583351	-0.07505693
0.14016885	-0.16780284	0.16928875	-0.16190253	0.20795691	-0.16946198	0.20817517	-0.46011707	0.2646864	-0.17847693	0.25664067	-0.4935334	0.9999998	-0.5474799	0.17538667	-0.17079146	0.22173865	-0.30586833	0.2059713	-0.15403324	0.13954824	-0.13502972	0.13211407	-0.13601954	0.14053078	-0.08959641	0.12564698	-0.119929776	0.06968599	-0.06981905	0.095842704	-0.09406458	0.121341184	-0.068289466	0.079669856
-0.14774285	0.1545287	-0.21942692	0.19140007	-0.30985236	0.16108923	-0.19376846	0.28814128	-0.36361656	0.23651518	-0.2932602	0.26732022	-0.5474799	0.9999999	-0.29088637	0.1865134	-0.24589975	0.27668288	-0.36920756	0.22594973	-0.17077439	0.16046944	-0.1740189	0.19441229	-0.2121886	0.11272786	-0.16147663	0.15369304	-0.09809014	0.100716814	-0.1245889	0.12078268	-0.1615593	0.0943528	-0.1168335
0.08285802	-0.09509658	0.14470108	-0.15420556	0.28535527	-0.09477605	0.10592433	-0.20157124	0.22135514	-0.58557785	0.14942817	-0.14644992	0.17538667	-0.29088637	1.0000001	-0.12307094	0.15041725	-0.21687809	0.2549449	-0.5517588	0.11197892	-0.11477644	0.13491033	-0.19094793	0.2221059	-0.081657246	0.11463453	-0.12548971	0.08445863	-0.100631654	0.0872644	-0.08957295	0.115735956	-0.08424275	0.10562862
-0.12495888	0.1298744	-0.10397433	0.09604489	-0.1552341	0.15197565	-0.1478874	0.13346143	-0.12409407	0.11106857	-0.4071713	0.22464122	-0.17079146	0.1865134	-0.12307094	1.0	-0.5084326	0.25938296	-0.16988255	0.1224207	-0.5925547	0.283133	-0.17999464	0.13632816	-0.13389423	0.16328515	-0.22209989	0.16601844	-0.07811931	0.06945121	-0.16835877	0.14703181	-0.17849752	0.0767029	-0.07998935
0.13173369	-0.15375277	0.12610984	-0.118982956	0.18597782	-0.1623618	0.17058837	-0.17133623	0.15362811	-0.13783792	0.27717084	-0.34650242	0.22173865	-0.24589975	0.15041725	-0.5084326	0.9999999	-0.52898794	0.21389626	-0.15397875	0.28292802	-0.3606613	0.20047761	-0.16725631	0.15789743	-0.15777965	0.21751824	-0.1933694	0.08875451	-0.08178204	0.15305515	-0.15622607	0.17947005	-0.088461116	0.09262989
-0.1343093	0.14208686	-0.16460933	0.14687835	-0.26281437	0.14981385	-0.16712813	0.19824132	-0.1975721	0.18232231	-0.2802544	0.24646725	-0.30586833	0.27668288	-0.21687809	0.25938296	-0.52898794	0.9999999	-0.4054064	0.21866263	-0.25147054	0.24138176	-0.2984697	0.23226306	-0.23575744	0.16081274	-0.24565198	0.22478494	-0.12196069	0.114605814	-0.1804662	0.17292319	-0.2358627	0.11634688	-0.13363577
0.096989386	-0.109248586	0.14020282	-0.13769764	0.23194812	-0.11087105	0.121411234	-0.17898463	0.18118554	-0.21527193	0.18421975	-0.17755678	0.2059713	-0.36920756	0.2549449	-0.16988255	0.21389626	-0.4054064	0.9999999	-0.48989132	0.15583198	-0.16920984	0.2233036	-0.47123733	0.30132553	-0.11532975	0.16550758	-0.20500654	0.13138317	-0.1370993	0.12095746	-0.12881026	0.16319814	-0.13223846	0.14260198
-0.07498927	0.08343106	-0.122691676	0.120123304	-0.25893974	0.08462242	-0.09387619	0.14868744	-0.16982238	0.24307244	-0.14147921	0.13054101	-0.15403324	0.22594973	-0.5517588	0.1224207	-0.15397875	0.21866263	-0.48989132	0.99999946	-0.11697323	0.12212596	-0.16645378	0.26701418	-0.4758872	0.08635287	-0.12532827	0.14388716	-0.10840658	0.13987544	-0.092885666	0.096926376	-0.12716495	0.10390333	-0.15242265
0.09232565	-0.10378926	0.091502845	-0.08661205	0.1391444	-0.11424446	0.11122918	-0.11583158	0.10755338	-0.10145891	0.21447852	-0.17359905	0.13954824	-0.17077439	0.11197892	-0.5925547	0.28292802	-0.25147054	0.15583198	-0.11697323	0.9999996	-0.58791685	0.19219254	-0.1413442	0.12805073	-0.24350931	0.25458524	-0.19728458	0.077954076	-0.06791183	0.18786085	-0.17585051	0.17945275	-0.0786793	0.076486684
-0.08546469	0.093012266	-0.08920372	0.08328687	-0.13937773	0.10031217	-0.10367386	0.10971339	-0.10476901	0.100772485	-0.19497542	0.1584334	-0.13502972	0.16046944	-0.11477644	0.283133	-0.3606613	0.24138176	-0.16920984	0.12212596	-0.58791685	0.99999964	-0.30535385	0.1603825	-0.14664584	0.21091732	-0.4977295	0.24661154	-0.08927398	0.07478102	-0.20509222	0.20621115	-0.22902727	0.087842114	-0.08522009
0.07358494	-0.08213953	0.09227515	-0.087799214	0.15000297	-0.08529051	0.089765266	-0.111791745	0.109386325	-0.11509137	0.14883067	-0.13317358	0.13211407	-0.1740189	0.13491033	-0.17999464	0.20047761	-0.2984697	0.2233036	-0.16645378	0.19219254	-0.30535385	0.9999997	-0.3971507	0.21980384	-0.15630752	0.2579506	-0.6950885	0.12112528	-0.104906574	0.15055628	-0.18464957	0.21640025	-0.11989908	0.11209099
-0.070461996	0.07791667	-0.09966376	0.09543776	-0.17515773	0.08004723	-0.086636536	0.119304776	-0.12374277	0.14426607	-0.13837752	0.12410202	-0.13601954	0.19441229	-0.19094793	0.13632816	-0.16725631	0.23226306	-0.47123733	0.26701418	-0.1413442	0.1603825	-0.3971507	1.0	-0.6156773	0.107981436	-0.1683068	0.22936326	-0.20048118	0.17371066	-0.11431934	0.12625965	-0.16652302	0.16308399	-0.18879648
0.0727615	-0.08208584	0.107811786	-0.10687841	0.18819994	-0.083224475	0.089932166	-0.13236839	0.13521668	-0.17842643	0.13815583	-0.12877564	0.14053078	-0.2121886	0.2221059	-0.13389423	0.15789743	-0.23575744	0.30132553	-0.4758872	0.12805073	-0.14664584	0.21980384	-0.6156773	1.0000001	-0.10083187	0.14569095	-0.20498855	0.15722151	-0.2950351	0.10398948	-0.116607934	0.14597443	-0.1583039	0.21750563
-0.056004763	0.061656345	-0.06373392	0.059763953	-0.10134915	0.065258294	-0.06700271	0.07568288	-0.07298643	0.07204404	-0.12032036	0.09886574	-0.08959641	0.11272786	-0.081657246	0.16328515	-0.15777965	0.16081274	-0.11532975	0.08635287	-0.24350931	0.21091732	-0.15630752	0.107981436	-0.10083187	0.99999976	-0.38244078	0.18014361	-0.073629685	0.055894595	-0.8076341	0.25273293	-0.24647334	0.074046776	-0.06380807
0.07596359	-0.085221395	0.088274844	-0.08371784	0.1394245	-0.08935628	0.09186431	-0.10667676	0.102070846	-0.1016796	0.15775886	-0.13826288	0.12564698	-0.16147663	0.11463453	-0.22209989	0.21751824	-0.24565198	0.16550758	-0.12532827	0.25458524	-0.4977295	0.2579506	-0.1683068	0.14569095	-0.38244078	1.0	-0.42425668	0.09980462	-0.07900783	0.26647332	-0.4293712	0.2860483	-0.10272618	0.08822662
-0.069158725	0.07592471	-0.0857571	0.080477685	-0.1419559	0.079384334	-0.083677314	0.10129021	-0.100520425	0.1045685	-0.14289084	0.12223148	-0.119929776	0.15369304	-0.12548971	0.16601844	-0.1933694	0.22478494	-0.20500654	0.14388716	-0.19728458	0.24661154	-0.6950885	0.22936326	-0.20498855	0.18014361	-0.42425668	1.0000002	-0.12861674	0.097426616	-0.18886489	0.22800955	-0.33784774	0.11981383	-0.110526025
0.038481973	-0.042973783	0.053262755	-0.05109546	0.090375744	-0.04399365	0.046792716	-0.062326558	0.062650196	-0.07037527	0.0750429	-0.067292586	0.06968599	-0.09809014	0.08445863	-0.07811931	0.08875451	-0.12196069	0.13138317	-0.10840658	0.077954076	-0.08927398	0.12112528	-0.20048118	0.15722151	-0.073629685	0.09980462	-0.12861674	0.99999994	-0.23586385	0.07557642	-0.11080779	0.1451445	-0.89959973	0.20225175
-0.037432503	0.04183616	-0.05498712	0.05329585	-0.09713372	0.042569116	-0.045788165	0.064441	-0.066076286	0.07957076	-0.07177977	0.06510872	-0.06981905	0.100716814	-0.100631654	0.06945121	-0.08178204	0.114605814	-0.1370993	0.13987544	-0.06791183	0.07478102	-0.104906574	0.17371066	-0.2950351	0.055894595	-0.07900783	0.097426616	-0.23586385	0.9999997	-0.058790617	0.06946752	-0.09144253	0.19474931	-0.8789999
0.05875357	-0.066069804	0.0691369	-0.06555181	0.10914809	-0.06903748	0.07058556	-0.08230386	0.07875737	-0.07818466	0.12088849	-0.10474233	0.095842704	-0.1245889	0.0872644	-0.16835877	0.15305515	-0.1804662	0.12095746	-0.092885666	0.18786085	-0.20509222	0.15055628	-0.11431934	0.10398948	-0.8076341	0.26647332	-0.18886489	0.07557642	-0.058790617	0.9999994	-0.37117064	0.23615555	-0.07890625	0.06608584
-0.05704139	0.063112505	-0.068042584	0.064036965	-0.10936911	0.06605696	-0.068512306	0.08022372	-0.077908084	0.0784051	-0.11850824	0.10063169	-0.09406458	0.12078268	-0.08957295	0.14703181	-0.15622607	0.17292319	-0.12881026	0.096926376	-0.17585051	0.20621115	-0.18464957	0.12625965	-0.116607934	0.25273293	-0.4293712	0.22800955	-0.11080779	0.06946752	-0.37117064	0.9999994	-0.7273742	0.112961374	-0.07972606
0.07182441	-0.08108689	0.08912876	-0.084905	0.14218408	-0.083733484	0.08663033	-0.1053027	0.10150363	-0.10308965	0.14329441	-0.12770203	0.121341184	-0.1615593	0.115735956	-0.17849752	0.17947005	-0.2358627	0.16319814	-0.12716495	0.17945275	-0.22902727	0.21640025	-0.16652302	0.14597443	-0.24647334	0.2860483	-0.33784774	0.1451445	-0.09144253	0.23615555	-0.7273742	0.99999934	-0.17871787	0.10179112
-0.03792815	0.042033218	-0.052476358	0.049917694	-0.09037251	0.043177504	-0.046012193	0.06075708	-0.061609622	0.06880882	-0.074596256	0.06583351	-0.068289466	0.0943528	-0.08424275	0.0767029	-0.088461116	0.11634688	-0.13223846	0.10390333	-0.0786793	0.087842114	-0.11989908	0.16308399	-0.1583039	0.074046776	-0.10272618	0.11981383	-0.89959973	0.19474931	-0.07890625	0.112961374	-0.17871787	0.9999993	-0.2501842
0.04296019	-0.04838348	0.06275706	-0.06141897	0.10718961	-0.049048714	0.052537896	-0.074046284	0.07458828	-0.08951139	0.08170423	-0.07505693	0.079669856	-0.1168335	0.10562862	-0.07998935	0.09262989	-0.13363577	0.14260198	-0.15242265	0.076486684	-0.08522009	0.11209099	-0.18879648	0.21750563	-0.06380807	0.08822662	-0.110526025	0.20225175	-0.8789999	0.06608584	-0.07972606	0.10179112	-0.2501842	0.9999993
