1.0	-0.520925	0.2581343	-0.061368056	0.05715087	-0.627709	0.32620993	-0.20658389	0.16920716	-0.27489334	0.09595058	-0.13776411	0.13446315	-0.15486187	0.1447017	-0.09868813	0.11511603	-0.12881753	0.107302226	-0.14544679	0.12161993	-0.15341595	0.11027845	-0.079122536	0.09668106	-0.07060593	0.076481625	-0.13567565	0.062113293	-0.058685686	0.11406388	-0.057965755	0.07113636	-0.05259472	0.046323676
-0.520925	1.0000002	-0.62586355	0.058325	-0.055874478	0.26226565	-0.42172113	0.23092124	-0.19918726	0.2199645	-0.070843086	0.12108705	-0.12927964	0.14101256	-0.13258073	0.06960963	-0.10114598	0.10916935	-0.094639875	0.12258447	-0.105998814	0.12669273	-0.09585996	0.06787264	-0.08491579	0.06039394	-0.06582956	0.11158544	-0.05330079	0.049897663	-0.09845062	0.049617458	-0.061477017	0.04483184	-0.039764997
0.2581343	-0.62586355	1.0000001	-0.08927174	0.08172754	-0.19292152	0.25229	-0.4474449	0.26216194	-0.36058262	0.07788563	-0.1738118	0.17716222	-0.21396181	0.19055586	-0.078878045	0.13917026	-0.1581112	0.1359686	-0.1823981	0.1393835	-0.18409024	0.13324094	-0.09484623	0.11599606	-0.08127122	0.08896744	-0.15747479	0.07362373	-0.06925818	0.13166207	-0.06736459	0.08303316	-0.0619521	0.0546659
-0.061368056	0.058325	-0.08927174	0.9999999	-0.96913356	0.04103607	-0.062480457	0.09076777	-0.13563178	0.14250916	-0.021507684	0.047742713	-0.056514874	0.073056705	-0.08276799	0.021026865	-0.0410456	0.046222284	-0.04451503	0.054734614	-0.044544544	0.04866136	-0.04205137	0.029183887	-0.037848104	0.02497924	-0.02761557	0.044022594	-0.022747345	0.020959	-0.041397866	0.02071096	-0.026107227	0.018855944	-0.016919674
0.05715087	-0.055874478	0.08172754	-0.96913356	1.0	-0.038912628	0.058286063	-0.08909939	0.11648831	-0.16840151	0.020698642	-0.046966888	0.05450717	-0.07260698	0.08040779	-0.02032132	0.0398811	-0.04540978	0.043478575	-0.0543549	0.04257646	-0.04783653	0.040687937	-0.02829892	0.03643247	-0.02399625	0.026531737	-0.04281851	0.021974111	-0.020276334	0.039633874	-0.01992138	0.02506425	-0.01821954	0.016321378
-0.627709	0.26226565	-0.19292152	0.04103607	-0.038912628	0.9999998	-0.6791286	0.16446075	-0.13778189	0.16692863	-0.10572115	0.100099	-0.10031678	0.10540589	-0.09823616	0.09438588	-0.08186464	0.08447427	-0.0716109	0.09363948	-0.08341699	0.101151675	-0.073380776	0.052000627	-0.06444371	0.04743777	-0.051050354	0.08724326	-0.04087954	0.038374268	-0.07542492	0.038463857	-0.047282346	0.034496494	-0.03050115
0.32620993	-0.42172113	0.25229	-0.062480457	0.058286063	-0.6791286	0.9999996	-0.2966566	0.19751562	-0.26340112	0.09592446	-0.15391721	0.14607202	-0.16162758	0.14612038	-0.09757376	0.11745325	-0.12562892	0.10632231	-0.14117809	0.1156908	-0.15021233	0.10675223	-0.075813234	0.09295777	-0.066874124	0.07260009	-0.12708	0.059164852	-0.055653643	0.10713674	-0.054853823	0.06742955	-0.04988261	0.044016007
-0.20658389	0.23092124	-0.4474449	0.09076777	-0.08909939	0.16446075	-0.2966566	0.9999993	-0.70431304	0.26333317	-0.06736914	0.16704054	-0.23515067	0.22787489	-0.19796383	0.066176005	-0.12816392	0.13179618	-0.12656386	0.15097702	-0.11487462	0.14778104	-0.11309714	0.07807757	-0.09813598	0.06542032	-0.07217442	0.119587265	-0.06002192	0.05551554	-0.10556178	0.054124665	-0.06750204	0.049784012	-0.044360258
0.16920716	-0.19918726	0.26216194	-0.13563178	0.11648831	-0.13778189	0.19751562	-0.70431304	0.99999976	-0.39576465	0.067396134	-0.18002987	0.20957452	-0.37619594	0.24021335	-0.06726475	0.1350972	-0.15496895	0.15178432	-0.18670985	0.12290974	-0.1636627	0.12700367	-0.08822696	0.10918087	-0.07067336	0.078212634	-0.13278522	0.066728696	-0.061743036	0.11339751	-0.058863163	0.07332357	-0.05515791	0.049034443
-0.27489334	0.2199645	-0.36058262	0.14250916	-0.16840151	0.16692863	-0.26340112	0.26333317	-0.39576465	1.0000002	-0.09207327	0.19004439	-0.23744938	0.29393518	-0.52822864	0.08851708	-0.17393772	0.19533643	-0.19925953	0.238068	-0.20323414	0.19755618	-0.18895754	0.1299875	-0.17436089	0.112615846	-0.1249792	0.18917312	-0.10228985	0.093457244	-0.19091801	0.09351892	-0.119214624	0.08437375	-0.076354675
0.09595058	-0.070843086	0.07788563	-0.021507684	0.020698642	-0.10572115	0.09592446	-0.06736914	0.067396134	-0.09207327	1.0000001	-0.1396144	0.10484874	-0.07629802	0.07090566	-0.9521575	0.11747181	-0.082566485	0.06163179	-0.076787725	0.13292949	-0.1241824	0.07298291	-0.050356552	0.061236043	-0.0694777	0.063088074	-0.097540736	0.041199006	-0.03868252	0.08077578	-0.046614945	0.05301314	-0.035702545	0.031095928
-0.13776411	0.12108705	-0.1738118	0.047742713	-0.046966888	0.100099	-0.15391721	0.16704054	-0.18002987	0.19004439	-0.1396144	0.99999976	-0.70652384	0.22952364	-0.20671882	0.12235029	-0.4807267	0.18425713	-0.15496945	0.1672061	-0.15296665	0.2725794	-0.1565329	0.09880577	-0.12451879	0.08487081	-0.0944171	0.1441308	-0.07522009	0.068321854	-0.1261985	0.06853656	-0.08498892	0.06164375	-0.0551376
0.13446315	-0.12927964	0.17716222	-0.056514874	0.05450717	-0.10031678	0.14607202	-0.23515067	0.20957452	-0.23744938	0.10484874	-0.70652384	0.99999976	-0.408272	0.23072474	-0.10612519	0.2621886	-0.2082237	0.17341202	-0.2022019	0.14529653	-0.29575616	0.15724643	-0.10369975	0.1257556	-0.08401812	0.09307666	-0.15309313	0.07716471	-0.070794754	0.124672405	-0.06863081	0.08424639	-0.06341754	0.05623761
-0.15486187	0.14101256	-0.21396181	0.073056705	-0.07260698	0.10540589	-0.16162758	0.22787489	-0.37619594	0.29393518	-0.07629802	0.22952364	-0.408272	0.9999998	-0.6178015	0.07399304	-0.17959294	0.20748961	-0.3124938	0.2644874	-0.14493014	0.1867322	-0.17123535	0.11400792	-0.14303796	0.08211088	-0.09204251	0.15006772	-0.08332955	0.07521542	-0.13015567	0.06896152	-0.0870488	0.066940546	-0.06007148
0.1447017	-0.13258073	0.19055586	-0.08276799	0.08040779	-0.09823616	0.14612038	-0.19796383	0.24021335	-0.52822864	0.07090566	-0.20671882	0.23072474	-0.6178015	0.99999994	-0.07025822	0.15815848	-0.2092559	0.23948966	-0.38560778	0.1422054	-0.1860593	0.16588715	-0.114610046	0.14241086	-0.0814729	0.09116412	-0.1531594	0.08330752	-0.07611363	0.12949438	-0.06875979	0.08650441	-0.06747117	0.060261793
-0.09868813	0.06960963	-0.078878045	0.021026865	-0.02032132	0.09438588	-0.09757376	0.066176005	-0.06726475	0.08851708	-0.9521575	0.12235029	-0.10612519	0.07399304	-0.07025822	0.9999999	-0.12592795	0.07981588	-0.060482435	0.07399068	-0.15684141	0.117840715	-0.07225387	0.04945783	-0.06087431	0.070929594	-0.06499185	0.0940067	-0.040683586	0.037995897	-0.081404805	0.046833638	-0.053699028	0.03524551	-0.030812234
0.11511603	-0.10114598	0.13917026	-0.0410456	0.0398811	-0.08186464	0.11745325	-0.12816392	0.1350972	-0.17393772	0.11747181	-0.4807267	0.2621886	-0.17959294	0.15815848	-0.12592795	0.99999976	-0.29067558	0.16514894	-0.18368462	0.17263854	-0.7083495	0.19430332	-0.117460184	0.14019427	-0.10184374	0.11453034	-0.17360821	0.08700011	-0.07900654	0.13857992	-0.081204966	0.09738455	-0.07142297	0.063190036
-0.12881753	0.10916935	-0.1581112	0.046222284	-0.04540978	0.08447427	-0.12562892	0.13179618	-0.15496895	0.19533643	-0.082566485	0.18425713	-0.2082237	0.20748961	-0.2092559	0.07981588	-0.29067558	0.9999998	-0.53887326	0.29854915	-0.20692965	0.23967555	-0.54257536	0.22115853	-0.26423725	0.11891181	-0.13816066	0.24287045	-0.15041225	0.12815304	-0.18456553	0.103960395	-0.13414107	0.11310332	-0.102229126
0.107302226	-0.094639875	0.1359686	-0.04451503	0.043478575	-0.0716109	0.10632231	-0.12656386	0.15178432	-0.19925953	0.06163179	-0.15496945	0.17341202	-0.3124938	0.23948966	-0.060482435	0.16514894	-0.53887326	1.0	-0.6711207	0.1438243	-0.17599943	0.2442853	-0.18033239	0.18742892	-0.083785586	0.09578265	-0.1751598	0.1085464	-0.09546837	0.13014705	-0.07353494	0.09351565	-0.0832457	0.07367767
-0.14544679	0.12258447	-0.1823981	0.054734614	-0.0543549	0.09363948	-0.14117809	0.15097702	-0.18670985	0.238068	-0.076787725	0.1672061	-0.2022019	0.2644874	-0.38560778	0.07399068	-0.18368462	0.29854915	-0.6711207	1.0000002	-0.19396172	0.1926111	-0.2910014	0.18697695	-0.26011604	0.109954566	-0.12581019	0.20418762	-0.132863	0.117140815	-0.17678553	0.09581086	-0.12402309	0.102276444	-0.09342858
0.12161993	-0.105998814	0.1393835	-0.044544544	0.04257646	-0.08341699	0.1156908	-0.11487462	0.12290974	-0.20323414	0.13292949	-0.15296665	0.14529653	-0.14493014	0.1422054	-0.15684141	0.17263854	-0.20692965	0.1438243	-0.19396172	1.0000002	-0.27664253	0.20419428	-0.15322562	0.17917164	-0.517832	0.28785643	-0.40915808	0.13893236	-0.13386977	0.31374955	-0.21870731	0.21109076	-0.12886181	0.10793834
-0.15341595	0.12669273	-0.18409024	0.04866136	-0.04783653	0.101151675	-0.15021233	0.14778104	-0.1636627	0.19755618	-0.1241824	0.2725794	-0.29575616	0.1867322	-0.1860593	0.117840715	-0.7083495	0.23967555	-0.17599943	0.1926111	-0.27664253	1.0000004	-0.26586708	0.14912084	-0.19092363	0.14927551	-0.17978701	0.21938871	-0.11626098	0.10402822	-0.20239733	0.11692529	-0.14325947	0.09565834	-0.08581945
0.11027845	-0.09585996	0.13324094	-0.04205137	0.040687937	-0.073380776	0.10675223	-0.11309714	0.12700367	-0.18895754	0.07298291	-0.1565329	0.15724643	-0.17123535	0.16588715	-0.07225387	0.19430332	-0.54257536	0.2442853	-0.2910014	0.20419428	-0.26586708	1.0000002	-0.443531	0.2874169	-0.1292307	0.15191852	-0.45086786	0.20064564	-0.17521161	0.1866452	-0.11794014	0.14691558	-0.1536202	0.12824093
-0.079122536	0.06787264	-0.09484623	0.029183887	-0.02829892	0.052000627	-0.075813234	0.07807757	-0.08822696	0.1299875	-0.050356552	0.09880577	-0.10369975	0.11400792	-0.114610046	0.04945783	-0.117460184	0.22115853	-0.18033239	0.18697695	-0.15322562	0.14912084	-0.443531	1.0000001	-0.67003995	0.098092005	-0.115010686	0.2410565	-0.4311775	0.24349087	-0.14477406	0.10330388	-0.13423371	0.20760989	-0.18207192
0.09668106	-0.08491579	0.11599606	-0.037848104	0.03643247	-0.06444371	0.09295777	-0.09813598	0.10918087	-0.17436089	0.061236043	-0.12451879	0.1257556	-0.14303796	0.14241086	-0.06087431	0.14019427	-0.26423725	0.18742892	-0.26011604	0.17917164	-0.19092363	0.2874169	-0.67003995	1.0000002	-0.11830993	0.13509198	-0.31100908	0.28460667	-0.36542886	0.17185083	-0.12501529	0.15236694	-0.24619254	0.20215966
-0.07060593	0.06039394	-0.08127122	0.02497924	-0.02399625	0.04743777	-0.066874124	0.06542032	-0.07067336	0.112615846	-0.0694777	0.08487081	-0.08401812	0.08211088	-0.0814729	0.070929594	-0.10184374	0.11891181	-0.083785586	0.109954566	-0.517832	0.14927551	-0.1292307	0.098092005	-0.11830993	0.9999998	-0.6696271	0.25004148	-0.09852581	0.09049755	-0.37111714	0.23082829	-0.23791529	0.09633467	-0.08135118
0.076481625	-0.06582956	0.08896744	-0.02761557	0.026531737	-0.051050354	0.07260009	-0.07217442	0.078212634	-0.1249792	0.063088074	-0.0944171	0.09307666	-0.09204251	0.09116412	-0.06499185	0.11453034	-0.13816066	0.09578265	-0.12581019	0.28785643	-0.17978701	0.15191852	-0.115010686	0.13509198	-0.6696271	1.0	-0.35290352	0.11557096	-0.10712382	0.25761297	-0.4420581	0.26511252	-0.115764566	0.09379168
-0.13567565	0.11158544	-0.15747479	0.044022594	-0.04281851	0.08724326	-0.12708	0.119587265	-0.13278522	0.18917312	-0.097540736	0.1441308	-0.15309313	0.15006772	-0.1531594	0.0940067	-0.17360821	0.24287045	-0.1751598	0.20418762	-0.40915808	0.21938871	-0.45086786	0.2410565	-0.31100908	0.25004148	-0.35290352	0.99999976	-0.25461262	0.19009353	-0.37397873	0.21868233	-0.2960993	0.18300492	-0.16609643
0.062113293	-0.05330079	0.07362373	-0.022747345	0.021974111	-0.04087954	0.059164852	-0.06002192	0.066728696	-0.10228985	0.041199006	-0.07522009	0.07716471	-0.08332955	0.08330752	-0.040683586	0.08700011	-0.15041225	0.1085464	-0.132863	0.13893236	-0.11626098	0.20064564	-0.4311775	0.28460667	-0.09852581	0.11557096	-0.25461262	0.9999999	-0.54258853	0.1345639	-0.13099134	0.1635518	-0.5562723	0.30499628
-0.058685686	0.049897663	-0.06925818	0.020959	-0.020276334	0.038374268	-0.055653643	0.05551554	-0.061743036	0.093457244	-0.03868252	0.068321854	-0.070794754	0.07521542	-0.07611363	0.037995897	-0.07900654	0.12815304	-0.09546837	0.117140815	-0.13386977	0.10402822	-0.17521161	0.24349087	-0.36542886	0.09049755	-0.10712382	0.19009353	-0.54258853	0.99999964	-0.13022202	0.11221708	-0.15284485	0.32342362	-0.63677186
0.11406388	-0.09845062	0.13166207	-0.041397866	0.039633874	-0.07542492	0.10713674	-0.10556178	0.11339751	-0.19091801	0.08077578	-0.1261985	0.124672405	-0.13015567	0.12949438	-0.081404805	0.13857992	-0.18456553	0.13014705	-0.17678553	0.31374955	-0.20239733	0.1866452	-0.14477406	0.17185083	-0.37111714	0.25761297	-0.37397873	0.1345639	-0.13022202	0.9999992	-0.24041982	0.22013927	-0.12704791	0.10670043
-0.057965755	0.049617458	-0.06736459	0.02071096	-0.01992138	0.038463857	-0.054853823	0.054124665	-0.058863163	0.09351892	-0.046614945	0.06853656	-0.06863081	0.06896152	-0.06875979	0.046833638	-0.081204966	0.103960395	-0.07353494	0.09581086	-0.21870731	0.11692529	-0.11794014	0.10330388	-0.12501529	0.23082829	-0.4420581	0.21868233	-0.13099134	0.11221708	-0.24041982	0.9999992	-0.778104	0.15124033	-0.123835385
0.07113636	-0.061477017	0.08303316	-0.026107227	0.02506425	-0.047282346	0.06742955	-0.06750204	0.07332357	-0.119214624	0.05301314	-0.08498892	0.08424639	-0.0870488	0.08650441	-0.053699028	0.09738455	-0.13414107	0.09351565	-0.12402309	0.21109076	-0.14325947	0.14691558	-0.13423371	0.15236694	-0.23791529	0.26511252	-0.2960993	0.1635518	-0.15284485	0.22013927	-0.778104	0.99999917	-0.24604577	0.15302864
-0.05259472	0.04483184	-0.0619521	0.018855944	-0.01821954	0.034496494	-0.04988261	0.049784012	-0.05515791	0.08437375	-0.035702545	0.06164375	-0.06341754	0.066940546	-0.06747117	0.03524551	-0.07142297	0.11310332	-0.0832457	0.102276444	-0.12886181	0.09565834	-0.1536202	0.20760989	-0.24619254	0.09633467	-0.115764566	0.18300492	-0.5562723	0.32342362	-0.12704791	0.15124033	-0.24604577	0.999999	-0.65745425
0.046323676	-0.039764997	0.0546659	-0.016919674	0.016321378	-0.03050115	0.044016007	-0.044360258	0.049034443	-0.076354675	0.031095928	-0.0551376	0.05623761	-0.06007148	0.060261793	-0.030812234	0.063190036	-0.102229126	0.07367767	-0.09342858	0.10793834	-0.08581945	0.12824093	-0.18207192	0.20215966	-0.08135118	0.09379168	-0.16609643	0.30499628	-0.63677186	0.10670043	-0.123835385	0.15302864	-0.65745425	0.999999
