1.0000001	-0.54692376	0.10758526	-0.07891639	0.087213986	-0.7113971	0.19723377	-0.09485198	0.0764121	-0.060670786	0.28858504	-0.18460186	0.13003676	-0.10344238	0.08387474	-0.1874371	0.16903503	-0.08675245	0.06950467	-0.060386293	0.12914562	-0.12337244	0.07979718	-0.080256805	0.05663523	-0.071955	0.08799993	-0.08430968	0.04479505	-0.03144268	0.082814276	-0.07333865	0.058287784	-0.04009638	0.028809246
-0.54692376	1.0000001	-0.19806275	0.12913424	-0.14324519	0.2924652	-0.44054955	0.16570757	-0.12910455	0.098367974	-0.41451582	0.2658581	-0.2333388	0.15682203	-0.13534456	0.23184289	-0.28650028	0.12804182	-0.10558515	0.09121662	-0.2038931	0.17610037	-0.12058713	0.11843358	-0.08701934	0.108933546	-0.13549161	0.12251129	-0.06709134	0.04640033	-0.13182576	0.10630922	-0.08773665	0.05916783	-0.043065023
0.10758526	-0.19806275	1.0000002	-0.4637849	0.2056488	-0.09847498	0.17804952	-0.6371137	0.28137922	-0.17195086	0.1320404	-0.17146806	0.31508747	-0.2729452	0.19486508	-0.115518145	0.1310453	-0.14111225	0.13432398	-0.1213785	0.12880714	-0.13285504	0.11877421	-0.14729147	0.1089961	-0.078238934	0.10528619	-0.108790055	0.06280994	-0.04459006	0.09610501	-0.09058824	0.075434744	-0.05516879	0.04028062
-0.07891639	0.12913424	-0.4637849	0.99999994	-0.2977568	0.07051138	-0.1258837	0.26500615	-0.7083192	0.23701213	-0.10123604	0.114788935	-0.28651097	0.24746414	-0.25152236	0.086213626	-0.10058144	0.11737499	-0.12585235	0.11673797	-0.105420314	0.10460694	-0.10251428	0.12774798	-0.10752758	0.06354805	-0.08667167	0.08780176	-0.052666806	0.0371481	-0.07956435	0.072492614	-0.062174175	0.045524295	-0.033739537
0.087213986	-0.14324519	0.2056488	-0.2977568	0.9999997	-0.07855462	0.114108786	-0.17019533	0.26375654	-0.6445862	0.11460781	-0.11112073	0.22116649	-0.35193533	0.319312	-0.09881784	0.112405896	-0.15974344	0.16726178	-0.18148258	0.13213983	-0.1365472	0.13545921	-0.18886349	0.14751668	-0.08242895	0.11371829	-0.12034942	0.072452605	-0.05203743	0.10326126	-0.0994116	0.083909065	-0.063325584	0.046563067
-0.7113971	0.2924652	-0.09847498	0.07051138	-0.07855462	0.99999994	-0.20011677	0.086522214	-0.0692211	0.054569125	-0.54533017	0.16489457	-0.12019277	0.09224465	-0.07575951	0.20032442	-0.19124351	0.08087513	-0.06401286	0.054814406	-0.13524239	0.119060084	-0.07563226	0.07337517	-0.05182623	0.0709327	-0.08536773	0.07891013	-0.041882034	0.029166467	-0.081651606	0.068621516	-0.055038277	0.037334196	-0.026867127
0.19723377	-0.44054955	0.17804952	-0.1258837	0.114108786	-0.20011677	1.0000001	-0.23618783	0.11980475	-0.08503183	0.21669304	-0.7354347	0.21559565	-0.14286792	0.110429905	-0.21359752	0.24867819	-0.11185273	0.09036144	-0.07750247	0.14976285	-0.15370618	0.10053206	-0.102002114	0.07219345	-0.08336804	0.104496285	-0.0996574	0.053261228	-0.03725096	0.0958994	-0.08478326	0.06838776	-0.04732719	0.03408246
-0.09485198	0.16570757	-0.6371137	0.26500615	-0.17019533	0.086522214	-0.23618783	1.0000001	-0.31498706	0.14344083	-0.11605746	0.17670707	-0.5796136	0.21062595	-0.16116676	0.10227717	-0.12127164	0.11598164	-0.108557336	0.095123544	-0.107258216	0.10890716	-0.098073386	0.11495803	-0.08672425	0.063729316	-0.08533945	0.08643776	-0.04972976	0.0350525	-0.07790408	0.07164541	-0.06010258	0.04348166	-0.0318018
0.0764121	-0.12910455	0.28137922	-0.7083192	0.26375654	-0.0692211	0.11980475	-0.31498706	1.0	-0.36757514	0.097926565	-0.11296432	0.24526937	-0.34412572	0.24948926	-0.08519348	0.09815409	-0.12640132	0.1390186	-0.12664378	0.10511967	-0.10689076	0.107123345	-0.1410703	0.11179057	-0.06405877	0.08787636	-0.090651885	0.054497052	-0.03855705	0.079870634	-0.0742971	0.06355467	-0.047161903	0.034798328
-0.060670786	0.098367974	-0.17195086	0.23701213	-0.6445862	0.054569125	-0.08503183	0.14344083	-0.36757514	1.0	-0.0798463	0.08095445	-0.17804068	0.2566913	-0.5691797	0.06914392	-0.07959112	0.11311745	-0.1273359	0.14782678	-0.092078745	0.09373686	-0.09771982	0.13464236	-0.12528296	0.056757256	-0.07866611	0.08197194	-0.050385535	0.03603978	-0.0713094	0.06701346	-0.057670515	0.043478448	-0.03236961
0.28858504	-0.41451582	0.1320404	-0.10123604	0.11460781	-0.54533017	0.21669304	-0.11605746	0.097926565	-0.0798463	0.9999998	-0.24753729	0.16309148	-0.14104585	0.111805834	-0.4994023	0.27098402	-0.12821224	0.09868747	-0.08479718	0.20356712	-0.19684088	0.11763843	-0.11563261	0.079300664	-0.112326644	0.13099962	-0.12652726	0.06550806	-0.046091586	0.12164899	-0.11019773	0.08584593	-0.059037823	0.042076457
-0.18460186	0.2658581	-0.17146806	0.114788935	-0.11112073	0.16489457	-0.7354347	0.17670707	-0.11296432	0.08095445	-0.24753729	0.99999946	-0.24713822	0.13611457	-0.107804686	0.22755891	-0.43405232	0.11420944	-0.09083587	0.07604358	-0.1659357	0.16057317	-0.10527247	0.10090079	-0.07176833	0.08803201	-0.11095174	0.10118177	-0.054161757	0.037546735	-0.10186173	0.08599754	-0.07019849	0.04787291	-0.03456423
0.13003676	-0.2333388	0.31508747	-0.28651097	0.22116649	-0.12019277	0.21559565	-0.5796136	0.24526937	-0.17804068	0.16309148	-0.24713822	0.99999946	-0.35705838	0.21970645	-0.14733395	0.16887493	-0.20149581	0.173824	-0.14921407	0.16260225	-0.17101663	0.15764174	-0.18843953	0.13434142	-0.09887735	0.13365735	-0.13912056	0.07945787	-0.05622672	0.12089936	-0.11441622	0.0955103	-0.06974341	0.05077297
-0.10344238	0.15682203	-0.2729452	0.24746414	-0.35193533	0.09224465	-0.14286792	0.21062595	-0.34412572	0.2566913	-0.14104585	0.13611457	-0.35705838	0.9999996	-0.4752395	0.12250693	-0.14452995	0.23086424	-0.42471904	0.22777572	-0.17598785	0.17005119	-0.21053316	0.2610556	-0.23053789	0.10610797	-0.1500052	0.14924714	-0.09594308	0.06595799	-0.1359484	0.11945802	-0.108462304	0.08000142	-0.060392886
0.08387474	-0.13534456	0.19486508	-0.25152236	0.319312	-0.07575951	0.110429905	-0.16116676	0.24948926	-0.5691797	0.111805834	-0.107804686	0.21970645	-0.4752395	0.99999976	-0.09834023	0.11261958	-0.18291488	0.21081793	-0.30820036	0.13609806	-0.14172275	0.15421465	-0.22978796	0.20705391	-0.08484094	0.118786804	-0.12620245	0.07857186	-0.056595594	0.10642005	-0.101895705	0.08798862	-0.067743026	0.050348546
-0.1874371	0.23184289	-0.115518145	0.086213626	-0.09881784	0.20032442	-0.21359752	0.10227717	-0.08519348	0.06914392	-0.4994023	0.22755891	-0.14733395	0.12250693	-0.09834023	0.9999994	-0.65338826	0.13230576	-0.09646165	0.07834665	-0.35205737	0.23079443	-0.12759697	0.11071924	-0.07478551	0.1379435	-0.1501216	0.13045837	-0.06634393	0.045749083	-0.14460163	0.1133239	-0.089434676	0.059308093	-0.04223279
0.16903503	-0.28650028	0.1310453	-0.10058144	0.112405896	-0.19124351	0.24867819	-0.12127164	0.09815409	-0.07959112	0.27098402	-0.43405232	0.16887493	-0.14452995	0.11261958	-0.65338826	0.9999992	-0.17175128	0.114651866	-0.09166679	0.24797589	-0.31474248	0.15160844	-0.1313707	0.08674079	-0.13188471	0.1602261	-0.1462019	0.07333539	-0.050805863	0.1387721	-0.12234648	0.09677511	-0.06552461	0.046541773
-0.08675245	0.12804182	-0.14111225	0.11737499	-0.15974344	0.08087513	-0.11185273	0.11598164	-0.12640132	0.11311745	-0.12821224	0.11420944	-0.20149581	0.23086424	-0.18291488	0.13230576	-0.17175128	0.9999993	-0.49004015	0.18789314	-0.22131744	0.23332982	-0.6710571	0.29989058	-0.19701768	0.1297235	-0.20201531	0.20379826	-0.11497962	0.07363368	-0.16359943	0.13857405	-0.13834812	0.09319197	-0.06875703
0.06950467	-0.10558515	0.13432398	-0.12585235	0.16726178	-0.06401286	0.09036144	-0.108557336	0.1390186	-0.1273359	0.09868747	-0.09083587	0.173824	-0.42471904	0.21081793	-0.09646165	0.114651866	-0.49004015	0.9999992	-0.33597356	0.15066278	-0.16636005	0.278866	-0.58678097	0.25896066	-0.09272738	0.13850845	-0.15082538	0.100705236	-0.06773318	0.11607788	-0.107570924	0.10172874	-0.08200403	0.059554987
-0.060386293	0.09121662	-0.1213785	0.11673797	-0.18148258	0.054814406	-0.07750247	0.095123544	-0.12664378	0.14782678	-0.08479718	0.07604358	-0.14921407	0.22777572	-0.30820036	0.07834665	-0.09166679	0.18789314	-0.33597356	0.99999946	-0.12470669	0.12575509	-0.1828118	0.28146783	-0.7936474	0.07655344	-0.1120395	0.11578009	-0.08331818	0.06247472	-0.097898774	0.08897423	-0.08383391	0.06736528	-0.055514514
0.12914562	-0.2038931	0.12880714	-0.105420314	0.13213983	-0.13524239	0.14976285	-0.107258216	0.10511967	-0.092078745	0.20356712	-0.1659357	0.16260225	-0.17598785	0.13609806	-0.35205737	0.24797589	-0.22131744	0.15066278	-0.12470669	0.9999994	-0.5743722	0.21747983	-0.18903628	0.11717572	-0.43765798	0.2859902	-0.26465544	0.122570276	-0.08601291	0.27695072	-0.23932701	0.17021121	-0.11332635	0.07821317
-0.12337244	0.17610037	-0.13285504	0.10460694	-0.1365472	0.119060084	-0.15370618	0.10890716	-0.10689076	0.09373686	-0.19684088	0.16057317	-0.17101663	0.17005119	-0.14172275	0.23079443	-0.31474248	0.23332982	-0.16636005	0.12575509	-0.5743722	0.99999934	-0.36441484	0.19415031	-0.12676637	0.25267267	-0.45342818	0.26155904	-0.1285791	0.08419688	-0.279047	0.20722383	-0.17771001	0.11095034	-0.07957183
0.07979718	-0.12058713	0.11877421	-0.10251428	0.13545921	-0.07563226	0.10053206	-0.098073386	0.107123345	-0.09771982	0.11763843	-0.10527247	0.15764174	-0.21053316	0.15421465	-0.12759697	0.15160844	-0.6710571	0.278866	-0.1828118	0.21747983	-0.36441484	0.99999934	-0.41700223	0.17890878	-0.13627908	0.22025153	-0.3061798	0.12557957	-0.08118348	0.16144347	-0.15392394	0.14984024	-0.10435973	0.07353906
-0.080256805	0.11843358	-0.14729147	0.12774798	-0.18886349	0.07337517	-0.102002114	0.11495803	-0.1410703	0.13464236	-0.11563261	0.10090079	-0.18843953	0.2610556	-0.22978796	0.11071924	-0.1313707	0.29989058	-0.58678097	0.28146783	-0.18903628	0.19415031	-0.41700223	0.9999992	-0.43739733	0.11492049	-0.17503192	0.18192603	-0.15044299	0.09046011	-0.14674813	0.13212822	-0.13111661	0.10884487	-0.080331445
0.05663523	-0.08701934	0.1089961	-0.10752758	0.14751668	-0.05182623	0.07219345	-0.08672425	0.11179057	-0.12528296	0.079300664	-0.07176833	0.13434142	-0.23053789	0.20705391	-0.07478551	0.08674079	-0.19701768	0.25896066	-0.7936474	0.11717572	-0.12676637	0.17890878	-0.43739733	0.99999917	-0.073718555	0.10841056	-0.11900625	0.08886473	-0.07147849	0.09269866	-0.089788646	0.083244324	-0.0728327	0.059443485
-0.071955	0.108933546	-0.078238934	0.06354805	-0.08242895	0.0709327	-0.08336804	0.063729316	-0.06405877	0.056757256	-0.112326644	0.08803201	-0.09887735	0.10610797	-0.08484094	0.1379435	-0.13188471	0.1297235	-0.09272738	0.07655344	-0.43765798	0.25267267	-0.13627908	0.11492049	-0.073718555	0.999999	-0.41068926	0.22660102	-0.10457392	0.06980933	-0.7233961	0.22516903	-0.16588748	0.09548861	-0.066289976
0.08799993	-0.13549161	0.10528619	-0.08667167	0.11371829	-0.08536773	0.104496285	-0.08533945	0.08787636	-0.07866611	0.13099962	-0.11095174	0.13365735	-0.1500052	0.118786804	-0.1501216	0.1602261	-0.20201531	0.13850845	-0.1120395	0.2859902	-0.45342818	0.22025153	-0.17503192	0.10841056	-0.41068926	0.99999905	-0.5678279	0.1697889	-0.11505942	0.28796285	-0.3544867	0.24759674	-0.15698631	0.10411192
-0.08430968	0.12251129	-0.108790055	0.08780176	-0.12034942	0.07891013	-0.0996574	0.08643776	-0.090651885	0.08197194	-0.12652726	0.10118177	-0.13912056	0.14924714	-0.12620245	0.13045837	-0.1462019	0.20379826	-0.15082538	0.11578009	-0.26465544	0.26155904	-0.3061798	0.18192603	-0.11900625	0.22660102	-0.5678279	0.99999917	-0.3072518	0.15368882	-0.29336256	0.29658887	-0.45525172	0.2163808	-0.15176325
0.04479505	-0.06709134	0.06280994	-0.052666806	0.072452605	-0.041882034	0.053261228	-0.04972976	0.054497052	-0.050385535	0.06550806	-0.054161757	0.07945787	-0.09594308	0.07857186	-0.06634393	0.07333539	-0.11497962	0.100705236	-0.08331818	0.122570276	-0.1285791	0.12557957	-0.15044299	0.08886473	-0.10457392	0.1697889	-0.3072518	0.9999993	-0.50698864	0.13152145	-0.22800341	0.24040622	-0.67211825	0.30853048
-0.03144268	0.04640033	-0.04459006	0.0371481	-0.05203743	0.029166467	-0.03725096	0.0350525	-0.03855705	0.03603978	-0.046091586	0.037546735	-0.05622672	0.06595799	-0.056595594	0.045749083	-0.050805863	0.07363368	-0.06773318	0.06247472	-0.08601291	0.08419688	-0.08118348	0.09046011	-0.07147849	0.06980933	-0.11505942	0.15368882	-0.50698864	0.9999991	-0.09236743	0.13545151	-0.16420557	0.3067764	-0.7790367
0.082814276	-0.13182576	0.09610501	-0.07956435	0.10326126	-0.081651606	0.0958994	-0.07790408	0.079870634	-0.0713094	0.12164899	-0.10186173	0.12089936	-0.1359484	0.10642005	-0.14460163	0.1387721	-0.16359943	0.11607788	-0.097898774	0.27695072	-0.279047	0.16144347	-0.14674813	0.09269866	-0.7233961	0.28796285	-0.29336256	0.13152145	-0.09236743	0.9999989	-0.38572305	0.21141014	-0.12748377	0.08538588
-0.07333865	0.10630922	-0.09058824	0.072492614	-0.0994116	0.068621516	-0.08478326	0.07164541	-0.0742971	0.06701346	-0.11019773	0.08599754	-0.11441622	0.11945802	-0.101895705	0.1133239	-0.12234648	0.13857405	-0.107570924	0.08897423	-0.23932701	0.20722383	-0.15392394	0.13212822	-0.089788646	0.22516903	-0.3544867	0.29658887	-0.22800341	0.13545151	-0.38572305	0.99999887	-0.6971743	0.21199399	-0.15364346
0.058287784	-0.08773665	0.075434744	-0.062174175	0.083909065	-0.055038277	0.06838776	-0.06010258	0.06355467	-0.057670515	0.08584593	-0.07019849	0.0955103	-0.108462304	0.08798862	-0.089434676	0.09677511	-0.13834812	0.10172874	-0.08383391	0.17021121	-0.17771001	0.14984024	-0.13111661	0.083244324	-0.16588748	0.24759674	-0.45525172	0.24040622	-0.16420557	0.21141014	-0.6971743	0.9999988	-0.36066794	0.16731632
-0.04009638	0.05916783	-0.05516879	0.045524295	-0.063325584	0.037334196	-0.04732719	0.04348166	-0.047161903	0.043478448	-0.059037823	0.04787291	-0.06974341	0.08000142	-0.067743026	0.059308093	-0.06552461	0.09319197	-0.08200403	0.06736528	-0.11332635	0.11095034	-0.10435973	0.10884487	-0.0728327	0.09548861	-0.15698631	0.2163808	-0.67211825	0.3067764	-0.12748377	0.21199399	-0.36066794	0.9999988	-0.5067964
0.028809246	-0.043065023	0.04028062	-0.033739537	0.046563067	-0.026867127	0.03408246	-0.0318018	0.034798328	-0.03236961	0.042076457	-0.03456423	0.05077297	-0.060392886	0.050348546	-0.04223279	0.046541773	-0.06875703	0.059554987	-0.055514514	0.07821317	-0.07957183	0.07353906	-0.080331445	0.059443485	-0.066289976	0.10411192	-0.15176325	0.30853048	-0.7790367	0.08538588	-0.15364346	0.16731632	-0.5067964	0.9999988
