1.0000001	-0.24369377	0.17217512	-0.06216161	0.08000071	-0.8235458	0.25587246	-0.2582234	0.07666592	-0.06832646	0.18324132	-0.19234398	0.16577554	-0.066597946	0.074328825	-0.19469881	0.11782743	-0.11528553	0.08150082	-0.06630692	0.069936715	-0.13177474	0.089059494	-0.1118132	0.070362255	-0.07309833	0.076241106	-0.061751105	0.09272492	-0.09401279	0.099395506	-0.060161207	0.07414093	-0.06121832	0.045537498
-0.24369377	1.0000001	-0.8450005	0.07525654	-0.081384756	0.18077862	-0.33735874	0.27455917	-0.08004764	0.061034158	-0.083932094	0.14834018	-0.17019257	0.04822894	-0.05583776	0.0776427	-0.06305569	0.062652476	-0.05318329	0.041303933	-0.03471165	0.06548948	-0.049626935	0.06266288	-0.042332347	0.03490563	-0.040993184	0.033281986	-0.0511597	0.051485036	-0.053250555	0.03213286	-0.04018084	0.033333275	-0.024951512
0.17217512	-0.8450005	0.9999998	-0.082488164	0.07661782	-0.1634699	0.25217858	-0.40715408	0.07957247	-0.060607933	0.074656606	-0.14779489	0.15262602	-0.04521663	0.051275987	-0.0718736	0.057549216	-0.057939645	0.048020553	-0.03795466	0.031076262	-0.06076479	0.04514173	-0.057579476	0.038149267	-0.031618264	0.036574706	-0.029848874	0.04573354	-0.047035556	0.047226027	-0.028730934	0.03583573	-0.030307578	0.022628538
-0.06216161	0.07525654	-0.082488164	1.0	-0.6680449	0.05406864	-0.06736776	0.078640915	-0.6468531	0.2875285	-0.038350146	0.050565075	-0.054149766	0.13027714	-0.16727805	0.037925854	-0.044766825	0.06411615	-0.10637534	0.08722144	-0.028962595	0.053564247	-0.05341424	0.09898307	-0.07420149	0.029424494	-0.04789855	0.040928368	-0.066481166	0.084511146	-0.064654514	0.0387476	-0.049988747	0.05149444	-0.03824487
0.08000071	-0.081384756	0.07661782	-0.6680449	0.99999946	-0.07119025	0.07182056	-0.081205994	0.3284344	-0.49425313	0.056367002	-0.06554741	0.06684571	-0.21745309	0.22854868	-0.056873247	0.07180172	-0.1087684	0.16453888	-0.15037039	0.047524232	-0.088394746	0.089693084	-0.17356561	0.12262681	-0.048610695	0.08107748	-0.06979678	0.113158695	-0.15133566	0.11039652	-0.06609665	0.08525919	-0.09159545	0.06755544
-0.8235458	0.18077862	-0.1634699	0.05406864	-0.07119025	0.9999998	-0.375912	0.22180846	-0.068327464	0.0585037	-0.21831298	0.17147805	-0.16773254	0.056428198	-0.06479722	0.16636658	-0.10323765	0.0939607	-0.069671854	0.054632306	-0.058902733	0.10651895	-0.07468732	0.08999149	-0.05915746	0.059110172	-0.06421358	0.051445335	-0.07797766	0.0747159	-0.083621204	0.0501588	-0.062223736	0.049175836	-0.036837764
0.25587246	-0.33735874	0.25217858	-0.06736776	0.07182056	-0.375912	0.9999995	-0.69934225	0.08318154	-0.06644926	0.12775774	-0.34278733	0.25879356	-0.05507231	0.060576838	-0.12019594	0.092220806	-0.08655478	0.060786128	-0.04731122	0.04512412	-0.094164595	0.06578375	-0.07687943	0.048836395	-0.045987006	0.0500123	-0.040628422	0.06137085	-0.06045425	0.06307329	-0.038985893	0.048197467	-0.039398547	0.02944197
-0.2582234	0.27455917	-0.40715408	0.078640915	-0.081205994	0.22180846	-0.69934225	0.99999976	-0.10702921	0.074661344	-0.11302705	0.25554842	-0.3725342	0.05858001	-0.065572076	0.10266885	-0.08508795	0.082911514	-0.062897846	0.04828717	-0.04235694	0.08565648	-0.06402819	0.0755302	-0.049465943	0.042649303	-0.0488199	0.039681904	-0.06058459	0.05973	-0.062071644	0.038051613	-0.047379684	0.038832936	-0.029081933
0.07666592	-0.08004764	0.07957247	-0.6468531	0.3284344	-0.068327464	0.08318154	-0.10702921	0.9999997	-0.57462496	0.04986781	-0.06519633	0.0689356	-0.19679143	0.22121975	-0.04970747	0.06009833	-0.088465445	0.14213006	-0.123755045	0.038568843	-0.07269993	0.07307135	-0.13903086	0.10049979	-0.039341874	0.06463653	-0.05556681	0.09021842	-0.117874	0.08715442	-0.052452087	0.06766014	-0.07148497	0.052917004
-0.06832646	0.061034158	-0.060607933	0.2875285	-0.49425313	0.0585037	-0.06644926	0.074661344	-0.57462496	0.9999992	-0.04629139	0.056159377	-0.059868786	0.2288565	-0.495718	0.04590979	-0.05784049	0.08548235	-0.18503368	0.13406913	-0.037463993	0.069673575	-0.072994106	0.13903494	-0.11458221	0.037992284	-0.064814374	0.055625834	-0.09163942	0.11382145	-0.08678982	0.052258257	-0.067860246	0.06916235	-0.051843427
0.18324132	-0.083932094	0.074656606	-0.038350146	0.056367002	-0.21831298	0.12775774	-0.11302705	0.04986781	-0.04629139	0.99999934	-0.22315247	0.16627516	-0.054189894	0.059839398	-0.8593937	0.21614213	-0.15920788	0.07373161	-0.05625407	0.110417195	-0.22278321	0.11623442	-0.114197776	0.062883876	-0.11490086	0.08166384	-0.06523978	0.09155012	-0.08141252	0.09442875	-0.062577814	0.07351487	-0.055007923	0.04092994
-0.19234398	0.14834018	-0.14779489	0.050565075	-0.06554741	0.17147805	-0.34278733	0.25554842	-0.06519633	0.056159377	-0.22315247	0.9999995	-0.82174754	0.06312659	-0.0663855	0.17111218	-0.17148359	0.12883116	-0.073631346	0.053096026	-0.060318653	0.14108965	-0.098296925	0.09456166	-0.05748754	0.060015075	-0.06347937	0.05122202	-0.07641925	0.06826454	-0.07607655	0.048489917	-0.059541974	0.045468353	-0.03417786
0.16577554	-0.17019257	0.15262602	-0.054149766	0.06684571	-0.16773254	0.25879356	-0.3725342	0.0689356	-0.059868786	0.16627516	-0.82174754	0.9999997	-0.06913175	0.06821156	-0.16753308	0.14417642	-0.14397326	0.075200856	-0.054606866	0.05899993	-0.1439752	0.09951201	-0.0988127	0.05795135	-0.06045491	0.0627219	-0.05108412	0.075735874	-0.069606096	0.07474356	-0.04817097	0.058870852	-0.046053205	0.03449987
-0.066597946	0.04822894	-0.04521663	0.13027714	-0.21745309	0.056428198	-0.05507231	0.05858001	-0.19679143	0.2288565	-0.054189894	0.06312659	-0.06913175	0.99999964	-0.63335806	0.05365959	-0.07416305	0.112747915	-0.6001913	0.20612249	-0.046894524	0.088371076	-0.10390765	0.20392269	-0.17436922	0.047125317	-0.08460359	0.07327125	-0.12410017	0.14005445	-0.10922823	0.0672313	-0.088286646	0.08535889	-0.06525575
0.074328825	-0.05583776	0.051275987	-0.16727805	0.22854868	-0.06479722	0.060576838	-0.065572076	0.22121975	-0.495718	0.059839398	-0.0663855	0.06821156	-0.63335806	0.99999964	-0.06042939	0.08247952	-0.13079584	0.2806286	-0.24490093	0.053144883	-0.10193508	0.11056715	-0.22773969	0.17370814	-0.054176927	0.09357839	-0.08150194	0.13439845	-0.17503121	0.12396185	-0.075736545	0.09836653	-0.105216324	0.0785332
-0.19469881	0.0776427	-0.0718736	0.037925854	-0.056873247	0.16636658	-0.12019594	0.10266885	-0.04970747	0.04590979	-0.8593937	0.17111218	-0.16753308	0.05365959	-0.06042939	0.99999946	-0.3030127	0.15059218	-0.07428932	0.05555684	-0.12591143	0.20477444	-0.11853584	0.10909617	-0.063120626	0.11144939	-0.082898356	0.065093055	-0.09331094	0.07918106	-0.09673906	0.06257548	-0.074691236	0.05394477	-0.04042594
0.11782743	-0.06305569	0.057549216	-0.044766825	0.07180172	-0.10323765	0.092220806	-0.08508795	0.06009833	-0.05784049	0.21614213	-0.17148359	0.14417642	-0.07416305	0.08247952	-0.3030127	0.9999993	-0.42561147	0.111143515	-0.08015454	0.13158296	-0.7405963	0.25390533	-0.18905883	0.092616245	-0.13157567	0.13736045	-0.10828783	0.14172512	-0.11291307	0.13057342	-0.09969905	0.1125597	-0.07855584	0.058332846
-0.11528553	0.062652476	-0.057939645	0.06411615	-0.1087684	0.0939607	-0.08655478	0.082911514	-0.088465445	0.08548235	-0.15920788	0.12883116	-0.14397326	0.112747915	-0.13079584	0.15059218	-0.42561147	0.9999992	-0.18865864	0.12047057	-0.10742874	0.28972137	-0.7063001	0.27657992	-0.14729732	0.10179002	-0.16526952	0.14200316	-0.21593508	0.14848162	-0.1718544	0.11920455	-0.15475357	0.10335362	-0.07933447
0.08150082	-0.05318329	0.048020553	-0.10637534	0.16453888	-0.069671854	0.060786128	-0.062897846	0.14213006	-0.18503368	0.07373161	-0.073631346	0.075200856	-0.6001913	0.2806286	-0.07428932	0.111143515	-0.18865864	0.9999994	-0.4020729	0.0679212	-0.1369453	0.16781645	-0.41732568	0.24831523	-0.06880362	0.12279088	-0.10921124	0.18324035	-0.21711163	0.1544958	-0.09782794	0.1276384	-0.13075289	0.098824576
-0.06630692	0.041303933	-0.03795466	0.08722144	-0.15037039	0.054632306	-0.04731122	0.04828717	-0.123755045	0.13406913	-0.05625407	0.053096026	-0.054606866	0.20612249	-0.24490093	0.05555684	-0.08015454	0.12047057	-0.4020729	0.99999976	-0.05523891	0.09647894	-0.11213106	0.21828543	-0.7790256	0.05515617	-0.109266914	0.09415536	-0.16504863	0.21279192	-0.14253381	0.08686814	-0.11741961	0.11669818	-0.1019962
0.069936715	-0.03471165	0.031076262	-0.028962595	0.047524232	-0.058902733	0.04512412	-0.04235694	0.038568843	-0.037463993	0.110417195	-0.060318653	0.05899993	-0.046894524	0.053144883	-0.12591143	0.13158296	-0.10742874	0.0679212	-0.05523891	0.9999997	-0.19058137	0.095692426	-0.10755543	0.062951684	-0.9320828	0.113843255	-0.08436843	0.10423306	-0.096698165	0.1509596	-0.09305531	0.09489317	-0.06750282	0.048855443
-0.13177474	0.06548948	-0.06076479	0.053564247	-0.088394746	0.10651895	-0.094164595	0.08565648	-0.07269993	0.069673575	-0.22278321	0.14108965	-0.1439752	0.088371076	-0.10193508	0.20477444	-0.7405963	0.28972137	-0.1369453	0.09647894	-0.19058137	0.9999994	-0.35375762	0.2093101	-0.11498374	0.1548868	-0.20350015	0.13917533	-0.1856824	0.13562603	-0.17043883	0.128696	-0.14832495	0.09565612	-0.071754575
0.089059494	-0.049626935	0.04514173	-0.05341424	0.089693084	-0.07468732	0.06578375	-0.06402819	0.07307135	-0.072994106	0.11623442	-0.098296925	0.09951201	-0.10390765	0.11056715	-0.11853584	0.25390533	-0.7063001	0.16781645	-0.11213106	0.095692426	-0.35375762	0.99999964	-0.48144662	0.12980132	-0.09490707	0.1486405	-0.14889303	0.19356865	-0.1383174	0.14561263	-0.109314956	0.13739054	-0.09598884	0.07203475
-0.1118132	0.06266288	-0.057579476	0.09898307	-0.17356561	0.08999149	-0.07687943	0.0755302	-0.13903086	0.13903494	-0.114197776	0.09456166	-0.0988127	0.20392269	-0.22773969	0.10909617	-0.18905883	0.27657992	-0.41732568	0.21828543	-0.10755543	0.2093101	-0.48144662	0.99999964	-0.27972105	0.10384152	-0.21706493	0.196068	-0.39794233	0.23059283	-0.23609185	0.16020565	-0.21734758	0.15792198	-0.12283806
0.070362255	-0.042332347	0.038149267	-0.07420149	0.12262681	-0.05915746	0.048836395	-0.049465943	0.10049979	-0.11458221	0.062883876	-0.05748754	0.05795135	-0.17436922	0.17370814	-0.063120626	0.092616245	-0.14729732	0.24831523	-0.7790256	0.062951684	-0.11498374	0.12980132	-0.27972105	1.0	-0.06367819	0.12250667	-0.10770439	0.18444057	-0.35023284	0.15924247	-0.09892225	0.13246448	-0.16093867	0.13468148
-0.07309833	0.03490563	-0.031618264	0.029424494	-0.048610695	0.059110172	-0.045987006	0.042649303	-0.039341874	0.037992284	-0.11490086	0.060015075	-0.06045491	0.047125317	-0.054176927	0.11144939	-0.13157567	0.10179002	-0.06880362	0.05515617	-0.9320828	0.1548868	-0.09490707	0.10384152	-0.06367819	0.99999976	-0.13011178	0.088813305	-0.11074994	0.095488384	-0.18497826	0.10011393	-0.10344386	0.06759236	-0.049297154
0.076241106	-0.040993184	0.036574706	-0.04789855	0.08107748	-0.06421358	0.0500123	-0.0488199	0.06463653	-0.064814374	0.08166384	-0.06347937	0.0627219	-0.08460359	0.09357839	-0.082898356	0.13736045	-0.16526952	0.12279088	-0.109266914	0.113843255	-0.20350015	0.1486405	-0.21706493	0.12250667	-0.13011178	1.0000002	-0.5720705	0.27939287	-0.23811767	0.26669735	-0.5650781	0.32763827	-0.18088509	0.123044394
-0.061751105	0.033281986	-0.029848874	0.040928368	-0.06979678	0.051445335	-0.040628422	0.039681904	-0.05556681	0.055625834	-0.06523978	0.05122202	-0.05108412	0.07327125	-0.08150194	0.065093055	-0.10828783	0.14200316	-0.10921124	0.09415536	-0.08436843	0.13917533	-0.14889303	0.196068	-0.10770439	0.088813305	-0.5720705	0.9999998	-0.52220863	0.20479256	-0.219152	0.2869011	-0.5162997	0.16686037	-0.11627662
0.09272492	-0.0511597	0.04573354	-0.066481166	0.113158695	-0.07797766	0.06137085	-0.06058459	0.09021842	-0.09163942	0.09155012	-0.07641925	0.075735874	-0.12410017	0.13439845	-0.09331094	0.14172512	-0.21593508	0.18324035	-0.16504863	0.10423306	-0.1856824	0.19356865	-0.39794233	0.18444057	-0.11074994	0.27939287	-0.52220863	0.99999964	-0.39687115	0.25486526	-0.23742257	0.28494382	-0.30872688	0.19788276
-0.09401279	0.051485036	-0.047035556	0.084511146	-0.15133566	0.0747159	-0.06045425	0.05973	-0.117874	0.11382145	-0.08141252	0.06826454	-0.069606096	0.14005445	-0.17503121	0.07918106	-0.11291307	0.14848162	-0.21711163	0.21279192	-0.096698165	0.13562603	-0.1383174	0.23059283	-0.35023284	0.095488384	-0.23811767	0.20479256	-0.39687115	0.99999917	-0.31169468	0.1896501	-0.2763743	0.30704853	-0.51448065
0.099395506	-0.053250555	0.047226027	-0.064654514	0.11039652	-0.083621204	0.06307329	-0.062071644	0.08715442	-0.08678982	0.09442875	-0.07607655	0.07474356	-0.10922823	0.12396185	-0.09673906	0.13057342	-0.1718544	0.1544958	-0.14253381	0.1509596	-0.17043883	0.14561263	-0.23609185	0.15924247	-0.18497826	0.26669735	-0.219152	0.25486526	-0.31169468	0.99999946	-0.46014622	0.28072703	-0.21855569	0.1515094
-0.060161207	0.03213286	-0.028730934	0.0387476	-0.06609665	0.0501588	-0.038985893	0.038051613	-0.052452087	0.052258257	-0.062577814	0.048489917	-0.04817097	0.0672313	-0.075736545	0.06257548	-0.09969905	0.11920455	-0.09782794	0.08686814	-0.09305531	0.128696	-0.109314956	0.16020565	-0.09892225	0.10011393	-0.5650781	0.2869011	-0.23742257	0.1896501	-0.46014622	0.9999996	-0.58146966	0.15364133	-0.10802157
0.07414093	-0.04018084	0.03583573	-0.049988747	0.08525919	-0.062223736	0.048197467	-0.047379684	0.06766014	-0.067860246	0.07351487	-0.059541974	0.058870852	-0.088286646	0.09836653	-0.074691236	0.1125597	-0.15475357	0.1276384	-0.11741961	0.09489317	-0.14832495	0.13739054	-0.21734758	0.13246448	-0.10344386	0.32763827	-0.5162997	0.28494382	-0.2763743	0.28072703	-0.58146966	0.9999997	-0.25250074	0.15754654
-0.06121832	0.033333275	-0.030307578	0.05149444	-0.09159545	0.049175836	-0.039398547	0.038832936	-0.07148497	0.06916235	-0.055007923	0.045468353	-0.046053205	0.08535889	-0.105216324	0.05394477	-0.07855584	0.10335362	-0.13075289	0.11669818	-0.06750282	0.09565612	-0.09598884	0.15792198	-0.16093867	0.06759236	-0.18088509	0.16686037	-0.30872688	0.30704853	-0.21855569	0.15364133	-0.25250074	0.99999964	-0.7860391
0.045537498	-0.024951512	0.022628538	-0.03824487	0.06755544	-0.036837764	0.02944197	-0.029081933	0.052917004	-0.051843427	0.04092994	-0.03417786	0.03449987	-0.06525575	0.0785332	-0.04042594	0.058332846	-0.07933447	0.098824576	-0.1019962	0.048855443	-0.071754575	0.07203475	-0.12283806	0.13468148	-0.049297154	0.123044394	-0.11627662	0.19788276	-0.51448065	0.1515094	-0.10802157	0.15754654	-0.7860391	0.99999964
