1.0000001	-0.80835146	0.19735086	-0.07668063	0.07970767	-0.17211701	0.2837132	-0.20273125	0.12999885	-0.081794575	0.13884345	-0.26374316	0.16896401	-0.17063639	0.11133066	-0.1507575	0.1456574	-0.13340564	0.10288911	-0.13875888	0.11640813	-0.15717292	0.11202852	-0.09016246	0.09360233	-0.079706356	0.06732566	-0.09146453	0.07328381	-0.08527907	0.07485258	-0.058169633	0.06263497	-0.05883241	0.11969476
-0.80835146	1.0000002	-0.24943519	0.060760543	-0.06345445	0.12690331	-0.4273542	0.19466466	-0.105094306	0.06411291	-0.116773635	0.21361849	-0.14645097	0.1314265	-0.087909095	0.11031233	-0.11518549	0.0999687	-0.07688717	0.100015774	-0.08666812	0.11376414	-0.08420849	0.06633528	-0.06871322	0.057870556	-0.049146835	0.06606413	-0.05338041	0.061707437	-0.054795165	0.042290147	-0.045643833	0.04265903	-0.086921096
0.19735086	-0.24943519	1.0000001	-0.10030178	0.093645915	-0.10083359	0.23795143	-0.85143256	0.15313995	-0.09401237	0.09252577	-0.21342318	0.20607622	-0.19615205	0.11918762	-0.12557864	0.12722556	-0.12830552	0.09824571	-0.13136862	0.10216762	-0.13827638	0.10482416	-0.08460394	0.08728734	-0.07068135	0.060292672	-0.08276552	0.06694635	-0.07822632	0.06712112	-0.052193005	0.05677043	-0.053407066	0.10924192
-0.07668063	0.060760543	-0.10030178	1.0000004	-0.7818528	0.04632263	-0.09666095	0.09148552	-0.48154992	0.2672941	-0.046264663	0.10027409	-0.12804936	0.18068376	-0.2544721	0.07903644	-0.08154276	0.089027025	-0.08117443	0.121398024	-0.07210864	0.094769575	-0.07708494	0.067508295	-0.07408538	0.051668696	-0.044997584	0.063114904	-0.052599486	0.06290891	-0.0505338	0.03931806	-0.043926097	0.04142623	-0.088758275
0.07970767	-0.06345445	0.093645915	-0.7818528	1.0000007	-0.05052766	0.10026279	-0.090105206	0.29703513	-0.42233643	0.04993612	-0.10895493	0.12792614	-0.19321144	0.24691832	-0.090877794	0.09113571	-0.10132012	0.09126256	-0.14566867	0.08257982	-0.11053163	0.087026425	-0.07753823	0.08480761	-0.060137667	0.052159514	-0.073777564	0.060911324	-0.073392056	0.058402207	-0.045693487	0.050863687	-0.048218288	0.10254556
-0.17211701	0.12690331	-0.10083359	0.04632263	-0.05052766	1.000001	-0.23315011	0.09533531	-0.08454958	0.050823733	-0.9176779	0.19796865	-0.124735355	0.10200725	-0.07231259	0.13131833	-0.12591204	0.08763627	-0.06702063	0.081020445	-0.097194895	0.10118316	-0.07637175	0.057238877	-0.059309874	0.055421893	-0.046872973	0.05832167	-0.047396094	0.052972518	-0.052533288	0.03930553	-0.041451212	0.03790189	-0.075402476
0.2837132	-0.4273542	0.23795143	-0.09666095	0.10026279	-0.23315011	1.0000006	-0.30666104	0.16714346	-0.10438397	0.18987885	-0.5977482	0.25601122	-0.23839037	0.14212456	-0.19897662	0.20506623	-0.1761029	0.12997438	-0.16805205	0.14699672	-0.19939403	0.14363249	-0.11258884	0.11494741	-0.09807925	0.08278546	-0.11139914	0.0895531	-0.10338998	0.09176573	-0.07109138	0.07641874	-0.07158872	0.1438665
-0.20273125	0.19466466	-0.85143256	0.09148552	-0.090105206	0.09533531	-0.30666104	1.0000008	-0.16300915	0.09000128	-0.09144714	0.20524295	-0.26107734	0.1824115	-0.11683594	0.110796005	-0.11973245	0.11627821	-0.08931428	0.11361884	-0.09135991	0.120323494	-0.09600576	0.07519518	-0.07742101	0.061717108	-0.052948985	0.071931675	-0.058773875	0.068143904	-0.059116255	0.04565087	-0.04982519	0.046616133	-0.095630355
0.12999885	-0.105094306	0.15313995	-0.48154992	0.29703513	-0.08454958	0.16714346	-0.16300915	1.0000007	-0.44508916	0.08326388	-0.19024314	0.22921565	-0.4347343	0.2995846	-0.14825906	0.14924543	-0.16776207	0.14616473	-0.22290906	0.13251016	-0.17915599	0.14071429	-0.12417395	0.13209571	-0.096045725	0.0830668	-0.11735733	0.09637538	-0.115576215	0.09277	-0.072646	0.08053213	-0.07640495	0.16037618
-0.081794575	0.06411291	-0.09401237	0.2672941	-0.42233643	0.050823733	-0.10438397	0.09000128	-0.44508916	1.0000006	-0.050871644	0.11149765	-0.14592649	0.21842608	-0.70857775	0.088972054	-0.09193143	0.102289215	-0.09755468	0.1527895	-0.08179442	0.10745353	-0.088866994	0.07976502	-0.09001932	0.05897943	-0.051572114	0.07272621	-0.06127729	0.073737346	-0.05789056	0.04510413	-0.050764155	0.047926776	-0.103619464
0.13884345	-0.116773635	0.09252577	-0.046264663	0.04993612	-0.9176779	0.18987885	-0.09144714	0.08326388	-0.050871644	1.0000007	-0.24638268	0.124761164	-0.10728863	0.071662374	-0.15507632	0.1282901	-0.091267526	0.06826679	-0.08359803	0.09829054	-0.10625393	0.077868864	-0.058731627	0.060398087	-0.05708911	0.047749765	-0.05996448	0.048357964	-0.054232128	0.053153858	-0.04010418	0.04215502	-0.038739353	0.076393835
-0.26374316	0.21361849	-0.21342318	0.10027409	-0.10895493	0.19796865	-0.5977482	0.20524295	-0.19024314	0.11149765	-0.24638268	1.0000007	-0.47816157	0.24986744	-0.16055025	0.20355348	-0.31464252	0.18948258	-0.13716254	0.1589759	-0.15502803	0.19696966	-0.1563418	0.113720454	-0.115070954	0.09647359	-0.08242028	0.10768941	-0.08829941	0.099969864	-0.0917957	0.06991606	-0.07544201	0.069761455	-0.1402117
0.16896401	-0.14645097	0.20607622	-0.12804936	0.12792614	-0.124735355	0.25601122	-0.26107734	0.22921565	-0.14592649	0.124761164	-0.47816157	1.0000008	-0.63770515	0.19523683	-0.17457406	0.19873014	-0.26117757	0.16150407	-0.18832508	0.1432811	-0.19589366	0.17302886	-0.13179792	0.12770016	-0.09701835	0.083816126	-0.11557031	0.09503776	-0.10989261	0.09283954	-0.07204116	0.079258636	-0.07452071	0.14958102
-0.17063639	0.1314265	-0.19615205	0.18068376	-0.19321144	0.10200725	-0.23839037	0.1824115	-0.4347343	0.21842608	-0.10728863	0.24986744	-0.63770515	1.000001	-0.35225913	0.15029027	-0.17468607	0.18990016	-0.1783383	0.19094008	-0.13446273	0.17244735	-0.15973113	0.13060494	-0.13095771	0.09129088	-0.0799986	0.11008102	-0.093163684	0.10799346	-0.08959608	0.06903045	-0.07723129	0.072252125	-0.14984757
0.11133066	-0.087909095	0.11918762	-0.2544721	0.24691832	-0.07231259	0.14212456	-0.11683594	0.2995846	-0.70857775	0.071662374	-0.16055025	0.19523683	-0.35225913	1.0000006	-0.13162273	0.13307476	-0.15191445	0.1436576	-0.25969657	0.12025096	-0.16080588	0.12996317	-0.119573325	0.1339639	-0.087909915	0.07663928	-0.10909179	0.09131436	-0.11098071	0.08568978	-0.06714896	0.075406104	-0.07162196	0.1530367
-0.1507575	0.11031233	-0.12557864	0.07903644	-0.090877794	0.13131833	-0.19897662	0.110796005	-0.14825906	0.088972054	-0.15507632	0.20355348	-0.17457406	0.15029027	-0.13162273	1.0000006	-0.6223179	0.226385	-0.17077588	0.18210754	-0.5489732	0.29629886	-0.21599463	0.14694324	-0.15267596	0.20283058	-0.165828	0.16945362	-0.13612735	0.13976613	-0.18269506	0.12917657	-0.1261502	0.11024064	-0.20022272
0.1456574	-0.11518549	0.12722556	-0.08154276	0.09113571	-0.12591204	0.20506623	-0.11973245	0.14924543	-0.09193143	0.1282901	-0.31464252	0.19873014	-0.17468607	0.13307476	-0.6223179	1.000001	-0.3746202	0.18853626	-0.20031917	0.280347	-0.45750114	0.2521661	-0.16530073	0.15555657	-0.15998746	0.12998842	-0.16015144	0.12672837	-0.13761859	0.14015733	-0.10690717	0.10986059	-0.100884475	0.18475698
-0.13340564	0.0999687	-0.12830552	0.089027025	-0.10132012	0.08763627	-0.1761029	0.11627821	-0.16776207	0.102289215	-0.091267526	0.18948258	-0.26117757	0.18990016	-0.15191445	0.226385	-0.3746202	1.0000011	-0.42022377	0.2496093	-0.22251616	0.2974829	-0.62993187	0.26477	-0.22113901	0.14123455	-0.12943608	0.17986566	-0.15645711	0.16809727	-0.14148444	0.10811762	-0.12426541	0.11467561	-0.21917918
0.10288911	-0.07688717	0.09824571	-0.08117443	0.09126256	-0.06702063	0.12997438	-0.08931428	0.14616473	-0.09755468	0.06826679	-0.13716254	0.16150407	-0.1783383	0.1436576	-0.17077588	0.18853626	-0.42022377	1.0000007	-0.47975856	0.1681272	-0.23893315	0.2823865	-0.62379736	0.2919188	-0.13060775	0.12001637	-0.19256699	0.18036439	-0.21321338	0.1281323	-0.10486009	0.12655766	-0.12912413	0.22528622
-0.13875888	0.100015774	-0.13136862	0.121398024	-0.14566867	0.081020445	-0.16805205	0.11361884	-0.22290906	0.1527895	-0.08359803	0.1589759	-0.18832508	0.19094008	-0.25969657	0.18210754	-0.20031917	0.2496093	-0.47975856	1.0000006	-0.20247665	0.23409876	-0.2603851	0.30099618	-0.5153986	0.15243253	-0.14352527	0.20810378	-0.20943102	0.26282722	-0.16433899	0.12673588	-0.15925778	0.14817479	-0.3823982
0.11640813	-0.08666812	0.10216762	-0.07210864	0.08257982	-0.097194895	0.14699672	-0.09135991	0.13251016	-0.08179442	0.09829054	-0.15502803	0.1432811	-0.13446273	0.12025096	-0.5489732	0.280347	-0.22251616	0.1681272	-0.20247665	1.0000006	-0.44667274	0.21566372	-0.15942726	0.1627833	-0.46248674	0.23018503	-0.23849091	0.16203968	-0.16379222	0.2190844	-0.18014416	0.15065691	-0.13827096	0.20824967
-0.15717292	0.11376414	-0.13827638	0.094769575	-0.11053163	0.10118316	-0.19939403	0.120323494	-0.17915599	0.10745353	-0.10625393	0.19696966	-0.19589366	0.17244735	-0.16080588	0.29629886	-0.45750114	0.2974829	-0.23893315	0.23409876	-0.44667274	1.0000005	-0.48803425	0.21513586	-0.21568933	0.21166603	-0.19411449	0.21188499	-0.17744972	0.18319196	-0.21077837	0.15114939	-0.15787259	0.13812247	-0.2654933
0.11202852	-0.08420849	0.10482416	-0.07708494	0.087026425	-0.07637175	0.14363249	-0.09600576	0.14071429	-0.088866994	0.077868864	-0.1563418	0.17302886	-0.15973113	0.12996317	-0.21599463	0.2521661	-0.62993187	0.2823865	-0.2603851	0.21566372	-0.48803425	0.9999999	-0.37648144	0.22362557	-0.15118651	0.13906272	-0.22740373	0.170748	-0.18420076	0.14316235	-0.115122564	0.13040276	-0.12548427	0.21238206
-0.09016246	0.06633528	-0.08460394	0.067508295	-0.07753823	0.057238877	-0.11258884	0.07519518	-0.12417395	0.07976502	-0.058731627	0.113720454	-0.13179792	0.13060494	-0.119573325	0.14694324	-0.16530073	0.26477	-0.62379736	0.30099618	-0.15942726	0.21513586	-0.37648144	0.99999934	-0.51276124	0.12565061	-0.1214076	0.19520617	-0.24432194	0.23634176	-0.12918228	0.105197266	-0.13800737	0.13804263	-0.24041876
0.09360233	-0.06871322	0.08728734	-0.07408538	0.08480761	-0.059309874	0.11494741	-0.07742101	0.13209571	-0.09001932	0.060398087	-0.115070954	0.12770016	-0.13095771	0.1339639	-0.15267596	0.15555657	-0.22113901	0.2919188	-0.5153986	0.1627833	-0.21568933	0.22362557	-0.51276124	0.99999934	-0.14165142	0.13354209	-0.23108043	0.23703322	-0.4943108	0.1402623	-0.11890995	0.15101533	-0.1619359	0.2855556
-0.079706356	0.057870556	-0.07068135	0.051668696	-0.060137667	0.055421893	-0.09807925	0.061717108	-0.096045725	0.05897943	-0.05708911	0.09647359	-0.09701835	0.09129088	-0.087909915	0.20283058	-0.15998746	0.14123455	-0.13060775	0.15243253	-0.46248674	0.21166603	-0.15118651	0.12565061	-0.14165142	0.99999934	-0.6143951	0.2585322	-0.18783113	0.15237698	-0.43674833	0.28031182	-0.1998661	0.16115043	-0.2018605
0.06732566	-0.049146835	0.060292672	-0.044997584	0.052159514	-0.046872973	0.08278546	-0.052948985	0.0830668	-0.051572114	0.047749765	-0.08242028	0.083816126	-0.0799986	0.07663928	-0.165828	0.12998842	-0.12943608	0.12001637	-0.14352527	0.23018503	-0.19411449	0.13906272	-0.1214076	0.13354209	-0.6143951	0.99999946	-0.44942522	0.20195684	-0.15710798	0.30746567	-0.4768449	0.20747171	-0.1839577	0.18005282
-0.09146453	0.06606413	-0.08276552	0.063114904	-0.073777564	0.05832167	-0.11139914	0.071931675	-0.11735733	0.07272621	-0.05996448	0.10768941	-0.11557031	0.11008102	-0.10909179	0.16945362	-0.16015144	0.17986566	-0.19256699	0.20810378	-0.23849091	0.21188499	-0.22740373	0.19520617	-0.23108043	0.2585322	-0.44942522	0.9999999	-0.54777515	0.26305008	-0.2817774	0.24115855	-0.327801	0.25965205	-0.3245762
0.07328381	-0.05338041	0.06694635	-0.052599486	0.060911324	-0.047396094	0.0895531	-0.058773875	0.09637538	-0.06127729	0.048357964	-0.08829941	0.09503776	-0.093163684	0.09131436	-0.13612735	0.12672837	-0.15645711	0.18036439	-0.20943102	0.16203968	-0.17744972	0.170748	-0.24432194	0.23703322	-0.18783113	0.20195684	-0.54777515	0.99999994	-0.4908503	0.18469699	-0.17979589	0.27249908	-0.4564531	0.26815045
-0.08527907	0.061707437	-0.07822632	0.06290891	-0.073392056	0.052972518	-0.10338998	0.068143904	-0.115576215	0.073737346	-0.054232128	0.099969864	-0.10989261	0.10799346	-0.11098071	0.13976613	-0.13761859	0.16809727	-0.21321338	0.26282722	-0.16379222	0.18319196	-0.18420076	0.23634176	-0.4943108	0.15237698	-0.15710798	0.26305008	-0.4908503	0.99999964	-0.16512701	0.13842468	-0.20803928	0.20776208	-0.5529292
0.07485258	-0.054795165	0.06712112	-0.0505338	0.058402207	-0.052533288	0.09176573	-0.059116255	0.09277	-0.05789056	0.053153858	-0.0917957	0.09283954	-0.08959608	0.08568978	-0.18269506	0.14015733	-0.14148444	0.1281323	-0.16433899	0.2190844	-0.21077837	0.14316235	-0.12918228	0.1402623	-0.43674833	0.30746567	-0.2817774	0.18469699	-0.16512701	0.9999999	-0.7068505	0.23741944	-0.23023595	0.18511975
-0.058169633	0.042290147	-0.052193005	0.03931806	-0.045693487	0.03930553	-0.07109138	0.04565087	-0.072646	0.04510413	-0.04010418	0.06991606	-0.07204116	0.06903045	-0.06714896	0.12917657	-0.10690717	0.10811762	-0.10486009	0.12673588	-0.18014416	0.15114939	-0.115122564	0.105197266	-0.11890995	0.28031182	-0.4768449	0.24115855	-0.17979589	0.13842468	-0.7068505	0.99999994	-0.35271057	0.21356754	-0.16431881
0.06263497	-0.045643833	0.05677043	-0.043926097	0.050863687	-0.041451212	0.07641874	-0.04982519	0.08053213	-0.050764155	0.04215502	-0.07544201	0.079258636	-0.07723129	0.075406104	-0.1261502	0.10986059	-0.12426541	0.12655766	-0.15925778	0.15065691	-0.15787259	0.13040276	-0.13800737	0.15101533	-0.1998661	0.20747171	-0.327801	0.27249908	-0.20803928	0.23741944	-0.35271057	0.99999976	-0.7602108	0.19216187
-0.05883241	0.04265903	-0.053407066	0.04142623	-0.048218288	0.03790189	-0.07158872	0.046616133	-0.07640495	0.047926776	-0.038739353	0.069761455	-0.07452071	0.072252125	-0.07162196	0.11024064	-0.100884475	0.11467561	-0.12912413	0.14817479	-0.13827096	0.13812247	-0.12548427	0.13804263	-0.1619359	0.16115043	-0.1839577	0.25965205	-0.4564531	0.20776208	-0.23023595	0.21356754	-0.7602108	0.99999964	-0.21506083
0.11969476	-0.086921096	0.10924192	-0.088758275	0.10254556	-0.075402476	0.1438665	-0.095630355	0.16037618	-0.103619464	0.076393835	-0.1402117	0.14958102	-0.14984757	0.1530367	-0.20022272	0.18475698	-0.21917918	0.22528622	-0.3823982	0.20824967	-0.2654933	0.21238206	-0.24041876	0.2855556	-0.2018605	0.18005282	-0.3245762	0.26815045	-0.5529292	0.18511975	-0.16431881	0.19216187	-0.21506083	0.99999964
