1.0	-0.5622031	0.082308315	-0.06158011	0.050109882	-0.6398582	0.31289363	-0.09254643	0.064124875	-0.05773082	0.2629557	-0.1615684	0.10173128	-0.10532207	0.06080419	-0.27681315	0.12969343	-0.099448614	0.08914731	-0.04874465	0.12017274	-0.13806161	0.0781814	-0.051634204	0.047495518	-0.10922873	0.094511226	-0.08347269	0.05335031	-0.06324898	0.070883855	-0.06019667	0.032074586	-0.034956362	0.037905313
-0.5622031	1.0000001	-0.10045379	0.062821425	-0.051026616	0.2723331	-0.73307437	0.10023681	-0.06349074	0.05585163	-0.20225757	0.12596643	-0.087349735	0.08744203	-0.050823916	0.17858067	-0.10506249	0.08024169	-0.07507578	0.04012405	-0.087570906	0.099947095	-0.060350038	0.04043576	-0.038090035	0.07804013	-0.07172322	0.06307702	-0.041944154	0.049794685	-0.05353739	0.04467814	-0.024127204	0.026095262	-0.02947834
0.082308315	-0.10045379	0.99999994	-0.52370846	0.263676	-0.075116895	0.11823643	-0.6859114	0.26276457	-0.2880606	0.09061689	-0.1086087	0.17040385	-0.20328856	0.096797615	-0.10249534	0.096954055	-0.13425934	0.14036508	-0.07465934	0.06849343	-0.085620776	0.07384569	-0.05830578	0.061012026	-0.06303235	0.06657384	-0.075173005	0.059273157	-0.077244624	0.048688274	-0.0402475	0.023833454	-0.02543732	0.035144966
-0.06158011	0.062821425	-0.52370846	0.9999997	-0.6914656	0.054278336	-0.08458439	0.26899233	-0.29386112	0.27696267	-0.07255187	0.083474584	-0.13890706	0.16300246	-0.093286835	0.07704993	-0.07915622	0.10538154	-0.1321579	0.06784764	-0.055179477	0.06767599	-0.06114158	0.04986997	-0.054172	0.05001619	-0.0551572	0.060608413	-0.05123648	0.0655668	-0.04032611	0.0327737	-0.019574905	0.020733723	-0.029660821
0.050109882	-0.051026616	0.263676	-0.6914656	0.9999998	-0.04591447	0.06915246	-0.27516586	0.2670851	-0.55127543	0.061209295	-0.07437411	0.12192265	-0.16586415	0.083385006	-0.06785002	0.06879564	-0.096083134	0.11251217	-0.062804244	0.047939133	-0.0597964	0.054064736	-0.044860125	0.048461534	-0.043867	0.047663927	-0.054466844	0.045380786	-0.06041022	0.034782328	-0.028541332	0.017081946	-0.018161556	0.025709108
-0.6398582	0.2723331	-0.075116895	0.054278336	-0.04591447	0.9999998	-0.3895627	0.083702944	-0.05924719	0.05186686	-0.54254675	0.15914333	-0.099271476	0.095384054	-0.056908295	0.24762237	-0.13332596	0.09257989	-0.084652506	0.045093328	-0.11545064	0.123979636	-0.072074585	0.046867266	-0.043540057	0.09769323	-0.089226514	0.0747388	-0.048772883	0.056808878	-0.06668844	0.055088922	-0.029233163	0.031545714	-0.034163784
0.31289363	-0.73307437	0.11823643	-0.08458439	0.06915246	-0.3895627	0.9999999	-0.14647003	0.08888415	-0.07866233	0.23638627	-0.20052245	0.12686981	-0.13215467	0.07432471	-0.28509167	0.15273148	-0.12085184	0.10931346	-0.05946807	0.1323001	-0.15700687	0.091621034	-0.061505973	0.057153147	-0.12209626	0.107621066	-0.09778557	0.06343677	-0.0760305	0.08047791	-0.06852961	0.03697647	-0.040292803	0.04506317
-0.09254643	0.10023681	-0.6859114	0.26899233	-0.27516586	0.083702944	-0.14647003	0.9999995	-0.46111307	0.25747257	-0.107147895	0.12904781	-0.2611226	0.23204829	-0.116619095	0.11284857	-0.11931144	0.15949434	-0.18168673	0.0872796	-0.07890897	0.097149536	-0.08648387	0.06685048	-0.070790984	0.07079852	-0.077363856	0.08490581	-0.06861223	0.08566474	-0.056242358	0.045840386	-0.026944384	0.028582435	-0.038684916
0.064124875	-0.06349074	0.26276457	-0.29386112	0.2670851	-0.05924719	0.08888415	-0.46111307	0.99999964	-0.662151	0.08137154	-0.10566789	0.19278167	-0.35764956	0.11449306	-0.088872455	0.09722854	-0.14165188	0.17117023	-0.087387316	0.06420586	-0.0805518	0.07451257	-0.06122775	0.06603837	-0.058045443	0.06390201	-0.07406913	0.06161905	-0.08070495	0.046301264	-0.03790074	0.022535596	-0.023925269	0.032724928
-0.05773082	0.05585163	-0.2880606	0.27696267	-0.55127543	0.05186686	-0.07866233	0.25747257	-0.662151	0.99999964	-0.07215142	0.08755234	-0.15695354	0.20280045	-0.118944764	0.07679202	-0.08361889	0.11573744	-0.15181781	0.08325687	-0.056389723	0.06971297	-0.06529486	0.0553813	-0.06154163	0.05087025	-0.05669888	0.06442832	-0.055972584	0.07404253	-0.041202962	0.033507954	-0.0200515	0.021229653	-0.029920015
0.2629557	-0.20225757	0.09061689	-0.07255187	0.061209295	-0.54254675	0.23638627	-0.107147895	0.08137154	-0.07215142	0.99999934	-0.32016686	0.15530653	-0.15030535	0.08694368	-0.5841924	0.22522636	-0.15099844	0.1305628	-0.06988278	0.20283374	-0.22027288	0.118160255	-0.07520106	0.06831078	-0.17277998	0.14781904	-0.12404703	0.07777183	-0.08995864	0.11022638	-0.09244411	0.047893126	-0.05200577	0.052754555
-0.1615684	0.12596643	-0.1086087	0.083474584	-0.07437411	0.15914333	-0.20052245	0.12904781	-0.10566789	0.08755234	-0.32016686	0.99999964	-0.3759594	0.20939298	-0.11569819	0.2501415	-0.7207806	0.24037343	-0.2006707	0.09164067	-0.18763089	0.23306113	-0.14621238	0.08769948	-0.082936086	0.14429793	-0.16711722	0.13504899	-0.09118797	0.101413004	-0.115041874	0.09131464	-0.04771	0.05026885	-0.051381763
0.10173128	-0.087349735	0.17040385	-0.13890706	0.12192265	-0.099271476	0.12686981	-0.2611226	0.19278167	-0.15695354	0.15530653	-0.3759594	0.99999976	-0.5684867	0.15655883	-0.17066367	0.2453392	-0.5372968	0.29861772	-0.13055997	0.12613216	-0.17001003	0.15908857	-0.10789038	0.1052696	-0.110567056	0.12240642	-0.1551688	0.10725677	-0.12911837	0.08623388	-0.071283326	0.041024737	-0.04362159	0.050949074
-0.10532207	0.08744203	-0.20328856	0.16300246	-0.16586415	0.095384054	-0.13215467	0.23204829	-0.35764956	0.20280045	-0.15030535	0.20939298	-0.5684867	0.9999996	-0.23896967	0.15327826	-0.2064522	0.301471	-0.49873158	0.17649163	-0.12075709	0.15013961	-0.14930157	0.12003971	-0.13185732	0.105501175	-0.12206855	0.1409815	-0.1216329	0.1481532	-0.08722682	0.07033604	-0.04145828	0.043691188	-0.0569897
0.06080419	-0.050823916	0.096797615	-0.093286835	0.083385006	-0.056908295	0.07432471	-0.116619095	0.11449306	-0.118944764	0.08694368	-0.11569819	0.15655883	-0.23896967	0.99999946	-0.105878755	0.11102288	-0.21184307	0.2521343	-0.7695378	0.08552072	-0.11427751	0.1408034	-0.21385083	0.27561718	-0.081577525	0.09175543	-0.1520601	0.17994578	-0.37184322	0.06566179	-0.055699542	0.037110146	-0.03967435	0.06460112
-0.27681315	0.17858067	-0.10249534	0.07704993	-0.06785002	0.24762237	-0.28509167	0.11284857	-0.088872455	0.07679202	-0.5841924	0.2501415	-0.17066367	0.15327826	-0.105878755	0.99999934	-0.3193248	0.1654704	-0.157396	0.08224657	-0.4321586	0.26469383	-0.14743306	0.08806072	-0.08119744	0.226725	-0.21986327	0.14297816	-0.09377129	0.10214586	-0.16676843	0.12593935	-0.063312754	0.06665706	-0.065376624
0.12969343	-0.10506249	0.096954055	-0.07915622	0.06879564	-0.13332596	0.15273148	-0.11931144	0.09722854	-0.08361889	0.22522636	-0.7207806	0.2453392	-0.2064522	0.11102288	-0.3193248	0.9999994	-0.30342484	0.19154574	-0.09115681	0.2070924	-0.37750852	0.16080423	-0.09314765	0.08402652	-0.16356634	0.17557396	-0.15358002	0.09498885	-0.10540215	0.11920301	-0.099168494	0.050565243	-0.05393831	0.051584303
-0.099448614	0.08024169	-0.13425934	0.10538154	-0.096083134	0.09257989	-0.12085184	0.15949434	-0.14165188	0.11573744	-0.15099844	0.24037343	-0.5372968	0.301471	-0.21184307	0.1654704	-0.30342484	0.99999946	-0.59809124	0.17514451	-0.1377703	0.18364018	-0.2644167	0.13990565	-0.13844778	0.11786464	-0.13901116	0.19486213	-0.14069451	0.15492782	-0.09580842	0.07860266	-0.046263278	0.048680943	-0.05604636
0.08914731	-0.07507578	0.14036508	-0.1321579	0.11251217	-0.084652506	0.10931346	-0.18168673	0.17117023	-0.15181781	0.1305628	-0.2006707	0.29861772	-0.49873158	0.2521343	-0.157396	0.19154574	-0.59809124	0.99999964	-0.32997224	0.121583045	-0.16591352	0.18745299	-0.17697056	0.17820287	-0.111932114	0.12403747	-0.19295123	0.15616202	-0.21128753	0.087650165	-0.07391591	0.045287196	-0.04836443	0.061568078
-0.04874465	0.04012405	-0.07465934	0.06784764	-0.062804244	0.045093328	-0.05946807	0.0872796	-0.087387316	0.08325687	-0.06988278	0.09164067	-0.13055997	0.17649163	-0.7695378	0.08224657	-0.09115681	0.17514451	-0.32997224	0.9999998	-0.06879774	0.090872034	-0.12208891	0.18832943	-0.41810814	0.06422558	-0.0744998	0.122454025	-0.16864374	0.26605672	-0.052860934	0.044327483	-0.02940691	0.03120191	-0.048910227
0.12017274	-0.087570906	0.06849343	-0.055179477	0.047939133	-0.11545064	0.1323001	-0.07890897	0.06420586	-0.056389723	0.20283374	-0.18763089	0.12613216	-0.12075709	0.08552072	-0.4321586	0.2070924	-0.1377703	0.121583045	-0.06879774	0.99999994	-0.5453307	0.16691774	-0.08929722	0.073902026	-0.56975293	0.27543256	-0.17101742	0.092827596	-0.0963097	0.2106585	-0.17331056	0.0755806	-0.0821903	0.058771636
-0.13806161	0.099947095	-0.085620776	0.06767599	-0.0597964	0.123979636	-0.15700687	0.097149536	-0.0805518	0.06971297	-0.22027288	0.23306113	-0.17001003	0.15013961	-0.11427751	0.26469383	-0.37750852	0.18364018	-0.16591352	0.090872034	-0.5453307	1.0000001	-0.31556135	0.121157095	-0.09955755	0.28928047	-0.43807414	0.22613573	-0.12861322	0.122927435	-0.23818894	0.18886456	-0.08698841	0.090037204	-0.069710694
0.0781814	-0.060350038	0.07384569	-0.06114158	0.054064736	-0.072074585	0.091621034	-0.08648387	0.07451257	-0.06529486	0.118160255	-0.14621238	0.15908857	-0.14930157	0.1408034	-0.14743306	0.16080423	-0.2644167	0.18745299	-0.12208891	0.16691774	-0.31556135	1.0000002	-0.29064226	0.16102381	-0.15284485	0.1912135	-0.77107763	0.24491373	-0.20349362	0.12031608	-0.10765204	0.070192285	-0.07385027	0.06106044
-0.051634204	0.04043576	-0.05830578	0.04986997	-0.044860125	0.046867266	-0.061505973	0.06685048	-0.06122775	0.0553813	-0.07520106	0.08769948	-0.10789038	0.12003971	-0.21385083	0.08806072	-0.09314765	0.13990565	-0.17697056	0.18832943	-0.08929722	0.121157095	-0.29064226	1.0000004	-0.4902519	0.08169029	-0.10448616	0.23771241	-0.70682704	0.31011543	-0.070389785	0.05951952	-0.042060647	0.04404265	-0.05416557
0.047495518	-0.038090035	0.061012026	-0.054172	0.048461534	-0.043540057	0.057153147	-0.070790984	0.06603837	-0.06154163	0.06831078	-0.082936086	0.1052696	-0.13185732	0.27561718	-0.08119744	0.08402652	-0.13844778	0.17820287	-0.41810814	0.073902026	-0.09955755	0.16102381	-0.4902519	1.0000004	-0.069879584	0.08400823	-0.16656478	0.28742936	-0.65568894	0.058894314	-0.049905784	0.035162486	-0.037338637	0.0617174
-0.10922873	0.07804013	-0.06303235	0.05001619	-0.043867	0.09769323	-0.12209626	0.07079852	-0.058045443	0.05087025	-0.17277998	0.14429793	-0.110567056	0.105501175	-0.081577525	0.226725	-0.16356634	0.11786464	-0.111932114	0.06422558	-0.56975293	0.28928047	-0.15284485	0.08169029	-0.069879584	1.0000002	-0.51168376	0.15365005	-0.08928698	0.08936449	-0.46006802	0.26405385	-0.10606442	0.10978488	-0.06787941
0.094511226	-0.07172322	0.06657384	-0.0551572	0.047663927	-0.089226514	0.107621066	-0.077363856	0.06390201	-0.05669888	0.14781904	-0.16711722	0.12240642	-0.12206855	0.09175543	-0.21986327	0.17557396	-0.13901116	0.12403747	-0.0744998	0.27543256	-0.43807414	0.1912135	-0.10448616	0.08400823	-0.51168376	1.0	-0.2409731	0.11213475	-0.11202441	0.31152314	-0.509918	0.14688455	-0.16554819	0.08080024
-0.08347269	0.06307702	-0.075173005	0.060608413	-0.054466844	0.0747388	-0.09778557	0.08490581	-0.07406913	0.06442832	-0.12404703	0.13504899	-0.1551688	0.1409815	-0.1520601	0.14297816	-0.15358002	0.19486213	-0.19295123	0.122454025	-0.17101742	0.22613573	-0.77107763	0.23771241	-0.16656478	0.15365005	-0.2409731	1.0000002	-0.36280704	0.19410096	-0.13787507	0.11892984	-0.08507839	0.08262007	-0.06625055
0.05335031	-0.041944154	0.059273157	-0.05123648	0.045380786	-0.048772883	0.06343677	-0.06861223	0.06161905	-0.055972584	0.07777183	-0.09118797	0.10725677	-0.1216329	0.17994578	-0.09377129	0.09498885	-0.14069451	0.15616202	-0.16864374	0.092827596	-0.12861322	0.24491373	-0.70682704	0.28742936	-0.08928698	0.11213475	-0.36280704	1.0000005	-0.46981636	0.075530164	-0.06609882	0.04945519	-0.052905876	0.062578335
-0.06324898	0.049794685	-0.077244624	0.0655668	-0.06041022	0.056808878	-0.0760305	0.08566474	-0.08070495	0.07404253	-0.08995864	0.101413004	-0.12911837	0.1481532	-0.37184322	0.10214586	-0.10540215	0.15492782	-0.21128753	0.26605672	-0.0963097	0.122927435	-0.20349362	0.31011543	-0.65568894	0.08936449	-0.11202441	0.19410096	-0.46981636	1.0000006	-0.07920235	0.06543834	-0.047334734	0.049640216	-0.09581913
0.070883855	-0.05353739	0.048688274	-0.04032611	0.034782328	-0.06668844	0.08047791	-0.056242358	0.046301264	-0.041202962	0.11022638	-0.115041874	0.08623388	-0.08722682	0.06566179	-0.16676843	0.11920301	-0.09580842	0.087650165	-0.052860934	0.2106585	-0.23818894	0.12031608	-0.070389785	0.058894314	-0.46006802	0.31152314	-0.13787507	0.075530164	-0.07920235	1.0000007	-0.72622734	0.17753536	-0.20812902	0.0786989
-0.06019667	0.04467814	-0.0402475	0.0327737	-0.028541332	0.055088922	-0.06852961	0.045840386	-0.03790074	0.033507954	-0.09244411	0.09131464	-0.071283326	0.07033604	-0.055699542	0.12593935	-0.099168494	0.07860266	-0.07391591	0.044327483	-0.17331056	0.18886456	-0.10765204	0.05951952	-0.049905784	0.26405385	-0.509918	0.11892984	-0.06609882	0.06543834	-0.72622734	1.0000008	-0.26160508	0.20051995	-0.07249213
0.032074586	-0.024127204	0.023833454	-0.019574905	0.017081946	-0.029233163	0.03697647	-0.026944384	0.022535596	-0.0200515	0.047893126	-0.04771	0.041024737	-0.04145828	0.037110146	-0.063312754	0.050565243	-0.046263278	0.045287196	-0.02940691	0.0755806	-0.08698841	0.070192285	-0.042060647	0.035162486	-0.10606442	0.14688455	-0.08507839	0.04945519	-0.047334734	0.17753536	-0.26160508	1.0000006	-0.92177916	0.119835585
-0.034956362	0.026095262	-0.02543732	0.020733723	-0.018161556	0.031545714	-0.040292803	0.028582435	-0.023925269	0.021229653	-0.05200577	0.05026885	-0.04362159	0.043691188	-0.03967435	0.06665706	-0.05393831	0.048680943	-0.04836443	0.03120191	-0.0821903	0.090037204	-0.07385027	0.04404265	-0.037338637	0.10978488	-0.16554819	0.08262007	-0.052905876	0.049640216	-0.20812902	0.20051995	-0.92177916	1.0000007	-0.15194082
0.037905313	-0.02947834	0.035144966	-0.029660821	0.025709108	-0.034163784	0.04506317	-0.038684916	0.032724928	-0.029920015	0.052754555	-0.051381763	0.050949074	-0.0569897	0.06460112	-0.065376624	0.051584303	-0.05604636	0.061568078	-0.048910227	0.058771636	-0.069710694	0.06106044	-0.05416557	0.0617174	-0.06787941	0.08080024	-0.06625055	0.062578335	-0.09581913	0.0786989	-0.07249213	0.119835585	-0.15194082	1.0000007
