1.0000002	-0.55429614	0.26224697	-0.21493895	0.17472339	-0.6143077	0.29455212	-0.25844795	0.18723518	-0.1424289	0.19027002	-0.15745793	0.19634493	-0.14981383	0.15496178	-0.09620015	0.16459028	-0.14687572	0.13785872	-0.12757108	0.09293344	-0.13394868	0.13643658	-0.11449169	0.12001037	-0.07103635	0.08727815	-0.105781786	0.09815864	-0.16442895	0.08650531	-0.030899933	0.033267085	-0.062593326	0.07690107
-0.55429614	1.0000001	-0.449513	0.21159935	-0.16304749	0.28234667	-0.59026927	0.2732114	-0.18555675	0.12791848	-0.14048769	0.12824228	-0.16234966	0.1204092	-0.124324605	0.0682635	-0.117841475	0.10817251	-0.10342412	0.09497625	-0.06477498	0.09299855	-0.094880775	0.08063807	-0.08714092	0.048348714	-0.059872918	0.07295065	-0.068141036	0.113725424	-0.05834417	0.020636206	-0.022162745	0.043297473	-0.052992374
0.26224697	-0.449513	0.99999994	-0.55001265	0.24122658	-0.30924144	0.29758748	-0.47350317	0.27257428	-0.1993173	0.16285567	-0.14929232	0.20261867	-0.16604479	0.16829793	-0.08396422	0.14279534	-0.14294988	0.13530283	-0.1295281	0.07984875	-0.117295414	0.12156645	-0.105736755	0.114845484	-0.061164767	0.07584607	-0.093426876	0.088439785	-0.15090497	0.07345084	-0.026116814	0.027986832	-0.05640047	0.06866606
-0.21493895	0.21159935	-0.55001265	0.99999976	-0.5027014	0.22069244	-0.23718019	0.28063345	-0.49666366	0.27785194	-0.14625153	0.12948793	-0.18962932	0.17784074	-0.20102498	0.07441814	-0.12865515	0.13528672	-0.13750473	0.13151976	-0.071034506	0.103236	-0.11284443	0.09883552	-0.11549993	0.054330256	-0.06794796	0.0837826	-0.08206131	0.13731076	-0.065443076	0.02302067	-0.02469814	0.051911984	-0.06339154
0.17472339	-0.16304749	0.24122658	-0.5027014	0.9999996	-0.23894468	0.18383688	-0.25467977	0.31808138	-0.64856887	0.15215713	-0.13624786	0.18951927	-0.21706489	0.24378438	-0.08279493	0.14026424	-0.1612387	0.1550105	-0.17498021	0.07921289	-0.118736126	0.13047695	-0.119656056	0.13804209	-0.062730774	0.07837017	-0.09812908	0.097668625	-0.17252429	0.07503479	-0.026696747	0.02855577	-0.06246034	0.07543161
-0.6143077	0.28234667	-0.30924144	0.22069244	-0.23894468	0.9999997	-0.365759	0.26184076	-0.24233948	0.17746459	-0.31199622	0.21609409	-0.28603095	0.19569045	-0.21491133	0.13553314	-0.24486558	0.18993188	-0.189967	0.16100517	-0.1338151	0.17474453	-0.18904488	0.14733328	-0.16105632	0.096323006	-0.11876093	0.13817488	-0.12946175	0.19420002	-0.12169748	0.041934106	-0.045841515	0.08082747	-0.101745315
0.29455212	-0.59026927	0.29758748	-0.23718019	0.18383688	-0.365759	0.99999934	-0.5308133	0.22425032	-0.16085142	0.18622452	-0.19925092	0.21828339	-0.16003528	0.1575114	-0.092385896	0.15694	-0.14526613	0.13521557	-0.12488732	0.08652023	-0.12597601	0.12517688	-0.10706526	0.11344006	-0.064578734	0.07988096	-0.09770923	0.09012175	-0.152031	0.07740188	-0.027465492	0.029435141	-0.057429872	0.07002668
-0.25844795	0.2732114	-0.47350317	0.28063345	-0.25467977	0.26184076	-0.5308133	0.9999994	-0.44111174	0.21548803	-0.19154678	0.18443614	-0.33141607	0.19681782	-0.19800296	0.091651276	-0.1593161	0.1565236	-0.15489168	0.13700883	-0.08596616	0.12337068	-0.1285356	0.11031501	-0.12325745	0.06338623	-0.079160556	0.09705715	-0.09182148	0.15180035	-0.075966686	0.026621852	-0.028535666	0.05803798	-0.07083001
0.18723518	-0.18555675	0.27257428	-0.49666366	0.31808138	-0.24233948	0.22425032	-0.44111174	0.99999905	-0.5277163	0.16007698	-0.1491141	0.21755183	-0.272511	0.24526632	-0.084885046	0.14472584	-0.16762693	0.16655609	-0.16524783	0.080628574	-0.11963724	0.13117638	-0.11819059	0.13547537	-0.062727995	0.0785062	-0.09789526	0.09630914	-0.16491944	0.07503442	-0.02653071	0.02839514	-0.061193865	0.07410246
-0.1424289	0.12791848	-0.1993173	0.27785194	-0.64856887	0.17746459	-0.16085142	0.21548803	-0.5277163	0.99999905	-0.13034223	0.11765226	-0.17819874	0.21917789	-0.38873175	0.069189645	-0.11911356	0.14073057	-0.14865246	0.16295114	-0.06609469	0.09765084	-0.112097435	0.10215402	-0.13216735	0.051813994	-0.06525288	0.08144837	-0.083189666	0.14122863	-0.062216554	0.02187415	-0.0234401	0.05249207	-0.063836694
0.19027002	-0.14048769	0.16285567	-0.14625153	0.15215713	-0.31199622	0.18622452	-0.19154678	0.16007698	-0.13034223	0.99999875	-0.6546414	0.29659745	-0.20187405	0.17884907	-0.26620197	0.29628885	-0.21819022	0.18272214	-0.16003883	0.19036074	-0.26605818	0.18664666	-0.1559656	0.14852662	-0.114110924	0.14034471	-0.16889676	0.1309031	-0.21794698	0.12856604	-0.044637285	0.047173727	-0.08354915	0.10042779
-0.15745793	0.12824228	-0.14929232	0.12948793	-0.13624786	0.21609409	-0.19925092	0.18443614	-0.1491141	0.11765226	-0.6546414	0.9999981	-0.519335	0.19527225	-0.17018035	0.18126397	-0.38228816	0.18866757	-0.16951056	0.13272676	-0.15133962	0.19506393	-0.15135166	0.123597205	-0.1233892	0.08580181	-0.107590936	0.1274402	-0.10304054	0.16476448	-0.098858505	0.03339322	-0.035517115	0.064876646	-0.07849211
0.19634493	-0.16234966	0.20261867	-0.18962932	0.18951927	-0.28603095	0.21828339	-0.33141607	0.21755183	-0.17819874	0.29659745	-0.519335	0.99999785	-0.43140152	0.25059384	-0.15252262	0.25158915	-0.29151815	0.24429604	-0.19989726	0.13485992	-0.20241392	0.19439542	-0.16892366	0.17180331	-0.09797417	0.12251448	-0.15279932	0.13648166	-0.22867222	0.11413959	-0.040083963	0.042624798	-0.08667773	0.104123116
-0.14981383	0.1204092	-0.16604479	0.17784074	-0.21706489	0.19569045	-0.16003528	0.19681782	-0.272511	0.21917789	-0.20187405	0.19527225	-0.43140152	0.999998	-0.5833544	0.104795694	-0.18689829	0.26482838	-0.46099916	0.22848627	-0.09893408	0.14401048	-0.1814887	0.16171427	-0.1986577	0.07620566	-0.097686134	0.122335464	-0.12759694	0.19612026	-0.09136192	0.03144336	-0.03370868	0.07810677	-0.095138185
0.15496178	-0.124324605	0.16829793	-0.20102498	0.24378438	-0.21491133	0.1575114	-0.19800296	0.24526632	-0.38873175	0.17884907	-0.17018035	0.25059384	-0.5833544	0.99999803	-0.10154856	0.1728031	-0.2444246	0.25273255	-0.42162788	0.096857965	-0.14673504	0.17771238	-0.17384592	0.23875485	-0.0784835	0.09965822	-0.12678899	0.135982	-0.24080887	0.093656875	-0.03294062	0.035227135	-0.086023666	0.10339497
-0.09620015	0.0682635	-0.08396422	0.07441814	-0.08279493	0.13553314	-0.092385896	0.091651276	-0.084885046	0.069189645	-0.26620197	0.18126397	-0.15252262	0.104795694	-0.10154856	0.9999979	-0.46679515	0.14213455	-0.117065236	0.09100214	-0.757412	0.28162366	-0.14268242	0.10295177	-0.089923315	0.11806996	-0.14285615	0.13940765	-0.089418285	0.12843011	-0.13353093	0.03770672	-0.040378194	0.05517293	-0.066950485
0.16459028	-0.117841475	0.14279534	-0.12865515	0.14026424	-0.24486558	0.15694	-0.1593161	0.14472584	-0.11911356	0.29628885	-0.38228816	0.25158915	-0.18689829	0.1728031	-0.46679515	0.99999815	-0.3046089	0.20668684	-0.16138639	0.2818111	-0.44963494	0.22308525	-0.17635053	0.15371938	-0.15205804	0.19362414	-0.22670636	0.1471552	-0.23037209	0.16342111	-0.054081738	0.0567572	-0.09279365	0.110398956
-0.14687572	0.10817251	-0.14294988	0.13528672	-0.1612387	0.18993188	-0.14526613	0.1565236	-0.16762693	0.14073057	-0.21819022	0.18866757	-0.29151815	0.26482838	-0.2444246	0.14213455	-0.3046089	0.99999803	-0.6805599	0.19771554	-0.13691396	0.19477047	-0.39602703	0.22724308	-0.19689122	0.107409164	-0.14540823	0.1838483	-0.1741689	0.22314993	-0.1301979	0.042494077	-0.045748763	0.102382176	-0.12445325
0.13785872	-0.10342412	0.13530283	-0.13750473	0.1550105	-0.189967	0.13521557	-0.15489168	0.16655609	-0.14865246	0.18272214	-0.16951056	0.24429604	-0.46099916	0.25273255	-0.117065236	0.20668684	-0.6805599	0.99999803	-0.25058722	0.11042775	-0.16991918	0.24671435	-0.25670248	0.19767217	-0.091299094	0.11876195	-0.15728928	0.16521458	-0.23915589	0.107368514	-0.036952637	0.039399892	-0.10059379	0.11713656
-0.12757108	0.09497625	-0.1295281	0.13151976	-0.17498021	0.16100517	-0.12488732	0.13700883	-0.16524783	0.16295114	-0.16003883	0.13272676	-0.19989726	0.22848627	-0.42162788	0.09100214	-0.16138639	0.19771554	-0.25058722	0.99999785	-0.090643264	0.13220915	-0.20180097	0.19903718	-0.73182106	0.077238105	-0.10091166	0.12586659	-0.1670375	0.25802657	-0.09581426	0.032753985	-0.035481445	0.09902912	-0.1266518
0.09293344	-0.06477498	0.07984875	-0.071034506	0.07921289	-0.1338151	0.08652023	-0.08596616	0.080628574	-0.06609469	0.19036074	-0.15133962	0.13485992	-0.09893408	0.096857965	-0.757412	0.2818111	-0.13691396	0.11042775	-0.090643264	0.9999981	-0.48196638	0.145757	-0.107227914	0.089622356	-0.15155974	0.17017116	-0.16882467	0.09295473	-0.13438103	0.14611144	-0.041460495	0.043664746	-0.05759612	0.06884484
-0.13394868	0.09299855	-0.117295414	0.103236	-0.118736126	0.17474453	-0.12597601	0.12337068	-0.11963724	0.09765084	-0.26605818	0.19506393	-0.20241392	0.14401048	-0.14673504	0.28162366	-0.44963494	0.19477047	-0.16991918	0.13220915	-0.48196638	0.9999981	-0.26736346	0.16758017	-0.13730176	0.21537016	-0.43604994	0.2674233	-0.1533908	0.19081353	-0.26303604	0.07062998	-0.076874174	0.09107047	-0.11237289
0.13643658	-0.094880775	0.12156645	-0.11284443	0.13047695	-0.18904488	0.12517688	-0.1285356	0.13117638	-0.112097435	0.18664666	-0.15135166	0.19439542	-0.1814887	0.17771238	-0.14268242	0.22308525	-0.39602703	0.24671435	-0.20180097	0.145757	-0.26736346	0.99999803	-0.51728624	0.20540537	-0.16261786	0.22776109	-0.44432825	0.26140967	-0.3223649	0.17445093	-0.058096312	0.06083765	-0.1585344	0.17037797
-0.11449169	0.08063807	-0.105736755	0.09883552	-0.119656056	0.14733328	-0.10706526	0.11031501	-0.11819059	0.10215402	-0.1559656	0.123597205	-0.16892366	0.16171427	-0.17384592	0.10295177	-0.17635053	0.22724308	-0.25670248	0.19903718	-0.107227914	0.16758017	-0.51728624	0.9999979	-0.2875138	0.108512	-0.15624009	0.21559943	-0.5972647	0.2967867	-0.13215926	0.044464838	-0.047941104	0.21666092	-0.2613561
0.12001037	-0.08714092	0.114845484	-0.11549993	0.13804209	-0.16105632	0.11344006	-0.12325745	0.13547537	-0.13216735	0.14852662	-0.1233892	0.17180331	-0.1986577	0.23875485	-0.089923315	0.15371938	-0.19689122	0.19767217	-0.73182106	0.089622356	-0.13730176	0.20540537	-0.2875138	0.999998	-0.08009249	0.10450102	-0.13691121	0.19909507	-0.43700895	0.097080916	-0.03406435	0.03660575	-0.122579165	0.14788021
-0.07103635	0.048348714	-0.061164767	0.054330256	-0.062730774	0.096323006	-0.064578734	0.06338623	-0.062727995	0.051813994	-0.114110924	0.08580181	-0.09797417	0.07620566	-0.0784835	0.11806996	-0.15205804	0.107409164	-0.091299094	0.077238105	-0.15155974	0.21537016	-0.16261786	0.108512	-0.08009249	0.999998	-0.42767167	0.24148838	-0.099344745	0.12447829	-0.8155944	0.10180882	-0.10820387	0.05975303	-0.07056402
0.08727815	-0.059872918	0.07584607	-0.06794796	0.07837017	-0.11876093	0.07988096	-0.079160556	0.0785062	-0.06525288	0.14034471	-0.107590936	0.12251448	-0.097686134	0.09965822	-0.14285615	0.19362414	-0.14540823	0.11876195	-0.10091166	0.17017116	-0.43604994	0.22776109	-0.15624009	0.10450102	-0.42767167	0.99999803	-0.6600725	0.14061207	-0.16675664	0.2769778	-0.078196466	0.078105725	-0.08320353	0.09349605
-0.105781786	0.07295065	-0.093426876	0.0837826	-0.09812908	0.13817488	-0.09770923	0.09705715	-0.09789526	0.08144837	-0.16889676	0.1274402	-0.15279932	0.122335464	-0.12678899	0.13940765	-0.22670636	0.1838483	-0.15728928	0.12586659	-0.16882467	0.2674233	-0.44432825	0.21559943	-0.13691121	0.24148838	-0.6600725	0.999998	-0.22901683	0.20220637	-0.30098802	0.07623831	-0.08300676	0.11521531	-0.13476954
0.09815864	-0.068141036	0.088439785	-0.08206131	0.097668625	-0.12946175	0.09012175	-0.09182148	0.09630914	-0.083189666	0.1309031	-0.10304054	0.13648166	-0.12759694	0.135982	-0.089418285	0.1471552	-0.1741689	0.16521458	-0.1670375	0.09295473	-0.1533908	0.26140967	-0.5972647	0.19909507	-0.099344745	0.14061207	-0.22901683	0.9999979	-0.44746956	0.115435354	-0.042046852	0.044615682	-0.4634383	0.2900427
-0.16442895	0.113725424	-0.15090497	0.13731076	-0.17252429	0.19420002	-0.152031	0.15180035	-0.16491944	0.14122863	-0.21794698	0.16476448	-0.22867222	0.19612026	-0.24080887	0.12843011	-0.23037209	0.22314993	-0.23915589	0.25802657	-0.13438103	0.19081353	-0.3223649	0.2967867	-0.43700895	0.12447829	-0.16675664	0.20220637	-0.44746956	0.9999977	-0.1616021	0.055394333	-0.060929958	0.2407714	-0.374868
0.08650531	-0.05834417	0.07345084	-0.065443076	0.07503479	-0.12169748	0.07740188	-0.075966686	0.07503442	-0.062216554	0.12856604	-0.098858505	0.11413959	-0.09136192	0.093656875	-0.13353093	0.16342111	-0.1301979	0.107368514	-0.09581426	0.14611144	-0.26303604	0.17445093	-0.13215926	0.097080916	-0.8155944	0.2769778	-0.30098802	0.115435354	-0.1616021	0.99999756	-0.14497234	0.12486843	-0.072329216	0.08288212
-0.030899933	0.020636206	-0.026116814	0.02302067	-0.026696747	0.041934106	-0.027465492	0.026621852	-0.02653071	0.02187415	-0.044637285	0.03339322	-0.040083963	0.03144336	-0.03294062	0.03770672	-0.054081738	0.042494077	-0.036952637	0.032753985	-0.041460495	0.07062998	-0.058096312	0.044464838	-0.03406435	0.10180882	-0.078196466	0.07623831	-0.042046852	0.055394333	-0.14497234	0.99999744	-0.9759501	0.03280336	-0.036689945
0.033267085	-0.022162745	0.027986832	-0.02469814	0.02855577	-0.045841515	0.029435141	-0.028535666	0.02839514	-0.0234401	0.047173727	-0.035517115	0.042624798	-0.03370868	0.035227135	-0.040378194	0.0567572	-0.045748763	0.039399892	-0.035481445	0.043664746	-0.076874174	0.06083765	-0.047941104	0.03660575	-0.10820387	0.078105725	-0.08300676	0.044615682	-0.060929958	0.12486843	-0.9759501	0.99999714	-0.035389327	0.038512412
-0.062593326	0.043297473	-0.05640047	0.051911984	-0.06246034	0.08082747	-0.057429872	0.05803798	-0.061193865	0.05249207	-0.08354915	0.064876646	-0.08667773	0.07810677	-0.086023666	0.05517293	-0.09279365	0.102382176	-0.10059379	0.09902912	-0.05759612	0.09107047	-0.1585344	0.21666092	-0.122579165	0.05975303	-0.08320353	0.11521531	-0.4634383	0.2407714	-0.072329216	0.03280336	-0.035389327	0.9999972	-0.8121323
0.07690107	-0.052992374	0.06866606	-0.06339154	0.07543161	-0.101745315	0.07002668	-0.07083001	0.07410246	-0.063836694	0.10042779	-0.07849211	0.104123116	-0.095138185	0.10339497	-0.066950485	0.110398956	-0.12445325	0.11713656	-0.1266518	0.06884484	-0.11237289	0.17037797	-0.2613561	0.14788021	-0.07056402	0.09349605	-0.13476954	0.2900427	-0.374868	0.08288212	-0.036689945	0.038512412	-0.8121323	0.9999972
