1.0	-0.96460766	0.15827817	-0.12989242	0.028766915	-0.07386418	0.06202767	-0.115641735	0.08050076	-0.028953299	0.05709975	-0.05891563	0.07890016	-0.08335834	0.027606498	-0.040991783	0.041493606	-0.047310844	0.04323055	-0.04878151	0.03486059	-0.033537347	0.04272082	-0.031430237	0.032918423	-0.011014777	0.015769314	-0.014391987	0.021554023	-0.022314025	0.011236074	-0.017340206	0.015735716	-0.016686536	0.01816394
-0.96460766	0.99999994	-0.19137724	0.11039702	-0.025217827	0.06476301	-0.05773738	0.10647208	-0.07408001	0.025621379	-0.052816827	0.053564183	-0.0743733	0.073662	-0.024638249	0.036878727	-0.03768315	0.042057253	-0.038518857	0.04275513	-0.03166202	0.030074688	-0.03855716	0.027977414	-0.029470572	0.009914343	-0.014146491	0.01285806	-0.019285237	0.019863399	-0.010136503	0.015502674	-0.014095989	0.01488116	-0.01625768
0.15827817	-0.19137724	0.99999976	-0.47489432	0.083352566	-0.21145025	0.18932752	-0.68031293	0.29600003	-0.09727146	0.17059104	-0.19387694	0.27165335	-0.29561743	0.09170486	-0.12532072	0.12625346	-0.1473773	0.13988192	-0.15724021	0.10514648	-0.10247399	0.13115014	-0.0985041	0.1024132	-0.033398245	0.04806259	-0.04429774	0.06656808	-0.06915816	0.03400714	-0.05295924	0.048324853	-0.051592715	0.05600025
-0.12989242	0.11039702	-0.47489432	0.99999946	-0.11671177	0.16348533	-0.17147495	0.30551812	-0.6580123	0.11844866	-0.20324665	0.18516488	-0.33027595	0.2916624	-0.12414304	0.13620959	-0.15066212	0.15698662	-0.16312379	0.15446763	-0.1295492	0.11579185	-0.16737707	0.11282874	-0.12527439	0.03959412	-0.056085445	0.052547097	-0.08098147	0.080214955	-0.04123476	0.059957717	-0.05900387	0.06081367	-0.06863062
0.028766915	-0.025217827	0.083352566	-0.11671177	0.9999993	-0.04740454	0.044676393	-0.06425249	0.079695895	-0.13756594	0.057379678	-0.05301116	0.07918825	-0.087604575	0.11738878	-0.04575458	0.04957771	-0.057151116	0.053201076	-0.057734836	0.043638647	-0.041350577	0.057101447	-0.040382575	0.044073474	-0.014160453	0.020341877	-0.019354055	0.029270755	-0.029774202	0.014607739	-0.02215671	0.021497527	-0.02242396	0.024916545
-0.07386418	0.06476301	-0.21145025	0.16348533	-0.04740454	0.99999934	-0.79057056	0.19524284	-0.14559554	0.05190985	-0.4072616	0.29146573	-0.22382541	0.16257577	-0.051136367	0.16848709	-0.16772318	0.13197038	-0.095417745	0.10010697	-0.13792461	0.113420725	-0.12811881	0.07824177	-0.084194325	0.037641555	-0.050454974	0.038519084	-0.055879496	0.055521134	-0.038856786	0.05399709	-0.042563647	0.042404704	-0.04691974
0.06202767	-0.05773738	0.18932752	-0.17147495	0.044676393	-0.79057056	0.999999	-0.2501676	0.14549455	-0.052321468	0.2730009	-0.43028006	0.2153167	-0.17178579	0.050591525	-0.14540923	0.13802609	-0.12073363	0.09074706	-0.09823714	0.10964576	-0.0980164	0.10866098	-0.07073905	0.07454863	-0.03144262	0.0430861	-0.033887565	0.049240332	-0.04980786	0.032058172	-0.046862286	0.03710952	-0.037741218	0.041263513
-0.115641735	0.10647208	-0.68031293	0.30551812	-0.06425249	0.19524284	-0.2501676	0.99999875	-0.43364608	0.08552402	-0.17679806	0.19718343	-0.40981293	0.26570174	-0.084156305	0.112995535	-0.11801199	0.12718746	-0.12415454	0.12797502	-0.0964496	0.08967182	-0.11781062	0.08402043	-0.08885282	0.029345073	-0.041720405	0.03770976	-0.057136644	0.058167152	-0.030110937	0.045347918	-0.04150923	0.043661565	-0.048007283
0.08050076	-0.07408001	0.29600003	-0.6580123	0.079695895	-0.14559554	0.14549455	-0.43364608	0.9999985	-0.14445075	0.15205011	-0.15963073	0.27546322	-0.48007324	0.12941746	-0.10603437	0.113192506	-0.12887093	0.15735427	-0.15850383	0.09456689	-0.08887794	0.124875054	-0.095934704	0.100821614	-0.029307606	0.04236981	-0.040900156	0.06336584	-0.06465601	0.03018545	-0.045958374	0.045095984	-0.04826702	0.053170905
-0.028953299	0.025621379	-0.09727146	0.11844866	-0.13756594	0.05190985	-0.052321468	0.08552402	-0.14445075	0.9999986	-0.06506846	0.06193724	-0.11404495	0.14778621	-0.9515034	0.045953307	-0.05059329	0.05727083	-0.07612122	0.0747294	-0.042875532	0.039928332	-0.059169315	0.045065068	-0.049588133	0.013318409	-0.01940348	0.019501138	-0.030698722	0.030920029	-0.013790501	0.020925822	-0.021715865	0.023127502	-0.025858747
0.05709975	-0.052816827	0.17059104	-0.20324665	0.057379678	-0.4072616	0.2730009	-0.17679806	0.15205011	-0.06506846	0.9999986	-0.6319992	0.25041944	-0.22090887	0.06225815	-0.42129898	0.24044517	-0.19507243	0.123170465	-0.1370516	0.19909474	-0.17829517	0.1636037	-0.1028971	0.10640598	-0.05467161	0.07318984	-0.051261704	0.071427725	-0.07231629	0.054491322	-0.08078578	0.055477932	-0.055115912	0.059436023
-0.05891563	0.053564183	-0.19387694	0.18516488	-0.05301116	0.29146573	-0.43028006	0.19718343	-0.15963073	0.06193724	-0.6319992	0.99999857	-0.43290392	0.215261	-0.06085473	0.22627409	-0.24683587	0.1719044	-0.11952315	0.12433963	-0.17257626	0.14588732	-0.156472	0.09534236	-0.101117305	0.046253357	-0.06235684	0.046230722	-0.06661154	0.06638595	-0.0474593	0.0669767	-0.050772257	0.05063568	-0.055630326
0.07890016	-0.0743733	0.27165335	-0.33027595	0.07918825	-0.22382541	0.2153167	-0.40981293	0.27546322	-0.11404495	0.25041944	-0.43290392	0.99999875	-0.5555048	0.10882799	-0.17495407	0.17692144	-0.22162773	0.19445798	-0.21187443	0.13870789	-0.13503829	0.17521809	-0.1295023	0.13203672	-0.042536527	0.06120243	-0.05526575	0.08371589	-0.08647754	0.043242745	-0.06710003	0.060129542	-0.064460866	0.06980576
-0.08335834	0.073662	-0.29561743	0.2916624	-0.087604575	0.16257577	-0.17178579	0.26570174	-0.48007324	0.14778621	-0.22090887	0.215261	-0.5555048	0.99999845	-0.17485215	0.14549913	-0.16241336	0.18241751	-0.35459363	0.23606682	-0.133901	0.123531505	-0.188343	0.14741664	-0.15741709	0.04062629	-0.05896474	0.058980707	-0.09442386	0.0943328	-0.04204315	0.063268974	-0.065519445	0.07042018	-0.07859846
0.027606498	-0.024638249	0.09170486	-0.12414304	0.11738878	-0.051136367	0.050591525	-0.084156305	0.12941746	-0.9515034	0.06225815	-0.06085473	0.10882799	-0.17485215	0.9999986	-0.044974726	0.049119513	-0.057072137	0.07753213	-0.08067669	0.041508134	-0.039194025	0.057623908	-0.045486793	0.049320728	-0.012985991	0.019030198	-0.019297158	0.03036849	-0.030890794	0.013414031	-0.020606546	0.02137645	-0.02300235	0.025537169
-0.040991783	0.036878727	-0.12532072	0.13620959	-0.04575458	0.16848709	-0.14540923	0.112995535	-0.10603437	0.045953307	-0.42129898	0.22627409	-0.17495407	0.14549913	-0.044974726	0.9999986	-0.58102745	0.24277772	-0.113849744	0.118515186	-0.51838624	0.28726694	-0.23220408	0.1168686	-0.12441021	0.093554325	-0.112600096	0.06397027	-0.08473506	0.08163509	-0.09544216	0.11784727	-0.06994933	0.0638719	-0.069832094
0.041493606	-0.03768315	0.12625346	-0.15066212	0.04957771	-0.16772318	0.13802609	-0.11801199	0.113192506	-0.05059329	0.24044517	-0.24683587	0.17692144	-0.16241336	0.049119513	-0.58102745	0.99999845	-0.48569354	0.13201728	-0.14032862	0.29578573	-0.42828453	0.26379028	-0.13612904	0.13681358	-0.08435542	0.13011158	-0.072578825	0.093910284	-0.09226226	0.08260328	-0.14397484	0.07734377	-0.07182886	0.07658269
-0.047310844	0.042057253	-0.1473773	0.15698662	-0.057151116	0.13197038	-0.12073363	0.12718746	-0.12887093	0.05727083	-0.19507243	0.1719044	-0.22162773	0.18241751	-0.057072137	0.24277772	-0.48569354	0.9999988	-0.2232588	0.1964924	-0.23964305	0.25032416	-0.6472047	0.23132744	-0.24653697	0.069802225	-0.108226135	0.0950236	-0.15118235	0.14162266	-0.072007075	0.11273608	-0.105875105	0.108497106	-0.12302584
0.04323055	-0.038518857	0.13988192	-0.16312379	0.053201076	-0.095417745	0.09074706	-0.12415454	0.15735427	-0.07612122	0.123170465	-0.11952315	0.19445798	-0.35459363	0.07753213	-0.113849744	0.13201728	-0.2232588	0.99999887	-0.78317213	0.10572036	-0.11383907	0.20309915	-0.30570284	0.24603431	-0.03487228	0.055951577	-0.07393596	0.13078517	-0.13672224	0.03554504	-0.060892094	0.07858907	-0.09787852	0.10326933
-0.04878151	0.04275513	-0.15724021	0.15446763	-0.057734836	0.10010697	-0.09823714	0.12797502	-0.15850383	0.0747294	-0.1370516	0.12433963	-0.21187443	0.23606682	-0.08067669	0.118515186	-0.14032862	0.1964924	-0.78317213	0.99999905	-0.11683681	0.11931185	-0.22849159	0.2526201	-0.36514843	0.0381252	-0.060987968	0.082391754	-0.15077606	0.15364684	-0.039269038	0.06526698	-0.091897584	0.10813296	-0.12575987
0.03486059	-0.03166202	0.10514648	-0.1295492	0.043638647	-0.13792461	0.10964576	-0.0964496	0.09456689	-0.042875532	0.19909474	-0.17257626	0.13870789	-0.133901	0.041508134	-0.51838624	0.29578573	-0.23964305	0.10572036	-0.11683681	0.99999917	-0.66239446	0.21546233	-0.116322376	0.11547623	-0.18517098	0.18318273	-0.07809622	0.08607266	-0.08387964	0.15076189	-0.2095305	0.08130888	-0.067299925	0.069186434
-0.033537347	0.030074688	-0.10247399	0.11579185	-0.041350577	0.113420725	-0.0980164	0.08967182	-0.08887794	0.039928332	-0.17829517	0.14588732	-0.13503829	0.123531505	-0.039194025	0.28726694	-0.42828453	0.25032416	-0.11383907	0.11931185	-0.66239446	0.9999991	-0.33484623	0.13966641	-0.14257906	0.13561809	-0.2929939	0.09131058	-0.103644304	0.096113466	-0.14125624	0.21704705	-0.097978435	0.07783575	-0.08212564
0.04272082	-0.03855716	0.13115014	-0.16737707	0.057101447	-0.12811881	0.10866098	-0.11781062	0.124875054	-0.059169315	0.1636037	-0.156472	0.17521809	-0.188343	0.057623908	-0.23220408	0.26379028	-0.6472047	0.20309915	-0.22849159	0.21546233	-0.33484623	0.9999988	-0.41941196	0.2530352	-0.071387	0.120081015	-0.112100065	0.16839698	-0.17158894	0.07083032	-0.13380952	0.11350588	-0.12959097	0.12974298
-0.031430237	0.027977414	-0.0985041	0.11282874	-0.040382575	0.07824177	-0.07073905	0.08402043	-0.095934704	0.045065068	-0.1028971	0.09534236	-0.1295023	0.14741664	-0.045486793	0.1168686	-0.13612904	0.23132744	-0.30570284	0.2526201	-0.116322376	0.13966641	-0.41941196	0.9999988	-0.6786622	0.040870436	-0.073403254	0.13068135	-0.33193138	0.24179173	-0.04139643	0.07871548	-0.13761817	0.18182638	-0.19238663
0.032918423	-0.029470572	0.1024132	-0.12527439	0.044073474	-0.084194325	0.07454863	-0.08885282	0.100821614	-0.049588133	0.10640598	-0.101117305	0.13203672	-0.15741709	0.049320728	-0.12441021	0.13681358	-0.24653697	0.24603431	-0.36514843	0.11547623	-0.14257906	0.2530352	-0.6786622	0.9999989	-0.04214287	0.07438748	-0.12932888	0.24255666	-0.39750043	0.042262524	-0.082608044	0.13158572	-0.19740108	0.2048923
-0.011014777	0.009914343	-0.033398245	0.03959412	-0.014160453	0.037641555	-0.03144262	0.029345073	-0.029307606	0.013318409	-0.05467161	0.046253357	-0.042536527	0.04062629	-0.012985991	0.093554325	-0.08435542	0.069802225	-0.03487228	0.0381252	-0.18517098	0.13561809	-0.071387	0.040870436	-0.04214287	0.999999	-0.19284314	0.047871806	-0.03870453	0.03471262	-0.93988836	0.17647891	-0.051057667	0.030626584	-0.029666103
0.015769314	-0.014146491	0.04806259	-0.056085445	0.020341877	-0.050454974	0.0430861	-0.041720405	0.04236981	-0.01940348	0.07318984	-0.06235684	0.06120243	-0.05896474	0.019030198	-0.112600096	0.13011158	-0.108226135	0.055951577	-0.060987968	0.18318273	-0.2929939	0.120081015	-0.073403254	0.07438748	-0.19284314	0.999999	-0.15956056	0.086185716	-0.07115051	0.16938709	-0.87800735	0.14068341	-0.06906468	0.060730502
-0.014391987	0.01285806	-0.04429774	0.052547097	-0.019354055	0.038519084	-0.033887565	0.03770976	-0.040900156	0.019501138	-0.051261704	0.046230722	-0.05526575	0.058980707	-0.019297158	0.06397027	-0.072578825	0.0950236	-0.07393596	0.082391754	-0.07809622	0.09131058	-0.112100065	0.13068135	-0.12932888	0.047871806	-0.15956056	0.99999905	-0.37361813	0.18490775	-0.04853243	0.1417308	-0.8532359	0.22598247	-0.17132166
0.021554023	-0.019285237	0.06656808	-0.08098147	0.029270755	-0.055879496	0.049240332	-0.057136644	0.06336584	-0.030698722	0.071427725	-0.06661154	0.08371589	-0.09442386	0.03036849	-0.08473506	0.093910284	-0.15118235	0.13078517	-0.15077606	0.08607266	-0.103644304	0.16839698	-0.33193138	0.24255666	-0.03870453	0.086185716	-0.37361813	0.9999986	-0.47255832	0.03878513	-0.09262523	0.26423076	-0.59284866	0.3027465
-0.022314025	0.019863399	-0.06915816	0.080214955	-0.029774202	0.055521134	-0.04980786	0.058167152	-0.06465601	0.030920029	-0.07231629	0.06638595	-0.08647754	0.0943328	-0.030890794	0.08163509	-0.09226226	0.14162266	-0.13672224	0.15364684	-0.08387964	0.096113466	-0.17158894	0.24179173	-0.39750043	0.03471262	-0.07115051	0.18490775	-0.47255832	0.9999989	-0.03534723	0.07532372	-0.2251811	0.31151244	-0.646638
0.011236074	-0.010136503	0.03400714	-0.04123476	0.014607739	-0.038856786	0.032058172	-0.030110937	0.03018545	-0.013790501	0.054491322	-0.0474593	0.043242745	-0.04204315	0.013414031	-0.09544216	0.08260328	-0.072007075	0.03554504	-0.039269038	0.15076189	-0.14125624	0.07083032	-0.04139643	0.042262524	-0.93988836	0.16938709	-0.04853243	0.03878513	-0.03534723	0.99999917	-0.22022267	0.0506986	-0.031092443	0.029817794
-0.017340206	0.015502674	-0.05295924	0.059957717	-0.02215671	0.05399709	-0.046862286	0.045347918	-0.045958374	0.020925822	-0.08078578	0.0669767	-0.06710003	0.063268974	-0.020606546	0.11784727	-0.14397484	0.11273608	-0.060892094	0.06526698	-0.2095305	0.21704705	-0.13380952	0.07871548	-0.082608044	0.17647891	-0.87800735	0.1417308	-0.09262523	0.07532372	-0.22022267	0.99999917	-0.16553336	0.07316602	-0.06680584
0.015735716	-0.014095989	0.048324853	-0.05900387	0.021497527	-0.042563647	0.03710952	-0.04150923	0.045095984	-0.021715865	0.055477932	-0.050772257	0.060129542	-0.065519445	0.02137645	-0.06994933	0.07734377	-0.105875105	0.07858907	-0.091897584	0.08130888	-0.097978435	0.11350588	-0.13761817	0.13158572	-0.051057667	0.14068341	-0.8532359	0.26423076	-0.2251811	0.0506986	-0.16553336	0.9999991	-0.30503455	0.17916174
-0.016686536	0.01488116	-0.051592715	0.06081367	-0.02242396	0.042404704	-0.037741218	0.043661565	-0.04826702	0.023127502	-0.055115912	0.05063568	-0.064460866	0.07042018	-0.02300235	0.0638719	-0.07182886	0.108497106	-0.09787852	0.10813296	-0.067299925	0.07783575	-0.12959097	0.18182638	-0.19740108	0.030626584	-0.06906468	0.22598247	-0.59284866	0.31151244	-0.031092443	0.07316602	-0.30503455	0.9999991	-0.6299946
0.01816394	-0.01625768	0.05600025	-0.06863062	0.024916545	-0.04691974	0.041263513	-0.048007283	0.053170905	-0.025858747	0.059436023	-0.055630326	0.06980576	-0.07859846	0.025537169	-0.069832094	0.07658269	-0.12302584	0.10326933	-0.12575987	0.069186434	-0.08212564	0.12974298	-0.19238663	0.2048923	-0.029666103	0.060730502	-0.17132166	0.3027465	-0.646638	0.029817794	-0.06680584	0.17916174	-0.6299946	0.9999991
