1.0	-0.112356134	0.08383759	-0.052586947	0.055501528	-0.15549344	0.091591425	-0.10877916	0.056106947	-0.053461473	0.13192949	-0.10767085	0.089419216	-0.08072114	0.071541466	-0.06635	0.08458435	-0.093384124	0.08464088	-0.059565797	0.06261965	-0.06958362	0.08680293	-0.074218266	0.08960627	-0.17699337	0.06792412	-0.079908326	0.084485196	-0.08185636	0.061209444	-0.06824049	0.054783925	-0.06440471	0.17334461
-0.112356134	0.99999964	-0.8196742	0.24754238	-0.2832502	0.052792557	-0.2451407	0.22282034	-0.20542988	0.16696593	-0.05399815	0.16112415	-0.15615802	0.13471137	-0.10525263	0.0557545	-0.09976751	0.120355465	-0.13744356	0.08185911	-0.05500648	0.07279297	-0.108514264	0.09001379	-0.110042505	0.09913978	-0.07043409	0.07968399	-0.08564468	0.08118578	-0.040953916	0.044189386	-0.044510927	0.0505687	-0.12632069
0.08383759	-0.8196742	0.99999994	-0.3686472	0.23137885	-0.044209857	0.18302141	-0.26100078	0.17962784	-0.16613929	0.04442433	-0.14616679	0.13597491	-0.120769605	0.08596065	-0.046573374	0.08175382	-0.10436439	0.11367901	-0.068337426	0.045294143	-0.060652133	0.08817441	-0.07445257	0.08823214	-0.083442084	0.057562117	-0.06611082	0.06921054	-0.06619706	0.033971157	-0.0368475	0.03652739	-0.041783616	0.09931761
-0.052586947	0.24754238	-0.3686472	0.9999996	-0.7171944	0.027900575	-0.100475416	0.12737611	-0.45395756	0.29859152	-0.028339239	0.09584684	-0.103689075	0.13321248	-0.086852014	0.037432224	-0.06721996	0.08767551	-0.119487576	0.06662736	-0.036447544	0.05004777	-0.07567896	0.06634412	-0.07872717	0.066139914	-0.047540437	0.05512994	-0.058726437	0.05667083	-0.027388003	0.029666334	-0.03005868	0.034385275	-0.07918092
0.055501528	-0.2832502	0.23137885	-0.7171944	0.9999995	-0.029152172	0.101323426	-0.13261786	0.30623308	-0.5172884	0.02940078	-0.10019775	0.1009908	-0.1279522	0.084993504	-0.038232766	0.066888265	-0.08818509	0.11082221	-0.06700005	0.036952432	-0.050613984	0.07457717	-0.06590489	0.07737424	-0.06892863	0.047721464	-0.055856474	0.058596715	-0.05698233	0.02816602	-0.030618006	0.030529665	-0.035080157	0.07964266
-0.15549344	0.052792557	-0.044209857	0.027900575	-0.029152172	0.99999964	-0.12791923	0.09283698	-0.031901564	0.029404063	-0.9591027	0.12501661	-0.083376355	0.052682	-0.042754408	0.05157256	-0.054063782	0.05889035	-0.05548094	0.03423609	-0.048750278	0.040025093	-0.050866913	0.04103533	-0.048948545	0.056649085	-0.036702923	0.04045556	-0.04100076	0.03850659	-0.022217365	0.023958404	-0.022745011	0.025903238	-0.06419216
0.091591425	-0.2451407	0.18302141	-0.100475416	0.101323426	-0.12791923	0.9999995	-0.661718	0.1057672	-0.09657303	0.11647725	-0.5920715	0.28218967	-0.16495457	0.11640907	-0.070705324	0.12845007	-0.17185625	0.15908474	-0.09327062	0.06828759	-0.09204457	0.131677	-0.10732024	0.1243965	-0.11252918	0.08518536	-0.09642202	0.09815247	-0.09278247	0.046668563	-0.05040706	0.051106043	-0.0581859	0.13469355
-0.10877916	0.22282034	-0.26100078	0.12737611	-0.13261786	0.09283698	-0.661718	0.99999934	-0.1406298	0.12169037	-0.09683851	0.32226533	-0.44853416	0.20885475	-0.16473466	0.089825995	-0.17598422	0.21512608	-0.22271462	0.12704104	-0.08957356	0.12067676	-0.18547103	0.14579661	-0.17713235	0.1440678	-0.11638788	0.12795196	-0.13642971	0.1270435	-0.061457276	0.065828465	-0.06882449	0.077513486	-0.18949375
0.056106947	-0.20542988	0.17962784	-0.45395756	0.30623308	-0.031901564	0.1057672	-0.1406298	0.99999946	-0.7429217	0.03230337	-0.11890392	0.135135	-0.2663914	0.12234038	-0.04731132	0.08510487	-0.11876147	0.16938914	-0.095735304	0.04563367	-0.06421101	0.09716111	-0.08877882	0.10183363	-0.0826695	0.06004178	-0.070775814	0.0745358	-0.07308833	0.0342816	-0.03723409	0.03785235	-0.043526813	0.09537478
-0.053461473	0.16696593	-0.16613929	0.29859152	-0.5172884	0.029404063	-0.09657303	0.12169037	-0.7429217	0.9999996	-0.029993623	0.10528784	-0.12456277	0.18260144	-0.12715296	0.045617573	-0.08350179	0.1099361	-0.16699834	0.09286149	-0.044500627	0.062069565	-0.09651688	0.08613745	-0.1034726	0.07946593	-0.059072062	0.06875701	-0.074293755	0.072069064	-0.03334547	0.03606539	-0.03716398	0.042480025	-0.095899895
0.13192949	-0.05399815	0.04442433	-0.028339239	0.02940078	-0.9591027	0.11647725	-0.09683851	0.03230337	-0.029993623	0.9999996	-0.1456487	0.08398242	-0.05404766	0.04282763	-0.05574005	0.054589536	-0.060633156	0.055771213	-0.03456415	0.049600862	-0.04091621	0.051074483	-0.041519407	0.04902885	-0.059074648	0.03715191	-0.041267473	0.041401245	-0.039019804	0.02291773	-0.024784857	0.023240251	-0.026555225	0.06504022
-0.10767085	0.16112415	-0.14616679	0.09584684	-0.10019775	0.12501661	-0.5920715	0.32226533	-0.11890392	0.10528784	-0.1456487	0.9999998	-0.5659959	0.2211329	-0.16883239	0.094090745	-0.1917114	0.23168206	-0.23476015	0.12999512	-0.09340442	0.12688479	-0.19233873	0.14985903	-0.17963198	0.14399356	-0.120382525	0.13151681	-0.13805602	0.12819777	-0.061629605	0.06598606	-0.069355816	0.07807765	-0.18566342
0.089419216	-0.15615802	0.13597491	-0.103689075	0.1009908	-0.083376355	0.28218967	-0.44853416	0.135135	-0.12456277	0.08398242	-0.5659959	0.9999999	-0.40740463	0.17586416	-0.096521735	0.19158302	-0.40026736	0.26972872	-0.14514725	0.09171234	-0.13560969	0.19763035	-0.1640159	0.17337023	-0.14633979	0.11926019	-0.13737248	0.13441335	-0.12856945	0.061397042	-0.066486016	0.06860194	-0.078525655	0.16696213
-0.08072114	0.13471137	-0.120769605	0.13321248	-0.1279522	0.052682	-0.16495457	0.20885475	-0.2663914	0.18260144	-0.05404766	0.2211329	-0.40740463	0.99999964	-0.35331708	0.09145788	-0.17960908	0.26706913	-0.6512013	0.22789474	-0.08866854	0.12984529	-0.21495521	0.2008864	-0.22737311	0.14972039	-0.12099658	0.14183053	-0.15382908	0.14967786	-0.06406117	0.06925531	-0.07344676	0.08409138	-0.17623354
0.071541466	-0.10525263	0.08596065	-0.086852014	0.084993504	-0.042754408	0.11640907	-0.16473466	0.12234038	-0.12715296	0.04282763	-0.16883239	0.17586416	-0.35331708	0.9999993	-0.08596259	0.14036861	-0.20566083	0.24942137	-0.77853316	0.08034909	-0.120549954	0.17715956	-0.20844509	0.26887774	-0.16486838	0.110256374	-0.14507517	0.15459065	-0.18766926	0.06754552	-0.07470525	0.075483836	-0.09003513	0.16342966
-0.06635	0.0557545	-0.046573374	0.037432224	-0.038232766	0.05157256	-0.070705324	0.089825995	-0.04731132	0.045617573	-0.05574005	0.094090745	-0.096521735	0.09145788	-0.08596259	0.99999946	-0.30410603	0.14953555	-0.10878523	0.07309767	-0.88400745	0.2192214	-0.1355779	0.1034385	-0.11557743	0.16902395	-0.15890428	0.14687301	-0.11536581	0.1024089	-0.06971239	0.06858757	-0.068120025	0.07393022	-0.16857651
0.08458435	-0.09976751	0.08175382	-0.06721996	0.066888265	-0.054063782	0.12845007	-0.17598422	0.08510487	-0.08350179	0.054589536	-0.1917114	0.19158302	-0.17960908	0.14036861	-0.30410603	0.9999996	-0.4649556	0.20235331	-0.12567386	0.23035899	-0.5993621	0.2362636	-0.18672185	0.18119001	-0.22253127	0.267136	-0.30202273	0.18090045	-0.16635396	0.0922111	-0.100042835	0.103733025	-0.11777151	0.20157501
-0.093384124	0.120355465	-0.10436439	0.08767551	-0.08818509	0.05889035	-0.17185625	0.21512608	-0.11876147	0.1099361	-0.060633156	0.23168206	-0.40026736	0.26706913	-0.20566083	0.14953555	-0.4649556	0.9999994	-0.43412808	0.17495614	-0.14604425	0.23132412	-0.43369138	0.2539764	-0.25116447	0.19118522	-0.20130908	0.21312808	-0.19970384	0.18037827	-0.08362289	0.08955152	-0.09753037	0.1096978	-0.22249454
0.08464088	-0.13744356	0.11367901	-0.119487576	0.11082221	-0.05548094	0.15908474	-0.22271462	0.16938914	-0.16699834	0.055771213	-0.23476015	0.26972872	-0.6512013	0.24942137	-0.10878523	0.20235331	-0.43412808	0.9999994	-0.27182794	0.10135496	-0.1577708	0.24706835	-0.30160627	0.23397009	-0.17562501	0.1370261	-0.16997455	0.1706069	-0.17130269	0.073467106	-0.080368936	0.083262146	-0.097307056	0.18329373
-0.059565797	0.08185911	-0.068337426	0.06662736	-0.06700005	0.03423609	-0.09327062	0.12704104	-0.095735304	0.09286149	-0.03456415	0.12999512	-0.14514725	0.22789474	-0.77853316	0.07309767	-0.12567386	0.17495614	-0.27182794	0.9999994	-0.06967256	0.10438528	-0.17753777	0.19913374	-0.44028443	0.13718596	-0.09926635	0.12706573	-0.15390645	0.17715928	-0.05831525	0.06377805	-0.06790235	0.079538964	-0.15343471
0.06261965	-0.05500648	0.045294143	-0.036447544	0.036952432	-0.048750278	0.06828759	-0.08957356	0.04563367	-0.044500627	0.049600862	-0.09340442	0.09171234	-0.08866854	0.08034909	-0.88400745	0.23035899	-0.14604425	0.10135496	-0.06967256	0.9999991	-0.28101358	0.12691414	-0.100487605	0.10808406	-0.20511031	0.15854529	-0.16061881	0.11186646	-0.100653425	0.07414784	-0.07431733	0.06960707	-0.07676257	0.15614937
-0.06958362	0.07279297	-0.060652133	0.05004777	-0.050613984	0.040025093	-0.09204457	0.12067676	-0.06421101	0.062069565	-0.04091621	0.12688479	-0.13560969	0.12984529	-0.120549954	0.2192214	-0.5993621	0.23132412	-0.1577708	0.10438528	-0.28101358	0.99999917	-0.2397014	0.1628011	-0.1683566	0.182292	-0.56592447	0.2830378	-0.18079723	0.14835441	-0.08252914	0.086320296	-0.0977319	0.104806595	-0.18788463
0.08680293	-0.108514264	0.08817441	-0.07567896	0.07457717	-0.050866913	0.131677	-0.18547103	0.09716111	-0.09651688	0.051074483	-0.19233873	0.19763035	-0.21495521	0.17715956	-0.1355779	0.2362636	-0.43369138	0.24706835	-0.17753777	0.12691414	-0.2397014	0.9999993	-0.649754	0.273117	-0.21751936	0.20090741	-0.30791596	0.23660238	-0.22776067	0.09366395	-0.10324602	0.11252565	-0.13312526	0.21130724
-0.074218266	0.09001379	-0.07445257	0.06634412	-0.06590489	0.04103533	-0.10732024	0.14579661	-0.08877882	0.08613745	-0.041519407	0.14985903	-0.1640159	0.2008864	-0.20844509	0.1034385	-0.18672185	0.2539764	-0.30160627	0.19913374	-0.100487605	0.1628011	-0.649754	0.9999993	-0.48714936	0.18264498	-0.16110888	0.2119271	-0.32548836	0.24759455	-0.08325722	0.09005541	-0.1066079	0.12351905	-0.20661297
0.08960627	-0.110042505	0.08823214	-0.07872717	0.07737424	-0.048948545	0.1243965	-0.17713235	0.10183363	-0.1034726	0.04902885	-0.17963198	0.17337023	-0.22737311	0.26887774	-0.11557743	0.18119001	-0.25116447	0.23397009	-0.44028443	0.10808406	-0.1683566	0.273117	-0.48714936	0.99999934	-0.23379186	0.15828885	-0.22288148	0.2740156	-0.4605407	0.09847759	-0.10925324	0.115820736	-0.14086026	0.2378585
-0.17699337	0.09913978	-0.083442084	0.066139914	-0.06892863	0.056649085	-0.11252918	0.1440678	-0.0826695	0.07946593	-0.059074648	0.14399356	-0.14633979	0.14972039	-0.16486838	0.16902395	-0.22253127	0.19118522	-0.17562501	0.13718596	-0.20511031	0.182292	-0.21751936	0.18264498	-0.23379186	0.99999905	-0.21422507	0.21584186	-0.2586108	0.2318796	-0.40939137	0.2520239	-0.20821126	0.1984789	-0.61514366
0.06792412	-0.07043409	0.057562117	-0.047540437	0.047721464	-0.036702923	0.08518536	-0.11638788	0.06004178	-0.059072062	0.03715191	-0.120382525	0.11926019	-0.12099658	0.110256374	-0.15890428	0.267136	-0.20130908	0.1370261	-0.09926635	0.15854529	-0.56592447	0.20090741	-0.16110888	0.15828885	-0.21422507	0.999999	-0.66266984	0.20375516	-0.17170274	0.09534085	-0.104304865	0.11977736	-0.13081683	0.18605565
-0.079908326	0.07968399	-0.06611082	0.05512994	-0.055856474	0.04045556	-0.09642202	0.12795196	-0.070775814	0.06875701	-0.041267473	0.13151681	-0.13737248	0.14183053	-0.14507517	0.14687301	-0.30202273	0.21312808	-0.16997455	0.12706573	-0.16061881	0.2830378	-0.30791596	0.2119271	-0.22288148	0.21584186	-0.66266984	0.9999992	-0.3775684	0.2254835	-0.114780344	0.12091104	-0.18594307	0.17338303	-0.2474361
0.084485196	-0.08564468	0.06921054	-0.058726437	0.058596715	-0.04100076	0.09815247	-0.13642971	0.0745358	-0.074293755	0.041401245	-0.13805602	0.13441335	-0.15382908	0.15459065	-0.11536581	0.18090045	-0.19970384	0.1706069	-0.15390645	0.11186646	-0.18079723	0.23660238	-0.32548836	0.2740156	-0.2586108	0.20375516	-0.3775684	0.99999887	-0.6580241	0.12827893	-0.14360291	0.19157037	-0.2868976	0.26681146
-0.08185636	0.08118578	-0.06619706	0.05667083	-0.05698233	0.03850659	-0.09278247	0.1270435	-0.07308833	0.072069064	-0.039019804	0.12819777	-0.12856945	0.14967786	-0.18766926	0.1024089	-0.16635396	0.18037827	-0.17130269	0.17715928	-0.100653425	0.14835441	-0.22776067	0.24759455	-0.4605407	0.2318796	-0.17170274	0.2254835	-0.6580241	0.9999987	-0.11044589	0.11826845	-0.15231366	0.17366184	-0.40291983
0.061209444	-0.040953916	0.033971157	-0.027388003	0.02816602	-0.022217365	0.046668563	-0.061457276	0.0342816	-0.03334547	0.02291773	-0.061629605	0.061397042	-0.06406117	0.06754552	-0.06971239	0.0922111	-0.08362289	0.073467106	-0.05831525	0.07414784	-0.08252914	0.09366395	-0.08325722	0.09847759	-0.40939137	0.09534085	-0.114780344	0.12827893	-0.11044589	0.99999815	-0.8137149	0.224234	-0.24786292	0.20564927
-0.06824049	0.044189386	-0.0368475	0.029666334	-0.030618006	0.023958404	-0.05040706	0.065828465	-0.03723409	0.03606539	-0.024784857	0.06598606	-0.066486016	0.06925531	-0.07470525	0.06858757	-0.100042835	0.08955152	-0.080368936	0.06377805	-0.07431733	0.086320296	-0.10324602	0.09005541	-0.10925324	0.2520239	-0.104304865	0.12091104	-0.14360291	0.11826845	-0.8137149	0.9999981	-0.36472732	0.2343989	-0.23850295
0.054783925	-0.044510927	0.03652739	-0.03005868	0.030529665	-0.022745011	0.051106043	-0.06882449	0.03785235	-0.03716398	0.023240251	-0.069355816	0.06860194	-0.07344676	0.075483836	-0.068120025	0.103733025	-0.09753037	0.083262146	-0.06790235	0.06960707	-0.0977319	0.11252565	-0.1066079	0.115820736	-0.20821126	0.11977736	-0.18594307	0.19157037	-0.15231366	0.224234	-0.36472732	0.9999982	-0.8289354	0.17986166
-0.06440471	0.0505687	-0.041783616	0.034385275	-0.035080157	0.025903238	-0.0581859	0.077513486	-0.043526813	0.042480025	-0.026555225	0.07807765	-0.078525655	0.08409138	-0.09003513	0.07393022	-0.11777151	0.1096978	-0.097307056	0.079538964	-0.07676257	0.104806595	-0.13312526	0.12351905	-0.14086026	0.1984789	-0.13081683	0.17338303	-0.2868976	0.17366184	-0.24786292	0.2343989	-0.8289354	0.9999982	-0.22884427
0.17334461	-0.12632069	0.09931761	-0.07918092	0.07964266	-0.06419216	0.13469355	-0.18949375	0.09537478	-0.095899895	0.06504022	-0.18566342	0.16696213	-0.17623354	0.16342966	-0.16857651	0.20157501	-0.22249454	0.18329373	-0.15343471	0.15614937	-0.18788463	0.21130724	-0.20661297	0.2378585	-0.61514366	0.18605565	-0.2474361	0.26681146	-0.40291983	0.20564927	-0.23850295	0.17986166	-0.22884427	0.9999982
