1.0	-0.5265398	0.2754224	-0.067073636	0.058865592	-0.68797565	0.31546938	-0.279004	0.14844744	-0.18557015	0.15857719	-0.11844473	0.11614714	-0.05887847	0.058199767	-0.08892407	0.07391142	-0.08718728	0.053247668	-0.05214164	0.08418517	-0.07863471	0.07687545	-0.047698237	0.06428337	-0.043528136	0.056855515	-0.0648251	0.049858205	-0.038654614	0.052244082	-0.04553902	0.04456047	-0.083804704	0.04562537
-0.5265398	0.9999999	-0.6034792	0.06741813	-0.061232068	0.30007222	-0.489019	0.2766529	-0.14376105	0.15878367	-0.11977617	0.09955252	-0.104169615	0.04902196	-0.04878171	0.06927079	-0.060009103	0.07169275	-0.04293945	0.041838292	-0.06667243	0.06271505	-0.06313588	0.037878253	-0.05042385	0.03411172	-0.04468237	0.050364707	-0.03952746	0.030087529	-0.040867012	0.035293348	-0.034575544	0.06383003	-0.035322163
0.2754224	-0.6034792	0.9999998	-0.1255337	0.10376069	-0.29215845	0.30540097	-0.5333364	0.22076511	-0.2832891	0.16158141	-0.15622048	0.15866822	-0.08008808	0.07870431	-0.10528479	0.09133746	-0.112736374	0.06733909	-0.06625489	0.10068059	-0.09683302	0.096299075	-0.05891951	0.077944435	-0.052144688	0.068329945	-0.077852234	0.06112443	-0.04675531	0.062410608	-0.05435429	0.05324136	-0.09920653	0.054531425
-0.067073636	0.06741813	-0.1255337	0.9999994	-0.9609914	0.056796417	-0.07096883	0.091328256	-0.1509754	0.16194274	-0.05024056	0.039502162	-0.04296578	0.031720087	-0.034333855	0.029619917	-0.025819227	0.031117903	-0.023787484	0.023462553	-0.030686121	0.027474688	-0.028692648	0.019192941	-0.026673507	0.015894989	-0.02098048	0.02386111	-0.02010701	0.015457181	-0.019397927	0.016623065	-0.016519608	0.030661635	-0.017929474
0.058865592	-0.061232068	0.10376069	-0.9609914	0.99999934	-0.052082498	0.063140534	-0.086154655	0.13418688	-0.19787018	0.04598425	-0.03716161	0.039970294	-0.031912066	0.034093425	-0.02769995	0.024105122	-0.029240167	0.022721166	-0.022650085	0.028493075	-0.025726141	0.026741752	-0.018148433	0.025008745	-0.014835996	0.01958265	-0.022414302	0.01891179	-0.0145625025	0.018087313	-0.01557824	0.015479156	-0.028915225	0.016788809
-0.68797565	0.30007222	-0.29215845	0.056796417	-0.052082498	0.9999994	-0.56221294	0.2463337	-0.14305714	0.14901723	-0.18871894	0.11003476	-0.11209351	0.051362593	-0.051456533	0.0830849	-0.06944833	0.07932389	-0.04777182	0.04624639	-0.0785872	0.07203324	-0.07162527	0.042921804	-0.05779803	0.039804738	-0.051978275	0.058255166	-0.04506901	0.03447673	-0.047695156	0.0410423	-0.04015497	0.074118495	-0.040865324
0.31546938	-0.489019	0.30540097	-0.07096883	0.063140534	-0.56221294	0.99999946	-0.5017887	0.18465212	-0.21009557	0.14861427	-0.1382533	0.13959274	-0.06320828	0.062384218	-0.0888318	0.077749476	-0.09388144	0.05423733	-0.05289499	0.083825774	-0.08051218	0.08067272	-0.04772832	0.062801234	-0.04282859	0.05608344	-0.06314296	0.04960336	-0.037520166	0.051088084	-0.0441613	0.043209195	-0.079461336	0.043904245
-0.279004	0.2766529	-0.5333364	0.091328256	-0.086154655	0.2463337	-0.5017887	0.9999996	-0.41992998	0.26775366	-0.16813983	0.17519629	-0.253459	0.082895495	-0.08365663	0.106173724	-0.09891785	0.12397033	-0.0690497	0.06619686	-0.10379316	0.09978521	-0.10724778	0.059306078	-0.07678174	0.05214042	-0.06863741	0.07579906	-0.0616344	0.045180317	-0.06213405	0.052851744	-0.051858447	0.09253093	-0.0525944
0.14844744	-0.14376105	0.22076511	-0.1509754	0.13418688	-0.14305714	0.18465212	-0.41992998	0.9999995	-0.8117458	0.12358786	-0.11675536	0.12795557	-0.11073901	0.11186582	-0.08008264	0.07091857	-0.08932224	0.06937301	-0.07063101	0.0804479	-0.07521542	0.07853173	-0.05378689	0.07175426	-0.042171746	0.05571455	-0.06447105	0.055137057	-0.04222056	0.051109776	-0.044427086	0.044149924	-0.08311808	0.047690935
-0.18557015	0.15878367	-0.2832891	0.16194274	-0.19787018	0.14901723	-0.21009557	0.26775366	-0.8117458	0.99999934	-0.14434536	0.1146903	-0.13155164	0.12289501	-0.15283424	0.08516625	-0.07546773	0.09197146	-0.080020495	0.079522	-0.08958719	0.07985815	-0.085769996	0.059992585	-0.08315097	0.046556626	-0.061710466	0.070564464	-0.062429626	0.04749053	-0.056986257	0.04876618	-0.048778284	0.09049909	-0.05415205
0.15857719	-0.11977617	0.16158141	-0.05024056	0.04598425	-0.18871894	0.14861427	-0.16813983	0.12358786	-0.14434536	0.9999991	-0.32989544	0.2293315	-0.104167946	0.103350244	-0.33739337	0.21885376	-0.21673425	0.1275988	-0.1230523	0.25407943	-0.22969638	0.19821966	-0.12592877	0.1757046	-0.12962767	0.16607668	-0.18979362	0.13354735	-0.10738112	0.15380308	-0.13554843	0.13122223	-0.25306985	0.13139686
-0.11844473	0.09955252	-0.15622048	0.039502162	-0.03716161	0.11003476	-0.1382533	0.17519629	-0.11675536	0.1146903	-0.32989544	0.99999905	-0.7207461	0.11667214	-0.117474236	0.23896055	-0.37633562	0.25767776	-0.113120385	0.10208816	-0.22489662	0.22993506	-0.2544286	0.103937775	-0.12094768	0.1015139	-0.13453671	0.13323617	-0.10838154	0.07049676	-0.11639822	0.09377875	-0.09075726	0.14289682	-0.08240669
0.11614714	-0.104169615	0.15866822	-0.04296578	0.039970294	-0.11209351	0.13959274	-0.253459	0.12795557	-0.13155164	0.2293315	-0.7207461	0.9999989	-0.15534234	0.1308889	-0.22481325	0.2358461	-0.40598902	0.12077627	-0.111409254	0.19180045	-0.22535442	0.24149907	-0.10682489	0.119226076	-0.093815885	0.1233913	-0.13199008	0.10679685	-0.07087165	0.10678566	-0.09050518	0.087335795	-0.14430729	0.08098337
-0.05887847	0.04902196	-0.08008808	0.031720087	-0.031912066	0.051362593	-0.06320828	0.082895495	-0.11073901	0.12289501	-0.104167946	0.11667214	-0.15534234	0.999999	-0.885554	0.08158233	-0.076414496	0.11049765	-0.2965691	0.2229263	-0.087871514	0.08338902	-0.100601576	0.120484546	-0.14156698	0.051523294	-0.07070089	0.09149553	-0.11680743	0.07643822	-0.06443281	0.057892125	-0.060786474	0.11813747	-0.07591499
0.058199767	-0.04878171	0.07870431	-0.034333855	0.034093425	-0.051456533	0.062384218	-0.08365663	0.11186582	-0.15283424	0.103350244	-0.117474236	0.1308889	-0.885554	0.9999988	-0.08304502	0.075549826	-0.10964453	0.2259873	-0.28570563	0.08748598	-0.084093474	0.09655655	-0.118186295	0.14113982	-0.05212169	0.07093458	-0.09444045	0.10838178	-0.081669696	0.064839914	-0.059847057	0.062327433	-0.1282283	0.077701814
-0.08892407	0.06927079	-0.10528479	0.029619917	-0.02769995	0.0830849	-0.0888318	0.106173724	-0.08008264	0.08516625	-0.33739337	0.23896055	-0.22481325	0.08158233	-0.08304502	0.9999987	-0.60071146	0.21671465	-0.10706763	0.09827298	-0.55346876	0.3112494	-0.2378366	0.109393485	-0.13319005	0.16703697	-0.20331524	0.17142794	-0.11773866	0.078413494	-0.17930302	0.12963302	-0.12071532	0.16754203	-0.09477287
0.07391142	-0.060009103	0.09133746	-0.025819227	0.024105122	-0.06944833	0.077749476	-0.09891785	0.07091857	-0.07546773	0.21885376	-0.37633562	0.2358461	-0.076414496	0.075549826	-0.60071146	0.9999989	-0.28403366	0.09669155	-0.08889703	0.2961156	-0.5497036	0.24597062	-0.09963107	0.11007674	-0.12782001	0.1654984	-0.14803167	0.10263254	-0.06578366	0.1312143	-0.10637753	0.0975452	-0.14036253	0.077472046
-0.08718728	0.07169275	-0.112736374	0.031117903	-0.029240167	0.07932389	-0.09388144	0.12397033	-0.08932224	0.09197146	-0.21673425	0.25767776	-0.40598902	0.11049765	-0.10964453	0.21671465	-0.28403366	0.9999989	-0.17672162	0.13806336	-0.24715795	0.26818222	-0.72269	0.15780206	-0.14951093	0.11535622	-0.15685263	0.16143325	-0.15695335	0.08532723	-0.13347545	0.10757282	-0.107091404	0.1606677	-0.09667612
0.053247668	-0.04293945	0.06733909	-0.023787484	0.022721166	-0.04777182	0.05423733	-0.0690497	0.06937301	-0.080020495	0.1275988	-0.113120385	0.12077627	-0.2965691	0.2259873	-0.10706763	0.09669155	-0.17672162	0.9999988	-0.73630625	0.12223746	-0.11587401	0.15254377	-0.3691517	0.25243434	-0.080365926	0.11185262	-0.16706894	0.23373851	-0.15081047	0.101930246	-0.097339034	0.10458645	-0.21981204	0.13229021
-0.05214164	0.041838292	-0.06625489	0.023462553	-0.022650085	0.04624639	-0.05289499	0.06619686	-0.07063101	0.079522	-0.1230523	0.10208816	-0.111409254	0.2229263	-0.28570563	0.09827298	-0.08889703	0.13806336	-0.73630625	0.99999887	-0.11677691	0.10508484	-0.13816279	0.23020782	-0.4205189	0.076245785	-0.10740892	0.14856787	-0.2343319	0.16291694	-0.0990247	0.09092692	-0.099470265	0.20128176	-0.15215766
0.08418517	-0.06667243	0.10068059	-0.030686121	0.028493075	-0.0785872	0.083825774	-0.10379316	0.0804479	-0.08958719	0.25407943	-0.22489662	0.19180045	-0.087871514	0.08748598	-0.55346876	0.2961156	-0.24715795	0.12223746	-0.11677691	0.99999905	-0.48797795	0.2372359	-0.13399187	0.15725613	-0.3176084	0.2569571	-0.24861313	0.14076304	-0.09810814	0.2303612	-0.19130535	0.16212119	-0.23533688	0.11726629
-0.07863471	0.06271505	-0.09683302	0.027474688	-0.025726141	0.07203324	-0.08051218	0.09978521	-0.07521542	0.07985815	-0.22969638	0.22993506	-0.22535442	0.08338902	-0.084093474	0.3112494	-0.5497036	0.26818222	-0.11587401	0.10508484	-0.48797795	0.9999991	-0.42988142	0.12827924	-0.13587543	0.18741794	-0.29348004	0.19677036	-0.13479336	0.08053881	-0.18861637	0.14402471	-0.13161533	0.17073637	-0.095654294
0.07687545	-0.06313588	0.096299075	-0.028692648	0.026741752	-0.07162527	0.08067272	-0.10724778	0.07853173	-0.085769996	0.19821966	-0.2544286	0.24149907	-0.100601576	0.09655655	-0.2378366	0.24597062	-0.72269	0.15254377	-0.13816279	0.2372359	-0.42988142	0.9999994	-0.20754762	0.14708172	-0.124475725	0.16832528	-0.19367616	0.16800071	-0.08878202	0.13727324	-0.1191943	0.11622304	-0.17631148	0.09875548
-0.047698237	0.037878253	-0.05891951	0.019192941	-0.018148433	0.042921804	-0.04772832	0.059306078	-0.05378689	0.059992585	-0.12592877	0.103937775	-0.10682489	0.120484546	-0.118186295	0.109393485	-0.09963107	0.15780206	-0.3691517	0.23020782	-0.13399187	0.12827924	-0.20754762	0.99999946	-0.25656494	0.09558304	-0.14362429	0.21344621	-0.7874546	0.13536094	-0.12620911	0.11136414	-0.13056599	0.19867958	-0.13497053
0.06428337	-0.05042385	0.077944435	-0.026673507	0.025008745	-0.05779803	0.062801234	-0.07678174	0.07175426	-0.08315097	0.1757046	-0.12094768	0.119226076	-0.14156698	0.14113982	-0.13319005	0.11007674	-0.14951093	0.25243434	-0.4205189	0.15725613	-0.13587543	0.14708172	-0.25656494	0.99999934	-0.11120237	0.15042073	-0.23125854	0.21553414	-0.52133346	0.14312844	-0.15085284	0.1601308	-0.45077753	0.29351202
-0.043528136	0.03411172	-0.052144688	0.015894989	-0.014835996	0.039804738	-0.04282859	0.05214042	-0.042171746	0.046556626	-0.12962767	0.1015139	-0.093815885	0.051523294	-0.05212169	0.16703697	-0.12782001	0.11535622	-0.080365926	0.076245785	-0.3176084	0.18741794	-0.124475725	0.09558304	-0.11120237	0.99999917	-0.5918926	0.24944332	-0.10837375	0.06879205	-0.64808804	0.23613974	-0.18863949	0.16721494	-0.08518244
0.056855515	-0.04468237	0.068329945	-0.02098048	0.01958265	-0.051978275	0.05608344	-0.06863741	0.05571455	-0.061710466	0.16607668	-0.13453671	0.1233913	-0.07070089	0.07093458	-0.20331524	0.1654984	-0.15685263	0.11185262	-0.10740892	0.2569571	-0.29348004	0.16832528	-0.14362429	0.15042073	-0.5918926	0.9999992	-0.49032247	0.15981956	-0.09498198	0.31676552	-0.3377469	0.24167569	-0.2338808	0.11488451
-0.0648251	0.050364707	-0.077852234	0.02386111	-0.022414302	0.058255166	-0.06314296	0.07579906	-0.06447105	0.070564464	-0.18979362	0.13323617	-0.13199008	0.09149553	-0.09444045	0.17142794	-0.14803167	0.16143325	-0.16706894	0.14856787	-0.24861313	0.19677036	-0.19367616	0.21344621	-0.23125854	0.24944332	-0.49032247	0.9999993	-0.34315616	0.13246302	-0.35088912	0.2916037	-0.48195136	0.2668247	-0.16868174
0.049858205	-0.03952746	0.06112443	-0.02010701	0.01891179	-0.04506901	0.04960336	-0.0616344	0.055137057	-0.062429626	0.13354735	-0.10838154	0.10679685	-0.11680743	0.10838178	-0.11773866	0.10263254	-0.15695335	0.23373851	-0.2343319	0.14076304	-0.13479336	0.16800071	-0.7874546	0.21553414	-0.10837375	0.15981956	-0.34315616	0.9999993	-0.15347	0.13850607	-0.13418837	0.15383536	-0.2522997	0.14183764
-0.038654614	0.030087529	-0.04675531	0.015457181	-0.0145625025	0.03447673	-0.037520166	0.045180317	-0.04222056	0.04749053	-0.10738112	0.07049676	-0.07087165	0.07643822	-0.081669696	0.078413494	-0.06578366	0.08532723	-0.15081047	0.16291694	-0.09810814	0.08053881	-0.08878202	0.13536094	-0.52133346	0.06879205	-0.09498198	0.13246302	-0.15347	0.9999989	-0.09234049	0.0907788	-0.101792336	0.27103102	-0.7526381
0.052244082	-0.040867012	0.062410608	-0.019397927	0.018087313	-0.047695156	0.051088084	-0.06213405	0.051109776	-0.056986257	0.15380308	-0.11639822	0.10678566	-0.06443281	0.064839914	-0.17930302	0.1312143	-0.13347545	0.101930246	-0.0990247	0.2303612	-0.18861637	0.13727324	-0.12620911	0.14312844	-0.64808804	0.31676552	-0.35088912	0.13850607	-0.09234049	0.9999989	-0.46135783	0.254603	-0.2468043	0.11284492
-0.04553902	0.035293348	-0.05435429	0.016623065	-0.01557824	0.0410423	-0.0441613	0.052851744	-0.044427086	0.04876618	-0.13554843	0.09377875	-0.09050518	0.057892125	-0.059847057	0.12963302	-0.10637753	0.10757282	-0.097339034	0.09092692	-0.19130535	0.14402471	-0.1191943	0.11136414	-0.15085284	0.23613974	-0.3377469	0.2916037	-0.13418837	0.0907788	-0.46135783	0.99999875	-0.7092217	0.22645175	-0.12271106
0.04456047	-0.034575544	0.05324136	-0.016519608	0.015479156	-0.04015497	0.043209195	-0.051858447	0.044149924	-0.048778284	0.13122223	-0.09075726	0.087335795	-0.060786474	0.062327433	-0.12071532	0.0975452	-0.107091404	0.10458645	-0.099470265	0.16212119	-0.13161533	0.11622304	-0.13056599	0.1601308	-0.18863949	0.24167569	-0.48195136	0.15383536	-0.101792336	0.254603	-0.7092217	0.99999887	-0.34561095	0.13502431
-0.083804704	0.06383003	-0.09920653	0.030661635	-0.028915225	0.074118495	-0.079461336	0.09253093	-0.08311808	0.09049909	-0.25306985	0.14289682	-0.14430729	0.11813747	-0.1282283	0.16754203	-0.14036253	0.1606677	-0.21981204	0.20128176	-0.23533688	0.17073637	-0.17631148	0.19867958	-0.45077753	0.16721494	-0.2338808	0.2668247	-0.2522997	0.27103102	-0.2468043	0.22645175	-0.34561095	0.99999887	-0.48166582
0.04562537	-0.035322163	0.054531425	-0.017929474	0.016788809	-0.040865324	0.043904245	-0.0525944	0.047690935	-0.05415205	0.13139686	-0.08240669	0.08098337	-0.07591499	0.077701814	-0.09477287	0.077472046	-0.09667612	0.13229021	-0.15215766	0.11726629	-0.095654294	0.09875548	-0.13497053	0.29351202	-0.08518244	0.11488451	-0.16868174	0.14183764	-0.7526381	0.11284492	-0.12271106	0.13502431	-0.48166582	0.99999887
