1.0	-0.14957364	0.09300727	-0.03033658	0.03154589	-0.97071135	0.12616833	-0.1036647	0.028052405	-0.023916777	0.074320994	-0.05390088	0.04824359	-0.04913773	0.023837082	-0.031614635	0.029642351	-0.03495757	0.026451074	-0.023748146	0.02657192	-0.025633365	0.03000748	-0.028268622	0.03305079	-0.026040718	0.021977028	-0.025163477	0.022545591	-0.023989117	0.02738011	-0.017697193	0.025888689	-0.01437153	0.01696233
-0.14957364	0.9999997	-0.7550226	0.1716433	-0.17961271	0.1269192	-0.43897018	0.30607322	-0.15046014	0.11550925	-0.16426045	0.13493852	-0.13840699	0.12709236	-0.078376636	0.07345053	-0.075499244	0.08735793	-0.07056618	0.073502034	-0.0674627	0.06390045	-0.07897235	0.07294806	-0.09547362	0.065061584	-0.056795236	0.064201765	-0.060614146	0.06324495	-0.07260609	0.046281226	-0.06879631	0.038213335	-0.045805484
0.09300727	-0.7550226	0.99999946	-0.23926139	0.16727372	-0.09468872	0.28357026	-0.48762226	0.14634247	-0.119786605	0.113145955	-0.098735034	0.099354036	-0.10495885	0.06662917	-0.053678047	0.054869078	-0.0651333	0.05254019	-0.06310755	0.049052693	-0.04704284	0.057890166	-0.05530244	0.0730395	-0.048395406	0.041913155	-0.047745	0.04528939	-0.04804934	0.0533761	-0.034158785	0.050616376	-0.028496973	0.034033798
-0.03033658	0.1716433	-0.23926139	1.0	-0.6922062	0.030576622	-0.09890578	0.12292911	-0.5806577	0.31498244	-0.06182167	0.0463749	-0.05072626	0.097636536	-0.099750094	0.032185797	-0.03325775	0.04015313	-0.03696033	0.08619766	-0.030575033	0.029592574	-0.03794047	0.040705346	-0.06593323	0.031666957	-0.027710361	0.032113954	-0.033485033	0.037232284	-0.03570985	0.02288112	-0.0341089	0.02052434	-0.024611061
0.03154589	-0.17961271	0.16727372	-0.6922062	1.0000001	-0.03219159	0.09677667	-0.12206803	0.32944927	-0.5747879	0.07157258	-0.05228661	0.058011126	-0.13196795	0.13680692	-0.03868229	0.039935786	-0.04881744	0.045816753	-0.12671874	0.03690859	-0.03593961	0.046297137	-0.051532883	0.084375285	-0.038865	0.03392462	-0.039606873	0.041819476	-0.047564	0.043589775	-0.028022982	0.041703984	-0.025539365	0.030503435
-0.97071135	0.1269192	-0.09468872	0.030576622	-0.03219159	1.0	-0.14671862	0.09972488	-0.02847825	0.024100227	-0.08138726	0.055842523	-0.050315194	0.048876885	-0.023968399	0.032250874	-0.030361079	0.035464548	-0.026848715	0.023802707	-0.027106829	0.025997754	-0.030442666	0.02849868	-0.033362564	0.026227368	-0.02219703	0.02537271	-0.02273916	0.024124049	-0.027621573	0.017848263	-0.026120637	0.014479672	-0.017100427
0.12616833	-0.43897018	0.28357026	-0.09890578	0.09677667	-0.14671862	1.0000001	-0.74416155	0.09116542	-0.079509035	0.19137818	-0.2675521	0.18980767	-0.15534578	0.07618482	-0.09401901	0.09537521	-0.116346695	0.085833	-0.075439945	0.08182162	-0.07964779	0.094249055	-0.08968271	0.10462097	-0.07981763	0.06792733	-0.077762686	0.0702609	-0.07451874	0.084464185	-0.05459378	0.07997939	-0.044550527	0.052650247
-0.1036647	0.30607322	-0.48762226	0.12292911	-0.12206803	0.09972488	-0.74416155	1.0	-0.1159507	0.090398304	-0.17918392	0.17479202	-0.180813	0.1287991	-0.071730606	0.08045398	-0.08367453	0.09866386	-0.07574096	0.06876495	-0.07203285	0.06866948	-0.08316262	0.077078395	-0.094244435	0.06822391	-0.059094973	0.06707861	-0.061734237	0.06456948	-0.07411248	0.04760062	-0.070233375	0.03894266	-0.046353225
0.028052405	-0.15046014	0.14634247	-0.5806577	0.32944927	-0.02847825	0.09116542	-0.1159507	0.99999976	-0.694886	0.070183106	-0.050700914	0.05694704	-0.1380757	0.14686334	-0.03813377	0.039487567	-0.048347272	0.0459977	-0.13403432	0.0364979	-0.035542276	0.045984767	-0.05175794	0.08634538	-0.038442682	0.033645675	-0.039337296	0.041982215	-0.047898877	0.043259025	-0.027813489	0.041428328	-0.025551014	0.030540098
-0.023916777	0.11550925	-0.119786605	0.31498244	-0.5747879	0.024100227	-0.079509035	0.090398304	-0.694886	1.0000001	-0.070885845	0.0490993	-0.056448862	0.1392902	-0.22684318	0.038969204	-0.040565427	0.04959302	-0.048754036	0.15057807	-0.03763489	0.036639474	-0.047876198	0.05478448	-0.0978653	0.03972777	-0.034966297	0.04095683	-0.044825844	0.050998867	-0.04515053	0.029000528	-0.043322843	0.027059479	-0.032481194
0.074320994	-0.16426045	0.113145955	-0.06182167	0.07157258	-0.08138726	0.19137818	-0.17918392	0.070183106	-0.070885845	1.0000004	-0.4879043	0.29926327	-0.3635891	0.14018944	-0.3497158	0.2441794	-0.28849137	0.19452949	-0.14984845	0.21956497	-0.2151209	0.22289576	-0.2183099	0.21906976	-0.2098618	0.16785122	-0.19624007	0.16186838	-0.17818105	0.1972745	-0.13130207	0.18611428	-0.10431591	0.1198024
-0.05390088	0.13493852	-0.098735034	0.0463749	-0.05228661	0.055842523	-0.2675521	0.17479202	-0.050700914	0.0490993	-0.4879043	1.0000004	-0.7264546	0.2059763	-0.089532815	0.17374085	-0.19877857	0.22433504	-0.15097742	0.09065367	-0.1411096	0.13616301	-0.15319157	0.1426793	-0.14497821	0.12074847	-0.103087015	0.11824899	-0.10110211	0.1060991	-0.120317526	0.07939759	-0.11430077	0.063299134	-0.07370097
0.04824359	-0.13840699	0.099354036	-0.05072626	0.058011126	-0.050315194	0.18980767	-0.180813	0.05694704	-0.056448862	0.29926327	-0.7264546	1.0000006	-0.2889186	0.11030098	-0.19034635	0.20211929	-0.37356603	0.18539141	-0.11326013	0.1507855	-0.15599613	0.17372938	-0.1868926	0.17226431	-0.1417039	0.11836537	-0.13913892	0.11876901	-0.1275668	0.1370587	-0.0914321	0.1304786	-0.07421229	0.0856101
-0.04913773	0.12709236	-0.10495885	0.097636536	-0.13196795	0.048876885	-0.15534578	0.1287991	-0.1380757	0.1392902	-0.3635891	0.2059763	-0.2889186	1.0000005	-0.43639883	0.183047	-0.19612458	0.2254533	-0.24535567	0.27820107	-0.18480304	0.17430992	-0.23702806	0.23710743	-0.45307064	0.18651976	-0.17163904	0.19349042	-0.2194072	0.21912022	-0.2335437	0.14562869	-0.223332	0.13239308	-0.16530488
0.023837082	-0.078376636	0.06662917	-0.099750094	0.13680692	-0.023968399	0.07618482	-0.071730606	0.14686334	-0.22684318	0.14018944	-0.089532815	0.11030098	-0.43639883	1.0000004	-0.083928615	0.08792189	-0.11170353	0.11741277	-0.7771602	0.08177433	-0.08081087	0.10708398	-0.13924247	0.25836506	-0.08754083	0.077676535	-0.09293415	0.107214086	-0.13226026	0.09879708	-0.06414736	0.095517255	-0.06360273	0.075213544
-0.031614635	0.07345053	-0.053678047	0.032185797	-0.03868229	0.032250874	-0.09401901	0.08045398	-0.03813377	0.038969204	-0.3497158	0.17374085	-0.19034635	0.183047	-0.083928615	1.0000004	-0.6048613	0.25245917	-0.17790489	0.08885157	-0.55555236	0.29622337	-0.24353427	0.16553025	-0.15582457	0.19543792	-0.16769505	0.17259835	-0.12499763	0.12596285	-0.16413206	0.11203414	-0.15317538	0.077711925	-0.08805234
0.029642351	-0.075499244	0.054869078	-0.03325775	0.039935786	-0.030361079	0.09537521	-0.08367453	0.039487567	-0.040565427	0.2441794	-0.19877857	0.20211929	-0.19612458	0.08792189	-0.6048613	1.0000004	-0.48452282	0.2089806	-0.095095135	0.29580563	-0.41755357	0.24498954	-0.20667349	0.16186963	-0.19211626	0.16256207	-0.18220739	0.12751827	-0.13276856	0.15358736	-0.10913275	0.14620616	-0.07869849	0.08778778
-0.03495757	0.08735793	-0.0651333	0.04015313	-0.04881744	0.035464548	-0.116346695	0.09866386	-0.048347272	0.04959302	-0.28849137	0.22433504	-0.37356603	0.2254533	-0.11170353	0.25245917	-0.48452282	1.0000005	-0.5137857	0.118263245	-0.22439033	0.22918628	-0.30288747	0.2780157	-0.22271432	0.17201658	-0.15753037	0.18423763	-0.1528289	0.15274763	-0.16685645	0.113345504	-0.16175614	0.089756824	-0.10277728
0.026451074	-0.07056618	0.05254019	-0.03696033	0.045816753	-0.026848715	0.085833	-0.07574096	0.0459977	-0.048754036	0.19452949	-0.15097742	0.18539141	-0.24535567	0.11741277	-0.17790489	0.2089806	-0.5137857	1.0000004	-0.13912296	0.1516695	-0.16749379	0.21077253	-0.70439506	0.23715569	-0.14128663	0.12416449	-0.15690856	0.15029703	-0.16157582	0.13447401	-0.09276573	0.13142091	-0.08498058	0.09416268
-0.023748146	0.073502034	-0.06310755	0.08619766	-0.12671874	0.023802707	-0.075439945	0.06876495	-0.13403432	0.15057807	-0.14984845	0.09065367	-0.11326013	0.27820107	-0.7771602	0.08885157	-0.095095135	0.118263245	-0.13912296	1.0000005	-0.08808218	0.0865374	-0.11767182	0.15628503	-0.44094652	0.092723936	-0.08382389	0.099908575	-0.1237806	0.1453682	-0.10633868	0.06891899	-0.10337326	0.07017307	-0.08462851
0.02657192	-0.0674627	0.049052693	-0.030575033	0.03690859	-0.027106829	0.08182162	-0.07203285	0.0364979	-0.03763489	0.21956497	-0.1411096	0.1507855	-0.18480304	0.08177433	-0.55555236	0.29580563	-0.22439033	0.1516695	-0.08808218	1.0000004	-0.605505	0.26624766	-0.16549562	0.14937143	-0.32323563	0.21412387	-0.21979348	0.13326304	-0.13775241	0.18330142	-0.1338823	0.16761838	-0.084195845	0.092327006
-0.025633365	0.06390045	-0.04704284	0.029592574	-0.03593961	0.025997754	-0.07964779	0.06866948	-0.035542276	0.036639474	-0.2151209	0.13616301	-0.15599613	0.17430992	-0.08081087	0.29622337	-0.41755357	0.22918628	-0.16749379	0.0865374	-0.605505	1.0000002	-0.48789224	0.17208	-0.1542864	0.2409833	-0.26895675	0.24108574	-0.14171885	0.1386594	-0.18703027	0.13970074	-0.18034759	0.086295016	-0.095043145
0.03000748	-0.07897235	0.057890166	-0.03794047	0.046297137	-0.030442666	0.094249055	-0.08316262	0.045984767	-0.047876198	0.22289576	-0.15319157	0.17372938	-0.23702806	0.10708398	-0.24353427	0.24498954	-0.30288747	0.21077253	-0.11767182	0.26624766	-0.48789224	0.9999998	-0.2844595	0.20470808	-0.29268074	0.26456213	-0.53634214	0.20498535	-0.21088473	0.21783632	-0.17303331	0.22317152	-0.12216602	0.12854432
-0.028268622	0.07294806	-0.05530244	0.040705346	-0.051532883	0.02849868	-0.08968271	0.077078395	-0.05175794	0.05478448	-0.2183099	0.1426793	-0.1868926	0.23710743	-0.13924247	0.16553025	-0.20667349	0.2780157	-0.70439506	0.15628503	-0.16549562	0.17208	-0.2844595	1.0	-0.41336915	0.15393394	-0.14291064	0.17983182	-0.2112389	0.19738348	-0.15630034	0.10676095	-0.15502921	0.103834994	-0.11725674
0.03305079	-0.09547362	0.0730395	-0.06593323	0.084375285	-0.033362564	0.10462097	-0.094244435	0.08634538	-0.0978653	0.21906976	-0.14497821	0.17226431	-0.45307064	0.25836506	-0.15582457	0.16186963	-0.22271432	0.23715569	-0.44094652	0.14937143	-0.1542864	0.20470808	-0.41336915	1.0	-0.16793266	0.14654449	-0.18740173	0.23710646	-0.39424753	0.17320798	-0.11715282	0.17042068	-0.13231266	0.14916284
-0.026040718	0.065061584	-0.048395406	0.031666957	-0.038865	0.026227368	-0.07981763	0.06822391	-0.038442682	0.03972777	-0.2098618	0.12074847	-0.1417039	0.18651976	-0.08754083	0.19543792	-0.19211626	0.17201658	-0.14128663	0.092723936	-0.32323563	0.2409833	-0.29268074	0.15393394	-0.16793266	1.0000002	-0.6271151	0.29171467	-0.1803159	0.16531779	-0.45490617	0.26808062	-0.31681323	0.117504336	-0.12983583
0.021977028	-0.056795236	0.041913155	-0.027710361	0.03392462	-0.02219703	0.06792733	-0.059094973	0.033645675	-0.034966297	0.16785122	-0.103087015	0.11836537	-0.17163904	0.077676535	-0.16769505	0.16256207	-0.15753037	0.12416449	-0.08382389	0.21412387	-0.26895675	0.26456213	-0.14291064	0.14654449	-0.6271151	0.9999999	-0.5147652	0.17458135	-0.16774993	0.2838066	-0.3554813	0.2726318	-0.111147024	0.11439788
-0.025163477	0.064201765	-0.047745	0.032113954	-0.039606873	0.02537271	-0.077762686	0.06707861	-0.039337296	0.04095683	-0.19624007	0.11824899	-0.13913892	0.19349042	-0.09293415	0.17259835	-0.18220739	0.18423763	-0.15690856	0.099908575	-0.21979348	0.24108574	-0.53634214	0.17983182	-0.18740173	0.29171467	-0.5147652	0.9999996	-0.3256157	0.22236496	-0.27573186	0.23009127	-0.3531389	0.14586304	-0.15311863
0.022545591	-0.060614146	0.04528939	-0.033485033	0.041819476	-0.02273916	0.0702609	-0.061734237	0.041982215	-0.044825844	0.16186838	-0.10110211	0.11876901	-0.2194072	0.107214086	-0.12499763	0.12751827	-0.1528289	0.15029703	-0.1237806	0.13326304	-0.14171885	0.20498535	-0.2112389	0.23710646	-0.1803159	0.17458135	-0.3256157	0.9999998	-0.7260849	0.17144266	-0.13254036	0.1892364	-0.3577309	0.25667
-0.023989117	0.06324495	-0.04804934	0.037232284	-0.047564	0.024124049	-0.07451874	0.06456948	-0.047898877	0.050998867	-0.17818105	0.1060991	-0.1275668	0.21912022	-0.13226026	0.12596285	-0.13276856	0.15274763	-0.16157582	0.1453682	-0.13775241	0.1386594	-0.21088473	0.19738348	-0.39424753	0.16531779	-0.16774993	0.22236496	-0.7260849	0.99999976	-0.18498097	0.13039517	-0.19847494	0.2346604	-0.30307624
0.02738011	-0.07260609	0.0533761	-0.03570985	0.043589775	-0.027621573	0.084464185	-0.07411248	0.043259025	-0.04515053	0.1972745	-0.120317526	0.1370587	-0.2335437	0.09879708	-0.16413206	0.15358736	-0.16685645	0.13447401	-0.10633868	0.18330142	-0.18703027	0.21783632	-0.15630034	0.17320798	-0.45490617	0.2838066	-0.27573186	0.17144266	-0.18498097	1.0000002	-0.58746797	0.3222305	-0.13310082	0.1353274
-0.017697193	0.046281226	-0.034158785	0.02288112	-0.028022982	0.017848263	-0.05459378	0.04760062	-0.027813489	0.029000528	-0.13130207	0.07939759	-0.0914321	0.14562869	-0.06414736	0.11203414	-0.10913275	0.113345504	-0.09276573	0.06891899	-0.1338823	0.13970074	-0.17303331	0.10676095	-0.11715282	0.26808062	-0.3554813	0.23009127	-0.13254036	0.13039517	-0.58746797	1.0000001	-0.6493327	0.111389585	-0.11281452
0.025888689	-0.06879631	0.050616376	-0.0341089	0.041703984	-0.026120637	0.07997939	-0.070233375	0.041428328	-0.043322843	0.18611428	-0.11430077	0.1304786	-0.223332	0.095517255	-0.15317538	0.14620616	-0.16175614	0.13142091	-0.10337326	0.16761838	-0.18034759	0.22317152	-0.15502921	0.17042068	-0.31681323	0.2726318	-0.3531389	0.1892364	-0.19847494	0.3222305	-0.6493327	1.0000001	-0.19318978	0.16745508
-0.01437153	0.038213335	-0.028496973	0.02052434	-0.025539365	0.014479672	-0.044550527	0.03894266	-0.025551014	0.027059479	-0.10431591	0.063299134	-0.07421229	0.13239308	-0.06360273	0.077711925	-0.07869849	0.089756824	-0.08498058	0.07017307	-0.084195845	0.086295016	-0.12216602	0.103834994	-0.13231266	0.117504336	-0.111147024	0.14586304	-0.3577309	0.2346604	-0.13310082	0.111389585	-0.19318978	1.0000001	-0.86342525
0.01696233	-0.045805484	0.034033798	-0.024611061	0.030503435	-0.017100427	0.052650247	-0.046353225	0.030540098	-0.032481194	0.1198024	-0.07370097	0.0856101	-0.16530488	0.075213544	-0.08805234	0.08778778	-0.10277728	0.09416268	-0.08462851	0.092327006	-0.095043145	0.12854432	-0.11725674	0.14916284	-0.12983583	0.11439788	-0.15311863	0.25667	-0.30307624	0.1353274	-0.11281452	0.16745508	-0.86342525	1.0000001
