1.0000001	-0.61681086	0.07610658	-0.028460579	0.0373539	-0.6695507	0.33108887	-0.060721293	0.03961535	-0.026989473	0.16628845	-0.20812665	0.06324473	-0.052663255	0.037201524	-0.10889156	0.080091275	-0.058303848	0.04770975	-0.048186183	0.090077266	-0.06340013	0.055536985	-0.04687781	0.034321584	-0.039980922	0.06306575	-0.058301706	0.026715904	-0.015942384	0.047686897	-0.027169865	0.034119435	-0.03154741	0.017648438
-0.61681086	1.0000002	-0.091955654	0.02576922	-0.032930326	0.3205664	-0.70000935	0.06612866	-0.034999356	0.023671167	-0.12308831	0.14487468	-0.058967248	0.04723756	-0.032246426	0.07884789	-0.066639714	0.050238546	-0.041480273	0.04136902	-0.07246008	0.051191635	-0.046316177	0.039828084	-0.029283568	0.032665633	-0.052126046	0.048100382	-0.02236222	0.013527567	-0.039460406	0.02241066	-0.0282845	0.026350735	-0.014980315
0.07610658	-0.091955654	1.0000002	-0.12836808	0.13078177	-0.06669389	0.07348733	-0.83135504	0.14298701	-0.09548829	0.07503165	-0.10572804	0.28065094	-0.22934517	0.117913365	-0.09898385	0.15576108	-0.18958205	0.15790479	-0.16084969	0.10096776	-0.11057617	0.123761475	-0.14679934	0.10473538	-0.06843285	0.11108046	-0.13852641	0.07216661	-0.047320146	0.08226527	-0.05036428	0.06295257	-0.08679889	0.051515233
-0.028460579	0.02576922	-0.12836808	1.0000004	-0.73005044	0.028338348	-0.02621363	0.096820906	-0.55965316	0.24204676	-0.043689042	0.06040079	-0.1388996	0.18499222	-0.22355996	0.060748335	-0.10527717	0.10575531	-0.13199337	0.14950444	-0.06608012	0.07142108	-0.08168461	0.11919539	-0.091943435	0.046722956	-0.07736409	0.08864806	-0.05396118	0.040104028	-0.05813881	0.03486344	-0.044334453	0.0645618	-0.043803252
0.0373539	-0.032930326	0.13078177	-0.73005044	1.0000002	-0.03809799	0.03424215	-0.10733314	0.31905964	-0.3465685	0.060153093	-0.08422549	0.16166182	-0.22618978	0.24150474	-0.08358545	0.13834386	-0.13701907	0.16126157	-0.21241747	0.09039921	-0.09745321	0.10996745	-0.17064324	0.12508462	-0.06476349	0.10648086	-0.12365948	0.07635839	-0.055825837	0.080634154	-0.04850943	0.06163939	-0.09283378	0.06010315
-0.6695507	0.3205664	-0.06669389	0.028338348	-0.03809799	1.0	-0.5821379	0.051051907	-0.040326197	0.027429365	-0.26454177	0.21518275	-0.064066984	0.052373387	-0.038272537	0.12785213	-0.09163434	0.06157364	-0.049594868	0.049020134	-0.11178546	0.07186568	-0.061525926	0.0480214	-0.035500783	0.045360878	-0.072000585	0.06258273	-0.028054746	0.016489318	-0.054413054	0.030481637	-0.038426507	0.032857902	-0.018331686
0.33108887	-0.70000935	0.07348733	-0.02621363	0.03424215	-0.5821379	1.0000004	-0.05842447	0.03636979	-0.02473306	0.16164741	-0.21821201	0.058939174	-0.04857007	0.03404289	-0.10022754	0.0753026	-0.054090485	0.044018112	-0.044029713	0.08618719	-0.059030775	0.05167682	-0.042789117	0.031425063	-0.037292104	0.059078973	-0.05358021	0.02445684	-0.014570333	0.044677157	-0.025297716	0.031841535	-0.028793234	0.016146818
-0.060721293	0.06612866	-0.83135504	0.096820906	-0.10733314	0.051051907	-0.05842447	1.0	-0.12258822	0.07701735	-0.058519196	0.080084756	-0.43666807	0.18520947	-0.096516624	0.0775503	-0.13717271	0.16309063	-0.13574478	0.1232517	-0.08094946	0.08891832	-0.103594206	0.111375816	-0.0820944	0.05393482	-0.0889449	0.10713574	-0.05531154	0.03651142	-0.065114975	0.03953037	-0.049604878	0.06548096	-0.040113162
0.03961535	-0.034999356	0.14298701	-0.55965316	0.31905964	-0.040326197	0.03636979	-0.12258822	0.9999999	-0.4620537	0.063974686	-0.089095175	0.19554634	-0.3713705	0.28021714	-0.089632556	0.15284716	-0.15905392	0.20236638	-0.23846857	0.09688512	-0.105528206	0.12074006	-0.18707831	0.13908087	-0.068806395	0.11347769	-0.13296042	0.082296416	-0.060795352	0.08528096	-0.05140538	0.065223925	-0.09910467	0.06565623
-0.026989473	0.023671167	-0.09548829	0.24204676	-0.3465685	0.027429365	-0.02473306	0.07701735	-0.4620537	0.99999976	-0.04382685	0.060495783	-0.13031712	0.18192673	-0.7424421	0.061362736	-0.10719269	0.10644083	-0.14046834	0.1850846	-0.06712454	0.072659746	-0.08357561	0.12966914	-0.10944171	0.047672406	-0.079083435	0.09053483	-0.057264686	0.045539297	-0.059440363	0.035634175	-0.04536879	0.06817289	-0.049937356
0.16628845	-0.12308831	0.07503165	-0.043689042	0.060153093	-0.26454177	0.16164741	-0.058519196	0.063974686	-0.04382685	0.99999964	-0.7422395	0.09923997	-0.08358707	0.061825417	-0.4875538	0.17803347	-0.111393824	0.08381134	-0.08225954	0.24328062	-0.14945726	0.114791945	-0.081982575	0.060181018	-0.08746426	0.13453816	-0.11632306	0.049555052	-0.028033242	0.10022718	-0.056252822	0.06983868	-0.057902075	0.031155795
-0.20812665	0.14487468	-0.10572804	0.06040079	-0.08422549	0.21518275	-0.21821201	0.080084756	-0.089095175	0.060495783	-0.7422395	0.99999946	-0.14035086	0.11224551	-0.0860794	0.2944529	-0.24787956	0.14548461	-0.11432811	0.10847476	-0.3247021	0.18590836	-0.15692511	0.107486956	-0.08094651	0.12014403	-0.19412586	0.15080003	-0.06546689	0.037566733	-0.14763632	0.08022467	-0.102351084	0.07547563	-0.042096734
0.06324473	-0.058967248	0.28065094	-0.1388996	0.16166182	-0.064066984	0.058939174	-0.43666807	0.19554634	-0.13031712	0.09923997	-0.14035086	0.9999992	-0.48882452	0.16529725	-0.14417568	0.25154307	-0.4442029	0.2770083	-0.24498872	0.14716458	-0.17207864	0.20092961	-0.22014657	0.15805298	-0.10016526	0.16349876	-0.2142714	0.10721059	-0.069778554	0.1188263	-0.07344801	0.09136322	-0.12724513	0.07615048
-0.052663255	0.04723756	-0.22934517	0.18499222	-0.22618978	0.052373387	-0.04857007	0.18520947	-0.3713705	0.18192673	-0.08358707	0.11224551	-0.48882452	0.99999934	-0.23834983	0.11952347	-0.2407653	0.27052566	-0.56341076	0.26255494	-0.13133332	0.14586145	-0.17752478	0.21931133	-0.18261562	0.08940328	-0.15080999	0.17139006	-0.10058631	0.0743505	-0.11016958	0.06592828	-0.08372814	0.11406171	-0.083732605
0.037201524	-0.032246426	0.117913365	-0.22355996	0.24150474	-0.038272537	0.03404289	-0.096516624	0.28021714	-0.7424421	0.061825417	-0.0860794	0.16529725	-0.23834983	0.9999994	-0.08659886	0.14663121	-0.14610603	0.18486376	-0.31854287	0.09421595	-0.10213226	0.116760425	-0.19506226	0.15762484	-0.06745317	0.11134398	-0.12970707	0.08380399	-0.06659387	0.083988816	-0.05055573	0.06427882	-0.10098137	0.07145058
-0.10889156	0.07884789	-0.09898385	0.060748335	-0.08358545	0.12785213	-0.10022754	0.0775503	-0.089632556	0.061362736	-0.4875538	0.2944529	-0.14417568	0.11952347	-0.08659886	0.9999995	-0.34203213	0.17317149	-0.12474396	0.11754878	-0.64263153	0.25270295	-0.18817498	0.117726445	-0.08681437	0.14156742	-0.22235376	0.17514473	-0.072634466	0.040171918	-0.16110384	0.08726159	-0.108217284	0.08383822	-0.044737536
0.080091275	-0.066639714	0.15576108	-0.10527717	0.13834386	-0.09163434	0.0753026	-0.13717271	0.15284716	-0.10719269	0.17803347	-0.24787956	0.25154307	-0.2407653	0.14663121	-0.34203213	0.99999946	-0.54264605	0.24294159	-0.23778617	0.26655537	-0.40371075	0.27890575	-0.22795229	0.15890422	-0.15447234	0.24622865	-0.29267532	0.12490538	-0.07222637	0.166641	-0.10400525	0.12447218	-0.14847767	0.078768015
-0.058303848	0.050238546	-0.18958205	0.10575531	-0.13701907	0.06157364	-0.054090485	0.16309063	-0.15905392	0.10644083	-0.111393824	0.14548461	-0.4442029	0.27052566	-0.14610603	0.17317149	-0.54264605	0.9999996	-0.43231192	0.22524594	-0.18689267	0.23098554	-0.380359	0.2063064	-0.15876243	0.11670472	-0.20196779	0.24693896	-0.11040649	0.06727729	-0.13743977	0.08371373	-0.10465602	0.123772144	-0.07506752
0.04770975	-0.041480273	0.15790479	-0.13199337	0.16126157	-0.049594868	0.044018112	-0.13574478	0.20236638	-0.14046834	0.08381134	-0.11432811	0.2770083	-0.56341076	0.18486376	-0.12474396	0.24294159	-0.43231192	0.9999995	-0.46782047	0.13284662	-0.15642378	0.19340433	-0.34138247	0.23529196	-0.090743594	0.15159218	-0.19200486	0.121320225	-0.090739965	0.10936818	-0.06695733	0.08415307	-0.13758712	0.09895165
-0.048186183	0.04136902	-0.16084969	0.14950444	-0.21241747	0.049020134	-0.044029713	0.1232517	-0.23846857	0.1850846	-0.08225954	0.10847476	-0.24498872	0.26255494	-0.31854287	0.11754878	-0.23778617	0.22524594	-0.46782047	0.9999995	-0.13441904	0.14607535	-0.17874216	0.3104147	-0.5520623	0.09416159	-0.16081464	0.17335379	-0.12900566	0.1479132	-0.11898031	0.070313625	-0.090486355	0.14078361	-0.17079464
0.090077266	-0.07246008	0.10096776	-0.06608012	0.09039921	-0.11178546	0.08618719	-0.08094946	0.09688512	-0.06712454	0.24328062	-0.3247021	0.14716458	-0.13133332	0.09421595	-0.64263153	0.26655537	-0.18689267	0.13284662	-0.13441904	0.9999996	-0.48625007	0.2176531	-0.13827966	0.09819409	-0.19543916	0.2476121	-0.2267319	0.0872875	-0.046095904	0.17422104	-0.100190125	0.116127655	-0.10264424	0.050822295
-0.06340013	0.051191635	-0.11057617	0.07142108	-0.09745321	0.07186568	-0.059030775	0.08891832	-0.105528206	0.072659746	-0.14945726	0.18590836	-0.17207864	0.14586145	-0.10213226	0.25270295	-0.40371075	0.23098554	-0.15642378	0.14607535	-0.48625007	0.9999997	-0.44751754	0.1532954	-0.11097893	0.2042169	-0.48980802	0.2847669	-0.10335308	0.05141098	-0.21342821	0.12377272	-0.14739972	0.116488874	-0.057146903
0.055536985	-0.046316177	0.123761475	-0.08168461	0.10996745	-0.061525926	0.05167682	-0.103594206	0.12074006	-0.08357561	0.114791945	-0.15692511	0.20092961	-0.17752478	0.116760425	-0.18817498	0.27890575	-0.380359	0.19340433	-0.17874216	0.2176531	-0.44751754	0.9999995	-0.21297581	0.14198442	-0.15123023	0.26093134	-0.6575086	0.15501554	-0.065784216	0.16401541	-0.11238465	0.13506807	-0.17177767	0.07279711
-0.04687781	0.039828084	-0.14679934	0.11919539	-0.17064324	0.0480214	-0.042789117	0.111375816	-0.18707831	0.12966914	-0.081982575	0.107486956	-0.22014657	0.21931133	-0.19506226	0.117726445	-0.22795229	0.2063064	-0.34138247	0.3104147	-0.13827966	0.1532954	-0.21297581	0.9999993	-0.65162235	0.09940441	-0.17175058	0.1986775	-0.28375876	0.1777339	-0.12600805	0.07560411	-0.097823046	0.22123864	-0.21278958
0.034321584	-0.029283568	0.10473538	-0.091943435	0.12508462	-0.035500783	0.031425063	-0.0820944	0.13908087	-0.10944171	0.060181018	-0.08094651	0.15805298	-0.18261562	0.15762484	-0.08681437	0.15890422	-0.15876243	0.23529196	-0.5520623	0.09819409	-0.11097893	0.14198442	-0.65162235	0.9999991	-0.07080506	0.11978079	-0.15169267	0.16314773	-0.2791062	0.08797572	-0.053991914	0.06881906	-0.18585481	0.2137714
-0.039980922	0.032665633	-0.06843285	0.046722956	-0.06476349	0.045360878	-0.037292104	0.05393482	-0.068806395	0.047672406	-0.08746426	0.12014403	-0.10016526	0.08940328	-0.06745317	0.14156742	-0.15447234	0.11670472	-0.090743594	0.09416159	-0.19543916	0.2042169	-0.15123023	0.09940441	-0.07080506	0.999999	-0.50126845	0.18944055	-0.07029902	0.03405761	-0.7480234	0.2039465	-0.22258873	0.08249343	-0.03759117
0.06306575	-0.052126046	0.11108046	-0.07736409	0.10648086	-0.072000585	0.059078973	-0.0889449	0.11347769	-0.079083435	0.13453816	-0.19412586	0.16349876	-0.15080999	0.11134398	-0.22235376	0.24622865	-0.20196779	0.15159218	-0.16081464	0.2476121	-0.48980802	0.26093134	-0.17175058	0.11978079	-0.50126845	0.99999875	-0.38214713	0.12304627	-0.05789431	0.2905305	-0.2109739	0.19402492	-0.14631625	0.063478544
-0.058301706	0.048100382	-0.13852641	0.08864806	-0.12365948	0.06258273	-0.05358021	0.10713574	-0.13296042	0.09053483	-0.11632306	0.15080003	-0.2142714	0.17139006	-0.12970707	0.17514473	-0.29267532	0.24693896	-0.19200486	0.17335379	-0.2267319	0.2847669	-0.6575086	0.1986775	-0.15169267	0.18944055	-0.38214713	0.9999988	-0.2503357	0.073435076	-0.2347922	0.15606569	-0.21599524	0.2023324	-0.083583534
0.026715904	-0.02236222	0.07216661	-0.05396118	0.07635839	-0.028054746	0.02445684	-0.05531154	0.082296416	-0.057264686	0.049555052	-0.06546689	0.10721059	-0.10058631	0.08380399	-0.072634466	0.12490538	-0.11040649	0.121320225	-0.12900566	0.0872875	-0.10335308	0.15501554	-0.28375876	0.16314773	-0.07029902	0.12304627	-0.2503357	0.9999986	-0.10571109	0.08735893	-0.059076075	0.07610647	-0.8839321	0.111631684
-0.015942384	0.013527567	-0.047320146	0.040104028	-0.055825837	0.016489318	-0.014570333	0.03651142	-0.060795352	0.045539297	-0.028033242	0.037566733	-0.069778554	0.0743505	-0.06659387	0.040171918	-0.07222637	0.06727729	-0.090739965	0.1479132	-0.046095904	0.05141098	-0.065784216	0.1777339	-0.2791062	0.03405761	-0.05789431	0.073435076	-0.10571109	0.9999985	-0.042737298	0.026339358	-0.033779897	0.111469984	-0.92557436
0.047686897	-0.039460406	0.08226527	-0.05813881	0.080634154	-0.054413054	0.044677157	-0.065114975	0.08528096	-0.059440363	0.10022718	-0.14763632	0.1188263	-0.11016958	0.083988816	-0.16110384	0.166641	-0.13743977	0.10936818	-0.11898031	0.17422104	-0.21342821	0.16401541	-0.12600805	0.08797572	-0.7480234	0.2905305	-0.2347922	0.08735893	-0.042737298	0.99999845	-0.34483624	0.23880552	-0.10591802	0.046812166
-0.027169865	0.02241066	-0.05036428	0.03486344	-0.04850943	0.030481637	-0.025297716	0.03953037	-0.05140538	0.035634175	-0.056252822	0.08022467	-0.07344801	0.06592828	-0.05055573	0.08726159	-0.10400525	0.08371373	-0.06695733	0.070313625	-0.100190125	0.12377272	-0.11238465	0.07560411	-0.053991914	0.2039465	-0.2109739	0.15606569	-0.059076075	0.026339358	-0.34483624	0.99999857	-0.87321246	0.068596296	-0.029157132
0.034119435	-0.0282845	0.06295257	-0.044334453	0.06163939	-0.038426507	0.031841535	-0.049604878	0.065223925	-0.04536879	0.06983868	-0.102351084	0.09136322	-0.08372814	0.06427882	-0.108217284	0.12447218	-0.10465602	0.08415307	-0.090486355	0.116127655	-0.14739972	0.13506807	-0.097823046	0.06881906	-0.22258873	0.19402492	-0.21599524	0.07610647	-0.033779897	0.23880552	-0.87321246	0.9999984	-0.091253154	0.037183974
-0.03154741	0.026350735	-0.08679889	0.0645618	-0.09283378	0.032857902	-0.028793234	0.06548096	-0.09910467	0.06817289	-0.057902075	0.07547563	-0.12724513	0.11406171	-0.10098137	0.08383822	-0.14847767	0.123772144	-0.13758712	0.14078361	-0.10264424	0.116488874	-0.17177767	0.22123864	-0.18585481	0.08249343	-0.14631625	0.2023324	-0.8839321	0.111469984	-0.10591802	0.068596296	-0.091253154	0.99999845	-0.13714927
0.017648438	-0.014980315	0.051515233	-0.043803252	0.06010315	-0.018331686	0.016146818	-0.040113162	0.06565623	-0.049937356	0.031155795	-0.042096734	0.07615048	-0.083732605	0.07145058	-0.044737536	0.078768015	-0.07506752	0.09895165	-0.17079464	0.050822295	-0.057146903	0.07279711	-0.21278958	0.2137714	-0.03759117	0.063478544	-0.083583534	0.111631684	-0.92557436	0.046812166	-0.029157132	0.037183974	-0.13714927	0.99999845
