1.0000002	-0.9583095	0.04801438	-0.044820774	0.049639445	-0.21187495	0.16766785	-0.06827015	0.046272952	-0.040550563	0.062353108	-0.052662827	0.042863842	-0.051690515	0.03827665	-0.040840752	0.044726044	-0.040170673	0.034271013	-0.032377068	0.03571581	-0.035978254	0.03797875	-0.029007876	0.027270544	-0.03586508	0.035846554	-0.030176762	0.027197257	-0.027762238	0.03270794	-0.021621987	0.026561089	-0.014863318	0.01780898
-0.9583095	1.0000004	-0.05284014	0.04671567	-0.054015007	0.17406455	-0.2006069	0.07160621	-0.04986963	0.042992998	-0.065106325	0.054542176	-0.045487657	0.053901296	-0.041071434	0.04169641	-0.047404002	0.042030286	-0.03646752	0.034230605	-0.037605006	0.037639126	-0.040414352	0.030637959	-0.029005382	0.037304163	-0.038104497	0.03185188	-0.028928958	0.029315135	-0.034828547	0.022950351	-0.028278235	0.01579838	-0.018974045
0.04801438	-0.05284014	1.0000002	-0.8797029	0.2194825	-0.08844427	0.08994907	-0.3158957	0.1783248	-0.18266258	0.09175125	-0.10189576	0.111448176	-0.16948564	0.12188649	-0.06562988	0.08912087	-0.10136578	0.090989456	-0.10113583	0.06920757	-0.074177645	0.08947618	-0.07720215	0.07500864	-0.07242433	0.08074788	-0.073439546	0.0698318	-0.07382225	0.07680114	-0.05030634	0.063383974	-0.03614375	0.043489877
-0.044820774	0.04671567	-0.8797029	1.0000001	-0.30987653	0.07897811	-0.0837068	0.22429323	-0.18528989	0.17982739	-0.095205165	0.09907447	-0.10992644	0.15876795	-0.13020153	0.06700971	-0.091874726	0.09905867	-0.09414795	0.10220126	-0.07224987	0.07648936	-0.09421506	0.07861574	-0.07809071	0.07482075	-0.08552872	0.076089896	-0.073273174	0.07574869	-0.081625	0.053118303	-0.06718982	0.038120877	-0.046109866
0.049639445	-0.054015007	0.2194825	-0.30987653	1.0000001	-0.12884714	0.123194784	-0.34518227	0.2836895	-0.689976	0.15118054	-0.17658696	0.18053848	-0.32877743	0.25884038	-0.11284406	0.15206748	-0.18250047	0.16432165	-0.2388401	0.120700866	-0.13324375	0.16083078	-0.15097053	0.14875443	-0.13208516	0.1442079	-0.14132029	0.1322832	-0.15123601	0.1395674	-0.09202182	0.11603098	-0.06737057	0.08029068
-0.21187495	0.17406455	-0.08844427	0.07897811	-0.12884714	1.0000002	-0.87744224	0.18465322	-0.13126358	0.101721086	-0.22594373	0.15070984	-0.12146263	0.13231552	-0.10109643	0.123580605	-0.13013864	0.108181514	-0.092678495	0.083604895	-0.10243268	0.09953556	-0.10293239	0.07683292	-0.07227487	0.09773234	-0.09690641	0.08008079	-0.072264776	0.072805814	-0.086939104	0.057708383	-0.07059443	0.03934562	-0.047113225
0.16766785	-0.2006069	0.08994907	-0.0837068	0.123194784	-0.87744224	1.0	-0.24976365	0.13518964	-0.105119206	0.17322981	-0.16792819	0.12390275	-0.14232285	0.09832135	-0.11731473	0.12303298	-0.110792294	0.09088513	-0.08308002	0.094941854	-0.09654333	0.09836601	-0.07602787	0.07048067	-0.09529446	0.091917455	-0.07800222	0.06988143	-0.071565606	0.08271319	-0.055202134	0.067391954	-0.03778463	0.04507
-0.06827015	0.07160621	-0.3158957	0.22429323	-0.34518227	0.18465322	-0.24976365	0.99999994	-0.6129219	0.26941794	-0.19684243	0.20372239	-0.28793803	0.30641901	-0.23491913	0.13374107	-0.18695638	0.2002345	-0.18826567	0.1723634	-0.14083134	0.1466592	-0.17976254	0.1464241	-0.14391321	0.14046949	-0.16075438	0.13957712	-0.13600823	0.13569835	-0.15047558	0.098326005	-0.124063395	0.06999452	-0.08476679
0.046272952	-0.04986963	0.1783248	-0.18528989	0.2836895	-0.13126358	0.13518964	-0.6129219	0.9999998	-0.44138935	0.14220208	-0.16366865	0.2006678	-0.52404106	0.21240425	-0.100941986	0.14084724	-0.16655573	0.15434468	-0.15695547	0.105954	-0.113402605	0.13848546	-0.12339364	0.118812494	-0.10841669	0.122061685	-0.111116216	0.108127065	-0.11243608	0.11463009	-0.07549341	0.095258765	-0.05437242	0.06543873
-0.040550563	0.042992998	-0.18266258	0.17982739	-0.689976	0.101721086	-0.105119206	0.26941794	-0.44138935	1.0	-0.13762961	0.14685525	-0.16240898	0.27241796	-0.38692173	0.099094965	-0.1369074	0.1531402	-0.1532097	0.2136051	-0.10846612	0.116874166	-0.14730953	0.1326308	-0.1403789	0.11427108	-0.13083865	0.122730665	-0.12104726	0.1305374	-0.12568669	0.082353204	-0.104753494	0.060296018	-0.072655834
0.062353108	-0.065106325	0.09175125	-0.095205165	0.15118054	-0.22594373	0.17322981	-0.19684243	0.14220208	-0.13762961	0.99999994	-0.41106114	0.21788488	-0.22905834	0.15142225	-0.64611083	0.30548853	-0.23433961	0.16644268	-0.14937732	0.2750485	-0.26611802	0.20693915	-0.15003094	0.13022988	-0.27761585	0.20506682	-0.16953832	0.13646674	-0.14395474	0.17401254	-0.120495364	0.13960662	-0.077850595	0.090669066
-0.052662827	0.054542176	-0.10189576	0.09907447	-0.17658696	0.15070984	-0.16792819	0.20372239	-0.16366865	0.14685525	-0.41106114	1.0	-0.55127907	0.24278475	-0.17507116	0.25235018	-0.5093517	0.28880942	-0.21504383	0.15573122	-0.22437797	0.233958	-0.23097432	0.16479184	-0.14619298	0.1968108	-0.20512968	0.16571371	-0.14735764	0.14594194	-0.1735737	0.11768691	-0.14265582	0.078838274	-0.09379271
0.042863842	-0.045487657	0.111448176	-0.10992644	0.18053848	-0.12146263	0.12390275	-0.28793803	0.2006678	-0.16240898	0.21788488	-0.55127907	0.9999999	-0.38260627	0.17875393	-0.16438945	0.25988263	-0.5693856	0.23933876	-0.16253738	0.15434912	-0.17545186	0.19152232	-0.1819417	0.14654817	-0.1518628	0.15884568	-0.1471982	0.13676003	-0.14161232	0.14120553	-0.095952496	0.11842739	-0.06757735	0.080036156
-0.051690515	0.053901296	-0.16948564	0.15876795	-0.32877743	0.13231552	-0.14232285	0.30641901	-0.52404106	0.27241796	-0.22905834	0.24278475	-0.38260627	0.9999997	-0.34104797	0.1587664	-0.23342882	0.25838804	-0.29353383	0.2262498	-0.17322108	0.1824153	-0.2329244	0.2013842	-0.19666314	0.17256555	-0.20252798	0.17885122	-0.18023309	0.1771857	-0.18927678	0.124066584	-0.15750499	0.089317024	-0.10827612
0.03827665	-0.041071434	0.12188649	-0.13020153	0.25884038	-0.10109643	0.09832135	-0.23491913	0.21240425	-0.38692173	0.15142225	-0.17507116	0.17875393	-0.34104797	0.9999998	-0.11530684	0.15859964	-0.20203659	0.20590566	-0.6789003	0.12761883	-0.14484037	0.18703797	-0.21581164	0.24548854	-0.14072628	0.15676773	-0.17509253	0.17551431	-0.22850452	0.15047088	-0.10200098	0.1301596	-0.078588165	0.092404954
-0.040840752	0.04169641	-0.06562988	0.06700971	-0.11284406	0.123580605	-0.11731473	0.13374107	-0.100941986	0.099094965	-0.64611083	0.25235018	-0.16438945	0.1587664	-0.11530684	0.99999946	-0.45624113	0.17854261	-0.13288422	0.111910395	-0.47958282	0.25823697	-0.18893237	0.11732081	-0.10252903	0.23766471	-0.1906437	0.13904369	-0.11084639	0.11260456	-0.15079494	0.10392222	-0.11890519	0.06444024	-0.07517168
0.044726044	-0.047404002	0.08912087	-0.091874726	0.15206748	-0.13013864	0.12303298	-0.18695638	0.14084724	-0.1369074	0.30548853	-0.5093517	0.25988263	-0.23342882	0.15859964	-0.45624113	0.99999964	-0.34562647	0.19790371	-0.15766414	0.27533373	-0.44057742	0.24653447	-0.17347611	0.14344472	-0.2490292	0.22049887	-0.18634814	0.14909582	-0.15535815	0.17734714	-0.12603994	0.14628413	-0.08150026	0.09465659
-0.040170673	0.042030286	-0.10136578	0.09905867	-0.18250047	0.108181514	-0.110792294	0.2002345	-0.16655573	0.1531402	-0.23433961	0.28880942	-0.5693856	0.25838804	-0.20203659	0.17854261	-0.34562647	0.99999946	-0.50411373	0.18619604	-0.17976157	0.20368437	-0.2627723	0.24473836	-0.19918501	0.17107353	-0.18803652	0.18060274	-0.1786478	0.17478801	-0.16561861	0.11331472	-0.14155415	0.08124233	-0.09630776
0.034271013	-0.03646752	0.090989456	-0.09414795	0.16432165	-0.092678495	0.09088513	-0.18826567	0.15434468	-0.1532097	0.16644268	-0.21504383	0.23933876	-0.29353383	0.20590566	-0.13288422	0.19790371	-0.50411373	0.99999964	-0.25814936	0.14125164	-0.17197251	0.22580384	-0.6196037	0.25862467	-0.14982598	0.16208413	-0.1955167	0.19905812	-0.23137102	0.14792925	-0.10385975	0.13135819	-0.08008432	0.09241123
-0.032377068	0.034230605	-0.10113583	0.10220126	-0.2388401	0.083604895	-0.08308002	0.1723634	-0.15695547	0.2136051	-0.14937732	0.15573122	-0.16253738	0.2262498	-0.6789003	0.111910395	-0.15766414	0.18619604	-0.25814936	0.99999934	-0.12909275	0.14483306	-0.20673926	0.23978756	-0.46534815	0.13831925	-0.1642708	0.17775898	-0.21279497	0.23902974	-0.15682359	0.10608904	-0.13870084	0.08394743	-0.100811124
0.03571581	-0.037605006	0.06920757	-0.07224987	0.120700866	-0.10243268	0.094941854	-0.14083134	0.105954	-0.10846612	0.2750485	-0.22437797	0.15434912	-0.17322108	0.12761883	-0.47958282	0.27533373	-0.17976157	0.14125164	-0.12909275	0.99999994	-0.50448877	0.23889647	-0.1356519	0.118247844	-0.54244626	0.2639822	-0.18393813	0.13465184	-0.13846144	0.19981447	-0.14190073	0.15356062	-0.082561605	0.094670914
-0.035978254	0.037639126	-0.074177645	0.07648936	-0.13324375	0.09953556	-0.09654333	0.1466592	-0.113402605	0.116874166	-0.26611802	0.233958	-0.17545186	0.1824153	-0.14484037	0.25823697	-0.44057742	0.20368437	-0.17197251	0.14483306	-0.50448877	0.9999998	-0.49302885	0.16540398	-0.14185809	0.28903994	-0.36647654	0.22915608	-0.16759007	0.16116619	-0.21689491	0.16370614	-0.18363123	0.095967874	-0.11074469
0.03797875	-0.040414352	0.08947618	-0.09421506	0.16083078	-0.10293239	0.09836601	-0.17976254	0.13848546	-0.14730953	0.20693915	-0.23097432	0.19152232	-0.2329244	0.18703797	-0.18893237	0.24653447	-0.2627723	0.22580384	-0.20673926	0.23889647	-0.49302885	0.9999996	-0.29355544	0.20905887	-0.2653564	0.2623737	-0.51792926	0.25966117	-0.26705027	0.22120573	-0.17303999	0.21123978	-0.12053471	0.13360702
-0.029007876	0.030637959	-0.07720215	0.07861574	-0.15097053	0.07683292	-0.07602787	0.1464241	-0.12339364	0.1326308	-0.15003094	0.16479184	-0.1819417	0.2013842	-0.21581164	0.11732081	-0.17347611	0.24473836	-0.6196037	0.23978756	-0.1356519	0.16540398	-0.29355544	0.99999934	-0.51714486	0.14222808	-0.16365875	0.21138555	-0.28697276	0.2647352	-0.1487901	0.10578085	-0.13771786	0.085949086	-0.09974817
0.027270544	-0.029005382	0.07500864	-0.07809071	0.14875443	-0.07227487	0.07048067	-0.14391321	0.118812494	-0.1403789	0.13022988	-0.14619298	0.14654817	-0.19666314	0.24548854	-0.10252903	0.14344472	-0.19918501	0.25862467	-0.46534815	0.118247844	-0.14185809	0.20905887	-0.51714486	0.9999994	-0.13042451	0.14929013	-0.21192151	0.2605228	-0.5393253	0.13946423	-0.10005621	0.13074622	-0.08580981	0.09822742
-0.03586508	0.037304163	-0.07242433	0.07482075	-0.13208516	0.09773234	-0.09529446	0.14046949	-0.10841669	0.11427108	-0.27761585	0.1968108	-0.1518628	0.17256555	-0.14072628	0.23766471	-0.2490292	0.17107353	-0.14982598	0.13831925	-0.54244626	0.28903994	-0.2653564	0.14222808	-0.13042451	0.9999992	-0.5377986	0.20709193	-0.15744498	0.15201098	-0.37398306	0.2285491	-0.23651493	0.115878806	-0.13443582
0.035846554	-0.038104497	0.08074788	-0.08552872	0.1442079	-0.09690641	0.091917455	-0.16075438	0.122061685	-0.13083865	0.20506682	-0.20512968	0.15884568	-0.20252798	0.15676773	-0.1906437	0.22049887	-0.18803652	0.16208413	-0.1642708	0.2639822	-0.36647654	0.2623737	-0.16365875	0.14929013	-0.5377986	0.9999992	-0.2853599	0.18533401	-0.1898725	0.31095415	-0.42214876	0.27413827	-0.14431839	0.15225278
-0.030176762	0.03185188	-0.073439546	0.076089896	-0.14132029	0.08008079	-0.07800222	0.13957712	-0.111116216	0.122730665	-0.16953832	0.16571371	-0.1471982	0.17885122	-0.17509253	0.13904369	-0.18634814	0.18060274	-0.1955167	0.17775898	-0.18393813	0.22915608	-0.51792926	0.21138555	-0.21192151	0.20709193	-0.2853599	0.9999995	-0.5615252	0.27060643	-0.2425167	0.2008452	-0.33396146	0.15322475	-0.17172791
0.027197257	-0.028928958	0.0698318	-0.073273174	0.1322832	-0.072264776	0.06988143	-0.13600823	0.108127065	-0.12104726	0.13646674	-0.14735764	0.13676003	-0.18023309	0.17551431	-0.11084639	0.14909582	-0.1786478	0.19905812	-0.21279497	0.13465184	-0.16759007	0.25966117	-0.28697276	0.2605228	-0.15744498	0.18533401	-0.5615252	0.99999964	-0.61132926	0.17162094	-0.13884449	0.18885294	-0.15499781	0.14877471
-0.027762238	0.029315135	-0.07382225	0.07574869	-0.15123601	0.072805814	-0.071565606	0.13569835	-0.11243608	0.1305374	-0.14395474	0.14594194	-0.14161232	0.1771857	-0.22850452	0.11260456	-0.15535815	0.17478801	-0.23137102	0.23902974	-0.13846144	0.16116619	-0.26705027	0.2647352	-0.5393253	0.15201098	-0.1898725	0.27060643	-0.61132926	0.9999992	-0.17745914	0.12894757	-0.17826922	0.124399506	-0.14854895
0.03270794	-0.034828547	0.07680114	-0.081625	0.1395674	-0.086939104	0.08271319	-0.15047558	0.11463009	-0.12568669	0.17401254	-0.1735737	0.14120553	-0.18927678	0.15047088	-0.15079494	0.17734714	-0.16561861	0.14792925	-0.15682359	0.19981447	-0.21689491	0.22120573	-0.1487901	0.13946423	-0.37398306	0.31095415	-0.2425167	0.17162094	-0.17745914	0.9999989	-0.53352654	0.3008651	-0.16625124	0.16811542
-0.021621987	0.022950351	-0.05030634	0.053118303	-0.09202182	0.057708383	-0.055202134	0.098326005	-0.07549341	0.082353204	-0.120495364	0.11768691	-0.095952496	0.124066584	-0.10200098	0.10392222	-0.12603994	0.11331472	-0.10385975	0.10608904	-0.14190073	0.16370614	-0.17303999	0.10578085	-0.10005621	0.2285491	-0.42214876	0.2008452	-0.13884449	0.12894757	-0.53352654	0.9999991	-0.63764286	0.16938719	-0.179316
0.026561089	-0.028278235	0.063383974	-0.06718982	0.11603098	-0.07059443	0.067391954	-0.124063395	0.095258765	-0.104753494	0.13960662	-0.14265582	0.11842739	-0.15750499	0.1301596	-0.11890519	0.14628413	-0.14155415	0.13135819	-0.13870084	0.15356062	-0.18363123	0.21123978	-0.13771786	0.13074622	-0.23651493	0.27413827	-0.33396146	0.18885294	-0.17826922	0.3008651	-0.63764286	0.99999917	-0.33366284	0.23680063
-0.014863318	0.01579838	-0.03614375	0.038120877	-0.06737057	0.03934562	-0.03778463	0.06999452	-0.05437242	0.060296018	-0.077850595	0.078838274	-0.06757735	0.089317024	-0.078588165	0.06444024	-0.08150026	0.08124233	-0.08008432	0.08394743	-0.082561605	0.095967874	-0.12053471	0.085949086	-0.08580981	0.115878806	-0.14431839	0.15322475	-0.15499781	0.124399506	-0.16625124	0.16938719	-0.33366284	0.99999905	-0.88036793
0.01780898	-0.018974045	0.043489877	-0.046109866	0.08029068	-0.047113225	0.04507	-0.08476679	0.06543873	-0.072655834	0.090669066	-0.09379271	0.080036156	-0.10827612	0.092404954	-0.07517168	0.09465659	-0.09630776	0.09241123	-0.100811124	0.094670914	-0.11074469	0.13360702	-0.09974817	0.09822742	-0.13443582	0.15225278	-0.17172791	0.14877471	-0.14854895	0.16811542	-0.179316	0.23680063	-0.88036793	0.99999905
