1.0	-0.41797262	0.274874	-0.10431394	0.089774355	-0.38095906	0.22893272	-0.20032084	0.10379057	-0.10531655	0.252002	-0.18683195	0.16988845	-0.109079115	0.092310265	-0.13543406	0.13905126	-0.11135529	0.080616795	-0.07915414	0.10694872	-0.12732439	0.08856976	-0.07248997	0.07368728	-0.15463302	0.1400785	-0.08690003	0.08458873	-0.06077128	0.12150125	-0.13799173	0.07837943	-0.064525686	0.077314675
-0.41797262	0.99999976	-0.82800996	0.11450791	-0.10687037	0.14537622	-0.19935973	0.15401472	-0.082549706	0.07859636	-0.1342541	0.10785906	-0.10991282	0.06411351	-0.055155326	0.068986125	-0.07458935	0.057914495	-0.046102673	0.04398279	-0.05461442	0.0656275	-0.046238136	0.03983914	-0.041086167	0.07092938	-0.06837768	0.04383798	-0.043274917	0.03216093	-0.05636217	0.06584839	-0.039533816	0.032603435	-0.041213263
0.274874	-0.82800996	0.9999997	-0.16745263	0.126062	-0.1462604	0.1829399	-0.18885556	0.098365165	-0.098378025	0.13428378	-0.12296404	0.122473225	-0.07928544	0.06739662	-0.08086921	0.08671136	-0.07047331	0.05646438	-0.054572318	0.06435151	-0.078183666	0.055969257	-0.049276218	0.05061402	-0.089877576	0.08416601	-0.054051746	0.05331032	-0.039923117	0.07108163	-0.082302935	0.0486923	-0.04035182	0.050991334
-0.10431394	0.11450791	-0.16745263	0.99999976	-0.8982883	0.05875395	-0.089390054	0.08574432	-0.26524705	0.22908849	-0.06274879	0.059274808	-0.06660719	0.101660684	-0.096654	0.039676785	-0.045509223	0.04562011	-0.06785307	0.06219364	-0.03270522	0.039869748	-0.03726814	0.052430872	-0.058150332	0.04214907	-0.044952027	0.035576083	-0.03947804	0.038167227	-0.03513329	0.042590708	-0.032483045	0.028659433	-0.050456762
0.089774355	-0.10687037	0.126062	-0.8982883	0.99999994	-0.05210544	0.07696138	-0.07658637	0.21455783	-0.3172384	0.05495763	-0.053104855	0.05833528	-0.09237036	0.08303413	-0.03573457	0.040590536	-0.040722962	0.058519583	-0.055499353	0.029351396	-0.0359013	0.032975018	-0.04630385	0.05000009	-0.038722172	0.040421743	-0.03169496	0.034728445	-0.033236038	0.03198411	-0.038699053	0.028774513	-0.025381839	0.04331106
-0.38095906	0.14537622	-0.1462604	0.05875395	-0.05210544	0.99999976	-0.3687101	0.21479104	-0.07536023	0.07287682	-0.7574906	0.21810576	-0.2039839	0.07454554	-0.06199134	0.13443202	-0.13971627	0.08571558	-0.05571596	0.05148668	-0.103040494	0.111667305	-0.06899924	0.048395805	-0.04871934	0.09569271	-0.09964302	0.061136693	-0.058569327	0.03939344	-0.0763469	0.0912305	-0.054903146	0.043904465	-0.0501781
0.22893272	-0.19935973	0.1829399	-0.089390054	0.07696138	-0.3687101	1.0000002	-0.7024617	0.1335892	-0.13226108	0.25506893	-0.31836152	0.28108084	-0.110978	0.088129975	-0.15095407	0.16385429	-0.11439747	0.07779694	-0.071978055	0.11144557	-0.14341831	0.08846288	-0.06693497	0.066753104	-0.11997941	0.12227602	-0.07948481	0.075312674	-0.05255021	0.093326256	-0.11766912	0.070242934	-0.056906447	0.06644897
-0.20032084	0.15401472	-0.18885556	0.08574432	-0.07658637	0.21479104	-0.7024617	1.0000001	-0.17231898	0.13477191	-0.2355918	0.26661903	-0.50197786	0.10914746	-0.0875993	0.12303121	-0.15121163	0.102986954	-0.075755276	0.0672611	-0.0955283	0.11834937	-0.08201719	0.06239863	-0.06328367	0.09550078	-0.10471678	0.069534145	-0.06783866	0.048003368	-0.07685832	0.09570705	-0.06231156	0.050139684	-0.06139814
0.10379057	-0.082549706	0.098365165	-0.26524705	0.21455783	-0.07536023	0.1335892	-0.17231898	1.0000005	-0.8365917	0.08250072	-0.091007344	0.1086236	-0.29075557	0.17977118	-0.056884967	0.06679219	-0.07375879	0.13273022	-0.11918879	0.046662536	-0.058094688	0.059174392	-0.10128269	0.102919325	-0.057364136	0.06372363	-0.055931803	0.063081466	-0.064589135	0.048134502	-0.060698394	0.050355803	-0.045655098	0.08262006
-0.10531655	0.07859636	-0.098378025	0.22908849	-0.3172384	0.07287682	-0.13226108	0.13477191	-0.8365917	1.0000005	-0.081765376	0.08413338	-0.10300654	0.20615233	-0.20814472	0.05460023	-0.0649076	0.07161959	-0.13277255	0.11943995	-0.045415584	0.05595035	-0.058927834	0.09712765	-0.108830124	0.05544761	-0.06313058	0.0554938	-0.064183265	0.06694201	-0.047287613	0.059228204	-0.050745014	0.04591669	-0.088584244
0.252002	-0.1342541	0.13428378	-0.06274879	0.05495763	-0.7574906	0.25506893	-0.2355918	0.08250072	-0.081765376	1.0000006	-0.3455451	0.21876745	-0.08656853	0.07106841	-0.19810991	0.17586567	-0.1055292	0.064944826	-0.06028361	0.13096267	-0.1473204	0.08334972	-0.057004474	0.056805663	-0.12016464	0.12134058	-0.07444374	0.07000594	-0.046509758	0.09362308	-0.113562636	0.06617959	-0.052951172	0.05889553
-0.18683195	0.10785906	-0.12296404	0.059274808	-0.053104855	0.21810576	-0.31836152	0.26661903	-0.091007344	0.08413338	-0.3455451	1.0000007	-0.6845084	0.10311662	-0.08388828	0.19602887	-0.38096958	0.14149953	-0.07949397	0.068030976	-0.15232205	0.19389556	-0.11357057	0.06621004	-0.065921836	0.120307826	-0.1451975	0.0892806	-0.08393361	0.052678533	-0.09716687	0.12383627	-0.079651654	0.061824765	-0.0671435
0.16988845	-0.10991282	0.122473225	-0.06660719	0.05833528	-0.2039839	0.28108084	-0.50197786	0.1086236	-0.10300654	0.21876745	-0.6845084	1.0000006	-0.12806071	0.09261669	-0.17867585	0.21811719	-0.15442412	0.086888	-0.07438281	0.12863372	-0.17803733	0.11096288	-0.07182891	0.07043236	-0.11992877	0.13116635	-0.090105675	0.08330295	-0.054957975	0.093670934	-0.123052165	0.07844692	-0.062114716	0.06935332
-0.109079115	0.06411351	-0.07928544	0.101660684	-0.09237036	0.07454554	-0.110978	0.10914746	-0.29075557	0.20615233	-0.08656853	0.10311662	-0.12806071	1.0000004	-0.58585757	0.07550725	-0.09340456	0.14379787	-0.51947397	0.28956512	-0.06515294	0.082135454	-0.11966724	0.26393735	-0.2877221	0.08131636	-0.09999018	0.109255865	-0.13607426	0.15634818	-0.07194894	0.09471821	-0.1000482	0.09475092	-0.20683771
0.092310265	-0.055155326	0.06739662	-0.096654	0.08303413	-0.06199134	0.088129975	-0.0875993	0.17977118	-0.20814472	0.07106841	-0.08388828	0.09261669	-0.58585757	1.0000004	-0.0646044	0.076667175	-0.12086378	0.26610708	-0.628923	0.05510823	-0.07001934	0.09494239	-0.26026213	0.25700745	-0.073346555	0.085182406	-0.09674364	0.11555204	-0.14797172	0.06305276	-0.084887005	0.08452869	-0.08473582	0.16594973
-0.13543406	0.068986125	-0.08086921	0.039676785	-0.03573457	0.13443202	-0.15095407	0.12303121	-0.056884967	0.05460023	-0.19810991	0.19602887	-0.17867585	0.07550725	-0.0646044	1.0000004	-0.518922	0.1491773	-0.0673126	0.058038484	-0.69533765	0.31853166	-0.13182366	0.05929322	-0.057708997	0.17049013	-0.20805688	0.101807356	-0.09337743	0.05061636	-0.14349699	0.15538329	-0.092138864	0.06888881	-0.06430359
0.13905126	-0.07458935	0.08671136	-0.045509223	0.040590536	-0.13971627	0.16385429	-0.15121163	0.06679219	-0.0649076	0.17586567	-0.38096958	0.21811719	-0.09340456	0.076667175	-0.518922	1.0000001	-0.24856596	0.08427546	-0.07074404	0.3012164	-0.5628252	0.17142524	-0.07385976	0.0691722	-0.18312547	0.22004987	-0.13053054	0.11070556	-0.060294393	0.13894287	-0.19391109	0.11057092	-0.08378496	0.075140014
-0.11135529	0.057914495	-0.07047331	0.04562011	-0.040722962	0.08571558	-0.11439747	0.102986954	-0.07375879	0.07161959	-0.1055292	0.14149953	-0.15442412	0.14379787	-0.12086378	0.1491773	-0.24856596	0.99999994	-0.20447946	0.12169435	-0.137371	0.18328883	-0.7628968	0.14842759	-0.12798499	0.12935168	-0.19586205	0.27657753	-0.25787172	0.11207725	-0.12005543	0.16709924	-0.2507638	0.16681986	-0.14028382
0.080616795	-0.046102673	0.05646438	-0.06785307	0.058519583	-0.05571596	0.07779694	-0.075755276	0.13273022	-0.13277255	0.064944826	-0.07949397	0.086888	-0.51947397	0.26610708	-0.0673126	0.08427546	-0.20447946	0.99999994	-0.33910865	0.05836393	-0.07579654	0.13830367	-0.64656574	0.28173435	-0.07250766	0.09059766	-0.122293726	0.1448268	-0.1569742	0.063833654	-0.08877445	0.10320159	-0.10349102	0.17133947
-0.07915414	0.04398279	-0.054572318	0.06219364	-0.055499353	0.05148668	-0.071978055	0.0672611	-0.11918879	0.11943995	-0.06028361	0.068030976	-0.07438281	0.28956512	-0.628923	0.058038484	-0.07074404	0.12169435	-0.33910865	0.9999999	-0.051041353	0.064611174	-0.10153287	0.27105853	-0.53316474	0.06754575	-0.08367493	0.102115154	-0.13552332	0.20115876	-0.060379468	0.08170689	-0.093272574	0.094588146	-0.2539031
0.10694872	-0.05461442	0.06435151	-0.03270522	0.029351396	-0.103040494	0.11144557	-0.0955283	0.046662536	-0.045415584	0.13096267	-0.15232205	0.12863372	-0.06515294	0.05510823	-0.69533765	0.3012164	-0.137371	0.05836393	-0.051041353	1.0	-0.5669878	0.11751478	-0.052490912	0.050293203	-0.22139838	0.2067922	-0.09745613	0.0833468	-0.044969592	0.14874351	-0.17047742	0.084638916	-0.06423566	0.05637445
-0.12732439	0.0656275	-0.078183666	0.039869748	-0.0359013	0.111667305	-0.14341831	0.11834937	-0.058094688	0.05595035	-0.1473204	0.19389556	-0.17803733	0.082135454	-0.07001934	0.31853166	-0.5628252	0.18328883	-0.07579654	0.064611174	-0.5669878	0.99999994	-0.18508023	0.06745215	-0.064575516	0.19117847	-0.37077972	0.13097975	-0.11191266	0.05785414	-0.15722984	0.20744826	-0.11383496	0.08404427	-0.072779484
0.08856976	-0.046238136	0.055969257	-0.03726814	0.032975018	-0.06899924	0.08846288	-0.08201719	0.059174392	-0.058927834	0.08334972	-0.11357057	0.11096288	-0.11966724	0.09494239	-0.13182366	0.17142524	-0.7628968	0.13830367	-0.10153287	0.11751478	-0.18508023	0.9999999	-0.1269386	0.101559415	-0.11595937	0.16274542	-0.46793213	0.20865625	-0.092963554	0.101605	-0.15589936	0.21549235	-0.15889908	0.10938164
-0.07248997	0.03983914	-0.049276218	0.052430872	-0.04630385	0.048395805	-0.06693497	0.06239863	-0.10128269	0.09712765	-0.057004474	0.06621004	-0.07182891	0.26393735	-0.26026213	0.05929322	-0.07385976	0.14842759	-0.64656574	0.27105853	-0.052490912	0.06745215	-0.1269386	0.99999964	-0.5607931	0.067497455	-0.08621378	0.12201062	-0.18539898	0.19813894	-0.060585633	0.08502129	-0.10808496	0.11562153	-0.23208582
0.07368728	-0.041086167	0.05061402	-0.058150332	0.05000009	-0.04871934	0.066753104	-0.06328367	0.102919325	-0.108830124	0.056805663	-0.065921836	0.07043236	-0.2877221	0.25700745	-0.057708997	0.0691722	-0.12798499	0.28173435	-0.53316474	0.050293203	-0.064575516	0.101559415	-0.5607931	0.9999997	-0.06837838	0.08268939	-0.11470216	0.15379289	-0.39109004	0.059888557	-0.08493666	0.09826105	-0.11197708	0.26458806
-0.15463302	0.07092938	-0.089877576	0.04214907	-0.038722172	0.09569271	-0.11997941	0.09550078	-0.057364136	0.05544761	-0.12016464	0.120307826	-0.11992877	0.08131636	-0.073346555	0.17049013	-0.18312547	0.12935168	-0.07250766	0.06754575	-0.22139838	0.19117847	-0.11595937	0.067497455	-0.06837838	0.99999934	-0.39973032	0.12357746	-0.11928041	0.06408819	-0.77830523	0.29926926	-0.123093486	0.09216976	-0.08294466
0.1400785	-0.06837768	0.08416601	-0.044952027	0.040421743	-0.09964302	0.12227602	-0.10471678	0.06372363	-0.06313058	0.12134058	-0.1451975	0.13116635	-0.09999018	0.085182406	-0.20805688	0.22004987	-0.19586205	0.09059766	-0.08367493	0.2067922	-0.37077972	0.16274542	-0.08621378	0.08268939	-0.39973032	0.9999993	-0.21725607	0.15871362	-0.08029058	0.28074858	-0.6703743	0.18216796	-0.1391769	0.098300256
-0.08690003	0.04383798	-0.054051746	0.035576083	-0.03169496	0.061136693	-0.07948481	0.069534145	-0.055931803	0.0554938	-0.07444374	0.0892806	-0.090105675	0.109255865	-0.09674364	0.101807356	-0.13053054	0.27657753	-0.122293726	0.102115154	-0.09745613	0.13097975	-0.46793213	0.12201062	-0.11470216	0.12357746	-0.21725607	0.99999934	-0.47342408	0.12964901	-0.12106467	0.19232728	-0.5717592	0.28920367	-0.15645887
0.08458873	-0.043274917	0.05331032	-0.03947804	0.034728445	-0.058569327	0.075312674	-0.06783866	0.063081466	-0.064183265	0.07000594	-0.08393361	0.08330295	-0.13607426	0.11555204	-0.09337743	0.11070556	-0.25787172	0.1448268	-0.13552332	0.0833468	-0.11191266	0.20865625	-0.18539898	0.15379289	-0.11928041	0.15871362	-0.47342408	0.99999905	-0.23646598	0.10768582	-0.18546093	0.31924465	-0.6625782	0.20386629
-0.06077128	0.03216093	-0.039923117	0.038167227	-0.033236038	0.03939344	-0.05255021	0.048003368	-0.064589135	0.06694201	-0.046509758	0.052678533	-0.054957975	0.15634818	-0.14797172	0.05061636	-0.060294393	0.11207725	-0.1569742	0.20115876	-0.044969592	0.05785414	-0.092963554	0.19813894	-0.39109004	0.06408819	-0.08029058	0.12964901	-0.23646598	0.9999991	-0.057436354	0.08504107	-0.11737537	0.14894745	-0.82589793
0.12150125	-0.05636217	0.07108163	-0.03513329	0.03198411	-0.0763469	0.093326256	-0.07685832	0.048134502	-0.047287613	0.09362308	-0.09716687	0.093670934	-0.07194894	0.06305276	-0.14349699	0.13894287	-0.12005543	0.063833654	-0.060379468	0.14874351	-0.15722984	0.101605	-0.060585633	0.059888557	-0.77830523	0.28074858	-0.12106467	0.10768582	-0.057436354	0.99999905	-0.48932043	0.12269967	-0.09396316	0.07194942
-0.13799173	0.06584839	-0.082302935	0.042590708	-0.038699053	0.0912305	-0.11766912	0.09570705	-0.060698394	0.059228204	-0.113562636	0.12383627	-0.123052165	0.09471821	-0.084887005	0.15538329	-0.19391109	0.16709924	-0.08877445	0.08170689	-0.17047742	0.20744826	-0.15589936	0.08502129	-0.08493666	0.29926926	-0.6703743	0.19232728	-0.18546093	0.08504107	-0.48932043	0.9999988	-0.25696692	0.15441112	-0.10869318
0.07837943	-0.039533816	0.0486923	-0.032483045	0.028774513	-0.054903146	0.070242934	-0.06231156	0.050355803	-0.050745014	0.06617959	-0.079651654	0.07844692	-0.1000482	0.08452869	-0.092138864	0.11057092	-0.2507638	0.10320159	-0.093272574	0.084638916	-0.11383496	0.21549235	-0.10808496	0.09826105	-0.123093486	0.18216796	-0.5717592	0.31924465	-0.11737537	0.12269967	-0.25696692	0.9999986	-0.62291414	0.13250472
-0.064525686	0.032603435	-0.04035182	0.028659433	-0.025381839	0.043904465	-0.056906447	0.050139684	-0.045655098	0.04591669	-0.052951172	0.061824765	-0.062114716	0.09475092	-0.08473582	0.06888881	-0.08378496	0.16681986	-0.10349102	0.094588146	-0.06423566	0.08404427	-0.15889908	0.11562153	-0.11197708	0.09216976	-0.1391769	0.28920367	-0.6625782	0.14894745	-0.09396316	0.15441112	-0.62291414	0.9999987	-0.18321796
0.077314675	-0.041213263	0.050991334	-0.050456762	0.04331106	-0.0501781	0.06644897	-0.06139814	0.08262006	-0.088584244	0.05889553	-0.0671435	0.06935332	-0.20683771	0.16594973	-0.06430359	0.075140014	-0.14028382	0.17133947	-0.2539031	0.05637445	-0.072779484	0.10938164	-0.23208582	0.26458806	-0.08294466	0.098300256	-0.15645887	0.20386629	-0.82589793	0.07194942	-0.10869318	0.13250472	-0.18321796	0.9999987
