0.99999994	-0.7632569	0.09610725	-0.046787485	0.033714585	-0.5534542	0.31742176	-0.09911767	0.04146572	-0.02508558	0.027575275	-0.021677716	0.020764586	-0.00898222	0.0103901345	-0.029804206	0.009155289	-0.008066118	0.0046958183	-0.0042580105	0.0050453986	-0.0041868906	0.005267637	-0.005421931	0.0034160381	-0.003895346	0.0034052182	-0.003974242	0.004652273	-0.0038105464	0.0034685738	-0.0023821788	0.0038215362	-0.0035642842	0.0046023875
-0.7632569	0.9999996	-0.1415846	0.05899835	-0.043930992	0.32070515	-0.53514445	0.12636867	-0.05423233	0.03192633	-0.021420676	0.01986301	-0.019516721	0.009192735	-0.01058669	0.023345033	-0.008586898	0.0075664897	-0.0044355677	0.0040403437	-0.0047155875	0.003913681	-0.0049532447	0.0051109316	-0.0032411611	0.0036457235	-0.0031955184	0.003730958	-0.0043945913	0.003602865	-0.0032744638	0.0022467952	-0.003609709	0.0033644596	-0.004356053
0.09610725	-0.1415846	0.99999934	-0.30620164	0.14928974	-0.12595071	0.14458793	-0.8939609	0.19514884	-0.11705923	0.010518152	-0.011823244	0.0122561855	-0.01394521	0.015056763	-0.012477602	0.0055812523	-0.0052345386	0.0032427807	-0.0031213681	0.0031080334	-0.002581814	0.003327523	-0.0036872656	0.002465195	-0.0024425462	0.0021471088	-0.0025301795	0.0031069838	-0.0026074715	0.0022459934	-0.0015440454	0.0024918956	-0.0023569576	0.003091916
-0.046787485	0.05899835	-0.30620164	0.99999917	-0.5745072	0.058474593	-0.068245746	0.22550835	-0.66136485	0.31453693	-0.010030621	0.015341479	-0.017006945	0.03210896	-0.03444784	0.01324339	-0.0077399295	0.007659784	-0.0050038346	0.005013881	-0.004339613	0.0036128792	-0.0047295373	0.005577543	-0.0039163046	0.003456983	-0.0030503015	0.0036231915	-0.004623302	0.003953172	-0.0032433057	0.002234028	-0.0036207056	0.0034706246	-0.0046125795
0.033714585	-0.043930992	0.14928974	-0.5745072	0.99999917	-0.046249397	0.050215125	-0.17419197	0.32865	-0.72179276	0.009699322	-0.015859654	0.01701563	-0.03658467	0.03840257	-0.013206892	0.007551853	-0.007654258	0.0050288774	-0.005078212	0.0042203288	-0.0035265281	0.004604823	-0.0055667176	0.0039315918	-0.0033755614	0.0029747982	-0.0035423625	0.0045466996	-0.0039114007	0.0031505118	-0.0021751155	0.0035232287	-0.0033996208	0.0045194766
-0.5534542	0.32070515	-0.12595071	0.058474593	-0.046249397	0.99999905	-0.7499746	0.122895524	-0.056864772	0.03326994	-0.047227677	0.03516156	-0.033829473	0.013683796	-0.015969278	0.04671737	-0.014034153	0.012312415	-0.0071562016	0.0064278627	-0.007653968	0.0063688764	-0.007972008	0.008186226	-0.0051639285	0.0058928994	-0.005152743	0.0060081845	-0.0070189103	0.0057382034	-0.005212113	0.0035831945	-0.00574382	0.0053637037	-0.006925586
0.31742176	-0.53514445	0.14458793	-0.068245746	0.050215125	-0.7499746	0.99999905	-0.182092	0.062937565	-0.03747007	0.038466062	-0.033654165	0.031242361	-0.013258771	0.015306083	-0.041399468	0.013021676	-0.011513254	0.0066913106	-0.0060301926	0.007099142	-0.0059157647	0.0074124485	-0.0076677673	0.004836566	-0.0054831407	0.0047930414	-0.0055954396	0.006552458	-0.005368232	0.0048590656	-0.0033411004	0.0053567123	-0.0050082384	0.0064664735
-0.09911767	0.12636867	-0.8939609	0.22550835	-0.17419197	0.122895524	-0.182092	0.9999988	-0.2514545	0.12594184	-0.010813494	0.012567433	-0.013152574	0.015492825	-0.016791927	0.012848949	-0.0059437365	0.0055877054	-0.0034769922	0.003354816	-0.0033077928	0.0027483632	-0.0035468456	0.0039431807	-0.002648908	0.0026009139	-0.0022878218	0.0026969863	-0.0033220288	0.002790555	-0.002396555	0.0016475236	-0.0026601322	0.0025176003	-0.003307221
0.04146572	-0.05423233	0.19514884	-0.66136485	0.32865	-0.056864772	0.062937565	-0.2514545	0.99999857	-0.60224354	0.010936403	-0.01761299	0.019373551	-0.042996347	0.043588404	-0.014700795	0.008339304	-0.008447783	0.005575708	-0.0056015723	0.0046511595	-0.00388745	0.005072597	-0.006128905	0.0043459935	-0.0037157168	0.0032759486	-0.0038994413	0.005008847	-0.004304197	0.0034653791	-0.002392554	0.0038760223	-0.0037396688	0.004977443
-0.02508558	0.03192633	-0.11705923	0.31453693	-0.72179276	0.03326994	-0.03747007	0.12594184	-0.60224354	0.9999986	-0.009264941	0.016228449	-0.017714601	0.043177303	-0.04803506	0.012847355	-0.0073553734	0.0076188454	-0.005099235	0.0051990724	-0.004086531	0.0034276622	-0.004467748	0.0055377786	-0.004004504	0.0032766568	-0.0028885514	0.0034473108	-0.004474992	0.0038714763	-0.0030468344	0.0021083944	-0.0034164153	0.0033203554	-0.0044350694
0.027575275	-0.021420676	0.010518152	-0.010030621	0.009699322	-0.047227677	0.038466062	-0.010813494	0.010936403	-0.009264941	0.99999875	-0.43188834	0.26125747	-0.07504339	0.08773677	-0.8500144	0.08332529	-0.073598	0.041371264	-0.035317782	0.04459974	-0.03774436	0.04399222	-0.0454775	0.02837782	-0.033601835	0.028879734	-0.033560064	0.038086344	-0.030984266	0.027551116	-0.019138062	0.030362047	-0.02875391	0.036800604
-0.021677716	0.01986301	-0.011823244	0.015341479	-0.015859654	0.03516156	-0.033654165	0.012567433	-0.01761299	0.016228449	-0.43188834	0.99999875	-0.78708243	0.16120741	-0.19401549	0.285252	-0.15991223	0.13541788	-0.07722764	0.06298222	-0.07324212	0.06424643	-0.07661622	0.08006994	-0.05096701	0.056139193	-0.049407847	0.057459407	-0.06709448	0.05427556	-0.047707595	0.03307261	-0.05281304	0.050004866	-0.06472915
0.020764586	-0.019516721	0.0122561855	-0.017006945	0.01701563	-0.033829473	0.031242361	-0.013152574	0.019373551	-0.017714601	0.26125747	-0.78708243	0.999999	-0.25244126	0.19774643	-0.37731472	0.15070543	-0.18697992	0.09260587	-0.07511053	0.076610535	-0.066973165	0.0819653	-0.09755202	0.059124675	-0.060969103	0.053049363	-0.06289029	0.07555065	-0.062463973	0.052304655	-0.036423393	0.058194283	-0.056151964	0.07222179
-0.00898222	0.009192735	-0.01394521	0.03210896	-0.03658467	0.013683796	-0.013258771	0.015492825	-0.042996347	0.043177303	-0.07504339	0.16120741	-0.25244126	0.99999905	-0.94079745	0.10472257	-0.061519712	0.069078706	-0.05158317	0.050913036	-0.033180494	0.0282235	-0.036565237	0.049531817	-0.03910957	0.026681859	-0.02362186	0.02835166	-0.03843351	0.03357076	-0.024498349	0.017072499	-0.027741263	0.027552683	-0.037618462
0.0103901345	-0.01058669	0.015056763	-0.03444784	0.03840257	-0.015969278	0.015306083	-0.016791927	0.043588404	-0.04803506	0.08773677	-0.19401549	0.19774643	-0.94079745	0.99999887	-0.13163799	0.06820134	-0.07778486	0.0546901	-0.058861	0.03708102	-0.03163311	0.04072319	-0.05597527	0.04303207	-0.030075645	0.02645823	-0.03185386	0.042676333	-0.037802733	0.027357325	-0.019104954	0.030940149	-0.030879969	0.041680936
-0.029804206	0.023345033	-0.012477602	0.01324339	-0.013206892	0.04671737	-0.041399468	0.012848949	-0.014700795	0.012847355	-0.8500144	0.285252	-0.37731472	0.10472257	-0.13163799	0.9999989	-0.11623144	0.09754354	-0.056717716	0.04811549	-0.06296134	0.051623996	-0.061738662	0.061145056	-0.039115995	0.045963965	-0.04005184	0.046165984	-0.052872133	0.042551428	-0.038519777	0.02662181	-0.042438537	0.03976356	-0.05139161
0.009155289	-0.008586898	0.0055812523	-0.0077399295	0.007551853	-0.014034153	0.013021676	-0.0059437365	0.008339304	-0.0073553734	0.08332529	-0.15991223	0.15070543	-0.061519712	0.06820134	-0.11623144	0.9999989	-0.51317453	0.2362916	-0.21705689	0.2785533	-0.40756202	0.28151137	-0.31046316	0.16548766	-0.25681075	0.2061183	-0.24762215	0.22991422	-0.1958379	0.16750373	-0.1216243	0.18228433	-0.18310145	0.21261252
-0.008066118	0.0075664897	-0.0052345386	0.007659784	-0.007654258	0.012312415	-0.011513254	0.0055877054	-0.008447783	0.0076188454	-0.073598	0.13541788	-0.18697992	0.069078706	-0.07778486	0.09754354	-0.51317453	0.9999986	-0.56288594	0.2274314	-0.23619245	0.20292875	-0.28070137	0.30316484	-0.20054321	0.178406	-0.1644864	0.19300415	-0.25809613	0.19180794	-0.166526	0.114198424	-0.18781725	0.17526624	-0.23910536
0.0046958183	-0.0044355677	0.0032427807	-0.0050038346	0.0050288774	-0.0071562016	0.0066913106	-0.0034769922	0.005575708	-0.005099235	0.041371264	-0.07722764	0.09260587	-0.05158317	0.0546901	-0.056717716	0.2362916	-0.56288594	0.9999984	-0.3845182	0.1344454	-0.11513011	0.16328447	-0.6257039	0.23640008	-0.11326487	0.10333035	-0.13106126	0.22189939	-0.1908124	0.10998496	-0.07806418	0.1290619	-0.13964637	0.18639758
-0.0042580105	0.0040403437	-0.0031213681	0.005013881	-0.005078212	0.0064278627	-0.0060301926	0.003354816	-0.0056015723	0.0051990724	-0.035317782	0.06298222	-0.07511053	0.050913036	-0.058861	0.04811549	-0.21705689	0.2274314	-0.3845182	0.99999857	-0.13737984	0.11269168	-0.16654365	0.28017825	-0.7357219	0.116649084	-0.10903817	0.1371855	-0.27180332	0.27823946	-0.12755302	0.09020924	-0.15390888	0.16882923	-0.2882259
0.0050453986	-0.0047155875	0.0031080334	-0.004339613	0.0042203288	-0.007653968	0.007099142	-0.0033077928	0.0046511595	-0.004086531	0.04459974	-0.07324212	0.076610535	-0.033180494	0.03708102	-0.06296134	0.2785533	-0.23619245	0.1344454	-0.13737984	0.9999987	-0.66831523	0.29899195	-0.18798319	0.10865819	-0.4696394	0.27500153	-0.29225188	0.17993608	-0.14315024	0.1514519	-0.11443553	0.15071535	-0.14805664	0.15514183
-0.0041868906	0.003913681	-0.002581814	0.0036128792	-0.0035265281	0.0063688764	-0.0059157647	0.0027483632	-0.00388745	0.0034276622	-0.03774436	0.06424643	-0.066973165	0.0282235	-0.03163311	0.051623996	-0.40756202	0.20292875	-0.11513011	0.11269168	-0.66831523	0.99999845	-0.4630332	0.15563202	-0.09022936	0.28315276	-0.32094488	0.2596018	-0.15455018	0.11752346	-0.12329461	0.092438675	-0.1257852	0.120757	-0.12837385
0.005267637	-0.0049532447	0.003327523	-0.0047295373	0.004604823	-0.007972008	0.0074124485	-0.0035468456	0.005072597	-0.004467748	0.04399222	-0.07661622	0.0819653	-0.036565237	0.04072319	-0.061738662	0.28151137	-0.28070137	0.16328447	-0.16654365	0.29899195	-0.4630332	0.99999845	-0.23395921	0.1334696	-0.35434514	0.2906497	-0.5738247	0.23464803	-0.18140009	0.16723587	-0.12908168	0.18108317	-0.183994	0.1878297
-0.005421931	0.0051109316	-0.0036872656	0.005577543	-0.0055667176	0.008186226	-0.0076677673	0.0039431807	-0.006128905	0.0055377786	-0.0454775	0.08006994	-0.09755202	0.049531817	-0.05597527	0.061145056	-0.31046316	0.30316484	-0.6257039	0.28017825	-0.18798319	0.15563202	-0.23395921	0.9999981	-0.32809684	0.1548672	-0.1466276	0.18462333	-0.41052064	0.24611695	-0.15941744	0.11175115	-0.18934444	0.19838859	-0.26659027
0.0034160381	-0.0032411611	0.002465195	-0.0039163046	0.0039315918	-0.0051639285	0.004836566	-0.002648908	0.0043459935	-0.004004504	0.02837782	-0.05096701	0.059124675	-0.03910957	0.04303207	-0.039115995	0.16548766	-0.20054321	0.23640008	-0.7357219	0.10865819	-0.09022936	0.1334696	-0.32809684	0.9999981	-0.09744508	0.089739226	-0.11834561	0.23930791	-0.47364813	0.10280882	-0.075062096	0.12591606	-0.15417142	0.23806505
-0.003895346	0.0036457235	-0.0024425462	0.003456983	-0.0033755614	0.0058928994	-0.0054831407	0.0026009139	-0.0037157168	0.0032766568	-0.033601835	0.056139193	-0.060969103	0.026681859	-0.030075645	0.045963965	-0.25681075	0.178406	-0.11326487	0.116649084	-0.4696394	0.28315276	-0.35434514	0.1548672	-0.09744508	0.999998	-0.66229135	0.30061847	-0.19483243	0.13345437	-0.23061483	0.15045524	-0.18095937	0.15418115	-0.15655893
0.0034052182	-0.0031955184	0.0021471088	-0.0030503015	0.0029747982	-0.005152743	0.0047930414	-0.0022878218	0.0032759486	-0.0028885514	0.028879734	-0.049407847	0.053049363	-0.02362186	0.02645823	-0.04005184	0.2061183	-0.1644864	0.10333035	-0.10903817	0.27500153	-0.32094488	0.2906497	-0.1466276	0.089739226	-0.66229135	0.9999979	-0.5568885	0.1817927	-0.12759641	0.16092177	-0.13702701	0.15226424	-0.1419668	0.13595572
-0.003974242	0.003730958	-0.0025301795	0.0036231915	-0.0035423625	0.0060081845	-0.0055954396	0.0026969863	-0.0038994413	0.0034473108	-0.033560064	0.057459407	-0.06289029	0.02835166	-0.03185386	0.046165984	-0.24762215	0.19300415	-0.13106126	0.1371855	-0.29225188	0.2596018	-0.5738247	0.18462333	-0.11834561	0.30061847	-0.5568885	0.9999975	-0.33220822	0.17177981	-0.17511143	0.13412535	-0.20925166	0.1841035	-0.18324456
0.004652273	-0.0043945913	0.0031069838	-0.004623302	0.0045466996	-0.0070189103	0.006552458	-0.0033220288	0.005008847	-0.004474992	0.038086344	-0.06709448	0.07555065	-0.03843351	0.042676333	-0.052872133	0.22991422	-0.25809613	0.22189939	-0.27180332	0.17993608	-0.15455018	0.23464803	-0.41052064	0.23930791	-0.19483243	0.1817927	-0.33220822	0.99999726	-0.5121745	0.17866515	-0.14345711	0.23424916	-0.4200585	0.31303903
-0.0038105464	0.003602865	-0.0026074715	0.003953172	-0.0039114007	0.0057382034	-0.005368232	0.002790555	-0.004304197	0.0038714763	-0.030984266	0.05427556	-0.062463973	0.03357076	-0.037802733	0.042551428	-0.1958379	0.19180794	-0.1908124	0.27823946	-0.14315024	0.11752346	-0.18140009	0.24611695	-0.47364813	0.13345437	-0.12759641	0.17177981	-0.5121745	0.9999977	-0.151177	0.112049036	-0.19500293	0.25310242	-0.5596053
0.0034685738	-0.0032744638	0.0022459934	-0.0032433057	0.0031505118	-0.005212113	0.0048590656	-0.002396555	0.0034653791	-0.0030468344	0.027551116	-0.047707595	0.052304655	-0.024498349	0.027357325	-0.038519777	0.16750373	-0.166526	0.10998496	-0.12755302	0.1514519	-0.12329461	0.16723587	-0.15941744	0.10280882	-0.23061483	0.16092177	-0.17511143	0.17866515	-0.151177	0.9999976	-0.76512694	0.30324847	-0.28705195	0.18259346
-0.0023821788	0.0022467952	-0.0015440454	0.002234028	-0.0021751155	0.0035831945	-0.0033411004	0.0016475236	-0.002392554	0.0021083944	-0.019138062	0.03307261	-0.036423393	0.017072499	-0.019104954	0.02662181	-0.1216243	0.114198424	-0.07806418	0.09020924	-0.11443553	0.092438675	-0.12908168	0.11175115	-0.075062096	0.15045524	-0.13702701	0.13412535	-0.14345711	0.112049036	-0.76512694	0.9999977	-0.5239144	0.22363518	-0.15173674
0.0038215362	-0.003609709	0.0024918956	-0.0036207056	0.0035232287	-0.00574382	0.0053567123	-0.0026601322	0.0038760223	-0.0034164153	0.030362047	-0.05281304	0.058194283	-0.027741263	0.030940149	-0.042438537	0.18228433	-0.18781725	0.1290619	-0.15390888	0.15071535	-0.1257852	0.18108317	-0.18934444	0.12591606	-0.18095937	0.15226424	-0.20925166	0.23424916	-0.19500293	0.30324847	-0.5239144	0.999998	-0.5788372	0.24706599
-0.0035642842	0.0033644596	-0.0023569576	0.0034706246	-0.0033996208	0.0053637037	-0.0050082384	0.0025176003	-0.0037396688	0.0033203554	-0.02875391	0.050004866	-0.056151964	0.027552683	-0.030879969	0.03976356	-0.18310145	0.17526624	-0.13964637	0.16882923	-0.14805664	0.120757	-0.183994	0.19838859	-0.15417142	0.15418115	-0.1419668	0.1841035	-0.4200585	0.25310242	-0.28705195	0.22363518	-0.5788372	0.99999803	-0.50875974
0.0046023875	-0.004356053	0.003091916	-0.0046125795	0.0045194766	-0.006925586	0.0064664735	-0.003307221	0.004977443	-0.0044350694	0.036800604	-0.06472915	0.07222179	-0.037618462	0.041680936	-0.05139161	0.21261252	-0.23910536	0.18639758	-0.2882259	0.15514183	-0.12837385	0.1878297	-0.26659027	0.23806505	-0.15655893	0.13595572	-0.18324456	0.31303903	-0.5596053	0.18259346	-0.15173674	0.24706599	-0.50875974	0.99999803
