1.0	-0.5082655	0.21161826	-0.25284007	0.0950698	-0.7429744	0.26343536	-0.20500484	0.20636594	-0.07897403	0.09888598	-0.09510409	0.09610281	-0.081983715	0.11642217	-0.07218526	0.07074287	-0.075248204	0.061846826	-0.034436125	0.06318822	-0.06809673	0.07955951	-0.04956668	0.033125155	-0.031481203	0.04779971	-0.047724914	0.03683716	-0.019832246	0.029578222	-0.046535075	0.05220976	-0.032421768	0.018047899
-0.5082655	1.0000002	-0.52496266	0.29767397	-0.13169517	0.29043913	-0.45558178	0.26618746	-0.30524474	0.10687225	-0.11784501	0.11786605	-0.12068078	0.1021024	-0.14532332	0.08378274	-0.08654424	0.09039707	-0.074836925	0.04141899	-0.07515371	0.08026625	-0.09531279	0.059546623	-0.039840337	0.036879107	-0.056539804	0.05637412	-0.04355901	0.023391524	-0.03478454	0.054543424	-0.061561543	0.038229898	-0.021311646
0.21161826	-0.52496266	1.0	-0.7145992	0.1038726	-0.19358696	0.25092718	-0.31682286	0.25774285	-0.08825839	0.08051306	-0.08162293	0.08831874	-0.0765431	0.105279274	-0.059350014	0.06067768	-0.06504107	0.053694744	-0.02991952	0.05277222	-0.05717208	0.06759504	-0.042885173	0.028620744	-0.026318235	0.040216006	-0.040254988	0.031084275	-0.016796108	0.02473	-0.039054137	0.043791328	-0.027366122	0.015272466
-0.25284007	0.29767397	-0.7145992	0.9999999	-0.16474213	0.206051	-0.30424532	0.27383688	-0.43935466	0.13378055	-0.10762679	0.10572082	-0.11906527	0.10556892	-0.15035884	0.0789515	-0.08111071	0.086863	-0.07400002	0.04113229	-0.07125002	0.07667022	-0.092709124	0.058729023	-0.039439328	0.03562977	-0.054702155	0.05473997	-0.04250996	0.022935225	-0.033593353	0.052974973	-0.059925366	0.03731936	-0.020891113
0.0950698	-0.13169517	0.1038726	-0.16474213	1.0	-0.13650653	0.13021557	-0.1861688	0.23104852	-0.894617	0.08293048	-0.0861125	0.103385925	-0.11912789	0.1782887	-0.07091212	0.06912327	-0.08145663	0.06915411	-0.041703004	0.061142985	-0.07029788	0.081966564	-0.056953125	0.038309235	-0.033261903	0.049768336	-0.050877146	0.039407372	-0.02218562	0.030696202	-0.050225	0.054624535	-0.035295717	0.019954305
-0.7429744	0.29043913	-0.19358696	0.206051	-0.13650653	0.99999994	-0.41205722	0.23261058	-0.2888612	0.10937165	-0.14866151	0.13404112	-0.13752547	0.11532519	-0.1698131	0.101032116	-0.10110413	0.10525992	-0.08874728	0.048906147	-0.090824515	0.095500804	-0.114699885	0.07045532	-0.047355283	0.044315293	-0.06799276	0.067574084	-0.05245895	0.028000195	-0.041980278	0.06539359	-0.07458962	0.0458766	-0.025579466
0.26343536	-0.45558178	0.25092718	-0.30424532	0.13021557	-0.41205722	0.9999997	-0.5927732	0.296799	-0.114223555	0.1645676	-0.2163525	0.16319302	-0.13498397	0.17106251	-0.12174648	0.12516113	-0.131217	0.09667753	-0.054051615	0.10290294	-0.11396827	0.12396176	-0.07855625	0.051422074	-0.05007307	0.07567406	-0.07563941	0.05714112	-0.030903177	0.04659649	-0.07365871	0.08033916	-0.050696693	0.027965458
-0.20500484	0.26618746	-0.31682286	0.27383688	-0.1861688	0.23261058	-0.5927732	0.9999995	-0.5911224	0.15800555	-0.1416139	0.14934608	-0.17607471	0.14078914	-0.18314314	0.10240796	-0.108186625	0.11524342	-0.092895195	0.051507212	-0.09055993	0.0985162	-0.115076356	0.07400364	-0.04901537	0.04449105	-0.06822946	0.06832744	-0.052411996	0.02837151	-0.04171075	0.06598501	-0.073366806	0.04622621	-0.025750386
0.20636594	-0.30524474	0.25774285	-0.43935466	0.23104852	-0.2888612	0.296799	-0.5911224	0.99999946	-0.30416647	0.13406862	-0.13891608	0.16274287	-0.17101404	0.20152798	-0.10740746	0.106925815	-0.12104001	0.10080915	-0.057489146	0.09359387	-0.1049937	0.12266998	-0.081634626	0.05401696	-0.048931636	0.073877834	-0.07476317	0.057750598	-0.03180463	0.045511574	-0.07326284	0.08073592	-0.051315647	0.028752664
-0.07897403	0.10687225	-0.08825839	0.13378055	-0.894617	0.10937165	-0.114223555	0.15800555	-0.30416647	0.99999934	-0.072720595	0.07566483	-0.09640412	0.112560526	-0.20855665	0.06105806	-0.060619015	0.07126431	-0.061888378	0.037270486	-0.052884515	0.060604922	-0.07143218	0.05029759	-0.03421511	0.028365633	-0.04280838	0.04376249	-0.033898823	0.019073756	-0.026224492	0.04285229	-0.046718493	0.030293284	-0.01717384
0.09888598	-0.11784501	0.08051306	-0.10762679	0.08293048	-0.14866151	0.1645676	-0.1416139	0.13406862	-0.072720595	0.99999946	-0.62589055	0.2449138	-0.19719063	0.20028749	-0.51109535	0.26239458	-0.25767937	0.14947379	-0.08375177	0.25296265	-0.2689909	0.20614	-0.12756391	0.078860015	-0.09832799	0.14099565	-0.13744217	0.09506192	-0.050516848	0.088393986	-0.13490415	0.13363318	-0.086051226	0.04518336
-0.09510409	0.11786605	-0.08162293	0.10572082	-0.0861125	0.13404112	-0.2163525	0.14934608	-0.13891608	0.07566483	-0.62589055	0.9999997	-0.42111185	0.21765512	-0.23112383	0.2565032	-0.42612585	0.2701233	-0.15847331	0.08327393	-0.21623343	0.22256802	-0.21161534	0.12708609	-0.0794153	0.08250186	-0.12919343	0.12435202	-0.08869109	0.0463862	-0.07719958	0.11665983	-0.12350662	0.078425094	-0.041886814
0.09610281	-0.12068078	0.08831874	-0.11906527	0.103385925	-0.13752547	0.16319302	-0.17607471	0.16274287	-0.09640412	0.2449138	-0.42111185	1.0	-0.6244455	0.29791674	-0.20468508	0.24081272	-0.3571192	0.19179474	-0.10477256	0.1641966	-0.19999595	0.21146913	-0.1575965	0.09427164	-0.0797838	0.12395348	-0.12709883	0.092972964	-0.051423	0.07291272	-0.119830936	0.124754705	-0.083750434	0.045920916
-0.081983715	0.1021024	-0.0765431	0.10556892	-0.11912789	0.11532519	-0.13498397	0.14078914	-0.17101404	0.112560526	-0.19719063	0.21765512	-0.6244455	1.0000002	-0.5989501	0.15089986	-0.17542355	0.21102132	-0.2489793	0.11105429	-0.13185872	0.1528361	-0.19227186	0.16144028	-0.10034315	0.06561376	-0.10461127	0.108258836	-0.08341491	0.04658544	-0.060741924	0.10016611	-0.108400576	0.073932484	-0.04188249
0.11642217	-0.14532332	0.105279274	-0.15035884	0.1782887	-0.1698131	0.17106251	-0.18314314	0.20152798	-0.20855665	0.20028749	-0.23112383	0.29791674	-0.5989501	1.0000001	-0.186538	0.18254614	-0.23427258	0.20107114	-0.13609406	0.15494876	-0.18714331	0.21127227	-0.17041837	0.115206875	-0.086024955	0.12852465	-0.13400231	0.10292508	-0.060151845	0.07829397	-0.13129655	0.13822077	-0.09353604	0.05354427
-0.07218526	0.08378274	-0.059350014	0.0789515	-0.07091212	0.101032116	-0.12174648	0.10240796	-0.10740746	0.06105806	-0.51109535	0.2565032	-0.20468508	0.15089986	-0.186538	0.9999997	-0.28816682	0.2189275	-0.1549274	0.08141854	-0.6437381	0.29068747	-0.23912114	0.12732883	-0.0801687	0.12287127	-0.16436492	0.14676014	-0.10306716	0.051349968	-0.11797352	0.1420612	-0.15101649	0.09012244	-0.046746198
0.07074287	-0.08654424	0.06067768	-0.08111071	0.06912327	-0.10110413	0.12516113	-0.108186625	0.106925815	-0.060619015	0.26239458	-0.42612585	0.24081272	-0.17542355	0.18254614	-0.28816682	0.99999964	-0.65847033	0.17115903	-0.090402745	0.23311819	-0.40907845	0.24917085	-0.14621277	0.085128725	-0.09194221	0.1591387	-0.15294337	0.099175744	-0.051212527	0.08427143	-0.13681632	0.13609546	-0.088936195	0.04585152
-0.075248204	0.09039707	-0.06504107	0.086863	-0.08145663	0.10525992	-0.131217	0.11524342	-0.12104001	0.07126431	-0.25767937	0.2701233	-0.3571192	0.21102132	-0.23427258	0.2189275	-0.65847033	0.99999946	-0.26522407	0.117509164	-0.21516737	0.26435181	-0.3960776	0.19491364	-0.1140451	0.093563244	-0.17048742	0.16975008	-0.11770629	0.05992365	-0.088150576	0.14358585	-0.15774012	0.10212049	-0.054252088
0.061846826	-0.074836925	0.053694744	-0.07400002	0.06915411	-0.08874728	0.09667753	-0.092895195	0.10080915	-0.061888378	0.14947379	-0.15847331	0.19179474	-0.2489793	0.20107114	-0.1549274	0.17115903	-0.26522407	0.9999994	-0.36230552	0.13630208	-0.18836634	0.27841684	-0.7102027	0.25977552	-0.08006996	0.13542618	-0.16119173	0.13581488	-0.08245222	0.07235557	-0.13429113	0.13944323	-0.12424619	0.07202488
-0.034436125	0.04141899	-0.02991952	0.04113229	-0.041703004	0.048906147	-0.054051615	0.051507212	-0.057489146	0.037270486	-0.08375177	0.08327393	-0.10477256	0.11105429	-0.13609406	0.08141854	-0.090402745	0.117509164	-0.36230552	0.9999995	-0.0759697	0.09823067	-0.17572528	0.26340747	-0.86456466	0.045388106	-0.079977125	0.091484636	-0.089585006	0.0876187	-0.041861575	0.07709313	-0.087895565	0.07795516	-0.08330162
0.06318822	-0.07515371	0.05277222	-0.07125002	0.061142985	-0.090824515	0.10290294	-0.09055993	0.09359387	-0.052884515	0.25296265	-0.21623343	0.1641966	-0.13185872	0.15494876	-0.6437381	0.23311819	-0.21516737	0.13630208	-0.0759697	0.9999996	-0.5699067	0.21798216	-0.12098608	0.07322984	-0.17620559	0.18654473	-0.16647342	0.104346395	-0.052332353	0.13934511	-0.16811045	0.1529288	-0.09462907	0.046858203
-0.06809673	0.08026625	-0.05717208	0.07667022	-0.07029788	0.095500804	-0.11396827	0.0985162	-0.1049937	0.060604922	-0.2689909	0.22256802	-0.19999595	0.1528361	-0.18714331	0.29068747	-0.40907845	0.26435181	-0.18836634	0.09823067	-0.5699067	0.99999964	-0.3689669	0.16303994	-0.098195285	0.14173979	-0.3487872	0.22837517	-0.14097384	0.066342294	-0.13542935	0.20339175	-0.20425358	0.1222098	-0.060242448
0.07955951	-0.09531279	0.06759504	-0.092709124	0.081966564	-0.114699885	0.12396176	-0.115076356	0.12266998	-0.07143218	0.20614	-0.21161534	0.21146913	-0.19227186	0.21127227	-0.23912114	0.24917085	-0.3960776	0.27841684	-0.17572528	0.21798216	-0.3689669	0.9999994	-0.42860016	0.16509731	-0.13061123	0.24872333	-0.39402962	0.18516882	-0.09560559	0.1167856	-0.22765446	0.22436546	-0.17054552	0.083347544
-0.04956668	0.059546623	-0.042885173	0.058729023	-0.056953125	0.07045532	-0.07855625	0.07400364	-0.081634626	0.05029759	-0.12756391	0.12708609	-0.1575965	0.16144028	-0.17041837	0.12732883	-0.14621277	0.19491364	-0.7102027	0.26340747	-0.12098608	0.16303994	-0.42860016	0.9999996	-0.3701904	0.07146614	-0.13343652	0.16081873	-0.16001254	0.08136708	-0.06568919	0.123350956	-0.13748272	0.12474789	-0.07357922
0.033125155	-0.039840337	0.028620744	-0.039439328	0.038309235	-0.047355283	0.051422074	-0.04901537	0.05401696	-0.03421511	0.078860015	-0.0794153	0.09427164	-0.10034315	0.115206875	-0.0801687	0.085128725	-0.1140451	0.25977552	-0.86456466	0.07322984	-0.098195285	0.16509731	-0.3701904	0.99999934	-0.045054168	0.07815872	-0.09257863	0.08986694	-0.10223406	0.041094128	-0.077314705	0.085327365	-0.08127344	0.08491173
-0.031481203	0.036879107	-0.026318235	0.03562977	-0.033261903	0.044315293	-0.05007307	0.04449105	-0.048931636	0.028365633	-0.09832799	0.08250186	-0.0797838	0.06561376	-0.086024955	0.12287127	-0.09194221	0.093563244	-0.08006996	0.045388106	-0.17620559	0.14173979	-0.13061123	0.07146614	-0.045054168	0.9999996	-0.19578609	0.13969477	-0.103619285	0.044721358	-0.906146	0.2221026	-0.20456347	0.090269566	-0.041342147
0.04779971	-0.056539804	0.040216006	-0.054702155	0.049768336	-0.06799276	0.07567406	-0.06822946	0.073877834	-0.04280838	0.14099565	-0.12919343	0.12395348	-0.10461127	0.12852465	-0.16436492	0.1591387	-0.17048742	0.13542618	-0.079977125	0.18654473	-0.3487872	0.24872333	-0.13343652	0.07815872	-0.19578609	0.9999991	-0.63539165	0.20059286	-0.08634852	0.16817918	-0.5071883	0.2955753	-0.18827176	0.07603369
-0.047724914	0.05637412	-0.040254988	0.05473997	-0.050877146	0.067574084	-0.07563941	0.06832744	-0.07476317	0.04376249	-0.13744217	0.12435202	-0.12709883	0.108258836	-0.13400231	0.14676014	-0.15294337	0.16975008	-0.16119173	0.091484636	-0.16647342	0.22837517	-0.39402962	0.16081873	-0.09257863	0.13969477	-0.63539165	0.9999991	-0.34797055	0.10063695	-0.13477571	0.29297584	-0.41167614	0.22979651	-0.09212073
0.03683716	-0.04355901	0.031084275	-0.04250996	0.039407372	-0.05245895	0.05714112	-0.052411996	0.057750598	-0.033898823	0.09506192	-0.08869109	0.092972964	-0.08341491	0.10292508	-0.10306716	0.099175744	-0.11770629	0.13581488	-0.089585006	0.104346395	-0.14097384	0.18516882	-0.16001254	0.08986694	-0.103619285	0.20059286	-0.34797055	0.99999917	-0.22488958	0.09233757	-0.23176432	0.26430792	-0.7931608	0.18638489
-0.019832246	0.023391524	-0.016796108	0.022935225	-0.02218562	0.028000195	-0.030903177	0.02837151	-0.03180463	0.019073756	-0.050516848	0.0463862	-0.051423	0.04658544	-0.060151845	0.051349968	-0.051212527	0.05992365	-0.08245222	0.0876187	-0.052332353	0.066342294	-0.09560559	0.08136708	-0.10223406	0.044721358	-0.08634852	0.10063695	-0.22488958	0.999999	-0.042003676	0.090917766	-0.13681711	0.2071362	-0.92992973
0.029578222	-0.03478454	0.02473	-0.033593353	0.030696202	-0.041980278	0.04659649	-0.04171075	0.045511574	-0.026224492	0.088393986	-0.07719958	0.07291272	-0.060741924	0.07829397	-0.11797352	0.08427143	-0.088150576	0.07235557	-0.041861575	0.13934511	-0.13542935	0.1167856	-0.06568919	0.041094128	-0.906146	0.16817918	-0.13477571	0.09233757	-0.042003676	0.99999887	-0.2962412	0.17848812	-0.084638275	0.038130984
-0.046535075	0.054543424	-0.039054137	0.052974973	-0.050225	0.06539359	-0.07365871	0.06598501	-0.07326284	0.04285229	-0.13490415	0.11665983	-0.119830936	0.10016611	-0.13129655	0.1420612	-0.13681632	0.14358585	-0.13429113	0.07709313	-0.16811045	0.20339175	-0.22765446	0.123350956	-0.077314705	0.2221026	-0.5071883	0.29297584	-0.23176432	0.090917766	-0.2962412	0.9999987	-0.64634836	0.20237172	-0.08567366
0.05220976	-0.061561543	0.043791328	-0.059925366	0.054624535	-0.07458962	0.08033916	-0.073366806	0.08073592	-0.046718493	0.13363318	-0.12350662	0.124754705	-0.108400576	0.13822077	-0.15101649	0.13609546	-0.15774012	0.13944323	-0.087895565	0.1529288	-0.20425358	0.22436546	-0.13748272	0.085327365	-0.20456347	0.2955753	-0.41167614	0.26430792	-0.13681711	0.17848812	-0.64634836	0.99999875	-0.37843028	0.11963495
-0.032421768	0.038229898	-0.027366122	0.03731936	-0.035295717	0.0458766	-0.050696693	0.04622621	-0.051315647	0.030293284	-0.086051226	0.078425094	-0.083750434	0.073932484	-0.09353604	0.09012244	-0.088936195	0.10212049	-0.12424619	0.07795516	-0.09462907	0.1222098	-0.17054552	0.12474789	-0.08127344	0.090269566	-0.18827176	0.22979651	-0.7931608	0.2071362	-0.084638275	0.20237172	-0.37843028	0.9999988	-0.26842335
0.018047899	-0.021311646	0.015272466	-0.020891113	0.019954305	-0.025579466	0.027965458	-0.025750386	0.028752664	-0.01717384	0.04518336	-0.041886814	0.045920916	-0.04188249	0.05354427	-0.046746198	0.04585152	-0.054252088	0.07202488	-0.08330162	0.046858203	-0.060242448	0.083347544	-0.07357922	0.08491173	-0.041342147	0.07603369	-0.09212073	0.18638489	-0.92992973	0.038130984	-0.08567366	0.11963495	-0.26842335	0.9999988
