1.0000001	-0.57721674	0.196328	-0.21147026	0.14903744	-0.6214064	0.2964828	-0.19087875	0.1552038	-0.121427186	0.27602327	-0.24317633	0.18284492	-0.15906398	0.124323845	-0.13082312	0.12621896	-0.12765163	0.11697021	-0.11986348	0.10355459	-0.1300756	0.09929381	-0.12203761	0.12643646	-0.12773983	0.09396641	-0.08868118	0.09115048	-0.08819655	0.05074095	-0.040542025	0.111350305	-0.08851864	0.098964654
-0.57721674	0.9999999	-0.31367618	0.21935701	-0.15732615	0.27869558	-0.618745	0.23081352	-0.17624493	0.12508345	-0.25327703	0.22414288	-0.20450549	0.15768857	-0.12491277	0.11360072	-0.11788408	0.115623474	-0.11203266	0.11402483	-0.0925591	0.1147468	-0.0905637	0.11202812	-0.1197935	0.109578945	-0.08499518	0.07982511	-0.08370938	0.08094257	-0.046167616	0.036791023	-0.10180655	0.080396086	-0.09134815
0.196328	-0.31367618	1.0000002	-0.6721541	0.21877564	-0.17709346	0.25475314	-0.5060805	0.26407394	-0.18649997	0.190194	-0.21066058	0.24886331	-0.22004116	0.16315056	-0.11857671	0.11956051	-0.13931353	0.14038312	-0.1490817	0.10147028	-0.13462503	0.10750713	-0.13930303	0.14537568	-0.122978896	0.09921765	-0.094568744	0.10029115	-0.09801556	0.053825796	-0.04300082	0.11920439	-0.09628898	0.10853362
-0.21147026	0.21935701	-0.6721541	1.0000001	-0.36107686	0.17335203	-0.2571492	0.30259103	-0.3853772	0.23262775	-0.22449651	0.2096522	-0.2830847	0.23863254	-0.20855117	0.12592019	-0.13107087	0.1528803	-0.16369611	0.17398825	-0.113085404	0.14769132	-0.1210932	0.1559758	-0.1772558	0.13354416	-0.11323591	0.10694756	-0.1162084	0.11404715	-0.06289292	0.04999246	-0.13977046	0.11066285	-0.12880942
0.14903744	-0.15732615	0.21877564	-0.36107686	1.0000002	-0.14626049	0.18058094	-0.23291618	0.29136726	-0.6532943	0.18439217	-0.19675697	0.2210047	-0.27735183	0.28205743	-0.1440194	0.14115214	-0.1982565	0.19787008	-0.27729556	0.13511343	-0.19482656	0.15264498	-0.20587976	0.2180451	-0.17120151	0.14143988	-0.13772272	0.14660789	-0.14981203	0.077371664	-0.06206418	0.17156234	-0.14325117	0.15909217
-0.6214064	0.27869558	-0.17709346	0.17335203	-0.14626049	1.0000001	-0.354068	0.17686158	-0.15136346	0.114586934	-0.576053	0.2466726	-0.19311868	0.14945051	-0.12055627	0.12711555	-0.12933892	0.11955926	-0.111798525	0.11245261	-0.1005002	0.12078921	-0.09404712	0.113860294	-0.121849135	0.11826201	-0.08917871	0.083287455	-0.086442985	0.083220996	-0.048421036	0.038562886	-0.10644212	0.08329846	-0.094579056
0.2964828	-0.618745	0.25475314	-0.2571492	0.18058094	-0.354068	1.0000001	-0.37917504	0.21121693	-0.15496267	0.26604542	-0.37851754	0.25409532	-0.2053336	0.15114701	-0.15452813	0.15585385	-0.14938073	0.14029825	-0.142524	0.11836917	-0.14771256	0.11503612	-0.14233696	0.14598481	-0.14229308	0.10687554	-0.100796126	0.10434981	-0.10060658	0.057110295	-0.0456516	0.12570013	-0.1004391	0.1122763
-0.19087875	0.23081352	-0.5060805	0.30259103	-0.23291618	0.17686158	-0.37917504	1.0000001	-0.45918068	0.20586552	-0.2112713	0.24564257	-0.48320433	0.2638025	-0.18597236	0.12597938	-0.1327607	0.14732468	-0.15788731	0.15788737	-0.106525965	0.1384573	-0.11379514	0.14712234	-0.15423541	0.12576205	-0.10331492	0.097981274	-0.10503965	0.10169875	-0.055620104	0.044406094	-0.12352087	0.09953932	-0.112871
0.1552038	-0.17624493	0.26407394	-0.3853772	0.29136726	-0.15136346	0.21121693	-0.45918068	0.99999994	-0.45999956	0.18549594	-0.21288997	0.282689	-0.48796982	0.25534183	-0.13146481	0.13345414	-0.18109973	0.20533344	-0.217517	0.11725687	-0.16331689	0.13640775	-0.18975857	0.18665978	-0.14196856	0.12070509	-0.1165819	0.12641244	-0.12347743	0.064372525	-0.0516011	0.14363104	-0.11948507	0.1331992
-0.121427186	0.12508345	-0.18649997	0.23262775	-0.6532943	0.114586934	-0.15496267	0.20586552	-0.45999956	1.0000002	-0.15019502	0.15675808	-0.20407617	0.2554069	-0.45083916	0.10775452	-0.10963563	0.1507294	-0.17355387	0.23766883	-0.10103639	0.14172825	-0.11794137	0.16045994	-0.19127199	0.12284501	-0.10728128	0.103378795	-0.11446281	0.116551995	-0.058472224	0.04677883	-0.1307472	0.10848919	-0.12522458
0.27602327	-0.25327703	0.190194	-0.22449651	0.18439217	-0.576053	0.26604542	-0.2112713	0.18549594	-0.15019502	0.9999998	-0.5084159	0.24924543	-0.21150093	0.16160946	-0.2236069	0.20540902	-0.18349037	0.15993415	-0.15943135	0.15597422	-0.18835236	0.1414344	-0.16881654	0.17081285	-0.19133936	0.13344687	-0.12526548	0.1263986	-0.121075846	0.07074002	-0.05662186	0.15459433	-0.122726716	0.13578373
-0.24317633	0.22414288	-0.21066058	0.2096522	-0.19675697	0.2466726	-0.37851754	0.24564257	-0.21288997	0.15675808	-0.5084159	1.0000002	-0.49410194	0.23109785	-0.174767	0.2315962	-0.35918936	0.1862982	-0.17210887	0.15909302	-0.16670865	0.17955557	-0.14560284	0.16521053	-0.17395611	0.17561108	-0.13263261	0.12136065	-0.1252986	0.11765748	-0.069420755	0.05525946	-0.15277717	0.11828233	-0.13410144
0.18284492	-0.20450549	0.24886331	-0.2830847	0.2210047	-0.19311868	0.25409532	-0.48320433	0.282689	-0.20407617	0.24924543	-0.49410194	1.0000002	-0.46429697	0.21215856	-0.1820438	0.18862145	-0.20722076	0.20940998	-0.19835784	0.14174053	-0.18587428	0.15210223	-0.19904365	0.18809173	-0.16795193	0.13401675	-0.12801336	0.13472064	-0.12864569	0.07011459	-0.05621809	0.15554686	-0.1275226	0.14060095
-0.15906398	0.15768857	-0.22004116	0.23863254	-0.27735183	0.14945051	-0.2053336	0.2638025	-0.48796982	0.2554069	-0.21150093	0.23109785	-0.46429697	1.0000006	-0.3824364	0.14566791	-0.1570911	0.22227305	-0.41040874	0.25671628	-0.13505384	0.18560179	-0.17280029	0.23908243	-0.23815069	0.1561901	-0.14474966	0.13802594	-0.15781234	0.14734472	-0.07628323	0.060976867	-0.17211106	0.1415892	-0.16154012
0.124323845	-0.12491277	0.16315056	-0.20855117	0.28205743	-0.12055627	0.15114701	-0.18597236	0.25534183	-0.45083916	0.16160946	-0.174767	0.21215856	-0.3824364	1.0000004	-0.13085423	0.13152087	-0.20453134	0.24276926	-0.62092865	0.124971874	-0.18463396	0.15540557	-0.22614537	0.26291302	-0.15402687	0.13719214	-0.13497639	0.15094218	-0.1621821	0.07307905	-0.05886464	0.16416456	-0.14314023	0.16096587
-0.13082312	0.11360072	-0.11857671	0.12592019	-0.1440194	0.12711555	-0.15452813	0.12597938	-0.13146481	0.10775452	-0.2236069	0.2315962	-0.1820438	0.14566791	-0.13085423	1.0000004	-0.7540322	0.20372505	-0.15415047	0.12717976	-0.41869774	0.2111858	-0.16911265	0.15223117	-0.15682928	0.24961929	-0.1558986	0.13109155	-0.12606955	0.11072874	-0.0743947	0.058977567	-0.16043992	0.11633117	-0.12986468
0.12621896	-0.11788408	0.11956051	-0.13107087	0.14115214	-0.12933892	0.15585385	-0.1327607	0.13345414	-0.10963563	0.20540902	-0.35918936	0.18862145	-0.1570911	0.13152087	-0.7540322	1.0000004	-0.2871825	0.16441964	-0.13248508	0.24765842	-0.24652715	0.18276389	-0.1647253	0.15425009	-0.2536806	0.15334477	-0.13572961	0.12617919	-0.1111366	0.07068575	-0.05676749	0.15292798	-0.11674914	0.1262885
-0.12765163	0.115623474	-0.13931353	0.1528803	-0.1982565	0.11955926	-0.14938073	0.14732468	-0.18109973	0.1507294	-0.18349037	0.1862982	-0.20722076	0.22227305	-0.20453134	0.20372505	-0.2871825	1.0000004	-0.46667236	0.21064058	-0.2026243	0.29457596	-0.59543306	0.29997557	-0.2532647	0.20084053	-0.2371877	0.21838075	-0.21525055	0.17318705	-0.10458438	0.08348691	-0.2405452	0.18086512	-0.1981455
0.11697021	-0.11203266	0.14038312	-0.16369611	0.19787008	-0.111798525	0.14029825	-0.15788731	0.20533344	-0.17355387	0.15993415	-0.17210887	0.20940998	-0.41040874	0.24276926	-0.15415047	0.16441964	-0.46667236	1.0000006	-0.3522926	0.1482613	-0.2393589	0.2613327	-0.5685461	0.2594406	-0.17053956	0.17656933	-0.17912392	0.20877306	-0.17668127	0.08446049	-0.06850087	0.19433239	-0.17751746	0.18037906
-0.11986348	0.11402483	-0.1490817	0.17398825	-0.27729556	0.11245261	-0.142524	0.15788737	-0.217517	0.23766883	-0.15943135	0.15909302	-0.19835784	0.25671628	-0.62092865	0.12717976	-0.13248508	0.21064058	-0.3522926	1.0000004	-0.12775385	0.18535003	-0.1705724	0.24637677	-0.4969655	0.15179855	-0.14912736	0.14473042	-0.17656013	0.19582134	-0.08008881	0.06427155	-0.18252717	0.15888043	-0.19832967
0.10355459	-0.0925591	0.10147028	-0.113085404	0.13511343	-0.1005002	0.11836917	-0.106525965	0.11725687	-0.10103639	0.15597422	-0.16670865	0.14174053	-0.13505384	0.124971874	-0.41869774	0.24765842	-0.2026243	0.1482613	-0.12775385	1.0000002	-0.34573492	0.18480738	-0.1669997	0.16089743	-0.7342216	0.20894392	-0.17000975	0.14239275	-0.1225424	0.09004131	-0.07304752	0.18032014	-0.13374335	0.14041778
-0.1300756	0.1147468	-0.13462503	0.14769132	-0.19482656	0.12078921	-0.14771256	0.1384573	-0.16331689	0.14172825	-0.18835236	0.17955557	-0.18587428	0.18560179	-0.18463396	0.2111858	-0.24652715	0.29457596	-0.2393589	0.18535003	-0.34573492	1.0	-0.5377803	0.2603612	-0.25456482	0.26995155	-0.43521595	0.28054765	-0.23975545	0.1881313	-0.13028254	0.10404135	-0.29389608	0.20539284	-0.22234876
0.09929381	-0.0905637	0.10750713	-0.1210932	0.15264498	-0.09404712	0.11503612	-0.11379514	0.13640775	-0.11794137	0.1414344	-0.14560284	0.15210223	-0.17280029	0.15540557	-0.16911265	0.18276389	-0.59543306	0.2613327	-0.1705724	0.18480738	-0.5377803	1.0	-0.38013119	0.20800428	-0.19599259	0.25542164	-0.3167651	0.20932947	-0.16059302	0.0916418	-0.0754427	0.21274059	-0.17579497	0.17219782
-0.12203761	0.11202812	-0.13930303	0.1559758	-0.20587976	0.113860294	-0.14233696	0.14712234	-0.18975857	0.16045994	-0.16881654	0.16521053	-0.19904365	0.23908243	-0.22614537	0.15223117	-0.1647253	0.29997557	-0.5685461	0.24637677	-0.1669997	0.2603612	-0.38013119	1.0	-0.36193144	0.18653302	-0.2309008	0.22667135	-0.38983405	0.22952294	-0.10978972	0.08858251	-0.26072994	0.23397742	-0.24442832
0.12643646	-0.1197935	0.14537568	-0.1772558	0.2180451	-0.121849135	0.14598481	-0.15423541	0.18665978	-0.19127199	0.17081285	-0.17395611	0.18809173	-0.23815069	0.26291302	-0.15682928	0.15425009	-0.2532647	0.2594406	-0.4969655	0.16089743	-0.25456482	0.20800428	-0.36193144	0.9999999	-0.20565116	0.19344164	-0.20130017	0.2514375	-0.4556909	0.10251768	-0.08404421	0.23417573	-0.24160603	0.27981928
-0.12773983	0.109578945	-0.122978896	0.13354416	-0.17120151	0.11826201	-0.14229308	0.12576205	-0.14196856	0.12284501	-0.19133936	0.17561108	-0.16795193	0.1561901	-0.15402687	0.24961929	-0.2536806	0.20084053	-0.17053956	0.15179855	-0.7342216	0.26995155	-0.19599259	0.18653302	-0.20565116	1.0	-0.31457755	0.206542	-0.18276614	0.15342076	-0.13309698	0.10218376	-0.25530744	0.16904974	-0.18588825
0.09396641	-0.08499518	0.09921765	-0.11323591	0.14143988	-0.08917871	0.10687554	-0.10331492	0.12070509	-0.10728128	0.13344687	-0.13263261	0.13401675	-0.14474966	0.13719214	-0.1558986	0.15334477	-0.2371877	0.17656933	-0.14912736	0.20894392	-0.43521595	0.25542164	-0.2309008	0.19344164	-0.31457755	0.9999998	-0.70330733	0.24302813	-0.1860844	0.11325931	-0.10339264	0.2508734	-0.2233862	0.18691376
-0.08868118	0.07982511	-0.094568744	0.10694756	-0.13772272	0.083287455	-0.100796126	0.097981274	-0.1165819	0.103378795	-0.12526548	0.12136065	-0.12801336	0.13802594	-0.13497639	0.13109155	-0.13572961	0.21838075	-0.17912392	0.14473042	-0.17000975	0.28054765	-0.3167651	0.22667135	-0.20130017	0.206542	-0.70330733	0.99999976	-0.38410747	0.19396655	-0.12400164	0.10766224	-0.34768578	0.24036866	-0.20649284
0.09115048	-0.08370938	0.10029115	-0.1162084	0.14660789	-0.086442985	0.10434981	-0.10503965	0.12641244	-0.11446281	0.1263986	-0.1252986	0.13472064	-0.15781234	0.15094218	-0.12606955	0.12617919	-0.21525055	0.20877306	-0.17656013	0.14239275	-0.23975545	0.20932947	-0.38983405	0.2514375	-0.18276614	0.24302813	-0.38410747	1.0	-0.4344879	0.11005836	-0.09548518	0.2812642	-0.5715341	0.2996055
-0.08819655	0.08094257	-0.09801556	0.11404715	-0.14981203	0.083220996	-0.10060658	0.10169875	-0.12347743	0.116551995	-0.121075846	0.11765748	-0.12864569	0.14734472	-0.1621821	0.11072874	-0.1111366	0.17318705	-0.17668127	0.19582134	-0.1225424	0.1881313	-0.16059302	0.22952294	-0.4556909	0.15342076	-0.1860844	0.19396655	-0.4344879	0.99999994	-0.09902871	0.081699386	-0.24293719	0.28595206	-0.66199714
0.05074095	-0.046167616	0.053825796	-0.06289292	0.077371664	-0.048421036	0.057110295	-0.055620104	0.064372525	-0.058472224	0.07074002	-0.069420755	0.07011459	-0.07628323	0.07307905	-0.0743947	0.07068575	-0.10458438	0.08446049	-0.08008881	0.09004131	-0.13028254	0.0916418	-0.10978972	0.10251768	-0.13309698	0.11325931	-0.12400164	0.11005836	-0.09902871	0.9999996	-0.9095232	0.23756741	-0.15899722	0.106961645
-0.040542025	0.036791023	-0.04300082	0.04999246	-0.06206418	0.038562886	-0.0456516	0.044406094	-0.0516011	0.04677883	-0.05662186	0.05525946	-0.05621809	0.060976867	-0.05886464	0.058977567	-0.05676749	0.08348691	-0.06850087	0.06427155	-0.07304752	0.10404135	-0.0754427	0.08858251	-0.08404421	0.10218376	-0.10339264	0.10766224	-0.09548518	0.081699386	-0.9095232	0.9999995	-0.32438865	0.13434142	-0.0916986
0.111350305	-0.10180655	0.11920439	-0.13977046	0.17156234	-0.10644212	0.12570013	-0.12352087	0.14363104	-0.1307472	0.15459433	-0.15277717	0.15554686	-0.17211106	0.16416456	-0.16043992	0.15292798	-0.2405452	0.19433239	-0.18252717	0.18032014	-0.29389608	0.21274059	-0.26072994	0.23417573	-0.25530744	0.2508734	-0.34768578	0.2812642	-0.24293719	0.23756741	-0.32438865	0.99999976	-0.5103747	0.25858185
-0.08851864	0.080396086	-0.09628898	0.11066285	-0.14325117	0.08329846	-0.1004391	0.09953932	-0.11948507	0.10848919	-0.122726716	0.11828233	-0.1275226	0.1415892	-0.14314023	0.11633117	-0.11674914	0.18086512	-0.17751746	0.15888043	-0.13374335	0.20539284	-0.17579497	0.23397742	-0.24160603	0.16904974	-0.2233862	0.24036866	-0.5715341	0.28595206	-0.15899722	0.13434142	-0.5103747	0.9999997	-0.46568868
0.098964654	-0.09134815	0.10853362	-0.12880942	0.15909217	-0.094579056	0.1122763	-0.112871	0.1331992	-0.12522458	0.13578373	-0.13410144	0.14060095	-0.16154012	0.16096587	-0.12986468	0.1262885	-0.1981455	0.18037906	-0.19832967	0.14041778	-0.22234876	0.17219782	-0.24442832	0.27981928	-0.18588825	0.18691376	-0.20649284	0.2996055	-0.66199714	0.106961645	-0.0916986	0.25858185	-0.46568868	0.9999997
