1.0000001	-0.9706695	0.033338193	-0.024126643	0.033529144	-0.14674993	0.13418874	-0.030464772	0.034440402	-0.025985148	0.09281999	-0.12096001	0.037294824	-0.031485382	0.032337066	-0.07366466	0.058174323	-0.042857397	0.050527073	-0.023246225	0.045148097	-0.034212302	0.02578599	-0.01937711	0.027669089	-0.03437157	0.02470341	-0.0205257	0.019599391	-0.02234363	0.018696263	-0.016377358	0.016117012	-0.014324206	0.012056731
-0.9706695	1.0	-0.035073496	0.025089875	-0.035081934	0.12758593	-0.15442307	0.031725008	-0.03607123	0.027063075	-0.09323344	0.11354053	-0.03903781	0.032769933	-0.03383602	0.07092651	-0.05969744	0.043357037	-0.052904606	0.024201082	-0.045584135	0.03388157	-0.026485223	0.019773697	-0.028960254	0.03394601	-0.024730945	0.020526636	-0.020104937	0.022770729	-0.018787827	0.016334327	-0.016228925	0.0145836	-0.012324592
0.033338193	-0.035073496	1.0	-0.5948185	0.29823443	-0.09351296	0.074611306	-0.5239708	0.23833169	-0.19122383	0.07514307	-0.090503074	0.26079217	-0.20030195	0.1790867	-0.12568603	0.109107755	-0.12154592	0.16293171	-0.0968906	0.08300435	-0.08867673	0.07612103	-0.06215363	0.10254271	-0.08193885	0.05872632	-0.056825332	0.06315339	-0.08074398	0.046290122	-0.042985175	0.042578425	-0.049205955	0.04101048
-0.024126643	0.025089875	-0.5948185	1.0000001	-0.6669687	0.06769814	-0.05378544	0.23504613	-0.22530985	0.1762367	-0.055230863	0.06523553	-0.2183039	0.15797305	-0.16958967	0.09268278	-0.083963655	0.09308007	-0.13386251	0.08034977	-0.06161902	0.06538488	-0.058312282	0.047323335	-0.08621509	0.06033735	-0.04346622	0.042008847	-0.04819372	0.061150786	-0.034253545	0.031712454	-0.031595957	0.037108622	-0.031174313
0.033529144	-0.035081934	0.29823443	-0.6669687	1.0000001	-0.09793458	0.073080674	-0.23330706	0.2248418	-0.2728675	0.07943609	-0.09165935	0.2081076	-0.18276599	0.21017009	-0.13647121	0.11777199	-0.1276973	0.17123024	-0.108316906	0.09185385	-0.09892655	0.08439629	-0.06854056	0.11550949	-0.09127155	0.065522514	-0.0639478	0.07087992	-0.090612225	0.051991988	-0.048299443	0.04789438	-0.055223055	0.046145175
-0.14674993	0.12758593	-0.09351296	0.06769814	-0.09793458	0.99999994	-0.52059656	0.089430474	-0.10680307	0.07918538	-0.6679106	0.31517327	-0.114848256	0.0984188	-0.10096442	0.2573687	-0.21324058	0.13804702	-0.17164764	0.07467154	-0.16888197	0.105106935	-0.0833453	0.06091301	-0.09035524	0.1085746	-0.080145374	0.0630755	-0.061809883	0.06834209	-0.059949715	0.0507767	-0.050877597	0.044010613	-0.03739905
0.13418874	-0.15442307	0.074611306	-0.05378544	0.073080674	-0.52059656	0.9999997	-0.084093675	0.08182045	-0.06052147	0.28691027	-0.75402695	0.09237613	-0.07588484	0.07407947	-0.19792035	0.15839112	-0.11157728	0.1191408	-0.053726234	0.11090954	-0.08100781	0.06047649	-0.045525927	0.06303049	-0.08191903	0.05847872	-0.04726897	0.0448975	-0.05118808	0.043352976	-0.03791881	0.03713184	-0.03281797	0.02751359
-0.030464772	0.031725008	-0.5239708	0.23504613	-0.23330706	0.089430474	-0.084093675	0.99999994	-0.4290772	0.21026671	-0.07215311	0.09184747	-0.5943494	0.26891625	-0.2151129	0.11487801	-0.10679641	0.12336066	-0.18448937	0.10116954	-0.074419975	0.0778095	-0.070851915	0.05791512	-0.105593026	0.0719118	-0.051768966	0.04937803	-0.05736519	0.07279105	-0.04038204	0.037333462	-0.037194215	0.044053517	-0.036935687
0.034440402	-0.03607123	0.23833169	-0.22530985	0.2248418	-0.10680307	0.08182045	-0.4290772	0.9999999	-0.513006	0.08670686	-0.10237319	0.30308786	-0.5053116	0.30447015	-0.15080802	0.13475077	-0.16804224	0.23388377	-0.14096446	0.09614241	-0.10316774	0.092569344	-0.077217385	0.13762748	-0.09506525	0.06799499	-0.06522221	0.0754184	-0.097612225	0.052952886	-0.049255908	0.048870362	-0.058705144	0.04894319
-0.025985148	0.027063075	-0.19122383	0.1762367	-0.2728675	0.07918538	-0.06052147	0.21026671	-0.513006	0.99999994	-0.0652235	0.07558935	-0.23275425	0.2694422	-0.70481044	0.1130171	-0.10708936	0.1265274	-0.1987789	0.15756394	-0.07374761	0.078372054	-0.07600872	0.06220698	-0.16347618	0.07204891	-0.052108936	0.05039684	-0.06330726	0.08097201	-0.040869728	0.037791535	-0.03808437	0.04778236	-0.041139375
0.09281999	-0.09323344	0.07514307	-0.055230863	0.07943609	-0.6679106	0.28691027	-0.07215311	0.08670686	-0.0652235	0.9999999	-0.4357729	0.0934868	-0.08200515	0.082490556	-0.4684372	0.20012306	-0.13372616	0.14295375	-0.0625341	0.16750471	-0.107267216	0.073421925	-0.05465017	0.07443806	-0.115763254	0.078693844	-0.060930498	0.054152835	-0.060726535	0.05751914	-0.049990796	0.048072282	-0.039345816	0.03302254
-0.12096001	0.11354053	-0.090503074	0.06523553	-0.09165935	0.31517327	-0.75402695	0.09184747	-0.10237319	0.07558935	-0.4357729	0.99999994	-0.11618517	0.09563107	-0.09481048	0.22346875	-0.23483792	0.14172055	-0.16069758	0.06974441	-0.14088453	0.096774384	-0.07822345	0.05769743	-0.083051555	0.09719631	-0.07185507	0.057318773	-0.057255737	0.06414185	-0.05325995	0.045758598	-0.045732174	0.041108828	-0.034720838
0.037294824	-0.03903781	0.26079217	-0.2183039	0.2081076	-0.114848256	0.09237613	-0.5943494	0.30308786	-0.23275425	0.0934868	-0.11618517	0.9999999	-0.5277942	0.23273851	-0.15782651	0.14078295	-0.17641859	0.23577212	-0.12827437	0.10023878	-0.10683631	0.094531104	-0.0786331	0.12789096	-0.0986161	0.07047526	-0.06728635	0.07627213	-0.09807692	0.054796256	-0.050935168	0.05040421	-0.059463598	0.049316056
-0.031485382	0.032769933	-0.20030195	0.15797305	-0.18276599	0.0984188	-0.07588484	0.26891625	-0.5053116	0.2694422	-0.08200515	0.09563107	-0.5277942	0.9999999	-0.39022082	0.14323397	-0.14715816	0.18753533	-0.4281221	0.1549343	-0.09089155	0.09590673	-0.09448964	0.07812941	-0.15224257	0.087997176	-0.06362997	0.06035937	-0.07398808	0.09358009	-0.049134597	0.045434665	-0.045530926	0.056141037	-0.047148425
0.032337066	-0.03383602	0.1790867	-0.16958967	0.21017009	-0.10096442	0.07407947	-0.2151129	0.30447015	-0.70481044	0.082490556	-0.09481048	0.23273851	-0.39022082	0.9999999	-0.14604408	0.13082856	-0.16107704	0.2270641	-0.2507619	0.09409985	-0.101527266	0.09477902	-0.0790622	0.19363205	-0.09334704	0.06702648	-0.06507949	0.079759195	-0.1051288	0.052540574	-0.04884058	0.04891059	-0.061491285	0.05239116
-0.07366466	0.07092651	-0.12568603	0.09268278	-0.13647121	0.2573687	-0.19792035	0.11487801	-0.15080802	0.1130171	-0.4684372	0.22346875	-0.15782651	0.14323397	-0.14604408	1.0000001	-0.46901453	0.2379967	-0.27220032	0.11316881	-0.43999577	0.19141255	-0.13484369	0.09760783	-0.13672836	0.21296634	-0.14973816	0.10911338	-0.09755757	0.10687206	-0.10779675	0.090307534	-0.08813703	0.069583945	-0.058807854
0.058174323	-0.05969744	0.109107755	-0.083963655	0.11777199	-0.21324058	0.15839112	-0.10679641	0.13475077	-0.10708936	0.20012306	-0.23483792	0.14078295	-0.14715816	0.13082856	-0.46901453	1.0000004	-0.65787977	0.271166	-0.11531056	0.2015085	-0.20586795	0.15656044	-0.12401811	0.1238856	-0.17636956	0.1309432	-0.103021964	0.1027963	-0.12186574	0.08858687	-0.08041053	0.07837524	-0.077653624	0.0627421
-0.042857397	0.043357037	-0.12154592	0.09308007	-0.1276973	0.13804702	-0.11157728	0.12336066	-0.16804224	0.1265274	-0.13372616	0.14172055	-0.17641859	0.18753533	-0.16107704	0.2379967	-0.65787977	1.0000004	-0.5307858	0.14617889	-0.15105833	0.14194246	-0.23285453	0.14911553	-0.16234687	0.12518808	-0.09867633	0.08459835	-0.11868367	0.13305642	-0.070950486	0.0630374	-0.06604011	0.08364352	-0.06831881
0.050527073	-0.052904606	0.16293171	-0.13386251	0.17123024	-0.17164764	0.1191408	-0.18448937	0.23388377	-0.1987789	0.14295375	-0.16069758	0.23577212	-0.4281221	0.2270641	-0.27220032	0.271166	-0.5307858	1.0000002	-0.28940558	0.1601879	-0.1726625	0.17268088	-0.15327072	0.2209175	-0.15751491	0.11268383	-0.10526186	0.1277287	-0.1640096	0.085266024	-0.079372555	0.07885712	-0.09866223	0.0806697
-0.023246225	0.024201082	-0.0968906	0.08034977	-0.108316906	0.07467154	-0.053726234	0.10116954	-0.14096446	0.15756394	-0.0625341	0.06974441	-0.12827437	0.1549343	-0.2507619	0.11316881	-0.11531056	0.14617889	-0.28940558	0.99999994	-0.07437898	0.079462275	-0.103367925	0.08476002	-0.87091076	0.07218802	-0.05355351	0.05431092	-0.09727917	0.12799901	-0.04292485	0.039292637	-0.042111948	0.066740744	-0.06587957
0.045148097	-0.045584135	0.08300435	-0.06161902	0.09185385	-0.16888197	0.11090954	-0.074419975	0.09614241	-0.07374761	0.16750471	-0.14088453	0.10023878	-0.09089155	0.09409985	-0.43999577	0.2015085	-0.15105833	0.1601879	-0.07437898	0.99999976	-0.3959267	0.109156154	-0.08350573	0.0884109	-0.6412946	0.27000856	-0.17996569	0.086246185	-0.096030466	0.1819148	-0.16703135	0.13456914	-0.066893436	0.05458437
-0.034212302	0.03388157	-0.08867673	0.06538488	-0.09892655	0.105106935	-0.08100781	0.0778095	-0.10316774	0.078372054	-0.107267216	0.096774384	-0.10683631	0.09590673	-0.101527266	0.19141255	-0.20586795	0.14194246	-0.1726625	0.079462275	-0.3959267	0.99999976	-0.143718	0.09873259	-0.09667373	0.30330563	-0.74875593	0.19026506	-0.10044808	0.1035035	-0.17642683	0.13481875	-0.16831821	0.073802754	-0.06128433
0.02578599	-0.026485223	0.07612103	-0.058312282	0.08439629	-0.0833453	0.06047649	-0.070851915	0.092569344	-0.07600872	0.073421925	-0.07822345	0.094531104	-0.09448964	0.09477902	-0.13484369	0.15656044	-0.23285453	0.17268088	-0.103367925	0.109156154	-0.143718	0.99999994	-0.77753377	0.11578604	-0.10451039	0.09627906	-0.11365001	0.29019105	-0.34353507	0.07526049	-0.06748845	0.08769689	-0.22079301	0.15767518
-0.01937711	0.019773697	-0.06215363	0.047323335	-0.06854056	0.06091301	-0.045525927	0.05791512	-0.077217385	0.06220698	-0.05465017	0.05769743	-0.0786331	0.07812941	-0.0790622	0.09760783	-0.12401811	0.14911553	-0.15327072	0.08476002	-0.08350573	0.09873259	-0.77753377	1.0000001	-0.10134049	0.07697841	-0.073089845	0.08925096	-0.48976696	0.25014684	-0.06002398	0.05235511	-0.07291042	0.17595638	-0.1390729
0.027669089	-0.028960254	0.10254271	-0.08621509	0.11550949	-0.09035524	0.06303049	-0.105593026	0.13762748	-0.16347618	0.07443806	-0.083051555	0.12789096	-0.15224257	0.19363205	-0.13672836	0.1238856	-0.16234687	0.2209175	-0.87091076	0.0884109	-0.09667373	0.11578604	-0.10134049	1.0	-0.08800996	0.06440005	-0.065954	0.11282117	-0.17689082	0.051633373	-0.047756486	0.05058258	-0.08263231	0.0789926
-0.03437157	0.03394601	-0.08193885	0.06033735	-0.09127155	0.1085746	-0.08191903	0.0719118	-0.09506525	0.07204891	-0.115763254	0.09719631	-0.0986161	0.087997176	-0.09334704	0.21296634	-0.17636956	0.12518808	-0.15751491	0.07218802	-0.6412946	0.30330563	-0.10451039	0.07697841	-0.08800996	1.0000002	-0.49524575	0.191484	-0.08495096	0.08923704	-0.30818406	0.19029322	-0.16788027	0.06467198	-0.05378152
0.02470341	-0.024730945	0.05872632	-0.04346622	0.065522514	-0.080145374	0.05847872	-0.051768966	0.06799499	-0.052108936	0.078693844	-0.07185507	0.07047526	-0.06362997	0.06702648	-0.14973816	0.1309432	-0.09867633	0.11268383	-0.05355351	0.27000856	-0.74875593	0.09627906	-0.073089845	0.06440005	-0.49524575	1.0000001	-0.25061837	0.07611052	-0.07983597	0.17125857	-0.14524877	0.1647945	-0.059180092	0.04801635
-0.0205257	0.020526636	-0.056825332	0.042008847	-0.0639478	0.0630755	-0.04726897	0.04937803	-0.06522221	0.05039684	-0.060930498	0.057318773	-0.06728635	0.06035937	-0.06507949	0.10911338	-0.103021964	0.08459835	-0.10526186	0.05431092	-0.17996569	0.19026506	-0.11365001	0.08925096	-0.065954	0.191484	-0.25061837	1.0000004	-0.1368912	0.115378715	-0.35096493	0.27178484	-0.79746085	0.10796614	-0.08843775
0.019599391	-0.020104937	0.06315339	-0.04819372	0.07087992	-0.061809883	0.0448975	-0.05736519	0.0754184	-0.06330726	0.054152835	-0.057255737	0.07627213	-0.07398808	0.079759195	-0.09755757	0.1027963	-0.11868367	0.1277287	-0.09727917	0.086246185	-0.10044808	0.29019105	-0.48976696	0.11282117	-0.08495096	0.07611052	-0.1368912	1.0	-0.60953957	0.0767339	-0.069269516	0.10528915	-0.43753266	0.27175137
-0.02234363	0.022770729	-0.08074398	0.061150786	-0.090612225	0.06834209	-0.05118808	0.07279105	-0.097612225	0.08097201	-0.060726535	0.06414185	-0.09807692	0.09358009	-0.1051288	0.10687206	-0.12186574	0.13305642	-0.1640096	0.12799901	-0.096030466	0.1035035	-0.34353507	0.25014684	-0.17689082	0.08923704	-0.07983597	0.115378715	-0.60953957	0.9999999	-0.08023448	0.068936355	-0.10231173	0.3114462	-0.5167847
0.018696263	-0.018787827	0.046290122	-0.034253545	0.051991988	-0.059949715	0.043352976	-0.04038204	0.052952886	-0.040869728	0.05751914	-0.05325995	0.054796256	-0.049134597	0.052540574	-0.10779675	0.08858687	-0.070950486	0.085266024	-0.04292485	0.1819148	-0.17642683	0.07526049	-0.06002398	0.051633373	-0.30818406	0.17125857	-0.35096493	0.0767339	-0.08023448	0.9999997	-0.80223495	0.27082205	-0.0670552	0.052748032
-0.016377358	0.016334327	-0.042985175	0.031712454	-0.048299443	0.0507767	-0.03791881	0.037333462	-0.049255908	0.037791535	-0.049990796	0.045758598	-0.050935168	0.045434665	-0.04884058	0.090307534	-0.08041053	0.0630374	-0.079372555	0.039292637	-0.16703135	0.13481875	-0.06748845	0.05235511	-0.047756486	0.19029322	-0.14524877	0.27178484	-0.069269516	0.068936355	-0.80223495	0.9999996	-0.44572878	0.06223383	-0.050373714
0.016117012	-0.016228925	0.042578425	-0.031595957	0.04789438	-0.050877597	0.03713184	-0.037194215	0.048870362	-0.03808437	0.048072282	-0.045732174	0.05040421	-0.045530926	0.04891059	-0.08813703	0.07837524	-0.06604011	0.07885712	-0.042111948	0.13456914	-0.16831821	0.08769689	-0.07291042	0.05058258	-0.16788027	0.1647945	-0.79746085	0.10528915	-0.10231173	0.27082205	-0.44572878	0.99999934	-0.11142099	0.08098974
-0.014324206	0.0145836	-0.049205955	0.037108622	-0.055223055	0.044010613	-0.03281797	0.044053517	-0.058705144	0.04778236	-0.039345816	0.041108828	-0.059463598	0.056141037	-0.061491285	0.069583945	-0.077653624	0.08364352	-0.09866223	0.066740744	-0.066893436	0.073802754	-0.22079301	0.17595638	-0.08263231	0.06467198	-0.059180092	0.10796614	-0.43753266	0.3114462	-0.0670552	0.06223383	-0.11142099	0.99999934	-0.786574
0.012056731	-0.012324592	0.04101048	-0.031174313	0.046145175	-0.03739905	0.02751359	-0.036935687	0.04894319	-0.041139375	0.03302254	-0.034720838	0.049316056	-0.047148425	0.05239116	-0.058807854	0.0627421	-0.06831881	0.0806697	-0.06587957	0.05458437	-0.06128433	0.15767518	-0.1390729	0.0789926	-0.05378152	0.04801635	-0.08843775	0.27175137	-0.5167847	0.052748032	-0.050373714	0.08098974	-0.786574	0.99999934
