1.0000001	-0.43689713	0.20309773	-0.10710694	0.085148364	-0.6129642	0.30547568	-0.2003957	0.15201882	-0.102559194	0.303563	-0.2703083	0.18698259	-0.14700812	0.15693958	-0.18820564	0.15570447	-0.15375379	0.14535198	-0.056566328	0.14559126	-0.15313652	0.1359925	-0.13124034	0.057519667	-0.06318919	0.092115685	-0.09785802	0.105861224	-0.12635395	0.06760108	-0.09479326	0.081709936	-0.09608528	0.09720809
-0.43689713	1.0000001	-0.39567107	0.087196305	-0.069195464	0.28368163	-0.69626355	0.24503113	-0.12586898	0.0812105	-0.2447587	0.20199852	-0.17941448	0.12198994	-0.12576744	0.12710206	-0.118874155	0.1174858	-0.11467384	0.04211248	-0.10560366	0.107565604	-0.10201784	0.09751345	-0.0430329	0.044389643	-0.06499188	0.06840036	-0.07607481	0.08800295	-0.048140235	0.065565936	-0.05738683	0.0659045	-0.06757829
0.20309773	-0.39567107	1.0	-0.12614161	0.09027708	-0.16828318	0.24389383	-0.76371866	0.1581761	-0.10681914	0.18441631	-0.2534403	0.2533063	-0.17301248	0.15098691	-0.13571449	0.13808079	-0.15291645	0.14128225	-0.051317018	0.11370104	-0.12675352	0.12189679	-0.12263127	0.051565163	-0.049244612	0.07539801	-0.08105319	0.09100367	-0.106879905	0.052998956	-0.07663205	0.06715434	-0.07790096	0.07845091
-0.10710694	0.087196305	-0.12614161	0.99999994	-0.6664973	0.07800671	-0.08675078	0.11536641	-0.5472163	0.31217074	-0.12145415	0.15071826	-0.16182767	0.20710652	-0.31961703	0.10311948	-0.10626821	0.11597367	-0.15765125	0.07453936	-0.093662545	0.10713439	-0.10924749	0.121018775	-0.076750025	0.041601066	-0.066882946	0.07395666	-0.090277	0.10527486	-0.04513746	0.06755032	-0.06176875	0.07316002	-0.07539747
0.085148364	-0.069195464	0.09027708	-0.6664973	0.99999994	-0.062804945	0.067947015	-0.08845092	0.27923664	-0.62205905	0.097722	-0.12672009	0.12246214	-0.16346093	0.25322297	-0.086316526	0.08616203	-0.095007844	0.11996127	-0.062800296	0.07676199	-0.09031202	0.08833442	-0.10031287	0.061500218	-0.03457981	0.05579149	-0.062286947	0.074572474	-0.09040948	0.037256695	-0.05712028	0.05158611	-0.062042687	0.0626524
-0.6129642	0.28368163	-0.16828318	0.07800671	-0.062804945	1.0	-0.4856219	0.15801765	-0.1144294	0.07503978	-0.50583774	0.21487586	-0.15164454	0.110864945	-0.1175534	0.15373585	-0.12563023	0.11739252	-0.1102596	0.041038044	-0.119005635	0.11419148	-0.1035661	0.096728384	-0.041935638	0.048523054	-0.06820823	0.07085756	-0.07687914	0.08949841	-0.052395124	0.06903785	-0.059476376	0.06798857	-0.06941938
0.30547568	-0.69626355	0.24389383	-0.08675078	0.067947015	-0.4856219	1.0000001	-0.27406386	0.12315631	-0.081610456	0.24575828	-0.24096812	0.17557628	-0.124291725	0.12400575	-0.1381054	0.1250582	-0.1240713	0.115966	-0.042999666	0.10944028	-0.114192165	0.10545099	-0.10144295	0.04369131	-0.046483457	0.06813864	-0.07194657	0.07901938	-0.092546396	0.050010316	-0.06927504	0.06006327	-0.06932744	0.0703946
-0.2003957	0.24503113	-0.76371866	0.11536641	-0.08845092	0.15801765	-0.27406386	1.0000002	-0.1731807	0.1046986	-0.18445201	0.22925	-0.41463774	0.18191817	-0.1592988	0.12746285	-0.13895863	0.15090404	-0.14930694	0.050237607	-0.11016655	0.11945491	-0.12196171	0.11930825	-0.050935067	0.046813	-0.07164819	0.076386124	-0.087652594	0.09998081	-0.05076956	0.07177318	-0.06367458	0.07273302	-0.0741927
0.15201882	-0.12586898	0.1581761	-0.5472163	0.27923664	-0.1144294	0.12315631	-0.1731807	1.0	-0.40822345	0.17677194	-0.24630697	0.23530652	-0.43389848	0.30755246	-0.16194622	0.1613505	-0.18385787	0.22974056	-0.09256735	0.1413952	-0.17073244	0.16528852	-0.19739614	0.09043386	-0.06389039	0.10341437	-0.11596816	0.13708934	-0.16698615	0.068483114	-0.10644948	0.09513558	-0.11448182	0.113393314
-0.102559194	0.0812105	-0.10681914	0.31217074	-0.62205905	0.07503978	-0.081610456	0.1046986	-0.40822345	1.0	-0.1182625	0.15031521	-0.15887	0.2158132	-0.5371101	0.103049	-0.10565556	0.11629254	-0.15873669	0.091008134	-0.093167886	0.10805517	-0.10955532	0.12360767	-0.092245184	0.041616805	-0.06735264	0.07495499	-0.09208453	0.10886795	-0.045049004	0.06825031	-0.062436223	0.07435488	-0.0763827
0.303563	-0.2447587	0.18441631	-0.12145415	0.097722	-0.50583774	0.24575828	-0.18445201	0.17677194	-0.1182625	0.99999994	-0.4468011	0.22853595	-0.17607276	0.18426234	-0.34693295	0.22383633	-0.20502338	0.17968978	-0.067196794	0.2117099	-0.20587958	0.1765391	-0.16363113	0.06837581	-0.08681223	0.1191077	-0.12302082	0.13006522	-0.15293448	0.091831386	-0.12176637	0.102612294	-0.11686309	0.117787495
-0.2703083	0.20199852	-0.2534403	0.15071826	-0.12672009	0.21487586	-0.24096812	0.22925	-0.24630697	0.15031521	-0.4468011	0.9999999	-0.50521904	0.24967313	-0.25617677	0.24942356	-0.39303243	0.26794392	-0.24826775	0.08070254	-0.22066194	0.21566309	-0.22297339	0.19437262	-0.08355039	0.087674424	-0.12888324	0.13065556	-0.14778268	0.161228	-0.09658862	0.124989785	-0.11078381	0.12092171	-0.12693296
0.18698259	-0.17941448	0.2533063	-0.16182767	0.12246214	-0.15164454	0.17557628	-0.41463774	0.23530652	-0.15887	0.22853595	-0.50521904	0.99999976	-0.46990213	0.23744248	-0.1984743	0.23628363	-0.32551497	0.2502271	-0.078542806	0.16759753	-0.19436349	0.20213042	-0.20706703	0.07795224	-0.07159148	0.112362415	-0.121136814	0.1388259	-0.15915462	0.07706833	-0.11271926	0.09948415	-0.11313108	0.113409616
-0.14700812	0.12198994	-0.17301248	0.20710652	-0.16346093	0.110864945	-0.124291725	0.18191817	-0.43389848	0.2158132	-0.17607276	0.24967313	-0.46990213	1.0000001	-0.4371229	0.15902184	-0.18091238	0.21321185	-0.48868528	0.09600458	-0.14379686	0.16997226	-0.19343556	0.23249996	-0.095515415	0.06281875	-0.10322794	0.11471869	-0.14742193	0.16062301	-0.067989826	0.10279814	-0.09459972	0.10920629	-0.11043094
0.15693958	-0.12576744	0.15098691	-0.31961703	0.25322297	-0.1175534	0.12400575	-0.1592988	0.30755246	-0.5371101	0.18426234	-0.25617677	0.23744248	-0.4371229	1.0000002	-0.17134744	0.16918343	-0.19254708	0.23901266	-0.18823683	0.14987527	-0.18240596	0.17541327	-0.21152242	0.15294759	-0.06823677	0.11142161	-0.12609617	0.15189865	-0.19065183	0.07307545	-0.114962	0.10349295	-0.12572138	0.12526461
-0.18820564	0.12710206	-0.13571449	0.10311948	-0.086316526	0.15373585	-0.1381054	0.12746285	-0.16194622	0.103049	-0.34693295	0.24942356	-0.1984743	0.15902184	-0.17134744	1.0000001	-0.4569886	0.2518582	-0.19947103	0.063179284	-0.6353889	0.2776152	-0.2396362	0.17584604	-0.06537603	0.15441267	-0.15672861	0.13865054	-0.13872522	0.14759265	-0.17162648	0.14680806	-0.119832456	0.1176044	-0.122784235
0.15570447	-0.118874155	0.13808079	-0.10626821	0.08616203	-0.12563023	0.1250582	-0.13895863	0.1613505	-0.10565556	0.22383633	-0.39303243	0.23628363	-0.18091238	0.16918343	-0.4569886	0.9999999	-0.62108105	0.21671319	-0.06496778	0.25859338	-0.3252312	0.26565215	-0.20537163	0.06603571	-0.09871657	0.14688683	-0.14205708	0.1422988	-0.15558967	0.10405822	-0.14299528	0.11564778	-0.11757935	0.117703654
-0.15375379	0.1174858	-0.15291645	0.11597367	-0.095007844	0.11739252	-0.1240713	0.15090404	-0.18385787	0.11629254	-0.20502338	0.26794392	-0.32551497	0.21321185	-0.19254708	0.2518582	-0.62108105	0.99999964	-0.3248949	0.071483485	-0.23556352	0.26256716	-0.46834406	0.24858025	-0.07338429	0.090130314	-0.14367805	0.14526944	-0.16132778	0.16362324	-0.098884076	0.13358627	-0.12019547	0.12077986	-0.124129824
0.14535198	-0.11467384	0.14128225	-0.15765125	0.11996127	-0.1102596	0.115966	-0.14930694	0.22974056	-0.15873669	0.17968978	-0.24826775	0.2502271	-0.48868528	0.23901266	-0.19947103	0.21671319	-0.3248949	0.9999995	-0.10587666	0.17721908	-0.23885825	0.276174	-0.581304	0.101830386	-0.07966369	0.13845395	-0.16304953	0.219161	-0.24309193	0.08510987	-0.13938232	0.12914617	-0.15247574	0.14652659
-0.056566328	0.04211248	-0.051317018	0.07453936	-0.062800296	0.041038044	-0.042999666	0.050237607	-0.09256735	0.091008134	-0.067196794	0.08070254	-0.078542806	0.09600458	-0.18823683	0.063179284	-0.06496778	0.071483485	-0.10587666	0.9999994	-0.06122323	0.072173685	-0.07952318	0.098180905	-0.9499153	0.028634552	-0.05193582	0.06241579	-0.10624447	0.13381954	-0.031313792	0.051165387	-0.054258753	0.06674805	-0.08110555
0.14559126	-0.10560366	0.11370104	-0.093662545	0.07676199	-0.119005635	0.10944028	-0.11016655	0.1413952	-0.093167886	0.2117099	-0.22066194	0.16759753	-0.14379686	0.14987527	-0.6353889	0.25859338	-0.23556352	0.17721908	-0.06122323	0.99999917	-0.49010253	0.2325112	-0.18222171	0.062371645	-0.2739529	0.1953609	-0.16634153	0.1444172	-0.16067995	0.2072474	-0.19681488	0.13770536	-0.13094382	0.12809432
-0.15313652	0.107565604	-0.12675352	0.10713439	-0.09031202	0.11419148	-0.114192165	0.11945491	-0.17073244	0.10805517	-0.20587958	0.21566309	-0.19436349	0.16997226	-0.18240596	0.2776152	-0.3252312	0.26256716	-0.23885825	0.072173685	-0.49010253	0.9999989	-0.49102423	0.23703109	-0.0752349	0.15543453	-0.38184047	0.2111597	-0.18855147	0.18287987	-0.1706118	0.2355488	-0.18435378	0.15210953	-0.15944678
0.1359925	-0.10201784	0.12189679	-0.10924749	0.08833442	-0.1035661	0.10545099	-0.12196171	0.16528852	-0.10955532	0.1765391	-0.22297339	0.20213042	-0.19343556	0.17541327	-0.2396362	0.26565215	-0.46834406	0.276174	-0.07952318	0.2325112	-0.49102423	0.9999988	-0.5104149	0.080707006	-0.100880906	0.19348104	-0.22592942	0.2139144	-0.21630621	0.10648297	-0.18291786	0.16129886	-0.15502977	0.1506843
-0.13124034	0.09751345	-0.12263127	0.121018775	-0.10031287	0.096728384	-0.10144295	0.11930825	-0.19739614	0.12360767	-0.16363113	0.19437262	-0.20706703	0.23249996	-0.21152242	0.17584604	-0.20537163	0.24858025	-0.581304	0.098180905	-0.18222171	0.23703109	-0.5104149	0.99999875	-0.1058749	0.079875395	-0.1510647	0.18012483	-0.3853666	0.24762012	-0.08737579	0.14037408	-0.14619823	0.1589006	-0.16244346
0.057519667	-0.0430329	0.051565163	-0.076750025	0.061500218	-0.041935638	0.04369131	-0.050935067	0.09043386	-0.092245184	0.06837581	-0.08355039	0.07795224	-0.095515415	0.15294759	-0.06537603	0.06603571	-0.07338429	0.101830386	-0.9499153	0.062371645	-0.0752349	0.080707006	-0.1058749	0.999999	-0.0293853	0.053225484	-0.064936	0.10781329	-0.16302045	0.031955127	-0.053085804	0.05540537	-0.06943569	0.081080005
-0.06318919	0.044389643	-0.049244612	0.041601066	-0.03457981	0.048523054	-0.046483457	0.046813	-0.06389039	0.041616805	-0.08681223	0.087674424	-0.07159148	0.06281875	-0.06823677	0.15441267	-0.09871657	0.090130314	-0.07966369	0.028634552	-0.2739529	0.15543453	-0.100880906	0.079875395	-0.0293853	0.99999934	-0.17710668	0.10586462	-0.07612325	0.08045678	-0.9107791	0.16456094	-0.101689436	0.07529725	-0.07547898
0.092115685	-0.06499188	0.07539801	-0.066882946	0.05579149	-0.06820823	0.06813864	-0.07164819	0.10341437	-0.06735264	0.1191077	-0.12888324	0.112362415	-0.10322794	0.11142161	-0.15672861	0.14688683	-0.14367805	0.13845395	-0.05193582	0.1953609	-0.38184047	0.19348104	-0.1510647	0.053225484	-0.17710668	0.999999	-0.41474897	0.17096283	-0.17216094	0.16632397	-0.70973694	0.2841497	-0.17560863	0.16151014
-0.09785802	0.06840036	-0.08105319	0.07395666	-0.062286947	0.07085756	-0.07194657	0.076386124	-0.11596816	0.07495499	-0.12302082	0.13065556	-0.121136814	0.11471869	-0.12609617	0.13865054	-0.14205708	0.14526944	-0.16304953	0.06241579	-0.16634153	0.2111597	-0.22592942	0.18012483	-0.064936	0.10586462	-0.41474897	0.9999988	-0.33440316	0.2290811	-0.11814409	0.29731876	-0.6845619	0.24474837	-0.25797817
0.105861224	-0.07607481	0.09100367	-0.090277	0.074572474	-0.07687914	0.07901938	-0.087652594	0.13708934	-0.09208453	0.13006522	-0.14778268	0.1388259	-0.14742193	0.15189865	-0.13872522	0.1422988	-0.16132778	0.219161	-0.10624447	0.1444172	-0.18855147	0.2139144	-0.3853666	0.10781329	-0.07612325	0.17096283	-0.33440316	0.9999984	-0.7034675	0.08260678	-0.16988532	0.2145057	-0.31011522	0.2592411
-0.12635395	0.08800295	-0.106879905	0.10527486	-0.09040948	0.08949841	-0.092546396	0.09998081	-0.16698615	0.10886795	-0.15293448	0.161228	-0.15915462	0.16062301	-0.19065183	0.14759265	-0.15558967	0.16362324	-0.24309193	0.13381954	-0.16067995	0.18287987	-0.21630621	0.24762012	-0.16302045	0.08045678	-0.17216094	0.2290811	-0.7034675	0.9999982	-0.089857325	0.16121444	-0.21249841	0.2650824	-0.4085898
0.06760108	-0.048140235	0.052998956	-0.04513746	0.037256695	-0.052395124	0.050010316	-0.05076956	0.068483114	-0.045049004	0.091831386	-0.09658862	0.07706833	-0.067989826	0.07307545	-0.17162648	0.10405822	-0.098884076	0.08510987	-0.031313792	0.2072474	-0.1706118	0.10648297	-0.08737579	0.031955127	-0.9107791	0.16632397	-0.11814409	0.08260678	-0.089857325	0.9999983	-0.21021757	0.1091936	-0.08408401	0.080880135
-0.09479326	0.065565936	-0.07663205	0.06755032	-0.05712028	0.06903785	-0.06927504	0.07177318	-0.10644948	0.06825031	-0.12176637	0.124989785	-0.11271926	0.10279814	-0.114962	0.14680806	-0.14299528	0.13358627	-0.13938232	0.051165387	-0.19681488	0.2355488	-0.18291786	0.14037408	-0.053085804	0.16456094	-0.70973694	0.29731876	-0.16988532	0.16121444	-0.21021757	0.99999857	-0.47525477	0.18667994	-0.19157791
0.081709936	-0.05738683	0.06715434	-0.06176875	0.05158611	-0.059476376	0.06006327	-0.06367458	0.09513558	-0.062436223	0.102612294	-0.11078381	0.09948415	-0.09459972	0.10349295	-0.119832456	0.11564778	-0.12019547	0.12914617	-0.054258753	0.13770536	-0.18435378	0.16129886	-0.14619823	0.05540537	-0.101689436	0.2841497	-0.6845619	0.2145057	-0.21249841	0.1091936	-0.47525477	0.99999857	-0.3666283	0.23646706
-0.09608528	0.0659045	-0.07790096	0.07316002	-0.062042687	0.06798857	-0.06932744	0.07273302	-0.11448182	0.07435488	-0.11686309	0.12092171	-0.11313108	0.10920629	-0.12572138	0.1176044	-0.11757935	0.12077986	-0.15247574	0.06674805	-0.13094382	0.15210953	-0.15502977	0.1589006	-0.06943569	0.07529725	-0.17560863	0.24474837	-0.31011522	0.2650824	-0.08408401	0.18667994	-0.3666283	0.99999857	-0.7837706
0.09720809	-0.06757829	0.07845091	-0.07539747	0.0626524	-0.06941938	0.0703946	-0.0741927	0.113393314	-0.0763827	0.117787495	-0.12693296	0.113409616	-0.11043094	0.12526461	-0.122784235	0.117703654	-0.124129824	0.14652659	-0.08110555	0.12809432	-0.15944678	0.1506843	-0.16244346	0.081080005	-0.07547898	0.16151014	-0.25797817	0.2592411	-0.4085898	0.080880135	-0.19157791	0.23646706	-0.7837706	0.99999857
