0.99999994	-0.24236177	0.17129248	-0.098268695	0.1083831	-0.8503647	0.12689814	-0.12654041	0.07346807	-0.08154753	0.25363857	-0.105156094	0.09285037	-0.06139118	0.067114495	-0.04239967	0.068626665	-0.07022447	0.06526696	-0.055587064	0.050907597	-0.054561395	0.07287251	-0.0556172	0.04977471	-0.085009314	0.054834984	-0.050834972	0.040122814	-0.03927243	0.02805301	-0.029005185	0.04597924	-0.03475196	0.034089472
-0.24236177	0.99999994	-0.75363135	0.16415553	-0.17413345	0.165511	-0.43867698	0.2662028	-0.12957034	0.124881275	-0.12220891	0.2207689	-0.1931514	0.1004945	-0.10918262	0.06250135	-0.10719646	0.120375	-0.10839369	0.0866559	-0.07033926	0.07880367	-0.123543486	0.08603522	-0.07860179	0.10111348	-0.073179	0.06877238	-0.056209832	0.0538478	-0.034834154	0.036099367	-0.059709847	0.046544187	-0.045558944
0.17129248	-0.75363135	1.0000002	-0.24223232	0.19193907	-0.16457038	0.27678388	-0.4120355	0.15766986	-0.15426734	0.12152235	-0.23793975	0.19880885	-0.1163526	0.122012034	-0.06762635	0.111028455	-0.13331702	0.118528895	-0.097328536	0.074784376	-0.08627495	0.129467	-0.095177114	0.085433595	-0.114126384	0.07937986	-0.07618192	0.061879348	-0.05984923	0.03870683	-0.040242985	0.06561581	-0.051582593	0.05015165
-0.098268695	0.16415553	-0.24223232	1.0000004	-0.73125845	0.0833605	-0.1571054	0.21146499	-0.48019382	0.2888679	-0.11668371	0.14402856	-0.1613256	0.1902002	-0.20749958	0.064624034	-0.10783902	0.13885528	-0.1700816	0.13691767	-0.07977586	0.08689718	-0.14607202	0.12171862	-0.11413249	0.12749884	-0.08961996	0.08927014	-0.07662264	0.07356096	-0.045000568	0.046350203	-0.07946969	0.06304306	-0.061941583
0.1083831	-0.17413345	0.19193907	-0.73125845	1.0000002	-0.09768635	0.1598902	-0.23918384	0.2978929	-0.40917167	0.14064084	-0.16562103	0.16963118	-0.20659047	0.21029627	-0.07734825	0.12465137	-0.16007398	0.1749458	-0.16285914	0.09410959	-0.10669505	0.15879732	-0.14632107	0.12763481	-0.17672712	0.10975342	-0.11272697	0.09360631	-0.09291552	0.05864013	-0.061010662	0.098481745	-0.07950096	0.076398656
-0.8503647	0.165511	-0.16457038	0.0833605	-0.09768635	1.0000001	-0.11541278	0.1067545	-0.06391502	0.069204845	-0.3837692	0.089253634	-0.083184816	0.053169258	-0.058899038	0.036896177	-0.060226128	0.06101302	-0.057400204	0.048144285	-0.044454515	0.04690614	-0.064759545	0.04822498	-0.04363988	0.07118244	-0.047186825	0.043449793	-0.034543213	0.033604946	-0.023765985	0.024535025	-0.03935324	0.029714	-0.029244706
0.12689814	-0.43867698	0.27678388	-0.1571054	0.1598902	-0.11541278	1.0000001	-0.46977398	0.14792053	-0.15123677	0.10681978	-0.6280498	0.28031182	-0.12712958	0.13097595	-0.095136374	0.1570363	-0.17216887	0.13588893	-0.1098943	0.09513868	-0.11551474	0.1573315	-0.11086149	0.097957335	-0.13559794	0.096758135	-0.09083055	0.072151974	-0.06969949	0.04555614	-0.04759935	0.0763429	-0.060019813	0.058051378
-0.12654041	0.2662028	-0.4120355	0.21146499	-0.23918384	0.1067545	-0.46977398	1.0000001	-0.27792355	0.21264276	-0.12251448	0.30313557	-0.51208675	0.18616992	-0.20204587	0.0926207	-0.16115555	0.23272906	-0.20732513	0.1546929	-0.10686558	0.11969934	-0.24223183	0.15382595	-0.1439094	0.14796393	-0.11306545	0.10954681	-0.09365603	0.08796366	-0.05302659	0.05475282	-0.094697505	0.07501429	-0.07378301
0.07346807	-0.12957034	0.15766986	-0.48019382	0.2978929	-0.06391502	0.14792053	-0.27792355	1.0	-0.6522462	0.086574554	-0.14386609	0.17375	-0.3634598	0.2719881	-0.059106406	0.09789901	-0.15908402	0.20626763	-0.16984141	0.07111098	-0.08087717	0.15363863	-0.13857746	0.12751439	-0.114353485	0.08163449	-0.08669175	0.077386916	-0.07416825	0.041028857	-0.04243131	0.07441899	-0.061785195	0.0598669
-0.08154753	0.124881275	-0.15426734	0.2888679	-0.40917167	0.069204845	-0.15123677	0.21264276	-0.6522462	0.9999997	-0.10350765	0.14510375	-0.18100029	0.27611867	-0.4516236	0.066903815	-0.112098895	0.1662141	-0.23138429	0.19083571	-0.08306319	0.09147649	-0.17847635	0.15291496	-0.15427038	0.12868845	-0.094903976	0.09847822	-0.0888001	0.08383487	-0.04721516	0.048517954	-0.086850524	0.0705482	-0.0694923
0.25363857	-0.12220891	0.12152235	-0.11668371	0.14064084	-0.3837692	0.10681978	-0.12251448	0.086574554	-0.10350765	0.9999999	-0.107275516	0.09857529	-0.07558588	0.083945006	-0.06123763	0.095138654	-0.083743826	0.08087503	-0.07144964	0.07690431	-0.078023285	0.089835085	-0.072594665	0.064235985	-0.13961136	0.083683774	-0.07542805	0.05782905	-0.057284493	0.04477613	-0.04615401	0.07094103	-0.051884606	0.051163968
-0.105156094	0.2207689	-0.23793975	0.14402856	-0.16562103	0.089253634	-0.6280498	0.30313557	-0.14386609	0.14510375	-0.107275516	0.9999995	-0.53286016	0.14173295	-0.15067865	0.12027314	-0.25418213	0.21423599	-0.16739386	0.12599273	-0.121708974	0.14148603	-0.2108854	0.13078046	-0.11843774	0.15037131	-0.11738757	0.10507695	-0.08424392	0.07980355	-0.05176544	0.053915795	-0.08822473	0.06876639	-0.06700405
0.09285037	-0.1931514	0.19880885	-0.1613256	0.16963118	-0.083184816	0.28031182	-0.51208675	0.17375	-0.18100029	0.09857529	-0.53286016	0.9999996	-0.20589057	0.17964076	-0.09835961	0.16366133	-0.46125346	0.21290767	-0.16177753	0.10310981	-0.12742716	0.2499118	-0.1665254	0.14008418	-0.15089892	0.11065086	-0.11206022	0.094209656	-0.089803	0.052529242	-0.05480015	0.09220488	-0.07534334	0.0724785
-0.06139118	0.1004945	-0.1163526	0.1902002	-0.20659047	0.053169258	-0.12712958	0.18616992	-0.3634598	0.27611867	-0.07558588	0.14173295	-0.20589057	0.9999994	-0.6227739	0.060601026	-0.10112202	0.21223083	-0.539389	0.25603232	-0.07320191	0.08546677	-0.20095657	0.18740875	-0.18565969	0.11626398	-0.08685684	0.09769827	-0.093692236	0.087067746	-0.043372925	0.044820577	-0.08232632	0.07076152	-0.068543136
0.067114495	-0.10918262	0.122012034	-0.20749958	0.21029627	-0.058899038	0.13097595	-0.20204587	0.2719881	-0.4516236	0.083945006	-0.15067865	0.17964076	-0.6227739	0.9999994	-0.06732198	0.10969936	-0.2141438	0.30122104	-0.39796218	0.08100921	-0.096268475	0.19919653	-0.227061	0.21181561	-0.13815151	0.09853602	-0.11576495	0.10954965	-0.10565953	0.050704625	-0.052677292	0.09548101	-0.08468497	0.080409735
-0.04239967	0.06250135	-0.06762635	0.064624034	-0.07734825	0.036896177	-0.095136374	0.0926207	-0.059106406	0.066903815	-0.06123763	0.12027314	-0.09835961	0.060601026	-0.06732198	0.9999996	-0.5485497	0.08622283	-0.07306681	0.06375934	-0.7545663	0.25407743	-0.096449174	0.07294703	-0.061566677	0.19555442	-0.17183486	0.114938684	-0.07285751	0.0713753	-0.062343225	0.065628216	-0.09291658	0.06560586	-0.063117795
0.068626665	-0.10719646	0.111028455	-0.10783902	0.12465137	-0.060226128	0.1570363	-0.16115555	0.09789901	-0.112098895	0.095138654	-0.25418213	0.16366133	-0.10112202	0.10969936	-0.5485497	0.9999997	-0.15197046	0.11966388	-0.106126994	0.31702602	-0.524718	0.15633953	-0.1214142	0.10036163	-0.34548607	0.2574045	-0.19584092	0.11933999	-0.11972051	0.10405506	-0.11168368	0.14957665	-0.1087869	0.10251557
-0.07022447	0.120375	-0.13331702	0.13885528	-0.16007398	0.06101302	-0.17216887	0.23272906	-0.15908402	0.1662141	-0.083743826	0.21423599	-0.46125346	0.21223083	-0.2141438	0.08622283	-0.15197046	0.9999999	-0.41026214	0.21765965	-0.1009727	0.12482452	-0.628767	0.24404782	-0.21139024	0.14422718	-0.11732495	0.12754516	-0.11981421	0.10738712	-0.054493353	0.056336496	-0.10440247	0.087810144	-0.08538026
0.06526696	-0.10839369	0.118528895	-0.1700816	0.1749458	-0.057400204	0.13588893	-0.20732513	0.20626763	-0.23138429	0.08087503	-0.16739386	0.21290767	-0.539389	0.30122104	-0.07306681	0.11966388	-0.41026214	0.9999995	-0.4720041	0.086952746	-0.10650618	0.2684923	-0.323419	0.2555038	-0.144881	0.107496984	-0.13159905	0.13062929	-0.12255609	0.054496855	-0.05664749	0.10569206	-0.09629069	0.090849906
-0.055587064	0.0866559	-0.097328536	0.13691767	-0.16285914	0.048144285	-0.1098943	0.1546929	-0.16984141	0.19083571	-0.07144964	0.12599273	-0.16177753	0.25603232	-0.39796218	0.06375934	-0.106126994	0.21765965	-0.4720041	0.9999994	-0.0794152	0.09448206	-0.27002966	0.29164547	-0.62637794	0.12653172	-0.100306995	0.12139866	-0.13224514	0.115660086	-0.050424	0.05183673	-0.1025397	0.09092513	-0.089868076
0.050907597	-0.07033926	0.074784376	-0.07977586	0.09410959	-0.044454515	0.09513868	-0.10686558	0.07111098	-0.08306319	0.07690431	-0.121708974	0.10310981	-0.07320191	0.08100921	-0.7545663	0.31702602	-0.1009727	0.086952746	-0.0794152	0.9999995	-0.39781946	0.11388659	-0.09254924	0.07602298	-0.30905062	0.21673802	-0.16435425	0.09863529	-0.09972701	0.09104841	-0.09751084	0.12764777	-0.09162399	0.08629277
-0.054561395	0.07880367	-0.08627495	0.08689718	-0.10669505	0.04690614	-0.11551474	0.11969934	-0.08087717	0.09147649	-0.078023285	0.14148603	-0.12742716	0.08546677	-0.096268475	0.25407743	-0.524718	0.12482452	-0.10650618	0.09448206	-0.39781946	0.9999997	-0.16515282	0.115297794	-0.09492294	0.27634087	-0.6056507	0.21057752	-0.12976122	0.117449634	-0.10479797	0.10792136	-0.16755185	0.11028503	-0.10897671
0.07287251	-0.123543486	0.129467	-0.14607202	0.15879732	-0.064759545	0.1573315	-0.24223183	0.15363863	-0.17847635	0.089835085	-0.2108854	0.2499118	-0.20095657	0.19919653	-0.096449174	0.15633953	-0.628767	0.2684923	-0.27002966	0.11388659	-0.16515282	0.9999999	-0.47496134	0.24397759	-0.18192877	0.14537783	-0.18300062	0.16779765	-0.15408255	0.06890675	-0.07189531	0.13472004	-0.12133013	0.113256216
-0.0556172	0.08603522	-0.095177114	0.12171862	-0.14632107	0.04822498	-0.11086149	0.15382595	-0.13857746	0.15291496	-0.072594665	0.13078046	-0.1665254	0.18740875	-0.227061	0.07294703	-0.1214142	0.24404782	-0.323419	0.29164547	-0.09254924	0.115297794	-0.47496134	0.99999976	-0.61198163	0.15053467	-0.12879698	0.1784055	-0.29497468	0.18285301	-0.06477734	0.066533566	-0.1442967	0.13775629	-0.13525051
0.04977471	-0.07860179	0.085433595	-0.11413249	0.12763481	-0.04363988	0.097957335	-0.1439094	0.12751439	-0.15427038	0.064235985	-0.11843774	0.14008418	-0.18565969	0.21181561	-0.061566677	0.10036163	-0.21139024	0.2555038	-0.62637794	0.07602298	-0.09492294	0.24397759	-0.61198163	0.99999976	-0.13208893	0.10230634	-0.14407615	0.16620927	-0.15319231	0.05312694	-0.055223033	0.11142472	-0.11056276	0.10355178
-0.085009314	0.10111348	-0.114126384	0.12749884	-0.17672712	0.07118244	-0.13559794	0.14796393	-0.114353485	0.12868845	-0.13961136	0.15037131	-0.15089892	0.11626398	-0.13815151	0.19555442	-0.34548607	0.14422718	-0.144881	0.12653172	-0.30905062	0.27634087	-0.18192877	0.15053467	-0.13208893	0.9999996	-0.48357064	0.2716303	-0.19572808	0.17947857	-0.3498982	0.24005385	-0.35826945	0.19108588	-0.20310035
0.054834984	-0.073179	0.07937986	-0.08961996	0.10975342	-0.047186825	0.096758135	-0.11306545	0.08163449	-0.094903976	0.083683774	-0.11738757	0.11065086	-0.08685684	0.09853602	-0.17183486	0.2574045	-0.11732495	0.107496984	-0.100306995	0.21673802	-0.6056507	0.14537783	-0.12879698	0.10230634	-0.48357064	0.9999992	-0.42919388	0.18128295	-0.17066725	0.15772107	-0.17731686	0.2318265	-0.15803783	0.14814724
-0.050834972	0.06877238	-0.07618192	0.08927014	-0.11272697	0.043449793	-0.09083055	0.10954681	-0.08669175	0.09847822	-0.07542805	0.10507695	-0.11206022	0.09769827	-0.11576495	0.114938684	-0.19584092	0.12754516	-0.13159905	0.12139866	-0.16435425	0.21057752	-0.18300062	0.1784055	-0.14407615	0.2716303	-0.42919388	0.9999998	-0.47987282	0.26699266	-0.16459055	0.1639899	-0.5290661	0.2646949	-0.2756305
0.040122814	-0.056209832	0.061879348	-0.07662264	0.09360631	-0.034543213	0.072151974	-0.09365603	0.077386916	-0.0888001	0.05782905	-0.08424392	0.094209656	-0.093692236	0.10954965	-0.07285751	0.11933999	-0.11981421	0.13062929	-0.13224514	0.09863529	-0.12976122	0.16779765	-0.29497468	0.16620927	-0.19572808	0.18128295	-0.47987282	0.99999976	-0.627613	0.09909404	-0.10398551	0.26498014	-0.37398636	0.2909385
-0.03927243	0.0538478	-0.05984923	0.07356096	-0.09291552	0.033604946	-0.06969949	0.08796366	-0.07416825	0.08383487	-0.057284493	0.07980355	-0.089803	0.087067746	-0.10565953	0.0713753	-0.11972051	0.10738712	-0.12255609	0.115660086	-0.09972701	0.117449634	-0.15408255	0.18285301	-0.15319231	0.17947857	-0.17066725	0.26699266	-0.627613	0.9999999	-0.10371537	0.10394928	-0.28995904	0.3001137	-0.5799841
0.02805301	-0.034834154	0.03870683	-0.045000568	0.05864013	-0.023765985	0.04555614	-0.05302659	0.041028857	-0.04721516	0.04477613	-0.05176544	0.052529242	-0.043372925	0.050704625	-0.062343225	0.10405506	-0.054493353	0.054496855	-0.050424	0.09104841	-0.10479797	0.06890675	-0.06477734	0.05312694	-0.3498982	0.15772107	-0.16459055	0.09909404	-0.10371537	0.99999976	-0.87407106	0.21638831	-0.12866439	0.10080281
-0.029005185	0.036099367	-0.040242985	0.046350203	-0.061010662	0.024535025	-0.04759935	0.05475282	-0.04243131	0.048517954	-0.04615401	0.053915795	-0.05480015	0.044820577	-0.052677292	0.065628216	-0.11168368	0.056336496	-0.05664749	0.05183673	-0.09751084	0.10792136	-0.07189531	0.066533566	-0.055223033	0.24005385	-0.17731686	0.1639899	-0.10398551	0.10394928	-0.87407106	0.9999999	-0.3149509	0.13280542	-0.110464625
0.04597924	-0.059709847	0.06561581	-0.07946969	0.098481745	-0.03935324	0.0763429	-0.094697505	0.07441899	-0.086850524	0.07094103	-0.08822473	0.09220488	-0.08232632	0.09548101	-0.09291658	0.14957665	-0.10440247	0.10569206	-0.1025397	0.12764777	-0.16755185	0.13472004	-0.1442967	0.11142472	-0.35826945	0.2318265	-0.5290661	0.26498014	-0.28995904	0.21638831	-0.3149509	0.99999994	-0.5141181	0.26976168
-0.03475196	0.046544187	-0.051582593	0.06304306	-0.07950096	0.029714	-0.060019813	0.07501429	-0.061785195	0.0705482	-0.051884606	0.06876639	-0.07534334	0.07076152	-0.08468497	0.06560586	-0.1087869	0.087810144	-0.09629069	0.09092513	-0.09162399	0.11028503	-0.12133013	0.13775629	-0.11056276	0.19108588	-0.15803783	0.2646949	-0.37398636	0.3001137	-0.12866439	0.13280542	-0.5141181	1.0000001	-0.6616446
0.034089472	-0.045558944	0.05015165	-0.061941583	0.076398656	-0.029244706	0.058051378	-0.07378301	0.0598669	-0.0694923	0.051163968	-0.06700405	0.0724785	-0.068543136	0.080409735	-0.063117795	0.10251557	-0.08538026	0.090849906	-0.089868076	0.08629277	-0.10897671	0.113256216	-0.13525051	0.10355178	-0.20310035	0.14814724	-0.2756305	0.2909385	-0.5799841	0.10080281	-0.110464625	0.26976168	-0.6616446	1.0000001
