1.0000001	-0.5660082	0.31649095	-0.10652214	0.10075263	-0.17399919	0.17446584	-0.15692978	0.13400733	-0.15256426	0.12656757	-0.13380024	0.14785782	-0.13237803	0.12152958	-0.14064027	0.10735202	-0.26506227	0.15261506	-0.15623014	0.054671988	-0.11577429	0.15094358	-0.13837355	0.10667306	-0.05722652	0.102757536	-0.09126255	0.081659906	-0.13256237	0.19488958	-0.11836845	0.08165107	-0.07991306	0.14637701
-0.5660082	1.0000002	-0.7150157	0.10620137	-0.10609272	0.13664709	-0.19535781	0.12902397	-0.104568124	0.10133063	-0.09993054	0.107425824	-0.11832108	0.09132972	-0.082707204	0.10067257	-0.079170585	0.14601968	-0.093003795	0.08999107	-0.031710602	0.0635681	-0.085831806	0.07840032	-0.061308976	0.03286097	-0.056775767	0.04987424	-0.04528954	0.072691955	-0.1052969	0.063649334	-0.044804543	0.043823358	-0.082049824
0.31649095	-0.7150157	1.0000005	-0.18338463	0.14807576	-0.12974325	0.15135096	-0.21813138	0.15185265	-0.15664853	0.10062644	-0.11315035	0.16694266	-0.13775012	0.12235791	-0.114518344	0.088602334	-0.22427174	0.13759236	-0.13728568	0.044281293	-0.094250605	0.1263274	-0.11848255	0.09229182	-0.046159845	0.08384462	-0.07477981	0.0677755	-0.11032515	0.15571018	-0.09515657	0.06687952	-0.06575863	0.12233101
-0.10652214	0.10620137	-0.18338463	1.0000006	-0.93336993	0.037289288	-0.045376528	0.10657187	-0.16820045	0.16771935	-0.033053648	0.035963815	-0.10183613	0.11248868	-0.12755239	0.03771976	-0.031105733	0.09824182	-0.089762926	0.08417922	-0.019133162	0.042914554	-0.06226689	0.06577037	-0.0553172	0.019702742	-0.039419614	0.036372032	-0.034717686	0.057634756	-0.071153305	0.04309515	-0.032789715	0.032761488	-0.067396514
0.10075263	-0.10609272	0.14807576	-0.93336993	1.0000006	-0.037522368	0.045045335	-0.10645879	0.1470842	-0.2103901	0.033277456	-0.03649369	0.098315224	-0.11528445	0.12628715	-0.03863906	0.03164735	-0.102559574	0.08954943	-0.08802877	0.019578638	-0.044107024	0.06322445	-0.06782658	0.0564701	-0.020216275	0.040240973	-0.03737321	0.035515603	-0.059536945	0.072262056	-0.044275068	0.033518657	-0.033602934	0.067992255
-0.17399919	0.13664709	-0.12974325	0.037289288	-0.037522368	1.0000007	-0.7237418	0.07405177	-0.0585649	0.054517765	-0.5591562	0.27930593	-0.07321272	0.053181093	-0.046424977	0.22573858	-0.1926672	0.096627586	-0.058216404	0.05238428	-0.03312366	0.046174888	-0.060722932	0.0477961	-0.036910057	0.033491902	-0.040123	0.03207902	-0.028852493	0.043024797	-0.069021285	0.042026155	-0.029043429	0.027702216	-0.05024484
0.17446584	-0.19535781	0.15135096	-0.045376528	0.045045335	-0.7237418	1.0000005	-0.098702416	0.072530575	-0.06809291	0.3153741	-0.45606786	0.09108902	-0.066622585	0.057304863	-0.30100003	0.22027779	-0.121585526	0.071381114	-0.064877674	0.04170837	-0.056883227	0.07394242	-0.058969453	0.04542918	-0.04277413	0.049024906	-0.039419204	0.03538368	-0.052977163	0.08364113	-0.051600926	0.035567235	-0.034014225	0.061337642
-0.15692978	0.12902397	-0.21813138	0.10657187	-0.10645879	0.07405177	-0.098702416	1.0000006	-0.51429796	0.22434749	-0.06787865	0.077423304	-0.7111884	0.28063425	-0.20296717	0.07406754	-0.065664046	0.22023134	-0.1865102	0.15146448	-0.037148718	0.083809875	-0.13175891	0.12560005	-0.10096173	0.03782599	-0.07726629	0.06835509	-0.065478824	0.103262134	-0.13644983	0.08128543	-0.06178954	0.061098304	-0.12153373
0.13400733	-0.104568124	0.15185265	-0.16820045	0.1470842	-0.0585649	0.072530575	-0.51429796	1.0000004	-0.46452373	0.05493584	-0.061998907	0.30445603	-0.558513	0.28538656	-0.06423137	0.05554282	-0.21829045	0.2158623	-0.19809066	0.036126856	-0.084456205	0.12698947	-0.15171626	0.1211881	-0.037086956	0.07702549	-0.07365539	0.07168778	-0.11980383	0.13157284	-0.08261737	0.06523798	-0.06664964	0.1329549
-0.15256426	0.10133063	-0.15664853	0.16771935	-0.2103901	0.054517765	-0.06809291	0.22434749	-0.46452373	1.0000005	-0.053454638	0.05794231	-0.2578862	0.30848253	-0.680127	0.0616961	-0.05385449	0.1993067	-0.24604592	0.22925271	-0.03983764	0.09238733	-0.14217964	0.16087212	-0.15091844	0.04060312	-0.087244585	0.08213311	-0.0817221	0.13698252	-0.15496145	0.092662886	-0.074923456	0.07545698	-0.16947252
0.12656757	-0.09993054	0.10062644	-0.033053648	0.033277456	-0.5591562	0.3153741	-0.06787865	0.05493584	-0.053454638	1.0000002	-0.5528949	0.07126768	-0.052846354	0.04578185	-0.48055086	0.28300312	-0.10785339	0.0607871	-0.053689018	0.047068194	-0.05351563	0.06773474	-0.050119027	0.038327258	-0.04783787	0.045346506	-0.03474569	0.030931862	-0.044570457	0.07425535	-0.04624863	0.031433534	-0.029669486	0.052351747
-0.13380024	0.107425824	-0.11315035	0.035963815	-0.03649369	0.27930593	-0.45606786	0.077423304	-0.061998907	0.05794231	-0.5528949	0.99999994	-0.08712111	0.0590946	-0.0504459	0.32218808	-0.5711018	0.117088765	-0.06731301	0.057352424	-0.042798247	0.057894967	-0.07524762	0.053740565	-0.041216984	0.042654257	-0.049077343	0.03688913	-0.033087503	0.047225077	-0.079726845	0.048843782	-0.03354495	0.031542376	-0.056245737
0.14785782	-0.11832108	0.16694266	-0.10183613	0.098315224	-0.07321272	0.09108902	-0.7111884	0.30445603	-0.2578862	0.07126768	-0.08712111	0.9999999	-0.4214568	0.21350028	-0.081858255	0.07419655	-0.34287363	0.20778108	-0.1784549	0.041323155	-0.09609468	0.14917642	-0.14726567	0.114415415	-0.042285334	0.086069204	-0.07738719	0.07375883	-0.117836446	0.14677507	-0.0909741	0.06899266	-0.068940036	0.13274783
-0.13237803	0.09132972	-0.13775012	0.11248868	-0.11528445	0.053181093	-0.066622585	0.28063425	-0.558513	0.30848253	-0.052846354	0.0590946	-0.4214568	0.9999999	-0.49405178	0.061389916	-0.054701194	0.22045979	-0.35449147	0.22611307	-0.038081907	0.0899908	-0.13966686	0.17430463	-0.14341605	0.038899936	-0.08323823	0.08003023	-0.079898685	0.13056839	-0.14148383	0.08807642	-0.07131719	0.072998345	-0.1498671
0.12152958	-0.082707204	0.12235791	-0.12755239	0.12628715	-0.046424977	0.057304863	-0.20296717	0.28538656	-0.680127	0.04578185	-0.0504459	0.21350028	-0.49405178	0.9999998	-0.054575324	0.047524203	-0.19426996	0.24084258	-0.35304186	0.035735022	-0.08526923	0.12829868	-0.17475368	0.16297637	-0.03665752	0.07888791	-0.078798965	0.07909933	-0.14302747	0.13309625	-0.084635615	0.06996242	-0.07266261	0.15558124
-0.14064027	0.10067257	-0.114518344	0.03771976	-0.03863906	0.22573858	-0.30100003	0.07406754	-0.06423137	0.0616961	-0.48055086	0.32218808	-0.081858255	0.061389916	-0.054575324	0.99999976	-0.7232445	0.13636757	-0.07808641	0.06520682	-0.08120167	0.07537583	-0.0952675	0.06299332	-0.048036724	0.07391981	-0.06382138	0.04552193	-0.040413767	0.055286083	-0.100576766	0.061594706	-0.041598797	0.038487304	-0.06702137
0.10735202	-0.079170585	0.088602334	-0.031105733	0.03164735	-0.1926672	0.22027779	-0.065664046	0.05554282	-0.05385449	0.28300312	-0.5711018	0.07419655	-0.054701194	0.047524203	-0.7232445	0.99999976	-0.14638375	0.06982558	-0.057449732	0.05914257	-0.0713415	0.08583128	-0.05579234	0.042157885	-0.059468944	0.056491755	-0.039922774	0.035313766	-0.048100233	0.08507564	-0.05396356	0.036225714	-0.03359484	0.057695776
-0.26506227	0.14601968	-0.22427174	0.09824182	-0.102559574	0.096627586	-0.121585526	0.22023134	-0.21829045	0.1993067	-0.10785339	0.117088765	-0.34287363	0.22045979	-0.19426996	0.13636757	-0.14638375	0.99999946	-0.39933163	0.24012756	-0.09561734	0.22816017	-0.46951643	0.24544501	-0.18549979	0.09482516	-0.21136266	0.15710762	-0.1467229	0.19662008	-0.36494216	0.20377249	-0.14610624	0.13576521	-0.25189683
0.15261506	-0.093003795	0.13759236	-0.089762926	0.08954943	-0.058216404	0.071381114	-0.1865102	0.2158623	-0.24604592	0.0607871	-0.06731301	0.20778108	-0.35449147	0.24084258	-0.07808641	0.06982558	-0.39933163	0.9999992	-0.5071443	0.058281876	-0.14910874	0.22270164	-0.50450736	0.27974573	-0.060187507	0.13327412	-0.14953302	0.15343258	-0.24768695	0.20324863	-0.14315987	0.12425854	-0.13762331	0.24089125
-0.15623014	0.08999107	-0.13728568	0.08417922	-0.08802877	0.05238428	-0.064877674	0.15146448	-0.19809066	0.22925271	-0.053689018	0.057352424	-0.1784549	0.22611307	-0.35304186	0.06520682	-0.057449732	0.24012756	-0.5071443	0.9999994	-0.054309756	0.1320426	-0.2070815	0.3102176	-0.5423267	0.05532219	-0.12688315	0.13169089	-0.14261454	0.26585612	-0.21079671	0.1336966	-0.12075808	0.12607133	-0.32733262
0.054671988	-0.031710602	0.044281293	-0.019133162	0.019578638	-0.03312366	0.04170837	-0.037148718	0.036126856	-0.03983764	0.047068194	-0.042798247	0.041323155	-0.038081907	0.035735022	-0.08120167	0.05914257	-0.09561734	0.058281876	-0.054309756	0.99999946	-0.19451627	0.12583487	-0.06197033	0.04369683	-0.95251215	0.13343014	-0.06867901	0.052565306	-0.05237497	0.12726821	-0.10947797	0.0598573	-0.05116845	0.060510244
-0.11577429	0.0635681	-0.094250605	0.042914554	-0.044107024	0.046174888	-0.056883227	0.083809875	-0.084456205	0.09238733	-0.05351563	0.057894967	-0.09609468	0.0899908	-0.08526923	0.07537583	-0.0713415	0.22816017	-0.14910874	0.1320426	-0.19451627	0.99999917	-0.6031575	0.16532575	-0.114117414	0.16287321	-0.5828076	0.1812508	-0.14410052	0.12871252	-0.3045261	0.27010912	-0.16300704	0.1308831	-0.15393303
0.15094358	-0.085831806	0.1263274	-0.06226689	0.06322445	-0.060722932	0.07394242	-0.13175891	0.12698947	-0.14217964	0.06773474	-0.07524762	0.14917642	-0.13966686	0.12829868	-0.0952675	0.08583128	-0.46951643	0.22270164	-0.2070815	0.12583487	-0.6031575	0.999999	-0.29731277	0.17070322	-0.13490707	0.27060986	-0.19535682	0.15641083	-0.1878086	0.26700073	-0.27972388	0.16044192	-0.15154338	0.19769081
-0.13837355	0.07840032	-0.11848255	0.06577037	-0.06782658	0.0477961	-0.058969453	0.12560005	-0.15171626	0.16087212	-0.050119027	0.053740565	-0.14726567	0.17430463	-0.17475368	0.06299332	-0.05579234	0.24544501	-0.50450736	0.3102176	-0.06197033	0.16532575	-0.29731277	0.99999917	-0.5656827	0.06319051	-0.1547857	0.18269716	-0.26293477	0.27194604	-0.21885219	0.15693976	-0.1581572	0.17471874	-0.32122487
0.10667306	-0.061308976	0.09229182	-0.0553172	0.0564701	-0.036910057	0.04542918	-0.10096173	0.1211881	-0.15091844	0.038327258	-0.041216984	0.114415415	-0.14341605	0.16297637	-0.048036724	0.042157885	-0.18549979	0.27974573	-0.5423267	0.04369683	-0.114117414	0.17070322	-0.5656827	0.99999946	-0.04503651	0.10576955	-0.13052198	0.14827096	-0.48484394	0.15644561	-0.11350552	0.110462956	-0.1271596	0.28536773
-0.05722652	0.03286097	-0.046159845	0.019702742	-0.020216275	0.033491902	-0.04277413	0.03782599	-0.037086956	0.04060312	-0.04783787	0.042654257	-0.042285334	0.038899936	-0.03665752	0.07391981	-0.059468944	0.09482516	-0.060187507	0.05532219	-0.95251215	0.16287321	-0.13490707	0.06319051	-0.04503651	0.99999934	-0.14963205	0.070101164	-0.05497977	0.053741697	-0.14829744	0.11042771	-0.06281655	0.052639987	-0.063547805
0.102757536	-0.056775767	0.08384462	-0.039419614	0.040240973	-0.040123	0.049024906	-0.07726629	0.07702549	-0.087244585	0.045346506	-0.049077343	0.086069204	-0.08323823	0.07888791	-0.06382138	0.056491755	-0.21136266	0.13327412	-0.12688315	0.13343014	-0.5828076	0.27060986	-0.1547857	0.10576955	-0.14963205	0.9999988	-0.30929005	0.17635459	-0.1288234	0.27364632	-0.58048934	0.21594772	-0.17198847	0.14609943
-0.09126255	0.04987424	-0.07477981	0.036372032	-0.03737321	0.03207902	-0.039419204	0.06835509	-0.07365539	0.08213311	-0.03474569	0.03688913	-0.07738719	0.08003023	-0.078798965	0.04552193	-0.039922774	0.15710762	-0.14953302	0.13169089	-0.06867901	0.1812508	-0.19535682	0.18269716	-0.13052198	0.070101164	-0.30929005	0.99999917	-0.60508835	0.15388113	-0.2312466	0.24488305	-0.57261807	0.32288226	-0.19491276
0.081659906	-0.04528954	0.0677755	-0.034717686	0.035515603	-0.028852493	0.03538368	-0.065478824	0.07168778	-0.0817221	0.030931862	-0.033087503	0.07375883	-0.079898685	0.07909933	-0.040413767	0.035313766	-0.1467229	0.15343258	-0.14261454	0.052565306	-0.14410052	0.15641083	-0.26293477	0.14827096	-0.05497977	0.17635459	-0.60508835	0.99999917	-0.1857515	0.17429864	-0.19290677	0.31742522	-0.6247659	0.19594239
-0.13256237	0.072691955	-0.11032515	0.057634756	-0.059536945	0.043024797	-0.052977163	0.103262134	-0.11980383	0.13698252	-0.044570457	0.047225077	-0.117836446	0.13056839	-0.14302747	0.055286083	-0.048100233	0.19662008	-0.24768695	0.26585612	-0.05237497	0.12871252	-0.1878086	0.27194604	-0.48484394	0.053741697	-0.1288234	0.15388113	-0.1857515	0.99999917	-0.2012994	0.14004345	-0.14842044	0.16391969	-0.7230554
0.19488958	-0.1052969	0.15571018	-0.071153305	0.072262056	-0.069021285	0.08364113	-0.13644983	0.13157284	-0.15496145	0.07425535	-0.079726845	0.14677507	-0.14148383	0.13309625	-0.100576766	0.08507564	-0.36494216	0.20324863	-0.21079671	0.12726821	-0.3045261	0.26700073	-0.21885219	0.15644561	-0.14829744	0.27364632	-0.2312466	0.17429864	-0.2012994	0.99999917	-0.5510858	0.208369	-0.19266425	0.2110879
-0.11836845	0.063649334	-0.09515657	0.04309515	-0.044275068	0.042026155	-0.051600926	0.08128543	-0.08261737	0.092662886	-0.04624863	0.048843782	-0.0909741	0.08807642	-0.084635615	0.061594706	-0.05396356	0.20377249	-0.14315987	0.1336966	-0.10947797	0.27010912	-0.27972388	0.15693976	-0.11350552	0.11042771	-0.58048934	0.24488305	-0.19290677	0.14004345	-0.5510858	0.99999917	-0.35060287	0.19876379	-0.17271426
0.08165107	-0.044804543	0.06687952	-0.032789715	0.033518657	-0.029043429	0.035567235	-0.06178954	0.06523798	-0.074923456	0.031433534	-0.03354495	0.06899266	-0.07131719	0.06996242	-0.041598797	0.036225714	-0.14610624	0.12425854	-0.12075808	0.0598573	-0.16300704	0.16044192	-0.1581572	0.110462956	-0.06281655	0.21594772	-0.57261807	0.31742522	-0.14842044	0.208369	-0.35060287	0.999999	-0.6232127	0.17312858
-0.07991306	0.043823358	-0.06575863	0.032761488	-0.033602934	0.027702216	-0.034014225	0.061098304	-0.06664964	0.07545698	-0.029669486	0.031542376	-0.068940036	0.072998345	-0.07266261	0.038487304	-0.03359484	0.13576521	-0.13762331	0.12607133	-0.05116845	0.1308831	-0.15154338	0.17471874	-0.1271596	0.052639987	-0.17198847	0.32288226	-0.6247659	0.16391969	-0.19266425	0.19876379	-0.6232127	0.99999905	-0.23805906
0.14637701	-0.082049824	0.12233101	-0.067396514	0.067992255	-0.05024484	0.061337642	-0.12153373	0.1329549	-0.16947252	0.052351747	-0.056245737	0.13274783	-0.1498671	0.15558124	-0.06702137	0.057695776	-0.25189683	0.24089125	-0.32733262	0.060510244	-0.15393303	0.19769081	-0.32122487	0.28536773	-0.063547805	0.14609943	-0.19491276	0.19594239	-0.7230554	0.2110879	-0.17271426	0.17312858	-0.23805906	0.99999905
