0.99999994	-0.7763202	0.17173734	-0.072252244	0.0855693	-0.25089052	0.2738645	-0.16363344	0.09698746	-0.080906495	0.18985271	-0.2369516	0.19303244	-0.12014273	0.10854708	-0.20980279	0.16293806	-0.1691095	0.16562302	-0.21359904	0.20629117	-0.17880605	0.13293432	-0.12872635	0.1461903	-0.07044859	0.07216745	-0.11072012	0.0779429	-0.036901448	0.05010879	-0.044967193	0.1340429	-0.10461997	0.036826998
-0.7763202	1.0	-0.18653779	0.06866576	-0.08220483	0.21415718	-0.4474631	0.1544955	-0.09010412	0.07315734	-0.18924694	0.22273985	-0.19957523	0.1081391	-0.10071452	0.16952775	-0.14442728	0.14366658	-0.14590971	0.15906574	-0.17865518	0.14393073	-0.11069064	0.10420889	-0.119453065	0.056883484	-0.05895803	0.08707428	-0.061943613	0.029031036	-0.04023414	0.035984717	-0.10714366	0.08086794	-0.0291621
0.17173734	-0.18653779	1.0000001	-0.23817429	0.19372313	-0.15643743	0.17821808	-0.7801344	0.15473212	-0.13363427	0.14595316	-0.21090445	0.2634831	-0.16421358	0.14029552	-0.17970383	0.15319338	-0.18737724	0.17546721	-0.21488757	0.18227945	-0.17083073	0.13084896	-0.12875934	0.14271666	-0.06524868	0.066921584	-0.106071696	0.07459222	-0.03514654	0.046469204	-0.04176458	0.124799885	-0.09910495	0.035051733
-0.072252244	0.06866576	-0.23817429	1.0000004	-0.8794689	0.06405096	-0.07204866	0.16153908	-0.304043	0.19639193	-0.0623278	0.0839781	-0.109731905	0.12958154	-0.122838944	0.07813527	-0.068468235	0.08576891	-0.09217943	0.10639823	-0.08395833	0.07743872	-0.06178089	0.062366612	-0.06997899	0.030125832	-0.030996932	0.04961843	-0.035108805	0.016590528	-0.021753976	0.01951919	-0.058783352	0.04630621	-0.016575275
0.0855693	-0.08220483	0.19372313	-0.8794689	1.0000007	-0.077670224	0.08491592	-0.18343882	0.2304028	-0.24144116	0.07469279	-0.100625135	0.12487622	-0.15451856	0.13617058	-0.09609593	0.08294958	-0.10380782	0.109064505	-0.13496651	0.102653086	-0.09565854	0.07551936	-0.0768043	0.08590997	-0.037265252	0.038242392	-0.06162431	0.043481883	-0.020604275	0.026905343	-0.024161713	0.07271067	-0.057783015	0.020549193
-0.25089052	0.21415718	-0.15643743	0.06405096	-0.077670224	1.0000004	-0.49214947	0.14434549	-0.090233244	0.07331316	-0.7053442	0.2755163	-0.21630743	0.11311949	-0.104143545	0.25139555	-0.19270855	0.16234931	-0.16137448	0.15856944	-0.2246486	0.16652973	-0.12450381	0.11286629	-0.12747452	0.06407834	-0.06680497	0.092769675	-0.06616235	0.03051251	-0.04317693	0.038658347	-0.11244495	0.08431857	-0.030747298
0.2738645	-0.4474631	0.17821808	-0.07204866	0.08491592	-0.49214947	1.0000001	-0.19721559	0.09872199	-0.08266807	0.2821824	-0.5429969	0.25172362	-0.13233356	0.11405633	-0.23857711	0.19544187	-0.18616828	0.16878769	-0.1809599	0.19731353	-0.1851125	0.13142474	-0.12268937	0.13379622	-0.06548932	0.06751992	-0.100351244	0.07071298	-0.03271371	0.04463524	-0.040138464	0.11755783	-0.09154872	0.032770567
-0.16363344	0.1544955	-0.7801344	0.16153908	-0.18343882	0.14434549	-0.19721559	1.0000004	-0.15818264	0.12357809	-0.145585	0.20888264	-0.41930875	0.16333982	-0.14849664	0.1571254	-0.14555879	0.17584004	-0.17407951	0.17265044	-0.16500442	0.14804603	-0.11877185	0.113165766	-0.12622231	0.05638913	-0.058449842	0.090363465	-0.06423282	0.029928168	-0.040139847	0.03596746	-0.10770114	0.082991846	-0.03002979
0.09698746	-0.09010412	0.15473212	-0.304043	0.2304028	-0.090233244	0.09872199	-0.15818264	1.0000007	-0.7706337	0.08858559	-0.12196414	0.16035987	-0.34051457	0.27877143	-0.11473057	0.10248779	-0.13676389	0.15276477	-0.17098673	0.121422514	-0.11750387	0.094769076	-0.098659046	0.10806233	-0.044716325	0.045989145	-0.07502006	0.05305715	-0.025000937	0.032207426	-0.02893266	0.08716028	-0.06946268	0.024960835
-0.080906495	0.07315734	-0.13363427	0.19639193	-0.24144116	0.07331316	-0.08266807	0.12357809	-0.7706337	1.0000006	-0.07352037	0.09961609	-0.14102544	0.26476547	-0.46452594	0.092419244	-0.08455298	0.11208983	-0.1353421	0.13506654	-0.10007497	0.09440583	-0.07818198	0.08044327	-0.09031043	0.036200084	-0.037403267	0.060489573	-0.043054007	0.020256495	-0.026243914	0.023528418	-0.07118889	0.05572449	-0.02029193
0.18985271	-0.18924694	0.14595316	-0.0623278	0.07469279	-0.7053442	0.2821824	-0.145585	0.08858559	-0.07352037	1.0000001	-0.35978815	0.21105409	-0.11661204	0.10304236	-0.4349046	0.21779904	-0.18189254	0.16507982	-0.17053655	0.22251661	-0.19323517	0.13264856	-0.12103353	0.1314249	-0.067939766	0.06991614	-0.09905207	0.06986772	-0.03206701	0.044660058	-0.040204294	0.115657754	-0.08949203	0.03217836
-0.2369516	0.22273985	-0.21090445	0.0839781	-0.100625135	0.2755163	-0.5429969	0.20888264	-0.12196414	0.09961609	-0.35978815	1.0000006	-0.52739674	0.16865835	-0.14965321	0.24865028	-0.30432317	0.22824444	-0.20959005	0.1898042	-0.21921991	0.20936479	-0.15459664	0.1379941	-0.15023291	0.07147636	-0.07479004	0.10924254	-0.07773573	0.035458546	-0.04864715	0.043655783	-0.12807398	0.097791314	-0.03569214
0.19303244	-0.19957523	0.2634831	-0.109731905	0.12487622	-0.21630743	0.25172362	-0.41930875	0.16035987	-0.14102544	0.21105409	-0.52739674	1.0000006	-0.3226613	0.20482413	-0.24491563	0.23339865	-0.3663208	0.25424606	-0.24269061	0.21856835	-0.23043258	0.17566612	-0.16677909	0.17297052	-0.07880911	0.081331745	-0.12878962	0.09031559	-0.041413903	0.0544882	-0.04906714	0.14519978	-0.11557762	0.04141531
-0.12014273	0.1081391	-0.16421358	0.12958154	-0.15451856	0.11311949	-0.13233356	0.16333982	-0.34051457	0.26476547	-0.11661204	0.16865835	-0.3226613	1.0000006	-0.7348087	0.14252913	-0.1386839	0.1986254	-0.30167115	0.19583759	-0.14932904	0.14677157	-0.12564021	0.1302722	-0.13938972	0.05424794	-0.05630361	0.09164789	-0.06549306	0.030337272	-0.03899785	0.034975752	-0.1056994	0.08275863	-0.030444149
0.10854708	-0.10071452	0.14029552	-0.122838944	0.13617058	-0.104143545	0.11405633	-0.14849664	0.27877143	-0.46452594	0.10304236	-0.14965321	0.20482413	-0.7348087	1.0000007	-0.13374439	0.122635745	-0.17408231	0.20050763	-0.21394925	0.13831624	-0.13878623	0.113585725	-0.120491594	0.13041718	-0.051440306	0.05301475	-0.08724825	0.061801497	-0.028960897	0.036942832	-0.033191673	0.10008007	-0.079759404	0.02894925
-0.20980279	0.16952775	-0.17970383	0.07813527	-0.09609593	0.25139555	-0.23857711	0.1571254	-0.11473057	0.092419244	-0.4349046	0.24865028	-0.24491563	0.14252913	-0.13374439	1.0000008	-0.5253347	0.2502669	-0.24897645	0.22058848	-0.4875606	0.2816425	-0.20357043	0.17174295	-0.19265546	0.10731162	-0.11247311	0.1406501	-0.10087427	0.04556683	-0.06715024	0.06016226	-0.16875146	0.124985896	-0.04609453
0.16293806	-0.14442728	0.15319338	-0.068468235	0.08294958	-0.19270855	0.19544187	-0.14555879	0.10248779	-0.08455298	0.21779904	-0.30432317	0.23339865	-0.1386839	0.122635745	-0.5253347	1.0000006	-0.43365544	0.25636747	-0.21548535	0.27081272	-0.5452785	0.23377001	-0.19132653	0.18379234	-0.09962514	0.10456849	-0.14462897	0.10060814	-0.043763738	0.060748007	-0.055123445	0.15425329	-0.12082009	0.044041097
-0.1691095	0.14366658	-0.18737724	0.08576891	-0.10380782	0.16234931	-0.18616828	0.17584004	-0.13676389	0.11208983	-0.18189254	0.22824444	-0.3663208	0.1986254	-0.17408231	0.2502669	-0.43365544	1.0000007	-0.61828774	0.2539559	-0.2515904	0.2817117	-0.31950283	0.23626845	-0.2275721	0.09160845	-0.09756539	0.16133575	-0.11615758	0.049839947	-0.06445723	0.057778988	-0.17463905	0.13395156	-0.050446574
0.16562302	-0.14590971	0.17546721	-0.09217943	0.109064505	-0.16137448	0.16878769	-0.17407951	0.15276477	-0.1353421	0.16507982	-0.20959005	0.25424606	-0.30167115	0.20050763	-0.24897645	0.25636747	-0.61828774	1.0000005	-0.3862786	0.24152797	-0.2934511	0.2607423	-0.3479516	0.2584921	-0.097181976	0.10048465	-0.17902009	0.12638363	-0.056413278	0.06820444	-0.061574385	0.18502994	-0.1547597	0.05617395
-0.21359904	0.15906574	-0.21488757	0.10639823	-0.13496651	0.15856944	-0.1809599	0.17265044	-0.17098673	0.13506654	-0.17053655	0.1898042	-0.24269061	0.19583759	-0.21394925	0.22058848	-0.21548535	0.2539559	-0.3862786	1.0000008	-0.32351154	0.24879037	-0.2709307	0.2850659	-0.60379	0.11229308	-0.11940041	0.19531384	-0.14747733	0.07580503	-0.09454199	0.082985625	-0.27180225	0.17983924	-0.07807953
0.20629117	-0.17865518	0.18227945	-0.08395833	0.102653086	-0.2246486	0.19731353	-0.16500442	0.121422514	-0.10007497	0.22251661	-0.21921991	0.21856835	-0.14932904	0.13831624	-0.4875606	0.27081272	-0.2515904	0.24152797	-0.32351154	1.0000005	-0.36882535	0.22455305	-0.21316496	0.22791778	-0.20326085	0.1713087	-0.1981487	0.13572556	-0.06289448	0.09764481	-0.08992764	0.22388193	-0.1840214	0.062339026
-0.17880605	0.14393073	-0.17083073	0.07743872	-0.09565854	0.16652973	-0.1851125	0.14804603	-0.11750387	0.09440583	-0.19323517	0.20936479	-0.23043258	0.14677157	-0.13878623	0.2816425	-0.5452785	0.2817117	-0.2934511	0.24879037	-0.36882535	1.0000004	-0.47664985	0.25521228	-0.26726717	0.14594717	-0.1770871	0.20140356	-0.1460373	0.060159054	-0.088078745	0.07938087	-0.22056378	0.16078205	-0.061468218
0.13293432	-0.11069064	0.13084896	-0.06178089	0.07551936	-0.12450381	0.13142474	-0.11877185	0.094769076	-0.07818198	0.13264856	-0.15459664	0.17566612	-0.12564021	0.113585725	-0.20357043	0.23377001	-0.31950283	0.2607423	-0.2709307	0.22455305	-0.47664985	1.0000004	-0.5836536	0.2774289	-0.11294653	0.120719336	-0.35990715	0.1933772	-0.0703232	0.07803412	-0.071062095	0.21894361	-0.19855931	0.069897026
-0.12872635	0.10420889	-0.12875934	0.062366612	-0.0768043	0.11286629	-0.12268937	0.113165766	-0.098659046	0.08044327	-0.12103353	0.1379941	-0.16677909	0.1302722	-0.120491594	0.17174295	-0.19132653	0.23626845	-0.3479516	0.2850659	-0.21316496	0.25521228	-0.5836536	1.0	-0.5747168	0.0934452	-0.1010933	0.21895216	-0.1890416	0.069660984	-0.07198442	0.0644396	-0.20811598	0.1720876	-0.070482776
0.1461903	-0.119453065	0.14271666	-0.06997899	0.08590997	-0.12747452	0.13379622	-0.12622231	0.10806233	-0.09031043	0.1314249	-0.15023291	0.17297052	-0.13938972	0.13041718	-0.19265546	0.18379234	-0.2275721	0.2584921	-0.60379	0.22791778	-0.26726717	0.2774289	-0.5747168	0.99999994	-0.10018462	0.10354914	-0.21438818	0.15401554	-0.08611654	0.074461386	-0.06729242	0.20829406	-0.19205546	0.08113321
-0.07044859	0.056883484	-0.06524868	0.030125832	-0.037265252	0.06407834	-0.06548932	0.05638913	-0.044716325	0.036200084	-0.067939766	0.07147636	-0.07880911	0.05424794	-0.051440306	0.10731162	-0.09962514	0.09160845	-0.097181976	0.11229308	-0.20326085	0.14594717	-0.11294653	0.0934452	-0.10018462	0.9999999	-0.9004157	0.14785735	-0.10090326	0.038451415	-0.22557439	0.17252696	-0.17653322	0.11794194	-0.038954318
0.07216745	-0.05895803	0.066921584	-0.030996932	0.038242392	-0.06680497	0.06751992	-0.058449842	0.045989145	-0.037403267	0.06991614	-0.07479004	0.081331745	-0.05630361	0.05301475	-0.11247311	0.10456849	-0.09756539	0.10048465	-0.11940041	0.1713087	-0.1770871	0.120719336	-0.1010933	0.10354914	-0.9004157	0.99999976	-0.18421982	0.108340755	-0.041284297	0.1758456	-0.19061221	0.16775402	-0.13189815	0.041128203
-0.11072012	0.08707428	-0.106071696	0.04961843	-0.06162431	0.092769675	-0.100351244	0.090363465	-0.07502006	0.060489573	-0.09905207	0.10924254	-0.12878962	0.09164789	-0.08724825	0.1406501	-0.14462897	0.16133575	-0.17902009	0.19531384	-0.1981487	0.20140356	-0.35990715	0.21895216	-0.21438818	0.14785735	-0.18421982	0.9999996	-0.636937	0.12092044	-0.13181596	0.11779623	-0.45193645	0.31708762	-0.12835419
0.0779429	-0.061943613	0.07459222	-0.035108805	0.043481883	-0.06616235	0.07071298	-0.06423282	0.05305715	-0.043054007	0.06986772	-0.07773573	0.09031559	-0.06549306	0.061801497	-0.10087427	0.10060814	-0.11615758	0.12638363	-0.14747733	0.13572556	-0.1460373	0.1933772	-0.1890416	0.15401554	-0.10090326	0.108340755	-0.636937	0.9999994	-0.17033985	0.08628317	-0.07931177	0.28405988	-0.63326603	0.1474752
-0.036901448	0.029031036	-0.03514654	0.016590528	-0.020604275	0.03051251	-0.03271371	0.029928168	-0.025000937	0.020256495	-0.03206701	0.035458546	-0.041413903	0.030337272	-0.028960897	0.04556683	-0.043763738	0.049839947	-0.056413278	0.07580503	-0.06289448	0.060159054	-0.0703232	0.069660984	-0.08611654	0.038451415	-0.041284297	0.12092044	-0.17033985	0.9999994	-0.037032258	0.033159506	-0.12005915	0.14941542	-0.96264267
0.05010879	-0.04023414	0.046469204	-0.021753976	0.026905343	-0.04317693	0.04463524	-0.040139847	0.032207426	-0.026243914	0.044660058	-0.04864715	0.0544882	-0.03899785	0.036942832	-0.06715024	0.060748007	-0.06445723	0.06820444	-0.09454199	0.09764481	-0.088078745	0.07803412	-0.07198442	0.074461386	-0.22557439	0.1758456	-0.13181596	0.08628317	-0.037032258	0.9999996	-0.9116226	0.20394365	-0.1463518	0.035701703
-0.044967193	0.035984717	-0.04176458	0.01951919	-0.024161713	0.038658347	-0.040138464	0.03596746	-0.02893266	0.023528418	-0.040204294	0.043655783	-0.04906714	0.034975752	-0.033191673	0.06016226	-0.055123445	0.057778988	-0.061574385	0.082985625	-0.08992764	0.07938087	-0.071062095	0.0644396	-0.06729242	0.17252696	-0.19061221	0.11779623	-0.07931177	0.033159506	-0.9116226	0.9999994	-0.2719387	0.12921415	-0.03233365
0.1340429	-0.10714366	0.124799885	-0.058783352	0.07271067	-0.11244495	0.11755783	-0.10770114	0.08716028	-0.07118889	0.115657754	-0.12807398	0.14519978	-0.1056994	0.10008007	-0.16875146	0.15425329	-0.17463905	0.18502994	-0.27180225	0.22388193	-0.22056378	0.21894361	-0.20811598	0.20829406	-0.17653322	0.16775402	-0.45193645	0.28405988	-0.12005915	0.20394365	-0.2719387	0.9999994	-0.56501734	0.11410202
-0.10461997	0.08086794	-0.09910495	0.04630621	-0.057783015	0.08431857	-0.09154872	0.082991846	-0.06946268	0.05572449	-0.08949203	0.097791314	-0.11557762	0.08275863	-0.079759404	0.124985896	-0.12082009	0.13395156	-0.1547597	0.17983924	-0.1840214	0.16078205	-0.19855931	0.1720876	-0.19205546	0.11794194	-0.13189815	0.31708762	-0.63326603	0.14941542	-0.1463518	0.12921415	-0.56501734	0.99999946	-0.17257112
0.036826998	-0.0291621	0.035051733	-0.016575275	0.020549193	-0.030747298	0.032770567	-0.03002979	0.024960835	-0.02029193	0.03217836	-0.03569214	0.04141531	-0.030444149	0.02894925	-0.04609453	0.044041097	-0.050446574	0.05617395	-0.07807953	0.062339026	-0.061468218	0.069897026	-0.070482776	0.08113321	-0.038954318	0.041128203	-0.12835419	0.1474752	-0.96264267	0.035701703	-0.03233365	0.11410202	-0.17257112	0.99999946
