1.0000001	-0.68539137	0.29368973	-0.21448901	0.2064077	-0.30475366	0.24086596	-0.24385889	0.13915375	-0.14062388	0.18458526	-0.17476232	0.16604267	-0.15121308	0.16046563	-0.22467077	0.17342418	-0.1763912	0.12073098	-0.12546022	0.07505243	-0.09074028	0.106030285	-0.10615395	0.11396063	-0.06933022	0.086821094	-0.10942934	0.08982638	-0.107671015	0.15936854	-0.10730692	0.09618227	-0.06197664	0.07360537
-0.68539137	1.0000001	-0.5616684	0.2129458	-0.22633554	0.1905404	-0.237508	0.17898913	-0.11607062	0.11220253	-0.1345538	0.12482552	-0.12425373	0.110210635	-0.12022783	0.14787808	-0.122813605	0.11909241	-0.08441461	0.08624812	-0.0508794	0.061611723	-0.07249591	0.072176814	-0.07878281	0.046642333	-0.05919117	0.07297288	-0.06084323	0.07225826	-0.106558494	0.07125967	-0.064663805	0.041752603	-0.04987851
0.29368973	-0.5616684	0.99999994	-0.5221769	0.29074863	-0.1721649	0.18141966	-0.2440696	0.1627315	-0.16497128	0.14267783	-0.14514948	0.15430412	-0.14950065	0.1582966	-0.18378112	0.15004982	-0.16352998	0.11393388	-0.11847321	0.065647095	-0.07969499	0.0982199	-0.09888408	0.10646411	-0.060868785	0.07673093	-0.100558095	0.0831294	-0.0998702	0.14449719	-0.0973483	0.08789423	-0.05719271	0.067908555
-0.21448901	0.2129458	-0.5221769	0.99999994	-0.7243477	0.11307068	-0.12559897	0.16556458	-0.22583398	0.18919504	-0.10185207	0.10379207	-0.11901763	0.1295109	-0.1436464	0.12542026	-0.10908986	0.12069987	-0.08981019	0.091468126	-0.046590105	0.056659594	-0.073597915	0.07415064	-0.081622876	0.043033198	-0.054883126	0.07266934	-0.06157845	0.073404066	-0.10296833	0.069164254	-0.06368236	0.04195515	-0.05010058
0.2064077	-0.22633554	0.29074863	-0.7243477	0.9999999	-0.14204049	0.1504888	-0.22134629	0.21912473	-0.27614775	0.13300164	-0.13914442	0.1535948	-0.16955726	0.18380438	-0.17814863	0.14897373	-0.17350596	0.123336144	-0.12927967	0.06621125	-0.080535464	0.10414951	-0.105697	0.114141524	-0.061607797	0.077867135	-0.10586109	0.08815341	-0.10634534	0.14955413	-0.10111233	0.09188755	-0.060450856	0.071695745
-0.30475366	0.1905404	-0.1721649	0.11307068	-0.14204049	0.99999964	-0.71267945	0.24936068	-0.119585656	0.11070877	-0.47165167	0.24445651	-0.20398515	0.14036569	-0.15217866	0.24009374	-0.20721616	0.14500923	-0.10584484	0.10280456	-0.073674515	0.088520914	-0.089261584	0.08675622	-0.09666674	0.06510001	-0.084243394	0.08620242	-0.0730738	0.08438494	-0.13075314	0.086599045	-0.079043	0.04976581	-0.060193397
0.24086596	-0.237508	0.18141966	-0.12559897	0.1504888	-0.71267945	0.9999997	-0.41235796	0.13774969	-0.13002609	0.2817136	-0.29301003	0.22535288	-0.16237457	0.16607606	-0.269236	0.20848954	-0.16620325	0.11857545	-0.11622653	0.07803922	-0.0953842	0.098760635	-0.09748344	0.10675009	-0.070340954	0.088999614	-0.09620287	0.081086434	-0.09475663	0.14056213	-0.09541543	0.08657863	-0.055183757	0.06625784
-0.24385889	0.17898913	-0.2440696	0.16556458	-0.22134629	0.24936068	-0.41235796	0.9999997	-0.28683525	0.213647	-0.27496618	0.27802587	-0.5665741	0.26857242	-0.30481318	0.24268785	-0.26890296	0.22477789	-0.18277222	0.16901138	-0.094749786	0.116006516	-0.14308505	0.13802111	-0.16045663	0.08464202	-0.11323472	0.12937662	-0.114881605	0.13057674	-0.1913311	0.124168016	-0.11874848	0.077056326	-0.09439857
0.13915375	-0.11607062	0.1627315	-0.22583398	0.21912473	-0.119585656	0.13774969	-0.28683525	0.99999976	-0.7852172	0.1253852	-0.1435446	0.19858833	-0.35064426	0.2818802	-0.14593749	0.14122579	-0.18009509	0.15357965	-0.14813821	0.056860622	-0.07031126	0.105832584	-0.11091774	0.121795274	-0.052285917	0.06814804	-0.095578805	0.085636206	-0.10167176	0.12399627	-0.085450426	0.08227073	-0.056627795	0.06771836
-0.14062388	0.11220253	-0.16497128	0.18919504	-0.27614775	0.11070877	-0.13002609	0.213647	-0.7852172	0.9999999	-0.11933054	0.13083826	-0.18333228	0.25531235	-0.41031522	0.13650513	-0.13652064	0.16458829	-0.14615068	0.14467555	-0.05506469	0.06764519	-0.103264354	0.10504786	-0.12407827	0.05052778	-0.066177905	0.09234045	-0.084102124	0.09861821	-0.12251362	0.08287689	-0.0807359	0.055514906	-0.067135975
0.18458526	-0.1345538	0.14267783	-0.10185207	0.13300164	-0.47165167	0.2817136	-0.27496618	0.1253852	-0.11933054	0.99999964	-0.5484657	0.24212153	-0.16981019	0.16606192	-0.5121048	0.28427318	-0.17858993	0.12488518	-0.120237246	0.10153843	-0.12096344	0.10456267	-0.1023418	0.11118507	-0.08936225	0.109940246	-0.10188235	0.08511212	-0.098487884	0.1527957	-0.1047367	0.093348265	-0.05791431	0.06959053
-0.17476232	0.12482552	-0.14514948	0.10379207	-0.13914442	0.24445651	-0.29301003	0.27802587	-0.1435446	0.13083826	-0.5484657	0.9999994	-0.4857992	0.20568323	-0.20261961	0.30031127	-0.46584624	0.1983211	-0.14639105	0.13280745	-0.10270203	0.13546616	-0.11603811	0.112211466	-0.123901844	0.0890952	-0.124036744	0.10841376	-0.09243517	0.105504006	-0.16036586	0.11049153	-0.100147836	0.062263537	-0.07528332
0.16604267	-0.12425373	0.15430412	-0.11901763	0.1535948	-0.20398515	0.22535288	-0.5665741	0.19858833	-0.18333228	0.24212153	-0.4857992	0.9999994	-0.4434045	0.26243448	-0.24001218	0.24560273	-0.26498654	0.1939804	-0.17053889	0.08410386	-0.10777783	0.13497956	-0.13766253	0.1468955	-0.07607855	0.100273326	-0.120031014	0.105908215	-0.12281876	0.16039601	-0.11141791	0.10548009	-0.070117705	0.084179655
-0.15121308	0.110210635	-0.14950065	0.1295109	-0.16955726	0.14036569	-0.16237457	0.26857242	-0.35064426	0.25531235	-0.16981019	0.20568323	-0.4434045	0.9999995	-0.6017553	0.18185008	-0.19999723	0.26357123	-0.36806932	0.23069167	-0.075411044	0.0939865	-0.16676356	0.17337029	-0.19309254	0.06894407	-0.091848806	0.13342625	-0.12724917	0.14445172	-0.16566484	0.11414096	-0.11533198	0.08107038	-0.09821116
0.16046563	-0.12022783	0.1582966	-0.1436464	0.18380438	-0.15217866	0.16607606	-0.30481318	0.2818802	-0.41031522	0.16606192	-0.20261961	0.26243448	-0.6017553	0.9999995	-0.20686112	0.19767827	-0.30398417	0.25982812	-0.3302231	0.08202351	-0.1026998	0.17089774	-0.18770489	0.21262519	-0.07615366	0.099185385	-0.15430596	0.14108564	-0.17540336	0.18162389	-0.13111262	0.12763286	-0.09205632	0.10842668
-0.22467077	0.14787808	-0.18378112	0.12542026	-0.17814863	0.24009374	-0.269236	0.24268785	-0.14593749	0.13650513	-0.5121048	0.30031127	-0.24001218	0.18185008	-0.20686112	0.99999994	-0.5678857	0.22014642	-0.15801303	0.15108046	-0.206187	0.1999295	-0.14387162	0.13407688	-0.15002556	0.15555198	-0.1981206	0.1417118	-0.11713474	0.13106968	-0.24910913	0.15746474	-0.139172	0.08057275	-0.098455206
0.17342418	-0.122813605	0.15004982	-0.10908986	0.14897373	-0.20721616	0.20848954	-0.26890296	0.14122579	-0.13652064	0.28427318	-0.46584624	0.24560273	-0.19999723	0.19767827	-0.5678857	1.0	-0.31336656	0.17756525	-0.16782273	0.17088962	-0.32065353	0.15196922	-0.14817677	0.15385568	-0.15498771	0.20877717	-0.15267657	0.12188272	-0.14110516	0.21667132	-0.16824971	0.13973166	-0.082939096	0.098275356
-0.1763912	0.11909241	-0.16352998	0.12069987	-0.17350596	0.14500923	-0.16620325	0.22477789	-0.18009509	0.16458829	-0.17858993	0.1983211	-0.26498654	0.26357123	-0.30398417	0.22014642	-0.31336656	0.9999996	-0.5751847	0.28505138	-0.109338716	0.13647233	-0.34268576	0.27284425	-0.30489376	0.1000926	-0.13679697	0.21194161	-0.20465763	0.21185574	-0.2663205	0.17420149	-0.1924324	0.12855689	-0.16107494
0.12073098	-0.08441461	0.11393388	-0.08981019	0.123336144	-0.10584484	0.11857545	-0.18277222	0.15357965	-0.14615068	0.12488518	-0.14639105	0.1939804	-0.36806932	0.25982812	-0.15801303	0.17756525	-0.5751847	0.9999996	-0.4892153	0.07346385	-0.09287868	0.25270915	-0.388626	0.2668828	-0.06852499	0.09177403	-0.17624786	0.17786404	-0.20027179	0.17710587	-0.12950821	0.13959615	-0.106453	0.124477394
-0.12546022	0.08624812	-0.11847321	0.091468126	-0.12927967	0.10280456	-0.11622653	0.16901138	-0.14813821	0.14467555	-0.120237246	0.13280745	-0.17053889	0.23069167	-0.3302231	0.15108046	-0.16782273	0.28505138	-0.4892153	0.99999964	-0.075347856	0.092491895	-0.22484623	0.23287597	-0.6398682	0.07047943	-0.09402612	0.1769543	-0.20673268	0.24525371	-0.19616555	0.13622119	-0.15150727	0.12136348	-0.15234645
0.07505243	-0.0508794	0.065647095	-0.046590105	0.06621125	-0.073674515	0.07803922	-0.094749786	0.056860622	-0.05506469	0.10153843	-0.10270203	0.08410386	-0.075411044	0.08202351	-0.206187	0.17088962	-0.109338716	0.07346385	-0.075347856	0.99999934	-0.4169826	0.07908966	-0.07430277	0.073489234	-0.8133369	0.28870335	-0.09922775	0.06770568	-0.07652565	0.18354502	-0.15028645	0.10142403	-0.04765536	0.055080693
-0.09074028	0.061611723	-0.07969499	0.056659594	-0.080535464	0.088520914	-0.0953842	0.116006516	-0.07031126	0.06764519	-0.12096344	0.13546616	-0.10777783	0.0939865	-0.1026998	0.1999295	-0.32065353	0.13647233	-0.09287868	0.092491895	-0.4169826	0.9999993	-0.105203226	0.09336574	-0.092687845	0.2841059	-0.7438474	0.12327805	-0.08624723	0.092957154	-0.22267574	0.19188559	-0.14314327	0.06036117	-0.07119528
0.106030285	-0.07249591	0.0982199	-0.073597915	0.10414951	-0.089261584	0.098760635	-0.14308505	0.105832584	-0.103264354	0.10456267	-0.11603811	0.13497956	-0.16676356	0.17089774	-0.14387162	0.15196922	-0.34268576	0.25270915	-0.22484623	0.07908966	-0.105203226	0.99999934	-0.7021275	0.21628036	-0.0763931	0.10494337	-0.4256981	0.24893495	-0.242964	0.20110345	-0.18609598	0.21182589	-0.14590187	0.1544571
-0.10615395	0.072176814	-0.09888408	0.07415064	-0.105697	0.08675622	-0.09748344	0.13802111	-0.11091774	0.10504786	-0.1023418	0.112211466	-0.13766253	0.17337029	-0.18770489	0.13407688	-0.14817677	0.27284425	-0.388626	0.23287597	-0.07430277	0.09336574	-0.7021275	0.9999994	-0.2715138	0.070566766	-0.09630642	0.25932035	-0.34241647	0.23892963	-0.20049697	0.15499243	-0.19332254	0.1518977	-0.17467064
0.11396063	-0.07878281	0.10646411	-0.081622876	0.114141524	-0.09666674	0.10675009	-0.16045663	0.121795274	-0.12407827	0.11118507	-0.123901844	0.1468955	-0.19309254	0.21262519	-0.15002556	0.15385568	-0.30489376	0.2668828	-0.6398682	0.073489234	-0.092687845	0.21628036	-0.2715138	0.9999996	-0.06995703	0.09291171	-0.21216266	0.2432805	-0.49584225	0.186689	-0.14854759	0.15772925	-0.1443105	0.16182578
-0.06933022	0.046642333	-0.060868785	0.043033198	-0.061607797	0.06510001	-0.070340954	0.08464202	-0.052285917	0.05052778	-0.08936225	0.0890952	-0.07607855	0.06894407	-0.07615366	0.15555198	-0.15498771	0.1000926	-0.06852499	0.07047943	-0.8133369	0.2841059	-0.0763931	0.070566766	-0.06995703	0.9999995	-0.4285748	0.097623095	-0.066001356	0.073201105	-0.23112078	0.15552524	-0.10674476	0.046598952	-0.054111306
0.086821094	-0.05919117	0.07673093	-0.054883126	0.077867135	-0.084243394	0.088999614	-0.11323472	0.06814804	-0.066177905	0.109940246	-0.124036744	0.100273326	-0.091848806	0.099185385	-0.1981206	0.20877717	-0.13679697	0.09177403	-0.09402612	0.28870335	-0.7438474	0.10494337	-0.09630642	0.09291171	-0.4285748	0.9999997	-0.14181781	0.09014408	-0.098488964	0.21835013	-0.28190202	0.1559932	-0.063549325	0.072926685
-0.10942934	0.07297288	-0.100558095	0.07266934	-0.10586109	0.08620242	-0.09620287	0.12937662	-0.095578805	0.09234045	-0.10188235	0.10841376	-0.120031014	0.13342625	-0.15430596	0.1417118	-0.15267657	0.21194161	-0.17624786	0.1769543	-0.09922775	0.12327805	-0.4256981	0.25932035	-0.21216266	0.097623095	-0.14181781	0.9999996	-0.40044236	0.24868494	-0.3093133	0.2694888	-0.58317727	0.18603022	-0.21295112
0.08982638	-0.06084323	0.0831294	-0.06157845	0.08815341	-0.0730738	0.081086434	-0.114881605	0.085636206	-0.084102124	0.08511212	-0.09243517	0.105908215	-0.12724917	0.14108564	-0.11713474	0.12188272	-0.20465763	0.17786404	-0.20673268	0.06770568	-0.08624723	0.24893495	-0.34241647	0.2432805	-0.066001356	0.09014408	-0.40044236	0.9999996	-0.62018114	0.18695125	-0.16992138	0.21094999	-0.392494	0.27129552
-0.107671015	0.07225826	-0.0998702	0.073404066	-0.10634534	0.08438494	-0.09475663	0.13057674	-0.10167176	0.09861821	-0.098487884	0.105504006	-0.12281876	0.14445172	-0.17540336	0.13106968	-0.14110516	0.21185574	-0.20027179	0.24525371	-0.07652565	0.092957154	-0.242964	0.23892963	-0.49584225	0.073201105	-0.098488964	0.24868494	-0.62018114	0.9999997	-0.22502834	0.1641324	-0.21209249	0.22935675	-0.2980707
0.15936854	-0.106558494	0.14449719	-0.10296833	0.14955413	-0.13075314	0.14056213	-0.1913311	0.12399627	-0.12251362	0.1527957	-0.16036586	0.16039601	-0.16566484	0.18162389	-0.24910913	0.21667132	-0.2663205	0.17710587	-0.19616555	0.18354502	-0.22267574	0.20110345	-0.20049697	0.186689	-0.23112078	0.21835013	-0.3093133	0.18695125	-0.22502834	0.9999995	-0.56025624	0.2781052	-0.13386966	0.1463276
-0.10730692	0.07125967	-0.0973483	0.069164254	-0.10111233	0.086599045	-0.09541543	0.124168016	-0.085450426	0.08287689	-0.1047367	0.11049153	-0.11141791	0.11414096	-0.13111262	0.15746474	-0.16824971	0.17420149	-0.12950821	0.13622119	-0.15028645	0.19188559	-0.18609598	0.15499243	-0.14854759	0.15552524	-0.28190202	0.2694888	-0.16992138	0.1641324	-0.56025624	0.99999946	-0.6182197	0.12464825	-0.14529355
0.09618227	-0.064663805	0.08789423	-0.06368236	0.09188755	-0.079043	0.08657863	-0.11874848	0.08227073	-0.0807359	0.093348265	-0.100147836	0.10548009	-0.11533198	0.12763286	-0.139172	0.13973166	-0.1924324	0.13959615	-0.15150727	0.10142403	-0.14314327	0.21182589	-0.19332254	0.15772925	-0.10674476	0.1559932	-0.58317727	0.21094999	-0.21209249	0.2781052	-0.6182197	0.9999996	-0.17174669	0.16216119
-0.06197664	0.041752603	-0.05719271	0.04195515	-0.060450856	0.04976581	-0.055183757	0.077056326	-0.056627795	0.055514906	-0.05791431	0.062263537	-0.070117705	0.08107038	-0.09205632	0.08057275	-0.082939096	0.12855689	-0.106453	0.12136348	-0.04765536	0.06036117	-0.14590187	0.1518977	-0.1443105	0.046598952	-0.063549325	0.18603022	-0.392494	0.22935675	-0.13386966	0.12464825	-0.17174669	0.99999964	-0.8506894
0.07360537	-0.04987851	0.067908555	-0.05010058	0.071695745	-0.060193397	0.06625784	-0.09439857	0.06771836	-0.067135975	0.06959053	-0.07528332	0.084179655	-0.09821116	0.10842668	-0.098455206	0.098275356	-0.16107494	0.124477394	-0.15234645	0.055080693	-0.07119528	0.1544571	-0.17467064	0.16182578	-0.054111306	0.072926685	-0.21295112	0.27129552	-0.2980707	0.1463276	-0.14529355	0.16216119	-0.8506894	0.99999964
