1.0000001	-0.83054113	0.22164571	-0.23874101	0.10559003	-0.2910371	0.2581507	-0.16362108	0.13533363	-0.113644004	0.18045233	-0.18528663	0.13860083	-0.11427915	0.11814041	-0.14552733	0.115758575	-0.11748224	0.090027064	-0.11267131	0.08608785	-0.07201972	0.07625635	-0.08638748	0.08422848	-0.03749363	0.064072244	-0.071480356	0.062673956	-0.070900515	0.0454341	-0.043589283	0.04625544	-0.050045844	0.038663015
-0.83054113	1.0000001	-0.29372007	0.20096001	-0.09472185	0.2177468	-0.347625	0.14860976	-0.12661274	0.09676497	-0.16402595	0.15955463	-0.124644764	0.0979697	-0.102420084	0.116699845	-0.09988302	0.09579071	-0.07502172	0.09173237	-0.070311435	0.05891598	-0.06278574	0.070077784	-0.0694329	0.030559655	-0.05287659	0.058077417	-0.051106416	0.057205744	-0.03707828	0.03544136	-0.03778908	0.040249027	-0.03128097
0.22164571	-0.29372007	0.9999999	-0.8115048	0.21551318	-0.15079366	0.17107394	-0.25873792	0.19889228	-0.23308732	0.1329223	-0.13633025	0.14642309	-0.12716477	0.12816527	-0.1136473	0.09477297	-0.11670636	0.092725426	-0.115320146	0.081494406	-0.06595557	0.074441746	-0.08662336	0.085181534	-0.035435878	0.059565302	-0.069442436	0.06237443	-0.07049169	0.043273818	-0.04160987	0.044347424	-0.049552266	0.03837196
-0.23874101	0.20096001	-0.8115048	0.9999999	-0.33969992	0.13253203	-0.16072127	0.20055781	-0.21826863	0.22465879	-0.12881173	0.122790806	-0.14169218	0.12043194	-0.1283308	0.10106323	-0.087596364	0.10482591	-0.086389475	0.10451113	-0.07561026	0.059899386	-0.06852456	0.07834928	-0.079438254	0.032658577	-0.054766044	0.06286133	-0.05694423	0.063553475	-0.040042102	0.0379462	-0.04074303	0.04453572	-0.03478486
0.10559003	-0.09472185	0.21551318	-0.33969992	0.9999995	-0.09715024	0.11012709	-0.21576896	0.22333305	-0.8501635	0.09430432	-0.09899666	0.12248287	-0.12038474	0.11223409	-0.084342495	0.07121761	-0.09833746	0.079689205	-0.099028915	0.062883615	-0.051888052	0.06066067	-0.07240784	0.07038961	-0.027582848	0.04696296	-0.056611206	0.051504046	-0.05807794	0.033640224	-0.033074267	0.03521171	-0.040580373	0.03143432
-0.2910371	0.2177468	-0.15079366	0.13253203	-0.09715024	0.99999946	-0.6099137	0.18993782	-0.1721171	0.09560551	-0.60791	0.282191	-0.19721387	0.143589	-0.15288077	0.19668798	-0.17665572	0.140681	-0.11065972	0.131566	-0.1058857	0.091407545	-0.09431811	0.10124854	-0.10177817	0.04601039	-0.082393475	0.085916646	-0.07471318	0.08236657	-0.055568073	0.052979212	-0.056686506	0.05780326	-0.04523957
0.2581507	-0.347625	0.17107394	-0.16072127	0.11012709	-0.6099137	0.99999946	-0.30491024	0.20072988	-0.11419487	0.30761972	-0.4384515	0.22382249	-0.17206852	0.16590595	-0.23164314	0.19396289	-0.16619983	0.12705566	-0.15392035	0.115406886	-0.10377962	0.10610923	-0.11736564	0.11428188	-0.050740767	0.09118023	-0.098325916	0.085324004	-0.09498891	0.060911357	-0.059475437	0.0630753	-0.06662737	0.051768333
-0.16362108	0.14860976	-0.25873792	0.20055781	-0.21576896	0.18993782	-0.30491024	0.9999994	-0.7211756	0.20551193	-0.19249469	0.20712999	-0.36681986	0.24555954	-0.21722038	0.14969711	-0.13635798	0.17126165	-0.14721455	0.1660517	-0.10295703	0.088211	-0.10463056	0.12094092	-0.12002563	0.045373753	-0.08031257	0.09469212	-0.08677435	0.094989516	-0.055136725	0.054704156	-0.058566805	0.06575571	-0.05158353
0.13533363	-0.12661274	0.19889228	-0.21826863	0.22333305	-0.1721171	0.20072988	-0.7211756	0.9999994	-0.3357893	0.16338661	-0.18723533	0.26012433	-0.3365393	0.21265334	-0.14790237	0.12675999	-0.18650094	0.15673895	-0.18478881	0.10431485	-0.090438016	0.10829765	-0.13208075	0.12522914	-0.04636222	0.081552185	-0.100516915	0.09227064	-0.102566555	0.05622259	-0.05692297	0.060482588	-0.07094547	0.055134367
-0.113644004	0.09676497	-0.23308732	0.22465879	-0.8501635	0.09560551	-0.11419487	0.20551193	-0.3357893	0.9999993	-0.096839614	0.09854797	-0.12990193	0.124883905	-0.12240103	0.081832506	-0.07099645	0.09524272	-0.08049591	0.09651678	-0.0618796	0.05057235	-0.059725005	0.0703277	-0.06993893	0.027041405	-0.046131037	0.054944303	-0.050388843	0.056164023	-0.033048376	0.032222856	-0.0344838	0.039130475	-0.030519284
0.18045233	-0.16402595	0.1329223	-0.12881173	0.09430432	-0.60791	0.30761972	-0.19249469	0.16338661	-0.096839614	0.999999	-0.5081537	0.23187487	-0.181483	0.18116607	-0.35323322	0.24823326	-0.19544482	0.1448447	-0.17804524	0.1421324	-0.12913963	0.12652194	-0.1379104	0.133301	-0.06250171	0.112285964	-0.11818308	0.10075526	-0.11265862	0.07450418	-0.072502844	0.07655899	-0.07934644	0.061456498
-0.18528663	0.15955463	-0.13633025	0.122790806	-0.09899666	0.282191	-0.4384515	0.20712999	-0.18723533	0.09854797	-0.5081537	0.9999989	-0.41900343	0.20877096	-0.2081393	0.28791502	-0.43303984	0.19611163	-0.15372398	0.17178175	-0.13667484	0.13387296	-0.12944461	0.13205667	-0.13226978	0.060122475	-0.119453385	0.115189604	-0.09824532	0.10580565	-0.07180147	0.07026136	-0.07522351	0.0737672	-0.05813791
0.13860083	-0.124644764	0.14642309	-0.14169218	0.12248287	-0.19721387	0.22382249	-0.36681986	0.26012433	-0.12990193	0.23187487	-0.41900343	0.99999887	-0.5613714	0.29128513	-0.2234114	0.20323732	-0.3326671	0.24150884	-0.27568284	0.14514475	-0.13548182	0.16473247	-0.19609354	0.18082312	-0.06552033	0.12040005	-0.15137555	0.13590927	-0.14917989	0.07885634	-0.0825582	0.08737145	-0.102435514	0.07972131
-0.11427915	0.0979697	-0.12716477	0.12043194	-0.12038474	0.143589	-0.17206852	0.24555954	-0.3365393	0.124883905	-0.181483	0.20877096	-0.5613714	0.9999987	-0.5613523	0.15815279	-0.15040815	0.2580523	-0.3420398	0.2712029	-0.122974195	0.10907476	-0.14624651	0.18321882	-0.17864375	0.0552405	-0.100866824	0.12886234	-0.12745145	0.13340901	-0.06709461	0.06976087	-0.075034045	0.090189904	-0.07170644
0.11814041	-0.102420084	0.12816527	-0.1283308	0.11223409	-0.15288077	0.16590595	-0.21722038	0.21265334	-0.12240103	0.18116607	-0.2081393	0.29128513	-0.5613523	0.9999982	-0.19289139	0.1650972	-0.3308087	0.29044378	-0.52299666	0.16435593	-0.1446147	0.18572097	-0.25394627	0.24267435	-0.07438168	0.13110241	-0.17645402	0.17100105	-0.19855316	0.09024154	-0.09569041	0.10119232	-0.13519531	0.103825785
-0.14552733	0.116699845	-0.1136473	0.10106323	-0.084342495	0.19668798	-0.23164314	0.14969711	-0.14790237	0.081832506	-0.35323322	0.28791502	-0.2234114	0.15815279	-0.19289139	0.99999815	-0.7616993	0.19434573	-0.14971215	0.15995975	-0.20966737	0.18580784	-0.15563661	0.13344237	-0.14108549	0.08559519	-0.17524812	0.13345173	-0.1059753	0.10978042	-0.10001517	0.090156764	-0.09771336	0.0772278	-0.061981514
0.115758575	-0.09988302	0.09477297	-0.087596364	0.07121761	-0.17665572	0.19396289	-0.13635798	0.12675999	-0.07099645	0.24823326	-0.43303984	0.20323732	-0.15040815	0.1650972	-0.7616993	0.99999815	-0.22257435	0.1436893	-0.15331654	0.1579494	-0.23248602	0.14540361	-0.12730803	0.12642568	-0.071500964	0.16532858	-0.12960127	0.09878628	-0.10301394	0.081557244	-0.082461044	0.0866874	-0.072021246	0.057173576
-0.11748224	0.09579071	-0.11670636	0.10482591	-0.09833746	0.140681	-0.16619983	0.17126165	-0.18650094	0.09524272	-0.19544482	0.19611163	-0.3326671	0.2580523	-0.3308087	0.19434573	-0.22257435	0.9999982	-0.5983091	0.2939184	-0.17704548	0.1689418	-0.39359924	0.2554555	-0.2667421	0.081276804	-0.16467188	0.23047729	-0.20387647	0.18378085	-0.098865055	0.10817328	-0.120074265	0.122339904	-0.10239967
0.090027064	-0.07502172	0.092725426	-0.086389475	0.079689205	-0.11065972	0.12705566	-0.14721455	0.15673895	-0.08049591	0.1448447	-0.15372398	0.24150884	-0.3420398	0.29044378	-0.14971215	0.1436893	-0.5983091	0.9999982	-0.5051201	0.13374765	-0.12845795	0.21109617	-0.38275197	0.25612032	-0.06215592	0.12129008	-0.1818452	0.1976738	-0.18470648	0.07517199	-0.08470813	0.091768876	-0.117774986	0.09629359
-0.11267131	0.09173237	-0.115320146	0.10451113	-0.099028915	0.131566	-0.15392035	0.1660517	-0.18478881	0.09651678	-0.17804524	0.17178175	-0.27568284	0.2712029	-0.52299666	0.15995975	-0.15331654	0.2939184	-0.5051201	0.99999803	-0.16476437	0.1350448	-0.20488864	0.26618537	-0.45354098	0.073480554	-0.13196981	0.17183314	-0.19805127	0.2116347	-0.090625405	0.09308651	-0.10310656	0.13515808	-0.11267709
0.08608785	-0.070311435	0.081494406	-0.07561026	0.062883615	-0.1058857	0.115406886	-0.10295703	0.10431485	-0.0618796	0.1421324	-0.13667484	0.14514475	-0.122974195	0.16435593	-0.20966737	0.1579494	-0.17704548	0.13374765	-0.16476437	0.99999785	-0.26819542	0.16861776	-0.15416633	0.1548553	-0.4192825	0.20253314	-0.16982631	0.12346586	-0.1378806	0.27536306	-0.1734854	0.16244069	-0.10307076	0.07948711
-0.07201972	0.05891598	-0.06595557	0.059899386	-0.051888052	0.091407545	-0.10377962	0.088211	-0.090438016	0.05057235	-0.12913963	0.13387296	-0.13548182	0.10907476	-0.1446147	0.18580784	-0.23248602	0.1689418	-0.12845795	0.1350448	-0.26819542	0.9999977	-0.29642257	0.14209972	-0.14138854	0.13432494	-0.79819894	0.24635774	-0.13574441	0.12334887	-0.14593016	0.173496	-0.18593894	0.08768154	-0.07183815
0.07625635	-0.06278574	0.074441746	-0.06852456	0.06066067	-0.09431811	0.10610923	-0.10463056	0.10829765	-0.059725005	0.12652194	-0.12944461	0.16473247	-0.14624651	0.18572097	-0.15563661	0.14540361	-0.39359924	0.21109617	-0.20488864	0.16861776	-0.29642257	0.9999975	-0.2628431	0.20545036	-0.09341128	0.24358408	-0.70603985	0.23437865	-0.211557	0.1058738	-0.1671919	0.16864893	-0.13769859	0.10976202
-0.08638748	0.070077784	-0.08662336	0.07834928	-0.07240784	0.10124854	-0.11736564	0.12094092	-0.13208075	0.0703277	-0.1379104	0.13205667	-0.19609354	0.18321882	-0.25394627	0.13344237	-0.12730803	0.2554555	-0.38275197	0.26618537	-0.15416633	0.14209972	-0.2628431	0.9999975	-0.48471794	0.072717614	-0.14873472	0.2305817	-0.58850193	0.29567176	-0.088797905	0.10301178	-0.117057234	0.17777067	-0.16295727
0.08422848	-0.0694329	0.085181534	-0.079438254	0.07038961	-0.10177817	0.11428188	-0.12002563	0.12522914	-0.06993893	0.133301	-0.13226978	0.18082312	-0.17864375	0.24267435	-0.14108549	0.12642568	-0.2667421	0.25612032	-0.45354098	0.1548553	-0.14138854	0.20545036	-0.48471794	0.99999726	-0.07339196	0.13606514	-0.20889433	0.29655352	-0.52445954	0.088840425	-0.10564689	0.11349728	-0.26708362	0.2037301
-0.03749363	0.030559655	-0.035435878	0.032658577	-0.027582848	0.04601039	-0.050740767	0.045373753	-0.04636222	0.027041405	-0.06250171	0.060122475	-0.06552033	0.0552405	-0.07438168	0.08559519	-0.071500964	0.081276804	-0.06215592	0.073480554	-0.4192825	0.13432494	-0.09341128	0.072717614	-0.07339196	0.9999972	-0.14485535	0.09640898	-0.06267354	0.065679565	-0.83817005	0.15914208	-0.15822166	0.05109546	-0.040423572
0.064072244	-0.05287659	0.059565302	-0.054766044	0.04696296	-0.082393475	0.09118023	-0.08031257	0.081552185	-0.046131037	0.112285964	-0.119453385	0.12040005	-0.100866824	0.13110241	-0.17524812	0.16532858	-0.16467188	0.12129008	-0.13196981	0.20253314	-0.79819894	0.24358408	-0.14873472	0.13606514	-0.14485535	0.9999974	-0.3521033	0.1418297	-0.1316586	0.13997427	-0.23269702	0.19114165	-0.092363335	0.07387311
-0.071480356	0.058077417	-0.069442436	0.06286133	-0.056611206	0.085916646	-0.098325916	0.09469212	-0.100516915	0.054944303	-0.11818308	0.115189604	-0.15137555	0.12886234	-0.17645402	0.13345173	-0.12960127	0.23047729	-0.1818452	0.17183314	-0.16982631	0.24635774	-0.70603985	0.2305817	-0.20889433	0.09640898	-0.3521033	0.99999744	-0.3513161	0.20310824	-0.112213865	0.18082127	-0.23456657	0.13145481	-0.11302291
0.062673956	-0.051106416	0.06237443	-0.05694423	0.051504046	-0.07471318	0.085324004	-0.08677435	0.09227064	-0.050388843	0.10075526	-0.09824532	0.13590927	-0.12745145	0.17100105	-0.1059753	0.09878628	-0.20387647	0.1976738	-0.19805127	0.12346586	-0.13574441	0.23437865	-0.58850193	0.29655352	-0.06267354	0.1418297	-0.3513161	0.99999744	-0.558045	0.07464742	-0.1021477	0.11309625	-0.2534671	0.20205949
-0.070900515	0.057205744	-0.07049169	0.063553475	-0.05807794	0.08236657	-0.09498891	0.094989516	-0.102566555	0.056164023	-0.11265862	0.10580565	-0.14917989	0.13340901	-0.19855316	0.10978042	-0.10301394	0.18378085	-0.18470648	0.2116347	-0.1378806	0.12334887	-0.211557	0.29567176	-0.52445954	0.065679565	-0.1316586	0.20310824	-0.558045	0.99999756	-0.08051717	0.09636494	-0.111309625	0.2753917	-0.4051264
0.0454341	-0.03707828	0.043273818	-0.040042102	0.033640224	-0.055568073	0.060911357	-0.055136725	0.05622259	-0.033048376	0.07450418	-0.07180147	0.07885634	-0.06709461	0.09024154	-0.10001517	0.081557244	-0.098865055	0.07517199	-0.090625405	0.27536306	-0.14593016	0.1058738	-0.088797905	0.088840425	-0.83817005	0.13997427	-0.112213865	0.07464742	-0.08051717	0.99999756	-0.23435536	0.17439775	-0.062738635	0.048905753
-0.043589283	0.03544136	-0.04160987	0.0379462	-0.033074267	0.052979212	-0.059475437	0.054704156	-0.05692297	0.032222856	-0.072502844	0.07026136	-0.0825582	0.06976087	-0.09569041	0.090156764	-0.082461044	0.10817328	-0.08470813	0.09308651	-0.1734854	0.173496	-0.1671919	0.10301178	-0.10564689	0.15914208	-0.23269702	0.18082127	-0.1021477	0.09636494	-0.23435536	0.99999774	-0.8794155	0.08738006	-0.07231469
0.04625544	-0.03778908	0.044347424	-0.04074303	0.03521171	-0.056686506	0.0630753	-0.058566805	0.060482588	-0.0344838	0.07655899	-0.07522351	0.08737145	-0.075034045	0.10119232	-0.09771336	0.0866874	-0.120074265	0.091768876	-0.10310656	0.16244069	-0.18593894	0.16864893	-0.117057234	0.11349728	-0.15822166	0.19114165	-0.23456657	0.11309625	-0.111309625	0.17439775	-0.8794155	0.999998	-0.10669471	0.08107044
-0.050045844	0.040249027	-0.049552266	0.04453572	-0.040580373	0.05780326	-0.06662737	0.06575571	-0.07094547	0.039130475	-0.07934644	0.0737672	-0.102435514	0.090189904	-0.13519531	0.0772278	-0.072021246	0.122339904	-0.117774986	0.13515808	-0.10307076	0.08768154	-0.13769859	0.17777067	-0.26708362	0.05109546	-0.092363335	0.13145481	-0.2534671	0.2753917	-0.062738635	0.08738006	-0.10669471	0.999998	-0.8580882
0.038663015	-0.03128097	0.03837196	-0.03478486	0.03143432	-0.04523957	0.051768333	-0.05158353	0.055134367	-0.030519284	0.061456498	-0.05813791	0.07972131	-0.07170644	0.103825785	-0.061981514	0.057173576	-0.10239967	0.09629359	-0.11267709	0.07948711	-0.07183815	0.10976202	-0.16295727	0.2037301	-0.040423572	0.07387311	-0.11302291	0.20205949	-0.4051264	0.048905753	-0.07231469	0.08107044	-0.8580882	0.999998
