1.0000001	-0.24403019	0.14092162	-0.09726398	0.06774153	-0.24717112	0.16778894	-0.17855474	0.11070569	-0.06987114	0.1563471	-0.21118608	0.15161897	-0.111469075	0.07927698	-0.18096955	0.14626919	-0.1332146	0.094400905	-0.06041906	0.13250723	-0.13293754	0.1648231	-0.12835927	0.08956301	-0.11856224	0.13246289	-0.11867692	0.12035875	-0.09167006	0.114557914	-0.11156987	0.1505304	-0.1337417	0.19693592
-0.24403019	0.99999994	-0.52223575	0.21096234	-0.14160056	0.27071676	-0.5076111	0.3087764	-0.25285387	0.12962735	-0.21869625	0.27401984	-0.2570966	0.14477098	-0.10962707	0.19740969	-0.20335104	0.18685444	-0.12965868	0.08170836	-0.1695591	0.16426408	-0.2381039	0.16055705	-0.117852025	0.13944283	-0.1719639	0.14816916	-0.15439872	0.115179926	-0.14268596	0.1290654	-0.18516149	0.15433915	-0.23245162
0.14092162	-0.52223575	1.0000001	-0.44594255	0.16654707	-0.20713729	0.23835804	-0.57001734	0.28380796	-0.16586377	0.14670311	-0.21359332	0.2098255	-0.1248272	0.08395885	-0.14645748	0.14110318	-0.1600514	0.104781225	-0.06509565	0.11514135	-0.11907635	0.16510116	-0.120896064	0.084393986	-0.09670462	0.11478724	-0.10344883	0.10816485	-0.08527571	0.09430021	-0.08793325	0.12068871	-0.10536125	0.1465097
-0.09726398	0.21096234	-0.44594255	1.0000001	-0.39120522	0.12287904	-0.13387854	0.2511728	-0.70404905	0.26668707	-0.09218684	0.12869455	-0.14160754	0.109900296	-0.083208166	0.096801385	-0.09566182	0.10782779	-0.092527546	0.06431938	-0.07935906	0.08184968	-0.12033398	0.09384569	-0.071569785	0.06819082	-0.083678134	0.07598665	-0.0842672	0.07197306	-0.06706032	0.06324404	-0.08776332	0.07869414	-0.10846227
0.06774153	-0.14160056	0.16654707	-0.39120522	0.9999998	-0.0883283	0.087333396	-0.15862955	0.27342713	-0.84785473	0.064771295	-0.092505865	0.09299663	-0.08019818	0.10740081	-0.07088542	0.067544244	-0.07617275	0.06609308	-0.08893808	0.05699813	-0.059507877	0.08564967	-0.075322375	0.06908961	-0.050219525	0.06132705	-0.057484712	0.066881895	-0.07358452	0.048609443	-0.047014028	0.06415428	-0.06077396	0.07877337
-0.24717112	0.27071676	-0.20713729	0.12287904	-0.0883283	1.0000001	-0.5409237	0.22563286	-0.15352863	0.08563501	-0.5480874	0.32520857	-0.22277802	0.1280571	-0.09519366	0.26979336	-0.23539822	0.17325354	-0.11537759	0.071112454	-0.20563902	0.18072811	-0.22332405	0.14939441	-0.10683152	0.151884	-0.17274569	0.14544256	-0.14455913	0.10544071	-0.15370494	0.13294916	-0.18722552	0.14829485	-0.22004217
0.16778894	-0.5076111	0.23835804	-0.13387854	0.087333396	-0.5409237	1.0000002	-0.32872614	0.15724838	-0.08524749	0.2653558	-0.4986808	0.20373952	-0.11060077	0.07739927	-0.20501658	0.1867113	-0.15419494	0.097767584	-0.05844681	0.14840795	-0.14603718	0.17882152	-0.121631555	0.08504115	-0.11538634	0.13140118	-0.113592826	0.11404332	-0.0845468	0.11322485	-0.10099057	0.1395855	-0.11461612	0.16533956
-0.17855474	0.3087764	-0.57001734	0.2511728	-0.15862955	0.22563286	-0.32872614	1.0000002	-0.35896486	0.15072821	-0.17845185	0.24043813	-0.41761053	0.15772273	-0.10473148	0.17727539	-0.1886547	0.22514093	-0.1401682	0.07948033	-0.14979869	0.15440466	-0.23897208	0.15854634	-0.11019526	0.12530859	-0.15485622	0.13791902	-0.14450039	0.10898262	-0.12451739	0.11491006	-0.16111614	0.13859954	-0.19760142
0.11070569	-0.25285387	0.28380796	-0.70404905	0.27342713	-0.15352863	0.15724838	-0.35896486	1.0000002	-0.38834107	0.11101985	-0.16073927	0.16614224	-0.15688045	0.09939256	-0.11861112	0.11365034	-0.13412671	0.11698131	-0.07989279	0.09390862	-0.09867334	0.140687	-0.11612547	0.08511991	-0.081169575	0.0977466	-0.090374045	0.10040698	-0.08771737	0.07839094	-0.07479885	0.10189592	-0.093218006	0.12408858
-0.06987114	0.12962735	-0.16586377	0.26668707	-0.84785473	0.08563501	-0.08524749	0.15072821	-0.38834107	1.0000004	-0.06434918	0.090184286	-0.096586786	0.085014515	-0.13897526	0.07094687	-0.069100685	0.07777431	-0.07187977	0.09670358	-0.058527034	0.060757533	-0.09028802	0.078855745	-0.07657616	0.05174295	-0.06443381	0.060053844	-0.0712321	0.07773256	-0.050553415	0.048775848	-0.067368254	0.06368679	-0.08369444
0.1563471	-0.21869625	0.14670311	-0.09218684	0.064771295	-0.5480874	0.2653558	-0.17845185	0.11101985	-0.06434918	1.0000004	-0.4933614	0.17714055	-0.10517638	0.072406985	-0.5530413	0.2316231	-0.15012088	0.09318562	-0.054918453	0.20380752	-0.18405655	0.17756802	-0.121331096	0.082328096	-0.14535089	0.14130019	-0.12035665	0.113808915	-0.083044484	0.13092625	-0.11382521	0.14822517	-0.11702226	0.16259359
-0.21118608	0.27401984	-0.21359332	0.12869455	-0.092505865	0.32520857	-0.4986808	0.24043813	-0.16073927	0.090184286	-0.4933614	1.0000002	-0.2928639	0.14486524	-0.102506764	0.28596464	-0.3433284	0.21170183	-0.13123949	0.07696505	-0.22872707	0.22051837	-0.25505933	0.16635123	-0.115777954	0.16729273	-0.18936376	0.16034158	-0.15814906	0.11466952	-0.16622016	0.14400879	-0.19995628	0.15924071	-0.23003606
0.15161897	-0.2570966	0.2098255	-0.14160754	0.09299663	-0.22277802	0.20373952	-0.41761053	0.16614224	-0.096586786	0.17714055	-0.2928639	1.0000005	-0.24995638	0.101353645	-0.21054949	0.22738053	-0.6588287	0.20029901	-0.08084933	0.16260706	-0.19922344	0.28366092	-0.20897771	0.11506158	-0.14036235	0.16229355	-0.16103278	0.16088445	-0.11957169	0.12769727	-0.124056935	0.16062133	-0.14926507	0.18355393
-0.111469075	0.14477098	-0.1248272	0.109900296	-0.08019818	0.1280571	-0.11060077	0.15772273	-0.15688045	0.085014515	-0.10517638	0.14486524	-0.24995638	1.0000004	-0.14574316	0.13161926	-0.14866135	0.22413117	-0.81988037	0.11531476	-0.11970981	0.13148394	-0.2538996	0.2605678	-0.15586875	0.10959036	-0.15367526	0.14658698	-0.21632403	0.14233796	-0.10667352	0.104949966	-0.1496994	0.14939198	-0.19043267
0.07927698	-0.10962707	0.08395885	-0.083208166	0.10740081	-0.09519366	0.07739927	-0.10473148	0.09939256	-0.13897526	0.072406985	-0.102506764	0.101353645	-0.14574316	1.0000002	-0.092403896	0.08575957	-0.101499245	0.12439145	-0.8393016	0.07737665	-0.08369807	0.12821066	-0.1773417	0.27482098	-0.07623565	0.099163204	-0.10566787	0.1556193	-0.31697994	0.07135154	-0.0758114	0.10105874	-0.12041359	0.123560406
-0.18096955	0.19740969	-0.14645748	0.096801385	-0.07088542	0.26979336	-0.20501658	0.17727539	-0.11861112	0.07094687	-0.5530413	0.28596464	-0.21054949	0.13161926	-0.092403896	1.0000002	-0.42525658	0.19104247	-0.11897901	0.06999681	-0.43385077	0.27581602	-0.24057573	0.15910661	-0.107463315	0.22267598	-0.2075295	0.16790259	-0.15241836	0.108683795	-0.2086241	0.16456236	-0.21581301	0.15828449	-0.21768735
0.14626919	-0.20335104	0.14110318	-0.09566182	0.067544244	-0.23539822	0.1867113	-0.1886547	0.11365034	-0.069100685	0.2316231	-0.3433284	0.22738053	-0.14866135	0.08575957	-0.42525658	1.0000004	-0.31349617	0.1317925	-0.06691454	0.28138757	-0.6470213	0.2554146	-0.16861404	0.1004044	-0.2027027	0.18317844	-0.1641691	0.14438325	-0.10463969	0.16248097	-0.14616562	0.17445213	-0.1432883	0.17872588
-0.1332146	0.18685444	-0.1600514	0.10782779	-0.07617275	0.17325354	-0.15419494	0.22514093	-0.13412671	0.07777431	-0.15012088	0.21170183	-0.6588287	0.22413117	-0.101499245	0.19104247	-0.31349617	1.0000004	-0.26783115	0.08026169	-0.16615199	0.21290861	-0.48799708	0.21861634	-0.11828608	0.1381479	-0.17398481	0.16996163	-0.17168404	0.11900813	-0.1270062	0.12083153	-0.16088925	0.14580415	-0.18129523
0.094400905	-0.12965868	0.104781225	-0.092527546	0.06609308	-0.11537759	0.097767584	-0.1401682	0.11698131	-0.07187977	0.09318562	-0.13123949	0.20029901	-0.81988037	0.12439145	-0.11897901	0.1317925	-0.26783115	1.0000002	-0.114829	0.10394372	-0.11998569	0.22179575	-0.3741709	0.13557215	-0.09613772	0.12985483	-0.13254374	0.19253941	-0.13341942	0.09074449	-0.09126844	0.12599584	-0.13457184	0.15429556
-0.06041906	0.08170836	-0.06509565	0.06431938	-0.08893808	0.071112454	-0.05844681	0.07948033	-0.07989279	0.09670358	-0.054918453	0.07696505	-0.08084933	0.11531476	-0.8393016	0.06999681	-0.06691454	0.08026169	-0.114829	1.0000002	-0.060230304	0.064669415	-0.104585625	0.13950169	-0.4220718	0.059046514	-0.079870805	0.08296464	-0.13088816	0.24136856	-0.056078233	0.05878934	-0.08054945	0.093372874	-0.100597695
0.13250723	-0.1695591	0.11514135	-0.07935906	0.05699813	-0.20563902	0.14840795	-0.14979869	0.09390862	-0.058527034	0.20380752	-0.22872707	0.16260706	-0.11970981	0.07737665	-0.43385077	0.28138757	-0.16615199	0.10394372	-0.060230304	1.0000001	-0.5112728	0.21016681	-0.14974953	0.09243072	-0.54177403	0.21452902	-0.1803971	0.13770351	-0.098462425	0.24293719	-0.20596635	0.1976233	-0.14721532	0.17333359
-0.13293754	0.16426408	-0.11907635	0.08184968	-0.059507877	0.18072811	-0.14603718	0.15440466	-0.09867334	0.060757533	-0.18405655	0.22051837	-0.19922344	0.13148394	-0.08369807	0.27581602	-0.6470213	0.21290861	-0.11998569	0.064669415	-0.5112728	1.0	-0.3160116	0.16591004	-0.10026526	0.2336186	-0.22475645	0.17770945	-0.14914545	0.103601	-0.19823126	0.1575752	-0.19242227	0.14535391	-0.18106924
0.1648231	-0.2381039	0.16510116	-0.12033398	0.08564967	-0.22332405	0.17882152	-0.23897208	0.140687	-0.09028802	0.17756802	-0.25505933	0.28366092	-0.2538996	0.12821066	-0.24057573	0.2554146	-0.48799708	0.22179575	-0.104585625	0.21016681	-0.3160116	1.0	-0.43716577	0.16139868	-0.19605605	0.24608499	-0.33086443	0.25317237	-0.17688523	0.16795677	-0.17279397	0.216528	-0.21590282	0.22941273
-0.12835927	0.16055705	-0.120896064	0.09384569	-0.075322375	0.14939441	-0.121631555	0.15854634	-0.11612547	0.078855745	-0.121331096	0.16635123	-0.20897771	0.2605678	-0.1773417	0.15910661	-0.16861404	0.21861634	-0.3741709	0.13950169	-0.14974953	0.16591004	-0.43716577	0.9999998	-0.27322167	0.14530928	-0.22465497	0.23244242	-0.57719636	0.24161783	-0.13960713	0.14309306	-0.20958951	0.2351111	-0.26521546
0.08956301	-0.117852025	0.084393986	-0.071569785	0.06908961	-0.10683152	0.08504115	-0.11019526	0.08511991	-0.07657616	0.082328096	-0.115777954	0.11506158	-0.15586875	0.27482098	-0.107463315	0.1004044	-0.11828608	0.13557215	-0.4220718	0.09243072	-0.10026526	0.16139868	-0.27322167	0.99999964	-0.09340807	0.12770467	-0.142487	0.24260919	-0.7418815	0.08732341	-0.09419485	0.12775835	-0.16348387	0.15714154
-0.11856224	0.13944283	-0.09670462	0.06819082	-0.050219525	0.151884	-0.11538634	0.12530859	-0.081169575	0.05174295	-0.14535089	0.16729273	-0.14036235	0.10959036	-0.07623565	0.22267598	-0.2027027	0.1381479	-0.09613772	0.059046514	-0.54177403	0.2336186	-0.19605605	0.14530928	-0.09340807	0.9999998	-0.3513469	0.21512747	-0.14736699	0.100005694	-0.57074463	0.2628995	-0.26626408	0.16031754	-0.18643638
0.13246289	-0.1719639	0.11478724	-0.083678134	0.06132705	-0.17274569	0.13140118	-0.15485622	0.0977466	-0.06443381	0.14130019	-0.18936376	0.16229355	-0.15367526	0.099163204	-0.2075295	0.18317844	-0.17398481	0.12985483	-0.079870805	0.21452902	-0.22475645	0.24608499	-0.22465497	0.12770467	-0.3513469	0.9999999	-0.72871935	0.22798283	-0.15226135	0.21589807	-0.24161297	0.2505255	-0.20833425	0.20273323
-0.11867692	0.14816916	-0.10344883	0.07598665	-0.057484712	0.14544256	-0.113592826	0.13791902	-0.090374045	0.060053844	-0.12035665	0.16034158	-0.16103278	0.14658698	-0.10566787	0.16790259	-0.1641691	0.16996163	-0.13254374	0.08296464	-0.1803971	0.17770945	-0.33086443	0.23244242	-0.142487	0.21512747	-0.72871935	0.99999994	-0.34473822	0.15930046	-0.19359785	0.19899231	-0.3225756	0.2127345	-0.21542406
0.12035875	-0.15439872	0.10816485	-0.0842672	0.066881895	-0.14455913	0.11404332	-0.14450039	0.10040698	-0.0712321	0.113808915	-0.15814906	0.16088445	-0.21632403	0.1556193	-0.15241836	0.14438325	-0.17168404	0.19253941	-0.13088816	0.13770351	-0.14914545	0.25317237	-0.57719636	0.24260919	-0.14736699	0.22798283	-0.34473822	1.0	-0.40997842	0.13657029	-0.15287508	0.21811317	-0.4003762	0.25877485
-0.09167006	0.115179926	-0.08527571	0.07197306	-0.07358452	0.10544071	-0.0845468	0.10898262	-0.08771737	0.07773256	-0.083044484	0.11466952	-0.11957169	0.14233796	-0.31697994	0.108683795	-0.10463969	0.11900813	-0.13341942	0.24136856	-0.098462425	0.103601	-0.17688523	0.24161783	-0.7418815	0.100005694	-0.15226135	0.15930046	-0.40997842	1.0	-0.09647837	0.10204534	-0.1481019	0.18001445	-0.19235058
0.114557914	-0.14268596	0.09430021	-0.06706032	0.048609443	-0.15370494	0.11322485	-0.12451739	0.07839094	-0.050553415	0.13092625	-0.16622016	0.12769727	-0.10667352	0.07135154	-0.2086241	0.16248097	-0.1270062	0.09074449	-0.056078233	0.24293719	-0.19823126	0.16795677	-0.13960713	0.08732341	-0.57074463	0.21589807	-0.19359785	0.13657029	-0.09647837	1.0	-0.62401474	0.2740119	-0.17298302	0.174461
-0.11156987	0.1290654	-0.08793325	0.06324404	-0.047014028	0.13294916	-0.10099057	0.11491006	-0.07479885	0.048775848	-0.11382521	0.14400879	-0.124056935	0.104949966	-0.0758114	0.16456236	-0.14616562	0.12083153	-0.09126844	0.05878934	-0.20596635	0.1575752	-0.17279397	0.14309306	-0.09419485	0.2628995	-0.24161297	0.19899231	-0.15287508	0.10204534	-0.62401474	1.0000002	-0.592289	0.2066947	-0.22175573
0.1505304	-0.18516149	0.12068871	-0.08776332	0.06415428	-0.18722552	0.1395855	-0.16111614	0.10189592	-0.067368254	0.14822517	-0.19995628	0.16062133	-0.1496994	0.10105874	-0.21581301	0.17445213	-0.16088925	0.12599584	-0.08054945	0.1976233	-0.19242227	0.216528	-0.20958951	0.12775835	-0.26626408	0.2505255	-0.3225756	0.21811317	-0.1481019	0.2740119	-0.592289	1.0000002	-0.43164507	0.27470958
-0.1337417	0.15433915	-0.10536125	0.07869414	-0.06077396	0.14829485	-0.11461612	0.13859954	-0.093218006	0.06368679	-0.11702226	0.15924071	-0.14926507	0.14939198	-0.12041359	0.15828449	-0.1432883	0.14580415	-0.13457184	0.093372874	-0.14721532	0.14535391	-0.21590282	0.2351111	-0.16348387	0.16031754	-0.20833425	0.2127345	-0.4003762	0.18001445	-0.17298302	0.2066947	-0.43164507	1.0000004	-0.67975616
0.19693592	-0.23245162	0.1465097	-0.10846227	0.07877337	-0.22004217	0.16533956	-0.19760142	0.12408858	-0.08369444	0.16259359	-0.23003606	0.18355393	-0.19043267	0.123560406	-0.21768735	0.17872588	-0.18129523	0.15429556	-0.100597695	0.17333359	-0.18106924	0.22941273	-0.26521546	0.15714154	-0.18643638	0.20273323	-0.21542406	0.25877485	-0.19235058	0.174461	-0.22175573	0.27470958	-0.67975616	1.0000004
