1.0000001	-0.2690701	0.07817418	-0.036878753	0.045350973	-0.9368385	0.17756027	-0.08243204	0.038646642	-0.036480743	0.091095634	-0.07825082	0.049113147	-0.033901006	0.02970153	-0.032781236	0.029903345	-0.033767983	0.030671988	-0.028423892	0.013885183	-0.01360869	0.016549284	-0.017954051	0.025121871	-0.008551528	0.008616822	-0.0121230865	0.012343541	-0.008530288	0.008430926	-0.007380266	0.0111046685	-0.010479025	0.008626735
-0.2690701	1.0000002	-0.22744241	0.09921504	-0.122274265	0.20776995	-0.81484514	0.21739435	-0.102370605	0.09401482	-0.26423252	0.21365067	-0.1288411	0.08696136	-0.075192854	0.08225375	-0.077415735	0.08414965	-0.07733675	0.07110358	-0.034446906	0.033626586	-0.04075449	0.04420866	-0.060894735	0.021041375	-0.021202227	0.029756986	-0.030338302	0.020869073	-0.020716513	0.018119985	-0.02721992	0.025663283	-0.021108454
0.07817418	-0.22744241	1.0	-0.45487276	0.277316	-0.096174695	0.18724266	-0.719427	0.22207229	-0.24662398	0.110349774	-0.10702543	0.19344777	-0.1622675	0.13077676	-0.09642196	0.08037667	-0.13460815	0.12149628	-0.1319028	0.045328613	-0.045549605	0.06079494	-0.06964085	0.099312335	-0.029140688	0.029644435	-0.045397036	0.046725776	-0.032586824	0.029218877	-0.025894746	0.041250404	-0.03955281	0.032700352
-0.036878753	0.09921504	-0.45487276	0.9999999	-0.76250297	0.0447237	-0.087329865	0.25994813	-0.31195125	0.25792474	-0.06280168	0.05912145	-0.15160882	0.13617481	-0.11069939	0.06313869	-0.05347026	0.09393718	-0.094232194	0.10018009	-0.030816218	0.030878678	-0.04279485	0.04941191	-0.06918194	0.019820945	-0.020295868	0.03167929	-0.033044	0.022765333	-0.020040596	0.017741727	-0.028823804	0.027532762	-0.022896027
0.045350973	-0.122274265	0.277316	-0.76250297	0.9999995	-0.056075983	0.1030057	-0.31888542	0.26446202	-0.41200325	0.073118664	-0.06994803	0.16289328	-0.1520316	0.12815209	-0.0772734	0.064287506	-0.11377648	0.108418986	-0.12275999	0.037293226	-0.037515193	0.051355883	-0.059471503	0.08395888	-0.024065195	0.024573242	-0.03828266	0.03968784	-0.027541054	0.024250954	-0.021510933	0.034754284	-0.03333711	0.027628208
-0.9368385	0.20776995	-0.096174695	0.0447237	-0.056075983	0.99999905	-0.21629639	0.09378836	-0.04691165	0.04376121	-0.11469282	0.090490706	-0.059619807	0.040681735	-0.035942495	0.038946807	-0.035915684	0.04021651	-0.037007738	0.03405505	-0.016677445	0.016294297	-0.019949786	0.021583566	-0.030400846	0.010264396	-0.010362151	0.014580781	-0.014874588	0.010273253	-0.010148136	0.008871295	-0.013385621	0.012606588	-0.010402702
0.17756027	-0.81484514	0.18724266	-0.087329865	0.1030057	-0.21629639	0.99999934	-0.29283205	0.093115434	-0.08758977	0.22679262	-0.30575565	0.11898833	-0.08268612	0.06864967	-0.08087507	0.07428189	-0.08107998	0.071432404	-0.06671516	0.032280337	-0.0317911	0.037547275	-0.041017566	0.055079278	-0.019677473	0.01970368	-0.027559124	0.02793487	-0.019215733	0.01918037	-0.016840143	0.025030127	-0.023720242	0.01936741
-0.08243204	0.21739435	-0.719427	0.25994813	-0.31888542	0.09378836	-0.29283205	0.99999905	-0.28343126	0.22579709	-0.14468856	0.13119213	-0.28278768	0.18345241	-0.14934826	0.10117384	-0.08878346	0.14051963	-0.13746877	0.13702047	-0.048736226	0.0483877	-0.06595339	0.07443153	-0.10702333	0.031063424	-0.031803355	0.0484959	-0.050456394	0.03482466	-0.03140889	0.02766438	-0.044444676	0.042142246	-0.035186093
0.038646642	-0.102370605	0.22207229	-0.31195125	0.26446202	-0.04691165	0.093115434	-0.28343126	0.9999992	-0.73947686	0.08031013	-0.076669686	0.24928966	-0.37684032	0.20354995	-0.09855455	0.083086714	-0.15987466	0.16606504	-0.184781	0.047813457	-0.048147768	0.067617275	-0.080586895	0.10464024	-0.030670678	0.03141588	-0.05007509	0.052522104	-0.03572133	0.030946523	-0.027489122	0.04506242	-0.043282162	0.035760947
-0.036480743	0.09401482	-0.24662398	0.25792474	-0.41200325	0.04376121	-0.08758977	0.22579709	-0.73947686	0.9999991	-0.08188891	0.07562201	-0.27338874	0.24748085	-0.24732527	0.09390823	-0.08147803	0.1488938	-0.16824989	0.17880848	-0.047624517	0.047523268	-0.0685751	0.07968974	-0.109817594	0.030571299	-0.03153029	0.05018366	-0.053191006	0.036094073	-0.031177042	0.027559793	-0.045733098	0.043459438	-0.036409076
0.091095634	-0.26423252	0.110349774	-0.06280168	0.073118664	-0.11469282	0.22679262	-0.14468856	0.08031013	-0.08188891	0.9999991	-0.88095397	0.1456626	-0.10322919	0.08196364	-0.18428023	0.14923067	-0.12596978	0.09808458	-0.08520079	0.05609875	-0.055083107	0.054571457	-0.05819595	0.06858431	-0.03234946	0.031385563	-0.04009589	0.039312158	-0.02676295	0.029919166	-0.02633984	0.035634127	-0.033944856	0.026780557
-0.07825082	0.21365067	-0.10702543	0.05912145	-0.06994803	0.090490706	-0.30575565	0.13119213	-0.076669686	0.07562201	-0.88095397	0.99999905	-0.16299933	0.09853519	-0.0782067	0.14920501	-0.16062824	0.11451392	-0.093585804	0.07828837	-0.050362557	0.048806697	-0.050038047	0.05296101	-0.06279362	0.028801307	-0.028280647	0.036318853	-0.035973154	0.024324404	-0.027033607	0.023646533	-0.03249383	0.030733855	-0.02444594
0.049113147	-0.1288411	0.19344777	-0.15160882	0.16289328	-0.059619807	0.11898833	-0.28278768	0.24928966	-0.27338874	0.1456626	-0.16299933	0.9999987	-0.65285724	0.269166	-0.2001413	0.16266656	-0.35819077	0.27697474	-0.30420616	0.08742949	-0.08920054	0.11753358	-0.14142305	0.16681536	-0.05545484	0.05597932	-0.08803829	0.090217516	-0.06134622	0.054640368	-0.048860703	0.0775379	-0.07544497	0.06083266
-0.033901006	0.08696136	-0.1622675	0.13617481	-0.1520316	0.040681735	-0.08268612	0.18345241	-0.37684032	0.24748085	-0.10322919	0.09853519	-0.65285724	0.9999989	-0.41832006	0.13542004	-0.1190422	0.24343453	-0.3603696	0.27196234	-0.06593031	0.06623993	-0.09661587	0.11787864	-0.13659203	0.041752286	-0.04294504	0.07003424	-0.07551431	0.049216766	-0.042167198	0.037466094	-0.06247622	0.05975929	-0.04937492
0.02970153	-0.075192854	0.13077676	-0.11069939	0.12815209	-0.035942495	0.06864967	-0.14934826	0.20354995	-0.24732527	0.08196364	-0.0782067	0.269166	-0.41832006	0.9999989	-0.14627619	0.12079709	-0.25544822	0.26983303	-0.74735683	0.07145389	-0.07257719	0.10384434	-0.12902026	0.17559399	-0.04607738	0.04724347	-0.077737905	0.08193884	-0.056293037	0.046487823	-0.041544326	0.069202855	-0.06731638	0.0556764
-0.032781236	0.08225375	-0.09642196	0.06313869	-0.0772734	0.038946807	-0.08087507	0.10117384	-0.09855455	0.09390823	-0.18428023	0.14920501	-0.2001413	0.13542004	-0.14627619	0.9999989	-0.8103017	0.2640784	-0.2406354	0.13628337	-0.24147834	0.17851381	-0.14704078	0.13506557	-0.13628207	0.102052115	-0.09786826	0.10016648	-0.09597566	0.06249746	-0.09139662	0.076606035	-0.09013424	0.082196385	-0.06360793
0.029903345	-0.077415735	0.08037667	-0.05347026	0.064287506	-0.035915684	0.07428189	-0.08878346	0.083086714	-0.08147803	0.14923067	-0.16062824	0.16266656	-0.1190422	0.12079709	-0.8103017	0.9999988	-0.4114225	0.20728344	-0.123422675	0.16530642	-0.17354175	0.122937106	-0.12162908	0.1120349	-0.086391	0.08072247	-0.08798771	0.081739515	-0.053755473	0.073518835	-0.06502569	0.07537405	-0.07136071	0.05358323
-0.033767983	0.08414965	-0.13460815	0.09393718	-0.11377648	0.04021651	-0.08107998	0.14051963	-0.15987466	0.1488938	-0.12596978	0.11451392	-0.35819077	0.24343453	-0.25544822	0.2640784	-0.4114225	0.9999987	-0.6427964	0.24028972	-0.13099386	0.12519693	-0.1908875	0.19139032	-0.18933555	0.07658035	-0.07968582	0.12285454	-0.13130328	0.08062418	-0.077584594	0.06735111	-0.10992043	0.10032151	-0.08298532
0.030671988	-0.07733675	0.12149628	-0.094232194	0.108418986	-0.037007738	0.071432404	-0.13746877	0.16606504	-0.16824989	0.09808458	-0.093585804	0.27697474	-0.3603696	0.26983303	-0.2406354	0.20728344	-0.6427964	0.99999845	-0.4158107	0.110668726	-0.113341235	0.17046109	-0.26591283	0.18283176	-0.06891609	0.07078206	-0.12371863	0.13629761	-0.08320575	0.06880143	-0.061759554	0.10513597	-0.10263707	0.082066156
-0.028423892	0.07110358	-0.1319028	0.10018009	-0.12275999	0.03405505	-0.06671516	0.13702047	-0.184781	0.17880848	-0.08520079	0.07828837	-0.30420616	0.27196234	-0.74735683	0.13628337	-0.123422675	0.24028972	-0.4158107	0.9999984	-0.07481327	0.07449772	-0.11699725	0.14233105	-0.23602828	0.048061594	-0.05022474	0.084451474	-0.093324676	0.0625889	-0.049739588	0.044066593	-0.07672896	0.07300524	-0.06278006
0.013885183	-0.034446906	0.045328613	-0.030816218	0.037293226	-0.016677445	0.032280337	-0.048736226	0.047813457	-0.047624517	0.05609875	-0.050362557	0.08742949	-0.06593031	0.07145389	-0.24147834	0.16530642	-0.13099386	0.110668726	-0.07481327	0.9999987	-0.78999364	0.20496406	-0.17386495	0.10758308	-0.36307016	0.23581004	-0.1581914	0.115774974	-0.078228675	0.19686353	-0.1776166	0.12149398	-0.11868106	0.07445346
-0.01360869	0.033626586	-0.045549605	0.030878678	-0.037515193	0.016294297	-0.0317911	0.0483877	-0.048147768	0.047523268	-0.055083107	0.048806697	-0.08920054	0.06623993	-0.07257719	0.17851381	-0.17354175	0.12519693	-0.113341235	0.07449772	-0.78999364	0.99999905	-0.3063395	0.171391	-0.109864496	0.24722742	-0.31123093	0.16310716	-0.122446366	0.07867124	-0.21330021	0.17671806	-0.1306149	0.11792586	-0.07711247
0.016549284	-0.04075449	0.06079494	-0.04279485	0.051355883	-0.019949786	0.037547275	-0.06595339	0.067617275	-0.0685751	0.054571457	-0.050038047	0.11753358	-0.09661587	0.10384434	-0.14704078	0.122937106	-0.1908875	0.17046109	-0.11699725	0.20496406	-0.3063395	0.99999905	-0.54560614	0.19021405	-0.13016087	0.14000782	-0.57830524	0.29316255	-0.17186122	0.12840307	-0.12429472	0.2436432	-0.24903537	0.15913166
-0.017954051	0.04420866	-0.06964085	0.04941191	-0.059471503	0.021583566	-0.041017566	0.07443153	-0.080586895	0.07968974	-0.05819595	0.05296101	-0.14142305	0.11787864	-0.12902026	0.13506557	-0.12162908	0.19139032	-0.26591283	0.14233105	-0.17386495	0.171391	-0.54560614	0.99999887	-0.28863275	0.1097233	-0.1254665	0.30174157	-0.54857117	0.19797623	-0.12410307	0.111219056	-0.25969332	0.2354826	-0.20834969
0.025121871	-0.060894735	0.099312335	-0.06918194	0.08395888	-0.030400846	0.055079278	-0.10702333	0.10464024	-0.109817594	0.06858431	-0.06279362	0.16681536	-0.13659203	0.17559399	-0.13628207	0.1120349	-0.18933555	0.18283176	-0.23602828	0.10758308	-0.109864496	0.19021405	-0.28863275	0.9999988	-0.07668816	0.08186028	-0.15673155	0.17055465	-0.15604813	0.08309481	-0.07532724	0.1431831	-0.1479318	0.13696766
-0.008551528	0.021041375	-0.029140688	0.019820945	-0.024065195	0.010264396	-0.019677473	0.031063424	-0.030670678	0.030571299	-0.03234946	0.028801307	-0.05545484	0.041752286	-0.04607738	0.102052115	-0.086391	0.07658035	-0.06891609	0.048061594	-0.36307016	0.24722742	-0.13016087	0.1097233	-0.07668816	0.999999	-0.6065889	0.111501664	-0.08649769	0.06199284	-0.5986456	0.3146619	-0.12256237	0.10577341	-0.060339417
0.008616822	-0.021202227	0.029644435	-0.020295868	0.024573242	-0.010362151	0.01970368	-0.031803355	0.03141588	-0.03153029	0.031385563	-0.028280647	0.05597932	-0.04294504	0.04724347	-0.09786826	0.08072247	-0.07968582	0.07078206	-0.05022474	0.23581004	-0.31123093	0.14000782	-0.1254665	0.08186028	-0.6065889	0.99999905	-0.13598669	0.09987668	-0.07359535	0.32913843	-0.6104395	0.14945357	-0.13476399	0.07009459
-0.0121230865	0.029756986	-0.045397036	0.03167929	-0.03828266	0.014580781	-0.027559124	0.0484959	-0.05007509	0.05018366	-0.04009589	0.036318853	-0.08803829	0.07003424	-0.077737905	0.10016648	-0.08798771	0.12285454	-0.12371863	0.084451474	-0.1581914	0.16310716	-0.57830524	0.30174157	-0.15673155	0.111501664	-0.13598669	0.9999989	-0.49894062	0.19170259	-0.13162835	0.1294856	-0.4721427	0.28445283	-0.2024274
0.012343541	-0.030338302	0.046725776	-0.033044	0.03968784	-0.014874588	0.02793487	-0.050456394	0.052522104	-0.053191006	0.039312158	-0.035973154	0.090217516	-0.07551431	0.08193884	-0.09597566	0.081739515	-0.13130328	0.13629761	-0.093324676	0.115774974	-0.122446366	0.29316255	-0.54857117	0.17055465	-0.08649769	0.09987668	-0.49894062	0.9999994	-0.36751178	0.10019595	-0.09914737	0.28066495	-0.41198677	0.25421786
-0.008530288	0.020869073	-0.032586824	0.022765333	-0.027541054	0.010273253	-0.019215733	0.03482466	-0.03572133	0.036094073	-0.02676295	0.024324404	-0.06134622	0.049216766	-0.056293037	0.06249746	-0.053755473	0.08062418	-0.08320575	0.0625889	-0.078228675	0.07867124	-0.17186122	0.19797623	-0.15604813	0.06199284	-0.07359535	0.19170259	-0.36751178	0.99999934	-0.07684002	0.073792286	-0.22478685	0.2493088	-0.84100115
0.008430926	-0.020716513	0.029218877	-0.020040596	0.024250954	-0.010148136	0.01918037	-0.03140889	0.030946523	-0.031177042	0.029919166	-0.027033607	0.054640368	-0.042167198	0.046487823	-0.09139662	0.073518835	-0.077584594	0.06880143	-0.049739588	0.19686353	-0.21330021	0.12840307	-0.12410307	0.08309481	-0.5986456	0.32913843	-0.13162835	0.10019595	-0.07684002	0.9999992	-0.66390514	0.15657972	-0.14468868	0.07258582
-0.007380266	0.018119985	-0.025894746	0.017741727	-0.021510933	0.008871295	-0.016840143	0.02766438	-0.027489122	0.027559793	-0.02633984	0.023646533	-0.048860703	0.037466094	-0.041544326	0.076606035	-0.06502569	0.06735111	-0.061759554	0.044066593	-0.1776166	0.17671806	-0.12429472	0.111219056	-0.07532724	0.3146619	-0.6104395	0.1294856	-0.09914737	0.073792286	-0.66390514	0.9999993	-0.21854158	0.14577211	-0.07245428
0.0111046685	-0.02721992	0.041250404	-0.028823804	0.034754284	-0.013385621	0.025030127	-0.044444676	0.04506242	-0.045733098	0.035634127	-0.03249383	0.0775379	-0.06247622	0.069202855	-0.09013424	0.07537405	-0.10992043	0.10513597	-0.07672896	0.12149398	-0.1306149	0.2436432	-0.25969332	0.1431831	-0.12256237	0.14945357	-0.4721427	0.28066495	-0.22478685	0.15657972	-0.21854158	0.9999994	-0.7059108	0.21186864
-0.010479025	0.025663283	-0.03955281	0.027532762	-0.03333711	0.012606588	-0.023720242	0.042142246	-0.043282162	0.043459438	-0.033944856	0.030733855	-0.07544497	0.05975929	-0.06731638	0.082196385	-0.07136071	0.10032151	-0.10263707	0.07300524	-0.11868106	0.11792586	-0.24903537	0.2354826	-0.1479318	0.10577341	-0.13476399	0.28445283	-0.41198677	0.2493088	-0.14468868	0.14577211	-0.7059108	0.99999934	-0.3649177
0.008626735	-0.021108454	0.032700352	-0.022896027	0.027628208	-0.010402702	0.01936741	-0.035186093	0.035760947	-0.036409076	0.026780557	-0.02444594	0.06083266	-0.04937492	0.0556764	-0.06360793	0.05358323	-0.08298532	0.082066156	-0.06278006	0.07445346	-0.07711247	0.15913166	-0.20834969	0.13696766	-0.060339417	0.07009459	-0.2024274	0.25421786	-0.84100115	0.07258582	-0.07245428	0.21186864	-0.3649177	0.99999934
