1.0000001	-0.8399758	0.14090373	-0.07933758	0.036543135	-0.41979405	0.28386956	-0.15944307	0.07334309	-0.034798108	0.045397997	-0.040630877	0.043406963	-0.031417362	0.035142347	-0.034472253	0.03153618	-0.027316093	0.021942427	-0.03392399	0.016104998	-0.019864855	0.020750115	-0.020805411	0.016015919	-0.012663928	0.010358486	-0.014563292	0.0124839395	-0.010949391	0.017339857	-0.01194423	0.012221399	-0.012601438	0.016475586
-0.8399758	0.9999999	-0.17637546	0.079331316	-0.03709714	0.2811104	-0.4129027	0.15085334	-0.07653901	0.034278255	-0.03974743	0.0363594	-0.041270882	0.03031897	-0.033858042	0.028737511	-0.028263574	0.025197467	-0.020374453	0.03100914	-0.013745356	0.016773095	-0.019068327	0.01911772	-0.014610055	0.011349895	-0.009301917	0.013211824	-0.01134717	0.009973688	-0.015676724	0.010795493	-0.011073338	0.011433295	-0.01498998
0.14090373	-0.17637546	0.99999964	-0.40264645	0.12077635	-0.1084904	0.113738805	-0.83260936	0.25365284	-0.11275169	0.022739647	-0.020657375	0.10787544	-0.08587862	0.08770837	-0.019289058	0.0190165	-0.06288576	0.0502074	-0.0759049	0.0123445885	-0.014705729	0.04411284	-0.045874998	0.03301839	-0.022968128	0.018813193	-0.029239073	0.025109814	-0.02254973	0.03371578	-0.023401858	0.024103345	-0.025352554	0.0332774
-0.07933758	0.079331316	-0.40264645	0.9999996	-0.31785902	0.059148803	-0.0609733	0.27102622	-0.75831115	0.23407516	-0.019415354	0.0174702	-0.13990073	0.14140178	-0.1479092	0.017647982	-0.017753886	0.077954054	-0.06879728	0.095608875	-0.0128980335	0.015177642	-0.057231523	0.05947584	-0.042383242	0.028392097	-0.023409927	0.03679778	-0.03191339	0.02873719	-0.042346478	0.029285308	-0.03041044	0.031970914	-0.04247118
0.036543135	-0.03709714	0.12077635	-0.31785902	0.9999996	-0.030956736	0.03023125	-0.14225188	0.2425714	-0.9027921	0.010533767	-0.009403397	0.070167206	-0.06774664	0.07132245	-0.009817425	0.009776927	-0.04308412	0.037042163	-0.055112112	0.0072566657	-0.008542958	0.031750597	-0.03322472	0.024361774	-0.016471967	0.013520044	-0.021127496	0.018295428	-0.016556842	0.024832584	-0.017060768	0.017643545	-0.018492097	0.024586512
-0.41979405	0.2811104	-0.1084904	0.059148803	-0.030956736	0.9999994	-0.84723336	0.11508072	-0.065083325	0.028345747	-0.08753149	0.073086835	-0.040604524	0.028423376	-0.032613784	0.05412581	-0.053105272	0.025342481	-0.020363845	0.030603433	-0.02387822	0.029157594	-0.020028062	0.019485088	-0.015210926	0.013139062	-0.01078365	0.01420376	-0.012146103	0.010404175	-0.016844757	0.01165704	-0.011901244	0.012150693	-0.01575972
0.28386956	-0.4129027	0.113738805	-0.0609733	0.03023125	-0.84723336	0.9999992	-0.13896069	0.06355861	-0.02795635	0.0751221	-0.0743918	0.03898507	-0.02750431	0.030933864	-0.050984092	0.04952527	-0.024455631	0.019493163	-0.029467002	0.02226212	-0.027450223	0.019059166	-0.01866197	0.01441087	-0.012443326	0.010195688	-0.013498582	0.011516825	-0.009871026	0.015894784	-0.011043245	0.01125838	-0.011527705	0.014897343
-0.15944307	0.15085334	-0.83260936	0.27102622	-0.14225188	0.11508072	-0.13896069	0.99999917	-0.34893212	0.121708	-0.026959457	0.024466017	-0.15214507	0.10987329	-0.117170304	0.022745183	-0.022805672	0.077417806	-0.062940784	0.09141698	-0.01484287	0.017610138	-0.055264305	0.056457795	-0.040761255	0.027988248	-0.023029698	0.035851557	-0.030938	0.027728181	-0.04134247	0.028600931	-0.02960961	0.031071845	-0.04105637
0.07334309	-0.07653901	0.25365284	-0.75831115	0.2425714	-0.065083325	0.06355861	-0.34893212	0.9999989	-0.33024707	0.022290928	-0.020056888	0.15799731	-0.21054529	0.16483763	-0.020813115	0.0207584	-0.09863552	0.085517645	-0.12431781	0.015547134	-0.018310381	0.07031154	-0.07558316	0.05272609	-0.035727	0.029294247	-0.046193186	0.039791193	-0.035957757	0.05288702	-0.03679407	0.03796441	-0.040107578	0.052743915
-0.034798108	0.034278255	-0.11275169	0.23407516	-0.9027921	0.028345747	-0.02795635	0.121708	-0.33024707	0.9999986	-0.010665839	0.009529116	-0.07776941	0.07709457	-0.08319919	0.009979393	-0.010013643	0.045732345	-0.040154997	0.057630256	-0.007512987	0.008823732	-0.0339858	0.035335146	-0.02578408	0.01725749	-0.0142092155	0.022258654	-0.019334361	0.017476304	-0.02605991	0.01789637	-0.01857235	0.01945818	-0.025968155
0.045397997	-0.03974743	0.022739647	-0.019415354	0.010533767	-0.08753149	0.0751221	-0.026959457	0.022290928	-0.010665839	0.99999833	-0.76090604	0.056870535	-0.031458117	0.035754096	-0.5013403	0.32019228	-0.045882985	0.033278808	-0.04818284	0.16278394	-0.20785163	0.042319126	-0.036497474	0.029040055	-0.04112971	0.033601362	-0.033275362	0.027311817	-0.020347042	0.03672601	-0.027028877	0.026678478	-0.026318945	0.031125788
-0.040630877	0.0363594	-0.020657375	0.0174702	-0.009403397	0.073086835	-0.0743918	0.024466017	-0.020056888	0.009529116	-0.76090604	0.99999833	-0.056513783	0.02933607	-0.03197887	0.2959833	-0.5502276	0.040740382	-0.028879778	0.041505374	-0.12588882	0.14747949	-0.035258487	0.030671423	-0.023989195	0.031767264	-0.026215665	0.026740706	-0.022117665	0.01674554	-0.029629966	0.021619726	-0.021504756	0.021307597	-0.025510382
0.043406963	-0.041270882	0.10787544	-0.13990073	0.070167206	-0.040604524	0.03898507	-0.15214507	0.15799731	-0.07776941	0.056870535	-0.056513783	0.99999857	-0.51254034	0.3131651	-0.055471383	0.057761777	-0.47966644	0.27136895	-0.4308628	0.04600581	-0.054050613	0.24442798	-0.26033676	0.16733651	-0.11906837	0.0967129	-0.15722966	0.13082461	-0.11639743	0.16720626	-0.120439045	0.12262702	-0.13211405	0.16601701
-0.031417362	0.03031897	-0.08587862	0.14140178	-0.06774664	0.028423376	-0.02750431	0.10987329	-0.21054529	0.07709457	-0.031458117	0.02933607	-0.51254034	0.99999857	-0.73423684	0.03065423	-0.032059036	0.22002919	-0.24469545	0.25607017	-0.026435688	0.030794611	-0.15266417	0.16863035	-0.104348205	0.06807311	-0.05634223	0.09130643	-0.0788442	0.07071612	-0.09799355	0.06971306	-0.07251961	0.077682525	-0.10130939
0.035142347	-0.033858042	0.08770837	-0.1479092	0.07132245	-0.032613784	0.030933864	-0.117170304	0.16483763	-0.08319919	0.035754096	-0.03197887	0.3131651	-0.73423684	0.9999987	-0.038055725	0.03810029	-0.27121416	0.2323512	-0.4010554	0.033701826	-0.039397474	0.18055223	-0.21107543	0.13902049	-0.09462134	0.07671627	-0.123064205	0.104455695	-0.09586322	0.13672455	-0.09722976	0.099021606	-0.10644535	0.13692422
-0.034472253	0.028737511	-0.019289058	0.017647982	-0.009817425	0.05412581	-0.050984092	0.022745183	-0.020813115	0.009979393	-0.5013403	0.2959833	-0.055471383	0.03065423	-0.038055725	0.99999857	-0.6682575	0.049498253	-0.036701463	0.050079193	-0.38972104	0.2689571	-0.050547745	0.040970124	-0.03444181	0.055952642	-0.04682858	0.04086954	-0.03396116	0.024096597	-0.04603552	0.03349563	-0.033270076	0.031885356	-0.037544094
0.03153618	-0.028263574	0.0190165	-0.017753886	0.009776927	-0.053105272	0.04952527	-0.022805672	0.0207584	-0.010013643	0.32019228	-0.5502276	0.057761777	-0.032059036	0.03810029	-0.6682575	0.9999985	-0.053517807	0.037856437	-0.05211937	0.22999261	-0.32462987	0.051471505	-0.042356186	0.03358646	-0.051846363	0.042735368	-0.040080972	0.032675892	-0.023592219	0.043291613	-0.032209214	0.031736698	-0.031044966	0.036198843
-0.027316093	0.025197467	-0.06288576	0.077954054	-0.04308412	0.025342481	-0.024455631	0.077417806	-0.09863552	0.045732345	-0.045882985	0.040740382	-0.47966644	0.22002919	-0.27121416	0.049498253	-0.053517807	0.99999857	-0.46917897	0.29764315	-0.051486462	0.05900322	-0.56841725	0.30875546	-0.18145095	0.11697261	-0.105309255	0.18028551	-0.15626122	0.120624706	-0.16324863	0.11731294	-0.13087945	0.13640042	-0.17580552
0.021942427	-0.020374453	0.0502074	-0.06879728	0.037042163	-0.020363845	0.019493163	-0.062940784	0.085517645	-0.040154997	0.033278808	-0.028879778	0.27136895	-0.24469545	0.2323512	-0.036701463	0.037856437	-0.46917897	0.99999857	-0.5260889	0.037725043	-0.043644477	0.29975984	-0.58506703	0.18224797	-0.10162505	0.087084845	-0.15117492	0.13443594	-0.12207758	0.13872156	-0.10271702	0.11075781	-0.12379493	0.15999733
-0.03392399	0.03100914	-0.0759049	0.095608875	-0.055112112	0.030603433	-0.029467002	0.09141698	-0.12431781	0.057630256	-0.04818284	0.041505374	-0.4308628	0.25607017	-0.4010554	0.050079193	-0.05211937	0.29764315	-0.5260889	0.9999985	-0.048372697	0.055137597	-0.30296862	0.28992155	-0.29262608	0.13159005	-0.113843285	0.17896567	-0.17135589	0.17359634	-0.21823575	0.14410606	-0.1595444	0.16593981	-0.26642025
0.016104998	-0.013745356	0.0123445885	-0.0128980335	0.0072566657	-0.02387822	0.02226212	-0.01484287	0.015547134	-0.007512987	0.16278394	-0.12588882	0.04600581	-0.026435688	0.033701826	-0.38972104	0.22999261	-0.051486462	0.037725043	-0.048372697	0.9999987	-0.8678495	0.06371458	-0.04776162	0.037508044	-0.09535572	0.0749768	-0.053425986	0.042300705	-0.026812473	0.053160984	-0.041402344	0.04027164	-0.037870146	0.04141435
-0.019864855	0.016773095	-0.014705729	0.015177642	-0.008542958	0.029157594	-0.027450223	0.017610138	-0.018310381	0.008823732	-0.20785163	0.14747949	-0.054050613	0.030794611	-0.039397474	0.2689571	-0.32462987	0.05900322	-0.043644477	0.055137597	-0.8678495	0.99999875	-0.078042	0.05442926	-0.04295142	0.090633415	-0.08275324	0.058897942	-0.04750265	0.03046712	-0.059843685	0.045669083	-0.04512997	0.042306986	-0.04721459
0.020750115	-0.019068327	0.04411284	-0.057231523	0.031750597	-0.020028062	0.019059166	-0.055264305	0.07031154	-0.0339858	0.042319126	-0.035258487	0.24442798	-0.15266417	0.18055223	-0.050547745	0.051471505	-0.56841725	0.29975984	-0.30296862	0.06371458	-0.078042	0.9999989	-0.5762111	0.19217078	-0.15585859	0.13662133	-0.31551594	0.19626865	-0.13882281	0.1696482	-0.13938391	0.14992549	-0.1702476	0.18167424
-0.020805411	0.01911772	-0.045874998	0.05947584	-0.03322472	0.019485088	-0.01866197	0.056457795	-0.07558316	0.035335146	-0.036497474	0.030671423	-0.26033676	0.16863035	-0.21107543	0.040970124	-0.042356186	0.30875546	-0.58506703	0.28992155	-0.04776162	0.05442926	-0.5762111	0.99999905	-0.2780693	0.12293881	-0.11069854	0.19773294	-0.19813983	0.16054063	-0.16244835	0.12357412	-0.13925423	0.15719905	-0.20703384
0.016015919	-0.014610055	0.03301839	-0.042383242	0.024361774	-0.015210926	0.01441087	-0.040761255	0.05272609	-0.02578408	0.029040055	-0.023989195	0.16733651	-0.104348205	0.13902049	-0.03444181	0.03358646	-0.18145095	0.18224797	-0.29262608	0.037508044	-0.04295142	0.19217078	-0.2780693	0.9999993	-0.1542104	0.12153087	-0.20907418	0.19107848	-0.7132502	0.18628481	-0.1653787	0.16210184	-0.2270119	0.31411025
-0.012663928	0.011349895	-0.022968128	0.028392097	-0.016471967	0.013139062	-0.012443326	0.027988248	-0.035727	0.01725749	-0.04112971	0.031767264	-0.11906837	0.06807311	-0.09462134	0.055952642	-0.051846363	0.11697261	-0.10162505	0.13159005	-0.09535572	0.090633415	-0.15585859	0.12293881	-0.1542104	0.99999946	-0.8181558	0.26133946	-0.22931053	0.11177747	-0.30559707	0.22042488	-0.21957013	0.17750822	-0.18693286
0.010358486	-0.009301917	0.018813193	-0.023409927	0.013520044	-0.01078365	0.010195688	-0.023029698	0.029294247	-0.0142092155	0.033601362	-0.026215665	0.0967129	-0.05634223	0.07671627	-0.04682858	0.042735368	-0.105309255	0.087084845	-0.113843285	0.0749768	-0.08275324	0.13662133	-0.11069854	0.12153087	-0.8181558	0.99999917	-0.39115584	0.20426206	-0.093386695	0.21623254	-0.2569834	0.19504158	-0.17228073	0.14799523
-0.014563292	0.013211824	-0.029239073	0.03679778	-0.021127496	0.01420376	-0.013498582	0.035851557	-0.046193186	0.022258654	-0.033275362	0.026740706	-0.15722966	0.09130643	-0.123064205	0.04086954	-0.040080972	0.18028551	-0.15117492	0.17896567	-0.053425986	0.058897942	-0.31551594	0.19773294	-0.20907418	0.26133946	-0.39115584	0.9999991	-0.62317264	0.16209558	-0.26025063	0.22287849	-0.31336436	0.28762785	-0.25235558
0.0124839395	-0.01134717	0.025109814	-0.03191339	0.018295428	-0.012146103	0.011516825	-0.030938	0.039791193	-0.019334361	0.027311817	-0.022117665	0.13082461	-0.0788442	0.104455695	-0.03396116	0.032675892	-0.15626122	0.13443594	-0.17135589	0.042300705	-0.04750265	0.19626865	-0.19813983	0.19107848	-0.22931053	0.20426206	-0.62317264	0.999999	-0.19825776	0.20355743	-0.213314	0.25329816	-0.58073974	0.2434253
-0.010949391	0.009973688	-0.02254973	0.02873719	-0.016556842	0.010404175	-0.009871026	0.027728181	-0.035957757	0.017476304	-0.020347042	0.01674554	-0.11639743	0.07071612	-0.09586322	0.024096597	-0.023592219	0.120624706	-0.12207758	0.17359634	-0.026812473	0.03046712	-0.13882281	0.16054063	-0.7132502	0.11177747	-0.093386695	0.16209558	-0.19825776	0.9999991	-0.14038423	0.12458348	-0.13739942	0.20002179	-0.5779278
0.017339857	-0.015676724	0.03371578	-0.042346478	0.024832584	-0.016844757	0.015894784	-0.04134247	0.05288702	-0.02605991	0.03672601	-0.029629966	0.16720626	-0.09799355	0.13672455	-0.04603552	0.043291613	-0.16324863	0.13872156	-0.21823575	0.053160984	-0.059843685	0.1696482	-0.16244835	0.18628481	-0.30559707	0.21623254	-0.26025063	0.20355743	-0.14038423	0.9999992	-0.55034983	0.28488353	-0.25958878	0.22502673
-0.01194423	0.010795493	-0.023401858	0.029285308	-0.017060768	0.01165704	-0.011043245	0.028600931	-0.03679407	0.01789637	-0.027028877	0.021619726	-0.120439045	0.06971306	-0.09722976	0.03349563	-0.032209214	0.11731294	-0.10271702	0.14410606	-0.041402344	0.045669083	-0.13938391	0.12357412	-0.1653787	0.22042488	-0.2569834	0.22287849	-0.213314	0.12458348	-0.55034983	0.999999	-0.6588716	0.2507836	-0.21877325
0.012221399	-0.011073338	0.024103345	-0.03041044	0.017643545	-0.011901244	0.01125838	-0.02960961	0.03796441	-0.01857235	0.026678478	-0.021504756	0.12262702	-0.07251961	0.099021606	-0.033270076	0.031736698	-0.13087945	0.11075781	-0.1595444	0.04027164	-0.04512997	0.14992549	-0.13925423	0.16210184	-0.21957013	0.19504158	-0.31336436	0.25329816	-0.13739942	0.28488353	-0.6588716	0.9999989	-0.4898697	0.21996292
-0.012601438	0.011433295	-0.025352554	0.031970914	-0.018492097	0.012150693	-0.011527705	0.031071845	-0.040107578	0.01945818	-0.026318945	0.021307597	-0.13211405	0.077682525	-0.10644535	0.031885356	-0.031044966	0.13640042	-0.12379493	0.16593981	-0.037870146	0.042306986	-0.1702476	0.15719905	-0.2270119	0.17750822	-0.17228073	0.28762785	-0.58073974	0.20002179	-0.25958878	0.2507836	-0.4898697	0.99999887	-0.42022535
0.016475586	-0.01498998	0.0332774	-0.04247118	0.024586512	-0.01575972	0.014897343	-0.04105637	0.052743915	-0.025968155	0.031125788	-0.025510382	0.16601701	-0.10130939	0.13692422	-0.037544094	0.036198843	-0.17580552	0.15999733	-0.26642025	0.04141435	-0.04721459	0.18167424	-0.20703384	0.31411025	-0.18693286	0.14799523	-0.25235558	0.2434253	-0.5779278	0.22502673	-0.21877325	0.21996292	-0.42022535	0.99999887
