1.0	-0.31645194	0.096981265	-0.057517823	0.037382323	-0.8913349	0.1705258	-0.07070978	0.055932637	-0.038946323	0.22072832	-0.124149464	0.11382194	-0.055637773	0.042216234	-0.1418743	0.08722831	-0.1005015	0.06365147	-0.057902705	0.08289908	-0.06474887	0.05829495	-0.048536334	0.05175149	-0.07784656	0.06516103	-0.058100138	0.035623726	-0.021041967	0.0695549	-0.041325804	0.058418743	-0.03671604	0.02487482
-0.31645194	0.9999999	-0.36283147	0.16643901	-0.109290555	0.22702518	-0.513151	0.21487069	-0.17099051	0.10987221	-0.42307624	0.28635624	-0.35083017	0.13494512	-0.10780733	0.24048352	-0.19426769	0.21397813	-0.15778463	0.13581362	-0.18084607	0.14131603	-0.13327917	0.11155186	-0.12421409	0.15654139	-0.14847307	0.12900852	-0.082678266	0.04963593	-0.16855758	0.09720619	-0.1398052	0.08437422	-0.05920609
0.096981265	-0.36283147	0.99999964	-0.4062447	0.16862096	-0.09402074	0.20281921	-0.6653212	0.28919953	-0.18996362	0.17779367	-0.2242633	0.28103653	-0.14084403	0.11417017	-0.1605758	0.1354182	-0.18008052	0.13336916	-0.1373209	0.10790842	-0.094275	0.08517152	-0.072930396	0.07682474	-0.100456566	0.090693444	-0.08172828	0.05117778	-0.030825375	0.09498022	-0.056990087	0.08077788	-0.05260824	0.036363494
-0.057517823	0.16643901	-0.4062447	0.99999964	-0.43197006	0.054821204	-0.13869812	0.2741529	-0.68666196	0.28133717	-0.11765375	0.13183033	-0.20969178	0.13641776	-0.13130033	0.099359944	-0.089243494	0.11251396	-0.12365387	0.12598085	-0.0710245	0.061611798	-0.05716594	0.05118686	-0.054730367	0.06429981	-0.060403377	0.053992465	-0.034999263	0.021557443	-0.06372128	0.038091533	-0.054316264	0.03576072	-0.025494495
0.037382323	-0.109290555	0.16862096	-0.43197006	0.9999996	-0.03609599	0.08660038	-0.1501362	0.26639548	-0.81736404	0.078674905	-0.08442039	0.119842835	-0.15312348	0.16754733	-0.069451556	0.061678182	-0.07926997	0.1148851	-0.16206066	0.049994923	-0.043987982	0.040990513	-0.039663482	0.042030998	-0.045728177	0.043129336	-0.038970217	0.025992004	-0.016382156	0.045506127	-0.027355628	0.03901298	-0.026584124	0.019287296
-0.8913349	0.22702518	-0.09402074	0.054821204	-0.03609599	0.99999946	-0.19580637	0.06815562	-0.05430255	0.03737801	-0.3048658	0.12574725	-0.11503922	0.053510796	-0.040714245	0.13742527	-0.08666266	0.09710957	-0.06183683	0.055401515	-0.081588976	0.062800944	-0.056802463	0.04680202	-0.050109588	0.07455235	-0.06329266	0.056041703	-0.034420345	0.020328231	-0.06732876	0.03994903	-0.056555472	0.035405166	-0.024055187
0.1705258	-0.513151	0.20281921	-0.13869812	0.08660038	-0.19580637	0.9999992	-0.17848553	0.13080557	-0.09290304	0.2712699	-0.6403405	0.28762588	-0.13035855	0.09698006	-0.2525737	0.21040173	-0.24303113	0.14321196	-0.13390988	0.16040927	-0.14143836	0.12429988	-0.10172075	0.10660655	-0.15151101	0.13314423	-0.11999508	0.07318113	-0.04329945	0.13807325	-0.083048664	0.11722309	-0.07543519	0.051050637
-0.07070978	0.21487069	-0.6653212	0.2741529	-0.1501362	0.06815562	-0.17848553	0.9999994	-0.4508674	0.16015562	-0.1404959	0.19315176	-0.44812742	0.11771007	-0.097370975	0.12410703	-0.11613742	0.1509121	-0.112789415	0.10832593	-0.08476537	0.07497563	-0.06839125	0.057109926	-0.060394686	0.077139415	-0.0713583	0.06374311	-0.03996224	0.02408664	-0.073397115	0.04416611	-0.06270025	0.04090382	-0.028451554
0.055932637	-0.17099051	0.28919953	-0.68666196	0.26639548	-0.05430255	0.13080557	-0.4508674	0.9999994	-0.37504643	0.113683365	-0.13985886	0.20431116	-0.16250916	0.13709477	-0.10210287	0.09066688	-0.11901256	0.12672171	-0.13695827	0.07092334	-0.06253238	0.057381615	-0.05164804	0.054558054	-0.06510274	0.06037065	-0.05435159	0.035037257	-0.021545459	0.06302032	-0.037897423	0.053884897	-0.035869367	0.025417741
-0.038946323	0.10987221	-0.18996362	0.28133717	-0.81736404	0.03737801	-0.09290304	0.16015562	-0.37504643	0.99999964	-0.08296874	0.0881995	-0.13360545	0.15625924	-0.23183797	0.07163495	-0.0649208	0.082429595	-0.124829456	0.1596835	-0.052156825	0.045772806	-0.04288382	0.041335415	-0.044099946	0.047282446	-0.045009837	0.04051048	-0.027119717	0.017119467	-0.047502305	0.02851405	-0.040724732	0.027669802	-0.020194108
0.22072832	-0.42307624	0.17779367	-0.11765375	0.078674905	-0.3048658	0.2712699	-0.1404959	0.113683365	-0.08296874	1.0000004	-0.2920062	0.23697309	-0.13667195	0.10026508	-0.53729147	0.24274558	-0.28035876	0.15724531	-0.14487499	0.23484975	-0.17851672	0.15586826	-0.12750077	0.1326119	-0.22735369	0.17485897	-0.15738401	0.093472295	-0.05448215	0.17782441	-0.10784072	0.15062627	-0.09678782	0.06408006
-0.124149464	0.28635624	-0.2242633	0.13183033	-0.08442039	0.12574725	-0.6403405	0.19315176	-0.13985886	0.0881995	-0.2920062	1.0000001	-0.52385396	0.12152863	-0.09113291	0.22529387	-0.29743296	0.24949986	-0.14024138	0.11901127	-0.14924778	0.13640365	-0.12284844	0.090310454	-0.09545264	0.13044024	-0.12349052	0.1075884	-0.06505952	0.03827158	-0.11928424	0.072603464	-0.102803096	0.06625766	-0.045256138
0.11382194	-0.35083017	0.28103653	-0.20969178	0.119842835	-0.11503922	0.28762588	-0.44812742	0.20431116	-0.13360545	0.23697309	-0.52385396	0.99999994	-0.17501068	0.122492656	-0.24113634	0.23368153	-0.36314875	0.17249441	-0.15829809	0.15252304	-0.14209047	0.12547933	-0.099573635	0.103165254	-0.14092171	0.12798393	-0.11529734	0.07002647	-0.041533545	0.12663981	-0.07731427	0.10903034	-0.07183101	0.04891414
-0.055637773	0.13494512	-0.14084403	0.13641776	-0.15312348	0.053510796	-0.13035855	0.11771007	-0.16250916	0.15625924	-0.13667195	0.12152863	-0.17501068	1.0000001	-0.6122519	0.12217202	-0.12601946	0.16193467	-0.63084966	0.33164203	-0.09443138	0.08667869	-0.08445199	0.09582017	-0.10057108	0.08378968	-0.084814355	0.07702076	-0.05661303	0.03725722	-0.08730431	0.053258896	-0.07656204	0.05653853	-0.04413792
0.042216234	-0.10780733	0.11417017	-0.13130033	0.16754733	-0.040714245	0.09698006	-0.097370975	0.13709477	-0.23183797	0.10026508	-0.09113291	0.122492656	-0.6122519	1.0000001	-0.09111704	0.08710786	-0.11393965	0.31049567	-0.6616357	0.06918614	-0.06325213	0.060708605	-0.06954748	0.07316022	-0.06257853	0.061983395	-0.056788243	0.041173942	-0.027472492	0.06461798	-0.039384868	0.056444697	-0.041812073	0.032097057
-0.1418743	0.24048352	-0.1605758	0.099359944	-0.069451556	0.13742527	-0.2525737	0.12410703	-0.10210287	0.07163495	-0.53729147	0.22529387	-0.24113634	0.12217202	-0.09111704	1.0	-0.45844913	0.28033286	-0.16181672	0.12615845	-0.4348628	0.2067683	-0.18839324	0.12927036	-0.13848649	0.24487002	-0.20645729	0.16692412	-0.09808719	0.055859998	-0.18811299	0.11404252	-0.16045988	0.099162765	-0.06622455
0.08722831	-0.19426769	0.1354182	-0.089243494	0.061678182	-0.08666266	0.21040173	-0.11613742	0.09066688	-0.0649208	0.24274558	-0.29743296	0.23368153	-0.12601946	0.08710786	-0.45844913	0.9999996	-0.690882	0.16290292	-0.12746063	0.19893725	-0.2941307	0.19404723	-0.11267478	0.112846665	-0.16497874	0.16784747	-0.14539644	0.07992378	-0.045158695	0.13172004	-0.08541304	0.11901325	-0.08042185	0.053121235
-0.1005015	0.21397813	-0.18008052	0.11251396	-0.07926997	0.09710957	-0.24303113	0.1509121	-0.11901256	0.082429595	-0.28035876	0.24949986	-0.36314875	0.16193467	-0.11393965	0.28033286	-0.690882	0.9999993	-0.269074	0.16016908	-0.20624398	0.2116319	-0.20963664	0.12406805	-0.12988935	0.16345221	-0.17653258	0.14938824	-0.08820253	0.05103374	-0.15051202	0.09426913	-0.13410012	0.087946154	-0.06046787
0.06365147	-0.15778463	0.13336916	-0.12365387	0.1148851	-0.06183683	0.14321196	-0.112789415	0.12672171	-0.124829456	0.15724531	-0.14024138	0.17249441	-0.63084966	0.31049567	-0.16181672	0.16290292	-0.269074	0.9999994	-0.5776228	0.11623871	-0.11407531	0.10796385	-0.14171071	0.12690365	-0.106364235	0.10557394	-0.0989613	0.07376117	-0.04769295	0.10486674	-0.06554841	0.0934989	-0.074232526	0.05558252
-0.057902705	0.13581362	-0.1373209	0.12598085	-0.16206066	0.055401515	-0.13390988	0.10832593	-0.13695827	0.1596835	-0.14487499	0.11901127	-0.15829809	0.33164203	-0.6616357	0.12615845	-0.12746063	0.16016908	-0.5776228	0.9999994	-0.100442946	0.09136813	-0.08977849	0.10517401	-0.116352245	0.08897478	-0.09097737	0.08274664	-0.061864857	0.04224475	-0.0954376	0.057963904	-0.08354746	0.062171616	-0.04969382
0.08289908	-0.18084607	0.10790842	-0.0710245	0.049994923	-0.081588976	0.16040927	-0.08476537	0.07092334	-0.052156825	0.23484975	-0.14924778	0.15252304	-0.09443138	0.06918614	-0.4348628	0.19893725	-0.20624398	0.11623871	-0.100442946	0.99999964	-0.2624228	0.19403167	-0.14036362	0.1373151	-0.7011075	0.2599456	-0.21948156	0.1093893	-0.05853464	0.19829251	-0.1318345	0.17070056	-0.11382932	0.06799383
-0.06474887	0.14131603	-0.094275	0.061611798	-0.043987982	0.062800944	-0.14143836	0.07497563	-0.06253238	0.045772806	-0.17851672	0.13640365	-0.14209047	0.08667869	-0.06325213	0.2067683	-0.2941307	0.2116319	-0.11407531	0.09136813	-0.2624228	0.9999999	-0.7089587	0.18831044	-0.18574293	0.22329095	-0.4181306	0.28806517	-0.13866766	0.07203071	-0.18405257	0.1363452	-0.18897256	0.13221057	-0.084936954
0.05829495	-0.13327917	0.08517152	-0.05716594	0.040990513	-0.056802463	0.12429988	-0.06839125	0.057381615	-0.04288382	0.15586826	-0.12284844	0.12547933	-0.08445199	0.060708605	-0.18839324	0.19404723	-0.20963664	0.10796385	-0.08977849	0.19403167	-0.7089587	0.9999992	-0.27410817	0.19447176	-0.20534776	0.2879484	-0.4622449	0.16078709	-0.07842767	0.1707628	-0.13616498	0.18782173	-0.15627283	0.08980269
-0.048536334	0.11155186	-0.072930396	0.05118686	-0.039663482	0.04680202	-0.10172075	0.057109926	-0.05164804	0.041335415	-0.12750077	0.090310454	-0.099573635	0.09582017	-0.06954748	0.12927036	-0.11267478	0.12406805	-0.14171071	0.10517401	-0.14036362	0.18831044	-0.27410817	0.99999946	-0.74501175	0.14226057	-0.1868093	0.20782198	-0.36182016	0.19727997	-0.17228281	0.12260238	-0.18608338	0.24841498	-0.2352509
0.05175149	-0.12421409	0.07682474	-0.054730367	0.042030998	-0.050109588	0.10660655	-0.060394686	0.054558054	-0.044099946	0.1326119	-0.09545264	0.103165254	-0.10057108	0.07316022	-0.13848649	0.112846665	-0.12988935	0.12690365	-0.116352245	0.1373151	-0.18574293	0.19447176	-0.74501175	0.9999995	-0.14868212	0.16886045	-0.20126146	0.23340093	-0.33197796	0.16042036	-0.119715944	0.16943431	-0.27010593	0.23690833
-0.07784656	0.15654139	-0.100456566	0.06429981	-0.045728177	0.07455235	-0.15151101	0.077139415	-0.06510274	0.047282446	-0.22735369	0.13044024	-0.14092171	0.08378968	-0.06257853	0.24487002	-0.16497874	0.16345221	-0.106364235	0.08897478	-0.7011075	0.22329095	-0.20534776	0.14226057	-0.14868212	0.99999976	-0.4490417	0.23668188	-0.1232417	0.06289616	-0.2765794	0.16628337	-0.21655807	0.12411033	-0.07407846
0.06516103	-0.14847307	0.090693444	-0.060403377	0.043129336	-0.06329266	0.13314423	-0.0713583	0.06037065	-0.045009837	0.17485897	-0.12349052	0.12798393	-0.084814355	0.061983395	-0.20645729	0.16784747	-0.17653258	0.10557394	-0.09097737	0.2599456	-0.4181306	0.2879484	-0.1868093	0.16886045	-0.4490417	0.9999995	-0.58742195	0.17167787	-0.07686721	0.2335515	-0.23438334	0.24719588	-0.17852944	0.08761734
-0.058100138	0.12900852	-0.08172828	0.053992465	-0.038970217	0.056041703	-0.11999508	0.06374311	-0.05435159	0.04051048	-0.15738401	0.1075884	-0.11529734	0.07702076	-0.056788243	0.16692412	-0.14539644	0.14938824	-0.0989613	0.08274664	-0.21948156	0.28806517	-0.4622449	0.20782198	-0.20126146	0.23668188	-0.58742195	0.9999996	-0.28439638	0.08986848	-0.25889504	0.21384697	-0.3772924	0.2176594	-0.10517074
0.035623726	-0.082678266	0.05117778	-0.034999263	0.025992004	-0.034420345	0.07318113	-0.03996224	0.035037257	-0.027119717	0.093472295	-0.06505952	0.07002647	-0.05661303	0.041173942	-0.09808719	0.07992378	-0.08820253	0.07376117	-0.061864857	0.1093893	-0.13866766	0.16078709	-0.36182016	0.23340093	-0.1232417	0.17167787	-0.28439638	0.99999964	-0.14974192	0.14840841	-0.1350862	0.20369497	-0.8079448	0.15903334
-0.021041967	0.04963593	-0.030825375	0.021557443	-0.016382156	0.020328231	-0.04329945	0.02408664	-0.021545459	0.017119467	-0.05448215	0.03827158	-0.041533545	0.03725722	-0.027472492	0.055859998	-0.045158695	0.05103374	-0.04769295	0.04224475	-0.05853464	0.07203071	-0.07842767	0.19727997	-0.33197796	0.06289616	-0.07686721	0.08986848	-0.14974192	0.9999996	-0.076109335	0.057623506	-0.08693641	0.1621305	-0.89617777
0.0695549	-0.16855758	0.09498022	-0.06372128	0.045506127	-0.06732876	0.13807325	-0.073397115	0.06302032	-0.047502305	0.17782441	-0.11928424	0.12663981	-0.08730431	0.06461798	-0.18811299	0.13172004	-0.15051202	0.10486674	-0.0954376	0.19829251	-0.18405257	0.1707628	-0.17228281	0.16042036	-0.2765794	0.2335515	-0.25889504	0.14840841	-0.076109335	0.99999934	-0.6410755	0.31694975	-0.17880966	0.08627341
-0.041325804	0.09720619	-0.056990087	0.038091533	-0.027355628	0.03994903	-0.083048664	0.04416611	-0.037897423	0.02851405	-0.10784072	0.072603464	-0.07731427	0.053258896	-0.039384868	0.11404252	-0.08541304	0.09426913	-0.06554841	0.057963904	-0.1318345	0.1363452	-0.13616498	0.12260238	-0.119715944	0.16628337	-0.23438334	0.21384697	-0.1350862	0.057623506	-0.6410755	0.9999992	-0.6468445	0.15277396	-0.06721166
0.058418743	-0.1398052	0.08077788	-0.054316264	0.03901298	-0.056555472	0.11722309	-0.06270025	0.053884897	-0.040724732	0.15062627	-0.102803096	0.10903034	-0.07656204	0.056444697	-0.16045988	0.11901325	-0.13410012	0.0934989	-0.08354746	0.17070056	-0.18897256	0.18782173	-0.18608338	0.16943431	-0.21655807	0.24719588	-0.3772924	0.20369497	-0.08693641	0.31694975	-0.6468445	0.9999994	-0.29027984	0.09872854
-0.03671604	0.08437422	-0.05260824	0.03576072	-0.026584124	0.035405166	-0.07543519	0.04090382	-0.035869367	0.027669802	-0.09678782	0.06625766	-0.07183101	0.05653853	-0.041812073	0.099162765	-0.08042185	0.087946154	-0.074232526	0.062171616	-0.11382932	0.13221057	-0.15627283	0.24841498	-0.27010593	0.12411033	-0.17852944	0.2176594	-0.8079448	0.1621305	-0.17880966	0.15277396	-0.29027984	0.99999934	-0.22283967
0.02487482	-0.05920609	0.036363494	-0.025494495	0.019287296	-0.024055187	0.051050637	-0.028451554	0.025417741	-0.020194108	0.06408006	-0.045256138	0.04891414	-0.04413792	0.032097057	-0.06622455	0.053121235	-0.06046787	0.05558252	-0.04969382	0.06799383	-0.084936954	0.08980269	-0.2352509	0.23690833	-0.07407846	0.08761734	-0.10517074	0.15903334	-0.89617777	0.08627341	-0.06721166	0.09872854	-0.22283967	0.99999934
