1.0000001	-0.3121836	0.15874548	-0.08949222	0.091770686	-0.8736104	0.21988633	-0.14355518	0.12863284	-0.12806256	0.14902653	-0.19536854	0.14801835	-0.10446743	0.10492702	-0.14924517	0.1543142	-0.15126187	0.08781801	-0.065760136	0.070494264	-0.04490056	0.05217521	-0.10339374	0.07061925	-0.047132883	0.05387973	-0.042753823	0.05254076	-0.051479608	0.06587713	-0.043999948	0.051098775	-0.025516143	0.026566215
-0.3121836	1.0000004	-0.42605293	0.18866734	-0.2023386	0.23664173	-0.60154694	0.27728283	-0.2731228	0.22263384	-0.12751968	0.29964596	-0.29855776	0.19340825	-0.20864551	0.113321975	-0.2609655	0.21941894	-0.1548777	0.12106664	-0.099520534	0.07047294	-0.08339585	0.167921	-0.13578747	0.06657463	-0.085574746	0.07054768	-0.094563656	0.09022471	-0.10044975	0.068865076	-0.08487026	0.044017456	-0.046801284
0.15874548	-0.42605293	1.0000005	-0.49298248	0.28438345	-0.16669537	0.2516191	-0.39727524	0.2735104	-0.3885776	0.09565583	-0.28500476	0.25579032	-0.22707124	0.2191306	-0.09069102	0.19894126	-0.2309482	0.16589388	-0.13242638	0.08911103	-0.0676831	0.079065695	-0.20399803	0.13561991	-0.06068596	0.0794967	-0.06746646	0.090998456	-0.09155022	0.09157825	-0.06450912	0.079522066	-0.043443948	0.04550185
-0.08949222	0.18866734	-0.49298248	1.0000004	-0.74178004	0.08887532	-0.13784917	0.18756959	-0.25644952	0.2791032	-0.05584387	0.14871068	-0.15706943	0.16162631	-0.17949721	0.05202943	-0.120222375	0.13040257	-0.113491125	0.096707866	-0.05618734	0.04303308	-0.050762247	0.12861647	-0.104206584	0.03852364	-0.05206261	0.045490034	-0.06558399	0.064237855	-0.058632385	0.042065732	-0.05393331	0.030066676	-0.03205842
0.091770686	-0.2023386	0.28438345	-0.74178004	1.0000004	-0.09356373	0.1352126	-0.17297962	0.20111299	-0.4948895	0.057828132	-0.15508409	0.14951025	-0.16847923	0.19154114	-0.054372482	0.12283636	-0.13782538	0.11805525	-0.10622953	0.060001522	-0.0460483	0.054109238	-0.1422117	0.109266	-0.04114999	0.05542748	-0.048423935	0.06903646	-0.06890821	0.06264989	-0.04489312	0.057154372	-0.032103505	0.03400185
-0.8736104	0.23664173	-0.16669537	0.08887532	-0.09356373	1.0000004	-0.27282712	0.14354579	-0.13417788	0.12072539	-0.19018854	0.18318841	-0.15395471	0.1031928	-0.106457606	0.14711303	-0.16583079	0.14349703	-0.086552195	0.06515526	-0.070699446	0.044404995	-0.051833592	0.098131545	-0.071306825	0.04667512	-0.053601343	0.042439844	-0.05266722	0.05095813	-0.065501735	0.043609925	-0.050932094	0.025263034	-0.026454829
0.21988633	-0.60154694	0.2516191	-0.13784917	0.1352126	-0.27282712	1.0000002	-0.3894539	0.22284938	-0.17833278	0.10943883	-0.5385039	0.28204003	-0.16926235	0.15382968	-0.10064448	0.21079092	-0.20238169	0.12630989	-0.091926895	0.07097802	-0.053244058	0.06205598	-0.1428369	0.09796723	-0.04810708	0.061131626	-0.05076871	0.06710416	-0.06585832	0.07062439	-0.049461607	0.060128737	-0.03162708	0.033304006
-0.14355518	0.27728283	-0.39727524	0.18756959	-0.17297962	0.14354579	-0.3894539	1.0000002	-0.51926726	0.21867226	-0.08937849	0.2902104	-0.5343261	0.24427602	-0.20126767	0.082150735	-0.20122656	0.21755368	-0.16258772	0.1122477	-0.070440866	0.055966303	-0.0656997	0.1717154	-0.117709205	0.048254177	-0.06382542	0.054546963	-0.075311765	0.074514896	-0.07179382	0.051551443	-0.0641871	0.034871962	-0.03689764
0.12863284	-0.2731228	0.2735104	-0.25644952	0.20111299	-0.13417788	0.22284938	-0.51926726	1.0000002	-0.31483722	0.084448986	-0.25450277	0.27725595	-0.5488137	0.26254898	-0.079396196	0.18717423	-0.22557585	0.22358885	-0.15345615	0.07736413	-0.064926825	0.07583642	-0.2579315	0.14713706	-0.053706687	0.07275268	-0.06400593	0.09032932	-0.092675164	0.08018292	-0.059012678	0.07430659	-0.042023655	0.044232775
-0.12806256	0.22263384	-0.3885776	0.2791032	-0.4948895	0.12072539	-0.17833278	0.21867226	-0.31483722	1.0	-0.08335721	0.19299673	-0.21832104	0.25472066	-0.49745768	0.07655627	-0.18277822	0.18475929	-0.18727775	0.20383257	-0.097459175	0.073578976	-0.0877878	0.19989704	-0.23234126	0.06730116	-0.09437396	0.08556461	-0.13388482	0.12712982	-0.10396034	0.07590102	-0.102450356	0.0585375	-0.06378611
0.14902653	-0.12751968	0.09565583	-0.05584387	0.057828132	-0.19018854	0.10943883	-0.08937849	0.084448986	-0.08335721	0.9999998	-0.15621044	0.110446185	-0.07389779	0.0723154	-0.91377586	0.20336726	-0.18326625	0.07133853	-0.04778653	0.089781575	-0.044706274	0.048835665	-0.08408643	0.050838653	-0.0629677	0.049244884	-0.03749594	0.0407929	-0.04040472	0.061376225	-0.04203604	0.04346172	-0.020287246	0.020690149
-0.19536854	0.29964596	-0.28500476	0.14871068	-0.15508409	0.18318841	-0.5385039	0.2902104	-0.25450277	0.19299673	-0.15621044	1.0	-0.5388339	0.1943263	-0.18688062	0.13438939	-0.3782615	0.2706447	-0.15532422	0.108778946	-0.08672552	0.06743911	-0.07829122	0.16555625	-0.11864834	0.058803648	-0.07485512	0.06172302	-0.08113511	0.07868192	-0.08542539	0.060305305	-0.073044635	0.0378725	-0.040006287
0.14801835	-0.29855776	0.25579032	-0.15706943	0.14951025	-0.15395471	0.28204003	-0.5343261	0.27725595	-0.21832104	0.110446185	-0.5388339	1.0000001	-0.28099844	0.1954074	-0.10421591	0.26366448	-0.3914937	0.17970227	-0.11755181	0.07813476	-0.06511019	0.07556935	-0.19887957	0.119840056	-0.053776935	0.07027152	-0.0593904	0.07903815	-0.07916304	0.07866569	-0.0568916	0.069281235	-0.03716177	0.03900117
-0.10446743	0.19340825	-0.22707124	0.16162631	-0.16847923	0.1031928	-0.16926235	0.24427602	-0.5488137	0.25472066	-0.07389779	0.1943263	-0.28099844	1.0000001	-0.50531435	0.06837195	-0.1743119	0.19811086	-0.4192357	0.18915175	-0.07286878	0.06388797	-0.075972095	0.27510548	-0.18849905	0.05121759	-0.07225761	0.0657162	-0.10008455	0.1004954	-0.07677741	0.05824219	-0.07631516	0.04403318	-0.047228504
0.10492702	-0.20864551	0.2191306	-0.17949721	0.19154114	-0.106457606	0.15382968	-0.20126767	0.26254898	-0.49745768	0.0723154	-0.18688062	0.1954074	-0.50531435	1.0	-0.06794612	0.16079393	-0.1898427	0.22762863	-0.4309135	0.08188161	-0.07018478	0.08205173	-0.27253237	0.25781852	-0.05822985	0.08347333	-0.08030188	0.12756501	-0.14227636	0.08772904	-0.06791074	0.09152437	-0.057388388	0.06081873
-0.14924517	0.113321975	-0.09069102	0.05202943	-0.054372482	0.14711303	-0.10064448	0.082150735	-0.079396196	0.07655627	-0.91377586	0.13438939	-0.10421591	0.06837195	-0.06794612	1.0000001	-0.26786944	0.1648056	-0.066233344	0.04461447	-0.09979093	0.043935042	-0.047962308	0.07638652	-0.04785768	0.06317554	-0.048379153	0.036226645	-0.038869854	0.03825274	-0.061017606	0.041118484	-0.04209472	0.019266224	-0.01965345
0.1543142	-0.2609655	0.19894126	-0.120222375	0.12283636	-0.16583079	0.21079092	-0.20122656	0.18717423	-0.18277822	0.20336726	-0.3782615	0.26366448	-0.1743119	0.16079393	-0.26786944	1.0000002	-0.7219679	0.18544014	-0.106218025	0.1010101	-0.10281847	0.107155204	-0.21583298	0.111329466	-0.07110026	0.08799203	-0.070320845	0.08175792	-0.08149529	0.09565245	-0.07139506	0.08011628	-0.0395868	0.040803146
-0.15126187	0.21941894	-0.2309482	0.13040257	-0.13782538	0.14349703	-0.20238169	0.21755368	-0.22557585	0.18475929	-0.18326625	0.2706447	-0.3914937	0.19811086	-0.1898427	0.1648056	-0.7219679	1.0000004	-0.26632816	0.11789093	-0.10059468	0.09586058	-0.11453134	0.21837723	-0.1284019	0.06939384	-0.0908028	0.073228076	-0.089884475	0.087230764	-0.09841945	0.07249379	-0.08478196	0.04204809	-0.044041224
0.08781801	-0.1548777	0.16589388	-0.113491125	0.11805525	-0.086552195	0.12630989	-0.16258772	0.22358885	-0.18727775	0.07133853	-0.15532422	0.17970227	-0.4192357	0.22762863	-0.066233344	0.18544014	-0.26632816	1.0000004	-0.17657179	0.07088536	-0.07872131	0.09250768	-0.77965486	0.16580999	-0.0509045	0.07315648	-0.065439194	0.0921123	-0.09469822	0.07455224	-0.059148617	0.07362886	-0.04120075	0.043469757
-0.065760136	0.12106664	-0.13242638	0.096707866	-0.10622953	0.06515526	-0.091926895	0.1122477	-0.15345615	0.20383257	-0.04778653	0.108778946	-0.11755181	0.18915175	-0.4309135	0.04461447	-0.106218025	0.11789093	-0.17657179	1.0000006	-0.07021332	0.062196728	-0.07386436	0.18417959	-0.78056836	0.052563764	-0.085377984	0.09391516	-0.19492787	0.20027535	-0.080049425	0.068601124	-0.10825774	0.07269668	-0.082297795
0.070494264	-0.099520534	0.08911103	-0.05618734	0.060001522	-0.070699446	0.07097802	-0.070440866	0.07736413	-0.097459175	0.089781575	-0.08672552	0.07813476	-0.07286878	0.08188161	-0.09979093	0.1010101	-0.10059468	0.07088536	-0.07021332	1.0000004	-0.16567439	0.1516834	-0.090785414	0.07452895	-0.73927563	0.20489202	-0.13711531	0.10096258	-0.102244996	0.29645494	-0.20222388	0.15063044	-0.056413703	0.053502485
-0.04490056	0.07047294	-0.0676831	0.04303308	-0.0460483	0.044404995	-0.053244058	0.055966303	-0.064926825	0.073578976	-0.044706274	0.06743911	-0.06511019	0.06388797	-0.07018478	0.043935042	-0.10281847	0.09586058	-0.07872131	0.062196728	-0.16567439	1.0000008	-0.861807	0.09992931	-0.06751265	0.13395575	-0.34905052	0.17669658	-0.1053282	0.098094895	-0.16498291	0.18904904	-0.17048433	0.050562397	-0.047803838
0.05217521	-0.08339585	0.079065695	-0.050762247	0.054109238	-0.051833592	0.06205598	-0.0656997	0.07583642	-0.0877878	0.048835665	-0.07829122	0.07556935	-0.075972095	0.08205173	-0.047962308	0.107155204	-0.11453134	0.09250768	-0.07386436	0.1516834	-0.861807	1.0000006	-0.13062115	0.07871518	-0.13741477	0.24576887	-0.21674414	0.11679407	-0.11659072	0.16267653	-0.20379508	0.17334327	-0.058643974	0.054575976
-0.10339374	0.167921	-0.20399803	0.12861647	-0.1422117	0.098131545	-0.1428369	0.1717154	-0.2579315	0.19989704	-0.08408643	0.16555625	-0.19887957	0.27510548	-0.27253237	0.07638652	-0.21583298	0.21837723	-0.77965486	0.18417959	-0.090785414	0.09992931	-0.13062115	1.0000006	-0.22835137	0.064931735	-0.09581729	0.084737346	-0.12267949	0.11846875	-0.096277975	0.07615279	-0.09669734	0.052631248	-0.05638689
0.07061925	-0.13578747	0.13561991	-0.104206584	0.109266	-0.071306825	0.09796723	-0.117709205	0.14713706	-0.23234126	0.050838653	-0.11864834	0.119840056	-0.18849905	0.25781852	-0.04785768	0.111329466	-0.1284019	0.16580999	-0.78056836	0.07452895	-0.06751265	0.07871518	-0.22835137	1.0000006	-0.05609989	0.08958872	-0.10320572	0.2026027	-0.3344066	0.08444377	-0.07317424	0.11143328	-0.08448678	0.0904031
-0.047132883	0.06657463	-0.06068596	0.03852364	-0.04114999	0.04667512	-0.04810708	0.048254177	-0.053706687	0.06730116	-0.0629677	0.058803648	-0.053776935	0.05121759	-0.05822985	0.06317554	-0.07110026	0.06939384	-0.0509045	0.052563764	-0.73927563	0.13395575	-0.13741477	0.064931735	-0.05609989	1.0000005	-0.2576472	0.1315605	-0.08694053	0.08454348	-0.5146357	0.21652783	-0.15351406	0.046245642	-0.04369444
0.05387973	-0.085574746	0.0794967	-0.05206261	0.05542748	-0.053601343	0.061131626	-0.06382542	0.07275268	-0.09437396	0.049244884	-0.07485512	0.07027152	-0.07225761	0.08347333	-0.048379153	0.08799203	-0.0908028	0.07315648	-0.085377984	0.20489202	-0.34905052	0.24576887	-0.09581729	0.08958872	-0.2576472	1.0	-0.39735627	0.16613488	-0.16691886	0.28084603	-0.62817246	0.29026687	-0.08354921	0.07568354
-0.042753823	0.07054768	-0.06746646	0.045490034	-0.048423935	0.042439844	-0.05076871	0.054546963	-0.06400593	0.08556461	-0.03749594	0.06172302	-0.0593904	0.0657162	-0.08030188	0.036226645	-0.070320845	0.073228076	-0.065439194	0.09391516	-0.13711531	0.17669658	-0.21674414	0.084737346	-0.10320572	0.1315605	-0.39735627	1.0000001	-0.37354484	0.22713369	-0.19333695	0.26205283	-0.72117954	0.11286979	-0.10464385
0.05254076	-0.094563656	0.090998456	-0.06558399	0.06903646	-0.05266722	0.06710416	-0.075311765	0.09032932	-0.13388482	0.0407929	-0.08113511	0.07903815	-0.10008455	0.12756501	-0.038869854	0.08175792	-0.089884475	0.0921123	-0.19492787	0.10096258	-0.1053282	0.11679407	-0.12267949	0.2026027	-0.08694053	0.16613488	-0.37354484	1.0000002	-0.763483	0.12617019	-0.1407518	0.23614897	-0.24005058	0.19403183
-0.051479608	0.09022471	-0.09155022	0.064237855	-0.06890821	0.05095813	-0.06585832	0.074514896	-0.092675164	0.12712982	-0.04040472	0.07868192	-0.07916304	0.1004954	-0.14227636	0.03825274	-0.08149529	0.087230764	-0.09469822	0.20027535	-0.102244996	0.098094895	-0.11659072	0.11846875	-0.3344066	0.08454348	-0.16691886	0.22713369	-0.763483	0.9999998	-0.12921174	0.13153821	-0.25209963	0.19907653	-0.2520336
0.06587713	-0.10044975	0.09157825	-0.058632385	0.06264989	-0.065501735	0.07062439	-0.07179382	0.08018292	-0.10396034	0.061376225	-0.08542539	0.07866569	-0.07677741	0.08772904	-0.061017606	0.09565245	-0.09841945	0.07455224	-0.080049425	0.29645494	-0.16498291	0.16267653	-0.096277975	0.08444377	-0.5146357	0.28084603	-0.19333695	0.12617019	-0.12921174	0.9999994	-0.5058255	0.21678253	-0.07111616	0.06609596
-0.043999948	0.068865076	-0.06450912	0.042065732	-0.04489312	0.043609925	-0.049461607	0.051551443	-0.059012678	0.07590102	-0.04203604	0.060305305	-0.0568916	0.05824219	-0.06791074	0.041118484	-0.07139506	0.07249379	-0.059148617	0.068601124	-0.20222388	0.18904904	-0.20379508	0.07615279	-0.07317424	0.21652783	-0.62817246	0.26205283	-0.1407518	0.13153821	-0.5058255	0.9999992	-0.41899356	0.071602315	-0.06631858
0.051098775	-0.08487026	0.079522066	-0.05393331	0.057154372	-0.050932094	0.060128737	-0.0641871	0.07430659	-0.102450356	0.04346172	-0.073044635	0.069281235	-0.07631516	0.09152437	-0.04209472	0.08011628	-0.08478196	0.07362886	-0.10825774	0.15063044	-0.17048433	0.17334327	-0.09669734	0.11143328	-0.15351406	0.29026687	-0.72117954	0.23614897	-0.25209963	0.21678253	-0.41899356	0.99999917	-0.13551486	0.11344892
-0.025516143	0.044017456	-0.043443948	0.030066676	-0.032103505	0.025263034	-0.03162708	0.034871962	-0.042023655	0.0585375	-0.020287246	0.0378725	-0.03716177	0.04403318	-0.057388388	0.019266224	-0.0395868	0.04204809	-0.04120075	0.07269668	-0.056413703	0.050562397	-0.058643974	0.052631248	-0.08448678	0.046245642	-0.08354921	0.11286979	-0.24005058	0.19907653	-0.07111616	0.071602315	-0.13551486	0.99999917	-0.93278617
0.026566215	-0.046801284	0.04550185	-0.03205842	0.03400185	-0.026454829	0.033304006	-0.03689764	0.044232775	-0.06378611	0.020690149	-0.040006287	0.03900117	-0.047228504	0.06081873	-0.01965345	0.040803146	-0.044041224	0.043469757	-0.082297795	0.053502485	-0.047803838	0.054575976	-0.05638689	0.0904031	-0.04369444	0.07568354	-0.10464385	0.19403183	-0.2520336	0.06609596	-0.06631858	0.11344892	-0.93278617	0.99999917
