1.0000001	-0.572736	0.2138226	-0.08562626	0.087267034	-0.6082991	0.31932855	-0.29637414	0.09618252	-0.09476459	0.18053271	-0.19514917	0.12975305	-0.09762369	0.12518024	-0.144558	0.13980272	-0.11823296	0.06999105	-0.07146122	0.11648852	-0.11882557	0.13072602	-0.054402787	0.056872744	-0.074516654	0.073360935	-0.08646433	0.054824535	-0.03816578	0.09196131	-0.069935	0.05995354	-0.053534955	0.04956916
-0.572736	1.0000002	-0.44015563	0.10383503	-0.10951627	0.28785735	-0.48589244	0.2866081	-0.111790776	0.10320996	-0.18243057	0.19002461	-0.14371262	0.10487331	-0.14050019	0.1327348	-0.15006392	0.11982453	-0.07364131	0.07385235	-0.12399612	0.11648674	-0.13916063	0.05598862	-0.05912185	0.07621583	-0.07404617	0.08313731	-0.055575613	0.03864068	-0.09974745	0.06857219	-0.059777677	0.05304223	-0.050227977
0.2138226	-0.44015563	1.0000004	-0.16610643	0.13251671	-0.1309369	0.18037966	-0.8190771	0.13537261	-0.11894482	0.086318456	-0.09480966	0.099807635	-0.08799925	0.1057623	-0.06666399	0.074322626	-0.07779989	0.04941875	-0.051091924	0.062957235	-0.061057765	0.08440671	-0.035710067	0.037439775	-0.039797876	0.03986403	-0.047915258	0.033161964	-0.023383295	0.051587358	-0.03749959	0.033876874	-0.031266946	0.029779866
-0.08562626	0.10383503	-0.16610643	1.0000004	-0.76385576	0.056094594	-0.071563154	0.15159152	-0.5089325	0.30297413	-0.052143615	0.0603407	-0.13786644	0.15912662	-0.17967744	0.044192854	-0.051014535	0.09059317	-0.06422109	0.06868219	-0.044231504	0.044812407	-0.08766636	0.04108205	-0.042762797	0.029042698	-0.031509105	0.04319993	-0.03296221	0.023973672	-0.037346177	0.030323204	-0.0298388	0.030017955	-0.02911771
0.087267034	-0.10951627	0.13251671	-0.76385576	1.0000006	-0.05926903	0.07356385	-0.15292439	0.31184238	-0.4933995	0.055936202	-0.06550703	0.13687113	-0.16799138	0.18927012	-0.048540182	0.055598695	-0.10367139	0.071120024	-0.078936435	0.048776846	-0.050005227	0.097825274	-0.04680457	0.048315953	-0.03246235	0.03556119	-0.04990819	0.03770073	-0.027456196	0.041542917	-0.034444895	0.034153838	-0.03456179	0.033341855
-0.6082991	0.28785735	-0.1309369	0.056094594	-0.05926903	1.0000005	-0.6406582	0.1613631	-0.06606098	0.06455851	-0.27268687	0.2235635	-0.10900956	0.07608646	-0.095529445	0.16071738	-0.1626032	0.09887238	-0.05633271	0.05645335	-0.12331742	0.11758309	-0.10708672	0.04363534	-0.045558147	0.07193812	-0.06855511	0.07224464	-0.044831287	0.031006716	-0.08999277	0.063140266	-0.051438723	0.044172764	-0.04053686
0.31932855	-0.48589244	0.18037966	-0.071563154	0.07356385	-0.6406582	1.0000006	-0.2398032	0.08222649	-0.08019336	0.22517985	-0.36062962	0.12765914	-0.0920154	0.11137038	-0.1717696	0.18141359	-0.116538644	0.06528147	-0.06601596	0.13065873	-0.13569725	0.12121027	-0.050185762	0.052185845	-0.07877244	0.076584734	-0.08240263	0.050902985	-0.035322506	0.0966995	-0.07143978	0.057992563	-0.050264873	0.045961693
-0.29637414	0.2866081	-0.8190771	0.15159152	-0.15292439	0.1613631	-0.2398032	1.0	-0.17526141	0.13468303	-0.113983594	0.120077185	-0.13265777	0.1089015	-0.13756922	0.08627006	-0.097685754	0.099256255	-0.06377599	0.065015316	-0.08354089	0.07934778	-0.1114464	0.04617901	-0.04869139	0.05248161	-0.052207164	0.061886214	-0.043214876	0.030391488	-0.06888255	0.04881678	-0.04418277	0.04055036	-0.03884754
0.09618252	-0.111790776	0.13537261	-0.5089325	0.31184238	-0.06606098	0.08222649	-0.17526141	1.0000001	-0.66622806	0.06598019	-0.0788605	0.1937742	-0.32560697	0.2524056	-0.057483293	0.066569865	-0.13165589	0.09090199	-0.10001623	0.05740729	-0.059183843	0.11821599	-0.057413764	0.059064243	-0.03803578	0.041839223	-0.058711305	0.04491927	-0.032863397	0.048558753	-0.040505763	0.04019103	-0.040960982	0.039565176
-0.09476459	0.10320996	-0.11894482	0.30297413	-0.4933995	0.06455851	-0.08019336	0.13468303	-0.66622806	0.9999999	-0.06643511	0.0780892	-0.20107432	0.23817332	-0.38887605	0.057573624	-0.067116775	0.13127127	-0.10090525	0.109311186	-0.05825369	0.059612256	-0.12473519	0.061198633	-0.06422477	0.038488925	-0.042553443	0.059806675	-0.047115646	0.034580737	-0.049391415	0.04113281	-0.04122494	0.04237921	-0.041395813
0.18053271	-0.18243057	0.086318456	-0.052143615	0.055936202	-0.27268687	0.22517985	-0.113983594	0.06598019	-0.06643511	1.0000004	-0.56154805	0.1406191	-0.09592709	0.1083451	-0.63494056	0.3051744	-0.14253041	0.07282763	-0.07293673	0.21971291	-0.22757114	0.13621916	-0.056964234	0.05856726	-0.124373145	0.111112244	-0.10835315	0.06068177	-0.04176713	0.13583949	-0.103845075	0.07578645	-0.06251177	0.054801695
-0.19514917	0.19002461	-0.09480966	0.0603407	-0.06550703	0.2235635	-0.36062962	0.120077185	-0.0788605	0.0780892	-0.56154805	1.0000004	-0.2103318	0.120705396	-0.13384454	0.30734318	-0.54127926	0.16833001	-0.08740633	0.085292496	-0.24000695	0.23160277	-0.16441685	0.06556927	-0.06776656	0.12571429	-0.12330074	0.11244403	-0.06747417	0.04648883	-0.15767726	0.10695718	-0.081873275	0.067503184	-0.060815763
0.12975305	-0.14371262	0.099807635	-0.13786644	0.13687113	-0.10900956	0.12765914	-0.13265777	0.1937742	-0.20107432	0.1406191	-0.2103318	1.0000005	-0.63460124	0.30344662	-0.12734997	0.15332805	-0.42885318	0.17998105	-0.19292696	0.11904945	-0.12881681	0.25542608	-0.11555002	0.11457486	-0.07787426	0.086126365	-0.11950282	0.08856488	-0.06480394	0.09712658	-0.08331741	0.080776796	-0.08182217	0.077714115
-0.09762369	0.10487331	-0.08799925	0.15912662	-0.16799138	0.07608646	-0.0920154	0.1089015	-0.32560697	0.23817332	-0.09592709	0.120705396	-0.63460124	1.0000005	-0.56400883	0.083050385	-0.10104778	0.22133794	-0.1690999	0.16601816	-0.082001776	0.08530558	-0.18985534	0.091368474	-0.0941843	0.05331123	-0.05959453	0.08339705	-0.06663765	0.04918875	-0.067776546	0.057425667	-0.05735035	0.05950865	-0.0580174
0.12518024	-0.14050019	0.1057623	-0.17967744	0.18927012	-0.095529445	0.11137038	-0.13756922	0.2524056	-0.38887605	0.1083451	-0.13384454	0.30344662	-0.56400883	1.0000006	-0.1006185	0.11629206	-0.27644917	0.20830014	-0.29323885	0.10188445	-0.10824796	0.22753544	-0.12776065	0.13013597	-0.06935703	0.07913862	-0.11829977	0.09295006	-0.069455296	0.08761451	-0.07781741	0.07963334	-0.08445275	0.08126244
-0.144558	0.1327348	-0.06666399	0.044192854	-0.048540182	0.16071738	-0.1717696	0.08627006	-0.057483293	0.057573624	-0.63494056	0.30734318	-0.12734997	0.083050385	-0.1006185	1.000001	-0.5252662	0.13926458	-0.071506545	0.06914329	-0.38055003	0.2624097	-0.14046542	0.05622501	-0.058119576	0.15361291	-0.1291113	0.111379996	-0.06207728	0.04231324	-0.17760196	0.11327908	-0.08089442	0.06415517	-0.05618038
0.13980272	-0.15006392	0.074322626	-0.051014535	0.055598695	-0.1626032	0.18141359	-0.097685754	0.066569865	-0.067116775	0.3051744	-0.54127926	0.15332805	-0.10104778	0.11629206	-0.5252662	1.0000007	-0.21040185	0.08856306	-0.08513955	0.26959148	-0.4618511	0.16797897	-0.06694247	0.06828975	-0.14275078	0.15224738	-0.12991418	0.070896894	-0.048645955	0.16078031	-0.13593028	0.0921412	-0.073724285	0.06383399
-0.11823296	0.11982453	-0.07779989	0.09059317	-0.10367139	0.09887238	-0.116538644	0.099256255	-0.13165589	0.13127127	-0.14253041	0.16833001	-0.42885318	0.22133794	-0.27644917	0.13926458	-0.21040185	1.0000008	-0.35407993	0.24161631	-0.13945368	0.15090479	-0.64332604	0.17039834	-0.17083083	0.08679248	-0.10175376	0.13809352	-0.11564435	0.08454435	-0.110292554	0.095549956	-0.09649262	0.09935435	-0.09861566
0.06999105	-0.07364131	0.04941875	-0.06422109	0.071120024	-0.05633271	0.06528147	-0.06377599	0.09090199	-0.10090525	0.07282763	-0.08740633	0.17998105	-0.1690999	0.20830014	-0.071506545	0.08856306	-0.35407993	1.0000014	-0.7985172	0.07424625	-0.08076786	0.22593248	-0.29647848	0.23211816	-0.050015654	0.06386614	-0.106187545	0.11756931	-0.09380392	0.0632792	-0.064095624	0.07326479	-0.09403839	0.09339904
-0.07146122	0.07385235	-0.051091924	0.06868219	-0.078936435	0.05645335	-0.06601596	0.065015316	-0.10001623	0.109311186	-0.07293673	0.085292496	-0.19292696	0.16601816	-0.29323885	0.06914329	-0.08513955	0.24161631	-0.7985172	1.0000017	-0.07455149	0.07893212	-0.24115366	0.23546937	-0.31308287	0.050121956	-0.06421278	0.105338335	-0.12389438	0.09972343	-0.064188294	0.064028926	-0.0747196	0.094710305	-0.10223009
0.11648852	-0.12399612	0.062957235	-0.044231504	0.048776846	-0.12331742	0.13065873	-0.08354089	0.05740729	-0.05825369	0.21971291	-0.24000695	0.11904945	-0.082001776	0.10188445	-0.38055003	0.26959148	-0.13945368	0.07424625	-0.07455149	1.0000015	-0.6162983	0.14805245	-0.06621209	0.06816363	-0.44266403	0.21087138	-0.18175943	0.08457123	-0.0568638	0.2805587	-0.2057627	0.12503828	-0.094948046	0.077021986
-0.11882557	0.11648674	-0.061057765	0.044812407	-0.050005227	0.11758309	-0.13569725	0.07934778	-0.059183843	0.059612256	-0.22757114	0.23160277	-0.12881681	0.08530558	-0.10824796	0.2624097	-0.4618511	0.15090479	-0.08076786	0.07893212	-0.6162983	1.0000013	-0.17887908	0.07158229	-0.07415031	0.23046413	-0.35263255	0.18049526	-0.091873564	0.060961377	-0.2863506	0.21626806	-0.13981567	0.09917234	-0.08382777
0.13072602	-0.13916063	0.08440671	-0.08766636	0.097825274	-0.10708672	0.12121027	-0.1114464	0.11821599	-0.12473519	0.13621916	-0.16441685	0.25542608	-0.18985534	0.22753544	-0.14046542	0.16797897	-0.64332604	0.22593248	-0.24115366	0.14805245	-0.17887908	1.000001	-0.2323512	0.18749538	-0.100333564	0.122614376	-0.19854848	0.14166093	-0.10473969	0.12391881	-0.12032651	0.12474607	-0.13011776	0.12095232
-0.054402787	0.05598862	-0.035710067	0.04108205	-0.04680457	0.04363534	-0.050185762	0.04617901	-0.057413764	0.061198633	-0.056964234	0.06556927	-0.11555002	0.091368474	-0.12776065	0.05622501	-0.06694247	0.17039834	-0.29647848	0.23546937	-0.06621209	0.07158229	-0.2323512	1.0000011	-0.8118876	0.04730202	-0.072967105	0.14430705	-0.30269274	0.20277192	-0.0603827	0.07706178	-0.1059168	0.16437313	-0.18399704
0.056872744	-0.05912185	0.037439775	-0.042762797	0.048315953	-0.045558147	0.052185845	-0.04869139	0.059064243	-0.06422477	0.05856726	-0.06776656	0.11457486	-0.0941843	0.13013597	-0.058119576	0.06828975	-0.17083083	0.23211816	-0.31308287	0.06816363	-0.07415031	0.18749538	-0.8118876	1.0000012	-0.049483404	0.07675964	-0.16035739	0.23157923	-0.26479873	0.06267918	-0.082828626	0.11032359	-0.1800272	0.18211944
-0.074516654	0.07621583	-0.039797876	0.029042698	-0.03246235	0.07193812	-0.07877244	0.05248161	-0.03803578	0.038488925	-0.124373145	0.12571429	-0.07787426	0.05331123	-0.06935703	0.15361291	-0.14275078	0.08679248	-0.050015654	0.050121956	-0.44266403	0.23046413	-0.100333564	0.04730202	-0.049483404	1.0000012	-0.18778615	0.13540076	-0.06643939	0.04385906	-0.81649953	0.16568118	-0.10375576	0.074038744	-0.061060183
0.073360935	-0.07404617	0.03986403	-0.031509105	0.03556119	-0.06855511	0.076584734	-0.052207164	0.041839223	-0.042553443	0.111112244	-0.12330074	0.086126365	-0.05959453	0.07913862	-0.1291113	0.15224738	-0.10175376	0.06386614	-0.06421278	0.21087138	-0.35263255	0.122614376	-0.072967105	0.07675964	-0.18778615	1.0000012	-0.38759246	0.13050435	-0.08388234	0.19813386	-0.74502397	0.25978673	-0.16659057	0.11953878
-0.08646433	0.08313731	-0.047915258	0.04319993	-0.04990819	0.07224464	-0.08240263	0.061886214	-0.058711305	0.059806675	-0.10835315	0.11244403	-0.11950282	0.08339705	-0.11829977	0.111379996	-0.12991418	0.13809352	-0.106187545	0.105338335	-0.18175943	0.18049526	-0.19854848	0.14430705	-0.16035739	0.13540076	-0.38759246	1.0000011	-0.33547866	0.18854612	-0.18645291	0.28763244	-0.62730634	0.29224408	-0.29573363
0.054824535	-0.055575613	0.033161964	-0.03296221	0.03770073	-0.044831287	0.050902985	-0.043214876	0.04491927	-0.047115646	0.06068177	-0.06747417	0.08856488	-0.06663765	0.09295006	-0.06207728	0.070896894	-0.11564435	0.11756931	-0.12389438	0.08457123	-0.091873564	0.14166093	-0.30269274	0.23157923	-0.06643939	0.13050435	-0.33547866	1.0000011	-0.5792132	0.08428643	-0.15172355	0.23040129	-0.5345179	0.32517713
-0.03816578	0.03864068	-0.023383295	0.023973672	-0.027456196	0.031006716	-0.035322506	0.030391488	-0.032863397	0.034580737	-0.04176713	0.04648883	-0.06480394	0.04918875	-0.069455296	0.04231324	-0.048645955	0.08454435	-0.09380392	0.09972343	-0.0568638	0.060961377	-0.10473969	0.20277192	-0.26479873	0.04385906	-0.08388234	0.18854612	-0.5792132	1.000001	-0.056262366	0.09390072	-0.15107888	0.28024182	-0.6896741
0.09196131	-0.09974745	0.051587358	-0.037346177	0.041542917	-0.08999277	0.0966995	-0.06888255	0.048558753	-0.049391415	0.13583949	-0.15767726	0.09712658	-0.067776546	0.08761451	-0.17760196	0.16078031	-0.110292554	0.0632792	-0.064188294	0.2805587	-0.2863506	0.12391881	-0.0603827	0.06267918	-0.81649953	0.19813386	-0.18645291	0.08428643	-0.056262366	1.0000008	-0.23711687	0.13141325	-0.09801651	0.07722581
-0.069935	0.06857219	-0.03749959	0.030323204	-0.034444895	0.063140266	-0.07143978	0.04881678	-0.040505763	0.04113281	-0.103845075	0.10695718	-0.08331741	0.057425667	-0.07781741	0.11327908	-0.13593028	0.095549956	-0.064095624	0.064028926	-0.2057627	0.21626806	-0.12032651	0.07706178	-0.082828626	0.16568118	-0.74502397	0.28763244	-0.15172355	0.09390072	-0.23711687	1.000001	-0.43598485	0.1829235	-0.1416956
0.05995354	-0.059777677	0.033876874	-0.0298388	0.034153838	-0.051438723	0.057992563	-0.04418277	0.04019103	-0.04122494	0.07578645	-0.081873275	0.080776796	-0.05735035	0.07963334	-0.08089442	0.0921412	-0.09649262	0.07326479	-0.0747196	0.12503828	-0.13981567	0.12474607	-0.1059168	0.11032359	-0.10375576	0.25978673	-0.62730634	0.23040129	-0.15107888	0.13141325	-0.43598485	1.0000007	-0.5033705	0.21352863
-0.053534955	0.05304223	-0.031266946	0.030017955	-0.03456179	0.044172764	-0.050264873	0.04055036	-0.040960982	0.04237921	-0.06251177	0.067503184	-0.08182217	0.05950865	-0.08445275	0.06415517	-0.073724285	0.09935435	-0.09403839	0.094710305	-0.094948046	0.09917234	-0.13011776	0.16437313	-0.1800272	0.074038744	-0.16659057	0.29224408	-0.5345179	0.28024182	-0.09801651	0.1829235	-0.5033705	1.0000006	-0.5082179
0.04956916	-0.050227977	0.029779866	-0.02911771	0.033341855	-0.04053686	0.045961693	-0.03884754	0.039565176	-0.041395813	0.054801695	-0.060815763	0.077714115	-0.0580174	0.08126244	-0.05618038	0.06383399	-0.09861566	0.09339904	-0.10223009	0.077021986	-0.08382777	0.12095232	-0.18399704	0.18211944	-0.061060183	0.11953878	-0.29573363	0.32517713	-0.6896741	0.07722581	-0.1416956	0.21352863	-0.5082179	1.0000006
