1.0000001	-0.45990422	0.2567871	-0.22768791	0.15574633	-0.3664332	0.2755611	-0.26505348	0.19707102	-0.11911478	0.23276171	-0.34018922	0.2458694	-0.20046009	0.168771	-0.19022384	0.1985917	-0.19379327	0.15161192	-0.15113147	0.20760173	-0.16883776	0.15744841	-0.1501589	0.14352766	-0.15920085	0.1676724	-0.15561165	0.13033682	-0.13293412	0.170638	-0.12527892	0.115784325	-0.09233799	0.100349255
-0.45990422	1.0000001	-0.6028518	0.24060121	-0.13746394	0.2349109	-0.46133238	0.2806881	-0.23444918	0.100468434	-0.18869099	0.25435966	-0.23440015	0.15988065	-0.14122236	0.14084768	-0.16051713	0.15351184	-0.1196744	0.11452929	-0.16044252	0.12402474	-0.120897986	0.11174794	-0.10843566	0.10515744	-0.12382636	0.11330376	-0.09682323	0.09623377	-0.11614199	0.08761325	-0.08305267	0.06542321	-0.07232085
0.2567871	-0.6028518	0.9999999	-0.47960103	0.14159611	-0.20611432	0.26720744	-0.44361797	0.28334996	-0.1095769	0.15588449	-0.23403019	0.22363587	-0.17330456	0.1397818	-0.1277497	0.1429805	-0.15228504	0.11801437	-0.114776105	0.141042	-0.115614176	0.11400002	-0.10868925	0.103301965	-0.09750202	0.113276385	-0.108559735	0.091841504	-0.09281682	0.104321204	-0.08211149	0.07659903	-0.06187399	0.0675236
-0.22768791	0.24060121	-0.47960103	0.99999976	-0.2198499	0.15875146	-0.20816849	0.2942023	-0.70863056	0.14756164	-0.1310799	0.17778423	-0.22306383	0.19899629	-0.17534778	0.11265006	-0.13197662	0.13989013	-0.12832321	0.12141284	-0.13179488	0.10764912	-0.10984085	0.107029006	-0.10509304	0.08963895	-0.10806683	0.10295682	-0.0902123	0.09076457	-0.09804048	0.077658676	-0.07351543	0.059543572	-0.06562484
0.15574633	-0.13746394	0.14159611	-0.2198499	0.9999999	-0.1270901	0.122288086	-0.15622169	0.17416665	-0.7951259	0.10445936	-0.14549944	0.16896713	-0.31396174	0.29514718	-0.10380426	0.118635245	-0.13611124	0.16388218	-0.1974768	0.123259105	-0.11221024	0.116219014	-0.13257097	0.1308981	-0.095480226	0.11237227	-0.116829604	0.10520717	-0.11531814	0.09999815	-0.08770397	0.08038949	-0.07092775	0.07560745
-0.3664332	0.2349109	-0.20611432	0.15875146	-0.1270901	0.9999996	-0.44515318	0.21989247	-0.16767539	0.09335388	-0.6390118	0.3241839	-0.24318253	0.15680715	-0.14049393	0.2417461	-0.24125405	0.18388252	-0.1313608	0.1242493	-0.24669425	0.16336428	-0.14876623	0.1298902	-0.12491222	0.13059084	-0.1570201	0.13627785	-0.114584036	0.11162547	-0.14340076	0.105929144	-0.10059347	0.077198744	-0.08575082
0.2755611	-0.46133238	0.26720744	-0.20816849	0.122288086	-0.44515318	0.99999964	-0.42180502	0.2068222	-0.09269587	0.26387388	-0.5268088	0.23618355	-0.15724467	0.13168044	-0.1714902	0.18440033	-0.16762558	0.11907191	-0.11408636	0.17348048	-0.13269146	0.12579527	-0.114481375	0.10847285	-0.107536405	0.12709983	-0.117484644	0.098349825	-0.09768052	0.115503505	-0.08923628	0.08363136	-0.06611157	0.072583266
-0.26505348	0.2806881	-0.44361797	0.2942023	-0.15622169	0.21989247	-0.42180502	0.9999995	-0.48818296	0.11838211	-0.18178228	0.2497336	-0.43837473	0.20365803	-0.16654575	0.14999165	-0.17996442	0.19906591	-0.14407039	0.13402422	-0.16983975	0.13745542	-0.14205877	0.12947963	-0.12324862	0.11075476	-0.13506855	0.12880845	-0.109566964	0.10850165	-0.12004422	0.095156424	-0.08985877	0.071874	-0.079161845
0.19707102	-0.23444918	0.28334996	-0.70863056	0.17416665	-0.16767539	0.2068222	-0.48818296	0.9999994	-0.14888594	0.13168634	-0.19195363	0.22484927	-0.26449195	0.1731486	-0.11523721	0.13217211	-0.14915152	0.13569883	-0.12843575	0.12996796	-0.1097512	0.11209949	-0.11186445	0.106964506	-0.09050717	0.108010024	-0.10621661	0.0920346	-0.09360551	0.096592665	-0.078720674	0.07356612	-0.06058161	0.066101804
-0.11911478	0.100468434	-0.1095769	0.14756164	-0.7951259	0.09335388	-0.09269587	0.11838211	-0.14888594	0.99999934	-0.078640245	0.106244765	-0.13626347	0.23679751	-0.48456386	0.07857835	-0.09202716	0.10481357	-0.13871518	0.15994771	-0.09541165	0.08548952	-0.09092782	0.10309486	-0.10824525	0.0712317	-0.08691988	0.089018114	-0.08271769	0.08848931	-0.07606835	0.0662059	-0.06191202	0.053922966	-0.058615144
0.23276171	-0.18869099	0.15588449	-0.1310799	0.10445936	-0.6390118	0.26387388	-0.18178228	0.13168634	-0.078640245	0.9999993	-0.4966463	0.20111687	-0.13773547	0.11822824	-0.42097858	0.2462464	-0.18309478	0.11719963	-0.11240656	0.23278722	-0.16383433	0.13827895	-0.12084659	0.1116534	-0.12406857	0.14277637	-0.12874867	0.104369335	-0.10281297	0.12568761	-0.09794689	0.09000159	-0.070401534	0.07674362
-0.34018922	0.25435966	-0.23403019	0.17778423	-0.14549944	0.3241839	-0.5268088	0.2497336	-0.19195363	0.106244765	-0.4966463	0.99999905	-0.29811135	0.17867425	-0.16122694	0.24973343	-0.31491846	0.21631822	-0.15065722	0.1411589	-0.2597653	0.18206427	-0.16996281	0.147234	-0.14177452	0.14316805	-0.1757466	0.15360443	-0.12966561	0.12578152	-0.1581993	0.11815534	-0.11269633	0.086552724	-0.09638115
0.2458694	-0.23440015	0.22363587	-0.22306383	0.16896713	-0.24318253	0.23618355	-0.43837473	0.22484927	-0.13626347	0.20111687	-0.29811135	0.9999987	-0.32626155	0.20819691	-0.22239345	0.26094103	-0.5221426	0.21734802	-0.20686668	0.22650647	-0.21622221	0.23393567	-0.21348855	0.18266508	-0.16163006	0.19580859	-0.21460925	0.16857696	-0.16972868	0.16199555	-0.14248228	0.12938744	-0.108067624	0.11550471
-0.20046009	0.15988065	-0.17330456	0.19899629	-0.31396174	0.15680715	-0.15724467	0.20365803	-0.26449195	0.23679751	-0.13773547	0.17867425	-0.32626155	0.9999985	-0.5939446	0.14379276	-0.17796567	0.21312818	-0.44019917	0.28509545	-0.17799476	0.15927084	-0.18332575	0.2079154	-0.21273716	0.12537065	-0.16353427	0.16703579	-0.16339011	0.16291872	-0.13588016	0.119080186	-0.11410626	0.09768337	-0.108741425
0.168771	-0.14122236	0.1397818	-0.17534778	0.29514718	-0.14049393	0.13168044	-0.16654575	0.1731486	-0.48456386	0.11822824	-0.16122694	0.20819691	-0.5939446	0.9999985	-0.123377874	0.14389099	-0.17404334	0.26082146	-0.37740645	0.14779992	-0.13912484	0.1508512	-0.18510492	0.1893975	-0.11314746	0.13925375	-0.15007578	0.1406325	-0.156602	0.11785231	-0.10822015	0.09976468	-0.0905106	0.09680585
-0.19022384	0.14084768	-0.1277497	0.11265006	-0.10380426	0.2417461	-0.1714902	0.14999165	-0.11523721	0.07857835	-0.42097858	0.24973343	-0.22239345	0.14379276	-0.123377874	0.99999845	-0.5878991	0.24271268	-0.13746066	0.12713435	-0.52569586	0.23597078	-0.18581556	0.14611846	-0.13213865	0.15355772	-0.18985122	0.15975994	-0.12710461	0.12125801	-0.151345	0.11844754	-0.10844997	0.08291783	-0.090573594
0.1985917	-0.16051713	0.1429805	-0.13197662	0.118635245	-0.24125405	0.18440033	-0.17996442	0.13217211	-0.09202716	0.2462464	-0.31491846	0.26094103	-0.17796567	0.14389099	-0.5878991	0.99999815	-0.49926263	0.17083226	-0.16054225	0.29345796	-0.29333466	0.22977899	-0.18568368	0.15632014	-0.16165577	0.20429583	-0.20064808	0.15145288	-0.1475149	0.15342887	-0.13593723	0.12092553	-0.09682078	0.10354843
-0.19379327	0.15351184	-0.15228504	0.13989013	-0.13611124	0.18388252	-0.16762558	0.19906591	-0.14915152	0.10481357	-0.18309478	0.21631822	-0.5221426	0.21312818	-0.17404334	0.24271268	-0.49926263	0.9999979	-0.26841798	0.19739583	-0.26398718	0.24199347	-0.42793798	0.23164092	-0.19708103	0.15065028	-0.22030023	0.23092476	-0.18777227	0.16880052	-0.15587062	0.13991795	-0.1327162	0.10585056	-0.11690593
0.15161192	-0.1196744	0.11801437	-0.12832321	0.16388218	-0.1313608	0.11907191	-0.14407039	0.13569883	-0.13871518	0.11719963	-0.15065722	0.21734802	-0.44019917	0.26082146	-0.13746066	0.17083226	-0.26841798	0.9999982	-0.6538065	0.16471633	-0.17013595	0.21483286	-0.38798833	0.27454317	-0.11940981	0.16552675	-0.19735684	0.20034222	-0.21249774	0.12300415	-0.12419788	0.115862384	-0.109550916	0.117988795
-0.15113147	0.11452929	-0.114776105	0.12141284	-0.1974768	0.1242493	-0.11408636	0.13402422	-0.12843575	0.15994771	-0.11240656	0.1411589	-0.20686668	0.28509545	-0.37740645	0.12713435	-0.16054225	0.19739583	-0.6538065	0.99999803	-0.16267385	0.15733294	-0.1974707	0.26868507	-0.45146242	0.11666729	-0.16533269	0.18168077	-0.20519319	0.21869937	-0.12477944	0.12247987	-0.119180866	0.11087258	-0.12671626
0.20760173	-0.16044252	0.141042	-0.13179488	0.123259105	-0.24669425	0.17348048	-0.16983975	0.12996796	-0.09541165	0.23278722	-0.2597653	0.22650647	-0.17799476	0.14779992	-0.52569586	0.29345796	-0.26398718	0.16471633	-0.16267385	0.9999981	-0.5074987	0.23625378	-0.19734621	0.16830012	-0.28097117	0.26794022	-0.22887047	0.1681905	-0.16615888	0.21434417	-0.17613505	0.14800534	-0.11544211	0.12132969
-0.16883776	0.12402474	-0.115614176	0.10764912	-0.11221024	0.16336428	-0.13269146	0.13745542	-0.1097512	0.08548952	-0.16383433	0.18206427	-0.21622221	0.15927084	-0.13912484	0.23597078	-0.29333466	0.24199347	-0.17013595	0.15733294	-0.5074987	0.9999982	-0.41554222	0.21879868	-0.18907231	0.20688671	-0.55706894	0.27192065	-0.20154394	0.1748745	-0.19866234	0.19583958	-0.17805925	0.12279304	-0.13506044
0.15744841	-0.120897986	0.11400002	-0.10984085	0.116219014	-0.14876623	0.12579527	-0.14205877	0.11209949	-0.09092782	0.13827895	-0.16996281	0.23393567	-0.18332575	0.1508512	-0.18581556	0.22977899	-0.42793798	0.21483286	-0.1974707	0.23625378	-0.41554222	0.99999744	-0.46286762	0.23494224	-0.15873353	0.272482	-0.50260085	0.26607132	-0.22429124	0.15365286	-0.16778903	0.15360644	-0.12723593	0.13578609
-0.1501589	0.11174794	-0.10868925	0.107029006	-0.13257097	0.1298902	-0.114481375	0.12947963	-0.11186445	0.10309486	-0.12084659	0.147234	-0.21348855	0.2079154	-0.18510492	0.14611846	-0.18568368	0.23164092	-0.38798833	0.26868507	-0.19734621	0.21879868	-0.46286762	0.9999976	-0.4926126	0.13765045	-0.22727652	0.28722593	-0.45428517	0.28636402	-0.1432062	0.15240678	-0.14933395	0.13835093	-0.15714973
0.14352766	-0.10843566	0.103301965	-0.10509304	0.1308981	-0.12491222	0.10847285	-0.12324862	0.106964506	-0.10824525	0.1116534	-0.14177452	0.18266508	-0.21273716	0.1893975	-0.13213865	0.15632014	-0.19708103	0.27454317	-0.45146242	0.16830012	-0.18907231	0.23494224	-0.4926126	0.9999979	-0.13198958	0.1910614	-0.25501016	0.29077432	-0.54944986	0.13341719	-0.16079667	0.14846279	-0.17395434	0.1837126
-0.15920085	0.10515744	-0.09750202	0.08963895	-0.095480226	0.13059084	-0.107536405	0.11075476	-0.09050717	0.0712317	-0.12406857	0.14316805	-0.16163006	0.12537065	-0.11314746	0.15355772	-0.16165577	0.15065028	-0.11940981	0.11666729	-0.28097117	0.20688671	-0.15873353	0.13765045	-0.13198958	0.99999774	-0.32002643	0.17327794	-0.13526289	0.12929936	-0.82499325	0.18157646	-0.15907416	0.10466376	-0.11464737
0.1676724	-0.12382636	0.113276385	-0.10806683	0.11237227	-0.1570201	0.12709983	-0.13506855	0.108010024	-0.08691988	0.14277637	-0.1757466	0.19580859	-0.16353427	0.13925375	-0.18985122	0.20429583	-0.22030023	0.16552675	-0.16533269	0.26794022	-0.55706894	0.272482	-0.22727652	0.1910614	-0.32002643	0.9999977	-0.437614	0.22424269	-0.2111028	0.23370631	-0.37074313	0.23147233	-0.1589968	0.16078188
-0.15561165	0.11330376	-0.108559735	0.10295682	-0.116829604	0.13627785	-0.117484644	0.12880845	-0.10621661	0.089018114	-0.12874867	0.15360443	-0.21460925	0.16703579	-0.15007578	0.15975994	-0.20064808	0.23092476	-0.19735684	0.18168077	-0.22887047	0.27192065	-0.50260085	0.28722593	-0.25501016	0.17327794	-0.437614	0.9999977	-0.52092993	0.25841874	-0.17778164	0.20656466	-0.22231469	0.15562657	-0.17555864
0.13033682	-0.09682323	0.091841504	-0.0902123	0.10520717	-0.114584036	0.098349825	-0.109566964	0.0920346	-0.08271769	0.104369335	-0.12966561	0.16857696	-0.16339011	0.1406325	-0.12710461	0.15145288	-0.18777227	0.20034222	-0.20519319	0.1681905	-0.20154394	0.26607132	-0.45428517	0.29077432	-0.13526289	0.22424269	-0.52092993	0.99999774	-0.5638698	0.13422802	-0.1725365	0.16308075	-0.18822733	0.19244587
-0.13293412	0.09623377	-0.09281682	0.09076457	-0.11531814	0.11162547	-0.09768052	0.10850165	-0.09360551	0.08848931	-0.10281297	0.12578152	-0.16972868	0.16291872	-0.156602	0.12125801	-0.1475149	0.16880052	-0.21249774	0.21869937	-0.16615888	0.1748745	-0.22429124	0.28636402	-0.54944986	0.12929936	-0.2111028	0.25841874	-0.5638698	0.99999756	-0.13807194	0.1720935	-0.1822916	0.21742564	-0.3475169
0.170638	-0.11614199	0.104321204	-0.09804048	0.09999815	-0.14340076	0.115503505	-0.12004422	0.096592665	-0.07606835	0.12568761	-0.1581993	0.16199555	-0.13588016	0.11785231	-0.151345	0.15342887	-0.15587062	0.12300415	-0.12477944	0.21434417	-0.19866234	0.15365286	-0.1432062	0.13341719	-0.82499325	0.23370631	-0.17778164	0.13422802	-0.13807194	0.999997	-0.21835525	0.15844662	-0.113197826	0.116225466
-0.12527892	0.08761325	-0.08211149	0.077658676	-0.08770397	0.105929144	-0.08923628	0.095156424	-0.078720674	0.0662059	-0.09794689	0.11815534	-0.14248228	0.119080186	-0.10822015	0.11844754	-0.13593723	0.13991795	-0.12419788	0.12247987	-0.17613505	0.19583958	-0.16778903	0.15240678	-0.16079667	0.18157646	-0.37074313	0.20656466	-0.1725365	0.1720935	-0.21835525	0.99999666	-0.7648265	0.24010538	-0.27142152
0.115784325	-0.08305267	0.07659903	-0.07351543	0.08038949	-0.10059347	0.08363136	-0.08985877	0.07356612	-0.06191202	0.09000159	-0.11269633	0.12938744	-0.11410626	0.09976468	-0.10844997	0.12092553	-0.1327162	0.115862384	-0.119180866	0.14800534	-0.17805925	0.15360644	-0.14933395	0.14846279	-0.15907416	0.23147233	-0.22231469	0.16308075	-0.1822916	0.15844662	-0.7648265	0.9999968	-0.41075346	0.2521099
-0.09233799	0.06542321	-0.06187399	0.059543572	-0.07092775	0.077198744	-0.06611157	0.071874	-0.06058161	0.053922966	-0.070401534	0.086552724	-0.108067624	0.09768337	-0.0905106	0.08291783	-0.09682078	0.10585056	-0.109550916	0.11087258	-0.11544211	0.12279304	-0.12723593	0.13835093	-0.17395434	0.10466376	-0.1589968	0.15562657	-0.18822733	0.21742564	-0.113197826	0.24010538	-0.41075346	0.99999684	-0.8039524
0.100349255	-0.07232085	0.0675236	-0.06562484	0.07560745	-0.08575082	0.072583266	-0.079161845	0.066101804	-0.058615144	0.07674362	-0.09638115	0.11550471	-0.108741425	0.09680585	-0.090573594	0.10354843	-0.11690593	0.117988795	-0.12671626	0.12132969	-0.13506044	0.13578609	-0.15714973	0.1837126	-0.11464737	0.16078188	-0.17555864	0.19244587	-0.3475169	0.116225466	-0.27142152	0.2521099	-0.8039524	0.99999684
