1.0000001	-0.25379443	0.066541776	-0.06766739	0.049185712	-0.81888616	0.19748846	-0.06611768	0.07119321	-0.044211235	0.28091133	-0.3150076	0.16240114	-0.07644588	0.07267634	-0.15170874	0.13413976	-0.11895696	0.10427813	-0.07758081	0.106459856	-0.07697145	0.084397346	-0.11245552	0.07287453	-0.12635517	0.06236705	-0.06989033	0.06332949	-0.05909266	0.057948235	-0.04975371	0.059745785	-0.055295996	0.084395856
-0.25379443	1.0000005	-0.113007724	0.08851236	-0.05489677	0.18268655	-0.89328766	0.11191749	-0.10479018	0.04909386	-0.20603986	0.21487626	-0.15542501	0.072647564	-0.071478374	0.10006803	-0.10754034	0.09506605	-0.090284966	0.062122215	-0.08002808	0.058849633	-0.06707675	0.084471576	-0.05944238	0.08470531	-0.048565425	0.053736016	-0.04967607	0.046036214	-0.0447973	0.03787764	-0.04675727	0.042614944	-0.06683171
0.066541776	-0.113007724	1.0000005	-0.5834798	0.16381884	-0.053938527	0.10315941	-0.68395966	0.32525453	-0.15854926	0.077520326	-0.09539065	0.1547903	-0.15094253	0.13883778	-0.06749146	0.07286618	-0.10408575	0.109134	-0.08055352	0.06216705	-0.06097014	0.0708886	-0.101931415	0.0717355	-0.07336398	0.05054325	-0.058679946	0.055809755	-0.053012412	0.04625654	-0.03956403	0.051093448	-0.047450755	0.0748632
-0.06766739	0.08851236	-0.5834798	1.0000004	-0.34432718	0.052852076	-0.08679077	0.31198815	-0.5864512	0.22552113	-0.080038935	0.092306234	-0.16594678	0.18987668	-0.2107772	0.07049204	-0.07814982	0.11071301	-0.13156919	0.09176465	-0.066805355	0.06553499	-0.07774451	0.10898284	-0.08322892	0.07662305	-0.055167466	0.06362474	-0.061727162	0.058498576	-0.050656468	0.042951196	-0.05631777	0.05183673	-0.08352254
0.049185712	-0.05489677	0.16381884	-0.34432718	1.0000002	-0.03861629	0.05144863	-0.14193268	0.21298163	-0.8273247	0.06045499	-0.070251144	0.12200089	-0.24504124	0.24361652	-0.05962725	0.06544524	-0.099005856	0.12202411	-0.09409	0.057001233	-0.059587136	0.069946684	-0.10604797	0.078327596	-0.06771061	0.04975209	-0.058324046	0.056646015	-0.054560263	0.045292307	-0.038801856	0.050808795	-0.047456734	0.075112574
-0.81888616	0.18268655	-0.053938527	0.052852076	-0.03861629	1.0000002	-0.20091632	0.0539533	-0.057316024	0.034578186	-0.43687582	0.24567603	-0.13622446	0.05964824	-0.05720158	0.1303868	-0.1197277	0.09423891	-0.083393715	0.059299856	-0.08888047	0.05981835	-0.0661039	0.08414586	-0.056195684	0.096149184	-0.048487432	0.053516492	-0.048409116	0.044912037	-0.04466833	0.038134545	-0.04568051	0.041968074	-0.064311214
0.19748846	-0.89328766	0.10315941	-0.08679077	0.05144863	-0.20091632	1.0000001	-0.122324176	0.09813158	-0.046730116	0.18783697	-0.2805257	0.14300215	-0.06933889	0.06650137	-0.097479776	0.10100377	-0.09166984	0.08408372	-0.0594629	0.07471346	-0.05643911	0.063557155	-0.081940666	0.056102183	-0.0823724	0.046123184	-0.051410574	0.04718778	-0.043903958	0.04242909	-0.036118537	0.044308167	-0.040651947	0.0631246
-0.06611768	0.11191749	-0.68395966	0.31198815	-0.14193268	0.0539533	-0.122324176	0.9999999	-0.6005269	0.13172536	-0.07761132	0.0964253	-0.18620728	0.14305818	-0.1346259	0.06512076	-0.07090786	0.10368583	-0.10648582	0.07432217	-0.058164407	0.056874365	-0.066731386	0.092353895	-0.06644979	0.06778756	-0.04681252	0.05414639	-0.051083602	0.048383545	-0.04245705	0.03633559	-0.04665655	0.043233033	-0.068015225
0.07119321	-0.10479018	0.32525453	-0.5864512	0.21298163	-0.057316024	0.09813158	-0.6005269	0.99999964	-0.24191783	0.08485486	-0.10302747	0.17314015	-0.25395322	0.198008	-0.077190556	0.08387786	-0.1236782	0.13937084	-0.10030399	0.07165953	-0.07178693	0.083895266	-0.12154314	0.087611444	-0.084648274	0.059575107	-0.069333345	0.06630086	-0.06319354	0.05435979	-0.046511684	0.060302246	-0.0560565	0.08858045
-0.044211235	0.04909386	-0.15854926	0.22552113	-0.8273247	0.034578186	-0.046730116	0.13172536	-0.24191783	0.99999976	-0.05442086	0.06280976	-0.113523215	0.22114511	-0.37616172	0.052910037	-0.058706246	0.08909522	-0.11560177	0.08481554	-0.05019646	0.05227171	-0.062005233	0.09121635	-0.072050504	0.05879028	-0.04376506	0.051074725	-0.049910553	0.047964834	-0.039742313	0.033942025	-0.044589154	0.041450698	-0.06619591
0.28091133	-0.20603986	0.077520326	-0.080038935	0.06045499	-0.43687582	0.18783697	-0.07761132	0.08485486	-0.05442086	0.9999998	-0.6748002	0.22932032	-0.098682106	0.09209464	-0.31721643	0.22642656	-0.1706264	0.13958603	-0.10051176	0.15493044	-0.1049408	0.11328056	-0.14324537	0.09369383	-0.172467	0.083039485	-0.09156219	0.081269175	-0.07550131	0.07556529	-0.06504207	0.076442316	-0.07057921	0.10647925
-0.3150076	0.21487626	-0.09539065	0.092306234	-0.070251144	0.24567603	-0.2805257	0.0964253	-0.10302747	0.06280976	-0.6748002	0.99999946	-0.38778317	0.113824815	-0.107882574	0.22957534	-0.27865332	0.19537376	-0.16509463	0.109247595	-0.15602605	0.11187476	-0.1260908	0.14915897	-0.1033104	0.15924384	-0.08958951	0.09739791	-0.08719393	0.08042515	-0.07994179	0.06810441	-0.08166281	0.07453985	-0.11413874
0.16240114	-0.15542501	0.1547903	-0.16594678	0.12200089	-0.13622446	0.14300215	-0.18620728	0.17314015	-0.113523215	0.22932032	-0.38778317	0.9999991	-0.24170952	0.19126794	-0.22702585	0.23675695	-0.5185666	0.2871514	-0.21213783	0.17726855	-0.18976387	0.21656026	-0.28636107	0.18262929	-0.21692692	0.14610009	-0.17222486	0.1510214	-0.14299504	0.12741695	-0.111736685	0.13763386	-0.12946247	0.19339338
-0.07644588	0.072647564	-0.15094253	0.18987668	-0.24504124	0.05964824	-0.06933889	0.14305818	-0.25395322	0.22114511	-0.098682106	0.113824815	-0.24170952	0.99999917	-0.7491213	0.10108573	-0.116300486	0.19716619	-0.37378097	0.17338075	-0.091436155	0.09900811	-0.12145527	0.16613679	-0.14643182	0.10510497	-0.08195829	0.09527175	-0.092843994	0.08913502	-0.07263422	0.06212833	-0.08137061	0.0753617	-0.12045447
0.07267634	-0.071478374	0.13883778	-0.2107772	0.24361652	-0.05720158	0.06650137	-0.1346259	0.198008	-0.37616172	0.09209464	-0.107882574	0.19126794	-0.7491213	0.9999992	-0.09714255	0.106737375	-0.17712127	0.23201981	-0.18930924	0.090328485	-0.099099115	0.11685112	-0.17896305	0.14138235	-0.10800101	0.08186997	-0.09670852	0.094121516	-0.091801375	0.07335675	-0.06322473	0.08262395	-0.07761847	0.12201374
-0.15170874	0.10006803	-0.06749146	0.07049204	-0.05962725	0.1303868	-0.097479776	0.06512076	-0.077190556	0.052910037	-0.31721643	0.22957534	-0.22702585	0.10108573	-0.09714255	0.9999993	-0.74740535	0.21444389	-0.17777643	0.10829685	-0.37542242	0.13984433	-0.14700352	0.14968704	-0.10489253	0.24904373	-0.108962275	0.108187415	-0.092624344	0.08346036	-0.0944915	0.07988404	-0.08806642	0.079114996	-0.11801934
0.13413976	-0.10754034	0.07286618	-0.07814982	0.06544524	-0.1197277	0.10100377	-0.07090786	0.08387786	-0.058706246	0.22642656	-0.27865332	0.23675695	-0.116300486	0.106737375	-0.74740535	0.9999991	-0.34397563	0.19709677	-0.12806913	0.23544997	-0.19357596	0.17381902	-0.17976083	0.11851788	-0.2685318	0.12774931	-0.13000137	0.10593054	-0.09633361	0.105077736	-0.09232071	0.09951863	-0.09092676	0.13168266
-0.11895696	0.09506605	-0.10408575	0.11071301	-0.099005856	0.09423891	-0.09166984	0.10368583	-0.1236782	0.08909522	-0.1706264	0.19537376	-0.5185666	0.19716619	-0.17712127	0.21444389	-0.34397563	0.999999	-0.5716994	0.20566541	-0.1589454	0.19284225	-0.31589386	0.24024074	-0.18843786	0.17062604	-0.14660369	0.16494396	-0.14011589	0.12768318	-0.11605598	0.10058869	-0.12439738	0.11279187	-0.17040169
0.10427813	-0.090284966	0.109134	-0.13156919	0.12202411	-0.083393715	0.08408372	-0.10648582	0.13937084	-0.11560177	0.13958603	-0.16509463	0.2871514	-0.37378097	0.23201981	-0.17777643	0.19709677	-0.5716994	0.9999989	-0.40738878	0.1412714	-0.17481105	0.21165097	-0.29857555	0.24449876	-0.16816804	0.13594836	-0.16242206	0.15113339	-0.14830403	0.11507531	-0.10074045	0.12851292	-0.121118136	0.18561748
-0.07758081	0.062122215	-0.08055352	0.09176465	-0.09409	0.059299856	-0.0594629	0.07432217	-0.10030399	0.08481554	-0.10051176	0.109247595	-0.21213783	0.17338075	-0.18930924	0.10829685	-0.12806913	0.20566541	-0.40738878	0.9999989	-0.10456939	0.13281985	-0.17156331	0.25847	-0.76164615	0.116699636	-0.12028977	0.14303838	-0.18043415	0.18794861	-0.10515166	0.088640004	-0.12895133	0.11989285	-0.21944429
0.106459856	-0.08002808	0.06216705	-0.066805355	0.057001233	-0.08888047	0.07471346	-0.058164407	0.07165953	-0.05019646	0.15493044	-0.15602605	0.17726855	-0.091436155	0.090328485	-0.37542242	0.23544997	-0.1589454	0.1412714	-0.10456939	0.999999	-0.13280316	0.1314651	-0.1600174	0.10278848	-0.8285702	0.1117366	-0.115510285	0.09839359	-0.08972812	0.12693371	-0.10825436	0.09943973	-0.09104906	0.12958157
-0.07697145	0.058849633	-0.06097014	0.06553499	-0.059587136	0.05981835	-0.05643911	0.056874365	-0.07178693	0.05227171	-0.1049408	0.11187476	-0.18976387	0.09900811	-0.099099115	0.13984433	-0.19357596	0.19284225	-0.17481105	0.13281985	-0.13280316	0.99999887	-0.5986504	0.2511679	-0.14446568	0.14284506	-0.591306	0.29829666	-0.19551848	0.15312585	-0.22735894	0.19781247	-0.18528159	0.15379438	-0.20317641
0.084397346	-0.06707675	0.0708886	-0.07774451	0.069946684	-0.0661039	0.063557155	-0.066731386	0.083895266	-0.062005233	0.11328056	-0.1260908	0.21656026	-0.12145527	0.11685112	-0.14700352	0.17381902	-0.31589386	0.21165097	-0.17156331	0.1314651	-0.5986504	0.9999989	-0.444055	0.17849872	-0.15179521	0.2909703	-0.41375536	0.21463966	-0.18262622	0.17410657	-0.167336	0.18681847	-0.1719564	0.21635978
-0.11245552	0.084471576	-0.101931415	0.10898284	-0.10604797	0.08414586	-0.081940666	0.092353895	-0.12154314	0.09121635	-0.14324537	0.14915897	-0.28636107	0.16613679	-0.17896305	0.14968704	-0.17976083	0.24024074	-0.29857555	0.25847	-0.1600174	0.2511679	-0.444055	0.9999988	-0.39284402	0.17044196	-0.24210592	0.26606524	-0.35772198	0.25914285	-0.20597577	0.1656421	-0.2454656	0.20995033	-0.3802153
0.07287453	-0.05944238	0.0717355	-0.08322892	0.078327596	-0.056195684	0.056102183	-0.06644979	0.087611444	-0.072050504	0.09369383	-0.1033104	0.18262929	-0.14643182	0.14138235	-0.10489253	0.11851788	-0.18843786	0.24449876	-0.76164615	0.10278848	-0.14446568	0.17849872	-0.39284402	0.9999989	-0.11990183	0.12784669	-0.16161041	0.20329073	-0.28115797	0.108642675	-0.09429288	0.13467933	-0.13250536	0.2210457
-0.12635517	0.08470531	-0.07336398	0.07662305	-0.06771061	0.096149184	-0.0823724	0.06778756	-0.084648274	0.05879028	-0.172467	0.15924384	-0.21692692	0.10510497	-0.10800101	0.24904373	-0.2685318	0.17062604	-0.16816804	0.116699636	-0.8285702	0.14284506	-0.15179521	0.17044196	-0.11990183	0.99999875	-0.13464366	0.13085869	-0.11616354	0.103717834	-0.17633884	0.12806562	-0.1210403	0.10566509	-0.15855448
0.06236705	-0.048565425	0.05054325	-0.055167466	0.04975209	-0.048487432	0.046123184	-0.04681252	0.059575107	-0.04376506	0.083039485	-0.08958951	0.14610009	-0.08195829	0.08186997	-0.108962275	0.12774931	-0.14660369	0.13594836	-0.12028977	0.1117366	-0.591306	0.2909703	-0.24210592	0.12784669	-0.13464366	0.9999988	-0.56375426	0.20323704	-0.1681896	0.24251905	-0.34480888	0.19620888	-0.17414434	0.18686719
-0.06989033	0.053736016	-0.058679946	0.06362474	-0.058324046	0.053516492	-0.051410574	0.05414639	-0.069333345	0.051074725	-0.09156219	0.09739791	-0.17222486	0.09527175	-0.09670852	0.108187415	-0.13000137	0.16494396	-0.16242206	0.14303838	-0.115510285	0.29829666	-0.41375536	0.26606524	-0.16161041	0.13085869	-0.56375426	0.99999905	-0.41325065	0.23182139	-0.22920942	0.20782772	-0.33179155	0.22879586	-0.27190322
0.06332949	-0.04967607	0.055809755	-0.061727162	0.056646015	-0.048409116	0.04718778	-0.051083602	0.06630086	-0.049910553	0.081269175	-0.08719393	0.1510214	-0.092843994	0.094121516	-0.092624344	0.10593054	-0.14011589	0.15113339	-0.18043415	0.09839359	-0.19551848	0.21463966	-0.35772198	0.20329073	-0.11616354	0.20323704	-0.41325065	0.9999991	-0.6891813	0.14365308	-0.13574143	0.21150684	-0.25409907	0.30227593
-0.05909266	0.046036214	-0.053012412	0.058498576	-0.054560263	0.044912037	-0.043903958	0.048383545	-0.06319354	0.047964834	-0.07550131	0.08042515	-0.14299504	0.08913502	-0.091801375	0.08346036	-0.09633361	0.12768318	-0.14830403	0.18794861	-0.08972812	0.15312585	-0.18262622	0.25914285	-0.28115797	0.103717834	-0.1681896	0.23182139	-0.6891813	0.99999905	-0.12920782	0.11396912	-0.19671345	0.20617095	-0.5289656
0.057948235	-0.0447973	0.04625654	-0.050656468	0.045292307	-0.04466833	0.04242909	-0.04245705	0.05435979	-0.039742313	0.07556529	-0.07994179	0.12741695	-0.07263422	0.07335675	-0.0944915	0.105077736	-0.11605598	0.11507531	-0.10515166	0.12693371	-0.22735894	0.17410657	-0.20597577	0.108642675	-0.17633884	0.24251905	-0.22920942	0.14365308	-0.12920782	0.99999905	-0.8463268	0.19610985	-0.19180773	0.162867
-0.04975371	0.03787764	-0.03956403	0.042951196	-0.038801856	0.038134545	-0.036118537	0.03633559	-0.046511684	0.033942025	-0.06504207	0.06810441	-0.111736685	0.06212833	-0.06322473	0.07988404	-0.09232071	0.10058869	-0.10074045	0.088640004	-0.10825436	0.19781247	-0.167336	0.1656421	-0.09429288	0.12806562	-0.34480888	0.20782772	-0.13574143	0.11396912	-0.8463268	0.99999917	-0.2335725	0.16894786	-0.1528382
0.059745785	-0.04675727	0.051093448	-0.05631777	0.050808795	-0.04568051	0.044308167	-0.04665655	0.060302246	-0.044589154	0.076442316	-0.08166281	0.13763386	-0.08137061	0.08262395	-0.08806642	0.09951863	-0.12439738	0.12851292	-0.12895133	0.09943973	-0.18528159	0.18681847	-0.2454656	0.13467933	-0.1210403	0.19620888	-0.33179155	0.21150684	-0.19671345	0.19610985	-0.2335725	0.9999992	-0.7848836	0.26607957
-0.055295996	0.042614944	-0.047450755	0.05183673	-0.047456734	0.041968074	-0.040651947	0.043233033	-0.0560565	0.041450698	-0.07057921	0.07453985	-0.12946247	0.0753617	-0.07761847	0.079114996	-0.09092676	0.11279187	-0.121118136	0.11989285	-0.09104906	0.15379438	-0.1719564	0.20995033	-0.13250536	0.10566509	-0.17414434	0.22879586	-0.25409907	0.20617095	-0.19180773	0.16894786	-0.7848836	0.9999993	-0.41979352
0.084395856	-0.06683171	0.0748632	-0.08352254	0.075112574	-0.064311214	0.0631246	-0.068015225	0.08858045	-0.06619591	0.10647925	-0.11413874	0.19339338	-0.12045447	0.12201374	-0.11801934	0.13168266	-0.17040169	0.18561748	-0.21944429	0.12958157	-0.20317641	0.21635978	-0.3802153	0.2210457	-0.15855448	0.18686719	-0.27190322	0.30227593	-0.5289656	0.162867	-0.1528382	0.26607957	-0.41979352	0.9999993
