1.0	-0.43872154	0.19251122	-0.1513301	0.10891808	-0.4002895	0.2653026	-0.21919249	0.19382095	-0.10254001	0.22785093	-0.28398317	0.20730875	-0.1632756	0.19365487	-0.31575412	0.24001378	-0.17966561	0.21787931	-0.13998224	0.13260153	-0.084952615	0.13147451	-0.117631815	0.12576304	-0.08767253	0.07851191	-0.1500807	0.10860807	-0.13337164	0.15005054	-0.10230554	0.10664978	-0.04908777	0.045795996
-0.43872154	0.9999997	-0.2748107	0.17141227	-0.1121519	0.23010145	-0.7138453	0.2622227	-0.21853474	0.10211085	-0.17541325	0.23342483	-0.22688219	0.16275811	-0.18929005	0.20228364	-0.20922926	0.16413435	-0.20164116	0.117707945	-0.0943284	0.062921375	-0.10983479	0.0952225	-0.10583499	0.0618319	-0.058720045	0.10807953	-0.084317885	0.1016702	-0.107791536	0.0731118	-0.077915594	0.036295585	-0.03419535
0.19251122	-0.2748107	0.99999946	-0.65891385	0.17097354	-0.18694457	0.2201516	-0.46209592	0.29558948	-0.17287266	0.1344266	-0.19719233	0.23672919	-0.2244568	0.20164423	-0.1857564	0.1683828	-0.16893938	0.17978263	-0.12731996	0.08422254	-0.06099855	0.10551763	-0.096205756	0.105645314	-0.056337994	0.055925637	-0.110575944	0.08433895	-0.106526464	0.09722144	-0.07069628	0.07429374	-0.03707102	0.034497287
-0.1513301	0.17141227	-0.65891385	0.99999964	-0.2640299	0.1390179	-0.16050887	0.24357069	-0.5541978	0.19828826	-0.102895774	0.14730296	-0.19675279	0.22508423	-0.22057706	0.14182244	-0.13491274	0.13337949	-0.15371661	0.11113009	-0.06793769	0.049086545	-0.08796888	0.07896498	-0.09363954	0.045265645	-0.04532354	0.08865278	-0.069907114	0.08733134	-0.078941695	0.05682429	-0.060419105	0.030124154	-0.028217366
0.10891808	-0.1121519	0.17097354	-0.2640299	0.9999999	-0.106584206	0.09800378	-0.13621859	0.19385147	-0.8915238	0.07590194	-0.107677765	0.12024471	-0.17000769	0.2014388	-0.11082256	0.09776658	-0.09513344	0.10932372	-0.09833739	0.05417149	-0.03964025	0.06815522	-0.06323925	0.07808117	-0.03630272	0.0364412	-0.07393238	0.05744331	-0.07378451	0.06334763	-0.04654436	0.049251247	-0.02523002	0.023517672
-0.4002895	0.23010145	-0.18694457	0.1390179	-0.106584206	1.0	-0.2883066	0.20205514	-0.19587263	0.09689231	-0.65561527	0.30910605	-0.23062314	0.16059113	-0.19995634	0.29476276	-0.30757874	0.1896897	-0.2453895	0.1327149	-0.13029209	0.07827458	-0.13154867	0.11186585	-0.1232041	0.08319751	-0.07383825	0.12906949	-0.10031362	0.11831633	-0.14383356	0.09191791	-0.09811878	0.043094013	-0.040824596
0.2653026	-0.7138453	0.2201516	-0.16050887	0.09800378	-0.2883066	0.99999994	-0.4093939	0.18804702	-0.092998765	0.19492501	-0.32586405	0.23480073	-0.15707779	0.16713126	-0.21540163	0.20719397	-0.16935706	0.18639305	-0.11088194	0.08830281	-0.060102243	0.10375844	-0.091506794	0.09746504	-0.05834076	0.05555121	-0.10334688	0.07945263	-0.09696957	0.0996304	-0.06906259	0.07283028	-0.034425247	0.03226865
-0.21919249	0.2622227	-0.46209592	0.24357069	-0.13621859	0.20205514	-0.4093939	0.99999994	-0.3106766	0.12681678	-0.16179581	0.23904094	-0.5592208	0.23025556	-0.23004538	0.2002817	-0.216337	0.2285169	-0.25125408	0.13675322	-0.091634355	0.066342	-0.12818797	0.10984658	-0.11870839	0.06074781	-0.06140819	0.11477324	-0.092163585	0.11206018	-0.10540276	0.07468273	-0.07965346	0.038785595	-0.03645761
0.19382095	-0.21853474	0.29558948	-0.5541978	0.19385147	-0.19587263	0.18804702	-0.3106766	1.0000001	-0.21906015	0.13967101	-0.20315184	0.24148501	-0.5067321	0.28253508	-0.20080337	0.17705414	-0.17957272	0.19438626	-0.15854073	0.09372569	-0.0687501	0.11810376	-0.10933174	0.12656993	-0.062882945	0.062968075	-0.1270869	0.09735538	-0.12476485	0.108899616	-0.08017733	0.084346786	-0.04289944	0.03988279
-0.10254001	0.10211085	-0.17287266	0.19828826	-0.8915238	0.09689231	-0.092998765	0.12681678	-0.21906015	0.9999999	-0.07043992	0.09965729	-0.11977787	0.17095424	-0.27290845	0.10145603	-0.093265615	0.09152882	-0.10864169	0.09841047	-0.05127268	0.037300725	-0.06652847	0.06077044	-0.08066472	0.034216397	-0.03451064	0.06887724	-0.055387035	0.06999597	-0.060167287	0.043631453	-0.046695106	0.023773246	-0.022327473
0.22785093	-0.17541325	0.1344266	-0.102895774	0.07590194	-0.65561527	0.19492501	-0.16179581	0.13967101	-0.07043992	0.9999997	-0.5206984	0.18657315	-0.122459315	0.14260732	-0.4356314	0.27541918	-0.15719007	0.18165009	-0.09955008	0.10111516	-0.0607326	0.0991392	-0.08572093	0.09030947	-0.065948665	0.056421295	-0.09863189	0.07519116	-0.089862004	0.10526196	-0.06964759	0.07269043	-0.03247645	0.030572778
-0.28398317	0.23342483	-0.19719233	0.14730296	-0.107677765	0.30910605	-0.32586405	0.23904094	-0.20315184	0.09965729	-0.5206984	0.99999976	-0.35579675	0.1798471	-0.20695949	0.31304476	-0.49468833	0.23665442	-0.26623255	0.13798141	-0.11913085	0.08011708	-0.13920015	0.11836279	-0.12458515	0.077624224	-0.07454394	0.12851131	-0.1010447	0.12033919	-0.13121596	0.08845075	-0.093667515	0.04281069	-0.04038585
0.20730875	-0.22688219	0.23672919	-0.19675279	0.12024471	-0.23062314	0.23480073	-0.5592208	0.24148501	-0.11977787	0.18657315	-0.35579675	0.99999964	-0.34647575	0.23925753	-0.24040909	0.25018504	-0.45042297	0.2789766	-0.15856728	0.100912556	-0.07686471	0.15278068	-0.1356482	0.13145608	-0.06755126	0.06999312	-0.1327977	0.10580578	-0.13054977	0.1155163	-0.0843953	0.089194715	-0.04443537	0.041512117
-0.1632756	0.16275811	-0.2244568	0.22508423	-0.17000769	0.16059113	-0.15707779	0.23025556	-0.5067321	0.17095424	-0.122459315	0.1798471	-0.34647575	0.99999976	-0.65408003	0.17050624	-0.16776249	0.18518189	-0.21362984	0.17853196	-0.08491309	0.06287033	-0.11989411	0.10744308	-0.14748666	0.056634773	-0.0582396	0.11439531	-0.095369436	0.11906285	-0.09955926	0.07221015	-0.0778684	0.039713316	-0.037489124
0.19365487	-0.18929005	0.20164423	-0.22057706	0.2014388	-0.19995634	0.16713126	-0.23004538	0.28253508	-0.27290845	0.14260732	-0.20695949	0.23925753	-0.65408003	0.9999996	-0.2122452	0.18510751	-0.19578604	0.21783368	-0.3208463	0.10713643	-0.081055	0.1438162	-0.13809581	0.19774966	-0.0721281	0.074458	-0.1554587	0.12620367	-0.16807769	0.12650295	-0.09497779	0.10142846	-0.054292936	0.050718993
-0.31575412	0.20228364	-0.1857564	0.14182244	-0.11082256	0.29476276	-0.21540163	0.2002817	-0.20080337	0.10145603	-0.4356314	0.31304476	-0.24040909	0.17050624	-0.2122452	0.9999993	-0.5967517	0.24093746	-0.30271763	0.15461595	-0.21326087	0.103803225	-0.16081804	0.1362655	-0.14369231	0.12720884	-0.09756503	0.16173443	-0.12185376	0.14311752	-0.19473578	0.120896615	-0.12506889	0.05269553	-0.049781244
0.24001378	-0.20922926	0.1683828	-0.13491274	0.09776658	-0.30757874	0.20719397	-0.216337	0.17705414	-0.093265615	0.27541918	-0.49468833	0.25018504	-0.16776249	0.18510751	-0.5967517	0.99999917	-0.38255134	0.27468252	-0.15135652	0.1376341	-0.10538803	0.15878515	-0.14266285	0.13165143	-0.09314684	0.09214448	-0.15374169	0.11516213	-0.14033623	0.14446773	-0.104351774	0.10632806	-0.04958338	0.046210032
-0.17966561	0.16413435	-0.16893938	0.13337949	-0.09513344	0.1896897	-0.16935706	0.2285169	-0.17957272	0.09152882	-0.15719007	0.23665442	-0.45042297	0.18518189	-0.19578604	0.24093746	-0.38255134	0.9999991	-0.6568342	0.17629878	-0.10453536	0.08919789	-0.26997283	0.18632303	-0.15305388	0.070076	-0.081356354	0.1430937	-0.12551358	0.14557952	-0.12062263	0.08937529	-0.09622694	0.04803622	-0.04525627
0.21787931	-0.20164116	0.17978263	-0.15371661	0.10932372	-0.2453895	0.18639305	-0.25125408	0.19438626	-0.10864169	0.18165009	-0.26623255	0.2789766	-0.21362984	0.21783368	-0.30271763	0.27468252	-0.6568342	0.9999993	-0.28662553	0.12865204	-0.10573591	0.2173775	-0.21586907	0.19845897	-0.087411754	0.095121525	-0.18859787	0.15470424	-0.1972312	0.14918046	-0.11437324	0.120963104	-0.06414255	0.059589416
-0.13998224	0.117707945	-0.12731996	0.11113009	-0.09833739	0.1327149	-0.11088194	0.13675322	-0.15854073	0.09841047	-0.09955008	0.13798141	-0.15856728	0.17853196	-0.3208463	0.15461595	-0.15135652	0.17629878	-0.28662553	0.9999988	-0.1160183	0.08804697	-0.20924766	0.19186091	-0.7667207	0.07665751	-0.08514382	0.1691116	-0.19944417	0.23910584	-0.14420898	0.102598704	-0.1224905	0.06762976	-0.0682778
0.13260153	-0.0943284	0.08422254	-0.06793769	0.05417149	-0.13029209	0.08830281	-0.091634355	0.09372569	-0.05127268	0.10111516	-0.11913085	0.100912556	-0.08491309	0.10713643	-0.21326087	0.1376341	-0.10453536	0.12865204	-0.1160183	0.9999988	-0.1685538	0.117229104	-0.11361068	0.10517729	-0.7807268	0.14090528	-0.24366464	0.12627688	-0.15913463	0.30400276	-0.23245665	0.16735876	-0.06369226	0.05703537
-0.084952615	0.062921375	-0.06099855	0.049086545	-0.03964025	0.07827458	-0.060102243	0.066342	-0.0687501	0.037300725	-0.0607326	0.08011708	-0.07686471	0.06287033	-0.081055	0.103803225	-0.10538803	0.08919789	-0.10573591	0.08804697	-0.1685538	0.9999987	-0.1834812	0.13313028	-0.0883807	0.120324716	-0.8979757	0.18224533	-0.115977995	0.116011456	-0.19959138	0.19525325	-0.18181235	0.048052747	-0.046037864
0.13147451	-0.10983479	0.10551763	-0.08796888	0.06815522	-0.13154867	0.10375844	-0.12818797	0.11810376	-0.06652847	0.0991392	-0.13920015	0.15278068	-0.11989411	0.1438162	-0.16081804	0.15878515	-0.26997283	0.2173775	-0.20924766	0.117229104	-0.1834812	0.99999887	-0.78718555	0.20003752	-0.08137989	0.14487302	-0.24388215	0.24581453	-0.2613289	0.14607011	-0.12665185	0.13954075	-0.07493816	0.07017658
-0.117631815	0.0952225	-0.096205756	0.07896498	-0.06323925	0.11186585	-0.091506794	0.10984658	-0.10933174	0.06077044	-0.08572093	0.11836279	-0.1356482	0.10744308	-0.13809581	0.1362655	-0.14266285	0.18632303	-0.21586907	0.19186091	-0.11361068	0.13313028	-0.78718555	0.99999905	-0.25154492	0.0770402	-0.12931505	0.21243702	-0.37560758	0.24599877	-0.14349551	0.11434	-0.13724142	0.069930226	-0.0685069
0.12576304	-0.10583499	0.105645314	-0.09363954	0.07808117	-0.1232041	0.09746504	-0.11870839	0.12656993	-0.08066472	0.09030947	-0.12458515	0.13145608	-0.14748666	0.19774966	-0.14369231	0.13165143	-0.15305388	0.19845897	-0.7667207	0.10517729	-0.0883807	0.20003752	-0.25154492	0.99999917	-0.070944756	0.0835196	-0.19112618	0.2191732	-0.3991364	0.1317101	-0.102709785	0.12012363	-0.079655804	0.077388704
-0.08767253	0.0618319	-0.056337994	0.045265645	-0.03630272	0.08319751	-0.05834076	0.06074781	-0.062882945	0.034216397	-0.065948665	0.077624224	-0.06755126	0.056634773	-0.0721281	0.12720884	-0.09314684	0.070076	-0.087411754	0.07665751	-0.7807268	0.120324716	-0.08137989	0.0770402	-0.070944756	0.9999991	-0.117167376	0.16390309	-0.08651975	0.10484727	-0.515884	0.18622893	-0.14224881	0.04403929	-0.04004556
0.07851191	-0.058720045	0.055925637	-0.04532354	0.0364412	-0.07383825	0.05555121	-0.06140819	0.062968075	-0.03451064	0.056421295	-0.07454394	0.06999312	-0.0582396	0.074458	-0.09756503	0.09214448	-0.081356354	0.095121525	-0.08514382	0.14090528	-0.8979757	0.14487302	-0.12931505	0.0835196	-0.117167376	0.99999887	-0.21509849	0.11366457	-0.1181315	0.17578657	-0.25326824	0.17733516	-0.047996253	0.0451309
-0.1500807	0.10807953	-0.110575944	0.08865278	-0.07393238	0.12906949	-0.10334688	0.11477324	-0.1270869	0.06887724	-0.09863189	0.12851131	-0.1327977	0.11439531	-0.1554587	0.16173443	-0.15374169	0.1430937	-0.18859787	0.1691116	-0.24366464	0.18224533	-0.24388215	0.21243702	-0.19112618	0.16390309	-0.21509849	0.99999917	-0.4701885	0.2729671	-0.34112746	0.2754021	-0.5237216	0.10880036	-0.110306874
0.10860807	-0.084317885	0.08433895	-0.069907114	0.05744331	-0.10031362	0.07945263	-0.092163585	0.09735538	-0.055387035	0.07519116	-0.1010447	0.10580578	-0.095369436	0.12620367	-0.12185376	0.11516213	-0.12551358	0.15470424	-0.19944417	0.12627688	-0.115977995	0.24581453	-0.37560758	0.2191732	-0.08651975	0.11366457	-0.4701885	0.99999887	-0.6736128	0.16726856	-0.14599335	0.18952416	-0.116484284	0.110923514
-0.13337164	0.1016702	-0.106526464	0.08733134	-0.07378451	0.11831633	-0.09696957	0.11206018	-0.12476485	0.06999597	-0.089862004	0.12033919	-0.13054977	0.11906285	-0.16807769	0.14311752	-0.14033623	0.14557952	-0.1972312	0.23910584	-0.15913463	0.116011456	-0.2613289	0.24599877	-0.3991364	0.10484727	-0.1181315	0.2729671	-0.6736128	0.9999985	-0.20828547	0.14946939	-0.20448461	0.14618608	-0.17593078
0.15005054	-0.107791536	0.09722144	-0.078941695	0.06334763	-0.14383356	0.0996304	-0.10540276	0.108899616	-0.060167287	0.10526196	-0.13121596	0.1155163	-0.09955926	0.12650295	-0.19473578	0.14446773	-0.12062263	0.14918046	-0.14420898	0.30400276	-0.19959138	0.14607011	-0.14349551	0.1317101	-0.515884	0.17578657	-0.34112746	0.16726856	-0.20828547	0.9999985	-0.4945669	0.26540175	-0.08712465	0.07767218
-0.10230554	0.0731118	-0.07069628	0.05682429	-0.04654436	0.09191791	-0.06906259	0.07468273	-0.08017733	0.043631453	-0.06964759	0.08845075	-0.0843953	0.07221015	-0.09497779	0.120896615	-0.104351774	0.08937529	-0.11437324	0.102598704	-0.23245665	0.19525325	-0.12665185	0.11434	-0.102709785	0.18622893	-0.25326824	0.2754021	-0.14599335	0.14946939	-0.4945669	0.99999845	-0.6915529	0.08237053	-0.07854246
0.10664978	-0.077915594	0.07429374	-0.060419105	0.049251247	-0.09811878	0.07283028	-0.07965346	0.084346786	-0.046695106	0.07269043	-0.093667515	0.089194715	-0.0778684	0.10142846	-0.12506889	0.10632806	-0.09622694	0.120963104	-0.1224905	0.16735876	-0.18181235	0.13954075	-0.13724142	0.12012363	-0.14224881	0.17733516	-0.5237216	0.18952416	-0.20448461	0.26540175	-0.6915529	0.9999985	-0.12140203	0.103724256
-0.04908777	0.036295585	-0.03707102	0.030124154	-0.02523002	0.043094013	-0.034425247	0.038785595	-0.04289944	0.023773246	-0.03247645	0.04281069	-0.04443537	0.039713316	-0.054292936	0.05269553	-0.04958338	0.04803622	-0.06414255	0.06762976	-0.06369226	0.048052747	-0.07493816	0.069930226	-0.079655804	0.04403929	-0.047996253	0.10880036	-0.116484284	0.14618608	-0.08712465	0.08237053	-0.12140203	0.99999845	-0.9620538
0.045795996	-0.03419535	0.034497287	-0.028217366	0.023517672	-0.040824596	0.03226865	-0.03645761	0.03988279	-0.022327473	0.030572778	-0.04038585	0.041512117	-0.037489124	0.050718993	-0.049781244	0.046210032	-0.04525627	0.059589416	-0.0682778	0.05703537	-0.046037864	0.07017658	-0.0685069	0.077388704	-0.04004556	0.0451309	-0.110306874	0.110923514	-0.17593078	0.07767218	-0.07854246	0.103724256	-0.9620538	0.99999845
