1.0000001	-0.4226082	0.24244347	-0.19418976	0.25176096	-0.34423056	0.25331205	-0.29432908	0.16909336	-0.17932238	0.23178521	-0.22191818	0.2134659	-0.14679596	0.1391817	-0.16858976	0.17043684	-0.13507904	0.086951025	-0.09345795	0.11605676	-0.23102815	0.13364269	-0.09599206	0.09048073	-0.096196815	0.102622144	-0.1056007	0.09000774	-0.078871295	0.13653137	-0.119643435	0.095589764	-0.06595502	0.08481409
-0.4226082	1.0000002	-0.47371376	0.22491896	-0.2774389	0.18393272	-0.59988505	0.28982186	-0.15551381	0.13973647	-0.1657722	0.16604853	-0.19890186	0.12463229	-0.11385367	0.10152262	-0.12606862	0.08356148	-0.057050187	0.06813591	-0.07438475	0.1492227	-0.08508997	0.061262473	-0.06653868	0.06016685	-0.065582365	0.067594245	-0.05941061	0.053705268	-0.08775607	0.074605525	-0.063635714	0.04388946	-0.058010194
0.24244347	-0.47371376	1.0000002	-0.6345441	0.31006774	-0.14731191	0.23643418	-0.28707698	0.17059714	-0.16873872	0.12943475	-0.15394408	0.17026582	-0.1389553	0.121514246	-0.09839424	0.115695275	-0.09173792	0.061374713	-0.074344635	0.07056016	-0.15151371	0.09047343	-0.06664989	0.070956886	-0.05907794	0.06622355	-0.07223838	0.06321832	-0.05775937	0.084406815	-0.07671744	0.06724868	-0.046762124	0.06156913
-0.19418976	0.22491896	-0.6345441	1.0000005	-0.6389785	0.10740433	-0.16486722	0.1801317	-0.20562159	0.16141717	-0.098560855	0.115371235	-0.13559458	0.13439828	-0.117039815	0.07475209	-0.089208394	0.073534764	-0.050877325	0.06610998	-0.054351125	0.11386388	-0.073383294	0.054573543	-0.063535534	0.045501024	-0.05128744	0.05872015	-0.052493367	0.049106088	-0.06547441	0.05912198	-0.056100015	0.039072044	-0.05243953
0.25176096	-0.2774389	0.31006774	-0.6389785	1.0000002	-0.15248439	0.19034772	-0.2468198	0.20022944	-0.24940927	0.13651887	-0.16581535	0.1763017	-0.1645468	0.1569007	-0.115628645	0.12982053	-0.1180046	0.07838203	-0.09615239	0.08280367	-0.17645386	0.11545121	-0.08572451	0.09161439	-0.07050627	0.07969109	-0.09190478	0.080683276	-0.07432454	0.10040612	-0.09304086	0.08581181	-0.059846334	0.07897591
-0.34423056	0.18393272	-0.14731191	0.10740433	-0.15248439	1.0	-0.24318276	0.1973243	-0.12527087	0.11218151	-0.8067487	0.22594638	-0.21494353	0.10922556	-0.09923633	0.16166309	-0.16424856	0.0792657	-0.05420821	0.061204914	-0.1222102	0.16783774	-0.08289106	0.058106385	-0.060308166	0.084527165	-0.078364395	0.067400254	-0.05796677	0.05054351	-0.12891378	0.0859215	-0.062074013	0.04239252	-0.055095725
0.25331205	-0.59988505	0.23643418	-0.16486722	0.19034772	-0.24318276	0.9999999	-0.6100111	0.15123123	-0.13519531	0.18284148	-0.21661134	0.23138471	-0.13168536	0.11043084	-0.10564237	0.1392568	-0.08078908	0.054973032	-0.06593073	0.07582729	-0.16931362	0.08101813	-0.058767978	0.06351576	-0.061147504	0.068047926	-0.06558799	0.057111625	-0.051475387	0.08760531	-0.0775289	0.060802534	-0.04204576	0.055261992
-0.29432908	0.28982186	-0.28707698	0.1801317	-0.2468198	0.1973243	-0.6100111	0.9999997	-0.24062468	0.17373483	-0.20072567	0.24116597	-0.46552667	0.18886082	-0.15602581	0.11784973	-0.17312104	0.09672143	-0.06831951	0.08591059	-0.08797001	0.18575725	-0.09894275	0.071566954	-0.08373348	0.07041216	-0.07842126	0.07898738	-0.07045077	0.0646336	-0.1031482	0.087850355	-0.075451836	0.052101262	-0.06978433
0.16909336	-0.15551381	0.17059714	-0.20562159	0.20022944	-0.12527087	0.15123123	-0.24062468	0.99999934	-0.5082757	0.11749645	-0.181928	0.23090988	-0.6776003	0.30216792	-0.09323129	0.12546723	-0.11233813	0.08664128	-0.1473684	0.06787853	-0.1601998	0.10843743	-0.088789396	0.12955356	-0.05793476	0.07017825	-0.09129247	0.08598228	-0.088419236	0.08162186	-0.08055961	0.09081444	-0.06489571	0.09101416
-0.17932238	0.13973647	-0.16873872	0.16141717	-0.24940927	0.11218151	-0.13519531	0.17373483	-0.5082757	0.99999917	-0.110079914	0.14476795	-0.19475712	0.30934453	-0.6377492	0.091321014	-0.11527761	0.13527335	-0.11429793	0.22077325	-0.069201306	0.1400834	-0.14654718	0.11596612	-0.23521511	0.060133334	-0.0749462	0.12313257	-0.12702447	0.13594806	-0.086442664	0.08480696	-0.14048782	0.09852861	-0.14928655
0.23178521	-0.1657722	0.12943475	-0.098560855	0.13651887	-0.8067487	0.18284148	-0.20072567	0.11749645	-0.110079914	0.999999	-0.3370157	0.20618315	-0.1083653	0.094587125	-0.2144118	0.1789816	-0.08036201	0.0539653	-0.059854936	0.12888336	-0.19878884	0.08215613	-0.058108788	0.058290176	-0.0905316	0.084033616	-0.06837199	0.057785705	-0.049910914	0.12998562	-0.09322742	0.061408002	-0.042069815	0.054049015
-0.22191818	0.16604853	-0.15394408	0.115371235	-0.16581535	0.22594638	-0.21661134	0.24116597	-0.181928	0.14476795	-0.3370157	0.99999875	-0.59406245	0.17423561	-0.14269999	0.15126331	-0.50759494	0.09934049	-0.06935336	0.080300376	-0.11236111	0.28401676	-0.10208192	0.07148911	-0.07877406	0.08639229	-0.10145478	0.08232637	-0.07169586	0.06317024	-0.1249278	0.107941955	-0.076402016	0.052291334	-0.06868817
0.2134659	-0.19890186	0.17026582	-0.13559458	0.1763017	-0.21494353	0.23138471	-0.46552667	0.23090988	-0.19475712	0.20618315	-0.59406245	0.99999875	-0.33059633	0.18090528	-0.14103116	0.2445465	-0.11365397	0.07815961	-0.09996212	0.10000547	-0.29180032	0.1089997	-0.08077561	0.09278566	-0.08234857	0.09947229	-0.08983917	0.0786975	-0.0722258	0.11446639	-0.11260616	0.08295702	-0.057794888	0.076507255
-0.14679596	0.12463229	-0.1389553	0.13439828	-0.1645468	0.10922556	-0.13168536	0.18886082	-0.6776003	0.30934453	-0.1083653	0.17423561	-0.33059633	0.99999833	-0.5077566	0.08158484	-0.12072957	0.103003	-0.08801368	0.15801196	-0.060348243	0.1398005	-0.10125612	0.08458972	-0.14721385	0.0511727	-0.06272352	0.085227676	-0.08381265	0.08832009	-0.07261977	0.07101397	-0.08837786	0.06323293	-0.092101164
0.1391817	-0.11385367	0.121514246	-0.117039815	0.1569007	-0.09923633	0.11043084	-0.15602581	0.30216792	-0.6377492	0.094587125	-0.14269999	0.18090528	-0.5077566	0.9999983	-0.08049754	0.10412479	-0.12841952	0.10827052	-0.3616092	0.05963464	-0.13288577	0.1230003	-0.10959028	0.21960384	-0.05234423	0.066620395	-0.11000455	0.11028919	-0.1304038	0.07342103	-0.07631255	0.11387785	-0.08460885	0.12436453
-0.16858976	0.10152262	-0.09839424	0.07475209	-0.115628645	0.16166309	-0.10564237	0.11784973	-0.09323129	0.091321014	-0.2144118	0.15126331	-0.14103116	0.08158484	-0.08049754	0.99999833	-0.20740065	0.08819626	-0.060613286	0.059485804	-0.7127167	0.19865006	-0.10147215	0.06790846	-0.05948103	0.3007253	-0.17385669	0.095872976	-0.07602949	0.059072815	-0.4745256	0.17309065	-0.08086618	0.05391294	-0.06557319
0.17043684	-0.12606862	0.115695275	-0.089208394	0.12982053	-0.16424856	0.1392568	-0.17312104	0.12546723	-0.11527761	0.1789816	-0.50759494	0.2445465	-0.12072957	0.10412479	-0.20740065	0.99999845	-0.111227974	0.07156966	-0.069439575	0.13856043	-0.72184193	0.10841655	-0.07393332	0.06798539	-0.11151168	0.15012093	-0.09232167	0.075187355	-0.061443206	0.14911914	-0.16105461	0.07881528	-0.05358065	0.06691627
-0.13507904	0.08356148	-0.09173792	0.073534764	-0.1180046	0.0792657	-0.08078908	0.09672143	-0.11233813	0.13527335	-0.08036201	0.09934049	-0.11365397	0.103003	-0.12841952	0.08819626	-0.111227974	0.99999845	-0.62694895	0.1578865	-0.070529155	0.12640016	-0.57636523	0.32511702	-0.16027501	0.066012755	-0.093523316	0.22464545	-0.22596435	0.15764199	-0.09401504	0.10342556	-0.21158165	0.14154077	-0.1792113
0.086951025	-0.057050187	0.061374713	-0.050877325	0.07838203	-0.05420821	0.054973032	-0.06831951	0.08664128	-0.11429793	0.0539653	-0.06935336	0.07815961	-0.08801368	0.10827052	-0.060613286	0.07156966	-0.62694895	0.99999845	-0.18464069	0.047693163	-0.08835193	0.3029303	-0.657079	0.14949349	-0.045808583	0.067887925	-0.18551941	0.18974774	-0.13961124	0.062984794	-0.07660149	0.14646524	-0.11234167	0.1357257
-0.09345795	0.06813591	-0.074344635	0.06610998	-0.09615239	0.061204914	-0.06593073	0.08591059	-0.1473684	0.22077325	-0.059854936	0.080300376	-0.09996212	0.15801196	-0.3616092	0.059485804	-0.069439575	0.1578865	-0.18464069	0.9999985	-0.04616423	0.087962046	-0.15602005	0.15642668	-0.7795857	0.04337568	-0.06263093	0.14966281	-0.1809088	0.23652628	-0.060031056	0.070659995	-0.17776994	0.13545008	-0.23331532
0.11605676	-0.07438475	0.07056016	-0.054351125	0.08280367	-0.1222102	0.07582729	-0.08797001	0.06787853	-0.069201306	0.12888336	-0.11236111	0.10000547	-0.060348243	0.05963464	-0.7127167	0.13856043	-0.070529155	0.047693163	-0.04616423	0.9999984	-0.17724259	0.07927422	-0.054535788	0.045782898	-0.55192405	0.17007421	-0.08372321	0.062368255	-0.047528826	0.31326467	-0.1854009	0.06533454	-0.04402915	0.05198779
-0.23102815	0.1492227	-0.15151371	0.11386388	-0.17645386	0.16783774	-0.16931362	0.18575725	-0.1601998	0.1400834	-0.19878884	0.28401676	-0.29180032	0.1398005	-0.13288577	0.19865006	-0.72184193	0.12640016	-0.08835193	0.087962046	-0.17724259	0.99999857	-0.1459542	0.09366419	-0.08863947	0.14392179	-0.25092143	0.121118166	-0.10050056	0.08036499	-0.20613115	0.19760892	-0.106736965	0.071168184	-0.08952695
0.13364269	-0.08508997	0.09047343	-0.073383294	0.11545121	-0.08289106	0.08101813	-0.09894275	0.10843743	-0.14654718	0.08215613	-0.10208192	0.1089997	-0.10125612	0.1230003	-0.10147215	0.10841655	-0.57636523	0.3029303	-0.15602005	0.07927422	-0.1459542	0.99999875	-0.5216372	0.14799283	-0.07917055	0.122954644	-0.4197407	0.25694355	-0.17927524	0.104772806	-0.14164224	0.2061794	-0.1571806	0.17492944
-0.09599206	0.061262473	-0.06664989	0.054573543	-0.08572451	0.058106385	-0.058767978	0.071566954	-0.088789396	0.11596612	-0.058108788	0.07148911	-0.08077561	0.08458972	-0.10959028	0.06790846	-0.07393332	0.32511702	-0.657079	0.15642668	-0.054535788	0.09366419	-0.5216372	0.9999986	-0.16368349	0.053432994	-0.082522616	0.24146906	-0.3312068	0.17145757	-0.0734331	0.091279306	-0.19990097	0.14886074	-0.17798947
0.09048073	-0.06653868	0.070956886	-0.063535534	0.09161439	-0.060308166	0.06351576	-0.08373348	0.12955356	-0.23521511	0.058290176	-0.07877406	0.09278566	-0.14721385	0.21960384	-0.05948103	0.06798539	-0.16027501	0.14949349	-0.7795857	0.045782898	-0.08863947	0.14799283	-0.16368349	0.99999845	-0.043465994	0.06342405	-0.16211714	0.18194504	-0.39475104	0.05929883	-0.07248249	0.16176729	-0.1398835	0.21902265
-0.096196815	0.06016685	-0.05907794	0.045501024	-0.07050627	0.084527165	-0.061147504	0.07041216	-0.05793476	0.060133334	-0.0905316	0.08639229	-0.08234857	0.0511727	-0.05234423	0.3007253	-0.11151168	0.066012755	-0.045808583	0.04337568	-0.55192405	0.14392179	-0.07917055	0.053432994	-0.043465994	0.9999985	-0.30038553	0.091863945	-0.06715037	0.048086517	-0.688224	0.22952172	-0.06950924	0.04612577	-0.05317628
0.102622144	-0.065582365	0.06622355	-0.05128744	0.07969109	-0.078364395	0.068047926	-0.07842126	0.07017825	-0.0749462	0.084033616	-0.10145478	0.09947229	-0.06272352	0.066620395	-0.17385669	0.15012093	-0.093523316	0.067887925	-0.06263093	0.17007421	-0.25092143	0.122954644	-0.082522616	0.06342405	-0.30038553	0.99999887	-0.20953481	0.12282101	-0.079459496	0.23984605	-0.83562875	0.122516	-0.08120996	0.08723213
-0.1056007	0.067594245	-0.07223838	0.05872015	-0.09190478	0.067400254	-0.06558799	0.07898738	-0.09129247	0.12313257	-0.06837199	0.08232637	-0.08983917	0.085227676	-0.11000455	0.095872976	-0.09232167	0.22464545	-0.18551941	0.14966281	-0.08372321	0.121118166	-0.4197407	0.24146906	-0.16211714	0.091863945	-0.20953481	0.99999887	-0.6256505	0.24747457	-0.117446475	0.17719743	-0.41730538	0.25635764	-0.2841111
0.09000774	-0.05941061	0.06321832	-0.052493367	0.080683276	-0.05796677	0.057111625	-0.07045077	0.08598228	-0.12702447	0.057785705	-0.07169586	0.0786975	-0.08381265	0.11028919	-0.07602949	0.075187355	-0.22596435	0.18974774	-0.1809088	0.062368255	-0.10050056	0.25694355	-0.3312068	0.18194504	-0.06715037	0.12282101	-0.6256505	0.99999887	-0.4363296	0.08502994	-0.13623019	0.28810266	-0.35424066	0.28199986
-0.078871295	0.053705268	-0.05775937	0.049106088	-0.07432454	0.05054351	-0.051475387	0.0646336	-0.088419236	0.13594806	-0.049910914	0.06317024	-0.0722258	0.08832009	-0.1304038	0.059072815	-0.061443206	0.15764199	-0.13961124	0.23652628	-0.047528826	0.08036499	-0.17927524	0.17145757	-0.39475104	0.048086517	-0.079459496	0.24747457	-0.4363296	0.999999	-0.064254016	0.08867223	-0.29904586	0.2658586	-0.652386
0.13653137	-0.08775607	0.084406815	-0.06547441	0.10040612	-0.12891378	0.08760531	-0.1031482	0.08162186	-0.086442664	0.12998562	-0.1249278	0.11446639	-0.07261977	0.07342103	-0.4745256	0.14911914	-0.09401504	0.062984794	-0.060031056	0.31326467	-0.20613115	0.104772806	-0.0734331	0.05929883	-0.688224	0.23984605	-0.117446475	0.08502994	-0.064254016	0.99999934	-0.31739402	0.08930117	-0.06055635	0.069678456
-0.119643435	0.074605525	-0.07671744	0.05912198	-0.09304086	0.0859215	-0.0775289	0.087850355	-0.08055961	0.08480696	-0.09322742	0.107941955	-0.11260616	0.07101397	-0.07631255	0.17309065	-0.16105461	0.10342556	-0.07660149	0.070659995	-0.1854009	0.19760892	-0.14164224	0.091279306	-0.07248249	0.22952172	-0.83562875	0.17719743	-0.13623019	0.08867223	-0.31739402	0.99999905	-0.15110865	0.09278872	-0.10202556
0.095589764	-0.063635714	0.06724868	-0.056100015	0.08581181	-0.062074013	0.060802534	-0.075451836	0.09081444	-0.14048782	0.061408002	-0.076402016	0.08295702	-0.08837786	0.11387785	-0.08086618	0.07881528	-0.21158165	0.14646524	-0.17776994	0.06533454	-0.106736965	0.2061794	-0.19990097	0.16176729	-0.06950924	0.122516	-0.41730538	0.28810266	-0.29904586	0.08930117	-0.15110865	0.99999887	-0.7070539	0.29006934
-0.06595502	0.04388946	-0.046762124	0.039072044	-0.059846334	0.04239252	-0.04204576	0.052101262	-0.06489571	0.09852861	-0.042069815	0.052291334	-0.057794888	0.06323293	-0.08460885	0.05391294	-0.05358065	0.14154077	-0.11234167	0.13545008	-0.04402915	0.071168184	-0.1571806	0.14886074	-0.1398835	0.04612577	-0.08120996	0.25635764	-0.35424066	0.2658586	-0.06055635	0.09278872	-0.7070539	0.99999875	-0.5120339
0.08481409	-0.058010194	0.06156913	-0.05243953	0.07897591	-0.055095725	0.055261992	-0.06978433	0.09101416	-0.14928655	0.054049015	-0.06868817	0.076507255	-0.092101164	0.12436453	-0.06557319	0.06691627	-0.1792113	0.1357257	-0.23331532	0.05198779	-0.08952695	0.17492944	-0.17798947	0.21902265	-0.05317628	0.08723213	-0.2841111	0.28199986	-0.652386	0.069678456	-0.10202556	0.29006934	-0.5120339	0.99999875
