1.0	-0.49791524	0.19888589	-0.15269035	0.10892862	-0.7418695	0.27214715	-0.19104595	0.14088774	-0.11304097	0.2180231	-0.1936015	0.16695094	-0.11628477	0.12971926	-0.16470738	0.15319224	-0.16537142	0.104316235	-0.07026868	0.13045807	-0.12525447	0.11169363	-0.08775387	0.07271722	-0.15326755	0.1036775	-0.09297034	0.08687638	-0.030681314	0.12026941	-0.07629044	0.090232536	-0.10355581	0.030963754
-0.49791524	0.99999994	-0.48815647	0.22633971	-0.17409317	0.28865752	-0.48839867	0.2785354	-0.2211498	0.16093268	-0.23288915	0.22730777	-0.23698865	0.16128506	-0.18539418	0.16588306	-0.19138399	0.19735432	-0.14459716	0.0954294	-0.15162104	0.1458573	-0.1402342	0.11562843	-0.09929678	0.16776937	-0.12757842	0.113505475	-0.11161043	0.038624194	-0.14717932	0.09291722	-0.11183787	0.12827642	-0.03917358
0.19888589	-0.48815647	0.9999999	-0.49032754	0.21536711	-0.19173153	0.2669257	-0.55668867	0.2773876	-0.21711192	0.16199756	-0.18042432	0.2269497	-0.17369828	0.17658995	-0.13296399	0.14938903	-0.19510467	0.13918863	-0.09332392	0.12121655	-0.12314309	0.12361241	-0.1129808	0.093663014	-0.14961654	0.10869296	-0.10151778	0.10286949	-0.036012795	0.12714517	-0.081114195	0.09744892	-0.12156676	0.03614717
-0.15269035	0.22633971	-0.49032754	1.0	-0.51710004	0.14031412	-0.2175335	0.28429633	-0.51311177	0.3025802	-0.14383277	0.15218675	-0.21592791	0.2002348	-0.21852021	0.11670079	-0.13716133	0.17340845	-0.1632726	0.10595112	-0.11174708	0.112614	-0.11917126	0.1225334	-0.10677411	0.13585283	-0.10372132	0.09708952	-0.10708192	0.03677042	-0.12260812	0.077765524	-0.094637476	0.12228466	-0.037002373
0.10892862	-0.17409317	0.21536711	-0.51710004	0.9999997	-0.1101137	0.1546416	-0.2150954	0.29206172	-0.73877794	0.11111701	-0.11990003	0.16199334	-0.16281112	0.17908224	-0.095700786	0.10940255	-0.14997135	0.12844904	-0.091420315	0.09156141	-0.09379657	0.09916118	-0.10505715	0.08824173	-0.11841645	0.08638781	-0.08234488	0.09059642	-0.031918537	0.103948735	-0.06585086	0.079806134	-0.10793498	0.031861234
-0.7418695	0.28865752	-0.19173153	0.14031412	-0.1101137	0.9999998	-0.39441425	0.18556282	-0.14523895	0.110050276	-0.35140574	0.22409989	-0.18583173	0.12196714	-0.13929912	0.18367812	-0.17995118	0.16904864	-0.11115673	0.07390741	-0.15121624	0.13633046	-0.12015881	0.09170401	-0.07721366	0.1564505	-0.11298646	0.09856209	-0.091575645	0.03187622	-0.12837988	0.08143495	-0.096707374	0.10687405	-0.032319125
0.27214715	-0.48839867	0.2669257	-0.2175335	0.1546416	-0.39441425	0.99999964	-0.4045759	0.21497917	-0.16792455	0.2686489	-0.45918733	0.26724842	-0.17888364	0.1869355	-0.21428126	0.23200478	-0.2521252	0.15181549	-0.1022541	0.17656063	-0.18458518	0.16042319	-0.12798642	0.10448045	-0.21003416	0.14738895	-0.13381095	0.12405822	-0.043656893	0.16675921	-0.10802795	0.12717937	-0.14862886	0.043917138
-0.19104595	0.2785354	-0.55668867	0.28429633	-0.2150954	0.18556282	-0.4045759	0.99999934	-0.44663304	0.21410275	-0.1893022	0.2209836	-0.39394018	0.21935683	-0.21725816	0.14852315	-0.17757298	0.22232607	-0.17180164	0.10990235	-0.13697682	0.13946794	-0.14327197	0.13157377	-0.11069119	0.16228509	-0.12381605	0.11498268	-0.11795424	0.040455792	-0.14169791	0.09123727	-0.11011256	0.13606079	-0.040699687
0.14088774	-0.2211498	0.2773876	-0.51311177	0.29206172	-0.14523895	0.21497917	-0.44663304	0.9999994	-0.47245738	0.14864016	-0.16919106	0.24551369	-0.35718027	0.24390996	-0.127556	0.14675234	-0.20741671	0.19389434	-0.12772666	0.12046445	-0.12483969	0.13232484	-0.15175162	0.12144105	-0.15423866	0.11398682	-0.10975213	0.122556426	-0.042374607	0.1346579	-0.086576626	0.10480053	-0.14479014	0.04216285
-0.11304097	0.16093268	-0.21711192	0.3025802	-0.73877794	0.110050276	-0.16792455	0.21410275	-0.47245738	0.9999991	-0.11911041	0.12692294	-0.18503135	0.1939896	-0.24871446	0.09967152	-0.117325045	0.15415983	-0.15626116	0.10818629	-0.096775554	0.09853138	-0.106611766	0.118866764	-0.106140375	0.12084978	-0.09219036	0.08749144	-0.10058545	0.034611553	-0.11002081	0.06985121	-0.085265845	0.115291804	-0.034714118
0.2180231	-0.23288915	0.16199756	-0.14383277	0.11111701	-0.35140574	0.2686489	-0.1893022	0.14864016	-0.11911041	0.9999992	-0.52866626	0.2358988	-0.1501879	0.16344038	-0.5447028	0.2848426	-0.24868223	0.1351818	-0.091025144	0.25589758	-0.22827886	0.16694006	-0.11704522	0.09480293	-0.26353344	0.16405153	-0.14200394	0.12074561	-0.042312354	0.18001637	-0.11754612	0.13495678	-0.14536814	0.04271032
-0.1936015	0.22730777	-0.18042432	0.15218675	-0.11990003	0.22409989	-0.45918733	0.2209836	-0.16919106	0.12692294	-0.52866626	0.9999991	-0.40252694	0.1757632	-0.18414026	0.26729444	-0.44056052	0.25675604	-0.15073326	0.09791644	-0.21631919	0.22099684	-0.17241687	0.12309603	-0.10133558	0.2106722	-0.16596207	0.14045015	-0.12246247	0.04184734	-0.17019998	0.11386498	-0.13299468	0.14300366	-0.042298142
0.16695094	-0.23698865	0.2269497	-0.21592791	0.16199334	-0.18583173	0.26724842	-0.39394018	0.24551369	-0.18503135	0.2358988	-0.40252694	0.9999987	-0.41483083	0.2652509	-0.20655951	0.24549194	-0.4913814	0.22583598	-0.14829071	0.18343689	-0.2007929	0.21341611	-0.18567109	0.14368339	-0.23046762	0.17300549	-0.1701461	0.16109054	-0.055565566	0.19214395	-0.12777287	0.15264596	-0.19183688	0.05540957
-0.11628477	0.16128506	-0.17369828	0.2002348	-0.16281112	0.12196714	-0.17888364	0.21935683	-0.35718027	0.1939896	-0.1501879	0.1757632	-0.41483083	0.99999875	-0.55879676	0.12961477	-0.15556814	0.23107517	-0.49264008	0.2104991	-0.12554464	0.13292222	-0.15198272	0.23812343	-0.19589105	0.16154782	-0.12590359	0.12598842	-0.16677985	0.053327333	-0.14617021	0.09652801	-0.11819296	0.183319	-0.052740537
0.12971926	-0.18539418	0.17658995	-0.21852021	0.17908224	-0.13929912	0.1869355	-0.21725816	0.24390996	-0.24871446	0.16344038	-0.18414026	0.2652509	-0.55879676	0.99999887	-0.1534769	0.17514846	-0.27912247	0.3008326	-0.40487403	0.15117455	-0.16166633	0.18099168	-0.2950751	0.2546352	-0.21228832	0.1543995	-0.15727307	0.20130698	-0.072044805	0.18724404	-0.12255192	0.14907007	-0.25504148	0.06973578
-0.16470738	0.16588306	-0.13296399	0.11670079	-0.095700786	0.18367812	-0.21428126	0.14852315	-0.127556	0.09967152	-0.5447028	0.26729444	-0.20655951	0.12961477	-0.1534769	0.9999991	-0.425236	0.21835709	-0.12630537	0.08376415	-0.5631224	0.2637305	-0.17601906	0.10840849	-0.08954354	0.26721644	-0.18810454	0.14652993	-0.118345715	0.040289402	-0.19661301	0.1257965	-0.14482212	0.13775836	-0.041074354
0.15319224	-0.19138399	0.14938903	-0.13716133	0.10940255	-0.17995118	0.23200478	-0.17757298	0.14675234	-0.117325045	0.2848426	-0.44056052	0.24549194	-0.15556814	0.17514846	-0.425236	0.99999905	-0.36201036	0.14741606	-0.09878622	0.2846734	-0.5333137	0.22307561	-0.13094355	0.10442964	-0.28455195	0.23887458	-0.19732371	0.14286011	-0.04860857	0.21077517	-0.15878421	0.17201929	-0.17172155	0.04908756
-0.16537142	0.19735432	-0.19510467	0.17340845	-0.14997135	0.16904864	-0.2521252	0.22232607	-0.20741671	0.15415983	-0.24868223	0.25675604	-0.4913814	0.23107517	-0.27912247	0.21835709	-0.36201036	0.9999991	-0.22857602	0.1452114	-0.22678089	0.2523174	-0.4730059	0.18600595	-0.15690954	0.24953113	-0.26061878	0.25299433	-0.19966799	0.06405871	-0.2533925	0.17600715	-0.22160912	0.21375765	-0.0656544
0.104316235	-0.14459716	0.13918863	-0.1632726	0.12844904	-0.11115673	0.15181549	-0.17180164	0.19389434	-0.15626116	0.1351818	-0.15073326	0.22583598	-0.49264008	0.3008326	-0.12630537	0.14741606	-0.22857602	0.9999989	-0.3356303	0.1270078	-0.13873939	0.16772193	-0.5852232	0.26176795	-0.17471784	0.13871393	-0.15034397	0.24304941	-0.07344231	0.16213682	-0.11163169	0.13763498	-0.27966857	0.07054408
-0.07026868	0.0954294	-0.09332392	0.10595112	-0.091420315	0.07390741	-0.1022541	0.10990235	-0.12772666	0.10818629	-0.091025144	0.09791644	-0.14829071	0.2104991	-0.40487403	0.08376415	-0.09878622	0.1452114	-0.3356303	0.999999	-0.08529499	0.09179524	-0.11287439	0.26656392	-0.7804043	0.11564287	-0.09311105	0.09808002	-0.16663478	0.05734798	-0.10994879	0.0738335	-0.09187759	0.16699073	-0.056652695
0.13045807	-0.15162104	0.12121655	-0.11174708	0.09156141	-0.15121624	0.17656063	-0.13697682	0.12046445	-0.096775554	0.25589758	-0.21631919	0.18343689	-0.12554464	0.15117455	-0.5631224	0.2846734	-0.22678089	0.1270078	-0.08529499	0.99999905	-0.4333688	0.19221973	-0.11372226	0.091812745	-0.53550774	0.22100228	-0.17271611	0.12922172	-0.044509523	0.2328318	-0.15234052	0.16549014	-0.15544553	0.045257445
-0.12525447	0.1458573	-0.12314309	0.112614	-0.09379657	0.13633046	-0.18458518	0.13946794	-0.12483969	0.09853138	-0.22827886	0.22099684	-0.2007929	0.13292222	-0.16166633	0.2637305	-0.5333137	0.2523174	-0.13873939	0.09179524	-0.4333688	0.9999992	-0.29572085	0.126257	-0.10004196	0.27528843	-0.49274433	0.24176943	-0.15202522	0.04841161	-0.24267536	0.2047544	-0.22299431	0.17366903	-0.049322464
0.11169363	-0.1402342	0.12361241	-0.11917126	0.09916118	-0.12015881	0.16042319	-0.14327197	0.13232484	-0.106611766	0.16694006	-0.17241687	0.21341611	-0.15198272	0.18099168	-0.17601906	0.22307561	-0.4730059	0.16772193	-0.11287439	0.19221973	-0.29572085	0.99999934	-0.18398567	0.12304206	-0.25840133	0.28191248	-0.6419027	0.20816475	-0.06334746	0.22520807	-0.20323022	0.2303627	-0.24155894	0.0627854
-0.08775387	0.11562843	-0.1129808	0.1225334	-0.10505715	0.09170401	-0.12798642	0.13157377	-0.15175162	0.118866764	-0.11704522	0.12309603	-0.18567109	0.23812343	-0.2950751	0.10840849	-0.13094355	0.18600595	-0.5852232	0.26656392	-0.11372226	0.126257	-0.18398567	0.9999991	-0.42624462	0.1513325	-0.1377747	0.15848745	-0.46802437	0.081494376	-0.1529164	0.108363755	-0.13835509	0.27279586	-0.0809096
0.07271722	-0.09929678	0.093663014	-0.10677411	0.08824173	-0.07721366	0.10448045	-0.11069119	0.12144105	-0.106140375	0.09480293	-0.10133558	0.14368339	-0.19589105	0.2546352	-0.08954354	0.10442964	-0.15690954	0.26176795	-0.7804043	0.091812745	-0.10004196	0.12304206	-0.42624462	0.9999991	-0.12833388	0.102013454	-0.11094022	0.18921627	-0.07024118	0.1207618	-0.082617685	0.102327324	-0.20891489	0.06577856
-0.15326755	0.16776937	-0.14961654	0.13585283	-0.11841645	0.1564505	-0.21003416	0.16228509	-0.15423866	0.12084978	-0.26353344	0.2106722	-0.23046762	0.16154782	-0.21228832	0.26721644	-0.28455195	0.24953113	-0.17471784	0.11564287	-0.53550774	0.27528843	-0.25840133	0.1513325	-0.12833388	0.99999917	-0.29238155	0.2134544	-0.18004096	0.061311446	-0.50390434	0.21941666	-0.25745422	0.2032586	-0.063791074
0.1036775	-0.12757842	0.10869296	-0.10372132	0.08638781	-0.11298646	0.14738895	-0.12381605	0.11398682	-0.09219036	0.16405153	-0.16596207	0.17300549	-0.12590359	0.1543995	-0.18810454	0.23887458	-0.26061878	0.13871393	-0.09311105	0.22100228	-0.49274433	0.28191248	-0.1377747	0.102013454	-0.29238155	0.99999887	-0.49248627	0.18004256	-0.055440366	0.25705114	-0.44859368	0.29173997	-0.22112925	0.05562495
-0.09297034	0.113505475	-0.10151778	0.09708952	-0.08234488	0.09856209	-0.13381095	0.11498268	-0.10975213	0.08749144	-0.14200394	0.14045015	-0.1701461	0.12598842	-0.15727307	0.14652993	-0.19732371	0.25299433	-0.15034397	0.09808002	-0.17271611	0.24176943	-0.6419027	0.15848745	-0.11094022	0.2134544	-0.49248627	0.9999988	-0.26938024	0.05980042	-0.22697744	0.24212864	-0.34598804	0.2297498	-0.06018995
0.08687638	-0.11161043	0.10286949	-0.10708192	0.09059642	-0.091575645	0.12405822	-0.11795424	0.122556426	-0.10058545	0.12074561	-0.12246247	0.16109054	-0.16677985	0.20130698	-0.118345715	0.14286011	-0.19966799	0.24304941	-0.16663478	0.12922172	-0.15202522	0.20816475	-0.46802437	0.18921627	-0.18004096	0.18004256	-0.26938024	0.99999857	-0.14535883	0.18739186	-0.15312125	0.19526142	-0.6991731	0.1276274
-0.030681314	0.038624194	-0.036012795	0.03677042	-0.031918537	0.03187622	-0.043656893	0.040455792	-0.042374607	0.034611553	-0.042312354	0.04184734	-0.055565566	0.053327333	-0.072044805	0.040289402	-0.04860857	0.06405871	-0.07344231	0.05734798	-0.044509523	0.04841161	-0.06334746	0.081494376	-0.07024118	0.061311446	-0.055440366	0.05980042	-0.14535883	0.999999	-0.06884755	0.046066035	-0.059547093	0.12915793	-0.97199315
0.12026941	-0.14717932	0.12714517	-0.12260812	0.103948735	-0.12837988	0.16675921	-0.14169791	0.1346579	-0.11002081	0.18001637	-0.17019998	0.19214395	-0.14617021	0.18724404	-0.19661301	0.21077517	-0.2533925	0.16213682	-0.10994879	0.2328318	-0.24267536	0.22520807	-0.1529164	0.1207618	-0.50390434	0.25705114	-0.22697744	0.18739186	-0.06884755	0.9999989	-0.40407455	0.28063014	-0.25825462	0.06968493
-0.07629044	0.09291722	-0.081114195	0.077765524	-0.06585086	0.08143495	-0.10802795	0.09123727	-0.086576626	0.06985121	-0.11754612	0.11386498	-0.12777287	0.09652801	-0.12255192	0.1257965	-0.15878421	0.17600715	-0.11163169	0.0738335	-0.15234052	0.2047544	-0.20323022	0.108363755	-0.082617685	0.21941666	-0.44859368	0.24212864	-0.15312125	0.046066035	-0.40407455	0.9999988	-0.71249926	0.19373803	-0.047210313
0.090232536	-0.11183787	0.09744892	-0.094637476	0.079806134	-0.096707374	0.12717937	-0.11011256	0.10480053	-0.085265845	0.13495678	-0.13299468	0.15264596	-0.11819296	0.14907007	-0.14482212	0.17201929	-0.22160912	0.13763498	-0.09187759	0.16549014	-0.22299431	0.2303627	-0.13835509	0.102327324	-0.25745422	0.29173997	-0.34598804	0.19526142	-0.059547093	0.28063014	-0.71249926	0.99999875	-0.3081116	0.060406715
-0.10355581	0.12827642	-0.12156676	0.12228466	-0.10793498	0.10687405	-0.14862886	0.13606079	-0.14479014	0.115291804	-0.14536814	0.14300366	-0.19183688	0.183319	-0.25504148	0.13775836	-0.17172155	0.21375765	-0.27966857	0.16699073	-0.15544553	0.17366903	-0.24155894	0.27279586	-0.20891489	0.2032586	-0.22112925	0.2297498	-0.6991731	0.12915793	-0.25825462	0.19373803	-0.3081116	0.99999887	-0.14523667
0.030963754	-0.03917358	0.03614717	-0.037002373	0.031861234	-0.032319125	0.043917138	-0.040699687	0.04216285	-0.034714118	0.04271032	-0.042298142	0.05540957	-0.052740537	0.06973578	-0.041074354	0.04908756	-0.0656544	0.07054408	-0.056652695	0.045257445	-0.049322464	0.0627854	-0.0809096	0.06577856	-0.063791074	0.05562495	-0.06018995	0.1276274	-0.97199315	0.06968493	-0.047210313	0.060406715	-0.14523667	0.99999887
