1.0000001	-0.5651154	0.24136849	-0.12677287	0.122350864	-0.6075171	0.29777062	-0.29506963	0.08929677	-0.10652498	0.27723014	-0.28682673	0.15666112	-0.16395792	0.09128554	-0.13067389	0.09553988	-0.10575701	0.10512924	-0.067419015	0.09108792	-0.07560931	0.070982516	-0.067291215	0.07254103	-0.04598625	0.048525527	-0.053253513	0.040796675	-0.042187024	0.057351425	-0.030359259	0.030973302	-0.015071713	0.015188922
-0.5651154	1.0000001	-0.5109587	0.16650747	-0.193018	0.2782311	-0.41071653	0.30237505	-0.09163925	0.10238639	-0.29325724	0.24220407	-0.16241156	0.14912632	-0.10017621	0.121478654	-0.09480606	0.10308253	-0.11254461	0.070854	-0.10148418	0.0760779	-0.07428105	0.0702134	-0.07858594	0.049697824	-0.050801612	0.054671925	-0.04323683	0.043988824	-0.064008296	0.03177858	-0.032726984	0.01586387	-0.016066281
0.24136849	-0.5109587	1.0000001	-0.24063733	0.18954752	-0.18962556	0.26082066	-0.6993184	0.1063418	-0.123125665	0.18150243	-0.2012064	0.17496318	-0.1779468	0.0837013	-0.10049008	0.0763402	-0.08947004	0.09249787	-0.061336532	0.0770631	-0.06315392	0.060182884	-0.05877751	0.063763276	-0.038652796	0.040950634	-0.044954825	0.03527927	-0.036532693	0.048830852	-0.025647633	0.026232798	-0.012924641	0.013029108
-0.12677287	0.16650747	-0.24063733	1.0000002	-0.92344	0.08415213	-0.108049855	0.15549526	-0.118324265	0.1193146	-0.09226434	0.08996731	-0.09913518	0.09745577	-0.0685601	0.06852484	-0.051898256	0.06266697	-0.06965903	0.048134398	-0.076175004	0.048053507	-0.046780754	0.045657832	-0.05123995	0.036454502	-0.03374446	0.036619786	-0.028514046	0.029302653	-0.049403295	0.021639263	-0.02230666	0.01068398	-0.010817403
0.122350864	-0.193018	0.18954752	-0.92344	1.0000002	-0.08630051	0.1085888	-0.16656235	0.11435845	-0.13953753	0.09180701	-0.09420831	0.1000375	-0.10556722	0.069836326	-0.07347213	0.054466266	-0.06665239	0.071452476	-0.050293196	0.078700654	-0.05088955	0.048706662	-0.047723815	0.052585814	-0.038074058	0.03544706	-0.03889479	0.02974199	-0.030848768	0.051216364	-0.022795852	0.023412704	-0.011224232	0.011336545
-0.6075171	0.2782311	-0.18962556	0.08415213	-0.08630051	1.0000002	-0.47009724	0.21450065	-0.06601863	0.07584041	-0.5278727	0.29303506	-0.13285038	0.12451734	-0.06902746	0.10447481	-0.08087223	0.08030833	-0.08167751	0.050368376	-0.06524825	0.056536645	-0.053953823	0.050265726	-0.05472112	0.032632068	-0.035573013	0.038389936	-0.03008009	0.030810665	-0.040138073	0.021918977	-0.022403818	0.010931924	-0.011034971
0.29777062	-0.41071653	0.26082066	-0.108049855	0.1085888	-0.47009724	1.0	-0.44545156	0.08747115	-0.100325495	0.30959198	-0.52626437	0.1803123	-0.17074661	0.0818229	-0.117886156	0.0938855	-0.096427344	0.09568571	-0.060112707	0.07440618	-0.06640391	0.062739275	-0.059196554	0.063961685	-0.037526216	0.041278366	-0.044755436	0.035118837	-0.03611727	0.046190094	-0.025465392	0.025990052	-0.01274653	0.012855249
-0.29506963	0.30237505	-0.6993184	0.15549526	-0.16656235	0.21450065	-0.44545156	1.0	-0.11968822	0.12281151	-0.22770815	0.22698718	-0.25030994	0.18693902	-0.08973239	0.10365956	-0.082019925	0.09324288	-0.09972731	0.064328484	-0.077594	0.065021336	-0.06303282	0.061350938	-0.06746733	0.038767625	-0.041943308	0.04560954	-0.0365712	0.037579965	-0.048749242	0.026057396	-0.026715975	0.013230416	-0.013357589
0.08929677	-0.09163925	0.1063418	-0.118324265	0.11435845	-0.06601863	0.08747115	-0.11968822	0.99999976	-0.9025685	0.084845655	-0.0894839	0.20093015	-0.3021455	0.10336357	-0.0712621	0.054511778	-0.075220786	0.083017506	-0.07556764	0.049916018	-0.05110345	0.04869422	-0.05546311	0.059258915	-0.02615993	0.031512856	-0.035608683	0.030338587	-0.032479066	0.03190728	-0.019588286	0.019929789	-0.010635186	0.01064812
-0.10652498	0.10238639	-0.123125665	0.1193146	-0.13953753	0.07584041	-0.100325495	0.12281151	-0.9025685	0.99999994	-0.10019885	0.0995666	-0.2364304	0.22204508	-0.1293873	0.078300335	-0.061089557	0.082328856	-0.09491623	0.08401419	-0.056686744	0.056761283	-0.055088427	0.061979745	-0.06865861	0.02947504	-0.03538839	0.0396447	-0.03431111	0.03632517	-0.036180086	0.021936344	-0.0223997	0.0119432565	-0.011987692
0.27723014	-0.29325724	0.18150243	-0.09226434	0.09180701	-0.5278727	0.30959198	-0.22770815	0.084845655	-0.10019885	0.9999996	-0.66309124	0.1798407	-0.18081598	0.08974844	-0.16886717	0.12116794	-0.113823764	0.10959621	-0.06660434	0.08283364	-0.07758337	0.07271724	-0.066914	0.07179697	-0.041858766	0.04688967	-0.050466806	0.039373253	-0.040385965	0.0501806	-0.028634043	0.029146044	-0.014225823	0.014343111
-0.28682673	0.24220407	-0.2012064	0.08996731	-0.09420831	0.29303506	-0.52626437	0.22698718	-0.0894839	0.0995666	-0.66309124	0.9999996	-0.26801154	0.18967885	-0.09243021	0.1438626	-0.1349776	0.113547266	-0.11314999	0.06733799	-0.08015146	0.07666682	-0.073238224	0.06704048	-0.072805114	0.04025965	-0.04624943	0.049244713	-0.039218396	0.03997187	-0.048588533	0.02800541	-0.02859343	0.014019409	-0.014154768
0.15666112	-0.16241156	0.17496318	-0.09913518	0.1000375	-0.13285038	0.1803123	-0.25030994	0.20093015	-0.2364304	0.1798407	-0.26801154	0.9999998	-0.8222897	0.1256588	-0.12663502	0.10121524	-0.14833076	0.14221896	-0.0966635	0.07744891	-0.082212836	0.07854754	-0.08371825	0.08642784	-0.040564373	0.049242593	-0.054848753	0.045541447	-0.047973685	0.048611414	-0.030276535	0.030737318	-0.015988283	0.01602869
-0.16395792	0.14912632	-0.1779468	0.09745577	-0.10556722	0.12451734	-0.17074661	0.18693902	-0.3021455	0.22204508	-0.18081598	0.18967885	-0.8222897	0.99999964	-0.14969607	0.11854627	-0.09721683	0.13457878	-0.16491559	0.10360001	-0.07764323	0.08107217	-0.079833515	0.0873339	-0.09326127	0.04038815	-0.049420986	0.054668613	-0.04719369	0.04918824	-0.048813015	0.030290185	-0.030909352	0.016280988	-0.01636004
0.09128554	-0.10017621	0.0837013	-0.0685601	0.069836326	-0.06902746	0.0818229	-0.08973239	0.10336357	-0.1293873	0.08974844	-0.09243021	0.1256588	-0.14969607	0.9999996	-0.23001872	0.1597882	-0.25524616	0.25997764	-0.772469	0.13702103	-0.19740286	0.17522562	-0.26716578	0.27079973	-0.07895905	0.11205378	-0.13551027	0.12446152	-0.14613415	0.090421245	-0.07021642	0.07022582	-0.04219547	0.041570317
-0.13067389	0.121478654	-0.10049008	0.06852484	-0.07347213	0.10447481	-0.117886156	0.10365956	-0.0712621	0.078300335	-0.16886717	0.1438626	-0.12663502	0.11854627	-0.23001872	0.9999996	-0.7183716	0.30159435	-0.34847087	0.16225755	-0.26233217	0.22112617	-0.22893319	0.17934448	-0.20403476	0.11339662	-0.13159446	0.12822308	-0.10537083	0.10224713	-0.12572919	0.07479773	-0.07705254	0.03636531	-0.037024096
0.09553988	-0.09480606	0.0763402	-0.051898256	0.054466266	-0.08087223	0.0938855	-0.082019925	0.054511778	-0.061089557	0.12116794	-0.1349776	0.10121524	-0.09721683	0.1597882	-0.7183716	0.9999997	-0.51314795	0.26455304	-0.12508544	0.15671279	-0.28006548	0.2067848	-0.15153418	0.15289557	-0.08170033	0.11243447	-0.111499764	0.08250352	-0.08223506	0.08766458	-0.06297945	0.06257312	-0.028913043	0.029171618
-0.10575701	0.10308253	-0.08947004	0.06266697	-0.06665239	0.08030833	-0.096427344	0.09324288	-0.075220786	0.082328856	-0.113823764	0.113547266	-0.14833076	0.13457878	-0.25524616	0.30159435	-0.51314795	0.99999946	-0.6368625	0.19841288	-0.16931935	0.22499204	-0.2701705	0.2218724	-0.22972174	0.08664656	-0.1237693	0.12751439	-0.11326675	0.111302905	-0.10030305	0.070957	-0.07254438	0.037024833	-0.037440073
0.10512924	-0.11254461	0.09249787	-0.06965903	0.071452476	-0.08167751	0.09568571	-0.09972731	0.083017506	-0.09491623	0.10959621	-0.11314999	0.14221896	-0.16491559	0.25997764	-0.34847087	0.26455304	-0.6368625	0.9999995	-0.32586512	0.16464263	-0.23956062	0.2306003	-0.3723229	0.26254234	-0.09216799	0.12875341	-0.14705814	0.13406792	-0.1426074	0.103552066	-0.07806014	0.078323916	-0.043770988	0.043461204
-0.067419015	0.070854	-0.061336532	0.048134398	-0.050293196	0.050368376	-0.060112707	0.064328484	-0.07556764	0.08401419	-0.06660434	0.06733799	-0.0966635	0.10360001	-0.772469	0.16225755	-0.12508544	0.19841288	-0.32586512	0.99999946	-0.10116359	0.15174891	-0.15445313	0.2425962	-0.4305465	0.057763666	-0.087230794	0.10152621	-0.111430176	0.1217798	-0.06658261	0.053262852	-0.054178152	0.034104384	-0.034116022
0.09108792	-0.10148418	0.0770631	-0.076175004	0.078700654	-0.06524825	0.07440618	-0.077594	0.049916018	-0.056686744	0.08283364	-0.08015146	0.07744891	-0.07764323	0.13702103	-0.26233217	0.15671279	-0.16931935	0.16464263	-0.10116359	0.9999995	-0.17745364	0.14835973	-0.120919116	0.12839648	-0.4963623	0.147352	-0.15717748	0.08584213	-0.08854285	0.3060526	-0.099949606	0.096867174	-0.037497234	0.03776138
-0.07560931	0.0760779	-0.06315392	0.048053507	-0.05088955	0.056536645	-0.06640391	0.065021336	-0.05110345	0.056761283	-0.07758337	0.07666682	-0.082212836	0.08107217	-0.19740286	0.22112617	-0.28006548	0.22499204	-0.23956062	0.15174891	-0.17745364	0.99999976	-0.7407244	0.24477018	-0.25218898	0.1072989	-0.3246386	0.22518519	-0.1388553	0.13123015	-0.11725348	0.13063778	-0.12808111	0.049313944	-0.05001664
0.070982516	-0.07428105	0.060182884	-0.046780754	0.048706662	-0.053953823	0.062739275	-0.06303282	0.04869422	-0.055088427	0.07271724	-0.073238224	0.07854754	-0.079833515	0.17522562	-0.22893319	0.2067848	-0.2701705	0.2306003	-0.15445313	0.14835973	-0.7407244	0.9999996	-0.40056422	0.239595	-0.09587733	0.20766595	-0.2369172	0.14102152	-0.14446197	0.10295664	-0.11775029	0.110144995	-0.048739836	0.04834033
-0.067291215	0.0702134	-0.05877751	0.045657832	-0.047723815	0.050265726	-0.059196554	0.061350938	-0.05546311	0.061979745	-0.066914	0.06704048	-0.08371825	0.0873339	-0.26716578	0.17934448	-0.15153418	0.2218724	-0.3723229	0.2425962	-0.120919116	0.24477018	-0.40056422	0.9999996	-0.6806759	0.072115526	-0.13367468	0.14903887	-0.24781403	0.20416512	-0.08216837	0.07714133	-0.07989068	0.054900814	-0.055007763
0.07254103	-0.07858594	0.063763276	-0.05123995	0.052585814	-0.05472112	0.063961685	-0.06746733	0.059258915	-0.06865861	0.07179697	-0.072805114	0.08642784	-0.09326127	0.27079973	-0.20403476	0.15289557	-0.22972174	0.26254234	-0.4305465	0.12839648	-0.25218898	0.239595	-0.6806759	0.9999993	-0.07782396	0.13260022	-0.16082779	0.20126048	-0.25657558	0.087786555	-0.08135162	0.082085006	-0.058273405	0.057640515
-0.04598625	0.049697824	-0.038652796	0.036454502	-0.038074058	0.032632068	-0.037526216	0.038767625	-0.02615993	0.02947504	-0.041858766	0.04025965	-0.040564373	0.04038815	-0.07895905	0.11339662	-0.08170033	0.08664656	-0.09216799	0.057763666	-0.4963623	0.1072989	-0.09587733	0.072115526	-0.07782396	0.99999917	-0.17121059	0.14178948	-0.060345177	0.061045468	-0.7840926	0.113931045	-0.10804894	0.031441115	-0.031981666
0.048525527	-0.050801612	0.040950634	-0.03374446	0.03544706	-0.035573013	0.041278366	-0.041943308	0.031512856	-0.03538839	0.04688967	-0.04624943	0.049242593	-0.049420986	0.11205378	-0.13159446	0.11243447	-0.1237693	0.12875341	-0.087230794	0.147352	-0.3246386	0.20766595	-0.13367468	0.13260022	-0.17121059	0.9999991	-0.71804535	0.14629625	-0.14936297	0.1564132	-0.43088427	0.28366247	-0.07450027	0.07330364
-0.053253513	0.054671925	-0.044954825	0.036619786	-0.03889479	0.038389936	-0.044755436	0.04560954	-0.035608683	0.0396447	-0.050466806	0.049244713	-0.054848753	0.054668613	-0.13551027	0.12822308	-0.111499764	0.12751439	-0.14705814	0.10152621	-0.15717748	0.22518519	-0.2369172	0.14903887	-0.16082779	0.14178948	-0.71804535	0.9999991	-0.22152856	0.17278263	-0.16349849	0.28588492	-0.4257669	0.09364304	-0.0977355
0.040796675	-0.04323683	0.03527927	-0.028514046	0.02974199	-0.03008009	0.035118837	-0.0365712	0.030338587	-0.03431111	0.039373253	-0.039218396	0.045541447	-0.04719369	0.12446152	-0.10537083	0.08250352	-0.11326675	0.13406792	-0.111430176	0.08584213	-0.1388553	0.14102152	-0.24781403	0.20126048	-0.060345177	0.14629625	-0.22152856	0.999999	-0.87761885	0.069099724	-0.09143942	0.10559911	-0.15999533	0.1418162
-0.042187024	0.043988824	-0.036532693	0.029302653	-0.030848768	0.030810665	-0.03611727	0.037579965	-0.032479066	0.03632517	-0.040385965	0.03997187	-0.047973685	0.04918824	-0.14613415	0.10224713	-0.08223506	0.111302905	-0.1426074	0.1217798	-0.08854285	0.13123015	-0.14446197	0.20416512	-0.25657558	0.061045468	-0.14936297	0.17278263	-0.87761885	0.9999988	-0.07157361	0.08894835	-0.10772077	0.14479397	-0.1716566
0.057351425	-0.064008296	0.048830852	-0.049403295	0.051216364	-0.040138073	0.046190094	-0.048749242	0.03190728	-0.036180086	0.0501806	-0.048588533	0.048611414	-0.048813015	0.090421245	-0.12572919	0.08766458	-0.10030305	0.103552066	-0.06658261	0.3060526	-0.11725348	0.10295664	-0.08216837	0.087786555	-0.7840926	0.1564132	-0.16349849	0.069099724	-0.07157361	0.99999917	-0.14479181	0.12029258	-0.03669842	0.03683689
-0.030359259	0.03177858	-0.025647633	0.021639263	-0.022795852	0.021918977	-0.025465392	0.026057396	-0.019588286	0.021936344	-0.028634043	0.02800541	-0.030276535	0.030290185	-0.07021642	0.07479773	-0.06297945	0.070957	-0.07806014	0.053262852	-0.099949606	0.13063778	-0.11775029	0.07714133	-0.08135162	0.113931045	-0.43088427	0.28588492	-0.09143942	0.08894835	-0.14479181	0.999999	-0.82338107	0.09667274	-0.10094684
0.030973302	-0.032726984	0.026232798	-0.02230666	0.023412704	-0.022403818	0.025990052	-0.026715975	0.019929789	-0.0223997	0.029146044	-0.02859343	0.030737318	-0.030909352	0.07022582	-0.07705254	0.06257312	-0.07254438	0.078323916	-0.054178152	0.096867174	-0.12808111	0.110144995	-0.07989068	0.082085006	-0.10804894	0.28366247	-0.4257669	0.10559911	-0.10772077	0.12029258	-0.82338107	0.99999917	-0.130697	0.11251051
-0.015071713	0.01586387	-0.012924641	0.01068398	-0.011224232	0.010931924	-0.01274653	0.013230416	-0.010635186	0.0119432565	-0.014225823	0.014019409	-0.015988283	0.016280988	-0.04219547	0.03636531	-0.028913043	0.037024833	-0.043770988	0.034104384	-0.037497234	0.049313944	-0.048739836	0.054900814	-0.058273405	0.031441115	-0.07450027	0.09364304	-0.15999533	0.14479397	-0.03669842	0.09667274	-0.130697	0.99999917	-0.9609421
0.015188922	-0.016066281	0.013029108	-0.010817403	0.011336545	-0.011034971	0.012855249	-0.013357589	0.01064812	-0.011987692	0.014343111	-0.014154768	0.01602869	-0.01636004	0.041570317	-0.037024096	0.029171618	-0.037440073	0.043461204	-0.034116022	0.03776138	-0.05001664	0.04834033	-0.055007763	0.057640515	-0.031981666	0.07330364	-0.0977355	0.1418162	-0.1716566	0.03683689	-0.10094684	0.11251051	-0.9609421	0.99999917
