1.0	-0.51784116	0.27825734	-0.24761252	0.22839917	-0.5085124	0.30234727	-0.3462171	0.2651213	-0.19556439	0.24335116	-0.22718568	0.21347247	-0.2328054	0.15453708	-0.12113959	0.14473191	-0.19558492	0.1540178	-0.15590695	0.13585521	-0.112436906	0.1288959	-0.11899486	0.10452175	-0.082521886	0.10637486	-0.12443301	0.100871205	-0.10441598	0.09541887	-0.08408771	0.10303491	-0.07242785	0.072988175
-0.51784116	1.0000002	-0.6409673	0.25113705	-0.23609681	0.2579835	-0.3596866	0.27264115	-0.25711828	0.14783424	-0.19020197	0.16966067	-0.17115995	0.16562325	-0.1191563	0.087108865	-0.10712203	0.13500233	-0.1126016	0.11126264	-0.09862804	0.07948848	-0.09182318	0.08348167	-0.07494095	0.05793164	-0.07581099	0.086331725	-0.071262464	0.072626255	-0.067630485	0.059168033	-0.07305957	0.05057198	-0.051375486
0.27825734	-0.6409673	1.0	-0.49202266	0.25015903	-0.2204629	0.23394987	-0.36948046	0.2658103	-0.16883145	0.1715126	-0.16324723	0.17620233	-0.18135996	0.12790382	-0.08662797	0.10614064	-0.14370276	0.11945025	-0.12103579	0.09984303	-0.08188421	0.09574762	-0.08964808	0.07989293	-0.05983938	0.07828936	-0.09109201	0.075253166	-0.07737948	0.06970431	-0.061572686	0.07594161	-0.053316467	0.053975068
-0.24761252	0.25113705	-0.49202266	0.9999998	-0.5800087	0.16984195	-0.17834334	0.24151714	-0.4954729	0.2123185	-0.1606121	0.14334516	-0.16355148	0.18386212	-0.15587924	0.08547286	-0.10633861	0.14628576	-0.12871666	0.13322917	-0.103080995	0.08409634	-0.09987261	0.09574843	-0.086865634	0.06183384	-0.08176476	0.0946541	-0.07980302	0.08175593	-0.07286581	0.06412671	-0.079784125	0.056025825	-0.056986075
0.22839917	-0.23609681	0.25015903	-0.5800087	0.9999997	-0.18450122	0.17716664	-0.2582002	0.310147	-0.4581295	0.18399982	-0.1703924	0.19335324	-0.25261024	0.23655064	-0.10892325	0.13504653	-0.2031613	0.18058573	-0.20678316	0.13440241	-0.11229683	0.13561954	-0.14000899	0.12567173	-0.08259655	0.1095969	-0.13157985	0.11215815	-0.1170157	0.096975535	-0.08708594	0.108135454	-0.07820633	0.07905884
-0.5085124	0.2579835	-0.2204629	0.16984195	-0.18450122	0.9999993	-0.63736457	0.2848732	-0.22960092	0.14305674	-0.39198467	0.2512899	-0.21310565	0.18528405	-0.12310547	0.11780439	-0.14080974	0.15373893	-0.12455244	0.11878616	-0.12056112	0.09471124	-0.10541854	0.09122076	-0.08173812	0.06791799	-0.08805191	0.09788035	-0.07959602	0.0804779	-0.078301705	0.06818206	-0.08346618	0.056865685	-0.057758655
0.30234727	-0.3596866	0.23394987	-0.17834334	0.17716664	-0.63736457	0.9999992	-0.48822802	0.22148757	-0.143032	0.26588944	-0.3190562	0.22686103	-0.19592865	0.12162836	-0.10875897	0.13059835	-0.15319376	0.123269014	-0.118161745	0.111058615	-0.08963932	0.10128198	-0.08980567	0.080009244	-0.06398669	0.08305763	-0.094584286	0.076925635	-0.07832106	0.07334125	-0.064834654	0.079150364	-0.05470318	0.055363968
-0.3462171	0.27264115	-0.36948046	0.24151714	-0.2582002	0.2848732	-0.48822802	0.999999	-0.39656866	0.189454	-0.29213306	0.26164535	-0.43061003	0.2590946	-0.17040157	0.12753004	-0.16088729	0.19622253	-0.17002998	0.15599197	-0.14436431	0.11425993	-0.13452056	0.11768377	-0.10709573	0.08250382	-0.10947122	0.12195614	-0.10157166	0.10171944	-0.09697706	0.084407434	-0.1048868	0.07136593	-0.0730268
0.2651213	-0.25711828	0.2658103	-0.4954729	0.310147	-0.22960092	0.22148757	-0.39656866	0.9999988	-0.28216895	0.21980545	-0.2090021	0.23739657	-0.3107328	0.20351449	-0.12733994	0.15670976	-0.23200072	0.19195972	-0.20129806	0.15441851	-0.12889233	0.15258023	-0.14820643	0.13030721	-0.09579117	0.12471856	-0.14844942	0.122519284	-0.12773092	0.11215282	-0.09906832	0.122430675	-0.087318644	0.08804666
-0.19556439	0.14783424	-0.16883145	0.2123185	-0.4581295	0.14305674	-0.143032	0.189454	-0.28216895	0.9999985	-0.17977938	0.15275635	-0.20173758	0.25361452	-0.6758516	0.10583773	-0.1362646	0.1917612	-0.23560978	0.2517398	-0.13778105	0.11090894	-0.14132826	0.15146118	-0.1584367	0.08048451	-0.1125216	0.1275333	-0.12152795	0.11971647	-0.0975323	0.08703048	-0.11226063	0.079049945	-0.08274511
0.24335116	-0.19020197	0.1715126	-0.1606121	0.18399982	-0.39198467	0.26588944	-0.29213306	0.21980545	-0.17977938	0.99999857	-0.66686064	0.2828136	-0.27880746	0.15522248	-0.24287477	0.22334252	-0.22580431	0.16682115	-0.16061197	0.17469183	-0.14169432	0.14434789	-0.12437759	0.10875272	-0.09717056	0.12079519	-0.13768484	0.10731755	-0.110427015	0.105131336	-0.09509112	0.11184771	-0.07769003	0.07745697
-0.22718568	0.16966067	-0.16324723	0.14334516	-0.1703924	0.2512899	-0.3190562	0.26164535	-0.2090021	0.15275635	-0.66686064	0.99999857	-0.4862283	0.24957237	-0.1445179	0.18186279	-0.2520347	0.19615419	-0.15627651	0.13926746	-0.15781888	0.12272284	-0.13053508	0.107252546	-0.096205816	0.08391552	-0.10765686	0.11795663	-0.09417186	0.09447826	-0.09373002	0.082877524	-0.09956847	0.06726497	-0.0680601
0.21347247	-0.17115995	0.17620233	-0.16355148	0.19335324	-0.21310565	0.22686103	-0.43061003	0.23739657	-0.20173758	0.2828136	-0.4862283	0.99999833	-0.56959206	0.19519888	-0.13837753	0.17174792	-0.27519074	0.21220125	-0.1868139	0.14501679	-0.12051279	0.15052798	-0.13555385	0.12026603	-0.08329997	0.11207701	-0.13321945	0.10995391	-0.110865735	0.095541954	-0.087596335	0.10761155	-0.075454436	0.07657706
-0.2328054	0.16562325	-0.18135996	0.18386212	-0.25261024	0.18528405	-0.19592865	0.2590946	-0.3107328	0.25361452	-0.27880746	0.24957237	-0.56959206	0.99999857	-0.3748276	0.13775466	-0.17902437	0.25324938	-0.3927751	0.25658646	-0.16490228	0.13273112	-0.17208135	0.1760899	-0.16680072	0.0937203	-0.13029538	0.14953321	-0.1367203	0.13388096	-0.111466296	0.10049397	-0.1277648	0.08930755	-0.09276263
0.15453708	-0.1191563	0.12790382	-0.15587924	0.23655064	-0.12310547	0.12162836	-0.17040157	0.20351449	-0.6758516	0.15522248	-0.1445179	0.19519888	-0.3748276	0.999999	-0.0953363	0.12152436	-0.20096919	0.25457627	-0.45767486	0.120587185	-0.10120372	0.13313228	-0.17630257	0.17416926	-0.071137	0.100750126	-0.123712964	0.12121373	-0.12621398	0.08445756	-0.079569295	0.10118545	-0.07695752	0.07914219
-0.12113959	0.087108865	-0.08662797	0.08547286	-0.10892325	0.11780439	-0.10875897	0.12753004	-0.12733994	0.10583773	-0.24287477	0.18186279	-0.13837753	0.13775466	-0.0953363	0.9999989	-0.74684036	0.20393392	-0.12002158	0.11022631	-0.49112993	0.22248451	-0.15510562	0.09543132	-0.08326063	0.14297238	-0.16057694	0.14058608	-0.09621943	0.09688166	-0.14279367	0.1150868	-0.12496287	0.07683827	-0.07544771
0.14473191	-0.10712203	0.10614064	-0.10633861	0.13504653	-0.14080974	0.13059835	-0.16088729	0.15670976	-0.1362646	0.22334252	-0.2520347	0.17174792	-0.17902437	0.12152436	-0.74684036	0.999999	-0.3119192	0.15567464	-0.14514959	0.2921334	-0.27216288	0.1855622	-0.12370132	0.106235966	-0.15102358	0.17311375	-0.17739753	0.11931844	-0.12297312	0.1413239	-0.13507766	0.14121631	-0.09380373	0.090016596
-0.19558492	0.13500233	-0.14370276	0.14628576	-0.2031613	0.15373893	-0.15319376	0.19622253	-0.23200072	0.1917612	-0.22580431	0.19615419	-0.27519074	0.25324938	-0.20096919	0.20393392	-0.3119192	0.9999992	-0.4307113	0.24295567	-0.27266142	0.22861896	-0.50848377	0.20424415	-0.18757726	0.14409329	-0.2232973	0.27012223	-0.20291267	0.18125103	-0.17378896	0.1637767	-0.2128065	0.13323005	-0.13992114
0.1540178	-0.1126016	0.11945025	-0.12871666	0.18058573	-0.12455244	0.123269014	-0.17002998	0.19195972	-0.23560978	0.16682115	-0.15627651	0.21220125	-0.3927751	0.25457627	-0.12002158	0.15567464	-0.4307113	0.9999991	-0.591728	0.15196024	-0.13356481	0.20000046	-0.36437505	0.25960052	-0.088323034	0.13116266	-0.17708741	0.17867427	-0.18071933	0.10391241	-0.10393281	0.13238096	-0.10436122	0.10731258
-0.15590695	0.11126264	-0.12103579	0.13322917	-0.20678316	0.11878616	-0.118161745	0.15599197	-0.20129806	0.2517398	-0.16061197	0.13926746	-0.1868139	0.25658646	-0.45767486	0.11022631	-0.14514959	0.24295567	-0.591728	0.99999905	-0.14897694	0.12419925	-0.17797579	0.27346072	-0.4106632	0.085846744	-0.12807019	0.15573199	-0.18137471	0.1805838	-0.103914864	0.100043096	-0.13161336	0.10249744	-0.11052965
0.13585521	-0.09862804	0.09984303	-0.103080995	0.13440241	-0.12056112	0.111058615	-0.14436431	0.15441851	-0.13778105	0.17469183	-0.15781888	0.14501679	-0.16490228	0.120587185	-0.49112993	0.2921334	-0.27266142	0.15196024	-0.14897694	0.9999993	-0.53305244	0.21689747	-0.13449499	0.11445786	-0.3212665	0.2511404	-0.22080222	0.1383109	-0.1443173	0.22929683	-0.19588366	0.18354148	-0.11713803	0.10923366
-0.112436906	0.07948848	-0.08188421	0.08409634	-0.11229683	0.09471124	-0.08963932	0.11425993	-0.12889233	0.11090894	-0.14169432	0.12272284	-0.12051279	0.13273112	-0.10120372	0.22248451	-0.27216288	0.22861896	-0.13356481	0.12419925	-0.53305244	0.9999993	-0.33047038	0.12074161	-0.10529914	0.1829829	-0.57740825	0.2428331	-0.1444008	0.138596	-0.19267413	0.24170859	-0.25328213	0.12457901	-0.12212518
0.1288959	-0.09182318	0.09574762	-0.09987261	0.13561954	-0.10541854	0.10128198	-0.13452056	0.15258023	-0.14132826	0.14434789	-0.13053508	0.15052798	-0.17208135	0.13313228	-0.15510562	0.1855622	-0.50848377	0.20000046	-0.17797579	0.21689747	-0.33047038	0.9999992	-0.18714263	0.15249051	-0.1271168	0.23313901	-0.63469607	0.21804142	-0.20529954	0.13794857	-0.18669102	0.21575396	-0.14217797	0.13611221
-0.11899486	0.08348167	-0.08964808	0.09574843	-0.14000899	0.09122076	-0.08980567	0.11768377	-0.14820643	0.15146118	-0.12437759	0.107252546	-0.13555385	0.1760899	-0.17630257	0.09543132	-0.12370132	0.20424415	-0.36437505	0.27346072	-0.13449499	0.12074161	-0.18714263	0.99999875	-0.7301981	0.07967095	-0.12924999	0.18252774	-0.3703138	0.2694052	-0.09545934	0.10448521	-0.14075388	0.13162436	-0.14446959
0.10452175	-0.07494095	0.07989293	-0.086865634	0.12567173	-0.08173812	0.080009244	-0.10709573	0.13030721	-0.1584367	0.10875272	-0.096205816	0.12026603	-0.16680072	0.17416926	-0.08326063	0.106235966	-0.18757726	0.25960052	-0.4106632	0.11445786	-0.10529914	0.15249051	-0.7301981	0.99999845	-0.06923513	0.11055201	-0.16209926	0.25850785	-0.37516436	0.081659056	-0.09301516	0.122222394	-0.1313158	0.13796619
-0.082521886	0.05793164	-0.05983938	0.06183384	-0.08259655	0.06791799	-0.06398669	0.08250382	-0.09579117	0.08048451	-0.09717056	0.08391552	-0.08329997	0.0937203	-0.071137	0.14297238	-0.15102358	0.14409329	-0.088323034	0.085846744	-0.3212665	0.1829829	-0.1271168	0.07967095	-0.06923513	0.9999987	-0.18950352	0.13143021	-0.08782167	0.08919656	-0.87555397	0.15124017	-0.14581329	0.07939396	-0.07639479
0.10637486	-0.07581099	0.07828936	-0.08176476	0.1095969	-0.08805191	0.08305763	-0.10947122	0.12471856	-0.1125216	0.12079519	-0.10765686	0.11207701	-0.13029538	0.100750126	-0.16057694	0.17311375	-0.2232973	0.13116266	-0.12807019	0.2511404	-0.57740825	0.23313901	-0.12924999	0.11055201	-0.18950352	0.99999857	-0.31277874	0.15701638	-0.1606969	0.17530137	-0.5490754	0.2872393	-0.15332991	0.13420199
-0.12443301	0.086331725	-0.09109201	0.0946541	-0.13157985	0.09788035	-0.094584286	0.12195614	-0.14844942	0.1275333	-0.13768484	0.11795663	-0.13321945	0.14953321	-0.123712964	0.14058608	-0.17739753	0.27012223	-0.17708741	0.15573199	-0.22080222	0.2428331	-0.63469607	0.18252774	-0.16209926	0.13143021	-0.31277874	0.9999983	-0.3894219	0.23565413	-0.15318775	0.22183591	-0.34790394	0.17557284	-0.18032104
0.100871205	-0.071262464	0.075253166	-0.07980302	0.11215815	-0.07959602	0.076925635	-0.10157166	0.122519284	-0.12152795	0.10731755	-0.09417186	0.10995391	-0.1367203	0.12121373	-0.09621943	0.11931844	-0.20291267	0.17867427	-0.18137471	0.1383109	-0.1444008	0.21804142	-0.3703138	0.25850785	-0.08782167	0.15701638	-0.3894219	0.99999815	-0.69475734	0.10062384	-0.14247477	0.18679272	-0.26119095	0.22896935
-0.10441598	0.072626255	-0.07737948	0.08175593	-0.1170157	0.0804779	-0.07832106	0.10171944	-0.12773092	0.11971647	-0.110427015	0.09447826	-0.110865735	0.13388096	-0.12621398	0.09688166	-0.12297312	0.18125103	-0.18071933	0.1805838	-0.1443173	0.138596	-0.20529954	0.2694052	-0.37516436	0.08919656	-0.1606969	0.23565413	-0.69475734	0.99999857	-0.10622782	0.13765913	-0.19703764	0.24139065	-0.3676697
0.09541887	-0.067630485	0.06970431	-0.07286581	0.096975535	-0.078301705	0.07334125	-0.09697706	0.11215282	-0.0975323	0.105131336	-0.09373002	0.095541954	-0.111466296	0.08445756	-0.14279367	0.1413239	-0.17378896	0.10391241	-0.103914864	0.22929683	-0.19267413	0.13794857	-0.09545934	0.081659056	-0.87555397	0.17530137	-0.15318775	0.10062384	-0.10622782	0.9999988	-0.1850555	0.15192185	-0.09175078	0.08469171
-0.08408771	0.059168033	-0.061572686	0.06412671	-0.08708594	0.06818206	-0.064834654	0.084407434	-0.09906832	0.08703048	-0.09509112	0.082877524	-0.087596335	0.10049397	-0.079569295	0.1150868	-0.13507766	0.1637767	-0.10393281	0.100043096	-0.19588366	0.24170859	-0.18669102	0.10448521	-0.09301516	0.15124017	-0.5490754	0.22183591	-0.14247477	0.13765913	-0.1850555	0.99999833	-0.6877438	0.17507108	-0.16742879
0.10303491	-0.07305957	0.07594161	-0.079784125	0.108135454	-0.08346618	0.079150364	-0.1048868	0.122430675	-0.11226063	0.11184771	-0.09956847	0.10761155	-0.1277648	0.10118545	-0.12496287	0.14121631	-0.2128065	0.13238096	-0.13161336	0.18354148	-0.25328213	0.21575396	-0.14075388	0.122222394	-0.14581329	0.2872393	-0.34790394	0.18679272	-0.19703764	0.15192185	-0.6877438	0.9999982	-0.32746193	0.21436293
-0.07242785	0.05057198	-0.053316467	0.056025825	-0.07820633	0.056865685	-0.05470318	0.07136593	-0.087318644	0.079049945	-0.07769003	0.06726497	-0.075454436	0.08930755	-0.07695752	0.07683827	-0.09380373	0.13323005	-0.10436122	0.10249744	-0.11713803	0.12457901	-0.14217797	0.13162436	-0.1313158	0.07939396	-0.15332991	0.17557284	-0.26119095	0.24139065	-0.09175078	0.17507108	-0.32746193	0.9999984	-0.8316992
0.072988175	-0.051375486	0.053975068	-0.056986075	0.07905884	-0.057758655	0.055363968	-0.0730268	0.08804666	-0.08274511	0.07745697	-0.0680601	0.07657706	-0.09276263	0.07914219	-0.07544771	0.090016596	-0.13992114	0.10731258	-0.11052965	0.10923366	-0.12212518	0.13611221	-0.14446959	0.13796619	-0.07639479	0.13420199	-0.18032104	0.22896935	-0.3676697	0.08469171	-0.16742879	0.21436293	-0.8316992	0.9999984
