1.0	-0.22464716	0.16921067	-0.114264436	0.09964492	-0.8417561	0.2652308	-0.1713506	0.118720375	-0.11096472	0.15646328	-0.21330537	0.16242076	-0.12354278	0.115041025	-0.14481494	0.15292627	-0.15699036	0.11416117	-0.104639515	0.12546176	-0.11493477	0.10931003	-0.11268096	0.10709855	-0.099349625	0.09563687	-0.10310269	0.07725282	-0.074722454	0.056983367	-0.046933398	0.11056347	-0.06281572	0.055430587
-0.22464716	0.9999999	-0.7744524	0.18482684	-0.156206	0.18420555	-0.42142975	0.2370744	-0.1780973	0.1393767	-0.1284839	0.20269579	-0.22988299	0.14276962	-0.1364357	0.1120293	-0.15013604	0.14474459	-0.119486876	0.106496245	-0.11343238	0.10299691	-0.10193923	0.104963556	-0.106929444	0.08536826	-0.085894704	0.09127578	-0.071590796	0.06884583	-0.05039705	0.041397557	-0.098675005	0.05592554	-0.050397605
0.16921067	-0.7744524	0.99999976	-0.27923837	0.17252512	-0.16477251	0.26657903	-0.3324986	0.20095487	-0.16717578	0.12353117	-0.20676477	0.22909187	-0.16396524	0.14776874	-0.11466453	0.14746635	-0.16062333	0.12925269	-0.11838368	0.11649733	-0.10862808	0.108738825	-0.11528088	0.11505835	-0.091471955	0.090390675	-0.09984881	0.077748336	-0.0756855	0.05414829	-0.044617236	0.106181234	-0.06183598	0.055082638
-0.114264436	0.18482684	-0.27923837	1.0	-0.6058775	0.09883806	-0.16782898	0.2087121	-0.5866761	0.30321616	-0.09941992	0.1390035	-0.20946713	0.2323689	-0.23371263	0.09066695	-0.1269076	0.15158048	-0.15880711	0.14285089	-0.10517987	0.09678475	-0.10767207	0.11784113	-0.13295355	0.080526106	-0.082543835	0.09429418	-0.079478525	0.077332556	-0.050830647	0.04167188	-0.10156515	0.060165238	-0.05510576
0.09964492	-0.156206	0.17252512	-0.6058775	0.9999998	-0.08873121	0.14025183	-0.17556539	0.2986613	-0.6399768	0.09242949	-0.12876903	0.17046084	-0.2340636	0.23654784	-0.08665601	0.119320296	-0.15404767	0.15112175	-0.15390363	0.10158901	-0.09532261	0.10653377	-0.121514805	0.13199747	-0.08011159	0.08106105	-0.095786504	0.07996958	-0.079500645	0.050399393	-0.041491773	0.100779735	-0.061982848	0.055854734
-0.8417561	0.18420555	-0.16477251	0.09883806	-0.08873121	0.9999998	-0.38621923	0.15529619	-0.10696859	0.09454523	-0.17281565	0.19628644	-0.15852587	0.106343	-0.1008801	0.13386284	-0.14648348	0.13178939	-0.09941783	0.08861557	-0.114322945	0.10092046	-0.0947403	0.09496754	-0.092316434	0.08484526	-0.083647646	0.08588227	-0.0651566	0.06231705	-0.0481272	0.039540753	-0.09331409	0.051635563	-0.046197437
0.2652308	-0.42142975	0.26657903	-0.16782898	0.14025183	-0.38621923	0.99999976	-0.35681838	0.17730878	-0.15532997	0.20100097	-0.51282245	0.26517308	-0.17543742	0.15756036	-0.18469068	0.23394771	-0.22023739	0.15686136	-0.1401786	0.16259728	-0.15581116	0.14283948	-0.14712203	0.14009894	-0.12612784	0.1231941	-0.1298016	0.09804097	-0.09494146	0.07000991	-0.05799363	0.13603748	-0.07809431	0.069237806
-0.1713506	0.2370744	-0.3324986	0.2087121	-0.17556539	0.15529619	-0.35681838	0.99999976	-0.3325114	0.18608509	-0.14185776	0.23157495	-0.7164336	0.21832997	-0.18603179	0.12563334	-0.17319866	0.18029839	-0.15981631	0.13802166	-0.13094522	0.120352104	-0.12286335	0.12907691	-0.13436261	0.09910439	-0.10019348	0.108556144	-0.08681649	0.08385504	-0.059171792	0.048642755	-0.11655966	0.06710938	-0.060704846
0.118720375	-0.1780973	0.20095487	-0.5866761	0.2986613	-0.10696859	0.17730878	-0.3325114	0.9999997	-0.42265928	0.11082531	-0.1599016	0.24436632	-0.4422908	0.26377556	-0.10365559	0.14485243	-0.19169787	0.19882771	-0.17784886	0.1189246	-0.11210493	0.12500304	-0.14249466	0.15292098	-0.092828415	0.094212584	-0.109790996	0.091817416	-0.090742424	0.057625405	-0.047476344	0.11524045	-0.07019039	0.06354075
-0.11096472	0.1393767	-0.16717578	0.30321616	-0.6399768	0.09454523	-0.15532997	0.18608509	-0.42265928	0.9999994	-0.104761474	0.13897115	-0.2056719	0.2647115	-0.45699775	0.096165694	-0.13696188	0.17070898	-0.18871093	0.19240195	-0.117186114	0.10805533	-0.12561393	0.14014839	-0.17282613	0.08972709	-0.09290146	0.108793765	-0.09542199	0.093353175	-0.058167532	0.047630582	-0.117293954	0.07071049	-0.06556213
0.15646328	-0.1284839	0.12353117	-0.09941992	0.09242949	-0.17281565	0.20100097	-0.14185776	0.11082531	-0.104761474	0.9999997	-0.38491198	0.16223238	-0.12941019	0.12128359	-0.7843078	0.27195835	-0.20945348	0.13691697	-0.119243465	0.22168782	-0.19243304	0.14490977	-0.14202465	0.1250221	-0.16060169	0.13984264	-0.12830289	0.09171945	-0.08769641	0.068204254	-0.057413485	0.12889005	-0.07198258	0.0635978
-0.21330537	0.20269579	-0.20676477	0.1390035	-0.12876903	0.19628644	-0.51282245	0.23157495	-0.1599016	0.13897115	-0.38491198	0.9999997	-0.32047826	0.17090876	-0.16098373	0.26050332	-0.5088785	0.24581735	-0.17840782	0.14524145	-0.21871303	0.20062035	-0.16975072	0.15970501	-0.1532971	0.14800295	-0.15316504	0.14021863	-0.10587896	0.09997526	-0.07709412	0.06388105	-0.1483826	0.08060634	-0.07290211
0.16242076	-0.22988299	0.22909187	-0.20946713	0.17046084	-0.15852587	0.26517308	-0.7164336	0.24436632	-0.2056719	0.16223238	-0.32047826	0.99999964	-0.29652354	0.20369378	-0.15314455	0.2026402	-0.23759785	0.18889023	-0.167334	0.15373088	-0.14662127	0.1471734	-0.15889278	0.1566501	-0.12134027	0.11979923	-0.13342156	0.10432072	-0.102168165	0.07098976	-0.058691572	0.13954897	-0.08257628	0.073428065
-0.12354278	0.14276962	-0.16396524	0.2323689	-0.2340636	0.106343	-0.17543742	0.21832997	-0.4422908	0.2647115	-0.12941019	0.17090876	-0.29652354	0.9999999	-0.5511745	0.12004141	-0.18351662	0.2506314	-0.45819637	0.2662442	-0.14683339	0.13803254	-0.16692053	0.19025019	-0.22716382	0.11127389	-0.116286986	0.13599093	-0.12109415	0.11825141	-0.07075472	0.058184534	-0.14348446	0.08726004	-0.08117712
0.115041025	-0.1364357	0.14776874	-0.23371263	0.23654784	-0.1008801	0.15756036	-0.18603179	0.26377556	-0.45699775	0.12128359	-0.16098373	0.20369378	-0.5511745	1.0000002	-0.11637837	0.16730763	-0.24941371	0.27980468	-0.4550937	0.14288183	-0.1389382	0.16565095	-0.2090982	0.24418499	-0.114041656	0.11618785	-0.14569013	0.12864873	-0.1348573	0.071819745	-0.059590682	0.14588702	-0.0969021	0.08745149
-0.14481494	0.1120293	-0.11466453	0.09066695	-0.08665601	0.13386284	-0.18469068	0.12563334	-0.10365559	0.096165694	-0.7843078	0.26050332	-0.15314455	0.12004141	-0.11637837	1.0000002	-0.377665	0.19707762	-0.136069	0.11299252	-0.31671664	0.2027703	-0.14985983	0.13696088	-0.12302074	0.16065824	-0.1494764	0.123760894	-0.08914244	0.083636135	-0.06771064	0.056720085	-0.1271072	0.06779221	-0.06085387
0.15292627	-0.15013604	0.14746635	-0.1269076	0.119320296	-0.14648348	0.23394771	-0.17319866	0.14485243	-0.13696188	0.27195835	-0.5088785	0.2026402	-0.18351662	0.16730763	-0.377665	1.0000007	-0.48441795	0.22010377	-0.17519258	0.2560504	-0.36675265	0.21533921	-0.20391227	0.17631947	-0.18857445	0.18882541	-0.17091335	0.12340864	-0.1177431	0.08687291	-0.07358169	0.16636007	-0.0933614	0.08328474
-0.15699036	0.14474459	-0.16062333	0.15158048	-0.15404767	0.13178939	-0.22023739	0.18029839	-0.19169787	0.17070898	-0.20945348	0.24581735	-0.23759785	0.2506314	-0.24941371	0.19707762	-0.48441795	1.0000008	-0.5507506	0.2511621	-0.23577935	0.22795129	-0.28998378	0.24731846	-0.26733512	0.16482481	-0.17987543	0.18857221	-0.15662396	0.14536907	-0.099240646	0.0816603	-0.20072666	0.10953458	-0.10299687
0.11416117	-0.119486876	0.12925269	-0.15880711	0.15112175	-0.09941783	0.15686136	-0.15981631	0.19882771	-0.18871093	0.13691697	-0.17840782	0.18889023	-0.45819637	0.27980468	-0.136069	0.22010377	-0.5507506	1.0000005	-0.47236273	0.16398694	-0.1671953	0.21156105	-0.30141816	0.26832765	-0.12693417	0.1318425	-0.16115089	0.14240694	-0.14363238	0.077278286	-0.06433301	0.15809491	-0.10093216	0.092280045
-0.104639515	0.106496245	-0.11838368	0.14285089	-0.15390363	0.08861557	-0.1401786	0.13802166	-0.17784886	0.19240195	-0.119243465	0.14524145	-0.167334	0.2662442	-0.4550937	0.11299252	-0.17519258	0.2511621	-0.47236273	1.0000005	-0.15124066	0.14589028	-0.20031689	0.24866074	-0.59689105	0.11616357	-0.123568185	0.15838116	-0.16915885	0.17356533	-0.07748065	0.06393803	-0.16223705	0.1095078	-0.10751283
0.12546176	-0.11343238	0.11649733	-0.10517987	0.10158901	-0.114322945	0.16259728	-0.13094522	0.1189246	-0.117186114	0.22168782	-0.21871303	0.15373088	-0.14683339	0.14288183	-0.31671664	0.2560504	-0.23577935	0.16398694	-0.15124066	1.0000006	-0.5785292	0.24653897	-0.23082732	0.169256	-0.49807203	0.30526134	-0.21681161	0.13732544	-0.12941001	0.1107847	-0.096844345	0.19513799	-0.10558885	0.0918714
-0.11493477	0.10299691	-0.10862808	0.09678475	-0.09532261	0.10092046	-0.15581116	0.120352104	-0.11210493	0.10805533	-0.19243304	0.20062035	-0.14662127	0.13803254	-0.1389382	0.2027703	-0.36675265	0.22795129	-0.1671953	0.14589028	-0.5785292	1.0000006	-0.4215963	0.23585925	-0.1763919	0.29146752	-0.4365581	0.21642198	-0.1395994	0.1248257	-0.11013809	0.095709875	-0.19857083	0.09821827	-0.088193744
0.10931003	-0.10193923	0.108738825	-0.10767207	0.10653377	-0.0947403	0.14283948	-0.12286335	0.12500304	-0.12561393	0.14490977	-0.16975072	0.1471734	-0.16692053	0.16565095	-0.14985983	0.21533921	-0.28998378	0.21156105	-0.20031689	0.24653897	-0.4215963	1.0000004	-0.6229709	0.24472389	-0.20371059	0.21743451	-0.38907376	0.20094322	-0.18196099	0.11073643	-0.0967731	0.23958479	-0.13224784	0.11617898
-0.11268096	0.104963556	-0.11528088	0.11784113	-0.121514805	0.09496754	-0.14712203	0.12907691	-0.14249466	0.14014839	-0.14202465	0.15970501	-0.15889278	0.19025019	-0.2090982	0.13696088	-0.20391227	0.24731846	-0.30141816	0.24866074	-0.23082732	0.23585925	-0.6229709	0.99999994	-0.45667976	0.16744035	-0.19129454	0.2514411	-0.2740756	0.2131995	-0.110049166	0.09159038	-0.23937726	0.14192136	-0.13500948
0.10709855	-0.106929444	0.11505835	-0.13295355	0.13199747	-0.092316434	0.14009894	-0.13436261	0.15292098	-0.17282613	0.1250221	-0.1532971	0.1566501	-0.22716382	0.24418499	-0.12302074	0.17631947	-0.26733512	0.26832765	-0.59689105	0.169256	-0.1763919	0.24472389	-0.45667976	1.0000001	-0.14009725	0.14479044	-0.21522085	0.2342723	-0.33860096	0.09057803	-0.07638823	0.19178739	-0.1598657	0.14817876
-0.099349625	0.08536826	-0.091471955	0.080526106	-0.08011159	0.08484526	-0.12612784	0.09910439	-0.092828415	0.08972709	-0.16060169	0.14800295	-0.12134027	0.11127389	-0.114041656	0.16065824	-0.18857445	0.16482481	-0.12693417	0.11616357	-0.49807203	0.29146752	-0.20371059	0.16744035	-0.14009725	0.9999996	-0.7342969	0.20609868	-0.12437138	0.10965611	-0.14960171	0.1254013	-0.21431927	0.09055922	-0.081252195
0.09563687	-0.085894704	0.090390675	-0.082543835	0.08106105	-0.083647646	0.1231941	-0.10019348	0.094212584	-0.09290146	0.13984264	-0.15316504	0.11979923	-0.116286986	0.11618785	-0.1494764	0.18882541	-0.17987543	0.1318425	-0.123568185	0.30526134	-0.4365581	0.21743451	-0.19129454	0.14479044	-0.7342969	0.9999993	-0.28099442	0.13476269	-0.12212948	0.1437816	-0.14741237	0.21100812	-0.098950304	0.0858813
-0.10310269	0.09127578	-0.09984881	0.09429418	-0.095786504	0.08588227	-0.1298016	0.108556144	-0.109790996	0.108793765	-0.12830289	0.14021863	-0.13342156	0.13599093	-0.14569013	0.123760894	-0.17091335	0.18857221	-0.16115089	0.15838116	-0.21681161	0.21642198	-0.38907376	0.2514411	-0.21522085	0.20609868	-0.28099442	0.999999	-0.37122983	0.22863922	-0.1990786	0.17017446	-0.637314	0.17471284	-0.16029377
0.07725282	-0.071590796	0.077748336	-0.079478525	0.07996958	-0.0651566	0.09804097	-0.08681649	0.091817416	-0.09542199	0.09171945	-0.10587896	0.10432072	-0.12109415	0.12864873	-0.08914244	0.12340864	-0.15662396	0.14240694	-0.16915885	0.13732544	-0.1395994	0.20094322	-0.2740756	0.2342723	-0.12437138	0.13476269	-0.37122983	0.9999988	-0.7348724	0.095562935	-0.08250964	0.22723371	-0.31940982	0.24664532
-0.074722454	0.06884583	-0.0756855	0.077332556	-0.079500645	0.06231705	-0.09494146	0.08385504	-0.090742424	0.093353175	-0.08769641	0.09997526	-0.102168165	0.11825141	-0.1348573	0.083636135	-0.1177431	0.14536907	-0.14363238	0.17356533	-0.12941001	0.1248257	-0.18196099	0.2131995	-0.33860096	0.10965611	-0.12212948	0.22863922	-0.7348724	0.99999857	-0.09319148	0.07737695	-0.22145648	0.26395965	-0.38192138
0.056983367	-0.05039705	0.05414829	-0.050830647	0.050399393	-0.0481272	0.07000991	-0.059171792	0.057625405	-0.058167532	0.068204254	-0.07709412	0.07098976	-0.07075472	0.071819745	-0.06771064	0.08687291	-0.099240646	0.077278286	-0.07748065	0.1107847	-0.11013809	0.11073643	-0.110049166	0.09057803	-0.14960171	0.1437816	-0.1990786	0.095562935	-0.09319148	0.99999845	-0.90221757	0.23708999	-0.08732074	0.068776645
-0.046933398	0.041397557	-0.044617236	0.04167188	-0.041491773	0.039540753	-0.05799363	0.048642755	-0.047476344	0.047630582	-0.057413485	0.06388105	-0.058691572	0.058184534	-0.059590682	0.056720085	-0.07358169	0.0816603	-0.06433301	0.06393803	-0.096844345	0.095709875	-0.0967731	0.09159038	-0.07638823	0.1254013	-0.14741237	0.17017446	-0.08250964	0.07737695	-0.90221757	0.99999833	-0.32278767	0.072454765	-0.05853927
0.11056347	-0.098675005	0.106181234	-0.10156515	0.100779735	-0.09331409	0.13603748	-0.11655966	0.11524045	-0.117293954	0.12889005	-0.1483826	0.13954897	-0.14348446	0.14588702	-0.1271072	0.16636007	-0.20072666	0.15809491	-0.16223705	0.19513799	-0.19857083	0.23958479	-0.23937726	0.19178739	-0.21431927	0.21100812	-0.637314	0.22723371	-0.22145648	0.23708999	-0.32278767	0.9999984	-0.21518329	0.16093594
-0.06281572	0.05592554	-0.06183598	0.060165238	-0.061982848	0.051635563	-0.07809431	0.06710938	-0.07019039	0.07071049	-0.07198258	0.08060634	-0.08257628	0.08726004	-0.0969021	0.06779221	-0.0933614	0.10953458	-0.10093216	0.1095078	-0.10558885	0.09821827	-0.13224784	0.14192136	-0.1598657	0.09055922	-0.098950304	0.17471284	-0.31940982	0.26395965	-0.08732074	0.072454765	-0.21518329	0.99999833	-0.85817665
0.055430587	-0.050397605	0.055082638	-0.05510576	0.055854734	-0.046197437	0.069237806	-0.060704846	0.06354075	-0.06556213	0.0635978	-0.07290211	0.073428065	-0.08117712	0.08745149	-0.06085387	0.08328474	-0.10299687	0.092280045	-0.10751283	0.0918714	-0.088193744	0.11617898	-0.13500948	0.14817876	-0.081252195	0.0858813	-0.16029377	0.24664532	-0.38192138	0.068776645	-0.05853927	0.16093594	-0.85817665	0.99999833
