1.0	-0.491879	0.21763392	-0.13869329	0.06010223	-0.7245635	0.3081262	-0.18428032	0.14616852	-0.056300882	0.14601526	-0.26688668	0.16095915	-0.105786785	0.10567494	-0.16111855	0.14020896	-0.15174381	0.13488902	-0.106223784	0.07220011	-0.07389412	0.10171771	-0.11309818	0.05344312	-0.035616457	0.055233985	-0.057552397	0.04711347	-0.061138146	0.046475396	-0.028948886	0.02813227	-0.026567638	0.032568984
-0.491879	0.9999998	-0.5017502	0.21148859	-0.08917432	0.29650524	-0.49767596	0.21451524	-0.24041286	0.08072803	-0.13199855	0.26099133	-0.20787393	0.14572571	-0.14703178	0.13301294	-0.15904897	0.15626165	-0.18637817	0.13146031	-0.076915	0.07641585	-0.11508246	0.121464625	-0.0638609	0.03921512	-0.062173735	0.065097146	-0.053904235	0.07194879	-0.052014638	0.032710563	-0.031943366	0.030251928	-0.037197985
0.21763392	-0.5017502	0.9999996	-0.5412413	0.12069521	-0.21271816	0.23248719	-0.35486695	0.28470263	-0.11702133	0.12176465	-0.26730892	0.231235	-0.18320422	0.1665353	-0.14088918	0.15304081	-0.1807441	0.19505644	-0.1681828	0.07977479	-0.082449056	0.12530068	-0.14656383	0.07826801	-0.042856473	0.0687862	-0.078988075	0.06440719	-0.090385735	0.056909747	-0.037820607	0.03680466	-0.03559117	0.043254536
-0.13869329	0.21148859	-0.5412413	0.9999995	-0.20583764	0.12416121	-0.13887244	0.1829799	-0.67877156	0.1641331	-0.07705903	0.1577753	-0.15893784	0.21623774	-0.20233397	0.0872371	-0.102681376	0.11825775	-0.21735492	0.16209152	-0.056232844	0.057010345	-0.095744714	0.10993074	-0.07112201	0.03218618	-0.0532287	0.065044984	-0.053625055	0.080626324	-0.04348668	0.030260388	-0.02958789	0.029116051	-0.03530689
0.06010223	-0.08917432	0.12069521	-0.20583764	0.99999946	-0.058531296	0.061933346	-0.08660213	0.16718894	-0.9265031	0.03924039	-0.0797447	0.07619858	-0.1406619	0.18013777	-0.045483716	0.053685125	-0.06390412	0.1252247	-0.15367492	0.031267855	-0.031771664	0.057936925	-0.07048656	0.0593929	-0.01966432	0.033760265	-0.049256556	0.040236	-0.06919519	0.026962098	-0.020993497	0.02052954	-0.021078989	0.025127016
-0.7245635	0.29650524	-0.21271816	0.12416121	-0.058531296	0.9999993	-0.5185633	0.16339323	-0.14923008	0.05360443	-0.17032054	0.24549021	-0.16392197	0.10296073	-0.10497811	0.14907488	-0.14269422	0.13517286	-0.13769569	0.09777726	-0.06997073	0.06934934	-0.09735962	0.10070703	-0.04934457	0.0339053	-0.052608706	0.052351814	-0.04335838	0.055566534	-0.0444406	0.026998693	-0.026323041	0.02461531	-0.030382672
0.3081262	-0.49767596	0.23248719	-0.13887244	0.061933346	-0.5185633	0.9999996	-0.23705183	0.15501767	-0.057361443	0.1606874	-0.5230552	0.20564103	-0.11276212	0.11119049	-0.16343972	0.18305264	-0.18306094	0.14413935	-0.105950385	0.078859955	-0.080277145	0.10983837	-0.1168744	0.053871974	-0.03707968	0.05642649	-0.05850793	0.048053484	-0.06100135	0.047911283	-0.029393937	0.028553065	-0.026965236	0.033092737
-0.18428032	0.21451524	-0.35486695	0.1829799	-0.08660213	0.16339323	-0.23705183	0.9999994	-0.22201541	0.07985315	-0.1129292	0.2450371	-0.7816038	0.18469511	-0.17086148	0.11618332	-0.17686681	0.18743777	-0.21079388	0.14387332	-0.078285225	0.07788467	-0.12283436	0.12667067	-0.06880821	0.04011184	-0.063730665	0.0687191	-0.057017084	0.07705032	-0.053284544	0.03395299	-0.033181127	0.031678904	-0.038885865
0.14616852	-0.24041286	0.28470263	-0.67877156	0.16718894	-0.14923008	0.15501767	-0.22201541	0.9999996	-0.18344565	0.09693609	-0.20411076	0.18107529	-0.40270224	0.23803937	-0.11433832	0.12746944	-0.15527727	0.24985144	-0.22790575	0.071329355	-0.07355606	0.12227477	-0.14937901	0.09676272	-0.041686945	0.0692649	-0.08917047	0.07259326	-0.112525634	0.056286078	-0.040367614	0.039342523	-0.03914692	0.04709566
-0.056300882	0.08072803	-0.11702133	0.1641331	-0.9265031	0.05360443	-0.057361443	0.07985315	-0.18344565	0.9999996	-0.036043387	0.072679654	-0.07285105	0.13915429	-0.23000956	0.041418407	-0.04985302	0.058798514	-0.12854372	0.1398167	-0.028913587	0.029286023	-0.053705648	0.06430386	-0.054841094	0.018135253	-0.031125905	0.04453911	-0.03670305	0.06232243	-0.024882244	0.019196749	-0.018813152	0.019249452	-0.023038045
0.14601526	-0.13199855	0.12176465	-0.07705903	0.03924039	-0.17032054	0.1606874	-0.1129292	0.09693609	-0.036043387	0.9999997	-0.29752755	0.123738706	-0.07326118	0.074995175	-0.8878223	0.1432636	-0.13201785	0.10099299	-0.072731435	0.13548903	-0.13714111	0.09606866	-0.09841514	0.03972752	-0.046110768	0.05776669	-0.046776388	0.03844363	-0.044619083	0.0527994	-0.02675718	0.025395395	-0.022706559	0.02808252
-0.26688668	0.26099133	-0.26730892	0.1577753	-0.0797447	0.24549021	-0.5230552	0.2450371	-0.20411076	0.072679654	-0.29752755	0.99999964	-0.34757784	0.15136907	-0.15163796	0.21981518	-0.41403747	0.26179114	-0.20413435	0.1370433	-0.123303086	0.120795354	-0.16145882	0.15433212	-0.07081515	0.05338668	-0.07937708	0.07761607	-0.06444336	0.07900703	-0.06844375	0.040078793	-0.038967285	0.036359675	-0.04492564
0.16095915	-0.20787393	0.231235	-0.15893784	0.07619858	-0.16392197	0.20564103	-0.7816038	0.18107529	-0.07285105	0.123738706	-0.34757784	0.9999996	-0.21902066	0.16042653	-0.13493973	0.19789807	-0.26238883	0.19336447	-0.14686252	0.082476735	-0.0849363	0.12922186	-0.13920805	0.0698612	-0.040567737	0.06298059	-0.07204126	0.058981176	-0.07935517	0.05291977	-0.03432066	0.033371016	-0.032294866	0.03930395
-0.105786785	0.14572571	-0.18320422	0.21623774	-0.1406619	0.10296073	-0.11276212	0.18469511	-0.40270224	0.13915429	-0.07326118	0.15136907	-0.21902066	0.99999964	-0.5906857	0.08337335	-0.10934516	0.13072184	-0.5564735	0.28732604	-0.060371876	0.061179277	-0.114712626	0.13689934	-0.114503115	0.036499783	-0.06186743	0.09071128	-0.07542031	0.12637068	-0.04965635	0.038605385	-0.03787275	0.03906858	-0.046750847
0.10567494	-0.14703178	0.1665353	-0.20233397	0.18013777	-0.10497811	0.11119049	-0.17086148	0.23803937	-0.23000956	0.074995175	-0.15163796	0.16042653	-0.5906857	0.9999996	-0.08679788	0.10767751	-0.12995353	0.31945306	-0.56696606	0.065091476	-0.06605553	0.12853856	-0.15859374	0.17619763	-0.042295396	0.073528305	-0.12684101	0.104326814	-0.20077	0.058020283	-0.049665853	0.048705105	-0.052234847	0.06138016
-0.16111855	0.13301294	-0.14088918	0.0872371	-0.045483716	0.14907488	-0.16343972	0.11618332	-0.11433832	0.041418407	-0.8878223	0.21981518	-0.13493973	0.08337335	-0.08679788	0.9999997	-0.15667948	0.13196248	-0.11822394	0.081417345	-0.18142222	0.14349383	-0.10785933	0.10431626	-0.0442044	0.053561796	-0.067270175	0.051204205	-0.042481907	0.049315423	-0.06220268	0.030265149	-0.028789487	0.025398472	-0.03160226
0.14020896	-0.15904897	0.15304081	-0.102681376	0.053685125	-0.14269422	0.18305264	-0.17686681	0.12746944	-0.04985302	0.1432636	-0.41403747	0.19789807	-0.10934516	0.10767751	-0.15667948	0.99999934	-0.7806943	0.15278535	-0.112343185	0.146472	-0.18103912	0.19509697	-0.19499874	0.0645467	-0.054390293	0.07341905	-0.08221738	0.06605558	-0.07267072	0.06542193	-0.038190506	0.036701564	-0.035346303	0.04289196
-0.15174381	0.15626165	-0.1807441	0.11825775	-0.06390412	0.13517286	-0.18306094	0.18743777	-0.15527727	0.058798514	-0.13201785	0.26179114	-0.26238883	0.13072184	-0.12995353	0.13196248	-0.7806943	0.999999	-0.19893594	0.12861297	-0.14751467	0.14902551	-0.29521623	0.20825243	-0.073656656	0.057332598	-0.081067435	0.09269376	-0.07606331	0.08162863	-0.07137028	0.04243893	-0.04126148	0.039943635	-0.04881123
0.13488902	-0.18637817	0.19505644	-0.21735492	0.1252247	-0.13769569	0.14413935	-0.21079388	0.24985144	-0.12854372	0.10099299	-0.20413435	0.19336447	-0.5564735	0.31945306	-0.11822394	0.15278535	-0.19893594	0.999999	-0.5148586	0.089606486	-0.09183637	0.18105075	-0.24444078	0.18935408	-0.056578644	0.09718138	-0.15831973	0.12854241	-0.2256928	0.07722295	-0.06376803	0.06223494	-0.065606415	0.0773139
-0.106223784	0.13146031	-0.1681828	0.16209152	-0.15367492	0.09777726	-0.105950385	0.14387332	-0.22790575	0.1398167	-0.072731435	0.1370433	-0.14686252	0.28732604	-0.56696606	0.081417345	-0.112343185	0.12861297	-0.5148586	0.9999991	-0.072720796	0.071677044	-0.15699479	0.17364177	-0.39377072	0.049907796	-0.08915686	0.14666681	-0.13913634	0.2492635	-0.06949958	0.0607774	-0.061363157	0.06646866	-0.080911964
0.07220011	-0.076915	0.07977479	-0.056232844	0.031267855	-0.06997073	0.078859955	-0.078285225	0.071329355	-0.028913587	0.13548903	-0.123303086	0.082476735	-0.060371876	0.065091476	-0.18142222	0.146472	-0.14751467	0.089606486	-0.072720796	0.99999887	-0.8935069	0.16921726	-0.17636217	0.049174067	-0.1878535	0.13789685	-0.07205818	0.05769624	-0.055286054	0.14779228	-0.052587073	0.046213914	-0.03732672	0.046012867
-0.07389412	0.07641585	-0.082449056	0.057010345	-0.031771664	0.06934934	-0.080277145	0.07788467	-0.07355606	0.029286023	-0.13714111	0.120795354	-0.0849363	0.061179277	-0.06605553	0.14349383	-0.18103912	0.14902551	-0.09183637	0.071677044	-0.8935069	0.99999887	-0.21530232	0.16554521	-0.04843802	0.14908603	-0.14570986	0.070851244	-0.057669844	0.053882085	-0.15439966	0.05161332	-0.046198368	0.03689028	-0.045854524
0.10171771	-0.11508246	0.12530068	-0.095744714	0.057936925	-0.09735962	0.10983837	-0.12283436	0.12227477	-0.053705648	0.09606866	-0.16145882	0.12922186	-0.114712626	0.12853856	-0.10785933	0.19509697	-0.29521623	0.18105075	-0.15699479	0.16921726	-0.21530232	0.99999887	-0.79858255	0.13442437	-0.07470728	0.107743	-0.25400272	0.18179744	-0.14846113	0.09146194	-0.07297542	0.072012685	-0.08008714	0.09313857
-0.11309818	0.121464625	-0.14656383	0.10993074	-0.07048656	0.10070703	-0.1168744	0.12667067	-0.14937901	0.06430386	-0.09841514	0.15433212	-0.13920805	0.13689934	-0.15859374	0.10431626	-0.19499874	0.20825243	-0.24444078	0.17364177	-0.17636217	0.16554521	-0.79858255	0.99999887	-0.17322871	0.08115533	-0.12432272	0.20990086	-0.22284375	0.16039702	-0.1047188	0.07996312	-0.081649356	0.090302736	-0.11074334
0.05344312	-0.0638609	0.07826801	-0.07112201	0.0593929	-0.04934457	0.053871974	-0.06880821	0.09676272	-0.054841094	0.03972752	-0.07081515	0.0698612	-0.114503115	0.17619763	-0.0442044	0.0645467	-0.073656656	0.18935408	-0.39377072	0.049174067	-0.04843802	0.13442437	-0.17322871	0.9999985	-0.034373347	0.06142726	-0.22303145	0.2000085	-0.8181198	0.046419967	-0.05898256	0.05938949	-0.07910569	0.08529192
-0.035616457	0.03921512	-0.042856473	0.03218618	-0.01966432	0.0339053	-0.03707968	0.04011184	-0.041686945	0.018135253	-0.046110768	0.05338668	-0.040567737	0.036499783	-0.042295396	0.053561796	-0.054390293	0.057332598	-0.056578644	0.049907796	-0.1878535	0.14908603	-0.07470728	0.08115533	-0.034373347	0.9999984	-0.5234301	0.053087693	-0.044876155	0.03929495	-0.75979775	0.11115304	-0.0891801	0.052628692	-0.06749395
0.055233985	-0.062173735	0.0687862	-0.0532287	0.033760265	-0.052608706	0.05642649	-0.063730665	0.0692649	-0.031125905	0.05776669	-0.07937708	0.06298059	-0.06186743	0.073528305	-0.067270175	0.07341905	-0.081067435	0.09718138	-0.08915686	0.13789685	-0.14570986	0.107743	-0.12432272	0.06142726	-0.5234301	0.9999985	-0.09768832	0.082259245	-0.07099125	0.3148206	-0.28078935	0.18021473	-0.108519845	0.13428988
-0.057552397	0.065097146	-0.078988075	0.065044984	-0.049256556	0.052351814	-0.05850793	0.0687191	-0.08917047	0.04453911	-0.046776388	0.07761607	-0.07204126	0.09071128	-0.12684101	0.051204205	-0.08221738	0.09269376	-0.15831973	0.14666681	-0.07205818	0.070851244	-0.25400272	0.20990086	-0.22303145	0.053087693	-0.09768832	0.99999815	-0.8266918	0.21965685	-0.06974677	0.12044072	-0.14353426	0.18884967	-0.22359115
0.04711347	-0.053904235	0.06440719	-0.053625055	0.040236	-0.04335838	0.048053484	-0.057017084	0.07259326	-0.03670305	0.03844363	-0.06444336	0.058981176	-0.07542031	0.104326814	-0.042481907	0.06605558	-0.07606331	0.12854241	-0.13913634	0.05769624	-0.057669844	0.18179744	-0.22284375	0.2000085	-0.044876155	0.082259245	-0.8266918	0.99999833	-0.31220478	0.058345754	-0.11705043	0.12536843	-0.2422588	0.19298653
-0.061138146	0.07194879	-0.090385735	0.080626324	-0.06919519	0.055566534	-0.06100135	0.07705032	-0.112525634	0.06232243	-0.044619083	0.07900703	-0.07935517	0.12637068	-0.20077	0.049315423	-0.07267072	0.08162863	-0.2256928	0.2492635	-0.055286054	0.053882085	-0.14846113	0.16039702	-0.8181198	0.03929495	-0.07099125	0.21965685	-0.31220478	0.99999845	-0.05346372	0.06663977	-0.06977538	0.09400778	-0.107310615
0.046475396	-0.052014638	0.056909747	-0.04348668	0.026962098	-0.0444406	0.047911283	-0.053284544	0.056286078	-0.024882244	0.0527994	-0.06844375	0.05291977	-0.04965635	0.058020283	-0.06220268	0.06542193	-0.07137028	0.07722295	-0.06949958	0.14779228	-0.15439966	0.09146194	-0.1047188	0.046419967	-0.75979775	0.3148206	-0.06974677	0.058345754	-0.05346372	0.99999833	-0.13370797	0.10184062	-0.06682087	0.08432125
-0.028948886	0.032710563	-0.037820607	0.030260388	-0.020993497	0.026998693	-0.029393937	0.03395299	-0.040367614	0.019196749	-0.02675718	0.040078793	-0.03432066	0.038605385	-0.049665853	0.030265149	-0.038190506	0.04243893	-0.06376803	0.0607774	-0.052587073	0.05161332	-0.07297542	0.07996312	-0.05898256	0.11115304	-0.28078935	0.12044072	-0.11705043	0.06663977	-0.13370797	0.9999979	-0.8238033	0.24802369	-0.33551165
0.02813227	-0.031943366	0.03680466	-0.02958789	0.02052954	-0.026323041	0.028553065	-0.033181127	0.039342523	-0.018813152	0.025395395	-0.038967285	0.033371016	-0.03787275	0.048705105	-0.028789487	0.036701564	-0.04126148	0.06223494	-0.061363157	0.046213914	-0.046198368	0.072012685	-0.081649356	0.05938949	-0.0891801	0.18021473	-0.14353426	0.12536843	-0.06977538	0.10184062	-0.8238033	0.99999833	-0.38468644	0.2662095
-0.026567638	0.030251928	-0.03559117	0.029116051	-0.021078989	0.02461531	-0.026965236	0.031678904	-0.03914692	0.019249452	-0.022706559	0.036359675	-0.032294866	0.03906858	-0.052234847	0.025398472	-0.035346303	0.039943635	-0.065606415	0.06646866	-0.03732672	0.03689028	-0.08008714	0.090302736	-0.07910569	0.052628692	-0.108519845	0.18884967	-0.2422588	0.09400778	-0.06682087	0.24802369	-0.38468644	0.9999982	-0.8293487
0.032568984	-0.037197985	0.043254536	-0.03530689	0.025127016	-0.030382672	0.033092737	-0.038885865	0.04709566	-0.023038045	0.02808252	-0.04492564	0.03930395	-0.046750847	0.06138016	-0.03160226	0.04289196	-0.04881123	0.0773139	-0.080911964	0.046012867	-0.045854524	0.09313857	-0.11074334	0.08529192	-0.06749395	0.13428988	-0.22359115	0.19298653	-0.107310615	0.08432125	-0.33551165	0.2662095	-0.8293487	0.9999982
