1.0000001	-0.098382935	0.07669528	-0.06478655	0.06818674	-0.1486543	0.08426798	-0.080447234	0.06877767	-0.08514808	0.096267484	-0.10703356	0.08855045	-0.08058102	0.09394391	-0.12443852	0.10747565	-0.08457944	0.082878865	-0.07413489	0.07149218	-0.14867966	0.07731033	-0.0962905	0.07230634	-0.09274363	0.06970185	-0.06996552	0.1284429	-0.05986407	0.1558159	-0.06300235	0.07832707	-0.018608816	0.019316144
-0.098382935	0.9999997	-0.51583743	0.22431682	-0.21334995	0.14001492	-0.68713534	0.27563646	-0.21844772	0.20225863	-0.1280069	0.23287027	-0.19775786	0.15494706	-0.14645809	0.11428673	-0.16750722	0.13465202	-0.1530507	0.10943795	-0.0685257	0.14410663	-0.09915228	0.11098164	-0.09007847	0.08117554	-0.075356126	0.07832171	-0.14459854	0.073817536	-0.1400219	0.065123096	-0.08503518	0.020931944	-0.021698788
0.07669528	-0.51583743	0.99999946	-0.5344018	0.26935998	-0.12883788	0.2805917	-0.46055004	0.28225163	-0.30673823	0.10577105	-0.19548872	0.16433558	-0.16129349	0.13991098	-0.104747325	0.14171839	-0.1237734	0.14279512	-0.10864143	0.06142844	-0.13702798	0.0893817	-0.104007766	0.08224884	-0.0743816	0.06778599	-0.07139769	0.12718499	-0.0686695	0.121302	-0.058681566	0.07561318	-0.018888712	0.019509701
-0.06478655	0.22431682	-0.5344018	0.9999997	-0.60065955	0.10610915	-0.20761247	0.28007698	-0.42724177	0.3086626	-0.0882404	0.15180612	-0.14881872	0.15614899	-0.13890354	0.08951392	-0.13055214	0.112700924	-0.14223933	0.10306695	-0.053393275	0.1212158	-0.081876665	0.09388816	-0.07804289	0.06484588	-0.061369117	0.06462675	-0.119727485	0.064487286	-0.10886275	0.052975602	-0.06889966	0.017509846	-0.01810226
0.06818674	-0.21334995	0.26935998	-0.60065955	0.9999998	-0.11717832	0.17830117	-0.2748554	0.2864749	-0.642158	0.09276399	-0.1583941	0.1442786	-0.15723206	0.15321788	-0.098171115	0.13212565	-0.11661754	0.13826568	-0.11837724	0.057757355	-0.1348691	0.0859343	-0.10216246	0.083847165	-0.0709129	0.06532135	-0.06911712	0.12520103	-0.070745476	0.11451509	-0.056605965	0.07275538	-0.018737888	0.01931237
-0.1486543	0.14001492	-0.12883788	0.10610915	-0.11717832	0.9999996	-0.1682196	0.13621493	-0.1219382	0.13564727	-0.72402084	0.25236747	-0.21503867	0.15697008	-0.17952476	0.28467128	-0.22825086	0.16608915	-0.17051333	0.134572	-0.18769245	0.21632437	-0.14477435	0.16221157	-0.13129306	0.18221067	-0.13391125	0.12803549	-0.23016	0.10666714	-0.37063769	0.12152968	-0.15442325	0.034191333	-0.03564125
0.08426798	-0.68713534	0.2805917	-0.20761247	0.17830117	-0.1682196	0.99999934	-0.40688765	0.21902516	-0.21572255	0.14743467	-0.40013385	0.21179558	-0.16910322	0.1409343	-0.12567903	0.16564028	-0.14289476	0.15291211	-0.10938579	0.07234743	-0.14884007	0.09950065	-0.11302382	0.08667748	-0.08505902	0.07533725	-0.07890127	0.13748097	-0.071818955	0.13884379	-0.06513429	0.0839836	-0.020371526	0.021076905
-0.080447234	0.27563646	-0.46055004	0.28007698	-0.2748554	0.13621493	-0.40688765	0.9999994	-0.6081853	0.2754522	-0.11835412	0.21343723	-0.2239357	0.20480832	-0.1697622	0.11386327	-0.17218006	0.14931877	-0.18811241	0.12553231	-0.06813646	0.15137652	-0.10559794	0.11849496	-0.0974439	0.081876434	-0.07810611	0.082212396	-0.15116142	0.07993612	-0.13898659	0.06722799	-0.087781675	0.02200931	-0.022779051
0.06877767	-0.21844772	0.28225163	-0.42724177	0.2864749	-0.1219382	0.21902516	-0.6081853	0.9999996	-0.47840196	0.100791566	-0.18393219	0.18946013	-0.2867054	0.16411191	-0.10218959	0.1501147	-0.14209014	0.18651296	-0.12610553	0.060481638	-0.14040522	0.095776424	-0.11002533	0.089133814	-0.07347846	0.06995191	-0.07464746	0.13301097	-0.07421643	0.12042121	-0.06019037	0.07791115	-0.019794742	0.020424401
-0.08514808	0.20225863	-0.30673823	0.3086626	-0.642158	0.13564727	-0.21572255	0.2754522	-0.47840196	0.9999998	-0.11124308	0.18132278	-0.18755548	0.19750863	-0.24661446	0.11785871	-0.17587164	0.1486763	-0.19106725	0.15886076	-0.071014896	0.16438942	-0.11184992	0.12902349	-0.117242865	0.08694507	-0.08424019	0.08859345	-0.17508274	0.095938094	-0.1489058	0.072754614	-0.095201954	0.025179861	-0.026036264
0.096267484	-0.1280069	0.10577105	-0.0882404	0.09276399	-0.72402084	0.14743467	-0.11835412	0.100791566	-0.11124308	0.99999964	-0.35399944	0.18822125	-0.1356023	0.13161944	-0.44900036	0.1801516	-0.139782	0.13608974	-0.10193865	0.17780496	-0.17287748	0.11091511	-0.12512937	0.09307959	-0.18020289	0.10145722	-0.09779683	0.15924081	-0.07648751	0.24709922	-0.089990065	0.111497566	-0.024331495	0.025279926
-0.10703356	0.23287027	-0.19548872	0.15180612	-0.1583941	0.25236747	-0.40013385	0.21343723	-0.18393219	0.18132278	-0.35399944	0.99999946	-0.571995	0.25058997	-0.20737258	0.20120044	-0.31511334	0.24364512	-0.2519097	0.15708128	-0.11801378	0.22285795	-0.16251765	0.17208362	-0.13094798	0.13144806	-0.118665904	0.12345362	-0.212282	0.10690805	-0.22038199	0.10154439	-0.13247249	0.03118134	-0.032341566
0.08855045	-0.19775786	0.16433558	-0.14881872	0.1442786	-0.21503867	0.21179558	-0.2239357	0.18946013	-0.18755548	0.18822125	-0.571995	0.9999992	-0.49761593	0.19755703	-0.17182262	0.26277894	-0.40301585	0.2918417	-0.1676927	0.09778168	-0.22700928	0.1712899	-0.18725707	0.119840436	-0.11644702	0.11163836	-0.1253171	0.18337923	-0.10062623	0.17874359	-0.09475692	0.121192336	-0.028333295	0.029196851
-0.08058102	0.15494706	-0.16129349	0.15614899	-0.15723206	0.15697008	-0.16910322	0.20480832	-0.2867054	0.19750863	-0.1356023	0.25058997	-0.49761593	0.99999905	-0.29222235	0.13648948	-0.24994923	0.2769533	-0.63392305	0.2107062	-0.081596576	0.2009192	-0.15751748	0.16729236	-0.13436598	0.09869849	-0.10207334	0.112144634	-0.18641503	0.10941036	-0.1591883	0.08598588	-0.11224298	0.028226579	-0.029082993
0.09394391	-0.14645809	0.13991098	-0.13890354	0.15321788	-0.17952476	0.1409343	-0.1697622	0.16411191	-0.24661446	0.13161944	-0.20737258	0.19755703	-0.29222235	0.999999	-0.15793529	0.19907449	-0.1984226	0.24598083	-0.730991	0.09222889	-0.25429115	0.14852329	-0.19921796	0.23975246	-0.11659042	0.11048099	-0.121824175	0.2353957	-0.22452779	0.16938516	-0.09580833	0.120005436	-0.041049477	0.041324373
-0.12443852	0.11428673	-0.104747325	0.08951392	-0.098171115	0.28467128	-0.12567903	0.11386327	-0.10218959	0.11785871	-0.44900036	0.20120044	-0.17182262	0.13648948	-0.15793529	0.9999991	-0.23561132	0.15618256	-0.15006717	0.12149605	-0.534847	0.22935753	-0.14473353	0.16196549	-0.120512486	0.29985446	-0.15518315	0.13827011	-0.2140905	0.09875866	-0.45616773	0.13844608	-0.16858818	0.034045678	-0.035463035
0.10747565	-0.16750722	0.14171839	-0.13055214	0.13212565	-0.22825086	0.16564028	-0.17218006	0.1501147	-0.17587164	0.1801516	-0.31511334	0.26277894	-0.24994923	0.19907449	-0.23561132	0.999999	-0.5528378	0.26125726	-0.17770056	0.13532224	-0.53401655	0.23306316	-0.26480365	0.14163314	-0.16230866	0.16505958	-0.18247914	0.23160294	-0.12056409	0.2369443	-0.1380967	0.17034613	-0.03696191	0.038077664
-0.08457944	0.13465202	-0.1237734	0.112700924	-0.11661754	0.16608915	-0.14289476	0.14931877	-0.14209014	0.1486763	-0.139782	0.24364512	-0.40301585	0.2769533	-0.1984226	0.15618256	-0.5528378	0.9999992	-0.48845834	0.17312606	-0.095440336	0.26476553	-0.34911057	0.24210472	-0.13296442	0.11564508	-0.14392298	0.16945355	-0.20897557	0.10941908	-0.18401058	0.11475411	-0.15277866	0.032577667	-0.03362459
0.082878865	-0.1530507	0.14279512	-0.14223933	0.13826568	-0.17051333	0.15291211	-0.18811241	0.18651296	-0.19106725	0.13608974	-0.2519097	0.2918417	-0.63392305	0.24598083	-0.15006717	0.26125726	-0.48845834	0.9999992	-0.29231337	0.088613905	-0.24127853	0.18651989	-0.21110226	0.14696123	-0.10899718	0.11470903	-0.13321967	0.19399433	-0.12292682	0.16594683	-0.09669876	0.1234689	-0.030723387	0.031493165
-0.07413489	0.10943795	-0.10864143	0.10306695	-0.11837724	0.134572	-0.10938579	0.12553231	-0.12610553	0.15886076	-0.10193865	0.15708128	-0.1676927	0.2107062	-0.730991	0.12149605	-0.17770056	0.17312606	-0.29231337	0.99999917	-0.072491415	0.19549023	-0.13204819	0.16697758	-0.41544172	0.09119505	-0.09405394	0.10352398	-0.2744342	0.23095247	-0.13958335	0.08047229	-0.104173206	0.04029881	-0.041353792
0.07149218	-0.0685257	0.06142844	-0.053393275	0.057757355	-0.18769245	0.07234743	-0.06813646	0.060481638	-0.071014896	0.17780496	-0.11801378	0.09778168	-0.081596576	0.09222889	-0.534847	0.13532224	-0.095440336	0.088613905	-0.072491415	0.9999993	-0.17679149	0.09473018	-0.10722454	0.07111448	-0.744703	0.12331646	-0.10352399	0.12631989	-0.05894839	0.27086022	-0.103939615	0.11232867	-0.021269266	0.022055458
-0.14867966	0.14410663	-0.13702798	0.1212158	-0.1348691	0.21632437	-0.14884007	0.15137652	-0.14040522	0.16438942	-0.17287748	0.22285795	-0.22700928	0.2009192	-0.25429115	0.22935753	-0.53401655	0.26476553	-0.24127853	0.19549023	-0.17679149	0.99999946	-0.27277544	0.26504523	-0.20787196	0.19667093	-0.27680743	0.22662061	-0.38104662	0.16821563	-0.38226542	0.20031172	-0.26604572	0.055864587	-0.058437217
0.07731033	-0.09915228	0.0893817	-0.081876665	0.0859343	-0.14477435	0.09950065	-0.10559794	0.095776424	-0.11184992	0.11091511	-0.16251765	0.1712899	-0.15751748	0.14852329	-0.14473353	0.23306316	-0.34911057	0.18651989	-0.13204819	0.09473018	-0.27277544	0.99999934	-0.6709686	0.12451845	-0.12330523	0.22839428	-0.46025687	0.22310744	-0.10983193	0.18481396	-0.17776899	0.2284043	-0.039494555	0.04031516
-0.0962905	0.11098164	-0.104007766	0.09388816	-0.10216246	0.16221157	-0.11302382	0.11849496	-0.11002533	0.12902349	-0.12512937	0.17208362	-0.18725707	0.16729236	-0.19921796	0.16196549	-0.26480365	0.24210472	-0.21110226	0.16697758	-0.10722454	0.26504523	-0.6709686	0.9999993	-0.1939431	0.13719523	-0.24888608	0.26982766	-0.3903635	0.16233964	-0.23316365	0.18280527	-0.27917555	0.053615253	-0.055594634
0.07230634	-0.09007847	0.08224884	-0.07804289	0.083847165	-0.13129306	0.08667748	-0.0974439	0.089133814	-0.117242865	0.09307959	-0.13094798	0.119840436	-0.13436598	0.23975246	-0.120512486	0.14163314	-0.13296442	0.14696123	-0.41544172	0.07111448	-0.20787196	0.12451845	-0.1939431	0.9999993	-0.09154231	0.092038065	-0.104559414	0.28852585	-0.75313497	0.12949215	-0.08028157	0.10070315	-0.06194925	0.06118432
-0.09274363	0.08117554	-0.0743816	0.06484588	-0.0709129	0.18221067	-0.08505902	0.081876434	-0.07347846	0.08694507	-0.18020289	0.13144806	-0.11644702	0.09869849	-0.11659042	0.29985446	-0.16230866	0.11564508	-0.10899718	0.09119505	-0.744703	0.19667093	-0.12330523	0.13719523	-0.09154231	0.99999905	-0.1889669	0.13777447	-0.1643541	0.07583039	-0.46085092	0.1443753	-0.15780212	0.028461346	-0.029559541
0.06970185	-0.075356126	0.06778599	-0.061369117	0.06532135	-0.13391125	0.07533725	-0.07810611	0.06995191	-0.08424019	0.10145722	-0.118665904	0.11163836	-0.10207334	0.11048099	-0.15518315	0.16505958	-0.14392298	0.11470903	-0.09405394	0.12331646	-0.27680743	0.22839428	-0.24888608	0.092038065	-0.1889669	0.99999917	-0.592214	0.167586	-0.081307	0.21521953	-0.5991759	0.32747576	-0.04180117	0.042374264
-0.06996552	0.07832171	-0.07139769	0.06462675	-0.06911712	0.12803549	-0.07890127	0.082212396	-0.07464746	0.08859345	-0.09779683	0.12345362	-0.1253171	0.112144634	-0.121824175	0.13827011	-0.18247914	0.16945355	-0.13321967	0.10352398	-0.10352399	0.22662061	-0.46025687	0.26982766	-0.104559414	0.13777447	-0.592214	0.99999917	-0.20171732	0.09249324	-0.20422535	0.29588184	-0.49001503	0.050539926	-0.05201614
0.1284429	-0.14459854	0.12718499	-0.119727485	0.12520103	-0.23016	0.13748097	-0.15116142	0.13301097	-0.17508274	0.15924081	-0.212282	0.18337923	-0.18641503	0.2353957	-0.2140905	0.23160294	-0.20897557	0.19399433	-0.2744342	0.12631989	-0.38104662	0.22310744	-0.3903635	0.28852585	-0.1643541	0.167586	-0.20171732	0.999999	-0.511024	0.22501469	-0.145823	0.1794241	-0.08894995	0.08381922
-0.05986407	0.073817536	-0.0686695	0.064487286	-0.070745476	0.10666714	-0.071818955	0.07993612	-0.07421643	0.095938094	-0.07648751	0.10690805	-0.10062623	0.10941036	-0.22452779	0.09875866	-0.12056409	0.10941908	-0.12292682	0.23095247	-0.05894839	0.16821563	-0.10983193	0.16233964	-0.75313497	0.07583039	-0.081307	0.09249324	-0.511024	0.99999857	-0.11023634	0.070472844	-0.091024645	0.073653825	-0.07980621
0.1558159	-0.1400219	0.121302	-0.10886275	0.11451509	-0.37063769	0.13884379	-0.13898659	0.12042121	-0.1489058	0.24709922	-0.22038199	0.17874359	-0.1591883	0.16938516	-0.45616773	0.2369443	-0.18401058	0.16594683	-0.13958335	0.27086022	-0.38226542	0.18481396	-0.23316365	0.12949215	-0.46085092	0.21521953	-0.20422535	0.22501469	-0.11023634	0.9999989	-0.262558	0.22276205	-0.04166715	0.042658526
-0.06300235	0.065123096	-0.058681566	0.052975602	-0.056605965	0.12152968	-0.06513429	0.06722799	-0.06019037	0.072754614	-0.089990065	0.10154439	-0.09475692	0.08598588	-0.09580833	0.13844608	-0.1380967	0.11475411	-0.09669876	0.08047229	-0.103939615	0.20031172	-0.17776899	0.18280527	-0.08028157	0.1443753	-0.5991759	0.29588184	-0.145823	0.070472844	-0.262558	0.9999988	-0.67022246	0.054313105	-0.05597834
0.07832707	-0.08503518	0.07561318	-0.06889966	0.07275538	-0.15442325	0.0839836	-0.087781675	0.07791115	-0.095201954	0.111497566	-0.13247249	0.121192336	-0.11224298	0.120005436	-0.16858818	0.17034613	-0.15277866	0.1234689	-0.104173206	0.11232867	-0.26604572	0.2284043	-0.27917555	0.10070315	-0.15780212	0.32747576	-0.49001503	0.1794241	-0.091024645	0.22276205	-0.67022246	0.9999987	-0.08426068	0.07738553
-0.018608816	0.020931944	-0.018888712	0.017509846	-0.018737888	0.034191333	-0.020371526	0.02200931	-0.019794742	0.025179861	-0.024331495	0.03118134	-0.028333295	0.028226579	-0.041049477	0.034045678	-0.03696191	0.032577667	-0.030723387	0.04029881	-0.021269266	0.055864587	-0.039494555	0.053615253	-0.06194925	0.028461346	-0.04180117	0.050539926	-0.08894995	0.073653825	-0.04166715	0.054313105	-0.08426068	0.9999986	-0.9859167
0.019316144	-0.021698788	0.019509701	-0.01810226	0.01931237	-0.03564125	0.021076905	-0.022779051	0.020424401	-0.026036264	0.025279926	-0.032341566	0.029196851	-0.029082993	0.041324373	-0.035463035	0.038077664	-0.03362459	0.031493165	-0.041353792	0.022055458	-0.058437217	0.04031516	-0.055594634	0.06118432	-0.029559541	0.042374264	-0.05201614	0.08381922	-0.07980621	0.042658526	-0.05597834	0.07738553	-0.9859167	0.9999986
