1.0000001	-0.3374992	-0.15775691	-0.32611093	-0.19800377	-0.3811476	-0.1987576	-0.3742765	0.28579906	-0.39606604	0.27415153	0.27662128	0.28450203	0.26766482	-0.3850328	0.22414602	-0.2816788	0.19239952	-0.35863277	0.24776225	0.27125618	0.18083288	0.29573247	-0.36773637	0.2574949
-0.3374992	0.9999999	0.1808661	0.26097104	0.21540931	0.25746706	0.099796906	0.26871166	-0.18685634	0.17877604	-0.14958167	-0.21936196	-0.3209377	-0.50820786	0.22092135	-0.18818584	0.23757267	-0.2688301	0.2349028	-0.45193905	-0.13320257	-0.1437101	-0.42067847	0.18364403	-0.23268762
-0.15775691	0.1808661	1.0000002	0.24523534	0.29282424	0.2310993	0.12812956	0.2625825	-0.28998858	0.19805965	-0.21630535	-0.27867198	-0.21145925	-0.24266289	0.18154009	-0.3922289	0.27183607	-0.6218241	0.18237238	-0.105611734	-0.17623436	-0.15152326	-0.28184927	0.17170663	-0.44364956
-0.32611093	0.26097104	0.24523534	1.0000004	0.29755408	0.27012452	0.017924925	0.27963802	-0.21371087	0.19574426	-0.20294623	-0.38866356	-0.432023	-0.28190055	0.25969803	-0.39358598	0.25460047	-0.39530936	0.29120064	-0.37824062	-0.2850075	-0.041101605	-0.275998	0.25173736	-0.28311753
-0.19800377	0.21540931	0.29282424	0.29755408	1.0000005	0.2751521	0.0999881	0.28743836	-0.3213942	0.2422884	-0.31084293	-0.3894695	-0.34280255	-0.2137924	0.2598942	-0.42085984	0.28522497	-0.4352477	0.27005973	-0.25606036	-0.33388165	-0.14623457	-0.3632288	0.24986245	-0.3399425
-0.3811476	0.25746706	0.2310993	0.27012452	0.2751521	1.0000004	0.183562	0.30449924	-0.26442987	0.25115946	-0.26518366	-0.43277806	-0.34979856	-0.42904046	0.2438423	-0.24887024	0.28996924	-0.2356394	0.25136632	-0.18246517	-0.36157843	-0.24754202	-0.3958747	0.29674086	-0.3283639
-0.1987576	0.099796906	0.12812956	0.017924925	0.0999881	0.183562	1.0000005	0.14186913	-0.29337433	0.21281506	-0.0937595	-0.10661938	-0.051432494	-0.25408828	0.046623934	-0.0058982554	0.18271887	-0.089912646	0.007964988	0.072680354	-0.27248856	-0.7220886	-0.12554495	0.16721602	-0.23271891
-0.3742765	0.26871166	0.2625825	0.27963802	0.28743836	0.30449924	0.14186913	1.0000004	-0.3750188	0.26404452	-0.28504038	-0.32807365	-0.39420068	-0.34490234	0.26663128	-0.25340545	0.2953253	-0.3098093	0.26622912	-0.23160711	-0.22551282	-0.18234688	-0.41692907	0.25781906	-0.4536569
0.28579906	-0.18685634	-0.28998858	-0.21371087	-0.3213942	-0.26442987	-0.29337433	-0.3750188	1.0000005	-0.37438044	0.2921426	0.26207185	0.23954298	0.23675515	-0.39188403	0.25456426	-0.41635895	0.23221657	-0.29127586	0.19010149	0.27123833	0.22421665	0.28385335	-0.28003547	0.2963065
-0.39606604	0.17877604	0.19805965	0.19574426	0.2422884	0.25115946	0.21281506	0.26404452	-0.37438044	1.0000005	-0.32959124	-0.16373333	-0.16171643	-0.14459234	0.22302271	-0.1930451	0.2554063	-0.20714457	0.20437649	-0.2078702	-0.4174465	-0.33760855	-0.40059403	0.23913847	-0.39419883
0.27415153	-0.14958167	-0.21630535	-0.20294623	-0.31084293	-0.26518366	-0.0937595	-0.28504038	0.2921426	-0.32959124	1.0000006	0.27553266	0.2509951	0.18003517	-0.50265694	0.2594035	-0.2415831	0.19253002	-0.4243091	0.24963565	0.24853039	0.11667382	0.26176405	-0.30224565	0.23182033
0.27662128	-0.21936196	-0.27867198	-0.38866356	-0.3894695	-0.43277806	-0.10661938	-0.32807365	0.26207185	-0.16373333	0.27553266	1.0000006	0.3154519	0.25245637	-0.3775728	0.27335492	-0.25177068	0.24534337	-0.34277514	0.23850018	0.26606995	0.120432764	0.2699688	-0.43142813	0.2526589
0.28450203	-0.3209377	-0.21145925	-0.432023	-0.34280255	-0.34979856	-0.051432494	-0.39420068	0.23954298	-0.16171643	0.2509951	0.3154519	1.0000005	0.26043192	-0.2976348	0.2657741	-0.25691417	0.23323773	-0.41382593	0.2657302	0.24967432	0.08074525	0.272632	-0.4403193	0.23859803
0.26766482	-0.50820786	-0.24266289	-0.28190055	-0.2137924	-0.42904046	-0.25408828	-0.34490234	0.23675515	-0.14459234	0.18003517	0.25245637	0.26043192	1.0000005	-0.20364228	0.21312931	-0.41905624	0.22513625	-0.24041283	0.19927165	0.20796983	0.20298406	0.28044418	-0.25939015	0.25667897
-0.3850328	0.22092135	0.18154009	0.25969803	0.2598942	0.2438423	0.046623934	0.26663128	-0.39188403	0.22302271	-0.50265694	-0.3775728	-0.2976348	-0.20364228	1.0000006	-0.30522814	0.23228686	-0.19708726	0.31568334	-0.4069931	-0.17651996	-0.06438482	-0.29097608	0.23575822	-0.2015579
0.22414602	-0.18818584	-0.3922289	-0.39358598	-0.42085984	-0.24887024	-0.0058982554	-0.25340545	0.25456426	-0.1930451	0.2594035	0.27335492	0.2657741	0.21312931	-0.30522814	1.0000007	-0.45028338	0.28202778	-0.3960325	0.23926677	0.2083706	0.04959736	0.25988936	-0.19056743	0.2580192
-0.2816788	0.23757267	0.27183607	0.25460047	0.28522497	0.28996924	0.18271887	0.2953253	-0.41635895	0.2554063	-0.2415831	-0.25177068	-0.25691417	-0.41905624	0.23228686	-0.45028338	1.0000006	-0.27534768	0.2418776	-0.17499825	-0.30139348	-0.25219327	-0.33470938	0.23786764	-0.39689416
0.19239952	-0.2688301	-0.6218241	-0.39530936	-0.4352477	-0.2356394	-0.089912646	-0.3098093	0.23221657	-0.20714457	0.19253002	0.24534337	0.23323773	0.22513625	-0.19708726	0.28202778	-0.27534768	1.0000006	-0.1890507	0.18198131	0.18495166	0.105286084	0.2625865	-0.15067199	0.28786895
-0.35863277	0.2349028	0.18237238	0.29120064	0.27005973	0.25136632	0.007964988	0.26622912	-0.29127586	0.20437649	-0.4243091	-0.34277514	-0.41382593	-0.24041283	0.31568334	-0.3960325	0.2418776	-0.1890507	1.0000008	-0.42028093	-0.25243086	-0.020085363	-0.28797364	0.25779656	-0.19817267
0.24776225	-0.45193905	-0.105611734	-0.37824062	-0.25606036	-0.18246517	0.072680354	-0.23160711	0.19010149	-0.2078702	0.24963565	0.23850018	0.2657302	0.19927165	-0.4069931	0.23926677	-0.17499825	0.18198131	-0.42028093	1.000001	0.15523472	-0.048910085	0.24585359	-0.19383632	0.16003929
0.27125618	-0.13320257	-0.17623436	-0.2850075	-0.33388165	-0.36157843	-0.27248856	-0.22551282	0.27123833	-0.4174465	0.24853039	0.26606995	0.24967432	0.20796983	-0.17651996	0.2083706	-0.30139348	0.18495166	-0.25243086	0.15523472	1.000001	0.22753534	0.24471761	-0.53405386	0.25334018
0.18083288	-0.1437101	-0.15152326	-0.041101605	-0.14623457	-0.24754202	-0.7220886	-0.18234688	0.22421665	-0.33760855	0.11667382	0.120432764	0.08074525	0.20298406	-0.06438482	0.04959736	-0.25219327	0.105286084	-0.020085363	-0.048910085	0.22753534	1.0000006	0.16779438	-0.20660733	0.21658589
0.29573247	-0.42067847	-0.28184927	-0.275998	-0.3632288	-0.3958747	-0.12554495	-0.41692907	0.28385335	-0.40059403	0.26176405	0.2699688	0.272632	0.28044418	-0.29097608	0.25988936	-0.33470938	0.2625865	-0.28797364	0.24585359	0.24471761	0.16779438	1.0000007	-0.22786093	0.30005267
-0.36773637	0.18364403	0.17170663	0.25173736	0.24986245	0.29674086	0.16721602	0.25781906	-0.28003547	0.23913847	-0.30224565	-0.43142813	-0.4403193	-0.25939015	0.23575822	-0.19056743	0.23786764	-0.15067199	0.25779656	-0.19383632	-0.53405386	-0.20660733	-0.22786093	1.0000007	-0.22838426
0.2574949	-0.23268762	-0.44364956	-0.28311753	-0.3399425	-0.3283639	-0.23271891	-0.4536569	0.2963065	-0.39419883	0.23182033	0.2526589	0.23859803	0.25667897	-0.2015579	0.2580192	-0.39689416	0.28786895	-0.19817267	0.16003929	0.25334018	0.21658589	0.30005267	-0.22838426	1.0000007
