1.0000001	-0.36527687	-0.26674822	0.15850966	-0.087288305	0.10767558	-0.30561313	-0.014553749	-0.093401745	0.26459274	-0.1687871	0.032725003	0.07038475	0.29228604	-0.36239523	-0.16142106	0.25104916	-0.35754547	0.2422028	-0.34487215	-0.2488208	0.2788061	-0.030293614	0.062342044	0.19953188
-0.36527687	0.99999994	0.29899824	-0.22755866	0.062193763	-0.38396093	0.27376837	0.15707192	0.22690094	-0.15296385	0.04672985	-0.14582355	-0.24461009	-0.34572294	0.15863487	0.28933015	-0.3743536	0.12044519	-0.43654495	0.21918264	0.04015145	-0.33860993	-0.16525584	0.090889	-0.07041094
-0.26674822	0.29899824	0.9999999	-0.18848497	0.15293863	-0.2890468	0.27042818	0.1695185	0.21903962	-0.0861247	-0.098638006	-0.2777284	-0.3400612	-0.22506435	0.034160353	0.29076418	-0.3553964	0.05851706	-0.5282203	0.15070195	-0.059500635	-0.20597899	-0.14693512	0.19305484	0.010970904
0.15850966	-0.22755866	-0.18848497	1.0	0.019030524	0.2886212	-0.41142446	-0.38699433	-0.44661936	0.0074836016	-0.038128693	0.019795334	0.18597628	0.17543374	-0.21959971	-0.34919664	0.27019897	0.014537808	0.21148084	-0.10207183	0.03626803	0.25287944	0.24015883	-0.08466236	-0.023740286
-0.087288305	0.062193763	0.15293863	0.019030524	1.0000002	0.055021077	0.107025094	0.04413919	-0.0028319436	-0.018141415	-0.47220504	-0.56667703	-0.32477528	-0.02470548	-0.072855495	0.09563206	-0.0037420143	0.10488292	-0.16413563	0.047915064	-0.059324957	-0.006893865	-0.06815915	0.22966771	-0.001463559
0.10767558	-0.38396093	-0.2890468	0.2886212	0.055021077	1.0	-0.24623004	-0.4523503	-0.39732522	-0.055874158	-0.047042448	0.049277373	0.19893906	0.14163202	-0.081794664	-0.33809996	0.24582669	0.06420051	0.21961477	-0.041520186	0.02165351	0.19576009	0.2690833	-0.104954936	-0.011922821
-0.30561313	0.27376837	0.27042818	-0.41142446	0.107025094	-0.24623004	0.9999999	0.19565302	0.25358042	-0.09366503	-0.06274363	-0.16370174	-0.3165336	-0.14716081	0.11575351	0.27607682	-0.41258433	0.039293893	-0.29458466	0.14528626	-0.008107343	-0.43669936	-0.15588214	0.1280486	-0.005180902
-0.014553749	0.15707192	0.1695185	-0.38699433	0.04413919	-0.4523503	0.19565302	0.99999976	0.26794606	0.1502747	-0.055921208	-0.20533673	-0.2526518	-0.019319808	-0.045196384	0.23675804	-0.12936006	-0.21393535	-0.13292329	-0.104504794	-0.18841176	-0.10859964	-0.4971817	0.19517055	0.14452751
-0.093401745	0.22690094	0.21903962	-0.44661936	-0.0028319436	-0.39732522	0.25358042	0.26794606	0.99999964	0.047700733	-0.0715086	-0.054855123	-0.25140637	-0.101397455	0.026615815	0.2883178	-0.41669807	-0.038602035	-0.25964853	0.024232648	-0.078351505	-0.2022868	-0.42856696	0.1622991	0.03836615
0.26459274	-0.15296385	-0.0861247	0.0074836016	-0.018141415	-0.055874158	-0.09366503	0.1502747	0.047700733	0.99999946	-0.17339535	-0.044617362	-0.13730638	0.22078325	-0.21660405	-0.04265619	0.15192473	-0.47609589	0.12462214	-0.47708383	-0.37001115	0.19414733	-0.21217436	0.13408455	0.27747896
-0.1687871	0.04672985	-0.098638006	-0.038128693	-0.47220504	-0.047042448	-0.06274363	-0.055921208	-0.0715086	-0.17339535	0.9999995	0.25780126	0.18152599	-0.24680051	0.2386643	-0.054797567	-0.053689912	0.049983144	0.01825842	0.13463207	0.18337892	-0.11335713	0.09130581	-0.467811	-0.15464972
0.032725003	-0.14582355	-0.2777284	0.019795334	-0.56667703	0.049277373	-0.16370174	-0.20533673	-0.054855123	-0.044617362	0.25780126	0.9999995	0.26836583	-0.0040298435	0.12115543	-0.18409942	0.026025286	-0.007653946	0.1748123	-0.02050783	0.15713845	0.012053071	0.1452049	-0.40627378	-0.14426357
0.07038475	-0.24461009	-0.3400612	0.18597628	-0.32477528	0.19893906	-0.3165336	-0.2526518	-0.25140637	-0.13730638	0.18152599	0.26836583	0.9999995	0.07452462	0.06790168	-0.40268373	0.16475922	0.06123525	0.23417099	-0.038479377	0.13710032	0.087346114	0.24620032	-0.3428492	-0.08141433
0.29228604	-0.34572294	-0.22506435	0.17543374	-0.02470548	0.14163202	-0.14716081	-0.019319808	-0.101397455	0.22078325	-0.24680051	-0.0040298435	0.07452462	0.9999995	-0.43645012	-0.25686148	0.24148452	-0.30543163	0.23608221	-0.3755292	-0.13074353	0.27399507	0.022660693	0.062974885	0.1639771
-0.36239523	0.15863487	0.034160353	-0.21959971	-0.072855495	-0.081794664	0.11575351	-0.045196384	0.026615815	-0.21660405	0.2386643	0.12115543	0.06790168	-0.43645012	0.99999946	0.06376112	-0.18526158	0.17155313	-0.12383853	0.23813935	0.18302153	-0.4201787	0.067293845	-0.30344254	-0.16087261
-0.16142106	0.28933015	0.29076418	-0.34919664	0.09563206	-0.33809996	0.27607682	0.23675804	0.2883178	-0.04265619	-0.054797567	-0.18409942	-0.40268373	-0.25686148	0.06376112	0.9999994	-0.33438924	0.03217465	-0.39569923	0.13614662	-0.06936049	-0.24547447	-0.3549382	0.1755748	0.012684012
0.25104916	-0.3743536	-0.3553964	0.27019897	-0.0037420143	0.24582669	-0.41258433	-0.12936006	-0.41669807	0.15192473	-0.053689912	0.026025286	0.16475922	0.24148452	-0.18526158	-0.33438924	0.99999934	-0.16254354	0.2846342	-0.25205663	-0.08060888	0.28731158	0.14391893	-0.062602215	0.09254629
-0.35754547	0.12044519	0.05851706	0.014537808	0.10488292	0.06420051	0.039293893	-0.21393535	-0.038602035	-0.47609589	0.049983144	-0.007653946	0.06123525	-0.30543163	0.17155313	0.03217465	-0.16254354	0.9999994	-0.11152411	0.28638297	0.2574885	-0.15270494	0.14776066	-0.10251359	-0.4482664
0.2422028	-0.43654495	-0.5282203	0.21148084	-0.16413563	0.21961477	-0.29458466	-0.13292329	-0.25964853	0.12462214	0.01825842	0.1748123	0.23417099	0.23608221	-0.12383853	-0.39569923	0.2846342	-0.11152411	0.999999	-0.28123212	-0.017391706	0.24320422	0.1416581	-0.14904794	0.024849989
-0.34487215	0.21918264	0.15070195	-0.10207183	0.047915064	-0.041520186	0.14528626	-0.104504794	0.024232648	-0.47708383	0.13463207	-0.02050783	-0.038479377	-0.3755292	0.23813935	0.13614662	-0.25205663	0.28638297	-0.28123212	0.99999875	0.22467509	-0.34859258	0.08921932	-0.091302924	-0.32377297
-0.2488208	0.04015145	-0.059500635	0.03626803	-0.059324957	0.02165351	-0.008107343	-0.18841176	-0.078351505	-0.37001115	0.18337892	0.15713845	0.13710032	-0.13074353	0.18302153	-0.06936049	-0.08060888	0.2574885	-0.017391706	0.22467509	0.9999985	-0.11342653	0.16966777	-0.3029478	-0.6681643
0.2788061	-0.33860993	-0.20597899	0.25287944	-0.006893865	0.19576009	-0.43669936	-0.10859964	-0.2022868	0.19414733	-0.11335713	0.012053071	0.087346114	0.27399507	-0.4201787	-0.24547447	0.28731158	-0.15270494	0.24320422	-0.34859258	-0.11342653	0.99999845	0.067946605	0.021730144	0.108667426
-0.030293614	-0.16525584	-0.14693512	0.24015883	-0.06815915	0.2690833	-0.15588214	-0.4971817	-0.42856696	-0.21217436	0.09130581	0.1452049	0.24620032	0.022660693	0.067293845	-0.3549382	0.14391893	0.14776066	0.1416581	0.08921932	0.16966777	0.067946605	0.9999983	-0.28235707	-0.13824053
0.062342044	0.090889	0.19305484	-0.08466236	0.22966771	-0.104954936	0.1280486	0.19517055	0.1622991	0.13408455	-0.467811	-0.40627378	-0.3428492	0.062974885	-0.30344254	0.1755748	-0.062602215	-0.10251359	-0.14904794	-0.091302924	-0.3029478	0.021730144	-0.28235707	0.9999982	0.18184513
0.19953188	-0.07041094	0.010970904	-0.023740286	-0.001463559	-0.011922821	-0.005180902	0.14452751	0.03836615	0.27747896	-0.15464972	-0.14426357	-0.08141433	0.1639771	-0.16087261	0.012684012	0.09254629	-0.4482664	0.024849989	-0.32377297	-0.6681643	0.108667426	-0.13824053	0.18184513	0.9999982
