1.0000001	-0.2791871	-0.32901323	-0.14563106	0.14907014	0.17327397	-0.028972408	0.07852199	-0.06286746	-0.5337347	-0.014967758	-0.3278352	-0.054469123	0.2684544	0.009749568	0.047170155	0.15272646	-0.08036252	0.12534654	-0.053455252	0.14970638	-0.09410171	-0.045619972	-0.2602573	0.16258708
-0.2791871	1.0000002	0.10170976	0.25670663	-0.39001745	-0.58976626	-0.12220044	0.12611727	-0.078605995	0.19631317	-0.13264766	0.22403646	-0.17762154	-0.20638047	0.015148385	0.017533423	-0.07427876	-0.03624767	0.006837844	-0.016305422	-0.016754543	0.09477213	0.2254181	0.21364914	-0.19198066
-0.32901323	0.10170976	1.0000001	0.17703184	-0.22122139	-0.07725606	0.12028203	-0.10987876	0.19414724	0.11489212	0.1817889	0.034044847	0.10453957	-0.4043077	-0.22574387	0.16343433	-0.42268616	0.22187038	-0.2642882	-0.3112768	-0.21437763	0.2527199	-0.074610375	0.25689197	-0.40786818
-0.14563106	0.25670663	0.17703184	1.0000001	-0.57658726	-0.36500075	-0.11238467	0.07887779	-7.5797034e-5	0.07379967	0.060105614	0.0802531	-0.018235428	-0.20221901	-0.06978782	0.14990571	-0.10744495	0.0426377	-0.10507618	-0.11888536	-0.16579095	0.17217554	0.12838207	0.23928411	-0.40948957
0.14907014	-0.39001745	-0.22122139	-0.57658726	1.0000001	0.2538558	0.06927239	-0.09679128	-0.00038110552	-0.14459285	-0.01977491	-0.08209966	0.04787439	0.19669037	0.06961355	-0.22983931	0.12883013	-0.038276438	0.09541346	0.09133968	0.11048547	-0.16717802	-0.22820947	-0.31073558	0.2526935
0.17327397	-0.58976626	-0.07725606	-0.36500075	0.2538558	1.0000001	0.15516077	-0.20228039	0.087653644	-0.17671397	0.082028344	-0.32514188	0.17378826	0.14779371	0.044205684	-0.04217895	0.058366064	-0.03187036	-0.050250776	0.07374195	0.01125122	-0.15605268	-0.2760192	-0.22380047	0.13856
-0.028972408	-0.12220044	0.12028203	-0.11238467	0.06927239	0.15516077	1.0000001	-0.4926958	0.2804191	-0.033697654	0.2483953	-0.22726403	0.2522307	-0.216852	-0.10038371	0.07916642	-0.21170564	0.16927354	-0.41767472	-0.060880132	-0.3572211	0.0935598	-0.2950387	0.083957694	-0.13417746
0.07852199	0.12611727	-0.10987876	0.07887779	-0.09679128	-0.20228039	-0.4926958	1.0000002	-0.24550004	-0.004133947	-0.23550203	0.09181017	-0.53246915	0.12595005	0.023217008	0.0047359103	0.1257116	-0.20475174	0.25982958	0.034596775	0.1859816	0.0044001928	0.26230785	-0.06684671	0.06457939
-0.06286746	-0.078605995	0.19414724	-7.5797034e-5	-0.00038110552	0.087653644	0.2804191	-0.24550004	1.0000001	-0.1223816	0.29791352	-0.24653268	0.20553027	-0.19854246	-0.1692759	0.18374279	-0.3279818	0.22564866	-0.40294665	-0.23939826	-0.42750123	0.21209088	-0.3440129	0.11323949	-0.23037899
-0.5337347	0.19631317	0.11489212	0.07379967	-0.14459285	-0.17671397	-0.033697654	-0.004133947	-0.1223816	1.0	-0.15511309	0.27364865	-0.027909504	-0.2444707	0.11007803	-0.25301042	-0.032114334	-0.10242574	-0.037025027	0.16165838	-0.07253944	-0.07817678	0.12987958	0.18871741	-0.04505787
-0.014967758	-0.13264766	0.1817889	0.060105614	-0.01977491	0.082028344	0.2483953	-0.23550203	0.29791352	-0.15511309	0.99999994	-0.28262565	0.18949728	-0.20184048	-0.31634775	0.16649924	-0.16235335	0.24237728	-0.3990752	-0.23304583	-0.34057897	0.22040574	-0.33483422	0.10647306	-0.25773507
-0.3278352	0.22403646	0.034044847	0.0802531	-0.08209966	-0.32514188	-0.22726403	0.09181017	-0.24653268	0.27364865	-0.28262565	0.99999994	-0.10500443	-0.11302187	0.12531422	-0.2816868	0.075580955	-0.1058958	0.11221034	0.11657956	0.096113585	-0.1277406	0.19878869	0.09933436	0.0365314
-0.054469123	-0.17762154	0.10453957	-0.018235428	0.04787439	0.17378826	0.2522307	-0.53246915	0.20553027	-0.027909504	0.18949728	-0.10500443	1.0000001	-0.06558146	0.059582278	-0.027929027	-0.083494894	0.07007439	-0.347513	0.0014843212	-0.15940018	-0.03362111	-0.5010005	-0.009594749	-0.12266566
0.2684544	-0.20638047	-0.4043077	-0.20221901	0.19669037	0.14779371	-0.216852	0.12595005	-0.19854246	-0.2444707	-0.20184048	-0.11302187	-0.06558146	1.0000001	0.15126178	-0.091509566	0.25707057	-0.2269206	0.24365668	0.12068266	0.26862544	-0.27252546	0.0019391814	-0.4559642	0.2642265
0.009749568	0.015148385	-0.22574387	-0.06978782	0.06961355	0.044205684	-0.10038371	0.023217008	-0.1692759	0.11007803	-0.31634775	0.12531422	0.059582278	0.15126178	1.0	-0.3031233	0.23410824	-0.56822276	0.13137656	0.29540032	0.17065838	-0.42585188	0.021734737	-0.12778345	0.15038578
0.047170155	0.017533423	0.16343433	0.14990571	-0.22983931	-0.04217895	0.07916642	0.0047359103	0.18374279	-0.25301042	0.16649924	-0.2816868	-0.027929027	-0.091509566	-0.3031233	1.0000001	-0.36179617	0.22719218	-0.1243039	-0.45628208	-0.12605853	0.26996842	-0.008073859	0.075318925	-0.26603705
0.15272646	-0.07427876	-0.42268616	-0.10744495	0.12883013	0.058366064	-0.21170564	0.1257116	-0.3279818	-0.032114334	-0.16235335	0.075580955	-0.083494894	0.25707057	0.23410824	-0.36179617	1.0000002	-0.31243318	0.22612375	0.2528249	0.2481551	-0.41771272	0.08641119	-0.29387578	0.2589848
-0.08036252	-0.03624767	0.22187038	0.0426377	-0.038276438	-0.03187036	0.16927354	-0.20475174	0.22564866	-0.10242574	0.24237728	-0.1058958	0.07007439	-0.2269206	-0.56822276	0.22719218	-0.31243318	1.0000002	-0.20878832	-0.46004352	-0.22145884	0.26630762	-0.09886002	0.12493176	-0.14208438
0.12534654	0.006837844	-0.2642882	-0.10507618	0.09541346	-0.050250776	-0.41767472	0.25982958	-0.40294665	-0.037025027	-0.3990752	0.11221034	-0.347513	0.24365668	0.13137656	-0.1243039	0.22612375	-0.20878832	1.0000002	0.13277076	0.3024525	-0.17258283	0.19399343	-0.25928223	0.23718637
-0.053455252	-0.016305422	-0.3112768	-0.11888536	0.09133968	0.07374195	-0.060880132	0.034596775	-0.23939826	0.16165838	-0.23304583	0.11657956	0.0014843212	0.12068266	0.29540032	-0.45628208	0.2528249	-0.46004352	0.13277076	0.99999994	0.13672763	-0.37656334	0.035520017	-0.09570147	0.18956149
0.14970638	-0.016754543	-0.21437763	-0.16579095	0.11048547	0.01125122	-0.3572211	0.1859816	-0.42750123	-0.07253944	-0.34057897	0.096113585	-0.15940018	0.26862544	0.17065838	-0.12605853	0.2481551	-0.22145884	0.3024525	0.13672763	0.9999998	-0.30118552	0.14163914	-0.37741986	0.24626999
-0.09410171	0.09477213	0.2527199	0.17217554	-0.16717802	-0.15605268	0.0935598	0.0044001928	0.21209088	-0.07817678	0.22040574	-0.1277406	-0.03362111	-0.27252546	-0.42585188	0.26996842	-0.41771272	0.26630762	-0.17258283	-0.37656334	-0.30118552	0.99999994	-0.046992365	0.21149413	-0.3286704
-0.045619972	0.2254181	-0.074610375	0.12838207	-0.22820947	-0.2760192	-0.2950387	0.26230785	-0.3440129	0.12987958	-0.33483422	0.19878869	-0.5010005	0.0019391814	0.021734737	-0.008073859	0.08641119	-0.09886002	0.19399343	0.035520017	0.14163914	-0.046992365	1.0000001	0.08822698	0.027349388
-0.2602573	0.21364914	0.25689197	0.23928411	-0.31073558	-0.22380047	0.083957694	-0.06684671	0.11323949	0.18871741	0.10647306	0.09933436	-0.009594749	-0.4559642	-0.12778345	0.075318925	-0.29387578	0.12493176	-0.25928223	-0.09570147	-0.37741986	0.21149413	0.08822698	1.0000001	-0.36540157
0.16258708	-0.19198066	-0.40786818	-0.40948957	0.2526935	0.13856	-0.13417746	0.06457939	-0.23037899	-0.04505787	-0.25773507	0.0365314	-0.12266566	0.2642265	0.15038578	-0.26603705	0.2589848	-0.14208438	0.23718637	0.18956149	0.24626999	-0.3286704	0.027349388	-0.36540157	1.0000001
