1.0	-0.36981204	-0.42162856	-0.42567334	0.25516614	0.24566983	-0.32974604	-0.17696749	0.21098654	-0.19564539	0.27554113	0.17897724	0.1451674	0.24647911	-0.21348001	-0.24343209	0.23929109	-0.275777	0.24916199	0.1867907	-0.17495124	-0.14804652	-0.28143725	0.19056958	0.16818129
-0.36981204	0.99999994	0.20921975	0.21825767	-0.28541085	-0.14188382	0.13027427	0.2313365	-0.0628269	0.12950958	-0.29145452	-0.096938804	-0.1030442	-0.54312015	0.23654631	0.21577372	-0.2330386	0.07162785	-0.36268583	-0.1648575	0.17087238	0.035578385	0.17852652	-0.025911154	-0.3354807
-0.42162856	0.20921975	0.99999994	0.19125225	-0.14641783	-0.17729174	0.25167546	0.13845837	-0.44604343	0.11513098	-0.4414912	-0.11730105	-0.11454455	-0.34047464	0.16490768	0.15397845	-0.16995624	0.21524847	-0.17870356	-0.21139489	0.20665926	0.13119006	0.17732015	-0.28156608	-0.16648434
-0.42567334	0.21825767	0.19125225	0.9999995	-0.44112659	-0.45849773	0.23580629	0.25815398	-0.13812426	0.17899668	-0.21208866	-0.22235584	-0.12475907	-0.18542339	0.1379384	0.25554213	-0.31966466	0.1695161	-0.3618218	-0.24814007	0.17034888	0.15490171	0.25203127	-0.18568757	-0.17060281
0.25516614	-0.28541085	-0.14641783	-0.44112659	0.99999946	0.24910483	-0.19291945	-0.3879596	0.1601621	-0.16279222	0.22824241	0.26449096	0.20852524	0.23836873	-0.22710662	-0.40995392	0.2656452	-0.2214964	0.30719697	0.1491847	-0.3643864	-0.14002557	-0.33840832	0.13879827	0.18516423
0.24566983	-0.14188382	-0.17729174	-0.45849773	0.24910483	0.99999934	-0.39942265	-0.33487278	0.14821498	-0.11247246	0.23510326	0.19601458	0.19990855	0.13808204	-0.09076986	-0.25159708	0.22100346	-0.1912238	0.24096233	0.12832299	-0.117752686	-0.3645764	-0.3723779	0.22135738	0.09077935
-0.32974604	0.13027427	0.25167546	0.23580629	-0.19291945	-0.39942265	0.99999946	0.19869672	-0.3082153	0.10352267	-0.40340567	-0.29924205	-0.15269205	-0.23819889	0.056935083	0.23157936	-0.36906096	0.22025754	-0.14484286	-0.13807185	0.20482714	0.17476562	0.19968335	-0.32494363	-0.0023645426
-0.17696749	0.2313365	0.13845837	0.25815398	-0.3879596	-0.33487278	0.19869672	0.9999992	-0.09975641	0.08077879	-0.25978923	-0.39686385	-0.30496156	-0.31895098	0.21841653	0.29007307	-0.33384892	0.17630497	-0.4196296	-0.09808364	0.25085095	0.12888816	0.28414127	-0.11946763	-0.2562376
0.21098654	-0.0628269	-0.44604343	-0.13812426	0.1601621	0.14821498	-0.3082153	-0.09975641	0.9999993	0.051827252	0.2720164	0.18907692	0.21039489	0.123377204	-0.15123989	-0.09936367	0.10628817	-0.48800716	0.11529151	-0.03194316	-0.4006539	-0.20523372	-0.24082619	0.28019938	0.13859943
-0.19564539	0.12950958	0.11513098	0.17899668	-0.16279222	-0.11247246	0.10352267	0.08077879	0.051827252	0.99999934	-0.013577637	-0.004265293	0.08468756	-0.15014674	-0.08863567	0.12954491	-0.34498802	-0.107300505	-0.14621201	-0.69106793	-0.048949245	-0.11947179	-0.007797438	0.0767307	0.105300814
0.27554113	-0.29145452	-0.4414912	-0.21208866	0.22824241	0.23510326	-0.40340567	-0.25978923	0.2720164	-0.013577637	0.9999994	0.20854223	0.23505275	0.23800844	-0.2536626	-0.22864047	0.1862955	-0.31140688	0.23620132	0.050486833	-0.3326159	-0.28423554	-0.24867702	0.25969484	0.18926825
0.17897724	-0.096938804	-0.11730105	-0.22235584	0.26449096	0.19601458	-0.29924205	-0.39686385	0.18907692	-0.004265293	0.20854223	0.9999996	0.18388899	0.17810225	-0.102093466	-0.44193092	0.22422245	-0.3492728	0.2040002	0.03325122	-0.40054607	-0.036700115	-0.3656901	0.13495497	0.12138152
0.1451674	-0.1030442	-0.11454455	-0.12475907	0.20852524	0.19990855	-0.15269205	-0.30496156	0.21039489	0.08468756	0.23505275	0.18388899	0.99999946	0.09478286	-0.37615174	-0.114679284	0.08270805	-0.27573237	0.22623312	-0.08002885	-0.3895089	-0.45631546	-0.39850107	0.24734148	0.23129474
0.24647911	-0.54312015	-0.34047464	-0.18542339	0.23836873	0.13808204	-0.23819889	-0.31895098	0.123377204	-0.15014674	0.23800844	0.17810225	0.09478286	0.99999946	-0.26003668	-0.3622882	0.23295516	-0.070410326	0.25491115	0.15514831	-0.2588641	0.010439597	-0.15459621	0.05413852	0.16084982
-0.21348001	0.23654631	0.16490768	0.1379384	-0.22710662	-0.09076986	0.056935083	0.21841653	-0.15123989	-0.08863567	-0.2536626	-0.102093466	-0.37615174	-0.26003668	0.9999997	0.10327828	-0.046644606	0.18863738	-0.3628249	0.04254026	0.22241816	0.14114343	0.24839701	-0.13192542	-0.5993413
-0.24343209	0.21577372	0.15397845	0.25554213	-0.40995392	-0.25159708	0.23157936	0.29007307	-0.09936367	0.12954491	-0.22864047	-0.44193092	-0.114679284	-0.3622882	0.10327828	0.9999997	-0.4675593	0.13410631	-0.3502314	-0.13015342	0.21379408	0.048854478	0.20895456	-0.07096002	-0.066079654
0.23929109	-0.2330386	-0.16995624	-0.31966466	0.2656452	0.22100346	-0.36906096	-0.33384892	0.10628817	-0.34498802	0.1862955	0.22422245	0.08270805	0.23295516	-0.046644606	-0.4675593	0.99999964	-0.108246215	0.22108199	0.23380816	-0.17339502	-0.022774372	-0.15772846	0.082876325	0.0465421
-0.275777	0.07162785	0.21524847	0.1695161	-0.2214964	-0.1912238	0.22025754	0.17630497	-0.48800716	-0.107300505	-0.31140688	-0.3492728	-0.27573237	-0.070410326	0.18863738	0.13410631	-0.108246215	0.9999995	-0.1460719	0.05823205	0.27887854	0.20886628	0.2684431	-0.4151523	-0.26590788
0.24916199	-0.36268583	-0.17870356	-0.3618218	0.30719697	0.24096233	-0.14484286	-0.4196296	0.11529151	-0.14621201	0.23620132	0.2040002	0.22623312	0.25491115	-0.3628249	-0.3502314	0.22108199	-0.1460719	0.9999998	0.13807778	-0.25683904	-0.21312556	-0.3583963	0.13379936	0.23018846
0.1867907	-0.1648575	-0.21139489	-0.24814007	0.1491847	0.12832299	-0.13807185	-0.09808364	-0.03194316	-0.69106793	0.050486833	0.03325122	-0.08002885	0.15514831	0.04254026	-0.13015342	0.23380816	0.05823205	0.13807778	0.99999964	0.002187028	0.065906	-0.03742231	-0.069811895	-0.10972249
-0.17495124	0.17087238	0.20665926	0.17034888	-0.3643864	-0.117752686	0.20482714	0.25085095	-0.4006539	-0.048949245	-0.3326159	-0.40054607	-0.3895089	-0.2588641	0.22241816	0.21379408	-0.17339502	0.27887854	-0.25683904	0.002187028	0.9999997	0.1578888	0.27253637	-0.2548894	-0.23399267
-0.14804652	0.035578385	0.13119006	0.15490171	-0.14002557	-0.3645764	0.17476562	0.12888816	-0.20523372	-0.11947179	-0.28423554	-0.036700115	-0.45631546	0.010439597	0.14114343	0.048854478	-0.022774372	0.20886628	-0.21312556	0.065906	0.1578888	0.99999976	0.22423275	-0.5273347	-0.12974659
-0.28143725	0.17852652	0.17732015	0.25203127	-0.33840832	-0.3723779	0.19968335	0.28414127	-0.24082619	-0.007797438	-0.24867702	-0.3656901	-0.39850107	-0.15459621	0.24839701	0.20895456	-0.15772846	0.2684431	-0.3583963	-0.03742231	0.27253637	0.22423275	0.9999997	-0.26013073	-0.3462458
0.19056958	-0.025911154	-0.28156608	-0.18568757	0.13879827	0.22135738	-0.32494363	-0.11946763	0.28019938	0.0767307	0.25969484	0.13495497	0.24734148	0.05413852	-0.13192542	-0.07096002	0.082876325	-0.4151523	0.13379936	-0.069811895	-0.2548894	-0.5273347	-0.26013073	0.99999964	0.13156945
0.16818129	-0.3354807	-0.16648434	-0.17060281	0.18516423	0.09077935	-0.0023645426	-0.2562376	0.13859943	0.105300814	0.18926825	0.12138152	0.23129474	0.16084982	-0.5993413	-0.066079654	0.0465421	-0.26590788	0.23018846	-0.10972249	-0.23399267	-0.12974659	-0.3462458	0.13156945	0.99999964
