1.0000001	-0.3611535	-0.107552685	-0.29523805	-0.15826373	0.22936077	-0.37049013	0.042493604	0.06639918	0.15469612	0.26832452	-0.15626015	0.2803364	-0.25327006	0.29339746	-0.038041197	0.00033826582	-0.126832	-0.2513097	0.15046161	0.21993084	-0.35284287	0.25020537	-0.08092405	-0.28737536
-0.3611535	1.0000002	0.1576963	0.0983029	-0.02586509	-0.15406196	0.17216642	-0.10929958	0.006943278	-0.37675235	-0.39421993	0.20955214	-0.40566173	0.19427389	-0.2773015	-0.09530616	0.15274897	-0.0038357102	0.2980409	-0.43959638	-0.27622384	0.14134207	-0.24943483	0.24165794	0.2749104
-0.107552685	0.1576963	1.0000004	-0.050601486	-0.23170845	0.083483845	-0.04429474	-0.34063953	0.21524271	-0.33642337	-0.26775134	0.28001422	-0.22500233	0.29173958	-0.11895376	-0.31081158	0.16882232	-0.38753468	0.17286731	-0.037165944	-0.40285715	-0.1571909	-0.052463967	0.21526273	0.20791239
-0.29523805	0.0983029	-0.050601486	1.0000004	0.2673666	-0.13504447	0.12328982	0.10646199	-0.3222679	0.028146949	-0.10802818	-0.055207204	-0.14342286	0.016034478	-0.17064421	0.18800637	-0.26281276	0.1998168	0.059390496	-0.061063677	-0.049567964	0.24420638	-0.490958	-0.12821522	0.06037144
-0.15826373	-0.02586509	-0.23170845	0.2673666	1.0000005	-0.03286829	0.036321007	0.20949747	-0.49802077	0.121327	0.031877525	-0.1874598	-0.037503127	-0.09438136	-0.015825909	0.17164773	-0.13804676	0.24381097	-0.009152754	0.04313132	0.0836646	0.18732406	-0.3589366	-0.2383234	-0.108249135
0.22936077	-0.15406196	0.083483845	-0.13504447	-0.03286829	1.0000002	-0.6722399	-0.04107855	0.08284281	0.05466038	0.17161572	0.014585667	0.17770782	-0.0797214	0.22912812	0.0041549415	-0.10577363	-0.21239531	-0.22685637	0.14855288	0.07381655	-0.34038773	0.072298765	-0.022376359	-0.27045828
-0.37049013	0.17216642	-0.04429474	0.12328982	0.036321007	-0.6722399	1.0	-0.008224546	-0.051842816	-0.072425224	-0.25786686	0.043489248	-0.29910013	0.10974987	-0.3078996	0.00017632595	0.049583822	0.11453041	0.19921595	-0.13923141	-0.13505214	0.2467995	-0.06590232	0.044373732	0.22334021
0.042493604	-0.10929958	-0.34063953	0.10646199	0.20949747	-0.04107855	-0.008224546	1.0	-0.5051977	0.24692495	0.17244984	-0.1837709	0.16562717	-0.2893063	0.1093216	0.23895797	-0.2903318	0.2107183	-0.1907404	0.06938197	0.2124544	0.13272381	0.022901554	-0.29389232	-0.27155912
0.06639918	0.006943278	0.21524271	-0.3222679	-0.49802077	0.08284281	-0.051842816	-0.5051977	0.9999999	-0.15767567	-0.04261904	0.18449399	-0.048495438	0.1632974	-0.025816172	-0.15133014	0.14083926	-0.27012876	0.028990509	0.0495774	-0.12720965	-0.2859997	0.09904815	0.14443374	0.09661964
0.15469612	-0.37675235	-0.33642337	0.028146949	0.121327	0.05466038	-0.072425224	0.24692495	-0.15767567	0.9999998	0.28341445	-0.34969577	0.2655241	-0.2675191	0.22342475	0.22809286	-0.3753129	0.14310895	-0.3110728	0.22403152	0.2715707	-0.0048348573	0.09878765	-0.38831612	-0.34503666
0.26832452	-0.39421993	-0.26775134	-0.10802818	0.031877525	0.17161572	-0.25786686	0.17244984	-0.04261904	0.28341445	0.99999976	-0.28654718	0.3205423	-0.36225414	0.29817486	0.1384784	-0.17314905	0.054251418	-0.3980678	0.22977687	0.3002611	-0.16610001	0.16535987	-0.30818576	-0.40701392
-0.15626015	0.20955214	0.28001422	-0.055207204	-0.1874598	0.014585667	0.043489248	-0.1837709	0.18449399	-0.34969577	-0.28654718	0.9999998	-0.30477092	0.2895033	-0.2806977	-0.098667815	0.095802225	-0.33303595	0.20344754	-0.079238944	-0.44507283	-0.08339874	-0.16274917	0.20738737	0.22758703
0.2803364	-0.40566173	-0.22500233	-0.14342286	-0.037503127	0.17770782	-0.29910013	0.16562717	-0.048495438	0.2655241	0.3205423	-0.30477092	1.0	-0.276667	0.2935876	0.10412372	-0.120692424	0.04410024	-0.41225594	0.22231513	0.2864643	-0.17864269	0.20045292	-0.29422113	-0.34444198
-0.25327006	0.19427389	0.29173958	0.016034478	-0.09438136	-0.0797214	0.10974987	-0.2893063	0.1632974	-0.2675191	-0.36225414	0.2895033	-0.276667	0.99999994	-0.27593124	-0.24082215	0.14829315	-0.30212963	0.23592588	-0.04605151	-0.4349816	-0.06265307	-0.1605689	0.18056285	0.2584572
0.29339746	-0.2773015	-0.11895376	-0.17064421	-0.015825909	0.22912812	-0.3078996	0.1093216	-0.025816172	0.22342475	0.29817486	-0.2806977	0.2935876	-0.27593124	0.99999976	0.018880676	-0.122689195	-0.061923623	-0.31246272	0.20942502	0.25496045	-0.3450362	0.19100656	-0.19188528	-0.41711652
-0.038041197	-0.09530616	-0.31081158	0.18800637	0.17164773	0.0041549415	0.00017632595	0.23895797	-0.15133014	0.22809286	0.1384784	-0.098667815	0.10412372	-0.24082215	0.018880676	0.9999997	-0.58840156	0.17352174	-0.2504326	0.09604861	0.14668503	0.15051413	-0.124002144	-0.22921155	-0.19702032
0.00033826582	0.15274897	0.16882232	-0.26281276	-0.13804676	-0.10577363	0.049583822	-0.2903318	0.14083926	-0.3753129	-0.17314905	0.095802225	-0.120692424	0.14829315	-0.122689195	-0.58840156	0.9999994	-0.0744382	0.20622027	-0.25923392	-0.09889953	-0.07558477	0.052033924	0.24168132	0.17985527
-0.126832	-0.0038357102	-0.38753468	0.1998168	0.24381097	-0.21239531	0.11453041	0.2107183	-0.27012876	0.14310895	0.054251418	-0.33303595	0.04410024	-0.30212963	-0.061923623	0.17352174	-0.0744382	0.9999995	-0.0058098854	-0.08719424	0.14789166	0.2503032	-0.19512726	-0.17232083	-0.09753133
-0.2513097	0.2980409	0.17286731	0.059390496	-0.009152754	-0.22685637	0.19921595	-0.1907404	0.028990509	-0.3110728	-0.3980678	0.20344754	-0.41225594	0.23592588	-0.31246272	-0.2504326	0.20622027	-0.0058098854	0.99999964	-0.3546732	-0.36174598	0.10083472	-0.21706022	0.24790807	0.2960559
0.15046161	-0.43959638	-0.037165944	-0.061063677	0.04313132	0.14855288	-0.13923141	0.06938197	0.0495774	0.22403152	0.22977687	-0.079238944	0.22231513	-0.04605151	0.20942502	0.09604861	-0.25923392	-0.08719424	-0.3546732	0.99999964	0.1365446	-0.13934432	0.06081376	-0.45572397	-0.27058282
0.21993084	-0.27622384	-0.40285715	-0.049567964	0.0836646	0.07381655	-0.13505214	0.2124544	-0.12720965	0.2715707	0.3002611	-0.44507283	0.2864643	-0.4349816	0.25496045	0.14668503	-0.09889953	0.14789166	-0.36174598	0.1365446	0.99999976	-0.061617583	0.14799644	-0.22841565	-0.3474882
-0.35284287	0.14134207	-0.1571909	0.24420638	0.18732406	-0.34038773	0.2467995	0.13272381	-0.2859997	-0.0048348573	-0.16610001	-0.08339874	-0.17864269	-0.06265307	-0.3450362	0.15051413	-0.07558477	0.2503032	0.10083472	-0.13934432	-0.061617583	0.9999997	-0.17438976	-0.06279255	0.121097915
0.25020537	-0.24943483	-0.052463967	-0.490958	-0.3589366	0.072298765	-0.06590232	0.022901554	0.09904815	0.09878765	0.16535987	-0.16274917	0.20045292	-0.1605689	0.19100656	-0.124002144	0.052033924	-0.19512726	-0.21706022	0.06081376	0.14799644	-0.17438976	0.9999999	0.023919562	-0.09354816
-0.08092405	0.24165794	0.21526273	-0.12821522	-0.2383234	-0.022376359	0.044373732	-0.29389232	0.14443374	-0.38831612	-0.30818576	0.20738737	-0.29422113	0.18056285	-0.19188528	-0.22921155	0.24168132	-0.17232083	0.24790807	-0.45572397	-0.22841565	-0.06279255	0.023919562	0.9999998	0.24735162
-0.28737536	0.2749104	0.20791239	0.06037144	-0.108249135	-0.27045828	0.22334021	-0.27155912	0.09661964	-0.34503666	-0.40701392	0.22758703	-0.34444198	0.2584572	-0.41711652	-0.19702032	0.17985527	-0.09753133	0.2960559	-0.27058282	-0.3474882	0.121097915	-0.09354816	0.24735162	0.9999998
