1.0000001	-0.15344527	-0.075541325	0.20902763	0.20290191	-0.3531314	-0.01623181	-0.21136054	0.07236464	-0.1944323	0.13486817	-0.15349434	0.08416767	0.29306558	-0.0052906047	-0.27191094	0.15138896	-0.24977928	-0.0011475625	-0.45251805	-0.1538507	0.030246582	0.104398355	-0.006954491	-0.2674481
-0.15344527	1.0000001	0.04483502	-0.12970565	0.117628485	-0.072878905	-0.39702865	-0.21091823	-0.21002425	0.24008895	0.03285928	0.2699978	0.02158705	-0.09274022	0.24611716	0.024998428	-0.14390388	0.052897897	0.07092206	0.070312016	-0.12881629	-0.027580546	-0.45733574	-0.25476256	0.28158933
-0.075541325	0.04483502	1.0000001	-0.38245848	-0.19576637	0.087379254	-0.002561671	0.13869894	-0.3163068	-0.08858672	-0.2850167	0.052803457	0.23807387	-0.067036085	-0.023197567	0.24843262	0.16668049	0.22749399	-0.27504382	0.15237801	-0.32074168	-0.47990155	0.06716456	0.20982717	0.09256579
0.20902763	-0.12970565	-0.38245848	1.0	0.16902284	-0.09553068	-0.022891141	-0.28380382	0.18751486	-0.13009326	0.23789155	-0.20762941	-0.07242012	0.22790772	0.05872441	-0.46205604	-0.086483225	-0.2130459	0.15605237	-0.34252745	0.05263749	0.19901466	0.057365794	-0.21791612	-0.13499902
0.20290191	0.117628485	-0.19576637	0.16902284	1.0000001	-0.43663624	-0.27355775	-0.5061236	-0.046254154	0.056998666	0.21162352	0.060495812	0.030217959	0.14289509	0.17906052	-0.3016053	-0.010644758	-0.25507572	0.10432074	-0.21827383	-0.06244609	0.073250644	-0.075737976	-0.14241461	0.034448504
-0.3531314	-0.072878905	0.087379254	-0.09553068	-0.43663624	1.0	0.118032694	0.27303088	0.03431836	-0.022300605	-0.31777287	-0.099792115	-0.11835204	-0.19632562	-0.07857159	0.13627535	-0.09118613	0.06407335	-0.09381501	0.20110205	0.11659205	-0.0124942595	0.07008915	0.111280635	0.04089287
-0.01623181	-0.39702865	-0.002561671	-0.022891141	-0.27355775	0.118032694	1.0	0.17598924	0.14343211	-0.3704532	-0.045799702	-0.17995626	-0.0008942333	0.048278175	-0.49848297	0.11463529	0.14583936	0.0610376	-0.086393796	-0.09178725	0.061228335	-0.080214895	0.22890909	0.19803365	-0.28913337
-0.21136054	-0.21091823	0.13869894	-0.28380382	-0.5061236	0.27303088	0.17598924	0.9999998	-0.006693777	-0.03852545	-0.3975814	-0.05889399	-0.035038214	-0.21031316	-0.1714816	0.23890077	0.03167146	0.14865208	-0.14375223	0.20823902	0.04951218	-0.06467502	0.11904603	0.19699527	-0.04807374
0.07236464	-0.21002425	-0.3163068	0.18751486	-0.046254154	0.03431836	0.14343211	-0.006693777	0.9999997	-0.10845962	0.18890186	-0.27153626	-0.3051576	0.09369637	-0.16121754	-0.19448605	-0.1646646	-0.14139466	0.19099458	-0.1570922	0.22307241	0.25587755	0.056400925	-0.15605661	-0.3314571
-0.1944323	0.24008895	-0.08858672	-0.13009326	0.056998666	-0.022300605	-0.3704532	-0.03852545	-0.10845962	0.99999976	0.038018435	0.2686046	-0.15499942	-0.3318333	0.23585312	-0.006037773	-0.34171706	0.041277587	0.13871418	0.18024392	0.07872879	0.10526442	-0.35581422	-0.26666304	0.26723218
0.13486817	0.03285928	-0.2850167	0.23789155	0.21162352	-0.31777287	-0.045799702	-0.3975814	0.18890186	0.038018435	0.9999998	0.006467832	-0.25081357	0.1356094	0.08213136	-0.35721958	-0.1592175	-0.18864307	0.25310582	-0.25977215	0.124208786	0.22659913	-0.13819762	-0.33774027	-0.076386034
-0.15349434	0.2699978	0.052803457	-0.20762941	0.060495812	-0.099792115	-0.17995626	-0.05889399	-0.27153626	0.2686046	0.006467832	0.9999998	-0.071993284	-0.31538635	0.20491983	0.076648876	-0.181761	0.041125163	0.07270411	0.1370471	-0.005088522	-0.032621846	-0.42759576	-0.20074643	0.28692535
0.08416767	0.02158705	0.23807387	-0.07242012	0.030217959	-0.11835204	-0.0008942333	-0.035038214	-0.3051576	-0.15499942	-0.25081357	-0.071993284	0.99999964	0.10392641	-0.08040102	0.12422987	0.2638878	0.18719679	-0.37782776	-0.013953819	-0.4709026	-0.41893375	0.10760169	0.20125383	0.009608554
0.29306558	-0.09274022	-0.067036085	0.22790772	0.14289509	-0.19632562	0.048278175	-0.21031316	0.09369637	-0.3318333	0.1356094	-0.31538635	0.10392641	0.9999996	-0.0627372	-0.251644	0.16655515	-0.17493153	0.013207394	-0.4547351	-0.16340646	-0.0018376412	0.11425517	-0.01406935	-0.28184223
-0.0052906047	0.24611716	-0.023197567	0.05872441	0.17906052	-0.07857159	-0.49848297	-0.1714816	-0.16121754	0.23585312	0.08213136	0.20491983	-0.08040102	-0.0627372	0.9999996	-0.21975644	-0.2799722	-0.16667573	0.14322633	0.041132223	-0.037927024	0.07454662	-0.2549153	-0.33385184	0.22158746
-0.27191094	0.024998428	0.24843262	-0.46205604	-0.3016053	0.13627535	0.11463529	0.23890077	-0.19448605	-0.006037773	-0.35721958	0.076648876	0.12422987	-0.251644	-0.21975644	0.9999996	0.11088796	0.2579205	-0.20603225	0.2342441	-0.09718628	-0.27349722	0.0040236097	0.21327274	0.07639924
0.15138896	-0.14390388	0.16668049	-0.086483225	-0.010644758	-0.09118613	0.14583936	0.03167146	-0.1646646	-0.34171706	-0.1592175	-0.181761	0.2638878	0.16655515	-0.2799722	0.11088796	0.9999996	0.09349933	-0.3630636	-0.12828733	-0.27283525	-0.3097147	0.21321814	0.26122773	-0.20763108
-0.24977928	0.052897897	0.22749399	-0.2130459	-0.25507572	0.06407335	0.0610376	0.14865208	-0.14139466	0.041277587	-0.18864307	0.041125163	0.18719679	-0.17493153	-0.16667573	0.2579205	0.09349933	0.99999964	-0.38121507	0.1859671	-0.30913168	-0.2836878	-0.015988657	0.15668215	0.114631824
-0.0011475625	0.07092206	-0.27504382	0.15605237	0.10432074	-0.09381501	-0.086393796	-0.14375223	0.19099458	0.13871418	0.25310582	0.07270411	-0.37782776	0.013207394	0.14322633	-0.20603225	-0.3630636	-0.38121507	0.9999996	-0.12057251	0.22628678	0.2879569	-0.25630152	-0.40004444	0.008080473
-0.45251805	0.070312016	0.15237801	-0.34252745	-0.21827383	0.20110205	-0.09178725	0.20823902	-0.1570922	0.18024392	-0.25977215	0.1370471	-0.013953819	-0.4547351	0.041132223	0.2342441	-0.12828733	0.1859671	-0.12057251	0.99999964	0.05917075	-0.11337752	-0.040172294	0.07464066	0.1865099
-0.1538507	-0.12881629	-0.32074168	0.05263749	-0.06244609	0.11659205	0.061228335	0.04951218	0.22307241	0.07872879	0.124208786	-0.005088522	-0.4709026	-0.16340646	-0.037927024	-0.09718628	-0.27283525	-0.30913168	0.22628678	0.05917075	0.99999964	0.2627627	-0.009471087	-0.13895008	-0.07547432
0.030246582	-0.027580546	-0.47990155	0.19901466	0.073250644	-0.0124942595	-0.080214895	-0.06467502	0.25587755	0.10526442	0.22659913	-0.032621846	-0.41893375	-0.0018376412	0.07454662	-0.27349722	-0.3097147	-0.2836878	0.2879569	-0.11337752	0.2627627	0.9999996	-0.14213733	-0.26373005	-0.097691126
0.104398355	-0.45733574	0.06716456	0.057365794	-0.075737976	0.07008915	0.22890909	0.11904603	0.056400925	-0.35581422	-0.13819762	-0.42759576	0.10760169	0.11425517	-0.2549153	0.0040236097	0.21321814	-0.015988657	-0.25630152	-0.040172294	-0.009471087	-0.14213733	0.9999995	0.24795352	-0.34903756
-0.006954491	-0.25476256	0.20982717	-0.21791612	-0.14241461	0.111280635	0.19803365	0.19699527	-0.15605661	-0.26666304	-0.33774027	-0.20074643	0.20125383	-0.01406935	-0.33385184	0.21327274	0.26122773	0.15668215	-0.40004444	0.07464066	-0.13895008	-0.26373005	0.24795352	0.99999946	-0.12803711
-0.2674481	0.28158933	0.09256579	-0.13499902	0.034448504	0.04089287	-0.28913337	-0.04807374	-0.3314571	0.26723218	-0.076386034	0.28692535	0.009608554	-0.28184223	0.22158746	0.07639924	-0.20763108	0.114631824	0.008080473	0.1865099	-0.07547432	-0.097691126	-0.34903756	-0.12803711	0.99999946
