1.0	-0.13510878	-0.12591723	-0.50090367	0.25054988	0.07310278	0.032838587	-0.2377238	-0.3729571	0.23993526	-0.35434374	0.21622805	0.24864158	0.26096517	-0.25253767	-0.09759759	0.23875226	-0.19567397	-0.27351415	0.24677262	0.19503452	0.12948966	-0.23125523	0.1203582	-0.39660564
-0.13510878	1.0000001	0.13157485	-0.100452326	-0.024257462	-0.5435433	-0.32794347	0.1277367	-0.05089744	-0.2961254	0.18674153	-0.14809039	0.046898544	-0.26639146	0.053001333	0.23205124	-0.03255116	0.18398543	0.2021045	-0.080560654	-0.16835868	0.09756164	0.12076631	-0.16004719	0.16732264
-0.12591723	0.13157485	1.0000002	0.13158871	-0.38451868	-0.23886763	-0.04128929	0.17662065	0.17843989	-0.40114105	0.24989481	-0.1505614	-0.25306845	-0.37120846	0.27081662	0.14475682	-0.37806237	-0.053448666	0.24906714	-0.20619711	-0.4583679	-0.13582703	0.29106456	0.0902943	0.21635425
-0.50090367	-0.100452326	0.13158871	1.0000004	-0.32049543	0.08260773	0.12957843	0.10018685	0.3066085	-0.18313941	0.1938838	-0.10253443	-0.3791152	-0.2047779	0.23259988	-0.0038434137	-0.31282043	0.10075785	0.14283006	-0.26979777	-0.12101781	-0.27085018	0.110336736	-0.14213723	0.17484386
0.25054988	-0.024257462	-0.38451868	-0.32049543	1.0000005	0.08892766	0.03369747	-0.21203576	-0.31262216	0.27193776	-0.34184295	0.22529581	0.2689355	0.24590228	-0.36947826	-0.24928083	0.28569555	-0.0045318683	-0.26851743	0.24848014	0.29593486	0.13942662	-0.4017869	-0.044155963	-0.3349025
0.07310278	-0.5435433	-0.23886763	0.08260773	0.08892766	1.0000006	0.23528573	-0.087570414	0.033097852	0.21007976	-0.20039557	0.15979716	-0.06987017	0.18378156	-0.09650614	-0.40847877	0.052969594	-0.113396846	-0.26353577	0.07892957	0.2027057	-0.12147403	-0.29402786	0.029023135	-0.14747138
0.032838587	-0.32794347	-0.04128929	0.12957843	0.03369747	0.23528573	1.0000006	-0.21258812	0.09814657	0.09973276	-0.20043528	0.21322015	-0.0901869	0.15057544	-0.013661863	-0.39779326	-0.112924896	-0.12162708	-0.23742886	-0.021189379	0.121767715	-0.2785755	-0.08099842	0.037808143	-0.27098364
-0.2377238	0.1277367	0.17662065	0.10018685	-0.21203576	-0.087570414	-0.21258812	1.0000007	0.15568578	-0.2268841	0.21589103	-0.54334784	-0.1818261	-0.31232628	0.23178984	0.16908027	-0.19583009	0.021077748	0.2818042	-0.48274738	-0.2464453	-0.009582386	0.20444262	0.056370616	0.26767793
-0.3729571	-0.05089744	0.17843989	0.3066085	-0.31262216	0.033097852	0.09814657	0.15568578	1.0000006	-0.17491661	0.21568038	-0.16081557	-0.48942962	-0.22470461	0.27004507	0.08157074	-0.30520648	0.12216835	0.17737733	-0.37149712	-0.25706184	-0.2946172	0.1477624	-0.17254944	0.19536392
0.23993526	-0.2961254	-0.40114105	-0.18313941	0.27193776	0.21007976	0.09973276	-0.2268841	-0.17491661	1.0000005	-0.38264996	0.23800543	0.18991193	0.30085117	-0.3057873	-0.16330773	0.25511006	-0.06550758	-0.38168067	0.22549376	0.296131	0.117057845	-0.4311959	-0.032776415	-0.33950108
-0.35434374	0.18674153	0.24989481	0.1938838	-0.34184295	-0.20039557	-0.20043528	0.21589103	0.21568038	-0.38264996	1.0000004	-0.3158388	-0.22589998	-0.40201414	0.26103294	0.22126152	-0.31764653	0.14099047	0.29614675	-0.1936235	-0.33144084	-0.19793312	0.2379639	-0.118532434	0.30577204
0.21622805	-0.14809039	-0.1505614	-0.10253443	0.22529581	0.15979716	0.21322015	-0.54334784	-0.16081557	0.23800543	-0.3158388	1.0000002	0.16193679	0.2645827	-0.25082415	-0.33163851	0.15822543	-0.12057508	-0.38413846	0.23875502	0.25396958	-0.014680156	-0.2890056	0.02644561	-0.40577626
0.24864158	0.046898544	-0.25306845	-0.3791152	0.2689355	-0.06987017	-0.0901869	-0.1818261	-0.48942962	0.18991193	-0.22589998	0.16193679	1.0000001	0.20073797	-0.3834113	-0.15448676	0.27031597	-0.09739818	-0.20833296	0.26624894	0.2164692	0.24750978	-0.124864615	0.073223785	-0.25821355
0.26096517	-0.26639146	-0.37120846	-0.2047779	0.24590228	0.18378156	0.15057544	-0.31232628	-0.22470461	0.30085117	-0.40201414	0.2645827	0.20073797	1.0000002	-0.23601897	-0.17703708	0.21674985	-0.18851769	-0.44845316	0.24013117	0.2712906	0.098691225	-0.22109279	0.06518425	-0.41226664
-0.25253767	0.053001333	0.27081662	0.23259988	-0.36947826	-0.09650614	-0.013661863	0.23178984	0.27004507	-0.3057873	0.26103294	-0.25082415	-0.3834113	-0.23601897	1.0000002	0.14849006	-0.48976326	0.012880861	0.25690073	-0.41982657	-0.33849764	-0.24359804	0.24865271	0.02628412	0.2430634
-0.09759759	0.23205124	0.14475682	-0.0038434137	-0.24928083	-0.40847877	-0.39779326	0.16908027	0.08157074	-0.16330773	0.22126152	-0.33163851	-0.15448676	-0.17703708	0.14849006	1.0000002	-0.047210608	0.1707117	0.23358801	-0.13774668	-0.3567223	0.052291162	0.1723677	-0.17429583	0.22791135
0.23875226	-0.03255116	-0.37806237	-0.31282043	0.28569555	0.052969594	-0.112924896	-0.19583009	-0.30520648	0.25511006	-0.31764653	0.15822543	0.27031597	0.21674985	-0.48976326	-0.047210608	1.0000001	-0.057265323	-0.20622584	0.261738	0.24179308	0.21834849	-0.31470162	0.02265348	-0.23688711
-0.19567397	0.18398543	-0.053448666	0.10075785	-0.0045318683	-0.113396846	-0.12162708	0.021077748	0.12216835	-0.06550758	0.14099047	-0.12057508	-0.09739818	-0.18851769	0.012880861	0.1707117	-0.057265323	1.0000002	0.08540681	-0.050765675	-0.03712064	0.02380869	-0.085219815	-0.74033606	0.13902774
-0.27351415	0.2021045	0.24906714	0.14283006	-0.26851743	-0.26353577	-0.23742886	0.2818042	0.17737733	-0.38168067	0.29614675	-0.38413846	-0.20833296	-0.44845316	0.25690073	0.23358801	-0.20622584	0.08540681	1.0000001	-0.36592716	-0.33925653	-0.10453506	0.2564486	-0.001506635	0.3017437
0.24677262	-0.080560654	-0.20619711	-0.26979777	0.24848014	0.07892957	-0.021189379	-0.48274738	-0.37149712	0.22549376	-0.1936235	0.23875502	0.26624894	0.24013117	-0.41982657	-0.13774668	0.261738	-0.050765675	-0.36592716	0.9999999	0.22936721	0.17837332	-0.20398405	-0.021900116	-0.2292468
0.19503452	-0.16835868	-0.4583679	-0.12101781	0.29593486	0.2027057	0.121767715	-0.2464453	-0.25706184	0.296131	-0.33144084	0.25396958	0.2164692	0.2712906	-0.33849764	-0.3567223	0.24179308	-0.03712064	-0.33925653	0.22936721	0.9999997	0.10877149	-0.4261013	-0.005336148	-0.29499662
0.12948966	0.09756164	-0.13582703	-0.27085018	0.13942662	-0.12147403	-0.2785755	-0.009582386	-0.2946172	0.117057845	-0.19793312	-0.014680156	0.24750978	0.098691225	-0.24359804	0.052291162	0.21834849	0.02380869	-0.10453506	0.17837332	0.10877149	0.99999994	-0.04100726	0.0041307467	-0.038682107
-0.23125523	0.12076631	0.29106456	0.110336736	-0.4017869	-0.29402786	-0.08099842	0.20444262	0.1477624	-0.4311959	0.2379639	-0.2890056	-0.124864615	-0.22109279	0.24865271	0.1723677	-0.31470162	-0.085219815	0.2564486	-0.20398405	-0.4261013	-0.04100726	1.0	0.12466266	0.23371339
0.1203582	-0.16004719	0.0902943	-0.14213723	-0.044155963	0.029023135	0.037808143	0.056370616	-0.17254944	-0.032776415	-0.118532434	0.02644561	0.073223785	0.06518425	0.02628412	-0.17429583	0.02265348	-0.74033606	-0.001506635	-0.021900116	-0.005336148	0.0041307467	0.12466266	1.0000001	-0.072140865
-0.39660564	0.16732264	0.21635425	0.17484386	-0.3349025	-0.14747138	-0.27098364	0.26767793	0.19536392	-0.33950108	0.30577204	-0.40577626	-0.25821355	-0.41226664	0.2430634	0.22791135	-0.23688711	0.13902774	0.3017437	-0.2292468	-0.29499662	-0.038682107	0.23371339	-0.072140865	1.0000001
