0.99999994	-0.17792177	0.15053536	0.27358207	-0.11617058	-0.060131885	-0.28864464	0.23669246	0.1114885	-0.05367889	0.24100012	-0.0067099826	-0.13259618	0.2109653	0.09833024	0.13212448	-0.31264082	-0.20342918	-0.19946131	-0.15914984	0.17245062	-0.5452328	0.23732719	-0.25966227	-0.05681022
-0.17792177	1.0000002	-0.31346968	-0.15652429	0.17133614	-0.104836784	0.20773348	-0.20161046	0.058419753	0.19544035	-0.12214423	-0.090795845	-0.123809166	-0.35450456	-0.46378663	-0.45021805	-0.054022405	-0.033811644	0.2812515	0.2994329	-0.20058057	0.18381515	-0.17317016	0.22285694	0.15577024
0.15053536	-0.31346968	1.0000002	0.2347925	-0.20165065	0.20508674	-0.39580026	0.17817365	0.15809242	-0.36707196	-0.009247227	0.16800691	-0.1325885	0.3016234	0.18649608	0.26005262	0.08064249	0.08207013	-0.3291113	-0.3481195	0.29099387	-0.19401509	0.117795855	-0.32028607	-0.4430198
0.27358207	-0.15652429	0.2347925	1.0000001	-0.30227247	0.009850724	-0.3614792	0.21911167	0.15323974	-0.257563	0.16966107	0.06887604	-0.15934597	0.27675453	0.14107132	0.20216255	-0.11947118	-0.016133716	-0.3448659	-0.28834075	0.26404217	-0.4184969	0.21576335	-0.32808986	-0.15613541
-0.11617058	0.17133614	-0.20165065	-0.30227247	1.0	-0.3129919	0.26210332	-0.05579845	-0.15576431	0.28817958	0.034174982	-0.48767638	0.14145416	-0.32551658	-0.12134448	-0.3171884	-0.19826801	-0.2713856	0.22027695	0.17813994	-0.34229124	0.12468548	0.0052917087	0.27547893	0.2562698
-0.060131885	-0.104836784	0.20508674	0.009850724	-0.3129919	0.99999994	-0.20598452	-0.12304518	0.14134394	-0.2958653	-0.37764567	0.25622958	-0.20168494	0.16932069	0.056812763	0.17540362	0.24899378	0.26072535	-0.118413866	-0.12268296	0.19378705	0.054946452	-0.12808199	-0.12189314	-0.40706587
-0.28864464	0.20773348	-0.39580026	-0.3614792	0.26210332	-0.20598452	0.9999999	-0.18780297	-0.23557921	0.26086497	-0.07835375	-0.20039126	0.15513112	-0.3845656	-0.12298978	-0.27150938	-0.021912372	-0.10402144	0.2865035	0.22777197	-0.45760733	0.22986974	-0.20263544	0.30809546	0.26361442
0.23669246	-0.20161046	0.17817365	0.21911167	-0.05579845	-0.12304518	-0.18780297	0.9999999	0.10201722	0.00943956	0.25214967	-0.10756939	-0.08320287	0.15877266	0.15461215	0.06486881	-0.1909088	-0.32814842	-0.32424265	-0.32076213	0.11947447	-0.20354	0.24080454	-0.21168438	-0.15181579
0.1114885	0.058419753	0.15809242	0.15323974	-0.15576431	0.14134394	-0.23557921	0.10201722	0.99999994	-0.21166629	0.021665052	0.13615592	-0.68355507	0.124817885	-0.1822534	-0.011004156	0.04988546	0.0072597903	-0.11210125	-6.6927634e-5	0.15406586	-0.067020215	0.05938367	-0.10136558	-0.2742411
-0.05367889	0.19544035	-0.36707196	-0.257563	0.28817958	-0.2958653	0.26086497	0.00943956	-0.21166629	0.99999994	0.12661424	-0.31789687	0.120603256	-0.33423308	-0.18590485	-0.32613203	-0.22267683	-0.31481478	0.21578866	0.17795888	-0.30791777	0.06417573	-0.043851107	0.24010554	0.28193775
0.24100012	-0.12214423	-0.009247227	0.16966107	0.034174982	-0.37764567	-0.07835375	0.25214967	0.021665052	0.12661424	0.9999999	-0.08877968	-0.030278668	0.03250315	0.08949411	-0.0007844936	-0.24632645	-0.44762376	-0.17632201	-0.13534531	-0.005229042	-0.337751	0.18245283	-0.10231413	0.08493347
-0.0067099826	-0.090795845	0.16800691	0.06887604	-0.48767638	0.25622958	-0.20039126	-0.10756939	0.13615592	-0.31789687	-0.08877968	0.9999998	-0.19981503	0.1899715	0.06866726	0.19196655	0.23612082	0.21496299	-0.15262885	-0.10349179	0.22829965	-0.0072053135	-0.2124739	-0.3127615	-0.2569407
-0.13259618	-0.123809166	-0.1325885	-0.15934597	0.14145416	-0.20168494	0.15513112	-0.08320287	-0.68355507	0.120603256	-0.030278668	-0.19981503	1.0	-0.11169539	0.14714785	0.041797534	-0.0771968	0.013002253	0.043213356	-0.05107855	-0.1451586	0.0531448	-0.002563167	0.094745316	0.19079639
0.2109653	-0.35450456	0.3016234	0.27675453	-0.32551658	0.16932069	-0.3845656	0.15877266	0.124817885	-0.33423308	0.03250315	0.1899715	-0.11169539	1.0000001	0.19838887	0.27809867	0.01303299	0.097289674	-0.3533234	-0.28720185	0.31622148	-0.27013314	0.15798846	-0.43730915	-0.2922961
0.09833024	-0.46378663	0.18649608	0.14107132	-0.12134448	0.056812763	-0.12298978	0.15461215	-0.1822534	-0.18590485	0.08949411	0.06866726	0.14714785	0.19838887	0.99999994	0.24639843	0.044582468	-0.0714284	-0.35983637	-0.51147985	0.15280306	-0.11051247	0.044739123	-0.18029448	-0.06638468
0.13212448	-0.45021805	0.26005262	0.20216255	-0.3171884	0.17540362	-0.27150938	0.06486881	-0.011004156	-0.32613203	-0.0007844936	0.19196655	0.041797534	0.27809867	0.24639843	0.99999994	0.12831841	0.1267492	-0.28478545	-0.36406684	0.25137725	-0.2903044	8.8301107e-7	-0.26740488	-0.22323155
-0.31264082	-0.054022405	0.08064249	-0.11947118	-0.19826801	0.24899378	-0.021912372	-0.1909088	0.04988546	-0.22267683	-0.24632645	0.23612082	-0.0771968	0.01303299	0.044582468	0.12831841	0.99999994	0.2217483	-0.008487139	-0.026823908	0.07350191	0.14856571	-0.4792487	-0.0069623683	-0.25242418
-0.20342918	-0.033811644	0.08207013	-0.016133716	-0.2713856	0.26072535	-0.10402144	-0.32814842	0.0072597903	-0.31481478	-0.44762376	0.21496299	0.013002253	0.097289674	-0.0714284	0.1267492	0.2217483	0.9999997	-0.006038689	0.03489041	0.13395323	0.11266211	-0.114887215	-0.113619745	-0.22351375
-0.19946131	0.2812515	-0.3291113	-0.3448659	0.22027695	-0.118413866	0.2865035	-0.32424265	-0.11210125	0.21578866	-0.17632201	-0.15262885	0.043213356	-0.3533234	-0.35983637	-0.28478545	-0.008487139	-0.006038689	0.9999995	0.30076715	-0.3533836	0.22090444	-0.26227382	0.28940567	0.21664076
-0.15914984	0.2994329	-0.3481195	-0.28834075	0.17813994	-0.12268296	0.22777197	-0.32076213	-6.6927634e-5	0.17795888	-0.13534531	-0.10349179	-0.05107855	-0.28720185	-0.51147985	-0.36406684	-0.026823908	0.03489041	0.30076715	0.9999996	-0.25005227	0.19125646	-0.10026157	0.23653357	0.15951301
0.17245062	-0.20058057	0.29099387	0.26404217	-0.34229124	0.19378705	-0.45760733	0.11947447	0.15406586	-0.30791777	-0.005229042	0.22829965	-0.1451586	0.31622148	0.15280306	0.25137725	0.07350191	0.13395323	-0.3533836	-0.25005227	0.99999964	-0.23866726	0.104450025	-0.4917675	-0.29610285
-0.5452328	0.18381515	-0.19401509	-0.4184969	0.12468548	0.054946452	0.22986974	-0.20354	-0.067020215	0.06417573	-0.337751	-0.0072053135	0.0531448	-0.27013314	-0.11051247	-0.2903044	0.14856571	0.11266211	0.22090444	0.19125646	-0.23866726	0.99999964	-0.20191401	0.22291817	0.06302011
0.23732719	-0.17317016	0.117795855	0.21576335	0.0052917087	-0.12808199	-0.20263544	0.24080454	0.05938367	-0.043851107	0.18245283	-0.2124739	-0.002563167	0.15798846	0.044739123	8.8301107e-7	-0.4792487	-0.114887215	-0.26227382	-0.10026157	0.104450025	-0.20191401	0.9999995	-0.15925422	-0.054631054
-0.25966227	0.22285694	-0.32028607	-0.32808986	0.27547893	-0.12189314	0.30809546	-0.21168438	-0.10136558	0.24010554	-0.10231413	-0.3127615	0.094745316	-0.43730915	-0.18029448	-0.26740488	-0.0069623683	-0.113619745	0.28940567	0.23653357	-0.4917675	0.22291817	-0.15925422	0.99999946	0.22641899
-0.05681022	0.15577024	-0.4430198	-0.15613541	0.2562698	-0.40706587	0.26361442	-0.15181579	-0.2742411	0.28193775	0.08493347	-0.2569407	0.19079639	-0.2922961	-0.06638468	-0.22323155	-0.25242418	-0.22351375	0.21664076	0.15951301	-0.29610285	0.06302011	-0.054631054	0.22641899	0.99999946
