1.0	0.014915919	0.06324062	0.18087216	0.011409644	-0.39930567	0.23020925	0.3024192	-0.041575197	-0.31423867	0.15757197	-0.44719738	-0.3127845	0.02303651	-0.14641343	0.17463921	-0.2901533	-0.27631766	-0.1795438	0.13324155	-0.22108805	-0.1377147	0.2133552	-0.22231287	0.20256928
0.014915919	1.0000001	0.14162907	-0.25182587	-0.6900412	0.06711395	-0.0883119	-0.043907132	-0.060198266	-0.078656174	-0.20133588	0.06979726	0.09791865	-0.0154448	-0.015890785	-0.08753972	0.1528766	0.06399315	-0.0056621954	0.08921565	0.20091204	-0.0026771734	-0.15984592	0.1096019	-0.20008926
0.06324062	0.14162907	1.0000001	0.097498976	-0.17905556	-0.15280432	0.14162804	0.068224855	0.23327167	-0.4238381	-0.19620326	0.023654101	-0.07794113	-0.42576	0.159497	0.16882451	-0.076387964	0.063526675	-0.3316124	-0.22188687	0.007064736	-0.29750356	-0.096602045	0.162281	0.06498828
0.18087216	-0.25182587	0.097498976	1.0	0.19555576	-0.21895306	0.29723793	0.17615621	0.11524455	-0.32361445	0.031052534	-0.23836155	-0.2717088	-0.11760014	0.13727878	0.26759547	-0.39520115	-0.016149677	-0.34153274	-0.14296466	-0.44478714	-0.23127213	0.1554577	-0.04413918	0.12180161
0.011409644	-0.6900412	-0.17905556	0.19555576	0.99999994	-0.07325138	0.11552439	0.06445576	0.018096227	0.055481765	0.15184124	-0.09981123	-0.12602508	0.04531664	-0.020937722	0.09638332	-0.24935423	-0.05238799	-0.03295788	-0.0642507	-0.36826128	-0.057590827	0.15365145	-0.14329764	0.13409758
-0.39930567	0.06711395	-0.15280432	-0.21895306	-0.07325138	0.99999976	-0.373167	-0.34640303	-0.09655721	0.24842863	-0.04942092	0.1831791	0.29050893	0.12725043	-0.07460099	-0.40063277	0.2606945	0.11107175	0.23506576	-0.032774735	0.24032179	0.24576755	-0.18790679	0.0864784	-0.34424716
0.23020925	-0.0883119	0.14162804	0.29723793	0.11552439	-0.373167	0.9999998	0.22503738	0.10208583	-0.35211533	0.01930127	-0.17008567	-0.3281888	-0.15763627	0.10577578	0.30209225	-0.43836254	-0.046241883	-0.3812191	-0.06181978	-0.40659875	-0.20303519	0.15842398	-0.11377046	0.1352602
0.3024192	-0.043907132	0.068224855	0.17615621	0.06445576	-0.34640303	0.22503738	0.9999998	-0.071624026	-0.20429371	0.17613618	-0.41036114	-0.39150402	0.019931318	-0.07365282	0.1824112	-0.30574173	-0.35271984	-0.18251684	0.11736356	-0.192158	-0.2654316	0.27022514	-0.28504264	0.23724037
-0.041575197	-0.060198266	0.23327167	0.11524455	0.018096227	-0.09655721	0.10208583	-0.071624026	0.99999994	-0.10369734	-0.32561296	0.06768798	-0.046760403	-0.4298375	0.26716354	0.15636681	-0.009061993	0.1019672	-0.32850003	-0.47747606	-0.033809617	-0.29003656	-0.00096702896	0.21422924	0.04277154
-0.31423867	-0.078656174	-0.4238381	-0.32361445	0.055481765	0.24842863	-0.35211533	-0.20429371	-0.10369734	0.99999994	0.061154958	0.08918322	0.17771682	0.18657516	-0.041354265	-0.266993	0.2011673	-0.0026265373	0.24945788	0.019050807	0.15223709	0.20593801	-0.021215009	-0.0048306617	-0.14200689
0.15757197	-0.20133588	-0.19620326	0.031052534	0.15184124	-0.04942092	0.01930127	0.17613618	-0.32561296	0.061154958	1.0	-0.28134304	-0.07542723	0.24331312	-0.32524204	-0.07748059	-0.17571452	-0.36841914	0.10892358	0.21134178	-0.09121632	0.07701822	0.18755092	-0.50213915	0.1277743
-0.44719738	0.06979726	0.023654101	-0.23836155	-0.09981123	0.1831791	-0.17008567	-0.41036114	0.06768798	0.08918322	-0.28134304	1.0	0.24068156	-0.17074147	0.07646391	-0.08083924	0.23617749	0.23567201	0.091030955	-0.11515735	0.19263287	0.14030758	-0.4458307	0.25274733	-0.13595648
-0.3127845	0.09791865	-0.07794113	-0.2717088	-0.12602508	0.29050893	-0.3281888	-0.39150402	-0.046760403	0.17771682	-0.07542723	0.24068156	0.9999999	-0.00036281825	0.018374687	-0.32667655	0.2627207	0.20400342	0.18270658	-0.054262392	0.24920137	0.24566345	-0.3972193	0.13456993	-0.4065121
0.02303651	-0.0154448	-0.42576	-0.11760014	0.04531664	0.12725043	-0.15763627	0.019931318	-0.4298375	0.18657516	0.24331312	-0.17074147	-0.00036281825	1.0	-0.3364811	-0.28850576	0.041573834	-0.24875347	0.2375606	0.23167434	0.018184416	0.15242201	0.103613496	-0.22012049	0.02815509
-0.14641343	-0.015890785	0.159497	0.13727878	-0.020937722	-0.07460099	0.10577578	-0.07365282	0.26716354	-0.041354265	-0.32524204	0.07646391	0.018374687	-0.3364811	0.9999999	0.16223346	-0.02562517	0.184382	-0.28778568	-0.52063465	-0.107446805	-0.15036355	-0.023089018	0.21268329	-0.16343516
0.17463921	-0.08753972	0.16882451	0.26759547	0.09638332	-0.40063277	0.30209225	0.1824112	0.15636681	-0.266993	-0.07748059	-0.08083924	-0.32667655	-0.28850576	0.16223346	1.0	-0.3577976	-0.04151075	-0.41892856	-0.08999575	-0.32928953	-0.22536945	0.112136155	0.032099772	0.10917811
-0.2901533	0.1528766	-0.076387964	-0.39520115	-0.24935423	0.2606945	-0.43836254	-0.30574173	-0.009061993	0.2011673	-0.17571452	0.23617749	0.2627207	0.041573834	-0.02562517	-0.3577976	0.9999999	0.13314627	0.20420384	-0.0108731305	0.30140913	0.18226428	-0.24066758	0.16516852	-0.14248396
-0.27631766	0.06399315	0.063526675	-0.016149677	-0.05238799	0.11107175	-0.046241883	-0.35271984	0.1019672	-0.0026265373	-0.36841914	0.23567201	0.20400342	-0.24875347	0.184382	-0.04151075	0.13314627	0.9999998	0.0099241	-0.0912173	0.054223213	0.028785687	-0.33323303	0.23078653	-0.43248898
-0.1795438	-0.0056621954	-0.3316124	-0.34153274	-0.03295788	0.23506576	-0.3812191	-0.18251684	-0.32850003	0.24945788	0.10892358	0.091030955	0.18270658	0.2375606	-0.28778568	-0.41892856	0.20420384	0.0099241	0.9999999	0.18056594	0.19881515	0.23552638	-0.06543693	-0.101249285	-0.07323435
0.13324155	0.08921565	-0.22188687	-0.14296466	-0.0642507	-0.032774735	-0.06181978	0.11736356	-0.47747606	0.019050807	0.21134178	-0.11515735	-0.054262392	0.23167434	-0.52063465	-0.08999575	-0.0108731305	-0.0912173	0.18056594	0.99999994	-0.0047800783	0.09699526	0.019790025	-0.31456417	0.051406357
-0.22108805	0.20091204	0.007064736	-0.44478714	-0.36826128	0.24032179	-0.40659875	-0.192158	-0.033809617	0.15223709	-0.09121632	0.19263287	0.24920137	0.018184416	-0.107446805	-0.32928953	0.30140913	0.054223213	0.19881515	-0.0047800783	1.0	0.18701549	-0.20514593	0.12313948	-0.1805785
-0.1377147	-0.0026771734	-0.29750356	-0.23127213	-0.057590827	0.24576755	-0.20303519	-0.2654316	-0.29003656	0.20593801	0.07701822	0.14030758	0.24566345	0.15242201	-0.15036355	-0.22536945	0.18226428	0.028785687	0.23552638	0.09699526	0.18701549	0.9999998	-0.2651044	-0.04588403	-0.32192612
0.2133552	-0.15984592	-0.096602045	0.1554577	0.15365145	-0.18790679	0.15842398	0.27022514	-0.00096702896	-0.021215009	0.18755092	-0.4458307	-0.3972193	0.103613496	-0.023089018	0.112136155	-0.24066758	-0.33323303	-0.06543693	0.019790025	-0.20514593	-0.2651044	0.9999999	-0.36548537	0.21236195
-0.22231287	0.1096019	0.162281	-0.04413918	-0.14329764	0.0864784	-0.11377046	-0.28504264	0.21422924	-0.0048306617	-0.50213915	0.25274733	0.13456993	-0.22012049	0.21268329	0.032099772	0.16516852	0.23078653	-0.101249285	-0.31456417	0.12313948	-0.04588403	-0.36548537	0.9999999	-0.1274441
0.20256928	-0.20008926	0.06498828	0.12180161	0.13409758	-0.34424716	0.1352602	0.23724037	0.04277154	-0.14200689	0.1277743	-0.13595648	-0.4065121	0.02815509	-0.16343516	0.10917811	-0.14248396	-0.43248898	-0.07323435	0.051406357	-0.1805785	-0.32192612	0.21236195	-0.1274441	0.9999999
