1.0000001	0.212059	0.22210494	-0.39952973	0.24108528	-0.21625952	-0.15304177	-0.14928369	-0.38062543	0.2545018	0.16481182	0.10181419	0.24394147	-0.31251258	-0.52293956	0.046799388	0.2426518	-0.22690545	0.25669965	-0.054522064	0.15109432	0.16473043	-0.3838909	-0.22022767	-0.13393334
0.212059	1.0000002	0.17344368	-0.3398398	0.19003437	-0.35285115	-0.24261746	-0.4364426	-0.25805557	0.26317823	0.15888414	0.21953364	0.2693916	-0.15794791	-0.20228755	-0.01742984	0.21542358	-0.2616399	0.24616261	-0.10088197	0.25359628	0.27726305	-0.20264298	-0.3302539	-0.3626265
0.22210494	0.17344368	1.0	-0.35057658	0.2623706	-0.023215625	-0.3243438	-0.10601731	-0.23945011	0.13206945	0.2610681	0.030073898	0.153451	-0.43163615	-0.24332455	0.1494415	0.28860605	-0.07228209	0.07056861	-0.13944633	0.035566706	0.12028032	-0.4804958	-0.40632772	-0.15704504
-0.39952973	-0.3398398	-0.35057658	1.0	-0.34751767	0.13870399	0.24901164	0.23852926	0.26925647	-0.21355943	-0.30023006	-0.0901183	-0.25840995	0.2807281	0.27273268	-0.116900146	-0.40229043	0.1267476	-0.20524827	0.16197817	-0.10682856	-0.36367172	0.27971202	0.276215	0.1544409
0.24108528	0.19003437	0.2623706	-0.34751767	0.99999994	-0.08499419	-0.55049485	-0.10181913	-0.3488456	0.1910965	0.20021376	0.05733757	0.21593122	-0.43725613	-0.3260085	0.03288624	0.2871267	-0.14262262	0.14731023	-0.13059324	0.14945151	0.15992543	-0.22550306	-0.20613614	-0.15384892
-0.21625952	-0.35285115	-0.023215625	0.13870399	-0.08499419	0.99999994	0.13250837	0.17361358	0.221381	-0.40299508	0.037067913	-0.40798914	-0.35666385	-0.025475685	0.14309114	0.14550899	-0.049718652	0.31135476	-0.4040908	-0.106471285	-0.39401415	-0.21162693	0.07844028	0.09516083	0.26664156
-0.15304177	-0.24261746	-0.3243438	0.24901164	-0.55049485	0.13250837	0.99999994	0.16613802	0.2574112	-0.16659814	-0.13811912	-0.09045125	-0.35534254	0.22366576	0.17319721	0.019176729	-0.35449532	0.15699385	-0.13986398	0.081280306	-0.32044628	-0.26725295	0.18970534	0.17603332	0.17477721
-0.14928369	-0.4364426	-0.10601731	0.23852926	-0.10181913	0.17361358	0.16613802	1.0	0.18389961	-0.16742584	-0.2008526	-0.106504865	-0.16842195	0.14485702	0.12732653	-0.11832365	-0.23742147	0.11274503	-0.22114979	0.14565223	-0.22986607	-0.67028123	0.15448616	0.20491259	0.15678596
-0.38062543	-0.25805557	-0.23945011	0.26925647	-0.3488456	0.221381	0.2574112	0.18389961	1.0000002	-0.44240782	-0.16318764	-0.10696831	-0.43382415	0.19718134	0.2787402	0.020810293	-0.27503133	0.23586422	-0.3527092	0.039478015	-0.281862	-0.2257771	0.22780566	0.21695721	0.18994422
0.2545018	0.26317823	0.13206945	-0.21355943	0.1910965	-0.40299508	-0.16659814	-0.16742584	-0.44240782	1.0000001	0.056878578	0.232904	0.29787952	-0.14854781	-0.29166916	-0.12854372	0.1443155	-0.43428764	0.29476905	0.061335072	0.27292678	0.17251933	-0.14881709	-0.22202305	-0.29784212
0.16481182	0.15888414	0.2610681	-0.30023006	0.20021376	0.037067913	-0.13811912	-0.2008526	-0.16318764	0.056878578	1.0	0.011279432	0.06602802	-0.37860414	-0.2721056	0.25471556	0.2877524	0.023126937	0.013924686	-0.4670034	-0.04653444	0.13665508	-0.31930092	-0.42536077	-0.10012022
0.10181419	0.21953364	0.030073898	-0.0901183	0.05733757	-0.40798914	-0.09045125	-0.106504865	-0.10696831	0.232904	0.011279432	1.0	0.2358232	0.026181547	-0.07225781	-0.17824273	0.04093799	-0.45662606	0.18085408	0.0704237	0.2642567	0.09061566	-0.10484415	-0.04845659	-0.60370344
0.24394147	0.2693916	0.153451	-0.25840995	0.21593122	-0.35666385	-0.35534254	-0.16842195	-0.43382415	0.29787952	0.06602802	0.2358232	1.0000001	-0.06710257	-0.28724304	-0.087895356	0.17189781	-0.3564638	0.2808779	-0.0062429244	0.28938136	0.18885535	-0.23006691	-0.17330381	-0.353585
-0.31251258	-0.15794791	-0.43163615	0.2807281	-0.43725613	-0.025475685	0.22366576	0.14485702	0.19718134	-0.14854781	-0.37860414	0.026181547	-0.06710257	1.0000001	0.22668317	-0.12304198	-0.43602407	0.01367534	-0.03442699	0.18035506	-0.011859282	-0.20225976	0.24714334	0.24737258	0.04735136
-0.52293956	-0.20228755	-0.24332455	0.27273268	-0.3260085	0.14309114	0.17319721	0.12732653	0.2787402	-0.29166916	-0.2721056	-0.07225781	-0.28724304	0.22668317	1.0000001	-0.16504833	-0.28949103	0.15183313	-0.3615995	0.13093539	-0.09778945	-0.09965035	0.28616062	0.2591902	0.12864383
0.046799388	-0.01742984	0.1494415	-0.116900146	0.03288624	0.14550899	0.019176729	-0.11832365	0.020810293	-0.12854372	0.25471556	-0.17824273	-0.087895356	-0.12304198	-0.16504833	1.0	0.16608073	0.15276289	-0.10688684	-0.56943876	-0.14538407	0.027029565	-0.28226697	-0.31982413	0.096302494
0.2426518	0.21542358	0.28860605	-0.40229043	0.2871267	-0.049718652	-0.35449532	-0.23742147	-0.27503133	0.1443155	0.2877524	0.04093799	0.17189781	-0.43602407	-0.28949103	0.16608073	0.9999999	-0.094429135	0.13039915	-0.3313705	0.105390206	0.19736654	-0.36308363	-0.34420723	-0.11235935
-0.22690545	-0.2616399	-0.07228209	0.1267476	-0.14262262	0.31135476	0.15699385	0.11274503	0.23586422	-0.43428764	0.023126937	-0.45662606	-0.3564638	0.01367534	0.15183313	0.15276289	-0.094429135	1.0	-0.3367578	-0.14117195	-0.43921468	-0.092786215	0.119656794	0.09424843	0.2809363
0.25669965	0.24616261	0.07056861	-0.20524827	0.14731023	-0.4040908	-0.13986398	-0.22114979	-0.3527092	0.29476905	0.013924686	0.18085408	0.2808779	-0.03442699	-0.3615995	-0.10688684	0.13039915	-0.3367578	1.0	0.041037805	0.25636205	0.18442973	-0.21742192	-0.20483135	-0.1482731
-0.054522064	-0.10088197	-0.13944633	0.16197817	-0.13059324	-0.106471285	0.081280306	0.14565223	0.039478015	0.061335072	-0.4670034	0.0704237	-0.0062429244	0.18035506	0.13093539	-0.56943876	-0.3313705	-0.14117195	0.041037805	1.0000002	0.07223157	-0.10247049	0.1992501	0.23360534	-0.0079347575
0.15109432	0.25359628	0.035566706	-0.10682856	0.14945151	-0.39401415	-0.32044628	-0.22986607	-0.281862	0.27292678	-0.04653444	0.2642567	0.28938136	-0.011859282	-0.09778945	-0.14538407	0.105390206	-0.43921468	0.25636205	0.07223157	1.0000001	0.19304426	-0.10771741	-0.09674073	-0.35826012
0.16473043	0.27726305	0.12028032	-0.36367172	0.15992543	-0.21162693	-0.26725295	-0.67028123	-0.2257771	0.17251933	0.13665508	0.09061566	0.18885535	-0.20225976	-0.09965035	0.027029565	0.19736654	-0.092786215	0.18442973	-0.10247049	0.19304426	1.0000004	-0.13208775	-0.16662918	-0.17310017
-0.3838909	-0.20264298	-0.4804958	0.27971202	-0.22550306	0.07844028	0.18970534	0.15448616	0.22780566	-0.14881709	-0.31930092	-0.10484415	-0.23006691	0.24714334	0.28616062	-0.28226697	-0.36308363	0.119656794	-0.21742192	0.1992501	-0.10771741	-0.13208775	1.0000001	0.29877517	0.15135872
-0.22022767	-0.3302539	-0.40632772	0.276215	-0.20613614	0.09516083	0.17603332	0.20491259	0.21695721	-0.22202305	-0.42536077	-0.04845659	-0.17330381	0.24737258	0.2591902	-0.31982413	-0.34420723	0.09424843	-0.20483135	0.23360534	-0.09674073	-0.16662918	0.29877517	1.0000001	0.11401523
-0.13393334	-0.3626265	-0.15704504	0.1544409	-0.15384892	0.26664156	0.17477721	0.15678596	0.18994422	-0.29784212	-0.10012022	-0.60370344	-0.353585	0.04735136	0.12864383	0.096302494	-0.11235935	0.2809363	-0.1482731	-0.0079347575	-0.35826012	-0.17310017	0.15135872	0.11401523	1.0000001
