1.0000002	0.22921166	0.111600995	0.2606919	0.14321403	0.23238221	-0.1498539	-0.2877341	-0.41852468	-0.28654644	0.2661551	0.107471175	-0.25006527	0.2741217	-0.31478176	-0.2592302	-0.45241234	-0.28281218	0.3073629	-0.05877277	0.20854695	-0.08225386	-0.43404996	0.14880282	-0.30534822
0.22921166	1.0000005	0.05786275	0.23169905	0.09934307	0.23639189	-0.398599	-0.28136304	-0.21419889	-0.48235077	0.2425979	0.2621522	-0.3627928	0.27499923	-0.2858938	-0.2596353	-0.21650632	-0.19746993	0.24211423	-0.041498784	0.17287885	-0.31934726	-0.31545958	0.2560944	-0.14537826
0.111600995	0.05786275	1.0000005	-0.062923364	-0.27210754	-0.005820011	0.10821079	0.05809226	-0.21865962	-0.12999026	-0.0119381705	0.05662708	-0.19590755	-0.0054739136	0.10488206	0.085911244	-0.07771943	0.08252078	0.16587952	-0.47202653	0.2179759	-0.12891334	-0.10405544	-0.12310336	-0.43498716
0.2606919	0.23169905	-0.062923364	1.0000004	0.19712348	0.20762195	-0.37650734	-0.3750679	-0.25754002	-0.21627249	0.23219205	0.074451014	-0.16644862	0.2830652	-0.47698918	-0.2059083	-0.42711467	-0.1983038	0.22939008	0.11193767	0.054899447	-0.04052149	-0.25709072	0.17762963	-0.18947607
0.14321403	0.09934307	-0.27210754	0.19712348	1.0000004	0.13116428	-0.113121524	-0.32502148	-0.08177183	-0.017983075	0.2203822	-0.002032199	-0.12573075	0.16657333	-0.40232956	-0.25480115	-0.22611444	-0.52860457	0.056058284	0.22898178	-0.031061621	0.030441178	-0.1620047	0.14634131	0.08134046
0.23238221	0.23639189	-0.005820011	0.20762195	0.13116428	1.0000002	-0.22240804	-0.4774288	-0.14805953	-0.46470472	0.23324734	0.08688249	-0.3262925	0.23871464	-0.11876206	-0.32156107	-0.29047015	-0.1648367	0.20376803	0.031252168	0.13134816	0.0012198029	-0.4074378	0.13234152	-0.13268986
-0.1498539	-0.398599	0.10821079	-0.37650734	-0.113121524	-0.22240804	1.0000001	0.21716024	0.15934032	0.21172066	-0.3061738	-0.33320296	0.16862021	-0.3883561	0.22349447	0.24680614	0.17718978	0.14888531	-0.16924033	-0.054087147	-0.009517264	0.17042287	0.18162274	-0.3962166	0.01741269
-0.2877341	-0.28136304	0.05809226	-0.3750679	-0.32502148	-0.4774288	0.21716024	1.0000001	0.20396473	0.22807632	-0.36713076	-0.0982321	0.22702482	-0.28587958	0.2515582	0.27975774	0.28717914	0.26240757	-0.2536378	-0.13487686	-0.11145087	0.041039377	0.28727853	-0.18213966	0.10705894
-0.41852468	-0.21419889	-0.21865962	-0.25754002	-0.08177183	-0.14805953	0.15934032	0.20396473	1.0	0.22127485	-0.3297674	-0.26588464	0.2540604	-0.3741129	0.16893934	0.20557442	0.27702385	0.1662661	-0.49712455	0.08951055	-0.17753367	0.1762061	0.28120908	-0.12873581	0.25344238
-0.28654644	-0.48235077	-0.12999026	-0.21627249	-0.017983075	-0.46470472	0.21172066	0.22807632	0.22127485	0.99999994	-0.18691702	-0.335373	0.2850575	-0.25074285	0.16194919	0.20205693	0.20737807	0.13489172	-0.2721027	0.08452839	-0.25431204	0.18078193	0.2741404	-0.18521963	0.18828669
0.2661551	0.2425979	-0.0119381705	0.23219205	0.2203822	0.23324734	-0.3061738	-0.36713076	-0.3297674	-0.18691702	0.9999999	0.16829006	-0.2604246	0.28095487	-0.21808797	-0.43454015	-0.3173588	-0.43744257	0.24073239	0.027320195	0.15380225	-0.17973237	-0.3825086	0.23660499	-0.08975092
0.107471175	0.2621522	0.05662708	0.074451014	-0.002032199	0.08688249	-0.33320296	-0.0982321	-0.26588464	-0.335373	0.16829006	0.9999999	-0.27107814	0.17763408	-0.10232063	-0.17220807	-0.045800406	-0.07228747	0.17841507	-0.17612141	0.17649484	-0.59572715	-0.14074148	0.25150776	-0.057697345
-0.25006527	-0.3627928	-0.19590755	-0.16644862	-0.12573075	-0.3262925	0.16862021	0.22702482	0.2540604	0.2850575	-0.2604246	-0.27107814	0.9999999	-0.37581214	0.17723286	0.23894383	0.22948833	0.18042816	-0.2890856	0.12300198	-0.37273276	0.21846484	0.28293508	-0.28736845	0.21917279
0.2741217	0.27499923	-0.0054739136	0.2830652	0.16657333	0.23871464	-0.3883561	-0.28587958	-0.3741129	-0.25074285	0.28095487	0.17763408	-0.37581214	0.99999976	-0.298238	-0.37079746	-0.33386156	-0.20516318	0.27626163	0.045900952	0.1224191	-0.16028589	-0.3263911	0.23046643	-0.23465618
-0.31478176	-0.2858938	0.10488206	-0.47698918	-0.40232956	-0.11876206	0.22349447	0.2515582	0.16893934	0.16194919	-0.21808797	-0.10232063	0.17723286	-0.298238	0.9999996	0.24532147	0.24798469	0.266598	-0.20158915	-0.13579735	-0.16619955	0.08300404	0.213463	-0.29508102	0.03893626
-0.2592302	-0.2596353	0.085911244	-0.2059083	-0.25480115	-0.32156107	0.24680614	0.27975774	0.20557442	0.20205693	-0.43454015	-0.17220807	0.23894383	-0.37079746	0.24532147	0.9999995	0.24293351	0.25723368	-0.25285438	-0.14039585	-0.12372892	0.14924625	0.25726283	-0.45587984	0.050792683
-0.45241234	-0.21650632	-0.07771943	-0.42711467	-0.22611444	-0.29047015	0.17718978	0.28717914	0.27702385	0.20737807	-0.3173588	-0.045800406	0.22948833	-0.33386156	0.24798469	0.24293351	0.9999995	0.22302996	-0.42438337	-0.042306498	-0.13829087	0.047796763	0.30171195	-0.15815389	0.21216972
-0.28281218	-0.19746993	0.08252078	-0.1983038	-0.52860457	-0.1648367	0.14888531	0.26240757	0.1662661	0.13489172	-0.43744257	-0.07228747	0.18042816	-0.20516318	0.266598	0.25723368	0.22302996	0.9999996	-0.1364187	-0.158625	-0.20521647	0.03476345	0.22647533	-0.19824792	0.04586931
0.3073629	0.24211423	0.16587952	0.22939008	0.056058284	0.20376803	-0.16924033	-0.2536378	-0.49712455	-0.2721027	0.24073239	0.17841507	-0.2890856	0.27626163	-0.20158915	-0.25285438	-0.42438337	-0.1364187	0.99999976	-0.100703664	0.209079	-0.2060613	-0.3978785	0.15414082	-0.35086343
-0.05877277	-0.041498784	-0.47202653	0.11193767	0.22898178	0.031252168	-0.054087147	-0.13487686	0.08951055	0.08452839	0.027320195	-0.17612141	0.12300198	0.045900952	-0.13579735	-0.14039585	-0.042306498	-0.158625	-0.100703664	0.9999996	-0.42956543	0.16526043	0.044681516	0.02352586	0.19660783
0.20854695	0.17287885	0.2179759	0.054899447	-0.031061621	0.13134816	-0.009517264	-0.11145087	-0.17753367	-0.25431204	0.15380225	0.17649484	-0.37273276	0.1224191	-0.16619955	-0.12372892	-0.13829087	-0.20521647	0.209079	-0.42956543	0.99999964	-0.2362049	-0.26198867	0.123568535	-0.31669578
-0.08225386	-0.31934726	-0.12891334	-0.04052149	0.030441178	0.0012198029	0.17042287	0.041039377	0.1762061	0.18078193	-0.17973237	-0.59572715	0.21846484	-0.16028589	0.08300404	0.14924625	0.047796763	0.03476345	-0.2060613	0.16526043	-0.2362049	0.9999993	0.10960252	-0.41655776	0.07133672
-0.43404996	-0.31545958	-0.10405544	-0.25709072	-0.1620047	-0.4074378	0.18162274	0.28727853	0.28120908	0.2741404	-0.3825086	-0.14074148	0.28293508	-0.3263911	0.213463	0.25726283	0.30171195	0.22647533	-0.3978785	0.044681516	-0.26198867	0.10960252	0.9999993	-0.15409288	0.2159539
0.14880282	0.2560944	-0.12310336	0.17762963	0.14634131	0.13234152	-0.3962166	-0.18213966	-0.12873581	-0.18521963	0.23660499	0.25150776	-0.28736845	0.23046643	-0.29508102	-0.45587984	-0.15815389	-0.19824792	0.15414082	0.02352586	0.123568535	-0.41655776	-0.15409288	0.99999934	-6.952798e-5
-0.30534822	-0.14537826	-0.43498716	-0.18947607	0.08134046	-0.13268986	0.01741269	0.10705894	0.25344238	0.18828669	-0.08975092	-0.057697345	0.21917279	-0.23465618	0.03893626	0.050792683	0.21216972	0.04586931	-0.35086343	0.19660783	-0.31669578	0.07133672	0.2159539	-6.952798e-5	0.99999934
