1.0000001	0.18642363	0.13080335	-0.21484402	0.2382425	-0.46388516	0.039113898	-0.0924975	-0.1534199	0.31158626	0.00015554234	0.12502523	0.052742273	-0.22150595	-0.034362193	-0.2911169	0.22557867	-0.21418042	-0.30084574	0.26482576	-0.03350774	-0.40241513	0.21751598	0.27670723	-0.3310504
0.18642363	1.0	-0.00051530707	-0.23390833	0.18514918	-0.08219784	-0.026608007	-0.028616216	0.010870536	0.11509323	-0.29678535	0.16301969	-0.12689719	-0.14761052	-0.034341887	-0.21447518	0.27601087	-0.41204572	-0.15518805	0.26241246	-0.13964848	-0.19664402	0.25119582	0.22949463	-0.21614774
0.13080335	-0.00051530707	0.9999998	-0.2649972	-0.03762781	-0.19143823	0.2572576	-0.5287816	-0.39919704	0.09781983	0.22737373	-0.17102292	0.26114458	-0.27331963	-0.38119403	-0.29080492	0.11871204	-0.15237556	-0.009131015	0.0467187	0.2662144	0.006967047	0.19416216	0.18959546	0.07521553
-0.21484402	-0.23390833	-0.2649972	0.99999964	-0.08366594	0.1343641	-0.31457233	0.16291422	0.23634396	-0.091692984	-0.020342065	-0.016751196	-0.33072886	0.26066625	0.2019958	0.28244612	-0.2519435	0.24593718	0.1656624	-0.37416396	-0.12648018	0.11677633	-0.35385343	-0.43792093	0.051440798
0.2382425	0.18514918	-0.03762781	-0.08366594	0.99999964	-0.38990745	-0.010186998	0.10419251	-0.07419516	0.24744822	-0.2119104	0.23760635	-0.08319956	-0.04911621	0.036381558	-0.07346954	0.20579891	-0.20728084	-0.53363335	0.22541112	-0.16280656	-0.18716903	0.15534422	0.18196811	-0.39652237
-0.46388516	-0.08219784	-0.19143823	0.1343641	-0.38990745	0.9999993	-0.102318324	0.083813846	0.17023498	-0.5489285	-0.07257905	-0.066184714	-0.06256264	0.18914303	0.05394103	0.19086595	-0.18426704	0.17246795	0.24777052	-0.207991	-0.06409982	0.1946932	-0.15535028	-0.27451214	0.21212752
0.039113898	-0.026608007	0.2572576	-0.31457233	-0.010186998	-0.102318324	0.99999946	-0.21595885	-0.4425014	-0.015661946	0.16924311	-0.16758028	0.27369428	-0.36013928	-0.474695	-0.28242162	0.1332412	-0.17006625	-0.11025074	0.046594057	0.2710314	0.14769368	0.19080055	0.16035768	0.12030638
-0.0924975	-0.028616216	-0.5287816	0.16291422	0.10419251	0.083813846	-0.21595885	0.9999994	0.23589735	-0.05725763	-0.38460925	0.2305745	-0.23993693	0.25475836	0.2530741	0.22522376	-0.14994888	0.1647878	-0.105952375	-0.009429293	-0.3535226	-0.06944976	-0.22129866	-0.1953218	-0.14152391
-0.1534199	0.010870536	-0.39919704	0.23634396	-0.07419516	0.17023498	-0.4425014	0.23589735	0.9999992	-0.1031914	-0.24287488	0.13256025	-0.44103548	0.28546798	0.2667437	0.2684899	-0.15511975	0.15755124	0.11659569	-0.1428949	-0.35724178	-0.06951792	-0.2130823	-0.16551983	-0.062016547
0.31158626	0.11509323	0.09781983	-0.091692984	0.24744822	-0.5489285	-0.015661946	-0.05725763	-0.1031914	0.99999905	0.044140514	0.12209787	0.01665724	-0.19497645	0.014470109	-0.21382083	0.18213882	-0.18785036	-0.3131125	0.20696497	-0.04192997	-0.35605478	0.1678924	0.2157095	-0.3906126
0.00015554234	-0.29678535	0.22737373	-0.020342065	-0.2119104	-0.07257905	0.16924311	-0.38460925	-0.24287488	0.044140514	0.9999991	-0.4201432	0.24163969	-0.22833635	-0.1470012	-0.16504686	-0.09323612	0.010894537	0.13618208	-0.17342813	0.27846405	0.13399191	-0.018448131	0.0039067073	0.16524471
0.12502523	0.16301969	-0.17102292	-0.016751196	0.23760635	-0.066184714	-0.16758028	0.2305745	0.13256025	0.12209787	-0.4201432	0.999999	-0.20372221	0.115138106	0.16338463	0.05340822	0.08245868	-0.0114579825	-0.33657658	0.17265785	-0.41935194	-0.31172565	0.04191978	0.04510125	-0.3855601
0.052742273	-0.12689719	0.26114458	-0.33072886	-0.08319956	-0.06256264	0.27369428	-0.23993693	-0.44103548	0.01665724	0.24163969	-0.20372221	0.9999989	-0.2983286	-0.22212867	-0.37399578	0.011081456	-0.09467607	-0.0071159783	-0.034509387	0.27085248	0.0916298	0.1290588	0.121255144	0.13572012
-0.22150595	-0.14761052	-0.27331963	0.26066625	-0.04911621	0.18914303	-0.36013928	0.25475836	0.28546798	-0.19497645	-0.22833635	0.115138106	-0.2983286	0.9999989	0.2732483	0.31075493	-0.29994574	0.25889006	0.11395631	-0.20733736	-0.31138927	-0.018408433	-0.33539763	-0.3228341	-0.0009664705
-0.034362193	-0.034341887	-0.38119403	0.2019958	0.036381558	0.05394103	-0.474695	0.2530741	0.2667437	0.014470109	-0.1470012	0.16338463	-0.22212867	0.2732483	0.99999917	0.23362166	-0.2259762	0.19151253	0.040346127	-0.078639075	-0.37240064	-0.21984975	-0.2747372	-0.21687673	-0.14053439
-0.2911169	-0.21447518	-0.29080492	0.28244612	-0.07346954	0.19086595	-0.28242162	0.22522376	0.2684899	-0.21382083	-0.16504686	0.05340822	-0.37399578	0.31075493	0.23362166	0.99999905	-0.21320401	0.2505729	0.13873455	-0.2015106	-0.22732407	0.042424396	-0.42230907	-0.33287966	0.062894955
0.22557867	0.27601087	0.11871204	-0.2519435	0.20579891	-0.18426704	0.1332412	-0.14994888	-0.15511975	0.18213882	-0.09323612	0.08245868	0.011081456	-0.29994574	-0.2259762	-0.21320401	0.9999991	-0.54224664	-0.27773467	0.2757461	0.021825027	-0.14874047	0.3012534	0.29174632	-0.22217062
-0.21418042	-0.41204572	-0.15237556	0.24593718	-0.20728084	0.17246795	-0.17006625	0.1647878	0.15755124	-0.18785036	0.010894537	-0.0114579825	-0.09467607	0.25889006	0.19151253	0.2505729	-0.54224664	0.99999905	0.18805002	-0.2934038	-0.08892668	0.100642614	-0.4106215	-0.35046974	0.11354243
-0.30084574	-0.15518805	-0.009131015	0.1656624	-0.53363335	0.24777052	-0.11025074	-0.105952375	0.11659569	-0.3131125	0.13618208	-0.33657658	-0.0071159783	0.11395631	0.040346127	0.13873455	-0.27773467	0.18805002	0.999999	-0.29969856	0.07567509	0.19150874	-0.22605278	-0.26263404	0.266977
0.26482576	0.26241246	0.0467187	-0.37416396	0.22541112	-0.207991	0.046594057	-0.009429293	-0.1428949	0.20696497	-0.17342813	0.17265785	-0.034509387	-0.20733736	-0.078639075	-0.2015106	0.2757461	-0.2934038	-0.29969856	0.99999887	-0.045453895	-0.3854391	0.25429004	0.2810173	-0.26326022
-0.03350774	-0.13964848	0.2662144	-0.12648018	-0.16280656	-0.06409982	0.2710314	-0.3535226	-0.35724178	-0.04192997	0.27846405	-0.41935194	0.27085248	-0.31138927	-0.37240064	-0.22732407	0.021825027	-0.08892668	0.07567509	-0.045453895	0.9999988	0.18275067	0.1003863	0.0692858	0.20772451
-0.40241513	-0.19664402	0.006967047	0.11677633	-0.18716903	0.1946932	0.14769368	-0.06944976	-0.06951792	-0.35605478	0.13399191	-0.31172565	0.0916298	-0.018408433	-0.21984975	0.042424396	-0.14874047	0.100642614	0.19150874	-0.3854391	0.18275067	0.9999987	-0.119769804	-0.20964415	0.28239164
0.21751598	0.25119582	0.19416216	-0.35385343	0.15534422	-0.15535028	0.19080055	-0.22129866	-0.2130823	0.1678924	-0.018448131	0.04191978	0.1290588	-0.33539763	-0.2747372	-0.42230907	0.3012534	-0.4106215	-0.22605278	0.25429004	0.1003863	-0.119769804	0.99999887	0.30813316	-0.1440387
0.27670723	0.22949463	0.18959546	-0.43792093	0.18196811	-0.27451214	0.16035768	-0.1953218	-0.16551983	0.2157095	0.0039067073	0.04510125	0.121255144	-0.3228341	-0.21687673	-0.33287966	0.29174632	-0.35046974	-0.26263404	0.2810173	0.0692858	-0.20964415	0.30813316	0.99999887	-0.21799555
-0.3310504	-0.21614774	0.07521553	0.051440798	-0.39652237	0.21212752	0.12030638	-0.14152391	-0.062016547	-0.3906126	0.16524471	-0.3855601	0.13572012	-0.0009664705	-0.14053439	0.062894955	-0.22217062	0.11354243	0.266977	-0.26326022	0.20772451	0.28239164	-0.1440387	-0.21799555	0.99999887
