0.9999999	-0.005067109	-0.15773232	0.22658485	0.27968124	0.08217304	-0.39423186	-0.31194344	-0.18075751	-0.3441178	0.25852102	-0.45299926	0.07428777	0.2188339	0.015153804	-0.24680524	-0.016840393	-0.17954394	0.009634453	0.23757805	-0.22169505	-0.5215752	0.25998923	0.14529401	0.26688147
-0.005067109	0.99999994	0.21780379	-0.23942442	-0.015472073	0.13002521	-0.016994804	0.16804501	0.21434176	0.041694667	0.13770767	-0.040583376	-0.45445618	0.12434837	-0.5510177	-0.13302356	-0.15769683	0.27139616	0.21097727	-0.15675908	-0.14811829	0.08903542	-0.08516247	-0.31985477	0.009484163
-0.15773232	0.21780379	0.9999998	-0.39923698	-0.31018505	-0.0073971367	0.18565378	0.22509934	0.29583764	0.21943979	-0.13587756	0.19881126	-0.33820656	-0.044798806	-0.32262805	0.04799734	-0.124619514	0.30279097	0.21174662	-0.16339797	0.14436668	0.21068124	-0.3089135	-0.5291038	-0.2131844
0.22658485	-0.23942442	-0.39923698	0.99999994	0.25110498	-0.002664022	-0.33894533	-0.30986616	-0.32437325	-0.4253006	0.15327278	-0.21763709	0.21651646	0.03310159	0.17593497	-0.021344854	0.06201082	-0.3845777	-0.10432675	0.24379489	-0.23320463	-0.2641927	0.26792687	0.27254125	0.2315619
0.27968124	-0.015472073	-0.31018505	0.25110498	1.0	0.06665619	-0.39506254	-0.20635466	-0.33220553	-0.3211348	0.2479817	-0.4073499	0.12723105	0.21791478	0.062453717	-0.26627803	0.031142037	-0.23138517	-0.14127329	0.19372265	-0.36433852	-0.37229002	0.3149674	0.23173949	0.2781523
0.08217304	0.13002521	-0.0073971367	-0.002664022	0.06665619	1.0000001	-0.120111965	-0.019898744	0.019657254	-0.28274146	0.21991187	-0.08212064	-0.105283454	0.0027992018	-0.11805651	-0.00034153045	-0.5577063	0.05332697	0.18501486	0.12509002	-0.3305498	-0.028108006	-0.018635968	-0.014111331	0.17927447
-0.39423186	-0.016994804	0.18565378	-0.33894533	-0.39506254	-0.120111965	1.0000001	0.22558393	0.20383398	0.26964572	-0.41765973	0.31347933	-0.08153836	-0.28878364	0.008869167	0.21804397	0.04389167	0.15363008	0.016746862	-0.22699289	0.2818878	0.27926755	-0.43710396	-0.17080098	-0.31419533
-0.31194344	0.16804501	0.22509934	-0.30986616	-0.20635466	-0.019898744	0.22558393	1.0000001	0.28112808	0.24897477	-0.17710157	0.21320844	-0.30220005	-0.080059886	-0.21030408	0.05497051	-0.04405637	0.2648448	0.104393534	-0.5669148	0.15598556	0.2882397	-0.3035739	-0.20163341	-0.34353235
-0.18075751	0.21434176	0.29583764	-0.32437325	-0.33220553	0.019657254	0.20383398	0.28112808	1.0	0.21554697	-0.07542468	0.20906195	-0.43293145	-0.08408812	-0.27934453	0.061116956	-0.078682214	0.30385992	0.18042283	-0.2846095	0.12443694	0.24733199	-0.3994577	-0.33857667	-0.3061354
-0.3441178	0.041694667	0.21943979	-0.4253006	-0.3211348	-0.28274146	0.26964572	0.24897477	0.21554697	1.0000001	-0.26811263	0.24386778	-0.09423176	-0.085391395	-0.029628098	0.073165804	0.07190217	0.18010357	0.05554384	-0.3724434	0.2717093	0.2467555	-0.25274634	-0.2629793	-0.38326818
0.25852102	0.13770767	-0.13587756	0.15327278	0.2479817	0.21991187	-0.41765973	-0.17710157	-0.07542468	-0.26811263	1.0000001	-0.34563226	-0.08078963	0.19499347	-0.15648928	-0.20404737	-0.20252125	-0.026897317	0.07860731	0.16651602	-0.48036683	-0.2779675	0.2043826	0.087803446	0.27492112
-0.45299926	-0.040583376	0.19881126	-0.21763709	-0.4073499	-0.08212064	0.31347933	0.21320844	0.20906195	0.24386778	-0.34563226	1.0000002	-0.10921621	-0.35817856	-0.0022920847	0.24351312	-0.03033088	0.16138871	0.071932584	-0.17770614	0.26018023	0.28362662	-0.4053344	-0.20978305	-0.32848838
0.07428777	-0.45445618	-0.33820656	0.21651646	0.12723105	-0.105283454	-0.08153836	-0.30220005	-0.43293145	-0.09423176	-0.08078963	-0.10921621	1.0000001	-0.044829965	0.30592826	0.050535556	0.15891048	-0.37474096	-0.2941024	0.17743972	0.041639592	-0.23220156	0.1861996	0.26193973	0.08506385
0.2188339	0.12434837	-0.044798806	0.03310159	0.21791478	0.0027992018	-0.28878364	-0.080059886	-0.08408812	-0.085391395	0.19499347	-0.35817856	-0.044829965	0.9999999	-0.09753037	-0.7382163	-0.039127115	-0.028289525	0.067380525	0.05215508	-0.1685664	-0.22586454	0.19555005	0.039810393	0.20727864
0.015153804	-0.5510177	-0.32262805	0.17593497	0.062453717	-0.11805651	0.008869167	-0.21030408	-0.27934453	-0.029628098	-0.15648928	-0.0022920847	0.30592826	-0.09753037	0.9999999	0.09839973	0.14524347	-0.47193655	-0.20925334	0.13215016	0.088337004	-0.15031515	0.10577863	0.23148951	-0.008444944
-0.24680524	-0.13302356	0.04799734	-0.021344854	-0.26627803	-0.00034153045	0.21804397	0.05497051	0.061116956	0.073165804	-0.20404737	0.24351312	0.050535556	-0.7382163	0.09839973	0.9999998	0.04723119	-0.00057511585	-0.10464119	-0.019610658	0.16257383	0.16736658	-0.22804166	-0.054595806	-0.27814132
-0.016840393	-0.15769683	-0.124619514	0.06201082	0.031142037	-0.5577063	0.04389167	-0.04405637	-0.078682214	0.07190217	-0.20252125	-0.03033088	0.15891048	-0.039127115	0.14524347	0.04723119	0.9999999	-0.117694445	-0.49279782	-0.13326061	0.13535936	-0.019679107	0.0788322	0.11767637	-0.16626877
-0.17954394	0.27139616	0.30279097	-0.3845777	-0.23138517	0.05332697	0.15363008	0.2648448	0.30385992	0.18010357	-0.026897317	0.16138871	-0.37474096	-0.028289525	-0.47193655	-0.00057511585	-0.117694445	0.99999994	0.20029913	-0.27450845	0.07246617	0.22168933	-0.24747035	-0.39688426	-0.18875091
0.009634453	0.21097727	0.21174662	-0.10432675	-0.14127329	0.18501486	0.016746862	0.104393534	0.18042283	0.05554384	0.07860731	0.071932584	-0.2941024	0.067380525	-0.20925334	-0.10464119	-0.49279782	0.20029913	0.9999998	-0.044397246	-0.054817624	0.0502431	-0.1545582	-0.36104017	0.037637055
0.23757805	-0.15675908	-0.16339797	0.24379489	0.19372265	0.12509002	-0.22699289	-0.5669148	-0.2846095	-0.3724434	0.16651602	-0.17770614	0.17743972	0.05215508	0.13215016	-0.019610658	-0.13326061	-0.27450845	-0.044397246	0.9999997	-0.18243395	-0.388589	0.20650405	0.17559165	0.24916735
-0.22169505	-0.14811829	0.14436668	-0.23320463	-0.36433852	-0.3305498	0.2818878	0.15598556	0.12443694	0.2717093	-0.48036683	0.26018023	0.041639592	-0.1685664	0.088337004	0.16257383	0.13535936	0.07246617	-0.054817624	-0.18243395	0.99999946	0.19281623	-0.2988408	-0.15182793	-0.4006333
-0.5215752	0.08903542	0.21068124	-0.2641927	-0.37229002	-0.028108006	0.27926755	0.2882397	0.24733199	0.2467555	-0.2779675	0.28362662	-0.23220156	-0.22586454	-0.15031515	0.16736658	-0.019679107	0.22168933	0.0502431	-0.388589	0.19281623	0.9999998	-0.3073785	-0.1636566	-0.2549109
0.25998923	-0.08516247	-0.3089135	0.26792687	0.3149674	-0.018635968	-0.43710396	-0.3035739	-0.3994577	-0.25274634	0.2043826	-0.4053344	0.1861996	0.19555005	0.10577863	-0.22804166	0.0788322	-0.24747035	-0.1545582	0.20650405	-0.2988408	-0.3073785	0.9999999	0.2425937	0.26086742
0.14529401	-0.31985477	-0.5291038	0.27254125	0.23173949	-0.014111331	-0.17080098	-0.20163341	-0.33857667	-0.2629793	0.087803446	-0.20978305	0.26193973	0.039810393	0.23148951	-0.054595806	0.11767637	-0.39688426	-0.36104017	0.17559165	-0.15182793	-0.1636566	0.2425937	0.9999998	0.16561046
0.26688147	0.009484163	-0.2131844	0.2315619	0.2781523	0.17927447	-0.31419533	-0.34353235	-0.3061354	-0.38326818	0.27492112	-0.32848838	0.08506385	0.20727864	-0.008444944	-0.27814132	-0.16626877	-0.18875091	0.037637055	0.24916735	-0.4006333	-0.2549109	0.26086742	0.16561046	0.9999998
