1.0	0.08951402	0.0980932	-0.022697547	-0.4075823	0.25771138	-0.16695425	-0.14868446	0.011719797	0.25017196	-0.17369667	0.29861066	-0.06356488	0.13754512	-0.45281905	0.054088023	-0.31648213	-0.019794067	-0.21063864	-0.09146119	0.112931706	-0.4454652	0.04065318	0.23431273	0.18035191
0.08951402	1.0000001	0.24524185	0.27435246	-0.24739665	-0.015925974	-0.13434732	-0.13308772	0.20994738	0.15403014	-0.4355227	0.040130302	-0.37294453	-0.040456302	0.022173094	-0.33698508	-0.21449615	0.23921043	0.11118645	-0.3825314	0.1534434	-0.016380714	-0.27900004	0.19709265	-0.06890725
0.0980932	0.24524185	1.0000002	0.22242945	-0.24727826	-0.014323229	-0.17782693	-0.2442438	0.14485593	0.024730027	-0.16429253	-0.026640268	-0.41438603	0.0028353268	0.010040607	-0.40780562	-0.09292373	0.28176117	0.083522506	-0.12309531	0.2050032	0.047056984	-0.4516662	0.20781901	-0.19149105
-0.022697547	0.27435246	0.22242945	1.0000005	-0.085510336	-0.15728834	0.039151914	-0.02031005	0.13843824	0.011762837	-0.3148346	-0.03279115	-0.4853368	-0.20903315	0.1282425	-0.28299758	-0.051585287	0.21528909	0.17303911	-0.2536472	0.03581854	0.06992068	-0.439203	0.0601393	-0.09295394
-0.4075823	-0.24739665	-0.24727826	-0.085510336	1.0000006	-0.12325678	0.24207091	0.26431766	-0.2622461	-0.2492463	0.24762923	-0.27754828	0.13769592	-0.22965634	0.18269394	0.15637393	0.15660626	-0.2500611	0.12434219	0.22023673	-0.32931876	0.12812123	0.114926875	-0.38836598	-0.09090723
0.25771138	-0.015925974	-0.014323229	-0.15728834	-0.12325678	1.0000007	-0.3292773	-0.14870566	-0.059967194	0.23836549	-0.058090847	0.27936685	0.042258978	0.18957907	-0.4228984	0.11285617	-0.38611922	-0.13455589	-0.26145732	0.003235205	0.07621507	-0.38439697	0.16114569	0.18682478	0.25777426
-0.16695425	-0.13434732	-0.17782693	0.039151914	0.24207091	-0.3292773	1.0000008	0.2912789	-0.067387775	-0.2613089	0.15444332	-0.22871968	0.03243079	-0.38052368	0.20153399	0.09005212	0.17464273	-0.2022578	0.21082951	0.110162385	-0.41047838	0.1411744	0.013712495	-0.36350137	-0.25759763
-0.14868446	-0.13308772	-0.2442438	-0.02031005	0.26431766	-0.14870566	0.2912789	1.0000007	-0.1996008	-0.14967921	0.15106173	-0.085502505	0.074778184	-0.32486725	0.13199735	0.19570123	0.06293468	-0.34130806	0.18400638	0.1639589	-0.54520774	0.016084513	0.105462454	-0.40570816	-0.10315563
0.011719797	0.20994738	0.14485593	0.13843824	-0.2622461	-0.059967194	-0.067387775	-0.1996008	1.0000007	0.052475333	-0.28430828	-0.027118487	-0.059994616	0.10727026	-0.019335762	-0.3173545	0.06661046	0.20654404	-0.06768529	-0.6212	0.20030937	0.078740366	-0.22440258	0.17261328	-0.078365795
0.25017196	0.15403014	0.024730027	0.011762837	-0.2492463	0.23836549	-0.2613089	-0.14967921	0.052475333	1.0000007	-0.3546518	0.28076166	-0.064637356	0.10075871	-0.33761162	0.048175607	-0.4943311	0.022713786	-0.066032685	-0.2343067	0.1415019	-0.2685098	0.06259839	0.2228836	0.18471332
-0.17369667	-0.4355227	-0.16429253	-0.3148346	0.24762923	-0.058090847	0.15444332	0.15106173	-0.28430828	-0.3546518	1.0000007	-0.23275778	0.21290371	-0.0063693044	0.09584451	0.14416444	0.19383523	-0.26029357	-0.013538132	0.26808763	-0.18417674	0.11624624	0.15528372	-0.3027508	-0.10103127
0.29861066	0.040130302	-0.026640268	-0.03279115	-0.27754828	0.27936685	-0.22871968	-0.085502505	-0.027118487	0.28076166	-0.23275778	1.0000006	0.016739745	0.13957524	-0.39380994	0.1189637	-0.3925149	-0.047263768	-0.20803967	-0.04490045	0.08264365	-0.49983603	0.12199637	0.18903106	0.25121915
-0.06356488	-0.37294453	-0.41438603	-0.4853368	0.13769592	0.042258978	0.03243079	0.074778184	-0.059994616	-0.064637356	0.21290371	0.016739745	1.0000005	0.13173777	-0.108083434	0.22209705	0.115073636	-0.3218812	-0.18914425	0.1295428	-0.10343723	-0.064720295	0.27967858	-0.20472148	0.12801462
0.13754512	-0.040456302	0.0028353268	-0.20903315	-0.22965634	0.18957907	-0.38052368	-0.32486725	0.10727026	0.10075871	-0.0063693044	0.13957524	0.13173777	1.0000005	-0.25035402	-0.06331323	-0.01696996	0.057188857	-0.51974434	-0.07167326	0.23758127	-0.09103738	0.06875592	0.1871674	0.19958556
-0.45281905	0.022173094	0.010040607	0.1282425	0.18269394	-0.4228984	0.20153399	0.13199735	-0.019335762	-0.33761162	0.09584451	-0.39380994	-0.108083434	-0.25035402	1.0000004	-0.1483682	0.22831322	0.08286836	0.21754482	0.06633777	-0.115512274	0.28218174	-0.1676471	-0.29102722	-0.19759226
0.054088023	-0.33698508	-0.40780562	-0.28299758	0.15637393	0.11285617	0.09005212	0.19570123	-0.3173545	0.048175607	0.14416444	0.1189637	0.22209705	-0.06331323	-0.1483682	1.0000004	-0.08033179	-0.37507042	-0.07922761	0.20148087	-0.26377165	-0.23373403	0.29918465	-0.1732018	0.17528291
-0.31648213	-0.21449615	-0.09292373	-0.051585287	0.15660626	-0.38611922	0.17464273	0.06293468	0.06661046	-0.4943311	0.19383523	-0.3925149	0.115073636	-0.01696996	0.22831322	-0.08033179	1.0000004	0.01419892	0.048161775	0.054656614	-0.07575947	0.26946425	-0.06706112	-0.18490475	-0.20083126
-0.019794067	0.23921043	0.28176117	0.21528909	-0.2500611	-0.13455589	-0.2022578	-0.34130806	0.20654404	0.022713786	-0.26029357	-0.047263768	-0.3218812	0.057188857	0.08286836	-0.37507042	0.01419892	1.0000005	0.031118156	-0.17245004	0.25118744	0.13008979	-0.4010192	0.18876436	-0.13992576
-0.21063864	0.11118645	0.083522506	0.17303911	0.12434219	-0.26145732	0.21082951	0.18400638	-0.06768529	-0.066032685	-0.013538132	-0.20803967	-0.18914425	-0.51974434	0.21754482	-0.07922761	0.048161775	0.031118156	1.0000005	0.011729031	-0.20699833	0.16451472	-0.2003283	-0.16145174	-0.44061127
-0.09146119	-0.3825314	-0.12309531	-0.2536472	0.22023673	0.003235205	0.110162385	0.1639589	-0.6212	-0.2343067	0.26808763	-0.04490045	0.1295428	-0.07167326	0.06633777	0.20148087	0.054656614	-0.17245004	0.011729031	1.0000007	-0.23435608	-0.008831711	0.15622452	-0.25855464	0.027364988
0.112931706	0.1534434	0.2050032	0.03581854	-0.32931876	0.07621507	-0.41047838	-0.54520774	0.20030937	0.1415019	-0.18417674	0.08264365	-0.10343723	0.23758127	-0.115512274	-0.26377165	-0.07575947	0.25118744	-0.20699833	-0.23435608	1.0000005	0.008051326	-0.12444274	0.2803352	0.02775315
-0.4454652	-0.016380714	0.047056984	0.06992068	0.12812123	-0.38439697	0.1411744	0.016084513	0.078740366	-0.2685098	0.11624624	-0.49983603	-0.064720295	-0.09103738	0.28218174	-0.23373403	0.26946425	0.13008979	0.16451472	-0.008831711	0.008051326	1.0000004	-0.20331074	-0.1310567	-0.32560307
0.04065318	-0.27900004	-0.4516662	-0.439203	0.114926875	0.16114569	0.013712495	0.105462454	-0.22440258	0.06259839	0.15528372	0.12199637	0.27967858	0.06875592	-0.1676471	0.29918465	-0.06706112	-0.4010192	-0.2003283	0.15622452	-0.12444274	-0.20331074	1.0000004	-0.11080077	0.19480185
0.23431273	0.19709265	0.20781901	0.0601393	-0.38836598	0.18682478	-0.36350137	-0.40570816	0.17261328	0.2228836	-0.3027508	0.18903106	-0.20472148	0.1871674	-0.29102722	-0.1732018	-0.18490475	0.18876436	-0.16145174	-0.25855464	0.2803352	-0.1310567	-0.11080077	1.0000002	0.112649724
0.18035191	-0.06890725	-0.19149105	-0.09295394	-0.09090723	0.25777426	-0.25759763	-0.10315563	-0.078365795	0.18471332	-0.10103127	0.25121915	0.12801462	0.19958556	-0.19759226	0.17528291	-0.20083126	-0.13992576	-0.44061127	0.027364988	0.02775315	-0.32560307	0.19480185	0.112649724	1.0000002
