1.0000001	-0.31133556	-0.26328617	0.12134296	0.22089815	0.25570756	-0.3878937	-0.30701596	0.15348089	-0.35755885	0.27183402	-0.0061821006	-0.27695334	0.2409803	0.2798	-0.0092652915	0.28918698	-0.027885947	-0.3930892	-0.04771962	-0.3334909	0.066149786	0.043869574	-0.34127596	0.16009574
-0.31133556	0.9999998	0.21914692	-0.4005276	-0.022266744	-0.17972355	0.23661587	0.28001735	0.07209465	0.25375763	-0.18867138	-0.20447335	0.14652312	-0.29599923	-0.15721652	0.030722447	-0.24359702	-0.34694394	0.17298883	-0.074142285	0.1311102	0.13886678	-0.18206415	0.19584784	-0.05544935
-0.26328617	0.21914692	0.9999998	-0.23098677	-0.19945633	-0.20420463	0.2590285	0.24964839	-0.16576572	0.23740283	-0.4111461	-0.03123222	0.19160722	-0.26645693	-0.48766667	0.04231964	-0.29489124	-0.0232407	0.2760522	0.033028726	0.2166509	-0.08249534	-0.17169291	0.26893523	-0.15359613
0.12134296	-0.4005276	-0.23098677	0.99999994	0.018034332	-0.04170848	-0.111238204	-0.3239777	-0.24005342	-0.16718648	-0.008914124	0.1634892	0.016151613	0.06954725	0.115928814	-0.090652205	0.17417333	0.25165513	-0.15998323	0.14215045	-0.03498821	-0.42485765	0.20715523	-0.22063725	-0.045056608
0.22089815	-0.022266744	-0.19945633	0.018034332	1.0000001	0.18468386	-0.22073591	-0.023438185	0.20822623	-0.22699705	0.21473701	-0.3050519	-0.131549	0.096583635	0.23647536	0.07956335	0.1708943	-0.12636736	-0.3426938	-0.10331368	-0.4858945	0.14771491	-0.16155158	-0.25397077	0.24793085
0.25570756	-0.17972355	-0.20420463	-0.04170848	0.18468386	1.0000005	-0.4158877	-0.12840408	0.114394285	-0.37687472	0.29499397	-0.08157548	-0.4565418	0.28346083	0.19190826	0.1752208	0.20051791	-0.011556265	-0.25874028	-0.3056844	-0.31236175	0.15227772	-0.014569372	-0.12272787	0.1463883
-0.3878937	0.23661587	0.2590285	-0.111238204	-0.22073591	-0.4158877	1.0000005	0.19919029	-0.062447414	0.3089275	-0.41116533	0.04234831	0.26738185	-0.35699514	-0.28300324	-0.12590134	-0.29963344	-0.102010615	0.24746026	0.13430437	0.26445198	-0.05788245	-0.07269903	0.1949381	-0.25233465
-0.30701596	0.28001735	0.24964839	-0.3239777	-0.023438185	-0.12840408	0.19919029	1.0000006	0.04062315	0.19720249	-0.1313063	-0.16967501	0.089844115	-0.2350174	-0.36202565	0.16075441	-0.2570403	-0.23422316	0.2075224	-0.18658568	0.08378457	0.11370183	-0.27076995	0.253571	-0.009170646
0.15348089	0.07209465	-0.16576572	-0.24005342	0.20822623	0.114394285	-0.062447414	0.04062315	1.0000005	-0.0098957205	0.184734	-0.23700653	-0.08902397	0.014035391	0.16734797	0.07418386	0.075450554	-0.45289168	-0.17950709	-0.18567187	-0.16588715	0.2895446	-0.31096387	-0.14632419	0.20708846
-0.35755885	0.25375763	0.23740283	-0.16718648	-0.22699705	-0.37687472	0.3089275	0.19720249	-0.0098957205	1.0000005	-0.26572493	-0.047575444	0.26102263	-0.38145357	-0.27743867	-0.17103055	-0.29237315	-0.12196991	0.24098387	0.12423926	0.25414738	-0.030103957	-0.13898152	0.1967016	-0.15112776
0.27183402	-0.18867138	-0.4111461	-0.008914124	0.21473701	0.29499397	-0.41116533	-0.1313063	0.184734	-0.26572493	1.0000004	-0.101814054	-0.38437384	0.25737408	0.24596891	0.123516105	0.21769857	-0.113422155	-0.2866947	-0.21897386	-0.34525567	0.17652535	-0.0046392	-0.15437564	0.19060335
-0.0061821006	-0.20447335	-0.03123222	0.1634892	-0.3050519	-0.08157548	0.04234831	-0.16967501	-0.23700653	-0.047575444	-0.101814054	1.0000002	0.04177868	0.020635707	-0.072972946	-0.35683584	0.11384579	0.16814406	-0.027443767	0.24906749	0.09803429	-0.24978246	0.2843124	-0.14568116	-0.43334252
-0.27695334	0.14652312	0.19160722	0.016151613	-0.131549	-0.4565418	0.26738185	0.089844115	-0.08902397	0.26102263	-0.38437384	0.04177868	1.0000001	-0.51475877	-0.12758373	-0.18870604	-0.28645736	0.03480275	0.22248864	0.1872033	0.20228593	-0.17174879	-0.09482172	0.08724071	-0.053835467
0.2409803	-0.29599923	-0.26645693	0.06954725	0.096583635	0.28346083	-0.35699514	-0.2350174	0.014035391	-0.38145357	0.25737408	0.020635707	-0.51475877	1.0000002	0.16596709	0.054303143	0.21742006	0.037929036	-0.313918	-0.16892295	-0.12130722	0.084101655	0.13714541	-0.10137692	0.047553826
0.2798	-0.15721652	-0.48766667	0.115928814	0.23647536	0.19190826	-0.28300324	-0.36202565	0.16734797	-0.27743867	0.24596891	-0.072972946	-0.12758373	0.16596709	1.0000002	-0.04568032	0.24745803	-0.037053477	-0.29427332	-0.042443577	-0.3025292	0.09930643	0.031416237	-0.38741332	0.19646804
-0.0092652915	0.030722447	0.04231964	-0.090652205	0.07956335	0.1752208	-0.12590134	0.16075441	0.07418386	-0.17103055	0.123516105	-0.35683584	-0.18870604	0.054303143	-0.04568032	1.0000001	-0.09466027	-0.021217853	0.07108596	-0.5539793	-0.1869271	0.13006313	-0.23528591	0.15050901	0.18321575
0.28918698	-0.24359702	-0.29489124	0.17417333	0.1708943	0.20051791	-0.29963344	-0.2570403	0.075450554	-0.29237315	0.21769857	0.11384579	-0.28645736	0.21742006	0.24745803	-0.09466027	1.0000001	0.04220636	-0.44205803	0.036454383	-0.34922543	-0.022781622	0.16538605	-0.43399957	0.0121967895
-0.027885947	-0.34694394	-0.0232407	0.25165513	-0.12636736	-0.011556265	-0.102010615	-0.23422316	-0.45289168	-0.12196991	-0.113422155	0.16814406	0.03480275	0.037929036	-0.037053477	-0.021217853	0.04220636	1.0000002	0.061474435	0.10344828	0.0124239195	-0.45567816	0.1769911	-0.009962546	-0.048353713
-0.3930892	0.17298883	0.2760522	-0.15998323	-0.3426938	-0.25874028	0.24746026	0.2075224	-0.17950709	0.24098387	-0.2866947	-0.027443767	0.22248864	-0.313918	-0.29427332	0.07108596	-0.44205803	0.061474435	1.0000004	-0.01778846	0.24491517	-0.09458938	-0.1543447	0.28209805	-0.07261909
-0.04771962	-0.074142285	0.033028726	0.14215045	-0.10331368	-0.3056844	0.13430437	-0.18658568	-0.18567187	0.12423926	-0.21897386	0.24906749	0.1872033	-0.16892295	-0.042443577	-0.5539793	0.036454383	0.10344828	-0.01778846	1.0000005	0.12555917	-0.26572666	0.20023425	-0.1167403	-0.2690398
-0.3334909	0.1311102	0.2166509	-0.03498821	-0.4858945	-0.31236175	0.26445198	0.08378457	-0.16588715	0.25414738	-0.34525567	0.09803429	0.20228593	-0.12130722	-0.3025292	-0.1869271	-0.34922543	0.0124239195	0.24491517	0.12555917	1.0000006	-0.0758622	0.031192679	0.19926575	-0.24561954
0.066149786	0.13886678	-0.08249534	-0.42485765	0.14771491	0.15227772	-0.05788245	0.11370183	0.2895446	-0.030103957	0.17652535	-0.24978246	-0.17174879	0.084101655	0.09930643	0.13006313	-0.022781622	-0.45567816	-0.09458938	-0.26572666	-0.0758622	1.0000006	-0.22421798	-0.03554625	0.17432529
0.043869574	-0.18206415	-0.17169291	0.20715523	-0.16155158	-0.014569372	-0.07269903	-0.27076995	-0.31096387	-0.13898152	-0.0046392	0.2843124	-0.09482172	0.13714541	0.031416237	-0.23528591	0.16538605	0.1769911	-0.1543447	0.20023425	0.031192679	-0.22421798	1.0000006	-0.21190438	-0.3148818
-0.34127596	0.19584784	0.26893523	-0.22063725	-0.25397077	-0.12272787	0.1949381	0.253571	-0.14632419	0.1967016	-0.15437564	-0.14568116	0.08724071	-0.10137692	-0.38741332	0.15050901	-0.43399957	-0.009962546	0.28209805	-0.1167403	0.19926575	-0.03554625	-0.21190438	1.0000006	-0.09013409
0.16009574	-0.05544935	-0.15359613	-0.045056608	0.24793085	0.1463883	-0.25233465	-0.009170646	0.20708846	-0.15112776	0.19060335	-0.43334252	-0.053835467	0.047553826	0.19646804	0.18321575	0.0121967895	-0.048353713	-0.07261909	-0.2690398	-0.24561954	0.17432529	-0.3148818	-0.09013409	1.0000006
