1.0000001	-0.09788493	-0.1723745	-0.039070074	-0.7225301	-0.1803332	0.0707459	-0.037326165	-0.22397138	0.23460154	0.034527563	0.18261892	-0.15820846	0.011776687	-0.25489026	-0.021991478	0.025955575	0.06452372	0.0038106814	0.06629539	0.18556689	-0.18037568	0.17082605	0.23414019	0.114255704
-0.09788493	1.0000002	0.043496434	0.2552588	0.07911239	0.211166	-0.045854334	0.28971592	0.124008045	-0.2105127	0.011891116	-0.39740103	-0.034621757	-0.5056581	0.11305496	0.09659501	-0.19819655	-0.020433802	-0.35477182	-0.043575346	-0.14046831	0.07993443	-0.028117929	0.023613328	-0.4161067
-0.1723745	0.043496434	1.0000002	0.010903113	0.1377516	0.02698509	-0.36589074	0.054831572	-0.1430386	-0.03229738	-0.27966926	-0.16275097	0.26590723	-0.052582808	0.13496345	0.14366543	-0.19041479	0.22938885	-0.0011980092	-0.5978749	-0.22969104	0.23341586	0.14329147	-0.30064708	0.06276885
-0.039070074	0.2552588	0.010903113	1.0000002	0.078196816	0.09904509	0.088596	0.19444993	0.14280806	-0.11684462	0.11775978	-0.20829475	-0.06934008	-0.3472901	-0.015057566	-0.081058495	0.013349986	-0.057572823	-0.64933795	0.027615383	-0.04466755	-0.11695839	-0.101596065	0.08738287	-0.3483299
-0.7225301	0.07911239	0.1377516	0.078196816	1.0000001	0.15745234	-0.07716558	0.058722127	0.1740643	-0.3259672	-0.009827864	-0.22439702	0.11630027	-0.00043558597	0.20777148	0.0028528185	-0.03800483	-0.05246059	-0.07346705	-0.083103396	-0.21742885	0.14968611	-0.208393	-0.25528935	-0.09938082
-0.1803332	0.211166	0.02698509	0.09904509	0.15745234	0.99999994	-0.14537111	0.24537373	0.18893015	-0.43528497	-0.12339412	-0.3674998	0.11302638	-0.33917373	0.27823105	0.16262412	-0.13887416	-0.008740352	-0.105667144	0.021307332	-0.33794352	0.18185867	-0.2899397	-0.17690048	-0.32549214
0.0707459	-0.045854334	-0.36589074	0.088596	-0.07716558	-0.14537111	0.9999999	-0.20170751	0.13426113	0.12125101	0.2861033	0.17612535	-0.317306	0.07141331	-0.18135528	-0.370539	0.28978226	-0.4003252	-0.08800294	0.25726894	0.24609931	-0.39724278	-0.19809926	0.17280774	-0.03844792
-0.037326165	0.28971592	0.054831572	0.19444993	0.058722127	0.24537373	-0.20170751	0.9999999	0.09575576	-0.29749954	-0.08539651	-0.34960872	0.04404178	-0.44826734	0.16555557	0.19281588	-0.34433445	0.06592663	-0.2973528	-0.024297096	-0.3127274	0.15140091	-0.030144526	-0.005920193	-0.30729803
-0.22397138	0.124008045	-0.1430386	0.14280806	0.1740643	0.18893015	0.13426113	0.09575576	0.99999994	-0.2513101	0.14158635	-0.14543211	0.018569766	-0.15074666	0.14838538	-0.11090975	0.08250082	-0.43281448	-0.16738416	0.16085579	-0.0788978	-0.052792974	-0.40145972	-0.16906685	-0.31446204
0.23460154	-0.2105127	-0.03229738	-0.11684462	-0.3259672	-0.43528497	0.12125101	-0.29749954	-0.2513101	0.9999999	0.09104953	0.28451803	-0.15810914	0.1956386	-0.35906306	-0.20921816	0.16433494	0.03848165	0.10070126	-0.027829278	0.2656184	-0.28218547	0.18110141	0.18101035	0.2318367
0.034527563	0.011891116	-0.27966926	0.11775978	-0.009827864	-0.12339412	0.2861033	-0.08539651	0.14158635	0.09104953	0.9999998	0.08846424	-0.36098862	0.062269997	-0.2393143	-0.4980466	0.25174797	-0.2175298	-0.13249797	0.22105663	0.19089295	-0.25983092	-0.27404824	0.13521706	-0.10699426
0.18261892	-0.39740103	-0.16275097	-0.20829475	-0.22439702	-0.3674998	0.17612535	-0.34960872	-0.14543211	0.28451803	0.08846424	0.99999994	-0.12957507	0.25970134	-0.3362391	-0.21197286	0.21307309	-0.098276556	0.17061633	0.09655583	0.28219563	-0.30395395	0.09365941	0.13729168	0.23614846
-0.15820846	-0.034621757	0.26590723	-0.06934008	0.11630027	0.11302638	-0.317306	0.04404178	0.018569766	-0.15810914	-0.36098862	-0.12957507	0.9999998	-0.023467172	0.2203135	0.1720105	-0.2882568	0.13739176	0.09125815	-0.3550454	-0.26331604	0.2660282	0.069069415	-0.48101184	0.0011052857
0.011776687	-0.5056581	-0.052582808	-0.3472901	-0.00043558597	-0.33917373	0.07141331	-0.44826734	-0.15074666	0.1956386	0.062269997	0.25970134	-0.023467172	0.9999998	-0.19928052	-0.17560567	0.15941219	-0.014032746	0.24348551	0.01998408	0.16407298	-0.045882545	0.041350473	-0.00047760463	0.25497717
-0.25489026	0.11305496	0.13496345	-0.015057566	0.20777148	0.27823105	-0.18135528	0.16555557	0.14838538	-0.35906306	-0.2393143	-0.3362391	0.2203135	-0.19928052	0.99999976	0.16180685	-0.1612797	-0.0097980015	0.02114917	-0.0845977	-0.45238775	0.2431304	-0.19491215	-0.36651394	-0.105190046
-0.021991478	0.09659501	0.14366543	-0.081058495	0.0028528185	0.16262412	-0.370539	0.19281588	-0.11090975	-0.20921816	-0.4980466	-0.21197286	0.1720105	-0.17560567	0.16180685	0.99999964	-0.51678276	0.19243374	0.051327612	-0.13193683	-0.18277712	0.21932264	0.09238478	-0.043661986	-0.021262735
0.025955575	-0.19819655	-0.19041479	0.013349986	-0.03800483	-0.13887416	0.28978226	-0.34433445	0.08250082	0.16433494	0.25174797	0.21307309	-0.2882568	0.15941219	-0.1612797	-0.51678276	0.9999995	-0.32848936	0.0010778093	0.18052082	0.2317205	-0.29408795	-0.11976736	0.10498627	0.07104912
0.06452372	-0.020433802	0.22938885	-0.057572823	-0.05246059	-0.008740352	-0.4003252	0.06592663	-0.43281448	0.03848165	-0.2175298	-0.098276556	0.13739176	-0.014032746	-0.0097980015	0.19243374	-0.32848936	0.99999934	0.05454838	-0.3636164	-0.20600055	0.19271383	0.23734865	-0.018829392	0.11543975
0.0038106814	-0.35477182	-0.0011980092	-0.64933795	-0.07346705	-0.105667144	-0.08800294	-0.2973528	-0.16738416	0.10070126	-0.13249797	0.17061633	0.09125815	0.24348551	0.02114917	0.051327612	0.0010778093	0.05454838	0.99999934	-0.027135381	0.040075794	0.06367686	0.06264429	-0.15647243	0.2532818
0.06629539	-0.043575346	-0.5978749	0.027615383	-0.083103396	0.021307332	0.25726894	-0.024297096	0.16085579	-0.027829278	0.22105663	0.09655583	-0.3550454	0.01998408	-0.0845977	-0.13193683	0.18052082	-0.3636164	-0.027135381	0.9999995	0.15770347	-0.22461958	-0.26455033	0.1674413	-0.15198934
0.18556689	-0.14046831	-0.22969104	-0.04466755	-0.21742885	-0.33794352	0.24609931	-0.3127274	-0.0788978	0.2656184	0.19089295	0.28219563	-0.26331604	0.16407298	-0.45238775	-0.18277712	0.2317205	-0.20600055	0.040075794	0.15770347	0.99999934	-0.404633	0.03810852	0.22314397	0.1361812
-0.18037568	0.07993443	0.23341586	-0.11695839	0.14968611	0.18185867	-0.39724278	0.15140091	-0.052792974	-0.28218547	-0.25983092	-0.30395395	0.2660282	-0.045882545	0.2431304	0.21932264	-0.29408795	0.19271383	0.06367686	-0.22461958	-0.404633	0.9999994	0.058513243	-0.35271212	-0.09831243
0.17082605	-0.028117929	0.14329147	-0.101596065	-0.208393	-0.2899397	-0.19809926	-0.030144526	-0.40145972	0.18110141	-0.27404824	0.09365941	0.069069415	0.041350473	-0.19491215	0.09238478	-0.11976736	0.23734865	0.06264429	-0.26455033	0.03810852	0.058513243	0.9999994	0.070561215	0.1810356
0.23414019	0.023613328	-0.30064708	0.08738287	-0.25528935	-0.17690048	0.17280774	-0.005920193	-0.16906685	0.18101035	0.13521706	0.13729168	-0.48101184	-0.00047760463	-0.36651394	-0.043661986	0.10498627	-0.018829392	-0.15647243	0.1674413	0.22314397	-0.35271212	0.070561215	0.9999995	0.025368072
0.114255704	-0.4161067	0.06276885	-0.3483299	-0.09938082	-0.32549214	-0.03844792	-0.30729803	-0.31446204	0.2318367	-0.10699426	0.23614846	0.0011052857	0.25497717	-0.105190046	-0.021262735	0.07104912	0.11543975	0.2532818	-0.15198934	0.1361812	-0.09831243	0.1810356	0.025368072	0.9999995
