1.0	0.08026652	-0.22640751	0.20648023	-0.10011262	-0.1404061	0.24746723	0.07807939	-0.037418947	-0.5594789	-0.0024418763	0.19387433	0.0746405	0.259081	0.2445083	0.0052267797	-0.25867975	-0.25854653	-0.17021328	-0.21054035	0.09695397	-0.1738114	0.09525171	0.08200306	-0.23514304
0.08026652	1.0	-0.18296824	0.19270709	-0.26568815	-0.37792024	0.12382877	0.2696214	-0.24492927	-0.11836569	-0.5505394	-0.02741968	-0.25588962	-0.020094654	0.01791922	0.15200645	0.15829335	0.21853618	-0.114705876	-0.07734958	-0.35235894	0.11678607	0.23304218	0.2991486	-0.06322885
-0.22640751	-0.18296824	1.0000004	-0.50392485	0.22572282	0.19426471	-0.5179281	-0.12167809	0.102452904	0.22310737	0.059321716	-0.13044357	0.07506917	-0.38374332	-0.2629746	-0.15667656	0.122922555	-0.004152232	0.18552054	0.1881419	0.042814746	0.02402467	-0.20283619	-0.22531112	0.18950522
0.20648023	0.19270709	-0.50392485	1.0000001	-0.36195382	-0.26266852	0.2772894	0.19732767	-0.21197326	-0.18967138	-0.13188821	0.20380428	-0.11439148	0.22672951	0.23184139	0.20722914	-0.095700726	0.0055960095	-0.34023055	-0.19705714	-0.06898899	0.03519517	0.21964994	0.22486505	-0.34313545
-0.10011262	-0.26568815	0.22572282	-0.36195382	0.99999994	0.27846247	-0.30618426	-0.31031993	0.26182026	0.108579606	0.17485057	-0.19748421	0.25659752	-0.12211181	-0.24215628	-0.32469198	-0.064970724	-0.18919092	0.23518604	0.25615814	0.16938001	-0.2896154	-0.36634174	-0.3335575	0.2544862
-0.1404061	-0.37792024	0.19426471	-0.26266852	0.27846247	0.9999999	-0.2191863	-0.48378405	0.29779655	0.0905921	0.24271856	-0.04779526	0.20373364	-0.03943922	-0.070723705	-0.3366913	-0.109516606	-0.2027333	0.14512584	0.17001222	0.22885032	-0.12488013	-0.3840474	-0.4287774	0.15487283
0.24746723	0.12382877	-0.5179281	0.2772894	-0.30618426	-0.2191863	0.9999999	0.11368158	-0.048371103	-0.3025311	-0.048950795	0.19546351	-0.06760777	0.26094592	0.22634415	0.12869419	-0.23924823	-0.06487861	-0.14133346	-0.23525731	0.032614514	-0.072438255	0.1648384	0.11156593	-0.19830671
0.07807939	0.2696214	-0.12167809	0.19732767	-0.31031993	-0.48378405	0.11368158	0.99999994	-0.52457106	-0.09190497	-0.28855982	0.033415534	-0.14947768	-1.0188338e-5	0.06500241	0.23617613	0.14141299	0.19208978	-0.17328694	-0.15363792	-0.30654943	0.1271331	0.2673145	0.3094997	-0.16438092
-0.037418947	-0.24492927	0.102452904	-0.21197326	0.26182026	0.29779655	-0.048371103	-0.52457106	1.0	0.010151909	0.19853976	-0.07036249	0.23430358	-0.013627976	-0.07281086	-0.3688411	-0.14446887	-0.2123012	0.18078673	0.16317047	0.2337869	-0.2064401	-0.42339644	-0.44154042	0.17485136
-0.5594789	-0.11836569	0.22310737	-0.18967138	0.108579606	0.0905921	-0.3025311	-0.09190497	0.010151909	1.0000001	-0.012702975	-0.17990138	-0.08470002	-0.38539314	-0.4175409	0.02230829	0.17506029	0.14407004	0.16972421	0.16929665	-0.10391733	0.071105115	-0.07172624	-0.08042111	0.17959514
-0.0024418763	-0.5505394	0.059321716	-0.13188821	0.17485057	0.24271856	-0.048950795	-0.28855982	0.19853976	-0.012702975	1.0000002	0.09526277	0.15045252	0.11588407	0.07060972	-0.082496755	-0.3379698	-0.40311214	0.012366388	0.051681913	0.2934203	-0.14274971	-0.18029726	-0.34649986	-0.0055581317
0.19387433	-0.02741968	-0.13044357	0.20380428	-0.19748421	-0.04779526	0.19546351	0.033415534	-0.07036249	-0.17990138	0.09526277	1.0000002	-0.06855567	0.2665091	0.28041235	0.15176453	-0.38291875	-0.1512835	-0.47118628	-0.23007804	0.13083601	-0.016508248	0.110122286	0.038466256	-0.41634235
0.0746405	-0.25588962	0.07506917	-0.11439148	0.25659752	0.20373364	-0.06760777	-0.14947768	0.23430358	-0.08470002	0.15045252	-0.06855567	1.0000001	-0.04094988	-0.07384644	-0.37563252	-0.10427698	-0.2969034	0.145087	0.21659257	0.20592745	-0.48550543	-0.4315676	-0.27924666	0.17055863
0.259081	-0.020094654	-0.38374332	0.22672951	-0.12211181	-0.03943922	0.26094592	-1.0188338e-5	-0.013627976	-0.38539314	0.11588407	0.2665091	-0.04094988	1.0000001	0.30717728	0.09198575	-0.3003197	-0.15914935	-0.32761967	-0.32219273	0.12982865	-0.049462304	0.09922595	0.007952686	-0.2994481
0.2445083	0.01791922	-0.2629746	0.23184139	-0.24215628	-0.070723705	0.22634415	0.06500241	-0.07281086	-0.4175409	0.07060972	0.28041235	-0.07384644	0.30717728	0.99999994	0.13743454	-0.24588746	-0.1031924	-0.4073912	-0.36607927	0.10044119	0.06258747	0.13818468	0.058549475	-0.39869744
0.0052267797	0.15200645	-0.15667656	0.20722914	-0.32469198	-0.3366913	0.12869419	0.23617613	-0.3688411	0.02230829	-0.082496755	0.15176453	-0.37563252	0.09198575	0.13743454	0.9999999	0.045467578	0.15626328	-0.32376796	-0.3752026	-0.17578354	0.24154428	0.29194105	0.23779161	-0.35174298
-0.25867975	0.15829335	0.122922555	-0.095700726	-0.064970724	-0.109516606	-0.23924823	0.14141299	-0.14446887	0.17506029	-0.3379698	-0.38291875	-0.10427698	-0.3003197	-0.24588746	0.045467578	0.9999999	0.26499686	0.10545337	0.035494074	-0.3651931	0.19780745	0.052609377	0.14469235	0.07581717
-0.25854653	0.21853618	-0.004152232	0.0055960095	-0.18919092	-0.2027333	-0.06487861	0.19208978	-0.2123012	0.14407004	-0.40311214	-0.1512835	-0.2969034	-0.15914935	-0.1031924	0.15626328	0.26499686	1.0	0.057005133	-0.07285107	-0.5134228	0.22896393	0.13774732	0.20738414	0.005894298
-0.17021328	-0.114705876	0.18552054	-0.34023055	0.23518604	0.14512584	-0.14133346	-0.17328694	0.18078673	0.16972421	0.012366388	-0.47118628	0.145087	-0.32761967	-0.4073912	-0.32376796	0.10545337	0.057005133	1.0	0.26101822	-0.040970664	-0.15163887	-0.21105817	-0.18989109	0.31224984
-0.21054035	-0.07734958	0.1881419	-0.19705714	0.25615814	0.17001222	-0.23525731	-0.15363792	0.16317047	0.16929665	0.051681913	-0.23007804	0.21659257	-0.32219273	-0.36607927	-0.3752026	0.035494074	-0.07285107	0.26101822	0.9999999	0.005405312	-0.2892368	-0.37431875	-0.12260794	0.28587198
0.09695397	-0.35235894	0.042814746	-0.06898899	0.16938001	0.22885032	0.032614514	-0.30654943	0.2337869	-0.10391733	0.2934203	0.13083601	0.20592745	0.12982865	0.10044119	-0.17578354	-0.3651931	-0.5134228	-0.040970664	0.005405312	0.9999999	-0.23439005	-0.17916888	-0.35116398	0.023636721
-0.1738114	0.11678607	0.02402467	0.03519517	-0.2896154	-0.12488013	-0.072438255	0.1271331	-0.2064401	0.071105115	-0.14274971	-0.016508248	-0.48550543	-0.049462304	0.06258747	0.24154428	0.19780745	0.22896393	-0.15163887	-0.2892368	-0.23439005	1.0	0.19901814	0.1662304	-0.24167994
0.09525171	0.23304218	-0.20283619	0.21964994	-0.36634174	-0.3840474	0.1648384	0.2673145	-0.42339644	-0.07172624	-0.18029726	0.110122286	-0.4315676	0.09922595	0.13818468	0.29194105	0.052609377	0.13774732	-0.21105817	-0.37431875	-0.17916888	0.19901814	0.9999998	0.2788845	-0.19346605
0.08200306	0.2991486	-0.22531112	0.22486505	-0.3335575	-0.4287774	0.11156593	0.3094997	-0.44154042	-0.08042111	-0.34649986	0.038466256	-0.27924666	0.007952686	0.058549475	0.23779161	0.14469235	0.20738414	-0.18989109	-0.12260794	-0.35116398	0.1662304	0.2788845	0.99999976	-0.1603042
-0.23514304	-0.06322885	0.18950522	-0.34313545	0.2544862	0.15487283	-0.19830671	-0.16438092	0.17485136	0.17959514	-0.0055581317	-0.41634235	0.17055863	-0.2994481	-0.39869744	-0.35174298	0.07581717	0.005894298	0.31224984	0.28587198	0.023636721	-0.24167994	-0.19346605	-0.1603042	0.99999976
