1.0000001	-0.36965764	0.12585844	-0.14919324	-0.18725461	0.21697554	0.25246462	-0.25513443	0.2193734	0.25168684	-0.33623928	-0.41728023	-0.3706471	-0.35297322	-0.29359698	-0.2054415	-0.11707807	0.22605032	0.29170656	0.23487511	-0.19187766	0.13240154	0.1490569	-0.34553033	0.23175938
-0.36965764	1.0000002	-0.26974615	0.26354486	0.2724919	-0.3853255	-0.32976595	0.29631966	-0.30462766	-0.34773183	0.054602526	0.28942874	0.2680776	0.287896	0.23757201	0.30150372	0.2519481	-0.10999797	-0.3834579	-0.391842	0.28416255	-0.30455056	-0.28171575	0.3102391	-0.26377922
0.12585844	-0.26974615	1.0000002	-0.45650205	-0.4218759	0.21087685	0.25579512	-0.14627859	0.15706371	0.10069587	0.1131423	-0.2164374	-0.25339425	-0.23703872	-0.029792441	-0.17439084	-0.3379671	-0.12596151	0.20135543	0.21794236	-0.34806946	0.28574377	0.23456082	-0.37120402	0.23541315
-0.14919324	0.26354486	-0.45650205	1.0000002	0.30366087	-0.38826388	-0.27799326	0.20948951	-0.23322791	-0.23947737	-0.14622673	0.22928593	0.16947453	0.22940196	0.1904618	0.25415748	0.26640236	0.08103553	-0.2184164	-0.24253109	0.29109508	-0.36069882	-0.3022404	0.2550057	-0.4553709
-0.18725461	0.2724919	-0.4218759	0.30366087	1.0000002	-0.41130462	-0.40621585	0.20269774	-0.12389858	-0.23595506	-0.11166199	0.25929913	0.18837407	0.19432445	0.16164662	0.24777274	0.25477794	0.050883334	-0.21372297	-0.21669655	0.27519763	-0.41084787	-0.31841436	0.26858324	-0.27093443
0.21697554	-0.3853255	0.21087685	-0.38826388	-0.41130462	1.0000002	0.2536034	-0.26712114	0.24796101	0.28168148	-0.038043335	-0.28339162	-0.13988444	-0.22877496	-0.4414938	-0.29226157	-0.36020997	0.049581602	0.22993451	0.23114325	-0.2506272	0.26979694	0.28918532	-0.3272602	0.27857542
0.25246462	-0.32976595	0.25579512	-0.27799326	-0.40621585	0.2536034	1.0000004	-0.28678045	0.20177849	0.19263728	-0.06379414	-0.5016577	-0.33096087	-0.2330316	-0.13266273	-0.29420704	-0.23325941	0.08669136	0.2974708	0.27450663	-0.39860228	0.26256078	0.23693548	-0.4144582	0.27092144
-0.25513443	0.29631966	-0.14627859	0.20948951	0.20269774	-0.26712114	-0.28678045	1.0000005	-0.46748215	-0.32172874	0.124084674	0.2358815	0.2619506	0.30125925	0.23378202	0.29677275	0.2491442	-0.22797705	-0.3111639	-0.44193286	0.2807756	-0.33404487	-0.25762945	0.27687106	-0.30858102
0.2193734	-0.30462766	0.15706371	-0.23322791	-0.12389858	0.24796101	0.20177849	-0.46748215	1.0000005	0.26650715	-0.1453827	-0.1791602	-0.1765407	-0.45514658	-0.32331175	-0.31052318	-0.4259879	0.13209338	0.24654937	0.2580856	-0.33948287	0.23845878	0.26542893	-0.246551	0.2694463
0.25168684	-0.34773183	0.10069587	-0.23947737	-0.23595506	0.28168148	0.19263728	-0.32172874	0.26650715	1.0000004	-0.14546926	-0.22858506	-0.13744281	-0.36340815	-0.5568709	-0.4173309	-0.19562863	0.101251714	0.23222919	0.2196055	-0.18728048	0.19085683	0.25056663	-0.1981281	0.266137
-0.33623928	0.054602526	0.1131423	-0.14622673	-0.11166199	-0.038043335	-0.06379414	0.124084674	-0.1453827	-0.14546926	1.0000005	0.06621262	0.15211108	0.13341276	0.082547635	0.043624703	0.002231558	-0.67868435	-0.17206049	-0.07731299	-0.024473581	0.094299965	0.055105474	0.09199477	-0.019871691
-0.41728023	0.28942874	-0.2164374	0.22928593	0.25929913	-0.28339162	-0.5016577	0.2358815	-0.1791602	-0.22858506	0.06621262	1.0000004	0.26803604	0.25236395	0.17714134	0.25883573	0.18547045	-0.083531156	-0.4265935	-0.21350323	0.25538683	-0.20591833	-0.23921913	0.295911	-0.326187
-0.3706471	0.2680776	-0.25339425	0.16947453	0.18837407	-0.13988444	-0.33096087	0.2619506	-0.1765407	-0.13744281	0.15211108	0.26803604	1.0000001	0.25167	0.1061948	0.23239763	0.17436045	-0.2522538	-0.4062386	-0.4688264	0.24879903	-0.2089824	-0.16669822	0.30045196	-0.2729878
-0.35297322	0.287896	-0.23703872	0.22940196	0.19432445	-0.22877496	-0.2330316	0.30125925	-0.45514658	-0.36340815	0.13341276	0.25236395	0.25167	1.0000001	0.24214159	0.2790228	0.23141153	-0.2367075	-0.3577685	-0.27204245	0.26642954	-0.2246339	-0.27764857	0.27646175	-0.4161693
-0.29359698	0.23757201	-0.029792441	0.1904618	0.16164662	-0.4414938	-0.13266273	0.23378202	-0.32331175	-0.5568709	0.082547635	0.17714134	0.1061948	0.24214159	1.0000002	0.25761876	0.20363885	-0.0681341	-0.15441059	-0.1956824	0.18329084	-0.16972013	-0.36494815	0.16707566	-0.34113544
-0.2054415	0.30150372	-0.17439084	0.25415748	0.24777274	-0.29226157	-0.29420704	0.29677275	-0.31052318	-0.4173309	0.043624703	0.25883573	0.23239763	0.2790228	0.25761876	1.0000004	0.26858765	-0.06510726	-0.4051961	-0.38911527	0.28796157	-0.34273914	-0.41575378	0.27001646	-0.34658378
-0.11707807	0.2519481	-0.3379671	0.26640236	0.25477794	-0.36020997	-0.23325941	0.2491442	-0.4259879	-0.19562863	0.002231558	0.18547045	0.17436045	0.23141153	0.20363885	0.26858765	1.0000004	-0.002635406	-0.22787635	-0.24929148	0.2871058	-0.4592015	-0.5080249	0.24260485	-0.24005409
0.22605032	-0.10999797	-0.12596151	0.08103553	0.050883334	0.049581602	0.08669136	-0.22797705	0.13209338	0.101251714	-0.67868435	-0.083531156	-0.2522538	-0.2367075	-0.0681341	-0.06510726	-0.002635406	1.0000004	0.16222246	0.1221669	-0.02638198	-0.06298756	-0.04595402	-0.15817694	0.059142344
0.29170656	-0.3834579	0.20135543	-0.2184164	-0.21372297	0.22993451	0.2974708	-0.3111639	0.24654937	0.23222919	-0.17206049	-0.4265935	-0.4062386	-0.3577685	-0.15441059	-0.4051961	-0.22787635	0.16222246	1.0000006	0.29365927	-0.27944148	0.22002995	0.22085485	-0.41757503	0.26658383
0.23487511	-0.391842	0.21794236	-0.24253109	-0.21669655	0.23114325	0.27450663	-0.44193286	0.2580856	0.2196055	-0.07731299	-0.21350323	-0.4688264	-0.27204245	-0.1956824	-0.38911527	-0.24929148	0.1221669	0.29365927	1.0000005	-0.39907223	0.26413974	0.24217254	-0.37093827	0.272678
-0.19187766	0.28416255	-0.34806946	0.29109508	0.27519763	-0.2506272	-0.39860228	0.2807756	-0.33948287	-0.18728048	-0.024473581	0.25538683	0.24879903	0.26642954	0.18329084	0.28796157	0.2871058	-0.02638198	-0.27944148	-0.39907223	1.0000002	-0.4175134	-0.36220193	0.29251602	-0.41374752
0.13240154	-0.30455056	0.28574377	-0.36069882	-0.41084787	0.26979694	0.26256078	-0.33404487	0.23845878	0.19085683	0.094299965	-0.20591833	-0.2089824	-0.2246339	-0.16972013	-0.34273914	-0.4592015	-0.06298756	0.22002995	0.26413974	-0.4175134	1.0	0.30447316	-0.29898196	0.26986706
0.1490569	-0.28171575	0.23456082	-0.3022404	-0.31841436	0.28918532	0.23693548	-0.25762945	0.26542893	0.25056663	0.055105474	-0.23921913	-0.16669822	-0.27764857	-0.36494815	-0.41575378	-0.5080249	-0.04595402	0.22085485	0.24217254	-0.36220193	0.30447316	1.0000001	-0.23804735	0.27907544
-0.34553033	0.3102391	-0.37120402	0.2550057	0.26858324	-0.3272602	-0.4144582	0.27687106	-0.246551	-0.1981281	0.09199477	0.295911	0.30045196	0.27646175	0.16707566	0.27001646	0.24260485	-0.15817694	-0.41757503	-0.37093827	0.29251602	-0.29898196	-0.23804735	1.0	-0.30607203
0.23175938	-0.26377922	0.23541315	-0.4553709	-0.27093443	0.27857542	0.27092144	-0.30858102	0.2694463	0.266137	-0.019871691	-0.326187	-0.2729878	-0.4161693	-0.34113544	-0.34658378	-0.24005409	0.059142344	0.26658383	0.272678	-0.41374752	0.26986706	0.27907544	-0.30607203	1.0
