1.0000001	-0.19114953	-0.057468873	-0.36719513	0.29187337	-0.31142506	0.1847424	0.28010583	0.1264252	-0.16347672	-0.22530404	0.25079513	0.1167935	-0.36250126	-0.3064204	0.2718175	-0.49126518	-0.17585127	-0.024283867	0.11668822	0.13597088	-0.0726987	0.20659214	-0.53833115	0.2097508
-0.19114953	1.0000001	-0.17434783	0.08856715	-0.16822287	0.18138123	-0.124806836	-0.061542	-0.5910455	0.014342239	0.1172445	-0.23145698	0.08939538	0.1638717	0.23754472	-0.27196196	0.18660578	0.11411273	0.22481166	-0.28038266	-0.13433672	-0.054681562	-0.316889	0.18489914	-0.06643241
-0.057468873	-0.17434783	1.0	0.07664814	-0.119668044	0.0018327801	-0.10150142	-0.1939262	0.19565643	0.19779761	0.10733265	0.030441372	-0.37666366	0.036505185	-0.045956336	-0.107694894	0.076961234	0.14772731	-0.38527352	0.22560386	-0.18739153	0.17475592	0.036180068	0.058334477	-0.07338685
-0.36719513	0.08856715	0.07664814	0.9999999	-0.19928534	0.29042655	-0.35437456	-0.38023683	-0.0048770523	0.20623381	0.25655898	-0.35591933	-0.21772915	0.26616177	0.2047009	-0.34920865	0.24121751	0.23875432	0.0008894644	-0.0701522	-0.21180597	0.20943113	-0.34227556	0.2654144	-0.39288256
0.29187337	-0.16822287	-0.119668044	-0.19928534	0.99999994	-0.34023422	0.20099536	0.28699708	0.105801895	-0.32665524	-0.35477936	0.21152534	0.17544763	-0.44676307	-0.3190892	0.291131	-0.41564718	-0.27494612	-0.04986214	0.09698407	0.22809866	-0.12664704	0.23986827	-0.41241634	0.24603127
-0.31142506	0.18138123	0.0018327801	0.29042655	-0.34023422	1.0	-0.19033304	-0.335777	-0.09491087	0.21377915	0.25311482	-0.42787877	-0.19166768	0.3013414	0.259631	-0.37389573	0.2685802	0.20779449	0.120903514	-0.1947996	-0.26069543	0.16218361	-0.4494324	0.27205467	-0.29027057
0.1847424	-0.124806836	-0.10150142	-0.35437456	0.20099536	-0.19033304	1.0000001	0.19017698	-0.043623857	-0.20353122	-0.4560134	0.1479629	0.22112064	-0.19874905	-0.15871876	0.271725	-0.1804873	-0.51715076	0.016862487	0.041389	0.27946404	-0.4364433	0.21366787	-0.24392909	0.28091377
0.28010583	-0.061542	-0.1939262	-0.38023683	0.28699708	-0.335777	0.19017698	0.99999994	-0.011420106	-0.38678145	-0.26243865	0.16580968	0.2031441	-0.28113037	-0.29613534	0.2542827	-0.377865	-0.19564644	0.07178378	-0.024503393	0.1930424	-0.1034871	0.18491574	-0.3688086	0.23384555
0.1264252	-0.5910455	0.19565643	-0.0048770523	0.105801895	-0.09491087	-0.043623857	-0.011420106	1.0	0.0457448	-0.005154126	0.19015855	-0.19722675	-0.08970262	-0.28388143	0.1030478	-0.22938196	-0.021466782	-0.34620574	0.2592027	-0.008185194	0.12912832	0.13799967	-0.17033075	-0.013557203
-0.16347672	0.014342239	0.19779761	0.20623381	-0.32665524	0.21377915	-0.20353122	-0.38678145	0.0457448	1.0	0.27204868	-0.07301934	-0.49236956	0.24683781	0.17782527	-0.24431267	0.17177019	0.24742919	-0.02577257	-0.03446668	-0.42419016	0.24540879	-0.24663986	0.17104721	-0.26943904
-0.22530404	0.1172445	0.10733265	0.25655898	-0.35477936	0.25311482	-0.4560134	-0.26243865	-0.005154126	0.27204868	1.0	-0.13612571	-0.22797464	0.27815983	0.22320038	-0.33191556	0.18526486	0.3091877	0.014854014	-0.08928243	-0.45916605	0.2629101	-0.35686812	0.21691096	-0.35836506
0.25079513	-0.23145698	0.030441372	-0.35591933	0.21152534	-0.42787877	0.1479629	0.16580968	0.19015855	-0.07301934	-0.13612571	0.99999994	0.061383698	-0.23771864	-0.30314076	0.23089413	-0.39840308	-0.13051835	-0.34276563	0.24162197	0.12265537	-0.114827186	0.25475696	-0.3297058	0.18666267
0.1167935	0.08939538	-0.37666366	-0.21772915	0.17544763	-0.19166768	0.22112064	0.2031441	-0.19722675	-0.49236956	-0.22797464	0.061383698	0.9999998	-0.21617743	-0.043187086	0.1760448	-0.13663395	-0.27290124	0.09356346	-0.059985477	0.25605106	-0.45310995	0.14150679	-0.1335606	0.22194697
-0.36250126	0.1638717	0.036505185	0.26616177	-0.44676307	0.3013414	-0.19874905	-0.28113037	-0.08970262	0.24683781	0.27815983	-0.23771864	-0.21617743	0.9999997	0.2780818	-0.41263497	0.25485104	0.24551348	0.10010642	-0.18403602	-0.24945611	0.17853634	-0.3641694	0.28114626	-0.41430458
-0.3064204	0.23754472	-0.045956336	0.2047009	-0.3190892	0.259631	-0.15871876	-0.29613534	-0.28388143	0.17782527	0.22320038	-0.30314076	-0.043187086	0.2780818	0.99999976	-0.27928326	0.25605068	0.17966351	0.17086037	-0.35690248	-0.22869976	0.09180832	-0.25149038	0.2688936	-0.32717568
0.2718175	-0.27196196	-0.107694894	-0.34920865	0.291131	-0.37389573	0.271725	0.2542827	0.1030478	-0.24431267	-0.33191556	0.23089413	0.1760448	-0.41263497	-0.27928326	0.99999976	-0.2828195	-0.42422685	-0.044777155	0.10821476	0.26595348	-0.22902459	0.27724597	-0.34022662	0.2858329
-0.49126518	0.18660578	0.076961234	0.24121751	-0.41564718	0.2685802	-0.1804873	-0.377865	-0.22938196	0.17177019	0.18526486	-0.39840308	-0.13663395	0.25485104	0.25605068	-0.2828195	0.99999994	0.15664226	0.08832282	-0.17276855	-0.11081645	0.07508356	-0.22527052	0.31381896	-0.13579059
-0.17585127	0.11411273	0.14772731	0.23875432	-0.27494612	0.20779449	-0.51715076	-0.19564644	-0.021466782	0.24742919	0.3091877	-0.13051835	-0.27290124	0.24551348	0.17966351	-0.42422685	0.15664226	0.9999999	0.0046635047	-0.019047562	-0.4411098	0.28034788	-0.23163581	0.19449744	-0.3776137
-0.024283867	0.22481166	-0.38527352	0.0008894644	-0.04986214	0.120903514	0.016862487	0.07178378	-0.34620574	-0.02577257	0.014854014	-0.34276563	0.09356346	0.10010642	0.17086037	-0.044777155	0.08832282	0.0046635047	0.99999976	-0.5491649	-0.021104189	-0.029873684	-0.26105803	0.044579737	-0.04947631
0.11668822	-0.28038266	0.22560386	-0.0701522	0.09698407	-0.1947996	0.041389	-0.024503393	0.2592027	-0.03446668	-0.08928243	0.24162197	-0.059985477	-0.18403602	-0.35690248	0.10821476	-0.17276855	-0.019047562	-0.5491649	0.9999995	0.05022882	0.016360505	0.20814437	-0.14801945	0.061494675
0.13597088	-0.13433672	-0.18739153	-0.21180597	0.22809866	-0.26069543	0.27946404	0.1930424	-0.008185194	-0.42419016	-0.45916605	0.12265537	0.25605106	-0.24945611	-0.22869976	0.26595348	-0.11081645	-0.4411098	-0.021104189	0.05022882	0.99999934	-0.4107025	0.24772227	-0.13147219	0.27915868
-0.0726987	-0.054681562	0.17475592	0.20943113	-0.12664704	0.16218361	-0.4364433	-0.1034871	0.12912832	0.24540879	0.2629101	-0.114827186	-0.45310995	0.17853634	0.09180832	-0.22902459	0.07508356	0.28034788	-0.029873684	0.016360505	-0.4107025	0.999999	-0.23411012	0.10406031	-0.3970343
0.20659214	-0.316889	0.036180068	-0.34227556	0.23986827	-0.4494324	0.21366787	0.18491574	0.13799967	-0.24663986	-0.35686812	0.25475696	0.14150679	-0.3641694	-0.25149038	0.27724597	-0.22527052	-0.23163581	-0.26105803	0.20814437	0.24772227	-0.23411012	0.99999887	-0.1776119	0.2529698
-0.53833115	0.18489914	0.058334477	0.2654144	-0.41241634	0.27205467	-0.24392909	-0.3688086	-0.17033075	0.17104721	0.21691096	-0.3297058	-0.1335606	0.28114626	0.2688936	-0.34022662	0.31381896	0.19449744	0.044579737	-0.14801945	-0.13147219	0.10406031	-0.1776119	0.99999887	-0.27044484
0.2097508	-0.06643241	-0.07338685	-0.39288256	0.24603127	-0.29027057	0.28091377	0.23384555	-0.013557203	-0.26943904	-0.35836506	0.18666267	0.22194697	-0.41430458	-0.32717568	0.2858329	-0.13579059	-0.3776137	-0.04947631	0.061494675	0.27915868	-0.3970343	0.2529698	-0.27044484	0.99999887
