1.0000001	0.08484938	-0.13820529	0.08356361	0.018364957	-0.12359661	0.21223322	-0.22299077	-0.10993368	-0.072289415	0.041881092	-0.38619283	0.19187625	-0.00970687	0.02420897	0.24913836	0.04165683	-0.6624537	-0.31526253	-0.020989876	0.020102175	-0.032886907	0.1343612	0.1760572	0.13588831
0.08484938	1.0000001	-0.22686143	0.28948185	0.049443748	-0.28193873	0.12883796	-0.3440124	0.02838245	-0.22978951	0.005731944	-0.13204297	0.2530058	-0.268328	-0.24822827	0.22072375	0.11234291	-0.17095584	-0.19592221	0.23284438	-0.45102057	-0.23123823	0.27512673	0.069864824	0.13272327
-0.13820529	-0.22686143	1.0	-0.109571084	-0.3032254	0.20525295	-0.38750377	0.30368263	0.17321983	0.25857368	-0.2826352	0.26034743	-0.31467313	-0.019682812	0.020132469	-0.363813	0.053749815	0.16505809	0.27182505	-0.016118487	0.047118895	0.034368835	-0.1790223	-0.34946185	-0.33137614
0.08356361	0.28948185	-0.109571084	0.9999998	-0.08000943	-0.22732385	0.007936557	-0.20334454	0.117393754	-0.043859497	-0.090276	-0.112200774	0.2490752	-0.36863014	-0.43277392	0.18767348	0.22985691	-0.18165079	-0.1918079	0.2854372	-0.41179496	-0.32646275	0.29374912	-0.07943425	0.08015522
0.018364957	0.049443748	-0.3032254	-0.08000943	0.9999996	-0.08243651	0.20115153	-0.2722039	-0.38944125	-0.47331095	0.282578	-0.08388722	0.04805572	0.17577885	0.12394902	0.08246883	-0.40661478	-0.014851042	-0.11757793	-0.20786405	0.121266864	0.16068035	-0.052336764	0.2185122	0.17141542
-0.12359661	-0.28193873	0.20525295	-0.22732385	-0.08243651	0.9999996	-0.34897983	0.25373122	0.020848269	0.10957911	0.0050514946	0.19996087	-0.23925537	0.01289145	-0.019942636	-0.17628314	0.023555258	0.13999102	0.24540257	-0.18543486	0.1277865	0.17155805	-0.25903803	-0.1776061	-0.54381406
0.21223322	0.12883796	-0.38750377	0.007936557	0.20115153	-0.34897983	0.9999996	-0.39424306	-0.14427015	-0.18102694	0.11763104	-0.3539314	0.17203471	0.09812161	0.09814417	0.23442237	-0.19875896	-0.24446428	-0.34841418	-0.0501312	0.02218946	0.03024494	0.11016597	0.28258076	0.27671137
-0.22299077	-0.3440124	0.30368263	-0.20334454	-0.2722039	0.25373122	-0.39424306	0.9999997	0.12741275	0.22328661	-0.11522474	0.25040942	-0.23681355	0.0017596359	0.043922104	-0.34038508	0.023376573	0.21292168	0.28791437	-0.060684133	0.09277776	0.08049598	-0.255823	-0.32659775	-0.35866457
-0.10993368	0.02838245	0.17321983	0.117393754	-0.38944125	0.020848269	-0.14427015	0.12741275	0.9999996	0.2247494	-0.52279544	0.10305691	-0.06360948	-0.31858215	-0.32195824	-0.044179216	0.22471224	0.0175956	0.10549429	0.23430488	-0.22190583	-0.2239686	0.13068931	-0.17158444	-0.16510378
-0.072289415	-0.22978951	0.25857368	-0.043859497	-0.47331095	0.10957911	-0.18102694	0.22328661	0.2247494	0.9999997	-0.46641675	0.16202141	-0.14856729	-0.07241415	-0.008696893	-0.22620977	0.15993978	0.10309952	0.15844156	0.063546784	-0.04262519	-0.19740161	-0.067853846	-0.27677462	-0.14561546
0.041881092	0.005731944	-0.2826352	-0.090276	0.282578	0.0050514946	0.11763104	-0.11522474	-0.52279544	-0.46641675	0.99999976	-0.14389706	0.036356185	0.16773927	0.13220416	0.08003021	-0.2229695	-0.026163617	-0.052347377	-0.2431281	0.14835203	0.21655472	-0.15372385	0.17159523	0.08811033
-0.38619283	-0.13204297	0.26034743	-0.112200774	-0.08388722	0.19996087	-0.3539314	0.25040942	0.10305691	0.16202141	-0.14389706	0.9999998	-0.449595	0.014923841	0.04614052	-0.4308486	-0.06293816	0.2530448	0.30508152	-0.06348174	0.06317018	0.034915045	-0.21297273	-0.15837511	-0.30725703
0.19187625	0.2530058	-0.31467313	0.2490752	0.04805572	-0.23925537	0.17203471	-0.23681355	-0.06360948	-0.14856729	0.036356185	-0.449595	0.9999998	-0.24756679	-0.19412507	0.29364625	0.15065242	-0.25110677	-0.40022963	0.1787704	-0.258451	-0.16823892	0.26854396	0.09340943	0.17486255
-0.00970687	-0.268328	-0.019682812	-0.36863014	0.17577885	0.01289145	0.09812161	0.0017596359	-0.31858215	-0.07241415	0.16773927	0.014923841	-0.24756679	0.9999998	0.30875415	-0.091189586	-0.37896356	0.09728561	0.04227704	-0.3335923	0.28102604	0.25153795	-0.38155404	0.14099641	0.08663479
0.02420897	-0.24822827	0.020132469	-0.43277392	0.12394902	-0.019942636	0.09814417	0.043922104	-0.32195824	-0.008696893	0.13220416	0.04614052	-0.19412507	0.30875415	0.99999994	-0.10521228	-0.3101827	0.058699112	0.0021861368	-0.41732845	0.28428084	0.2153182	-0.30446878	0.12649812	0.08543245
0.24913836	0.22072375	-0.363813	0.18767348	0.08246883	-0.17628314	0.23442237	-0.34038508	-0.044179216	-0.22620977	0.08003021	-0.4308486	0.29364625	-0.091189586	-0.10521228	1.0	0.08442639	-0.39366856	-0.46019638	0.11816797	-0.17996056	-0.12194082	0.2256644	0.18927819	0.19900267
0.04165683	0.11234291	0.053749815	0.22985691	-0.40661478	0.023555258	-0.19875896	0.023376573	0.22471224	0.15993978	-0.2229695	-0.06293816	0.15065242	-0.37896356	-0.3101827	0.08442639	1.0	-0.05213198	-0.066433765	0.23954761	-0.26170138	-0.3460604	0.18746461	-0.25040326	-0.129413
-0.6624537	-0.17095584	0.16505809	-0.18165079	-0.014851042	0.13999102	-0.24446428	0.21292168	0.0175956	0.10309952	-0.026163617	0.2530448	-0.25110677	0.09728561	0.058699112	-0.39366856	-0.05213198	0.9999998	0.25851345	-0.107868284	0.06888075	0.080124654	-0.23281829	-0.22444311	-0.08983599
-0.31526253	-0.19592221	0.27182505	-0.1918079	-0.11757793	0.24540257	-0.34841418	0.28791437	0.10549429	0.15844156	-0.052347377	0.30508152	-0.40022963	0.04227704	0.0021861368	-0.46019638	-0.066433765	0.25851345	0.99999994	-0.08076901	0.07851673	0.096891314	-0.26881915	-0.25359502	-0.32879478
-0.020989876	0.23284438	-0.016118487	0.2854372	-0.20786405	-0.18543486	-0.0501312	-0.060684133	0.23430488	0.063546784	-0.2431281	-0.06348174	0.1787704	-0.3335923	-0.41732845	0.11816797	0.23954761	-0.107868284	-0.08076901	1.0000002	-0.49841973	-0.37762558	0.26775858	-0.03199954	0.005204276
0.020102175	-0.45102057	0.047118895	-0.41179496	0.121266864	0.1277865	0.02218946	0.09277776	-0.22190583	-0.04262519	0.14835203	0.06317018	-0.258451	0.28102604	0.28428084	-0.17996056	-0.26170138	0.06888075	0.07851673	-0.49841973	1.0	0.26083466	-0.26257592	0.0657189	-0.0046831737
-0.032886907	-0.23123823	0.034368835	-0.32646275	0.16068035	0.17155805	0.03024494	0.08049598	-0.2239686	-0.19740161	0.21655472	0.034915045	-0.16823892	0.25153795	0.2153182	-0.12194082	-0.3460604	0.080124654	0.096891314	-0.37762558	0.26083466	0.9999999	-0.39122888	0.06814492	-0.1607189
0.1343612	0.27512673	-0.1790223	0.29374912	-0.052336764	-0.25903803	0.11016597	-0.255823	0.13068931	-0.067853846	-0.15372385	-0.21297273	0.26854396	-0.38155404	-0.30446878	0.2256644	0.18746461	-0.23281829	-0.26881915	0.26775858	-0.26257592	-0.39122888	0.9999996	0.05744213	0.1241206
0.1760572	0.069864824	-0.34946185	-0.07943425	0.2185122	-0.1776061	0.28258076	-0.32659775	-0.17158444	-0.27677462	0.17159523	-0.15837511	0.09340943	0.14099641	0.12649812	0.18927819	-0.25040326	-0.22444311	-0.25359502	-0.03199954	0.0657189	0.06814492	0.05744213	0.9999996	0.19238509
0.13588831	0.13272327	-0.33137614	0.08015522	0.17141542	-0.54381406	0.27671137	-0.35866457	-0.16510378	-0.14561546	0.08811033	-0.30725703	0.17486255	0.08663479	0.08543245	0.19900267	-0.129413	-0.08983599	-0.32879478	0.005204276	-0.0046831737	-0.1607189	0.1241206	0.19238509	0.9999996
