1.0000001	0.102935016	0.18669143	-0.19070004	-0.071413204	-0.0010719495	0.12949558	0.08223906	0.28564474	-0.0015464118	-0.07181043	-0.2930446	-0.48143464	0.20893972	-0.08802174	-0.091675416	0.2928313	-0.13590561	0.18151195	-0.27861786	-0.29968148	-0.45107073	-0.19204026	0.19015226	-0.12339022
0.102935016	1.0000001	-0.039942183	0.22814086	0.26866615	-0.39344844	-0.20397124	-0.2626621	0.20722637	-0.38501588	-0.30202222	0.15821418	-0.1629233	0.24007393	-0.49680126	0.21059778	0.088094115	0.17433152	-0.2463031	0.036414266	0.07986655	-0.14348605	0.13360812	-0.14019437	0.17664498
0.18669143	-0.039942183	1.0000001	-0.05701446	-0.22230768	0.06558658	0.25286335	0.19259512	0.11582778	0.10187651	0.16260321	-0.21196695	-0.18446465	0.017157953	0.12448963	-0.37074968	0.20172684	-0.27041745	0.2650851	-0.45793167	-0.38506162	-0.22473486	-0.51923496	0.21582055	-0.12854119
-0.19070004	0.22814086	-0.05701446	1.0000001	0.26574546	-0.48424822	-0.30056867	-0.33593374	-0.027900154	-0.29287907	-0.119891204	0.24778792	0.07430095	0.08953599	-0.34330204	0.24169269	-0.09835878	0.21754141	-0.28234097	0.18193801	0.17903253	0.10877965	0.14860658	-0.29549596	0.26052454
-0.071413204	0.26866615	-0.22230768	0.26574546	0.9999999	-0.37180582	-0.25934634	-0.33576873	0.04339804	-0.36705026	-0.41882247	0.2681368	0.051521685	0.12550065	-0.36085272	0.2787033	-0.0873367	0.28715593	-0.37801784	0.18756327	0.2380354	0.049218655	0.25071687	-0.2997835	0.22740774
-0.0010719495	-0.39344844	0.06558658	-0.48424822	-0.37180582	0.99999976	0.23565161	0.27543336	-0.18437345	0.28112316	0.19508699	-0.22037464	0.07881517	-0.2781166	0.2708065	-0.30547604	-0.03135755	-0.15297098	0.19937952	-0.11225088	-0.12554106	0.04354507	-0.09771682	0.18445235	-0.35135025
0.12949558	-0.20397124	0.25286335	-0.30056867	-0.25934634	0.23565161	0.99999976	0.30149147	0.02703217	0.23132119	0.19688506	-0.18101293	-0.09777707	-0.1701008	0.19510634	-0.45710874	0.10472457	-0.2722055	0.27480736	-0.37023962	-0.3505965	-0.14136855	-0.30888203	0.26723787	-0.3895021
0.08223906	-0.2626621	0.19259512	-0.33593374	-0.33576873	0.27543336	0.30149147	0.99999994	-0.058460902	0.27003348	0.24009827	-0.28686005	-0.036041267	-0.23756641	0.24379426	-0.43862408	0.040673394	-0.3081709	0.27250445	-0.20879507	-0.3854517	-0.07647654	-0.1900859	0.27349442	-0.3405089
0.28564474	0.20722637	0.11582778	-0.027900154	0.04339804	-0.18437345	0.02703217	-0.058460902	0.9999999	-0.10686842	-0.20349672	-0.08347725	-0.47530907	0.27832225	-0.19912668	0.023682823	0.2690404	-0.09768555	0.061264127	-0.2878615	-0.12661707	-0.44838327	-0.08016732	0.11038182	-0.025528101
-0.0015464118	-0.38501588	0.10187651	-0.29287907	-0.36705026	0.28112316	0.23132119	0.27003348	-0.10686842	0.9999999	0.23400836	-0.34292668	6.79955e-5	-0.17154764	0.2702576	-0.29879308	-0.010961513	-0.30510533	0.20383416	-0.07619521	-0.10008475	-7.625941e-5	-0.227532	0.23885536	-0.44016665
-0.07181043	-0.30202222	0.16260321	-0.119891204	-0.41882247	0.19508699	0.19688506	0.24009827	-0.20349672	0.23400836	0.99999994	-0.19126435	0.027705481	-0.26536348	0.27371916	-0.19272083	-0.0798393	-0.39222318	0.19631173	-0.1316764	-0.2680997	0.09471155	-0.2699853	0.16810389	-0.10986327
-0.2930446	0.15821418	-0.21196695	0.24778792	0.2681368	-0.22037464	-0.18101293	-0.28686005	-0.08347725	-0.34292668	-0.19126435	0.9999998	0.1578478	-0.02294597	-0.25392005	0.23484582	-0.38354945	0.27861184	-0.3296964	0.23682788	0.23696913	0.18391067	0.26047707	-0.36677617	0.21438226
-0.48143464	-0.1629233	-0.18446465	0.07430095	0.051521685	0.07881517	-0.09777707	-0.036041267	-0.47530907	6.79955e-5	0.027705481	0.1578478	0.9999998	-0.40395722	0.07648496	0.048886973	-0.32702464	0.14767042	-0.1643053	0.23748916	0.19233671	0.31351462	0.1723032	-0.17205992	0.018679453
0.20893972	0.24007393	0.017157953	0.08953599	0.12550065	-0.2781166	-0.1701008	-0.23756641	0.27832225	-0.17154764	-0.26536348	-0.02294597	-0.40395722	0.9999998	-0.22938274	0.13586202	0.22208107	0.041771185	-0.022268407	-0.10911189	-0.022532346	-0.34157193	-0.060923617	-0.012408115	0.15000115
-0.08802174	-0.49680126	0.12448963	-0.34330204	-0.36085272	0.2708065	0.19510634	0.24379426	-0.19912668	0.2702576	0.27371916	-0.25392005	0.07648496	-0.22938274	0.99999994	-0.24058598	-0.07448872	-0.25029892	0.21129106	-0.12970383	-0.112686835	0.0735505	-0.26677588	0.17082404	-0.12218413
-0.091675416	0.21059778	-0.37074968	0.24169269	0.2787033	-0.30547604	-0.45710874	-0.43862408	0.023682823	-0.29879308	-0.19272083	0.23484582	0.048886973	0.13586202	-0.24058598	1.0000001	-0.10352169	0.24399802	-0.41759077	0.22535461	0.2643852	0.09438975	0.24927069	-0.292476	0.2459593
0.2928313	0.088094115	0.20172684	-0.09835878	-0.0873367	-0.03135755	0.10472457	0.040673394	0.2690404	-0.010961513	-0.0798393	-0.38354945	-0.32702464	0.22208107	-0.07448872	-0.10352169	1.0	-0.21118872	0.18473054	-0.3695029	-0.17956103	-0.3666042	-0.27486888	0.19127996	-0.07333858
-0.13590561	0.17433152	-0.27041745	0.21754141	0.28715593	-0.15297098	-0.2722055	-0.3081709	-0.09768555	-0.30510533	-0.39222318	0.27861184	0.14767042	0.041771185	-0.25029892	0.24399802	-0.21118872	0.9999998	-0.2763228	0.24696831	0.26940486	0.11593517	0.2666954	-0.48975384	0.23078154
0.18151195	-0.2463031	0.2650851	-0.28234097	-0.37801784	0.19937952	0.27480736	0.27250445	0.061264127	0.20383416	0.19631173	-0.3296964	-0.1643053	-0.022268407	0.21129106	-0.41759077	0.18473054	-0.2763228	0.99999976	-0.30240238	-0.4092869	-0.23655745	-0.3779406	0.26173943	-0.13769242
-0.27861786	0.036414266	-0.45793167	0.18193801	0.18756327	-0.11225088	-0.37023962	-0.20879507	-0.2878615	-0.07619521	-0.1316764	0.23682788	0.23748916	-0.10911189	-0.12970383	0.22535461	-0.3695029	0.24696831	-0.30240238	0.9999999	0.2814758	0.25361282	0.28374627	-0.2626077	0.15869784
-0.29968148	0.07986655	-0.38506162	0.17903253	0.2380354	-0.12554106	-0.3505965	-0.3854517	-0.12661707	-0.10008475	-0.2680997	0.23696913	0.19233671	-0.022532346	-0.112686835	0.2643852	-0.17956103	0.26940486	-0.4092869	0.2814758	0.99999976	0.20023437	0.27252954	-0.35643452	0.17299432
-0.45107073	-0.14348605	-0.22473486	0.10877965	0.049218655	0.04354507	-0.14136855	-0.07647654	-0.44838327	-7.625941e-5	0.09471155	0.18391067	0.31351462	-0.34157193	0.0735505	0.09438975	-0.3666042	0.11593517	-0.23655745	0.25361282	0.20023437	0.9999999	0.16572769	-0.20607102	0.060977556
-0.19204026	0.13360812	-0.51923496	0.14860658	0.25071687	-0.09771682	-0.30888203	-0.1900859	-0.08016732	-0.227532	-0.2699853	0.26047707	0.1723032	-0.060923617	-0.26677588	0.24927069	-0.27486888	0.2666954	-0.3779406	0.28374627	0.27252954	0.16572769	1.0	-0.24245355	0.13365844
0.19015226	-0.14019437	0.21582055	-0.29549596	-0.2997835	0.18445235	0.26723787	0.27349442	0.11038182	0.23885536	0.16810389	-0.36677617	-0.17205992	-0.012408115	0.17082404	-0.292476	0.19127996	-0.48975384	0.26173943	-0.2626077	-0.35643452	-0.20607102	-0.24245355	0.9999999	-0.42569196
-0.12339022	0.17664498	-0.12854119	0.26052454	0.22740774	-0.35135025	-0.3895021	-0.3405089	-0.025528101	-0.44016665	-0.10986327	0.21438226	0.018679453	0.15000115	-0.12218413	0.2459593	-0.07333858	0.23078154	-0.13769242	0.15869784	0.17299432	0.060977556	0.13365844	-0.42569196	0.9999999
