1.0	-0.25802878	0.20978656	0.03754806	0.05068285	-0.4744103	-0.09614717	0.16739938	0.26500085	-0.04485291	0.19884846	0.2277575	0.23469706	-0.017002735	-0.3186235	0.007221584	-0.27675334	0.032292824	0.024484342	0.07071748	-0.012416208	-0.42305335	0.032677665	-0.3818409	-0.2752263
-0.25802878	1.0000001	-0.23774101	-0.25154608	0.058773104	0.22184296	-0.225749	-0.56809545	-0.25544217	0.23223113	-0.14855884	-0.26461232	-0.2444699	0.17238529	0.1650591	0.13615958	0.16045138	0.13678525	-0.10708345	-0.1892447	0.03609884	0.17482413	-0.054250915	0.28627545	0.26846594
0.20978656	-0.23774101	1.0000004	0.21179748	-0.25034776	-0.37341478	0.08492382	0.16334613	0.26014575	-0.19008866	0.24781878	0.29211134	0.31852284	-0.28815296	-0.32105953	-0.2572531	-0.38128716	-0.17280503	0.26095343	0.26285744	-0.22153817	-0.3648643	0.23108587	-0.29798073	-0.40067956
0.03754806	-0.25154608	0.21179748	1.0000004	-0.12293733	-0.21150282	0.04351475	0.15063831	0.12791146	-0.3661658	0.21710409	0.20809698	0.2107326	-0.12965909	-0.12319834	-0.5364385	-0.22380224	-0.13091439	0.20569834	0.23836762	-0.434977	-0.071529284	0.23128645	-0.2541344	-0.25763267
0.05068285	0.058773104	-0.25034776	-0.12293733	1.0000001	0.11323312	-0.34124196	0.02668612	-0.044047497	0.16928586	-0.015516851	-0.038548946	-0.20523313	0.26207498	-0.009526543	0.19473797	0.028801195	0.2648138	-0.50742877	-0.3039009	0.11956877	0.046114374	-0.286108	0.046243552	0.11307863
-0.4744103	0.22184296	-0.37341478	-0.21150282	0.11323312	1.0000001	-0.016932072	-0.2025793	-0.25078022	0.18833455	-0.29121974	-0.36859894	-0.40364692	0.15644784	0.26738703	0.18318976	0.2732872	0.09244104	-0.276754	-0.23304205	0.16539034	0.28659272	-0.20850484	0.27405247	0.30299577
-0.09614717	-0.225749	0.08492382	0.04351475	-0.34124196	-0.016932072	1.0000002	0.159055	-0.13251127	-0.27520993	0.033721022	0.0354968	0.03426886	-0.44089016	0.08842853	-0.06965636	0.08579462	-0.46993908	0.1601715	0.19659196	0.006598531	0.011791073	0.14890854	-0.14101635	-0.12363133
0.16739938	-0.56809545	0.16334613	0.15063831	0.02668612	-0.2025793	0.159055	1.0000001	0.14142492	-0.36221525	0.15182798	0.18997256	0.17249098	-0.19042769	-0.1348526	-0.09623919	-0.12389263	-0.12924765	0.06280177	0.1404258	0.004654834	-0.13703337	0.049775302	-0.41872808	-0.3594864
0.26500085	-0.25544217	0.26014575	0.12791146	-0.044047497	-0.25078022	-0.13251127	0.14142492	1.0	-0.07080179	0.21765563	0.261462	0.28507286	-0.06532346	-0.48877987	-0.13505974	-0.47439674	0.05360945	0.12266657	0.123032756	-0.11801616	-0.4419353	0.092324235	-0.27463943	-0.23630206
-0.04485291	0.23223113	-0.19008866	-0.3661658	0.16928586	0.18833455	-0.27520993	-0.36221525	-0.07080179	1.0000001	-0.2615346	-0.24786483	-0.20424029	0.26819256	0.10564711	0.24745207	0.11236032	0.24169992	-0.2833235	-0.26798713	0.20757778	0.10629673	-0.38655972	0.23213488	0.25676033
0.19884846	-0.14855884	0.24781878	0.21710409	-0.015516851	-0.29121974	0.033721022	0.15182798	0.21765563	-0.2615346	1.0000001	0.29138932	0.24359088	-0.18567127	-0.38832244	-0.24392341	-0.17009954	-0.055032656	0.13221976	0.20823424	-0.38675252	-0.38783753	0.19768243	-0.4122505	-0.33819324
0.2277575	-0.26461232	0.29211134	0.20809698	-0.038548946	-0.36859894	0.0354968	0.18997256	0.261462	-0.24786483	0.29138932	1.0000001	0.29045403	-0.20174883	-0.39086923	-0.18757308	-0.36163488	-0.092721775	0.17393981	0.2188413	-0.3200615	-0.40291613	0.19286741	-0.24106944	-0.4210048
0.23469706	-0.2444699	0.31852284	0.2107326	-0.20523313	-0.40364692	0.03426886	0.17249098	0.28507286	-0.20424029	0.24359088	0.29045403	1.0	-0.17666444	-0.37709177	-0.26809394	-0.45575526	-0.06749872	0.2351054	0.22297631	-0.16076218	-0.3414261	0.17962725	-0.30312455	-0.39008752
-0.017002735	0.17238529	-0.28815296	-0.12965909	0.26207498	0.15644784	-0.44089016	-0.19042769	-0.06532346	0.26819256	-0.18567127	-0.20174883	-0.17666444	0.99999994	0.06759489	0.21052979	0.09123528	0.30127877	-0.3463214	-0.44552353	0.15708314	0.12573527	-0.35364753	0.17873323	0.21309565
-0.3186235	0.1650591	-0.32105953	-0.12319834	-0.009526543	0.26738703	0.08842853	-0.1348526	-0.48877987	0.10564711	-0.38832244	-0.39086923	-0.37709177	0.06759489	1.0	0.13046336	0.29710796	-0.07991876	-0.13882364	-0.16572206	0.13856982	0.30933917	-0.07051894	0.23341703	0.25127277
0.007221584	0.13615958	-0.2572531	-0.5364385	0.19473797	0.18318976	-0.06965636	-0.09623919	-0.13505974	0.24745207	-0.24392341	-0.18757308	-0.26809394	0.21052979	0.13046336	0.99999994	0.17888443	0.17040768	-0.4078654	-0.41299084	0.26083574	0.09546704	-0.2577398	0.16608445	0.21610093
-0.27675334	0.16045138	-0.38128716	-0.22380224	0.028801195	0.2732872	0.08579462	-0.12389263	-0.47439674	0.11236032	-0.17009954	-0.36163488	-0.45575526	0.09123528	0.29710796	0.17888443	0.9999999	-0.025367783	-0.23026426	-0.17034502	0.148922	0.2753452	-0.14469758	0.2034973	0.25328866
0.032292824	0.13678525	-0.17280503	-0.13091439	0.2648138	0.09244104	-0.46993908	-0.12924765	0.05360945	0.24169992	-0.055032656	-0.092721775	-0.06749872	0.30127877	-0.07991876	0.17040768	-0.025367783	1.0	-0.2551217	-0.40008438	0.12649177	0.0118543375	-0.3782698	0.11491681	0.14140138
0.024484342	-0.10708345	0.26095343	0.20569834	-0.50742877	-0.276754	0.1601715	0.06280177	0.12266657	-0.2833235	0.13221976	0.17393981	0.2351054	-0.3463214	-0.13882364	-0.4078654	-0.23026426	-0.2551217	1.0	0.28160614	-0.15848035	-0.12628244	0.25645667	-0.10262401	-0.24933186
0.07071748	-0.1892447	0.26285744	0.23836762	-0.3039009	-0.23304205	0.19659196	0.1404258	0.123032756	-0.26798713	0.20823424	0.2188413	0.22297631	-0.44552353	-0.16572206	-0.41299084	-0.17034502	-0.40008438	0.28160614	1.0	-0.32122007	-0.16156247	0.28787437	-0.23356497	-0.24664089
-0.012416208	0.03609884	-0.22153817	-0.434977	0.11956877	0.16539034	0.006598531	0.004654834	-0.11801616	0.20757778	-0.38675252	-0.3200615	-0.16076218	0.15708314	0.13856982	0.26083574	0.148922	0.12649177	-0.15848035	-0.32122007	1.0000001	0.14396216	-0.4561879	0.14081573	0.18957631
-0.42305335	0.17482413	-0.3648643	-0.071529284	0.046114374	0.28659272	0.011791073	-0.13703337	-0.4419353	0.10629673	-0.38783753	-0.40291613	-0.3414261	0.12573527	0.30933917	0.09546704	0.2753452	0.0118543375	-0.12628244	-0.16156247	0.14396216	1.0000004	-0.16995946	0.25228423	0.26299256
0.032677665	-0.054250915	0.23108587	0.23128645	-0.286108	-0.20850484	0.14890854	0.049775302	0.092324235	-0.38655972	0.19768243	0.19286741	0.17962725	-0.35364753	-0.07051894	-0.2577398	-0.14469758	-0.3782698	0.25645667	0.28787437	-0.4561879	-0.16995946	1.0000005	-0.17328049	-0.24438189
-0.3818409	0.28627545	-0.29798073	-0.2541344	0.046243552	0.27405247	-0.14101635	-0.41872808	-0.27463943	0.23213488	-0.4122505	-0.24106944	-0.30312455	0.17873323	0.23341703	0.16608445	0.2034973	0.11491681	-0.10262401	-0.23356497	0.14081573	0.25228423	-0.17328049	1.0000002	0.29859954
-0.2752263	0.26846594	-0.40067956	-0.25763267	0.11307863	0.30299577	-0.12363133	-0.3594864	-0.23630206	0.25676033	-0.33819324	-0.4210048	-0.39008752	0.21309565	0.25127277	0.21610093	0.25328866	0.14140138	-0.24933186	-0.24664089	0.18957631	0.26299256	-0.24438189	0.29859954	1.0000002
