1.0000001	0.17370944	-0.15779707	0.12908323	-0.029580994	0.19450444	-0.075148255	-0.3605427	-0.25134394	0.08534743	0.0735319	0.08482569	0.20304498	0.013120377	0.04449797	0.0818157	-0.047798198	-0.091424555	-0.056530505	-0.0024416673	-0.074620254	0.07600039	0.023987748	-0.52802646	-0.37607247
0.17370944	1.0	-0.48905194	0.25716877	0.120942205	0.056445412	-0.09083551	-0.43168926	-0.116677016	0.19480222	-0.17913097	-0.049783245	0.0768766	0.086398795	-0.27907655	0.23041853	-0.35179392	-0.16337733	-0.22774652	-0.15809424	0.1963908	0.22498737	0.09093857	-0.2211875	-0.075986706
-0.15779707	-0.48905194	0.99999976	-0.35583803	-0.3312216	0.052341998	0.1883424	0.26366925	0.04264447	-0.2630415	0.17246026	0.14815278	-0.0008374427	-0.15413661	0.1541592	-0.37006405	0.27537155	0.23360664	0.26756668	0.17504843	-0.16010562	-0.43126085	-0.15132014	0.10320791	-0.0011951125
0.12908323	0.25716877	-0.35583803	0.9999996	0.183884	-0.0075670006	-0.25041494	-0.38202724	-0.11105823	0.2771676	-0.20708501	-0.21876486	0.062164932	0.09893024	-0.08821739	0.27488655	-0.38920414	-0.14793254	-0.48027763	-0.23461112	0.17350468	0.2419572	0.17131287	-0.08401493	-0.048601314
-0.029580994	0.120942205	-0.3312216	0.183884	0.9999997	-0.35268086	-0.36925232	-0.20198974	0.1276561	0.24398191	-0.243964	-0.36042583	-0.1513722	0.1724707	-0.10994967	0.2493682	-0.29241383	-0.39755347	-0.22295514	-0.16957125	0.1988166	0.27183256	0.200978	0.09438677	0.17922962
0.19450444	0.056445412	0.052341998	-0.0075670006	-0.35268086	0.99999976	0.13748288	0.00010472235	-0.25847208	-0.107415505	0.11669193	0.25791624	0.2629088	-0.22027802	0.020745432	-0.08155184	0.059293568	0.15990917	0.09535353	0.16153476	-0.057324238	-0.20308939	-0.17820805	-0.42062318	-0.50132096
-0.075148255	-0.09083551	0.1883424	-0.25041494	-0.36925232	0.13748288	0.99999964	0.20743178	-0.073309466	-0.34132105	0.09105588	0.21710062	0.10175812	-0.019512601	-0.015686568	-0.1816232	0.19434786	0.17316437	0.15328091	0.27974218	-0.26044923	-0.35500064	-0.5462239	-0.012916591	-0.07728493
-0.3605427	-0.43168926	0.26366925	-0.38202724	-0.20198974	0.00010472235	0.20743178	0.99999946	0.09681063	-0.3667522	0.089667454	0.135737	-0.03259248	-0.09890254	0.058730364	-0.1957062	0.21147943	0.18914224	0.2071833	0.18918881	-0.20246723	-0.20920946	-0.22189584	0.13239548	0.025490725
-0.25134394	-0.116677016	0.04264447	-0.11105823	0.1276561	-0.25847208	-0.073309466	0.09681063	0.99999934	0.074481755	-0.1691945	-0.32060465	-0.5603671	0.1314868	-0.17784521	-0.0030120295	-0.081077896	-0.051191546	0.0016561733	-0.22052869	0.09439213	0.08978689	0.09087084	0.20832422	0.25676465
0.08534743	0.19480222	-0.2630415	0.2771676	0.24398191	-0.107415505	-0.34132105	-0.3667522	0.074481755	0.9999994	-0.10791606	-0.37496603	-0.09764701	0.11486221	-0.055046115	0.2513375	-0.37834948	-0.260844	-0.3393197	-0.41470343	0.1490895	0.27787316	0.2526513	-0.007826992	0.05898596
0.0735319	-0.17913097	0.17246026	-0.20708501	-0.243964	0.11669193	0.09105588	0.089667454	-0.1691945	-0.10791606	0.99999946	0.17341986	0.111394376	-0.35743648	0.27464432	-0.31290135	0.21477199	0.18332425	0.2046539	0.13783713	-0.5348074	-0.20590283	-0.11053524	-0.014454915	-0.07979529
0.08482569	-0.049783245	0.14815278	-0.21876486	-0.36042583	0.25791624	0.21710062	0.135737	-0.32060465	-0.37496603	0.17341986	0.99999946	0.22674842	-0.23036319	0.090602845	-0.2914628	0.19899529	0.22618929	0.22170176	0.24681199	-0.1320362	-0.22378367	-0.24809766	-0.23399608	-0.2918843
0.20304498	0.0768766	-0.0008374427	0.062164932	-0.1513722	0.2629088	0.10175812	-0.03259248	-0.5603671	-0.09764701	0.111394376	0.22674842	0.99999946	-0.18457024	0.10791453	-0.03540623	-0.02021982	0.10875157	-0.0022827792	0.18497656	-0.10929776	-0.11100734	-0.17788449	-0.2878947	-0.47305605
0.013120377	0.086398795	-0.15413661	0.09893024	0.1724707	-0.22027802	-0.019512601	-0.09890254	0.1314868	0.11486221	-0.35743648	-0.23036319	-0.18457024	0.9999995	-0.29117873	0.20895821	-0.033891954	-0.49345192	-0.28735197	-0.10578477	0.122731626	0.118268915	0.017349647	-0.0073767593	0.14009838
0.04449797	-0.27907655	0.1541592	-0.08821739	-0.10994967	0.020745432	-0.015686568	0.058730364	-0.17784521	-0.055046115	0.27464432	0.090602845	0.10791453	-0.29117873	0.99999934	-0.19120978	0.18113258	0.17153655	0.14578247	0.025771383	-0.4419646	-0.18230899	0.040873956	0.061473876	-0.079490125
0.0818157	0.23041853	-0.37006405	0.27488655	0.2493682	-0.08155184	-0.1816232	-0.1957062	-0.0030120295	0.2513375	-0.31290135	-0.2914628	-0.03540623	0.20895821	-0.19120978	0.99999946	-0.38058555	-0.38474727	-0.4811125	-0.1622391	0.19859096	0.2673131	0.13401595	-0.07965806	0.04028461
-0.047798198	-0.35179392	0.27537155	-0.38920414	-0.29241383	0.059293568	0.19434786	0.21147943	-0.081077896	-0.37834948	0.21477199	0.19899529	-0.02021982	-0.033891954	0.18113258	-0.38058555	0.99999946	0.15528932	0.25830925	0.18162647	-0.28318658	-0.3488948	-0.13752784	0.046158582	0.0005076772
-0.091424555	-0.16337733	0.23360664	-0.14793254	-0.39755347	0.15990917	0.17316437	0.18914224	-0.051191546	-0.260844	0.18332425	0.22618929	0.10875157	-0.49345192	0.17153655	-0.38474727	0.15528932	0.9999994	0.2399954	0.1543122	-0.18761662	-0.27248988	-0.13127024	0.028165314	-0.17987785
-0.056530505	-0.22774652	0.26756668	-0.48027763	-0.22295514	0.09535353	0.15328091	0.2071833	0.0016561733	-0.3393197	0.2046539	0.22170176	-0.0022827792	-0.28735197	0.14578247	-0.4811125	0.25830925	0.2399954	0.99999934	0.16582236	-0.1302749	-0.28502297	-0.11195695	-0.0147180455	-0.025957268
-0.0024416673	-0.15809424	0.17504843	-0.23461112	-0.16957125	0.16153476	0.27974218	0.18918881	-0.22052869	-0.41470343	0.13783713	0.24681199	0.18497656	-0.10578477	0.025771383	-0.1622391	0.18162647	0.1543122	0.16582236	0.9999994	-0.18126886	-0.38105634	-0.54741657	-0.036430527	-0.16455302
-0.074620254	0.1963908	-0.16010562	0.17350468	0.1988166	-0.057324238	-0.26044923	-0.20246723	0.09439213	0.1490895	-0.5348074	-0.1320362	-0.10929776	0.122731626	-0.4419646	0.19859096	-0.28318658	-0.18761662	-0.1302749	-0.18126886	0.99999946	0.21742927	0.15387529	-0.020423591	0.06293861
0.07600039	0.22498737	-0.43126085	0.2419572	0.27183256	-0.20308939	-0.35500064	-0.20920946	0.08978689	0.27787316	-0.20590283	-0.22378367	-0.11100734	0.118268915	-0.18230899	0.2673131	-0.3488948	-0.27248988	-0.28502297	-0.38105634	0.21742927	0.9999995	0.2420511	-0.063096344	0.07195534
0.023987748	0.09093857	-0.15132014	0.17131287	0.200978	-0.17820805	-0.5462239	-0.22189584	0.09087084	0.2526513	-0.11053524	-0.24809766	-0.17788449	0.017349647	0.040873956	0.13401595	-0.13752784	-0.13127024	-0.11195695	-0.54741657	0.15387529	0.2420511	0.9999995	0.015429112	0.11072715
-0.52802646	-0.2211875	0.10320791	-0.08401493	0.09438677	-0.42062318	-0.012916591	0.13239548	0.20832422	-0.007826992	-0.014454915	-0.23399608	-0.2878947	-0.0073767593	0.061473876	-0.07965806	0.046158582	0.028165314	-0.0147180455	-0.036430527	-0.020423591	-0.063096344	0.015429112	0.9999995	0.27435333
-0.37607247	-0.075986706	-0.0011951125	-0.048601314	0.17922962	-0.50132096	-0.07728493	0.025490725	0.25676465	0.05898596	-0.07979529	-0.2918843	-0.47305605	0.14009838	-0.079490125	0.04028461	0.0005076772	-0.17987785	-0.025957268	-0.16455302	0.06293861	0.07195534	0.11072715	0.27435333	0.9999995
