1.0000001	0.11103406	-0.44505182	0.18292688	-0.15948534	-0.1801381	0.014768856	-0.16304268	-0.08456454	0.2426438	0.028141795	-0.16302855	-0.3170559	-0.29792193	0.21428876	0.27582237	-0.1782347	-0.3544237	0.032176055	0.2225625	0.023708647	-0.10538406	-0.17069234	0.23513606	0.21426556
0.11103406	1.0000002	-0.1734989	-0.23302008	-0.057538938	0.011832767	-0.099527575	-0.23619835	-0.03528803	0.12733577	0.11478231	-0.6471969	-0.053036552	-0.003905754	0.16369261	0.041526224	0.14815612	-0.07906719	0.115184136	-0.07779957	-0.045904145	-0.14518777	0.014604666	0.06925854	-0.10303403
-0.44505182	-0.1734989	1.0000002	-0.17788148	0.16072059	0.16187596	-0.10900808	0.09954239	0.104044735	-0.23860358	-0.10218014	0.1414643	0.19703777	0.21289341	-0.39767197	-0.48587093	0.13332589	0.21059386	-0.016726287	-0.25020528	-0.041388363	0.14606607	0.11540932	-0.25125787	-0.14404786
0.18292688	-0.23302008	-0.17788148	1.0000004	-0.22161715	-0.3645991	0.20735022	0.0714714	-0.24967036	0.096147306	0.120896466	0.12435289	-0.18360023	-0.1312491	0.16039163	0.16746104	-0.27085128	-0.045726262	-0.27082866	0.20724908	0.21604562	-0.07735223	-0.38198373	0.22899422	0.25602922
-0.15948534	-0.057538938	0.16072059	-0.22161715	1.0000002	0.25718248	-0.3590959	-0.2804507	0.2947119	0.032896366	-0.17968436	0.038684	0.0048346827	0.15929833	-0.3906359	-0.27001604	0.24357744	-0.06554633	0.23023453	-0.29719275	-0.34845674	0.25232145	0.29900065	-0.37697098	-0.23694023
-0.1801381	0.011832767	0.16187596	-0.3645991	0.25718248	1.0000001	-0.37408486	-0.091789275	0.2738	-0.095516786	-0.36382094	-0.050204173	0.09827062	0.19279936	-0.31257582	-0.13965698	0.2614183	-0.058837596	0.23663817	-0.25526047	-0.38596684	0.21452038	0.27962747	-0.28178227	-0.34427574
0.014768856	-0.099527575	-0.10900808	0.20735022	-0.3590959	-0.37408486	1.0000005	0.24901943	-0.32642087	-0.144343	0.25139472	0.104101375	0.07912447	-0.14402197	0.1902574	0.10790359	-0.34650892	0.1831596	-0.3843927	0.18198772	0.3159966	-0.28105292	-0.3677954	0.22636296	0.15758973
-0.16304268	-0.23619835	0.09954239	0.0714714	-0.2804507	-0.091789275	0.24901943	1.0000005	-0.28299123	-0.43794057	0.11526186	0.18171073	0.18380551	0.013537616	0.0462293	-0.000868107	-0.24437156	0.21132338	-0.31216577	0.06295959	0.2397784	-0.15162736	-0.30417454	0.090951465	0.092681296
-0.08456454	-0.03528803	0.104044735	-0.24967036	0.2947119	0.2738	-0.32642087	-0.28299123	1.0000005	0.09394865	-0.35919473	-0.013232713	-0.058632154	0.08614684	-0.32720184	-0.1439721	0.22669671	-0.19824658	0.28671142	-0.17098007	-0.4565066	0.2731691	0.30886012	-0.34282997	-0.17687951
0.2426438	0.12733577	-0.23860358	0.096147306	0.032896366	-0.095516786	-0.144343	-0.43794057	0.09394865	1.0000006	-0.011555941	-0.18533427	-0.5298555	-0.22808176	0.028605662	0.11305434	0.0028259095	-0.2638917	0.14392707	0.11169826	-0.118324034	0.042333763	0.057379063	0.08894716	0.10785734
0.028141795	0.11478231	-0.10218014	0.120896466	-0.17968436	-0.36382094	0.25139472	0.11526186	-0.35919473	-0.011555941	1.0000007	-0.10810526	0.04835847	-0.14236517	0.21354996	0.12886806	-0.17246945	0.13810943	-0.3064813	0.121526	0.25753564	-0.5380539	-0.27404264	0.23294811	0.07478118
-0.16302855	-0.6471969	0.1414643	0.12435289	0.038684	-0.050204173	0.104101375	0.18171073	-0.013232713	-0.18533427	-0.10810526	1.0000007	0.094866075	0.022070568	-0.19408612	-0.12059303	-0.21279335	0.13142952	-0.181087	0.035491046	0.07456655	0.11973256	-0.016425308	-0.09900321	0.061607603
-0.3170559	-0.053036552	0.19703777	-0.18360023	0.0048346827	0.09827062	0.07912447	0.18380551	-0.058632154	-0.5298555	0.04835847	0.094866075	1.0000006	0.22272529	-0.058300294	-0.15429983	0.05368324	0.23993793	-0.11743709	-0.24572626	0.046481695	-0.0998218	-0.024570515	-0.17215598	-0.32111603
-0.29792193	-0.003905754	0.21289341	-0.1312491	0.15929833	0.19279936	-0.14402197	0.013537616	0.08614684	-0.22808176	-0.14236517	0.022070568	0.22272529	1.0000007	-0.071316734	-0.30427477	0.19158933	0.1248362	0.029362498	-0.62216425	-0.13848117	0.12315984	0.14393106	-0.3131167	-0.31367898
0.21428876	0.16369261	-0.39767197	0.16039163	-0.3906359	-0.31257582	0.1902574	0.0462293	-0.32720184	0.028605662	0.21354996	-0.19408612	-0.058300294	-0.071316734	1.0000006	0.23872675	-0.13902041	-0.10667408	-0.13261941	0.15427141	0.19159138	-0.3464735	-0.29020056	0.27135402	0.13636409
0.27582237	0.041526224	-0.48587093	0.16746104	-0.27001604	-0.13965698	0.10790359	-0.000868107	-0.1439721	0.11305434	0.12886806	-0.12059303	-0.15429983	-0.30427477	0.23872675	1.0000005	-0.28779733	-0.28823227	-0.080362774	0.22925495	0.102810115	-0.2680708	-0.11557841	0.25438485	0.21641997
-0.1782347	0.14815612	0.13332589	-0.27085128	0.24357744	0.2614183	-0.34650892	-0.24437156	0.22669671	0.0028259095	-0.17246945	-0.21279335	0.05368324	0.19158933	-0.13902041	-0.28779733	1.0000005	-0.03289568	0.24544966	-0.20204885	-0.33340067	0.13690607	0.2325	-0.26975408	-0.4722052
-0.3544237	-0.07906719	0.21059386	-0.045726262	-0.06554633	-0.058837596	0.1831596	0.21132338	-0.19824658	-0.2638917	0.13810943	0.13142952	0.23993793	0.1248362	-0.10667408	-0.28823227	-0.03289568	1.0000005	-0.34977674	-0.081239566	0.17130281	-0.10035755	-0.116060935	-0.055369616	-0.1471517
0.032176055	0.115184136	-0.016726287	-0.27082866	0.23023453	0.23663817	-0.3843927	-0.31216577	0.28671142	0.14392707	-0.3064813	-0.181087	-0.11743709	0.029362498	-0.13261941	-0.080362774	0.24544966	-0.34977674	1.0000004	-0.07667122	-0.38066944	0.18784328	0.26515907	-0.24346973	-0.18141855
0.2225625	-0.07779957	-0.25020528	0.20724908	-0.29719275	-0.25526047	0.18198772	0.06295959	-0.17098007	0.11169826	0.121526	0.035491046	-0.24572626	-0.62216425	0.15427141	0.22925495	-0.20204885	-0.081239566	-0.07667122	1.0000005	0.17380527	-0.1789963	-0.2563853	0.26560318	0.24454318
0.023708647	-0.045904145	-0.041388363	0.21604562	-0.34845674	-0.38596684	0.3159966	0.2397784	-0.4565066	-0.118324034	0.25753564	0.07456655	0.046481695	-0.13848117	0.19159138	0.102810115	-0.33340067	0.17130281	-0.38066944	0.17380527	1.0000006	-0.24929926	-0.38491246	0.2427072	0.18809097
-0.10538406	-0.14518777	0.14606607	-0.07735223	0.25232145	0.21452038	-0.28105292	-0.15162736	0.2731691	0.042333763	-0.5380539	0.11973256	-0.0998218	0.12315984	-0.3464735	-0.2680708	0.13690607	-0.10035755	0.18784328	-0.1789963	-0.24929926	1.0000006	0.24222176	-0.3431277	-0.053204603
-0.17069234	0.014604666	0.11540932	-0.38198373	0.29900065	0.27962747	-0.3677954	-0.30417454	0.30886012	0.057379063	-0.27404264	-0.016425308	-0.024570515	0.14393106	-0.29020056	-0.11557841	0.2325	-0.116060935	0.26515907	-0.2563853	-0.38491246	0.24222176	1.0000005	-0.36447608	-0.18173894
0.23513606	0.06925854	-0.25125787	0.22899422	-0.37697098	-0.28178227	0.22636296	0.090951465	-0.34282997	0.08894716	0.23294811	-0.09900321	-0.17215598	-0.3131167	0.27135402	0.25438485	-0.26975408	-0.055369616	-0.24346973	0.26560318	0.2427072	-0.3431277	-0.36447608	1.0000005	0.23309027
0.21426556	-0.10303403	-0.14404786	0.25602922	-0.23694023	-0.34427574	0.15758973	0.092681296	-0.17687951	0.10785734	0.07478118	0.061607603	-0.32111603	-0.31367898	0.13636409	0.21641997	-0.4722052	-0.1471517	-0.18141855	0.24454318	0.18809097	-0.053204603	-0.18173894	0.23309027	1.0000005
