1.0000001	-0.037560474	-0.23811023	-0.14989948	0.28078407	0.21638721	-0.3996608	0.17058633	-0.41699663	-0.12891383	0.04910569	0.053524446	0.21179867	0.26965144	-0.43981472	-0.105079114	-0.2585637	-0.08669556	-0.36097416	0.117134996	0.27465135	-0.027991509	-0.12859982	0.0086700935	-0.022149699
-0.037560474	1.0000001	-0.115285054	0.30719885	-0.18286188	-0.04967697	0.16185567	0.19044818	-0.08893584	0.2506554	-0.4349649	0.2585026	-0.34938142	-0.20246586	-0.00591816	0.2976095	0.13325977	-0.2886068	0.13583444	-0.34255055	0.05198693	-0.38432083	0.28211722	-0.45787835	-0.33495784
-0.23811023	-0.115285054	0.99999994	-0.021631023	-0.23917492	-0.17036884	0.07768298	-0.4857444	0.29877296	-0.05853731	0.11903552	-0.22609638	-0.03274794	-0.1097627	0.23722349	-0.030100543	0.14476223	0.20424621	0.18120144	0.09404036	-0.43815866	0.18670605	-0.12498529	0.07211535	0.16657127
-0.14989948	0.30719885	-0.021631023	0.9999997	-0.2890383	-0.08570149	0.23479341	0.11051079	0.0031850284	0.26879102	-0.4134783	0.20323282	-0.43588647	-0.3140976	0.06608791	0.2985877	0.17974128	-0.29129082	0.22402576	-0.3740069	-0.037742123	-0.2806678	0.25712904	-0.38870546	-0.20352422
0.28078407	-0.18286188	-0.23917492	-0.2890383	0.9999995	0.19045255	-0.33976996	0.052982382	-0.22773534	-0.1644476	0.15885192	-0.08690379	0.27199364	0.30632633	-0.32359958	-0.19802244	-0.35699922	0.067503914	-0.51818967	0.19878346	0.21185046	0.07237958	-0.18691783	0.123918414	0.1334227
0.21638721	-0.04967697	-0.17036884	-0.08570149	0.19045255	0.9999996	-0.17982003	0.116599955	-0.22617544	-0.31082857	0.044358347	0.043644078	0.12975305	0.16898449	-0.5106645	-0.06815999	-0.55032474	-0.048206706	-0.10525371	0.06832708	0.2399945	-0.07345684	0.040797204	0.00925476	0.0067052897
-0.3996608	0.16185567	0.07768298	0.23479341	-0.33976996	-0.17982003	0.9999995	-0.05876839	0.1546602	0.1787954	-0.17984714	0.09848416	-0.45167932	-0.5276494	0.19187869	0.15293436	0.23814088	-0.030897733	0.27730778	-0.32011017	-0.17087236	-0.05188255	0.1770318	-0.1009877	-0.12680708
0.17058633	0.19044818	-0.4857444	0.11051079	0.052982382	0.116599955	-0.05876839	0.9999995	-0.43071154	0.109479934	-0.2382983	0.2782471	-0.033229977	0.026668906	-0.21379842	0.105593026	-0.052010003	-0.3482005	-0.08739248	-0.24379025	0.26979885	-0.3471759	0.1972422	-0.118512	-0.28493568
-0.41699663	-0.08893584	0.29877296	0.0031850284	-0.22773534	-0.22617544	0.1546602	-0.43071154	0.99999946	-0.0022798823	0.09183633	-0.2782095	-0.10238423	-0.20375715	0.27902547	-0.031535637	0.1752936	0.19505341	0.19321492	0.063153416	-0.44982493	0.17878929	-0.11621027	0.07576782	0.156911
-0.12891383	0.2506554	-0.05853731	0.26879102	-0.1644476	-0.31082857	0.1787954	0.109479934	-0.0022798823	0.9999995	-0.48490757	0.17640157	-0.274549	-0.20173314	0.12814768	0.21763441	0.21593466	-0.39627528	0.14995918	-0.3283948	-0.061131172	-0.21741503	0.1804235	-0.19636488	-0.17968695
0.04910569	-0.4349649	0.11903552	-0.4134783	0.15885192	0.044358347	-0.17984714	-0.2382983	0.09183633	-0.48490757	0.9999995	-0.237593	0.24446201	0.19044107	-0.033174016	-0.26267156	-0.14597778	0.2716052	-0.16582544	0.29745376	-0.04886596	0.27746746	-0.34679595	0.24749054	0.24818027
0.053524446	0.2585026	-0.22609638	0.20323282	-0.08690379	0.043644078	0.09848416	0.2782471	-0.2782095	0.17640157	-0.237593	0.9999995	-0.17387734	-0.10244323	-0.14800589	0.19345988	0.022146776	-0.37867254	0.050569434	-0.37541035	0.18442865	-0.3985024	0.263176	-0.18852663	-0.5217565
0.21179867	-0.34938142	-0.03274794	-0.43588647	0.27199364	0.12975305	-0.45167932	-0.033229977	-0.10238423	-0.274549	0.24446201	-0.17387734	0.9999996	0.29783326	-0.12133844	-0.35220537	-0.22880362	0.13160424	-0.38522258	0.26775134	0.11417465	0.17085575	-0.2328642	0.2270071	0.17422748
0.26965144	-0.20246586	-0.1097627	-0.3140976	0.30632633	0.16898449	-0.5276494	0.026668906	-0.20375715	-0.20173314	0.19044107	-0.10244323	0.29783326	0.9999996	-0.19770758	-0.17808534	-0.36890838	0.07214009	-0.43395823	0.22961582	0.17171344	0.101281	-0.25973424	0.12676536	0.14900327
-0.43981472	-0.00591816	0.23722349	0.06608791	-0.32359958	-0.5106645	0.19187869	-0.21379842	0.27902547	0.12814768	-0.033174016	-0.14800589	-0.12133844	-0.19770758	0.9999996	0.018446555	0.2713631	0.10346607	0.20358679	-0.061670087	-0.39675176	0.09502947	-0.0116467085	0.025070716	0.05364897
-0.105079114	0.2976095	-0.030100543	0.2985877	-0.19802244	-0.06815999	0.15293436	0.105593026	-0.031535637	0.21763441	-0.26267156	0.19345988	-0.35220537	-0.17808534	0.018446555	0.99999976	0.14153412	-0.2540307	0.1713726	-0.29604077	-0.040730786	-0.28091267	0.2335388	-0.6648867	-0.19354782
-0.2585637	0.13325977	0.14476223	0.17974128	-0.35699922	-0.55032474	0.23814088	-0.052010003	0.1752936	0.21593466	-0.14597778	0.022146776	-0.22880362	-0.36890838	0.2713631	0.14153412	0.99999964	-0.046433546	0.22344136	-0.15362033	-0.30387715	-0.0012025832	0.0821532	-0.13120596	-0.15722744
-0.08669556	-0.2886068	0.20424621	-0.29129082	0.067503914	-0.048206706	-0.030897733	-0.3482005	0.19505341	-0.39627528	0.2716052	-0.37867254	0.13160424	0.07214009	0.10346607	-0.2540307	-0.046433546	0.9999998	-0.0678259	0.2323006	-0.24944712	0.26689148	-0.1381582	0.19825964	0.24877208
-0.36097416	0.13583444	0.18120144	0.22402576	-0.51818967	-0.10525371	0.27730778	-0.08739248	0.19321492	0.14995918	-0.16582544	0.050569434	-0.38522258	-0.43395823	0.20358679	0.1713726	0.22344136	-0.0678259	0.99999994	-0.16463849	-0.26244393	-0.11342407	0.16343616	-0.09262201	-0.12427208
0.117134996	-0.34255055	0.09404036	-0.3740069	0.19878346	0.06832708	-0.32011017	-0.24379025	0.063153416	-0.3283948	0.29745376	-0.37541035	0.26775134	0.22961582	-0.061670087	-0.29604077	-0.15362033	0.2323006	-0.16463849	0.9999999	-0.042658545	0.27587372	-0.43379807	0.23275694	0.28087574
0.27465135	0.05198693	-0.43815866	-0.037742123	0.21185046	0.2399945	-0.17087236	0.26979885	-0.44982493	-0.061131172	-0.04886596	0.18442865	0.11417465	0.17171344	-0.39675176	-0.040730786	-0.30387715	-0.24944712	-0.26244393	-0.042658545	1.0000001	-0.17406368	0.051368475	-0.0021057548	-0.14840096
-0.027991509	-0.38432083	0.18670605	-0.2806678	0.07237958	-0.07345684	-0.05188255	-0.3471759	0.17878929	-0.21741503	0.27746746	-0.3985024	0.17085575	0.101281	0.09502947	-0.28091267	-0.0012025832	0.26689148	-0.11342407	0.27587372	-0.17406368	0.99999976	-0.4711779	0.23024084	0.29340428
-0.12859982	0.28211722	-0.12498529	0.25712904	-0.18691783	0.040797204	0.1770318	0.1972422	-0.11621027	0.1804235	-0.34679595	0.263176	-0.2328642	-0.25973424	-0.0116467085	0.2335388	0.0821532	-0.1381582	0.16343616	-0.43379807	0.051368475	-0.4711779	0.9999997	-0.26866648	-0.40863952
0.0086700935	-0.45787835	0.07211535	-0.38870546	0.123918414	0.00925476	-0.1009877	-0.118512	0.07576782	-0.19636488	0.24749054	-0.18852663	0.2270071	0.12676536	0.025070716	-0.6648867	-0.13120596	0.19825964	-0.09262201	0.23275694	-0.0021057548	0.23024084	-0.26866648	0.9999997	0.18891472
-0.022149699	-0.33495784	0.16657127	-0.20352422	0.1334227	0.0067052897	-0.12680708	-0.28493568	0.156911	-0.17968695	0.24818027	-0.5217565	0.17422748	0.14900327	0.05364897	-0.19354782	-0.15722744	0.24877208	-0.12427208	0.28087574	-0.14840096	0.29340428	-0.40863952	0.18891472	0.9999997
