1.0000001	-0.18966304	-0.07645759	0.0023781857	0.026539633	0.16651204	0.2882378	0.11842629	-0.02531399	-0.21566069	-0.4533985	-0.2230566	-0.4644041	-0.20387657	-0.0951944	-0.010029802	0.15840836	0.1777632	0.16867712	-0.22473523	0.115433164	0.22724439	-0.22043796	0.0060409335	0.09989077
-0.18966304	1.0000001	0.2860396	-0.35386986	0.22684807	-0.2354828	-0.21226054	-0.29870892	0.28076833	0.2415847	0.055204157	-0.083558366	0.2153942	-0.32021028	-0.1530428	-0.24660438	0.15659325	0.16484377	0.09589977	0.068739876	-0.40470657	-0.054119833	0.23467483	0.24976072	-0.4577691
-0.07645759	0.2860396	1.0	-0.33991486	0.26475638	-0.2364157	-0.17759538	-0.23980461	0.30945054	0.22813936	0.009088173	-0.21807295	0.16073784	-0.29303864	-0.33584198	-0.4615636	0.23381308	0.21465825	0.097808294	0.051834933	-0.3544209	0.039756015	0.23162602	0.2941507	-0.4350378
0.0023781857	-0.35386986	-0.33991486	1.0000001	-0.3588364	0.2501921	0.109689094	0.2672771	-0.4514205	-0.3434897	-0.010208527	0.13333297	-0.11698997	0.25455913	0.25577298	0.29769206	-0.227146	-0.30524424	-0.075365074	-0.06709034	0.2826361	-0.0051080887	-0.19212382	-0.47230875	0.25566864
0.026539633	0.22684807	0.26475638	-0.3588364	0.9999999	-0.41438898	-0.093232684	-0.3169133	0.26202172	0.2251246	-0.05377354	-0.117774844	0.13037056	-0.23535441	-0.44629592	-0.24012122	0.21857391	0.19601189	0.053250875	0.12301658	-0.35605967	-0.052194167	0.22397675	0.27285048	-0.3284431
0.16651204	-0.2354828	-0.2364157	0.2501921	-0.41438898	0.99999976	0.23442906	0.28247365	-0.24068002	-0.47640446	-0.17119949	-0.020368429	-0.3239812	0.11615535	0.21718456	0.18397084	-0.15511687	-0.068437584	-0.011289212	-0.22740464	0.28177175	0.13903807	-0.3092204	-0.30444217	0.21939173
0.2882378	-0.21226054	-0.17759538	0.109689094	-0.093232684	0.23442906	0.9999997	0.1778972	-0.14929728	-0.28400388	-0.39427465	-0.25040972	-0.36244148	-0.091338366	0.060299937	0.029292349	0.105692625	0.12196318	0.15060654	-0.35718074	0.17592905	0.24741803	-0.31529024	-0.06758964	0.15217808
0.11842629	-0.29870892	-0.23980461	0.2672771	-0.3169133	0.28247365	0.1778972	0.99999964	-0.2792207	-0.46811935	-0.14060174	0.12338664	-0.32511562	0.14307454	0.22836405	0.22074938	-0.11781226	-0.22858827	-0.009720211	-0.16063549	0.30557188	0.007399926	-0.40968668	-0.27278078	0.2409129
-0.02531399	0.28076833	0.30945054	-0.4514205	0.26202172	-0.24068002	-0.14929728	-0.2792207	0.9999997	0.22274056	-0.032007705	-0.18195683	0.14341243	-0.32942075	-0.20271601	-0.5055953	0.21300647	0.2221207	0.062459894	0.09032945	-0.297466	-0.01821237	0.19244337	0.2897085	-0.35126483
-0.21566069	0.2415847	0.22813936	-0.3434897	0.2251246	-0.47640446	-0.28400388	-0.46811935	0.22274056	0.99999964	0.102950245	-0.11622544	0.22879954	-0.12000876	-0.201526	-0.19829555	0.12034877	0.13811614	0.06014863	0.09973428	-0.32615346	-0.039297067	0.24110736	0.23244259	-0.14349304
-0.4533985	0.055204157	0.009088173	-0.010208527	-0.05377354	-0.17119949	-0.39427465	-0.14060174	-0.032007705	0.102950245	0.9999997	0.17272438	0.25980803	0.18677494	0.034099616	0.072895	-0.23959342	-0.2958653	-0.302204	0.23363902	-0.11728709	-0.19198734	0.2127176	-0.01468042	-0.09223499
-0.2230566	-0.083558366	-0.21807295	0.13333297	-0.117774844	-0.020368429	-0.25040972	0.12338664	-0.18195683	-0.11622544	0.17272438	0.9999996	0.1082683	0.22304387	0.18980704	0.1949633	-0.40993622	-0.32871452	-0.14183737	0.16319892	0.102241	-0.52595055	-0.014416629	-0.14645368	0.11989646
-0.4644041	0.2153942	0.16073784	-0.11698997	0.13037056	-0.3239812	-0.36244148	-0.32511562	0.14341243	0.22879954	0.25980803	0.1082683	0.9999996	0.0322394	-0.07406724	-0.12719806	-0.033369638	-0.09552136	-0.13117345	0.22703613	-0.30688912	-0.2937358	0.28366885	0.098651834	-0.2512992
-0.20387657	-0.32021028	-0.29303864	0.25455913	-0.23535441	0.11615535	-0.091338366	0.14307454	-0.32942075	-0.12000876	0.18677494	0.22304387	0.0322394	0.99999964	0.24201395	0.2726496	-0.39530355	-0.4116023	-0.3195029	0.097850315	0.18841481	-0.14404294	-0.031344946	-0.35511312	0.1994423
-0.0951944	-0.1530428	-0.33584198	0.25577298	-0.44629592	0.21718456	0.060299937	0.22836405	-0.20271601	-0.201526	0.034099616	0.18980704	-0.07406724	0.24201395	0.9999996	0.2483833	-0.39817652	-0.31371787	-0.1709605	-0.023680164	0.26090735	-0.1160217	-0.30928302	-0.3818995	0.24228899
-0.010029802	-0.24660438	-0.4615636	0.29769206	-0.24012122	0.18397084	0.029292349	0.22074938	-0.5055953	-0.19829555	0.072895	0.1949633	-0.12719806	0.2726496	0.2483833	0.9999998	-0.30578974	-0.35465497	-0.10436303	-0.0055248123	0.24820021	-0.08606643	-0.15562397	-0.44581637	0.24993938
0.15840836	0.15659325	0.23381308	-0.227146	0.21857391	-0.15511687	0.105692625	-0.11781226	0.21300647	0.12034877	-0.23959342	-0.40993622	-0.033369638	-0.39530355	-0.39817652	-0.30578974	0.9999998	0.30097958	0.2355065	-0.16257393	-0.21669117	0.20533872	0.057427317	0.2560726	-0.20746157
0.1777632	0.16484377	0.21465825	-0.30524424	0.19601189	-0.068437584	0.12196318	-0.22858827	0.2221207	0.13811614	-0.2958653	-0.32871452	-0.09552136	-0.4116023	-0.31371787	-0.35465497	0.30097958	0.9999998	0.22372943	-0.17885728	-0.20869151	0.20667678	0.024677344	0.25750354	-0.14571856
0.16867712	0.09589977	0.097808294	-0.075365074	0.053250875	-0.011289212	0.15060654	-0.009720211	0.062459894	0.06014863	-0.302204	-0.14183737	-0.13117345	-0.3195029	-0.1709605	-0.10436303	0.2355065	0.22372943	1.0000001	-0.5154733	-0.06519357	0.21366546	-0.06261573	0.15023912	-0.15185894
-0.22473523	0.068739876	0.051834933	-0.06709034	0.12301658	-0.22740464	-0.35718074	-0.16063549	0.09032945	0.09973428	0.23363902	0.16319892	0.22703613	0.097850315	-0.023680164	-0.0055248123	-0.16257393	-0.17885728	-0.5154733	1.0000002	-0.08601787	-0.39543724	0.17624907	-0.03406751	-0.051784895
0.115433164	-0.40470657	-0.3544209	0.2826361	-0.35605967	0.28177175	0.17592905	0.30557188	-0.297466	-0.32615346	-0.11728709	0.102241	-0.30688912	0.18841481	0.26090735	0.24820021	-0.21669117	-0.20869151	-0.06519357	-0.08601787	1.0000002	0.034044158	-0.43565953	-0.30593607	0.30106717
0.22724439	-0.054119833	0.039756015	-0.0051080887	-0.052194167	0.13903807	0.24741803	0.007399926	-0.01821237	-0.039297067	-0.19198734	-0.52595055	-0.2937358	-0.14404294	-0.1160217	-0.08606643	0.20533872	0.20667678	0.21366546	-0.39543724	0.034044158	1.0000004	-0.14814124	0.07165333	-0.02838056
-0.22043796	0.23467483	0.23162602	-0.19212382	0.22397675	-0.3092204	-0.31529024	-0.40968668	0.19244337	0.24110736	0.2127176	-0.014416629	0.28366885	-0.031344946	-0.30928302	-0.15562397	0.057427317	0.024677344	-0.06261573	0.17624907	-0.43565953	-0.14814124	1.0000004	0.17420134	-0.36977866
0.0060409335	0.24976072	0.2941507	-0.47230875	0.27285048	-0.30444217	-0.06758964	-0.27278078	0.2897085	0.23244259	-0.01468042	-0.14645368	0.098651834	-0.35511312	-0.3818995	-0.44581637	0.2560726	0.25750354	0.15023912	-0.03406751	-0.30593607	0.07165333	0.17420134	1.0000002	-0.27575836
0.09989077	-0.4577691	-0.4350378	0.25566864	-0.3284431	0.21939173	0.15217808	0.2409129	-0.35126483	-0.14349304	-0.09223499	0.11989646	-0.2512992	0.1994423	0.24228899	0.24993938	-0.20746157	-0.14571856	-0.15185894	-0.051784895	0.30106717	-0.02838056	-0.36977866	-0.27575836	1.0000002
