1.0000001	-0.33453864	-0.13210455	0.19100969	0.2459206	0.054439552	-0.14802152	-0.044781893	0.13726494	0.15701199	-0.02928229	-0.17189403	-0.21970469	0.28843057	-0.33423764	-0.4498867	0.1690753	0.01013918	0.16317151	-0.15246059	0.20823266	0.14528467	0.101681955	-0.37728706	-0.2726774
-0.33453864	0.99999994	-0.13003393	-0.27481565	-0.09611522	-0.33671588	0.12089168	0.2027615	-0.121642835	-0.3194933	-0.23434362	0.14387472	0.21463326	-0.23875095	0.1919887	0.30104905	-0.33297908	0.16313948	-0.009144556	0.17378755	-0.07000773	-0.1076463	-0.37080333	0.15891905	0.2901654
-0.13210455	-0.13003393	0.9999998	0.15501317	-0.27958384	0.26760155	0.102091566	-0.4305635	0.11084306	0.096967414	0.25300026	-0.16025332	-0.10807706	-0.23252742	0.0708444	-0.032496013	0.20246917	-0.45461735	-0.11782515	-0.21776603	-0.30387112	-0.06098888	0.24895193	0.1399079	-0.13145675
0.19100969	-0.27481565	0.15501317	0.9999999	-0.0072803204	0.24649434	0.0113769695	-0.25506872	0.2551957	0.064682305	0.14698856	-0.51457524	-0.047813743	0.111544594	-0.10790182	-0.2751581	0.2877404	-0.18553269	0.004202884	-0.41124403	-0.016951354	-0.063456565	0.22467779	-0.14518854	-0.37786794
0.2459206	-0.09611522	-0.27958384	-0.0072803204	0.9999998	-0.16426314	-0.23137802	0.11635528	0.04632615	0.08586848	-0.13500045	-0.052178413	-0.24950609	0.26546052	-0.4258673	-0.12895334	0.008210047	0.16428313	0.1672496	0.021680882	0.2657393	0.19833085	-0.11664105	-0.4076125	-0.04502471
0.054439552	-0.33671588	0.26760155	0.24649434	-0.16426314	0.9999997	0.054892883	-0.4488532	0.16493194	0.12747008	0.26882324	-0.2622355	-0.15246694	-0.045806218	0.010375355	-0.27478588	0.26542285	-0.27636066	-0.12334646	-0.23207992	-0.19181873	-0.06753923	0.31620342	0.008830593	-0.31756055
-0.14802152	0.12089168	0.102091566	0.0113769695	-0.23137802	0.054892883	0.9999997	-0.06880371	0.122243814	-0.35561392	0.1198205	-0.061458398	0.22695448	-0.33647853	0.27482158	0.06557651	0.06559569	-0.18506226	-0.019098744	-0.11836208	-0.34624225	-0.5627024	-0.0045454497	0.18705201	0.03197827
-0.044781893	0.2027615	-0.4305635	-0.25506872	0.11635528	-0.4488532	-0.06880371	0.99999946	-0.14783493	-0.13526551	-0.31746525	0.18654001	0.12276201	0.084702894	-0.021282207	0.1299656	-0.37102577	0.26862442	0.117763236	0.20303221	0.15984538	0.044947967	-0.44669697	-0.002956465	0.20246914
0.13726494	-0.121642835	0.11084306	0.2551957	0.04632615	0.16493194	0.122243814	-0.14783493	0.99999934	-0.033065453	0.0875643	-0.52982813	-0.033274896	0.014787354	0.029768707	-0.13535972	0.24269186	-0.14951873	0.12671709	-0.53240985	-0.11958467	-0.16416624	0.1545921	-0.11410588	-0.24963786
0.15701199	-0.3194933	0.096967414	0.064682305	0.08586848	0.12747008	-0.35561392	-0.13526551	-0.033065453	0.99999934	0.058490068	0.039260708	-0.5721593	0.1162345	-0.3540564	-0.23338626	0.058193687	-0.09466442	-0.053622488	0.0030709791	0.09913227	0.22632423	0.18665634	-0.07347715	-0.12155609
-0.02928229	-0.23434362	0.25300026	0.14698856	-0.13500045	0.26882324	0.1198205	-0.31746525	0.0875643	0.058490068	0.99999934	-0.06769501	-0.0003298372	-0.10498672	0.05502176	-0.18212616	0.21742396	-0.5082254	-0.20047496	-0.15017769	-0.32858473	-0.18587182	0.23537995	0.103826076	-0.26161784
-0.17189403	0.14387472	-0.16025332	-0.51457524	-0.052178413	-0.2622355	-0.061458398	0.18654001	-0.52982813	0.039260708	-0.06769501	0.9999992	-0.00893542	-0.076674394	-0.02562291	0.14592561	-0.30702874	0.12210285	-0.005783932	0.2862485	0.08498656	0.112468265	-0.17445895	0.08406932	0.20325081
-0.21970469	0.21463326	-0.10807706	-0.047813743	-0.24950609	-0.15246694	0.22695448	0.12276201	-0.033274896	-0.5721593	-0.0003298372	-0.00893542	0.9999993	-0.16759716	0.27247152	0.19867	-0.06708942	0.0009845905	-0.06039545	0.02446312	-0.14775485	-0.33309117	-0.26583692	0.16953364	0.14667648
0.28843057	-0.23875095	-0.23252742	0.111544594	0.26546052	-0.045806218	-0.33647853	0.084702894	0.014787354	0.1162345	-0.10498672	-0.076674394	-0.16759716	0.9999993	-0.2700949	-0.3168415	0.041546855	0.12144203	0.17177509	-0.0008781065	0.28147915	0.2140981	0.0013604711	-0.45586997	-0.23411132
-0.33423764	0.1919887	0.0708444	-0.10790182	-0.4258673	0.010375355	0.27482158	-0.021282207	0.029768707	-0.3540564	0.05502176	-0.02562291	0.27247152	-0.2700949	0.9999992	0.19226652	-0.07124038	-0.06535399	-0.094562426	-0.020887185	-0.28896332	-0.44817126	-0.07490702	0.25023654	0.13630506
-0.4498867	0.30104905	-0.032496013	-0.2751581	-0.12895334	-0.27478588	0.06557651	0.1299656	-0.13535972	-0.23338626	-0.18212616	0.14592561	0.19867	-0.3168415	0.19226652	0.9999993	-0.278481	0.121136874	-0.1825702	0.1765808	-0.09933584	-0.091330424	-0.28276557	0.20192026	0.29998398
0.1690753	-0.33297908	0.20246917	0.2877404	0.008210047	0.26542285	0.06559569	-0.37102577	0.24269186	0.058193687	0.21742396	-0.30702874	-0.06708942	0.041546855	-0.07124038	-0.278481	0.9999991	-0.36626256	0.056188993	-0.44740573	-0.08464737	-0.033251252	0.2516344	-0.09001761	-0.3669442
0.01013918	0.16313948	-0.45461735	-0.18553269	0.16428313	-0.27636066	-0.18506226	0.26862442	-0.14951873	-0.09466442	-0.5082254	0.12210285	0.0009845905	0.12144203	-0.06535399	0.121136874	-0.36626256	0.99999887	0.08721569	0.2052497	0.23358281	0.14117253	-0.22367328	-0.15991351	0.16787224
0.16317151	-0.009144556	-0.11782515	0.004202884	0.1672496	-0.12334646	-0.019098744	0.117763236	0.12671709	-0.053622488	-0.20047496	-0.005783932	-0.06039545	0.17177509	-0.094562426	-0.1825702	0.056188993	0.08721569	0.9999988	-0.16170503	0.16455756	0.09146028	-0.077730596	-0.16585763	-0.14869064
-0.15246059	0.17378755	-0.21776603	-0.41124403	0.021680882	-0.23207992	-0.11836208	0.20303221	-0.53240985	0.0030709791	-0.15017769	0.2862485	0.02446312	-0.0008781065	-0.020887185	0.1765808	-0.44740573	0.2052497	-0.16170503	0.9999988	0.09389525	0.09564415	-0.2211332	0.049585614	0.24553438
0.20823266	-0.07000773	-0.30387112	-0.016951354	0.2657393	-0.19181873	-0.34624225	0.15984538	-0.11958467	0.09913227	-0.32858473	0.08498656	-0.14775485	0.28147915	-0.28896332	-0.09933584	-0.08464737	0.23358281	0.16455756	0.09389525	0.9999986	0.25237653	-0.12715365	-0.42379647	-0.063741304
0.14528467	-0.1076463	-0.06098888	-0.063456565	0.19833085	-0.06753923	-0.5627024	0.044947967	-0.16416624	0.22632423	-0.18587182	0.112468265	-0.33309117	0.2140981	-0.44817126	-0.091330424	-0.033251252	0.14117253	0.09146028	0.09564415	0.25237653	0.9999987	0.0265152	-0.23454404	-0.0665609
0.101681955	-0.37080333	0.24895193	0.22467779	-0.11664105	0.31620342	-0.0045454497	-0.44669697	0.1545921	0.18665634	0.23537995	-0.17445895	-0.26583692	0.0013604711	-0.07490702	-0.28276557	0.2516344	-0.22367328	-0.077730596	-0.2211332	-0.12715365	0.0265152	0.99999875	-0.07573537	-0.3531652
-0.37728706	0.15891905	0.1399079	-0.14518854	-0.4076125	0.008830593	0.18705201	-0.002956465	-0.11410588	-0.07347715	0.103826076	0.08406932	0.16953364	-0.45586997	0.25023654	0.20192026	-0.09001761	-0.15991351	-0.16585763	0.049585614	-0.42379647	-0.23454404	-0.07573537	0.9999988	0.1759578
-0.2726774	0.2901654	-0.13145675	-0.37786794	-0.04502471	-0.31756055	0.03197827	0.20246914	-0.24963786	-0.12155609	-0.26161784	0.20325081	0.14667648	-0.23411132	0.13630506	0.29998398	-0.3669442	0.16787224	-0.14869064	0.24553438	-0.063741304	-0.0665609	-0.3531652	0.1759578	0.9999988
