1.0000001	0.31149092	0.14281258	0.21603128	-0.10661609	0.2410778	0.20206508	-0.010184814	0.29262134	-0.32441172	-0.4456927	-0.40208647	0.14427534	-0.15452646	0.11090426	-0.15958677	-0.28488845	-0.3190828	-0.35181338	0.122459084	0.040766053	0.23863494	-0.35062367	-0.33697483	0.29995102
0.31149092	1.0000001	0.11978568	0.22090818	-0.10451211	0.23964714	0.18026207	0.024971904	0.29070872	-0.36251667	-0.32695627	-0.43671852	0.1675297	-0.15887125	0.09086837	-0.15055712	-0.30282578	-0.39065284	-0.37944463	0.13748689	0.07047413	0.20899324	-0.40270144	-0.20936154	0.3028646
0.14281258	0.11978568	1.0	-0.070110574	-0.40219054	-0.04068575	0.19398998	-0.13539213	0.044272505	-0.051997855	-0.123778984	-0.10638696	-0.28023	0.17000322	0.13339509	0.1556892	-0.37331367	-0.109211944	-0.119054005	-0.25069752	0.27494177	0.066828966	-0.12638289	-0.44537723	0.1033243
0.21603128	0.22090818	-0.070110574	1.0	0.109857954	0.11711962	-0.026293758	0.20061542	0.18533558	-0.17684199	-0.24984805	-0.37555745	0.21489379	-0.4013581	-0.10956886	-0.1805133	-0.16210382	-0.18596528	-0.118458025	0.24454197	-0.19189885	0.21119237	-0.19687565	-0.09691592	0.16481555
-0.10661609	-0.10451211	-0.40219054	0.109857954	1.0000001	-0.008969149	-0.10433269	0.070786744	-0.008528917	-0.030572763	0.07795186	0.059798673	0.16778244	-0.33376327	-0.08431952	-0.20330842	0.24585949	0.06983298	0.07501964	0.21468215	-0.55961347	-0.1034049	0.08774552	0.25350398	-0.1404493
0.2410778	0.23964714	-0.04068575	0.11711962	-0.008969149	0.9999999	0.17177781	-0.15985242	0.30092534	-0.4607422	-0.36579302	-0.30991012	0.22648178	-0.14096124	0.15780114	-0.35286066	-0.15261471	-0.33197835	-0.3291107	0.19328447	-0.016506003	0.17712505	-0.20057969	-0.04198563	0.2664856
0.20206508	0.18026207	0.19398998	-0.026293758	-0.10433269	0.17177781	1.0	-0.40320882	0.20559685	-0.2787963	-0.2949039	-0.17877501	-0.06284311	0.017671049	0.26902342	-0.0020034395	-0.18019263	-0.40107	-0.13793574	-0.06731814	0.10544175	0.04356557	-0.37371662	-0.1741008	0.1887606
-0.010184814	0.024971904	-0.13539213	0.20061542	0.070786744	-0.15985242	-0.40320882	1.0000001	-0.068109035	0.037746184	0.0043435884	-0.061248437	0.09213641	-0.15810618	-0.6040877	0.002523468	0.006244227	0.118196465	0.022376873	0.109192446	-0.06441037	0.080741994	0.10655276	0.0029141572	-0.03019003
0.29262134	0.29070872	0.044272505	0.18533558	-0.008528917	0.30092534	0.20559685	-0.068109035	1.0000001	-0.49119717	-0.4103885	-0.30160007	0.19850609	-0.21088947	0.11797093	-0.23688617	-0.18306977	-0.38036725	-0.41336936	0.1904207	-0.061230674	0.18646625	-0.282899	-0.12231615	0.2941155
-0.32441172	-0.36251667	-0.051997855	-0.17684199	-0.030572763	-0.4607422	-0.2787963	0.037746184	-0.49119717	1.0000001	0.29272586	0.25336	-0.2346946	0.18015154	-0.12820481	0.19169922	0.13450423	0.30030915	0.24772744	-0.22689171	0.052569266	-0.093663596	0.25129598	0.090696305	-0.29984564
-0.4456927	-0.32695627	-0.123778984	-0.24984805	0.07795186	-0.36579302	-0.2949039	0.0043435884	-0.4103885	0.29272586	1.0000001	0.28278652	-0.1361527	0.1261088	-0.06531364	0.16039568	0.21450165	0.2873831	0.2786527	-0.19837882	-0.010647334	-0.21180922	0.2612818	0.17617664	-0.42183673
-0.40208647	-0.43671852	-0.10638696	-0.37555745	0.059798673	-0.30991012	-0.17877501	-0.061248437	-0.30160007	0.25336	0.28278652	1.0000001	-0.27142566	0.15952685	-0.09988751	0.18924335	0.23866053	0.26984861	0.2712739	-0.13561305	-0.08056244	-0.29681742	0.26212984	0.20409192	-0.27916256
0.14427534	0.1675297	-0.28023	0.21489379	0.16778244	0.22648178	-0.06284311	0.09213641	0.19850609	-0.2346946	-0.1361527	-0.27142566	0.99999994	-0.3205641	-0.0069841025	-0.3893657	0.0333919	-0.1924004	-0.25661787	0.28811106	-0.156688	0.16400051	-0.10633489	0.05523791	0.16583197
-0.15452646	-0.15887125	0.17000322	-0.4013581	-0.33376327	-0.14096124	0.017671049	-0.15810618	-0.21088947	0.18015154	0.1261088	0.15952685	-0.3205641	1.0	0.030286897	0.2423756	-0.00029147742	0.1428332	0.10387251	-0.48137954	0.23417753	-0.21775468	0.074473865	-0.11059883	-0.08305969
0.11090426	0.09086837	0.13339509	-0.10956886	-0.08431952	0.15780114	0.26902342	-0.6040877	0.11797093	-0.12820481	-0.06531364	-0.09988751	-0.0069841025	0.030286897	1.0000001	-0.11858422	-0.11484666	-0.2807384	-0.053277574	-0.03444769	0.1123528	-0.029970782	-0.35633963	-0.13908593	0.12453178
-0.15958677	-0.15055712	0.1556892	-0.1805133	-0.20330842	-0.35286066	-0.0020034395	0.002523468	-0.23688617	0.19169922	0.16039568	0.18924335	-0.3893657	0.2423756	-0.11858422	1.0000001	-0.0118572265	0.1623868	0.20650189	-0.43471786	0.14929676	-0.3376391	0.13668437	-0.014660195	-0.26459938
-0.28488845	-0.30282578	-0.37331367	-0.16210382	0.24585949	-0.15261471	-0.18019263	0.006244227	-0.18306977	0.13450423	0.21450165	0.23866053	0.0333919	-0.00029147742	-0.11484666	-0.0118572265	1.0	0.19574721	0.21266234	0.035255473	-0.3510512	-0.34417227	0.2075809	0.30211222	-0.27673474
-0.3190828	-0.39065284	-0.109211944	-0.18596528	0.06983298	-0.33197835	-0.40107	0.118196465	-0.38036725	0.30030915	0.2873831	0.26984861	-0.1924004	0.1428332	-0.2807384	0.1623868	0.19574721	1.0	0.241841	-0.17661881	-0.06395871	-0.13163893	0.30624762	0.13710803	-0.3497204
-0.35181338	-0.37944463	-0.119054005	-0.118458025	0.07501964	-0.3291107	-0.13793574	0.022376873	-0.41336936	0.24772744	0.2786527	0.2712739	-0.25661787	0.10387251	-0.053277574	0.20650189	0.21266234	0.241841	1.0000001	-0.11121705	-0.049313948	-0.38526806	0.21397945	0.17537035	-0.45481762
0.122459084	0.13748689	-0.25069752	0.24454197	0.21468215	0.19328447	-0.06731814	0.109192446	0.1904207	-0.22689171	-0.19837882	-0.13561305	0.28811106	-0.48137954	-0.03444769	-0.43471786	0.035255473	-0.17661881	-0.11121705	1.0000001	-0.3009916	0.15783764	-0.09831901	0.07596368	0.12648104
0.040766053	0.07047413	0.27494177	-0.19189885	-0.55961347	-0.016506003	0.10544175	-0.06441037	-0.061230674	0.052569266	-0.010647334	-0.08056244	-0.156688	0.23417753	0.1123528	0.14929676	-0.3510512	-0.06395871	-0.049313948	-0.3009916	1.0	0.019728234	-0.11965051	-0.31541097	0.065983914
0.23863494	0.20899324	0.066828966	0.21119237	-0.1034049	0.17712505	0.04356557	0.080741994	0.18646625	-0.093663596	-0.21180922	-0.29681742	0.16400051	-0.21775468	-0.029970782	-0.3376391	-0.34417227	-0.13163893	-0.38526806	0.15783764	0.019728234	1.0000001	-0.10596358	-0.33327478	0.22409682
-0.35062367	-0.40270144	-0.12638289	-0.19687565	0.08774552	-0.20057969	-0.37371662	0.10655276	-0.282899	0.25129598	0.2612818	0.26212984	-0.10633489	0.074473865	-0.35633963	0.13668437	0.2075809	0.30624762	0.21397945	-0.09831901	-0.11965051	-0.10596358	1.0000001	0.19227679	-0.41459802
-0.33697483	-0.20936154	-0.44537723	-0.09691592	0.25350398	-0.04198563	-0.1741008	0.0029141572	-0.12231615	0.090696305	0.17617664	0.20409192	0.05523791	-0.11059883	-0.13908593	-0.014660195	0.30211222	0.13710803	0.17537035	0.07596368	-0.31541097	-0.33327478	0.19227679	1.0000001	-0.17895061
0.29995102	0.3028646	0.1033243	0.16481555	-0.1404493	0.2664856	0.1887606	-0.03019003	0.2941155	-0.29984564	-0.42183673	-0.27916256	0.16583197	-0.08305969	0.12453178	-0.26459938	-0.27673474	-0.3497204	-0.45481762	0.12648104	0.065983914	0.22409682	-0.41459802	-0.17895061	1.0000001
