0.99999994	-0.045312863	0.12533997	0.20749678	0.17207795	-0.10711786	-0.016964007	0.29323936	-0.078670345	-0.032373384	-0.0021918432	0.21302424	-0.088468656	-0.48451826	0.28118685	0.10656256	0.056289576	0.03886426	-0.40428686	-0.36390632	-0.18900953	0.101506285	-0.4155433	0.16450898	-0.10935419
-0.045312863	0.9999999	-0.42152014	-0.13886063	-0.2433574	0.25359932	0.24331765	0.10505597	0.29734877	0.26061508	0.2869667	-0.050061904	-0.47433072	0.0006085671	-0.06458291	-0.2878979	-0.24711536	-0.5123737	0.07250264	0.07219757	0.17941634	-0.16267349	0.054681808	-0.23314993	0.10842388
0.12533997	-0.42152014	0.99999994	0.21998324	0.24762794	-0.4361823	-0.34485886	0.058653023	-0.4850283	-0.30285406	-0.30900687	0.17511868	0.25041267	-0.19116752	0.14441301	0.28481117	0.26415035	0.29538855	-0.12541266	-0.1815043	-0.2977598	0.23471344	-0.11906324	0.23308127	-0.18301445
0.20749678	-0.13886063	0.21998324	0.9999999	0.22744022	-0.2525481	-0.15161413	0.16773267	-0.25397488	-0.36183274	-0.21992761	0.27419913	0.08821714	-0.31619623	0.2631645	0.27400008	0.23548816	0.18355271	-0.21219255	-0.34234896	-0.30464658	0.26621172	-0.38858044	0.2590384	-0.4314517
0.17207795	-0.2433574	0.24762794	0.22744022	0.9999997	-0.38358483	-0.077499315	0.13840248	-0.3042507	-0.26489916	-0.36856958	0.13252796	0.14090444	-0.3011721	0.1787502	0.25077084	0.17159365	0.23203893	-0.124661356	-0.20633933	-0.4970262	0.23193099	-0.30903625	0.17334664	-0.06455708
-0.10711786	0.25359932	-0.4361823	-0.2525481	-0.38358483	0.99999976	0.2644699	-0.059967455	0.29958656	0.29237506	0.26840398	-0.24158348	-0.35829934	0.13236752	-0.19866395	-0.27628323	-0.38131675	-0.29806358	0.13384564	0.17935768	0.28938666	-0.40212774	0.18903215	-0.20966533	0.20833056
-0.016964007	0.24331765	-0.34485886	-0.15161413	-0.077499315	0.2644699	0.99999994	0.06627369	0.2702881	0.27607808	0.22151476	-0.31787258	-0.36600178	0.007297189	-0.13068466	-0.31689683	-0.49528104	-0.29837766	0.13723549	0.14556004	0.1877741	-0.3404714	0.08500663	-0.31355086	0.25281754
0.29323936	0.10505597	0.058653023	0.16773267	0.13840248	-0.059967455	0.06627369	0.9999998	0.0068151904	0.017818717	0.036600374	0.16505344	-0.19675088	-0.48025814	0.21761201	0.036846485	-0.013428791	-0.042366005	-0.22311695	-0.33292818	-0.20411487	0.03615129	-0.27632275	0.09634634	-0.06405481
-0.078670345	0.29734877	-0.4850283	-0.25397488	-0.3042507	0.29958656	0.2702881	0.0068151904	0.9999998	0.29308766	0.30207992	-0.22059542	-0.35602984	0.11728667	-0.16648401	-0.42819646	-0.2877995	-0.42846444	0.12194727	0.1539472	0.2531515	-0.25096905	0.15842086	-0.2713553	0.20072621
-0.032373384	0.26061508	-0.30285406	-0.36183274	-0.26489916	0.29237506	0.27607808	0.017818717	0.29308766	0.99999994	0.27816984	-0.14536782	-0.3112742	0.09314844	-0.15324578	-0.35268912	-0.43553957	-0.37806776	0.108547956	0.17772405	0.26090127	-0.4092145	0.1496801	-0.33757177	0.23440392
-0.0021918432	0.2869667	-0.30900687	-0.21992761	-0.36856958	0.26840398	0.22151476	0.036600374	0.30207992	0.27816984	0.9999998	-0.105701596	-0.39276874	0.077055365	-0.037266888	-0.46156025	-0.25904083	-0.4593207	-0.0069112927	0.07168027	0.2197799	-0.2067053	0.12747307	-0.17909417	0.13206546
0.21302424	-0.050061904	0.17511868	0.27419913	0.13252796	-0.24158348	-0.31787258	0.16505344	-0.22059542	-0.14536782	-0.105701596	0.9999999	0.07896048	-0.23812485	0.29636514	0.21962397	0.23245743	0.09489467	-0.38864338	-0.28612155	-0.22361106	0.24255875	-0.37675962	0.25821003	-0.48650324
-0.088468656	-0.47433072	0.25041267	0.08821714	0.14090444	-0.35829934	-0.36600178	-0.19675088	-0.35602984	-0.3112742	-0.39276874	0.07896048	0.9999998	0.075963885	0.02919218	0.23421204	0.24605691	0.2938588	-0.025435528	-0.023607116	-0.16601959	0.20175627	-0.008776612	0.16791424	-0.14824416
-0.48451826	0.0006085671	-0.19116752	-0.31619623	-0.3011721	0.13236752	0.007297189	-0.48025814	0.11728667	0.09314844	0.077055365	-0.23812485	0.075963885	0.9999998	-0.31420428	-0.18435404	-0.06396802	-0.07396575	0.23166993	0.26803613	0.2296877	-0.14305486	0.29099706	-0.16919202	0.12783538
0.28118685	-0.06458291	0.14441301	0.2631645	0.1787502	-0.19866395	-0.13068466	0.21761201	-0.16648401	-0.15324578	-0.037266888	0.29636514	0.02919218	-0.31420428	0.9999997	0.18138652	0.18163697	0.04964882	-0.5492013	-0.3555787	-0.25984094	0.20905016	-0.39868888	0.251206	-0.31876484
0.10656256	-0.2878979	0.28481117	0.27400008	0.25077084	-0.27628323	-0.31689683	0.036846485	-0.42819646	-0.35268912	-0.46156025	0.21962397	0.23421204	-0.18435404	0.18138652	0.9999998	0.27649376	0.28311372	-0.13149796	-0.2723836	-0.2836124	0.26346102	-0.28419268	0.2552353	-0.26068488
0.056289576	-0.24711536	0.26415035	0.23548816	0.17159365	-0.38131675	-0.49528104	-0.013428791	-0.2877995	-0.43553957	-0.25904083	0.23245743	0.24605691	-0.06396802	0.18163697	0.27649376	0.9999999	0.24014877	-0.20411845	-0.28853902	-0.23532481	0.28394166	-0.124584384	0.28895706	-0.35440034
0.03886426	-0.5123737	0.29538855	0.18355271	0.23203893	-0.29806358	-0.29837766	-0.042366005	-0.42846444	-0.37806776	-0.4593207	0.09489467	0.2938588	-0.07396575	0.04964882	0.28311372	0.24014877	0.9999999	-0.042424876	-0.07180069	-0.24235643	0.21683279	-0.1304364	0.19344333	-0.13623436
-0.40428686	0.07250264	-0.12541266	-0.21219255	-0.124661356	0.13384564	0.13723549	-0.22311695	0.12194727	0.108547956	-0.0069112927	-0.38864338	-0.025435528	0.23166993	-0.5492013	-0.13149796	-0.20411845	-0.042424876	0.9999997	0.29121003	0.19442727	-0.1833477	0.24140097	-0.40357268	0.23834021
-0.36390632	0.07219757	-0.1815043	-0.34234896	-0.20633933	0.17935768	0.14556004	-0.33292818	0.1539472	0.17772405	0.07168027	-0.28612155	-0.023607116	0.26803613	-0.3555787	-0.2723836	-0.28853902	-0.07180069	0.29121003	0.9999996	0.24026783	-0.20357189	0.2585733	-0.45342588	0.24291939
-0.18900953	0.17941634	-0.2977598	-0.30464658	-0.4970262	0.28938666	0.1877741	-0.20411487	0.2531515	0.26090127	0.2197799	-0.22361106	-0.16601959	0.2296877	-0.25984094	-0.2836124	-0.23532481	-0.24235643	0.19442727	0.24026783	0.99999946	-0.4755116	0.25280282	-0.3079904	0.20469186
0.101506285	-0.16267349	0.23471344	0.26621172	0.23193099	-0.40212774	-0.3404714	0.03615129	-0.25096905	-0.4092145	-0.2067053	0.24255875	0.20175627	-0.14305486	0.20905016	0.26346102	0.28394166	0.21683279	-0.1833477	-0.20357189	-0.4755116	0.9999992	-0.30696365	0.25577	-0.37147698
-0.4155433	0.054681808	-0.11906324	-0.38858044	-0.30903625	0.18903215	0.08500663	-0.27632275	0.15842086	0.1496801	0.12747307	-0.37675962	-0.008776612	0.29099706	-0.39868888	-0.28419268	-0.124584384	-0.1304364	0.24140097	0.2585733	0.25280282	-0.30696365	0.99999917	-0.14615493	0.21279871
0.16450898	-0.23314993	0.23308127	0.2590384	0.17334664	-0.20966533	-0.31355086	0.09634634	-0.2713553	-0.33757177	-0.17909417	0.25821003	0.16791424	-0.16919202	0.251206	0.2552353	0.28895706	0.19344333	-0.40357268	-0.45342588	-0.3079904	0.25577	-0.14615493	0.9999991	-0.38839024
-0.10935419	0.10842388	-0.18301445	-0.4314517	-0.06455708	0.20833056	0.25281754	-0.06405481	0.20072621	0.23440392	0.13206546	-0.48650324	-0.14824416	0.12783538	-0.31876484	-0.26068488	-0.35440034	-0.13623436	0.23834021	0.24291939	0.20469186	-0.37147698	0.21279871	-0.38839024	0.9999991
