1.0	-0.42548737	-0.2356107	0.06253992	0.12876026	0.10829214	-0.34453934	-0.41696528	0.23143984	-0.19074497	0.0017908115	0.1387378	-0.03196663	0.0021643834	-0.05578897	-0.11583262	0.23520283	-0.19059902	0.2781932	0.01966242	-0.36265954	-0.2182316	0.22263072	-0.12851897	0.24896164
-0.42548737	0.99999994	0.21732733	-0.33405137	-0.053330533	-0.19212516	0.24564812	0.25822943	-0.118760936	0.06366388	-0.03143525	0.011151208	0.07883157	0.13667724	-0.1396926	0.20823678	-0.13609277	0.24593402	-0.38543597	-0.2319229	0.25359046	0.27323595	-0.26157892	-0.09796222	-0.34408313
-0.2356107	0.21732733	0.9999998	-0.099115655	-0.3972369	-0.35403737	0.27196887	0.26852804	-0.13521315	0.14677683	0.09458434	0.03563069	0.03768206	0.08289801	-0.15631121	0.11591639	-0.13976973	0.30559736	-0.36034384	-0.107309476	0.18138668	0.21636824	-0.35952243	0.0041960045	-0.44385445
0.06253992	-0.33405137	-0.099115655	0.9999998	0.008062692	0.25453207	-0.23229052	-0.081735805	-0.14690991	0.02705	0.04687743	-0.291189	-0.16412507	-0.31125653	0.27094904	-0.48646373	-0.1536543	-0.15142044	0.14800861	0.26112905	-0.08025461	-0.38921642	0.19561507	0.2519115	0.10165925
0.12876026	-0.053330533	-0.3972369	0.008062692	0.9999999	0.10471448	-0.24164054	-0.18159634	-0.015382565	-0.5271331	-0.331201	0.06536508	0.13643356	0.06836579	0.07141226	0.012860902	0.09703196	-0.24883845	0.18449818	-0.13647597	-0.079830796	-0.0718894	0.16740857	-0.005083372	0.24314554
0.10829214	-0.19212516	-0.35403737	0.25453207	0.10471448	0.9999997	-0.33186373	-0.20386034	-0.008821063	0.012456813	0.04202163	-0.31209284	-0.22356634	-0.23699865	0.26192698	-0.35552093	-0.12420373	-0.34734324	0.19173765	0.23881485	-0.05798994	-0.3475766	0.25935596	0.17254286	0.17485237
-0.34453934	0.24564812	0.27196887	-0.23229052	-0.24164054	-0.33186373	0.99999976	0.27063212	-0.16498789	0.16488922	0.14247322	0.011843723	-0.07217344	0.022263825	-0.19118226	0.15662327	-0.1656215	0.25475404	-0.39715004	-0.029669352	0.2272755	0.21875957	-0.39650568	-0.020894784	-0.25431624
-0.41696528	0.25822943	0.26852804	-0.081735805	-0.18159634	-0.20386034	0.27063212	0.99999964	-0.34561607	0.067641914	0.015106664	-0.048923172	0.07006373	0.03243539	-0.04388955	0.09182648	-0.30527133	0.2584599	-0.38918602	-0.04554326	0.26057968	0.16963975	-0.33406067	0.074816786	-0.34279594
0.23143984	-0.118760936	-0.13521315	-0.14690991	-0.015382565	-0.008821063	-0.16498789	-0.34561607	0.99999964	0.018179283	0.0020840426	0.18720248	0.025715673	0.12801431	-0.26436764	0.08163806	0.29036626	-0.11813204	0.15160361	-0.07957837	-0.30487168	0.0027531935	0.09971148	-0.48710066	0.1366234
-0.19074497	0.06366388	0.14677683	0.02705	-0.5271331	0.012456813	0.16488922	0.067641914	0.018179283	0.9999997	0.2760833	-0.22280324	-0.38208804	-0.17938742	-0.0020352632	-0.07353896	-0.118659355	0.056917742	-0.20173115	0.15910581	0.14010559	0.039511427	-0.06470083	0.018249972	-0.2827435
0.0017908115	-0.03143525	0.09458434	0.04687743	-0.331201	0.04202163	0.14247322	0.015106664	0.0020840426	0.2760833	0.9999997	-0.14504428	-0.5449736	-0.32809988	0.023781585	-0.159733	-0.11842819	0.017631907	-0.10070887	0.18578377	0.0978147	-0.0099105025	-0.12179266	0.041355222	-0.20216525
0.1387378	0.011151208	0.03563069	-0.291189	0.06536508	-0.31209284	0.011843723	-0.048923172	0.18720248	-0.22280324	-0.14504428	0.99999964	0.19088824	0.26031008	-0.3864892	0.2266716	0.25964347	0.10071123	0.02016811	-0.37150913	-0.25096765	0.13199732	-0.0316399	-0.3015756	0.028641604
-0.03196663	0.07883157	0.03768206	-0.16412507	0.13643356	-0.22356634	-0.07217344	0.07006373	0.025715673	-0.38208804	-0.5449736	0.19088824	0.9999995	0.24491845	-0.07288591	0.19782142	0.10669075	0.09495233	0.027104225	-0.33687922	-0.12655395	0.108139515	-0.046545345	-0.15300767	0.060881224
0.0021643834	0.13667724	0.08289801	-0.31125653	0.06836579	-0.23699865	0.022263825	0.03243539	0.12801431	-0.17938742	-0.32809988	0.26031008	0.24491845	0.9999996	-0.38137907	0.27183208	0.18478799	0.16094856	-0.043809257	-0.2776984	-0.04202497	0.19639789	-0.13002609	-0.29653677	-0.060656905
-0.05578897	-0.1396926	-0.15631121	0.27094904	0.07141226	0.26192698	-0.19118226	-0.04388955	-0.26436764	-0.0020352632	0.023781585	-0.3864892	-0.07288591	-0.38137907	0.99999976	-0.35656565	-0.31150672	-0.23544519	0.09866992	0.21324289	0.047942087	-0.215665	0.15755935	0.28148222	0.09524375
-0.11583262	0.20823678	0.11591639	-0.48646373	0.012860902	-0.35552093	0.15662327	0.09182648	0.08163806	-0.07353896	-0.159733	0.2266716	0.19782142	0.27183208	-0.35656565	0.9999996	0.1366487	0.19086075	-0.11353563	-0.34767258	0.006582059	0.28081945	-0.3228172	-0.23917012	-0.05083409
0.23520283	-0.13609277	-0.13976973	-0.1536543	0.09703196	-0.12420373	-0.1656215	-0.30527133	0.29036626	-0.118659355	-0.11842819	0.25964347	0.10669075	0.18478799	-0.31150672	0.1366487	0.99999934	-0.045088258	0.15684666	-0.15587193	-0.37613901	0.044372506	0.08501354	-0.41590446	0.1495426
-0.19059902	0.24593402	0.30559736	-0.15142044	-0.24883845	-0.34734324	0.25475404	0.2584599	-0.11813204	0.056917742	0.017631907	0.10071123	0.09495233	0.16094856	-0.23544519	0.19086075	-0.045088258	0.9999993	-0.38793266	-0.26371405	0.1762221	0.2680551	-0.4142262	-0.09213618	-0.3724831
0.2781932	-0.38543597	-0.36034384	0.14800861	0.18449818	0.19173765	-0.39715004	-0.38918602	0.15160361	-0.20173115	-0.10070887	0.02016811	0.027104225	-0.043809257	0.09866992	-0.11353563	0.15684666	-0.38793266	0.9999993	0.09817566	-0.4016761	-0.26956546	0.26783854	0.0011226938	0.3081329
0.01966242	-0.2319229	-0.107309476	0.26112905	-0.13647597	0.23881485	-0.029669352	-0.04554326	-0.07957837	0.15910581	0.18578377	-0.37150913	-0.33687922	-0.2776984	0.21324289	-0.34767258	-0.15587193	-0.26371405	0.09817566	0.9999992	-0.025553757	-0.4116054	0.12899444	0.20564461	0.037647817
-0.36265954	0.25359046	0.18138668	-0.08025461	-0.079830796	-0.05798994	0.2272755	0.26057968	-0.30487168	0.14010559	0.0978147	-0.25096765	-0.12655395	-0.04202497	0.047942087	0.006582059	-0.37613901	0.1762221	-0.4016761	-0.025553757	0.9999989	0.13377513	-0.15915267	0.10313826	-0.34508705
-0.2182316	0.27323595	0.21636824	-0.38921642	-0.0718894	-0.3475766	0.21875957	0.16963975	0.0027531935	0.039511427	-0.0099105025	0.13199732	0.108139515	0.19639789	-0.215665	0.28081945	0.044372506	0.2680551	-0.26956546	-0.4116054	0.13377513	0.99999887	-0.414831	-0.19570112	-0.22350068
0.22263072	-0.26157892	-0.35952243	0.19561507	0.16740857	0.25935596	-0.39650568	-0.33406067	0.09971148	-0.06470083	-0.12179266	-0.0316399	-0.046545345	-0.13002609	0.15755935	-0.3228172	0.08501354	-0.4142262	0.26783854	0.12899444	-0.15915267	-0.414831	0.9999987	0.038823828	0.2481981
-0.12851897	-0.09796222	0.0041960045	0.2519115	-0.005083372	0.17254286	-0.020894784	0.074816786	-0.48710066	0.018249972	0.041355222	-0.3015756	-0.15300767	-0.29653677	0.28148222	-0.23917012	-0.41590446	-0.09213618	0.0011226938	0.20564461	0.10313826	-0.19570112	0.038823828	0.99999857	-0.020001808
0.24896164	-0.34408313	-0.44385445	0.10165925	0.24314554	0.17485237	-0.25431624	-0.34279594	0.1366234	-0.2827435	-0.20216525	0.028641604	0.060881224	-0.060656905	0.09524375	-0.05083409	0.1495426	-0.3724831	0.3081329	0.037647817	-0.34508705	-0.22350068	0.2481981	-0.020001808	0.99999857
