0.99999994	-0.42374	0.12887804	-0.20468645	0.18177153	-0.16276316	-0.110904455	0.20923156	-0.043225475	-0.40227258	0.23822977	-0.1698934	-0.032027364	-0.24623497	0.1940643	0.016325643	-0.52490795	0.17469737	0.0746534	0.17593528	0.24214591	0.25239518	0.2060565	-0.3371899	-0.17955548
-0.42374	0.9999997	-0.23037156	0.07660731	-0.124587014	0.25290787	0.033819847	-0.13553694	0.12417626	0.2753106	-0.30349737	0.2019663	0.08960012	0.16344368	-0.31908965	0.04893282	0.2753698	-0.34549052	-0.23960036	-0.12859508	-0.39398164	-0.21385853	-0.19409825	0.16941474	0.17376105
0.12887804	-0.23037156	0.9999999	0.04258618	-0.022726897	-0.02119332	-0.22632928	0.09550375	-0.5446033	-0.18345703	0.24551769	0.043612	0.10392516	-0.465558	-0.0857295	0.17286374	-0.112329304	0.035076525	-0.035696685	0.23444305	0.089763954	0.14958376	0.24922177	-0.16483884	-0.25041345
-0.20468645	0.07660731	0.04258618	0.9999997	-0.47408482	0.039078493	0.11653419	-0.26143947	-0.07710012	0.12537068	-0.06271897	0.13054411	-0.004034041	0.07073318	-0.25973263	-0.13954169	0.20867938	-0.004513231	0.120082624	-0.0034381722	-0.26979285	-0.3672833	-0.21407291	0.08037169	0.17497982
0.18177153	-0.124587014	-0.022726897	-0.47408482	0.9999995	-0.15160865	-0.13251871	0.18494588	0.0887876	-0.17180468	0.09069362	-0.38995436	-0.06303737	-0.17742118	0.21557796	0.073576294	-0.27785382	0.14244935	-0.027820192	0.10022656	0.24596913	0.24764304	0.068986766	-0.13573004	-0.33411276
-0.16276316	0.25290787	-0.02119332	0.039078493	-0.15160865	0.9999994	-0.03783295	-0.21740706	-0.0063339677	0.2362136	-0.2453444	0.2546907	0.09149814	0.06814581	-0.41704863	0.08901007	0.20848791	-0.438902	-0.31325707	-0.1715978	-0.3205136	-0.15179251	-0.037239023	0.15612355	0.17099586
-0.110904455	0.033819847	-0.22632928	0.11653419	-0.13251871	-0.03783295	0.99999946	-0.40361303	0.13638854	0.10987983	-0.15806808	-0.07187595	-0.4067109	0.23640682	0.046002846	-0.4680528	0.12417126	0.114134565	0.19694678	-0.22640449	-0.06850788	-0.20915596	-0.3022831	0.21794885	0.21611258
0.20923156	-0.13553694	0.09550375	-0.26143947	0.18494588	-0.21740706	-0.40361303	0.9999995	-0.00877136	-0.29783887	0.18353072	-0.039799638	0.17364515	-0.19616711	0.109723315	0.17726512	-0.2330523	0.043609977	-0.08147602	0.19882838	0.14306176	0.27747777	0.24175563	-0.36206007	-0.38898128
-0.043225475	0.12417626	-0.5446033	-0.07710012	0.0887876	-0.0063339677	0.13638854	-0.00877136	0.99999946	0.14111324	-0.3339927	-0.1259335	-0.021616722	0.22852203	0.11722192	-0.2126143	0.030019041	-0.00017834494	-0.05360146	-0.36635807	-0.07203216	-0.08357356	-0.29762006	0.138976	0.09779984
-0.40227258	0.2753106	-0.18345703	0.12537068	-0.17180468	0.2362136	0.10987983	-0.29783887	0.14111324	0.99999946	-0.3913764	0.1491211	0.03388413	0.22208428	-0.18975523	-0.0041477615	0.27535316	-0.2688193	-0.12178694	-0.37784255	-0.2996343	-0.3445276	-0.27862763	0.27671924	0.2547571
0.23822977	-0.30349737	0.24551769	-0.06271897	0.09069362	-0.2453444	-0.15806808	0.18353072	-0.3339927	-0.3913764	0.9999995	-0.021988196	-0.008694107	-0.43262503	0.060583513	0.059262164	-0.19725935	0.15995495	0.09581068	0.2690944	0.137268	0.21938181	0.24526794	-0.37953472	-0.18118241
-0.1698934	0.2019663	0.043612	0.13054411	-0.38995436	0.2546907	-0.07187595	-0.039799638	-0.1259335	0.1491211	-0.021988196	0.9999996	0.17717946	-0.018907579	-0.4410171	0.12026353	0.22431752	-0.35443184	-0.27763277	-0.08091085	-0.39897045	-0.13088347	0.05703349	0.02140487	0.13015458
-0.032027364	0.08960012	0.10392516	-0.004034041	-0.06303737	0.09149814	-0.4067109	0.17364515	-0.021616722	0.03388413	-0.008694107	0.17717946	0.9999996	-0.15878935	-0.105051525	0.2592797	0.03732759	-0.34185156	-0.46013555	0.013810085	-0.09248279	0.08582495	0.15833712	-0.1333074	-0.13961789
-0.24623497	0.16344368	-0.465558	0.07073318	-0.17742118	0.06814581	0.23640682	-0.19616711	0.22852203	0.22208428	-0.43262503	-0.018907579	-0.15878935	0.9999996	0.011238751	-0.2371594	0.15996872	-0.06153361	0.0653748	-0.29528877	-0.065561056	-0.305483	-0.34568316	0.26776767	0.24182403
0.1940643	-0.31908965	-0.0857295	-0.25973263	0.21557796	-0.41704863	0.046002846	0.109723315	0.11722192	-0.18975523	0.060583513	-0.4410171	-0.105051525	0.011238751	0.9999997	-0.15982395	-0.34413436	0.23428102	0.1232972	0.0044587734	0.2734005	0.15708774	-0.0219086	-0.026665375	-0.10313437
0.016325643	0.04893282	0.17286374	-0.13954169	0.073576294	0.08901007	-0.4680528	0.17726512	-0.2126143	-0.0041477615	0.059262164	0.12026353	0.2592797	-0.2371594	-0.15982395	0.9999996	-0.078850865	-0.23154221	-0.34023392	0.1434356	0.0039940905	0.09631858	0.2256632	-0.20897049	-0.12280022
-0.52490795	0.2753698	-0.112329304	0.20867938	-0.27785382	0.20848791	0.12417126	-0.2330523	0.030019041	0.27535316	-0.19725935	0.22431752	0.03732759	0.15996872	-0.34413436	-0.078850865	0.99999964	-0.20546268	-0.08827036	-0.20769286	-0.42982793	-0.26615986	-0.20539112	0.20549619	0.22266424
0.17469737	-0.34549052	0.035076525	-0.004513231	0.14244935	-0.438902	0.114134565	0.043609977	-0.00017834494	-0.2688193	0.15995495	-0.35443184	-0.34185156	-0.06153361	0.23428102	-0.23154221	-0.20546268	0.9999997	0.26560447	0.1078993	0.23403907	0.11920159	-0.037871856	-0.118821196	-0.18420357
0.0746534	-0.23960036	-0.035696685	0.120082624	-0.027820192	-0.31325707	0.19694678	-0.08147602	-0.05360146	-0.12178694	0.09581068	-0.27763277	-0.46013555	0.0653748	0.1232972	-0.34023392	-0.08827036	0.26560447	0.9999998	0.058775764	0.101612315	-0.09206419	-0.063301094	0.015226121	0.028144466
0.17593528	-0.12859508	0.23444305	-0.0034381722	0.10022656	-0.1715978	-0.22640449	0.19882838	-0.36635807	-0.37784255	0.2690944	-0.08091085	0.013810085	-0.29528877	0.0044587734	0.1434356	-0.20769286	0.1078993	0.058775764	0.9999997	0.15781741	0.20768659	0.23026997	-0.44738543	-0.3619611
0.24214591	-0.39398164	0.089763954	-0.26979285	0.24596913	-0.3205136	-0.06850788	0.14306176	-0.07203216	-0.2996343	0.137268	-0.39897045	-0.09248279	-0.065561056	0.2734005	0.0039940905	-0.42982793	0.23403907	0.101612315	0.15781741	0.99999976	0.21897939	0.10375499	-0.118277416	-0.2794461
0.25239518	-0.21385853	0.14958376	-0.3672833	0.24764304	-0.15179251	-0.20915596	0.27747777	-0.08357356	-0.3445276	0.21938181	-0.13088347	0.08582495	-0.305483	0.15708774	0.09631858	-0.26615986	0.11920159	-0.09206419	0.20768659	0.21897939	0.99999964	0.24654	-0.34162283	-0.4523675
0.2060565	-0.19409825	0.24922177	-0.21407291	0.068986766	-0.037239023	-0.3022831	0.24175563	-0.29762006	-0.27862763	0.24526794	0.05703349	0.15833712	-0.34568316	-0.0219086	0.2256632	-0.20539112	-0.037871856	-0.063301094	0.23026997	0.10375499	0.24654	0.9999994	-0.31570858	-0.2527127
-0.3371899	0.16941474	-0.16483884	0.08037169	-0.13573004	0.15612355	0.21794885	-0.36206007	0.138976	0.27671924	-0.37953472	0.02140487	-0.1333074	0.26776767	-0.026665375	-0.20897049	0.20549619	-0.118821196	0.015226121	-0.44738543	-0.118277416	-0.34162283	-0.31570858	0.9999993	0.25880116
-0.17955548	0.17376105	-0.25041345	0.17497982	-0.33411276	0.17099586	0.21611258	-0.38898128	0.09779984	0.2547571	-0.18118241	0.13015458	-0.13961789	0.24182403	-0.10313437	-0.12280022	0.22266424	-0.18420357	0.028144466	-0.3619611	-0.2794461	-0.4523675	-0.2527127	0.25880116	0.9999993
