1.0000001	0.09148146	0.04506617	-0.37619835	0.30363676	-0.25114954	-0.16585751	-0.2927321	0.13928631	-0.0020788398	0.24230473	0.15731545	0.22559917	-0.21732686	-0.044528455	0.08849931	0.22151083	-0.3485537	-0.13300213	-0.2546509	-0.2026475	0.07804589	0.1654615	-0.34516913	-0.18395178
0.09148146	1.0000001	-0.08888335	-0.20449102	0.06565454	-0.24810767	-0.21210827	-0.15522763	0.2986606	-0.3738983	0.128671	0.26227462	0.21657474	-0.35938475	-0.40030253	0.25571993	0.22647384	0.1292192	-0.3431919	-0.036617186	-0.42563012	-0.35747045	0.3036835	-0.299973	0.22183263
0.04506617	-0.08888335	0.99999976	0.1068934	0.11694647	0.009531901	-0.34982494	-0.2245526	0.022411846	0.1633763	0.10790102	0.08591055	0.0482937	0.036382895	0.1387165	-0.34205836	-0.2033269	-0.20944265	0.25062418	-0.5001278	0.06896948	0.105894215	-0.08125922	0.023721106	-0.24434666
-0.37619835	-0.20449102	0.1068934	0.99999964	-0.32966393	0.287585	0.089399084	0.20109335	-0.21349056	0.17939821	-0.3553948	-0.16925149	-0.33484125	0.26128206	0.16891663	-0.3113362	-0.40963542	0.08171123	0.20760487	0.022627931	0.27039167	0.080191076	-0.31014183	0.27387157	-0.013441395
0.30363676	0.06565454	0.11694647	-0.32966393	0.99999946	-0.2708329	-0.28240088	-0.25417197	0.14138594	-0.0059971362	0.28285265	0.11197326	0.21293297	-0.1568078	-0.015196455	0.0029692024	0.17459425	-0.44285956	-0.024587834	-0.17711893	-0.20903093	0.09622391	0.12977564	-0.26096806	-0.24036382
-0.25114954	-0.24810767	0.009531901	0.287585	-0.2708329	0.9999996	0.20195821	0.26925752	-0.38284153	0.21474648	-0.5051127	-0.2586068	-0.4098143	0.28077635	0.20048302	-0.1654555	-0.3165436	0.054128107	0.13681288	0.088614635	0.28467777	0.1333205	-0.29191715	0.26510066	-0.07811499
-0.16585751	-0.21210827	-0.34982494	0.089399084	-0.28240088	0.20195821	0.99999946	0.28373033	-0.33629653	0.06888873	-0.3091046	-0.38308355	-0.23947683	0.1914275	0.10007554	0.05945861	-0.024855332	0.08949527	-0.06609555	0.27713507	0.15621768	0.09209712	-0.22787909	0.18036419	0.015230072
-0.2927321	-0.15522763	-0.2245526	0.20109335	-0.25417197	0.26925752	0.28373033	0.9999995	-0.33579868	0.089107275	-0.37690532	-0.32553127	-0.4644691	0.24432081	0.10084413	0.010283092	-0.16769521	0.13453332	-0.009904619	0.24491058	0.1902241	0.03468625	-0.3036681	0.23579709	0.0434732
0.13928631	0.2986606	0.022411846	-0.21349056	0.14138594	-0.38284153	-0.33629653	-0.33579868	0.9999995	-0.3130103	0.2199995	0.2993399	0.28090954	-0.3669845	-0.27596644	0.17072381	0.20890987	0.06138329	-0.18499844	-0.12419096	-0.37596115	-0.3081002	0.31058872	-0.35568914	0.14126778
-0.0020788398	-0.3738983	0.1633763	0.17939821	-0.0059971362	0.21474648	0.06888873	0.089107275	-0.3130103	0.9999993	-0.12725328	-0.20919013	-0.24778332	0.24898292	0.3186907	-0.27510455	-0.2489163	-0.2308781	0.23452108	-0.03777646	0.2624508	0.2897951	-0.2944254	0.1702504	-0.41005102
0.24230473	0.128671	0.10790102	-0.3553948	0.28285265	-0.5051127	-0.3091046	-0.37690532	0.2199995	-0.12725328	0.9999992	0.18266375	0.27262202	-0.19973932	-0.1078725	0.01748869	0.15480337	-0.24944666	0.013881748	-0.15788142	-0.2861825	-0.017781643	0.1869105	-0.18006329	-0.061928872
0.15731545	0.26227462	0.08591055	-0.16925149	0.11197326	-0.2586068	-0.38308355	-0.32553127	0.2993399	-0.20919013	0.18266375	0.9999991	0.27132767	-0.3864243	-0.2565235	0.11426595	0.15001029	0.064497545	-0.15779695	-0.31765658	-0.2312592	-0.28289476	0.28495523	-0.38264325	0.1118079
0.22559917	0.21657474	0.0482937	-0.33484125	0.21293297	-0.4098143	-0.23947683	-0.4644691	0.28090954	-0.24778332	0.27262202	0.27132767	0.999999	-0.43003905	-0.20407243	0.100536674	0.19770868	-0.06558109	-0.0716669	-0.26005957	-0.231219	-0.14232391	0.27524647	-0.2762922	0.046436235
-0.21732686	-0.35938475	0.036382895	0.26128206	-0.1568078	0.28077635	0.1914275	0.24432081	-0.3669845	0.24898292	-0.19973932	-0.3864243	-0.43003905	0.99999905	0.24694088	-0.2527689	-0.30680996	-0.05881923	0.20761529	0.09555784	0.28186166	0.20579357	-0.45886067	0.30184114	-0.09926763
-0.044528455	-0.40030253	0.1387165	0.16891663	-0.015196455	0.20048302	0.10007554	0.10084413	-0.27596644	0.3186907	-0.1078725	-0.2565235	-0.20407243	0.24694088	0.99999917	-0.30901605	-0.16286181	-0.28633454	0.23259929	-0.015410655	0.2612391	0.29984772	-0.28055462	0.17955388	-0.410187
0.08849931	0.25571993	-0.34205836	-0.3113362	0.0029692024	-0.1654555	0.05945861	0.010283092	0.17072381	-0.27510455	0.01748869	0.11426595	0.100536674	-0.2527689	-0.30901605	0.9999992	0.26697847	0.13868283	-0.46235254	0.13854843	-0.3827733	-0.25548646	0.23039387	-0.25582075	0.20444809
0.22151083	0.22647384	-0.2033269	-0.40963542	0.17459425	-0.3165436	-0.024855332	-0.16769521	0.20890987	-0.2489163	0.15480337	0.15001029	0.19770868	-0.30680996	-0.16286181	0.26697847	0.99999905	-0.0241469	-0.43172178	0.059359536	-0.35275817	-0.06701309	0.2538926	-0.40946195	0.0379671
-0.3485537	0.1292192	-0.20944265	0.08171123	-0.44285956	0.054128107	0.08949527	0.13453332	0.06138329	-0.2308781	-0.24944666	0.064497545	-0.06558109	-0.05881923	-0.28633454	0.13868283	-0.0241469	0.9999992	-0.13394026	0.12160771	-0.023953527	-0.34517902	0.064277254	0.027045446	0.29085192
-0.13300213	-0.3431919	0.25062418	0.20760487	-0.024587834	0.13681288	-0.06609555	-0.009904619	-0.18499844	0.23452108	0.013881748	-0.15779695	-0.0716669	0.20761529	0.23259929	-0.46235254	-0.43172178	-0.13394026	0.99999934	-0.2004348	0.23857415	0.1871358	-0.28038058	0.21647958	-0.17788246
-0.2546509	-0.036617186	-0.5001278	0.022627931	-0.17711893	0.088614635	0.27713507	0.24491058	-0.12419096	-0.03777646	-0.15788142	-0.31765658	-0.26005957	0.09555784	-0.015410655	0.13854843	0.059359536	0.12160771	-0.2004348	0.99999934	0.03778107	0.00269896	-0.066182844	0.082634486	0.1010943
-0.2026475	-0.42563012	0.06896948	0.27039167	-0.20903093	0.28467777	0.15621768	0.1902241	-0.37596115	0.2624508	-0.2861825	-0.2312592	-0.231219	0.28186166	0.2612391	-0.3827733	-0.35275817	-0.023953527	0.23857415	0.03778107	0.99999905	0.1976526	-0.3142815	0.27648067	-0.21273433
0.07804589	-0.35747045	0.105894215	0.080191076	0.09622391	0.1333205	0.09209712	0.03468625	-0.3081002	0.2897951	-0.017781643	-0.28289476	-0.14232391	0.20579357	0.29984772	-0.25548646	-0.06701309	-0.34517902	0.1871358	0.00269896	0.1976526	0.9999989	-0.32942685	0.109811515	-0.4534653
0.1654615	0.3036835	-0.08125922	-0.31014183	0.12977564	-0.29191715	-0.22787909	-0.3036681	0.31058872	-0.2944254	0.1869105	0.28495523	0.27524647	-0.45886067	-0.28055462	0.23039387	0.2538926	0.064277254	-0.28038058	-0.066182844	-0.3142815	-0.32942685	0.9999991	-0.38423932	0.14095053
-0.34516913	-0.299973	0.023721106	0.27387157	-0.26096806	0.26510066	0.18036419	0.23579709	-0.35568914	0.1702504	-0.18006329	-0.38264325	-0.2762922	0.30184114	0.17955388	-0.25582075	-0.40946195	0.027045446	0.21647958	0.082634486	0.27648067	0.109811515	-0.38423932	0.99999905	-0.009472137
-0.18395178	0.22183263	-0.24434666	-0.013441395	-0.24036382	-0.07811499	0.015230072	0.0434732	0.14126778	-0.41005102	-0.061928872	0.1118079	0.046436235	-0.09926763	-0.410187	0.20444809	0.0379671	0.29085192	-0.17788246	0.1010943	-0.21273433	-0.4534653	0.14095053	-0.009472137	0.99999905
