1.0	-0.0701846	-0.48428115	0.25836402	0.06046714	-0.32208464	-0.3346583	-0.009020602	0.13072379	0.053950295	-0.087644614	0.15748525	-0.46424198	-0.013456621	-0.123895966	0.082034476	-0.01195084	-0.1068311	-0.16323519	0.071757294	-0.16187897	0.2799232	-0.13977054	0.23777315	0.1060948
-0.0701846	0.9999997	0.109701015	0.11095548	0.17795242	-0.014042409	-0.23868816	0.007015335	-0.03694335	-0.07490549	-0.0057189805	-0.10220142	0.08639596	-0.18332332	-0.33047426	-0.45070112	-0.5720598	0.15791945	0.1308932	-0.0799421	0.17663856	-0.07323393	-0.012857625	-0.1110063	0.11993107
-0.48428115	0.109701015	0.9999995	-0.20184276	0.022532128	0.21633758	0.15392596	0.058505137	-0.15515521	-0.18149182	0.15658645	-0.24748984	0.28546783	-0.09520213	-1.0174832e-5	-0.14444889	-0.09879692	0.17650689	0.1960206	-0.062446356	0.19508809	-0.5122252	0.1724745	-0.401359	-0.1645654
0.25836402	0.11095548	-0.20184276	0.9999996	0.12998195	-0.30293342	-0.5435068	-0.10635934	0.15744534	-0.0045710844	-0.07458542	0.11363817	-0.35546124	-0.10394606	-0.23497084	-0.109004796	-0.1583988	-0.08071313	-0.08221543	0.099948585	-0.028245438	0.21477947	-0.26281297	0.16670084	0.19811663
0.06046714	0.17795242	0.022532128	0.12998195	0.99999976	0.08748899	-0.12383934	0.18087608	-0.14384873	-0.2542554	0.1556235	-0.17760229	-0.13193838	-0.5088063	-0.4564893	-0.25681743	-0.3294493	0.24177194	0.19828595	-0.19452678	0.23306443	0.017557545	0.109696925	-0.109744005	-0.1215183
-0.32208464	-0.014042409	0.21633758	-0.30293342	0.08748899	0.9999998	0.2176836	0.23052832	-0.32998487	-0.15100619	0.22431882	-0.34614608	0.18085043	-0.050783947	-0.043718807	-0.18262011	0.027945874	0.1989623	0.24907118	-0.383478	0.20331402	-0.22472134	0.27499816	-0.3527649	-0.3478997
-0.3346583	-0.23868816	0.15392596	-0.5435068	-0.12383934	0.2176836	0.9999998	0.08048097	-0.15203562	-0.024910003	0.13568285	-0.16368257	0.16195916	0.13763046	0.17849967	0.11484666	0.17829874	-0.008543424	0.06051984	-0.15586928	-0.01353313	-0.27330723	0.18855374	-0.08423534	-0.25332668
-0.009020602	0.007015335	0.058505137	-0.10635934	0.18087608	0.23052832	0.08048097	1.0	-0.46317983	-0.24473742	0.2317465	-0.2705894	0.03173165	-0.26763192	-0.0694408	-0.16018829	-0.004805039	0.23135436	0.25783575	-0.4287341	0.22172284	-0.048112642	0.26859623	-0.25962493	-0.43079275
0.13072379	-0.03694335	-0.15515521	0.15744534	-0.14384873	-0.32998487	-0.15203562	-0.46317983	1.0	0.2505376	-0.3693153	0.26808748	-0.17353648	0.12531029	0.093154885	0.15151536	0.009087229	-0.2791969	-0.39369696	0.30101326	-0.22609736	0.19235614	-0.43950415	0.24022181	0.26406226
0.053950295	-0.07490549	-0.18149182	-0.0045710844	-0.2542554	-0.15100619	-0.024910003	-0.24473742	0.2505376	0.99999994	-0.4990483	0.27944976	-0.07442403	0.21724667	0.21126059	0.18587644	0.1437781	-0.36403906	-0.40037447	0.23622204	-0.38475716	0.17347623	-0.2502726	0.2124152	0.13933048
-0.087644614	-0.0057189805	0.15658645	-0.07458542	0.1556235	0.22431882	0.13568285	0.2317465	-0.3693153	-0.4990483	1.0	-0.48345658	0.03737782	-0.091181085	-0.16101901	-0.08560392	-0.02971657	0.2240274	0.27193552	-0.3032624	0.23390923	-0.25736314	0.24606025	-0.19636777	-0.26511914
0.15748525	-0.10220142	-0.24748984	0.11363817	-0.17760229	-0.34614608	-0.16368257	-0.2705894	0.26808748	0.27944976	-0.48345658	0.99999994	-0.06596316	0.15572324	0.1247739	0.16965665	0.07587842	-0.37414983	-0.31280372	0.26886874	-0.42858356	0.18439862	-0.21467376	0.24701203	0.19274281
-0.46424198	0.08639596	0.28546783	-0.35546124	-0.13193838	0.18085043	0.16195916	0.03173165	-0.17353648	-0.07442403	0.03737782	-0.06596316	0.99999994	-0.023968874	0.07111957	-0.074287444	-0.01200225	0.116133705	0.14253376	-0.02807314	0.1124914	-0.43493658	0.1424133	-0.3942909	-0.08040612
-0.013456621	-0.18332332	-0.09520213	-0.10394606	-0.5088063	-0.050783947	0.13763046	-0.26763192	0.12531029	0.21724667	-0.091181085	0.15572324	-0.023968874	0.9999999	0.25118315	0.19074705	0.21563263	-0.44128728	-0.25356045	0.1657552	-0.37963352	-0.006876174	-0.108404346	0.1652881	0.07441199
-0.123895966	-0.33047426	-1.0174832e-5	-0.23497084	-0.4564893	-0.043718807	0.17849967	-0.0694408	0.093154885	0.21126059	-0.16101901	0.1247739	0.07111957	0.25118315	0.99999976	0.2554548	0.27689433	-0.26657468	-0.2579442	0.10200068	-0.25342005	0.015100422	-0.023443056	0.07733383	-0.039989542
0.082034476	-0.45070112	-0.14444889	-0.109004796	-0.25681743	-0.18262011	0.11484666	-0.16018829	0.15151536	0.18587644	-0.08560392	0.16965665	-0.074287444	0.19074705	0.2554548	0.99999976	0.27461404	-0.2052428	-0.2572287	0.15422271	-0.24025008	0.08000428	-0.09760978	0.14067404	-0.051976696
-0.01195084	-0.5720598	-0.09879692	-0.1583988	-0.3294493	0.027945874	0.17829874	-0.004805039	0.009087229	0.1437781	-0.02971657	0.07587842	-0.01200225	0.21563263	0.27689433	0.27461404	0.9999996	-0.22269714	-0.110858366	0.052356824	-0.20665012	0.053733647	-0.038138244	0.056744765	-0.12645619
-0.1068311	0.15791945	0.17650689	-0.08071313	0.24177194	0.1989623	-0.008543424	0.23135436	-0.2791969	-0.36403906	0.2240274	-0.37414983	0.116133705	-0.44128728	-0.26657468	-0.2052428	-0.22269714	0.9999996	0.29136646	-0.27790767	0.32176837	-0.15992469	0.19789222	-0.36835426	-0.12181709
-0.16323519	0.1308932	0.1960206	-0.08221543	0.19828595	0.24907118	0.06051984	0.25783575	-0.39369696	-0.40037447	0.27193552	-0.31280372	0.14253376	-0.25356045	-0.2579442	-0.2572287	-0.110858366	0.29136646	0.9999996	-0.3928402	0.29375544	-0.28184572	0.26507455	-0.29362273	-0.24014357
0.071757294	-0.0799421	-0.062446356	0.099948585	-0.19452678	-0.383478	-0.15586928	-0.4287341	0.30101326	0.23622204	-0.3032624	0.26886874	-0.02807314	0.1657552	0.10200068	0.15422271	0.052356824	-0.27790767	-0.3928402	0.99999946	-0.29392868	0.12191564	-0.42872384	0.1880752	0.2633692
-0.16187897	0.17663856	0.19508809	-0.028245438	0.23306443	0.20331402	-0.01353313	0.22172284	-0.22609736	-0.38475716	0.23390923	-0.42858356	0.1124914	-0.37963352	-0.25342005	-0.24025008	-0.20665012	0.32176837	0.29375544	-0.29392868	0.9999995	-0.1483022	0.19093612	-0.3817473	-0.15219192
0.2799232	-0.07323393	-0.5122252	0.21477947	0.017557545	-0.22472134	-0.27330723	-0.048112642	0.19235614	0.17347623	-0.25736314	0.18439862	-0.43493658	-0.006876174	0.015100422	0.08000428	0.053733647	-0.15992469	-0.28184572	0.12191564	-0.1483022	0.99999964	-0.30510226	0.24427941	0.15249233
-0.13977054	-0.012857625	0.1724745	-0.26281297	0.109696925	0.27499816	0.18855374	0.26859623	-0.43950415	-0.2502726	0.24606025	-0.21467376	0.1424133	-0.108404346	-0.023443056	-0.09760978	-0.038138244	0.19789222	0.26507455	-0.42872384	0.19093612	-0.30510226	0.9999996	-0.1966283	-0.47330996
0.23777315	-0.1110063	-0.401359	0.16670084	-0.109744005	-0.3527649	-0.08423534	-0.25962493	0.24022181	0.2124152	-0.19636777	0.24701203	-0.3942909	0.1652881	0.07733383	0.14067404	0.056744765	-0.36835426	-0.29362273	0.1880752	-0.3817473	0.24427941	-0.1966283	0.9999996	0.18135679
0.1060948	0.11993107	-0.1645654	0.19811663	-0.1215183	-0.3478997	-0.25332668	-0.43079275	0.26406226	0.13933048	-0.26511914	0.19274281	-0.08040612	0.07441199	-0.039989542	-0.051976696	-0.12645619	-0.12181709	-0.24014357	0.2633692	-0.15219192	0.15249233	-0.47330996	0.18135679	0.9999996
