1.0000001	-0.17699638	-0.06391352	0.03304511	-0.32278657	-0.025553526	-0.07070343	0.19230387	0.14786474	0.07961581	-0.041582268	-0.059157867	-0.36250693	-0.09354277	0.18869452	-0.49883273	0.26743785	0.09630569	0.08572193	0.13367254	0.06512803	0.261288	-0.46950015	-0.27603143	-0.18437946
-0.17699638	1.0000001	-0.16873659	-0.356349	0.2205204	-0.09214809	0.26205376	-0.32889202	-0.3024346	0.12437662	0.23308021	0.26834798	0.24530023	0.28143334	-0.28735408	0.20497774	-0.25597015	-0.3865562	-0.30858397	-0.40893805	0.1632231	-0.32319337	0.2659502	0.22367704	0.26338202
-0.06391352	-0.16873659	1.0000004	0.2640803	0.010855201	0.29840222	-0.3775622	0.19612853	0.14092156	-0.49185157	-0.321622	-0.21952593	-0.20253776	-0.31247008	0.04746885	0.049453262	-0.013548141	0.24054638	0.27339768	0.20609325	-0.430418	0.09191507	-0.09126829	-0.10927896	-0.29105422
0.03304511	-0.356349	0.2640803	1.0000005	-0.16933812	0.2479588	-0.45604512	0.24040139	0.19184715	-0.23140293	-0.471318	-0.2539424	-0.12827995	-0.30516592	0.18387482	-0.016368508	0.054482162	0.23521367	0.26375675	0.25680602	-0.29834542	0.15348676	-0.1326864	-0.2506548	-0.36088228
-0.32278657	0.2205204	0.010855201	-0.16933812	1.0000006	0.015228089	0.1326983	-0.14646308	-0.47128463	-0.05249504	0.17110854	0.07009244	0.11872761	0.21421441	-0.5505517	0.2234761	-0.14042233	-0.05948166	-0.047266897	-0.29236877	0.039928474	-0.1671806	0.20624252	0.05406766	0.13084958
-0.025553526	-0.09214809	0.29840222	0.2479588	0.015228089	1.0000004	-0.3471529	0.17737788	0.089555226	-0.5273639	-0.32002777	-0.29182985	-0.15636696	-0.124759145	-0.0036315823	0.05896329	-0.013760289	0.22470242	0.24808165	0.16537103	-0.42905268	0.086539716	-0.04326996	-0.21916778	-0.27340418
-0.07070343	0.26205376	-0.3775622	-0.45604512	0.1326983	-0.3471529	1.0000005	-0.28859684	-0.17447816	0.23965408	0.28047812	0.25874218	0.20764107	0.25896952	-0.2651237	0.06928255	-0.15298685	-0.27335623	-0.40150878	-0.24642377	0.2531894	-0.20279263	0.17707768	0.22118486	0.2919995
0.19230387	-0.32889202	0.19612853	0.24040139	-0.14646308	0.17737788	-0.28859684	1.0000006	0.21066229	-0.17149523	-0.28944606	-0.3871544	-0.3842154	-0.28249848	0.16988823	-0.29320562	0.2255759	0.29842204	0.2948354	0.25882304	-0.19750205	0.29471958	-0.3458017	-0.37840644	-0.35922086
0.14786474	-0.3024346	0.14092156	0.19184715	-0.47128463	0.089555226	-0.17447816	0.21066229	1.0000007	-0.10879464	-0.35513532	-0.23911853	-0.2297895	-0.45090002	0.2579201	-0.18457694	0.070737705	0.17883171	0.1867657	0.2970909	-0.22705173	0.15042786	-0.27096543	-0.026000123	-0.107743025
0.07961581	0.12437662	-0.49185157	-0.23140293	-0.05249504	-0.5273639	0.23965408	-0.17149523	-0.10879464	1.0000007	0.22367047	0.23640148	0.13673458	0.16342993	0.040625177	-0.055248182	0.008563312	-0.31153765	-0.30885464	-0.1976301	0.2950687	-0.08292943	0.039143797	0.11940961	0.18196058
-0.041582268	0.23308021	-0.321622	-0.471318	0.17110854	-0.32002777	0.28047812	-0.28944606	-0.35513532	0.22367047	1.0000007	0.22213638	0.13523917	0.291171	-0.27071455	0.03150222	0.011285986	-0.19379386	-0.26101452	-0.36770922	0.28813615	-0.090306185	0.12025173	0.12227809	0.20665094
-0.059157867	0.26834798	-0.21952593	-0.2539424	0.07009244	-0.29182985	0.25874218	-0.3871544	-0.23911853	0.23640148	0.22213638	1.0000006	0.25407776	0.24704324	-0.07342542	0.11150461	-0.14075176	-0.49108815	-0.42717892	-0.3587758	0.23441122	-0.3307608	0.22031276	0.23147395	0.2420103
-0.36250693	0.24530023	-0.20253776	-0.12827995	0.11872761	-0.15636696	0.20764107	-0.3842154	-0.2297895	0.13673458	0.13523917	0.25407776	1.0000005	0.19384313	-0.10974742	0.24987914	-0.36716717	-0.37576663	-0.34595484	-0.16309781	0.10059166	-0.397713	0.28731394	0.28150696	0.2586472
-0.09354277	0.28143334	-0.31247008	-0.30516592	0.21421441	-0.124759145	0.25896952	-0.28249848	-0.45090002	0.16342993	0.291171	0.24704324	0.19384313	1.0000005	-0.35413796	0.11250178	-0.036990367	-0.28898433	-0.33704042	-0.42433634	0.24090272	-0.19737236	0.19634736	0.113864236	0.21068516
0.18869452	-0.28735408	0.04746885	0.18387482	-0.5505517	-0.0036315823	-0.2651237	0.16988823	0.2579201	0.040625177	-0.27071455	-0.07342542	-0.10974742	-0.35413796	1.0000004	-0.27593094	0.117742084	0.08273143	0.11136899	0.22659154	-0.086405404	0.17035997	-0.16334601	-0.05681998	-0.27807483
-0.49883273	0.20497774	0.049453262	-0.016368508	0.2234761	0.05896329	0.06928255	-0.29320562	-0.18457694	-0.055248182	0.03150222	0.11150461	0.24987914	0.11250178	-0.27593094	1.0000005	-0.43368104	-0.1555094	-0.10759705	-0.16586457	-0.10108625	-0.38282847	0.28112593	0.20889822	0.18530302
0.26743785	-0.25597015	-0.013548141	0.054482162	-0.14042233	-0.013760289	-0.15298685	0.2255759	0.070737705	0.008563312	0.011285986	-0.14075176	-0.36716717	-0.036990367	0.117742084	-0.43368104	1.0000004	0.16359597	0.117588066	0.06350378	0.09663485	0.28634945	-0.25707728	-0.47149435	-0.32275638
0.09630569	-0.3865562	0.24054638	0.23521367	-0.05948166	0.22470242	-0.27335623	0.29842204	0.17883171	-0.31153765	-0.19379386	-0.49108815	-0.37576663	-0.28898433	0.08273143	-0.1555094	0.16359597	1.0000005	0.31559306	0.24906638	-0.28662726	0.24221316	-0.22861223	-0.32014242	-0.24785636
0.08572193	-0.30858397	0.27339768	0.26375675	-0.047266897	0.24808165	-0.40150878	0.2948354	0.1867657	-0.30885464	-0.26101452	-0.42717892	-0.34595484	-0.33704042	0.11136899	-0.10759705	0.117588066	0.31559306	1.0000004	0.26252002	-0.3216144	0.22627644	-0.2964832	-0.27248743	-0.25704634
0.13367254	-0.40893805	0.20609325	0.25680602	-0.29236877	0.16537103	-0.24642377	0.25882304	0.2970909	-0.1976301	-0.36770922	-0.3587758	-0.16309781	-0.42433634	0.22659154	-0.16586457	0.06350378	0.24906638	0.26252002	1.0000004	-0.32548943	0.19958155	-0.33133468	-0.1259713	-0.19693702
0.06512803	0.1632231	-0.430418	-0.29834542	0.039928474	-0.42905268	0.2531894	-0.19750205	-0.22705173	0.2950687	0.28813615	0.23441122	0.10059166	0.24090272	-0.086405404	-0.10108625	0.09663485	-0.28662726	-0.3216144	-0.32548943	1.0000004	-0.021845326	0.050507624	0.068670176	0.14690632
0.261288	-0.32319337	0.09191507	0.15348676	-0.1671806	0.086539716	-0.20279263	0.29471958	0.15042786	-0.08292943	-0.090306185	-0.3307608	-0.397713	-0.19737236	0.17035997	-0.38282847	0.28634945	0.24221316	0.22627644	0.19958155	-0.021845326	1.0000004	-0.4223032	-0.35752344	-0.40181154
-0.46950015	0.2659502	-0.09126829	-0.1326864	0.20624252	-0.04326996	0.17707768	-0.3458017	-0.27096543	0.039143797	0.12025173	0.22031276	0.28731394	0.19634736	-0.16334601	0.28112593	-0.25707728	-0.22861223	-0.2964832	-0.33133468	0.050507624	-0.4223032	1.0000006	0.23288846	0.22499293
-0.27603143	0.22367704	-0.10927896	-0.2506548	0.05406766	-0.21916778	0.22118486	-0.37840644	-0.026000123	0.11940961	0.12227809	0.23147395	0.28150696	0.113864236	-0.05681998	0.20889822	-0.47149435	-0.32014242	-0.27248743	-0.1259713	0.068670176	-0.35752344	0.23288846	1.0000007	0.2782741
-0.18437946	0.26338202	-0.29105422	-0.36088228	0.13084958	-0.27340418	0.2919995	-0.35922086	-0.107743025	0.18196058	0.20665094	0.2420103	0.2586472	0.21068516	-0.27807483	0.18530302	-0.32275638	-0.24785636	-0.25704634	-0.19693702	0.14690632	-0.40181154	0.22499293	0.2782741	1.0000007
