1.0000002	-0.1213358	0.27803305	-0.12764257	0.009509665	0.019112376	-0.13572565	0.06969128	-0.40297988	0.19237359	0.21214437	0.09604736	-0.45915493	-0.10362376	-0.09542507	0.037685465	0.10044494	0.24895723	0.007472021	0.22403452	-0.13561651	-0.13774237	-0.4232695	-0.17024355	-0.36681196
-0.1213358	1.0000004	-0.13198797	-0.2681319	0.2494859	-0.4115245	0.2932978	0.1922611	0.045041837	0.062286586	-0.0629642	-0.38370538	0.1281095	0.013358496	0.28946945	-0.36724883	-0.2868128	-0.111633986	0.19057487	-0.38393652	0.26938185	-0.12216285	0.10167884	0.2759178	-0.12947936
0.27803305	-0.13198797	1.0000004	-0.20866095	0.055002466	0.04472752	-0.19239582	0.052569784	-0.20449585	0.09530333	0.24060911	0.1550625	-0.3917183	-0.2516502	-0.11278014	-0.06839255	0.11765524	0.24281117	0.097412944	0.24892636	-0.21136782	-0.054983404	-0.53619856	-0.1214685	-0.29814294
-0.12764257	-0.2681319	-0.20866095	1.0000002	-0.4020591	0.1739449	-0.21599457	-0.34225288	0.13186097	-0.07660723	-0.26504165	0.034563273	0.058150563	0.23816215	-0.1476001	0.28962404	0.18862966	-0.07986591	-0.44768226	0.050052304	-0.04664294	0.20043865	0.14736986	-0.27119756	0.23685744
0.009509665	0.2494859	0.055002466	-0.4020591	1.0000002	-0.35445416	0.22696988	0.28539848	-0.08994817	0.14442846	0.15214199	-0.18492967	-0.01710159	-0.27293283	0.21823648	-0.43913966	-0.3278652	0.02974318	0.28878304	-0.1164859	0.18338348	-0.32865885	-0.08001933	0.2633224	-0.2291973
0.019112376	-0.4115245	0.04472752	0.1739449	-0.35445416	1.0	-0.24148475	-0.16733187	0.018497257	-0.1651033	-0.029383477	0.2868079	-0.037989	-0.03211331	-0.48060724	0.2381695	0.23149386	0.08065418	-0.21728079	0.18026891	-0.4494125	0.20460314	-0.036743645	-0.23108876	0.124586254
-0.13572565	0.2932978	-0.19239582	-0.21599457	0.22696988	-0.24148475	0.99999994	0.2106941	0.018670872	0.03572058	-0.027841954	-0.33889827	0.15865952	-0.0149181355	0.26067832	-0.26493046	-0.45308167	-0.21376942	0.14477961	-0.4580917	0.2624843	-0.095587075	0.12891617	0.29918897	-0.054563165
0.06969128	0.1922611	0.052569784	-0.34225288	0.28539848	-0.16733187	0.2106941	1.0000001	-0.2324041	0.16370967	0.1870749	-0.14475806	-0.12255501	-0.3650561	0.1580335	-0.2981301	-0.3870266	0.08703826	0.21807702	-0.09654641	0.15923494	-0.25307396	-0.058021374	0.24621189	-0.35939643
-0.40297988	0.045041837	-0.20449585	0.13186097	-0.08994817	0.018497257	0.018670872	-0.2324041	1.0	-0.5603102	-0.28541672	-0.07552627	0.2534219	0.15464918	0.05088454	0.07034585	0.058864612	-0.18182518	-0.08555933	-0.20452397	0.0038211448	0.20758228	0.24251758	-0.058258638	0.21692467
0.19237359	0.062286586	0.09530333	-0.07660723	0.14442846	-0.1651033	0.03572058	0.16370967	-0.5603102	1.0	0.1630621	-0.12640502	-0.26166078	-0.050370563	0.061756596	-0.1620479	-0.12758142	0.11858308	0.12872219	0.059931494	0.10818887	-0.46586028	-0.20883864	0.08741839	-0.16231702
0.21214437	-0.0629642	0.24060911	-0.26504165	0.15214199	-0.029383477	-0.027841954	0.1870749	-0.28541672	0.1630621	0.9999999	0.109299645	-0.21742438	-0.45405772	-0.13636884	-0.099046476	-0.07015414	0.25038582	0.15109336	0.17526361	-0.050384838	-0.32090986	-0.38158786	0.008747428	-0.32325166
0.09604736	-0.38370538	0.1550625	0.034563273	-0.18492967	0.2868079	-0.33889827	-0.14475806	-0.07552627	-0.12640502	0.109299645	0.9999999	-0.08205299	-0.14508115	-0.43030182	0.145736	0.2188803	0.16716816	-0.045539092	0.24555501	-0.5312423	0.1045231	-0.14511752	-0.199883	0.03164133
-0.45915493	0.1281095	-0.3917183	0.058150563	-0.01710159	-0.037989	0.15865952	-0.12255501	0.2534219	-0.26166078	-0.21742438	-0.08205299	0.9999998	0.15986317	0.09872596	-0.044693973	-0.11335615	-0.41576257	-0.0013339045	-0.35789672	0.118302435	0.12691467	0.28141996	0.13810077	0.22547896
-0.10362376	0.013358496	-0.2516502	0.23816215	-0.27293283	-0.03211331	-0.0149181355	-0.3650561	0.15464918	-0.050370563	-0.45405772	-0.14508115	0.15986317	0.99999976	0.077438965	0.16547523	0.089009754	-0.27533993	-0.23825894	-0.19240351	0.06388155	0.15741543	0.19659561	-0.11253357	0.23549324
-0.09542507	0.28946945	-0.11278014	-0.1476001	0.21823648	-0.48060724	0.26067832	0.1580335	0.05088454	0.061756596	-0.13636884	-0.43030182	0.09872596	0.077438965	0.9999998	-0.22531916	-0.28690132	-0.22923641	0.15002626	-0.2623022	0.3014659	-0.2109286	0.11628351	0.23130344	-0.07155553
0.037685465	-0.36724883	-0.06839255	0.28962404	-0.43913966	0.2381695	-0.26493046	-0.2981301	0.07034585	-0.1620479	-0.099046476	0.145736	-0.044693973	0.16547523	-0.22531916	0.9999998	0.25762925	-0.0034515073	-0.45002317	0.14207126	-0.17596023	0.21119106	0.040720053	-0.41703224	0.16858983
0.10044494	-0.2868128	0.11765524	0.18862966	-0.3278652	0.23149386	-0.45308167	-0.3870266	0.058864612	-0.12758142	-0.07015414	0.2188803	-0.11335615	0.089009754	-0.28690132	0.25762925	0.9999997	0.043562114	-0.15920524	0.21863219	-0.29685187	0.17770252	-0.11037706	-0.4659674	0.12799366
0.24895723	-0.111633986	0.24281117	-0.07986591	0.02974318	0.08065418	-0.21376942	0.08703826	-0.18182518	0.11858308	0.25038582	0.16716816	-0.41576257	-0.27533993	-0.22923641	-0.0034515073	0.043562114	0.9999997	-0.0151532255	0.23291121	-0.22954017	-0.20064287	-0.22231627	-0.1516027	-0.38179618
0.007472021	0.19057487	0.097412944	-0.44768226	0.28878304	-0.21728079	0.14477961	0.21807702	-0.08555933	0.12872219	0.15109336	-0.045539092	-0.0013339045	-0.23825894	0.15002626	-0.45002317	-0.15920524	-0.0151532255	0.99999964	-0.04655133	0.09215781	-0.37286973	-0.12917683	0.22155389	-0.14274286
0.22403452	-0.38393652	0.24892636	0.050052304	-0.1164859	0.18026891	-0.4580917	-0.09654641	-0.20452397	0.059931494	0.17526361	0.24555501	-0.35789672	-0.19240351	-0.2623022	0.14207126	0.21863219	0.23291121	-0.04655133	0.9999997	-0.25153276	0.0013932148	-0.31178802	-0.2822017	-0.074182175
-0.13561651	0.26938185	-0.21136782	-0.04664294	0.18338348	-0.4494125	0.2624843	0.15923494	0.0038211448	0.10818887	-0.050384838	-0.5312423	0.118302435	0.06388155	0.3014659	-0.17596023	-0.29685187	-0.22954017	0.09215781	-0.25153276	0.99999964	-0.1507715	0.13632284	0.22717448	-0.0764074
-0.13774237	-0.12216285	-0.054983404	0.20043865	-0.32865885	0.20460314	-0.095587075	-0.25307396	0.20758228	-0.46586028	-0.32090986	0.1045231	0.12691467	0.15741543	-0.2109286	0.21119106	0.17770252	-0.20064287	-0.37286973	0.0013932148	-0.1507715	0.99999946	0.119758315	-0.113971315	0.21398571
-0.4232695	0.10167884	-0.53619856	0.14736986	-0.08001933	-0.036743645	0.12891617	-0.058021374	0.24251758	-0.20883864	-0.38158786	-0.14511752	0.28141996	0.19659561	0.11628351	0.040720053	-0.11037706	-0.22231627	-0.12917683	-0.31178802	0.13632284	0.119758315	0.99999917	0.095864974	0.21501875
-0.17024355	0.2759178	-0.1214685	-0.27119756	0.2633224	-0.23108876	0.29918897	0.24621189	-0.058258638	0.08741839	0.008747428	-0.199883	0.13810077	-0.11253357	0.23130344	-0.41703224	-0.4659674	-0.1516027	0.22155389	-0.2822017	0.22717448	-0.113971315	0.095864974	0.99999917	-0.10197572
-0.36681196	-0.12947936	-0.29814294	0.23685744	-0.2291973	0.124586254	-0.054563165	-0.35939643	0.21692467	-0.16231702	-0.32325166	0.03164133	0.22547896	0.23549324	-0.07155553	0.16858983	0.12799366	-0.38179618	-0.14274286	-0.074182175	-0.0764074	0.21398571	0.21501875	-0.10197572	0.99999917
