1.0000001	-0.1858971	0.18129162	0.23295347	0.15084752	0.11927541	0.23863746	0.035071954	0.20152308	-0.43954116	0.069723286	0.26817137	-0.3498532	-0.4690104	-0.012909894	-0.0015404979	-0.3519648	0.045711063	-0.34982622	-0.11367538	-0.1314032	-0.2744767	0.19973741	0.28511533	-0.2400142
-0.1858971	1.0000004	-0.15477937	0.01737505	-0.75896484	-0.06031944	-0.15367247	0.022860255	-0.027638929	0.12893707	0.074970126	-0.05933078	0.013642963	0.09544249	-0.15744378	0.15929243	0.08897569	0.030723557	-0.06438261	0.08193276	-0.018738512	0.102369204	0.07030971	-0.120181	0.0776213
0.18129162	-0.15477937	1.0000004	0.04415871	0.108192354	0.254348	0.27599704	-0.26999462	0.24413055	-0.31720906	0.1908647	0.24330047	-0.3003571	-0.0775928	-0.14803621	0.13536803	-0.2031005	0.20628315	-0.24457194	-0.42077187	-0.21140718	-0.3364448	0.11428685	0.21397959	-0.34531203
0.23295347	0.01737505	0.04415871	1.0000004	0.02168831	0.058637176	0.1594087	0.080341406	0.13785252	-0.35182375	0.14491346	0.19742022	-0.24768098	-0.42641222	-0.05860785	0.05615643	-0.24920988	0.0029412752	-0.21969526	0.076436564	-0.3336236	-0.34846243	0.278101	0.12860812	-0.14261553
0.15084752	-0.75896484	0.108192354	0.02168831	1.0000002	0.026204798	0.12999699	0.0036814369	0.02649327	-0.19400984	-0.091718554	0.07227538	-0.01643796	-0.14156027	0.14924942	-0.2246379	-0.10040358	-0.06298454	0.040536355	-0.080033004	-0.025396267	-0.1541357	-0.054691833	0.11233954	-0.07451738
0.11927541	-0.06031944	0.254348	0.058637176	0.026204798	1.0000005	0.26642114	-0.39099193	0.21825346	-0.07779954	0.22893561	0.18612623	-0.1510734	-0.10734954	-0.20727797	0.20954077	-0.33340925	0.28521192	-0.13621108	-0.41855097	-0.08874634	-0.28332445	0.031705514	0.12477016	-0.4518251
0.23863746	-0.15367247	0.27599704	0.1594087	0.12999699	0.26642114	1.0000004	-0.1371468	0.23314841	-0.28536317	0.18504688	0.22636701	-0.24728583	-0.2075655	-0.08524546	0.111840285	-0.38193005	0.16257685	-0.18665078	-0.33934173	-0.13849065	-0.5329277	0.13456386	0.17805102	-0.32511306
0.035071954	0.022860255	-0.26999462	0.080341406	0.0036814369	-0.39099193	-0.1371468	1.0000004	-0.08142121	-0.010259949	-0.18611832	-0.21100168	0.04269862	-0.090631746	0.22071931	-0.31689826	0.08255699	-0.5837698	0.071245335	0.21414474	0.04221404	0.077333316	0.055455606	-0.033013668	0.21917672
0.20152308	-0.027638929	0.24413055	0.13785252	0.02649327	0.21825346	0.23314841	-0.08142121	1.0000005	-0.13308874	0.22899885	0.25298598	-0.34665573	-0.19446287	-0.27219063	0.12993944	-0.40828794	0.17747398	-0.335156	-0.35230717	-0.3930007	-0.27612475	0.19921678	0.2119831	-0.26491335
-0.43954116	0.12893707	-0.31720906	-0.35182375	-0.19400984	-0.07779954	-0.28536317	-0.010259949	-0.13308874	1.0000004	-0.14645584	-0.3430275	0.27077731	0.27265647	0.050148685	-0.02247236	0.23117441	-0.016730772	0.24926522	0.085477345	0.21302438	0.24717169	-0.31567904	-0.36495873	0.16368282
0.069723286	0.074970126	0.1908647	0.14491346	-0.091718554	0.22893561	0.18504688	-0.18611832	0.22899885	-0.14645584	1.0000004	0.14196908	-0.105931036	-0.024476403	-0.46390888	0.25993705	-0.24187475	0.23077781	-0.12957233	-0.17600504	-0.38294485	-0.21338935	0.16307177	0.028441502	-0.3523699
0.26817137	-0.05933078	0.24330047	0.19742022	0.07227538	0.18612623	0.22636701	-0.21100168	0.25298598	-0.3430275	0.14196908	1.0000002	-0.38090235	-0.3678344	-0.12773648	0.07081534	-0.36302692	0.183233	-0.45264378	-0.16536845	-0.26324037	-0.26312736	0.22141565	0.2788091	-0.2272
-0.3498532	0.013642963	-0.3003571	-0.24768098	-0.01643796	-0.1510734	-0.24728583	0.04269862	-0.34665573	0.27077731	-0.105931036	-0.38090235	1.0000002	0.26793775	0.0745222	-0.05155643	0.27377728	-0.1267363	0.31470624	0.13364828	0.23006873	0.23565571	-0.38928828	-0.45384714	0.1963197
-0.4690104	0.09544249	-0.0775928	-0.42641222	-0.14156027	-0.10734954	-0.2075655	-0.090631746	-0.19446287	0.27265647	-0.024476403	-0.3678344	0.26793775	1.0000002	-0.020792352	0.051420417	0.251301	-0.024566894	0.24335198	0.018552957	0.16000238	0.22063436	-0.25712	-0.3666099	0.13926181
-0.012909894	-0.15744378	-0.14803621	-0.05860785	0.14924942	-0.20727797	-0.08524546	0.22071931	-0.27219063	0.050148685	-0.46390888	-0.12773648	0.0745222	-0.020792352	1.0000002	-0.5552464	0.11767932	-0.3777172	0.14739792	0.16295023	0.15687592	0.08205685	-0.12449904	-0.010839689	0.20633851
-0.0015404979	0.15929243	0.13536803	0.05615643	-0.2246379	0.20954077	0.111840285	-0.31689826	0.12993944	-0.02247236	0.25993705	0.07081534	-0.05155643	0.051420417	-0.5552464	1.0000001	-0.048522744	0.24577427	-0.15612234	-0.18704006	-0.07690904	-0.12032314	0.059252996	-0.055619378	-0.27025375
-0.3519648	0.08897569	-0.2031005	-0.24920988	-0.10040358	-0.33340925	-0.38193005	0.08255699	-0.40828794	0.23117441	-0.24187475	-0.36302692	0.27377728	0.251301	0.11767932	-0.048522744	1.0000002	-0.24185479	0.25291494	0.19652404	0.21540953	0.2827077	-0.23981506	-0.26767972	0.26823077
0.045711063	0.030723557	0.20628315	0.0029412752	-0.06298454	0.28521192	0.16257685	-0.5837698	0.17747398	-0.016730772	0.23077781	0.183233	-0.1267363	-0.024566894	-0.3777172	0.24577427	-0.24185479	1.0000004	-0.15829216	-0.24916622	-0.1081042	-0.1351815	0.020795088	0.096253395	-0.37890422
-0.34982622	-0.06438261	-0.24457194	-0.21969526	0.040536355	-0.13621108	-0.18665078	0.071245335	-0.335156	0.24926522	-0.12957233	-0.45264378	0.31470624	0.24335198	0.14739792	-0.15612234	0.25291494	-0.15829216	1.0000002	0.14460425	0.22383346	0.19609132	-0.36412472	-0.41879585	0.18777964
-0.11367538	0.08193276	-0.42077187	0.076436564	-0.080033004	-0.41855097	-0.33934173	0.21414474	-0.35230717	0.085477345	-0.17600504	-0.16536845	0.13364828	0.018552957	0.16295023	-0.18704006	0.19652404	-0.24916622	0.14460425	1.0	0.021472799	0.18048917	0.046916194	-0.25135034	0.26425725
-0.1314032	-0.018738512	-0.21140718	-0.3336236	-0.025396267	-0.08874634	-0.13849065	0.04221404	-0.3930007	0.21302438	-0.38294485	-0.26324037	0.23006873	0.16000238	0.15687592	-0.07690904	0.21540953	-0.1081042	0.22383346	0.021472799	1.0000001	0.2125166	-0.51534563	-0.122186154	0.14648272
-0.2744767	0.102369204	-0.3364448	-0.34846243	-0.1541357	-0.28332445	-0.5329277	0.077333316	-0.27612475	0.24717169	-0.21338935	-0.26312736	0.23565571	0.22063436	0.08205685	-0.12032314	0.2827077	-0.1351815	0.19609132	0.18048917	0.2125166	1.0000004	-0.22487155	-0.144049	0.25999343
0.19973741	0.07030971	0.11428685	0.278101	-0.054691833	0.031705514	0.13456386	0.055455606	0.19921678	-0.31567904	0.16307177	0.22141565	-0.38928828	-0.25712	-0.12449904	0.059252996	-0.23981506	0.020795088	-0.36412472	0.046916194	-0.51534563	-0.22487155	1.0000001	0.15752676	-0.07100002
0.28511533	-0.120181	0.21397959	0.12860812	0.11233954	0.12477016	0.17805102	-0.033013668	0.2119831	-0.36495873	0.028441502	0.2788091	-0.45384714	-0.3666099	-0.010839689	-0.055619378	-0.26767972	0.096253395	-0.41879585	-0.25135034	-0.122186154	-0.144049	0.15752676	1.0000001	-0.21326926
-0.2400142	0.0776213	-0.34531203	-0.14261553	-0.07451738	-0.4518251	-0.32511306	0.21917672	-0.26491335	0.16368282	-0.3523699	-0.2272	0.1963197	0.13926181	0.20633851	-0.27025375	0.26823077	-0.37890422	0.18777964	0.26425725	0.14648272	0.25999343	-0.07100002	-0.21326926	1.0000001
