1.0000001	0.31272942	0.16109487	-0.1285756	0.244824	-0.16332707	-0.21752091	0.2154009	-0.1584124	0.21716988	-0.161333	0.26564348	0.19449235	-0.12614992	-0.24894919	0.28151375	-0.17098793	-0.21684872	0.14877556	-0.18317686	-0.06217986	-0.3974065	-0.3490348	-0.11200262	-0.0053877784
0.31272942	1.0000001	0.08517339	-0.07491059	0.27728468	-0.13338065	-0.25236768	0.19205967	-0.26651955	0.14933771	-0.27559122	0.23206654	0.13907295	-0.056798197	-0.21501715	0.23799051	-0.046733793	-0.2835801	0.086339734	-0.18120505	-0.005944443	-0.26508924	-0.30349332	-0.014882677	-0.06657294
0.16109487	0.08517339	1.0000002	-0.2979049	-0.07344298	-0.21454242	0.14633068	0.22374308	0.1812404	0.29083407	0.17103513	0.23754567	0.2586631	-0.42793503	-0.38201192	0.23065586	-0.5131632	0.16556907	0.2770186	-0.20366202	-0.25887793	-0.2860636	-0.35439643	-0.3623717	0.21373686
-0.1285756	-0.07491059	-0.2979049	1.0000001	0.05278455	0.28283	-0.3017568	-0.35844103	-0.22989231	-0.22244848	-0.29113185	-0.1918792	-0.3995953	0.26978382	0.2528921	-0.22825475	0.2699625	-0.32268414	-0.2804624	0.24285427	0.2726906	0.19088763	0.24284688	0.30747202	-0.2745375
0.244824	0.27728468	-0.07344298	0.05278455	1.0000002	0.011045485	-0.5184305	0.11876397	-0.29160836	0.055593085	-0.43666944	0.14387143	0.0661515	0.02198599	-0.0865038	0.16177472	0.03206421	-0.3319831	-0.020602291	-0.055181578	0.097380824	-0.11948307	-0.10516623	0.10708385	-0.15532309
-0.16332707	-0.13338065	-0.21454242	0.28283	0.011045485	1.0000001	-0.16409439	-0.29908377	-0.27354628	-0.32373932	-0.13725264	-0.35984567	-0.38277662	0.295483	0.29774612	-0.29391733	0.25520322	-0.21775894	-0.2915599	0.30270854	0.26238215	0.22281823	0.25562438	0.27084425	-0.44595742
-0.21752091	-0.25236768	0.14633068	-0.3017568	-0.5184305	-0.16409439	1.0000004	-0.019959675	0.26196253	0.08230863	0.29345903	-0.06403229	0.09256925	-0.18569593	-0.058878124	-0.037036084	-0.15938589	0.30142382	0.12130252	-0.061422892	-0.1514065	0.0057276	-0.03328811	-0.28961188	0.21009219
0.2154009	0.19205967	0.22374308	-0.35844103	0.11876397	-0.29908377	-0.019959675	1.0000004	0.09826454	0.25393456	0.043081153	0.28784868	0.24218827	-0.28168213	-0.21379347	0.2254363	-0.26099718	0.05836353	0.289738	-0.46494615	-0.36526245	-0.18713349	-0.34700835	-0.34213597	0.19108394
-0.1584124	-0.26651955	0.1812404	-0.22989231	-0.29160836	-0.27354628	0.26196253	0.09826454	1.0000005	0.096508026	0.28426674	0.02274637	0.09233707	-0.2315987	-0.17370068	-0.03835112	-0.29315862	0.30767822	0.18938178	-0.19321328	-0.30895096	0.014252	-0.12110312	-0.2716545	0.25584185
0.21716988	0.14933771	0.29083407	-0.22244848	0.055593085	-0.32373932	0.08230863	0.25393456	0.096508026	1.0000004	0.08125236	0.29317388	0.2876538	-0.42162302	-0.36913905	0.2949998	-0.36218134	0.1026765	0.2698019	-0.30886778	-0.24447179	-0.47044903	-0.3141086	-0.30492404	0.21772802
-0.161333	-0.27559122	0.17103513	-0.29113185	-0.43666944	-0.13725264	0.29345903	0.043081153	0.28426674	0.08125236	1.0000004	0.017316354	0.09027284	-0.13534059	-0.103249505	-0.060318463	-0.2149277	0.3049148	0.16206607	-0.06190364	-0.3711518	0.007106509	-0.077172115	-0.34125137	0.20752105
0.26564348	0.23206654	0.23754567	-0.1918792	0.14387143	-0.35984567	-0.06403229	0.28784868	0.02274637	0.29317388	0.017316354	1.0000005	0.26523176	-0.3357878	-0.38423276	0.28050882	-0.27038687	-0.0022154101	0.2525428	-0.43121812	-0.24856476	-0.305254	-0.3074823	-0.21605992	0.18706383
0.19449235	0.13907295	0.2586631	-0.3995953	0.0661515	-0.38277662	0.09256925	0.24218827	0.09233707	0.2876538	0.09027284	0.26523176	1.0000004	-0.26130605	-0.45606312	0.26335362	-0.24330887	0.11532556	0.23376875	-0.23326358	-0.17996378	-0.32273373	-0.32079107	-0.2982302	0.22790863
-0.12614992	-0.056798197	-0.42793503	0.26978382	0.02198599	0.295483	-0.18569593	-0.28168213	-0.2315987	-0.42162302	-0.13534059	-0.3357878	-0.26130605	1.0000005	0.28084677	-0.30625093	0.3053614	-0.23233786	-0.38175467	0.27875292	0.2726613	0.23804493	0.26040226	0.28505442	-0.35866603
-0.24894919	-0.21501715	-0.38201192	0.2528921	-0.0865038	0.29774612	-0.058878124	-0.21379347	-0.17370068	-0.36913905	-0.103249505	-0.38423276	-0.45606312	0.28084677	1.0000005	-0.27635106	0.2623087	-0.11195181	-0.2041965	0.26406714	0.21127662	0.26403114	0.27324447	0.24297634	-0.34589168
0.28151375	0.23799051	0.23065586	-0.22825475	0.16177472	-0.29391733	-0.037036084	0.2254363	-0.03835112	0.2949998	-0.060318463	0.28050882	0.26335362	-0.30625093	-0.27635106	1.0000004	-0.33367875	-0.024806706	0.20499997	-0.20645387	-0.13423035	-0.5435221	-0.32660353	-0.12131082	0.11935977
-0.17098793	-0.046733793	-0.5131632	0.2699625	0.03206421	0.25520322	-0.15938589	-0.26099718	-0.29315862	-0.36218134	-0.2149277	-0.27038687	-0.24330887	0.3053614	0.2623087	-0.33367875	1.0000002	-0.23808114	-0.3400359	0.22753252	0.26605824	0.2367099	0.27048427	0.28614518	-0.17326237
-0.21684872	-0.2835801	0.16556907	-0.32268414	-0.3319831	-0.21775894	0.30142382	0.05836353	0.30767822	0.1026765	0.3049148	-0.0022154101	0.11532556	-0.23233786	-0.11195181	-0.024806706	-0.23808114	1.0000002	0.1687497	-0.15961175	-0.31594998	-0.007271422	-0.02877375	-0.29327023	0.25731978
0.14877556	0.086339734	0.2770186	-0.2804624	-0.020602291	-0.2915599	0.12130252	0.289738	0.18938178	0.2698019	0.16206607	0.2525428	0.23376875	-0.38175467	-0.2041965	0.20499997	-0.3400359	0.1687497	1.0000005	-0.34353328	-0.4691591	-0.20152557	-0.45036113	-0.39329126	0.2381898
-0.18317686	-0.18120505	-0.20366202	0.24285427	-0.055181578	0.30270854	-0.061422892	-0.46494615	-0.19321328	-0.30886778	-0.06190364	-0.43121812	-0.23326358	0.27875292	0.26406714	-0.20645387	0.22753252	-0.15961175	-0.34353328	1.0000008	0.2626284	0.19577485	0.25538135	0.24783991	-0.42546505
-0.06217986	-0.005944443	-0.25887793	0.2726906	0.097380824	0.26238215	-0.1514065	-0.36526245	-0.30895096	-0.24447179	-0.3711518	-0.24856476	-0.17996378	0.2726613	0.21127662	-0.13423035	0.26605824	-0.31594998	-0.4691591	0.2626284	1.0000008	0.12691003	0.2260269	0.3048426	-0.3347526
-0.3974065	-0.26508924	-0.2860636	0.19088763	-0.11948307	0.22281823	0.0057276	-0.18713349	0.014252	-0.47044903	0.007106509	-0.305254	-0.32273373	0.23804493	0.26403114	-0.5435221	0.2367099	-0.007271422	-0.20152557	0.19577485	0.12691003	1.0000008	0.27260348	0.15742254	-0.12098701
-0.3490348	-0.30349332	-0.35439643	0.24284688	-0.10516623	0.25562438	-0.03328811	-0.34700835	-0.12110312	-0.3141086	-0.077172115	-0.3074823	-0.32079107	0.26040226	0.27324447	-0.32660353	0.27048427	-0.02877375	-0.45036113	0.25538135	0.2260269	0.27260348	1.0000008	0.24500908	-0.14696775
-0.11200262	-0.014882677	-0.3623717	0.30747202	0.10708385	0.27084425	-0.28961188	-0.34213597	-0.2716545	-0.30492404	-0.34125137	-0.21605992	-0.2982302	0.28505442	0.24297634	-0.12131082	0.28614518	-0.29327023	-0.39329126	0.24783991	0.3048426	0.15742254	0.24500908	1.0000007	-0.2806064
-0.0053877784	-0.06657294	0.21373686	-0.2745375	-0.15532309	-0.44595742	0.21009219	0.19108394	0.25584185	0.21772802	0.20752105	0.18706383	0.22790863	-0.35866603	-0.34589168	0.11935977	-0.17326237	0.25731978	0.2381898	-0.42546505	-0.3347526	-0.12098701	-0.14696775	-0.2806064	1.0000007
