1.0000001	-0.24012887	0.24775966	-0.302854	0.26189074	0.27021834	-0.42384404	-0.01230045	-0.35027692	-0.26826096	0.1969411	-0.30165702	0.052502055	0.03640121	-0.22575386	0.1934678	0.21174045	0.23996978	0.21763	-0.32922888	-0.20196468	-0.20372449	0.17072996	0.12776875	-0.18301366
-0.24012887	1.0000002	-0.30405357	0.20644993	-0.09462666	-0.028474033	0.21358785	0.26627585	0.22245151	-0.086301155	0.055427745	0.08168839	-0.5227303	-0.11781045	0.20796384	-0.31600952	0.072947696	-0.11359574	-0.40960416	0.16446781	0.032203384	-0.16371371	-0.22309855	-0.36762792	0.19077724
0.24775966	-0.30405357	1.0000001	-0.3798646	0.2548164	0.17360558	-0.14784987	-0.13332623	-0.3600828	-0.18092263	0.10262166	-0.26341164	0.09833629	0.16832797	-0.43198535	0.21396165	0.09469891	0.25379205	0.23258238	-0.19870013	-0.30946442	-0.002754791	0.26338032	0.20048605	-0.31757915
-0.302854	0.20644993	-0.3798646	1.0000001	-0.20531404	-0.15567653	0.21364851	0.14329515	0.29148462	0.057104234	-0.06584743	0.14697929	-0.13322443	-0.36064753	0.3076751	-0.36344457	-0.07334133	-0.29214138	-0.26432735	0.25124058	0.17629458	-0.0038948255	-0.40519488	-0.342174	0.26888338
0.26189074	-0.09462666	0.2548164	-0.20531404	1.0000001	0.2557865	-0.2934261	-0.006558105	-0.20096312	-0.29503605	0.21782899	-0.48869166	0.0010023259	0.052815918	-0.29278848	0.079421826	0.19855928	0.2931959	0.1927107	-0.28312618	-0.4354991	-0.063046396	0.1664482	0.039043482	-0.19365758
0.27021834	-0.028474033	0.17360558	-0.15567653	0.2557865	1.0	-0.2944919	0.09626543	-0.13111918	-0.30476704	0.20842145	-0.48789215	-0.042737637	-0.08406476	-0.18183355	0.0788363	0.26581353	0.25185275	0.07314891	-0.32913235	-0.20432518	-0.35436937	0.035281416	0.0155410515	-0.05426273
-0.42384404	0.21358785	-0.14784987	0.21364851	-0.2934261	-0.2944919	1.0	0.09949464	0.26022962	0.16328363	-0.26116967	0.2031851	-0.23825823	-0.042687353	0.17342615	-0.3207498	-0.14222758	-0.14994234	-0.38706714	0.26232466	0.15772589	0.034698527	-0.23027438	-0.18888381	0.1318693
-0.01230045	0.26627585	-0.13332623	0.14329515	-0.006558105	0.09626543	0.09949464	1.0000004	0.09485662	-0.27942428	0.16617559	-0.014166098	-0.44016877	-0.25710034	0.17122972	-0.24453893	0.22548075	-0.012067337	-0.3001284	0.0835846	-0.054898698	-0.4130316	-0.2555318	-0.40093207	0.22174287
-0.35027692	0.22245151	-0.3600828	0.29148462	-0.20096312	-0.13111918	0.26022962	0.09485662	1.0000004	0.1282538	-0.15039346	0.14143716	-0.18567961	-0.2062479	0.23540756	-0.4913698	-0.15861677	-0.15514335	-0.32179007	0.23159823	0.15573253	0.061797347	-0.31967136	-0.21810631	0.17487873
-0.26826096	-0.086301155	-0.18092263	0.057104234	-0.29503605	-0.30476704	0.16328363	-0.27942428	0.1282538	1.0000001	-0.56590503	0.21238044	0.14732584	0.1047124	0.017378766	0.03282973	-0.3639868	-0.15691964	-0.043940328	0.16928743	0.24001057	0.21850993	0.029766701	0.11845542	-0.031121546
0.1969411	0.055427745	0.10262166	-0.06584743	0.21782899	0.20842145	-0.26116967	0.16617559	-0.15039346	-0.56590503	1.0000002	-0.1864152	-0.15896188	-0.12074152	-0.0010529173	-0.050344348	0.2742656	0.15229456	0.06646328	-0.26057744	-0.38469446	-0.16827933	-0.04986891	-0.12441141	0.06814825
-0.30165702	0.08168839	-0.26341164	0.14697929	-0.48869166	-0.48789215	0.2031851	-0.014166098	0.14143716	0.21238044	-0.1864152	1.0000002	-0.013206861	0.035655737	0.16883083	-0.066025384	-0.2715841	-0.46124938	-0.11690927	0.24185164	0.25338998	0.14331608	-0.08849752	-0.037936233	0.086255066
0.052502055	-0.5227303	0.09833629	-0.13322443	0.0010023259	-0.042737637	-0.23825823	-0.44016877	-0.18567961	0.14732584	-0.15896188	-0.013206861	1.0000001	0.16676794	-0.11520084	0.24178247	-0.22997713	0.023617297	0.2434859	-0.11797829	0.062266976	0.20560385	0.19588281	0.26889816	-0.16196916
0.03640121	-0.11781045	0.16832797	-0.36064753	0.052815918	-0.08406476	-0.042687353	-0.25710034	-0.2062479	0.1047124	-0.12074152	0.035655737	0.16676794	1.0000002	-0.37140045	0.2116184	-0.19864213	0.104270756	0.19068085	-0.2088452	-0.02519099	0.19643845	0.283549	0.26831955	-0.46588957
-0.22575386	0.20796384	-0.43198535	0.3076751	-0.29278848	-0.18183355	0.17342615	0.17122972	0.23540756	0.017378766	-0.0010529173	0.16883083	-0.11520084	-0.37140045	1.0000004	-0.2415115	-0.010613709	-0.274416	-0.26924965	0.23602423	0.16634291	-0.0920996	-0.39215288	-0.36739942	0.30398294
0.1934678	-0.31600952	0.21396165	-0.36344457	0.079421826	0.0788363	-0.3207498	-0.24453893	-0.4913698	0.03282973	-0.050344348	-0.066025384	0.24178247	0.2116184	-0.2415115	1.0000004	-0.04785483	0.10863012	0.250781	-0.16910346	-0.014786751	0.016820569	0.25829247	0.27155328	-0.19970456
0.21174045	0.072947696	0.09469891	-0.07334133	0.19855928	0.26581353	-0.14222758	0.22548075	-0.15861677	-0.3639868	0.2742656	-0.2715841	-0.22997713	-0.19864213	-0.010613709	-0.04785483	1.0000004	0.17326741	-0.01955746	-0.22810712	-0.2415319	-0.42868012	-0.08665713	-0.19762976	0.103514716
0.23996978	-0.11359574	0.25379205	-0.29214138	0.2931959	0.25185275	-0.14994234	-0.012067337	-0.15514335	-0.15691964	0.15229456	-0.46124938	0.023617297	0.104270756	-0.274416	0.10863012	0.17326741	1.0000004	0.17839351	-0.42092943	-0.44923517	-0.1206819	0.18793853	0.08723646	-0.24106562
0.21763	-0.40960416	0.23258238	-0.26432735	0.1927107	0.07314891	-0.38706714	-0.3001284	-0.32179007	-0.043940328	0.06646328	-0.11690927	0.2434859	0.19068085	-0.26924965	0.250781	-0.01955746	0.17839351	1.0000002	-0.37067762	-0.23246613	0.12698102	0.2632424	0.24931887	-0.21852018
-0.32922888	0.16446781	-0.19870013	0.25124058	-0.28312618	-0.32913235	0.26232466	0.0835846	0.23159823	0.16928743	-0.26057744	0.24185164	-0.11797829	-0.2088452	0.23602423	-0.16910346	-0.22810712	-0.42092943	-0.37067762	1.0000002	0.2392707	0.018186066	-0.18137506	-0.19575094	0.18583651
-0.20196468	0.032203384	-0.30946442	0.17629458	-0.4354991	-0.20432518	0.15772589	-0.054898698	0.15573253	0.24001057	-0.38469446	0.25338998	0.062266976	-0.02519099	0.16634291	-0.014786751	-0.2415319	-0.44923517	-0.23246613	0.2392707	1.0000001	0.09203752	-0.20875841	0.025945125	0.08989392
-0.20372449	-0.16371371	-0.002754791	-0.0038948255	-0.063046396	-0.35436937	0.034698527	-0.4130316	0.061797347	0.21850993	-0.16827933	0.14331608	0.20560385	0.19643845	-0.0920996	0.016820569	-0.42868012	-0.1206819	0.12698102	0.018186066	0.09203752	0.9999999	0.1357662	0.17751229	-0.25255564
0.17072996	-0.22309855	0.26338032	-0.40519488	0.1664482	0.035281416	-0.23027438	-0.2555318	-0.31967136	0.029766701	-0.04986891	-0.08849752	0.19588281	0.283549	-0.39215288	0.25829247	-0.08665713	0.18793853	0.2632424	-0.18137506	-0.20875841	0.1357662	0.99999994	0.2746276	-0.4519065
0.12776875	-0.36762792	0.20048605	-0.342174	0.039043482	0.0155410515	-0.18888381	-0.40093207	-0.21810631	0.11845542	-0.12441141	-0.037936233	0.26889816	0.26831955	-0.36739942	0.27155328	-0.19762976	0.08723646	0.24931887	-0.19575094	0.025945125	0.17751229	0.2746276	0.9999999	-0.33351177
-0.18301366	0.19077724	-0.31757915	0.26888338	-0.19365758	-0.05426273	0.1318693	0.22174287	0.17487873	-0.031121546	0.06814825	0.086255066	-0.16196916	-0.46588957	0.30398294	-0.19970456	0.103514716	-0.24106562	-0.21852018	0.18583651	0.08989392	-0.25255564	-0.4519065	-0.33351177	0.9999999
