1.0000001	-0.19019435	-0.10649773	0.2899518	-0.079963446	0.21953037	0.19090149	-0.2891004	-0.060513344	-0.0066965213	-0.33816284	-0.058050957	0.14601004	0.008268659	-0.033436965	0.21124057	0.007261499	0.054044824	-0.4364873	0.049165495	-0.071611844	-0.52776396	0.19767293	-0.051177174	-0.03988649
-0.19019435	0.99999994	-0.25767142	-0.24150646	-0.28970397	-0.119688466	-0.10181147	-0.057745792	0.28567344	-0.27609596	0.15054172	0.28442687	-0.30940828	-0.21867709	0.2734797	-0.43051532	0.24495925	-0.40499407	0.108659126	0.2134918	0.20291293	0.16247277	-0.24632862	0.2733914	-0.29367474
-0.10649773	-0.25767142	0.9999999	-0.100413576	0.2858585	-0.055986825	0.055496126	0.18573491	-0.45950305	0.30086878	-0.01725384	-0.38124135	0.15943742	0.24443612	-0.3219283	0.16448183	-0.3221233	0.2744244	0.12564592	-0.34357798	-0.21686235	0.08427097	0.094461724	-0.39872748	0.2910679
0.2899518	-0.24150646	-0.100413576	0.99999994	-0.005521231	0.16559562	0.13187282	-0.16734257	-0.06639606	-0.11001459	-0.18538949	-0.0063439086	0.14072675	0.0632477	-0.015193182	0.17424485	-0.03337311	0.03988579	-0.38685465	0.04020811	-0.06255162	-0.66673934	0.12998231	-0.045765426	0.032792658
-0.079963446	-0.28970397	0.2858585	-0.005521231	1.0000001	-0.13737506	-0.07086369	0.24849215	-0.37076446	0.26729935	0.111340836	-0.37598532	0.060794044	0.18480788	-0.37817585	0.09392228	-0.22521393	0.25618005	0.11680457	-0.35759404	-0.09929826	-0.0032319715	-0.038569603	-0.31155574	0.28014237
0.21953037	-0.119688466	-0.055986825	0.16559562	-0.13737506	1.0000001	0.27526984	-0.4686496	-0.113358304	0.016393326	-0.25016674	0.0027167946	0.20420356	0.11747626	-0.10454164	0.20725848	-0.107560165	0.041203335	-0.43429485	-0.025667265	-0.16223198	-0.0927176	0.2508401	-0.18963726	0.0063140197
0.19090149	-0.10181147	0.055496126	0.13187282	-0.07086369	0.27526984	1.0000001	-0.30826277	-0.13998814	0.11841755	-0.29904735	-0.09543139	0.22048317	0.18260285	-0.18496683	0.22300325	-0.20104328	0.09473094	-0.34688333	-0.08494356	-0.46238273	-0.09395403	0.2969164	-0.19621477	0.10004171
-0.2891004	-0.057745792	0.18573491	-0.16734257	0.24849215	-0.4686496	-0.30826277	1.0	-0.15247022	0.13048023	0.22523977	-0.2116068	-0.15722792	-0.0010512195	-0.11412036	-0.10641961	-0.07405292	0.1341733	0.25384372	-0.14014179	0.07884638	0.11610841	-0.2614903	-0.035864472	0.14622167
-0.060513344	0.28567344	-0.45950305	-0.06639606	-0.37076446	-0.113358304	-0.13998814	-0.15247022	1.0000002	-0.31729412	0.09439308	0.30281734	-0.24236757	-0.27947435	0.3068219	-0.2712223	0.29014745	-0.3748704	-0.030923195	0.27539098	0.21957332	0.04848413	-0.1708642	0.3076273	-0.3550108
-0.0066965213	-0.27609596	0.30086878	-0.11001459	0.26729935	0.016393326	0.11841755	0.13048023	-0.31729412	1.0000002	0.0032790543	-0.38860083	0.13950855	0.24441797	-0.44619465	0.16638544	-0.34641102	0.27050164	0.042943664	-0.4092229	-0.22515996	0.07709261	0.13356471	-0.40892324	0.294078
-0.33816284	0.15054172	-0.01725384	-0.18538949	0.111340836	-0.25016674	-0.29904735	0.22523977	0.09439308	0.0032790543	1.0000001	0.032057434	-0.4758534	-0.10101526	0.03434857	-0.38923034	0.08148076	-0.07660941	0.20878355	0.0018790786	0.18292256	0.17028865	-0.43746555	0.11050313	-0.0022328713
-0.058050957	0.28442687	-0.38124135	-0.0063439086	-0.37598532	0.0027167946	-0.09543139	-0.2116068	0.30281734	-0.38860083	0.032057434	1.0000001	-0.18214183	-0.21553564	0.30582735	-0.32502702	0.26703358	-0.48635575	-0.0144154895	0.24982372	0.19803701	0.026395598	-0.1407611	0.2795907	-0.28144902
0.14601004	-0.30940828	0.15943742	0.14072675	0.060794044	0.20420356	0.22048317	-0.15722792	-0.24236757	0.13950855	-0.4758534	-0.18214183	1.0	0.24364458	-0.18123262	0.28297788	-0.25033724	0.17296979	-0.085696675	-0.2868298	-0.24897262	-0.11616216	0.28411022	-0.31216776	0.18160379
0.008268659	-0.21867709	0.24443612	0.0632477	0.18480788	0.11747626	0.18260285	-0.0010512195	-0.27947435	0.24441797	-0.10101526	-0.21553564	0.24364458	1.0	-0.23920374	0.19659151	-0.50508595	0.23279582	0.016078651	-0.40802577	-0.4230103	-0.028222032	0.2101009	-0.36674187	0.28099102
-0.033436965	0.2734797	-0.3219283	-0.015193182	-0.37817585	-0.10454164	-0.18496683	-0.11412036	0.3068219	-0.44619465	0.03434857	0.30582735	-0.18123262	-0.23920374	1.0000001	-0.29164052	0.2928505	-0.38732657	0.011365675	0.2808253	0.22841194	-0.007378311	-0.16510665	0.30433095	-0.42797408
0.21124057	-0.43051532	0.16448183	0.17424485	0.09392228	0.20725848	0.22300325	-0.10641961	-0.2712223	0.16638544	-0.38923034	-0.32502702	0.28297788	0.19659151	-0.29164052	1.0000001	-0.24379905	0.24802415	-0.2329092	-0.14713931	-0.26363227	-0.17988619	0.28167114	-0.28996283	0.17227168
0.007261499	0.24495925	-0.3221233	-0.03337311	-0.22521393	-0.107560165	-0.20104328	-0.07405292	0.29014745	-0.34641102	0.08148076	0.26703358	-0.25033724	-0.50508595	0.2928505	-0.24379905	1.0	-0.36850742	-0.018409576	0.29451078	0.27958384	-0.017035166	-0.23326617	0.30587927	-0.42200541
0.054044824	-0.40499407	0.2744244	0.03988579	0.25618005	0.041203335	0.09473094	0.1341733	-0.3748704	0.27050164	-0.07660941	-0.48635575	0.17296979	0.23279582	-0.38732657	0.24802415	-0.36850742	0.9999998	-0.023571989	-0.19048055	-0.31754038	-0.07624657	0.15586564	-0.29694763	0.26236328
-0.4364873	0.108659126	0.12564592	-0.38685465	0.11680457	-0.43429485	-0.34688333	0.25384372	-0.030923195	0.042943664	0.20878355	-0.0144154895	-0.085696675	0.016078651	0.011365675	-0.2329092	-0.018409576	-0.023571989	0.99999994	-0.095292695	0.05392928	0.23518223	-0.1965557	0.03762102	0.047233313
0.049165495	0.2134918	-0.34357798	0.04020811	-0.35759404	-0.025667265	-0.08494356	-0.14014179	0.27539098	-0.4092229	0.0018790786	0.24982372	-0.2868298	-0.40802577	0.2808253	-0.14713931	0.29451078	-0.19048055	-0.095292695	0.99999994	0.19712588	-0.074850164	-0.12034895	0.28853858	-0.47578892
-0.071611844	0.20291293	-0.21686235	-0.06255162	-0.09929826	-0.16223198	-0.46238273	0.07884638	0.21957332	-0.22515996	0.18292256	0.19803701	-0.24897262	-0.4230103	0.22841194	-0.26363227	0.27958384	-0.31754038	0.05392928	0.19712588	0.9999996	0.035883352	-0.4520037	0.2606771	-0.21551356
-0.52776396	0.16247277	0.08427097	-0.66673934	-0.0032319715	-0.0927176	-0.09395403	0.11610841	0.04848413	0.07709261	0.17028865	0.026395598	-0.11616216	-0.028222032	-0.007378311	-0.17988619	-0.017035166	-0.07624657	0.23518223	-0.074850164	0.035883352	0.9999994	-0.12059265	0.010818052	-0.004576789
0.19767293	-0.24632862	0.094461724	0.12998231	-0.038569603	0.2508401	0.2969164	-0.2614903	-0.1708642	0.13356471	-0.43746555	-0.1407611	0.28411022	0.2101009	-0.16510665	0.28167114	-0.23326617	0.15586564	-0.1965557	-0.12034895	-0.4520037	-0.12059265	0.99999946	-0.26949656	0.094752714
-0.051177174	0.2733914	-0.39872748	-0.045765426	-0.31155574	-0.18963726	-0.19621477	-0.035864472	0.3076273	-0.40892324	0.11050313	0.2795907	-0.31216776	-0.36674187	0.30433095	-0.28996283	0.30587927	-0.29694763	0.03762102	0.28853858	0.2606771	0.010818052	-0.26949656	0.99999946	-0.30527544
-0.03988649	-0.29367474	0.2910679	0.032792658	0.28014237	0.0063140197	0.10004171	0.14622167	-0.3550108	0.294078	-0.0022328713	-0.28144902	0.18160379	0.28099102	-0.42797408	0.17227168	-0.42200541	0.26236328	0.047233313	-0.47578892	-0.21551356	-0.004576789	0.094752714	-0.30527544	0.99999946
