0.99999994	-0.06320956	0.12700687	-0.14418659	-0.004920255	-0.25170523	-0.19718151	-0.45886186	0.013819332	-0.29875618	0.004347152	0.2793871	-0.18724434	0.26163578	-0.20409243	0.05301469	0.1384281	-0.08036121	-0.030148596	0.20267455	-0.42602238	0.22470647	0.11256437	-0.3799826	0.13365489
-0.06320956	1.0000001	0.19991367	0.24453047	-0.2576562	0.28034756	0.22096418	-0.10065567	-0.40626365	0.26113313	0.2750044	-0.20595719	0.24337089	-0.23639531	-0.049766168	-0.282481	-0.3961104	0.30751047	0.25449333	-0.3732804	0.2256709	-0.36202624	-0.3179595	0.046185907	-0.2076458
0.12700687	0.19991367	1.0000002	0.029028526	-0.42221817	0.10239304	0.21756572	-0.33008137	-0.28305593	0.04452043	0.2863347	0.12907352	0.03823662	0.084113985	-0.38596362	-0.3343191	-0.12391703	0.22740042	0.23626363	-0.1187052	0.018854845	-0.013246709	-0.13760284	-0.3136922	-0.12333524
-0.14418659	0.24453047	0.029028526	1.0000002	-0.06338006	0.22506374	0.16294491	0.0770416	-0.21898964	0.28187424	0.13948838	-0.26560646	0.30696288	-0.19825006	0.07577611	-0.14933456	-0.4861002	0.24468006	0.10293203	-0.31006503	0.26456952	-0.33127558	-0.37786254	0.1481698	-0.49094602
-0.004920255	-0.2576562	-0.42221817	-0.06338006	1.0000002	-0.2091922	-0.40131065	0.15246007	0.2927092	-0.1655347	-0.48685837	-0.029253867	-0.10798565	0.04016579	0.17128237	0.2962804	0.14568205	-0.2698013	-0.43988293	0.17647357	-0.16259733	0.12520377	0.2065787	0.059320208	0.115902044
-0.25170523	0.28034756	0.10239304	0.22506374	-0.2091922	1.0000002	0.1873727	0.041795313	-0.24972576	0.27777717	0.22739698	-0.26438823	0.2448025	-0.29197878	0.045335516	-0.35410866	-0.22816359	0.26470038	0.2257342	-0.43779692	0.2769219	-0.42653814	-0.42208692	0.16004838	-0.14592645
-0.19718151	0.22096418	0.21756572	0.16294491	-0.40131065	0.1873727	1.0000005	-0.03154287	-0.36445916	0.22663142	0.26064602	-0.06167096	0.20923755	-0.14995857	-0.14443254	-0.42975923	-0.21509372	0.24638005	0.26187098	-0.15031593	0.20201068	-0.11770295	-0.17672893	-0.0035619966	-0.31420842
-0.45886186	-0.10065567	-0.33008137	0.0770416	0.15246007	0.041795313	-0.03154287	1.0000005	0.12661122	0.10655969	-0.19102602	-0.37770632	0.052433625	-0.24101402	0.27054256	0.10910303	-0.01195701	-0.13523993	-0.13610597	-0.10718314	0.14722961	-0.20953792	0.037906278	0.2745109	-0.014598232
0.013819332	-0.40626365	-0.28305593	-0.21898964	0.2927092	-0.24972576	-0.36445916	0.12661122	1.0000005	-0.28425077	-0.40101716	0.07568422	-0.26779866	0.12492568	0.09380483	0.30603352	0.23905912	-0.34505388	-0.46603188	0.22733335	-0.16669737	0.17601946	0.2716213	0.01614562	0.1985182
-0.29875618	0.26113313	0.04452043	0.28187424	-0.1655347	0.27777717	0.22663142	0.10655969	-0.28425077	1.0000002	0.17335702	-0.36315137	0.30443415	-0.24399959	0.098917715	-0.30911905	-0.3957902	0.26434878	0.18051459	-0.39960718	0.3095329	-0.27115798	-0.27530715	0.16126117	-0.3337522
0.004347152	0.2750044	0.2863347	0.13948838	-0.48685837	0.22739698	0.26064602	-0.19102602	-0.40101716	0.17335702	1.0000001	-0.012384648	0.17538147	-0.050097343	-0.22396098	-0.35691872	-0.19238183	0.28774583	0.28988266	-0.26321557	0.15976898	-0.20725626	-0.33447668	-0.08862153	-0.20868856
0.2793871	-0.20595719	0.12907352	-0.26560646	-0.029253867	-0.26438823	-0.06167096	-0.37770632	0.07568422	-0.36315137	-0.012384648	1.0000001	-0.3061502	0.2927765	-0.36295223	0.05378111	0.22218324	-0.15094727	-0.042979524	0.24921757	-0.35169348	0.27672765	0.17282459	-0.3075232	0.16897354
-0.18724434	0.24337089	0.03823662	0.30696288	-0.10798565	0.2448025	0.20923755	0.052433625	-0.26779866	0.30443415	0.17538147	-0.3061502	1.0000002	-0.2608751	0.09016039	-0.2731358	-0.41024047	0.2622206	0.14903674	-0.27340576	0.28310186	-0.2112195	-0.41072273	0.14359722	-0.47236785
0.26163578	-0.23639531	0.084113985	-0.19825006	0.04016579	-0.29197878	-0.14995857	-0.24101402	0.12492568	-0.24399959	-0.050097343	0.2927765	-0.2608751	1.0000001	-0.39684513	0.06968042	0.21830817	-0.13575366	-0.15256894	0.23537017	-0.30960047	0.291937	0.18888119	-0.47734162	0.11500215
-0.20409243	-0.049766168	-0.38596362	0.07577611	0.17128237	0.045335516	-0.14443254	0.27054256	0.09380483	0.098917715	-0.22396098	-0.36295223	0.09016039	-0.39684513	1.0000001	0.14028668	-0.099858604	-0.10069905	-0.11045415	-0.08180622	0.12327634	-0.24331354	0.011353145	0.2926498	0.022431653
0.05301469	-0.282481	-0.3343191	-0.14933456	0.2962804	-0.35410866	-0.42975923	0.10910303	0.30603352	-0.30911905	-0.35691872	0.05378111	-0.2731358	0.06968042	0.14028668	1.0000001	0.20538972	-0.35177773	-0.36651227	0.2283906	-0.20629993	0.16031781	0.2571951	0.054412797	0.2024997
0.1384281	-0.3961104	-0.12391703	-0.4861002	0.14568205	-0.22816359	-0.21509372	-0.01195701	0.23905912	-0.3957902	-0.19238183	0.22218324	-0.41024047	0.21830817	-0.099858604	0.20538972	0.99999994	-0.38372543	-0.13835432	0.28353736	-0.29076838	0.24511328	0.28480917	-0.148756	0.28233892
-0.08036121	0.30751047	0.22740042	0.24468006	-0.2698013	0.26470038	0.24638005	-0.13523993	-0.34505388	0.26434878	0.28774583	-0.15094727	0.2622206	-0.13575366	-0.10069905	-0.35177773	-0.38372543	0.9999999	0.24567269	-0.3855919	0.23084493	-0.20052688	-0.4117691	-0.019779468	-0.30260664
-0.030148596	0.25449333	0.23626363	0.10293203	-0.43988293	0.2257342	0.26187098	-0.13610597	-0.46603188	0.18051459	0.28988266	-0.042979524	0.14903674	-0.15256894	-0.11045415	-0.36651227	-0.13835432	0.24567269	0.9999999	-0.18138814	0.14361428	-0.18705638	-0.29550168	-0.02050346	-0.06280695
0.20267455	-0.3732804	-0.1187052	-0.31006503	0.17647357	-0.43779692	-0.15031593	-0.10718314	0.22733335	-0.39960718	-0.26321557	0.24921757	-0.27340576	0.23537017	-0.08180622	0.2283906	0.28353736	-0.3855919	-0.18138814	1.0	-0.409865	0.29570135	0.292448	-0.17448358	0.22101495
-0.42602238	0.2256709	0.018854845	0.26456952	-0.16259733	0.2769219	0.20201068	0.14722961	-0.16669737	0.3095329	0.15976898	-0.35169348	0.28310186	-0.30960047	0.12327634	-0.20629993	-0.29076838	0.23084493	0.14361428	-0.409865	0.9999997	-0.31475294	-0.28587568	0.19216655	-0.37393817
0.22470647	-0.36202624	-0.013246709	-0.33127558	0.12520377	-0.42653814	-0.11770295	-0.20953792	0.17601946	-0.27115798	-0.20725626	0.27672765	-0.2112195	0.291937	-0.24331354	0.16031781	0.24511328	-0.20052688	-0.18705638	0.29570135	-0.31475294	0.9999998	0.24893074	-0.3271295	0.14660916
0.11256437	-0.3179595	-0.13760284	-0.37786254	0.2065787	-0.42208692	-0.17672893	0.037906278	0.2716213	-0.27530715	-0.33447668	0.17282459	-0.41072273	0.18888119	0.011353145	0.2571951	0.28480917	-0.4117691	-0.29550168	0.292448	-0.28587568	0.24893074	0.9999997	-0.14589022	0.23880042
-0.3799826	0.046185907	-0.3136922	0.1481698	0.059320208	0.16004838	-0.0035619966	0.2745109	0.01614562	0.16126117	-0.08862153	-0.3075232	0.14359722	-0.47734162	0.2926498	0.054412797	-0.148756	-0.019779468	-0.02050346	-0.17448358	0.19216655	-0.3271295	-0.14589022	0.99999976	-0.020460535
0.13365489	-0.2076458	-0.12333524	-0.49094602	0.115902044	-0.14592645	-0.31420842	-0.014598232	0.1985182	-0.3337522	-0.20868856	0.16897354	-0.47236785	0.11500215	0.022431653	0.2024997	0.28233892	-0.30260664	-0.06280695	0.22101495	-0.37393817	0.14660916	0.23880042	-0.020460535	0.99999976
