1.0	-0.38746488	-0.08333768	-0.43126452	0.22571582	0.20744646	0.22160822	0.09574817	-0.0896807	-0.10114047	0.16982313	-0.11729193	-0.322839	0.079542585	-0.116178736	0.17855553	0.047591984	0.19259296	-0.2744362	-0.24351704	0.27323157	-0.3532116	-0.19013491	0.2574843	0.05184602
-0.38746488	1.0000002	0.17227088	0.21383373	-0.15901989	-0.4243024	-0.28966832	-0.1483766	0.1938651	0.097579636	-0.06733418	-0.13285552	0.23907477	-0.10529495	0.19718978	-0.32330555	-0.21842283	-0.057229646	0.21829537	0.09607722	-0.17015804	0.24953222	0.21925968	-0.317716	-0.18270685
-0.08333768	0.17227088	1.0	0.12393775	-0.024845807	-0.34386355	-0.2755144	0.19378066	0.1870059	-0.2906956	-0.077365726	0.01097857	0.26392743	-0.23324548	0.23708355	-0.07590587	-0.5296965	0.041208748	0.08014487	0.032477673	-0.07162499	0.12011342	0.012490919	-0.36627126	-0.08581032
-0.43126452	0.21383373	0.12393775	1.0000002	-0.24050124	-0.32226455	-0.28589207	-0.017704986	0.14801544	0.06129408	-0.17564397	0.06195377	0.21793024	-0.2783081	0.20825578	-0.23752639	-0.056152634	-0.2714937	0.28606492	0.23374487	-0.4400908	0.24528569	0.13409914	-0.30185714	-0.05937738
0.22571582	-0.15901989	-0.024845807	-0.24050124	1.0000001	0.020598048	0.06597649	0.10606383	0.122471236	-0.11343648	0.28053662	-0.4292706	-0.15456796	-0.12300986	0.013284468	-0.003439417	-0.014908462	0.26848269	-0.29998878	-0.26833934	0.19320852	-0.008821778	0.0432741	0.13293508	-0.26230472
0.20744646	-0.4243024	-0.34386355	-0.32226455	0.020598048	1.0	0.28990075	-0.06346936	-0.43436232	0.0044976794	0.02546383	0.100107595	-0.33478674	0.25303957	-0.30529377	0.23252375	0.20881012	0.005220869	-0.20349067	-0.055855524	0.17073414	-0.2688547	-0.19114338	0.27968675	0.18780674
0.22160822	-0.28966832	-0.2755144	-0.28589207	0.06597649	0.28990075	0.99999994	0.016460257	-0.36016625	-0.046894282	0.06819021	0.04687868	-0.2583002	0.2591514	-0.48261255	0.243311	0.15007696	0.085397966	-0.28379217	-0.16725692	0.23683405	-0.40244317	-0.15899	0.2927844	0.16787681
0.09574817	-0.1483766	0.19378066	-0.017704986	0.10606383	-0.06346936	0.016460257	0.9999997	0.07544254	-0.6273644	0.039527427	0.022395426	0.11321993	-0.18713763	0.07999786	0.14846303	-0.3327443	0.15843725	-0.23347159	-0.12145147	0.1369151	-0.107655376	-0.14516753	0.0020946367	-0.029176166
-0.0896807	0.1938651	0.1870059	0.14801544	0.122471236	-0.43436232	-0.36016625	0.07544254	0.9999997	-0.055481188	0.11300702	-0.28426874	0.16068621	-0.42684713	0.27442625	-0.36271405	-0.14349541	0.09893698	0.08458482	-0.046547726	-0.07033738	0.24024212	0.21300276	-0.23180774	-0.2829921
-0.10114047	0.097579636	-0.2906956	0.06129408	-0.11343648	0.0044976794	-0.046894282	-0.6273644	-0.055481188	0.9999996	-0.054094102	-0.009286068	-0.12012248	0.11821017	-0.09060908	-0.23624614	0.23699537	-0.23080784	0.1749402	0.14440206	-0.19983946	0.10672156	0.10591992	-0.05440529	0.033750195
0.16982313	-0.06733418	-0.077365726	-0.17564397	0.28053662	0.02546383	0.06819021	0.039527427	0.11300702	-0.054094102	0.99999964	-0.3820762	-0.06749043	-0.07439648	0.008896588	-0.08897856	-0.0014068551	0.27055883	-0.16892968	-0.42859015	0.16069642	0.020436458	0.15704235	0.09679924	-0.3206804
-0.11729193	-0.13285552	0.01097857	0.06195377	-0.4292706	0.100107595	0.04687868	0.022395426	-0.28426874	-0.009286068	-0.3820762	0.99999964	-0.022273965	0.15988012	-0.16072649	0.17650653	0.023790745	-0.20627996	0.048290405	0.17599529	-0.057578683	-0.12546009	-0.38680983	-0.027920885	0.2755493
-0.322839	0.23907477	0.26392743	0.21793024	-0.15456796	-0.33478674	-0.2583002	0.11321993	0.16068621	-0.12012248	-0.06749043	-0.022273965	0.99999964	-0.21689068	0.23327427	-0.0764786	-0.4246782	-0.05048997	0.15483946	0.10741596	-0.19884817	0.17674579	0.12447904	-0.37976137	-0.23588431
0.079542585	-0.10529495	-0.23324548	-0.2783081	-0.12300986	0.25303957	0.2591514	-0.18713763	-0.42684713	0.11821017	-0.07439648	0.15988012	-0.21689068	0.9999997	-0.49374458	0.19471951	0.18186544	-0.07405172	-0.16591161	-0.022634566	0.14129974	-0.27424622	-0.22202098	0.19750297	0.2379209
-0.116178736	0.19718978	0.23708355	0.20825578	0.013284468	-0.30529377	-0.48261255	0.07999786	0.27442625	-0.09060908	0.008896588	-0.16072649	0.23327427	-0.49374458	0.9999997	-0.24385922	-0.29645786	-0.020356013	0.18176419	0.0831679	-0.22780955	0.236567	0.18887551	-0.22805811	-0.25828922
0.17855553	-0.32330555	-0.07590587	-0.23752639	-0.003439417	0.23252375	0.243311	0.14846303	-0.36271405	-0.23624614	-0.08897856	0.17650653	-0.0764786	0.19471951	-0.24385922	0.9999996	-0.0059123384	0.038277958	-0.2816414	-0.11259482	0.2102991	-0.40559858	-0.4002874	0.21257046	0.218574
0.047591984	-0.21842283	-0.5296965	-0.056152634	-0.014908462	0.20881012	0.15007696	-0.3327443	-0.14349541	0.23699537	-0.0014068551	0.023790745	-0.4246782	0.18186544	-0.29645786	-0.0059123384	0.9999993	-0.14994517	0.01093067	0.04865903	-0.005903769	-0.04169195	-0.027260361	0.1650114	0.11556065
0.19259296	-0.057229646	0.041208748	-0.2714937	0.26848269	0.005220869	0.085397966	0.15843725	0.09893698	-0.23080784	0.27055883	-0.20627996	-0.05048997	-0.07405172	-0.020356013	0.038277958	-0.14994517	0.9999991	-0.3499016	-0.5120023	0.23947626	-0.038402453	0.05557615	0.1192591	-0.24135475
-0.2744362	0.21829537	0.08014487	0.28606492	-0.29998878	-0.20349067	-0.28379217	-0.23347159	0.08458482	0.1749402	-0.16892968	0.048290405	0.15483946	-0.16591161	0.18176419	-0.2816414	0.01093067	-0.3499016	0.999999	0.25937778	-0.43996897	0.24141502	0.15929848	-0.32972556	-0.0790858
-0.24351704	0.09607722	0.032477673	0.23374487	-0.26833934	-0.055855524	-0.16725692	-0.12145147	-0.046547726	0.14440206	-0.42859015	0.17599529	0.10741596	-0.022634566	0.0831679	-0.11259482	0.04865903	-0.5120023	0.25937778	0.99999905	-0.39572743	0.10379675	-0.061646175	-0.2470558	0.10536607
0.27323157	-0.17015804	-0.07162499	-0.4400908	0.19320852	0.17073414	0.23683405	0.1369151	-0.07033738	-0.19983946	0.16069642	-0.057578683	-0.19884817	0.14129974	-0.22780955	0.2102991	-0.005903769	0.23947626	-0.43996897	-0.39572743	0.99999887	-0.3343591	-0.20225702	0.2528241	0.05941321
-0.3532116	0.24953222	0.12011342	0.24528569	-0.008821778	-0.2688547	-0.40244317	-0.107655376	0.24024212	0.10672156	0.020436458	-0.12546009	0.17674579	-0.27424622	0.236567	-0.40559858	-0.04169195	-0.038402453	0.24141502	0.10379675	-0.3343591	0.9999989	0.24899434	-0.386218	-0.28337887
-0.19013491	0.21925968	0.012490919	0.13409914	0.0432741	-0.19114338	-0.15899	-0.14516753	0.21300276	0.10591992	0.15704235	-0.38680983	0.12447904	-0.22202098	0.18887551	-0.4002874	-0.027260361	0.05557615	0.15929848	-0.061646175	-0.20225702	0.24899434	0.9999988	-0.12025896	-0.43789747
0.2574843	-0.317716	-0.36627126	-0.30185714	0.13293508	0.27968675	0.2927844	0.0020946367	-0.23180774	-0.05440529	0.09679924	-0.027920885	-0.37976137	0.19750297	-0.22805811	0.21257046	0.1650114	0.1192591	-0.32972556	-0.2470558	0.2528241	-0.386218	-0.12025896	0.99999887	0.13781068
0.05184602	-0.18270685	-0.08581032	-0.05937738	-0.26230472	0.18780674	0.16787681	-0.029176166	-0.2829921	0.033750195	-0.3206804	0.2755493	-0.23588431	0.2379209	-0.25828922	0.218574	0.11556065	-0.24135475	-0.0790858	0.10536607	0.05941321	-0.28337887	-0.43789747	0.13781068	0.99999887
