0.99999994	-0.038165808	-0.57611287	0.2261429	-0.21456908	0.0045446507	-0.37388793	0.21791227	-0.22767365	-0.07138127	0.00789031	-0.32294884	0.20102501	0.14113148	-0.3172301	0.16648276	-0.24016535	0.0038262862	0.1697042	0.014521425	-0.18162805	0.10773951	-0.2302927	0.25535962	0.035571534
-0.038165808	0.9999997	-0.047942664	0.14204745	-0.00036550753	0.24653335	-0.10465763	0.16462201	-0.0737984	-0.27002993	-0.12901138	0.057258956	0.093694694	-0.014139639	0.013703648	0.055249117	-0.11222908	0.16906324	0.027889239	-0.32200974	-0.06305901	0.12454753	-0.10101521	-0.09940159	-0.68869436
-0.57611287	-0.047942664	0.9999996	-0.24395035	0.12475152	-0.033661813	0.24163483	-0.28379008	0.17011374	0.044190094	0.025179435	0.21342698	-0.25504366	-0.025062272	0.18820134	-0.1364821	0.173705	0.035993446	-0.16917296	0.031788487	0.12816463	-0.10282627	0.17645171	-0.43550515	0.015831884
0.2261429	0.14204745	-0.24395035	0.9999994	-0.21531901	0.18072246	-0.42305687	0.25662076	-0.40351838	-0.3729663	-0.19136739	-0.29246733	0.27342346	0.24081925	-0.40752253	0.22770236	-0.29254282	0.2145931	0.21710263	-0.16970368	-0.18996148	0.2660057	-0.36699852	0.21611561	-0.16492082
-0.21456908	-0.00036550753	0.12475152	-0.21531901	0.99999946	-0.15022434	0.221422	-0.24086104	0.24368018	0.21165563	0.25433668	0.23650429	-0.20884134	-0.42193583	0.27443466	-0.52893347	0.28115857	-0.2779771	-0.43269783	0.136796	0.29677743	-0.28604203	0.2582671	-0.2523511	-0.051009826
0.0045446507	0.24653335	-0.033661813	0.18072246	-0.15022434	0.99999946	-0.19048046	0.13170686	-0.1636768	-0.3977811	-0.37070826	-0.105683126	0.20223713	0.13692567	-0.14347968	0.17206256	-0.19120634	0.26895493	0.049688786	-0.6202815	-0.108972505	0.2506117	-0.078295946	0.09982208	-0.3120362
-0.37388793	-0.10465763	0.24163483	-0.42305687	0.221422	-0.19048046	0.99999946	-0.38534337	0.2796663	0.23284842	0.19473252	0.26958355	-0.35585368	-0.31238547	0.27931508	-0.2150152	0.28924605	-0.18180321	-0.20388478	0.15811625	0.24813	-0.36539263	0.25845224	-0.3324581	0.091680214
0.21791227	0.16462201	-0.28379008	0.25662076	-0.24086104	0.13170686	-0.38534337	0.99999946	-0.35772204	-0.1719864	-0.14825256	-0.20884301	0.25295088	0.2146081	-0.18443155	0.246981	-0.373914	0.17279463	0.22619863	-0.13247006	-0.47049394	0.22063802	-0.37881523	0.17642255	-0.18288812
-0.22767365	-0.0737984	0.17011374	-0.40351838	0.24368018	-0.1636768	0.2796663	-0.35772204	0.9999997	0.22763266	0.20937379	0.2894114	-0.44337806	-0.30650246	0.2730384	-0.3391578	0.29282886	-0.28929156	-0.1960283	0.17128213	0.27119207	-0.20863613	0.23966008	-0.20251611	0.016468732
-0.07138127	-0.27002993	0.044190094	-0.3729663	0.21165563	-0.3977811	0.23284842	-0.1719864	0.22763266	0.99999976	0.28490415	0.16777413	-0.20929317	-0.3042334	0.24163301	-0.22274797	0.24365434	-0.43222058	-0.2356832	0.26665068	0.21804522	-0.4315295	0.20901628	-0.16805226	0.1845558
0.00789031	-0.12901138	0.025179435	-0.19136739	0.25433668	-0.37070826	0.19473252	-0.14825256	0.20937379	0.28490415	0.9999996	0.18828061	-0.33035576	-0.31399795	0.22645889	-0.30477232	0.24697855	-0.38346195	-0.32687145	0.2501092	0.22902384	-0.41822812	0.20137572	-0.27780095	0.08654201
-0.32294884	0.057258956	0.21342698	-0.29246733	0.23650429	-0.105683126	0.26958355	-0.20884301	0.2894114	0.16777413	0.18828061	0.9999996	-0.46512958	-0.33197898	0.27842584	-0.32511458	0.2798277	-0.16455589	-0.14600943	0.097991936	0.23253128	-0.21192425	0.1956651	-0.39516753	-0.10281209
0.20102501	0.093694694	-0.25504366	0.27342346	-0.20884134	0.20223713	-0.35585368	0.25295088	-0.44337806	-0.20929317	-0.33035576	-0.46512958	0.9999995	0.24662793	-0.23873253	0.2577757	-0.35496247	0.2049239	0.17447205	-0.2851323	-0.22465385	0.25102526	-0.27108353	0.2576892	-0.06439407
0.14113148	-0.014139639	-0.025062272	0.24081925	-0.42193583	0.13692567	-0.31238547	0.2146081	-0.30650246	-0.3042334	-0.31399795	-0.33197898	0.24662793	0.99999964	-0.30031076	0.2950829	-0.42726773	0.24473758	0.2537857	-0.12268253	-0.3347287	0.26682854	-0.3287621	0.21729222	0.01847835
-0.3172301	0.013703648	0.18820134	-0.40752253	0.27443466	-0.14347968	0.27931508	-0.18443155	0.2730384	0.24163301	0.22645889	0.27842584	-0.23873253	-0.30031076	0.9999997	-0.29264823	0.2684981	-0.329851	-0.28989238	0.13415998	0.25802588	-0.38136995	0.23944636	-0.3412176	-0.051174916
0.16648276	0.055249117	-0.1364821	0.22770236	-0.52893347	0.17206256	-0.2150152	0.246981	-0.3391578	-0.22274797	-0.30477232	-0.32511458	0.2577757	0.2950829	-0.29264823	0.99999994	-0.42992368	0.25810602	0.23930055	-0.22190315	-0.41680372	0.25198683	-0.22717085	0.23329598	-0.016131492
-0.24016535	-0.11222908	0.173705	-0.29254282	0.28115857	-0.19120634	0.28924605	-0.373914	0.29282886	0.24365434	0.24697855	0.2798277	-0.35496247	-0.42726773	0.2684981	-0.42992368	0.99999964	-0.2989234	-0.21236394	0.18064407	0.28873238	-0.25590596	0.24045521	-0.36475885	0.07576581
0.0038262862	0.16906324	0.035993446	0.2145931	-0.2779771	0.26895493	-0.18180321	0.17279463	-0.28929156	-0.43222058	-0.38346195	-0.16455589	0.2049239	0.24473758	-0.329851	0.25810602	-0.2989234	0.99999976	0.15872312	-0.3540753	-0.33609363	0.2876301	-0.12850162	0.14319079	-0.18735543
0.1697042	0.027889239	-0.16917296	0.21710263	-0.43269783	0.049688786	-0.20388478	0.22619863	-0.1960283	-0.2356832	-0.32687145	-0.14600943	0.17447205	0.2537857	-0.28989238	0.23930055	-0.21236394	0.15872312	1.0000001	-0.01715569	-0.36216608	0.23599617	-0.57266605	0.18172735	0.022722762
0.014521425	-0.32200974	0.031788487	-0.16970368	0.136796	-0.6202815	0.15811625	-0.13247006	0.17128213	0.26665068	0.2501092	0.097991936	-0.2851323	-0.12268253	0.13415998	-0.22190315	0.18064407	-0.3540753	-0.01715569	1.0	0.13800856	-0.31667772	0.059321698	-0.12769815	0.21407229
-0.18162805	-0.06305901	0.12816463	-0.18996148	0.29677743	-0.108972505	0.24813	-0.47049394	0.27119207	0.21804522	0.22902384	0.23253128	-0.22465385	-0.3347287	0.25802588	-0.41680372	0.28873238	-0.33609363	-0.36216608	0.13800856	1.0000001	-0.32037997	0.26421925	-0.22101043	-0.00093975535
0.10773951	0.12454753	-0.10282627	0.2660057	-0.28604203	0.2506117	-0.36539263	0.22063802	-0.20863613	-0.4315295	-0.41822812	-0.21192425	0.25102526	0.26682854	-0.38136995	0.25198683	-0.25590596	0.2876301	0.23599617	-0.31667772	-0.32037997	1.0000001	-0.30374902	0.21869817	-0.1202429
-0.2302927	-0.10101521	0.17645171	-0.36699852	0.2582671	-0.078295946	0.25845224	-0.37881523	0.23966008	0.20901628	0.20137572	0.1956651	-0.27108353	-0.3287621	0.23944636	-0.22717085	0.24045521	-0.12850162	-0.57266605	0.059321698	0.26421925	-0.30374902	1.0	-0.14716752	0.039942354
0.25535962	-0.09940159	-0.43550515	0.21611561	-0.2523511	0.09982208	-0.3324581	0.17642255	-0.20251611	-0.16805226	-0.27780095	-0.39516753	0.2576892	0.21729222	-0.3412176	0.23329598	-0.36475885	0.14319079	0.18172735	-0.12769815	-0.22101043	0.21869817	-0.14716752	1.0	0.088352986
0.035571534	-0.68869436	0.015831884	-0.16492082	-0.051009826	-0.3120362	0.091680214	-0.18288812	0.016468732	0.1845558	0.08654201	-0.10281209	-0.06439407	0.01847835	-0.051174916	-0.016131492	0.07576581	-0.18735543	0.022722762	0.21407229	-0.00093975535	-0.1202429	0.039942354	0.088352986	1.0
