1.0000001	-0.10583295	-0.20084254	-0.080285385	-0.38163564	0.18095282	-0.042475093	0.27509323	-0.05046195	0.08287334	0.08779232	-0.23104414	0.112488285	-0.2852397	0.049693108	-0.2992027	-0.0936183	0.1857321	-0.19129117	-0.02416541	-0.12549476	0.29147255	0.28525788	-0.40069142	-0.25088787
-0.10583295	1.0000007	-0.14654598	-0.20796537	-0.06096595	0.12709676	-0.15719642	-0.2613707	-0.093707405	0.24164645	0.24623498	0.017254278	0.113512285	-0.07122434	0.118804894	0.22450243	-0.38946635	-0.31572053	-0.2632532	-0.43911514	0.08310689	-0.16888179	-0.041540883	0.17880493	0.21970376
-0.20084254	-0.14654598	1.0000011	0.040064614	0.09403424	-0.13076948	0.27066258	-0.17350586	0.29062182	-0.08836139	-0.109347396	-0.12688038	-0.44160596	0.25382084	-0.45117494	0.049754832	0.14565285	-0.006223963	0.0671986	0.0453218	-0.2349214	-0.05805605	-0.096158765	0.13058443	0.093336344
-0.080285385	-0.20796537	0.040064614	1.0000007	0.20997684	-0.48001027	0.005894694	0.10434736	-0.00868574	-0.40012008	-0.45205784	0.1475283	0.013461858	0.09583465	-0.13170217	-0.10264303	0.19553967	0.1178281	0.2899268	0.2864813	0.05996312	-0.016602356	-0.13282494	-0.14915885	-0.16843876
-0.38163564	-0.06096595	0.09403424	0.20997684	1.0000006	-0.34179413	-0.060189694	-0.19530536	-0.035691794	-0.2887991	-0.28110698	0.26150286	-0.115981616	0.16985895	0.022146817	0.11672289	0.21534985	-0.06093923	0.23302387	0.18960026	0.1759149	-0.3369689	-0.34873965	0.14237139	0.04119687
0.18095282	0.12709676	-0.13076948	-0.48001027	-0.34179413	1.0000005	-0.078794256	0.030691657	-0.003846546	0.24587302	0.25973484	-0.1702593	0.02302832	-0.14626655	0.09821441	-0.026825022	-0.13401896	-0.006792671	-0.5226832	-0.34510076	-0.07341143	0.12733687	0.16686788	-0.004728779	-0.01871034
-0.042475093	-0.15719642	0.27066258	0.005894694	-0.060189694	-0.078794256	1.0000004	-0.04898079	0.28641447	0.000544794	-0.052016426	-0.30607587	-0.2717146	0.21835402	-0.45596677	-0.062132973	0.0209156	0.120120764	0.08443118	-0.014366048	-0.4261507	0.097961746	0.037428647	-0.013330941	-0.063136965
0.27509323	-0.2613707	-0.17350586	0.10434736	-0.19530536	0.030691657	-0.04898079	1.0000005	-0.055070363	-0.10265743	-0.108828194	-0.14039302	0.12562153	-0.1645872	0.014313682	-0.4384022	-0.03288533	0.23531668	0.015532395	0.12974304	-0.087076455	0.25948924	0.23399489	-0.46880338	-0.24808532
-0.05046195	-0.093707405	0.29062182	-0.00868574	-0.035691794	-0.003846546	0.28641447	-0.055070363	1.0000005	-0.03759269	-0.096393265	-0.23704398	-0.45704752	0.22576743	-0.44171676	-0.09591308	0.097454935	0.09237164	-0.03968637	0.00437214	-0.37862805	0.09114263	0.019405095	0.05045134	-0.0046270005
0.08287334	0.24164645	-0.08836139	-0.40012008	-0.2887991	0.24587302	0.000544794	-0.10265743	-0.03759269	1.0000006	0.29376906	-0.20240246	0.10474708	-0.24987748	0.05186161	0.12666976	-0.37789387	-0.19369364	-0.41884965	-0.33793944	-0.064093634	0.008314295	0.100639045	0.0657441	0.17566545
0.08779232	0.24623498	-0.109347396	-0.45205784	-0.28110698	0.25973484	-0.052016426	-0.108828194	-0.096393265	0.29376906	1.0000006	-0.15154672	0.08343379	-0.09574135	0.07764053	0.06142253	-0.40563193	-0.12690113	-0.3161952	-0.46272472	-0.07583653	0.041807167	0.14079009	0.06787884	0.1210495
-0.23104414	0.017254278	-0.12688038	0.1475283	0.26150286	-0.1702593	-0.30607587	-0.14039302	-0.23704398	-0.20240246	-0.15154672	1.0000006	0.07513611	-0.0066187913	0.19065222	0.16227649	0.13787995	-0.20582277	0.12793173	0.13199486	0.2968206	-0.31860337	-0.40047044	0.122294284	0.071175344
0.112488285	0.113512285	-0.44160596	0.013461858	-0.115981616	0.02302832	-0.2717146	0.12562153	-0.45704752	0.10474708	0.08343379	0.07513611	1.0000007	-0.40457866	0.22001709	0.006138613	-0.31622955	-0.08554181	-0.009708241	-0.086117506	0.16901691	-0.0073011457	0.08580702	-0.123260505	0.000109763576
-0.2852397	-0.07122434	0.25382084	0.09583465	0.16985895	-0.14626655	0.21835402	-0.1645872	0.22576743	-0.24987748	-0.09574135	-0.0066187913	-0.40457866	1.0000007	-0.2187337	-0.034407303	0.17211813	0.076482765	0.14247008	0.08868434	-0.19872732	-0.09265024	-0.16593704	0.13054302	-0.096390754
0.049693108	0.118804894	-0.45117494	-0.13170217	0.022146817	0.09821441	-0.45596677	0.014313682	-0.44171676	0.05186161	0.07764053	0.19065222	0.22001709	-0.2187337	1.0000008	0.059924204	-0.04103168	-0.12535283	-0.07015501	-0.0049487865	0.2559356	-0.11602268	-0.054585338	-0.04609428	-0.034686416
-0.2992027	0.22450243	0.049754832	-0.10264303	0.11672289	-0.026825022	-0.062132973	-0.4384022	-0.09591308	0.12666976	0.06142253	0.16227649	0.006138613	-0.034407303	0.059924204	1.0000006	-0.050445534	-0.47315165	-0.09322653	-0.15959966	0.17625666	-0.343233	-0.33712208	0.27644047	0.29072642
-0.0936183	-0.38946635	0.14565285	0.19553967	0.21534985	-0.13401896	0.0209156	-0.03288533	0.097454935	-0.37789387	-0.40563193	0.13787995	-0.31622955	0.17211813	-0.04103168	-0.050445534	1.0000006	0.11162324	0.19130109	0.25999758	0.0462087	-0.04300891	-0.19311582	0.025054727	-0.15308218
0.1857321	-0.31572053	-0.006223963	0.1178281	-0.06093923	-0.006792671	0.120120764	0.23531668	0.09237164	-0.19369364	-0.12690113	-0.20582277	-0.08554181	0.076482765	-0.12535283	-0.47315165	0.11162324	1.0000005	0.097071774	0.14618571	-0.24722265	0.25872374	0.19435196	-0.23473306	-0.5156395
-0.19129117	-0.2632532	0.0671986	0.2899268	0.23302387	-0.5226832	0.08443118	0.015532395	-0.03968637	-0.41884965	-0.3161952	0.12793173	-0.009708241	0.14247008	-0.07015501	-0.09322653	0.19130109	0.097071774	1.0000002	0.26569784	0.014708444	-0.07655742	-0.074972525	-0.05757056	-0.11680625
-0.02416541	-0.43911514	0.0453218	0.2864813	0.18960026	-0.34510076	-0.014366048	0.12974304	0.00437214	-0.33793944	-0.46272472	0.13199486	-0.086117506	0.08868434	-0.0049487865	-0.15959966	0.25999758	0.14618571	0.26569784	1.0000002	0.063097626	0.017466007	-0.12046757	-0.18297365	-0.16709937
-0.12549476	0.08310689	-0.2349214	0.05996312	0.1759149	-0.07341143	-0.4261507	-0.087076455	-0.37862805	-0.064093634	-0.07583653	0.2968206	0.16901691	-0.19872732	0.2559356	0.17625666	0.0462087	-0.24722265	0.014708444	0.063097626	1.0000002	-0.29423	-0.2768613	0.09852034	0.11907481
0.29147255	-0.16888179	-0.05805605	-0.016602356	-0.3369689	0.12733687	0.097961746	0.25948924	0.09114263	0.008314295	0.041807167	-0.31860337	-0.0073011457	-0.09265024	-0.11602268	-0.343233	-0.04300891	0.25872374	-0.07655742	0.017466007	-0.29423	1.0000001	0.29534134	-0.40173775	-0.35775277
0.28525788	-0.041540883	-0.096158765	-0.13282494	-0.34873965	0.16686788	0.037428647	0.23399489	0.019405095	0.100639045	0.14079009	-0.40047044	0.08580702	-0.16593704	-0.054585338	-0.33712208	-0.19311582	0.19435196	-0.074972525	-0.12046757	-0.2768613	0.29534134	1.0	-0.32861316	-0.21715279
-0.40069142	0.17880493	0.13058443	-0.14915885	0.14237139	-0.004728779	-0.013330941	-0.46880338	0.05045134	0.0657441	0.06787884	0.122294284	-0.123260505	0.13054302	-0.04609428	0.27644047	0.025054727	-0.23473306	-0.05757056	-0.18297365	0.09852034	-0.40173775	-0.32861316	0.99999994	0.24221198
-0.25088787	0.21970376	0.093336344	-0.16843876	0.04119687	-0.01871034	-0.063136965	-0.24808532	-0.0046270005	0.17566545	0.1210495	0.071175344	0.000109763576	-0.096390754	-0.034686416	0.29072642	-0.15308218	-0.5156395	-0.11680625	-0.16709937	0.11907481	-0.35775277	-0.21715279	0.24221198	0.99999994
