1.0	0.19298396	-0.2825533	0.21003847	0.26868346	-0.09003668	-0.42394686	-0.25257108	0.15637846	0.29387504	0.22476344	0.112999804	-0.40305153	0.28450713	-0.25725555	-0.3750583	-0.28041536	0.27328092	0.2604083	-0.31315678	0.21464247	-0.10780876	-0.34389225	0.2578224	-0.39665547
0.19298396	1.0000001	-0.2908123	0.16111109	0.19483092	-0.36645788	-0.079681225	-0.49077806	-0.098504946	0.20455839	0.28092316	0.2862517	-0.17618236	0.20499471	-0.18070947	-0.10399604	-0.28919503	0.25259948	0.21279785	-0.2486071	0.2683978	-0.40911523	-0.41249055	0.2295526	-0.20902517
-0.2825533	-0.2908123	1.0	-0.3776851	-0.4220929	0.18906495	0.20736344	0.2446476	-0.11318337	-0.22190839	-0.2841269	-0.17706984	0.2822201	-0.35700083	0.21696836	0.26700383	0.28662023	-0.43405077	-0.22591859	0.23705997	-0.423567	0.23961122	0.24247955	-0.33203843	0.24976976
0.21003847	0.16111109	-0.3776851	0.9999998	0.26530784	-0.07915058	-0.1111982	-0.16897173	0.09294389	0.22855426	0.2126441	0.098592	-0.36216256	0.21127361	-0.06528689	-0.35388303	-0.27586487	0.27722412	0.16827658	-0.15358518	0.24747996	-0.28362584	-0.24158232	0.16442427	-0.33383915
0.26868346	0.19483092	-0.4220929	0.26530784	0.9999999	-0.16380973	-0.26292118	-0.18950683	0.10276809	0.28182828	0.23654543	0.1254699	-0.33306828	0.28565097	-0.28151137	-0.30541277	-0.43551576	0.29679066	0.2603137	-0.21118814	0.23693451	-0.22103891	-0.15656061	0.24133216	-0.486589
-0.09003668	-0.36645788	0.18906495	-0.07915058	-0.16380973	1.0	0.053400185	0.27472773	0.0961213	-0.13502918	-0.47967735	-0.56774086	0.07626719	-0.18965864	0.16410172	0.06353187	0.18051437	-0.19386114	-0.19834532	0.15278415	-0.23490846	0.23563632	0.2817719	-0.30062038	0.12959376
-0.42394686	-0.079681225	0.20736344	-0.1111982	-0.26292118	0.053400185	1.0000001	0.070717596	-0.48930275	-0.3337067	-0.19456153	-0.060558	0.26730344	-0.32589597	0.27788648	0.29384437	0.22616522	-0.24908179	-0.25971907	0.27818948	-0.18543558	0.03908461	0.1602114	-0.31135118	0.17751873
-0.25257108	-0.49077806	0.2446476	-0.16897173	-0.18950683	0.27472773	0.070717596	1.0000001	0.103235215	-0.24862516	-0.32865858	-0.35055852	0.17883497	-0.1804181	0.15305576	0.11607064	0.20682578	-0.3067506	-0.2498616	0.17852847	-0.44630635	0.29045376	0.27661145	-0.22112994	0.20498835
0.15637846	-0.098504946	-0.11318337	0.09294389	0.10276809	0.0961213	-0.48930275	0.103235215	1.0000001	0.13237774	0.008471172	-0.062087607	-0.26207954	0.18744472	-0.28070173	-0.35616	-0.121333756	0.12098039	0.13136497	-0.30251497	0.02937066	0.08265531	-0.009275075	0.1527207	-0.008614897
0.29387504	0.20455839	-0.22190839	0.22855426	0.28182828	-0.13502918	-0.3337067	-0.24862516	0.13237774	1.0	0.21173947	0.13399658	-0.44127792	0.27361226	-0.32967964	-0.376264	-0.21348752	0.29078615	0.24122348	-0.30349633	0.25540903	-0.2889608	-0.18454291	0.23165718	-0.43314937
0.22476344	0.28092316	-0.2841269	0.2126441	0.23654543	-0.47967735	-0.19456153	-0.32865858	0.008471172	0.21173947	1.0	0.26631242	-0.15576653	0.2509311	-0.22917187	-0.2458019	-0.29513413	0.25901464	0.24121028	-0.18882501	0.23377545	-0.23542851	-0.47050592	0.26228946	-0.27976137
0.112999804	0.2862517	-0.17706984	0.098592	0.1254699	-0.56774086	-0.060558	-0.35055852	-0.062087607	0.13399658	0.26631242	0.9999999	-0.08897864	0.1670999	-0.27109814	-0.037733234	-0.13230461	0.19117813	0.14594357	-0.18099803	0.20416597	-0.38805753	-0.4237012	0.21438636	-0.08126901
-0.40305153	-0.17618236	0.2822201	-0.36216256	-0.33306828	0.07626719	0.26730344	0.17883497	-0.26207954	-0.44127792	-0.15576653	-0.08897864	1.0	-0.30453053	0.2198169	0.31168747	0.23678729	-0.39583123	-0.17262936	0.23702456	-0.36021486	0.1883438	0.18390763	-0.25246742	0.24644797
0.28450713	0.20499471	-0.35700083	0.21127361	0.28565097	-0.18965864	-0.32589597	-0.1804181	0.18744472	0.27361226	0.2509311	0.1670999	-0.30453053	1.0	-0.4643152	-0.38558364	-0.40921918	0.29496768	0.28943482	-0.35591322	0.21300818	-0.14909826	-0.2883827	0.31210908	-0.25450057
-0.25725555	-0.18070947	0.21696836	-0.06528689	-0.28151137	0.16410172	0.27788648	0.15305576	-0.28070173	-0.32967964	-0.22917187	-0.27109814	0.2198169	-0.4643152	0.99999994	0.23569208	0.26527774	-0.272801	-0.36353755	0.3045525	-0.13651104	0.10811784	0.22107057	-0.4342993	0.19152166
-0.3750583	-0.10399604	0.26700383	-0.35388303	-0.30541277	0.06353187	0.29384437	0.11607064	-0.35616	-0.376264	-0.2458019	-0.037733234	0.31168747	-0.38558364	0.23569208	0.9999999	0.24908583	-0.35207915	-0.22639674	0.25262097	-0.25958428	0.123351514	0.16845092	-0.24185523	0.23618698
-0.28041536	-0.28919503	0.28662023	-0.27586487	-0.43551576	0.18051437	0.22616522	0.20682578	-0.121333756	-0.21348752	-0.29513413	-0.13230461	0.23678729	-0.40921918	0.26527774	0.24908583	0.9999995	-0.34677944	-0.46397948	0.2798833	-0.18107553	0.14089642	0.24188389	-0.40005532	0.26986217
0.27328092	0.25259948	-0.43405077	0.27722412	0.29679066	-0.19386114	-0.24908179	-0.3067506	0.12098039	0.29078615	0.25901464	0.19117813	-0.39583123	0.29496768	-0.272801	-0.35207915	-0.34677944	0.99999964	0.24188195	-0.28789425	0.3006559	-0.350912	-0.27034408	0.26840392	-0.27423525
0.2604083	0.21279785	-0.22591859	0.16827658	0.2603137	-0.19834532	-0.25971907	-0.2498616	0.13136497	0.24122348	0.24121028	0.14594357	-0.17262936	0.28943482	-0.36353755	-0.22639674	-0.46397948	0.24188195	0.9999997	-0.5001019	0.1681007	-0.07762523	-0.25309977	0.29313946	-0.39049098
-0.31315678	-0.2486071	0.23705997	-0.15358518	-0.21118814	0.15278415	0.27818948	0.17852847	-0.30251497	-0.30349633	-0.18882501	-0.18099803	0.23702456	-0.35591322	0.3045525	0.25262097	0.2798833	-0.28789425	-0.5001019	0.99999976	-0.20740904	0.11827133	0.22248478	-0.4533888	0.21098025
0.21464247	0.2683978	-0.423567	0.24747996	0.23693451	-0.23490846	-0.18543558	-0.44630635	0.02937066	0.25540903	0.23377545	0.20416597	-0.36021486	0.21300818	-0.13651104	-0.25958428	-0.18107553	0.3006559	0.1681007	-0.20740904	0.99999976	-0.4814087	-0.21202402	0.20159237	-0.18863359
-0.10780876	-0.40911523	0.23961122	-0.28362584	-0.22103891	0.23563632	0.03908461	0.29045376	0.08265531	-0.2889608	-0.23542851	-0.38805753	0.1883438	-0.14909826	0.10811784	0.123351514	0.14089642	-0.350912	-0.07762523	0.11827133	-0.4814087	0.99999976	0.22310585	-0.11878063	0.16928004
-0.34389225	-0.41249055	0.24247955	-0.24158232	-0.15656061	0.2817719	0.1602114	0.27661145	-0.009275075	-0.18454291	-0.47050592	-0.4237012	0.18390763	-0.2883827	0.22107057	0.16845092	0.24188389	-0.27034408	-0.25309977	0.22248478	-0.21202402	0.22310585	0.9999999	-0.3459855	0.192345
0.2578224	0.2295526	-0.33203843	0.16442427	0.24133216	-0.30062038	-0.31135118	-0.22112994	0.1527207	0.23165718	0.26228946	0.21438636	-0.25246742	0.31210908	-0.4342993	-0.24185523	-0.40005532	0.26840392	0.29313946	-0.4533888	0.20159237	-0.11878063	-0.3459855	0.99999994	-0.172781
-0.39665547	-0.20902517	0.24976976	-0.33383915	-0.486589	0.12959376	0.17751873	0.20498835	-0.008614897	-0.43314937	-0.27976137	-0.08126901	0.24644797	-0.25450057	0.19152166	0.23618698	0.26986217	-0.27423525	-0.39049098	0.21098025	-0.18863359	0.16928004	0.192345	-0.172781	0.99999994
