1.0	0.17954822	-0.18205175	0.18470263	-0.16173023	0.22840182	0.20785221	-0.34366	-0.26599047	0.21448177	-0.21387038	-0.40018556	-0.21288712	-0.25064582	0.23552728	0.27120563	0.043718718	-0.19335	-0.2540449	0.27871186	0.1391486	0.2421379	0.25648555	-0.42657375	-0.24373746
0.17954822	1.0	-0.37990618	0.21619254	-0.36354846	0.2073948	0.26419726	-0.24447642	-0.14425062	-0.09295461	-0.07717915	-0.067745164	-0.37394947	-0.2157825	0.1424683	0.24950339	0.27570474	-0.33670503	-0.38696462	0.13891223	0.18067053	0.15829012	0.26715356	0.015503102	-0.39947483
-0.18205175	-0.37990618	0.9999998	-0.42022523	0.22175452	-0.29711965	-0.19368757	0.15958099	0.12344432	0.062313378	0.116875775	0.11242033	0.22777559	0.15099068	-0.15815271	-0.19501874	-0.4005303	0.27958977	0.24923053	-0.2741276	-0.22783707	-0.1630193	-0.1865381	-0.028982194	0.23171729
0.18470263	0.21619254	-0.42022523	1.0	-0.22094402	0.2932479	0.18284039	-0.032510955	-0.3871727	0.019004477	-0.04672401	-0.24994625	-0.25067997	-0.021412754	0.034221284	0.15046027	0.14314717	-0.4429657	-0.3052357	0.16390292	0.023700543	0.036121078	0.21291801	-0.09916977	-0.107477196
-0.16173023	-0.36354846	0.22175452	-0.22094402	0.9999998	-0.24224536	-0.521558	0.11395912	0.12515496	0.080626875	0.07988052	-0.0014424962	0.306995	0.11616709	-0.11588074	-0.29661343	-0.3436469	0.27789706	0.21041377	-0.07650228	-0.103468865	-0.027998528	-0.38609213	-0.045578368	0.24471165
0.22840182	0.2073948	-0.29711965	0.2932479	-0.24224536	1.0	0.19271517	-0.13064218	-0.48920518	0.12542321	-0.024781775	-0.38466945	-0.24242742	-0.19064267	0.11011833	0.17957737	0.08058128	-0.32958	-0.33565313	0.19598588	0.015949277	0.14792496	0.23393704	-0.13008164	-0.0906566
0.20785221	0.26419726	-0.19368757	0.18284039	-0.521558	0.19271517	1.0000001	-0.1550691	-0.1553263	0.021405075	-0.21150467	-0.061341446	-0.51463324	-0.18412197	0.19491737	0.23203297	0.2123196	-0.29718205	-0.23811503	0.122796096	0.18515198	0.0832866	0.30157816	-0.09416444	-0.36934632
-0.34366	-0.24447642	0.15958099	-0.032510955	0.11395912	-0.13064218	-0.1550691	1.0	0.15396124	-0.20134507	0.23509428	0.16835941	0.13593695	0.3023962	-0.37175405	-0.41637948	-0.17330992	0.08529416	0.25056168	-0.26599735	-0.2903674	-0.4720849	-0.26112247	0.1777545	0.25649476
-0.26599047	-0.14425062	0.12344432	-0.3871727	0.12515496	-0.48920518	-0.1553263	0.15396124	0.99999994	-0.37506956	0.05394043	0.26854074	0.13761844	0.14769503	-0.1930777	-0.20181206	0.012656965	0.15774296	0.23780802	-0.20982957	0.005213043	-0.16380982	-0.2826064	0.23100583	0.07271476
0.21448177	-0.09295461	0.062313378	0.019004477	0.080626875	0.12542321	0.021405075	-0.20134507	-0.37506956	1.0	-0.05724114	-0.3493093	0.05982143	-0.1945924	0.14450766	0.1067822	-0.20184897	0.0558698	-0.12530977	0.20403618	0.0028907338	0.17809601	0.058420505	-0.57287383	0.017018508
-0.21387038	-0.07717915	0.116875775	-0.04672401	0.07988052	-0.024781775	-0.21150467	0.23509428	0.05394043	-0.05724114	0.99999994	0.06689923	0.14467345	0.24793501	-0.48931575	-0.24392901	-0.05731095	0.05702465	0.1712487	-0.31614047	-0.54643965	-0.20607004	-0.28767765	0.11545255	0.23417717
-0.40018556	-0.067745164	0.11242033	-0.24994625	-0.0014424962	-0.38466945	-0.061341446	0.16835941	0.26854074	-0.3493093	0.06689923	1.0	0.0077067455	0.1883407	-0.14520113	-0.20658731	0.08898509	0.09210542	0.20397912	-0.42979538	0.020504205	-0.2548577	-0.12357193	0.26497707	0.03890006
-0.21288712	-0.37394947	0.22777559	-0.25067997	0.306995	-0.24242742	-0.51463324	0.13593695	0.13761844	0.05982143	0.14467345	0.0077067455	1.0	0.11399333	-0.21475518	-0.18194397	-0.35070848	0.27599126	0.20245154	-0.038996037	-0.19635843	-0.05459329	-0.38651004	-0.0025206206	0.26091984
-0.25064582	-0.2157825	0.15099068	-0.021412754	0.11616709	-0.19064267	-0.18412197	0.3023962	0.14769503	-0.1945924	0.24793501	0.1883407	0.11399333	0.9999999	-0.46917045	-0.24715988	-0.10157446	0.056763258	0.24687833	-0.39503375	-0.26601425	-0.47737128	-0.25820017	0.18783279	0.22614849
0.23552728	0.1424683	-0.15815271	0.034221284	-0.11588074	0.11011833	0.19491737	-0.37175405	-0.1930777	0.14450766	-0.48931575	-0.14520113	-0.21475518	-0.46917045	0.9999998	0.24585488	0.07332403	-0.02786953	-0.19229622	0.24649005	0.2617979	0.2622381	0.23421796	-0.18301232	-0.2830556
0.27120563	0.24950339	-0.19501874	0.15046027	-0.29661343	0.17957737	0.23203297	-0.41637948	-0.20181206	0.1067822	-0.24392901	-0.20658731	-0.18194397	-0.24715988	0.24585488	0.9999999	0.16746362	-0.22777928	-0.371799	0.237881	0.23156415	0.25646406	0.2739385	-0.15135087	-0.38065416
0.043718718	0.27570474	-0.4005303	0.14314717	-0.3436469	0.08058128	0.2123196	-0.17330992	0.012656965	-0.20184897	-0.05731095	0.08898509	-0.35070848	-0.10157446	0.07332403	0.16746362	0.9999997	-0.4229479	-0.1240112	0.011445065	0.17491668	0.045489475	0.17562824	0.14302482	-0.33296573
-0.19335	-0.33670503	0.27958977	-0.4429657	0.27789706	-0.32958	-0.29718205	0.08529416	0.15774296	0.0558698	0.05702465	0.09210542	0.27599126	0.056763258	-0.02786953	-0.22777928	-0.4229479	0.99999964	0.21905406	-0.106939636	-0.11517275	-0.017083174	-0.31999233	-0.024055453	0.20154178
-0.2540449	-0.38696462	0.24923053	-0.3052357	0.21041377	-0.33565313	-0.23811503	0.25056168	0.23780802	-0.12530977	0.1712487	0.20397912	0.20245154	0.24687833	-0.19229622	-0.371799	-0.1240112	0.21905406	0.9999997	-0.33174542	-0.21979286	-0.36546022	-0.37813815	0.14334989	0.23773299
0.27871186	0.13891223	-0.2741276	0.16390292	-0.07650228	0.19598588	0.122796096	-0.26599735	-0.20982957	0.20403618	-0.31614047	-0.42979538	-0.038996037	-0.39503375	0.24649005	0.237881	0.011445065	-0.106939636	-0.33174542	0.9999997	0.14656365	0.26788744	0.19821261	-0.31899205	-0.17139721
0.1391486	0.18067053	-0.22783707	0.023700543	-0.103468865	0.015949277	0.18515198	-0.2903674	0.005213043	0.0028907338	-0.54643965	0.020504205	-0.19635843	-0.26601425	0.2617979	0.23156415	0.17491668	-0.11517275	-0.21979286	0.14656365	0.99999946	0.19888541	0.19361393	-0.0211003	-0.4206104
0.2421379	0.15829012	-0.1630193	0.036121078	-0.027998528	0.14792496	0.0832866	-0.4720849	-0.16380982	0.17809601	-0.20607004	-0.2548577	-0.05459329	-0.47737128	0.2622381	0.25646406	0.045489475	-0.017083174	-0.36546022	0.26788744	0.19888541	0.9999995	0.16939834	-0.20342223	-0.21609199
0.25648555	0.26715356	-0.1865381	0.21291801	-0.38609213	0.23393704	0.30157816	-0.26112247	-0.2826064	0.058420505	-0.28767765	-0.12357193	-0.38651004	-0.25820017	0.23421796	0.2739385	0.17562824	-0.31999233	-0.37813815	0.19821261	0.19361393	0.16939834	0.99999946	-0.1740329	-0.30289078
-0.42657375	0.015503102	-0.028982194	-0.09916977	-0.045578368	-0.13008164	-0.09416444	0.1777545	0.23100583	-0.57287383	0.11545255	0.26497707	-0.0025206206	0.18783279	-0.18301232	-0.15135087	0.14302482	-0.024055453	0.14334989	-0.31899205	-0.0211003	-0.20342223	-0.1740329	0.9999994	0.029569697
-0.24373746	-0.39947483	0.23171729	-0.107477196	0.24471165	-0.0906566	-0.36934632	0.25649476	0.07271476	0.017018508	0.23417717	0.03890006	0.26091984	0.22614849	-0.2830556	-0.38065416	-0.33296573	0.20154178	0.23773299	-0.17139721	-0.4206104	-0.21609199	-0.30289078	0.029569697	0.9999994
