1.0000002	-0.38875318	-0.28017256	-0.22609866	0.13708474	0.21173312	-0.37171423	-0.12735999	0.036608275	-0.11738641	-0.26953945	0.28300825	-0.23575614	0.060889933	0.15148267	0.31160986	0.0548949	0.062458917	0.11683769	-0.2688383	0.1965472	-0.11113292	-0.10987151	-0.40624866	0.17507628
-0.38875318	1.0000004	0.1852136	0.14517373	-0.3180721	-0.42915052	0.22714733	0.16357061	0.026823204	0.0035605384	0.1519373	-0.19247818	0.048047416	0.026020339	-0.065233536	-0.35137153	-0.06537575	-0.08031242	-0.14004426	0.15890679	-0.2939534	0.078518674	0.12501298	0.26858494	-0.1652604
-0.28017256	0.1852136	1.0000004	0.14081633	0.037618622	-0.07167332	0.26478606	0.0124088405	-0.29992118	0.23325488	0.16364807	-0.22365399	0.21749523	-0.27300215	-0.42739552	-0.34989256	0.050555523	-0.11858245	-0.41087168	0.31718495	-0.09037982	0.08914778	0.0137683535	0.19703256	-0.3043284
-0.22609866	0.14517373	0.14081633	1.0000007	-0.14184707	-0.20268197	0.20661022	0.26048863	-0.004469235	-0.08408518	0.23019516	-0.16533966	0.0021384538	0.07412852	-0.24241617	-0.27636707	-0.32639852	0.17708951	0.013710658	0.09114437	-0.3864136	-0.23868434	0.27022222	0.04377325	0.008224283
0.13708474	-0.3180721	0.037618622	-0.14184707	1.0000007	0.3054934	-0.11530647	-0.33808365	-0.34937784	0.18464181	-0.20202386	0.028263206	0.14227101	-0.28084558	-0.12209148	0.11851927	0.2315367	-0.17067072	-0.18258119	0.08175974	0.26400408	0.08264971	-0.34622613	-0.12865897	-0.13842966
0.21173312	-0.42915052	-0.07167332	-0.20268197	0.3054934	1.0000005	-0.14482301	-0.37121388	-0.21739113	0.10932403	-0.20423698	0.10987475	0.06958757	-0.20285025	-0.0019084751	0.1701993	0.22045188	-0.14474425	-0.09980729	-0.01768508	0.27489775	0.059109587	-0.38705647	-0.22857891	-0.021939822
-0.37171423	0.22714733	0.26478606	0.20661022	-0.11530647	-0.14482301	1.0000004	0.106954545	-0.12729318	0.15979262	0.17047977	-0.44695055	0.18241575	-0.21167876	-0.2767598	-0.48453015	-0.019046662	-0.043667234	-0.1567373	0.2595	-0.27178636	0.054237723	0.09647018	0.24280208	-0.17086872
-0.12735999	0.16357061	0.0124088405	0.26048863	-0.33808365	-0.37121388	0.106954545	1.0000004	0.1348866	-0.29873672	0.13799995	-0.020849302	-0.13046663	0.20948909	-0.015651558	-0.16137369	-0.4677952	0.20937192	0.15336762	-0.073257536	-0.34603104	-0.16049552	0.30532396	0.017164567	0.14214845
0.036608275	0.026823204	-0.29992118	-0.004469235	-0.34937784	-0.21739113	-0.12729318	0.1348866	1.0000004	-0.1643628	0.02048126	0.084725566	-0.34529793	0.25098246	0.22316454	0.07093058	-0.111598454	0.08127937	0.22423	-0.36364847	-0.23037633	-0.03895025	0.10369026	-0.0808305	0.22653984
-0.11738641	0.0035605384	0.23325488	-0.08408518	0.18464181	0.10932403	0.15979262	-0.29873672	-0.1643628	1.0000005	0.052996036	-0.28344706	0.2244659	-0.42930773	-0.34064448	-0.16137482	0.22587402	-0.16482496	-0.43605784	0.26470447	0.08866169	0.15344116	-0.18800029	0.13146998	-0.259526
-0.26953945	0.1519373	0.16364807	0.23019516	-0.20202386	-0.20423698	0.17047977	0.13799995	0.02048126	0.052996036	1.0000004	-0.10498988	-0.034237847	-0.012466231	-0.26629874	-0.23026481	-0.11360115	0.16495028	-0.18766245	0.10762691	-0.09916935	-0.3033547	0.1890217	0.026287988	0.04442402
0.28300825	-0.19247818	-0.22365399	-0.16533966	0.028263206	0.10987475	-0.44695055	-0.020849302	0.084725566	-0.28344706	-0.10498988	1.0000002	-0.3817427	0.17872743	0.16917185	0.28088722	-0.02837104	0.14937797	0.14833547	-0.28434676	0.13616347	-0.24688026	-0.029055784	-0.39256623	0.23535712
-0.23575614	0.048047416	0.21749523	0.0021384538	0.14227101	0.06958757	0.18241575	-0.13046663	-0.34529793	0.2244659	-0.034237847	-0.3817427	1.0000002	-0.3865733	-0.15112467	-0.19464904	0.15260658	-0.27968508	-0.14880788	0.24760509	0.06251017	0.1993876	-0.09844646	0.22124717	-0.49136093
0.060889933	0.026020339	-0.27300215	0.07412852	-0.28084558	-0.20285025	-0.21167876	0.20948909	0.25098246	-0.42930773	-0.012466231	0.17872743	-0.3865733	1.0000004	0.20291646	0.12175092	-0.31279474	0.18791808	0.26817784	-0.34609994	-0.122916065	-0.14472207	0.1906199	-0.14708163	0.25123847
0.15148267	-0.065233536	-0.42739552	-0.24241617	-0.12209148	-0.0019084751	-0.2767598	-0.015651558	0.22316454	-0.34064448	-0.26629874	0.16917185	-0.15112467	0.20291646	1.0000002	0.20838809	-0.047675412	0.03629696	0.2619493	-0.3742434	-0.01459697	-0.03533414	-0.041618094	-0.07393821	0.1744753
0.31160986	-0.35137153	-0.34989256	-0.27636707	0.11851927	0.1701993	-0.48453015	-0.16137369	0.07093058	-0.16137482	-0.23026481	0.28088722	-0.19464904	0.12175092	0.20838809	1.0	0.029111696	0.054122217	0.16154793	-0.3079903	0.20909706	-0.06767135	-0.09935169	-0.34034562	0.16607513
0.0548949	-0.06537575	0.050555523	-0.32639852	0.2315367	0.22045188	-0.019046662	-0.4677952	-0.111598454	0.22587402	-0.11360115	-0.02837104	0.15260658	-0.31279474	-0.047675412	0.029111696	1.0	-0.40928996	-0.23577227	0.11283816	0.22081628	0.21973678	-0.43377692	0.037764184	-0.2354997
0.062458917	-0.08031242	-0.11858245	0.17708951	-0.17067072	-0.14474425	-0.043667234	0.20937192	0.08127937	-0.16482496	0.16495028	0.14937797	-0.27968508	0.18791808	0.03629696	0.054122217	-0.40928996	0.9999999	0.13736446	-0.11199214	-0.12073394	-0.52029026	0.25580376	-0.22982374	0.2447895
0.11683769	-0.14004426	-0.41087168	0.013710658	-0.18258119	-0.09980729	-0.1567373	0.15336762	0.22423	-0.43605784	-0.18766245	0.14833547	-0.14880788	0.26817784	0.2619493	0.16154793	-0.23577227	0.13736446	0.99999976	-0.38747233	-0.13086867	-0.10096486	0.12738416	-0.11432305	0.197588
-0.2688383	0.15890679	0.31718495	0.09114437	0.08175974	-0.01768508	0.2595	-0.073257536	-0.36364847	0.26470447	0.10762691	-0.28434676	0.24760509	-0.34609994	-0.3742434	-0.3079903	0.11283816	-0.11199214	-0.38747233	0.9999997	-0.058929395	0.12065193	-0.06869549	0.21630412	-0.31496668
0.1965472	-0.2939534	-0.09037982	-0.3864136	0.26400408	0.27489775	-0.27178636	-0.34603104	-0.23037633	0.08866169	-0.09916935	0.13616347	0.06251017	-0.122916065	-0.01459697	0.20909706	0.22081628	-0.12073394	-0.13086867	-0.058929395	0.99999976	0.07593199	-0.33886012	-0.13065821	-0.1086635
-0.11113292	0.078518674	0.08914778	-0.23868434	0.08264971	0.059109587	0.054237723	-0.16049552	-0.03895025	0.15344116	-0.3033547	-0.24688026	0.1993876	-0.14472207	-0.03533414	-0.06767135	0.21973678	-0.52029026	-0.10096486	0.12065193	0.07593199	0.9999994	-0.33481044	0.21065381	-0.27427998
-0.10987151	0.12501298	0.0137683535	0.27022222	-0.34622613	-0.38705647	0.09647018	0.30532396	0.10369026	-0.18800029	0.1890217	-0.029055784	-0.09844646	0.1906199	-0.041618094	-0.09935169	-0.43377692	0.25580376	0.12738416	-0.06869549	-0.33886012	-0.33481044	0.99999934	-0.010913834	0.13460955
-0.40624866	0.26858494	0.19703256	0.04377325	-0.12865897	-0.22857891	0.24280208	0.017164567	-0.0808305	0.13146998	0.026287988	-0.39256623	0.22124717	-0.14708163	-0.07393821	-0.34034562	0.037764184	-0.22982374	-0.11432305	0.21630412	-0.13065821	0.21065381	-0.010913834	0.9999994	-0.3686365
0.17507628	-0.1652604	-0.3043284	0.008224283	-0.13842966	-0.021939822	-0.17086872	0.14214845	0.22653984	-0.259526	0.04442402	0.23535712	-0.49136093	0.25123847	0.1744753	0.16607513	-0.2354997	0.2447895	0.197588	-0.31496668	-0.1086635	-0.27427998	0.13460955	-0.3686365	0.9999994
