1.0000001	0.27344137	-0.080436714	0.2989656	-0.039420675	0.28938508	-0.11794063	-0.08632492	0.27192655	-0.37334102	-0.33694255	0.26519024	-0.40125513	0.21093827	-0.25421175	0.1728466	-0.012305591	0.099088565	-0.12040647	0.12596616	-0.35238808	-0.10116871	0.0034525646	-0.12572224	-0.3437391
0.27344137	1.0	-0.11958106	0.2272604	0.09654685	0.30923268	-0.10182572	0.10491431	0.2571323	-0.42371824	-0.44660437	0.2841849	-0.42244834	0.23796308	-0.09160358	0.17917344	0.08977799	-0.091195844	0.043579437	0.21757744	-0.26537287	-0.23802468	-0.13169524	-0.2079672	-0.4455668
-0.080436714	-0.11958106	0.9999999	-0.059153013	-0.3432312	-0.11993896	0.24317937	-0.303403	-0.14011903	0.1818964	0.18987198	-0.13087647	0.16379382	-0.4121318	-0.09594344	-0.39038175	-0.3213716	0.23076634	-0.364083	-0.42403728	0.19204773	0.29359797	0.23323192	0.3005248	0.12245644
0.2989656	0.2272604	-0.059153013	1.0	-0.13525571	0.2601328	-0.008092646	-0.18035834	0.2691402	-0.30386886	-0.2818609	0.22778903	-0.2093259	0.17980471	-0.3605877	0.08870943	-0.13562955	0.14902332	-0.21843632	0.059703123	-0.2740118	-0.10049255	0.11470386	0.00061099237	-0.31959343
-0.039420675	0.09654685	-0.3432312	-0.13525571	0.9999999	0.038995508	-0.467803	0.2738037	0.0061200224	-0.115781866	-0.08676441	0.10007306	-0.07073154	0.13337614	0.20589675	0.23561542	0.29973868	-0.3366772	0.2605391	0.2298144	-0.03204611	-0.34070083	-0.35993576	-0.4084507	-0.078558475
0.28938508	0.30923268	-0.11993896	0.2601328	0.038995508	0.9999998	-0.12401897	0.062378492	0.29730284	-0.40050694	-0.38528684	0.30504087	-0.36401156	0.26173708	-0.08197934	0.19773751	0.07620916	-0.023309903	0.0020543127	0.20059934	-0.41276336	-0.28282794	-0.0661678	-0.18036088	-0.45436186
-0.11794063	-0.10182572	0.24317937	-0.008092646	-0.467803	-0.12401897	0.99999964	-0.20001748	-0.044462673	0.14325517	0.12385435	-0.2861968	0.16362256	-0.16319455	-0.13720725	-0.44602713	-0.50514615	0.15978801	-0.12835598	-0.2543706	0.11845596	0.25687104	0.24177627	0.25328973	0.15319146
-0.08632492	0.10491431	-0.303403	-0.18035834	0.2738037	0.062378492	-0.20001748	0.99999946	-0.046709333	-0.111095324	-0.19170025	0.0411235	-0.080525555	0.16624567	0.26746342	0.17062531	0.26373234	-0.49408367	0.31221816	0.26514447	-0.14705242	-0.29731345	-0.37581414	-0.31589586	-0.056419037
0.27192655	0.2571323	-0.14011903	0.2691402	0.0061200224	0.29730284	-0.044462673	-0.046709333	0.9999993	-0.44188133	-0.1921744	0.27466986	-0.29696262	0.23280616	-0.09805406	0.14858675	0.010668299	0.049331307	-0.059907455	0.14495511	-0.41934437	-0.19385278	-0.039208423	-0.103704855	-0.3743094
-0.37334102	-0.42371824	0.1818964	-0.30386886	-0.115781866	-0.40050694	0.14325517	-0.111095324	-0.44188133	0.99999934	0.28923526	-0.33507517	0.29457226	-0.26257068	0.05596458	-0.24198619	-0.07499829	0.0618349	-0.07430488	-0.30198774	0.29795364	0.23496464	0.08926166	0.19702888	0.30835903
-0.33694255	-0.44660437	0.18987198	-0.2818609	-0.08676441	-0.38528684	0.12385435	-0.19170025	-0.1921744	0.28923526	0.9999994	-0.27007872	0.2572572	-0.29110926	0.016225483	-0.12170873	-0.15062982	0.11168487	-0.14062943	-0.43389264	0.27217457	0.23676597	0.13327146	0.17897703	0.26117545
0.26519024	0.2841849	-0.13087647	0.22778903	0.10007306	0.30504087	-0.2861968	0.0411235	0.27466986	-0.33507517	-0.27007872	0.9999994	-0.4221299	0.24439213	-0.058696683	0.2271986	0.13267757	-0.023063315	0.008182548	0.19647361	-0.2990326	-0.31090805	-0.104594514	-0.1417686	-0.47092894
-0.40125513	-0.42244834	0.16379382	-0.2093259	-0.07073154	-0.36401156	0.16362256	-0.080525555	-0.29696262	0.29457226	0.2572572	-0.4221299	0.99999946	-0.36464062	0.0040489724	-0.36436695	-0.1218112	0.024334872	-0.030275084	-0.19904518	0.29311928	0.23722345	0.12847452	0.1928284	0.30376416
0.21093827	0.23796308	-0.4121318	0.17980471	0.13337614	0.26173708	-0.16319455	0.16624567	0.23280616	-0.26257068	-0.29110926	0.24439213	-0.36464062	0.9999994	0.025372734	0.25491858	0.17050414	-0.17676911	0.13488388	0.27521753	-0.45221117	-0.42709196	-0.18870334	-0.2690223	-0.22163664
-0.25421175	-0.09160358	-0.09594344	-0.3605877	0.20589675	-0.08197934	-0.13720725	0.26746342	-0.09805406	0.05596458	0.016225483	-0.058696683	0.0040489724	0.025372734	0.99999934	0.07919511	0.22626688	-0.436374	0.24686712	0.13648714	-0.019465929	-0.16035856	-0.45751312	-0.14246424	0.07517771
0.1728466	0.17917344	-0.39038175	0.08870943	0.23561542	0.19773751	-0.44602713	0.17062531	0.14858675	-0.24198619	-0.12170873	0.2271986	-0.36436695	0.25491858	0.07919511	0.99999934	0.22944738	-0.13779269	0.14936578	0.2348184	-0.23589519	-0.34030345	-0.20831315	-0.4663355	-0.23118629
-0.012305591	0.08977799	-0.3213716	-0.13562955	0.29973868	0.07620916	-0.50514615	0.26373234	0.010668299	-0.07499829	-0.15062982	0.13267757	-0.1218112	0.17050414	0.22626688	0.22944738	0.9999994	-0.23498626	0.23092383	0.24382731	-0.11199174	-0.30670705	-0.49830046	-0.27049983	-0.10336306
0.099088565	-0.091195844	0.23076634	0.14902332	-0.3366772	-0.023309903	0.15978801	-0.49408367	0.049331307	0.0618349	0.11168487	-0.023063315	0.024334872	-0.17676911	-0.436374	-0.13779269	-0.23498626	0.9999996	-0.4341366	-0.33469746	0.0818896	0.22143544	0.28543448	0.2343234	0.003201203
-0.12040647	0.043579437	-0.364083	-0.21843632	0.2605391	0.0020543127	-0.12835598	0.31221816	-0.059907455	-0.07430488	-0.14062943	0.008182548	-0.030275084	0.13488388	0.24686712	0.14936578	0.23092383	-0.4341366	0.9999996	0.24132095	-0.101840764	-0.23858058	-0.30031565	-0.42633417	0.026763618
0.12596616	0.21757744	-0.42403728	0.059703123	0.2298144	0.20059934	-0.2543706	0.26514447	0.14495511	-0.30198774	-0.43389264	0.19647361	-0.19904518	0.27521753	0.13648714	0.2348184	0.24382731	-0.33469746	0.24132095	0.9999994	-0.25844994	-0.36220595	-0.28594014	-0.29831654	-0.16518395
-0.35238808	-0.26537287	0.19204773	-0.2740118	-0.03204611	-0.41276336	0.11845596	-0.14705242	-0.41934437	0.29795364	0.27217457	-0.2990326	0.29311928	-0.45221117	-0.019465929	-0.23589519	-0.11199174	0.0818896	-0.101840764	-0.25844994	0.9999994	0.2444896	0.13435708	0.1783815	0.2743454
-0.10116871	-0.23802468	0.29359797	-0.10049255	-0.34070083	-0.28282794	0.25687104	-0.29731345	-0.19385278	0.23496464	0.23676597	-0.31090805	0.23722345	-0.42709196	-0.16035856	-0.34030345	-0.30670705	0.22143544	-0.23858058	-0.36220595	0.2444896	0.9999994	0.25023338	0.28551027	0.20950471
0.0034525646	-0.13169524	0.23323192	0.11470386	-0.35993576	-0.0661678	0.24177627	-0.37581414	-0.039208423	0.08926166	0.13327146	-0.104594514	0.12847452	-0.18870334	-0.45751312	-0.20831315	-0.49830046	0.28543448	-0.30031565	-0.28594014	0.13435708	0.25023338	0.99999934	0.2504798	0.07316197
-0.12572224	-0.2079672	0.3005248	0.00061099237	-0.4084507	-0.18036088	0.25328973	-0.31589586	-0.103704855	0.19702888	0.17897703	-0.1417686	0.1928284	-0.2690223	-0.14246424	-0.4663355	-0.27049983	0.2343234	-0.42633417	-0.29831654	0.1783815	0.28551027	0.2504798	0.9999993	0.14550748
-0.3437391	-0.4455668	0.12245644	-0.31959343	-0.078558475	-0.45436186	0.15319146	-0.056419037	-0.3743094	0.30835903	0.26117545	-0.47092894	0.30376416	-0.22163664	0.07517771	-0.23118629	-0.10336306	0.003201203	0.026763618	-0.16518395	0.2743454	0.20950471	0.07316197	0.14550748	0.9999993
