0.9999999	0.26071572	-0.1932099	-0.2912481	0.11108177	0.1556335	0.036517967	-0.014708679	0.23706466	0.05495158	0.02625228	0.2780903	0.1137151	-0.12135316	0.09182628	-0.2197724	-0.048325308	-0.47578695	-0.13763839	0.21112005	-0.47192284	0.1882734	-0.025503505	-0.100872084	-0.16673978
0.26071572	1.0	-0.1590014	-0.067516126	0.23236181	-0.015101555	-0.12979886	-0.19693156	0.31222612	-0.08082009	0.1501269	0.29974845	-0.06443261	-0.024394613	-0.02506517	-0.12763585	-0.15759614	-0.45884538	0.032472465	0.2164685	-0.46758682	0.08620236	0.09662427	-0.35243383	-0.0020994027
-0.1932099	-0.1590014	1.0	0.28592137	0.016494894	-0.44312847	-0.28749198	-0.0072248816	-0.11829279	-0.33397543	0.019247655	-0.2642169	-0.27906585	0.27078187	-0.27027363	0.2579433	-0.12164163	0.20874047	0.26451167	-0.15266956	0.15253185	-0.41439226	0.21025102	-0.12569734	0.2565556
-0.2912481	-0.067516126	0.28592137	1.0000001	0.06779366	-0.2904772	-0.3903608	-0.13283418	-0.078166075	-0.27653277	0.09779212	-0.19249828	-0.3995688	0.26261353	-0.21324433	0.24630094	-0.23719077	0.18886183	0.26865408	-0.16315864	0.12224174	-0.43398336	0.24312115	-0.11299029	0.28452268
0.11108177	0.23236181	0.016494894	0.06779366	0.99999994	-0.07388172	-0.2653165	-0.5058845	0.2642581	-0.26781565	0.2486769	0.20861381	-0.30547318	0.08606799	-0.14172962	-0.15810776	-0.24396405	-0.1403105	0.1252669	0.2220505	-0.26261508	-0.042338084	0.18295369	-0.3378704	0.17410865
0.1556335	-0.015101555	-0.44312847	-0.2904772	-0.07388172	1.0000001	0.26654342	0.12577552	-0.01810328	0.2946593	-0.1295998	0.100832455	0.2549894	-0.45913607	0.27525142	-0.3017296	0.22210722	-0.15932153	-0.43087453	0.06011252	-0.09286272	0.29689503	-0.27599743	0.13991949	-0.31862098
0.036517967	-0.12979886	-0.28749198	-0.3903608	-0.2653165	0.26654342	1.0000001	0.22116339	-0.12752563	0.29381338	-0.32494396	-0.06708733	0.2986446	-0.32533026	0.27385664	-0.19754684	0.29429176	-0.0041941414	-0.31700718	-0.056861233	0.072729595	0.24502936	-0.34864756	0.22281432	-0.34845904
-0.014708679	-0.19693156	-0.0072248816	-0.13283418	-0.5058845	0.12577552	0.22116339	1.0000002	-0.23088942	0.17597997	-0.52798504	-0.18960686	0.22149168	-0.20863421	0.20645374	0.070615515	0.22844726	0.099898286	-0.15426171	-0.25284973	0.085961334	0.07542897	-0.13518299	0.193358	-0.23474963
0.23706466	0.31222612	-0.11829279	-0.078166075	0.2642581	-0.01810328	-0.12752563	-0.23088942	1.0000002	-0.117320865	0.1455971	0.2936669	-0.12041965	-0.015197309	-0.04731322	-0.15180835	-0.23719974	-0.33952647	0.04972512	0.2251199	-0.40441868	0.023706643	0.15017211	-0.4687323	0.070412636
0.05495158	-0.08082009	-0.33397543	-0.27653277	-0.26781565	0.2946593	0.29381338	0.17597997	-0.117320865	1.0000004	-0.19688757	0.03061395	0.28143725	-0.4301501	0.2832865	-0.19138724	0.26611626	-0.028870115	-0.49366972	-0.038159054	0.010958327	0.25107908	-0.3633121	0.19801512	-0.23928
0.02625228	0.1501269	0.019247655	0.09779212	0.2486769	-0.1295998	-0.32494396	-0.52798504	0.1455971	-0.19688757	1.0000004	0.13324219	-0.25171304	0.17394613	-0.432832	-0.08302077	-0.307634	-0.11994022	0.16072294	0.2186712	-0.0535175	-0.054881282	0.17439729	-0.12173742	0.17278837
0.2780903	0.29974845	-0.2642169	-0.19249828	0.20861381	0.100832455	-0.06708733	-0.18960686	0.2936669	0.03061395	0.13324219	1.0000002	0.0074215336	-0.14724709	0.061431527	-0.27601177	-0.16854921	-0.4084008	-0.04549618	0.24054082	-0.39471713	0.1648781	0.025726372	-0.24651593	-0.063860185
0.1137151	-0.06443261	-0.27906585	-0.3995688	-0.30547318	0.2549894	0.2986446	0.22149168	-0.12041965	0.28143725	-0.25171304	0.0074215336	1.0000002	-0.24520205	0.26375267	-0.08251958	0.26967043	-0.09776436	-0.3471085	-0.0572875	-0.002385722	0.25111932	-0.40025952	0.22888403	-0.43890306
-0.12135316	-0.024394613	0.27078187	0.26261353	0.08606799	-0.45913607	-0.32533026	-0.20863421	-0.015197309	-0.4301501	0.17394613	-0.14724709	-0.24520205	1.0000004	-0.41177	0.21583806	-0.33982587	0.10232689	0.30137417	-0.049112175	0.10665421	-0.3021067	0.25113776	-0.09030974	0.25905818
0.09182628	-0.02506517	-0.27027363	-0.21324433	-0.14172962	0.27525142	0.27385664	0.20645374	-0.04731322	0.2832865	-0.432832	0.061431527	0.26375267	-0.41177	1.0000002	-0.16604401	0.24145952	-0.050187502	-0.41670328	-0.10468566	-0.065750726	0.23180678	-0.27868238	0.1362592	-0.33540094
-0.2197724	-0.12763585	0.2579433	0.24630094	-0.15810776	-0.3017296	-0.19754684	0.070615515	-0.15180835	-0.19138724	-0.08302077	-0.27601177	-0.08251958	0.21583806	-0.16604401	1.0000004	-0.096946046	0.21308163	0.21759793	-0.47936162	0.155534	-0.3974727	0.14951697	0.006037512	0.14716606
-0.048325308	-0.15759614	-0.12164163	-0.23719077	-0.24396405	0.22210722	0.29429176	0.22844726	-0.23719974	0.26611626	-0.307634	-0.16854921	0.26967043	-0.33982587	0.24145952	-0.096946046	1.0000001	0.0820235	-0.27057704	-0.084566906	0.09323707	0.18702285	-0.5213531	0.25658843	-0.3331667
-0.47578695	-0.45884538	0.20874047	0.18886183	-0.1403105	-0.15932153	-0.0041941414	0.099898286	-0.33952647	-0.028870115	-0.11994022	-0.4084008	-0.09776436	0.10232689	-0.050187502	0.21308163	0.0820235	1.0000002	0.080317296	-0.32679763	0.29869702	-0.20469576	-0.015533139	0.12954992	0.108927235
-0.13763839	0.032472465	0.26451167	0.26865408	0.1252669	-0.43087453	-0.31700718	-0.15426171	0.04972512	-0.49366972	0.16072294	-0.04549618	-0.3471085	0.30137417	-0.41670328	0.21759793	-0.27057704	0.080317296	1.0000002	-0.0928414	0.009179432	-0.3036833	0.2789382	-0.1692163	0.2659687
0.21112005	0.2164685	-0.15266956	-0.16315864	0.2220505	0.06011252	-0.056861233	-0.25284973	0.2251199	-0.038159054	0.2186712	0.24054082	-0.0572875	-0.049112175	-0.10468566	-0.47936162	-0.084566906	-0.32679763	-0.0928414	1.0000004	-0.18707341	0.1216836	-0.0023484281	-0.121681094	0.01755598
-0.47192284	-0.46758682	0.15253185	0.12224174	-0.26261508	-0.09286272	0.072729595	0.085961334	-0.40441868	0.010958327	-0.0535175	-0.39471713	-0.002385722	0.10665421	-0.065750726	0.155534	0.09323707	0.29869702	0.009179432	-0.18707341	1.0000005	-0.1663668	-0.07081302	0.19938485	0.044257425
0.1882734	0.08620236	-0.41439226	-0.43398336	-0.042338084	0.29689503	0.24502936	0.07542897	0.023706643	0.25107908	-0.054881282	0.1648781	0.25111932	-0.3021067	0.23180678	-0.3974727	0.18702285	-0.20469576	-0.3036833	0.1216836	-0.1663668	1.0000001	-0.2970302	0.121478945	-0.4105556
-0.025503505	0.09662427	0.21025102	0.24312115	0.18295369	-0.27599743	-0.34864756	-0.13518299	0.15017211	-0.3633121	0.17439729	0.025726372	-0.40025952	0.25113776	-0.27868238	0.14951697	-0.5213531	-0.015533139	0.2789382	-0.0023484281	-0.07081302	-0.2970302	1.0000001	-0.3559647	0.28688088
-0.100872084	-0.35243383	-0.12569734	-0.11299029	-0.3378704	0.13991949	0.22281432	0.193358	-0.4687323	0.19801512	-0.12173742	-0.24651593	0.22888403	-0.09030974	0.1362592	0.006037512	0.25658843	0.12954992	-0.1692163	-0.121681094	0.19938485	0.121478945	-0.3559647	1.0	-0.32011256
-0.16673978	-0.0020994027	0.2565556	0.28452268	0.17410865	-0.31862098	-0.34845904	-0.23474963	0.070412636	-0.23928	0.17278837	-0.063860185	-0.43890306	0.25905818	-0.33540094	0.14716606	-0.3331667	0.108927235	0.2659687	0.01755598	0.044257425	-0.4105556	0.28688088	-0.32011256	1.0
