1.0000001	0.26623476	-0.07821938	-0.22983415	0.052025195	0.2401215	0.22657707	-0.24884218	0.17111467	0.102487616	0.165735	-0.41035253	0.09510754	-0.16369379	0.1881422	-0.4202849	-0.026994705	0.25158682	-0.10909193	-0.13103737	-0.20773192	-0.42830008	-0.16740316	0.025141066	-0.009098095
0.26623476	0.99999994	-0.10415096	-0.32715315	0.110463366	0.23616989	0.19701397	-0.056809206	0.09734614	0.15765415	0.14534275	-0.36491403	0.033107545	-0.17000605	0.11187007	-0.2614108	-0.009893757	0.25650206	0.02096933	-0.0370874	-0.19451562	-0.40962565	-0.41047907	-0.09855094	-0.109326415
-0.07821938	-0.10415096	0.99999976	0.18633613	-0.50549304	0.052596398	0.14123528	0.0640182	-0.0011160435	-0.26906955	0.1373368	-0.039830048	0.20424365	-0.25516447	0.18908487	-0.052527323	-0.43654895	-0.07282792	-0.27474543	-0.35511413	-0.080323435	0.14420678	0.1582235	0.30511704	0.27126393
-0.22983415	-0.32715315	0.18633613	0.99999994	-0.14762913	-0.18275999	-0.03644641	0.16123936	-0.1553668	-0.5406548	0.017033298	0.08976573	0.12473431	0.0024948567	-0.025897546	0.0982312	-0.07843099	-0.4195727	-0.17743485	-0.16681291	0.021525182	0.28857067	0.26729685	0.12631732	0.20221935
0.052025195	0.110463366	-0.50549304	-0.14762913	1.0000001	-0.12287197	-0.1452257	-0.031738345	-0.041336432	0.19880536	-0.12780464	-0.017215133	-0.18055497	0.22123238	-0.30896065	0.08235705	0.2781471	0.025612878	0.25078228	0.21264556	0.09992858	-0.13017265	-0.23359285	-0.50496686	-0.28660902
0.2401215	0.23616989	0.052596398	-0.18275999	-0.12287197	1.0000001	0.2718627	-0.16056603	0.1902175	0.09647666	0.23069371	-0.27844536	0.12294286	-0.43714526	0.2505634	-0.35370928	-0.24416037	0.26131973	-0.17344251	-0.11169001	-0.36230862	-0.31665727	-0.21264702	0.14029072	0.109431215
0.22657707	0.19701397	0.14123528	-0.03644641	-0.1452257	0.2718627	0.99999994	-0.13900836	0.17550305	-0.090277135	0.26128414	-0.46032432	0.159871	-0.43727702	0.26806265	-0.34385428	-0.20474654	0.19006468	-0.22502486	-0.18793826	-0.27578238	-0.1440958	-0.14202756	0.15925288	0.18579571
-0.24884218	-0.056809206	0.0640182	0.16123936	-0.031738345	-0.16056603	-0.13900836	0.99999994	-0.6914893	-0.2818634	-0.12646626	0.15099455	0.030359631	0.09748155	-0.13717417	0.1531313	-0.0014733623	-0.26132333	-0.04208498	-0.07653506	0.12476912	0.18242897	0.19755869	0.04473759	-0.021750802
0.17111467	0.09734614	-0.0011160435	-0.1553668	-0.041336432	0.1902175	0.17550305	-0.6914893	1.0	0.13657433	0.10442054	-0.20900689	-0.04340544	-0.1751539	0.17133226	-0.22831818	-0.09674634	0.22165674	0.0155714145	0.040810227	-0.09181086	-0.17245466	-0.3103673	0.008886525	0.05703062
0.102487616	0.15765415	-0.26906955	-0.5406548	0.19880536	0.09647666	-0.090277135	-0.2818634	0.13657433	1.0000002	-0.07814267	0.007154603	-0.21092086	0.069323726	-0.05764034	-0.026253622	0.1342758	0.2144442	0.1829633	0.22194459	-0.0007893948	-0.34328073	-0.3033781	-0.22090916	-0.24801527
0.165735	0.14534275	0.1373368	0.017033298	-0.12780464	0.23069371	0.26128414	-0.12646626	0.10442054	-0.07814267	1.0000002	-0.38149598	0.1813781	-0.22838338	0.1873858	-0.18677355	-0.35803896	0.13216823	-0.2646644	-0.1162546	-0.5584355	-0.07196776	-0.114764996	0.13880192	0.19907728
-0.41035253	-0.36491403	-0.039830048	0.08976573	-0.017215133	-0.27844536	-0.46032432	0.15099455	-0.20900689	0.007154603	-0.38149598	1.0000002	-0.09114549	0.19978452	-0.23571418	0.27047458	0.13091068	-0.23146544	0.12538882	0.101338185	0.22202255	0.19232236	0.19119312	-0.018134661	-0.14191602
0.09510754	0.033107545	0.20424365	0.12473431	-0.18055497	0.12294286	0.159871	0.030359631	-0.04340544	-0.21092086	0.1813781	-0.09114549	1.0000002	-0.28980845	0.1291572	-0.085500054	-0.17283598	-0.08702256	-0.3101738	-0.5867419	-0.38563967	0.032957595	0.14646377	0.20830572	0.2322128
-0.16369379	-0.17000605	-0.25516447	0.0024948567	0.22123238	-0.43714526	-0.43727702	0.09748155	-0.1751539	0.069323726	-0.22838338	0.19978452	-0.28980845	1.0000001	-0.32165626	0.24631487	0.25494328	-0.1711843	0.24013986	0.21891142	0.22896329	0.12008633	0.013090654	-0.3397463	-0.2245409
0.1881422	0.11187007	0.18908487	-0.025897546	-0.30896065	0.2505634	0.26806265	-0.13717417	0.17133226	-0.05764034	0.1873858	-0.23571418	0.1291572	-0.32165626	0.99999994	-0.41494817	-0.34291714	0.19784789	-0.35935104	-0.18635161	-0.0983847	-0.18313347	-0.07986812	0.2409584	0.22000363
-0.4202849	-0.2614108	-0.052527323	0.0982312	0.08235705	-0.35370928	-0.34385428	0.1531313	-0.22831818	-0.026253622	-0.18677355	0.27047458	-0.085500054	0.24631487	-0.41494817	1.0	0.17980808	-0.37250555	0.2029338	0.087334484	0.16188236	0.22463362	0.15127389	-0.14189377	-0.20888591
-0.026994705	-0.009893757	-0.43654895	-0.07843099	0.2781471	-0.24416037	-0.20474654	-0.0014733623	-0.09674634	0.1342758	-0.35803896	0.13091068	-0.17283598	0.25494328	-0.34291714	0.17980808	1.0000001	-0.103969835	0.27214488	0.19619158	0.16685523	-0.024978435	-0.011764589	-0.44127974	-0.34556788
0.25158682	0.25650206	-0.07282792	-0.4195727	0.025612878	0.26131973	0.19006468	-0.26132333	0.22165674	0.2144442	0.13216823	-0.23146544	-0.08702256	-0.1711843	0.19784789	-0.37250555	-0.103969835	1.0000002	-0.060461618	0.08341812	-0.13112912	-0.39264816	-0.36239535	0.008247734	-0.05453145
-0.10909193	0.02096933	-0.27474543	-0.17743485	0.25078228	-0.17344251	-0.22502486	-0.04208498	0.0155714145	0.1829633	-0.2646644	0.12538882	-0.3101738	0.24013986	-0.35935104	0.2029338	0.27214488	-0.060461618	1.0000004	0.25065726	0.17247091	-0.021826621	-0.15240112	-0.3401685	-0.5095228
-0.13103737	-0.0370874	-0.35511413	-0.16681291	0.21264556	-0.11169001	-0.18793826	-0.07653506	0.040810227	0.22194459	-0.1162546	0.101338185	-0.5867419	0.21891142	-0.18635161	0.087334484	0.19619158	0.08341812	0.25065726	1.0000005	0.15147942	-0.08094969	-0.1497377	-0.3046513	-0.3090607
-0.20773192	-0.19451562	-0.080323435	0.021525182	0.09992858	-0.36230862	-0.27578238	0.12476912	-0.09181086	-0.0007893948	-0.5584355	0.22202255	-0.38563967	0.22896329	-0.0983847	0.16188236	0.16685523	-0.13112912	0.17247091	0.15147942	1.0000005	0.110710725	0.01732249	-0.103402056	-0.18066093
-0.42830008	-0.40962565	0.14420678	0.28857067	-0.13017265	-0.31665727	-0.1440958	0.18242897	-0.17245466	-0.34328073	-0.07196776	0.19232236	0.032957595	0.12008633	-0.18313347	0.22463362	-0.024978435	-0.39264816	-0.021826621	-0.08094969	0.110710725	1.0000005	0.25595707	0.028065622	0.107596256
-0.16740316	-0.41047907	0.1582235	0.26729685	-0.23359285	-0.21264702	-0.14202756	0.19755869	-0.3103673	-0.3033781	-0.114764996	0.19119312	0.14646377	0.013090654	-0.07986812	0.15127389	-0.011764589	-0.36239535	-0.15240112	-0.1497377	0.01732249	0.25595707	1.0000004	0.14267921	0.1390826
0.025141066	-0.09855094	0.30511704	0.12631732	-0.50496686	0.14029072	0.15925288	0.04473759	0.008886525	-0.22090916	0.13880192	-0.018134661	0.20830572	-0.3397463	0.2409584	-0.14189377	-0.44127974	0.008247734	-0.3401685	-0.3046513	-0.103402056	0.028065622	0.14267921	1.0000004	0.26352823
-0.009098095	-0.109326415	0.27126393	0.20221935	-0.28660902	0.109431215	0.18579571	-0.021750802	0.05703062	-0.24801527	0.19907728	-0.14191602	0.2322128	-0.2245409	0.22000363	-0.20888591	-0.34556788	-0.05453145	-0.5095228	-0.3090607	-0.18066093	0.107596256	0.1390826	0.26352823	1.0000004
