1.0000001	0.16876584	-0.06811781	0.22209638	0.16850673	0.14609139	-0.3261836	-0.21353346	0.21436557	0.15899868	-0.12981069	0.048515394	-0.26166177	-0.2571597	-0.3208626	0.13830104	-0.02412642	-0.52460164	0.21522877	-0.32699767	-0.0051478306	-0.08503939	-0.36058557	0.24628727	0.30225497
0.16876584	1.0	0.08433135	0.103133984	0.1650054	-0.04327799	-0.13061066	-0.4324457	-0.0034256862	0.25801048	-0.41744345	-0.16303991	-0.2947157	-0.23663174	-0.2874129	0.11085749	0.17261665	-0.2699792	0.07688325	-0.12607771	0.0031019168	0.1077424	-0.049641572	0.26553464	0.18800075
-0.06811781	0.08433135	0.9999999	-0.3495526	-0.26377076	-0.36933988	-0.20364676	-0.001717345	-0.27940616	0.1616848	-0.2534092	-0.26176262	-0.07697179	0.15496601	0.1698688	0.22176269	0.26942196	0.024748322	-0.24102472	-0.12145464	0.24980891	0.2780319	0.2169748	0.07389559	-0.0629296
0.22209638	0.103133984	-0.3495526	1.0000002	0.28996652	0.28554824	-0.040608276	-0.14293317	0.25875854	0.022628939	0.008125198	0.19979347	-0.21257964	-0.38338622	-0.4298328	-0.12952888	-0.20784508	-0.26948676	0.27269918	-0.06309463	-0.25796473	-0.2769852	-0.34138042	0.1190711	0.23785421
0.16850673	0.1650054	-0.26377076	0.28996652	1.0000002	0.21467395	-0.014325219	-0.13195686	0.21920706	0.07054728	-0.10886529	0.12484143	-0.17907861	-0.53049016	-0.35624278	-0.07840338	-0.052921988	-0.2396233	0.22065346	-0.008131151	-0.25266004	-0.29376063	-0.27319244	0.09842259	0.2073303
0.14609139	-0.04327799	-0.36933988	0.28554824	0.21467395	1.0000002	-0.007452636	-0.16889668	0.25518444	-0.11909259	0.15165797	0.2888937	-0.08833869	-0.2607111	-0.26086697	-0.19339746	-0.3743248	-0.12763092	0.26957837	0.056424618	-0.34664565	-0.35702276	-0.35569668	0.033200584	0.1603439
-0.3261836	-0.13061066	-0.20364676	-0.040608276	-0.014325219	-0.007452636	1.0000001	0.2082437	-0.1475878	-0.12051541	0.099949755	0.08723741	0.23613268	0.14434001	0.09171992	-0.49848655	-0.115759775	0.23991835	-0.19928981	0.2688824	-0.20832442	0.008971237	0.07212194	-0.36740798	-0.2684665
-0.21353346	-0.4324457	-0.001717345	-0.14293317	-0.13195686	-0.16889668	0.2082437	1.0000001	-0.17677921	-0.15386033	0.13674392	-0.08649635	0.27328363	0.2034804	0.2295529	-0.16693954	-0.07710528	0.25097322	-0.28211024	0.15076047	0.095005795	0.034546826	0.16321486	-0.46569905	-0.34393775
0.21436557	-0.0034256862	-0.27940616	0.25875854	0.21920706	0.25518444	-0.1475878	-0.17677921	1.0000001	-0.052230943	0.09207879	0.1654262	-0.0832368	-0.33859122	-0.27886996	-0.0019654194	-0.18418443	-0.19569904	0.25334713	-0.14850445	-0.06094201	-0.46983153	-0.43076748	0.08700714	0.24199072
0.15899868	0.25801048	0.1616848	0.022628939	0.07054728	-0.11909259	-0.12051541	-0.15386033	-0.052230943	1.0000002	-0.54832023	-0.2717164	-0.3748787	-0.03875293	-0.16138422	0.14184055	0.21255866	-0.19201756	-0.018057855	-0.31589356	0.14507535	0.15878999	-0.015426557	0.24446604	0.1374724
-0.12981069	-0.41744345	-0.2534092	0.008125198	-0.10886529	0.15165797	0.099949755	0.13674392	0.09207879	-0.54832023	1.0000002	0.21580163	0.20570329	0.034248307	0.090941824	-0.10139007	-0.21941683	0.12408414	0.05778072	0.1774456	-0.15497112	-0.2324262	-0.07162738	-0.2968643	-0.12063318
0.048515394	-0.16303991	-0.26176262	0.19979347	0.12484143	0.2888937	0.08723741	-0.08649635	0.1654262	-0.2717164	0.21580163	1.0000001	0.02784276	-0.109715946	-0.08224369	-0.26767752	-0.32131487	-0.045054723	0.16884807	0.13743913	-0.48901296	-0.3026549	-0.34947693	-0.06766641	0.096557066
-0.26166177	-0.2947157	-0.07697179	-0.21257964	-0.17907861	-0.08833869	0.23613268	0.27328363	-0.0832368	-0.3748787	0.20570329	0.02784276	1.0000001	0.20222504	0.2308958	-0.21738245	-0.13273829	0.27610093	-0.28596503	0.21703331	-0.038941674	-0.04463301	0.13827775	-0.41784307	-0.2842943
-0.2571597	-0.23663174	0.15496601	-0.38338622	-0.53049016	-0.2607111	0.14434001	0.2034804	-0.33859122	-0.03875293	0.034248307	-0.109715946	0.20222504	1.0000001	0.29451844	-0.06459117	0.05156294	0.2558326	-0.33972558	0.08699191	0.10818287	0.20155028	0.24538751	-0.16258563	-0.2712151
-0.3208626	-0.2874129	0.1698688	-0.4298328	-0.35624278	-0.26086697	0.09171992	0.2295529	-0.27886996	-0.16138422	0.090941824	-0.08224369	0.2308958	0.29451844	1.0000001	0.02370213	0.06506063	0.26858974	-0.39918464	0.11605728	0.10891496	0.15366554	0.24673162	-0.22051588	-0.29966518
0.13830104	0.11085749	0.22176269	-0.12952888	-0.07840338	-0.19339746	-0.49848655	-0.16693954	-0.0019654194	0.14184055	-0.10139007	-0.26767752	-0.21738245	-0.06459117	0.02370213	0.99999976	0.22155933	-0.18836619	0.020309508	-0.4036364	0.24892442	0.10167012	0.07027879	0.20441417	0.10401499
-0.02412642	0.17261665	0.26942196	-0.20784508	-0.052921988	-0.3743248	-0.115759775	-0.07710528	-0.18418443	0.21255866	-0.21941683	-0.32131487	-0.13273829	0.05156294	0.06506063	0.22155933	0.9999997	-0.06010586	-0.27121058	-0.2863947	0.21449937	0.23578404	0.16638938	0.14647235	0.025595073
-0.52460164	-0.2699792	0.024748322	-0.26948676	-0.2396233	-0.12763092	0.23991835	0.25097322	-0.19569904	-0.19201756	0.12408414	-0.045054723	0.27610093	0.2558326	0.26858974	-0.18836619	-0.06010586	0.9999997	-0.25992972	0.23551366	-0.00434277	0.09043152	0.22458443	-0.29964638	-0.439795
0.21522877	0.07688325	-0.24102472	0.27269918	0.22065346	0.26957837	-0.19928981	-0.28211024	0.25334713	-0.018057855	0.05778072	0.16884807	-0.28596503	-0.33972558	-0.39918464	0.020309508	-0.27121058	-0.25992972	0.9999996	-0.03183854	-0.11283264	-0.3265655	-0.21469623	0.13046479	0.2120501
-0.32699767	-0.12607771	-0.12145464	-0.06309463	-0.008131151	0.056424618	0.2688824	0.15076047	-0.14850445	-0.31589356	0.1774456	0.13743913	0.21703331	0.08699191	0.11605728	-0.4036364	-0.2863947	0.23551366	-0.03183854	0.99999946	-0.26261497	-0.014551334	0.06889333	-0.34026888	-0.31075525
-0.0051478306	0.0031019168	0.24980891	-0.25796473	-0.25266004	-0.34664565	-0.20832442	0.095005795	-0.06094201	0.14507535	-0.15497112	-0.48901296	-0.038941674	0.10818287	0.10891496	0.24892442	0.21449937	-0.00434277	-0.11283264	-0.26261497	0.99999934	0.17975192	0.19307308	0.037749767	-0.096919045
-0.08503939	0.1077424	0.2780319	-0.2769852	-0.29376063	-0.35702276	0.008971237	0.034546826	-0.46983153	0.15878999	-0.2324262	-0.3026549	-0.04463301	0.20155028	0.15366554	0.10167012	0.23578404	0.09043152	-0.3265655	-0.014551334	0.17975192	0.99999934	0.25	0.043045845	-0.19115397
-0.36058557	-0.049641572	0.2169748	-0.34138042	-0.27319244	-0.35569668	0.07212194	0.16321486	-0.43076748	-0.015426557	-0.07162738	-0.34947693	0.13827775	0.24538751	0.24673162	0.07027879	0.16638938	0.22458443	-0.21469623	0.06889333	0.19307308	0.25	0.99999934	-0.11085258	-0.36270267
0.24628727	0.26553464	0.07389559	0.1190711	0.09842259	0.033200584	-0.36740798	-0.46569905	0.08700714	0.24446604	-0.2968643	-0.06766641	-0.41784307	-0.16258563	-0.22051588	0.20441417	0.14647235	-0.29964638	0.13046479	-0.34026888	0.037749767	0.043045845	-0.11085258	0.9999992	0.26046088
0.30225497	0.18800075	-0.0629296	0.23785421	0.2073303	0.1603439	-0.2684665	-0.34393775	0.24199072	0.1374724	-0.12063318	0.096557066	-0.2842943	-0.2712151	-0.29966518	0.10401499	0.025595073	-0.439795	0.2120501	-0.31075525	-0.096919045	-0.19115397	-0.36270267	0.26046088	0.9999992
