1.0000002	0.033858992	-0.17406125	0.018404068	-0.12901397	-0.23628011	-0.012800661	-0.29190192	-0.19716677	0.048673373	0.14546624	-0.039407827	0.014138425	0.06151082	-0.30234328	0.20825377	-0.30131453	-0.16111524	-0.31744456	-0.08289616	0.21523255	-0.034967497	0.16144912	0.062266268	0.1406303
0.033858992	1.0000004	-0.47551745	-0.3878484	0.18351032	-0.054953724	-0.009927034	-0.004914705	-0.016051041	-0.29592636	-0.35856628	0.21456638	0.05616877	0.20651752	0.16737832	0.17040494	0.15404896	-0.22190267	0.19921952	-0.29177135	-0.13148953	-0.28958255	0.14354838	-0.1514177	0.0347529
-0.17406125	-0.47551745	1.0000004	0.1699892	-0.10782903	0.13836893	0.03454792	0.11385707	0.10300185	0.17372106	0.10437311	-0.20894006	-0.043660335	-0.29418382	-0.11813524	-0.43134716	-0.010613644	0.23829138	-0.13387701	0.22845164	-0.043434825	0.21936177	-0.2696339	0.13232149	-0.07670757
0.018404068	-0.3878484	0.1699892	1.0000004	-0.44508836	0.0016523354	0.13290079	0.07102828	0.16707122	0.2592329	0.22328041	-0.33570364	-0.25944474	-0.3812762	-0.24544813	-0.033421893	-0.19642939	0.19057453	-0.33922812	0.2447098	0.10020701	0.23020658	-0.11839087	0.27284464	-0.14958066
-0.12901397	0.18351032	-0.10782903	-0.44508836	1.0000005	0.0587301	-0.0917443	-0.08227487	-0.24275018	-0.380827	-0.19766042	0.29971465	0.14444967	0.24910969	0.27500153	-4.411359e-5	0.18490449	-0.30077657	0.261523	-0.23545934	-0.17162322	-0.15742128	0.09298082	-0.40423533	0.0724596
-0.23628011	-0.054953724	0.13836893	0.0016523354	0.0587301	1.0000002	0.2319759	0.28272593	0.21047805	-0.14125483	-0.24928424	-0.029981207	-0.2545825	-0.20046546	0.089251086	-0.11606036	0.22269121	0.022062337	0.10590547	0.16542195	-0.37040973	0.1726428	-0.3407059	0.026326448	-0.4020286
-0.012800661	-0.009927034	0.03454792	0.13290079	-0.0917443	0.2319759	1.0000002	0.2322806	0.27549627	-0.050059315	-0.03440232	-0.15010966	-0.56310135	-0.2604578	-0.11685062	0.079787195	0.028057406	-0.017976955	-0.071031995	0.20986316	-0.23091578	0.22837964	-0.30655316	0.18555726	-0.41543207
-0.29190192	-0.004914705	0.11385707	0.07102828	-0.08227487	0.28272593	0.2322806	1.0000001	0.2748584	-0.010553157	-0.1676302	-0.18232387	-0.21827559	-0.27810642	0.017224545	-0.05419023	0.17337573	0.05132417	0.07106298	0.18049559	-0.27280572	0.17763402	-0.28040788	0.1466593	-0.49791542
-0.19716677	-0.016051041	0.10300185	0.16707122	-0.24275018	0.21047805	0.27549627	0.2748584	1.0000001	0.06360682	-0.020689027	-0.29808727	-0.412603	-0.29649803	-0.10760493	0.01916724	0.048907824	0.04784113	-0.037903093	0.23118368	-0.26685154	0.21664907	-0.32569253	0.21974175	-0.34409016
0.048673373	-0.29592636	0.17372106	0.2592329	-0.380827	-0.14125483	-0.050059315	-0.010553157	0.06360682	1.0000002	0.26153505	-0.35147065	-0.012704059	-0.2834035	-0.3313946	-0.20791775	-0.28461465	0.24910483	-0.32240266	0.14440763	0.20311612	0.13068087	-0.029156942	0.22598238	0.0075552957
0.14546624	-0.35856628	0.10437311	0.22328041	-0.19766042	-0.24928424	-0.03440232	-0.1676302	-0.020689027	0.26153505	1.0000002	-0.21384735	-0.040785886	-0.14375886	-0.24612926	-0.06159922	-0.57312965	0.16117553	-0.27530897	0.09661611	0.25046927	0.12240007	-0.009937273	0.15511224	0.062126692
-0.039407827	0.21456638	-0.20894006	-0.33570364	0.29971465	-0.029981207	-0.15010966	-0.18232387	-0.29808727	-0.35147065	-0.21384735	1.0000001	0.19861972	0.28427956	0.26297334	0.055774484	0.15244396	-0.29325002	0.24128221	-0.32944715	-0.05415075	-0.35140568	0.18826245	-0.42851374	0.1605888
0.014138425	0.05616877	-0.043660335	-0.25944474	0.14444967	-0.2545825	-0.56310135	-0.21827559	-0.412603	-0.012704059	-0.040785886	0.19861972	1.0000001	0.21952656	0.13473313	-0.050017357	0.03662765	-0.08841459	0.08778424	-0.23790805	0.1047686	-0.3687774	0.24472383	-0.19721696	0.26810244
0.06151082	0.20651752	-0.29418382	-0.3812762	0.24910969	-0.20046546	-0.2604578	-0.27810642	-0.29649803	-0.2834035	-0.14375886	0.28427956	0.21952656	1.0000002	0.2061132	0.051716793	0.042451285	-0.1481125	0.18151318	-0.3301827	0.020881087	-0.23225471	0.22885735	-0.40179986	0.22278352
-0.30234328	0.16737832	-0.11813524	-0.24544813	0.27500153	0.089251086	-0.11685062	0.017224545	-0.10760493	-0.3313946	-0.24612926	0.26297334	0.13473313	0.2061132	1.0000001	-0.08330163	0.24199794	-0.10820426	0.2997333	-0.24162124	-0.26267532	-0.23296471	0.07519789	-0.4422019	0.0054559885
0.20825377	0.17040494	-0.43134716	-0.033421893	-4.411359e-5	-0.11606036	0.079787195	-0.05419023	0.01916724	-0.20791775	-0.06159922	0.055774484	-0.050017357	0.051716793	-0.08330163	1.0000001	-0.08969424	-0.5143403	0.005126793	-0.067632124	0.033118468	-0.15063508	0.13681607	0.003447401	0.012712819
-0.30131453	0.15404896	-0.010613644	-0.19642939	0.18490449	0.22269121	0.028057406	0.17337573	0.048907824	-0.28461465	-0.57312965	0.15244396	0.03662765	0.042451285	0.24199794	-0.08969424	1.0000001	-0.09775512	0.25601566	-0.059417404	-0.38225922	-0.07387939	-0.091819815	-0.13740063	-0.12245183
-0.16111524	-0.22190267	0.23829138	0.19057453	-0.30077657	0.022062337	-0.017976955	0.05132417	0.04784113	0.24910483	0.16117553	-0.29325002	-0.08841459	-0.1481125	-0.10820426	-0.5143403	-0.09775512	1.0000001	-0.20189139	0.15747908	0.0949323	0.19889188	-0.21359728	0.14018165	-0.03322121
-0.31744456	0.19921952	-0.13387701	-0.33922812	0.261523	0.10590547	-0.071031995	0.07106298	-0.037903093	-0.32240266	-0.27530897	0.24128221	0.08778424	0.18151318	0.2997333	0.005126793	0.25601566	-0.20189139	1.0	-0.2934283	-0.26949683	-0.24958761	0.053267926	-0.2551894	-0.03204999
-0.08289616	-0.29177135	0.22845164	0.2447098	-0.23545934	0.16542195	0.20986316	0.18049559	0.23118368	0.14440763	0.09661611	-0.32944715	-0.23790805	-0.3301827	-0.24162124	-0.067632124	-0.059417404	0.15747908	-0.2934283	1.0000002	-0.07673859	0.29919276	-0.4510121	0.25101992	-0.17281553
0.21523255	-0.13148953	-0.043434825	0.10020701	-0.17162322	-0.37040973	-0.23091578	-0.27280572	-0.26685154	0.20311612	0.25046927	-0.05415075	0.1047686	0.020881087	-0.26267532	0.033118468	-0.38225922	0.0949323	-0.26949683	-0.07673859	1.0000002	-0.06315855	0.15626985	0.009048048	0.22877903
-0.034967497	-0.28958255	0.21936177	0.23020658	-0.15742128	0.1726428	0.22837964	0.17763402	0.21664907	0.13068087	0.12240007	-0.35140568	-0.3687774	-0.23225471	-0.23296471	-0.15063508	-0.07387939	0.19889188	-0.24958761	0.29919276	-0.06315855	1.0000001	-0.43466997	0.2316699	-0.28684908
0.16144912	0.14354838	-0.2696339	-0.11839087	0.09298082	-0.3407059	-0.30655316	-0.28040788	-0.32569253	-0.029156942	-0.009937273	0.18826245	0.24472383	0.22885735	0.07519789	0.13681607	-0.091819815	-0.21359728	0.053267926	-0.4510121	0.15626985	-0.43466997	1.0000001	-0.15437694	0.25002345
0.062266268	-0.1514177	0.13232149	0.27284464	-0.40423533	0.026326448	0.18555726	0.1466593	0.21974175	0.22598238	0.15511224	-0.42851374	-0.19721696	-0.40179986	-0.4422019	0.003447401	-0.13740063	0.14018165	-0.2551894	0.25101992	0.009048048	0.2316699	-0.15437694	1.0000001	-0.22518489
0.1406303	0.0347529	-0.07670757	-0.14958066	0.0724596	-0.4020286	-0.41543207	-0.49791542	-0.34409016	0.0075552957	0.062126692	0.1605888	0.26810244	0.22278352	0.0054559885	0.012712819	-0.12245183	-0.03322121	-0.03204999	-0.17281553	0.22877903	-0.28684908	0.25002345	-0.22518489	1.0000001
