1.0	0.07401553	0.1852932	0.20681831	0.29403672	-0.33275312	0.013884025	0.053826604	-0.09405349	-0.11856894	-0.011166775	0.1601578	0.23317428	-0.40700975	-0.030481918	-0.2926136	-0.34780467	-0.37018645	-0.36436749	0.25997853	0.20181563	0.053672656	-0.39286962	-0.30888262	0.2640079
0.07401553	0.99999976	0.12446536	-0.13554274	0.1229901	-0.08301745	0.25665098	-0.21827498	-0.26017633	-0.27873364	-0.53424996	0.27684084	0.15951312	-0.10356418	0.24545887	-0.11154928	0.049034335	-0.02408517	-0.11419026	0.08814379	0.22366594	-0.4101787	0.04546991	-0.04493697	0.013865268
0.1852932	0.12446536	0.9999999	0.11019868	0.1778131	-0.42114183	0.0084643625	0.020707145	0.046898685	-0.5258896	-0.014965141	0.15610878	0.27645862	-0.070199504	-0.10013569	-0.24702868	-0.26987445	-0.13961779	-0.3406097	0.08704125	0.1586168	-0.011398861	-0.14627011	-0.24285549	0.23234336
0.20681831	-0.13554274	0.11019868	1.0	0.12255689	-0.2142933	-0.23699772	0.23861621	0.18456061	0.04103426	0.112863064	-0.10203729	0.069577515	-0.23363745	-0.19728582	-0.2048237	-0.39430258	-0.20760182	-0.11106924	0.15201923	-0.07461011	0.15097149	-0.5926973	-0.11394364	0.19494897
0.29403672	0.1229901	0.1778131	0.12255689	1.0	-0.27946553	0.10207169	0.024328621	-0.20176603	-0.15609871	-0.10472407	0.22606853	0.26040858	-0.26042968	0.009148443	-0.38579404	-0.30088767	-0.3485955	-0.40194666	0.244831	0.27768338	-0.004310817	-0.23053707	-0.46528566	0.26254725
-0.33275312	-0.08301745	-0.42114183	-0.2142933	-0.27946553	1.0	0.052189067	-0.19090678	-0.065173216	0.19784462	-0.051002394	-0.20659648	-0.28679624	0.12984928	0.15673368	0.2644447	0.2956106	0.2431722	0.27817303	-0.10748501	-0.19058949	-0.1667348	0.19999577	0.2626909	-0.36120096
0.013884025	0.25665098	0.0084643625	-0.23699772	0.10207169	0.052189067	1.0000001	-0.4719588	-0.45824125	-0.15169519	-0.3627995	0.2372371	0.08408545	-0.011910307	0.283704	0.02445757	0.116099924	0.02143291	-0.13827829	-0.014677425	0.22899196	-0.3088348	0.14749883	-0.03215429	-0.07872227
0.053826604	-0.21827498	0.020707145	0.23861621	0.024328621	-0.19090678	-0.4719588	1.0000001	0.24657859	0.12362866	0.23437823	-0.16888943	-0.07097141	-0.07133256	-0.41945538	-0.13390964	-0.27401572	-0.079654925	0.009263819	0.073333256	-0.17761493	0.2499019	-0.23037234	-0.14809792	0.12525208
-0.09405349	-0.26017633	0.046898685	0.18456061	-0.20176603	-0.065173216	-0.45824125	0.24657859	1.0000001	0.10004125	0.2666574	-0.3525431	-0.10503016	0.09970289	-0.39646792	0.04127274	-0.094990104	-0.0019108439	0.107980266	-0.08220595	-0.39874554	0.22045478	-0.13437472	0.08640264	0.041856993
-0.11856894	-0.27873364	-0.5258896	0.04103426	-0.15609871	0.19784462	-0.15169519	0.12362866	0.10004125	1.0000002	0.11808198	-0.27636713	-0.51968026	0.10354958	-0.09915882	0.18101665	0.09641432	0.12930456	0.24137501	-0.1381704	-0.23889206	0.057045285	0.006017612	0.16912308	-0.1646368
-0.011166775	-0.53424996	-0.014965141	0.112863064	-0.10472407	-0.051002394	-0.3627995	0.23437823	0.2666574	0.11808198	1.0000001	-0.30224645	-0.07049254	0.10390666	-0.472324	0.023410259	-0.10564112	-0.07212512	0.06355096	-0.11187133	-0.24903996	0.27950907	-0.045873255	-0.003512153	0.07606346
0.1601578	0.27684084	0.15610878	-0.10203729	0.22606853	-0.20659648	0.2372371	-0.16888943	-0.3525431	-0.27636713	-0.30224645	1.0000001	0.2400312	-0.15068185	0.16571777	-0.28680462	-0.05434503	-0.114775166	-0.33628955	0.15011616	0.30130565	-0.2684626	0.014288869	-0.19743669	0.14266695
0.23317428	0.15951312	0.27645862	0.069577515	0.26040858	-0.28679624	0.08408545	-0.07097141	-0.10503016	-0.51968026	-0.07049254	0.2400312	1.0000001	-0.23859257	0.028597927	-0.3624361	-0.25601953	-0.24042225	-0.41072527	0.2097051	0.24535748	-0.017083388	-0.10975406	-0.30261105	0.23320183
-0.40700975	-0.10356418	-0.070199504	-0.23363745	-0.26042968	0.12984928	-0.011910307	-0.07133256	0.09970289	0.10354958	0.10390666	-0.15068185	-0.23859257	1.0000001	-0.09010339	0.21055742	0.18259734	0.24041097	0.20464584	-0.63853675	-0.18393196	-0.05161765	0.21177825	0.23065111	-0.118364066
-0.030481918	0.24545887	-0.10013569	-0.19728582	0.009148443	0.15673368	0.283704	-0.41945538	-0.39646792	-0.09915882	-0.472324	0.16571777	0.028597927	-0.09010339	1.0	0.05408041	0.17478418	0.11880213	0.016679637	0.026808204	0.15775792	-0.3665067	0.119327255	0.06379771	-0.19440556
-0.2926136	-0.11154928	-0.24702868	-0.2048237	-0.38579404	0.2644447	0.02445757	-0.13390964	0.04127274	0.18101665	0.023410259	-0.28680462	-0.3624361	0.21055742	0.05408041	1.0	0.2525848	0.26418945	0.28716525	-0.29396397	-0.29232594	0.016793933	0.21543325	0.29520586	-0.45687008
-0.34780467	0.049034335	-0.26987445	-0.39430258	-0.30088767	0.2956106	0.116099924	-0.27401572	-0.094990104	0.09641432	-0.10564112	-0.05434503	-0.25601953	0.18259734	0.17478418	0.2525848	0.9999998	0.25944793	0.23955578	-0.15260775	-0.15732269	-0.2529515	0.26508525	0.26237568	-0.3099288
-0.37018645	-0.02408517	-0.13961779	-0.20760182	-0.3485955	0.2431722	0.02143291	-0.079654925	-0.0019108439	0.12930456	-0.07212512	-0.114775166	-0.24042225	0.24041097	0.11880213	0.26418945	0.25944793	0.9999999	0.2629242	-0.40434805	-0.17809609	-0.21423513	0.20836402	0.2881363	-0.44915372
-0.36436749	-0.11419026	-0.3406097	-0.11106924	-0.40194666	0.27817303	-0.13827829	0.009263819	0.107980266	0.24137501	0.06355096	-0.33628955	-0.41072527	0.20464584	0.016679637	0.28716525	0.23955578	0.2629242	0.9999999	-0.23278031	-0.29990807	-0.038393695	0.14882818	0.29493186	-0.3469371
0.25997853	0.08814379	0.08704125	0.15201923	0.244831	-0.10748501	-0.014677425	0.073333256	-0.08220595	-0.1381704	-0.11187133	0.15011616	0.2097051	-0.63853675	0.026808204	-0.29396397	-0.15260775	-0.40434805	-0.23278031	0.99999994	0.17558137	0.035985257	-0.22549519	-0.33674628	0.18452334
0.20181563	0.22366594	0.1586168	-0.07461011	0.27768338	-0.19058949	0.22899196	-0.17761493	-0.39874554	-0.23889206	-0.24903996	0.30130565	0.24535748	-0.18393196	0.15775792	-0.29232594	-0.15732269	-0.17809609	-0.29990807	0.17558137	1.0000001	-0.15764175	-0.02009039	-0.35275817	0.15733376
0.053672656	-0.4101787	-0.011398861	0.15097149	-0.004310817	-0.1667348	-0.3088348	0.2499019	0.22045478	0.057045285	0.27950907	-0.2684626	-0.017083388	-0.05161765	-0.3665067	0.016793933	-0.2529515	-0.21423513	-0.038393695	0.035985257	-0.15764175	0.9999999	-0.06296278	-0.10202613	0.08851082
-0.39286962	0.04546991	-0.14627011	-0.5926973	-0.23053707	0.19999577	0.14749883	-0.23037234	-0.13437472	0.006017612	-0.045873255	0.014288869	-0.10975406	0.21177825	0.119327255	0.21543325	0.26508525	0.20836402	0.14882818	-0.22549519	-0.02009039	-0.06296278	0.9999996	0.17338522	-0.2960144
-0.30888262	-0.04493697	-0.24285549	-0.11394364	-0.46528566	0.2626909	-0.03215429	-0.14809792	0.08640264	0.16912308	-0.003512153	-0.19743669	-0.30261105	0.23065111	0.06379771	0.29520586	0.26237568	0.2881363	0.29493186	-0.33674628	-0.35275817	-0.10202613	0.17338522	0.9999995	-0.34228697
0.2640079	0.013865268	0.23234336	0.19494897	0.26254725	-0.36120096	-0.07872227	0.12525208	0.041856993	-0.1646368	0.07606346	0.14266695	0.23320183	-0.118364066	-0.19440556	-0.45687008	-0.3099288	-0.44915372	-0.3469371	0.18452334	0.15733376	0.08851082	-0.2960144	-0.34228697	0.9999995
