1.0	0.018138865	0.27859104	0.23177381	0.19043072	0.28593338	-0.3335489	0.014371859	-0.3708937	-0.27432176	-0.24103661	0.23227842	-0.2384443	0.13369027	0.12029681	0.25477204	-0.4525947	-0.21730146	-0.19617967	0.15565257	-0.36503205	0.0056389365	0.20119455	0.27738112	-0.25785014
0.018138865	0.9999998	0.098510236	0.16652745	0.1858863	0.09908498	-0.079500444	0.2088453	-0.035535183	0.052440267	-0.16628121	-0.12534688	-0.072771154	-0.3080196	-0.054567527	0.14875594	-0.056969598	-0.04031391	-0.4452564	0.21996467	-0.24593468	-0.5394626	0.02643956	0.10018487	-0.021312604
0.27859104	0.098510236	0.99999964	0.22138011	0.21948464	0.28459373	-0.4002118	0.04125716	-0.33986953	-0.3109222	-0.21556823	0.2404643	-0.4560941	0.12341522	0.17509347	0.30685624	-0.39711133	-0.30066258	-0.14933759	0.114336886	-0.28077674	-0.11516479	0.250646	0.2903098	-0.36556467
0.23177381	0.16652745	0.22138011	0.9999999	0.26043865	0.29050046	-0.22071025	0.1801104	-0.21004269	-0.258128	-0.46186337	0.17003371	-0.20656568	-0.09930014	-0.08004765	0.24299617	-0.30630594	-0.04544698	-0.18393824	0.22355175	-0.3931768	-0.17400226	0.08513398	0.22019002	-0.33165127
0.19043072	0.1858863	0.21948464	0.26043865	0.9999998	0.21361198	-0.38599452	0.26522347	-0.115728475	-0.08236053	-0.47789133	0.10706293	-0.3049439	-0.13399445	-0.10269492	0.22973847	-0.20039576	-0.14067787	-0.22288102	0.20950101	-0.19295858	-0.3099035	0.11218302	0.20405842	-0.18471047
0.28593338	0.09908498	0.28459373	0.29050046	0.21361198	0.9999999	-0.3923095	0.08599356	-0.25178126	-0.39112085	-0.326841	0.2509224	-0.26045015	0.054506283	0.05035569	0.268958	-0.46487463	-0.09898553	-0.1545328	0.17149374	-0.39498785	-0.08372175	0.1318978	0.27872533	-0.35051957
-0.3335489	-0.079500444	-0.4002118	-0.22071025	-0.38599452	-0.3923095	0.9999997	-0.18965459	0.22414248	0.2276854	0.26719376	-0.30037728	0.2692118	-0.070057295	-0.07209199	-0.27209643	0.28603828	0.19957253	0.14066322	-0.13649982	0.24469975	0.12499435	-0.253229	-0.4327048	0.2630524
0.014371859	0.2088453	0.04125716	0.1801104	0.26522347	0.08599356	-0.18965459	0.9999999	0.04565075	0.08490823	-0.29307234	-0.10644591	-0.08364653	-0.35968974	-0.3764707	0.12345556	-0.06299039	0.025418283	-0.19542792	0.18479905	-0.01713766	-0.3970786	-0.014234631	0.019777535	-0.046968725
-0.3708937	-0.035535183	-0.33986953	-0.21004269	-0.115728475	-0.25178126	0.22414248	0.04565075	0.99999976	0.23809591	0.111777574	-0.17531642	0.2818072	-0.28544724	-0.35879314	-0.31920618	0.25309014	0.28890237	0.029250996	-0.0075103454	0.2276746	0.014256181	-0.4564241	-0.3018693	0.24655426
-0.27432176	0.052440267	-0.3109222	-0.258128	-0.08236053	-0.39112085	0.2276854	0.08490823	0.23809591	0.9999998	0.16378926	-0.5425182	0.23375282	-0.24609672	-0.22429524	-0.25286636	0.2711492	0.16676737	0.03813429	-0.112111025	0.22692324	-0.092185654	-0.1871907	-0.27637687	0.30866525
-0.24103661	-0.16628121	-0.21556823	-0.46186337	-0.47789133	-0.326841	0.26719376	-0.29307234	0.111777574	0.16378926	0.99999976	-0.2281174	0.17539047	0.084030926	0.070389956	-0.1690024	0.22817913	0.059176594	0.19784202	-0.28312862	0.23762429	0.17724584	-0.08056084	-0.2956418	0.21268728
0.23227842	-0.12534688	0.2404643	0.17003371	0.10706293	0.2509224	-0.30037728	-0.10644591	-0.17531642	-0.5425182	-0.2281174	0.9999998	-0.26074713	0.20351866	0.15039846	0.18462978	-0.28132358	-0.13662745	-0.033679128	0.08823907	-0.16982877	0.091982365	0.15380496	0.21259719	-0.4695362
-0.2384443	-0.072771154	-0.4560941	-0.20656568	-0.3049439	-0.26045015	0.2692118	-0.08364653	0.2818072	0.23375282	0.17539047	-0.26074713	0.99999976	-0.1590379	-0.291221	-0.44744867	0.263147	0.2602291	0.10054507	-0.05875087	0.19912829	0.06637152	-0.34407613	-0.22383317	0.27653286
0.13369027	-0.3080196	0.12341522	-0.09930014	-0.13399445	0.054506283	-0.070057295	-0.35968974	-0.28544724	-0.24609672	0.084030926	0.20351866	-0.1590379	0.99999976	0.278153	0.053140808	-0.08396252	-0.2776028	0.14504232	-0.1807461	-0.11205748	0.23140888	0.19834213	0.13738988	-0.21882965
0.12029681	-0.054567527	0.17509347	-0.08004765	-0.10269492	0.05035569	-0.07209199	-0.3764707	-0.35879314	-0.22429524	0.070389956	0.15039846	-0.291221	0.278153	0.9999996	0.1118131	-0.12159467	-0.32079738	0.08921951	-0.17045403	-0.117483154	0.12322599	0.23466995	0.16425297	-0.13838568
0.25477204	0.14875594	0.30685624	0.24299617	0.22973847	0.268958	-0.27209643	0.12345556	-0.31920618	-0.25286636	-0.1690024	0.18462978	-0.44744867	0.053140808	0.1118131	0.9999998	-0.43357328	-0.21562423	-0.17052068	0.11255946	-0.2607782	-0.20655951	0.22015911	0.2481839	-0.37552652
-0.4525947	-0.056969598	-0.39711133	-0.30630594	-0.20039576	-0.46487463	0.28603828	-0.06299039	0.25309014	0.2711492	0.22817913	-0.28132358	0.263147	-0.08396252	-0.12159467	-0.43357328	0.9999997	0.15830208	0.120059855	-0.14086333	0.2743959	0.06619604	-0.16968852	-0.33251128	0.2884541
-0.21730146	-0.04031391	-0.30066258	-0.04544698	-0.14067787	-0.09898553	0.19957253	0.025418283	0.28890237	0.16676737	0.059176594	-0.13662745	0.2602291	-0.2776028	-0.32079738	-0.21562423	0.15830208	0.99999946	-0.0046838974	0.068252854	0.13988337	-0.0477042	-0.61735797	-0.30088732	0.1858437
-0.19617967	-0.4452564	-0.14933759	-0.18393824	-0.22288102	-0.1545328	0.14066322	-0.19542792	0.029250996	0.03813429	0.19784202	-0.033679128	0.10054507	0.14504232	0.08921951	-0.17052068	0.120059855	-0.0046838974	0.99999934	-0.65334934	0.17816536	0.24066478	-0.028354466	-0.098834	0.100824825
0.15565257	0.21996467	0.114336886	0.22355175	0.20950101	0.17149374	-0.13649982	0.18479905	-0.0075103454	-0.112111025	-0.28312862	0.08823907	-0.05875087	-0.1807461	-0.17045403	0.11255946	-0.14086333	0.068252854	-0.65334934	0.99999964	-0.21224715	-0.2548145	-0.08466571	0.09855468	-0.15842788
-0.36503205	-0.24593468	-0.28077674	-0.3931768	-0.19295858	-0.39498785	0.24469975	-0.01713766	0.2276746	0.22692324	0.23762429	-0.16982877	0.19912829	-0.11205748	-0.117483154	-0.2607782	0.2743959	0.13988337	0.17816536	-0.21224715	0.9999996	0.11387582	-0.11240873	-0.48042956	0.24282274
0.0056389365	-0.5394626	-0.11516479	-0.17400226	-0.3099035	-0.08372175	0.12499435	-0.3970786	0.014256181	-0.092185654	0.17724584	0.091982365	0.06637152	0.23140888	0.12322599	-0.20655951	0.06619604	-0.0477042	0.24066478	-0.2548145	0.11387582	0.9999996	0.0054422827	-0.14630568	0.00048853457
0.20119455	0.02643956	0.250646	0.08513398	0.11218302	0.1318978	-0.253229	-0.014234631	-0.4564241	-0.1871907	-0.08056084	0.15380496	-0.34407613	0.19834213	0.23466995	0.22015911	-0.16968852	-0.61735797	-0.028354466	-0.08466571	-0.11240873	0.0054422827	0.9999998	0.21697491	-0.22480063
0.27738112	0.10018487	0.2903098	0.22019002	0.20405842	0.27872533	-0.4327048	0.019777535	-0.3018693	-0.27637687	-0.2956418	0.21259719	-0.22383317	0.13738988	0.16425297	0.2481839	-0.33251128	-0.30088732	-0.098834	0.09855468	-0.48042956	-0.14630568	0.21697491	0.99999976	-0.2639967
-0.25785014	-0.021312604	-0.36556467	-0.33165127	-0.18471047	-0.35051957	0.2630524	-0.046968725	0.24655426	0.30866525	0.21268728	-0.4695362	0.27653286	-0.21882965	-0.13838568	-0.37552652	0.2884541	0.1858437	0.100824825	-0.15842788	0.24282274	0.00048853457	-0.22480063	-0.2639967	0.99999976
