1.0000001	0.24653457	0.016990423	0.0681706	0.24152622	-0.20349674	-0.2233107	0.19287442	0.19118062	-0.17163745	-0.2993001	-0.33069438	-0.17882597	0.044785943	-0.44672677	0.06697052	-0.049325522	0.077016495	0.06999927	-0.13675864	-0.31586382	0.16660626	0.19172996	-0.21769075	0.15452762
0.24653457	0.99999994	-0.11775049	0.19680181	0.29269242	0.01879311	-0.4096499	0.25010347	0.21791233	-0.2949735	-0.26023278	-0.4747875	-0.18663926	-0.09143233	-0.46154356	0.112846665	-0.18503065	-0.06461966	0.20726125	0.0738486	-0.37750825	0.26068097	0.050417043	-0.2545769	0.22177015
0.016990423	-0.11775049	0.99999994	-0.21179672	-0.13179238	-0.21740168	0.17395616	-0.0890194	-0.23130359	0.1394762	0.18230863	0.119122714	0.17222364	0.16851644	0.104020596	-0.05801947	0.0965627	0.13700874	-0.4572192	-0.4774128	0.14729595	-0.3132394	0.13402301	0.19139427	-0.31633234
0.0681706	0.19680181	-0.21179672	0.9999998	0.22109728	0.22103575	-0.16744779	0.12169986	0.016452294	-0.07901109	-0.21512665	-0.17591615	-0.2940145	-0.49137467	-0.17952767	0.2548558	-0.35723358	-0.2700727	0.1826643	0.23718973	-0.21530415	0.26890138	-0.2722603	-0.38361242	0.28303573
0.24152622	0.29269242	-0.13179238	0.22109728	0.99999964	0.03386063	-0.4117196	0.24514326	0.19591586	-0.2730343	-0.3264338	-0.29652023	-0.28310183	-0.1325815	-0.24623515	0.17402461	-0.26004604	-0.08524673	0.17334256	0.09590956	-0.4699817	0.27396592	0.030803956	-0.392312	0.26625618
-0.20349674	0.01879311	-0.21740168	0.22103575	0.03386063	0.9999996	-0.022043878	0.08940129	-0.11224093	-0.003072964	-0.09559092	-0.042060535	-0.18475635	-0.19455048	0.008291646	0.22340088	-0.28357628	-0.42592266	0.19037366	0.2349598	0.035975557	0.08519436	-0.49069563	-0.26999247	0.12842564
-0.2233107	-0.4096499	0.17395616	-0.16744779	-0.4117196	-0.022043878	0.9999997	-0.3392141	-0.45510653	0.28607893	0.2866691	0.26157278	0.14632435	0.040101577	0.28056917	-0.050812308	0.09470464	-0.04718397	-0.23183739	-0.13553083	0.26954868	-0.30807027	-0.08205096	0.19091527	-0.15995485
0.19287442	0.25010347	-0.0890194	0.12169986	0.24514326	0.08940129	-0.3392141	0.99999964	0.24986102	-0.5378352	-0.4558244	-0.3709346	-0.25676835	-0.0037531918	-0.26458317	0.14425887	-0.0980038	-0.02619732	0.21140884	0.046280354	-0.19808602	0.17221895	-0.01424338	-0.2118796	0.1674836
0.19118062	0.21791233	-0.23130359	0.016452294	0.19591586	-0.11224093	-0.45510653	0.24986102	0.9999996	-0.50073457	-0.36932242	-0.19480695	-0.08473125	0.07322815	-0.32161793	0.011007667	-0.017277602	0.123325996	0.17355342	0.023205122	-0.21605688	0.14958753	0.1523142	-0.07487982	0.10717654
-0.17163745	-0.2949735	0.1394762	-0.07901109	-0.2730343	-0.003072964	0.28607893	-0.5378352	-0.50073457	0.99999964	0.2695829	0.22673094	0.17126395	-0.016387854	0.228442	-0.15748622	0.10170453	-0.03593147	-0.18661265	-0.11742716	0.1972565	-0.14033972	-0.10933211	0.14765397	-0.14311156
-0.2993001	-0.26023278	0.18230863	-0.21512665	-0.3264338	-0.09559092	0.2866691	-0.4558244	-0.36932242	0.2695829	0.9999996	0.291397	0.18381178	0.038602013	0.2780045	-0.10328047	0.0793878	0.025961837	-0.40448755	-0.089772075	0.24595316	-0.23214735	-0.0062898668	0.21579231	-0.2464652
-0.33069438	-0.4747875	0.119122714	-0.17591615	-0.29652023	-0.042060535	0.26157278	-0.3709346	-0.19480695	0.22673094	0.291397	0.9999995	0.16722807	0.0028955422	0.30464187	-0.1021029	0.08167269	0.020188892	-0.36268708	-0.003467224	0.2733735	-0.259532	-0.103657626	0.20946844	-0.2734327
-0.17882597	-0.18663926	0.17222364	-0.2940145	-0.28310183	-0.18475635	0.14632435	-0.25676835	-0.08473125	0.17126395	0.18381178	0.16722807	0.9999995	0.24732734	0.13375339	-0.444705	0.27648416	0.21727958	-0.13985641	-0.2938224	0.21327528	-0.3226665	0.14487009	0.3076353	-0.44053936
0.044785943	-0.09143233	0.16851644	-0.49137467	-0.1325815	-0.19455048	0.040101577	-0.0037531918	0.07322815	-0.016387854	0.038602013	0.0028955422	0.24732734	0.9999996	0.012213017	-0.29334342	0.23776709	0.24581286	-0.06251514	-0.3933988	0.108780995	-0.33208117	0.22520767	0.23372702	-0.3342409
-0.44672677	-0.46154356	0.104020596	-0.17952767	-0.24623515	0.008291646	0.28056917	-0.26458317	-0.32161793	0.228442	0.2780045	0.30464187	0.13375339	0.012213017	0.9999995	-0.050798137	0.07807739	-0.039035004	-0.29490256	0.012650441	0.27548918	-0.31118783	-0.15479478	0.18398632	-0.16649958
0.06697052	0.112846665	-0.05801947	0.2548558	0.17402461	0.22340088	-0.050812308	0.14425887	0.011007667	-0.15748622	-0.10328047	-0.1021029	-0.444705	-0.29334342	-0.050798137	0.99999964	-0.47926366	-0.42242777	0.086780265	0.16547133	-0.119900025	0.14449975	-0.25380847	-0.34266925	0.23142359
-0.049325522	-0.18503065	0.0965627	-0.35723358	-0.26004604	-0.28357628	0.09470464	-0.0980038	-0.017277602	0.10170453	0.0793878	0.08167269	0.27648416	0.23776709	0.07807739	-0.47926366	0.99999964	0.25310257	-0.0663156	-0.12975979	0.14889836	-0.15693411	0.17384759	0.27101645	-0.3557414
0.077016495	-0.06461966	0.13700874	-0.2700727	-0.08524673	-0.42592266	-0.04718397	-0.02619732	0.123325996	-0.03593147	0.025961837	0.020188892	0.21727958	0.24581286	-0.039035004	-0.42242777	0.25310257	0.99999964	-0.15886064	-0.3234017	-0.008278141	-0.08835214	0.2908433	0.21637978	-0.14667572
0.06999927	0.20726125	-0.4572192	0.1826643	0.17334256	0.19037366	-0.23183739	0.21140884	0.17355342	-0.18661265	-0.40448755	-0.36268708	-0.13985641	-0.06251514	-0.29490256	0.086780265	-0.0663156	-0.15886064	0.99999946	0.17140111	-0.20969138	0.21423258	-0.18226744	-0.19759448	0.1873625
-0.13675864	0.0738486	-0.4774128	0.23718973	0.09590956	0.2349598	-0.13553083	0.046280354	0.023205122	-0.11742716	-0.089772075	-0.003467224	-0.2938224	-0.3933988	0.012650441	0.16547133	-0.12975979	-0.3234017	0.17140111	0.99999964	-0.06310541	0.18841651	-0.27463672	-0.24760877	0.1976116
-0.31586382	-0.37750825	0.14729595	-0.21530415	-0.4699817	0.035975557	0.26954868	-0.19808602	-0.21605688	0.1972565	0.24595316	0.2733735	0.21327528	0.108780995	0.27548918	-0.119900025	0.14889836	-0.008278141	-0.20969138	-0.06310541	0.99999964	-0.45816714	-0.10612476	0.23942834	-0.35992306
0.16660626	0.26068097	-0.3132394	0.26890138	0.27396592	0.08519436	-0.30807027	0.17221895	0.14958753	-0.14033972	-0.23214735	-0.259532	-0.3226665	-0.33208117	-0.31118783	0.14449975	-0.15693411	-0.08835214	0.21423258	0.18841651	-0.45816714	0.9999996	-0.07332644	-0.33525667	0.29072914
0.19172996	0.050417043	0.13402301	-0.2722603	0.030803956	-0.49069563	-0.08205096	-0.01424338	0.1523142	-0.10933211	-0.0062898668	-0.103657626	0.14487009	0.22520767	-0.15479478	-0.25380847	0.17384759	0.2908433	-0.18226744	-0.27463672	-0.10612476	-0.07332644	0.99999964	0.13669144	-0.07849434
-0.21769075	-0.2545769	0.19139427	-0.38361242	-0.392312	-0.26999247	0.19091527	-0.2118796	-0.07487982	0.14765397	0.21579231	0.20946844	0.3076353	0.23372702	0.18398632	-0.34266925	0.27101645	0.21637978	-0.19759448	-0.24760877	0.23942834	-0.33525667	0.13669144	0.9999995	-0.382177
0.15452762	0.22177015	-0.31633234	0.28303573	0.26625618	0.12842564	-0.15995485	0.1674836	0.10717654	-0.14311156	-0.2464652	-0.2734327	-0.44053936	-0.3342409	-0.16649958	0.23142359	-0.3557414	-0.14667572	0.1873625	0.1976116	-0.35992306	0.29072914	-0.07849434	-0.382177	0.9999995
