1.0000001	-0.11905644	0.22091646	0.15662667	-0.2880132	0.0069233086	-0.030413076	0.19221042	0.104983926	0.18627822	-0.019178309	-0.010297983	-0.47165594	-0.3993478	-0.42668998	-0.07756381	0.02304022	0.08641843	-0.25965866	0.10668676	-0.28561267	0.2427375	0.24063551	-0.23461424	0.21331334
-0.11905644	1.0000001	-0.4238214	-0.21988213	0.08688654	-0.06989993	0.19942953	0.037853878	-0.08779271	-0.24965256	0.06782933	0.23092599	0.16120967	0.2020945	0.08980691	-0.054484956	-0.055316158	-0.43393442	-0.12966338	-0.47603416	0.17437859	-0.2568707	-0.03640697	0.14009637	0.0484334
0.22091646	-0.4238214	1.0000001	0.25741616	-0.29634815	-0.06519543	-0.15030234	0.058315508	0.16831495	0.18272515	-0.16528642	-0.24370158	-0.3494438	-0.23608907	-0.2647672	0.008583798	0.09379062	0.21615659	-0.033483487	0.27327564	-0.31030396	0.24716005	0.18111248	-0.3168238	0.12708837
0.15662667	-0.21988213	0.25741616	0.9999999	-0.30499652	-0.30446613	0.078071214	0.020176264	0.2656608	0.014314887	-0.37538555	-0.031704575	-0.20767383	-0.11255611	-0.17859921	-0.16239783	0.20287108	0.047567178	-0.0008877958	0.15970917	-0.3644728	0.12273627	0.20649353	-0.49107912	0.21207163
-0.2880132	0.08688654	-0.29634815	-0.30499652	0.9999998	0.16480333	-0.020265598	-0.10761028	-0.416828	-0.008231982	0.1019377	0.019607104	0.26792127	0.120100245	0.19349262	0.08802289	-0.03094605	-0.042628344	0.15940398	-0.1323629	0.27214822	-0.21466249	-0.47154415	0.2378609	-0.3779443
0.0069233086	-0.06989993	-0.06519543	-0.30446613	0.16480333	0.99999976	-0.37908903	-0.056216728	-0.4383692	0.18307345	0.25570488	-0.18484887	0.0626602	-0.08349801	-0.006963362	0.20512529	-0.18065597	0.17770737	-0.0016732425	0.045125294	0.08252726	0.09934085	-0.24091765	0.20914035	-0.20925474
-0.030413076	0.19942953	-0.15030234	0.078071214	-0.020265598	-0.37908903	0.9999998	0.014085128	0.1302128	-0.31316397	-0.22680117	0.28530586	0.045932673	0.186588	0.059304036	-0.2701661	0.075202174	-0.45680663	0.036920235	-0.3029773	0.067979164	-0.29219678	-0.00048528053	-0.09414388	0.081309624
0.19221042	0.037853878	0.058315508	0.020176264	-0.10761028	-0.056216728	0.014085128	0.9999997	0.045414504	0.09809804	0.06774783	0.09965164	-0.3004174	-0.019213835	-0.44209927	0.039556064	-0.20603101	-0.0073951297	-0.5294048	-0.124533474	-0.09830011	0.015885418	0.21387073	-0.030275134	0.1745457
0.104983926	-0.08779271	0.16831495	0.2656608	-0.416828	-0.4383692	0.1302128	0.045414504	0.9999997	-0.10990518	-0.3220666	0.08837765	-0.28683788	0.009075214	-0.06596714	-0.11755499	0.09955057	-0.08672268	-0.09168682	0.05302058	-0.26826262	0.016203566	0.25102818	-0.25501984	0.2104451
0.18627822	-0.24965256	0.18272515	0.014314887	-0.008231982	0.18307345	-0.31316397	0.09809804	-0.10990518	0.9999998	0.09357375	-0.29927745	-0.14965734	-0.43209046	-0.259826	0.088188544	0.020647278	0.2678959	-0.17340039	0.19276203	-0.13671164	0.26961815	0.030705329	-0.08239692	0.016496006
-0.019178309	0.06782933	-0.16528642	-0.37538555	0.1019377	0.25570488	-0.22680117	0.06774783	-0.3220666	0.09357375	0.9999998	-0.16157827	0.05043509	-0.07622401	0.016290262	0.23916447	-0.47794667	0.05747535	-0.13923699	-0.034549266	0.1603163	0.028243622	-0.060745623	0.2573616	-0.17644653
-0.010297983	0.23092599	-0.24370158	-0.031704575	0.019607104	-0.18484887	0.28530586	0.09965164	0.08837765	-0.29927745	-0.16157827	0.99999976	0.055050943	0.16480082	-0.008507191	-0.29868627	0.029589543	-0.3991314	-0.0939809	-0.40989697	0.09747258	-0.21516187	0.02925696	-0.03467373	0.06405157
-0.47165594	0.16120967	-0.3494438	-0.20767383	0.26792127	0.0626602	0.045932673	-0.3004174	-0.28683788	-0.14965734	0.05043509	0.055050943	0.9999997	0.1952476	0.26751664	0.035946015	0.00866408	-0.085378624	0.19256665	-0.2271751	0.23260054	-0.25649768	-0.3523407	0.18946722	-0.17205712
-0.3993478	0.2020945	-0.23608907	-0.11255611	0.120100245	-0.08349801	0.186588	-0.019213835	0.009075214	-0.43209046	-0.07622401	0.16480082	0.1952476	0.9999997	0.19291651	0.008466816	-0.022790205	-0.26166332	0.07822587	-0.2677371	0.194435	-0.56013566	-0.1118429	0.13537985	-0.1096257
-0.42668998	0.08980691	-0.2647672	-0.17859921	0.19349262	-0.006963362	0.059304036	-0.44209927	-0.06596714	-0.259826	0.016290262	-0.008507191	0.26751664	0.19291651	0.9999998	0.015677739	0.030521095	-0.124349035	0.26073295	-0.03770785	0.21903501	-0.2227749	-0.30281788	0.15464945	-0.3112901
-0.07756381	-0.054484956	0.008583798	-0.16239783	0.08802289	0.20512529	-0.2701661	0.039556064	-0.11755499	0.088188544	0.23916447	-0.29868627	0.035946015	0.008466816	0.015677739	0.9999997	-0.49085164	0.14189029	-0.022384837	0.078271694	0.04848753	-0.010756623	-0.054245032	0.1907092	-0.30033898
0.02304022	-0.055316158	0.09379062	0.20287108	-0.03094605	-0.18065597	0.075202174	-0.20603101	0.09955057	0.020647278	-0.47794667	0.029589543	0.00866408	-0.022790205	0.030521095	-0.49085164	0.9999996	-0.0014695597	0.12846744	0.054047987	-0.16129881	0.06025037	-0.017946122	-0.34234583	0.10097565
0.08641843	-0.43393442	0.21615659	0.047567178	-0.042628344	0.17770737	-0.45680663	-0.0073951297	-0.08672268	0.2678959	0.05747535	-0.3991314	-0.085378624	-0.26166332	-0.124349035	0.14189029	-0.0014695597	0.9999997	-0.01606208	0.26238266	-0.26111725	0.25443274	0.023851244	-0.017504418	-0.017772097
-0.25965866	-0.12966338	-0.033483487	-0.0008877958	0.15940398	-0.0016732425	0.036920235	-0.5294048	-0.09168682	-0.17340039	-0.13923699	-0.0939809	0.19256665	0.07822587	0.26073295	-0.022384837	0.12846744	-0.01606208	0.9999995	0.09279127	0.105064176	-0.061814338	-0.34963626	0.031858753	-0.2872921
0.10668676	-0.47603416	0.27327564	0.15970917	-0.1323629	0.045125294	-0.3029773	-0.124533474	0.05302058	0.19276203	-0.034549266	-0.40989697	-0.2271751	-0.2677371	-0.03770785	0.078271694	0.054047987	0.26238266	0.09279127	0.99999964	-0.15592124	0.24053958	0.047905095	-0.18089122	-0.051990367
-0.28561267	0.17437859	-0.31030396	-0.3644728	0.27214822	0.08252726	0.067979164	-0.09830011	-0.26826262	-0.13671164	0.1603163	0.09747258	0.23260054	0.194435	0.21903501	0.04848753	-0.16129881	-0.26111725	0.105064176	-0.15592124	0.99999976	-0.31782612	-0.32867444	0.25975028	-0.3413726
0.2427375	-0.2568707	0.24716005	0.12273627	-0.21466249	0.09934085	-0.29219678	0.015885418	0.016203566	0.26961815	0.028243622	-0.21516187	-0.25649768	-0.56013566	-0.2227749	-0.010756623	0.06025037	0.25443274	-0.061814338	0.24053958	-0.31782612	0.9999998	0.13182482	-0.14523354	0.10631959
0.24063551	-0.03640697	0.18111248	0.20649353	-0.47154415	-0.24091765	-0.00048528053	0.21387073	0.25102818	0.030705329	-0.060745623	0.02925696	-0.3523407	-0.1118429	-0.30281788	-0.054245032	-0.017946122	0.023851244	-0.34963626	0.047905095	-0.32867444	0.13182482	0.9999999	-0.2602926	0.2735828
-0.23461424	0.14009637	-0.3168238	-0.49107912	0.2378609	0.20914035	-0.09414388	-0.030275134	-0.25501984	-0.08239692	0.2573616	-0.03467373	0.18946722	0.13537985	0.15464945	0.1907092	-0.34234583	-0.017504418	0.031858753	-0.18089122	0.25975028	-0.14523354	-0.2602926	1.0	-0.30177632
0.21331334	0.0484334	0.12708837	0.21207163	-0.3779443	-0.20925474	0.081309624	0.1745457	0.2104451	0.016496006	-0.17644653	0.06405157	-0.17205712	-0.1096257	-0.3112901	-0.30033898	0.10097565	-0.017772097	-0.2872921	-0.051990367	-0.3413726	0.10631959	0.2735828	-0.30177632	1.0
