1.0000001	-0.103410445	-0.32398453	-0.31492317	0.122161016	-0.40938714	-0.3798372	0.10561599	0.20751901	-0.41859043	-0.36319447	-0.21476267	-0.28850776	0.25259084	0.27972886	-0.016862873	0.28849173	0.2531581	0.25903285	0.29234073	-0.3856082	0.30413175	-0.42410138	0.30719706	0.2878202
-0.103410445	1.0	0.1282572	0.23137121	0.08867212	0.20261928	0.08462797	-0.6066845	-0.3526374	0.074095786	0.15204033	0.198986	0.14559968	-0.24726449	-0.31316504	-0.24518153	-0.12869531	-0.24341504	0.009935803	-0.02050206	0.1200015	-0.06690564	0.0787816	-0.057109296	-0.28388113
-0.32398453	0.1282572	0.9999997	0.25828376	-0.12915662	0.2740146	0.29528064	-0.1069941	-0.26960757	0.289261	0.26670086	0.22243868	0.28377914	-0.34986916	-0.27874166	-0.014851052	-0.45107272	-0.19335593	-0.23969273	-0.40848303	0.30884624	-0.38382784	0.3161696	-0.3474607	-0.39135885
-0.31492317	0.23137121	0.25828376	0.99999964	-0.035207678	0.28374973	0.21677057	-0.28893706	-0.3666586	0.26291195	0.3039692	0.25538847	0.24085514	-0.26041836	-0.41579607	-0.069662765	-0.25375023	-0.46460825	-0.23857395	-0.25421625	0.2805736	-0.18715708	0.22977428	-0.30554157	-0.41347823
0.122161016	0.08867212	-0.12915662	-0.035207678	0.9999996	-0.047525562	-0.2562473	-0.11384725	-0.15765376	-0.08949455	-0.12878929	-0.033365488	-0.0014282118	-0.04403184	-0.037348412	-0.6824173	0.09389968	0.11513428	0.16837938	0.2010861	-0.17402774	0.1793502	-0.14037506	0.17841119	0.06994879
-0.40938714	0.20261928	0.2740146	0.28374973	-0.047525562	0.9999996	0.23428597	-0.2441156	-0.3073977	0.27174363	0.2573445	0.2767667	0.24322592	-0.49301583	-0.33149502	-0.11264739	-0.21766183	-0.27900368	-0.31611273	-0.20239285	0.28176862	-0.3018813	0.25423273	-0.23637368	-0.3512479
-0.3798372	0.08462797	0.29528064	0.21677057	-0.2562473	0.23428597	0.99999946	-0.023110837	-0.15374586	0.25183606	0.25686428	0.1374681	0.23185691	-0.22950743	-0.19129057	0.04710851	-0.3414223	-0.2143126	-0.1815361	-0.30367354	0.28376272	-0.45276913	0.30268246	-0.5142322	-0.3283858
0.10561599	-0.6066845	-0.1069941	-0.28893706	-0.11384725	-0.2441156	-0.023110837	0.99999934	0.20607819	-0.12664859	-0.2143939	-0.39913565	-0.057151463	0.2135997	0.23155779	0.16355875	0.051191572	0.19648972	0.040027365	0.0494713	-0.14537525	0.025155913	-0.03320828	0.05677265	0.21127766
0.20751901	-0.3526374	-0.26960757	-0.3666586	-0.15765376	-0.3073977	-0.15374586	0.20607819	0.9999992	-0.25184393	-0.2505723	-0.15347423	-0.4844414	0.22537538	0.2842616	0.21286817	0.2168563	0.20578305	0.1081253	0.11296912	-0.16536434	0.16100103	-0.1649354	0.13762465	0.24461584
-0.41859043	0.074095786	0.289261	0.26291195	-0.08949455	0.27174363	0.25183606	-0.12664859	-0.25184393	0.99999905	0.2917646	0.23585208	0.2525065	-0.25818086	-0.33914113	0.0120633915	-0.29537985	-0.2178389	-0.44620597	-0.41176483	0.30130723	-0.31648418	0.28289235	-0.38460857	-0.24630351
-0.36319447	0.15204033	0.26670086	0.3039692	-0.12878929	0.2573445	0.25686428	-0.2143939	-0.2505723	0.2917646	0.9999991	0.21798833	0.24002513	-0.15392028	-0.35192138	0.034848005	-0.28182298	-0.46410805	-0.31714752	-0.3280353	0.30358848	-0.3302264	0.25637257	-0.40274706	-0.31075066
-0.21476267	0.198986	0.22243868	0.25538847	-0.033365488	0.2767667	0.1374681	-0.39913565	-0.15347423	0.23585208	0.21798833	0.9999991	0.14952876	-0.4568069	-0.29181525	-0.08561277	-0.1688854	-0.24697624	-0.37773344	-0.30558527	0.2471834	-0.117970206	0.18219046	-0.12829442	-0.38739082
-0.28850776	0.14559968	0.28377914	0.24085514	-0.0014282118	0.24322592	0.23185691	-0.057151463	-0.4844414	0.2525065	0.24002513	0.14952876	0.9999991	-0.21008846	-0.30334327	-0.13079938	-0.49463916	-0.20369205	-0.24085443	-0.24709763	0.24788976	-0.37887877	0.26372063	-0.20407633	-0.2765875
0.25259084	-0.24726449	-0.34986916	-0.26041836	-0.04403184	-0.49301583	-0.22950743	0.2135997	0.22537538	-0.25818086	-0.15392028	-0.4568069	-0.21008846	0.999999	0.27577427	0.14311148	0.2267014	0.1800434	0.16556287	0.19896059	-0.31876692	0.18935062	-0.324572	0.1778238	0.28684402
0.27972886	-0.31316504	-0.27874166	-0.41579607	-0.037348412	-0.33149502	-0.19129057	0.23155779	0.2842616	-0.33914113	-0.35192138	-0.29181525	-0.30334327	0.27577427	0.9999988	0.13215907	0.25211358	0.27445665	0.20071337	0.22115566	-0.34978715	0.2130522	-0.34153125	0.22635329	0.30390868
-0.016862873	-0.24518153	-0.014851052	-0.069662765	-0.6824173	-0.11264739	0.04710851	0.16355875	0.21286817	0.0120633915	0.034848005	-0.08561277	-0.13079938	0.14311148	0.13215907	0.99999875	0.0133129	-0.026542792	-0.1161134	-0.16232598	0.049896862	-0.10024227	0.0013090331	-0.10038843	0.055853173
0.28849173	-0.12869531	-0.45107272	-0.25375023	0.09389968	-0.21766183	-0.3414223	0.051191572	0.2168563	-0.29537985	-0.28182298	-0.1688854	-0.49463916	0.2267014	0.25211358	0.0133129	0.9999988	0.19414012	0.20669352	0.27880263	-0.37530333	0.30630133	-0.44657433	0.27153713	0.26821
0.2531581	-0.24341504	-0.19335593	-0.46460825	0.11513428	-0.27900368	-0.2143126	0.19648972	0.20578305	-0.2178389	-0.46410805	-0.24697624	-0.20369205	0.1800434	0.27445665	-0.026542792	0.19414012	0.99999857	0.23653229	0.21971214	-0.34104553	0.20435771	-0.17425402	0.23982753	0.28138477
0.25903285	0.009935803	-0.23969273	-0.23857395	0.16837938	-0.31611273	-0.1815361	0.040027365	0.1081253	-0.44620597	-0.31714752	-0.37773344	-0.24085443	0.16556287	0.20071337	-0.1161134	0.20669352	0.23653229	0.9999984	0.28682902	-0.3099612	0.23772086	-0.19663009	0.23549843	0.22948077
0.29234073	-0.02050206	-0.40848303	-0.25421625	0.2010861	-0.20239285	-0.30367354	0.0494713	0.11296912	-0.41176483	-0.3280353	-0.30558527	-0.24709763	0.19896059	0.22115566	-0.16232598	0.27880263	0.21971214	0.28682902	0.99999833	-0.40077364	0.29118782	-0.37636736	0.2938753	0.25657073
-0.3856082	0.1200015	0.30884624	0.2805736	-0.17402774	0.28176862	0.28376272	-0.14537525	-0.16536434	0.30130723	0.30358848	0.2471834	0.24788976	-0.31876692	-0.34978715	0.049896862	-0.37530333	-0.34104553	-0.3099612	-0.40077364	0.9999985	-0.36502257	0.30540052	-0.3313525	-0.3590235
0.30413175	-0.06690564	-0.38382784	-0.18715708	0.1793502	-0.3018813	-0.45276913	0.025155913	0.16100103	-0.31648418	-0.3302264	-0.117970206	-0.37887877	0.18935062	0.2130522	-0.10024227	0.30630133	0.20435771	0.23772086	0.29118782	-0.36502257	0.9999986	-0.40567306	0.30495495	0.24682814
-0.42410138	0.0787816	0.3161696	0.22977428	-0.14037506	0.25423273	0.30268246	-0.03320828	-0.1649354	0.28289235	0.25637257	0.18219046	0.26372063	-0.324572	-0.34153125	0.0013090331	-0.44657433	-0.17425402	-0.19663009	-0.37636736	0.30540052	-0.40567306	0.9999988	-0.36948	-0.30150142
0.30719706	-0.057109296	-0.3474607	-0.30554157	0.17841119	-0.23637368	-0.5142322	0.05677265	0.13762465	-0.38460857	-0.40274706	-0.12829442	-0.20407633	0.1778238	0.22635329	-0.10038843	0.27153713	0.23982753	0.23549843	0.2938753	-0.3313525	0.30495495	-0.36948	0.99999887	0.25548548
0.2878202	-0.28388113	-0.39135885	-0.41347823	0.06994879	-0.3512479	-0.3283858	0.21127766	0.24461584	-0.24630351	-0.31075066	-0.38739082	-0.2765875	0.28684402	0.30390868	0.055853173	0.26821	0.28138477	0.22948077	0.25657073	-0.3590235	0.24682814	-0.30150142	0.25548548	0.99999887
