0.99999994	-0.35732412	0.0023756889	-0.003977784	0.27443406	-0.104015805	0.28229538	-0.19696862	-0.26095572	-0.33093828	-0.3826884	-0.1825236	-0.036369	-0.11570267	0.265126	0.18564452	0.2949323	-0.31239423	0.23223187	-0.30899805	0.27259755	-0.22411133	0.16547804	-0.40525934	0.24427137
-0.35732412	0.9999998	0.06496086	0.15523055	-0.2043203	-0.031171808	-0.18424952	0.2480993	0.12336161	0.09201099	0.28457803	0.22498664	-0.18682222	0.22874324	-0.23540618	-0.37086347	-0.21236126	0.24767855	-0.23852457	0.0879038	-0.16181707	0.15884271	-0.392314	0.27187127	-0.47210747
0.0023756889	0.06496086	0.99999994	0.19191581	-0.15744035	-0.3760159	0.07182544	0.21329734	-0.25517872	-0.08947152	0.07219354	0.26030463	-0.38454878	0.2033587	0.12068128	-0.25916624	0.052924655	0.11620384	0.042117413	-0.1867497	0.08662673	-0.19878761	-0.31561413	0.077937804	0.04075582
-0.003977784	0.15523055	0.19191581	0.9999998	-0.14740154	-0.51454	-0.08305868	0.25792918	-0.14796336	-0.09567269	0.12314679	0.24924904	-0.3636528	0.27480444	0.0026295155	-0.1974638	0.03309185	0.13639778	-0.09013356	-0.15970756	0.07358862	0.09200557	-0.305574	0.080191955	-0.2734069
0.27443406	-0.2043203	-0.15744035	-0.14740154	0.9999998	0.043289766	0.2533559	-0.3965757	-0.13107225	-0.17824653	-0.42931017	-0.2035334	0.038705166	-0.21117644	0.20033024	0.2089656	0.24199887	-0.23340128	0.21612857	-0.2767277	0.20607847	-0.22899383	0.21580432	-0.40509135	0.23512378
-0.104015805	-0.031171808	-0.3760159	-0.51454	0.043289766	1.0000001	-0.05277272	-0.21321192	0.21680032	0.15426695	-0.05720099	-0.26440084	0.26649234	-0.35493213	-0.07615892	0.14640157	-0.17355196	-0.07528636	-0.046329632	0.2139445	-0.15072468	0.00771817	0.20645118	-0.026471945	0.006243715
0.28229538	-0.18424952	0.07182544	-0.08305868	0.2533559	-0.05277272	1.0000001	-0.12727827	-0.2339942	-0.3441181	-0.28507343	-0.09343355	-0.085622564	-0.17612234	0.30928868	0.14440987	0.30211765	-0.3266393	0.23383655	-0.31116188	0.24859072	-0.46807387	0.110897236	-0.37599236	0.22970356
-0.19696862	0.2480993	0.21329734	0.25792918	-0.3965757	-0.21321192	-0.12727827	0.99999994	-0.040934175	-0.06493175	0.22526477	0.29681528	-0.39265907	0.2678868	-0.026715515	-0.29695368	-0.07770154	0.21297781	-0.11049204	-0.052730564	-0.043728735	0.069641136	-0.34683424	0.20817734	-0.31136167
-0.26095572	0.12336161	-0.25517872	-0.14796336	-0.13107225	0.21680032	-0.2339942	-0.040934175	1.0	0.27122596	0.17550394	-0.14382137	0.17880338	-0.0029592393	-0.28732178	0.08829063	-0.28523177	-0.029152462	-0.41340795	0.25988677	-0.38999873	0.19041517	-0.022796415	0.15398352	-0.24322736
-0.33093828	0.09201099	-0.08947152	-0.09567269	-0.17824653	0.15426695	-0.3441181	-0.06493175	0.27122596	1.0	0.18679647	-0.056683943	0.1749177	0.007726069	-0.310822	-0.0036075937	-0.42188272	0.06609924	-0.30995446	0.30120134	-0.5287269	0.21075185	0.0049394118	0.20674242	-0.09357416
-0.3826884	0.28457803	0.07219354	0.12314679	-0.42931017	-0.05720099	-0.28507343	0.22526477	0.17550394	0.18679647	1.0	0.18976006	-0.05690652	0.23726945	-0.2880468	-0.23677556	-0.3160085	0.22013521	-0.37671167	0.16489065	-0.2191091	0.21649359	-0.3303906	0.31388333	-0.3583549
-0.1825236	0.22498664	0.26030463	0.24924904	-0.2035334	-0.26440084	-0.09343355	0.29681528	-0.14382137	-0.056683943	0.18976006	1.0	-0.3611466	0.26633865	-0.007905717	-0.30245993	-0.05026473	0.22560608	-0.061261088	-0.114775054	-0.04006453	-0.012823316	-0.33221003	0.18407334	-0.2091409
-0.036369	-0.18682222	-0.38454878	-0.3636528	0.038705166	0.26649234	-0.085622564	-0.39265907	0.17880338	0.1749177	-0.05690652	-0.3611466	1.0	-0.29747823	-0.15962072	0.20822738	-0.081917845	-0.16988155	-0.07517214	0.20175695	-0.12522846	0.098466635	0.24687725	-0.022415655	0.085298575
-0.11570267	0.22874324	0.2033587	0.27480444	-0.21117644	-0.35493213	-0.17612234	0.2678868	-0.0029592393	0.007726069	0.23726945	0.26633865	-0.29747823	1.0000001	-0.1474616	-0.20850308	-0.09252392	0.16979554	-0.29561388	-0.04127419	-0.09125449	0.10648575	-0.45083568	0.20029396	-0.25628892
0.265126	-0.23540618	0.12068128	0.0026295155	0.20033024	-0.07615892	0.30928868	-0.026715515	-0.28732178	-0.310822	-0.2880468	-0.007905717	-0.15962072	-0.1474616	0.99999994	0.06640529	0.29245538	-0.2657239	0.24535868	-0.29847482	0.24597406	-0.49242672	0.07412341	-0.294772	0.20656875
0.18564452	-0.37086347	-0.25916624	-0.1974638	0.2089656	0.14640157	0.14440987	-0.29695368	0.08829063	-0.0036075937	-0.23677556	-0.30245993	0.20822738	-0.20850308	0.06640529	1.0000001	0.11131428	-0.53462464	0.0079138	-0.045991946	0.044084385	-0.08517134	0.25791046	-0.33725196	0.16362353
0.2949323	-0.21236126	0.052924655	0.03309185	0.24199887	-0.17355196	0.30211765	-0.07770154	-0.28523177	-0.42188272	-0.3160085	-0.05026473	-0.081917845	-0.09252392	0.29245538	0.11131428	1.0000001	-0.19421494	0.22881557	-0.41733092	0.2839619	-0.4021493	0.06305065	-0.32733688	0.20860837
-0.31239423	0.24767855	0.11620384	0.13639778	-0.23340128	-0.07528636	-0.3266393	0.21297781	-0.029152462	0.06609924	0.22013521	0.22560608	-0.16988155	0.16979554	-0.2657239	-0.53462464	-0.19421494	1.0	-0.02778442	0.106721856	-0.09611057	0.17574126	-0.23708895	0.26023072	-0.17856844
0.23223187	-0.23852457	0.042117413	-0.09013356	0.21612857	-0.046329632	0.23383655	-0.11049204	-0.41340795	-0.30995446	-0.37671167	-0.061261088	-0.07517214	-0.29561388	0.24535868	0.0079138	0.22881557	-0.02778442	0.99999994	-0.17577541	0.25185353	-0.2379862	0.15007271	-0.25811878	0.24078849
-0.30899805	0.0879038	-0.1867497	-0.15970756	-0.2767277	0.2139445	-0.31116188	-0.052730564	0.25988677	0.30120134	0.16489065	-0.114775054	0.20175695	-0.04127419	-0.29847482	-0.045991946	-0.41733092	0.106721856	-0.17577541	0.99999976	-0.45535645	0.21508373	0.049117245	0.20054775	-0.12824433
0.27259755	-0.16181707	0.08662673	0.07358862	0.20607847	-0.15072468	0.24859072	-0.043728735	-0.38999873	-0.5287269	-0.2191091	-0.04006453	-0.12522846	-0.09125449	0.24597406	0.044084385	0.2839619	-0.09611057	0.25185353	-0.45535645	0.9999998	-0.15802693	0.05376735	-0.29051507	0.15148543
-0.22411133	0.15884271	-0.19878761	0.09200557	-0.22899383	0.00771817	-0.46807387	0.069641136	0.19041517	0.21075185	0.21649359	-0.012823316	0.098466635	0.10648575	-0.49242672	-0.08517134	-0.4021493	0.17574126	-0.2379862	0.21508373	-0.15802693	1.0	-0.05815792	0.22132257	-0.2567174
0.16547804	-0.392314	-0.31561413	-0.305574	0.21580432	0.20645118	0.110897236	-0.34683424	-0.022796415	0.0049394118	-0.3303906	-0.33221003	0.24687725	-0.45083568	0.07412341	0.25791046	0.06305065	-0.23708895	0.15007271	0.049117245	0.05376735	-0.05815792	0.9999998	-0.25340518	0.22744542
-0.40525934	0.27187127	0.077937804	0.080191955	-0.40509135	-0.026471945	-0.37599236	0.20817734	0.15398352	0.20674242	0.31388333	0.18407334	-0.022415655	0.20029396	-0.294772	-0.33725196	-0.32733688	0.26023072	-0.25811878	0.20054775	-0.29051507	0.22132257	-0.25340518	0.9999998	-0.30351442
0.24427137	-0.47210747	0.04075582	-0.2734069	0.23512378	0.006243715	0.22970356	-0.31136167	-0.24322736	-0.09357416	-0.3583549	-0.2091409	0.085298575	-0.25628892	0.20656875	0.16362353	0.20860837	-0.17856844	0.24078849	-0.12824433	0.15148543	-0.2567174	0.22744542	-0.30351442	0.9999998
