1.0000001	-0.22811799	-0.0766644	0.10403394	-0.3594339	0.088784836	0.13066052	0.19864663	0.16181625	0.15230715	0.03631014	-0.4652239	0.05695751	-0.41060463	-0.29211265	-0.1272774	0.10963124	-0.27641425	-0.2551891	0.26447105	0.19620773	0.19426347	0.2093987	-0.18932685	-0.14502981
-0.22811799	1.0000001	0.21346372	-0.109489664	0.06833898	0.13199162	-0.2324137	-0.53517175	-0.20118366	0.078026615	0.19437888	0.17866871	-0.23837735	0.06922698	0.18635169	0.20106599	-0.2753778	-0.072519176	0.25724393	-0.3529592	-0.18937819	-0.3183382	-0.43613228	0.2577597	0.1440821
-0.0766644	0.21346372	1.0	-0.29091638	-0.080463454	0.17390156	-0.37786394	-0.13187386	-0.19988668	0.19536091	0.2587993	0.0679288	-0.39674303	0.025816502	0.16273303	0.25440446	-0.43573517	-0.115935974	0.18459271	-0.18903874	-0.2890598	-0.30868077	-0.35076728	0.22480671	0.1892836
0.10403394	-0.109489664	-0.29091638	1.0000001	-0.0066774874	-0.22869934	0.23090552	0.12352154	0.20998777	-0.09674617	-0.12988283	-0.19859254	0.2788025	-0.10883972	-0.06108637	-0.3239539	0.22508404	-0.103879005	-0.12560128	0.18942228	0.19306849	0.15479207	0.2073276	-0.28552324	-0.5232396
-0.3594339	0.06833898	-0.080463454	-0.0066774874	1.0000002	-0.24421152	-0.0078088683	-0.0923573	-0.007218213	-0.34529275	-0.3164108	0.24247983	0.0061295354	0.2673362	0.013456328	0.068610415	-0.032536767	0.28265005	0.1869898	-0.23912509	-0.2107568	-0.022725645	-0.1150463	-0.04987774	0.14253794
0.088784836	0.13199162	0.17390156	-0.22869934	-0.24421152	1.0000004	-0.36147273	-0.20419155	-0.21291862	0.2779011	0.21134797	-0.167538	-0.32365754	-0.27997953	-0.025232494	0.15536292	-0.1238396	-0.1824715	-0.006698239	-0.013740175	-0.031226726	-0.0149806	-0.08864874	0.21120875	0.021144655
0.13066052	-0.2324137	-0.37786394	0.23090552	-0.0078088683	-0.36147273	1.0	0.24256875	0.22719276	-0.27189904	-0.26682976	-0.1706902	0.2862641	-0.024667935	-0.15624204	-0.2554932	0.24795012	0.08289883	-0.2808324	0.21653199	0.15454373	0.19279677	0.2703015	-0.3791196	-0.16115768
0.19864663	-0.53517175	-0.13187386	0.12352154	-0.0923573	-0.20419155	0.24256875	1.0000001	0.17270972	-0.035020385	-0.18556476	-0.26321155	0.19134647	-0.08336443	-0.17468491	-0.21960959	0.17795877	0.047533654	-0.35635093	0.23830903	0.13777521	0.20112607	0.27150124	-0.42723122	-0.103844635
0.16181625	-0.20118366	-0.19988668	0.20998777	-0.007218213	-0.21291862	0.22719276	0.17270972	1.0000002	-0.14071983	-0.22471021	-0.13194458	0.1927121	-0.16976117	-0.43288213	-0.4342101	0.25267792	0.019929849	-0.066161625	0.17438933	0.1807259	0.23924327	0.19109832	-0.24213374	-0.19568425
0.15230715	0.078026615	0.19536091	-0.09674617	-0.34529275	0.2779011	-0.27189904	-0.035020385	-0.14071983	1.0000004	0.25470737	-0.22265956	-0.28466162	-0.36318615	0.015326367	0.1205462	-0.19438007	-0.38053194	-0.01748979	0.0059125503	0.037077438	-0.04209915	-0.10100072	0.16039723	-0.023501566
0.03631014	0.19437888	0.2587993	-0.12988283	-0.3164108	0.21134797	-0.26682976	-0.18556476	-0.22471021	0.25470737	1.0000004	-0.06183897	-0.2105018	-0.08407989	0.16027194	0.14057463	-0.30160776	-0.37988123	0.04164871	-0.060062528	-0.057038743	-0.26383495	-0.27212092	0.2352132	0.003894208
-0.4652239	0.17866871	0.0679288	-0.19859254	0.24247983	-0.167538	-0.1706902	-0.26321155	-0.13194458	-0.22265956	-0.06183897	1.0000002	-0.09307094	0.26991493	0.16662613	0.101615466	-0.078487396	0.18297346	0.22635184	-0.36506063	-0.13272746	-0.20129803	-0.26990587	0.14206958	0.208661
0.05695751	-0.23837735	-0.39674303	0.2788025	0.0061295354	-0.32365754	0.2862641	0.19134647	0.1927121	-0.28466162	-0.2105018	-0.09307094	1.0000004	0.018970361	-0.018689562	-0.39030895	0.25350913	0.04581586	-0.1471645	0.17855488	0.17398866	0.123872906	0.23876658	-0.3481623	-0.29625016
-0.41060463	0.06922698	0.025816502	-0.10883972	0.2673362	-0.27997953	-0.024667935	-0.08336443	-0.16976117	-0.36318615	-0.08407989	0.26991493	0.018970361	1.0000004	0.12766688	0.081053995	-0.033349138	0.25089687	0.1759909	-0.23025423	-0.32286748	-0.12876123	-0.17104514	0.0045272317	0.16285765
-0.29211265	0.18635169	0.16273303	-0.06108637	0.013456328	-0.025232494	-0.15624204	-0.17468491	-0.43288213	0.015326367	0.16027194	0.16662613	-0.018689562	0.12766688	1.0000002	0.14820458	-0.29971406	0.010227636	0.1515072	-0.25833014	-0.11741768	-0.5693156	-0.16484623	0.14982013	0.10805844
-0.1272774	0.20106599	0.25440446	-0.3239539	0.068610415	0.15536292	-0.2554932	-0.21960959	-0.4342101	0.1205462	0.14057463	0.101615466	-0.39030895	0.081053995	0.14820458	1.0000002	-0.44629136	0.03397003	0.1840441	-0.22013028	-0.38307464	-0.17961028	-0.17728798	0.1692409	0.24783896
0.10963124	-0.2753778	-0.43573517	0.22508404	-0.032536767	-0.1238396	0.24795012	0.17795877	0.25267792	-0.19438007	-0.30160776	-0.078487396	0.25350913	-0.033349138	-0.29971406	-0.44629136	1.0	0.027977776	-0.24323149	0.22109747	0.2275894	0.26591504	0.24197501	-0.16419818	-0.30091515
-0.27641425	-0.072519176	-0.115935974	-0.103879005	0.28265005	-0.1824715	0.08289883	0.047533654	0.019929849	-0.38053194	-0.37988123	0.18297346	0.04581586	0.25089687	0.010227636	0.03397003	0.027977776	0.99999994	0.12634583	-0.15108718	-0.25934333	-0.014745457	-0.022069842	-0.16128905	0.16939624
-0.2551891	0.25724393	0.18459271	-0.12560128	0.1869898	-0.006698239	-0.2808324	-0.35635093	-0.066161625	-0.01748979	0.04164871	0.22635184	-0.1471645	0.1759909	0.1515072	0.1840441	-0.24323149	0.12634583	0.9999999	-0.4568666	-0.42021015	-0.2877468	-0.33382043	0.12827751	0.2092173
0.26447105	-0.3529592	-0.18903874	0.18942228	-0.23912509	-0.013740175	0.21653199	0.23830903	0.17438933	0.0059125503	-0.060062528	-0.36506063	0.17855488	-0.23025423	-0.25833014	-0.22013028	0.22109747	-0.15108718	-0.4568666	1.0	0.24188799	0.2504955	0.27370775	-0.17466426	-0.38241792
0.19620773	-0.18937819	-0.2890598	0.19306849	-0.2107568	-0.031226726	0.15454373	0.13777521	0.1807259	0.037077438	-0.057038743	-0.13272746	0.17398866	-0.32286748	-0.11741768	-0.38307464	0.2275894	-0.25934333	-0.42021015	0.24188799	0.99999994	0.1865215	0.21289705	-0.043819055	-0.25336444
0.19426347	-0.3183382	-0.30868077	0.15479207	-0.022725645	-0.0149806	0.19279677	0.20112607	0.23924327	-0.04209915	-0.26383495	-0.20129803	0.123872906	-0.12876123	-0.5693156	-0.17961028	0.26591504	-0.014745457	-0.2877468	0.2504955	0.1865215	0.99999994	0.24430312	-0.18028297	-0.23399813
0.2093987	-0.43613228	-0.35076728	0.2073276	-0.1150463	-0.08864874	0.2703015	0.27150124	0.19109832	-0.10100072	-0.27212092	-0.26990587	0.23876658	-0.17104514	-0.16484623	-0.17728798	0.24197501	-0.022069842	-0.33382043	0.27370775	0.21289705	0.24430312	0.99999994	-0.37725693	-0.21929543
-0.18932685	0.2577597	0.22480671	-0.28552324	-0.04987774	0.21120875	-0.3791196	-0.42723122	-0.24213374	0.16039723	0.2352132	0.14206958	-0.3481623	0.0045272317	0.14982013	0.1692409	-0.16419818	-0.16128905	0.12827751	-0.17466426	-0.043819055	-0.18028297	-0.37725693	0.99999994	0.09314321
-0.14502981	0.1440821	0.1892836	-0.5232396	0.14253794	0.021144655	-0.16115768	-0.103844635	-0.19568425	-0.023501566	0.003894208	0.208661	-0.29625016	0.16285765	0.10805844	0.24783896	-0.30091515	0.16939624	0.2092173	-0.38241792	-0.25336444	-0.23399813	-0.21929543	0.09314321	0.99999994
