1.0000001	-0.24604055	-0.07814712	0.033123374	-0.1594094	0.17091762	-0.356468	-0.20293707	-0.12642127	-0.3631327	-0.10607181	-0.4207889	0.18753466	-0.04610304	0.104342505	0.07052649	0.20724477	0.27867565	0.004182728	-0.073100075	0.2458571	0.06797724	-0.0700604	-0.445248	0.036427278
-0.24604055	1.0000001	0.05652991	0.0048567243	0.15728246	-0.4225962	0.28867903	0.16681549	0.045835868	0.16721766	0.02751651	0.14887866	-0.12007286	-0.057949197	-0.09076546	0.029695667	-0.39774188	-0.27052325	-0.1944052	0.030962784	-0.36354443	0.06758983	0.07716183	0.20322083	-0.012530024
-0.07814712	0.05652991	1.0000001	-0.36969286	0.22785608	-0.058954366	0.033648998	0.20557338	-0.10383393	0.14523795	-0.3627876	-0.03235403	0.17976534	-0.23541781	-0.53197396	0.20356515	0.09844644	0.0007826494	-0.2639743	-0.24971136	-0.31213862	0.20771973	0.24975254	-0.101859465	0.25344363
0.033123374	0.0048567243	-0.36969286	1.0000001	-0.26611805	0.100311466	-0.010056646	-0.3905507	0.1491066	-0.16383097	0.16922663	0.010367923	-0.22851738	0.24392155	0.28661108	-0.16403842	-0.13368133	-0.05685523	0.24234957	0.26257968	0.15519202	-0.20637158	-0.43817317	0.10874116	-0.4490897
-0.1594094	0.15728246	0.22785608	-0.26611805	1.0000001	-0.3489894	0.1383038	0.29019997	-0.205586	0.10347095	-0.1491115	0.050622273	0.10074245	-0.35871235	-0.31793964	0.20862754	0.013058722	-0.045914322	-0.4209796	-0.35796258	-0.22213265	0.26340652	0.29013228	0.013525956	0.24157032
0.17091762	-0.4225962	-0.058954366	0.100311466	-0.3489894	1.0000002	-0.49013472	-0.25107926	-0.0088796625	-0.053510603	-0.0337111	-0.08248128	0.026636714	0.1553544	0.11951531	-0.094271876	0.16235614	0.112132594	0.17777874	0.11575988	0.15397136	-0.2088809	-0.22367702	-0.10125288	-0.1381035
-0.356468	0.28867903	0.033648998	-0.010056646	0.1383038	-0.49013472	1.0000002	0.1654673	0.09863853	0.12043896	0.04732146	0.15200144	-0.08342708	-0.040569197	-0.030692395	-0.04255893	-0.4718829	-0.16220592	-0.08081197	0.0332848	-0.2348094	0.037468206	0.049661975	0.21092425	-0.07843486
-0.20293707	0.16681549	0.20557338	-0.3905507	0.29019997	-0.25107926	0.1654673	1.0000004	-0.20862554	0.119412266	-0.11571695	0.084690005	0.101601966	-0.32870558	-0.22349119	0.18144342	-0.05979514	-0.11846274	-0.42122826	-0.14803915	-0.19066378	0.21580233	0.24078777	0.051729184	0.17768292
-0.12642127	0.045835868	-0.10383393	0.1491066	-0.205586	-0.0088796625	0.09863853	-0.20862554	1.0000005	0.15995699	0.26735982	0.21946105	-0.34734294	0.26341566	0.10648192	-0.50590736	-0.20204677	-0.32214084	0.22750548	0.20622705	-0.07201608	-0.37163973	-0.13484427	0.2204716	-0.2392866
-0.3631327	0.16721766	0.14523795	-0.16383097	0.10347095	-0.053510603	0.12043896	0.119412266	0.15995699	1.0000006	0.05097743	0.27906424	-0.17144994	-0.0074141473	-0.19137785	-0.09734093	-0.052278463	-0.41727063	-0.018464874	-0.0027696865	-0.51219195	-0.041412987	0.09466637	0.20342866	0.0021004432
-0.10607181	0.02751651	-0.3627876	0.16922663	-0.1491115	-0.0337111	0.04732146	-0.11571695	0.26735982	0.05097743	1.0000005	0.18664183	-0.4891562	0.24108705	0.18033503	-0.45539063	-0.20803672	-0.21364729	0.2214882	0.17241268	0.06192072	-0.3209094	-0.092569284	0.21865703	-0.20629305
-0.4207889	0.14887866	-0.03235403	0.010367923	0.050622273	-0.08248128	0.15200144	0.084690005	0.21946105	0.27906424	0.18664183	1.0000006	-0.38285825	0.08014653	-0.04017115	-0.22163826	-0.12642339	-0.5336386	0.058357134	0.1058962	-0.26052913	-0.13411812	-0.011646892	0.27449474	-0.109739564
0.18753466	-0.12007286	0.17976534	-0.22851738	0.10074245	0.026636714	-0.08342708	0.101601966	-0.34734294	-0.17144994	-0.4891562	-0.38285825	1.0000006	-0.22068967	-0.1368644	0.2805024	0.17299518	0.24901761	-0.2930163	-0.1622037	0.016584672	0.23281129	0.12678859	-0.342602	0.19674425
-0.04610304	-0.057949197	-0.23541781	0.24392155	-0.35871235	0.1553544	-0.040569197	-0.32870558	0.26341566	-0.0074141473	0.24108705	0.08014653	-0.22068967	1.0000005	0.22732978	-0.37540632	-0.20247385	-0.12069375	0.2929011	0.2738986	0.10014571	-0.52244544	-0.29150888	0.15163091	-0.28248423
0.104342505	-0.09076546	-0.53197396	0.28661108	-0.31793964	0.11951531	-0.030692395	-0.22349119	0.10648192	-0.19137785	0.18033503	-0.04017115	-0.1368644	0.22732978	1.0000004	-0.23447111	-0.062334143	0.048506074	0.23878933	0.24322036	0.2086392	-0.23124926	-0.43209538	0.01414579	-0.39809433
0.07052649	0.029695667	0.20356515	-0.16403842	0.20862754	-0.094271876	-0.04255893	0.18144342	-0.50590736	-0.09734093	-0.45539063	-0.22163826	0.2805024	-0.37540632	-0.23447111	1.0000004	0.14332321	0.17312925	-0.31617916	-0.2031024	-0.023006048	0.29698375	0.16622427	-0.24400502	0.22484143
0.20724477	-0.39774188	0.09844644	-0.13368133	0.013058722	0.16235614	-0.4718829	-0.05979514	-0.20204677	-0.052278463	-0.20803672	-0.12642339	0.17299518	-0.20247385	-0.062334143	0.14332321	1.0000004	0.17666557	-0.073948845	-0.25227776	0.09196253	0.118960306	0.09686977	-0.38586077	0.18143915
0.27867565	-0.27052325	0.0007826494	-0.05685523	-0.045914322	0.112132594	-0.16220592	-0.11846274	-0.32214084	-0.41727063	-0.21364729	-0.5336386	0.24901761	-0.12069375	0.048506074	0.17312925	0.17666557	1.0000005	-0.031463847	-0.11369138	0.21655473	0.117490046	-0.0067791874	-0.3083382	0.09988286
0.004182728	-0.1944052	-0.2639743	0.24234957	-0.4209796	0.17777874	-0.08081197	-0.42122826	0.22750548	-0.018464874	0.2214882	0.058357134	-0.2930163	0.2929011	0.23878933	-0.31617916	-0.073948845	-0.031463847	1.0000004	0.2269395	0.15012011	-0.33363792	-0.37555617	0.08127775	-0.20567991
-0.073100075	0.030962784	-0.24971136	0.26257968	-0.35796258	0.11575988	0.0332848	-0.14803915	0.20622705	-0.0027696865	0.17241268	0.1058962	-0.1622037	0.2738986	0.24322036	-0.2031024	-0.25227776	-0.11369138	0.2269395	1.0000005	0.029810933	-0.37958995	-0.46322078	0.18742132	-0.493621
0.2458571	-0.36354443	-0.31213862	0.15519202	-0.22213265	0.15397136	-0.2348094	-0.19066378	-0.07201608	-0.51219195	0.06192072	-0.26052913	0.016584672	0.10014571	0.2086392	-0.023006048	0.09196253	0.21655473	0.15012011	0.029810933	1.0000005	-0.085906014	-0.14296919	-0.20378159	-0.070830904
0.06797724	0.06758983	0.20771973	-0.20637158	0.26340652	-0.2088809	0.037468206	0.21580233	-0.37163973	-0.041412987	-0.3209094	-0.13411812	0.23281129	-0.52244544	-0.23124926	0.29698375	0.118960306	0.117490046	-0.33363792	-0.37958995	-0.085906014	1.0000005	0.23588292	-0.2124487	0.2587445
-0.0700604	0.07716183	0.24975254	-0.43817317	0.29013228	-0.22367702	0.049661975	0.24078777	-0.13484427	0.09466637	-0.092569284	-0.011646892	0.12678859	-0.29150888	-0.43209538	0.16622427	0.09686977	-0.0067791874	-0.37555617	-0.46322078	-0.14296919	0.23588292	1.0000005	-0.09506043	0.29483643
-0.445248	0.20322083	-0.101859465	0.10874116	0.013525956	-0.10125288	0.21092425	0.051729184	0.2204716	0.20342866	0.21865703	0.27449474	-0.342602	0.15163091	0.01414579	-0.24400502	-0.38586077	-0.3083382	0.08127775	0.18742132	-0.20378159	-0.2124487	-0.09506043	1.0000005	-0.2333871
0.036427278	-0.012530024	0.25344363	-0.4490897	0.24157032	-0.1381035	-0.07843486	0.17768292	-0.2392866	0.0021004432	-0.20629305	-0.109739564	0.19674425	-0.28248423	-0.39809433	0.22484143	0.18143915	0.09988286	-0.20567991	-0.493621	-0.070830904	0.2587445	0.29483643	-0.2333871	1.0000005
