1.0000001	0.20844801	-0.29425997	0.2512076	-0.1433045	0.21925488	-0.31170133	0.043453123	-0.3634207	0.19943032	0.12069995	-0.22381938	-0.13420852	-0.5484923	0.20489149	0.23244038	0.25266945	-0.013780667	0.10670382	0.17611839	0.28651512	-0.313896	-0.14073902	-0.37358707	-0.15327136
0.20844801	1.0000001	-0.5863812	0.19228145	-0.1928626	0.18357551	-0.29669723	0.063946	-0.15558675	0.13761073	0.16596578	-0.3007907	-0.15409598	-0.18603477	0.21998955	0.23324081	0.26186228	0.11088626	0.28803712	0.008903092	0.19543745	-0.26142067	-0.2138061	-0.15858486	-0.49453706
-0.29425997	-0.5863812	1.0000002	-0.23500852	0.14348263	-0.18230873	0.21127899	-0.05709165	0.18313773	-0.16176838	-0.12956712	0.27356315	0.09537684	0.19029641	-0.14623491	-0.2682221	-0.4104432	-0.15259926	-0.39690828	-0.015398492	-0.19298239	0.22507389	0.20162909	0.19485486	0.29469216
0.2512076	0.19228145	-0.23500852	1.0000001	-0.12951374	0.246068	-0.4547971	0.14118525	-0.46220204	0.17154631	0.13446084	-0.29298785	-0.12159653	-0.24433972	0.19701803	0.17256503	0.24438931	0.044541985	0.13973166	0.14474417	0.27215084	-0.18204783	-0.41447106	-0.38921234	-0.14488505
-0.1433045	-0.1928626	0.14348263	-0.12951374	1.0000002	-0.18694834	0.0743881	-0.31215104	0.17549406	0.111955866	-0.48040414	0.16393338	0.24279773	0.11666237	-0.24707842	-0.4229873	-0.20675941	-0.43927753	-0.10744417	0.16807689	-0.14494626	0.10249635	0.17593777	0.17271487	0.14204024
0.21925488	0.18357551	-0.18230873	0.246068	-0.18694834	1.0000004	-0.31775317	0.23016596	-0.46604624	0.06147013	0.24769245	-0.19968134	-0.33703196	-0.36777794	0.18823618	0.21507332	0.16839518	0.13238569	0.14260334	-0.04592957	0.241448	-0.11003063	-0.33073324	-0.17650291	-0.12361428
-0.31170133	-0.29669723	0.21127899	-0.4547971	0.0743881	-0.31775317	1.0000002	-0.10385176	0.25659794	-0.33066294	-0.19691637	0.23578328	0.15229979	0.25879112	-0.28121915	-0.14419083	-0.18925047	0.028806122	-0.17177077	-0.2409401	-0.34497538	0.22099736	0.25118575	0.25684184	0.1711273
0.043453123	0.063946	-0.05709165	0.14118525	-0.31215104	0.23016596	-0.10385176	1.0000004	-0.2400688	-0.22548528	0.28629872	-0.03698756	-0.5021552	-0.0430226	0.08928712	0.19087419	0.034435045	0.23170002	0.075393386	-0.2371573	0.13038205	0.0031052753	-0.29099005	-0.18260433	-0.015135776
-0.3634207	-0.15558675	0.18313773	-0.46220204	0.17549406	-0.46604624	0.25659794	-0.2400688	1.0000001	-0.07764739	-0.225812	0.19319116	0.18766122	0.25577793	-0.13762598	-0.2307002	-0.26546246	-0.14550292	-0.07791362	-0.06222669	-0.40103522	0.14197007	0.23175357	0.28017548	0.112338364
0.19943032	0.13761073	-0.16176838	0.17154631	0.111955866	0.06147013	-0.33066294	-0.22548528	-0.07764739	1.0000002	-0.12721653	-0.22813873	0.07719234	-0.24305831	0.1643417	0.026986169	0.17421405	-0.3064316	0.09928458	0.2814356	0.16497749	-0.26560503	-0.20254163	-0.208442	-0.16849254
0.12069995	0.16596578	-0.12956712	0.13446084	-0.48040414	0.24769245	-0.19691637	0.28629872	-0.225812	-0.12721653	1.0000004	-0.19930468	-0.4608933	-0.11411274	0.17763932	0.2603127	0.11302617	0.24647552	0.13426487	-0.23106515	0.17701855	-0.09748177	-0.1855878	-0.18054786	-0.11545767
-0.22381938	-0.3007907	0.27356315	-0.29298785	0.16393338	-0.19968134	0.23578328	-0.03698756	0.19319116	-0.22813873	-0.19930468	1.0000002	0.08659471	0.21595804	-0.35168812	-0.24137677	-0.5067105	-0.124821655	-0.40624198	-0.12022427	-0.23026212	0.28490138	0.2684517	0.22205815	0.27726448
-0.13420852	-0.15409598	0.09537684	-0.12159653	0.24279773	-0.33703196	0.15229979	-0.5021552	0.18766122	0.07719234	-0.4608933	0.08659471	1.0000002	0.10335991	-0.24476622	-0.31833243	-0.024285488	-0.13737793	-0.13205646	0.11021996	-0.25866747	0.094899885	0.18181154	0.16721396	0.075478904
-0.5484923	-0.18603477	0.19029641	-0.24433972	0.11666237	-0.36777794	0.25879112	-0.0430226	0.25577793	-0.24305831	-0.11411274	0.21595804	0.10335991	1.0000002	-0.24729875	-0.3117447	-0.2993259	0.019021554	-0.06987359	-0.2545523	-0.28175724	0.23981242	0.18646549	0.26025742	0.11972266
0.20489149	0.21998955	-0.14623491	0.19701803	-0.24707842	0.18823618	-0.28121915	0.08928712	-0.13762598	0.1643417	0.17763932	-0.35168812	-0.24476622	-0.24729875	1.0000001	0.25112128	0.24281107	0.09343944	0.22912185	0.08175249	0.21690767	-0.53228074	-0.39438266	-0.19414842	-0.292874
0.23244038	0.23324081	-0.2682221	0.17256503	-0.4229873	0.21507332	-0.14419083	0.19087419	-0.2307002	0.026986169	0.2603127	-0.24137677	-0.31833243	-0.3117447	0.25112128	0.99999994	0.2423956	0.20637538	0.19983207	-0.07827786	0.2399062	-0.34400824	-0.20251009	-0.34137705	-0.26767603
0.25266945	0.26186228	-0.4104432	0.24438931	-0.20675941	0.16839518	-0.18925047	0.034435045	-0.26546246	0.17421405	0.11302617	-0.5067105	-0.024285488	-0.2993259	0.24281107	0.2423956	0.9999997	0.10597461	0.23921418	0.082648076	0.2264516	-0.3317467	-0.2954433	-0.3101933	-0.29754326
-0.013780667	0.11088626	-0.15259926	0.044541985	-0.43927753	0.13238569	0.028806122	0.23170002	-0.14550292	-0.3064316	0.24647552	-0.124821655	-0.13737793	0.019021554	0.09343944	0.20637538	0.10597461	0.99999964	0.15616772	-0.39583194	0.047883216	-0.023356626	-0.201479	-0.10637825	-0.18539561
0.10670382	0.28803712	-0.39690828	0.13973166	-0.10744417	0.14260334	-0.17177077	0.075393386	-0.07791362	0.09928458	0.13426487	-0.40624198	-0.13205646	-0.06987359	0.22912185	0.19983207	0.23921418	0.15616772	0.9999998	-0.09614333	0.11603922	-0.31514734	-0.2861971	-0.10472397	-0.5643578
0.17611839	0.008903092	-0.015398492	0.14474417	0.16807689	-0.04592957	-0.2409401	-0.2371573	-0.06222669	0.2814356	-0.23106515	-0.12022427	0.11021996	-0.2545523	0.08175249	-0.07827786	0.082648076	-0.39583194	-0.09614333	0.9999999	0.118866235	-0.18852581	-0.06571085	-0.14648858	0.031513035
0.28651512	0.19543745	-0.19298239	0.27215084	-0.14494626	0.241448	-0.34497538	0.13038205	-0.40103522	0.16497749	0.17701855	-0.23026212	-0.25866747	-0.28175724	0.21690767	0.2399062	0.2264516	0.047883216	0.11603922	0.118866235	0.99999964	-0.2484856	-0.17554145	-0.5339664	-0.18520655
-0.313896	-0.26142067	0.22507389	-0.18204783	0.10249635	-0.11003063	0.22099736	0.0031052753	0.14197007	-0.26560503	-0.09748177	0.28490138	0.094899885	0.23981242	-0.53228074	-0.34400824	-0.3317467	-0.023356626	-0.31514734	-0.18852581	-0.2484856	0.9999996	0.22192124	0.22126186	0.25234634
-0.14073902	-0.2138061	0.20162909	-0.41447106	0.17593777	-0.33073324	0.25118575	-0.29099005	0.23175357	-0.20254163	-0.1855878	0.2684517	0.18181154	0.18646549	-0.39438266	-0.20251009	-0.2954433	-0.201479	-0.2861971	-0.06571085	-0.17554145	0.22192124	0.99999946	0.21366373	0.1996529
-0.37358707	-0.15858486	0.19485486	-0.38921234	0.17271487	-0.17650291	0.25684184	-0.18260433	0.28017548	-0.208442	-0.18054786	0.22205815	0.16721396	0.26025742	-0.19414842	-0.34137705	-0.3101933	-0.10637825	-0.10472397	-0.14648858	-0.5339664	0.22126186	0.21366373	0.9999994	0.14149034
-0.15327136	-0.49453706	0.29469216	-0.14488505	0.14204024	-0.12361428	0.1711273	-0.015135776	0.112338364	-0.16849254	-0.11545767	0.27726448	0.075478904	0.11972266	-0.292874	-0.26767603	-0.29754326	-0.18539561	-0.5643578	0.031513035	-0.18520655	0.25234634	0.1996529	0.14149034	0.9999994
