1.0000001	-0.14482778	0.16832253	-0.17315583	0.30462655	0.0527006	0.08601722	0.27574506	0.12602267	0.28187683	0.18361405	-0.50142676	-0.426454	-0.18952611	0.2095176	-0.26535225	-0.28008246	0.2022961	0.21614055	0.2838031	-0.3334765	-0.16557197	0.02061496	-0.39134994	-0.19746138
-0.14482778	1.0	0.10788127	0.25351298	-0.044805944	-0.33301958	0.18262453	-0.14420968	0.07720106	-0.17682438	0.11754295	0.1802013	0.028921317	-0.0015155991	-0.44704768	0.20329349	0.08422198	-0.41051129	-0.09344049	-0.22101033	-0.15865014	-0.06097848	-0.39483982	0.09390547	0.2759973
0.16832253	0.10788127	0.9999999	0.017146446	0.22675131	-0.35764092	0.28994122	0.16805413	0.2817697	0.11829995	0.22908126	-0.12687974	-0.25484458	-0.41431245	-0.03870751	-0.00081951416	-0.37059206	0.031055769	0.045923766	0.18485418	-0.21812491	-0.28747717	-0.18938266	-0.24660243	0.009609835
-0.17315583	0.25351298	0.017146446	0.9999999	-0.1467413	-0.20570736	0.13314642	-0.34782058	0.075695604	-0.30800933	-0.059996907	0.23396191	0.10164245	0.09664826	-0.39663994	0.29688126	0.13189688	-0.39241546	-0.3875691	-0.29910135	0.044226047	0.016684689	-0.36285216	0.22482023	0.3143656
0.30462655	-0.044805944	0.22675131	-0.1467413	0.9999999	-0.048744038	0.14683428	0.26764452	0.14692487	0.25615457	0.20022564	-0.37945777	-0.50101554	-0.338964	0.18050201	-0.2733832	-0.2888059	0.16442247	0.17217585	0.28067526	-0.281354	-0.13002862	-0.026343655	-0.33704412	-0.17245954
0.0527006	-0.33301958	-0.35764092	-0.20570736	-0.048744038	0.9999999	-0.45723495	0.07337023	-0.29221696	0.12707026	-0.052123256	-0.13076174	0.025822822	0.11278638	0.20346472	-0.32600102	0.04525599	0.19283935	0.17387287	0.030479634	0.04089525	0.123301215	0.28532252	-0.057912122	-0.2614532
0.08601722	0.18262453	0.28994122	0.13314642	0.14683428	-0.45723495	0.9999998	0.06412912	0.29693073	-0.016780335	0.18604021	-0.02028228	-0.21044044	-0.32468697	-0.094726056	0.13257977	-0.2301415	-0.116550654	-0.096575625	0.09441158	-0.19573212	-0.3172278	-0.3727971	-0.093233146	0.13931166
0.27574506	-0.14420968	0.16805413	-0.34782058	0.26764452	0.07337023	0.06412912	0.99999976	0.11732507	0.27733085	0.19040564	-0.37133184	-0.1935665	-0.37818936	0.21537125	-0.29403803	-0.2942042	0.23235746	0.27132043	0.29939762	-0.292815	-0.17020883	0.08937294	-0.3832396	-0.24961552
0.12602267	0.07720106	0.2817697	0.075695604	0.14692487	-0.29221696	0.29693073	0.11732507	0.9999998	0.09200955	0.21113226	-0.10063367	-0.18585503	-0.2768836	0.0020305854	0.079346836	-0.37824738	-0.035055544	-0.024385398	0.15807803	-0.16265754	-0.5142963	-0.30848062	-0.16218528	0.04511844
0.28187683	-0.17682438	0.11829995	-0.30800933	0.25615457	0.12707026	-0.016780335	0.27733085	0.09200955	0.9999999	0.1364878	-0.3996284	-0.32578176	-0.14972779	0.2633947	-0.3029097	-0.3153018	0.2709011	0.25226468	0.28828025	-0.126033	-0.21998924	0.13441788	-0.42447674	-0.39545032
0.18361405	0.11754295	0.22908126	-0.059996907	0.20022564	-0.052123256	0.18604021	0.19040564	0.21113226	0.1364878	0.9999999	-0.09911279	-0.25928086	-0.41460153	0.009706163	-0.16519946	-0.22901446	0.012678758	0.17024364	0.18908347	-0.4889725	-0.45097947	-0.16311432	-0.18383619	-0.038951635
-0.50142676	0.1802013	-0.12687974	0.23396191	-0.37945777	-0.13076174	-0.02028228	-0.37133184	-0.10063367	-0.3996284	-0.09911279	0.9999998	0.25206274	0.1841529	-0.26091763	0.26196268	0.24694501	-0.36412242	-0.2945806	-0.31799287	0.16391373	0.14128877	-0.10730578	0.2926585	0.25374913
-0.426454	0.028921317	-0.25484458	0.10164245	-0.50101554	0.025822822	-0.21044044	-0.1935665	-0.18585503	-0.32578176	-0.25928086	0.25206274	0.99999994	0.2405599	-0.27697197	0.16232142	0.27393913	-0.15575045	-0.07404146	-0.3408104	0.20639186	0.19233137	0.068727665	0.23200981	0.1394316
-0.18952611	-0.0015155991	-0.41431245	0.09664826	-0.338964	0.11278638	-0.32468697	-0.37818936	-0.2768836	-0.14972779	-0.41460153	0.1841529	0.2405599	0.99999994	-0.09955213	0.096974835	0.2810943	-0.123245314	-0.170484	-0.33484432	0.25613952	0.26371637	0.0861293	0.23362927	0.07893295
0.2095176	-0.44704768	-0.03870751	-0.39663994	0.18050201	0.20346472	-0.094726056	0.21537125	0.0020305854	0.2633947	0.009706163	-0.26091763	-0.27697197	-0.09955213	1.0	-0.30768275	-0.26207694	0.30166283	0.183982	0.25712234	-0.02481882	-0.09417743	0.19813646	-0.16177484	-0.3698965
-0.26535225	0.20329349	-0.00081951416	0.29688126	-0.2733832	-0.32600102	0.13257977	-0.29403803	0.079346836	-0.3029097	-0.16519946	0.26196268	0.16232142	0.096974835	-0.30768275	1.0	0.12961762	-0.37821633	-0.39871687	-0.24041387	0.1311756	0.050682206	-0.29357854	0.24165583	0.29227695
-0.28008246	0.08422198	-0.37059206	0.13189688	-0.2888059	0.04525599	-0.2301415	-0.2942042	-0.37824738	-0.3153018	-0.22901446	0.24694501	0.27393913	0.2810943	-0.26207694	0.12961762	0.99999994	-0.22293745	-0.18162173	-0.39516437	0.20432226	0.26669478	0.05769215	0.26214212	0.16314723
0.2022961	-0.41051129	0.031055769	-0.39241546	0.16442247	0.19283935	-0.116550654	0.23235746	-0.035055544	0.2709011	0.012678758	-0.36412242	-0.15575045	-0.123245314	0.30166283	-0.37821633	-0.22293745	0.9999999	0.21296683	0.25068	0.003518921	-0.056535657	0.23345919	-0.19778796	-0.47087863
0.21614055	-0.09344049	0.045923766	-0.3875691	0.17217585	0.17387287	-0.096575625	0.27132043	-0.024385398	0.25226468	0.17024364	-0.2945806	-0.07404146	-0.170484	0.183982	-0.39871687	-0.18162173	0.21296683	1.0	0.23334815	-0.31325123	-0.17591539	0.15878871	-0.4057425	-0.29009897
0.2838031	-0.22101033	0.18485418	-0.29910135	0.28067526	0.030479634	0.09441158	0.29939762	0.15807803	0.28828025	0.18908347	-0.31799287	-0.3408104	-0.33484432	0.25712234	-0.24041387	-0.39516437	0.25068	0.23334815	0.9999999	-0.27040893	-0.22719097	0.05158156	-0.32864133	-0.32588935
-0.3334765	-0.15865014	-0.21812491	0.044226047	-0.281354	0.04089525	-0.19573212	-0.292815	-0.16265754	-0.126033	-0.4889725	0.16391373	0.20639186	0.25613952	-0.02481882	0.1311756	0.20432226	0.003518921	-0.31325123	-0.27040893	0.99999976	0.23142989	0.120244585	0.22149788	0.012718128
-0.16557197	-0.06097848	-0.28747717	0.016684689	-0.13002862	0.123301215	-0.3172278	-0.17020883	-0.5142963	-0.21998924	-0.45097947	0.14128877	0.19233137	0.26371637	-0.09417743	0.050682206	0.26669478	-0.056535657	-0.17591539	-0.22719097	0.23142989	0.99999976	0.1570892	0.18885703	0.00803957
0.02061496	-0.39483982	-0.18938266	-0.36285216	-0.026343655	0.28532252	-0.3727971	0.08937294	-0.30848062	0.13441788	-0.16311432	-0.10730578	0.068727665	0.0861293	0.19813646	-0.29357854	0.05769215	0.23345919	0.15878871	0.05158156	0.120244585	0.1570892	0.9999996	-0.13002296	-0.3309401
-0.39134994	0.09390547	-0.24660243	0.22482023	-0.33704412	-0.057912122	-0.093233146	-0.3832396	-0.16218528	-0.42447674	-0.18383619	0.2926585	0.23200981	0.23362927	-0.16177484	0.24165583	0.26214212	-0.19778796	-0.4057425	-0.32864133	0.22149788	0.18885703	-0.13002296	0.99999964	0.22194725
-0.19746138	0.2759973	0.009609835	0.3143656	-0.17245954	-0.2614532	0.13931166	-0.24961552	0.04511844	-0.39545032	-0.038951635	0.25374913	0.1394316	0.07893295	-0.3698965	0.29227695	0.16314723	-0.47087863	-0.29009897	-0.32588935	0.012718128	0.00803957	-0.3309401	0.22194725	0.99999964
