1.0	0.27411652	0.100155495	-0.37650067	-0.09802672	0.19754754	0.16517973	0.24150838	0.22307815	-0.48806885	-0.32591763	-0.3426209	0.28073445	0.30281955	0.26245323	-0.35618743	0.27391127	-0.28620863	-0.3286651	0.30008566	0.29314366	-0.33080095	-0.33452317	-0.33630866	-0.07392235
0.27411652	1.0000001	-0.03130341	-0.3277659	-0.30846766	0.27833322	0.26383886	0.2866352	0.2503205	-0.27215	-0.28990105	-0.49446908	0.20227459	0.24532746	0.22690085	-0.25156006	0.27866176	-0.39828497	-0.27131015	0.30952325	0.29786792	-0.3224524	-0.4199058	-0.2945211	0.07411883
0.100155495	-0.03130341	0.9999999	-0.056272775	0.17233852	-0.18893693	-0.3091931	0.016566217	-0.11995214	-0.14447467	0.0676025	-0.02565364	0.173779	0.14368166	0.17590892	-0.023827216	0.013894229	-0.0015232495	-0.069563724	0.027951516	-0.020820418	-0.080749735	-0.018710217	-0.2614567	-0.6218299
-0.37650067	-0.3277659	-0.056272775	0.9999999	0.13989407	-0.2694242	-0.20152166	-0.44273704	-0.13735746	0.22123273	0.24112277	0.23846886	-0.2772448	-0.18268077	-0.15316698	0.24978659	-0.51156473	0.3060262	0.18524705	-0.36663806	-0.3466017	0.26805735	0.29657972	0.217079	0.065125704
-0.09802672	-0.30846766	0.17233852	0.13989407	0.9999998	-0.38681194	-0.37805253	-0.38928622	-0.30591056	0.12504677	0.2038907	0.22760631	-0.0102959415	-0.09087986	-0.17059624	0.22303244	-0.16209105	0.22279994	0.15194742	-0.3084695	-0.22673042	0.19324799	0.21509314	0.06282826	-0.3596902
0.19754754	0.27833322	-0.18893693	-0.2694242	-0.38681194	0.9999999	0.29523873	0.29083318	0.2723974	-0.12726875	-0.36173895	-0.34945863	0.10378065	0.15172262	0.12316357	-0.42444462	0.25354785	-0.34933016	-0.1232427	0.2596998	0.25702327	-0.2753134	-0.36516136	-0.12471997	0.1463313
0.16517973	0.26383886	-0.3091931	-0.20152166	-0.37805253	0.29523873	0.9999999	0.23710197	0.28482836	-0.1486048	-0.26931378	-0.29757047	0.081985325	0.1361511	0.08708589	-0.24803634	0.22820956	-0.32281154	-0.22619157	0.24122863	0.25439128	-0.30509263	-0.28329653	-0.07454156	0.21484031
0.24150838	0.2866352	0.016566217	-0.44273704	-0.38928622	0.29083318	0.23710197	0.99999976	0.23003252	-0.19106837	-0.28634074	-0.3326618	0.15358987	0.19457701	0.16632232	-0.38943824	0.2899821	-0.41865376	-0.118839785	0.28710923	0.2650418	-0.2895211	-0.3483639	-0.17995681	-0.006177198
0.22307815	0.2503205	-0.11995214	-0.13735746	-0.30591056	0.2723974	0.28482836	0.23003252	0.9999999	-0.26963863	-0.33905476	-0.19635959	0.16444848	0.19409603	0.16848671	-0.44023928	0.23584068	-0.2777142	-0.2852988	0.27382118	0.2812933	-0.3455394	-0.3660391	-0.13823713	0.13825281
-0.48806885	-0.27215	-0.14447467	0.22123273	0.12504677	-0.12726875	-0.1486048	-0.19106837	-0.26963863	0.9999998	0.23623468	0.26197615	-0.31591123	-0.4843232	-0.38853207	0.24945667	-0.25518948	0.23957433	0.2933722	-0.36753032	-0.3087353	0.29615146	0.25084382	0.30230004	0.05763352
-0.32591763	-0.28990105	0.0676025	0.24112277	0.2038907	-0.36173895	-0.26931378	-0.28634074	-0.33905476	0.23623468	0.9999997	0.2340291	-0.3458602	-0.3970832	-0.07690169	0.2535925	-0.33496934	0.2728622	0.22092353	-0.3264219	-0.27269864	0.2871405	0.28548086	0.18267994	-0.14333369
-0.3426209	-0.49446908	-0.02565364	0.23846886	0.22760631	-0.34945863	-0.29757047	-0.3326618	-0.19635959	0.26197615	0.2340291	0.99999964	-0.15674518	-0.35434306	-0.39390507	0.2723628	-0.23303112	0.28129736	0.23792353	-0.3030459	-0.27763617	0.28241044	0.27532995	0.24683705	-0.048170436
0.28073445	0.20227459	0.173779	-0.2772448	-0.0102959415	0.10378065	0.081985325	0.15358987	0.16444848	-0.31591123	-0.3458602	-0.15674518	0.9999996	0.29241827	0.24051218	-0.1771252	0.23301168	-0.23828861	-0.45558494	0.24912985	0.24811365	-0.3668506	-0.2709446	-0.42761856	-0.15364222
0.30281955	0.24532746	0.14368166	-0.18268077	-0.09087986	0.15172262	0.1361511	0.19457701	0.19409603	-0.4843232	-0.3970832	-0.35434306	0.29241827	0.9999996	0.26915774	-0.23405285	0.22176148	-0.24239147	-0.3455878	0.26985952	0.2521961	-0.37677723	-0.23004045	-0.39067483	-0.11339296
0.26245323	0.22690085	0.17590892	-0.15316698	-0.17059624	0.12316357	0.08708589	0.16632232	0.16848671	-0.38853207	-0.07690169	-0.39390507	0.24051218	0.26915774	0.99999946	-0.30296418	0.16819623	-0.21205634	-0.4228232	0.24158403	0.2429345	-0.2961764	-0.1856107	-0.45811412	-0.11484614
-0.35618743	-0.25156006	-0.023827216	0.24978659	0.22303244	-0.42444462	-0.24803634	-0.38943824	-0.44023928	0.24945667	0.2535925	0.2723628	-0.1771252	-0.23405285	-0.30296418	0.9999995	-0.26735005	0.2924482	0.22164975	-0.33043197	-0.39838147	0.28739113	0.30001584	0.22337896	-0.005948413
0.27391127	0.27866176	0.013894229	-0.51156473	-0.16209105	0.25354785	0.22820956	0.2899821	0.23584068	-0.25518948	-0.33496934	-0.23303112	0.23301168	0.22176148	0.16819623	-0.26735005	0.9999993	-0.46557698	-0.18003295	0.2937562	0.28621048	-0.36806485	-0.4106573	-0.20728402	-0.028889544
-0.28620863	-0.39828497	-0.0015232495	0.3060262	0.22279994	-0.34933016	-0.32281154	-0.41865376	-0.2777142	0.23957433	0.2728622	0.28129736	-0.23828861	-0.24239147	-0.21205634	0.2924482	-0.46557698	0.9999993	0.21718678	-0.3317397	-0.40593392	0.3011663	0.32245392	0.22077946	-0.012544124
-0.3286651	-0.27131015	-0.069563724	0.18524705	0.15194742	-0.1232427	-0.22619157	-0.118839785	-0.2852988	0.2933722	0.22092353	0.23792353	-0.45558494	-0.3455878	-0.4228232	0.22164975	-0.18003295	0.21718678	0.99999946	-0.28366837	-0.41557783	0.2833108	0.22934401	0.28124952	-0.046103436
0.30008566	0.30952325	0.027951516	-0.36663806	-0.3084695	0.2596998	0.24122863	0.28710923	0.27382118	-0.36753032	-0.3264219	-0.3030459	0.24912985	0.26985952	0.24158403	-0.33043197	0.2937562	-0.3317397	-0.28366837	0.9999994	0.31315517	-0.39200556	-0.4040531	-0.34480324	0.029680012
0.29314366	0.29786792	-0.020820418	-0.3466017	-0.22673042	0.25702327	0.25439128	0.2650418	0.2812933	-0.3087353	-0.27269864	-0.27763617	0.24811365	0.2521961	0.2429345	-0.39838147	0.28621048	-0.40593392	-0.41557783	0.31315517	0.99999917	-0.33140656	-0.36099824	-0.31992704	0.051288832
-0.33080095	-0.3224524	-0.080749735	0.26805735	0.19324799	-0.2753134	-0.30509263	-0.2895211	-0.3455394	0.29615146	0.2871405	0.28241044	-0.3668506	-0.37677723	-0.2961764	0.28739113	-0.36806485	0.3011663	0.2833108	-0.39200556	-0.33140656	0.9999991	0.30918625	0.2736975	0.0031323053
-0.33452317	-0.4199058	-0.018710217	0.29657972	0.21509314	-0.36516136	-0.28329653	-0.3483639	-0.3660391	0.25084382	0.28548086	0.27532995	-0.2709446	-0.23004045	-0.1856107	0.30001584	-0.4106573	0.32245392	0.22934401	-0.4040531	-0.36099824	0.30918625	0.99999905	0.23066318	-0.010366341
-0.33630866	-0.2945211	-0.2614567	0.217079	0.06282826	-0.12471997	-0.07454156	-0.17995681	-0.13823713	0.30230004	0.18267994	0.24683705	-0.42761856	-0.39067483	-0.45811412	0.22337896	-0.20728402	0.22077946	0.28124952	-0.34480324	-0.31992704	0.2736975	0.23066318	0.99999905	0.14048657
-0.07392235	0.07411883	-0.6218299	0.065125704	-0.3596902	0.1463313	0.21484031	-0.006177198	0.13825281	0.05763352	-0.14333369	-0.048170436	-0.15364222	-0.11339296	-0.11484614	-0.005948413	-0.028889544	-0.012544124	-0.046103436	0.029680012	0.051288832	0.0031323053	-0.010366341	0.14048657	0.99999905
