1.0000001	-0.3459366	0.0646204	0.24345219	0.25791848	-0.20960832	-0.21615304	-0.37481788	0.19035417	-0.3169972	0.25830555	0.21494587	-0.41951862	-0.3176457	0.24872334	-0.06869976	0.12724951	-0.18787569	-0.3498811	0.22775738	-0.29296145	-0.08067962	0.3125524	0.097142376	0.28410235
-0.3459366	1.0	0.0119014485	-0.4908099	-0.30284494	0.24473481	0.299313	0.2913785	-0.22411834	0.19908804	-0.2796418	-0.31527868	0.22580802	0.28843316	-0.23947582	0.1315271	-0.192926	0.19360359	0.2166987	-0.30237845	0.24518766	0.00049818715	-0.36578098	-0.20147924	-0.37190863
0.0646204	0.0119014485	1.0000002	-0.100457005	0.18482183	0.042756587	0.055492822	-0.0067841723	-0.21717902	-0.23946498	0.17120118	-0.014723254	-0.23074596	0.08173912	-0.0097429	0.225604	-0.093860224	0.10382085	0.043607295	-0.120984346	0.019560987	-0.72080106	0.08905337	-0.22236429	0.065777704
0.24345219	-0.4908099	-0.100457005	1.0000004	0.18760926	-0.37315667	-0.40656647	-0.31266376	0.25620955	-0.13065444	0.15511833	0.273376	-0.18216555	-0.3875489	0.16076997	-0.22637174	0.19755606	-0.23740375	-0.16508828	0.27415115	-0.18022966	0.0635916	0.23029324	0.19954634	0.26549685
0.25791848	-0.30284494	0.18482183	0.18760926	1.0000004	-0.14536667	-0.17446275	-0.18133405	0.05767327	-0.49262723	0.27785364	0.15136364	-0.34237772	-0.2036668	0.13479719	0.0075296736	0.03648199	-0.0806362	-0.06669466	0.118307486	-0.25989679	-0.252765	0.24586253	0.049677063	0.25868964
-0.20960832	0.24473481	0.042756587	-0.37315667	-0.14536667	1.0000005	0.26990488	0.23801059	-0.33857158	0.046131987	-0.0952285	-0.54378605	0.073519334	0.2548804	-0.23153184	0.08962801	-0.42175972	0.17701872	0.2296585	-0.26790592	0.24947621	-0.054587297	-0.19837989	-0.06279018	-0.17559506
-0.21615304	0.299313	0.055492822	-0.40656647	-0.17446275	0.26990488	1.0000004	0.27546084	-0.23502176	0.10732109	-0.12760916	-0.39995962	0.14039299	0.2905206	-0.2840319	0.15527028	-0.32539362	0.23063378	0.22462852	-0.32152566	0.27921253	-0.07413852	-0.3228386	-0.22281851	-0.4454667
-0.37481788	0.2913785	-0.0067841723	-0.31266376	-0.18133405	0.23801059	0.27546084	1.0000001	-0.28910822	0.17612728	-0.22292046	-0.3155891	0.21728699	0.25361082	-0.35900238	0.04074589	-0.12552896	0.16251695	0.28284198	-0.40079206	0.22429246	0.0095252795	-0.39449814	-0.06703947	-0.38095218
0.19035417	-0.22411834	-0.21717902	0.25620955	0.05767327	-0.33857158	-0.23502176	-0.28910822	1.0000001	-0.033629023	0.08475653	0.25493118	-0.075012386	-0.40213946	0.06502093	-0.38124713	0.2397279	-0.4474921	-0.17010792	0.28667286	-0.24250652	0.13576826	0.12381363	0.25981864	0.1959345
-0.3169972	0.19908804	-0.23946498	-0.13065444	-0.49262723	0.046131987	0.10732109	0.17612728	-0.033629023	1.0	-0.5296053	-0.07373506	0.31257492	0.08698737	-0.23444165	-0.08147106	0.050525818	0.053076454	0.107690595	-0.026113436	0.08241091	0.20866327	-0.29593247	0.0054161903	-0.2514723
0.25830555	-0.2796418	0.17120118	0.15511833	0.27785364	-0.0952285	-0.12760916	-0.22292046	0.08475653	-0.5296053	1.0000001	0.09304386	-0.5367124	-0.13599944	0.19412231	0.0522252	-0.05305405	-0.015187337	-0.1344675	0.030084366	-0.05729175	-0.22042538	0.25171977	-0.018521661	0.20782845
0.21494587	-0.31527868	-0.014723254	0.273376	0.15136364	-0.54378605	-0.39995962	-0.3155891	0.25493118	-0.07373506	0.09304386	1.0000002	-0.056289546	-0.31523874	0.1691236	-0.113598175	0.26691046	-0.27631974	-0.28966182	0.2734891	-0.33917692	0.012403449	0.21439753	0.12696102	0.24778654
-0.41951862	0.22580802	-0.23074596	-0.18216555	-0.34237772	0.073519334	0.14039299	0.21728699	-0.075012386	0.31257492	-0.5367124	-0.056289546	1.0000001	0.12645099	-0.28060228	-0.03095877	0.029987428	0.034862194	0.15956885	-0.0944522	0.09429967	0.17986302	-0.37413663	-0.008062525	-0.23933294
-0.3176457	0.28843316	0.08173912	-0.3875489	-0.2036668	0.2548804	0.2905206	0.25361082	-0.40213946	0.08698737	-0.13599944	-0.31523874	0.12645099	1.0	-0.09437946	0.22445424	-0.335064	0.2893071	0.16548814	-0.39537573	0.28604227	-0.08341198	-0.20948519	-0.30521944	-0.36939204
0.24872334	-0.23947582	-0.0097429	0.16076997	0.13479719	-0.23153184	-0.2840319	-0.35900238	0.06502093	-0.23444165	0.19412231	0.1691236	-0.28060228	-0.09437946	0.99999994	0.0753383	0.08288111	0.02047034	-0.5918655	0.14398102	-0.13817066	0.01667656	0.28872105	-0.058461253	0.17608498
-0.06869976	0.1315271	0.225604	-0.22637174	0.0075296736	0.08962801	0.15527028	0.04074589	-0.38124713	-0.08147106	0.0522252	-0.113598175	-0.03095877	0.22445424	0.0753383	1.0	-0.23819652	0.27911445	-0.03197033	-0.27383298	0.16491643	-0.29746267	0.015930172	-0.6006679	-0.08832072
0.12724951	-0.192926	-0.093860224	0.19755606	0.03648199	-0.42175972	-0.32539362	-0.12552896	0.2397279	0.050525818	-0.05305405	0.26691046	0.029987428	-0.335064	0.08288111	-0.23819652	0.9999997	-0.31483203	-0.13612737	0.25316885	-0.53258926	0.13736309	0.10318755	0.19627668	0.1728732
-0.18787569	0.19360359	0.10382085	-0.23740375	-0.0806362	0.17701872	0.23063378	0.16251695	-0.4474921	0.053076454	-0.015187337	-0.27631974	0.034862194	0.2893071	0.02047034	0.27911445	-0.31483203	0.99999964	0.06251204	-0.41435558	0.24010377	-0.115096085	-0.10639188	-0.47237143	-0.2662933
-0.3498811	0.2166987	0.043607295	-0.16508828	-0.06669466	0.2296585	0.22462852	0.28284198	-0.17010792	0.107690595	-0.1344675	-0.28966182	0.15956885	0.16548814	-0.5918655	-0.03197033	-0.13612737	0.06251204	0.9999996	-0.27175042	0.17766555	-0.066972904	-0.3973214	-0.021092601	-0.17130083
0.22775738	-0.30237845	-0.120984346	0.27415115	0.118307486	-0.26790592	-0.32152566	-0.40079206	0.28667286	-0.026113436	0.030084366	0.2734891	-0.0944522	-0.39537573	0.14398102	-0.27383298	0.25316885	-0.41435558	-0.27175042	0.9999994	-0.3184704	0.12755212	0.20284632	0.2375865	0.24656631
-0.29296145	0.24518766	0.019560987	-0.18022966	-0.25989679	0.24947621	0.27921253	0.22429246	-0.24250652	0.08241091	-0.05729175	-0.33917692	0.09429967	0.28604227	-0.13817066	0.16491643	-0.53258926	0.24010377	0.17766555	-0.3184704	0.99999946	-0.055774942	-0.26380363	-0.2178001	-0.3732364
-0.08067962	0.00049818715	-0.72080106	0.0635916	-0.252765	-0.054587297	-0.07413852	0.0095252795	0.13576826	0.20866327	-0.22042538	0.012403449	0.17986302	-0.08341198	0.01667656	-0.29746267	0.13736309	-0.115096085	-0.066972904	0.12755212	-0.055774942	0.9999993	-0.09341365	0.17917034	-0.09181324
0.3125524	-0.36578098	0.08905337	0.23029324	0.24586253	-0.19837989	-0.3228386	-0.39449814	0.12381363	-0.29593247	0.25171977	0.21439753	-0.37413663	-0.20948519	0.28872105	0.015930172	0.10318755	-0.10639188	-0.3973214	0.20284632	-0.26380363	-0.09341365	0.99999934	0.02220579	0.28037977
0.097142376	-0.20147924	-0.22236429	0.19954634	0.049677063	-0.06279018	-0.22281851	-0.06703947	0.25981864	0.0054161903	-0.018521661	0.12696102	-0.008062525	-0.30521944	-0.058461253	-0.6006679	0.19627668	-0.47237143	-0.021092601	0.2375865	-0.2178001	0.17917034	0.02220579	0.99999934	0.15034887
0.28410235	-0.37190863	0.065777704	0.26549685	0.25868964	-0.17559506	-0.4454667	-0.38095218	0.1959345	-0.2514723	0.20782845	0.24778654	-0.23933294	-0.36939204	0.17608498	-0.08832072	0.1728732	-0.2662933	-0.17130083	0.24656631	-0.3732364	-0.09181324	0.28037977	0.15034887	0.99999934
