1.0000001	0.20851529	-0.018085191	-0.21617205	-0.05739937	0.18898469	-0.20459393	0.108985156	0.23382941	-0.04443536	0.045878652	0.23790751	-0.042741507	0.16387072	-0.066569306	0.051492468	0.24792083	-0.17225806	-0.32197618	-0.20292959	-0.32538444	-0.436761	-0.35825226	-0.14581604	-0.14783622
0.20851529	1.0	0.21832171	9.35277e-5	-0.3955875	-0.082803234	-0.31424153	-0.12359613	0.06750223	0.17673954	0.19395286	0.057352893	-0.1650531	0.28340945	-0.39160594	0.18349993	0.25108027	-0.45226836	-0.3055967	-0.2582466	-0.076261416	-0.15024243	-0.31985977	0.10662498	0.13755633
-0.018085191	0.21832171	0.99999976	0.2119519	-0.38904732	-0.24927196	-0.20069325	-0.37360138	-0.178477	0.27846828	0.22016631	-0.23106486	-0.3034404	0.24114835	-0.37457514	0.26463854	0.09598622	-0.42408302	-0.13151008	-0.13998318	0.16625349	0.099149354	-0.21237692	0.2723392	0.2393909
-0.21617205	9.35277e-5	0.2119519	0.9999996	-0.20755723	-0.313085	-0.14419976	-0.45998263	-0.26781854	0.2468794	0.21166287	-0.44605613	-0.28172705	0.079952486	-0.17728914	0.19167288	-0.110656306	-0.10068592	0.13731629	-0.16413367	0.2774775	0.22356147	0.094747685	0.27188957	0.21431303
-0.05739937	-0.3955875	-0.38904732	-0.20755723	0.9999995	0.1763366	0.26351592	0.23873566	0.12421995	-0.3500977	-0.4321865	0.12553711	0.22596043	-0.36593032	0.27835414	-0.27886882	-0.1895866	0.30267227	0.13304515	0.2768017	-0.09172145	-0.083621085	0.1851139	-0.2672895	-0.25124246
0.18898469	-0.082803234	-0.24927196	-0.313085	0.1763366	0.9999996	0.042747036	0.21246436	0.27098948	-0.35885543	-0.12718862	0.28285596	0.14975727	-0.09484108	0.21173394	-0.10384807	0.044857457	0.11280167	-0.119972594	0.09218579	-0.31661922	-0.114215165	-0.0827266	-0.39149493	-0.5541272
-0.20459393	-0.31424153	-0.20069325	-0.14419976	0.26351592	0.042747036	0.99999946	0.11234737	-0.026846837	-0.11548611	-0.39947793	-0.018783277	0.15210462	-0.45883915	0.18817587	-0.18183781	-0.4362244	0.24638255	0.21308354	0.27928182	0.0734872	-0.0034037777	0.23986201	-0.12784678	-0.13640152
0.108985156	-0.12359613	-0.37360138	-0.45998263	0.23873566	0.21246436	0.11234737	0.99999917	0.23845644	-0.37593362	-0.34569737	0.2688843	0.24837877	-0.122375004	0.19310749	-0.30643097	0.054936398	0.17854838	-0.084271014	0.15576926	-0.3209151	-0.21798949	-0.014878648	-0.2954634	-0.15157428
0.23382941	0.06750223	-0.178477	-0.26781854	0.12421995	0.27098948	-0.026846837	0.23845644	0.99999917	-0.20125115	-0.21146446	0.29602882	0.19716181	-0.04447282	0.10269479	-0.24344192	0.14820276	0.044183638	-0.1808374	0.03253554	-0.46139503	-0.23378614	-0.14023283	-0.3823784	-0.38587528
-0.04443536	0.17673954	0.27846828	0.2468794	-0.3500977	-0.35885543	-0.11548611	-0.37593362	-0.20125115	0.9999991	0.24133219	-0.2878891	-0.22022793	0.17791344	-0.40114456	0.210823	0.084802344	-0.28369987	-0.10310811	-0.36833364	0.20334789	0.10503832	-0.051252667	0.27874163	0.2666508
0.045878652	0.19395286	0.22016631	0.21166287	-0.4321865	-0.12718862	-0.39947793	-0.34569737	-0.21146446	0.24133219	0.99999917	-0.15863882	-0.16732284	0.24613488	-0.16758354	0.20898405	0.14215231	-0.26541728	-0.10796211	-0.49494827	0.09263206	0.07872206	-0.13612387	0.21600911	0.18434975
0.23790751	0.057352893	-0.23106486	-0.44605613	0.12553711	0.28285596	-0.018783277	0.2688843	0.29602882	-0.2878891	-0.15863882	0.9999992	0.16448647	-0.023982061	0.11463854	-0.14155917	0.16368577	0.025297625	-0.2747504	0.0418312	-0.43649077	-0.18980417	-0.19015266	-0.3218111	-0.2725635
-0.042741507	-0.1650531	-0.3034404	-0.28172705	0.22596043	0.14975727	0.15210462	0.24837877	0.19716181	-0.22022793	-0.16732284	0.16448647	0.9999992	-0.25119263	0.2214911	-0.6627757	-0.036532577	0.23614159	0.036727574	0.1661707	-0.23453577	-0.073062405	0.13570964	-0.37462652	-0.18341938
0.16387072	0.28340945	0.24114835	0.079952486	-0.36593032	-0.09484108	-0.45883915	-0.122375004	-0.04447282	0.17791344	0.24613488	-0.023982061	-0.25119263	0.9999993	-0.24882285	0.23683594	0.2284527	-0.43125382	-0.19643423	-0.29263216	-0.050069697	-0.057365634	-0.44003755	0.18428561	0.16617644
-0.066569306	-0.39160594	-0.37457514	-0.17728914	0.27835414	0.21173394	0.18817587	0.19310749	0.10269479	-0.40114456	-0.16758354	0.11463854	0.2214911	-0.24882285	0.9999993	-0.22862901	-0.23637474	0.279339	0.17526318	0.23592313	-0.16900046	0.021925818	0.18378651	-0.35008228	-0.33299565
0.051492468	0.18349993	0.26463854	0.19167288	-0.27886882	-0.10384807	-0.18183781	-0.30643097	-0.24344192	0.210823	0.20898405	-0.14155917	-0.6627757	0.23683594	-0.22862901	0.99999946	0.07259248	-0.3388814	-0.08572748	-0.18691285	0.14302504	0.06268185	-0.21174578	0.25336978	0.16303097
0.24792083	0.25108027	0.09598622	-0.110656306	-0.1895866	0.044857457	-0.4362244	0.054936398	0.14820276	0.084802344	0.14215231	0.16368577	-0.036532577	0.2284527	-0.23637474	0.07259248	0.9999995	-0.1811137	-0.5152192	-0.3092677	-0.22391082	-0.14878495	-0.32039765	-0.022610558	0.028975824
-0.17225806	-0.45226836	-0.42408302	-0.10068592	0.30267227	0.11280167	0.24638255	0.17854838	0.044183638	-0.28369987	-0.26541728	0.025297625	0.23614159	-0.43125382	0.279339	-0.3388814	-0.1811137	0.9999995	0.20066066	0.24126709	-0.022821462	0.03128886	0.258468	-0.19935085	-0.19835484
-0.32197618	-0.3055967	-0.13151008	0.13731629	0.13304515	-0.119972594	0.21308354	-0.084271014	-0.1808374	-0.10310811	-0.10796211	-0.2747504	0.036727574	-0.19643423	0.17526318	-0.08572748	-0.5152192	0.20066066	0.9999995	0.1938589	0.18459564	0.20434065	0.2814063	0.030204136	-0.03242938
-0.20292959	-0.2582466	-0.13998318	-0.16413367	0.2768017	0.09218579	0.27928182	0.15576926	0.03253554	-0.36833364	-0.49494827	0.0418312	0.1661707	-0.29263216	0.23592313	-0.18691285	-0.3092677	0.24126709	0.1938589	0.9999995	-0.02401754	-0.0280587	0.19226189	-0.20757449	-0.21357466
-0.32538444	-0.076261416	0.16625349	0.2774775	-0.09172145	-0.31661922	0.0734872	-0.3209151	-0.46139503	0.20334789	0.09263206	-0.43649077	-0.23453577	-0.050069697	-0.16900046	0.14302504	-0.22391082	-0.022821462	0.18459564	-0.02401754	0.9999996	0.20471516	0.15781881	0.25812566	0.22197913
-0.436761	-0.15024243	0.099149354	0.22356147	-0.083621085	-0.114215165	-0.0034037777	-0.21798949	-0.23378614	0.10503832	0.07872206	-0.18980417	-0.073062405	-0.057365634	0.021925818	0.06268185	-0.14878495	0.03128886	0.20434065	-0.0280587	0.20471516	0.9999993	0.17685698	0.13443063	0.062744565
-0.35825226	-0.31985977	-0.21237692	0.094747685	0.1851139	-0.0827266	0.23986201	-0.014878648	-0.14023283	-0.051252667	-0.13612387	-0.19015266	0.13570964	-0.44003755	0.18378651	-0.21174578	-0.32039765	0.258468	0.2814063	0.19226189	0.15781881	0.17685698	0.9999992	-0.08637696	-0.07760398
-0.14581604	0.10662498	0.2723392	0.27188957	-0.2672895	-0.39149493	-0.12784678	-0.2954634	-0.3823784	0.27874163	0.21600911	-0.3218111	-0.37462652	0.18428561	-0.35008228	0.25336978	-0.022610558	-0.19935085	0.030204136	-0.20757449	0.25812566	0.13443063	-0.08637696	0.9999992	0.29662344
-0.14783622	0.13755633	0.2393909	0.21431303	-0.25124246	-0.5541272	-0.13640152	-0.15157428	-0.38587528	0.2666508	0.18434975	-0.2725635	-0.18341938	0.16617644	-0.33299565	0.16303097	0.028975824	-0.19835484	-0.03242938	-0.21357466	0.22197913	0.062744565	-0.07760398	0.29662344	0.9999992
