1.0000001	0.0405662	-0.16206676	0.18130243	0.0088587	-0.31035396	-0.23577052	0.20196514	-0.20914641	-0.17416891	0.1864545	-0.058149327	0.08663103	-0.32646644	-0.334295	0.05884376	-0.15183884	-0.00037552096	0.10107693	0.28881666	0.17175244	-0.027872158	0.025141884	-0.010373994	-0.19552208
0.0405662	1.0000001	0.12945327	0.18981852	-0.4973373	-0.34997302	0.17285137	-0.03422714	-0.29495227	-0.27324843	-0.061001334	-0.37120178	-0.34311014	-0.35935345	-0.0067246724	-0.21052258	-0.00735103	0.28475052	-0.0025032395	-0.025856553	0.2148396	0.23971985	0.3051912	0.23603824	-0.21091458
-0.16206676	0.12945327	1.0000001	-0.043000497	-0.115778305	-0.15575603	0.23675199	-0.03344402	0.043089025	-0.20717432	-0.57879597	-0.15218654	-0.32929412	-0.11872106	0.03390978	-0.1991714	0.12234953	0.20955253	-0.16349019	-0.28209394	-0.027497947	0.16684724	0.17183362	0.21292363	-0.01642154
0.18130243	0.18981852	-0.043000497	1.0000001	-0.15770075	-0.2398291	-0.018388502	0.19970948	-0.15541863	-0.326886	0.12953591	-0.24689557	-0.22825766	-0.25416532	-0.3047662	-0.19536631	0.059379306	0.20537774	-0.09918868	0.10935416	0.107138425	0.18749477	0.2045166	0.19922565	-0.5660665
0.0088587	-0.4973373	-0.115778305	-0.15770075	1.0000002	0.19896856	-0.23563421	0.097991414	0.18944845	0.24998459	0.085649565	0.26903492	0.25062704	0.22679327	-0.08834038	0.1663977	0.03012789	-0.3139978	0.01380092	0.118706	-0.24880058	-0.28943995	-0.47416145	-0.26017067	0.13980046
-0.31035396	-0.34997302	-0.15575603	-0.2398291	0.19896856	1.0000004	-0.20248395	-0.061059054	0.18473972	0.284891	0.0636207	0.26187205	0.1289707	0.2783445	0.1125417	0.17460229	-0.07137881	-0.27666667	0.06738745	-0.13308504	-0.16217777	-0.27688152	-0.29172316	-0.29003426	0.24003963
-0.23577052	0.17285137	0.23675199	-0.018388502	-0.23563421	-0.20248395	1.0000002	-0.32507154	-0.08547942	-0.24889116	-0.4095206	-0.22135074	-0.12218961	-0.07798286	0.17548198	-0.15577435	0.09017974	0.22885707	-0.09672911	-0.297018	0.048561137	0.19409907	0.20631321	0.14228836	-0.043016125
0.20196514	-0.03422714	-0.03344402	0.19970948	0.097991414	-0.061059054	-0.32507154	1.0000001	0.021815335	-0.034260403	0.1644476	-0.045626916	-0.04269942	-0.06186639	-0.6320643	-0.049389943	-0.037253104	-0.03689544	-0.0069636726	0.18224004	-0.01243922	-0.022621073	-0.032775845	0.09033307	-0.32866478
-0.20914641	-0.29495227	0.043089025	-0.15541863	0.18944845	0.18473972	-0.08547942	0.021815335	1.0	0.21665531	-0.11976504	0.1756932	0.08325618	0.27295232	0.028746963	-0.080814846	0.2003125	-0.20200701	-0.29327348	-0.21549505	-0.54422414	-0.079339586	-0.18351547	-0.037499614	0.14763476
-0.17416891	-0.27324843	-0.20717432	-0.326886	0.24998459	0.284891	-0.24889116	-0.034260403	0.21665531	1.0	0.0539841	0.2890723	0.22095576	0.28136298	0.099025846	0.15743606	0.020741679	-0.4252204	0.056972004	-0.015552313	-0.25952062	-0.29342002	-0.37040454	-0.28392163	0.24643143
0.1864545	-0.061001334	-0.57879597	0.12953591	0.085649565	0.0636207	-0.4095206	0.1644476	-0.11976504	0.0539841	0.99999994	0.081060246	0.12278674	0.00887126	-0.21134003	0.14069216	-0.20251866	-0.16220413	0.13666643	0.2432234	0.06463244	-0.090897	-0.1017485	-0.13103919	-0.11879831
-0.058149327	-0.37120178	-0.15218654	-0.24689557	0.26903492	0.26187205	-0.22135074	-0.045626916	0.1756932	0.2890723	0.081060246	0.99999994	0.2470923	0.23582603	0.0774918	0.24015504	-0.1325674	-0.40732196	0.1225371	0.07376056	-0.22349621	-0.42497993	-0.3020222	-0.39104143	0.22694659
0.08663103	-0.34311014	-0.32929412	-0.22825766	0.25062704	0.1289707	-0.12218961	-0.04269942	0.08325618	0.22095576	0.12278674	0.2470923	0.9999998	0.13100615	0.03572351	0.188119	0.013923102	-0.38200995	0.06785907	0.15645312	-0.09164445	-0.23305292	-0.33115444	-0.45563573	0.13946272
-0.32646644	-0.35935345	-0.11872106	-0.25416532	0.22679327	0.2783445	-0.07798286	-0.06186639	0.27295232	0.28136298	0.00887126	0.23582603	0.13100615	0.99999964	0.10811442	0.05912999	0.10416746	-0.21889524	-0.091043055	-0.14187495	-0.39059857	-0.20002231	-0.3355161	-0.16468178	0.21677817
-0.334295	-0.0067246724	0.03390978	-0.3047662	-0.08834038	0.1125417	0.17548198	-0.6320643	0.028746963	0.099025846	-0.21134003	0.0774918	0.03572351	0.10811442	0.9999997	0.05969715	-0.00016487649	-0.04153903	0.044246074	-0.27883372	-0.027761785	-0.017974501	-0.011832544	-0.14026566	0.24296898
0.05884376	-0.21052258	-0.1991714	-0.19536631	0.1663977	0.17460229	-0.15577435	-0.049389943	-0.080814846	0.15743606	0.14069216	0.24015504	0.188119	0.05912999	0.05969715	0.99999964	-0.41750672	-0.30519843	0.28579292	0.16499633	0.09576139	-0.4457912	-0.29919505	-0.33573756	0.16968167
-0.15183884	-0.00735103	0.12234953	0.059379306	0.03012789	-0.07137881	0.09017974	-0.037253104	0.2003125	0.020741679	-0.20251866	-0.1325674	0.013923102	0.10416746	-0.00016487649	-0.41750672	0.9999996	0.0632193	-0.5420527	-0.17497353	-0.32967284	0.18304047	0.024194563	0.12884454	-0.08893977
-0.00037552096	0.28475052	0.20955253	0.20537774	-0.3139978	-0.27666667	0.22885707	-0.03689544	-0.20200701	-0.4252204	-0.16220413	-0.40732196	-0.38200995	-0.21889524	-0.04153903	-0.30519843	0.0632193	0.9999995	-0.15003441	-0.12239115	0.1432763	0.2901322	0.30792204	0.2873799	-0.26018676
0.10107693	-0.0025032395	-0.16349019	-0.09918868	0.01380092	0.06738745	-0.09672911	-0.0069636726	-0.29327348	0.056972004	0.13666643	0.1225371	0.06785907	-0.091043055	0.044246074	0.28579292	-0.5420527	-0.15003441	0.99999946	0.17178488	0.21026888	-0.31529826	-0.0944909	-0.28531173	0.07196138
0.28881666	-0.025856553	-0.28209394	0.10935416	0.118706	-0.13308504	-0.297018	0.18224004	-0.21549505	-0.015552313	0.2432234	0.07376056	0.15645312	-0.14187495	-0.27883372	0.16499633	-0.17497353	-0.12239115	0.17178488	0.9999992	0.14017212	-0.20682202	-0.14893274	-0.16030772	-0.14899604
0.17175244	0.2148396	-0.027497947	0.107138425	-0.24880058	-0.16217777	0.048561137	-0.01243922	-0.54422414	-0.25952062	0.06463244	-0.22349621	-0.09164445	-0.39059857	-0.027761785	0.09576139	-0.32967284	0.1432763	0.21026888	0.14017212	0.9999992	0.019615337	0.15520456	0.022035317	-0.12834387
-0.027872158	0.23971985	0.16684724	0.18749477	-0.28943995	-0.27688152	0.19409907	-0.022621073	-0.079339586	-0.29342002	-0.090897	-0.42497993	-0.23305292	-0.20002231	-0.017974501	-0.4457912	0.18304047	0.2901322	-0.31529826	-0.20682202	0.019615337	0.9999994	0.28437603	0.2909112	-0.20313093
0.025141884	0.3051912	0.17183362	0.2045166	-0.47416145	-0.29172316	0.20631321	-0.032775845	-0.18351547	-0.37040454	-0.1017485	-0.3020222	-0.33115444	-0.3355161	-0.011832544	-0.29919505	0.024194563	0.30792204	-0.0944909	-0.14893274	0.15520456	0.28437603	0.9999995	0.2685421	-0.25126377
-0.010373994	0.23603824	0.21292363	0.19922565	-0.26017067	-0.29003426	0.14228836	0.09033307	-0.037499614	-0.28392163	-0.13103919	-0.39104143	-0.45563573	-0.16468178	-0.14026566	-0.33573756	0.12884454	0.2873799	-0.28531173	-0.16030772	0.022035317	0.2909112	0.2685421	0.99999946	-0.18523853
-0.19552208	-0.21091458	-0.01642154	-0.5660665	0.13980046	0.24003963	-0.043016125	-0.32866478	0.14763476	0.24643143	-0.11879831	0.22694659	0.13946272	0.21677817	0.24296898	0.16968167	-0.08893977	-0.26018676	0.07196138	-0.14899604	-0.12834387	-0.20313093	-0.25126377	-0.18523853	0.99999946
