0.99999994	-0.096957	-0.05665087	0.18891913	0.26343662	0.15899722	0.19640046	0.1518586	0.11297856	-0.3514276	-0.18842834	0.099257804	-0.38790405	-0.46669173	-0.11528368	0.25921643	0.10030531	0.12925683	0.2710113	-0.35253158	-0.2777329	-0.4011741	-0.27538165	0.12412735	0.12626867
-0.096957	1.0000004	0.029995732	0.08744586	-0.14906701	-0.56805944	-0.5561498	-0.04239522	-0.05962156	0.1172802	0.018338379	-0.027617455	0.060153376	0.123141736	0.037994772	-0.3497198	-0.050922472	-0.062933385	-0.061204553	0.057046223	0.13230395	0.09831058	0.1708309	-0.11376043	-0.035666782
-0.05665087	0.029995732	1.0000005	-0.024618154	-0.20667966	-0.03717586	-0.04806538	0.23030254	-0.37987417	0.21784422	0.22291778	-0.2526709	0.14313217	-0.04718939	0.21511815	-0.02845892	-0.46582055	-0.4847237	0.110455915	0.14323753	-0.22221676	0.10118315	0.099205054	0.2508129	-0.3759022
0.18891913	0.08744586	-0.024618154	1.0000004	0.25256696	-0.03320074	0.068804026	0.03745608	0.20758897	-0.20165099	-0.35102803	0.14758895	-0.38392153	-0.14629693	-0.40984985	0.04690258	0.16825692	0.16328858	0.17264433	-0.3355214	-0.1867376	-0.35032883	-0.3076059	-0.11074463	0.21423204
0.26343662	-0.14906701	-0.20667966	0.25256696	1.0000001	0.16310208	0.23165631	-0.0055987136	0.24764831	-0.33976385	-0.42663512	0.21135338	-0.3563026	-0.25767583	-0.31563944	0.18398757	0.2436622	0.24853677	0.19443844	-0.35970658	-0.21891752	-0.4076455	-0.3562849	-0.044992764	0.26505005
0.15899722	-0.56805944	-0.03717586	-0.03320074	0.16310208	1.0000004	0.29702032	0.061822087	0.061909813	-0.23262136	-0.07258767	0.09641972	-0.11444894	-0.19471297	-0.06854444	0.26786807	0.082743354	0.092238516	0.13568047	-0.10022891	-0.21394572	-0.13472138	-0.37924832	0.063083425	0.048052903
0.19640046	-0.5561498	-0.04806538	0.068804026	0.23165631	0.29702032	1.0000001	0.021527283	0.117285855	-0.20944147	-0.20774403	0.10614643	-0.19038841	-0.16805147	-0.1700959	0.26279828	0.10018519	0.13604254	0.1679697	-0.21472469	-0.18759644	-0.265527	-0.36103085	0.047561176	0.14857742
0.1518586	-0.04239522	0.23030254	0.03745608	-0.0055987136	0.061822087	0.021527283	1.0	-0.1508198	0.0773182	0.124075405	-0.38659397	-0.07133168	-0.31823936	0.086729124	0.13044079	-0.23131026	-0.21196362	0.2527974	-0.058120668	-0.411915	-0.07705254	-0.030083003	0.2997829	-0.22074942
0.11297856	-0.05962156	-0.37987417	0.20758897	0.24764831	0.061909813	0.117285855	-0.1508198	1.0	-0.2450994	-0.34529355	0.24162595	-0.37569553	-0.031049894	-0.49012557	0.088330425	0.30222008	0.29903498	-0.00597528	-0.37516254	0.033334166	-0.2211925	-0.18608525	-0.21841292	0.3064521
-0.3514276	0.1172802	0.21784422	-0.20165099	-0.33976385	-0.23262136	-0.20944147	0.0773182	-0.2450994	0.9999999	0.2531372	-0.3731928	0.27458978	0.17167598	0.236194	-0.32951817	-0.35338446	-0.38242495	-0.10537108	0.26303995	0.06067726	0.2786323	0.26981482	0.10467309	-0.26418203
-0.18842834	0.018338379	0.22291778	-0.35102803	-0.42663512	-0.07258767	-0.20774403	0.124075405	-0.34529355	0.2531372	0.9999999	-0.35546592	0.25857803	0.08314501	0.2957728	-0.020610066	-0.3452091	-0.29501545	-0.09963373	0.26659343	-0.008088192	0.24267778	0.25114456	0.17372349	-0.4052534
0.099257804	-0.027617455	-0.2526709	0.14758895	0.21135338	0.09641972	0.10614643	-0.38659397	0.24162595	-0.3731928	-0.35546592	1.0	-0.21786517	-0.067355506	-0.21180572	0.08643563	0.2862376	0.28007853	-0.07378519	-0.18112583	0.098246105	-0.24250433	-0.2312369	-0.31879282	0.26862812
-0.38790405	0.060153376	0.14313217	-0.38392153	-0.3563026	-0.11444894	-0.19038841	-0.07133168	-0.37569553	0.27458978	0.25857803	-0.21786517	0.99999994	0.22712782	0.27687043	-0.24354711	-0.24010268	-0.30734056	-0.22459705	0.31879482	0.16938595	0.31502053	0.26601803	0.0013554771	-0.25821936
-0.46669173	0.123141736	-0.04718939	-0.14629693	-0.25767583	-0.19471297	-0.16805147	-0.31823936	-0.031049894	0.17167598	0.08314501	-0.067355506	0.22712782	0.9999999	0.07481653	-0.2940559	-0.045349646	-0.04555679	-0.3717661	0.21534538	0.2781386	0.25957906	0.21164602	-0.32171416	-0.080110624
-0.11528368	0.037994772	0.21511815	-0.40984985	-0.31563944	-0.06854444	-0.1700959	0.086729124	-0.49012557	0.236194	0.2957728	-0.21180572	0.27687043	0.07481653	0.9999998	-0.124470435	-0.34295833	-0.3500409	-0.12537655	0.28600436	0.04110048	0.24470444	0.24061923	0.15564509	-0.41610923
0.25921643	-0.3497198	-0.02845892	0.04690258	0.18398757	0.26786807	0.26279828	0.13044079	0.088330425	-0.32951817	-0.020610066	0.08643563	-0.24354711	-0.2940559	-0.124470435	0.99999976	0.04448032	0.0932834	0.21821287	-0.24770293	-0.23795591	-0.3106623	-0.23427948	0.13783683	0.04630174
0.10030531	-0.050922472	-0.46582055	0.16825692	0.2436622	0.082743354	0.10018519	-0.23131026	0.30222008	-0.35338446	-0.3452091	0.2862376	-0.24010268	-0.045349646	-0.34295833	0.04448032	0.9999997	0.32194495	-0.03624645	-0.26380438	0.07627892	-0.2100208	-0.23995827	-0.31557912	0.3139857
0.12925683	-0.062933385	-0.4847237	0.16328858	0.24853677	0.092238516	0.13604254	-0.21196362	0.29903498	-0.38242495	-0.29501545	0.28007853	-0.30734056	-0.04555679	-0.3500409	0.0932834	0.32194495	0.9999998	-0.0144924065	-0.22363676	0.03991254	-0.24024385	-0.21248896	-0.31776622	0.30152053
0.2710113	-0.061204553	0.110455915	0.17264433	0.19443844	0.13568047	0.1679697	0.2527974	-0.00597528	-0.10537108	-0.09963373	-0.07378519	-0.22459705	-0.3717661	-0.12537655	0.21821287	-0.03624645	-0.0144924065	1.0	-0.29960638	-0.46238616	-0.31975824	-0.29723528	0.20623246	0.038170863
-0.35253158	0.057046223	0.14323753	-0.3355214	-0.35970658	-0.10022891	-0.21472469	-0.058120668	-0.37516254	0.26303995	0.26659343	-0.18112583	0.31879482	0.21534538	0.28600436	-0.24770293	-0.26380438	-0.22363676	-0.29960638	0.99999994	0.1604997	0.31050718	0.27538696	0.020507425	-0.35740915
-0.2777329	0.13230395	-0.22221676	-0.1867376	-0.21891752	-0.21394572	-0.18759644	-0.411915	0.033334166	0.06067726	-0.008088192	0.098246105	0.16938595	0.2781386	0.04110048	-0.23795591	0.07627892	0.03991254	-0.46238616	0.1604997	0.9999999	0.1988375	0.17873792	-0.30356055	0.045942944
-0.4011741	0.09831058	0.10118315	-0.35032883	-0.4076455	-0.13472138	-0.265527	-0.07705254	-0.2211925	0.2786323	0.24267778	-0.24250433	0.31502053	0.25957906	0.24470444	-0.3106623	-0.2100208	-0.24024385	-0.31975824	0.31050718	0.1988375	1.0000001	0.28932694	-0.028796365	-0.23941596
-0.27538165	0.1708309	0.099205054	-0.3076059	-0.3562849	-0.37924832	-0.36103085	-0.030083003	-0.18608525	0.26981482	0.25114456	-0.2312369	0.26601803	0.21164602	0.24061923	-0.23427948	-0.23995827	-0.21248896	-0.29723528	0.27538696	0.17873792	0.28932694	1.0000001	0.032317117	-0.2928349
0.12412735	-0.11376043	0.2508129	-0.11074463	-0.044992764	0.063083425	0.047561176	0.2997829	-0.21841292	0.10467309	0.17372349	-0.31879282	0.0013554771	-0.32171416	0.15564509	0.13783683	-0.31557912	-0.31776622	0.20623246	0.020507425	-0.30356055	-0.028796365	0.032317117	1.0000001	-0.2570227
0.12626867	-0.035666782	-0.3759022	0.21423204	0.26505005	0.048052903	0.14857742	-0.22074942	0.3064521	-0.26418203	-0.4052534	0.26862812	-0.25821936	-0.080110624	-0.41610923	0.04630174	0.3139857	0.30152053	0.038170863	-0.35740915	0.045942944	-0.23941596	-0.2928349	-0.2570227	1.0000001
