1.0000001	0.20868221	0.028990563	0.18142553	0.25246224	-0.08077884	-0.1894764	-0.47163406	-0.31845942	0.12683202	-0.22562185	0.2173972	-0.014790942	-0.20428334	-0.21420537	-0.009044325	-0.26311243	-0.16720574	-0.28367412	0.19429891	-0.22607456	-0.14779529	0.09548653	0.004549713	0.29075664
0.20868221	0.99999994	-0.03501936	0.24476227	0.19612317	-0.10845193	-0.17879127	-0.06271605	-0.24817707	0.23318793	-0.42940992	0.14909396	0.0940166	-0.3317413	-0.4182902	-0.052735858	-0.09668608	-0.27993014	-0.33784407	0.20967382	-0.24120933	-0.26333675	0.11299011	0.15992735	0.23825206
0.028990563	-0.03501936	1.0000001	-0.086161576	-0.15973514	-0.09771116	0.15624802	-0.12819594	-0.010137433	-0.31593248	0.14290313	0.0140713025	-0.6346731	0.09685794	0.1379681	-0.009067449	0.07211774	0.17728275	0.12500855	-0.25863096	0.09259908	0.16807233	-0.17968243	-0.16790769	0.009191504
0.18142553	0.24476227	-0.086161576	1.0000001	0.14061134	-0.2930503	-0.28889546	-0.060626473	-0.46359465	0.25085816	-0.27951503	0.16797917	0.08614957	-0.23298632	-0.45345646	-0.23976107	-0.06334391	-0.08400937	-0.04296021	0.2316349	-0.022471873	-0.2152068	-0.009203854	0.22202958	0.17859428
0.25246224	0.19612317	-0.15973514	0.14061134	1.0000004	0.056128837	-0.021563755	-0.2115445	-0.1709879	0.14067742	-0.24844334	0.084024765	0.10863198	-0.3907999	-0.17483094	0.09949068	-0.47679475	-0.33452302	-0.26231486	0.11896078	-0.37802938	-0.13727674	0.23850791	-0.03251382	0.2622977
-0.08077884	-0.10845193	-0.09771116	-0.2930503	0.056128837	1.0000002	0.20012711	-0.09810275	0.240869	-0.22235201	0.0980049	-0.19078149	0.07120783	-0.09467135	0.06933088	0.29974186	-0.16116436	-0.1918403	-0.20664014	-0.17972808	-0.21749201	0.12590404	0.21400118	-0.2998948	-0.04183517
-0.1894764	-0.17879127	0.15624802	-0.28889546	-0.021563755	0.20012711	1.0000004	0.09768196	0.24148151	-0.40289757	0.24420229	-0.34508923	-0.24061856	0.08045938	0.17709719	0.15012588	-0.11600191	-0.049734257	0.01888458	-0.4870275	0.045184147	0.25865757	0.107467405	-0.2810227	-0.11874772
-0.47163406	-0.06271605	-0.12819594	-0.060626473	-0.2115445	-0.09810275	0.09768196	1.0000002	0.13146436	0.0024227903	0.142708	-0.38349682	0.05020882	0.10220593	0.070809044	-0.14005817	0.07076144	0.03996453	0.16353951	-0.18888086	0.18421778	0.092321746	0.014634742	0.084944144	-0.35002938
-0.31845942	-0.24817707	-0.010137433	-0.46359465	-0.1709879	0.240869	0.24148151	0.13146436	1.0000002	-0.20673534	0.24213059	-0.41691566	-0.014058606	0.118980505	0.20020999	0.19188738	0.033178993	0.012380519	0.009495784	-0.32854164	0.018900597	0.19046043	0.05755393	-0.17531043	-0.22764865
0.12683202	0.23318793	-0.31593248	0.25085816	0.14067742	-0.22235201	-0.40289757	0.0024227903	-0.20673534	1.0000005	-0.37557846	0.14084658	0.2381551	-0.21162997	-0.27015072	-0.15826005	-0.042997595	-0.15096378	-0.14636818	0.28100064	-0.09078653	-0.39131498	0.020244757	0.25195745	0.14316386
-0.22562185	-0.42940992	0.14290313	-0.27951503	-0.24844334	0.0980049	0.24420229	0.142708	0.24213059	-0.37557846	1.0000002	-0.312894	-0.21562722	0.23493311	0.2590156	0.02961508	0.106545545	0.15131335	0.20229201	-0.42671242	0.19666031	0.2638903	-0.07903069	-0.13917738	-0.31567964
0.2173972	0.14909396	0.0140713025	0.16797917	0.084024765	-0.19078149	-0.34508923	-0.38349682	-0.41691566	0.14084658	-0.312894	1.0000002	0.030245211	-0.048577216	-0.12014731	-0.064746074	0.061653115	0.061850082	-0.0851498	0.25730908	-0.09306724	-0.29138535	-0.16689484	0.09848986	0.19899002
-0.014790942	0.0940166	-0.6346731	0.08614957	0.10863198	0.07120783	-0.24061856	0.05020882	-0.014058606	0.2381551	-0.21562722	0.030245211	1.0000002	-0.10386281	-0.19431265	0.043623496	-0.03335083	-0.23286904	-0.21178131	0.19361596	-0.1472994	-0.3098586	0.13231167	0.14332283	0.025716912
-0.20428334	-0.3317413	0.09685794	-0.23298632	-0.3907999	-0.09467135	0.08045938	0.10220593	0.118980505	-0.21162997	0.23493311	-0.048577216	-0.10386281	1.0000004	0.23109004	-0.1690365	0.24996796	0.2840454	0.2694135	-0.18262091	0.2583332	0.13960995	-0.3311212	-0.0122905215	-0.22464025
-0.21420537	-0.4182902	0.1379681	-0.45345646	-0.17483094	0.06933088	0.17709719	0.070809044	0.20020999	-0.27015072	0.2590156	-0.12014731	-0.19431265	0.23109004	1.0000002	0.032487657	0.09512876	0.17997265	0.20392734	-0.18236484	0.16693494	0.2556079	-0.11469273	-0.33990592	-0.33641934
-0.009044325	-0.052735858	-0.009067449	-0.23976107	0.09949068	0.29974186	0.15012588	-0.14005817	0.19188738	-0.15826005	0.02961508	-0.064746074	0.043623496	-0.1690365	0.032487657	1.0000004	-0.18529	-0.17426422	-0.3336437	-0.07704664	-0.33110774	0.04329553	0.19389714	-0.31956187	0.027749099
-0.26311243	-0.09668608	0.07211774	-0.06334391	-0.47679475	-0.16116436	-0.11600191	0.07076144	0.033178993	-0.042997595	0.106545545	0.061653115	-0.03335083	0.24996796	0.09512876	-0.18529	1.0000004	0.26208305	0.20871192	0.009132943	0.24233265	-0.03530242	-0.42036372	0.13368994	-0.28866518
-0.16720574	-0.27993014	0.17728275	-0.08400937	-0.33452302	-0.1918403	-0.049734257	0.03996453	0.012380519	-0.15096378	0.15131335	0.061850082	-0.23286904	0.2840454	0.17997265	-0.17426422	0.26208305	1.0000004	0.26903737	-0.065603875	0.2389688	0.07435135	-0.5363428	0.042424433	-0.13357857
-0.28367412	-0.33784407	0.12500855	-0.04296021	-0.26231486	-0.20664014	0.01888458	0.16353951	0.009495784	-0.14636818	0.20229201	-0.0851498	-0.21178131	0.2694135	0.20392734	-0.3336437	0.20871192	0.26903737	1.0000004	-0.12408458	0.2979523	0.172048	-0.28002825	-0.028013889	-0.24096201
0.19429891	0.20967382	-0.25863096	0.2316349	0.11896078	-0.17972808	-0.4870275	-0.18888086	-0.32854164	0.28100064	-0.42671242	0.25730908	0.19361596	-0.18262091	-0.18236484	-0.07704664	0.009132943	-0.065603875	-0.12408458	1.0000004	-0.16359232	-0.2866807	-0.044359412	0.18022351	0.18653007
-0.22607456	-0.24120933	0.09259908	-0.022471873	-0.37802938	-0.21749201	0.045184147	0.18421778	0.018900597	-0.09078653	0.19666031	-0.09306724	-0.1472994	0.2583332	0.16693494	-0.33110774	0.24233265	0.2389688	0.2979523	-0.16359232	1.0000002	0.14460222	-0.2667703	0.017145548	-0.4273634
-0.14779529	-0.26333675	0.16807233	-0.2152068	-0.13727674	0.12590404	0.25865757	0.092321746	0.19046043	-0.39131498	0.2638903	-0.29138535	-0.3098586	0.13960995	0.2556079	0.04329553	-0.03530242	0.07435135	0.172048	-0.2866807	0.14460222	1.0000001	0.012422233	-0.46171197	-0.24347235
0.09548653	0.11299011	-0.17968243	-0.009203854	0.23850791	0.21400118	0.107467405	0.014634742	0.05755393	0.020244757	-0.07903069	-0.16689484	0.13231167	-0.3311212	-0.11469273	0.19389714	-0.42036372	-0.5363428	-0.28002825	-0.044359412	-0.2667703	0.012422233	1.0000001	-0.13027015	0.09315725
0.004549713	0.15992735	-0.16790769	0.22202958	-0.03251382	-0.2998948	-0.2810227	0.084944144	-0.17531043	0.25195745	-0.13917738	0.09848986	0.14332283	-0.0122905215	-0.33990592	-0.31956187	0.13368994	0.042424433	-0.028013889	0.18022351	0.017145548	-0.46171197	-0.13027015	1.0000002	0.06941264
0.29075664	0.23825206	0.009191504	0.17859428	0.2622977	-0.04183517	-0.11874772	-0.35002938	-0.22764865	0.14316386	-0.31567964	0.19899002	0.025716912	-0.22464025	-0.33641934	0.027749099	-0.28866518	-0.13357857	-0.24096201	0.18653007	-0.4273634	-0.24347235	0.09315725	0.06941264	1.0000002
