1.0	0.20190066	0.23401006	-0.338838	-0.02614678	0.029600615	0.0035427841	-0.1926836	0.04233441	-0.15504621	0.21469808	-0.21201976	0.23018797	0.21782513	-0.24294563	0.19809836	-0.6816914	-0.23366092	-0.09987309	0.14349908	0.0038115168	-0.20132378	0.2199962	0.2084373	-0.30110893
0.20190066	1.0000005	0.13528404	-0.18613729	-0.004110287	-0.0074963113	0.0037086855	-0.37507564	0.12870227	-0.0889463	0.19550675	-0.32538015	0.22878926	0.28047717	-0.42557317	0.22133967	-0.21567209	-0.37619758	-0.37902382	0.23944727	-0.0071577467	-0.20279264	0.17603002	0.15125749	-0.18334106
0.23401006	0.13528404	1.0000004	-0.18752328	-0.10474853	0.14403932	0.15846379	-0.24735217	-0.13798486	-0.3189157	0.2739792	-0.34576258	0.2145435	0.1162448	0.012726431	0.23581219	-0.33937806	-0.26504642	0.022055963	0.17574875	-0.1525632	-0.21277913	0.2355357	0.29771408	-0.57568747
-0.338838	-0.18613729	-0.18752328	1.0000002	0.13609952	-0.20657091	-0.10294374	0.2204064	-0.011408031	0.2137959	-0.3334018	0.28350064	-0.40605664	-0.44511348	0.10136047	-0.31618917	0.22683148	0.27020162	0.11511729	-0.24931072	0.14813608	0.24193011	-0.42624578	-0.20929022	0.19870862
-0.02614678	-0.004110287	-0.10474853	0.13609952	1.0000004	-0.45030758	-0.4773665	0.058806278	0.2855348	0.253277	-0.20019652	0.16538395	-0.2600212	0.034348197	-0.29148605	-0.14095953	-0.01121102	0.06431179	-0.3217225	-0.08116153	0.3031119	0.11690292	-0.220104	-0.13526726	0.081357725
0.029600615	-0.0074963113	0.14403932	-0.20657091	-0.45030758	1.0000004	0.30789834	-0.021154651	-0.31048322	-0.3664353	0.18856214	-0.29026774	0.22467743	-0.02917385	0.15789646	0.16540213	-0.015320514	-0.11101776	0.1438224	0.112701215	-0.52655184	-0.1902893	0.24687685	0.17370698	-0.081219725
0.0035427841	0.0037086855	0.15846379	-0.10294374	-0.4773665	0.30789834	1.0000002	-0.029422525	-0.48047307	-0.29708216	0.18160003	-0.21465431	0.19141926	-0.09707995	0.17500862	0.13119917	0.011183872	-0.092163794	0.18263112	0.10762836	-0.46517864	-0.15860316	0.21116747	0.18206252	-0.15519275
-0.1926836	-0.37507564	-0.24735217	0.2204064	0.058806278	-0.021154651	-0.029422525	1.0000004	-0.039370798	0.15254147	-0.4356316	0.21212266	-0.17356484	-0.4008518	0.13158238	-0.113160074	0.18188298	0.2491167	0.11767694	-0.48200127	0.024582025	0.27645603	-0.22316422	-0.2824261	0.20990644
0.04233441	0.12870227	-0.13798486	-0.011408031	0.2855348	-0.31048322	-0.48047307	-0.039370798	1.0000004	0.2274947	-0.14196342	0.06623876	-0.113583066	0.1641049	-0.3132103	-0.017553438	-0.07030498	-0.041202262	-0.4407915	-0.027902305	0.27356794	0.09009078	-0.18252128	-0.1671061	0.05249594
-0.15504621	-0.0889463	-0.3189157	0.2137959	0.253277	-0.3664353	-0.29708216	0.15254147	0.2274947	1.0000004	-0.36088428	0.25113305	-0.25754523	-0.053494714	-0.114456	-0.33864576	0.12268127	0.21138889	-0.12317739	-0.2132823	0.27921942	0.2218868	-0.39226973	-0.40144426	0.23739266
0.21469808	0.19550675	0.2739792	-0.3334018	-0.20019652	0.18856214	0.18160003	-0.4356316	-0.14196342	-0.36088428	1.0000005	-0.28267846	0.2675559	0.19790602	-0.01995964	0.21998367	-0.24020411	-0.28881696	-0.04107373	0.2794712	-0.208158	-0.4034324	0.30140993	0.3042668	-0.34184572
-0.21201976	-0.32538015	-0.34576258	0.28350064	0.16538395	-0.29026774	-0.21465431	0.21212266	0.06623876	0.25113305	-0.28267846	1.0000004	-0.4365009	-0.28600746	0.08651677	-0.4009668	0.19248459	0.29131445	0.10214689	-0.2866005	0.20120563	0.23914777	-0.32386607	-0.21582781	0.23174387
0.23018797	0.22878926	0.2145435	-0.40605664	-0.2600212	0.22467743	0.19141926	-0.17356484	-0.113583066	-0.25754523	0.2675559	-0.4365009	1.0000004	0.20542856	-0.13282733	0.27549514	-0.27089974	-0.32962635	-0.13761607	0.22886997	-0.23404963	-0.29611734	0.30924028	0.23634498	-0.20340794
0.21782513	0.28047717	0.1162448	-0.44511348	0.034348197	-0.02917385	-0.09707995	-0.4008518	0.1641049	-0.053494714	0.19790602	-0.28600746	0.20542856	1.0000004	-0.29517123	0.18201683	-0.22251981	-0.31576064	-0.2725645	0.24503876	0.024591494	-0.27470186	0.18334548	0.14374658	-0.14023311
-0.24294563	-0.42557317	0.012726431	0.10136047	-0.29148605	0.15789646	0.17500862	0.13158238	-0.3132103	-0.114456	-0.01995964	0.08651677	-0.13282733	-0.29517123	1.0000002	-0.12582153	0.18481058	0.1543742	0.30055916	-0.17856278	-0.23531169	0.08092728	-0.042829808	-0.005529778	0.072297975
0.19809836	0.22133967	0.23581219	-0.31618917	-0.14095953	0.16540213	0.13119917	-0.113160074	-0.017553438	-0.33864576	0.21998367	-0.4009668	0.27549514	0.18201683	-0.12582153	1.0000002	-0.18165028	-0.46281648	-0.18357438	0.15660387	-0.166468	-0.08536173	0.24874929	0.22977473	-0.3417249
-0.6816914	-0.21567209	-0.33937806	0.22683148	-0.01121102	-0.015320514	0.011183872	0.18188298	-0.07030498	0.12268127	-0.24020411	0.19248459	-0.27089974	-0.22251981	0.18481058	-0.18165028	1.0	0.21549283	0.12056045	-0.0998332	-0.029342161	0.17019697	-0.25136203	-0.23662116	0.2480738
-0.23366092	-0.37619758	-0.26504642	0.27020162	0.06431179	-0.11101776	-0.092163794	0.2491167	-0.041202262	0.21138889	-0.28881696	0.29131445	-0.32962635	-0.31576064	0.1543742	-0.46281648	0.21549283	0.9999999	0.1679885	-0.3273623	0.12189621	0.23098435	-0.27880633	-0.38155025	0.2628691
-0.09987309	-0.37902382	0.022055963	0.11511729	-0.3217225	0.1438224	0.18263112	0.11767694	-0.4407915	-0.12317739	-0.04107373	0.10214689	-0.13761607	-0.2725645	0.30055916	-0.18357438	0.12056045	0.1679885	0.9999999	-0.086011976	-0.1885734	0.042336583	-0.053114124	-0.011378136	0.05695575
0.14349908	0.23944727	0.17574875	-0.24931072	-0.08116153	0.112701215	0.10762836	-0.48200127	-0.027902305	-0.2132823	0.2794712	-0.2866005	0.22886997	0.24503876	-0.17856278	0.15660387	-0.0998332	-0.3273623	-0.086011976	0.99999994	-0.16390873	-0.5654287	0.24892637	0.24308242	-0.18839411
0.0038115168	-0.0071577467	-0.1525632	0.14813608	0.3031119	-0.52655184	-0.46517864	0.024582025	0.27356794	0.27921942	-0.208158	0.20120563	-0.23404963	0.024591494	-0.23531169	-0.166468	-0.029342161	0.12189621	-0.1885734	-0.16390873	1.0	0.17274465	-0.3039632	-0.21957628	0.10495134
-0.20132378	-0.20279264	-0.21277913	0.24193011	0.11690292	-0.1902893	-0.15860316	0.27645603	0.09009078	0.2218868	-0.4034324	0.23914777	-0.29611734	-0.27470186	0.08092728	-0.08536173	0.17019697	0.23098435	0.042336583	-0.5654287	0.17274465	1.0000001	-0.3730365	-0.34544843	0.19405816
0.2199962	0.17603002	0.2355357	-0.42624578	-0.220104	0.24687685	0.21116747	-0.22316422	-0.18252128	-0.39226973	0.30140993	-0.32386607	0.30924028	0.18334548	-0.042829808	0.24874929	-0.25136203	-0.27880633	-0.053114124	0.24892637	-0.3039632	-0.3730365	1.0000002	0.27407226	-0.21807714
0.2084373	0.15125749	0.29771408	-0.20929022	-0.13526726	0.17370698	0.18206252	-0.2824261	-0.1671061	-0.40144426	0.3042668	-0.21582781	0.23634498	0.14374658	-0.005529778	0.22977473	-0.23662116	-0.38155025	-0.011378136	0.24308242	-0.21957628	-0.34544843	0.27407226	1.0000002	-0.48288774
-0.30110893	-0.18334106	-0.57568747	0.19870862	0.081357725	-0.081219725	-0.15519275	0.20990644	0.05249594	0.23739266	-0.34184572	0.23174387	-0.20340794	-0.14023311	0.072297975	-0.3417249	0.2480738	0.2628691	0.05695575	-0.18839411	0.10495134	0.19405816	-0.21807714	-0.48288774	1.0000002
