1.0	-0.42179546	0.0026338692	0.20492816	-0.14464311	0.07713527	-0.054396942	0.19026145	-0.2393478	0.11334689	-0.023129307	-0.009686326	-0.428172	-0.06107275	-0.17347264	-0.18244132	0.12222174	-0.19587108	0.105476804	0.18695822	0.13058813	-0.4658419	-0.121191	-0.07605945	0.19401038
-0.42179546	0.99999994	-0.06171145	-0.11485633	0.17253199	-0.23378843	0.05378744	-0.355554	0.24169451	-0.3183838	0.048072867	-0.14829227	0.17721146	0.09688604	0.20092474	0.108688235	-0.10247923	0.1448904	0.07589411	-0.24952969	-0.24364638	0.21713115	0.10495273	0.061699588	-0.081380084
0.0026338692	-0.06171145	0.99999964	-0.05416232	0.20429769	-0.15498368	0.101140045	-0.102942295	0.16992626	-0.26788017	-0.19492882	-0.29544157	0.005277566	-0.68916476	0.12892239	0.22519305	-0.16703007	0.11843584	0.1957634	-0.04622621	-0.18517043	-0.0767031	0.12452887	0.19225629	-0.07966048
0.20492816	-0.11485633	-0.05416232	0.99999946	-0.30305773	0.031694457	-0.2557424	0.20568034	-0.15215397	0.020096479	0.19941726	-0.069298536	-0.33921915	0.002885106	-0.087196805	-0.2454846	0.26129606	-0.4074693	0.15506858	0.26595664	0.19112907	-0.36847928	-0.3679773	-0.32932612	0.30208924
-0.14464311	0.17253199	0.20429769	-0.30305773	0.99999934	-0.25978595	0.23345353	-0.36125222	0.27541876	-0.3100961	-0.19574891	-0.16935366	0.16660845	-0.23181157	0.21240754	0.29699558	-0.3121854	0.26549473	0.059986897	-0.2360389	-0.38580495	0.17368956	0.24240798	0.27978817	-0.35078302
0.07713527	-0.23378843	-0.15498368	0.031694457	-0.25978595	0.9999995	-0.032189164	0.23979953	-0.37555227	0.29856268	0.13135323	0.292425	0.040210932	0.106779665	-0.4713964	-0.32578772	-0.061564084	-0.14139318	-0.35029116	0.117039256	0.23165631	-0.16601832	0.0023699703	-0.2239317	0.09909456
-0.054396942	0.05378744	0.101140045	-0.2557424	0.23345353	-0.032189164	0.99999976	-0.2963518	0.13803658	-0.045296963	-0.4467742	-0.11071992	0.15409364	-0.05771424	0.12715432	0.21064688	-0.42669117	0.28332168	-0.063557	-0.3850318	-0.31098253	0.155172	0.2968939	0.28635934	-0.32480586
0.19026145	-0.355554	-0.102942295	0.20568034	-0.36125222	0.23979953	-0.2963518	0.9999997	-0.3980533	0.23788801	0.18129426	0.20730132	-0.14323783	0.049249895	-0.35509434	-0.23891157	0.15810773	-0.36608198	-0.14787462	0.28756008	0.30639234	-0.2639846	-0.25029814	-0.2686264	0.21279684
-0.2393478	0.24169451	0.16992626	-0.15215397	0.27541876	-0.37555227	0.13803658	-0.3980533	0.99999964	-0.45175582	-0.13572134	-0.3085286	0.090189785	-0.13091311	0.29374048	0.26526496	-0.07361797	0.22073591	0.1764639	-0.2526245	-0.39610034	0.185533	0.13752256	0.21255764	-0.22504747
0.11334689	-0.3183838	-0.26788017	0.020096479	-0.3100961	0.29856268	-0.045296963	0.23788801	-0.45175582	0.9999995	0.10387822	0.2832409	-0.020437365	0.14071229	-0.33751968	-0.32765177	0.036361724	-0.112936944	-0.35808057	0.10896096	0.24277656	-0.096470505	-0.051948886	-0.13460176	0.08725702
-0.023129307	0.048072867	-0.19492882	0.19941726	-0.19574891	0.13135323	-0.4467742	0.18129426	-0.13572134	0.10387822	0.9999995	0.13779472	-0.027709633	0.15505658	-0.23472002	-0.3639484	0.19760399	-0.32430086	-0.08420712	0.21904348	0.23413812	-0.117130235	-0.3406425	-0.46038908	0.22655593
-0.009686326	-0.14829227	-0.29544157	-0.069298536	-0.16935366	0.292425	-0.11071992	0.20730132	-0.3085286	0.2832409	0.13779472	0.99999946	0.080251284	0.17294344	-0.46584845	-0.21003704	-0.019390091	-0.08639236	-0.49359593	0.09951265	0.21181615	-0.037665218	0.0024170068	-0.17260441	0.034085058
-0.428172	0.17721146	0.005277566	-0.33921915	0.16660845	0.040210932	0.15409364	-0.14323783	0.090189785	-0.020437365	-0.027709633	0.080251284	0.99999946	0.04962584	0.009733493	0.10087842	-0.37678036	0.17091618	-0.19734457	-0.24224128	-0.07213544	0.24564652	0.21331802	0.11138165	-0.31679764
-0.06107275	0.09688604	-0.68916476	0.002885106	-0.23181157	0.106779665	-0.05771424	0.049249895	-0.13091311	0.14071229	0.15505658	0.17294344	0.04962584	0.9999994	-0.06580096	-0.2448358	0.12043566	-0.08697704	-0.2505366	-0.004764451	0.14523214	0.11772581	-0.15059675	-0.2188029	0.03412453
-0.17347264	0.20092474	0.12892239	-0.087196805	0.21240754	-0.4713964	0.12715432	-0.35509434	0.29374048	-0.33751968	-0.23472002	-0.46584845	0.009733493	-0.06580096	0.99999934	0.23594074	0.008848029	0.17221399	0.20005278	-0.21693063	-0.25215542	0.18206196	0.04787863	0.19721617	-0.16039114
-0.18244132	0.108688235	0.22519305	-0.2454846	0.29699558	-0.32578772	0.21064688	-0.23891157	0.26526496	-0.32765177	-0.3639484	-0.21003704	0.10087842	-0.2448358	0.23594074	0.99999905	-0.24301739	0.23741335	0.10449678	-0.14657639	-0.36396536	0.17231229	0.20466122	0.29260787	-0.35872167
0.12222174	-0.10247923	-0.16703007	0.26129606	-0.3121854	-0.061564084	-0.42669117	0.15810773	-0.07361797	0.036361724	0.19760399	-0.019390091	-0.37678036	0.12043566	0.008848029	-0.24301739	0.99999887	-0.27898237	0.1002077	0.22074053	0.179405	-0.09848282	-0.432669	-0.2797913	0.24634753
-0.19587108	0.1448904	0.11843584	-0.4074693	0.26549473	-0.14139318	0.28332168	-0.36608198	0.22073591	-0.112936944	-0.32430086	-0.08639236	0.17091618	-0.08697704	0.17221399	0.23741335	-0.27898237	0.999999	0.0073365113	-0.46678978	-0.40649515	0.20526631	0.29246742	0.2854366	-0.23151515
0.105476804	0.07589411	0.1957634	0.15506858	0.059986897	-0.35029116	-0.063557	-0.14787462	0.1764639	-0.35808057	-0.08420712	-0.49359593	-0.19734457	-0.2505366	0.20005278	0.10449678	0.1002077	0.0073365113	0.99999905	-0.004221978	-0.193606	-0.12227705	-0.05785625	0.035226613	0.100102976
0.18695822	-0.24952969	-0.04622621	0.26595664	-0.2360389	0.117039256	-0.3850318	0.28756008	-0.2526245	0.10896096	0.21904348	0.09951265	-0.24224128	-0.004764451	-0.21693063	-0.14657639	0.22074053	-0.46678978	-0.004221978	0.9999991	0.26026326	-0.31180376	-0.41222382	-0.3167634	0.24621716
0.13058813	-0.24364638	-0.18517043	0.19112907	-0.38580495	0.23165631	-0.31098253	0.30639234	-0.39610034	0.24277656	0.23413812	0.21181615	-0.07213544	0.14523214	-0.25215542	-0.36396536	0.179405	-0.40649515	-0.193606	0.26026326	0.99999946	-0.14288807	-0.28420737	-0.33754608	0.21333928
-0.4658419	0.21713115	-0.0767031	-0.36847928	0.17368956	-0.16601832	0.155172	-0.2639846	0.185533	-0.096470505	-0.117130235	-0.037665218	0.24564652	0.11772581	0.18206196	0.17231229	-0.09848282	0.20526631	-0.12227705	-0.31180376	-0.14288807	0.9999994	0.17156194	0.16356824	-0.41153252
-0.121191	0.10495273	0.12452887	-0.3679773	0.24240798	0.0023699703	0.2968939	-0.25029814	0.13752256	-0.051948886	-0.3406425	0.0024170068	0.21331802	-0.15059675	0.04787863	0.20466122	-0.432669	0.29246742	-0.05785625	-0.41222382	-0.28420737	0.17156194	0.9999994	0.26863962	-0.31669095
-0.07605945	0.061699588	0.19225629	-0.32932612	0.27978817	-0.2239317	0.28635934	-0.2686264	0.21255764	-0.13460176	-0.46038908	-0.17260441	0.11138165	-0.2188029	0.19721617	0.29260787	-0.2797913	0.2854366	0.035226613	-0.3167634	-0.33754608	0.16356824	0.26863962	0.9999994	-0.38160262
0.19401038	-0.081380084	-0.07966048	0.30208924	-0.35078302	0.09909456	-0.32480586	0.21279684	-0.22504747	0.08725702	0.22655593	0.034085058	-0.31679764	0.03412453	-0.16039114	-0.35872167	0.24634753	-0.23151515	0.100102976	0.24621716	0.21333928	-0.41153252	-0.31669095	-0.38160262	0.9999994
