1.0	0.16027498	-0.18054518	-0.17584695	0.16781592	-0.42898193	-0.107096374	0.17852439	0.27223915	-0.305477	0.25309488	0.07211071	0.24698241	0.068682924	-0.16562073	0.23169716	-0.24453908	0.05969377	0.25000662	-0.3457287	-0.056840226	-0.26263067	-0.41081482	0.23802029	-0.28284395
0.16027498	1.0000002	0.09150133	-0.33027476	0.3000306	-0.09951754	-0.3831956	0.070323825	0.21715693	-0.41762757	0.21766697	-0.21978518	0.2492143	0.20187953	0.03711737	0.049150135	-0.3196067	-0.13468204	0.26668334	-0.22246616	0.19051959	-0.11683862	-0.29924145	0.16619438	-0.33531007
-0.18054518	0.09150133	1.0000002	-0.30987075	0.105414465	0.09609593	-0.17621945	-0.34826696	-0.11357277	0.0092646	-0.07352893	-0.15380788	-0.096930884	0.0047111246	0.10408447	-0.4161139	-0.19611508	-0.008234566	0.053706694	0.1734636	0.2800008	0.1353609	0.12636383	-0.18231967	0.047778696
-0.17584695	-0.33027476	-0.30987075	1.0	-0.21340133	0.13288343	0.25691125	0.079964496	-0.15494867	0.20248188	-0.2330314	0.13395211	-0.19715063	-0.1781257	-0.007347768	0.012907302	0.28585607	0.0069663697	-0.44461763	0.09524745	-0.38647175	0.10904655	0.15868351	-0.15869026	0.13006194
0.16781592	0.3000306	0.105414465	-0.21340133	0.9999999	-0.19969195	-0.48117137	0.075692974	0.22988464	-0.3616276	0.22092326	-0.19511873	0.22042142	0.18092743	0.06914955	-0.004507315	-0.4349226	-0.11519699	0.26422352	-0.120273955	0.20494151	-0.13354222	-0.27087036	0.13888468	-0.3077944
-0.42898193	-0.09951754	0.09609593	0.13288343	-0.19969195	0.99999976	0.07537555	-0.31478044	-0.47549185	0.22761105	-0.31800032	-0.084643506	-0.201893	-0.091206595	0.12704068	-0.13574077	0.1931731	0.015284961	-0.3395824	0.24011953	0.00982712	0.193245	0.2500916	-0.34734768	0.25100356
-0.107096374	-0.3831956	-0.17621945	0.25691125	-0.48117137	0.07537555	0.9999997	0.040751092	-0.16549382	0.23191825	-0.26894498	0.17434376	-0.30244505	-0.16376053	-0.13246077	0.04878581	0.27976725	0.08475609	-0.24465123	0.087883376	-0.3929099	0.12515728	0.1322568	-0.063612536	0.13819969
0.17852439	0.070323825	-0.34826696	0.079964496	0.075692974	-0.31478044	0.040751092	0.9999998	0.22643258	-0.19516167	0.09026627	0.09286297	0.15813962	0.06907954	-0.080333844	0.21525677	-0.016668616	-0.17845969	0.08169954	-0.1810396	-0.17486763	-0.08822316	-0.23289102	0.17868277	-0.43987027
0.27223915	0.21715693	-0.11357277	-0.15494867	0.22988464	-0.47549185	-0.16549382	0.22643258	0.9999999	-0.39744204	0.26674825	-0.042812034	0.27906165	0.18628801	-0.07413221	0.17433588	-0.27519038	-0.16319898	0.26353392	-0.2993418	0.03123168	-0.27749008	-0.26924756	0.2713833	-0.37245068
-0.305477	-0.41762757	0.0092646	0.20248188	-0.3616276	0.22761105	0.23191825	-0.19516167	-0.39744204	0.99999976	-0.24233139	0.027733024	-0.39804178	-0.22701631	0.07051997	-0.21779074	0.24238925	0.085283585	-0.24667744	0.2176205	-0.14888462	0.19340245	0.28540343	-0.20732638	0.27659753
0.25309488	0.21766697	-0.07352893	-0.2330314	0.22092326	-0.31800032	-0.26894498	0.09026627	0.26674825	-0.24233139	0.99999994	-0.10981142	0.28277606	0.208618	0.048346967	0.15282694	-0.35007924	-0.13639711	0.27286822	-0.4524471	0.053909644	-0.4368441	-0.265576	0.28644305	-0.14273095
0.07211071	-0.21978518	-0.15380788	0.13395211	-0.19511873	-0.084643506	0.17434376	0.09286297	-0.042812034	0.027733024	-0.10981142	0.9999999	-0.08154797	-0.40553653	-0.5664578	0.07494267	0.1519944	0.24831708	-0.16038528	0.06562425	-0.07901065	0.14096594	0.010644371	-0.14506349	-0.052894592
0.24698241	0.2492143	-0.096930884	-0.19715063	0.22042142	-0.201893	-0.30244505	0.15813962	0.27906165	-0.39804178	0.28277606	-0.08154797	0.99999994	0.21383731	-0.022388494	0.20736542	-0.17162026	-0.16688752	0.24392669	-0.38753432	-0.0020224375	-0.41095853	-0.29874337	0.26532272	-0.286475
0.068682924	0.20187953	0.0047111246	-0.1781257	0.18092743	-0.091206595	-0.16376053	0.06907954	0.18628801	-0.22701631	0.208618	-0.40553653	0.21383731	0.9999999	0.20170832	0.08736894	-0.26500696	-0.4847877	0.20483424	-0.1496204	-0.0036239934	-0.32560483	-0.25241983	0.2251219	-0.042532146
-0.16562073	0.03711737	0.10408447	-0.007347768	0.06914955	0.12704068	-0.13246077	-0.080333844	-0.07413221	0.07051997	0.048346967	-0.5664578	-0.022388494	0.20170832	0.99999964	-0.123404786	-0.05040856	-0.45669645	0.0025485645	-0.007622914	-0.0075032115	-0.14208537	0.074702896	0.05077214	0.1098686
0.23169716	0.049150135	-0.4161139	0.012907302	-0.004507315	-0.13574077	0.04878581	0.21525677	0.17433588	-0.21779074	0.15282694	0.07494267	0.20736542	0.08736894	-0.123404786	0.99999976	0.019641696	0.0102572255	0.10319282	-0.27686527	-0.326895	-0.28954923	-0.38767204	0.19993319	-0.1538543
-0.24453908	-0.3196067	-0.19611508	0.28585607	-0.4349226	0.1931731	0.27976725	-0.016668616	-0.27519038	0.24238925	-0.35007924	0.1519944	-0.17162026	-0.26500696	-0.05040856	0.019641696	0.9999998	0.10282703	-0.41186416	0.13567536	-0.28229955	0.15274693	0.20211856	-0.16963622	0.18241672
0.05969377	-0.13468204	-0.008234566	0.0069663697	-0.11519699	0.015284961	0.08475609	-0.17845969	-0.16319898	0.085283585	-0.13639711	0.24831708	-0.16688752	-0.4847877	-0.45669645	0.0102572255	0.10282703	0.9999996	-0.08664406	0.09903341	0.027020866	0.18556938	0.056996603	-0.2393219	0.030828737
0.25000662	0.26668334	0.053706694	-0.44461763	0.26422352	-0.3395824	-0.24465123	0.08169954	0.26353392	-0.24667744	0.27286822	-0.16038528	0.24392669	0.20483424	0.0025485645	0.10319282	-0.41186416	-0.08664406	0.9999994	-0.21493922	0.119056076	-0.25534832	-0.33787313	0.22523054	-0.29327494
-0.3457287	-0.22246616	0.1734636	0.09524745	-0.120273955	0.24011953	0.087883376	-0.1810396	-0.2993418	0.2176205	-0.4524471	0.06562425	-0.38753432	-0.1496204	-0.007622914	-0.27686527	0.13567536	0.09903341	-0.21493922	0.99999934	0.07849845	0.2908396	0.26414678	-0.5119971	0.18789755
-0.056840226	0.19051959	0.2800008	-0.38647175	0.20494151	0.00982712	-0.3929099	-0.17486763	0.03123168	-0.14888462	0.053909644	-0.07901065	-0.0020224375	-0.0036239934	-0.0075032115	-0.326895	-0.28229955	0.027020866	0.119056076	0.07849845	0.9999995	0.06195861	0.014187722	-0.051598605	-0.075326204
-0.26263067	-0.11683862	0.1353609	0.10904655	-0.13354222	0.193245	0.12515728	-0.08822316	-0.27749008	0.19340245	-0.4368441	0.14096594	-0.41095853	-0.32560483	-0.14208537	-0.28954923	0.15274693	0.18556938	-0.25534832	0.2908396	0.06195861	0.99999946	0.23698372	-0.41684532	0.10161306
-0.41081482	-0.29924145	0.12636383	0.15868351	-0.27087036	0.2500916	0.1322568	-0.23289102	-0.26924756	0.28540343	-0.265576	0.010644371	-0.29874337	-0.25241983	0.074702896	-0.38767204	0.20211856	0.056996603	-0.33787313	0.26414678	0.014187722	0.23698372	0.99999964	-0.31656814	0.24360387
0.23802029	0.16619438	-0.18231967	-0.15869026	0.13888468	-0.34734768	-0.063612536	0.17868277	0.2713833	-0.20732638	0.28644305	-0.14506349	0.26532272	0.2251219	0.05077214	0.19993319	-0.16963622	-0.2393219	0.22523054	-0.5119971	-0.051598605	-0.41684532	-0.31656814	0.99999964	-0.18053645
-0.28284395	-0.33531007	0.047778696	0.13006194	-0.3077944	0.25100356	0.13819969	-0.43987027	-0.37245068	0.27659753	-0.14273095	-0.052894592	-0.286475	-0.042532146	0.1098686	-0.1538543	0.18241672	0.030828737	-0.29327494	0.18789755	-0.075326204	0.10161306	0.24360387	-0.18053645	0.99999964
