1.0000001	0.19521257	-0.03467118	0.22085512	0.09988444	-0.026436774	-0.05670088	-0.35145584	-0.022116475	-0.37480462	-0.2510357	-0.027566027	-0.25616977	0.29908547	0.22676355	-0.31130168	-0.035061046	-0.068798475	0.08888277	-0.023824867	0.19564094	0.13348868	-0.19613741	-0.09812126	-0.07771606
0.19521257	1.0	-0.20249073	0.25078502	0.24352427	-0.24609303	-0.09018459	-0.22652447	-0.20686604	-0.41734755	-0.40541968	0.16434026	-0.4641926	0.08159446	0.31759876	0.050930068	0.16503686	-0.4133182	0.29215896	0.14162369	0.26260865	0.15253504	-0.33665374	-0.18060124	0.18574883
-0.03467118	-0.20249073	0.99999994	-0.2637627	-0.346083	0.27266657	0.27830675	0.20498721	0.25689265	0.18578239	0.26188555	-0.50229526	0.16823256	0.048080813	-0.21411543	-0.21285154	-0.3096159	0.2358545	-0.23636886	-0.27881494	-0.4141001	-0.31238788	0.24946131	0.29052368	-0.390454
0.22085512	0.25078502	-0.2637627	0.9999999	0.24547505	-0.24115646	-0.32975796	-0.30588627	-0.08141798	-0.31940192	-0.23285493	0.20434697	-0.35698706	0.12205428	0.24120396	0.034566652	0.085308366	-0.16672184	0.18868066	0.20038413	0.28142518	0.23886706	-0.49617863	-0.30145183	0.15000802
0.09988444	0.24352427	-0.346083	0.24547505	0.99999994	-0.4220319	-0.32412568	-0.31763357	-0.34073192	-0.20140003	-0.3279134	0.25882894	-0.27816278	0.0061765327	0.2375557	0.16941783	0.27113467	-0.3353547	0.2614401	0.26063317	0.281868	0.28696126	-0.24383806	-0.4132478	0.26876917
-0.026436774	-0.24609303	0.27266657	-0.24115646	-0.4220319	0.99999964	0.23529035	0.198699	0.26884487	0.17398658	0.24537085	-0.19141267	0.18254647	0.051602304	-0.22660284	-0.25258738	-0.29819983	0.26255104	-0.3620052	-0.37613124	-0.2365626	-0.382854	0.2342435	0.2856647	-0.41529188
-0.05670088	-0.09018459	0.27830675	-0.32975796	-0.32412568	0.23529035	0.9999997	0.2171609	0.16207962	0.14163344	0.19589819	-0.4610902	0.08113178	0.030566024	-0.11595962	-0.3013728	-0.18790847	0.14214185	-0.09726259	-0.32299536	-0.2876199	-0.48411667	0.24153726	0.29202282	-0.19394691
-0.35145584	-0.22652447	0.20498721	-0.30588627	-0.31763357	0.198699	0.2171609	0.99999976	0.1269526	0.26772314	0.25359255	-0.14910087	0.16554345	-0.25946474	-0.2955749	0.015722824	-0.12477305	0.13863716	-0.08887335	-0.31127623	-0.37115607	-0.42708862	0.2338381	0.2532874	-0.12922372
-0.022116475	-0.20686604	0.25689265	-0.08141798	-0.34073192	0.26884487	0.16207962	0.1269526	0.9999997	0.114658035	0.21630953	-0.26614377	0.15904257	0.08385144	-0.14733858	-0.13849758	-0.61766577	0.24372375	-0.29750666	-0.25432652	-0.1686199	-0.22183906	0.14486073	0.24459305	-0.4623593
-0.37480462	-0.41734755	0.18578239	-0.31940192	-0.20140003	0.17398658	0.14163344	0.26772314	0.114658035	0.99999976	0.29052347	-0.14490758	0.27592373	-0.23226357	-0.4525741	0.030240277	-0.0806426	0.22552079	-0.29961783	-0.14799856	-0.4202625	-0.23455039	0.23199274	0.19536701	-0.08763321
-0.2510357	-0.40541968	0.26188555	-0.23285493	-0.3279134	0.24537085	0.19589819	0.25359255	0.21630953	0.29052347	0.99999976	-0.2836105	0.27205262	-0.14287943	-0.44725746	-0.1096011	-0.23597053	0.28100738	-0.30283296	-0.16507366	-0.374477	-0.2578931	0.24320148	0.24570121	-0.27294892
-0.027566027	0.16434026	-0.50229526	0.20434697	0.25882894	-0.19141267	-0.4610902	-0.14910087	-0.26614377	-0.14490758	-0.2836105	0.9999996	-0.1191139	-0.1689048	0.14890249	0.24674866	0.23772947	-0.19731148	0.15712318	0.26288742	0.2340422	0.22522137	-0.33459046	-0.30871287	0.26678362
-0.25616977	-0.4641926	0.16823256	-0.35698706	-0.27816278	0.18254647	0.08113178	0.16554345	0.15904257	0.27592373	0.27205262	-0.1191139	0.99999946	-0.15336291	-0.37746295	-0.0064526093	-0.14178072	0.2580549	-0.4775075	-0.009633764	-0.2205941	-0.10651568	0.18339401	0.15224339	-0.17258102
0.29908547	0.08159446	0.048080813	0.12205428	0.0061765327	0.051602304	0.030566024	-0.25946474	0.08385144	-0.23226357	-0.14287943	-0.1689048	-0.15336291	0.9999995	0.12756033	-0.46772525	-0.15620662	0.04508995	0.012447263	-0.09620159	0.119232826	0.08141776	-0.01577951	-0.03649384	-0.22455184
0.22676355	0.31759876	-0.21411543	0.24120396	0.2375557	-0.22660284	-0.11595962	-0.2955749	-0.14733858	-0.4525741	-0.44725746	0.14890249	-0.37746295	0.12756033	0.9999995	0.016303858	0.12999657	-0.43873852	0.2699483	0.1134851	0.27530983	0.1744819	-0.23020822	-0.15409017	0.15071388
-0.31130168	0.050930068	-0.21285154	0.034566652	0.16941783	-0.25258738	-0.3013728	0.015722824	-0.13849758	0.030240277	-0.1096011	0.24674866	-0.0064526093	-0.46772525	0.016303858	0.99999964	0.20359287	-0.20279613	0.12585571	0.22551325	0.08173663	0.09833998	-0.16004637	-0.2327241	0.24251026
-0.035061046	0.16503686	-0.3096159	0.085308366	0.27113467	-0.29819983	-0.18790847	-0.12477305	-0.61766577	-0.0806426	-0.23597053	0.23772947	-0.14178072	-0.15620662	0.12999657	0.20359287	0.99999964	-0.3038803	0.22652304	0.22134455	0.1762963	0.1987378	-0.10054906	-0.3713908	0.2904849
-0.068798475	-0.4133182	0.2358545	-0.16672184	-0.3353547	0.26255104	0.14214185	0.13863716	0.24372375	0.22552079	0.28100738	-0.19731148	0.2580549	0.04508995	-0.43873852	-0.20279613	-0.3038803	0.9999995	-0.49617496	-0.17963384	-0.28402206	-0.1461054	0.20109685	0.21219525	-0.26347002
0.08888277	0.29215896	-0.23636886	0.18868066	0.2614401	-0.3620052	-0.09726259	-0.08887335	-0.29750666	-0.29961783	-0.30283296	0.15712318	-0.4775075	0.012447263	0.2699483	0.12585571	0.22652304	-0.49617496	0.9999996	0.13523343	0.221094	0.15019108	-0.16986628	-0.23174581	0.23004146
-0.023824867	0.14162369	-0.27881494	0.20038413	0.26063317	-0.37613124	-0.32299536	-0.31127623	-0.25432652	-0.14799856	-0.16507366	0.26288742	-0.009633764	-0.09620159	0.1134851	0.22551325	0.22134455	-0.17963384	0.13523343	0.9999999	0.22656989	0.25619048	-0.4286511	-0.37793717	0.24886923
0.19564094	0.26260865	-0.4141001	0.28142518	0.281868	-0.2365626	-0.2876199	-0.37115607	-0.1686199	-0.4202625	-0.374477	0.2340422	-0.2205941	0.119232826	0.27530983	0.08173663	0.1762963	-0.28402206	0.221094	0.22656989	0.9999999	0.27461883	-0.3045598	-0.36126757	0.1817936
0.13348868	0.15253504	-0.31238788	0.23886706	0.28696126	-0.382854	-0.48411667	-0.42708862	-0.22183906	-0.23455039	-0.2578931	0.22522137	-0.10651568	0.08141776	0.1744819	0.09833998	0.1987378	-0.1461054	0.15019108	0.25619048	0.27461883	0.9999998	-0.18717837	-0.4195831	0.19243722
-0.19613741	-0.33665374	0.24946131	-0.49617863	-0.24383806	0.2342435	0.24153726	0.2338381	0.14486073	0.23199274	0.24320148	-0.33459046	0.18339401	-0.01577951	-0.23020822	-0.16004637	-0.10054906	0.20109685	-0.16986628	-0.4286511	-0.3045598	-0.18717837	1.0	0.23854446	-0.27640328
-0.09812126	-0.18060124	0.29052368	-0.30145183	-0.4132478	0.2856647	0.29202282	0.2532874	0.24459305	0.19536701	0.24570121	-0.30871287	0.15224339	-0.03649384	-0.15409017	-0.2327241	-0.3713908	0.21219525	-0.23174581	-0.37793717	-0.36126757	-0.4195831	0.23854446	1.0	-0.21201591
-0.07771606	0.18574883	-0.390454	0.15000802	0.26876917	-0.41529188	-0.19394691	-0.12922372	-0.4623593	-0.08763321	-0.27294892	0.26678362	-0.17258102	-0.22455184	0.15071388	0.24251026	0.2904849	-0.26347002	0.23004146	0.24886923	0.1817936	0.19243722	-0.27640328	-0.21201591	1.0
