1.0	0.0031729068	-0.21668711	-0.32868236	-0.36462808	-0.009662053	0.04710797	0.26031548	0.013295544	-0.17527917	-0.46661454	0.05883846	0.27885976	0.14418095	-0.28397655	0.16376287	0.27070156	0.21193404	-0.026203908	-0.054674633	0.21529138	-0.22914685	-0.19817604	0.3028759	-0.28619543
0.0031729068	1.0000002	0.24576399	0.13826673	0.12862223	0.28114116	0.24452378	0.08253197	-0.31174588	-0.15593284	0.06992187	-0.4660263	-0.18957764	-0.27777162	-0.18247125	0.09950607	0.13114566	-0.3535812	0.24691516	-0.36826447	-0.2083731	-0.2694289	0.22968273	0.012898917	-0.23050699
-0.21668711	0.24576399	1.0000005	0.21102287	0.2531399	0.18154822	0.1805426	-0.011712858	-0.15708172	0.00083959097	0.1750009	-0.20812918	-0.32501972	-0.46663633	-0.1409949	0.0066381753	-0.032136787	-0.4036631	0.2529417	-0.28456768	-0.37539253	-0.0534425	0.2618934	-0.1438172	-0.14339396
-0.32868236	0.13826673	0.21102287	1.0000004	0.28030175	0.08210429	0.04537503	-0.33319852	-0.21031073	0.11488983	0.29740813	-0.18213283	-0.44438505	-0.18966466	0.104095906	-0.120115526	-0.24890581	-0.40366253	0.07411212	-0.07102212	-0.32799906	0.12910828	0.23217237	-0.22467378	0.07779357
-0.36462808	0.12862223	0.2531399	0.28030175	1.0000005	0.043008137	0.084781386	-0.1890478	-0.13901407	0.1801655	0.28461033	-0.10004659	-0.33186784	-0.29186708	0.06700254	-0.24265239	-0.2609852	-0.40281332	0.094333515	-0.09036303	-0.4109532	0.10140555	0.25386858	-0.35431793	0.104086585
-0.009662053	0.28114116	0.18154822	0.08210429	0.043008137	1.0000005	0.19909607	0.11110277	-0.18684126	-0.3668569	0.05621033	-0.45751682	-0.0292725	-0.20739502	-0.24446696	0.21432647	0.17663828	-0.20957899	0.25549918	-0.3931237	-0.06617755	-0.27545977	0.11299731	0.047089983	-0.32803568
0.04710797	0.24452378	0.1805426	0.04537503	0.084781386	0.19909607	1.0000005	0.1255615	-0.52876514	-0.015937438	0.00047324627	-0.16284616	-0.10662542	-0.15861699	-0.34153295	0.05097526	0.14088154	-0.15545373	0.22311056	-0.3716061	-0.21381794	-0.35543686	0.23808351	0.1069545	-0.28877732
0.26031548	0.08253197	-0.011712858	-0.33319852	-0.1890478	0.11110277	0.1255615	1.0000005	-0.0901987	-0.28112018	-0.38235813	-0.05882588	0.22223403	-0.014793888	-0.27800977	0.21269174	0.29651105	0.099236496	0.09511775	-0.23971264	0.16164002	-0.4314729	-0.037137352	0.2673642	-0.21582545
0.013295544	-0.31174588	-0.15708172	-0.21031073	-0.13901407	-0.18684126	-0.52876514	-0.0901987	1.0000006	-0.027781937	-0.048661254	0.16445096	0.13257451	0.16410242	0.20131701	0.0005632183	-0.10874884	0.19452183	-0.21882188	0.25012982	0.19627179	0.20102659	-0.45695618	-0.106485665	0.16500951
-0.17527917	-0.15593284	0.00083959097	0.11488983	0.1801655	-0.3668569	-0.015937438	-0.28112018	-0.027781937	1.0000006	0.14802398	0.19699588	-0.2246956	0.062224098	0.18747666	-0.5210288	-0.33411965	-0.10113577	-0.12922801	0.12131632	-0.14801541	0.20111842	0.11538416	-0.27438927	0.23746096
-0.46661454	0.06992187	0.1750009	0.29740813	0.28461033	0.05621033	0.00047324627	-0.38235813	-0.048661254	0.14802398	1.0000007	-0.14558987	-0.41689318	-0.21712998	0.161583	-0.19401179	-0.28312343	-0.29975143	0.04883368	0.01312295	-0.24574699	0.1662764	0.16827974	-0.33805716	0.1470725
0.05883846	-0.4660263	-0.20812918	-0.18213283	-0.10004659	-0.45751682	-0.16284616	-0.05882588	0.16445096	0.19699588	-0.14558987	1.0000007	0.096957706	0.2465266	0.13101804	-0.31079438	-0.15838255	0.19891573	-0.27922723	0.25035954	0.1023431	0.16323398	-0.16813017	0.014075558	0.18212506
0.27885976	-0.18957764	-0.32501972	-0.44438505	-0.33186784	-0.0292725	-0.10662542	0.22223403	0.13257451	-0.2246956	-0.41689318	0.096957706	1.0000007	0.20390671	-0.11215095	0.17168878	0.20879835	0.28879258	-0.1359331	0.055814613	0.29057673	-0.13255961	-0.3045669	0.24427676	-0.08234177
0.14418095	-0.27777162	-0.46663633	-0.18966466	-0.29186708	-0.20739502	-0.15861699	-0.014793888	0.16410242	0.062224098	-0.21712998	0.2465266	0.20390671	1.0000007	0.124474734	-0.12927435	-0.03159432	0.2484327	-0.4812937	0.24382712	0.19668217	0.074335486	-0.2977952	0.10324178	0.12872072
-0.28397655	-0.18247125	-0.1409949	0.104095906	0.06700254	-0.24446696	-0.34153295	-0.27800977	0.20131701	0.18747666	0.161583	0.13101804	-0.11215095	0.124474734	1.0000008	-0.18239398	-0.37970266	-0.0072510303	-0.34615976	0.25020915	0.014581168	0.29090998	-0.11137165	-0.3588741	0.30955607
0.16376287	0.09950607	0.0066381753	-0.120115526	-0.24265239	0.21432647	0.05097526	0.21269174	0.0005632183	-0.5210288	-0.19401179	-0.31079438	0.17168878	-0.12927435	-0.18239398	1.0000007	0.2618269	0.08907091	0.15446897	-0.13593942	0.16057836	-0.20328897	-0.16164908	0.20262358	-0.3232587
0.27070156	0.13114566	-0.032136787	-0.24890581	-0.2609852	0.17663828	0.14088154	0.29651105	-0.10874884	-0.33411965	-0.28312343	-0.15838255	0.20879835	-0.03159432	-0.37970266	0.2618269	1.0000006	0.088076144	0.13348413	-0.19428243	0.14450492	-0.40314522	-0.038522054	0.2945183	-0.39867043
0.21193404	-0.3535812	-0.4036631	-0.40366253	-0.40281332	-0.20957899	-0.15545373	0.099236496	0.19452183	-0.10113577	-0.29975143	0.19891573	0.28879258	0.2484327	-0.0072510303	0.08907091	0.088076144	1.0000006	-0.1483808	0.18075725	0.2855144	0.011672193	-0.30548212	0.17430899	0.024567768
-0.026203908	0.24691516	0.2529417	0.07411212	0.094333515	0.25549918	0.22311056	0.09511775	-0.21882188	-0.12922801	0.04883368	-0.27922723	-0.1359331	-0.4812937	-0.34615976	0.15446897	0.13348413	-0.1483808	1.0000005	-0.4413638	-0.09254117	-0.15644667	0.18175419	0.010044638	-0.34646475
-0.054674633	-0.36826447	-0.28456768	-0.07102212	-0.09036303	-0.3931237	-0.3716061	-0.23971264	0.25012982	0.12131632	0.01312295	0.25035954	0.055814613	0.24382712	0.25020915	-0.13593942	-0.19428243	0.18075725	-0.4413638	1.0000001	0.09891581	0.24075827	-0.2522606	-0.046875145	0.24918869
0.21529138	-0.2083731	-0.37539253	-0.32799906	-0.4109532	-0.06617755	-0.21381794	0.16164002	0.19627179	-0.14801541	-0.24574699	0.1023431	0.29057673	0.19668217	0.014581168	0.16057836	0.14450492	0.2855144	-0.09254117	0.09891581	1.0000001	-0.06817792	-0.43256024	0.17255339	-0.02024768
-0.22914685	-0.2694289	-0.0534425	0.12910828	0.10140555	-0.27545977	-0.35543686	-0.4314729	0.20102659	0.20111842	0.1662764	0.16323398	-0.13255961	0.074335486	0.29090998	-0.20328897	-0.40314522	0.011672193	-0.15644667	0.24075827	-0.06817792	1.0000001	-0.09900597	-0.34347177	0.2788107
-0.19817604	0.22968273	0.2618934	0.23217237	0.25386858	0.11299731	0.23808351	-0.037137352	-0.45695618	0.11538416	0.16827974	-0.16813017	-0.3045669	-0.2977952	-0.11137165	-0.16164908	-0.038522054	-0.30548212	0.18175419	-0.2522606	-0.43256024	-0.09900597	1.0000001	-0.09465453	-0.045545954
0.3028759	0.012898917	-0.1438172	-0.22467378	-0.35431793	0.047089983	0.1069545	0.2673642	-0.106485665	-0.27438927	-0.33805716	0.014075558	0.24427676	0.10324178	-0.3588741	0.20262358	0.2945183	0.17430899	0.010044638	-0.046875145	0.17255339	-0.34347177	-0.09465453	1.0000001	-0.32070795
-0.28619543	-0.23050699	-0.14339396	0.07779357	0.104086585	-0.32803568	-0.28877732	-0.21582545	0.16500951	0.23746096	0.1470725	0.18212506	-0.08234177	0.12872072	0.30955607	-0.3232587	-0.39867043	0.024567768	-0.34646475	0.24918869	-0.02024768	0.2788107	-0.045545954	-0.32070795	1.0000001
