1.0000001	-0.31261152	-0.4121689	0.25790694	0.25180325	-0.2428935	0.055119492	-0.2568047	-0.49104437	-0.3361307	-0.1802613	-0.043895744	-0.19371556	0.06726275	0.2916335	0.2151343	0.27187222	0.18594939	0.27303055	0.21914247	-0.26015538	-0.31686458	-0.3872528	-0.21078943	0.26268843
-0.31261152	1.0	0.26492795	-0.19985819	-0.33144602	0.2914548	-0.024294397	0.20105284	0.24369675	0.26827222	0.1929497	0.09437099	0.18906397	-0.07265678	-0.3570427	-0.3374942	-0.36781546	-0.2695788	-0.48434	-0.26416552	0.26327273	0.2780255	0.2934125	0.15399677	-0.38659802
-0.4121689	0.26492795	1.0000001	-0.46561927	-0.31920874	0.28130805	-0.100762926	0.13514383	0.2695777	0.22737615	0.1460942	0.05288276	0.1981334	-0.007606205	-0.4270693	-0.14743829	-0.32200512	-0.28612489	-0.24863502	-0.21700439	0.28012145	0.25984448	0.26377803	0.23769593	-0.38055676
0.25790694	-0.19985819	-0.46561927	1.0000001	0.21748084	-0.42769814	0.074759915	-0.089913316	-0.26205367	-0.25866175	-0.12684454	0.033461653	-0.12666422	-0.009972387	0.28422287	0.14043577	0.2639025	0.13748118	0.23554179	0.20160265	-0.39221582	-0.27350172	-0.32410938	-0.35546896	0.25098753
0.25180325	-0.33144602	-0.31920874	0.21748084	1.0000001	-0.4166759	0.10392486	-0.14704572	-0.32373524	-0.19319655	-0.1769239	-0.27810103	-0.25551513	0.03368002	0.23544015	0.14013496	0.2796265	0.25944957	0.27114975	0.28417495	-0.31493387	-0.45454857	-0.18969533	-0.21306601	0.27881464
-0.2428935	0.2914548	0.28130805	-0.42769814	-0.4166759	0.99999994	-0.018121032	0.18900937	0.22748956	0.25671804	0.20271944	0.05079315	0.2023729	-0.114146985	-0.24985524	-0.26210946	-0.31159684	-0.28503674	-0.40113574	-0.33607578	0.26221758	0.29077134	0.26577404	0.17095461	-0.3244977
0.055119492	-0.024294397	-0.100762926	0.074759915	0.10392486	-0.018121032	0.99999964	0.20237476	-0.2972275	0.11022967	0.22101653	-0.484226	-0.23297487	-0.35281786	0.026874617	-0.20237547	0.061662648	0.16658543	0.015111208	0.12790988	-0.15955059	-0.004616985	0.02114762	-0.43231758	0.18592878
-0.2568047	0.20105284	0.13514383	-0.089913316	-0.14704572	0.18900937	0.20237476	0.9999997	0.050357778	0.28748712	0.3073609	-0.16261537	0.041748274	-0.43763664	-0.19994096	-0.5303766	-0.16217409	-0.11186555	-0.20347661	-0.08004623	0.055618893	0.19365494	0.22503018	-0.106098175	-0.053935453
-0.49104437	0.24369675	0.2695777	-0.26205367	-0.32373524	0.22748956	-0.2972275	0.050357778	0.99999946	0.16210668	0.025206992	0.17259352	0.21788013	0.06655776	-0.2328522	-0.0809773	-0.24526417	-0.21902727	-0.3054114	-0.26894596	0.26453218	0.22640534	0.21343291	0.2704643	-0.39775115
-0.3361307	0.26827222	0.22737615	-0.25866175	-0.19319655	0.25671804	0.11022967	0.28748712	0.16210668	0.9999996	0.27529064	-0.05375543	0.1273492	-0.26598972	-0.33687618	-0.3811554	-0.34800303	-0.1767197	-0.2623537	-0.24413921	0.17966767	0.27972913	0.2868476	0.04037945	-0.17260212
-0.1802613	0.1929497	0.1460942	-0.12684454	-0.1769239	0.20271944	0.22101653	0.3073609	0.025206992	0.27529064	0.9999996	-0.2252453	-0.011355418	-0.4994678	-0.26469016	-0.38940525	-0.12789848	-0.050418485	-0.19162694	-0.09946566	0.04817169	0.19957848	0.21895044	-0.11087747	-0.09709665
-0.043895744	0.09437099	0.05288276	0.033461653	-0.27810103	0.05079315	-0.484226	-0.16261537	0.17259352	-0.05375543	-0.2252453	0.99999964	0.23238851	0.20126365	-0.012451224	0.12268557	-0.1029279	-0.3596348	-0.110708326	-0.22797893	0.10783104	0.07823735	-0.031269908	0.21425565	-0.23538251
-0.19371556	0.18906397	0.1981334	-0.12666422	-0.25551513	0.2023729	-0.23297487	0.041748274	0.21788013	0.1273492	-0.011355418	0.23238851	0.9999997	0.082850136	-0.14892462	-0.0461438	-0.17360255	-0.5800557	-0.1417733	-0.53752303	0.17118321	0.18152708	0.107524924	0.2313125	-0.2818958
0.06726275	-0.07265678	-0.007606205	-0.009972387	0.03368002	-0.114146985	-0.35281786	-0.43763664	0.06655776	-0.26598972	-0.4994678	0.20126365	0.082850136	0.9999996	0.04480226	0.23678328	-0.013118806	-0.0071785287	0.079021595	-0.089924715	0.0925444	-0.13243055	-0.12066657	0.19407873	-0.12511621
0.2916335	-0.3570427	-0.4270693	0.28422287	0.23544015	-0.24985524	0.026874617	-0.19994096	-0.2328522	-0.33687618	-0.26469016	-0.012451224	-0.14892462	0.04480226	0.9999996	0.23273432	0.2953408	0.1696723	0.28561968	0.21611816	-0.40273157	-0.28418845	-0.4544709	-0.24396895	0.26208302
0.2151343	-0.3374942	-0.14743829	0.14043577	0.14013496	-0.26210946	-0.20237547	-0.5303766	-0.0809773	-0.3811554	-0.38940525	0.12268557	-0.0461438	0.23678328	0.23273432	0.9999997	0.19111452	0.064943604	0.2363667	0.12366831	-0.1367695	-0.19968879	-0.39404303	0.030227767	0.10867334
0.27187222	-0.36781546	-0.32200512	0.2639025	0.2796265	-0.31159684	0.061662648	-0.16217409	-0.24526417	-0.34800303	-0.12789848	-0.1029279	-0.17360255	-0.013118806	0.2953408	0.19111452	0.9999998	0.18077916	0.29105815	0.26328072	-0.46821275	-0.47707435	-0.32853058	-0.18347448	0.2620923
0.18594939	-0.2695788	-0.28612489	0.13748118	0.25944957	-0.28503674	0.16658543	-0.11186555	-0.21902727	-0.1767197	-0.050418485	-0.3596348	-0.5800557	-0.0071785287	0.1696723	0.064943604	0.18077916	0.99999976	0.18482253	0.2803362	-0.14974663	-0.18311852	-0.117936	-0.30547503	0.25988266
0.27303055	-0.48434	-0.24863502	0.23554179	0.27114975	-0.40113574	0.015111208	-0.20347661	-0.3054114	-0.2623537	-0.19162694	-0.110708326	-0.1417733	0.079021595	0.28561968	0.2363667	0.29105815	0.18482253	0.99999976	0.22480519	-0.3890158	-0.28538534	-0.45785964	-0.13713443	0.25417396
0.21914247	-0.26416552	-0.21700439	0.20160265	0.28417495	-0.33607578	0.12790988	-0.08004623	-0.26894596	-0.24413921	-0.09946566	-0.22797893	-0.53752303	-0.089924715	0.21611816	0.12366831	0.26328072	0.2803362	0.22480519	0.9999999	-0.29754722	-0.3790019	-0.18319687	-0.23846664	0.2741984
-0.26015538	0.26327273	0.28012145	-0.39221582	-0.31493387	0.26221758	-0.15955059	0.055618893	0.26453218	0.17966767	0.04817169	0.10783104	0.17118321	0.0925444	-0.40273157	-0.1367695	-0.46821275	-0.14974663	-0.3890158	-0.29754722	0.99999964	0.25075957	0.25810462	0.24446815	-0.30897364
-0.31686458	0.2780255	0.25984448	-0.27350172	-0.45454857	0.29077134	-0.004616985	0.19365494	0.22640534	0.27972913	0.19957848	0.07823735	0.18152708	-0.13243055	-0.28418845	-0.19968879	-0.47707435	-0.18311852	-0.28538534	-0.3790019	0.25075957	0.99999946	0.24968493	0.12484664	-0.22904189
-0.3872528	0.2934125	0.26377803	-0.32410938	-0.18969533	0.26577404	0.02114762	0.22503018	0.21343291	0.2868476	0.21895044	-0.031269908	0.107524924	-0.12066657	-0.4544709	-0.39404303	-0.32853058	-0.117936	-0.45785964	-0.18319687	0.25810462	0.24968493	0.9999995	0.13145284	-0.23172724
-0.21078943	0.15399677	0.23769593	-0.35546896	-0.21306601	0.17095461	-0.43231758	-0.106098175	0.2704643	0.04037945	-0.11087747	0.21425565	0.2313125	0.19407873	-0.24396895	0.030227767	-0.18347448	-0.30547503	-0.13713443	-0.23846664	0.24446815	0.12484664	0.13145284	0.99999964	-0.39339134
0.26268843	-0.38659802	-0.38055676	0.25098753	0.27881464	-0.3244977	0.18592878	-0.053935453	-0.39775115	-0.17260212	-0.09709665	-0.23538251	-0.2818958	-0.12511621	0.26208302	0.10867334	0.2620923	0.25988266	0.25417396	0.2741984	-0.30897364	-0.22904189	-0.23172724	-0.39339134	0.99999964
