1.0000001	-0.106117986	0.030892143	0.25876394	-0.01435851	0.038250364	-0.19649121	0.01752257	0.01366205	0.099408254	-0.23799217	-0.18955405	0.1354769	-0.3287827	-0.33296773	0.14328063	0.18335167	0.19913699	0.11708059	-0.567743	-0.10382018	0.09395705	-0.13277183	-0.10544261	0.05740801
-0.106117986	1.0000002	-0.26500475	-0.09313649	0.29760814	-0.31961194	0.2890663	0.21832842	-0.530518	-0.41345084	0.22082557	-0.064500496	-0.3178802	0.09508298	0.18364166	-0.24710818	0.03821592	-0.17559269	0.04284765	0.1513709	0.22776791	0.18026948	0.30058578	-0.02380758	-0.4672646
0.030892143	-0.26500475	1.0000002	0.007745584	-0.24855158	0.20710081	-0.26196998	-0.39000887	0.20618479	0.2603282	-0.30558583	0.07927639	0.26403835	-0.09481017	-0.14118202	0.2544769	-0.04797193	0.21207625	-0.33354154	-0.16112517	-0.47832367	-0.11877563	-0.28840104	0.18722467	0.23450902
0.25876394	-0.09313649	0.007745584	1.0000004	0.015750606	-0.054902945	-0.101158224	0.094733655	0.011375789	0.037226524	-0.067139916	-0.19398913	0.037217584	-0.7180456	-0.16784307	0.00016256301	0.2308603	0.10150461	-0.019596903	-0.31601363	-0.010021936	0.17065603	-0.02867967	0.01891094	-0.041358232
-0.01435851	0.29760814	-0.24855158	0.015750606	1.0000004	-0.38635254	0.2834335	0.27595994	-0.48332343	-0.3877497	0.23145594	-0.22613603	-0.36332095	0.02423952	0.20251194	-0.34710962	0.13434279	-0.25248718	0.083659574	0.1011176	0.23405433	0.23433238	0.2977245	-0.060262717	-0.36736155
0.038250364	-0.31961194	0.20710081	-0.054902945	-0.38635254	1.0000004	-0.3306869	-0.46226025	0.26386958	0.2522004	-0.2070665	0.2204926	0.28159195	-0.024654536	-0.29612026	0.24958992	-0.19252811	0.22654271	0.030532949	-0.13571414	-0.18303387	-0.39407843	-0.2677021	-0.08225496	0.27251378
-0.19649121	0.2890663	-0.26196998	-0.101158224	0.2834335	-0.3306869	1.0000001	0.20771869	-0.36209717	-0.3563572	0.2851178	-0.065923706	-0.37945056	0.11950341	0.25221622	-0.24744001	0.014519743	-0.42895678	0.09504508	0.22491373	0.2642916	0.1611553	0.30099487	-0.11770145	-0.3949957
0.01752257	0.21832842	-0.39000887	0.094733655	0.27595994	-0.46226025	0.20771869	1.0000001	-0.22745542	-0.27666923	0.17679863	-0.3245206	-0.40224004	-0.051570468	0.19418977	-0.3222387	0.20027742	-0.15525754	0.0251478	0.068898074	0.20098875	0.24569632	0.23119855	0.02729087	-0.21652578
0.01366205	-0.530518	0.20618479	0.011375789	-0.48332343	0.26386958	-0.36209717	-0.22745542	1.0000002	0.2666222	-0.1891625	0.13214311	0.24335508	-0.044561695	-0.118413374	0.20412196	-0.09334839	0.1871471	-0.09532658	-0.07298995	-0.17954406	-0.33912462	-0.3685092	0.054387134	0.3047235
0.099408254	-0.41345084	0.2603282	0.037226524	-0.3877497	0.2522004	-0.3563572	-0.27666923	0.2666222	1.0000002	-0.3832983	0.06879115	0.3033499	-0.043990385	-0.30590084	0.30475906	-0.043476604	0.26365563	-0.0869984	-0.14006492	-0.39296162	-0.13493602	-0.444923	0.06332832	0.29347137
-0.23799217	0.22082557	-0.30558583	-0.067139916	0.23145594	-0.2070665	0.2851178	0.17679863	-0.1891625	-0.3832983	1.0000002	-0.018510832	-0.24563232	0.09327595	0.24963118	-0.46186382	-0.010033284	-0.45387477	0.12950696	0.23151574	0.29365718	0.10255218	0.27648458	-0.20277753	-0.28128883
-0.18955405	-0.064500496	0.07927639	-0.19398913	-0.22613603	0.2204926	-0.065923706	-0.3245206	0.13214311	0.06879115	-0.018510832	1.0000004	0.12389599	0.16175504	-0.14647667	0.077161156	-0.6018774	0.077562355	0.02565162	0.055231284	0.0078020548	-0.44575813	-0.06563979	-0.0946768	0.12744856
0.1354769	-0.3178802	0.26403835	0.037217584	-0.36332095	0.28159195	-0.37945056	-0.40224004	0.24335508	0.3033499	-0.24563232	0.12389599	1.0000004	-0.055644553	-0.3634415	0.3024378	-0.10424233	0.2691186	-0.06946259	-0.2750048	-0.35854736	-0.1513401	-0.3944091	0.020075828	0.27292627
-0.3287827	0.09508298	-0.09481017	-0.7180456	0.02423952	-0.024654536	0.11950341	-0.051570468	-0.044561695	-0.043990385	0.09327595	0.16175504	-0.055644553	1.0000002	0.1378825	-0.029784642	-0.30668214	-0.15969643	0.028627139	0.23893534	0.04717787	-0.18526444	0.05383468	-0.031756204	-0.00096371176
-0.33296773	0.18364166	-0.14118202	-0.16784307	0.20251194	-0.29612026	0.25221622	0.19418977	-0.118413374	-0.30590084	0.24963118	-0.14647667	-0.3634415	0.1378825	1.0000002	-0.36427027	0.049259774	-0.45139393	-0.079112686	0.277356	0.18947408	0.12809512	0.23800473	0.06531596	-0.15921202
0.14328063	-0.24710818	0.2544769	0.00016256301	-0.34710962	0.24958992	-0.24744001	-0.3222387	0.20412196	0.30475906	-0.46186382	0.077161156	0.3024378	-0.029784642	-0.36427027	1.0000004	-0.06981294	0.28382733	-0.0512517	-0.2576414	-0.3908943	-0.12463977	-0.41205895	0.032035153	0.2599772
0.18335167	0.03821592	-0.04797193	0.2308603	0.13434279	-0.19252811	0.014519743	0.20027742	-0.09334839	-0.043476604	-0.010033284	-0.6018774	-0.10424233	-0.30668214	0.049259774	-0.06981294	1.0000002	-0.015474149	-0.051035885	-0.13808256	-0.053595647	0.26891878	0.05289077	0.10413947	-0.12152446
0.19913699	-0.17559269	0.21207625	0.10150461	-0.25248718	0.22654271	-0.42895678	-0.15525754	0.1871471	0.26365563	-0.45387477	0.077562355	0.2691186	-0.15969643	-0.45139393	0.28382733	-0.015474149	1.0000002	-0.04075308	-0.34942418	-0.28932577	-0.17888905	-0.34027368	0.045575857	0.23515974
0.11708059	0.04284765	-0.33354154	-0.019596903	0.083659574	0.030532949	0.09504508	0.0251478	-0.09532658	-0.0869984	0.12950696	0.02565162	-0.06946259	0.028627139	-0.079112686	-0.0512517	-0.051035885	-0.04075308	1.0	-0.08564759	0.18122408	-0.0717736	0.03498677	-0.74221474	-0.03919427
-0.567743	0.1513709	-0.16112517	-0.31601363	0.1011176	-0.13571414	0.22491373	0.068898074	-0.07298995	-0.14006492	0.23151574	0.055231284	-0.2750048	0.23893534	0.277356	-0.2576414	-0.13808256	-0.34942418	-0.08564759	0.9999999	0.17124717	-0.01161733	0.19078958	0.0314479	-0.16276012
-0.10382018	0.22776791	-0.47832367	-0.010021936	0.23405433	-0.18303387	0.2642916	0.20098875	-0.17954406	-0.39296162	0.29365718	0.0078020548	-0.35854736	0.04717787	0.18947408	-0.3908943	-0.053595647	-0.28932577	0.18122408	0.17124717	0.99999994	0.065566406	0.27362993	-0.25997764	-0.31804314
0.09395705	0.18026948	-0.11877563	0.17065603	0.23433238	-0.39407843	0.1611553	0.24569632	-0.33912462	-0.13493602	0.10255218	-0.44575813	-0.1513401	-0.18526444	0.12809512	-0.12463977	0.26891878	-0.17888905	-0.0717736	-0.01161733	0.065566406	1.0000002	0.15738805	0.076294616	-0.32028368
-0.13277183	0.30058578	-0.28840104	-0.02867967	0.2977245	-0.2677021	0.30099487	0.23119855	-0.3685092	-0.444923	0.27648458	-0.06563979	-0.3944091	0.05383468	0.23800473	-0.41205895	0.05289077	-0.34027368	0.03498677	0.19078958	0.27362993	0.15738805	1.0000004	-0.012814975	-0.44061443
-0.10544261	-0.02380758	0.18722467	0.01891094	-0.060262717	-0.08225496	-0.11770145	0.02729087	0.054387134	0.06332832	-0.20277753	-0.0946768	0.020075828	-0.031756204	0.06531596	0.032035153	0.10413947	0.045575857	-0.74221474	0.0314479	-0.25997764	0.076294616	-0.012814975	1.0000002	0.030491697
0.05740801	-0.4672646	0.23450902	-0.041358232	-0.36736155	0.27251378	-0.3949957	-0.21652578	0.3047235	0.29347137	-0.28128883	0.12744856	0.27292627	-0.00096371176	-0.15921202	0.2599772	-0.12152446	0.23515974	-0.03919427	-0.16276012	-0.31804314	-0.32028368	-0.44061443	0.030491697	1.0000002
