0.99999994	0.17848708	-0.016392697	-0.21885483	-0.39201555	-0.08621337	-0.069588535	-0.15332946	0.16502522	0.045550138	-0.116366684	0.22316708	-0.05023503	0.020385144	0.19203068	0.20277847	-0.29201484	0.121595204	-0.37389964	-0.47565234	0.12418399	-0.16155796	-0.31659022	0.15626192	0.055597324
0.17848708	1.0000001	-0.2810831	-0.43336427	-0.20195481	-0.2780309	-0.33782902	-0.16631198	0.25545263	0.18729115	-0.26038596	0.2601009	0.1314887	-0.2967232	0.05954447	0.26853928	-0.15186703	0.25902078	-0.22674398	-0.2572335	0.27067363	0.15669379	-0.4753042	0.26864535	-0.12981164
-0.016392697	-0.2810831	1.0000004	0.15052089	-0.014663156	0.18886769	0.16907166	-0.18536398	-0.116991065	-0.15201268	0.13909258	-0.090600275	-0.15779951	0.23609108	0.16151644	-0.19064724	-0.053738378	-0.45602953	0.08763519	0.066355556	-0.33192113	-0.4978919	0.19139984	-0.08961245	0.23770438
-0.21885483	-0.43336427	0.15052089	1.0000002	0.22941682	0.11559042	0.196148	0.1956599	-0.29779837	-0.07031974	0.16715203	-0.45910138	-0.051877055	0.21509486	-0.18073435	-0.33968294	0.19946991	-0.30999306	0.2493345	0.27735844	-0.30681032	-0.09940015	0.27791926	-0.31963778	0.076146424
-0.39201555	-0.20195481	-0.014663156	0.22941682	1.0000005	0.13848484	0.1273402	0.20271908	-0.31224623	-0.2056019	0.22030427	-0.3001002	-0.09890441	0.118417084	-0.15756479	-0.34859905	0.22096865	-0.099633455	0.27174175	0.26066917	-0.3097944	0.09944041	0.23620358	-0.35258394	0.012603008
-0.08621337	-0.2780309	0.18886769	0.11559042	0.13848484	1.0000005	0.260077	-0.09943249	-0.22827397	-0.44142362	0.2562073	-0.0825242	-0.40828297	0.2047128	0.15662847	-0.15081295	-0.116120055	-0.24738568	0.17024148	0.09048793	-0.24315827	-0.27285573	0.22750172	-0.34921178	0.21606481
-0.069588535	-0.33782902	0.16907166	0.196148	0.1273402	0.260077	1.0000005	-0.040116057	-0.15297613	-0.33110434	0.22106391	-0.34455022	-0.19938503	0.18500002	0.12383504	-0.12012922	-0.011679026	-0.27437276	0.13697132	0.10303341	-0.14251348	-0.25985542	0.22438179	-0.52530843	0.16471024
-0.15332946	-0.16631198	-0.18536398	0.1956599	0.20271908	-0.09943249	-0.040116057	1.0000004	-0.23301177	0.06871017	0.033054102	-0.21227524	0.0670411	0.073605806	-0.5235715	-0.25497282	0.26288387	0.04007223	0.18591775	0.18477368	-0.09487233	0.15158059	0.13482255	-0.08451018	-0.1452578
0.16502522	0.25545263	-0.116991065	-0.29779837	-0.31224623	-0.22827397	-0.15297613	-0.23301177	1.0000005	0.18584457	-0.4074799	0.24588062	0.18913953	-0.35499212	0.07092633	0.3080251	-0.1633828	0.21633358	-0.40502822	-0.28273	0.27276534	0.07220177	-0.25770918	0.2361627	-0.23032703
0.045550138	0.18729115	-0.15201268	-0.07031974	-0.2056019	-0.44142362	-0.33110434	0.06871017	0.18584457	1.0000004	-0.6025805	0.06861722	0.17648268	-0.15658581	-0.16112979	0.12276018	-0.021072011	0.16406026	-0.13660495	-0.022129195	0.13709837	0.1659971	-0.2478774	0.23967002	-0.07986322
-0.116366684	-0.26038596	0.13909258	0.16715203	0.22030427	0.2562073	0.22106391	0.033054102	-0.4074799	-0.6025805	1.0000004	-0.1421444	-0.16983572	0.19491114	0.050156854	-0.2598705	0.09763101	-0.22138032	0.1966684	0.12377702	-0.20423342	-0.14158231	0.23836434	-0.31738612	0.10882748
0.22316708	0.2601009	-0.090600275	-0.45910138	-0.3001002	-0.0825242	-0.34455022	-0.21227524	0.24588062	0.06861722	-0.1421444	1.0000002	0.074148506	-0.22911826	0.102021776	0.26695457	-0.26373032	0.20699613	-0.30002674	-0.43997103	0.2321117	0.024830591	-0.22841237	0.2450722	-0.107715204
-0.05023503	0.1314887	-0.15779951	-0.051877055	-0.09890441	-0.40828297	-0.19938503	0.0670411	0.18913953	0.17648268	-0.16983572	0.074148506	1.0000002	-0.3716046	-0.23581143	0.16458301	0.1447572	0.21324226	-0.2718933	-0.034715414	0.20402794	0.21257019	-0.19316903	0.18125007	-0.45093822
0.020385144	-0.2967232	0.23609108	0.21509486	0.118417084	0.2047128	0.18500002	0.073605806	-0.35499212	-0.15658581	0.19491114	-0.22911826	-0.3716046	1.0000002	0.017083768	-0.33909324	0.052179437	-0.28306025	0.18109114	0.12038102	-0.3853662	-0.36533085	0.23384999	-0.18413413	0.24257666
0.19203068	0.05954447	0.16151644	-0.18073435	-0.15756479	0.15662847	0.12383504	-0.5235715	0.07092633	-0.16112979	0.050156854	0.102021776	-0.23581143	0.017083768	1.0000002	0.09025739	-0.33678612	-0.12693818	-0.19907665	-0.17145093	-0.03169376	-0.22310218	-0.09166082	-0.02050266	0.20294958
0.20277847	0.26853928	-0.19064724	-0.33968294	-0.34859905	-0.15081295	-0.12012922	-0.25497282	0.3080251	0.12276018	-0.2598705	0.26695457	0.16458301	-0.33909324	0.09025739	1.0000004	-0.12189702	0.24191178	-0.36763328	-0.3962751	0.2904352	0.07194023	-0.34698895	0.21076447	-0.21714385
-0.29201484	-0.15186703	-0.053738378	0.19946991	0.22096865	-0.116120055	-0.011679026	0.26288387	-0.1633828	-0.021072011	0.09763101	-0.26373032	0.1447572	0.052179437	-0.33678612	-0.12189702	1.0000004	0.011255857	0.12867615	0.19147989	-0.15521464	0.13707292	0.123312786	-0.095914684	-0.2507154
0.121595204	0.25902078	-0.45602953	-0.30999306	-0.099633455	-0.24738568	-0.27437276	0.04007223	0.21633358	0.16406026	-0.22138032	0.20699613	0.21324226	-0.28306025	-0.12693818	0.24191178	0.011255857	1.0000005	-0.2835661	-0.28305757	0.26847792	0.22253689	-0.28690004	0.20399484	-0.35293612
-0.37389964	-0.22674398	0.08763519	0.2493345	0.27174175	0.17024148	0.13697132	0.18591775	-0.40502822	-0.13660495	0.1966684	-0.30002674	-0.2718933	0.18109114	-0.19907665	-0.36763328	0.12867615	-0.2835661	1.0000002	0.27747926	-0.21203604	0.0072880974	0.26230806	-0.25596324	0.11867692
-0.47565234	-0.2572335	0.066355556	0.27735844	0.26066917	0.09048793	0.10303341	0.18477368	-0.28273	-0.022129195	0.12377702	-0.43997103	-0.034715414	0.12038102	-0.17145093	-0.3962751	0.19147989	-0.28305757	0.27747926	1.0000002	-0.24865912	0.03114895	0.24298012	-0.16106069	0.052514005
0.12418399	0.27067363	-0.33192113	-0.30681032	-0.3097944	-0.24315827	-0.14251348	-0.09487233	0.27276534	0.13709837	-0.20423342	0.2321117	0.20402794	-0.3853662	-0.03169376	0.2904352	-0.15521464	0.26847792	-0.21203604	-0.24865912	1.0000002	0.15405121	-0.35887158	0.21713871	-0.32308403
-0.16155796	0.15669379	-0.4978919	-0.09940015	0.09944041	-0.27285573	-0.25985542	0.15158059	0.07220177	0.1659971	-0.14158231	0.024830591	0.21257019	-0.36533085	-0.22310218	0.07194023	0.13707292	0.22253689	0.0072880974	0.03114895	0.15405121	1.0000004	-0.17824182	0.08457426	-0.28182915
-0.31659022	-0.4753042	0.19139984	0.27791926	0.23620358	0.22750172	0.22438179	0.13482255	-0.25770918	-0.2478774	0.23836434	-0.22841237	-0.19316903	0.23384999	-0.09166082	-0.34698895	0.123312786	-0.28690004	0.26230806	0.24298012	-0.35887158	-0.17824182	1.0000001	-0.32886183	0.14917317
0.15626192	0.26864535	-0.08961245	-0.31963778	-0.35258394	-0.34921178	-0.52530843	-0.08451018	0.2361627	0.23967002	-0.31738612	0.2450722	0.18125007	-0.18413413	-0.02050266	0.21076447	-0.095914684	0.20399484	-0.25596324	-0.16106069	0.21713871	0.08457426	-0.32886183	1.0000001	-0.1316453
0.055597324	-0.12981164	0.23770438	0.076146424	0.012603008	0.21606481	0.16471024	-0.1452578	-0.23032703	-0.07986322	0.10882748	-0.107715204	-0.45093822	0.24257666	0.20294958	-0.21714385	-0.2507154	-0.35293612	0.11867692	0.052514005	-0.32308403	-0.28182915	0.14917317	-0.1316453	1.0000001
