1.0000001	-0.027010426	0.24851108	-0.5885753	0.013280709	0.15212688	-0.4157366	-0.123038724	-0.062306955	0.07121699	0.015806079	-0.23329617	0.1301696	-0.09144516	0.23328567	-0.008118012	-0.0018130192	-0.22049372	-0.18120088	0.03258393	0.17611036	0.02343503	-0.14366607	0.19531234	0.06885526
-0.027010426	1.0000001	0.12916663	0.018477295	0.26424786	0.058752324	-0.15992619	-0.15082736	0.12848665	-0.4290335	-0.10529823	0.15483771	0.28712988	-0.4844221	0.11402128	0.19633971	0.10015263	-0.31598002	-0.31662327	-0.10925443	-0.028580576	-0.27644742	-0.23765732	0.23555465	0.17190969
0.24851108	0.12916663	0.99999994	-0.3027679	0.118829906	0.19212754	-0.52173346	-0.18194659	-0.22884487	-0.112071715	0.07655932	-0.09571736	0.21087441	-0.19796999	0.25515625	0.01653004	0.01815727	-0.3199653	-0.17512478	0.034035742	0.107428275	-0.035868347	-0.19691129	0.20701237	0.07673852
-0.5885753	0.018477295	-0.3027679	0.9999998	-0.048756536	-0.102872945	0.26136258	0.17450808	0.037588254	-0.0850605	0.013525114	0.111195266	-0.16404323	0.073054925	-0.3319852	-0.04324442	-0.019420002	0.17194206	0.15959284	-0.027354695	-0.29835534	0.0065197526	0.16540116	-0.2869154	-0.101357184
0.013280709	0.26424786	0.118829906	-0.048756536	0.99999964	0.09173583	-0.099450015	0.049795836	0.061070826	-0.36646748	-0.048648123	0.17092143	0.28860006	-0.37544668	0.07706122	0.21912447	0.117904544	-0.1767592	-0.3698377	-0.18854216	-0.19335441	-0.5132557	-0.22715908	0.21538484	0.049783107
0.15212688	0.058752324	0.19212754	-0.102872945	0.09173583	0.9999996	-0.20481229	-0.014801482	-0.32232383	0.017782182	0.17841016	-0.3042329	0.14402106	-0.11872226	0.22488943	-0.16466153	-0.05701834	-0.05782111	-0.15137987	0.08135227	0.049145844	-0.046603706	-0.50817084	0.093167424	-0.1372486
-0.4157366	-0.15992619	-0.52173346	0.26136258	-0.099450015	-0.20481229	0.9999995	0.16587003	0.086483	0.053540725	0.0066525987	0.08960804	-0.23439105	0.17535068	-0.35545018	-0.07923271	-0.12398125	0.24937092	0.17538325	0.028672904	-0.121188335	0.03515468	0.1990993	-0.26714838	-0.21882099
-0.123038724	-0.15082736	-0.18194659	0.17450808	0.049795836	-0.014801482	0.16587003	0.9999996	-0.093227744	-0.012845636	0.13747536	0.058664665	-0.11735621	0.034925442	-0.31795308	0.020642288	-0.060961984	0.19167598	0.124572866	-0.15178847	-0.519923	-0.14510275	0.1720411	-0.13745455	-0.3387113
-0.062306955	0.12848665	-0.22884487	0.037588254	0.061070826	-0.32232383	0.086483	-0.093227744	0.99999946	-0.25949752	-0.46053344	0.25255606	0.043778013	-0.07908955	-0.20543887	0.22470923	0.1805253	-0.113010794	-0.17554854	-0.23130944	0.010646423	-0.09821316	0.08299816	0.07140654	0.20743883
0.07121699	-0.4290335	-0.112071715	-0.0850605	-0.36646748	0.017782182	0.053540725	-0.012845636	-0.25949752	0.99999934	0.1452589	-0.25800177	-0.33776057	0.23360108	0.005928758	-0.39026105	-0.19719933	0.18482938	0.22684592	0.21567537	0.14592755	0.27478543	0.058671393	-0.16366185	-0.12786259
0.015806079	-0.10529823	0.07655932	0.013525114	-0.048648123	0.17841016	0.0066525987	0.13747536	-0.46053344	0.1452589	0.9999993	-0.28619674	-0.04346491	0.036045864	0.034314845	-0.21502209	-0.46885994	0.107876346	0.08385603	0.18494855	-0.120518014	0.086033106	-0.040032104	-0.060254637	-0.38118222
-0.23329617	0.15483771	-0.09571736	0.111195266	0.17092143	-0.3042329	0.08960804	0.058664665	0.25255606	-0.25800177	-0.28619674	0.9999993	0.094067946	-0.09860491	-0.2585822	0.27315843	0.17719194	-0.14386824	-0.15354629	-0.29684016	-0.18507525	-0.33453962	0.092803806	0.06104288	0.12682743
0.1301696	0.28712988	0.21087441	-0.16404323	0.28860006	0.14402106	-0.23439105	-0.11735621	0.043778013	-0.33776057	-0.04346491	0.094067946	0.99999934	-0.395271	0.1715906	0.17783275	0.05374626	-0.34846124	-0.4458871	-0.08589706	-0.018345427	-0.35195652	-0.25639233	0.27791265	0.13584241
-0.09144516	-0.4844221	-0.19796999	0.073054925	-0.37544668	-0.11872226	0.17535068	0.034925442	-0.07908955	0.23360108	0.036045864	-0.09860491	-0.395271	0.9999993	-0.22912598	-0.14168635	-0.036346093	0.22792193	0.2760387	0.095251106	0.060105175	0.2191799	0.20157069	-0.45316884	-0.08427205
0.23328567	0.11402128	0.25515625	-0.3319852	0.07706122	0.22488943	-0.35545018	-0.31795308	-0.20543887	0.005928758	0.034314845	-0.2585822	0.1715906	-0.22912598	0.9999992	-0.085007966	-0.012265403	-0.1306835	-0.13219664	0.10914542	0.19061963	-0.0012502815	-0.4004462	0.17904107	0.076523155
-0.008118012	0.19633971	0.01653004	-0.04324442	0.21912447	-0.16466153	-0.07923271	0.020642288	0.22470923	-0.39026105	-0.21502209	0.27315843	0.17783275	-0.14168635	-0.085007966	0.99999934	0.23913099	-0.2607251	-0.22991969	-0.4737607	-0.16833785	-0.32529062	0.013690056	0.19383137	0.15407288
-0.0018130192	0.10015263	0.01815727	-0.019420002	0.117904544	-0.05701834	-0.12398125	-0.060961984	0.1805253	-0.19719933	-0.46885994	0.17719194	0.05374626	-0.036346093	-0.012265403	0.23913099	0.9999994	-0.11673487	-0.04180864	-0.49821422	-0.036389295	-0.2329342	-0.0068519856	0.11102601	0.18687256
-0.22049372	-0.31598002	-0.3199653	0.17194206	-0.1767592	-0.05782111	0.24937092	0.19167598	-0.113010794	0.18482938	0.107876346	-0.14386824	-0.34846124	0.22792193	-0.1306835	-0.2607251	-0.11673487	0.9999995	0.2781168	0.09209561	-0.09596586	0.13552904	0.15480551	-0.39795396	-0.38202956
-0.18120088	-0.31662327	-0.17512478	0.15959284	-0.3698377	-0.15137987	0.17538325	0.124572866	-0.17554854	0.22684592	0.08385603	-0.15354629	-0.4458871	0.2760387	-0.13219664	-0.22991969	-0.04180864	0.2781168	0.99999946	0.114430934	-0.054903608	0.20563178	0.20992798	-0.38953742	-0.24021636
0.03258393	-0.10925443	0.034035742	-0.027354695	-0.18854216	0.08135227	0.028672904	-0.15178847	-0.23130944	0.21567537	0.18494855	-0.29684016	-0.08589706	0.095251106	0.10914542	-0.4737607	-0.49821422	0.09209561	0.114430934	0.99999934	0.17704634	0.22774044	-0.06086412	-0.23204772	-0.077544846
0.17611036	-0.028580576	0.107428275	-0.29835534	-0.19335441	0.049145844	-0.121188335	-0.519923	0.010646423	0.14592755	-0.120518014	-0.18507525	-0.018345427	0.060105175	0.19061963	-0.16833785	-0.036389295	-0.09596586	-0.054903608	0.17704634	0.9999992	0.18425374	-0.24696557	0.03432957	0.15740041
0.02343503	-0.27644742	-0.035868347	0.0065197526	-0.5132557	-0.046603706	0.03515468	-0.14510275	-0.09821316	0.27478543	0.086033106	-0.33453962	-0.35195652	0.2191799	-0.0012502815	-0.32529062	-0.2329342	0.13552904	0.20563178	0.22774044	0.18425374	0.99999934	0.0906115	-0.15349294	-0.024178904
-0.14366607	-0.23765732	-0.19691129	0.16540116	-0.22715908	-0.50817084	0.1990993	0.1720411	0.08299816	0.058671393	-0.040032104	0.092803806	-0.25639233	0.20157069	-0.4004462	0.013690056	-0.0068519856	0.15480551	0.20992798	-0.06086412	-0.24696557	0.0906115	0.9999993	-0.21033768	-0.07526561
0.19531234	0.23555465	0.20701237	-0.2869154	0.21538484	0.093167424	-0.26714838	-0.13745455	0.07140654	-0.16366185	-0.060254637	0.06104288	0.27791265	-0.45316884	0.17904107	0.19383137	0.11102601	-0.39795396	-0.38953742	-0.23204772	0.03432957	-0.15349294	-0.21033768	0.9999992	0.17733982
0.06885526	0.17190969	0.07673852	-0.101357184	0.049783107	-0.1372486	-0.21882099	-0.3387113	0.20743883	-0.12786259	-0.38118222	0.12682743	0.13584241	-0.08427205	0.076523155	0.15407288	0.18687256	-0.38202956	-0.24021636	-0.077544846	0.15740041	-0.024178904	-0.07526561	0.17733982	0.9999992
