1.0000001	-0.34794444	0.010494914	0.17156933	0.13452972	0.20592436	-0.3523211	0.130341	-0.2964124	-0.33870652	0.06622184	0.089058004	-0.07028128	0.107490204	-0.10671321	-0.14641607	-0.4398415	-0.04394969	0.14100295	0.15772648	-0.31535637	-0.024288373	-0.07265421	0.23211679	0.303361
-0.34794444	1.0000002	-0.15303801	-0.100188084	-0.25769567	-0.28351814	0.20543408	-0.05475817	0.20581582	0.29893556	-0.28140557	-0.19972631	0.203126	-0.33463392	0.20401837	0.05882307	0.23691976	0.17525539	-0.1929176	-0.3615627	0.13511129	0.08441533	0.20736001	-0.4079164	-0.29729715
0.010494914	-0.15303801	0.99999994	-0.1857699	0.1949445	0.07683209	0.062970996	-0.03275779	-0.11857529	-0.10783653	0.12898237	0.28088668	-0.14068742	0.28012067	-0.39457044	0.14370786	-0.13367648	-0.44626668	0.1831548	0.24495046	0.038514867	-0.37980366	-0.44649407	0.17126483	-0.07104852
0.17156933	-0.100188084	-0.1857699	0.9999997	0.054035027	0.08499278	-0.39228955	0.24093883	-0.05551486	-0.0062740096	-0.1338239	-0.24549088	0.077670984	-0.04849206	0.13696836	-0.5010002	-0.0069387914	0.003914681	-0.0800371	-0.07799532	-0.45664674	0.23036563	0.13858362	-0.00017243536	0.2160623
0.13452972	-0.25769567	0.1949445	0.054035027	0.9999995	-0.051803783	-0.16137739	0.108491346	0.015798625	-0.15134583	0.040891062	0.14640595	-0.010801165	0.28257504	-0.3413362	-0.01008039	-0.11619594	-0.43844888	0.11559535	0.17821008	-0.1615913	-0.15015924	-0.23347342	0.2117952	0.13480811
0.20592436	-0.28351814	0.07683209	0.08499278	-0.051803783	0.99999964	-0.26873595	-0.0720902	-0.69957924	-0.31953633	0.10285453	0.13293183	-0.10700287	0.069054924	-0.094309054	-0.034159854	-0.0999876	-0.016081437	0.11718232	0.122954875	-0.089324385	-0.009280901	-0.08613695	0.18945259	0.17262475
-0.3523211	0.20543408	0.062970996	-0.39228955	-0.16137739	-0.26873595	0.9999995	-0.17851667	0.16145757	0.1531159	0.028893547	0.022519276	-0.011209052	-0.09513933	-0.024615658	0.22656439	0.12605217	0.087007016	0.009053643	-0.058442835	0.26065174	-0.1615779	-0.05733268	-0.22176702	-0.50957644
0.130341	-0.05475817	-0.03275779	0.24093883	0.108491346	-0.0720902	-0.17851667	0.9999996	0.09426061	0.021500908	-0.07114175	-0.11022651	0.0581497	0.02022791	0.088601716	-0.50222754	-0.033945832	-0.14825244	-0.24726015	-0.14112014	-0.49997586	0.19700879	0.08717441	-0.0053356015	0.13541381
-0.2964124	0.20581582	-0.11857529	-0.05551486	0.015798625	-0.69957924	0.16145757	0.09426061	0.9999997	0.23663835	-0.10605115	-0.21990773	0.107706875	-0.08557475	0.12652367	-0.011764222	0.14253332	-0.009928119	-0.16794218	-0.1525256	0.01639319	0.07102593	0.106411025	-0.24079978	-0.1610801
-0.33870652	0.29893556	-0.10783653	-0.0062740096	-0.15134583	-0.31953633	0.1531159	0.021500908	0.23663835	0.9999998	-0.30123726	-0.26896617	0.21138528	-0.2100507	0.21458262	-0.05334296	0.2703316	0.10107474	-0.3057208	-0.28894994	0.07558117	0.12404608	0.212843	-0.47328675	-0.312458
0.06622184	-0.28140557	0.12898237	-0.1338239	0.040891062	0.10285453	0.028893547	-0.07114175	-0.10605115	-0.30123726	0.99999964	0.2435716	-0.74941003	0.14432308	-0.22594017	0.061876077	-0.13148607	-0.050364688	0.15212214	0.24573354	0.0711745	-0.11475821	-0.24490473	0.19749628	0.057589114
0.089058004	-0.19972631	0.28088668	-0.24549088	0.14640595	0.13293183	0.022519276	-0.11022651	-0.21990773	-0.26896617	0.2435716	0.9999996	-0.35367414	0.251521	-0.38060248	0.1595042	-0.23281336	-0.26599082	0.2429501	0.2971565	0.10486375	-0.37108156	-0.3753235	0.24211486	0.006399458
-0.07028128	0.203126	-0.14068742	0.077670984	-0.010801165	-0.10700287	-0.011209052	0.0581497	0.107706875	0.21138528	-0.74941003	-0.35367414	0.99999946	-0.15136957	0.17643979	-0.027664313	0.13133807	0.060954105	-0.14931957	-0.3485374	-0.06674203	0.1215579	0.20011891	-0.19582337	-0.061927404
0.107490204	-0.33463392	0.28012067	-0.04849206	0.28257504	0.069054924	-0.09513933	0.02022791	-0.08557475	-0.2100507	0.14432308	0.251521	-0.15136957	0.9999995	-0.3207892	0.045130357	-0.15022656	-0.48495707	0.18485945	0.270996	-0.060402703	-0.29331845	-0.37798452	0.25087243	0.109729044
-0.10671321	0.20401837	-0.39457044	0.13696836	-0.3413362	-0.094309054	-0.024615658	0.088601716	0.12652367	0.21458262	-0.22594017	-0.38060248	0.17643979	-0.3207892	0.9999996	-0.15753229	0.19141127	0.22946315	-0.34957847	-0.3451677	-0.10908633	0.27567813	0.32076445	-0.35051188	-0.01233602
-0.14641607	0.05882307	0.14370786	-0.5010002	-0.01008039	-0.034159854	0.22656439	-0.50222754	-0.011764222	-0.05334296	0.061876077	0.1595042	-0.027664313	0.045130357	-0.15753229	0.99999964	-0.05613606	0.011219452	0.17169204	0.11925284	0.27603605	-0.3728048	-0.1758437	0.014462185	-0.21768191
-0.4398415	0.23691976	-0.13367648	-0.0069387914	-0.11619594	-0.0999876	0.12605217	-0.033945832	0.14253332	0.2703316	-0.13148607	-0.23281336	0.13133807	-0.15022656	0.19141127	-0.05613606	0.9999995	0.06452211	-0.45112112	-0.33411607	0.10150061	0.1654729	0.19440979	-0.2921024	-0.35170066
-0.04394969	0.17525539	-0.44626668	0.003914681	-0.43844888	-0.016081437	0.087007016	-0.14825244	-0.009928119	0.10107474	-0.050364688	-0.26599082	0.060954105	-0.48495707	0.22946315	0.011219452	0.06452211	0.99999946	-0.053427316	-0.2578194	0.08397856	0.14890394	0.22870687	-0.17281576	-0.05627047
0.14100295	-0.1929176	0.1831548	-0.0800371	0.11559535	0.11718232	0.009053643	-0.24726015	-0.16794218	-0.3057208	0.15212214	0.2429501	-0.14931957	0.18485945	-0.34957847	0.17169204	-0.45112112	-0.053427316	0.99999946	0.2766085	0.048464548	-0.3839642	-0.34494045	0.23421438	0.09778452
0.15772648	-0.3615627	0.24495046	-0.07799532	0.17821008	0.122954875	-0.058442835	-0.14112014	-0.1525256	-0.28894994	0.24573354	0.2971565	-0.3485374	0.270996	-0.3451677	0.11925284	-0.33411607	-0.2578194	0.2766085	0.99999934	0.03654214	-0.32452196	-0.37755236	0.27664113	0.10887917
-0.31535637	0.13511129	0.038514867	-0.45664674	-0.1615913	-0.089324385	0.26065174	-0.49997586	0.01639319	0.07558117	0.0711745	0.10486375	-0.06674203	-0.060402703	-0.10908633	0.27603605	0.10150061	0.08397856	0.048464548	0.03654214	0.9999996	-0.19010144	-0.06735594	-0.0484115	-0.30248383
-0.024288373	0.08441533	-0.37980366	0.23036563	-0.15015924	-0.009280901	-0.1615779	0.19700879	0.07102593	0.12404608	-0.11475821	-0.37108156	0.1215579	-0.29331845	0.27567813	-0.3728048	0.1654729	0.14890394	-0.3839642	-0.32452196	-0.19010144	0.9999995	0.2830952	-0.130956	0.054048378
-0.07265421	0.20736001	-0.44649407	0.13858362	-0.23347342	-0.08613695	-0.05733268	0.08717441	0.106411025	0.212843	-0.24490473	-0.3753235	0.20011891	-0.37798452	0.32076445	-0.1758437	0.19440979	0.22870687	-0.34494045	-0.37755236	-0.06735594	0.2830952	0.9999996	-0.34086898	-0.013227483
0.23211679	-0.4079164	0.17126483	-0.00017243536	0.2117952	0.18945259	-0.22176702	-0.0053356015	-0.24079978	-0.47328675	0.19749628	0.24211486	-0.19582337	0.25087243	-0.35051188	0.014462185	-0.2921024	-0.17281576	0.23421438	0.27664113	-0.0484115	-0.130956	-0.34086898	0.9999995	0.20271772
0.303361	-0.29729715	-0.07104852	0.2160623	0.13480811	0.17262475	-0.50957644	0.13541381	-0.1610801	-0.312458	0.057589114	0.006399458	-0.061927404	0.109729044	-0.01233602	-0.21768191	-0.35170066	-0.05627047	0.09778452	0.10887917	-0.30248383	0.054048378	-0.013227483	0.20271772	0.9999995
