1.0	-0.45826572	0.109581195	0.10960552	0.28294894	-0.16940127	0.250589	-0.08221206	0.2595148	0.276193	0.24966297	-0.283099	-0.051366348	-0.17124783	-0.18531208	0.12739955	-0.3377514	0.3078622	-0.29040715	0.07791501	-0.4525333	-0.3829122	0.30063182	-0.37537307	0.2707567
-0.45826572	0.99999976	-0.08899918	-0.07401681	-0.36470076	0.20584585	-0.2501828	0.08088772	-0.37469035	-0.20251007	-0.2826347	0.2624608	-0.01499864	0.20106295	0.14403477	-0.1919668	0.2868741	-0.4427211	0.27302393	-0.108681865	0.29641688	0.2803982	-0.4203943	0.26748723	-0.32423082
0.109581195	-0.08899918	0.9999998	-0.3452194	0.041577443	-0.21686688	0.1734386	-0.43315315	0.24426991	0.10035609	0.23459026	-0.3441181	0.26474658	-0.39984074	-0.38021109	0.27698448	-0.29498062	0.1405383	-0.1868179	0.28436285	-0.10693445	-0.16582954	0.07051438	-0.04600567	0.22941166
0.10960552	-0.07401681	-0.3452194	0.99999964	0.15884195	0.1495045	0.052973937	0.2724555	-0.08405791	0.14103924	-0.05075848	0.085454956	-0.54908067	0.06479283	0.19945295	-0.3933423	0.05759407	0.0759361	-0.11459529	-0.29505697	-0.12180663	-0.09324065	0.12974198	-0.23333935	-0.04295513
0.28294894	-0.36470076	0.041577443	0.15884195	0.9999992	-0.06932321	0.2264252	0.07568312	0.17917824	0.29821602	0.17469884	-0.19034308	-0.139674	-0.24185178	0.018099453	0.03781151	-0.31692326	0.28861937	-0.3172946	-0.086823545	-0.41545552	-0.36033872	0.3049905	-0.43524432	0.21099795
-0.16940127	0.20584585	-0.21686688	0.1495045	-0.06932321	0.999999	-0.2260812	0.26680237	-0.4115929	-0.18929283	-0.44341704	0.28482705	-0.27438658	0.23900674	0.26128477	-0.45093912	0.26243266	-0.12894936	0.18738557	-0.34209353	0.15693451	0.183623	-0.22610314	0.10122145	-0.3569986
0.250589	-0.2501828	0.1734386	0.052973937	0.2264252	-0.2260812	0.99999905	-0.08881892	0.24373312	0.27028552	0.26515704	-0.22448587	0.034550134	-0.4750217	-0.2731441	0.141138	-0.29462793	0.2702155	-0.42566374	0.1450046	-0.30141404	-0.44993642	0.24443911	-0.15882647	0.24961954
-0.08221206	0.08088772	-0.43315315	0.2724555	0.07568312	0.26680237	-0.08881892	0.99999905	-0.27808735	-0.016301582	-0.27338076	0.23153168	-0.45910206	0.18223639	0.2877282	-0.39902923	0.18773071	-0.04755015	0.07556549	-0.38332278	0.011961618	0.06364315	-0.022043131	-0.074926436	-0.25357065
0.2595148	-0.37469035	0.24426991	-0.08405791	0.17917824	-0.4115929	0.24373312	-0.27808735	0.99999917	0.21450296	0.31547567	-0.42828605	0.1504693	-0.27372584	-0.3090649	0.2697875	-0.39461374	0.2645705	-0.3140546	0.21124728	-0.27188852	-0.2280272	0.23492971	-0.23165223	0.31628045
0.276193	-0.20251007	0.10035609	0.14103924	0.29821602	-0.18929283	0.27028552	-0.016301582	0.21450296	0.9999992	0.23943937	-0.26226142	-0.092816636	-0.3310484	-0.04293868	0.054810163	-0.30132037	0.27945596	-0.41560486	0.0120250145	-0.439713	-0.38291875	0.29834005	-0.400608	0.26086634
0.24966297	-0.2826347	0.23459026	-0.05075848	0.17469884	-0.44341704	0.26515704	-0.27338076	0.31547567	0.23943937	0.99999934	-0.42338488	0.123273715	-0.28966346	-0.24980292	0.2449627	-0.39287245	0.25329393	-0.35660514	0.2041733	-0.19976541	-0.34057054	0.24170892	-0.19815227	0.3045869
-0.283099	0.2624608	-0.3441181	0.085454956	-0.19034308	0.28482705	-0.22448587	0.23153168	-0.42828605	-0.26226142	-0.42338488	0.9999992	-0.18703085	0.28097072	0.2420152	-0.25734797	0.31337914	-0.3291674	0.26221094	-0.28322768	0.23539293	0.2512249	-0.2880877	0.18429494	-0.40638465
-0.051366348	-0.01499864	0.26474658	-0.54908067	-0.139674	-0.27438658	0.034550134	-0.45910206	0.1504693	-0.092816636	0.123273715	-0.18703085	0.99999917	-0.13605425	-0.33832702	0.27825528	-0.13035075	-0.0058981427	0.02456723	0.28866833	0.06219749	-0.020083424	-0.06968753	0.14272034	0.091363326
-0.17124783	0.20106295	-0.39984074	0.06479283	-0.24185178	0.23900674	-0.4750217	0.18223639	-0.27372584	-0.3310484	-0.28966346	0.28097072	-0.13605425	0.99999917	0.22533187	-0.17483836	0.27256373	-0.22364302	0.25802684	-0.30687222	0.22204764	0.26646104	-0.26905698	0.15707354	-0.338372
-0.18531208	0.14403477	-0.38021109	0.19945295	0.018099453	0.26128477	-0.2731441	0.2877282	-0.3090649	-0.04293868	-0.24980292	0.2420152	-0.33832702	0.22533187	0.9999989	-0.35362104	0.21008044	-0.18279126	0.1455716	-0.5285254	0.09012082	0.14380497	-0.033836342	-0.010554557	-0.20968813
0.12739955	-0.1919668	0.27698448	-0.3933423	0.03781151	-0.45093912	0.141138	-0.39902923	0.2697875	0.054810163	0.2449627	-0.25734797	0.27825528	-0.17483836	-0.35362104	0.999999	-0.32309046	0.13443336	-0.16518831	0.2736561	-0.1255044	-0.11201068	0.08274166	-0.0283544	0.2268413
-0.3377514	0.2868741	-0.29498062	0.05759407	-0.31692326	0.26243266	-0.29462793	0.18773071	-0.39461374	-0.30132037	-0.39287245	0.31337914	-0.13035075	0.27256373	0.21008044	-0.32309046	0.99999917	-0.38119	0.29374182	-0.17867821	0.26995087	0.27748042	-0.262563	0.22032496	-0.34541148
0.3078622	-0.4427211	0.1405383	0.0759361	0.28861937	-0.12894936	0.2702155	-0.04755015	0.2645705	0.27945596	0.25329393	-0.3291674	-0.0058981427	-0.22364302	-0.18279126	0.13443336	-0.38119	0.99999917	-0.4671423	0.048480283	-0.3664495	-0.34068456	0.28361738	-0.3215168	0.26660442
-0.29040715	0.27302393	-0.1868179	-0.11459529	-0.3172946	0.18738557	-0.42566374	0.07556549	-0.3140546	-0.41560486	-0.35660514	0.26221094	0.02456723	0.25802684	0.1455716	-0.16518831	0.29374182	-0.4671423	0.999999	-0.068218835	0.29436603	0.29680613	-0.25448534	0.2611407	-0.31550696
0.07791501	-0.108681865	0.28436285	-0.29505697	-0.086823545	-0.34209353	0.1450046	-0.38332278	0.21124728	0.0120250145	0.2041733	-0.28322768	0.28866833	-0.30687222	-0.5285254	0.2736561	-0.17867821	0.048480283	-0.068218835	0.999999	-0.023984771	-0.102729805	-0.0063130357	0.083812796	0.16727774
-0.4525333	0.29641688	-0.10693445	-0.12180663	-0.41545552	0.15693451	-0.30141404	0.011961618	-0.27188852	-0.439713	-0.19976541	0.23539293	0.06219749	0.22204764	0.09012082	-0.1255044	0.26995087	-0.3664495	0.29436603	-0.023984771	0.99999887	0.2984207	-0.40109327	0.3092574	-0.33483088
-0.3829122	0.2803982	-0.16582954	-0.09324065	-0.36033872	0.183623	-0.44993642	0.06364315	-0.2280272	-0.38291875	-0.34057054	0.2512249	-0.020083424	0.26646104	0.14380497	-0.11201068	0.27748042	-0.34068456	0.29680613	-0.102729805	0.2984207	0.9999989	-0.4383906	0.25440264	-0.21004921
0.30063182	-0.4203943	0.07051438	0.12974198	0.3049905	-0.22610314	0.24443911	-0.022043131	0.23492971	0.29834005	0.24170892	-0.2880877	-0.06968753	-0.26905698	-0.033836342	0.08274166	-0.262563	0.28361738	-0.25448534	-0.0063130357	-0.40109327	-0.4383906	0.999999	-0.40779462	0.26111588
-0.37537307	0.26748723	-0.04600567	-0.23333935	-0.43524432	0.10122145	-0.15882647	-0.074926436	-0.23165223	-0.400608	-0.19815227	0.18429494	0.14272034	0.15707354	-0.010554557	-0.0283544	0.22032496	-0.3215168	0.2611407	0.083812796	0.3092574	0.25440264	-0.40779462	0.999999	-0.34224126
0.2707567	-0.32423082	0.22941166	-0.04295513	0.21099795	-0.3569986	0.24961954	-0.25357065	0.31628045	0.26086634	0.3045869	-0.40638465	0.091363326	-0.338372	-0.20968813	0.2268413	-0.34541148	0.26660442	-0.31550696	0.16727774	-0.33483088	-0.21004921	0.26111588	-0.34224126	0.999999
