1.0000001	0.21197867	0.22194791	-0.399356	0.24101914	-0.21637362	-0.15297285	-0.1490903	-0.38052955	0.2545156	0.164598	0.10197391	0.24389818	-0.3123862	-0.5228476	0.046434816	0.24250206	-0.2269837	0.25661018	-0.05408736	0.1512777	0.16459271	-0.38366175	-0.21987589	-0.13398026
0.21197867	1.0000002	0.17312431	-0.33951184	0.18990257	-0.35310128	-0.24251764	-0.43632454	-0.2580059	0.26340187	0.1583541	0.21973324	0.26947427	-0.15762874	-0.20203839	-0.017920246	0.21512224	-0.26195955	0.24641484	-0.10007468	0.2538573	0.27729115	-0.20220746	-0.32983172	-0.36270696
0.22194791	0.17312431	1.0	-0.35050848	0.26224238	-0.022860037	-0.32420194	-0.10588381	-0.2391342	0.1315378	0.2612197	0.029778415	0.15305945	-0.43166268	-0.24322355	0.14973773	0.2885726	-0.07193076	0.07028335	-0.1398488	0.035155553	0.12004901	-0.4805532	-0.40634838	-0.15680133
-0.399356	-0.33951184	-0.35050848	1.0	-0.34735644	0.13845667	0.24884024	0.23836279	0.26891914	-0.21320093	-0.30014858	-0.08994579	-0.25812855	0.2806379	0.27251345	-0.1169066	-0.40223375	0.12654525	-0.20490469	0.1619078	-0.10648226	-0.363508	0.2795688	0.2758894	0.15424514
0.24101914	0.18990257	0.26224238	-0.34735644	0.99999994	-0.08511077	-0.5504018	-0.10160679	-0.34868038	0.19096918	0.1999911	0.057386763	0.2159298	-0.43708608	-0.32597834	0.03269273	0.28691775	-0.14266275	0.14732935	-0.13020988	0.14929456	0.15979299	-0.22525711	-0.20582569	-0.15383351
-0.21637362	-0.35310128	-0.022860037	0.13845667	-0.08511077	0.99999994	0.13265133	0.17362057	0.22160979	-0.40348357	0.037572972	-0.4083479	-0.35704717	-0.025666619	0.14292085	0.14600511	-0.049593233	0.3116206	-0.40463448	-0.10713161	-0.394655	-0.21188736	0.07812419	0.09459732	0.26679176
-0.15297285	-0.24251764	-0.32420194	0.24884024	-0.5504018	0.13265133	0.99999994	0.16605389	0.25721484	-0.16658553	-0.13787566	-0.090476185	-0.35531062	0.22341862	0.17309876	0.019284349	-0.35432968	0.1570052	-0.14002287	0.080797404	-0.3203254	-0.2672216	0.18950133	0.17573836	0.17469984
-0.1490903	-0.43632454	-0.10588381	0.23836279	-0.10160679	0.17362057	0.16605389	1.0	0.18375373	-0.16739367	-0.20063137	-0.10652473	-0.16830805	0.14469327	0.12706535	-0.11808019	-0.23724172	0.1127204	-0.22104256	0.14511994	-0.2297399	-0.6702752	0.15422064	0.20455629	0.15673709
-0.38052955	-0.2580059	-0.2391342	0.26891914	-0.34868038	0.22160979	0.25721484	0.18375373	1.0000002	-0.4424648	-0.16283786	-0.10722806	-0.43384588	0.19679207	0.27854133	0.021056924	-0.2747617	0.23586722	-0.35280636	0.03892805	-0.28211614	-0.22574626	0.22735067	0.21654734	0.18997334
0.2545156	0.26340187	0.1315378	-0.21320093	0.19096918	-0.40348357	-0.16658553	-0.16739367	-0.4424648	1.0000001	0.056240834	0.23340967	0.2982429	-0.14816277	-0.29149294	-0.12907791	0.14398511	-0.43462077	0.295298	0.06220116	0.27370933	0.17270009	-0.14831358	-0.22155324	-0.29815122
0.164598	0.1583541	0.2612197	-0.30014858	0.1999911	0.037572972	-0.13787566	-0.20063137	-0.16283786	0.056240834	1.0	0.010768083	0.06556672	-0.3786566	-0.27202764	0.25500453	0.28767648	0.023488238	0.013448747	-0.4673495	-0.04713697	0.13624808	-0.31937414	-0.42540154	-0.09980296
0.10197391	0.21973324	0.029778415	-0.08994579	0.057386763	-0.4083479	-0.090476185	-0.10652473	-0.10722806	0.23340967	0.010768083	1.0	0.2361123	0.026431648	-0.07225261	-0.17872094	0.040749658	-0.45692205	0.18138644	0.07103674	0.26483148	0.09076782	-0.10460785	-0.04812721	-0.6038362
0.24389818	0.26947427	0.15305945	-0.25812855	0.2159298	-0.35704717	-0.35531062	-0.16830805	-0.43384588	0.2982429	0.06556672	0.2361123	1.0000001	-0.06675659	-0.2870912	-0.08841014	0.17164002	-0.35676613	0.28120413	-0.0055209156	0.28986004	0.18889537	-0.22964463	-0.17286378	-0.35371882
-0.3123862	-0.15762874	-0.43166268	0.2806379	-0.43708608	-0.025666619	0.22341862	0.14469327	0.19679207	-0.14816277	-0.3786566	0.026431648	-0.06675659	1.0000001	0.22656254	-0.123275205	-0.43595302	0.013444109	-0.034076966	0.18045406	-0.01145528	-0.2020456	0.24709325	0.24723554	0.04714972
-0.5228476	-0.20203839	-0.24322355	0.27251345	-0.32597834	0.14292085	0.17309876	0.12706535	0.27854133	-0.29149294	-0.27202764	-0.07225261	-0.2870912	0.22656254	1.0000001	-0.16495381	-0.28935617	0.15174581	-0.361408	0.13079476	-0.097719066	-0.09940273	0.28588632	0.25885293	0.12854424
0.046434816	-0.017920246	0.14973773	-0.1169066	0.03269273	0.14600511	0.019284349	-0.11808019	0.021056924	-0.12907791	0.25500453	-0.17872094	-0.08841014	-0.123275205	-0.16495381	1.0	0.16617015	0.15328139	-0.10756297	-0.56996304	-0.14617363	0.02665727	-0.28241032	-0.31994972	0.096634336
0.24250206	0.21512224	0.2885726	-0.40223375	0.28691775	-0.049593233	-0.35432968	-0.23724172	-0.2747617	0.14398511	0.28767648	0.040749658	0.17164002	-0.43595302	-0.28935617	0.16617015	0.9999999	-0.094225615	0.1301138	-0.33129928	0.10500127	0.19716485	-0.36298952	-0.3440521	-0.11216263
-0.2269837	-0.26195955	-0.07193076	0.12654525	-0.14266275	0.3116206	0.1570052	0.1127204	0.23586722	-0.43462077	0.023488238	-0.45692205	-0.35676613	0.013444109	0.15174581	0.15328139	-0.094225615	1.0	-0.3372177	-0.14172618	-0.43975094	-0.093023635	0.11927191	0.09388167	0.28114703
0.25661018	0.24641484	0.07028335	-0.20490469	0.14732935	-0.40463448	-0.14002287	-0.22104256	-0.35280636	0.295298	0.013448747	0.18138644	0.28120413	-0.034076966	-0.361408	-0.10756297	0.1301138	-0.3372177	1.0	0.04190268	0.25711975	0.18450545	-0.21700323	-0.20440535	-0.14867018
-0.05408736	-0.10007468	-0.1398488	0.1619078	-0.13020988	-0.10713161	0.080797404	0.14511994	0.03892805	0.06220116	-0.4673495	0.07103674	-0.0055209156	0.18045406	0.13079476	-0.56996304	-0.33129928	-0.14172618	0.04190268	1.0000002	0.073212236	-0.10189782	0.19935347	0.23364867	-0.008441525
0.1512777	0.2538573	0.035155553	-0.10648226	0.14929456	-0.394655	-0.3203254	-0.2297399	-0.28211614	0.27370933	-0.04713697	0.26483148	0.28986004	-0.01145528	-0.097719066	-0.14617363	0.10500127	-0.43975094	0.25711975	0.073212236	1.0000001	0.19318283	-0.10729501	-0.09629367	-0.3585641
0.16459271	0.27729115	0.12004901	-0.363508	0.15979299	-0.21188736	-0.2672216	-0.6702752	-0.22574626	0.17270009	0.13624808	0.09076782	0.18889537	-0.2020456	-0.09940273	0.02665727	0.19716485	-0.093023635	0.18450545	-0.10189782	0.19318283	1.0000004	-0.13176303	-0.16627935	-0.1731685
-0.38366175	-0.20220746	-0.4805532	0.2795688	-0.22525711	0.07812419	0.18950133	0.15422064	0.22735067	-0.14831358	-0.31937414	-0.10460785	-0.22964463	0.24709325	0.28588632	-0.28241032	-0.36298952	0.11927191	-0.21700323	0.19935347	-0.10729501	-0.13176303	1.0000001	0.29862067	0.1510299
-0.21987589	-0.32983172	-0.40634838	0.2758894	-0.20582569	0.09459732	0.17573836	0.20455629	0.21654734	-0.22155324	-0.42540154	-0.04812721	-0.17286378	0.24723554	0.25885293	-0.31994972	-0.3440521	0.09388167	-0.20440535	0.23364867	-0.09629367	-0.16627935	0.29862067	1.0000001	0.11373983
-0.13398026	-0.36270696	-0.15680133	0.15424514	-0.15383351	0.26679176	0.17469984	0.15673709	0.18997334	-0.29815122	-0.09980296	-0.6038362	-0.35371882	0.04714972	0.12854424	0.096634336	-0.11216263	0.28114703	-0.14867018	-0.008441525	-0.3585641	-0.1731685	0.1510299	0.11373983	1.0000001
