1.0	0.19196975	-0.022656307	0.09780129	-0.012154305	-0.27087072	-0.50888157	-0.15626192	0.18145514	0.10919087	0.040862262	-0.024745965	-0.2932431	-0.19999216	0.038204614	-0.015139822	0.18361966	0.16968407	-0.4235445	-0.069502	0.047357954	0.19553572	-0.10698371	-0.13639231	0.06964357
0.19196975	1.0000004	-0.24135514	-0.2270804	0.23336652	-0.3860969	-0.35917842	-0.21018514	0.24304354	-0.2457262	-0.1411541	-0.32100782	-0.095481865	-0.15588276	0.23459806	0.24881311	0.039278764	0.31018037	-0.24065205	-0.32375968	0.2193315	0.03686124	0.07619662	-0.29082954	0.2247105
-0.022656307	-0.24135514	1.0000006	0.23290192	-0.28611928	0.133618	0.12617779	0.24614649	-0.21439376	0.24236625	0.28336224	0.2618467	-0.16723023	-0.17522527	-0.4227771	-0.16394314	0.21070217	-0.19674173	-0.17265007	0.27663997	-0.41248235	0.20878804	-0.35636565	0.26358667	-0.28957906
0.09780129	-0.2270804	0.23290192	1.0000005	-0.2921217	0.12337952	0.0112236645	0.14681377	-0.0878415	0.27431786	0.24891634	0.29663172	-0.19157906	-0.13027695	-0.30069232	-0.47203743	0.14715111	-0.3100208	-0.08240488	0.25003424	-0.16573898	0.17302525	-0.24653499	0.19532475	-0.29088238
-0.012154305	0.23336652	-0.28611928	-0.2921217	1.0000006	-0.28979588	-0.2157572	-0.29402918	0.22801173	-0.4787164	-0.16712084	-0.32757646	0.13164578	-0.014442028	0.26441956	0.21173184	-0.08238198	0.21924451	0.083715536	-0.27250907	0.26510206	-0.18647379	0.19704427	-0.44075122	0.2605788
-0.27087072	-0.3860969	0.133618	0.12337952	-0.28979588	1.0000002	0.26142135	0.26345003	-0.42608187	0.12371203	0.10514559	0.14111163	-0.008040285	0.20039077	-0.2521066	-0.14293773	-0.13680269	-0.21294667	0.11295857	0.1832615	-0.13201924	0.030965399	-0.1349719	0.24618514	-0.4202142
-0.50888157	-0.35917842	0.12617779	0.0112236645	-0.2157572	0.26142135	1.0000001	0.1981515	-0.30765587	0.045806605	0.054451965	0.12692375	0.13632448	0.1869785	-0.20228568	-0.08292193	-0.14946239	-0.35509387	0.21294141	0.17377435	-0.1848889	-0.14258325	0.0034849988	0.23338291	-0.20078649
-0.15626192	-0.21018514	0.24614649	0.14681377	-0.29402918	0.26345003	0.1981515	1.0000001	-0.48982576	0.14156707	0.24089022	0.17354497	-0.19184451	0.060742997	-0.37369424	-0.06620849	0.08450798	-0.17815517	-0.024501389	0.22207306	-0.31060246	0.15934297	-0.31682023	0.2777095	-0.4285264
0.18145514	0.24304354	-0.21439376	-0.0878415	0.22801173	-0.42608187	-0.30765587	-0.48982576	1.0000001	-0.15402	-0.31392765	-0.20364939	0.045538377	-0.20492297	0.25447574	0.1247421	0.01814	0.21775827	-0.06454366	-0.2096278	0.22671491	-0.06076346	0.14460674	-0.3547097	0.27787572
0.10919087	-0.2457262	0.24236625	0.27431786	-0.4787164	0.12371203	0.045806605	0.14156707	-0.15402	1.0000001	0.22047292	0.2890999	-0.20572567	-0.08413836	-0.22013354	-0.37291238	0.12181596	-0.21337835	-0.19793108	0.2573287	-0.32596055	0.16515441	-0.15070786	0.23483346	-0.16517045
0.040862262	-0.1411541	0.28336224	0.24891634	-0.16712084	0.10514559	0.054451965	0.24089022	-0.31392765	0.22047292	1.0000001	0.25467566	-0.3746396	-0.22570153	-0.33443704	-0.23130089	0.21269816	-0.19721757	-0.1822653	0.23854093	-0.28931838	0.2440181	-0.30113682	0.21305591	-0.2949618
-0.024745965	-0.32100782	0.2618467	0.29663172	-0.32757646	0.14111163	0.12692375	0.17354497	-0.20364939	0.2890999	0.25467566	1.0000002	-0.13789731	-0.09585127	-0.31313002	-0.45442638	0.11761491	-0.37054595	-0.049930565	0.2846804	-0.24785273	0.13122407	-0.16455887	0.24649072	-0.1823732
-0.2932431	-0.095481865	-0.16723023	-0.19157906	0.13164578	-0.008040285	0.13632448	-0.19184451	0.045538377	-0.20572567	-0.3746396	-0.13789731	1.0000004	0.2046995	0.16574965	0.034737803	-0.27922145	-0.07777482	0.2865376	-0.11085139	0.1235223	-0.5403286	0.26070157	-0.060546562	0.14870849
-0.19999216	-0.15588276	-0.17522527	-0.13027695	-0.014442028	0.20039077	0.1869785	0.060742997	-0.20492297	-0.08413836	-0.22570153	-0.09585127	0.2046995	1.0000004	-0.030296441	-0.05805822	-0.45556948	-0.1674719	0.24624558	0.037947316	-0.009408208	-0.24819824	0.15814804	0.0704855	-0.05985744
0.038204614	0.23459806	-0.4227771	-0.30069232	0.26441956	-0.2521066	-0.20228568	-0.37369424	0.25447574	-0.22013354	-0.33443704	-0.31313002	0.16574965	-0.030296441	1.0000004	0.20968823	-0.12021449	0.23404373	0.032834258	-0.445177	0.28775963	-0.2295258	0.24027708	-0.2709654	0.29168427
-0.015139822	0.24881311	-0.16394314	-0.47203743	0.21173184	-0.14293773	-0.08292193	-0.06620849	0.1247421	-0.37291238	-0.23130089	-0.45442638	0.034737803	-0.05805822	0.20968823	1.0000005	0.0031644227	0.27176127	-0.07988442	-0.37726685	0.19083172	-0.022435654	0.064307064	-0.20652494	0.14832251
0.18361966	0.039278764	0.21070217	0.14715111	-0.08238198	-0.13680269	-0.14946239	0.08450798	0.01814	0.12181596	0.21269816	0.11761491	-0.27922145	-0.45556948	-0.12021449	0.0031644227	1.0000006	0.053196825	-0.24909015	0.07067046	-0.17257859	0.2680746	-0.47635105	0.053582307	-0.16859311
0.16968407	0.31018037	-0.19674173	-0.3100208	0.21924451	-0.21294667	-0.35509387	-0.17815517	0.21775827	-0.21337835	-0.19721757	-0.37054595	-0.07777482	-0.1674719	0.23404373	0.27176127	0.053196825	1.0000006	-0.23354127	-0.30410278	0.21974622	0.022657925	0.050597727	-0.34071526	0.20173623
-0.4235445	-0.24065205	-0.17265007	-0.08240488	0.083715536	0.11295857	0.21294141	-0.024501389	-0.06454366	-0.19793108	-0.1822653	-0.049930565	0.2865376	0.24624558	0.032834258	-0.07988442	-0.24909015	-0.23354127	1.0000005	-0.0018821345	0.03957199	-0.37370393	0.19051847	0.011060992	0.024259828
-0.069502	-0.32375968	0.27663997	0.25003424	-0.27250907	0.1832615	0.17377435	0.22207306	-0.2096278	0.2573287	0.23854093	0.2846804	-0.11085139	0.037947316	-0.445177	-0.37726685	0.07067046	-0.30410278	-0.0018821345	1.0000004	-0.50031203	0.10796465	-0.19136472	0.28522453	-0.2595287
0.047357954	0.2193315	-0.41248235	-0.16573898	0.26510206	-0.13201924	-0.1848889	-0.31060246	0.22671491	-0.32596055	-0.28931838	-0.24785273	0.1235223	-0.009408208	0.28775963	0.19083172	-0.17257859	0.21974622	0.03957199	-0.50031203	1.0000002	-0.12361287	0.2157889	-0.45842966	0.24369009
0.19553572	0.03686124	0.20878804	0.17302525	-0.18647379	0.030965399	-0.14258325	0.15934297	-0.06076346	0.16515441	0.2440181	0.13122407	-0.5403286	-0.24819824	-0.2295258	-0.022435654	0.2680746	0.022657925	-0.37370393	0.10796465	-0.12361287	1.0	-0.43126485	0.09077618	-0.23755765
-0.10698371	0.07619662	-0.35636565	-0.24653499	0.19704427	-0.1349719	0.0034849988	-0.31682023	0.14460674	-0.15070786	-0.30113682	-0.16455887	0.26070157	0.15814804	0.24027708	0.064307064	-0.47635105	0.050597727	0.19051847	-0.19136472	0.2157889	-0.43126485	1.0000002	-0.22927445	0.26178005
-0.13639231	-0.29082954	0.26358667	0.19532475	-0.44075122	0.24618514	0.23338291	0.2777095	-0.3547097	0.23483346	0.21305591	0.24649072	-0.060546562	0.0704855	-0.2709654	-0.20652494	0.053582307	-0.34071526	0.011060992	0.28522453	-0.45842966	0.09077618	-0.22927445	1.0000001	-0.3724226
0.06964357	0.2247105	-0.28957906	-0.29088238	0.2605788	-0.4202142	-0.20078649	-0.4285264	0.27787572	-0.16517045	-0.2949618	-0.1823732	0.14870849	-0.05985744	0.29168427	0.14832251	-0.16859311	0.20173623	0.024259828	-0.2595287	0.24369009	-0.23755765	0.26178005	-0.3724226	1.0000001
