1.0	0.21004297	-0.37194058	-0.24097258	-0.29843402	0.25466967	-0.40256473	0.27540106	-0.30483195	0.19473961	0.21401325	0.27458197	0.049961932	0.033482764	0.24833712	-0.44020632	-0.18307702	-0.14351584	-0.2967636	0.2796018	-0.14141107	0.15791225	-0.09907246	-0.01181782	0.16644308
0.21004297	0.9999998	-0.34634417	-0.38548195	-0.2242557	0.27880183	-0.3221513	0.13911706	-0.13479936	0.24251607	0.14876296	0.23190351	0.24614713	0.16883866	0.2505189	-0.30190888	0.08616651	-0.24921162	-0.42443025	0.23639235	-0.39562878	0.062659934	-0.3883404	-0.14118244	0.29563278
-0.37194058	-0.34634417	0.99999976	0.29685163	0.23501465	-0.3417145	0.2953982	-0.24001412	0.122405335	-0.4082135	-0.09816137	-0.29202124	-0.1207748	-0.06936565	-0.3237687	0.29983306	-0.04902399	0.15783131	0.2922311	-0.37818837	0.2017417	-0.03224455	0.15419307	0.0839078	-0.36434606
-0.24097258	-0.38548195	0.29685163	0.99999976	0.2389501	-0.41993013	0.27180946	-0.273294	0.18423636	-0.38217083	-0.27344772	-0.21486698	-0.16882111	-0.10851055	-0.31350785	0.2960437	0.0041689216	0.22635621	0.30426732	-0.37418905	0.25396043	-0.12028654	0.19310653	0.05283977	-0.3338608
-0.29843402	-0.2242557	0.23501465	0.2389501	0.9999998	-0.33501908	0.2811712	-0.19252117	0.16480294	-0.15238306	-0.33490005	-0.48680174	-0.018650727	-0.09785447	-0.4123588	0.22242469	0.08309159	0.1801506	0.22545761	-0.45581543	0.15315637	-0.07643903	0.116280064	0.013187658	-0.11732329
0.25466967	0.27880183	-0.3417145	-0.41993013	-0.33501908	0.99999976	-0.21024089	0.25242877	-0.2673355	0.17695968	0.2650701	0.25851458	0.18139282	0.028877726	0.27899417	-0.30187026	-0.11003361	-0.32923084	-0.36413306	0.26934573	-0.35967276	0.1737073	-0.27747905	0.024526766	0.21794388
-0.40256473	-0.3221513	0.2953982	0.27180946	0.2811712	-0.21024089	0.9999998	-0.28235194	0.17848065	-0.2625277	-0.22282773	-0.45145413	-0.10766272	-0.050431892	-0.409778	0.27576122	0.040108904	0.21069215	0.26935554	-0.40263402	0.18377393	-0.15609182	0.15619911	0.047349803	-0.246452
0.27540106	0.13911706	-0.24001412	-0.273294	-0.19252117	0.25242877	-0.28235194	1.0000001	-0.36399403	0.0778373	0.26894295	0.20752797	0.047379117	-0.15472737	0.22550923	-0.3263381	-0.35204646	-0.30893415	-0.24853563	0.2378519	-0.14241987	0.24129778	-0.042873036	0.13045076	0.089731164
-0.30483195	-0.13479936	0.122405335	0.18423636	0.16480294	-0.2673355	0.17848065	-0.36399403	1.0000001	0.0026238724	-0.42743745	-0.23487073	-0.22241256	0.052744683	-0.16879164	0.14372268	0.18001615	0.28054744	0.17870842	-0.14057033	0.18699288	-0.42147574	0.19778858	-0.2137775	-0.17758545
0.19473961	0.24251607	-0.4082135	-0.38217083	-0.15238306	0.17695968	-0.2625277	0.0778373	0.0026238724	0.9999998	0.0010052004	0.16139244	0.10631592	0.20334893	0.12758605	-0.4614834	0.1460811	-0.02639751	-0.25224	0.21623506	-0.20397103	-0.13696459	-0.08070436	-0.25192612	0.26115066
0.21401325	0.14876296	-0.09816137	-0.27344772	-0.33490005	0.2650701	-0.22282773	0.26894295	-0.42743745	0.0010052004	0.99999976	0.24159487	0.10959118	-0.074842826	0.24786735	-0.15358137	-0.3138683	-0.39646953	-0.16925907	0.1967868	-0.23143917	0.27617097	-0.23105867	0.14034615	0.073930964
0.27458197	0.23190351	-0.29202124	-0.21486698	-0.48680174	0.25851458	-0.45145413	0.20752797	-0.23487073	0.16139244	0.24159487	0.99999976	0.093386635	0.08034858	0.27729473	-0.19242482	-0.11459982	-0.22769085	-0.22260898	0.264484	-0.2563326	0.14004046	-0.18863541	-0.057555035	0.18901366
0.049961932	0.24614713	-0.1207748	-0.16882111	-0.018650727	0.18139282	-0.10766272	0.047379117	-0.22241256	0.10631592	0.10959118	0.093386635	0.99999964	0.20197941	0.12885275	-0.10481831	0.13307238	-0.3559253	-0.27993235	0.045933727	-0.4480805	0.05635086	-0.49925664	-0.21918398	0.2406709
0.033482764	0.16883866	-0.06936565	-0.10851055	-0.09785447	0.028877726	-0.050431892	-0.15472737	0.052744683	0.20334893	-0.074842826	0.08034858	0.20197941	0.9999997	0.0031445723	-0.1457612	0.2501117	0.0100579625	-0.2080428	0.005832185	-0.28814736	-0.24506046	-0.15477358	-0.5947851	0.22838925
0.24833712	0.2505189	-0.3237687	-0.31350785	-0.4123588	0.27899417	-0.409778	0.22550923	-0.16879164	0.12758605	0.24786735	0.27729473	0.12885275	0.0031445723	0.9999995	-0.24616133	-0.10913367	-0.38624	-0.29544187	0.2788861	-0.13472487	0.18104583	-0.32926583	0.03825646	0.1665227
-0.44020632	-0.30190888	0.29983306	0.2960437	0.22242469	-0.30187026	0.27576122	-0.3263381	0.14372268	-0.4614834	-0.15358137	-0.19242482	-0.10481831	-0.1457612	-0.24616133	0.99999946	0.031354122	0.15562429	0.27705562	-0.3771873	0.1952542	-0.08052691	0.10752906	0.078851044	-0.23729715
-0.18307702	0.08616651	-0.04902399	0.0041689216	0.08309159	-0.11003361	0.040108904	-0.35204646	0.18001615	0.1460811	-0.3138683	-0.11459982	0.13307238	0.2501117	-0.10913367	0.031354122	0.9999995	0.102102004	-0.082276635	-0.04080114	-0.10513832	-0.4251995	-0.05914794	-0.3479486	0.17224173
-0.14351584	-0.24921162	0.15783131	0.22635621	0.1801506	-0.32923084	0.21069215	-0.30893415	0.28054744	-0.02639751	-0.39646953	-0.22769085	-0.3559253	0.0100579625	-0.38624	0.15562429	0.102102004	0.9999996	0.22580552	-0.20806977	0.23141223	-0.33258742	0.2716095	-0.10214536	-0.19262758
-0.2967636	-0.42443025	0.2922311	0.30426732	0.22545761	-0.36413306	0.26935554	-0.24853563	0.17870842	-0.25224	-0.16925907	-0.22260898	-0.27993235	-0.2080428	-0.29544187	0.27705562	-0.082276635	0.22580552	0.9999995	-0.36262903	0.28277227	-0.063665174	0.22614878	0.11722963	-0.3990556
0.2796018	0.23639235	-0.37818837	-0.37418905	-0.45581543	0.26934573	-0.40263402	0.2378519	-0.14057033	0.21623506	0.1967868	0.264484	0.045933727	0.005832185	0.2788861	-0.3771873	-0.04080114	-0.20806977	-0.36262903	0.9999994	-0.15647712	0.08887922	-0.07275064	0.01791512	0.17778172
-0.14141107	-0.39562878	0.2017417	0.25396043	0.15315637	-0.35967276	0.18377393	-0.14241987	0.18699288	-0.20397103	-0.23143917	-0.2563326	-0.4480805	-0.28814736	-0.13472487	0.1952542	-0.10513832	0.23141223	0.28277227	-0.15647712	0.99999934	-0.06978397	0.27236056	0.14452662	-0.38196737
0.15791225	0.062659934	-0.03224455	-0.12028654	-0.07643903	0.1737073	-0.15609182	0.24129778	-0.42147574	-0.13696459	0.27617097	0.14004046	0.05635086	-0.24506046	0.18104583	-0.08052691	-0.4251995	-0.33258742	-0.063665174	0.08887922	-0.06978397	0.9999993	-0.22821055	0.24054018	-0.07232469
-0.09907246	-0.3883404	0.15419307	0.19310653	0.116280064	-0.27747905	0.15619911	-0.042873036	0.19778858	-0.08070436	-0.23105867	-0.18863541	-0.49925664	-0.15477358	-0.32926583	0.10752906	-0.05914794	0.2716095	0.22614878	-0.07275064	0.27236056	-0.22821055	0.9999993	0.043256532	-0.24469528
-0.01181782	-0.14118244	0.0839078	0.05283977	0.013187658	0.024526766	0.047349803	0.13045076	-0.2137775	-0.25192612	0.14034615	-0.057555035	-0.21918398	-0.5947851	0.03825646	0.078851044	-0.3479486	-0.10214536	0.11722963	0.01791512	0.14452662	0.24054018	0.043256532	0.99999934	-0.25446758
0.16644308	0.29563278	-0.36434606	-0.3338608	-0.11732329	0.21794388	-0.246452	0.089731164	-0.17758545	0.26115066	0.073930964	0.18901366	0.2406709	0.22838925	0.1665227	-0.23729715	0.17224173	-0.19262758	-0.3990556	0.17778172	-0.38196737	-0.07232469	-0.24469528	-0.25446758	0.99999934
