1.0	0.17697294	0.19061808	0.20233949	-0.30655235	0.13743804	-0.012686839	-0.07390609	-0.16626342	0.24375893	-0.23948558	-0.108899616	0.026999153	0.2137608	0.23227766	-0.32766086	-0.43516627	-0.28306663	0.20450391	-0.20038173	0.1775683	-0.3550658	-0.07872665	-0.10961011	0.14617887
0.17697294	1.0000001	0.14057347	0.0997159	-0.077244565	0.04302208	-0.3508392	0.21153075	0.07648523	0.13983698	-0.15470915	0.025665736	-0.24823298	0.23673177	0.21625726	-0.099833205	-0.40732315	-0.47602117	0.09920367	-0.18507071	0.06734843	-0.25512952	0.038001444	-0.27602267	0.19019732
0.19061808	0.14057347	1.0000001	0.23336346	-0.036308445	0.1612546	-0.03662683	-0.048482563	-0.11560242	0.260898	-0.15135907	-0.36863548	0.12935957	0.060379397	0.16273005	-0.37604153	-0.3062175	-0.16765366	0.09498411	-0.2520494	0.2254294	-0.1610128	-0.430326	-0.08839628	0.061835255
0.20233949	0.0997159	0.23336346	1.0	-0.09077837	0.2525588	-0.03154549	-0.08354892	-0.31501046	0.25379288	-0.4675955	-0.17406312	0.073874936	0.13923529	0.25899783	-0.32687172	-0.17000891	-0.15149163	0.0779209	-0.39642987	0.26969972	-0.18248333	-0.2900142	-0.22909664	0.16420063
-0.30655235	-0.077244565	-0.036308445	-0.09077837	1.0000001	-0.15637943	0.104088284	-0.12134117	-0.005169829	-0.08231532	0.14128257	-0.12428774	0.15695815	-0.39252678	-0.11916658	0.122534074	0.08380412	0.13974369	-0.55902976	0.1180368	0.049455628	0.14461325	-0.122734286	0.1464197	-0.25903472
0.13743804	0.04302208	0.1612546	0.2525588	-0.15637943	1.0000001	-0.05255754	-0.071617626	-0.4023947	0.10671513	-0.27052775	-0.14473313	0.10445091	0.044701673	0.17529517	-0.06812481	-0.023685098	-0.017820211	0.037518065	-0.4470103	0.23235904	-0.3053677	-0.31069642	-0.17336902	0.18524708
-0.012686839	-0.3508392	-0.03662683	-0.03154549	0.104088284	-0.05255754	1.0000002	-0.5221935	-0.077668265	0.04542348	0.034480866	-0.29964688	0.26904508	-0.18281628	-0.12837857	-0.058896255	0.12819122	0.20089439	-0.02142212	0.0057566375	0.00959391	0.058744483	-0.24247482	0.21464948	-0.18878871
-0.07390609	0.21153075	-0.048482563	-0.08354892	-0.12134117	-0.071617626	-0.5221935	1.0000002	0.18112652	-0.14609805	0.008559154	0.21396858	-0.40085226	0.17294127	0.028992224	0.13018091	-0.090184085	-0.17958151	0.0731998	0.014083927	-0.09219678	-0.054915566	0.19712712	-0.29169157	0.15916558
-0.16626342	0.07648523	-0.11560242	-0.31501046	-0.005169829	-0.4023947	-0.077668265	0.18112652	1.0000001	-0.108241595	0.14325477	0.15826985	-0.20593314	0.060279053	-0.16484082	0.11228065	0.07088078	-0.054966956	0.07675507	0.14879754	-0.4334535	0.08570694	0.19948272	-0.043317366	-0.024614712
0.24375893	0.13983698	0.260898	0.25379288	-0.08231532	0.10671513	0.04542348	-0.14609805	-0.108241595	1.0	-0.34943023	-0.25888008	0.07925753	0.12985912	0.18240725	-0.54214776	-0.28542936	-0.17594181	0.14870232	-0.32475412	0.19663905	-0.20247595	-0.19478656	-0.02477039	0.05849829
-0.23948558	-0.15470915	-0.15135907	-0.4675955	0.14128257	-0.27052775	0.034480866	0.008559154	0.14325477	-0.34943023	0.9999999	0.09210398	-0.023569738	-0.28091455	-0.43938166	0.18605536	0.1772208	0.20850441	-0.11420174	0.29260525	-0.26693648	0.25263396	0.16382736	0.22627668	-0.3071021
-0.108899616	0.025665736	-0.36863548	-0.17406312	-0.12428774	-0.14473313	-0.29964688	0.21396858	0.15826985	-0.25888008	0.09210398	0.9999998	-0.4644041	0.113996126	-0.023554597	0.14076978	0.08728591	-0.07138374	0.0030576438	0.18434566	-0.28825092	0.1427381	0.28725854	-0.052276857	-0.032602493
0.026999153	-0.24823298	0.12935957	0.073874936	0.15695815	0.10445091	0.26904508	-0.40085226	-0.20593314	0.07925753	-0.023569738	-0.4644041	0.9999999	-0.30151415	-0.026206834	-0.067707166	0.013954567	0.15643091	-0.0931974	-0.09577771	0.16821454	-0.060001034	-0.37271076	0.12200065	-0.08268605
0.2137608	0.23673177	0.060379397	0.13923529	-0.39252678	0.044701673	-0.18281628	0.17294127	0.060279053	0.12985912	-0.28091455	0.113996126	-0.30151415	0.9999998	0.21423717	-0.14790982	-0.29399973	-0.3721088	0.2216981	-0.17154528	0.05312049	-0.14064233	0.059427436	-0.25886908	0.18965814
0.23227766	0.21625726	0.16273005	0.25899783	-0.11916658	0.17529517	-0.12837857	0.028992224	-0.16484082	0.18240725	-0.43938166	-0.023554597	-0.026206834	0.21423717	0.99999994	-0.14783919	-0.27121353	-0.4335109	0.061462738	-0.25945228	0.23168854	-0.32086283	-0.1341751	-0.39711776	0.2446814
-0.32766086	-0.099833205	-0.37604153	-0.32687172	0.122534074	-0.06812481	-0.058896255	0.13018091	0.11228065	-0.54214776	0.18605536	0.14076978	-0.067707166	-0.14790982	-0.14783919	1.0	0.20710446	0.11751797	-0.2677359	0.17942643	-0.16345465	0.106350265	0.15219295	-0.019606154	0.023261176
-0.43516627	-0.40732315	-0.3062175	-0.17000891	0.08380412	-0.023685098	0.12819122	-0.090184085	0.07088078	-0.28542936	0.1772208	0.08728591	0.013954567	-0.29399973	-0.27121353	0.20710446	0.99999994	0.264937	-0.08244604	0.1621894	-0.27486062	0.16795148	0.053887825	0.12127579	-0.061462298
-0.28306663	-0.47602117	-0.16765366	-0.15149163	0.13974369	-0.017820211	0.20089439	-0.17958151	-0.054966956	-0.17594181	0.20850441	-0.07138374	0.15643091	-0.3721088	-0.4335109	0.11751797	0.264937	1.0	-0.12586872	0.1556511	-0.123039424	0.20511012	-0.020386808	0.2488168	-0.26363444
0.20450391	0.09920367	0.09498411	0.0779209	-0.55902976	0.037518065	-0.02142212	0.0731998	0.07675507	0.14870232	-0.11420174	0.0030576438	-0.0931974	0.2216981	0.061462738	-0.2677359	-0.08244604	-0.12586872	0.99999994	-0.15835305	-0.07759608	-0.21433875	0.042952523	-0.104577616	0.15807302
-0.20038173	-0.18507071	-0.2520494	-0.39642987	0.1180368	-0.4470103	0.0057566375	0.014083927	0.14879754	-0.32475412	0.29260525	0.18434566	-0.09577771	-0.17154528	-0.25945228	0.17942643	0.1621894	0.1556511	-0.15835305	1.0	-0.29143843	0.28073436	0.21579306	0.20237105	-0.31176928
0.1775683	0.06734843	0.2254294	0.26969972	0.049455628	0.23235904	0.00959391	-0.09219678	-0.4334535	0.19663905	-0.26693648	-0.28825092	0.16821454	0.05312049	0.23168854	-0.16345465	-0.27486062	-0.123039424	-0.07759608	-0.29143843	0.99999994	-0.29495785	-0.31469795	-0.17308094	0.12747769
-0.3550658	-0.25512952	-0.1610128	-0.18248333	0.14461325	-0.3053677	0.058744483	-0.054915566	0.08570694	-0.20247595	0.25263396	0.1427381	-0.060001034	-0.14064233	-0.32086283	0.106350265	0.16795148	0.20511012	-0.21433875	0.28073436	-0.29495785	0.99999976	0.12904924	0.23899272	-0.4459216
-0.07872665	0.038001444	-0.430326	-0.2900142	-0.122734286	-0.31069642	-0.24247482	0.19712712	0.19948272	-0.19478656	0.16382736	0.28725854	-0.37271076	0.059427436	-0.1341751	0.15219295	0.053887825	-0.020386808	0.042952523	0.21579306	-0.31469795	0.12904924	1.0	0.030026712	-0.01681133
-0.10961011	-0.27602267	-0.08839628	-0.22909664	0.1464197	-0.17336902	0.21464948	-0.29169157	-0.043317366	-0.02477039	0.22627668	-0.052276857	0.12200065	-0.25886908	-0.39711776	-0.019606154	0.12127579	0.2488168	-0.104577616	0.20237105	-0.17308094	0.23899272	0.030026712	1.0	-0.49580067
0.14617887	0.19019732	0.061835255	0.16420063	-0.25903472	0.18524708	-0.18878871	0.15916558	-0.024614712	0.05849829	-0.3071021	-0.032602493	-0.08268605	0.18965814	0.2446814	0.023261176	-0.061462298	-0.26363444	0.15807302	-0.31176928	0.12747769	-0.4459216	-0.01681133	-0.49580067	1.0
