1.0000001	-0.112472855	-0.2376231	-0.3338807	-0.4166673	0.045956664	0.13217585	-0.18256582	-0.14652541	-0.09956809	0.30426705	-0.1411617	0.25913116	-0.013455917	0.06597043	-0.47989547	0.26050156	0.10288871	0.1542647	-0.46892446	0.20904519	-0.06493687	0.15129407	-0.12874396	0.0026227182
-0.112472855	0.99999994	0.13666236	0.05218662	-0.0840414	0.20189984	-0.3467373	-0.23779751	0.18845084	0.23543678	-0.06412036	0.19988278	-0.19379483	-0.12814078	-0.29347843	0.053837527	0.09384575	-0.6143531	-0.1499396	0.041738052	-0.1510025	0.29832777	-0.13788608	0.17708102	0.16321544
-0.2376231	0.13666236	0.9999999	0.28303272	0.18206099	0.09856097	-0.5219514	-0.059428938	0.18366966	0.21746114	-0.30146223	0.22330633	-0.28882474	-0.13511421	-0.29099488	0.2213141	-0.2579365	-0.06587529	-0.16517173	0.20757613	-0.31269476	0.13017227	-0.37089136	0.23474969	0.18538332
-0.3338807	0.05218662	0.28303272	0.99999976	0.2622893	0.094488665	-0.20719522	-0.027255552	0.22575599	0.20011668	-0.42009884	0.23471585	-0.34878656	-0.14148292	-0.28045484	0.2557959	-0.3504652	0.002372901	-0.28194422	0.26049876	-0.3807204	0.0442813	-0.3389322	0.2505142	0.17710333
-0.4166673	-0.0840414	0.18206099	0.2622893	0.9999997	-0.1341187	-0.036588818	0.17814028	0.08146071	0.036128964	-0.3560175	0.077487186	-0.29560798	0.016704531	-0.031540982	0.27711543	-0.5336533	0.049330417	-0.17830531	0.30157143	-0.23257811	-0.060702566	-0.14252639	0.09484308	0.0006588738
0.045956664	0.20189984	0.09856097	0.094488665	-0.1341187	0.99999964	-0.12299859	-0.39624217	0.2823578	0.26860014	-0.031357102	0.25676483	-0.19694448	-0.38229957	-0.44372907	-0.04807137	0.11321378	-0.16083522	-0.29993647	-0.045382764	-0.24285233	0.18448979	-0.25523707	0.2723158	0.29734462
0.13217585	-0.3467373	-0.5219514	-0.20719522	-0.036588818	-0.12299859	0.99999934	0.14822386	-0.13587712	-0.35114413	0.15639122	-0.23998393	0.18121985	0.14265397	0.21732359	-0.16450115	0.043453403	0.19112934	0.17417657	-0.08902404	0.17731847	-0.40981078	0.2340729	-0.2302916	-0.20479922
-0.18256582	-0.23779751	-0.059428938	-0.027255552	0.17814028	-0.39624217	0.14822386	0.9999996	-0.29925895	-0.22746882	-0.10239749	-0.2253408	0.03245197	0.25819418	0.22441657	0.16098413	-0.24240535	0.17233516	0.1511928	0.13457921	0.10166915	-0.35542426	0.15385586	-0.21776067	-0.3455955
-0.14652541	0.18845084	0.18366966	0.22575599	0.08146071	0.2823578	-0.13587712	-0.29925895	0.99999964	0.28765264	-0.20350556	0.2942434	-0.26179776	-0.44975686	-0.42053697	0.07217499	-0.042590518	-0.17700784	-0.34463567	0.07804274	-0.3712609	0.17342654	-0.2956898	0.3077053	0.29840714
-0.09956809	0.23543678	0.21746114	0.20011668	0.036128964	0.26860014	-0.35114413	-0.22746882	0.28765264	0.9999997	-0.110629134	0.28957975	-0.2922519	-0.4200322	-0.34063885	0.056662705	-0.068371594	-0.23938464	-0.38953355	0.076034136	-0.25494945	0.23243105	-0.3170378	0.3023086	0.2923603
0.30426705	-0.06412036	-0.30146223	-0.42009884	-0.3560175	-0.031357102	0.15639122	-0.10239749	-0.20350556	-0.110629134	0.99999964	-0.25471127	0.29374248	-0.0046207835	0.14891091	-0.46619555	0.25247645	0.04069378	0.22279163	-0.40741023	0.27128866	-0.060079683	0.22652751	-0.21773364	-0.10081942
-0.1411617	0.19988278	0.22330633	0.23471585	0.077487186	0.25676483	-0.23998393	-0.2253408	0.2942434	0.28957975	-0.25471127	0.99999976	-0.3233431	-0.27125505	-0.28156573	0.13905478	-0.024555644	-0.21721475	-0.44178927	0.12652512	-0.42675546	0.20700878	-0.44421965	0.3104432	0.28821307
0.25913116	-0.19379483	-0.28882474	-0.34878656	-0.29560798	-0.19694448	0.18121985	0.03245197	-0.26179776	-0.2922519	0.29374248	-0.3233431	0.9999997	0.119921416	0.2362744	-0.3662948	0.19097802	0.13463618	0.29255205	-0.3559455	0.31286162	-0.095743194	0.28116995	-0.3414149	-0.23606397
-0.013455917	-0.12814078	-0.13511421	-0.14148292	0.016704531	-0.38229957	0.14265397	0.25819418	-0.44975686	-0.4200322	-0.0046207835	-0.27125505	0.119921416	0.99999964	0.27114356	0.08482145	-0.0067940913	0.098553956	0.2282752	0.0617355	0.179976	-0.16654664	0.22637217	-0.3376601	-0.4537897
0.06597043	-0.29347843	-0.29099488	-0.28045484	-0.031540982	-0.44372907	0.21732359	0.22441657	-0.42053697	-0.34063885	0.14891091	-0.28156573	0.2362744	0.27114356	0.9999997	-0.08895661	0.02907227	0.14271098	0.2730025	-0.053015206	0.2643615	-0.15397288	0.28255725	-0.4287216	-0.34171516
-0.47989547	0.053837527	0.2213141	0.2557959	0.27711543	-0.04807137	-0.16450115	0.16098413	0.07217499	0.056662705	-0.46619555	0.13905478	-0.3662948	0.08482145	-0.08895661	0.99999976	-0.26562276	-0.058455788	-0.18055734	0.30564493	-0.26780564	-0.018774766	-0.15088393	0.104741104	-0.0153961275
0.26050156	0.09384575	-0.2579365	-0.3504652	-0.5336533	0.11321378	0.043453403	-0.24240535	-0.042590518	-0.068371594	0.25247645	-0.024555644	0.19097802	-0.0067940913	0.02907227	-0.26562276	0.9999998	-0.12680952	0.083284855	-0.4461497	0.13985284	0.095751435	0.1215011	-0.07727812	-0.005185774
0.10288871	-0.6143531	-0.06587529	0.002372901	0.049330417	-0.16083522	0.19112934	0.17233516	-0.17700784	-0.23938464	0.04069378	-0.21721475	0.13463618	0.098553956	0.14271098	-0.058455788	-0.12680952	0.9999996	0.14030518	-0.093358465	0.11229975	-0.5374097	0.09970898	-0.10968555	-0.09768637
0.1542647	-0.1499396	-0.16517173	-0.28194422	-0.17830531	-0.29993647	0.17417657	0.1511928	-0.34463567	-0.38953355	0.22279163	-0.44178927	0.29255205	0.2282752	0.2730025	-0.18055734	0.083284855	0.14030518	0.9999995	-0.19431332	0.30461618	-0.18280205	0.3042726	-0.4281978	-0.37691978
-0.46892446	0.041738052	0.20757613	0.26049876	0.30157143	-0.045382764	-0.08902404	0.13457921	0.07804274	0.076034136	-0.40741023	0.12652512	-0.3559455	0.0617355	-0.053015206	0.30564493	-0.4461497	-0.093358465	-0.19431332	0.9999995	-0.2573464	0.031809144	-0.18784128	0.107448876	0.034194153
0.20904519	-0.1510025	-0.31269476	-0.3807204	-0.23257811	-0.24285233	0.17731847	0.10166915	-0.3712609	-0.25494945	0.27128866	-0.42675546	0.31286162	0.179976	0.2643615	-0.26780564	0.13985284	0.11229975	0.30461618	-0.2573464	0.9999996	-0.08422611	0.30384505	-0.3284968	-0.33099297
-0.06493687	0.29832777	0.13017227	0.0442813	-0.060702566	0.18448979	-0.40981078	-0.35542426	0.17342654	0.23243105	-0.060079683	0.20700878	-0.095743194	-0.16654664	-0.15397288	-0.018774766	0.095751435	-0.5374097	-0.18280205	0.031809144	-0.08422611	0.9999996	-0.19223002	0.16104239	0.16001402
0.15129407	-0.13788608	-0.37089136	-0.3389322	-0.14252639	-0.25523707	0.2340729	0.15385586	-0.2956898	-0.3170378	0.22652751	-0.44421965	0.28116995	0.22637217	0.28255725	-0.15088393	0.1215011	0.09970898	0.3042726	-0.18784128	0.30384505	-0.19223002	0.9999994	-0.4384975	-0.4015701
-0.12874396	0.17708102	0.23474969	0.2505142	0.09484308	0.2723158	-0.2302916	-0.21776067	0.3077053	0.3023086	-0.21773364	0.3104432	-0.3414149	-0.3376601	-0.4287216	0.104741104	-0.07727812	-0.10968555	-0.4281978	0.107448876	-0.3284968	0.16104239	-0.4384975	0.99999946	0.30736625
0.0026227182	0.16321544	0.18538332	0.17710333	0.0006588738	0.29734462	-0.20479922	-0.3455955	0.29840714	0.2923603	-0.10081942	0.28821307	-0.23606397	-0.4537897	-0.34171516	-0.0153961275	-0.005185774	-0.09768637	-0.37691978	0.034194153	-0.33099297	0.16001402	-0.4015701	0.30736625	0.99999946
