1.0	-0.38127956	0.24193424	0.0024243004	-0.19011134	-0.069993526	-0.18342485	0.09697586	-0.42909998	-0.1956448	0.23803031	0.14417933	-0.12660943	0.0002757924	0.28599972	-0.43511048	0.03912094	0.09116984	0.23569468	-0.25348803	-0.30162892	0.21127193	0.11752977	-0.29399768	0.25195256
-0.38127956	0.9999998	-0.18760361	0.06648886	0.1899398	-0.06977916	0.1968145	-0.10543804	0.2424931	0.14262983	-0.13501596	-0.18640259	0.13875557	0.03328785	-0.40315336	0.17689824	-0.0090841	-0.1288331	-0.38412982	0.2624354	0.21313219	-0.39445895	-0.27498487	0.1912774	-0.23994909
0.24193424	-0.18760361	0.99999964	0.08524569	-0.12432979	-0.13003536	-0.042605184	0.092361316	-0.4099428	0.02005685	0.16101772	0.047464874	-0.21766396	0.15000254	0.15277255	-0.33493465	0.059373416	0.05994586	0.2557812	-0.0490824	-0.4507613	0.10622539	-0.07516012	-0.3838919	0.23566769
0.0024243004	0.06648886	0.08524569	0.99999964	0.15982968	-0.5680184	0.25035372	-0.12933756	-0.13681288	-0.02686033	0.13441794	0.176022	0.13119744	-0.11496901	0.022477489	-0.10607169	0.18907446	-0.3968533	-0.017516565	-0.058111764	-0.10283531	-0.1914978	-0.36174795	-0.09689076	0.078518994
-0.19011134	0.1899398	-0.12432979	0.15982968	0.9999998	-0.22700928	0.2495889	-0.45087558	0.14975631	-0.101146705	0.039177068	0.11456181	0.28192285	-0.25403687	-0.058358476	-0.0079006925	0.18955873	-0.35763627	-0.2424482	0.11197622	0.11263095	-0.36906463	-0.26115406	0.061347812	-0.18390982
-0.069993526	-0.06977916	-0.13003536	-0.5680184	-0.22700928	0.9999995	-0.33690095	0.20826156	0.06448554	0.10429033	-0.22773413	-0.25143266	-0.16377626	0.11254443	-0.06451792	0.17293622	-0.31144133	0.26970515	0.004043292	0.0041637104	0.11426953	0.16312467	0.19599688	0.1334219	-0.04786683
-0.18342485	0.1968145	-0.042605184	0.25035372	0.2495889	-0.33690095	0.9999992	-0.31945896	0.064614855	-0.032755334	-0.013209452	0.1070252	0.1955153	-0.022086013	-0.12598073	0.017817913	0.20737047	-0.42729744	-0.08051037	0.12006262	0.035068564	-0.28687036	-0.49849442	-0.03491053	-0.027075991
0.09697586	-0.10543804	0.092361316	-0.12933756	-0.45087558	0.20826156	-0.31945896	0.9999994	-0.0992161	0.18542895	-0.13943918	-0.26205093	-0.36115795	0.1971575	-0.048479494	0.06322163	-0.43673992	0.28025183	0.14334619	-0.039778374	-0.030891405	0.1790065	0.14299633	0.012291014	0.047992833
-0.42909998	0.2424931	-0.4099428	-0.13681288	0.14975631	0.06448554	0.064614855	-0.0992161	0.9999992	0.13819477	-0.28140193	-0.24929819	0.11727412	-0.005181677	-0.32116386	0.23201762	-0.03579258	-0.056679573	-0.25708812	0.2095903	0.2803926	-0.2447675	0.011088297	0.28480056	-0.37059548
-0.1956448	0.14262983	0.02005685	-0.02686033	-0.101146705	0.10429033	-0.032755334	0.18542895	0.13819477	0.9999993	-0.38722995	-0.44630748	-0.18679777	0.21567997	-0.33115697	0.2084649	-0.3678575	0.11218636	-0.022242112	0.2264833	0.11237822	-0.08223843	-0.030559402	0.17660317	-0.24555641
0.23803031	-0.13501596	0.16101772	0.13441794	0.039177068	-0.22773413	-0.013209452	-0.13943918	-0.28140193	-0.38722995	0.9999993	0.26616985	0.047516886	-0.16134977	0.2767785	-0.45844728	0.22776341	-0.10122013	0.107017264	-0.29868746	-0.3431444	0.08294917	0.03149078	-0.3530073	0.23494822
0.14417933	-0.18640259	0.047464874	0.176022	0.11456181	-0.25143266	0.1070252	-0.26205093	-0.24929819	-0.44630748	0.26616985	0.99999934	0.13274324	-0.29907906	0.23513918	-0.1935317	0.25180915	-0.23317382	0.061955098	-0.25389344	-0.16277009	-0.0068487767	-0.041740447	-0.26703507	0.19708027
-0.12660943	0.13875557	-0.21766396	0.13119744	0.28192285	-0.16377626	0.1955153	-0.36115795	0.11727412	-0.18679777	0.047516886	0.13274324	0.99999934	-0.35023874	-0.004962101	0.023792012	0.16878505	-0.34005922	-0.4203	-0.0045550102	0.14481343	-0.12990564	-0.21616341	0.07923225	-0.16021383
0.0002757924	0.03328785	0.15000254	-0.11496901	-0.25403687	0.11254443	-0.022086013	0.1971575	-0.005181677	0.21567997	-0.16134977	-0.29907906	-0.35023874	0.9999993	-0.12128276	0.03557999	-0.10011058	0.15786712	0.124359034	0.16520375	-0.071342625	-0.044879492	-0.10687096	-0.017318483	0.00025233117
0.28599972	-0.40315336	0.15277255	0.022477489	-0.058358476	-0.06451792	-0.12598073	-0.048479494	-0.32116386	-0.33115697	0.2767785	0.23513918	-0.004962101	-0.12128276	0.99999917	-0.36743167	0.13122466	0.037545104	0.17525347	-0.43829608	-0.26163134	0.19817881	0.09166437	-0.32297543	0.24781823
-0.43511048	0.17689824	-0.33493465	-0.10607169	-0.0079006925	0.17293622	0.017817913	0.06322163	0.23201762	0.2084649	-0.45844728	-0.1935317	0.023792012	0.03557999	-0.36743167	0.99999905	-0.3140107	0.041859537	-0.16171677	0.17669743	0.2626831	-0.06997347	-0.027903754	0.26868433	-0.20729707
0.03912094	-0.0090841	0.059373416	0.18907446	0.18955873	-0.31144133	0.20737047	-0.43673992	-0.03579258	-0.3678575	0.22776341	0.25180915	0.16878505	-0.10011058	0.13122466	-0.3140107	0.99999905	-0.37504745	-1.9977051e-5	-0.11449406	-0.13376394	-0.07526449	-0.17148186	-0.1833831	0.10653295
0.09116984	-0.1288331	0.05994586	-0.3968533	-0.35763627	0.26970515	-0.42729744	0.28025183	-0.056679573	0.11218636	-0.10122013	-0.23317382	-0.34005922	0.15786712	0.037545104	0.041859537	-0.37504745	0.999999	0.13690364	-0.023867037	-0.066646576	0.1895815	0.22959627	0.031554595	0.00010441665
0.23569468	-0.38412982	0.2557812	-0.017516565	-0.2424482	0.004043292	-0.08051037	0.14334619	-0.25708812	-0.022242112	0.107017264	0.061955098	-0.4203	0.124359034	0.17525347	-0.16171677	-1.9977051e-5	0.13690364	0.9999991	-0.16603392	-0.4178795	0.18831374	0.045148347	-0.22592473	0.24303675
-0.25348803	0.2624354	-0.0490824	-0.058111764	0.11197622	0.0041637104	0.12006262	-0.039778374	0.2095903	0.2264833	-0.29868746	-0.25389344	-0.0045550102	0.16520375	-0.43829608	0.17669743	-0.11449406	-0.023867037	-0.16603392	0.9999991	0.14974195	-0.45119733	-0.13912287	0.17700595	-0.20785107
-0.30162892	0.21313219	-0.4507613	-0.10283531	0.11263095	0.11426953	0.035068564	-0.030891405	0.2803926	0.11237822	-0.3431444	-0.16277009	0.14481343	-0.071342625	-0.26163134	0.2626831	-0.13376394	-0.066646576	-0.4178795	0.14974195	0.9999993	-0.09441749	-0.010318879	0.30282313	-0.41495678
0.21127193	-0.39445895	0.10622539	-0.1914978	-0.36906463	0.16312467	-0.28687036	0.1790065	-0.2447675	-0.08223843	0.08294917	-0.0068487767	-0.12990564	-0.044879492	0.19817881	-0.06997347	-0.07526449	0.1895815	0.18831374	-0.45119733	-0.09441749	0.99999946	0.19885181	-0.11995858	0.13134065
0.11752977	-0.27498487	-0.07516012	-0.36174795	-0.26115406	0.19599688	-0.49849442	0.14299633	0.011088297	-0.030559402	0.03149078	-0.041740447	-0.21616341	-0.10687096	0.09166437	-0.027903754	-0.17148186	0.22959627	0.045148347	-0.13912287	-0.010318879	0.19885181	0.9999994	0.028355373	-0.010183162
-0.29399768	0.1912774	-0.3838919	-0.09689076	0.061347812	0.1334219	-0.03491053	0.012291014	0.28480056	0.17660317	-0.3530073	-0.26703507	0.07923225	-0.017318483	-0.32297543	0.26868433	-0.1833831	0.031554595	-0.22592473	0.17700595	0.30282313	-0.11995858	0.028355373	0.9999994	-0.5384436
0.25195256	-0.23994909	0.23566769	0.078518994	-0.18390982	-0.04786683	-0.027075991	0.047992833	-0.37059548	-0.24555641	0.23494822	0.19708027	-0.16021383	0.00025233117	0.24781823	-0.20729707	0.10653295	0.00010441665	0.24303675	-0.20785107	-0.41495678	0.13134065	-0.010183162	-0.5384436	0.9999994
