1.0000001	0.084848695	-0.13820504	0.08356187	0.01836532	-0.1235948	0.2122322	-0.22299147	-0.10993428	-0.07228875	0.04188094	-0.38619134	0.19187392	-0.009703464	0.024209704	0.24913846	0.041655935	-0.66245383	-0.31526107	-0.02099277	0.02010388	-0.032885894	0.13435994	0.17605597	0.1358874
0.084848695	1.0000001	-0.22686137	0.28948262	0.049443576	-0.28193918	0.1288374	-0.34401226	0.0283831	-0.22978908	0.0057313824	-0.13204272	0.2530055	-0.26832923	-0.2482314	0.22072317	0.11234374	-0.17095551	-0.19592172	0.23284826	-0.451022	-0.23123963	0.2751273	0.06986438	0.13272321
-0.13820504	-0.22686137	1.0	-0.109571554	-0.3032251	0.20525376	-0.3875037	0.30368286	0.1732205	0.258574	-0.2826357	0.2603479	-0.31467345	-0.01968169	0.02013243	-0.36381352	0.05374791	0.16505805	0.2718254	-0.016119506	0.047118653	0.034370217	-0.1790223	-0.3494606	-0.33137643
0.08356187	0.28948262	-0.109571554	0.9999998	-0.08000918	-0.22732453	0.007936988	-0.20334429	0.11739374	-0.043859713	-0.0902754	-0.11219963	0.24907462	-0.36863008	-0.43277472	0.18767306	0.22985627	-0.18165042	-0.1918078	0.28543636	-0.41179433	-0.32646295	0.29374918	-0.07943426	0.0801561
0.01836532	0.049443576	-0.3032251	-0.08000918	0.9999996	-0.08243682	0.2011516	-0.2722037	-0.38944158	-0.47331092	0.2825778	-0.08388645	0.048055533	0.17577997	0.12394957	0.082468376	-0.4066156	-0.014850756	-0.117578186	-0.20786332	0.12126493	0.16068149	-0.052336697	0.21851084	0.17141473
-0.1235948	-0.28193918	0.20525376	-0.22732453	-0.08243682	0.9999996	-0.34897998	0.25373122	0.02084845	0.10957929	0.005050624	0.19996092	-0.23925552	0.012892292	-0.019941673	-0.1762823	0.023555528	0.13998902	0.2454044	-0.1854341	0.12778707	0.17155875	-0.259039	-0.1776059	-0.543815
0.2122322	0.1288374	-0.3875037	0.007936988	0.2011516	-0.34897998	0.9999996	-0.39424315	-0.14427093	-0.18102661	0.117630824	-0.35393056	0.17203486	0.09812084	0.0981446	0.23442134	-0.19875814	-0.24446361	-0.34841463	-0.050131157	0.022189664	0.03024409	0.11016629	0.2825793	0.27671278
-0.22299147	-0.34401226	0.30368286	-0.20334429	-0.2722037	0.25373122	-0.39424315	0.9999997	0.12741385	0.22328709	-0.11522548	0.2504082	-0.23681328	0.0017582059	0.043922033	-0.34038517	0.023375822	0.2129229	0.2879139	-0.060686097	0.092778414	0.0804969	-0.25582162	-0.32659942	-0.358665
-0.10993428	0.0283831	0.1732205	0.11739374	-0.38944158	0.02084845	-0.14427093	0.12741385	0.9999996	0.22474918	-0.5227951	0.1030567	-0.063609034	-0.31858277	-0.3219589	-0.04418087	0.22471295	0.017596964	0.10549528	0.2343048	-0.22190593	-0.2239682	0.13069053	-0.17158651	-0.16510366
-0.07228875	-0.22978908	0.258574	-0.043859713	-0.47331092	0.10957929	-0.18102661	0.22328709	0.22474918	0.9999997	-0.46641764	0.16202034	-0.14856695	-0.07241325	-0.008696022	-0.22620963	0.15993921	0.103099555	0.15844068	0.063546605	-0.04262622	-0.19740269	-0.06785362	-0.27677584	-0.14561431
0.04188094	0.0057313824	-0.2826357	-0.0902754	0.2825778	0.005050624	0.117630824	-0.11522548	-0.5227951	-0.46641764	0.99999976	-0.14389755	0.036356084	0.16773796	0.13220303	0.08003176	-0.22296824	-0.026164107	-0.052347433	-0.2431263	0.14835317	0.21655397	-0.15372509	0.17159921	0.08811012
-0.38619134	-0.13204272	0.2603479	-0.11219963	-0.08388645	0.19996092	-0.35393056	0.2504082	0.1030567	0.16202034	-0.14389755	0.9999998	-0.44959378	0.014922739	0.046140276	-0.43084762	-0.06293754	0.2530437	0.30508012	-0.063480996	0.0631697	0.034914434	-0.21297203	-0.15837316	-0.30725726
0.19187392	0.2530055	-0.31467345	0.24907462	0.048055533	-0.23925552	0.17203486	-0.23681328	-0.063609034	-0.14856695	0.036356084	-0.44959378	0.9999998	-0.2475666	-0.19412564	0.29364493	0.15065275	-0.2511055	-0.40022942	0.1787683	-0.25845003	-0.16824019	0.2685448	0.093408786	0.17486322
-0.009703464	-0.26832923	-0.01968169	-0.36863008	0.17577997	0.012892292	0.09812084	0.0017582059	-0.31858277	-0.07241325	0.16773796	0.014922739	-0.2475666	0.9999998	0.30875644	-0.09118794	-0.3789637	0.097283915	0.042276703	-0.33359185	0.28102422	0.25153783	-0.38155463	0.14099768	0.08663488
0.024209704	-0.2482314	0.02013243	-0.43277472	0.12394957	-0.019941673	0.0981446	0.043922033	-0.3219589	-0.008696022	0.13220303	0.046140276	-0.19412564	0.30875644	0.99999994	-0.10521204	-0.31018344	0.05869864	0.00218622	-0.41732898	0.28428158	0.21531858	-0.30446926	0.12650079	0.0854325
0.24913846	0.22072317	-0.36381352	0.18767306	0.082468376	-0.1762823	0.23442134	-0.34038517	-0.04418087	-0.22620963	0.08003176	-0.43084762	0.29364493	-0.09118794	-0.10521204	1.0	0.08442606	-0.3936682	-0.46019566	0.118167646	-0.17996018	-0.121941164	0.22566397	0.1892776	0.19900255
0.041655935	0.11234374	0.05374791	0.22985627	-0.4066156	0.023555528	-0.19875814	0.023375822	0.22471295	0.15993921	-0.22296824	-0.06293754	0.15065275	-0.3789637	-0.31018344	0.08442606	1.0	-0.052130762	-0.06643328	0.2395462	-0.26170117	-0.3460601	0.1874643	-0.25040364	-0.12941313
-0.66245383	-0.17095551	0.16505805	-0.18165042	-0.014850756	0.13998902	-0.24446361	0.2129229	0.017596964	0.103099555	-0.026164107	0.2530437	-0.2511055	0.097283915	0.05869864	-0.3936682	-0.052130762	0.9999998	0.25851232	-0.10786668	0.06888013	0.08012446	-0.23281787	-0.22444317	-0.08983578
-0.31526107	-0.19592172	0.2718254	-0.1918078	-0.117578186	0.2454044	-0.34841463	0.2879139	0.10549528	0.15844068	-0.052347433	0.30508012	-0.40022942	0.042276703	0.00218622	-0.46019566	-0.06643328	0.25851232	0.99999994	-0.08076805	0.078516304	0.0968919	-0.26881915	-0.25359452	-0.32879558
-0.02099277	0.23284826	-0.016119506	0.28543636	-0.20786332	-0.1854341	-0.050131157	-0.060686097	0.2343048	0.063546605	-0.2431263	-0.063480996	0.1787683	-0.33359185	-0.41732898	0.118167646	0.2395462	-0.10786668	-0.08076805	1.0000002	-0.49842003	-0.3776256	0.26775825	-0.03200103	0.00520469
0.02010388	-0.451022	0.047118653	-0.41179433	0.12126493	0.12778707	0.022189664	0.092778414	-0.22190593	-0.04262622	0.14835317	0.0631697	-0.25845003	0.28102422	0.28428158	-0.17996018	-0.26170117	0.06888013	0.078516304	-0.49842003	1.0	0.26083595	-0.2625761	0.06572032	-0.004683553
-0.032885894	-0.23123963	0.034370217	-0.32646295	0.16068149	0.17155875	0.03024409	0.0804969	-0.2239682	-0.19740269	0.21655397	0.034914434	-0.16824019	0.25153783	0.21531858	-0.121941164	-0.3460601	0.08012446	0.0968919	-0.3776256	0.26083595	0.9999999	-0.3912296	0.068145365	-0.16072014
0.13435994	0.2751273	-0.1790223	0.29374918	-0.052336697	-0.259039	0.11016629	-0.25582162	0.13069053	-0.06785362	-0.15372509	-0.21297203	0.2685448	-0.38155463	-0.30446926	0.22566397	0.1874643	-0.23281787	-0.26881915	0.26775825	-0.2625761	-0.3912296	0.9999996	0.057441127	0.12412132
0.17605597	0.06986438	-0.3494606	-0.07943426	0.21851084	-0.1776059	0.2825793	-0.32659942	-0.17158651	-0.27677584	0.17159921	-0.15837316	0.093408786	0.14099768	0.12650079	0.1892776	-0.25040364	-0.22444317	-0.25359452	-0.03200103	0.06572032	0.068145365	0.057441127	0.9999996	0.19238532
0.1358874	0.13272321	-0.33137643	0.0801561	0.17141473	-0.543815	0.27671278	-0.358665	-0.16510366	-0.14561431	0.08811012	-0.30725726	0.17486322	0.08663488	0.0854325	0.19900255	-0.12941313	-0.08983578	-0.32879558	0.00520469	-0.004683553	-0.16072014	0.12412132	0.19238532	0.9999996
