1.0	-0.052272886	0.0010073025	-0.77115744	0.026622862	0.005547975	0.10536121	-0.011796472	-0.021468306	-0.10036153	-0.12843396	0.076873824	-0.111155584	0.16629243	0.013063	-0.1531111	0.09373983	0.11269179	0.05240755	-0.09840742	0.0071111945	-0.16078155	0.0320452	-0.01563637	0.06918595
-0.052272886	1.0000002	-0.32034662	0.078063205	0.15662615	0.04885935	0.052091092	-0.42438462	-0.1997715	-0.19609976	0.14119463	0.27992547	-0.44728693	0.036020424	-0.3231791	-0.07723806	-0.17341816	0.23249699	0.18199284	-0.28513837	0.17998205	-0.1598886	0.21917242	-0.017755333	0.2356634
0.0010073025	-0.32034662	1.0000002	-0.031672083	0.028377367	0.13525292	-0.26787058	0.042459484	-0.05117406	-0.110988826	-0.0058276807	-0.2807112	0.20206304	-0.20918345	0.09199571	0.19508351	-0.00056947506	-0.11856793	0.030210366	0.13704304	0.09732224	-0.017195962	-0.6112666	0.18479326	-0.035927173
-0.77115744	0.078063205	-0.031672083	1.0000001	-0.037448566	-0.056923576	-0.06047338	0.0072680684	0.042956352	0.09679577	0.017691992	-0.08516379	0.035982102	-0.19340932	-0.0151882935	0.09800312	-0.069760576	-0.21372509	-0.09121046	0.08890581	-0.024357062	0.13242246	0.016328292	-0.031572293	-0.06295225
0.026622862	0.15662615	0.028377367	-0.037448566	1.0000004	0.26468238	-0.2627863	-0.1973933	-0.32079428	-0.42919564	0.22330494	0.14502576	-0.13529016	-0.13257296	-0.3290731	0.066268444	-0.26661763	0.2363983	0.31088817	-0.2148623	0.27310255	-0.49219897	-0.010604797	0.24481724	0.18892948
0.005547975	0.04885935	0.13525292	-0.056923576	0.26468238	1.0000005	-0.31845215	-0.1884936	-0.31160194	-0.18139794	0.21235079	0.028112438	0.0063727344	-0.34005147	-0.22171447	0.14664483	-0.3366056	0.16396672	0.20753016	-0.034404587	0.24833454	-0.30249444	-0.1736394	0.29442763	0.06567033
0.10536121	0.052091092	-0.26787058	-0.06047338	-0.2627863	-0.31845215	1.0000006	-0.0102465	0.02893216	0.1539087	-0.3357188	0.087896824	-0.07348215	0.27281368	0.043361977	-0.36952394	0.23746727	-0.07625391	-0.24899937	-0.12297128	-0.08876326	0.15537447	0.22406204	-0.30530202	0.023562377
-0.011796472	-0.42438462	0.042459484	0.0072680684	-0.1973933	-0.1884936	-0.0102465	1.0000004	0.24357489	0.2418952	-0.1534886	-0.25744054	0.24463764	-0.036082443	0.29442948	0.099781945	0.12847029	-0.33795705	-0.2279807	0.27674928	-0.45140722	0.21008295	-0.12694702	-0.14921086	-0.46232215
-0.021468306	-0.1997715	-0.05117406	0.042956352	-0.32079428	-0.31160194	0.02893216	0.24357489	1.0000004	0.21242894	-0.082106166	-0.16699132	0.096369214	-0.057031933	0.21599135	0.11075922	0.10757227	-0.28851977	-0.20919745	0.1893269	-0.39483526	0.24783528	-0.0016102821	-0.4639863	-0.1842194
-0.10036153	-0.19609976	-0.110988826	0.09679577	-0.42919564	-0.18139794	0.1539087	0.2418952	0.21242894	1.0000006	-0.2619864	-0.13230805	0.16777572	0.04355542	0.24208844	-0.053615697	0.18467282	-0.2626289	-0.51424456	0.21601023	-0.3573824	0.29977778	0.012970741	-0.22997901	-0.33457223
-0.12843396	0.14119463	-0.0058276807	0.017691992	0.22330494	0.21235079	-0.3357188	-0.1534886	-0.082106166	-0.2619864	1.0000005	0.15392736	-0.19332853	-0.13670398	-0.2442826	0.122911505	-0.60338295	0.19374935	0.22417086	-0.10259499	0.18805206	-0.16931741	-0.03220349	0.17122227	0.12545554
0.076873824	0.27992547	-0.2807112	-0.08516379	0.14502576	0.028112438	0.087896824	-0.25744054	-0.16699132	-0.13230805	0.15392736	1.0000005	-0.48110706	0.13805579	-0.43414122	-0.19602102	-0.17535311	0.26665205	0.15396029	-0.36450094	0.15965259	-0.13577956	0.2291115	-0.05107332	0.24631786
-0.111155584	-0.44728693	0.20206304	0.035982102	-0.13529016	0.0063727344	-0.07348215	0.24463764	0.096369214	0.16777572	-0.19332853	-0.48110706	1.0000005	-0.0912564	0.26761663	0.12200735	0.13728149	-0.36282346	-0.22747582	0.2694407	-0.17815322	0.13274978	-0.27368003	0.03331159	-0.29269868
0.16629243	0.036020424	-0.20918345	-0.19340932	-0.13257296	-0.34005147	0.27281368	-0.036082443	-0.057031933	0.04355542	-0.13670398	0.13805579	-0.0912564	1.0000005	-0.035502426	-0.53609145	0.19598593	0.053710703	-0.052834984	-0.20134611	-0.09884667	0.04536978	0.2243523	-0.23219065	0.11927838
0.013063	-0.3231791	0.09199571	-0.0151882935	-0.3290731	-0.22171447	0.043361977	0.29442948	0.21599135	0.24208844	-0.2442826	-0.43414122	0.26761663	-0.035502426	1.0000004	0.08247504	0.1815932	-0.3618906	-0.27073577	0.2803628	-0.3192736	0.22703543	-0.15231709	-0.089091934	-0.39522594
-0.1531111	-0.07723806	0.19508351	0.09800312	0.066268444	0.14664483	-0.36952394	0.099781945	0.11075922	-0.053615697	0.122911505	-0.19602102	0.12200735	-0.53609145	0.08247504	1.0000005	-0.25009468	-0.1426703	0.049554076	0.20822339	0.016133906	-0.02716989	-0.3443279	0.084994346	-0.22604
0.09373983	-0.17341816	-0.00056947506	-0.069760576	-0.26661763	-0.3366056	0.23746727	0.12847029	0.10757227	0.18467282	-0.60338295	-0.17535311	0.13728149	0.19598593	0.1815932	-0.25009468	1.0000004	-0.13836055	-0.21171892	0.020570658	-0.23182194	0.17207228	0.0524358	-0.21545354	-0.054265823
0.11269179	0.23249699	-0.11856793	-0.21372509	0.2363983	0.16396672	-0.07625391	-0.33795705	-0.28851977	-0.2626289	0.19374935	0.26665205	-0.36282346	0.053710703	-0.3618906	-0.1426703	-0.13836055	1.0000005	0.25448096	-0.36147508	0.23762906	-0.3100254	0.11629504	0.14802134	0.27290365
0.05240755	0.18199284	0.030210366	-0.09121046	0.31088817	0.20753016	-0.24899937	-0.2279807	-0.20919745	-0.51424456	0.22417086	0.15396029	-0.22747582	-0.052834984	-0.27073577	0.049554076	-0.21171892	0.25448096	1.0000005	-0.2750411	0.2575113	-0.49045885	0.0021321785	0.19367129	0.2271704
-0.09840742	-0.28513837	0.13704304	0.08890581	-0.2148623	-0.034404587	-0.12297128	0.27674928	0.1893269	0.21601023	-0.10259499	-0.36450094	0.2694407	-0.20134611	0.2803628	0.20822339	0.020570658	-0.36147508	-0.2750411	1.0000005	-0.23619972	0.19683085	-0.26123658	-0.027821332	-0.4922689
0.0071111945	0.17998205	0.09732224	-0.024357062	0.27310255	0.24833454	-0.08876326	-0.45140722	-0.39483526	-0.3573824	0.18805206	0.15965259	-0.17815322	-0.09884667	-0.3192736	0.016133906	-0.23182194	0.23762906	0.2575113	-0.23619972	1.0000005	-0.30136248	-0.08208148	0.23565972	0.23952456
-0.16078155	-0.1598886	-0.017195962	0.13242246	-0.49219897	-0.30249444	0.15537447	0.21008295	0.24783528	0.29977778	-0.16931741	-0.13577956	0.13274978	0.04536978	0.22703543	-0.02716989	0.17207228	-0.3100254	-0.49045885	0.19683085	-0.30136248	1.0000004	-0.02302107	-0.31176424	-0.21449827
0.0320452	0.21917242	-0.6112666	0.016328292	-0.010604797	-0.1736394	0.22406204	-0.12694702	-0.0016102821	0.012970741	-0.03220349	0.2291115	-0.27368003	0.2243523	-0.15231709	-0.3443279	0.0524358	0.11629504	0.0021321785	-0.26123658	-0.08208148	-0.02302107	1.0000002	-0.1843784	0.12663272
-0.01563637	-0.017755333	0.18479326	-0.031572293	0.24481724	0.29442763	-0.30530202	-0.14921086	-0.4639863	-0.22997901	0.17122227	-0.05107332	0.03331159	-0.23219065	-0.089091934	0.084994346	-0.21545354	0.14802134	0.19367129	-0.027821332	0.23565972	-0.31176424	-0.1843784	1.0000002	0.08242818
0.06918595	0.2356634	-0.035927173	-0.06295225	0.18892948	0.06567033	0.023562377	-0.46232215	-0.1842194	-0.33457223	0.12545554	0.24631786	-0.29269868	0.11927838	-0.39522594	-0.22604	-0.054265823	0.27290365	0.2271704	-0.4922689	0.23952456	-0.21449827	0.12663272	0.08242818	1.0000002
