1.0000001	-0.02146261	-0.24285617	-0.056305666	0.29249293	0.18848579	-0.13080683	0.033296663	0.11613993	-0.17799775	0.11385131	0.14855191	0.12492301	-0.32097155	-0.21284576	0.075919844	0.090165816	0.22647567	-0.053645723	-0.25831145	0.09106485	-0.20332673	-0.022873478	-0.41582793	0.027240831
-0.02146261	1.0000002	-0.27949607	0.25174707	-0.13953531	0.16261327	-0.28202167	-0.31354788	0.2694902	0.27017424	-0.25047776	0.20500371	-0.42524338	-0.28415665	-0.13949598	-0.32763043	0.29422164	0.13220182	0.3184837	-0.32090667	0.28655407	-0.34514323	-0.28540924	0.13341866	0.26166308
-0.24285617	-0.27949607	1.0000004	-0.245268	-0.12908255	-0.33835056	0.27270567	0.15211752	-0.37636143	-0.039745092	0.14965713	-0.5457649	0.10696354	0.19987366	0.19566345	0.18388881	-0.2141738	-0.11740631	-0.16728711	0.24447155	-0.32272106	0.25499648	0.16957454	0.026077641	-0.19181192
-0.056305666	0.25174707	-0.245268	1.0000005	-0.23238522	0.021290995	-0.09325599	-0.2998136	0.24585351	0.2492822	-0.57254803	0.15441453	-0.36614457	-0.067305475	-0.0061820913	-0.28117955	0.2085614	-0.040263135	0.26968145	-0.17816252	0.26012713	-0.20138827	-0.3745615	0.21619368	0.23617364
0.29249293	-0.13953531	-0.12908255	-0.23238522	1.0000006	0.17462483	-0.096651554	0.13493742	0.04777706	-0.28739434	0.21150167	0.091301486	0.21813722	-0.15063417	-0.25860608	0.14944707	-0.015819682	0.18384592	-0.21180962	-0.10225656	-0.040636465	-0.095756195	0.108242854	-0.4899661	-0.08661798
0.18848579	0.16261327	-0.33835056	0.021290995	0.17462483	1.0000005	-0.46614292	-0.089614525	0.19022338	0.020026332	-0.02077235	0.25647596	-0.02495702	-0.35019493	-0.37204662	-0.16520314	0.23121475	0.21020916	0.11547519	-0.18154214	0.11456179	-0.37638736	0.03646779	-0.18659095	0.11753492
-0.13080683	-0.28202167	0.27270567	-0.09325599	-0.096651554	-0.46614292	1.0000005	0.20060134	-0.33457825	-0.15036298	0.09884116	-0.43622652	0.12310365	0.22385868	0.22740132	0.2292312	-0.41483662	-0.14352234	-0.26252073	0.24097094	-0.22212525	0.29748636	0.13454458	0.031350456	-0.29855868
0.033296663	-0.31354788	0.15211752	-0.2998136	0.13493742	-0.089614525	0.20060134	1.0000004	-0.2760776	-0.5248151	0.24526834	-0.22695196	0.2899738	0.13147871	0.060237452	0.27723503	-0.37330678	-0.10019219	-0.33460665	0.23346628	-0.3748902	0.23941016	0.2606818	-0.118747085	-0.356927
0.11613993	0.2694902	-0.37636143	0.24585351	0.04777706	0.19022338	-0.33457825	-0.2760776	1.0000004	0.17166568	-0.32147193	0.26524642	-0.2639343	-0.14966434	-0.22171561	-0.26817873	0.28103885	0.14162178	0.24742313	-0.39731762	0.29520214	-0.38085052	-0.3240634	0.018619293	0.27726844
-0.17799775	0.27017424	-0.039745092	0.2492822	-0.28739434	0.020026332	-0.15036298	-0.5248151	0.17166568	1.0000005	-0.28347325	0.084265195	-0.3865181	-0.11449536	0.025981922	-0.36693656	0.23242483	0.00677439	0.2934432	-0.18583955	0.22102877	-0.20532885	-0.24353704	0.21133117	0.23671983
0.11385131	-0.25047776	0.14965713	-0.57254803	0.21150167	-0.02077235	0.09884116	0.24526834	-0.32147193	-0.28347325	1.0000005	-0.13060993	0.29534307	0.036549315	-0.051460966	0.24006309	-0.1979325	0.061264463	-0.3440631	0.14048718	-0.3112415	0.13898632	0.25404295	-0.31511515	-0.19150135
0.14855191	0.20500371	-0.5457649	0.15441453	0.091301486	0.25647596	-0.43622652	-0.22695196	0.26524642	0.084265195	-0.13060993	1.0000004	-0.08662297	-0.19249329	-0.29137886	-0.32867244	0.2514047	0.13517597	0.16804592	-0.23095243	0.20579873	-0.23280193	-0.17285335	0.0017966409	0.23523214
0.12492301	-0.42524338	0.10696354	-0.36614457	0.21813722	-0.02495702	0.12310365	0.2899738	-0.2639343	-0.3865181	0.29534307	-0.08662297	1.0000006	0.06693367	-0.049814183	0.25813463	-0.24127322	0.00598747	-0.4340526	0.17407686	-0.35657832	0.17907122	0.26361883	-0.23985109	-0.26253
-0.32097155	-0.28415665	0.19987366	-0.067305475	-0.15063417	-0.35019493	0.22385868	0.13147871	-0.14966434	-0.11449536	0.036549315	-0.19249329	0.06693367	1.0000007	0.25359786	0.07061781	-0.3188285	-0.4692437	-0.25215447	0.25962844	-0.23366536	0.25645658	0.07582032	0.13312931	-0.06414832
-0.21284576	-0.13949598	0.19566345	-0.0061820913	-0.25860608	-0.37204662	0.22740132	0.060237452	-0.22171561	0.025981922	-0.051460966	-0.29137886	-0.049814183	0.25359786	1.0000008	0.04356422	-0.23980375	-0.5587496	-0.04799261	0.21234612	-0.07904802	0.23081754	0.05739054	0.1434307	-0.19066411
0.075919844	-0.32763043	0.18388881	-0.28117955	0.14944707	-0.16520314	0.2292312	0.27723503	-0.26817873	-0.36693656	0.24006309	-0.32867244	0.25813463	0.07061781	0.04356422	1.0000006	-0.3615467	0.011652982	-0.3117722	0.16438718	-0.16609068	0.22330447	0.23783356	-0.27736452	-0.42371666
0.090165816	0.29422164	-0.2141738	0.2085614	-0.015819682	0.23121475	-0.41483662	-0.37330678	0.28103885	0.23242483	-0.1979325	0.2514047	-0.24127322	-0.3188285	-0.23980375	-0.3615467	1.0000006	0.178209	0.27666563	-0.2752446	0.2570223	-0.4229098	-0.2600941	0.042691775	0.28259075
0.22647567	0.13220182	-0.11740631	-0.040263135	0.18384592	0.21020916	-0.14352234	-0.10019219	0.14162178	0.00677439	0.061264463	0.13517597	0.00598747	-0.4692437	-0.5587496	0.011652982	0.178209	1.0000005	0.0979091	-0.33454952	0.13229862	-0.24102889	-0.117554784	-0.17155766	0.08745658
-0.053645723	0.3184837	-0.16728711	0.26968145	-0.21180962	0.11547519	-0.26252073	-0.33460665	0.24742313	0.2934432	-0.3440631	0.16804592	-0.4340526	-0.25215447	-0.04799261	-0.3117722	0.27666563	0.0979091	1.0000005	-0.3129958	0.28645888	-0.28768513	-0.3190078	0.16414909	0.25512794
-0.25831145	-0.32090667	0.24447155	-0.17816252	-0.10225656	-0.18154214	0.24097094	0.23346628	-0.39731762	-0.18583955	0.14048718	-0.23095243	0.17407686	0.25962844	0.21234612	0.16438718	-0.2752446	-0.33454952	-0.3129958	1.0000004	-0.4418071	0.29677376	0.23619312	0.03484777	-0.29833585
0.09106485	0.28655407	-0.32272106	0.26012713	-0.040636465	0.11456179	-0.22212525	-0.3748902	0.29520214	0.22102877	-0.3112415	0.20579873	-0.35657832	-0.23366536	-0.07904802	-0.16609068	0.2570223	0.13229862	0.28645888	-0.4418071	1.0000004	-0.29268318	-0.3707159	0.06030968	0.25132003
-0.20332673	-0.34514323	0.25499648	-0.20138827	-0.095756195	-0.37638736	0.29748636	0.23941016	-0.38085052	-0.20532885	0.13898632	-0.23280193	0.17907122	0.25645658	0.23081754	0.22330447	-0.4229098	-0.24102889	-0.28768513	0.29677376	-0.29268318	1.0000001	0.20616677	0.012224287	-0.3293264
-0.022873478	-0.28540924	0.16957454	-0.3745615	0.108242854	0.03646779	0.13454458	0.2606818	-0.3240634	-0.24353704	0.25404295	-0.17285335	0.26361883	0.07582032	0.05739054	0.23783356	-0.2600941	-0.117554784	-0.3190078	0.23619312	-0.3707159	0.20616677	0.99999994	-0.27525994	-0.43649584
-0.41582793	0.13341866	0.026077641	0.21619368	-0.4899661	-0.18659095	0.031350456	-0.118747085	0.018619293	0.21133117	-0.31511515	0.0017966409	-0.23985109	0.13312931	0.1434307	-0.27736452	0.042691775	-0.17155766	0.16414909	0.03484777	0.06030968	0.012224287	-0.27525994	1.0	0.14422408
0.027240831	0.26166308	-0.19181192	0.23617364	-0.08661798	0.11753492	-0.29855868	-0.356927	0.27726844	0.23671983	-0.19150135	0.23523214	-0.26253	-0.06414832	-0.19066411	-0.42371666	0.28259075	0.08745658	0.25512794	-0.29833585	0.25132003	-0.3293264	-0.43649584	0.14422408	1.0
