1.0000001	0.1910364	-0.31093255	-0.011851699	-0.15459152	0.021804169	0.105345644	0.14717808	-0.46286735	-0.38558632	-0.0529852	0.28103194	-0.18737338	0.21618295	0.23334818	-0.393742	-0.014928522	-0.16151348	-0.25743142	0.25919086	-0.018221997	-0.34028807	0.13400166	0.12246674	0.06367956
0.1910364	1.0000001	-0.43627894	0.22980843	0.052926954	0.15509	-0.18414688	0.2116269	-0.2863058	-0.3037695	-0.17281686	0.19147584	-0.31412733	0.1635587	0.101282805	-0.21742849	-0.36938646	-0.29241636	-0.13157809	0.2238163	-0.25818634	-0.15805951	0.289395	-0.0047676223	0.19451769
-0.31093255	-0.43627894	1.0	-0.18868093	-0.08711281	-0.26327837	0.110259555	-0.13186578	0.17976958	0.24664794	0.22270477	-0.13829751	0.17281803	-0.19443512	-0.062579975	0.17558852	0.1810697	0.2822533	0.08782938	-0.22892599	0.20265524	0.0969528	-0.41207555	0.08265455	-0.33365896
-0.011851699	0.22980843	-0.18868093	1.0000002	0.14891966	0.18209101	-0.24045977	0.14444695	-0.11078824	-0.08326993	-0.21177645	0.013092841	-0.17299008	0.052550774	-0.10583054	0.025486372	-0.44122747	-0.38649774	0.024901355	0.089536004	-0.47893375	0.033088066	0.26850846	-0.13174866	0.17979029
-0.15459152	0.052926954	-0.08711281	0.14891966	1.0000004	-0.14167732	-0.47885516	-0.16136491	0.15184046	-0.011590486	0.04703645	-0.21490027	0.11397582	-0.24222222	-0.3039948	0.060369875	-0.055370018	-0.10681747	0.23747495	-0.06963423	-0.07848595	0.24539743	0.10390613	-0.48371816	0.19384912
0.021804169	0.15509	-0.26327837	0.18209101	-0.14167732	1.0000002	0.054219555	0.1613549	-0.05029334	-0.027999941	-0.35271904	0.09597987	-0.14274834	0.22446194	0.069232725	0.023370108	-0.3725747	-0.21402939	-0.2447229	0.01628112	-0.42364386	-0.030523237	0.19181143	0.0882623	-0.01786299
0.105345644	-0.18414688	0.110259555	-0.24045977	-0.47885516	0.054219555	1.0000005	0.06389316	-0.121622734	0.06878711	0.009022743	0.0920357	-0.053847495	0.14811875	0.23098783	0.012978295	0.07947793	0.13373122	-0.28221297	-0.029429529	0.13937789	-0.34519374	-0.16105585	0.28722113	-0.31555557
0.14717808	0.2116269	-0.13186578	0.14444695	-0.16136491	0.1613549	0.06389316	1.0000002	-0.23353925	-0.2888073	-0.39033931	0.2172581	-0.5631427	0.19271557	0.20103799	-0.08830968	-0.3666488	-0.15905225	-0.18228744	0.15842713	-0.112765536	-0.17153779	0.18578178	0.13806249	0.056992467
-0.46286735	-0.2863058	0.17976958	-0.11078824	0.15184046	-0.05029334	-0.121622734	-0.23353925	1.0000001	0.2688674	0.1282034	-0.41684255	0.23447764	-0.21792425	-0.25361407	0.26313496	0.06311436	0.1709734	0.1558023	-0.39914554	0.11326878	0.25897977	-0.17866863	-0.13398913	-0.13738535
-0.38558632	-0.3037695	0.24664794	-0.08326993	-0.011590486	-0.027999941	0.06878711	-0.2888073	0.2688674	1.0000001	0.19524725	-0.35273033	0.23977084	-0.24426015	-0.17954254	0.27526942	0.11393716	0.24389318	0.11668682	-0.43145835	0.09165728	0.16197479	-0.2990127	-0.009331534	-0.25652996
-0.0529852	-0.17281686	0.22270477	-0.21177645	0.04703645	-0.35271904	0.009022743	-0.39033931	0.1282034	0.19524725	1.0000002	-0.2604513	0.22076894	-0.15294021	-0.09482396	0.120798394	0.20590541	0.23414251	0.054769874	-0.21542732	0.20072685	0.09546591	-0.30375534	0.03036671	-0.30170068
0.28103194	0.19147584	-0.13829751	0.013092841	-0.21490027	0.09597987	0.0920357	0.2172581	-0.41684255	-0.35273033	-0.2604513	1.0	-0.27973112	0.23244162	0.26219118	-0.41678473	-0.077901915	-0.21556674	-0.23619077	0.2751511	-0.06877994	-0.37189204	0.15180305	0.148711	0.09430227
-0.18737338	-0.31412733	0.17281803	-0.17299008	0.11397582	-0.14274834	-0.053847495	-0.5631427	0.23447764	0.23977084	0.22076894	-0.27973112	0.99999994	-0.2066401	-0.35356453	0.1518691	0.22309235	0.19112405	0.18921879	-0.2195679	0.060301527	0.21957646	-0.23621374	-0.18981925	-0.09653685
0.21618295	0.1635587	-0.19443512	0.052550774	-0.24222222	0.22446194	0.14811875	0.19271557	-0.21792425	-0.24426015	-0.15294021	0.23244162	-0.2066401	0.9999999	0.22865756	-0.096021414	-0.14436568	-0.26749784	-0.54908395	0.102473706	-0.15395473	-0.24448901	0.15408885	0.19946007	-0.06483255
0.23334818	0.101282805	-0.062579975	-0.10583054	-0.3039948	0.069232725	0.23098783	0.20103799	-0.25361407	-0.17954254	-0.09482396	0.26219118	-0.35356453	0.22865756	0.9999999	-0.22408745	-0.07611074	-0.029251844	-0.33629787	0.14883208	0.081234895	-0.51753277	0.017686794	0.2684953	-0.114940315
-0.393742	-0.21742849	0.17558852	0.025486372	0.060369875	0.023370108	0.012978295	-0.08830968	0.26313496	0.27526942	0.120798394	-0.41678473	0.1518691	-0.096021414	-0.22408745	0.99999994	-0.043289557	0.14253443	0.05799029	-0.53256506	0.059215914	0.19189905	-0.15023546	-0.048106592	-0.17251627
-0.014928522	-0.36938646	0.1810697	-0.44122747	-0.055370018	-0.3725747	0.07947793	-0.3666488	0.06311436	0.11393716	0.20590541	-0.077901915	0.22309235	-0.14436568	-0.07611074	-0.043289557	0.9999999	0.22715577	0.11649154	-0.040505927	0.24165334	0.047847297	-0.33435744	-0.04208073	-0.061608523
-0.16151348	-0.29241636	0.2822533	-0.38649774	-0.10681747	-0.21402939	0.13373122	-0.15905225	0.1709734	0.24389318	0.23414251	-0.21556674	0.19112405	-0.26749784	-0.029251844	0.14253443	0.22715577	0.99999994	0.10436357	-0.27027386	0.25227	0.04041137	-0.48297992	0.06899346	-0.3056516
-0.25743142	-0.13157809	0.08782938	0.024901355	0.23747495	-0.2447229	-0.28221297	-0.18228744	0.1558023	0.11668682	0.054769874	-0.23619077	0.18921879	-0.54908395	-0.33629787	0.05799029	0.11649154	0.10436357	0.99999964	-0.035875868	0.0043884404	0.23482953	-0.096804954	-0.34892723	0.13456485
0.25919086	0.2238163	-0.22892599	0.089536004	-0.06963423	0.01628112	-0.029429529	0.15842713	-0.39914554	-0.43145835	-0.21542732	0.2751511	-0.2195679	0.102473706	0.14883208	-0.53256506	-0.040505927	-0.27027386	-0.035875868	0.9999997	-0.1574188	-0.19034137	0.20672266	0.009410757	0.19990627
-0.018221997	-0.25818634	0.20265524	-0.47893375	-0.07848595	-0.42364386	0.13937789	-0.112765536	0.11326878	0.09165728	0.20072685	-0.06877994	0.060301527	-0.15395473	0.081234895	0.059215914	0.24165334	0.25227	0.0043884404	-0.1574188	0.9999998	-0.07001182	-0.33269304	0.092055164	-0.14360198
-0.34028807	-0.15805951	0.0969528	0.033088066	0.24539743	-0.030523237	-0.34519374	-0.17153779	0.25897977	0.16197479	0.09546591	-0.37189204	0.21957646	-0.24448901	-0.51753277	0.19189905	0.047847297	0.04041137	0.23482953	-0.19034137	-0.07001182	1.0000001	-0.029080411	-0.27519843	0.010989245
0.13400166	0.289395	-0.41207555	0.26850846	0.10390613	0.19181143	-0.16105585	0.18578178	-0.17866863	-0.2990127	-0.30375534	0.15180305	-0.23621374	0.15408885	0.017686794	-0.15023546	-0.33435744	-0.48297992	-0.096804954	0.20672266	-0.33269304	-0.029080411	1.0000002	-0.120352976	0.23878877
0.12246674	-0.0047676223	0.08265455	-0.13174866	-0.48371816	0.0882623	0.28722113	0.13806249	-0.13398913	-0.009331534	0.03036671	0.148711	-0.18981925	0.19946007	0.2684953	-0.048106592	-0.04208073	0.06899346	-0.34892723	0.009410757	0.092055164	-0.27519843	-0.120352976	1.0000002	-0.3391066
0.06367956	0.19451769	-0.33365896	0.17979029	0.19384912	-0.01786299	-0.31555557	0.056992467	-0.13738535	-0.25652996	-0.30170068	0.09430227	-0.09653685	-0.06483255	-0.114940315	-0.17251627	-0.061608523	-0.3056516	0.13456485	0.19990627	-0.14360198	0.010989245	0.23878877	-0.3391066	1.0000002
