1.0000001	0.18952453	0.13424607	0.2530545	-0.25511646	-0.5216498	0.07657247	0.06622768	0.18271747	-0.100206874	0.16836217	0.18943512	0.056409284	-0.07248395	-0.19923995	0.24190792	-0.24917077	-0.11900418	-0.17709997	-0.05683228	0.2120766	-0.5477468	0.18376821	-0.24134038	-0.1718206
0.18952453	0.99999994	0.3002485	0.27272856	-0.35203892	-0.26933813	-0.21620138	-0.23970474	-0.0029752988	-0.33194625	0.28020447	0.19678675	-0.16116235	-0.45650715	-0.30466688	0.22516604	-0.35380766	0.1302608	-0.23462512	0.18554491	0.29849175	-0.20451234	0.261697	-0.25408763	0.05708061
0.13424607	0.3002485	1.0	0.22981496	-0.29052737	-0.18478544	-0.29095703	-0.33918548	-0.0838238	-0.4439147	0.29054248	0.15577924	-0.17457302	-0.31894237	-0.39379928	0.18381993	-0.31626442	0.11927107	-0.16102485	0.2543317	0.28126025	-0.08477496	0.25022078	-0.23299564	0.07821167
0.2530545	0.27272856	0.22981496	1.0000001	-0.3284371	-0.42092764	-0.04330991	-0.05016167	0.15164006	-0.19912505	0.26338133	0.2619914	0.01769027	-0.24956915	-0.41208386	0.2772845	-0.39355257	-0.07632716	-0.36567026	0.08190505	0.27892575	-0.2347955	0.30323294	-0.300389	-0.11336418
-0.25511646	-0.35203892	-0.29052737	-0.3284371	1.0000001	0.22559643	0.11141197	0.08610186	-0.17523576	0.20901228	-0.15588783	-0.4596823	0.023593865	0.18838596	0.26170528	-0.2888516	0.294255	-0.026841182	0.25947335	-0.075885385	-0.4251256	0.18943952	-0.39271012	0.2883229	-0.038412094
-0.5216498	-0.26933813	-0.18478544	-0.42092764	0.22559643	1.0000001	0.021317923	-0.021893	-0.19396614	0.15992041	-0.31182098	-0.16963293	-0.018558526	0.098035224	0.236769	-0.38149562	0.26632452	0.07612528	0.24739154	-0.066739716	-0.21520025	0.2613072	-0.34079015	0.2423649	0.102584355
0.07657247	-0.21620138	-0.29095703	-0.04330991	0.11141197	0.021317923	1.0000001	0.30052066	0.1578248	0.2401817	-0.17531735	-0.023820117	0.25145656	0.22043198	0.044731863	-0.14874534	0.14720376	-0.36172515	0.014370067	-0.4841179	-0.12830667	-0.15957037	-0.12637703	0.16870782	-0.41128412
0.06622768	-0.23970474	-0.33918548	-0.05016167	0.08610186	-0.021893	0.30052066	1.0	0.21226786	0.25707278	-0.22247395	-0.01355899	0.24196453	0.23205015	0.097941585	-0.029298292	0.121223725	-0.2918463	-0.044459857	-0.5130468	-0.18193258	-0.17913441	-0.065613575	0.14713943	-0.33082283
0.18271747	-0.0029752988	-0.0838238	0.15164006	-0.17523576	-0.19396614	0.1578248	0.21226786	1.0	0.0843061	0.008738746	0.22192858	0.19513877	0.13925031	-0.079040974	0.18753603	-0.13326311	-0.37515807	-0.34721678	-0.27451026	0.07973898	-0.3161903	0.07646072	-0.100610025	-0.14058062
-0.100206874	-0.33194625	-0.4439147	-0.19912505	0.20901228	0.15992041	0.2401817	0.25707278	0.0843061	0.99999994	-0.4823475	-0.15234725	0.16717133	0.26067212	0.23146795	-0.22406827	0.2643892	-0.16577297	0.15257332	-0.35547927	-0.37238193	0.04264922	-0.28190202	0.25965074	-0.13194108
0.16836217	0.28020447	0.29054248	0.26338133	-0.15588783	-0.31182098	-0.17531735	-0.22247395	0.008738746	-0.4823475	1.0	0.17690514	-0.11642975	-0.25394064	-0.32052913	0.24559349	-0.38239717	0.04685228	-0.308529	0.21901675	0.28216276	-0.15440322	0.2558563	-0.33011562	0.0005948936
0.18943512	0.19678675	0.15577924	0.2619914	-0.4596823	-0.16963293	-0.023820117	-0.01355899	0.22192858	-0.15234725	0.17690514	1.0000001	0.055144332	-0.060530704	-0.3000861	0.27950513	-0.39248556	-0.07353653	-0.42819366	0.0057721534	0.2602338	-0.2238487	0.24477214	-0.40270266	-0.0452693
0.056409284	-0.16116235	-0.17457302	0.01769027	0.023593865	-0.018558526	0.25145656	0.24196453	0.19513877	0.16717133	-0.11642975	0.055144332	1.0000001	0.21522072	-0.10116653	0.0014177741	0.06617772	-0.46660206	-0.06582467	-0.17266352	-0.13461879	-0.13538477	0.051458098	0.07348011	-0.55331236
-0.07248395	-0.45650715	-0.31894237	-0.24956915	0.18838596	0.098035224	0.22043198	0.23205015	0.13925031	0.26067212	-0.25394064	-0.060530704	0.21522072	1.0000001	0.15703498	-0.09221479	0.19766292	-0.38070774	0.03885861	-0.17908248	-0.23310794	0.014458965	-0.26950878	0.18126313	-0.17937428
-0.19923995	-0.30466688	-0.39379928	-0.41208386	0.26170528	0.236769	0.044731863	0.097941585	-0.079040974	0.23146795	-0.32052913	-0.3000861	-0.10116653	0.15703498	1.0000001	-0.1973569	0.27075303	0.077362254	0.24266802	-0.15498957	-0.33561525	0.15520912	-0.45451578	0.24498847	0.12470852
0.24190792	0.22516604	0.18381993	0.2772845	-0.2888516	-0.38149562	-0.14874534	-0.029298292	0.18753603	-0.22406827	0.24559349	0.27950513	0.0014177741	-0.09221479	-0.1973569	1.0	-0.39645252	-0.04770938	-0.4149297	0.09725546	0.26838055	-0.31131464	0.2484181	-0.44829455	-0.02173655
-0.24917077	-0.35380766	-0.31626442	-0.39355257	0.294255	0.26632452	0.14720376	0.121223725	-0.13326311	0.2643892	-0.38239717	-0.39248556	0.06617772	0.19766292	0.27075303	-0.39645252	1.0000001	-0.03866791	0.2808882	-0.1879527	-0.33778125	0.19170262	-0.31284872	0.31496957	-0.026991552
-0.11900418	0.1302608	0.11927107	-0.07632716	-0.026841182	0.07612528	-0.36172515	-0.2918463	-0.37515807	-0.16577297	0.04685228	-0.07353653	-0.46660206	-0.38070774	0.077362254	-0.04770938	-0.03866791	1.0000001	0.12782219	0.20485833	0.03537389	0.14624703	-0.057248496	-0.03434306	0.28142527
-0.17709997	-0.23462512	-0.16102485	-0.36567026	0.25947335	0.24739154	0.014370067	-0.044459857	-0.34721678	0.15257332	-0.308529	-0.42819366	-0.06582467	0.03885861	0.24266802	-0.4149297	0.2808882	0.12782219	1.0000002	-0.025247352	-0.34076458	0.23318987	-0.27649584	0.2594939	0.09978451
-0.05683228	0.18554491	0.2543317	0.08190505	-0.075885385	-0.066739716	-0.4841179	-0.5130468	-0.27451026	-0.35547927	0.21901675	0.0057721534	-0.17266352	-0.17908248	-0.15498957	0.09725546	-0.1879527	0.20485833	-0.025247352	1.0000001	0.15673006	0.10506346	0.13480589	-0.23434193	0.17674825
0.2120766	0.29849175	0.28126025	0.27892575	-0.4251256	-0.21520025	-0.12830667	-0.18193258	0.07973898	-0.37238193	0.28216276	0.2602338	-0.13461879	-0.23310794	-0.33561525	0.26838055	-0.33778125	0.03537389	-0.34076458	0.15673006	1.0000001	-0.2686943	0.2660964	-0.37916243	0.027908808
-0.5477468	-0.20451234	-0.08477496	-0.2347955	0.18943952	0.2613072	-0.15957037	-0.17913441	-0.3161903	0.04264922	-0.15440322	-0.2238487	-0.13538477	0.014458965	0.15520912	-0.31131464	0.19170262	0.14624703	0.23318987	0.10506346	-0.2686943	1.0000001	-0.09938334	0.15135849	0.17786032
0.18376821	0.261697	0.25022078	0.30323294	-0.39271012	-0.34079015	-0.12637703	-0.065613575	0.07646072	-0.28190202	0.2558563	0.24477214	0.051458098	-0.26950878	-0.45451578	0.2484181	-0.31284872	-0.057248496	-0.27649584	0.13480589	0.2660964	-0.09938334	1.0	-0.37530425	-0.09406499
-0.24134038	-0.25408763	-0.23299564	-0.300389	0.2883229	0.2423649	0.16870782	0.14713943	-0.100610025	0.25965074	-0.33011562	-0.40270266	0.07348011	0.18126313	0.24498847	-0.44829455	0.31496957	-0.03434306	0.2594939	-0.23434193	-0.37916243	0.15135849	-0.37530425	1.0	-0.08065656
-0.1718206	0.05708061	0.07821167	-0.11336418	-0.038412094	0.102584355	-0.41128412	-0.33082283	-0.14058062	-0.13194108	0.0005948936	-0.0452693	-0.55331236	-0.17937428	0.12470852	-0.02173655	-0.026991552	0.28142527	0.09978451	0.17674825	0.027908808	0.17786032	-0.09406499	-0.08065656	1.0
