1.0000001	0.16842094	-0.2527535	0.15286201	0.10981715	-0.34253827	-0.2406843	-0.030257503	0.21211097	-0.40174094	-0.33910432	0.2513655	0.10161913	-0.07968838	-0.11266996	0.13341217	-0.22747737	-0.13655381	-0.32697612	0.22951405	-0.43885604	-0.08056384	0.20931047	0.05558394	0.27989796
0.16842094	0.9999999	0.07082532	-0.100090496	-0.16911854	-0.40702233	-0.3118286	-0.3783986	0.2974207	-0.005883992	-0.23081267	0.17859966	-0.25479987	0.16894941	0.22007982	-0.11646364	-0.54843885	0.023463108	0.04388952	0.24534082	-0.108227596	-0.040338665	-0.10519459	0.26704222	0.05792798
-0.2527535	0.07082532	1.0	-0.2640392	-0.30681226	0.014105075	0.027687049	-0.17658749	0.051988203	0.23552293	0.043002546	-0.063730165	-0.33380836	0.22858061	0.24627133	-0.5802155	-0.08066078	0.24086449	0.2590052	-0.0033535464	0.19555862	0.17201862	-0.22661719	0.12995754	-0.37683797
0.15286201	-0.100090496	-0.2640392	1.0000001	0.30568933	-0.06515409	-0.048399407	0.20962343	-0.031195927	-0.25869727	-0.08310246	0.15784816	0.2584607	-0.51335126	-0.29524496	0.23762982	0.082052514	-0.43517062	-0.36895755	0.043381743	-0.27857077	-0.09728396	0.29084972	-0.27438006	0.26229936
0.10981715	-0.16911854	-0.30681226	0.30568933	1.0000001	0.049683798	0.049135752	0.25641894	-0.13145033	-0.29947203	-0.0034845436	0.080286674	0.2832879	-0.4191912	-0.43745077	0.255602	0.17767003	-0.38311794	-0.29400557	-0.05644588	-0.2237454	-0.10127847	0.28820577	-0.35954985	0.21741214
-0.34253827	-0.40702233	0.014105075	-0.06515409	0.049683798	1.0	0.2955625	0.18199307	-0.4427933	0.13355143	0.3060069	-0.38055187	0.05582225	-0.05852442	-0.08829247	-0.009944287	0.27515182	0.12176375	0.06766765	-0.37961182	0.24020512	0.04749215	-0.066718414	-0.2547112	-0.23674406
-0.2406843	-0.3118286	0.027687049	-0.048399407	0.049135752	0.2955625	0.99999994	0.14968456	-0.39091513	0.11209236	0.2964274	-0.27949652	0.11415054	-0.0965877	-0.13918729	-0.028382646	0.2643117	0.06971101	0.05893176	-0.59990525	0.19731806	0.06326308	-0.07415572	-0.18381713	-0.2208505
-0.030257503	-0.3783986	-0.17658749	0.20962343	0.25641894	0.18199307	0.14968456	0.9999998	-0.3066025	-0.18143891	0.10850523	-0.08045614	0.21159913	-0.34382972	-0.32203212	0.13046281	0.24739283	-0.08856979	-0.14468184	-0.13315685	-0.020819161	0.025334228	0.19362283	-0.60343057	0.10509701
0.21211097	0.2974207	0.051988203	-0.031195927	-0.13145033	-0.4427933	-0.39091513	-0.3066025	0.99999994	-0.11243268	-0.38721743	0.25616452	-0.15562773	0.11013649	0.15545997	-0.07093414	-0.3785425	-0.08841763	0.013355366	0.289268	-0.26353577	-0.011941005	-0.00067526917	0.23517695	0.13175422
-0.40174094	-0.005883992	0.23552293	-0.25869727	-0.29947203	0.13355143	0.11209236	-0.18143891	-0.11243268	0.9999999	0.17636822	-0.26980612	-0.21379632	0.23804587	0.22402059	-0.22804913	0.010396712	0.24213354	0.26883268	-0.09173476	0.26456448	0.11611743	-0.5213152	0.13082868	-0.4074242
-0.33910432	-0.23081267	0.043002546	-0.08310246	-0.0034845436	0.3060069	0.2964274	0.10850523	-0.38721743	0.17636822	0.9999998	-0.51539403	0.05388839	-0.0023536163	-0.048469774	-0.05218994	0.22754802	0.15074027	0.08624188	-0.44616517	0.2451288	0.061389066	-0.13729298	-0.11564049	-0.31548092
0.2513655	0.17859966	-0.063730165	0.15784816	0.080286674	-0.38055187	-0.27949652	-0.08045614	0.25616452	-0.26980612	-0.51539403	0.9999998	-0.0017839848	-0.10516347	-0.033113	0.10031725	-0.20068392	-0.32046503	-0.10092389	0.25231576	-0.3461217	-0.18335493	0.16225185	0.051477943	0.24542458
0.10161913	-0.25479987	-0.33380836	0.2584607	0.2832879	0.05582225	0.11415054	0.21159913	-0.15562773	-0.21379632	0.05388839	-0.0017839848	0.99999976	-0.29738373	-0.42399707	0.24466102	0.20529988	-0.28575805	-0.4827984	-0.10862418	-0.2442121	-0.058159716	0.2535476	-0.1737757	0.1738318
-0.07968838	0.16894941	0.22858061	-0.51335126	-0.4191912	-0.05852442	-0.0965877	-0.34382972	0.11013649	0.23804587	-0.0023536163	-0.10516347	-0.29738373	0.9999997	0.293611	-0.2140127	-0.15269393	0.23953512	0.24031037	0.06621046	0.14044769	0.124802686	-0.37100443	0.25821447	-0.2762478
-0.11266996	0.22007982	0.24627133	-0.29524496	-0.43745077	-0.08829247	-0.13918729	-0.32203212	0.15545997	0.22402059	-0.048469774	-0.033113	-0.42399707	0.293611	0.9999997	-0.27028543	-0.32327732	0.23059924	0.2606966	0.087890446	0.14760335	0.08739763	-0.37343234	0.25273198	-0.22539245
0.13341217	-0.11646364	-0.5802155	0.23762982	0.255602	-0.009944287	-0.028382646	0.13046281	-0.07093414	-0.22804913	-0.05218994	0.10031725	0.24466102	-0.2140127	-0.27028543	0.9999996	0.11582954	-0.4026267	-0.262402	0.004258111	-0.21422358	-0.33542818	0.22486046	-0.11245246	0.21794501
-0.22747737	-0.54843885	-0.08066078	0.082052514	0.17767003	0.27515182	0.2643117	0.24739283	-0.3785425	0.010396712	0.22754802	-0.20068392	0.20529988	-0.15269393	-0.32327732	0.11582954	0.99999946	-0.08105894	-0.0704671	-0.27136132	0.075470574	0.028699443	0.07531444	-0.30527478	-0.103168994
-0.13655381	0.023463108	0.24086449	-0.43517062	-0.38311794	0.12176375	0.06971101	-0.08856979	-0.08841763	0.24213354	0.15074027	-0.32046503	-0.28575805	0.23953512	0.23059924	-0.4026267	-0.08105894	0.99999946	0.2484904	-0.10605521	0.26534098	0.11175124	-0.2855258	0.09756617	-0.31591251
-0.32697612	0.04388952	0.2590052	-0.36895755	-0.29400557	0.06766765	0.05893176	-0.14468184	0.013355366	0.26883268	0.08624188	-0.10092389	-0.4827984	0.24031037	0.2606966	-0.262402	-0.0704671	0.2484904	0.99999946	-0.13358717	0.25711742	0.06189928	-0.4199948	0.1303855	-0.30057773
0.22951405	0.24534082	-0.0033535464	0.043381743	-0.05644588	-0.37961182	-0.59990525	-0.13315685	0.289268	-0.09173476	-0.44616517	0.25231576	-0.10862418	0.06621046	0.087890446	0.004258111	-0.27136132	-0.10605521	-0.13358717	0.99999964	-0.2742903	-0.027067022	0.05717339	0.14587311	0.17592776
-0.43885604	-0.108227596	0.19555862	-0.27857077	-0.2237454	0.24020512	0.19731806	-0.020819161	-0.26353577	0.26456448	0.2451288	-0.3461217	-0.2442121	0.14044769	0.14760335	-0.21422358	0.075470574	0.26534098	0.25711742	-0.2742903	0.9999995	0.08620252	-0.25455764	-0.04017494	-0.30112958
-0.08056384	-0.040338665	0.17201862	-0.09728396	-0.10127847	0.04749215	0.06326308	0.025334228	-0.011941005	0.11611743	0.061389066	-0.18335493	-0.058159716	0.124802686	0.08739763	-0.33542818	0.028699443	0.11175124	0.06189928	-0.027067022	0.08620252	0.99999964	-0.10513893	-0.036801595	-0.06975414
0.20931047	-0.10519459	-0.22661719	0.29084972	0.28820577	-0.066718414	-0.07415572	0.19362283	-0.00067526917	-0.5213152	-0.13729298	0.16225185	0.2535476	-0.37100443	-0.37343234	0.22486046	0.07531444	-0.2855258	-0.4199948	0.05717339	-0.25455764	-0.10513893	0.9999995	-0.21175143	0.27683374
0.05558394	0.26704222	0.12995754	-0.27438006	-0.35954985	-0.2547112	-0.18381713	-0.60343057	0.23517695	0.13082868	-0.11564049	0.051477943	-0.1737757	0.25821447	0.25273198	-0.11245246	-0.30527478	0.09756617	0.1303855	0.14587311	-0.04017494	-0.036801595	-0.21175143	0.9999994	-0.10197048
0.27989796	0.05792798	-0.37683797	0.26229936	0.21741214	-0.23674406	-0.2208505	0.10509701	0.13175422	-0.4074242	-0.31548092	0.24542458	0.1738318	-0.2762478	-0.22539245	0.21794501	-0.103168994	-0.31591251	-0.30057773	0.17592776	-0.30112958	-0.06975414	0.27683374	-0.10197048	0.9999994
