1.0000001	0.21031062	-0.078945294	-0.22479266	-0.41469643	0.13768646	0.1682659	0.10671921	-0.009761487	0.22209889	-0.3200612	0.17127082	-0.37465802	-0.030357772	-0.12904178	0.15265666	-0.041970056	0.16266474	-0.36807126	-0.21706149	-0.1942834	-0.07981951	0.13808587	0.048404057	-0.06020817
0.21031062	1.0000002	0.13034956	-0.37656286	-0.15612029	0.2015966	0.20427634	-0.16334616	-0.17906132	0.044284463	-0.46396697	0.020876067	-0.19249755	0.085924014	-0.030482387	0.067937374	-0.026760811	0.13881607	-0.10940609	-0.039551683	-0.5242697	-0.2847161	0.2134324	0.1965592	0.1248901
-0.078945294	0.13034956	1.0000001	-0.06386916	0.0042256764	0.003905092	-0.10493761	-0.1861921	-0.2737149	-0.053712286	-0.055897422	-0.41132066	0.09982914	0.28368533	0.17326918	-0.287854	0.17998648	-0.036264274	-0.03235214	-0.07317305	-0.25389653	-0.20291829	-0.045226257	0.11205049	0.07720658
-0.22479266	-0.37656286	-0.06386916	1.0000001	0.17340511	-0.4244222	-0.25479394	0.029057143	0.1571818	-0.032226264	0.27177435	-0.18841432	0.26921862	0.02603171	0.2139591	-0.2779372	0.14920326	-0.31051192	0.039561402	-0.07319502	0.25509837	0.25215212	-0.40859422	-0.3040015	-0.05475886
-0.41469643	-0.15612029	0.0042256764	0.17340511	1.0000004	-0.14139923	-0.1310424	-0.097419776	0.06438777	-0.30253398	0.16362777	-0.16445589	0.25177452	-0.002270563	0.13008904	-0.22615764	0.033574075	-0.42596185	0.17532413	0.1579395	0.101458795	0.0039909557	-0.14431658	0.0425822	-0.029844208
0.13768646	0.2015966	0.003905092	-0.4244222	-0.14139923	1.0000002	0.29061782	-0.12746987	-0.29073185	-0.12887883	-0.35638735	0.15359244	-0.24317889	-0.09646574	-0.3104131	0.24207877	-0.32971522	0.25466394	0.07354263	0.111688524	-0.22728276	-0.25054383	0.30897284	0.2286067	0.17851761
0.1682659	0.20427634	-0.10493761	-0.25479394	-0.1310424	0.29061782	0.99999994	-0.09491276	-0.25292352	-0.044482898	-0.43919492	0.20271094	-0.3403734	-0.21176837	-0.33208072	0.2522777	-0.24061605	0.23039305	0.054324374	0.06160452	-0.26767012	-0.16197139	0.30226666	0.18531166	0.16397685
0.10671921	-0.16334616	-0.1861921	0.029057143	-0.097419776	-0.12746987	-0.09491276	0.9999999	0.25241026	0.18466084	0.0786376	0.11871202	-0.099085	-0.15689482	0.0027902932	0.026632695	-0.010105087	-0.109658435	-0.16723694	-0.104604	0.15303469	-0.011195047	-0.12055265	0.008033808	-0.579108
-0.009761487	-0.17906132	-0.2737149	0.1571818	0.06438777	-0.29073185	-0.25292352	0.25241026	0.9999999	0.101555586	0.19713274	0.07079761	0.056965373	-0.26089042	0.047344852	-0.028825255	-0.002182441	-0.12788934	-0.16682833	-0.005485925	0.24210916	0.1454053	-0.26446852	-0.16054565	-0.36942938
0.22209889	0.044284463	-0.053712286	-0.032226264	-0.30253398	-0.12887883	-0.044482898	0.18466084	0.101555586	0.99999994	-0.047290914	0.052484132	-0.10879674	0.09284431	0.010279951	-0.081022605	0.16897221	-0.039142955	-0.5277064	-0.40029892	0.03975623	0.11975032	-0.06566728	-0.16053899	-0.2721896
-0.3200612	-0.46396697	-0.055897422	0.27177435	0.16362777	-0.35638735	-0.43919492	0.0786376	0.19713274	-0.047290914	0.9999998	-0.103517294	0.221083	-0.019835697	0.14734904	-0.1455027	0.08081992	-0.14604223	0.07021959	0.05630763	0.2765645	0.19023769	-0.30299315	-0.2698593	-0.15908481
0.17127082	0.020876067	-0.41132066	-0.18841432	-0.16445589	0.15359244	0.20271094	0.11871202	0.07079761	0.052484132	-0.103517294	0.9999998	-0.37061572	-0.30570912	-0.4815515	0.2825443	-0.19713043	0.19844165	-0.009037276	0.039040055	0.014072528	-0.044276815	0.19061878	0.057931032	-0.06965321
-0.37465802	-0.19249755	0.09982914	0.26921862	0.25177452	-0.24317889	-0.3403734	-0.099085	0.056965373	-0.10879674	0.221083	-0.37061572	0.9999998	0.12266815	0.25709978	-0.32641384	0.18100868	-0.4112977	0.068369195	-0.027885204	0.15888809	0.14059563	-0.3281664	-0.13668641	-0.0053697824
-0.030357772	0.085924014	0.28368533	0.02603171	-0.002270563	-0.09646574	-0.21176837	-0.15689482	-0.26089042	0.09284431	-0.019835697	-0.30570912	0.12266815	0.99999976	0.21421033	-0.35027745	0.26291218	-0.11306149	-0.15080546	-0.2048024	-0.16720662	-0.031118546	-0.1429852	-0.02353309	-0.031650387
-0.12904178	-0.030482387	0.17326918	0.2139591	0.13008904	-0.3104131	-0.33208072	0.0027902932	0.047344852	0.010279951	0.14734904	-0.4815515	0.25709978	0.21421033	0.9999997	-0.39946216	0.23872235	-0.31406897	-0.033689864	-0.06994151	0.051198587	0.10424292	-0.38352355	-0.19354594	-0.11780869
0.15265666	0.067937374	-0.287854	-0.2779372	-0.22615764	0.24207877	0.2522777	0.026632695	-0.028825255	-0.081022605	-0.1455027	0.2825443	-0.32641384	-0.35027745	-0.39946216	0.9999995	-0.394067	0.26744208	0.0802171	0.12554239	-0.059930984	-0.10829668	0.25393575	0.10686093	0.09463421
-0.041970056	-0.026760811	0.17998648	0.14920326	0.033574075	-0.32971522	-0.24061605	-0.010105087	-0.002182441	0.16897221	0.08081992	-0.19713043	0.18100868	0.26291218	0.23872235	-0.394067	0.9999995	-0.320843	-0.26976854	-0.35439843	0.021019638	0.11208677	-0.22160089	-0.17700954	-0.13852103
0.16266474	0.13881607	-0.036264274	-0.31051192	-0.42596185	0.25466394	0.23039305	-0.109658435	-0.12788934	-0.039142955	-0.14604223	0.19844165	-0.4112977	-0.11306149	-0.31406897	0.26744208	-0.320843	0.99999934	0.048349906	0.0812443	-0.15385945	-0.11869591	0.25766656	0.08944194	0.14282699
-0.36807126	-0.10940609	-0.03235214	0.039561402	0.17532413	0.07354263	0.054324374	-0.16723694	-0.16682833	-0.5277064	0.07021959	-0.009037276	0.068369195	-0.15080546	-0.033689864	0.0802171	-0.26976854	0.048349906	0.9999996	0.27412188	0.01778219	-0.05101995	0.058590204	0.06615722	0.18501812
-0.21706149	-0.039551683	-0.07317305	-0.07319502	0.1579395	0.111688524	0.06160452	-0.104604	-0.005485925	-0.40029892	0.05630763	0.039040055	-0.027885204	-0.2048024	-0.06994151	0.12554239	-0.35439843	0.0812443	0.27412188	0.99999976	-0.054305136	-0.24358338	0.1283414	0.1771324	0.12580827
-0.1942834	-0.5242697	-0.25389653	0.25509837	0.101458795	-0.22728276	-0.26767012	0.15303469	0.24210916	0.03975623	0.2765645	0.014072528	0.15888809	-0.16720662	0.051198587	-0.059930984	0.021019638	-0.15385945	0.01778219	-0.054305136	0.99999976	0.2587444	-0.271254	-0.31181604	-0.19968265
-0.07981951	-0.2847161	-0.20291829	0.25215212	0.0039909557	-0.25054383	-0.16197139	-0.011195047	0.1454053	0.11975032	0.19023769	-0.044276815	0.14059563	-0.031118546	0.10424292	-0.10829668	0.11208677	-0.11869591	-0.05101995	-0.24358338	0.2587444	0.9999996	-0.29456094	-0.6013342	-0.022888174
0.13808587	0.2134324	-0.045226257	-0.40859422	-0.14431658	0.30897284	0.30226666	-0.12055265	-0.26446852	-0.06566728	-0.30299315	0.19061878	-0.3281664	-0.1429852	-0.38352355	0.25393575	-0.22160089	0.25766656	0.058590204	0.1283414	-0.271254	-0.29456094	0.9999994	0.22674155	0.17200811
0.048404057	0.1965592	0.11205049	-0.3040015	0.0425822	0.2286067	0.18531166	0.008033808	-0.16054565	-0.16053899	-0.2698593	0.057931032	-0.13668641	-0.02353309	-0.19354594	0.10686093	-0.17700954	0.08944194	0.06615722	0.1771324	-0.31181604	-0.6013342	0.22674155	0.99999934	0.012490639
-0.06020817	0.1248901	0.07720658	-0.05475886	-0.029844208	0.17851761	0.16397685	-0.579108	-0.36942938	-0.2721896	-0.15908481	-0.06965321	-0.0053697824	-0.031650387	-0.11780869	0.09463421	-0.13852103	0.14282699	0.18501812	0.12580827	-0.19968265	-0.022888174	0.17200811	0.012490639	0.99999934
