1.0000001	0.1844205	-0.0006693252	0.03524927	-0.054338176	-0.0796408	-0.034651447	0.1444126	0.056346994	0.14343996	-0.47926363	-0.036245793	-0.15815195	0.18096644	-0.28239605	-0.20423426	-0.17819569	0.17847277	-0.026488135	-0.067436345	0.089580484	-0.22097622	0.13822529	-0.45749938	0.21246995
0.1844205	1.0000004	0.026126182	-0.20168033	-0.24434386	0.14080009	-0.124753565	0.05827803	0.14054877	0.12272568	-0.3635229	0.059201904	-0.20382167	0.23219334	-0.11334185	-0.07349855	-0.09678945	0.055801183	-0.3728501	0.114162765	0.20339559	-0.069656275	0.2784243	-0.4133285	-0.03158165
-0.0006693252	0.026126182	1.0000001	-0.37452802	0.18668166	0.15836367	-0.060943715	-0.2797655	-0.33841065	-0.124106556	-0.050015636	-0.53748125	-0.009154653	-0.06926353	0.042137258	0.26130363	0.23474836	-0.03125176	0.03561783	0.0038062392	0.0035066498	0.032342475	0.0020975138	-0.02191852	-0.13075556
0.03524927	-0.20168033	-0.37452802	1.0	-0.1407081	-0.39928612	0.12283419	0.20466155	0.08539711	-0.080150105	0.059167743	0.14510967	0.10675274	-0.014694353	0.050664917	-0.24472885	-0.3544179	0.14401685	0.078615725	-0.081029	-0.22277443	-0.11480406	-0.15446797	0.058562256	0.22465573
-0.054338176	-0.24434386	0.18668166	-0.1407081	1.0000001	0.07429651	0.1709193	-0.21684258	-0.35203177	-0.19187778	0.019379927	-0.44223097	-0.05438812	-0.022893164	0.14201482	0.22390379	0.13858807	0.06642524	0.16025038	0.11193167	-0.23769759	-0.1249506	-0.31921276	0.13439274	-0.00667561
-0.0796408	0.14080009	0.15836367	-0.39928612	0.07429651	1.0	-0.035447545	-0.25796926	-0.066102445	0.0053493464	-0.09442505	-0.099297486	-0.280268	0.094879955	-0.0014100933	0.1400836	0.21944156	-0.17489144	-0.08559466	0.19555764	0.13495924	0.07861196	0.09949953	-0.08789478	-0.47977853
-0.034651447	-0.124753565	-0.060943715	0.12283419	0.1709193	-0.035447545	1.0	-0.07353588	-0.2985699	-0.34008083	0.01910767	-0.089914195	0.11542984	-0.17841925	0.19811259	0.016234629	-0.073836274	0.2085998	0.24637799	-0.0065476964	-0.36395192	-0.33714247	-0.3775442	0.13622631	0.08999704
0.1444126	0.05827803	-0.2797655	0.20466155	-0.21684258	-0.25796926	-0.07353588	1.0	0.2559179	0.14888586	-0.08695462	0.21470805	0.038663838	0.085348666	-0.13805749	-0.50276077	-0.41710827	0.02509648	-0.14190935	-0.23219198	0.045866467	-0.00075379654	0.10407178	-0.18525986	0.18312746
0.056346994	0.14054877	-0.33841065	0.08539711	-0.35203177	-0.066102445	-0.2985699	0.2559179	0.9999999	0.21130398	-0.04749455	0.27634838	-0.08007094	0.1382608	-0.16813612	-0.39235082	-0.21174353	-0.13068618	-0.30266073	-0.027553748	0.19387966	0.115471676	0.21512881	-0.17056626	0.0025706291
0.14343996	0.12272568	-0.124106556	-0.080150105	-0.19187778	0.0053493464	-0.34008083	0.14888586	0.21130398	0.9999999	-0.075451136	0.14568739	-0.062946804	0.06294876	-0.6264312	-0.13528937	-0.114804104	-0.1463789	-0.14518066	-0.10448108	0.26642996	0.12013463	0.15321438	-0.2817927	0.056105103
-0.47926363	-0.3635229	-0.050015636	0.059167743	0.019379927	-0.09442505	0.01910767	-0.08695462	-0.04749455	-0.075451136	0.99999994	0.028807709	0.2269468	-0.3829673	0.110007174	0.107130304	0.11744091	-0.18376689	0.1276075	-0.12135047	-0.12990083	0.17766881	-0.2870316	0.27495974	-0.16497311
-0.036245793	0.059201904	-0.53748125	0.14510967	-0.44223097	-0.099297486	-0.089914195	0.21470805	0.27634838	0.14568739	0.028807709	0.99999994	-0.014879679	0.049663045	-0.09877071	-0.38090622	-0.20291604	-0.0822717	-0.10877866	-0.009064012	0.1049399	0.0626045	0.11087692	-0.017751543	0.021527603
-0.15815195	-0.20382167	-0.009154653	0.10675274	-0.05438812	-0.280268	0.11542984	0.038663838	-0.08007094	-0.062946804	0.2269468	-0.014879679	0.99999994	-0.508692	0.028640596	0.028612943	-0.050596297	-0.0119464565	0.21746542	-0.43656334	-0.18725716	0.07613528	-0.2869058	0.15384269	0.054664545
0.18096644	0.23219334	-0.06926353	-0.014694353	-0.022893164	0.094879955	-0.17841925	0.085348666	0.1382608	0.06294876	-0.3829673	0.049663045	-0.508692	0.9999999	-0.025426334	-0.11341939	-0.10190393	0.060668662	-0.3028811	0.20127288	0.13098502	-0.12892757	0.24269152	-0.24448134	0.027002024
-0.28239605	-0.11334185	0.042137258	0.050664917	0.14201482	-0.0014100933	0.19811259	-0.13805749	-0.16813612	-0.6264312	0.110007174	-0.09877071	0.028640596	-0.025426334	0.9999998	0.11725145	0.060833912	0.08666718	0.09995899	0.089396946	-0.42666924	-0.10741853	-0.12167371	0.22687757	-0.12019699
-0.20423426	-0.07349855	0.26130363	-0.24472885	0.22390379	0.1400836	0.016234629	-0.50276077	-0.39235082	-0.13528937	0.107130304	-0.38090622	0.028612943	-0.11341939	0.11725145	0.99999976	0.27361232	-0.048927333	0.08101018	0.09531288	-0.06917794	0.041556407	-0.16037518	0.14654437	-0.2126505
-0.17819569	-0.09678945	0.23474836	-0.3544179	0.13858807	0.21944156	-0.073836274	-0.41710827	-0.21174353	-0.114804104	0.11744091	-0.20291604	-0.050596297	-0.10190393	0.060833912	0.27361232	0.99999964	-0.2376299	-0.014558651	0.082587846	0.06544922	0.14734623	-0.01951426	0.12064373	-0.41774815
0.17847277	0.055801183	-0.03125176	0.14401685	0.06642524	-0.17489144	0.2085998	0.02509648	-0.13068618	-0.1463789	-0.18376689	-0.0822717	-0.0119464565	0.060668662	0.08666718	-0.048927333	-0.2376299	0.99999976	0.11847659	-0.014652337	-0.25125796	-0.6321556	-0.046277612	-0.124494225	0.23572679
-0.026488135	-0.3728501	0.03561783	0.078615725	0.16025038	-0.08559466	0.24637799	-0.14190935	-0.30266073	-0.14518066	0.1276075	-0.10877866	0.21746542	-0.3028811	0.09995899	0.08101018	-0.014558651	0.11847659	0.99999994	-0.2553752	-0.34063494	-0.14931415	-0.41095793	0.15390538	0.103939585
-0.067436345	0.114162765	0.0038062392	-0.081029	0.11193167	0.19555764	-0.0065476964	-0.23219198	-0.027553748	-0.10448108	-0.12135047	-0.009064012	-0.43656334	0.20127288	0.089396946	0.09531288	0.082587846	-0.014652337	-0.2553752	0.99999976	0.071235046	-0.09443669	0.08601639	0.025534622	-0.116043136
0.089580484	0.20339559	0.0035066498	-0.22277443	-0.23769759	0.13495924	-0.36395192	0.045866467	0.19387966	0.26642996	-0.12990083	0.1049399	-0.18725716	0.13098502	-0.42666924	-0.06917794	0.06544922	-0.25125796	-0.34063494	0.071235046	0.99999994	0.16826609	0.25249785	-0.23761597	-0.11305675
-0.22097622	-0.069656275	0.032342475	-0.11480406	-0.1249506	0.07861196	-0.33714247	-0.00075379654	0.115471676	0.12013463	0.17766881	0.0626045	0.07613528	-0.12892757	-0.10741853	0.041556407	0.14734623	-0.6321556	-0.14931415	-0.09443669	0.16826609	1.0	0.04888864	0.072435506	-0.25216657
0.13822529	0.2784243	0.0020975138	-0.15446797	-0.31921276	0.09949953	-0.3775442	0.10407178	0.21512881	0.15321438	-0.2870316	0.11087692	-0.2869058	0.24269152	-0.12167371	-0.16037518	-0.01951426	-0.046277612	-0.41095793	0.08601639	0.25249785	0.04888864	0.99999994	-0.24935837	-0.06408038
-0.45749938	-0.4133285	-0.02191852	0.058562256	0.13439274	-0.08789478	0.13622631	-0.18525986	-0.17056626	-0.2817927	0.27495974	-0.017751543	0.15384269	-0.24448134	0.22687757	0.14654437	0.12064373	-0.124494225	0.15390538	0.025534622	-0.23761597	0.072435506	-0.24935837	0.99999994	-0.1329167
0.21246995	-0.03158165	-0.13075556	0.22465573	-0.00667561	-0.47977853	0.08999704	0.18312746	0.0025706291	0.056105103	-0.16497311	0.021527603	0.054664545	0.027002024	-0.12019699	-0.2126505	-0.41774815	0.23572679	0.103939585	-0.116043136	-0.11305675	-0.25216657	-0.06408038	-0.1329167	0.99999994
