1.0	-0.28949973	-0.062616624	0.2594238	-0.1999146	-0.33578622	-0.0059002237	-0.19260988	0.17307857	-0.36838824	0.24096748	-0.05491063	0.0739101	-0.07964956	-0.19545761	0.07881076	-0.28102607	0.25006956	-0.5608729	0.23458861	0.20381944	0.17847036	-0.07324664	0.16957657	-0.012512712
-0.28949973	1.0	0.015357777	-0.38331008	0.15623212	0.29499668	0.08411289	0.25327456	-0.13101679	0.26430255	-0.42137316	0.00095072284	-0.16926108	0.14706951	0.14392431	-0.17213716	0.24386758	-0.4413081	0.25917795	-0.36099654	-0.3645043	-0.248741	0.13582796	-0.12602313	0.059633635
-0.062616624	0.015357777	1.0000002	-0.13830379	-0.20844351	0.016293554	-0.35431015	-0.09149603	0.19010717	0.07906891	-0.16214496	0.30387244	0.25111055	0.24705397	-0.26002142	0.26161283	-0.20797968	-0.07983133	-0.037769586	-0.1396725	0.03170351	0.07021997	-0.34111047	-0.29202595	-0.39526886
0.2594238	-0.38331008	-0.13830379	1.0	-0.0231106	-0.27180418	-0.015740903	-0.12469667	0.041641362	-0.38300383	0.2865119	-0.12877159	0.014656963	-0.31863338	0.0028573438	0.020501874	-0.1891126	0.22394311	-0.42323256	0.28477243	0.16748375	0.13486567	-0.028281275	0.18369687	-0.0016184438
-0.1999146	0.15623212	-0.20844351	-0.0231106	1.0000001	0.18267485	0.22431152	0.23259014	-0.4276728	0.1636372	-0.097924896	-0.12884408	-0.41553673	-0.13284606	0.2572509	-0.47670937	0.27807453	-0.11317925	0.18735264	-0.10857856	-0.3733262	-0.19779769	0.2873133	-0.067960836	0.20600407
-0.33578622	0.29499668	0.016293554	-0.27180418	0.18267485	1.0000001	0.023785735	0.25012755	-0.32489893	0.23740119	-0.32784763	0.036578644	-0.14814842	0.10298151	0.1555882	-0.1087754	0.24795079	-0.5457248	0.24097322	-0.3267166	-0.34600243	-0.1742912	0.13442111	-0.12044042	0.05710806
-0.0059002237	0.08411289	-0.35431015	-0.015740903	0.22431152	0.023785735	1.0	0.17209285	-0.19393177	0.070263326	0.025679499	-0.39106703	-0.44912118	-0.11985529	0.24227995	-0.3197423	0.21328488	0.02323597	0.10792432	-0.060049288	-0.1777944	-0.33743072	0.28298455	0.042534553	0.23598821
-0.19260988	0.25327456	-0.09149603	-0.12469667	0.23259014	0.25012755	0.17209285	0.9999999	-0.23329528	0.26525322	-0.2113018	-0.05898136	-0.21796462	0.044110905	0.22893406	-0.18510062	0.23080678	-0.37490392	0.1695086	-0.29262623	-0.5020014	-0.34140363	0.20578252	-0.31654978	0.10965025
0.17307857	-0.13101679	0.19010717	0.041641362	-0.4276728	-0.32489893	-0.19393177	-0.23329528	0.99999994	-0.17728835	0.08821017	0.13813844	0.27592665	0.12045583	-0.30990487	0.28645396	-0.4342311	0.15016842	-0.2210712	0.082864545	0.2234988	0.19215257	-0.43722573	0.061433133	-0.2754949
-0.36838824	0.26430255	0.07906891	-0.38300383	0.1636372	0.23740119	0.070263326	0.26525322	-0.17728835	0.99999994	-0.33112136	0.060390074	-0.106227614	0.15203865	0.13981755	-0.10356248	0.19337167	-0.22246613	0.23496053	-0.29611078	-0.41582745	-0.2747245	0.10131356	-0.42406887	0.0315389
0.24096748	-0.42137316	-0.16214496	0.2865119	-0.097924896	-0.32784763	0.025679499	-0.2113018	0.08821017	-0.33112136	0.99999994	-0.172178	0.05640998	-0.42125002	-0.07964943	0.025699113	-0.24348567	0.25432515	-0.2441072	0.30953783	0.21860307	0.15257905	-0.04018513	0.21706967	0.056360867
-0.05491063	0.00095072284	0.30387244	-0.12877159	-0.12884408	0.036578644	-0.39106703	-0.05898136	0.13813844	0.060390074	-0.172178	1.0	0.23945627	0.23105612	-0.1158306	0.21346445	-0.18836151	-0.07419377	-0.09342142	-0.07788832	0.03668282	0.012494746	-0.246722	-0.30328375	-0.5120631
0.0739101	-0.16926108	0.25111055	0.014656963	-0.41553673	-0.14814842	-0.44912118	-0.21796462	0.27592665	-0.106227614	0.05640998	0.23945627	0.99999994	0.11233654	-0.23723295	0.304445	-0.37813166	0.049023535	-0.20237847	0.080081135	0.20618467	0.18212691	-0.3421154	-0.024205528	-0.37926173
-0.07964956	0.14706951	0.24705397	-0.31863338	-0.13284606	0.10298151	-0.11985529	0.044110905	0.12045583	0.15203865	-0.42125002	0.23105612	0.11233654	1.0	-0.11697253	0.14649644	-0.04283058	-0.11228225	0.033954106	-0.4214266	-0.067547135	-0.07036535	-0.093193755	-0.21676253	-0.34307137
-0.19545761	0.14392431	-0.26002142	0.0028573438	0.2572509	0.1555882	0.24227995	0.22893406	-0.30990487	0.13981755	-0.07964943	-0.1158306	-0.23723295	-0.11697253	0.9999999	-0.37526864	0.22925428	-0.18115316	0.14380345	-0.055793762	-0.20535007	-0.5479666	0.2757763	-0.06372466	0.13159001
0.07881076	-0.17213716	0.26161283	0.020501874	-0.47670937	-0.1087754	-0.3197423	-0.18510062	0.28645396	-0.10356248	0.025699113	0.21346445	0.304445	0.14649644	-0.37526864	0.99999994	-0.33217835	0.06118782	-0.18543632	0.02534308	0.19243924	0.1993301	-0.4557999	-0.05126082	-0.2875406
-0.28102607	0.24386758	-0.20797968	-0.1891126	0.27807453	0.24795079	0.21328488	0.23080678	-0.4342311	0.19337167	-0.24348567	-0.18836151	-0.37813166	-0.04283058	0.22925428	-0.33217835	0.99999994	-0.23464975	0.27277797	-0.23812984	-0.22222556	-0.2117901	0.26791254	-0.049292613	0.21666804
0.25006956	-0.4413081	-0.07983133	0.22394311	-0.11317925	-0.5457248	0.02323597	-0.37490392	0.15016842	-0.22246613	0.25432515	-0.07419377	0.049023535	-0.11228225	-0.18115316	0.06118782	-0.23464975	0.99999994	-0.20233901	0.24320272	0.24690512	0.18022029	-0.06576969	0.16530083	-0.030067606
-0.5608729	0.25917795	-0.037769586	-0.42323256	0.18735264	0.24097322	0.10792432	0.1695086	-0.2210712	0.23496053	-0.2441072	-0.09342142	-0.20237847	0.033954106	0.14380345	-0.18543632	0.27277797	-0.20233901	1.0000001	-0.2936663	-0.17208774	-0.20217213	0.15978633	-0.073693365	0.1273706
0.23458861	-0.36099654	-0.1396725	0.28477243	-0.10857856	-0.3267166	-0.060049288	-0.29262623	0.082864545	-0.29611078	0.30953783	-0.07788832	0.080081135	-0.4214266	-0.055793762	0.02534308	-0.23812984	0.24320272	-0.2936663	1.0	0.23324877	0.18884186	-0.114293054	0.2068235	0.04510407
0.20381944	-0.3645043	0.03170351	0.16748375	-0.3733262	-0.34600243	-0.1777944	-0.5020014	0.2234988	-0.41582745	0.21860307	0.03668282	0.20618467	-0.067547135	-0.20535007	0.19243924	-0.22222556	0.24690512	-0.17208774	0.23324877	0.9999999	0.23880163	-0.206503	0.1957499	-0.13440998
0.17847036	-0.248741	0.07021997	0.13486567	-0.19779769	-0.1742912	-0.33743072	-0.34140363	0.19215257	-0.2747245	0.15257905	0.012494746	0.18212691	-0.07036535	-0.5479666	0.1993301	-0.2117901	0.18022029	-0.20217213	0.18884186	0.23880163	0.99999976	-0.31040823	0.17486945	-0.015673023
-0.07324664	0.13582796	-0.34111047	-0.028281275	0.2873133	0.13442111	0.28298455	0.20578252	-0.43722573	0.10131356	-0.04018513	-0.246722	-0.3421154	-0.093193755	0.2757763	-0.4557999	0.26791254	-0.06576969	0.15978633	-0.114293054	-0.206503	-0.31040823	0.99999964	-0.03221031	0.22839257
0.16957657	-0.12602313	-0.29202595	0.18369687	-0.067960836	-0.12044042	0.042534553	-0.31654978	0.061433133	-0.42406887	0.21706967	-0.30328375	-0.024205528	-0.21676253	-0.06372466	-0.05126082	-0.049292613	0.16530083	-0.073693365	0.2068235	0.1957499	0.17486945	-0.03221031	0.9999996	0.10388265
-0.012512712	0.059633635	-0.39526886	-0.0016184438	0.20600407	0.05710806	0.23598821	0.10965025	-0.2754949	0.0315389	0.056360867	-0.5120631	-0.37926173	-0.34307137	0.13159001	-0.2875406	0.21666804	-0.030067606	0.1273706	0.04510407	-0.13440998	-0.015673023	0.22839257	0.10388265	0.9999996
