1.0	-0.4219764	0.19368912	-0.16451424	0.13384144	-0.34792644	0.23192848	-0.2051447	0.17094463	-0.1472431	0.18131049	-0.17085832	0.18185374	-0.13026108	0.13785297	-0.20490244	0.165617	-0.15617357	0.14804246	-0.09733354	0.14266454	-0.12525426	0.19714057	-0.13007697	0.1325742
-0.4219764	1.0	-0.5196628	0.25300142	-0.23586632	0.26938704	-0.4414549	0.29153976	-0.27922255	0.20331591	-0.18213277	0.16809873	-0.21000026	0.14635555	-0.15884079	0.17727856	-0.17155571	0.16414833	-0.16494934	0.10703198	-0.14743024	0.1235474	-0.21644333	0.13909297	-0.14758934
0.19368912	-0.5196628	0.99999976	-0.58253795	0.25734302	-0.19949806	0.24436928	-0.43109414	0.27197582	-0.26075795	0.12059106	-0.12150794	0.14831492	-0.10679794	0.1055791	-0.12600446	0.1136407	-0.11659617	0.10755764	-0.071369395	0.09187477	-0.081283875	0.13187063	-0.09185035	0.09285127
-0.16451424	0.25300142	-0.58253795	0.9999994	-0.58363104	0.1514876	-0.19208974	0.25196636	-0.37363458	0.29076192	-0.09976368	0.09985276	-0.12705776	0.101532534	-0.10253053	0.10305701	-0.097347125	0.099296495	-0.09930415	0.066564195	-0.08006891	0.070001125	-0.11887983	0.08298609	-0.086943135
0.13384144	-0.23586632	0.25734302	-0.58363104	0.9999992	-0.13976644	0.15816937	-0.23212937	0.28804705	-0.6619855	0.087473914	-0.089402705	0.10883517	-0.09196186	0.09068737	-0.09362013	0.08468664	-0.087854736	0.08558924	-0.059295136	0.06869347	-0.06140569	0.10039633	-0.072875336	0.07450298
-0.34792644	0.26938704	-0.19949806	0.1514876	-0.13976644	0.9999993	-0.58960795	0.24947634	-0.20739272	0.14470875	-0.44790828	0.2323404	-0.24212135	0.14438789	-0.15271413	0.25637794	-0.22256628	0.1844072	-0.1687947	0.105078615	-0.17561121	0.1457585	-0.22595035	0.14315976	-0.14352576
0.23192848	-0.4414549	0.24436928	-0.19208974	0.15816937	-0.58960795	0.99999905	-0.5031854	0.23583397	-0.18121986	0.20979948	-0.18656221	0.1893884	-0.12163878	0.12010872	-0.20171773	0.15938	-0.14926638	0.12920046	-0.083116904	0.12352417	-0.109649934	0.163391	-0.11154404	0.10909498
-0.2051447	0.29153976	-0.43109414	0.25196636	-0.23212937	0.24947634	-0.5031854	0.9999989	-0.5350869	0.24210683	-0.15945873	0.16111656	-0.24601457	0.13959613	-0.13467905	0.15440075	-0.14845264	0.15623999	-0.139163	0.089046866	-0.114367984	0.101022825	-0.16639416	0.11548446	-0.11575695
0.17094463	-0.27922255	0.27197582	-0.37363458	0.28804705	-0.20739272	0.23583397	-0.5350869	0.99999887	-0.57211304	0.12500094	-0.13188456	0.16363946	-0.16598722	0.13586943	-0.13413955	0.12082556	-0.13095537	0.12814046	-0.0874944	0.09515603	-0.08673286	0.13954096	-0.10640868	0.10716412
-0.1472431	0.20331591	-0.26075795	0.29076192	-0.6619855	0.14470875	-0.18121986	0.24210683	-0.57211304	0.99999905	-0.09669824	0.09835011	-0.12676848	0.11510104	-0.11951442	0.10067687	-0.095804885	0.099708274	-0.10423785	0.07266919	-0.078025565	0.06894328	-0.11821318	0.08599505	-0.09150735
0.18131049	-0.18213277	0.12059106	-0.09976368	0.087473914	-0.44790828	0.20979948	-0.15945873	0.12500094	-0.09669824	0.99999934	-0.4880919	0.23926163	-0.12531036	0.11984178	-0.6176409	0.280132	-0.20068021	0.14249739	-0.086308844	0.18472913	-0.16914524	0.18554948	-0.12585257	0.11147085
-0.17085832	0.16809873	-0.12150794	0.09985276	-0.089402705	0.2323404	-0.18656221	0.16111656	-0.13188456	0.09835011	-0.4880919	0.99999946	-0.5174087	0.1621786	-0.15205808	0.30484548	-0.529714	0.2818892	-0.18585128	0.1063858	-0.20616654	0.19005774	-0.23335446	0.15622057	-0.13606104
0.18185374	-0.21000026	0.14831492	-0.12705776	0.10883517	-0.24212135	0.1893884	-0.24601457	0.16363946	-0.12676848	0.23926163	-0.5174087	0.9999993	-0.2737446	0.19145331	-0.2711081	0.29904	-0.5709238	0.23693165	-0.13909589	0.17271136	-0.17829032	0.25877088	-0.20623502	0.1617573
-0.13026108	0.14635555	-0.10679794	0.101532534	-0.09196186	0.14438789	-0.12163878	0.13959613	-0.16598722	0.11510104	-0.12531036	0.1621786	-0.2737446	0.9999994	-0.6760415	0.14643952	-0.16102812	0.21762037	-0.48437807	0.25844535	-0.11572323	0.11398072	-0.22930375	0.25063977	-0.29425135
0.13785297	-0.15884079	0.1055791	-0.10253053	0.09068737	-0.15271413	0.12010872	-0.13467905	0.13586943	-0.11951442	0.11984178	-0.15205808	0.19145331	-0.6760415	0.9999998	-0.14807124	0.14315423	-0.19180553	0.27240807	-0.49287662	0.10924074	-0.1113755	0.19855806	-0.25460196	0.28439972
-0.20490244	0.17727856	-0.12600446	0.10305701	-0.09362013	0.25637794	-0.20171773	0.15440075	-0.13413955	0.10067687	-0.6176409	0.30484548	-0.2711081	0.14643952	-0.14807124	0.9999998	-0.4752824	0.23507182	-0.18123233	0.10580439	-0.33138275	0.23501438	-0.24961193	0.15648712	-0.14066327
0.165617	-0.17155571	0.1136407	-0.097347125	0.08468664	-0.22256628	0.15938	-0.14845264	0.12082556	-0.095804885	0.280132	-0.529714	0.29904	-0.16102812	0.14315423	-0.4752824	0.9999998	-0.45210132	0.19294924	-0.10893596	0.2505655	-0.34083152	0.24664316	-0.17555664	0.13408075
-0.15617357	0.16414833	-0.11659617	0.099296495	-0.087854736	0.1844072	-0.14926638	0.15623999	-0.13095537	0.099708274	-0.20068021	0.2818892	-0.5709238	0.21762037	-0.19180553	0.23507182	-0.45210132	0.99999994	-0.37098247	0.14426981	-0.18803379	0.19129121	-0.43311077	0.24868338	-0.17733887
0.14804246	-0.16494934	0.10755764	-0.09930415	0.08558924	-0.1687947	0.12920046	-0.139163	0.12814046	-0.10423785	0.14249739	-0.18585128	0.23693165	-0.48437807	0.27240807	-0.18123233	0.19294924	-0.37098247	1.0000001	-0.27063113	0.13765459	-0.14647049	0.29569793	-0.58782345	0.25283614
-0.09733354	0.10703198	-0.071369395	0.066564195	-0.059295136	0.105078615	-0.083116904	0.089046866	-0.0874944	0.07266919	-0.086308844	0.1063858	-0.13909589	0.25844535	-0.49287662	0.10580439	-0.10893596	0.14426981	-0.27063113	0.9999999	-0.084827945	0.08511642	-0.17999521	0.22782373	-0.75392425
0.14266454	-0.14743024	0.09187477	-0.08006891	0.06869347	-0.17561121	0.12352417	-0.114367984	0.09515603	-0.078025565	0.18472913	-0.20616654	0.17271136	-0.11572323	0.10924074	-0.33138275	0.2505655	-0.18803379	0.13765459	-0.084827945	1.0	-0.8285032	0.21698464	-0.14609073	0.10712791
-0.12525426	0.1235474	-0.081283875	0.070001125	-0.06140569	0.1457585	-0.109649934	0.101022825	-0.08673286	0.06894328	-0.16914524	0.19005774	-0.17829032	0.11398072	-0.1113755	0.23501438	-0.34083152	0.19129121	-0.14647049	0.08511642	-0.8285032	1.0000001	-0.28864455	0.14948629	-0.11091809
0.19714057	-0.21644333	0.13187063	-0.11887983	0.10039633	-0.22595035	0.163391	-0.16639416	0.13954096	-0.11821318	0.18554948	-0.23335446	0.25877088	-0.22930375	0.19855806	-0.24961193	0.24664316	-0.43311077	0.29569793	-0.17999521	0.21698464	-0.28864455	1.0000002	-0.5690769	0.21534984
-0.13007697	0.13909297	-0.09185035	0.08298609	-0.072875336	0.14315976	-0.11154404	0.11548446	-0.10640868	0.08599505	-0.12585257	0.15622057	-0.20623502	0.25063977	-0.25460196	0.15648712	-0.17555664	0.24868338	-0.58782345	0.22782373	-0.14609073	0.14948629	-0.5690769	1.0000002	-0.36946344
0.1325742	-0.14758934	0.09285127	-0.086943135	0.07450298	-0.14352576	0.10909498	-0.11575695	0.10716412	-0.09150735	0.11147085	-0.13606104	0.1617573	-0.29425135	0.28439972	-0.14066327	0.13408075	-0.17733887	0.25283614	-0.75392425	0.10712791	-0.11091809	0.21534984	-0.36946344	1.0000002
