1.0000002	-0.69791454	0.30796856	-0.31568873	0.09636712	-0.30566555	0.22171782	-0.36863708	0.21979305	-0.09321596	0.13738237	-0.1470027	0.14835586	-0.12545115	0.12500921	-0.096240826	0.116777234	-0.13269165	0.12006794	-0.10315712	0.07359355	-0.065129764	0.12893848	-0.14761616	0.14787057
-0.69791454	1.0000004	-0.5750429	0.23813269	-0.08016446	0.1888949	-0.20054707	0.26107353	-0.19692776	0.07356806	-0.10748266	0.1107072	-0.11564663	0.0961239	-0.09811736	0.07227898	-0.09090991	0.097459696	-0.0920577	0.07743877	-0.05527492	0.048267145	-0.09679945	0.10333626	-0.10981359
0.30796856	-0.5750429	1.0000004	-0.49973968	0.10091958	-0.18620144	0.17335352	-0.49441788	0.27807638	-0.09620502	0.102660514	-0.11174947	0.123891205	-0.11098233	0.106592365	-0.07128859	0.08862726	-0.104228	0.098440476	-0.08340488	0.054585423	-0.048226286	0.09694597	-0.10823909	0.10872497
-0.31568873	0.23813269	-0.49973968	1.0000006	-0.18736514	0.14997482	-0.15016127	0.31690255	-0.67479664	0.15605623	-0.10939283	0.112123065	-0.14185226	0.14876504	-0.14704686	0.07492753	-0.094385885	0.11579459	-0.12728108	0.10561653	-0.060916048	0.0533501	-0.11121054	0.12185389	-0.13020603
0.09636712	-0.08016446	0.10091958	-0.18736514	1.0000004	-0.07146181	0.06493174	-0.13649787	0.1683193	-0.93221635	0.06413398	-0.06897349	0.092521	-0.12992139	0.16042289	-0.046708565	0.057322007	-0.08635066	0.10016443	-0.11520648	0.040037494	-0.035935726	0.07718122	-0.10140528	0.09993544
-0.30566555	0.1888949	-0.18620144	0.14997482	-0.07146181	1.0000007	-0.8266025	0.23230194	-0.16799425	0.06544646	-0.22355355	0.21934001	-0.1656261	0.11205011	-0.11145302	0.13260613	-0.17814818	0.13313513	-0.109718464	0.0890502	-0.079191394	0.06941473	-0.12571539	0.12541577	-0.12378055
0.22171782	-0.20054707	0.17335352	-0.15016127	0.06493174	-0.8266025	1.0000007	-0.3140499	0.15904908	-0.060910046	0.18071361	-0.28786972	0.15485878	-0.10569918	0.09979604	-0.12316184	0.15909901	-0.12693349	0.09898413	-0.080932386	0.069708936	-0.062259343	0.11088895	-0.11574372	0.10808319
-0.36863708	0.26107353	-0.49441788	0.31690255	-0.13649787	0.23230194	-0.3140499	1.0000008	-0.55595917	0.124650046	-0.15017115	0.16039196	-0.2047866	0.16221888	-0.1562944	0.10120151	-0.13043652	0.14869578	-0.14376898	0.11715224	-0.07763097	0.06789303	-0.13792767	0.14543752	-0.15169148
0.21979305	-0.19692776	0.27807638	-0.67479664	0.1683193	-0.16799425	0.15904908	-0.55595917	1.0000007	-0.19327913	0.108418085	-0.11977822	0.15226196	-0.20102967	0.15437363	-0.07646832	0.095603354	-0.12601377	0.13541448	-0.11410948	0.060424004	-0.053758066	0.110988125	-0.12875767	0.1266897
-0.09321596	0.07356806	-0.09620502	0.15605623	-0.93221635	0.06544646	-0.060910046	0.124650046	-0.19327913	1.0000008	-0.060645107	0.06443292	-0.08994902	0.12445642	-0.19603391	0.04372018	-0.054152545	0.08054187	-0.09905203	0.10973452	-0.03759652	0.033563234	-0.072971	0.092762545	-0.097722486
0.13738237	-0.10748266	0.102660514	-0.10939283	0.06413398	-0.22355355	0.18071361	-0.15017115	0.108418085	-0.060645107	1.0000011	-0.5031907	0.22692716	-0.15201163	0.13731135	-0.6404972	0.32811293	-0.23735908	0.14911345	-0.12256935	0.17201053	-0.16749655	0.19531727	-0.21892998	0.1638896
-0.1470027	0.1107072	-0.11174947	0.112123065	-0.06897349	0.21934001	-0.28786972	0.16039196	-0.11977822	0.06443292	-0.5031907	1.0000011	-0.41870922	0.17458905	-0.15713988	0.2917726	-0.55929565	0.25076234	-0.16496192	0.12718843	-0.1396362	0.12503324	-0.19856505	0.18824124	-0.15971844
0.14835586	-0.11564663	0.123891205	-0.14185226	0.092521	-0.1656261	0.15485878	-0.2047866	0.15226196	-0.08994902	0.22692716	-0.41870922	1.0000011	-0.42737675	0.23852168	-0.18130252	0.23565671	-0.5804203	0.25943553	-0.20560938	0.12905197	-0.12325152	0.2562213	-0.2797006	0.21105574
-0.12545115	0.0961239	-0.11098233	0.14876504	-0.12992139	0.11205011	-0.10569918	0.16221888	-0.20102967	0.12445642	-0.15201163	0.17458905	-0.42737675	1.0000013	-0.5906402	0.11095593	-0.14506434	0.25092283	-0.51377285	0.2932448	-0.09534634	0.08578596	-0.19572972	0.23537101	-0.23665048
0.12500921	-0.09811736	0.106592365	-0.14704686	0.16042289	-0.11145302	0.09979604	-0.1562944	0.15437363	-0.19603391	0.13731135	-0.15713988	0.23852168	-0.5906402	1.0000017	-0.104218364	0.12814455	-0.23193204	0.31864515	-0.5585925	0.09194031	-0.083735295	0.18417755	-0.26733267	0.26229528
-0.096240826	0.07227898	-0.07128859	0.07492753	-0.046708565	0.13260613	-0.12316184	0.10120151	-0.07646832	0.04372018	-0.6404972	0.2917726	-0.18130252	0.11095593	-0.104218364	1.0000018	-0.6215902	0.18729496	-0.11489183	0.09048065	-0.23896402	0.1734483	-0.17485678	0.15734829	-0.121380486
0.116777234	-0.09090991	0.08862726	-0.094385885	0.057322007	-0.17814818	0.15909901	-0.13043652	0.095603354	-0.054152545	0.32811293	-0.55929565	0.23565671	-0.14506434	0.12814455	-0.6215902	1.0000015	-0.2946215	0.14363305	-0.113672346	0.1663854	-0.16558297	0.19208908	-0.19105083	0.14408715
-0.13269165	0.097459696	-0.104228	0.11579459	-0.08635066	0.13313513	-0.12693349	0.14869578	-0.12601377	0.08054187	-0.23735908	0.25076234	-0.5804203	0.25092283	-0.23193204	0.18729496	-0.2946215	1.0000014	-0.33795112	0.19963257	-0.17545418	0.16089098	-0.5040518	0.28267872	-0.2287338
0.12006794	-0.0920577	0.098440476	-0.12728108	0.10016443	-0.109718464	0.09898413	-0.14376898	0.13541448	-0.09905203	0.14911345	-0.16496192	0.25943553	-0.51377285	0.31864515	-0.11489183	0.14363305	-0.33795112	1.0000012	-0.5626246	0.10673006	-0.09763675	0.22811317	-0.38336712	0.28076643
-0.10315712	0.07743877	-0.08340488	0.10561653	-0.11520648	0.0890502	-0.080932386	0.11715224	-0.11410948	0.10973452	-0.12256935	0.12718843	-0.20560938	0.2932448	-0.5585925	0.09048065	-0.113672346	0.19963257	-0.5626246	1.0000011	-0.08604788	0.076719634	-0.17925362	0.25387564	-0.47446728
0.07359355	-0.05527492	0.054585423	-0.060916048	0.040037494	-0.079191394	0.069708936	-0.07763097	0.060424004	-0.03759652	0.17201053	-0.1396362	0.12905197	-0.09534634	0.09194031	-0.23896402	0.1663854	-0.17545418	0.10673006	-0.08604788	1.0000002	-0.87196577	0.2416898	-0.21537748	0.122959234
-0.065129764	0.048267145	-0.048226286	0.0533501	-0.035935726	0.06941473	-0.062259343	0.06789303	-0.053758066	0.033563234	-0.16749655	0.12503324	-0.12325152	0.08578596	-0.083735295	0.1734483	-0.16558297	0.16089098	-0.09763675	0.076719634	-0.87196577	1.0000002	-0.3475515	0.18037675	-0.10977898
0.12893848	-0.09679945	0.09694597	-0.11121054	0.07718122	-0.12571539	0.11088895	-0.13792767	0.110988125	-0.072971	0.19531727	-0.19856505	0.2562213	-0.19572972	0.18417755	-0.17485678	0.19208908	-0.5040518	0.22811317	-0.17925362	0.2416898	-0.3475515	1.0000004	-0.5570798	0.24829577
-0.14761616	0.10333626	-0.10823909	0.12185389	-0.10140528	0.12541577	-0.11574372	0.14543752	-0.12875767	0.092762545	-0.21892998	0.18824124	-0.2797006	0.23537101	-0.26733267	0.15734829	-0.19105083	0.28267872	-0.38336712	0.25387564	-0.21537748	0.18037675	-0.5570798	1.0000001	-0.48520502
0.14787057	-0.10981359	0.10872497	-0.13020603	0.09993544	-0.12378055	0.10808319	-0.15169148	0.1266897	-0.097722486	0.1638896	-0.15971844	0.21105574	-0.23665048	0.26229528	-0.121380486	0.14408715	-0.2287338	0.28076643	-0.47446728	0.122959234	-0.10977898	0.24829577	-0.48520502	1.0000001
