1.0	-0.808954	0.15178597	-0.1346803	0.14682275	-0.35912403	0.28036776	-0.20026244	0.10070234	-0.092297226	0.19165987	-0.14246747	0.17032474	-0.11111441	0.10379846	-0.22388248	0.14608082	-0.13201548	0.08930339	-0.071882285	0.14726809	-0.090405054	0.11899467	-0.14677921	0.06931009
-0.808954	0.99999976	-0.17102464	0.1295671	-0.14483695	0.24792713	-0.42648128	0.19929284	-0.10001019	0.088844836	-0.17136961	0.13928217	-0.17669836	0.10663913	-0.101552635	0.17318681	-0.15054595	0.117226884	-0.08099037	0.06532694	-0.13701414	0.082463555	-0.11218894	0.12813021	-0.063971624
0.15178597	-0.17102464	0.9999999	-0.6100304	0.24937278	-0.18376677	0.23584908	-0.5740967	0.22823657	-0.19172649	0.13648626	-0.14317897	0.24994998	-0.21468693	0.18222919	-0.16766307	0.15088467	-0.18164742	0.12983921	-0.1054277	0.1458884	-0.091470525	0.12854876	-0.19891246	0.10025754
-0.1346803	0.1295671	-0.6100304	0.99999964	-0.41511258	0.14635032	-0.1976691	0.2686002	-0.4529914	0.24748124	-0.12339423	0.13622025	-0.27939466	0.2488815	-0.24812715	0.14484055	-0.15399788	0.18040597	-0.1388213	0.114150435	-0.14650275	0.09063134	-0.13162714	0.19600515	-0.11221096
0.14682275	-0.14483695	0.24937278	-0.41511258	0.99999976	-0.17227627	0.18906336	-0.24483466	0.26731244	-0.39182097	0.14439954	-0.15252542	0.26883864	-0.27125204	0.27116022	-0.18877864	0.17366576	-0.28745672	0.19801146	-0.17480381	0.20015024	-0.12453775	0.18506765	-0.33363104	0.15935083
-0.35912403	0.24792713	-0.18376677	0.14635032	-0.17227627	0.99999976	-0.48441562	0.22291093	-0.11856919	0.10558395	-0.6032446	0.21002482	-0.22773333	0.12955254	-0.12289736	0.29178256	-0.2253312	0.14584124	-0.10039169	0.07980223	-0.2203443	0.1228424	-0.16498129	0.15782985	-0.078489415
0.28036776	-0.42648128	0.23584908	-0.1976691	0.18906336	-0.48441562	0.99999976	-0.506267	0.14192049	-0.12640102	0.24279407	-0.25578415	0.2466795	-0.15504067	0.13887581	-0.26768064	0.21261236	-0.16981135	0.11548834	-0.09180392	0.17833456	-0.11203763	0.14558397	-0.184517	0.088295914
-0.20026244	0.19929284	-0.5740967	0.2686002	-0.24483466	0.22291093	-0.506267	0.99999976	-0.2085993	0.16242836	-0.17694764	0.1881151	-0.39475775	0.19766045	-0.1806257	0.1859019	-0.19908726	0.17693672	-0.12686692	0.10114863	-0.16703236	0.10299209	-0.143616	0.18821833	-0.09899708
0.10070234	-0.10001019	0.22823657	-0.4529914	0.26731244	-0.11856919	0.14192049	-0.2085993	0.9999995	-0.5526483	0.09899191	-0.11715411	0.24122155	-0.5359991	0.3118792	-0.12249828	0.12675081	-0.19555584	0.1613642	-0.12420192	0.12297556	-0.0780733	0.11365252	-0.20816022	0.11598214
-0.092297226	0.088844836	-0.19172649	0.24748124	-0.39182097	0.10558395	-0.12640102	0.16242836	-0.5526483	0.99999964	-0.09063034	0.10524472	-0.22062466	0.30283898	-0.62886804	0.11162851	-0.11834829	0.17361513	-0.14177364	0.13451397	-0.11744028	0.07379745	-0.10877738	0.18913601	-0.12946822
0.19165987	-0.17136961	0.13648626	-0.12339423	0.14439954	-0.6032446	0.24279407	-0.17694764	0.09899191	-0.09063034	0.99999976	-0.27771148	0.19110212	-0.11397109	0.104612336	-0.61627257	0.22174332	-0.13906465	0.09321307	-0.07301996	0.21243788	-0.124977	0.14908902	-0.15091032	0.07078464
-0.14246747	0.13928217	-0.14317897	0.13622025	-0.15252542	0.21002482	-0.25578415	0.1881151	-0.11715411	0.10524472	-0.27771148	0.99999976	-0.373127	0.15005985	-0.124268666	0.22296904	-0.79220897	0.16889292	-0.11316257	0.08305809	-0.16988978	0.12657897	-0.1484931	0.16770324	-0.080343805
0.17032474	-0.17669836	0.24994998	-0.27939466	0.26883864	-0.22773333	0.2466795	-0.39475775	0.24122155	-0.22062466	0.19110212	-0.373127	0.9999998	-0.4305325	0.24663055	-0.23788159	0.26668343	-0.33762467	0.22097605	-0.1622938	0.20395388	-0.13698226	0.18527205	-0.3276653	0.15072271
-0.11111441	0.10663913	-0.21468693	0.2488815	-0.27125204	0.12955254	-0.15504067	0.19766045	-0.5359991	0.30283898	-0.11397109	0.15005985	-0.4305325	1.0	-0.5229953	0.13737696	-0.16393323	0.23869407	-0.27284965	0.15312251	-0.14367229	0.09199683	-0.13502151	0.24253078	-0.15057766
0.10379846	-0.101552635	0.18222919	-0.24812715	0.27116022	-0.12289736	0.13887581	-0.1806257	0.3118792	-0.62886804	0.104612336	-0.124268666	0.24663055	-0.5229953	0.9999998	-0.13261482	0.1355734	-0.23825184	0.1912828	-0.21489114	0.13796405	-0.08813137	0.129621	-0.2598631	0.17079419
-0.22388248	0.17318681	-0.16766307	0.14484055	-0.18877864	0.29178256	-0.26768064	0.1859019	-0.12249828	0.11162851	-0.61627257	0.22296904	-0.23788159	0.13737696	-0.13261482	0.99999964	-0.27935904	0.1683354	-0.11481561	0.09035775	-0.4525043	0.19864872	-0.25116548	0.18363154	-0.08934242
0.14608082	-0.15054595	0.15088467	-0.15399788	0.17366576	-0.2253312	0.21261236	-0.19908726	0.12675081	-0.11834829	0.22174332	-0.79220897	0.26668343	-0.16393323	0.1355734	-0.27935904	0.9999994	-0.22310285	0.13804778	-0.10085964	0.19387215	-0.17246704	0.17362629	-0.21400824	0.09598125
-0.13201548	0.117226884	-0.18164742	0.18040597	-0.28745672	0.14584124	-0.16981135	0.17693672	-0.19555584	0.17361513	-0.13906465	0.16889292	-0.33762467	0.23869407	-0.23825184	0.1683354	-0.22310285	0.9999992	-0.6738698	0.19713135	-0.22883587	0.14735787	-0.24577506	0.32908493	-0.22563526
0.08930339	-0.08099037	0.12983921	-0.1388213	0.19801146	-0.10039169	0.11548834	-0.12686692	0.1613642	-0.14177364	0.09321307	-0.11316257	0.22097605	-0.27284965	0.1912828	-0.11481561	0.13804778	-0.6738698	0.9999988	-0.23134045	0.14775129	-0.097507805	0.15484749	-0.57854354	0.20088895
-0.071882285	0.06532694	-0.1054277	0.114150435	-0.17480381	0.07980223	-0.09180392	0.10114863	-0.12420192	0.13451397	-0.07301996	0.08305809	-0.1622938	0.15312251	-0.21489114	0.09035775	-0.10085964	0.19713135	-0.23134045	0.99999845	-0.11405976	0.07134973	-0.11184216	0.22367288	-0.8917349
0.14726809	-0.13701414	0.1458884	-0.14650275	0.20015024	-0.2203443	0.17833456	-0.16703236	0.12297556	-0.11744028	0.21243788	-0.16988978	0.20395388	-0.14367229	0.13796405	-0.4525043	0.19387215	-0.22883587	0.14775129	-0.11405976	0.9999984	-0.5719761	0.31677765	-0.2652672	0.10893725
-0.090405054	0.082463555	-0.091470525	0.09063134	-0.12453775	0.1228424	-0.11203763	0.10299209	-0.0780733	0.07379745	-0.124977	0.12657897	-0.13698226	0.09199683	-0.08813137	0.19864872	-0.17246704	0.14735787	-0.097507805	0.07134973	-0.5719761	0.9999984	-0.7268606	0.16560031	-0.06980111
0.11899467	-0.11218894	0.12854876	-0.13162714	0.18506765	-0.16498129	0.14558397	-0.143616	0.11365252	-0.10877738	0.14908902	-0.1484931	0.18527205	-0.13502151	0.129621	-0.25116548	0.17362629	-0.24577506	0.15484749	-0.11184216	0.31677765	-0.7268606	0.9999985	-0.2815016	0.10775699
-0.14677921	0.12813021	-0.19891246	0.19600515	-0.33363104	0.15782985	-0.184517	0.18821833	-0.20816022	0.18913601	-0.15091032	0.16770324	-0.3276653	0.24253078	-0.2598631	0.18363154	-0.21400824	0.32908493	-0.57854354	0.22367288	-0.2652672	0.16560031	-0.2815016	0.9999986	-0.28247967
0.06931009	-0.063971624	0.10025754	-0.11221096	0.15935083	-0.078489415	0.088295914	-0.09899708	0.11598214	-0.12946822	0.07078464	-0.080343805	0.15072271	-0.15057766	0.17079419	-0.08934242	0.09598125	-0.22563526	0.20088895	-0.8917349	0.10893725	-0.06980111	0.10775699	-0.28247967	0.9999986
