1.0000001	-0.4046048	0.12609664	-0.094201535	0.12070577	-0.8583588	0.20235234	-0.13469352	0.12336975	-0.093347415	0.13220884	-0.073382705	0.065571636	-0.06652852	0.0222148	-0.06297537	0.05777091	-0.04797157	0.072906725	-0.021300118	0.07007822	-0.04991759	0.043248996	-0.004000502	0.0039902492
-0.4046048	1.0000002	-0.35748717	0.22340809	-0.29708067	0.27318722	-0.5585001	0.289801	-0.31340638	0.20777039	-0.18538985	0.14316277	-0.13600232	0.139526	-0.04780421	0.08675072	-0.0928372	0.08381137	-0.16064584	0.04520271	-0.11648672	0.077867664	-0.07812917	0.008295676	-0.00828895
0.12609664	-0.35748717	1.0000004	-0.7314119	0.19694376	-0.1511551	0.24182984	-0.40275905	0.3065813	-0.20980638	0.10279656	-0.11422558	0.10465082	-0.115724176	0.035551295	-0.051320344	0.055395827	-0.058637798	0.11151569	-0.034002475	0.06891632	-0.04863059	0.05217915	-0.0058684167	0.0058465796
-0.094201535	0.22340809	-0.7314119	1.0000001	-0.23676863	0.10832086	-0.20555943	0.25982296	-0.5323575	0.20947206	-0.08913716	0.09351203	-0.089622654	0.11118699	-0.035069138	0.044217203	-0.048406545	0.050441526	-0.11268895	0.032830674	-0.06057199	0.0420848	-0.04568387	0.005621592	-0.005608577
0.12070577	-0.29708067	0.19694376	-0.23676863	1.0000002	-0.1533731	0.18855874	-0.22229098	0.2729887	-0.80037904	0.14462578	-0.11294634	0.10002183	-0.12986243	0.041462943	-0.07060044	0.07669077	-0.06953343	0.12728253	-0.040474314	0.098774776	-0.06523698	0.06291447	-0.007023636	0.0069893794
-0.8583588	0.27318722	-0.1511551	0.10832086	-0.1533731	0.99999976	-0.26888633	0.15388833	-0.15399018	0.11142162	-0.1858162	0.086807534	-0.0793565	0.07991244	-0.02708517	0.0779483	-0.072882324	0.057686593	-0.08999161	0.02585105	-0.08814775	0.06097972	-0.052722894	0.0048768604	-0.0048677865
0.20235234	-0.5585001	0.24182984	-0.20555943	0.18855874	-0.26888633	0.9999995	-0.63682485	0.25386217	-0.18635614	0.13091007	-0.18966156	0.15520337	-0.12819317	0.040060874	-0.06546357	0.06964454	-0.07699172	0.12785311	-0.038178004	0.08528515	-0.061619263	0.06858264	-0.006814703	0.0067941938
-0.13469352	0.289801	-0.40275905	0.25982296	-0.22229098	0.15388833	-0.63682485	0.99999934	-0.4713987	0.20008318	-0.11801952	0.16611083	-0.18678896	0.13595362	-0.042896323	0.059218366	-0.06521725	0.07565647	-0.138821	0.040107165	-0.08005026	0.05750944	-0.068170205	0.0070811217	-0.0070675025
0.12336975	-0.31340638	0.3065813	-0.5323575	0.2729887	-0.15399018	0.25386217	-0.4713987	0.9999993	-0.4350937	0.11698055	-0.13646257	0.12699537	-0.1919464	0.05158372	-0.058944322	0.06431054	-0.07026144	0.15858808	-0.048660055	0.08002054	-0.056720838	0.062293638	-0.008002235	0.007969747
-0.093347415	0.20777039	-0.20980638	0.20947206	-0.80037904	0.11142162	-0.18635614	0.20008318	-0.4350937	0.9999996	-0.12157975	0.09766513	-0.09180688	0.121366434	-0.04043278	0.05894662	-0.06488316	0.059730355	-0.12998258	0.038286116	-0.08342513	0.054752152	-0.055085514	0.006655785	-0.006639907
0.13220884	-0.18538985	0.10279656	-0.08913716	0.14462578	-0.1858162	0.13091007	-0.11801952	0.11698055	-0.12157975	0.9999999	-0.1835083	0.13978381	-0.1320193	0.042879466	-0.5151501	0.26787227	-0.1813233	0.13567714	-0.04248632	0.29285446	-0.25067315	0.1523019	-0.00900011	0.008948102
-0.073382705	0.14316277	-0.11422558	0.09351203	-0.11294634	0.086807534	-0.18966156	0.16611083	-0.13646257	0.09766513	-0.1835083	0.9999996	-0.85460746	0.21599941	-0.07292877	0.09809773	-0.11578079	0.18481636	-0.24957941	0.06549908	-0.13064492	0.10815436	-0.18204811	0.012730807	-0.012753349
0.065571636	-0.13600232	0.10465082	-0.089622654	0.10002183	-0.0793565	0.15520337	-0.18678896	0.12699537	-0.09180688	0.13978381	-0.85460746	0.9999994	-0.28327996	0.06769713	-0.08367986	0.098637015	-0.2336519	0.21061836	-0.062543996	0.110376045	-0.098050356	0.1633669	-0.011350317	0.011313489
-0.06652852	0.139526	-0.115724176	0.11118699	-0.12986243	0.07991244	-0.12819317	0.13595362	-0.1919464	0.121366434	-0.1320193	0.21599941	-0.28327996	0.99999946	-0.25619313	0.07264839	-0.08598946	0.12357909	-0.8230923	0.1996484	-0.10329138	0.07957418	-0.11156965	0.030152034	-0.030184567
0.0222148	-0.04780421	0.035551295	-0.035069138	0.041462943	-0.02708517	0.040060874	-0.042896323	0.05158372	-0.04043278	0.042879466	-0.07292877	0.06769713	-0.25619313	0.9999993	-0.023727704	0.02764974	-0.039500225	0.20714319	-0.93690735	0.033428404	-0.02595657	0.034211054	-0.049741127	0.047836788
-0.06297537	0.08675072	-0.051320344	0.044217203	-0.07060044	0.0779483	-0.06546357	0.059218366	-0.058944322	0.05894662	-0.5151501	0.09809773	-0.08367986	0.07264839	-0.023727704	0.999999	-0.59456176	0.15707013	-0.076220214	0.023524253	-0.5106645	0.28967115	-0.14521506	0.0058171414	-0.0057855807
0.05777091	-0.0928372	0.055395827	-0.048406545	0.07669077	-0.072882324	0.06964454	-0.06521725	0.06431054	-0.06488316	0.26787227	-0.11578079	0.098637015	-0.08598946	0.02764974	-0.59456176	0.9999989	-0.25372583	0.0882941	-0.027625537	0.32571274	-0.5962805	0.2083905	-0.0072923005	0.007239306
-0.04797157	0.08381137	-0.058637798	0.050441526	-0.06953343	0.057686593	-0.07699172	0.07565647	-0.07026144	0.059730355	-0.1813233	0.18481636	-0.2336519	0.12357909	-0.039500225	0.15707013	-0.25372583	0.99999905	-0.13935126	0.03912317	-0.24994373	0.25438038	-0.8375194	0.014359182	-0.014347222
0.072906725	-0.16064584	0.11151569	-0.11268895	0.12728253	-0.08999161	0.12785311	-0.138821	0.15858808	-0.12998258	0.13567714	-0.24957941	0.21061836	-0.8230923	0.20714319	-0.076220214	0.0882941	-0.13935126	0.999999	-0.2647858	0.10597777	-0.08466081	0.110626616	-0.037694946	0.036041375
-0.021300118	0.04520271	-0.034002475	0.032830674	-0.040474314	0.02585105	-0.038178004	0.040107165	-0.048660055	0.038286116	-0.04248632	0.06549908	-0.062543996	0.1996484	-0.93690735	0.023524253	-0.027625537	0.03912317	-0.2647858	0.99999857	-0.033456013	0.025816824	-0.03445374	0.05129761	-0.0541727
0.07007822	-0.11648672	0.06891632	-0.06057199	0.098774776	-0.08814775	0.08528515	-0.08005026	0.08002054	-0.08342513	0.29285446	-0.13064492	0.110376045	-0.10329138	0.033428404	-0.5106645	0.32571274	-0.24994373	0.10597777	-0.033456013	0.99999887	-0.5693829	0.20941094	-0.008374746	0.00831153
-0.04991759	0.077867664	-0.04863059	0.0420848	-0.06523698	0.06097972	-0.061619263	0.05750944	-0.056720838	0.054752152	-0.25067315	0.10815436	-0.098050356	0.07957418	-0.02595657	0.28967115	-0.5962805	0.25438038	-0.08466081	0.025816824	-0.5693829	0.99999875	-0.38352585	0.008246548	-0.008210901
0.043248996	-0.07812917	0.05217915	-0.04568387	0.06291447	-0.052722894	0.06858264	-0.068170205	0.062293638	-0.055085514	0.1523019	-0.18204811	0.1633669	-0.11156965	0.034211054	-0.14521506	0.2083905	-0.8375194	0.110626616	-0.03445374	0.20941094	-0.38352585	0.99999875	-0.014710654	0.0144245345
-0.004000502	0.008295676	-0.0058684167	0.005621592	-0.007023636	0.0048768604	-0.006814703	0.0070811217	-0.008002235	0.006655785	-0.00900011	0.012730807	-0.011350317	0.030152034	-0.049741127	0.0058171414	-0.0072923005	0.014359182	-0.037694946	0.05129761	-0.008374746	0.008246548	-0.014710654	0.99999875	-0.9965188
0.0039902492	-0.00828895	0.0058465796	-0.005608577	0.0069893794	-0.0048677865	0.0067941938	-0.0070675025	0.007969747	-0.006639907	0.008948102	-0.012753349	0.011313489	-0.030184567	0.047836788	-0.0057855807	0.007239306	-0.014347222	0.036041375	-0.0541727	0.00831153	-0.008210901	0.0144245345	-0.9965188	0.99999875
