1.0000001	-0.265229	0.20119621	-0.11233786	0.08880116	-0.7773759	0.24011202	-0.23292173	0.112643756	-0.09913524	0.28066844	-0.2541291	0.1690961	-0.1310931	0.13993783	-0.19309615	0.14104055	-0.15434983	0.13522029	-0.11036234	0.14228268	-0.12026103	0.1463092	-0.09855099	0.086957835
-0.265229	1.0000005	-0.8333169	0.13081874	-0.10397733	0.1868437	-0.34546253	0.23457798	-0.1208705	0.09811607	-0.18284547	0.19803594	-0.15982881	0.117588595	-0.1267887	0.11609183	-0.10650181	0.12144535	-0.11631453	0.090062134	-0.10086828	0.086246	-0.1180921	0.07957896	-0.071386784
0.20119621	-0.8333169	1.0000008	-0.17683032	0.11904096	-0.18364501	0.25335842	-0.30781803	0.13883516	-0.116856955	0.17562543	-0.21294655	0.172713	-0.13562764	0.13961908	-0.12689887	0.1123849	-0.13901402	0.12821047	-0.102964655	0.107038446	-0.094232485	0.1290577	-0.08983253	0.07967092
-0.11233786	0.13081874	-0.17683032	1.0000007	-0.6719725	0.09225036	-0.13843042	0.17848004	-0.54581857	0.3265152	-0.12636259	0.12909949	-0.17758344	0.2228877	-0.25846666	0.09250219	-0.090385586	0.13296054	-0.18991071	0.14277764	-0.08763045	0.07610928	-0.13486174	0.11342267	-0.10570445
0.08880116	-0.10397733	0.11904096	-0.6719725	1.0000005	-0.075248525	0.10829999	-0.1493008	0.30842012	-0.62022334	0.10191818	-0.108524114	0.1398908	-0.19219452	0.21359627	-0.07831156	0.074798144	-0.11398501	0.14831978	-0.13126606	0.07262858	-0.064068176	0.1106442	-0.09886172	0.08915913
-0.7773759	0.1868437	-0.18364501	0.09225036	-0.075248525	1.0000001	-0.2983609	0.19811757	-0.096691184	0.08238051	-0.43340456	0.23674627	-0.1539837	0.11080668	-0.12003303	0.16866434	-0.1308058	0.12912066	-0.11535921	0.09079325	-0.13148347	0.106169224	-0.12735644	0.082267225	-0.0732841
0.24011202	-0.34546253	0.25335842	-0.13843042	0.10829999	-0.2983609	0.99999994	-0.56445926	0.15161553	-0.124366716	0.26787	-0.54175645	0.25240356	-0.16836251	0.16546296	-0.174341	0.16993497	-0.18792225	0.15656704	-0.122809805	0.14595293	-0.13643607	0.16869183	-0.11090569	0.0974311
-0.23292173	0.23457798	-0.30781803	0.17848004	-0.1493008	0.19811757	-0.56445926	0.99999994	-0.25603494	0.16859233	-0.25976792	0.29007787	-0.49461418	0.23463441	-0.23576784	0.16677207	-0.17288844	0.23050126	-0.21623668	0.15717392	-0.15589386	0.13621959	-0.2233352	0.14170566	-0.12777245
0.112643756	-0.1208705	0.13883516	-0.54581857	0.30842012	-0.096691184	0.15161553	-0.25603494	1.0000001	-0.56212026	0.13181028	-0.14683214	0.21169148	-0.41458514	0.27007562	-0.10026573	0.09784271	-0.15677221	0.20714316	-0.16754404	0.092904	-0.083179906	0.14592017	-0.1308237	0.11534386
-0.09913524	0.09811607	-0.116856955	0.3265152	-0.62022334	0.08238051	-0.124366716	0.16859233	-0.56212026	1.0	-0.11620407	0.12073255	-0.1741931	0.24088189	-0.36629954	0.08745094	-0.08567181	0.13192603	-0.19320084	0.16040505	-0.08275614	0.07273664	-0.13200878	0.118756525	-0.11203614
0.28066844	-0.18284547	0.17562543	-0.12636259	0.10191818	-0.43340456	0.26787	-0.25976792	0.13181028	-0.11620407	0.9999999	-0.519916	0.21800032	-0.16264391	0.17161672	-0.41531166	0.22784437	-0.20482455	0.16870828	-0.13704053	0.23400398	-0.19381176	0.19325101	-0.1254977	0.10962218
-0.2541291	0.19803594	-0.21294655	0.12909949	-0.108524114	0.23674627	-0.54175645	0.29007787	-0.14683214	0.12073255	-0.519916	0.9999994	-0.32960096	0.17920333	-0.18883018	0.23663889	-0.3119922	0.21329768	-0.18200871	0.13624474	-0.2135262	0.19397141	-0.21134329	0.12677538	-0.1129483
0.1690961	-0.15982881	0.172713	-0.17758344	0.1398908	-0.1539837	0.25240356	-0.49461418	0.21169148	-0.1741931	0.21800032	-0.32960096	0.99999934	-0.4427533	0.25237402	-0.1720763	0.18005158	-0.47463906	0.24728969	-0.19225329	0.15407135	-0.15075265	0.2636294	-0.1761688	0.1461365
-0.1310931	0.117588595	-0.13562764	0.2228877	-0.19219452	0.11080668	-0.16836251	0.23463441	-0.41458514	0.24088189	-0.16264391	0.17920333	-0.4427533	0.99999934	-0.5165938	0.12566733	-0.12777612	0.22542016	-0.45934218	0.24492157	-0.11878162	0.10827487	-0.21138503	0.19984141	-0.1769499
0.13993783	-0.1267887	0.13961908	-0.25846666	0.21359627	-0.12003303	0.16546296	-0.23576784	0.27007562	-0.36629954	0.17161672	-0.18883018	0.25237402	-0.5165938	0.99999917	-0.14248918	0.13520947	-0.23021035	0.30438966	-0.46569473	0.13096003	-0.11899869	0.21509558	-0.24425545	0.22320485
-0.19309615	0.11609183	-0.12689887	0.09250219	-0.07831156	0.16866434	-0.174341	0.16677207	-0.10026573	0.08745094	-0.41531166	0.23663889	-0.1720763	0.12566733	-0.14248918	0.99999875	-0.4383862	0.18673809	-0.14604957	0.1126836	-0.6636393	0.29706383	-0.20542777	0.110791	-0.09727474
0.14104055	-0.10650181	0.1123849	-0.090385586	0.074798144	-0.1308058	0.16993497	-0.17288844	0.09784271	-0.08567181	0.22784437	-0.3119922	0.18005158	-0.12777612	0.13520947	-0.4383862	0.9999987	-0.27134854	0.14240693	-0.113808334	0.31234232	-0.69883054	0.22517847	-0.11691104	0.09663137
-0.15434983	0.12144535	-0.13901402	0.13296054	-0.11398501	0.12912066	-0.18792225	0.23050126	-0.15677221	0.13192603	-0.20482455	0.21329768	-0.47463906	0.22542016	-0.23021035	0.18673809	-0.27134854	0.9999986	-0.28370398	0.19098982	-0.19004677	0.20127472	-0.66047424	0.21764684	-0.1821495
0.13522029	-0.11631453	0.12821047	-0.18991071	0.14831978	-0.11535921	0.15656704	-0.21623668	0.20714316	-0.19320084	0.16870828	-0.18200871	0.24728969	-0.45934218	0.30438966	-0.14604957	0.14240693	-0.28370398	0.9999988	-0.4701808	0.135442	-0.12824926	0.25853717	-0.47711438	0.28452715
-0.11036234	0.090062134	-0.102964655	0.14277764	-0.13126606	0.09079325	-0.122809805	0.15717392	-0.16754404	0.16040505	-0.13704053	0.13624474	-0.19225329	0.24492157	-0.46569473	0.1126836	-0.113808334	0.19098982	-0.4701808	0.9999985	-0.111140884	0.1009408	-0.23616134	0.30806646	-0.6023579
0.14228268	-0.10086828	0.107038446	-0.08763045	0.07262858	-0.13148347	0.14595293	-0.15589386	0.092904	-0.08275614	0.23400398	-0.2135262	0.15407135	-0.11878162	0.13096003	-0.6636393	0.31234232	-0.19004677	0.135442	-0.111140884	0.9999985	-0.5489089	0.1940461	-0.1104209	0.09254203
-0.12026103	0.086246	-0.094232485	0.07610928	-0.064068176	0.106169224	-0.13643607	0.13621959	-0.083179906	0.07273664	-0.19381176	0.19397141	-0.15075265	0.10827487	-0.11899869	0.29706383	-0.69883054	0.20127472	-0.12824926	0.1009408	-0.5489089	0.9999983	-0.26561084	0.10936175	-0.09031591
0.1463092	-0.1180921	0.1290577	-0.13486174	0.1106442	-0.12735644	0.16869183	-0.2233352	0.14592017	-0.13200878	0.19325101	-0.21134329	0.2636294	-0.21138503	0.21509558	-0.20542777	0.22517847	-0.66047424	0.25853717	-0.23616134	0.1940461	-0.26561084	0.99999845	-0.37461263	0.21333498
-0.09855099	0.07957896	-0.08983253	0.11342267	-0.09886172	0.082267225	-0.11090569	0.14170566	-0.1308237	0.118756525	-0.1254977	0.12677538	-0.1761688	0.19984141	-0.24425545	0.110791	-0.11691104	0.21764684	-0.47711438	0.30806646	-0.1104209	0.10936175	-0.37461263	0.99999845	-0.6689671
0.086957835	-0.071386784	0.07967092	-0.10570445	0.08915913	-0.0732841	0.0974311	-0.12777245	0.11534386	-0.11203614	0.10962218	-0.1129483	0.1461365	-0.1769499	0.22320485	-0.09727474	0.09663137	-0.1821495	0.28452715	-0.6023579	0.09254203	-0.09031591	0.21333498	-0.6689671	0.99999845
