1.0000001	-0.83247	0.17484024	-0.058326837	0.06379601	-0.35612762	0.28563684	-0.19404878	0.10012882	-0.10320161	0.19111976	-0.1029946	0.09200256	-0.09659823	0.08095981	-0.099233784	0.07992609	-0.09185097	0.044829037	-0.027168207	0.11081124	-0.08735863	0.08156005	-0.037044283	0.023928346
-0.83247	1.0000001	-0.19318101	0.056603935	-0.06194268	0.2521645	-0.42104462	0.17762859	-0.09343992	0.09044321	-0.18123072	0.09057065	-0.083510295	0.0861236	-0.072838746	0.08756224	-0.07103441	0.07997753	-0.03980686	0.023863023	-0.10287593	0.075857446	-0.07253736	0.03267171	-0.021108614
0.17484024	-0.19318101	0.99999994	-0.26973614	0.21519406	-0.18764646	0.23475058	-0.5408307	0.24826197	-0.2720908	0.21871583	-0.18919335	0.18131977	-0.23733152	0.19487219	-0.12930538	0.13314691	-0.16211845	0.08815328	-0.055792596	0.16371296	-0.14755335	0.1461362	-0.07260466	0.048829846
-0.058326837	0.056603935	-0.26973614	1.0000001	-0.905398	0.06434938	-0.08373812	0.16883276	-0.23285867	0.15093563	-0.08072255	0.07783013	-0.0798302	0.14852086	-0.11503103	0.04862059	-0.053093966	0.0650903	-0.03935722	0.025645213	-0.061792247	0.05781416	-0.05866172	0.03220496	-0.022409018
0.06379601	-0.06194268	0.21519406	-0.905398	0.9999999	-0.07272518	0.09267881	-0.19042002	0.1941181	-0.18721804	0.09127009	-0.09012992	0.089625254	-0.16876051	0.12659293	-0.05560107	0.060987193	-0.07529289	0.044903457	-0.029365664	0.07040063	-0.066918686	0.067077115	-0.036994062	0.025546905
-0.35612762	0.2521645	-0.18764646	0.06434938	-0.07272518	1.0000001	-0.60942084	0.2203765	-0.12185436	0.114898354	-0.55962384	0.13949701	-0.12553622	0.11360416	-0.096031114	0.18047047	-0.12152667	0.12681186	-0.0591392	0.03418479	-0.20488231	0.12311797	-0.115454435	0.04856814	-0.030466605
0.28563684	-0.42104462	0.23475058	-0.08373812	0.09267881	-0.60942084	0.9999996	-0.39890325	0.1629823	-0.15518492	0.27671278	-0.16692999	0.14759591	-0.15287504	0.12341672	-0.14822812	0.12174627	-0.14021349	0.067291886	-0.0407576	0.16086383	-0.13133368	0.12181256	-0.055654377	0.03586206
-0.19404878	0.17762859	-0.5408307	0.16883276	-0.19042002	0.2203765	-0.39890325	0.99999905	-0.43880782	0.2325913	-0.2746175	0.2059134	-0.26384693	0.25586516	-0.21634571	0.14691	-0.14888433	0.17198049	-0.09556367	0.057123933	-0.19133018	0.15149304	-0.16044638	0.076345034	-0.05097008
0.10012882	-0.09343992	0.24826197	-0.23285867	0.1941181	-0.12185436	0.1629823	-0.43880782	0.99999917	-0.40798047	0.15518552	-0.18754992	0.20147042	-0.6514307	0.28534773	-0.097807206	0.116676554	-0.14710617	0.09708282	-0.062397018	0.12203546	-0.122866616	0.124591164	-0.080109246	0.053499058
-0.10320161	0.09044321	-0.2720908	0.15093563	-0.18721804	0.114898354	-0.15518492	0.2325913	-0.40798047	0.99999905	-0.16459836	0.14580064	-0.16040364	0.30267954	-0.75540453	0.09698417	-0.10561603	0.12655582	-0.09939256	0.081036374	-0.12780775	0.114803106	-0.12560938	0.078270376	-0.07337394
0.19111976	-0.18123072	0.21871583	-0.08072255	0.09127009	-0.55962384	0.27671278	-0.2746175	0.15518552	-0.16459836	0.9999993	-0.23438618	0.18210141	-0.16061488	0.1320963	-0.42808926	0.19757864	-0.2121598	0.08693623	-0.050704572	0.27884072	-0.20624812	0.17283858	-0.07277798	0.044833157
-0.1029946	0.09057065	-0.18919335	0.07783013	-0.09012992	0.13949701	-0.16692999	0.2059134	-0.18754992	0.14580064	-0.23438618	0.99999946	-0.72897357	0.20103663	-0.16066955	0.18199874	-0.41884464	0.29530385	-0.110522926	0.057567727	-0.2155081	0.22470464	-0.24092525	0.0888177	-0.052687783
0.09200256	-0.083510295	0.18131977	-0.0798302	0.089625254	-0.12553622	0.14759591	-0.26384693	0.20147042	-0.16040364	0.18210141	-0.72897357	0.9999992	-0.3031107	0.16525067	-0.1531083	0.2663082	-0.4095002	0.10345866	-0.056675274	0.17158791	-0.21701846	0.20731814	-0.08584369	0.050506663
-0.09659823	0.0861236	-0.23733152	0.14852086	-0.16876051	0.11360416	-0.15287504	0.25586516	-0.6514307	0.30267954	-0.16061488	0.20103663	-0.3031107	0.9999993	-0.4951995	0.10233179	-0.12924212	0.15907624	-0.1324297	0.07639858	-0.13004428	0.13071859	-0.14153817	0.09823133	-0.066952534
0.08095981	-0.072838746	0.19487219	-0.11503103	0.12659293	-0.096031114	0.12341672	-0.21634571	0.28534773	-0.75540453	0.1320963	-0.16066955	0.16525067	-0.4951995	0.9999994	-0.08555144	0.10319416	-0.13095245	0.101771496	-0.09940582	0.107484035	-0.11307117	0.116185285	-0.08481694	0.07976266
-0.099233784	0.08756224	-0.12930538	0.04862059	-0.05560107	0.18047047	-0.14822812	0.14691	-0.097807206	0.09698417	-0.42808926	0.18199874	-0.1531083	0.10233179	-0.08555144	0.9999991	-0.33446428	0.21364489	-0.0768913	0.040306896	-0.75783706	0.21697308	-0.1803523	0.063797705	-0.03659422
0.07992609	-0.07103441	0.13314691	-0.053093966	0.060987193	-0.12152667	0.12174627	-0.14888433	0.116676554	-0.10561603	0.19757864	-0.41884464	0.2663082	-0.12924212	0.10319416	-0.33446428	0.9999995	-0.6073038	0.11284336	-0.05589775	0.25384027	-0.4737055	0.2887697	-0.09547907	0.051151916
-0.09185097	0.07997753	-0.16211845	0.0650903	-0.07529289	0.12681186	-0.14021349	0.17198049	-0.14710617	0.12655582	-0.2121598	0.29530385	-0.4095002	0.15907624	-0.13095245	0.21364489	-0.6073038	0.9999999	-0.16981561	0.07571659	-0.2583636	0.30931017	-0.46865776	0.13517278	-0.07087186
0.044829037	-0.03980686	0.08815328	-0.03935722	0.044903457	-0.0591392	0.067291886	-0.09556367	0.09708282	-0.09939256	0.08693623	-0.110522926	0.10345866	-0.1324297	0.101771496	-0.0768913	0.11284336	-0.16981561	0.99999994	-0.31117508	0.09045815	-0.1942846	0.21444441	-0.846128	0.23565371
-0.027168207	0.023863023	-0.055792596	0.025645213	-0.029365664	0.03418479	-0.0407576	0.057123933	-0.062397018	0.081036374	-0.050704572	0.057567727	-0.056675274	0.07639858	-0.09940582	0.040306896	-0.05589775	0.07571659	-0.31117508	0.9999996	-0.04977618	0.08488974	-0.11779273	0.2408055	-0.9048734
0.11081124	-0.10287593	0.16371296	-0.061792247	0.07040063	-0.20488231	0.16086383	-0.19133018	0.12203546	-0.12780775	0.27884072	-0.2155081	0.17158791	-0.13004428	0.107484035	-0.75783706	0.25384027	-0.2583636	0.09045815	-0.04977618	0.9999996	-0.3068495	0.20393488	-0.07679494	0.04449445
-0.08735863	0.075857446	-0.14755335	0.05781416	-0.066918686	0.12311797	-0.13133368	0.15149304	-0.122866616	0.114803106	-0.20624812	0.22470464	-0.21701846	0.13071859	-0.11307117	0.21697308	-0.4737055	0.30931017	-0.1942846	0.08488974	-0.3068495	0.9999995	-0.6862935	0.16024663	-0.082038306
0.08156005	-0.07253736	0.1461362	-0.05866172	0.067077115	-0.115454435	0.12181256	-0.16044638	0.124591164	-0.12560938	0.17283858	-0.24092525	0.20731814	-0.14153817	0.116185285	-0.1803523	0.2887697	-0.46865776	0.21444441	-0.11779273	0.20393488	-0.6862935	0.9999995	-0.27115816	0.10574959
-0.037044283	0.03267171	-0.07260466	0.03220496	-0.036994062	0.04856814	-0.055654377	0.076345034	-0.080109246	0.078270376	-0.07277798	0.0888177	-0.08584369	0.09823133	-0.08481694	0.063797705	-0.09547907	0.13517278	-0.846128	0.2408055	-0.07679494	0.16024663	-0.27115816	0.9999995	-0.3288673
0.023928346	-0.021108614	0.048829846	-0.022409018	0.025546905	-0.030466605	0.03586206	-0.05097008	0.053499058	-0.07337394	0.044833157	-0.052687783	0.050506663	-0.066952534	0.07976266	-0.03659422	0.051151916	-0.07087186	0.23565371	-0.9048734	0.04449445	-0.082038306	0.10574959	-0.3288673	0.9999995
