1.0000001	-0.23787344	0.16567577	-0.1469314	0.12144426	-0.71259356	0.26313138	-0.23454575	0.09677871	-0.1254649	0.27429968	-0.20755477	0.18536665	-0.10448933	0.06970941	-0.3860864	0.18036295	-0.11125153	0.09096196	-0.09717849	0.122534245	-0.10229254	0.07270307	-0.061571147	0.12100972
-0.23787344	0.9999999	-0.8437816	0.12473406	-0.1116635	0.15593608	-0.2832223	0.2708526	-0.082217626	0.08553386	-0.10119586	0.17021096	-0.24064286	0.08104307	-0.04966896	0.111729525	-0.14670679	0.08179385	-0.07074341	0.066585235	-0.089083105	0.0721537	-0.053109977	0.044107888	-0.08782694
0.16567577	-0.8437816	0.99999976	-0.1303479	0.10095584	-0.13327453	0.22182266	-0.4028724	0.075677566	-0.078653574	0.083520286	-0.15730645	0.20017985	-0.07523978	0.045131113	-0.097529344	0.122606486	-0.07362553	0.06271874	-0.060697064	0.07470485	-0.06210789	0.04671922	-0.039063673	0.0777448
-0.1469314	0.12473406	-0.1303479	0.9999998	-0.7546174	0.09778297	-0.14296615	0.12472279	-0.35983813	0.23724325	-0.081897944	0.13639373	-0.16366884	0.22997904	-0.14065208	0.09197404	-0.23091942	0.17063612	-0.17607906	0.17145054	-0.16242816	0.117303446	-0.1336143	0.10795353	-0.25560063
0.12144426	-0.1116635	0.10095584	-0.7546174	0.9999998	-0.0834542	0.117929704	-0.106415905	0.23420942	-0.31994992	0.06969454	-0.116462305	0.13434939	-0.22679506	0.15843512	-0.08053796	0.18972605	-0.16804278	0.15889503	-0.20737614	0.13462184	-0.09992061	0.12212978	-0.10139498	0.23586154
-0.71259356	0.15593608	-0.13327453	0.09778297	-0.0834542	0.99999994	-0.3818719	0.1939615	-0.0692666	0.08430281	-0.4376439	0.17679274	-0.16599339	0.07364602	-0.04781032	0.283853	-0.15228875	0.08061387	-0.06667495	0.066067934	-0.098423235	0.080258384	-0.052271213	0.043906517	-0.084055655
0.26313138	-0.2832223	0.22182266	-0.14296615	0.117929704	-0.3818719	1.0000001	-0.5834532	0.10431698	-0.12228303	0.16678385	-0.46366286	0.3074744	-0.112998456	0.06918629	-0.18679872	0.21549395	-0.12197382	0.09737565	-0.09564097	0.12124682	-0.110306785	0.072535045	-0.061562233	0.11582865
-0.23454575	0.2708526	-0.4028724	0.12472279	-0.106415905	0.1939615	-0.5834532	1.0000001	-0.10502838	0.10297403	-0.123595335	0.28496885	-0.5383109	0.10565788	-0.05977498	0.1294449	-0.1914332	0.106042765	-0.089005746	0.080601715	-0.10670942	0.09150666	-0.06298193	0.05273717	-0.10020343
0.09677871	-0.082217626	0.075677566	-0.35983813	0.23420942	-0.0692666	0.10431698	-0.10502838	1.0000001	-0.34562945	0.056958243	-0.11109607	0.13120086	-0.7534262	0.17820069	-0.066044606	0.16971047	-0.23282284	0.23484632	-0.20295589	0.11217796	-0.08832432	0.1137983	-0.095863625	0.19693
-0.1254649	0.08553386	-0.078653574	0.23724325	-0.31994992	0.08430281	-0.12228303	0.10297403	-0.34562945	0.9999998	-0.07262128	0.12534752	-0.14584944	0.24021176	-0.578819	0.082243435	-0.22814652	0.19653358	-0.22324242	0.31705797	-0.16235134	0.12018616	-0.1831653	0.14686908	-0.39858124
0.27429968	-0.10119586	0.083520286	-0.081897944	0.06969454	-0.4376439	0.16678385	-0.123595335	0.056958243	-0.07262128	0.99999976	-0.13068445	0.1145203	-0.061468277	0.040966086	-0.8259631	0.13174814	-0.06951359	0.05651735	-0.0570432	0.099550664	-0.08192382	0.04624964	-0.03911267	0.072578095
-0.20755477	0.17021096	-0.15730645	0.13639373	-0.116462305	0.17679274	-0.46366286	0.28496885	-0.11109607	0.12534752	-0.13068445	0.9999998	-0.62764716	0.122619055	-0.073292345	0.13925496	-0.44894665	0.14821288	-0.118628375	0.10077583	-0.16651575	0.15230805	-0.083442636	0.06983067	-0.12300122
0.18536665	-0.24064286	0.20017985	-0.16366884	0.13434939	-0.16599339	0.3074744	-0.5383109	0.13120086	-0.14584944	0.1145203	-0.62764716	0.99999964	-0.15716104	0.08379513	-0.13477106	0.24968663	-0.16272175	0.1251453	-0.115248516	0.13443248	-0.1277262	0.08618252	-0.07336794	0.13506274
-0.10448933	0.08104307	-0.07523978	0.22997904	-0.22679506	0.07364602	-0.112998456	0.10565788	-0.7534262	0.24021176	-0.061468277	0.122619055	-0.15716104	0.99999964	-0.1875633	0.0703129	-0.19923657	0.24200122	-0.39760247	0.1904459	-0.1278246	0.09876751	-0.12675738	0.10225498	-0.21380255
0.06970941	-0.04966896	0.045131113	-0.14065208	0.15843512	-0.04781032	0.06918629	-0.05977498	0.17820069	-0.578819	0.040966086	-0.073292345	0.08379513	-0.1875633	0.99999946	-0.047025602	0.12977119	-0.1511354	0.16963436	-0.71939373	0.090072066	-0.0689475	0.1060766	-0.090726934	0.22716182
-0.3860864	0.111729525	-0.097529344	0.09197404	-0.08053796	0.283853	-0.18679872	0.1294449	-0.066044606	0.082243435	-0.8259631	0.13925496	-0.13477106	0.0703129	-0.047025602	0.9999993	-0.1763282	0.08143437	-0.06742167	0.065144405	-0.1385941	0.10276295	-0.05562132	0.046509817	-0.08559066
0.18036295	-0.14670679	0.122606486	-0.23091942	0.18972605	-0.15228875	0.21549395	-0.1914332	0.16971047	-0.22814652	0.13174814	-0.44894665	0.24968663	-0.19923657	0.12977119	-0.1763282	0.99999905	-0.33119857	0.20579112	-0.18576962	0.28048852	-0.43202606	0.15214774	-0.13216782	0.21111184
-0.11125153	0.08179385	-0.07362553	0.17063612	-0.16804278	0.08061387	-0.12197382	0.106042765	-0.23282284	0.19653358	-0.06951359	0.14821288	-0.16272175	0.24200122	-0.1511354	0.08143437	-0.33119857	0.9999989	-0.75919914	0.19859783	-0.16403079	0.13924995	-0.23066637	0.15994273	-0.2392949
0.09096196	-0.07074341	0.06271874	-0.17607906	0.15889503	-0.06667495	0.09737565	-0.089005746	0.23484632	-0.22324242	0.05651735	-0.118628375	0.1251453	-0.39760247	0.16963436	-0.06742167	0.20579112	-0.75919914	0.99999917	-0.27470192	0.12179258	-0.10651362	0.15436217	-0.13399677	0.20001157
-0.09717849	0.066585235	-0.060697064	0.17145054	-0.20737614	0.066067934	-0.09564097	0.080601715	-0.20295589	0.31705797	-0.0570432	0.10077583	-0.115248516	0.1904459	-0.71939373	0.065144405	-0.18576962	0.19859783	-0.27470192	0.9999993	-0.12941298	0.09826557	-0.16151223	0.1350535	-0.38900414
0.122534245	-0.089083105	0.07470485	-0.16242816	0.13462184	-0.098423235	0.12124682	-0.10670942	0.11217796	-0.16235134	0.099550664	-0.16651575	0.13443248	-0.1278246	0.090072066	-0.1385941	0.28048852	-0.16403079	0.12179258	-0.12941298	0.9999993	-0.82668793	0.13970086	-0.12563005	0.15901113
-0.10229254	0.0721537	-0.06210789	0.117303446	-0.09992061	0.080258384	-0.110306785	0.09150666	-0.08832432	0.12018616	-0.08192382	0.15230805	-0.1277262	0.09876751	-0.0689475	0.10276295	-0.43202606	0.13924995	-0.10651362	0.09826557	-0.82668793	0.99999934	-0.14891934	0.1127482	-0.13004701
0.07270307	-0.053109977	0.04671922	-0.1336143	0.12212978	-0.052271213	0.072535045	-0.06298193	0.1137983	-0.1831653	0.04624964	-0.083442636	0.08618252	-0.12675738	0.1060766	-0.05562132	0.15214774	-0.23066637	0.15436217	-0.16151223	0.13970086	-0.14891934	0.99999946	-0.8503556	0.26896816
-0.061571147	0.044107888	-0.039063673	0.10795353	-0.10139498	0.043906517	-0.061562233	0.05273717	-0.095863625	0.14686908	-0.03911267	0.06983067	-0.07336794	0.10225498	-0.090726934	0.046509817	-0.13216782	0.15994273	-0.13399677	0.1350535	-0.12563005	0.1127482	-0.8503556	0.99999964	-0.40571234
0.12100972	-0.08782694	0.0777448	-0.25560063	0.23586154	-0.084055655	0.11582865	-0.10020343	0.19693	-0.39858124	0.072578095	-0.12300122	0.13506274	-0.21380255	0.22716182	-0.08559066	0.21111184	-0.2392949	0.20001157	-0.38900414	0.15901113	-0.13004701	0.26896816	-0.40571234	0.99999964
