1.0000001	-0.6898526	0.24483769	-0.16664632	0.07683865	-0.5330227	0.25412193	-0.2604027	0.18817182	-0.06398741	0.19548447	-0.17453201	0.1822931	-0.15865427	0.11448681	-0.16861798	0.11043191	-0.15247215	0.12210644	-0.10638088	0.07946479	-0.07282714	0.0974932	-0.075084254	0.1000919
-0.6898526	0.99999994	-0.46678555	0.21199746	-0.09089904	0.28418872	-0.29289138	0.24045576	-0.26202857	0.07512933	-0.18255362	0.15670098	-0.18846044	0.15870744	-0.123628534	0.14707355	-0.10248464	0.13938501	-0.12591927	0.107163824	-0.07609338	0.06777217	-0.099595144	0.07578307	-0.10235525
0.24483769	-0.46678555	0.9999998	-0.6154587	0.114620015	-0.25540397	0.21404152	-0.32614464	0.312875	-0.1007921	0.16257964	-0.1565954	0.19066672	-0.2089632	0.1436711	-0.17298627	0.11351024	-0.16902994	0.14469078	-0.1336276	0.083083406	-0.07667335	0.113319196	-0.08882608	0.118959285
-0.16664632	0.21199746	-0.6154587	1.0000001	-0.1396163	0.15783001	-0.15230767	0.21146601	-0.6730772	0.11483447	-0.1152389	0.10877055	-0.14636602	0.16742574	-0.12523693	0.116997406	-0.07990444	0.1179802	-0.11851701	0.10417153	-0.059450775	0.053866155	-0.08807523	0.068748645	-0.09205433
0.07683865	-0.09089904	0.114620015	-0.1396163	1.0	-0.089088805	0.0773345	-0.10616067	0.15336542	-0.86913246	0.07806094	-0.07444005	0.102656305	-0.13536394	0.26665604	-0.09875373	0.06613076	-0.10542428	0.10805129	-0.20148647	0.050713483	-0.046304807	0.098860435	-0.07720753	0.12536918
-0.5330227	0.28418872	-0.25540397	0.15783001	-0.089088805	0.99999964	-0.5237716	0.2881048	-0.22988716	0.07289192	-0.39463204	0.24719562	-0.25903514	0.17871284	-0.13413565	0.19612017	-0.1398726	0.1720371	-0.14732285	0.11894885	-0.10034651	0.08846187	-0.11749306	0.088411294	-0.118225545
0.25412193	-0.29289138	0.21404152	-0.15230767	0.0773345	-0.5237716	0.99999994	-0.6552883	0.20805885	-0.06463836	0.24171665	-0.29968655	0.24082041	-0.17041557	0.11571416	-0.18041794	0.12863351	-0.16395535	0.1313168	-0.106528506	0.08851636	-0.08104777	0.10233777	-0.078493394	0.102793284
-0.2604027	0.24045576	-0.32614464	0.21146601	-0.10616067	0.2881048	-0.6552883	1.0000001	-0.36831087	0.08871655	-0.2389622	0.22980128	-0.3519952	0.20828204	-0.14916062	0.18412155	-0.13551584	0.17940857	-0.16296269	0.12993102	-0.09852345	0.08732225	-0.12559104	0.09555293	-0.12689428
0.18817182	-0.26202857	0.312875	-0.6730772	0.15336542	-0.22988716	0.20805885	-0.36831087	1.0000001	-0.1586092	0.16158685	-0.15886389	0.20850003	-0.29899594	0.16868997	-0.17558603	0.11762161	-0.17849924	0.17320327	-0.15096043	0.08622193	-0.07928478	0.12650922	-0.10103029	0.13195205
-0.06398741	0.07512933	-0.1007921	0.11483447	-0.86913246	0.07289192	-0.06463836	0.08871655	-0.1586092	1.0000001	-0.06369484	0.060604237	-0.08488502	0.11222722	-0.3819158	0.07825498	-0.052889563	0.08370038	-0.08863003	0.15597022	-0.04049379	0.036845483	-0.07894328	0.06160373	-0.09965099
0.19548447	-0.18255362	0.16257964	-0.1152389	0.07806094	-0.39463204	0.24171665	-0.2389622	0.16158685	-0.06369484	1.0000002	-0.66719913	0.2933657	-0.21478356	0.13234903	-0.40491685	0.22839616	-0.255728	0.17029448	-0.13071533	0.14344159	-0.13590401	0.13253659	-0.10165287	0.12845154
-0.17453201	0.15670098	-0.1565954	0.10877055	-0.07444005	0.24719562	-0.29968655	0.22980128	-0.15886389	0.060604237	-0.66719913	1.0000002	-0.50903124	0.2069279	-0.12591037	0.2676193	-0.27026597	0.23018932	-0.17051053	0.12106153	-0.1426574	0.12928335	-0.1284916	0.09734156	-0.12239074
0.1822931	-0.18846044	0.19066672	-0.14636602	0.102656305	-0.25903514	0.24082041	-0.3519952	0.20850003	-0.08488502	0.2933657	-0.50903124	0.9999998	-0.4558544	0.1803168	-0.3242253	0.22772901	-0.3632139	0.2528688	-0.18426827	0.15076366	-0.14466053	0.17860216	-0.14445522	0.17341638
-0.15865427	0.15870744	-0.2089632	0.16742574	-0.13536394	0.17871284	-0.17041557	0.20828204	-0.29899594	0.11222722	-0.21478356	0.2069279	-0.4558544	1.0	-0.26737624	0.22026294	-0.17268303	0.26711425	-0.60463756	0.23205839	-0.12866908	0.11244369	-0.26486155	0.21565557	-0.24062258
0.11448681	-0.123628534	0.1436711	-0.12523693	0.26665604	-0.13413565	0.11571416	-0.14916062	0.16868997	-0.3819158	0.13234903	-0.12591037	0.1803168	-0.26737624	0.9999998	-0.17658848	0.1192648	-0.19422261	0.21173541	-0.49252003	0.09248277	-0.0841991	0.19890149	-0.15647618	0.26519495
-0.16861798	0.14707355	-0.17298627	0.116997406	-0.09875373	0.19612017	-0.18041794	0.18412155	-0.17558603	0.07825498	-0.40491685	0.2676193	-0.3242253	0.22026294	-0.17658848	1.0	-0.58983165	0.31369308	-0.25196326	0.16726582	-0.32337263	0.2411167	-0.20773001	0.14587452	-0.18943161
0.11043191	-0.10248464	0.11351024	-0.07990444	0.06613076	-0.1398726	0.12863351	-0.13551584	0.11762161	-0.052889563	0.22839616	-0.27026597	0.22772901	-0.17268303	0.1192648	-0.58983165	1.0	-0.5464851	0.19085987	-0.12221644	0.27550665	-0.39729482	0.14762414	-0.109754525	0.12951757
-0.15247215	0.13938501	-0.16902994	0.1179802	-0.10542428	0.1720371	-0.16395535	0.17940857	-0.17849924	0.08370038	-0.255728	0.23018932	-0.3632139	0.26711425	-0.19422261	0.31369308	-0.5464851	0.99999964	-0.41507927	0.20010135	-0.27186337	0.21794644	-0.28591892	0.19839248	-0.2270122
0.12210644	-0.12591927	0.14469078	-0.11851701	0.10805129	-0.14732285	0.1313168	-0.16296269	0.17320327	-0.08863003	0.17029448	-0.17051053	0.2528688	-0.60463756	0.21173541	-0.25196326	0.19085987	-0.41507927	0.9999996	-0.31270364	0.13166325	-0.123500325	0.28335646	-0.400323	0.25882578
-0.10638088	0.107163824	-0.1336276	0.10417153	-0.20148647	0.11894885	-0.106528506	0.12993102	-0.15096043	0.15597022	-0.13071533	0.12106153	-0.18426827	0.23205839	-0.49252003	0.16726582	-0.12221644	0.20010135	-0.31270364	0.99999934	-0.09738634	0.08606175	-0.3294679	0.25249305	-0.6259599
0.07946479	-0.07609338	0.083083406	-0.059450775	0.050713483	-0.10034651	0.08851636	-0.09852345	0.08622193	-0.04049379	0.14344159	-0.1426574	0.15076366	-0.12866908	0.09248277	-0.32337263	0.27550665	-0.27186337	0.13166325	-0.09738634	0.9999996	-0.8555662	0.11031105	-0.08284915	0.09909212
-0.07282714	0.06777217	-0.07667335	0.053866155	-0.046304807	0.08846187	-0.08104777	0.08732225	-0.07928478	0.036845483	-0.13590401	0.12928335	-0.14466053	0.11244369	-0.0841991	0.2411167	-0.39729482	0.21794644	-0.123500325	0.08606175	-0.8555662	0.9999996	-0.106060885	0.076045334	-0.09176922
0.0974932	-0.099595144	0.113319196	-0.08807523	0.098860435	-0.11749306	0.10233777	-0.12559104	0.12650922	-0.07894328	0.13253659	-0.1284916	0.17860216	-0.26486155	0.19890149	-0.20773001	0.14762414	-0.28591892	0.28335646	-0.3294679	0.11031105	-0.106060885	0.9999994	-0.726531	0.3003635
-0.075084254	0.07578307	-0.08882608	0.068748645	-0.07720753	0.088411294	-0.078493394	0.09555293	-0.10103029	0.06160373	-0.10165287	0.09734156	-0.14445522	0.21565557	-0.15647618	0.14587452	-0.109754525	0.19839248	-0.400323	0.25249305	-0.08284915	0.076045334	-0.726531	0.99999934	-0.45535573
0.1000919	-0.10235525	0.118959285	-0.09205433	0.12536918	-0.118225545	0.102793284	-0.12689428	0.13195205	-0.09965099	0.12845154	-0.12239074	0.17341638	-0.24062258	0.26519495	-0.18943161	0.12951757	-0.2270122	0.25882578	-0.6259599	0.09909212	-0.09176922	0.3003635	-0.45535573	0.99999934
