1.0	-0.8570821	0.18201484	-0.17765275	0.07334272	-0.3498301	0.15411168	-0.08861388	0.09994599	-0.05743235	0.18495516	-0.13028337	0.10644846	-0.07811218	0.08885725	-0.14207217	0.12032567	-0.098412625	0.064728186	-0.07490717	0.10657405	-0.07456073	0.11011714	-0.03582302	0.03606795
-0.8570821	1.0	-0.26536843	0.18283534	-0.08435373	0.23422012	-0.18611126	0.10107373	-0.11577885	0.0652381	-0.1963573	0.13888562	-0.12229755	0.08781539	-0.102128185	0.14018686	-0.13503501	0.107181326	-0.07183859	0.081397876	-0.122013	0.08295743	-0.12710233	0.039827254	-0.04049655
0.18201484	-0.26536843	0.99999994	-0.81719416	0.13753496	-0.15905415	0.15138559	-0.22697638	0.22407076	-0.11168585	0.12530726	-0.13430363	0.18044397	-0.13897754	0.15357718	-0.13373241	0.1289296	-0.12741481	0.09164455	-0.108291015	0.118939474	-0.08770353	0.1340748	-0.049267333	0.049317393
-0.17765275	0.18283534	-0.81719416	1.0	-0.17671497	0.14522342	-0.16569655	0.21356037	-0.31469783	0.1330032	-0.126266	0.13833444	-0.2106029	0.15404387	-0.18642716	0.13009354	-0.13577975	0.13067982	-0.0969112	0.11029078	-0.12573972	0.090595715	-0.14339973	0.050888002	-0.051571388
0.07334272	-0.08435373	0.13753496	-0.17671497	1.0000001	-0.10865076	0.11760006	-0.16473679	0.19361125	-0.8297865	0.09009265	-0.11462864	0.17442812	-0.22392377	0.26026708	-0.112191856	0.11270885	-0.12876691	0.10596716	-0.13290864	0.100252345	-0.0783306	0.11844041	-0.053171445	0.051940147
-0.3498301	0.23422012	-0.15905415	0.14522342	-0.10865076	0.9999998	-0.3295302	0.1263843	-0.14348432	0.08456922	-0.68785644	0.2466249	-0.17412926	0.1213506	-0.13801973	0.2742387	-0.2501339	0.17247182	-0.10950832	0.121642925	-0.21349561	0.13882591	-0.20715977	0.060163975	-0.06119384
0.15411168	-0.18611126	0.15138559	-0.16569655	0.11760006	-0.3295302	1.0	-0.21114321	0.1784485	-0.10134751	0.24764235	-0.776562	0.23392692	-0.16502774	0.15546301	-0.2308558	0.2160881	-0.18796615	0.11785473	-0.14006077	0.15259054	-0.1185582	0.16466957	-0.060775403	0.05971055
-0.08861388	0.10107373	-0.22697638	0.21356037	-0.16473679	0.1263843	-0.21114321	0.9999998	-0.73441607	0.1550671	-0.1106956	0.17897043	-0.4908846	0.22716309	-0.21082127	0.12282556	-0.13417535	0.14745237	-0.109677695	0.121996894	-0.10499469	0.08146638	-0.12629555	0.050679836	-0.05023853
0.09994599	-0.11577885	0.22407076	-0.31469783	0.19361125	-0.14348432	0.1784485	-0.73441607	0.9999999	-0.22721173	0.11946261	-0.17590275	0.29243508	-0.27198285	0.21906893	-0.14111644	0.14320275	-0.1634496	0.12244453	-0.14532879	0.12005278	-0.09392327	0.14158379	-0.05970758	0.058516268
-0.05743235	0.0652381	-0.11168585	0.1330032	-0.8297865	0.08456922	-0.10134751	0.1550671	-0.22721173	0.9999998	-0.07210643	0.096353285	-0.17313194	0.20747298	-0.39310572	0.087526456	-0.092165574	0.10412849	-0.09118623	0.10784524	-0.07894458	0.0614056	-0.09490963	0.04242529	-0.041925617
0.18495516	-0.1963573	0.12530726	-0.126266	0.09009265	-0.68785644	0.24764235	-0.1106956	0.11946261	-0.07210643	0.99999964	-0.32067147	0.15384097	-0.10911296	0.11659408	-0.49421847	0.23558185	-0.17022038	0.100497745	-0.11551647	0.18577464	-0.13131143	0.17135282	-0.053699207	0.0534733
-0.13028337	0.13888562	-0.13430363	0.13833444	-0.11462864	0.2466249	-0.776562	0.17897043	-0.17590275	0.096353285	-0.32067147	0.99999946	-0.3112932	0.16255632	-0.16037951	0.2197738	-0.27524504	0.1849325	-0.11622013	0.12968105	-0.15141842	0.113724	-0.16408509	0.056927554	-0.056608386
0.10644846	-0.12229755	0.18044397	-0.2106029	0.17442812	-0.17412926	0.23392692	-0.4908846	0.29243508	-0.17313194	0.15384097	-0.3112932	0.9999995	-0.51754695	0.2764901	-0.18140736	0.1979397	-0.2713632	0.17366111	-0.19575952	0.1474734	-0.11885658	0.18085316	-0.076399155	0.07436889
-0.07811218	0.08781539	-0.13897754	0.15404387	-0.22392377	0.1213506	-0.16502774	0.22716309	-0.27198285	0.20747298	-0.10911296	0.16255632	-0.51754695	0.9999994	-0.6694399	0.13003255	-0.15132019	0.18046436	-0.22041723	0.19380775	-0.11605069	0.09156909	-0.14648005	0.07054284	-0.07002016
0.08885725	-0.102128185	0.15357718	-0.18642716	0.26026708	-0.13801973	0.15546301	-0.21082127	0.21906893	-0.39310572	0.11659408	-0.16037951	0.2764901	-0.6694399	0.99999946	-0.14637657	0.15351534	-0.18653797	0.17855214	-0.2251589	0.12818488	-0.10187977	0.15560995	-0.07694731	0.07481673
-0.14207217	0.14018686	-0.13373241	0.13009354	-0.112191856	0.2742387	-0.2308558	0.12282556	-0.14111644	0.087526456	-0.49421847	0.2197738	-0.18140736	0.13003255	-0.14637657	0.99999946	-0.5503848	0.25629455	-0.14727691	0.15861493	-0.39714697	0.2201667	-0.28921667	0.07757465	-0.07819924
0.12032567	-0.13503501	0.1289296	-0.13577975	0.11270885	-0.2501339	0.2160881	-0.13417535	0.14320275	-0.092165574	0.23558185	-0.27524504	0.1979397	-0.15132019	0.15351534	-0.5503848	1.0	-0.5712801	0.20413241	-0.23821545	0.23517199	-0.21783768	0.26319942	-0.09255754	0.088929646
-0.098412625	0.107181326	-0.12741481	0.13067982	-0.12876691	0.17247182	-0.18796615	0.14745237	-0.1634496	0.10412849	-0.17022038	0.1849325	-0.2713632	0.18046436	-0.18653797	0.25629455	-0.5712801	0.9999997	-0.4102863	0.27284837	-0.24480662	0.20882745	-0.446325	0.11570508	-0.11633974
0.064728186	-0.07183859	0.09164455	-0.0969112	0.10596716	-0.10950832	0.11785473	-0.109677695	0.12244453	-0.09118623	0.100497745	-0.11622013	0.17366111	-0.22041723	0.17855214	-0.14727691	0.20413241	-0.4102863	0.9999997	-0.799918	0.13626651	-0.116134495	0.19756615	-0.17890866	0.15678088
-0.07490717	0.081397876	-0.108291015	0.11029078	-0.13290864	0.121642925	-0.14006077	0.121996894	-0.14532879	0.10784524	-0.11551647	0.12968105	-0.19575952	0.19380775	-0.2251589	0.15861493	-0.23821545	0.27284837	-0.799918	0.99999994	-0.1717519	0.13407208	-0.24700734	0.17142087	-0.20651835
0.10657405	-0.122013	0.118939474	-0.12573972	0.100252345	-0.21349561	0.15259054	-0.10499469	0.12005278	-0.07894458	0.18577464	-0.15141842	0.1474734	-0.11605069	0.12818488	-0.39714697	0.23517199	-0.24480662	0.13626651	-0.1717519	0.9999999	-0.7067186	0.30948	-0.08530531	0.08026119
-0.07456073	0.08295743	-0.08770353	0.090595715	-0.0783306	0.13882591	-0.1185582	0.08146638	-0.09392327	0.0614056	-0.13131143	0.113724	-0.11885658	0.09156909	-0.10187977	0.2201667	-0.21783768	0.20882745	-0.116134495	0.13407208	-0.7067186	0.9999999	-0.5810808	0.08018057	-0.0783568
0.11011714	-0.12710233	0.1340748	-0.14339973	0.11844041	-0.20715977	0.16466957	-0.12629555	0.14158379	-0.09490963	0.17135282	-0.16408509	0.18085316	-0.14648005	0.15560995	-0.28921667	0.26319942	-0.446325	0.19756615	-0.24700734	0.30948	-0.5810808	0.9999999	-0.15142734	0.12963103
-0.03582302	0.039827254	-0.049267333	0.050888002	-0.053171445	0.060163975	-0.060775403	0.050679836	-0.05970758	0.04242529	-0.053699207	0.056927554	-0.076399155	0.07054284	-0.07694731	0.07757465	-0.09255754	0.11570508	-0.17890866	0.17142087	-0.08530531	0.08018057	-0.15142734	0.99999994	-0.9489759
0.03606795	-0.04049655	0.049317393	-0.051571388	0.051940147	-0.06119384	0.05971055	-0.05023853	0.058516268	-0.041925617	0.0534733	-0.056608386	0.07436889	-0.07002016	0.07481673	-0.07819924	0.088929646	-0.11633974	0.15678088	-0.20651835	0.08026119	-0.0783568	0.12963103	-0.9489759	0.99999994
