0.99999994	-0.7020474	0.30110538	-0.2702562	0.15841767	-0.2803223	0.24467675	-0.20533524	0.19072653	-0.14455421	0.1683383	-0.17430721	0.20310572	-0.16911633	0.14635514	-0.26358998	0.15926209	-0.18743165	0.12816992	-0.10302013	0.08101809	-0.070387065	0.20069033	-0.12973204	0.093495816
-0.7020474	1.0	-0.55092174	0.23219103	-0.14262742	0.17122224	-0.27875012	0.1973505	-0.17922498	0.12187599	-0.11450146	0.12461154	-0.16923013	0.12682922	-0.11040624	0.16901758	-0.112940066	0.13533753	-0.09526557	0.074146084	-0.05489519	0.04770392	-0.1366597	0.09279264	-0.068277106
0.30110538	-0.55092174	1.0	-0.5308409	0.19871412	-0.21330631	0.26591858	-0.3220653	0.25854054	-0.18367912	0.14166869	-0.16250551	0.21739456	-0.18022355	0.14819677	-0.22614904	0.14677665	-0.18359685	0.12940377	-0.101420216	0.07182499	-0.06267961	0.17828563	-0.12723176	0.092326686
-0.2702562	0.23219103	-0.5308409	0.99999976	-0.38844818	0.1700114	-0.27198803	0.25371802	-0.55565315	0.26707968	-0.12153564	0.14101201	-0.22004649	0.19358689	-0.1694203	0.18266562	-0.13217029	0.16514586	-0.13670498	0.102358036	-0.06348474	0.055203706	-0.16058798	0.12422223	-0.09642773
0.15841767	-0.14262742	0.19871412	-0.38844818	0.9999998	-0.15303099	0.1845972	-0.18580092	0.29600874	-0.7903928	0.1058711	-0.12236954	0.1670458	-0.17700474	0.14915286	-0.17236681	0.11490613	-0.14799644	0.11768554	-0.09775752	0.057034258	-0.049787804	0.14299947	-0.11686094	0.08610576
-0.2803223	0.17122224	-0.21330631	0.1700114	-0.15303099	0.99999976	-0.31471726	0.20136487	-0.18133965	0.12503529	-0.69120514	0.28257933	-0.2950152	0.16766676	-0.16634235	0.29839474	-0.2701242	0.22222875	-0.14588849	0.10657247	-0.11664341	0.098123506	-0.2883019	0.13476746	-0.10377654
0.24467675	-0.27875012	0.26591858	-0.27198803	0.1845972	-0.31471726	0.99999964	-0.63045543	0.2598131	-0.18792686	0.20294568	-0.2616201	0.3046766	-0.21803465	0.17660706	-0.3025081	0.20763364	-0.25793162	0.16320005	-0.12537672	0.09312184	-0.08182021	0.22660531	-0.16132091	0.113946036
-0.20533524	0.1973505	-0.3220653	0.25371802	-0.18580092	0.20136487	-0.63045543	0.9999997	-0.3977852	0.18069194	-0.14931849	0.19404984	-0.47660008	0.19000152	-0.1529711	0.210046	-0.16602583	0.21075183	-0.14107417	0.10098261	-0.070656955	0.061960958	-0.17551748	0.12885736	-0.09423812
0.19072653	-0.17922498	0.25854054	-0.55565315	0.29600874	-0.18133965	0.2598131	-0.3977852	0.9999997	-0.46618325	0.1277996	-0.15489545	0.23216318	-0.30339414	0.18877223	-0.19981004	0.14229462	-0.18982165	0.162315	-0.1182362	0.06708663	-0.0587576	0.16843781	-0.14641336	0.10866526
-0.14455421	0.12187599	-0.18367912	0.26707968	-0.7903928	0.12503529	-0.18792686	0.18069194	-0.46618325	0.9999997	-0.08979672	0.10541806	-0.16199614	0.16418375	-0.15630066	0.13869183	-0.09981297	0.12777667	-0.110845454	0.08946524	-0.048220057	0.042032804	-0.1225531	0.10367394	-0.08063581
0.1683383	-0.11450146	0.14166869	-0.12153564	0.1058711	-0.69120514	0.20294568	-0.14931849	0.1277996	-0.08979672	0.9999999	-0.4775123	0.22752124	-0.13225237	0.123638876	-0.41855493	0.2636754	-0.20071669	0.117196344	-0.083449915	0.09530163	-0.08292312	0.20938492	-0.10904276	0.07997657
-0.17430721	0.12461154	-0.16250551	0.14101201	-0.12236954	0.28257933	-0.2616201	0.19404984	-0.15489545	0.10541806	-0.4775123	1.0000002	-0.40603748	0.1624716	-0.1480428	0.30312258	-0.6173191	0.2697421	-0.15199901	0.09945403	-0.10968726	0.097027585	-0.2383241	0.13195077	-0.09674817
0.20310572	-0.16923013	0.21739456	-0.22004649	0.1670458	-0.2950152	0.3046766	-0.47660008	0.23216318	-0.16199614	0.22752124	-0.40603748	1.0000001	-0.28238967	0.202086	-0.3236694	0.2772862	-0.45546576	0.21473601	-0.14566989	0.104869835	-0.09420655	0.25673854	-0.19793183	0.13436452
-0.16911633	0.12682922	-0.18022355	0.19358689	-0.17700474	0.16766676	-0.21803465	0.19000152	-0.30339414	0.16418375	-0.13225237	0.1624716	-0.28238967	0.9999998	-0.5589556	0.19812165	-0.17701279	0.25392568	-0.52820545	0.23681341	-0.08069457	0.07041073	-0.21650428	0.2820157	-0.24591477
0.14635514	-0.11040624	0.14819677	-0.1694203	0.14915286	-0.16634235	0.17660706	-0.1529711	0.18877223	-0.15630066	0.123638876	-0.1480428	0.202086	-0.5589556	0.9999998	-0.20263219	0.15287317	-0.2278988	0.27467448	-0.5399126	0.074725874	-0.065559916	0.19543286	-0.36556187	0.28315702
-0.26358998	0.16901758	-0.22614904	0.18266562	-0.17236681	0.29839474	-0.3025081	0.210046	-0.19981004	0.13869183	-0.41855493	0.30312258	-0.3236694	0.19812165	-0.20263219	0.99999946	-0.47052962	0.28587723	-0.18290234	0.12963346	-0.21480945	0.16589756	-0.42631668	0.16543466	-0.12791656
0.15926209	-0.112940066	0.14677665	-0.13217029	0.11490613	-0.2701242	0.20763364	-0.16602583	0.14229462	-0.09981297	0.2636754	-0.6173191	0.2772862	-0.17701279	0.15287317	-0.47052962	0.9999994	-0.4646489	0.1767362	-0.11006884	0.12948006	-0.1287006	0.25097787	-0.1558947	0.10529691
-0.18743165	0.13533753	-0.18359685	0.16514586	-0.14799644	0.22222875	-0.25793162	0.21075183	-0.18982165	0.12777667	-0.20071669	0.2697421	-0.45546576	0.25392568	-0.2278988	0.28587723	-0.4646489	0.9999995	-0.4177007	0.15717192	-0.13470143	0.12093855	-0.4105974	0.23141415	-0.16488789
0.12816992	-0.09526557	0.12940377	-0.13670498	0.11768554	-0.14588849	0.16320005	-0.14107417	0.162315	-0.110845454	0.117196344	-0.15199901	0.21473601	-0.52820545	0.27467448	-0.18290234	0.1767362	-0.4177007	0.9999991	-0.23832387	0.07369837	-0.06588969	0.19978285	-0.5880589	0.23582835
-0.10302013	0.074146084	-0.101420216	0.102358036	-0.09775752	0.10657247	-0.12537672	0.10098261	-0.1182362	0.08946524	-0.083449915	0.09945403	-0.14566989	0.23681341	-0.5399126	0.12963346	-0.11006884	0.15717192	-0.23832387	0.9999994	-0.055179298	0.047891397	-0.15032333	0.28198177	-0.7080249
0.08101809	-0.05489519	0.07182499	-0.06348474	0.057034258	-0.11664341	0.09312184	-0.070656955	0.06708663	-0.048220057	0.09530163	-0.10968726	0.104869835	-0.08069457	0.074725874	-0.21480945	0.12948006	-0.13470143	0.07369837	-0.055179298	0.9999992	-0.91556543	0.22901195	-0.074564554	0.0510821
-0.070387065	0.04770392	-0.06267961	0.055203706	-0.049787804	0.098123506	-0.08182021	0.061960958	-0.0587576	0.042032804	-0.08292312	0.097027585	-0.09420655	0.07041073	-0.065559916	0.16589756	-0.1287006	0.12093855	-0.06588969	0.047891397	-0.91556543	0.99999917	-0.30560258	0.06514473	-0.04491413
0.20069033	-0.1366597	0.17828563	-0.16058798	0.14299947	-0.2883019	0.22660531	-0.17551748	0.16843781	-0.1225531	0.20938492	-0.2383241	0.25673854	-0.21650428	0.19543286	-0.42631668	0.25097787	-0.4105974	0.19978285	-0.15032333	0.22901195	-0.30560258	0.999999	-0.21121304	0.13743709
-0.12973204	0.09279264	-0.12723176	0.12422223	-0.11686094	0.13476746	-0.16132091	0.12885736	-0.14641336	0.10367394	-0.10904276	0.13195077	-0.19793183	0.2820157	-0.36556187	0.16543466	-0.1558947	0.23141415	-0.5880589	0.28198177	-0.074564554	0.06514473	-0.21121304	0.99999905	-0.5410111
0.093495816	-0.068277106	0.092326686	-0.09642773	0.08610576	-0.10377654	0.113946036	-0.09423812	0.10866526	-0.08063581	0.07997657	-0.09674817	0.13436452	-0.24591477	0.28315702	-0.12791656	0.10529691	-0.16488789	0.23582835	-0.7080249	0.0510821	-0.04491413	0.13743709	-0.5410111	0.99999905
