1.0000001	-0.57800305	0.259348	-0.16325513	0.11219001	-0.6197089	0.23935317	-0.25215608	0.1399583	-0.11060654	0.2426176	-0.20349781	0.17870012	-0.1566737	0.120262325	-0.1970602	0.17341217	-0.12328681	0.10179402	-0.13652243	0.14091492	-0.12561338	0.08844901	-0.097807154	0.11729094
-0.57800305	0.9999998	-0.5978423	0.17101471	-0.12579933	0.2691887	-0.30495185	0.27574387	-0.15769891	0.115015686	-0.21674636	0.19839075	-0.2001917	0.15496758	-0.12504289	0.15550071	-0.1778935	0.116113804	-0.09984641	0.12846453	-0.13915068	0.116091006	-0.08455331	0.09056207	-0.11346504
0.259348	-0.5978423	0.99999964	-0.2768061	0.15963513	-0.23840664	0.2610711	-0.57607573	0.21136142	-0.15339425	0.17391147	-0.2122506	0.21076304	-0.19231468	0.14579773	-0.1483219	0.16386974	-0.12743421	0.10886575	-0.15105352	0.12744278	-0.114268295	0.08762704	-0.09637037	0.121261746
-0.16325513	0.17101471	-0.2768061	0.99999946	-0.58291894	0.14214972	-0.18845871	0.23894115	-0.57223487	0.31196535	-0.15143609	0.16610734	-0.2483922	0.25934348	-0.25180182	0.12178688	-0.15999049	0.14151128	-0.13602886	0.19164915	-0.12783664	0.107836425	-0.09643476	0.103262335	-0.1480381
0.11219001	-0.12579933	0.15963513	-0.58291894	0.9999996	-0.107431084	0.13466217	-0.18210019	0.30691385	-0.66353315	0.11012027	-0.13157304	0.1850655	-0.24922076	0.24495956	-0.09462225	0.12176131	-0.13407557	0.12394505	-0.21577492	0.09764364	-0.08662818	0.08321825	-0.09304206	0.12671152
-0.6197089	0.2691887	-0.23840664	0.14214972	-0.107431084	0.99999946	-0.3427761	0.21608971	-0.13270625	0.10264694	-0.5051921	0.21918012	-0.19404721	0.14987217	-0.119120486	0.23738082	-0.22146639	0.12599172	-0.105549656	0.13131136	-0.18135081	0.14522478	-0.096357495	0.1026617	-0.11938968
0.23935317	-0.30495185	0.2610711	-0.18845871	0.13466217	-0.3427761	0.9999993	-0.48996282	0.18476021	-0.13710769	0.21591662	-0.6008946	0.26640785	-0.20749207	0.14840166	-0.19346887	0.23499943	-0.15185636	0.12420357	-0.16135095	0.15964578	-0.15373226	0.105790325	-0.115692414	0.13298395
-0.25215608	0.27574387	-0.57607573	0.23894115	-0.18210019	0.21608971	-0.48996282	0.9999995	-0.34040767	0.17646344	-0.19610643	0.2596656	-0.31830278	0.22543047	-0.17562033	0.15634392	-0.20285447	0.14484608	-0.12661783	0.16535796	-0.14931783	0.12917039	-0.100255474	0.10725283	-0.13739146
0.1399583	-0.15769891	0.21136142	-0.57223487	0.30691385	-0.13270625	0.18476021	-0.34040767	0.9999994	-0.47893167	0.1324835	-0.17070372	0.24292809	-0.43323144	0.25577015	-0.11240109	0.14571923	-0.14555226	0.13716401	-0.2076044	0.11411267	-0.100774504	0.09229591	-0.10130882	0.13618766
-0.11060654	0.115015686	-0.15339425	0.31196535	-0.66353315	0.10264694	-0.13710769	0.17646344	-0.47893167	0.9999992	-0.11036928	0.12881368	-0.19775309	0.25346997	-0.41351628	0.09239768	-0.12289786	0.12938699	-0.1295528	0.21283856	-0.098032534	0.08505139	-0.08258362	0.090042196	-0.1288323
0.2426176	-0.21674636	0.17391147	-0.15143609	0.11012027	-0.5051921	0.21591662	-0.19610643	0.1324835	-0.11036928	0.9999993	-0.24184771	0.19212897	-0.17091979	0.13148049	-0.63124704	0.2614052	-0.15969838	0.12639691	-0.16245866	0.23336458	-0.20984015	0.122935764	-0.13763253	0.14426863
-0.20349781	0.19839075	-0.2122506	0.16610734	-0.13157304	0.21918012	-0.6008946	0.2596656	-0.17070372	0.12881368	-0.24184771	0.99999946	-0.4623469	0.21888775	-0.16065842	0.21097773	-0.43025264	0.17744267	-0.145822	0.17070423	-0.2030984	0.18917222	-0.1261646	0.13073492	-0.14597529
0.17870012	-0.2001917	0.21076304	-0.2483922	0.1850655	-0.19404721	0.26640785	-0.31830278	0.24292809	-0.19775309	0.19212897	-0.4623469	0.99999976	-0.5358897	0.25238916	-0.18213701	0.24302366	-0.29749218	0.2157383	-0.289491	0.1759983	-0.17146057	0.1535644	-0.17174739	0.19746387
-0.1566737	0.15496758	-0.19231468	0.25934348	-0.24922076	0.14987217	-0.20749207	0.22543047	-0.43323144	0.25346997	-0.17091979	0.21888775	-0.5358897	0.9999997	-0.48956183	0.14338501	-0.20092282	0.21019906	-0.23262446	0.27411175	-0.15569043	0.13458547	-0.13253833	0.14072074	-0.19401279
0.120262325	-0.12504289	0.14579773	-0.25180182	0.24495956	-0.119120486	0.14840166	-0.17562033	0.25577015	-0.41351628	0.13148049	-0.16065842	0.25238916	-0.48956183	0.99999964	-0.11632872	0.15671818	-0.22319083	0.22213246	-0.59093374	0.1257528	-0.11370191	0.12422038	-0.14126398	0.1892695
-0.1970602	0.15550071	-0.1483219	0.12178688	-0.09462225	0.23738082	-0.19346887	0.15634392	-0.11240109	0.09239768	-0.63124704	0.21097773	-0.18213701	0.14338501	-0.11632872	0.99999934	-0.4605452	0.15427886	-0.12489033	0.13853225	-0.44087872	0.26323688	-0.13485996	0.13810757	-0.12985313
0.17341217	-0.1778935	0.16386974	-0.15999049	0.12176131	-0.22146639	0.23499943	-0.20285447	0.14571923	-0.12289786	0.2614052	-0.43025264	0.24302366	-0.20092282	0.15671818	-0.4605452	0.9999992	-0.27508053	0.18377817	-0.19980374	0.30559272	-0.487627	0.18955112	-0.20118253	0.16767219
-0.12328681	0.116113804	-0.12743421	0.14151128	-0.13407557	0.12599172	-0.15185636	0.14484608	-0.14555226	0.12938699	-0.15969838	0.17744267	-0.29749218	0.21019906	-0.22319083	0.15427886	-0.27508053	0.9999988	-0.7237545	0.27097723	-0.18544416	0.17820357	-0.32983616	0.25313205	-0.20547317
0.10179402	-0.09984641	0.10886575	-0.13602886	0.12394505	-0.105549656	0.12420357	-0.12661783	0.13716401	-0.1295528	0.12639691	-0.145822	0.2157383	-0.23262446	0.22213246	-0.12489033	0.18377817	-0.7237545	0.9999991	-0.46289092	0.1441404	-0.14403167	0.22554398	-0.2928881	0.18269844
-0.13652243	0.12846453	-0.15105352	0.19164915	-0.21577492	0.13131136	-0.16135095	0.16535796	-0.2076044	0.21283856	-0.16245866	0.17070423	-0.289491	0.27411175	-0.59093374	0.13853225	-0.19980374	0.27097723	-0.46289092	0.9999989	-0.16265473	0.14016408	-0.17105235	0.18034244	-0.3210409
0.14091492	-0.13915068	0.12744278	-0.12783664	0.09764364	-0.18135081	0.15964578	-0.14931783	0.11411267	-0.098032534	0.23336458	-0.2030984	0.1759983	-0.15569043	0.1257528	-0.44087872	0.30559272	-0.18544416	0.1441404	-0.16265473	0.9999987	-0.7126044	0.20417954	-0.22816135	0.15410157
-0.12561338	0.116091006	-0.114268295	0.107836425	-0.08662818	0.14522478	-0.15373226	0.12917039	-0.100774504	0.08505139	-0.20984015	0.18917222	-0.17146057	0.13458547	-0.11370191	0.26323688	-0.487627	0.17820357	-0.14403167	0.14016408	-0.7126044	0.9999985	-0.2990916	0.21594664	-0.1407514
0.08844901	-0.08455331	0.08762704	-0.09643476	0.08321825	-0.096357495	0.105790325	-0.100255474	0.09229591	-0.08258362	0.122935764	-0.1261646	0.1535644	-0.13253833	0.12422038	-0.13485996	0.18955112	-0.32983616	0.22554398	-0.17105235	0.20417954	-0.2990916	0.9999988	-0.8215659	0.17500874
-0.097807154	0.09056207	-0.09637037	0.103262335	-0.09304206	0.1026617	-0.115692414	0.10725283	-0.10130882	0.090042196	-0.13763253	0.13073492	-0.17174739	0.14072074	-0.14126398	0.13810757	-0.20118253	0.25313205	-0.2928881	0.18034244	-0.22816135	0.21594664	-0.8215659	0.9999988	-0.23843972
0.11729094	-0.11346504	0.121261746	-0.1480381	0.12671152	-0.11938968	0.13298395	-0.13739146	0.13618766	-0.1288323	0.14426863	-0.14597529	0.19746387	-0.19401279	0.1892695	-0.12985313	0.16767219	-0.20547317	0.18269844	-0.3210409	0.15410157	-0.1407514	0.17500874	-0.23843972	0.9999988
