1.0000001	-0.3194744	0.19657914	-0.14044176	0.1457731	-0.8120451	0.27357036	-0.2740419	0.14474125	-0.13918038	0.22119033	-0.21201333	0.15381356	-0.11942593	0.107702866	-0.1255865	0.119267546	-0.11040056	0.100466095	-0.10279113	0.06366869	-0.06675341	0.107742146	-0.11413099	0.12756743
-0.3194744	1.0	-0.7049384	0.23082921	-0.25323102	0.22299966	-0.39854988	0.29833326	-0.20769693	0.1714943	-0.2478002	0.21024443	-0.18653397	0.14203458	-0.13353209	0.12379589	-0.13384852	0.12493713	-0.11905328	0.11938799	-0.06864541	0.070144586	-0.1270927	0.12729865	-0.15335013
0.19657914	-0.7049384	1.0000001	-0.38202795	0.24733734	-0.17621747	0.25407517	-0.43069732	0.22498104	-0.19159214	0.19146995	-0.18061404	0.17456117	-0.14758022	0.13506505	-0.111981444	0.11612234	-0.121598184	0.11743919	-0.12105729	0.061041083	-0.06350821	0.12094143	-0.12726147	0.1482516
-0.14044176	0.23082921	-0.38202795	1.0000001	-0.6845525	0.117276214	-0.17254688	0.2437296	-0.4748338	0.26671436	-0.16568097	0.14047788	-0.17779662	0.18183888	-0.17557368	0.10113619	-0.10813049	0.12654759	-0.13636278	0.14110006	-0.057250664	0.059256557	-0.1311521	0.13758716	-0.17193599
0.1457731	-0.25323102	0.24733734	-0.6845525	0.9999999	-0.12914017	0.17804068	-0.26764867	0.30616614	-0.40480474	0.18057692	-0.15915333	0.19626985	-0.21105206	0.20554945	-0.122085124	0.12548973	-0.15012908	0.15838319	-0.1776711	0.06769116	-0.07080697	0.15365873	-0.17224051	0.2051702
-0.8120451	0.22299966	-0.17621747	0.117276214	-0.12914017	0.9999994	-0.399395	0.22393867	-0.12776598	0.11679313	-0.27968735	0.21174414	-0.1451792	0.10439732	-0.094407044	0.11542945	-0.115475565	0.09895081	-0.088956654	0.08878275	-0.059824146	0.061681595	-0.09707787	0.098973624	-0.1117847
0.27357036	-0.39854988	0.25407517	-0.17254688	0.17804068	-0.399395	0.99999917	-0.51724046	0.19252497	-0.17235023	0.2909453	-0.49069303	0.21760827	-0.15494984	0.13515678	-0.15606545	0.16057894	-0.14598563	0.12751079	-0.12652466	0.08092617	-0.08598923	0.13615757	-0.14136235	0.15363796
-0.2740419	0.29833326	-0.43069732	0.2437296	-0.26764867	0.22393867	-0.51724046	0.9999993	-0.37749484	0.23553257	-0.30857313	0.26541167	-0.31564933	0.2078468	-0.19096464	0.15748174	-0.1748385	0.18130536	-0.17092721	0.16536854	-0.089144394	0.09123191	-0.18061206	0.17578427	-0.21026634
0.14474125	-0.20769693	0.22498104	-0.4748338	0.30616614	-0.12776598	0.19252497	-0.37749484	0.9999996	-0.5596769	0.18515922	-0.16849661	0.23049851	-0.35931766	0.26336402	-0.122197084	0.1289448	-0.1736887	0.19563413	-0.20654312	0.06842146	-0.07203792	0.1691327	-0.19196965	0.21613503
-0.13918038	0.1714943	-0.19159214	0.26671436	-0.40480474	0.11679313	-0.17235023	0.23553257	-0.5596769	0.9999996	-0.19016626	0.15888236	-0.24733792	0.28382248	-0.5060149	0.12238029	-0.13446096	0.17866458	-0.2158569	0.24297175	-0.07088507	0.07364115	-0.18940328	0.19629161	-0.29053158
0.22119033	-0.2478002	0.19146995	-0.16568097	0.18057692	-0.27968735	0.2909453	-0.30857313	0.18515922	-0.19016626	0.99999946	-0.6432617	0.25218478	-0.18490086	0.15757842	-0.33760804	0.24666968	-0.18999925	0.15788633	-0.15763804	0.13990176	-0.14695957	0.17285895	-0.18628843	0.18863973
-0.21201333	0.21024443	-0.18061404	0.14047788	-0.15915333	0.21174414	-0.49069303	0.26541167	-0.16849661	0.15888236	-0.6432617	0.99999946	-0.3470776	0.16942525	-0.14286067	0.21657158	-0.27474928	0.18215506	-0.14630936	0.13585426	-0.115943186	0.12182546	-0.16345084	0.15905134	-0.16367696
0.15381356	-0.18653397	0.17456117	-0.17779662	0.19626985	-0.1451792	0.21760827	-0.31564933	0.23049851	-0.24733792	0.25218478	-0.3470776	0.9999995	-0.42656523	0.24310839	-0.19141331	0.1994965	-0.5265236	0.2817726	-0.24841051	0.102249846	-0.11390562	0.27788505	-0.30731258	0.2432018
-0.11942593	0.14203458	-0.14758022	0.18183888	-0.21105206	0.10439732	-0.15494984	0.2078468	-0.35931766	0.28382248	-0.18490086	0.16942525	-0.42656523	0.9999993	-0.5420776	0.12875716	-0.14431895	0.25663894	-0.46463075	0.28565863	-0.0742849	0.079295255	-0.24208836	0.25418428	-0.27390447
0.107702866	-0.13353209	0.13506505	-0.17557368	0.20554945	-0.094407044	0.13515678	-0.19096464	0.26336402	-0.5060149	0.15757842	-0.14286067	0.24310839	-0.5420776	0.99999917	-0.11557574	0.12323802	-0.20547928	0.27084947	-0.48688534	0.06530444	-0.06978894	0.191933	-0.23576374	0.27631155
-0.1255865	0.12379589	-0.111981444	0.10113619	-0.122085124	0.11542945	-0.15606545	0.15748174	-0.122197084	0.12238029	-0.33760804	0.21657158	-0.19141331	0.12875716	-0.11557574	0.9999992	-0.67786443	0.16839698	-0.12991285	0.11606385	-0.48177895	0.30029356	-0.16812171	0.14458981	-0.14808346
0.119267546	-0.13384852	0.11612234	-0.10813049	0.12548973	-0.115475565	0.16057894	-0.1748385	0.1289448	-0.13446096	0.24666968	-0.27474928	0.1994965	-0.14431895	0.12323802	-0.67786443	0.9999993	-0.23066063	0.14426701	-0.12951754	0.29431894	-0.46838963	0.17762697	-0.16845451	0.1519846
-0.11040056	0.12493713	-0.121598184	0.12654759	-0.15012908	0.09895081	-0.14598563	0.18130536	-0.1736887	0.17866458	-0.18999925	0.18215506	-0.5265236	0.25663894	-0.20547928	0.16839698	-0.23066063	0.9999994	-0.44611368	0.22239397	-0.099060565	0.112682655	-0.56381416	0.3102776	-0.23469318
0.100466095	-0.11905328	0.11743919	-0.13636278	0.15838319	-0.088956654	0.12751079	-0.17092721	0.19563413	-0.2158569	0.15788633	-0.14630936	0.2817726	-0.46463075	0.27084947	-0.12991285	0.14426701	-0.44611368	0.9999991	-0.46138418	0.07437896	-0.08239585	0.29218778	-0.48806563	0.276564
-0.10279113	0.11938799	-0.12105729	0.14110006	-0.1776711	0.08878275	-0.12652466	0.16536854	-0.20654312	0.24297175	-0.15763804	0.13585426	-0.24841051	0.28565863	-0.48688534	0.11606385	-0.12951754	0.22239397	-0.46138418	0.99999917	-0.06765479	0.07194904	-0.2280292	0.2583571	-0.5971134
0.06366869	-0.06864541	0.061041083	-0.057250664	0.06769116	-0.059824146	0.08092617	-0.089144394	0.06842146	-0.07088507	0.13990176	-0.115943186	0.102249846	-0.0742849	0.06530444	-0.48177895	0.29431894	-0.099060565	0.07437896	-0.06765479	0.9999995	-0.80628735	0.10311254	-0.09231583	0.08277405
-0.06675341	0.070144586	-0.06350821	0.059256557	-0.07080697	0.061681595	-0.08598923	0.09123191	-0.07203792	0.07364115	-0.14695957	0.12182546	-0.11390562	0.079295255	-0.06978894	0.30029356	-0.46838963	0.112682655	-0.08239585	0.07194904	-0.80628735	0.9999995	-0.124704525	0.09911645	-0.08842631
0.107742146	-0.1270927	0.12094143	-0.1311521	0.15365873	-0.09707787	0.13615757	-0.18061206	0.1691327	-0.18940328	0.17285895	-0.16345084	0.27788505	-0.24208836	0.191933	-0.16812171	0.17762697	-0.56381416	0.29218778	-0.2280292	0.10311254	-0.124704525	0.99999934	-0.6372363	0.23604026
-0.11413099	0.12729865	-0.12726147	0.13758716	-0.17224051	0.098973624	-0.14136235	0.17578427	-0.19196965	0.19629161	-0.18628843	0.15905134	-0.30731258	0.25418428	-0.23576374	0.14458981	-0.16845451	0.3102776	-0.48806563	0.2583571	-0.09231583	0.09911645	-0.6372363	0.9999994	-0.35219508
0.12756743	-0.15335013	0.1482516	-0.17193599	0.2051702	-0.1117847	0.15363796	-0.21026634	0.21613503	-0.29053158	0.18863973	-0.16367696	0.2432018	-0.27390447	0.27631155	-0.14808346	0.1519846	-0.23469318	0.276564	-0.5971134	0.08277405	-0.08842631	0.23604026	-0.35219508	0.9999994
