1.0	-0.5202014	0.05464799	-0.0600743	0.0030308834	-0.7023225	0.31406668	-0.07461764	0.061841104	-0.08203629	0.23622705	-0.21495292	0.08516288	-0.06478626	0.06253046	-0.2207989	0.12709107	-0.07945946	0.053605467	-0.059685048	0.06602921	-0.06768883	0.058757685	-0.046684824	0.073364004
-0.5202014	0.9999999	-0.06939359	0.065575115	-0.0023661067	0.28781548	-0.7841225	0.07302703	-0.05956926	0.060626358	-0.15021676	0.12074585	-0.061449107	0.047172148	-0.04755455	0.12145089	-0.07730702	0.053797916	-0.038521033	0.042430323	-0.039368413	0.039643332	-0.042515203	0.033285853	-0.055354834
0.05464799	-0.06939359	0.99999994	-0.8782258	0.007330848	-0.04656426	0.06865953	-0.3760677	0.23052889	-0.14056063	0.05493628	-0.06283462	0.117830314	-0.10056441	0.10750538	-0.05487549	0.054366507	-0.08599145	0.074405335	-0.08017035	0.026383733	-0.025968904	0.07867731	-0.06031443	0.11357163
-0.0600743	0.065575115	-0.8782258	0.99999994	-0.009074766	0.05035719	-0.07219489	0.2644828	-0.30615175	0.15713435	-0.06510329	0.07283682	-0.14164215	0.118264414	-0.13532418	0.063829586	-0.06510443	0.10075824	-0.091105275	0.09679869	-0.031776994	0.031026818	-0.10122233	0.07623204	-0.14925723
0.0030308834	-0.0023661067	0.007330848	-0.009074766	0.9999998	-0.0027304396	0.0029673392	-0.008965742	0.008506494	-0.015203477	0.004567626	-0.0053230785	0.008297182	-0.00773816	0.009755392	-0.0049090576	0.004862929	-0.0073875682	0.0064329198	-0.0079604965	0.0024746351	-0.0024223414	0.008442958	-0.006561133	0.013626604
-0.7023225	0.28781548	-0.04656426	0.05035719	-0.0027304396	0.99999976	-0.45120457	0.068839595	-0.05811653	0.073374264	-0.40733388	0.19575639	-0.08089559	0.05949514	-0.058135916	0.19753169	-0.124780685	0.0734907	-0.04985936	0.05471437	-0.062644795	0.062073406	-0.05551847	0.043520633	-0.06960054
0.31406668	-0.7841225	0.06865953	-0.07219489	0.0029673392	-0.45120457	0.99999964	-0.094328865	0.07220251	-0.079486035	0.18562038	-0.17254333	0.079548225	-0.0614752	0.060697436	-0.17376915	0.10472848	-0.0713538	0.05003662	-0.055480007	0.053983968	-0.055112865	0.05464204	-0.04314297	0.070038386
-0.07461764	0.07302703	-0.3760677	0.2644828	-0.008965742	0.068839595	-0.094328865	0.9999997	-0.7253827	0.26248476	-0.099511124	0.117997624	-0.29711246	0.21253665	-0.22884758	0.09949181	-0.10652747	0.17852758	-0.15879731	0.16191909	-0.050650027	0.04954059	-0.16457944	0.124396674	-0.23674966
0.061841104	-0.05956926	0.23052889	-0.30615175	0.008506494	-0.05811653	0.07220251	-0.7253827	0.99999964	-0.43418306	0.08563816	-0.10622752	0.22094046	-0.27093762	0.22901517	-0.09009942	0.094701834	-0.16865383	0.15789248	-0.16788733	0.045053236	-0.04450207	0.14328668	-0.11301529	0.20359641
-0.08203629	0.060626358	-0.14056063	0.15713435	-0.015203477	0.073374264	-0.079486035	0.26248476	-0.43418306	0.99999976	-0.13017893	0.15032987	-0.30010045	0.28033596	-0.56315625	0.13195275	-0.14432569	0.2323566	-0.23113894	0.26634422	-0.07156365	0.069299206	-0.27627662	0.20590298	-0.43692356
0.23622705	-0.15021676	0.05493628	-0.06510329	0.004567626	-0.40733388	0.18562038	-0.099511124	0.08563816	-0.13017893	1.0	-0.56644964	0.15688597	-0.11200236	0.10324482	-0.5615235	0.28467134	-0.14948423	0.09462939	-0.10292101	0.14423154	-0.14589721	0.10329561	-0.08179963	0.123068325
-0.21495292	0.12074585	-0.06283462	0.07283682	-0.0053230785	0.19575639	-0.17254333	0.117997624	-0.10622752	0.15032987	-0.56644964	1.0000001	-0.2762488	0.1483442	-0.13697465	0.32291457	-0.5835963	0.20858315	-0.13144872	0.13180093	-0.18061754	0.16525969	-0.14366223	0.1085256	-0.16755265
0.08516288	-0.061449107	0.117830314	-0.14164215	0.008297182	-0.08089559	0.079548225	-0.29711246	0.22094046	-0.30010045	0.15688597	-0.2762488	1.0000001	-0.47725898	0.26137593	-0.17746645	0.20617665	-0.5976326	0.27953133	-0.27636644	0.08666136	-0.08856343	0.22591688	-0.19185106	0.2466042
-0.06478626	0.047172148	-0.10056441	0.118264414	-0.00773816	0.05949514	-0.0614752	0.21253665	-0.27093762	0.28033596	-0.11200236	0.1483442	-0.47725898	1.0000002	-0.5065609	0.119763754	-0.14219819	0.28798264	-0.52220714	0.30807745	-0.0634946	0.06268006	-0.21829392	0.17490326	-0.2797806
0.06253046	-0.04755455	0.10750538	-0.13532418	0.009755392	-0.058135916	0.060697436	-0.22884758	0.22901517	-0.56315625	0.10324482	-0.13697465	0.26137593	-0.5065609	1.0000002	-0.11741382	0.1256618	-0.2506813	0.2842103	-0.48540866	0.05911091	-0.059085798	0.19330253	-0.16746536	0.27000055
-0.2207989	0.12145089	-0.05487549	0.063829586	-0.0049090576	0.19753169	-0.17376915	0.09949181	-0.09009942	0.13195275	-0.5615235	0.32291457	-0.17746645	0.119763754	-0.11741382	1.0000001	-0.5702833	0.17593545	-0.11200114	0.11469636	-0.3015888	0.22289386	-0.13341042	0.09919565	-0.15643793
0.12709107	-0.07730702	0.054366507	-0.06510443	0.004862929	-0.124780685	0.10472848	-0.10652747	0.094701834	-0.14432569	0.28467134	-0.5835963	0.20617665	-0.14219819	0.1256618	-0.5702833	0.99999994	-0.28368968	0.13301654	-0.13426372	0.23102468	-0.31250447	0.14111976	-0.109959744	0.15200803
-0.07945946	0.053797916	-0.08599145	0.10075824	-0.0073875682	0.0734907	-0.0713538	0.17852758	-0.16865383	0.2323566	-0.14948423	0.20858315	-0.5976326	0.28798264	-0.2506813	0.17593545	-0.28368968	1.0	-0.43134794	0.26625797	-0.09726656	0.09815333	-0.38520682	0.2302907	-0.30539027
0.053605467	-0.038521033	0.074405335	-0.091105275	0.0064329198	-0.04985936	0.05003662	-0.15879731	0.15789248	-0.23113894	0.09462939	-0.13144872	0.27953133	-0.52220714	0.2842103	-0.11200114	0.13301654	-0.43134794	1.0	-0.6179589	0.057945058	-0.05892168	0.21574314	-0.21364881	0.2559742
-0.059685048	0.042430323	-0.08017035	0.09679869	-0.0079604965	0.05471437	-0.055480007	0.16191909	-0.16788733	0.26634422	-0.10292101	0.13180093	-0.27636644	0.30807745	-0.48540866	0.11469636	-0.13426372	0.26625797	-0.6179589	0.9999999	-0.06209377	0.061314438	-0.25209886	0.21008945	-0.42013013
0.06602921	-0.039368413	0.026383733	-0.031776994	0.0024746351	-0.062644795	0.053983968	-0.050650027	0.045053236	-0.07156365	0.14423154	-0.18061754	0.08666136	-0.0634946	0.05911091	-0.3015888	0.23102468	-0.09726656	0.057945058	-0.06209377	0.9999998	-0.90255666	0.07766425	-0.060242284	0.07579257
-0.06768883	0.039643332	-0.025968904	0.031026818	-0.0024223414	0.062073406	-0.055112865	0.04954059	-0.04450207	0.069299206	-0.14589721	0.16525969	-0.08856343	0.06268006	-0.059085798	0.22289386	-0.31250447	0.09815333	-0.05892168	0.061314438	-0.90255666	0.9999998	-0.08431018	0.061172824	-0.07795722
0.058757685	-0.042515203	0.07867731	-0.10122233	0.008442958	-0.05551847	0.05464204	-0.16457944	0.14328668	-0.27627662	0.10329561	-0.14366223	0.22591688	-0.21829392	0.19330253	-0.13341042	0.14111976	-0.38520682	0.21574314	-0.25209886	0.07766425	-0.08431018	0.99999994	-0.7429917	0.30779654
-0.046684824	0.033285853	-0.06031443	0.07623204	-0.006561133	0.043520633	-0.04314297	0.124396674	-0.11301529	0.20590298	-0.08179963	0.1085256	-0.19185106	0.17490326	-0.16746536	0.09919565	-0.109959744	0.2302907	-0.21364881	0.21008945	-0.060242284	0.061172824	-0.7429917	1.0	-0.5364714
0.073364004	-0.055354834	0.11357163	-0.14925723	0.013626604	-0.06960054	0.070038386	-0.23674966	0.20359641	-0.43692356	0.123068325	-0.16755265	0.2466042	-0.2797806	0.27000055	-0.15643793	0.15200803	-0.30539027	0.2559742	-0.42013013	0.07579257	-0.07795722	0.30779654	-0.5364714	1.0
