1.0000001	-0.82732236	0.21167995	-0.2570212	0.08982297	-0.25367278	0.2684514	-0.1788888	0.11840826	-0.088489756	0.1636806	-0.18218046	0.1292653	-0.13357565	0.025973868	-0.16716751	0.12480508	-0.1431235	0.1065099	-0.0261981	0.12833759	-0.09371401	0.10339537	-0.105088376	0.097554244
-0.82732236	1.0000002	-0.27464086	0.21357231	-0.07745459	0.1955818	-0.37285185	0.15640129	-0.10420829	0.07296471	-0.1426074	0.13882272	-0.11221902	0.10902827	-0.02140974	0.12768713	-0.10013285	0.11500501	-0.089348204	0.021462297	-0.10816421	0.07563643	-0.086481236	0.08426989	-0.078806095
0.21167995	-0.27464086	1.0000001	-0.88513184	0.0991522	-0.11045196	0.16565417	-0.2345323	0.14507625	-0.094255395	0.09745233	-0.11193789	0.13185132	-0.1355315	0.023680853	-0.09647606	0.08568032	-0.11952725	0.094859414	-0.023721421	0.100541964	-0.069519736	0.08469211	-0.082919784	0.07317677
-0.2570212	0.21357231	-0.88513184	0.9999997	-0.12042898	0.11648577	-0.18466824	0.1942754	-0.1693861	0.10315179	-0.10849241	0.11650569	-0.13906398	0.13914594	-0.026282014	0.10310298	-0.09286796	0.1218639	-0.105101846	0.026151162	-0.11541431	0.07661678	-0.09544954	0.08950104	-0.08308872
0.08982297	-0.07745459	0.0991522	-0.12042898	0.9999996	-0.09103801	0.12041251	-0.17752971	0.21388242	-0.9017239	0.091823444	-0.12142594	0.13015394	-0.22707383	0.09308108	-0.10451255	0.09361071	-0.14080968	0.12456204	-0.09867336	0.11582711	-0.08437228	0.1021298	-0.11572947	0.11492187
-0.25367278	0.1955818	-0.11045196	0.11648577	-0.09103801	0.99999964	-0.59043187	0.18571125	-0.123596355	0.083762355	-0.63499296	0.23580444	-0.15313783	0.13325407	-0.027297784	0.23770714	-0.18548137	0.15811473	-0.12525703	0.027248973	-0.18481055	0.11952328	-0.13471498	0.11838647	-0.10795681
0.2684514	-0.37285185	0.16565417	-0.18466824	0.12041251	-0.59043187	0.9999995	-0.35040432	0.1777431	-0.11916809	0.2846697	-0.2991492	0.20997833	-0.2015868	0.036308125	-0.27456605	0.19951028	-0.22600652	0.16095728	-0.036489543	0.1944079	-0.14341994	0.15642574	-0.15813383	0.13476674
-0.1788888	0.15640129	-0.2345323	0.1942754	-0.17752971	0.18571125	-0.35040432	0.9999993	-0.4674371	0.15958153	-0.19097301	0.22280148	-0.56061727	0.29546905	-0.04656783	0.18122384	-0.1856936	0.27847254	-0.23091969	0.04581817	-0.21648775	0.14556031	-0.19215588	0.17586432	-0.14508046
0.11840826	-0.10420829	0.14507625	-0.1693861	0.21388242	-0.123596355	0.1777431	-0.4674371	0.999999	-0.27729774	0.12463016	-0.16378538	0.25034508	-0.72072095	0.051987685	-0.13296442	0.12930025	-0.22127357	0.20111898	-0.05160129	0.15213974	-0.11122846	0.14134295	-0.16367465	0.11476314
-0.088489756	0.07296471	-0.094255395	0.10315179	-0.9017239	0.083762355	-0.11916809	0.15958153	-0.27729774	0.99999857	-0.0874926	0.10748006	-0.12381886	0.19568191	-0.10535863	0.09424007	-0.08670777	0.12449898	-0.12016079	0.09432274	-0.114182554	0.078676745	-0.09892945	0.10433016	-0.11116367
0.1636806	-0.1426074	0.09745233	-0.10849241	0.091823444	-0.63499296	0.2846697	-0.19097301	0.12463016	-0.0874926	0.9999983	-0.4216291	0.16840853	-0.14754564	0.029198503	-0.46483696	0.25890335	-0.19013861	0.1372246	-0.029245248	0.20754723	-0.1468306	0.14903013	-0.13645723	0.115938276
-0.18218046	0.13882272	-0.11193789	0.11650569	-0.12142594	0.23580444	-0.2991492	0.22280148	-0.16378538	0.10748006	-0.4216291	0.9999983	-0.31259826	0.18027776	-0.038257875	0.31985617	-0.62164384	0.2568804	-0.19530728	0.037925664	-0.29213548	0.19665499	-0.22004096	0.17347147	-0.15294337
0.1292653	-0.11221902	0.13185132	-0.13906398	0.13015394	-0.15313783	0.20997833	-0.56061727	0.25034508	-0.12381886	0.16840853	-0.31259826	0.9999985	-0.33678713	0.040770683	-0.18228742	0.20728391	-0.58727664	0.23144971	-0.040674433	0.19215986	-0.1451712	0.18424375	-0.18555132	0.12645026
-0.13357565	0.10902827	-0.1355315	0.13914594	-0.22707383	0.13325407	-0.2015868	0.29546905	-0.72072095	0.19568191	-0.14754564	0.18027776	-0.33678713	0.99999845	-0.06132081	0.15170689	-0.15419726	0.24358174	-0.3298979	0.05896294	-0.19741945	0.13681766	-0.18663776	0.20081663	-0.14630952
0.025973868	-0.02140974	0.023680853	-0.026282014	0.09308108	-0.027297784	0.036308125	-0.04656783	0.051987685	-0.10535863	0.029198503	-0.038257875	0.040770683	-0.06132081	0.9999986	-0.034203064	0.031551044	-0.05209594	0.069797315	-0.98102987	0.04278796	-0.032839973	0.04152566	-0.060611993	0.0810428
-0.16716751	0.12768713	-0.09647606	0.10310298	-0.10451255	0.23770714	-0.27456605	0.18122384	-0.13296442	0.09424007	-0.46483696	0.31985617	-0.18228742	0.15170689	-0.034203064	0.9999988	-0.59054744	0.21693718	-0.17205629	0.03402382	-0.41468188	0.21900964	-0.21858579	0.1663912	-0.14322689
0.12480508	-0.10013285	0.08568032	-0.09286796	0.09361071	-0.18548137	0.19951028	-0.1856936	0.12930025	-0.08670777	0.25890335	-0.62164384	0.20728391	-0.15419726	0.031551044	-0.59054744	0.9999987	-0.2981593	0.16923392	-0.031522296	0.25936693	-0.24155027	0.19831212	-0.16454884	0.12352562
-0.1431235	0.11500501	-0.11952725	0.1218639	-0.14080968	0.15811473	-0.22600652	0.27847254	-0.22127357	0.12449898	-0.19013861	0.2568804	-0.58727664	0.24358174	-0.05209594	0.21693718	-0.2981593	0.9999986	-0.44441655	0.051492672	-0.27840018	0.20303874	-0.3122535	0.2591715	-0.17360994
0.1065099	-0.089348204	0.094859414	-0.105101846	0.12456204	-0.12525703	0.16095728	-0.23091969	0.20111898	-0.12016079	0.1372246	-0.19530728	0.23144971	-0.3298979	0.069797315	-0.17205629	0.16923392	-0.44441655	0.9999987	-0.07497728	0.21064699	-0.19310068	0.2565558	-0.68235254	0.17853133
-0.0261981	0.021462297	-0.023721421	0.026151162	-0.09867336	0.027248973	-0.036489543	0.04581817	-0.05160129	0.09432274	-0.029245248	0.037925664	-0.040674433	0.05896294	-0.98102987	0.03402382	-0.031522296	0.051492672	-0.07497728	0.99999875	-0.043157097	0.032811858	-0.041990638	0.060255468	-0.08885097
0.12833759	-0.10816421	0.100541964	-0.11541431	0.11582711	-0.18481055	0.1944079	-0.21648775	0.15213974	-0.114182554	0.20754723	-0.29213548	0.19215986	-0.19741945	0.04278796	-0.41468188	0.25936693	-0.27840018	0.21064699	-0.043157097	0.9999986	-0.61216104	0.30399063	-0.27719456	0.18883604
-0.09371401	0.07563643	-0.069519736	0.07661678	-0.08437228	0.11952328	-0.14341994	0.14556031	-0.11122846	0.078676745	-0.1468306	0.19665499	-0.1451712	0.13681766	-0.032839973	0.21900964	-0.24155027	0.20303874	-0.19310068	0.032811858	-0.61216104	0.99999857	-0.6457241	0.22966115	-0.14264126
0.10339537	-0.086481236	0.08469211	-0.09544954	0.1021298	-0.13471498	0.15642574	-0.19215588	0.14134295	-0.09892945	0.14903013	-0.22004096	0.18424375	-0.18663776	0.04152566	-0.21858579	0.19831212	-0.3122535	0.2565558	-0.041990638	0.30399063	-0.6457241	0.9999984	-0.46703285	0.17072542
-0.105088376	0.08426989	-0.082919784	0.08950104	-0.11572947	0.11838647	-0.15813383	0.17586432	-0.16367465	0.10433016	-0.13645723	0.17347147	-0.18555132	0.20081663	-0.060611993	0.1663912	-0.16454884	0.2591715	-0.68235254	0.060255468	-0.27719456	0.22966115	-0.46703285	0.99999845	-0.2645353
0.097554244	-0.078806095	0.07317677	-0.08308872	0.11492187	-0.10795681	0.13476674	-0.14508046	0.11476314	-0.11116367	0.115938276	-0.15294337	0.12645026	-0.14630952	0.0810428	-0.14322689	0.12352562	-0.17360994	0.17853133	-0.08885097	0.18883604	-0.14264126	0.17072542	-0.2645353	0.99999845
