1.0000001	-0.50106704	0.14051712	-0.025602289	0.02590912	-0.73528314	0.30657405	-0.13645156	0.048304833	-0.042107496	0.22475746	-0.11307402	0.11212486	-0.067794554	0.061810553	-0.11167519	0.085493274	-0.10592008	0.058699403	-0.05777516	0.075774625	-0.07902663	0.0792575	-0.06289189	0.07071304
-0.50106704	0.99999994	-0.2600588	0.025079226	-0.024791468	0.2931523	-0.74624354	0.19904271	-0.046154663	0.039606832	-0.16537254	0.09368376	-0.10874959	0.06060364	-0.05386397	0.07835893	-0.06948258	0.08581601	-0.048915263	0.048138633	-0.056746006	0.06015317	-0.062065918	0.050167758	-0.056465678
0.14051712	-0.2600588	0.9999998	-0.05343319	0.049059827	-0.14124131	0.21506737	-0.8780442	0.09062761	-0.07934778	0.13703398	-0.14863749	0.19765633	-0.11232316	0.09015429	-0.093346894	0.10044332	-0.14033276	0.07845479	-0.07910801	0.07125094	-0.08418155	0.088323124	-0.07670086	0.08323925
-0.025602289	0.025079226	-0.05343319	0.99999994	-0.88177246	0.024515437	-0.029471947	0.050108075	-0.37304562	0.25510484	-0.05043034	0.05362556	-0.07547045	0.11509601	-0.12773474	0.03919203	-0.04369947	0.06342524	-0.067900494	0.07662183	-0.032221142	0.038915884	-0.04651807	0.054892182	-0.06325412
0.02590912	-0.024791468	0.049059827	-0.88177246	0.9999998	-0.024921844	0.029120388	-0.04742279	0.2633878	-0.358996	0.052644137	-0.057000317	0.07667257	-0.124217354	0.13183765	-0.041796308	0.046065915	-0.0682103	0.070935234	-0.084291376	0.03408365	-0.041491188	0.049088024	-0.05881523	0.06569725
-0.73528314	0.2931523	-0.14124131	0.024515437	-0.024921844	0.99999964	-0.44667557	0.12934574	-0.046698205	0.040333796	-0.3575505	0.11373521	-0.11295395	0.06534647	-0.05997229	0.11196449	-0.08647379	0.10131541	-0.056672107	0.05528209	-0.07779763	0.077289484	-0.0780601	0.06028482	-0.06816597
0.30657405	-0.74624354	0.21506737	-0.029471947	0.029120388	-0.44667557	0.99999934	-0.26311365	0.054936904	-0.047710344	0.18921839	-0.1179459	0.12743795	-0.07377842	0.06507116	-0.099186696	0.08549968	-0.10719906	0.0599657	-0.059266306	0.070130184	-0.0753667	0.076877005	-0.06234138	0.069708645
-0.13645156	0.19904271	-0.8780442	0.050108075	-0.04742279	0.12934574	-0.26311365	0.99999905	-0.09711205	0.07727068	-0.13003348	0.13710693	-0.2584794	0.108763725	-0.089443766	0.08376048	-0.094802916	0.12518787	-0.074481115	0.0735809	-0.06519334	0.07605619	-0.08117473	0.07030451	-0.077615544
0.048304833	-0.046154663	0.09062761	-0.37304562	0.2633878	-0.046698205	0.054936904	-0.09711205	0.99999917	-0.76567537	0.09877112	-0.11291924	0.1517224	-0.3072126	0.25702497	-0.08051879	0.08953351	-0.1343276	0.1441817	-0.17101559	0.06534377	-0.08064573	0.094914466	-0.11690356	0.12656981
-0.042107496	0.039606832	-0.07934778	0.25510484	-0.358996	0.040333796	-0.047710344	0.07727068	-0.76567537	0.99999887	-0.08645478	0.095360436	-0.13803786	0.23361537	-0.38204688	0.0689037	-0.07819535	0.113912866	-0.13744688	0.15804526	-0.057025623	0.06964608	-0.08460012	0.104457445	-0.12322202
0.22475746	-0.16537254	0.13703398	-0.05043034	0.052644137	-0.3575505	0.18921839	-0.13003348	0.09877112	-0.08645478	0.99999905	-0.32668737	0.24163416	-0.1500783	0.13953248	-0.37487102	0.22486836	-0.26077914	0.13870652	-0.13493049	0.21598822	-0.21488313	0.20291437	-0.15395653	0.17099375
-0.11307402	0.09368376	-0.14863749	0.05362556	-0.057000317	0.11373521	-0.1179459	0.13710693	-0.11291924	0.095360436	-0.32668737	0.9999994	-0.5472957	0.18844952	-0.17242092	0.20902643	-0.61003965	0.2937845	-0.15926996	0.14303744	-0.18868844	0.2242791	-0.22972491	0.15356876	-0.17536707
0.11212486	-0.10874959	0.19765633	-0.07547045	0.07667257	-0.11295395	0.12743795	-0.2584794	0.1517224	-0.13803786	0.24163416	-0.5472957	0.9999991	-0.39285845	0.22793354	-0.20795633	0.27794442	-0.4075142	0.20527622	-0.19889632	0.16420156	-0.21187936	0.21991344	-0.19057451	0.19838363
-0.067794554	0.06060364	-0.11232316	0.11509601	-0.124217354	0.06534647	-0.07377842	0.108763725	-0.3072126	0.23361537	-0.1500783	0.18844952	-0.39285845	0.99999887	-0.6410566	0.122835204	-0.15374453	0.21483186	-0.39859736	0.28368655	-0.10415927	0.12879501	-0.16246273	0.20679791	-0.2392514
0.061810553	-0.05386397	0.09015429	-0.12773474	0.13183765	-0.05997229	0.06507116	-0.089443766	0.25702497	-0.38204688	0.13953248	-0.17242092	0.22793354	-0.6410566	0.9999985	-0.12071934	0.13664913	-0.21187632	0.2733497	-0.44794405	0.098414384	-0.12462934	0.14954364	-0.20605834	0.22132662
-0.11167519	0.07835893	-0.093346894	0.03919203	-0.041796308	0.11196449	-0.099186696	0.08376048	-0.08051879	0.0689037	-0.37487102	0.20902643	-0.20795633	0.122835204	-0.12071934	0.99999845	-0.28967905	0.22847725	-0.13085888	0.118372105	-0.72863024	0.29098618	-0.2905403	0.15130539	-0.17447686
0.085493274	-0.06948258	0.10044332	-0.04369947	0.046065915	-0.08647379	0.08549968	-0.094802916	0.08953351	-0.07819535	0.22486836	-0.61003965	0.27794442	-0.15374453	0.13664913	-0.28967905	0.9999985	-0.49547154	0.15328696	-0.1373256	0.22639358	-0.40788105	0.26983902	-0.16415782	0.16879007
-0.10592008	0.08581601	-0.14033276	0.06342524	-0.0682103	0.10131541	-0.10719906	0.12518787	-0.1343276	0.113912866	-0.26077914	0.2937845	-0.4075142	0.21483186	-0.21187632	0.22847725	-0.49547154	0.9999985	-0.2875225	0.20837072	-0.22578424	0.2801842	-0.49017432	0.24337673	-0.27822092
0.058699403	-0.048915263	0.07845479	-0.067900494	0.070935234	-0.056672107	0.0599657	-0.074481115	0.1441817	-0.13744688	0.13870652	-0.15926996	0.20527622	-0.39859736	0.2733497	-0.13085888	0.15328696	-0.2875225	0.99999845	-0.62709296	0.11168475	-0.15022044	0.20563534	-0.48460737	0.31270173
-0.05777516	0.048138633	-0.07910801	0.07662183	-0.084291376	0.05528209	-0.059266306	0.0735809	-0.17101559	0.15804526	-0.13493049	0.14303744	-0.19889632	0.28368655	-0.44794405	0.118372105	-0.1373256	0.20837072	-0.62709296	0.99999845	-0.10285891	0.13020352	-0.18151225	0.2909878	-0.4834713
0.075774625	-0.056746006	0.07125094	-0.032221142	0.03408365	-0.07779763	0.070130184	-0.06519334	0.06534377	-0.057025623	0.21598822	-0.18868844	0.16420156	-0.10415927	0.098414384	-0.72863024	0.22639358	-0.22578424	0.11168475	-0.10285891	0.9999984	-0.52047336	0.24962188	-0.14086364	0.14052172
-0.07902663	0.06015317	-0.08418155	0.038915884	-0.041491188	0.077289484	-0.0753667	0.07605619	-0.08064573	0.06964608	-0.21488313	0.2242791	-0.21187936	0.12879501	-0.12462934	0.29098618	-0.40788105	0.2801842	-0.15022044	0.13020352	-0.52047336	0.9999986	-0.583427	0.19057983	-0.19566634
0.0792575	-0.062065918	0.088323124	-0.04651807	0.049088024	-0.0780601	0.076877005	-0.08117473	0.094914466	-0.08460012	0.20291437	-0.22972491	0.21991344	-0.16246273	0.14954364	-0.2905403	0.26983902	-0.49017432	0.20563534	-0.18151225	0.24962188	-0.583427	0.99999857	-0.385952	0.2456418
-0.06289189	0.050167758	-0.07670086	0.054892182	-0.05881523	0.06028482	-0.06234138	0.07030451	-0.11690356	0.104457445	-0.15395653	0.15356876	-0.19057451	0.20679791	-0.20605834	0.15130539	-0.16415782	0.24337673	-0.48460737	0.2909878	-0.14086364	0.19057983	-0.385952	0.9999987	-0.66694325
0.07071304	-0.056465678	0.08323925	-0.06325412	0.06569725	-0.06816597	0.069708645	-0.077615544	0.12656981	-0.12322202	0.17099375	-0.17536707	0.19838363	-0.2392514	0.22132662	-0.17447686	0.16879007	-0.27822092	0.31270173	-0.4834713	0.14052172	-0.19566634	0.2456418	-0.66694325	0.9999987
