1.0	-0.9570375	0.16576569	-0.16425815	0.079030074	-0.046403814	0.04574547	-0.08841386	0.08547289	-0.061759032	0.018558452	-0.017898506	0.07205655	-0.076426595	0.05762688	-0.018775675	0.01726561	-0.079579815	0.058651738	-0.053830605	0.011544247	-0.011872595	0.053195167	-0.046036523	0.06845436
-0.9570375	0.99999994	-0.20271458	0.14431752	-0.07560331	0.04346581	-0.046478562	0.08234786	-0.08136079	0.057160296	-0.017717266	0.017021379	-0.06903801	0.06923457	-0.053684853	0.017688725	-0.016483242	0.0707195	-0.05421039	0.04912381	-0.010765104	0.011035262	-0.049022026	0.041936446	-0.06344008
0.16576569	-0.20271458	1.0	-0.8064633	0.18679129	-0.02473857	0.025865778	-0.3426597	0.2633162	-0.16635036	0.017575536	-0.01973295	0.20266405	-0.2074037	0.14236552	-0.018372566	0.020113122	-0.19262847	0.13718039	-0.12864564	0.018308936	-0.018532628	0.1155977	-0.102151506	0.13970412
-0.16425815	0.14431752	-0.8064633	1.0	-0.23248667	0.021913217	-0.023167431	0.249058	-0.3897402	0.1806437	-0.016559022	0.018617481	-0.20207085	0.19531909	-0.15279849	0.017209034	-0.01915977	0.16869885	-0.13914011	0.12716714	-0.017721487	0.017843928	-0.11369101	0.09844294	-0.14109325
0.079030074	-0.07560331	0.18679129	-0.23248667	1.0	-0.02112507	0.022149384	-0.24654171	0.28153127	-0.6575775	0.019960131	-0.022442296	0.21676537	-0.3096767	0.28130847	-0.021755122	0.02412891	-0.29482985	0.22570473	-0.27052447	0.027248802	-0.027556635	0.18233852	-0.17278905	0.2357167
-0.046403814	0.04346581	-0.02473857	0.021913217	-0.02112507	0.9999999	-0.952977	0.034336206	-0.025377832	0.016629023	-0.21504347	0.1461733	-0.030010926	0.022166703	-0.0164668	0.14672674	-0.12454236	0.024458978	-0.017602375	0.015133353	-0.03833679	0.040289305	-0.01862046	0.014818057	-0.019171733
0.04574547	-0.046478562	0.025865778	-0.023167431	0.022149384	-0.952977	1.0000001	-0.03751008	0.02661464	-0.01756715	0.1764718	-0.17113999	0.031605046	-0.02357824	0.017368004	-0.1673027	0.122813694	-0.026145278	0.018607799	-0.016036116	0.041380636	-0.045012888	0.019804228	-0.015797328	0.02024794
-0.08841386	0.08234786	-0.3426597	0.249058	-0.24654171	0.034336206	-0.03751008	1.0000001	-0.52265084	0.2133433	-0.026239004	0.03161434	-0.6355039	0.27870828	-0.19845405	0.025709126	-0.03068093	0.243925	-0.18830094	0.16135585	-0.024106866	0.024245651	-0.15639049	0.12848963	-0.17633039
0.08547289	-0.08136079	0.2633162	-0.3897402	0.28153127	-0.025377832	0.02661464	-0.52265084	1.0	-0.43391305	0.020557508	-0.023831535	0.28783655	-0.42827165	0.24776158	-0.021444889	0.024307169	-0.2574138	0.20472503	-0.20391054	0.023219196	-0.02346346	0.1545739	-0.14140743	0.18720053
-0.061759032	0.057160296	-0.16635036	0.1806437	-0.6575775	0.016629023	-0.01756715	0.2133433	-0.43391305	1.0000001	-0.01562513	0.017844023	-0.20213865	0.27147442	-0.46655497	0.016628938	-0.018876482	0.20498262	-0.20684622	0.2317127	-0.020512262	0.02064357	-0.14209308	0.13291384	-0.19289133
0.018558452	-0.017717266	0.017575536	-0.016559022	0.019960131	-0.21504347	0.1764718	-0.026239004	0.020557508	-0.01562513	1.0000001	-0.5701541	0.03095359	-0.023111226	0.016564408	-0.7031894	0.3225697	-0.029875213	0.019522302	-0.01634228	0.11022265	-0.11946799	0.025820779	-0.019676873	0.021791697
-0.017898506	0.017021379	-0.01973295	0.018617481	-0.022442296	0.1461733	-0.17113999	0.03161434	-0.023831535	0.017844023	-0.5701541	1.0000002	-0.041307006	0.027522821	-0.018956954	0.3227069	-0.72758234	0.0342114	-0.021919692	0.018307364	-0.091937125	0.09333473	-0.026463667	0.020317324	-0.023556666
0.07205655	-0.06903801	0.20266405	-0.20207085	0.21676537	-0.030010926	0.031605046	-0.6355039	0.28783655	-0.20213865	0.03095359	-0.041307006	1.0	-0.45499706	0.21243498	-0.029989416	0.0381129	-0.44106373	0.22195153	-0.1911602	0.028180802	-0.028527228	0.186231	-0.15767236	0.1938001
-0.076426595	0.06923457	-0.2074037	0.19531909	-0.3096767	0.022166703	-0.02357824	0.27870828	-0.42827165	0.27147442	-0.023111226	0.027522821	-0.45499706	1.0000001	-0.48620856	0.023740629	-0.02840273	0.27950665	-0.38987398	0.28017116	-0.02875449	0.028816545	-0.20684904	0.18824458	-0.2537373
0.05762688	-0.053684853	0.14236552	-0.15279849	0.28130847	-0.0164668	0.017368004	-0.19845405	0.24776158	-0.46655497	0.016564408	-0.018956954	0.21243498	-0.48620856	1.0000001	-0.017806686	0.020242915	-0.24849705	0.2814155	-0.56951356	0.023345673	-0.023576906	0.16688298	-0.1720767	0.22883326
-0.018775675	0.017688725	-0.018372566	0.017209034	-0.021755122	0.14672674	-0.1673027	0.025709126	-0.021444889	0.016628938	-0.7031894	0.3227069	-0.029989416	0.023740629	-0.017806686	1.0	-0.56830657	0.032457035	-0.021533988	0.017824056	-0.181784	0.15132828	-0.030340802	0.022597967	-0.024678284
0.01726561	-0.016483242	0.020113122	-0.01915977	0.02412891	-0.12454236	0.122813694	-0.03068093	0.024307169	-0.018876482	0.3225697	-0.72758234	0.0381129	-0.02840273	0.020242915	-0.56830657	1.0	-0.038332984	0.024235688	-0.020114733	0.12861206	-0.15073495	0.032116834	-0.024348905	0.026828062
-0.079579815	0.0707195	-0.19262847	0.16869885	-0.29482985	0.024458978	-0.026145278	0.243925	-0.2574138	0.20498262	-0.029875213	0.0342114	-0.44106373	0.27950665	-0.24849705	0.032457035	-0.038332984	0.9999996	-0.42893112	0.25107127	-0.052164152	0.05164031	-0.4939837	0.28364903	-0.34802544
0.058651738	-0.05421039	0.13718039	-0.13914011	0.22570473	-0.017602375	0.018607799	-0.18830094	0.20472503	-0.20684622	0.019522302	-0.021919692	0.22195153	-0.38987398	0.2814155	-0.021533988	0.024235688	-0.42893112	0.99999934	-0.5782511	0.0332354	-0.033768177	0.267736	-0.40055722	0.2929302
-0.053830605	0.04912381	-0.12864564	0.12716714	-0.27052447	0.015133353	-0.016036116	0.16135585	-0.20391054	0.2317127	-0.01634228	0.018307364	-0.1911602	0.28017116	-0.56951356	0.017824056	-0.020114733	0.25107127	-0.5782511	0.99999934	-0.026706534	0.02685162	-0.20889549	0.2239967	-0.37639183
0.011544247	-0.010765104	0.018308936	-0.017721487	0.027248802	-0.03833679	0.041380636	-0.024106866	0.023219196	-0.020512262	0.11022265	-0.091937125	0.028180802	-0.02875449	0.023345673	-0.181784	0.12861206	-0.052164152	0.0332354	-0.026706534	0.9999991	-0.96232456	0.07299658	-0.052593905	0.040158078
-0.011872595	0.011035262	-0.018532628	0.017843928	-0.027556635	0.040289305	-0.045012888	0.024245651	-0.02346346	0.02064357	-0.11946799	0.09333473	-0.028527228	0.028816545	-0.023576906	0.15132828	-0.15073495	0.05164031	-0.033768177	0.02685162	-0.96232456	0.999999	-0.082161345	0.05260058	-0.041182756
0.053195167	-0.049022026	0.1155977	-0.11369101	0.18233852	-0.01862046	0.019804228	-0.15639049	0.1545739	-0.14209308	0.025820779	-0.026463667	0.186231	-0.20684904	0.16688298	-0.030340802	0.032116834	-0.4939837	0.267736	-0.20889549	0.07299658	-0.082161345	0.99999887	-0.69116354	0.29352364
-0.046036523	0.041936446	-0.102151506	0.09844294	-0.17278905	0.014818057	-0.015797328	0.12848963	-0.14140743	0.13291384	-0.019676873	0.020317324	-0.15767236	0.18824458	-0.1720767	0.022597967	-0.024348905	0.28364903	-0.40055722	0.2239967	-0.052593905	0.05260058	-0.69116354	0.9999988	-0.48167634
0.06845436	-0.06344008	0.13970412	-0.14109325	0.2357167	-0.019171733	0.02024794	-0.17633039	0.18720053	-0.19289133	0.021791697	-0.023556666	0.1938001	-0.2537373	0.22883326	-0.024678284	0.026828062	-0.34802544	0.2929302	-0.37639183	0.040158078	-0.041182756	0.29352364	-0.48167634	0.9999988
