1.0000001	-0.7313174	0.18087593	-0.06423246	0.061955854	-0.50062525	0.28256908	-0.16553971	0.078557365	-0.07995246	0.25025168	-0.25013188	0.16290364	-0.10578502	0.11289797	-0.12660176	0.09714419	-0.13160509	0.11430843	-0.05670838	0.107996665	-0.10610234	0.07060851	-0.08424912	0.061943676
-0.7313174	1.0000001	-0.26567647	0.07250368	-0.07036636	0.28331444	-0.46896932	0.1984756	-0.088289715	0.08688009	-0.26355487	0.23641585	-0.18461686	0.11249359	-0.12185466	0.119275376	-0.095040664	0.12800448	-0.11904628	0.05878167	-0.107205436	0.102086246	-0.06956691	0.08290045	-0.06430791
0.18087593	-0.26567647	1.0000002	-0.18957105	0.15174913	-0.18228228	0.25510764	-0.7353992	0.18785866	-0.19185245	0.16772833	-0.22278953	0.2793938	-0.20374879	0.19789943	-0.18078718	0.13303854	-0.22328338	0.19220181	-0.09914423	0.16883607	-0.16573156	0.1150293	-0.14252001	0.105280526
-0.06423246	0.07250368	-0.18957105	1.0000002	-0.7826724	0.06347273	-0.09351814	0.14691627	-0.47744605	0.3083501	-0.067933805	0.08558296	-0.1509988	0.16369905	-0.17077243	0.08138687	-0.061692514	0.111924484	-0.12921028	0.067998335	-0.0815247	0.078373134	-0.059611715	0.07582257	-0.07071684
0.061955854	-0.07036636	0.15174913	-0.7826724	1.0000002	-0.062432002	0.08876748	-0.13636096	0.3030234	-0.49413761	0.06623203	-0.084039	0.13907607	-0.15799758	0.16411453	-0.08630324	0.06449444	-0.11837363	0.12513824	-0.069042906	0.08605525	-0.08327566	0.062384564	-0.07976834	0.0706781
-0.50062525	0.28331444	-0.18228228	0.06347273	-0.062432002	1.0000002	-0.40439755	0.1644101	-0.080045685	0.07910966	-0.65019244	0.2905351	-0.18645136	0.10916775	-0.117715955	0.12738322	-0.103657454	0.12589423	-0.11645259	0.057042982	-0.10828518	0.10331198	-0.069393255	0.08137117	-0.062578425
0.28256908	-0.46896932	0.25510764	-0.09351814	0.08876748	-0.40439755	1.0	-0.35061035	0.117638454	-0.11765251	0.29221532	-0.5437038	0.25131842	-0.1569864	0.15811563	-0.17539273	0.14061525	-0.18170021	0.15779102	-0.078744344	0.1458562	-0.14720185	0.09716096	-0.11556765	0.085196055
-0.16553971	0.1984756	-0.7353992	0.14691627	-0.13636096	0.1644101	-0.35061035	1.0000002	-0.21167502	0.16925256	-0.16567448	0.21856068	-0.41504842	0.1969941	-0.19145228	0.13999921	-0.10862984	0.17400694	-0.17117663	0.08624849	-0.13178717	0.12779507	-0.091446646	0.112500094	-0.09151748
0.078557365	-0.088289715	0.18785866	-0.47744605	0.3030234	-0.080045685	0.117638454	-0.21167502	1.0000001	-0.69537514	0.08586967	-0.1120189	0.20084414	-0.32755074	0.23408604	-0.10785769	0.081640296	-0.1518727	0.17293775	-0.093707375	0.106836885	-0.10435957	0.07978551	-0.10285163	0.09362944
-0.07995246	0.08688009	-0.19185245	0.3083501	-0.49413761	0.07910966	-0.11765251	0.16925256	-0.69537514	1.0000002	-0.08717132	0.1092845	-0.20525427	0.23584731	-0.3061619	0.10605285	-0.0810769	0.14922336	-0.18366662	0.102824666	-0.10771027	0.10327877	-0.08057187	0.103082165	-0.10624424
0.25025168	-0.26355487	0.16772833	-0.067933805	0.06623203	-0.65019244	0.29221532	-0.16567448	0.08586967	-0.08717132	1.0000004	-0.5714979	0.20471801	-0.12658036	0.12957883	-0.17649968	0.13595353	-0.1545852	0.13280909	-0.06537137	0.12945475	-0.1307357	0.08428018	-0.09806009	0.07135234
-0.25013188	0.23641585	-0.22278953	0.08558296	-0.084039	0.2905351	-0.5437038	0.21856068	-0.1120189	0.1092845	-0.5714979	1.0000002	-0.3775968	0.16836193	-0.17094523	0.18548125	-0.1912975	0.17873152	-0.1667861	0.08100078	-0.15159489	0.1516697	-0.099801384	0.114397876	-0.08819417
0.16290364	-0.18461686	0.2793938	-0.1509988	0.13907607	-0.18645136	0.25131842	-0.41504842	0.20084414	-0.20525427	0.20471801	-0.3775968	1.0000004	-0.4874405	0.2836617	-0.2259338	0.1718589	-0.30579963	0.2665954	-0.13970013	0.20778519	-0.2090596	0.15021288	-0.18743353	0.14125212
-0.10578502	0.11249359	-0.20374879	0.16369905	-0.15799758	0.10916775	-0.1569864	0.1969941	-0.32755074	0.23584731	-0.12658036	0.16836193	-0.4874405	1.0000004	-0.59066206	0.16022027	-0.1243043	0.24168476	-0.41461232	0.1708079	-0.1596058	0.15766798	-0.12786609	0.16691372	-0.1672224
0.11289797	-0.12185466	0.19789943	-0.17077243	0.16411453	-0.117715955	0.15811563	-0.19145228	0.23408604	-0.3061619	0.12957883	-0.17094523	0.2836617	-0.59066206	1.0000006	-0.21341616	0.15812017	-0.31190363	0.30259538	-0.3151863	0.21103466	-0.21315144	0.164623	-0.22255251	0.22716409
-0.12660176	0.119275376	-0.18078718	0.08138687	-0.08630324	0.12738322	-0.17539273	0.13999921	-0.10785769	0.10605285	-0.17649968	0.18548125	-0.2259338	0.16022027	-0.21341616	1.0000006	-0.7197502	0.27270523	-0.2651824	0.11447307	-0.41798392	0.30469114	-0.19661067	0.18464924	-0.13667165
0.09714419	-0.095040664	0.13303854	-0.061692514	0.06449444	-0.103657454	0.14061525	-0.10862984	0.081640296	-0.0810769	0.13595353	-0.1912975	0.1718589	-0.1243043	0.15812017	-0.7197502	1.0000006	-0.3396999	0.20824705	-0.09055165	0.28129655	-0.49459648	0.19376403	-0.17919102	0.10665829
-0.13160509	0.12800448	-0.22328338	0.111924484	-0.11837363	0.12589423	-0.18170021	0.17400694	-0.1518727	0.14922336	-0.1545852	0.17873152	-0.30579963	0.24168476	-0.31190363	0.27270523	-0.3396999	1.0000007	-0.5366853	0.18209584	-0.36929435	0.29386193	-0.39261928	0.28841782	-0.21849574
0.11430843	-0.11904628	0.19220181	-0.12921028	0.12513824	-0.11645259	0.15779102	-0.17117663	0.17293775	-0.18366662	0.13280909	-0.1667861	0.2665954	-0.41461232	0.30259538	-0.2651824	0.20824705	-0.5366853	1.0000002	-0.27478337	0.26228854	-0.27628058	0.24627689	-0.36660397	0.22658403
-0.05670838	0.05878167	-0.09914423	0.067998335	-0.069042906	0.057042982	-0.078744344	0.08624849	-0.093707375	0.102824666	-0.06537137	0.08100078	-0.13970013	0.1708079	-0.3151863	0.11447307	-0.09055165	0.18209584	-0.27478337	1.0000001	-0.12727368	0.12469538	-0.13039546	0.17639828	-0.86400187
0.107996665	-0.107205436	0.16883607	-0.0815247	0.08605525	-0.10828518	0.1458562	-0.13178717	0.106836885	-0.10771027	0.12945475	-0.15159489	0.20778519	-0.1596058	0.21103466	-0.41798392	0.28129655	-0.36929435	0.26228854	-0.12727368	0.99999994	-0.5614209	0.24568442	-0.29137182	0.14637133
-0.10610234	0.102086246	-0.16573156	0.078373134	-0.08327566	0.10331198	-0.14720185	0.12779507	-0.10435957	0.10327877	-0.1307357	0.1516697	-0.2090596	0.15766798	-0.21315144	0.30469114	-0.49459648	0.29386193	-0.27628058	0.12469538	-0.5614209	0.99999964	-0.41686878	0.2646054	-0.1518512
0.07060851	-0.06956691	0.1150293	-0.059611715	0.062384564	-0.069393255	0.09716096	-0.091446646	0.07978551	-0.08057187	0.08428018	-0.099801384	0.15021288	-0.12786609	0.164623	-0.19661067	0.19376403	-0.39261928	0.24627689	-0.13039546	0.24568442	-0.41686878	0.9999996	-0.7463288	0.15237649
-0.08424912	0.08290045	-0.14252001	0.07582257	-0.07976834	0.08137117	-0.11556765	0.112500094	-0.10285163	0.103082165	-0.09806009	0.114397876	-0.18743353	0.16691372	-0.22255251	0.18464924	-0.17919102	0.28841782	-0.36660397	0.17639828	-0.29137182	0.2646054	-0.7463288	0.99999964	-0.24681987
0.061943676	-0.06430791	0.105280526	-0.07071684	0.0706781	-0.062578425	0.085196055	-0.09151748	0.09362944	-0.10624424	0.07135234	-0.08819417	0.14125212	-0.1672224	0.22716409	-0.13667165	0.10665829	-0.21849574	0.22658403	-0.86400187	0.14637133	-0.1518512	0.15237649	-0.24681987	0.99999964
