1.0000002	-0.8863296	0.20462573	-0.12652098	0.12674952	-0.17990458	0.20040941	-0.15882218	0.124908686	-0.10021645	0.1339908	-0.18548943	0.11335934	-0.12588786	0.11215826	-0.045873687	0.048109997	-0.0587466	0.0493251	-0.03041595	0.032135442	-0.035152756	0.062041245	-0.050148185	0.028437736
-0.8863296	1.0000005	-0.26161996	0.12509538	-0.12825152	0.134465	-0.25489685	0.15565984	-0.12275899	0.09443923	-0.12099278	0.15855356	-0.104717344	0.112847224	-0.10489794	0.040491447	-0.042929135	0.052699562	-0.04412276	0.027076276	-0.02853724	0.03099102	-0.056009565	0.044509385	-0.025381664
0.20462573	-0.26161996	1.0000008	-0.5755588	0.3152103	-0.14429474	0.23934849	-0.27318358	0.23161411	-0.20118201	0.12457812	-0.2825238	0.18210858	-0.21731889	0.20447174	-0.059410747	0.06382007	-0.09228006	0.08281988	-0.052421737	0.042490255	-0.049120303	0.09677558	-0.08458233	0.048669405
-0.12652098	0.12509538	-0.5755588	1.0000006	-0.70539314	0.08505619	-0.16302583	0.16504464	-0.23181716	0.18728662	-0.075806834	0.17359716	-0.12298379	0.15161806	-0.17435543	0.03698438	-0.040073317	0.060006566	-0.055977516	0.035697833	-0.026461441	0.030657774	-0.063413024	0.056342907	-0.033136755
0.12674952	-0.12825152	0.3152103	-0.70539314	1.0000005	-0.11245147	0.18714999	-0.18809521	0.23328759	-0.30052596	0.09902817	-0.24074164	0.15726328	-0.20253026	0.22104284	-0.049865898	0.05380435	-0.079893194	0.075130016	-0.048680432	0.035755012	-0.041660637	0.084080294	-0.076615356	0.044914074
-0.17990458	0.134465	-0.14429474	0.08505619	-0.11245147	1.0000005	-0.19003429	0.12604165	-0.1266103	0.092454955	-0.889498	0.2086224	-0.13847893	0.123346746	-0.12303484	0.14265272	-0.1441671	0.09038372	-0.05950674	0.03416319	-0.09686531	0.08785177	-0.102760404	0.057956636	-0.033390615
0.20040941	-0.25489685	0.23934849	-0.16302583	0.18714999	-0.19003429	1.0000001	-0.68004644	0.2771338	-0.21319996	0.15508969	-0.39997262	0.25015283	-0.2719514	0.2133029	-0.07091144	0.07618079	-0.11662686	0.09717169	-0.05878452	0.049798496	-0.057519346	0.11818718	-0.0991439	0.054424036
-0.15882218	0.15565984	-0.27318358	0.16504464	-0.18809521	0.12604165	-0.68004644	0.9999998	-0.47999963	0.21871728	-0.11565918	0.27538797	-0.31680334	0.24960747	-0.22941858	0.057939593	-0.06431891	0.10916492	-0.088541664	0.05209811	-0.041022178	0.04766973	-0.11277753	0.08713046	-0.048783556
0.124908686	-0.12275899	0.23161411	-0.23181716	0.23328759	-0.1266103	0.2771338	-0.47999963	0.99999994	-0.5515996	0.11274937	-0.30974075	0.24287954	-0.38817745	0.30736426	-0.061108965	0.06670154	-0.11160201	0.1103411	-0.06728126	0.043268338	-0.051105596	0.11431853	-0.11117787	0.061092313
-0.10021645	0.09443923	-0.20118201	0.18728662	-0.30052596	0.092454955	-0.21319996	0.21871728	-0.5515996	0.99999964	-0.0844515	0.21591409	-0.18003741	0.24965201	-0.6712901	0.045664422	-0.050220348	0.082507096	-0.08556156	0.05896091	-0.032597207	0.038302913	-0.08756196	0.083457746	-0.054482825
0.1339908	-0.12099278	0.12457812	-0.075806834	0.09902817	-0.889498	0.15508969	-0.11565918	0.11274937	-0.0844515	0.9999996	-0.2672015	0.13460228	-0.123045295	0.11077093	-0.18189251	0.14015192	-0.09004434	0.05738383	-0.03298652	0.09753248	-0.09469726	0.09702707	-0.05690755	0.0319166
-0.18548943	0.15855356	-0.2825238	0.17359716	-0.24074164	0.2086224	-0.39997262	0.27538797	-0.30974075	0.21591409	-0.2672015	0.99999946	-0.55586046	0.3040615	-0.31776038	0.10907086	-0.12603769	0.18661353	-0.13700923	0.077255294	-0.07867198	0.0874925	-0.21694951	0.12788054	-0.07615477
0.11335934	-0.104717344	0.18210858	-0.12298379	0.15726328	-0.13847893	0.25015283	-0.31680334	0.24287954	-0.18003741	0.13460228	-0.55586046	0.999999	-0.5864251	0.23264243	-0.095379524	0.10869032	-0.29639092	0.1519524	-0.079320006	0.06497233	-0.079502225	0.2200765	-0.15143003	0.07407378
-0.12588786	0.112847224	-0.21731889	0.15161806	-0.20253026	0.123346746	-0.2719514	0.24960747	-0.38817745	0.24965201	-0.123045295	0.3040615	-0.5864251	0.99999887	-0.4281673	0.080158725	-0.09313524	0.18099901	-0.25128368	0.10392575	-0.057579592	0.06829881	-0.20289981	0.18488245	-0.09894142
0.11215826	-0.10489794	0.20447174	-0.17435543	0.22104284	-0.12303484	0.2133029	-0.22941858	0.30736426	-0.6712901	0.11077093	-0.31776038	0.23264243	-0.4281673	0.9999986	-0.06252231	0.06811127	-0.11364106	0.12475253	-0.09357524	0.04439256	-0.05278713	0.11745265	-0.12661827	0.080888554
-0.045873687	0.040491447	-0.059410747	0.03698438	-0.049865898	0.14265272	-0.07091144	0.057939593	-0.061108965	0.045664422	-0.18189251	0.10907086	-0.095379524	0.080158725	-0.06252231	0.99999875	-0.7551938	0.16639861	-0.061920542	0.030218827	-0.488885	0.30457938	-0.18483432	0.06024349	-0.030988153
0.048109997	-0.042929135	0.06382007	-0.040073317	0.05380435	-0.1441671	0.07618079	-0.06431891	0.06670154	-0.050220348	0.14015192	-0.12603769	0.10869032	-0.09313524	0.06811127	-0.7551938	0.9999991	-0.25938308	0.068180755	-0.033865098	0.2956379	-0.45890412	0.19632854	-0.06863076	0.034137692
-0.0587466	0.052699562	-0.09228006	0.060006566	-0.079893194	0.09038372	-0.11662686	0.10916492	-0.11160201	0.082507096	-0.09004434	0.18661353	-0.29639092	0.18099901	-0.11364106	0.16639861	-0.25938308	0.99999934	-0.1732464	0.07206333	-0.111581124	0.141854	-0.8416005	0.16365542	-0.07545685
0.0493251	-0.04412276	0.08281988	-0.055977516	0.075130016	-0.05950674	0.09717169	-0.088541664	0.1103411	-0.08556156	0.05738383	-0.13700923	0.1519524	-0.25128368	0.12475253	-0.061920542	0.068180755	-0.1732464	0.99999946	-0.31349453	0.04210312	-0.054723434	0.17438352	-0.8399254	0.2357911
-0.03041595	0.027076276	-0.052421737	0.035697833	-0.048680432	0.03416319	-0.05878452	0.05209811	-0.06728126	0.05896091	-0.03298652	0.077255294	-0.079320006	0.10392575	-0.09357524	0.030218827	-0.033865098	0.07206333	-0.31349453	0.99999917	-0.021370849	0.026827162	-0.0830118	0.23863836	-0.9083831
0.032135442	-0.02853724	0.042490255	-0.026461441	0.035755012	-0.09686531	0.049798496	-0.041022178	0.043268338	-0.032597207	0.09753248	-0.07867198	0.06497233	-0.057579592	0.04439256	-0.488885	0.2956379	-0.111581124	0.04210312	-0.021370849	0.9999993	-0.80644673	0.11781511	-0.04231649	0.021604244
-0.035152756	0.03099102	-0.049120303	0.030657774	-0.041660637	0.08785177	-0.057519346	0.04766973	-0.051105596	0.038302913	-0.09469726	0.0874925	-0.079502225	0.06829881	-0.05278713	0.30457938	-0.45890412	0.141854	-0.054723434	0.026827162	-0.80644673	0.9999991	-0.17082681	0.053902548	-0.027584888
0.062041245	-0.056009565	0.09677558	-0.063413024	0.084080294	-0.102760404	0.11818718	-0.11277753	0.11431853	-0.08756196	0.09702707	-0.21694951	0.2200765	-0.20289981	0.11745265	-0.18483432	0.19632854	-0.8416005	0.17438352	-0.0830118	0.11781511	-0.17082681	0.99999905	-0.22929807	0.08337887
-0.050148185	0.044509385	-0.08458233	0.056342907	-0.076615356	0.057956636	-0.0991439	0.08713046	-0.11117787	0.083457746	-0.05690755	0.12788054	-0.15143003	0.18488245	-0.12661827	0.06024349	-0.06863076	0.16365542	-0.8399254	0.23863836	-0.04231649	0.053902548	-0.22929807	0.999999	-0.3217843
0.028437736	-0.025381664	0.048669405	-0.033136755	0.044914074	-0.033390615	0.054424036	-0.048783556	0.061092313	-0.054482825	0.0319166	-0.07615477	0.07407378	-0.09894142	0.080888554	-0.030988153	0.034137692	-0.07545685	0.2357911	-0.9083831	0.021604244	-0.027584888	0.08337887	-0.3217843	0.999999
