1.0000001	-0.8792197	0.13116166	-0.09510232	0.05546995	-0.3094968	0.21420477	-0.10607929	0.08610297	-0.054098	0.19105333	-0.100364126	0.09806051	-0.058032315	0.050367158	-0.085303016	0.079852946	-0.06279152	0.04605326	-0.040495172	0.068772465	-0.08723641	0.0633653	-0.052501936	0.05795897
-0.8792197	0.99999994	-0.16551392	0.102158055	-0.06009708	0.21554735	-0.29592988	0.11755725	-0.09615574	0.057686105	-0.20217782	0.104955636	-0.105930634	0.06065185	-0.05337117	0.084693246	-0.08301683	0.064669	-0.047258534	0.041144814	-0.07066722	0.08699659	-0.06540669	0.053292863	-0.059196904
0.13116166	-0.16551392	0.99999946	-0.62137246	0.21325697	-0.13920514	0.24223179	-0.5287149	0.32080784	-0.2199494	0.12481346	-0.1882228	0.20050415	-0.18498482	0.152047	-0.101566985	0.12173968	-0.1083316	0.07753208	-0.067857355	0.08027206	-0.13117689	0.09961438	-0.08824038	0.09053387
-0.09510232	0.102158055	-0.62137246	0.99999946	-0.39954427	0.09547147	-0.19723162	0.29654557	-0.5288108	0.25313297	-0.0908229	0.1317354	-0.1580669	0.18150528	-0.17730457	0.07171213	-0.08972536	0.079521	-0.059927635	0.05143241	-0.057663515	0.09253576	-0.07496165	0.0659371	-0.06883411
0.05546995	-0.06009708	0.21325697	-0.39954427	0.9999993	-0.06673871	0.12811913	-0.18199281	0.24150339	-0.797617	0.06333604	-0.0955734	0.10768257	-0.2700529	0.2281833	-0.054070972	0.066956975	-0.061640117	0.052075386	-0.04461191	0.043149043	-0.07110972	0.058216408	-0.055980287	0.05654684
-0.3094968	0.21554735	-0.13920514	0.09547147	-0.06673871	0.9999991	-0.3039208	0.12141145	-0.107387304	0.062199347	-0.79679555	0.15874304	-0.16269656	0.07207589	-0.06566414	0.19040778	-0.15235238	0.10836786	-0.07970135	0.06776509	-0.16558668	0.15482515	-0.116144866	0.08780862	-0.10163024
0.21420477	-0.29592988	0.24223179	-0.19723162	0.12811913	-0.3039208	0.9999989	-0.32679534	0.21214093	-0.12706587	0.23244077	-0.3098436	0.25149816	-0.14479648	0.12308866	-0.17235324	0.19077027	-0.15693887	0.112263545	-0.10067114	0.1344978	-0.21089837	0.15066376	-0.13091442	0.14032073
-0.10607929	0.11755725	-0.5287149	0.29654557	-0.18199281	0.12141145	-0.32679534	0.9999991	-0.61857086	0.1743803	-0.11327895	0.20449558	-0.31839228	0.1587466	-0.14364666	0.09443422	-0.12526222	0.11245463	-0.07545764	0.06391625	-0.07552389	0.12425838	-0.10061585	0.0839121	-0.08559754
0.08610297	-0.09615574	0.32080784	-0.5288108	0.24150339	-0.107387304	0.21214093	-0.61857086	0.9999993	-0.30528253	0.099014156	-0.17133571	0.19123338	-0.24497941	0.18762276	-0.08533854	0.106967315	-0.097415864	0.070864715	-0.060957637	0.06760325	-0.112574466	0.08801368	-0.078790784	0.07968382
-0.054098	0.057686105	-0.2199494	0.25313297	-0.797617	0.062199347	-0.12706587	0.1743803	-0.30528253	0.9999992	-0.059884544	0.08940096	-0.1059282	0.24599059	-0.3558225	0.049977086	-0.063097134	0.057781458	-0.04899728	0.041730892	-0.040169146	0.06552203	-0.054918315	0.051863942	-0.05339386
0.19105333	-0.20217782	0.12481346	-0.0908229	0.06333604	-0.79679555	0.23244077	-0.11327895	0.099014156	-0.059884544	0.9999996	-0.18514441	0.16126773	-0.0718398	0.06404091	-0.30469972	0.16343395	-0.117525496	0.083108164	-0.07180801	0.18432781	-0.19332485	0.12075659	-0.09485658	0.10357588
-0.100364126	0.104955636	-0.1882228	0.1317354	-0.0955734	0.15874304	-0.3098436	0.20449558	-0.17133571	0.08940096	-0.18514441	0.9999993	-0.7151308	0.111031696	-0.10079603	0.16961752	-0.43965834	0.23457137	-0.13551426	0.106517285	-0.14379986	0.23633935	-0.20562465	0.14481367	-0.14660875
0.09806051	-0.105930634	0.20050415	-0.1580669	0.10768257	-0.16269656	0.25149816	-0.31839228	0.19123338	-0.1059282	0.16126773	-0.7151308	0.9999992	-0.14102122	0.115381986	-0.17872742	0.27304745	-0.30109215	0.14142054	-0.11744048	0.13969599	-0.25891	0.20174192	-0.16199353	0.14799316
-0.058032315	0.06065185	-0.18498482	0.18150528	-0.2700529	0.07207589	-0.14479648	0.1587466	-0.24497941	0.24599059	-0.0718398	0.111031696	-0.14102122	0.9999995	-0.86037195	0.06381511	-0.08470167	0.08370529	-0.09580097	0.07244872	-0.051777374	0.085800126	-0.08077065	0.08549572	-0.08647481
0.050367158	-0.05337117	0.152047	-0.17730457	0.2281833	-0.06566414	0.12308866	-0.14364666	0.18762276	-0.3558225	0.06404091	-0.10079603	0.115381986	-0.86037195	0.99999934	-0.058737792	0.07497273	-0.074818656	0.07903872	-0.06619968	0.04701132	-0.07932451	0.07071991	-0.077918835	0.07492566
-0.085303016	0.084693246	-0.101566985	0.07171213	-0.054070972	0.19040778	-0.17235324	0.09443422	-0.08533854	0.049977086	-0.30469972	0.16961752	-0.17872742	0.06381511	-0.058737792	0.99999946	-0.31522545	0.16523409	-0.11506166	0.09122827	-0.772118	0.29732576	-0.18906571	0.122331016	-0.13953383
0.079852946	-0.08301683	0.12173968	-0.08972536	0.066956975	-0.15235238	0.19077027	-0.12526222	0.106967315	-0.063097134	0.16343395	-0.43965834	0.27304745	-0.08470167	0.07497273	-0.31522545	0.9999998	-0.47288048	0.1758131	-0.13934024	0.23298675	-0.5492955	0.2713107	-0.19871494	0.1731917
-0.06279152	0.064669	-0.1083316	0.079521	-0.061640117	0.10836786	-0.15693887	0.11245463	-0.097415864	0.057781458	-0.117525496	0.23457137	-0.30109215	0.08370529	-0.074818656	0.16523409	-0.47288048	0.99999976	-0.35245332	0.19085655	-0.14266878	0.2636204	-0.62647665	0.28095502	-0.24479008
0.04605326	-0.047258534	0.07753208	-0.059927635	0.052075386	-0.07970135	0.112263545	-0.07545764	0.070864715	-0.04899728	0.083108164	-0.13551426	0.14142054	-0.09580097	0.07903872	-0.11506166	0.1758131	-0.35245332	0.9999995	-0.5757899	0.09301477	-0.179978	0.2666392	-0.6024017	0.31808212
-0.040495172	0.041144814	-0.067857355	0.05143241	-0.04461191	0.06776509	-0.10067114	0.06391625	-0.060957637	0.041730892	-0.07180801	0.106517285	-0.11744048	0.07244872	-0.06619968	0.09122827	-0.13934024	0.19085655	-0.5757899	0.9999994	-0.075210296	0.13690431	-0.19673443	0.285991	-0.72350836
0.068772465	-0.07066722	0.08027206	-0.057663515	0.043149043	-0.16558668	0.1344978	-0.07552389	0.06760325	-0.040169146	0.18432781	-0.14379986	0.13969599	-0.051777374	0.04701132	-0.772118	0.23298675	-0.14266878	0.09301477	-0.075210296	0.9999995	-0.5037924	0.15507315	-0.105481274	0.10908416
-0.08723641	0.08699659	-0.13117689	0.09253576	-0.07110972	0.15482515	-0.21089837	0.12425838	-0.112574466	0.06552203	-0.19332485	0.23633935	-0.25891	0.085800126	-0.07932451	0.29732576	-0.5492955	0.2636204	-0.179978	0.13690431	-0.5037924	0.9999994	-0.3514455	0.19186455	-0.20946638
0.0633653	-0.06540669	0.09961438	-0.07496165	0.058216408	-0.116144866	0.15066376	-0.10061585	0.08801368	-0.054918315	0.12075659	-0.20562465	0.20174192	-0.08077065	0.07071991	-0.18906571	0.2713107	-0.62647665	0.2666392	-0.19673443	0.15507315	-0.3514455	0.9999993	-0.5173173	0.22845577
-0.052501936	0.053292863	-0.08824038	0.0659371	-0.055980287	0.08780862	-0.13091442	0.0839121	-0.078790784	0.051863942	-0.09485658	0.14481367	-0.16199353	0.08549572	-0.077918835	0.122331016	-0.19871494	0.28095502	-0.6024017	0.285991	-0.105481274	0.19186455	-0.5173173	0.99999934	-0.4462566
0.05795897	-0.059196904	0.09053387	-0.06883411	0.05654684	-0.10163024	0.14032073	-0.08559754	0.07968382	-0.05339386	0.10357588	-0.14660875	0.14799316	-0.08647481	0.07492566	-0.13953383	0.1731917	-0.24479008	0.31808212	-0.72350836	0.10908416	-0.20946638	0.22845577	-0.4462566	0.99999934
