1.0000001	-0.3253541	0.17372128	-0.1542587	0.07012396	-0.83997935	0.24986771	-0.2213824	0.15361148	-0.067720756	0.17837693	-0.15069807	0.13480413	-0.14946909	0.12036958	-0.11861914	0.13892926	-0.13135663	0.09980037	-0.10468413	0.08493985	-0.120542236	0.08204436	-0.10034627	0.06425337
-0.3253541	1.0	-0.67098814	0.28571656	-0.13196114	0.21859162	-0.3616453	0.27166504	-0.3291268	0.11496842	-0.19225019	0.16917048	-0.18637273	0.20041783	-0.19580297	0.1192197	-0.19831389	0.16102943	-0.1388143	0.14157857	-0.09939297	0.13175084	-0.10256438	0.12187401	-0.09217501
0.17372128	-0.67098814	1.0	-0.5379817	0.115169786	-0.15690777	0.24244381	-0.32849264	0.2863691	-0.10861177	0.1383117	-0.13978678	0.15737535	-0.18453309	0.14383498	-0.09121056	0.14434543	-0.13420482	0.11274938	-0.115392186	0.07499785	-0.10367998	0.08236661	-0.099921696	0.06890615
-0.1542587	0.28571656	-0.5379817	1.0000002	-0.19230963	0.13084996	-0.24078026	0.2466495	-0.66681415	0.15321775	-0.15073732	0.14555375	-0.17679073	0.21439575	-0.17535563	0.09636296	-0.16375755	0.14424144	-0.13342257	0.13056724	-0.08142624	0.1097984	-0.090945125	0.10867002	-0.077731475
0.07012396	-0.13196114	0.115169786	-0.19230963	1.0000002	-0.06309354	0.09821033	-0.10117568	0.15411687	-0.92196065	0.090141036	-0.09171988	0.09495363	-0.12816519	0.19288264	-0.0675594	0.104324065	-0.11618339	0.09898601	-0.14316845	0.057263013	-0.085353374	0.07074314	-0.092399366	0.07126283
-0.83997935	0.21859162	-0.15690777	0.13084996	-0.06309354	1.0000002	-0.36583972	0.20358424	-0.14664571	0.059643924	-0.21604851	0.14179426	-0.1289556	0.13326684	-0.11084597	0.11118022	-0.13251273	0.11643062	-0.09014022	0.09260219	-0.08045499	0.10797978	-0.073731326	0.08860136	-0.057979535
0.24986771	-0.3616453	0.24244381	-0.24078026	0.09821033	-0.36583972	1.0000005	-0.7016319	0.2447864	-0.09681624	0.18314786	-0.20727366	0.21867621	-0.22742222	0.16068274	-0.123801835	0.17780912	-0.1811059	0.13848604	-0.14143355	0.097345255	-0.13810931	0.106799416	-0.13041407	0.08236807
-0.2213824	0.27166504	-0.32849264	0.2466495	-0.10117568	0.20358424	-0.7016319	1.0000005	-0.37583807	0.09552175	-0.1807505	0.19688581	-0.31808868	0.2308671	-0.16362493	0.11312348	-0.18268536	0.17179565	-0.14061217	0.13384092	-0.09252862	0.12559034	-0.10301137	0.12128093	-0.07922231
0.15361148	-0.3291268	0.2863691	-0.66681415	0.15411687	-0.14664571	0.2447864	-0.37583807	1.0000002	-0.16251163	0.16574875	-0.18130432	0.21727552	-0.37684682	0.1869225	-0.11096317	0.17960496	-0.18064164	0.16531445	-0.16099368	0.09264105	-0.12931582	0.10951327	-0.1345319	0.08662653
-0.067720756	0.11496842	-0.10861177	0.15321775	-0.92196065	0.059643924	-0.09681624	0.09552175	-0.16251163	1.0	-0.086831026	0.085713625	-0.090871274	0.118983366	-0.2501138	0.06297052	-0.10108495	0.10610989	-0.09470691	0.13307662	-0.053824764	0.07836268	-0.06565398	0.08437876	-0.06687085
0.17837693	-0.19225019	0.1383117	-0.15073732	0.090141036	-0.21604851	0.18314786	-0.1807505	0.16574875	-0.086831026	0.9999998	-0.52579325	0.25356114	-0.26507345	0.20394835	-0.51485187	0.3115782	-0.2658689	0.18528178	-0.18844585	0.25576836	-0.34039363	0.17818734	-0.21236992	0.1151966
-0.15069807	0.16917048	-0.13978678	0.14555375	-0.09171988	0.14179426	-0.20727366	0.19688581	-0.18130432	0.085713625	-0.52579325	0.9999999	-0.55326736	0.27118856	-0.21569194	0.2262064	-0.46214008	0.2509334	-0.19191098	0.17496444	-0.17545807	0.2168226	-0.15733464	0.17582704	-0.10899923
0.13480413	-0.18637273	0.15737535	-0.17679073	0.09495363	-0.1289556	0.21867621	-0.31808868	0.21727552	-0.090871274	0.25356114	-0.55326736	1.0000002	-0.5437447	0.21498637	-0.16192566	0.2703579	-0.36316448	0.22992149	-0.19655107	0.13132326	-0.18138584	0.17015035	-0.19458778	0.10283031
-0.14946909	0.20041783	-0.18453309	0.21439575	-0.12816519	0.13326684	-0.22742222	0.2308671	-0.37684682	0.118983366	-0.26507345	0.27118856	-0.5437447	1.0000001	-0.32235253	0.16086845	-0.3014122	0.28043082	-0.4261097	0.25262207	-0.14121594	0.18493827	-0.18381634	0.2111477	-0.13170853
0.12036958	-0.19580297	0.14383498	-0.17535563	0.19288264	-0.11084597	0.16068274	-0.16362493	0.1869225	-0.2501138	0.20394835	-0.21569194	0.21498637	-0.32235253	0.9999998	-0.16729306	0.24759458	-0.3377016	0.30012038	-0.62372637	0.1440471	-0.22629026	0.20025939	-0.27696842	0.2060131
-0.11861914	0.1192197	-0.09121056	0.09636296	-0.0675594	0.11118022	-0.123801835	0.11312348	-0.11096317	0.06297052	-0.51485187	0.2262064	-0.16192566	0.16086845	-0.16729306	0.9999999	-0.3782242	0.18622343	-0.13484591	0.13431956	-0.6508076	0.3053816	-0.14819264	0.15563425	-0.0928335
0.13892926	-0.19831389	0.14434543	-0.16375755	0.104324065	-0.13251273	0.17780912	-0.18268536	0.17960496	-0.10108495	0.3115782	-0.46214008	0.2703579	-0.3014122	0.24759458	-0.3782242	0.99999976	-0.40866837	0.23586339	-0.24455221	0.25188	-0.42820773	0.2359062	-0.28387877	0.14808017
-0.13135663	0.16102943	-0.13420482	0.14424144	-0.11618339	0.11643062	-0.1811059	0.17179565	-0.18064164	0.10610989	-0.2658689	0.2509334	-0.36316448	0.28043082	-0.3377016	0.18622343	-0.40866837	0.9999997	-0.43444103	0.26233014	-0.18508105	0.24635388	-0.48100248	0.31028274	-0.15352331
0.09980037	-0.1388143	0.11274938	-0.13342257	0.09898601	-0.09014022	0.13848604	-0.14061217	0.16531445	-0.09470691	0.18528178	-0.19191098	0.22992149	-0.4261097	0.30012038	-0.13484591	0.23586339	-0.43444103	0.9999996	-0.58215046	0.12730722	-0.18493721	0.24477988	-0.39591798	0.1336426
-0.10468413	0.14157857	-0.115392186	0.13056724	-0.14316845	0.09260219	-0.14143355	0.13384092	-0.16099368	0.13307662	-0.18844585	0.17496444	-0.19655107	0.25262207	-0.62372637	0.13431956	-0.24455221	0.26233014	-0.58215046	0.99999964	-0.12431409	0.17161745	-0.18843052	0.22689615	-0.22132519
0.08493985	-0.09939297	0.07499785	-0.08142624	0.057263013	-0.08045499	0.097345255	-0.09252862	0.09264105	-0.053824764	0.25576836	-0.17545807	0.13132326	-0.14121594	0.1440471	-0.6508076	0.25188	-0.18508105	0.12730722	-0.12431409	0.9999999	-0.6258977	0.1730985	-0.18153326	0.08070092
-0.120542236	0.13175084	-0.10367998	0.1097984	-0.085353374	0.10797978	-0.13810931	0.12559034	-0.12931582	0.07836268	-0.34039363	0.2168226	-0.18138584	0.18493827	-0.22629026	0.3053816	-0.42820773	0.24635388	-0.18493721	0.17161745	-0.6258977	0.99999994	-0.34357172	0.23899156	-0.123379245
0.08204436	-0.10256438	0.08236661	-0.090945125	0.07074314	-0.073731326	0.106799416	-0.10301137	0.10951327	-0.06565398	0.17818734	-0.15733464	0.17015035	-0.18381634	0.20025939	-0.14819264	0.2359062	-0.48100248	0.24477988	-0.18843052	0.1730985	-0.34357172	1.0000002	-0.72371876	0.098841056
-0.10034627	0.12187401	-0.099921696	0.10867002	-0.092399366	0.08860136	-0.13041407	0.12128093	-0.1345319	0.08437876	-0.21236992	0.17582704	-0.19458778	0.2111477	-0.27696842	0.15563425	-0.28387877	0.31028274	-0.39591798	0.22689615	-0.18153326	0.23899156	-0.72371876	1.0000002	-0.13240698
0.06425337	-0.09217501	0.06890615	-0.077731475	0.07126283	-0.057979535	0.08236807	-0.07922231	0.08662653	-0.06687085	0.1151966	-0.10899923	0.10283031	-0.13170853	0.2060131	-0.0928335	0.14808017	-0.15352331	0.1336426	-0.22132519	0.08070092	-0.123379245	0.098841056	-0.13240698	1.0000002
