1.0	-0.5838689	0.2795732	-0.12508003	0.11932206	-0.59313244	0.27264142	-0.27398378	0.1335871	-0.12927589	0.2393298	-0.23762397	0.1300195	-0.11578505	0.15190367	-0.17733479	0.13835995	-0.10544525	0.09952538	-0.07445427	0.13307314	-0.14051743	0.10866088	-0.09466284	0.06959948
-0.5838689	1.0000001	-0.63118577	0.13989131	-0.13716407	0.2623567	-0.31841943	0.25939766	-0.1384776	0.12611875	-0.19582495	0.18562147	-0.12192323	0.10639918	-0.1472758	0.13586086	-0.12017874	0.09255373	-0.091458715	0.06716063	-0.115028895	0.115177676	-0.09781339	0.08431428	-0.06337676
0.2795732	-0.63118577	0.9999994	-0.25292054	0.19426669	-0.25619793	0.26835465	-0.48342532	0.20532297	-0.19447319	0.1822112	-0.203305	0.16046426	-0.14796762	0.19979246	-0.16103347	0.13945039	-0.117135294	0.11937346	-0.09046295	0.12929918	-0.1420628	0.12173547	-0.111879624	0.08354973
-0.12508003	0.13989131	-0.25292054	0.999999	-0.7702068	0.10815081	-0.14708292	0.21476622	-0.45143062	0.28645787	-0.09965863	0.10881968	-0.14435738	0.14428678	-0.2180139	0.09288872	-0.09296995	0.08861944	-0.10635306	0.07691171	-0.08158946	0.09048943	-0.09549534	0.09088526	-0.0708844
0.11932206	-0.13716407	0.19426669	-0.7702068	0.9999991	-0.11044914	0.14254203	-0.22449322	0.2974383	-0.42963725	0.100843534	-0.112988874	0.13791434	-0.14398885	0.22917284	-0.1000576	0.096600704	-0.091880195	0.10685642	-0.08325529	0.08609823	-0.097508416	0.09800747	-0.09656992	0.075172655
-0.59313244	0.2623567	-0.25619793	0.10815081	-0.11044914	0.9999991	-0.4414942	0.23462681	-0.12423616	0.11417937	-0.49994305	0.28003734	-0.13374646	0.11234931	-0.14352395	0.19150037	-0.15788023	0.109606385	-0.100265354	0.07202582	-0.15793431	0.14515924	-0.11499054	0.093245745	-0.068857
0.27264142	-0.31841943	0.26835465	-0.14708292	0.14254203	-0.4414942	0.99999917	-0.5146239	0.18007174	-0.16589637	0.28750342	-0.48994833	0.1795145	-0.15632387	0.1853333	-0.20694199	0.18951711	-0.14187716	0.1288509	-0.09414005	0.16324997	-0.18105733	0.14090852	-0.12177944	0.08777865
-0.27398378	0.25939766	-0.48342532	0.21476622	-0.22449322	0.23462681	-0.5146239	0.9999991	-0.37360477	0.23513134	-0.21883838	0.2362257	-0.26163575	0.2010856	-0.2719262	0.17043877	-0.1742378	0.14953057	-0.1594528	0.11204046	-0.15316653	0.1589061	-0.15793273	0.13912657	-0.1062299
0.1335871	-0.1384776	0.20532297	-0.45143062	0.2974383	-0.12423616	0.18007174	-0.37360477	0.99999875	-0.6347538	0.11830592	-0.13567261	0.20356919	-0.2751387	0.2665887	-0.11386752	0.116635464	-0.11913845	0.14759639	-0.10467669	0.09915036	-0.11410895	0.12359181	-0.12554039	0.09322663
-0.12927589	0.12611875	-0.19447319	0.28645787	-0.42963725	0.11417937	-0.16589637	0.23513134	-0.6347538	0.9999985	-0.11229102	0.12327097	-0.18554263	0.18896282	-0.4792766	0.10756213	-0.11152103	0.110224314	-0.1395567	0.10617327	-0.095988356	0.10758312	-0.119531244	0.11676055	-0.09669771
0.2393298	-0.19582495	0.1822112	-0.09965863	0.100843534	-0.49994305	0.28750342	-0.21883838	0.11830592	-0.11229102	0.9999985	-0.6257612	0.15417467	-0.13019535	0.14294234	-0.3732285	0.21502246	-0.14065085	0.115341105	-0.08195118	0.21358515	-0.20608756	0.13873492	-0.11030331	0.077665746
-0.23762397	0.18562147	-0.203305	0.10881968	-0.112988874	0.28003734	-0.48994833	0.2362257	-0.13567261	0.12327097	-0.6257612	0.9999988	-0.2163155	0.15579666	-0.16196732	0.24485296	-0.33412215	0.17311902	-0.13956055	0.09386147	-0.21787064	0.21580946	-0.17152159	0.12812835	-0.09029332
0.1300195	-0.12192323	0.16046426	-0.14435738	0.13791434	-0.13374646	0.1795145	-0.26163575	0.20356919	-0.18554263	0.15417467	-0.2163155	0.999999	-0.71750575	0.21039172	-0.16713966	0.2031376	-0.35210454	0.27231893	-0.1767788	0.1405587	-0.19315778	0.23904532	-0.26055905	0.14997625
-0.11578505	0.10639918	-0.14796762	0.14428678	-0.14398885	0.11234931	-0.15632387	0.2010856	-0.2751387	0.18896282	-0.13019535	0.15579666	-0.71750575	0.9999992	-0.24462757	0.13436298	-0.17216218	0.22672379	-0.435706	0.16940105	-0.11991368	0.15325388	-0.22934918	0.23486178	-0.15464164
0.15190367	-0.1472758	0.19979246	-0.2180139	0.22917284	-0.14352395	0.1853333	-0.2719262	0.2665887	-0.4792766	0.14294234	-0.16196732	0.21039172	-0.24462757	0.9999991	-0.15698287	0.15232489	-0.15137745	0.18507355	-0.19987983	0.13612846	-0.15831494	0.16271174	-0.17595042	0.15728396
-0.17733479	0.13586086	-0.16103347	0.09288872	-0.1000576	0.19150037	-0.20694199	0.17043877	-0.11386752	0.10756213	-0.3732285	0.24485296	-0.16713966	0.13436298	-0.15698287	0.9999988	-0.35663098	0.18197529	-0.14703014	0.09743433	-0.70910686	0.2996972	-0.2058505	0.1347773	-0.098241806
0.13835995	-0.12017874	0.13945039	-0.09296995	0.096600704	-0.15788023	0.18951711	-0.1742378	0.116635464	-0.11152103	0.21502246	-0.33412215	0.2031376	-0.17216218	0.15232489	-0.35663098	0.9999985	-0.46381146	0.18185402	-0.12065203	0.27164274	-0.6090131	0.2720679	-0.18427816	0.11485452
-0.10544525	0.09255373	-0.117135294	0.08861944	-0.091880195	0.109606385	-0.14187716	0.14953057	-0.11913845	0.110224314	-0.14065085	0.17311902	-0.35210454	0.22672379	-0.15137745	0.18197529	-0.46381146	0.9999985	-0.3083617	0.15238117	-0.16561653	0.25371197	-0.65853477	0.25728545	-0.15283564
0.09952538	-0.091458715	0.11937346	-0.10635306	0.10685642	-0.100265354	0.1288509	-0.1594528	0.14759639	-0.1395567	0.115341105	-0.13956055	0.27231893	-0.435706	0.18507355	-0.14703014	0.18185402	-0.3083617	0.9999981	-0.38298494	0.12527402	-0.18337266	0.27191043	-0.61810094	0.26713973
-0.07445427	0.06716063	-0.09046295	0.07691171	-0.08325529	0.07202582	-0.09414005	0.11204046	-0.10467669	0.10617327	-0.08195118	0.09386147	-0.1767788	0.16940105	-0.19987983	0.09743433	-0.12065203	0.15238117	-0.38298494	0.99999785	-0.08820757	0.11528584	-0.19114876	0.28076774	-0.8243744
0.13307314	-0.115028895	0.12929918	-0.08158946	0.08609823	-0.15793431	0.16324997	-0.15316653	0.09915036	-0.095988356	0.21358515	-0.21787064	0.1405587	-0.11991368	0.13612846	-0.70910686	0.27164274	-0.16561653	0.12527402	-0.08820757	0.99999774	-0.54318744	0.17355573	-0.12374383	0.08551581
-0.14051743	0.115177676	-0.1420628	0.09048943	-0.097508416	0.14515924	-0.18105733	0.1589061	-0.11410895	0.10758312	-0.20608756	0.21580946	-0.19315778	0.15325388	-0.15831494	0.2996972	-0.6090131	0.25371197	-0.18337266	0.11528584	-0.54318744	0.99999785	-0.3178998	0.17058332	-0.11877587
0.10866088	-0.09781339	0.12173547	-0.09549534	0.09800747	-0.11499054	0.14090852	-0.15793273	0.12359181	-0.119531244	0.13873492	-0.17152159	0.23904532	-0.22934918	0.16271174	-0.2058505	0.2720679	-0.65853477	0.27191043	-0.19114876	0.17355573	-0.3178998	0.99999785	-0.46424913	0.18069746
-0.09466284	0.08431428	-0.111879624	0.09088526	-0.09656992	0.093245745	-0.12177944	0.13912657	-0.12554039	0.11676055	-0.11030331	0.12812835	-0.26055905	0.23486178	-0.17595042	0.1347773	-0.18427816	0.25728545	-0.61810094	0.28076774	-0.12374383	0.17058332	-0.46424913	0.9999979	-0.42245477
0.06959948	-0.06337676	0.08354973	-0.0708844	0.075172655	-0.068857	0.08777865	-0.1062299	0.09322663	-0.09669771	0.077665746	-0.09029332	0.14997625	-0.15464164	0.15728396	-0.098241806	0.11485452	-0.15283564	0.26713973	-0.8243744	0.08551581	-0.11877587	0.18069746	-0.42245477	0.9999979
