1.0	-0.8372889	0.24430133	-0.05633688	0.055665422	-0.15095197	0.2512128	-0.2677095	0.052253775	-0.05355567	0.12613416	-0.2548832	0.13553178	-0.119821444	0.13993806	-0.11392121	0.116653815	-0.075019166	0.06411149	-0.06610367	0.09343527	-0.115451574	0.06705068	-0.040530544	0.043867968
-0.8372889	0.9999998	-0.3195701	0.054027855	-0.05451864	0.116786115	-0.33741048	0.23469172	-0.044863895	0.045230057	-0.11069515	0.2095934	-0.11819109	0.09744921	-0.11717868	0.08975246	-0.099131286	0.060087502	-0.052698404	0.053625453	-0.077033654	0.091673546	-0.054810654	0.032914292	-0.03593741
0.24430133	-0.3195701	1.0000001	-0.16606674	0.13927098	-0.1338498	0.27582535	-0.7151057	0.09486259	-0.09759141	0.12200252	-0.28066435	0.19034013	-0.17027614	0.2017121	-0.13537598	0.13821399	-0.09490026	0.08940522	-0.09229254	0.112744436	-0.13692068	0.08532067	-0.05629158	0.061335105
-0.05633688	0.054027855	-0.16606674	1.0	-0.95746547	0.03001558	-0.059761476	0.10998055	-0.14132561	0.12836708	-0.028673664	0.06112096	-0.0602411	0.058561407	-0.07030879	0.03196661	-0.03312924	0.025103332	-0.028936489	0.029641222	-0.027758818	0.032303844	-0.022950547	0.017728683	-0.019508902
0.055665422	-0.05451864	0.13927098	-0.95746547	0.99999964	-0.031875588	0.061905414	-0.11843783	0.12868898	-0.15070175	0.03014676	-0.06529982	0.061700143	-0.0611064	0.07259613	-0.03439847	0.03521306	-0.026707342	0.03019076	-0.031151641	0.02958703	-0.034653995	0.024282925	-0.018635647	0.020428773
-0.15095197	0.116786115	-0.1338498	0.03001558	-0.031875588	0.9999994	-0.19786134	0.12791725	-0.0311228	0.03111479	-0.9297658	0.16648594	-0.093394294	0.07474143	-0.09551111	0.1366867	-0.10658062	0.056228075	-0.043546565	0.043839082	-0.12657945	0.0932841	-0.053192385	0.027207132	-0.029805494
0.2512128	-0.33741048	0.27582535	-0.059761476	0.061905414	-0.19786134	0.99999934	-0.45761392	0.06522223	-0.065601535	0.16639693	-0.6578945	0.20117839	-0.16551533	0.16598274	-0.1521397	0.18581045	-0.10179854	0.080887884	-0.08226136	0.12516418	-0.17220452	0.09116798	-0.05039426	0.053763635
-0.2677095	0.23469172	-0.7151057	0.10998055	-0.11843783	0.12791725	-0.45761392	0.99999934	-0.100760706	0.09336939	-0.12918492	0.26224282	-0.22948748	0.16380906	-0.2075104	0.11792302	-0.13705562	0.087092504	-0.08790782	0.087635845	-0.10676127	0.12171434	-0.0816134	0.053569607	-0.05962357
0.052253775	-0.044863895	0.09486259	-0.14132561	0.12868898	-0.0311228	0.06522223	-0.100760706	0.99999946	-0.9486091	0.031155543	-0.070707075	0.120463364	-0.16437238	0.1305631	-0.03591279	0.039825276	-0.03588882	0.055733994	-0.056950644	0.03261069	-0.037974004	0.032786947	-0.032715783	0.03483091
-0.05355567	0.045230057	-0.09759141	0.12836708	-0.15070175	0.03111479	-0.065601535	0.09336939	-0.9486091	0.9999995	-0.03145088	0.069526955	-0.12590519	0.13926758	-0.14805852	0.035742007	-0.039981112	0.03595753	-0.056629453	0.05701737	-0.032801375	0.037760258	-0.033244543	0.032822132	-0.03574785
0.12613416	-0.11069515	0.12200252	-0.028673664	0.03014676	-0.9297658	0.16639693	-0.12918492	0.031155543	-0.03145088	0.9999995	-0.19019867	0.09345984	-0.077860884	0.09404718	-0.16720691	0.10953902	-0.05927274	0.044216424	-0.044918876	0.12484371	-0.10034406	0.054815333	-0.027830888	0.030148981
-0.2548832	0.2095934	-0.28066435	0.06112096	-0.06529982	0.16648594	-0.6578945	0.26224282	-0.070707075	0.069526955	-0.19019867	0.99999994	-0.33786	0.19817463	-0.20970756	0.17405419	-0.33777618	0.122912094	-0.10003478	0.09806586	-0.15937968	0.20561507	-0.11685304	0.060386397	-0.065466136
0.13553178	-0.11819109	0.19034013	-0.0602411	0.061700143	-0.093394294	0.20117839	-0.22948748	0.120463364	-0.12590519	0.09345984	-0.33786	1.0000002	-0.7510081	0.2736366	-0.11390209	0.13755122	-0.13169639	0.16751552	-0.17111835	0.10125694	-0.1296361	0.11106945	-0.10062034	0.098758504
-0.119821444	0.09744921	-0.17027614	0.058561407	-0.0611064	0.07474143	-0.16551533	0.16380906	-0.16437238	0.13926758	-0.077860884	0.19817463	-0.7510081	1.0000004	-0.4299184	0.09039049	-0.11102689	0.11080771	-0.24565779	0.19281712	-0.084933914	0.10068626	-0.10235641	0.11367309	-0.11798618
0.13993806	-0.11717868	0.2017121	-0.07030879	0.07259613	-0.09551111	0.16598274	-0.2075104	0.1305631	-0.14805852	0.09404718	-0.20970756	0.2736366	-0.4299184	1.0000004	-0.12484626	0.12834202	-0.13333735	0.2220194	-0.32663676	0.11153104	-0.13007939	0.11740493	-0.14197497	0.15175867
-0.11392121	0.08975246	-0.13537598	0.03196661	-0.03439847	0.1366867	-0.1521397	0.11792302	-0.03591279	0.035742007	-0.16720691	0.17405419	-0.11390209	0.09039049	-0.12484626	1.0000004	-0.4089739	0.13345554	-0.06653329	0.06572658	-0.80698925	0.2866114	-0.13537946	0.04220982	-0.04523148
0.116653815	-0.099131286	0.13821399	-0.03312924	0.03521306	-0.10658062	0.18581045	-0.13705562	0.039825276	-0.039981112	0.10953902	-0.33777618	0.13755122	-0.11102689	0.12834202	-0.4089739	1.0000005	-0.23993048	0.083067454	-0.08215228	0.2843111	-0.7193406	0.20242211	-0.052793648	0.053689852
-0.075019166	0.060087502	-0.09490026	0.025103332	-0.026707342	0.056228075	-0.10179854	0.087092504	-0.03588882	0.03595753	-0.05927274	0.122912094	-0.13169639	0.11080771	-0.13333735	0.13345554	-0.23993048	1.0000001	-0.18426017	0.13984628	-0.15937544	0.22392678	-0.88632333	0.098263726	-0.09522365
0.06411149	-0.052698404	0.08940522	-0.028936489	0.03019076	-0.043546565	0.080887884	-0.08790782	0.055733994	-0.056629453	0.044216424	-0.10003478	0.16751552	-0.24565779	0.2220194	-0.06653329	0.083067454	-0.18426017	1.0000001	-0.7492483	0.06611208	-0.083420314	0.1427285	-0.4350548	0.28831652
-0.06610367	0.053625453	-0.09229254	0.029641222	-0.031151641	0.043839082	-0.08226136	0.087635845	-0.056950644	0.05701737	-0.044918876	0.09806586	-0.17111835	0.19281712	-0.32663676	0.06572658	-0.08215228	0.13984628	-0.7492483	0.99999994	-0.06663906	0.080362156	-0.13848352	0.28297466	-0.4205944
0.09343527	-0.077033654	0.112744436	-0.027758818	0.02958703	-0.12657945	0.12516418	-0.10676127	0.03261069	-0.032801375	0.12484371	-0.15937968	0.10125694	-0.084933914	0.11153104	-0.80698925	0.2843111	-0.15937544	0.06611208	-0.06663906	1.0000004	-0.44086748	0.1448436	-0.042766947	0.044365756
-0.115451574	0.091673546	-0.13692068	0.032303844	-0.034653995	0.0932841	-0.17220452	0.12171434	-0.037974004	0.037760258	-0.10034406	0.20561507	-0.1296361	0.10068626	-0.13007939	0.2866114	-0.7193406	0.22392678	-0.083420314	0.080362156	-0.44086748	1.0000004	-0.3080213	0.053155355	-0.05496234
0.06705068	-0.054810654	0.08532067	-0.022950547	0.024282925	-0.053192385	0.09116798	-0.0816134	0.032786947	-0.033244543	0.054815333	-0.11685304	0.11106945	-0.10235641	0.11740493	-0.13537946	0.20242211	-0.88632333	0.1427285	-0.13848352	0.1448436	-0.3080213	1.0000004	-0.09741258	0.08645803
-0.040530544	0.032914292	-0.05629158	0.017728683	-0.018635647	0.027207132	-0.05039426	0.053569607	-0.032715783	0.032822132	-0.027830888	0.060386397	-0.10062034	0.11367309	-0.14197497	0.04220982	-0.052793648	0.098263726	-0.4350548	0.28297466	-0.042766947	0.053155355	-0.09741258	1.0000004	-0.8383477
0.043867968	-0.03593741	0.061335105	-0.019508902	0.020428773	-0.029805494	0.053763635	-0.05962357	0.03483091	-0.03574785	0.030148981	-0.065466136	0.098758504	-0.11798618	0.15175867	-0.04523148	0.053689852	-0.09522365	0.28831652	-0.4205944	0.044365756	-0.05496234	0.08645803	-0.8383477	1.0000004
