0.99999994	-0.6246183	0.07582571	-0.068344526	0.010677451	-0.69952273	0.3116218	-0.13213384	0.065509655	-0.010732675	0.07440122	-0.06835576	0.06809098	-0.050652426	0.059858315	-0.040809322	0.035720408	-0.042226255	0.08445773	-0.044979416	0.040023044	-0.04834915	0.028502269	-0.03010167	0.07586573
-0.6246183	1.0	-0.14028044	0.110506214	-0.018061215	0.32955855	-0.6200008	0.2026844	-0.11520996	0.018025678	-0.1141375	0.11306327	-0.11800907	0.08717666	-0.10538406	0.06057331	-0.05850096	0.06814464	-0.14924768	0.07865479	-0.06408915	0.07546411	-0.047144916	0.049336165	-0.13234666
0.07582571	-0.14028044	1.0	-0.8983857	0.059816632	-0.07780672	0.1134091	-0.2748574	0.19826825	-0.06219964	0.07348114	-0.055717483	0.05723703	-0.16048713	0.10669968	-0.041750666	0.043763183	-0.05322914	0.14641836	-0.082288824	0.046046603	-0.058583777	0.038585547	-0.041256722	0.11397766
-0.068344526	0.110506214	-0.8983857	1.0000002	-0.07026253	0.0677676	-0.10321879	0.20543252	-0.27409247	0.065608606	-0.07187805	0.05016195	-0.052305102	0.16151488	-0.114565514	0.04049971	-0.0432511	0.05215379	-0.16025588	0.08576682	-0.045164064	0.0568951	-0.038468126	0.04100199	-0.11659906
0.010677451	-0.018061215	0.059816632	-0.07026253	1.0000001	-0.0124387015	0.017249223	-0.04394774	0.055670533	-0.993082	0.015316205	-0.010465121	0.010578926	-0.042279035	0.029913915	-0.0089858	0.009630231	-0.011909292	0.034618836	-0.02268472	0.009944867	-0.013130173	0.008773892	-0.009541986	0.026211694
-0.69952273	0.32955855	-0.07780672	0.0677676	-0.0124387015	1.0000004	-0.5825288	0.16609575	-0.08537535	0.012391627	-0.109824456	0.09904981	-0.10172763	0.06536603	-0.08179327	0.057148498	-0.049910914	0.058413647	-0.11582398	0.06124757	-0.05634014	0.06656646	-0.039339267	0.041370384	-0.10469759
0.3116218	-0.6200008	0.1134091	-0.10321879	0.017249223	-0.5825288	1.0000002	-0.31442067	0.11166531	-0.017311387	0.11995193	-0.18025078	0.14903307	-0.086529486	0.10190821	-0.06695369	0.06403793	-0.07608832	0.14399974	-0.07662757	0.06748162	-0.08279065	0.048885603	-0.051557753	0.12909892
-0.13213384	0.2026844	-0.2748574	0.20543252	-0.04394774	0.16609575	-0.31442067	1.0000002	-0.3640003	0.043152902	-0.24778523	0.16814472	-0.20346718	0.25006232	-0.31705692	0.1302659	-0.13481455	0.15557772	-0.45363295	0.23252425	-0.14887242	0.17243166	-0.12214728	0.12651393	-0.38581216
0.065509655	-0.11520996	0.19826825	-0.27409247	0.055670533	-0.08537535	0.11166531	-0.3640003	1.0000001	-0.059083212	0.113454275	-0.081437685	0.08116763	-0.7637182	0.21310662	-0.06853134	0.07484067	-0.09551614	0.2747438	-0.17594486	0.07508061	-0.10266663	0.06570108	-0.0725224	0.18629712
-0.010732675	0.018025678	-0.06219964	0.065608606	-0.993082	0.012391627	-0.017311387	0.043152902	-0.059083212	1.0000005	-0.015343162	0.010407951	-0.010550395	0.04203886	-0.030739998	0.008980389	-0.009658635	0.0119152935	-0.03536595	0.022895087	-0.009956241	0.013107585	-0.008809455	0.009566714	-0.026499288
0.07440122	-0.1141375	0.07348114	-0.07187805	0.015316205	-0.109824456	0.11995193	-0.24778523	0.113454275	-0.015343162	1.0000004	-0.17256188	0.1450323	-0.09899444	0.13233563	-0.638859	0.20504214	-0.2614384	0.18456727	-0.10691652	0.3114638	-0.41770837	0.15384875	-0.17506537	0.202478
-0.06835576	0.11306327	-0.055717483	0.05016195	-0.010465121	0.09904981	-0.18025078	0.16814472	-0.081437685	0.010407951	-0.17256188	1.0000004	-0.92696476	0.0680016	-0.07958459	0.09037789	-0.119718984	0.13184926	-0.115953	0.06142483	-0.08699509	0.10600321	-0.054490615	0.055988573	-0.104953766
0.06809098	-0.11800907	0.05723703	-0.052305102	0.010578926	-0.10172763	0.14903307	-0.20346718	0.08116763	-0.010550395	0.1450323	-0.92696476	1.0000002	-0.07001794	0.077950634	-0.088693224	0.11608116	-0.15509444	0.11347218	-0.060606368	0.08311155	-0.10958602	0.055162042	-0.057393227	0.10263484
-0.050652426	0.08717666	-0.16048713	0.16151488	-0.042279035	0.06536603	-0.086529486	0.25006232	-0.7637182	0.04203886	-0.09899444	0.0680016	-0.07001794	1.0000005	-0.31472355	0.05999707	-0.07163347	0.08990468	-0.4304694	0.20482038	-0.06680948	0.09123026	-0.061895862	0.06839499	-0.1882098
0.059858315	-0.10538406	0.10669968	-0.114565514	0.029913915	-0.08179327	0.10190821	-0.31705692	0.21310662	-0.030739998	0.13233563	-0.07958459	0.077950634	-0.31472355	1.0000004	-0.083105125	0.08900756	-0.11419044	0.3029167	-0.7356442	0.09132934	-0.13174169	0.08988732	-0.10595941	0.28987545
-0.040809322	0.06057331	-0.041750666	0.04049971	-0.0089858	0.057148498	-0.06695369	0.1302659	-0.06853134	0.008980389	-0.638859	0.09037789	-0.088693224	0.05999707	-0.083105125	1.0000002	-0.17405954	0.16583443	-0.1171881	0.06741502	-0.6554952	0.2801587	-0.106509574	0.10782457	-0.13153471
0.035720408	-0.05850096	0.043763183	-0.0432511	0.009630231	-0.049910914	0.06403793	-0.13481455	0.07484067	-0.009658635	0.20504214	-0.119718984	0.11608116	-0.07163347	0.08900756	-0.17405954	1.0000002	-0.8326974	0.14646414	-0.07763206	0.19716226	-0.40540648	0.13899541	-0.13295916	0.13366403
-0.042226255	0.06814464	-0.05322914	0.05215379	-0.011909292	0.058413647	-0.07608832	0.15557772	-0.09551614	0.0119152935	-0.2614384	0.13184926	-0.15509444	0.08990468	-0.11419044	0.16583443	-0.8326974	1.0000002	-0.2092827	0.09830259	-0.2182642	0.26704466	-0.16109766	0.13583651	-0.16892792
0.08445773	-0.14924768	0.14641836	-0.16025588	0.034618836	-0.11582398	0.14399974	-0.45363295	0.2747438	-0.03536595	0.18456727	-0.115953	0.11347218	-0.4304694	0.3029167	-0.1171881	0.14646414	-0.2092827	1.0000004	-0.41493076	0.12886554	-0.18628724	0.116942085	-0.1335014	0.2988868
-0.044979416	0.07865479	-0.082288824	0.08576682	-0.02268472	0.06124757	-0.07662757	0.23252425	-0.17594486	0.022895087	-0.10691652	0.06142483	-0.060606368	0.20482038	-0.7356442	0.06741502	-0.07763206	0.09830259	-0.41493076	1.0000002	-0.075577505	0.10881169	-0.08595398	0.09963334	-0.44018582
0.040023044	-0.06408915	0.046046603	-0.045164064	0.009944867	-0.05634014	0.06748162	-0.14887242	0.07508061	-0.009956241	0.3114638	-0.08699509	0.08311155	-0.06680948	0.09132934	-0.6554952	0.19716226	-0.2182642	0.12886554	-0.075577505	1.0	-0.57486856	0.14842203	-0.15927182	0.14656468
-0.04834915	0.07546411	-0.058583777	0.0568951	-0.013130173	0.06656646	-0.08279065	0.17243166	-0.10266663	0.013107585	-0.41770837	0.10600321	-0.10958602	0.09123026	-0.13174169	0.2801587	-0.40540648	0.26704466	-0.18628724	0.10881169	-0.57486856	1.0	-0.29931217	0.21365286	-0.22397707
0.028502269	-0.047144916	0.038585547	-0.038468126	0.008773892	-0.039339267	0.048885603	-0.12214728	0.06570108	-0.008809455	0.15384875	-0.054490615	0.055162042	-0.061895862	0.08988732	-0.106509574	0.13899541	-0.16109766	0.116942085	-0.08595398	0.14842203	-0.29931217	0.99999994	-0.886215	0.1846046
-0.03010167	0.049336165	-0.041256722	0.04100199	-0.009541986	0.041370384	-0.051557753	0.12651393	-0.0725224	0.009566714	-0.17506537	0.055988573	-0.057393227	0.06839499	-0.10595941	0.10782457	-0.13295916	0.13583651	-0.1335014	0.09963334	-0.15927182	0.21365286	-0.886215	1.0000001	-0.2618527
0.07586573	-0.13234666	0.11397766	-0.11659906	0.026211694	-0.10469759	0.12909892	-0.38581216	0.18629712	-0.026499288	0.202478	-0.104953766	0.10263484	-0.1882098	0.28987545	-0.13153471	0.13366403	-0.16892792	0.2988868	-0.44018582	0.14656468	-0.22397707	0.1846046	-0.2618527	1.0000001
