1.0	-0.5617314	0.24379572	-0.10724564	0.08328174	-0.5868785	0.29721424	-0.24878244	0.08462879	-0.058821432	0.28579974	-0.17608911	0.16181357	-0.05207203	0.052088093	-0.046011705	0.044003204	-0.031607836	0.0067996555	-0.0089368075	0.030791825	-0.028621625	0.030196093	-0.006613578	0.0094146645
-0.5617314	1.0	-0.45388073	0.12096538	-0.0974651	0.27571833	-0.56482327	0.2920264	-0.09644341	0.06445275	-0.23666063	0.1669381	-0.16881911	0.050557245	-0.051415134	0.034373492	-0.03415377	0.026221113	-0.005635088	0.008289462	-0.02370408	0.022020962	-0.024901541	0.0054728007	-0.008749833
0.24379572	-0.45388073	1.0000001	-0.27428153	0.16008139	-0.2211747	0.30371067	-0.66236013	0.15481792	-0.10834817	0.20850924	-0.18377155	0.18558379	-0.06992216	0.06953125	-0.037331954	0.037785698	-0.029830365	0.0069028675	-0.011211152	0.025812864	-0.024687503	0.028007623	-0.0067196093	0.011771312
-0.10724564	0.12096538	-0.27428153	0.9999999	-0.69209164	0.08803341	-0.115314454	0.1653742	-0.53902286	0.31158945	-0.10667183	0.08225288	-0.091386475	0.1129138	-0.11911865	0.018576575	-0.019176783	0.015101262	-0.0060051694	0.01673222	-0.013058551	0.012441532	-0.014340885	0.005867574	-0.017480042
0.08328174	-0.0974651	0.16008139	-0.69209164	0.9999996	-0.0726136	0.09018104	-0.13848932	0.3258874	-0.5875768	0.08646773	-0.07057314	0.075836845	-0.11965758	0.11533478	-0.015966482	0.016465297	-0.012985314	0.0056367125	-0.016061291	0.011184691	-0.010745339	0.012295595	-0.0055306833	0.016404169
-0.5868785	0.27571833	-0.2211747	0.08803341	-0.0726136	0.9999996	-0.39604014	0.21568738	-0.07418922	0.050625756	-0.5867293	0.18644398	-0.1780723	0.04802944	-0.048639826	0.049951963	-0.04633833	0.03187356	-0.0064135226	0.008056283	-0.03369034	0.02921048	-0.030890813	0.006222454	-0.00851383
0.29721424	-0.56482327	0.30371067	-0.115314454	0.09018104	-0.39604014	0.9999998	-0.52741176	0.09351192	-0.064300165	0.25202814	-0.26722762	0.21387833	-0.057298806	0.05712136	-0.039706554	0.03958548	-0.031496502	0.006551072	-0.009258321	0.027270446	-0.02576116	0.029544562	-0.0063655023	0.009771097
-0.24878244	0.2920264	-0.66236013	0.1653742	-0.13848932	0.21568738	-0.52741176	0.99999976	-0.14660962	0.093527645	-0.2315756	0.21157144	-0.27815866	0.06983186	-0.070977345	0.03641246	-0.037887406	0.032201994	-0.0068396763	0.010931412	-0.025754519	0.024525704	-0.0301078	0.006637825	-0.011547176
0.08462879	-0.09644341	0.15481792	-0.53902286	0.3258874	-0.07418922	0.09351192	-0.14660962	0.9999995	-0.7097826	0.089664444	-0.07695175	0.083568245	-0.18508768	0.15872513	-0.016718237	0.017330492	-0.013930388	0.007073928	-0.02114995	0.011748682	-0.011343578	0.013155994	-0.006947831	0.02165648
-0.058821432	0.06445275	-0.10834817	0.31158945	-0.5875768	0.050625756	-0.064300165	0.093527645	-0.7097826	0.99999946	-0.06300346	0.05492536	-0.06115554	0.1522326	-0.18048011	0.011642238	-0.012138981	0.009917531	-0.005825932	0.02016102	-0.008220145	0.007952576	-0.009365724	0.0057161115	-0.020655254
0.28579974	-0.23666063	0.20850924	-0.10667183	0.08646773	-0.5867293	0.25202814	-0.2315756	0.089664444	-0.06300346	0.9999992	-0.33554378	0.23671478	-0.067832164	0.06713953	-0.096733175	0.080481865	-0.052733272	0.010451396	-0.011732196	0.059553485	-0.051880352	0.05103087	-0.010160761	0.012367486
-0.17608911	0.1669381	-0.18377155	0.08225288	-0.07057314	0.18644398	-0.26722762	0.21157144	-0.07695175	0.05492536	-0.33554378	0.9999991	-0.83558	0.09652524	-0.09904669	0.049669113	-0.05648514	0.058969755	-0.010073012	0.014099029	-0.03658515	0.0367025	-0.053761125	0.009729011	-0.015067757
0.16181357	-0.16881911	0.18558379	-0.091386475	0.075836845	-0.1780723	0.21387833	-0.27815866	0.083568245	-0.06115554	0.23671478	-0.83558	0.9999991	-0.12872048	0.109835766	-0.052805986	0.0605447	-0.07330384	0.011586624	-0.015980111	0.0389129	-0.04085503	0.06044347	-0.011255062	0.016923359
-0.05207203	0.050557245	-0.06992216	0.1129138	-0.11965758	0.04802944	-0.057298806	0.06983186	-0.18508768	0.1522326	-0.067832164	0.09652524	-0.12872048	0.99999934	-0.9425712	0.014345932	-0.01577547	0.01559411	-0.020856453	0.0807733	-0.010459006	0.010691938	-0.014405222	0.020083185	-0.08743355
0.052088093	-0.051415134	0.06953125	-0.11911865	0.11533478	-0.048639826	0.05712136	-0.070977345	0.15872513	-0.18048011	0.06713953	-0.09904669	0.109835766	-0.9425712	0.9999992	-0.014479932	0.015743135	-0.015262467	0.019737046	-0.09172195	0.010472524	-0.010702559	0.014050522	-0.019567508	0.08366985
-0.046011705	0.034373492	-0.037331954	0.018576575	-0.015966482	0.049951963	-0.039706554	0.03641246	-0.016718237	0.011642238	-0.096733175	0.049669113	-0.052805986	0.014345932	-0.014479932	0.9999989	-0.6357406	0.21163034	-0.029471278	0.0043376596	-0.64047027	0.3191648	-0.24239472	0.028283227	-0.004496827
0.044003204	-0.03415377	0.037785698	-0.019176783	0.016465297	-0.04633833	0.03958548	-0.037887406	0.017330492	-0.012138981	0.080481865	-0.05648514	0.0605447	-0.01577547	0.015743135	-0.6357406	0.999999	-0.42367685	0.033360705	-0.0048360783	0.31098175	-0.51626253	0.27536127	-0.03306217	0.004999967
-0.031607836	0.026221113	-0.029830365	0.015101262	-0.012985314	0.03187356	-0.031496502	0.032201994	-0.013930388	0.009917531	-0.052733272	0.058969755	-0.07330384	0.01559411	-0.015262467	0.21163034	-0.42367685	0.9999989	-0.061315548	0.0060091577	-0.20935987	0.25886965	-0.8294164	0.058013786	-0.0062045064
0.0067996555	-0.005635088	0.0069028675	-0.0060051694	0.0056367125	-0.0064135226	0.006551072	-0.0068396763	0.007073928	-0.005825932	0.010451396	-0.010073012	0.011586624	-0.020856453	0.019737046	-0.029471278	0.033360705	-0.061315548	0.9999987	-0.048087455	0.023657095	-0.03363197	0.06353976	-0.99277323	0.046547893
-0.0089368075	0.008289462	-0.011211152	0.01673222	-0.016061291	0.008056283	-0.009258321	0.010931412	-0.02114995	0.02016102	-0.011732196	0.014099029	-0.015980111	0.0807733	-0.09172195	0.0043376596	-0.0048360783	0.0060091577	-0.048087455	0.99999875	-0.0033072878	0.003885397	-0.0061621484	0.04601375	-0.9899117
0.030791825	-0.02370408	0.025812864	-0.013058551	0.011184691	-0.03369034	0.027270446	-0.025754519	0.011748682	-0.008220145	0.059553485	-0.03658515	0.0389129	-0.010459006	0.010472524	-0.64047027	0.31098175	-0.20935987	0.023657095	-0.0033072878	0.99999875	-0.66259307	0.2048901	-0.023414148	0.0034195504
-0.028621625	0.022020962	-0.024687503	0.012441532	-0.010745339	0.02921048	-0.02576116	0.024525704	-0.011343578	0.007952576	-0.051880352	0.0367025	-0.04085503	0.010691938	-0.010702559	0.3191648	-0.51626253	0.25886965	-0.03363197	0.003885397	-0.66259307	0.9999987	-0.3984773	0.03270648	-0.00401399
0.030196093	-0.024901541	0.028007623	-0.014340885	0.012295595	-0.030890813	0.029544562	-0.0301078	0.013155994	-0.009365724	0.05103087	-0.053761125	0.06044347	-0.014405222	0.014050522	-0.24239472	0.27536127	-0.8294164	0.06353976	-0.0061621484	0.2048901	-0.3984773	0.9999988	-0.06784057	0.0063398248
-0.006613578	0.0054728007	-0.0067196093	0.005867574	-0.0055306833	0.006222454	-0.0063655023	0.006637825	-0.006947831	0.0057161115	-0.010160761	0.009729011	-0.011255062	0.020083185	-0.019567508	0.028283227	-0.03306217	0.058013786	-0.99277323	0.04601375	-0.023414148	0.03270648	-0.06784057	0.99999887	-0.048855398
0.0094146645	-0.008749833	0.011771312	-0.017480042	0.016404169	-0.00851383	0.009771097	-0.011547176	0.02165648	-0.020655254	0.012367486	-0.015067757	0.016923359	-0.08743355	0.08366985	-0.004496827	0.004999967	-0.0062045064	0.046547893	-0.9899117	0.0034195504	-0.00401399	0.0063398248	-0.048855398	0.99999887
