1.0000001	-0.12764192	0.09354312	-0.018669512	0.018201813	-0.6053465	0.31689635	-0.11841664	0.07010381	-0.07077101	0.1583312	-0.14512359	0.13379033	-0.06676482	0.051634915	-0.08133435	0.07258197	-0.045301385	0.025414357	-0.022210129	0.03844925	-0.034010474	0.05124977	-0.022806108	0.020788321
-0.12764192	1.0000001	-0.8519876	0.048896994	-0.050032083	0.09906121	-0.15363102	0.27071443	-0.15750104	0.12066893	-0.15953787	0.13539712	-0.32651502	0.12032303	-0.09911405	0.06875887	-0.06748854	0.042072605	-0.025631033	0.022281582	-0.03401993	0.029562995	-0.048345294	0.02189261	-0.020288382
0.09354312	-0.8519876	1.0000002	-0.050254706	0.047767673	-0.07922198	0.114931494	-0.40298566	0.14752941	-0.12310247	0.114627674	-0.1068825	0.24100488	-0.11774564	0.08938391	-0.052576147	0.050335474	-0.03204933	0.020305207	-0.017915785	0.025345802	-0.02228361	0.03613669	-0.01720649	0.015914464
-0.018669512	0.048896994	-0.050254706	1.0000005	-0.9924583	0.014387796	-0.02165537	0.04259985	-0.05731399	0.068099074	-0.02370647	0.020625962	-0.045746934	0.0417676	-0.049410086	0.011146973	-0.010749915	0.0073435754	-0.0056791594	0.0052381437	-0.0056004757	0.0049031763	-0.008342409	0.0045994534	-0.004424108
0.018201813	-0.050032083	0.047767673	-0.9924583	1.0000004	-0.0140641825	0.021053348	-0.04217839	0.055013254	-0.073206015	0.022774022	-0.019978317	0.043816496	-0.041831356	0.04795554	-0.010804905	0.010384142	-0.007123401	0.005534559	-0.0051120976	0.005414833	-0.004747943	0.008069685	-0.004482008	0.0043026395
-0.6053465	0.09906121	-0.07922198	0.014387796	-0.0140641825	1.0000004	-0.6889711	0.11039723	-0.062141508	0.059198424	-0.19742121	0.16535504	-0.12823595	0.057237588	-0.04379833	0.07733443	-0.07174628	0.0401926	-0.02144921	0.018355235	-0.034349408	0.03029563	-0.0454908	0.019076489	-0.017281927
0.31689635	-0.15363102	0.114931494	-0.02165537	0.021053348	-0.6889711	1.0000005	-0.18071663	0.09291079	-0.09108287	0.22065236	-0.27369204	0.1796835	-0.08718197	0.065436035	-0.10685677	0.09659716	-0.05624962	0.030246021	-0.02618751	0.046864934	-0.04203041	0.062177826	-0.026960695	0.024372736
-0.11841664	0.27071443	-0.40298566	0.04259985	-0.04217839	0.11039723	-0.18071663	1.0000005	-0.4033459	0.216442	-0.20431678	0.18811567	-0.66605467	0.21884274	-0.16910745	0.08497457	-0.084073916	0.052508205	-0.03327206	0.029085154	-0.04033693	0.035391252	-0.058925934	0.027682576	-0.025617363
0.07010381	-0.15750104	0.14752941	-0.05731399	0.055013254	-0.062141508	0.09291079	-0.4033459	1.0000002	-0.60780174	0.107633084	-0.10132813	0.25401866	-0.5573961	0.3091879	-0.050380338	0.04852745	-0.034222748	0.032479484	-0.030026536	0.024422448	-0.021599764	0.037906133	-0.024799922	0.023363145
-0.07077101	0.12066893	-0.12310247	0.068099074	-0.073206015	0.059198424	-0.09108287	0.216442	-0.60780174	1.0000002	-0.11411299	0.09950141	-0.25593364	0.3313519	-0.6405809	0.051715165	-0.05065371	0.03568596	-0.03502158	0.033986755	-0.025763452	0.022599608	-0.04037273	0.02626547	-0.026793532
0.1583312	-0.15953787	0.114627674	-0.02370647	0.022774022	-0.19742121	0.22065236	-0.20431678	0.107633084	-0.11411299	0.9999997	-0.78758794	0.23369963	-0.112127975	0.07888484	-0.30252436	0.21038921	-0.10331655	0.04832199	-0.04056762	0.08597849	-0.07932783	0.10889992	-0.04293982	0.03786145
-0.14512359	0.13539712	-0.1068825	0.020625962	-0.019978317	0.16535504	-0.27369204	0.18811567	-0.10132813	0.09950141	-0.78758794	0.99999964	-0.34561923	0.101698294	-0.0733621	0.21243255	-0.24597572	0.10018887	-0.046568166	0.038092148	-0.08468979	0.07571067	-0.11020623	0.040865164	-0.036253676
0.13379033	-0.32651502	0.24100488	-0.045746934	0.043816496	-0.12823595	0.1796835	-0.66605467	0.25401866	-0.25593364	0.23369963	-0.34561923	0.9999995	-0.2896667	0.17734829	-0.11410372	0.10676053	-0.06970224	0.041158542	-0.03619448	0.049932986	-0.045202043	0.073073335	-0.034713533	0.031450827
-0.06676482	0.12032303	-0.11774564	0.0417676	-0.041831356	0.057237588	-0.08718197	0.21884274	-0.5573961	0.3313519	-0.112127975	0.101698294	-0.2896667	0.9999994	-0.6769457	0.05180609	-0.050647985	0.037633274	-0.04441078	0.04029109	-0.025565304	0.022586886	-0.041685697	0.03121077	-0.030069504
0.051634915	-0.09911405	0.08938391	-0.049410086	0.04795554	-0.04379833	0.065436035	-0.16910745	0.3091879	-0.6405809	0.07888484	-0.0733621	0.17734829	-0.6769457	0.9999995	-0.039203715	0.037667863	-0.029842358	0.038822457	-0.04037107	0.019482462	-0.017326111	0.032878548	-0.02754755	0.028404424
-0.08133435	0.06875887	-0.052576147	0.011146973	-0.010804905	0.07733443	-0.10685677	0.08497457	-0.050380338	0.051715165	-0.30252436	0.21243255	-0.11410372	0.05180609	-0.039203715	1.0	-0.7956801	0.23652512	-0.102342956	0.07763958	-0.24911055	0.19759786	-0.29244646	0.08984598	-0.07956527
0.07258197	-0.06748854	0.050335474	-0.010749915	0.010384142	-0.07174628	0.09659716	-0.084073916	0.04852745	-0.05065371	0.21038921	-0.24597572	0.10676053	-0.050647985	0.037667863	-0.7956801	1.0000002	-0.35153624	0.09719711	-0.07755327	0.19737026	-0.23739477	0.24503797	-0.085872054	0.07111459
-0.045301385	0.042072605	-0.03204933	0.0073435754	-0.007123401	0.0401926	-0.05624962	0.052508205	-0.034222748	0.03568596	-0.10331655	0.10018887	-0.06970224	0.037633274	-0.029842358	0.23652512	-0.35153624	0.99999994	-0.2572964	0.16017233	-0.15818499	0.15151273	-0.8213341	0.18599182	-0.15340765
0.025414357	-0.025631033	0.020305207	-0.0056791594	0.005534559	-0.02144921	0.030246021	-0.03327206	0.032479484	-0.03502158	0.04832199	-0.046568166	0.041158542	-0.04441078	0.038822457	-0.102342956	0.09719711	-0.2572964	0.9999998	-0.70660025	0.05891282	-0.058025323	0.20566787	-0.5506632	0.32217038
-0.022210129	0.022281582	-0.017915785	0.0052381437	-0.0051120976	0.018355235	-0.02618751	0.029085154	-0.030026536	0.033986755	-0.04056762	0.038092148	-0.03619448	0.04029109	-0.04037107	0.07763958	-0.07755327	0.16017233	-0.70660025	0.9999999	-0.05153022	0.04874327	-0.18130918	0.32493946	-0.59678286
0.03844925	-0.03401993	0.025345802	-0.0056004757	0.005414833	-0.034349408	0.046864934	-0.04033693	0.024422448	-0.025763452	0.08597849	-0.08468979	0.049932986	-0.025565304	0.019482462	-0.24911055	0.19737026	-0.15818499	0.05891282	-0.05153022	0.9999998	-0.9272521	0.15958285	-0.05875021	0.045892093
-0.034010474	0.029562995	-0.02228361	0.0049031763	-0.004747943	0.03029563	-0.04203041	0.035391252	-0.021599764	0.022599608	-0.07932783	0.07571067	-0.045202043	0.022586886	-0.017326111	0.19759786	-0.23739477	0.15151273	-0.058025323	0.04874327	-0.9272521	0.9999998	-0.19441463	0.057161737	-0.045648076
0.05124977	-0.048345294	0.03613669	-0.008342409	0.008069685	-0.0454908	0.062177826	-0.058925934	0.037906133	-0.04037273	0.10889992	-0.11020623	0.073073335	-0.041685697	0.032878548	-0.29244646	0.24503797	-0.8213341	0.20566787	-0.18130918	0.15958285	-0.19441463	0.99999976	-0.25263184	0.15831642
-0.022806108	0.02189261	-0.01720649	0.0045994534	-0.004482008	0.019076489	-0.026960695	0.027682576	-0.024799922	0.02626547	-0.04293982	0.040865164	-0.034713533	0.03121077	-0.02754755	0.08984598	-0.085872054	0.18599182	-0.5506632	0.32493946	-0.05875021	0.057161737	-0.25263184	0.9999999	-0.71531177
0.020788321	-0.020288382	0.015914464	-0.004424108	0.0043026395	-0.017281927	0.024372736	-0.025617363	0.023363145	-0.026793532	0.03786145	-0.036253676	0.031450827	-0.030069504	0.028404424	-0.07956527	0.07111459	-0.15340765	0.32217038	-0.59678286	0.045892093	-0.045648076	0.15831642	-0.71531177	0.9999999
