1.0000001	-0.66109914	0.24479204	-0.16652663	0.14742228	-0.51441574	0.28724554	-0.25611275	0.13428782	-0.12698816	0.24103054	-0.21821754	0.14825253	-0.13976867	0.11317964	-0.17894997	0.17389706	-0.14007327	0.12426839	-0.111399785	0.13677153	-0.17398092	0.11097645	-0.1006909	0.13247156
-0.66109914	1.0000005	-0.44984877	0.18810268	-0.1802312	0.27301672	-0.40140492	0.240585	-0.14284422	0.12861155	-0.21995346	0.20567274	-0.14588375	0.13204546	-0.11086382	0.144016	-0.17491782	0.13013214	-0.11961119	0.10469141	-0.12509061	0.14747755	-0.10433208	0.092697755	-0.12591128
0.24479204	-0.44984877	1.0000006	-0.5318089	0.2792654	-0.1870169	0.21727227	-0.47164157	0.21319242	-0.21382034	0.16037938	-0.17714025	0.1967604	-0.19256513	0.15563732	-0.12305119	0.1494438	-0.17606835	0.15797035	-0.14813277	0.10656088	-0.13592876	0.13353917	-0.12281391	0.16719587
-0.16652663	0.18810268	-0.5318089	1.0000002	-0.6934181	0.116833	-0.14293838	0.24091569	-0.28356186	0.24372678	-0.11167043	0.11560979	-0.14198892	0.1566521	-0.14134848	0.08231654	-0.104018025	0.12576763	-0.12389221	0.119532	-0.073908955	0.091412455	-0.10136058	0.09247572	-0.13336971
0.14742228	-0.1802312	0.2792654	-0.6934181	1.0000002	-0.12209393	0.14303863	-0.2942072	0.27491203	-0.45022485	0.116271265	-0.12868543	0.16352293	-0.19558139	0.17443086	-0.091434374	0.11375393	-0.1546186	0.14673635	-0.1542509	0.080888964	-0.104158126	0.121256694	-0.114142604	0.16011058
-0.51441574	0.27301672	-0.1870169	0.116833	-0.12209393	1.0000002	-0.48349446	0.19760346	-0.1140451	0.10097921	-0.5502857	0.24701408	-0.13735203	0.11886514	-0.09855345	0.22312932	-0.21759771	0.12545203	-0.11304784	0.09524779	-0.18344188	0.19052884	-0.101339206	0.08891592	-0.11660862
0.28724554	-0.40140492	0.21727227	-0.14293838	0.14303863	-0.48349446	1.0000001	-0.3035925	0.14077541	-0.12566218	0.27073982	-0.5463261	0.18985587	-0.15803073	0.12424718	-0.21444905	0.26104316	-0.16797481	0.14219369	-0.12080883	0.17007108	-0.23655848	0.12353796	-0.11067217	0.14211847
-0.25611275	0.240585	-0.47164157	0.24091569	-0.2942072	0.19760346	-0.3035925	1.0000002	-0.32183656	0.22961971	-0.20696995	0.22415337	-0.4597535	0.26496097	-0.22925392	0.14662275	-0.20812619	0.25503403	-0.25532436	0.19942546	-0.13796183	0.16425607	-0.20086224	0.16957945	-0.24751139
0.13428782	-0.14284422	0.21319242	-0.28356186	0.27491203	-0.1140451	0.14077541	-0.32183656	1.0000004	-0.71330464	0.11659134	-0.13453647	0.21339191	-0.379446	0.25304508	-0.0912523	0.1206614	-0.19135225	0.18522446	-0.20448852	0.08283865	-0.10628078	0.14074789	-0.13485326	0.19187333
-0.12698816	0.12861155	-0.21382034	0.24372678	-0.45022485	0.10097921	-0.12566218	0.22961971	-0.71330464	1.0000001	-0.10537607	0.114703216	-0.17928298	0.24978015	-0.32620472	0.079653904	-0.10656475	0.15871514	-0.173315	0.19043225	-0.07351004	0.09164291	-0.12728105	0.11918949	-0.18833025
0.24103054	-0.21995346	0.16037938	-0.11167043	0.116271265	-0.5502857	0.27073982	-0.20696995	0.11659134	-0.10537607	1.0000001	-0.31600064	0.14910063	-0.13293087	0.107140936	-0.5399429	0.24734925	-0.14441395	0.12512852	-0.10684881	0.25902718	-0.3045576	0.11659977	-0.1040557	0.12986195
-0.21821754	0.20567274	-0.17714025	0.11560979	-0.12868543	0.24701408	-0.5463261	0.22415337	-0.13453647	0.114703216	-0.31600064	1.0000001	-0.26152468	0.1619632	-0.12863299	0.21367656	-0.5892877	0.18652686	-0.15623607	0.121498115	-0.20764771	0.25479093	-0.1293564	0.11200705	-0.14322095
0.14825253	-0.14588375	0.1967604	-0.14198892	0.16352293	-0.13735203	0.18985587	-0.4597535	0.21339191	-0.17928298	0.14910063	-0.26152468	0.9999995	-0.49772424	0.23865628	-0.11709273	0.18703209	-0.54243225	0.2745268	-0.22242284	0.1084424	-0.14225173	0.18103214	-0.1700419	0.20665386
-0.13976867	0.13204546	-0.19256513	0.1566521	-0.19558139	0.11886514	-0.15803073	0.26496097	-0.379446	0.24978015	-0.13293087	0.1619632	-0.49772424	0.99999946	-0.5529264	0.1002822	-0.15066476	0.26488963	-0.3075355	0.27393782	-0.095156774	0.11831628	-0.1841035	0.16994587	-0.2633429
0.11317964	-0.11086382	0.15563732	-0.14134848	0.17443086	-0.09855345	0.12424718	-0.22925392	0.25304508	-0.32620472	0.107140936	-0.12863299	0.23865628	-0.5529264	0.99999934	-0.08442972	0.11847204	-0.23995021	0.25740865	-0.59172654	0.07837533	-0.10110097	0.16290225	-0.17085776	0.2593809
-0.17894997	0.144016	-0.12305119	0.08231654	-0.091434374	0.22312932	-0.21444905	0.14662275	-0.0912523	0.079653904	-0.5399429	0.21367656	-0.11709273	0.1002822	-0.08442972	0.9999994	-0.3134321	0.115061894	-0.10335447	0.08284908	-0.6474879	0.2981714	-0.09881557	0.08350553	-0.10412295
0.17389706	-0.17491782	0.1494438	-0.104018025	0.11375393	-0.21759771	0.26104316	-0.20812619	0.1206614	-0.10656475	0.24734925	-0.5892877	0.18703209	-0.15066476	0.11847204	-0.3134321	0.9999992	-0.21439295	0.15256551	-0.11876415	0.25901765	-0.55156744	0.13239633	-0.117271096	0.13720462
-0.14007327	0.13013214	-0.17606835	0.12576763	-0.1546186	0.12545203	-0.16797481	0.25503403	-0.19135225	0.15871514	-0.14441395	0.18652686	-0.54243225	0.26488963	-0.23995021	0.115061894	-0.21439295	0.9999994	-0.6027201	0.24025895	-0.11055035	0.14382452	-0.2842167	0.22601531	-0.24312738
0.12426839	-0.11961119	0.15797035	-0.12389221	0.14673635	-0.11304784	0.14219369	-0.25532436	0.18522446	-0.173315	0.12512852	-0.15623607	0.2745268	-0.3075355	0.25740865	-0.10335447	0.15256551	-0.6027201	0.9999989	-0.4547744	0.09590077	-0.12956104	0.2541027	-0.3474335	0.2760873
-0.111399785	0.10469141	-0.14813277	0.119532	-0.1542509	0.09524779	-0.12080883	0.19942546	-0.20448852	0.19043225	-0.10684881	0.121498115	-0.22242284	0.27393782	-0.59172654	0.08284908	-0.11876415	0.24025895	-0.4547744	0.99999905	-0.07846751	0.09947668	-0.19370332	0.20535569	-0.49379453
0.13677153	-0.12509061	0.10656088	-0.073908955	0.080888964	-0.18344188	0.17007108	-0.13796183	0.08283865	-0.07351004	0.25902718	-0.20764771	0.1084424	-0.095156774	0.07837533	-0.6474879	0.25901765	-0.11055035	0.09590077	-0.07846751	0.9999986	-0.6165754	0.09679221	-0.08360467	0.097186685
-0.17398092	0.14747755	-0.13592876	0.091412455	-0.104158126	0.19052884	-0.23655848	0.16425607	-0.10628078	0.09164291	-0.3045576	0.25479093	-0.14225173	0.11831628	-0.10110097	0.2981714	-0.55156744	0.14382452	-0.12956104	0.09947668	-0.6165754	0.9999987	-0.14006324	0.109823644	-0.12669015
0.11097645	-0.10433208	0.13353917	-0.10136058	0.121256694	-0.101339206	0.12353796	-0.20086224	0.14074789	-0.12728105	0.11659977	-0.1293564	0.18103214	-0.1841035	0.16290225	-0.09881557	0.13239633	-0.2842167	0.2541027	-0.19370332	0.09679221	-0.14006324	0.99999875	-0.78309596	0.27175233
-0.1006909	0.092697755	-0.12281391	0.09247572	-0.114142604	0.08891592	-0.11067217	0.16957945	-0.13485326	0.11918949	-0.1040557	0.11200705	-0.1700419	0.16994587	-0.17085776	0.08350553	-0.117271096	0.22601531	-0.3474335	0.20535569	-0.08360467	0.109823644	-0.78309596	0.9999987	-0.38695326
0.13247156	-0.12591128	0.16719587	-0.13336971	0.16011058	-0.11660862	0.14211847	-0.24751139	0.19187333	-0.18833025	0.12986195	-0.14322095	0.20665386	-0.2633429	0.2593809	-0.10412295	0.13720462	-0.24312738	0.2760873	-0.49379453	0.097186685	-0.12669015	0.27175233	-0.38695326	0.9999987
