1.0000001	-0.43761364	0.13429147	-0.08855564	0.101608396	-0.7991614	0.2669203	-0.15668069	0.098756015	-0.100986406	0.19934967	-0.1662296	0.1146899	-0.092298776	0.10323885	-0.13295259	0.10864433	-0.04337901	0.03605883	-0.009850983	0.08283563	-0.07439148	0.04359773	-0.037018027	0.009498463
-0.43761364	0.9999999	-0.17739609	0.10443446	-0.11863661	0.27048928	-0.784655	0.18975966	-0.12678666	0.111568406	-0.18589908	0.17832616	-0.13518268	0.10024068	-0.12141515	0.11541257	-0.12036334	0.046303827	-0.038796004	0.010508044	-0.08799466	0.07421937	-0.047645323	0.03890198	-0.01017491
0.13429147	-0.17739609	0.9999996	-0.48934022	0.31313738	-0.15337981	0.16779636	-0.3950817	0.24889542	-0.24449734	0.17218979	-0.16059084	0.17866835	-0.15810385	0.20254122	-0.11438239	0.10857998	-0.06055227	0.060329966	-0.017299347	0.087446555	-0.07554146	0.06180386	-0.06161401	0.016678933
-0.08855564	0.10443446	-0.48934022	0.9999995	-0.69805485	0.096687436	-0.11426349	0.26405993	-0.3830267	0.24392849	-0.12235478	0.11439489	-0.15110487	0.13691276	-0.19612005	0.079682775	-0.078742616	0.04635848	-0.049394894	0.014043365	-0.062611945	0.053295914	-0.04787375	0.049398486	-0.013573599
0.101608396	-0.11863661	0.31313738	-0.69805485	0.99999934	-0.11613851	0.12533455	-0.3023623	0.2677807	-0.33723545	0.14265311	-0.13737191	0.1643967	-0.15886715	0.20955513	-0.09605336	0.09211062	-0.054212496	0.05755677	-0.016595868	0.07362596	-0.06379286	0.055144817	-0.059088267	0.015957585
-0.7991614	0.27048928	-0.15337981	0.096687436	-0.11613851	0.99999917	-0.33204216	0.1596543	-0.11019227	0.10825093	-0.31595898	0.17808063	-0.13314883	0.10155169	-0.11956637	0.15432866	-0.13280493	0.050234847	-0.040544625	0.011019875	-0.10380243	0.08755733	-0.051503133	0.04096882	-0.010666601
0.2669203	-0.784655	0.16779636	-0.11426349	0.12533455	-0.33204216	0.99999887	-0.2819235	0.14425543	-0.1310121	0.18930304	-0.25873357	0.15207712	-0.11715602	0.13266946	-0.13386293	0.13492444	-0.05184673	0.043590594	-0.011756682	0.094587386	-0.08459715	0.05230555	-0.044273533	0.011347215
-0.15668069	0.18975966	-0.3950817	0.26405993	-0.3023623	0.1596543	-0.2819235	0.99999875	-0.6023816	0.29452777	-0.20480199	0.1905081	-0.294825	0.21640202	-0.31737065	0.12833029	-0.13333942	0.07645572	-0.07715581	0.021355676	-0.10360247	0.08645045	-0.08024919	0.07533924	-0.02074608
0.098756015	-0.12678666	0.24889542	-0.3830267	0.2677807	-0.11019227	0.14425543	-0.6023816	0.9999986	-0.55994064	0.13490738	-0.1388968	0.19632038	-0.21638583	0.2648864	-0.09071003	0.0912921	-0.0559087	0.06399704	-0.01767077	0.07039548	-0.060668867	0.056991138	-0.064562	0.016977621
-0.100986406	0.111568406	-0.24449734	0.24392849	-0.33723545	0.10825093	-0.1310121	0.29452777	-0.55994064	0.99999845	-0.15917325	0.15474455	-0.25460854	0.24434571	-0.57996047	0.10301092	-0.10685584	0.0678183	-0.07896999	0.023201816	-0.08291854	0.06995292	-0.0706171	0.07684294	-0.02249305
0.19934967	-0.18589908	0.17218979	-0.12235478	0.14265311	-0.31595898	0.18930304	-0.20480199	0.13490738	-0.15917325	0.99999833	-0.43521008	0.20792311	-0.17455076	0.16149251	-0.6200932	0.29156864	-0.09255319	0.06762301	-0.018029017	0.20668186	-0.20574954	0.08874185	-0.07140448	0.017285496
-0.1662296	0.17832616	-0.16059084	0.11439489	-0.13737191	0.17808063	-0.25873357	0.1905081	-0.1388968	0.15474455	-0.43521008	0.9999983	-0.4193878	0.21043128	-0.19886401	0.2903139	-0.55292606	0.111880876	-0.07753746	0.019316139	-0.24835207	0.2087268	-0.11381302	0.077231996	-0.018668147
0.1146899	-0.13518268	0.17866835	-0.15110487	0.1643967	-0.13314883	0.15207712	-0.294825	0.19632038	-0.25460854	0.20792311	-0.4193878	0.99999845	-0.65786743	0.281834	-0.16949953	0.18488637	-0.15154262	0.13169108	-0.031119164	0.12313643	-0.115516536	0.13039252	-0.14003932	0.029446146
-0.092298776	0.10024068	-0.15810385	0.13691276	-0.15886715	0.10155169	-0.11715602	0.21640202	-0.21638583	0.24434571	-0.17455076	0.21043128	-0.65786743	0.9999983	-0.5510782	0.11984152	-0.13717096	0.104072765	-0.1881386	0.03500747	-0.096866384	0.08311893	-0.106180966	0.15262708	-0.03347712
0.10323885	-0.12141515	0.20254122	-0.19612005	0.20955513	-0.11956637	0.13266946	-0.31737065	0.2648864	-0.57996047	0.16149251	-0.19886401	0.281834	-0.5510782	0.9999983	-0.11983999	0.119175546	-0.083077304	0.114478245	-0.035118904	0.08932644	-0.08031698	0.08128655	-0.120264076	0.032922506
-0.13295259	0.11541257	-0.11438239	0.079682775	-0.09605336	0.15432866	-0.13386293	0.12833029	-0.09071003	0.10301092	-0.6200932	0.2903139	-0.16949953	0.11984152	-0.11983999	0.9999985	-0.57346755	0.08795173	-0.050674994	0.012926303	-0.3396832	0.24716881	-0.08953532	0.05147383	-0.012513963
0.10864433	-0.12036334	0.10857998	-0.078742616	0.09211062	-0.13280493	0.13492444	-0.13333942	0.0912921	-0.10685584	0.29156864	-0.55292606	0.18488637	-0.13717096	0.119175546	-0.57346755	0.9999986	-0.117914185	0.055067174	-0.013702008	0.27758363	-0.407131	0.1048651	-0.056880727	0.013222529
-0.04337901	0.046303827	-0.06055227	0.04635848	-0.054212496	0.050234847	-0.05184673	0.07645572	-0.0559087	0.0678183	-0.09255319	0.111880876	-0.15154262	0.104072765	-0.083077304	0.08795173	-0.117914185	0.9999987	-0.13393994	0.024232106	-0.07184521	0.07003312	-0.952052	0.12711602	-0.024534013
0.03605883	-0.038796004	0.060329966	-0.049394894	0.05755677	-0.040544625	0.043590594	-0.07715581	0.06399704	-0.07896999	0.06762301	-0.07753746	0.13169108	-0.1881386	0.114478245	-0.050674994	0.055067174	-0.13393994	0.99999857	-0.12415398	0.040261496	-0.036154166	0.12593138	-0.9363598	0.11063661
-0.009850983	0.010508044	-0.017299347	0.014043365	-0.016595868	0.011019875	-0.011756682	0.021355676	-0.01767077	0.023201816	-0.018029017	0.019316139	-0.031119164	0.03500747	-0.035118904	0.012926303	-0.013702008	0.024232106	-0.12415398	0.99999875	-0.010360829	0.00911236	-0.02527406	0.11318999	-0.98457044
0.08283563	-0.08799466	0.087446555	-0.062611945	0.07362596	-0.10380243	0.094587386	-0.10360247	0.07039548	-0.08291854	0.20668186	-0.24835207	0.12313643	-0.096866384	0.08932644	-0.3396832	0.27758363	-0.07184521	0.040261496	-0.010360829	0.9999986	-0.8457595	0.069003314	-0.042038828	0.009981908
-0.07439148	0.07421937	-0.07554146	0.053295914	-0.06379286	0.08755733	-0.08459715	0.08645045	-0.060668867	0.06995292	-0.20574954	0.2087268	-0.115516536	0.08311893	-0.08031698	0.24716881	-0.407131	0.07003312	-0.036154166	0.00911236	-0.8457595	0.9999984	-0.071381964	0.03699735	-0.0088232625
0.04359773	-0.047645323	0.06180386	-0.04787375	0.055144817	-0.051503133	0.05230555	-0.08024919	0.056991138	-0.0706171	0.08874185	-0.11381302	0.13039252	-0.106180966	0.08128655	-0.08953532	0.1048651	-0.952052	0.12593138	-0.02527406	0.069003314	-0.071381964	0.99999833	-0.15244228	0.025161048
-0.037018027	0.03890198	-0.06161401	0.049398486	-0.059088267	0.04096882	-0.044273533	0.07533924	-0.064562	0.07684294	-0.07140448	0.077231996	-0.14003932	0.15262708	-0.120264076	0.05147383	-0.056880727	0.12711602	-0.9363598	0.11318999	-0.042038828	0.03699735	-0.15244228	0.99999833	-0.12778383
0.009498463	-0.01017491	0.016678933	-0.013573599	0.015957585	-0.010666601	0.011347215	-0.02074608	0.016977621	-0.02249305	0.017285496	-0.018668147	0.029446146	-0.03347712	0.032922506	-0.012513963	0.013222529	-0.024534013	0.11063661	-0.98457044	0.009981908	-0.0088232625	0.025161048	-0.12778383	0.99999833
