1.0000001	-0.8331062	0.25224093	-0.080276996	0.07240175	-0.28685415	0.22765799	-0.18151286	0.102831446	-0.11427377	0.18988986	-0.19781095	0.12897995	-0.105238296	0.08590708	-0.1101933	0.11749782	-0.11798713	0.104642324	-0.08694408	0.12169327	-0.09026742	0.092611454	-0.0633201	0.08241214
-0.8331062	0.99999976	-0.359062	0.07601122	-0.06959324	0.20937835	-0.26707208	0.17334956	-0.09944191	0.10560319	-0.18914878	0.17845419	-0.124558	0.098366626	-0.08149445	0.1024242	-0.113400444	0.10982511	-0.100000024	0.08094594	-0.12153623	0.08512196	-0.08915697	0.05994939	-0.07902503
0.25224093	-0.359062	0.99999946	-0.17074136	0.1439117	-0.1761204	0.23069516	-0.4163793	0.20070046	-0.22449505	0.18289599	-0.24625696	0.21225077	-0.18119723	0.15040602	-0.12201222	0.18080068	-0.19188255	0.17689133	-0.15160576	0.1458668	-0.13516206	0.14596167	-0.10223318	0.13478169
-0.080276996	0.07601122	-0.17074136	0.9999994	-0.7937837	0.07716318	-0.11782622	0.19559471	-0.45622122	0.300404	-0.090283245	0.11866556	-0.13513534	0.13841763	-0.1372031	0.060853206	-0.10772513	0.109490655	-0.13505673	0.11751419	-0.07551988	0.0764215	-0.08739284	0.06351101	-0.085580796
0.07240175	-0.06959324	0.1439117	-0.7937837	0.9999994	-0.071217865	0.10551124	-0.1889026	0.2912696	-0.47853106	0.0819089	-0.11413706	0.123822145	-0.13831782	0.14365381	-0.05622498	0.0988526	-0.105501615	0.12689734	-0.13042551	0.06880382	-0.07227835	0.08082017	-0.061343823	0.08078545
-0.28685415	0.20937835	-0.1761204	0.07716318	-0.071217865	0.9999991	-0.5566649	0.19151853	-0.10743584	0.11207282	-0.6507498	0.2708399	-0.15602112	0.115024716	-0.092004225	0.20215742	-0.14740252	0.1355004	-0.115878314	0.091828726	-0.2273016	0.11396358	-0.11108332	0.07218319	-0.09300666
0.22765799	-0.26707208	0.23069516	-0.11782622	0.10551124	-0.5566649	0.99999905	-0.3607571	0.1640997	-0.17230271	0.29788372	-0.5272594	0.23492593	-0.1719779	0.13169555	-0.16893943	0.18317895	-0.19130102	0.16272697	-0.13128792	0.17638302	-0.13631545	0.1361349	-0.0928812	0.11872302
-0.18151286	0.17334956	-0.4163793	0.19559471	-0.1889026	0.19151853	-0.3607571	0.999999	-0.44781703	0.26321587	-0.21697307	0.28140017	-0.44622916	0.24260618	-0.20336218	0.13594829	-0.2363792	0.23849927	-0.24503519	0.17998414	-0.16802412	0.15777485	-0.18003286	0.12094178	-0.16351773
0.102831446	-0.09944191	0.20070046	-0.45622122	0.2912696	-0.10743584	0.1640997	-0.44781703	0.999999	-0.6181458	0.1207306	-0.17466961	0.2052504	-0.2501566	0.20017368	-0.08172922	0.14469472	-0.16077481	0.19184658	-0.17926887	0.09924781	-0.104006924	0.11563873	-0.086776115	0.11355769
-0.11427377	0.10560319	-0.22449505	0.300404	-0.47853106	0.11207282	-0.17230271	0.26321587	-0.6181458	0.99999905	-0.13362691	0.17333975	-0.20505093	0.22041056	-0.3227346	0.090895675	-0.16613944	0.16646735	-0.22302426	0.20916663	-0.11351228	0.11761671	-0.13675933	0.10146031	-0.13894303
0.18988986	-0.18914878	0.18289599	-0.090283245	0.0819089	-0.6507498	0.29788372	-0.21697307	0.1207306	-0.13362691	0.9999989	-0.3913865	0.18198642	-0.13881658	0.10744254	-0.4015623	0.17431393	-0.16792876	0.13484009	-0.1100019	0.25979236	-0.14230038	0.12900068	-0.08582421	0.107218206
-0.19781095	0.17845419	-0.24625696	0.11866556	-0.11413706	0.2708399	-0.5272594	0.28140017	-0.17466961	0.17333975	-0.3913865	0.99999845	-0.4679678	0.22116958	-0.17240429	0.18997306	-0.29033375	0.25393227	-0.23072544	0.16159257	-0.23175068	0.1798757	-0.19130869	0.12294611	-0.16251941
0.12897995	-0.124558	0.21225077	-0.13513534	0.123822145	-0.15602112	0.23492593	-0.44622916	0.2052504	-0.20505093	0.18198642	-0.4679678	0.99999833	-0.44334748	0.2038501	-0.12455372	0.2514067	-0.46899986	0.27563834	-0.19723283	0.1443405	-0.16787548	0.17511085	-0.12133134	0.15074208
-0.105238296	0.098366626	-0.18119723	0.13841763	-0.13831782	0.115024716	-0.1719779	0.24260618	-0.2501566	0.22041056	-0.13881658	0.22116958	-0.44334748	0.9999983	-0.44158277	0.099263825	-0.20973648	0.25756675	-0.6168769	0.29214823	-0.11979179	0.14396717	-0.16259265	0.13047951	-0.16667141
0.08590708	-0.08149445	0.15040602	-0.1372031	0.14365381	-0.092004225	0.13169555	-0.20336218	0.20017368	-0.3227346	0.10744254	-0.17240429	0.2038501	-0.44158277	0.99999803	-0.07975165	0.15478557	-0.19006617	0.3001801	-0.7253847	0.09505807	-0.123359494	0.13415518	-0.13186797	0.16451135
-0.1101933	0.1024242	-0.12201222	0.060853206	-0.05622498	0.20215742	-0.16893943	0.13594829	-0.08172922	0.090895675	-0.4015623	0.18997306	-0.12455372	0.099263825	-0.07975165	0.9999981	-0.21481678	0.14560899	-0.10428918	0.0840842	-0.8210961	0.1744956	-0.14284736	0.08287688	-0.102153346
0.11749782	-0.113400444	0.18080068	-0.10772513	0.0988526	-0.14740252	0.18317895	-0.2363792	0.14469472	-0.16613944	0.17431393	-0.29033375	0.2514067	-0.20973648	0.15478557	-0.21481678	0.99999815	-0.58743554	0.220226	-0.17594998	0.20450406	-0.5248236	0.27845445	-0.17318092	0.18792781
-0.11798713	0.10982511	-0.19188255	0.109490655	-0.105501615	0.1355004	-0.19130102	0.23849927	-0.16077481	0.16646735	-0.16792876	0.25393227	-0.46899986	0.25756675	-0.19006617	0.14560899	-0.58743554	0.999998	-0.37650812	0.19748206	-0.1714563	0.25803056	-0.30955097	0.16834545	-0.21248733
0.104642324	-0.100000024	0.17689133	-0.13505673	0.12689734	-0.115878314	0.16272697	-0.24503519	0.19184658	-0.22302426	0.13484009	-0.23072544	0.27563834	-0.6168769	0.3001801	-0.10428918	0.220226	-0.37650812	0.99999803	-0.47549948	0.121488355	-0.16890976	0.17754628	-0.17397155	0.18845941
-0.08694408	0.08094594	-0.15160576	0.11751419	-0.13042551	0.091828726	-0.13128792	0.17998414	-0.17926887	0.20916663	-0.1100019	0.16159257	-0.19723283	0.29214823	-0.7253847	0.0840842	-0.17594998	0.19748206	-0.47549948	0.99999815	-0.10195541	0.13763312	-0.1620603	0.16091682	-0.24819338
0.12169327	-0.12153623	0.1458668	-0.07551988	0.06880382	-0.2273016	0.17638302	-0.16802412	0.09924781	-0.11351228	0.25979236	-0.23175068	0.1443405	-0.11979179	0.09505807	-0.8210961	0.20450406	-0.1714563	0.121488355	-0.10195541	0.9999982	-0.24871364	0.16185406	-0.09940773	0.11631478
-0.09026742	0.08512196	-0.13516206	0.0764215	-0.07227835	0.11396358	-0.13631545	0.15777485	-0.104006924	0.11761671	-0.14230038	0.1798757	-0.16787548	0.14396717	-0.123359494	0.1744956	-0.5248236	0.25803056	-0.16890976	0.13763312	-0.24871364	0.9999984	-0.6611693	0.22790165	-0.27504334
0.092611454	-0.08915697	0.14596167	-0.08739284	0.08082017	-0.11108332	0.1361349	-0.18003286	0.11563873	-0.13675933	0.12900068	-0.19130869	0.17511085	-0.16259265	0.13415518	-0.14284736	0.27845445	-0.30955097	0.17754628	-0.1620603	0.16185406	-0.6611693	0.9999985	-0.4593603	0.2800388
-0.0633201	0.05994939	-0.10223318	0.06351101	-0.061343823	0.07218319	-0.0928812	0.12094178	-0.086776115	0.10146031	-0.08582421	0.12294611	-0.12133134	0.13047951	-0.13186797	0.08287688	-0.17318092	0.16834545	-0.17397155	0.16091682	-0.09940773	0.22790165	-0.4593603	0.99999857	-0.7989261
0.08241214	-0.07902503	0.13478169	-0.085580796	0.08078545	-0.09300666	0.11872302	-0.16351773	0.11355769	-0.13894303	0.107218206	-0.16251941	0.15074208	-0.16667141	0.16451135	-0.102153346	0.18792781	-0.21248733	0.18845941	-0.24819338	0.11631478	-0.27504334	0.2800388	-0.7989261	0.99999857
