1.0	-0.506177	0.2045918	-0.11431954	0.13884158	-0.26064846	0.20878698	-0.17730075	0.09519496	-0.0763141	0.23071887	-0.1546002	0.1440933	-0.08802844	0.06722884	-0.124042384	0.15537784	-0.15106736	0.09865636	-0.074912235	0.15910318	-0.11159397	0.11654114	-0.09961917	0.064039625
-0.506177	1.0	-0.49086028	0.20469901	-0.27316442	0.2536792	-0.3343327	0.26887622	-0.14757204	0.10739187	-0.3197673	0.20642988	-0.21642156	0.12883139	-0.09836114	0.1679092	-0.21794963	0.19675612	-0.13346614	0.095910765	-0.2227687	0.14780377	-0.1605928	0.12731476	-0.08458602
0.2045918	-0.49086028	1.0000002	-0.39029244	0.264555	-0.22327194	0.24680147	-0.57301885	0.1601701	-0.114908926	0.20266466	-0.20576772	0.23232879	-0.1511698	0.098330624	-0.12286767	0.17022501	-0.21879895	0.123789646	-0.09338536	0.1508887	-0.12538238	0.12989734	-0.123202644	0.07815516
-0.11431954	0.20469901	-0.39029244	1.0000002	-0.8427693	0.11498783	-0.13252488	0.1887287	-0.18142766	0.12030983	-0.117474265	0.109680526	-0.1272063	0.14069134	-0.106095396	0.07056841	-0.09826042	0.11687209	-0.076809905	0.06256567	-0.08849167	0.07187735	-0.07602025	0.07434763	-0.053403497
0.13884158	-0.27316442	0.264555	-0.8427693	1.0000004	-0.13884678	0.14535755	-0.21047638	0.16185312	-0.16201018	0.13530391	-0.13038772	0.13902922	-0.1571921	0.12196963	-0.08264993	0.113477275	-0.14181112	0.090459876	-0.076339625	0.102649406	-0.08615734	0.08930875	-0.09070873	0.06375793
-0.26064846	0.2536792	-0.22327194	0.11498783	-0.13884678	1.0000001	-0.6813581	0.24131007	-0.111416936	0.07994534	-0.49806115	0.21525325	-0.19445938	0.10120484	-0.071799174	0.1939899	-0.21694414	0.1807786	-0.115642175	0.08275047	-0.226224	0.14322764	-0.14535853	0.11412802	-0.07157824
0.20878698	-0.3343327	0.24680147	-0.13252488	0.14535755	-0.6813581	0.99999976	-0.433527	0.12603988	-0.09019339	0.27504876	-0.26494566	0.22258009	-0.120200254	0.07898372	-0.15531626	0.19825572	-0.21034843	0.12146236	-0.08944532	0.17535804	-0.13774122	0.13756809	-0.12234837	0.07525689
-0.17730075	0.26887622	-0.57301885	0.1887287	-0.21047638	0.24131007	-0.433527	0.9999998	-0.2069553	0.109076686	-0.23327221	0.23571733	-0.45358074	0.1674352	-0.09939493	0.13810115	-0.20359413	0.23770791	-0.14064181	0.09512575	-0.17069073	0.1356653	-0.14777233	0.12813184	-0.081987225
0.09519496	-0.14757204	0.1601701	-0.18142766	0.16185312	-0.111416936	0.12603988	-0.2069553	0.99999976	-0.27174512	0.118088275	-0.1367957	0.17716187	-0.85849196	0.2196788	-0.076890364	0.112397715	-0.15605113	0.11173822	-0.09690891	0.09507436	-0.08519479	0.09113444	-0.104891144	0.07935541
-0.0763141	0.10739187	-0.114908926	0.12030983	-0.16201018	0.07994534	-0.09019339	0.109076686	-0.27174512	0.99999946	-0.096338585	0.090719484	-0.10959883	0.22714539	-0.8877139	0.061221194	-0.08833672	0.10712313	-0.112483315	0.14211656	-0.079706736	0.06788231	-0.07744446	0.0989634	-0.13206026
0.23071887	-0.3197673	0.20266466	-0.117474265	0.13530391	-0.49806115	0.27504876	-0.23327221	0.118088275	-0.096338585	0.9999994	-0.3209022	0.2134287	-0.114763215	0.083618216	-0.46450737	0.27478907	-0.24452764	0.14665048	-0.112421356	0.28866965	-0.21198682	0.18368107	-0.1582484	0.093508445
-0.1546002	0.20642988	-0.20576772	0.109680526	-0.13038772	0.21525325	-0.26494566	0.23571733	-0.1367957	0.090719484	-0.3209022	0.99999946	-0.48572326	0.12813655	-0.08426278	0.23952517	-0.6281366	0.27325886	-0.16554269	0.10662551	-0.26690698	0.20724991	-0.21629582	0.15334375	-0.09359943
0.1440933	-0.21642156	0.23232879	-0.1272063	0.13902922	-0.19445938	0.22258009	-0.45358074	0.17716187	-0.10959883	0.2134287	-0.48572326	0.99999946	-0.20464057	0.10147403	-0.15685928	0.2586816	-0.55258864	0.1943945	-0.12518767	0.18288797	-0.18043198	0.1914836	-0.18050121	0.10413056
-0.08802844	0.12883139	-0.1511698	0.14069134	-0.1571921	0.10120484	-0.120200254	0.1674352	-0.85849196	0.22714539	-0.114763215	0.12813655	-0.20464057	0.9999994	-0.30466852	0.074014135	-0.110864975	0.14557216	-0.11720363	0.09481846	-0.092882246	0.08070072	-0.0890001	0.100037165	-0.08051046
0.06722884	-0.09836114	0.098330624	-0.106095396	0.12196963	-0.071799174	0.07898372	-0.09939493	0.2196788	-0.8877139	0.083618216	-0.08426278	0.10147403	-0.30466852	0.99999946	-0.054314215	0.078434125	-0.10266101	0.104576714	-0.16920905	0.06978396	-0.062287204	0.06998696	-0.09648586	0.12298082
-0.124042384	0.1679092	-0.12286767	0.07056841	-0.08264993	0.1939899	-0.15531626	0.13810115	-0.076890364	0.061221194	-0.46450737	0.23952517	-0.15685928	0.074014135	-0.054314215	0.9999997	-0.43352115	0.18115719	-0.11166187	0.08000514	-0.68524	0.21839717	-0.18432106	0.11899344	-0.06886975
0.15537784	-0.21794963	0.17022501	-0.09826042	0.113477275	-0.21694414	0.19825572	-0.20359413	0.112397715	-0.08833672	0.27478907	-0.6281366	0.2586816	-0.110864975	0.078434125	-0.43352115	0.9999995	-0.31046504	0.16418365	-0.11870804	0.2867923	-0.31870455	0.22779422	-0.17680345	0.099310674
-0.15106736	0.19675612	-0.21879895	0.11687209	-0.14181112	0.1807786	-0.21034843	0.23770791	-0.15605113	0.10712313	-0.24452764	0.27325886	-0.55258864	0.14557216	-0.10266101	0.18115719	-0.31046504	0.9999994	-0.42992437	0.16783772	-0.24261387	0.2332981	-0.35527158	0.25386256	-0.1522902
0.09865636	-0.13346614	0.123789646	-0.076809905	0.090459876	-0.115642175	0.12146236	-0.14064181	0.11173822	-0.112483315	0.14665048	-0.16554269	0.1943945	-0.11720363	0.104576714	-0.11166187	0.16418365	-0.42992437	0.99999917	-0.38041934	0.14508837	-0.17722374	0.21376921	-0.6987004	0.26751828
-0.074912235	0.095910765	-0.09338536	0.06256567	-0.076339625	0.08275047	-0.08944532	0.09512575	-0.09690891	0.14211656	-0.112421356	0.10662551	-0.12518767	0.09481846	-0.16920905	0.08000514	-0.11870804	0.16783772	-0.38041934	0.9999992	-0.10913135	0.10909475	-0.14135946	0.2865379	-0.82381153
0.15910318	-0.2227687	0.1508887	-0.08849167	0.102649406	-0.226224	0.17535804	-0.17069073	0.09507436	-0.079706736	0.28866965	-0.26690698	0.18288797	-0.092882246	0.06978396	-0.68524	0.2867923	-0.24261387	0.14508837	-0.10913135	0.9999993	-0.3885106	0.23432547	-0.16544917	0.09179041
-0.11159397	0.14780377	-0.12538238	0.07187735	-0.08615734	0.14322764	-0.13774122	0.1356653	-0.08519479	0.06788231	-0.21198682	0.20724991	-0.18043198	0.08070072	-0.062287204	0.21839717	-0.31870455	0.2332981	-0.17722374	0.10909475	-0.3885106	0.99999905	-0.7588729	0.188219	-0.10672541
0.11654114	-0.1605928	0.12989734	-0.07602025	0.08930875	-0.14535853	0.13756809	-0.14777233	0.09113444	-0.07744446	0.18368107	-0.21629582	0.1914836	-0.0890001	0.06998696	-0.18432106	0.22779422	-0.35527158	0.21376921	-0.14135946	0.23432547	-0.7588729	0.9999991	-0.30293947	0.13052829
-0.09961917	0.12731476	-0.123202644	0.07434763	-0.09070873	0.11412802	-0.12234837	0.12813184	-0.104891144	0.0989634	-0.1582484	0.15334375	-0.18050121	0.100037165	-0.09648586	0.11899344	-0.17680345	0.25386256	-0.6987004	0.2865379	-0.16544917	0.188219	-0.30293947	0.9999991	-0.44251832
0.064039625	-0.08458602	0.07815516	-0.053403497	0.06375793	-0.07157824	0.07525689	-0.081987225	0.07935541	-0.13206026	0.093508445	-0.09359943	0.10413056	-0.08051046	0.12298082	-0.06886975	0.099310674	-0.1522902	0.26751828	-0.82381153	0.09179041	-0.10672541	0.13052829	-0.44251832	0.9999991
