1.0000002	-0.63502675	0.2576727	-0.056269567	0.057007175	-0.61456925	0.29461795	-0.2650435	0.06512942	-0.056190446	0.14153522	-0.20063111	0.17000999	-0.08254271	0.06539951	-0.060804065	0.07719823	-0.0749448	0.066963	-0.07475646	0.06684611	-0.06457423	0.07124124	-0.04855324	0.060169283
-0.63502675	1.0000002	-0.5265644	0.07534926	-0.07950246	0.30078357	-0.3929893	0.28096893	-0.0717539	0.06013085	-0.12737034	0.19611456	-0.19838105	0.086955585	-0.070755474	0.054870673	-0.07970533	0.07837451	-0.07080446	0.0762058	-0.06238776	0.06483137	-0.07589549	0.050712574	-0.0637008
0.2576727	-0.5265644	1.0000004	-0.13141091	0.11487763	-0.27970213	0.2775735	-0.6779729	0.08932453	-0.077423796	0.12661394	-0.23613247	0.21961889	-0.106158525	0.082008794	-0.05736248	0.08529264	-0.08957073	0.0794633	-0.08942109	0.06451796	-0.07220799	0.08210162	-0.05628509	0.06898596
-0.056269567	0.07534926	-0.13141091	1.0000007	-0.9729288	0.059596136	-0.059722614	0.092231706	-0.103263564	0.093594186	-0.041048475	0.060442816	-0.06074372	0.06819352	-0.065417	0.019417811	-0.032592144	0.035163462	-0.040537633	0.049063675	-0.022733591	0.027277326	-0.034149576	0.02635579	-0.033477984
0.057007175	-0.07950246	0.11487763	-0.9729288	1.0000007	-0.06373237	0.061493114	-0.09786993	0.09676075	-0.104404956	0.042701967	-0.06422863	0.062150385	-0.07117118	0.06598789	-0.020222735	0.0334818	-0.036403537	0.041485727	-0.05144165	0.02358602	-0.028289227	0.034921605	-0.027093468	0.03404679
-0.61456925	0.30078357	-0.27970213	0.059596136	-0.06373237	1.0000006	-0.5950617	0.24654898	-0.07495907	0.06266665	-0.20295717	0.22561342	-0.21707292	0.09405915	-0.0770226	0.07645981	-0.09478199	0.08856864	-0.07953537	0.08503965	-0.08392942	0.076495014	-0.08705949	0.05774933	-0.072807245
0.29461795	-0.3929893	0.2775735	-0.059722614	0.061493114	-0.5950617	1.0000008	-0.43764463	0.08287796	-0.06996127	0.15654121	-0.4134237	0.25671655	-0.106824905	0.08349895	-0.06900984	0.10021218	-0.09842218	0.08535381	-0.09244783	0.07520462	-0.08248661	0.09230207	-0.06126975	0.075501606
-0.2650435	0.28096893	-0.6779729	0.092231706	-0.09786993	0.24654898	-0.43764463	1.0000008	-0.114096105	0.08911096	-0.13471472	0.26160458	-0.37967527	0.1265372	-0.09987196	0.061241955	-0.10046389	0.109103054	-0.09614993	0.10145595	-0.06959798	0.0822053	-0.101599716	0.066625334	-0.082608126
0.06512942	-0.0717539	0.08932453	-0.103263564	0.09676075	-0.07495907	0.08287796	-0.114096105	1.000001	-0.7630174	0.07786488	-0.12872529	0.14073901	-0.49364394	0.3076262	-0.0420985	0.08788484	-0.111228645	0.15795328	-0.21113168	0.049146287	-0.07490864	0.10399734	-0.091035806	0.11165113
-0.056190446	0.06013085	-0.077423796	0.093594186	-0.104404956	0.06266665	-0.06996127	0.08911096	-0.7630174	1.0000008	-0.070503615	0.10315893	-0.11937061	0.301663	-0.5138786	0.038861744	-0.085434474	0.10219558	-0.15691997	0.19385648	-0.04585863	0.07030417	-0.10276918	0.08810538	-0.11639285
0.14153522	-0.12737034	0.12661394	-0.041048475	0.042701967	-0.20295717	0.15654121	-0.13471472	0.07786488	-0.070503615	1.000001	-0.23357731	0.1744395	-0.11123036	0.08897251	-0.4063466	0.1650334	-0.122973114	0.10576261	-0.12456828	0.27717477	-0.1474298	0.12069609	-0.08288964	0.10089265
-0.20063111	0.19611456	-0.23613247	0.060442816	-0.06422863	0.22561342	-0.4134237	0.26160458	-0.12872529	0.10315893	-0.23357731	1.0000008	-0.7129972	0.17713025	-0.14400631	0.101550914	-0.1986631	0.1800382	-0.15173428	0.14942545	-0.112141505	0.14508514	-0.17434251	0.10633195	-0.1326512
0.17000999	-0.19838105	0.21961889	-0.06074372	0.062150385	-0.21707292	0.25671655	-0.37967527	0.14073901	-0.11937061	0.1744395	-0.7129972	1.0000007	-0.26054692	0.15891902	-0.0886596	0.16646624	-0.25004962	0.16768925	-0.17569906	0.097154334	-0.14506859	0.1766695	-0.11403145	0.13200858
-0.08254271	0.086955585	-0.106158525	0.06819352	-0.07117118	0.09405915	-0.106824905	0.1265372	-0.49364394	0.301663	-0.11123036	0.17713025	-0.26054692	1.0000008	-0.61981493	0.0623552	-0.14323294	0.17909808	-0.32106966	0.27929714	-0.073194824	0.11676158	-0.17751126	0.15066342	-0.19636078
0.06539951	-0.070755474	0.082008794	-0.065417	0.06598789	-0.0770226	0.08349895	-0.09987196	0.3076262	-0.5138786	0.08897251	-0.14400631	0.15891902	-0.61981493	1.0000006	-0.050247204	0.11208631	-0.14787617	0.23010032	-0.43293872	0.058691442	-0.09532053	0.13818552	-0.12557006	0.15455087
-0.060804065	0.054870673	-0.05736248	0.019417811	-0.020222735	0.07645981	-0.06900984	0.061241955	-0.0420985	0.038861744	-0.4063466	0.101550914	-0.0886596	0.0623552	-0.050247204	1.0000002	-0.21132529	0.09204634	-0.06897641	0.078164324	-0.8386395	0.16019821	-0.09465036	0.05600893	-0.064536706
0.07719823	-0.07970533	0.08529264	-0.032592144	0.0334818	-0.09478199	0.10021218	-0.10046389	0.08788484	-0.085434474	0.1650334	-0.1986631	0.16646624	-0.14323294	0.11208631	-0.21132529	1.0000002	-0.33060178	0.18086852	-0.20772813	0.18546401	-0.7895654	0.27791604	-0.15114436	0.15242691
-0.0749448	0.07837451	-0.08957073	0.035163462	-0.036403537	0.08856864	-0.09842218	0.109103054	-0.111228645	0.10219558	-0.122973114	0.1800382	-0.25004962	0.17909808	-0.14787617	0.09204634	-0.33060178	1.0000001	-0.46454895	0.25889787	-0.10525604	0.25396663	-0.66685236	0.23420513	-0.24848919
0.066963	-0.07080446	0.0794633	-0.040537633	0.041485727	-0.07953537	0.08535381	-0.09614993	0.15795328	-0.15691997	0.10576261	-0.15173428	0.16768925	-0.32106966	0.23010032	-0.06897641	0.18086852	-0.46454895	1.0000001	-0.6257387	0.07936015	-0.16825226	0.27066422	-0.37048358	0.27366406
-0.07475646	0.0762058	-0.08942109	0.049063675	-0.05144165	0.08503965	-0.09244783	0.10145595	-0.21113168	0.19385648	-0.12456828	0.14942545	-0.17569906	0.27929714	-0.43293872	0.078164324	-0.20772813	0.25889787	-0.6257387	0.99999964	-0.09292736	0.16490707	-0.28085345	0.25078198	-0.36027446
0.06684611	-0.06238776	0.06451796	-0.022733591	0.02358602	-0.08392942	0.07520462	-0.06959798	0.049146287	-0.04585863	0.27717477	-0.112141505	0.097154334	-0.073194824	0.058691442	-0.8386395	0.18546401	-0.10525604	0.07936015	-0.09292736	0.9999994	-0.19834982	0.10650082	-0.06523186	0.07443365
-0.06457423	0.06483137	-0.07220799	0.027277326	-0.028289227	0.076495014	-0.08248661	0.0822053	-0.07490864	0.07030417	-0.1474298	0.14508514	-0.14506859	0.11676158	-0.09532053	0.16019821	-0.7895654	0.25396663	-0.16825226	0.16490707	-0.19834982	0.9999995	-0.4365624	0.1513587	-0.16684403
0.07124124	-0.07589549	0.08210162	-0.034149576	0.034921605	-0.08705949	0.09230207	-0.101599716	0.10399734	-0.10276918	0.12069609	-0.17434251	0.1766695	-0.17751126	0.13818552	-0.09465036	0.27791604	-0.66685236	0.27066422	-0.28085345	0.10650082	-0.4365624	0.99999964	-0.33512437	0.23915642
-0.04855324	0.050712574	-0.05628509	0.02635579	-0.027093468	0.05774933	-0.06126975	0.066625334	-0.091035806	0.08810538	-0.08288964	0.10633195	-0.11403145	0.15066342	-0.12557006	0.05600893	-0.15114436	0.23420513	-0.37048358	0.25078198	-0.06523186	0.1513587	-0.33512437	0.99999964	-0.8090223
0.060169283	-0.0637008	0.06898596	-0.033477984	0.03404679	-0.072807245	0.075501606	-0.082608126	0.11165113	-0.11639285	0.10089265	-0.1326512	0.13200858	-0.19636078	0.15455087	-0.064536706	0.15242691	-0.24848919	0.27366406	-0.36027446	0.07443365	-0.16684403	0.23915642	-0.8090223	0.99999964
