1.0000001	-0.25059274	0.1339542	-0.10793199	0.10383279	-0.87236726	0.17834741	-0.13186345	0.097530544	-0.08335963	0.23034272	-0.19978325	0.14163107	-0.063239284	0.09228371	-0.16667151	0.11015242	-0.11325339	0.056439724	-0.06483186	0.15177082	-0.118943125	0.08003708	-0.07470252	0.06115744
-0.25059274	1.0000001	-0.6074697	0.25950813	-0.23039342	0.17914474	-0.49604025	0.289962	-0.24942401	0.17254479	-0.21343082	0.23920688	-0.27959198	0.10631843	-0.17275771	0.14693472	-0.14437504	0.17020541	-0.097342	0.10999907	-0.19731711	0.14029953	-0.128049	0.11768477	-0.103519134
0.1339542	-0.6074697	1.0	-0.51737684	0.20832936	-0.11849907	0.2644969	-0.43423945	0.2778265	-0.18241166	0.14010914	-0.17730057	0.23137233	-0.09999874	0.15209496	-0.10502343	0.10747418	-0.15399213	0.08793608	-0.100604296	0.1350836	-0.10988606	0.10937111	-0.10637488	0.09058891
-0.10793199	0.25950813	-0.51737684	1.0000002	-0.34995738	0.091382064	-0.23286566	0.2916614	-0.63761675	0.25158632	-0.12822236	0.15177874	-0.23182636	0.10889828	-0.19118133	0.094921924	-0.10069231	0.14838262	-0.098794416	0.11378418	-0.12922813	0.101162754	-0.11283536	0.11138115	-0.10066809
0.10383279	-0.23039342	0.20832936	-0.34995738	1.0000002	-0.09240402	0.1920369	-0.24039496	0.27757385	-0.67386514	0.13293093	-0.15711346	0.22263667	-0.13934371	0.282166	-0.10586871	0.11771354	-0.20447256	0.12137467	-0.19799553	0.14493123	-0.12525481	0.15493971	-0.17851529	0.1513823
-0.87236726	0.17914474	-0.11849907	0.091382064	-0.09240402	1.0	-0.1818528	0.11536186	-0.08671427	0.07275411	-0.3316004	0.18260467	-0.13159534	0.054966126	-0.08144548	0.16134295	-0.104899116	0.09831761	-0.04961185	0.056276772	-0.16202755	0.106992096	-0.07094533	0.06459263	-0.05364151
0.17834741	-0.49604025	0.2644969	-0.23286566	0.1920369	-0.1818528	0.99999976	-0.43068686	0.21323219	-0.16617766	0.24092452	-0.52937084	0.28292271	-0.117083475	0.16541383	-0.18056485	0.18151754	-0.20290183	0.10318122	-0.11581522	0.20378083	-0.18691085	0.13939804	-0.1311355	0.1075258
-0.13186345	0.289962	-0.43423945	0.2916614	-0.24039496	0.11536186	-0.43068686	0.99999994	-0.46774432	0.20901874	-0.171551	0.22784284	-0.48448434	0.12896225	-0.18957014	0.12500644	-0.13519453	0.19848886	-0.115882315	0.121500105	-0.16404064	0.13339539	-0.14114125	0.1300813	-0.11249193
0.097530544	-0.24942401	0.2778265	-0.63761675	0.27757385	-0.08671427	0.21323219	-0.46774432	1.0000001	-0.41007784	0.11985302	-0.15239264	0.22973469	-0.13339075	0.19886656	-0.09172574	0.09941575	-0.1607598	0.11034727	-0.12517403	0.121262625	-0.10228611	0.116856925	-0.12040398	0.10521744
-0.08335963	0.17254479	-0.18241166	0.25158632	-0.67386514	0.07275411	-0.16617766	0.20901874	-0.41007784	1.0000001	-0.1079653	0.12649068	-0.20000428	0.11678683	-0.45794457	0.08377825	-0.09423063	0.16153468	-0.10680787	0.18468407	-0.115920775	0.09758392	-0.13296257	0.1467676	-0.14814728
0.23034272	-0.21343082	0.14010914	-0.12822236	0.13293093	-0.3316004	0.24092452	-0.171551	0.11985302	-0.1079653	1.0000002	-0.52310723	0.20713279	-0.09070921	0.12566015	-0.55865407	0.20814003	-0.17292462	0.08089353	-0.091067165	0.29583076	-0.21993172	0.1192056	-0.10855144	0.086824775
-0.19978325	0.23920688	-0.17730057	0.15177874	-0.15711346	0.18260467	-0.52937084	0.22784284	-0.15239264	0.12649068	-0.52310723	1.0000006	-0.34757322	0.10569042	-0.14512862	0.2492446	-0.31296608	0.19653007	-0.09633203	0.101912	-0.29894873	0.23052023	-0.13973139	0.119860925	-0.098964654
0.14163107	-0.27959198	0.23137233	-0.23182636	0.22263667	-0.13159534	0.28292271	-0.48448434	0.22973469	-0.20000428	0.20713279	-0.34757322	1.0000001	-0.23532256	0.21853343	-0.16723064	0.19363488	-0.4415051	0.18545815	-0.17338872	0.20478813	-0.20222974	0.22684115	-0.21371117	0.16078316
-0.063239284	0.10631843	-0.09999874	0.10889828	-0.13934371	0.054966126	-0.117083475	0.12896225	-0.13339075	0.11678683	-0.09070921	0.10569042	-0.23532256	0.99999994	-0.18571547	0.07164363	-0.09413141	0.20924473	-0.8902551	0.16390786	-0.100832246	0.091383025	-0.17873631	0.16870813	-0.15905295
0.09228371	-0.17275771	0.15209496	-0.19118133	0.282166	-0.08144548	0.16541383	-0.18957014	0.19886656	-0.45794457	0.12566015	-0.14512862	0.21853343	-0.18571547	1.0000002	-0.10214381	0.12354483	-0.25503963	0.16435759	-0.53792506	0.14227192	-0.13296048	0.20731094	-0.28872353	0.26672047
-0.16667151	0.14693472	-0.10502343	0.094921924	-0.10586871	0.16134295	-0.18056485	0.12500644	-0.09172574	0.08377825	-0.55865407	0.2492446	-0.16723064	0.07164363	-0.10214381	1.0	-0.25945845	0.14203975	-0.065607235	0.07306707	-0.6859774	0.22434853	-0.10307016	0.08809657	-0.07148327
0.11015242	-0.14437504	0.10747418	-0.10069231	0.11771354	-0.104899116	0.18151754	-0.13519453	0.09941575	-0.09423063	0.20814003	-0.31296608	0.19363488	-0.09413141	0.12354483	-0.25945845	1.0000002	-0.2689288	0.08962752	-0.09314494	0.25471273	-0.812331	0.16687052	-0.124114186	0.09542876
-0.11325339	0.17020541	-0.15399213	0.14838262	-0.20447256	0.09831761	-0.20290183	0.19848886	-0.1607598	0.16153468	-0.17292462	0.19653007	-0.4415051	0.20924473	-0.25503963	0.14203975	-0.2689288	1.0000006	-0.26053256	0.19186936	-0.19900031	0.21191666	-0.5996239	0.27282307	-0.22767623
0.056439724	-0.097342	0.08793608	-0.098794416	0.12137467	-0.04961185	0.10318122	-0.115882315	0.11034727	-0.10680787	0.08089353	-0.09633203	0.18545815	-0.8902551	0.16435759	-0.065607235	0.08962752	-0.26053256	1.0000005	-0.19422524	0.090468496	-0.08922664	0.1750928	-0.20017791	0.15689196
-0.06483186	0.10999907	-0.100604296	0.11378418	-0.19799553	0.056276772	-0.11581522	0.121500105	-0.12517403	0.18468407	-0.091067165	0.101912	-0.17338872	0.16390786	-0.53792506	0.07306707	-0.09314494	0.19186936	-0.19422524	1.0000007	-0.10449209	0.09606041	-0.22783701	0.27149296	-0.6696663
0.15177082	-0.19731711	0.1350836	-0.12922813	0.14493123	-0.16202755	0.20378083	-0.16404064	0.121262625	-0.115920775	0.29583076	-0.29894873	0.20478813	-0.100832246	0.14227192	-0.6859774	0.25471273	-0.19900031	0.090468496	-0.10449209	1.0000005	-0.3629495	0.14080374	-0.1272257	0.10034103
-0.118943125	0.14029953	-0.10988606	0.101162754	-0.12525481	0.106992096	-0.18691085	0.13339539	-0.10228611	0.09758392	-0.21993172	0.23052023	-0.20222974	0.091383025	-0.13296048	0.22434853	-0.812331	0.21191666	-0.08922664	0.09606041	-0.3629495	1.0000005	-0.19167691	0.12622987	-0.10219147
0.08003708	-0.128049	0.10937111	-0.11283536	0.15493971	-0.07094533	0.13939804	-0.14114125	0.116856925	-0.13296257	0.1192056	-0.13973139	0.22684115	-0.17873631	0.20731094	-0.10307016	0.16687052	-0.5996239	0.1750928	-0.22783701	0.14080374	-0.19167691	1.0000005	-0.6011236	0.24196944
-0.07470252	0.11768477	-0.10637488	0.11138115	-0.17851529	0.06459263	-0.1311355	0.1300813	-0.12040398	0.1467676	-0.10855144	0.119860925	-0.21371117	0.16870813	-0.28872353	0.08809657	-0.124114186	0.27282307	-0.20017791	0.27149296	-0.1272257	0.12622987	-0.6011236	1.0000005	-0.5533269
0.06115744	-0.103519134	0.09058891	-0.10066809	0.1513823	-0.05364151	0.1075258	-0.11249193	0.10521744	-0.14814728	0.086824775	-0.098964654	0.16078316	-0.15905295	0.26672047	-0.07148327	0.09542876	-0.22767623	0.15689196	-0.6696663	0.10034103	-0.10219147	0.24196944	-0.5533269	1.0000005
