1.0	-0.15792699	0.11356743	-0.047440883	0.0506721	-0.80663836	0.12556618	-0.15774389	0.06652369	-0.0665864	0.29820248	-0.094471164	0.12189295	-0.09247441	0.056568634	-0.17535321	0.12055259	-0.082812384	0.103109084	-0.07535461	0.10606972	-0.08711413	0.09855132	-0.07787279	0.065142125
-0.15792699	1.0000001	-0.86943585	0.122774094	-0.13332184	0.10375871	-0.21651314	0.25600517	-0.10541605	0.08741428	-0.12904543	0.13312186	-0.21485066	0.10445379	-0.06745035	0.101545155	-0.10561838	0.09089445	-0.11385524	0.07726415	-0.08299175	0.072908014	-0.10634855	0.0782269	-0.07019776
0.11356743	-0.86943585	1.0000001	-0.14365834	0.124761246	-0.08632726	0.16189039	-0.36303207	0.097686104	-0.08184428	0.10191127	-0.111665614	0.17603597	-0.094310686	0.060165808	-0.08446196	0.08618753	-0.07521753	0.09377149	-0.06807866	0.06779045	-0.06024847	0.08729524	-0.066278264	0.059901558
-0.047440883	0.122774094	-0.14365834	1.0000004	-0.89214337	0.034851212	-0.073864125	0.11378029	-0.32835865	0.2042951	-0.05782457	0.053728193	-0.08649504	0.16138528	-0.1132398	0.051953666	-0.055655695	0.05678359	-0.08521111	0.097151436	-0.046210445	0.04097359	-0.07315255	0.06815327	-0.076113805
0.0506721	-0.13332184	0.124761246	-0.89214337	1.0000005	-0.03765505	0.07766889	-0.12530299	0.24456061	-0.26710266	0.062333632	-0.05767022	0.09158963	-0.19564964	0.13023351	-0.05671415	0.0601056	-0.062021773	0.092686884	-0.116693534	0.05003395	-0.044601798	0.079445794	-0.07785704	0.08553609
-0.80663836	0.10375871	-0.08632726	0.034851212	-0.03765505	1.0000002	-0.10846422	0.114182405	-0.049094606	0.048797097	-0.48425898	0.07836416	-0.095652826	0.06799513	-0.04174933	0.14720069	-0.1034415	0.06525828	-0.07958912	0.055568162	-0.09013914	0.071468465	-0.07718797	0.059002217	-0.048716094
0.12556618	-0.21651314	0.16189039	-0.073864125	0.07766889	-0.10846422	1.0	-0.42654872	0.11354431	-0.11132268	0.16474244	-0.7276078	0.31565064	-0.15969685	0.093670756	-0.20804553	0.21245427	-0.15471552	0.16332406	-0.12055238	0.14219455	-0.14847448	0.15909123	-0.12769452	0.10227512
-0.15774389	0.25600517	-0.36303207	0.11378029	-0.12530299	0.114182405	-0.42654872	0.99999964	-0.1858433	0.14610101	-0.20048642	0.27606875	-0.60074115	0.19004709	-0.12116558	0.18328388	-0.20853703	0.19335887	-0.23208812	0.14105305	-0.15827616	0.14162304	-0.21866374	0.15237857	-0.13256729
0.06652369	-0.10541605	0.097686104	-0.32835865	0.24456061	-0.049094606	0.11354431	-0.1858433	0.99999964	-0.671335	0.091595754	-0.08715597	0.14284377	-0.49318635	0.28082418	-0.08849355	0.09599729	-0.10586177	0.1655537	-0.233219	0.080339484	-0.07198463	0.1378904	-0.14200437	0.16467366
-0.0665864	0.08741428	-0.08184428	0.2042951	-0.26710266	0.048797097	-0.11132268	0.14610101	-0.671335	0.9999993	-0.09453936	0.084178306	-0.1364936	0.31526652	-0.50509906	0.09126399	-0.10164819	0.113775074	-0.18893059	0.2430051	-0.086603545	0.07661965	-0.15770823	0.15071537	-0.20839639
0.29820248	-0.12904543	0.10191127	-0.05782457	0.062333632	-0.48425898	0.16474244	-0.20048642	0.091595754	-0.09453936	0.9999995	-0.13402033	0.16515936	-0.13493262	0.082152374	-0.40259975	0.20984693	-0.12886094	0.1561377	-0.112301625	0.18676712	-0.1513663	0.15201336	-0.11962324	0.09714996
-0.094471164	0.13312186	-0.111665614	0.053728193	-0.05767022	0.07836416	-0.7276078	0.27606875	-0.08715597	0.084178306	-0.13402033	0.99999917	-0.5239567	0.12542722	-0.074498594	0.17891511	-0.27245066	0.15428028	-0.15113938	0.09526296	-0.13208692	0.13897598	-0.1515641	0.10770556	-0.08441579
0.12189295	-0.21485066	0.17603597	-0.08649504	0.09158963	-0.095652826	0.31565064	-0.60074115	0.14284377	-0.1364936	0.16515936	-0.5239567	0.99999917	-0.21712394	0.11976177	-0.19889598	0.21314901	-0.26645452	0.21535195	-0.14839303	0.14816275	-0.15173958	0.20962714	-0.16179869	0.12765953
-0.09247441	0.10445379	-0.094310686	0.16138528	-0.19564964	0.06799513	-0.15969685	0.19004709	-0.49318635	0.31526652	-0.13493262	0.12542722	-0.21712394	0.9999989	-0.54201835	0.13406456	-0.15211442	0.17666528	-0.31451115	0.28649533	-0.12842326	0.11426119	-0.24068868	0.21216868	-0.2864703
0.056568634	-0.06745035	0.060165808	-0.1132398	0.13023351	-0.04174933	0.093670756	-0.12116558	0.28082418	-0.50509906	0.082152374	-0.074498594	0.11976177	-0.54201835	0.99999887	-0.08331368	0.09233576	-0.109702155	0.18270466	-0.55197394	0.07845257	-0.070835516	0.15005706	-0.17564766	0.23485868
-0.17535321	0.101545155	-0.08446196	0.051953666	-0.05671415	0.14720069	-0.20804553	0.18328388	-0.08849355	0.09126399	-0.40259975	0.17891511	-0.19889598	0.13406456	-0.08331368	0.9999986	-0.5891544	0.19705185	-0.21129574	0.11644983	-0.48284563	0.29443383	-0.22722095	0.1439817	-0.10860013
0.12055259	-0.10561838	0.08618753	-0.055655695	0.0601056	-0.1034415	0.21245427	-0.20853703	0.09599729	-0.10164819	0.20984693	-0.27245066	0.21314901	-0.15211442	0.09233576	-0.5891544	0.9999987	-0.30675077	0.21712036	-0.13245115	0.3086141	-0.5044395	0.24188381	-0.1670297	0.11707389
-0.082812384	0.09089445	-0.07521753	0.05678359	-0.062021773	0.06525828	-0.15471552	0.19335887	-0.10586177	0.113775074	-0.12886094	0.15428028	-0.26645452	0.17666528	-0.109702155	0.19705185	-0.30675077	0.9999986	-0.58014965	0.16258475	-0.16858113	0.18781054	-0.6289407	0.2485777	-0.15848745
0.103109084	-0.11385524	0.09377149	-0.08521111	0.092686884	-0.07958912	0.16332406	-0.23208812	0.1655537	-0.18893059	0.1561377	-0.15113938	0.21535195	-0.31451115	0.18270466	-0.21129574	0.21712036	-0.58014965	0.9999986	-0.28879777	0.16428201	-0.17485778	0.3264848	-0.4570385	0.24262354
-0.07535461	0.07726415	-0.06807866	0.097151436	-0.116693534	0.055568162	-0.12055238	0.14105305	-0.233219	0.2430051	-0.112301625	0.09526296	-0.14839303	0.28649533	-0.55197394	0.11644983	-0.13245115	0.16258475	-0.28879777	0.9999988	-0.11446474	0.10291286	-0.2405107	0.26651433	-0.5798767
0.10606972	-0.08299175	0.06779045	-0.046210445	0.05003395	-0.09013914	0.14219455	-0.15827616	0.080339484	-0.086603545	0.18676712	-0.13208692	0.14816275	-0.12842326	0.07845257	-0.48284563	0.3086141	-0.16858113	0.16428201	-0.11446474	0.99999875	-0.7369851	0.19846371	-0.14185968	0.099662915
-0.08711413	0.072908014	-0.06024847	0.04097359	-0.044601798	0.071468465	-0.14847448	0.14162304	-0.07198463	0.07661965	-0.1513663	0.13897598	-0.15173958	0.11426119	-0.070835516	0.29443383	-0.5044395	0.18781054	-0.17485778	0.10291286	-0.7369851	0.9999988	-0.26763254	0.13688879	-0.09560408
0.09855132	-0.10634855	0.08729524	-0.07315255	0.079445794	-0.07718797	0.15909123	-0.21866374	0.1378904	-0.15770823	0.15201336	-0.1515641	0.20962714	-0.24068868	0.15005706	-0.22722095	0.24188381	-0.6289407	0.3264848	-0.2405107	0.19846371	-0.26763254	0.9999986	-0.43832317	0.2194094
-0.07787279	0.0782269	-0.066278264	0.06815327	-0.07785704	0.059002217	-0.12769452	0.15237857	-0.14200437	0.15071537	-0.11962324	0.10770556	-0.16179869	0.21216868	-0.17564766	0.1439817	-0.1670297	0.2485777	-0.4570385	0.26651433	-0.14185968	0.13688879	-0.43832317	0.9999986	-0.6296883
0.065142125	-0.07019776	0.059901558	-0.076113805	0.08553609	-0.048716094	0.10227512	-0.13256729	0.16467366	-0.20839639	0.09714996	-0.08441579	0.12765953	-0.2864703	0.23485868	-0.10860013	0.11707389	-0.15848745	0.24262354	-0.5798767	0.099662915	-0.09560408	0.2194094	-0.6296883	0.9999986
