1.0000001	-0.27238652	0.17247577	-0.095066205	0.086445004	-0.89515203	0.15343285	-0.16541417	0.06984984	-0.06888366	0.16741544	-0.15329926	0.13232446	-0.07374778	0.09089679	-0.12183949	0.10563109	-0.09486256	0.113377675	-0.05606305	0.091359355	-0.09007448	0.061187487	-0.06941587	0.07170938
-0.27238652	1.0000002	-0.7366513	0.22287114	-0.21423045	0.2040253	-0.343996	0.2745695	-0.15214136	0.13993916	-0.16386662	0.19083919	-0.18890835	0.13819735	-0.18730687	0.11134767	-0.12852147	0.11445336	-0.15339434	0.088552356	-0.100994155	0.09446897	-0.075392894	0.08349676	-0.11120114
0.17247577	-0.7366513	0.99999994	-0.36303332	0.20397785	-0.18273546	0.24295783	-0.37094653	0.15629192	-0.14507571	0.13299215	-0.1738212	0.1550314	-0.15217008	0.16456257	-0.09575555	0.106793955	-0.09905264	0.13080817	-0.077566706	0.083871305	-0.08143066	0.064578414	-0.07297453	0.09494429
-0.095066205	0.22287114	-0.36303332	0.9999998	-0.65492404	0.096159615	-0.11251162	0.14287579	-0.41930753	0.273239	-0.090192676	0.10331502	-0.111862905	0.26122224	-0.3131127	0.06798012	-0.08008451	0.08035329	-0.14604259	0.1096202	-0.06262114	0.061618276	-0.05685007	0.06592299	-0.13059142
0.086445004	-0.21423045	0.20397785	-0.65492404	1.0	-0.093684226	0.09948077	-0.1318478	0.24480742	-0.5518896	0.08318164	-0.09779711	0.1017173	-0.2679883	0.28295398	-0.06427031	0.07417535	-0.075530216	0.13175777	-0.10402018	0.058331575	-0.058368042	0.05289738	-0.06226002	0.11574284
-0.89515203	0.2040253	-0.18273546	0.096159615	-0.093684226	0.9999999	-0.17022072	0.15594354	-0.0738658	0.07248544	-0.21790886	0.15426008	-0.14565793	0.0760129	-0.0995495	0.12836364	-0.11601718	0.09957263	-0.123217255	0.06065415	-0.102160536	0.09419356	-0.065153845	0.072336905	-0.07819549
0.15343285	-0.343996	0.24295783	-0.11251162	0.09948077	-0.17022072	0.99999994	-0.75702274	0.08449258	-0.07579309	0.17926465	-0.420186	0.22109275	-0.0854545	0.09882385	-0.121126294	0.13907887	-0.12238264	0.12013525	-0.059423856	0.10224806	-0.09901875	0.07307995	-0.08046045	0.07481862
-0.16541417	0.2745695	-0.37094653	0.14287579	-0.1318478	0.15594354	-0.75702274	0.9999997	-0.11162148	0.09627176	-0.2058197	0.268382	-0.2747508	0.10645692	-0.12775168	0.13217093	-0.1617723	0.1388219	-0.14728388	0.073777415	-0.12062199	0.11125614	-0.0858899	0.09269967	-0.093311906
0.06984984	-0.15214136	0.15629192	-0.41930753	0.24480742	-0.0738658	0.08449258	-0.11162148	0.9999999	-0.27353835	0.07568957	-0.09015438	0.102707095	-0.79060745	0.2507423	-0.059551697	0.07047693	-0.0755402	0.1373141	-0.096219115	0.054393552	-0.055136416	0.05240117	-0.06248876	0.10844456
-0.06888366	0.13993916	-0.14507571	0.273239	-0.5518896	0.07248544	-0.07579309	0.09627176	-0.27353835	0.99999964	-0.07460311	0.08290681	-0.093570456	0.23999809	-0.6779751	0.058631185	-0.070274316	0.074343726	-0.15442395	0.1541312	-0.05460508	0.05495647	-0.05448494	0.06495833	-0.17304106
0.16741544	-0.16386662	0.13299215	-0.090192676	0.08318164	-0.21790886	0.17926465	-0.2058197	0.07568957	-0.07460311	0.9999999	-0.43736458	0.2573664	-0.08633585	0.10008556	-0.65267944	0.26272315	-0.22329043	0.18511641	-0.08144431	0.2554718	-0.2636923	0.12998386	-0.15157704	0.103060395
-0.15329926	0.19083919	-0.1738212	0.10331502	-0.09779711	0.15426008	-0.420186	0.268382	-0.09015438	0.08290681	-0.43736458	0.9999999	-0.5759627	0.09916358	-0.11296603	0.23724414	-0.3144511	0.24108177	-0.19584076	0.08582716	-0.20225468	0.18991786	-0.13804013	0.1460031	-0.108805664
0.13232446	-0.18890835	0.1550314	-0.111862905	0.1017173	-0.14565793	0.22109275	-0.2747508	0.102707095	-0.093570456	0.2573664	-0.5759627	0.9999997	-0.12729923	0.12407759	-0.23606722	0.27891186	-0.4879395	0.23322225	-0.103245206	0.18724225	-0.21659186	0.19879006	-0.23430432	0.12557893
-0.07374778	0.13819735	-0.15217008	0.26122224	-0.2679883	0.0760129	-0.0854545	0.10645692	-0.79060745	0.23999809	-0.08633585	0.09916358	-0.12729923	0.9999997	-0.38278952	0.06821266	-0.08325138	0.09080798	-0.1908264	0.12849802	-0.06342642	0.06413532	-0.06465734	0.07642486	-0.14850356
0.09089679	-0.18730687	0.16456257	-0.3131127	0.28295398	-0.0995495	0.09882385	-0.12775168	0.2507423	-0.6779751	0.10008556	-0.11296603	0.12407759	-0.38278952	0.99999976	-0.08036996	0.09456186	-0.102012105	0.19779332	-0.27354687	0.0740001	-0.07573008	0.073495544	-0.089808874	0.21179871
-0.12183949	0.11134767	-0.09575555	0.06798012	-0.06427031	0.12836364	-0.121126294	0.13217093	-0.059551697	0.058631185	-0.65267944	0.23724414	-0.23606722	0.06821266	-0.08036996	0.99999976	-0.383888	0.2029429	-0.16777292	0.07000559	-0.49553198	0.28323966	-0.12298093	0.12997377	-0.08930019
0.10563109	-0.12852147	0.106793955	-0.08008451	0.07417535	-0.11601718	0.13907887	-0.1617723	0.07047693	-0.070274316	0.26272315	-0.3144511	0.27891186	-0.08325138	0.09456186	-0.383888	0.9999999	-0.5265758	0.21393041	-0.0896396	0.28593674	-0.49612632	0.20379466	-0.2265379	0.10896641
-0.09486256	0.11445336	-0.09905264	0.08035329	-0.075530216	0.09957263	-0.12238264	0.1388219	-0.0755402	0.074343726	-0.22329043	0.24108177	-0.4879395	0.09080798	-0.102012105	0.2029429	-0.5265758	0.99999994	-0.32049048	0.11092092	-0.20243841	0.22044384	-0.43453032	0.27678514	-0.13371372
0.113377675	-0.15339434	0.13080817	-0.14604259	0.13175777	-0.123217255	0.12013525	-0.14728388	0.1373141	-0.15442395	0.18511641	-0.19584076	0.23322225	-0.1908264	0.19779332	-0.16777292	0.21393041	-0.32049048	0.9999996	-0.3866484	0.15707608	-0.1771399	0.21984561	-0.33788174	0.27534252
-0.05606305	0.088552356	-0.077566706	0.1096202	-0.10402018	0.06065415	-0.059423856	0.073777415	-0.096219115	0.1541312	-0.08144431	0.08582716	-0.103245206	0.12849802	-0.27354687	0.07000559	-0.0896396	0.11092092	-0.3866484	0.99999905	-0.06644828	0.07123923	-0.087935016	0.11410009	-0.828078
0.091359355	-0.100994155	0.083871305	-0.06262114	0.058331575	-0.102160536	0.10224806	-0.12062199	0.054393552	-0.05460508	0.2554718	-0.20225468	0.18724225	-0.06342642	0.0740001	-0.49553198	0.28593674	-0.20243841	0.15707608	-0.06644828	0.99999905	-0.7250924	0.1271723	-0.14251903	0.08385294
-0.09007448	0.09446897	-0.08143066	0.061618276	-0.058368042	0.09419356	-0.09901875	0.11125614	-0.055136416	0.05495647	-0.2636923	0.18991786	-0.21659186	0.06413532	-0.07573008	0.28323966	-0.49612632	0.22044384	-0.1771399	0.07123923	-0.7250924	0.9999994	-0.15618195	0.14751472	-0.09078436
0.061187487	-0.075392894	0.064578414	-0.05685007	0.05289738	-0.065153845	0.07307995	-0.0858899	0.05240117	-0.05448494	0.12998386	-0.13804013	0.19879006	-0.06465734	0.073495544	-0.12298093	0.20379466	-0.43453032	0.21984561	-0.087935016	0.1271723	-0.15618195	0.9999994	-0.81346047	0.10160695
-0.06941587	0.08349676	-0.07297453	0.06592299	-0.06226002	0.072336905	-0.08046045	0.09269967	-0.06248876	0.06495833	-0.15157704	0.1460031	-0.23430432	0.07642486	-0.089808874	0.12997377	-0.2265379	0.27678514	-0.33788174	0.11410009	-0.14251903	0.14751472	-0.81346047	0.99999946	-0.13934678
0.07170938	-0.11120114	0.09494429	-0.13059142	0.11574284	-0.07819549	0.07481862	-0.093311906	0.10844456	-0.17304106	0.103060395	-0.108805664	0.12557893	-0.14850356	0.21179871	-0.08930019	0.10896641	-0.13371372	0.27534252	-0.828078	0.08385294	-0.09078436	0.10160695	-0.13934678	0.99999946
