1.0000001	-0.9761035	0.10527927	-0.04812058	0.03610083	-0.102038294	0.09847749	-0.08574115	0.052102998	-0.0362265	0.081735484	-0.07167614	0.059655786	-0.043893628	0.04019211	-0.04260919	0.04791083	-0.041226204	0.03658385	-0.035160985	0.03397983	-0.041596632	0.042409126	-0.03147062	0.03121958
-0.9761035	1.0000002	-0.11615258	0.046688233	-0.035485342	0.09170501	-0.10819824	0.083626516	-0.051763516	0.035493717	-0.08284287	0.06983408	-0.05958637	0.0430162	-0.03965009	0.04146269	-0.04743139	0.040428452	-0.03603384	0.03439568	-0.03347645	0.040453568	-0.041886773	0.030804245	-0.030749481
0.10527927	-0.11615258	1.0000001	-0.29270253	0.18418893	-0.15694931	0.19057131	-0.27796218	0.2019182	-0.15261257	0.14372015	-0.17749707	0.18487383	-0.15916003	0.15794587	-0.12699166	0.1406587	-0.13640714	0.13146637	-0.13192494	0.10365422	-0.13149591	0.14297234	-0.11341662	0.11459155
-0.04812058	0.046688233	-0.29270253	0.99999994	-0.76797324	0.10427696	-0.14414737	0.16782023	-0.34736976	0.28747284	-0.10487048	0.13848194	-0.17245826	0.19309847	-0.26417097	0.0995716	-0.11948158	0.13004251	-0.15433742	0.15807177	-0.086322986	0.10899619	-0.14090672	0.12191178	-0.13367136
0.03610083	-0.035485342	0.18418893	-0.76797324	0.9999998	-0.08826843	0.11362202	-0.14195801	0.2622207	-0.48223767	0.084545955	-0.118325	0.13899897	-0.1812144	0.22405829	-0.08545565	0.09822838	-0.111198656	0.13021022	-0.14985767	0.0712658	-0.093731545	0.11372919	-0.10781817	0.11017197
-0.102038294	0.09170501	-0.15694931	0.10427696	-0.08826843	0.9999993	-0.31544405	0.20258684	-0.14868303	0.09637597	-0.8511006	0.23722944	-0.19938357	0.12810409	-0.11774873	0.16649489	-0.18087623	0.13146108	-0.11292266	0.10268805	-0.13634816	0.14052576	-0.1430317	0.095518865	-0.096465684
0.09847749	-0.10819824	0.19057131	-0.14414737	0.11362202	-0.31544405	0.9999988	-0.68197775	0.20548591	-0.13759011	0.23204626	-0.47939977	0.27178875	-0.17919536	0.1484397	-0.16803154	0.20526935	-0.17021115	0.14037958	-0.13240787	0.12728111	-0.16788398	0.162555	-0.118731104	0.11408745
-0.08574115	0.083626516	-0.27796218	0.16782023	-0.14195801	0.20258684	-0.68197775	0.9999989	-0.33671126	0.1720768	-0.20579474	0.28890544	-0.3981067	0.21279195	-0.1882763	0.15110655	-0.1997606	0.18744783	-0.16761404	0.15239848	-0.12649085	0.15809295	-0.18875349	0.13417484	-0.13494033
0.052102998	-0.051763516	0.2019182	-0.34736976	0.2622207	-0.14868303	0.20548591	-0.33671126	0.99999917	-0.5763645	0.13628753	-0.21349156	0.24234572	-0.42458767	0.30510968	-0.14052606	0.1600331	-0.18797149	0.2178773	-0.24063078	0.112842105	-0.1539152	0.17854464	-0.17743067	0.16758619
-0.0362265	0.035493717	-0.15261257	0.28747284	-0.48223767	0.09637597	-0.13759011	0.1720768	-0.5763645	0.999999	-0.093734525	0.13836315	-0.17625268	0.25548545	-0.5092451	0.09550867	-0.11381516	0.13535646	-0.17699037	0.19995667	-0.080258474	0.10626669	-0.13772473	0.13420704	-0.14484584
0.081735484	-0.08284287	0.14372015	-0.10487048	0.084545955	-0.8511006	0.23204626	-0.20579474	0.13628753	-0.093734525	0.9999989	-0.30738223	0.18701099	-0.12773393	0.11113174	-0.21528083	0.18525963	-0.13390633	0.10933679	-0.10214204	0.1417396	-0.15737632	0.13716364	-0.09518136	0.092136085
-0.07167614	0.06983408	-0.17749707	0.13848194	-0.118325	0.23722944	-0.47939977	0.28890544	-0.21349156	0.13836315	-0.30738223	0.9999989	-0.50545084	0.21143994	-0.179963	0.22231582	-0.45176342	0.23531322	-0.18400377	0.15741174	-0.18133359	0.22465114	-0.23429146	0.14768511	-0.14606231
0.059655786	-0.05958637	0.18487383	-0.17245826	0.13899897	-0.19938357	0.27178875	-0.3981067	0.24234572	-0.17625268	0.18701099	-0.50545084	0.99999917	-0.41374516	0.2236275	-0.20605224	0.25500157	-0.41819066	0.24416506	-0.21326026	0.15927523	-0.22862734	0.25928575	-0.19283319	0.17317693
-0.043893628	0.0430162	-0.15916003	0.19309847	-0.1812144	0.12810409	-0.17919536	0.21279195	-0.42458767	0.25548545	-0.12773393	0.21143994	-0.41374516	0.9999994	-0.51219106	0.13799886	-0.17583264	0.240333	-0.466315	0.28246546	-0.11752354	0.15724754	-0.22733344	0.2170524	-0.22277884
0.04019211	-0.03965009	0.15794587	-0.26417097	0.22405829	-0.11774873	0.1484397	-0.1882763	0.30510968	-0.5092451	0.11113174	-0.179963	0.2236275	-0.51219106	0.9999993	-0.12583403	0.14571503	-0.19362818	0.26833323	-0.4501135	0.103087254	-0.1428589	0.18258737	-0.2124831	0.21370931
-0.04260919	0.04146269	-0.12699166	0.0995716	-0.08545565	0.16649489	-0.16803154	0.15110655	-0.14052606	0.09550867	-0.21528083	0.22231582	-0.20605224	0.13799886	-0.12583403	0.9999992	-0.52092236	0.19225839	-0.14111994	0.122131325	-0.6813037	0.32043135	-0.22911285	0.12481847	-0.12219194
0.04791083	-0.04743139	0.1406587	-0.11948158	0.09822838	-0.18087623	0.20526935	-0.1997606	0.1600331	-0.11381516	0.18525963	-0.45176342	0.25500157	-0.17583264	0.14571503	-0.52092236	0.9999996	-0.32590166	0.17413175	-0.15365766	0.29267496	-0.49809504	0.2575119	-0.15468687	0.13912825
-0.041226204	0.040428452	-0.13640714	0.13004251	-0.111198656	0.13146108	-0.17021115	0.18744783	-0.18797149	0.13535646	-0.13390633	0.23531322	-0.41819066	0.240333	-0.19362818	0.19225839	-0.32590166	0.9999991	-0.4022087	0.22498393	-0.17472343	0.24174225	-0.63956934	0.2419987	-0.21733718
0.03658385	-0.03603384	0.13146637	-0.15433742	0.13021022	-0.11292266	0.14037958	-0.16761404	0.2178773	-0.17699037	0.10933679	-0.18400377	0.24416506	-0.466315	0.26833323	-0.14111994	0.17413175	-0.4022087	0.99999887	-0.5349817	0.11872692	-0.16997223	0.26662827	-0.42762414	0.28963053
-0.035160985	0.03439568	-0.13192494	0.15807177	-0.14985767	0.10268805	-0.13240787	0.15239848	-0.24063078	0.19995667	-0.10214204	0.15741174	-0.21326026	0.28246546	-0.4501135	0.122131325	-0.15365766	0.22498393	-0.5349817	0.9999986	-0.10831348	0.14559735	-0.24346592	0.30022034	-0.5292097
0.03397983	-0.03347645	0.10365422	-0.086322986	0.0712658	-0.13634816	0.12728111	-0.12649085	0.112842105	-0.080258474	0.1417396	-0.18133359	0.15927523	-0.11752354	0.103087254	-0.6813037	0.29267496	-0.17472343	0.11872692	-0.10831348	0.99999803	-0.60952115	0.20071158	-0.11432633	0.10276492
-0.041596632	0.040453568	-0.13149591	0.10899619	-0.093731545	0.14052576	-0.16788398	0.15809295	-0.1539152	0.10626669	-0.15737632	0.22465114	-0.22862734	0.15724754	-0.1428589	0.32043135	-0.49809504	0.24174225	-0.16997223	0.14559735	-0.60952115	0.9999979	-0.3958315	0.16060455	-0.15196541
0.042409126	-0.041886773	0.14297234	-0.14090672	0.11372919	-0.1430317	0.162555	-0.18875349	0.17854464	-0.13772473	0.13716364	-0.23429146	0.25928575	-0.22733344	0.18258737	-0.22911285	0.2575119	-0.63956934	0.26662827	-0.24346592	0.20071158	-0.3958315	0.99999774	-0.3798279	0.23123914
-0.03147062	0.030804245	-0.11341662	0.12191178	-0.10781817	0.095518865	-0.118731104	0.13417484	-0.17743067	0.13420704	-0.09518136	0.14768511	-0.19283319	0.2170524	-0.2124831	0.12481847	-0.15468687	0.2419987	-0.42762414	0.30022034	-0.11432633	0.16060455	-0.3798279	0.99999774	-0.7104727
0.03121958	-0.030749481	0.11459155	-0.13367136	0.11017197	-0.096465684	0.11408745	-0.13494033	0.16758619	-0.14484584	0.092136085	-0.14606231	0.17317693	-0.22277884	0.21370931	-0.12219194	0.13912825	-0.21733718	0.28963053	-0.5292097	0.10276492	-0.15196541	0.23123914	-0.7104727	0.99999774
