1.0	-0.7982535	0.26172552	-0.14749606	0.14817475	-0.1361452	0.2665879	-0.23015863	0.14197142	-0.13310525	0.11625341	-0.20427491	0.1630953	-0.17479186	0.13392814	-0.13236506	0.1485464	-0.13904987	0.10011541	-0.08763908	0.090258606	-0.12596199	0.1126995	-0.097263426	0.07292951
-0.7982535	1.0	-0.32849842	0.12785283	-0.12781918	0.095779315	-0.395911	0.19680415	-0.12324191	0.10936086	-0.09211613	0.17999308	-0.14576194	0.14083654	-0.11203141	0.10356469	-0.13271801	0.11407676	-0.08188403	0.07048675	-0.07313439	0.10207997	-0.094173744	0.07778911	-0.05926836
0.26172552	-0.32849842	1.0000001	-0.37600097	0.27764443	-0.11218704	0.24448803	-0.30004543	0.22533086	-0.20883413	0.10680316	-0.1967212	0.1985991	-0.2438351	0.19921282	-0.15300064	0.17080131	-0.16584326	0.13696629	-0.121784694	0.10654433	-0.14406244	0.13789769	-0.13163985	0.10039462
-0.14749606	0.12785283	-0.37600097	0.9999999	-0.7389452	0.06070834	-0.16916311	0.21489052	-0.42130175	0.24519795	-0.060804453	0.13115358	-0.15730171	0.21447141	-0.21348515	0.095675886	-0.11982019	0.11652694	-0.116085805	0.102075964	-0.07006795	0.09549854	-0.09979112	0.103127755	-0.083078906
0.14817475	-0.12781918	0.27764443	-0.7389452	0.9999995	-0.070592776	0.17375807	-0.23483865	0.2814892	-0.32577017	0.06974304	-0.14721611	0.16837995	-0.25915238	0.22290012	-0.115589246	0.13397934	-0.13585486	0.1326087	-0.1222575	0.08222863	-0.112418234	0.11372114	-0.12511665	0.09618756
-0.1361452	0.095779315	-0.11218704	0.06070834	-0.070592776	0.9999993	-0.12476629	0.09165263	-0.06458746	0.058493387	-0.96110404	0.09976495	-0.083738245	0.07799701	-0.06587943	0.09508677	-0.0924092	0.07084553	-0.04993422	0.041983858	-0.07070643	0.07123674	-0.06525954	0.04735774	-0.036879446
0.2665879	-0.395911	0.24448803	-0.16916311	0.17375807	-0.12476629	0.9999992	-0.483937	0.2084249	-0.18331482	0.11428798	-0.5283072	0.28899306	-0.25167665	0.1836802	-0.18829031	0.24807493	-0.21975243	0.14067753	-0.119816035	0.13038743	-0.19603464	0.17168537	-0.13377832	0.10025549
-0.23015863	0.19680415	-0.30004543	0.21489052	-0.23483865	0.09165263	-0.483937	0.9999993	-0.43924195	0.23642427	-0.09384605	0.28001362	-0.4964568	0.2815403	-0.258046	0.15042831	-0.23148444	0.21446873	-0.16269585	0.13229848	-0.115986645	0.16352753	-0.18389441	0.14002654	-0.113468975
0.14197142	-0.12324191	0.22533086	-0.42130175	0.2814892	-0.06458746	0.2084249	-0.43924195	0.9999991	-0.5596201	0.0647569	-0.17256112	0.22550073	-0.4012249	0.29490495	-0.11366736	0.14790083	-0.15370126	0.16078427	-0.14237331	0.083934836	-0.11819882	0.12707415	-0.13976237	0.109954596
-0.13310525	0.10936086	-0.20883413	0.24519795	-0.32577017	0.058493387	-0.18331482	0.23642427	-0.5596201	0.9999989	-0.05963434	0.14439118	-0.18884164	0.28446352	-0.6358798	0.10130376	-0.13439865	0.13425466	-0.16361736	0.15437847	-0.07631543	0.10537203	-0.11694377	0.13505526	-0.12218396
0.11625341	-0.09211613	0.10680316	-0.060804453	0.06974304	-0.96110404	0.11428798	-0.09384605	0.0647569	-0.05963434	0.9999988	-0.106230706	0.0839678	-0.08097048	0.06598265	-0.10885042	0.0918981	-0.073688105	0.05097394	-0.04327688	0.07293366	-0.07529434	0.06632325	-0.049095694	0.0376405
-0.20427491	0.17999308	-0.1967212	0.13115358	-0.14721611	0.09976495	-0.5283072	0.28001362	-0.17256112	0.14439118	-0.106230706	0.999999	-0.50487995	0.22115105	-0.17034692	0.18046147	-0.5047238	0.24090046	-0.13784029	0.108614296	-0.14238964	0.21553615	-0.20402095	0.12362775	-0.09607135
0.1630953	-0.14576194	0.1985991	-0.15730171	0.16837995	-0.083738245	0.28899306	-0.4964568	0.22550073	-0.18884164	0.0839678	-0.50487995	0.9999984	-0.40755197	0.21258998	-0.17709336	0.26623797	-0.39448917	0.17811337	-0.13951576	0.13219719	-0.2073009	0.22596	-0.15574257	0.11717103
-0.17479186	0.14083654	-0.2438351	0.21447141	-0.25915238	0.07799701	-0.25167665	0.2815403	-0.4012249	0.28446352	-0.08097048	0.22115105	-0.40755197	0.99999815	-0.49806425	0.14308578	-0.2096121	0.21504673	-0.38234532	0.22395575	-0.1127367	0.15664017	-0.1895399	0.2161441	-0.18469252
0.13392814	-0.11203141	0.19921282	-0.21348515	0.22290012	-0.06587943	0.1836802	-0.258046	0.29490495	-0.6358798	0.06598265	-0.17034692	0.21258998	-0.49806425	0.9999981	-0.12721804	0.15465474	-0.17098188	0.2268188	-0.281099	0.092753984	-0.13130154	0.1425174	-0.20547996	0.17217445
-0.13236506	0.10356469	-0.15300064	0.095675886	-0.115589246	0.09508677	-0.18829031	0.15042831	-0.11366736	0.10130376	-0.10885042	0.18046147	-0.17709336	0.14308578	-0.12721804	0.9999979	-0.35003394	0.1947188	-0.11474084	0.089656286	-0.78794944	0.2995588	-0.24942325	0.110591225	-0.08804406
0.1485464	-0.13271801	0.17080131	-0.11982019	0.13397934	-0.0924092	0.24807493	-0.23148444	0.14790083	-0.13439865	0.0918981	-0.5047238	0.26623797	-0.2096121	0.15465474	-0.35003394	0.999998	-0.39106864	0.14869757	-0.120089635	0.24171183	-0.5174018	0.27939892	-0.14777718	0.1073585
-0.13904987	0.11407676	-0.16584326	0.11652694	-0.13585486	0.07084553	-0.21975243	0.21446873	-0.15370126	0.13425466	-0.073688105	0.24090046	-0.39448917	0.21504673	-0.17098188	0.1947188	-0.39106864	0.99999845	-0.23109764	0.14834736	-0.18032545	0.27800444	-0.6755552	0.18989746	-0.14528859
0.10011541	-0.08188403	0.13696629	-0.116085805	0.1326087	-0.04993422	0.14067753	-0.16269585	0.16078427	-0.16361736	0.05097394	-0.13784029	0.17811337	-0.38234532	0.2268188	-0.11474084	0.14869757	-0.23109764	0.99999815	-0.5858605	0.08979253	-0.13434187	0.18274392	-0.5595397	0.3133584
-0.08763908	0.07048675	-0.121784694	0.102075964	-0.1222575	0.041983858	-0.119816035	0.13229848	-0.14237331	0.15437847	-0.04327688	0.108614296	-0.13951576	0.22395575	-0.281099	0.089656286	-0.120089635	0.14834736	-0.5858605	0.9999983	-0.07168726	0.10251124	-0.14136915	0.32559493	-0.64393693
0.090258606	-0.07313439	0.10654433	-0.07006795	0.08222863	-0.07070643	0.13038743	-0.115986645	0.083934836	-0.07631543	0.07293366	-0.14238964	0.13219719	-0.1127367	0.092753984	-0.78794944	0.24171183	-0.18032545	0.08979253	-0.07168726	0.99999833	-0.49483266	0.20611455	-0.09262782	0.06864302
-0.12596199	0.10207997	-0.14406244	0.09549854	-0.112418234	0.07123674	-0.19603464	0.16352753	-0.11819882	0.10537203	-0.07529434	0.21553615	-0.2073009	0.15664017	-0.13130154	0.2995588	-0.5174018	0.27800444	-0.13434187	0.10251124	-0.49483266	0.9999985	-0.5049461	0.13647771	-0.10365843
0.1126995	-0.094173744	0.13789769	-0.09979112	0.11372114	-0.06525954	0.17168537	-0.18389441	0.12707415	-0.11694377	0.06632325	-0.20402095	0.22596	-0.1895399	0.1425174	-0.24942325	0.27939892	-0.6755552	0.18274392	-0.14136915	0.20611455	-0.5049461	0.99999845	-0.23923598	0.14241228
-0.097263426	0.07778911	-0.13163985	0.103127755	-0.12511665	0.04735774	-0.13377832	0.14002654	-0.13976237	0.13505526	-0.049095694	0.12362775	-0.15574257	0.2161441	-0.20547996	0.110591225	-0.14777718	0.18989746	-0.5595397	0.32559493	-0.09262782	0.13647771	-0.23923598	0.9999984	-0.65604156
0.07292951	-0.05926836	0.10039462	-0.083078906	0.09618756	-0.036879446	0.10025549	-0.113468975	0.109954596	-0.12218396	0.0376405	-0.09607135	0.11717103	-0.18469252	0.17217445	-0.08804406	0.1073585	-0.14528859	0.3133584	-0.64393693	0.06864302	-0.10365843	0.14241228	-0.65604156	0.9999984
