1.0000001	-0.42077708	0.17302598	-0.12978189	0.09892833	-0.82280535	0.291064	-0.15338448	0.10833316	-0.1241702	0.072280265	-0.14428134	0.12493261	-0.08478253	0.07855938	-0.0798864	0.09101233	-0.0744082	0.071918644	-0.061785072	0.08008501	-0.07309462	0.085465476	-0.052851573	0.064761974
-0.42077708	1.0000005	-0.38495752	0.17357816	-0.13837516	0.2835888	-0.7052743	0.21188456	-0.15117906	0.15230705	-0.09253609	0.19096246	-0.17701502	0.10906205	-0.10372457	0.09449649	-0.12018005	0.09521037	-0.09066436	0.07736815	-0.09644288	0.088107474	-0.10715659	0.066095084	-0.082234085
0.17302598	-0.38495752	1.0000008	-0.50466335	0.26122722	-0.16429012	0.23783405	-0.56141686	0.28385442	-0.31937256	0.084690705	-0.17897074	0.1876517	-0.14793688	0.12833792	-0.09805184	0.11589191	-0.10204502	0.100726925	-0.09396188	0.100784	-0.09546545	0.11283948	-0.074307166	0.09401604
-0.12978189	0.17357816	-0.50466335	1.0000007	-0.66660917	0.1100197	-0.16870332	0.26969483	-0.3590783	0.30744654	-0.065025724	0.12875038	-0.15302159	0.13189842	-0.124085456	0.073390864	-0.09576868	0.08309425	-0.09160202	0.08417953	-0.08499526	0.07796914	-0.097527504	0.065990835	-0.08720369
0.09892833	-0.13837516	0.26122722	-0.66660917	1.0000004	-0.09225282	0.12751779	-0.26072848	0.27562356	-0.60244524	0.059426807	-0.119098276	0.13537748	-0.12639157	0.11421032	-0.06928744	0.086188376	-0.07623886	0.0827023	-0.07972245	0.07815537	-0.07286559	0.08826577	-0.06046594	0.07883708
-0.82280535	0.2835888	-0.16429012	0.1100197	-0.09225282	1.0000004	-0.4378948	0.13584232	-0.10198198	0.10663382	-0.0776403	0.14831847	-0.13537061	0.08441435	-0.08140754	0.07977983	-0.09831318	0.0776123	-0.075483866	0.06286944	-0.08341268	0.07439034	-0.09029962	0.05488452	-0.06769676
0.291064	-0.7052743	0.23783405	-0.16870332	0.12751779	-0.4378948	1.0000002	-0.23921771	0.14948465	-0.16011548	0.110446826	-0.29588604	0.18763971	-0.11675813	0.106175564	-0.11662123	0.13092102	-0.10501392	0.09346371	-0.08108369	0.10226819	-0.09674939	0.112333074	-0.06913295	0.08437918
-0.15338448	0.21188456	-0.56141686	0.26969483	-0.26072848	0.13584232	-0.23921771	1.0000006	-0.59643143	0.27988315	-0.08678215	0.18023063	-0.27176517	0.17878798	-0.15797043	0.09695308	-0.12619083	0.11337354	-0.11280143	0.104884185	-0.104278676	0.098672435	-0.12377166	0.08214721	-0.10689636
0.10833316	-0.15117906	0.28385442	-0.3590783	0.27562356	-0.10198198	0.14948465	-0.59643143	1.000001	-0.57497495	0.07121227	-0.14784075	0.18752432	-0.23350096	0.16503787	-0.08233653	0.103991896	-0.09527196	0.10285092	-0.10486595	0.08962192	-0.08559116	0.10559614	-0.07524013	0.10073453
-0.1241702	0.15230705	-0.31937256	0.30744654	-0.60244524	0.10663382	-0.16011548	0.27988315	-0.57497495	1.000001	-0.071651034	0.14047945	-0.17875391	0.17098966	-0.17547922	0.081062995	-0.108969145	0.09573134	-0.111962944	0.10653229	-0.096843526	0.088944845	-0.11377132	0.08002722	-0.10919534
0.072280265	-0.09253609	0.084690705	-0.065025724	0.059426807	-0.0776403	0.110446826	-0.08678215	0.07121227	-0.071651034	1.0000008	-0.3870815	0.19250646	-0.10216745	0.0955069	-0.85995394	0.16849524	-0.124393314	0.09564703	-0.07796378	0.15129574	-0.13410592	0.12662607	-0.07209091	0.083016634
-0.14428134	0.19096246	-0.17897074	0.12875038	-0.119098276	0.14831847	-0.29588604	0.18023063	-0.14784075	0.14047945	-0.3870815	1.0000012	-0.57304597	0.2099746	-0.20367731	0.26296437	-0.38030985	0.24058473	-0.18256323	0.14910346	-0.20777173	0.19679931	-0.23767443	0.13492456	-0.16081965
0.12493261	-0.17701502	0.1876517	-0.15302159	0.13537748	-0.13537061	0.18763971	-0.27176517	0.18752432	-0.17875391	0.19250646	-0.57304597	1.0000013	-0.4217285	0.24317542	-0.2312979	0.2636892	-0.32848823	0.18767273	-0.18790956	0.18597627	-0.20131524	0.23230252	-0.14751333	0.1708217
-0.08478253	0.10906205	-0.14793688	0.13189842	-0.12639157	0.08441435	-0.11675813	0.17878798	-0.23350096	0.17098966	-0.10216745	0.2099746	-0.4217285	1.0000018	-0.724646	0.11624646	-0.1631798	0.15871836	-0.21802413	0.24863295	-0.13106766	0.13073602	-0.17717959	0.15290673	-0.24004242
0.07855938	-0.10372457	0.12833792	-0.124085456	0.11421032	-0.08140754	0.106175564	-0.15797043	0.16503787	-0.17547922	0.0955069	-0.20367731	0.24317542	-0.724646	1.0000019	-0.117073506	0.14473997	-0.14508638	0.20299533	-0.4562674	0.1255058	-0.12973437	0.15950678	-0.15973218	0.23265262
-0.0798864	0.09449649	-0.09805184	0.073390864	-0.06928744	0.07977983	-0.11662123	0.09695308	-0.08233653	0.081062995	-0.85995394	0.26296437	-0.2312979	0.11624646	-0.117073506	1.0000015	-0.21484526	0.14382747	-0.11879469	0.09293714	-0.2123603	0.15611045	-0.15811105	0.08777211	-0.102795936
0.09101233	-0.12018005	0.11589191	-0.09576868	0.086188376	-0.09831318	0.13092102	-0.12619083	0.103991896	-0.108969145	0.16849524	-0.38030985	0.2636892	-0.1631798	0.14473997	-0.21484526	1.0000015	-0.64411014	0.19139232	-0.14629021	0.2419502	-0.40127182	0.30696866	-0.16080585	0.14967097
-0.0744082	0.09521037	-0.10204502	0.08309425	-0.07623886	0.0776123	-0.10501392	0.11337354	-0.09527196	0.09573134	-0.124393314	0.24058473	-0.32848823	0.15871836	-0.14508638	0.14382747	-0.64411014	1.0000014	-0.24574965	0.14999205	-0.19410889	0.24842323	-0.5534718	0.18755539	-0.16198966
0.071918644	-0.09066436	0.100726925	-0.09160202	0.0827023	-0.075483866	0.09346371	-0.11280143	0.10285092	-0.111962944	0.09564703	-0.18256323	0.18767273	-0.21802413	0.20299533	-0.11879469	0.19139232	-0.24574965	1.0000014	-0.43012232	0.16759875	-0.20127776	0.26546693	-0.6760355	0.31696057
-0.061785072	0.07736815	-0.09396188	0.08417953	-0.07972245	0.06286944	-0.08108369	0.104884185	-0.10486595	0.10653229	-0.07796378	0.14910346	-0.18790956	0.24863295	-0.4562674	0.09293714	-0.14629021	0.14999205	-0.43012232	1.0000015	-0.12598227	0.13353264	-0.19956051	0.280814	-0.64978385
0.08008501	-0.09644288	0.100784	-0.08499526	0.07815537	-0.08341268	0.10226819	-0.104278676	0.08962192	-0.096843526	0.15129574	-0.20777173	0.18597627	-0.13106766	0.1255058	-0.2123603	0.2419502	-0.19410889	0.16759875	-0.12598227	1.0000014	-0.6927318	0.25718093	-0.1324497	0.13777314
-0.07309462	0.088107474	-0.09546545	0.07796914	-0.07286559	0.07439034	-0.09674939	0.098672435	-0.08559116	0.088944845	-0.13410592	0.19679931	-0.20131524	0.13073602	-0.12973437	0.15611045	-0.40127182	0.24842323	-0.20127776	0.13353264	-0.6927318	1.0000011	-0.42396885	0.1589107	-0.15656695
0.085465476	-0.10715659	0.11283948	-0.097527504	0.08826577	-0.09029962	0.112333074	-0.12377166	0.10559614	-0.11377132	0.12662607	-0.23767443	0.23230252	-0.17717959	0.15950678	-0.15811105	0.30696866	-0.5534718	0.26546693	-0.19956051	0.25718093	-0.42396885	1.000001	-0.35066685	0.21234591
-0.052851573	0.066095084	-0.074307166	0.065990835	-0.06046594	0.05488452	-0.06913295	0.08214721	-0.07524013	0.08002722	-0.07209091	0.13492456	-0.14751333	0.15290673	-0.15973218	0.08777211	-0.16080585	0.18755539	-0.6760355	0.280814	-0.1324497	0.1589107	-0.35066685	1.0000011	-0.5413372
0.064761974	-0.082234085	0.09401604	-0.08720369	0.07883708	-0.06769676	0.08437918	-0.10689636	0.10073453	-0.10919534	0.083016634	-0.16081965	0.1708217	-0.24004242	0.23265262	-0.102795936	0.14967097	-0.16198966	0.31696057	-0.64978385	0.13777314	-0.15656695	0.21234591	-0.5413372	1.0000011
