0.99999994	-0.9242294	0.083090134	-0.045440495	0.032680675	-0.2722907	0.20583688	-0.05712393	0.0384622	-0.03835113	0.14418931	-0.1454601	0.05887266	-0.062915534	0.034038424	-0.027830726	0.02652578	-0.030501962	0.030054465	-0.026443131	0.023832725	-0.020361904	0.025746088	-0.027539216	0.02989776
-0.9242294	0.99999976	-0.09419102	0.044953782	-0.032684784	0.21050256	-0.26265934	0.058272604	-0.038617186	0.03795626	-0.15542313	0.14003049	-0.060355864	0.06142085	-0.033601403	0.027991949	-0.026859736	0.030431528	-0.029881492	0.025971211	-0.024090802	0.020413565	-0.025848601	0.027209938	-0.029530037
0.083090134	-0.09419102	0.9999998	-0.37387404	0.22995956	-0.06913251	0.076148026	-0.619739	0.2853041	-0.28853655	0.07853591	-0.085079625	0.31605583	-0.4148916	0.19896978	-0.08369505	0.08190901	-0.1450932	0.1611103	-0.15352185	0.091689155	-0.08180405	0.11784091	-0.14852819	0.16461474
-0.045440495	0.044953782	-0.37387404	1.0000002	-0.6580612	0.042234156	-0.04874818	0.23921652	-0.50129783	0.32730684	-0.0540475	0.055644047	-0.2557923	0.2532244	-0.17282815	0.056488127	-0.058080357	0.097536944	-0.120343655	0.112510465	-0.06775426	0.057482217	-0.0866859	0.099638276	-0.12557183
0.032680675	-0.032684784	0.22995956	-0.6580612	1.0000004	-0.032651335	0.037140362	-0.19111468	0.3090307	-0.6195068	0.041514874	-0.043284766	0.18805477	-0.24599433	0.15937094	-0.047106817	0.047580265	-0.0810515	0.10176413	-0.11080409	0.05528481	-0.047734976	0.0709145	-0.08797358	0.11028568
-0.2722907	0.21050256	-0.06913251	0.042234156	-0.032651335	1.0000005	-0.69394284	0.05743464	-0.03914576	0.03736086	-0.56183004	0.31911957	-0.07659406	0.066475384	-0.03636023	0.05345956	-0.05028128	0.0431935	-0.037259046	0.029022485	-0.039676294	0.03248943	-0.037296407	0.033928134	-0.033938058
0.20583688	-0.26265934	0.076148026	-0.04874818	0.037140362	-0.69394284	1.0000006	-0.06974997	0.04531167	-0.043235365	0.32255724	-0.5619785	0.08976543	-0.07823224	0.040596735	-0.052997857	0.050799925	-0.04738903	0.040869992	-0.032428328	0.039498907	-0.033940013	0.03948831	-0.03749109	0.03735688
-0.05712393	0.058272604	-0.619739	0.23921652	-0.19111468	0.05743464	-0.06974997	1.0000008	-0.3814519	0.22297285	-0.07241157	0.08002338	-0.58353776	0.2908358	-0.14385244	0.06841091	-0.07140918	0.12937061	-0.12758924	0.1048582	-0.078308955	0.068125136	-0.10602248	0.11008093	-0.11707057
0.0384622	-0.038617186	0.2853041	-0.50129783	0.3090307	-0.03914576	0.04531167	-0.3814519	1.000001	-0.5956468	0.050062843	-0.053151805	0.2581475	-0.38630113	0.16078323	-0.054799773	0.055996254	-0.09815374	0.12285809	-0.10944786	0.06421383	-0.05554765	0.08414344	-0.10176393	0.11587067
-0.03835113	0.03795626	-0.28853655	0.32730684	-0.6195068	0.03736086	-0.043235365	0.22297285	-0.5956468	1.0000012	-0.048285596	0.04997437	-0.23685397	0.2459681	-0.21025357	0.0520995	-0.053560775	0.090584815	-0.114691615	0.12130189	-0.062482625	0.053204317	-0.08054398	0.09473405	-0.12296151
0.14418931	-0.15542313	0.07853591	-0.0540475	0.041514874	-0.56183004	0.32255724	-0.07241157	0.050062843	-0.048285596	1.0000011	-0.7290427	0.10451135	-0.09169573	0.047411807	-0.089053586	0.07717913	-0.06266786	0.05095988	-0.038682614	0.057126082	-0.047920585	0.052585658	-0.047045127	0.044893034
-0.1454601	0.14003049	-0.085079625	0.055644047	-0.043284766	0.31911957	-0.5619785	0.08002338	-0.053151805	0.04997437	-0.7290427	1.000001	-0.13277327	0.09390482	-0.04827757	0.079421975	-0.08115793	0.06472604	-0.05251177	0.03899254	-0.056928255	0.047891643	-0.05438485	0.047714617	-0.045604132
0.05887266	-0.060355864	0.31605583	-0.2557923	0.18805477	-0.07659406	0.08976543	-0.58353776	0.2581475	-0.23685397	0.10451135	-0.13277327	1.0000008	-0.534286	0.18673097	-0.11233474	0.11400392	-0.25419405	0.19353124	-0.14847319	0.1198265	-0.10934413	0.16606693	-0.17623816	0.16360585
-0.062915534	0.06142085	-0.4148916	0.2532244	-0.24599433	0.066475384	-0.07823224	0.2908358	-0.38630113	0.2459681	-0.09169573	0.09390482	-0.534286	1.0000007	-0.29247832	0.106300995	-0.11192188	0.19328201	-0.3328456	0.18759146	-0.13108781	0.11093121	-0.17573209	0.21278688	-0.23099023
0.034038424	-0.033601403	0.19896978	-0.17282815	0.15937094	-0.03636023	0.040596735	-0.14385244	0.16078323	-0.21025357	0.047411807	-0.04827757	0.18673097	-0.29247832	1.0000008	-0.068999164	0.06876872	-0.114442915	0.16811763	-0.61478657	0.08330552	-0.07241077	0.106812425	-0.15909985	0.3089792
-0.027830726	0.027991949	-0.08369505	0.056488127	-0.047106817	0.05345956	-0.052997857	0.06841091	-0.054799773	0.0520995	-0.089053586	0.079421975	-0.11233474	0.106300995	-0.068999164	1.0000008	-0.7984848	0.24051104	-0.14361246	0.067854114	-0.4377465	0.26403293	-0.23726295	0.12905851	-0.08903202
0.02652578	-0.026859736	0.08190901	-0.058080357	0.047580265	-0.05028128	0.050799925	-0.07140918	0.055996254	-0.053560775	0.07717913	-0.08115793	0.11400392	-0.11192188	0.06876872	-0.7984848	1.0000005	-0.37142873	0.14191584	-0.06917639	0.27810904	-0.33212894	0.23249058	-0.13740024	0.0872608
-0.030501962	0.030431528	-0.1450932	0.097536944	-0.0810515	0.0431935	-0.04738903	0.12937061	-0.09815374	0.090584815	-0.06266786	0.06472604	-0.25419405	0.19328201	-0.114442915	0.24051104	-0.37142873	1.0000008	-0.3513682	0.115189664	-0.298528	0.26220763	-0.67391974	0.25725147	-0.15301988
0.030054465	-0.029881492	0.1611103	-0.120343655	0.10176413	-0.037259046	0.040869992	-0.12758924	0.12285809	-0.114691615	0.05095988	-0.05251177	0.19353124	-0.3328456	0.16811763	-0.14361246	0.14191584	-0.3513682	1.0000007	-0.21002463	0.15326224	-0.15473332	0.2551457	-0.7451869	0.23882352
-0.026443131	0.025971211	-0.15352185	0.112510465	-0.11080409	0.029022485	-0.032428328	0.1048582	-0.10944786	0.12130189	-0.038682614	0.03899254	-0.14847319	0.18759146	-0.61478657	0.067854114	-0.06917639	0.115189664	-0.21002463	1.0000007	-0.08664926	0.07463684	-0.1168227	0.19060309	-0.6586505
0.023832725	-0.024090802	0.091689155	-0.06775426	0.05528481	-0.039676294	0.039498907	-0.078308955	0.06421383	-0.062482625	0.057126082	-0.056928255	0.1198265	-0.13108781	0.08330552	-0.4377465	0.27810904	-0.298528	0.15326224	-0.08664926	1.0000008	-0.7540818	0.2674135	-0.17323422	0.105697766
-0.020361904	0.020413565	-0.08180405	0.057482217	-0.047734976	0.03248943	-0.033940013	0.068125136	-0.05554765	0.053204317	-0.047920585	0.047891643	-0.10934413	0.11093121	-0.07241077	0.26403293	-0.33212894	0.26220763	-0.15473332	0.07463684	-0.7540818	1.0000008	-0.44803506	0.1604582	-0.098650776
0.025746088	-0.025848601	0.11784091	-0.0866859	0.0709145	-0.037296407	0.03948831	-0.10602248	0.08414344	-0.08054398	0.052585658	-0.05438485	0.16606693	-0.17573209	0.106812425	-0.23726295	0.23249058	-0.67391974	0.2551457	-0.1168227	0.2674135	-0.44803506	1.0000007	-0.3676479	0.14919494
-0.027539216	0.027209938	-0.14852819	0.099638276	-0.08797358	0.033928134	-0.03749109	0.11008093	-0.10176393	0.09473405	-0.047045127	0.047714617	-0.17623816	0.21278688	-0.15909985	0.12905851	-0.13740024	0.25725147	-0.7451869	0.19060309	-0.17323422	0.1604582	-0.3676479	1.0000007	-0.35849908
0.02989776	-0.029530037	0.16461474	-0.12557183	0.11028568	-0.033938058	0.03735688	-0.11707057	0.11587067	-0.12296151	0.044893034	-0.045604132	0.16360585	-0.23099023	0.3089792	-0.08903202	0.0872608	-0.15301988	0.23882352	-0.6586505	0.105697766	-0.098650776	0.14919494	-0.35849908	1.0000007
