1.0	-0.48176387	0.1710495	-0.10734353	0.09754856	-0.7599279	0.29634282	-0.15882753	0.10688835	-0.08087369	0.21100768	-0.14852045	0.122425914	-0.10365521	0.08290028	-0.10842081	0.10745228	-0.058637504	0.05601395	-0.069448344	0.08039157	-0.06994904	0.057601206	-0.019679004	0.01797154
-0.48176387	1.0000001	-0.412363	0.16152258	-0.14950234	0.2935808	-0.6270805	0.25906798	-0.1719231	0.11472127	-0.21541157	0.18349062	-0.17306705	0.14628853	-0.12222544	0.10129533	-0.117989995	0.06600534	-0.0646663	0.075567186	-0.088048	0.07292156	-0.06557398	0.021668918	-0.019889493
0.1710495	-0.412363	1.0000001	-0.3123899	0.18592015	-0.1663747	0.27472278	-0.7267121	0.26349613	-0.1616059	0.14619412	-0.17015396	0.15922785	-0.20718233	0.14986975	-0.074946865	0.08737437	-0.05977418	0.062188555	-0.07333715	0.07339869	-0.061657805	0.057768945	-0.02077162	0.018979792
-0.10734353	0.16152258	-0.3123899	1.0000002	-0.57398593	0.09941933	-0.17644714	0.24422249	-0.5940594	0.25326434	-0.12607042	0.15503454	-0.17080946	0.26548696	-0.26812744	0.0641554	-0.07817366	0.058355145	-0.06480618	0.072173394	-0.067962855	0.056261074	-0.056442436	0.02056786	-0.018857485
0.09754856	-0.14950234	0.18592015	-0.57398593	1.0000004	-0.09386345	0.14704765	-0.18285234	0.26966053	-0.5908479	0.13396226	-0.18476498	0.17516132	-0.31225207	0.28480962	-0.070750736	0.08568478	-0.06687822	0.07460646	-0.08759585	0.077800065	-0.06510239	0.06400253	-0.0246393	0.02247153
-0.7599279	0.2935808	-0.1663747	0.09941933	-0.09386345	1.0000005	-0.44695014	0.15106985	-0.10443788	0.07588036	-0.30455437	0.15300062	-0.12778212	0.099255554	-0.08043034	0.11775996	-0.11950351	0.05744984	-0.053809255	0.06542694	-0.07911654	0.06853975	-0.05659833	0.018586857	-0.016988665
0.29634282	-0.6270805	0.27472278	-0.17644714	0.14704765	-0.44695014	1.0000006	-0.36833057	0.18111338	-0.12569056	0.21580198	-0.2605092	0.18887205	-0.16747104	0.12681781	-0.109491564	0.11929548	-0.0724609	0.07050861	-0.08484921	0.09319107	-0.07949828	0.07051811	-0.024094492	0.022025311
-0.15882753	0.25906798	-0.7267121	0.24422249	-0.18285234	0.15106985	-0.36833057	1.0000005	-0.41703764	0.14378616	-0.13657124	0.16050999	-0.17143153	0.20024776	-0.15219729	0.06819014	-0.08017789	0.05508388	-0.05722389	0.06513773	-0.06587736	0.055137586	-0.053215586	0.018546207	-0.016981924
0.10688835	-0.1719231	0.26349613	-0.5940594	0.26966053	-0.10443788	0.18111338	-0.41703764	1.0000005	-0.24787903	0.12723361	-0.18555944	0.19198802	-0.4909072	0.23841979	-0.06643975	0.07915707	-0.06360258	0.07091557	-0.07921209	0.069678225	-0.058939237	0.059486885	-0.022237178	0.020243863
-0.08087369	0.11472127	-0.1616059	0.25326434	-0.5908479	0.07588036	-0.12569056	0.14378616	-0.24787903	1.0000005	-0.110976934	0.14367183	-0.16420937	0.27186853	-0.6554332	0.057020407	-0.070097305	0.05485777	-0.062133484	0.06850307	-0.062326826	0.05157334	-0.052859865	0.019493323	-0.017884657
0.21100768	-0.21541157	0.14619412	-0.12607042	0.13396226	-0.30455437	0.21580198	-0.13657124	0.12723361	-0.110976934	1.0000005	-0.3505142	0.22086148	-0.15063724	0.119660765	-0.4892914	0.29198512	-0.1334381	0.1169904	-0.1508873	0.18473357	-0.1758771	0.12806036	-0.04230169	0.0384323
-0.14852045	0.18349062	-0.17015396	0.15503454	-0.18476498	0.15300062	-0.2605092	0.16050999	-0.18555944	0.14367183	-0.3505142	1.0000005	-0.7608349	0.2327714	-0.19043542	0.15011396	-0.17956929	0.119654916	-0.102381036	0.110403545	-0.12342172	0.106427535	-0.11365013	0.03175514	-0.02913877
0.122425914	-0.17306705	0.15922785	-0.17080946	0.17516132	-0.12778212	0.18887205	-0.17143153	0.19198802	-0.16420937	0.22086148	-0.7608349	1.0000004	-0.38567293	0.19437413	-0.12261191	0.13708892	-0.14704582	0.11027872	-0.1228021	0.11826945	-0.10644397	0.118089296	-0.034616858	0.031471413
-0.10365521	0.14628853	-0.20718233	0.26548696	-0.31225207	0.099255554	-0.16747104	0.20024776	-0.4909072	0.27186853	-0.15063724	0.2327714	-0.38567293	0.9999999	-0.5601092	0.07781866	-0.09451799	0.08615587	-0.10555881	0.10263728	-0.0842434	0.07142173	-0.07896911	0.028902886	-0.026344266
0.08290028	-0.12222544	0.14986975	-0.26812744	0.28480962	-0.08043034	0.12681781	-0.15219729	0.23841979	-0.6554332	0.119660765	-0.19043542	0.19437413	-0.5601092	0.99999994	-0.063723736	0.07644018	-0.06565062	0.0750182	-0.084160656	0.069539055	-0.059111927	0.060773835	-0.023429064	0.021307806
-0.10842081	0.10129533	-0.074946865	0.0641554	-0.070750736	0.11775996	-0.109491564	0.06819014	-0.06643975	0.057020407	-0.4892914	0.15011396	-0.12261191	0.07781866	-0.063723736	0.99999994	-0.78138465	0.112449236	-0.08701743	0.10244988	-0.18907964	0.16660845	-0.1134627	0.02896885	-0.026376525
0.10745228	-0.117989995	0.08737437	-0.07817366	0.08568478	-0.11950351	0.11929548	-0.08017789	0.07915707	-0.070097305	0.29198512	-0.17956929	0.13708892	-0.09451799	0.07644018	-0.78138465	0.9999999	-0.16382097	0.11389781	-0.1404791	0.2106487	-0.2576091	0.14813262	-0.039183315	0.03545128
-0.058637504	0.06600534	-0.05977418	0.058355145	-0.06687822	0.05744984	-0.0724609	0.05508388	-0.06360258	0.05485777	-0.1334381	0.119654916	-0.14704582	0.08615587	-0.06565062	0.112449236	-0.16382097	0.99999976	-0.44629925	0.2742215	-0.25772354	0.23327857	-0.75374687	0.08087019	-0.07422235
0.05601395	-0.0646663	0.062188555	-0.06480618	0.07460646	-0.053809255	0.07050861	-0.05722389	0.07091557	-0.062133484	0.1169904	-0.102381036	0.11027872	-0.10555881	0.0750182	-0.08701743	0.11389781	-0.44629925	0.99999946	-0.7798822	0.18148674	-0.17472383	0.2588084	-0.18733379	0.15554927
-0.069448344	0.075567186	-0.07333715	0.072173394	-0.08759585	0.06542694	-0.08484921	0.06513773	-0.07921209	0.06850307	-0.1508873	0.110403545	-0.1228021	0.10263728	-0.084160656	0.10244988	-0.1404791	0.2742215	-0.7798822	0.9999994	-0.2641758	0.19263592	-0.32705146	0.1777868	-0.2176422
0.08039157	-0.088048	0.07339869	-0.067962855	0.077800065	-0.07911654	0.09319107	-0.06587736	0.069678225	-0.062326826	0.18473357	-0.12342172	0.11826945	-0.0842434	0.069539055	-0.18907964	0.2106487	-0.25772354	0.18148674	-0.2641758	0.9999988	-0.7816853	0.2531954	-0.07004192	0.062135193
-0.06994904	0.07292156	-0.061657805	0.056261074	-0.06510239	0.06853975	-0.07949828	0.055137586	-0.058939237	0.05157334	-0.1758771	0.106427535	-0.10644397	0.07142173	-0.059111927	0.16660845	-0.2576091	0.23327857	-0.17472383	0.19263592	-0.7816853	0.99999887	-0.4083828	0.055047315	-0.05019077
0.057601206	-0.06557398	0.057768945	-0.056442436	0.06400253	-0.05659833	0.07051811	-0.053215586	0.059486885	-0.052859865	0.12806036	-0.11365013	0.118089296	-0.07896911	0.060773835	-0.1134627	0.14813262	-0.75374687	0.2588084	-0.32705146	0.2531954	-0.4083828	0.9999987	-0.087962925	0.076535635
-0.019679004	0.021668918	-0.02077162	0.02056786	-0.0246393	0.018586857	-0.024094492	0.018546207	-0.022237178	0.019493323	-0.04230169	0.03175514	-0.034616858	0.028902886	-0.023429064	0.02896885	-0.039183315	0.08087019	-0.18733379	0.1777868	-0.07004192	0.055047315	-0.087962925	0.9999986	-0.95863765
0.01797154	-0.019889493	0.018979792	-0.018857485	0.02247153	-0.016988665	0.022025311	-0.016981924	0.020243863	-0.017884657	0.0384323	-0.02913877	0.031471413	-0.026344266	0.021307806	-0.026376525	0.03545128	-0.07422235	0.15554927	-0.2176422	0.062135193	-0.05019077	0.076535635	-0.95863765	0.9999986
