0.99999994	-0.87731147	0.13979247	-0.10037533	0.06823951	-0.36830226	0.20424986	-0.12340691	0.09578423	-0.056931037	0.1945594	-0.13454281	0.09804137	-0.095976904	0.066368654	-0.06275601	0.06981505	-0.08043574	0.06350838	-0.075049125	0.04644074	-0.059937365	0.054617822	-0.061261512	0.043549072
-0.87731147	0.9999998	-0.18848951	0.11514702	-0.08104199	0.25879136	-0.2568977	0.14191338	-0.116037875	0.06609795	-0.23893435	0.14643215	-0.11407993	0.106070414	-0.07658561	0.06929229	-0.07932131	0.08830411	-0.0711576	0.08352462	-0.05247293	0.06601043	-0.061311547	0.06746608	-0.049231373
0.13979247	-0.18848951	0.9999995	-0.54286647	0.17627229	-0.22509529	0.25796822	-0.6302527	0.31699586	-0.15940817	0.19584079	-0.21665616	0.19662203	-0.21835814	0.15375367	-0.10673884	0.11946029	-0.17009057	0.13617706	-0.17485248	0.08068212	-0.1088788	0.109928	-0.12797163	0.0912318
-0.10037533	0.11514702	-0.54286647	0.99999946	-0.2808813	0.15196113	-0.21004257	0.30352983	-0.6770912	0.20750469	-0.17138803	0.16355912	-0.18292615	0.19484434	-0.17764995	0.085186966	-0.100490265	0.14313678	-0.1262648	0.16710262	-0.06782813	0.08766433	-0.09808181	0.109150656	-0.08487145
0.06823951	-0.08104199	0.17627229	-0.2808813	0.9999994	-0.11239217	0.1369539	-0.16365863	0.22992814	-0.7582361	0.14009075	-0.14581051	0.1631089	-0.21648407	0.29750457	-0.09463891	0.10943657	-0.20450476	0.17394893	-0.35778967	0.076816306	-0.10287225	0.1297134	-0.156859	0.13043061
-0.36830226	0.25879136	-0.22509529	0.15196113	-0.11239217	0.9999993	-0.58881885	0.21206164	-0.16735628	0.09319599	-0.5589844	0.2595653	-0.18028109	0.16305332	-0.11008767	0.112656966	-0.12710162	0.13381934	-0.10639734	0.12180063	-0.08254086	0.10378394	-0.09181594	0.10132127	-0.06973806
0.20424986	-0.2568977	0.25796822	-0.21004257	0.1369539	-0.58881885	0.99999917	-0.43311912	0.21269695	-0.12046643	0.3050278	-0.40436146	0.22352684	-0.2215875	0.1375386	-0.1352666	0.15178308	-0.17553449	0.13673839	-0.15864801	0.096633926	-0.13049553	0.114992455	-0.13122192	0.08683453
-0.12340691	0.14191338	-0.6302527	0.30352983	-0.16365863	0.21206164	-0.43311912	0.9999994	-0.48148698	0.14563952	-0.19915397	0.20683226	-0.22936471	0.19744956	-0.14037241	0.091871925	-0.10762545	0.1426745	-0.11959702	0.14432853	-0.070141494	0.09214021	-0.094323926	0.10615421	-0.07507454
0.09578423	-0.116037875	0.31699586	-0.6770912	0.22992814	-0.16735628	0.21269695	-0.48148698	0.9999997	-0.27732843	0.16794129	-0.18195276	0.1937122	-0.26063523	0.18370056	-0.09122587	0.10567344	-0.16030243	0.13976139	-0.18406625	0.07102616	-0.09414584	0.10434324	-0.119965605	0.086277835
-0.056931037	0.06609795	-0.15940817	0.20750469	-0.7582361	0.09319599	-0.12046643	0.14563952	-0.27732843	0.9999999	-0.11879062	0.11845913	-0.14254272	0.17996968	-0.47559485	0.07195026	-0.08545083	0.14857112	-0.13778558	0.25920054	-0.05909489	0.07723846	-0.09929671	0.11411586	-0.09731506
0.1945594	-0.23893435	0.19584079	-0.17138803	0.14009075	-0.5589844	0.3050278	-0.19915397	0.16794129	-0.11879062	0.99999976	-0.53333414	0.2525944	-0.26132843	0.15368599	-0.21177799	0.20562924	-0.21988428	0.1651286	-0.18631867	0.13715193	-0.18108886	0.14406563	-0.16499972	0.10491309
-0.13454281	0.14643215	-0.21665616	0.16355912	-0.14581051	0.2595653	-0.40436146	0.20683226	-0.18195276	0.11845913	-0.53333414	0.9999994	-0.5203228	0.26348692	-0.15994538	0.18706942	-0.30198824	0.2067379	-0.16969292	0.1693873	-0.13732493	0.17319497	-0.1436425	0.14947069	-0.09627832
0.09804137	-0.11407993	0.19662203	-0.18292615	0.1631089	-0.18028109	0.22352684	-0.22936471	0.1937122	-0.14254272	0.2525944	-0.5203228	0.99999946	-0.62454563	0.202698	-0.15042958	0.18487094	-0.30884227	0.24021551	-0.23042929	0.11323336	-0.15160042	0.16750732	-0.19178236	0.10920825
-0.095976904	0.106070414	-0.21835814	0.19484434	-0.21648407	0.16305332	-0.2215875	0.19744956	-0.26063523	0.17996968	-0.26132843	0.26348692	-0.62454563	0.99999964	-0.3315578	0.13163242	-0.17152436	0.27732038	-0.41183716	0.263579	-0.109816134	0.1374002	-0.19167694	0.20133547	-0.12509876
0.066368654	-0.07658561	0.15375367	-0.17764995	0.29750457	-0.11008767	0.1375386	-0.14037241	0.18370056	-0.47559485	0.15368599	-0.15994538	0.202698	-0.3315578	0.9999994	-0.103426844	0.12396168	-0.25099874	0.24058203	-0.6590491	0.08576087	-0.112971745	0.15669772	-0.18742326	0.14733429
-0.06275601	0.06929229	-0.10673884	0.085186966	-0.09463891	0.112656966	-0.1352666	0.091871925	-0.09122587	0.07195026	-0.21177799	0.18706942	-0.15042958	0.13163242	-0.103426844	0.9999991	-0.6390521	0.17247318	-0.12782383	0.113195315	-0.61551946	0.32284638	-0.15570238	0.136041	-0.07358008
0.06981505	-0.07932131	0.11946029	-0.100490265	0.10943657	-0.12710162	0.15178308	-0.10762545	0.10567344	-0.08545083	0.20562924	-0.30198824	0.18487094	-0.17152436	0.12396168	-0.6390521	0.9999993	-0.27785835	0.16570881	-0.1442823	0.31037155	-0.51659447	0.18902755	-0.18146075	0.087048195
-0.08043574	0.08830411	-0.17009057	0.14313678	-0.20450476	0.13381934	-0.17553449	0.1426745	-0.16030243	0.14857112	-0.21988428	0.2067379	-0.30884227	0.27732038	-0.25099874	0.17247318	-0.27785835	0.99999917	-0.6293486	0.26019415	-0.15591753	0.19184282	-0.41284436	0.29369286	-0.14533612
0.06350838	-0.0711576	0.13617706	-0.1262648	0.17394893	-0.10639734	0.13673839	-0.11959702	0.13976139	-0.13778558	0.1651286	-0.16969292	0.24021551	-0.41183716	0.24058203	-0.12782383	0.16570881	-0.6293486	0.9999992	-0.4055797	0.11000516	-0.14430475	0.26862055	-0.3964229	0.12548283
-0.075049125	0.08352462	-0.17485248	0.16710262	-0.35778967	0.12180063	-0.15864801	0.14432853	-0.18406625	0.25920054	-0.18631867	0.1693873	-0.23042929	0.263579	-0.6590491	0.113195315	-0.1442823	0.26019415	-0.4055797	0.999999	-0.10002504	0.12444823	-0.19952442	0.205772	-0.21549697
0.04644074	-0.05247293	0.08068212	-0.06782813	0.076816306	-0.08254086	0.096633926	-0.070141494	0.07102616	-0.05909489	0.13715193	-0.13732493	0.11323336	-0.109816134	0.08576087	-0.61551946	0.31037155	-0.15591753	0.11000516	-0.10002504	0.99999905	-0.68482107	0.16268203	-0.15289812	0.06581807
-0.059937365	0.06601043	-0.1088788	0.08766433	-0.10287225	0.10378394	-0.13049553	0.09214021	-0.09414584	0.07723846	-0.18108886	0.17319497	-0.15160042	0.1374002	-0.112971745	0.32284638	-0.51659447	0.19184282	-0.14430475	0.12444823	-0.68482107	0.9999988	-0.27484617	0.18734652	-0.08515672
0.054617822	-0.061311547	0.109928	-0.09808181	0.1297134	-0.09181594	0.114992455	-0.094323926	0.10434324	-0.09929671	0.14406563	-0.1436425	0.16750732	-0.19167694	0.15669772	-0.15570238	0.18902755	-0.41284436	0.26862055	-0.19952442	0.16268203	-0.27484617	0.9999989	-0.7758341	0.13027564
-0.061261512	0.06746608	-0.12797163	0.109150656	-0.156859	0.10132127	-0.13122192	0.10615421	-0.119965605	0.11411586	-0.16499972	0.14947069	-0.19178236	0.20133547	-0.18742326	0.136041	-0.18146075	0.29369286	-0.3964229	0.205772	-0.15289812	0.18734652	-0.7758341	0.99999887	-0.16389933
0.043549072	-0.049231373	0.0912318	-0.08487145	0.13043061	-0.06973806	0.08683453	-0.07507454	0.086277835	-0.09731506	0.10491309	-0.09627832	0.10920825	-0.12509876	0.14733429	-0.07358008	0.087048195	-0.14533612	0.12548283	-0.21549697	0.06581807	-0.08515672	0.13027564	-0.16389933	0.99999887
