1.0000001	-0.8706943	0.14045896	-0.057579145	0.06819074	-0.33715835	0.24759188	-0.12279433	0.040188175	-0.04281251	0.1711211	-0.16003692	0.08699614	-0.07179738	0.04989059	-0.067789786	0.0894451	-0.084532626	0.068301186	-0.052988414	0.056441307	-0.08366549	0.10101466	-0.08235959	0.07673838
-0.8706943	1.0000002	-0.173182	0.064047255	-0.07694369	0.24538533	-0.32735965	0.121072434	-0.042176574	0.044276074	-0.18384402	0.1534276	-0.089134574	0.07128619	-0.05045797	0.06555681	-0.090798706	0.08387795	-0.069382235	0.052743386	-0.056473847	0.08096982	-0.104695946	0.07971071	-0.077173844
0.14045896	-0.173182	0.9999999	-0.44559073	0.29135364	-0.09702071	0.114647	-0.29960147	0.15177494	-0.16926402	0.11186439	-0.10859511	0.17054075	-0.17172708	0.11642954	-0.06983868	0.09978473	-0.16694166	0.1500188	-0.121466324	0.06527661	-0.094233885	0.19047481	-0.2028287	0.19236533
-0.057579145	0.064047255	-0.44559073	0.9999996	-0.8076609	0.040553845	-0.04856794	0.11591344	-0.2267639	0.19098376	-0.048867427	0.047013838	-0.07862577	0.096283056	-0.06522568	0.030757394	-0.04465363	0.07547135	-0.07923766	0.06118198	-0.029081497	0.041828196	-0.08766361	0.08613587	-0.08505038
0.06819074	-0.07694369	0.29135364	-0.8076609	0.9999992	-0.05054945	0.05986866	-0.14493819	0.1941692	-0.2434615	0.061171163	-0.059323706	0.09507225	-0.11770124	0.078638226	-0.039398894	0.05661179	-0.096081235	0.09665061	-0.077184446	0.03710597	-0.053458497	0.11089446	-0.11763425	0.113472104
-0.33715835	0.24538533	-0.09702071	0.040553845	-0.05054945	0.9999997	-0.73254365	0.13965976	-0.03530749	0.037107304	-0.4705621	0.27507517	-0.108936474	0.075320795	-0.05251908	0.095426805	-0.1315244	0.097054526	-0.07436802	0.055171136	-0.078685224	0.11357714	-0.11677287	0.07763599	-0.072856694
0.24759188	-0.32735965	0.114647	-0.04856794	0.05986866	-0.73254365	0.9999996	-0.19697508	0.043087877	-0.04550895	0.301096	-0.41000456	0.13573462	-0.09391641	0.06408657	-0.11569506	0.15634754	-0.121852085	0.09044985	-0.06793966	0.091693655	-0.14421844	0.1380683	-0.09494469	0.08716158
-0.12279433	0.121072434	-0.29960147	0.11591344	-0.14493819	0.13965976	-0.19697508	1.0	-0.11396985	0.11065138	-0.19612132	0.18695912	-0.675432	0.2364643	-0.18047793	0.111586444	-0.17807125	0.29611874	-0.25885972	0.16776459	-0.1097998	0.15621594	-0.369545	0.19398749	-0.21867481
0.040188175	-0.042176574	0.15177494	-0.2267639	0.1941692	-0.03530749	0.043087877	-0.11396985	1.0000002	-0.9079439	0.047446903	-0.046532664	0.09544945	-0.21446916	0.11485785	-0.031513184	0.047232762	-0.090072945	0.1244511	-0.09189887	0.03030905	-0.043797184	0.09777157	-0.081026554	0.08629378
-0.04281251	0.044276074	-0.16926402	0.19098376	-0.2434615	0.037107304	-0.04550895	0.11065138	-0.9079439	0.9999999	-0.050531626	0.048772153	-0.097814545	0.17140123	-0.1230223	0.03346371	-0.050582387	0.092491575	-0.13530031	0.093312174	-0.032492597	0.04662388	-0.10661709	0.084297925	-0.09350037
0.1711211	-0.18384402	0.11186439	-0.048867427	0.061171163	-0.4705621	0.301096	-0.19612132	0.047446903	-0.050531626	0.99999976	-0.70839566	0.15613133	-0.11139188	0.074290484	-0.19025134	0.2265368	-0.15052675	0.105745815	-0.080484495	0.13809294	-0.21542132	0.16568632	-0.11355697	0.09917987
-0.16003692	0.1534276	-0.10859511	0.047013838	-0.059323706	0.27507517	-0.41000456	0.18695912	-0.046532664	0.048772153	-0.70839566	0.9999996	-0.19722545	0.11099549	-0.076204024	0.17116676	-0.367439	0.15586	-0.11123284	0.08006963	-0.1448871	0.21185444	-0.18340608	0.10731445	-0.09872345
0.08699614	-0.089134574	0.17054075	-0.07862577	0.09507225	-0.108936474	0.13573462	-0.675432	0.09544945	-0.097814545	0.15613133	-0.19722545	0.99999917	-0.32738683	0.17279997	-0.09571844	0.14900422	-0.5102089	0.24806486	-0.1724392	0.088088006	-0.13513778	0.27055442	-0.16208176	0.15962268
-0.07179738	0.07128619	-0.17172708	0.096283056	-0.11770124	0.075320795	-0.09391641	0.2364643	-0.21446916	0.17140123	-0.11139188	0.11099549	-0.32738683	0.9999993	-0.57302606	0.07602811	-0.11868596	0.2558825	-0.5275544	0.3117729	-0.07421293	0.10806898	-0.25683767	0.18032633	-0.20877008
0.04989059	-0.05045797	0.11642954	-0.06522568	0.078638226	-0.05251908	0.06408657	-0.18047793	0.11485785	-0.1230223	0.074290484	-0.076204024	0.17279997	-0.57302606	0.9999991	-0.05317602	0.07983958	-0.1876897	0.30058694	-0.7016136	0.05064769	-0.07511285	0.16746728	-0.16568674	0.1742615
-0.067789786	0.06555681	-0.06983868	0.030757394	-0.039398894	0.095426805	-0.11569506	0.111586444	-0.031513184	0.03346371	-0.19025134	0.17116676	-0.09571844	0.07602811	-0.05317602	0.9999991	-0.43759638	0.11958072	-0.08089313	0.058598243	-0.80344135	0.30176738	-0.17453834	0.08698039	-0.07560107
0.0894451	-0.090798706	0.09978473	-0.04465363	0.05661179	-0.1315244	0.15634754	-0.17807125	0.047232762	-0.050582387	0.2265368	-0.367439	0.14900422	-0.11868596	0.07983958	-0.43759638	0.9999993	-0.21464662	0.121975355	-0.090369456	0.28632087	-0.67250687	0.23419602	-0.13161083	0.107556805
-0.084532626	0.08387795	-0.16694166	0.07547135	-0.096081235	0.097054526	-0.121852085	0.29611874	-0.090072945	0.092491575	-0.15052675	0.15586	-0.5102089	0.2558825	-0.1876897	0.11958072	-0.21464662	0.9999993	-0.45959988	0.2046085	-0.11709239	0.18157253	-0.5422302	0.19882783	-0.19698705
0.068301186	-0.069382235	0.1500188	-0.07923766	0.09665061	-0.07436802	0.09044985	-0.25885972	0.1244511	-0.13530031	0.105745815	-0.11123284	0.24806486	-0.5275544	0.30058694	-0.08089313	0.121975355	-0.45959988	0.99999917	-0.5251147	0.07566302	-0.11614125	0.25123066	-0.2177801	0.20253974
-0.052988414	0.052743386	-0.121466324	0.06118198	-0.077184446	0.055171136	-0.06793966	0.16776459	-0.09189887	0.093312174	-0.080484495	0.08006963	-0.1724392	0.3117729	-0.7016136	0.058598243	-0.090369456	0.2046085	-0.5251147	0.99999917	-0.057113696	0.08381494	-0.20176482	0.18584098	-0.25470307
0.056441307	-0.056473847	0.06527661	-0.029081497	0.03710597	-0.078685224	0.091693655	-0.1097998	0.03030905	-0.032492597	0.13809294	-0.1448871	0.088088006	-0.07421293	0.05064769	-0.80344135	0.28632087	-0.11709239	0.07566302	-0.057113696	0.9999992	-0.47942877	0.16312191	-0.08873278	0.07205707
-0.08366549	0.08096982	-0.094233885	0.041828196	-0.053458497	0.11357714	-0.14421844	0.15621594	-0.043797184	0.04662388	-0.21542132	0.21185444	-0.13513778	0.10806898	-0.07511285	0.30176738	-0.67250687	0.18157253	-0.11614125	0.08381494	-0.47942877	0.99999917	-0.34969768	0.12795761	-0.107061796
0.10101466	-0.104695946	0.19047481	-0.08766361	0.11089446	-0.11677287	0.1380683	-0.369545	0.09777157	-0.10661709	0.16568632	-0.18340608	0.27055442	-0.25683767	0.16746728	-0.17453834	0.23419602	-0.5422302	0.25123066	-0.20176482	0.16312191	-0.34969768	0.99999917	-0.37846613	0.24563506
-0.08235959	0.07971071	-0.2028287	0.08613587	-0.11763425	0.07763599	-0.09494469	0.19398749	-0.081026554	0.084297925	-0.11355697	0.10731445	-0.16208176	0.18032633	-0.16568674	0.08698039	-0.13161083	0.19882783	-0.2177801	0.18584098	-0.08873278	0.12795761	-0.37846613	0.9999992	-0.80162376
0.07673838	-0.077173844	0.19236533	-0.08505038	0.113472104	-0.072856694	0.08716158	-0.21867481	0.08629378	-0.09350037	0.09917987	-0.09872345	0.15962268	-0.20877008	0.1742615	-0.07560107	0.107556805	-0.19698705	0.20253974	-0.25470307	0.07205707	-0.107061796	0.24563506	-0.80162376	0.9999992
