1.0000001	-0.16550031	0.14027165	-0.123661734	0.10862327	-0.7949635	0.20163509	-0.19171463	0.112992704	-0.10730783	0.2835147	-0.23454396	0.17392096	-0.12764977	0.120223455	-0.13094504	0.15243092	-0.14362477	0.10686756	-0.09146072	0.12109932	-0.15981999	0.12023992	-0.10029759	0.09655896
-0.16550031	1.0000002	-0.7506042	0.19713482	-0.13812678	0.13966542	-0.50682044	0.28741404	-0.18498893	0.12369996	-0.14204122	0.121672414	-0.17076986	0.12706986	-0.11874398	0.07029135	-0.09526577	0.09605857	-0.082132965	0.078498475	-0.07351927	0.09229137	-0.08054198	0.07400184	-0.082732745
0.14027165	-0.7506042	1.0000004	-0.31998476	0.15634802	-0.12462913	0.29907954	-0.39918157	0.21594258	-0.15258504	0.13829063	-0.13016474	0.18481173	-0.15138505	0.13312437	-0.07582805	0.10188632	-0.10815406	0.09164907	-0.090508364	0.07890776	-0.10408833	0.08883011	-0.08460826	0.09234942
-0.123661734	0.19713482	-0.31998476	1.0000002	-0.37344432	0.100006305	-0.21386145	0.236687	-0.7445173	0.26526996	-0.13352795	0.122537725	-0.2114452	0.21273774	-0.20314229	0.07384553	-0.10286354	0.11011302	-0.10846691	0.114751436	-0.07927914	0.10111595	-0.09274393	0.09581433	-0.12082688
0.10862327	-0.13812678	0.15634802	-0.37344432	1.0000001	-0.08665103	0.14015849	-0.16898344	0.26438874	-0.80713004	0.126175	-0.119127914	0.17581753	-0.19712543	0.20513614	-0.0744974	0.10081391	-0.110882446	0.11036717	-0.12813215	0.07984609	-0.10668571	0.093039796	-0.10390516	0.12225227
-0.7949635	0.13966542	-0.12462913	0.100006305	-0.08665103	1.0000002	-0.24653786	0.16847518	-0.09472166	0.08433411	-0.43823782	0.19989777	-0.15168181	0.103296414	-0.0981367	0.11225913	-0.13450949	0.115965515	-0.08555785	0.07230565	-0.10656825	0.12437684	-0.097993284	0.07835718	-0.0769219
0.20163509	-0.50682044	0.29907954	-0.21386145	0.14015849	-0.24653786	1.0000002	-0.6674608	0.19670163	-0.14282306	0.18098003	-0.17499982	0.21785188	-0.16135944	0.13800496	-0.09195882	0.12352077	-0.12724605	0.10035852	-0.09596025	0.09289357	-0.12195834	0.102313325	-0.09304224	0.09763337
-0.19171463	0.28741404	-0.39918157	0.236687	-0.16898344	0.16847518	-0.6674608	1.0	-0.31685865	0.16291618	-0.18402065	0.17035468	-0.3519178	0.1961657	-0.17122285	0.09446023	-0.13323806	0.14017908	-0.11353047	0.10920692	-0.09874548	0.12568815	-0.1137684	0.10179005	-0.113164365
0.112992704	-0.18498893	0.21594258	-0.7445173	0.26438874	-0.09472166	0.19670163	-0.31685865	0.99999994	-0.35055357	0.12550838	-0.12273512	0.2112092	-0.30550322	0.20504175	-0.072129	0.100112416	-0.11092412	0.10527677	-0.11863567	0.07635623	-0.10076653	0.090348266	-0.09579373	0.11645333
-0.10730783	0.12369996	-0.15258504	0.26526996	-0.80713004	0.08433411	-0.14282306	0.16291618	-0.35055357	1.0	-0.12483355	0.114994414	-0.18937354	0.20400953	-0.2858884	0.07174203	-0.0994346	0.108397365	-0.11693871	0.13736197	-0.07785728	0.10028006	-0.092134096	0.10447369	-0.13986568
0.2835147	-0.14204122	0.13829063	-0.13352795	0.126175	-0.43823782	0.18098003	-0.18402065	0.12550838	-0.12483355	0.9999997	-0.567365	0.23943275	-0.16555648	0.15295734	-0.26242572	0.2657422	-0.22326852	0.14682856	-0.11939648	0.20347025	-0.24862085	0.18064557	-0.13757986	0.12545635
-0.23454396	0.121672414	-0.13016474	0.122537725	-0.119127914	0.19989777	-0.17499982	0.17035468	-0.12273512	0.114994414	-0.567365	0.9999995	-0.36816418	0.1771325	-0.16766551	0.22366783	-0.5403425	0.24807444	-0.15903102	0.12087746	-0.22027476	0.23076712	-0.20480679	0.13600506	-0.12980364
0.17392096	-0.17076986	0.18481173	-0.2114452	0.17581753	-0.15168181	0.21785188	-0.3519178	0.2112092	-0.18937354	0.23943275	-0.36816418	0.99999946	-0.51587015	0.26831123	-0.15941368	0.23574929	-0.33900872	0.19129933	-0.19238077	0.15955147	-0.23198754	0.20472583	-0.18146299	0.17670882
-0.12764977	0.12706986	-0.15138505	0.21273774	-0.19712543	0.103296414	-0.16135944	0.1961657	-0.30550322	0.20400953	-0.16555648	0.1771325	-0.51587015	0.9999993	-0.6350546	0.10067368	-0.14897366	0.17377098	-0.18327123	0.22293898	-0.10717066	0.14246914	-0.13737838	0.1568164	-0.22298154
0.120223455	-0.11874398	0.13312437	-0.20314229	0.20513614	-0.0981367	0.13800496	-0.17122285	0.20504175	-0.2858884	0.15295734	-0.16766551	0.26831123	-0.6350546	0.9999996	-0.09989356	0.13868214	-0.17006059	0.19189976	-0.45243812	0.10479836	-0.14962551	0.1317271	-0.19231954	0.2524828
-0.13094504	0.07029135	-0.07582805	0.07384553	-0.0744974	0.11225913	-0.09195882	0.09446023	-0.072129	0.07174203	-0.26242572	0.22366783	-0.15941368	0.10067368	-0.09989356	0.99999964	-0.41663063	0.20082465	-0.11671629	0.08060013	-0.7890343	0.25359654	-0.20018782	0.102198936	-0.08712556
0.15243092	-0.09526577	0.10188632	-0.10286354	0.10081391	-0.13450949	0.12352077	-0.13323806	0.100112416	-0.0994346	0.2657422	-0.5403425	0.23574929	-0.14897366	0.13868214	-0.41663063	0.9999996	-0.4663115	0.17275223	-0.11725877	0.26916644	-0.37273538	0.26248613	-0.15665242	0.12190855
-0.14362477	0.09605857	-0.10815406	0.11011302	-0.110882446	0.115965515	-0.12724605	0.14017908	-0.11092412	0.108397365	-0.22326852	0.24807444	-0.33900872	0.17377098	-0.17006059	0.20082465	-0.4663115	0.9999998	-0.33063358	0.14838928	-0.22410236	0.3055242	-0.58444524	0.21326667	-0.1578939
0.10686756	-0.082132965	0.09164907	-0.10846691	0.11036717	-0.08555785	0.10035852	-0.11353047	0.10527677	-0.11693871	0.14682856	-0.15903102	0.19129933	-0.18327123	0.19189976	-0.11671629	0.17275223	-0.33063358	0.9999996	-0.3293079	0.123765215	-0.18986005	0.19830096	-0.7576089	0.27936077
-0.09146072	0.078498475	-0.090508364	0.114751436	-0.12813215	0.07230565	-0.09596025	0.10920692	-0.11863567	0.13736197	-0.11939648	0.12087746	-0.19238077	0.22293898	-0.45243812	0.08060013	-0.11725877	0.14838928	-0.3293079	0.9999996	-0.08803135	0.12056406	-0.12253925	0.2643534	-0.72334456
0.12109932	-0.07351927	0.07890776	-0.07927914	0.07984609	-0.10656825	0.09289357	-0.09874548	0.07635623	-0.07785728	0.20347025	-0.22027476	0.15955147	-0.10717066	0.10479836	-0.7890343	0.26916644	-0.22410236	0.123765215	-0.08803135	0.99999964	-0.4024928	0.21053499	-0.11568082	0.093513206
-0.15981999	0.09229137	-0.10408833	0.10111595	-0.10668571	0.12437684	-0.12195834	0.12568815	-0.10076653	0.10028006	-0.24862085	0.23076712	-0.23198754	0.14246914	-0.14962551	0.25359654	-0.37273538	0.3055242	-0.18986005	0.12056406	-0.4024928	0.9999994	-0.65838295	0.15833832	-0.13616218
0.12023992	-0.08054198	0.08883011	-0.09274393	0.093039796	-0.097993284	0.102313325	-0.1137684	0.090348266	-0.092134096	0.18064557	-0.20480679	0.20472583	-0.13737838	0.1317271	-0.20018782	0.26248613	-0.58444524	0.19830096	-0.12253925	0.21053499	-0.65838295	0.99999934	-0.1981293	0.12930995
-0.10029759	0.07400184	-0.08460826	0.09581433	-0.10390516	0.07835718	-0.09304224	0.10179005	-0.09579373	0.10447369	-0.13757986	0.13600506	-0.18146299	0.1568164	-0.19231954	0.102198936	-0.15665242	0.21326667	-0.7576089	0.2643534	-0.11568082	0.15833832	-0.1981293	0.9999993	-0.46399507
0.09655896	-0.082732745	0.09234942	-0.12082688	0.12225227	-0.0769219	0.09763337	-0.113164365	0.11645333	-0.13986568	0.12545635	-0.12980364	0.17670882	-0.22298154	0.2524828	-0.08712556	0.12190855	-0.1578939	0.27936077	-0.72334456	0.093513206	-0.13616218	0.12930995	-0.46399507	0.9999993
