1.0000001	-0.30005002	0.16375169	-0.1825852	0.101023585	-0.63677746	0.2378277	-0.1644971	0.13116696	-0.12818828	0.32918692	-0.28542334	0.17204076	-0.13194227	0.15090096	-0.11704867	0.13644953	-0.13697648	0.16756527	-0.0977599	0.10606363	-0.10571063	0.10512406	-0.06046726	0.06122159
-0.30005002	1.0	-0.38795117	0.22577396	-0.13294905	0.22053808	-0.6630815	0.23787129	-0.17758545	0.14261845	-0.27577522	0.30501214	-0.2687952	0.15795434	-0.18383944	0.09259214	-0.1777696	0.15894918	-0.20994505	0.11571523	-0.09474763	0.11243648	-0.12261265	0.068521366	-0.070819326
0.16375169	-0.38795117	1.0000001	-0.602756	0.20090958	-0.1202899	0.21694732	-0.5051222	0.21936232	-0.22672024	0.1585621	-0.24281052	0.2716145	-0.1919622	0.15555796	-0.06689411	0.1370167	-0.14607157	0.18038245	-0.10325754	0.067165166	-0.09330969	0.09913756	-0.0590858	0.059750214
-0.1825852	0.22577396	-0.602756	1.0	-0.4400801	0.11989265	-0.18004708	0.2673441	-0.31054416	0.27871394	-0.17693006	0.20042115	-0.27108887	0.21602452	-0.21354191	0.070451654	-0.1382143	0.14052567	-0.24419524	0.13317253	-0.072710454	0.09471626	-0.10496795	0.07173988	-0.07397552
0.101023585	-0.13294905	0.20090958	-0.4400801	0.9999998	-0.06763834	0.098645724	-0.15437873	0.19357148	-0.8210616	0.098376356	-0.12390855	0.14273901	-0.15901679	0.12513998	-0.04079448	0.07898618	-0.08314625	0.14190517	-0.081509225	0.0416109	-0.055865612	0.06046219	-0.043207273	0.04387145
-0.63677746	0.22053808	-0.1202899	0.11989265	-0.06763834	1.0	-0.29427028	0.11874041	-0.090527184	0.082920276	-0.6296796	0.21141066	-0.12796052	0.088483796	-0.100857385	0.10424382	-0.103092924	0.09815156	-0.113412626	0.06539775	-0.098415256	0.07808757	-0.07882321	0.041398425	-0.042091414
0.2378277	-0.6630815	0.21694732	-0.18004708	0.098645724	-0.29427028	1.0000002	-0.22950257	0.13666473	-0.11428604	0.23171477	-0.545956	0.219024	-0.127377	0.1338239	-0.08173612	0.16658336	-0.15259038	0.15453596	-0.087319806	0.08038577	-0.10470933	0.106454305	-0.054241285	0.055207115
-0.1644971	0.23787129	-0.5051222	0.2673441	-0.15437873	0.11874041	-0.22950257	0.9999998	-0.33142424	0.16817087	-0.16178238	0.242334	-0.6343523	0.22903404	-0.17171597	0.072086915	-0.17418322	0.18663406	-0.20511758	0.115076564	-0.073253214	0.10968303	-0.123732075	0.06704667	-0.06788278
0.13116696	-0.17758545	0.21936232	-0.31054416	0.19357148	-0.090527184	0.13666473	-0.33142424	0.9999997	-0.28496966	0.12876281	-0.18567054	0.23757559	-0.7453317	0.19454901	-0.057872243	0.11833887	-0.13243791	0.23902257	-0.14920914	0.05812741	-0.08489999	0.09052861	-0.07303252	0.071002685
-0.12818828	0.14261845	-0.22672024	0.27871394	-0.8210616	0.082920276	-0.11428604	0.16817087	-0.28496966	0.9999997	-0.12475075	0.13952695	-0.17624621	0.1872774	-0.17489962	0.050494295	-0.09635364	0.09957861	-0.19644783	0.1088084	-0.052053742	0.068015926	-0.07519606	0.056541	-0.058165785
0.32918692	-0.27577522	0.1585621	-0.17693006	0.098376356	-0.6296796	0.23171477	-0.16178238	0.12876281	-0.12475075	0.99999994	-0.29287845	0.17146493	-0.12984186	0.14845285	-0.20474628	0.14412959	-0.14263642	0.16559145	-0.09683031	0.15829489	-0.11925728	0.116010465	-0.06196363	0.062529616
-0.28542334	0.30501214	-0.24281052	0.20042115	-0.12390855	0.21141066	-0.545956	0.242334	-0.18567054	0.13952695	-0.29287845	1.0	-0.38448668	0.17395428	-0.20555648	0.11637002	-0.36944905	0.2458195	-0.23975532	0.13203382	-0.1204486	0.17043355	-0.18214978	0.083879046	-0.08655867
0.17204076	-0.2687952	0.2716145	-0.27108887	0.14273901	-0.12796052	0.219024	-0.6343523	0.23757559	-0.17624621	0.17146493	-0.38448668	0.99999964	-0.2736558	0.17133187	-0.08901545	0.23039639	-0.348712	0.2069534	-0.12295383	0.08785457	-0.15225893	0.1605677	-0.07704614	0.07587733
-0.13194227	0.15795434	-0.1919622	0.21602452	-0.15901679	0.088483796	-0.127377	0.22903404	-0.7453317	0.1872774	-0.12984186	0.17395428	-0.2736558	0.99999976	-0.2858975	0.058960725	-0.12415926	0.13703625	-0.39306962	0.1924315	-0.059739467	0.088018656	-0.09678286	0.08847168	-0.087974
0.15090096	-0.18383944	0.15555796	-0.21354191	0.12513998	-0.100857385	0.1338239	-0.17171597	0.19454901	-0.17489962	0.14845285	-0.20555648	0.17133187	-0.2858975	0.9999995	-0.07053818	0.12604222	-0.14323972	0.3251292	-0.7100717	0.06966023	-0.10580764	0.10901894	-0.17905827	0.16353752
-0.11704867	0.09259214	-0.06689411	0.070451654	-0.04079448	0.10424382	-0.08173612	0.072086915	-0.057872243	0.050494295	-0.20474628	0.11637002	-0.08901545	0.058960725	-0.07053818	0.9999995	-0.14762112	0.11775234	-0.08231772	0.049861114	-0.92033094	0.17706972	-0.17459844	0.047680642	-0.048630297
0.13644953	-0.1777696	0.1370167	-0.1382143	0.07898618	-0.103092924	0.16658336	-0.17418322	0.11833887	-0.09635364	0.14412959	-0.36944905	0.23039639	-0.12415926	0.12604222	-0.14762112	0.99999964	-0.70490026	0.1625408	-0.0970846	0.13614152	-0.42007872	0.28771916	-0.08258372	0.08011526
-0.13697648	0.15894918	-0.14607157	0.14052567	-0.08314625	0.09815156	-0.15259038	0.18663406	-0.13243791	0.09957861	-0.14263642	0.2458195	-0.348712	0.13703625	-0.14323972	0.11775234	-0.70490026	0.9999997	-0.20761093	0.11102128	-0.120821916	0.28062993	-0.42167348	0.09462152	-0.094474725
0.16756527	-0.20994505	0.18038245	-0.24419524	0.14190517	-0.113412626	0.15453596	-0.20511758	0.23902257	-0.19644783	0.16559145	-0.23975532	0.2069534	-0.39306962	0.3251292	-0.08231772	0.1625408	-0.20761093	0.9999998	-0.56245404	0.08109727	-0.1299449	0.13555375	-0.20557486	0.1753059
-0.0977599	0.11571523	-0.10325754	0.13317253	-0.081509225	0.06539775	-0.087319806	0.115076564	-0.14920914	0.1088084	-0.09683031	0.13203382	-0.12295383	0.1924315	-0.7100717	0.049861114	-0.0970846	0.11102128	-0.56245404	0.9999997	-0.049559586	0.08186633	-0.08951661	0.18613698	-0.23372458
0.10606363	-0.09474763	0.067165166	-0.072710454	0.0416109	-0.098415256	0.08038577	-0.073253214	0.05812741	-0.052053742	0.15829489	-0.1204486	0.08785457	-0.059739467	0.06966023	-0.92033094	0.13614152	-0.120821916	0.08109727	-0.049559586	0.99999976	-0.22905141	0.16186424	-0.04683379	0.046536565
-0.10571063	0.11243648	-0.09330969	0.09471626	-0.055865612	0.07808757	-0.10470933	0.10968303	-0.08489999	0.068015926	-0.11925728	0.17043355	-0.15225893	0.088018656	-0.10580764	0.17706972	-0.42007872	0.28062993	-0.1299449	0.08186633	-0.22905141	0.9999994	-0.790265	0.11118888	-0.11338196
0.10512406	-0.12261265	0.09913756	-0.10496795	0.06046219	-0.07882321	0.106454305	-0.123732075	0.09052861	-0.07519606	0.116010465	-0.18214978	0.1605677	-0.09678286	0.10901894	-0.17459844	0.28771916	-0.42167348	0.13555375	-0.08951661	0.16186424	-0.790265	0.9999992	-0.14998032	0.1238164
-0.06046726	0.068521366	-0.0590858	0.07173988	-0.043207273	0.041398425	-0.054241285	0.06704667	-0.07303252	0.056541	-0.06196363	0.083879046	-0.07704614	0.08847168	-0.17905827	0.047680642	-0.08258372	0.09462152	-0.20557486	0.18613698	-0.04683379	0.11118888	-0.14998032	0.9999991	-0.92941636
0.06122159	-0.070819326	0.059750214	-0.07397552	0.04387145	-0.042091414	0.055207115	-0.06788278	0.071002685	-0.058165785	0.062529616	-0.08655867	0.07587733	-0.087974	0.16353752	-0.048630297	0.08011526	-0.094474725	0.1753059	-0.23372458	0.046536565	-0.11338196	0.1238164	-0.92941636	0.9999991
