1.0000001	-0.8388639	0.26131672	-0.18954344	0.06530774	-0.17951193	0.17785631	-0.28845882	0.1368094	-0.06960191	0.109749615	-0.15731351	0.13583007	-0.08036958	0.05826903	-0.11722987	0.087656096	-0.074907795	0.078606255	-0.04621882	0.101768024	-0.06686923	0.07781518	-0.047438122	0.053629156
-0.8388639	1.0000001	-0.3950921	0.14306982	-0.053663332	0.13029832	-0.19029759	0.23256561	-0.116657846	0.05516977	-0.08962564	0.13171148	-0.11621887	0.06603146	-0.04834671	0.091981485	-0.072856486	0.061793234	-0.065571144	0.037950072	-0.08432654	0.05496316	-0.06465072	0.03862403	-0.043921266
0.26131672	-0.3950921	0.9999999	-0.32721108	0.1014267	-0.11187626	0.14428271	-0.75538915	0.24255973	-0.10945159	0.07586961	-0.11926184	0.1377463	-0.0887828	0.059143066	-0.08787751	0.071630135	-0.06778093	0.07971739	-0.04724772	0.078568034	-0.05494404	0.06681104	-0.042552292	0.047228474
-0.18954344	0.14306982	-0.32721108	0.99999994	-0.28782037	0.07646231	-0.10000582	0.27060273	-0.7981856	0.22098355	-0.05396336	0.07789399	-0.12650555	0.10562174	-0.070565715	0.06518713	-0.059419848	0.057718202	-0.0958773	0.0539606	-0.063259356	0.04522981	-0.058217924	0.0390339	-0.04369844
0.06530774	-0.053663332	0.1014267	-0.28782037	0.99999994	-0.032901816	0.040411543	-0.11620096	0.21490882	-0.9261854	0.022925485	-0.03313288	0.053558882	-0.0476867	0.03753092	-0.028618561	0.025767485	-0.025358187	0.041893497	-0.029813018	0.027407886	-0.019781448	0.025408544	-0.017577047	0.019485518
-0.17951193	0.13029832	-0.11187626	0.07646231	-0.032901816	0.99999994	-0.3880963	0.11146087	-0.06582118	0.033217836	-0.69265515	0.28940967	-0.21928269	0.10865982	-0.08410135	0.30129796	-0.23630641	0.15660554	-0.11731697	0.06605627	-0.32851616	0.17140383	-0.182224	0.09069177	-0.104774445
0.17785631	-0.19029759	0.14428271	-0.10000582	0.040411543	-0.3880963	1.0000004	-0.17321783	0.08514854	-0.041561596	0.272494	-0.77232355	0.19749147	-0.10599509	0.07441613	-0.24933898	0.16132419	-0.12660795	0.102176495	-0.060108095	0.1827082	-0.12167664	0.12757295	-0.07149787	0.07900021
-0.28845882	0.23256561	-0.75538915	0.27060273	-0.11620096	0.11146087	-0.17321783	1.0000002	-0.40000516	0.1152443	-0.0788003	0.12305187	-0.17246456	0.10005995	-0.066473916	0.08976717	-0.07760224	0.0747029	-0.09074739	0.052240938	-0.08338287	0.05885164	-0.0733179	0.045957565	-0.05122245
0.1368094	-0.116657846	0.24255973	-0.7981856	0.21490882	-0.06582118	0.08514854	-0.40000516	1.0000002	-0.27824682	0.04603646	-0.06901493	0.11070908	-0.11295912	0.06347861	-0.05624141	0.050417863	-0.050580744	0.08659056	-0.049739785	0.053111758	-0.038665053	0.04955062	-0.03405589	0.03743715
-0.06960191	0.05516977	-0.10945159	0.22098355	-0.9261854	0.033217836	-0.041561596	0.1152443	-0.27824682	0.9999999	-0.023269279	0.033531148	-0.0554154	0.04917792	-0.03973152	0.028890945	-0.026258966	0.025842683	-0.04387304	0.030672906	-0.027861461	0.020114152	-0.025943995	0.017927516	-0.019919697
0.109749615	-0.08962564	0.07586961	-0.05396336	0.022925485	-0.69265515	0.272494	-0.0788003	0.04603646	-0.023269279	1.0000001	-0.41656008	0.15500714	-0.07809898	0.057941023	-0.47877586	0.17592503	-0.1175005	0.080875345	-0.04623462	0.23272887	-0.1306907	0.12801406	-0.06379063	0.0716309
-0.15731351	0.13171148	-0.11926184	0.07789399	-0.03313288	0.28940967	-0.77232355	0.12305187	-0.06901493	0.033531148	-0.41656008	1.0	-0.23414804	0.105195396	-0.07404594	0.2298238	-0.18782401	0.13280086	-0.10325822	0.059055448	-0.19986552	0.12812094	-0.13619003	0.071385846	-0.079648696
0.13583007	-0.11621887	0.1377463	-0.12650555	0.053558882	-0.21928269	0.19749147	-0.17246456	0.11070908	-0.0554154	0.15500714	-0.23414804	0.99999994	-0.47060916	0.19173032	-0.23123899	0.22607505	-0.3771738	0.26599866	-0.1694004	0.2059226	-0.18225001	0.23758647	-0.15396753	0.15276235
-0.08036958	0.06603146	-0.0887828	0.10562174	-0.0476867	0.10865982	-0.10599509	0.10005995	-0.11295912	0.04917792	-0.07809898	0.105195396	-0.47060916	0.9999998	-0.39905623	0.11596737	-0.12680924	0.15661919	-0.673034	0.2707578	-0.114451215	0.09791377	-0.14169319	0.12420101	-0.12948106
0.05826903	-0.04834671	0.059143066	-0.070565715	0.03753092	-0.08410135	0.07441613	-0.066473916	0.06347861	-0.03973152	0.057941023	-0.07404594	0.19173032	-0.39905623	0.99999976	-0.088598795	0.08563734	-0.10010731	0.30263495	-0.81263864	0.08443789	-0.0686969	0.09252128	-0.09309901	0.09406892
-0.11722987	0.091981485	-0.08787751	0.06518713	-0.028618561	0.30129796	-0.24933898	0.08976717	-0.05624141	0.028890945	-0.47877586	0.2298238	-0.23123899	0.11596737	-0.088598795	0.9999995	-0.38901585	0.21095744	-0.1252941	0.07081399	-0.5851788	0.2629139	-0.2463496	0.110531874	-0.12481171
0.087656096	-0.072856486	0.071630135	-0.059419848	0.025767485	-0.23630641	0.16132419	-0.07760224	0.050417863	-0.026258966	0.17592503	-0.18782401	0.22607505	-0.12680924	0.08563734	-0.38901585	0.99999934	-0.5068164	0.124044165	-0.073415935	0.30143526	-0.5864617	0.31383866	-0.12776448	0.127283
-0.074907795	0.061793234	-0.06778093	0.057718202	-0.025358187	0.15660554	-0.12660795	0.0747029	-0.050580744	0.025842683	-0.1175005	0.13280086	-0.3771738	0.15661919	-0.10010731	0.21095744	-0.5068164	0.99999934	-0.1595299	0.08667551	-0.2369481	0.28620565	-0.6541667	0.15750383	-0.16565213
0.078606255	-0.065571144	0.07971739	-0.0958773	0.041893497	-0.11731697	0.102176495	-0.09074739	0.08659056	-0.04387304	0.080875345	-0.10325822	0.26599866	-0.673034	0.30263495	-0.1252941	0.124044165	-0.1595299	0.9999992	-0.47700977	0.11856878	-0.10074101	0.1382606	-0.17329665	0.15011339
-0.04621882	0.037950072	-0.04724772	0.0539606	-0.029813018	0.06605627	-0.060108095	0.052240938	-0.049739785	0.030672906	-0.04623462	0.059055448	-0.1694004	0.2707578	-0.81263864	0.07081399	-0.073415935	0.08667551	-0.47700977	0.99999917	-0.06979193	0.058339953	-0.082448766	0.09143814	-0.09741503
0.101768024	-0.08432654	0.078568034	-0.063259356	0.027407886	-0.32851616	0.1827082	-0.08338287	0.053111758	-0.027861461	0.23272887	-0.19986552	0.2059226	-0.114451215	0.08443789	-0.5851788	0.30143526	-0.2369481	0.11856878	-0.06979193	0.9999989	-0.53644943	0.24932194	-0.12084003	0.12185131
-0.06686923	0.05496316	-0.05494404	0.04522981	-0.019781448	0.17140383	-0.12167664	0.05885164	-0.038665053	0.020114152	-0.1306907	0.12812094	-0.18225001	0.09791377	-0.0686969	0.2629139	-0.5864617	0.28620565	-0.10074101	0.058339953	-0.53644943	0.99999857	-0.48294654	0.12422843	-0.12830867
0.07781518	-0.06465072	0.06681104	-0.058217924	0.025408544	-0.182224	0.12757295	-0.0733179	0.04955062	-0.025943995	0.12801406	-0.13619003	0.23758647	-0.14169319	0.09252128	-0.2463496	0.31383866	-0.6541667	0.1382606	-0.082448766	0.24932194	-0.48294654	0.9999985	-0.25042453	0.19197786
-0.047438122	0.03862403	-0.042552292	0.0390339	-0.017577047	0.09069177	-0.07149787	0.045957565	-0.03405589	0.017927516	-0.06379063	0.071385846	-0.15396753	0.12420101	-0.09309901	0.110531874	-0.12776448	0.15750383	-0.17329665	0.09143814	-0.12084003	0.12422843	-0.25042453	0.99999857	-0.9079419
0.053629156	-0.043921266	0.047228474	-0.04369844	0.019485518	-0.104774445	0.07900021	-0.05122245	0.03743715	-0.019919697	0.0716309	-0.079648696	0.15276235	-0.12948106	0.09406892	-0.12481171	0.127283	-0.16565213	0.15011339	-0.09741503	0.12185131	-0.12830867	0.19197786	-0.9079419	0.99999857
