1.0	-0.81647074	0.15205184	-0.15224321	0.12530978	-0.3512014	0.28276297	-0.19771595	0.13121712	-0.10897485	0.19761102	-0.25029767	0.14840756	-0.1252052	0.113498494	-0.14744188	0.14791608	-0.17458002	0.06289808	-0.048939437	0.10766228	-0.11304677	0.1507724	-0.044338193	0.03625283
-0.81647074	0.99999994	-0.17931502	0.14181769	-0.11899097	0.25214535	-0.41390267	0.1748095	-0.1257896	0.09830123	-0.18682428	0.21402912	-0.14014612	0.11176465	-0.10670842	0.12602204	-0.13642803	0.14625283	-0.058214866	0.04473327	-0.097821936	0.09731802	-0.14324974	0.040619	-0.033528205
0.15205184	-0.17931502	0.9999997	-0.86456686	0.16548516	-0.12097803	0.1286963	-0.3208539	0.22712697	-0.15847519	0.10163138	-0.123134814	0.16388331	-0.16535984	0.14320855	-0.08623143	0.092370115	-0.12868032	0.06339522	-0.051063325	0.07113467	-0.07593937	0.123687245	-0.0428341	0.035987325
-0.15224321	0.14181769	-0.86456686	0.9999999	-0.20296697	0.110692136	-0.11901229	0.24030612	-0.30651474	0.16254781	-0.09863567	0.11447666	-0.1687102	0.16379094	-0.15629473	0.083109215	-0.090089925	0.12367491	-0.06637694	0.053044673	-0.070831284	0.074672304	-0.128026	0.04415167	-0.037508298
0.12530978	-0.11899097	0.16548516	-0.20296697	1.0	-0.15113331	0.13209176	-0.24804026	0.21400931	-0.36044285	0.13748439	-0.16083187	0.18798704	-0.19862638	0.24716407	-0.14514409	0.14334081	-0.23869461	0.12361459	-0.10164303	0.12332097	-0.14825189	0.25061655	-0.088159345	0.07209672
-0.3512014	0.25214535	-0.12097803	0.110692136	-0.15113331	0.9999999	-0.56652397	0.20173927	-0.14773151	0.118367724	-0.5680482	0.3114433	-0.18486474	0.13796374	-0.13590895	0.22672454	-0.2256106	0.20666169	-0.08050679	0.060520902	-0.17111905	0.15302013	-0.22239104	0.05693581	-0.04686515
0.28276297	-0.41390267	0.1286963	-0.11901229	0.13209176	-0.56652397	0.9999999	-0.27924195	0.15271512	-0.11655538	0.28419852	-0.5325085	0.19284712	-0.14512207	0.1280789	-0.18827574	0.2025884	-0.20325671	0.070607364	-0.05424089	0.1310386	-0.12966618	0.1747811	-0.049278237	0.04053377
-0.19771595	0.1748095	-0.3208539	0.24030612	-0.24804026	0.20173927	-0.27924195	1.0	-0.51909965	0.25067338	-0.19354907	0.22595295	-0.5010335	0.30351636	-0.28810853	0.15418193	-0.17795025	0.22999771	-0.121415004	0.09512991	-0.13446635	0.13485625	-0.24031006	0.07929649	-0.0679942
0.13121712	-0.1257896	0.22712697	-0.30651474	0.21400931	-0.14773151	0.15271512	-0.51909965	1.0	-0.47274238	0.13238886	-0.1663202	0.28979135	-0.503604	0.29483122	-0.1171586	0.12889585	-0.19102457	0.10640122	-0.089558125	0.09744912	-0.103982076	0.17209084	-0.069631286	0.059700616
-0.10897485	0.09830123	-0.15847519	0.16254781	-0.36044285	0.118367724	-0.11655538	0.25067338	-0.47274238	0.9999997	-0.11341628	0.1329637	-0.22915055	0.27339214	-0.6854041	0.10525481	-0.113853335	0.17063773	-0.15108636	0.12989946	-0.09204839	0.100366816	-0.1801306	0.09007687	-0.08427848
0.19761102	-0.18682428	0.10163138	-0.09863567	0.13748439	-0.5680482	0.28419852	-0.19354907	0.13238886	-0.11341628	0.9999997	-0.48932448	0.18174611	-0.14100286	0.12576748	-0.46758184	0.2713522	-0.2596998	0.07812323	-0.059508737	0.20752718	-0.20566887	0.21290569	-0.056209974	0.04545345
-0.25029767	0.21402912	-0.123134814	0.11447666	-0.16083187	0.3114433	-0.5325085	0.22595295	-0.1663202	0.1329637	-0.48932448	0.99999976	-0.28887904	0.17390919	-0.15510029	0.25999272	-0.41241115	0.26425815	-0.09032584	0.06798296	-0.18563958	0.1691114	-0.23744893	0.06297502	-0.051797196
0.14840756	-0.14014612	0.16388331	-0.1687102	0.18798704	-0.18486474	0.19284712	-0.5010335	0.28979135	-0.22915055	0.18174611	-0.28887904	0.9999998	-0.61424494	0.24492405	-0.16264626	0.19536974	-0.34451067	0.110069446	-0.0894615	0.12819505	-0.13257508	0.20756765	-0.07372734	0.06131121
-0.1252052	0.11176465	-0.16535984	0.16379094	-0.19862638	0.13796374	-0.14512207	0.30351636	-0.503604	0.27339214	-0.14100286	0.17390919	-0.61424494	0.99999976	-0.4301167	0.12202004	-0.14398158	0.20610349	-0.12816365	0.104454115	-0.10513424	0.108045965	-0.18876658	0.07848229	-0.06885637
0.113498494	-0.10670842	0.14320855	-0.15629473	0.24716407	-0.13590895	0.1280789	-0.28810853	0.29483122	-0.6854041	0.12576748	-0.15510029	0.24492405	-0.4301167	0.9999997	-0.12222101	0.12994905	-0.21058364	0.17672217	-0.20515728	0.101918414	-0.11494136	0.1890179	-0.118892714	0.10703753
-0.14744188	0.12602204	-0.08623143	0.083109215	-0.14514409	0.22672454	-0.18827574	0.15418193	-0.1171586	0.10525481	-0.46758184	0.25999272	-0.16264626	0.12202004	-0.12222101	0.9999995	-0.53945756	0.27588093	-0.08694464	0.063919894	-0.48686102	0.2658239	-0.28493112	0.06386821	-0.051582273
0.14791608	-0.13642803	0.092370115	-0.090089925	0.14334081	-0.2256106	0.2025884	-0.17795025	0.12889585	-0.113853335	0.2713522	-0.41241115	0.19536974	-0.14398158	0.12994905	-0.53945756	0.99999934	-0.58302075	0.09163576	-0.06847641	0.23333898	-0.23695217	0.24476573	-0.0648183	0.051776804
-0.17458002	0.14625283	-0.12868032	0.12367491	-0.23869461	0.20666169	-0.20325671	0.22999771	-0.19102457	0.17063773	-0.2596998	0.26425815	-0.34451067	0.20610349	-0.21058364	0.27588093	-0.58302075	0.9999991	-0.1682005	0.11505444	-0.2575303	0.22611886	-0.43519115	0.10924648	-0.08876837
0.06289808	-0.058214866	0.06339522	-0.06637694	0.12361459	-0.08050679	0.070607364	-0.121415004	0.10640122	-0.15108636	0.07812323	-0.09032584	0.110069446	-0.12816365	0.17672217	-0.08694464	0.09163576	-0.1682005	0.9999992	-0.745868	0.07540511	-0.09363943	0.16744804	-0.48704118	0.3061883
-0.048939437	0.04473327	-0.051063325	0.053044673	-0.10164303	0.060520902	-0.05424089	0.09512991	-0.089558125	0.12989946	-0.059508737	0.06798296	-0.0894615	0.104454115	-0.20515728	0.063919894	-0.06847641	0.11505444	-0.745868	0.99999917	-0.057602745	0.06923716	-0.13794498	0.31033018	-0.5191682
0.10766228	-0.097821936	0.07113467	-0.070831284	0.12332097	-0.17111905	0.1310386	-0.13446635	0.09744912	-0.09204839	0.20752718	-0.18563958	0.12819505	-0.10513424	0.101918414	-0.48686102	0.23333898	-0.2575303	0.07540511	-0.057602745	0.99999887	-0.72982967	0.2669973	-0.059817743	0.046619035
-0.11304677	0.09731802	-0.07593937	0.074672304	-0.14825189	0.15302013	-0.12966618	0.13485625	-0.103982076	0.100366816	-0.20566887	0.1691114	-0.13257508	0.108045965	-0.11494136	0.2658239	-0.23695217	0.22611886	-0.09363943	0.06923716	-0.72982967	0.99999887	-0.49085692	0.0778758	-0.06161804
0.1507724	-0.14324974	0.123687245	-0.128026	0.25061655	-0.22239104	0.1747811	-0.24031006	0.17209084	-0.1801306	0.21290569	-0.23744893	0.20756765	-0.18876658	0.1890179	-0.28493112	0.24476573	-0.43519115	0.16744804	-0.13794498	0.2669973	-0.49085692	0.9999989	-0.18332483	0.12158558
-0.044338193	0.040619	-0.0428341	0.04415167	-0.088159345	0.05693581	-0.049278237	0.07929649	-0.069631286	0.09007687	-0.056209974	0.06297502	-0.07372734	0.07848229	-0.118892714	0.06386821	-0.0648183	0.10924648	-0.48704118	0.31033018	-0.059817743	0.0778758	-0.18332483	0.999999	-0.78240323
0.03625283	-0.033528205	0.035987325	-0.037508298	0.07209672	-0.04686515	0.04053377	-0.0679942	0.059700616	-0.08427848	0.04545345	-0.051797196	0.06131121	-0.06885637	0.10703753	-0.051582273	0.051776804	-0.08876837	0.3061883	-0.5191682	0.046619035	-0.06161804	0.12158558	-0.78240323	0.999999
