1.0	-0.6024289	0.25501022	-0.27043882	0.22344853	-0.36711743	0.27103356	-0.2334959	0.19054294	-0.17328659	0.24839093	-0.289578	0.20929012	-0.14893882	0.15730797	-0.17465487	0.16189	-0.17634638	0.15691495	-0.06417537	0.17621411	-0.15546459	0.18299653	-0.17978059	0.06303854
-0.6024289	0.9999999	-0.51198566	0.27023366	-0.25301367	0.22355169	-0.35203153	0.21370909	-0.1959245	0.16364299	-0.21667224	0.2386054	-0.19583657	0.1307505	-0.14849505	0.1346547	-0.13642341	0.14810154	-0.13826366	0.05443796	-0.14843792	0.123759575	-0.15798503	0.14501174	-0.054134056
0.25501022	-0.51198566	1.0000001	-0.6939741	0.25610408	-0.14104104	0.18243875	-0.25276157	0.19900492	-0.18144347	0.1364888	-0.17768489	0.15793543	-0.12472966	0.13693431	-0.098064244	0.10149817	-0.124691665	0.119461074	-0.049076986	0.10876494	-0.0965907	0.12842463	-0.1300182	0.04787092
-0.27043882	0.27023366	-0.6939741	1.0000001	-0.48274103	0.13337688	-0.169924	0.22076222	-0.2600333	0.218665	-0.13873953	0.16198052	-0.16579333	0.13715169	-0.16522662	0.09853472	-0.10457662	0.12864588	-0.13131505	0.05306745	-0.11297342	0.09843421	-0.13692729	0.13535002	-0.052145164
0.22344853	-0.25301367	0.25610408	-0.48274103	0.9999998	-0.14278528	0.17465328	-0.28588706	0.2733424	-0.56169206	0.14744583	-0.19604635	0.2016896	-0.23046525	0.24888086	-0.118126854	0.12699197	-0.17307885	0.18402234	-0.08088568	0.1348893	-0.12584135	0.17749323	-0.2070825	0.07665737
-0.36711743	0.22355169	-0.14104104	0.13337688	-0.14278528	0.9999999	-0.46428043	0.17192528	-0.14099279	0.11271842	-0.69306195	0.27747628	-0.17736284	0.10404397	-0.10979372	0.20946698	-0.17913885	0.1413399	-0.11514204	0.044756602	-0.20028672	0.14606117	-0.14446235	0.1269901	-0.044396218
0.27103356	-0.35203153	0.18243875	-0.169924	0.17465328	-0.46428043	0.9999997	-0.30180576	0.19141866	-0.14569797	0.27669266	-0.6394278	0.23412322	-0.12987486	0.13466421	-0.1666265	0.16007702	-0.17372626	0.13680676	-0.053032786	0.16101822	-0.14167462	0.16184057	-0.14915659	0.052327726
-0.2334959	0.21370909	-0.25276157	0.22076222	-0.28588706	0.17192528	-0.30180576	0.9999996	-0.6846635	0.2617488	-0.17963845	0.24040228	-0.3595803	0.18572843	-0.22126772	0.12934448	-0.14382182	0.20401216	-0.18619266	0.07082516	-0.14708287	0.1326236	-0.19685963	0.18039353	-0.07039565
0.19054294	-0.1959245	0.19900492	-0.2600333	0.2733424	-0.14099279	0.19141866	-0.6846635	0.99999964	-0.47748625	0.14094302	-0.20386389	0.22478868	-0.21107449	0.2265078	-0.11041446	0.11983855	-0.17780273	0.17014745	-0.07042128	0.12309378	-0.115906015	0.16487291	-0.17985874	0.06755665
-0.17328659	0.16364299	-0.18144347	0.218665	-0.56169206	0.11271842	-0.14569797	0.2617488	-0.47748625	0.9999998	-0.12063622	0.15611313	-0.19540319	0.24364318	-0.49226412	0.09620359	-0.10750371	0.15538742	-0.1969007	0.08311092	-0.111910544	0.10401736	-0.16078578	0.17804652	-0.0809943
0.24839093	-0.21667224	0.1364888	-0.13873953	0.14744583	-0.69306195	0.27669266	-0.17963845	0.14094302	-0.12063622	0.9999999	-0.34928766	0.1891156	-0.1161367	0.118253775	-0.38738558	0.21220551	-0.16652437	0.12835242	-0.05067051	0.22801477	-0.1869968	0.16257137	-0.14839862	0.049901403
-0.289578	0.2386054	-0.17768489	0.16198052	-0.19604635	0.27747628	-0.6394278	0.24040228	-0.20386389	0.15611313	-0.34928766	0.99999976	-0.41372383	0.15506507	-0.16265386	0.19450243	-0.22892989	0.22419953	-0.17410283	0.064032994	-0.20921743	0.17738003	-0.21645665	0.1776723	-0.063961074
0.20929012	-0.19583657	0.15793543	-0.16579333	0.2016896	-0.17736284	0.23412322	-0.3595803	0.22478868	-0.19540319	0.1891156	-0.41372383	0.9999997	-0.26677525	0.20555055	-0.17164081	0.20228714	-0.5936496	0.2476756	-0.08903224	0.17940776	-0.19335409	0.27516726	-0.26610348	0.08595625
-0.14893882	0.1307505	-0.12472966	0.13715169	-0.23046525	0.10404397	-0.12987486	0.18572843	-0.21107449	0.24364318	-0.1161367	0.15506507	-0.26677525	0.9999995	-0.6497034	0.10218329	-0.12224634	0.21432275	-0.5372295	0.12245762	-0.12019263	0.11835465	-0.20850834	0.2558406	-0.1200503
0.15730797	-0.14849505	0.13693431	-0.16522662	0.24888086	-0.10979372	0.13466421	-0.22126772	0.2265078	-0.49226412	0.118253775	-0.16265386	0.20555055	-0.6497034	0.99999946	-0.103078485	0.11730039	-0.19380805	0.26987225	-0.14449173	0.11869084	-0.11802857	0.1864001	-0.26787707	0.1229021
-0.17465487	0.1346547	-0.098064244	0.09853472	-0.118126854	0.20946698	-0.1666265	0.12934448	-0.11041446	0.09620359	-0.38738558	0.19450243	-0.17164081	0.10218329	-0.103078485	0.9999992	-0.55551684	0.1778021	-0.12545043	0.047382217	-0.6092628	0.3068191	-0.18793318	0.14520882	-0.047037266
0.16189	-0.13642341	0.10149817	-0.10457662	0.12699197	-0.17913885	0.16007702	-0.14382182	0.11983855	-0.10750371	0.21220551	-0.22892989	0.20228714	-0.12224634	0.11730039	-0.55551684	0.99999917	-0.29295117	0.1528071	-0.05751171	0.32645866	-0.6217324	0.23645423	-0.18585454	0.056517147
-0.17634638	0.14810154	-0.124691665	0.12864588	-0.17307885	0.1413399	-0.17372626	0.20401216	-0.17780273	0.15538742	-0.16652437	0.22419953	-0.5936496	0.21432275	-0.19380805	0.1778021	-0.29295117	0.9999991	-0.36873424	0.09388762	-0.1967489	0.22106288	-0.5098547	0.28203318	-0.093751445
0.15691495	-0.13826366	0.119461074	-0.13131505	0.18402234	-0.11514204	0.13680676	-0.18619266	0.17014745	-0.1969007	0.12835242	-0.17410283	0.2476756	-0.5372295	0.26987225	-0.12545043	0.1528071	-0.36873424	0.9999992	-0.18889463	0.14367317	-0.15524027	0.27767965	-0.56292504	0.16003633
-0.06417537	0.05443796	-0.049076986	0.05306745	-0.08088568	0.044756602	-0.053032786	0.07082516	-0.07042128	0.08311092	-0.05067051	0.064032994	-0.08903224	0.12245762	-0.14449173	0.047382217	-0.05751171	0.09388762	-0.18889463	0.999999	-0.05793231	0.058155954	-0.11806764	0.17793953	-0.945748
0.17621411	-0.14843792	0.10876494	-0.11297342	0.1348893	-0.20028672	0.16101822	-0.14708287	0.12309378	-0.111910544	0.22801477	-0.20921743	0.17940776	-0.12019263	0.11869084	-0.6092628	0.32645866	-0.1967489	0.14367317	-0.05793231	0.9999987	-0.576564	0.21974862	-0.18824774	0.05686393
-0.15546459	0.123759575	-0.0965907	0.09843421	-0.12584135	0.14606117	-0.14167462	0.1326236	-0.115906015	0.10401736	-0.1869968	0.17738003	-0.19335409	0.11835465	-0.11802857	0.3068191	-0.6217324	0.22106288	-0.15524027	0.058155954	-0.576564	0.99999875	-0.35001326	0.19027975	-0.058222555
0.18299653	-0.15798503	0.12842463	-0.13692729	0.17749323	-0.14446235	0.16184057	-0.19685963	0.16487291	-0.16078578	0.16257137	-0.21645665	0.27516726	-0.20850834	0.1864001	-0.18793318	0.23645423	-0.5098547	0.27767965	-0.11806764	0.21974862	-0.35001326	0.99999875	-0.55967164	0.11474692
-0.17978059	0.14501174	-0.1300182	0.13535002	-0.2070825	0.1269901	-0.14915659	0.18039353	-0.17985874	0.17804652	-0.14839862	0.1776723	-0.26610348	0.2558406	-0.26787707	0.14520882	-0.18585454	0.28203318	-0.56292504	0.17793953	-0.18824774	0.19027975	-0.55967164	0.9999987	-0.21968462
0.06303854	-0.054134056	0.04787092	-0.052145164	0.07665737	-0.044396218	0.052327726	-0.07039565	0.06755665	-0.0809943	0.049901403	-0.063961074	0.08595625	-0.1200503	0.1229021	-0.047037266	0.056517147	-0.093751445	0.16003633	-0.945748	0.05686393	-0.058222555	0.11474692	-0.21968462	0.9999987
