1.0	-0.334025	0.18407257	-0.12930131	0.0843816	-0.87879723	0.21304889	-0.13929354	0.10448763	-0.074309625	0.17490928	-0.18207894	0.12678096	-0.09958003	0.082512185	-0.094622135	0.09644096	-0.082612105	0.10243482	-0.10222	0.06410839	-0.08336066	0.09154783	-0.055042155	0.050788708	-0.074488305	0.061037835	-0.0657444	0.042452183	-0.041399192	0.05256861	-0.064962864	0.06528111	-0.035818387	0.035695303	-0.05228917	0.054649796	-0.06323567	0.034792308	-0.03760137	0.042887576	-0.031375512	0.065189175	-0.041568212	0.05147489
-0.334025	0.9999999	-0.6302056	0.24056175	-0.15811366	0.24153243	-0.46006283	0.25894946	-0.20719577	0.13386495	-0.28206205	0.26586327	-0.24957642	0.1787708	-0.14971483	0.14562026	-0.16195248	0.14086896	-0.1858373	0.1702547	-0.10225739	0.13082546	-0.15910557	0.090255074	-0.08507327	0.11631559	-0.0984705	0.10786351	-0.07023036	0.068272494	-0.08500615	0.10343079	-0.10851528	0.058806274	-0.059023272	0.08356318	-0.08952693	0.10240773	-0.05738181	0.06151605	-0.07053152	0.05134471	-0.107648715	0.067882344	-0.08482487
0.18407257	-0.6302056	0.9999998	-0.44527698	0.17222528	-0.19697428	0.2746512	-0.38501593	0.2559573	-0.16084696	0.23049106	-0.26395443	0.25768813	-0.218893	0.16968675	-0.14461453	0.15282078	-0.14732909	0.18911932	-0.20616429	0.102862306	-0.13671495	0.15895842	-0.099763155	0.09339517	-0.121648744	0.101807564	-0.1132502	0.075808994	-0.07533956	0.08804104	-0.10933067	0.11197337	-0.06289359	0.06359957	-0.0883418	0.09265732	-0.108750015	0.060971715	-0.06716265	0.07279888	-0.053336564	0.111899786	-0.07193238	0.08890469
-0.12930131	0.24056175	-0.44527698	0.99999946	-0.27191275	0.1271871	-0.22066605	0.278281	-0.65202475	0.22058721	-0.24224684	0.20463207	-0.29873675	0.269525	-0.23121428	0.1417727	-0.15616058	0.16150293	-0.24272479	0.21997578	-0.103447095	0.13500936	-0.18171956	0.104592115	-0.102231674	0.12031841	-0.10416331	0.11880793	-0.080744274	0.07984292	-0.09025511	0.1101515	-0.119681746	0.06608526	-0.067763105	0.089342475	-0.096628964	0.11184439	-0.06451256	0.07026998	-0.07632021	0.055582806	-0.118314914	0.07493096	-0.09386782
0.0843816	-0.15811366	0.17222528	-0.27191275	0.9999992	-0.08933421	0.13881572	-0.17669109	0.23150644	-0.7685918	0.17867114	-0.15767959	0.18985508	-0.23360293	0.28491905	-0.121141225	0.1257803	-0.13501534	0.18591456	-0.37708253	0.09194705	-0.12490109	0.1527394	-0.12602101	0.12436516	-0.11236255	0.09659973	-0.1122594	0.0902551	-0.09764337	0.084994696	-0.105854645	0.112467036	-0.07027857	0.075920716	-0.086857736	0.09217922	-0.11041267	0.06775774	-0.0813838	0.07284186	-0.053462267	0.11542312	-0.076295435	0.094232306
-0.87879723	0.24153243	-0.19697428	0.1271871	-0.08933421	0.99999917	-0.27570307	0.14312142	-0.10996706	0.07680358	-0.21880794	0.18333407	-0.13820717	0.10287724	-0.08629868	0.100141995	-0.10419382	0.08702592	-0.10974069	0.103529006	-0.06769345	0.08639368	-0.09762401	0.0566534	-0.05256739	0.07720987	-0.06374949	0.06851812	-0.04400818	0.042677116	-0.05486152	0.06722194	-0.06845794	0.037141707	-0.036990896	0.054116677	-0.057106562	0.06549422	-0.036160927	0.038771626	-0.044867717	0.032741167	-0.06807949	0.043119654	-0.0536104
0.21304889	-0.46006283	0.2746512	-0.22066605	0.13881572	-0.27570307	0.9999992	-0.40134072	0.1926463	-0.12653099	0.25978538	-0.6144253	0.25367486	-0.18105392	0.14049754	-0.16131383	0.17990285	-0.14535335	0.17377587	-0.16854843	0.10598833	-0.13797522	0.15145785	-0.08821191	0.08165538	-0.12036647	0.09917974	-0.10658709	0.06805008	-0.06635335	0.0840879	-0.1038312	0.10473085	-0.056981497	0.05669896	-0.082740374	0.086594716	-0.10009388	0.055296335	-0.059632737	0.067802064	-0.049590304	0.1025525	-0.06531448	0.08064904
-0.13929354	0.25894946	-0.38501593	0.278281	-0.17669109	0.14312142	-0.40134072	0.9999991	-0.39708474	0.1653498	-0.22335337	0.25480595	-0.6231525	0.2606568	-0.1886824	0.13675243	-0.15298522	0.155644	-0.20650373	0.19390683	-0.09646865	0.1262632	-0.16002353	0.09204552	-0.0876513	0.111594796	-0.09478754	0.106715895	-0.07053668	0.06970423	-0.081067845	0.09999021	-0.10511481	0.057954628	-0.05862245	0.080273196	-0.0851071	0.09937324	-0.05627858	0.061388377	-0.06683535	0.04886439	-0.10253073	0.06545625	-0.081048846
0.10448763	-0.20719577	0.2559573	-0.65202475	0.23150644	-0.10996706	0.1926463	-0.39708474	0.99999887	-0.29298767	0.19060875	-0.19125408	0.28172284	-0.42906493	0.23436901	-0.12484806	0.13425258	-0.14975564	0.2130121	-0.2304093	0.09016387	-0.120105594	0.15270944	-0.095805995	0.09302839	-0.10667779	0.09104259	-0.10452694	0.07225088	-0.073071584	0.07839934	-0.0972405	0.10278694	-0.05840475	0.060084645	-0.07840165	0.083110176	-0.098113135	0.056610167	-0.06309532	0.06534979	-0.047852132	0.101224564	-0.065190166	0.08061717
-0.074309625	0.13386495	-0.16084696	0.22058721	-0.7685918	0.07680358	-0.12653099	0.1653498	-0.29298767	0.9999989	-0.15893738	0.13521166	-0.1932363	0.22970769	-0.43264574	0.10304315	-0.11042625	0.12090972	-0.179887	0.27191797	-0.07717909	0.103050694	-0.13554505	0.0965737	-0.09996797	0.09227582	-0.08015227	0.09333395	-0.07169719	0.075340696	-0.069980614	0.08624165	-0.09388001	0.056069475	-0.06024716	0.07038879	-0.07576337	0.08944367	-0.05444446	0.06304571	-0.059921555	0.043800425	-0.094524644	0.061316077	-0.07641261
0.17490928	-0.28206205	0.23049106	-0.24224684	0.17867114	-0.21880794	0.25978538	-0.22335337	0.19060875	-0.15893738	0.9999989	-0.4647245	0.2300618	-0.21075869	0.18036532	-0.41115153	0.2820294	-0.22080968	0.24229302	-0.2532152	0.21682802	-0.27561402	0.24076334	-0.15347956	0.1356489	-0.25528356	0.19017945	-0.19267304	0.11841292	-0.11413299	0.16175552	-0.20415564	0.18714717	-0.1023955	0.09957358	-0.1622724	0.16160958	-0.18811916	0.09887088	-0.106356636	0.12569757	-0.09266602	0.1875472	-0.12100454	0.14769588
-0.18207894	0.26586327	-0.26395443	0.20463207	-0.15767959	0.18333407	-0.6144253	0.25480595	-0.19125408	0.13521166	-0.4647245	0.9999988	-0.30084878	0.1920523	-0.15826637	0.22563289	-0.32472402	0.1891359	-0.22512858	0.18495603	-0.1459844	0.17958225	-0.20169453	0.105862424	-0.09771238	0.15541215	-0.12953681	0.13509567	-0.083325095	0.079542674	-0.10837565	0.13116612	-0.13405046	0.070305824	-0.069124416	0.10398068	-0.11031499	0.1245781	-0.06850475	0.07209074	-0.08634184	0.06284144	-0.12890029	0.08086456	-0.10033631
0.12678096	-0.24957642	0.25768813	-0.29873675	0.18985508	-0.13820717	0.25367486	-0.6231525	0.28172284	-0.1932363	0.2300618	-0.30084878	0.9999989	-0.45443088	0.22815591	-0.16288239	0.17488815	-0.21418992	0.24406359	-0.26160732	0.114462726	-0.15389617	0.1876095	-0.114993736	0.10806768	-0.13564366	0.11400819	-0.13041364	0.086518295	-0.086759545	0.09713801	-0.12179338	0.12523493	-0.070616454	0.071411975	-0.09733127	0.10142851	-0.12085204	0.068153605	-0.07556505	0.079368815	-0.058323346	0.12191907	-0.07893621	0.09668535
-0.09958003	0.1787708	-0.218893	0.269525	-0.23360293	0.10287724	-0.18105392	0.2606568	-0.42906493	0.22970769	-0.21075869	0.1920523	-0.45443088	0.99999887	-0.48984042	0.14537703	-0.16270551	0.20699367	-0.41706428	0.282052	-0.10510886	0.13973698	-0.1979162	0.11359138	-0.113204144	0.12340405	-0.106932	0.12588038	-0.08614319	0.08676948	-0.0908943	0.11282651	-0.12224751	0.06855294	-0.07063404	0.09026515	-0.096073985	0.11398961	-0.066448405	0.07361055	-0.075398624	0.055224214	-0.11688417	0.07516494	-0.09276487
0.082512185	-0.14971483	0.16968675	-0.23121428	0.28491905	-0.08629868	0.14049754	-0.1886824	0.23436901	-0.43264574	0.18036532	-0.15826637	0.22815591	-0.48984042	0.99999887	-0.12338138	0.13111897	-0.15427165	0.22645918	-0.61274856	0.091866486	-0.12370418	0.16144127	-0.12939818	0.13989884	-0.11042745	0.09592705	-0.113425605	0.0931933	-0.10360427	0.08307259	-0.10315248	0.11240218	-0.06987066	0.07652077	-0.08360417	0.08947953	-0.10687837	0.06743923	-0.08054582	0.07054359	-0.051697858	0.11137756	-0.07328936	0.09045078
-0.094622135	0.14562026	-0.14461453	0.1417727	-0.121141225	0.100141995	-0.16131383	0.13675243	-0.12484806	0.10304315	-0.41115153	0.22563289	-0.16288239	0.14537703	-0.12338138	0.99999887	-0.6399215	0.2315718	-0.23626518	0.15643916	-0.43888596	0.27750462	-0.24451312	0.109326266	-0.097142756	0.25322	-0.1918777	0.16441925	-0.089705825	0.08154636	-0.14962369	0.16904314	-0.16217783	0.07707834	-0.07217806	0.12829648	-0.13523647	0.14167006	-0.07521593	0.07477877	-0.104132086	0.0751684	-0.1440731	0.087703004	-0.10772229
0.09644096	-0.16195248	0.15282078	-0.15616058	0.1257803	-0.10419382	0.17990285	-0.15298522	0.13425258	-0.11042625	0.2820294	-0.32472402	0.17488815	-0.16270551	0.13111897	-0.6399215	0.999999	-0.40496996	0.2484242	-0.17118092	0.25084075	-0.34853467	0.2511442	-0.11549299	0.100464605	-0.2431035	0.18789905	-0.17490982	0.09248661	-0.085074514	0.14050056	-0.17392565	0.1598771	-0.078557394	0.07345518	-0.1273585	0.12963916	-0.14401567	0.075810395	-0.07697629	0.09940376	-0.07265241	0.14058027	-0.08774333	0.10619872
-0.082612105	0.14086896	-0.14732909	0.16150293	-0.13501534	0.08702592	-0.14535335	0.155644	-0.14975564	0.12090972	-0.22080968	0.1891359	-0.21418992	0.20699367	-0.15427165	0.2315718	-0.40496996	0.99999875	-0.5895331	0.18754102	-0.15537515	0.20296195	-0.54389006	0.12654431	-0.1082253	0.16943674	-0.15365538	0.19739494	-0.10056806	0.09082268	-0.1183954	0.14974408	-0.17106146	0.0817103	-0.07603893	0.1131518	-0.11826695	0.14383845	-0.07839702	0.07948386	-0.09097943	0.06705753	-0.13685043	0.08682794	-0.104199395
0.10243482	-0.1858373	0.18911932	-0.24272479	0.18591456	-0.10974069	0.17377587	-0.20650373	0.2130121	-0.179887	0.24229302	-0.22512858	0.24406359	-0.41706428	0.22645918	-0.23626518	0.2484242	-0.5895331	0.99999857	-0.29836687	0.16042086	-0.22338895	0.29142332	-0.15995626	0.13787118	-0.19323713	0.16251184	-0.20093544	0.118538365	-0.114378534	0.13370295	-0.1727787	0.17511566	-0.09646368	0.09349574	-0.13409592	0.13627815	-0.16949773	0.09195855	-0.099578895	0.105349526	-0.07811582	0.16028836	-0.10498697	0.12531608
-0.10222	0.1702547	-0.20616429	0.21997578	-0.37708253	0.103529006	-0.16854843	0.19390683	-0.2304093	0.27191797	-0.2532152	0.18495603	-0.26160732	0.282052	-0.61274856	0.15643916	-0.17118092	0.18754102	-0.29836687	0.9999988	-0.11994514	0.15817279	-0.22896013	0.18451314	-0.2765609	0.14211114	-0.12792727	0.1534552	-0.14159764	0.15737233	-0.11205756	0.13576224	-0.15886901	0.100374855	-0.11750444	0.11136354	-0.124112174	0.14512654	-0.09851723	0.11645029	-0.09876924	0.07181664	-0.15912743	0.10326302	-0.13060196
0.06410839	-0.10225739	0.102862306	-0.103447095	0.09194705	-0.06769345	0.10598833	-0.09646865	0.09016387	-0.07717909	0.21682802	-0.1459844	0.114462726	-0.10510886	0.091866486	-0.43888596	0.25084075	-0.15537515	0.16042086	-0.11994514	0.99999857	-0.52204895	0.18833143	-0.09503156	0.08285289	-0.6248029	0.25669533	-0.16836517	0.080905855	-0.0714524	0.18036313	-0.20625043	0.15896167	-0.07071651	0.06371289	-0.14385451	0.1387565	-0.13539132	0.06878898	-0.06584171	0.10441937	-0.075648226	0.13330318	-0.079615474	0.09651118
-0.08336066	0.13082546	-0.13671495	0.13500936	-0.12490109	0.08639368	-0.13797522	0.1262632	-0.120105594	0.103050694	-0.27561402	0.17958225	-0.15389617	0.13973698	-0.12370418	0.27750462	-0.34853467	0.20296195	-0.22338895	0.15817279	-0.52204895	0.9999984	-0.28129974	0.13012153	-0.115159035	0.32260552	-0.4887558	0.23598854	-0.11420222	0.098632656	-0.23600544	0.26334766	-0.23712856	0.09943479	-0.089296	0.1792907	-0.19895262	0.18683192	-0.09772367	0.091037445	-0.1510076	0.10718784	-0.19163303	0.111698695	-0.13720055
0.09154783	-0.15910557	0.15895842	-0.18171956	0.1527394	-0.09762401	0.15145785	-0.16002353	0.15270944	-0.13554505	0.24076334	-0.20169453	0.1876095	-0.1979162	0.16144127	-0.24451312	0.2511442	-0.54389006	0.29142332	-0.22896013	0.18833143	-0.28129974	0.9999984	-0.20498496	0.15430917	-0.23841663	0.22645324	-0.4404208	0.15711714	-0.13809666	0.1683744	-0.23076756	0.25846702	-0.12646927	0.111302815	-0.167495	0.16888121	-0.22943987	0.117609195	-0.11841577	0.12808114	-0.096180074	0.19529362	-0.12805344	0.14787276
-0.055042155	0.090255074	-0.099763155	0.104592115	-0.12602101	0.0566534	-0.08821191	0.09204552	-0.095805995	0.0965737	-0.15347956	0.105862424	-0.114993736	0.11359138	-0.12939818	0.109326266	-0.11549299	0.12654431	-0.15995626	0.18451314	-0.09503156	0.13012153	-0.20498496	0.9999982	-0.5572747	0.11872658	-0.12299482	0.18294452	-0.6352725	0.3214105	-0.100640066	0.12511937	-0.18576334	0.18782018	-0.2019127	0.09958002	-0.11392037	0.14671887	-0.1920084	0.17950019	-0.08942571	0.066052854	-0.15575078	0.11867234	-0.14183499
0.050788708	-0.08507327	0.09339517	-0.102231674	0.12436516	-0.05256739	0.08165538	-0.0876513	0.09302839	-0.09996797	0.1356489	-0.09771238	0.10806768	-0.113204144	0.13989884	-0.097142756	0.100464605	-0.1082253	0.13787118	-0.2765609	0.08285289	-0.115159035	0.15430917	-0.5572747	0.99999815	-0.105049014	0.102082565	-0.14673012	0.31481117	-0.63445926	0.08602913	-0.10906514	0.14357215	-0.15866096	0.20839974	-0.087380245	0.09644205	-0.12729615	0.14496952	-0.22836314	0.07554956	-0.056174986	0.12980086	-0.10329433	0.11806684
-0.074488305	0.11631559	-0.121648744	0.12031841	-0.11236255	0.07720987	-0.12036647	0.111594796	-0.10667779	0.09227582	-0.25528356	0.15541215	-0.13564366	0.12340405	-0.11042745	0.25322	-0.2431035	0.16943674	-0.19323713	0.14211114	-0.6248029	0.32260552	-0.23841663	0.11872658	-0.105049014	0.99999833	-0.42991653	0.2147267	-0.10432201	0.09024507	-0.31444484	0.26591077	-0.21893105	0.09207617	-0.082318105	0.19796975	-0.20166473	0.17798291	-0.09055852	0.08401876	-0.15105233	0.10728987	-0.18169673	0.10503065	-0.12859486
0.061037835	-0.0984705	0.101807564	-0.10416331	0.09659973	-0.06374949	0.09917974	-0.09478754	0.09104259	-0.08015227	0.19017945	-0.12953681	0.11400819	-0.106932	0.09592705	-0.1918777	0.18789905	-0.15365538	0.16251184	-0.12792727	0.25669533	-0.4887558	0.22645324	-0.12299482	0.102082565	-0.42991653	0.99999833	-0.3963051	0.112729	-0.093607366	0.2447779	-0.53502953	0.24826968	-0.09603223	0.080158554	-0.18917398	0.18199028	-0.184127	0.09127428	-0.082716286	0.13224362	-0.097591	0.16609971	-0.09893681	0.11686028
-0.0657444	0.10786351	-0.1132502	0.11880793	-0.1122594	0.06851812	-0.10658709	0.106715895	-0.10452694	0.09333395	-0.19267304	0.13509567	-0.13041364	0.12588038	-0.113425605	0.16441925	-0.17490982	0.19739494	-0.20093544	0.1534552	-0.16836517	0.23598854	-0.4404208	0.18294452	-0.14673012	0.2147267	-0.3963051	0.9999982	-0.2165347	0.14258601	-0.17986035	0.24591586	-0.6219163	0.14899984	-0.113863625	0.15896519	-0.1785149	0.24175179	-0.14020945	0.11482945	-0.13201107	0.09851225	-0.20933807	0.12515089	-0.14596443
0.042452183	-0.07023036	0.075808994	-0.080744274	0.0902551	-0.04400818	0.06805008	-0.07053668	0.07225088	-0.07169719	0.11841292	-0.083325095	0.086518295	-0.08614319	0.0931933	-0.089705825	0.09248661	-0.10056806	0.118538365	-0.14159764	0.080905855	-0.11420222	0.15711714	-0.6352725	0.31481117	-0.10432201	0.112729	-0.2165347	0.9999981	-0.5706475	0.08638857	-0.11290099	0.17119439	-0.2651803	0.19292182	-0.085766226	0.09562564	-0.13250925	0.19283527	-0.19473182	0.07389954	-0.055335913	0.12939233	-0.106963806	0.11847357
-0.041399192	0.068272494	-0.07533956	0.07984292	-0.09764337	0.042677116	-0.06635335	0.06970423	-0.073071584	0.075340696	-0.11413299	0.079542674	-0.086759545	0.08676948	-0.10360427	0.08154636	-0.085074514	0.09082268	-0.114378534	0.15737233	-0.0714524	0.098632656	-0.13809666	0.3214105	-0.63445926	0.09024507	-0.093607366	0.14258601	-0.5706475	0.9999979	-0.07605866	0.095781706	-0.14217725	0.16773728	-0.3129501	0.07593981	-0.085971385	0.1139322	-0.16345482	0.21961044	-0.06724948	0.049969234	-0.11846574	0.0955178	-0.11073657
0.05256861	-0.08500615	0.08804104	-0.09025511	0.084994696	-0.05486152	0.0840879	-0.081067845	0.07839934	-0.069980614	0.16175552	-0.10837565	0.09713801	-0.0908943	0.08307259	-0.14962369	0.14050056	-0.1183954	0.13370295	-0.11205756	0.18036313	-0.23600544	0.1683744	-0.100640066	0.08602913	-0.31444484	0.2447779	-0.17986035	0.08638857	-0.07605866	0.999998	-0.53890014	0.18632707	-0.08165071	0.06996416	-0.63309723	0.25632024	-0.19199772	0.07910424	-0.07318427	0.17443797	-0.13664474	0.16774796	-0.097804524	0.112928584
-0.064962864	0.10343079	-0.10933067	0.1101515	-0.105854645	0.06722194	-0.1038312	0.09999021	-0.0972405	0.08624165	-0.20415564	0.13116612	-0.12179338	0.11282651	-0.10315248	0.16904314	-0.17392565	0.14974408	-0.1727787	0.13576224	-0.20625043	0.26334766	-0.23076756	0.12511937	-0.10906514	0.26591077	-0.53502953	0.24591586	-0.11290099	0.095781706	-0.53890014	0.99999815	-0.29535043	0.10491031	-0.088642076	0.2722228	-0.29558212	0.21617448	-0.10283881	0.09057626	-0.20159517	0.1444877	-0.20875646	0.11778321	-0.14079197
0.06528111	-0.10851528	0.11197337	-0.119681746	0.112467036	-0.06845794	0.10473085	-0.10511481	0.10278694	-0.09388001	0.18714717	-0.13405046	0.12523493	-0.12224751	0.11240218	-0.16217783	0.1598771	-0.17106146	0.17511566	-0.15886901	0.15896167	-0.23712856	0.25846702	-0.18576334	0.14357215	-0.21893105	0.24826968	-0.6219163	0.17119439	-0.14217725	0.18632707	-0.29535043	0.9999982	-0.21948713	0.12341677	-0.18779695	0.20395067	-0.4589613	0.17138293	-0.13186723	0.14557679	-0.114376366	0.24534516	-0.15429461	0.16460833
-0.035818387	0.058806274	-0.06289359	0.06608526	-0.07027857	0.037141707	-0.056981497	0.057954628	-0.05840475	0.056069475	-0.1023955	0.070305824	-0.070616454	0.06855294	-0.06987066	0.07707834	-0.078557394	0.0817103	-0.09646368	0.100374855	-0.07071651	0.09943479	-0.12646927	0.18782018	-0.15866096	0.09207617	-0.09603223	0.14899984	-0.2651803	0.16773728	-0.08165071	0.10491031	-0.21948713	0.9999983	-0.22531095	0.08415911	-0.09850276	0.15455315	-0.84124285	0.2092052	-0.07610266	0.058224905	-0.1588932	0.17133382	-0.1796362
0.035695303	-0.059023272	0.06359957	-0.067763105	0.075920716	-0.036990896	0.05669896	-0.05862245	0.060084645	-0.06024716	0.09957358	-0.069124416	0.071411975	-0.07063404	0.07652077	-0.07217806	0.07345518	-0.07603893	0.09349574	-0.11750444	0.06371289	-0.089296	0.111302815	-0.2019127	0.20839974	-0.082318105	0.080158554	-0.113863625	0.19292182	-0.3129501	0.06996416	-0.088642076	0.12341677	-0.22531095	0.9999981	-0.072830044	0.08172374	-0.11543281	0.20364659	-0.85028124	0.064186655	-0.04831114	0.11965507	-0.116524175	0.12649669
-0.05228917	0.08356318	-0.0883418	0.089342475	-0.086857736	0.054116677	-0.082740374	0.080273196	-0.07840165	0.07038879	-0.1622724	0.10398068	-0.09733127	0.09026515	-0.08360417	0.12829648	-0.1273585	0.1131518	-0.13409592	0.11136354	-0.14385451	0.1792907	-0.167495	0.09958002	-0.087380245	0.19796975	-0.18917398	0.15896519	-0.085766226	0.07593981	-0.63309723	0.2722228	-0.18779695	0.08415911	-0.072830044	0.9999979	-0.52147084	0.21695767	-0.08355002	0.075513445	-0.30834472	0.21652335	-0.20853783	0.11097763	-0.12933415
0.054649796	-0.08952693	0.09265732	-0.096628964	0.09217922	-0.057106562	0.086594716	-0.0851071	0.083110176	-0.07576337	0.16160958	-0.11031499	0.10142851	-0.096073985	0.08947953	-0.13523647	0.12963916	-0.11826695	0.13627815	-0.124112174	0.1387565	-0.19895262	0.16888121	-0.11392037	0.09644205	-0.20166473	0.18199028	-0.1785149	0.09562564	-0.085971385	0.25632024	-0.29558212	0.20395067	-0.09850276	0.08172374	-0.52147084	0.99999785	-0.38493693	0.096045524	-0.08746169	0.30448067	-0.48405477	0.23987766	-0.13518217	0.14354314
-0.06323567	0.10240773	-0.108750015	0.11184439	-0.11041267	0.06549422	-0.10009388	0.09937324	-0.098113135	0.08944367	-0.18811916	0.1245781	-0.12085204	0.11398961	-0.10687837	0.14167006	-0.14401567	0.14383845	-0.16949773	0.14512654	-0.13539132	0.18683192	-0.22943987	0.14671887	-0.12729615	0.17798291	-0.184127	0.24175179	-0.13250925	0.1139322	-0.19199772	0.21617448	-0.4589613	0.15455315	-0.11543281	0.21695767	-0.38493693	0.9999978	-0.16460603	0.11981796	-0.231659	0.18732062	-0.58160275	0.21050404	-0.23599479
0.034792308	-0.05738181	0.060971715	-0.06451256	0.06775774	-0.036160927	0.055296335	-0.05627858	0.056610167	-0.05444446	0.09887088	-0.06850475	0.068153605	-0.066448405	0.06743923	-0.07521593	0.075810395	-0.07839702	0.09195855	-0.09851723	0.06878898	-0.09772367	0.117609195	-0.1920084	0.14496952	-0.09055852	0.09127428	-0.14020945	0.19283527	-0.16345482	0.07910424	-0.10283881	0.17138293	-0.84124285	0.20364659	-0.08355002	0.096045524	-0.16460603	0.99999785	-0.28311417	0.07390566	-0.057290148	0.156775	-0.22730422	0.17732619
-0.03760137	0.06151605	-0.06716265	0.07026998	-0.0813838	0.038771626	-0.059632737	0.061388377	-0.06309532	0.06304571	-0.106356636	0.07209074	-0.07556505	0.07361055	-0.08054582	0.07477877	-0.07697629	0.07948386	-0.099578895	0.11645029	-0.06584171	0.091037445	-0.11841577	0.17950019	-0.22836314	0.08401876	-0.082716286	0.11482945	-0.19473182	0.21961044	-0.07318427	0.09057626	-0.13186723	0.2092052	-0.85028124	0.075513445	-0.08746169	0.11981796	-0.28311417	0.999998	-0.06934617	0.0518647	-0.13354579	0.1269584	-0.152457
0.042887576	-0.07053152	0.07279888	-0.07632021	0.07284186	-0.044867717	0.067802064	-0.06683535	0.06534979	-0.059921555	0.12569757	-0.08634184	0.079368815	-0.075398624	0.07054359	-0.104132086	0.09940376	-0.09097943	0.105349526	-0.09876924	0.10441937	-0.1510076	0.12808114	-0.08942571	0.07554956	-0.15105233	0.13224362	-0.13201107	0.07389954	-0.06724948	0.17443797	-0.20159517	0.14557679	-0.07610266	0.064186655	-0.30834472	0.30448067	-0.231659	0.07390566	-0.06934617	0.99999785	-0.7993441	0.19596893	-0.11480386	0.11528527
-0.031375512	0.05134471	-0.053336564	0.055582806	-0.053462267	0.032741167	-0.049590304	0.04886439	-0.047852132	0.043800425	-0.09266602	0.06284144	-0.058323346	0.055224214	-0.051697858	0.0751684	-0.07265241	0.06705753	-0.07811582	0.07181664	-0.075648226	0.10718784	-0.096180074	0.066052854	-0.056174986	0.10728987	-0.097591	0.09851225	-0.055335913	0.049969234	-0.13664474	0.1444877	-0.114376366	0.058224905	-0.04831114	0.21652335	-0.48405477	0.18732062	-0.057290148	0.0518647	-0.7993441	0.9999978	-0.19965762	0.092514694	-0.09212112
0.065189175	-0.107648715	0.111899786	-0.118314914	0.11542312	-0.06807949	0.1025525	-0.10253073	0.101224564	-0.094524644	0.1875472	-0.12890029	0.12191907	-0.11688417	0.11137756	-0.1440731	0.14058027	-0.13685043	0.16028836	-0.15912743	0.13330318	-0.19163303	0.19529362	-0.15575078	0.12980086	-0.18169673	0.16609971	-0.20933807	0.12939233	-0.11846574	0.16774796	-0.20875646	0.24534516	-0.1588932	0.11965507	-0.20853783	0.23987766	-0.58160275	0.156775	-0.13354579	0.19596893	-0.19965762	0.9999978	-0.43469733	0.28122905
-0.041568212	0.067882344	-0.07193238	0.07493096	-0.076295435	0.043119654	-0.06531448	0.06545625	-0.065190166	0.061316077	-0.12100454	0.08086456	-0.07893621	0.07516494	-0.07328936	0.087703004	-0.08774333	0.08682794	-0.10498697	0.10326302	-0.079615474	0.111698695	-0.12805344	0.11867234	-0.10329433	0.10503065	-0.09893681	0.12515089	-0.106963806	0.0955178	-0.097804524	0.11778321	-0.15429461	0.17133382	-0.116524175	0.11097763	-0.13518217	0.21050404	-0.22730422	0.1269584	-0.11480386	0.092514694	-0.43469733	0.9999978	-0.7888531
0.05147489	-0.08482487	0.08890469	-0.09386782	0.094232306	-0.0536104	0.08064904	-0.081048846	0.08061717	-0.07641261	0.14769588	-0.10033631	0.09668535	-0.09276487	0.09045078	-0.10772229	0.10619872	-0.104199395	0.12531608	-0.13060196	0.09651118	-0.13720055	0.14787276	-0.14183499	0.11806684	-0.12859486	0.11686028	-0.14596443	0.11847357	-0.11073657	0.112928584	-0.14079197	0.16460833	-0.1796362	0.12649669	-0.12933415	0.14354314	-0.23599479	0.17732619	-0.152457	0.11528527	-0.09212112	0.28122905	-0.7888531	0.9999978
