1.0000001	-0.13381329	0.10853874	-0.25266007	0.12617296	-0.67220944	0.25052026	-0.20494282	0.14011498	-0.1255715	0.331279	-0.12093168	0.10572847	-0.13451861	0.13521895	-0.08987673	0.09921321	-0.11172891	0.1253059	-0.10313889	0.069797754	-0.096889965	0.10731407	-0.11136906	0.13073212	-0.13075101	0.09068593	-0.10918399	0.11476812	-0.07643389	0.06905127	-0.059121978	0.08022997	-0.076230794	0.05636708	-0.040778875	0.04767533	-0.054690782	0.04344373	-0.037080992	0.05270157	-0.04783434	0.04125106	-0.03726901	0.036518063
-0.13381329	1.0000002	-0.9123458	0.1280024	-0.090489246	0.09605595	-0.26159158	0.22301194	-0.1311826	0.08779421	-0.118919194	0.08093155	-0.08231902	0.09258599	-0.07766182	0.04405042	-0.058726657	0.06688467	-0.08656044	0.056864403	-0.035448987	0.052785054	-0.062309545	0.06285012	-0.07369022	0.06314384	-0.047087096	0.055908445	-0.06223095	0.038644552	-0.03454999	0.029398143	-0.040982205	0.038438465	-0.028735455	0.019973446	-0.023466062	0.026549863	-0.02169408	0.018533412	-0.025790265	0.023023872	-0.020140069	0.018331075	-0.018222678
0.10853874	-0.9123458	1.0000002	-0.12962575	0.08535898	-0.08170294	0.20525363	-0.2963032	0.12645112	-0.08786117	0.10093037	-0.08108259	0.08004083	-0.092088215	0.07189709	-0.041538578	0.055179067	-0.063899375	0.08089095	-0.053435177	0.033309013	-0.049900196	0.058394413	-0.05921186	0.06820342	-0.059596818	0.04417709	-0.05261343	0.057904843	-0.036201578	0.03221039	-0.027484016	0.03825367	-0.03600699	0.026834287	-0.018634418	0.021888517	-0.024803486	0.02022483	-0.01730324	0.024013052	-0.021502312	0.01878518	-0.017112346	0.016991105
-0.25266007	0.1280024	-0.12962575	1.0000007	-0.5539816	0.16664438	-0.3328996	0.23895879	-0.31200516	0.2914052	-0.2697542	0.13844156	-0.13600148	0.22810726	-0.31621578	0.11756616	-0.1558311	0.17140782	-0.24869315	0.1957061	-0.09616877	0.14174516	-0.17736995	0.1872216	-0.26519883	0.17277262	-0.1330758	0.15891154	-0.19361618	0.115884	-0.105633035	0.0879107	-0.12447111	0.1144624	-0.087900154	0.060784943	-0.07152747	0.07992685	-0.06707239	0.05670504	-0.07991039	0.06939223	-0.061512604	0.055939153	-0.05627513
0.12617296	-0.090489246	0.08535898	-0.5539816	1.0000008	-0.08766674	0.186563	-0.20109613	0.26413476	-0.6971046	0.13479847	-0.095448256	0.09132782	-0.20577088	0.184	-0.07729064	0.09781641	-0.11553183	0.16120964	-0.13415202	0.061788045	-0.092009276	0.10967953	-0.11931755	0.1447667	-0.1136254	0.083555594	-0.1012825	0.11363658	-0.07139136	0.062282592	-0.053137112	0.07429476	-0.07048179	0.052676715	-0.03607731	0.042388637	-0.04808574	0.03955477	-0.033889756	0.04653806	-0.041645274	0.03645032	-0.033416457	0.033238143
-0.67220944	0.09605595	-0.08170294	0.16664438	-0.08766674	1.0000007	-0.29909018	0.16710043	-0.10441957	0.08886112	-0.6030651	0.09894983	-0.08691829	0.09576591	-0.090187326	0.061766576	-0.06992759	0.078709684	-0.0881229	0.06903038	-0.048280984	0.06665912	-0.074128605	0.07572671	-0.087620154	0.0866515	-0.06106501	0.07301899	-0.077015035	0.050617073	-0.045636993	0.039075505	-0.053286564	0.050507132	-0.03735686	0.02680092	-0.031367004	0.035882615	-0.028625526	0.024456572	-0.03457287	0.031314608	-0.027071098	0.02449095	-0.024059255
0.25052026	-0.26159158	0.20525363	-0.3328996	0.186563	-0.29909018	1.0000007	-0.61787885	0.25451893	-0.20828338	0.25566548	-0.22399692	0.1887631	-0.22142845	0.1692235	-0.10891777	0.13562392	-0.15896627	0.1832136	-0.13251118	0.08582707	-0.1270601	0.14285041	-0.14689384	0.1631536	-0.15718716	0.11254741	-0.13517635	0.14264154	-0.09243885	0.081649415	-0.0702379	0.09666047	-0.09204584	0.067888774	-0.047576703	0.05578474	-0.06368127	0.051264253	-0.04399517	0.061014853	-0.05529487	0.047970608	-0.04369716	0.043091718
-0.20494282	0.22301194	-0.2963032	0.23895879	-0.20109613	0.16710043	-0.61787885	1.000001	-0.46103203	0.2072731	-0.21096861	0.19777717	-0.24736948	0.21758771	-0.15505183	0.08831636	-0.12616594	0.1462483	-0.19692476	0.114144735	-0.07163071	0.10957705	-0.13129815	0.1298301	-0.1472287	0.12534566	-0.09513263	0.11241064	-0.12534836	0.07662718	-0.06801854	0.058009107	-0.08130967	0.076232545	-0.056910466	0.03911456	-0.046009	0.051962104	-0.04260464	0.03647846	-0.050331336	0.044938006	-0.039380006	0.035922766	-0.035787273
0.14011498	-0.1311826	0.12645112	-0.31200516	0.26413476	-0.10441957	0.25451893	-0.46103203	1.0000011	-0.50054675	0.14883904	-0.13646485	0.1340698	-0.48943022	0.17591834	-0.09248169	0.12460892	-0.15643339	0.24522124	-0.13428631	0.07418278	-0.11432148	0.13734539	-0.14919558	0.15883486	-0.13338242	0.09939965	-0.12026973	0.13313115	-0.082240306	0.07076407	-0.060815778	0.08540804	-0.08137784	0.060342487	-0.040743377	0.047928635	-0.054354552	0.044700176	-0.03848936	0.052153952	-0.04688589	0.041045297	-0.037736516	0.037568055
-0.1255715	0.08779421	-0.08786117	0.2914052	-0.6971046	0.08886112	-0.20828338	0.2072731	-0.50054675	1.0000006	-0.13349831	0.09576691	-0.09543848	0.21359411	-0.23169345	0.07522286	-0.100354314	0.117127255	-0.18574844	0.1415863	-0.060781885	0.091619894	-0.11263243	0.121220365	-0.151211	0.1098128	-0.08257957	0.09949774	-0.11472525	0.07016294	-0.060989793	0.051919773	-0.07321678	0.069158405	-0.05193288	0.03513503	-0.041341163	0.046729308	-0.038749192	0.033201776	-0.045328565	0.040390268	-0.035483144	0.032593712	-0.032555763
0.331279	-0.118919194	0.10093037	-0.2697542	0.13479847	-0.6030651	0.25566548	-0.21096861	0.14883904	-0.13349831	1.0000004	-0.16035774	0.13063994	-0.14505835	0.14701027	-0.105188355	0.11260557	-0.1259678	0.13699418	-0.11226377	0.08076853	-0.10922778	0.11987861	-0.12275825	0.14331822	-0.14516965	0.101063885	-0.12094776	0.12662746	-0.08410062	0.07627795	-0.065297075	0.08859847	-0.08399912	0.062087234	-0.0449684	0.0525811	-0.060264476	0.047832135	-0.040822163	0.05807941	-0.052694213	0.045450255	-0.04102163	0.040203847
-0.12093168	0.08093155	-0.08108259	0.13844156	-0.095448256	0.09894983	-0.22399692	0.19777717	-0.13646485	0.09576691	-0.16035774	1.0000004	-0.88530016	0.12963155	-0.106587835	0.087108895	-0.19851565	0.19461937	-0.14763054	0.08265168	-0.07408946	0.13008262	-0.15187511	0.11566482	-0.120382115	0.113441825	-0.095217176	0.105287656	-0.11152941	0.065174125	-0.059952963	0.051161356	-0.072409205	0.065865986	-0.049002755	0.033627786	-0.039719135	0.044192113	-0.03618527	0.030992698	-0.042915102	0.037932508	-0.033484224	0.030260697	-0.030361384
0.10572847	-0.08231902	0.08004083	-0.13600148	0.09132782	-0.08691829	0.1887631	-0.24736948	0.1340698	-0.09543848	0.13063994	-0.88530016	0.9999999	-0.134844	0.09923816	-0.08526732	0.1672261	-0.23904817	0.14166272	-0.07865864	0.07067789	-0.1266969	0.14330266	-0.11288695	0.11145181	-0.110765226	0.09006269	-0.10226955	0.10442872	-0.062229056	0.0565155	-0.04861339	0.06840009	-0.062897995	0.046401605	-0.031820577	0.03754705	-0.04196366	0.03417457	-0.029366605	0.040436786	-0.035996754	0.03167158	-0.028678518	0.028684404
-0.13451861	0.09258599	-0.092088215	0.22810726	-0.20577088	0.09576591	-0.22142845	0.21758771	-0.48943022	0.21359411	-0.14505835	0.12963155	-0.134844	0.9999995	-0.19936939	0.10879773	-0.1749853	0.21662939	-0.66487336	0.147088	-0.090544775	0.14561832	-0.19629501	0.2054327	-0.21239954	0.15404487	-0.1238591	0.14710143	-0.17905049	0.09975135	-0.0854772	0.07293285	-0.10520369	0.098551966	-0.07416284	0.048389096	-0.057178926	0.06410189	-0.053956423	0.046426043	-0.06197973	0.05495618	-0.04867065	0.044935003	-0.045319285
0.13521895	-0.07766182	0.07189709	-0.31621578	0.184	-0.090187326	0.1692235	-0.15505183	0.17591834	-0.23169345	0.14701027	-0.106587835	0.09923816	-0.19936939	0.99999964	-0.13133249	0.13919416	-0.16377611	0.18296336	-0.7332254	0.101626955	-0.14604442	0.16712028	-0.21490045	0.29600313	-0.20183916	0.13737583	-0.17350909	0.1834332	-0.12795158	0.10045271	-0.08843322	0.12221571	-0.12326744	0.08990214	-0.059210777	0.06942137	-0.08078178	0.065840706	-0.05757633	0.07479975	-0.0698422	0.060156655	-0.056587692	0.055491336
-0.08987673	0.04405042	-0.041538578	0.11756616	-0.07729064	0.061766576	-0.10891777	0.08831636	-0.09248169	0.07522286	-0.105188355	0.087108895	-0.08526732	0.10879773	-0.13133249	0.99999964	-0.24247703	0.16114232	-0.13897075	0.099854864	-0.8486448	0.24789633	-0.20073794	0.14728037	-0.16391183	0.23459165	-0.20592727	0.16675422	-0.17623101	0.09766671	-0.11379062	0.09059987	-0.12569667	0.10283968	-0.0780117	0.05860024	-0.06946068	0.07294317	-0.05860502	0.049183346	-0.07507928	0.06253017	-0.05624568	0.04805855	-0.048955686
0.09921321	-0.058726657	0.055179067	-0.1558311	0.09781641	-0.06992759	0.13562392	-0.12616594	0.12460892	-0.100354314	0.11260557	-0.19851565	0.1672261	-0.1749853	0.13919416	-0.24247703	0.9999997	-0.5430604	0.21066551	-0.11756071	0.20085886	-0.62575203	0.29468408	-0.20724627	0.17779636	-0.2545203	0.22218874	-0.2228459	0.18811147	-0.11120196	0.107838854	-0.094922505	0.12983622	-0.11586289	0.08344681	-0.05877898	0.0695504	-0.07631788	0.060498875	-0.05218316	0.07292763	-0.06476325	0.05705916	-0.050595276	0.05070629
-0.11172891	0.06688467	-0.063899375	0.17140782	-0.11553183	0.078709684	-0.15896627	0.1462483	-0.15643339	0.117127255	-0.1259678	0.19461937	-0.23904817	0.21662939	-0.16377611	0.16114232	-0.5430604	0.9999997	-0.39286813	0.135284	-0.14425944	0.2852494	-0.5276912	0.2507586	-0.22043377	0.203242	-0.1900401	0.20834619	-0.21624793	0.11648719	-0.105929755	0.09107419	-0.13286732	0.11859698	-0.08780441	0.058120463	-0.06906099	0.07600749	-0.06292009	0.054207288	-0.07339637	0.0645167	-0.057486948	0.05208189	-0.052765153
0.1253059	-0.08656044	0.08089095	-0.24869315	0.16120964	-0.0881229	0.1832136	-0.19692476	0.24522124	-0.18574844	0.13699418	-0.14763054	0.14166272	-0.66487336	0.18296336	-0.13897075	0.21066551	-0.39286813	0.99999976	-0.16206546	0.11241581	-0.1920724	0.24460018	-0.33174473	0.22046728	-0.19405048	0.15015686	-0.18591246	0.20507237	-0.12021205	0.09832981	-0.085766226	0.12256342	-0.118640795	0.086697854	-0.055848103	0.06592128	-0.07459422	0.062008917	-0.05403438	0.07049794	-0.06365327	0.05599123	-0.05205565	0.052132335
-0.10313889	0.056864403	-0.053435177	0.1957061	-0.13415202	0.06903038	-0.13251118	0.114144735	-0.13428631	0.1415863	-0.11226377	0.08265168	-0.07865864	0.147088	-0.7332254	0.099854864	-0.11756071	0.135284	-0.16206546	0.99999994	-0.07989872	0.11888913	-0.15510955	0.20579566	-0.53558224	0.15159558	-0.1118786	0.14083657	-0.17627318	0.10756569	-0.08303602	0.07180206	-0.10351025	0.1015158	-0.07767558	0.04795369	-0.056552473	0.064674705	-0.055496026	0.04825199	-0.061135117	0.05551913	-0.048823547	0.046445798	-0.046736088
0.069797754	-0.035448987	0.033309013	-0.09616877	0.061788045	-0.048280984	0.08582707	-0.07163071	0.07418278	-0.060781885	0.08076853	-0.07408946	0.07067789	-0.090544775	0.101626955	-0.8486448	0.20085886	-0.14425944	0.11241581	-0.07989872	1.0000001	-0.33406433	0.16929023	-0.12518308	0.12788357	-0.29663357	0.19029997	-0.15360808	0.14238061	-0.081177704	0.094421655	-0.07744353	0.103814706	-0.0862419	0.06388162	-0.04852806	0.057312477	-0.0604916	0.04755162	-0.04021272	0.060828045	-0.05166146	0.046030477	-0.039278463	0.039740223
-0.096889965	0.052785054	-0.049900196	0.14174516	-0.092009276	0.06665912	-0.1270601	0.10957705	-0.11432148	0.091619894	-0.10922778	0.13008262	-0.1266969	0.14561832	-0.14604442	0.24789633	-0.62575203	0.2852494	-0.1920724	0.11888913	-0.33406433	0.9999998	-0.41673717	0.2107658	-0.19580553	0.2631802	-0.36425233	0.23894632	-0.21202342	0.11618929	-0.121396564	0.10476243	-0.14515384	0.12240631	-0.089745924	0.063949786	-0.07638172	0.08146125	-0.065057725	0.055630624	-0.07973483	0.06901255	-0.061538987	0.053756148	-0.054437786
0.10731407	-0.062309545	0.058394413	-0.17736995	0.10967953	-0.074128605	0.14285041	-0.13129815	0.13734539	-0.11263243	0.11987861	-0.15187511	0.14330266	-0.19629501	0.16712028	-0.20073794	0.29468408	-0.5276912	0.24460018	-0.15510955	0.16929023	-0.41673717	0.9999993	-0.47698006	0.24230205	-0.2556928	0.23021853	-0.33535472	0.2599771	-0.14456198	0.123298705	-0.1094865	0.1616527	-0.14848271	0.10570182	-0.06798231	0.08082007	-0.08998691	0.073841736	-0.06454695	0.084504806	-0.0756165	0.06714253	-0.061429497	0.06196874
-0.11136906	0.06285012	-0.05921186	0.1872216	-0.11931755	0.07572671	-0.14689384	0.1298301	-0.14919558	0.121220365	-0.12275825	0.11566482	-0.11288695	0.2054327	-0.21490045	0.14728037	-0.20724627	0.2507586	-0.33174473	0.20579566	-0.12518308	0.2107658	-0.47698006	0.9999992	-0.50188637	0.21686429	-0.18520892	0.24324338	-0.48212183	0.17219114	-0.122211754	0.10663063	-0.16543998	0.16406095	-0.124423884	0.06839166	-0.08149016	0.09185101	-0.082189284	0.072486795	-0.08616246	0.07730978	-0.06934742	0.06712053	-0.0691774
0.13073212	-0.07369022	0.06820342	-0.26519883	0.1447667	-0.087620154	0.1631536	-0.1472287	0.15883486	-0.151211	0.14331822	-0.120382115	0.11145181	-0.21239954	0.29600313	-0.16391183	0.17779636	-0.22043377	0.22046728	-0.53558224	0.12788357	-0.19580553	0.24230205	-0.50188637	0.99999934	-0.24966167	0.17617795	-0.23302907	0.26021522	-0.184259	0.12466207	-0.11104529	0.15832455	-0.16571352	0.1227101	-0.07265114	0.08555594	-0.09948198	0.08469404	-0.07547909	0.09094659	-0.08488417	0.07392947	-0.07177439	0.071488865
-0.13075101	0.06314384	-0.059596818	0.17277262	-0.1136254	0.0866515	-0.15718716	0.12534566	-0.13338242	0.1098128	-0.14516965	0.113441825	-0.110765226	0.15404487	-0.20183916	0.23459165	-0.2545203	0.203242	-0.19405048	0.15159558	-0.29663357	0.2631802	-0.2556928	0.21686429	-0.24966167	0.9999992	-0.6170026	0.3082234	-0.31117636	0.1700994	-0.25580025	0.18741775	-0.24479732	0.18585081	-0.14048678	0.11597271	-0.13711473	0.13752496	-0.10602503	0.08825848	-0.14455733	0.11781063	-0.105962165	0.0865492	-0.08833484
0.09068593	-0.047087096	0.04417709	-0.1330758	0.083555594	-0.06106501	0.11254741	-0.09513263	0.09939965	-0.08257957	0.101063885	-0.095217176	0.09006269	-0.1238591	0.13737583	-0.20592727	0.22218874	-0.1900401	0.15015686	-0.1118786	0.19029997	-0.36425233	0.23021853	-0.18520892	0.17617795	-0.6170026	0.99999887	-0.5557834	0.23896612	-0.14145666	0.17436957	-0.17481759	0.20241572	-0.16182859	0.110690586	-0.08851902	0.10634162	-0.109714426	0.080032915	-0.06865932	0.10424084	-0.09145278	0.080511615	-0.06668157	0.06677827
-0.10918399	0.055908445	-0.05261343	0.15891154	-0.1012825	0.07301899	-0.13517635	0.11241064	-0.12026973	0.09949774	-0.12094776	0.105287656	-0.10226955	0.14710143	-0.17350909	0.16675422	-0.2228459	0.20834619	-0.18591246	0.14083657	-0.15360808	0.23894632	-0.33535472	0.24324338	-0.23302907	0.3082234	-0.5557834	0.9999992	-0.4376064	0.19696626	-0.20582816	0.18108511	-0.37447557	0.23072426	-0.16283801	0.1056756	-0.12975149	0.13752133	-0.110892795	0.095157795	-0.13109528	0.11169948	-0.10361737	0.089312896	-0.09240277
0.11476812	-0.06223095	0.057904843	-0.19361618	0.11363658	-0.077015035	0.14264154	-0.12534836	0.13313115	-0.11472525	0.12662746	-0.11152941	0.10442872	-0.17905049	0.1834332	-0.17623101	0.18811147	-0.21624793	0.20507237	-0.17627318	0.14238061	-0.21202342	0.2599771	-0.48212183	0.26021522	-0.31117636	0.23896612	-0.4376064	0.9999991	-0.3833614	0.17157765	-0.15838276	0.2550928	-0.33743474	0.22221261	-0.09835203	0.11746592	-0.13733813	0.13098823	-0.12277516	0.12113774	-0.1131484	0.10162473	-0.107171476	0.11070513
-0.07643389	0.038644552	-0.036201578	0.115884	-0.07139136	0.050617073	-0.09243885	0.07662718	-0.082240306	0.07016294	-0.08410062	0.065174125	-0.062229056	0.09975135	-0.12795158	0.09766671	-0.11120196	0.11648719	-0.12021205	0.10756569	-0.081177704	0.11618929	-0.14456198	0.17219114	-0.184259	0.1700994	-0.14145666	0.19696626	-0.3833614	0.9999991	-0.17080672	0.14331728	-0.284975	0.29328164	-0.7053515	0.09559016	-0.11740335	0.13611613	-0.2363007	0.21926196	-0.12421098	0.11045764	-0.11073497	0.15711428	-0.20523892
0.06905127	-0.03454999	0.03221039	-0.105633035	0.062282592	-0.045636993	0.081649415	-0.06801854	0.07076407	-0.060989793	0.07627795	-0.059952963	0.0565155	-0.0854772	0.10045271	-0.11379062	0.107838854	-0.105929755	0.09832981	-0.08303602	0.094421655	-0.121396564	0.123298705	-0.122211754	0.12466207	-0.25580025	0.17436957	-0.20582816	0.17157765	-0.17080672	0.9999988	-0.7340381	0.25299948	-0.22257495	0.13014933	-0.3285268	0.27984425	-0.2572499	0.1090974	-0.091628745	0.23069945	-0.22907467	0.16685128	-0.101249464	0.0901342
-0.059121978	0.029398143	-0.027484016	0.0879107	-0.053137112	0.039075505	-0.0702379	0.058009107	-0.060815778	0.051919773	-0.065297075	0.051161356	-0.04861339	0.07293285	-0.08843322	0.09059987	-0.094922505	0.09107419	-0.085766226	0.07180206	-0.07744353	0.10476243	-0.1094865	0.10663063	-0.11104529	0.18741775	-0.17481759	0.18108511	-0.15838276	0.14331728	-0.7340381	0.99999857	-0.36277094	0.19937384	-0.12056136	0.23899947	-0.39984936	0.21970493	-0.09923835	0.081230104	-0.2252477	0.18579033	-0.15477167	0.08789797	-0.08134971
0.08022997	-0.040982205	0.03825367	-0.12447111	0.07429476	-0.053286564	0.09666047	-0.08130967	0.08540804	-0.07321678	0.08859847	-0.072409205	0.06840009	-0.10520369	0.12221571	-0.12569667	0.12983622	-0.13286732	0.12256342	-0.10351025	0.103814706	-0.14515384	0.1616527	-0.16543998	0.15832455	-0.24479732	0.20241572	-0.37447557	0.2550928	-0.284975	0.25299948	-0.36277094	0.9999984	-0.63106424	0.23389058	-0.14602219	0.18386999	-0.23766856	0.14367212	-0.1335046	0.16327223	-0.15574373	0.14605874	-0.12095639	0.11855151
-0.076230794	0.038438465	-0.03600699	0.1144624	-0.07048179	0.050507132	-0.09204584	0.076232545	-0.08137784	0.069158405	-0.08399912	0.065865986	-0.062897995	0.098551966	-0.12326744	0.10283968	-0.11586289	0.11859698	-0.118640795	0.1015158	-0.0862419	0.12240631	-0.14848271	0.16406095	-0.16571352	0.18585081	-0.16182859	0.23072426	-0.33743474	0.29328164	-0.22257495	0.19937384	-0.63106424	0.9999982	-0.47447553	0.11580767	-0.14662586	0.16290884	-0.19004434	0.1709135	-0.1433864	0.12517181	-0.12463437	0.13442533	-0.15245676
0.05636708	-0.028735455	0.026834287	-0.087900154	0.052676715	-0.03735686	0.067888774	-0.056910466	0.060342487	-0.05193288	0.062087234	-0.049002755	0.046401605	-0.07416284	0.08990214	-0.0780117	0.08344681	-0.08780441	0.086697854	-0.07767558	0.06388162	-0.089745924	0.10570182	-0.124423884	0.1227101	-0.14048678	0.110690586	-0.16283801	0.22221261	-0.7053515	0.13014933	-0.12056136	0.23389058	-0.47447553	0.9999982	-0.077010185	0.09444777	-0.11777664	0.21084824	-0.33146802	0.09674103	-0.09325115	0.09203339	-0.15656586	0.18761764
-0.040778875	0.019973446	-0.018634418	0.060784943	-0.03607731	0.02680092	-0.047576703	0.03911456	-0.040743377	0.03513503	-0.0449684	0.033627786	-0.031820577	0.048389096	-0.059210777	0.05860024	-0.05877898	0.058120463	-0.055848103	0.04795369	-0.04852806	0.063949786	-0.06798231	0.06839166	-0.07265114	0.11597271	-0.08851902	0.1056756	-0.09835203	0.09559016	-0.3285268	0.23899947	-0.14602219	0.11580767	-0.077010185	0.9999981	-0.5876479	0.25418702	-0.08497435	0.064409	-0.6457068	0.25365508	-0.1952776	0.08155217	-0.06950075
0.04767533	-0.023466062	0.021888517	-0.07152747	0.042388637	-0.031367004	0.05578474	-0.046009	0.047928635	-0.041341163	0.0525811	-0.039719135	0.03754705	-0.057178926	0.06942137	-0.06946068	0.0695504	-0.06906099	0.06592128	-0.056552473	0.057312477	-0.07638172	0.08082007	-0.08149016	0.08555594	-0.13711473	0.10634162	-0.12975149	0.11746592	-0.11740335	0.27984425	-0.39984936	0.18386999	-0.14662586	0.09444777	-0.5876479	0.99999803	-0.47347757	0.1057293	-0.08047167	0.3116275	-0.35436288	0.2424526	-0.10220776	0.08483479
-0.054690782	0.026549863	-0.024803486	0.07992685	-0.04808574	0.035882615	-0.06368127	0.051962104	-0.054354552	0.046729308	-0.060264476	0.044192113	-0.04196366	0.06410189	-0.08078178	0.07294317	-0.07631788	0.07600749	-0.07459422	0.064674705	-0.0604916	0.08146125	-0.08998691	0.09185101	-0.09948198	0.13752496	-0.109714426	0.13752133	-0.13733813	0.13611613	-0.2572499	0.21970493	-0.23766856	0.16290884	-0.11777664	0.25418702	-0.47347757	0.9999978	-0.18263888	0.117811486	-0.37014547	0.3189525	-0.6079183	0.16001143	-0.1342852
0.04344373	-0.02169408	0.02022483	-0.06707239	0.03955477	-0.028625526	0.051264253	-0.04260464	0.044700176	-0.038749192	0.047832135	-0.03618527	0.03417457	-0.053956423	0.065840706	-0.05860502	0.060498875	-0.06292009	0.062008917	-0.055496026	0.04755162	-0.065057725	0.073841736	-0.082189284	0.08469404	-0.10602503	0.080032915	-0.110892795	0.13098823	-0.2363007	0.1090974	-0.09923835	0.14367212	-0.19004434	0.21084824	-0.08497435	0.1057293	-0.18263888	0.9999975	-0.6222368	0.11040676	-0.1357172	0.15036203	-0.6031066	0.33044848
-0.037080992	0.018533412	-0.01730324	0.05670504	-0.033889756	0.024456572	-0.04399517	0.03647846	-0.03848936	0.033201776	-0.040822163	0.030992698	-0.029366605	0.046426043	-0.05757633	0.049183346	-0.05218316	0.054207288	-0.05403438	0.04825199	-0.04021272	0.055630624	-0.06454695	0.072486795	-0.07547909	0.08825848	-0.06865932	0.095157795	-0.12277516	0.21926196	-0.091628745	0.081230104	-0.1335046	0.1709135	-0.33146802	0.064409	-0.08047167	0.117811486	-0.6222368	0.9999977	-0.085196346	0.09377135	-0.10524293	0.3147836	-0.59873617
0.05270157	-0.025790265	0.024013052	-0.07991039	0.04653806	-0.03457287	0.061014853	-0.050331336	0.052153952	-0.045328565	0.05807941	-0.042915102	0.040436786	-0.06197973	0.07479975	-0.07507928	0.07292763	-0.07339637	0.07049794	-0.061135117	0.060828045	-0.07973483	0.084504806	-0.08616246	0.09094659	-0.14455733	0.10424084	-0.13109528	0.12113774	-0.12421098	0.23069945	-0.2252477	0.16327223	-0.1433864	0.09674103	-0.6457068	0.3116275	-0.37014547	0.11040676	-0.085196346	0.99999744	-0.49555978	0.253334	-0.11243539	0.09072218
-0.04783434	0.023023872	-0.021502312	0.06939223	-0.041645274	0.031314608	-0.05529487	0.044938006	-0.04688589	0.040390268	-0.052694213	0.037932508	-0.035996754	0.05495618	-0.0698422	0.06253017	-0.06476325	0.0645167	-0.06365327	0.05551913	-0.05166146	0.06901255	-0.0756165	0.07730978	-0.08488417	0.11781063	-0.09145278	0.11169948	-0.1131484	0.11045764	-0.22907467	0.18579033	-0.15574373	0.12517181	-0.09325115	0.25365508	-0.35436288	0.3189525	-0.1357172	0.09377135	-0.49555978	0.9999974	-0.65716904	0.14003721	-0.117640674
0.04125106	-0.020140069	0.01878518	-0.061512604	0.03645032	-0.027071098	0.047970608	-0.039380006	0.041045297	-0.035483144	0.045450255	-0.033484224	0.03167158	-0.04867065	0.060156655	-0.05624568	0.05705916	-0.057486948	0.05599123	-0.048823547	0.046030477	-0.061538987	0.06714253	-0.06934742	0.07392947	-0.105962165	0.080511615	-0.10361737	0.10162473	-0.11073497	0.16685128	-0.15477167	0.14605874	-0.12463437	0.09203339	-0.1952776	0.2424526	-0.6079183	0.15036203	-0.10524293	0.253334	-0.65716904	0.9999973	-0.2028273	0.1303582
-0.03726901	0.018331075	-0.017112346	0.055939153	-0.033416457	0.02449095	-0.04369716	0.035922766	-0.037736516	0.032593712	-0.04102163	0.030260697	-0.028678518	0.044935003	-0.056587692	0.04805855	-0.050595276	0.05208189	-0.05205565	0.046445798	-0.039278463	0.053756148	-0.061429497	0.06712053	-0.07177439	0.0865492	-0.06668157	0.089312896	-0.107171476	0.15711428	-0.101249464	0.08789797	-0.12095639	0.13442533	-0.15656586	0.08155217	-0.10220776	0.16001143	-0.6031066	0.3147836	-0.11243539	0.14003721	-0.2028273	0.99999726	-0.67063636
0.036518063	-0.018222678	0.016991105	-0.05627513	0.033238143	-0.024059255	0.043091718	-0.035787273	0.037568055	-0.032555763	0.040203847	-0.030361384	0.028684404	-0.045319285	0.055491336	-0.048955686	0.05070629	-0.052765153	0.052132335	-0.046736088	0.039740223	-0.054437786	0.06196874	-0.0691774	0.071488865	-0.08833484	0.06677827	-0.09240277	0.11070513	-0.20523892	0.0901342	-0.08134971	0.11855151	-0.15245676	0.18761764	-0.06950075	0.08483479	-0.1342852	0.33044848	-0.59873617	0.09072218	-0.117640674	0.1303582	-0.67063636	0.99999726
