1.0000001	-0.8294335	0.051303875	-0.038071055	0.06511056	-0.37483782	0.2392193	-0.09355656	0.06874142	-0.06457231	0.23280083	-0.15800983	0.12876421	-0.105745375	0.09022291	-0.113832444	0.09999211	-0.09733708	0.09248163	-0.12813804	0.09408726	-0.072078794	0.08607105	-0.06391177	0.08082782	-0.059205674	0.06112638	-0.062035646	0.04835299	-0.05389717	0.046462607	-0.06617786	0.051343884	-0.042332835	0.049805816	-0.048959322	0.045574732	-0.03872564	0.04119114	-0.02769136	0.041610047	-0.033877954	0.036565494	-0.043862347	0.032770716
-0.8294335	1.0000001	-0.050738424	0.037361305	-0.06369481	0.24173273	-0.37144008	0.09087809	-0.06853397	0.06253501	-0.25508216	0.16497071	-0.14519511	0.102932654	-0.08837246	0.10952138	-0.10235348	0.09565908	-0.092181005	0.11892883	-0.09466598	0.06932991	-0.08424282	0.06248093	-0.07923998	0.0567774	-0.05931119	0.059513498	-0.04655647	0.051567957	-0.045047477	0.06294485	-0.049325157	0.040558342	-0.04792148	0.04669547	-0.043748293	0.03703022	-0.03950895	0.0264374	-0.03998913	0.03239062	-0.03493622	0.04161742	-0.03137762
0.051303875	-0.050738424	0.99999994	-0.83419627	0.283162	-0.053368885	0.10290899	-0.19043703	0.15051396	-0.27659306	0.064281926	-0.07892889	0.10511179	-0.15008423	0.18216991	-0.07424531	0.08468338	-0.08994103	0.11167031	-0.23216136	0.07622144	-0.067657955	0.09713818	-0.075836495	0.099112734	-0.05409967	0.060120303	-0.0649536	0.051732514	-0.057830736	0.04396387	-0.06636757	0.05387172	-0.04463657	0.053648565	-0.047807217	0.04593197	-0.040140253	0.04328263	-0.029325001	0.042523537	-0.034488272	0.03807604	-0.045530807	0.035085082
-0.038071055	0.037361305	-0.83419627	1.0	-0.44037896	0.03919039	-0.077131756	0.14161241	-0.13400467	0.2192039	-0.04739508	0.05879422	-0.07972798	0.11458977	-0.15414894	0.05399112	-0.06251863	0.066242404	-0.08425946	0.15806915	-0.055346105	0.048717473	-0.07065739	0.055602837	-0.07252136	0.038774546	-0.04327007	0.046647582	-0.03715509	0.041437957	-0.03153762	0.04737922	-0.038548645	0.03193652	-0.03843248	0.034129992	-0.032815993	0.028636634	-0.030894455	0.020872617	-0.030349731	0.02459024	-0.027113887	0.032336175	-0.024980117
0.06511056	-0.06369481	0.283162	-0.44037896	0.99999994	-0.069025755	0.13411118	-0.2511219	0.2062668	-0.65812886	0.08326985	-0.10414107	0.13925223	-0.20808609	0.2762906	-0.097177215	0.111338	-0.11925406	0.14909804	-0.30897418	0.099404365	-0.08831357	0.12699878	-0.100237265	0.13016565	-0.07041578	0.078340374	-0.08473758	0.06739686	-0.07538646	0.05718084	-0.08632071	0.07003036	-0.058066595	0.06977022	-0.06213169	0.05966793	-0.05212976	0.056192152	-0.038038265	0.055190757	-0.044774376	0.04939766	-0.05905129	0.045487765
-0.37483782	0.24173273	-0.053368885	0.03919039	-0.069025755	1.0	-0.27566746	0.09400079	-0.072172835	0.0672163	-0.80404097	0.16145033	-0.14940788	0.1109375	-0.09693874	0.17251015	-0.13815029	0.115331836	-0.10782599	0.1312914	-0.14181994	0.089239925	-0.10254131	0.07388091	-0.09361942	0.07373011	-0.075936906	0.07280057	-0.05686795	0.062300876	-0.058641285	0.077330105	-0.06061069	0.049496576	-0.058443014	0.058301494	-0.054559153	0.045414817	-0.048472848	0.032141317	-0.049725045	0.039986394	-0.0427575	0.050426085	-0.038207028
0.2392193	-0.37144008	0.10290899	-0.077131756	0.13411118	-0.27566746	0.99999976	-0.22585863	0.15519884	-0.1367632	0.22812572	-0.5773563	0.29719952	-0.23743962	0.1862212	-0.1858506	0.1873622	-0.19941142	0.18689607	-0.26257122	0.15806329	-0.1330382	0.16422029	-0.126456	0.15762365	-0.10804211	0.11283968	-0.118022755	0.09180691	-0.10324275	0.08458655	-0.12506388	0.09683887	-0.08030353	0.09440659	-0.09139824	0.08509051	-0.07308516	0.07765736	-0.05249762	0.077722356	-0.063635804	0.069037616	-0.08341602	0.06200002
-0.09355656	0.09087809	-0.19043703	0.14161241	-0.2511219	0.09400079	-0.22585863	0.9999997	-0.7697342	0.23858342	-0.114078365	0.15530564	-0.23015428	0.2896539	-0.28421673	0.118708715	-0.14812495	0.15444008	-0.22222	0.21935907	-0.119113036	0.10047862	-0.1515696	0.12476192	-0.1605489	0.07828166	-0.08866167	0.09453999	-0.07509196	0.08299265	-0.0636787	0.09347915	-0.076428175	0.0633741	-0.076480515	0.067365214	-0.06476391	0.0560706	-0.060496833	0.04034614	-0.059492767	0.048071288	-0.052602816	0.06212576	-0.048226662
0.06874142	-0.06853397	0.15051396	-0.13400467	0.2062668	-0.072172835	0.15519884	-0.7697342	0.99999964	-0.30315438	0.08574739	-0.12616551	0.17685807	-0.4394973	0.23850837	-0.09665434	0.11790574	-0.13385358	0.187804	-0.19455646	0.09454911	-0.081925504	0.1205436	-0.10546237	0.12711135	-0.06367776	0.071518995	-0.07716193	0.060699217	-0.06774935	0.051386036	-0.07643561	0.061768215	-0.051426433	0.061665278	-0.05488657	0.05246421	-0.04551065	0.04891923	-0.032741964	0.04809483	-0.039040282	0.042694774	-0.0507535	0.03899123
-0.06457231	0.06253501	-0.27659306	0.2192039	-0.65812886	0.0672163	-0.1367632	0.23858342	-0.30315438	0.9999995	-0.081875466	0.10476092	-0.14712037	0.22254637	-0.51127964	0.092800714	-0.1104398	0.11738198	-0.15676674	0.2526499	-0.09478205	0.082535006	-0.12196351	0.098020256	-0.126977	0.06507515	-0.073186144	0.07875229	-0.06268693	0.06969257	-0.052983157	0.07904486	-0.06455049	0.053498726	-0.064507656	0.056899637	-0.054769512	0.047691733	-0.051488396	0.03461597	-0.050546493	0.04089809	-0.044994403	0.053424794	-0.041439053
0.23280083	-0.25508216	0.064281926	-0.04739508	0.08326985	-0.80404097	0.22812572	-0.114078365	0.08574739	-0.081875466	0.9999997	-0.19284165	0.16058782	-0.13509853	0.116721414	-0.2706676	0.16206942	-0.14397186	0.12780952	-0.16729648	0.16642249	-0.11243172	0.123013556	-0.08926827	0.1120539	-0.09301613	0.092831254	-0.090277575	0.06985695	-0.077249184	0.071724296	-0.09710921	0.0746088	-0.061206203	0.071680404	-0.07307439	0.06735785	-0.056274988	0.05969779	-0.03980108	0.061122105	-0.049593527	0.052932225	-0.06305268	0.04705779
-0.15800983	0.16497071	-0.07892889	0.05879422	-0.10414107	0.16145033	-0.5773563	0.15530564	-0.12616551	0.10476092	-0.19284165	0.9999998	-0.6708558	0.20511924	-0.15314202	0.14887014	-0.2023829	0.18630986	-0.16970086	0.18401507	-0.12907667	0.10170123	-0.1307466	0.10359749	-0.12756233	0.08086519	-0.08659843	0.08918067	-0.069445185	0.07731907	-0.06404415	0.09202375	-0.07230531	0.05984808	-0.07080369	0.06730918	-0.06318766	0.053937986	-0.057540026	0.038501084	-0.057627104	0.04686366	-0.050693702	0.06052695	-0.045615368
0.12876421	-0.14519511	0.10511179	-0.07972798	0.13925223	-0.14940788	0.29719952	-0.23015428	0.17685807	-0.14712037	0.16058782	-0.6708558	0.9999998	-0.37534755	0.20478933	-0.17710496	0.21165557	-0.28699115	0.22825325	-0.25909284	0.15318885	-0.13017078	0.16841686	-0.13955034	0.16571641	-0.10326454	0.1103015	-0.116631925	0.09034015	-0.101627536	0.081230566	-0.12025936	0.09382703	-0.07806761	0.092031986	-0.08726885	0.08164991	-0.07023496	0.07473729	-0.050299596	0.07443875	-0.060884506	0.06604857	-0.07947992	0.059418112
-0.105745375	0.102932654	-0.15008423	0.11458977	-0.20808609	0.1109375	-0.23743962	0.2896539	-0.4394973	0.22254637	-0.13509853	0.20511924	-0.37534755	0.9999999	-0.41460946	0.15621297	-0.20690422	0.23492913	-0.4754745	0.2772049	-0.15238483	0.13089143	-0.20269744	0.18881589	-0.22308283	0.09990823	-0.113818385	0.12323363	-0.096625336	0.10761183	-0.080625765	0.119355574	-0.09666252	0.08073784	-0.096904844	0.08538847	-0.08164389	0.07071777	-0.0759706	0.05056363	-0.07453635	0.06051572	-0.06599562	0.07823939	-0.060104944
0.09022291	-0.08837246	0.18216991	-0.15414894	0.2762906	-0.09693874	0.1862212	-0.28421673	0.23850837	-0.51127964	0.116721414	-0.15314202	0.20478933	-0.41460946	0.9999996	-0.13986136	0.16156965	-0.18013312	0.2289242	-0.52052236	0.14099117	-0.12589903	0.1816833	-0.15018138	0.18942514	-0.0994028	0.11097504	-0.12064705	0.09547891	-0.10709232	0.08050652	-0.121616945	0.09850349	-0.08188219	0.09829603	-0.08729576	0.08371987	-0.07309095	0.07870993	-0.053133048	0.07721785	-0.06269839	0.0690196	-0.08240821	0.063450746
-0.113832444	0.10952138	-0.07424531	0.05399112	-0.097177215	0.17251015	-0.1858506	0.118708715	-0.09665434	0.092800714	-0.2706676	0.14887014	-0.17710496	0.15621297	-0.13986136	0.99999946	-0.5113964	0.24679428	-0.20138526	0.1893451	-0.6286977	0.21299641	-0.20233549	0.1364152	-0.1689757	0.17789926	-0.17634955	0.14478493	-0.1118377	0.11846519	-0.14168435	0.15422966	-0.12039196	0.09646499	-0.11336502	0.121778406	-0.11333024	0.08943833	-0.09537925	0.061402917	-0.10175194	0.08024057	-0.08345899	0.09559419	-0.07316504
0.09999211	-0.10235348	0.08468338	-0.06251863	0.111338	-0.13815029	0.1873622	-0.14812495	0.11790574	-0.1104398	0.16206942	-0.2023829	0.21165557	-0.20690422	0.16156965	-0.5113964	0.9999992	-0.6333811	0.2550277	-0.23282467	0.25558686	-0.19438721	0.19728392	-0.16059417	0.17836617	-0.1445049	0.14792769	-0.14373083	0.107720144	-0.11988773	0.10836872	-0.14924859	0.1123299	-0.09299196	0.10773498	-0.11045792	0.10062361	-0.083805844	0.088303566	-0.058313288	0.09000228	-0.07356962	0.07778623	-0.09259923	0.068439014
-0.09733708	0.09565908	-0.08994103	0.066242404	-0.11925406	0.115331836	-0.19941142	0.15444008	-0.13385358	0.11738198	-0.14397186	0.18630986	-0.28699115	0.23492913	-0.18013312	0.24679428	-0.6333811	0.9999988	-0.50722975	0.2247911	-0.22385369	0.16096134	-0.23376988	0.19835486	-0.22101745	0.12100166	-0.13601002	0.13797542	-0.10573244	0.116128914	-0.09701547	0.13353558	-0.10634052	0.08819123	-0.104601	0.09726531	-0.09204086	0.07768641	-0.08302247	0.05453288	-0.08318877	0.06720753	-0.07206837	0.08471889	-0.06458464
0.09248163	-0.092181005	0.11167031	-0.08425946	0.14909804	-0.10782599	0.18689607	-0.22222	0.187804	-0.15676674	0.12780952	-0.16970086	0.22825325	-0.4754745	0.2289242	-0.20138526	0.2550277	-0.50722975	0.9999986	-0.32003388	0.1769661	-0.16628703	0.24809268	-0.40645447	0.27130914	-0.12127302	0.13773105	-0.15744288	0.117805794	-0.13557625	0.09543022	-0.14639968	0.114861764	-0.09778372	0.11498743	-0.102763906	0.09670242	-0.08407892	0.08924377	-0.0594453	0.087139145	-0.0717188	0.07767226	-0.09325213	0.06970319
-0.12813804	0.11892883	-0.23216136	0.15806915	-0.30897418	0.1312914	-0.26257122	0.21935907	-0.19455646	0.2526499	-0.16729648	0.18401507	-0.25909284	0.2772049	-0.52052236	0.1893451	-0.23282467	0.2247911	-0.32003388	0.99999887	-0.21175706	0.17942029	-0.29769158	0.22252212	-0.34156314	0.14026311	-0.16503778	0.17542627	-0.14466459	0.15634027	-0.117939875	0.17117296	-0.14838564	0.12145076	-0.15117742	0.12387034	-0.12288218	0.10724737	-0.118106596	0.078503706	-0.11468792	0.09104033	-0.100981824	0.11618161	-0.09596754
0.09408726	-0.09466598	0.07622144	-0.055346105	0.099404365	-0.14181994	0.15806329	-0.119113036	0.09454911	-0.09478205	0.16642249	-0.12907667	0.15318885	-0.15238483	0.14099117	-0.6286977	0.25558686	-0.22385369	0.1769661	-0.21175706	0.9999986	-0.40051702	0.21984942	-0.14212735	0.17260592	-0.33335882	0.23673198	-0.1894639	0.13813911	-0.14849514	0.19429426	-0.21413413	0.1511502	-0.12201642	0.13781442	-0.17472158	0.14828499	-0.11484186	0.11901562	-0.07671344	0.12904657	-0.10475227	0.10558075	-0.12330092	0.08959331
-0.072078794	0.06932991	-0.067657955	0.048717473	-0.08831357	0.089239925	-0.1330382	0.10047862	-0.081925504	0.082535006	-0.11243172	0.10170123	-0.13017078	0.13089143	-0.12589903	0.21299641	-0.19438721	0.16096134	-0.16628703	0.17942029	-0.40051702	0.9999985	-0.36612207	0.16599631	-0.2036207	0.20294163	-0.6841646	0.257066	-0.18698837	0.17307124	-0.16361196	0.23730113	-0.18499583	0.1434062	-0.16753763	0.15040849	-0.1511693	0.122306235	-0.13101241	0.081188366	-0.12875247	0.10365161	-0.109257944	0.122549504	-0.09623964
0.08607105	-0.08424282	0.09713818	-0.07065739	0.12699878	-0.10254131	0.16422029	-0.1515696	0.1205436	-0.12196351	0.123013556	-0.1307466	0.16841686	-0.20269744	0.1816833	-0.20233549	0.19728392	-0.23376988	0.24809268	-0.29769158	0.21984942	-0.36612207	0.99999833	-0.47724783	0.30616856	-0.1791227	0.25639322	-0.4164723	0.22436614	-0.25199676	0.14010204	-0.24896531	0.19229272	-0.1715707	0.19072388	-0.15641692	0.14897731	-0.13396525	0.13989046	-0.09173073	0.12976499	-0.10975231	0.118615024	-0.14396508	0.10478699
-0.06391177	0.06248093	-0.075836495	0.055602837	-0.100237265	0.07388091	-0.126456	0.12476192	-0.10546237	0.098020256	-0.08926827	0.10359749	-0.13955034	0.18881589	-0.15018138	0.1364152	-0.16059417	0.19835486	-0.40645447	0.22252212	-0.14212735	0.16599631	-0.47724783	0.9999983	-0.69054073	0.10538922	-0.1389981	0.17886987	-0.13411656	0.15270261	-0.08414902	0.13910316	-0.11341035	0.09997099	-0.11958195	0.09210005	-0.08847955	0.079225846	-0.08423303	0.055134375	-0.07846753	0.06527842	-0.07117021	0.08529796	-0.06398864
0.08082782	-0.07923998	0.099112734	-0.07252136	0.13016565	-0.09361942	0.15762365	-0.1605489	0.12711135	-0.126977	0.1120539	-0.12756233	0.16571641	-0.22308283	0.18942514	-0.1689757	0.17836617	-0.22101745	0.27130914	-0.34156314	0.17260592	-0.2036207	0.30616856	-0.69054073	0.9999982	-0.13800596	0.16866286	-0.22494112	0.16819102	-0.23349594	0.10921913	-0.18703431	0.14785525	-0.13381301	0.15911141	-0.123133495	0.11707006	-0.10580206	0.11150887	-0.07420929	0.10399388	-0.08735424	0.09540226	-0.11638141	0.08535505
-0.059205674	0.0567774	-0.05409967	0.038774546	-0.07041578	0.07373011	-0.10804211	0.07828166	-0.06367776	0.06507515	-0.09301613	0.08086519	-0.10326454	0.09990823	-0.0994028	0.17789926	-0.1445049	0.12100166	-0.12127302	0.14026311	-0.33335882	0.20294163	-0.1791227	0.10538922	-0.13800596	0.9999981	-0.25068846	0.1632773	-0.13397957	0.13470426	-0.73873574	0.22402658	-0.1729022	0.1276479	-0.1467807	0.27357012	-0.2427937	0.14380297	-0.15208678	0.09050973	-0.20916285	0.14913157	-0.13753065	0.14300524	-0.109667264
0.06112638	-0.05931119	0.060120303	-0.04327007	0.078340374	-0.075936906	0.11283968	-0.08866167	0.071518995	-0.073186144	0.092831254	-0.08659843	0.1103015	-0.113818385	0.11097504	-0.17634955	0.14792769	-0.13601002	0.13773105	-0.16503778	0.23673198	-0.6841646	0.25639322	-0.1389981	0.16866286	-0.25068846	0.9999978	-0.4110022	0.20866367	-0.19978227	0.17245762	-0.36037463	0.20554683	-0.16363478	0.1766022	-0.16969597	0.16561326	-0.13384879	0.13787855	-0.08500303	0.13338098	-0.11226931	0.11472309	-0.1310804	0.09810542
-0.062035646	0.059513498	-0.0649536	0.046647582	-0.08473758	0.07280057	-0.118022755	0.09453999	-0.07716193	0.07875229	-0.090277575	0.08918067	-0.116631925	0.12323363	-0.12064705	0.14478493	-0.14373083	0.13797542	-0.15744288	0.17542627	-0.1894639	0.257066	-0.4164723	0.17886987	-0.22494112	0.1632773	-0.4110022	0.9999981	-0.58166087	0.28456268	-0.13795057	0.24771729	-0.2820339	0.22861119	-0.26396576	0.1470039	-0.1541019	0.14932705	-0.16424172	0.09670939	-0.13056803	0.10874643	-0.12181662	0.13719712	-0.11276728
0.04835299	-0.04655647	0.051732514	-0.03715509	0.06739686	-0.05686795	0.09180691	-0.07509196	0.060699217	-0.06268693	0.06985695	-0.069445185	0.09034015	-0.096625336	0.09547891	-0.1118377	0.107720144	-0.10573244	0.117805794	-0.14466459	0.13813911	-0.18698837	0.22436614	-0.13411656	0.16819102	-0.13397957	0.20866367	-0.58166087	0.99999803	-0.5936074	0.11022074	-0.23093934	0.23440991	-0.3461768	0.28752396	-0.12956028	0.1323346	-0.14114055	0.15065718	-0.09015587	0.11030785	-0.09600108	0.10781046	-0.12760001	0.09866206
-0.05389717	0.051567957	-0.057830736	0.041437957	-0.07538646	0.062300876	-0.10324275	0.08299265	-0.06774935	0.06969257	-0.077249184	0.07731907	-0.101627536	0.10761183	-0.10709232	0.11846519	-0.11988773	0.116128914	-0.13557625	0.15634027	-0.14849514	0.17307124	-0.25199676	0.15270261	-0.23349594	0.13470426	-0.19978227	0.28456268	-0.5936074	0.99999803	-0.11586422	0.2220698	-0.2628761	0.28381318	-0.5665464	0.13356802	-0.14165026	0.14937355	-0.16961409	0.099193074	-0.12090525	0.10228966	-0.11812104	0.13454975	-0.1137355
0.046462607	-0.045047477	0.04396387	-0.03153762	0.05718084	-0.058641285	0.08458655	-0.0636787	0.051386036	-0.052983157	0.071724296	-0.06404415	0.081230566	-0.080625765	0.08050652	-0.14168435	0.10836872	-0.09701547	0.09543022	-0.117939875	0.19429426	-0.16361196	0.14010204	-0.08414902	0.10921913	-0.73873574	0.17245762	-0.13795057	0.11022074	-0.11586422	0.9999979	-0.24311848	0.15084174	-0.11205924	0.12194655	-0.48821303	0.22958706	-0.13476054	0.13124135	-0.07941273	0.18411517	-0.14653474	0.12302984	-0.13451232	0.092415564
-0.06617786	0.06294485	-0.06636757	0.04737922	-0.08632071	0.077330105	-0.12506388	0.09347915	-0.07643561	0.07904486	-0.09710921	0.09202375	-0.12025936	0.119355574	-0.121616945	0.15422966	-0.14924859	0.13353558	-0.14639968	0.17117296	-0.21413413	0.23730113	-0.24896531	0.13910316	-0.18703431	0.22402658	-0.36037463	0.24771729	-0.23093934	0.2220698	-0.24311848	0.999998	-0.5310779	0.25865456	-0.28958607	0.25059122	-0.3886428	0.24039504	-0.24933752	0.13795093	-0.23113386	0.19411944	-0.1984277	0.20174286	-0.1636462
0.051343884	-0.049325157	0.05387172	-0.038548645	0.07003036	-0.06061069	0.09683887	-0.076428175	0.061768215	-0.06455049	0.0746088	-0.07230531	0.09382703	-0.09666252	0.09850349	-0.12039196	0.1123299	-0.10634052	0.114861764	-0.14838564	0.1511502	-0.18499583	0.19229272	-0.11341035	0.14785525	-0.1729022	0.20554683	-0.2820339	0.23440991	-0.2628761	0.15084174	-0.5310779	0.9999979	-0.55451864	0.283602	-0.19574858	0.21850783	-0.33298528	0.24845862	-0.13784373	0.16201057	-0.1520206	0.17245395	-0.1977045	0.14405097
-0.042332835	0.040558342	-0.04463657	0.03193652	-0.058066595	0.049496576	-0.08030353	0.0633741	-0.051426433	0.053498726	-0.061206203	0.05984808	-0.07806761	0.08073784	-0.08188219	0.09646499	-0.09299196	0.08819123	-0.09778372	0.12145076	-0.12201642	0.1434062	-0.1715707	0.09997099	-0.13381301	0.1276479	-0.16363478	0.22861119	-0.3461768	0.28381318	-0.11205924	0.25865456	-0.55451864	0.999998	-0.5996933	0.14022987	-0.15805684	0.20984097	-0.27417067	0.119502634	-0.12421098	0.11119811	-0.13399889	0.15103215	-0.1267081
0.049805816	-0.04792148	0.053648565	-0.03843248	0.06977022	-0.058443014	0.09440659	-0.076480515	0.061665278	-0.064507656	0.071680404	-0.07080369	0.092031986	-0.096904844	0.09829603	-0.11336502	0.10773498	-0.104601	0.11498743	-0.15117742	0.13781442	-0.16753763	0.19072388	-0.11958195	0.15911141	-0.1467807	0.1766022	-0.26396576	0.28752396	-0.5665464	0.12194655	-0.28958607	0.283602	-0.5996933	0.9999977	-0.154448	0.15725946	-0.18364261	0.19041345	-0.118150674	0.12894914	-0.11641959	0.13180995	-0.16206011	0.12088101
-0.048959322	0.04669547	-0.047807217	0.034129992	-0.06213169	0.058301494	-0.09139824	0.067365214	-0.05488657	0.056899637	-0.07307439	0.06730918	-0.08726885	0.08538847	-0.08729576	0.121778406	-0.11045792	0.09726531	-0.102763906	0.12387034	-0.17472158	0.15040849	-0.15641692	0.09210005	-0.123133495	0.27357012	-0.16969597	0.1470039	-0.12956028	0.13356802	-0.48821303	0.25059122	-0.19574858	0.14022987	-0.154448	0.9999977	-0.57945585	0.20655732	-0.20573659	0.11328826	-0.39532274	0.25740072	-0.1982652	0.19432606	-0.135309
0.045574732	-0.043748293	0.04593197	-0.032815993	0.05966793	-0.054559153	0.08509051	-0.06476391	0.05246421	-0.054769512	0.06735785	-0.06318766	0.08164991	-0.08164389	0.08371987	-0.11333024	0.10062361	-0.09204086	0.09670242	-0.12288218	0.14828499	-0.1511693	0.14897731	-0.08847955	0.11707006	-0.2427937	0.16561326	-0.1541019	0.1323346	-0.14165026	0.22958706	-0.3886428	0.21850783	-0.15805684	0.15725946	-0.57945585	0.9999974	-0.34836337	0.22920455	-0.12963209	0.29604492	-0.42836976	0.22786286	-0.23883209	0.14059627
-0.03872564	0.03703022	-0.040140253	0.028636634	-0.05212976	0.045414817	-0.07308516	0.0560706	-0.04551065	0.047691733	-0.056274988	0.053937986	-0.07023496	0.07071777	-0.07309095	0.08943833	-0.083805844	0.07768641	-0.08407892	0.10724737	-0.11484186	0.122306235	-0.13396525	0.079225846	-0.10580206	0.14380297	-0.13384879	0.14932705	-0.14114055	0.14937355	-0.13476054	0.24039504	-0.33298528	0.20984097	-0.18364261	0.20655732	-0.34836337	0.9999971	-0.6906718	0.20036776	-0.19799411	0.19738352	-0.3504078	0.2605192	-0.2240793
0.04119114	-0.03950895	0.04328263	-0.030894455	0.056192152	-0.048472848	0.07765736	-0.060496833	0.04891923	-0.051488396	0.05969779	-0.057540026	0.07473729	-0.0759706	0.07870993	-0.09537925	0.088303566	-0.08302247	0.08924377	-0.118106596	0.11901562	-0.13101241	0.13989046	-0.08423303	0.11150887	-0.15208678	0.13787855	-0.16424172	0.15065718	-0.16961409	0.13124135	-0.24933752	0.24845862	-0.27417067	0.19041345	-0.20573659	0.22920455	-0.6906718	0.999997	-0.35980693	0.1742222	-0.17723691	0.23603718	-0.30112967	0.24724089
-0.02769136	0.0264374	-0.029325001	0.020872617	-0.038038265	0.032141317	-0.05249762	0.04034614	-0.032741964	0.03461597	-0.03980108	0.038501084	-0.050299596	0.05056363	-0.053133048	0.061402917	-0.058313288	0.05453288	-0.0594453	0.078503706	-0.07671344	0.081188366	-0.09173073	0.055134375	-0.07420929	0.09050973	-0.08500303	0.09670939	-0.09015587	0.099193074	-0.07941273	0.13795093	-0.13784373	0.119502634	-0.118150674	0.11328826	-0.12963209	0.20036776	-0.35980693	0.9999969	-0.114138134	0.102578	-0.15237491	0.18101588	-0.86797065
0.041610047	-0.03998913	0.042523537	-0.030349731	0.055190757	-0.049725045	0.077722356	-0.059492767	0.04809483	-0.050546493	0.061122105	-0.057627104	0.07443875	-0.07453635	0.07721785	-0.10175194	0.09000228	-0.08318877	0.087139145	-0.11468792	0.12904657	-0.12875247	0.12976499	-0.07846753	0.10399388	-0.20916285	0.13338098	-0.13056803	0.11030785	-0.12090525	0.18411517	-0.23113386	0.16201057	-0.12421098	0.12894914	-0.39532274	0.29604492	-0.19799411	0.1742222	-0.114138134	0.99999714	-0.72608066	0.26200435	-0.32558617	0.12547173
-0.033877954	0.03239062	-0.034488272	0.02459024	-0.044774376	0.039986394	-0.063635804	0.048071288	-0.039040282	0.04089809	-0.049593527	0.04686366	-0.060884506	0.06051572	-0.06269839	0.08024057	-0.07356962	0.06720753	-0.0717188	0.09104033	-0.10475227	0.10365161	-0.10975231	0.06527842	-0.08735424	0.14913157	-0.11226931	0.10874643	-0.09600108	0.10228966	-0.14653474	0.19411944	-0.1520206	0.11119811	-0.11641959	0.25740072	-0.42836976	0.19738352	-0.17723691	0.102578	-0.72608066	0.99999744	-0.3925629	0.26110992	-0.11749609
0.036565494	-0.03493622	0.03807604	-0.027113887	0.04939766	-0.0427575	0.069037616	-0.052602816	0.042694774	-0.044994403	0.052932225	-0.050693702	0.06604857	-0.06599562	0.0690196	-0.08345899	0.07778623	-0.07206837	0.07767226	-0.100981824	0.10558075	-0.109257944	0.118615024	-0.07117021	0.09540226	-0.13753065	0.11472309	-0.12181662	0.10781046	-0.11812104	0.12302984	-0.1984277	0.17245395	-0.13399889	0.13180995	-0.1982652	0.22786286	-0.3504078	0.23603718	-0.15237491	0.26200435	-0.3925629	0.9999973	-0.74906504	0.16485807
-0.043862347	0.04161742	-0.045530807	0.032336175	-0.05905129	0.050426085	-0.08341602	0.06212576	-0.0507535	0.053424794	-0.06305268	0.06052695	-0.07947992	0.07823939	-0.08240821	0.09559419	-0.09259923	0.08471889	-0.09325213	0.11618161	-0.12330092	0.122549504	-0.14396508	0.08529796	-0.11638141	0.14300524	-0.1310804	0.13719712	-0.12760001	0.13454975	-0.13451232	0.20174286	-0.1977045	0.15103215	-0.16206011	0.19432606	-0.23883209	0.2605192	-0.30112967	0.18101588	-0.32558617	0.26110992	-0.74906504	0.9999973	-0.24933316
0.032770716	-0.03137762	0.035085082	-0.024980117	0.045487765	-0.038207028	0.06200002	-0.048226662	0.03899123	-0.041439053	0.04705779	-0.045615368	0.059418112	-0.060104944	0.063450746	-0.07316504	0.068439014	-0.06458464	0.06970319	-0.09596754	0.08959331	-0.09623964	0.10478699	-0.06398864	0.08535505	-0.109667264	0.09810542	-0.11276728	0.09866206	-0.1137355	0.092415564	-0.1636462	0.14405097	-0.1267081	0.12088101	-0.135309	0.14059627	-0.2240793	0.24724089	-0.86797065	0.12547173	-0.11749609	0.16485807	-0.24933316	0.9999973
