1.0000001	-0.71210647	0.16008155	-0.088498905	0.08441483	-0.5830049	0.31730747	-0.14407441	0.083078995	-0.0828118	0.15222518	-0.15433925	0.111460105	-0.10069664	0.07688374	-0.10207271	0.10603822	-0.10224977	0.08217092	-0.0707612	0.048748206	-0.042196017	0.06292704	-0.056941465	0.05786214	-0.040777847	0.043285936	-0.05123401	0.049652774	-0.06912861	0.037780453	-0.04878195	0.04756984	-0.042575564	0.039069388	-0.023054428	0.030238368	-0.03576068	0.0357117	-0.03928935	0.030931812	-0.024965547	0.029934313	-0.04252767	0.04903713
-0.71210647	1.0000002	-0.24106413	0.09447525	-0.09208585	0.32097962	-0.54233426	0.16870858	-0.09283207	0.08856052	-0.15899497	0.16398886	-0.12576738	0.10676316	-0.08306185	0.10047787	-0.116991736	0.10761379	-0.08812739	0.07416532	-0.051102653	0.0440187	-0.06652871	0.059423253	-0.060856547	0.04220458	-0.045153342	0.053337816	-0.052100915	0.07114787	-0.039278775	0.05033926	-0.04948594	0.04391091	-0.040422406	0.02387441	-0.03136158	0.036988847	-0.036895607	0.040429145	-0.032090623	0.025826016	-0.03101982	0.043719757	-0.050706316
0.16008155	-0.24106413	1.0000004	-0.2477609	0.18897529	-0.17206931	0.1948475	-0.79066247	0.23073101	-0.21273677	0.15278299	-0.19205993	0.24385713	-0.23421158	0.16849642	-0.11531468	0.13536322	-0.21130455	0.16207817	-0.1481505	0.08785672	-0.077749595	0.12007745	-0.11056243	0.11541199	-0.0754921	0.08045971	-0.09796919	0.09470721	-0.13857915	0.06982493	-0.090850115	0.08935148	-0.08105671	0.07498379	-0.04312958	0.056569576	-0.06739008	0.06762681	-0.07540839	0.057756685	-0.046850212	0.05612729	-0.08049269	0.09219416
-0.088498905	0.09447525	-0.2477609	1.0000004	-0.64859205	0.096749686	-0.11471977	0.20505692	-0.58235127	0.30581537	-0.1295311	0.13490123	-0.18580507	0.2300704	-0.22183067	0.09178388	-0.114742525	0.16318896	-0.17482862	0.1563948	-0.09293214	0.07763487	-0.11833067	0.108189024	-0.13104959	0.07696015	-0.08306859	0.09653769	-0.09838919	0.14214328	-0.07460284	0.09271666	-0.09794232	0.08661601	-0.08264709	0.047957852	-0.06378938	0.07307576	-0.07447118	0.08129631	-0.065957695	0.05200455	-0.063102156	0.0874468	-0.10807007
0.08441483	-0.09208585	0.18897529	-0.64859205	1.0000005	-0.10071137	0.11140902	-0.18413076	0.31489822	-0.4960263	0.13357261	-0.14836794	0.18867832	-0.27470714	0.2452597	-0.10166161	0.12222234	-0.19483097	0.19429512	-0.20105253	0.11099504	-0.0948081	0.13947412	-0.13374557	0.15915439	-0.09726231	0.10218205	-0.12016557	0.11901352	-0.19659854	0.09287533	-0.119240634	0.122982726	-0.11446526	0.10802905	-0.06146053	0.08119585	-0.09443914	0.09745883	-0.10968536	0.083799444	-0.06716803	0.08080353	-0.11762925	0.14076898
-0.5830049	0.32097962	-0.17206931	0.096749686	-0.10071137	1.0000002	-0.6451537	0.14743453	-0.095013745	0.09329485	-0.27825338	0.21267079	-0.14214836	0.11747191	-0.09222061	0.14520638	-0.15944403	0.124325275	-0.10161833	0.083472855	-0.060484756	0.051750503	-0.077419154	0.06850548	-0.06917424	0.049180027	-0.05265466	0.061709926	-0.060284954	0.08040463	-0.045705307	0.05839645	-0.057147454	0.050359312	-0.046227064	0.027532235	-0.036159694	0.042588137	-0.042345513	0.04616848	-0.037003335	0.029735517	-0.035727922	0.05009659	-0.058167547
0.31730747	-0.54233426	0.1948475	-0.11471977	0.11140902	-0.6451537	1.0000002	-0.20492385	0.11118334	-0.10977087	0.21626244	-0.3068576	0.16551024	-0.14026527	0.10476628	-0.14791675	0.16004536	-0.14497338	0.11280517	-0.09583419	0.06589421	-0.057316754	0.086135566	-0.07732003	0.07772819	-0.054779597	0.05835139	-0.06935949	0.06712235	-0.092193104	0.050566196	-0.06532854	0.06348358	-0.056623887	0.05190301	-0.030624181	0.04014494	-0.047591805	0.047395173	-0.052101	0.041020148	-0.033139296	0.039727423	-0.056320056	0.064734116
-0.14407441	0.16870858	-0.79066247	0.20505692	-0.18413076	0.14743453	-0.20492385	1.0	-0.30279008	0.19247192	-0.15147805	0.18003452	-0.3420791	0.21583772	-0.16564387	0.10689033	-0.13315865	0.19171818	-0.1565891	0.13200793	-0.07993742	0.069768466	-0.11204339	0.09862249	-0.104813285	0.06642318	-0.07205636	0.08699716	-0.08584068	0.11843119	-0.06196484	0.07930764	-0.07927342	0.0703053	-0.06541157	0.037836023	-0.049793247	0.058928624	-0.058919568	0.06493327	-0.05087116	0.040984917	-0.049296893	0.06937122	-0.0805402
0.083078995	-0.09283207	0.23073101	-0.58235127	0.31489822	-0.095013745	0.11118334	-0.30279008	1.0	-0.5600668	0.12262278	-0.14028765	0.20201242	-0.3504951	0.25295705	-0.08993088	0.11096391	-0.17307478	0.171624	-0.16913837	0.08350569	-0.0719595	0.111782394	-0.10433243	0.12639897	-0.07033585	0.07581629	-0.09083088	0.091603234	-0.1398033	0.06655907	-0.08465372	0.086781085	-0.07834343	0.07462639	-0.041928858	0.055401355	-0.06498459	0.06607451	-0.07375307	0.056820847	-0.045558807	0.054943446	-0.077705905	0.09196474
-0.0828118	0.08856052	-0.21273677	0.30581537	-0.4960263	0.09329485	-0.10977087	0.19247192	-0.5600668	0.9999997	-0.13078335	0.13911621	-0.19982216	0.28172976	-0.48170727	0.093964204	-0.11809262	0.1781993	-0.2092064	0.2095726	-0.095357366	0.080770865	-0.1257706	0.11793881	-0.16189098	0.07914498	-0.08599681	0.10185648	-0.105565496	0.1607906	-0.07591571	0.095145814	-0.09999798	0.08946569	-0.08689606	0.04821154	-0.06400322	0.07434136	-0.076045774	0.08446767	-0.06579624	0.052357983	-0.06342917	0.08860088	-0.107083224
0.15222518	-0.15899497	0.15278299	-0.1295311	0.13357261	-0.27825338	0.21626244	-0.15147805	0.12262278	-0.13078335	0.99999964	-0.5636899	0.22529688	-0.19112448	0.13679329	-0.5882623	0.32196847	-0.22628488	0.15859517	-0.13388778	0.09976763	-0.087543845	0.12581596	-0.11280447	0.10699322	-0.081251435	0.08545323	-0.10162688	0.09615187	-0.1297257	0.072895184	-0.09569506	0.08943671	-0.07990287	0.07229594	-0.042961758	0.055994026	-0.06715661	0.06626073	-0.07294415	0.05699049	-0.046393692	0.05538083	-0.078962855	0.08882153
-0.15433925	0.16398886	-0.19205993	0.13490123	-0.14836794	0.21267079	-0.3068576	0.18003452	-0.14028765	0.13911621	-0.5636899	0.99999964	-0.42123032	0.20929798	-0.15851697	0.2901942	-0.47450253	0.24268489	-0.18110925	0.1389046	-0.09996422	0.08716553	-0.13618167	0.11512374	-0.11218184	0.07916678	-0.08624888	0.10255576	-0.09997117	0.12694089	-0.07255263	0.09297374	-0.09001992	0.07839705	-0.07167836	0.0425273	-0.055730846	0.0663523	-0.06534483	0.07117205	-0.056756146	0.04583951	-0.055023618	0.07676663	-0.08780025
0.111460105	-0.12576738	0.24385713	-0.18580507	0.18867832	-0.14214836	0.16551024	-0.3420791	0.20201242	-0.19982216	0.22529688	-0.42123032	0.9999993	-0.4779907	0.23174919	-0.17174521	0.2173995	-0.50726944	0.24679174	-0.20224065	0.1159707	-0.107059345	0.18202408	-0.15612143	0.14794333	-0.09688611	0.106305525	-0.13579129	0.12874232	-0.17014387	0.08793672	-0.11469987	0.11144855	-0.09857556	0.0903416	-0.05206499	0.068129025	-0.082454346	0.081176855	-0.08984648	0.06907417	-0.056341562	0.06746199	-0.09530302	0.107224636
-0.10069664	0.10676316	-0.23421158	0.2300704	-0.27470714	0.11747191	-0.14026527	0.21583772	-0.3504951	0.28172976	-0.19112448	0.20929798	-0.4779907	0.9999991	-0.5571457	0.13186313	-0.17370377	0.26048177	-0.30490002	0.24921986	-0.11568668	0.09977142	-0.16573782	0.14905068	-0.18495177	0.0938539	-0.103828855	0.12563418	-0.13087611	0.18214056	-0.08846253	0.11146813	-0.114481516	0.1008024	-0.09653721	0.053830676	-0.07114239	0.08398932	-0.084535845	0.09358565	-0.07261338	0.05828228	-0.07041302	0.09782436	-0.11475419
0.07688374	-0.08306185	0.16849642	-0.22183067	0.2452597	-0.09222061	0.10476628	-0.16564387	0.25295705	-0.48170727	0.13679329	-0.15851697	0.23174919	-0.5571457	0.999999	-0.103423126	0.12833588	-0.22776912	0.2599719	-0.4611032	0.10299334	-0.09052808	0.14348884	-0.14317453	0.21014093	-0.08759142	0.095083624	-0.11751124	0.12135264	-0.22001381	0.08191744	-0.10534906	0.10812571	-0.10065338	0.09925723	-0.051286414	0.067650616	-0.08090056	0.08332502	-0.09677938	0.06886346	-0.05592234	0.067324005	-0.09665045	0.111153156
-0.10207271	0.10047787	-0.11531468	0.09178388	-0.10166161	0.14520638	-0.14791675	0.10689033	-0.08993088	0.093964204	-0.5882623	0.2901942	-0.17174521	0.13186313	-0.103423126	0.99999917	-0.7078248	0.18109278	-0.13228664	0.09907497	-0.09334003	0.076747775	-0.1054995	0.08829069	-0.08122877	0.06606041	-0.070593454	0.080250606	-0.07683888	0.093735196	-0.058619637	0.075504564	-0.06949447	0.060044374	-0.054047	0.03292872	-0.042901617	0.051193047	-0.04988727	0.053916994	-0.043639496	0.03529018	-0.042229984	0.058771424	-0.06648964
0.10603822	-0.116991736	0.13536322	-0.114742525	0.12222234	-0.15944403	0.16004536	-0.13315865	0.11096391	-0.11809262	0.32196847	-0.47450253	0.2173995	-0.17370377	0.12833588	-0.7078248	0.9999988	-0.28850943	0.16361256	-0.12817259	0.101889394	-0.092933096	0.1319577	-0.113065325	0.1013387	-0.0796293	0.085443035	-0.10167821	0.09526561	-0.12028808	0.07058571	-0.092456296	0.08529572	-0.07490115	0.06729643	-0.040379874	0.05254176	-0.06334542	0.061809298	-0.0675249	0.053331196	-0.043447062	0.051858287	-0.07314697	0.08180563
-0.10224977	0.10761379	-0.21130455	0.16318896	-0.19483097	0.124325275	-0.14497338	0.19171818	-0.17307478	0.1781993	-0.22628488	0.24268489	-0.50726944	0.26048177	-0.22776912	0.18109278	-0.28850943	0.9999986	-0.48949504	0.23174757	-0.16410927	0.15200347	-0.37356487	0.22186205	-0.18043056	0.12605691	-0.14823294	0.19096069	-0.18690085	0.18958928	-0.114322715	0.1459669	-0.14460269	0.119209476	-0.106975526	0.06396727	-0.08387326	0.10211715	-0.097717166	0.104494594	-0.08447998	0.068732776	-0.08266658	0.11246386	-0.12587047
0.08217092	-0.08812739	0.16207817	-0.17482862	0.19429512	-0.10161833	0.11280517	-0.1565891	0.171624	-0.2092064	0.15859517	-0.18110925	0.24679174	-0.30490002	0.2599719	-0.13228664	0.16361256	-0.48949504	0.9999987	-0.5459011	0.1468442	-0.13709378	0.23442636	-0.30663273	0.25424942	-0.12650701	0.14000623	-0.18812956	0.20016603	-0.2930673	0.11433605	-0.15074427	0.14886396	-0.1371587	0.13018262	-0.06834869	0.08945161	-0.110307455	0.110610455	-0.12789786	0.090086356	-0.074376605	0.088977866	-0.12782805	0.14063777
-0.0707612	0.07416532	-0.1481505	0.1563948	-0.20105253	0.083472855	-0.09583419	0.13200793	-0.16913837	0.2095726	-0.13388778	0.1389046	-0.20224065	0.24921986	-0.4611032	0.09907497	-0.12817259	0.23174757	-0.5459011	0.9999987	-0.11504206	0.09999395	-0.16696446	0.17737837	-0.5000371	0.0949048	-0.10625	0.13244398	-0.15168025	0.27618578	-0.089794606	0.11334786	-0.12149647	0.11245322	-0.1192456	0.055990435	-0.074363604	0.08889044	-0.09318467	0.10912762	-0.075427145	0.06107158	-0.07405356	0.10458621	-0.12214098
0.048748206	-0.051102653	0.08785672	-0.09293214	0.11099504	-0.060484756	0.06589421	-0.07993742	0.08350569	-0.095357366	0.09976763	-0.09996422	0.1159707	-0.11568668	0.10299334	-0.09334003	0.101889394	-0.16410927	0.1468442	-0.11504206	0.99999857	-0.70738584	0.24732792	-0.20304896	0.11285596	-0.4037105	0.30751833	-0.23564707	0.17921194	-0.14003915	0.23698653	-0.33358964	0.17361273	-0.13861082	0.10573543	-0.086914055	0.10478976	-0.12800658	0.11030608	-0.10890339	0.10522819	-0.085963875	0.09883193	-0.13253552	0.13294774
-0.042196017	0.0440187	-0.077749595	0.07763487	-0.0948081	0.051750503	-0.057316754	0.069768466	-0.0719595	0.080770865	-0.087543845	0.08716553	-0.107059345	0.09977142	-0.09052808	0.076747775	-0.092933096	0.15200347	-0.13709378	0.09999395	-0.70738584	0.99999875	-0.36074474	0.18996184	-0.09880776	0.25388914	-0.47814104	0.23406316	-0.18498628	0.11698287	-0.20018181	0.24459736	-0.15479694	0.11289918	-0.087404914	0.070493296	-0.086804226	0.1055858	-0.09031774	0.087682314	-0.08691274	0.06991264	-0.08178819	0.10450504	-0.1072203
0.06292704	-0.06652871	0.12007745	-0.11833067	0.13947412	-0.077419154	0.086135566	-0.11204339	0.111782394	-0.1257706	0.12581596	-0.13618167	0.18202408	-0.16573782	0.14348884	-0.1054995	0.1319577	-0.37356487	0.23442636	-0.16696446	0.24732792	-0.36074474	0.9999988	-0.49901578	0.15560743	-0.20574507	0.2535167	-0.49244213	0.30208996	-0.18363535	0.16614158	-0.23134607	0.20194164	-0.15745519	0.120727085	-0.08273334	0.10572207	-0.14148507	0.12064149	-0.121342145	0.10378019	-0.08804246	0.103675775	-0.13984701	0.14082782
-0.056941465	0.059423253	-0.11056243	0.108189024	-0.13374557	0.06850548	-0.07732003	0.09862249	-0.10433243	0.11793881	-0.11280447	0.11512374	-0.15612143	0.14905068	-0.14317453	0.08829069	-0.113065325	0.22186205	-0.30663273	0.17737837	-0.20304896	0.18996184	-0.49901578	0.99999875	-0.196398	0.15505901	-0.2036783	0.30142874	-0.664241	0.19349775	-0.13893819	0.17672005	-0.18216453	0.13929069	-0.11604375	0.072115846	-0.09439362	0.120187886	-0.109677546	0.110839225	-0.09314676	0.077117875	-0.09280447	0.121595845	-0.12897152
0.05786214	-0.060856547	0.11541199	-0.13104959	0.15915439	-0.06917424	0.07772819	-0.104813285	0.12639897	-0.16189098	0.10699322	-0.11218184	0.14794333	-0.18495177	0.21014093	-0.08122877	0.1013387	-0.18043056	0.25424942	-0.5000371	0.11285596	-0.09880776	0.15560743	-0.196398	0.99999875	-0.09749443	0.10740941	-0.1373522	0.16062075	-0.7146897	0.092653304	-0.11881426	0.13392961	-0.14456694	0.17062302	-0.061765123	0.08223916	-0.1009528	0.11471413	-0.15637219	0.08278829	-0.068541355	0.08302976	-0.12537648	0.14076349
-0.040777847	0.04220458	-0.0754921	0.07696015	-0.09726231	0.049180027	-0.054779597	0.06642318	-0.07033585	0.07914498	-0.081251435	0.07916678	-0.09688611	0.0938539	-0.08759142	0.06606041	-0.0796293	0.12605691	-0.12650701	0.0949048	-0.4037105	0.25388914	-0.20574507	0.15505901	-0.09749443	0.99999857	-0.46568143	0.20614286	-0.17326996	0.11578326	-0.66013736	0.32319912	-0.17541644	0.12396051	-0.096143894	0.107391655	-0.11709424	0.123650156	-0.10276002	0.09631088	-0.12356522	0.08901985	-0.1006371	0.11852913	-0.1226469
0.043285936	-0.045153342	0.08045971	-0.08306859	0.10218205	-0.05265466	0.05835139	-0.07205636	0.07581629	-0.08599681	0.08545323	-0.08624888	0.106305525	-0.103828855	0.095083624	-0.070593454	0.085443035	-0.14823294	0.14000623	-0.10625	0.30751833	-0.47814104	0.2535167	-0.2036783	0.10740941	-0.46568143	0.9999984	-0.40768236	0.21367416	-0.13103259	0.27932042	-0.4833933	0.19734459	-0.14007235	0.10341993	-0.08956681	0.108196124	-0.13436247	0.10955674	-0.10442595	0.1072482	-0.0868388	0.10039951	-0.12654342	0.12638888
-0.05123401	0.053337816	-0.09796919	0.09653769	-0.12016557	0.061709926	-0.06935949	0.08699716	-0.09083088	0.10185648	-0.10162688	0.10255576	-0.13579129	0.12563418	-0.11751124	0.080250606	-0.10167821	0.19096069	-0.18812956	0.13244398	-0.23564707	0.23406316	-0.49244213	0.30142874	-0.1373522	0.20614286	-0.40768236	0.9999982	-0.54487973	0.16123195	-0.18065757	0.23578185	-0.32804036	0.17092168	-0.12375943	0.0884874	-0.1168956	0.16253015	-0.12944998	0.1203667	-0.111275084	0.09480238	-0.11493461	0.14082001	-0.1402571
0.049652774	-0.052100915	0.09470721	-0.09838919	0.11901352	-0.060284954	0.06712235	-0.08584068	0.091603234	-0.105565496	0.09615187	-0.09997117	0.12874232	-0.13087611	0.12135264	-0.07683888	0.09526561	-0.18690085	0.20016603	-0.15168025	0.17921194	-0.18498628	0.30208996	-0.664241	0.16062075	-0.17326996	0.21367416	-0.54487973	0.99999815	-0.2101174	0.1441827	-0.20307055	0.19882993	-0.16462107	0.12216289	-0.07702662	0.099585146	-0.13729776	0.119017385	-0.11932888	0.09683927	-0.0832543	0.09855045	-0.13343462	0.13268125
-0.06912861	0.07114787	-0.13857915	0.14214328	-0.19659854	0.08040463	-0.092193104	0.11843119	-0.1398033	0.1607906	-0.1297257	0.12694089	-0.17014387	0.18214056	-0.22001381	0.093735196	-0.12028808	0.18958928	-0.2930673	0.27618578	-0.14003915	0.11698287	-0.18363535	0.19349775	-0.7146897	0.11578326	-0.13103259	0.16123195	-0.2101174	0.9999985	-0.114557415	0.14046575	-0.17512421	0.18099101	-0.2977604	0.078512795	-0.106559396	0.12680773	-0.15112016	0.19433734	-0.10762515	0.086996645	-0.1074696	0.15432425	-0.19051085
0.037780453	-0.039278775	0.06982493	-0.07460284	0.09287533	-0.045705307	0.050566196	-0.06196484	0.06655907	-0.07591571	0.072895184	-0.07255263	0.08793672	-0.08846253	0.08191744	-0.058619637	0.07058571	-0.114322715	0.11433605	-0.089794606	0.23698653	-0.20018181	0.16614158	-0.13893819	0.092653304	-0.66013736	0.27932042	-0.18065757	0.1441827	-0.114557415	0.99999833	-0.5999429	0.18072619	-0.13514492	0.10004717	-0.14836407	0.13339241	-0.13873817	0.11014529	-0.10325762	0.13963726	-0.1022465	0.10933599	-0.13206054	0.12904827
-0.04878195	0.05033926	-0.090850115	0.09271666	-0.119240634	0.05839645	-0.06532854	0.07930764	-0.08465372	0.095145814	-0.09569506	0.09297374	-0.11469987	0.11146813	-0.10534906	0.075504564	-0.092456296	0.1459669	-0.15074427	0.11334786	-0.33358964	0.24459736	-0.23134607	0.17672005	-0.11881426	0.32319912	-0.4833933	0.23578185	-0.20307055	0.14046575	-0.5999429	0.99999845	-0.2892515	0.16745211	-0.12764536	0.13220891	-0.16026324	0.1717541	-0.13943379	0.12563817	-0.15857753	0.11870735	-0.13836348	0.15477833	-0.16168557
0.04756984	-0.04948594	0.08935148	-0.09794232	0.122982726	-0.057147454	0.06348358	-0.07927342	0.086781085	-0.09999798	0.08943671	-0.09001992	0.11144855	-0.114481516	0.10812571	-0.06949447	0.08529572	-0.14460269	0.14886396	-0.12149647	0.17361273	-0.15479694	0.20194164	-0.18216453	0.13392961	-0.17541644	0.19734459	-0.32804036	0.19882993	-0.17512421	0.18072619	-0.2892515	0.99999845	-0.46765336	0.21352002	-0.16102129	0.21843776	-0.5261528	0.26078475	-0.21979433	0.18782865	-0.19181	0.22650859	-0.2764216	0.22403193
-0.042575564	0.04391091	-0.08105671	0.08661601	-0.11446526	0.050359312	-0.056623887	0.0703053	-0.07834343	0.08946569	-0.07990287	0.07839705	-0.09857556	0.1008024	-0.10065338	0.060044374	-0.07490115	0.119209476	-0.1371587	0.11245322	-0.13861082	0.11289918	-0.15745519	0.13929069	-0.14456694	0.12396051	-0.14007235	0.17092168	-0.16462107	0.18099101	-0.13514492	0.16745211	-0.46765336	0.99999833	-0.4750969	0.12474757	-0.18169083	0.24907027	-0.53167677	0.29774994	-0.16988051	0.14690237	-0.19342986	0.27969468	-0.27979553
0.039069388	-0.040422406	0.07498379	-0.08264709	0.10802905	-0.046227064	0.05190301	-0.06541157	0.07462639	-0.08689606	0.07229594	-0.07167836	0.0903416	-0.09653721	0.09925723	-0.054047	0.06729643	-0.106975526	0.13018262	-0.1192456	0.10573543	-0.087404914	0.120727085	-0.11604375	0.17062302	-0.096143894	0.10341993	-0.12375943	0.12216289	-0.2977604	0.10004717	-0.12764536	0.21352002	-0.4750969	0.9999983	-0.0901229	0.12413983	-0.17019138	0.27642474	-0.6998719	0.12010721	-0.10695252	0.1324581	-0.24323304	0.2449424
-0.023054428	0.02387441	-0.04312958	0.047957852	-0.06146053	0.027532235	-0.030624181	0.037836023	-0.041928858	0.04821154	-0.042961758	0.0425273	-0.05206499	0.053830676	-0.051286414	0.03292872	-0.040379874	0.06396727	-0.06834869	0.055990435	-0.086914055	0.070493296	-0.08273334	0.072115846	-0.061765123	0.107391655	-0.08956681	0.0884874	-0.07702662	0.078512795	-0.14836407	0.13220891	-0.16102129	0.12474757	-0.0901229	0.99999803	-0.58913213	0.21662277	-0.12171154	0.09705522	-0.7015864	0.25556958	-0.2079739	0.15052283	-0.12349802
0.030238368	-0.03136158	0.056569576	-0.06378938	0.08119585	-0.036159694	0.04014494	-0.049793247	0.055401355	-0.06400322	0.055994026	-0.055730846	0.068129025	-0.07114239	0.067650616	-0.042901617	0.05254176	-0.08387326	0.08945161	-0.074363604	0.10478976	-0.086804226	0.10572207	-0.09439362	0.08223916	-0.11709424	0.108196124	-0.1168956	0.099585146	-0.106559396	0.13339241	-0.16026324	0.21843776	-0.18169083	0.12413983	-0.58913213	0.99999833	-0.43636265	0.17244637	-0.13789022	0.32246614	-0.45440006	0.27758938	-0.22146639	0.16606647
-0.03576068	0.036988847	-0.06739008	0.07307576	-0.09443914	0.042588137	-0.047591805	0.058928624	-0.06498459	0.07434136	-0.06715661	0.0663523	-0.082454346	0.08398932	-0.08090056	0.051193047	-0.06334542	0.10211715	-0.110307455	0.08889044	-0.12800658	0.1055858	-0.14148507	0.120187886	-0.1009528	0.123650156	-0.13436247	0.16253015	-0.13729776	0.12680773	-0.13873817	0.1717541	-0.5261528	0.24907027	-0.17019138	0.21662277	-0.43636265	0.9999982	-0.30698323	0.17635235	-0.2722709	0.2754312	-0.47330248	0.24932522	-0.20239972
0.0357117	-0.036895607	0.06762681	-0.07447118	0.09745883	-0.042345513	0.047395173	-0.058919568	0.06607451	-0.076045774	0.06626073	-0.06534483	0.081176855	-0.084535845	0.08332502	-0.04988727	0.061809298	-0.097717166	0.110610455	-0.09318467	0.11030608	-0.09031774	0.12064149	-0.109677546	0.11471413	-0.10276002	0.10955674	-0.12944998	0.119017385	-0.15112016	0.11014529	-0.13943379	0.26078475	-0.53167677	0.27642474	-0.12171154	0.17244637	-0.30698323	0.9999981	-0.42243183	0.1575024	-0.1545491	0.19752418	-0.5621551	0.2768364
-0.03928935	0.040429145	-0.07540839	0.08129631	-0.10968536	0.04616848	-0.052101	0.06493327	-0.07375307	0.08446767	-0.07294415	0.07117205	-0.08984648	0.09358565	-0.09677938	0.053916994	-0.0675249	0.104494594	-0.12789786	0.10912762	-0.10890339	0.087682314	-0.121342145	0.110839225	-0.15637219	0.09631088	-0.10442595	0.1203667	-0.11932888	0.19433734	-0.10325762	0.12563817	-0.21979433	0.29774994	-0.6998719	0.09705522	-0.13789022	0.17635235	-0.42243183	0.99999803	-0.13413817	0.11504683	-0.1481886	0.2615668	-0.38489348
0.030931812	-0.032090623	0.057756685	-0.065957695	0.083799444	-0.037003335	0.041020148	-0.05087116	0.056820847	-0.06579624	0.05699049	-0.056756146	0.06907417	-0.07261338	0.06886346	-0.043639496	0.053331196	-0.08447998	0.090086356	-0.075427145	0.10522819	-0.08691274	0.10378019	-0.09314676	0.08278829	-0.12356522	0.1072482	-0.111275084	0.09683927	-0.10762515	0.13963726	-0.15857753	0.18782865	-0.16988051	0.12010721	-0.7015864	0.32246614	-0.2722709	0.1575024	-0.13413817	0.9999983	-0.42007518	0.24576728	-0.22061333	0.16838509
-0.024965547	0.025826016	-0.046850212	0.05200455	-0.06716803	0.029735517	-0.033139296	0.040984917	-0.045558807	0.052357983	-0.046393692	0.04583951	-0.056341562	0.05828228	-0.05592234	0.03529018	-0.043447062	0.068732776	-0.074376605	0.06107158	-0.085963875	0.06991264	-0.08804246	0.077117875	-0.068541355	0.08901985	-0.0868388	0.09480238	-0.0832543	0.086996645	-0.1022465	0.11870735	-0.19181	0.14690237	-0.10695252	0.25556958	-0.45440006	0.2754312	-0.1545491	0.11504683	-0.42007518	0.9999987	-0.68649966	0.19590689	-0.15355042
0.029934313	-0.03101982	0.05612729	-0.063102156	0.08080353	-0.035727922	0.039727423	-0.049296893	0.054943446	-0.06342917	0.05538083	-0.055023618	0.06746199	-0.07041302	0.067324005	-0.042229984	0.051858287	-0.08266658	0.088977866	-0.07405356	0.09883193	-0.08178819	0.103675775	-0.09280447	0.08302976	-0.1006371	0.10039951	-0.11493461	0.09855045	-0.1074696	0.10933599	-0.13836348	0.22650859	-0.19342986	0.1324581	-0.2079739	0.27758938	-0.47330248	0.19752418	-0.1481886	0.24576728	-0.68649966	0.999999	-0.30815542	0.18557593
-0.04252767	0.043719757	-0.08049269	0.0874468	-0.11762925	0.05009659	-0.056320056	0.06937122	-0.077705905	0.08860088	-0.078962855	0.07676663	-0.09530302	0.09782436	-0.09665045	0.058771424	-0.07314697	0.11246386	-0.12782805	0.10458621	-0.13253552	0.10450504	-0.13984701	0.121595845	-0.12537648	0.11852913	-0.12654342	0.14082001	-0.13343462	0.15432425	-0.13206054	0.15477833	-0.2764216	0.27969468	-0.24323304	0.15052283	-0.22146639	0.24932522	-0.5621551	0.2615668	-0.22061333	0.19590689	-0.30815542	0.9999989	-0.5346699
0.04903713	-0.050706316	0.09219416	-0.10807007	0.14076898	-0.058167547	0.064734116	-0.0805402	0.09196474	-0.107083224	0.08882153	-0.08780025	0.107224636	-0.11475419	0.111153156	-0.06648964	0.08180563	-0.12587047	0.14063777	-0.12214098	0.13294774	-0.1072203	0.14082782	-0.12897152	0.14076349	-0.1226469	0.12638888	-0.1402571	0.13268125	-0.19051085	0.12904827	-0.16168557	0.22403193	-0.27979553	0.2449424	-0.12349802	0.16606647	-0.20239972	0.2768364	-0.38489348	0.16838509	-0.15355042	0.18557593	-0.5346699	0.9999989
