1.0000001	-0.8808586	0.13273832	-0.09950869	0.10909382	-0.22811551	0.25359556	-0.13812448	0.11846111	-0.10229136	0.13355127	-0.22997509	0.1275997	-0.0987221	0.093095236	-0.15695335	0.12666821	-0.14700973	0.086480804	-0.07292767	0.07922382	-0.08551789	0.07667303	-0.057806507	0.040754743	-0.06123682	0.06336178	-0.058461145	0.06211603	-0.04250754	0.023615314	-0.054452572	0.057793334	-0.04653448	0.05642756	-0.025410956	0.048451122	-0.047159124	0.0500437	-0.03990612	0.01970125	-0.01924982	0.050477106	-0.036242094	0.048952322
-0.8808586	1.0000002	-0.14326425	0.097601816	-0.10540327	0.17598128	-0.35189953	0.13495499	-0.11934289	0.09518638	-0.11444277	0.18867771	-0.12005525	0.08849919	-0.08523993	0.12449367	-0.10806741	0.12171617	-0.07775843	0.06501335	-0.06647194	0.07072258	-0.06553369	0.049437866	-0.03521673	0.050546862	-0.053340748	0.049580175	-0.0532818	0.036485076	-0.019947588	0.045805033	-0.04933147	0.03969447	-0.04828431	0.021445528	-0.041153923	0.040087048	-0.042734295	0.034046985	-0.016743772	0.016343925	-0.04308846	0.030897418	-0.041833635
0.13273832	-0.14326425	1.0000002	-0.73466665	0.2773609	-0.17717278	0.2066044	-0.32702324	0.28886208	-0.2857914	0.123463936	-0.2630667	0.2075501	-0.17798245	0.16407001	-0.16740654	0.15341616	-0.21612631	0.14064617	-0.1321036	0.09573425	-0.1095661	0.107017905	-0.08409662	0.062347192	-0.076269925	0.08119378	-0.08173261	0.08852372	-0.06588286	0.03348437	-0.0780577	0.08099523	-0.06590151	0.07973785	-0.036176298	0.0687001	-0.06684585	0.07077895	-0.05655883	0.027984345	-0.027369384	0.07150424	-0.05140905	0.069331676
-0.09950869	0.097601816	-0.73466665	1.0000004	-0.4276679	0.12331533	-0.1625525	0.2375578	-0.40914738	0.26368085	-0.08752266	0.18280177	-0.1702122	0.13732305	-0.13898797	0.11532478	-0.10937947	0.15024905	-0.111232035	0.10444004	-0.067433365	0.07651958	-0.076688014	0.06069986	-0.045940593	0.0532518	-0.057293404	0.058014736	-0.06371969	0.048052948	-0.023485685	0.054563195	-0.05755682	0.04681977	-0.056605406	0.025357189	-0.048398126	0.047223207	-0.050188538	0.04005459	-0.019703498	0.01926256	-0.050528143	0.036336947	-0.049044497
0.10909382	-0.10540327	0.2773609	-0.4276679	1.0000006	-0.16498627	0.18763591	-0.24215631	0.28659374	-0.6980356	0.117775105	-0.25076824	0.20069279	-0.19394457	0.21464415	-0.16171387	0.1515864	-0.21716867	0.15826924	-0.16948411	0.0953148	-0.10984408	0.11037577	-0.088392034	0.068557546	-0.07615088	0.0817712	-0.08410719	0.0922326	-0.072529554	0.034319296	-0.08010278	0.08330366	-0.06797612	0.08205402	-0.03710399	0.070515014	-0.06873415	0.07283807	-0.058198657	0.02871755	-0.028093439	0.07342244	-0.052842077	0.07121999
-0.22811551	0.17598128	-0.17717278	0.12331533	-0.16498627	1.0000007	-0.45068824	0.18190606	-0.17689636	0.13654302	-0.6696489	0.2697954	-0.19199775	0.1367284	-0.14215401	0.29508448	-0.2518839	0.20471731	-0.1319336	0.104530185	-0.15339929	0.13822146	-0.123159684	0.08891964	-0.061559375	0.102917515	-0.110116094	0.091641374	-0.097854696	0.0626431	-0.035752214	0.08051826	-0.09136736	0.072429806	-0.08831696	0.038181417	-0.07422398	0.0725467	-0.07795438	0.061840728	-0.030115563	0.029336585	-0.07816201	0.05593538	-0.07599508
0.25359556	-0.35189953	0.2066044	-0.1625525	0.18763591	-0.45068824	1.0000007	-0.38376296	0.23088081	-0.18388575	0.23895457	-0.5095273	0.24972485	-0.18409765	0.16524221	-0.27182084	0.22403774	-0.25160238	0.15373884	-0.12854621	0.13257441	-0.14189094	0.1268748	-0.09610207	0.0679597	-0.10147952	0.10506046	-0.09596876	0.10235985	-0.07064799	0.038106326	-0.08769572	0.094257094	-0.07582267	0.09149239	-0.0409816	0.07825966	-0.0764697	0.08118775	-0.064677075	0.031769816	-0.031051978	0.08149357	-0.058610085	0.07905712
-0.13812448	0.13495499	-0.32702324	0.2375578	-0.24215631	0.18190606	-0.38376296	1.0000007	-0.601407	0.23872136	-0.12921341	0.26938576	-0.47284785	0.21993546	-0.18862827	0.15665792	-0.1568896	0.20464061	-0.1671992	0.13743559	-0.09055201	0.100368515	-0.101272054	0.080128975	-0.059567522	0.06998118	-0.0757934	0.075272754	-0.08348736	0.061451234	-0.02965095	0.0684912	-0.07423677	0.060197387	-0.07242488	0.031963583	-0.06135335	0.06020054	-0.06419512	0.051116716	-0.024920061	0.02435937	-0.064161755	0.046210118	-0.06234034
0.11846111	-0.11934289	0.28886208	-0.40914738	0.28659374	-0.17689636	0.23088081	-0.601407	1.0000008	-0.44395232	0.12273196	-0.26664376	0.25577646	-0.21540198	0.19068591	-0.16150191	0.15256941	-0.21258369	0.15607509	-0.14678988	0.09194191	-0.10424922	0.103228	-0.082231164	0.061840218	-0.07250431	0.07759212	-0.07787805	0.08538956	-0.0647513	0.031146618	-0.07241003	0.07661795	-0.06232444	0.07492154	-0.033631876	0.06408508	-0.06271083	0.06652689	-0.053078506	0.026048418	-0.025484674	0.06672376	-0.048082992	0.064747445
-0.10229136	0.09518638	-0.2857914	0.26368085	-0.6980356	0.13654302	-0.18388575	0.23872136	-0.44395232	1.0000008	-0.099849045	0.2064086	-0.21552692	0.19475009	-0.3242494	0.13091509	-0.1303055	0.17852545	-0.17115033	0.1770802	-0.080047235	0.090864114	-0.09611777	0.07831455	-0.063296504	0.06296296	-0.06890594	0.07173982	-0.0811018	0.065021165	-0.028464897	0.06599247	-0.07107603	0.057978116	-0.0697679	0.030736255	-0.05899868	0.057889115	-0.061807666	0.049243737	-0.023989115	0.023452971	-0.061779454	0.044510514	-0.060056444
0.13355127	-0.11444277	0.123463936	-0.08752266	0.117775105	-0.6696489	0.23895457	-0.12921341	0.12273196	-0.099849045	1.0000006	-0.27352563	0.14669113	-0.10700958	0.107508026	-0.5836544	0.23018448	-0.19482632	0.10317403	-0.08173467	0.14464954	-0.13095543	0.1007023	-0.072697386	0.048929125	-0.101716876	0.096981235	-0.07591961	0.07836078	-0.050256744	0.0288563	-0.065282874	0.07299399	-0.05775378	0.06910145	-0.03082318	0.05889945	-0.057893958	0.0614299	-0.04874709	0.023776835	-0.023240332	0.061064325	-0.043997265	0.059210528
-0.22997509	0.18867771	-0.2630667	0.18280177	-0.25076824	0.2697954	-0.5095273	0.26938576	-0.26664376	0.2064086	-0.27352563	1.0000006	-0.41079268	0.23062779	-0.23545514	0.25917524	-0.3703789	0.2887238	-0.21792714	0.1662984	-0.15892549	0.16552414	-0.16337943	0.12155921	-0.087158635	0.11532334	-0.12976268	0.119773634	-0.13220279	0.08808988	-0.04694114	0.10626751	-0.12056886	0.09650752	-0.11803365	0.050294038	-0.09840486	0.09628007	-0.10394732	0.08252188	-0.040031135	0.038973674	-0.1043425	0.07462549	-0.101616636
0.1275997	-0.12005525	0.2075501	-0.1702122	0.20069279	-0.19199775	0.24972485	-0.47284785	0.25577646	-0.21552692	0.14669113	-0.41079268	1.0000004	-0.5392649	0.24101178	-0.19101924	0.21002094	-0.33513016	0.24440767	-0.19980028	0.11151469	-0.12677473	0.13001926	-0.10594139	0.07756724	-0.0867753	0.09457626	-0.09561639	0.10628927	-0.08060182	0.03662855	-0.08503345	0.092429176	-0.0752334	0.08919005	-0.03955038	0.075614326	-0.07475744	0.07934705	-0.06318022	0.030616788	-0.029987818	0.078614965	-0.056923904	0.07634321
-0.0987221	0.08849919	-0.17798245	0.13732305	-0.19394457	0.1367284	-0.18409765	0.21993546	-0.21540198	0.19475009	-0.10700958	0.23062779	-0.5392649	1.0000002	-0.4585809	0.13916968	-0.16145279	0.22766246	-0.53598785	0.2861998	-0.09029993	0.10328545	-0.122799575	0.11079718	-0.08518883	0.070360795	-0.079363264	0.0869515	-0.10640684	0.084816046	-0.031711627	0.07363179	-0.08341182	0.06865493	-0.07990449	0.03429861	-0.06614683	0.06632994	-0.07111448	0.05632935	-0.026663199	0.0261485	-0.06892311	0.050245877	-0.06714386
0.093095236	-0.08523993	0.16407001	-0.13898797	0.21464415	-0.14215401	0.16524221	-0.18862827	0.19068591	-0.3242494	0.107508026	-0.23545514	0.24101178	-0.4585809	1.0	-0.147529	0.15505731	-0.23787192	0.31892598	-0.6433661	0.09276266	-0.108571455	0.12210116	-0.11150869	0.104678445	-0.073887534	0.081706844	-0.090117775	0.10609251	-0.109634385	0.03370482	-0.079018176	0.085923836	-0.07114641	0.08265436	-0.036544457	0.06960808	-0.069557734	0.073773704	-0.05874241	0.028101932	-0.027602442	0.07201266	-0.05258497	0.069998026
-0.15695335	0.12449367	-0.16740654	0.11532478	-0.16171387	0.29508448	-0.27182084	0.15665792	-0.16150191	0.13091509	-0.5836544	0.25917524	-0.19101924	0.13916968	-0.147529	0.99999976	-0.48984888	0.26076016	-0.1427207	0.11013133	-0.28401622	0.19828573	-0.14963306	0.10471378	-0.06948036	0.15735228	-0.15484606	0.11130423	-0.11445766	0.07071014	-0.04165698	0.0931576	-0.10725156	0.08395222	-0.100556664	0.04429135	-0.08517271	0.0837835	-0.08928933	0.07064738	-0.03430614	0.033495054	-0.08844892	0.06364798	-0.08580551
0.12666821	-0.10806741	0.15341616	-0.10937947	0.1515864	-0.2518839	0.22403774	-0.1568896	0.15256941	-0.1303055	0.23018448	-0.3703789	0.21002094	-0.16145279	0.15505731	-0.48984888	0.9999995	-0.63352776	0.16629748	-0.12806892	0.1879455	-0.24550998	0.16184638	-0.11432045	0.073582895	-0.13906161	0.14944306	-0.1166183	0.11779569	-0.075931534	0.041336566	-0.094600424	0.10713711	-0.08464931	0.09864588	-0.044286076	0.084312074	-0.08406474	0.088325195	-0.07001537	0.033771444	-0.033126656	0.086375825	-0.06281725	0.083632365
-0.14700973	0.12171617	-0.21612631	0.15024905	-0.21716867	0.20471731	-0.25160238	0.20464061	-0.21258369	0.17852545	-0.19482632	0.2887238	-0.33513016	0.22766246	-0.23787192	0.26076016	-0.63352776	0.9999994	-0.29273078	0.18577982	-0.17531314	0.19335076	-0.22856146	0.14964004	-0.09950941	0.1267311	-0.14956042	0.14312766	-0.15601681	0.099535055	-0.050697833	0.11537371	-0.13760206	0.10878582	-0.12915762	0.05443187	-0.10662136	0.10653983	-0.114438765	0.09038886	-0.042914886	0.041936573	-0.111963786	0.080910824	-0.10900364
0.086480804	-0.07775843	0.14064617	-0.111232035	0.15826924	-0.1319336	0.15373884	-0.1671992	0.15607509	-0.17115033	0.10317403	-0.21792714	0.24440767	-0.53598785	0.31892598	-0.1427207	0.16629748	-0.29273078	0.99999917	-0.6309943	0.093562275	-0.111180484	0.14001118	-0.15787666	0.108228974	-0.07434581	0.08408457	-0.098543264	0.12516934	-0.11031685	0.033803422	-0.07940485	0.090450615	-0.07593646	0.08497308	-0.03671591	0.07017467	-0.07168144	0.07625302	-0.060402744	0.028127827	-0.027708314	0.07231699	-0.053402975	0.0704126
-0.07292767	0.06501335	-0.1321036	0.10444004	-0.16948411	0.104530185	-0.12854621	0.13743559	-0.14678988	0.1770802	-0.08173467	0.1662984	-0.19980028	0.2861998	-0.6433661	0.11013133	-0.12806892	0.18577982	-0.6309943	0.9999994	-0.07537071	0.08828362	-0.114751905	0.11340034	-0.12750775	0.059595346	-0.06827705	0.08025584	-0.10425681	0.11265251	-0.028041337	0.065531336	-0.075563535	0.06304848	-0.071738064	0.03042255	-0.05862924	0.05961411	-0.0640318	0.0506043	-0.02352192	0.023131458	-0.06082923	0.044747304	-0.059351776
0.07922382	-0.06647194	0.09573425	-0.067433365	0.0953148	-0.15339929	0.13257441	-0.09055201	0.09194191	-0.080047235	0.14464954	-0.15892549	0.11151469	-0.09029993	0.09276266	-0.28401622	0.1879455	-0.17531314	0.093562275	-0.07537071	0.9999994	-0.54112476	0.18157783	-0.12522541	0.0696666	-0.6516275	0.31967825	-0.1567263	0.12963746	-0.07401913	0.05333736	-0.11615471	0.12604277	-0.0957235	0.10428549	-0.055871733	0.0961936	-0.096566655	0.09627301	-0.07608357	0.037825797	-0.037517425	0.091470495	-0.067931876	0.087192036
-0.08551789	0.07072258	-0.1095661	0.07651958	-0.10984408	0.13822146	-0.14189094	0.100368515	-0.10424922	0.090864114	-0.13095543	0.16552414	-0.12677473	0.10328545	-0.108571455	0.19828573	-0.24550998	0.19335076	-0.111180484	0.08828362	-0.54112476	0.9999995	-0.32717994	0.17208368	-0.09188384	0.3125138	-0.5838528	0.21089053	-0.18546993	0.09429713	-0.061354134	0.13798703	-0.1743087	0.12671986	-0.13784824	0.06428128	-0.1218505	0.12340044	-0.12661907	0.09851415	-0.046690114	0.046072748	-0.11722603	0.08684073	-0.1123
0.07667303	-0.06553369	0.107017905	-0.076688014	0.11037577	-0.123159684	0.1268748	-0.101272054	0.103228	-0.09611777	0.1007023	-0.16337943	0.13001926	-0.122799575	0.12210116	-0.14963306	0.16184638	-0.22856146	0.14001118	-0.114751905	0.18157783	-0.32717994	0.9999993	-0.564626	0.16456091	-0.16279134	0.20654598	-0.46495637	0.3144335	-0.18298946	0.07763317	-0.19366409	0.24992573	-0.20313028	0.18514468	-0.08627538	0.15858296	-0.1864192	0.17638494	-0.14080966	0.061189033	-0.061841495	0.15330581	-0.120813005	0.14646083
-0.057806507	0.049437866	-0.08409662	0.06069986	-0.088392034	0.08891964	-0.09610207	0.080128975	-0.082231164	0.07831455	-0.072697386	0.12155921	-0.10594139	0.11079718	-0.11150869	0.10471378	-0.11432045	0.14964004	-0.15787666	0.11340034	-0.12522541	0.17208368	-0.564626	0.9999992	-0.26009855	0.107036926	-0.14223593	0.26467663	-0.64309156	0.20805809	-0.058382876	0.14103644	-0.21111895	0.1912992	-0.17654827	0.064493805	-0.12576525	0.14554207	-0.16308373	0.122459814	-0.04804404	0.048261534	-0.12629393	0.09992716	-0.12476519
0.040754743	-0.03521673	0.062347192	-0.045940593	0.068557546	-0.061559375	0.0679597	-0.059567522	0.061840218	-0.063296504	0.048929125	-0.087158635	0.07756724	-0.08518883	0.104678445	-0.06948036	0.073582895	-0.09950941	0.108228974	-0.12750775	0.0696666	-0.09188384	0.16456091	-0.26009855	0.9999994	-0.05961013	0.07392708	-0.121234365	0.186846	-0.9154353	0.034811586	-0.08420002	0.10308158	-0.0932785	0.09481162	-0.038381778	0.073177	-0.07995047	0.08559544	-0.06776685	0.02871787	-0.028678745	0.074052855	-0.05732666	0.07280733
-0.06123682	0.050546862	-0.076269925	0.0532518	-0.07615088	0.102917515	-0.10147952	0.06998118	-0.07250431	0.06296296	-0.101716876	0.11532334	-0.0867753	0.070360795	-0.073887534	0.15735228	-0.13906161	0.1267311	-0.07434581	0.059595346	-0.6516275	0.3125138	-0.16279134	0.107036926	-0.05961013	0.9999994	-0.63759637	0.1547467	-0.12223661	0.062176306	-0.05331366	0.10465871	-0.12616363	0.088524505	-0.096056804	0.052868057	-0.08983066	0.0883974	-0.08904983	0.069206744	-0.034777034	0.03432573	-0.08340049	0.061505236	-0.0791144
0.06336178	-0.053340748	0.08119378	-0.057293404	0.0817712	-0.110116094	0.10506046	-0.0757934	0.07759212	-0.06890594	0.096981235	-0.12976268	0.09457626	-0.079363264	0.081706844	-0.15484606	0.14944306	-0.14956042	0.08408457	-0.06827705	0.31967825	-0.5838528	0.20654598	-0.14223593	0.07392708	-0.63759637	0.99999905	-0.2585154	0.15376015	-0.07905702	0.06049919	-0.1406301	0.16057284	-0.113664515	0.116187446	-0.06254301	0.111041844	-0.113621905	0.10962662	-0.08574725	0.04191186	-0.041670915	0.10085194	-0.075775124	0.09519399
-0.058461145	0.049580175	-0.08173261	0.058014736	-0.08410719	0.091641374	-0.09596876	0.075272754	-0.07787805	0.07173982	-0.07591961	0.119773634	-0.09561639	0.0869515	-0.090117775	0.11130423	-0.1166183	0.14312766	-0.098543264	0.08025584	-0.1567263	0.21089053	-0.46495637	0.26467663	-0.121234365	0.1547467	-0.2585154	0.99999905	-0.42060643	0.1268163	-0.07711988	0.18329155	-0.59226876	0.24671087	-0.22121887	0.08469817	-0.1781573	0.21777438	-0.21464811	0.15646958	-0.06321528	0.06360156	-0.17093019	0.13078852	-0.1600574
0.06211603	-0.0532818	0.08852372	-0.06371969	0.0922326	-0.097854696	0.10235985	-0.08348736	0.08538956	-0.0811018	0.07836078	-0.13220279	0.10628927	-0.10640684	0.10609251	-0.11445766	0.11779569	-0.15601681	0.12516934	-0.10425681	0.12963746	-0.18546993	0.3144335	-0.64309156	0.186846	-0.12223661	0.15376015	-0.42060643	0.99999905	-0.22452731	0.07410962	-0.18545228	0.2573057	-0.32873046	0.2122925	-0.083054446	0.15518264	-0.19310892	0.20343396	-0.15991533	0.05963976	-0.060663003	0.15336674	-0.12706125	0.15070812
-0.04250754	0.036485076	-0.06588286	0.048052948	-0.072529554	0.0626431	-0.07064799	0.061451234	-0.0647513	0.065021165	-0.050256744	0.08808988	-0.08060182	0.084816046	-0.109634385	0.07071014	-0.075931534	0.099535055	-0.11031685	0.11265251	-0.07401913	0.09429713	-0.18298946	0.20805809	-0.9154353	0.062176306	-0.07905702	0.1268163	-0.22452731	0.99999917	-0.03674278	0.087223224	-0.11435282	0.101556696	-0.10734697	0.040313978	-0.079027504	0.0857156	-0.09529487	0.07420879	-0.030912444	0.030733835	-0.08128094	0.06238176	-0.08055701
0.023615314	-0.019947588	0.03348437	-0.023485685	0.034319296	-0.035752214	0.038106326	-0.02965095	0.031146618	-0.028464897	0.0288563	-0.04694114	0.03662855	-0.031711627	0.03370482	-0.04165698	0.041336566	-0.050697833	0.033803422	-0.028041337	0.05333736	-0.061354134	0.07763317	-0.058382876	0.034811586	-0.05331366	0.06049919	-0.07711988	0.07410962	-0.03674278	0.99999887	-0.3962497	0.09651925	-0.07846827	0.092180595	-0.8542678	0.22657526	-0.12733103	0.09884957	-0.07592235	0.15052605	-0.15623894	0.11944671	-0.08204769	0.09339306
-0.054452572	0.045805033	-0.0780577	0.054563195	-0.08010278	0.08051826	-0.08769572	0.0684912	-0.07241003	0.06599247	-0.065282874	0.10626751	-0.08503345	0.07363179	-0.079018176	0.0931576	-0.094600424	0.11537371	-0.07940485	0.065531336	-0.11615471	0.13798703	-0.19366409	0.14103644	-0.08420002	0.10465871	-0.1406301	0.18329155	-0.18545228	0.087223224	-0.3962497	0.99999875	-0.24751097	0.1918432	-0.2348366	0.26689452	-0.6269249	0.28313664	-0.24980289	0.18287165	-0.15818559	0.14582478	-0.27933758	0.18349321	-0.234039
0.057793334	-0.04933147	0.08099523	-0.05755682	0.08330366	-0.09136736	0.094257094	-0.07423677	0.07661795	-0.07107603	0.07299399	-0.12056886	0.092429176	-0.08341182	0.085923836	-0.10725156	0.10713711	-0.13760206	0.090450615	-0.075563535	0.12604277	-0.1743087	0.24992573	-0.21111895	0.10308158	-0.12616363	0.16057284	-0.59226876	0.2573057	-0.11435282	0.09651925	-0.24751097	0.99999857	-0.43730873	0.2498959	-0.10937265	0.21949616	-0.40045175	0.26507193	-0.20062828	0.076818906	-0.07932195	0.20379806	-0.16628532	0.1841985
-0.04653448	0.03969447	-0.06590151	0.04681977	-0.06797612	0.072429806	-0.07582267	0.060197387	-0.06232444	0.057978116	-0.05775378	0.09650752	-0.0752334	0.06865493	-0.07114641	0.08395222	-0.08464931	0.10878582	-0.07593646	0.06304848	-0.0957235	0.12671986	-0.20313028	0.1912992	-0.0932785	0.088524505	-0.113664515	0.24671087	-0.32873046	0.101556696	-0.07846827	0.1918432	-0.43730873	0.9999983	-0.54074854	0.08857299	-0.18269058	0.25238925	-0.5205372	0.27284455	-0.067500874	0.069148116	-0.194969	0.17662491	-0.21478412
0.05642756	-0.04828431	0.07973785	-0.056605406	0.08205402	-0.08831696	0.09149239	-0.07242488	0.07492154	-0.0697679	0.06910145	-0.11803365	0.08919005	-0.07990449	0.08265436	-0.100556664	0.09864588	-0.12915762	0.08497308	-0.071738064	0.10428549	-0.13784824	0.18514468	-0.17654827	0.09481162	-0.096056804	0.116187446	-0.22121887	0.2122925	-0.10734697	0.092180595	-0.2348366	0.2498959	-0.54074854	0.99999833	-0.10550388	0.18994907	-0.25144178	0.3167906	-0.55949986	0.077882834	-0.08114254	0.21179171	-0.22306731	0.26458648
-0.025410956	0.021445528	-0.036176298	0.025357189	-0.03710399	0.038181417	-0.0409816	0.031963583	-0.033631876	0.030736255	-0.03082318	0.050294038	-0.03955038	0.03429861	-0.036544457	0.04429135	-0.044286076	0.05443187	-0.03671591	0.03042255	-0.055871733	0.06428128	-0.08627538	0.064493805	-0.038381778	0.052868057	-0.06254301	0.08469817	-0.083054446	0.040313978	-0.8542678	0.26689452	-0.10937265	0.08857299	-0.10550388	0.9999984	-0.3040276	0.14399624	-0.114623874	0.08625344	-0.21293123	0.16492873	-0.14076728	0.093001954	-0.10832293
0.048451122	-0.041153923	0.0687001	-0.048398126	0.070515014	-0.07422398	0.07825966	-0.06135335	0.06408508	-0.05899868	0.05889945	-0.09840486	0.075614326	-0.06614683	0.06960808	-0.08517271	0.084312074	-0.10662136	0.07017467	-0.05862924	0.0961936	-0.1218505	0.15858296	-0.12576525	0.073177	-0.08983066	0.111041844	-0.1781573	0.15518264	-0.079027504	0.22657526	-0.6269249	0.21949616	-0.18269058	0.18994907	-0.3040276	0.9999988	-0.5235742	0.2257342	-0.17023648	0.14227861	-0.15957704	0.23478198	-0.17429708	0.18502402
-0.047159124	0.040087048	-0.06684585	0.047223207	-0.06873415	0.0725467	-0.0764697	0.06020054	-0.06271083	0.057889115	-0.057893958	0.09628007	-0.07475744	0.06632994	-0.069557734	0.0837835	-0.08406474	0.10653983	-0.07168144	0.05961411	-0.096566655	0.12340044	-0.1864192	0.14554207	-0.07995047	0.0883974	-0.113621905	0.21777438	-0.19310892	0.0857156	-0.12733103	0.28313664	-0.40045175	0.25238925	-0.25144178	0.14399624	-0.5235742	0.9999987	-0.43867558	0.22495022	-0.11250348	0.11519072	-0.4086715	0.23168358	-0.24710962
0.0500437	-0.042734295	0.07077895	-0.050188538	0.07283807	-0.07795438	0.08118775	-0.06419512	0.06652689	-0.061807666	0.0614299	-0.10394732	0.07934705	-0.07111448	0.073773704	-0.08928933	0.088325195	-0.114438765	0.07625302	-0.0640318	0.09627301	-0.12661907	0.17638494	-0.16308373	0.08559544	-0.08904983	0.10962662	-0.21464811	0.20343396	-0.09529487	0.09884957	-0.24980289	0.26507193	-0.5205372	0.3167906	-0.114623874	0.2257342	-0.43867558	0.99999833	-0.4772162	0.084795386	-0.08906093	0.2491866	-0.2856811	0.26931426
-0.03990612	0.034046985	-0.05655883	0.04005459	-0.058198657	0.061840728	-0.064677075	0.051116716	-0.053078506	0.049243737	-0.04874709	0.08252188	-0.06318022	0.05632935	-0.05874241	0.07064738	-0.07001537	0.09038886	-0.060402744	0.0506043	-0.07608357	0.09851415	-0.14080966	0.122459814	-0.06776685	0.069206744	-0.08574725	0.15646958	-0.15991533	0.07420879	-0.07592235	0.18287165	-0.20062828	0.27284455	-0.55949986	0.08625344	-0.17023648	0.22495022	-0.4772162	0.99999845	-0.07287356	0.074733764	-0.23953322	0.24868056	-0.53758085
0.01970125	-0.016743772	0.027984345	-0.019703498	0.02871755	-0.030115563	0.031769816	-0.024920061	0.026048418	-0.023989115	0.023776835	-0.040031135	0.030616788	-0.026663199	0.028101932	-0.03430614	0.033771444	-0.042914886	0.028127827	-0.02352192	0.037825797	-0.046690114	0.061189033	-0.04804404	0.02871787	-0.034777034	0.04191186	-0.06321528	0.05963976	-0.030912444	0.15052605	-0.15818559	0.076818906	-0.067500874	0.077882834	-0.21293123	0.14227861	-0.11250348	0.084795386	-0.07287356	0.9999984	-0.92780465	0.15571333	-0.10834874	0.089717805
-0.01924982	0.016343925	-0.027369384	0.01926256	-0.028093439	0.029336585	-0.031051978	0.02435937	-0.025484674	0.023452971	-0.023240332	0.038973674	-0.029987818	0.0261485	-0.027602442	0.033495054	-0.033126656	0.041936573	-0.027708314	0.023131458	-0.037517425	0.046072748	-0.061841495	0.048261534	-0.028678745	0.03432573	-0.041670915	0.06360156	-0.060663003	0.030733835	-0.15623894	0.14582478	-0.07932195	0.069148116	-0.08114254	0.16492873	-0.15957704	0.11519072	-0.08906093	0.074733764	-0.92780465	0.99999845	-0.19900033	0.11071585	-0.096810035
0.050477106	-0.04308846	0.07150424	-0.050528143	0.07342244	-0.07816201	0.08149357	-0.064161755	0.06672376	-0.061779454	0.061064325	-0.1043425	0.078614965	-0.06892311	0.07201266	-0.08844892	0.086375825	-0.111963786	0.07231699	-0.06082923	0.091470495	-0.11722603	0.15330581	-0.12629393	0.074052855	-0.08340049	0.10085194	-0.17093019	0.15336674	-0.08128094	0.11944671	-0.27933758	0.20379806	-0.194969	0.21179171	-0.14076728	0.23478198	-0.4086715	0.2491866	-0.23953322	0.15571333	-0.19900033	0.9999987	-0.6459307	0.29094315
-0.036242094	0.030897418	-0.05140905	0.036336947	-0.052842077	0.05593538	-0.058610085	0.046210118	-0.048082992	0.044510514	-0.043997265	0.07462549	-0.056923904	0.050245877	-0.05258497	0.06364798	-0.06281725	0.080910824	-0.053402975	0.044747304	-0.067931876	0.08684073	-0.120813005	0.09992716	-0.05732666	0.061505236	-0.075775124	0.13078852	-0.12706125	0.06238176	-0.08204769	0.18349321	-0.16628532	0.17662491	-0.22306731	0.093001954	-0.17429708	0.23168358	-0.2856811	0.24868056	-0.10834874	0.11071585	-0.6459307	0.9999987	-0.5863144
0.048952322	-0.041833635	0.069331676	-0.049044497	0.07121999	-0.07599508	0.07905712	-0.06234034	0.064747445	-0.060056444	0.059210528	-0.101616636	0.07634321	-0.06714386	0.069998026	-0.08580551	0.083632365	-0.10900364	0.0704126	-0.059351776	0.087192036	-0.1123	0.14646083	-0.12476519	0.07280733	-0.0791144	0.09519399	-0.1600574	0.15070812	-0.08055701	0.09339306	-0.234039	0.1841985	-0.21478412	0.26458648	-0.10832293	0.18502402	-0.24710962	0.26931426	-0.53758085	0.089717805	-0.096810035	0.29094315	-0.5863144	0.9999987
