1.0000001	-0.7817476	0.27037045	-0.21465366	0.13714321	-0.31249413	0.22068016	-0.23116699	0.16139376	-0.11979648	0.18558265	-0.17693344	0.16663587	-0.088119246	0.08355501	-0.17672835	0.14269635	-0.1300104	0.0677058	-0.05941137	0.12664914	-0.12319006	0.13356124	-0.08330922	0.06824723	-0.10749209	0.08828731	-0.08955944	0.08976802	-0.11812709	0.10013704	-0.091544	0.065925315	-0.07285393	0.057658095	-0.048595726	0.05475903	-0.07061004	0.0805592	-0.051380288	0.059597116	-0.04578045	0.06373358	-0.06543989	0.07937096
-0.7817476	1.0000004	-0.44514924	0.20026815	-0.13562486	0.19915052	-0.23762754	0.20176229	-0.16192353	0.109887615	-0.15308996	0.15152635	-0.14991266	0.07726645	-0.075093105	0.13495636	-0.12268982	0.10912801	-0.055714652	0.048430417	-0.1030214	0.100864574	-0.11264322	0.0659249	-0.054492436	0.0842235	-0.06996436	0.070202336	-0.07062678	0.090324946	-0.079513945	0.07148002	-0.051336996	0.056260217	-0.044453073	0.03764086	-0.042506505	0.054531038	-0.062398743	0.039460007	-0.04613531	0.035385404	-0.049258478	0.050277878	-0.061221283
0.27037045	-0.44514924	1.0000002	-0.58105683	0.21820877	-0.19401342	0.2074541	-0.41121668	0.27863917	-0.19671321	0.14853573	-0.16875066	0.20702976	-0.12408735	0.1159737	-0.16563414	0.14545162	-0.15040733	0.07860467	-0.06949544	0.12520099	-0.12657614	0.14570281	-0.09254029	0.075724505	-0.111135036	0.09228599	-0.09577037	0.09612035	-0.12799856	0.1035704	-0.09624541	0.07040392	-0.07803147	0.061922614	-0.05158669	0.058119077	-0.07546656	0.08601396	-0.055215534	0.063433625	-0.048756953	0.06798073	-0.07001637	0.084956765
-0.21465366	0.20026815	-0.58105683	1.0000002	-0.39381593	0.13665818	-0.16448638	0.27518228	-0.56480795	0.26091897	-0.11334413	0.12677853	-0.17779052	0.13486227	-0.1345694	0.12105542	-0.11478228	0.117580846	-0.06767787	0.05927208	-0.09592954	0.09701065	-0.11726965	0.07232474	-0.060149673	0.08275223	-0.069632284	0.07183545	-0.07281524	0.094419174	-0.07828221	0.071653225	-0.0526094	0.057838246	-0.04598672	0.03828503	-0.043245055	0.055918485	-0.064033665	0.04081484	-0.04715592	0.03617147	-0.05049046	0.05169081	-0.06309281
0.13714321	-0.13562486	0.21820877	-0.39381593	1.0000002	-0.1278181	0.14244308	-0.25239113	0.30308896	-0.75392944	0.10545474	-0.1216688	0.16709761	-0.21610421	0.19420175	-0.1250993	0.11230234	-0.12079949	0.08222351	-0.07502568	0.09759293	-0.09901933	0.11799507	-0.084274136	0.06950351	-0.08910617	0.07486897	-0.07899537	0.08045898	-0.108424805	0.083748244	-0.07835143	0.05836012	-0.06482544	0.051908407	-0.042550474	0.04797727	-0.06256709	0.07150401	-0.04623256	0.052588228	-0.04039461	0.05647582	-0.05825486	0.070949584
-0.31249413	0.19915052	-0.19401342	0.13665818	-0.1278181	1.0	-0.43750176	0.20156762	-0.14609747	0.10173678	-0.6883071	0.2724519	-0.20764515	0.085516974	-0.084784955	0.26487958	-0.22326879	0.16122966	-0.07672554	0.065201305	-0.20366897	0.17196488	-0.18091232	0.092428304	-0.077527195	0.13652912	-0.11278395	0.10487206	-0.105886705	0.124173135	-0.13308021	0.11019001	-0.07572037	0.08099032	-0.06332323	0.05574734	-0.063252926	0.078884706	-0.09091579	0.05568158	-0.06770484	0.051698044	-0.07163374	0.071682505	-0.08783296
0.22068016	-0.23762754	0.2074541	-0.16448638	0.14244308	-0.43750176	1.0000002	-0.35707507	0.17615099	-0.12356028	0.27940068	-0.6120418	0.25092307	-0.103600495	0.09860957	-0.26712447	0.26327664	-0.20696422	0.088181406	-0.07680125	0.19034421	-0.21151659	0.1996335	-0.1084855	0.08857537	-0.14958389	0.122047104	-0.11953111	0.11768933	-0.14707778	0.13547008	-0.12321725	0.08506566	-0.09267323	0.072057545	-0.062237978	0.07015039	-0.08966715	0.10148274	-0.06393607	0.0750461	-0.0578124	0.0798574	-0.081514336	0.098524354
-0.23116699	0.20176229	-0.41121668	0.27518228	-0.25239113	0.20156762	-0.35707507	1.0000002	-0.4736538	0.21196051	-0.17613451	0.22580579	-0.47692433	0.15345638	-0.15248188	0.18397462	-0.20220558	0.21878067	-0.09675133	0.08275017	-0.15220372	0.16120371	-0.2096842	0.10564367	-0.08808175	0.12453769	-0.105832964	0.10802291	-0.108483925	0.13415408	-0.11748432	0.10638776	-0.07729151	0.08380507	-0.06593188	0.05552859	-0.06284467	0.08091383	-0.09248502	0.058251217	-0.06794862	0.05212931	-0.072571605	0.073816985	-0.09023076
0.16139376	-0.16192353	0.27863917	-0.56480795	0.30308896	-0.14609747	0.17615099	-0.4736538	1.0000002	-0.46445605	0.11949509	-0.14411223	0.20694771	-0.19665985	0.17234178	-0.13694313	0.12779123	-0.1403771	0.08047379	-0.07157131	0.10693235	-0.11038035	0.13215734	-0.08496209	0.070071004	-0.09473666	0.07941989	-0.08295335	0.083719335	-0.110425465	0.08858825	-0.082349695	0.06059192	-0.06693156	0.053194486	-0.044059973	0.049692523	-0.06460435	0.07367552	-0.04731532	0.05418843	-0.04164362	0.058090854	-0.059749227	0.072700106
-0.11979648	0.109887615	-0.19671321	0.26091897	-0.75392944	0.10173678	-0.12356028	0.21196051	-0.46445605	1.0000004	-0.08658796	0.10047848	-0.15339701	0.20635973	-0.2730927	0.098237224	-0.094115265	0.10095129	-0.072877474	0.065059535	-0.078984976	0.08066308	-0.09983669	0.06800899	-0.05728624	0.06964749	-0.059055474	0.06180829	-0.06337142	0.082881376	-0.06602618	0.060910583	-0.045310576	0.049889494	-0.03993934	0.032797065	-0.03706311	0.04812355	-0.05516784	0.03540157	-0.040512502	0.031074632	-0.043451782	0.044556834	-0.05453949
0.18558265	-0.15308996	0.14853573	-0.11334413	0.10545474	-0.6883071	0.27940068	-0.17613451	0.11949509	-0.08658796	1.0000002	-0.35844043	0.18678716	-0.07655375	0.07447676	-0.46683452	0.22316538	-0.16050738	0.073051594	-0.06289407	0.21696709	-0.18884245	0.17357205	-0.0918315	0.07568976	-0.14664598	0.114661984	-0.1064192	0.1050602	-0.12612401	0.13169834	-0.11320205	0.075590655	-0.08142	0.06299206	-0.055845644	0.06304448	-0.07909505	0.08982504	-0.05567191	0.06687363	-0.05140524	0.0707494	-0.07150502	0.0865673
-0.17693344	0.15152635	-0.16875066	0.12677853	-0.1216688	0.2724519	-0.6120418	0.22580579	-0.14411223	0.10047848	-0.35844043	1.0000005	-0.30486572	0.0933741	-0.09080528	0.24944916	-0.4981854	0.22307475	-0.08469101	0.07211465	-0.21033977	0.23230945	-0.22480704	0.10105903	-0.0835962	0.14370054	-0.12085707	0.11337053	-0.11163598	0.13076179	-0.13260464	0.116032645	-0.07905244	0.084386595	-0.065111235	0.057127103	-0.06468331	0.08165353	-0.092679635	0.05736361	-0.068529636	0.05268137	-0.072615914	0.07327723	-0.08900288
0.16663587	-0.14991266	0.20702976	-0.17779052	0.16709761	-0.20764515	0.25092307	-0.47692433	0.20694771	-0.15339701	0.18678716	-0.30486572	1.0000005	-0.19611225	0.15774086	-0.23431039	0.25537673	-0.55200124	0.1262194	-0.1116498	0.18816538	-0.22512129	0.28083855	-0.14428465	0.115017205	-0.1643319	0.1373072	-0.14640492	0.14122783	-0.18074235	0.14732589	-0.14032036	0.10100328	-0.11068544	0.08578471	-0.0719188	0.08095609	-0.1061221	0.11884295	-0.076272406	0.08682838	-0.06715292	0.0929203	-0.09577158	0.115522765
-0.088119246	0.07726645	-0.12408735	0.13486227	-0.21610421	0.085516974	-0.103600495	0.15345638	-0.19665985	0.20635973	-0.07655375	0.0933741	-0.19611225	1.0000002	-0.8908731	0.09050421	-0.09222694	0.11373823	-0.1586733	0.1248148	-0.075685784	0.07982023	-0.10482652	0.09039086	-0.07963388	0.06736616	-0.058371384	0.06285631	-0.06668324	0.08684527	-0.06397867	0.05959366	-0.04541022	0.04978471	-0.040490065	0.032105148	-0.036366463	0.04760145	-0.054624382	0.035596773	-0.039713576	0.030481383	-0.04271943	0.043842837	-0.054195214
0.08355501	-0.075093105	0.1159737	-0.1345694	0.19420175	-0.084784955	0.09860957	-0.15248188	0.17234178	-0.2730927	0.07447676	-0.09080528	0.15774086	-0.8908731	1.0000005	-0.09054147	0.08786146	-0.10888592	0.13358757	-0.13279061	0.074022114	-0.07793534	0.098362386	-0.09223477	0.07897211	-0.067691	0.058257	-0.06325543	0.06687986	-0.08947172	0.063803464	-0.06013849	0.04584456	-0.05062005	0.041192733	-0.032537926	0.036788303	-0.048361644	0.055298433	-0.036352273	0.040216956	-0.030918501	0.04330611	-0.04468167	0.0549918
-0.17672835	0.13495636	-0.16563414	0.12105542	-0.1250993	0.26487958	-0.26712447	0.18397462	-0.13694313	0.098237224	-0.46683452	0.24944916	-0.23431039	0.09050421	-0.09054147	1.0000002	-0.3428448	0.2063675	-0.09600426	0.0805443	-0.5750994	0.28023395	-0.26334122	0.11959061	-0.10121333	0.22733754	-0.17988555	0.14861572	-0.14962663	0.16019192	-0.22037016	0.16403204	-0.10500418	0.10927545	-0.084040806	0.078060776	-0.08886481	0.10694201	-0.123190716	0.073320135	-0.09282956	0.07076778	-0.0970294	0.095443584	-0.11679343
0.14269635	-0.12268982	0.14545162	-0.11478228	0.11230234	-0.22326879	0.26327664	-0.20220558	0.12779123	-0.094115265	0.22316538	-0.4981854	0.25537673	-0.09222694	0.08786146	-0.3428448	1.0000004	-0.3821104	0.09871393	-0.08558356	0.2676371	-0.53527045	0.29009098	-0.12323684	0.09908246	-0.18834047	0.1546329	-0.1432405	0.13429968	-0.15697105	0.15801246	-0.14744829	0.09504907	-0.10141034	0.07665656	-0.06839358	0.07712913	-0.09770596	0.10874175	-0.067708984	0.080290526	-0.062230103	0.08491584	-0.0862286	0.103472516
-0.1300104	0.10912801	-0.15040733	0.117580846	-0.12079949	0.16122966	-0.20696422	0.21878067	-0.1403771	0.10095129	-0.16050738	0.22307475	-0.55200124	0.11373823	-0.10888592	0.2063675	-0.3821104	1.0000004	-0.14231189	0.11087903	-0.19864185	0.2596208	-0.6014563	0.13909723	-0.11476157	0.14940323	-0.13334143	0.14224145	-0.13613282	0.15054637	-0.13555409	0.12553816	-0.09211764	0.09601482	-0.07317912	0.061933696	-0.07033334	0.09156637	-0.10281052	0.06405175	-0.07431686	0.057344705	-0.07926166	0.08022799	-0.0978641
0.0677058	-0.055714652	0.07860467	-0.06767787	0.08222351	-0.07672554	0.088181406	-0.09675133	0.08047379	-0.072877474	0.073051594	-0.08469101	0.1262194	-0.1586733	0.13358757	-0.09600426	0.09871393	-0.14231189	1.0000002	-0.8508417	0.08663244	-0.0926628	0.13172714	-0.32570407	0.2629706	-0.08675211	0.081458524	-0.10003276	0.12259144	-0.17127845	0.083951764	-0.08251504	0.07034369	-0.07764605	0.0681687	-0.046110027	0.052555293	-0.07156464	0.082399465	-0.05873835	0.05779725	-0.044520482	0.06313424	-0.0658972	0.084064394
-0.05941137	0.048430417	-0.06949544	0.05927208	-0.07502568	0.065201305	-0.07680125	0.08275017	-0.07157131	0.065059535	-0.06289407	0.07211465	-0.1116498	0.1248148	-0.13279061	0.0805443	-0.08558356	0.11087903	-0.8508417	1.0000004	-0.074658744	0.078459114	-0.11577593	0.25017095	-0.38858604	0.07314528	-0.06982408	0.08418583	-0.107457295	0.1430855	-0.07238733	0.069565326	-0.06045187	0.06577977	-0.05975223	0.03954355	-0.04534041	0.06097324	-0.07162873	0.050271846	-0.05029469	0.03845265	-0.054972406	0.05655244	-0.07412683
0.12664914	-0.1030214	0.12520099	-0.09592954	0.09759293	-0.20366897	0.19034421	-0.15220372	0.10693235	-0.078984976	0.21696709	-0.21033977	0.18816538	-0.075685784	0.074022114	-0.5750994	0.2676371	-0.19864185	0.08663244	-0.074658744	1.0000002	-0.5211924	0.24488531	-0.11790687	0.095596306	-0.39279643	0.20336919	-0.16078499	0.14768471	-0.1626988	0.22190148	-0.18620154	0.104737215	-0.10987883	0.081230745	-0.07877282	0.08843877	-0.106844686	0.117720746	-0.07158148	0.08888263	-0.06914627	0.092470944	-0.09284607	0.109974176
-0.12319006	0.100864574	-0.12657614	0.09701065	-0.09901933	0.17196488	-0.21151659	0.16120371	-0.11038035	0.08066308	-0.18884245	0.23230945	-0.22512129	0.07982023	-0.07793534	0.28023395	-0.53527045	0.2596208	-0.0926628	0.078459114	-0.5211924	1.0000005	-0.46842936	0.12189356	-0.099720396	0.21589766	-0.2089615	0.157008	-0.14495303	0.15078735	-0.1822499	0.16165435	-0.09949451	0.10186153	-0.07552701	0.07009213	-0.07976679	0.09822703	-0.109181575	0.06607405	-0.08092802	0.06266555	-0.084834315	0.08471631	-0.101780705
0.13356124	-0.11264322	0.14570281	-0.11726965	0.11799507	-0.18091232	0.1996335	-0.2096842	0.13215734	-0.09983669	0.17357205	-0.22480704	0.28083855	-0.10482652	0.098362386	-0.26334122	0.29009098	-0.6014563	0.13172714	-0.11577593	0.24488531	-0.46842936	1.0000004	-0.2013897	0.14398819	-0.20468163	0.17942776	-0.22595963	0.18179747	-0.20280828	0.17250198	-0.17133771	0.12422695	-0.13023409	0.0955583	-0.081300914	0.09184625	-0.12289585	0.13364568	-0.08411486	0.0957109	-0.07457437	0.102213286	-0.104520895	0.1255909
-0.08330922	0.0659249	-0.09254029	0.07232474	-0.084274136	0.092428304	-0.1084855	0.10564367	-0.08496209	0.06800899	-0.0918315	0.10105903	-0.14428465	0.09039086	-0.09223477	0.11959061	-0.12323684	0.13909723	-0.32570407	0.25017095	-0.11790687	0.12189356	-0.2013897	1.0000004	-0.7838006	0.12176073	-0.1260125	0.16300404	-0.26857576	0.2454287	-0.12371318	0.11994955	-0.11314708	0.11929222	-0.10845926	0.06931814	-0.08037851	0.10893074	-0.13007839	0.088606514	-0.08954297	0.06801046	-0.098312914	0.0990948	-0.13438149
0.06824723	-0.054492436	0.075724505	-0.060149673	0.06950351	-0.077527195	0.08857537	-0.08808175	0.070071004	-0.05728624	0.07568976	-0.0835962	0.115017205	-0.07963388	0.07897211	-0.10121333	0.09908246	-0.11476157	0.2629706	-0.38858604	0.095596306	-0.099720396	0.14398819	-0.7838006	1.0000002	-0.10342396	0.10328208	-0.138227	0.18997028	-0.30613658	0.10215435	-0.10276297	0.094824225	-0.10423934	0.100220576	-0.058993824	0.06777907	-0.09378221	0.10929896	-0.08341379	0.07515832	-0.057757124	0.082916744	-0.08662649	0.115087524
-0.10749209	0.0842235	-0.111135036	0.08275223	-0.08910617	0.13652912	-0.14958389	0.12453769	-0.09473666	0.06964749	-0.14664598	0.14370054	-0.1643319	0.06736616	-0.067691	0.22733754	-0.18834047	0.14940323	-0.08675211	0.07314528	-0.39279643	0.21589766	-0.20468163	0.12176073	-0.10342396	1.0000001	-0.49201524	0.22188482	-0.21439552	0.18604968	-0.5986569	0.30868217	-0.14486445	0.14020951	-0.10078984	0.11604283	-0.13173643	0.13937284	-0.15435368	0.087283514	-0.12317587	0.095068686	-0.122941904	0.1180731	-0.1381957
0.08828731	-0.06996436	0.09228599	-0.069632284	0.07486897	-0.11278395	0.122047104	-0.105832964	0.07941989	-0.059055474	0.114661984	-0.12085707	0.1373072	-0.058371384	0.058257	-0.17988555	0.1546329	-0.13334143	0.081458524	-0.06982408	0.20336919	-0.2089615	0.17942776	-0.1260125	0.10328208	-0.49201524	1.0000002	-0.44021562	0.2425415	-0.20626737	0.3091788	-0.5845121	0.17035523	-0.16241246	0.10363725	-0.12470092	0.14359856	-0.15751365	0.15786895	-0.09042869	0.12193728	-0.09910531	0.12270551	-0.120172955	0.13507405
-0.08955944	0.070202336	-0.09577037	0.07183545	-0.07899537	0.10487206	-0.11953111	0.10802291	-0.08295335	0.06180829	-0.1064192	0.11337053	-0.14640492	0.06285631	-0.06325543	0.14861572	-0.1432405	0.14224145	-0.10003276	0.08418583	-0.16078499	0.157008	-0.22595963	0.16300404	-0.138227	0.22188482	-0.44021562	1.0000004	-0.62936443	0.25973654	-0.21431686	0.23987103	-0.35891682	0.23301244	-0.1377299	0.111388475	-0.13259917	0.2063486	-0.21330026	0.113913715	-0.13111833	0.102692045	-0.14331248	0.13807547	-0.16908884
0.08976802	-0.07062678	0.09612035	-0.07281524	0.08045898	-0.105886705	0.11768933	-0.108483925	0.083719335	-0.06337142	0.1050602	-0.11163598	0.14122783	-0.06668324	0.06687986	-0.14962663	0.13429968	-0.13613282	0.12259144	-0.107457295	0.14768471	-0.14495303	0.18179747	-0.26857576	0.18997028	-0.21439552	0.2425415	-0.62936443	1.0	-0.49056774	0.1903925	-0.23463763	0.2300409	-0.26046082	0.1631476	-0.11140305	0.12678333	-0.20338467	0.20599653	-0.13845016	0.12897372	-0.103023805	0.14199142	-0.14904115	0.18048276
-0.11812709	0.090324946	-0.12799856	0.094419174	-0.108424805	0.124173135	-0.14707778	0.13415408	-0.110425465	0.082881376	-0.12612401	0.13076179	-0.18074235	0.08684527	-0.08947172	0.16019192	-0.15697105	0.15054637	-0.17127845	0.1430855	-0.1626988	0.15078735	-0.20280828	0.2454287	-0.30613658	0.18604968	-0.20626737	0.25973654	-0.49056774	0.99999964	-0.20543903	0.19447203	-0.21507329	0.22694029	-0.36055496	0.13230076	-0.15647358	0.20634484	-0.2681759	0.22800796	-0.18475325	0.13772632	-0.2083632	0.21152742	-0.3354679
0.10013704	-0.079513945	0.1035704	-0.07828221	0.083748244	-0.13308021	0.13547008	-0.11748432	0.08858825	-0.06602618	0.13169834	-0.13260464	0.14732589	-0.06397867	0.063803464	-0.22037016	0.15801246	-0.13555409	0.083951764	-0.07238733	0.22190148	-0.1822499	0.17250198	-0.12371318	0.10215435	-0.5986569	0.3091788	-0.21431686	0.1903925	-0.20543903	0.99999976	-0.5848699	0.14435811	-0.15066655	0.10541936	-0.16801213	0.16879018	-0.15702169	0.16018635	-0.09423579	0.14254722	-0.11637673	0.13547155	-0.1361522	0.14394477
-0.091544	0.07148002	-0.09624541	0.071653225	-0.07835143	0.11019001	-0.12321725	0.10638776	-0.082349695	0.060910583	-0.11320205	0.116032645	-0.14032036	0.05959366	-0.06013849	0.16403204	-0.14744829	0.12553816	-0.08251504	0.069565326	-0.18620154	0.16165435	-0.17133771	0.11994955	-0.10276297	0.30868217	-0.5845121	0.23987103	-0.23463763	0.19447203	-0.5848699	0.9999999	-0.16673273	0.15602882	-0.11028633	0.17089716	-0.24226134	0.16568543	-0.17707811	0.095706545	-0.16341677	0.12941867	-0.15382236	0.13940437	-0.15432999
0.065925315	-0.051336996	0.07040392	-0.0526094	0.05836012	-0.07572037	0.08506566	-0.07729151	0.06059192	-0.045310576	0.075590655	-0.07905244	0.10100328	-0.04541022	0.04584456	-0.10500418	0.09504907	-0.09211764	0.07034369	-0.06045187	0.104737215	-0.09949451	0.12422695	-0.11314708	0.094824225	-0.14486445	0.17035523	-0.35891682	0.2300409	-0.21507329	0.14435811	-0.16673273	0.99999994	-0.63900995	0.15257908	-0.12651806	0.14760283	-0.5298155	0.3123111	-0.1322504	0.13722415	-0.11793232	0.16362178	-0.1603953	0.16497633
-0.07285393	0.056260217	-0.07803147	0.057838246	-0.06482544	0.08099032	-0.09267323	0.08380507	-0.06693156	0.049889494	-0.08142	0.084386595	-0.11068544	0.04978471	-0.05062005	0.10927545	-0.10141034	0.09601482	-0.07764605	0.06577977	-0.10987883	0.10186153	-0.13023409	0.11929222	-0.10423934	0.14020951	-0.16241246	0.23301244	-0.26046082	0.22694029	-0.15066655	0.15602882	-0.63900995	0.99999964	-0.24262378	0.12285757	-0.14654891	0.3140326	-0.53588855	0.17236036	-0.15168422	0.12183741	-0.17854545	0.17996117	-0.21296297
0.057658095	-0.044453073	0.061922614	-0.04598672	0.051908407	-0.06332323	0.072057545	-0.06593188	0.053194486	-0.03993934	0.06299206	-0.065111235	0.08578471	-0.040490065	0.041192733	-0.084040806	0.07665656	-0.07317912	0.0681687	-0.05975223	0.081230745	-0.07552701	0.0955583	-0.10845926	0.100220576	-0.10078984	0.10363725	-0.1377299	0.1631476	-0.36055496	0.10541936	-0.11028633	0.15257908	-0.24262378	0.9999998	-0.08409718	0.09508513	-0.15136229	0.18497396	-0.79402035	0.109789915	-0.091767065	0.13453218	-0.20702194	0.27289605
-0.048595726	0.03764086	-0.05158669	0.03828503	-0.042550474	0.05574734	-0.062237978	0.05552859	-0.044059973	0.032797065	-0.055845644	0.057127103	-0.0719188	0.032105148	-0.032537926	0.078060776	-0.06839358	0.061933696	-0.046110027	0.03954355	-0.07877282	0.07009213	-0.081300914	0.06931814	-0.058993824	0.11604283	-0.12470092	0.111388475	-0.11140305	0.13230076	-0.16801213	0.17089716	-0.12651806	0.12285757	-0.08409718	0.9999999	-0.75346905	0.1859058	-0.16654086	0.07824567	-0.50243247	0.26632088	-0.2163816	0.16751319	-0.13206857
0.05475903	-0.042506505	0.058119077	-0.043245055	0.04797727	-0.063252926	0.07015039	-0.06284467	0.049692523	-0.03706311	0.06304448	-0.06468331	0.08095609	-0.036366463	0.036788303	-0.08886481	0.07712913	-0.07033334	0.052555293	-0.04534041	0.08843877	-0.07976679	0.09184625	-0.08037851	0.06777907	-0.13173643	0.14359856	-0.13259917	0.12678333	-0.15647358	0.16879018	-0.24226134	0.14760283	-0.14654891	0.09508513	-0.75346905	1.0	-0.26993972	0.18309687	-0.08992593	0.30220246	-0.3605897	0.22213748	-0.19941063	0.14482152
-0.07061004	0.054531038	-0.07546656	0.055918485	-0.06256709	0.078884706	-0.08966715	0.08091383	-0.06460435	0.04812355	-0.07909505	0.08165353	-0.1061221	0.04760145	-0.048361644	0.10694201	-0.09770596	0.09156637	-0.07156464	0.06097324	-0.106844686	0.09822703	-0.12289585	0.10893074	-0.09378221	0.13937284	-0.15751365	0.2063486	-0.20338467	0.20634484	-0.15702169	0.16568543	-0.5298155	0.3140326	-0.15136229	0.1859058	-0.26993972	0.9999999	-0.5994391	0.13412571	-0.21336754	0.18138824	-0.29174215	0.21239808	-0.20284604
0.0805592	-0.062398743	0.08601396	-0.064033665	0.07150401	-0.09091579	0.10148274	-0.09248502	0.07367552	-0.05516784	0.08982504	-0.092679635	0.11884295	-0.054624382	0.055298433	-0.123190716	0.10874175	-0.10281052	0.082399465	-0.07162873	0.117720746	-0.109181575	0.13364568	-0.13007839	0.10929896	-0.15435368	0.15786895	-0.21330026	0.20599653	-0.2681759	0.16018635	-0.17707811	0.3123111	-0.53588855	0.18497396	-0.16654086	0.18309687	-0.5994391	0.9999997	-0.18210153	0.17699558	-0.15741202	0.21407726	-0.25992212	0.21790475
-0.051380288	0.039460007	-0.055215534	0.04081484	-0.04623256	0.05568158	-0.06393607	0.058251217	-0.04731532	0.03540157	-0.05567191	0.05736361	-0.076272406	0.035596773	-0.036352273	0.073320135	-0.067708984	0.06405175	-0.05873835	0.050271846	-0.07158148	0.06607405	-0.08411486	0.088606514	-0.08341379	0.087283514	-0.09042869	0.113913715	-0.13845016	0.22800796	-0.09423579	0.095706545	-0.1322504	0.17236036	-0.79402035	0.07824567	-0.08992593	0.13412571	-0.18210153	0.9999997	-0.10811981	0.08795663	-0.13560435	0.19700812	-0.4529942
0.059597116	-0.04613531	0.063433625	-0.04715592	0.052588228	-0.06770484	0.0750461	-0.06794862	0.05418843	-0.040512502	0.06687363	-0.068529636	0.08682838	-0.039713576	0.040216956	-0.09282956	0.080290526	-0.07431686	0.05779725	-0.05029469	0.08888263	-0.08092802	0.0957109	-0.08954297	0.07515832	-0.12317587	0.12193728	-0.13111833	0.12897372	-0.18475325	0.14254722	-0.16341677	0.13722415	-0.15168422	0.109789915	-0.50243247	0.30220246	-0.21336754	0.17699558	-0.10811981	0.9999997	-0.63039625	0.28867278	-0.2891078	0.17637096
-0.04578045	0.035385404	-0.048756953	0.03617147	-0.04039461	0.051698044	-0.0578124	0.05212931	-0.04164362	0.031074632	-0.05140524	0.05268137	-0.06715292	0.030481383	-0.030918501	0.07076778	-0.062230103	0.057344705	-0.044520482	0.03845265	-0.06914627	0.06266555	-0.07457437	0.06801046	-0.057757124	0.095068686	-0.09910531	0.102692045	-0.103023805	0.13772632	-0.11637673	0.12941867	-0.11793232	0.12183741	-0.091767065	0.26632088	-0.3605897	0.18138824	-0.15741202	0.08795663	-0.63039625	0.99999976	-0.5725059	0.23856604	-0.16165133
0.06373358	-0.049258478	0.06798073	-0.05049046	0.05647582	-0.07163374	0.0798574	-0.072571605	0.058090854	-0.043451782	0.0707494	-0.072615914	0.0929203	-0.04271943	0.04330611	-0.0970294	0.08491584	-0.07926166	0.06313424	-0.054972406	0.092470944	-0.084834315	0.102213286	-0.098312914	0.082916744	-0.122941904	0.12270551	-0.14331248	0.14199142	-0.2083632	0.13547155	-0.15382236	0.16362178	-0.17854545	0.13453218	-0.2163816	0.22213748	-0.29174215	0.21407726	-0.13560435	0.28867278	-0.5725059	0.99999964	-0.5470245	0.23993094
-0.06543989	0.050277878	-0.07001637	0.05169081	-0.05825486	0.071682505	-0.081514336	0.073816985	-0.059749227	0.044556834	-0.07150502	0.07327723	-0.09577158	0.043842837	-0.04468167	0.095443584	-0.0862286	0.08022799	-0.0658972	0.05655244	-0.09284607	0.08471631	-0.104520895	0.0990948	-0.08662649	0.1180731	-0.120172955	0.13807547	-0.14904115	0.21152742	-0.1361522	0.13940437	-0.1603953	0.17996117	-0.20702194	0.16751319	-0.19941063	0.21239808	-0.25992212	0.19700812	-0.2891078	0.23856604	-0.5470245	0.99999964	-0.58829707
0.07937096	-0.061221283	0.084956765	-0.06309281	0.070949584	-0.08783296	0.098524354	-0.09023076	0.072700106	-0.05453949	0.0865673	-0.08900288	0.115522765	-0.054195214	0.0549918	-0.11679343	0.103472516	-0.0978641	0.084064394	-0.07412683	0.109974176	-0.101780705	0.1255909	-0.13438149	0.115087524	-0.1381957	0.13507405	-0.16908884	0.18048276	-0.3354679	0.14394477	-0.15432999	0.16497633	-0.21296297	0.27289605	-0.13206857	0.14482152	-0.20284604	0.21790475	-0.4529942	0.17637096	-0.16165133	0.23993094	-0.58829707	0.99999964
