0.99999994	-0.5803599	0.15223363	-0.14754099	0.1939087	-0.5556458	0.3008351	-0.25983605	0.19029984	-0.12669326	0.26631144	-0.32965764	0.18352427	-0.16058421	0.1690288	-0.21064073	0.18452342	-0.2015818	0.16633563	-0.101725094	0.10401072	-0.123220704	0.112954885	-0.11488828	0.1111972	-0.109471396	0.11957263	-0.0965305	0.113203384	-0.11173205	0.08952525	-0.080574736	0.08822905	-0.10275899	0.08077009	-0.10257906	0.0887464	-0.082291864	0.059506517	-0.05816366	0.0947927	-0.062037423	0.07467756	-0.062162932	0.07588082
-0.5803599	0.99999994	-0.23902895	0.17889795	-0.22362502	0.27802965	-0.58113533	0.27232328	-0.22995426	0.14371291	-0.21854483	0.24416588	-0.19419071	0.16877775	-0.1927229	0.15201093	-0.156988	0.18644246	-0.17974035	0.10452316	-0.09016384	0.10504955	-0.10763413	0.11125878	-0.11767073	0.094137296	-0.10922117	0.0897078	-0.11311338	0.10442876	-0.08295716	0.07453231	-0.08303558	0.09561864	-0.077025756	0.09302082	-0.0834951	0.0767676	-0.056250438	0.054769028	-0.09012628	0.058347538	-0.07079727	0.05831486	-0.07243285
0.15223363	-0.23902895	0.9999999	-0.8892523	0.18782946	-0.120326325	0.1525147	-0.19559374	0.19678943	-0.12847987	0.09837939	-0.13603178	0.12496447	-0.14038546	0.14058816	-0.08221638	0.08311989	-0.13395303	0.122308634	-0.07519403	0.055043917	-0.0665434	0.07134508	-0.07904759	0.07878898	-0.061040662	0.06948257	-0.060923778	0.0757317	-0.07542816	0.055356104	-0.050229482	0.056153923	-0.067200616	0.053480197	-0.06452085	0.055949815	-0.05237801	0.0383462	-0.03778603	0.06055812	-0.03956344	0.047749672	-0.04003099	0.049234267
-0.14754099	0.17889795	-0.8892523	0.99999976	-0.23430483	0.10967216	-0.14190653	0.16926752	-0.25178578	0.13954143	-0.09281451	0.12448637	-0.12187192	0.1401323	-0.15360674	0.07629752	-0.07826448	0.12562323	-0.12518178	0.07430595	-0.05209136	0.06269922	-0.068344146	0.07607645	-0.0788241	0.05757505	-0.06614552	0.057951305	-0.07370295	0.071770005	-0.05269724	0.047773827	-0.053589564	0.063887015	-0.05121825	0.061022148	-0.053380176	0.049842823	-0.036573157	0.03598895	-0.05782318	0.037698574	-0.045580763	0.038103558	-0.04703306
0.1939087	-0.22362502	0.18782946	-0.23430483	0.9999997	-0.18051714	0.18476811	-0.2587004	0.2761907	-0.5168744	0.1534462	-0.22779398	0.19342999	-0.2275265	0.32073933	-0.14025763	0.13907422	-0.23248722	0.20725635	-0.14750388	0.107184194	-0.13193232	0.1393879	-0.15803438	0.1496883	-0.124829635	0.1398428	-0.12251389	0.14940213	-0.16511723	0.116789244	-0.105915084	0.11712163	-0.14430936	0.11374983	-0.14171785	0.118170306	-0.11142104	0.082594186	-0.08236562	0.13042611	-0.085114	0.10223436	-0.086866155	0.10676599
-0.5556458	0.27802965	-0.120326325	0.10967216	-0.18051714	0.9999996	-0.37260816	0.22059307	-0.18094975	0.116683654	-0.58122885	0.28447607	-0.17234086	0.1441288	-0.15983786	0.22251241	-0.2140442	0.17416105	-0.15721028	0.09215033	-0.10197449	0.11395119	-0.10322219	0.10161388	-0.10396833	0.098785035	-0.11221107	0.08615308	-0.10360429	0.09626933	-0.08069954	0.07213511	-0.07911459	0.08965943	-0.07146382	0.089109585	-0.07997588	0.07309327	-0.053001758	0.051355906	-0.08527818	0.055350523	-0.067014135	0.05498879	-0.06783693
0.3008351	-0.58113533	0.1525147	-0.14190653	0.18476811	-0.37260816	0.99999946	-0.5284315	0.21738568	-0.1307687	0.2248512	-0.3317766	0.21875644	-0.17517468	0.16732073	-0.16457917	0.16613261	-0.20739618	0.17102922	-0.09830007	0.0868784	-0.1021778	0.102638185	-0.10496128	0.10735422	-0.08973461	0.102322996	-0.085610904	0.10385792	-0.096915685	0.07654889	-0.06913763	0.07703566	-0.08886315	0.070875034	-0.08597461	0.07667849	-0.07097666	0.051381096	-0.050034117	0.08173376	-0.0533328	0.06454477	-0.05336897	0.06564237
-0.25983605	0.27232328	-0.19559374	0.16926752	-0.2587004	0.22059307	-0.5284315	0.9999993	-0.42569846	0.19511299	-0.19874804	0.2546266	-0.44900775	0.26459554	-0.24835807	0.15046073	-0.16519205	0.27100706	-0.2580253	0.13569187	-0.097206876	0.11476655	-0.13230018	0.13713571	-0.15048723	0.10301356	-0.12159486	0.10715468	-0.13734919	0.12228904	-0.09365828	0.08485442	-0.096435554	0.11109954	-0.090128176	0.10460056	-0.09504184	0.08800332	-0.06409516	0.06238622	-0.10164696	0.06613544	-0.08040657	0.06629418	-0.08218039
0.19029984	-0.22995426	0.19678943	-0.25178578	0.2761907	-0.18094975	0.21738568	-0.42569846	0.9999994	-0.4119497	0.15455642	-0.23302905	0.26733428	-0.52564764	0.28814203	-0.1369675	0.14067991	-0.278277	0.26633468	-0.1556821	0.092829235	-0.11334136	0.12830918	-0.15141189	0.15058115	-0.10338402	0.11810434	-0.10890047	0.13770033	-0.13391371	0.094243854	-0.08620965	0.09763181	-0.117802106	0.09402419	-0.10924309	0.095618725	-0.09019756	0.06547888	-0.064524315	0.102245085	-0.067254566	0.08121986	-0.06824718	0.08354098
-0.12669326	0.14371291	-0.12847987	0.13954143	-0.5168744	0.116683654	-0.1307687	0.19511299	-0.4119497	0.9999993	-0.101170786	0.14873074	-0.15313295	0.21051621	-0.67621684	0.09050444	-0.09204417	0.16576552	-0.1694249	0.11432487	-0.06622641	0.08101086	-0.08961121	0.10391405	-0.1134054	0.07543479	-0.08579055	0.077045925	-0.09762186	0.10077753	-0.07022664	0.06392741	-0.0717527	0.08751786	-0.07028338	0.083025135	-0.07128582	0.06713023	-0.049390737	0.048975118	-0.07749916	0.05071809	-0.061162736	0.05163218	-0.06353695
0.26631144	-0.21854483	0.09837939	-0.09281451	0.1534462	-0.58122885	0.2248512	-0.19874804	0.15455642	-0.101170786	0.99999905	-0.48622125	0.17152333	-0.13684729	0.13731171	-0.4766396	0.28192607	-0.18721837	0.14555721	-0.08568937	0.11910019	-0.13404582	0.103329256	-0.09767748	0.09470515	-0.11186295	0.11780091	-0.08715935	0.097504295	-0.09283079	0.080661006	-0.07219285	0.07778697	-0.08764749	0.068506636	-0.08880542	0.07831279	-0.07184256	0.05104286	-0.04935101	0.0817542	-0.053661335	0.06457872	-0.05316948	0.064487144
-0.32965764	0.24416588	-0.13603178	0.12448637	-0.22779398	0.28447607	-0.3317766	0.2546266	-0.23302905	0.14873074	-0.48622125	0.9999989	-0.31526074	0.20031984	-0.20644417	0.29494435	-0.47121093	0.25244564	-0.22122674	0.12323631	-0.14238825	0.16073759	-0.1430678	0.13501358	-0.14005187	0.13251023	-0.15634577	0.116847396	-0.13883184	0.12524009	-0.10763572	0.09629404	-0.10575177	0.11782928	-0.094038114	0.11660963	-0.10650299	0.09686906	-0.06980519	0.067289844	-0.112458915	0.073019706	-0.08854863	0.072234325	-0.08905186
0.18352427	-0.19419071	0.12496447	-0.12187192	0.19342999	-0.17234086	0.21875644	-0.44900775	0.26733428	-0.15313295	0.17152333	-0.31526074	0.9999988	-0.44037205	0.19319676	-0.15249725	0.17465839	-0.61651915	0.280716	-0.13838166	0.09315012	-0.11363372	0.14279659	-0.1400377	0.14224224	-0.098999776	0.11585003	-0.11535766	0.13159603	-0.11682322	0.08795803	-0.08116236	0.09359796	-0.10732472	0.085192725	-0.098397486	0.08928941	-0.08431821	0.05968444	-0.057994768	0.093122266	-0.06155576	0.074599065	-0.06186316	0.07531991
-0.16058421	0.16877775	-0.14038546	0.1401323	-0.2275265	0.1441288	-0.17517468	0.26459554	-0.52564764	0.21051621	-0.13684729	0.20031984	-0.44037205	0.9999987	-0.2784493	0.11987453	-0.13162507	0.29400066	-0.54808545	0.17938103	-0.084605396	0.10268646	-0.12862334	0.15811223	-0.18285014	0.09305514	-0.1094803	0.10463816	-0.14771344	0.12489626	-0.08687353	0.07970485	-0.092268534	0.109659165	-0.09005922	0.098078415	-0.08886004	0.08353445	-0.06055068	0.05931603	-0.09408442	0.06184425	-0.07515445	0.062604986	-0.07718182
0.1690288	-0.1927229	0.14058816	-0.15360674	0.32073933	-0.15983786	0.16732073	-0.24835807	0.28814203	-0.67621684	0.13731171	-0.20644417	0.19319676	-0.2784493	0.9999988	-0.12567686	0.12598985	-0.22677365	0.21270238	-0.17265087	0.093738616	-0.11537067	0.12543376	-0.14678293	0.15625834	-0.108123876	0.1218958	-0.10929958	0.13587806	-0.1475858	0.10087137	-0.09188784	0.1026807	-0.1267671	0.10129852	-0.120719746	0.10231205	-0.09668154	0.07126368	-0.07095366	0.1116419	-0.07315007	0.08803136	-0.0747002	0.09172202
-0.21064073	0.15201093	-0.08221638	0.07629752	-0.14025763	0.22251241	-0.16457917	0.15046073	-0.1369675	0.09050444	-0.4766396	0.29494435	-0.15249725	0.11987453	-0.12567686	0.9999987	-0.7346499	0.17503542	-0.13908315	0.0797572	-0.18614234	0.17075357	-0.109195665	0.09361448	-0.09016944	0.13340648	-0.14119622	0.090272695	-0.09578313	0.08905142	-0.08628807	0.0762273	-0.08008557	0.08665803	-0.067266755	0.090285055	-0.08144083	0.07332094	-0.051267564	0.048966195	-0.08299071	0.05450502	-0.06556605	0.0532546	-0.06420195
0.18452342	-0.156988	0.08311989	-0.07826448	0.13907422	-0.2140442	0.16613261	-0.16519205	0.14067991	-0.09204417	0.28192607	-0.47121093	0.17465839	-0.13162507	0.12598985	-0.7346499	0.9999987	-0.23698461	0.14757928	-0.08397203	0.15907258	-0.21135312	0.115776375	-0.0987151	0.09278609	-0.13424924	0.14406765	-0.09626335	0.09858272	-0.09260305	0.0873092	-0.07830044	0.08259859	-0.09005364	0.069302335	-0.092880085	0.08291273	-0.07553135	0.05232174	-0.05008417	0.08394742	-0.05555132	0.06665833	-0.054479554	0.06517074
-0.2015818	0.18644246	-0.13395303	0.12562323	-0.23248722	0.17416105	-0.20739618	0.27100706	-0.278277	0.16576552	-0.18721837	0.25244564	-0.61651915	0.29400066	-0.22677365	0.17503542	-0.23698461	0.9999987	-0.44955212	0.17784806	-0.118713796	0.14380626	-0.23574267	0.18147859	-0.19886331	0.12503177	-0.15265419	0.15916331	-0.18038781	0.14808065	-0.114877515	0.10630103	-0.12622523	0.13872768	-0.11137808	0.12533557	-0.11762122	0.11049859	-0.077740535	0.074857	-0.12124637	0.08007416	-0.09764436	0.08005269	-0.09779789
0.16633563	-0.17974035	0.122308634	-0.12518178	0.20725635	-0.15721028	0.17102922	-0.2580253	0.26633468	-0.1694249	0.14555721	-0.22122674	0.280716	-0.54808545	0.21270238	-0.13908315	0.14757928	-0.44955212	0.9999987	-0.3718463	0.10124838	-0.1257246	0.16387847	-0.27684703	0.24902469	-0.114025146	0.13291168	-0.13668653	0.20043787	-0.16973822	0.10703922	-0.0995921	0.116752334	-0.14409246	0.11731485	-0.12167023	0.10998507	-0.105154775	0.07540232	-0.07426845	0.11477048	-0.07639348	0.09265496	-0.07801994	0.09515999
-0.101725094	0.10452316	-0.07519403	0.07430595	-0.14750388	0.09215033	-0.09830007	0.13569187	-0.1556821	0.11432487	-0.08568937	0.12323631	-0.13838166	0.17938103	-0.17265087	0.0797572	-0.08397203	0.17784806	-0.3718463	0.9999985	-0.06829472	0.083175965	-0.10847904	0.1468482	-0.8390287	0.07844993	-0.09444895	0.090949625	-0.13844538	0.16999397	-0.08122302	0.07459472	-0.08965154	0.11352416	-0.12092708	0.08987292	-0.085219495	0.07994171	-0.061070696	0.061524972	-0.09103546	0.059590753	-0.07343235	0.061808746	-0.080179825
0.10401072	-0.09016384	0.055043917	-0.05209136	0.107184194	-0.10197449	0.0868784	-0.097206876	0.092829235	-0.06622641	0.11910019	-0.14238825	0.09315012	-0.084605396	0.093738616	-0.18614234	0.15907258	-0.118713796	0.10124838	-0.06829472	0.9999985	-0.6276208	0.1619599	-0.10778079	0.076633796	-0.64321	0.3052538	-0.14660282	0.10890268	-0.115930825	0.1696329	-0.14113438	0.1255709	-0.1265676	0.08911123	-0.16371861	0.1320898	-0.11674368	0.07393394	-0.068738304	0.12174444	-0.08342816	0.09686578	-0.07815093	0.08693159
-0.123220704	0.10504955	-0.0665434	0.06269922	-0.13193232	0.11395119	-0.1021778	0.11476655	-0.11334136	0.08101086	-0.13404582	0.16073759	-0.11363372	0.10268646	-0.11537067	0.17075357	-0.21135312	0.14380626	-0.1257246	0.083175965	-0.6276208	0.99999845	-0.2626089	0.13551995	-0.09444884	0.3230793	-0.5511275	0.19938847	-0.1413572	0.13743427	-0.18861546	0.1708039	-0.16214712	0.15281677	-0.10934325	0.17472911	-0.16736574	0.14366864	-0.09164752	0.08415936	-0.15074237	0.10183809	-0.12087442	0.095405154	-0.10837389
0.112954885	-0.10763413	0.07134508	-0.068344146	0.1393879	-0.10322219	0.102638185	-0.13230018	0.12830918	-0.08961121	0.103329256	-0.1430678	0.14279659	-0.12862334	0.12543376	-0.109195665	0.115776375	-0.23574267	0.16387847	-0.10847904	0.1619599	-0.2626089	0.99999857	-0.2838102	0.11910122	-0.19520019	0.24157695	-0.7414354	0.22237706	-0.19247113	0.17194101	-0.18829113	0.2511479	-0.23816907	0.1493794	-0.18986739	0.18179992	-0.20293388	0.11093355	-0.10274297	0.15782608	-0.1165654	0.13912567	-0.11616278	0.1236987
-0.11488828	0.11125878	-0.07904759	0.07607645	-0.15803438	0.10161388	-0.10496128	0.13713571	-0.15141189	0.10391405	-0.09767748	0.13501358	-0.1400377	0.15811223	-0.14678293	0.09361448	-0.0987151	0.18147859	-0.27684703	0.1468482	-0.10778079	0.13551995	-0.2838102	0.9999985	-0.17227936	0.12615947	-0.16139577	0.19836374	-0.8089715	0.183176	-0.13434295	0.12740907	-0.16428734	0.20221974	-0.14948598	0.1433822	-0.14267126	0.13636903	-0.095929705	0.09120335	-0.14292312	0.095728815	-0.11822834	0.09705419	-0.11743439
0.1111972	-0.11767073	0.07878898	-0.0788241	0.1496883	-0.10396833	0.10735422	-0.15048723	0.15058115	-0.1134054	0.09470515	-0.14005187	0.14224224	-0.18285014	0.15625834	-0.09016944	0.09278609	-0.19886331	0.24902469	-0.8390287	0.076633796	-0.09444884	0.11910122	-0.17227936	0.99999833	-0.089322194	0.105379365	-0.10316201	0.14760153	-0.2516087	0.09126372	-0.08479706	0.10165517	-0.13730834	0.14089915	-0.103029504	0.09559638	-0.09130235	0.06912844	-0.07060821	0.10105531	-0.06704635	0.082123525	-0.070380636	0.08957616
-0.109471396	0.094137296	-0.061040662	0.05757505	-0.124829635	0.098785035	-0.08973461	0.10301356	-0.10338402	0.07543479	-0.11186295	0.13251023	-0.098999776	0.09305514	-0.108123876	0.13340648	-0.13424924	0.12503177	-0.114025146	0.07844993	-0.64321	0.3230793	-0.19520019	0.12615947	-0.089322194	0.99999833	-0.5366316	0.17683317	-0.13420375	0.13938282	-0.29471803	0.19928858	-0.16849747	0.15669182	-0.11177553	0.20844994	-0.18857016	0.15405582	-0.0978492	0.089002214	-0.16788694	0.11221812	-0.13152684	0.10219695	-0.11502128
0.11957263	-0.10922117	0.06948257	-0.06614552	0.1398428	-0.11221107	0.102322996	-0.12159486	0.11810434	-0.08579055	0.11780091	-0.15634577	0.11585003	-0.1094803	0.1218958	-0.14119622	0.14406765	-0.15265419	0.13291168	-0.09444895	0.3052538	-0.5511275	0.24157695	-0.16139577	0.105379365	-0.5366316	0.99999833	-0.2987062	0.16034544	-0.18178792	0.24056819	-0.28912258	0.21229292	-0.2086452	0.13902012	-0.25083244	0.21213469	-0.19639646	0.11440923	-0.10627012	0.17980513	-0.13009088	0.14847156	-0.1222728	0.13004258
-0.0965305	0.0897078	-0.060923778	0.057951305	-0.12251389	0.08615308	-0.085610904	0.10715468	-0.10890047	0.077045925	-0.08715935	0.116847396	-0.11535766	0.10463816	-0.10929958	0.090272695	-0.09626335	0.15916331	-0.13668653	0.090949625	-0.14660282	0.19938847	-0.7414354	0.19836374	-0.10316201	0.17683317	-0.2987062	0.9999982	-0.22194584	0.16748177	-0.18246636	0.19750895	-0.40478924	0.21957593	-0.14619116	0.17769718	-0.20018159	0.20565335	-0.11214302	0.09889374	-0.16005829	0.11698249	-0.14561747	0.11334697	-0.12218341
0.113203384	-0.11311338	0.0757317	-0.07370295	0.14940213	-0.10360429	0.10385792	-0.13734919	0.13770033	-0.09762186	0.097504295	-0.13883184	0.13159603	-0.14771344	0.13587806	-0.09578313	0.09858272	-0.18038781	0.20043787	-0.13844538	0.10890268	-0.1413572	0.22237706	-0.8089715	0.14760153	-0.13420375	0.16034544	-0.22194584	0.9999982	-0.23496468	0.1383616	-0.13688757	0.17514527	-0.28406987	0.17183153	-0.15647994	0.14683506	-0.14930314	0.1019196	-0.09933961	0.14343041	-0.099853694	0.12119792	-0.10467235	0.12122396
-0.11173205	0.10442876	-0.07542816	0.071770005	-0.16511723	0.09626933	-0.096915685	0.12228904	-0.13391371	0.10077753	-0.09283079	0.12524009	-0.11682322	0.12489626	-0.1475858	0.08905142	-0.09260305	0.14808065	-0.16973822	0.16999397	-0.115930825	0.13743427	-0.19247113	0.183176	-0.2516087	0.13938282	-0.18178792	0.16748177	-0.23496468	0.99999803	-0.18215194	0.16576003	-0.22247913	0.3027099	-0.70567816	0.18460636	-0.20136964	0.18415013	-0.161048	0.17149976	-0.21627638	0.13956076	-0.17883353	0.15193132	-0.22428389
0.08952525	-0.08295716	0.055356104	-0.05269724	0.116789244	-0.08069954	0.07654889	-0.09365828	0.094243854	-0.07022664	0.080661006	-0.10763572	0.08795803	-0.08687353	0.10087137	-0.08628807	0.0873092	-0.114877515	0.10703922	-0.08122302	0.1696329	-0.18861546	0.17194101	-0.13434295	0.09126372	-0.29471803	0.24056819	-0.18246636	0.1383616	-0.18215194	0.9999981	-0.5611378	0.23696633	-0.22377597	0.14240754	-0.59543574	0.27771595	-0.23818293	0.12922317	-0.11621318	0.23230626	-0.16764088	0.17737731	-0.1407117	0.1408748
-0.080574736	0.07453231	-0.050229482	0.047773827	-0.105915084	0.07213511	-0.06913763	0.08485442	-0.08620965	0.06392741	-0.07219285	0.09629404	-0.08116236	0.07970485	-0.09188784	0.0762273	-0.07830044	0.10630103	-0.0995921	0.07459472	-0.14113438	0.1708039	-0.18829113	0.12740907	-0.08479706	0.19928858	-0.28912258	0.19750895	-0.13688757	0.16576003	-0.5611378	0.999998	-0.41308618	0.22145325	-0.14563362	0.2844444	-0.5303815	0.27753288	-0.13382153	0.11310324	-0.2154538	0.16687466	-0.18854786	0.13826455	-0.13805509
0.08822905	-0.08303558	0.056153923	-0.053589564	0.11712163	-0.07911459	0.07703566	-0.096435554	0.09763181	-0.0717527	0.07778697	-0.10575177	0.09359796	-0.092268534	0.1026807	-0.08008557	0.08259859	-0.12622523	0.116752334	-0.08965154	0.1255709	-0.16214712	0.2511479	-0.16428734	0.10165517	-0.16849747	0.21229292	-0.40478924	0.17514527	-0.22247913	0.23696633	-0.41308618	0.9999981	-0.46277118	0.20421681	-0.23613657	0.29323894	-0.49329942	0.1581742	-0.13434647	0.19899145	-0.16493666	0.20276283	-0.16039722	0.15416324
-0.10275899	0.09561864	-0.067200616	0.063887015	-0.14430936	0.08965943	-0.08886315	0.11109954	-0.117802106	0.08751786	-0.08764749	0.11782928	-0.10732472	0.109659165	-0.1267671	0.08665803	-0.09005364	0.13872768	-0.14409246	0.11352416	-0.1265676	0.15281677	-0.23816907	0.20221974	-0.13730834	0.15669182	-0.2086452	0.21957593	-0.28406987	0.3027099	-0.22377597	0.22145325	-0.46277118	0.9999979	-0.5512346	0.21119894	-0.2560082	0.24689068	-0.19466934	0.16933201	-0.23083222	0.1590595	-0.20790602	0.1716057	-0.20703073
0.08077009	-0.077025756	0.053480197	-0.05121825	0.11374983	-0.07146382	0.070875034	-0.090128176	0.09402419	-0.07028338	0.068506636	-0.094038114	0.085192725	-0.09005922	0.10129852	-0.067266755	0.069302335	-0.11137808	0.11731485	-0.12092708	0.08911123	-0.10934325	0.1493794	-0.14948598	0.14089915	-0.11177553	0.13902012	-0.14619116	0.17183153	-0.70567816	0.14240754	-0.14563362	0.20421681	-0.5512346	0.999998	-0.153705	0.1606555	-0.1694469	0.14330651	-0.18983048	0.15632865	-0.110919744	0.1390162	-0.13523121	0.1797814
-0.10257906	0.09302082	-0.06452085	0.061022148	-0.14171785	0.089109585	-0.08597461	0.10460056	-0.10924309	0.083025135	-0.08880542	0.11660963	-0.098397486	0.098078415	-0.120719746	0.090285055	-0.092880085	0.12533557	-0.12167023	0.08987292	-0.16371861	0.17472911	-0.18986739	0.1433822	-0.103029504	0.20844994	-0.25083244	0.17769718	-0.15647994	0.18460636	-0.59543574	0.2844444	-0.23613657	0.21119894	-0.153705	0.99999803	-0.33911452	0.24179839	-0.168733	0.14513573	-0.47320786	0.23384397	-0.2617946	0.17712347	-0.19621617
0.0887464	-0.0834951	0.055949815	-0.053380176	0.118170306	-0.07997588	0.07667849	-0.09504184	0.095618725	-0.07128582	0.07831279	-0.10650299	0.08928941	-0.08886004	0.10231205	-0.08144083	0.08291273	-0.11762122	0.10998507	-0.085219495	0.1320898	-0.16736574	0.18179992	-0.14267126	0.09559638	-0.18857016	0.21213469	-0.20018159	0.14683506	-0.20136964	0.27771595	-0.5303815	0.29323894	-0.2560082	0.1606555	-0.33911452	0.99999815	-0.55738944	0.17383024	-0.14637952	0.24724743	-0.27921095	0.25030997	-0.19222832	0.16485308
-0.082291864	0.0767676	-0.05237801	0.049842823	-0.11142104	0.07309327	-0.07097666	0.08800332	-0.09019756	0.06713023	-0.07184256	0.09686906	-0.08431821	0.08353445	-0.09668154	0.07332094	-0.07553135	0.11049859	-0.105154775	0.07994171	-0.11674368	0.14366864	-0.20293388	0.13636903	-0.09130235	0.15405582	-0.19639646	0.20565335	-0.14930314	0.18415013	-0.23818293	0.27753288	-0.49329942	0.24689068	-0.1694469	0.24179839	-0.55738944	0.999998	-0.2567993	0.16310498	-0.26092285	0.23549753	-0.39528185	0.22031535	-0.19160539
0.059506517	-0.056250438	0.0383462	-0.036573157	0.082594186	-0.053001758	0.051381096	-0.06409516	0.06547888	-0.049390737	0.05104286	-0.06980519	0.05968444	-0.06055068	0.07126368	-0.051267564	0.05232174	-0.077740535	0.07540232	-0.061070696	0.07393394	-0.09164752	0.11093355	-0.095929705	0.06912844	-0.0978492	0.11440923	-0.11214302	0.1019196	-0.161048	0.12922317	-0.13382153	0.1581742	-0.19466934	0.14330651	-0.168733	0.17383024	-0.2567993	0.99999785	-0.5041624	0.17539796	-0.17108764	0.22807615	-0.6982784	0.30257288
-0.05816366	0.054769028	-0.03778603	0.03598895	-0.08236562	0.051355906	-0.050034117	0.06238622	-0.064524315	0.048975118	-0.04935101	0.067289844	-0.057994768	0.05931603	-0.07095366	0.048966195	-0.05008417	0.074857	-0.07426845	0.061524972	-0.068738304	0.08415936	-0.10274297	0.09120335	-0.07060821	0.089002214	-0.10627012	0.09889374	-0.09933961	0.17149976	-0.11621318	0.11310324	-0.13434647	0.16933201	-0.18983048	0.14513573	-0.14637952	0.16310498	-0.5041624	0.9999976	-0.15915093	0.12755847	-0.17330672	0.28326944	-0.75380296
0.0947927	-0.09012628	0.06055812	-0.05782318	0.13042611	-0.08527818	0.08173376	-0.10164696	0.102245085	-0.07749916	0.0817542	-0.112458915	0.093122266	-0.09408442	0.1116419	-0.08299071	0.08394742	-0.12124637	0.11477048	-0.09103546	0.12174444	-0.15074237	0.15782608	-0.14292312	0.10105531	-0.16788694	0.17980513	-0.16005829	0.14343041	-0.21627638	0.23230626	-0.2154538	0.19899145	-0.23083222	0.15632865	-0.47320786	0.24724743	-0.26092285	0.17539796	-0.15915093	0.9999976	-0.61225265	0.29979277	-0.23493081	0.17894904
-0.062037423	0.058347538	-0.03956344	0.037698574	-0.085114	0.055350523	-0.0533328	0.06613544	-0.067254566	0.05071809	-0.053661335	0.073019706	-0.06155576	0.06184425	-0.07315007	0.05450502	-0.05555132	0.08007416	-0.07639348	0.059590753	-0.08342816	0.10183809	-0.1165654	0.095728815	-0.06704635	0.11221812	-0.13009088	0.11698249	-0.099853694	0.13956076	-0.16764088	0.16687466	-0.16493666	0.1590595	-0.110919744	0.23384397	-0.27921095	0.23549753	-0.17108764	0.12755847	-0.61225265	0.9999977	-0.6320449	0.20724893	-0.15748271
0.07467756	-0.07079727	0.047749672	-0.045580763	0.10223436	-0.067014135	0.06454477	-0.08040657	0.08121986	-0.061162736	0.06457872	-0.08854863	0.074599065	-0.07515445	0.08803136	-0.06556605	0.06665833	-0.09764436	0.09265496	-0.07343235	0.09686578	-0.12087442	0.13912567	-0.11822834	0.082123525	-0.13152684	0.14847156	-0.14561747	0.12119792	-0.17883353	0.17737731	-0.18854786	0.20276283	-0.20790602	0.1390162	-0.2617946	0.25030997	-0.39528185	0.22807615	-0.17330672	0.29979277	-0.6320449	0.9999977	-0.39945742	0.19294374
-0.062162932	0.05831486	-0.04003099	0.038103558	-0.086866155	0.05498879	-0.05336897	0.06629418	-0.06824718	0.05163218	-0.05316948	0.072234325	-0.06186316	0.062604986	-0.0747002	0.0532546	-0.054479554	0.08005269	-0.07801994	0.061808746	-0.07815093	0.095405154	-0.11616278	0.09705419	-0.070380636	0.10219695	-0.1222728	0.11334697	-0.10467235	0.15193132	-0.1407117	0.13826455	-0.16039722	0.1716057	-0.13523121	0.17712347	-0.19222832	0.22031535	-0.6982784	0.28326944	-0.23493081	0.20724893	-0.39945742	0.9999978	-0.39617965
0.07588082	-0.07243285	0.049234267	-0.04703306	0.10676599	-0.06783693	0.06564237	-0.08218039	0.08354098	-0.06353695	0.064487144	-0.08905186	0.07531991	-0.07718182	0.09172202	-0.06420195	0.06517074	-0.09779789	0.09515999	-0.080179825	0.08693159	-0.10837389	0.1236987	-0.11743439	0.08957616	-0.11502128	0.13004258	-0.12218341	0.12122396	-0.22428389	0.1408748	-0.13805509	0.15416324	-0.20703073	0.1797814	-0.19621617	0.16485308	-0.19160539	0.30257288	-0.75380296	0.17894904	-0.15748271	0.19294374	-0.39617965	0.9999978
