0.99999994	-0.7731244	0.26829606	-0.10842861	0.12105834	-0.12290924	0.21631423	-0.30593812	0.13557966	-0.12188916	0.10532895	-0.180815	0.18105374	-0.1518202	0.1566377	-0.2652583	0.17429247	-0.13308522	0.13732666	-0.11510138	0.09050782	-0.08315016	0.121748656	-0.14951308	0.10222132	-0.071276665	0.08861002	-0.12446823	0.096023016	-0.12641859	0.07406797	-0.07212382	0.09742028	-0.073838145	0.0641845	-0.09934708	0.065517895	-0.07317722	0.068097405	-0.060286213	0.06453118	-0.052578982	0.107894726	-0.046037216	0.05658351
-0.7731244	1.0	-0.44933832	0.09402441	-0.10545822	0.09418248	-0.24251527	0.2638021	-0.118986055	0.099610895	-0.08705344	0.15569073	-0.16735373	0.12634777	-0.13029476	0.18173645	-0.14806488	0.10626017	-0.11223726	0.08721601	-0.06704337	0.06146239	-0.09133977	0.10892587	-0.07788541	0.05089908	-0.063961804	0.089876264	-0.069883905	0.090751216	-0.053151887	0.051659927	-0.070143774	0.05281495	-0.04604686	0.06930471	-0.046317324	0.051689226	-0.048504125	0.04281175	-0.045528922	0.037076034	-0.07616726	0.03254183	-0.040043578
0.26829606	-0.44933832	0.9999995	-0.13571416	0.12311069	-0.08251792	0.19545916	-0.76309574	0.146984	-0.12073925	0.074705325	-0.15346754	0.20464787	-0.16654591	0.13879247	-0.18753573	0.14087805	-0.11534301	0.11975011	-0.095144704	0.06849056	-0.06330449	0.09501394	-0.11698543	0.082531966	-0.053145804	0.066460766	-0.094938934	0.07409008	-0.09737072	0.055181593	-0.053898197	0.07295057	-0.05557084	0.048213292	-0.072727665	0.048332393	-0.054084703	0.0506359	-0.044828013	0.047309376	-0.03858845	0.07886046	-0.03382852	0.041567802
-0.10842861	0.09402441	-0.13571416	0.9999995	-0.67399323	0.047989085	-0.104554996	0.1330013	-0.6099267	0.2812509	-0.045896765	0.090292506	-0.18553127	0.19502155	-0.21764904	0.14519691	-0.11089541	0.10377055	-0.12250748	0.104424275	-0.058955938	0.0541194	-0.086513	0.110605255	-0.08790552	0.047890723	-0.06031354	0.0860095	-0.07045749	0.09370445	-0.04990868	0.04892335	-0.06651595	0.05140431	-0.044579506	0.06581688	-0.043883923	0.049176257	-0.046375792	0.04106279	-0.04281502	0.034945574	-0.07126334	0.03070123	-0.03772101
0.12105834	-0.10545822	0.12311069	-0.67399323	0.9999996	-0.05822969	0.12051106	-0.1365019	0.31849426	-0.51098865	0.0553762	-0.105844185	0.17678282	-0.19866486	0.2570646	-0.19592477	0.13426091	-0.12439825	0.1383551	-0.13909863	0.0770612	-0.07075004	0.11206041	-0.14890848	0.11334481	-0.0650263	0.08119067	-0.11573522	0.09482635	-0.12900136	0.06751262	-0.066317864	0.08979193	-0.0700177	0.06048802	-0.091162845	0.060129926	-0.067465596	0.06321654	-0.05615537	0.0587173	-0.047958024	0.09763817	-0.042061027	0.051615637
-0.12290924	0.09418248	-0.08251792	0.047989085	-0.05822969	0.99999976	-0.26328662	0.091014676	-0.06517137	0.057104178	-0.9181325	0.21318288	-0.09990809	0.07642272	-0.08057569	0.15295039	-0.15618324	0.08545793	-0.085025124	0.05903586	-0.055549886	0.04976961	-0.069695115	0.076128155	-0.05378332	0.036231533	-0.046090797	0.06439659	-0.048770294	0.06142799	-0.038119484	0.03667908	-0.050095424	0.03673507	-0.03222762	0.04700506	-0.03214637	0.03574627	-0.033842064	0.029695207	-0.031648707	0.025715783	-0.05316994	0.0226414	-0.027934767
0.21631423	-0.24251527	0.19545916	-0.104554996	0.12051106	-0.26328662	0.9999996	-0.27331218	0.13712475	-0.123006284	0.20977572	-0.69540906	0.21066193	-0.17047817	0.164328	-0.3377604	0.28466472	-0.18838327	0.1705266	-0.13001226	0.11215405	-0.10619063	0.14556253	-0.1714197	0.11463379	-0.078650914	0.09812423	-0.14247908	0.1072564	-0.13890205	0.08124389	-0.07913611	0.106858596	-0.08046575	0.06978562	-0.10410351	0.06975362	-0.078057885	0.07314843	-0.06468719	0.068059884	-0.05552451	0.113309376	-0.0486608	0.059806738
-0.30593812	0.2638021	-0.76309574	0.1330013	-0.1365019	0.091014676	-0.27331218	0.9999999	-0.18127564	0.13186786	-0.08510281	0.17497091	-0.3255235	0.19195966	-0.16128309	0.18938628	-0.16342205	0.12843536	-0.13830622	0.101954855	-0.07273445	0.06705515	-0.101893865	0.12224908	-0.08927416	0.055022743	-0.069335766	0.098843314	-0.0775546	0.100731134	-0.057351798	0.055926435	-0.07598724	0.057558972	-0.050075155	0.0742308	-0.04976608	0.055637293	-0.05237663	0.046259526	-0.04868127	0.039685182	-0.08121562	0.03484637	-0.042859007
0.13557966	-0.118986055	0.146984	-0.6099267	0.31849426	-0.06517137	0.13712475	-0.18127564	0.9999997	-0.45935643	0.061917394	-0.123218	0.24069521	-0.38125864	0.26740846	-0.2055911	0.14967103	-0.14908329	0.16952054	-0.14667554	0.08198368	-0.07568097	0.12048292	-0.15770306	0.11964408	-0.06735898	0.08442522	-0.121580146	0.09910916	-0.13315256	0.06991596	-0.06870754	0.09313727	-0.07241112	0.06257405	-0.0930616	0.06173953	-0.069284104	0.065124236	-0.05779237	0.060152374	-0.04913682	0.09995665	-0.04312207	0.052933715
-0.12188916	0.099610895	-0.12073925	0.2812509	-0.51098865	0.057104178	-0.123006284	0.13186786	-0.45935643	0.99999976	-0.054936673	0.10697542	-0.21200195	0.22452809	-0.6004697	0.17894098	-0.137413	0.12877998	-0.15304509	0.15821512	-0.075018436	0.06856483	-0.111303635	0.14374055	-0.13358878	0.06144426	-0.07783825	0.11015639	-0.093201265	0.12385237	-0.06431242	0.06301943	-0.08604809	0.066785924	-0.05808063	0.08413352	-0.05644867	0.06323128	-0.060056165	0.05308114	-0.055053655	0.044918288	-0.09171382	0.039554298	-0.048635967
0.10532895	-0.08705344	0.074705325	-0.045896765	0.0553762	-0.9181325	0.20977572	-0.08510281	0.061917394	-0.054936673	0.99999964	-0.2708077	0.094954446	-0.07442921	0.07688535	-0.17108172	0.14830428	-0.084774666	0.08150086	-0.05792381	0.055175938	-0.049896475	0.06830212	-0.07551325	0.052412584	-0.035785288	0.04530346	-0.06384948	0.0480867	-0.060866285	0.03749036	-0.03613342	0.049218513	-0.036234405	0.031714477	-0.04646203	0.031665806	-0.03525238	0.033301167	-0.02926351	0.031125402	-0.025308708	0.052208666	-0.022262683	0.027448637
-0.180815	0.15569073	-0.15346754	0.090292506	-0.105844185	0.21318288	-0.69540906	0.17497091	-0.123218	0.10697542	-0.2708077	0.99999994	-0.23704219	0.16068535	-0.14741683	0.25776687	-0.48196748	0.18871205	-0.17643666	0.1122609	-0.101440005	0.095565945	-0.13172282	0.14390007	-0.10024186	0.06514607	-0.082399674	0.11969257	-0.09011679	0.11394867	-0.06770095	0.065749675	-0.08935435	0.06647114	-0.057896506	0.084056444	-0.057132874	0.06383888	-0.060301173	0.053120386	-0.05565905	0.04537016	-0.09276376	0.039846636	-0.04904768
0.18105374	-0.16735373	0.20464787	-0.18553127	0.17678282	-0.09990809	0.21066193	-0.3255235	0.24069521	-0.21200195	0.094954446	-0.23704219	0.9999997	-0.69073844	0.24309961	-0.26783362	0.2165135	-0.2451966	0.24335107	-0.1695171	0.106047004	-0.09943769	0.1570651	-0.1968295	0.13977191	-0.08262403	0.1037657	-0.15331218	0.120690666	-0.15859318	0.0854096	-0.08403924	0.113773085	-0.08771352	0.07571533	-0.11144718	0.07438241	-0.08352788	0.078556485	-0.06967183	0.07218935	-0.05900133	0.1197373	-0.05175108	0.06352622
-0.1518202	0.12634777	-0.16654591	0.19502155	-0.19866486	0.07642272	-0.17047817	0.19195966	-0.38125864	0.22452809	-0.07442921	0.16068535	-0.69073844	0.9999995	-0.330433	0.21191369	-0.19264892	0.21561155	-0.34075072	0.15999897	-0.09086354	0.08449047	-0.1396753	0.17004237	-0.1336638	0.0692279	-0.088094816	0.12913977	-0.10489275	0.1347407	-0.07206556	0.07080233	-0.096571594	0.07417983	-0.06435305	0.091933966	-0.06212863	0.069678225	-0.06619688	0.05848753	-0.060219374	0.049181584	-0.09999111	0.04326149	-0.053183194
0.1566377	-0.13029476	0.13879247	-0.21764904	0.2570646	-0.08057569	0.164328	-0.16128309	0.26740846	-0.6004697	0.07688535	-0.14741683	0.24309961	-0.330433	0.99999946	-0.2811036	0.19291997	-0.18809208	0.21038088	-0.31302193	0.11422482	-0.105026	0.16956641	-0.23436177	0.20816632	-0.09714666	0.12181031	-0.17482391	0.14950332	-0.20717463	0.10092361	-0.09946289	0.13505727	-0.10693988	0.092180684	-0.13534304	0.08973655	-0.10087533	0.09523976	-0.08465798	0.087247744	-0.071323864	0.14481318	-0.06269779	0.07692495
-0.2652583	0.18173645	-0.18753573	0.14519691	-0.19592477	0.15295039	-0.3377604	0.18938628	-0.2055911	0.17894098	-0.17108172	0.25776687	-0.26783362	0.21191369	-0.2811036	0.9999995	-0.49482206	0.25456318	-0.28057355	0.18964532	-0.29256853	0.20744252	-0.2715421	0.24887095	-0.1856642	0.1374298	-0.18093723	0.2273526	-0.16915792	0.19991384	-0.15088674	0.13978788	-0.1952456	0.13296887	-0.12001059	0.16884987	-0.12141032	0.13260724	-0.12795313	0.11020596	-0.12314195	0.09893552	-0.21239506	0.088073105	-0.109723434
0.17429247	-0.14806488	0.14087805	-0.11089541	0.13426091	-0.15618324	0.28466472	-0.16342205	0.14967103	-0.137413	0.14830428	-0.48196748	0.2165135	-0.19264892	0.19291997	-0.49482206	0.9999999	-0.45541596	0.26778606	-0.1742935	0.17164096	-0.18155532	0.21627103	-0.23518255	0.15191613	-0.10303567	0.1290697	-0.19737078	0.14203039	-0.17948565	0.10554377	-0.103048414	0.13901272	-0.10378631	0.089764684	-0.12938467	0.08801289	-0.098697476	0.09298707	-0.08214759	0.0850601	-0.06948972	0.14101566	-0.060920466	0.074877284
-0.13308522	0.10626017	-0.11534301	0.10377055	-0.12439825	0.08545793	-0.18838327	0.12843536	-0.14908329	0.12877998	-0.084774666	0.18871205	-0.2451966	0.21561155	-0.18809208	0.25456318	-0.45541596	0.9999996	-0.69844335	0.18143775	-0.1418113	0.13721551	-0.30374712	0.22735856	-0.16540538	0.08861008	-0.117159955	0.1868353	-0.13565439	0.15787703	-0.09205919	0.091009974	-0.12542056	0.09180299	-0.07993276	0.10686333	-0.07487419	0.08401742	-0.08068631	0.070772946	-0.07131827	0.05832251	-0.11762219	0.051285483	-0.063154876
0.13732666	-0.11223726	0.11975011	-0.12250748	0.1383551	-0.085025124	0.1705266	-0.13830622	0.16952054	-0.15304509	0.08150086	-0.17643666	0.24335107	-0.34075072	0.21038088	-0.28057355	0.26778606	-0.69844335	0.9999998	-0.27550232	0.13106929	-0.12805584	0.22646949	-0.29674107	0.19752958	-0.09397402	0.121212	-0.1941052	0.15512499	-0.18991017	0.096933156	-0.096446805	0.1317455	-0.102157965	0.08786209	-0.117524214	0.08113962	-0.09146119	0.088004135	-0.07777015	0.07733698	-0.06334924	0.12740788	-0.055845037	0.0686284
-0.11510138	0.08721601	-0.095144704	0.104424275	-0.13909863	0.05903586	-0.13001226	0.101954855	-0.14667554	0.15821512	-0.05792381	0.1122609	-0.1695171	0.15999897	-0.31302193	0.18964532	-0.1742935	0.18143775	-0.27550232	0.9999997	-0.10549985	0.09412953	-0.17500125	0.23515686	-0.7902722	0.0850928	-0.11430192	0.15505153	-0.17783694	0.2229299	-0.09224279	0.09037033	-0.12853184	0.10372031	-0.09276495	0.109272555	-0.07854996	0.08773756	-0.08963049	0.077722594	-0.07579909	0.06169366	-0.12691388	0.055534407	-0.06883283
0.09050782	-0.06704337	0.06849056	-0.058955938	0.0770612	-0.055549886	0.11215405	-0.07273445	0.08198368	-0.075018436	0.055175938	-0.101440005	0.106047004	-0.09086354	0.11422482	-0.29256853	0.17164096	-0.1418113	0.13106929	-0.10549985	0.9999993	-0.85222495	0.25399026	-0.20378964	0.10184024	-0.1212797	0.12546703	-0.21736124	0.116827734	-0.13514344	0.10594742	-0.09650906	0.12189482	-0.08522188	0.07253546	-0.1017343	0.07096781	-0.08022536	0.074093655	-0.065562665	0.06536392	-0.053931765	0.1049439	-0.046413723	0.056770775
-0.08315016	0.06146239	-0.06330449	0.0541194	-0.07075004	0.04976961	-0.10619063	0.06705515	-0.07568097	0.06856483	-0.049896475	0.095565945	-0.09943769	0.08449047	-0.105026	0.20744252	-0.18155532	0.13721551	-0.12805584	0.09412953	-0.85222495	0.9999993	-0.3723113	0.17743213	-0.092953406	0.099249326	-0.11686347	0.18973905	-0.10592519	0.11695379	-0.0948743	0.08636424	-0.11254598	0.07576202	-0.06541065	0.08884578	-0.06335017	0.0711047	-0.06654223	0.058322087	-0.058564678	0.048146132	-0.09458526	0.041590273	-0.051061597
0.121748656	-0.09133977	0.09501394	-0.086513	0.11206041	-0.069695115	0.14556253	-0.101893865	0.12048292	-0.111303635	0.06830212	-0.13172282	0.1570651	-0.1396753	0.16956641	-0.2715421	0.21627103	-0.30374712	0.22646949	-0.17500125	0.25399026	-0.3723113	0.999999	-0.46311992	0.17303441	-0.15117045	0.2016151	-0.55228484	0.21774556	-0.23225181	0.14616674	-0.1549176	0.20546223	-0.14431961	0.12070559	-0.15691051	0.11146256	-0.12789151	0.1191492	-0.10584118	0.10051024	-0.08338845	0.159867	-0.07202387	0.08797487
-0.14951308	0.10892587	-0.11698543	0.110605255	-0.14890848	0.076128155	-0.1714197	0.12224908	-0.15770306	0.14374055	-0.07551325	0.14390007	-0.1968295	0.17004237	-0.23436177	0.24887095	-0.23518255	0.22735856	-0.29674107	0.23515686	-0.20378964	0.17743213	-0.46311992	0.999999	-0.32389498	0.14349262	-0.20305668	0.2818475	-0.47373444	0.30436596	-0.15771864	0.15579095	-0.22906639	0.19001168	-0.17032899	0.1711532	-0.12864514	0.14419182	-0.15339187	0.13182597	-0.12113173	0.09882582	-0.20096295	0.08965036	-0.11149971
0.10222132	-0.07788541	0.082531966	-0.08790552	0.11334481	-0.05378332	0.11463379	-0.08927416	0.11964408	-0.13358878	0.052412584	-0.10024186	0.13977191	-0.1336638	0.20816632	-0.1856642	0.15191613	-0.16540538	0.19752958	-0.7902722	0.10184024	-0.092953406	0.17303441	-0.32389498	0.99999887	-0.0853137	0.11298768	-0.1638675	0.20555739	-0.34292355	0.09078552	-0.09077379	0.12803847	-0.112770095	0.09692537	-0.110283524	0.07841258	-0.08874118	0.09092765	-0.08025135	0.074310906	-0.060879912	0.12285254	-0.054938473	0.06771357
-0.071276665	0.05089908	-0.053145804	0.047890723	-0.0650263	0.036231533	-0.078650914	0.055022743	-0.06735898	0.06144426	-0.035785288	0.06514607	-0.08262403	0.0692279	-0.09714666	0.1374298	-0.10303567	0.08861008	-0.09397402	0.0850928	-0.1212797	0.099249326	-0.15117045	0.14349262	-0.0853137	0.99999917	-0.5022951	0.21081175	-0.11339436	0.12711784	-0.7513775	0.28881934	-0.24605732	0.119320974	-0.103030264	0.17288484	-0.1304094	0.1367482	-0.11382221	0.097265914	-0.106119536	0.08840538	-0.15220913	0.0678736	-0.082207546
0.08861002	-0.063961804	0.066460766	-0.06031354	0.08119067	-0.046090797	0.09812423	-0.069335766	0.08442522	-0.07783825	0.04530346	-0.082399674	0.1037657	-0.088094816	0.12181031	-0.18093723	0.1290697	-0.117159955	0.121212	-0.11430192	0.12546703	-0.11686347	0.2016151	-0.20305668	0.11298768	-0.5022951	0.999999	-0.4166564	0.15654421	-0.17982538	0.31023067	-0.5605916	0.2945541	-0.15963458	0.12896982	-0.22076873	0.16216673	-0.18064444	0.13955322	-0.124807715	0.12380312	-0.10802086	0.1744133	-0.0813819	0.09690687
-0.12446823	0.089876264	-0.094938934	0.0860095	-0.11573522	0.06439659	-0.14247908	0.098843314	-0.121580146	0.11015639	-0.06384948	0.11969257	-0.15331218	0.12913977	-0.17482391	0.2273526	-0.19737078	0.1868353	-0.1941052	0.15505153	-0.21736124	0.18973905	-0.55228484	0.2818475	-0.1638675	0.21081175	-0.4166564	0.99999917	-0.27012816	0.22938421	-0.22437608	0.24540287	-0.38952917	0.18354942	-0.16010009	0.19489734	-0.15369895	0.172352	-0.15925205	0.1361039	-0.13310753	0.11003593	-0.20872477	0.09317087	-0.11468682
0.096023016	-0.069883905	0.07409008	-0.07045749	0.09482635	-0.048770294	0.1072564	-0.0775546	0.09910916	-0.093201265	0.0480867	-0.09011679	0.120690666	-0.10489275	0.14950332	-0.16915792	0.14203039	-0.13565439	0.15512499	-0.17783694	0.116827734	-0.10592519	0.21774556	-0.47373444	0.20555739	-0.11339436	0.15654421	-0.27012816	0.9999992	-0.6939934	0.12100082	-0.13076326	0.19294195	-0.31939727	0.19535433	-0.14421846	0.10881068	-0.12837578	0.14735371	-0.13842252	0.09689267	-0.080701776	0.15643422	-0.07682783	0.09419361
-0.12641859	0.090751216	-0.09737072	0.09370445	-0.12900136	0.06142799	-0.13890205	0.100731134	-0.13315256	0.12385237	-0.060866285	0.11394867	-0.15859318	0.1347407	-0.20717463	0.19991384	-0.17948565	0.15787703	-0.18991017	0.2229299	-0.13514344	0.11695379	-0.23225181	0.30436596	-0.34292355	0.12711784	-0.17982538	0.22938421	-0.6939934	0.9999992	-0.1426975	0.14344671	-0.21709335	0.2180958	-0.20286642	0.16304058	-0.12622441	0.14214139	-0.16668704	0.14172606	-0.11837331	0.09661523	-0.19803755	0.0907204	-0.11360015
0.07406797	-0.053151887	0.055181593	-0.04990868	0.06751262	-0.038119484	0.08124389	-0.057351798	0.06991596	-0.06431242	0.03749036	-0.06770095	0.0854096	-0.07206556	0.10092361	-0.15088674	0.10554377	-0.09205919	0.096933156	-0.09224279	0.10594742	-0.0948743	0.14616674	-0.15771864	0.09078552	-0.7513775	0.31023067	-0.22437608	0.12100082	-0.1426975	0.99999946	-0.44275168	0.2449015	-0.13308358	0.10920802	-0.22413445	0.14791867	-0.15987207	0.12243474	-0.10831978	0.11454374	-0.09858802	0.1572052	-0.07242681	0.08618537
-0.07212382	0.051659927	-0.053898197	0.04892335	-0.066317864	0.03667908	-0.07913611	0.055926435	-0.06870754	0.06301943	-0.03613342	0.065749675	-0.08403924	0.07080233	-0.09946289	0.13978788	-0.103048414	0.091009974	-0.096446805	0.09037033	-0.09650906	0.08636424	-0.1549176	0.15579095	-0.09077379	0.28881934	-0.5605916	0.24540287	-0.13076326	0.14344671	-0.44275168	0.9999993	-0.5599469	0.16324179	-0.13637322	0.20505142	-0.21090204	0.19566506	-0.14681564	0.12427868	-0.12862298	0.11272155	-0.17046387	0.079264835	-0.09483416
0.09742028	-0.070143774	0.07295057	-0.06651595	0.08979193	-0.050095424	0.106858596	-0.07598724	0.09313727	-0.08604809	0.049218513	-0.08935435	0.113773085	-0.096571594	0.13505727	-0.1952456	0.13901272	-0.12542056	0.1317455	-0.12853184	0.12189482	-0.11254598	0.20546223	-0.22906639	0.12803847	-0.24605732	0.2945541	-0.38952917	0.19294195	-0.21709335	0.2449015	-0.5599469	0.999999	-0.32269552	0.205798	-0.27647716	0.22054896	-0.32901943	0.20779946	-0.1933239	0.1562206	-0.13967533	0.21515724	-0.10800984	0.12694284
-0.073838145	0.05281495	-0.05557084	0.05140431	-0.0700177	0.03673507	-0.08046575	0.057558972	-0.07241112	0.066785924	-0.036234405	0.06647114	-0.08771352	0.07417983	-0.10693988	0.13296887	-0.10378631	0.09180299	-0.102157965	0.10372031	-0.08522188	0.07576202	-0.14431961	0.19001168	-0.112770095	0.119320974	-0.15963458	0.18354942	-0.31939727	0.2180958	-0.13308358	0.16324179	-0.32269552	0.99999905	-0.7243218	0.1761638	-0.14973778	0.18584588	-0.30184457	0.26784283	-0.119938456	0.10235612	-0.18934105	0.11034787	-0.1399831
0.0641845	-0.04604686	0.048213292	-0.044579506	0.06048802	-0.03222762	0.06978562	-0.050075155	0.06257405	-0.05808063	0.031714477	-0.057896506	0.07571533	-0.06435305	0.092180684	-0.12001059	0.089764684	-0.07993276	0.08786209	-0.09276495	0.07253546	-0.06541065	0.12070559	-0.17032899	0.09692537	-0.103030264	0.12896982	-0.16010009	0.19535433	-0.20286642	0.10920802	-0.13637322	0.205798	-0.7243218	0.99999946	-0.17220585	0.13388374	-0.18294705	0.26315245	-0.4889834	0.105653346	-0.09299541	0.16405952	-0.117752045	0.13899103
-0.09934708	0.06930471	-0.072727665	0.06581688	-0.091162845	0.04700506	-0.10410351	0.0742308	-0.0930616	0.08413352	-0.04646203	0.084056444	-0.11144718	0.091933966	-0.13534304	0.16884987	-0.12938467	0.10686333	-0.117524214	0.109272555	-0.1017343	0.08884578	-0.15691051	0.1711532	-0.110283524	0.17288484	-0.22076873	0.19489734	-0.14421846	0.16304058	-0.22413445	0.20505142	-0.27647716	0.1761638	-0.17220585	0.9999995	-0.52543664	0.29967633	-0.26083514	0.18961751	-0.40926075	0.28073502	-0.43377414	0.16885291	-0.20703256
0.065517895	-0.046317324	0.048332393	-0.043883923	0.060129926	-0.03214637	0.06975362	-0.04976608	0.06173953	-0.05644867	0.031665806	-0.057132874	0.07438241	-0.06212863	0.08973655	-0.12141032	0.08801289	-0.07487419	0.08113962	-0.07854996	0.07096781	-0.06335017	0.11146256	-0.12864514	0.07841258	-0.1304094	0.16216673	-0.15369895	0.10881068	-0.12622441	0.14791867	-0.21090204	0.22054896	-0.14973778	0.13388374	-0.52543664	0.9999995	-0.6280521	0.22081578	-0.17517741	0.26834568	-0.37206388	0.24994639	-0.11574703	0.12923169
-0.07317722	0.051689226	-0.054084703	0.049176257	-0.067465596	0.03574627	-0.078057885	0.055637293	-0.069284104	0.06323128	-0.03525238	0.06383888	-0.08352788	0.069678225	-0.10087533	0.13260724	-0.098697476	0.08401742	-0.09146119	0.08773756	-0.08022536	0.0711047	-0.12789151	0.14419182	-0.08874118	0.1367482	-0.18064444	0.172352	-0.12837578	0.14214139	-0.15987207	0.19566506	-0.32901943	0.18584588	-0.18294705	0.29967633	-0.6280521	0.9999996	-0.44139108	0.22841637	-0.24899936	0.21796796	-0.2928596	0.1352064	-0.16215536
0.068097405	-0.048504125	0.0506359	-0.046375792	0.06321654	-0.033842064	0.07314843	-0.05237663	0.065124236	-0.060056165	0.033301167	-0.060301173	0.078556485	-0.06619688	0.09523976	-0.12795313	0.09298707	-0.08068631	0.088004135	-0.08963049	0.074093655	-0.06654223	0.1191492	-0.15339187	0.09092765	-0.11382221	0.13955322	-0.15925205	0.14735371	-0.16668704	0.12243474	-0.14681564	0.20779946	-0.30184457	0.26315245	-0.26083514	0.22081578	-0.44139108	0.9999998	-0.6773294	0.14969082	-0.13988926	0.21338132	-0.17218576	0.18563892
-0.060286213	0.04281175	-0.044828013	0.04106279	-0.05615537	0.029695207	-0.06468719	0.046259526	-0.05779237	0.05308114	-0.02926351	0.053120386	-0.06967183	0.05848753	-0.08465798	0.11020596	-0.08214759	0.070772946	-0.07777015	0.077722594	-0.065562665	0.058322087	-0.10584118	0.13182597	-0.08025135	0.097265914	-0.124807715	0.1361039	-0.13842252	0.14172606	-0.10831978	0.12427868	-0.1933239	0.26784283	-0.4889834	0.18961751	-0.17517741	0.22841637	-0.6773294	0.9999994	-0.13173091	0.11566124	-0.21713145	0.17840634	-0.26892734
0.06453118	-0.045528922	0.047309376	-0.04281502	0.0587173	-0.031648707	0.068059884	-0.04868127	0.060152374	-0.055053655	0.031125402	-0.05565905	0.07218935	-0.060219374	0.087247744	-0.12314195	0.0850601	-0.07131827	0.07733698	-0.07579909	0.06536392	-0.058564678	0.10051024	-0.12113173	0.074310906	-0.106119536	0.12380312	-0.13310753	0.09689267	-0.11837331	0.11454374	-0.12862298	0.1562206	-0.119938456	0.105653346	-0.40926075	0.26834568	-0.24899936	0.14969082	-0.13173091	0.99999976	-0.7885253	0.26669246	-0.123146	0.12132004
-0.052578982	0.037076034	-0.03858845	0.034945574	-0.047958024	0.025715783	-0.05552451	0.039685182	-0.04913682	0.044918288	-0.025308708	0.04537016	-0.05900133	0.049181584	-0.071323864	0.09893552	-0.06948972	0.05832251	-0.06334924	0.06169366	-0.053931765	0.048146132	-0.08338845	0.09882582	-0.060879912	0.08840538	-0.10802086	0.11003593	-0.080701776	0.09661523	-0.09858802	0.11272155	-0.13967533	0.10235612	-0.09299541	0.28073502	-0.37206388	0.21796796	-0.13988926	0.11566124	-0.7885253	0.9999996	-0.36953548	0.12103043	-0.12257869
0.107894726	-0.07616726	0.07886046	-0.07126334	0.09763817	-0.05316994	0.113309376	-0.08121562	0.09995665	-0.09171382	0.052208666	-0.09276376	0.1197373	-0.09999111	0.14481318	-0.21239506	0.14101566	-0.11762219	0.12740788	-0.12691388	0.1049439	-0.09458526	0.159867	-0.20096295	0.12285254	-0.15220913	0.1744133	-0.20872477	0.15643422	-0.19803755	0.1572052	-0.17046387	0.21515724	-0.18934105	0.16405952	-0.43377414	0.24994639	-0.2928596	0.21338132	-0.21713145	0.26669246	-0.36953548	0.99999964	-0.4092004	0.26566136
-0.046037216	0.03254183	-0.03382852	0.03070123	-0.042061027	0.0226414	-0.0486608	0.03484637	-0.04312207	0.039554298	-0.022262683	0.039846636	-0.05175108	0.04326149	-0.06269779	0.088073105	-0.060920466	0.051285483	-0.055845037	0.055534407	-0.046413723	0.041590273	-0.07202387	0.08965036	-0.054938473	0.0678736	-0.0813819	0.09317087	-0.07682783	0.0907204	-0.07242681	0.079264835	-0.10800984	0.11034787	-0.117752045	0.16885291	-0.11574703	0.1352064	-0.17218576	0.17840634	-0.123146	0.12103043	-0.4092004	0.9999996	-0.840271
0.05658351	-0.040043578	0.041567802	-0.03772101	0.051615637	-0.027934767	0.059806738	-0.042859007	0.052933715	-0.048635967	0.027448637	-0.04904768	0.06352622	-0.053183194	0.07692495	-0.109723434	0.074877284	-0.063154876	0.0686284	-0.06883283	0.056770775	-0.051061597	0.08797487	-0.11149971	0.06771357	-0.082207546	0.09690687	-0.11468682	0.09419361	-0.11360015	0.08618537	-0.09483416	0.12694284	-0.1399831	0.13899103	-0.20703256	0.12923169	-0.16215536	0.18563892	-0.26892734	0.12132004	-0.12257869	0.26566136	-0.840271	0.9999996
