0.99999994	-0.92833346	0.1654488	-0.13433795	0.05731275	-0.19211616	0.16810867	-0.15935968	0.09395431	-0.05152707	0.10546032	-0.09949406	0.09539503	-0.06397687	0.06402066	-0.09648045	0.071919404	-0.06716428	0.05384917	-0.033215802	0.058353923	-0.050193373	0.054875344	-0.042402945	0.029425744	-0.026999034	0.03258968	-0.05132725	0.03337357	-0.031475894	0.031873643	-0.03197403	0.03324404	-0.04707933	0.03183812	-0.021059133	0.021391883	-0.032950748	0.042503227	-0.02806402	0.019478448	-0.023155782	0.027718551	-0.022153959	0.028109951
-0.92833346	1.0000001	-0.20473891	0.12306575	-0.055767212	0.15819517	-0.1934532	0.14282863	-0.091302365	0.048813656	-0.10146249	0.09525739	-0.09379813	0.06037134	-0.06174051	0.086880505	-0.06842429	0.062371872	-0.0497333	0.030823287	-0.054500554	0.046650287	-0.051256467	0.038794104	-0.027453637	0.025030624	-0.030084454	0.0468708	-0.030597517	0.028885009	-0.029659031	0.029372137	-0.030473702	0.04289836	-0.029308476	0.019289145	-0.019599328	0.030111263	-0.03900788	0.025683776	-0.017872073	0.021178609	-0.025423618	0.020291662	-0.025790842
0.1654488	-0.20473891	1.0	-0.6416994	0.1463307	-0.10069199	0.10998896	-0.6327817	0.30775753	-0.13583027	0.07918775	-0.08025807	0.10145468	-0.12697315	0.12388253	-0.082042836	0.06570004	-0.06560902	0.06066846	-0.04655016	0.055808384	-0.047822967	0.054445986	-0.046692125	0.041284252	-0.02624925	0.032655973	-0.052709382	0.037013095	-0.03703102	0.031219775	-0.03208642	0.034515668	-0.051121414	0.03743083	-0.02156723	0.022039419	-0.034182798	0.04523631	-0.030559352	0.02004125	-0.023884978	0.029380044	-0.023543006	0.03049908
-0.13433795	0.12306575	-0.6416994	0.99999994	-0.21677616	0.08067067	-0.09061821	0.32997137	-0.61336946	0.17851461	-0.072246864	0.07259871	-0.10387093	0.15551013	-0.16541548	0.07494445	-0.062575266	0.06300156	-0.062083486	0.05236093	-0.0537664	0.045791104	-0.053033687	0.046899628	-0.047139697	0.025306027	-0.031724032	0.05129578	-0.03744103	0.038463283	-0.030233182	0.031089012	-0.033845067	0.05083082	-0.039069597	0.021009516	-0.021528231	0.03342058	-0.044831708	0.03055453	-0.019581117	0.023308678	-0.02906534	0.023295375	-0.030512348
0.05731275	-0.055767212	0.1463307	-0.21677616	1.0000002	-0.06639861	0.069939844	-0.23972677	0.2341935	-0.89227307	0.06496473	-0.06723408	0.09683733	-0.17695525	0.170291	-0.07628491	0.06148462	-0.06531706	0.065752275	-0.059326217	0.054551285	-0.046906643	0.05442012	-0.051544223	0.04965074	-0.026151285	0.033421837	-0.055682592	0.040728666	-0.04231262	0.031115191	-0.03307827	0.036464985	-0.056270942	0.041976452	-0.02259517	0.023165697	-0.036231413	0.048189476	-0.03325549	0.020990659	-0.025184285	0.03127831	-0.025172511	0.032873232
-0.19211616	0.15819517	-0.10069199	0.08067067	-0.06639861	1.0000001	-0.73519456	0.11782132	-0.08664461	0.05632834	-0.48603934	0.28680438	-0.25235707	0.10275952	-0.10664279	0.23463558	-0.1888478	0.1560535	-0.10913339	0.061508957	-0.14042096	0.11830727	-0.12690607	0.08568599	-0.054998435	0.06207096	-0.07192287	0.10750231	-0.06757546	0.061908264	-0.07358278	0.0693638	-0.06980616	0.09438679	-0.06301248	0.044465035	-0.045009755	0.06842089	-0.08740069	0.05669391	-0.041168842	0.048374526	-0.057170674	0.045454413	-0.057208017
0.16810867	-0.1934532	0.10998896	-0.09061821	0.069939844	-0.73519456	1.0	-0.14913888	0.09554785	-0.06079016	0.29924205	-0.4415216	0.24202462	-0.111245796	0.1083843	-0.25820535	0.18960789	-0.17381138	0.11718153	-0.06707062	0.13979171	-0.12620132	0.13185425	-0.094841406	0.059099652	-0.064064026	0.07654938	-0.11923865	0.07428839	-0.06826401	0.07455297	-0.075217925	0.07616226	-0.10532547	0.06880221	-0.0483422	0.048995692	-0.075313166	0.09473143	-0.062247653	0.044478964	-0.052964766	0.06211955	-0.049638275	0.06224697
-0.15935968	0.14282863	-0.6327817	0.32997137	-0.23972677	0.11782132	-0.14913888	1.0	-0.5722084	0.18987344	-0.10049588	0.10202805	-0.13979714	0.17209536	-0.18738528	0.100300714	-0.08405521	0.0831261	-0.07892447	0.06317259	-0.07099955	0.06050843	-0.06965895	0.059647694	-0.057026155	0.033234403	-0.041353647	0.06628956	-0.04756131	0.048199657	-0.03969118	0.0404494	-0.043687787	0.06480304	-0.049050882	0.027197735	-0.027836349	0.04311314	-0.057639007	0.039010018	-0.025341908	0.030116392	-0.037383202	0.029926626	-0.03903736
0.09395431	-0.091302365	0.30775753	-0.61336946	0.2341935	-0.08664461	0.09554785	-0.5722084	0.99999976	-0.30508652	0.07735971	-0.081502214	0.1169314	-0.2527154	0.1953794	-0.08358736	0.06868894	-0.07124178	0.06886155	-0.06082029	0.058901735	-0.0507356	0.058633123	-0.052795377	0.053436454	-0.027878696	0.035178944	-0.057486	0.042003214	-0.043440804	0.033180773	-0.034605734	0.03774882	-0.057197835	0.043745678	-0.023391264	0.023975292	-0.037323643	0.049764734	-0.034133542	0.021759653	-0.02598765	0.032305807	-0.025936129	0.033940133
-0.05152707	0.048813656	-0.13583027	0.17851461	-0.89227307	0.05632834	-0.06079016	0.18987344	-0.30508652	0.99999934	-0.056640457	0.058587667	-0.08819663	0.16349111	-0.20387414	0.06450271	-0.05332163	0.056158636	-0.057721443	0.05514357	-0.047037654	0.04031231	-0.047058392	0.044462148	-0.047244787	0.022447476	-0.028651448	0.047405247	-0.03539878	0.03724919	-0.026774414	0.028252413	-0.03121032	0.04815036	-0.03725918	0.019276448	-0.01978849	0.030904857	-0.04144942	0.028661033	-0.017945653	0.02147699	-0.026877906	0.02161134	-0.028411018
0.10546032	-0.10146249	0.07918775	-0.072246864	0.06496473	-0.48603934	0.29924205	-0.10049588	0.07735971	-0.056640457	0.9999991	-0.5114645	0.28019643	-0.12040211	0.117554896	-0.52990705	0.24936625	-0.22080466	0.14563106	-0.08006161	0.19366881	-0.16777247	0.16971117	-0.11866333	0.07059713	-0.08642266	0.09914665	-0.15181015	0.09294633	-0.08440017	0.09947267	-0.097227514	0.09685097	-0.13194042	0.08513846	-0.061956234	0.062559836	-0.0956878	0.11927198	-0.07800222	0.056893405	-0.067521065	0.07839088	-0.062584296	0.07807997
-0.09949406	0.09525739	-0.08025807	0.07259871	-0.06723408	0.28680438	-0.4415216	0.10202805	-0.081502214	0.058587667	-0.5114645	0.9999991	-0.55540645	0.13873665	-0.13649455	0.2828205	-0.3371926	0.23122029	-0.132849	0.076140806	-0.17150411	0.16194986	-0.16861363	0.106708825	-0.06765498	0.07586727	-0.09070676	0.13562961	-0.083785415	0.076336175	-0.08829533	0.087503955	-0.086776786	0.11677316	-0.07724831	0.054683838	-0.055500124	0.0847004	-0.106059015	0.06923702	-0.050379843	0.059624225	-0.06969434	0.05549673	-0.06951537
0.09539503	-0.09379813	0.10145468	-0.10387093	0.09683733	-0.25235707	0.24202462	-0.13979714	0.1169314	-0.08819663	0.28019643	-0.55540645	0.99999946	-0.29334477	0.2107723	-0.3472307	0.28129444	-0.39742392	0.19508363	-0.12076724	0.20767382	-0.2007591	0.22587882	-0.16231439	0.10377424	-0.09844383	0.123087116	-0.20249024	0.1260252	-0.117098816	0.11336339	-0.122320764	0.12647158	-0.17874609	0.11646467	-0.078961276	0.08039602	-0.1251658	0.1554899	-0.10372918	0.07237147	-0.08718958	0.10220114	-0.081984796	0.10281767
-0.06397687	0.06037134	-0.12697315	0.15551013	-0.17695525	0.10275952	-0.111245796	0.17209536	-0.2527154	0.16349111	-0.12040211	0.13873665	-0.29334477	0.9999996	-0.8319156	0.13402821	-0.11696124	0.12875916	-0.13120037	0.14549837	-0.09853588	0.08642838	-0.102644674	0.09773337	-0.13272972	0.046830434	-0.060338072	0.09993594	-0.078854226	0.086284816	-0.055651512	0.05931229	-0.06593304	0.10308764	-0.08737836	0.040153023	-0.041387685	0.06474533	-0.08731939	0.061581135	-0.037410296	0.04478991	-0.05671028	0.045646697	-0.060981594
0.06402066	-0.06174051	0.12388253	-0.16541548	0.170291	-0.10664279	0.1083843	-0.18738528	0.1953794	-0.20387414	0.117554896	-0.13649455	0.2107723	-0.8319156	0.9999996	-0.1470282	0.11920821	-0.13669349	0.1379499	-0.20827591	0.10427024	-0.09222289	0.1077564	-0.11095292	0.14526057	-0.050474074	0.06590052	-0.11225251	0.088332325	-0.09958203	0.059646416	-0.06547959	0.07334523	-0.11776288	0.09605593	-0.044664115	0.04601857	-0.0724756	0.096421935	-0.069016196	0.041444324	-0.049993597	0.0627616	-0.05074567	0.06740856
-0.09648045	0.086880505	-0.082042836	0.07494445	-0.07628491	0.23463558	-0.25820535	0.100300714	-0.08358736	0.06450271	-0.52990705	0.2828205	-0.3472307	0.13402821	-0.1470282	0.9999997	-0.45260417	0.2699366	-0.19193473	0.09666207	-0.40296534	0.2535095	-0.25610125	0.14685564	-0.08790807	0.14559978	-0.14444181	0.19161811	-0.11712055	0.1038483	-0.17532443	0.13400598	-0.12786283	0.16039279	-0.10737722	0.08415974	-0.08398309	0.12323888	-0.15782814	0.099122144	-0.07837857	0.088938646	-0.10345337	0.08138372	-0.10168319
0.071919404	-0.06842429	0.06570004	-0.062575266	0.06148462	-0.1888478	0.18960789	-0.08405521	0.06868894	-0.05332163	0.24936625	-0.3371926	0.28129444	-0.11696124	0.11920821	-0.45260417	0.99999994	-0.5546028	0.18795544	-0.094066635	0.27531144	-0.43077403	0.29838067	-0.15777588	0.08407316	-0.12360004	0.15486939	-0.21644872	0.12287113	-0.106378764	0.13576132	-0.15058161	0.13466318	-0.16989994	0.107759774	-0.08390225	0.08543914	-0.12954438	0.15382579	-0.099381074	0.0764328	-0.09114281	0.102353424	-0.08130554	0.09982672
-0.06716428	0.062371872	-0.06560902	0.06300156	-0.06531706	0.1560535	-0.17381138	0.0831261	-0.07124178	0.056158636	-0.22080466	0.23122029	-0.39742392	0.12875916	-0.13669349	0.2699366	-0.5546028	1.0000001	-0.22645496	0.09916489	-0.26979664	0.2842847	-0.54860145	0.16832796	-0.090175316	0.11617185	-0.14932114	0.21957801	-0.13149375	0.109976865	-0.13569488	0.13771547	-0.13952562	0.17031316	-0.112923376	0.081930384	-0.08459773	0.12830745	-0.16078937	0.10124862	-0.0762113	0.089199655	-0.105807945	0.08299989	-0.103497945
0.05384917	-0.0497333	0.06066846	-0.062083486	0.065752275	-0.10913339	0.11718153	-0.07892447	0.06886155	-0.057721443	0.14563106	-0.132849	0.19508363	-0.13120037	0.1379499	-0.19193473	0.18795544	-0.22645496	0.9999999	-0.24531756	0.19751075	-0.17234626	0.22049981	-0.5386412	0.19329157	-0.10159532	0.14998433	-0.29172853	0.28818387	-0.25442582	0.122084044	-0.15218554	0.19130278	-0.40938193	0.22923635	-0.108553916	0.11369229	-0.18566199	0.24094428	-0.17591444	0.10066597	-0.123765856	0.15656811	-0.12744835	0.16671453
-0.033215802	0.030823287	-0.04655016	0.05236093	-0.059326217	0.061508957	-0.06707062	0.06317259	-0.06082029	0.05514357	-0.08006161	0.076140806	-0.12076724	0.14549837	-0.20827591	0.09666207	-0.094066635	0.09916489	-0.24531756	1.0000001	-0.098535515	0.081797294	-0.10540097	0.1781263	-0.85144633	0.04934469	-0.071716174	0.12729526	-0.16341823	0.23239896	-0.060196236	0.07027606	-0.09104208	0.17156343	-0.23703732	0.051168304	-0.05446625	0.087165594	-0.13313892	0.107970454	-0.048797768	0.058631856	-0.085622326	0.06981759	-0.10557165
0.058353923	-0.054500554	0.055808384	-0.0537664	0.054551285	-0.14042096	0.13979171	-0.07099955	0.058901735	-0.047037654	0.19366881	-0.17150411	0.20767382	-0.09853588	0.10427024	-0.40296534	0.27531144	-0.26979664	0.19751075	-0.098535515	1.0000002	-0.57010424	0.27888983	-0.1751462	0.08829099	-0.35187158	0.20051004	-0.25630715	0.13797854	-0.11884445	0.2478647	-0.20054878	0.1611842	-0.19670223	0.12043756	-0.11384978	0.109384224	-0.15953761	0.17723921	-0.11530528	0.09996392	-0.11684267	0.120230936	-0.09601627	0.11488358
-0.050193373	0.046650287	-0.047822967	0.045791104	-0.046906643	0.11830727	-0.12620132	0.06050843	-0.0507356	0.04031231	-0.16777247	0.16194986	-0.2007591	0.08642838	-0.09222289	0.2535095	-0.43077403	0.2842847	-0.17234626	0.081797294	-0.57010424	1.0000004	-0.5224631	0.1494205	-0.07466132	0.17055172	-0.25807628	0.22361511	-0.11990835	0.09819126	-0.18639591	0.19103646	-0.14661263	0.1579958	-0.101356484	0.09008353	-0.09231112	0.13281195	-0.15202926	0.09503988	-0.082089715	0.095199235	-0.102657415	0.08030972	-0.09692183
0.054875344	-0.051256467	0.054445986	-0.053033687	0.05442012	-0.12690607	0.13185425	-0.06965895	0.058633123	-0.047058392	0.16971117	-0.16861363	0.22587882	-0.102644674	0.1077564	-0.25610125	0.29838067	-0.54860145	0.22049981	-0.10540097	0.27888983	-0.5224631	1.0000002	-0.23063263	0.096219435	-0.13282157	0.186764	-0.37030682	0.16660154	-0.13020185	0.14327097	-0.18198372	0.18086976	-0.20919344	0.13124095	-0.09948529	0.10399054	-0.16451117	0.1845859	-0.117969	0.090518564	-0.10965532	0.124019295	-0.09784086	0.11885433
-0.042402945	0.038794104	-0.046692125	0.046899628	-0.051544223	0.08568599	-0.094841406	0.059647694	-0.052795377	0.044462148	-0.11866333	0.106708825	-0.16231439	0.09773337	-0.11095292	0.14685564	-0.15777588	0.16832796	-0.5386412	0.1781263	-0.1751462	0.1494205	-0.23063263	1.0000001	-0.2013105	0.086554274	-0.13047685	0.23749618	-0.6288766	0.24218921	-0.10597703	0.124093026	-0.1683148	0.30428243	-0.25019315	0.086943455	-0.09363688	0.14905821	-0.21871693	0.14920764	-0.083485916	0.09880157	-0.1389614	0.10971304	-0.15192255
0.029425744	-0.027453637	0.041284252	-0.047139697	0.04965074	-0.054998435	0.059099652	-0.057026155	0.053436454	-0.047244787	0.07059713	-0.06765498	0.10377424	-0.13272972	0.14526057	-0.08790807	0.08407316	-0.090175316	0.19329157	-0.85144633	0.08829099	-0.07466132	0.096219435	-0.2013105	1.0000001	-0.04468791	0.06619801	-0.12284069	0.165082	-0.34017608	0.054181192	-0.065459974	0.08569626	-0.17565352	0.21201013	-0.047319133	0.050403215	-0.08160368	0.11944303	-0.102242105	0.044805266	-0.054307852	0.07730451	-0.06357328	0.094314136
-0.026999034	0.025030624	-0.02624925	0.025306027	-0.026151285	0.06207096	-0.064064026	0.033234403	-0.027878696	0.022447476	-0.08642266	0.07586727	-0.09844383	0.046830434	-0.050474074	0.14559978	-0.12360004	0.11617185	-0.10159532	0.04934469	-0.35187158	0.17055172	-0.13282157	0.086554274	-0.04468791	0.99999994	-0.1779071	0.13507763	-0.0714235	0.061107416	-0.870438	0.14443007	-0.09843833	0.101731025	-0.06336718	0.1049556	-0.08540999	0.09690487	-0.10242129	0.064002864	-0.09207585	0.083724245	-0.072106995	0.056268264	-0.065055124
0.03258968	-0.030084454	0.032655973	-0.031724032	0.033421837	-0.07192287	0.07654938	-0.041353647	0.035178944	-0.028651448	0.09914665	-0.09070676	0.123087116	-0.060338072	0.06590052	-0.14444181	0.15486939	-0.14932114	0.14998433	-0.071716174	0.20051004	-0.25807628	0.186764	-0.13047685	0.06619801	-0.1779071	1.0000001	-0.29852387	0.11862467	-0.09535957	0.16291216	-0.8222133	0.2296197	-0.16694802	0.10102437	-0.1314694	0.1510436	-0.19808367	0.16979238	-0.103318065	0.112253025	-0.14719129	0.12341609	-0.09559173	0.10545715
-0.05132725	0.0468708	-0.052709382	0.05129578	-0.055682592	0.10750231	-0.11923865	0.06628956	-0.057486	0.047405247	-0.15181015	0.13562961	-0.20249024	0.09993594	-0.11225251	0.19161811	-0.21644872	0.21957801	-0.29172853	0.12729526	-0.25630715	0.22361511	-0.37030682	0.23749618	-0.12284069	0.13507763	-0.29852387	1.0	-0.29403138	0.17751929	-0.16356993	0.2433754	-0.51103497	0.27797025	-0.19536328	0.14489408	-0.17132962	0.2779791	-0.3334811	0.18134555	-0.14138168	0.16481437	-0.22305645	0.1631807	-0.19752154
0.03337357	-0.030597517	0.037013095	-0.03744103	0.040728666	-0.06757546	0.07428839	-0.04756131	0.042003214	-0.03539878	0.09294633	-0.083785415	0.1260252	-0.078854226	0.088332325	-0.11712055	0.12287113	-0.13149375	0.28818387	-0.16341823	0.13797854	-0.11990835	0.16660154	-0.6288766	0.165082	-0.0714235	0.11862467	-0.29403138	0.9999998	-0.39116466	0.08656681	-0.1156252	0.17347394	-0.5067109	0.2658901	-0.079026796	0.08683305	-0.14582424	0.19278859	-0.14317892	0.07497341	-0.090773076	0.12473303	-0.09954998	0.13740335
-0.031475894	0.028885009	-0.03703102	0.038463283	-0.04231262	0.061908264	-0.06826401	0.048199657	-0.043440804	0.03724919	-0.08440017	0.076336175	-0.117098816	0.086284816	-0.09958203	0.1038483	-0.106378764	0.109976865	-0.25442582	0.23239896	-0.11884445	0.09819126	-0.13020185	0.24218921	-0.34017608	0.061107416	-0.09535957	0.17751929	-0.39116466	0.9999998	-0.07481528	0.093163736	-0.1315557	0.28092635	-0.7151923	0.069022946	-0.07492866	0.12170568	-0.1934362	0.18249276	-0.06631471	0.08015719	-0.1246768	0.10338691	-0.16981794
0.031873643	-0.029659031	0.031219775	-0.030233182	0.031115191	-0.07358278	0.07455297	-0.03969118	0.033180773	-0.026774414	0.09947267	-0.08829533	0.11336339	-0.055651512	0.059646416	-0.17532443	0.13576132	-0.13569488	0.122084044	-0.060196236	0.2478647	-0.18639591	0.14327097	-0.10597703	0.054181192	-0.870438	0.16291216	-0.16356993	0.08656681	-0.07481528	0.99999976	-0.16571148	0.11536897	-0.12591483	0.0768905	-0.14069897	0.101751514	-0.118504606	0.121648714	-0.077773474	0.1071021	-0.10294066	0.08594727	-0.067905284	0.07799888
-0.03197403	0.029372137	-0.03208642	0.031089012	-0.03307827	0.0693638	-0.075217925	0.0404494	-0.034605734	0.028252413	-0.097227514	0.087503955	-0.122320764	0.05931229	-0.06547959	0.13400598	-0.15058161	0.13771547	-0.15218554	0.07027606	-0.20054878	0.19103646	-0.18198372	0.124093026	-0.065459974	0.14443007	-0.8222133	0.2433754	-0.1156252	0.093163736	-0.16571148	0.9999997	-0.31954396	0.16048606	-0.10188177	0.13400254	-0.18747048	0.20462844	-0.18760823	0.10693787	-0.12278419	0.14981852	-0.13605349	0.101164125	-0.11284458
0.03324404	-0.030473702	0.034515668	-0.033845067	0.036464985	-0.06980616	0.07616226	-0.043687787	0.03774882	-0.03121032	0.09685097	-0.086776786	0.12647158	-0.06593304	0.07334523	-0.12786283	0.13466318	-0.13952562	0.19130278	-0.09104208	0.1611842	-0.14661263	0.18086976	-0.1683148	0.08569626	-0.09843833	0.2296197	-0.51103497	0.17347394	-0.1315557	0.11536897	-0.31954396	0.99999976	-0.29214087	0.14523457	-0.16359608	0.20276853	-0.6215381	0.25167376	-0.149249	0.14036086	-0.19336669	0.19338246	-0.14987634	0.15033375
-0.04707933	0.04289836	-0.051121414	0.05083082	-0.056270942	0.09438679	-0.10532547	0.06480304	-0.057197835	0.04815036	-0.13194042	0.11677316	-0.17874609	0.10308764	-0.11776288	0.16039279	-0.16989994	0.17031316	-0.40938193	0.17156343	-0.19670223	0.1579958	-0.20919344	0.30428243	-0.17565352	0.101731025	-0.16694802	0.27797025	-0.5067109	0.28092635	-0.12591483	0.16048606	-0.29214087	0.9999996	-0.423151	0.11519404	-0.12911825	0.21204455	-0.31637782	0.20739655	-0.11208978	0.13256231	-0.19586037	0.15296255	-0.2136994
0.03183812	-0.029308476	0.03743083	-0.039069597	0.041976452	-0.06301248	0.06880221	-0.049050882	0.043745678	-0.03725918	0.08513846	-0.07724831	0.11646467	-0.08737836	0.09605593	-0.10737722	0.107759774	-0.112923376	0.22923635	-0.23703732	0.12043756	-0.101356484	0.13124095	-0.25019315	0.21201013	-0.06336718	0.10102437	-0.19536328	0.2658901	-0.7151923	0.0768905	-0.10188177	0.14523457	-0.423151	0.9999995	-0.07624851	0.08254801	-0.13807872	0.20715322	-0.29210165	0.072074525	-0.08929858	0.13513848	-0.11769333	0.19149075
-0.021059133	0.019289145	-0.02156723	0.021009516	-0.02259517	0.044465035	-0.0483422	0.027197735	-0.023391264	0.019276448	-0.061956234	0.054683838	-0.078961276	0.040153023	-0.044664115	0.08415974	-0.08390225	0.081930384	-0.108553916	0.051168304	-0.11384978	0.09008353	-0.09948529	0.086943455	-0.047319133	0.1049556	-0.1314694	0.14489408	-0.079026796	0.069022946	-0.14069897	0.13400254	-0.16359608	0.11519404	-0.07624851	0.9999995	-0.52177143	0.19918916	-0.17511924	0.09775616	-0.7277187	0.32285455	-0.14751688	0.10517185	-0.105214
0.021391883	-0.019599328	0.022039419	-0.021528231	0.023165697	-0.045009755	0.048995692	-0.027836349	0.023975292	-0.01978849	0.062559836	-0.055500124	0.08039602	-0.041387685	0.04601857	-0.08398309	0.08543914	-0.08459773	0.11369229	-0.05446625	0.109384224	-0.09231112	0.10399054	-0.09363688	0.050403215	-0.08540999	0.1510436	-0.17132962	0.08683305	-0.07492866	0.101751514	-0.18747048	0.20276853	-0.12911825	0.08254801	-0.52177143	0.9999994	-0.37342054	0.18583085	-0.10795008	0.31241477	-0.64645517	0.17063318	-0.1243779	0.11255376
-0.032950748	0.030111263	-0.034182798	0.03342058	-0.036231413	0.06842089	-0.075313166	0.04311314	-0.037323643	0.030904857	-0.0956878	0.0847004	-0.1251658	0.06474533	-0.0724756	0.12323888	-0.12954438	0.12830745	-0.18566199	0.087165594	-0.15953761	0.13281195	-0.16451117	0.14905821	-0.08160368	0.09690487	-0.19808367	0.2779791	-0.14582424	0.12170568	-0.118504606	0.20462844	-0.6215381	0.21204455	-0.13807872	0.19918916	-0.37342054	0.9999994	-0.38563573	0.17883286	-0.18832585	0.2367548	-0.31890732	0.19994955	-0.19098884
0.042503227	-0.03900788	0.04523631	-0.044831708	0.048189476	-0.08740069	0.09473143	-0.057639007	0.049764734	-0.04144942	0.11927198	-0.106059015	0.1554899	-0.08731939	0.096421935	-0.15782814	0.15382579	-0.16078937	0.24094428	-0.13313892	0.17723921	-0.15202926	0.1845859	-0.21871693	0.11944303	-0.10242129	0.16979238	-0.3334811	0.19278859	-0.1934362	0.121648714	-0.18760823	0.25167376	-0.31637782	0.20715322	-0.17511924	0.18583085	-0.38563573	0.9999993	-0.44739455	0.15229072	-0.21535547	0.28157648	-0.36252227	0.29165098
-0.02806402	0.025683776	-0.030559352	0.03055453	-0.03325549	0.05669391	-0.062247653	0.039010018	-0.034133542	0.028661033	-0.07800222	0.06923702	-0.10372918	0.061581135	-0.069016196	0.099122144	-0.099381074	0.10124862	-0.17591444	0.107970454	-0.11530528	0.09503988	-0.117969	0.14920764	-0.102242105	0.064002864	-0.103318065	0.18134555	-0.14317892	0.18249276	-0.077773474	0.10693787	-0.149249	0.20739655	-0.29210165	0.09775616	-0.10795008	0.17883286	-0.44739455	0.99999934	-0.09506084	0.121831305	-0.27346447	0.25892866	-0.72559184
0.019478448	-0.017872073	0.02004125	-0.019581117	0.020990659	-0.041168842	0.044478964	-0.025341908	0.021759653	-0.017945653	0.056893405	-0.050379843	0.07237147	-0.037410296	0.041444324	-0.07837857	0.0764328	-0.0762113	0.10066597	-0.048797768	0.09996392	-0.082089715	0.090518564	-0.083485916	0.044805266	-0.09207585	0.112253025	-0.14138168	0.07497341	-0.06631471	0.1071021	-0.12278419	0.14036086	-0.11208978	0.072074525	-0.7277187	0.31241477	-0.18832585	0.15229072	-0.09506084	0.9999994	-0.5597563	0.14177403	-0.10764712	0.097734936
-0.023155782	0.021178609	-0.023884978	0.023308678	-0.025184285	0.048374526	-0.052964766	0.030116392	-0.02598765	0.02147699	-0.067521065	0.059624225	-0.08718958	0.04478991	-0.049993597	0.088938646	-0.09114281	0.089199655	-0.123765856	0.058631856	-0.11684267	0.095199235	-0.10965532	0.09880157	-0.054307852	0.083724245	-0.14719129	0.16481437	-0.090773076	0.08015719	-0.10294066	0.14981852	-0.19336669	0.13256231	-0.08929858	0.32285455	-0.64645517	0.2367548	-0.21535547	0.121831305	-0.5597563	0.9999991	-0.23253167	0.14590542	-0.13429806
0.027718551	-0.025423618	0.029380044	-0.02906534	0.03127831	-0.057170674	0.06211955	-0.037383202	0.032305807	-0.026877906	0.07839088	-0.06969434	0.10220114	-0.05671028	0.0627616	-0.10345337	0.102353424	-0.105807945	0.15656811	-0.085622326	0.120230936	-0.102657415	0.124019295	-0.1389614	0.07730451	-0.072106995	0.12341609	-0.22305645	0.12473303	-0.1246768	0.08594727	-0.13605349	0.19338246	-0.19586037	0.13513848	-0.14751688	0.17063318	-0.31890732	0.28157648	-0.27346447	0.14177403	-0.23253167	0.999999	-0.7439727	0.26465935
-0.022153959	0.020291662	-0.023543006	0.023295375	-0.025172511	0.045454413	-0.049638275	0.029926626	-0.025936129	0.02161134	-0.062584296	0.05549673	-0.081984796	0.045646697	-0.05074567	0.08138372	-0.08130554	0.08299989	-0.12744835	0.06981759	-0.09601627	0.08030972	-0.09784086	0.10971304	-0.06357328	0.056268264	-0.09559173	0.1631807	-0.09954998	0.10338691	-0.067905284	0.101164125	-0.14987634	0.15296255	-0.11769333	0.10517185	-0.1243779	0.19994955	-0.36252227	0.25892866	-0.10764712	0.14590542	-0.7439727	0.999999	-0.44545996
0.028109951	-0.025790842	0.03049908	-0.030512348	0.032873232	-0.057208017	0.06224697	-0.03903736	0.033940133	-0.028411018	0.07807997	-0.06951537	0.10281767	-0.060981594	0.06740856	-0.10168319	0.09982672	-0.103497945	0.16671453	-0.10557165	0.11488358	-0.09692183	0.11885433	-0.15192255	0.094314136	-0.065055124	0.10545715	-0.19752154	0.13740335	-0.16981794	0.07799888	-0.11284458	0.15033375	-0.2136994	0.19149075	-0.105214	0.11255376	-0.19098884	0.29165098	-0.72559184	0.097734936	-0.13429806	0.26465935	-0.44545996	0.999999
