1.0000001	-0.39457804	0.20532535	-0.17677166	0.19007477	-0.7212453	0.31180722	-0.24285337	0.152837	-0.19997615	0.15396734	-0.14631128	0.19824842	-0.17827016	0.17237216	-0.10695802	0.15633614	-0.15563668	0.13740058	-0.12930216	0.106754236	-0.12235443	0.13766444	-0.13168174	0.10273134	-0.055355184	0.1063878	-0.10588092	0.10540101	-0.10285961	0.04989284	-0.12269218	0.0939595	-0.07752991	0.07829008	-0.07280723	0.08383752	-0.08579551	0.08107099	-0.071319774	0.05551764	-0.069738075	0.10902773	-0.06273451	0.05133326
-0.39457804	1.0000005	-0.56298935	0.265054	-0.31809115	0.2569726	-0.47411448	0.2739894	-0.20131426	0.21784642	-0.17016514	0.15231447	-0.25271407	0.19821836	-0.20003681	0.1068714	-0.16876984	0.16403753	-0.15264402	0.13570182	-0.11028543	0.12178146	-0.14707333	0.13358113	-0.10772818	0.05364975	-0.10724297	0.10726317	-0.108568996	0.10358402	-0.04881832	0.11703811	-0.09613895	0.07838605	-0.079665005	0.06984306	-0.08246392	0.085900925	-0.08233341	0.07125916	-0.05432784	0.067900576	-0.11037087	0.062019423	-0.05140486
0.20532535	-0.56298935	1.0000002	-0.57684726	0.28742015	-0.16957273	0.23950778	-0.35377276	0.22462413	-0.24179824	0.12368564	-0.11579283	0.22683685	-0.22890164	0.18229309	-0.08995438	0.13836512	-0.15453264	0.14142336	-0.12827192	0.09251686	-0.106409855	0.13072075	-0.12442586	0.09862412	-0.0472721	0.0936332	-0.09665947	0.097265184	-0.095044844	0.042837884	-0.10453763	0.08547267	-0.07061173	0.07174494	-0.06254523	0.073048025	-0.077010974	0.073659204	-0.06452574	0.048305437	-0.060623985	0.09749679	-0.056151267	0.046238117
-0.17677166	0.265054	-0.57684726	1.0	-0.5857432	0.1320786	-0.1886023	0.21984242	-0.37283075	0.26555765	-0.11207615	0.10070921	-0.20687203	0.24233054	-0.19912872	0.08282069	-0.1301166	0.14168838	-0.14308585	0.12685281	-0.08699612	0.09898278	-0.12544683	0.11918285	-0.09685397	0.044021804	-0.08836718	0.09165282	-0.09388867	0.09113548	-0.04004494	0.09705586	-0.081925415	0.06760639	-0.06908152	0.058546603	-0.06902901	0.07327508	-0.07075269	0.06158873	-0.04561931	0.057108928	-0.09349185	0.053386107	-0.044210415
0.19007477	-0.31809115	0.28742015	-0.5857432	0.99999994	-0.15279624	0.19678582	-0.23641275	0.27697352	-0.500024	0.13038698	-0.11859142	0.2149868	-0.29072303	0.25330573	-0.10644182	0.1619831	-0.17776348	0.17446724	-0.1686452	0.11180328	-0.12991889	0.15888277	-0.15923204	0.12680751	-0.059223182	0.11639048	-0.12125444	0.12372927	-0.12276051	0.05364978	-0.1320401	0.10805212	-0.09026782	0.09201263	-0.08001275	0.09302105	-0.098147355	0.09419817	-0.08304597	0.061737113	-0.077485785	0.12446823	-0.07246501	0.05948996
-0.7212453	0.2569726	-0.16957273	0.1320786	-0.15279624	1.0	-0.5543973	0.21120021	-0.12129239	0.14350444	-0.1706356	0.14761296	-0.18848859	0.13386011	-0.13250846	0.08829049	-0.13491297	0.123673566	-0.10863418	0.097770214	-0.087111376	0.096220866	-0.10894912	0.09910015	-0.07826428	0.04210866	-0.08245889	0.0806066	-0.08013414	0.076926306	-0.03809811	0.091843925	-0.07153066	0.058353294	-0.058960136	0.053922474	-0.06285154	0.064450175	-0.06109199	0.05323054	-0.04140053	0.051910203	-0.08215508	0.046549454	-0.038336948
0.31180722	-0.47411448	0.23950778	-0.1886023	0.19678582	-0.5543973	0.99999994	-0.43779564	0.16715074	-0.19504613	0.19183534	-0.22544086	0.2506379	-0.18701607	0.16968964	-0.11189207	0.16815317	-0.16801505	0.14152248	-0.1284335	0.10816729	-0.12324772	0.13942423	-0.12950376	0.101099454	-0.05354964	0.10433451	-0.10376856	0.10232424	-0.099463366	0.0482935	-0.11755415	0.09099907	-0.07471716	0.07541623	-0.0687927	0.07971679	-0.082340024	0.0778576	-0.06827487	0.05257877	-0.06610764	0.10386241	-0.05964919	0.048955392
-0.24285337	0.2739894	-0.35377276	0.21984242	-0.23641275	0.21120021	-0.43779564	1.0	-0.26200235	0.21670724	-0.17812651	0.16964252	-0.637512	0.23669328	-0.20125365	0.11275116	-0.18214004	0.21747184	-0.18294717	0.14934471	-0.1143318	0.1306248	-0.1728833	0.14750846	-0.11747189	0.055777293	-0.11306023	0.11718764	-0.11606474	0.11086772	-0.05064864	0.122156225	-0.10258346	0.08321294	-0.08432201	0.07216919	-0.085095085	0.090652876	-0.08665714	0.07515309	-0.056008607	0.07029406	-0.11428243	0.0649439	-0.053790543
0.152837	-0.20131426	0.22462413	-0.37283075	0.27697352	-0.12129239	0.16715074	-0.26200235	0.99999976	-0.4572129	0.11198845	-0.10252453	0.22694464	-0.6851717	0.24903984	-0.087640435	0.1378401	-0.1687082	0.18557975	-0.16029182	0.091956116	-0.10702294	0.1410582	-0.1415056	0.11447061	-0.04710093	0.095356524	-0.102058105	0.105226785	-0.104208715	0.042828187	-0.10430181	0.09026405	-0.075316176	0.07736105	-0.06294133	0.07428419	-0.08051833	0.07831259	-0.068516985	0.04912064	-0.06163386	0.10155153	-0.05890749	0.04880522
-0.19997615	0.21784642	-0.24179824	0.26555765	-0.500024	0.14350444	-0.19504613	0.21670724	-0.4572129	0.9999998	-0.14394978	0.1255425	-0.24344395	0.29974297	-0.5119185	0.11476331	-0.18393387	0.19617905	-0.22403699	0.21391147	-0.12450544	0.14065047	-0.18613239	0.18116304	-0.15777804	0.06284394	-0.12881088	0.1361449	-0.14502239	0.14060478	-0.05750525	0.13828859	-0.12395839	0.10295742	-0.106687985	0.08489442	-0.10175566	0.10987987	-0.108283386	0.09345767	-0.06724976	0.083855525	-0.14191149	0.080294974	-0.067168236
0.15396734	-0.17016514	0.12368564	-0.11207615	0.13038698	-0.1706356	0.19183534	-0.17812651	0.11198845	-0.14394978	0.99999976	-0.8342062	0.19087428	-0.13850062	0.14085035	-0.23704429	0.26126373	-0.16542734	0.1282673	-0.11860009	0.16737135	-0.17924117	0.14146653	-0.12748815	0.09664206	-0.07111184	0.12945949	-0.10978332	0.10279808	-0.099074274	0.06289196	-0.15025814	0.09400998	-0.076106735	0.075569555	-0.08015841	0.09069212	-0.08626898	0.078927495	-0.06944594	0.059038978	-0.07476484	0.1074306	-0.061123993	0.04972815
-0.14631128	0.15231447	-0.11579283	0.10070921	-0.11859142	0.14761296	-0.22544086	0.16964252	-0.10252453	0.1255425	-0.8342062	0.9999999	-0.22209674	0.124080434	-0.12607224	0.18217555	-0.35453928	0.15497853	-0.118933946	0.10500885	-0.15135191	0.15659729	-0.13005503	0.11180178	-0.08571777	0.06014481	-0.11570337	0.09655713	-0.090670705	0.08627554	-0.053887416	0.12534983	-0.08280412	0.06644338	-0.06609753	0.067433566	-0.07763675	0.07489079	-0.06899127	0.06022834	-0.05033114	0.063472226	-0.09363222	0.052726224	-0.043149803
0.19824842	-0.25271407	0.22683685	-0.20687203	0.2149868	-0.18848859	0.2506379	-0.637512	0.22694464	-0.24344395	0.19087428	-0.22209674	0.9999999	-0.3207911	0.22298735	-0.13686037	0.21154477	-0.39707506	0.22702587	-0.19047084	0.13371412	-0.16234991	0.21354355	-0.1897733	0.14418949	-0.06795124	0.13618161	-0.14765881	0.14040016	-0.13790192	0.061276738	-0.15074503	0.12376286	-0.10163522	0.10227736	-0.08800213	0.10232553	-0.11070147	0.1045101	-0.09200822	0.06747303	-0.08526092	0.135641	-0.079381004	0.06515453
-0.17827016	0.19821836	-0.22890164	0.24233054	-0.29072303	0.13386011	-0.18701607	0.23669328	-0.6851717	0.29974297	-0.13850062	0.124080434	-0.3207911	0.9999996	-0.35172597	0.10724467	-0.1736768	0.21375579	-0.299023	0.20480746	-0.11386912	0.1314454	-0.18227829	0.17679632	-0.1483725	0.057251398	-0.11803218	0.12712264	-0.13292585	0.12955543	-0.05224267	0.12618749	-0.11317224	0.09388052	-0.096993804	0.076398306	-0.0911128	0.09970068	-0.09787702	0.08482113	-0.06014579	0.07532126	-0.12638168	0.07248234	-0.060499333
0.17237216	-0.20003681	0.18229309	-0.19912872	0.25330573	-0.13250846	0.16968964	-0.20125365	0.24903984	-0.5119185	0.14085035	-0.12607224	0.22298735	-0.35172597	0.9999997	-0.13035679	0.19840573	-0.24680713	0.2747064	-0.46947443	0.1387326	-0.16938749	0.22154321	-0.2717011	0.22888315	-0.07682464	0.15301226	-0.173575	0.18437637	-0.20660403	0.06952091	-0.17372689	0.15149873	-0.13406311	0.13953434	-0.10630865	0.12314406	-0.13843726	0.13648684	-0.12467156	0.08209716	-0.1039069	0.16873476	-0.106140696	0.08655832
-0.10695802	0.1068714	-0.08995438	0.08282069	-0.10644182	0.08829049	-0.11189207	0.11275116	-0.087640435	0.11476331	-0.23704429	0.18217555	-0.13686037	0.10724467	-0.13035679	0.99999934	-0.46333042	0.15796956	-0.12587225	0.11192226	-0.76331246	0.2491585	-0.16001941	0.12624152	-0.09722705	0.12065712	-0.18357413	0.12151838	-0.11089942	0.10084923	-0.11233484	0.17752056	-0.10511222	0.08122946	-0.07981422	0.092004284	-0.10836574	0.094155125	-0.08500989	0.072791584	-0.06885799	0.08455081	-0.12062894	0.06397712	-0.05265785
0.15633614	-0.16876984	0.13836512	-0.1301166	0.1619831	-0.13491297	0.16815317	-0.18214004	0.1378401	-0.18393387	0.26126373	-0.35453928	0.21154477	-0.1736768	0.19840573	-0.46333042	0.9999997	-0.32221004	0.20176059	-0.1838285	0.29050407	-0.43883944	0.24086651	-0.20469773	0.1516698	-0.12662946	0.24495408	-0.18611287	0.16521688	-0.15755112	0.11080879	-0.27296835	0.15375987	-0.122583754	0.12020612	-0.13556446	0.15327783	-0.14095142	0.1262361	-0.110929936	0.098348476	-0.12536618	0.17270087	-0.09741659	0.07905517
-0.15563668	0.16403753	-0.15453264	0.14168838	-0.17776348	0.123673566	-0.16801505	0.21747184	-0.1687082	0.19617905	-0.16542734	0.15497853	-0.39707506	0.21375579	-0.24680713	0.15796956	-0.32221004	0.99999946	-0.5276514	0.2530069	-0.16212095	0.20729397	-0.49161556	0.25858703	-0.2025831	0.07882842	-0.17527287	0.20876691	-0.19097254	0.17477801	-0.07178815	0.17409457	-0.17026047	0.13131817	-0.13171141	0.10126855	-0.12148934	0.14054893	-0.13403925	0.114517905	-0.079488836	0.10048293	-0.1694986	0.09638009	-0.08057487
0.13740058	-0.15264402	0.14142336	-0.14308585	0.17446724	-0.10863418	0.14152248	-0.18294717	0.18557975	-0.22403699	0.1282673	-0.118933946	0.22702587	-0.299023	0.2747064	-0.12587225	0.20176059	-0.5276514	0.9999994	-0.54851556	0.12947145	-0.16757788	0.26676577	-0.3709426	0.25645134	-0.06882515	0.1448794	-0.17836282	0.18420696	-0.19906712	0.062365223	-0.15498026	0.14692654	-0.12781516	0.13343461	-0.092393465	0.10900806	-0.12901431	0.12826078	-0.114690356	0.07209516	-0.09155161	0.15303002	-0.09485037	0.07869643
-0.12930216	0.13570182	-0.12827192	0.12685281	-0.1686452	0.097770214	-0.1284335	0.14934471	-0.16029182	0.21391147	-0.11860009	0.10500885	-0.19047084	0.20480746	-0.46947443	0.11192226	-0.1838285	0.2530069	-0.54851556	0.9999995	-0.122075126	0.14980349	-0.24431169	0.29574996	-0.4857719	0.064489074	-0.13875851	0.16910686	-0.20614755	0.22545719	-0.05900517	0.1444373	-0.15135801	0.13612181	-0.15360713	0.089392014	-0.10793248	0.13032538	-0.13899611	0.12190467	-0.07158403	0.09026833	-0.1597894	0.09829509	-0.08404332
0.106754236	-0.11028543	0.09251686	-0.08699612	0.11180328	-0.087111376	0.10816729	-0.1143318	0.091956116	-0.12450544	0.16737135	-0.15135191	0.13371412	-0.11386912	0.1387326	-0.76331246	0.29050407	-0.16212095	0.12947145	-0.122075126	0.9999993	-0.37734514	0.17089787	-0.14151923	0.10625586	-0.18008721	0.21405426	-0.13921767	0.12270467	-0.11377184	0.14005348	-0.23782466	0.117307775	-0.09155536	0.08914915	-0.11525552	0.12955552	-0.1078958	0.09511938	-0.08265257	0.08267417	-0.102944076	0.13541125	-0.07319265	0.059501484
-0.12235443	0.12178146	-0.106409855	0.09898278	-0.12991889	0.096220866	-0.12324772	0.1306248	-0.10702294	0.14065047	-0.17924117	0.15659729	-0.16234991	0.1314454	-0.16938749	0.2491585	-0.43883944	0.20729397	-0.16757788	0.14980349	-0.37734514	0.99999905	-0.31429213	0.18295053	-0.1392929	0.13340531	-0.6088621	0.21042201	-0.17319217	0.1467224	-0.12520356	0.2785147	-0.17055081	0.12328953	-0.11833995	0.12888099	-0.16684619	0.14360633	-0.12778272	0.10689628	-0.098881654	0.12287099	-0.18040992	0.09266522	-0.07689273
0.13766444	-0.14707333	0.13072075	-0.12544683	0.15888277	-0.10894912	0.13942423	-0.1728833	0.1410582	-0.18613239	0.14146653	-0.13005503	0.21354355	-0.18227829	0.22154321	-0.16001941	0.24086651	-0.49161556	0.26676577	-0.24431169	0.17089787	-0.31429213	0.99999917	-0.42329708	0.22991247	-0.09589373	0.22610387	-0.4494997	0.24858014	-0.22955117	0.08642592	-0.22300188	0.23325953	-0.17743273	0.16509098	-0.1256465	0.14761989	-0.1971215	0.17014557	-0.14930782	0.09671184	-0.12524308	0.2044487	-0.12415283	0.10116893
-0.13168174	0.13358113	-0.12442586	0.11918285	-0.15923204	0.09910015	-0.12950376	0.14750846	-0.1415056	0.18116304	-0.12748815	0.11180178	-0.1897733	0.17679632	-0.2717011	0.12624152	-0.20469773	0.25858703	-0.3709426	0.29574996	-0.14151923	0.18295053	-0.42329708	0.9999991	-0.5869314	0.07590536	-0.1731884	0.23224527	-0.3168402	0.27805534	-0.069769375	0.17099485	-0.20248674	0.18218966	-0.20069261	0.1065017	-0.13067688	0.16729558	-0.18390001	0.15525185	-0.086503215	0.1093277	-0.2005457	0.12264364	-0.10636493
0.10273134	-0.10772818	0.09862412	-0.09685397	0.12680751	-0.07826428	0.101099454	-0.11747189	0.11447061	-0.15777804	0.09664206	-0.08571777	0.14418949	-0.1483725	0.22888315	-0.09722705	0.1516698	-0.2025831	0.25645134	-0.4857719	0.10625586	-0.1392929	0.22991247	-0.5869314	0.999999	-0.060123928	0.12997149	-0.18215835	0.24361038	-0.4804268	0.05479363	-0.1375577	0.1554825	-0.16346905	0.19211866	-0.086023286	0.102663025	-0.13721545	0.15451989	-0.1502026	0.06856313	-0.087745704	0.15592359	-0.11183014	0.09425408
-0.055355184	0.05364975	-0.0472721	0.044021804	-0.059223182	0.04210866	-0.05354964	0.055777293	-0.04710093	0.06284394	-0.07111184	0.06014481	-0.06795124	0.057251398	-0.07682464	0.12065712	-0.12662946	0.07882842	-0.06882515	0.064489074	-0.18008721	0.13340531	-0.09589373	0.07590536	-0.060123928	0.99999905	-0.18666086	0.08728671	-0.07800914	0.06672041	-0.9161174	0.21195646	-0.081208855	0.058594275	-0.056479707	0.11971742	-0.13649113	0.07462123	-0.06309652	0.05208342	-0.090665475	0.088580586	-0.10597972	0.046853162	-0.038912356
0.1063878	-0.10724297	0.0936332	-0.08836718	0.11639048	-0.08245889	0.10433451	-0.11306023	0.095356524	-0.12881088	0.12945949	-0.11570337	0.13618161	-0.11803218	0.15301226	-0.18357413	0.24495408	-0.17527287	0.1448794	-0.13875851	0.21405426	-0.6088621	0.22610387	-0.1731884	0.12997149	-0.18666086	0.9999991	-0.27919832	0.17491676	-0.15004398	0.15954602	-0.5550007	0.18053338	-0.12984715	0.11969862	-0.16279255	0.20176414	-0.15922402	0.13099565	-0.11167605	0.11633642	-0.15078628	0.18732575	-0.09744086	0.07924152
-0.10588092	0.10726317	-0.09665947	0.09165282	-0.12125444	0.0806066	-0.10376856	0.11718764	-0.102058105	0.1361449	-0.10978332	0.09655713	-0.14765881	0.12712264	-0.173575	0.12151838	-0.18611287	0.20876691	-0.17836282	0.16910686	-0.13921767	0.21042201	-0.4494997	0.23224527	-0.18215835	0.08728671	-0.27919832	0.99999905	-0.44360742	0.23093219	-0.0802483	0.20797554	-0.55279106	0.23607421	-0.19443792	0.123664886	-0.15529652	0.25787228	-0.22029293	0.16860509	-0.10145558	0.13165179	-0.26107946	0.13533649	-0.11403664
0.10540101	-0.108568996	0.097265184	-0.09388867	0.12372927	-0.08013414	0.10232424	-0.11606474	0.105226785	-0.14502239	0.10279808	-0.090670705	0.14040016	-0.13292585	0.18437637	-0.11089942	0.16521688	-0.19097254	0.18420696	-0.20614755	0.12270467	-0.17319217	0.24858014	-0.3168402	0.24361038	-0.07800914	0.17491676	-0.44360742	0.9999988	-0.5136233	0.0706903	-0.18552856	0.26660624	-0.45207328	0.27628958	-0.11648511	0.136917	-0.2324971	0.26264653	-0.24197543	0.092120096	-0.12125167	0.21706256	-0.17601214	0.14169797
-0.10285961	0.10358402	-0.095044844	0.09113548	-0.12276051	0.076926306	-0.099463366	0.11086772	-0.104208715	0.14060478	-0.099074274	0.08627554	-0.13790192	0.12955543	-0.20660403	0.10084923	-0.15755112	0.17477801	-0.19906712	0.22545719	-0.11377184	0.1467224	-0.22955117	0.27805534	-0.4804268	0.06672041	-0.15004398	0.23093219	-0.5136233	0.99999875	-0.06134577	0.15365572	-0.2187735	0.26479876	-0.46126238	0.101268396	-0.12477082	0.1845551	-0.2524932	0.23355104	-0.08389122	0.10727827	-0.21042638	0.15790449	-0.14587478
0.04989284	-0.04881832	0.042837884	-0.04004494	0.05364978	-0.03809811	0.0482935	-0.05064864	0.042828187	-0.05750525	0.06289196	-0.053887416	0.061276738	-0.05224267	0.06952091	-0.11233484	0.11080879	-0.07178815	0.062365223	-0.05900517	0.14005348	-0.12520356	0.08642592	-0.069769375	0.05479363	-0.9161174	0.15954602	-0.0802483	0.0706903	-0.06134577	0.9999986	-0.27519003	0.07367073	-0.05367074	0.051516104	-0.13538608	0.13246834	-0.06927384	0.057516318	-0.047939368	0.089031525	-0.08864186	0.09648111	-0.04329062	0.035654504
-0.12269218	0.11703811	-0.10453763	0.09705586	-0.1320401	0.091843925	-0.11755415	0.122156225	-0.10430181	0.13828859	-0.15025814	0.12534983	-0.15074503	0.12618749	-0.17372689	0.17752056	-0.27296835	0.17409457	-0.15498026	0.1444373	-0.23782466	0.2785147	-0.22300188	0.17099485	-0.1375577	0.21195646	-0.5550007	0.20797554	-0.18552856	0.15365572	-0.27519003	0.9999989	-0.20109333	0.13867639	-0.13295722	0.21657224	-0.43559214	0.17939693	-0.15040185	0.121802345	-0.17290683	0.20860633	-0.25759184	0.10924824	-0.09149205
0.0939595	-0.09613895	0.08547267	-0.081925415	0.10805212	-0.07153066	0.09099907	-0.10258346	0.09026405	-0.12395839	0.09400998	-0.08280412	0.12376286	-0.11317224	0.15149873	-0.10511222	0.15375987	-0.17026047	0.14692654	-0.15135801	0.117307775	-0.17055081	0.23325953	-0.20248674	0.1554825	-0.081208855	0.18053338	-0.55279106	0.26660624	-0.2187735	0.07367073	-0.20109333	0.99999887	-0.3354972	0.20026019	-0.1319807	0.15479478	-0.56457853	0.25066796	-0.19418097	0.10462862	-0.14593382	0.27410874	-0.15349768	0.12255392
-0.07752991	0.07838605	-0.07061173	0.06760639	-0.09026782	0.058353294	-0.07471716	0.08321294	-0.075316176	0.10295742	-0.076106735	0.06644338	-0.10163522	0.09388052	-0.13406311	0.08122946	-0.122583754	0.13131817	-0.12781516	0.13612181	-0.09155536	0.12328953	-0.17743273	0.18218966	-0.16346905	0.058594275	-0.12984715	0.23607421	-0.45207328	0.26479876	-0.05367074	0.13867639	-0.3354972	0.9999991	-0.4743251	0.094856285	-0.115293734	0.2394598	-0.5805366	0.28508523	-0.07834551	0.103641175	-0.2124064	0.17548321	-0.15742078
0.07829008	-0.079665005	0.07174494	-0.06908152	0.09201263	-0.058960136	0.07541623	-0.08432201	0.07736105	-0.106687985	0.075569555	-0.06609753	0.10227736	-0.096993804	0.13953434	-0.07981422	0.12020612	-0.13171141	0.13343461	-0.15360713	0.08914915	-0.11833995	0.16509098	-0.20069261	0.19211866	-0.056479707	0.11969862	-0.19443792	0.27628958	-0.46126238	0.051516104	-0.13295722	0.20026019	-0.4743251	0.99999905	-0.09041272	0.107114576	-0.19269425	0.30433553	-0.57313704	0.07334617	-0.09691121	0.18644302	-0.24212122	0.20470956
-0.07280723	0.06984306	-0.06254523	0.058546603	-0.08001275	0.053922474	-0.0687927	0.07216919	-0.06294133	0.08489442	-0.08015841	0.067433566	-0.08800213	0.076398306	-0.10630865	0.092004284	-0.13556446	0.10126855	-0.092393465	0.089392014	-0.11525552	0.12888099	-0.1256465	0.1065017	-0.086023286	0.11971742	-0.16279255	0.123664886	-0.11648511	0.101268396	-0.13538608	0.21657224	-0.1319807	0.094856285	-0.09041272	0.9999988	-0.5349621	0.14546469	-0.10673942	0.0871736	-0.6848073	0.3234509	-0.23933057	0.08327954	-0.06806318
0.08383752	-0.08246392	0.073048025	-0.06902901	0.09302105	-0.06285154	0.07971679	-0.085095085	0.07428419	-0.10175566	0.09069212	-0.07763675	0.10232553	-0.0911128	0.12314406	-0.10836574	0.15327783	-0.12148934	0.10900806	-0.10793248	0.12955552	-0.16684619	0.14761989	-0.13067688	0.102663025	-0.13649113	0.20176414	-0.15529652	0.136917	-0.12477082	0.13246834	-0.43559214	0.15479478	-0.115293734	0.107114576	-0.5349621	0.99999905	-0.19663082	0.1258102	-0.10731819	0.29978108	-0.53843576	0.24716957	-0.10214929	0.080050156
-0.08579551	0.085900925	-0.077010974	0.07327508	-0.098147355	0.064450175	-0.082340024	0.090652876	-0.08051833	0.10987987	-0.08626898	0.07489079	-0.11070147	0.09970068	-0.13843726	0.094155125	-0.14095142	0.14054893	-0.12901431	0.13032538	-0.1078958	0.14360633	-0.1971215	0.16729558	-0.13721545	0.07462123	-0.15922402	0.25787228	-0.2324971	0.1845551	-0.06927384	0.17939693	-0.56457853	0.2394598	-0.19269425	0.14546469	-0.19663082	0.9999991	-0.3604773	0.1957098	-0.13040099	0.1798144	-0.5751733	0.16364402	-0.1372317
0.08107099	-0.08233341	0.073659204	-0.07075269	0.09419817	-0.06109199	0.0778576	-0.08665714	0.07831259	-0.108283386	0.078927495	-0.06899127	0.1045101	-0.09787702	0.13648684	-0.08500989	0.1262361	-0.13403925	0.12826078	-0.13899611	0.09511938	-0.12778272	0.17014557	-0.18390001	0.15451989	-0.06309652	0.13099565	-0.22029293	0.26264653	-0.2524932	0.057516318	-0.15040185	0.25066796	-0.5805366	0.30433553	-0.10673942	0.1258102	-0.3604773	0.99999917	-0.5080661	0.08654767	-0.117775016	0.23281042	-0.26291895	0.20707373
-0.071319774	0.07125916	-0.06452574	0.06158873	-0.08304597	0.05323054	-0.06827487	0.07515309	-0.068516985	0.09345767	-0.06944594	0.06022834	-0.09200822	0.08482113	-0.12467156	0.072791584	-0.110929936	0.114517905	-0.114690356	0.12190467	-0.08265257	0.10689628	-0.14930782	0.15525185	-0.1502026	0.05208342	-0.11167605	0.16860509	-0.24197543	0.23355104	-0.047939368	0.121802345	-0.19418097	0.28508523	-0.57313704	0.0871736	-0.10731819	0.1957098	-0.5080661	0.99999905	-0.07398553	0.096656255	-0.20909895	0.27367923	-0.4216769
0.05551764	-0.05432784	0.048305437	-0.04561931	0.061737113	-0.04140053	0.05257877	-0.056008607	0.04912064	-0.06724976	0.059038978	-0.05033114	0.06747303	-0.06014579	0.08209716	-0.06885799	0.098348476	-0.079488836	0.07209516	-0.07158403	0.08267417	-0.098881654	0.09671184	-0.086503215	0.06856313	-0.090665475	0.11633642	-0.10145558	0.092120096	-0.08389122	0.089031525	-0.17290683	0.10462862	-0.07834551	0.07334617	-0.6848073	0.29978108	-0.13040099	0.08654767	-0.07398553	0.99999887	-0.6150325	0.20034355	-0.07301185	0.05687577
-0.069738075	0.067900576	-0.060623985	0.057108928	-0.077485785	0.051910203	-0.06610764	0.07029406	-0.06163386	0.083855525	-0.07476484	0.063472226	-0.08526092	0.07532126	-0.1039069	0.08455081	-0.12536618	0.10048293	-0.09155161	0.09026833	-0.102944076	0.12287099	-0.12524308	0.1093277	-0.087745704	0.088580586	-0.15078628	0.13165179	-0.12125167	0.10727827	-0.08864186	0.20860633	-0.14593382	0.103641175	-0.09691121	0.3234509	-0.53843576	0.1798144	-0.117775016	0.096656255	-0.6150325	0.99999887	-0.38342533	0.09657464	-0.07700307
0.10902773	-0.11037087	0.09749679	-0.09349185	0.12446823	-0.08215508	0.10386241	-0.11428243	0.10155153	-0.14191149	0.1074306	-0.09363222	0.135641	-0.12638168	0.16873476	-0.12062894	0.17270087	-0.1694986	0.15303002	-0.1597894	0.13541125	-0.18040992	0.2044487	-0.2005457	0.15592359	-0.10597972	0.18732575	-0.26107946	0.21706256	-0.21042638	0.09648111	-0.25759184	0.27410874	-0.2124064	0.18644302	-0.23933057	0.24716957	-0.5751733	0.23281042	-0.20909895	0.20034355	-0.38342533	0.99999875	-0.2412147	0.16395977
-0.06273451	0.062019423	-0.056151267	0.053386107	-0.07246501	0.046549454	-0.05964919	0.0649439	-0.05890749	0.080294974	-0.061123993	0.052726224	-0.079381004	0.07248234	-0.106140696	0.06397712	-0.09741659	0.09638009	-0.09485037	0.09829509	-0.07319265	0.09266522	-0.12415283	0.12264364	-0.11183014	0.046853162	-0.09744086	0.13533649	-0.17601214	0.15790449	-0.04329062	0.10924824	-0.15349768	0.17548321	-0.24212122	0.08327954	-0.10214929	0.16364402	-0.26291895	0.27367923	-0.07301185	0.09657464	-0.2412147	0.9999988	-0.83349746
0.05133326	-0.05140486	0.046238117	-0.044210415	0.05948996	-0.038336948	0.048955392	-0.053790543	0.04880522	-0.067168236	0.04972815	-0.043149803	0.06515453	-0.060499333	0.08655832	-0.05265785	0.07905517	-0.08057487	0.07869643	-0.08404332	0.059501484	-0.07689273	0.10116893	-0.10636493	0.09425408	-0.038912356	0.07924152	-0.11403664	0.14169797	-0.14587478	0.035654504	-0.09149205	0.12255392	-0.15742078	0.20470956	-0.06806318	0.080050156	-0.1372317	0.20707373	-0.4216769	0.05687577	-0.07700307	0.16395977	-0.83349746	0.9999988
