1.0	-0.22804767	0.14878969	-0.118806876	0.10100324	-0.8983957	0.16859254	-0.13958484	0.11332586	-0.11987081	0.18809251	-0.15090017	0.13543904	-0.105696626	0.103115745	-0.1426814	0.115742154	-0.10527122	0.0855678	-0.10326259	0.08706644	-0.10356792	0.064093776	-0.091039196	0.08240583	-0.07892887	0.11218193	-0.08128405	0.06346395	-0.057490066	0.06659041	-0.06652222	0.056347407	-0.05627056	0.069823086	-0.048662003	0.058920745	-0.066512324	0.052980132	-0.05104776	0.060987093	-0.04970014	0.03922724	-0.040355086	0.06607765
-0.22804767	1.0000001	-0.7262625	0.24214739	-0.2152327	0.17545566	-0.4410966	0.28325483	-0.22038883	0.18642797	-0.1673493	0.18777376	-0.21762024	0.1607608	-0.15992354	0.12164982	-0.1233749	0.121603146	-0.10953913	0.12779911	-0.09440343	0.10475448	-0.07468542	0.103877544	-0.10045054	0.08304721	-0.12712601	0.09036903	-0.07329956	0.06604832	-0.073326305	0.07252215	-0.062598616	0.062896885	-0.080128	0.053055547	-0.06516201	0.0726628	-0.05952509	0.05732621	-0.06763565	0.054326497	-0.043451734	0.04437275	-0.07475494
0.14878969	-0.7262625	1.0	-0.38907564	0.20984966	-0.14576784	0.2825912	-0.39235604	0.22248045	-0.20421197	0.14075507	-0.17215966	0.20136507	-0.16504289	0.15028116	-0.10958006	0.10758134	-0.11855177	0.10402329	-0.12566046	0.083887935	-0.09570091	0.070901535	-0.099556625	0.09370745	-0.075856075	0.11397645	-0.08695098	0.0685281	-0.062014937	0.06648377	-0.06718972	0.058042582	-0.05867271	0.07404478	-0.048473306	0.059615385	-0.06769944	0.055213556	-0.053196765	0.061536934	-0.04993303	0.04001848	-0.041006733	0.06879134
-0.118806876	0.24214739	-0.38907564	0.99999994	-0.60789007	0.108976826	-0.2253378	0.2253871	-0.4935862	0.31434926	-0.14312	0.15452759	-0.20187388	0.22155598	-0.22029346	0.10731296	-0.1128139	0.1290177	-0.12738723	0.14998077	-0.09177283	0.09881046	-0.07940649	0.11322359	-0.11258707	0.08194436	-0.12943192	0.09501915	-0.07896315	0.07129802	-0.074437246	0.074674584	-0.06523526	0.06635939	-0.0855621	0.053973064	-0.06708321	0.07547328	-0.06277247	0.060569048	-0.06943527	0.05578914	-0.04519712	0.04607321	-0.07895166
0.10100324	-0.2152327	0.20984966	-0.60789007	0.99999964	-0.09838842	0.17575558	-0.18551908	0.28707188	-0.6542291	0.12278394	-0.13539445	0.16473404	-0.19665994	0.19196656	-0.09710321	0.09969756	-0.124710396	0.11727216	-0.14665104	0.08355319	-0.091416106	0.0755485	-0.11051452	0.10578978	-0.07667248	0.119359784	-0.09256397	0.07524285	-0.068320714	0.06957437	-0.07123022	0.062135585	-0.063564114	0.0811419	-0.050818883	0.063314	-0.072430074	0.059837747	-0.057842873	0.06524714	-0.05290872	0.042957183	-0.04393597	0.07492422
-0.8983957	0.17545566	-0.14576784	0.108976826	-0.09838842	0.9999995	-0.18705913	0.13526648	-0.111103535	0.10974613	-0.24928492	0.1532115	-0.1422717	0.10105094	-0.10088907	0.14169785	-0.12338929	0.09688826	-0.08094827	0.0950024	-0.088270046	0.10043484	-0.06003347	0.08362962	-0.077954985	0.07600988	-0.11136933	0.0746491	-0.059645608	0.053763464	-0.06486954	0.062856525	-0.053282477	0.052774593	-0.066132106	0.046799287	-0.056574635	0.062316872	-0.049971797	0.048056517	-0.058989003	0.047354005	-0.037234582	0.038123567	-0.06270431
0.16859254	-0.4410966	0.2825912	-0.2253378	0.17575558	-0.18705913	0.9999995	-0.6200156	0.22733325	-0.2186312	0.2158873	-0.38786998	0.29504284	-0.20399544	0.17839988	-0.17400447	0.16213745	-0.16367926	0.13491482	-0.16356796	0.11793144	-0.14375319	0.096169226	-0.13285829	0.12151632	-0.107045464	0.153645	-0.11919027	0.09090933	-0.08232832	0.0904098	-0.09143215	0.078292124	-0.07870684	0.09790553	-0.06613314	0.08043832	-0.09172664	0.07381695	-0.07098024	0.082883276	-0.06771664	0.053747777	-0.05527731	0.0912485
-0.13958484	0.28325483	-0.39235604	0.2253871	-0.18551908	0.13526648	-0.6200156	0.99999946	-0.32381874	0.20621872	-0.19399035	0.26243526	-0.46494594	0.21880315	-0.19167806	0.14143856	-0.14282955	0.14759402	-0.12951963	0.15048535	-0.103962876	0.11943411	-0.087696284	0.11746859	-0.11188516	0.091811836	-0.13787532	0.10417577	-0.08150948	0.07344237	-0.079733394	0.07976357	-0.068990424	0.069399275	-0.087643184	0.057882786	-0.070921384	0.08000423	-0.06536009	0.06279576	-0.073289536	0.059277955	-0.047336902	0.048462134	-0.08119518
0.11332586	-0.22038883	0.22248045	-0.4935862	0.28707188	-0.111103535	0.22733325	-0.32381874	0.9999992	-0.4690167	0.1517593	-0.18402849	0.24056834	-0.5000744	0.27122355	-0.119688846	0.12195183	-0.16047555	0.155199	-0.19823568	0.099006936	-0.1100952	0.093955465	-0.13551246	0.12895775	-0.090442374	0.13997643	-0.113796346	0.09023318	-0.08203939	0.081323236	-0.08372992	0.07333899	-0.075194456	0.09554714	-0.05941969	0.07395783	-0.08514641	0.07048453	-0.06795636	0.07599503	-0.061793815	0.050126158	-0.05131845	0.08735326
-0.11987081	0.18642797	-0.20421197	0.31434926	-0.6542291	0.10974613	-0.2186312	0.20621872	-0.4690167	0.99999917	-0.16078433	0.16480546	-0.21609786	0.25090033	-0.31975612	0.12068502	-0.13027748	0.15268235	-0.15881237	0.18665555	-0.11011603	0.1151949	-0.09604353	0.13865845	-0.14322177	0.098426744	-0.15982327	0.11370343	-0.098265745	0.08861066	-0.09142613	0.09130998	-0.08025809	0.08195436	-0.10733748	0.06615235	-0.082767285	0.092504404	-0.077887535	0.07530654	-0.08584969	0.06856847	-0.055990867	0.056874856	-0.098931484
0.18809251	-0.1673493	0.14075507	-0.14312	0.12278394	-0.24928492	0.2158873	-0.19399035	0.1517593	-0.16078433	0.99999887	-0.51567966	0.2487448	-0.16734855	0.15291683	-0.59271365	0.28309846	-0.17483503	0.13399853	-0.16043386	0.16559201	-0.22505613	0.10346726	-0.13948937	0.12449515	-0.14245477	0.18543386	-0.13059472	0.09734718	-0.087988265	0.10971507	-0.106319346	0.08863687	-0.08706156	0.10594497	-0.07970291	0.093577765	-0.10428373	0.08166709	-0.078066945	0.096971534	-0.0791831	0.060945686	-0.06291462	0.10011275
-0.15090017	0.18777376	-0.17215966	0.15452759	-0.13539445	0.1532115	-0.38786998	0.26243526	-0.18402849	0.16480546	-0.51567966	0.9999991	-0.56734264	0.19793628	-0.1812619	0.25417498	-0.29023236	0.16480331	-0.13615766	0.1541345	-0.14743283	0.17769048	-0.098789774	0.1270222	-0.11942599	0.11928242	-0.17202537	0.11702091	-0.09001339	0.08078282	-0.098189116	0.093906015	-0.07970415	0.07842373	-0.097620286	0.0702946	-0.08404805	0.092263274	-0.073989585	0.07068588	-0.08749322	0.070203796	-0.054682914	0.056031663	-0.09140973
0.13543904	-0.21762024	0.20136507	-0.20187388	0.16473404	-0.1422717	0.29504284	-0.46494594	0.24056834	-0.21609786	0.2487448	-0.56734264	0.99999887	-0.3699697	0.23085847	-0.20200305	0.18828197	-0.23345219	0.1730982	-0.2054081	0.13188078	-0.16401535	0.121760346	-0.15503094	0.14150308	-0.11943949	0.17172363	-0.1448676	0.10481377	-0.094585195	0.10038738	-0.102501705	0.08858224	-0.08906732	0.110444464	-0.07346826	0.08949569	-0.10289035	0.08320808	-0.07971225	0.09185528	-0.0752469	0.059822485	-0.061534826	0.10178595
-0.105696626	0.1607608	-0.16504289	0.22155598	-0.19665994	0.10105094	-0.20399544	0.21880315	-0.5000744	0.25090033	-0.16734855	0.19793628	-0.3699697	0.999999	-0.62049305	0.12520072	-0.13263948	0.18010607	-0.21949108	0.24574623	-0.105356134	0.11488986	-0.10608603	0.14995539	-0.1515398	0.094697714	-0.14998603	0.122283615	-0.099738255	0.090371914	-0.085995086	0.088365495	-0.07827779	0.08070982	-0.10381425	0.06260629	-0.07826039	0.08998435	-0.07568336	0.07278115	-0.0803321	0.06509669	-0.053082168	0.054221187	-0.09337181
0.103115745	-0.15992354	0.15028116	-0.22029346	0.19196656	-0.10088907	0.17839988	-0.19167806	0.27122355	-0.31975612	0.15291683	-0.1812619	0.23085847	-0.62049305	0.9999988	-0.1256282	0.12976043	-0.22414844	0.24147117	-0.49133205	0.10980063	-0.12117484	0.12529083	-0.19074693	0.18283117	-0.10287137	0.1615732	-0.15080392	0.11798522	-0.10968072	0.094126545	-0.10086176	0.089863494	-0.09442984	0.11937149	-0.06930906	0.08739959	-0.104056306	0.08731381	-0.08419984	0.08879724	-0.07309077	0.060043145	-0.061661936	0.105830505
-0.1426814	0.12164982	-0.10958006	0.10731296	-0.09710321	0.14169785	-0.17400447	0.14143856	-0.119688846	0.12068502	-0.59271365	0.25417498	-0.20200305	0.12520072	-0.1256282	0.9999993	-0.62094265	0.14305928	-0.11287345	0.12524973	-0.22063082	0.25145826	-0.090145335	0.114568345	-0.1064529	0.14855196	-0.20426951	0.109105095	-0.084845945	0.07579606	-0.11455169	0.09979969	-0.08181701	0.07744712	-0.09447817	0.07945419	-0.09136163	0.09445405	-0.07352555	0.06964829	-0.09675095	0.07593035	-0.056678463	0.058014087	-0.09054282
0.115742154	-0.1233749	0.10758134	-0.1128139	0.09969756	-0.12338929	0.16213745	-0.14282955	0.12195183	-0.13027748	0.28309846	-0.29023236	0.18828197	-0.13263948	0.12976043	-0.62094265	0.99999875	-0.18074031	0.12721427	-0.14252691	0.2361639	-0.52784127	0.10515069	-0.13099262	0.11763194	-0.18173759	0.21664998	-0.12901115	0.09503289	-0.08518929	0.1250051	-0.11322657	0.091717035	-0.08726924	0.10451976	-0.089160696	0.100254446	-0.10722959	0.08215765	-0.07777552	0.104837716	-0.084772155	0.062952206	-0.06500336	0.09989437
-0.10527122	0.121603146	-0.11855177	0.1290177	-0.124710396	0.09688826	-0.16367926	0.14759402	-0.16047555	0.15268235	-0.17483503	0.16480331	-0.23345219	0.18010607	-0.22414844	0.14305928	-0.18074031	0.9999986	-0.5650742	0.27059782	-0.14591019	0.15132092	-0.48912188	0.23434983	-0.23414001	0.13421743	-0.24143389	0.2860372	-0.17759922	0.14650783	-0.12850122	0.13946436	-0.13441451	0.13172577	-0.16975701	0.09363239	-0.12081322	0.14210887	-0.12420376	0.11572962	-0.12158033	0.098710425	-0.082377724	0.08338791	-0.14854324
0.0855678	-0.10953913	0.10402329	-0.12738723	0.11727216	-0.08094827	0.13491482	-0.12951963	0.155199	-0.15881237	0.13399853	-0.13615766	0.1730982	-0.21949108	0.24147117	-0.11287345	0.12721427	-0.5650742	0.9999988	-0.58644795	0.11155021	-0.118388176	0.21200398	-0.34008268	0.24487485	-0.10622145	0.1784173	-0.23326355	0.15967855	-0.1412401	0.10153951	-0.1151867	0.10788729	-0.11529842	0.14473128	-0.075103045	0.097205855	-0.120534614	0.10493734	-0.09938381	0.09702495	-0.08055313	0.06767663	-0.06933391	0.12223348
-0.10326259	0.12779911	-0.12566046	0.14998077	-0.14665104	0.0950024	-0.16356796	0.15048535	-0.19823568	0.18665555	-0.16043386	0.1541345	-0.2054081	0.24574623	-0.49133205	0.12524973	-0.14252691	0.27059782	-0.58644795	0.99999887	-0.12773286	0.1297893	-0.16905048	0.25867423	-0.34782204	0.1180586	-0.2018481	0.1762483	-0.16632397	0.15461802	-0.11436309	0.122310475	-0.112787165	0.12210493	-0.16320625	0.08367694	-0.107779965	0.12785621	-0.11360917	0.10938757	-0.109295346	0.08900648	-0.07508811	0.076495595	-0.1377437
0.08706644	-0.09440343	0.083887935	-0.09177283	0.08355319	-0.088270046	0.11793144	-0.103962876	0.099006936	-0.11011603	0.16559201	-0.14743283	0.13188078	-0.105356134	0.10980063	-0.22063082	0.2361639	-0.14591019	0.11155021	-0.12773286	0.99999875	-0.58401644	0.099310234	-0.13342819	0.11922842	-0.5987294	0.2801921	-0.12930158	0.10388124	-0.09321995	0.21859856	-0.15850148	0.11749138	-0.10559633	0.11981398	-0.15458646	0.14310478	-0.14064024	0.09984082	-0.09299689	0.15242065	-0.12487196	0.08331968	-0.087132275	0.118968114
-0.10356792	0.10475448	-0.09570091	0.09881046	-0.091416106	0.10043484	-0.14375319	0.11943411	-0.1100952	0.1151949	-0.22505613	0.17769048	-0.16401535	0.11488986	-0.12117484	0.25145826	-0.52784127	0.15132092	-0.118388176	0.1297893	-0.58401644	0.99999857	-0.107404344	0.1305726	-0.12106257	0.26436958	-0.3711735	0.13121615	-0.10267345	0.091148145	-0.1834218	0.1422949	-0.11100933	0.099344715	-0.11741204	0.12106695	-0.13173975	0.12680145	-0.09483488	0.08848169	-0.14167869	0.10871309	-0.07669168	0.07845945	-0.11519859
0.064093776	-0.07468542	0.070901535	-0.07940649	0.0755485	-0.06003347	0.096169226	-0.087696284	0.093955465	-0.09604353	0.10346726	-0.098789774	0.121760346	-0.10608603	0.12529083	-0.090145335	0.10515069	-0.48912188	0.21200398	-0.16905048	0.099310234	-0.107404344	0.99999875	-0.18881609	0.15898353	-0.09947101	0.17785566	-0.7696276	0.15439557	-0.12506342	0.09393556	-0.123040445	0.12534761	-0.11350288	0.12784809	-0.07027885	0.09252796	-0.12349158	0.10036725	-0.090305276	0.089056544	-0.07577569	0.06269237	-0.064110115	0.10905733
-0.091039196	0.103877544	-0.099556625	0.11322359	-0.11051452	0.08362962	-0.13285829	0.11746859	-0.13551246	0.13865845	-0.13948937	0.1270222	-0.15503094	0.14995539	-0.19074693	0.114568345	-0.13099262	0.23434983	-0.34008268	0.25867423	-0.13342819	0.1305726	-0.18881609	0.9999987	-0.66780305	0.13101116	-0.22562225	0.20111403	-0.38697213	0.2776242	-0.13719976	0.15879802	-0.15480049	0.19723305	-0.26562428	0.10236257	-0.1377091	0.17729917	-0.17927499	0.16656682	-0.13581388	0.11358631	-0.10154537	0.10382114	-0.19929975
0.08240583	-0.10045054	0.09370745	-0.11258707	0.10578978	-0.077954985	0.12151632	-0.11188516	0.12895775	-0.14322177	0.12449515	-0.11942599	0.14150308	-0.1515398	0.18283117	-0.1064529	0.11763194	-0.23414001	0.24487485	-0.34782204	0.11922842	-0.12106257	0.15898353	-0.66780305	0.9999986	-0.12066651	0.19615515	-0.19837333	0.2828807	-0.42164156	0.12327093	-0.15409951	0.1430807	-0.1911291	0.23912199	-0.09389307	0.12574631	-0.17530708	0.16025741	-0.16372332	0.12219612	-0.10651229	0.09334786	-0.09838645	0.17436764
-0.07892887	0.08304721	-0.075856075	0.08194436	-0.07667248	0.07600988	-0.107045464	0.091811836	-0.090442374	0.098426744	-0.14245477	0.11928242	-0.11943949	0.094697714	-0.10287137	0.14855196	-0.18173759	0.13421743	-0.10622145	0.1180586	-0.5987294	0.26436958	-0.09947101	0.13101116	-0.12066651	0.99999845	-0.42911857	0.12941115	-0.10981493	0.097322784	-0.47005078	0.18842213	-0.1390511	0.11546602	-0.13050601	0.21767405	-0.19796287	0.15699515	-0.11139631	0.101895325	-0.22636166	0.15941164	-0.09977486	0.10155999	-0.13270704
0.11218193	-0.12712601	0.11397645	-0.12943192	0.119359784	-0.11136933	0.153645	-0.13787532	0.13997643	-0.15982327	0.18543386	-0.17202537	0.17172363	-0.14998603	0.1615732	-0.20426951	0.21664998	-0.24143389	0.1784173	-0.2018481	0.2801921	-0.3711735	0.17785566	-0.22562225	0.19615515	-0.42911857	0.9999982	-0.2666124	0.17799298	-0.15951218	0.24688333	-0.3209148	0.21120952	-0.18555501	0.20150657	-0.18972349	0.21329509	-0.24946393	0.1716879	-0.15775225	0.20819637	-0.18545783	0.13270602	-0.13979231	0.1976469
-0.08128405	0.09036903	-0.08695098	0.09501915	-0.09256397	0.0746491	-0.11919027	0.10417577	-0.113796346	0.11370343	-0.13059472	0.11702091	-0.1448676	0.122283615	-0.15080392	0.109105095	-0.12901115	0.2860372	-0.23326355	0.1762483	-0.12930158	0.13121615	-0.7696276	0.20111403	-0.19837333	0.12941115	-0.2666124	0.9999983	-0.23023832	0.15880178	-0.12541433	0.15973245	-0.1864223	0.14838396	-0.17214526	0.09284717	-0.123723514	0.15903361	-0.13502131	0.118479945	-0.118853725	0.09959614	-0.08308493	0.08409161	-0.14631805
0.06346395	-0.07329956	0.0685281	-0.07896315	0.07524285	-0.059645608	0.09090933	-0.08150948	0.09023318	-0.098265745	0.09734718	-0.09001339	0.10481377	-0.099738255	0.11798522	-0.084845945	0.09503289	-0.17759922	0.15967855	-0.16632397	0.10388124	-0.10267345	0.15439557	-0.38697213	0.2828807	-0.10981493	0.17799298	-0.23023832	0.99999815	-0.6654985	0.118362755	-0.17168716	0.17312513	-0.39067954	0.2896505	-0.09221382	0.12903768	-0.21035744	0.22243716	-0.20078859	0.11923011	-0.10850579	0.09810192	-0.10465514	0.18642455
-0.057490066	0.06604832	-0.062014937	0.07129802	-0.068320714	0.053763464	-0.08232832	0.07344237	-0.08203939	0.08861066	-0.087988265	0.08078282	-0.094585195	0.090371914	-0.10968072	0.07579606	-0.08518929	0.14650783	-0.1412401	0.15461802	-0.09321995	0.091148145	-0.12506342	0.2776242	-0.42164156	0.097322784	-0.15951218	0.15880178	-0.6654985	0.99999815	-0.10599364	0.1425014	-0.14591576	0.24044955	-0.4686052	0.08195138	-0.11479389	0.17343797	-0.19818781	0.19759054	-0.10759843	0.09625832	-0.09068223	0.095633075	-0.19200546
0.06659041	-0.073326305	0.06648377	-0.074437246	0.06957437	-0.06486954	0.0904098	-0.079733394	0.081323236	-0.09142613	0.10971507	-0.098189116	0.10038738	-0.085995086	0.094126545	-0.11455169	0.1250051	-0.12850122	0.10153951	-0.11436309	0.21859856	-0.1834218	0.09393556	-0.13719976	0.12327093	-0.47005078	0.24688333	-0.12541433	0.118362755	-0.10599364	0.99999833	-0.28345928	0.17295633	-0.13897368	0.14329636	-0.6167066	0.2594978	-0.20756656	0.13177317	-0.118506	0.281305	-0.24136497	0.12734927	-0.1357893	0.14887862
-0.06652222	0.07252215	-0.06718972	0.074674584	-0.07123022	0.062856525	-0.09143215	0.07976357	-0.08372992	0.09130998	-0.106319346	0.093906015	-0.102501705	0.088365495	-0.10086176	0.09979969	-0.11322657	0.13946436	-0.1151867	0.122310475	-0.15850148	0.1422949	-0.123040445	0.15879802	-0.15409951	0.18842213	-0.3209148	0.15973245	-0.17168716	0.1425014	-0.28345928	0.9999983	-0.64453816	0.21656048	-0.2122391	0.20431763	-0.3978005	0.29620513	-0.21737686	0.16190311	-0.24202746	0.21862738	-0.1525337	0.14517899	-0.20843187
0.056347407	-0.062598616	0.058042582	-0.06523526	0.062135585	-0.053282477	0.078292124	-0.068990424	0.07333899	-0.08025809	0.08863687	-0.07970415	0.08858224	-0.07827779	0.089863494	-0.08181701	0.091717035	-0.13441451	0.10788729	-0.112787165	0.11749138	-0.11100933	0.12534761	-0.15480049	0.1430807	-0.1390511	0.21120952	-0.1864223	0.17312513	-0.14591576	0.17295633	-0.64453816	0.9999984	-0.33052325	0.19973427	-0.1410552	0.22254376	-0.5387614	0.25014365	-0.16577688	0.1663283	-0.16617721	0.13202286	-0.13112763	0.18470277
-0.05627056	0.062896885	-0.05867271	0.06635939	-0.063564114	0.052774593	-0.07870684	0.069399275	-0.075194456	0.08195436	-0.08706156	0.07842373	-0.08906732	0.08070982	-0.09442984	0.07744712	-0.08726924	0.13172577	-0.11529842	0.12210493	-0.10559633	0.099344715	-0.11350288	0.19723305	-0.1911291	0.11546602	-0.18555501	0.14838396	-0.39067954	0.24044955	-0.13897368	0.21656048	-0.33052325	0.99999857	-0.38750812	0.1083257	-0.16455112	0.29230297	-0.64565414	0.25072992	-0.14157656	0.12843026	-0.12321454	0.12563208	-0.24227604
0.069823086	-0.080128	0.07404478	-0.0855621	0.0811419	-0.066132106	0.09790553	-0.087643184	0.09554714	-0.10733748	0.10594497	-0.097620286	0.110444464	-0.10381425	0.11937149	-0.09447817	0.10451976	-0.16975701	0.14473128	-0.16320625	0.11981398	-0.11741204	0.12784809	-0.26562428	0.23912199	-0.13050601	0.20150657	-0.17214526	0.2896505	-0.4686052	0.14329636	-0.2122391	0.19973427	-0.38750812	0.99999845	-0.114407234	0.16079715	-0.27137345	0.27113587	-0.49813488	0.14842829	-0.14162228	0.13459618	-0.15226929	0.28635904
-0.048662003	0.053055547	-0.048473306	0.053973064	-0.050818883	0.046799287	-0.06613314	0.057882786	-0.05941969	0.06615235	-0.07970291	0.0702946	-0.07346826	0.06260629	-0.06930906	0.07945419	-0.089160696	0.09363239	-0.075103045	0.08367694	-0.15458646	0.12106695	-0.07027885	0.10236257	-0.09389307	0.21767405	-0.18972349	0.09284717	-0.09221382	0.08195138	-0.6167066	0.20431763	-0.1410552	0.1083257	-0.114407234	0.99999845	-0.41396952	0.16395187	-0.10670391	0.095676586	-0.54873884	0.27066085	-0.124469854	0.12490027	-0.12363037
0.058920745	-0.06516201	0.059615385	-0.06708321	0.063314	-0.056574635	0.08043832	-0.070921384	0.07395783	-0.082767285	0.093577765	-0.08404805	0.08949569	-0.07826039	0.08739959	-0.09136163	0.100254446	-0.12081322	0.097205855	-0.107779965	0.14310478	-0.13173975	0.09252796	-0.1377091	0.12574631	-0.19796287	0.21329509	-0.123723514	0.12903768	-0.11479389	0.2594978	-0.3978005	0.22254376	-0.16455112	0.16079715	-0.41396952	0.99999833	-0.28953737	0.16188882	-0.14041972	0.31767088	-0.60030085	0.19659425	-0.20419544	0.17572951
-0.066512324	0.0726628	-0.06769944	0.07547328	-0.072430074	0.062316872	-0.09172664	0.08000423	-0.08514641	0.092504404	-0.10428373	0.092263274	-0.10289035	0.08998435	-0.104056306	0.09445405	-0.10722959	0.14210887	-0.120534614	0.12785621	-0.14064024	0.12680145	-0.12349158	0.17729917	-0.17530708	0.15699515	-0.24946393	0.15903361	-0.21035744	0.17343797	-0.20756656	0.29620513	-0.5387614	0.29230297	-0.27137345	0.16395187	-0.28953737	0.99999815	-0.49100262	0.227715	-0.21534833	0.19605535	-0.21304882	0.18107682	-0.28135923
0.052980132	-0.05952509	0.055213556	-0.06277247	0.059837747	-0.049971797	0.07381695	-0.06536009	0.07048453	-0.077887535	0.08166709	-0.073989585	0.08320808	-0.07568336	0.08731381	-0.07352555	0.08215765	-0.12420376	0.10493734	-0.11360917	0.09984082	-0.09483488	0.10036725	-0.17927499	0.16025741	-0.11139631	0.1716879	-0.13502131	0.22243716	-0.19818781	0.13177317	-0.21737686	0.25014365	-0.64565414	0.27113587	-0.10670391	0.16188882	-0.49100262	0.99999815	-0.3775917	0.13722563	-0.13301197	0.13285829	-0.1429077	0.24682438
-0.05104776	0.05732621	-0.053196765	0.060569048	-0.057842873	0.048056517	-0.07098024	0.06279576	-0.06795636	0.07530654	-0.078066945	0.07068588	-0.07971225	0.07278115	-0.08419984	0.06964829	-0.07777552	0.11572962	-0.09938381	0.10938757	-0.09299689	0.08848169	-0.090305276	0.16656682	-0.16372332	0.101895325	-0.15775225	0.118479945	-0.20078859	0.19759054	-0.118506	0.16190311	-0.16577688	0.25072992	-0.49813488	0.095676586	-0.14041972	0.227715	-0.3775917	0.9999984	-0.12970255	0.124144055	-0.1538344	0.1662914	-0.6659156
0.060987093	-0.06763565	0.061536934	-0.06943527	0.06524714	-0.058989003	0.082883276	-0.073289536	0.07599503	-0.08584969	0.096971534	-0.08749322	0.09185528	-0.0803321	0.08879724	-0.09675095	0.104837716	-0.12158033	0.09702495	-0.109295346	0.15242065	-0.14167869	0.089056544	-0.13581388	0.12219612	-0.22636166	0.20819637	-0.118853725	0.11923011	-0.10759843	0.281305	-0.24202746	0.1663283	-0.14157656	0.14842829	-0.54873884	0.31767088	-0.21534833	0.13722563	-0.12970255	0.9999986	-0.5713028	0.18940683	-0.20500652	0.16537543
-0.04970014	0.054326497	-0.04993303	0.05578914	-0.05290872	0.047354005	-0.06771664	0.059277955	-0.061793815	0.06856847	-0.0791831	0.070203796	-0.0752469	0.06509669	-0.07309077	0.07593035	-0.084772155	0.098710425	-0.08055313	0.08900648	-0.12487196	0.10871309	-0.07577569	0.11358631	-0.10651229	0.15941164	-0.18545783	0.09959614	-0.10850579	0.09625832	-0.24136497	0.21862738	-0.16617721	0.12843026	-0.14162228	0.27066085	-0.60030085	0.19605535	-0.13301197	0.124144055	-0.5713028	0.99999857	-0.33113298	0.22470157	-0.17267817
0.03922724	-0.043451734	0.04001848	-0.04519712	0.042957183	-0.037234582	0.053747777	-0.047336902	0.050126158	-0.055990867	0.060945686	-0.054682914	0.059822485	-0.053082168	0.060043145	-0.056678463	0.062952206	-0.082377724	0.06767663	-0.07508811	0.08331968	-0.07669168	0.06269237	-0.10154537	0.09334786	-0.09977486	0.13270602	-0.08308493	0.09810192	-0.09068223	0.12734927	-0.1525337	0.13202286	-0.12321454	0.13459618	-0.124469854	0.19659425	-0.21304882	0.13285829	-0.1538344	0.18940683	-0.33113298	0.9999984	-0.8417969	0.20908208
-0.040355086	0.04437275	-0.041006733	0.04607321	-0.04393597	0.038123567	-0.05527731	0.048462134	-0.05131845	0.056874856	-0.06291462	0.056031663	-0.061534826	0.054221187	-0.061661936	0.058014087	-0.06500336	0.08338791	-0.06933391	0.076495595	-0.087132275	0.07845945	-0.064110115	0.10382114	-0.09838645	0.10155999	-0.13979231	0.08409161	-0.10465514	0.095633075	-0.1357893	0.14517899	-0.13112763	0.12563208	-0.15226929	0.12490027	-0.20419544	0.18107682	-0.1429077	0.1662914	-0.20500652	0.22470157	-0.8417969	0.9999984	-0.31320316
0.06607765	-0.07475494	0.06879134	-0.07895166	0.07492422	-0.06270431	0.0912485	-0.08119518	0.08735326	-0.098931484	0.10011275	-0.09140973	0.10178595	-0.09337181	0.105830505	-0.09054282	0.09989437	-0.14854324	0.12223348	-0.1377437	0.118968114	-0.11519859	0.10905733	-0.19929975	0.17436764	-0.13270704	0.1976469	-0.14631805	0.18642455	-0.19200546	0.14887862	-0.20843187	0.18470277	-0.24227604	0.28635904	-0.12363037	0.17572951	-0.28135923	0.24682438	-0.6659156	0.16537543	-0.17267817	0.20908208	-0.31320316	0.9999984
