1.0	-0.27230126	0.12769206	-0.14817457	0.12648779	-0.5116693	0.18304381	-0.14898454	0.14049014	-0.0865383	0.3110945	-0.20764343	0.18105707	-0.07192129	0.06952705	-0.011220877	0.014749249	-0.08124271	0.07304408	-0.05643107	0.010420342	-0.0137296645	0.058037672	-0.05555515	0.056129552	-0.030684473	0.087948434	-0.08912094	0.070543446	-0.07665627	0.029284766	-0.04372266	0.05269693	-0.06550216	0.04720392	-0.023389664	0.035026185	-0.03700963	0.035176925	-0.03442527	0.033005454	-0.03585337	0.040050887	-0.02464273	0.029875187
-0.27230126	1.0000001	-0.38795012	0.25477436	-0.23407587	0.153732	-0.62151337	0.2856484	-0.27885228	0.15279774	-0.19252126	0.30288267	-0.37035862	0.10921436	-0.11089913	0.01037678	-0.014712421	0.084470324	-0.08082722	0.06438256	-0.009741447	0.013607026	-0.061744716	0.057174776	-0.06564795	0.021604212	-0.063048415	0.071660265	-0.06415875	0.05655876	-0.020706045	0.03094288	-0.03784631	0.04522559	-0.03542195	0.01636459	-0.024469852	0.026215218	-0.025586797	0.024668679	-0.023102043	0.024646027	-0.028703852	0.017528195	-0.021502664
0.12769206	-0.38795012	0.9999999	-0.6678093	0.18967226	-0.07793855	0.21748963	-0.52294326	0.26906174	-0.14430393	0.09826229	-0.20093687	0.24543047	-0.08775835	0.08425548	-0.006806734	0.009720296	-0.058126073	0.05414764	-0.046188496	0.0063956464	-0.009033767	0.041426852	-0.038944695	0.045934238	-0.014165646	0.041147538	-0.04865289	0.042815436	-0.03818938	0.01355974	-0.020325694	0.024838977	-0.030250592	0.023670843	-0.010724284	0.016045116	-0.017270703	0.016981784	-0.016421238	0.015122368	-0.016201606	0.018861068	-0.011562491	0.014161353
-0.14817457	0.25477436	-0.6678093	0.99999994	-0.32481268	0.08410739	-0.20576657	0.30790514	-0.47874779	0.2159039	-0.11136125	0.18759094	-0.26662874	0.1176552	-0.11820586	0.008036624	-0.011463497	0.067761764	-0.06714762	0.05985643	-0.007580471	0.010675547	-0.04954245	0.047898512	-0.059821658	0.017145466	-0.04993116	0.05846766	-0.052262325	0.0463833	-0.016425276	0.024624476	-0.030137056	0.036528382	-0.028812144	0.0129867345	-0.01943343	0.02093298	-0.02062217	0.019910717	-0.018318303	0.019592911	-0.022890866	0.01402124	-0.01719284
0.12648779	-0.23407587	0.18967226	-0.32481268	1.0	-0.073048115	0.15086976	-0.2555992	0.31153908	-0.7721292	0.09510965	-0.17882155	0.18306634	-0.15433495	0.13983354	-0.008012875	0.011309109	-0.06746036	0.066781014	-0.06904501	0.0075317794	-0.010596271	0.048531983	-0.049504768	0.06347018	-0.018097363	0.052147284	-0.06290312	0.053655222	-0.05072967	0.01729206	-0.026045332	0.0317437	-0.039926626	0.030900814	-0.013716443	0.02055077	-0.022242207	0.02204055	-0.021444054	0.019313121	-0.020864017	0.024171008	-0.0149171725	0.018203883
-0.5116693	0.153732	-0.07793855	0.08410739	-0.073048115	0.99999964	-0.165462	0.093975775	-0.083546646	0.050021652	-0.78432274	0.15550055	-0.12351822	0.040969707	-0.039907407	0.0068192887	-0.0082840435	0.041999463	-0.037958093	0.029368617	-0.0062073926	0.0075268624	-0.030074552	0.028320346	-0.029399054	0.014213154	-0.040759817	0.04261288	-0.034713313	0.035802618	-0.013567131	0.020219909	-0.02443803	0.030149076	-0.022118403	0.010797434	-0.01615336	0.017114827	-0.016364235	0.01596541	-0.015234199	0.016480088	-0.018563174	0.0114050405	-0.013859891
0.18304381	-0.62151337	0.21748963	-0.20576657	0.15086976	-0.165462	0.9999994	-0.31046236	0.19033185	-0.10841304	0.16954087	-0.60461736	0.29601002	-0.08201304	0.07920318	-0.008409189	0.011971594	-0.066524126	0.060058482	-0.047781028	0.007773783	-0.011002819	0.047203157	-0.04320682	0.04805477	-0.01648652	0.047817912	-0.05547565	0.04844538	-0.04353086	0.015774885	-0.023589406	0.02878272	-0.03491039	0.027059885	-0.012476947	0.01865726	-0.020004828	0.019541897	-0.018903889	0.017598804	-0.018853173	0.02184027	-0.013375978	0.016371284
-0.14898454	0.2856484	-0.52294326	0.30790514	-0.2555992	0.093975775	-0.31046236	0.9999997	-0.44480652	0.18987168	-0.120406054	0.2605152	-0.50530803	0.121177085	-0.11750283	0.008989971	-0.013015225	0.079990536	-0.07303216	0.061445955	-0.0084865345	0.0120950015	-0.057115283	0.05208257	-0.061483875	0.018010553	-0.052383564	0.06302555	-0.05629249	0.048907444	-0.017244117	0.025853502	-0.031638544	0.038430173	-0.030352676	0.013622313	-0.020377414	0.02197019	-0.021678273	0.020933608	-0.019206785	0.02054904	-0.024014784	0.014714859	-0.018040935
0.14049014	-0.27885228	0.26906174	-0.47874779	0.31153908	-0.083546646	0.19033185	-0.44480652	0.9999997	-0.5167846	0.10752532	-0.2157409	0.23843588	-0.19065283	0.1574301	-0.008869795	0.012599911	-0.07569343	0.07454848	-0.07441848	0.008343565	-0.011786382	0.05432467	-0.054608144	0.07059179	-0.019389344	0.056022856	-0.0677416	0.05862024	-0.054167934	0.018538278	-0.02789606	0.034050964	-0.04245402	0.03313809	-0.0146873975	0.021997875	-0.023801258	0.023596538	-0.022907337	0.020687139	-0.022287652	0.02590967	-0.015961394	0.01950705
-0.0865383	0.15279774	-0.14430393	0.2159039	-0.7721292	0.050021652	-0.10841304	0.18987168	-0.5167846	0.99999946	-0.065548435	0.12200791	-0.14501312	0.14509158	-0.16117966	0.0058529386	-0.00834542	0.049962092	-0.05276814	0.058866285	-0.005526605	0.007828934	-0.03674082	0.038464427	-0.05463891	0.012812151	-0.037074726	0.045313567	-0.03999141	0.036526434	-0.0122561185	0.018466473	-0.022587495	0.028181054	-0.022318775	0.009704581	-0.014539965	0.015784113	-0.015758798	0.015278494	-0.0136671765	0.014712183	-0.017198069	0.010598479	-0.012968534
0.3110945	-0.19252126	0.09826229	-0.11136125	0.09510965	-0.78432274	0.16954087	-0.120406054	0.10752532	-0.065548435	0.99999964	-0.22386065	0.15540254	-0.054768473	0.052886046	-0.009619151	0.011623768	-0.05898527	0.052807245	-0.040804394	0.008722426	-0.010590923	0.042040337	-0.03979764	0.040679205	-0.020801915	0.05954484	-0.061638623	0.04947532	-0.05222872	0.019847093	-0.029584205	0.03570349	-0.044252794	0.032196604	-0.015813237	0.023661917	-0.025042363	0.023888925	-0.02334429	0.022309115	-0.0241808	0.027127532	-0.016682014	0.020247778
-0.20764343	0.30288267	-0.20093687	0.18759094	-0.17882155	0.15550055	-0.60461736	0.2605152	-0.2157409	0.12200791	-0.22386065	0.9999999	-0.5927542	0.105636284	-0.10468869	0.011270445	-0.016443398	0.089686915	-0.08043449	0.061289743	-0.010416183	0.014973239	-0.06458043	0.056760427	-0.06266339	0.02035569	-0.0592725	0.069556944	-0.062591955	0.05370633	-0.01949453	0.02911763	-0.035626415	0.042669587	-0.033600442	0.015381079	-0.022985753	0.024668	-0.024162518	0.023289707	-0.021701632	0.023146434	-0.027004218	0.016497426	-0.020242209
0.18105707	-0.37035862	0.24543047	-0.26662874	0.18306634	-0.12351822	0.29601002	-0.50530803	0.23843588	-0.14501312	0.15540254	-0.5927542	0.99999994	-0.15833412	0.13172573	-0.013629761	0.020045841	-0.14088117	0.10349663	-0.07986967	0.012820715	-0.018638127	0.08832405	-0.07554857	0.079214014	-0.025193607	0.072977774	-0.09276941	0.08054821	-0.06893543	0.024084961	-0.036136426	0.044161264	-0.054142255	0.042547587	-0.019012544	0.02842688	-0.030697752	0.030339103	-0.029354794	0.026781844	-0.02871232	0.03349066	-0.020555107	0.025169674
-0.07192129	0.10921436	-0.08775835	0.1176552	-0.15433495	0.040969707	-0.08201304	0.121177085	-0.19065283	0.14509158	-0.054768473	0.105636284	-0.15833412	0.99999964	-0.9004223	0.010173884	-0.015004704	0.09054717	-0.13664418	0.18565415	-0.009797751	0.014292051	-0.07396373	0.09331646	-0.1887711	0.021074831	-0.061635163	0.08206605	-0.08129007	0.06835076	-0.020230146	0.030722074	-0.038136844	0.04760537	-0.0416285	0.0159382	-0.023925817	0.02655582	-0.027796738	0.026685761	-0.022425923	0.02397491	-0.02913297	0.01797805	-0.022192223
0.06952705	-0.11089913	0.08425548	-0.11820586	0.13983354	-0.039907407	0.07920318	-0.11750283	0.1574301	-0.16117966	0.052886046	-0.10468869	0.13172573	-0.9004223	0.9999999	-0.009561377	0.014031978	-0.08681764	0.11929202	-0.24500124	0.009173048	-0.013392705	0.06863603	-0.08808246	0.16955921	-0.019612797	0.05696955	-0.078766204	0.07492321	-0.06543234	0.018790027	-0.028614994	0.035413224	-0.04531151	0.03898686	-0.014819511	0.022250725	-0.024775285	0.025999496	-0.025118874	0.020825593	-0.022382021	0.027062565	-0.016776899	0.020642363
-0.011220877	0.01037678	-0.006806734	0.008036624	-0.008012875	0.0068192887	-0.008409189	0.008989971	-0.008869795	0.0058529386	-0.009619151	0.011270445	-0.013629761	0.010173884	-0.009561377	0.99999994	-0.47114348	0.05339826	-0.036408465	0.01906039	-0.8265434	0.30031335	-0.05238508	0.03315207	-0.020158354	0.034751236	-0.03330771	0.038930893	-0.031623036	0.023950929	-0.028944047	0.018866796	-0.019343635	0.020025058	-0.015283235	0.014926431	-0.016453609	0.01323886	-0.011414945	0.01097674	-0.019924931	0.015767671	-0.013778596	0.008118412	-0.009681833
0.014749249	-0.014712421	0.009720296	-0.011463497	0.011309109	-0.0082840435	0.011971594	-0.013015225	0.012599911	-0.00834542	0.011623768	-0.016443398	0.020045841	-0.015004704	0.014031978	-0.47114348	1.0000001	-0.093959846	0.055200297	-0.028954778	0.30059826	-0.81861067	0.089667946	-0.054885197	0.030415418	-0.026094778	0.039122164	-0.06003904	0.046603005	-0.032530963	0.021849576	-0.020881865	0.02243574	-0.025521988	0.020194193	-0.013259325	0.016481519	-0.015461973	0.014399273	-0.013892881	0.017863318	-0.016362343	0.016294261	-0.009838812	0.011855478
-0.08124271	0.084470324	-0.058126073	0.067761764	-0.06746036	0.041999463	-0.066524126	0.079990536	-0.07569343	0.049962092	-0.05898527	0.089686915	-0.14088117	0.09054717	-0.08681764	0.05339826	-0.093959846	1.0000001	-0.47965044	0.17210132	-0.054743726	0.086886995	-0.6934144	0.30909514	-0.19789873	0.060892183	-0.18099076	0.2758043	-0.29191682	0.1666275	-0.058434952	0.08715193	-0.10838548	0.122744694	-0.10729895	0.045206703	-0.06722057	0.07320199	-0.07389567	0.06984112	-0.0636831	0.06643235	-0.08109743	0.048987243	-0.06091106
0.07304408	-0.08082722	0.05414764	-0.06714762	0.066781014	-0.037958093	0.060058482	-0.07303216	0.07454848	-0.05276814	0.052807245	-0.08043449	0.10349663	-0.13664418	0.11929202	-0.036408465	0.055200297	-0.47965044	0.9999999	-0.33211192	0.03501758	-0.05451572	0.30635718	-0.6313684	0.25772363	-0.05238367	0.14812343	-0.32852536	0.26528084	-0.1966206	0.049619604	-0.07694398	0.094253324	-0.13238947	0.109261386	-0.03887987	0.05823458	-0.066512555	0.07152873	-0.070464164	0.05416493	-0.059154462	0.07144309	-0.045039024	0.054873142
-0.05643107	0.06438256	-0.046188496	0.05985643	-0.06904501	0.029368617	-0.047781028	0.061445955	-0.07441848	0.058866285	-0.040804394	0.061289743	-0.07986967	0.18565415	-0.24500124	0.01906039	-0.028954778	0.17210132	-0.33211192	0.9999998	-0.018699387	0.027985161	-0.1600218	0.23376915	-0.8328956	0.037541877	-0.11021694	0.15914895	-0.17331493	0.14154509	-0.03610239	0.055280298	-0.06944772	0.08814414	-0.08527515	0.0283589	-0.042669408	0.048370805	-0.05315054	0.050727915	-0.03983937	0.042541515	-0.05322021	0.032993525	-0.040965453
0.010420342	-0.009741447	0.0063956464	-0.007580471	0.0075317794	-0.0062073926	0.007773783	-0.0084865345	0.008343565	-0.005526605	0.008722426	-0.010416183	0.012820715	-0.009797751	0.009173048	-0.8265434	0.30059826	-0.054743726	0.03501758	-0.018699387	0.99999964	-0.47054446	0.054610036	-0.034103766	0.019635335	-0.037022628	0.03218042	-0.03919925	0.030707866	-0.023288338	0.029194994	-0.018462062	0.01868129	-0.019417532	0.014771474	-0.014719797	0.015998714	-0.012797872	0.011011555	-0.010607182	0.019472986	-0.015329533	0.01326423	-0.007821734	0.009308231
-0.0137296645	0.013607026	-0.009033767	0.010675547	-0.010596271	0.0075268624	-0.011002819	0.0120950015	-0.011786382	0.007828934	-0.010590923	0.014973239	-0.018638127	0.014292051	-0.013392705	0.30031335	-0.81861067	0.086886995	-0.05451572	0.027985161	-0.47054446	0.99999934	-0.10165722	0.05464697	-0.029788675	0.026746303	-0.038864702	0.057631657	-0.04571751	0.03127715	-0.02256491	0.02052875	-0.021897465	0.024568833	-0.019498195	0.01318779	-0.0161936	0.015020228	-0.013918044	0.013407184	-0.017753573	0.015966963	-0.015821619	0.009525016	-0.0114792315
0.058037672	-0.061744716	0.041426852	-0.04954245	0.048531983	-0.030074552	0.047203157	-0.057115283	0.05432467	-0.03674082	0.042040337	-0.06458043	0.08832405	-0.07396373	0.06863603	-0.05238508	0.089667946	-0.6934144	0.30635718	-0.1600218	0.054610036	-0.10165722	0.9999996	-0.49227482	0.16893764	-0.04700982	0.13555072	-0.3851422	0.25140306	-0.14605136	0.044590484	-0.067318015	0.08291871	-0.101608075	0.08758778	-0.034362532	0.051001314	-0.056613598	0.058607593	-0.05628992	0.04806853	-0.050929006	0.061821237	-0.037914775	0.046765156
-0.05555515	0.057174776	-0.038944695	0.047898512	-0.049504768	0.028320346	-0.04320682	0.05208257	-0.054608144	0.038464427	-0.03979764	0.056760427	-0.07554857	0.09331646	-0.08808246	0.03315207	-0.054885197	0.30909514	-0.6313684	0.23376915	-0.034103766	0.05464697	-0.49227482	0.9999996	-0.3308754	0.045480803	-0.1317312	0.27049905	-0.36925483	0.16900565	-0.04337591	0.06666066	-0.0827473	0.109145276	-0.097256556	0.033823453	-0.05063197	0.05742198	-0.062067054	0.060056847	-0.04730349	0.050778214	-0.062489256	0.038864758	-0.047864538
0.056129552	-0.06564795	0.045934238	-0.059821658	0.06347018	-0.029399054	0.04805477	-0.061483875	0.07059179	-0.05463891	0.040679205	-0.06266339	0.079214014	-0.1887711	0.16955921	-0.020158354	0.030415418	-0.19789873	0.25772363	-0.8328956	0.019635335	-0.029788675	0.16893764	-0.3308754	0.9999997	-0.03774886	0.1090626	-0.17945726	0.1766658	-0.17464808	0.036139864	-0.05592732	0.06993749	-0.095920436	0.09097529	-0.028428484	0.04281804	-0.04931519	0.05532603	-0.053926878	0.03978663	-0.043018725	0.05365598	-0.033728894	0.041576456
-0.030684473	0.021604212	-0.014165646	0.017145466	-0.018097363	0.014213154	-0.01648652	0.018010553	-0.019389344	0.012812151	-0.020801915	0.02035569	-0.025193607	0.021074831	-0.019612797	0.034751236	-0.026094778	0.060892183	-0.05238367	0.037541877	-0.037022628	0.026746303	-0.04700982	0.045480803	-0.03774886	1.0000002	-0.30506092	0.099359326	-0.07449218	0.11303824	-0.8139832	0.20725118	-0.17608996	0.12739506	-0.08038374	0.2551864	-0.21804808	0.11494825	-0.07385002	0.07058525	-0.3279513	0.18694505	-0.112510756	0.060716413	-0.06886222
0.087948434	-0.063048415	0.041147538	-0.04993116	0.052147284	-0.040759817	0.047817912	-0.052383564	0.056022856	-0.037074726	0.05954484	-0.0592725	0.072977774	-0.061635163	0.05696955	-0.03330771	0.039122164	-0.18099076	0.14812343	-0.11021694	0.03218042	-0.038864702	0.13555072	-0.1317312	0.1090626	-0.30506092	1.0000002	-0.31792402	0.21199347	-0.3387017	0.215017	-0.5241223	0.29938617	-0.3607095	0.21076195	-0.14899993	0.197085	-0.21425301	0.16453448	-0.16729285	0.17806469	-0.22904609	0.18841249	-0.11993686	0.13105342
-0.08912094	0.071660265	-0.04865289	0.05846766	-0.06290312	0.04261288	-0.05547565	0.06302555	-0.0677416	0.045313567	-0.061638623	0.069556944	-0.09276941	0.08206605	-0.078766204	0.038930893	-0.06003904	0.2758043	-0.32852536	0.15914895	-0.03919925	0.057631657	-0.3851422	0.27049905	-0.17945726	0.099359326	-0.31792402	1.0000004	-0.65048957	0.2575504	-0.09577865	0.14737763	-0.18543494	0.19241376	-0.17540325	0.07401656	-0.11035264	0.1205892	-0.120154634	0.1118208	-0.1041054	0.108377665	-0.13407452	0.079843335	-0.099821724
0.070543446	-0.06415875	0.042815436	-0.052262325	0.053655222	-0.034713313	0.04844538	-0.05629249	0.05862024	-0.03999141	0.04947532	-0.062591955	0.08054821	-0.08129007	0.07492321	-0.031623036	0.046603005	-0.29191682	0.26528084	-0.17331493	0.030707866	-0.04571751	0.25140306	-0.36925483	0.1766658	-0.07449218	0.21199347	-0.65048957	1.0000002	-0.43902493	0.07073771	-0.11381053	0.14087567	-0.22687897	0.19404218	-0.05570661	0.08411408	-0.10029959	0.1160126	-0.11674113	0.07725525	-0.0855937	0.106625214	-0.0685123	0.08329321
-0.07665627	0.05655876	-0.03818938	0.0463833	-0.05072967	0.035802618	-0.04353086	0.048907444	-0.054167934	0.036526434	-0.05222872	0.05370633	-0.06893543	0.06835076	-0.06543234	0.023950929	-0.032530963	0.1666275	-0.1966206	0.14154509	-0.023288338	0.03127715	-0.14605136	0.16900565	-0.17464808	0.11303824	-0.3387017	0.2575504	-0.43902493	1.0000001	-0.11068868	0.17316355	-0.23146255	0.30409524	-0.5807804	0.08775918	-0.13455617	0.1636532	-0.22310784	0.2066676	-0.12343994	0.13204128	-0.18319258	0.11576198	-0.14788632
0.029284766	-0.020706045	0.01355974	-0.016425276	0.01729206	-0.013567131	0.015774885	-0.017244117	0.018538278	-0.0122561185	0.019847093	-0.01949453	0.024084961	-0.020230146	0.018790027	-0.028944047	0.021849576	-0.058434952	0.049619604	-0.03610239	0.029194994	-0.02256491	0.044590484	-0.04337591	0.036139864	-0.8139832	0.215017	-0.09577865	0.07073771	-0.11068868	1.0000001	-0.24485436	0.16119018	-0.1252941	0.077096544	-0.37666836	0.19740565	-0.11127616	0.06981936	-0.067739405	0.25798428	-0.19391046	0.10357851	-0.057113253	0.063409746
-0.04372266	0.03094288	-0.020325694	0.024624476	-0.026045332	0.020219909	-0.023589406	0.025853502	-0.02789606	0.018466473	-0.029584205	0.02911763	-0.036136426	0.030722074	-0.028614994	0.018866796	-0.020881865	0.08715193	-0.07694398	0.055280298	-0.018462062	0.02052875	-0.067318015	0.06666066	-0.05592732	0.20725118	-0.5241223	0.14737763	-0.11381053	0.17316355	-0.24485436	1.0000005	-0.68469745	0.21881858	-0.13669959	0.14145097	-0.22133976	0.2105932	-0.12715927	0.11654829	-0.16535929	0.19110599	-0.1972151	0.09871958	-0.1132435
0.05269693	-0.03784631	0.024838977	-0.030137056	0.0317437	-0.02443803	0.02878272	-0.031638544	0.034050964	-0.022587495	0.03570349	-0.035626415	0.044161264	-0.038136844	0.035413224	-0.019343635	0.02243574	-0.10838548	0.094253324	-0.06944772	0.01868129	-0.021897465	0.08291871	-0.0827473	0.06993749	-0.17608996	0.29938617	-0.18543494	0.14087567	-0.23146255	0.16119018	-0.68469745	1.0000001	-0.35407332	0.18093304	-0.12082763	0.18122293	-0.3699972	0.16575749	-0.15695173	0.1421107	-0.19810657	0.22883248	-0.12399424	0.13364899
-0.06550216	0.04522559	-0.030250592	0.036528382	-0.039926626	0.030149076	-0.03491039	0.038430173	-0.04245402	0.028181054	-0.044252794	0.042669587	-0.054142255	0.04760537	-0.04531151	0.020025058	-0.025521988	0.122744694	-0.13238947	0.08814414	-0.019417532	0.024568833	-0.101608075	0.109145276	-0.095920436	0.12739506	-0.3607095	0.19241376	-0.22687897	0.30409524	-0.1252941	0.21881858	-0.35407332	1.0	-0.60254365	0.098643064	-0.15337294	0.20835125	-0.34272647	0.25961006	-0.13564293	0.15167142	-0.21961984	0.1379173	-0.17121692
0.04720392	-0.03542195	0.023670843	-0.028812144	0.030900814	-0.022118403	0.027059885	-0.030352676	0.03313809	-0.022318775	0.032196604	-0.033600442	0.042547587	-0.0416285	0.03898686	-0.015283235	0.020194193	-0.10729895	0.109261386	-0.08527515	0.014771474	-0.019498195	0.08758778	-0.097256556	0.09097529	-0.08038374	0.21076195	-0.17540325	0.19404218	-0.5807804	0.077096544	-0.13669959	0.18093304	-0.60254365	0.99999994	-0.06268252	0.09845792	-0.14795803	0.2544518	-0.37248734	0.08538989	-0.10201345	0.14673285	-0.10916908	0.13013305
-0.023389664	0.01636459	-0.010724284	0.0129867345	-0.013716443	0.010797434	-0.012476947	0.013622313	-0.0146873975	0.009704581	-0.015813237	0.015381079	-0.019012544	0.0159382	-0.014819511	0.014926431	-0.013259325	0.045206703	-0.03887987	0.0283589	-0.014719797	0.01318779	-0.034362532	0.033823453	-0.028428484	0.2551864	-0.14899993	0.07401656	-0.05570661	0.08775918	-0.37666836	0.14145097	-0.12082763	0.098643064	-0.06268252	1.0	-0.43874657	0.11062136	-0.062034175	0.059531797	-0.74080795	0.2760818	-0.105583265	0.054508824	-0.05994871
0.035026185	-0.024469852	0.016045116	-0.01943343	0.02055077	-0.01615336	0.01865726	-0.020377414	0.021997875	-0.014539965	0.023661917	-0.022985753	0.02842688	-0.023925817	0.022250725	-0.016453609	0.016481519	-0.06722057	0.05823458	-0.042669408	0.015998714	-0.0161936	0.051001314	-0.05063197	0.04281804	-0.21804808	0.197085	-0.11035264	0.08411408	-0.13455617	0.19740565	-0.22133976	0.18122293	-0.15337294	0.09845792	-0.43874657	1.0000001	-0.22658919	0.10494772	-0.10087184	0.29890823	-0.7392174	0.19511011	-0.09712795	0.103839
-0.03700963	0.026215218	-0.017270703	0.02093298	-0.022242207	0.017114827	-0.020004828	0.02197019	-0.023801258	0.015784113	-0.025042363	0.024668	-0.030697752	0.02655582	-0.024775285	0.01323886	-0.015461973	0.07320199	-0.066512555	0.048370805	-0.012797872	0.015020228	-0.056613598	0.05742198	-0.04931519	0.11494825	-0.21425301	0.1205892	-0.10029959	0.1636532	-0.11127616	0.2105932	-0.3699972	0.20835125	-0.14795803	0.11062136	-0.22658919	0.9999998	-0.28672522	0.20050953	-0.1411947	0.21268806	-0.72968197	0.21296158	-0.24410054
0.035176925	-0.025586797	0.016981784	-0.02062217	0.02204055	-0.016364235	0.019541897	-0.021678273	0.023596538	-0.015758798	0.023888925	-0.024162518	0.030339103	-0.027796738	0.025999496	-0.011414945	0.014399273	-0.07389567	0.07152873	-0.05315054	0.011011555	-0.013918044	0.058607593	-0.062067054	0.05532603	-0.07385002	0.16453448	-0.120154634	0.1160126	-0.22310784	0.06981936	-0.12715927	0.16575749	-0.34272647	0.2544518	-0.062034175	0.10494772	-0.28672522	0.99999994	-0.80084354	0.0818208	-0.1144333	0.2034626	-0.19089024	0.19158007
-0.03442527	0.024668679	-0.016421238	0.019910717	-0.021444054	0.01596541	-0.018903889	0.020933608	-0.022907337	0.015278494	-0.02334429	0.023289707	-0.029354794	0.026685761	-0.025118874	0.01097674	-0.013892881	0.06984112	-0.070464164	0.050727915	-0.010607182	0.013407184	-0.05628992	0.060056847	-0.053926878	0.07058525	-0.16729285	0.1118208	-0.11674113	0.2066676	-0.067739405	0.11654829	-0.15695173	0.25961006	-0.37248734	0.059531797	-0.10087184	0.20050953	-0.80084354	0.9999996	-0.08042364	0.10584811	-0.20323552	0.17563795	-0.24507129
0.033005454	-0.023102043	0.015122368	-0.018318303	0.019313121	-0.015234199	0.017598804	-0.019206785	0.020687139	-0.0136671765	0.022309115	-0.021701632	0.026781844	-0.022425923	0.020825593	-0.019924931	0.017863318	-0.0636831	0.05416493	-0.03983937	0.019472986	-0.017753573	0.04806853	-0.04730349	0.03978663	-0.3279513	0.17806469	-0.1041054	0.07725525	-0.12343994	0.25798428	-0.16535929	0.1421107	-0.13564293	0.08538989	-0.74080795	0.29890823	-0.1411947	0.0818208	-0.08042364	0.99999946	-0.4206758	0.13398091	-0.072378494	0.07805652
-0.03585337	0.024646027	-0.016201606	0.019592911	-0.020864017	0.016480088	-0.018853173	0.02054904	-0.022287652	0.014712183	-0.0241808	0.023146434	-0.02871232	0.02397491	-0.022382021	0.015767671	-0.016362343	0.06643235	-0.059154462	0.042541515	-0.015329533	0.015966963	-0.050929006	0.050778214	-0.043018725	0.18694505	-0.22904609	0.108377665	-0.0855937	0.13204128	-0.19391046	0.19110599	-0.19810657	0.15167142	-0.10201345	0.2760818	-0.7392174	0.21268806	-0.1144333	0.10584811	-0.4206758	0.9999992	-0.28253496	0.11658991	-0.1330753
0.040050887	-0.028703852	0.018861068	-0.022890866	0.024171008	-0.018563174	0.02184027	-0.024014784	0.02590967	-0.017198069	0.027127532	-0.027004218	0.03349066	-0.02913297	0.027062565	-0.013778596	0.016294261	-0.08109743	0.07144309	-0.05322021	0.01326423	-0.015821619	0.061821237	-0.062489256	0.05365598	-0.112510756	0.18841249	-0.13407452	0.106625214	-0.18319258	0.10357851	-0.1972151	0.22883248	-0.21961984	0.14673285	-0.105583265	0.19511011	-0.72968197	0.2034626	-0.20323552	0.13398091	-0.28253496	0.9999994	-0.36191365	0.24608304
-0.02464273	0.017528195	-0.011562491	0.01402124	-0.0149171725	0.0114050405	-0.013375978	0.014714859	-0.015961394	0.010598479	-0.016682014	0.016497426	-0.020555107	0.01797805	-0.016776899	0.008118412	-0.009838812	0.048987243	-0.045039024	0.032993525	-0.007821734	0.009525016	-0.037914775	0.038864758	-0.033728894	0.060716413	-0.11993686	0.079843335	-0.0685123	0.11576198	-0.057113253	0.09871958	-0.12399424	0.1379173	-0.10916908	0.054508824	-0.09712795	0.21296158	-0.19089024	0.17563795	-0.072378494	0.11658991	-0.36191365	0.9999994	-0.8623755
0.029875187	-0.021502664	0.014161353	-0.01719284	0.018203883	-0.013859891	0.016371284	-0.018040935	0.01950705	-0.012968534	0.020247778	-0.020242209	0.025169674	-0.022192223	0.020642363	-0.009681833	0.011855478	-0.06091106	0.054873142	-0.040965453	0.009308231	-0.0114792315	0.046765156	-0.047864538	0.041576456	-0.06886222	0.13105342	-0.099821724	0.08329321	-0.14788632	0.063409746	-0.1132435	0.13364899	-0.17121692	0.13013305	-0.05994871	0.103839	-0.24410054	0.19158007	-0.24507129	0.07805652	-0.1330753	0.24608304	-0.8623755	0.9999994
