1.0000001	-0.751261	0.13962276	-0.1261141	0.09241908	-0.5431081	0.18621448	-0.12643002	0.13672538	-0.06757443	0.21873881	-0.18012747	0.13168426	-0.105914466	0.09004183	-0.10242138	0.09621214	-0.09724614	0.101281874	-0.07206814	0.094134144	-0.086045764	0.0801539	-0.0816816	0.07461631	-0.054321162	0.06213491	-0.08317536	0.0734489	-0.060703326	0.05506486	-0.06695852	0.050805908	-0.04614637	0.042635627	-0.032060917	0.0356664	-0.063410774	0.022527512	-0.025445119	0.028997147	-0.036221188	0.047126114	-0.013188979	0.013221905
-0.751261	1.0000001	-0.23493037	0.17677109	-0.1434954	0.30577713	-0.28874105	0.18345174	-0.21237698	0.103093214	-0.27546743	0.21081637	-0.19692001	0.15549424	-0.13747592	0.13161583	-0.13246974	0.13713019	-0.1522679	0.10754378	-0.13598531	0.12005981	-0.11525791	0.119802676	-0.11231139	0.077142134	-0.088198334	0.116818145	-0.10899789	0.08856968	-0.079292394	0.09490768	-0.07293856	0.066984996	-0.0623399	0.045826778	-0.051174056	0.090382665	-0.032382146	0.036505356	-0.041762933	0.0518449	-0.06917708	0.019050617	-0.019127117
0.13962276	-0.23493037	1.0000004	-0.77243227	0.13954583	-0.17812644	0.23951009	-0.4122142	0.27180773	-0.1144271	0.1465861	-0.19550796	0.22309893	-0.20232025	0.13748822	-0.10501481	0.101847485	-0.14394659	0.1472056	-0.11310921	0.111589804	-0.11509709	0.10887643	-0.12572788	0.10764076	-0.070403285	0.08371492	-0.118235685	0.09921369	-0.08837608	0.07088729	-0.092399165	0.070554875	-0.06508688	0.05988429	-0.044354856	0.049020488	-0.09032996	0.031866185	-0.036215916	0.03985749	-0.050750908	0.06409036	-0.01851536	0.018497815
-0.1261141	0.17677109	-0.77243227	1.0000005	-0.17692028	0.15536194	-0.25172082	0.27456024	-0.41958112	0.13803637	-0.14243865	0.17796609	-0.2452978	0.21292251	-0.1614612	0.10317828	-0.10272899	0.14407372	-0.1644216	0.12420227	-0.1151156	0.115166605	-0.11308564	0.13268204	-0.11915253	0.07121615	-0.08455341	0.11765631	-0.104707174	0.0917409	-0.07239306	0.09284195	-0.07173371	0.06701204	-0.062316623	0.044756413	-0.04964524	0.09095664	-0.032358747	0.03669179	-0.04041123	0.051131837	-0.0656066	0.018823197	-0.01883077
0.09241908	-0.1434954	0.13954583	-0.17692028	1.0000002	-0.1470674	0.15332119	-0.15851933	0.23855366	-0.7630081	0.123537645	-0.15939432	0.18167952	-0.23747177	0.295897	-0.12006284	0.11425339	-0.17538697	0.20346025	-0.26742405	0.1408063	-0.15351112	0.13518682	-0.21989784	0.18539639	-0.09736193	0.117346205	-0.1745134	0.14860298	-0.15203783	0.09750828	-0.1363222	0.10679258	-0.10344688	0.095395	-0.0666117	0.07310674	-0.14111654	0.049842656	-0.057074673	0.05963012	-0.077550314	0.09612211	-0.02874221	0.028608391
-0.5431081	0.30577713	-0.17812644	0.15536194	-0.1470674	1.0000001	-0.32313037	0.18633074	-0.21398808	0.10574974	-0.549539	0.27692646	-0.21116589	0.16189013	-0.14243722	0.17245916	-0.16867149	0.15157364	-0.16078895	0.11224001	-0.15561996	0.13526668	-0.12815967	0.1262871	-0.117617466	0.086178295	-0.09765104	0.12765521	-0.11562577	0.09385361	-0.08782791	0.103915505	-0.07892193	0.07159519	-0.06641607	0.049718685	-0.05546572	0.097457595	-0.034761645	0.039173	-0.045047957	0.05587107	-0.07327471	0.02037261	-0.020447226
0.18621448	-0.28874105	0.23951009	-0.25172082	0.15332119	-0.32313037	1.0000002	-0.5671847	0.26130912	-0.12366048	0.2588098	-0.508289	0.2811235	-0.22999924	0.15752412	-0.15796843	0.14937529	-0.18949245	0.17735356	-0.13259108	0.15009639	-0.15401727	0.14237294	-0.152305	0.12932833	-0.09315549	0.1098274	-0.15359533	0.12483558	-0.109696686	0.09315313	-0.12008862	0.090544574	-0.082205854	0.075218186	-0.05721509	0.06320835	-0.11552863	0.040582538	-0.046091642	0.051268395	-0.065147005	0.0817177	-0.023578715	0.023558535
-0.12643002	0.18345174	-0.4122142	0.27456024	-0.15851933	0.18633074	-0.5671847	0.99999994	-0.405039	0.13215807	-0.1727166	0.24955496	-0.47229367	0.2550197	-0.16237177	0.11981587	-0.11932975	0.1767289	-0.17450827	0.12843844	-0.12567739	0.13035792	-0.13164748	0.14089376	-0.12167516	0.077917956	-0.09322867	0.12969431	-0.10914908	0.09646182	-0.07856503	0.10114005	-0.07713448	0.07103723	-0.065619975	0.04824539	-0.053419244	0.09785817	-0.034576934	0.039232247	-0.043286856	0.05488642	-0.06900239	0.02003439	-0.020024778
0.13672538	-0.21237698	0.27180773	-0.41958112	0.23855366	-0.21398808	0.26130912	-0.405039	0.99999994	-0.28068426	0.17765814	-0.25123936	0.30521262	-0.5164008	0.24580558	-0.14636582	0.14079191	-0.21506009	0.238408	-0.20143382	0.15987588	-0.17166792	0.15951131	-0.21156721	0.17387533	-0.10485443	0.12590918	-0.18179846	0.15109527	-0.14120805	0.10507548	-0.14116025	0.1083778	-0.1013835	0.09330144	-0.06793711	0.074839145	-0.14043394	0.04945761	-0.056375355	0.060832247	-0.0781576	0.09729269	-0.02860881	0.028533572
-0.06757443	0.103093214	-0.1144271	0.13803637	-0.7630081	0.10574974	-0.12366048	0.13215807	-0.28068426	0.99999994	-0.09156766	0.11915857	-0.15435956	0.20708588	-0.47932607	0.08526632	-0.08259001	0.12765935	-0.16804406	0.21555863	-0.09999592	0.107072145	-0.09869209	0.16106881	-0.15872663	0.06720702	-0.08100582	0.11810002	-0.10711505	0.10647811	-0.067746244	0.09276139	-0.07335751	0.07185407	-0.06772596	0.04515221	-0.049772643	0.09526761	-0.03396494	0.038739964	-0.040487193	0.052204557	-0.06513758	0.019523034	-0.019464962
0.21873881	-0.27546743	0.1465861	-0.14243865	0.123537645	-0.549539	0.2588098	-0.1727166	0.17765814	-0.09156766	0.9999999	-0.6034552	0.19775163	-0.15311174	0.12441566	-0.30520236	0.20741855	-0.16445968	0.14669366	-0.10258131	0.16134392	-0.15152146	0.13249546	-0.11999108	0.10619002	-0.09169889	0.10267129	-0.1354636	0.10811621	-0.09020776	0.089528754	-0.1085864	0.07960375	-0.070068434	0.06398328	-0.050600007	0.055995286	-0.09918775	0.034703728	-0.039221395	0.044945106	-0.056321293	0.06945843	-0.02008063	0.020093149
-0.18012747	0.21081637	-0.19550796	0.17796609	-0.15939432	0.27692646	-0.508289	0.24955496	-0.25123936	0.11915857	-0.6034552	0.99999964	-0.3270904	0.20390826	-0.16045535	0.20099212	-0.2101257	0.18511327	-0.18319538	0.12755701	-0.17073423	0.15752403	-0.15142204	0.1441139	-0.13015598	0.096377626	-0.11094377	0.14602679	-0.12528007	0.104472645	-0.097139806	0.11718987	-0.08815172	0.07942476	-0.07336918	0.05547737	-0.061694246	0.10941944	-0.03874264	0.043741483	-0.049826846	0.062203582	-0.079034515	0.022527415	-0.022570638
0.13168426	-0.19692001	0.22309893	-0.2452978	0.18167952	-0.21116589	0.2811235	-0.47229367	0.30521262	-0.15435956	0.19775163	-0.3270904	0.9999997	-0.5337989	0.21235843	-0.16532704	0.1643096	-0.34788072	0.24467406	-0.1780211	0.17001787	-0.19317763	0.19865863	-0.20020616	0.16284968	-0.1078918	0.13188078	-0.18582107	0.1463923	-0.13148579	0.10776812	-0.1411591	0.10639552	-0.09701228	0.08913324	-0.06636751	0.07333961	-0.13506225	0.047394134	-0.053820495	0.059070997	-0.075165726	0.09212647	-0.027278956	0.02723287
-0.105914466	0.15549424	-0.20232025	0.21292251	-0.23747177	0.16189013	-0.22999924	0.2550197	-0.5164008	0.20708588	-0.15311174	0.20390826	-0.5337989	0.9999995	-0.3738893	0.13145152	-0.13307342	0.2216176	-0.37575492	0.22422767	-0.14947005	0.15875429	-0.16512977	0.22408792	-0.19785254	0.09483532	-0.11497178	0.16123667	-0.1463262	0.1331344	-0.09606678	0.12586737	-0.098212354	0.09387864	-0.08847786	0.060279984	-0.06680393	0.12442848	-0.044398453	0.05037325	-0.05403367	0.06868418	-0.085797906	0.025512451	-0.02549086
0.09004183	-0.13747592	0.13748822	-0.1614612	0.295897	-0.14243722	0.15752412	-0.16237177	0.24580558	-0.47932607	0.12441566	-0.16045535	0.21235843	-0.3738893	0.9999999	-0.1226318	0.1184562	-0.19027507	0.2582867	-0.552691	0.1448482	-0.15783213	0.14447586	-0.2685441	0.25733593	-0.098621674	0.11936751	-0.17500354	0.16133887	-0.16898893	0.09932728	-0.13741651	0.109585226	-0.10958505	0.10385666	-0.06679825	0.07360674	-0.14237568	0.05091556	-0.058111396	0.059692618	-0.07711653	0.09519183	-0.029075237	0.028967546
-0.10242138	0.13161583	-0.10501481	0.10317828	-0.12006284	0.17245916	-0.15796843	0.11981587	-0.14636582	0.08526632	-0.30520236	0.20099212	-0.16532704	0.13145152	-0.1226318	0.9999999	-0.7784929	0.21820217	-0.16339548	0.10293327	-0.34052584	0.23512807	-0.1991413	0.12611723	-0.11280228	0.1435732	-0.14896141	0.17131202	-0.12554911	0.0995712	-0.13518658	0.14436008	-0.09990386	0.08214052	-0.074280694	0.064270385	-0.0711533	0.1192184	-0.041118186	0.046125963	-0.055555236	0.068132855	-0.07822827	0.023391787	-0.023426136
0.09621214	-0.13246974	0.101847485	-0.10272899	0.11425339	-0.16867149	0.14937529	-0.11932975	0.14079191	-0.08259001	0.20741855	-0.2101257	0.1643096	-0.13307342	0.1184562	-0.7784929	1.0	-0.31588265	0.16236365	-0.10284468	0.24423921	-0.33676133	0.22148542	-0.13047591	0.11104868	-0.13684662	0.15830408	-0.18900989	0.12371614	-0.1004821	0.12518615	-0.15083647	0.102045	-0.083224334	0.07455345	-0.06475892	0.07147133	-0.12292762	0.0419312	-0.04716673	0.055553894	-0.06903985	0.07745589	-0.023689179	0.023672797
-0.09724614	0.13713019	-0.14394659	0.14407372	-0.17538697	0.15157364	-0.18949245	0.1767289	-0.21506009	0.12765935	-0.16445968	0.18511327	-0.34788072	0.2216176	-0.19027507	0.21820217	-0.31588265	0.9999999	-0.35411352	0.16717869	-0.24980368	0.29049152	-0.6321121	0.21274652	-0.17721333	0.13854446	-0.18352231	0.22417884	-0.17003508	0.13652503	-0.14203665	0.167157	-0.12390178	0.10689893	-0.09886854	0.07551543	-0.08488539	0.14619231	-0.051634125	0.057856556	-0.067055054	0.08223365	-0.10001723	0.029524168	-0.029619958
0.101281874	-0.1522679	0.1472056	-0.1644216	0.20346025	-0.16078895	0.17735356	-0.17450827	0.238408	-0.16804406	0.14669366	-0.18319538	0.24467406	-0.37575492	0.2582867	-0.16339548	0.16236365	-0.35411352	0.99999994	-0.3751839	0.18766163	-0.21763836	0.21808232	-0.5774668	0.29202396	-0.124878086	0.15407078	-0.22200006	0.20579849	-0.19284408	0.12546393	-0.17046124	0.13415223	-0.13237521	0.1241037	-0.08101259	0.08955014	-0.1709919	0.061035518	-0.06940876	0.07194118	-0.09212316	0.1117328	-0.034616873	0.034512047
-0.07206814	0.10754378	-0.11310921	0.12420227	-0.26742405	0.11224001	-0.13259108	0.12843844	-0.20143382	0.21555863	-0.10258131	0.12755701	-0.1780211	0.22422767	-0.552691	0.10293327	-0.10284468	0.16717869	-0.3751839	0.99999976	-0.12816267	0.13393101	-0.13242064	0.29192933	-0.585134	0.08434141	-0.102275826	0.14490512	-0.16879074	0.17300469	-0.08658489	0.11677564	-0.0983263	0.10479379	-0.10918461	0.056864753	-0.06333475	0.12252846	-0.045443803	0.051345345	-0.051058035	0.06493069	-0.081444144	0.02555757	-0.025568815
0.094134144	-0.13598531	0.111589804	-0.1151156	0.1408063	-0.15561996	0.15009639	-0.12567739	0.15987588	-0.09999592	0.16134392	-0.17073423	0.17001787	-0.14947005	0.1448482	-0.34052584	0.24423921	-0.24980368	0.18766163	-0.12816267	0.9999996	-0.41308248	0.23636244	-0.16765857	0.14491929	-0.500853	0.26884604	-0.3385199	0.19495462	-0.16206485	0.28569123	-0.32268408	0.19250554	-0.1460204	0.12496475	-0.13462992	0.14150177	-0.24282528	0.07839153	-0.08881889	0.10714947	-0.13650544	0.12859088	-0.04305549	0.042697232
-0.086045764	0.12005981	-0.11509709	0.115166605	-0.15351112	0.13526668	-0.15401727	0.13035792	-0.17166792	0.107072145	-0.15152146	0.15752403	-0.19317763	0.15875429	-0.15783213	0.23512807	-0.33676133	0.29049152	-0.21763836	0.13393101	-0.41308248	0.99999964	-0.5594111	0.17056076	-0.15266854	0.20245695	-0.40673566	0.29254484	-0.18170631	0.13769503	-0.20586656	0.23170887	-0.15609708	0.11908494	-0.10747695	0.09349674	-0.106508896	0.17039944	-0.058883503	0.06527969	-0.080555886	0.09634491	-0.109218165	0.033094306	-0.033246294
0.0801539	-0.11525791	0.10887643	-0.11308564	0.13518682	-0.12815967	0.14237294	-0.13164748	0.15951131	-0.09869209	0.13249546	-0.15142204	0.19865863	-0.16512977	0.14447586	-0.1991413	0.22148542	-0.6321121	0.21808232	-0.13242064	0.23636244	-0.5594111	0.9999997	-0.19489248	0.14518636	-0.14775673	0.22337356	-0.31187624	0.15491018	-0.12571591	0.14477341	-0.18721318	0.12924926	-0.10401449	0.0933529	-0.07719575	0.08642189	-0.15025702	0.05136732	-0.057559684	0.06647116	-0.08209141	0.09276637	-0.02878775	0.028788302
-0.0816816	0.119802676	-0.12572788	0.13268204	-0.21989784	0.1262871	-0.152305	0.14089376	-0.21156721	0.16106881	-0.11999108	0.1441139	-0.20020616	0.22408792	-0.2685441	0.12611723	-0.13047591	0.21274652	-0.5774668	0.29192933	-0.16765857	0.17056076	-0.19489248	0.99999946	-0.57181954	0.10643107	-0.13012452	0.17767422	-0.2823605	0.2130368	-0.111139774	0.14584343	-0.1270379	0.1417508	-0.14300843	0.07104733	-0.07979043	0.15423253	-0.058295097	0.06549512	-0.063989244	0.08028345	-0.10191286	0.03251603	-0.03258693
0.07461631	-0.11231139	0.10764076	-0.11915253	0.18539639	-0.117617466	0.12932833	-0.12167516	0.17387533	-0.15872663	0.10619002	-0.13015598	0.16284968	-0.19785254	0.25733593	-0.11280228	0.11104868	-0.17721333	0.29202396	-0.585134	0.14491929	-0.15266854	0.14518636	-0.57181954	0.9999994	-0.09840986	0.11966643	-0.17127354	0.21854845	-0.30651492	0.10145509	-0.14086072	0.12394376	-0.14481981	0.15304817	-0.06884098	0.07673754	-0.1543707	0.05825417	-0.065980405	0.061358776	-0.078342564	0.09636602	-0.03206698	0.032012846
-0.054321162	0.077142134	-0.070403285	0.07121615	-0.09736193	0.086178295	-0.09315549	0.077917956	-0.10485443	0.06720702	-0.09169889	0.096377626	-0.1078918	0.09483532	-0.098621674	0.1435732	-0.13684662	0.13854446	-0.124878086	0.08434141	-0.500853	0.20245695	-0.14775673	0.10643107	-0.09840986	0.9999993	-0.27673814	0.22258838	-0.14482848	0.108618185	-0.7267668	0.2662634	-0.15422295	0.1044566	-0.09082035	0.11718668	-0.12490431	0.1629142	-0.053727042	0.059147935	-0.088684954	0.09908443	-0.09027038	0.029235465	-0.029284205
0.06213491	-0.088198334	0.08371492	-0.08455341	0.117346205	-0.09765104	0.1098274	-0.09322867	0.12590918	-0.08100582	0.10267129	-0.11094377	0.13188078	-0.11497178	0.11936751	-0.14896141	0.15830408	-0.18352231	0.15407078	-0.102275826	0.26884604	-0.40673566	0.22337356	-0.13012452	0.11966643	-0.27673814	0.9999993	-0.6453893	0.17573701	-0.1311162	0.2419777	-0.4751371	0.20463826	-0.13259873	0.111680344	-0.109362386	0.1256549	-0.2016069	0.06473571	-0.07089727	0.08652115	-0.10302353	0.10241454	-0.034452587	0.03448058
-0.08317536	0.116818145	-0.118235685	0.11765631	-0.1745134	0.12765521	-0.15359533	0.12969431	-0.18179846	0.11810002	-0.1354636	0.14602679	-0.18582107	0.16123667	-0.17500354	0.17131202	-0.18900989	0.22417884	-0.22200006	0.14490512	-0.3385199	0.29254484	-0.31187624	0.17767422	-0.17127354	0.22258838	-0.6453893	0.9999992	-0.24961631	0.1706355	-0.25303394	0.2951781	-0.254195	0.16186705	-0.14638133	0.117847145	-0.14150646	0.22073399	-0.07784429	0.084100515	-0.104877725	0.11999839	-0.14318039	0.043173574	-0.043737445
0.0734489	-0.10899789	0.09921369	-0.104707174	0.14860298	-0.11562577	0.12483558	-0.10914908	0.15109527	-0.10711505	0.10811621	-0.12528007	0.1463923	-0.1463262	0.16133887	-0.12554911	0.12371614	-0.17003508	0.20579849	-0.16879074	0.19495462	-0.18170631	0.15491018	-0.2823605	0.21854845	-0.14482848	0.17573701	-0.24961631	0.99999905	-0.53372484	0.15626413	-0.24188785	0.26121244	-0.48893285	0.30327392	-0.12282974	0.13762884	-0.33963287	0.13069832	-0.15092547	0.105198324	-0.1359993	0.15144178	-0.06680013	0.06536028
-0.060703326	0.08856968	-0.08837608	0.0917409	-0.15203783	0.09385361	-0.109696686	0.09646182	-0.14120805	0.10647811	-0.09020776	0.104472645	-0.13148579	0.1331344	-0.16898893	0.0995712	-0.1004821	0.13652503	-0.19284408	0.17300469	-0.16206485	0.13769503	-0.12571591	0.2130368	-0.30651492	0.108618185	-0.1311162	0.1706355	-0.53372484	0.99999887	-0.1223888	0.16813552	-0.20916721	0.30296215	-0.61848736	0.08424443	-0.09849341	0.20942101	-0.097218156	0.104239844	-0.0761857	0.092580974	-0.11855596	0.048345514	-0.049344182
0.05506486	-0.079292394	0.07088729	-0.07239306	0.09750828	-0.08782791	0.09315313	-0.07856503	0.10507548	-0.067746244	0.089528754	-0.097139806	0.10776812	-0.09606678	0.09932728	-0.13518658	0.12518615	-0.14203665	0.12546393	-0.08658489	0.28569123	-0.20586656	0.14477341	-0.111139774	0.10145509	-0.7267668	0.2419777	-0.25303394	0.15626413	-0.1223888	0.99999905	-0.45113567	0.18686195	-0.12428006	0.10289677	-0.16927901	0.1560296	-0.20974956	0.06488218	-0.07200066	0.1068955	-0.12389088	0.098063685	-0.034303695	0.034079973
-0.06695852	0.09490768	-0.092399165	0.09284195	-0.1363222	0.103915505	-0.12008862	0.10114005	-0.14116025	0.09276139	-0.1085864	0.11718987	-0.1411591	0.12586737	-0.13741651	0.14436008	-0.15083647	0.167157	-0.17046124	0.11677564	-0.32268408	0.23170887	-0.18721318	0.14584343	-0.14086072	0.2662634	-0.4751371	0.2951781	-0.24188785	0.16813552	-0.45113567	0.99999887	-0.43522447	0.18973953	-0.16284566	0.1627997	-0.22149299	0.27279812	-0.08970132	0.09466818	-0.1259402	0.14181617	-0.13313699	0.046089053	-0.046485357
0.050805908	-0.07293856	0.070554875	-0.07173371	0.10679258	-0.07892193	0.090544574	-0.07713448	0.1083778	-0.07335751	0.07960375	-0.08815172	0.10639552	-0.098212354	0.109585226	-0.09990386	0.102045	-0.12390178	0.13415223	-0.0983263	0.19250554	-0.15609708	0.12924926	-0.1270379	0.12394376	-0.15422295	0.20463826	-0.254195	0.26121244	-0.20916721	0.18686195	-0.43522447	0.999999	-0.41540048	0.22013	-0.1339588	0.16221066	-0.64294964	0.13774525	-0.1460833	0.10145488	-0.1225413	0.116421916	-0.060417265	0.05901332
-0.04614637	0.066984996	-0.06508688	0.06701204	-0.10344688	0.07159519	-0.082205854	0.07103723	-0.1013835	0.07185407	-0.070068434	0.07942476	-0.09701228	0.09387864	-0.10958505	0.08214052	-0.083224334	0.10689893	-0.13237521	0.10479379	-0.1460204	0.11908494	-0.10401449	0.1417508	-0.14481981	0.1044566	-0.13259873	0.16186705	-0.48893285	0.30296215	-0.12428006	0.18973953	-0.41540048	0.999999	-0.6385021	0.08618776	-0.10388611	0.2570011	-0.13573095	0.12989792	-0.07367834	0.08873905	-0.10149859	0.054542493	-0.05460557
0.042635627	-0.0623399	0.05988429	-0.062316623	0.095395	-0.06641607	0.075218186	-0.065619975	0.09330144	-0.06772596	0.06398328	-0.07336918	0.08913324	-0.08847786	0.10385666	-0.074280694	0.07455345	-0.09886854	0.1241037	-0.10918461	0.12496475	-0.10747695	0.0933529	-0.14300843	0.15304817	-0.09082035	0.111680344	-0.14638133	0.30327392	-0.61848736	0.10289677	-0.16284566	0.22013	-0.6385021	0.9999991	-0.07590459	0.08838898	-0.23276012	0.1101794	-0.1258956	0.06394155	-0.07900911	0.088882275	-0.048750967	0.04854178
-0.032060917	0.045826778	-0.044354856	0.044756413	-0.0666117	0.049718685	-0.05721509	0.04824539	-0.06793711	0.04515221	-0.050600007	0.05547737	-0.06636751	0.060279984	-0.06679825	0.064270385	-0.06475892	0.07551543	-0.08101259	0.056864753	-0.13462992	0.09349674	-0.07719575	0.07104733	-0.06884098	0.11718668	-0.109362386	0.117847145	-0.12282974	0.08424443	-0.16927901	0.1627997	-0.1339588	0.08618776	-0.07590459	0.999999	-0.77875036	0.17178422	-0.052933116	0.05506913	-0.4635804	0.28695166	-0.104913265	0.028777307	-0.029025467
0.0356664	-0.051174056	0.049020488	-0.04964524	0.07310674	-0.05546572	0.06320835	-0.053419244	0.074839145	-0.049772643	0.055995286	-0.061694246	0.07333961	-0.06680393	0.07360674	-0.0711533	0.07147133	-0.08488539	0.08955014	-0.06333475	0.14150177	-0.106508896	0.08642189	-0.07979043	0.07673754	-0.12490431	0.1256549	-0.14150646	0.13762884	-0.09849341	0.1560296	-0.22149299	0.16221066	-0.10388611	0.08838898	-0.77875036	0.999999	-0.26226574	0.06707804	-0.07104125	0.28203583	-0.3892976	0.118356764	-0.0351883	0.03502534
-0.063410774	0.090382665	-0.09032996	0.09095664	-0.14111654	0.097457595	-0.11552863	0.09785817	-0.14043394	0.09526761	-0.09918775	0.10941944	-0.13506225	0.12442848	-0.14237568	0.1192184	-0.12292762	0.14619231	-0.1709919	0.12252846	-0.24282528	0.17039944	-0.15025702	0.15423253	-0.1543707	0.1629142	-0.2016069	0.22073399	-0.33963287	0.20942101	-0.20974956	0.27279812	-0.64294964	0.2570011	-0.23276012	0.17178422	-0.26226574	0.99999917	-0.23468499	0.1856302	-0.1421911	0.1573288	-0.16957283	0.084327005	-0.086058125
0.022527512	-0.032382146	0.031866185	-0.032358747	0.049842656	-0.034761645	0.040582538	-0.034576934	0.04945761	-0.03396494	0.034703728	-0.03874264	0.047394134	-0.044398453	0.05091556	-0.041118186	0.0419312	-0.051634125	0.061035518	-0.045443803	0.07839153	-0.058883503	0.05136732	-0.058295097	0.05825417	-0.053727042	0.06473571	-0.07784429	0.13069832	-0.097218156	0.06488218	-0.08970132	0.13774525	-0.13573095	0.1101794	-0.052933116	0.06707804	-0.23468499	0.9999993	-0.8939689	0.045384865	-0.05350614	0.07644522	-0.24435697	0.19625573
-0.025445119	0.036505356	-0.036215916	0.03669179	-0.057074673	0.039173	-0.046091642	0.039232247	-0.056375355	0.038739964	-0.039221395	0.043741483	-0.053820495	0.05037325	-0.058111396	0.046125963	-0.04716673	0.057856556	-0.06940876	0.051345345	-0.08881889	0.06527969	-0.057559684	0.06549512	-0.065980405	0.059147935	-0.07089727	0.084100515	-0.15092547	0.104239844	-0.07200066	0.09466818	-0.1460833	0.12989792	-0.1258956	0.05506913	-0.07104125	0.1856302	-0.8939689	0.9999989	-0.049498916	0.057168163	-0.08562501	0.19829905	-0.24891394
0.028997147	-0.041762933	0.03985749	-0.04041123	0.05963012	-0.045047957	0.051268395	-0.043286856	0.060832247	-0.040487193	0.044945106	-0.049826846	0.059070997	-0.05403367	0.059692618	-0.055555236	0.055553894	-0.067055054	0.07194118	-0.051058035	0.10714947	-0.080555886	0.06647116	-0.063989244	0.061358776	-0.088684954	0.08652115	-0.104877725	0.105198324	-0.0761857	0.1068955	-0.1259402	0.10145488	-0.07367834	0.06394155	-0.4635804	0.28203583	-0.1421911	0.045384865	-0.049498916	0.9999983	-0.8012937	0.13764733	-0.028656717	0.028626878
-0.036221188	0.0518449	-0.050750908	0.051131837	-0.077550314	0.05587107	-0.065147005	0.05488642	-0.0781576	0.052204557	-0.056321293	0.062203582	-0.075165726	0.06868418	-0.07711653	0.068132855	-0.06903985	0.08223365	-0.09212316	0.06493069	-0.13650544	0.09634491	-0.08209141	0.08028345	-0.078342564	0.09908443	-0.10302353	0.11999839	-0.1359993	0.092580974	-0.12389088	0.14181617	-0.1225413	0.08873905	-0.07900911	0.28695166	-0.3892976	0.1573288	-0.05350614	0.057168163	-0.8012937	0.9999982	-0.20713605	0.03578776	-0.036164455
0.047126114	-0.06917708	0.06409036	-0.0656066	0.09612211	-0.07327471	0.0817177	-0.06900239	0.09729269	-0.06513758	0.06945843	-0.079034515	0.09212647	-0.085797906	0.09519183	-0.07822827	0.07745589	-0.10001723	0.1117328	-0.081444144	0.12859088	-0.109218165	0.09276637	-0.10191286	0.09636602	-0.09027038	0.10241454	-0.14318039	0.15144178	-0.11855596	0.098063685	-0.13313699	0.116421916	-0.10149859	0.088882275	-0.104913265	0.118356764	-0.16957283	0.07644522	-0.08562501	0.13764733	-0.20713605	0.99999815	-0.105863445	0.09526836
-0.013188979	0.019050617	-0.01851536	0.018823197	-0.02874221	0.02037261	-0.023578715	0.02003439	-0.02860881	0.019523034	-0.02008063	0.022527415	-0.027278956	0.025512451	-0.029075237	0.023391787	-0.023689179	0.029524168	-0.034616873	0.02555757	-0.04305549	0.033094306	-0.02878775	0.03251603	-0.03206698	0.029235465	-0.034452587	0.043173574	-0.06680013	0.048345514	-0.034303695	0.046089053	-0.060417265	0.054542493	-0.048750967	0.028777307	-0.0351883	0.084327005	-0.24435697	0.19829905	-0.028656717	0.03578776	-0.105863445	0.99999803	-0.9381155
0.013221905	-0.019127117	0.018497815	-0.01883077	0.028608391	-0.020447226	0.023558535	-0.020024778	0.028533572	-0.019464962	0.020093149	-0.022570638	0.02723287	-0.02549086	0.028967546	-0.023426136	0.023672797	-0.029619958	0.034512047	-0.025568815	0.042697232	-0.033246294	0.028788302	-0.03258693	0.032012846	-0.029284205	0.03448058	-0.043737445	0.06536028	-0.049344182	0.034079973	-0.046485357	0.05901332	-0.05460557	0.04854178	-0.029025467	0.03502534	-0.086058125	0.19625573	-0.24891394	0.028626878	-0.036164455	0.09526836	-0.9381155	0.99999803
