1.0	-0.5051859	0.1042505	-0.09928862	0.09594066	-0.7924492	0.25862893	-0.17309998	0.119777024	-0.06724445	0.12815759	-0.13844438	0.12761417	-0.08710888	0.09019477	-0.083572514	0.0920335	-0.101851135	0.08222525	-0.066901006	0.0570467	-0.06473528	0.06886695	-0.054634996	0.043701384	-0.053385533	0.05108699	-0.056770056	0.051986843	-0.03640844	0.07265697	-0.051648993	0.057274014	-0.051166374	0.054239474	-0.036250975	0.051762894	-0.04549509	0.038762983	-0.030387286	0.03614603	-0.035919286	0.045735717	-0.044900157	0.04303638
-0.5051859	1.0000002	-0.2083449	0.17013228	-0.1798609	0.3104919	-0.5980703	0.2770575	-0.22668791	0.122999966	-0.20231204	0.2109936	-0.23543307	0.15806508	-0.16795498	0.13133621	-0.15639491	0.17256014	-0.15194215	0.12164948	-0.09690585	0.10983988	-0.12136743	0.097925104	-0.07902541	0.09053241	-0.088603176	0.09893221	-0.09371242	0.06557623	-0.13120669	0.09140194	-0.10199428	0.091456875	-0.09810254	0.064937025	-0.09267559	0.0810047	-0.06935067	0.054831482	-0.06504981	0.06424273	-0.08216301	0.07995534	-0.077950075
0.1042505	-0.2083449	1.0000004	-0.85349	0.13985406	-0.12417734	0.17883492	-0.35295585	0.1972104	-0.105562665	0.10647047	-0.12929948	0.17462061	-0.1414818	0.12181877	-0.08218255	0.09536533	-0.12924455	0.10769627	-0.09378158	0.06199813	-0.07355739	0.08121878	-0.06765871	0.052674007	-0.060091406	0.058307935	-0.06707505	0.06273686	-0.04411143	0.08305186	-0.06008228	0.06656013	-0.061421815	0.06401981	-0.041985516	0.059849158	-0.053292274	0.04597839	-0.035999965	0.041622978	-0.04173757	0.052920848	-0.053823397	0.05050238
-0.09928862	0.17013228	-0.85349	1.0000001	-0.18531497	0.113520466	-0.16996738	0.24533719	-0.27629492	0.12544686	-0.11676842	0.13381004	-0.19979718	0.16294399	-0.14944826	0.08978003	-0.10552499	0.13965514	-0.13005625	0.109813355	-0.06977514	0.08234545	-0.092618525	0.07840918	-0.061593372	0.06741048	-0.0661275	0.07587351	-0.07322429	0.05132613	-0.09674021	0.068914115	-0.0767076	0.070940346	-0.07477545	0.048570447	-0.06925183	0.061354365	-0.0531446	0.041922253	-0.04833625	0.048225533	-0.06137183	0.06190437	-0.059021752
0.09594066	-0.1798609	0.13985406	-0.18531497	1.0	-0.13137038	0.14067201	-0.20457381	0.20513459	-0.7228849	0.143001	-0.1857707	0.18938658	-0.18562284	0.29272866	-0.13057554	0.13885905	-0.20536393	0.19872493	-0.22793084	0.103949726	-0.13075633	0.13652311	-0.12845539	0.099104874	-0.106936805	0.102260254	-0.1197388	0.11613847	-0.08439617	0.14872268	-0.10943652	0.118767194	-0.11716623	0.11904938	-0.077224314	0.108459234	-0.09896027	0.08707029	-0.06809443	0.07566534	-0.076965585	0.09661655	-0.10512663	0.09420364
-0.7924492	0.3104919	-0.12417734	0.113520466	-0.13137038	0.9999995	-0.37955675	0.20094551	-0.1621851	0.09016867	-0.18310875	0.17056292	-0.17059958	0.115065426	-0.123030595	0.109270826	-0.12239048	0.13150138	-0.11186784	0.08975287	-0.076037854	0.085405484	-0.09207442	0.07346007	-0.05921226	0.07056937	-0.06813	0.07546601	-0.07029494	0.049197827	-0.09890008	0.06939988	-0.07722086	0.06890188	-0.07364701	0.049054876	-0.070042044	0.061283298	-0.05228914	0.041191414	-0.04906826	0.048547264	-0.061993733	0.060346227	-0.058515213
0.25862893	-0.5980703	0.17883492	-0.16996738	0.14067201	-0.37955675	0.99999946	-0.5357672	0.1915872	-0.10224966	0.18589102	-0.27855542	0.22176339	-0.14497106	0.1359177	-0.12410761	0.14704327	-0.16700257	0.1241523	-0.10264807	0.08544803	-0.097657345	0.10506955	-0.08223816	0.06491346	-0.080023184	0.076714195	-0.08608762	0.07751507	-0.054186977	0.10661113	-0.07690419	0.08530021	-0.07621764	0.08001509	-0.053483866	0.07651039	-0.06754252	0.057518173	-0.044853125	0.053169567	-0.053086266	0.06742565	-0.06678287	0.06326804
-0.17309998	0.2770575	-0.35295585	0.24533719	-0.20457381	0.20094551	-0.5357672	0.9999992	-0.34305987	0.14948162	-0.19536974	0.22569677	-0.45106712	0.23344365	-0.20445171	0.14267743	-0.17453216	0.22583564	-0.18420081	0.15034394	-0.10781827	0.12514408	-0.14341173	0.11415145	-0.08981081	0.102277614	-0.10043041	0.114723146	-0.10722797	0.07469087	-0.14395191	0.102803186	-0.114995636	0.103852384	-0.1095927	0.0719816	-0.103042126	0.090872556	-0.078050435	0.061279617	-0.07172588	0.07145476	-0.09101568	0.0904025	-0.08644628
0.119777024	-0.22668791	0.1972104	-0.27629492	0.20513459	-0.1621851	0.1915872	-0.34305987	0.9999992	-0.21897659	0.16232811	-0.21595682	0.3011278	-0.6767913	0.2528306	-0.14198421	0.15881053	-0.2543861	0.2257273	-0.22232121	0.10736653	-0.13277175	0.14421529	-0.13161972	0.09602618	-0.10756432	0.102900274	-0.12184489	0.11486714	-0.08149878	0.13892013	-0.10554639	0.115782015	-0.11213539	0.11228833	-0.07219358	0.10283892	-0.09378738	0.082089394	-0.06363092	0.07063053	-0.07224293	0.09063064	-0.097867005	0.08751384
-0.06724445	0.122999966	-0.105562665	0.12544686	-0.7228849	0.09016867	-0.10224966	0.14948162	-0.21897659	0.99999946	-0.104985654	0.13115366	-0.16561097	0.18727852	-0.53216636	0.09318409	-0.102680154	0.15065132	-0.21061055	0.21404843	-0.07543925	0.09375378	-0.10285568	0.10478299	-0.081032954	0.076537535	-0.07442823	0.08760438	-0.09508055	0.0672002	-0.10795691	0.07955435	-0.087703116	0.088965945	-0.09256544	0.055775102	-0.07918847	0.072063036	-0.06494831	0.051974364	-0.05485602	0.05576809	-0.07041564	0.07700756	-0.07202485
0.12815759	-0.20231204	0.10647047	-0.11676842	0.143001	-0.18310875	0.18589102	-0.19536974	0.16232811	-0.104985654	0.9999998	-0.64272	0.20531942	-0.13527445	0.1390827	-0.5448687	0.3065356	-0.25399128	0.13442637	-0.11178669	0.19239025	-0.2025531	0.16246016	-0.11010739	0.08474592	-0.17218894	0.13960257	-0.1409636	0.10342217	-0.07172466	0.14745866	-0.11885835	0.12717475	-0.10624862	0.10584937	-0.07644355	0.11052374	-0.098960616	0.08065	-0.05969173	0.074357785	-0.07635406	0.09485701	-0.0946482	0.08307304
-0.13844438	0.2109936	-0.12929948	0.13381004	-0.1857707	0.17056292	-0.27855542	0.22569677	-0.21595682	0.13115366	-0.64272	0.99999994	-0.30062732	0.17282593	-0.18157527	0.29548493	-0.4355645	0.26444355	-0.17122874	0.13722882	-0.17174098	0.17915174	-0.17643966	0.12511703	-0.099428706	0.14746045	-0.13671437	0.14337315	-0.119677864	0.08297381	-0.17232546	0.12673657	-0.14019172	0.11908029	-0.12422032	0.086230196	-0.12439997	0.10889767	-0.09071478	0.06946482	-0.08561356	0.08558405	-0.10843796	0.104646556	-0.09809392
0.12761417	-0.23543307	0.17462061	-0.19979718	0.18938658	-0.17059958	0.22176339	-0.45106712	0.3011278	-0.16561097	0.20531942	-0.30062732	1.0	-0.46723762	0.21908428	-0.1815369	0.21904318	-0.48615158	0.20392166	-0.1827264	0.1298189	-0.15882894	0.18463641	-0.13513692	0.09936952	-0.1268902	0.12184975	-0.1477278	0.12068936	-0.08388071	0.15341236	-0.11916164	0.13203497	-0.11858027	0.11863372	-0.07923284	0.114100516	-0.10327479	0.08768984	-0.06677998	0.07756618	-0.0793185	0.09946593	-0.10310762	0.0923615
-0.08710888	0.15806508	-0.1414818	0.16294399	-0.18562284	0.115065426	-0.14497106	0.23344365	-0.6767913	0.18727852	-0.13527445	0.17282593	-0.46723762	1.0000001	-0.35231993	0.11683713	-0.13756807	0.21975043	-0.2984246	0.2235812	-0.09018629	0.11042401	-0.12724173	0.121158145	-0.08683863	0.08928823	-0.08682278	0.103234746	-0.10494387	0.07237062	-0.11717263	0.08888172	-0.09883781	0.09681789	-0.097839616	0.060599256	-0.08692754	0.079039484	-0.070099816	0.054810874	-0.059456177	0.060735937	-0.076496325	0.0826142	-0.07533915
0.09019477	-0.16795498	0.12181877	-0.14944826	0.29272866	-0.123030595	0.1359177	-0.20445171	0.2528306	-0.53216636	0.1390827	-0.18157527	0.21908428	-0.35231993	1.0000002	-0.1273691	0.13816434	-0.21549143	0.2864213	-0.49832323	0.1011602	-0.12756997	0.13783894	-0.14647388	0.108769804	-0.10368113	0.09964492	-0.118705444	0.12585245	-0.0917511	0.1385828	-0.10534527	0.115408294	-0.11949773	0.11981433	-0.072715186	0.10325537	-0.09521092	0.085948914	-0.06787061	0.070950545	-0.07296863	0.091495685	-0.10323467	0.09241386
-0.083572514	0.13133621	-0.08218255	0.08978003	-0.13057554	0.109270826	-0.12410761	0.14267743	-0.14198421	0.09318409	-0.5448687	0.29548493	-0.1815369	0.11683713	-0.1273691	1.0000004	-0.6191915	0.24541421	-0.12563226	0.101130635	-0.3422192	0.22275032	-0.17643437	0.107226655	-0.08337084	0.1944393	-0.16089523	0.1444487	-0.1026234	0.06994	-0.15195897	0.12169457	-0.1327988	0.10391648	-0.10449218	0.07689287	-0.11346862	0.09896281	-0.07946248	0.05830398	-0.07544595	0.076717876	-0.095998704	0.09134024	-0.081560984
0.0920335	-0.15639491	0.09536533	-0.10552499	0.13885905	-0.12239048	0.14704327	-0.17453216	0.15881053	-0.102680154	0.3065356	-0.4355645	0.21904318	-0.13756807	0.13816434	-0.6191915	1.0000004	-0.46040028	0.13667634	-0.11252699	0.21381901	-0.24426787	0.19669174	-0.11753178	0.088204	-0.18484655	0.156124	-0.16078508	0.10914977	-0.07447773	0.15259287	-0.1267042	0.13730112	-0.110704325	0.10901107	-0.07903277	0.1157786	-0.103548646	0.08351195	-0.06113278	0.076783866	-0.07920106	0.09832618	-0.097147405	0.08478791
-0.101851135	0.17256014	-0.12924455	0.13965514	-0.20536393	0.13150138	-0.16700257	0.22583564	-0.2543861	0.15065132	-0.25399128	0.26444355	-0.48615158	0.21975043	-0.21549143	0.24541421	-0.46040028	1.0000006	-0.21695893	0.16830193	-0.19032653	0.2211053	-0.3908637	0.17228779	-0.12929554	0.17301519	-0.17961475	0.21866131	-0.16129036	0.10691105	-0.21301748	0.16500622	-0.19422972	0.15376304	-0.1561606	0.10719665	-0.15832013	0.13960102	-0.115372315	0.086284995	-0.10599723	0.10733448	-0.13598423	0.1313737	-0.12055418
0.08222525	-0.15194215	0.10769627	-0.13005625	0.19872493	-0.11186784	0.1241523	-0.18420081	0.2257273	-0.21061055	0.13442637	-0.17122874	0.20392166	-0.2984246	0.2864213	-0.12563226	0.13667634	-0.21695893	1.0000006	-0.72227836	0.105487086	-0.13603765	0.15741235	-0.2892257	0.1508309	-0.10957218	0.10727941	-0.13306	0.18486522	-0.12659226	0.14443576	-0.1149152	0.12799227	-0.15323801	0.14608602	-0.07734612	0.11150181	-0.10535835	0.10185	-0.08144152	0.07497531	-0.07860173	0.09856644	-0.12141266	0.10758377
-0.066901006	0.12164948	-0.09378158	0.109813355	-0.22793084	0.08975287	-0.10264807	0.15034394	-0.22232121	0.21404843	-0.11178669	0.13722882	-0.1827264	0.2235812	-0.49832323	0.101130635	-0.11252699	0.16830193	-0.72227836	1.0000005	-0.08619939	0.108732425	-0.12884645	0.18253554	-0.14314614	0.088185	-0.08763427	0.10649976	-0.15842086	0.109057024	-0.122614026	0.09458817	-0.10673155	0.12386069	-0.13020717	0.06460133	-0.09355166	0.0869881	-0.08487522	0.0705613	-0.06318065	0.06549415	-0.08287689	0.09864932	-0.095399424
0.0570467	-0.09690585	0.06199813	-0.06977514	0.103949726	-0.076037854	0.08544803	-0.10781827	0.10736653	-0.07543925	0.19239025	-0.17174098	0.1298189	-0.09018629	0.1011602	-0.3422192	0.21381901	-0.19032653	0.105487086	-0.08619939	1.0000008	-0.5757773	0.21666382	-0.1138185	0.08390146	-0.607141	0.29467764	-0.20864724	0.10732746	-0.07146934	0.16229136	-0.16301782	0.16301765	-0.1135639	0.105297826	-0.085686855	0.13101418	-0.115541995	0.086446606	-0.058870163	0.081238575	-0.086522155	0.10446195	-0.099661425	0.08060776
-0.06473528	0.10983988	-0.07355739	0.08234545	-0.13075633	0.085405484	-0.097657345	0.12514408	-0.13277175	0.09375378	-0.2025531	0.17915174	-0.15882894	0.11042401	-0.12756997	0.22275032	-0.24426787	0.2211053	-0.13603765	0.108732425	-0.5757773	1.0000005	-0.38978067	0.15338376	-0.11402889	0.31963083	-0.48113516	0.26708958	-0.14779997	0.09529603	-0.22230728	0.20756978	-0.22533405	0.1482746	-0.1413852	0.11239561	-0.17737164	0.14978339	-0.11352799	0.07786235	-0.10871428	0.113359384	-0.13955256	0.12748857	-0.10747369
0.06886695	-0.12136743	0.08121878	-0.092618525	0.13652311	-0.09207442	0.10506955	-0.14341173	0.14421529	-0.10285568	0.16246016	-0.17643966	0.18463641	-0.12724173	0.13783894	-0.17643437	0.19669174	-0.3908637	0.15741235	-0.12884645	0.21666382	-0.38978067	1.0000002	-0.27544484	0.14122526	-0.2410013	0.26359347	-0.61394244	0.19315922	-0.12032029	0.20445244	-0.2216405	0.25359288	-0.18575792	0.15876344	-0.11357488	0.17353271	-0.16918102	0.12928872	-0.08817638	0.10624664	-0.117387906	0.14163664	-0.14929204	0.11691609
-0.054634996	0.097925104	-0.06765871	0.07840918	-0.12845539	0.07346007	-0.08223816	0.11415145	-0.13161972	0.10478299	-0.11010739	0.12511703	-0.13513692	0.121158145	-0.14647388	0.107226655	-0.11753178	0.17228779	-0.2892257	0.18253554	-0.1138185	0.15338376	-0.27544484	1.0000004	-0.39277095	0.12051374	-0.12966436	0.17834562	-0.674919	0.25081208	-0.1629364	0.14167836	-0.17346634	0.2638128	-0.25797978	0.089593716	-0.13693124	0.13377984	-0.15753554	0.12769844	-0.086568125	0.09392776	-0.11986641	0.16730237	-0.16560823
0.043701384	-0.07902541	0.052674007	-0.061593372	0.099104874	-0.05921226	0.06491346	-0.08981081	0.09602618	-0.081032954	0.08474592	-0.099428706	0.09936952	-0.08683863	0.108769804	-0.08337084	0.088204	-0.12929554	0.1508309	-0.14314614	0.08390146	-0.11402889	0.14122526	-0.39277095	1.0000004	-0.09179922	0.09373342	-0.12377386	0.25396517	-0.78185886	0.12519032	-0.11092577	0.12709996	-0.23007986	0.25892743	-0.07197519	0.10663521	-0.109328836	0.1282242	-0.14138007	0.06835523	-0.07592231	0.09526723	-0.16003339	0.1450231
-0.053385533	0.09053241	-0.060091406	0.06741048	-0.106936805	0.07056937	-0.080023184	0.102277614	-0.10756432	0.076537535	-0.17218894	0.14746045	-0.1268902	0.08928823	-0.10368113	0.1944393	-0.18484655	0.17301519	-0.10957218	0.088185	-0.607141	0.31963083	-0.2410013	0.12051374	-0.09179922	1.0000005	-0.60065424	0.23206861	-0.118507795	0.07755453	-0.19866654	0.19558041	-0.20195849	0.12467858	-0.116856605	0.09945624	-0.16013972	0.13191175	-0.09681563	0.064581804	-0.09558895	0.10010485	-0.121950865	0.1086436	-0.08901259
0.05108699	-0.088603176	0.058307935	-0.0661275	0.102260254	-0.06813	0.076714195	-0.10043041	0.102900274	-0.07442823	0.13960257	-0.13671437	0.12184975	-0.08682278	0.09964492	-0.16089523	0.156124	-0.17961475	0.10727941	-0.08763427	0.29467764	-0.48113516	0.26359347	-0.12966436	0.09373342	-0.60065424	1.0000004	-0.4207719	0.12369614	-0.08055145	0.19980244	-0.30951288	0.23896481	-0.13768959	0.119239	-0.10731251	0.17472653	-0.1519793	0.1042334	-0.06636763	0.098831646	-0.109744474	0.12819773	-0.11853232	0.08977025
-0.056770056	0.09893221	-0.06707505	0.07587351	-0.1197388	0.07546601	-0.08608762	0.114723146	-0.12184489	0.08760438	-0.1409636	0.14337315	-0.1477278	0.103234746	-0.118705444	0.1444487	-0.16078508	0.21866131	-0.13306	0.10649976	-0.20864724	0.26708958	-0.61394244	0.17834562	-0.12377386	0.23206861	-0.4207719	1.0000005	-0.17436294	0.104388714	-0.226585	0.25275117	-0.45628682	0.17829849	-0.15267116	0.11948917	-0.19809103	0.1825441	-0.13085277	0.08280733	-0.11351457	0.12448373	-0.15456665	0.14242722	-0.111720555
0.051986843	-0.09371242	0.06273686	-0.07322429	0.11613847	-0.07029494	0.07751507	-0.10722797	0.11486714	-0.09508055	0.10342217	-0.119677864	0.12068936	-0.10494387	0.12585245	-0.1026234	0.10914977	-0.16129036	0.18486522	-0.15842086	0.10732746	-0.14779997	0.19315922	-0.674919	0.25396517	-0.118507795	0.12369614	-0.17436294	1.0000006	-0.2929204	0.15801191	-0.14817622	0.17779848	-0.4800229	0.24769829	-0.09110814	0.1391002	-0.14608502	0.18656398	-0.13001867	0.08658801	-0.09732512	0.12320088	-0.21139523	0.15454918
-0.03640844	0.06557623	-0.04411143	0.05132613	-0.08439617	0.049197827	-0.054186977	0.07469087	-0.08149878	0.0672002	-0.07172466	0.08297381	-0.08388071	0.07237062	-0.0917511	0.06994	-0.07447773	0.10691105	-0.12659226	0.109057024	-0.07146934	0.09529603	-0.12032029	0.25081208	-0.78185886	0.07755453	-0.08055145	0.104388714	-0.2929204	1.0000005	-0.11143206	0.09708803	-0.1148232	0.21453263	-0.41901863	0.06338037	-0.09541195	0.09691261	-0.12089245	0.15343095	-0.060706627	0.06709252	-0.08535283	0.14060684	-0.17010126
0.07265697	-0.13120669	0.08305186	-0.09674021	0.14872268	-0.09890008	0.10661113	-0.14395191	0.13892013	-0.10795691	0.14745866	-0.17232546	0.15341236	-0.11717263	0.1385828	-0.15195897	0.15259287	-0.21301748	0.14443576	-0.122614026	0.16229136	-0.22230728	0.20445244	-0.1629364	0.12519032	-0.19866654	0.19980244	-0.226585	0.15801191	-0.11143206	1.0000004	-0.4473528	0.26478934	-0.2029117	0.16851355	-0.471836	0.27524877	-0.25797337	0.16576637	-0.0986433	0.25713372	-0.25838113	0.23457776	-0.20943817	0.13135311
-0.051648993	0.09140194	-0.06008228	0.068914115	-0.10943652	0.06939988	-0.07690419	0.102803186	-0.10554639	0.07955435	-0.11885835	0.12673657	-0.11916164	0.08888172	-0.10534527	0.12169457	-0.1267042	0.16500622	-0.1149152	0.09458817	-0.16301782	0.20756978	-0.2216405	0.14167836	-0.11092577	0.19558041	-0.30951288	0.25275117	-0.14817622	0.09708803	-0.4473528	1.0000001	-0.5747227	0.19015604	-0.15404913	0.19261491	-0.4549392	0.26447746	-0.15527387	0.08478244	-0.17307574	0.19693075	-0.21629494	0.16865999	-0.11396899
0.057274014	-0.10199428	0.06656013	-0.0767076	0.118767194	-0.07722086	0.08530021	-0.114995636	0.115782015	-0.087703116	0.12717475	-0.14019172	0.13203497	-0.09883781	0.115408294	-0.1327988	0.13730112	-0.19422972	0.12799227	-0.10673155	0.16301765	-0.22533405	0.25359288	-0.17346634	0.12709996	-0.20195849	0.23896481	-0.45628682	0.17779848	-0.1148232	0.26478934	-0.5747227	0.9999999	-0.2976863	0.17804822	-0.1622108	0.27595127	-0.35586074	0.18328924	-0.09852107	0.14346434	-0.17811057	0.20859611	-0.20012775	0.12757684
-0.051166374	0.091456875	-0.061421815	0.070940346	-0.11716623	0.06890188	-0.07621764	0.103852384	-0.11213539	0.088965945	-0.10624862	0.11908029	-0.11858027	0.09681789	-0.11949773	0.10391648	-0.110704325	0.15376304	-0.15323801	0.12386069	-0.1135639	0.1482746	-0.18575792	0.2638128	-0.23007986	0.12467858	-0.13768959	0.17829849	-0.4800229	0.21453263	-0.2029117	0.19015604	-0.2976863	0.9999998	-0.46945897	0.1156623	-0.19099323	0.20095307	-0.4251377	0.1870418	-0.1122006	0.12694788	-0.16940488	0.28157178	-0.23890111
0.054239474	-0.09810254	0.06401981	-0.07477545	0.11904938	-0.07364701	0.08001509	-0.1095927	0.11228833	-0.09256544	0.10584937	-0.12422032	0.11863372	-0.097839616	0.11981433	-0.10449218	0.10901107	-0.1561606	0.14608602	-0.13020717	0.105297826	-0.1413852	0.15876344	-0.25797978	0.25892743	-0.116856605	0.119239	-0.15267116	0.24769829	-0.41901863	0.16851355	-0.15404913	0.17804822	-0.46945897	0.9999999	-0.099832974	0.1487395	-0.1595011	0.20698646	-0.4563029	0.094189666	-0.107015185	0.13471735	-0.26454195	0.28661594
-0.036250975	0.064937025	-0.041985516	0.048570447	-0.077224314	0.049054876	-0.053483866	0.0719816	-0.07219358	0.055775102	-0.07644355	0.086230196	-0.07923284	0.060599256	-0.072715186	0.07689287	-0.07903277	0.10719665	-0.07734612	0.06460133	-0.085686855	0.11239561	-0.11357488	0.089593716	-0.07197519	0.09945624	-0.10731251	0.11948917	-0.09110814	0.06338037	-0.471836	0.19261491	-0.1622108	0.1156623	-0.099832974	0.9999997	-0.26183218	0.1909859	-0.10908596	0.05744831	-0.7255454	0.27535635	-0.2734695	0.12779549	-0.07777281
0.051762894	-0.09267559	0.059849158	-0.06925183	0.108459234	-0.070042044	0.07651039	-0.103042126	0.10283892	-0.07918847	0.11052374	-0.12439997	0.114100516	-0.08692754	0.10325537	-0.11346862	0.1157786	-0.15832013	0.11150181	-0.09355166	0.13101418	-0.17737164	0.17353271	-0.13693124	0.10663521	-0.16013972	0.17472653	-0.19809103	0.1391002	-0.09541195	0.27524877	-0.4549392	0.27595127	-0.19099323	0.1487395	-0.26183218	0.99999964	-0.56014687	0.19090196	-0.086452596	0.22219677	-0.4195813	0.30603695	-0.22345403	0.114102036
-0.04549509	0.0810047	-0.053292274	0.061354365	-0.09896027	0.061283298	-0.06754252	0.090872556	-0.09378738	0.072063036	-0.098960616	0.10889767	-0.10327479	0.079039484	-0.09521092	0.09896281	-0.103548646	0.13960102	-0.10535835	0.0869881	-0.115541995	0.14978339	-0.16918102	0.13377984	-0.109328836	0.13191175	-0.1519793	0.1825441	-0.14608502	0.09691261	-0.25797337	0.26447746	-0.35586074	0.20095307	-0.1595011	0.1909859	-0.56014687	0.9999997	-0.30598083	0.09011152	-0.19559956	0.2751628	-0.5357802	0.2398922	-0.1207538
0.038762983	-0.06935067	0.04597839	-0.0531446	0.08707029	-0.05228914	0.057518173	-0.078050435	0.082089394	-0.06494831	0.08065	-0.09071478	0.08768984	-0.070099816	0.085948914	-0.07946248	0.08351195	-0.115372315	0.10185	-0.08487522	0.086446606	-0.11352799	0.12928872	-0.15753554	0.1282242	-0.09681563	0.1042334	-0.13085277	0.18656398	-0.12089245	0.16576637	-0.15527387	0.18328924	-0.4251377	0.20698646	-0.10908596	0.19090196	-0.30598083	0.9999996	-0.12710482	0.10547157	-0.1338433	0.18919183	-0.7690637	0.15612096
-0.030387286	0.054831482	-0.035999965	0.041922253	-0.06809443	0.041191414	-0.044853125	0.061279617	-0.06363092	0.051974364	-0.05969173	0.06946482	-0.06677998	0.054810874	-0.06787061	0.05830398	-0.06113278	0.086284995	-0.08144152	0.0705613	-0.058870163	0.07786235	-0.08817638	0.12769844	-0.14138007	0.064581804	-0.06636763	0.08280733	-0.13001867	0.15343095	-0.0986433	0.08478244	-0.09852107	0.1870418	-0.4563029	0.05744831	-0.086452596	0.09011152	-0.12710482	0.99999976	-0.054969642	0.06158968	-0.079221696	0.1522251	-0.8194716
0.03614603	-0.06504981	0.041622978	-0.04833625	0.07566534	-0.04906826	0.053169567	-0.07172588	0.07063053	-0.05485602	0.074357785	-0.08561356	0.07756618	-0.059456177	0.070950545	-0.07544595	0.076783866	-0.10599723	0.07497531	-0.06318065	0.081238575	-0.10871428	0.10624664	-0.086568125	0.06835523	-0.09558895	0.098831646	-0.11351457	0.08658801	-0.060706627	0.25713372	-0.17307574	0.14346434	-0.1122006	0.094189666	-0.7255454	0.22219677	-0.19559956	0.10547157	-0.054969642	0.99999946	-0.50632364	0.24809499	-0.13019146	0.07358723
-0.035919286	0.06424273	-0.04173757	0.048225533	-0.076965585	0.048547264	-0.053086266	0.07145476	-0.07224293	0.05576809	-0.07635406	0.08558405	-0.0793185	0.060735937	-0.07296863	0.076717876	-0.07920106	0.10733448	-0.07860173	0.06549415	-0.086522155	0.113359384	-0.117387906	0.09392776	-0.07592231	0.10010485	-0.109744474	0.12448373	-0.09732512	0.06709252	-0.25838113	0.19693075	-0.17811057	0.12694788	-0.107015185	0.27535635	-0.4195813	0.2751628	-0.1338433	0.06158968	-0.50632364	0.99999934	-0.6124062	0.15312666	-0.08308714
0.045735717	-0.08216301	0.052920848	-0.06137183	0.09661655	-0.061993733	0.06742565	-0.09101568	0.09063064	-0.07041564	0.09485701	-0.10843796	0.09946593	-0.076496325	0.091495685	-0.095998704	0.09832618	-0.13598423	0.09856644	-0.08287689	0.10446195	-0.13955256	0.14163664	-0.11986641	0.09526723	-0.121950865	0.12819773	-0.15456665	0.12320088	-0.08535283	0.23457776	-0.21629494	0.20859611	-0.16940488	0.13471735	-0.2734695	0.30603695	-0.5357802	0.18919183	-0.079221696	0.24809499	-0.6124062	0.99999946	-0.24247931	0.10500336
-0.044900157	0.07995534	-0.053823397	0.06190437	-0.10512663	0.060346227	-0.06678287	0.0904025	-0.097867005	0.07700756	-0.0946482	0.104646556	-0.10310762	0.0826142	-0.10323467	0.09134024	-0.097147405	0.1313737	-0.12141266	0.09864932	-0.099661425	0.12748857	-0.14929204	0.16730237	-0.16003339	0.1086436	-0.11853232	0.14242722	-0.21139523	0.14060684	-0.20943817	0.16865999	-0.20012775	0.28157178	-0.26454195	0.12779549	-0.22345403	0.2398922	-0.7690637	0.1522251	-0.13019146	0.15312666	-0.24247931	0.99999946	-0.22324392
0.04303638	-0.077950075	0.05050238	-0.059021752	0.09420364	-0.058515213	0.06326804	-0.08644628	0.08751384	-0.07202485	0.08307304	-0.09809392	0.0923615	-0.07533915	0.09241386	-0.081560984	0.08478791	-0.12055418	0.10758377	-0.095399424	0.08060776	-0.10747369	0.11691609	-0.16560823	0.1450231	-0.08901259	0.08977025	-0.111720555	0.15454918	-0.17010126	0.13135311	-0.11396899	0.12757684	-0.23890111	0.28661594	-0.07777281	0.114102036	-0.1207538	0.15612096	-0.8194716	0.07358723	-0.08308714	0.10500336	-0.22324392	0.99999946
