1.0000001	-0.48255166	0.19706537	-0.12614721	0.10174892	-0.7438692	0.3173834	-0.20728256	0.10020077	-0.08525399	0.15588416	-0.12630546	0.12367823	-0.13215262	0.08956265	-0.1127564	0.099012315	-0.10819449	0.1026604	-0.08142653	0.10878818	-0.082612775	0.07408023	-0.07971507	0.070153356	-0.07004246	0.06500396	-0.063367896	0.06878596	-0.06647105	0.060521267	-0.08361952	0.060593076	-0.07111265	0.07362174	-0.036400642	0.033164795	-0.04326728	0.03950306	-0.032332502	0.03141147	-0.028569117	0.039069176	-0.03688081	0.040362712
-0.48255166	0.9999998	-0.42861712	0.15169504	-0.11003614	0.29334787	-0.6578289	0.25650275	-0.12623964	0.09105308	-0.1082736	0.08763156	-0.14614138	0.1373255	-0.094283	0.076123744	-0.07711841	0.11295024	-0.108701065	0.08073168	-0.08833671	0.06590235	-0.06767845	0.074199975	-0.06812159	0.055880826	-0.05382408	0.05672371	-0.063395895	0.061898842	-0.050471783	0.06806072	-0.053574007	0.06279984	-0.0681503	0.030410862	-0.028093204	0.037923384	-0.03493505	0.028535008	-0.026626265	0.02416603	-0.0343935	0.03231771	-0.035837118
0.19706537	-0.42861712	0.99999994	-0.3687616	0.16434708	-0.17200561	0.2580025	-0.6626163	0.22662547	-0.1494714	0.092334256	-0.07875293	0.23651548	-0.23850854	0.1462885	-0.071235314	0.07633453	-0.19097409	0.16509038	-0.123008	0.09795581	-0.078573875	0.09211953	-0.10575763	0.09872805	-0.06727844	0.066127606	-0.07694817	0.087194115	-0.08766222	0.062702894	-0.08438943	0.071205035	-0.084702164	0.09360787	-0.038613584	0.035961613	-0.050324842	0.04653146	-0.03808163	0.034068495	-0.030989742	0.04555628	-0.04289687	0.0477485
-0.12614721	0.15169504	-0.3687616	0.99999994	-0.28108132	0.0997224	-0.15031487	0.23616864	-0.76043093	0.23415211	-0.07937159	0.06412282	-0.21092746	0.25902903	-0.21249817	0.062103495	-0.06816057	0.15407199	-0.18887259	0.14294799	-0.09860036	0.07866683	-0.1009118	0.11394047	-0.11702107	0.067187175	-0.068026416	0.08279847	-0.097584985	0.09747978	-0.06493498	0.08531639	-0.07702903	0.09048979	-0.10655257	0.03979881	-0.03760339	0.053827964	-0.050318696	0.04099853	-0.03562707	0.03232719	-0.0491337	0.045881186	-0.05193483
0.10174892	-0.11003614	0.16434708	-0.28108132	1.0000001	-0.08719223	0.11125791	-0.17752673	0.24325769	-0.67316437	0.101363815	-0.08033207	0.1873565	-0.32177278	0.29647198	-0.08270113	0.0894295	-0.18106548	0.20963313	-0.2523911	0.14551346	-0.124486275	0.15402737	-0.18576738	0.17994705	-0.11054814	0.10880777	-0.13585413	0.15403101	-0.16600165	0.10626392	-0.14310017	0.12604688	-0.15625174	0.16862004	-0.068033546	0.063172236	-0.09044555	0.08404864	-0.0695786	0.060175996	-0.054634087	0.08163012	-0.077794306	0.08671074
-0.7438692	0.29334787	-0.17200561	0.0997224	-0.08719223	0.99999994	-0.5185413	0.16834295	-0.08409172	0.07067178	-0.21018934	0.1274772	-0.10815211	0.106332876	-0.07556057	0.11658829	-0.103190705	0.089939356	-0.08839542	0.06831233	-0.10849252	0.07532222	-0.0648835	0.06829473	-0.059975583	0.06250959	-0.058711667	0.054947868	-0.059517823	0.056730773	-0.053892188	0.07374828	-0.052718423	0.06111286	-0.06346299	0.031760927	-0.02900117	0.03747585	-0.034177914	0.027882814	-0.027438989	0.024928791	-0.033893555	0.03186964	-0.034883033
0.3173834	-0.6578289	0.2580025	-0.15031487	0.11125791	-0.5185413	0.99999994	-0.33148655	0.12057187	-0.09487209	0.13174623	-0.11461462	0.15353587	-0.15093702	0.09859793	-0.094445646	0.091873035	-0.12708217	0.11502598	-0.08752478	0.09942865	-0.07559402	0.074285865	-0.08176021	0.0734858	-0.064010285	0.060760587	-0.06281761	0.06931325	-0.067859925	0.056784477	-0.07756387	0.059325583	-0.06983854	0.07420679	-0.034311667	0.03152759	-0.0421629	0.038676504	-0.031637024	0.029859774	-0.02715101	0.03811996	-0.035925422	0.039578453
-0.20728256	0.25650275	-0.6626163	0.23616864	-0.17752673	0.16834295	-0.33148655	0.99999976	-0.24436125	0.14755554	-0.098471835	0.08281194	-0.4368527	0.23184164	-0.15555078	0.07481751	-0.08267089	0.21403775	-0.19960123	0.12814704	-0.1044637	0.08182139	-0.0989589	0.11148626	-0.105488926	0.06925871	-0.06907526	0.08062132	-0.09249615	0.09137965	-0.065140694	0.086769745	-0.07452884	0.087462805	-0.098990485	0.039682306	-0.03718784	0.052264556	-0.048444647	0.039490122	-0.03519267	0.03199013	-0.047467675	0.044451717	-0.04974621
0.10020077	-0.12623964	0.22662547	-0.76043093	0.24325769	-0.08409172	0.12057187	-0.24436125	0.9999995	-0.34387392	0.069789015	-0.05729043	0.18997626	-0.37657297	0.21399656	-0.055458874	0.060963683	-0.14939247	0.17293257	-0.14412329	0.08852199	-0.07245332	0.09314691	-0.10846509	0.11074474	-0.062002387	0.06252264	-0.077278495	0.090280294	-0.09259013	0.059612527	-0.07920143	0.0711795	-0.08466501	0.09795469	-0.0368719	0.03474226	-0.049926557	0.04649281	-0.037976038	0.032883927	-0.02992076	0.04535324	-0.042538524	0.047822934
-0.08525399	0.09105308	-0.1494714	0.23415211	-0.67316437	0.07067178	-0.09487209	0.14755554	-0.34387392	0.999999	-0.0776362	0.06135125	-0.1672093	0.2634066	-0.5099749	0.0626783	-0.06848175	0.14523831	-0.18744338	0.2181679	-0.109072074	0.09113983	-0.121795855	0.14274295	-0.16435972	0.07843729	-0.0797979	0.10208657	-0.12147332	0.12802927	-0.07650101	0.10142248	-0.09413574	0.11278689	-0.13409838	0.0477254	-0.045162354	0.065873384	-0.06157634	0.0503187	-0.042725816	0.038918313	-0.059891704	0.05616809	-0.063367024
0.15588416	-0.1082736	0.092334256	-0.07937159	0.101363815	-0.21018934	0.13174623	-0.098471835	0.069789015	-0.0776362	0.9999989	-0.57406604	0.10086975	-0.10939934	0.08952821	-0.59788424	0.32326034	-0.10439169	0.106864505	-0.09111864	0.25961605	-0.18655045	0.11390385	-0.11172686	0.08796012	-0.14557041	0.12850478	-0.09882338	0.099348366	-0.09045425	0.1128689	-0.16314606	0.09651855	-0.109908484	0.103293486	-0.064653896	0.057848554	-0.06919111	0.06149304	-0.05003199	0.054262836	-0.049785685	0.06187369	-0.058384486	0.061786763
-0.12630546	0.08763156	-0.07875293	0.06412282	-0.08033207	0.1274772	-0.11461462	0.08281194	-0.05729043	0.06135125	-0.57406604	0.9999989	-0.0968589	0.08970487	-0.07191599	0.30887392	-0.7092438	0.10015717	-0.09603044	0.071679905	-0.2246591	0.1306419	-0.0869225	0.08410979	-0.068240225	0.099841185	-0.0953385	0.07276928	-0.074916646	0.06787745	-0.082038835	0.11202297	-0.07066712	0.07921338	-0.077597365	0.04546633	-0.04121397	0.0500338	-0.04484149	0.036317077	-0.038800787	0.03525807	-0.04507812	0.042169753	-0.045235906
0.12367823	-0.14614138	0.23651548	-0.21092746	0.1873565	-0.10815211	0.15353587	-0.4368527	0.18997626	-0.1672093	0.10086975	-0.0968589	0.99999905	-0.4349958	0.19773957	-0.084261306	0.10115622	-0.6133716	0.29501408	-0.18402891	0.12138055	-0.10214036	0.13159253	-0.15806279	0.14082056	-0.08559716	0.085994676	-0.10694986	0.120197795	-0.12268111	0.08049845	-0.10930635	0.09535107	-0.11378442	0.12570706	-0.04982055	0.046735004	-0.067004144	0.0616316	-0.050354626	0.04405973	-0.04032541	0.060264654	-0.05676584	0.062812574
-0.13215262	0.1373255	-0.23850854	0.25902903	-0.32177278	0.106332876	-0.15093702	0.23184164	-0.37657297	0.2634066	-0.10939934	0.08970487	-0.4349958	0.99999905	-0.44930813	0.08794277	-0.09946787	0.27167037	-0.4158031	0.24814823	-0.1455037	0.118873864	-0.16340718	0.18901607	-0.19937453	0.1000579	-0.10318086	0.13064048	-0.15622744	0.15651958	-0.0974868	0.12827843	-0.119317494	0.13951764	-0.16780074	0.05967994	-0.056804944	0.082674384	-0.07718022	0.06267962	-0.053611986	0.048835095	-0.07532751	0.070133984	-0.0793126
0.08956265	-0.094283	0.1462885	-0.21249817	0.29647198	-0.07556057	0.09859793	-0.15555078	0.21399656	-0.5099749	0.08952821	-0.07191599	0.19773957	-0.44930813	0.999999	-0.073665164	0.08053442	-0.19059251	0.24273194	-0.5112892	0.12899257	-0.11434702	0.15665081	-0.20616311	0.23620331	-0.096930444	0.09899398	-0.13425183	0.15695311	-0.18558766	0.09336305	-0.12749943	0.118264526	-0.14582555	0.16728567	-0.05894089	0.055779878	-0.08298243	0.076560564	-0.062723845	0.052401315	-0.048259053	0.07431008	-0.070262395	0.0776783
-0.1127564	0.076123744	-0.071235314	0.062103495	-0.08270113	0.11658829	-0.094445646	0.07481751	-0.055458874	0.0626783	-0.59788424	0.30887392	-0.084261306	0.08794277	-0.073665164	0.9999991	-0.52858347	0.09052986	-0.09196327	0.07545322	-0.46603504	0.1770519	-0.10155615	0.094820134	-0.07410576	0.12728131	-0.122187085	0.08483181	-0.0848381	0.07577215	-0.100751035	0.13829902	-0.08237904	0.09138731	-0.08685936	0.05429939	-0.049088635	0.058251813	-0.051721517	0.041794877	-0.046014298	0.04194896	-0.052264567	0.0488675	-0.05184405
0.099012315	-0.07711841	0.07633453	-0.06816057	0.0894295	-0.103190705	0.091873035	-0.08267089	0.060963683	-0.06848175	0.32326034	-0.7092438	0.10115622	-0.09946787	0.08053442	-0.52858347	0.99999917	-0.12392041	0.10746669	-0.082621016	0.23599935	-0.1685848	0.10221508	-0.10017457	0.07893248	-0.12533724	0.11440671	-0.08718637	0.08790923	-0.07996589	0.09825544	-0.14069554	0.084421724	-0.095528975	0.090778925	-0.055639464	0.050051596	-0.06019803	0.053526375	-0.043455668	0.046901613	-0.04299945	0.05386621	-0.050682038	0.053745862
-0.10819449	0.11295024	-0.19097409	0.15407199	-0.18106548	0.089939356	-0.12708217	0.21403775	-0.14939247	0.14523831	-0.10439169	0.10015717	-0.6133716	0.27167037	-0.19059251	0.09052986	-0.12392041	0.9999992	-0.6186825	0.19083317	-0.12930733	0.10656333	-0.1563632	0.17475046	-0.15583351	0.0861173	-0.08955173	0.11342599	-0.13002881	0.12597418	-0.08177749	0.10980204	-0.09921018	0.11445661	-0.13149376	0.04959402	-0.04708559	0.06826033	-0.06276782	0.05078847	-0.04418332	0.04050964	-0.06157206	0.05733875	-0.06372822
0.1026604	-0.108701065	0.16509038	-0.18887259	0.20963313	-0.08839542	0.11502598	-0.19960123	0.17293257	-0.18744338	0.106864505	-0.09603044	0.29501408	-0.4158031	0.24273194	-0.09196327	0.10746669	-0.6186825	0.9999992	-0.3505061	0.14599581	-0.13242199	0.19175287	-0.2967449	0.2208309	-0.107592136	0.11118751	-0.1510349	0.17040895	-0.17960115	0.101873435	-0.14061865	0.12760952	-0.1528796	0.16960281	-0.06336313	0.06001722	-0.08880011	0.080961354	-0.0659235	0.056134254	-0.051882558	0.079069406	-0.07447088	0.08157134
-0.08142653	0.08073168	-0.123008	0.14294799	-0.2523911	0.06831233	-0.08752478	0.12814704	-0.14412329	0.2181679	-0.09111864	0.071679905	-0.18402891	0.24814823	-0.5112892	0.07545322	-0.082621016	0.19083317	-0.3505061	0.99999905	-0.13739954	0.12298656	-0.1983977	0.25001788	-0.5834756	0.10032667	-0.107881345	0.15607068	-0.20312725	0.23391625	-0.09883703	0.13322356	-0.1359912	0.161349	-0.22015019	0.06122372	-0.059416264	0.09175908	-0.08532889	0.06880567	-0.05522899	0.05124119	-0.082760975	0.07672485	-0.08589816
0.10878818	-0.08833671	0.09795581	-0.09860036	0.14551346	-0.10849252	0.09942865	-0.1044637	0.08852199	-0.109072074	0.25961605	-0.2246591	0.12138055	-0.1455037	0.12899257	-0.46603504	0.23599935	-0.12930733	0.14599581	-0.13739954	0.9999988	-0.49176076	0.2033869	-0.18915488	0.13933027	-0.30085355	0.26253542	-0.17425807	0.16645595	-0.14775708	0.21269764	-0.30901185	0.16740926	-0.18581192	0.16853786	-0.11431826	0.10265371	-0.11906434	0.1041276	-0.08414886	0.09540596	-0.088012986	0.10570238	-0.09928455	0.10344153
-0.082612775	0.06590235	-0.078573875	0.07866683	-0.124486275	0.07532222	-0.07559402	0.08182139	-0.07245332	0.09113983	-0.18655045	0.1306419	-0.10214036	0.118873864	-0.11434702	0.1770519	-0.1685848	0.10656333	-0.13242199	0.12298656	-0.49176076	0.9999986	-0.33059248	0.1951069	-0.1387781	0.23671618	-0.6269787	0.19413882	-0.1798213	0.14164905	-0.21945603	0.28256822	-0.1763925	0.16639522	-0.1636961	0.09987318	-0.098285556	0.113744	-0.099680275	0.07749488	-0.088910766	0.080474086	-0.10314087	0.09179055	-0.09792328
0.07408023	-0.06767845	0.09211953	-0.1009118	0.15402737	-0.0648835	0.074285865	-0.0989589	0.09314691	-0.121795855	0.11390385	-0.0869225	0.13159253	-0.16340718	0.15665081	-0.10155615	0.10221508	-0.1563632	0.19175287	-0.1983977	0.2033869	-0.33059248	0.99999857	-0.60008514	0.2319802	-0.16240034	0.20620161	-0.48886755	0.28336072	-0.23190436	0.14968227	-0.2273486	0.22347587	-0.22818707	0.21215199	-0.08889499	0.087646514	-0.14494283	0.11885472	-0.09323441	0.07862008	-0.075846605	0.11907743	-0.11015408	0.11248354
-0.07971507	0.074199975	-0.10575763	0.11394047	-0.18576738	0.06829473	-0.08176021	0.11148626	-0.10846509	0.14274295	-0.11172686	0.08410979	-0.15806279	0.18901607	-0.20616311	0.094820134	-0.10017457	0.17475046	-0.2967449	0.25001788	-0.18915488	0.1951069	-0.60008514	0.9999986	-0.45355225	0.13467214	-0.16562144	0.26691118	-0.35051334	0.2556276	-0.13273853	0.18074961	-0.19572966	0.20496161	-0.24165456	0.078708395	-0.07795996	0.12409336	-0.110596895	0.08674016	-0.07124005	0.0669189	-0.109548636	0.09941559	-0.107916355
0.070153356	-0.06812159	0.09872805	-0.11702107	0.17994705	-0.059975583	0.0734858	-0.105488926	0.11074474	-0.16435972	0.08796012	-0.068240225	0.14082056	-0.19937453	0.23620331	-0.07410576	0.07893248	-0.15583351	0.2208309	-0.5834756	0.13933027	-0.1387781	0.2319802	-0.45355225	0.9999988	-0.109025866	0.11850696	-0.19490434	0.24295653	-0.46231908	0.10538509	-0.14923929	0.15208742	-0.19195454	0.24136099	-0.06643686	0.06452758	-0.10343242	0.09373507	-0.076039664	0.05930772	-0.056016948	0.0904673	-0.08521601	0.09209778
-0.07004246	0.055880826	-0.06727844	0.067187175	-0.11054814	0.06250959	-0.064010285	0.06925871	-0.062002387	0.07843729	-0.14557041	0.099841185	-0.08559716	0.1000579	-0.096930444	0.12728131	-0.12533724	0.0861173	-0.107592136	0.10032667	-0.30085355	0.23671618	-0.16240034	0.13467214	-0.109025866	0.99999875	-0.38245	0.14237869	-0.1429779	0.11653758	-0.7606143	0.2926583	-0.15478043	0.14975171	-0.14466734	0.15092953	-0.123809375	0.10690621	-0.09451057	0.074022405	-0.13572131	0.09864937	-0.1001971	0.08889622	-0.09447734
0.06500396	-0.05382408	0.066127606	-0.068026416	0.10880777	-0.058711667	0.060760587	-0.06907526	0.06252264	-0.0797979	0.12850478	-0.0953385	0.085994676	-0.10318086	0.09899398	-0.122187085	0.11440671	-0.08955173	0.11118751	-0.107881345	0.26253542	-0.6269787	0.20620161	-0.16562144	0.11850696	-0.38245	0.99999875	-0.19891503	0.1617568	-0.129952	0.25909945	-0.52570915	0.18119249	-0.16802683	0.14946197	-0.11408388	0.11380354	-0.11830115	0.09867199	-0.076442644	0.09755546	-0.09396167	0.10383627	-0.092970856	0.09479096
-0.063367896	0.05672371	-0.07694817	0.08279847	-0.13585413	0.054947868	-0.06281761	0.08062132	-0.077278495	0.10208657	-0.09882338	0.07276928	-0.10694986	0.13064048	-0.13425183	0.08483181	-0.08718637	0.11342599	-0.1510349	0.15607068	-0.17425807	0.19413882	-0.48886755	0.26691118	-0.19490434	0.14237869	-0.19891503	0.99999875	-0.5753861	0.23918468	-0.14342782	0.2133688	-0.4419077	0.2581317	-0.24332227	0.08768128	-0.092599794	0.18525805	-0.14695232	0.10638728	-0.08040425	0.079947226	-0.15290667	0.12878226	-0.13101526
0.06878596	-0.063395895	0.087194115	-0.097584985	0.15403101	-0.059517823	0.06931325	-0.09249615	0.090280294	-0.12147332	0.099348366	-0.074916646	0.120197795	-0.15622744	0.15695311	-0.0848381	0.08790923	-0.13002881	0.17040895	-0.20312725	0.16645595	-0.1798213	0.28336072	-0.35051334	0.24295653	-0.1429779	0.1617568	-0.5753861	0.99999887	-0.49133983	0.13779546	-0.21022741	0.2540678	-0.32308814	0.2806867	-0.08914635	0.08911177	-0.16718909	0.13841863	-0.10858804	0.07950407	-0.07818328	0.13417557	-0.12722994	0.12742087
-0.06647105	0.061898842	-0.08766222	0.09747978	-0.16600165	0.056730773	-0.067859925	0.09137965	-0.09259013	0.12802927	-0.09045425	0.06787745	-0.12268111	0.15651958	-0.18558766	0.07577215	-0.07996589	0.12597418	-0.17960115	0.23391625	-0.14775708	0.14164905	-0.23190436	0.2556276	-0.46231908	0.11653758	-0.129952	0.23918468	-0.49133983	0.99999905	-0.11680319	0.16342834	-0.19940145	0.25778112	-0.56326044	0.07452277	-0.07481351	0.12871583	-0.1209893	0.097350486	-0.06782926	0.06494844	-0.114293754	0.10582727	-0.11772231
0.060521267	-0.050471783	0.062702894	-0.06493498	0.10626392	-0.053892188	0.056784477	-0.065140694	0.059612527	-0.07650101	0.1128689	-0.082038835	0.08049845	-0.0974868	0.09336305	-0.100751035	0.09825544	-0.08177749	0.101873435	-0.09883703	0.21269764	-0.21945603	0.14968227	-0.13273853	0.10538509	-0.7606143	0.25909945	-0.14342782	0.13779546	-0.11680319	0.99999887	-0.43396932	0.16251862	-0.16397732	0.14165536	-0.2203982	0.14253476	-0.116464175	0.09855465	-0.07786598	0.15326476	-0.11841335	0.10556559	-0.09598373	0.09608311
-0.08361952	0.06806072	-0.08438943	0.08531639	-0.14310017	0.07374828	-0.07756387	0.086769745	-0.07920143	0.10142248	-0.16314606	0.11202297	-0.10930635	0.12827843	-0.12749943	0.13829902	-0.14069554	0.10980204	-0.14061865	0.13322356	-0.30901185	0.28256822	-0.2273486	0.18074961	-0.14923929	0.2926583	-0.52570915	0.2133688	-0.21022741	0.16342834	-0.43396932	0.99999857	-0.33413622	0.22515327	-0.21043974	0.17312059	-0.22407627	0.17849751	-0.15116078	0.11202145	-0.16002338	0.15429308	-0.16605021	0.13790993	-0.14404924
0.060593076	-0.053574007	0.071205035	-0.07702903	0.12604688	-0.052718423	0.059325583	-0.07452884	0.0711795	-0.09413574	0.09651855	-0.07066712	0.09535107	-0.119317494	0.118264526	-0.08237904	0.084421724	-0.09921018	0.12760952	-0.1359912	0.16740926	-0.1763925	0.22347587	-0.19572966	0.15208742	-0.15478043	0.18119249	-0.4419077	0.2540678	-0.19940145	0.16251862	-0.33413622	0.9999985	-0.49260777	0.24180397	-0.111934885	0.1254721	-0.47235695	0.22300376	-0.15676683	0.10196641	-0.11246978	0.23522198	-0.20772293	0.1767001
-0.07111265	0.06279984	-0.084702164	0.09048979	-0.15625174	0.06111286	-0.06983854	0.087462805	-0.08466501	0.11278689	-0.109908484	0.07921338	-0.11378442	0.13951764	-0.14582555	0.09138731	-0.095528975	0.11445661	-0.1528796	0.161349	-0.18581192	0.16639522	-0.22818707	0.20496161	-0.19195454	0.14975171	-0.16802683	0.2581317	-0.32308814	0.25778112	-0.16397732	0.22515327	-0.49260777	0.9999987	-0.5429609	0.10985383	-0.12086586	0.24733527	-0.29453856	0.17988326	-0.10538275	0.10482488	-0.2308403	0.20219703	-0.22662823
0.07362174	-0.0681503	0.09360787	-0.10655257	0.16862004	-0.06346299	0.07420679	-0.098990485	0.09795469	-0.13409838	0.103293486	-0.077597365	0.12570706	-0.16780074	0.16728567	-0.08685936	0.090778925	-0.13149376	0.16960281	-0.22015019	0.16853786	-0.1636961	0.21215199	-0.24165456	0.24136099	-0.14466734	0.14946197	-0.24332227	0.2806867	-0.56326044	0.14165536	-0.21043974	0.24180397	-0.5429609	0.99999875	-0.09658633	0.095283315	-0.17188255	0.1668743	-0.14624062	0.08613398	-0.08410347	0.14673138	-0.14752115	0.15631522
-0.036400642	0.030410862	-0.038613584	0.03979881	-0.068033546	0.031760927	-0.034311667	0.039682306	-0.0368719	0.0477254	-0.064653896	0.04546633	-0.04982055	0.05967994	-0.05894089	0.05429939	-0.055639464	0.04959402	-0.06336313	0.06122372	-0.11431826	0.09987318	-0.08889499	0.078708395	-0.06643686	0.15092953	-0.11408388	0.08768128	-0.08914635	0.07452277	-0.2203982	0.17312059	-0.111934885	0.10985383	-0.09658633	0.9999985	-0.43882748	0.10814525	-0.08930373	0.068380944	-0.78799427	0.29442573	-0.11926216	0.09667025	-0.08625694
0.033164795	-0.028093204	0.035961613	-0.03760339	0.063172236	-0.02900117	0.03152759	-0.03718784	0.03474226	-0.045162354	0.057848554	-0.04121397	0.046735004	-0.056804944	0.055779878	-0.049088635	0.050051596	-0.04708559	0.06001722	-0.059416264	0.10265371	-0.098285556	0.087646514	-0.07795996	0.06452758	-0.123809375	0.11380354	-0.092599794	0.08911177	-0.07481351	0.14253476	-0.22407627	0.1254721	-0.12086586	0.095283315	-0.43882748	0.99999845	-0.152741	0.10504721	-0.07866839	0.29948035	-0.7800828	0.16007203	-0.12981842	0.09314833
-0.04326728	0.037923384	-0.050324842	0.053827964	-0.09044555	0.03747585	-0.0421629	0.052264556	-0.049926557	0.065873384	-0.06919111	0.0500338	-0.067004144	0.082674384	-0.08298243	0.058251813	-0.06019803	0.06826033	-0.08880011	0.09175908	-0.11906434	0.113744	-0.14494283	0.12409336	-0.10343242	0.10690621	-0.11830115	0.18525805	-0.16718909	0.12871583	-0.116464175	0.17849751	-0.47235695	0.24733527	-0.17188255	0.10814525	-0.152741	0.99999857	-0.43367997	0.20426053	-0.108781	0.13670091	-0.5969484	0.2993777	-0.24950135
0.03950306	-0.03493505	0.04653146	-0.050318696	0.08404864	-0.034177914	0.038676504	-0.048444647	0.04649281	-0.06157634	0.06149304	-0.04484149	0.0616316	-0.07718022	0.076560564	-0.051721517	0.053526375	-0.06276782	0.080961354	-0.08532889	0.1041276	-0.099680275	0.11885472	-0.110596895	0.09373507	-0.09451057	0.09867199	-0.14695232	0.13841863	-0.1209893	0.09855465	-0.15116078	0.22300376	-0.29453856	0.1668743	-0.08930373	0.10504721	-0.43367997	0.99999857	-0.51860195	0.08469111	-0.10064425	0.2885423	-0.5407898	0.31161347
-0.032332502	0.028535008	-0.03808163	0.04099853	-0.0695786	0.027882814	-0.031637024	0.039490122	-0.037976038	0.0503187	-0.05003199	0.036317077	-0.050354626	0.06267962	-0.062723845	0.041794877	-0.043455668	0.05078847	-0.0659235	0.06880567	-0.08414886	0.07749488	-0.09323441	0.08674016	-0.076039664	0.074022405	-0.076442644	0.10638728	-0.10858804	0.097350486	-0.07786598	0.11202145	-0.15676683	0.17988326	-0.14624062	0.068380944	-0.07866839	0.20426053	-0.51860195	0.9999986	-0.065858506	0.07270673	-0.1985333	0.2641465	-0.7652829
0.03141147	-0.026626265	0.034068495	-0.03562707	0.060175996	-0.027438989	0.029859774	-0.03519267	0.032883927	-0.042725816	0.054262836	-0.038800787	0.04405973	-0.053611986	0.052401315	-0.046014298	0.046901613	-0.04418332	0.056134254	-0.05522899	0.09540596	-0.088910766	0.07862008	-0.07124005	0.05930772	-0.13572131	0.09755546	-0.08040425	0.07950407	-0.06782926	0.15326476	-0.16002338	0.10196641	-0.10538275	0.08613398	-0.78799427	0.29948035	-0.108781	0.08469111	-0.065858506	0.9999983	-0.4748067	0.12019725	-0.101472676	0.0791654
-0.028569117	0.02416603	-0.030989742	0.03232719	-0.054634087	0.024928791	-0.02715101	0.03199013	-0.02992076	0.038918313	-0.049785685	0.03525807	-0.04032541	0.048835095	-0.048259053	0.04194896	-0.04299945	0.04050964	-0.051882558	0.05124119	-0.088012986	0.080474086	-0.075846605	0.0669189	-0.056016948	0.09864937	-0.09396167	0.079947226	-0.07818328	0.06494844	-0.11841335	0.15429308	-0.11246978	0.10482488	-0.08410347	0.29442573	-0.7800828	0.13670091	-0.10064425	0.07270673	-0.4748067	0.9999982	-0.1974832	0.12466125	-0.08870873
0.039069176	-0.0343935	0.04555628	-0.0491337	0.08163012	-0.033893555	0.03811996	-0.047467675	0.04535324	-0.059891704	0.06187369	-0.04507812	0.060264654	-0.07532751	0.07431008	-0.052264567	0.05386621	-0.06157206	0.079069406	-0.082760975	0.10570238	-0.10314087	0.11907743	-0.109548636	0.0904673	-0.1001971	0.10383627	-0.15290667	0.13417557	-0.114293754	0.10556559	-0.16605021	0.23522198	-0.2308403	0.14673138	-0.11926216	0.16007203	-0.5969484	0.2885423	-0.1985333	0.12019725	-0.1974832	0.99999815	-0.6111496	0.21789452
-0.03688081	0.03231771	-0.04289687	0.045881186	-0.077794306	0.03186964	-0.035925422	0.044451717	-0.042538524	0.05616809	-0.058384486	0.042169753	-0.05676584	0.070133984	-0.070262395	0.0488675	-0.050682038	0.05733875	-0.07447088	0.07672485	-0.09928455	0.09179055	-0.11015408	0.09941559	-0.08521601	0.08889622	-0.092970856	0.12878226	-0.12722994	0.10582727	-0.09598373	0.13790993	-0.20772293	0.20219703	-0.14752115	0.09667025	-0.12981842	0.2993777	-0.5407898	0.2641465	-0.101472676	0.12466125	-0.6111496	0.9999982	-0.39801347
0.040362712	-0.035837118	0.0477485	-0.05193483	0.08671074	-0.034883033	0.039578453	-0.04974621	0.047822934	-0.063367024	0.061786763	-0.045235906	0.062812574	-0.0793126	0.0776783	-0.05184405	0.053745862	-0.06372822	0.08157134	-0.08589816	0.10344153	-0.09792328	0.11248354	-0.107916355	0.09209778	-0.09447734	0.09479096	-0.13101526	0.12742087	-0.11772231	0.09608311	-0.14404924	0.1767001	-0.22662823	0.15631522	-0.08625694	0.09314833	-0.24950135	0.31161347	-0.7652829	0.0791654	-0.08870873	0.21789452	-0.39801347	0.9999982
