1.0000001	-0.36227775	0.15669614	-0.10682451	0.08759749	-0.87637657	0.24084711	-0.13449688	0.102505215	-0.07507583	0.09265212	-0.071958475	0.058409665	-0.07788976	0.0707904	-0.075968176	0.06953037	-0.05020576	0.07824995	-0.046816844	0.054378886	-0.04571921	0.036975738	-0.03975949	0.055572197	-0.038819328	0.035393074	-0.03623213	0.035511475	-0.028249595	0.032227166	-0.030542044	0.034601036	-0.033748914	0.023711946	-0.026065797	0.026876241	-0.024886115	0.027881706	-0.035213448	0.015790606	-0.02461796	0.030341243	-0.02613876	0.021293659
-0.36227775	1.0	-0.47365853	0.1958456	-0.16192944	0.25453877	-0.6859052	0.2634395	-0.19053468	0.12594938	-0.08566781	0.09550772	-0.08421215	0.12912944	-0.117276825	0.06903835	-0.09476636	0.07211022	-0.12165169	0.07309314	-0.060194947	0.051723495	-0.04446066	0.04714444	-0.08548519	0.043408424	-0.041211866	0.042577054	-0.043263882	0.0363865	-0.03788475	0.035742935	-0.041582108	0.040999874	-0.030637179	0.030999366	-0.032309975	0.03009478	-0.034188915	0.04310701	-0.018853297	0.029325603	-0.037072357	0.031867992	-0.026214609
0.15669614	-0.47365853	0.9999998	-0.44821465	0.22997306	-0.1717296	0.29677767	-0.5864973	0.26904124	-0.18879479	0.07212761	-0.07645415	0.09122769	-0.1845838	0.15581201	-0.0608014	0.07798774	-0.080976106	0.14922234	-0.094185	0.059795123	-0.052621253	0.04715652	-0.050755028	0.105724715	-0.04486872	0.043323036	-0.045717567	0.047461323	-0.04204921	0.040546626	-0.03845244	0.045319486	-0.045547266	0.035253372	-0.03412361	0.03553637	-0.033220656	0.038165495	-0.048487302	0.020752458	-0.032276865	0.0411415	-0.035713222	0.029457217
-0.10682451	0.1958456	-0.44821465	0.9999998	-0.6598273	0.11065021	-0.22503841	0.26343042	-0.36827224	0.26180312	-0.06805572	0.071271755	-0.10339164	0.207054	-0.23446245	0.05720609	-0.07609603	0.09022845	-0.18242662	0.121939756	-0.060338985	0.05321406	-0.049262665	0.052759554	-0.14077647	0.045287833	-0.04435117	0.046911493	-0.049967572	0.046535596	-0.041542392	0.039269093	-0.046912137	0.04758212	-0.039346233	0.034706675	-0.03652893	0.03435764	-0.04001081	0.050484557	-0.021176081	0.032899745	-0.04272573	0.036971435	-0.030810714
0.08759749	-0.16192944	0.22997306	-0.6598273	0.99999964	-0.099797346	0.1687651	-0.22460774	0.24661015	-0.5270884	0.06766797	-0.06861028	0.102350876	-0.22279717	0.25141206	-0.058024865	0.073540084	-0.092293695	0.17754395	-0.13616545	0.0642277	-0.057242446	0.053106092	-0.057747543	0.1443784	-0.04935363	0.04843077	-0.05183129	0.055053476	-0.051745154	0.04589281	-0.043602847	0.052068204	-0.053255476	0.04322821	-0.039214894	0.040971573	-0.038489334	0.044796713	-0.057143334	0.023875345	-0.037118968	0.0478849	-0.041853376	0.03469759
-0.87637657	0.25453877	-0.1717296	0.11065021	-0.099797346	0.9999993	-0.32222268	0.14018194	-0.116896324	0.08195082	-0.12071804	0.08521702	-0.068781815	0.08628576	-0.08067476	0.08666664	-0.08487611	0.05813452	-0.09059628	0.053164862	-0.06353144	0.051998273	-0.0422689	0.044827595	-0.063960224	0.04397875	-0.040317517	0.04086512	-0.040164065	0.03169202	-0.036592495	0.034410447	-0.039134696	0.037819415	-0.026697204	0.029109215	-0.03021875	0.027977811	-0.031293973	0.03928098	-0.017675087	0.027518494	-0.03416955	0.029172726	-0.023836412
0.24084711	-0.6859052	0.29677767	-0.22503841	0.1687651	-0.32222268	0.9999988	-0.4018387	0.21842974	-0.15877399	0.111129485	-0.14665854	0.10741711	-0.16820101	0.13970672	-0.0935615	0.124960236	-0.094321184	0.14963634	-0.09128766	0.080301866	-0.07025331	0.059702948	-0.06399637	0.10484081	-0.05907699	0.055806838	-0.058067553	0.05850266	-0.04877935	0.051478688	-0.048856467	0.05654575	-0.05596024	0.040854283	-0.042781405	0.04424543	-0.041139014	0.046599057	-0.05914479	0.025954794	-0.040415943	0.050588913	-0.043790724	0.035842363
-0.13449688	0.2634395	-0.5864973	0.26343042	-0.22460774	0.14018194	-0.4018387	0.9999986	-0.54230154	0.18343596	-0.07509339	0.08366486	-0.10557216	0.21646588	-0.17761931	0.06255033	-0.086311795	0.09190476	-0.18345495	0.10446818	-0.061833248	0.05440497	-0.049287453	0.05250606	-0.118711986	0.04590449	-0.044521004	0.046760906	-0.048934996	0.043654263	-0.041398484	0.039143864	-0.046311803	0.04653398	-0.036775403	0.03443886	-0.036069807	0.03379928	-0.0389811	0.049240373	-0.020979356	0.03261337	-0.041873384	0.036203045	-0.029983155
0.102505215	-0.19053468	0.26904124	-0.36827224	0.24661015	-0.116896324	0.21842974	-0.54230154	0.99999857	-0.29936633	0.08035894	-0.08513439	0.13020116	-0.50112647	0.24459438	-0.06920434	0.08974517	-0.123224504	0.24401328	-0.14648573	0.0747516	-0.06720204	0.062300794	-0.067396194	0.1537385	-0.057288557	0.05605805	-0.05986295	0.06315567	-0.057835925	0.052786205	-0.050191272	0.05969579	-0.060872626	0.048269905	-0.044987943	0.04690664	-0.04402037	0.051037833	-0.06507479	0.027369857	-0.042569894	0.054632276	-0.047749616	0.03946642
-0.07507583	0.12594938	-0.18879479	0.26180312	-0.5270884	0.08195082	-0.15877399	0.18343596	-0.29936633	0.9999985	-0.067565404	0.06989479	-0.11811925	0.25552225	-0.63274926	0.057536107	-0.07627371	0.10473691	-0.22626491	0.19917358	-0.064750455	0.057804883	-0.05523822	0.059604794	-0.22666451	0.04918064	-0.048779882	0.052039757	-0.0572677	0.05826216	-0.0457715	0.04330197	-0.05244882	0.05442306	-0.049563404	0.03824519	-0.040603023	0.038529042	-0.04585726	0.0576239	-0.023390414	0.036332637	-0.04804508	0.041768096	-0.03522625
0.09265212	-0.08566781	0.07212761	-0.06805572	0.06766797	-0.12071804	0.111129485	-0.07509339	0.08035894	-0.067565404	0.9999986	-0.40285745	0.13650563	-0.082804985	0.074176006	-0.7518839	0.27880177	-0.12219772	0.11098604	-0.06259594	0.24897493	-0.20169221	0.13275135	-0.1462972	0.0766962	-0.16828227	0.13470791	-0.13228004	0.1165941	-0.07891197	0.11516595	-0.11070588	0.11558253	-0.11038446	0.06542997	-0.087559395	0.08798933	-0.08077191	0.08762049	-0.11069921	0.052464068	-0.082439646	0.09461288	-0.082508594	0.06543543
-0.071958475	0.09550772	-0.07645415	0.071271755	-0.06861028	0.08521702	-0.14665854	0.08366486	-0.08513439	0.06989479	-0.40285745	0.9999983	-0.25309455	0.092013665	-0.07573902	0.25239772	-0.7993737	0.18197294	-0.12676047	0.063078105	-0.15704818	0.1347262	-0.09986892	0.09734959	-0.073694624	0.098811306	-0.09053689	0.086007126	-0.08083372	0.054876417	-0.07539789	0.070311554	-0.078086585	0.073185384	-0.045964014	0.05612618	-0.058329023	0.053951804	-0.059170585	0.07323908	-0.034042973	0.05309046	-0.06459022	0.05461054	-0.044091225
0.058409665	-0.08421215	0.09122769	-0.10339164	0.102350876	-0.068781815	0.10741711	-0.10557216	0.13020116	-0.11811925	0.13650563	-0.25309455	0.9999983	-0.19510072	0.12959458	-0.12394098	0.2034879	-0.81921977	0.25719503	-0.119085126	0.11279799	-0.11440134	0.11293524	-0.11020607	0.122295335	-0.08445941	0.082033105	-0.08627062	0.087810814	-0.067142434	0.07194823	-0.0687711	0.08016734	-0.08134415	0.05567704	-0.058929387	0.06120589	-0.05761694	0.06593987	-0.08324765	0.03575378	-0.055800065	0.06996666	-0.06140271	0.04990972
-0.07788976	0.12912944	-0.1845838	0.207054	-0.22279717	0.08628576	-0.16820101	0.21646588	-0.50112647	0.25552225	-0.082804985	0.092013665	-0.19510072	0.9999982	-0.44222245	0.071113616	-0.10046553	0.17664409	-0.55486655	0.20583944	-0.077779636	0.07099276	-0.068801254	0.072791785	-0.21296035	0.05885653	-0.05823747	0.06189866	-0.06708036	0.063572966	-0.053956185	0.051136557	-0.061427254	0.06330873	-0.053485602	0.04504132	-0.047517337	0.044950467	-0.052916165	0.06670864	-0.027489563	0.04273884	-0.055752713	0.048597068	-0.040557463
0.0707904	-0.117276825	0.15581201	-0.23446245	0.25141206	-0.08067476	0.13970672	-0.17761931	0.24459438	-0.63274926	0.074176006	-0.07573902	0.12959458	-0.44222245	0.9999984	-0.064286105	0.08236267	-0.12382297	0.2557325	-0.35940817	0.07459228	-0.067634545	0.0645329	-0.070926175	0.24770488	-0.057832	0.057340946	-0.061862025	0.06770193	-0.0703959	0.054160412	-0.051550888	0.062250484	-0.06555344	0.058100667	-0.046151426	0.048598904	-0.04612546	0.05495961	-0.07009378	0.028152559	-0.04378568	0.05737136	-0.050645642	0.042386375
-0.075968176	0.06903835	-0.0608014	0.05720609	-0.058024865	0.08666664	-0.0935615	0.06255033	-0.06920434	0.057536107	-0.7518839	0.25239772	-0.12394098	0.071113616	-0.064286105	0.9999984	-0.3451007	0.10662728	-0.09899193	0.054377735	-0.4135565	0.19163875	-0.13080747	0.12861922	-0.06721736	0.16194418	-0.13475932	0.12034212	-0.10666459	0.06757603	-0.1135353	0.10091072	-0.10810733	0.09567613	-0.056769118	0.07614639	-0.07960469	0.0725865	-0.077087976	0.094203055	-0.04627591	0.07193326	-0.086051345	0.070665985	-0.05683273
0.06953037	-0.09476636	0.07798774	-0.07609603	0.073540084	-0.08487611	0.124960236	-0.086311795	0.08974517	-0.07627371	0.27880177	-0.7993737	0.2034879	-0.10046553	0.08236267	-0.3451007	0.9999985	-0.21608837	0.1347923	-0.06998019	0.17991734	-0.18127725	0.12004898	-0.12189196	0.08141169	-0.122441605	0.10953884	-0.10610924	0.09793304	-0.06670293	0.090640016	-0.08625483	0.09423678	-0.090170614	0.05555439	-0.06914899	0.07088212	-0.06564877	0.07219065	-0.09028002	0.04172664	-0.065318584	0.07795232	-0.06719573	0.05386912
-0.05020576	0.07211022	-0.080976106	0.09022845	-0.092293695	0.05813452	-0.094321184	0.09190476	-0.123224504	0.10473691	-0.12219772	0.18197294	-0.81921977	0.17664409	-0.12382297	0.10662728	-0.21608837	0.99999857	-0.39239466	0.11626943	-0.101343416	0.10325262	-0.11863694	0.09979377	-0.12323608	0.07303229	-0.07262488	0.074881285	-0.078310564	0.058114316	-0.06204386	0.058688164	-0.06930279	0.06974269	-0.048645537	0.049178522	-0.05185145	0.049033657	-0.056435026	0.07003668	-0.029971883	0.046695985	-0.059583515	0.05157798	-0.042222433
0.07824995	-0.12165169	0.14922234	-0.18242662	0.17754395	-0.09059628	0.14963634	-0.18345495	0.24401328	-0.22626491	0.11098604	-0.12676047	0.25719503	-0.55486655	0.2557325	-0.09899193	0.1347923	-0.39239466	0.9999988	-0.31096256	0.110603794	-0.105119206	0.102405235	-0.11055291	0.23587492	-0.08595069	0.0848585	-0.09138901	0.0974989	-0.08940411	0.078747086	-0.07525019	0.08973477	-0.09338947	0.073393606	-0.067202784	0.07005594	-0.06614767	0.077397816	-0.09899837	0.040860448	-0.063636966	0.081669375	-0.07224534	0.05954625
-0.046816844	0.07309314	-0.094185	0.121939756	-0.13616545	0.053164862	-0.09128766	0.10446818	-0.14648573	0.19917358	-0.06259594	0.063078105	-0.119085126	0.20583944	-0.35940817	0.054377735	-0.06998019	0.11626943	-0.31096256	0.99999875	-0.06725301	0.06155418	-0.06279695	0.07034341	-0.8145514	0.052063413	-0.05287394	0.057463806	-0.069558024	0.093220524	-0.049402762	0.046902347	-0.058620095	0.06548491	-0.079910964	0.04095668	-0.04446963	0.04330927	-0.055165723	0.06833519	-0.025190216	0.039148346	-0.05410776	0.047831606	-0.041766375
0.054378886	-0.060194947	0.059795123	-0.060338985	0.0642277	-0.06353144	0.080301866	-0.061833248	0.0747516	-0.064750455	0.24897493	-0.15704818	0.11279799	-0.077779636	0.07459228	-0.4135565	0.17991734	-0.101343416	0.110603794	-0.06725301	0.99999845	-0.52230525	0.2444852	-0.26001155	0.08575817	-0.44508144	0.27056172	-0.23977947	0.19417454	-0.11919252	0.21531172	-0.1993695	0.19764908	-0.17727016	0.09913458	-0.14159887	0.14442582	-0.13188624	0.13842914	-0.17067215	0.08503637	-0.133257	0.1517196	-0.12745635	0.10105412
-0.04571921	0.051723495	-0.052621253	0.05321406	-0.057242446	0.051998273	-0.07025331	0.05440497	-0.06720204	0.057804883	-0.20169221	0.1347262	-0.11440134	0.07099276	-0.067634545	0.19163875	-0.18127725	0.10325262	-0.105119206	0.06155418	-0.52230525	0.9999981	-0.5611036	0.27406117	-0.079078354	0.25432935	-0.3822824	0.23400645	-0.22586042	0.10428253	-0.18688	0.16395976	-0.19772021	0.1611597	-0.09038674	0.11260148	-0.12793253	0.120600924	-0.12971564	0.14409894	-0.07016252	0.10810199	-0.14406869	0.10869265	-0.08993146
0.036975738	-0.04446066	0.04715652	-0.049262665	0.053106092	-0.0422689	0.059702948	-0.049287453	0.062300794	-0.05523822	0.13275135	-0.09986892	0.11293524	-0.068801254	0.0645329	-0.13080747	0.12004898	-0.11863694	0.102405235	-0.06279695	0.2444852	-0.5611036	0.9999983	-0.6448458	0.07936061	-0.1863032	0.21393129	-0.23859197	0.25360188	-0.118388444	0.14486925	-0.13896453	0.17398548	-0.19122545	0.0991824	-0.1027454	0.11386314	-0.11405082	0.13647842	-0.15885185	0.06328336	-0.09907102	0.13212143	-0.11596424	0.093421996
-0.03975949	0.04714444	-0.050755028	0.052759554	-0.057747543	0.044827595	-0.06399637	0.05250606	-0.067396194	0.059604794	-0.1462972	0.09734959	-0.11020607	0.072791785	-0.070926175	0.12861922	-0.12189196	0.09979377	-0.11055291	0.07034341	-0.26001155	0.27406117	-0.6448458	0.99999815	-0.09346621	0.17526835	-0.21489942	0.21945727	-0.52204174	0.13182613	-0.1567786	0.1431554	-0.1974822	0.22128902	-0.118226565	0.105479196	-0.12522545	0.12689821	-0.16800234	0.16761085	-0.06654079	0.10281448	-0.15354432	0.12366149	-0.105297856
0.055572197	-0.08548519	0.105724715	-0.14077647	0.1443784	-0.063960224	0.10484081	-0.118711986	0.1537385	-0.22666451	0.0766962	-0.073694624	0.122295335	-0.21296035	0.24770488	-0.06721736	0.08141169	-0.12323608	0.23587492	-0.8145514	0.08575817	-0.079078354	0.07936061	-0.09346621	0.9999981	-0.06767058	0.06856471	-0.07547182	0.09061121	-0.13917373	0.06463129	-0.061740417	0.076839514	-0.08817212	0.10307158	-0.054612964	0.05882243	-0.05738905	0.07330814	-0.0931822	0.033503015	-0.052145623	0.07139736	-0.064502686	0.055704772
-0.038819328	0.043408424	-0.04486872	0.045287833	-0.04935363	0.04397875	-0.05907699	0.04590449	-0.057288557	0.04918064	-0.16828227	0.098811306	-0.08445941	0.05885653	-0.057832	0.16194418	-0.122441605	0.07303229	-0.08595069	0.052063413	-0.44508144	0.25432935	-0.1863032	0.17526835	-0.06767058	0.99999833	-0.5665332	0.26674265	-0.17715576	0.09670114	-0.49053535	0.25819412	-0.2567652	0.14986819	-0.08374398	0.14767161	-0.16951682	0.14375319	-0.1268201	0.1416011	-0.09315041	0.13793461	-0.16934341	0.10978057	-0.09033521
0.035393074	-0.041211866	0.043323036	-0.04435117	0.04843077	-0.040317517	0.055806838	-0.044521004	0.05605805	-0.048779882	0.13470791	-0.09053689	0.082033105	-0.05823747	0.057340946	-0.13475932	0.10953884	-0.07262488	0.0848585	-0.05287394	0.27056172	-0.3822824	0.21393129	-0.21489942	0.06856471	-0.5665332	0.99999845	-0.539438	0.20326975	-0.10748621	0.25507686	-0.26135495	0.26125556	-0.17029591	0.09164321	-0.14486018	0.16013688	-0.1483638	0.1356911	-0.15537032	0.08871487	-0.13892533	0.16433783	-0.1182226	0.095500045
-0.03623213	0.042577054	-0.045717567	0.046911493	-0.05183129	0.04086512	-0.058067553	0.046760906	-0.05986295	0.052039757	-0.13228004	0.086007126	-0.08627062	0.06189866	-0.061862025	0.12034212	-0.10610924	0.074881285	-0.09138901	0.057463806	-0.23977947	0.23400645	-0.23859197	0.21945727	-0.07547182	0.26674265	-0.539438	0.99999815	-0.33317453	0.12586023	-0.26224637	0.24577707	-0.55402136	0.21257335	-0.11193746	0.14923677	-0.19115458	0.20133364	-0.17534056	0.17966297	-0.09568786	0.14776564	-0.2308783	0.13922335	-0.11635657
0.035511475	-0.043263882	0.047461323	-0.049967572	0.055053476	-0.040164065	0.05850266	-0.048934996	0.06315567	-0.0572677	0.1165941	-0.08083372	0.087810814	-0.06708036	0.06770193	-0.10666459	0.09793304	-0.078310564	0.0974989	-0.069558024	0.19417454	-0.22586042	0.25360188	-0.52204174	0.09061121	-0.17715576	0.20326975	-0.33317453	0.99999815	-0.237522	0.16197301	-0.16322722	0.23029982	-0.53221786	0.18993536	-0.12546785	0.14535159	-0.16361406	0.24979414	-0.27115336	0.0779698	-0.12343727	0.18256478	-0.18636963	0.14965466
-0.028249595	0.0363865	-0.04204921	0.046535596	-0.051745154	0.03169202	-0.04877935	0.043654263	-0.057835925	0.05826216	-0.07891197	0.054876417	-0.067142434	0.063572966	-0.0703959	0.06757603	-0.06670293	0.058114316	-0.08940411	0.093220524	-0.11919252	0.10428253	-0.118388444	0.13182613	-0.13917373	0.09670114	-0.10748621	0.12586023	-0.237522	0.99999803	-0.10288144	0.097598046	-0.14470823	0.22071458	-0.87025285	0.077855125	-0.099026665	0.10938522	-0.19318484	0.21308914	-0.050043654	0.07753315	-0.14014572	0.12655646	-0.1360335
0.032227166	-0.03788475	0.040546626	-0.041542392	0.04589281	-0.036592495	0.051478688	-0.041398484	0.052786205	-0.0457715	0.11516595	-0.07539789	0.07194823	-0.053956185	0.054160412	-0.1135353	0.090640016	-0.06204386	0.078747086	-0.049402762	0.21531172	-0.18688	0.14486925	-0.1567786	0.06463129	-0.49053535	0.25507686	-0.26224637	0.16197301	-0.10288144	0.999998	-0.6503167	0.26473305	-0.1591864	0.087643646	-0.2546718	0.23797849	-0.17427696	0.13563715	-0.15768874	0.14427081	-0.21738864	0.18623604	-0.122896284	0.09834287
-0.030542044	0.035742935	-0.03845244	0.039269093	-0.043602847	0.034410447	-0.048856467	0.039143864	-0.050191272	0.04330197	-0.11070588	0.070311554	-0.0687711	0.051136557	-0.051550888	0.10091072	-0.08625483	0.058688164	-0.07525019	0.046902347	-0.1993695	0.16395976	-0.13896453	0.1431554	-0.061740417	0.25819412	-0.26135495	0.24577707	-0.16322722	0.097598046	-0.6503167	0.999998	-0.44375893	0.15774372	-0.0858873	0.20416434	-0.3880195	0.21443044	-0.14413752	0.1522347	-0.13961509	0.20936109	-0.23027027	0.12208456	-0.100405864
0.034601036	-0.041582108	0.045319486	-0.046912137	0.052068204	-0.039134696	0.05654575	-0.046311803	0.05969579	-0.05244882	0.11558253	-0.078086585	0.08016734	-0.061427254	0.062250484	-0.10810733	0.09423678	-0.06930279	0.08973477	-0.058620095	0.19764908	-0.19772021	0.17398548	-0.1974822	0.076839514	-0.2567652	0.26125556	-0.55402136	0.23029982	-0.14470823	0.26473305	-0.44375893	0.99999785	-0.26506773	0.12450462	-0.20195954	0.24742869	-0.37551364	0.20459971	-0.22574756	0.1249843	-0.20635627	0.26760086	-0.17538223	0.13720231
-0.033748914	0.040999874	-0.045547266	0.04758212	-0.053255476	0.037819415	-0.05596024	0.04653398	-0.060872626	0.05442306	-0.11038446	0.073185384	-0.08134415	0.06330873	-0.06555344	0.09567613	-0.090170614	0.06974269	-0.09338947	0.06548491	-0.17727016	0.1611597	-0.19122545	0.22128902	-0.08817212	0.14986819	-0.17029591	0.21257335	-0.53221786	0.22071458	-0.1591864	0.15774372	-0.26506773	0.9999978	-0.2821177	0.120791815	-0.15945834	0.19379677	-0.5736578	0.2843075	-0.07771772	0.12187597	-0.22399679	0.19990483	-0.18462302
0.023711946	-0.030637179	0.035253372	-0.039346233	0.04322821	-0.026697204	0.040854283	-0.036775403	0.048269905	-0.049563404	0.06542997	-0.045964014	0.05567704	-0.053485602	0.058100667	-0.056769118	0.05555439	-0.048645537	0.073393606	-0.079910964	0.09913458	-0.09038674	0.0991824	-0.118226565	0.10307158	-0.08374398	0.09164321	-0.11193746	0.18993536	-0.87025285	0.087643646	-0.0858873	0.12450462	-0.2821177	0.9999977	-0.06979373	0.08689524	-0.10043389	0.19060221	-0.27993113	0.044404376	-0.069606215	0.122125566	-0.12859657	0.12997347
-0.026065797	0.030999366	-0.03412361	0.034706675	-0.039214894	0.029109215	-0.042781405	0.03443886	-0.044987943	0.03824519	-0.087559395	0.05612618	-0.058929387	0.04504132	-0.046151426	0.07614639	-0.06914899	0.049178522	-0.067202784	0.04095668	-0.14159887	0.11260148	-0.1027454	0.105479196	-0.054612964	0.14767161	-0.14486018	0.14923677	-0.12546785	0.077855125	-0.2546718	0.20416434	-0.20195954	0.120791815	-0.06979373	0.999998	-0.39636576	0.18811871	-0.12290325	0.12564783	-0.7235422	0.32216415	-0.25278005	0.10667078	-0.0919985
0.026876241	-0.032309975	0.03553637	-0.03652893	0.040971573	-0.03021875	0.04424543	-0.036069807	0.04690664	-0.040603023	0.08798933	-0.058329023	0.06120589	-0.047517337	0.048598904	-0.07960469	0.07088212	-0.05185145	0.07005594	-0.04446963	0.14442582	-0.12793253	0.11386314	-0.12522545	0.05882243	-0.16951682	0.16013688	-0.19115458	0.14535159	-0.099026665	0.23797849	-0.3880195	0.24742869	-0.15945834	0.08689524	-0.39636576	0.999998	-0.41148096	0.16034709	-0.16940016	0.2553086	-0.5780744	0.27668205	-0.1395456	0.11122156
-0.024886115	0.03009478	-0.033220656	0.03435764	-0.038489334	0.027977811	-0.041139014	0.03379928	-0.04402037	0.038529042	-0.08077191	0.053951804	-0.05761694	0.044950467	-0.04612546	0.0725865	-0.06564877	0.049033657	-0.06614767	0.04330927	-0.13188624	0.120600924	-0.11405082	0.12689821	-0.05738905	0.14375319	-0.1483638	0.20133364	-0.16361406	0.10938522	-0.17427696	0.21443044	-0.37551364	0.19379677	-0.10043389	0.18811871	-0.41148096	0.9999985	-0.27969134	0.20495331	-0.12543584	0.21269411	-0.70773745	0.17679004	-0.14333743
0.027881706	-0.034188915	0.038165495	-0.04001081	0.044796713	-0.031293973	0.046599057	-0.0389811	0.051037833	-0.04585726	0.08762049	-0.059170585	0.06593987	-0.052916165	0.05495961	-0.077087976	0.07219065	-0.056435026	0.077397816	-0.055165723	0.13842914	-0.12971564	0.13647842	-0.16800234	0.07330814	-0.1268201	0.1356911	-0.17534056	0.24979414	-0.19318484	0.13563715	-0.14413752	0.20459971	-0.5736578	0.19060221	-0.12290325	0.16034709	-0.27969134	0.9999979	-0.5624494	0.07784361	-0.1269259	0.23593049	-0.3382778	0.24739379
-0.035213448	0.04310701	-0.048487302	0.050484557	-0.057143334	0.03928098	-0.05914479	0.049240373	-0.06507479	0.0576239	-0.11069921	0.07323908	-0.08324765	0.06670864	-0.07009378	0.094203055	-0.09028002	0.07003668	-0.09899837	0.06833519	-0.17067215	0.14409894	-0.15885185	0.16761085	-0.0931822	0.1416011	-0.15537032	0.17966297	-0.27115336	0.21308914	-0.15768874	0.1522347	-0.22574756	0.2843075	-0.27993113	0.12564783	-0.16940016	0.20495331	-0.5624494	0.99999774	-0.08166633	0.12744358	-0.2684329	0.30008656	-0.4817151
0.015790606	-0.018853297	0.020752458	-0.021176081	0.023875345	-0.017675087	0.025954794	-0.020979356	0.027369857	-0.023390414	0.052464068	-0.034042973	0.03575378	-0.027489563	0.028152559	-0.04627591	0.04172664	-0.029971883	0.040860448	-0.025190216	0.08503637	-0.07016252	0.06328336	-0.06654079	0.033503015	-0.09315041	0.08871487	-0.09568786	0.0779698	-0.050043654	0.14427081	-0.13961509	0.1249843	-0.07771772	0.044404376	-0.7235422	0.2553086	-0.12543584	0.07784361	-0.08166633	0.9999977	-0.5937414	0.15074594	-0.06849498	0.057667103
-0.02461796	0.029325603	-0.032276865	0.032899745	-0.037118968	0.027518494	-0.040415943	0.03261337	-0.042569894	0.036332637	-0.082439646	0.05309046	-0.055800065	0.04273884	-0.04378568	0.07193326	-0.065318584	0.046695985	-0.063636966	0.039148346	-0.133257	0.10810199	-0.09907102	0.10281448	-0.052145623	0.13793461	-0.13892533	0.14776564	-0.12343727	0.07753315	-0.21738864	0.20936109	-0.20635627	0.12187597	-0.069606215	0.32216415	-0.5780744	0.21269411	-0.1269259	0.12744358	-0.5937414	0.9999977	-0.26859838	0.10855892	-0.09278188
0.030341243	-0.037072357	0.0411415	-0.04272573	0.0478849	-0.03416955	0.050588913	-0.041873384	0.054632276	-0.04804508	0.09461288	-0.06459022	0.06996666	-0.055752713	0.05737136	-0.086051345	0.07795232	-0.059583515	0.081669375	-0.05410776	0.1517196	-0.14406869	0.13212143	-0.15354432	0.07139736	-0.16934341	0.16433783	-0.2308783	0.18256478	-0.14014572	0.18623604	-0.23027027	0.26760086	-0.22399679	0.122125566	-0.25278005	0.27668205	-0.70773745	0.23593049	-0.2684329	0.15074594	-0.26859838	0.9999976	-0.27036065	0.18134734
-0.02613876	0.031867992	-0.035713222	0.036971435	-0.041853376	0.029172726	-0.043790724	0.036203045	-0.047749616	0.041768096	-0.082508594	0.05461054	-0.06140271	0.048597068	-0.050645642	0.070665985	-0.06719573	0.05157798	-0.07224534	0.047831606	-0.12745635	0.10869265	-0.11596424	0.12366149	-0.064502686	0.10978057	-0.1182226	0.13922335	-0.18636963	0.12655646	-0.122896284	0.12208456	-0.17538223	0.19990483	-0.12859657	0.10667078	-0.1395456	0.17679004	-0.3382778	0.30008656	-0.06849498	0.10855892	-0.27036065	0.9999976	-0.7931095
0.021293659	-0.026214609	0.029457217	-0.030810714	0.03469759	-0.023836412	0.035842363	-0.029983155	0.03946642	-0.03522625	0.06543543	-0.044091225	0.04990972	-0.040557463	0.042386375	-0.05683273	0.05386912	-0.042222433	0.05954625	-0.041766375	0.10105412	-0.08993146	0.093421996	-0.105297856	0.055704772	-0.09033521	0.095500045	-0.11635657	0.14965466	-0.1360335	0.09834287	-0.100405864	0.13720231	-0.18462302	0.12997347	-0.0919985	0.11122156	-0.14333743	0.24739379	-0.4817151	0.057667103	-0.09278188	0.18134734	-0.7931095	0.9999976
