1.0000001	-0.109091036	0.093534775	-0.039819635	0.019445186	-0.15718055	0.11295736	-0.12812957	0.046645276	-0.020651761	0.11320952	-0.12971042	0.12161538	-0.034490615	0.039565593	-0.11761253	0.10907414	-0.12772869	0.068501264	-0.060904678	0.10359374	-0.12179239	0.13376178	-0.12811068	0.09288873	-0.20044172	0.11351248	-0.14337035	0.10519819	-0.11703932	0.07070287	-0.072120875	0.0844678	-0.123201296	0.092394	-0.072044075	0.06927604	-0.07841844	0.21308716	-0.07904531	0.09399957	-0.07579518	0.11495203	-0.08370217	0.098875366
-0.109091036	1.0	-0.84136885	0.17555416	-0.062539466	0.1843132	-0.3217077	0.2292863	-0.21320602	0.060644876	-0.13871157	0.16259634	-0.18953219	0.026853967	-0.030029126	0.10651777	-0.11318125	0.11367364	-0.048025012	0.040457807	-0.0931951	0.09961547	-0.1144411	0.070407525	-0.055440497	0.08734921	-0.06265297	0.07246259	-0.05825638	0.060313098	-0.034949906	0.035005644	-0.041638725	0.058954477	-0.046311192	0.03400638	-0.033478163	0.037242144	-0.10021799	0.037840046	-0.045428544	0.035929844	-0.055756286	0.03998691	-0.048549548
0.093534775	-0.84136885	1.0	-0.2459169	0.06685862	-0.18987997	0.22900687	-0.29110923	0.19456089	-0.06818483	0.12815696	-0.16456674	0.17531335	-0.025588823	0.028350554	-0.10537453	0.10747343	-0.111914195	0.045233704	-0.038514953	0.088171564	-0.09833145	0.10565881	-0.06688598	0.05170146	-0.08438052	0.059517544	-0.06933223	0.05471594	-0.057206534	0.032716185	-0.03290347	0.03877159	-0.055305675	0.042853113	-0.03172692	0.031125115	-0.03473404	0.09123377	-0.03503845	0.04175625	-0.03316502	0.051060144	-0.03674403	0.04461959
-0.039819635	0.17555416	-0.2459169	1.0	-0.2343641	0.06476743	-0.073237024	0.08349841	-0.90139866	0.18821776	-0.04667279	0.058017477	-0.063222736	0.022996414	-0.024356456	0.040032305	-0.04073064	0.043440297	-0.024190992	0.02088219	-0.03420578	0.038317744	-0.042579282	0.029019246	-0.024472067	0.035870846	-0.02486308	0.029300885	-0.023712812	0.027078345	-0.013958886	0.014048986	-0.016614772	0.024094766	-0.018589227	0.013637738	-0.013361708	0.014928978	-0.03935627	0.01521775	-0.018000303	0.014313548	-0.02206314	0.015900869	-0.01931804
0.019445186	-0.062539466	0.06685862	-0.2343641	1.0000001	-0.02759496	0.029094482	-0.03344885	0.18855986	-0.95098305	0.02040048	-0.02526295	0.026971051	-0.024674749	0.027281342	-0.018383415	0.01866329	-0.020863649	0.017741218	-0.016968925	0.015895914	-0.018071467	0.020818623	-0.016047625	0.015803028	-0.018538307	0.01266064	-0.015194415	0.012994395	-0.01768433	0.0072395382	-0.0073024486	0.0086753545	-0.013064507	0.009950631	-0.007131322	0.0069735004	-0.007816554	0.020485068	-0.008124705	0.009410535	-0.007506701	0.01158074	-0.00838037	0.010220872
-0.15718055	0.1843132	-0.18987997	0.06476743	-0.02759496	1.0000002	-0.5731741	0.263607	-0.078508936	0.02816021	-0.57110685	0.2987891	-0.2898154	0.038497765	-0.043883346	0.24088201	-0.22465144	0.1896254	-0.07806882	0.06480069	-0.2092659	0.18833688	-0.20300974	0.1172584	-0.092138946	0.1471059	-0.10952568	0.12212682	-0.098418504	0.09806353	-0.059849724	0.059587583	-0.07099012	0.09831339	-0.07842878	0.0576256	-0.057016518	0.063081406	-0.17171086	0.06382176	-0.07757231	0.061046056	-0.09518299	0.06797102	-0.08258125
0.11295736	-0.3217077	0.22900687	-0.073237024	0.029094482	-0.5731741	1.0000004	-0.50443244	0.084562615	-0.029686656	0.26848024	-0.4070586	0.28162995	-0.032980982	0.036928296	-0.19341533	0.19753806	-0.1804079	0.065722145	-0.055206496	0.15407324	-0.16768818	0.16628017	-0.09809199	0.07492381	-0.12276223	0.09010535	-0.1023409	0.0805569	-0.08140051	0.048039146	-0.048183613	0.05669493	-0.07973607	0.062297814	-0.04607625	0.04537064	-0.050474152	0.13246994	-0.050644767	0.060716514	-0.048080616	0.07418134	-0.053245906	0.06480389
-0.12812957	0.2292863	-0.29110923	0.08349841	-0.03344885	0.263607	-0.50443244	1.0000001	-0.097429946	0.03392069	-0.2280961	0.27180478	-0.64178675	0.041344203	-0.046489235	0.17274122	-0.20145904	0.22411828	-0.0828665	0.06830392	-0.15633793	0.16606605	-0.21926612	0.11950651	-0.093352735	0.13882454	-0.10452532	0.120334215	-0.09885833	0.098984525	-0.05727405	0.05721637	-0.06848822	0.09679337	-0.07665396	0.05541673	-0.05478923	0.060852967	-0.16391414	0.06207172	-0.07441117	0.058689866	-0.09153339	0.0655201	-0.079955526
0.046645276	-0.21320602	0.19456089	-0.90139866	0.18855986	-0.078508936	0.084562615	-0.097429946	1.0000002	-0.23393	0.05504533	-0.06957886	0.07136334	-0.02754956	0.028493434	-0.047965445	0.048072387	-0.051344894	0.028419541	-0.024759702	0.040458206	-0.04582924	0.049591545	-0.034384392	0.028797144	-0.042913716	0.029479861	-0.034839313	0.027994132	-0.032186203	0.016484136	-0.016617585	0.019579114	-0.02848622	0.021851856	-0.016092172	0.015741233	-0.01761045	0.04599141	-0.017903108	0.021113168	-0.016819894	0.025839169	-0.018650375	0.022653326
-0.020651761	0.060644876	-0.06818483	0.18821776	-0.95098305	0.02816021	-0.029686656	0.03392069	-0.23393	1.0000001	-0.021109194	0.025957143	-0.02810683	0.026403034	-0.030390652	0.019060249	-0.019421628	0.021775585	-0.019073306	0.018063584	-0.01658148	0.018808082	-0.021921301	0.01694045	-0.016876759	0.019492676	-0.01332432	0.015994526	-0.013739612	0.018725289	-0.007653619	0.0077156583	-0.009183434	0.013824452	-0.010553777	0.00754877	-0.007385459	0.008274489	-0.02179136	0.008617099	-0.0099912705	0.007964229	-0.012306066	0.008899995	-0.010854466
0.11320952	-0.13871157	0.12815696	-0.04667279	0.02040048	-0.57110685	0.26848024	-0.2280961	0.05504533	-0.021109194	1.0000001	-0.4776626	0.22887447	-0.034563795	0.038840193	-0.49571767	0.25678453	-0.1951377	0.07073243	-0.059450626	0.2402986	-0.23839298	0.18272237	-0.108200476	0.08142997	-0.14785397	0.10755957	-0.11761608	0.08934771	-0.08870479	0.054918338	-0.055106625	0.0637364	-0.08794295	0.06856781	-0.051790018	0.0509626	-0.05657087	0.14544006	-0.055698603	0.06725065	-0.05329772	0.08161062	-0.058573376	0.07121944
-0.12971042	0.16259634	-0.16456674	0.058017477	-0.02526295	0.2987891	-0.4070586	0.27180478	-0.06957886	0.025957143	-0.4776626	1.0	-0.41323224	0.043615077	-0.04908245	0.27168414	-0.47660425	0.25591287	-0.09036643	0.07433015	-0.24320817	0.2469234	-0.24475162	0.13171162	-0.10130577	0.16152434	-0.12506914	0.13732632	-0.109346114	0.10767475	-0.06487968	0.064785704	-0.07639482	0.10601005	-0.08375517	0.06166624	-0.060991015	0.06757772	-0.17829764	0.06772038	-0.081669904	0.0644545	-0.09980523	0.07144521	-0.08713728
0.12161538	-0.18953219	0.17531335	-0.063222736	0.026971051	-0.2898154	0.28162995	-0.64178675	0.07136334	-0.02810683	0.22887447	-0.41323224	1.0000001	-0.048846103	0.052561436	-0.2101786	0.24483216	-0.40625668	0.09747547	-0.0827431	0.17356741	-0.21043806	0.24053992	-0.13996647	0.101931	-0.16132502	0.118161045	-0.14056322	0.11003578	-0.112862684	0.061854284	-0.06251909	0.07315713	-0.10628842	0.08080466	-0.059260886	0.058104765	-0.065184094	0.16390233	-0.06536679	0.07645955	-0.060983766	0.093216665	-0.06736807	0.0824133
-0.034490615	0.026853967	-0.025588823	0.022996414	-0.024674749	0.038497765	-0.032980982	0.041344203	-0.02754956	0.026403034	-0.034563795	0.043615077	-0.048846103	1.0000002	-0.88851863	0.038902696	-0.045152813	0.07134927	-0.36423615	0.23420858	-0.035981707	0.04407151	-0.06900713	0.07732849	-0.12582698	0.05512868	-0.03981552	0.050814513	-0.059355654	0.12454297	-0.022773156	0.023139423	-0.028231671	0.051052593	-0.03710537	0.0226992	-0.022197817	0.025256429	-0.062280085	0.029008886	-0.029730538	0.024032727	-0.037497424	0.027681945	-0.035045512
0.039565593	-0.030029126	0.028350554	-0.024356456	0.027281342	-0.043883346	0.036928296	-0.046489235	0.028493434	-0.030390652	0.038840193	-0.04908245	0.052561436	-0.88851863	1.0000001	-0.044240713	0.04924692	-0.076597884	0.25898346	-0.31543025	0.040605795	-0.050124347	0.07464879	-0.091407076	0.1424734	-0.06533592	0.04623451	-0.059675097	0.06950999	-0.1607319	0.026527125	-0.027041283	0.03287604	-0.06081442	0.04336029	-0.026500363	0.02583074	-0.029502494	0.07152173	-0.034042664	0.034378786	-0.027912408	0.04329872	-0.032129437	0.04063292
-0.11761253	0.10651777	-0.10537453	0.040032305	-0.018383415	0.24088201	-0.19341533	0.17274122	-0.047965445	0.019060249	-0.49571767	0.27168414	-0.2101786	0.038902696	-0.044240713	1.0000004	-0.41078234	0.21430174	-0.081693865	0.06736475	-0.59521073	0.30399472	-0.22745435	0.1243123	-0.09503052	0.17468089	-0.13404149	0.13689233	-0.10514981	0.100936435	-0.06632755	0.06576948	-0.07622541	0.102115355	-0.08122114	0.061498616	-0.060940236	0.067050494	-0.17539194	0.06573619	-0.08070516	0.063545175	-0.097848594	0.06986267	-0.084930085
0.10907414	-0.11318125	0.10747343	-0.04073064	0.01866329	-0.22465144	0.19753806	-0.20145904	0.048072387	-0.019421628	0.25678453	-0.47660425	0.24483216	-0.045152813	0.04924692	-0.41078234	1.0000004	-0.44798934	0.09627335	-0.08014797	0.28453723	-0.5066158	0.2623438	-0.13910533	0.10034961	-0.17458819	0.14009777	-0.15127207	0.11188392	-0.10896615	0.06556975	-0.06635661	0.075824745	-0.10522943	0.08097873	-0.060929634	0.060003027	-0.06686365	0.16553931	-0.06514617	0.077684686	-0.06177382	0.09396383	-0.06764901	0.08272808
-0.12772869	0.11367364	-0.111914195	0.043440297	-0.020863649	0.1896254	-0.1804079	0.22411828	-0.051344894	0.021775585	-0.1951377	0.25591287	-0.40625668	0.07134927	-0.076597884	0.21430174	-0.44798934	1.0000004	-0.17755629	0.127644	-0.20295435	0.24738128	-0.61465204	0.19857362	-0.14663446	0.18615936	-0.1567058	0.18572357	-0.15823606	0.15085542	-0.07824337	0.07863327	-0.09421775	0.13716601	-0.10665315	0.07437796	-0.07369071	0.082495145	-0.20926388	0.08417237	-0.09743054	0.07731232	-0.119858764	0.08635855	-0.107065566
0.068501264	-0.048025012	0.045233704	-0.024190992	0.017741218	-0.07806882	0.065722145	-0.0828665	0.028419541	-0.019073306	0.07073243	-0.09036643	0.09747547	-0.36423615	0.25898346	-0.081693865	0.09627335	-0.17755629	1.0000001	-0.76552945	0.074862756	-0.09353826	0.14624979	-0.17955175	0.25459388	-0.11485323	0.083324306	-0.10768958	0.12876342	-0.2864368	0.046984747	-0.04788413	0.05833246	-0.10841454	0.07722142	-0.046716254	0.045624305	-0.052135907	0.12600306	-0.06015232	0.06057211	-0.049133364	0.07635885	-0.056635447	0.071872056
-0.060904678	0.040457807	-0.038514953	0.02088219	-0.016968925	0.06480069	-0.055206496	0.06830392	-0.024759702	0.018063584	-0.059450626	0.07433015	-0.0827431	0.23420858	-0.31543025	0.06736475	-0.08014797	0.127644	-0.76552945	1.0000001	-0.06318129	0.077128336	-0.12818654	0.14659396	-0.41732025	0.09724941	-0.07201406	0.0917349	-0.11441892	0.24415776	-0.04131032	0.041867882	-0.051570505	0.09389474	-0.069355294	0.041218456	-0.04045449	0.04594816	-0.114836134	0.053526636	-0.054598078	0.044005774	-0.06931942	0.05105164	-0.06509536
0.10359374	-0.0931951	0.088171564	-0.03420578	0.015895914	-0.2092659	0.15407324	-0.15633793	0.040458206	-0.01658148	0.2402986	-0.24320817	0.17356741	-0.035981707	0.040605795	-0.59521073	0.28453723	-0.20295435	0.074862756	-0.06318129	1.0	-0.62853736	0.20270042	-0.1223469	0.0885684	-0.23674418	0.15755259	-0.15184784	0.1030547	-0.097269215	0.070027016	-0.07025498	0.07688162	-0.09979701	0.07746728	-0.06243251	0.06135238	-0.06754612	0.16396978	-0.06282297	0.07767789	-0.061657306	0.09237164	-0.06624094	0.080251746
-0.12179239	0.09961547	-0.09833145	0.038317744	-0.018071467	0.18833688	-0.16768818	0.16606605	-0.04582924	0.018808082	-0.23839298	0.2469234	-0.21043806	0.04407151	-0.050124347	0.30399472	-0.5066158	0.24738128	-0.09353826	0.077128336	-0.62853736	1.0000001	-0.30308127	0.14970168	-0.10978744	0.21326132	-0.2148164	0.18063927	-0.12813935	0.116895646	-0.08244143	0.08278119	-0.09242911	0.11998572	-0.09469418	0.07376078	-0.07325951	0.080415525	-0.1999305	0.07615955	-0.09383125	0.0741327	-0.112502374	0.08046417	-0.09799499
0.13376178	-0.1144411	0.10565881	-0.042579282	0.020818623	-0.20300974	0.16628017	-0.21926612	0.049591545	-0.021921301	0.18272237	-0.24475162	0.24053992	-0.06900713	0.07464879	-0.22745435	0.2623438	-0.61465204	0.14624979	-0.12818654	0.20270042	-0.30308127	0.9999997	-0.37044767	0.16547306	-0.25327542	0.20411901	-0.31511432	0.22019774	-0.18848649	0.096742034	-0.09989327	0.11739734	-0.1847449	0.13032955	-0.09150274	0.089428246	-0.10339236	0.23057601	-0.10252944	0.11210758	-0.09079793	0.13633382	-0.1001343	0.1248476
-0.12811068	0.070407525	-0.06688598	0.029019246	-0.016047625	0.1172584	-0.09809199	0.11950651	-0.034384392	0.01694045	-0.108200476	0.13171162	-0.13996647	0.07732849	-0.091407076	0.1243123	-0.13910533	0.19857362	-0.17955175	0.14659396	-0.1223469	0.14970168	-0.37044767	0.9999997	-0.29381675	0.20981155	-0.18723528	0.24000674	-0.67327493	0.25785133	-0.10184015	0.10249733	-0.13362478	0.26796603	-0.21107313	0.100885004	-0.100777626	0.11455686	-0.28618798	0.1443229	-0.13727136	0.1101966	-0.18103597	0.13307768	-0.18073854
0.09288873	-0.055440497	0.05170146	-0.024472067	0.015803028	-0.092138946	0.07492381	-0.093352735	0.028797144	-0.016876759	0.08142997	-0.10130577	0.101931	-0.12582698	0.1424734	-0.09503052	0.10034961	-0.14663446	0.25459388	-0.41732025	0.0885684	-0.10978744	0.16547306	-0.29381675	0.99999964	-0.16229965	0.116641276	-0.15526956	0.2151604	-0.7459353	0.06754612	-0.0690621	0.08528172	-0.17314668	0.12061895	-0.06797421	0.066296436	-0.07630089	0.18187904	-0.092696324	0.08823852	-0.07199561	0.11254004	-0.084311426	0.10825631
-0.20044172	0.08734921	-0.08438052	0.035870846	-0.018538307	0.1471059	-0.12276223	0.13882454	-0.042913716	0.019492676	-0.14785397	0.16152434	-0.16132502	0.05512868	-0.06533592	0.17468089	-0.17458819	0.18615936	-0.11485323	0.09724941	-0.23674418	0.21326132	-0.25327542	0.20981155	-0.16229965	1.0	-0.56776357	0.311472	-0.20711498	0.17680676	-0.22206894	0.19384317	-0.20249544	0.21210328	-0.17736234	0.16459171	-0.16535178	0.17063648	-0.43236938	0.14616366	-0.20487694	0.15805915	-0.23456447	0.16442849	-0.19414979
0.11351248	-0.06265297	0.059517544	-0.02486308	0.01266064	-0.10952568	0.09010535	-0.10452532	0.029479861	-0.01332432	0.10755957	-0.12506914	0.118161045	-0.03981552	0.04623451	-0.13404149	0.14009777	-0.1567058	0.083324306	-0.07201406	0.15755259	-0.2148164	0.20411901	-0.18723528	0.116641276	-0.56776357	0.99999976	-0.6687067	0.1853281	-0.13662429	0.16685751	-0.20976661	0.16264804	-0.1634705	0.118280105	-0.12660402	0.12415074	-0.13819666	0.23704119	-0.095222436	0.12653345	-0.10343829	0.13754176	-0.09944195	0.11873548
-0.14337035	0.07246259	-0.06933223	0.029300885	-0.015194415	0.12212682	-0.1023409	0.120334215	-0.034839313	0.015994526	-0.11761608	0.13732632	-0.14056322	0.050814513	-0.059675097	0.13689233	-0.15127207	0.18572357	-0.10768958	0.0917349	-0.15184784	0.18063927	-0.31511432	0.24000674	-0.15526956	0.311472	-0.6687067	0.9999998	-0.3233184	0.1728061	-0.16395538	0.16841675	-0.22124285	0.20871489	-0.15914461	0.13647029	-0.13973352	0.1628602	-0.31537783	0.12357847	-0.15637735	0.1248302	-0.17943147	0.12883069	-0.15699312
0.10519819	-0.05825638	0.05471594	-0.023712812	0.012994395	-0.098418504	0.0805569	-0.09885833	0.027994132	-0.013739612	0.08934771	-0.109346114	0.11003578	-0.059355654	0.06950999	-0.10514981	0.11188392	-0.15823606	0.12876342	-0.11441892	0.1030547	-0.12813935	0.22019774	-0.67327493	0.2151604	-0.20711498	0.1853281	-0.3233184	0.99999964	-0.3131171	0.09399349	-0.09779042	0.12856516	-0.45026433	0.20167379	-0.09270361	0.091515206	-0.11025573	0.23658098	-0.14260611	0.11675917	-0.09617593	0.15182629	-0.1164808	0.15622738
-0.11703932	0.060313098	-0.057206534	0.027078345	-0.01768433	0.09806353	-0.08140051	0.098984525	-0.032186203	0.018725289	-0.08870479	0.10767475	-0.112862684	0.12454297	-0.1607319	0.100936435	-0.10896615	0.15085542	-0.2864368	0.24415776	-0.097269215	0.116895646	-0.18848649	0.25785133	-0.7459353	0.17680676	-0.13662429	0.1728061	-0.3131171	0.9999994	-0.08310177	0.083452746	-0.10680515	0.20030658	-0.16363986	0.08448689	-0.08378312	0.09436854	-0.25077945	0.11883579	-0.11769083	0.094043456	-0.15397608	0.11256355	-0.1478011
0.07070287	-0.034949906	0.032716185	-0.013958886	0.0072395382	-0.059849724	0.048039146	-0.05727405	0.016484136	-0.007653619	0.054918338	-0.06487968	0.061854284	-0.022773156	0.026527125	-0.06632755	0.06556975	-0.07824337	0.046984747	-0.04131032	0.070027016	-0.08244143	0.096742034	-0.10184015	0.06754612	-0.22206894	0.16685751	-0.16395538	0.09399349	-0.08310177	0.9999996	-0.77852	0.23141466	-0.11792711	0.083547726	-0.4314867	0.26280728	-0.23060125	0.16687194	-0.073252305	0.16468713	-0.14886135	0.114951774	-0.084484965	0.088172674
-0.072120875	0.035005644	-0.03290347	0.014048986	-0.0073024486	0.059587583	-0.048183613	0.05721637	-0.016617585	0.0077156583	-0.055106625	0.064785704	-0.06251909	0.023139423	-0.027041283	0.06576948	-0.06635661	0.07863327	-0.04788413	0.041867882	-0.07025498	0.08278119	-0.09989327	0.10249733	-0.0690621	0.19384317	-0.20976661	0.16841675	-0.09779042	0.083452746	-0.77852	0.9999999	-0.35017782	0.12113663	-0.08793973	0.27481228	-0.32691273	0.23421054	-0.17884111	0.07512351	-0.1693136	0.14359294	-0.12009341	0.08632592	-0.09222923
0.0844678	-0.041638725	0.03877159	-0.016614772	0.0086753545	-0.07099012	0.05669493	-0.06848822	0.019579114	-0.009183434	0.0637364	-0.07639482	0.07315713	-0.028231671	0.03287604	-0.07622541	0.075824745	-0.09421775	0.05833246	-0.051570505	0.07688162	-0.09242911	0.11739734	-0.13362478	0.08528172	-0.20249544	0.16264804	-0.22124285	0.12856516	-0.10680515	0.23141466	-0.35017782	0.9999997	-0.19818752	0.1187833	-0.27475137	0.26522028	-0.76632935	0.22070035	-0.098994814	0.16275942	-0.15688354	0.13659593	-0.10506943	0.11344378
-0.123201296	0.058954477	-0.055305675	0.024094766	-0.013064507	0.09831339	-0.07973607	0.09679337	-0.02848622	0.013824452	-0.08794295	0.10601005	-0.10628842	0.051052593	-0.06081442	0.102115355	-0.10522943	0.13716601	-0.10841454	0.09389474	-0.09979701	0.11998572	-0.1847449	0.26796603	-0.17314668	0.21210328	-0.1634705	0.20871489	-0.45026433	0.20030658	-0.11792711	0.12113663	-0.19818752	0.9999996	-0.56259525	0.1257135	-0.12623985	0.15459359	-0.35659832	0.2651737	-0.17163092	0.14287177	-0.24927549	0.19475123	-0.29964402
0.092394	-0.046311192	0.042853113	-0.018589227	0.009950631	-0.07842878	0.062297814	-0.07665396	0.021851856	-0.010553777	0.06856781	-0.08375517	0.08080466	-0.03710537	0.04336029	-0.08122114	0.08097873	-0.10665315	0.07722142	-0.069355294	0.07746728	-0.09469418	0.13032955	-0.21107313	0.12061895	-0.17736234	0.118280105	-0.15914461	0.20167379	-0.16363986	0.083547726	-0.08793973	0.1187833	-0.56259525	0.99999946	-0.09338758	0.089658275	-0.10904505	0.22222348	-0.64344597	0.12180675	-0.11273828	0.18567277	-0.19570048	0.27198792
-0.072044075	0.03400638	-0.03172692	0.013637738	-0.007131322	0.0576256	-0.04607625	0.05541673	-0.016092172	0.00754877	-0.051790018	0.06166624	-0.059260886	0.0226992	-0.026500363	0.061498616	-0.060929634	0.07437796	-0.046716254	0.041218456	-0.06243251	0.07376078	-0.09150274	0.100885004	-0.06797421	0.16459171	-0.12660402	0.13647029	-0.09270361	0.08448689	-0.4314867	0.27481228	-0.27475137	0.1257135	-0.09338758	0.99999905	-0.6969736	0.24839951	-0.18960969	0.08452137	-0.3395225	0.23550017	-0.15212214	0.105953634	-0.10435085
0.06927604	-0.033478163	0.031125115	-0.013361708	0.0069735004	-0.057016518	0.04537064	-0.05478923	0.015741233	-0.007385459	0.0509626	-0.060991015	0.058104765	-0.022197817	0.02583074	-0.060940236	0.060003027	-0.07369071	0.045624305	-0.04045449	0.06135238	-0.07325951	0.089428246	-0.100777626	0.066296436	-0.16535178	0.12415074	-0.13973352	0.091515206	-0.08378312	0.26280728	-0.32691273	0.26522028	-0.12623985	0.089658275	-0.6969736	0.9999988	-0.4228188	0.17664967	-0.08289614	0.24478038	-0.30216527	0.14625576	-0.10533615	0.09918606
-0.07841844	0.037242144	-0.03473404	0.014928978	-0.007816554	0.063081406	-0.050474152	0.060852967	-0.01761045	0.008274489	-0.05657087	0.06757772	-0.065184094	0.025256429	-0.029502494	0.067050494	-0.06686365	0.082495145	-0.052135907	0.04594816	-0.06754612	0.080415525	-0.10339236	0.11455686	-0.07630089	0.17063648	-0.13819666	0.1628602	-0.11025573	0.09436854	-0.23060125	0.23421054	-0.76632935	0.15459359	-0.10904505	0.24839951	-0.4228188	0.9999987	-0.26330343	0.091661334	-0.17328723	0.1568142	-0.13954166	0.1041979	-0.11007233
0.21308716	-0.10021799	0.09123377	-0.03935627	0.020485068	-0.17171086	0.13246994	-0.16391414	0.04599141	-0.02179136	0.14544006	-0.17829764	0.16390233	-0.062280085	0.07152173	-0.17539194	0.16553931	-0.20926388	0.12600306	-0.114836134	0.16396978	-0.1999305	0.23057601	-0.28618798	0.18187904	-0.43236938	0.23704119	-0.31537783	0.23658098	-0.25077945	0.16687194	-0.17884111	0.22070035	-0.35659832	0.22222348	-0.18960969	0.17664967	-0.26330343	0.9999987	-0.23003317	0.19908518	-0.19053195	0.2528496	-0.28422156	0.23355076
-0.07904531	0.037840046	-0.03503845	0.01521775	-0.008124705	0.06382176	-0.050644767	0.06207172	-0.017903108	0.008617099	-0.055698603	0.06772038	-0.06536679	0.029008886	-0.034042664	0.06573619	-0.06514617	0.08417237	-0.06015232	0.053526636	-0.06282297	0.07615955	-0.10252944	0.1443229	-0.092696324	0.14616366	-0.095222436	0.12357847	-0.14260611	0.11883579	-0.073252305	0.07512351	-0.098994814	0.2651737	-0.64344597	0.08452137	-0.08289614	0.091661334	-0.23003317	0.99999887	-0.1302537	0.116879486	-0.24244781	0.23206393	-0.58281994
0.09399957	-0.045428544	0.04175625	-0.018000303	0.009410535	-0.07757231	0.060716514	-0.07441117	0.021113168	-0.0099912705	0.06725065	-0.081669904	0.07645955	-0.029730538	0.034378786	-0.08070516	0.077684686	-0.09743054	0.06057211	-0.054598078	0.07767789	-0.09383125	0.11210758	-0.13727136	0.08823852	-0.20487694	0.12653345	-0.15637735	0.11675917	-0.11769083	0.16468713	-0.1693136	0.16275942	-0.17163092	0.12180675	-0.3395225	0.24478038	-0.17328723	0.19908518	-0.1302537	0.9999987	-0.7818105	0.24333155	-0.19112407	0.14747143
-0.07579518	0.035929844	-0.03316502	0.014313548	-0.007506701	0.061046056	-0.048080616	0.058689866	-0.016819894	0.007964229	-0.05329772	0.0644545	-0.060983766	0.024032727	-0.027912408	0.063545175	-0.06177382	0.07731232	-0.049133364	0.044005774	-0.061657306	0.0741327	-0.09079793	0.1101966	-0.07199561	0.15805915	-0.10343829	0.1248302	-0.09617593	0.094043456	-0.14886135	0.14359294	-0.15688354	0.14287177	-0.11273828	0.23550017	-0.30216527	0.1568142	-0.19053195	0.116879486	-0.7818105	0.99999857	-0.37825492	0.18788348	-0.1539715
0.11495203	-0.055756286	0.051060144	-0.02206314	0.01158074	-0.09518299	0.07418134	-0.09153339	0.025839169	-0.012306066	0.08161062	-0.09980523	0.093216665	-0.037497424	0.04329872	-0.097848594	0.09396383	-0.119858764	0.07635885	-0.06931942	0.09237164	-0.112502374	0.13633382	-0.18103597	0.11254004	-0.23456447	0.13754176	-0.17943147	0.15182629	-0.15397608	0.114951774	-0.12009341	0.13659593	-0.24927549	0.18567277	-0.15212214	0.14625576	-0.13954166	0.2528496	-0.24244781	0.24333155	-0.37825492	0.9999987	-0.6685749	0.2779468
-0.08370217	0.03998691	-0.03674403	0.015900869	-0.00838037	0.06797102	-0.053245906	0.0655201	-0.018650375	0.008899995	-0.058573376	0.07144521	-0.06736807	0.027681945	-0.032129437	0.06986267	-0.06764901	0.08635855	-0.056635447	0.05105164	-0.06624094	0.08046417	-0.1001343	0.13307768	-0.084311426	0.16442849	-0.09944195	0.12883069	-0.1164808	0.11256355	-0.084484965	0.08632592	-0.10506943	0.19475123	-0.19570048	0.105953634	-0.10533615	0.1041979	-0.28422156	0.23206393	-0.19112407	0.18788348	-0.6685749	0.9999986	-0.55162597
0.098875366	-0.048549548	0.04461959	-0.01931804	0.010220872	-0.08258125	0.06480389	-0.079955526	0.022653326	-0.010854466	0.07121944	-0.08713728	0.0824133	-0.035045512	0.04063292	-0.084930085	0.08272808	-0.107065566	0.071872056	-0.06509536	0.080251746	-0.09799499	0.1248476	-0.18073854	0.10825631	-0.19414979	0.11873548	-0.15699312	0.15622738	-0.1478011	0.088172674	-0.09222923	0.11344378	-0.29964402	0.27198792	-0.10435085	0.09918606	-0.11007233	0.23355076	-0.58281994	0.14747143	-0.1539715	0.2779468	-0.55162597	0.9999986
