1.0	-0.45364973	0.115805425	-0.10870796	0.16125464	-0.5952125	0.28604868	-0.22741581	0.17360689	-0.120957546	0.31822598	-0.29035679	0.2167595	-0.16297136	0.1300727	-0.16873375	0.21779932	-0.2809207	0.15905838	-0.13368648	0.15231857	-0.16022372	0.16005969	-0.14569505	0.11773654	-0.3287792	0.18439594	-0.127489	0.13076036	-0.13670851	0.07549365	-0.08149486	0.09716706	-0.15408182	0.124134034	-0.08395762	0.071027756	-0.089989215	0.07263709	-0.067177266	0.12072219	-0.111205116	0.14811301	-0.07206299	0.075280376
-0.45364973	0.99999994	-0.14500462	0.122741215	-0.18635724	0.27395964	-0.6642921	0.2535178	-0.21905798	0.12952673	-0.32740608	0.28207064	-0.2621291	0.17413235	-0.14536047	0.14176394	-0.23151334	0.23258652	-0.17427507	0.13634019	-0.14202723	0.1477238	-0.15112782	0.1326786	-0.111335576	0.22346285	-0.17966436	0.113337144	-0.12291194	0.11991927	-0.05795047	0.06309143	-0.078945436	0.12080994	-0.10649961	0.06412788	-0.055326167	0.07211465	-0.059460636	0.05615243	-0.0951378	0.08529647	-0.11865427	0.058712997	-0.06316568
0.115805425	-0.14500462	0.99999964	-0.8980765	0.1276591	-0.0843401	0.12313761	-0.24217297	0.22778541	-0.10935458	0.10587525	-0.12756881	0.15385139	-0.17024775	0.11254604	-0.0664549	0.10608859	-0.15409155	0.124555014	-0.10939454	0.06546165	-0.07502219	0.08712472	-0.0927363	0.07495379	-0.13278455	0.088849954	-0.070100226	0.07646046	-0.08169357	0.034351874	-0.03758719	0.04803446	-0.077088706	0.06542623	-0.038662683	0.033225935	-0.044274166	0.03651647	-0.034813765	0.056336448	-0.051737346	0.0703195	-0.036327627	0.038576383
-0.10870796	0.122741215	-0.8980765	0.99999994	-0.13419718	0.07684879	-0.112805106	0.19554539	-0.3039333	0.10657237	-0.09910118	0.11390613	-0.14793743	0.1629811	-0.11473129	0.05971896	-0.09716429	0.1333102	-0.12590763	0.10403341	-0.05943372	0.06765399	-0.07952905	0.08455421	-0.06993195	0.11478754	-0.08099147	0.06300629	-0.07045142	0.07361465	-0.03024402	0.033119425	-0.042685136	0.06786966	-0.058994982	0.03399516	-0.029306963	0.039226897	-0.032525066	0.031156097	-0.049806092	0.04549722	-0.06237388	0.032307766	-0.034579135
0.16125464	-0.18635724	0.1276591	-0.13419718	1.0	-0.112026215	0.14569062	-0.2008525	0.21505795	-0.72788197	0.14476359	-0.167881	0.18336192	-0.25637636	0.2909523	-0.10396419	0.16071679	-0.25570565	0.23074731	-0.29586107	0.10322263	-0.12058853	0.15043606	-0.18280797	0.15206236	-0.2393297	0.1447074	-0.12733695	0.14135768	-0.16760716	0.063126296	-0.06939285	0.090239875	-0.15053232	0.12461694	-0.0719863	0.061844196	-0.083807305	0.06941535	-0.06673591	0.10464639	-0.09716826	0.13120861	-0.06945185	0.07315034
-0.5952125	0.27395964	-0.0843401	0.07684879	-0.112026215	1.0000001	-0.34674457	0.17339604	-0.13069004	0.08311103	-0.64205164	0.24234697	-0.17739767	0.11591996	-0.091342926	0.13282564	-0.16692024	0.1815809	-0.110532396	0.09056974	-0.12245575	0.1126655	-0.10705223	0.09417971	-0.07667332	0.19086494	-0.12789525	0.0827619	-0.08555871	0.08661317	-0.045368407	0.049085833	-0.059255786	0.09230442	-0.07699708	0.050110392	-0.042704716	0.054547664	-0.04426724	0.041282233	-0.072346546	0.0661022	-0.08899441	0.043843295	-0.04626172
0.28604868	-0.6642921	0.12313761	-0.112805106	0.14569062	-0.34674457	1.0000002	-0.3729432	0.19821547	-0.11123851	0.27396178	-0.42081273	0.25992516	-0.16651963	0.12253991	-0.12603493	0.20202428	-0.22128172	0.14468232	-0.118485525	0.11874412	-0.13096455	0.12713158	-0.11440891	0.09340768	-0.20086695	0.14672662	-0.09756852	0.10255474	-0.10292543	0.04977223	-0.05410864	0.06674224	-0.10353251	0.08856411	-0.055079713	0.047223896	-0.061239474	0.0500527	-0.047130972	0.07998059	-0.07280062	0.09896337	-0.049566697	0.052709088
-0.22741581	0.2535178	-0.24217297	0.19554539	-0.2008525	0.17339604	-0.3729432	1.0000004	-0.5188787	0.15910694	-0.22191252	0.27227542	-0.5508921	0.26818603	-0.18404932	0.11503917	-0.1990383	0.24348797	-0.20667224	0.16278885	-0.11375792	0.12803087	-0.14162622	0.13691187	-0.11324661	0.19440934	-0.15028866	0.10774824	-0.118741624	0.1187334	-0.050772484	0.05549088	-0.07074888	0.11016706	-0.096940435	0.056535546	-0.04879013	0.06474024	-0.053491205	0.051089674	-0.0826214	0.07511202	-0.10311762	0.053010594	-0.056884117
0.17360689	-0.21905798	0.22778541	-0.3039333	0.21505795	-0.13069004	0.19821547	-0.5188787	1.0000004	-0.23453996	0.1627413	-0.20996444	0.27382267	-0.57178164	0.23285492	-0.101031244	0.16419637	-0.24261396	0.23518546	-0.21456276	0.09910398	-0.11501539	0.13579294	-0.15639493	0.12452398	-0.19585817	0.13452077	-0.11001035	0.12214275	-0.13148332	0.0511363	-0.05603799	0.07231575	-0.115961194	0.09993353	-0.05753925	0.04954356	-0.06659824	0.055082235	-0.05297367	0.08344347	-0.076793976	0.10426665	-0.054850206	0.05840225
-0.120957546	0.12952673	-0.10935458	0.10657237	-0.72788197	0.08311103	-0.11123851	0.15910694	-0.23453996	1.0000005	-0.109481506	0.124471135	-0.1545248	0.2322118	-0.51553327	0.072705686	-0.116759375	0.17115451	-0.22551394	0.24544547	-0.07290391	0.08499165	-0.10898821	0.13501477	-0.12183703	0.15192437	-0.10262633	0.08940641	-0.10548981	0.117970616	-0.041338332	0.04549881	-0.060337014	0.09814938	-0.087029465	0.046936713	-0.04058372	0.055626918	-0.04670441	0.045571886	-0.068603836	0.06313544	-0.08660277	0.046544977	-0.05009978
0.31822598	-0.32740608	0.10587525	-0.09910118	0.14476359	-0.64205164	0.27396178	-0.22191252	0.1627413	-0.109481506	1.0000004	-0.42096645	0.2275134	-0.15393896	0.11899686	-0.22480187	0.22695987	-0.25861543	0.14473698	-0.120757625	0.17427427	-0.16016966	0.14596346	-0.12865548	0.10357032	-0.2768139	0.17346041	-0.11437947	0.116087064	-0.118821554	0.063733146	-0.068793625	0.08201493	-0.12817919	0.10537528	-0.07026644	0.05963598	-0.07566748	0.061089944	-0.056776334	0.10038197	-0.09226595	0.12285617	-0.0605552	0.06353807
-0.29035679	0.28207064	-0.12756881	0.11390613	-0.167881	0.24234697	-0.42081273	0.27227542	-0.20996444	0.124471135	-0.42096645	1.0000004	-0.5167785	0.18974091	-0.14338063	0.16881056	-0.40866315	0.27642715	-0.17177995	0.13580003	-0.16131002	0.1872569	-0.16182528	0.13399383	-0.109371655	0.2332966	-0.20247537	0.11969826	-0.12342187	0.11985097	-0.05838368	0.06352991	-0.07772488	0.11850543	-0.10267257	0.063918106	-0.0550112	0.07100366	-0.0578571	0.054513242	-0.092116386	0.083713226	-0.11354435	0.05721858	-0.060969204
0.2167595	-0.2621291	0.15385139	-0.14793743	0.18336192	-0.17739767	0.25992516	-0.5508921	0.27382267	-0.1545248	0.2275134	-0.5167785	1.0000001	-0.3274821	0.1765755	-0.1336741	0.23710983	-0.37692574	0.20140679	-0.16924602	0.12753853	-0.15252186	0.16156095	-0.14923163	0.11938944	-0.22229469	0.16787083	-0.123247296	0.12891491	-0.12985615	0.056699947	-0.06193102	0.078149974	-0.12175833	0.10507817	-0.06299663	0.054211613	-0.07159258	0.05866575	-0.055784076	0.09099308	-0.0832639	0.112949915	-0.05820939	0.061961118
-0.16297136	0.17413235	-0.17024775	0.1629811	-0.25637636	0.11591996	-0.16651963	0.26818603	-0.57178164	0.2322118	-0.15393896	0.18974091	-0.3274821	0.99999994	-0.44422698	0.09394396	-0.15809537	0.22142997	-0.42076722	0.27329087	-0.09367535	0.10925179	-0.13697684	0.1704653	-0.14244327	0.1767688	-0.1296395	0.10939957	-0.13063133	0.13572009	-0.047821682	0.05255429	-0.06940153	0.11035753	-0.09954036	0.053852074	-0.046628136	0.06365284	-0.053257443	0.05196742	-0.078401014	0.071889944	-0.09862734	0.052970666	-0.057188272
0.1300727	-0.14536047	0.11254604	-0.11473129	0.2909523	-0.091342926	0.12253991	-0.18404932	0.23285492	-0.51553327	0.11899686	-0.14338063	0.1765755	-0.44422698	0.99999994	-0.080501534	0.1294304	-0.19947873	0.2896452	-0.55717874	0.08013162	-0.09473231	0.123409815	-0.16972473	0.15151486	-0.1671765	0.11274478	-0.10328456	0.12276529	-0.14533791	0.045522414	-0.05015944	0.06687939	-0.10937069	0.09729205	-0.05171032	0.04472632	-0.061752878	0.051820178	-0.051062346	0.074945696	-0.069338106	0.09442502	-0.051797748	0.0555558
-0.16873375	0.14176394	-0.0664549	0.05971896	-0.10396419	0.13282564	-0.12603493	0.11503917	-0.101031244	0.072705686	-0.22480187	0.16881056	-0.1336741	0.09394396	-0.080501534	0.99999994	-0.3286858	0.19173934	-0.10209935	0.081532925	-0.84298956	0.22264442	-0.1399942	0.09671777	-0.07784665	0.22844635	-0.22099479	0.09996287	-0.095816456	0.08890743	-0.052484896	0.05572092	-0.06380075	0.09258375	-0.08036945	0.05476963	-0.047072988	0.057920013	-0.04633749	0.042953864	-0.07777826	0.0693828	-0.093480326	0.045611035	-0.04834473
0.21779932	-0.23151334	0.10608859	-0.09716429	0.16071679	-0.16692024	0.20202428	-0.1990383	0.16419637	-0.116759375	0.22695987	-0.40866315	0.23710983	-0.15809537	0.1294304	-0.3286858	0.9999997	-0.45568642	0.16609533	-0.13384542	0.24753408	-0.49652588	0.22339363	-0.15881844	0.12430391	-0.34205565	0.29666707	-0.16780312	0.15155452	-0.14414641	0.07805542	-0.0848675	0.09790475	-0.14572147	0.12333473	-0.08375069	0.071477264	-0.08953652	0.071226105	-0.06630986	0.1152887	-0.106419876	0.13894212	-0.070441596	0.07398498
-0.2809207	0.23258652	-0.15409155	0.1333102	-0.25570565	0.1815809	-0.22128172	0.24348797	-0.24261396	0.17115451	-0.25861543	0.27642715	-0.37692574	0.22142997	-0.19947873	0.19173934	-0.45568642	0.9999998	-0.28462452	0.19657774	-0.20276079	0.25122923	-0.38228923	0.21388909	-0.17670934	0.28982812	-0.30446458	0.21777496	-0.22888593	0.18780492	-0.082181156	0.09020006	-0.119101554	0.17295271	-0.16128422	0.09030618	-0.079108946	0.10639056	-0.087806866	0.08382691	-0.13368969	0.1191143	-0.1680384	0.086344175	-0.094200365
0.15905838	-0.17427507	0.124555014	-0.12590763	0.23074731	-0.110532396	0.14468232	-0.20667224	0.23518546	-0.22551394	0.14473698	-0.17177995	0.20140679	-0.42076722	0.2896452	-0.10209935	0.16609533	-0.28462452	0.9999995	-0.61871755	0.10201703	-0.12393525	0.17519513	-0.35527858	0.22197744	-0.20978877	0.14644061	-0.15207803	0.18984835	-0.2071827	0.05849945	-0.06465967	0.0882328	-0.14303099	0.13060819	-0.066518925	0.057758924	-0.08116769	0.06828816	-0.06812248	0.095788024	-0.088877894	0.120965086	-0.06831472	0.073613524
-0.13368648	0.13634019	-0.10939454	0.10403341	-0.29586107	0.09056974	-0.118485525	0.16278885	-0.21456276	0.24544547	-0.120757625	0.13580003	-0.16924602	0.27329087	-0.55717874	0.081532925	-0.13384542	0.19657774	-0.61871755	0.9999996	-0.08253391	0.09898474	-0.14258295	0.21988207	-0.25539607	0.16323909	-0.11959493	0.11783134	-0.15667115	0.17949402	-0.0470338	0.052060105	-0.07221369	0.116529144	-0.113468856	0.05352933	-0.04670857	0.06628525	-0.056901816	0.057684656	-0.07780744	0.07170717	-0.0991611	0.056747556	-0.06252229
0.15231857	-0.14202723	0.06546165	-0.05943372	0.10322263	-0.12245575	0.11874412	-0.11375792	0.09910398	-0.07290391	0.17427427	-0.16131002	0.12753853	-0.09367535	0.08013162	-0.84298956	0.24753408	-0.20276079	0.10201703	-0.08253391	0.9999996	-0.2867451	0.14161329	-0.10076657	0.080068976	-0.2992815	0.21523812	-0.10593896	0.09789463	-0.09308077	0.057990227	-0.061041404	0.067630164	-0.098498546	0.08386287	-0.06010721	0.050943267	-0.061733287	0.048939444	-0.04513819	0.08271351	-0.07474865	0.098549224	-0.048228417	0.05070503
-0.16022372	0.1477238	-0.07502219	0.06765399	-0.12058853	0.1126655	-0.13096455	0.12803087	-0.11501539	0.08499165	-0.16016966	0.1872569	-0.15252186	0.10925179	-0.09473231	0.22264442	-0.49652588	0.25122923	-0.12393525	0.09898474	-0.2867451	0.9999996	-0.29588813	0.13431811	-0.10267429	0.2700799	-0.6795514	0.17119277	-0.14007577	0.120699115	-0.06930132	0.07664637	-0.08354754	0.117554314	-0.101331115	0.07049557	-0.062097512	0.07515866	-0.05873485	0.054469258	-0.09456184	0.08675938	-0.11230363	0.05785652	-0.060680248
0.16005969	-0.15112782	0.08712472	-0.07952905	0.15043606	-0.10705223	0.12713158	-0.14162622	0.13579294	-0.10898821	0.14596346	-0.16182528	0.16156095	-0.13697684	0.123409815	-0.1399942	0.22339363	-0.38228923	0.17519513	-0.14258295	0.14161329	-0.29588813	0.9999998	-0.28909227	0.18342952	-0.25433418	0.23259413	-0.6630488	0.29188907	-0.23719369	0.075281136	-0.084937245	0.12755613	-0.17926484	0.15260223	-0.08488413	0.07474307	-0.11315156	0.08608519	-0.08257347	0.114910826	-0.10917157	0.14298218	-0.08603835	0.08866914
-0.14569505	0.1326786	-0.0927363	0.08455421	-0.18280797	0.09417971	-0.11440891	0.13691187	-0.15639493	0.13501477	-0.12865548	0.13399383	-0.14923163	0.1704653	-0.16972473	0.09671777	-0.15881844	0.21388909	-0.35527858	0.21988207	-0.10076657	0.13431811	-0.28909227	0.9999999	-0.5559359	0.18821989	-0.1618908	0.24158178	-0.51740843	0.30580333	-0.061599664	0.06903937	-0.10648901	0.16226757	-0.17981999	0.07044401	-0.06263922	0.09515548	-0.08320194	0.08749926	-0.100989155	0.09346948	-0.13112102	0.08254256	-0.0941682
0.11773654	-0.111335576	0.07495379	-0.06993195	0.15206236	-0.07667332	0.09340768	-0.11324661	0.12452398	-0.12183703	0.10357032	-0.109371655	0.11938944	-0.14244327	0.15151486	-0.07784665	0.12430391	-0.17670934	0.22197744	-0.25539607	0.080068976	-0.10267429	0.18342952	-0.5559359	0.9999998	-0.16389915	0.123875305	-0.1752006	0.26388663	-0.6672416	0.056679305	-0.06413306	0.099179395	-0.17489496	0.19169737	-0.06636924	0.0590067	-0.093138345	0.08399895	-0.096918665	0.09353792	-0.088866875	0.12166842	-0.08611631	0.0950617
-0.3287792	0.22346285	-0.13278455	0.11478754	-0.2393297	0.19086494	-0.20086695	0.19440934	-0.19585817	0.15192437	-0.2768139	0.2332966	-0.22229469	0.1767688	-0.1671765	0.22844635	-0.34205565	0.28982812	-0.20978877	0.16323909	-0.2992815	0.2700799	-0.25433418	0.18821989	-0.16389915	0.99999994	-0.46401373	0.18150914	-0.19703658	0.18018153	-0.17616631	0.15315169	-0.16169539	0.21079719	-0.19872344	0.15102494	-0.1288503	0.144259	-0.116066694	0.105123825	-0.2284066	0.18079472	-0.26658228	0.11240324	-0.121780254
0.18439594	-0.17966436	0.088849954	-0.08099147	0.1447074	-0.12789525	0.14672662	-0.15028866	0.13452077	-0.10262633	0.17346041	-0.20247537	0.16787083	-0.1296395	0.11274478	-0.22099479	0.29666707	-0.30446458	0.14644061	-0.11959493	0.21523812	-0.6795514	0.23259413	-0.1618908	0.123875305	-0.46401373	0.99999976	-0.19403632	0.15678428	-0.14931768	0.10209471	-0.11768852	0.11032078	-0.1562159	0.12979588	-0.10258346	0.088898785	-0.10114	0.07757128	-0.070827186	0.13027948	-0.12239912	0.15069856	-0.07646397	0.0789866
-0.127489	0.113337144	-0.070100226	0.06300629	-0.12733695	0.0827619	-0.09756852	0.10774824	-0.11001035	0.08940641	-0.11437947	0.11969826	-0.123247296	0.10939957	-0.10328456	0.09996287	-0.16780312	0.21777496	-0.15207803	0.11783134	-0.10593896	0.17119277	-0.6630488	0.24158178	-0.1752006	0.18150914	-0.19403632	0.99999994	-0.5807631	0.20293255	-0.06196067	0.07068906	-0.13528657	0.14771467	-0.13812321	0.06977642	-0.06314862	0.103966035	-0.07640244	0.07243599	-0.09395155	0.08852279	-0.11932178	0.07484293	-0.078650616
0.13076036	-0.12291194	0.07646046	-0.07045142	0.14135768	-0.08555871	0.10255474	-0.118741624	0.12214275	-0.10548981	0.116087064	-0.12342187	0.12891491	-0.13063133	0.12276529	-0.095816456	0.15155452	-0.22888593	0.18984835	-0.15667115	0.09789463	-0.14007577	0.29188907	-0.51740843	0.26388663	-0.19703658	0.15678428	-0.5807631	0.9999997	-0.38929936	0.064755104	-0.073521726	0.11848892	-0.17759892	0.16911574	-0.07477065	0.06643867	-0.10592501	0.08528778	-0.088238195	0.10249054	-0.09773217	0.13069923	-0.08594868	0.091338366
-0.13670851	0.11991927	-0.08169357	0.07361465	-0.16760716	0.08661317	-0.10292543	0.1187334	-0.13148332	0.117970616	-0.118821554	0.11985097	-0.12985615	0.13572009	-0.14533791	0.08890743	-0.14414641	0.18780492	-0.2071827	0.17949402	-0.09308077	0.120699115	-0.23719369	0.30580333	-0.6672416	0.18018153	-0.14931768	0.20293255	-0.38929936	0.99999994	-0.06686319	0.07569155	-0.12321723	0.2045186	-0.35290086	0.07800809	-0.070314735	0.11397068	-0.11243053	0.1373883	-0.11124881	0.1041336	-0.14860478	0.11179269	-0.13979523
0.07549365	-0.05795047	0.034351874	-0.03024402	0.063126296	-0.045368407	0.04977223	-0.050772484	0.0511363	-0.041338332	0.063733146	-0.05838368	0.056699947	-0.047821682	0.045522414	-0.052484896	0.07805542	-0.082181156	0.05849945	-0.0470338	0.057990227	-0.06930132	0.075281136	-0.061599664	0.056679305	-0.17616631	0.10209471	-0.06196067	0.064755104	-0.06686319	0.9999996	-0.6890403	0.16999881	-0.13664278	0.10406967	-0.59171814	0.30994636	-0.16485693	0.090533	-0.065590754	0.19589913	-0.22232313	0.15311134	-0.08320581	0.07462965
-0.08149486	0.06309143	-0.03758719	0.033119425	-0.06939285	0.049085833	-0.05410864	0.05549088	-0.05603799	0.04549881	-0.068793625	0.06352991	-0.06193102	0.05255429	-0.05015944	0.05572092	-0.0848675	0.09020006	-0.06465967	0.052060105	-0.061041404	0.07664637	-0.084937245	0.06903937	-0.06413306	0.15315169	-0.11768852	0.07068906	-0.073521726	0.07569155	-0.6890403	0.99999946	-0.24538414	0.15509625	-0.122346595	0.32871088	-0.52120566	0.19449955	-0.1087346	0.07650322	-0.2447571	0.2316228	-0.1844629	0.09624438	-0.087982886
0.09716706	-0.078945436	0.04803446	-0.042685136	0.090239875	-0.059255786	0.06674224	-0.07074888	0.07231575	-0.060337014	0.08201493	-0.07772488	0.078149974	-0.06940153	0.06687939	-0.06380075	0.09790475	-0.119101554	0.0882328	-0.07221369	0.067630164	-0.08354754	0.12755613	-0.10648901	0.099179395	-0.16169539	0.11032078	-0.13528657	0.11848892	-0.12321723	0.16999881	-0.24538414	0.99999946	-0.43876866	0.21528837	-0.20872675	0.21140294	-0.7146379	0.24169104	-0.16020435	0.1919402	-0.21527824	0.23661509	-0.23147286	0.16980332
-0.15408182	0.12080994	-0.077088706	0.06786966	-0.15053232	0.09230442	-0.10353251	0.11016706	-0.115961194	0.09814938	-0.12817919	0.11850543	-0.12175833	0.11035753	-0.10937069	0.09258375	-0.14572147	0.17295271	-0.14303099	0.116529144	-0.098498546	0.117554314	-0.17926484	0.16226757	-0.17489496	0.21079719	-0.1562159	0.14771467	-0.17759892	0.2045186	-0.13664278	0.15509625	-0.43876866	0.9999993	-0.50468427	0.15588513	-0.15192285	0.27808633	-0.31604305	0.2418036	-0.24180149	0.20558183	-0.3654248	0.24307823	-0.29599598
0.124134034	-0.10649961	0.06542623	-0.058994982	0.12461694	-0.07699708	0.08856411	-0.096940435	0.09993353	-0.087029465	0.10537528	-0.10267257	0.10507817	-0.09954036	0.09729205	-0.08036945	0.12333473	-0.16128422	0.13060819	-0.113468856	0.08386287	-0.101331115	0.15260223	-0.17981999	0.19169737	-0.19872344	0.12979588	-0.13812321	0.16911574	-0.35290086	0.10406967	-0.122346595	0.21528837	-0.50468427	0.9999992	-0.1296017	0.11874437	-0.22690399	0.2378161	-0.5077186	0.17073844	-0.17327559	0.22847629	-0.26648197	0.28340402
-0.08395762	0.06412788	-0.038662683	0.03399516	-0.0719863	0.050110392	-0.055079713	0.056535546	-0.05753925	0.046936713	-0.07026644	0.063918106	-0.06299663	0.053852074	-0.05171032	0.05476963	-0.08375069	0.09030618	-0.066518925	0.05352933	-0.06010721	0.07049557	-0.08488413	0.07044401	-0.06636924	0.15102494	-0.10258346	0.06977642	-0.07477065	0.07800809	-0.59171814	0.32871088	-0.20872675	0.15588513	-0.1296017	0.999999	-0.6068937	0.19086902	-0.11281036	0.07968107	-0.3005541	0.25892124	-0.20586225	0.098754846	-0.09271558
0.071027756	-0.055326167	0.033225935	-0.029306963	0.061844196	-0.042704716	0.047223896	-0.04879013	0.04954356	-0.04058372	0.05963598	-0.0550112	0.054211613	-0.046628136	0.04472632	-0.047072988	0.071477264	-0.079108946	0.057758924	-0.04670857	0.050943267	-0.062097512	0.07474307	-0.06263922	0.0590067	-0.1288503	0.088898785	-0.06314862	0.06643867	-0.070314735	0.30994636	-0.52120566	0.21140294	-0.15192285	0.11874437	-0.6068937	0.999999	-0.2738829	0.117100015	-0.07783713	0.25174797	-0.41422585	0.18303446	-0.10205185	0.0883449
-0.089989215	0.07211465	-0.044274166	0.039226897	-0.083807305	0.054547664	-0.061239474	0.06474024	-0.06659824	0.055626918	-0.07566748	0.07100366	-0.07159258	0.06365284	-0.061752878	0.057920013	-0.08953652	0.10639056	-0.08116769	0.06628525	-0.061733287	0.07515866	-0.11315156	0.09515548	-0.093138345	0.144259	-0.10114	0.103966035	-0.10592501	0.11397068	-0.16485693	0.19449955	-0.7146379	0.27808633	-0.22690399	0.19086902	-0.2738829	0.9999986	-0.38922063	0.16680668	-0.19365159	0.19678207	-0.28317702	0.23108615	-0.18929069
0.07263709	-0.059460636	0.03651647	-0.032525066	0.06941535	-0.04426724	0.0500527	-0.053491205	0.055082235	-0.04670441	0.061089944	-0.0578571	0.05866575	-0.053257443	0.051820178	-0.04633749	0.071226105	-0.087806866	0.06828816	-0.056901816	0.048939444	-0.05873485	0.08608519	-0.08320194	0.08399895	-0.116066694	0.07757128	-0.07640244	0.08528778	-0.11243053	0.090533	-0.1087346	0.24169104	-0.31604305	0.2378161	-0.11281036	0.117100015	-0.38922063	0.99999845	-0.3509231	0.12893371	-0.1340752	0.19000745	-0.71073216	0.28798267
-0.067177266	0.05615243	-0.034813765	0.031156097	-0.06673591	0.041282233	-0.047130972	0.051089674	-0.05297367	0.045571886	-0.056776334	0.054513242	-0.055784076	0.05196742	-0.051062346	0.042953864	-0.06630986	0.08382691	-0.06812248	0.057684656	-0.04513819	0.054469258	-0.08257347	0.08749926	-0.096918665	0.105123825	-0.070827186	0.07243599	-0.088238195	0.1373883	-0.065590754	0.07650322	-0.16020435	0.2418036	-0.5077186	0.07968107	-0.07783713	0.16680668	-0.3509231	0.99999845	-0.10250149	0.10225527	-0.14938684	0.2808598	-0.69813347
0.12072219	-0.0951378	0.056336448	-0.049806092	0.10464639	-0.072346546	0.07998059	-0.0826214	0.08344347	-0.068603836	0.10038197	-0.092116386	0.09099308	-0.078401014	0.074945696	-0.07777826	0.1152887	-0.13368969	0.095788024	-0.07780744	0.08271351	-0.09456184	0.114910826	-0.100989155	0.09353792	-0.2284066	0.13027948	-0.09395155	0.10249054	-0.11124881	0.19589913	-0.2447571	0.1919402	-0.24180149	0.17073844	-0.3005541	0.25174797	-0.19365159	0.12893371	-0.10250149	0.9999985	-0.70400536	0.29008538	-0.12535927	0.117566325
-0.111205116	0.08529647	-0.051737346	0.04549722	-0.09716826	0.0661022	-0.07280062	0.07511202	-0.076793976	0.06313544	-0.09226595	0.083713226	-0.0832639	0.071889944	-0.069338106	0.0693828	-0.106419876	0.1191143	-0.088877894	0.07170717	-0.07474865	0.08675938	-0.10917157	0.09346948	-0.088866875	0.18079472	-0.12239912	0.08852279	-0.09773217	0.1041336	-0.22232313	0.2316228	-0.21527824	0.20558183	-0.17327559	0.25892124	-0.41422585	0.19678207	-0.1340752	0.10225527	-0.70400536	0.9999983	-0.36020136	0.1236733	-0.12058283
0.14811301	-0.11865427	0.0703195	-0.06237388	0.13120861	-0.08899441	0.09896337	-0.10311762	0.10426665	-0.08660277	0.12285617	-0.11354435	0.112949915	-0.09862734	0.09442502	-0.093480326	0.13894212	-0.1680384	0.120965086	-0.0991611	0.098549224	-0.11230363	0.14298218	-0.13112102	0.12166842	-0.26658228	0.15069856	-0.11932178	0.13069923	-0.14860478	0.15311134	-0.1844629	0.23661509	-0.3654248	0.22847629	-0.20586225	0.18303446	-0.28317702	0.19000745	-0.14938684	0.29008538	-0.36020136	0.99999833	-0.21662478	0.16845883
-0.07206299	0.058712997	-0.036327627	0.032307766	-0.06945185	0.043843295	-0.049566697	0.053010594	-0.054850206	0.046544977	-0.0605552	0.05721858	-0.05820939	0.052970666	-0.051797748	0.045611035	-0.070441596	0.086344175	-0.06831472	0.056747556	-0.048228417	0.05785652	-0.08603835	0.08254256	-0.08611631	0.11240324	-0.07646397	0.07484293	-0.08594868	0.11179269	-0.08320581	0.09624438	-0.23147286	0.24307823	-0.26648197	0.098754846	-0.10205185	0.23108615	-0.71073216	0.2808598	-0.12535927	0.1236733	-0.21662478	0.9999982	-0.49613297
0.075280376	-0.06316568	0.038576383	-0.034579135	0.07315034	-0.04626172	0.052709088	-0.056884117	0.05840225	-0.05009978	0.06353807	-0.060969204	0.061961118	-0.057188272	0.0555558	-0.04834473	0.07398498	-0.094200365	0.073613524	-0.06252229	0.05070503	-0.060680248	0.08866914	-0.0941682	0.0950617	-0.121780254	0.0789866	-0.078650616	0.091338366	-0.13979523	0.07462965	-0.087982886	0.16980332	-0.29599598	0.28340402	-0.09271558	0.0883449	-0.18929069	0.28798267	-0.69813347	0.117566325	-0.12058283	0.16845883	-0.49613297	0.9999982
