1.0000001	-0.5859161	0.24379984	-0.19989629	0.15422316	-0.503429	0.2740101	-0.17217991	0.1572972	-0.2504252	0.23356459	-0.26432014	0.19615054	-0.14801453	0.12560762	-0.2666543	0.1760954	-0.16925743	0.25484058	-0.15339656	0.2505432	-0.13332984	0.114862114	-0.07884773	0.0882	-0.0928484	0.09794356	-0.08597434	0.07605997	-0.094162166	0.08421741	-0.077406816	0.08976076	-0.099418685	0.07329656	-0.07238374	0.07136812	-0.063190244	0.07511626	-0.05842506	0.08257437	-0.067664504	0.063420855	-0.05654759	0.07247247
-0.5859161	1.0000001	-0.428339	0.20434746	-0.17087148	0.27945158	-0.44461077	0.22080038	-0.1904831	0.21913436	-0.20284086	0.25290003	-0.2501381	0.16340652	-0.12460087	0.20616701	-0.17754284	0.1629159	-0.2631518	0.14394227	-0.23618683	0.12033293	-0.107010625	0.071993515	-0.08125194	0.08391381	-0.08983603	0.078316	-0.06970598	0.08450255	-0.07718343	0.070103265	-0.082052544	0.08520252	-0.06460908	0.06491603	-0.06439274	0.056677952	-0.06729693	0.051512048	-0.07509402	0.06058152	-0.056867443	0.050348416	-0.064251184
0.24379984	-0.428339	0.9999998	-0.5015269	0.25465325	-0.20634384	0.22008467	-0.45600948	0.23172235	-0.3437789	0.14141734	-0.19245446	0.2798025	-0.21789697	0.15858325	-0.1660873	0.1420517	-0.14698188	0.21881643	-0.18932031	0.17549518	-0.10303065	0.08998717	-0.06894821	0.08316932	-0.06846795	0.07602931	-0.06797667	0.06469978	-0.08633934	0.062491044	-0.059777576	0.07002492	-0.078068025	0.058752153	-0.05398318	0.05457991	-0.04861489	0.0578436	-0.045980345	0.061793365	-0.051544763	0.048627328	-0.0435463	0.056317497
-0.19989629	0.20434746	-0.5015269	0.99999976	-0.68745345	0.14374588	-0.15162547	0.19814856	-0.18440394	0.29929376	-0.10320333	0.12853861	-0.2271318	0.15352198	-0.13650028	0.120752454	-0.11332231	0.112397105	-0.20093791	0.14429909	-0.1456934	0.08242431	-0.07432165	0.05628522	-0.06882907	0.056303985	-0.063093424	0.055885833	-0.053493038	0.06893129	-0.051983923	0.049341068	-0.058225878	0.062838845	-0.048416212	0.044537872	-0.045372963	0.0402547	-0.04810455	0.03781286	-0.051587954	0.042627737	-0.040443126	0.03604389	-0.046808697
0.15422316	-0.17087148	0.25465325	-0.68745345	0.9999997	-0.12172802	0.11919613	-0.14903499	0.15063137	-0.5860805	0.08544055	-0.106835425	0.16617513	-0.13953045	0.15663418	-0.103061825	0.09339198	-0.094203636	0.16816534	-0.17256036	0.12104446	-0.071367525	0.06400521	-0.05308364	0.06761275	-0.048396274	0.054928996	-0.04930432	0.049310103	-0.06790903	0.044508893	-0.043125514	0.050873395	-0.05708557	0.043817222	-0.038522117	0.039524432	-0.035267565	0.042164613	-0.033878088	0.044380005	-0.037217926	0.035360694	-0.031704754	0.041399337
-0.503429	0.27945158	-0.20634384	0.14374588	-0.12172802	1.0	-0.391172	0.16240743	-0.14981893	0.17897503	-0.51678383	0.293571	-0.197577	0.1340595	-0.10649477	0.29758725	-0.20409329	0.17540218	-0.2749086	0.12539959	-0.34427375	0.13950333	-0.12400184	0.076949984	-0.08250794	0.10560557	-0.10541022	0.08990226	-0.07578256	0.08720848	-0.09706714	0.08194007	-0.09496632	0.09350009	-0.07083282	0.07864279	-0.07535101	0.065541826	-0.07733182	0.057506595	-0.0912358	0.07090726	-0.06576603	0.057692572	-0.07221272
0.2740101	-0.44461077	0.22008467	-0.15162547	0.11919613	-0.391172	0.9999998	-0.25271687	0.16098043	-0.17853826	0.26561716	-0.64821696	0.21318121	-0.14707734	0.10345853	-0.24971965	0.19260406	-0.18063053	0.21158196	-0.12303832	0.21052325	-0.11272729	0.09561441	-0.061654646	0.06821698	-0.073677525	0.07799988	-0.06852097	0.059494697	-0.07204905	0.06666461	-0.060746852	0.07065249	-0.07258359	0.054348513	-0.05602676	0.054895934	-0.048384044	0.05694864	-0.04356085	0.06394055	-0.051792912	0.04818776	-0.042725567	0.053967144
-0.17217991	0.22080038	-0.45600948	0.19814856	-0.14903499	0.16240743	-0.25271687	0.99999946	-0.46097437	0.20994017	-0.11911826	0.17554368	-0.6314973	0.28036255	-0.14416607	0.13206874	-0.13085687	0.13771723	-0.18135051	0.15918246	-0.13627537	0.08210946	-0.071779236	0.054086894	-0.06570449	0.052760683	-0.059198298	0.053110816	-0.050554622	0.06723058	-0.048103407	0.046251297	-0.0543184	0.059060693	-0.044686507	0.041338537	-0.04183116	0.037244976	-0.044138547	0.03498171	-0.047273222	0.03943078	-0.03711322	0.033200745	-0.042745423
0.1572972	-0.1904831	0.23172235	-0.18440394	0.15063137	-0.14981893	0.16098043	-0.46097437	0.99999946	-0.266496	0.10545325	-0.14637975	0.31124508	-0.7084665	0.22102217	-0.12589741	0.11708759	-0.12696007	0.19320452	-0.2503306	0.13310243	-0.083735816	0.07331394	-0.06329894	0.08157029	-0.054135744	0.06196725	-0.0564591	0.05743994	-0.082382165	0.04932147	-0.048659436	0.057246078	-0.064964615	0.04941027	-0.04291786	0.04398618	-0.039419245	0.04684683	-0.038118232	0.048947718	-0.041523144	0.039256163	-0.035348535	0.045952223
-0.2504252	0.21913436	-0.3437789	0.29929376	-0.5860805	0.17897503	-0.17853826	0.20994017	-0.266496	0.9999994	-0.13009407	0.15671845	-0.27295277	0.21928719	-0.33607817	0.15578331	-0.15213671	0.15012103	-0.3023649	0.24666733	-0.19904846	0.11450411	-0.10507727	0.08475105	-0.11070014	0.07884276	-0.09014271	0.080175735	-0.080171086	0.1050901	-0.07313246	0.070371196	-0.083543986	0.09046973	-0.0710492	0.06282902	-0.06481614	0.05761539	-0.069103815	0.054830164	-0.073054016	0.060747065	-0.05797336	0.051736817	-0.06777303
0.23356459	-0.20284086	0.14141734	-0.10320333	0.08544055	-0.51678383	0.26561716	-0.11911826	0.10545325	-0.13009407	0.99999946	-0.4761711	0.14196597	-0.097675525	0.076425955	-0.5989971	0.18824849	-0.1599686	0.1920116	-0.09127821	0.2531511	-0.110176384	0.09284929	-0.056174535	0.0594479	-0.07875232	0.0769368	-0.06639016	0.055032633	-0.06353107	0.06979127	-0.059859663	0.06878423	-0.068059444	0.050777968	-0.05725326	0.054007694	-0.047197104	0.055184994	-0.041308984	0.06476381	-0.05110046	0.046960223	-0.041387286	0.051431514
-0.26432014	0.25290003	-0.19245446	0.12853861	-0.106835425	0.293571	-0.64821696	0.17554368	-0.14637975	0.15671845	-0.4761711	0.99999976	-0.21240078	0.13082117	-0.09576999	0.26708362	-0.28704917	0.19913422	-0.23458178	0.112411015	-0.24440765	0.12230502	-0.105403945	0.06341248	-0.06828168	0.07999964	-0.0840856	0.07315163	-0.06188722	0.07203819	-0.07267755	0.06481963	-0.07557739	0.074106604	-0.055817287	0.05986865	-0.05828142	0.051096156	-0.05991232	0.045072738	-0.06863204	0.05479995	-0.050800715	0.044803586	-0.056094483
0.19615054	-0.2501381	0.2798025	-0.2271318	0.16617513	-0.197577	0.21318121	-0.6314973	0.31124508	-0.27295277	0.14196597	-0.21240078	0.9999998	-0.44873685	0.18995939	-0.16820373	0.1696739	-0.2124451	0.22587784	-0.2250621	0.16783872	-0.10711245	0.09226953	-0.07109037	0.086715266	-0.06685967	0.07571516	-0.06853842	0.0658033	-0.08963172	0.06072386	-0.059290145	0.06954425	-0.07691838	0.057861988	-0.052593965	0.05340095	-0.047706224	0.05647855	-0.045174234	0.059872415	-0.050416585	0.04743884	-0.04257244	0.05488021
-0.14801453	0.16340652	-0.21789697	0.15352198	-0.13953045	0.1340595	-0.14707734	0.28036255	-0.7084665	0.21928719	-0.097675525	0.13082117	-0.44873685	0.9999995	-0.3467954	0.11610062	-0.11915009	0.1285506	-0.21976066	0.24272427	-0.12730241	0.080769844	-0.07158491	0.0617553	-0.0817993	0.05188447	-0.0600607	0.054704826	-0.056264676	0.079117715	-0.047412816	0.04695014	-0.0554707	0.061833892	-0.04754432	0.041133605	-0.04235069	0.03792729	-0.045072056	0.03657183	-0.04704011	0.039881464	-0.037757322	0.03395468	-0.04417543
0.12560762	-0.12460087	0.15858325	-0.13650028	0.15663418	-0.10649477	0.10345853	-0.14416607	0.22102217	-0.33607817	0.076425955	-0.09576999	0.18995939	-0.3467954	0.9999993	-0.09453112	0.092135064	-0.09782889	0.1851044	-0.80374134	0.11161665	-0.074766524	0.06809447	-0.08115503	0.123069555	-0.04928994	0.059951216	-0.056642447	0.06821181	-0.11486169	0.04510361	-0.04699167	0.05599738	-0.06645911	0.05263048	-0.039690245	0.04205628	-0.0381307	0.045480162	-0.03913867	0.045292355	-0.039593365	0.037813302	-0.03442924	0.045581732
-0.2666543	0.20616701	-0.1660873	0.120752454	-0.103061825	0.29758725	-0.24971965	0.13206874	-0.12589741	0.15578331	-0.5989971	0.26708362	-0.16820373	0.11610062	-0.09453112	0.9999991	-0.28633112	0.20233336	-0.27095753	0.11246354	-0.5138992	0.15646964	-0.13486873	0.07821861	-0.0807303	0.124134295	-0.11391936	0.09608594	-0.07751473	0.08650894	-0.11054385	0.08792474	-0.10038746	0.095026955	-0.07128621	0.08632789	-0.07939681	0.06865786	-0.07996079	0.05862024	-0.0982508	0.075000785	-0.06837175	0.059789825	-0.07332537
0.1760954	-0.17754284	0.1420517	-0.11332231	0.09339198	-0.20409329	0.19260406	-0.13085687	0.11708759	-0.15213671	0.18824849	-0.28704917	0.1696739	-0.11915009	0.092135064	-0.28633112	0.99999905	-0.780382	0.27027342	-0.1140312	0.20910114	-0.22738245	0.156782	-0.07569703	0.075701594	-0.08446429	0.1034279	-0.09450383	0.07384121	-0.08191091	0.07546963	-0.07747735	0.09141079	-0.083140984	0.061592918	-0.064153336	0.06514287	-0.057924926	0.06640133	-0.049957495	0.07208034	-0.06084882	0.056055725	-0.049733978	0.06139177
-0.16925743	0.1629159	-0.14698188	0.112397105	-0.094203636	0.17540218	-0.18063053	0.13771723	-0.12696007	0.15012103	-0.1599686	0.19913422	-0.2124451	0.1285506	-0.09782889	0.20233336	-0.780382	0.9999993	-0.4250117	0.11868657	-0.20158295	0.1721596	-0.15653348	0.075897716	-0.07627059	0.080436036	-0.099939995	0.09105403	-0.07384947	0.08088265	-0.07300523	0.07445623	-0.08913524	0.07997749	-0.059926905	0.06156019	-0.06314837	0.056033466	-0.06450241	0.04842476	-0.06993418	0.058709558	-0.05438481	0.048135135	-0.059640616
0.25484058	-0.2631518	0.21881643	-0.20093791	0.16816534	-0.2749086	0.21158196	-0.18135051	0.19320452	-0.3023649	0.1920116	-0.23458178	0.22587784	-0.21976066	0.1851044	-0.27095753	0.27027342	-0.4250117	0.99999917	-0.25732931	0.27062368	-0.20070763	0.16356125	-0.13591336	0.1354927	-0.11746129	0.13460225	-0.124634825	0.11921914	-0.14558525	0.10553427	-0.1066863	0.12398792	-0.14125752	0.102332994	-0.09380745	0.095327936	-0.08573957	0.10102711	-0.08085802	0.10535688	-0.090605356	0.08486928	-0.07656237	0.098323785
-0.15339656	0.14394227	-0.18932031	0.14429909	-0.17256036	0.12539959	-0.12303832	0.15918246	-0.2503306	0.24666733	-0.09127821	0.112411015	-0.2250621	0.24272427	-0.80374134	0.11246354	-0.1140312	0.11868657	-0.25732931	0.9999993	-0.13723063	0.09155167	-0.08484361	0.10077917	-0.18534416	0.06073711	-0.07479223	0.07037854	-0.08695596	0.13787165	-0.055820033	0.058260094	-0.06989012	0.080741465	-0.06537591	0.048929878	-0.05214675	0.047201164	-0.056383353	0.04821504	-0.05607347	0.048914187	-0.046862107	0.042566277	-0.0565625
0.2505432	-0.23618683	0.17549518	-0.1456934	0.12104446	-0.34427375	0.21052325	-0.13627537	0.13310243	-0.19904846	0.2531511	-0.24440765	0.16783872	-0.12730241	0.11161665	-0.5138992	0.20910114	-0.20158295	0.27062368	-0.13723063	0.99999934	-0.2644764	0.18892157	-0.11497408	0.11302697	-0.27797416	0.17648019	-0.14996482	0.11285139	-0.1274684	0.18456209	-0.14218915	0.15082423	-0.15472017	0.109212734	-0.15475456	0.123773046	-0.10798139	0.12238386	-0.09141095	0.15458061	-0.12146319	0.10573876	-0.09395825	0.11196982
-0.13332984	0.12033293	-0.10303065	0.08242431	-0.071367525	0.13950333	-0.11272729	0.08210946	-0.083735816	0.11450411	-0.110176384	0.12230502	-0.10711245	0.080769844	-0.074766524	0.15646964	-0.22738245	0.1721596	-0.20070763	0.09155167	-0.2644764	0.99999964	-0.7490551	0.15153542	-0.1265542	0.16238828	-0.31720784	0.27208957	-0.16734436	0.13928495	-0.14815836	0.19506957	-0.25149092	0.13904214	-0.10740169	0.12120761	-0.1400851	0.12451851	-0.13407078	0.090692654	-0.13664722	0.12319943	-0.11228521	0.09732795	-0.11173612
0.114862114	-0.107010625	0.08998717	-0.07432165	0.06400521	-0.12400184	0.09561441	-0.071779236	0.07331394	-0.10507727	0.09284929	-0.105403945	0.09226953	-0.07158491	0.06809447	-0.13486873	0.156782	-0.15653348	0.16356125	-0.08484361	0.18892157	-0.7490551	0.9999995	-0.18580733	0.12840784	-0.14769776	0.2514851	-0.44241023	0.18080954	-0.15369496	0.12443065	-0.1940507	0.22151214	-0.13700011	0.10016041	-0.10982668	0.124062985	-0.11552835	0.11736313	-0.08442583	0.11603412	-0.11369697	0.099043086	-0.08862571	0.0995431
-0.07884773	0.071993515	-0.06894821	0.05628522	-0.05308364	0.076949984	-0.061654646	0.054086894	-0.06329894	0.08475105	-0.056174535	0.06341248	-0.07109037	0.0617553	-0.08115503	0.07821861	-0.07569703	0.075897716	-0.13591336	0.10077917	-0.11497408	0.15153542	-0.18580733	0.99999934	-0.47867495	0.098521896	-0.19171818	0.22091548	-0.73984545	0.2975071	-0.08993973	0.13175464	-0.17913851	0.12783761	-0.11087882	0.077622466	-0.09524408	0.0882876	-0.096931554	0.08030822	-0.08655893	0.084715724	-0.07948606	0.07180585	-0.089744836
0.0882	-0.08125194	0.08316932	-0.06882907	0.06761275	-0.08250794	0.06821698	-0.06570449	0.08157029	-0.11070014	0.0594479	-0.06828168	0.086715266	-0.0817993	0.123069555	-0.0807303	0.075701594	-0.07627059	0.1354927	-0.18534416	0.11302697	-0.1265542	0.12840784	-0.47867495	0.9999993	-0.083839394	0.13104911	-0.1487631	0.28319195	-0.7516942	0.075340435	-0.102083355	0.12591915	-0.1750872	0.15270123	-0.07024683	0.08387352	-0.08040166	0.094979756	-0.103314005	0.07746567	-0.07884955	0.07659095	-0.073581494	0.10139101
-0.0928484	0.08391381	-0.06846795	0.056303985	-0.048396274	0.10560557	-0.073677525	0.052760683	-0.054135744	0.07884276	-0.07875232	0.07999964	-0.06685967	0.05188447	-0.04928994	0.124134295	-0.08446429	0.080436036	-0.11746129	0.06073711	-0.27797416	0.16238828	-0.14769776	0.098521896	-0.083839394	0.99999946	-0.32950684	0.17073233	-0.10390372	0.09813591	-0.75690377	0.19961192	-0.18340112	0.122596234	-0.091676235	0.25783414	-0.16444995	0.12583677	-0.13573036	0.084480986	-0.28334138	0.15494557	-0.124128476	0.10143648	-0.10572349
0.09794356	-0.08983603	0.07602931	-0.063093424	0.054928996	-0.10541022	0.07799988	-0.059198298	0.06196725	-0.09014271	0.0769368	-0.0840856	0.07571516	-0.0600607	0.059951216	-0.11391936	0.1034279	-0.099939995	0.13460225	-0.07479223	0.17648019	-0.31720784	0.2514851	-0.19171818	0.13104911	-0.32950684	0.9999996	-0.524556	0.19194905	-0.16534756	0.21163769	-0.5359226	0.3152973	-0.1591367	0.114221685	-0.16748215	0.19106755	-0.16554132	0.15194136	-0.1021642	0.16404349	-0.16981648	0.1321448	-0.117031604	0.119076006
-0.08597434	0.078316	-0.06797667	0.055885833	-0.04930432	0.08990226	-0.06852097	0.053110816	-0.0564591	0.080175735	-0.06639016	0.07315163	-0.06853842	0.054704826	-0.056642447	0.09608594	-0.09450383	0.09105403	-0.124634825	0.07037854	-0.14996482	0.27208957	-0.44241023	0.22091548	-0.1487631	0.17073233	-0.524556	0.9999997	-0.3552157	0.17427337	-0.15095498	0.2803397	-0.47616062	0.14077753	-0.108107224	0.12103072	-0.15810744	0.1473131	-0.14086631	0.09197316	-0.13081883	0.13270387	-0.11670574	0.10125343	-0.1083912
0.07605997	-0.06970598	0.06469978	-0.053493038	0.049310103	-0.07578256	0.059494697	-0.050554622	0.05743994	-0.080171086	0.055032633	-0.06188722	0.0658033	-0.056264676	0.06821181	-0.07751473	0.07384121	-0.07384947	0.11921914	-0.08695596	0.11285139	-0.16734436	0.18080954	-0.73984545	0.28319195	-0.10390372	0.19194905	-0.3552157	0.9999997	-0.409753	0.09045739	-0.14458515	0.1803914	-0.1417378	0.11754737	-0.08051692	0.09725606	-0.09246166	0.09835907	-0.08571358	0.08690104	-0.08840001	0.08090746	-0.074429356	0.091826804
-0.094162166	0.08450255	-0.08633934	0.06893129	-0.06790903	0.08720848	-0.07204905	0.06723058	-0.082382165	0.1050901	-0.06353107	0.07203819	-0.08963172	0.079117715	-0.11486169	0.08650894	-0.08191091	0.08088265	-0.14558525	0.13787165	-0.1274684	0.13928495	-0.15369496	0.2975071	-0.7516942	0.09813591	-0.16534756	0.17427337	-0.409753	0.99999964	-0.09052088	0.122264944	-0.15892495	0.18864027	-0.23027518	0.082481846	-0.102113195	0.09695523	-0.117114305	0.12599842	-0.093171395	0.0938255	-0.09385604	0.08908302	-0.1291424
0.08421741	-0.07718343	0.062491044	-0.051983923	0.044508893	-0.09706714	0.06666461	-0.048103407	0.04932147	-0.07313246	0.06979127	-0.07267755	0.06072386	-0.047412816	0.04510361	-0.11054385	0.07546963	-0.07300523	0.10553427	-0.055820033	0.18456209	-0.14815836	0.12443065	-0.08993973	0.075340435	-0.75690377	0.21163769	-0.15095498	0.09045739	-0.09052088	0.9999997	-0.20436314	0.15849774	-0.1160107	0.08307702	-0.44808263	0.1488554	-0.11679895	0.119576156	-0.0774396	0.25285834	-0.15333344	0.11148523	-0.093984924	0.094355285
-0.077406816	0.070103265	-0.059777576	0.049341068	-0.043125514	0.08194007	-0.060746852	0.046251297	-0.048659436	0.070371196	-0.059859663	0.06481963	-0.059290145	0.04695014	-0.04699167	0.08792474	-0.07747735	0.07445623	-0.1066863	0.058260094	-0.14218915	0.19506957	-0.1940507	0.13175464	-0.102083355	0.19961192	-0.5359226	0.2803397	-0.14458515	0.122264944	-0.20436314	0.9999997	-0.63920134	0.15015939	-0.11074647	0.15619203	-0.32496256	0.21196549	-0.18449944	0.10499806	-0.16764419	0.195159	-0.15718025	0.13110165	-0.1259434
0.08976076	-0.082052544	0.07002492	-0.058225878	0.050873395	-0.09496632	0.07065249	-0.0543184	0.057246078	-0.083543986	0.06878423	-0.07557739	0.06954425	-0.0554707	0.05599738	-0.10038746	0.09141079	-0.08913524	0.12398792	-0.06989012	0.15082423	-0.25149092	0.22151214	-0.17913851	0.12591915	-0.18340112	0.3152973	-0.47616062	0.1803914	-0.15892495	0.15849774	-0.63920134	0.9999995	-0.18743233	0.12754947	-0.15079987	0.23147902	-0.28081316	0.19231416	-0.11885881	0.15234336	-0.19608681	0.16014831	-0.14310625	0.13593012
-0.099418685	0.08520252	-0.078068025	0.062838845	-0.05708557	0.09350009	-0.07258359	0.059060693	-0.064964615	0.09046973	-0.068059444	0.074106604	-0.07691838	0.061833892	-0.06645911	0.095026955	-0.083140984	0.07997749	-0.14125752	0.080741465	-0.15472017	0.13904214	-0.13700011	0.12783761	-0.1750872	0.122596234	-0.1591367	0.14077753	-0.1417378	0.18864027	-0.1160107	0.15015939	-0.18743233	0.99999976	-0.6793416	0.12570454	-0.18995962	0.1901038	-0.30650467	0.30956015	-0.1479084	0.17486924	-0.21781193	0.21499728	-0.41528
0.07329656	-0.06460908	0.058752153	-0.048416212	0.043817222	-0.07083282	0.054348513	-0.044686507	0.04941027	-0.0710492	0.050777968	-0.055817287	0.057861988	-0.04754432	0.05263048	-0.07128621	0.061592918	-0.059926905	0.102332994	-0.06537591	0.109212734	-0.10740169	0.10016041	-0.11087882	0.15270123	-0.091676235	0.114221685	-0.108107224	0.11754737	-0.23027518	0.08307702	-0.11074647	0.12754947	-0.6793416	0.99999976	-0.094594255	0.13080913	-0.1444981	0.20427594	-0.56384474	0.103560224	-0.13360047	0.14928818	-0.17210431	0.28670275
-0.07238374	0.06491603	-0.05398318	0.044537872	-0.038522117	0.07864279	-0.05602676	0.041338537	-0.04291786	0.06282902	-0.05725326	0.05986865	-0.052593965	0.041133605	-0.039690245	0.08632789	-0.064153336	0.06156019	-0.09380745	0.048929878	-0.15475456	0.12120761	-0.10982668	0.077622466	-0.07024683	0.25783414	-0.16748215	0.12103072	-0.08051692	0.082481846	-0.44808263	0.15619203	-0.15079987	0.12570454	-0.094594255	1.0000001	-0.23009486	0.15005732	-0.16329958	0.09383638	-0.7445873	0.23106673	-0.164862	0.12489975	-0.12029648
0.07136812	-0.06439274	0.05457991	-0.045372963	0.039524432	-0.07535101	0.054895934	-0.04183116	0.04398618	-0.06481614	0.054007694	-0.05828142	0.05340095	-0.04235069	0.04205628	-0.07939681	0.06514287	-0.06314837	0.095327936	-0.05214675	0.123773046	-0.1400851	0.124062985	-0.09524408	0.08387352	-0.16444995	0.19106755	-0.15810744	0.09725606	-0.102113195	0.1488554	-0.32496256	0.23147902	-0.18995962	0.13080913	-0.23009486	1.0000002	-0.53559524	0.27260575	-0.15023923	0.2236668	-0.58960783	0.26704097	-0.22961558	0.16995619
-0.063190244	0.056677952	-0.04861489	0.0402547	-0.035267565	0.065541826	-0.048384044	0.037244976	-0.039419245	0.05761539	-0.047197104	0.051096156	-0.047706224	0.03792729	-0.0381307	0.06865786	-0.057924926	0.056033466	-0.08573957	0.047201164	-0.10798139	0.12451851	-0.11552835	0.0882876	-0.08040166	0.12583677	-0.16554132	0.1473131	-0.09246166	0.09695523	-0.11679895	0.21196549	-0.28081316	0.1901038	-0.1444981	0.15005732	-0.53559524	1.0000005	-0.59493357	0.17135975	-0.16736498	0.28330538	-0.37666285	0.26058152	-0.20114617
0.07511626	-0.06729693	0.0578436	-0.04810455	0.042164613	-0.07733182	0.05694864	-0.044138547	0.04684683	-0.069103815	0.055184994	-0.05991232	0.05647855	-0.045072056	0.045480162	-0.07996079	0.06640133	-0.06450241	0.10102711	-0.056383353	0.12238386	-0.13407078	0.11736313	-0.096931554	0.094979756	-0.13573036	0.15194136	-0.14086631	0.09835907	-0.117114305	0.119576156	-0.18449944	0.19231416	-0.30650467	0.20427594	-0.16329958	0.27260575	-0.59493357	1.0000002	-0.31156832	0.16619337	-0.29539257	0.29593888	-0.46213517	0.26598573
-0.05842506	0.051512048	-0.045980345	0.03781286	-0.033878088	0.057506595	-0.04356085	0.03498171	-0.038118232	0.054830164	-0.041308984	0.045072738	-0.045174234	0.03657183	-0.03913867	0.05862024	-0.049957495	0.04842476	-0.08085802	0.04821504	-0.09141095	0.090692654	-0.08442583	0.08030822	-0.103314005	0.084480986	-0.1021642	0.09197316	-0.08571358	0.12599842	-0.0774396	0.10499806	-0.11885881	0.30956015	-0.56384474	0.09383638	-0.15023923	0.17135975	-0.31156832	1.0000005	-0.10511916	0.14903043	-0.19801407	0.22975783	-0.6474673
0.08257437	-0.07509402	0.061793365	-0.051587954	0.044380005	-0.0912358	0.06394055	-0.047273222	0.048947718	-0.073054016	0.06476381	-0.06863204	0.059872415	-0.04704011	0.045292355	-0.0982508	0.07208034	-0.06993418	0.10535688	-0.05607347	0.15458061	-0.13664722	0.11603412	-0.08655893	0.07746567	-0.28334138	0.16404349	-0.13081883	0.08690104	-0.093171395	0.25285834	-0.16764419	0.15234336	-0.1479084	0.103560224	-0.7445873	0.2236668	-0.16736498	0.16619337	-0.10511916	1.0000005	-0.39647457	0.18052913	-0.14774527	0.1278276
-0.067664504	0.06058152	-0.051544763	0.042627737	-0.037217926	0.07090726	-0.051792912	0.03943078	-0.041523144	0.060747065	-0.05110046	0.05479995	-0.050416585	0.039881464	-0.039593365	0.075000785	-0.06084882	0.058709558	-0.090605356	0.048914187	-0.12146319	0.12319943	-0.11369697	0.084715724	-0.07884955	0.15494557	-0.16981648	0.13270387	-0.08840001	0.0938255	-0.15333344	0.195159	-0.19608681	0.17486924	-0.13360047	0.23106673	-0.58960783	0.28330538	-0.29539257	0.14903043	-0.39647457	1.0000005	-0.4743063	0.24616812	-0.19868137
0.063420855	-0.056867443	0.048627328	-0.040443126	0.035360694	-0.06576603	0.04818776	-0.03711322	0.039256163	-0.05797336	0.046960223	-0.050800715	0.04743884	-0.037757322	0.037813302	-0.06837175	0.056055725	-0.05438481	0.08486928	-0.046862107	0.10573876	-0.11228521	0.099043086	-0.07948606	0.07659095	-0.124128476	0.1321448	-0.11670574	0.08090746	-0.09385604	0.11148523	-0.15718025	0.16014831	-0.21781193	0.14928818	-0.164862	0.26704097	-0.37666285	0.29593888	-0.19801407	0.18052913	-0.4743063	1.0000006	-0.6454653	0.23764803
-0.05654759	0.050348416	-0.0435463	0.03604389	-0.031704754	0.057692572	-0.042725567	0.033200745	-0.035348535	0.051736817	-0.041387286	0.044803586	-0.04257244	0.03395468	-0.03442924	0.059789825	-0.049733978	0.048135135	-0.07656237	0.042566277	-0.09395825	0.09732795	-0.08862571	0.07180585	-0.073581494	0.10143648	-0.117031604	0.10125343	-0.074429356	0.08908302	-0.093984924	0.13110165	-0.14310625	0.21499728	-0.17210431	0.12489975	-0.22961558	0.26058152	-0.46213517	0.22975783	-0.14774527	0.24616812	-0.6454653	1.0000006	-0.44111902
0.07247247	-0.064251184	0.056317497	-0.046808697	0.041399337	-0.07221272	0.053967144	-0.042745423	0.045952223	-0.06777303	0.051431514	-0.056094483	0.05488021	-0.04417543	0.045581732	-0.07332537	0.06139177	-0.059640616	0.098323785	-0.0565625	0.11196982	-0.11173612	0.0995431	-0.089744836	0.10139101	-0.10572349	0.119076006	-0.1083912	0.091826804	-0.1291424	0.094355285	-0.1259434	0.13593012	-0.41528	0.28670275	-0.12029648	0.16995619	-0.20114617	0.26598573	-0.6474673	0.1278276	-0.19868137	0.23764803	-0.44111902	1.0000006
