1.0000001	-0.2547956	0.21265128	-0.091251336	0.11921261	-0.5222301	0.24575616	-0.20047748	0.09916041	-0.11600787	0.25535846	-0.26205042	0.17295776	-0.13061725	0.10401641	-0.24633498	0.2650827	-0.15705757	0.15074944	-0.1462063	0.10971078	-0.2139699	0.12198529	-0.119188875	0.099821866	-0.099865444	0.18047822	-0.1129067	0.10811643	-0.10663095	0.08779751	-0.08667031	0.13385986	-0.084636725	0.09460879	-0.071367234	0.059437107	-0.0614615	0.07441544	-0.080975436	0.0378174	-0.038169794	0.051613603	-0.06066997	0.0777525
-0.2547956	1.0000001	-0.88446844	0.07329478	-0.08093407	0.17789644	-0.27835143	0.14343868	-0.075194396	0.0715626	-0.13328229	0.18540828	-0.12863566	0.07501077	-0.060593694	0.10806522	-0.13830866	0.069596805	-0.07481778	0.0700616	-0.049019616	0.087410204	-0.05440111	0.053936407	-0.046200193	0.04332549	-0.07813029	0.049362358	-0.04830951	0.04767811	-0.03832335	0.037443597	-0.058816917	0.037321236	-0.04209456	0.030246869	-0.02540693	0.026085192	-0.03238684	0.034944035	-0.016051583	0.016156036	-0.021975785	0.025792934	-0.033131156
0.21265128	-0.88446844	1.0000001	-0.08875791	0.0902656	-0.18757954	0.21337573	-0.16512775	0.084526084	-0.08319969	0.13508269	-0.20768204	0.13388039	-0.08622722	0.06861352	-0.11827967	0.14387813	-0.08084012	0.08536302	-0.08193255	0.054618686	-0.10357004	0.06288558	-0.06278645	0.053594775	-0.048868626	0.09031015	-0.057238087	0.05601562	-0.055641912	0.043769404	-0.04297255	0.06787656	-0.043400764	0.04885301	-0.035104122	0.029402902	-0.030381879	0.037704784	-0.040837992	0.018660028	-0.018806605	0.02557491	-0.03012292	0.038623087
-0.091251336	0.07329478	-0.08875791	0.9999999	-0.54423726	0.07203406	-0.086069845	0.14944303	-0.75173	0.2840918	-0.065255806	0.0870072	-0.13753314	0.17545876	-0.15827653	0.057074815	-0.08185602	0.07011692	-0.117046416	0.11588628	-0.03500111	0.078285985	-0.056167275	0.06782981	-0.06318916	0.030669242	-0.075056665	0.050726295	-0.055872362	0.058717094	-0.033089038	0.032331467	-0.059595093	0.041858323	-0.048565574	0.027095681	-0.023074977	0.024711456	-0.03478185	0.037354864	-0.014879236	0.0149726	-0.021037308	0.025551297	-0.032729868
0.11921261	-0.08093407	0.0902656	-0.54423726	0.9999994	-0.09208639	0.097955145	-0.1666591	0.31710213	-0.6343139	0.083232135	-0.10749346	0.1463253	-0.3016783	0.24644622	-0.07660549	0.10989085	-0.10936252	0.17739332	-0.20483367	0.050687615	-0.12418658	0.08702453	-0.11109279	0.10286146	-0.044682756	0.11404326	-0.07912682	0.088502616	-0.09677112	0.049826663	-0.048996173	0.0915369	-0.066749714	0.07688265	-0.0418127	0.035468962	-0.03850028	0.05494448	-0.05971421	0.023017537	-0.023232898	0.032704744	-0.04013444	0.05096396
-0.5222301	0.17789644	-0.18757954	0.07203406	-0.09208639	0.9999992	-0.4682487	0.19136465	-0.0820564	0.08649831	-0.5164476	0.2891072	-0.18596621	0.09924275	-0.07993022	0.2516771	-0.3025926	0.10787547	-0.10704585	0.09809846	-0.09538119	0.1339305	-0.0842288	0.07974521	-0.06748007	0.081479274	-0.12084247	0.07596094	-0.0725693	0.070455566	-0.06454803	0.062584795	-0.09108784	0.056196213	-0.0630275	0.048465062	-0.040705632	0.04069297	-0.048915703	0.052613012	-0.025226941	0.02535855	-0.034143068	0.039439578	-0.050595183
0.24575616	-0.27835143	0.21337573	-0.086069845	0.097955145	-0.4682487	0.99999934	-0.36126825	0.09880661	-0.095717385	0.249619	-0.64735895	0.2588103	-0.11103782	0.08642565	-0.18414406	0.20881371	-0.09507667	0.10088596	-0.09302583	0.07061859	-0.11320119	0.07327926	-0.07112796	0.06104188	-0.0624628	0.10074857	-0.06457314	0.06320409	-0.06226766	0.051463645	-0.050383355	0.076660395	-0.048570167	0.054770503	-0.039682794	0.03332344	-0.033828363	0.041865848	-0.045077067	0.02083401	-0.020969223	0.028428737	-0.0331972	0.04251455
-0.20047748	0.14343868	-0.16512775	0.14944303	-0.1666591	0.19136465	-0.36126825	0.99999934	-0.22143842	0.15497006	-0.17455107	0.2791006	-0.776561	0.18381567	-0.1503509	0.13248439	-0.18270837	0.111500256	-0.1422586	0.1229662	-0.06365934	0.11639668	-0.087081015	0.08622788	-0.07694909	0.05540023	-0.111231424	0.072623074	-0.07466903	0.07396849	-0.05219625	0.05073147	-0.08621836	0.056065444	-0.06436472	0.040706143	-0.03460188	0.035815533	-0.047376323	0.050513744	-0.021871094	0.021957949	-0.030358005	0.035977412	-0.046293993
0.09916041	-0.075194396	0.084526084	-0.75173	0.31710213	-0.0820564	0.09880661	-0.22143842	0.99999934	-0.44390994	0.07326925	-0.10225706	0.16200964	-0.24948628	0.19507541	-0.064287715	0.09077698	-0.08089738	0.1346897	-0.14067835	0.03919791	-0.08912768	0.06427914	-0.07897824	0.07363498	-0.034434963	0.08412386	-0.057600837	0.06390506	-0.0680742	0.037148077	-0.036387995	0.06721061	-0.047830235	0.05539142	-0.03052851	0.025973372	-0.027886083	0.039489668	-0.042529467	0.016750934	-0.016871553	0.023716496	-0.028883372	0.036872003
-0.11600787	0.0715626	-0.08319969	0.2840918	-0.6343139	0.08649831	-0.095717385	0.15497006	-0.44390994	0.99999917	-0.080779254	0.10139431	-0.15528804	0.27903572	-0.45878986	0.0727885	-0.10770333	0.103281744	-0.1960364	0.19421342	-0.049271055	0.11369306	-0.08429201	0.10651443	-0.10476181	0.043049842	-0.113329805	0.07714558	-0.087611035	0.092044055	-0.048833143	0.047635056	-0.09104157	0.06486728	-0.076354556	0.040093023	-0.034315407	0.036992304	-0.053556394	0.057069696	-0.022205604	0.022318603	-0.031614337	0.03859089	-0.04959136
0.25535846	-0.13328229	0.13508269	-0.065255806	0.083232135	-0.5164476	0.249619	-0.17455107	0.07326925	-0.080779254	0.9999991	-0.36933848	0.16427106	-0.094607964	0.074740924	-0.60855067	0.29896662	-0.11178936	0.10337209	-0.09686962	0.12299151	-0.1411236	0.08560202	-0.080286205	0.067123815	-0.11124911	0.120862015	-0.07765653	0.07291086	-0.07105002	0.07210217	-0.07141755	0.09224926	-0.05688063	0.06321007	-0.052872967	0.0439079	-0.042945776	0.04960625	-0.053620152	0.026693814	-0.026918586	0.035672437	-0.04070511	0.05173508
-0.26205042	0.18540828	-0.20768204	0.0870072	-0.10749346	0.2891072	-0.64735895	0.2791006	-0.10225706	0.10139431	-0.36933848	0.9999992	-0.4084181	0.12519814	-0.099145606	0.21506427	-0.29542997	0.10795933	-0.11505038	0.10254764	-0.08283537	0.12435571	-0.08363212	0.07932588	-0.06823909	0.07160601	-0.113318995	0.072429374	-0.070798025	0.06912267	-0.058555525	0.056938004	-0.08636712	0.054173384	-0.06119847	0.044305824	-0.037334245	0.03763149	-0.046605747	0.049966313	-0.023221143	0.023336478	-0.031650595	0.036814984	-0.04722755
0.17295776	-0.12863566	0.13388039	-0.13753314	0.1463253	-0.18596621	0.2588103	-0.776561	0.16200964	-0.15528804	0.16427106	-0.4084181	0.9999995	-0.2420135	0.15194422	-0.1330021	0.16729954	-0.12271588	0.14063804	-0.12715207	0.061603654	-0.11824486	0.089348756	-0.08742266	0.077197954	-0.054375272	0.108343646	-0.072181664	0.07417098	-0.074319616	0.050822973	-0.049736746	0.084503025	-0.055653565	0.063614845	-0.0399973	0.03390224	-0.035221748	0.046738446	-0.05005597	0.0214435	-0.021565018	0.029792666	-0.035421398	0.04536111
-0.13061725	0.07501077	-0.08622722	0.17545876	-0.3016783	0.09924275	-0.11103782	0.18381567	-0.24948628	0.27903572	-0.094607964	0.12519814	-0.2420135	0.9999994	-0.7086882	0.08537569	-0.1266714	0.13936202	-0.3768818	0.26431978	-0.060226172	0.1423569	-0.11345003	0.14836316	-0.14562765	0.05258059	-0.14335468	0.10024438	-0.11764495	0.12205458	-0.061169896	0.059738398	-0.11748005	0.0850872	-0.10089421	0.04997872	-0.042947974	0.046427608	-0.06907115	0.07313206	-0.02774937	0.027881203	-0.039727293	0.0486898	-0.062449127
0.10401641	-0.060593694	0.06861352	-0.15827653	0.24644622	-0.07993022	0.08642565	-0.1503509	0.19507541	-0.45878986	0.074740924	-0.099145606	0.15194422	-0.7086882	0.9999995	-0.06904366	0.101077035	-0.117641754	0.24804461	-0.36404288	0.04977074	-0.12248012	0.09553703	-0.13493726	0.1390872	-0.04366395	0.11966746	-0.086002454	0.10289446	-0.115108825	0.051273715	-0.050351527	0.0993384	-0.07507591	0.08862242	-0.04250658	0.036420114	-0.039716657	0.059979506	-0.06412976	0.023599142	-0.023769168	0.03391758	-0.041908905	0.053315654
-0.24633498	0.10806522	-0.11827967	0.057074815	-0.07660549	0.2516771	-0.18414406	0.13248439	-0.064287715	0.0727885	-0.60855067	0.21506427	-0.1330021	0.08537569	-0.06904366	0.99999946	-0.6195759	0.12178848	-0.10478729	0.095687106	-0.21011515	0.14902912	-0.09436725	0.08381232	-0.069443434	0.14968424	-0.13338432	0.08502403	-0.07773936	0.0742021	-0.09014171	0.086426176	-0.102393255	0.060717907	-0.0670838	0.06063975	-0.05063833	0.047694847	-0.05304383	0.05697462	-0.029953092	0.030100951	-0.03947013	0.04402484	-0.05592504
0.2650827	-0.13830866	0.14387813	-0.08185602	0.10989085	-0.3025926	0.20881371	-0.18270837	0.09077698	-0.10770333	0.29896662	-0.29542997	0.16729954	-0.1266714	0.101077035	-0.6195759	0.9999993	-0.2197647	0.15909311	-0.1492704	0.1616496	-0.25909403	0.15336648	-0.13173035	0.10725369	-0.15361606	0.1955246	-0.12750833	0.11820005	-0.11439918	0.107997164	-0.108544365	0.14811747	-0.091637745	0.10139746	-0.08227334	0.06818507	-0.06767868	0.07936404	-0.0860008	0.041851893	-0.042288486	0.05622214	-0.06467955	0.081947125
-0.15705757	0.069596805	-0.08084012	0.07011692	-0.10936252	0.10787547	-0.09507667	0.111500256	-0.08089738	0.103281744	-0.11178936	0.10795933	-0.12271588	0.13936202	-0.117641754	0.12178848	-0.2197647	0.99999917	-0.33433694	0.20926735	-0.108224854	0.30102	-0.7272964	0.24464881	-0.19354537	0.09342463	-0.3214443	0.22965929	-0.21599405	0.17919968	-0.11842574	0.114709385	-0.2595519	0.14646776	-0.16652387	0.088310294	-0.07789809	0.081007235	-0.11726168	0.12024049	-0.048703074	0.048479866	-0.06936046	0.08241055	-0.1065959
0.15074944	-0.07481778	0.08536302	-0.117046416	0.17739332	-0.10704585	0.10088596	-0.1422586	0.1346897	-0.1960364	0.10337209	-0.11505038	0.14063804	-0.3768818	0.24804461	-0.10478729	0.15909311	-0.33433694	0.99999905	-0.5918496	0.088905476	-0.27611455	0.22735702	-0.38161114	0.2686011	-0.07877436	0.23160148	-0.18380179	0.22008328	-0.24744524	0.09745382	-0.09739294	0.19721717	-0.15974332	0.17834362	-0.08361506	0.07114415	-0.07922466	0.12234208	-0.13456087	0.04628757	-0.046932112	0.06709999	-0.0844631	0.104752
-0.1462063	0.0700616	-0.08193255	0.11588628	-0.20483367	0.09809846	-0.09302583	0.1229662	-0.14067835	0.19421342	-0.09686962	0.10254764	-0.12715207	0.26431978	-0.36404288	0.095687106	-0.1492704	0.20926735	-0.5918496	0.99999905	-0.087356515	0.21394081	-0.18626076	0.2782723	-0.4521111	0.07602255	-0.23794368	0.17260873	-0.22724123	0.24401425	-0.0984733	0.096068226	-0.20500065	0.15728673	-0.1989714	0.08059239	-0.07008736	0.076866165	-0.124402486	0.12827216	-0.04550315	0.04562741	-0.06634557	0.08238796	-0.10606761
0.10971078	-0.049019616	0.054618686	-0.03500111	0.050687615	-0.09538119	0.07061859	-0.06365934	0.03919791	-0.049271055	0.12299151	-0.08283537	0.061603654	-0.060226172	0.04977074	-0.21011515	0.1616496	-0.108224854	0.088905476	-0.087356515	0.99999905	-0.1642399	0.08885562	-0.08628636	0.06902602	-0.8675413	0.15110415	-0.10861757	0.08556203	-0.081608534	0.22569042	-0.2333406	0.13076322	-0.071953535	0.07436939	-0.12630236	0.10073822	-0.0807451	0.06499369	-0.07067006	0.052016944	-0.052784424	0.06285699	-0.06234798	0.07545148
-0.2139699	0.087410204	-0.10357004	0.078285985	-0.12418658	0.1339305	-0.11320119	0.11639668	-0.08912768	0.11369306	-0.1411236	0.12435571	-0.11824486	0.1423569	-0.12248012	0.14902912	-0.25909403	0.30102	-0.27611455	0.21394081	-0.1642399	0.9999992	-0.45261636	0.236329	-0.1944446	0.13678658	-0.57519364	0.2731692	-0.23997378	0.1998245	-0.16651681	0.15763211	-0.32916793	0.17356046	-0.19627164	0.120063245	-0.106418364	0.108100265	-0.1459555	0.14929505	-0.06630192	0.06555737	-0.09305925	0.10811589	-0.14298424
0.12198529	-0.05440111	0.06288558	-0.056167275	0.08702453	-0.0842288	0.07327926	-0.087081015	0.06427914	-0.08429201	0.08560202	-0.08363212	0.089348756	-0.11345003	0.09553703	-0.09436725	0.15336648	-0.7272964	0.22735702	-0.18626076	0.08885562	-0.45261636	0.9999991	-0.31803852	0.1805816	-0.07822478	0.26671737	-0.27777326	0.2041258	-0.17227589	0.09877026	-0.099135816	0.22368512	-0.13581143	0.14663301	-0.0759956	0.066378534	-0.07008084	0.10285598	-0.10772579	0.041473307	-0.0415712	0.0593303	-0.071504004	0.090330325
-0.119188875	0.053936407	-0.06278645	0.06782981	-0.11109279	0.07974521	-0.07112796	0.08622788	-0.07897824	0.10651443	-0.080286205	0.07932588	-0.08742266	0.14836316	-0.13493726	0.08381232	-0.13173035	0.24464881	-0.38161114	0.2782723	-0.08628636	0.236329	-0.31803852	0.99999934	-0.56198645	0.07608605	-0.2526564	0.22810982	-0.47059435	0.30310765	-0.10391368	0.10384238	-0.24396482	0.21200295	-0.24916501	0.08510967	-0.07433844	0.08276613	-0.14972971	0.14970519	-0.047802597	0.048182543	-0.07103908	0.09012655	-0.11237946
0.099821866	-0.046200193	0.053594775	-0.06318916	0.10286146	-0.06748007	0.06104188	-0.07694909	0.07363498	-0.10476181	0.067123815	-0.06823909	0.077197954	-0.14562765	0.1390872	-0.069443434	0.10725369	-0.19354537	0.2686011	-0.4521111	0.06902602	-0.1944446	0.1805816	-0.56198645	0.99999934	-0.06121088	0.1907137	-0.17409952	0.27196062	-0.5529738	0.082177594	-0.08292303	0.18280514	-0.18684512	0.22272795	-0.07105128	0.06116158	-0.069996215	0.12612052	-0.13675024	0.039943196	-0.040561337	0.05972815	-0.07769992	0.09501143
-0.099865444	0.04332549	-0.048868626	0.030669242	-0.044682756	0.081479274	-0.0624628	0.05540023	-0.034434963	0.043049842	-0.11124911	0.07160601	-0.054375272	0.05258059	-0.04366395	0.14968424	-0.15361606	0.09342463	-0.07877436	0.07602255	-0.8675413	0.13678658	-0.07822478	0.07608605	-0.06121088	0.9999992	-0.15598318	0.099749915	-0.07770974	0.07219336	-0.32904974	0.20605066	-0.12660329	0.064817764	-0.067316994	0.11023522	-0.094073154	0.07157755	-0.05858441	0.0626881	-0.04704478	0.0465305	-0.05705282	0.055507984	-0.06864019
0.18047822	-0.07813029	0.09031015	-0.075056665	0.11404326	-0.12084247	0.10074857	-0.111231424	0.08412386	-0.113329805	0.120862015	-0.113318995	0.108343646	-0.14335468	0.11966746	-0.13338432	0.1955246	-0.3214443	0.23160148	-0.23794368	0.15110415	-0.57519364	0.26671737	-0.2526564	0.1907137	-0.15598318	0.9999992	-0.4632359	0.24522936	-0.23158501	0.16136917	-0.18116438	0.29969108	-0.1897462	0.19039351	-0.13540441	0.11262362	-0.11895541	0.14886042	-0.1679587	0.069686145	-0.07122842	0.09674182	-0.11614018	0.13968657
-0.1129067	0.049362358	-0.057238087	0.050726295	-0.07912682	0.07596094	-0.06457314	0.072623074	-0.057600837	0.07714558	-0.07765653	0.072429374	-0.072181664	0.10024438	-0.086002454	0.08502403	-0.12750833	0.22965929	-0.18380179	0.17260873	-0.10861757	0.2731692	-0.27777326	0.22810982	-0.17409952	0.099749915	-0.4632359	0.99999946	-0.41320688	0.21609706	-0.1536644	0.1629884	-0.6457524	0.21114056	-0.19962335	0.106380396	-0.0963079	0.098247096	-0.14356408	0.14640486	-0.056055535	0.056239642	-0.08110781	0.095241	-0.11569132
0.10811643	-0.04830951	0.05601562	-0.055872362	0.088502616	-0.0725693	0.06320409	-0.07466903	0.06390506	-0.087611035	0.07291086	-0.070798025	0.07417098	-0.11764495	0.10289446	-0.07773936	0.11820005	-0.21599405	0.22008328	-0.22724123	0.08556203	-0.23997378	0.2041258	-0.47059435	0.27196062	-0.07770974	0.24522936	-0.41320688	0.9999994	-0.46439415	0.109021194	-0.11576488	0.27442515	-0.4362698	0.29028383	-0.096588604	0.0829	-0.09750817	0.19304942	-0.20547989	0.053704977	-0.055039454	0.08198782	-0.11037079	0.12771285
-0.10663095	0.04767811	-0.055641912	0.058717094	-0.09677112	0.070455566	-0.06226766	0.07396849	-0.0680742	0.092044055	-0.07105002	0.06912267	-0.074319616	0.12205458	-0.115108825	0.0742021	-0.11439918	0.17919968	-0.24744524	0.24401425	-0.081608534	0.1998245	-0.17227589	0.30310765	-0.5529738	0.07219336	-0.23158501	0.21609706	-0.46439415	0.9999997	-0.10290575	0.10333175	-0.2467822	0.26858568	-0.47445408	0.08794538	-0.07678983	0.08860936	-0.18074034	0.18173103	-0.050230123	0.050843567	-0.07665219	0.10058502	-0.124640115
0.08779751	-0.03832335	0.043769404	-0.033089038	0.049826663	-0.06454803	0.051463645	-0.05219625	0.037148077	-0.048833143	0.07210217	-0.058555525	0.050822973	-0.061169896	0.051273715	-0.09014171	0.107997164	-0.11842574	0.09745382	-0.0984733	0.22569042	-0.16651681	0.09877026	-0.10391368	0.082177594	-0.32904974	0.16136917	-0.1536644	0.109021194	-0.10290575	0.99999964	-0.7907351	0.20009959	-0.09808343	0.096038036	-0.27252087	0.21183892	-0.14409836	0.09045103	-0.097081624	0.0930571	-0.09265374	0.107375704	-0.09561352	0.11416569
-0.08667031	0.037443597	-0.04297255	0.032331467	-0.048996173	0.062584795	-0.050383355	0.05073147	-0.036387995	0.047635056	-0.07141755	0.056938004	-0.049736746	0.059738398	-0.050351527	0.086426176	-0.108544365	0.114709385	-0.09739294	0.096068226	-0.2333406	0.15763211	-0.099135816	0.10384238	-0.08292303	0.20605066	-0.18116438	0.1629884	-0.11576488	0.10333175	-0.7907351	0.99999976	-0.29337272	0.103431284	-0.10166906	0.22606355	-0.29630172	0.14855544	-0.095319346	0.09859439	-0.09321345	0.08913133	-0.11608664	0.09787319	-0.1216337
0.13385986	-0.058816917	0.06787656	-0.059595093	0.0915369	-0.09108784	0.076660395	-0.08621836	0.06721061	-0.09104157	0.09224926	-0.08636712	0.084503025	-0.11748005	0.0993384	-0.102393255	0.14811747	-0.2595519	0.19721717	-0.20500065	0.13076322	-0.32916793	0.22368512	-0.24396482	0.18280514	-0.12660329	0.29969108	-0.6457524	0.27442515	-0.2467822	0.20009959	-0.29337272	0.99999964	-0.28215492	0.21695334	-0.15018956	0.13289739	-0.1389752	0.16926628	-0.18658023	0.07475664	-0.07603355	0.106982805	-0.12402043	0.1439001
-0.084636725	0.037321236	-0.043400764	0.041858323	-0.066749714	0.056196213	-0.048570167	0.056065444	-0.047830235	0.06486728	-0.05688063	0.054173384	-0.055653565	0.0850872	-0.07507591	0.060717907	-0.091637745	0.14646776	-0.15974332	0.15728673	-0.071953535	0.17356046	-0.13581143	0.21200295	-0.18684512	0.064817764	-0.1897462	0.21114056	-0.4362698	0.26858568	-0.09808343	0.103431284	-0.28215492	0.99999934	-0.6458707	0.09473062	-0.08282607	0.10575573	-0.41657948	0.26984867	-0.05581564	0.057376843	-0.09301411	0.13376246	-0.1518693
0.09460879	-0.04209456	0.04885301	-0.048565574	0.07688265	-0.0630275	0.054770503	-0.06436472	0.05539142	-0.076354556	0.06321007	-0.06119847	0.063614845	-0.10089421	0.08862242	-0.0670838	0.10139746	-0.16652387	0.17834362	-0.1989714	0.07436939	-0.19627164	0.14663301	-0.24916501	0.22272795	-0.067316994	0.19039351	-0.19962335	0.29028383	-0.47445408	0.096038036	-0.10166906	0.21695334	-0.6458707	0.9999989	-0.100395195	0.08441881	-0.110033885	0.26187462	-0.3440663	0.05796421	-0.060441673	0.09345457	-0.13806361	0.15490854
-0.071367234	0.030246869	-0.035104122	0.027095681	-0.0418127	0.048465062	-0.039682794	0.040706143	-0.03052851	0.040093023	-0.052872967	0.044305824	-0.0399973	0.04997872	-0.04250658	0.06063975	-0.08227334	0.088310294	-0.08361506	0.08059239	-0.12630236	0.120063245	-0.0759956	0.08510967	-0.07105128	0.11023522	-0.13540441	0.106380396	-0.096588604	0.08794538	-0.27252087	0.22606355	-0.15018956	0.09473062	-0.100395195	0.99999875	-0.7240988	0.2764583	-0.12944067	0.12543803	-0.32013452	0.21938604	-0.26907235	0.17860289	-0.24911116
0.059437107	-0.02540693	0.029402902	-0.023074977	0.035468962	-0.040705632	0.03332344	-0.03460188	0.025973372	-0.034315407	0.0439079	-0.037334245	0.03390224	-0.042947974	0.036420114	-0.05063833	0.06818507	-0.07789809	0.07114415	-0.07008736	0.10073822	-0.106418364	0.066378534	-0.07433844	0.06116158	-0.094073154	0.11262362	-0.0963079	0.0829	-0.07678983	0.21183892	-0.29630172	0.13289739	-0.08282607	0.08441881	-0.7240988	0.99999857	-0.46357775	0.10974722	-0.109276704	0.19048314	-0.19645713	0.23242912	-0.1636276	0.18430984
-0.0614615	0.026085192	-0.030381879	0.024711456	-0.03850028	0.04069297	-0.033828363	0.035815533	-0.027886083	0.036992304	-0.042945776	0.03763149	-0.035221748	0.046427608	-0.039716657	0.047694847	-0.06767868	0.081007235	-0.07922466	0.076866165	-0.0807451	0.108100265	-0.07008084	0.08276613	-0.069996215	0.07157755	-0.11895541	0.098247096	-0.09750817	0.08860936	-0.14409836	0.14855544	-0.1389752	0.10575573	-0.110033885	0.2764583	-0.46357775	0.9999987	-0.18182296	0.15834011	-0.22563645	0.20475848	-0.65873355	0.26569757	-0.33397233
0.07441544	-0.03238684	0.037704784	-0.03478185	0.05494448	-0.048915703	0.041865848	-0.047376323	0.039489668	-0.053556394	0.04960625	-0.046605747	0.046738446	-0.06907115	0.059979506	-0.05304383	0.07936404	-0.11726168	0.12234208	-0.124402486	0.06499369	-0.1459555	0.10285598	-0.14972971	0.12612052	-0.05858441	0.14886042	-0.14356408	0.19304942	-0.18074034	0.09045103	-0.095319346	0.16926628	-0.41657948	0.26187462	-0.12944067	0.10974722	-0.18182296	0.99999887	-0.7428177	0.081692465	-0.08740791	0.15495446	-0.2949926	0.25369692
-0.080975436	0.034944035	-0.040837992	0.037354864	-0.05971421	0.052613012	-0.045077067	0.050513744	-0.042529467	0.057069696	-0.053620152	0.049966313	-0.05005597	0.07313206	-0.06412976	0.05697462	-0.0860008	0.12024049	-0.13456087	0.12827216	-0.07067006	0.14929505	-0.10772579	0.14970519	-0.13675024	0.0626881	-0.1679587	0.14640486	-0.20547989	0.18173103	-0.097081624	0.09859439	-0.18658023	0.26984867	-0.3440663	0.12543803	-0.109276704	0.15834011	-0.7428177	0.9999988	-0.0830961	0.08552438	-0.15148966	0.23491961	-0.37762645
0.0378174	-0.016051583	0.018660028	-0.014879236	0.023017537	-0.025226941	0.02083401	-0.021871094	0.016750934	-0.022205604	0.026693814	-0.023221143	0.0214435	-0.02774937	0.023599142	-0.029953092	0.041851893	-0.048703074	0.04628757	-0.04550315	0.052016944	-0.06630192	0.041473307	-0.047802597	0.039943196	-0.04704478	0.069686145	-0.056055535	0.053704977	-0.050230123	0.0930571	-0.09321345	0.07475664	-0.05581564	0.05796421	-0.32013452	0.19048314	-0.22563645	0.081692465	-0.0830961	0.9999988	-0.870286	0.21829447	-0.14988291	0.14614476
-0.038169794	0.016156036	-0.018806605	0.0149726	-0.023232898	0.02535855	-0.020969223	0.021957949	-0.016871553	0.022318603	-0.026918586	0.023336478	-0.021565018	0.027881203	-0.023769168	0.030100951	-0.042288486	0.048479866	-0.046932112	0.04562741	-0.052784424	0.06555737	-0.0415712	0.048182543	-0.040561337	0.0465305	-0.07122842	0.056239642	-0.055039454	0.050843567	-0.09265374	0.08913133	-0.07603355	0.057376843	-0.060441673	0.21938604	-0.19645713	0.20475848	-0.08740791	0.08552438	-0.870286	0.9999986	-0.31470123	0.15589736	-0.17164592
0.051613603	-0.021975785	0.02557491	-0.021037308	0.032704744	-0.034143068	0.028428737	-0.030358005	0.023716496	-0.031614337	0.035672437	-0.031650595	0.029792666	-0.039727293	0.03391758	-0.03947013	0.05622214	-0.06936046	0.06709999	-0.06634557	0.06285699	-0.09305925	0.0593303	-0.07103908	0.05972815	-0.05705282	0.09674182	-0.08110781	0.08198782	-0.07665219	0.107375704	-0.11608664	0.106982805	-0.09301411	0.09345457	-0.26907235	0.23242912	-0.65873355	0.15495446	-0.15148966	0.21829447	-0.31470123	0.99999875	-0.49362278	0.27881843
-0.06066997	0.025792934	-0.03012292	0.025551297	-0.04013444	0.039439578	-0.0331972	0.035977412	-0.028883372	0.03859089	-0.04070511	0.036814984	-0.035421398	0.0486898	-0.041908905	0.04402484	-0.06467955	0.08241055	-0.0844631	0.08238796	-0.06234798	0.10811589	-0.071504004	0.09012655	-0.07769992	0.055507984	-0.11614018	0.095241	-0.11037079	0.10058502	-0.09561352	0.09787319	-0.12402043	0.13376246	-0.13806361	0.17860289	-0.1636276	0.26569757	-0.2949926	0.23491961	-0.14988291	0.15589736	-0.49362278	0.99999887	-0.70655596
0.0777525	-0.033131156	0.038623087	-0.032729868	0.05096396	-0.050595183	0.04251455	-0.046293993	0.036872003	-0.04959136	0.05173508	-0.04722755	0.04536111	-0.062449127	0.053315654	-0.05592504	0.081947125	-0.1065959	0.104752	-0.10606761	0.07545148	-0.14298424	0.090330325	-0.11237946	0.09501143	-0.06864019	0.13968657	-0.11569132	0.12771285	-0.124640115	0.11416569	-0.1216337	0.1439001	-0.1518693	0.15490854	-0.24911116	0.18430984	-0.33397233	0.25369692	-0.37762645	0.14614476	-0.17164592	0.27881843	-0.70655596	0.99999887
