1.0	-0.42036045	0.21756947	-0.12719162	0.1571486	-0.72161275	0.188907	-0.15780735	0.08306115	-0.06091667	0.25828674	-0.18468328	0.16351624	-0.08811232	0.06856666	-0.2526126	0.15333724	-0.1807472	0.12198709	-0.14000417	0.14610076	-0.11799537	0.103483945	-0.108721256	0.12556326	-0.102106996	0.09483893	-0.08617859	0.0784422	-0.09787218	0.068653196	-0.08483406	0.074702695	-0.06710613	0.09479607	-0.083157346	0.06617725	-0.06508648	0.053972308	-0.048555095	0.080405675	-0.049766704	0.06367922	-0.04101285	0.036923278
-0.42036045	0.99999994	-0.6296258	0.23633803	-0.32020995	0.23555742	-0.38095173	0.25759545	-0.105745256	0.0775504	-0.17481486	0.19295877	-0.2049735	0.10159935	-0.08222088	0.15613899	-0.11553255	0.12988465	-0.10289424	0.11285313	-0.11443841	0.09066057	-0.08252249	0.08710786	-0.104135446	0.07732836	-0.0748545	0.06770751	-0.062798895	0.07733259	-0.05329341	0.065400675	-0.05949628	0.053011786	-0.07625534	0.06398999	-0.05195661	0.05086654	-0.042686287	0.03823626	-0.06374797	0.039176565	-0.050396662	0.03230571	-0.029221797
0.21756947	-0.6296258	0.9999999	-0.44844365	0.28599936	-0.20858307	0.2644456	-0.37242395	0.11207449	-0.08316338	0.15141918	-0.19404568	0.19371362	-0.110080995	0.08297337	-0.1558437	0.11142464	-0.1340229	0.103487805	-0.11863924	0.11049641	-0.09249904	0.0826405	-0.08926698	0.10379535	-0.078332484	0.075115375	-0.06883083	0.063825175	-0.079663284	0.053836912	-0.06671191	0.05993002	-0.053800333	0.076514944	-0.06564324	0.052737333	-0.05193163	0.043287233	-0.038917687	0.064499624	-0.039801013	0.05106593	-0.032856625	0.029638292
-0.12719162	0.23633803	-0.44844365	0.99999976	-0.81817186	0.11535758	-0.14583474	0.15126024	-0.13295841	0.09649216	-0.09142357	0.108057454	-0.11489679	0.10651033	-0.088912845	0.092828766	-0.070778206	0.08426006	-0.07421439	0.08325195	-0.073008776	0.061219122	-0.055698767	0.061206672	-0.07187033	0.051264018	-0.0501611	0.046050437	-0.0434019	0.053851645	-0.035621367	0.04406475	-0.04022972	0.03598667	-0.05149004	0.043288767	-0.03506901	0.034487206	-0.028886525	0.025936482	-0.04303106	0.026490003	-0.034059476	0.021890225	-0.019785777
0.1571486	-0.32020995	0.28599936	-0.81817186	0.9999995	-0.15949328	0.15982565	-0.17167631	0.13241817	-0.120037444	0.11903466	-0.13524319	0.13108572	-0.12579086	0.10260439	-0.12795174	0.0945384	-0.116071776	0.09793392	-0.11384242	0.09943284	-0.085122354	0.0763966	-0.08393941	0.09750245	-0.071509585	0.06942068	-0.06395925	0.059737485	-0.07478554	0.0496236	-0.06165794	0.055753928	-0.050107826	0.071376994	-0.060857624	0.0490243	-0.048345484	0.040350694	-0.03628521	0.060129985	-0.037071075	0.047604445	-0.030626934	0.027638791
-0.72161275	0.23555742	-0.20858307	0.11535758	-0.15949328	0.99999964	-0.19997863	0.15086748	-0.08072925	0.05792969	-0.46946537	0.19160424	-0.18435581	0.083432876	-0.06635693	0.2393423	-0.16117257	0.15892664	-0.11385494	0.12096305	-0.14768106	0.10598724	-0.09601689	0.09726601	-0.116805516	0.09260957	-0.08738344	0.077580296	-0.07082277	0.08629297	-0.062504604	0.075812615	-0.06816159	0.060403883	-0.086850554	0.07345023	-0.05948433	0.05790365	-0.0485476	0.04340797	-0.0725635	0.04462348	-0.05733388	0.036707792	-0.033198148
0.188907	-0.38095173	0.2644456	-0.14583474	0.15982565	-0.19997863	0.9999998	-0.69894665	0.11262487	-0.079152524	0.18279432	-0.40860555	0.29749736	-0.11524101	0.0816125	-0.1742527	0.126727	-0.14824086	0.10616293	-0.118431926	0.109164506	-0.090497956	0.08089558	-0.08787513	0.100963965	-0.07594929	0.07219236	-0.0662067	0.06201744	-0.076960355	0.051559392	-0.06376725	0.057176154	-0.05118335	0.072359025	-0.062260848	0.04985315	-0.049038373	0.040802315	-0.036710687	0.060587917	-0.037485793	0.04802795	-0.030969713	0.027926946
-0.15780735	0.25759545	-0.37242395	0.15126024	-0.17167631	0.15086748	-0.69894665	0.9999997	-0.13340624	0.08282076	-0.15231183	0.28103298	-0.46466982	0.11938604	-0.08531646	0.13758549	-0.10761148	0.12316363	-0.09444177	0.10131911	-0.09161119	0.075344935	-0.06842409	0.07475233	-0.08679688	0.062767155	-0.06050034	0.055438947	-0.052528646	0.064686626	-0.042890396	0.05289757	-0.04801448	0.04282018	-0.06084984	0.05152181	-0.04153103	0.04077876	-0.03406607	0.030608453	-0.05058165	0.031233395	-0.040083468	0.025818093	-0.023320775
0.08306115	-0.105745256	0.11207449	-0.13295841	0.13241817	-0.08072925	0.11262487	-0.13340624	0.99999976	-0.561717	0.08358678	-0.10972795	0.12439896	-0.69492143	0.32316878	-0.08865888	0.08439481	-0.10825981	0.16359052	-0.1708973	0.07723412	-0.07595401	0.0732075	-0.10033926	0.10734801	-0.05578311	0.05846738	-0.057340518	0.062486712	-0.0764718	0.03924713	-0.049316846	0.047895394	-0.042452145	0.059253216	-0.047253914	0.038535707	-0.038209837	0.03208298	-0.029028064	0.04659996	-0.028949013	0.03721512	-0.024290513	0.022020124
-0.06091667	0.0775504	-0.08316338	0.09649216	-0.120037444	0.05792969	-0.079152524	0.08282076	-0.561717	0.9999998	-0.059543267	0.07296242	-0.084165715	0.31326085	-0.7454522	0.062164523	-0.059904367	0.07374931	-0.114048794	0.11799979	-0.055603188	0.053422492	-0.052182935	0.068589024	-0.079717554	0.039801788	-0.041876208	0.040694274	-0.044188846	0.053405765	-0.028104484	0.03519146	-0.034312982	0.030327559	-0.04267369	0.03376743	-0.027669275	0.027367134	-0.023052331	0.020814199	-0.033566583	0.020799654	-0.02677563	0.017431593	-0.015820997
0.25828674	-0.17481486	0.15141918	-0.09142357	0.11903466	-0.46946537	0.18279432	-0.15231183	0.08358678	-0.059543267	0.9999995	-0.35913822	0.22197245	-0.091984786	0.06977881	-0.6217788	0.23442131	-0.24707302	0.13857442	-0.15033983	0.17450903	-0.13015297	0.11177953	-0.11590799	0.13040179	-0.11473096	0.100151226	-0.09002163	0.08200919	-0.10068348	0.07284625	-0.08916398	0.07661341	-0.06834058	0.09505856	-0.08557014	0.06711764	-0.06563786	0.054030012	-0.04863804	0.08008112	-0.049908936	0.06354255	-0.041068397	0.0368962
-0.18468328	0.19295877	-0.19404568	0.108057454	-0.13524319	0.19160424	-0.40860555	0.28103298	-0.10972795	0.07296242	-0.35913822	0.99999964	-0.71845293	0.11713883	-0.08606654	0.21492758	-0.18185656	0.17316903	-0.11672273	0.12041178	-0.1216633	0.0946584	-0.08577684	0.09099818	-0.10557364	0.07929047	-0.074964345	0.067986175	-0.06405574	0.07807791	-0.053180292	0.06511372	-0.058634564	0.052055668	-0.073749185	0.06284705	-0.05049643	0.049396038	-0.04120589	0.036995567	-0.06112985	0.037804298	-0.04845082	0.031212931	-0.028185705
0.16351624	-0.2049735	0.19371362	-0.11489679	0.13108572	-0.18435581	0.29749736	-0.46466982	0.12439896	-0.084165715	0.22197245	-0.71845293	1.0000001	-0.15305808	0.0960366	-0.21025746	0.15953413	-0.19696522	0.12436572	-0.13354547	0.11840591	-0.09889732	0.08856217	-0.09728659	0.10976861	-0.08165969	0.077128984	-0.07102173	0.06742876	-0.08314616	0.05480477	-0.06775002	0.0607441	-0.054237098	0.07616796	-0.06566967	0.052410685	-0.051536657	0.04280361	-0.0385505	0.06332286	-0.03928302	0.05026442	-0.032491576	0.029289808
-0.08811232	0.10159935	-0.110080995	0.10651033	-0.12579086	0.083432876	-0.11524101	0.11938604	-0.69492143	0.31326085	-0.091984786	0.11713883	-0.15305808	1.0	-0.5319211	0.095143214	-0.09808626	0.12171672	-0.2508285	0.18523297	-0.08498725	0.08282473	-0.08305745	0.11384861	-0.12503375	0.06046464	-0.06439823	0.063166626	-0.071054205	0.08367456	-0.042668693	0.0534658	-0.052883048	0.046501543	-0.06525921	0.050948575	-0.041849278	0.04139581	-0.034924556	0.03155147	-0.050621122	0.031404104	-0.04044006	0.02638593	-0.023974877
0.06856666	-0.08222088	0.08297337	-0.088912845	0.10260439	-0.06635693	0.0816125	-0.08531646	0.32316878	-0.7454522	0.06977881	-0.08606654	0.0960366	-0.5319211	1.0000001	-0.07474012	0.07323571	-0.09324158	0.14772938	-0.16916752	0.06748427	-0.066965014	0.06512564	-0.089433424	0.09982198	-0.048841257	0.051656947	-0.05083625	0.056007642	-0.06832133	0.034486115	-0.043364033	0.042441793	-0.037564386	0.05246249	-0.041491766	0.03392237	-0.033643957	0.028289326	-0.025598958	0.04102206	-0.025482893	0.03277712	-0.021408277	0.019421149
-0.2526126	0.15613899	-0.1558437	0.092828766	-0.12795174	0.2393423	-0.1742527	0.13758549	-0.08865888	0.062164523	-0.6217788	0.21492758	-0.21025746	0.095143214	-0.07474012	1.0000001	-0.48232338	0.26924855	-0.16453645	0.1574725	-0.277163	0.15193124	-0.13362077	0.12956618	-0.1506762	0.13838348	-0.119493075	0.103313446	-0.093251444	0.11112937	-0.08669167	0.10299192	-0.08878708	0.077963166	-0.10978054	0.09708129	-0.07699461	0.07427078	-0.061571736	0.055065203	-0.09168274	0.056869376	-0.07254201	0.04659058	-0.041982174
0.15333724	-0.11553255	0.11142464	-0.070778206	0.0945384	-0.16117257	0.126727	-0.10761148	0.08439481	-0.059904367	0.23442131	-0.18185656	0.15953413	-0.09808626	0.07323571	-0.48232338	1.0000001	-0.7334826	0.2097189	-0.20757677	0.16600208	-0.15552868	0.13494577	-0.14590943	0.15247633	-0.107612506	0.10325954	-0.09607352	0.094695754	-0.11380576	0.070503965	-0.08683629	0.07956683	-0.069953956	0.09679275	-0.08165944	0.065297194	-0.06395919	0.05317687	-0.047937907	0.07772926	-0.04846449	0.06193502	-0.0402738	0.036369137
-0.1807472	0.12988465	-0.1340229	0.08426006	-0.116071776	0.15892664	-0.14824086	0.12316363	-0.10825981	0.07374931	-0.24707302	0.17316903	-0.19696522	0.12171672	-0.09324158	0.26924855	-0.7334826	0.99999994	-0.3667525	0.22815545	-0.18248571	0.15819801	-0.16599788	0.17137553	-0.19037563	0.11394955	-0.11699421	0.109232925	-0.112782225	0.1288623	-0.077933945	0.09537066	-0.09192668	0.079835735	-0.112917416	0.08969374	-0.07357145	0.071808055	-0.060609926	0.05439977	-0.08862141	0.0548174	-0.07053095	0.045675896	-0.041504942
0.12198709	-0.10289424	0.103487805	-0.07421439	0.09793392	-0.11385494	0.10616293	-0.09444177	0.16359052	-0.114048794	0.13857442	-0.11672273	0.12436572	-0.2508285	0.14772938	-0.16453645	0.2097189	-0.3667525	0.99999934	-0.67718667	0.15877397	-0.17885596	0.18609525	-0.380286	0.28300413	-0.115953386	0.12978931	-0.13641682	0.17311391	-0.19947235	0.08206067	-0.10431515	0.108242	-0.09469631	0.12899637	-0.09685592	0.07973316	-0.07958518	0.06711673	-0.061122492	0.09504159	-0.059520684	0.076572284	-0.0507138	0.04615167
-0.14000417	0.11285313	-0.11863924	0.08325195	-0.11384242	0.12096305	-0.118431926	0.10131911	-0.1708973	0.11799979	-0.15033983	0.12041178	-0.13354547	0.18523297	-0.16916752	0.1574725	-0.20757677	0.22815545	-0.67718667	0.9999991	-0.17627889	0.17637426	-0.19314715	0.2675433	-0.48995572	0.12433479	-0.14162283	0.14130366	-0.17561476	0.19747916	-0.08953687	0.11233933	-0.11887885	0.102779604	-0.14598013	0.105534375	-0.08881725	0.0877695	-0.075142376	0.06783363	-0.10749735	0.066572934	-0.08619782	0.056468144	-0.05168437
0.14610076	-0.11443841	0.11049641	-0.073008776	0.09943284	-0.14768106	0.109164506	-0.09161119	0.07723412	-0.055603188	0.17450903	-0.1216633	0.11840591	-0.08498725	0.06748427	-0.277163	0.16600208	-0.18248571	0.15877397	-0.17627889	0.9999986	-0.40775394	0.24481915	-0.20218834	0.2114528	-0.56329846	0.2768135	-0.22198412	0.15944526	-0.19238885	0.23959507	-0.28041545	0.17869763	-0.15971005	0.20365785	-0.2523177	0.1748276	-0.16514748	0.12672946	-0.11399199	0.18980362	-0.12291807	0.15047571	-0.097474635	0.085229665
-0.11799537	0.09066057	-0.09249904	0.061219122	-0.085122354	0.10598724	-0.090497956	0.075344935	-0.07595401	0.053422492	-0.13015297	0.0946584	-0.09889732	0.08282473	-0.066965014	0.15193124	-0.15552868	0.15819801	-0.17885596	0.17637426	-0.40775394	0.9999989	-0.6904483	0.25389057	-0.2707655	0.22662817	-0.32041427	0.24113548	-0.19370106	0.20045081	-0.15678744	0.19232966	-0.19115041	0.15401912	-0.20929436	0.16294844	-0.13507392	0.12917748	-0.10883911	0.097178824	-0.15623851	0.09761678	-0.1249754	0.08143762	-0.07412714
0.103483945	-0.08252249	0.0826405	-0.055698767	0.0763966	-0.09601689	0.08089558	-0.06842409	0.0732075	-0.052182935	0.11177953	-0.08577684	0.08856217	-0.08305745	0.06512564	-0.13362077	0.13494577	-0.16599788	0.18609525	-0.19314715	0.24481915	-0.6904483	0.99999875	-0.4273507	0.2516273	-0.19470075	0.23731941	-0.31938347	0.22107154	-0.24051039	0.13330944	-0.17640246	0.18749052	-0.16028629	0.1907775	-0.15023531	0.120450795	-0.121234275	0.099613965	-0.091429874	0.13660963	-0.087711625	0.11148149	-0.07545512	0.06809301
-0.108721256	0.08710786	-0.08926698	0.061206672	-0.08393941	0.09726601	-0.08787513	0.07475233	-0.10033926	0.068589024	-0.11590799	0.09099818	-0.09728659	0.11384861	-0.089433424	0.12956618	-0.14590943	0.17137553	-0.380286	0.2675433	-0.20218834	0.25389057	-0.4273507	0.9999985	-0.4924118	0.15164894	-0.19721664	0.22295904	-0.47987363	0.30075815	-0.11050228	0.14164382	-0.17168851	0.14062458	-0.19087218	0.12586027	-0.1062755	0.10624622	-0.09135488	0.083246455	-0.12480784	0.07857128	-0.10172014	0.0683391	-0.062954806
0.12556326	-0.104135446	0.10379535	-0.07187033	0.09750245	-0.116805516	0.100963965	-0.08679688	0.10734801	-0.079717554	0.13040179	-0.10557364	0.10976861	-0.12503375	0.09982198	-0.1506762	0.15247633	-0.19037563	0.28300413	-0.48995572	0.2114528	-0.2707655	0.2516273	-0.4924118	0.99999875	-0.17082155	0.1933714	-0.21291986	0.2705771	-0.426444	0.123134494	-0.16049118	0.16578867	-0.15065318	0.19847286	-0.14998728	0.12197813	-0.124792375	0.10396322	-0.096372336	0.14448957	-0.0916252	0.11739983	-0.07926863	0.0717784
-0.102106996	0.07732836	-0.078332484	0.051264018	-0.071509585	0.09260957	-0.07594929	0.062767155	-0.05578311	0.039801788	-0.11473096	0.07929047	-0.08165969	0.06046464	-0.048841257	0.13838348	-0.107612506	0.11394955	-0.115953386	0.12433479	-0.56329846	0.22662817	-0.19470075	0.15164894	-0.17082155	0.999999	-0.4454259	0.21257396	-0.13708246	0.1527272	-0.4920103	0.30363396	-0.1853286	0.14816174	-0.20102213	0.24844803	-0.19526632	0.15705639	-0.1247812	0.10606588	-0.20425414	0.12578703	-0.15485398	0.093366325	-0.082055956
0.09483893	-0.0748545	0.075115375	-0.0501611	0.06942068	-0.08738344	0.07219236	-0.06050034	0.05846738	-0.041876208	0.100151226	-0.074964345	0.077128984	-0.06439823	0.051656947	-0.119493075	0.10325954	-0.11699421	0.12978931	-0.14162283	0.2768135	-0.32041427	0.23731941	-0.19721664	0.1933714	-0.4454259	0.99999905	-0.49605703	0.19131403	-0.21449658	0.26225567	-0.4655027	0.24700482	-0.2069661	0.2240577	-0.23880923	0.18050267	-0.16742028	0.12838206	-0.11531783	0.18281072	-0.12075985	0.14752012	-0.09749718	0.08569355
-0.08617859	0.06770751	-0.06883083	0.046050437	-0.06395925	0.077580296	-0.0662067	0.055438947	-0.057340518	0.040694274	-0.09002163	0.067986175	-0.07102173	0.063166626	-0.05083625	0.103313446	-0.09607352	0.109232925	-0.13641682	0.14130366	-0.22198412	0.24113548	-0.31938347	0.22295904	-0.21291986	0.21257396	-0.49605703	0.9999991	-0.34288418	0.24567093	-0.16247375	0.22214769	-0.5391602	0.25614995	-0.29559895	0.16499977	-0.14428976	0.14686975	-0.12585185	0.11350905	-0.15411267	0.100904614	-0.13098082	0.091768555	-0.08526839
0.0784422	-0.062798895	0.063825175	-0.0434019	0.059737485	-0.07082277	0.06201744	-0.052528646	0.062486712	-0.044188846	0.08200919	-0.06405574	0.06742876	-0.071054205	0.056007642	-0.093251444	0.094695754	-0.112782225	0.17311391	-0.17561476	0.15944526	-0.19370106	0.22107154	-0.47987363	0.2705771	-0.13708246	0.19131403	-0.34288418	0.999999	-0.7079022	0.10044565	-0.13489199	0.18548049	-0.15784779	0.18881662	-0.11323479	0.09556881	-0.098082274	0.084286556	-0.078328766	0.10844955	-0.06979221	0.09028593	-0.063005105	0.05822775
-0.09787218	0.07733259	-0.079663284	0.053851645	-0.07478554	0.08629297	-0.076960355	0.064686626	-0.0764718	0.053405765	-0.10068348	0.07807791	-0.08314616	0.08367456	-0.06832133	0.11112937	-0.11380576	0.1288623	-0.19947235	0.19747916	-0.19238885	0.20045081	-0.24051039	0.30075815	-0.426444	0.1527272	-0.21449658	0.24567093	-0.7079022	0.999999	-0.11537192	0.14882275	-0.20853749	0.1701785	-0.26311877	0.13141508	-0.114442155	0.115916	-0.104011096	0.096584946	-0.13382585	0.08476553	-0.11114802	0.077024736	-0.07296341
0.068653196	-0.05329341	0.053836912	-0.035621367	0.0496236	-0.062504604	0.051559392	-0.042890396	0.03924713	-0.028104484	0.07284625	-0.053180292	0.05480477	-0.042668693	0.034486115	-0.08669167	0.070503965	-0.077933945	0.08206067	-0.08953687	0.23959507	-0.15678744	0.13330944	-0.11050228	0.123134494	-0.4920103	0.26225567	-0.16247375	0.10044565	-0.11537192	0.9999989	-0.6295511	0.14863925	-0.12183309	0.15488091	-0.46599224	0.2171091	-0.15808916	0.11257079	-0.09345865	0.19435714	-0.12668374	0.14457954	-0.08509525	0.0719563
-0.08483406	0.065400675	-0.06671191	0.04406475	-0.06165794	0.075812615	-0.06376725	0.05289757	-0.049316846	0.03519146	-0.08916398	0.06511372	-0.06775002	0.0534658	-0.043364033	0.10299192	-0.08683629	0.09537066	-0.10431515	0.11233933	-0.28041545	0.19232966	-0.17640246	0.14164382	-0.16049118	0.30363396	-0.4655027	0.22214769	-0.13489199	0.14882275	-0.6295511	0.999999	-0.2319607	0.16556394	-0.2180109	0.2859243	-0.2781941	0.18681425	-0.14338519	0.11783846	-0.23873332	0.15131284	-0.18117753	0.10607622	-0.09190832
0.074702695	-0.05949628	0.05993002	-0.04022972	0.055753928	-0.06816159	0.057176154	-0.04801448	0.047895394	-0.034312982	0.07661341	-0.058634564	0.0607441	-0.052883048	0.042441793	-0.08878708	0.07956683	-0.09192668	0.108242	-0.11887885	0.17869763	-0.19115041	0.18749052	-0.17168851	0.16578867	-0.1853286	0.24700482	-0.5391602	0.18548049	-0.20853749	0.14863925	-0.2319607	0.9999988	-0.62278336	0.29775319	-0.16707441	0.14714763	-0.18305373	0.13880132	-0.12821981	0.14916493	-0.10326312	0.13437852	-0.10214947	0.090878986
-0.06710613	0.053011786	-0.053800333	0.03598667	-0.050107826	0.060403883	-0.05118335	0.04282018	-0.042452145	0.030327559	-0.06834058	0.052055668	-0.054237098	0.046501543	-0.037564386	0.077963166	-0.069953956	0.079835735	-0.09469631	0.102779604	-0.15971005	0.15401912	-0.16028629	0.14062458	-0.15065318	0.14816174	-0.2069661	0.25614995	-0.15784779	0.1701785	-0.12183309	0.16556394	-0.62278336	0.999999	-0.6303341	0.14189751	-0.13169497	0.15163203	-0.16614605	0.14910597	-0.1400601	0.0961277	-0.1296151	0.11141851	-0.10803948
0.09479607	-0.07625534	0.076514944	-0.05149004	0.071376994	-0.086850554	0.072359025	-0.06084984	0.059253216	-0.04267369	0.09505856	-0.073749185	0.07616796	-0.06525921	0.05246249	-0.10978054	0.09679275	-0.112917416	0.12899637	-0.14598013	0.20365785	-0.20929436	0.1907775	-0.19087218	0.19847286	-0.20102213	0.2240577	-0.29559895	0.18881662	-0.26311877	0.15488091	-0.2180109	0.29775319	-0.6303341	0.99999946	-0.20075504	0.16936947	-0.20065507	0.19458212	-0.27158365	0.185319	-0.12964259	0.16959383	-0.1577935	0.15584914
-0.083157346	0.06398999	-0.06564324	0.043288767	-0.060857624	0.07345023	-0.062260848	0.05152181	-0.047253914	0.03376743	-0.08557014	0.06284705	-0.06566967	0.050948575	-0.041491766	0.09708129	-0.08165944	0.08969374	-0.09685592	0.105534375	-0.2523177	0.16294844	-0.15023531	0.12586027	-0.14998728	0.24844803	-0.23880923	0.16499977	-0.11323479	0.13141508	-0.46599224	0.2859243	-0.16707441	0.14189751	-0.20075504	0.9999994	-0.53662926	0.266777	-0.19192056	0.14578606	-0.4236501	0.24421549	-0.2741273	0.14233345	-0.1167813
0.06617725	-0.05195661	0.052737333	-0.03506901	0.0490243	-0.05948433	0.04985315	-0.04153103	0.038535707	-0.027669275	0.06711764	-0.05049643	0.052410685	-0.041849278	0.03392237	-0.07699461	0.065297194	-0.07357145	0.07973316	-0.08881725	0.1748276	-0.13507392	0.120450795	-0.1062755	0.12197813	-0.19526632	0.18050267	-0.14428976	0.09556881	-0.114442155	0.2171091	-0.2781941	0.14714763	-0.13169497	0.16936947	-0.53662926	0.99999917	-0.56043166	0.21220903	-0.16692406	0.29698595	-0.38441578	0.286289	-0.16879955	0.12455583
-0.06508648	0.05086654	-0.05193163	0.034487206	-0.048345484	0.05790365	-0.049038373	0.04077876	-0.038209837	0.027367134	-0.06563786	0.049396038	-0.051536657	0.04139581	-0.033643957	0.07427078	-0.06395919	0.071808055	-0.07958518	0.0877695	-0.16514748	0.12917748	-0.121234275	0.10624622	-0.124792375	0.15705639	-0.16742028	0.14686975	-0.098082274	0.115916	-0.15808916	0.18681425	-0.18305373	0.15163203	-0.20065507	0.266777	-0.56043166	0.9999989	-0.43898228	0.21184854	-0.32847872	0.27288434	-0.4641951	0.23306969	-0.17679687
0.053972308	-0.042686287	0.043287233	-0.028886525	0.040350694	-0.0485476	0.040802315	-0.03406607	0.03208298	-0.023052331	0.054030012	-0.04120589	0.04280361	-0.034924556	0.028289326	-0.061571736	0.05317687	-0.060609926	0.06711673	-0.075142376	0.12672946	-0.10883911	0.099613965	-0.09135488	0.10396322	-0.1247812	0.12838206	-0.12585185	0.084286556	-0.104011096	0.11257079	-0.14338519	0.13880132	-0.16614605	0.19458212	-0.19192056	0.21220903	-0.43898228	0.9999985	-0.47165856	0.19809338	-0.17911126	0.25494725	-0.60325086	0.29547623
-0.048555095	0.03823626	-0.038917687	0.025936482	-0.03628521	0.04340797	-0.036710687	0.030608453	-0.029028064	0.020814199	-0.04863804	0.036995567	-0.0385505	0.03155147	-0.025598958	0.055065203	-0.047937907	0.05439977	-0.061122492	0.06783363	-0.11399199	0.097178824	-0.091429874	0.083246455	-0.096372336	0.10606588	-0.11531783	0.11350905	-0.078328766	0.096584946	-0.09345865	0.11783846	-0.12821981	0.14910597	-0.27158365	0.14578606	-0.16692406	0.21184854	-0.47165856	0.99999845	-0.18803845	0.14354359	-0.2316479	0.31832665	-0.7018243
0.080405675	-0.06374797	0.064499624	-0.04303106	0.060129985	-0.0725635	0.060587917	-0.05058165	0.04659996	-0.033566583	0.08008112	-0.06112985	0.06332286	-0.050621122	0.04102206	-0.09168274	0.07772926	-0.08862141	0.09504159	-0.10749735	0.18980362	-0.15623851	0.13660963	-0.12480784	0.14448957	-0.20425414	0.18281072	-0.15411267	0.10844955	-0.13382585	0.19435714	-0.23873332	0.14916493	-0.1400601	0.185319	-0.4236501	0.29698595	-0.32847872	0.19809338	-0.18803845	0.9999982	-0.6057909	0.30884394	-0.1840365	0.13507712
-0.049766704	0.039176565	-0.039801013	0.026490003	-0.037071075	0.04462348	-0.037485793	0.031233395	-0.028949013	0.020799654	-0.049908936	0.037804298	-0.03928302	0.031404104	-0.025482893	0.056869376	-0.04846449	0.0548174	-0.059520684	0.066572934	-0.12291807	0.09761678	-0.087711625	0.07857128	-0.0916252	0.12578703	-0.12075985	0.100904614	-0.06979221	0.08476553	-0.12668374	0.15131284	-0.10326312	0.0961277	-0.12964259	0.24421549	-0.38441578	0.27288434	-0.17911126	0.14354359	-0.6057909	0.99999845	-0.6078354	0.1660372	-0.12044733
0.06367922	-0.050396662	0.05106593	-0.034059476	0.047604445	-0.05733388	0.04802795	-0.040083468	0.03721512	-0.02677563	0.06354255	-0.04845082	0.05026442	-0.04044006	0.03277712	-0.07254201	0.06193502	-0.07053095	0.076572284	-0.08619782	0.15047571	-0.1249754	0.11148149	-0.10172014	0.11739983	-0.15485398	0.14752012	-0.13098082	0.09028593	-0.11114802	0.14457954	-0.18117753	0.13437852	-0.1296151	0.16959383	-0.2741273	0.286289	-0.4641951	0.25494725	-0.2316479	0.30884394	-0.6078354	0.9999987	-0.32683244	0.1825063
-0.04101285	0.03230571	-0.032856625	0.021890225	-0.030626934	0.036707792	-0.030969713	0.025818093	-0.024290513	0.017431593	-0.041068397	0.031212931	-0.032491576	0.02638593	-0.021408277	0.04659058	-0.0402738	0.045675896	-0.0507138	0.056468144	-0.097474635	0.08143762	-0.07545512	0.0683391	-0.07926863	0.093366325	-0.09749718	0.091768555	-0.063005105	0.077024736	-0.08509525	0.10607622	-0.10214947	0.11141851	-0.1577935	0.14233345	-0.16879955	0.23306969	-0.60325086	0.31832665	-0.1840365	0.1660372	-0.32683244	0.9999986	-0.5947479
0.036923278	-0.029221797	0.029638292	-0.019785777	0.027638791	-0.033198148	0.027926946	-0.023320775	0.022020124	-0.015820997	0.0368962	-0.028185705	0.029289808	-0.023974877	0.019421149	-0.041982174	0.036369137	-0.041504942	0.04615167	-0.05168437	0.085229665	-0.07412714	0.06809301	-0.062954806	0.0717784	-0.082055956	0.08569355	-0.08526839	0.05822775	-0.07296341	0.0719563	-0.09190832	0.090878986	-0.10803948	0.15584914	-0.1167813	0.12455583	-0.17679687	0.29547623	-0.7018243	0.13507712	-0.12044733	0.1825063	-0.5947479	0.9999986
