1.0	-0.84753144	0.19801341	-0.106996715	0.08239251	-0.3397721	0.24481316	-0.13492984	0.1258357	-0.124874264	0.1759695	-0.16821492	0.14316925	-0.10669643	0.085034564	-0.13282506	0.11973646	-0.121342525	0.09516051	-0.08820101	0.1271851	-0.0907077	0.08761866	-0.09348631	0.07003853	-0.07559185	0.077640265	-0.07637196	0.08837058	-0.08817552	0.074324004	-0.076057024	0.055920113	-0.055942103	0.06823455	-0.046476573	0.051477674	-0.047041707	0.04806085	-0.046193253	0.042226292	-0.05728268	0.07714038	-0.047332093	0.041839544
-0.84753144	1.0000002	-0.2673427	0.109942034	-0.086702354	0.24181837	-0.30883688	0.14591724	-0.1375458	0.12335913	-0.18103117	0.16253766	-0.15429899	0.10644729	-0.08568593	0.12735724	-0.12218528	0.12115039	-0.095638074	0.08615799	-0.13020207	0.08973051	-0.088509575	0.09165357	-0.06916971	0.07420118	-0.07698883	0.074883856	-0.08758935	0.08541715	-0.07380826	0.07360456	-0.054784864	0.05446146	-0.06695927	0.045206204	-0.05019775	0.04585053	-0.04698589	0.044954155	-0.041288897	0.055499732	-0.07564247	0.046077397	-0.04090567
0.19801341	-0.2673427	1.0000004	-0.38923404	0.23597276	-0.16917355	0.19493002	-0.47799397	0.3090182	-0.3492643	0.16170654	-0.17562014	0.27388215	-0.25737578	0.20237853	-0.18991974	0.1756103	-0.22276384	0.19390059	-0.19550827	0.2090551	-0.15993151	0.1555434	-0.19098121	0.14956483	-0.13655686	0.14440724	-0.14477457	0.17402983	-0.18404229	0.1355606	-0.14358653	0.10629701	-0.11081807	0.13568774	-0.08746734	0.097426146	-0.08974247	0.09413052	-0.09123043	0.07944326	-0.10897419	0.14766726	-0.0925483	0.08175117
-0.106996715	0.109942034	-0.38923404	1.0000004	-0.74907964	0.09298079	-0.11564809	0.20855355	-0.33831725	0.29861057	-0.09823892	0.10192055	-0.1845204	0.18241602	-0.1790656	0.11016342	-0.10895877	0.13025367	-0.1364624	0.13261966	-0.13457306	0.09612892	-0.09809118	0.12110914	-0.10722641	0.08332564	-0.09188824	0.0896187	-0.11567597	0.115335226	-0.085256375	0.08588471	-0.06637217	0.06936013	-0.08864027	0.05299881	-0.05975098	0.055258762	-0.059610583	0.057035435	-0.048870277	0.06575634	-0.09314494	0.05756643	-0.051770754
0.08239251	-0.086702354	0.23597276	-0.74907964	1.0000001	-0.07492668	0.09129167	-0.16264607	0.22705597	-0.52299863	0.07938393	-0.08318319	0.14569257	-0.18815695	0.18248503	-0.092507355	0.0900546	-0.1096742	0.1230171	-0.13327484	0.11204454	-0.082018785	0.08291793	-0.11145227	0.10003196	-0.071691796	0.07935087	-0.07845334	0.1022882	-0.10796013	0.072886065	-0.074814	0.057414956	-0.06168503	0.07833545	-0.045952793	0.051782496	-0.0480233	0.052383963	-0.05052022	0.042212006	-0.057236567	0.08036084	-0.05063221	0.045330342
-0.3397721	0.24181837	-0.16917355	0.09298079	-0.07492668	1.0000001	-0.68511665	0.15179929	-0.13580649	0.111715525	-0.5064294	0.29166278	-0.17787477	0.104344375	-0.082321666	0.17784013	-0.17020154	0.14481151	-0.098376155	0.08449416	-0.15102603	0.10282077	-0.10023706	0.094020255	-0.06799134	0.07917772	-0.08053302	0.07824238	-0.08851392	0.084467284	-0.07649662	0.074900344	-0.05470384	0.053901993	-0.06561572	0.045774072	-0.050475497	0.045848515	-0.046324268	0.044262156	-0.041568693	0.055673577	-0.07428755	0.045402464	-0.040147513
0.24481316	-0.30883688	0.19493002	-0.11564809	0.09129167	-0.68511665	0.9999999	-0.21867022	0.16305634	-0.140317	0.30881524	-0.44746476	0.20608309	-0.12998551	0.10073214	-0.2068777	0.19179596	-0.17817882	0.11780534	-0.104110815	0.16585056	-0.12319369	0.117138304	-0.114791006	0.08271557	-0.09370087	0.09536179	-0.094055116	0.105991535	-0.10351535	0.08961131	-0.09041383	0.06550206	-0.065297745	0.07914133	-0.054949608	0.060574386	-0.055139083	0.05584544	-0.053585883	0.04968826	-0.06719194	0.088980116	-0.05485818	0.048371647
-0.13492984	0.14591724	-0.47799397	0.20855355	-0.16264607	0.15179929	-0.21867022	0.99999976	-0.61495656	0.23077743	-0.15048823	0.1692912	-0.46683553	0.2125633	-0.16283782	0.15706494	-0.1619049	0.21087216	-0.15815315	0.14031824	-0.16789542	0.12995599	-0.13365972	0.14297827	-0.11037008	0.10046063	-0.10827982	0.10732989	-0.12935627	0.12832521	-0.09917469	0.10071874	-0.075059555	0.077574596	-0.09589648	0.0614275	-0.06850283	0.062932044	-0.0660449	0.06343249	-0.05598502	0.07573989	-0.103097804	0.06427267	-0.057075582
0.1258357	-0.1375458	0.3090182	-0.33831725	0.22705597	-0.13580649	0.16305634	-0.61495656	0.99999964	-0.39530176	0.13467981	-0.15093386	0.27055386	-0.36074972	0.22993249	-0.15829448	0.15169075	-0.20201285	0.18821155	-0.18426485	0.17293005	-0.13547246	0.13439892	-0.17310305	0.13889524	-0.110629976	0.12034773	-0.12078317	0.1508409	-0.1571254	0.10970151	-0.114019774	0.08537088	-0.091009565	0.1131245	-0.06944504	0.0777066	-0.071780644	0.07687089	-0.07427703	0.063271	-0.08625343	0.11797128	-0.074687146	0.06633448
-0.124874264	0.12335913	-0.3492643	0.29861057	-0.52299863	0.111715525	-0.140317	0.23077743	-0.39530176	0.9999997	-0.12255911	0.12581462	-0.23390307	0.28154227	-0.44826266	0.13887584	-0.13956481	0.16523401	-0.20265932	0.21002962	-0.17656478	0.12461721	-0.12904564	0.16928224	-0.17151883	0.109866016	-0.12427834	0.120575085	-0.16347186	0.16316697	-0.11359877	0.11341368	-0.08920641	0.09513675	-0.124571264	0.070212595	-0.079655595	0.07398782	-0.08172208	0.078023136	-0.065057546	0.08723516	-0.12573487	0.07813415	-0.07081896
0.1759695	-0.18103117	0.16170654	-0.09823892	0.07938393	-0.5064294	0.30881524	-0.15048823	0.13467981	-0.12255911	0.99999946	-0.66574633	0.20639202	-0.11883603	0.092234395	-0.3235247	0.24169786	-0.1957088	0.11594363	-0.09858826	0.18847571	-0.13427898	0.12552768	-0.11323835	0.078968465	-0.09849494	0.09747117	-0.0956167	0.10460271	-0.09984837	0.091759	-0.09070553	0.06487737	-0.06371778	0.07674479	-0.055038657	0.060313806	-0.05461513	0.054524194	-0.052181814	0.049593933	-0.06671756	0.08717986	-0.05356804	0.047140904
-0.16821492	0.16253766	-0.17562014	0.10192055	-0.08318319	0.29166278	-0.44746476	0.1692912	-0.15093386	0.12581462	-0.66574633	0.99999934	-0.29575273	0.12483044	-0.09714975	0.25469553	-0.36682838	0.21899186	-0.124400385	0.10097461	-0.19580239	0.1408628	-0.13864988	0.11693768	-0.081451565	0.09855859	-0.10078008	0.09781976	-0.108271755	0.10115881	-0.09366324	0.09068237	-0.065714456	0.06449648	-0.07811471	0.055210173	-0.060750883	0.055049237	-0.05527751	0.052723065	-0.05001665	0.06678849	-0.08826621	0.054066386	-0.047735758
0.14316925	-0.15429899	0.27388215	-0.1845204	0.14569257	-0.17787477	0.20608309	-0.46683553	0.27055386	-0.23390307	0.20639202	-0.29575273	0.99999934	-0.2628073	0.17928137	-0.25645787	0.2592446	-0.52808857	0.21067405	-0.17894076	0.23245637	-0.2141471	0.21083252	-0.20099272	0.13853914	-0.14156134	0.1508539	-0.1536534	0.17214246	-0.17003588	0.13458371	-0.1389736	0.10061115	-0.103183515	0.12469799	-0.08371456	0.09269896	-0.08483967	0.087185726	-0.08393094	0.07553364	-0.10282358	0.1357551	-0.08523311	0.07504534
-0.10669643	0.10644729	-0.25737578	0.18241602	-0.18815695	0.104344375	-0.12998551	0.2125633	-0.36074972	0.28154227	-0.11883603	0.12483044	-0.2628073	0.99999934	-0.65908	0.14083853	-0.1445419	0.18283957	-0.3644881	0.2611347	-0.17583434	0.13211696	-0.1392092	0.22382568	-0.21133672	0.11359222	-0.13384825	0.13220759	-0.19214083	0.18641253	-0.115975	0.11731465	-0.09194372	0.10288361	-0.13450602	0.07196099	-0.08188925	0.076438054	-0.086736694	0.08290879	-0.06641546	0.08956704	-0.12784907	0.08190371	-0.07414847
0.085034564	-0.08568593	0.20237853	-0.1790656	0.18248503	-0.082321666	0.10073214	-0.16283782	0.22993249	-0.44826266	0.092234395	-0.09714975	0.17928137	-0.65908	0.9999994	-0.11264486	0.11191347	-0.14199014	0.22861461	-0.4237111	0.14008856	-0.106964126	0.1100872	-0.19099844	0.21287729	-0.09417929	0.110324726	-0.11126542	0.16038114	-0.19124915	0.09570577	-0.09912129	0.07726868	-0.09077539	0.118551046	-0.060594805	0.068930805	-0.06469657	0.07503486	-0.07313179	0.055714313	-0.075907975	0.107669145	-0.07118249	0.06403904
-0.13282506	0.12735724	-0.18991974	0.11016342	-0.092507355	0.17784013	-0.2068777	0.15706494	-0.15829448	0.13887584	-0.3235247	0.25469553	-0.25645787	0.14083853	-0.11264486	0.9999993	-0.6119687	0.2701001	-0.16037567	0.12341206	-0.52068496	0.2137005	-0.20832723	0.15053788	-0.10227807	0.16313922	-0.15049976	0.13911507	-0.1471043	0.1292859	-0.15025963	0.12930393	-0.092281915	0.085934035	-0.10343968	0.07979033	-0.08631291	0.076856345	-0.07443789	0.07029134	-0.07231171	0.09356082	-0.12164008	0.07281821	-0.06425582
0.11973646	-0.12218528	0.1756103	-0.10895877	0.0900546	-0.17020154	0.19179596	-0.1619049	0.15169075	-0.13956481	0.24169786	-0.36682838	0.2592446	-0.1445419	0.11191347	-0.6119687	0.99999917	-0.5027773	0.1640018	-0.12464104	0.27202797	-0.25157025	0.2164952	-0.15758729	0.10053834	-0.13545233	0.1370054	-0.13452229	0.13955691	-0.12730996	0.12218213	-0.11858299	0.08381269	-0.08149277	0.09726692	-0.07136664	0.07804559	-0.07040691	0.06945175	-0.06617424	0.06408579	-0.08568571	0.1104281	-0.067946695	0.059677444
-0.121342525	0.12115039	-0.22276384	0.13025367	-0.1096742	0.14481151	-0.17817882	0.21087216	-0.20201285	0.16523401	-0.1957088	0.21899186	-0.52808857	0.18283957	-0.14199014	0.2701001	-0.5027773	0.9999991	-0.2687268	0.15240465	-0.28014094	0.2576813	-0.38965854	0.20219515	-0.12413836	0.14184108	-0.16096552	0.15856409	-0.17312916	0.14974128	-0.13582423	0.12957536	-0.095194355	0.0942689	-0.11387338	0.07834064	-0.0869975	0.079111606	-0.08020815	0.075951986	-0.071249835	0.09446387	-0.12558462	0.077470556	-0.068552814
0.09516051	-0.095638074	0.19390059	-0.1364624	0.1230171	-0.098376155	0.11780534	-0.15815315	0.18821155	-0.20265932	0.11594363	-0.124400385	0.21067405	-0.3644881	0.22861461	-0.16037567	0.1640018	-0.2687268	0.9999992	-0.33492282	0.18973821	-0.17020708	0.17894706	-0.68635213	0.22228715	-0.13420941	0.16116741	-0.17743711	0.2590991	-0.24689402	0.13081692	-0.13967718	0.10499805	-0.12833138	0.15293953	-0.083364785	0.09435597	-0.08869529	0.102104284	-0.09879885	0.07559855	-0.10420881	0.1411154	-0.09642313	0.08496482
-0.08820101	0.08615799	-0.19550827	0.13261966	-0.13327484	0.08449416	-0.104110815	0.14031824	-0.18426485	0.21002962	-0.09858826	0.10097461	-0.17894076	0.2611347	-0.4237111	0.12341206	-0.12464104	0.15240465	-0.33492282	0.9999993	-0.16632454	0.12451772	-0.1313088	0.23616098	-0.6464227	0.11759513	-0.14797896	0.14600709	-0.24146138	0.2850539	-0.12259356	0.12571953	-0.10249915	0.12669203	-0.18348129	0.07739318	-0.089561164	0.0850965	-0.10542305	0.102038115	-0.07195377	0.09760596	-0.1447692	0.096998625	-0.08975707
0.1271851	-0.13020207	0.2090551	-0.13457306	0.11204454	-0.15102603	0.16585056	-0.16789542	0.17293005	-0.17656478	0.18847571	-0.19580239	0.23245637	-0.17583434	0.14008856	-0.52068496	0.27202797	-0.28014094	0.18973821	-0.16632454	0.99999917	-0.37616333	0.25148958	-0.20371927	0.13641983	-0.35618895	0.22467273	-0.2140714	0.20019254	-0.18396361	0.23176807	-0.21248044	0.13741826	-0.1247666	0.14547867	-0.12837988	0.13367252	-0.117256984	0.10733185	-0.10228785	0.11142422	-0.14807992	0.17651637	-0.10684742	0.09262763
-0.0907077	0.08973051	-0.15993151	0.09612892	-0.082018785	0.10282077	-0.12319369	0.12995599	-0.13547246	0.12461721	-0.13427898	0.1408628	-0.2141471	0.13211696	-0.106964126	0.2137005	-0.25157025	0.2576813	-0.17020708	0.12451772	-0.37616333	0.99999946	-0.7636105	0.1756641	-0.10721449	0.1720395	-0.26501837	0.21021262	-0.1823973	0.13849328	-0.15562741	0.14387156	-0.102603994	0.09313376	-0.10966157	0.08393066	-0.09401167	0.08405803	-0.07978023	0.07439407	-0.07599921	0.09896664	-0.12737744	0.07686303	-0.0676506
0.08761866	-0.088509575	0.1555434	-0.09809118	0.08291793	-0.10023706	0.117138304	-0.13365972	0.13439892	-0.12904564	0.12552768	-0.13864988	0.21083252	-0.1392092	0.1100872	-0.20832723	0.2164952	-0.38965854	0.17894706	-0.1313088	0.25148958	-0.7636105	0.9999991	-0.2134291	0.11079672	-0.15708861	0.20956631	-0.250923	0.18304501	-0.14487165	0.13854443	-0.13973412	0.09872059	-0.09392126	0.10892569	-0.080367886	0.089887865	-0.08201231	0.07883198	-0.074215464	0.072023466	-0.096397586	0.12241639	-0.07602875	0.066504695
-0.09348631	0.09165357	-0.19098121	0.12110914	-0.11145227	0.094020255	-0.114791006	0.14297827	-0.17310305	0.16928224	-0.11323835	0.11693768	-0.20099272	0.22382568	-0.19099844	0.15053788	-0.15758729	0.20219515	-0.68635213	0.23616098	-0.20371927	0.1756641	-0.2134291	0.9999992	-0.24930662	0.14498968	-0.19829443	0.20804292	-0.4533964	0.23997724	-0.14553218	0.14817765	-0.11674185	0.14151007	-0.170686	0.08890782	-0.102384925	0.096507534	-0.1148793	0.105418906	-0.08175682	0.110366754	-0.15480568	0.10313115	-0.09281883
0.07003853	-0.06916971	0.14956483	-0.10722641	0.10003196	-0.06799134	0.08271557	-0.11037008	0.13889524	-0.17151883	0.078968465	-0.081451565	0.13853914	-0.21133672	0.21287729	-0.10227807	0.10053834	-0.12413836	0.22228715	-0.6464227	0.13641983	-0.10721449	0.11079672	-0.24930662	0.9999991	-0.10314057	0.12873492	-0.13712884	0.22504243	-0.58438325	0.1049158	-0.11338321	0.09025194	-0.13069277	0.18068145	-0.06887682	0.07937606	-0.076568864	0.10082686	-0.10394526	0.06317346	-0.08795164	0.12602432	-0.09393932	0.084377855
-0.07559185	0.07420118	-0.13655686	0.08332564	-0.071691796	0.07917772	-0.09370087	0.10046063	-0.110629976	0.109866016	-0.09849494	0.09855859	-0.14156134	0.11359222	-0.09417929	0.16313922	-0.13545233	0.14184108	-0.13420941	0.11759513	-0.35618895	0.1720395	-0.15708861	0.14498968	-0.10314057	0.999999	-0.40321532	0.22712678	-0.1927697	0.14460295	-0.7104964	0.24469562	-0.15720329	0.11233525	-0.13062146	0.17074212	-0.16251004	0.12782319	-0.10222791	0.09318041	-0.15460993	0.16035932	-0.18840505	0.10145108	-0.08856308
0.077640265	-0.07698883	0.14440724	-0.09188824	0.07935087	-0.08053302	0.09536179	-0.10827982	0.12034773	-0.12427834	0.09747117	-0.10078008	0.1508539	-0.13384825	0.110324726	-0.15049976	0.1370054	-0.16096552	0.16116741	-0.14797896	0.22467273	-0.26501837	0.20956631	-0.19829443	0.12873492	-0.40321532	0.9999988	-0.67405605	0.26463464	-0.19580585	0.251496	-0.30417585	0.16577068	-0.13558698	0.1470825	-0.13553804	0.157669	-0.1373242	0.112765506	-0.10486221	0.118042395	-0.15750965	0.1798856	-0.10956888	0.09377467
-0.07637196	0.074883856	-0.14477457	0.0896187	-0.07845334	0.07824238	-0.094055116	0.10732989	-0.12078317	0.120575085	-0.0956167	0.09781976	-0.1536534	0.13220759	-0.11126542	0.13911507	-0.13452229	0.15856409	-0.17743711	0.14600709	-0.2140714	0.21021262	-0.250923	0.20804292	-0.13712884	0.22712678	-0.67405605	0.9999988	-0.49140996	0.19945665	-0.21786459	0.21057011	-0.18013814	0.14234349	-0.1572752	0.11544684	-0.13974687	0.133095	-0.119252376	0.10562097	-0.10586253	0.13737944	-0.17946929	0.10875188	-0.09561574
0.08837058	-0.08758935	0.17402983	-0.11567597	0.1022882	-0.08851392	0.105991535	-0.12935627	0.1508409	-0.16347186	0.10460271	-0.108271755	0.17214246	-0.19214083	0.16038114	-0.1471043	0.13955691	-0.17312916	0.2590991	-0.24146138	0.20019254	-0.1823973	0.18304501	-0.4533964	0.22504243	-0.1927697	0.26463464	-0.49140996	0.99999887	-0.43107036	0.17535193	-0.2032168	0.15068921	-0.25229034	0.22539398	-0.11495157	0.13199674	-0.12916817	0.16348924	-0.14944106	0.10247762	-0.14488448	0.18788265	-0.14266355	0.122471355
-0.08817552	0.08541715	-0.18404229	0.115335226	-0.10796013	0.084467284	-0.10351535	0.12832521	-0.1571254	0.16316697	-0.09984837	0.10115881	-0.17003588	0.18641253	-0.19124915	0.1292859	-0.12730996	0.14974128	-0.24689402	0.2850539	-0.18396361	0.13849328	-0.14487165	0.23997724	-0.58438325	0.14460295	-0.19580585	0.19945665	-0.43107036	0.99999875	-0.15163946	0.16064814	-0.13502435	0.20278119	-0.37682182	0.09863312	-0.115858294	0.11309273	-0.16135062	0.16240866	-0.091707215	0.12665513	-0.19188493	0.14251678	-0.13503392
0.074324004	-0.07380826	0.1355606	-0.085256375	0.072886065	-0.07649662	0.08961131	-0.09917469	0.10970151	-0.11359877	0.091759	-0.09366324	0.13458371	-0.115975	0.09570577	-0.15025963	0.12218213	-0.13582423	0.13081692	-0.12259356	0.23176807	-0.15562741	0.13854443	-0.14553218	0.1049158	-0.7104964	0.251496	-0.21786459	0.17535193	-0.15163946	0.99999857	-0.38922918	0.17640238	-0.12060581	0.13503632	-0.28145775	0.20521261	-0.15428935	0.109018825	-0.10116633	0.1911668	-0.21418172	0.20179887	-0.111719444	0.09438289
-0.076057024	0.07360456	-0.14358653	0.08588471	-0.074814	0.074900344	-0.09041383	0.10071874	-0.114019774	0.11341368	-0.09070553	0.09068237	-0.1389736	0.11731465	-0.09912129	0.12930393	-0.11858299	0.12957536	-0.13967718	0.12571953	-0.21248044	0.14387156	-0.13973412	0.14817765	-0.11338321	0.24469562	-0.30417585	0.21057011	-0.2032168	0.16064814	-0.38922918	0.9999987	-0.4015884	0.15526092	-0.18039908	0.23314965	-0.52241385	0.27494535	-0.15744606	0.1358285	-0.22746918	0.28255266	-0.34023166	0.15755044	-0.13735783
0.055920113	-0.054784864	0.10629701	-0.06637217	0.057414956	-0.05470384	0.06550206	-0.075059555	0.08537088	-0.08920641	0.06487737	-0.065714456	0.10061115	-0.09194372	0.07726868	-0.092281915	0.08381269	-0.095194355	0.10499805	-0.10249915	0.13741826	-0.102603994	0.09872059	-0.11674185	0.09025194	-0.15720329	0.16577068	-0.18013814	0.15068921	-0.13502435	0.17640238	-0.4015884	0.99999857	-0.16520321	0.14984697	-0.18657388	0.28175914	-0.76237744	0.15932606	-0.13299434	0.1567062	-0.26022372	0.2554231	-0.15276706	0.11767069
-0.055942103	0.05446146	-0.11081807	0.06936013	-0.06168503	0.053901993	-0.065297745	0.077574596	-0.091009565	0.09513675	-0.06371778	0.06449648	-0.103183515	0.10288361	-0.09077539	0.085934035	-0.08149277	0.0942689	-0.12833138	0.12669203	-0.1247666	0.09313376	-0.09392126	0.14151007	-0.13069277	0.11233525	-0.13558698	0.14234349	-0.25229034	0.20278119	-0.12060581	0.15526092	-0.16520321	0.99999875	-0.5599288	0.09761157	-0.12369103	0.1482667	-0.6428086	0.27929726	-0.09018403	0.13636595	-0.22657773	0.24366324	-0.23104988
0.06823455	-0.06695927	0.13568774	-0.08864027	0.07833545	-0.06561572	0.07914133	-0.09589648	0.1131245	-0.124571264	0.07674479	-0.07811471	0.12469799	-0.13450602	0.118551046	-0.10343968	0.09726692	-0.11387338	0.15293953	-0.18348129	0.14547867	-0.10966157	0.10892569	-0.170686	0.18068145	-0.13062146	0.1470825	-0.1572752	0.22539398	-0.37682182	0.13503632	-0.18039908	0.14984697	-0.5599288	0.99999887	-0.111612864	0.130385	-0.1419487	0.3023773	-0.46951172	0.099641025	-0.15667076	0.22228198	-0.284912	0.24377699
-0.046476573	0.045206204	-0.08746734	0.05299881	-0.045952793	0.045774072	-0.054949608	0.0614275	-0.06944504	0.070212595	-0.055038657	0.055210173	-0.08371456	0.07196099	-0.060594805	0.07979033	-0.07136664	0.07834064	-0.083364785	0.07739318	-0.12837988	0.08393066	-0.080367886	0.08890782	-0.06887682	0.17074212	-0.13553804	0.11544684	-0.11495157	0.09863312	-0.28145775	0.23314965	-0.18657388	0.09761157	-0.111612864	0.9999987	-0.36528116	0.17074892	-0.09962892	0.08769229	-0.7796614	0.29628733	-0.2365791	0.10542052	-0.08917652
0.051477674	-0.05019775	0.097426146	-0.05975098	0.051782496	-0.050475497	0.060574386	-0.06850283	0.0777066	-0.079655595	0.060313806	-0.060750883	0.09269896	-0.08188925	0.068930805	-0.08631291	0.07804559	-0.0869975	0.09435597	-0.089561164	0.13367252	-0.09401167	0.089887865	-0.102384925	0.07937606	-0.16251004	0.157669	-0.13974687	0.13199674	-0.115858294	0.20521261	-0.52241385	0.28175914	-0.12369103	0.130385	-0.36528116	0.99999833	-0.4152746	0.126581	-0.10915794	0.26107213	-0.5373255	0.27047753	-0.13164902	0.105401404
-0.047041707	0.04585053	-0.08974247	0.055258762	-0.0480233	0.045848515	-0.055139083	0.062932044	-0.071780644	0.07398782	-0.05461513	0.055049237	-0.08483967	0.076438054	-0.06469657	0.076856345	-0.07040691	0.079111606	-0.08869529	0.0850965	-0.117256984	0.08405803	-0.08201231	0.096507534	-0.076568864	0.12782319	-0.1373242	0.133095	-0.12916817	0.11309273	-0.15428935	0.27494535	-0.76237744	0.1482667	-0.1419487	0.17074892	-0.4152746	0.99999845	-0.18381813	0.12680806	-0.1562621	0.23983753	-0.33232096	0.1511899	-0.11958551
0.04806085	-0.04698589	0.09413052	-0.059610583	0.052383963	-0.046324268	0.05584544	-0.0660449	0.07687089	-0.08172208	0.054524194	-0.05527751	0.087185726	-0.086736694	0.07503486	-0.07443789	0.06945175	-0.08020815	0.102104284	-0.10542305	0.10733185	-0.07978023	0.07883198	-0.1148793	0.10082686	-0.10222791	0.112765506	-0.119252376	0.16348924	-0.16135062	0.109018825	-0.15744606	0.15932606	-0.6428086	0.3023773	-0.09962892	0.126581	-0.18381813	0.99999833	-0.460461	0.089354195	-0.14593633	0.22404563	-0.42802396	0.2726789
-0.046193253	0.044954155	-0.09123043	0.057035435	-0.05052022	0.044262156	-0.053585883	0.06343249	-0.07427703	0.078023136	-0.052181814	0.052723065	-0.08393094	0.08290879	-0.07313179	0.07029134	-0.06617424	0.075951986	-0.09879885	0.102038115	-0.10228785	0.07439407	-0.074215464	0.105418906	-0.10394526	0.09318041	-0.10486221	0.10562097	-0.14944106	0.16240866	-0.10116633	0.1358285	-0.13299434	0.27929726	-0.46951172	0.08769229	-0.10915794	0.12680806	-0.460461	0.99999815	-0.08114782	0.12758431	-0.2302988	0.30821046	-0.61841977
0.042226292	-0.041288897	0.07944326	-0.048870277	0.042212006	-0.041568693	0.04968826	-0.05598502	0.063271	-0.065057546	0.049593933	-0.05001665	0.07553364	-0.06641546	0.055714313	-0.07231171	0.06408579	-0.071249835	0.07559855	-0.07195377	0.11142422	-0.07599921	0.072023466	-0.08175682	0.06317346	-0.15460993	0.118042395	-0.10586253	0.10247762	-0.091707215	0.1911668	-0.22746918	0.1567062	-0.09018403	0.099641025	-0.7796614	0.26107213	-0.1562621	0.089354195	-0.08114782	0.9999979	-0.47713444	0.20887376	-0.09903765	0.07999899
-0.05728268	0.055499732	-0.10897419	0.06575634	-0.057236567	0.055673577	-0.06719194	0.07573989	-0.08625343	0.08723516	-0.06671756	0.06678849	-0.10282358	0.08956704	-0.075907975	0.09356082	-0.08568571	0.09446387	-0.10420881	0.09760596	-0.14807992	0.09896664	-0.096397586	0.110366754	-0.08795164	0.16035932	-0.15750965	0.13737944	-0.14488448	0.12665513	-0.21418172	0.28255266	-0.26022372	0.13636595	-0.15667076	0.29628733	-0.5373255	0.23983753	-0.14593633	0.12758431	-0.47713444	0.99999774	-0.47334182	0.16512783	-0.13683666
0.07714038	-0.07564247	0.14766726	-0.09314494	0.08036084	-0.07428755	0.088980116	-0.103097804	0.11797128	-0.12573487	0.08717986	-0.08826621	0.1357551	-0.12784907	0.107669145	-0.12164008	0.1104281	-0.12558462	0.1411154	-0.1447692	0.17651637	-0.12737744	0.12241639	-0.15480568	0.12602432	-0.18840505	0.1798856	-0.17946929	0.18788265	-0.19188493	0.20179887	-0.34023166	0.2554231	-0.22657773	0.22228198	-0.2365791	0.27047753	-0.33232096	0.22404563	-0.2302988	0.20887376	-0.47334182	0.9999977	-0.42241043	0.22457741
-0.047332093	0.046077397	-0.0925483	0.05756643	-0.05063221	0.045402464	-0.05485818	0.06427267	-0.074687146	0.07813415	-0.05356804	0.054066386	-0.08523311	0.08190371	-0.07118249	0.07281821	-0.067946695	0.077470556	-0.09642313	0.096998625	-0.10684742	0.07686303	-0.07602875	0.10313115	-0.09393932	0.10145108	-0.10956888	0.10875188	-0.14266355	0.14251678	-0.111719444	0.15755044	-0.15276706	0.24366324	-0.284912	0.10542052	-0.13164902	0.1511899	-0.42802396	0.30821046	-0.09903765	0.16512783	-0.42241043	0.99999756	-0.6453613
0.041839544	-0.04090567	0.08175117	-0.051770754	0.045330342	-0.040147513	0.048371647	-0.057075582	0.06633448	-0.07081896	0.047140904	-0.047735758	0.07504534	-0.07414847	0.06403904	-0.06425582	0.059677444	-0.068552814	0.08496482	-0.08975707	0.09262763	-0.0676506	0.066504695	-0.09281883	0.084377855	-0.08856308	0.09377467	-0.09561574	0.122471355	-0.13503392	0.09438289	-0.13735783	0.11767069	-0.23104988	0.24377699	-0.08917652	0.105401404	-0.11958551	0.2726789	-0.61841977	0.07999899	-0.13683666	0.22457741	-0.6453613	0.99999756
