1.0000001	-0.93511385	0.096296355	-0.05720286	0.02702134	-0.25812906	0.18162252	-0.038060524	0.03667622	-0.031596575	0.09869343	-0.081779815	0.04549048	-0.035977386	0.032072637	-0.040140472	0.053313952	-0.045365248	0.029333413	-0.028463656	0.037107717	-0.012434069	0.01199558	-0.019428743	0.017556515	-0.025630496	0.027619557	-0.018672122	0.020430742	-0.015594419	0.016488805	-0.014249054	0.024420597	-0.016302457	0.015286455	-0.013246508	0.01175687	-0.0059871147	0.005472316	-0.006059445	0.0099247	-0.01013694	0.009346397	-0.010055287	0.006778862
-0.93511385	1.0	-0.11789778	0.061358597	-0.029479414	0.1999046	-0.2204505	0.04253428	-0.0414768	0.034355585	-0.11589616	0.09071504	-0.05126022	0.039750267	-0.035464905	0.044976633	-0.06070273	0.05036314	-0.03248381	0.031309523	-0.042062297	0.013840162	-0.013371184	0.021465562	-0.019401219	0.028532246	-0.030819189	0.02072068	-0.022606466	0.017221108	-0.018347802	0.015810493	-0.027128678	0.017987646	-0.016886441	0.01464517	-0.013023896	0.0065899165	-0.006024788	0.0066686687	-0.01097925	0.0112089785	-0.010274924	0.0110404575	-0.0074617686
0.096296355	-0.11789778	1.0000002	-0.3602989	0.14273943	-0.0783187	0.080524705	-0.11882485	0.12304007	-0.15821958	0.086248554	-0.07495477	0.1407837	-0.13198376	0.1368189	-0.098295815	0.13668922	-0.12735	0.12014596	-0.1178864	0.11136879	-0.044344958	0.04328709	-0.07887888	0.07325242	-0.08873859	0.106900916	-0.074520655	0.08552257	-0.06481082	0.06252972	-0.05480326	0.10046582	-0.068178624	0.06502926	-0.052117467	0.046941906	-0.025832918	0.023665395	-0.026562024	0.040106878	-0.040455546	0.04098131	-0.043689266	0.029972041
-0.05720286	0.061358597	-0.3602989	1.0	-0.5429925	0.082485445	-0.09064779	0.18687652	-0.24859874	0.2993776	-0.12643966	0.10908146	-0.26746255	0.23022859	-0.3040724	0.15298781	-0.23816967	0.20068161	-0.22371198	0.1977872	-0.18580925	0.07216615	-0.071553394	0.13219574	-0.12650213	0.13690473	-0.1728487	0.119428374	-0.14421733	0.10647873	-0.09685883	0.08380806	-0.16319308	0.106833704	-0.105996974	0.076036654	-0.070339546	0.03756333	-0.034675166	0.03983783	-0.059129886	0.059328314	-0.05655165	0.058891043	-0.0452356
0.02702134	-0.029479414	0.14273943	-0.5429925	1.0000001	-0.04352088	0.047005072	-0.13310765	0.15621562	-0.738673	0.063864134	-0.0570714	0.15017456	-0.18275334	0.22741686	-0.0789638	0.118266664	-0.11946989	0.13372205	-0.14777856	0.08928869	-0.03918529	0.03833102	-0.07786919	0.07349656	-0.06885156	0.08331584	-0.060831323	0.077778704	-0.060537834	0.047625948	-0.04176351	0.08002288	-0.05801499	0.056374636	-0.038254153	0.034773592	-0.019353667	0.017832942	-0.020674014	0.029247273	-0.029678637	0.028197328	-0.029918106	0.023170428
-0.25812906	0.1999046	-0.0783187	0.082485445	-0.04352088	1.0000002	-0.8329623	0.08347573	-0.07821979	0.052527763	-0.3473146	0.251232	-0.098546214	0.070459835	-0.05821711	0.09222647	-0.12390112	0.098506115	-0.053775206	0.051657032	-0.0794198	0.024282066	-0.023326974	0.035485473	-0.031635173	0.050293982	-0.051647358	0.034265652	-0.036666166	0.028057111	-0.031035855	0.026545657	-0.044162594	0.029117059	-0.027116975	0.024297293	-0.021475252	0.010477816	-0.009569241	0.01052489	-0.01799332	0.018481985	-0.016185911	0.017473068	-0.011721588
0.18162252	-0.2204505	0.080524705	-0.09064779	0.047005072	-0.8329623	0.9999999	-0.09873418	0.08346423	-0.057399467	0.26268795	-0.36690536	0.10463428	-0.07730136	0.06205915	-0.09438034	0.12627311	-0.109025866	0.056881744	-0.055509966	0.07755642	-0.025316257	0.02418144	-0.037487283	0.033299	-0.051752932	0.052339483	-0.035345756	0.03825005	-0.029484324	0.031723488	-0.027361443	0.045229293	-0.030509962	0.028306471	-0.025225133	0.022144528	-0.010950651	0.009995077	-0.011014664	0.018598739	-0.019156113	0.016874732	-0.018292235	0.012247767
-0.038060524	0.04253428	-0.11882485	0.18687652	-0.13310765	0.08347573	-0.09873418	1.0	-0.82788086	0.16073483	-0.1007952	0.09567872	-0.39134938	0.22374976	-0.17814378	0.09989455	-0.16266656	0.188364	-0.13588014	0.12629142	-0.10467205	0.042685397	-0.041706115	0.0769653	-0.07021155	0.075385086	-0.08617891	0.061527096	-0.07581138	0.058517702	-0.049960926	0.043518085	-0.079731055	0.056965474	-0.054587446	0.039791036	-0.03575074	0.019139959	-0.017586853	0.020104097	-0.029989125	0.03062829	-0.028109096	0.030105922	-0.022423193
0.03667622	-0.0414768	0.12304007	-0.24859874	0.15621562	-0.07821979	0.08346423	-0.82788086	0.9999995	-0.2237667	0.08957714	-0.08659097	0.2622512	-0.29013875	0.19132628	-0.09892618	0.14748642	-0.19066943	0.14210962	-0.1425397	0.099981084	-0.043822777	0.042415615	-0.0823707	0.074401654	-0.07648622	0.08605119	-0.06316136	0.079052635	-0.062195074	0.050535202	-0.044469144	0.08086172	-0.060211595	0.05710935	-0.041119706	0.03660921	-0.020081477	0.018430272	-0.02113147	0.030814463	-0.031591304	0.029325845	-0.031632867	0.023483647
-0.031596575	0.034355585	-0.15821958	0.2993776	-0.738673	0.052527763	-0.057399467	0.16073483	-0.2237667	0.9999994	-0.07936909	0.070420936	-0.19613887	0.22007896	-0.40790868	0.09567295	-0.14794214	0.14254251	-0.17138846	0.1755007	-0.11023504	0.04762363	-0.046879705	0.09505965	-0.09140519	0.08325438	-0.10200404	0.07407315	-0.09593965	0.07359158	-0.057784505	0.05049663	-0.09799203	0.06995254	-0.06891	0.04586219	-0.04194671	0.023191286	-0.021404885	0.024886591	-0.03518256	0.035641767	-0.033632815	0.035516925	-0.027955819
0.09869343	-0.11589616	0.086248554	-0.12643966	0.063864134	-0.3473146	0.26268795	-0.1007952	0.08957714	-0.07936909	0.99999917	-0.8209985	0.15116625	-0.1125882	0.086320825	-0.19800484	0.20760064	-0.17902727	0.08143219	-0.08056888	0.1319898	-0.03937966	0.03722682	-0.055152204	0.048385058	-0.08412167	0.0797907	-0.053282037	0.055905603	-0.04327266	0.049196385	-0.04228149	0.0672425	-0.045067664	0.041375704	-0.038785093	0.033745896	-0.016225906	0.014782768	-0.016143689	0.028268611	-0.029287063	0.025091521	-0.027342035	0.017895509
-0.081779815	0.09071504	-0.07495477	0.10908146	-0.0570714	0.251232	-0.36690536	0.09567872	-0.08659097	0.070420936	-0.8209985	0.99999875	-0.17042997	0.104276285	-0.08042441	0.15771234	-0.26094928	0.16884147	-0.07561217	0.072922	-0.12291032	0.03654044	-0.03482875	0.05015226	-0.04413665	0.07431406	-0.07295026	0.048219923	-0.05092897	0.03918263	-0.04432844	0.037799582	-0.061298516	0.0405421	-0.03747712	0.034418773	-0.030226864	0.014493871	-0.013221983	0.01447601	-0.025257152	0.026072549	-0.022329496	0.024216218	-0.016069239
0.04549048	-0.05126022	0.1407837	-0.26746255	0.15017456	-0.098546214	0.10463428	-0.39134938	0.2622512	-0.19613887	0.15116625	-0.17042997	0.9999986	-0.48195052	0.24353915	-0.1669981	0.25838816	-0.5445168	0.20021926	-0.19790822	0.15249027	-0.06715777	0.06470498	-0.11661176	0.10249664	-0.113994464	0.12167744	-0.088890724	0.10877044	-0.086260386	0.07252273	-0.063764215	0.11190889	-0.08356541	0.07827773	-0.058948975	0.051918548	-0.027869584	0.025525412	-0.02902122	0.043645732	-0.045013953	0.04081908	-0.044355627	0.03211024
-0.035977386	0.039750267	-0.13198376	0.23022859	-0.18275334	0.070459835	-0.07730136	0.22374976	-0.29013875	0.22007896	-0.1125882	0.104276285	-0.48195052	0.99999845	-0.60598254	0.12675808	-0.20454922	0.23345487	-0.33666116	0.26235163	-0.13608356	0.065893725	-0.064678	0.14475156	-0.13275865	0.10311679	-0.12112212	0.09310129	-0.1311654	0.10228959	-0.0693698	0.061199564	-0.117742024	0.091904074	-0.08979259	0.05544487	-0.0500177	0.028520431	-0.02631652	0.03093027	-0.041773815	0.04284714	-0.039599065	0.042529844	-0.034292918
0.032072637	-0.035464905	0.1368189	-0.3040724	0.22741686	-0.05821711	0.06205915	-0.17814378	0.19132628	-0.40790868	0.086320825	-0.08042441	0.24353915	-0.60598254	0.9999988	-0.11020218	0.15994887	-0.1965944	0.2667333	-0.4369134	0.115622215	-0.062447272	0.06037582	-0.14516583	0.1381716	-0.09486472	0.11076464	-0.08886619	0.12757055	-0.10685334	0.06422109	-0.057390124	0.11076414	-0.0926657	0.08922344	-0.05257886	0.04709329	-0.028055914	0.025871929	-0.030667426	0.039474525	-0.040632647	0.03830266	-0.041418083	0.03380461
-0.040140472	0.044976633	-0.098295815	0.15298781	-0.0789638	0.09222647	-0.09438034	0.09989455	-0.09892618	0.09567295	-0.19800484	0.15771234	-0.1669981	0.12675808	-0.11020218	0.9999986	-0.46932432	0.22671023	-0.118415534	0.111435235	-0.71618605	0.08350532	-0.080487356	0.09230034	-0.0809519	0.22614197	-0.21288258	0.11891622	-0.104084	0.07657352	-0.12829272	0.10049295	-0.15424044	0.083962515	-0.077151306	0.08604869	-0.077869475	0.031592455	-0.028772997	0.030092755	-0.06354258	0.065165214	-0.050724313	0.05414114	-0.033546623
0.053313952	-0.06070273	0.13668922	-0.23816967	0.118266664	-0.12390112	0.12627311	-0.16266656	0.14748642	-0.14794214	0.20760064	-0.26094928	0.25838816	-0.20454922	0.15994887	-0.46932432	0.99999875	-0.61205155	0.16217011	-0.15867694	0.25516888	-0.09438537	0.08579677	-0.11172048	0.095916964	-0.17231545	0.15524541	-0.105534665	0.110192806	-0.08572376	0.09698936	-0.08407664	0.13067229	-0.088889696	0.08102443	-0.07712862	0.06641547	-0.03178608	0.028927904	-0.03152269	0.05562302	-0.057988014	0.048980027	-0.053661484	0.034840275
-0.045365248	0.05036314	-0.12735	0.20068161	-0.11946989	0.098506115	-0.109025866	0.188364	-0.19066943	0.14254251	-0.17902727	0.16884147	-0.5445168	0.23345487	-0.1965944	0.22671023	-0.61205155	0.9999985	-0.21860307	0.17319834	-0.23062441	0.08625723	-0.08728714	0.119987465	-0.10528177	0.1400801	-0.15375257	0.10316595	-0.117507316	0.08929348	-0.08891307	0.075622305	-0.13292882	0.08849011	-0.083942994	0.06779965	-0.060980372	0.030203545	-0.027699098	0.030968143	-0.050739046	0.051907603	-0.045142457	0.04834694	-0.034478147
0.029333413	-0.03248381	0.12014596	-0.22371198	0.13372205	-0.053775206	0.056881744	-0.13588014	0.14210962	-0.17138846	0.08143219	-0.07561217	0.20021926	-0.33666116	0.2667333	-0.118415534	0.16217011	-0.21860307	0.9999989	-0.675753	0.1227406	-0.11017842	0.10388321	-0.41577163	0.24828987	-0.1147131	0.13515301	-0.12857299	0.21529593	-0.1894961	0.07778544	-0.07172858	0.14634265	-0.14834023	0.13821085	-0.064871274	0.05776943	-0.038764928	0.035854794	-0.043825854	0.048046593	-0.05027117	0.047484092	-0.05219039	0.047275923
-0.028463656	0.031309523	-0.1178864	0.1977872	-0.14777856	0.051657032	-0.055509966	0.12629142	-0.1425397	0.1755007	-0.08056888	0.072922	-0.19790822	0.26235163	-0.4369134	0.111435235	-0.15867694	0.17319834	-0.675753	0.9999987	-0.12294038	0.08974973	-0.08908642	0.26101664	-0.32595548	0.11183182	-0.14012064	0.12776017	-0.2303065	0.18820648	-0.07856791	0.071727134	-0.15563872	0.14296146	-0.14992866	0.06360585	-0.058015935	0.03838142	-0.03580945	0.044724844	-0.047950488	0.049691126	-0.047068376	0.050793868	-0.04917315
0.037107717	-0.042062297	0.11136879	-0.18580925	0.08928869	-0.0794198	0.07755642	-0.10467205	0.099981084	-0.11023504	0.1319898	-0.12291032	0.15249027	-0.13608356	0.115622215	-0.71618605	0.25516888	-0.23062441	0.1227406	-0.12294038	0.9999987	-0.101736054	0.08957509	-0.10230054	0.08758993	-0.4275193	0.22485884	-0.13523664	0.11196128	-0.08462004	0.15531075	-0.1283594	0.16025391	-0.09404318	0.083366945	-0.10957857	0.09275485	-0.036373165	0.032864526	-0.033712633	0.07592193	-0.080775	0.05925566	-0.06502238	0.037222497
-0.012434069	0.013840162	-0.044344958	0.07216615	-0.03918529	0.024282066	-0.025316257	0.042685397	-0.043822777	0.04762363	-0.03937966	0.03654044	-0.06715777	0.065893725	-0.062447272	0.08350532	-0.09438537	0.08625723	-0.11017842	0.08974973	-0.101736054	0.9999986	-0.9494873	0.1581428	-0.121680066	0.087058134	-0.11514492	0.10702034	-0.1299369	0.088710524	-0.054083608	0.05027932	-0.10931848	0.07484806	-0.07335587	0.04214154	-0.037909295	0.020952296	-0.019383594	0.022724062	-0.03058362	0.03250511	-0.027010417	0.029568672	-0.024847258
0.01199558	-0.013371184	0.04328709	-0.071553394	0.03833102	-0.023326974	0.02418144	-0.041706115	0.042415615	-0.046879705	0.03722682	-0.03482875	0.06470498	-0.064678	0.06037582	-0.080487356	0.08579677	-0.08728714	0.10388321	-0.08908642	0.08957509	-0.9494873	0.9999987	-0.19113383	0.11426759	-0.08358585	0.1030804	-0.11066812	0.12067937	-0.08723803	0.050916303	-0.047914412	0.101224594	-0.07268087	0.06885789	-0.04048869	0.035953667	-0.02008014	0.018526623	-0.021623654	0.029120674	-0.031125223	0.025833199	-0.028478134	0.023486782
-0.019428743	0.021465562	-0.07887888	0.13219574	-0.07786919	0.035485473	-0.037487283	0.0769653	-0.0823707	0.09505965	-0.055152204	0.05015226	-0.11661176	0.14475156	-0.14516583	0.09230034	-0.11172048	0.119987465	-0.41577163	0.26101664	-0.10230054	0.1581428	-0.19113383	0.9999985	-0.60401183	0.11383643	-0.15233183	0.17235234	-0.48245126	0.2931027	-0.080455154	0.076488756	-0.18756282	0.18955234	-0.20033094	0.06501078	-0.059571456	0.04338379	-0.040813345	0.052218948	-0.04827155	0.051066887	-0.04738149	0.051881142	-0.05619736
0.017556515	-0.019401219	0.07325242	-0.12650213	0.07349656	-0.031635173	0.033299	-0.07021155	0.074401654	-0.09140519	0.048385058	-0.04413665	0.10249664	-0.13275865	0.1381716	-0.0809519	0.095916964	-0.10528177	0.24828987	-0.32595548	0.08758993	-0.121680066	0.11426759	-0.60401183	0.99999857	-0.099565275	0.12452093	-0.14506818	0.30416238	-0.5782918	0.0693736	-0.06655233	0.15296072	-0.21959168	0.21045884	-0.058029734	0.052359816	-0.044094734	0.041400783	-0.054399095	0.04282838	-0.04561546	0.044276312	-0.04913569	0.05608667
-0.025630496	0.028532246	-0.08873859	0.13690473	-0.06885156	0.050293982	-0.051752932	0.075385086	-0.07648622	0.08325438	-0.08412167	0.07431406	-0.113994464	0.10311679	-0.09486472	0.22614197	-0.17231545	0.1400801	-0.1147131	0.11183182	-0.4275193	0.087058134	-0.08358585	0.11383643	-0.099565275	0.99999857	-0.59732705	0.2307346	-0.1519021	0.10603013	-0.41274306	0.23385264	-0.28816935	0.124927245	-0.111352585	0.1759569	-0.1652725	0.050832197	-0.045978922	0.04437863	-0.12729312	0.13172846	-0.086564235	0.09165597	-0.049385022
0.027619557	-0.030819189	0.106900916	-0.1728487	0.08331584	-0.051647358	0.052339483	-0.08617891	0.08605119	-0.10200404	0.0797907	-0.07295026	0.12167744	-0.12112212	0.11076464	-0.21288258	0.15524541	-0.15375257	0.13515301	-0.14012064	0.22485884	-0.11514492	0.1030804	-0.15233183	0.12452093	-0.59732705	0.99999857	-0.4910494	0.1937315	-0.14324366	0.23489523	-0.24686031	0.29604283	-0.1622626	0.13202666	-0.18725522	0.15464664	-0.058800455	0.052650683	-0.052242823	0.122701935	-0.14040637	0.09271064	-0.105739236	0.056619074
-0.018672122	0.02072068	-0.074520655	0.119428374	-0.060831323	0.034265652	-0.035345756	0.061527096	-0.06316136	0.07407315	-0.053282037	0.048219923	-0.088890724	0.09310129	-0.08886619	0.11891622	-0.105534665	0.10316595	-0.12857299	0.12776017	-0.13523664	0.10702034	-0.11066812	0.17235234	-0.14506818	0.2307346	-0.4910494	0.9999986	-0.3548164	0.17652087	-0.16341032	0.16647565	-0.68326646	0.19145717	-0.16416211	0.11859754	-0.113553464	0.053754743	-0.049439844	0.0517841	-0.085478045	0.093239956	-0.0684141	0.07522356	-0.056460522
0.020430742	-0.022606466	0.08552257	-0.14421733	0.077778704	-0.036666166	0.03825005	-0.07581138	0.079052635	-0.09593965	0.055905603	-0.05092897	0.10877044	-0.1311654	0.12757055	-0.104084	0.110192806	-0.117507316	0.21529593	-0.2303065	0.11196128	-0.1299369	0.12067937	-0.48245126	0.30416238	-0.1519021	0.1937315	-0.3548164	0.99999815	-0.5505578	0.1026125	-0.10199577	0.24537179	-0.33743393	0.25560158	-0.085906155	0.07689503	-0.061413728	0.05741567	-0.06988981	0.06216187	-0.06728159	0.06173102	-0.069183424	0.072293386
-0.015594419	0.017221108	-0.06481082	0.10647873	-0.060537834	0.028057111	-0.029484324	0.058517702	-0.062195074	0.07359158	-0.04327266	0.03918263	-0.086260386	0.10228959	-0.10685334	0.07657352	-0.08572376	0.08929348	-0.1894961	0.18820648	-0.08462004	0.088710524	-0.08723803	0.2931027	-0.5782918	0.10603013	-0.14324366	0.17652087	-0.5505578	0.99999815	-0.0768055	0.074496955	-0.1930253	0.26651552	-0.42022443	0.06274363	-0.057951953	0.05200665	-0.0499685	0.07036053	-0.046710707	0.04985691	-0.048865788	0.05382043	-0.073270276
0.016488805	-0.018347802	0.06252972	-0.09685883	0.047625948	-0.031035855	0.031723488	-0.049960926	0.050535202	-0.057784505	0.049196385	-0.04432844	0.07252273	-0.0693698	0.06422109	-0.12829272	0.09698936	-0.08891307	0.07778544	-0.07856791	0.15531075	-0.054083608	0.050916303	-0.080455154	0.0693736	-0.41274306	0.23489523	-0.16341032	0.1026125	-0.0768055	0.9999978	-0.68247217	0.20323108	-0.09705101	0.08046963	-0.37180138	0.27046636	-0.055591002	0.04869434	-0.039847896	0.20288749	-0.23790589	0.10938317	-0.12110834	0.043870892
-0.014249054	0.015810493	-0.05480326	0.08380806	-0.04176351	0.026545657	-0.027361443	0.043518085	-0.044469144	0.05049663	-0.04228149	0.037799582	-0.063764215	0.061199564	-0.057390124	0.10049295	-0.08407664	0.075622305	-0.07172858	0.071727134	-0.1283594	0.05027932	-0.047914412	0.076488756	-0.06655233	0.23385264	-0.24686031	0.16647565	-0.10199577	0.074496955	-0.68247217	0.9999978	-0.27057266	0.09626321	-0.080499254	0.2552628	-0.49247393	0.055384938	-0.049050223	0.038701978	-0.20703645	0.22917604	-0.10779851	0.109608755	-0.043003567
0.024420597	-0.027128678	0.10046582	-0.16319308	0.08002288	-0.044162594	0.045229293	-0.079731055	0.08086172	-0.09799203	0.0672425	-0.061298516	0.11190889	-0.117742024	0.11076414	-0.15424044	0.13067229	-0.13292882	0.14634265	-0.15563872	0.16025391	-0.10931848	0.101224594	-0.18756282	0.15296072	-0.28816935	0.29604283	-0.68326646	0.24537179	-0.1930253	0.20323108	-0.27057266	0.99999785	-0.2912486	0.19077554	-0.1691073	0.15308534	-0.07565537	0.06752957	-0.06658705	0.11573976	-0.13383974	0.093588114	-0.10634766	0.07132465
-0.016302457	0.017987646	-0.068178624	0.106833704	-0.05801499	0.029117059	-0.030509962	0.056965474	-0.060211595	0.06995254	-0.045067664	0.0405421	-0.08356541	0.091904074	-0.0926657	0.083962515	-0.088889696	0.08849011	-0.14834023	0.14296146	-0.09404318	0.07484806	-0.07268087	0.18955234	-0.21959168	0.124927245	-0.1622626	0.19145717	-0.33743393	0.26651552	-0.09705101	0.09626321	-0.2912486	0.999998	-0.78200746	0.080529116	-0.0770764	0.10389374	-0.11368226	0.1323292	-0.06164926	0.066215366	-0.07680127	0.08289779	-0.14772467
0.015286455	-0.016886441	0.06502926	-0.105996974	0.056374636	-0.027116975	0.028306471	-0.054587446	0.05710935	-0.06891	0.041375704	-0.03747712	0.07827773	-0.08979259	0.08922344	-0.077151306	0.08102443	-0.083942994	0.13821085	-0.14992866	0.083366945	-0.07335587	0.06885789	-0.20033094	0.21045884	-0.111352585	0.13202666	-0.16416211	0.25560158	-0.42022443	0.08046963	-0.080499254	0.19077554	-0.78200746	0.999998	-0.070886016	0.06470695	-0.09691668	0.09413676	-0.15667751	0.052853137	-0.05764377	0.06741525	-0.076238856	0.13625035
-0.013246508	0.01464517	-0.052117467	0.076036654	-0.038254153	0.024297293	-0.025225133	0.039791036	-0.041119706	0.04586219	-0.038785093	0.034418773	-0.058948975	0.05544487	-0.05257886	0.08604869	-0.07712862	0.06779965	-0.064871274	0.06360585	-0.10957857	0.04214154	-0.04048869	0.06501078	-0.058029734	0.1759569	-0.18725522	0.11859754	-0.085906155	0.06274363	-0.37180138	0.2552628	-0.1691073	0.080529116	-0.070886016	0.99999803	-0.44113192	0.063417286	-0.056373317	0.041535795	-0.6839892	0.3120157	-0.14935084	0.13970141	-0.046907235
0.01175687	-0.013023896	0.046941906	-0.070339546	0.034773592	-0.021475252	0.022144528	-0.03575074	0.03660921	-0.04194671	0.033745896	-0.030226864	0.051918548	-0.0500177	0.04709329	-0.077869475	0.06641547	-0.060980372	0.05776943	-0.058015935	0.09275485	-0.037909295	0.035953667	-0.059571456	0.052359816	-0.1652725	0.15464664	-0.113553464	0.07689503	-0.057951953	0.27046636	-0.49247393	0.15308534	-0.0770764	0.06470695	-0.44113192	0.9999977	-0.07813407	0.065124735	-0.043040942	0.29191524	-0.6130585	0.15753561	-0.17020632	0.047636975
-0.0059871147	0.0065899165	-0.025832918	0.03756333	-0.019353667	0.010477816	-0.010950651	0.019139959	-0.020081477	0.023191286	-0.016225906	0.014493871	-0.027869584	0.028520431	-0.028055914	0.031592455	-0.03178608	0.030203545	-0.038764928	0.03838142	-0.036373165	0.020952296	-0.02008014	0.04338379	-0.044094734	0.050832197	-0.058800455	0.053754743	-0.061413728	0.05200665	-0.055591002	0.055384938	-0.07565537	0.10389374	-0.09691668	0.063417286	-0.07813407	0.99999815	-0.8911027	0.20669447	-0.060858402	0.0729227	-0.22822678	0.1922205	-0.25699538
0.005472316	-0.006024788	0.023665395	-0.034675166	0.017832942	-0.009569241	0.009995077	-0.017586853	0.018430272	-0.021404885	0.014782768	-0.013221983	0.025525412	-0.02631652	0.025871929	-0.028772997	0.028927904	-0.027699098	0.035854794	-0.03580945	0.032864526	-0.019383594	0.018526623	-0.040813345	0.041400783	-0.045978922	0.052650683	-0.049439844	0.05741567	-0.0499685	0.04869434	-0.049050223	0.06752957	-0.11368226	0.09413676	-0.056373317	0.065124735	-0.8911027	0.9999983	-0.27469715	0.052354053	-0.063283935	0.17664668	-0.22123787	0.21326835
-0.006059445	0.0066686687	-0.026562024	0.03983783	-0.020674014	0.01052489	-0.011014664	0.020104097	-0.02113147	0.024886591	-0.016143689	0.01447601	-0.02902122	0.03093027	-0.030667426	0.030092755	-0.03152269	0.030968143	-0.043825854	0.044724844	-0.033712633	0.022724062	-0.021623654	0.052218948	-0.054399095	0.04437863	-0.052242823	0.0517841	-0.06988981	0.07036053	-0.039847896	0.038701978	-0.06658705	0.1323292	-0.15667751	0.041535795	-0.043040942	0.20669447	-0.27469715	0.9999979	-0.03649056	0.04104304	-0.097200245	0.1063871	-0.9130007
0.0099247	-0.01097925	0.040106878	-0.059129886	0.029247273	-0.01799332	0.018598739	-0.029989125	0.030814463	-0.03518256	0.028268611	-0.025257152	0.043645732	-0.041773815	0.039474525	-0.06354258	0.05562302	-0.050739046	0.048046593	-0.047950488	0.07592193	-0.03058362	0.029120674	-0.04827155	0.04282838	-0.12729312	0.122701935	-0.085478045	0.06216187	-0.046710707	0.20288749	-0.20703645	0.11573976	-0.06164926	0.052853137	-0.6839892	0.29191524	-0.060858402	0.052354053	-0.03649056	0.99999774	-0.5959864	0.15411177	-0.16599593	0.04032046
-0.01013694	0.0112089785	-0.040455546	0.059328314	-0.029678637	0.018481985	-0.019156113	0.03062829	-0.031591304	0.035641767	-0.029287063	0.026072549	-0.045013953	0.04284714	-0.040632647	0.065165214	-0.057988014	0.051907603	-0.05027117	0.049691126	-0.080775	0.03250511	-0.031125223	0.051066887	-0.04561546	0.13172846	-0.14040637	0.093239956	-0.06728159	0.04985691	-0.23790589	0.22917604	-0.13383974	0.066215366	-0.05764377	0.3120157	-0.6130585	0.0729227	-0.063283935	0.04104304	-0.5959864	0.999998	-0.24312234	0.18591537	-0.04589723
0.009346397	-0.010274924	0.04098131	-0.05655165	0.028197328	-0.016185911	0.016874732	-0.028109096	0.029325845	-0.033632815	0.025091521	-0.022329496	0.04081908	-0.039599065	0.03830266	-0.050724313	0.048980027	-0.045142457	0.047484092	-0.047068376	0.05925566	-0.027010417	0.025833199	-0.04738149	0.044276312	-0.086564235	0.09271064	-0.0684141	0.06173102	-0.048865788	0.10938317	-0.10779851	0.093588114	-0.07680127	0.06741525	-0.14935084	0.15753561	-0.22822678	0.17664668	-0.097200245	0.15411177	-0.24312234	0.999998	-0.88780236	0.104414195
-0.010055287	0.0110404575	-0.043689266	0.058891043	-0.029918106	0.017473068	-0.018292235	0.030105922	-0.031632867	0.035516925	-0.027342035	0.024216218	-0.044355627	0.042529844	-0.041418083	0.05414114	-0.053661484	0.04834694	-0.05219039	0.050793868	-0.06502238	0.029568672	-0.028478134	0.051881142	-0.04913569	0.09165597	-0.105739236	0.07522356	-0.069183424	0.05382043	-0.12110834	0.109608755	-0.10634766	0.08289779	-0.076238856	0.13970141	-0.17020632	0.1922205	-0.22123787	0.1063871	-0.16599593	0.18591537	-0.88780236	0.9999979	-0.12864877
0.006778862	-0.0074617686	0.029972041	-0.0452356	0.023170428	-0.011721588	0.012247767	-0.022423193	0.023483647	-0.027955819	0.017895509	-0.016069239	0.03211024	-0.034292918	0.03380461	-0.033546623	0.034840275	-0.034478147	0.047275923	-0.04917315	0.037222497	-0.024847258	0.023486782	-0.05619736	0.05608667	-0.049385022	0.056619074	-0.056460522	0.072293386	-0.073270276	0.043870892	-0.043003567	0.07132465	-0.14772467	0.13625035	-0.046907235	0.047636975	-0.25699538	0.21326835	-0.9130007	0.04032046	-0.04589723	0.104414195	-0.12864877	0.9999979
