1.0000001	-0.47975406	0.24374783	-0.13809207	0.2066637	-0.49810085	0.3205023	-0.2685716	0.113587245	-0.21089116	0.26405215	-0.19423795	0.18951865	-0.22998813	0.12839769	-0.09428588	0.19776045	-0.18406871	0.16588068	-0.1726257	0.0931955	-0.1341668	0.13187723	-0.22527532	0.16390432	-0.07192421	0.105793886	-0.13372295	0.11776276	-0.11199269	0.06500072	-0.11202125	0.10333423	-0.089797094	0.08103625	-0.044538237	0.087478675	-0.08699113	0.09416961	-0.09216649	0.051147602	-0.13942483	0.09554039	-0.085064545	0.15133926
-0.47975406	1.0	-0.5173573	0.08870963	-0.12118802	0.26207948	-0.58645666	0.27330565	-0.078213386	0.120047525	-0.19182068	0.1354823	-0.17184247	0.1728303	-0.07886826	0.060529664	-0.14310412	0.11861704	-0.11213845	0.10076136	-0.061710343	0.07485783	-0.075208634	0.1222212	-0.09327053	0.04120807	-0.059987802	0.07385408	-0.06573413	0.06200822	-0.0376418	0.06110468	-0.057200875	0.04952694	-0.04482893	0.025107792	-0.048008252	0.047648415	-0.05191492	0.05059453	-0.029133514	0.074397445	-0.05230686	0.046466008	-0.08347565
0.24374783	-0.5173573	1.0000001	-0.11810177	0.12976916	-0.18824781	0.26505694	-0.68873084	0.10487733	-0.13673982	0.15551157	-0.12958503	0.23591717	-0.25990292	0.09191327	-0.05417673	0.13488247	-0.13415915	0.12730244	-0.1139197	0.055103425	-0.07429436	0.076892406	-0.1253828	0.0962527	-0.039806414	0.059603937	-0.074521065	0.06648975	-0.06310115	0.03638309	-0.06075059	0.05739621	-0.049853735	0.045262348	-0.024463106	0.047852118	-0.04767753	0.052111495	-0.0509724	0.028353598	-0.07388354	0.0523103	-0.046515398	0.08374965
-0.13809207	0.08870963	-0.11810177	1.0000002	-0.3224592	0.087334394	-0.10880085	0.12216743	-0.8598271	0.2589552	-0.10762049	0.07699609	-0.10894896	0.11400463	-0.14622732	0.03964587	-0.09817006	0.08937704	-0.09611727	0.13828689	-0.04265251	0.06179648	-0.066289835	0.10323183	-0.11097239	0.03397318	-0.05199368	0.06486614	-0.06712348	0.06467826	-0.031622697	0.05550781	-0.05509618	0.048854984	-0.045700643	0.021564336	-0.044976465	0.04537869	-0.051294107	0.050578244	-0.025188603	0.06837154	-0.05147159	0.04560775	-0.086642265
0.2066637	-0.12118802	0.12976916	-0.3224592	1.0000002	-0.13388696	0.15044351	-0.13653077	0.2236969	-0.5124015	0.16978145	-0.12368866	0.14035091	-0.16807395	0.22781233	-0.06844851	0.15876031	-0.1669642	0.16513209	-0.31418562	0.073040016	-0.12857899	0.1343668	-0.22576751	0.20404957	-0.06834389	0.105879016	-0.1365438	0.13414519	-0.13294338	0.06299459	-0.11831472	0.113575414	-0.10097012	0.09344358	-0.044220235	0.09470384	-0.09549793	0.10603481	-0.10590498	0.051027484	-0.1518645	0.10804555	-0.09613378	0.178379
-0.49810085	0.26207948	-0.18824781	0.087334394	-0.13388696	1.0000002	-0.52939045	0.18640153	-0.074291356	0.13146563	-0.53609717	0.21997468	-0.15401754	0.16434924	-0.08575451	0.104391105	-0.22543137	0.1447992	-0.13183574	0.11266103	-0.106478184	0.09473323	-0.09184574	0.14610505	-0.109630205	0.05556364	-0.07592153	0.09020653	-0.07892267	0.07383252	-0.05085042	0.07501303	-0.06945078	0.059665058	-0.053733118	0.032664392	-0.05867663	0.05777256	-0.06262169	0.060659114	-0.0381539	0.08981312	-0.06304401	0.05591857	-0.09985855
0.3205023	-0.58645666	0.26505694	-0.10880085	0.15044351	-0.52939045	1.0000004	-0.3173013	0.09274335	-0.15415955	0.24634829	-0.19151127	0.18377176	-0.21236117	0.09888439	-0.07930397	0.1768605	-0.15363172	0.13784674	-0.12931958	0.078082666	-0.09811081	0.097120434	-0.16053584	0.11883489	-0.053502947	0.077662244	-0.09635983	0.08453345	-0.08000071	0.048519507	-0.079609	0.0739247	-0.06400971	0.05779273	-0.032540742	0.062254503	-0.061783217	0.06702432	-0.06541267	0.03759138	-0.0971427	0.06758145	-0.060108926	0.107214816
-0.2685716	0.27330565	-0.68873084	0.12216743	-0.13653077	0.18640153	-0.3173013	1.0000002	-0.12908861	0.13621396	-0.1775716	0.14537546	-0.44552556	0.26036	-0.09560425	0.0584544	-0.15613623	0.1360319	-0.13942587	0.1134463	-0.060388125	0.07463275	-0.07790238	0.1229354	-0.09845495	0.04069747	-0.060551398	0.074356675	-0.06730064	0.063438356	-0.03742005	0.06067783	-0.057809062	0.05012091	-0.045606494	0.024849428	-0.048006825	0.047770914	-0.052454773	0.0511322	-0.028959563	0.0731335	-0.05254502	0.046640817	-0.084642164
0.113587245	-0.078213386	0.10487733	-0.8598271	0.2236969	-0.074291356	0.09274335	-0.12908861	1.0000004	-0.3793245	0.089211345	-0.06630367	0.10054292	-0.112380646	0.1445947	-0.033047996	0.08278116	-0.08033792	0.08593047	-0.14470081	0.035302255	-0.05200777	0.055974234	-0.08829799	0.09208919	-0.028288657	0.04347884	-0.054615695	0.055498626	-0.054285485	0.02626813	-0.0462229	0.045673482	-0.040546324	0.037886932	-0.017906478	0.037309255	-0.037660506	0.04239222	-0.04204157	0.020881502	-0.05682377	0.04239509	-0.037648577	0.070744164
-0.21089116	0.120047525	-0.13673982	0.2589552	-0.5124015	0.13146563	-0.15415955	0.13621396	-0.3793245	1.0000001	-0.1728907	0.1212792	-0.15151927	0.16611485	-0.50293934	0.06469714	-0.16058485	0.14960188	-0.16936307	0.29370812	-0.07011472	0.10387219	-0.11315607	0.17439821	-0.20689851	0.05710499	-0.088129215	0.11029678	-0.117535174	0.114799455	-0.05329975	0.09449354	-0.09495013	0.08473597	-0.079934955	0.0363784	-0.07691997	0.07790908	-0.08864055	0.08788217	-0.042538904	0.115950815	-0.08838111	0.07839447	-0.14942403
0.26405215	-0.19182068	0.15551157	-0.10762049	0.16978145	-0.53609717	0.24634829	-0.1775716	0.089211345	-0.1728907	1.0000002	-0.5225838	0.17658336	-0.20097156	0.110332	-0.19148025	0.289128	-0.20686227	0.16807888	-0.14951459	0.15382598	-0.13429157	0.12500496	-0.20296198	0.14471482	-0.07908363	0.104290515	-0.124777175	0.105800085	-0.09930947	0.0706478	-0.10333062	0.09402694	-0.08062399	0.07222051	-0.045402974	0.0799268	-0.078560196	0.084409066	-0.08183943	0.052528795	-0.12293285	0.08492747	-0.07547661	0.1329547
-0.19423795	0.1354823	-0.12958503	0.07699609	-0.12368866	0.21997468	-0.19151127	0.14537546	-0.06630367	0.1212792	-0.5225838	1.0000001	-0.22309648	0.18806708	-0.08681121	0.11634828	-0.70720834	0.20133664	-0.17623827	0.11255558	-0.1126908	0.10518072	-0.09920728	0.14581603	-0.108201355	0.05669068	-0.08305121	0.09251251	-0.078154236	0.07216662	-0.05187412	0.073919915	-0.06885688	0.058589827	-0.052549936	0.032527346	-0.0577452	0.056582328	-0.061249264	0.05896444	-0.03812009	0.08549251	-0.06099161	0.05406998	-0.096209824
0.18951865	-0.17184247	0.23591717	-0.10894896	0.14035091	-0.15401754	0.18377176	-0.44552556	0.10054292	-0.15151927	0.17658336	-0.22309648	1.0000002	-0.7420642	0.12523822	-0.062091324	0.1889463	-0.2025752	0.20054384	-0.1466835	0.06272808	-0.08403685	0.09079328	-0.1442785	0.10977649	-0.044021096	0.06758332	-0.084275834	0.07424735	-0.070345536	0.040389262	-0.06628196	0.063538976	-0.055075683	0.050073344	-0.026786549	0.052364737	-0.052243307	0.057304997	-0.056030333	0.031176431	-0.0789398	0.05695648	-0.05065843	0.09137254
-0.22998813	0.1728303	-0.25990292	0.11400463	-0.16807395	0.16434924	-0.21236117	0.26036	-0.112380646	0.16611485	-0.20097156	0.18806708	-0.7420642	1.0000001	-0.17280197	0.06993483	-0.21963583	0.22338274	-0.3297198	0.1713368	-0.07274033	0.09390708	-0.10531813	0.16038126	-0.13066871	0.04996256	-0.07712417	0.09501151	-0.08623818	0.081145935	-0.046214517	0.07499302	-0.07300446	0.06327957	-0.057813026	0.030471273	-0.059719566	0.05962237	-0.06593334	0.06427427	-0.035655025	0.08885261	-0.065364234	0.058024034	-0.10589045
0.12839769	-0.07886826	0.09191327	-0.14622732	0.22781233	-0.08575451	0.09888439	-0.09560425	0.1445947	-0.50293934	0.110332	-0.08681121	0.12523822	-0.17280197	1.0000005	-0.042476982	0.11133579	-0.14048944	0.1590537	-0.7631095	0.045211717	-0.07223653	0.08109582	-0.13095376	0.14817213	-0.038143918	0.060279638	-0.077796355	0.07897104	-0.08480439	0.03539016	-0.06375463	0.063643694	-0.057547495	0.054537687	-0.024104645	0.05133047	-0.05231832	0.058895353	-0.060433015	0.02805537	-0.07726541	0.057576496	-0.051619478	0.09451737
-0.09428588	0.060529664	-0.05417673	0.03964587	-0.06844851	0.104391105	-0.07930397	0.0584544	-0.033047996	0.06469714	-0.19148025	0.11634828	-0.062091324	0.06993483	-0.042476982	1.0000004	-0.14149395	0.08011955	-0.068339035	0.057155654	-0.9339837	0.089680776	-0.069046125	0.08940449	-0.070657186	0.13114943	-0.08196326	0.07049272	-0.05849528	0.051244065	-0.123158656	0.06942519	-0.057550963	0.045585286	-0.039649457	0.056605436	-0.05286379	0.047060512	-0.049016956	0.0444401	-0.07020566	0.068613835	-0.0492296	0.042477638	-0.07320988
0.19776045	-0.14310412	0.13488247	-0.09817006	0.15876031	-0.22543137	0.1768605	-0.15613623	0.08278116	-0.16058485	0.289128	-0.70720834	0.1889463	-0.21963583	0.11133579	-0.14149395	1.0000004	-0.3622296	0.2234562	-0.15042582	0.122471415	-0.15462817	0.13515148	-0.20212483	0.14221746	-0.07315912	0.11261445	-0.1275389	0.103790425	-0.09623306	0.06597594	-0.09949434	0.09187858	-0.0782172	0.06987666	-0.04227144	0.07708274	-0.075712524	0.08145857	-0.07864345	0.049083866	-0.11478634	0.08098683	-0.07198744	0.12688997
-0.18406871	0.11861704	-0.13415915	0.08937704	-0.1669642	0.1447992	-0.15363172	0.1360319	-0.08033792	0.14960188	-0.20686227	0.20133664	-0.2025752	0.22338274	-0.14048944	0.08011955	-0.3622296	1.0000002	-0.7730685	0.17620064	-0.083310165	0.124818854	-0.1841796	0.21563196	-0.1598507	0.06068348	-0.10284258	0.13324648	-0.109087296	0.098887645	-0.056372616	0.09182134	-0.092087045	0.07855874	-0.070944205	0.0365704	-0.07324069	0.07336746	-0.08100204	0.078104064	-0.042933416	0.10449888	-0.07876883	0.069992185	-0.1268081
0.16588068	-0.11213845	0.12730244	-0.09611727	0.16513209	-0.13183574	0.13784674	-0.13942587	0.08593047	-0.16936307	0.16807888	-0.17623827	0.20054384	-0.3297198	0.1590537	-0.068339035	0.2234562	-0.7730685	1.0000004	-0.24644499	0.06961834	-0.118224815	0.15637657	-0.27168104	0.15905908	-0.05655238	0.09541363	-0.12821834	0.10523302	-0.09835232	0.05213778	-0.08885988	0.08839522	-0.076283135	0.06916755	-0.034466013	0.07055616	-0.07107092	0.07831683	-0.07647375	0.04018435	-0.10233964	0.0761447	-0.06792594	0.12224373
-0.1726257	0.10076136	-0.1139197	0.13828689	-0.31418562	0.11266103	-0.12931958	0.1134463	-0.14470081	0.29370812	-0.14951459	0.11255558	-0.1466835	0.1713368	-0.7631095	0.057155654	-0.15042582	0.17620064	-0.24644499	1.0000004	-0.061356954	0.096369125	-0.10942515	0.1717291	-0.23342988	0.05143325	-0.08130049	0.104145475	-0.10974631	0.116669446	-0.04788372	0.0861231	-0.08701394	0.07885694	-0.075353295	0.032566924	-0.06974439	0.07117981	-0.08075352	0.08250018	-0.03798781	0.10410886	-0.078697555	0.07046018	-0.13019733
0.0931955	-0.061710343	0.055103425	-0.04265251	0.073040016	-0.106478184	0.078082666	-0.060388125	0.035302255	-0.07011472	0.15382598	-0.1126908	0.06272808	-0.07274033	0.045211717	-0.9339837	0.122471415	-0.083310165	0.06961834	-0.061356954	0.9999998	-0.10005529	0.07282539	-0.096807994	0.074411586	-0.16361366	0.08609859	-0.075752735	0.061379198	-0.054286618	0.12076902	-0.074043535	0.060206454	-0.048047803	0.041715864	-0.05809624	0.055217747	-0.049642727	0.051379368	-0.046949413	0.068374746	-0.073317826	0.051528633	-0.044729825	0.07637005
-0.1341668	0.07485783	-0.07429436	0.06179648	-0.12857899	0.09473323	-0.09811081	0.07463275	-0.05200777	0.10387219	-0.13429157	0.10518072	-0.08403685	0.09390708	-0.07223653	0.089680776	-0.15462817	0.124818854	-0.118224815	0.096369125	-0.10005529	1.0000002	-0.40413064	0.23248193	-0.20360336	0.17140277	-0.7388742	0.29719466	-0.19337508	0.15026473	-0.16803043	0.20926614	-0.19051702	0.14234969	-0.120193414	0.089046374	-0.16363396	0.14303577	-0.149667	0.13039196	-0.109246045	0.17500302	-0.1407055	0.12199325	-0.21080537
0.13187723	-0.075208634	0.076892406	-0.066289835	0.1343668	-0.09184574	0.097120434	-0.07790238	0.055974234	-0.11315607	0.12500496	-0.09920728	0.09079328	-0.10531813	0.08109582	-0.069046125	0.13515148	-0.1841796	0.15637657	-0.10942515	0.07282539	-0.40413064	1.0000001	-0.5017851	0.22277056	-0.11111659	0.26977417	-0.63242656	0.20836093	-0.17281842	0.10118528	-0.1838713	0.19025613	-0.15353017	0.12516852	-0.063022666	0.13842744	-0.14342253	0.1455283	-0.1383398	0.07329503	-0.1742173	0.13122055	-0.11950515	0.19424208
-0.22527532	0.1222212	-0.1253828	0.10323183	-0.22576751	0.14610505	-0.16053584	0.1229354	-0.08829799	0.17439821	-0.20296198	0.14581603	-0.1442785	0.16038126	-0.13095376	0.08940449	-0.20212483	0.21563196	-0.27168104	0.1717291	-0.096807994	0.23248193	-0.5017851	1.0000002	-0.46335566	0.1100345	-0.21171421	0.28079864	-0.2753553	0.23674497	-0.10439447	0.19137967	-0.21379748	0.18336692	-0.16906168	0.06942466	-0.15924542	0.16280843	-0.1882358	0.17913996	-0.08192845	0.2145031	-0.17739704	0.15741332	-0.29628322
0.16390432	-0.09327053	0.0962527	-0.11097239	0.20404957	-0.109630205	0.11883489	-0.09845495	0.09208919	-0.20689851	0.14471482	-0.108201355	0.10977649	-0.13066871	0.14817213	-0.070657186	0.14221746	-0.1598507	0.15905908	-0.23342988	0.074411586	-0.20360336	0.22277056	-0.46335566	1.0000001	-0.100329354	0.16794482	-0.24713984	0.27958158	-0.5683806	0.09175788	-0.20305732	0.20444179	-0.21356404	0.2213454	-0.06525808	0.16008626	-0.17310765	0.19390842	-0.25062862	0.07404447	-0.24582985	0.17110185	-0.16362587	0.25388217
-0.07192421	0.04120807	-0.039806414	0.03397318	-0.06834389	0.05556364	-0.053502947	0.04069747	-0.028288657	0.05710499	-0.07908363	0.05669068	-0.044021096	0.04996256	-0.038143918	0.13114943	-0.07315912	0.06068348	-0.05655238	0.05143325	-0.16361366	0.17140277	-0.11111659	0.1100345	-0.100329354	1.0	-0.24216811	0.13047229	-0.101573884	0.081557214	-0.8429022	0.16812769	-0.11813815	0.08317322	-0.06890914	0.21874708	-0.123020306	0.09421911	-0.0925074	0.07631718	-0.2746617	0.12528719	-0.09203801	0.07648307	-0.12495145
0.105793886	-0.059987802	0.059603937	-0.05199368	0.105879016	-0.07592153	0.077662244	-0.060551398	0.04347884	-0.088129215	0.104290515	-0.08305121	0.06758332	-0.07712417	0.060279638	-0.08196326	0.11261445	-0.10284258	0.09541363	-0.08130049	0.08609859	-0.7388742	0.26977417	-0.21171421	0.16794482	-0.24216811	0.9999999	-0.4256704	0.17514348	-0.13878213	0.17576775	-0.27430117	0.18491064	-0.13701811	0.10979997	-0.0924558	0.16424136	-0.14443816	0.1384397	-0.12165471	0.10574137	-0.17310062	0.1272084	-0.11274927	0.17840596
-0.13372295	0.07385408	-0.074521065	0.06486614	-0.1365438	0.09020653	-0.09635983	0.074356675	-0.054615695	0.11029678	-0.124777175	0.09251251	-0.084275834	0.09501151	-0.077796355	0.07049272	-0.1275389	0.13324648	-0.12821834	0.104145475	-0.075752735	0.29719466	-0.63242656	0.28079864	-0.24713984	0.13047229	-0.4256704	1.0	-0.32457373	0.19868436	-0.12386929	0.2153142	-0.2977017	0.19950493	-0.15540397	0.0732554	-0.17198572	0.17791899	-0.18464415	0.16349423	-0.086794235	0.19454189	-0.15741082	0.14212064	-0.22955038
0.11776276	-0.06573413	0.06648975	-0.06712348	0.13414519	-0.07892267	0.08453345	-0.06730064	0.055498626	-0.117535174	0.105800085	-0.078154236	0.07424735	-0.08623818	0.07897104	-0.05849528	0.103790425	-0.109087296	0.10523302	-0.10974631	0.061379198	-0.19337508	0.20836093	-0.2753553	0.27958158	-0.101573884	0.17514348	-0.32457373	1.0000001	-0.52846694	0.09308301	-0.2383591	0.27212647	-0.52021897	0.2705454	-0.06545209	0.18472596	-0.22432756	0.2518651	-0.28634712	0.07369108	-0.25443423	0.18604077	-0.19381171	0.25217387
-0.11199269	0.06200822	-0.06310115	0.06467826	-0.13294338	0.07383252	-0.08000071	0.063438356	-0.054285485	0.114799455	-0.09930947	0.07216662	-0.070345536	0.081145935	-0.08480439	0.051244065	-0.09623306	0.098887645	-0.09835232	0.116669446	-0.054286618	0.15026473	-0.17281842	0.23674497	-0.5683806	0.081557214	-0.13878213	0.19868436	-0.52846694	1.0000002	-0.076254554	0.181388	-0.22914435	0.26594013	-0.41071504	0.05384817	-0.15417072	0.17445031	-0.2254418	0.26690525	-0.061578345	0.20489065	-0.17031989	0.16312608	-0.2662257
0.06500072	-0.0376418	0.03638309	-0.031622697	0.06299459	-0.05085042	0.048519507	-0.03742005	0.02626813	-0.05329975	0.0706478	-0.05187412	0.040389262	-0.046214517	0.03539016	-0.123158656	0.06597594	-0.056372616	0.05213778	-0.04788372	0.12076902	-0.16803043	0.10118528	-0.10439447	0.09175788	-0.8429022	0.17576775	-0.12386929	0.09308301	-0.076254554	1.0	-0.19921824	0.111043364	-0.07851955	0.06408324	-0.32202816	0.11973274	-0.09195619	0.08645296	-0.07171774	0.23404413	-0.12356379	0.08508694	-0.07179626	0.11293883
-0.11202125	0.06110468	-0.06075059	0.05550781	-0.11831472	0.07501303	-0.079609	0.06067783	-0.0462229	0.09449354	-0.10333062	0.073919915	-0.06628196	0.07499302	-0.06375463	0.06942519	-0.09949434	0.09182134	-0.08885988	0.0861231	-0.074043535	0.20926614	-0.1838713	0.19137967	-0.20305732	0.16812769	-0.27430117	0.2153142	-0.2383591	0.181388	-0.19921824	1.0000001	-0.43288568	0.22268732	-0.17280048	0.103213154	-0.6299783	0.30005985	-0.2627356	0.18600722	-0.117671296	0.27492347	-0.22729953	0.18963808	-0.2869704
0.10333423	-0.057200875	0.05739621	-0.05509618	0.113575414	-0.06945078	0.0739247	-0.057809062	0.045673482	-0.09495013	0.09402694	-0.06885688	0.063538976	-0.07300446	0.063643694	-0.057550963	0.09187858	-0.092087045	0.08839522	-0.08701394	0.060206454	-0.19051702	0.19025613	-0.21379748	0.20444179	-0.11813815	0.18491064	-0.2977017	0.27212647	-0.22914435	0.111043364	-0.43288568	1.0	-0.47836605	0.21937905	-0.07435563	0.28484392	-0.5109516	0.29346588	-0.25097612	0.082483426	-0.27541164	0.2058666	-0.20764343	0.24759932
-0.089797094	0.04952694	-0.049853735	0.048854984	-0.10097012	0.059665058	-0.06400971	0.05012091	-0.040546324	0.08473597	-0.08062399	0.058589827	-0.055075683	0.06327957	-0.057547495	0.045585286	-0.0782172	0.07855874	-0.076283135	0.07885694	-0.048047803	0.14234969	-0.15353017	0.18336692	-0.21356404	0.08317322	-0.13701811	0.19950493	-0.52021897	0.26594013	-0.07851955	0.22268732	-0.47836605	1.0000001	-0.42057252	0.055010863	-0.19442116	0.2554837	-0.423008	0.28254485	-0.06227389	0.21680461	-0.19429336	0.20050651	-0.24855523
0.08103625	-0.04482893	0.045262348	-0.045700643	0.09344358	-0.053733118	0.05779273	-0.045606494	0.037886932	-0.079934955	0.07222051	-0.052549936	0.050073344	-0.057813026	0.054537687	-0.039649457	0.06987666	-0.070944205	0.06916755	-0.075353295	0.041715864	-0.120193414	0.12516852	-0.16906168	0.2213454	-0.06890914	0.10979997	-0.15540397	0.2705454	-0.41071504	0.06408324	-0.17280048	0.21937905	-0.42057252	1.0000002	-0.046138827	0.14411713	-0.18283083	0.24309209	-0.70855856	0.052013118	-0.19034617	0.15455602	-0.16564082	0.23206778
-0.044538237	0.025107792	-0.024463106	0.021564336	-0.044220235	0.032664392	-0.032540742	0.024849428	-0.017906478	0.0363784	-0.045402974	0.032527346	-0.026786549	0.030471273	-0.024104645	0.056605436	-0.04227144	0.0365704	-0.034466013	0.032566924	-0.05809624	0.089046374	-0.063022666	0.06942466	-0.06525808	0.21874708	-0.0924558	0.0732554	-0.06545209	0.05384817	-0.32202816	0.103213154	-0.07435563	0.055010863	-0.046138827	1.0000002	-0.087255485	0.065562695	-0.06400107	0.052023966	-0.9024313	0.11221624	-0.072211154	0.056014623	-0.08975583
0.087478675	-0.048008252	0.047852118	-0.044976465	0.09470384	-0.05867663	0.062254503	-0.048006825	0.037309255	-0.07691997	0.0799268	-0.0577452	0.052364737	-0.059719566	0.05133047	-0.05286379	0.07708274	-0.07324069	0.07055616	-0.06974439	0.055217747	-0.16363396	0.13842744	-0.15924542	0.16008626	-0.123020306	0.16424136	-0.17198572	0.18472596	-0.15417072	0.11973274	-0.6299783	0.28484392	-0.19442116	0.14411713	-0.087255485	1.0000001	-0.5324115	0.24405774	-0.16961804	0.09321191	-0.3963626	0.21115673	-0.1874821	0.22947852
-0.08699113	0.047648415	-0.04767753	0.04537869	-0.09549793	0.05777256	-0.061783217	0.047770914	-0.037660506	0.07790908	-0.078560196	0.056582328	-0.052243307	0.05962237	-0.05231832	0.047060512	-0.075712524	0.07336746	-0.07107092	0.07117981	-0.049642727	0.14303577	-0.14342253	0.16280843	-0.17310765	0.09421911	-0.14443816	0.17791899	-0.22432756	0.17445031	-0.09195619	0.30005985	-0.5109516	0.2554837	-0.18283083	0.065562695	-0.5324115	1.0000001	-0.49119663	0.20379552	-0.07399038	0.26022115	-0.2511971	0.22342117	-0.24806431
0.09416961	-0.05191492	0.052111495	-0.051294107	0.10603481	-0.06262169	0.06702432	-0.052454773	0.04239222	-0.08864055	0.084409066	-0.061249264	0.057304997	-0.06593334	0.058895353	-0.049016956	0.08145857	-0.08100204	0.07831683	-0.08075352	0.051379368	-0.149667	0.1455283	-0.1882358	0.19390842	-0.0925074	0.1384397	-0.18464415	0.2518651	-0.2254418	0.08645296	-0.2627356	0.29346588	-0.423008	0.24309209	-0.06400107	0.24405774	-0.49119663	1.0000001	-0.35944137	0.071400754	-0.2957582	0.2697814	-0.45607176	0.27960736
-0.09216649	0.05059453	-0.0509724	0.050578244	-0.10590498	0.060659114	-0.06541267	0.0511322	-0.04204157	0.08788217	-0.08183943	0.05896444	-0.056030333	0.06427427	-0.060433015	0.0444401	-0.07864345	0.078104064	-0.07647375	0.08250018	-0.046949413	0.13039196	-0.1383398	0.17913996	-0.25062862	0.07631718	-0.12165471	0.16349423	-0.28634712	0.26690525	-0.07171774	0.18600722	-0.25097612	0.28254485	-0.70855856	0.052023966	-0.16961804	0.20379552	-0.35944137	1.0000001	-0.059121616	0.21588817	-0.19812807	0.20271	-0.36394444
0.051147602	-0.029133514	0.028353598	-0.025188603	0.051027484	-0.0381539	0.03759138	-0.028959563	0.020881502	-0.042538904	0.052528795	-0.03812009	0.031176431	-0.035655025	0.02805537	-0.07020566	0.049083866	-0.042933416	0.04018435	-0.03798781	0.068374746	-0.109246045	0.07329503	-0.08192845	0.07404447	-0.2746617	0.10574137	-0.086794235	0.07369108	-0.061578345	0.23404413	-0.117671296	0.082483426	-0.06227389	0.052013118	-0.9024313	0.09321191	-0.07399038	0.071400754	-0.059121616	1.0000001	-0.14337875	0.08060467	-0.063571885	0.099050336
-0.13942483	0.074397445	-0.07388354	0.06837154	-0.1518645	0.08981312	-0.0971427	0.0731335	-0.05682377	0.115950815	-0.12293285	0.08549251	-0.0789398	0.08885261	-0.07726541	0.068613835	-0.11478634	0.10449888	-0.10233964	0.10410886	-0.073317826	0.17500302	-0.1742173	0.2145031	-0.24582985	0.12528719	-0.17310062	0.19454189	-0.25443423	0.20489065	-0.12356379	0.27492347	-0.27541164	0.21680461	-0.19034617	0.11221624	-0.3963626	0.26022115	-0.2957582	0.21588817	-0.14337875	1.0000001	-0.5303893	0.2932797	-0.46759528
0.09554039	-0.05230686	0.0523103	-0.05147159	0.10804555	-0.06304401	0.06758145	-0.05254502	0.04239509	-0.08838111	0.08492747	-0.06099161	0.05695648	-0.065364234	0.057576496	-0.0492296	0.08098683	-0.07876883	0.0761447	-0.078697555	0.051528633	-0.1407055	0.13122055	-0.17739704	0.17110185	-0.09203801	0.1272084	-0.15741082	0.18604077	-0.17031989	0.08508694	-0.22729953	0.2058666	-0.19429336	0.15455602	-0.072211154	0.21115673	-0.2511971	0.2697814	-0.19812807	0.08060467	-0.5303893	1.0000002	-0.67592496	0.2948775
-0.085064545	0.046466008	-0.046515398	0.04560775	-0.09613378	0.05591857	-0.060108926	0.046640817	-0.037648577	0.07839447	-0.07547661	0.05406998	-0.05065843	0.058024034	-0.051619478	0.042477638	-0.07198744	0.069992185	-0.06792594	0.07046018	-0.044729825	0.12199325	-0.11950515	0.15741332	-0.16362587	0.07648307	-0.11274927	0.14212064	-0.19381171	0.16312608	-0.07179626	0.18963808	-0.20764343	0.20050651	-0.16564082	0.056014623	-0.1874821	0.22342117	-0.45607176	0.20271	-0.063571885	0.2932797	-0.67592496	1.0000001	-0.43122754
0.15133926	-0.08347565	0.08374965	-0.086642265	0.178379	-0.09985855	0.107214816	-0.084642164	0.070744164	-0.14942403	0.1329547	-0.096209824	0.09137254	-0.10589045	0.09451737	-0.07320988	0.12688997	-0.1268081	0.12224373	-0.13019733	0.07637005	-0.21080537	0.19424208	-0.29628322	0.25388217	-0.12495145	0.17840596	-0.22955038	0.25217387	-0.2662257	0.11293883	-0.2869704	0.24759932	-0.24855523	0.23206778	-0.08975583	0.22947852	-0.24806431	0.27960736	-0.36394444	0.099050336	-0.46759528	0.2948775	-0.43122754	1.0000001
