1.0000001	-0.77453685	0.2412796	-0.15456195	0.13720395	-0.36889374	0.27435777	-0.22867988	0.15691085	-0.14461847	0.19136615	-0.2181423	0.17636967	-0.1461637	0.1421029	-0.15057763	0.13035738	-0.13608532	0.12757502	-0.13358675	0.11899395	-0.10786393	0.117925726	-0.113297105	0.10834398	-0.11286955	0.08569422	-0.12473841	0.09302495	-0.08540063	0.075157925	-0.084917374	0.09947274	-0.083884336	0.10003291	-0.06926675	0.056042485	-0.042817917	0.057403397	-0.053813215	0.07878155	-0.04789687	0.042155854	-0.040164143	0.0345437
-0.77453685	0.99999994	-0.372333	0.15454979	-0.14469652	0.24834475	-0.3495779	0.22158842	-0.15967056	0.13512449	-0.1718349	0.18830562	-0.17117761	0.13463157	-0.13579908	0.124200664	-0.115346506	0.11731115	-0.114796914	0.11521103	-0.10358959	0.09160498	-0.101967104	0.09579307	-0.09438392	0.092423454	-0.071456075	0.10291983	-0.0788838	0.07186988	-0.0621012	0.069602475	-0.0833091	0.06980226	-0.08471076	0.05625914	-0.045960706	0.03507905	-0.047612984	0.04443273	-0.06432169	0.039094172	-0.034585163	0.033066448	-0.028531129
0.2412796	-0.372333	0.9999996	-0.40601438	0.24417189	-0.18088575	0.20747437	-0.6461508	0.28254592	-0.24371725	0.15097776	-0.19554503	0.2262562	-0.20727563	0.1948071	-0.13316898	0.124410965	-0.15655619	0.1530996	-0.16315429	0.11876107	-0.10899569	0.12885492	-0.12706096	0.12415671	-0.118361846	0.090511605	-0.13400865	0.10209735	-0.09452429	0.07941644	-0.090162516	0.10641744	-0.090790115	0.10860062	-0.07332463	0.059241783	-0.045470268	0.06158031	-0.05789934	0.08256489	-0.05065579	0.04465851	-0.04304545	0.03699961
-0.15456195	0.15454979	-0.40601438	0.9999998	-0.6953374	0.11448902	-0.13587435	0.2626708	-0.44300577	0.28843546	-0.1102343	0.13718714	-0.1868805	0.19554639	-0.21744443	0.09776005	-0.09627633	0.12626462	-0.13610789	0.14071289	-0.092999354	0.08431085	-0.10467321	0.10316864	-0.10588538	0.090479724	-0.07054564	0.104189485	-0.08271713	0.07639616	-0.061901446	0.06976923	-0.0844786	0.07193019	-0.08779398	0.05637672	-0.045968283	0.03531067	-0.048563126	0.045498	-0.06375665	0.039160535	-0.0347168	0.033690847	-0.029050931
0.13720395	-0.14469652	0.24417189	-0.6953374	0.9999995	-0.116067514	0.13053459	-0.24591988	0.2957548	-0.51010454	0.11399946	-0.14686486	0.18422197	-0.21305034	0.23580115	-0.10779873	0.10448906	-0.1422096	0.14732035	-0.16831037	0.10287262	-0.09477451	0.117221944	-0.119891606	0.11997842	-0.10561536	0.08129785	-0.121531196	0.094895035	-0.088688046	0.071812466	-0.081647046	0.097138084	-0.08358993	0.100398384	-0.06642152	0.053669993	-0.04132326	0.05638978	-0.053114675	0.07451287	-0.045919005	0.040543698	-0.039379235	0.033845864
-0.36889374	0.24834475	-0.18088575	0.11448902	-0.116067514	0.9999992	-0.68131447	0.17837825	-0.13811512	0.11770172	-0.47397697	0.28813162	-0.19235508	0.13655774	-0.13242239	0.19737157	-0.17528026	0.13221313	-0.12393647	0.119160034	-0.14005697	0.11916607	-0.118356355	0.10439796	-0.10114605	0.106185384	-0.08250146	0.115178265	-0.08644858	0.077588454	-0.06815104	0.07646694	-0.09113333	0.07581147	-0.09197068	0.06055456	-0.04966081	0.03780155	-0.05147554	0.047920298	-0.06868925	0.041997116	-0.03722421	0.035629325	-0.030762838
0.27435777	-0.3495779	0.20747437	-0.13587435	0.13053459	-0.68131447	0.9999992	-0.2559882	0.16068535	-0.13884951	0.28554645	-0.42837608	0.21514903	-0.16108832	0.14746931	-0.19094276	0.15871719	-0.14757848	0.13594893	-0.13534994	0.13487868	-0.12082626	0.12590732	-0.115773536	0.11092971	-0.11604518	0.088710055	-0.12744604	0.09454138	-0.08590644	0.07461578	-0.084543474	0.099454075	-0.08377877	0.100343086	-0.067587525	0.0548944	-0.04195007	0.05681406	-0.053197395	0.076031186	-0.046674058	0.041215044	-0.039573837	0.034061503
-0.22867988	0.22158842	-0.6461508	0.2626708	-0.24591988	0.17837825	-0.2559882	0.99999946	-0.473416	0.23767316	-0.16012193	0.20178312	-0.3323498	0.23240761	-0.21983866	0.12993571	-0.12655188	0.15994075	-0.16467631	0.15936954	-0.11794238	0.10645719	-0.12942976	0.12290452	-0.12430464	0.11024591	-0.08604068	0.12621479	-0.09899797	0.09067408	-0.07450091	0.08387474	-0.101508856	0.08597583	-0.10495549	0.067413464	-0.055078078	0.042236038	-0.058065873	0.05430713	-0.07628579	0.04683138	-0.041539207	0.0402311	-0.03471005
0.15691085	-0.15967056	0.28254592	-0.44300577	0.2957548	-0.13811512	0.16068535	-0.473416	0.99999946	-0.5054686	0.1354209	-0.17977114	0.25011954	-0.38580206	0.27928662	-0.12363597	0.12059903	-0.17196181	0.1843387	-0.19237629	0.116312765	-0.10740469	0.13468528	-0.1352188	0.13615431	-0.115886316	0.08992068	-0.1346091	0.10585564	-0.09851021	0.078199334	-0.088888824	0.10670691	-0.09190169	0.11103195	-0.07166363	0.058134954	-0.044792365	0.061643112	-0.057999037	0.08018777	-0.049609073	0.043924946	-0.042893168	0.03690398
-0.14461847	0.13512449	-0.24371725	0.28843546	-0.51010454	0.11770172	-0.13884951	0.23767316	-0.5054686	0.9999995	-0.12257418	0.15333791	-0.22687912	0.26698518	-0.52658427	0.111387774	-0.112444445	0.1559659	-0.18097827	0.1963286	-0.10938997	0.099552915	-0.12873578	0.1293384	-0.14196672	0.10651877	-0.08398214	0.12464092	-0.10290937	0.09550068	-0.073624164	0.082910076	-0.102275096	0.087591566	-0.10861713	0.0666618	-0.05459528	0.04207747	-0.058733426	0.055002842	-0.07517084	0.046437826	-0.041339334	0.04054455	-0.035018492
0.19136615	-0.1718349	0.15097776	-0.1102343	0.11399946	-0.47397697	0.28554645	-0.16012193	0.1354209	-0.12257418	0.9999994	-0.5758333	0.22646743	-0.16089894	0.14493456	-0.4632093	0.24247685	-0.1695229	0.1470491	-0.14206976	0.18344486	-0.16690266	0.14747238	-0.12803148	0.1196282	-0.13766131	0.10427619	-0.14618175	0.10438109	-0.09358609	0.082850896	-0.094452485	0.109662406	-0.091965176	0.10939615	-0.073848076	0.060053974	-0.045779783	0.062007308	-0.058003303	0.08217978	-0.050807554	0.044889003	-0.043133114	0.037110116
-0.2181423	0.18830562	-0.19554503	0.13718714	-0.14686486	0.28813162	-0.42837608	0.20178312	-0.17977114	0.15333791	-0.5758333	0.99999976	-0.4503764	0.21215157	-0.19456038	0.24654925	-0.24797449	0.19182274	-0.18189108	0.16371833	-0.18969873	0.16091509	-0.16516751	0.14097916	-0.13853016	0.13876751	-0.10945135	0.15232699	-0.11584942	0.10343794	-0.089022785	0.099725164	-0.120157875	0.09992896	-0.122206695	0.07827036	-0.06448452	0.0491096	-0.06749617	0.06273291	-0.088562414	0.054368068	-0.048338916	0.046519432	-0.040219527
0.17636967	-0.17117761	0.2262562	-0.1868805	0.18422197	-0.19235508	0.21514903	-0.3323498	0.25011954	-0.22687912	0.22646743	-0.4503764	0.9999995	-0.53031975	0.268077	-0.1993332	0.18734875	-0.33488825	0.25850523	-0.2404633	0.17124921	-0.1630674	0.20373414	-0.18746707	0.1776685	-0.16596147	0.12794748	-0.19406155	0.1443324	-0.13246718	0.10670502	-0.122341014	0.14487898	-0.12475742	0.14869519	-0.09717019	0.078679554	-0.06056795	0.083160244	-0.0782976	0.10765209	-0.06699861	0.059269555	-0.05791967	0.049763057
-0.1461637	0.13463157	-0.20727563	0.19554639	-0.21305034	0.13655774	-0.16108832	0.23240761	-0.38580206	0.26698518	-0.16089894	0.21215157	-0.53031975	0.9999992	-0.5282555	0.14174755	-0.14677346	0.23752548	-0.36563835	0.24644664	-0.13781914	0.12749372	-0.17312934	0.16576906	-0.17458567	0.1300568	-0.10336334	0.15526004	-0.12676558	0.116561785	-0.08770826	0.09925002	-0.122652546	0.10567762	-0.13048525	0.07878164	-0.06464596	0.04988919	-0.07014364	0.065725505	-0.088212945	0.05486141	-0.04893188	0.048325486	-0.04172775
0.1421029	-0.13579908	0.1948071	-0.21744443	0.23580115	-0.13242239	0.14746931	-0.21983866	0.27928662	-0.52658427	0.14493456	-0.19456038	0.268077	-0.5282555	0.9999992	-0.14246076	0.14180934	-0.2211377	0.2516626	-0.38908768	0.14001329	-0.13131927	0.17218998	-0.18739529	0.20167108	-0.14381757	0.11218617	-0.17083359	0.14054185	-0.13484076	0.09726383	-0.11126807	0.13514334	-0.119269826	0.1447005	-0.08942961	0.07254885	-0.056303147	0.07877269	-0.0745111	0.09910476	-0.061990984	0.055060647	-0.054746803	0.04706501
-0.15057763	0.124200664	-0.13316898	0.09776005	-0.10779873	0.19737157	-0.19094276	0.12993571	-0.12363597	0.111387774	-0.4632093	0.24654925	-0.1993332	0.14174755	-0.14246076	0.99999905	-0.65734917	0.1911798	-0.16460796	0.14471942	-0.3632472	0.2688951	-0.19236656	0.14319094	-0.13270965	0.16983306	-0.13370168	0.1683987	-0.118959494	0.1028947	-0.095893055	0.10747649	-0.12559152	0.10213463	-0.12318994	0.08085623	-0.067183785	0.050548222	-0.068806924	0.06352649	-0.09106909	0.05594255	-0.049758516	0.047261216	-0.04089434
0.13035738	-0.115346506	0.124410965	-0.09627633	0.10448906	-0.17528026	0.15871719	-0.12655188	0.12059903	-0.112444445	0.24247685	-0.24797449	0.18734875	-0.14677346	0.14180934	-0.65734917	0.9999991	-0.26581597	0.17947736	-0.16239634	0.29468557	-0.48835373	0.22452529	-0.16671877	0.14383434	-0.19295259	0.14628573	-0.19962248	0.13056402	-0.113737926	0.10262909	-0.118775144	0.13447347	-0.11225277	0.13122097	-0.088394344	0.07237346	-0.054847807	0.074422345	-0.069423765	0.097112305	-0.060596094	0.05364312	-0.051565867	0.044352967
-0.13608532	0.11731115	-0.15655619	0.12626462	-0.1422096	0.13221313	-0.14757848	0.15994075	-0.17196181	0.1559659	-0.1695229	0.19182274	-0.33488825	0.23752548	-0.2211377	0.1911798	-0.26581597	0.9999992	-0.58930665	0.26192218	-0.21380515	0.21451865	-0.49960962	0.2433054	-0.23274282	0.1787192	-0.15427636	0.23662613	-0.18342978	0.15509939	-0.11658233	0.13112113	-0.1682454	0.14138064	-0.17631836	0.0997975	-0.083650224	0.064223014	-0.09228285	0.08539738	-0.1122318	0.07002532	-0.06306499	0.0625364	-0.054301333
0.12757502	-0.114796914	0.1530996	-0.13610789	0.14732035	-0.12393647	0.13594893	-0.16467631	0.1843387	-0.18097827	0.1470491	-0.18189108	0.25850523	-0.36563835	0.2516626	-0.16460796	0.17947736	-0.58930665	0.9999992	-0.49256313	0.17102289	-0.17233512	0.26281738	-0.2861426	0.2531106	-0.17074387	0.13737972	-0.22191699	0.18122914	-0.16740425	0.11039166	-0.1271334	0.15864366	-0.14258406	0.1720341	-0.09845188	0.081101246	-0.06317395	0.091107324	-0.086033866	0.10849332	-0.068732426	0.061658744	-0.06264003	0.05394516
-0.13358675	0.11521103	-0.16315429	0.14071289	-0.16831037	0.119160034	-0.13534994	0.15936954	-0.19237629	0.1963286	-0.14206976	0.16371833	-0.2404633	0.24644664	-0.38908768	0.14471942	-0.16239634	0.26192218	-0.49256313	0.9999988	-0.16524224	0.15140489	-0.23720066	0.2701654	-0.5574189	0.15787618	-0.13169959	0.19888651	-0.21127473	0.20541255	-0.11429105	0.12815274	-0.17525987	0.15620987	-0.21734469	0.100885734	-0.08510551	0.06689116	-0.10161392	0.09475366	-0.11396613	0.07198285	-0.06565281	0.068096176	-0.059529964
0.11899395	-0.10358959	0.11876107	-0.092999354	0.10287262	-0.14005697	0.13487868	-0.11794238	0.116312765	-0.10938997	0.18344486	-0.18969873	0.17124921	-0.13781914	0.14001329	-0.3632472	0.29468557	-0.21380515	0.17102289	-0.16524224	0.9999983	-0.6638835	0.25283396	-0.1885415	0.15618925	-0.38811508	0.22160949	-0.26753202	0.15244438	-0.13018706	0.13201895	-0.15731464	0.16353805	-0.13349229	0.15157312	-0.10916564	0.08952296	-0.06677645	0.08826008	-0.08198263	0.1180824	-0.073960446	0.06513993	-0.06130586	0.052622966
-0.10786393	0.09160498	-0.10899569	0.08431085	-0.09477451	0.11916607	-0.12082626	0.10645719	-0.10740469	0.099552915	-0.16690266	0.16091509	-0.1630674	0.12749372	-0.13131927	0.2688951	-0.48835373	0.21451865	-0.17233512	0.15140489	-0.6638835	0.9999981	-0.3720297	0.17832245	-0.15034	0.22654307	-0.19671081	0.22172593	-0.14283603	0.11774515	-0.113628626	0.12913921	-0.14575908	0.1172974	-0.13841328	0.09161005	-0.076732986	0.057162583	-0.07755539	0.07133456	-0.101807505	0.063063435	-0.056111712	0.053078707	-0.045891628
0.117925726	-0.101967104	0.12885492	-0.10467321	0.117221944	-0.118356355	0.12590732	-0.12942976	0.13468528	-0.12873578	0.14747238	-0.16516751	0.20373414	-0.17312934	0.17218998	-0.19236656	0.22452529	-0.49960962	0.26281738	-0.23720066	0.25283396	-0.3720297	0.99999785	-0.41294643	0.23375456	-0.24701838	0.21182562	-0.462351	0.22575532	-0.18216585	0.13579483	-0.16104822	0.19545999	-0.16955711	0.19159284	-0.114409104	0.09539021	-0.073184446	0.104480386	-0.09743746	0.12483346	-0.07942699	0.07124902	-0.07128788	0.061332475
-0.113297105	0.09579307	-0.12706096	0.10316864	-0.119891606	0.10439796	-0.115773536	0.12290452	-0.1352188	0.1293384	-0.12803148	0.14097916	-0.18746707	0.16576906	-0.18739529	0.14319094	-0.16671877	0.2433054	-0.2861426	0.2701654	-0.1885415	0.17832245	-0.41294643	0.9999981	-0.53221035	0.18063295	-0.16025658	0.25427797	-0.49732965	0.27640724	-0.13148133	0.14917259	-0.2234119	0.21320938	-0.26885018	0.113433845	-0.09749934	0.07789626	-0.12617481	0.11574984	-0.12692904	0.08202234	-0.07605049	0.082268916	-0.071920924
0.10834398	-0.09438392	0.12415671	-0.10588538	0.11997842	-0.10114605	0.11092971	-0.12430464	0.13615431	-0.14196672	0.1196282	-0.13853016	0.1776685	-0.17458567	0.20167108	-0.13270965	0.14383434	-0.23274282	0.2531106	-0.5574189	0.15618925	-0.15034	0.23375456	-0.53221035	0.99999815	-0.16992785	0.1392916	-0.2257338	0.2767549	-0.3883683	0.11949691	-0.13964343	0.18691815	-0.19473544	0.24621415	-0.10892428	0.090923056	-0.073568374	0.11531634	-0.11239287	0.11861943	-0.077925496	0.071251325	-0.07903737	0.06790461
-0.11286955	0.092423454	-0.118361846	0.090479724	-0.10561536	0.106185384	-0.11604518	0.11024591	-0.115886316	0.10651877	-0.13766131	0.13876751	-0.16596147	0.1300568	-0.14381757	0.16983306	-0.19295259	0.1787192	-0.17074387	0.15787618	-0.38811508	0.22654307	-0.24701838	0.18063295	-0.16992785	0.9999981	-0.6888956	0.30014086	-0.18381949	0.14637259	-0.2258993	0.23695874	-0.23211716	0.16338827	-0.19148915	0.1503775	-0.1315791	0.090956666	-0.1131328	0.1006858	-0.1708677	0.10222098	-0.090287425	0.0769818	-0.06699743
0.08569422	-0.071456075	0.090511605	-0.07054564	0.08129785	-0.08250146	0.088710055	-0.08604068	0.08992068	-0.08398214	0.10427619	-0.10945135	0.12794748	-0.10336334	0.11218617	-0.13370168	0.14628573	-0.15427636	0.13737972	-0.13169959	0.22160949	-0.19671081	0.21182562	-0.16025658	0.1392916	-0.6888956	0.9999979	-0.50759983	0.16121404	-0.1282253	0.19835451	-0.33144125	0.20225157	-0.14704472	0.15605466	-0.13674638	0.11633793	-0.08056391	0.095866576	-0.086671665	0.14042519	-0.089833975	0.07746492	-0.06639459	0.05685267
-0.12473841	0.10291983	-0.13400865	0.104189485	-0.121531196	0.115178265	-0.12744604	0.12621479	-0.1346091	0.12464092	-0.14618175	0.15232699	-0.19406155	0.15526004	-0.17083359	0.1683987	-0.19962248	0.23662613	-0.22191699	0.19888651	-0.26753202	0.22172593	-0.462351	0.25427797	-0.2257338	0.30014086	-0.50759983	0.999998	-0.30963695	0.20331614	-0.2016625	0.22840382	-0.322302	0.21765366	-0.24887083	0.15043561	-0.131153	0.09698831	-0.13642494	0.12205913	-0.16847955	0.10520125	-0.095043086	0.09047715	-0.07870929
0.09302495	-0.0788838	0.10209735	-0.08271713	0.094895035	-0.08644858	0.09454138	-0.09899797	0.10585564	-0.10290937	0.10438109	-0.11584942	0.1443324	-0.12676558	0.14054185	-0.118959494	0.13056402	-0.18342978	0.18122914	-0.21127473	0.15244438	-0.14283603	0.22575532	-0.49732965	0.2767549	-0.18381949	0.16121404	-0.30963695	0.999998	-0.57086486	0.1336183	-0.16192691	0.2455887	-0.3798066	0.30535206	-0.120241016	0.10301869	-0.086787105	0.15287942	-0.14595398	0.12870586	-0.08807557	0.082774416	-0.10043525	0.08490876
-0.08540063	0.07186988	-0.09452429	0.07639616	-0.088688046	0.077588454	-0.08590644	0.09067408	-0.09851021	0.09550068	-0.09358609	0.10343794	-0.13246718	0.116561785	-0.13484076	0.1028947	-0.113737926	0.15509939	-0.16740425	0.20541255	-0.13018706	0.11774515	-0.18216585	0.27640724	-0.3883683	0.14637259	-0.1282253	0.20331614	-0.57086486	0.9999981	-0.11684761	0.13593647	-0.21758531	0.25009993	-0.59757215	0.10535302	-0.092323266	0.07820167	-0.1464076	0.14216599	-0.115630746	0.07882745	-0.075674035	0.09280894	-0.0841344
0.075157925	-0.0621012	0.07941644	-0.061901446	0.071812466	-0.06815104	0.07461578	-0.07450091	0.078199334	-0.073624164	0.082850896	-0.089022785	0.10670502	-0.08770826	0.09726383	-0.095893055	0.10262909	-0.11658233	0.11039166	-0.11429105	0.13201895	-0.113628626	0.13579483	-0.13148133	0.11949691	-0.2258993	0.19835451	-0.2016625	0.1336183	-0.11684761	0.999998	-0.6540129	0.22259104	-0.16820188	0.15355209	-0.54471296	0.22023393	-0.14489174	0.122266404	-0.11208207	0.25753504	-0.17390701	0.1328912	-0.09242398	0.07650724
-0.084917374	0.069602475	-0.090162516	0.06976923	-0.081647046	0.07646694	-0.084543474	0.08387474	-0.088888824	0.082910076	-0.094452485	0.099725164	-0.122341014	0.09925002	-0.11126807	0.10747649	-0.118775144	0.13112113	-0.1271334	0.12815274	-0.15731464	0.12913921	-0.16104822	0.14917259	-0.13964343	0.23695874	-0.33144125	0.22840382	-0.16192691	0.13593647	-0.6540129	0.999998	-0.37198752	0.200977	-0.1882076	0.27871627	-0.28221086	0.15445437	-0.14275067	0.12397733	-0.27531907	0.17663631	-0.14781104	0.10111221	-0.085743
0.09947274	-0.0833091	0.10641744	-0.0844786	0.097138084	-0.09113333	0.099454075	-0.101508856	0.10670691	-0.102275096	0.109662406	-0.120157875	0.14487898	-0.122652546	0.13514334	-0.12559152	0.13447347	-0.1682454	0.15864366	-0.17525987	0.16353805	-0.14575908	0.19545999	-0.2234119	0.18691815	-0.23211716	0.20225157	-0.322302	0.2455887	-0.21758531	0.22259104	-0.37198752	0.99999815	-0.6297036	0.2678451	-0.20072491	0.16571568	-0.14441632	0.21160741	-0.19990958	0.19160894	-0.14004281	0.1285367	-0.146512	0.117188245
-0.083884336	0.06980226	-0.090790115	0.07193019	-0.08358993	0.07581147	-0.08377877	0.08597583	-0.09190169	0.087591566	-0.091965176	0.09992896	-0.12475742	0.10567762	-0.119269826	0.10213463	-0.11225277	0.14138064	-0.14258406	0.15620987	-0.13349229	0.1172974	-0.16955711	0.21320938	-0.19473544	0.16338827	-0.14704472	0.21765366	-0.3798066	0.25009993	-0.16820188	0.200977	-0.6297036	0.9999984	-0.42763534	0.1445385	-0.13620582	0.12346524	-0.33508986	0.21551754	-0.15721597	0.11350999	-0.11623885	0.15196618	-0.12943172
0.10003291	-0.08471076	0.10860062	-0.08779398	0.100398384	-0.09197068	0.100343086	-0.10495549	0.11103195	-0.10861713	0.10939615	-0.122206695	0.14869519	-0.13048525	0.1447005	-0.12318994	0.13122097	-0.17631836	0.1720341	-0.21734469	0.15157312	-0.13841328	0.19159284	-0.26885018	0.24621415	-0.19148915	0.15605466	-0.24887083	0.30535206	-0.59757215	0.15355209	-0.1882076	0.2678451	-0.42763534	0.9999981	-0.14966057	0.12816946	-0.1141482	0.21519287	-0.26748663	0.1569548	-0.112961665	0.10837259	-0.15070873	0.13210152
-0.06926675	0.05625914	-0.07332463	0.05637672	-0.06642152	0.06055456	-0.067587525	0.067413464	-0.07166363	0.0666618	-0.073848076	0.07827036	-0.09717019	0.07878164	-0.08942961	0.08085623	-0.088394344	0.0997975	-0.09845188	0.100885734	-0.10916564	0.09161005	-0.114409104	0.113433845	-0.10892428	0.1503775	-0.13674638	0.15043561	-0.120241016	0.10535302	-0.54471296	0.27871627	-0.20072491	0.1445385	-0.14966057	0.9999982	-0.3973176	0.19798933	-0.13825268	0.118728295	-0.5767513	0.25736806	-0.20524381	0.1067248	-0.09050855
0.056042485	-0.045960706	0.059241783	-0.045968283	0.053669993	-0.04966081	0.0548944	-0.055078078	0.058134954	-0.05459528	0.060053974	-0.06448452	0.078679554	-0.06464596	0.07254885	-0.067183785	0.07237346	-0.083650224	0.081101246	-0.08510551	0.08952296	-0.076732986	0.09539021	-0.09749934	0.090923056	-0.1315791	0.11633793	-0.131153	0.10301869	-0.092323266	0.22023393	-0.28221086	0.16571568	-0.13620582	0.12816946	-0.3973176	0.99999803	-0.5335955	0.1610895	-0.14174756	0.2963791	-0.5498237	0.30741084	-0.13606066	0.10712481
-0.042817917	0.03507905	-0.045470268	0.03531067	-0.04132326	0.03780155	-0.04195007	0.042236038	-0.044792365	0.04207747	-0.045779783	0.0491096	-0.06056795	0.04988919	-0.056303147	0.050548222	-0.054847807	0.064223014	-0.06317395	0.06689116	-0.06677645	0.057162583	-0.073184446	0.07789626	-0.073568374	0.090956666	-0.08056391	0.09698831	-0.086787105	0.07820167	-0.14489174	0.15445437	-0.14441632	0.12346524	-0.1141482	0.19798933	-0.5335955	0.9999982	-0.23473804	0.15778059	-0.24133767	0.30416223	-0.69830656	0.16738367	-0.13818818
0.057403397	-0.047612984	0.06158031	-0.048563126	0.05638978	-0.05147554	0.05681406	-0.058065873	0.061643112	-0.058733426	0.062007308	-0.06749617	0.083160244	-0.07014364	0.07877269	-0.068806924	0.074422345	-0.09228285	0.091107324	-0.10161392	0.08826008	-0.07755539	0.104480386	-0.12617481	0.11531634	-0.1131328	0.095866576	-0.13642494	0.15287942	-0.1464076	0.122266404	-0.14275067	0.21160741	-0.33508986	0.21519287	-0.13825268	0.1610895	-0.23473804	0.99999833	-0.6757707	0.15082191	-0.14868498	0.18308674	-0.444915	0.29062447
-0.053813215	0.04443273	-0.05789934	0.045498	-0.053114675	0.047920298	-0.053197395	0.05430713	-0.057999037	0.055002842	-0.058003303	0.06273291	-0.0782976	0.065725505	-0.0745111	0.06352649	-0.069423765	0.08539738	-0.086033866	0.09475366	-0.08198263	0.07133456	-0.09743746	0.11574984	-0.11239287	0.1006858	-0.086671665	0.12205913	-0.14595398	0.14216599	-0.11208207	0.12397733	-0.19990958	0.21551754	-0.26748663	0.118728295	-0.14174756	0.15778059	-0.6757707	0.99999815	-0.1413085	0.12371003	-0.16041328	0.30899027	-0.51886964
0.07878155	-0.06432169	0.08256489	-0.06375665	0.07451287	-0.06868925	0.076031186	-0.07628579	0.08018777	-0.07517084	0.08217978	-0.088562414	0.10765209	-0.088212945	0.09910476	-0.09106909	0.097112305	-0.1122318	0.10849332	-0.11396613	0.1180824	-0.101807505	0.12483346	-0.12692904	0.11861943	-0.1708677	0.14042519	-0.16847955	0.12870586	-0.115630746	0.25753504	-0.27531907	0.19160894	-0.15721597	0.1569548	-0.5767513	0.2963791	-0.24133767	0.15082191	-0.1413085	0.99999774	-0.5121163	0.23109071	-0.12911801	0.10273537
-0.04789687	0.039094172	-0.05065579	0.039160535	-0.045919005	0.041997116	-0.046674058	0.04683138	-0.049609073	0.046437826	-0.050807554	0.054368068	-0.06699861	0.05486141	-0.061990984	0.05594255	-0.060596094	0.07002532	-0.068732426	0.07198285	-0.073960446	0.063063435	-0.07942699	0.08202234	-0.077925496	0.10222098	-0.089833975	0.10520125	-0.08807557	0.07882745	-0.17390701	0.17663631	-0.14004281	0.11350999	-0.112961665	0.25736806	-0.5498237	0.30416223	-0.14868498	0.12371003	-0.5121163	0.99999774	-0.5270961	0.1345424	-0.11225001
0.042155854	-0.034585163	0.04465851	-0.0347168	0.040543698	-0.03722421	0.041215044	-0.041539207	0.043924946	-0.041339334	0.044889003	-0.048338916	0.059269555	-0.04893188	0.055060647	-0.049758516	0.05364312	-0.06306499	0.061658744	-0.06565281	0.06513993	-0.056111712	0.07124902	-0.07605049	0.071251325	-0.090287425	0.07746492	-0.095043086	0.082774416	-0.075674035	0.1328912	-0.14781104	0.1285367	-0.11623885	0.10837259	-0.20524381	0.30741084	-0.69830656	0.18308674	-0.16041328	0.23109071	-0.5270961	0.9999975	-0.22327013	0.1463609
-0.040164143	0.033066448	-0.04304545	0.033690847	-0.039379235	0.035629325	-0.039573837	0.0402311	-0.042893168	0.04054455	-0.043133114	0.046519432	-0.05791967	0.048325486	-0.054746803	0.047261216	-0.051565867	0.0625364	-0.06264003	0.068096176	-0.06130586	0.053078707	-0.07128788	0.082268916	-0.07903737	0.0769818	-0.06639459	0.09047715	-0.10043525	0.09280894	-0.09242398	0.10111221	-0.146512	0.15196618	-0.15070873	0.1067248	-0.13606066	0.16738367	-0.444915	0.30899027	-0.12911801	0.1345424	-0.22327013	0.9999975	-0.77304333
0.0345437	-0.028531129	0.03699961	-0.029050931	0.033845864	-0.030762838	0.034061503	-0.03471005	0.03690398	-0.035018492	0.037110116	-0.040219527	0.049763057	-0.04172775	0.04706501	-0.04089434	0.044352967	-0.054301333	0.05394516	-0.059529964	0.052622966	-0.045891628	0.061332475	-0.071920924	0.06790461	-0.06699743	0.05685267	-0.07870929	0.08490876	-0.0841344	0.07650724	-0.085743	0.117188245	-0.12943172	0.13210152	-0.09050855	0.10712481	-0.13818818	0.29062447	-0.51886964	0.10273537	-0.11225001	0.1463609	-0.77304333	0.9999975
