1.0000001	-0.44385603	0.21278705	-0.23270896	0.02513634	-0.7531614	0.27613324	-0.19901769	0.16075692	-0.025482992	0.18101369	-0.16480412	0.14103279	-0.14347601	0.12638809	-0.11510367	0.10776932	-0.13948607	0.11661716	-0.09327007	0.048697192	-0.09063658	0.101446345	-0.100253545	0.10650565	-0.04934795	0.07229124	-0.0861816	0.08163193	-0.092760906	0.05481569	-0.06598699	0.06226786	-0.07233641	0.059093665	-0.04481692	0.05455207	-0.06824062	0.05362274	-0.04858506	0.049966738	-0.04118785	0.08631782	-0.04757623	0.05400288
-0.44385603	1.0000004	-0.61750174	0.28535613	-0.03239607	0.2611569	-0.39884827	0.22662513	-0.2345418	0.03190944	-0.20609044	0.17466418	-0.17395437	0.16865718	-0.16451499	0.120220974	-0.12211834	0.1527265	-0.14057304	0.11115534	-0.05269968	0.09764517	-0.11524577	0.1143287	-0.13088375	0.052549217	-0.07943347	0.093414225	-0.090951234	0.09777412	-0.059723776	0.070948	-0.0677517	0.078208216	-0.064146474	0.048245285	-0.05929833	0.072819896	-0.05834013	0.0523888	-0.05443862	0.044522755	-0.09373422	0.05139792	-0.05883371
0.21278705	-0.61750174	1.0000002	-0.6110828	0.036839165	-0.17980349	0.22386913	-0.27714944	0.244195	-0.037018493	0.1376229	-0.124039926	0.16528162	-0.1816207	0.146467	-0.099525884	0.09808825	-0.14686833	0.12920906	-0.10269547	0.045249764	-0.08681341	0.10174645	-0.10476399	0.11505322	-0.045633342	0.06964363	-0.08371805	0.08086069	-0.088279955	0.051501736	-0.06261281	0.059496436	-0.0700821	0.056849543	-0.041909132	0.051311012	-0.06398311	0.05093477	-0.046209328	0.04681469	-0.038516574	0.07983752	-0.04493499	0.051255163
-0.23270896	0.28535613	-0.6110828	1.0000001	-0.06094279	0.17365213	-0.25797316	0.25093302	-0.5253214	0.057528965	-0.16728356	0.13814835	-0.19475704	0.24073507	-0.21647137	0.11512415	-0.11834168	0.1689925	-0.1727007	0.13708375	-0.055132214	0.10517598	-0.12787378	0.13363764	-0.15801018	0.055058908	-0.08601994	0.10255561	-0.10192647	0.1073681	-0.063946195	0.07673443	-0.073583096	0.08651723	-0.07058488	0.051639896	-0.06374918	0.078440696	-0.0635092	0.057202596	-0.058345057	0.04774114	-0.10004171	0.05578519	-0.064007804
0.02513634	-0.03239607	0.036839165	-0.06094279	1.0000004	-0.021776184	0.029557563	-0.035633277	0.05447947	-0.9946766	0.02067082	-0.017715752	0.026758874	-0.040149875	0.037257772	-0.016851168	0.016763778	-0.026179852	0.0262056	-0.024254138	0.008599497	-0.016874356	0.019910911	-0.021809964	0.02472107	-0.008700746	0.013656667	-0.016654473	0.016422998	-0.018076546	0.01019451	-0.012451175	0.011856231	-0.01427628	0.011557278	-0.008313994	0.010229724	-0.012803926	0.010299789	-0.009379931	0.009327834	-0.0076850457	0.0160267	-0.009090841	0.010369761
-0.7531614	0.2611569	-0.17980349	0.17365213	-0.021776184	1.0000004	-0.4498529	0.18313333	-0.15084155	0.021806212	-0.27248713	0.20578566	-0.14420708	0.12912214	-0.12578276	0.124133594	-0.12256003	0.13317822	-0.11460142	0.089683376	-0.04864307	0.08738391	-0.09973622	0.09591425	-0.105706826	0.048408806	-0.0704373	0.081890374	-0.07817724	0.0855971	-0.052963313	0.062753975	-0.059607655	0.067989655	-0.055800848	0.0428615	-0.052309494	0.064411774	-0.050943628	0.045773428	-0.04804259	0.039343	-0.08246512	0.044998053	-0.051352814
0.27613324	-0.39884827	0.22386913	-0.25797316	0.029557563	-0.4498529	1.0000002	-0.35649535	0.2027821	-0.029996634	0.2915316	-0.48182708	0.21641193	-0.18587796	0.16195674	-0.18084286	0.16415307	-0.20523897	0.15753618	-0.1229942	0.06702755	-0.124382116	0.13699846	-0.13438949	0.13893615	-0.06804668	0.09729932	-0.11553339	0.10761787	-0.121287316	0.07151672	-0.08732891	0.08206041	-0.095096506	0.077031635	-0.0585582	0.07074903	-0.089031965	0.069175474	-0.06297061	0.06446047	-0.053258505	0.10902529	-0.06129683	0.06951747
-0.19901769	0.22662513	-0.27714944	0.25093302	-0.035633277	0.18313333	-0.35649535	1.0000001	-0.39797813	0.035388764	-0.20815821	0.18818341	-0.6114811	0.25348094	-0.23487443	0.15587862	-0.16682746	0.27749392	-0.23382437	0.16358921	-0.07041565	0.13626993	-0.17308186	0.17012468	-0.18924509	0.07002593	-0.11014271	0.1310279	-0.12807405	0.13107035	-0.078228965	0.09547076	-0.091596454	0.10696156	-0.08652847	0.06308482	-0.077525936	0.09577634	-0.076887056	0.06945867	-0.07048247	0.05775011	-0.11787251	0.06727486	-0.07725005
0.16075692	-0.2345418	0.244195	-0.5253214	0.05447947	-0.15084155	0.2027821	-0.39797813	1.0000001	-0.05713369	0.14115779	-0.1272395	0.23052499	-0.5678423	0.24339832	-0.12528251	0.123154424	-0.21852508	0.21094595	-0.17169407	0.060511373	-0.12128894	0.14367831	-0.16339403	0.17287458	-0.061455686	0.0964263	-0.118915685	0.11600474	-0.12581205	0.06932148	-0.0866516	0.08225122	-0.10018961	0.07989476	-0.056686904	0.06935042	-0.0876937	0.07000025	-0.0642487	0.062755674	-0.0519035	0.10541742	-0.06167648	0.07024613
-0.025482992	0.03190944	-0.037018493	0.057528965	-0.9946766	0.021806212	-0.029996634	0.035388764	-0.05713369	1.0000001	-0.02096256	0.017853573	-0.026976079	0.040031146	-0.03863507	0.016881049	-0.01687694	0.026153704	-0.026513904	0.024476342	-0.008625797	0.016890107	-0.020038337	0.021919046	-0.02515447	0.008713119	-0.013702511	0.016676368	-0.016500011	0.018046975	-0.010232337	0.012467687	-0.011887748	0.014291932	-0.011582132	0.008333593	-0.010264638	0.012816768	-0.010333055	0.009396467	-0.009365113	0.007708224	-0.016101118	0.009113399	-0.0104054725
0.18101369	-0.20609044	0.1376229	-0.16728356	0.02067082	-0.27248713	0.2915316	-0.20815821	0.14115779	-0.02096256	1.0	-0.7634303	0.17543486	-0.13994804	0.12664974	-0.31779313	0.2176745	-0.18136847	0.13009195	-0.09897911	0.06875169	-0.11476409	0.11978211	-0.11152745	0.11288798	-0.06876475	0.087604694	-0.09963198	0.09009747	-0.09986351	0.061897937	-0.07535911	0.07037407	-0.079175174	0.06382017	-0.050510183	0.059889488	-0.07520738	0.057135027	-0.051985208	0.054414373	-0.04493549	0.08908598	-0.05053178	0.057276946
-0.16480412	0.17466418	-0.124039926	0.13814835	-0.017715752	0.20578566	-0.48182708	0.18818341	-0.1272395	0.017853573	-0.7634303	1.0000005	-0.19035068	0.120795555	-0.11351863	0.20153816	-0.21155895	0.15719388	-0.11623828	0.0861807	-0.056237552	0.09605141	-0.10455104	0.095879816	-0.099912874	0.05512676	-0.074737534	0.08378195	-0.076890014	0.08277703	-0.052160665	0.06305664	-0.059411403	0.06643725	-0.053721156	0.042206433	-0.050505087	0.06272361	-0.04817482	0.043613333	-0.045934457	0.037747152	-0.07513723	0.042448338	-0.04832789
0.14103279	-0.17395437	0.16528162	-0.19475704	0.026758874	-0.14420708	0.21641193	-0.6114811	0.23052499	-0.026976079	0.17543486	-0.19035068	1.0000005	-0.2669903	0.20035261	-0.18256314	0.18107146	-0.5742017	0.24118176	-0.1659059	0.071950406	-0.14800619	0.17908783	-0.1837092	0.17454377	-0.07289591	0.112578675	-0.13918674	0.12769936	-0.13378912	0.07566241	-0.096858256	0.09145648	-0.10896354	0.08557136	-0.06175664	0.07486724	-0.09495949	0.07423328	-0.06821375	0.067218564	-0.055656627	0.109098464	-0.06516652	0.074155204
-0.14347601	0.16865718	-0.1816207	0.24073507	-0.040149875	0.12912214	-0.18587796	0.25348094	-0.5678423	0.040031146	-0.13994804	0.120795555	-0.2669903	1.0000002	-0.51229405	0.12736958	-0.13210328	0.23576823	-0.37203357	0.2521145	-0.06677102	0.13637218	-0.17393161	0.21529712	-0.25813216	0.06718126	-0.11064762	0.13672373	-0.14206861	0.14231278	-0.07754015	0.09743706	-0.09375556	0.11662476	-0.09256106	0.06296844	-0.0777266	0.09756131	-0.07996382	0.07320048	-0.07010905	0.05780157	-0.116902694	0.06979759	-0.08014163
0.12638809	-0.16451499	0.146467	-0.21647137	0.037257772	-0.12578276	0.16195674	-0.23487443	0.24339832	-0.03863507	0.12664974	-0.11351863	0.20035261	-0.51229405	1.0000002	-0.13638845	0.1318808	-0.24546337	0.2839627	-0.5935562	0.07615749	-0.16303661	0.1870511	-0.2617352	0.28944424	-0.07860936	0.12784894	-0.16500314	0.16384234	-0.18553361	0.090126514	-0.11768074	0.110997714	-0.14546248	0.112602934	-0.07467104	0.091195956	-0.11869546	0.095345184	-0.08965514	0.08156992	-0.06823554	0.13553123	-0.084361106	0.09529842
-0.11510367	0.120220974	-0.099525884	0.11512415	-0.016851168	0.124133594	-0.18084286	0.15587862	-0.12528251	0.016881049	-0.31779313	0.20153816	-0.18256314	0.12736958	-0.13638845	1.0	-0.8330728	0.21523587	-0.1561084	0.10531065	-0.1303764	0.15891033	-0.15822636	0.12365368	-0.12832856	0.11086557	-0.121814266	0.11729454	-0.10208141	0.10156603	-0.07584509	0.08883547	-0.08349051	0.085087836	-0.068411075	0.05997645	-0.068821676	0.08350185	-0.06113042	0.054837063	-0.062366135	0.050799284	-0.09320369	0.05335403	-0.060956378
0.10776932	-0.12211834	0.09808825	-0.11834168	0.016763778	-0.12256003	0.16415307	-0.16682746	0.123154424	-0.01687694	0.2176745	-0.21155895	0.18107146	-0.13210328	0.1318808	-0.8330728	1.0000001	-0.307228	0.1596048	-0.10850082	0.11040917	-0.19668993	0.16205855	-0.13102837	0.12636147	-0.10850322	0.12575024	-0.12499231	0.104152575	-0.10596137	0.07465977	-0.0924978	0.08520011	-0.08830082	0.069851145	-0.06011143	0.0688561	-0.08544077	0.061686438	-0.05590552	0.06183836	-0.0508878	0.09230279	-0.054012805	0.06134999
-0.13948607	0.1527265	-0.14686833	0.1689925	-0.026179852	0.13317822	-0.20523897	0.27749392	-0.21852508	0.026153704	-0.18136847	0.15719388	-0.5742017	0.23576823	-0.24546337	0.21523587	-0.307228	0.99999976	-0.47329894	0.20413683	-0.08731329	0.18204223	-0.28270826	0.2374327	-0.23215695	0.08602799	-0.14151078	0.17067097	-0.16153798	0.15170519	-0.08941746	0.11437726	-0.11007607	0.1283309	-0.100989334	0.07197869	-0.08798465	0.10977808	-0.08706077	0.07918207	-0.078750655	0.06477322	-0.12562037	0.07552057	-0.08674601
0.11661716	-0.14057304	0.12920906	-0.1727007	0.0262056	-0.11460142	0.15753618	-0.23382437	0.21094595	-0.026513904	0.13009195	-0.11623828	0.24118176	-0.37203357	0.2839627	-0.1561084	0.1596048	-0.47329894	0.99999964	-0.40280452	0.08010218	-0.17998932	0.23170134	-0.50769794	0.3009934	-0.08158669	0.13938102	-0.18439691	0.19516039	-0.18443559	0.09007469	-0.12079401	0.11563662	-0.15861954	0.11662617	-0.07378258	0.090586565	-0.11693146	0.09614909	-0.09003173	0.08027318	-0.06689361	0.12930132	-0.08375096	0.095209144
-0.09327007	0.11115534	-0.10269547	0.13708375	-0.024254138	0.089683376	-0.1229942	0.16358921	-0.17169407	0.024476342	-0.09897911	0.0861807	-0.1659059	0.2521145	-0.5935562	0.10531065	-0.10850082	0.20413683	-0.40280452	0.99999964	-0.06125165	0.13330308	-0.1728281	0.27018872	-0.58607537	0.062256966	-0.107002325	0.13773999	-0.15010053	0.14635447	-0.071893014	0.094309054	-0.09076549	0.12102225	-0.093056254	0.058838323	-0.072587766	0.09309354	-0.077391446	0.072087	-0.06467085	0.053775385	-0.106037214	0.06737558	-0.07710872
0.048697192	-0.05269968	0.045249764	-0.055132214	0.008599497	-0.04864307	0.06702755	-0.07041565	0.060511373	-0.008625797	0.06875169	-0.056237552	0.071950406	-0.06677102	0.07615749	-0.1303764	0.11040917	-0.08731329	0.08010218	-0.06125165	0.9999996	-0.22604398	0.13962474	-0.08533023	0.08177013	-0.9199419	0.16552565	-0.13141574	0.09000794	-0.09070705	0.14588776	-0.12139616	0.10057229	-0.07894976	0.06214882	-0.12008518	0.08699197	-0.10763339	0.057500727	-0.05082084	0.08303244	-0.06950427	0.089772426	-0.050720796	0.055898875
-0.09063658	0.09764517	-0.08681341	0.10517598	-0.016874356	0.08738391	-0.124382116	0.13626993	-0.12128894	0.016890107	-0.11476409	0.09605141	-0.14800619	0.13637218	-0.16303661	0.15891033	-0.19668993	0.18204223	-0.17998932	0.13330308	-0.22604398	0.99999976	-0.54252607	0.20236936	-0.18927644	0.18419436	-0.6077492	0.30549452	-0.20354007	0.17418577	-0.15552676	0.22209957	-0.20779864	0.15964454	-0.12454343	0.11764799	-0.1442687	0.16777219	-0.109266184	0.09680078	-0.12345731	0.09954936	-0.15668754	0.09363546	-0.1068371
0.101446345	-0.11524577	0.10174645	-0.12787378	0.019910911	-0.09973622	0.13699846	-0.17308186	0.14367831	-0.020038337	0.11978211	-0.10455104	0.17908783	-0.17393161	0.1870511	-0.15822636	0.16205855	-0.28270826	0.23170134	-0.1728281	0.13962474	-0.54252607	0.9999996	-0.37245017	0.22647054	-0.14479734	0.29638132	-0.49542704	0.24789007	-0.22866595	0.13843597	-0.21580069	0.19841334	-0.20382586	0.14835419	-0.11338877	0.13684094	-0.18078794	0.1237895	-0.114750355	0.11697896	-0.0983074	0.16505696	-0.10756577	0.120903134
-0.100253545	0.1143287	-0.10476399	0.13363764	-0.021809964	0.09591425	-0.13438949	0.17012468	-0.16339403	0.021919046	-0.11152745	0.095879816	-0.1837092	0.21529712	-0.2617352	0.12365368	-0.13102837	0.2374327	-0.50769794	0.27018872	-0.08533023	0.20236936	-0.37245017	0.99999964	-0.54004145	0.08567358	-0.16741851	0.22501525	-0.35910803	0.20947358	-0.09983212	0.13661025	-0.13645728	0.19758564	-0.14449713	0.080788694	-0.10114832	0.12912837	-0.11407463	0.10506062	-0.088749096	0.073678695	-0.14157252	0.09618951	-0.11149814
0.10650565	-0.13088375	0.11505322	-0.15801018	0.02472107	-0.105706826	0.13893615	-0.18924509	0.17287458	-0.02515447	0.11288798	-0.099912874	0.17454377	-0.25813216	0.28944424	-0.12832856	0.12636147	-0.23215695	0.3009934	-0.58607537	0.08177013	-0.18927644	0.22647054	-0.54004145	0.99999946	-0.08454869	0.14700016	-0.19979283	0.2130707	-0.22333562	0.09739679	-0.13305566	0.12648806	-0.18295705	0.13392852	-0.08069996	0.09912051	-0.13049679	0.1083442	-0.10335455	0.08750654	-0.073503405	0.14221935	-0.09510107	0.10744631
-0.04934795	0.052549217	-0.045633342	0.055058908	-0.008700746	0.048408806	-0.06804668	0.07002593	-0.061455686	0.008713119	-0.06876475	0.05512676	-0.07289591	0.06718126	-0.07860936	0.11086557	-0.10850322	0.08602799	-0.08158669	0.062256966	-0.9199419	0.18419436	-0.14479734	0.08567358	-0.08454869	0.9999996	-0.18873261	0.12917897	-0.09177436	0.08924462	-0.18136916	0.12157227	-0.10416069	0.07872027	-0.062637284	0.12004761	-0.09058622	0.10601681	-0.058288142	0.051015567	-0.08771421	0.07061775	-0.09204955	0.0511383	-0.05674146
0.07229124	-0.07943347	0.06964363	-0.08601994	0.013656667	-0.0704373	0.09729932	-0.11014271	0.0964263	-0.013702511	0.087604694	-0.074737534	0.112578675	-0.11064762	0.12784894	-0.121814266	0.12575024	-0.14151078	0.13938102	-0.107002325	0.16552565	-0.6077492	0.29638132	-0.16741851	0.14700016	-0.18873261	0.99999946	-0.5290298	0.20557338	-0.18176559	0.1572777	-0.38038906	0.2428606	-0.1729864	0.12495533	-0.12444166	0.1496921	-0.18858294	0.10740973	-0.09682532	0.122023955	-0.10285545	0.14686073	-0.09267865	0.10323647
-0.0861816	0.093414225	-0.08371805	0.10255561	-0.016654473	0.081890374	-0.11553339	0.1310279	-0.118915685	0.016676368	-0.09963198	0.08378195	-0.13918674	0.13672373	-0.16500314	0.11729454	-0.12499231	0.17067097	-0.18439691	0.13773999	-0.13141574	0.30549452	-0.49542704	0.22501525	-0.19979283	0.12917897	-0.5290298	0.9999995	-0.4038534	0.22097485	-0.15734273	0.25534815	-0.3251681	0.22490342	-0.1664073	0.12201366	-0.16086368	0.19962406	-0.13684332	0.12114173	-0.13251297	0.108712435	-0.17529923	0.11380681	-0.13119912
0.08163193	-0.090951234	0.08086069	-0.10192647	0.016422998	-0.07817724	0.10761787	-0.12807405	0.11600474	-0.016500011	0.09009747	-0.076890014	0.12769936	-0.14206861	0.16384234	-0.10208141	0.104152575	-0.16153798	0.19516039	-0.15010053	0.09000794	-0.20354007	0.24789007	-0.35910803	0.2130707	-0.09177436	0.20557338	-0.4038534	0.99999976	-0.43352523	0.12167993	-0.18532474	0.19524351	-0.5773369	0.26696858	-0.09940952	0.12860009	-0.17302607	0.18478398	-0.18068968	0.109705314	-0.09265084	0.17758983	-0.15433258	0.17354216
-0.092760906	0.09777412	-0.088279955	0.1073681	-0.018076546	0.0855971	-0.121287316	0.13107035	-0.12581205	0.018046975	-0.09986351	0.08277703	-0.13378912	0.14231278	-0.18553361	0.10156603	-0.10596137	0.15170519	-0.18443559	0.14635447	-0.09070705	0.17418577	-0.22866595	0.20947358	-0.22333562	0.08924462	-0.18176559	0.22097485	-0.43352523	0.9999996	-0.13721411	0.1673754	-0.18290591	0.31886038	-0.5928174	0.10891419	-0.14654455	0.17636722	-0.25613058	0.26143163	-0.1310695	0.10758916	-0.24953958	0.19962707	-0.30968633
0.05481569	-0.059723776	0.051501736	-0.063946195	0.01019451	-0.052963313	0.07151672	-0.078228965	0.06932148	-0.010232337	0.061897937	-0.052160665	0.07566241	-0.07754015	0.090126514	-0.07584509	0.07465977	-0.08941746	0.09007469	-0.071893014	0.14588776	-0.15552676	0.13843597	-0.09983212	0.09739679	-0.18136916	0.1572777	-0.15734273	0.12167993	-0.13721411	0.9999995	-0.3173225	0.20337106	-0.12041949	0.096135534	-0.7642787	0.22894771	-0.279949	0.09943903	-0.08440257	0.2557544	-0.22160558	0.17520742	-0.090584256	0.09328398
-0.06598699	0.070948	-0.06261281	0.07673443	-0.012451175	0.062753975	-0.08732891	0.09547076	-0.0866516	0.012467687	-0.07535911	0.06305664	-0.096858256	0.09743706	-0.11768074	0.08883547	-0.0924978	0.11437726	-0.12079401	0.094309054	-0.12139616	0.22209957	-0.21580069	0.13661025	-0.13305566	0.12157227	-0.38038906	0.25534815	-0.18532474	0.1673754	-0.3173225	0.9999996	-0.67368984	0.17535754	-0.13312602	0.20164953	-0.2971026	0.28915095	-0.12436319	0.1044287	-0.2066675	0.16854051	-0.1874004	0.10573415	-0.115805864
0.06226786	-0.0677517	0.059496436	-0.073583096	0.011856231	-0.059607655	0.08206041	-0.091596454	0.08225122	-0.011887748	0.07037407	-0.059411403	0.09145648	-0.09375556	0.110997714	-0.08349051	0.08520011	-0.11007607	0.11563662	-0.09076549	0.10057229	-0.20779864	0.19841334	-0.13645728	0.12648806	-0.10416069	0.2428606	-0.3251681	0.19524351	-0.18290591	0.20337106	-0.67368984	0.99999964	-0.23375078	0.14453088	-0.17092998	0.23715457	-0.48054665	0.13213246	-0.11292474	0.16949193	-0.15141685	0.17758764	-0.11196273	0.11883691
-0.07233641	0.078208216	-0.0700821	0.08651723	-0.01427628	0.067989655	-0.095096506	0.10696156	-0.10018961	0.014291932	-0.079175174	0.06643725	-0.10896354	0.11662476	-0.14546248	0.085087836	-0.08830082	0.1283309	-0.15861954	0.12102225	-0.07894976	0.15964454	-0.20382586	0.19758564	-0.18295705	0.07872027	-0.1729864	0.22490342	-0.5773369	0.31886038	-0.12041949	0.17535754	-0.23375078	0.9999993	-0.528312	0.096798494	-0.13122143	0.17228979	-0.3037448	0.23543772	-0.111238435	0.093502104	-0.19467804	0.19413786	-0.23512453
0.059093665	-0.064146474	0.056849543	-0.07058488	0.011557278	-0.055800848	0.077031635	-0.08652847	0.07989476	-0.011582132	0.06382017	-0.053721156	0.08557136	-0.09256106	0.112602934	-0.068411075	0.069851145	-0.100989334	0.11662617	-0.093056254	0.06214882	-0.12454343	0.14835419	-0.14449713	0.13392852	-0.062637284	0.12495533	-0.1664073	0.26696858	-0.5928174	0.096135534	-0.13312602	0.14453088	-0.528312	0.99999934	-0.07890363	0.10525281	-0.14129464	0.23264489	-0.45248947	0.09127217	-0.07766402	0.1713742	-0.19246721	0.25837755
-0.04481692	0.048245285	-0.041909132	0.051639896	-0.008313994	0.0428615	-0.0585582	0.06308482	-0.056686904	0.008333593	-0.050510183	0.042206433	-0.06175664	0.06296844	-0.07467104	0.05997645	-0.06011143	0.07197869	-0.07378258	0.058838323	-0.12008518	0.11764799	-0.11338877	0.080788694	-0.08069996	0.12004761	-0.12444166	0.12201366	-0.09940952	0.10891419	-0.7642787	0.20164953	-0.17092998	0.096798494	-0.07890363	0.9999993	-0.28296283	0.2193864	-0.08415376	0.06964603	-0.4370466	0.23277833	-0.16195643	0.07685048	-0.07880232
0.05455207	-0.05929833	0.051311012	-0.06374918	0.010229724	-0.052309494	0.07074903	-0.077525936	0.06935042	-0.010264638	0.059889488	-0.050505087	0.07486724	-0.0777266	0.091195956	-0.068821676	0.0688561	-0.08798465	0.090586565	-0.072587766	0.08699197	-0.1442687	0.13684094	-0.10114832	0.09912051	-0.09058622	0.1496921	-0.16086368	0.12860009	-0.14654455	0.22894771	-0.2971026	0.23715457	-0.13122143	0.10525281	-0.28296283	0.9999991	-0.57533914	0.11872283	-0.09617097	0.3023298	-0.5622427	0.21271987	-0.10922324	0.105760746
-0.06824062	0.072819896	-0.06398311	0.078440696	-0.012803926	0.064411774	-0.089031965	0.09577634	-0.0876937	0.012816768	-0.07520738	0.06272361	-0.09495949	0.09756131	-0.11869546	0.08350185	-0.08544077	0.10977808	-0.11693146	0.09309354	-0.10763339	0.16777219	-0.18078794	0.12912837	-0.13049679	0.10601681	-0.18858294	0.19962406	-0.17302607	0.17636722	-0.279949	0.28915095	-0.48054665	0.17228979	-0.14129464	0.2193864	-0.57533914	0.9999991	-0.17777131	0.12634711	-0.31486133	0.2566406	-0.28603706	0.14318614	-0.14378262
0.05362274	-0.05834013	0.05093477	-0.0635092	0.010299789	-0.050943628	0.069175474	-0.076887056	0.07000025	-0.010333055	0.057135027	-0.04817482	0.07423328	-0.07996382	0.095345184	-0.06113042	0.061686438	-0.08706077	0.09614909	-0.077391446	0.057500727	-0.109266184	0.1237895	-0.11407463	0.1083442	-0.058288142	0.10740973	-0.13684332	0.18478398	-0.25613058	0.09943903	-0.12436319	0.13213246	-0.3037448	0.23264489	-0.08415376	0.11872283	-0.17777131	0.99999857	-0.4399135	0.10161501	-0.09143214	0.23627363	-0.7004923	0.31404394
-0.04858506	0.0523888	-0.046209328	0.057202596	-0.009379931	0.045773428	-0.06297061	0.06945867	-0.0642487	0.009396467	-0.051985208	0.043613333	-0.06821375	0.07320048	-0.08965514	0.054837063	-0.05590552	0.07918207	-0.09003173	0.072087	-0.05082084	0.09680078	-0.114750355	0.10506062	-0.10335455	0.051015567	-0.09682532	0.12114173	-0.18068968	0.26143163	-0.08440257	0.1044287	-0.11292474	0.23543772	-0.45248947	0.06964603	-0.09617097	0.12634711	-0.4399135	0.9999985	-0.08442449	0.07296072	-0.19124274	0.28474987	-0.66975564
0.049966738	-0.05443862	0.04681469	-0.058345057	0.009327834	-0.04804259	0.06446047	-0.07048247	0.062755674	-0.009365113	0.054414373	-0.045934457	0.067218564	-0.07010905	0.08156992	-0.062366135	0.06183836	-0.078750655	0.08027318	-0.06467085	0.08303244	-0.12345731	0.11697896	-0.088749096	0.08750654	-0.08771421	0.122023955	-0.13251297	0.109705314	-0.1310695	0.2557544	-0.2066675	0.16949193	-0.111238435	0.09127217	-0.4370466	0.3023298	-0.31486133	0.10161501	-0.08442449	0.9999985	-0.69100636	0.2041604	-0.09733691	0.09401439
-0.04118785	0.044522755	-0.038516574	0.04774114	-0.0076850457	0.039343	-0.053258505	0.05775011	-0.0519035	0.007708224	-0.04493549	0.037747152	-0.055656627	0.05780157	-0.06823554	0.050799284	-0.0508878	0.06477322	-0.06689361	0.053775385	-0.06950427	0.09954936	-0.0983074	0.073678695	-0.073503405	0.07061775	-0.10285545	0.108712435	-0.09265084	0.10758916	-0.22160558	0.16854051	-0.15141685	0.093502104	-0.07766402	0.23277833	-0.5622427	0.2566406	-0.09143214	0.07296072	-0.69100636	0.99999857	-0.23702466	0.089314125	-0.08339988
0.08631782	-0.09373422	0.07983752	-0.10004171	0.0160267	-0.08246512	0.10902529	-0.11787251	0.10541742	-0.016101118	0.08908598	-0.07513723	0.109098464	-0.116902694	0.13553123	-0.09320369	0.09230279	-0.12562037	0.12930132	-0.106037214	0.089772426	-0.15668754	0.16505696	-0.14157252	0.14221935	-0.09204955	0.14686073	-0.17529923	0.17758983	-0.24953958	0.17520742	-0.1874004	0.17758764	-0.19467804	0.1713742	-0.16195643	0.21271987	-0.28603706	0.23627363	-0.19124274	0.2041604	-0.23702466	0.9999984	-0.34773538	0.21852186
-0.04757623	0.05139792	-0.04493499	0.05578519	-0.009090841	0.044998053	-0.06129683	0.06727486	-0.06167648	0.009113399	-0.05053178	0.042448338	-0.06516652	0.06979759	-0.084361106	0.05335403	-0.054012805	0.07552057	-0.08375096	0.06737558	-0.050720796	0.09363546	-0.10756577	0.09618951	-0.09510107	0.0511383	-0.09267865	0.11380681	-0.15433258	0.19962707	-0.090584256	0.10573415	-0.11196273	0.19413786	-0.19246721	0.07685048	-0.10922324	0.14318614	-0.7004923	0.28474987	-0.09733691	0.089314125	-0.34773538	0.9999984	-0.50015694
0.05400288	-0.05883371	0.051255163	-0.064007804	0.010369761	-0.051352814	0.06951747	-0.07725005	0.07024613	-0.0104054725	0.057276946	-0.04832789	0.074155204	-0.08014163	0.09529842	-0.060956378	0.06134999	-0.08674601	0.095209144	-0.07710872	0.055898875	-0.1068371	0.120903134	-0.11149814	0.10744631	-0.05674146	0.10323647	-0.13119912	0.17354216	-0.30968633	0.09328398	-0.115805864	0.11883691	-0.23512453	0.25837755	-0.07880232	0.105760746	-0.14378262	0.31404394	-0.66975564	0.09401439	-0.08339988	0.21852186	-0.50015694	0.9999984
