1.0000001	-0.044657722	0.025365163	-0.019136399	0.020891987	-0.9967869	0.047082614	-0.026256602	0.019870615	-0.02061623	0.030061774	-0.023350114	0.02281361	-0.014019513	0.012792906	-0.01152606	0.012403456	-0.013225694	0.009014519	-0.010578215	0.0078732995	-0.01118199	0.01043385	-0.009247882	0.0065450566	-0.008880251	0.009209244	-0.0086014485	0.008909181	-0.007819122	0.009628215	-0.008890685	0.009314649	-0.006098444	0.006908408	-0.00577333	0.007149028	-0.009051439	0.0057767928	-0.004068516	0.00652437	-0.0066694706	0.0057255714	-0.005543947	0.004323708
-0.044657722	1.0	-0.47479603	0.21530864	-0.18383878	0.042916358	-0.77263725	0.2888715	-0.23555163	0.1603001	-0.10974273	0.11307982	-0.19824852	0.111441776	-0.1020551	0.04736873	-0.06548222	0.06564843	-0.06290129	0.07258636	-0.035776798	0.055060297	-0.05498127	0.05213554	-0.037834637	0.04089652	-0.0468351	0.044609815	-0.04964919	0.04320577	-0.04797693	0.044168416	-0.049307626	0.032875396	-0.0379955	0.029204441	-0.036393106	0.045240276	-0.031057507	0.021904748	-0.03376586	0.034407116	-0.0302332	0.029390505	-0.023396995
0.025365163	-0.47479603	1.0000002	-0.5211758	0.23141885	-0.025224222	0.29476228	-0.5289692	0.31012404	-0.22822951	0.11829182	-0.12241017	0.2264564	-0.14964283	0.13085854	-0.055819143	0.07228682	-0.07802978	0.08074524	-0.095682524	0.04180226	-0.06524736	0.064933255	-0.06512052	0.047088053	-0.04876018	0.055386923	-0.053750657	0.06070517	-0.0538944	0.056774706	-0.053069256	0.058993787	-0.04044116	0.04663763	-0.035261557	0.043947525	-0.055224672	0.038106043	-0.026984202	0.04059316	-0.042440567	0.037074756	-0.03630179	0.028777035
-0.019136399	0.21530864	-0.5211758	1.0000004	-0.38383088	0.01882533	-0.22282909	0.29550067	-0.65122426	0.21884798	-0.10659773	0.10350653	-0.21242031	0.14205155	-0.13328554	0.049573276	-0.06341156	0.0683673	-0.07644355	0.087389626	-0.037327062	0.057489667	-0.057855684	0.05856892	-0.042674135	0.043398604	-0.049331244	0.047947597	-0.0548467	0.048353944	-0.050883	0.047229584	-0.052925255	0.03637334	-0.042149153	0.031566557	-0.039284125	0.04922115	-0.034311686	0.024298571	-0.03647111	0.037997313	-0.033327945	0.032610066	-0.02594781
0.020891987	-0.18383878	0.23141885	-0.38383088	1.0	-0.020656914	0.17504594	-0.21207365	0.25146368	-0.4392091	0.19264324	-0.17393276	0.27011237	-0.20716204	0.20354052	-0.09493453	0.110574745	-0.12368552	0.12163438	-0.14737862	0.07092846	-0.10677037	0.105835944	-0.10818671	0.077961706	-0.083528295	0.09262948	-0.090376526	0.102491945	-0.09150312	0.097530395	-0.09053327	0.09992923	-0.071052186	0.08268763	-0.06187534	0.0763599	-0.09682462	0.067438334	-0.04813284	0.07135851	-0.076443754	0.06658772	-0.06514973	0.051488638
-0.9967869	0.042916358	-0.025224222	0.01882533	-0.020656914	0.9999999	-0.04925707	0.025932465	-0.01975977	0.020190883	-0.030782294	0.022997811	-0.022664681	0.0137902545	-0.012602774	0.011365699	-0.012236308	0.012995323	-0.008865876	0.010385723	-0.0077796727	0.010991769	-0.010267766	0.009083059	-0.006431864	0.008738692	-0.009063434	0.008456406	-0.008760368	0.007678163	-0.0094896285	0.008740851	-0.009165523	0.0059922324	-0.0067912503	0.0056784987	-0.0070291413	0.008890489	-0.005677313	0.0039974824	-0.006421616	0.0065495945	-0.0056266845	0.005445233	-0.004249092
0.047082614	-0.77263725	0.29476228	-0.22282909	0.17504594	-0.04925707	0.99999976	-0.44836137	0.22150576	-0.18223068	0.11867423	-0.13984519	0.19960804	-0.12377977	0.10850881	-0.052959383	0.07432241	-0.075233966	0.069187336	-0.08149855	0.039709643	-0.062492397	0.06164543	-0.058496878	0.042194713	-0.045742434	0.05240365	-0.05002913	0.055236813	-0.04848249	0.05322372	-0.049550727	0.054891404	-0.03670395	0.042231932	-0.03257588	0.04067705	-0.050799977	0.0346196	-0.024434209	0.037507053	-0.038567204	0.03373347	-0.032864686	0.026061397
-0.026256602	0.2888715	-0.5289692	0.29550067	-0.21207365	0.025932465	-0.44836137	0.9999997	-0.52063096	0.21466534	-0.11758833	0.12478806	-0.35322243	0.16133134	-0.13926011	0.053628743	-0.072833285	0.076384015	-0.083706446	0.095943265	-0.040344786	0.06331516	-0.06353114	0.06320969	-0.045944262	0.04672468	-0.053646684	0.051872388	-0.05879466	0.05181393	-0.05458707	0.050906353	-0.056985896	0.038535066	-0.044418536	0.03358328	-0.041975442	0.05244838	-0.036251847	0.025595762	-0.038723625	0.040014878	-0.03507733	0.034318086	-0.027291548
0.019870615	-0.23555163	0.31012404	-0.65122426	0.25146368	-0.01975977	0.22150576	-0.52063096	0.9999993	-0.29889798	0.11801417	-0.11817373	0.23754804	-0.19421901	0.16197704	-0.055762354	0.071951315	-0.07856785	0.093164936	-0.107623614	0.041918647	-0.06542105	0.065975	-0.06806302	0.049547754	-0.048919607	0.055849176	-0.054558933	0.06276877	-0.055688404	0.05720825	-0.053442482	0.05997208	-0.04122859	0.047630496	-0.0355301	0.044334937	-0.055600375	0.03877672	-0.027440866	0.040984068	-0.04279508	0.03750271	-0.036793604	0.02926535
-0.02061623	0.1603001	-0.22822951	0.21884798	-0.4392091	0.020190883	-0.18223068	0.21466534	-0.29889798	0.99999934	-0.20520782	0.17217904	-0.4354718	0.2932386	-0.560577	0.089541994	-0.11387733	0.12217987	-0.16779976	0.18038942	-0.06894775	0.10325395	-0.10800846	0.11150436	-0.084023304	0.07886708	-0.09099322	0.088901035	-0.10642875	0.090827934	-0.09494762	0.08607624	-0.099956214	0.06795267	-0.08003154	0.057907525	-0.072012566	0.08861725	-0.064149104	0.04520495	-0.06787993	0.0683688	-0.061236408	0.059734657	-0.048472017
0.030061774	-0.10974273	0.11829182	-0.10659773	0.19264324	-0.030782294	0.11867423	-0.11758833	0.11801417	-0.20520782	0.99999934	-0.6324088	0.23153158	-0.1512111	0.1371971	-0.32429078	0.26888332	-0.2928495	0.12592046	-0.1473065	0.18721779	-0.24537946	0.21261092	-0.16941038	0.11646798	-0.20576267	0.19266781	-0.17455444	0.16513269	-0.14509504	0.20345677	-0.18796362	0.18405394	-0.11542277	0.12732045	-0.11812158	0.14569515	-0.18681696	0.1094776	-0.076654375	0.130146	-0.13154128	0.1102954	-0.106045775	0.08094589
-0.023350114	0.11307982	-0.12241017	0.10350653	-0.17393276	0.022997811	-0.13984519	0.12478806	-0.11817373	0.17217904	-0.6324088	0.9999991	-0.30283332	0.1434186	-0.1309324	0.18302527	-0.50231993	0.26792604	-0.117192745	0.1274851	-0.14152782	0.22299474	-0.22197402	0.14445542	-0.10363603	0.14842987	-0.18402052	0.15568413	-0.15167773	0.120937176	-0.17587033	0.15642306	-0.17395984	0.098720185	-0.112835914	0.09788052	-0.12368726	0.14679654	-0.094146624	0.06500077	-0.113820165	0.10454156	-0.092904106	0.087140866	-0.06962343
0.02281361	-0.19824852	0.2264564	-0.21242031	0.27011237	-0.022664681	0.19960804	-0.35322243	0.23754804	-0.4354718	0.23153158	-0.30283332	0.999999	-0.46169302	0.27866766	-0.11229238	0.15722384	-0.1715485	0.19188914	-0.23174255	0.08359726	-0.13770127	0.13659778	-0.13980563	0.10050201	-0.09813343	0.11361616	-0.11099267	0.1254061	-0.112853445	0.11307654	-0.10793791	0.11997139	-0.08110825	0.092417926	-0.06994709	0.08806863	-0.11070258	0.075741485	-0.053414337	0.080032445	-0.08359409	0.0727889	-0.071689814	0.05671527
-0.014019513	0.111441776	-0.14964283	0.14205155	-0.20716204	0.0137902545	-0.12377977	0.16133134	-0.19421901	0.2932386	-0.1512111	0.1434186	-0.46169302	0.9999989	-0.6603778	0.07111934	-0.102574795	0.11634921	-0.36852112	0.26164058	-0.054638468	0.09002383	-0.1002532	0.1191441	-0.09065478	0.063852206	-0.07760769	0.078799374	-0.101441436	0.08809466	-0.075984955	0.07211471	-0.08637093	0.058348134	-0.067198314	0.04648985	-0.059297014	0.073064096	-0.053778794	0.0375919	-0.053935245	0.055266738	-0.049268845	0.049190667	-0.039905977
0.012792906	-0.1020551	0.13085854	-0.13328554	0.20354052	-0.012602774	0.10850881	-0.13926011	0.16197704	-0.560577	0.1371971	-0.1309324	0.27866766	-0.6603778	0.99999887	-0.066773444	0.09138819	-0.10662594	0.2238983	-0.28855792	0.050887227	-0.08375561	0.09054768	-0.11018888	0.08265906	-0.059959162	0.071767434	-0.073151864	0.092373185	-0.0838767	0.07079588	-0.0675642	0.07960241	-0.054749522	0.06276852	-0.04376027	0.055640317	-0.06915287	0.05041268	-0.0353857	0.05058196	-0.0525404	0.046541914	-0.046547126	0.037516482
-0.01152606	0.04736873	-0.055819143	0.049573276	-0.09493453	0.011365699	-0.052959383	0.053628743	-0.055762354	0.089541994	-0.32429078	0.18302527	-0.11229238	0.07111934	-0.066773444	0.99999887	-0.1675883	0.15125784	-0.06708164	0.075267315	-0.7480656	0.16705203	-0.15425278	0.10904544	-0.07757568	0.2988693	-0.18926947	0.13480124	-0.122603334	0.09541356	-0.35117912	0.17382397	-0.1632849	0.08721526	-0.10008918	0.1312675	-0.13598658	0.14955875	-0.08625184	0.05877086	-0.15662716	0.103845865	-0.09264417	0.08029721	-0.06368215
0.012403456	-0.06548222	0.07228682	-0.06341156	0.110574745	-0.012236308	0.07432241	-0.072833285	0.071951315	-0.11387733	0.26888332	-0.50231993	0.15722384	-0.102574795	0.09138819	-0.1675883	0.99999887	-0.627518	0.11354899	-0.12148618	0.12161313	-0.40266016	0.27997696	-0.15113862	0.102641985	-0.14145932	0.20581819	-0.17705022	0.14811562	-0.11972914	0.15470552	-0.1693369	0.17434408	-0.09179046	0.100016154	-0.088665456	0.119743295	-0.14444293	0.08531636	-0.058159675	0.09906357	-0.09486514	0.08232163	-0.07814383	0.061440967
-0.013225694	0.06564843	-0.07802978	0.0683673	-0.12368552	0.012995323	-0.075233966	0.076384015	-0.07856785	0.12217987	-0.2928495	0.26792604	-0.1715485	0.11634921	-0.10662594	0.15125784	-0.627518	0.9999988	-0.16438465	0.1472195	-0.121764556	0.28646487	-0.52838284	0.18183485	-0.12957461	0.14062677	-0.21450156	0.20953049	-0.18598007	0.13915898	-0.16733184	0.1715467	-0.21884492	0.106751874	-0.11829782	0.09560024	-0.12960897	0.15196832	-0.098633185	0.06685354	-0.10987736	0.10300714	-0.092067465	0.0880196	-0.0709215
0.009014519	-0.06290129	0.08074524	-0.07644355	0.12163438	-0.008865876	0.069187336	-0.083706446	0.093164936	-0.16779976	0.12592046	-0.117192745	0.19188914	-0.36852112	0.2238983	-0.06708164	0.11354899	-0.16438465	0.99999905	-0.83200485	0.05220972	-0.099336565	0.12496415	-0.21457975	0.14390688	-0.063022554	0.08368213	-0.09212511	0.1336517	-0.12251505	0.07495617	-0.07570908	0.0968031	-0.065818526	0.07375455	-0.04605693	0.06099957	-0.074769236	0.058287743	-0.040243056	0.053073812	-0.055191938	0.049505997	-0.051386636	0.042128276
-0.010578215	0.07258636	-0.095682524	0.087389626	-0.14737862	0.010385723	-0.08149855	0.095943265	-0.107623614	0.18038942	-0.1473065	0.1274851	-0.23174255	0.26164058	-0.28855792	0.075267315	-0.12148618	0.1472195	-0.83200485	0.9999989	-0.05914274	0.10620691	-0.13367155	0.18611804	-0.17451657	0.07063907	-0.09315041	0.100816995	-0.15156794	0.13216698	-0.08542846	0.08418962	-0.10985638	0.074418925	-0.08536732	0.052248433	-0.0688179	0.08360105	-0.06676111	0.04605139	-0.06076416	0.06246359	-0.056619536	0.05844996	-0.04850028
0.0078732995	-0.035776798	0.04180226	-0.037327062	0.07092846	-0.0077796727	0.039709643	-0.040344786	0.041918647	-0.06894775	0.18721779	-0.14152782	0.08359726	-0.054638468	0.050887227	-0.7480656	0.12161313	-0.121764556	0.05220972	-0.05914274	0.9999992	-0.14882429	0.12028485	-0.08692187	0.060579743	-0.5296562	0.16045451	-0.11013911	0.09451695	-0.07591834	0.26227877	-0.14962523	0.12507814	-0.06776193	0.075495444	-0.1044335	0.10822483	-0.124131545	0.06637642	-0.045229644	0.113186814	-0.082768105	0.070981756	-0.0625979	0.048489742
-0.01118199	0.055060297	-0.06524736	0.057489667	-0.10677037	0.010991769	-0.062492397	0.06331516	-0.06542105	0.10325395	-0.24537946	0.22299474	-0.13770127	0.09002383	-0.08375561	0.16705203	-0.40266016	0.28646487	-0.099336565	0.10620691	-0.14882429	0.99999905	-0.5109297	0.18026014	-0.12617005	0.18691368	-0.5495437	0.25094113	-0.19763735	0.14355887	-0.21587217	0.2517095	-0.2636984	0.11705258	-0.12736532	0.11778753	-0.1749865	0.18676366	-0.10959464	0.07318733	-0.13266583	0.11987371	-0.10633863	0.09760651	-0.07771738
0.01043385	-0.05498127	0.064933255	-0.057855684	0.105835944	-0.010267766	0.06164543	-0.06353114	0.065975	-0.10800846	0.21261092	-0.22197402	0.13659778	-0.1002532	0.09054768	-0.15425278	0.27997696	-0.52838284	0.12496415	-0.13367155	0.12028485	-0.5109297	0.99999887	-0.2930842	0.16204901	-0.16074477	0.2617373	-0.39837164	0.22893108	-0.18383858	0.17493895	-0.22262989	0.2595439	-0.12667146	0.13052316	-0.10612353	0.15133455	-0.1879295	0.11170297	-0.07533988	0.11621454	-0.11765339	0.101444855	-0.09992807	0.078310564
-0.009247882	0.05213554	-0.06512052	0.05856892	-0.10818671	0.009083059	-0.058496878	0.06320969	-0.06806302	0.11150436	-0.16941038	0.14445542	-0.13980563	0.1191441	-0.11018888	0.10904544	-0.15113862	0.18183485	-0.21457975	0.18611804	-0.08692187	0.18026014	-0.2930842	0.9999988	-0.61640143	0.1116525	-0.16599877	0.21494403	-0.5017463	0.32297343	-0.1353059	0.14726658	-0.21971768	0.16303326	-0.17933056	0.08548808	-0.11954681	0.14544544	-0.13731039	0.091552	-0.09845532	0.10759504	-0.0988156	0.11090289	-0.09443793
0.0065450566	-0.037834637	0.047088053	-0.042674135	0.077961706	-0.006431864	0.042194713	-0.045944262	0.049547754	-0.084023304	0.11646798	-0.10363603	0.10050201	-0.09065478	0.08265906	-0.07757568	0.102641985	-0.12957461	0.14390688	-0.17451657	0.060579743	-0.12617005	0.16204901	-0.61640143	0.99999887	-0.07864077	0.111052915	-0.14792508	0.28914	-0.67325085	0.092929915	-0.10308399	0.1433224	-0.11939495	0.1282895	-0.059927065	0.08326188	-0.10446726	0.09574032	-0.06732441	0.0680572	-0.07820552	0.070111886	-0.08159959	0.067081526
-0.008880251	0.04089652	-0.04876018	0.043398604	-0.083528295	0.008738692	-0.045742434	0.04672468	-0.048919607	0.07886708	-0.20576267	0.14842987	-0.09813343	0.063852206	-0.059959162	0.2988693	-0.14145932	0.14062677	-0.063022554	0.07063907	-0.5296562	0.18691368	-0.16074477	0.1116525	-0.07864077	0.99999887	-0.29418057	0.1537672	-0.12788166	0.098293655	-0.6350513	0.22965989	-0.18401472	0.091005705	-0.10183246	0.1616134	-0.163388	0.17171349	-0.0901903	0.060652345	-0.18043056	0.112440094	-0.098178394	0.08368748	-0.06541321
0.009209244	-0.0468351	0.055386923	-0.049331244	0.09262948	-0.009063434	0.05240365	-0.053646684	0.055849176	-0.09099322	0.19266781	-0.18402052	0.11361616	-0.07760769	0.071767434	-0.18926947	0.20581819	-0.21450156	0.08368213	-0.09315041	0.16045451	-0.5495437	0.2617373	-0.16599877	0.111052915	-0.29418057	0.999999	-0.33428907	0.18388927	-0.14253356	0.25402358	-0.5334142	0.27157837	-0.12060982	0.12510607	-0.14197168	0.22006392	-0.2454961	0.11359988	-0.07534212	0.14652458	-0.13943529	0.11588938	-0.10374336	0.079318695
-0.0086014485	0.044609815	-0.053750657	0.047947597	-0.090376526	0.008456406	-0.05002913	0.051872388	-0.054558933	0.088901035	-0.17455444	0.15568413	-0.11099267	0.078799374	-0.073151864	0.13480124	-0.17705022	0.20953049	-0.09212511	0.100816995	-0.11013911	0.25094113	-0.39837164	0.21494403	-0.14792508	0.1537672	-0.33428907	0.9999991	-0.38636932	0.19330326	-0.1821558	0.24488728	-0.6652386	0.1553047	-0.1490569	0.11031937	-0.17125002	0.20266235	-0.12986162	0.0838049	-0.122444816	0.122736886	-0.10872216	0.10889004	-0.08643691
0.008909181	-0.04964919	0.06070517	-0.0548467	0.102491945	-0.008760368	0.055236813	-0.05879466	0.06276877	-0.10642875	0.16513269	-0.15167773	0.1254061	-0.101441436	0.092373185	-0.122603334	0.14811562	-0.18598007	0.1336517	-0.15156794	0.09451695	-0.19763735	0.22893108	-0.5017463	0.28914	-0.12788166	0.18388927	-0.38636932	0.9999991	-0.5345821	0.14665237	-0.17726749	0.2518969	-0.29206482	0.21041144	-0.09772158	0.13919114	-0.18242247	0.17604057	-0.116465725	0.10823012	-0.13268417	0.11647346	-0.14492506	0.11322391
-0.007819122	0.04320577	-0.0538944	0.048353944	-0.09150312	0.007678163	-0.04848249	0.05181393	-0.055688404	0.090827934	-0.14509504	0.120937176	-0.112853445	0.08809466	-0.0838767	0.09541356	-0.11972914	0.13915898	-0.12251505	0.13216698	-0.07591834	0.14355887	-0.18383858	0.32297343	-0.67325085	0.098293655	-0.14253356	0.19330326	-0.5345821	0.999999	-0.1203748	0.13055526	-0.20263986	0.1710458	-0.20359132	0.07774817	-0.109028324	0.13388012	-0.14015035	0.09705501	-0.08976899	0.103389315	-0.095366016	0.113148235	-0.09751561
0.009628215	-0.04797693	0.056774706	-0.050883	0.097530395	-0.0094896285	0.05322372	-0.05458707	0.05720825	-0.09494762	0.20345677	-0.17587033	0.11307654	-0.075984955	0.07079588	-0.35117912	0.15470552	-0.16733184	0.07495617	-0.08542846	0.26227877	-0.21587217	0.17493895	-0.1353059	0.092929915	-0.6350513	0.25402358	-0.1821558	0.14665237	-0.1203748	0.9999993	-0.38683003	0.20746267	-0.11178409	0.12067915	-0.28063703	0.21780889	-0.24849175	0.11116997	-0.07494494	0.21972826	-0.15251319	0.1233988	-0.106455036	0.07978788
-0.008890685	0.044168416	-0.053069256	0.047229584	-0.09053327	0.008740851	-0.049550727	0.050906353	-0.053442482	0.08607624	-0.18796362	0.15642306	-0.10793791	0.07211471	-0.0675642	0.17382397	-0.1693369	0.1715467	-0.07570908	0.08418962	-0.14962523	0.2517095	-0.22262989	0.14726658	-0.10308399	0.22965989	-0.5334142	0.24488728	-0.17726749	0.13055526	-0.38683003	0.99999934	-0.38660088	0.12790118	-0.13723348	0.18375371	-0.46219012	0.28627428	-0.12830052	0.082680866	-0.19334635	0.16500565	-0.14319624	0.114820376	-0.08894139
0.009314649	-0.049307626	0.058993787	-0.052925255	0.09992923	-0.009165523	0.054891404	-0.056985896	0.05997208	-0.099956214	0.18405394	-0.17395984	0.11997139	-0.08637093	0.07960241	-0.1632849	0.17434408	-0.21884492	0.0968031	-0.10985638	0.12507814	-0.2636984	0.2595439	-0.21971768	0.1433224	-0.18401472	0.27157837	-0.6652386	0.2518969	-0.20263986	0.20746267	-0.38660088	0.9999994	-0.1926213	0.16535152	-0.13933118	0.22233176	-0.3194454	0.15183814	-0.09894159	0.14621745	-0.15773632	0.13298732	-0.13296105	0.100615546
-0.006098444	0.032875396	-0.04044116	0.03637334	-0.071052186	0.0059922324	-0.03670395	0.038535066	-0.04122859	0.06795267	-0.11542277	0.098720185	-0.08110825	0.058348134	-0.054749522	0.08721526	-0.09179046	0.106751874	-0.065818526	0.074418925	-0.06776193	0.11705258	-0.12667146	0.16303326	-0.11939495	0.091005705	-0.12060982	0.1553047	-0.29206482	0.1710458	-0.11178409	0.12790118	-0.1926213	0.9999996	-0.60847515	0.08477798	-0.12959705	0.17370369	-0.59395885	0.24595241	-0.09648599	0.16271684	-0.1584185	0.2627434	-0.23242475
0.006908408	-0.0379955	0.04663763	-0.042149153	0.08268763	-0.0067912503	0.042231932	-0.044418536	0.047630496	-0.08003154	0.12732045	-0.112835914	0.092417926	-0.067198314	0.06276852	-0.10008918	0.100016154	-0.11829782	0.07375455	-0.08536732	0.075495444	-0.12736532	0.13052316	-0.17933056	0.1282895	-0.10183246	0.12510607	-0.1490569	0.21041144	-0.20359132	0.12067915	-0.13723348	0.16535152	-0.60847515	0.99999946	-0.0961112	0.13924198	-0.19496728	0.31795946	-0.46467584	0.10566563	-0.22646558	0.18687688	-0.3614182	0.27113163
-0.00577333	0.029204441	-0.035261557	0.031566557	-0.06187534	0.0056784987	-0.03257588	0.03358328	-0.0355301	0.057907525	-0.11812158	0.09788052	-0.06994709	0.04648985	-0.04376027	0.1312675	-0.088665456	0.09560024	-0.04605693	0.052248433	-0.1044335	0.11778753	-0.10612353	0.08548808	-0.059927065	0.1616134	-0.14197168	0.11031937	-0.09772158	0.07774817	-0.28063703	0.18375371	-0.13933118	0.08477798	-0.0961112	0.9999995	-0.30821416	0.22543554	-0.09310707	0.061114617	-0.854996	0.14859581	-0.12417036	0.089579694	-0.06730783
0.007149028	-0.036393106	0.043947525	-0.039284125	0.0763599	-0.0070291413	0.04067705	-0.041975442	0.044334937	-0.072012566	0.14569515	-0.12368726	0.08806863	-0.059297014	0.055640317	-0.13598658	0.119743295	-0.12960897	0.06099957	-0.0688179	0.10822483	-0.1749865	0.15133455	-0.11954681	0.08326188	-0.163388	0.22006392	-0.17125002	0.13919114	-0.109028324	0.21780889	-0.46219012	0.22233176	-0.12959705	0.13924198	-0.30821416	0.9999994	-0.6761814	0.14844896	-0.092264414	0.23712485	-0.2851677	0.19469516	-0.1377139	0.09990241
-0.009051439	0.045240276	-0.055224672	0.04922115	-0.09682462	0.008890489	-0.050799977	0.05244838	-0.055600375	0.08861725	-0.18681696	0.14679654	-0.11070258	0.073064096	-0.06915287	0.14955875	-0.14444293	0.15196832	-0.074769236	0.08360105	-0.124131545	0.18676366	-0.1879295	0.14544544	-0.10446726	0.17171349	-0.2454961	0.20266235	-0.18242247	0.13388012	-0.24849175	0.28627428	-0.3194454	0.17370369	-0.19496728	0.22543554	-0.6761814	0.9999991	-0.2363566	0.1249668	-0.27833045	0.23482476	-0.24450764	0.17604318	-0.1374674
0.0057767928	-0.031057507	0.038106043	-0.034311686	0.067438334	-0.005677313	0.0346196	-0.036251847	0.03877672	-0.064149104	0.1094776	-0.094146624	0.075741485	-0.053778794	0.05041268	-0.08625184	0.08531636	-0.098633185	0.058287743	-0.06676111	0.06637642	-0.10959464	0.11170297	-0.13731039	0.09574032	-0.0901903	0.11359988	-0.12986162	0.17604057	-0.14015035	0.11116997	-0.12830052	0.15183814	-0.59395885	0.31795946	-0.09310707	0.14844896	-0.2363566	0.9999991	-0.36474738	0.103849225	-0.21996644	0.20186566	-0.52557003	0.26751992
-0.004068516	0.021904748	-0.026984202	0.024298571	-0.04813284	0.0039974824	-0.024434209	0.025595762	-0.027440866	0.04520495	-0.076654375	0.06500077	-0.053414337	0.0375919	-0.0353857	0.05877086	-0.058159675	0.06685354	-0.040243056	0.04605139	-0.045229644	0.07318733	-0.07533988	0.091552	-0.06732441	0.060652345	-0.07534212	0.0838049	-0.116465725	0.09705501	-0.07494494	0.082680866	-0.09894159	0.24595241	-0.46467584	0.061114617	-0.092264414	0.1249668	-0.36474738	0.9999993	-0.06943912	0.14710529	-0.14904281	0.29174915	-0.7304614
0.00652437	-0.03376586	0.04059316	-0.03647111	0.07135851	-0.006421616	0.037507053	-0.038723625	0.040984068	-0.06787993	0.130146	-0.113820165	0.080032445	-0.053935245	0.05058196	-0.15662716	0.09906357	-0.10987736	0.053073812	-0.06076416	0.113186814	-0.13266583	0.11621454	-0.09845532	0.0680572	-0.18043056	0.14652458	-0.122444816	0.10823012	-0.08976899	0.21972826	-0.19334635	0.14621745	-0.09648599	0.10566563	-0.854996	0.23712485	-0.27833045	0.103849225	-0.06943912	0.9999991	-0.18378314	0.13394003	-0.10407416	0.074854426
-0.0066694706	0.034407116	-0.042440567	0.037997313	-0.076443754	0.0065495945	-0.038567204	0.040014878	-0.04279508	0.0683688	-0.13154128	0.10454156	-0.08359409	0.055266738	-0.0525404	0.103845865	-0.09486514	0.10300714	-0.055191938	0.06246359	-0.082768105	0.11987371	-0.11765339	0.10759504	-0.07820552	0.112440094	-0.13943529	0.122736886	-0.13268417	0.103389315	-0.15251319	0.16500565	-0.15773632	0.16271684	-0.22646558	0.14859581	-0.2851677	0.23482476	-0.21996644	0.14710529	-0.18378314	0.9999989	-0.7979062	0.25174507	-0.19202752
0.0057255714	-0.0302332	0.037074756	-0.033327945	0.06658772	-0.0056266845	0.03373347	-0.03507733	0.03750271	-0.061236408	0.1102954	-0.092904106	0.0727889	-0.049268845	0.046541914	-0.09264417	0.08232163	-0.092067465	0.049505997	-0.056619536	0.070981756	-0.10633863	0.101444855	-0.0988156	0.070111886	-0.098178394	0.11588938	-0.10872216	0.11647346	-0.095366016	0.1233988	-0.14319624	0.13298732	-0.1584185	0.18687688	-0.12417036	0.19469516	-0.24450764	0.20186566	-0.14904281	0.13394003	-0.7979062	0.9999989	-0.40449196	0.17779079
-0.005543947	0.029390505	-0.03630179	0.032610066	-0.06514973	0.005445233	-0.032864686	0.034318086	-0.036793604	0.059734657	-0.106045775	0.087140866	-0.071689814	0.049190667	-0.046547126	0.08029721	-0.07814383	0.0880196	-0.051386636	0.05844996	-0.0625979	0.09760651	-0.09992807	0.11090289	-0.08159959	0.08368748	-0.10374336	0.10889004	-0.14492506	0.113148235	-0.106455036	0.114820376	-0.13296105	0.2627434	-0.3614182	0.089579694	-0.1377139	0.17604318	-0.52557003	0.29174915	-0.10407416	0.25174507	-0.40449196	0.99999887	-0.5145422
0.004323708	-0.023396995	0.028777035	-0.02594781	0.051488638	-0.004249092	0.026061397	-0.027291548	0.02926535	-0.048472017	0.08094589	-0.06962343	0.05671527	-0.039905977	0.037516482	-0.06368215	0.061440967	-0.0709215	0.042128276	-0.04850028	0.048489742	-0.07771738	0.078310564	-0.09443793	0.067081526	-0.06541321	0.079318695	-0.08643691	0.11322391	-0.09751561	0.07978788	-0.08894139	0.100615546	-0.23242475	0.27113163	-0.06730783	0.09990241	-0.1374674	0.26751992	-0.7304614	0.074854426	-0.19202752	0.17779079	-0.5145422	0.99999887
