1.0000002	-0.37838623	0.25864044	-0.22304079	0.1276485	-0.7953674	0.2100841	-0.14500958	0.11704385	-0.081875615	0.13191044	-0.13687696	0.14433642	-0.10470607	0.08607761	-0.10378014	0.12354044	-0.107178405	0.07625678	-0.105100274	0.06298733	-0.0797513	0.07032165	-0.07172505	0.059352044	-0.051580954	0.05578255	-0.060354672	0.04765729	-0.040430896	0.08208751	-0.054449346	0.056564864	-0.035686728	0.040012117	-0.039005484	0.050828204	-0.04682574	0.025082806	-0.020641258	0.029925365	-0.03393503	0.050253395	-0.022302309	0.018829145
-0.37838623	1.0000001	-0.86928743	0.12857471	-0.07523983	0.2362118	-0.15652461	0.12619017	-0.07765086	0.05109877	-0.070056744	0.08197094	-0.11280215	0.06538342	-0.053278133	0.054353353	-0.07216576	0.06303687	-0.047040112	0.062827684	-0.03683421	0.046108894	-0.041693058	0.042342696	-0.03531141	0.029934049	-0.03244363	0.034888033	-0.028139656	0.023822201	-0.04798913	0.031548917	-0.032911368	0.020919604	-0.023554208	0.022510437	-0.029491333	0.027041646	-0.014559187	0.011955699	-0.017327426	0.019620705	-0.029168101	0.012926942	-0.010919697
0.25864044	-0.86928743	1.0000006	-0.1745542	0.095398046	-0.30067638	0.16906501	-0.16877262	0.09590835	-0.06446707	0.083977416	-0.09961946	0.13111478	-0.08252903	0.066679604	-0.06653286	0.08642846	-0.07958514	0.05900856	-0.07987272	0.045976892	-0.057930388	0.052057624	-0.05354838	0.04443527	-0.037538297	0.040691417	-0.043950398	0.035413288	-0.030034028	0.059947655	-0.039645836	0.0413061	-0.02634784	0.029625095	-0.02833332	0.03702724	-0.03406066	0.0183212	-0.015062088	0.021776851	-0.02468118	0.03663653	-0.016273314	0.013743075
-0.22304079	0.12857471	-0.1745542	1.0000006	-0.4996543	0.19467351	-0.36243397	0.22146186	-0.42439488	0.23769504	-0.17578506	0.19161475	-0.27413893	0.23575775	-0.2672471	0.1320655	-0.21512334	0.19312729	-0.18400411	0.232818	-0.14445642	0.15501302	-0.14239131	0.15802291	-0.14204025	0.11490116	-0.12321821	0.1288857	-0.11201015	0.09353865	-0.20248736	0.124036156	-0.13324937	0.08310007	-0.09566455	0.09024654	-0.12221407	0.10761231	-0.059466355	0.048269954	-0.07150334	0.07974102	-0.12264992	0.05261432	-0.04484089
0.1276485	-0.07523983	0.095398046	-0.4996543	1.0000004	-0.124836236	0.20726496	-0.13992853	0.24492604	-0.29421282	0.106596075	-0.12129277	0.16716528	-0.20490232	0.2247568	-0.08340513	0.13131495	-0.15190162	0.15300891	-0.23152435	0.10174406	-0.11678103	0.10590513	-0.13596	0.11439218	-0.08317509	0.090759374	-0.09830061	0.08868921	-0.07608438	0.14039923	-0.09142498	0.0971749	-0.06538697	0.074149266	-0.06695059	0.08834148	-0.08083042	0.044518396	-0.036631256	0.05208256	-0.05874725	0.08870701	-0.039474837	0.033497766
-0.7953674	0.2362118	-0.30067638	0.19467351	-0.124836236	1.0000001	-0.3115944	0.16912982	-0.124034174	0.083181486	-0.18946862	0.16485122	-0.18165973	0.107017905	-0.08873941	0.12533778	-0.15947714	0.11046556	-0.078597635	0.104268014	-0.067782104	0.08393451	-0.075100124	0.07270068	-0.061092857	0.05449721	-0.05883107	0.0625231	-0.049170703	0.041440934	-0.087966084	0.05695208	-0.059395764	0.03678618	-0.041414343	0.040508173	-0.05331329	0.048464365	-0.026023313	0.021316107	-0.031260047	0.035319462	-0.052591134	0.023109285	-0.019526407
0.2100841	-0.15652461	0.16906501	-0.36243397	0.20726496	-0.3115944	1.0000002	-0.5676994	0.22248243	-0.15579376	0.19436194	-0.34099105	0.31817523	-0.2103282	0.15513681	-0.161628	0.21289973	-0.20846543	0.14512666	-0.200027	0.11034604	-0.14685799	0.12996241	-0.13248602	0.10754988	-0.09111332	0.09899112	-0.10811387	0.08571834	-0.07303281	0.14096189	-0.09555645	0.0987037	-0.063672796	0.071181364	-0.06778866	0.08780874	-0.08177379	0.043721493	-0.03605156	0.051703334	-0.058865175	0.086609	-0.038859993	0.032737616
-0.14500958	0.12619017	-0.16877262	0.22146186	-0.13992853	0.16912982	-0.5676994	1.0000001	-0.2495048	0.12943701	-0.15457156	0.22821732	-0.677496	0.17742819	-0.12582143	0.116296984	-0.17107876	0.14866094	-0.119785994	0.1475497	-0.07879275	0.1006345	-0.09768679	0.095266156	-0.07917596	0.06320294	-0.0692736	0.073952116	-0.061940413	0.0523763	-0.09996785	0.06591613	-0.06888806	0.04512582	-0.051016074	0.046262998	-0.060779966	0.055851668	-0.030245056	0.024798539	-0.035576306	0.040347803	-0.0599131	0.026781961	-0.022589419
0.11704385	-0.07765086	0.09590835	-0.42439488	0.24492604	-0.124034174	0.22248243	-0.2495048	0.9999999	-0.51224923	0.10811808	-0.13736308	0.21477965	-0.48164842	0.29943985	-0.08558795	0.1297916	-0.15351117	0.24595554	-0.3397877	0.09184781	-0.1104506	0.10596643	-0.16591606	0.13572498	-0.074721515	0.08389787	-0.09152296	0.09861768	-0.08554239	0.12234705	-0.082050525	0.08808664	-0.06855022	0.078591816	-0.058205396	0.0769425	-0.071834356	0.04076924	-0.033533473	0.045115862	-0.051237106	0.077288724	-0.035837892	0.03030668
-0.081875615	0.05109877	-0.06446707	0.23769504	-0.29421282	0.083181486	-0.15579376	0.12943701	-0.51224923	0.9999997	-0.07538966	0.09091326	-0.14185925	0.22576357	-0.71570694	0.058871068	-0.09154573	0.10607796	-0.17917344	0.24853767	-0.06696219	0.078468926	-0.075461395	0.1166194	-0.10380104	0.05430587	-0.0611191	0.06639807	-0.07398014	0.06356894	-0.09015768	0.060036387	-0.06489623	0.05090598	-0.059225287	0.042728983	-0.056732614	0.052769944	-0.030166978	0.024772512	-0.033247057	0.0376976	-0.057166215	0.026475193	-0.02243206
0.13191044	-0.070056744	0.083977416	-0.17578506	0.106596075	-0.18946862	0.19436194	-0.15457156	0.10811808	-0.07538966	0.9999999	-0.54937315	0.18862996	-0.10638183	0.079131186	-0.6799589	0.3265113	-0.13136053	0.076490164	-0.10174945	0.07461093	-0.10563187	0.08760479	-0.0737046	0.060297165	-0.059871346	0.06475714	-0.068385966	0.049378093	-0.041577786	0.0900682	-0.060160033	0.061372485	-0.0371279	0.041324705	-0.041620534	0.0542187	-0.049814064	0.02626814	-0.021547498	0.031720065	-0.0360667	0.052812744	-0.023357546	0.01964004
-0.13687696	0.08197094	-0.09961946	0.19161475	-0.12129277	0.16485122	-0.34099105	0.22821732	-0.13736308	0.09091326	-0.54937315	1.0	-0.38940004	0.13099633	-0.09567577	0.29806256	-0.5348089	0.15305856	-0.094348535	0.11911159	-0.09062863	0.12410738	-0.107758075	0.086515054	-0.071802765	0.070799366	-0.077302195	0.07975442	-0.058554627	0.049039733	-0.10863466	0.07087156	-0.072791226	0.043775193	-0.04897751	0.048779823	-0.064147264	0.05826824	-0.030886237	0.025239903	-0.03738151	0.042365838	-0.062379416	0.02741892	-0.023074863
0.14433642	-0.11280215	0.13111478	-0.27413893	0.16716528	-0.18165973	0.31817523	-0.677496	0.21477965	-0.14185925	0.18862996	-0.38940004	0.99999994	-0.24662861	0.14201863	-0.1523334	0.20755109	-0.22307812	0.14923035	-0.18430324	0.100678824	-0.13427483	0.129951	-0.12157619	0.09896982	-0.081419714	0.08920177	-0.09598574	0.077990144	-0.066021	0.12615941	-0.08434577	0.087564565	-0.057000883	0.06410036	-0.058902573	0.07701324	-0.0711671	0.038290553	-0.03143622	0.045102417	-0.051269583	0.075732425	-0.033937432	0.028582862
-0.10470607	0.06538342	-0.08252903	0.23575775	-0.20490232	0.107017905	-0.2103282	0.17742819	-0.48164842	0.22576357	-0.10638183	0.13099633	-0.24662861	0.9999999	-0.29214138	0.082281895	-0.12915604	0.15471055	-0.63485664	0.3115683	-0.09419126	0.11039991	-0.11378803	0.19548035	-0.17337963	0.07559683	-0.087074034	0.09422246	-0.12202704	0.10038219	-0.12496535	0.083943576	-0.09205372	0.07858754	-0.093440704	0.058732063	-0.078485616	0.07348432	-0.043079026	0.035239823	-0.045784034	0.052025355	-0.07927619	0.037519835	-0.03177935
0.08607761	-0.053278133	0.066679604	-0.2672471	0.2247568	-0.08873941	0.15513681	-0.12582143	0.29943985	-0.71570694	0.079131186	-0.09567577	0.14201863	-0.29214138	0.9999999	-0.06269499	0.09680511	-0.12269884	0.21760024	-0.4444516	0.07506234	-0.089570925	0.08637271	-0.14801295	0.12705731	-0.061300255	0.06962318	-0.076536015	0.088487856	-0.07848498	0.100536264	-0.068301395	0.07382585	-0.060850736	0.07004572	-0.048455935	0.06399304	-0.060335312	0.034717835	-0.028617429	0.03754417	-0.04273377	0.06457096	-0.030448968	0.025745204
-0.10378014	0.054353353	-0.06653286	0.1320655	-0.08340513	0.12533778	-0.161628	0.116296984	-0.08558795	0.058871068	-0.6799589	0.29806256	-0.1523334	0.082281895	-0.06269499	1.0000001	-0.62870985	0.1140302	-0.061137855	0.07944444	-0.07248228	0.10317907	-0.08416825	0.060991134	-0.05049854	0.055610873	-0.06063397	0.061281156	-0.042086057	0.03508597	-0.08346158	0.054267045	-0.05520008	0.031859476	-0.035437435	0.03688028	-0.04852135	0.0438403	-0.022994386	0.018757734	-0.028198715	0.03196052	-0.046828013	0.020434566	-0.017172502
0.12354044	-0.07216576	0.08642846	-0.21512334	0.13131495	-0.15947714	0.21289973	-0.17107876	0.1297916	-0.09154573	0.3265113	-0.5348089	0.20755109	-0.12915604	0.09680511	-0.62870985	1.0000002	-0.19659084	0.09530401	-0.12625635	0.11099316	-0.18615119	0.13410465	-0.09695419	0.07894602	-0.08775632	0.09551332	-0.09856981	0.06593284	-0.055171553	0.12662235	-0.085281365	0.08570541	-0.04993554	0.055256885	-0.057557296	0.07501968	-0.06869616	0.035807602	-0.029306421	0.04370166	-0.04976383	0.07237932	-0.031854585	0.026723802
-0.107178405	0.06303687	-0.07958514	0.19312729	-0.15190162	0.11046556	-0.20846543	0.14866094	-0.15351117	0.10607796	-0.13136053	0.15305856	-0.22307812	0.15471055	-0.12269884	0.1140302	-0.19659084	1.0000002	-0.15735444	0.16127041	-0.26997492	0.3070834	-0.676406	0.17789288	-0.15465258	0.18954545	-0.21468763	0.20519008	-0.13330534	0.10594834	-0.3120402	0.18277054	-0.19423077	0.10005078	-0.11282882	0.12091584	-0.1663672	0.14225803	-0.07504145	0.059862863	-0.094818294	0.10582116	-0.15897836	0.06629239	-0.05582949
0.07625678	-0.047040112	0.05900856	-0.18400411	0.15300891	-0.078597635	0.14512666	-0.119785994	0.24595554	-0.17917344	0.076490164	-0.094348535	0.14923035	-0.63485664	0.21760024	-0.061137855	0.09530401	-0.15735444	1.0000001	-0.59169227	0.08263382	-0.100642614	0.109909445	-0.29778802	0.19334412	-0.06672508	0.07933791	-0.087764926	0.1316843	-0.11162507	0.10787515	-0.07542596	0.08343157	-0.08193141	0.09566693	-0.0518688	0.06905237	-0.06643044	0.04003401	-0.03286354	0.040232368	-0.046064176	0.070060536	-0.03467616	0.029224733
-0.105100274	0.062827684	-0.07987272	0.232818	-0.23152435	0.104268014	-0.200027	0.1475497	-0.3397877	0.24853767	-0.10174945	0.11911159	-0.18430324	0.3115683	-0.4444516	0.07944444	-0.12625635	0.16127041	-0.59169227	0.9999999	-0.10395793	0.11953235	-0.122675076	0.23511277	-0.2649203	0.08382439	-0.09829039	0.107326284	-0.15594678	0.13545716	-0.1397432	0.09525818	-0.10602112	0.0990904	-0.119803585	0.06652274	-0.08914827	0.084433764	-0.050838087	0.041612584	-0.051985238	0.059201203	-0.0908126	0.044046942	-0.037326228
0.06298733	-0.03683421	0.045976892	-0.14445642	0.10174406	-0.067782104	0.11034604	-0.07879275	0.09184781	-0.06696219	0.07461093	-0.09062863	0.100678824	-0.09419126	0.07506234	-0.07248228	0.11099316	-0.26997492	0.08263382	-0.10395793	0.99999994	-0.4581394	0.21688914	-0.11717679	0.09344717	-0.7110677	0.21820581	-0.21336265	0.09099051	-0.07414484	0.2973874	-0.19491775	0.1597289	-0.07447699	0.077915885	-0.117992505	0.1384993	-0.12727554	0.059570275	-0.048813183	0.08178319	-0.0948823	0.12248151	-0.053664327	0.04394931
-0.0797513	0.046108894	-0.057930388	0.15501302	-0.11678103	0.08393451	-0.14685799	0.1006345	-0.1104506	0.078468926	-0.10563187	0.12410738	-0.13427483	0.11039991	-0.089570925	0.10317907	-0.18615119	0.3070834	-0.100642614	0.11953235	-0.4581394	0.9999997	-0.57347995	0.14637929	-0.122635536	0.25265643	-0.34638143	0.24326235	-0.11616696	0.09145805	-0.3259015	0.20662086	-0.19853736	0.09056556	-0.09826898	0.12143126	-0.16482006	0.14091864	-0.07029647	0.056125503	-0.092093736	0.104371056	-0.14887035	0.062373716	-0.051854692
0.07032165	-0.041693058	0.052057624	-0.14239131	0.10590513	-0.075100124	0.12996241	-0.09768679	0.10596643	-0.075461395	0.08760479	-0.107758075	0.129951	-0.11378803	0.08637271	-0.08416825	0.13410465	-0.676406	0.109909445	-0.122675076	0.21688914	-0.57347995	1.0	-0.18245406	0.12818967	-0.16911052	0.20214042	-0.22894716	0.1131756	-0.08999175	0.21290082	-0.15392345	0.15266697	-0.082321085	0.08990316	-0.092152245	0.12261658	-0.11224583	0.056898285	-0.045874223	0.069557615	-0.07994013	0.11504668	-0.050328154	0.041813187
-0.07172505	0.042342696	-0.05354838	0.15802291	-0.13596	0.07270068	-0.13248602	0.095266156	-0.16591606	0.1166194	-0.0737046	0.086515054	-0.12157619	0.19548035	-0.14801295	0.060991134	-0.09695419	0.17789288	-0.29778802	0.23511277	-0.11717679	0.14637929	-0.18245406	1.0	-0.6561501	0.09701088	-0.13247825	0.15273196	-0.4451067	0.29685366	-0.15246193	0.12128994	-0.14373992	0.20437872	-0.25319996	0.079829514	-0.106879	0.11088578	-0.07551477	0.061629537	-0.061831765	0.072269596	-0.11190483	0.06344335	-0.05327705
0.059352044	-0.03531141	0.04443527	-0.14204025	0.11439218	-0.061092857	0.10754988	-0.07917596	0.13572498	-0.10380104	0.060297165	-0.071802765	0.09896982	-0.17337963	0.12705731	-0.05049854	0.07894602	-0.15465258	0.19334412	-0.2649203	0.09344717	-0.122635536	0.12818967	-0.6561501	0.9999999	-0.08017657	0.10765655	-0.13319382	0.29843593	-0.5486799	0.12171733	-0.103577435	0.11945989	-0.20158371	0.21472844	-0.068205826	0.08840403	-0.097589485	0.06674047	-0.05612504	0.051788867	-0.061428517	0.09302383	-0.057000875	0.046792522
-0.051580954	0.029934049	-0.037538297	0.11490116	-0.08317509	0.05449721	-0.09111332	0.06320294	-0.074721515	0.05430587	-0.059871346	0.070799366	-0.081419714	0.07559683	-0.061300255	0.055610873	-0.08775632	0.18954545	-0.06672508	0.08382439	-0.7110677	0.25265643	-0.16911052	0.09701088	-0.08017657	0.99999976	-0.25548306	0.19474086	-0.081369385	0.06522122	-0.53860486	0.199944	-0.16501339	0.06837357	-0.071566746	0.117677085	-0.143788	0.12158606	-0.057151627	0.046074342	-0.08371835	0.09347112	-0.12200332	0.051313728	-0.042075075
0.05578255	-0.03244363	0.040691417	-0.12321821	0.090759374	-0.05883107	0.09899112	-0.0692736	0.08389787	-0.0611191	0.06475714	-0.077302195	0.08920177	-0.087074034	0.06962318	-0.06063397	0.09551332	-0.21468763	0.07933791	-0.09829039	0.21820581	-0.34638143	0.20214042	-0.13247825	0.10765655	-0.25548306	1.0	-0.69401056	0.13021372	-0.1011278	0.26148725	-0.4376456	0.27304772	-0.10649758	0.10483222	-0.14136586	0.19418487	-0.18112941	0.07976204	-0.06374599	0.101106815	-0.12448007	0.16256663	-0.07099529	0.057286873
-0.060354672	0.034888033	-0.043950398	0.1288857	-0.09830061	0.0625231	-0.10811387	0.073952116	-0.09152296	0.06639807	-0.068385966	0.07975442	-0.09598574	0.09422246	-0.076536015	0.061281156	-0.09856981	0.20519008	-0.087764926	0.107326284	-0.21336265	0.24326235	-0.22894716	0.15273196	-0.13319382	0.19474086	-0.69401056	0.9999998	-0.19210204	0.12712865	-0.28186694	0.29645422	-0.42810908	0.136772	-0.13850152	0.1456122	-0.21638517	0.20735605	-0.09841018	0.07593181	-0.11271217	0.13393047	-0.2044645	0.08544446	-0.07001845
0.04765729	-0.028139656	0.035413288	-0.11201015	0.08868921	-0.049170703	0.08571834	-0.061940413	0.09861768	-0.07398014	0.049378093	-0.058554627	0.077990144	-0.12202704	0.088487856	-0.042086057	0.06593284	-0.13330534	0.1316843	-0.15594678	0.09099051	-0.11616696	0.1131756	-0.4451067	0.29843593	-0.081369385	0.13021372	-0.19210204	0.9999997	-0.62179804	0.12161481	-0.12040351	0.14918807	-0.45655125	0.30154222	-0.073353566	0.09580895	-0.11548614	0.08911085	-0.072210684	0.055581782	-0.067382894	0.1035803	-0.07403177	0.057936043
-0.040430896	0.023822201	-0.030034028	0.09353865	-0.07608438	0.041440934	-0.07303281	0.0523763	-0.08554239	0.06356894	-0.041577786	0.049039733	-0.066021	0.10038219	-0.07848498	0.03508597	-0.055171553	0.10594834	-0.11162507	0.13545716	-0.07414484	0.09145805	-0.08999175	0.29685366	-0.5486799	0.06522122	-0.1011278	0.12712865	-0.62179804	0.9999997	-0.10028872	0.09416151	-0.11937915	0.27141413	-0.41356546	0.059343986	-0.07832231	0.09141024	-0.07163468	0.058691204	-0.04544949	0.054647386	-0.085340336	0.05867179	-0.04817693
0.08208751	-0.04798913	0.059947655	-0.20248736	0.14039923	-0.087966084	0.14096189	-0.09996785	0.12234705	-0.09015768	0.0900682	-0.10863466	0.12615941	-0.12496535	0.100536264	-0.08346158	0.12662235	-0.3120402	0.10787515	-0.1397432	0.2973874	-0.3259015	0.21290082	-0.15246193	0.12171733	-0.53860486	0.26148725	-0.28186694	0.12161481	-0.10028872	0.9999997	-0.41046587	0.24365479	-0.10561399	0.107859	-0.23405024	0.22903694	-0.20472951	0.09067211	-0.07498338	0.14335895	-0.16323756	0.18822703	-0.08270488	0.066824295
-0.054449346	0.031548917	-0.039645836	0.124036156	-0.09142498	0.05695208	-0.09555645	0.06591613	-0.082050525	0.060036387	-0.060160033	0.07087156	-0.08434577	0.083943576	-0.068301395	0.054267045	-0.085281365	0.18277054	-0.07542596	0.09525818	-0.19491775	0.20662086	-0.15392345	0.12128994	-0.103577435	0.199944	-0.4376456	0.29645422	-0.12040351	0.09416151	-0.41046587	0.9999994	-0.5357527	0.11906884	-0.11968266	0.2057204	-0.41993785	0.24821101	-0.107366	0.08290143	-0.15247291	0.1890138	-0.24056657	0.09515559	-0.07655613
0.056564864	-0.032911368	0.0413061	-0.13324937	0.0971749	-0.059395764	0.0987037	-0.06888806	0.08808664	-0.06489623	0.061372485	-0.072791226	0.087564565	-0.09205372	0.07382585	-0.05520008	0.08570541	-0.19423077	0.08343157	-0.10602112	0.1597289	-0.19853736	0.15266697	-0.14373992	0.11945989	-0.16501339	0.27304772	-0.42810908	0.14918807	-0.11937915	0.24365479	-0.5357527	0.9999994	-0.19091532	0.15496063	-0.19195643	0.2474898	-0.5011235	0.14004843	-0.10946568	0.13741228	-0.18097326	0.25723818	-0.12297914	0.09399194
-0.035686728	0.020919604	-0.02634784	0.08310007	-0.06538697	0.03678618	-0.063672796	0.04512582	-0.06855022	0.05090598	-0.0371279	0.043775193	-0.057000883	0.07858754	-0.060850736	0.031859476	-0.04993554	0.10005078	-0.08193141	0.0990904	-0.07447699	0.09056556	-0.082321085	0.20437872	-0.20158371	0.06837357	-0.10649758	0.136772	-0.45655125	0.27141413	-0.10561399	0.11906884	-0.19091532	0.9999991	-0.7824663	0.07153721	-0.09342193	0.12951344	-0.1445372	0.09875917	-0.05476032	0.06802425	-0.11074507	0.100673415	-0.077891424
0.040012117	-0.023554208	0.029625095	-0.09566455	0.074149266	-0.041414343	0.071181364	-0.051016074	0.078591816	-0.059225287	0.041324705	-0.04897751	0.06410036	-0.093440704	0.07004572	-0.035437435	0.055256885	-0.11282882	0.09566693	-0.119803585	0.077915885	-0.09826898	0.08990316	-0.25319996	0.21472844	-0.071566746	0.10483222	-0.13850152	0.30154222	-0.41356546	0.107859	-0.11968266	0.15496063	-0.7824663	0.99999964	-0.07399289	0.09331116	-0.1301682	0.11964414	-0.103445314	0.05552284	-0.06922592	0.10789533	-0.09894123	0.076590866
-0.039005484	0.022510437	-0.02833332	0.09024654	-0.06695059	0.040508173	-0.06778866	0.046262998	-0.058205396	0.042728983	-0.041620534	0.048779823	-0.058902573	0.058732063	-0.048455935	0.03688028	-0.057557296	0.12091584	-0.0518688	0.06652274	-0.117992505	0.12143126	-0.092152245	0.079829514	-0.068205826	0.117677085	-0.14136586	0.1456122	-0.073353566	0.059343986	-0.23405024	0.2057204	-0.19195643	0.07153721	-0.07399289	0.99999994	-0.51876795	0.1972538	-0.09416554	0.074210845	-0.6772569	0.32115364	-0.27697664	0.08980857	-0.07158907
0.050828204	-0.029491333	0.03702724	-0.12221407	0.08834148	-0.05331329	0.08780874	-0.060779966	0.0769425	-0.056732614	0.0542187	-0.064147264	0.07701324	-0.078485616	0.06399304	-0.04852135	0.07501968	-0.1663672	0.06905237	-0.08914827	0.1384993	-0.16482006	0.12261658	-0.106879	0.08840403	-0.143788	0.19418487	-0.21638517	0.09580895	-0.07832231	0.22903694	-0.41993785	0.2474898	-0.09342193	0.09331116	-0.51876795	0.99999976	-0.30658963	0.1149385	-0.0956263	0.29020482	-0.5010329	0.27341664	-0.11130058	0.084341854
-0.04682574	0.027041646	-0.03406066	0.10761231	-0.08083042	0.048464365	-0.08177379	0.055851668	-0.071834356	0.052769944	-0.049814064	0.05826824	-0.0711671	0.07348432	-0.060335312	0.0438403	-0.06869616	0.14225803	-0.06643044	0.084433764	-0.12727554	0.14091864	-0.11224583	0.11088578	-0.097589485	0.12158606	-0.18112941	0.20735605	-0.11548614	0.09141024	-0.20472951	0.24821101	-0.5011235	0.12951344	-0.1301682	0.1972538	-0.30658963	0.99999964	-0.28450093	0.16511203	-0.1800972	0.22643961	-0.6149349	0.20406793	-0.15882269
0.025082806	-0.014559187	0.0183212	-0.059466355	0.044518396	-0.026023313	0.043721493	-0.030245056	0.04076924	-0.030166978	0.02626814	-0.030886237	0.038290553	-0.043079026	0.034717835	-0.022994386	0.035807602	-0.07504145	0.04003401	-0.050838087	0.059570275	-0.07029647	0.056898285	-0.07551477	0.06674047	-0.057151627	0.07976204	-0.09841018	0.08911085	-0.07163468	0.09067211	-0.107366	0.14004843	-0.1445372	0.11964414	-0.09416554	0.1149385	-0.28450093	0.99999946	-0.54280955	0.07710057	-0.10521572	0.21699262	-0.6815352	0.31757447
-0.020641258	0.011955699	-0.015062088	0.048269954	-0.036631256	0.021316107	-0.03605156	0.024798539	-0.033533473	0.024772512	-0.021547498	0.025239903	-0.03143622	0.035239823	-0.028617429	0.018757734	-0.029306421	0.059862863	-0.03286354	0.041612584	-0.048813183	0.056125503	-0.045874223	0.061629537	-0.05612504	0.046074342	-0.06374599	0.07593181	-0.072210684	0.058691204	-0.07498338	0.08290143	-0.10946568	0.09875917	-0.103445314	0.074210845	-0.0956263	0.16511203	-0.54280955	0.99999964	-0.06345702	0.082151905	-0.17961168	0.32273167	-0.7430113
0.029925365	-0.017327426	0.021776851	-0.07150334	0.05208256	-0.031260047	0.051703334	-0.035576306	0.045115862	-0.033247057	0.031720065	-0.03738151	0.045102417	-0.045784034	0.03754417	-0.028198715	0.04370166	-0.094818294	0.040232368	-0.051985238	0.08178319	-0.092093736	0.069557615	-0.061831765	0.051788867	-0.08371835	0.101106815	-0.11271217	0.055581782	-0.04544949	0.14335895	-0.15247291	0.13741228	-0.05476032	0.05552284	-0.6772569	0.29020482	-0.1800972	0.07710057	-0.06345702	0.9999994	-0.6204857	0.22287099	-0.077952206	0.058235057
-0.03393503	0.019620705	-0.02468118	0.07974102	-0.05874725	0.035319462	-0.058865175	0.040347803	-0.051237106	0.0376976	-0.0360667	0.042365838	-0.051269583	0.052025355	-0.04273377	0.03196052	-0.04976383	0.10582116	-0.046064176	0.059201203	-0.0948823	0.104371056	-0.07994013	0.072269596	-0.061428517	0.09347112	-0.12448007	0.13393047	-0.067382894	0.054647386	-0.16323756	0.1890138	-0.18097326	0.06802425	-0.06922592	0.32115364	-0.5010329	0.22643961	-0.10521572	0.082151905	-0.6204857	0.99999976	-0.4366346	0.1064914	-0.07994616
0.050253395	-0.029168101	0.03663653	-0.12264992	0.08870701	-0.052591134	0.086609	-0.0599131	0.077288724	-0.057166215	0.052812744	-0.062379416	0.075732425	-0.07927619	0.06457096	-0.046828013	0.07237932	-0.15897836	0.070060536	-0.0908126	0.12248151	-0.14887035	0.11504668	-0.11190483	0.09302383	-0.12200332	0.16256663	-0.2044645	0.1035803	-0.085340336	0.18822703	-0.24056657	0.25723818	-0.11074507	0.10789533	-0.27697664	0.27341664	-0.6149349	0.21699262	-0.17961168	0.22287099	-0.4366346	0.9999997	-0.28102624	0.16165021
-0.022302309	0.012926942	-0.016273314	0.05261432	-0.039474837	0.023109285	-0.038859993	0.026781961	-0.035837892	0.026475193	-0.023357546	0.02741892	-0.033937432	0.037519835	-0.030448968	0.020434566	-0.031854585	0.06629239	-0.03467616	0.044046942	-0.053664327	0.062373716	-0.050328154	0.06344335	-0.057000875	0.051313728	-0.07099529	0.08544446	-0.07403177	0.05867179	-0.08270488	0.09515559	-0.12297914	0.100673415	-0.09894123	0.08980857	-0.11130058	0.20406793	-0.6815352	0.32273167	-0.077952206	0.1064914	-0.28102624	0.99999976	-0.5617026
0.018829145	-0.010919697	0.013743075	-0.04484089	0.033497766	-0.019526407	0.032737616	-0.022589419	0.03030668	-0.02243206	0.01964004	-0.023074863	0.028582862	-0.03177935	0.025745204	-0.017172502	0.026723802	-0.05582949	0.029224733	-0.037326228	0.04394931	-0.051854692	0.041813187	-0.05327705	0.046792522	-0.042075075	0.057286873	-0.07001845	0.057936043	-0.04817693	0.066824295	-0.07655613	0.09399194	-0.077891424	0.076590866	-0.07158907	0.084341854	-0.15882269	0.31757447	-0.7430113	0.058235057	-0.07994616	0.16165021	-0.5617026	0.99999976
