1.0000001	-0.8035997	0.20244925	-0.19302888	0.11261735	-0.3859897	0.28009233	-0.19109042	0.11288869	-0.10959061	0.16242044	-0.1804742	0.1405923	-0.1320927	0.11714019	-0.10464087	0.095809184	-0.13451585	0.099065274	-0.07983881	0.080745555	-0.098197214	0.107423924	-0.07439792	0.058607474	-0.057902597	0.07312175	-0.04140464	0.029461706	-0.03458611	0.056550603	-0.047888927	0.045334168	-0.029797986	0.026384987	-0.044066723	0.0465466	-0.030673144	0.02704121	-0.024914104	0.05660362	-0.03542183	0.026230173	-0.01695106	0.022724887
-0.8035997	1.0	-0.2684686	0.17563671	-0.10683365	0.266972	-0.39843816	0.17412862	-0.105075896	0.09630562	-0.15030764	0.15321118	-0.13613956	0.114702694	-0.10459389	0.089564465	-0.084717065	0.1165995	-0.088932514	0.069048546	-0.07241996	0.08493567	-0.097198226	0.06510334	-0.05167562	0.05121274	-0.06592616	0.036991663	-0.02619615	0.03020196	-0.05081059	0.042784687	-0.040716987	0.026399052	-0.023179216	0.039350394	-0.04175619	0.02733492	-0.023863778	0.021834696	-0.05094885	0.03158302	-0.023457916	0.014940187	-0.020006532
0.20244925	-0.2684686	1.0000001	-0.7975197	0.21767558	-0.16160227	0.15710434	-0.23566085	0.22208594	-0.22202054	0.103753336	-0.11017209	0.15915135	-0.24614188	0.14997837	-0.098810636	0.08956994	-0.14283156	0.12274243	-0.09853305	0.07944097	-0.09650124	0.11188306	-0.089366324	0.06936453	-0.057585385	0.07408214	-0.04234473	0.031167451	-0.038850415	0.056815356	-0.04849129	0.04618718	-0.0315008	0.029551608	-0.04452823	0.04724485	-0.031330332	0.02934219	-0.027311198	0.057408877	-0.03607097	0.02676807	-0.018353634	0.024914391
-0.19302888	0.17563671	-0.7975197	0.9999998	-0.3234058	0.12985519	-0.13202305	0.16821788	-0.31438464	0.2265595	-0.0905451	0.09229802	-0.141716	0.22229134	-0.14624116	0.08586108	-0.07889048	0.12112245	-0.11562351	0.08778758	-0.07204901	0.08460343	-0.10153141	0.0800759	-0.06302387	0.05179389	-0.06784764	0.038483076	-0.028283518	0.034884036	-0.051833197	0.04407803	-0.04217159	0.028490527	-0.026705856	0.04046788	-0.043120842	0.028457599	-0.026564315	0.024580486	-0.05255225	0.03277186	-0.02438414	0.01658997	-0.022529634
0.11261735	-0.10683365	0.21767558	-0.3234058	0.99999964	-0.112781875	0.09906415	-0.14822511	0.27336866	-0.8055882	0.07986553	-0.08458095	0.12303269	-0.29292077	0.1743658	-0.09281246	0.080485076	-0.12801583	0.12905538	-0.10699008	0.07452555	-0.0909147	0.10335423	-0.09378045	0.07284556	-0.055197384	0.07121701	-0.04110092	0.031067971	-0.040783998	0.054399926	-0.04690379	0.04464863	-0.031476706	0.030852566	-0.04310226	0.045778796	-0.030669624	0.03015134	-0.028363641	0.05552779	-0.035226602	0.026127867	-0.01884305	0.025804538
-0.3859897	0.266972	-0.16160227	0.12985519	-0.112781875	1.0000001	-0.6743359	0.23690479	-0.11385403	0.096539214	-0.4031425	0.27609113	-0.21232803	0.12587601	-0.14312987	0.14166541	-0.13793314	0.17057541	-0.12774028	0.095338166	-0.119095385	0.13160297	-0.15436924	0.09288851	-0.07474906	0.0821509	-0.10742	0.05921107	-0.040965658	0.044523697	-0.0828329	0.068897404	-0.0658107	0.041103557	-0.034477927	0.06342493	-0.0675666	0.043692835	-0.0364	0.032808445	-0.082867905	0.050599158	-0.03769766	0.02278176	-0.03023061
0.28009233	-0.39843816	0.15710434	-0.13202305	0.09906415	-0.6743359	0.99999994	-0.35966992	0.10336657	-0.08902792	0.25611708	-0.34069496	0.20729126	-0.118230544	0.11815991	-0.12706284	0.12587099	-0.16895232	0.1104073	-0.08392678	0.09808815	-0.119318016	0.1330433	-0.081682205	0.06448885	-0.068266615	0.0864387	-0.048400875	0.03368936	-0.037497662	0.067030974	-0.05608029	0.05326278	-0.03392819	0.02885923	-0.051516004	0.05446946	-0.03547268	0.029987466	-0.02726718	0.06639856	-0.041035213	0.03045674	-0.018797299	0.025001433
-0.19109042	0.17412862	-0.23566085	0.16821788	-0.14822511	0.23690479	-0.35966992	0.99999994	-0.17150588	0.12579624	-0.18605864	0.18695632	-0.7034113	0.1851167	-0.17606269	0.16045932	-0.17170627	0.2751721	-0.18274814	0.12598066	-0.14318831	0.16411479	-0.22454895	0.1265661	-0.10054632	0.09750471	-0.12934352	0.07196652	-0.05022779	0.0553159	-0.0991444	0.082518674	-0.07955071	0.050207566	-0.043007314	0.07548535	-0.080616325	0.05202764	-0.0442777	0.039961934	-0.098690055	0.060158923	-0.04490913	0.027678946	-0.03691928
0.11288869	-0.105075896	0.22208594	-0.31438464	0.27336866	-0.11385403	0.10336657	-0.17150588	0.9999998	-0.42060852	0.0829027	-0.08772414	0.15208106	-0.732069	0.19504425	-0.096644916	0.08655032	-0.14443395	0.16386129	-0.12595516	0.07814079	-0.09722385	0.11403166	-0.11295354	0.084414914	-0.057270627	0.07420795	-0.042986102	0.032963824	-0.04360634	0.056581516	-0.048722032	0.046597183	-0.03330429	0.033092342	-0.044609778	0.047437597	-0.031701673	0.03162265	-0.0297164	0.057491653	-0.03636925	0.027030313	-0.01973933	0.027131395
-0.10959061	0.09630562	-0.22202054	0.2265595	-0.8055882	0.096539214	-0.08902792	0.12579624	-0.42060852	0.99999976	-0.07152978	0.07362757	-0.11296923	0.25047934	-0.17721096	0.0798461	-0.07094182	0.10997834	-0.12214108	0.09257759	-0.066946395	0.07900871	-0.09358925	0.08216738	-0.06522883	0.048919458	-0.06434762	0.036770787	-0.027668886	0.035641335	-0.048959862	0.04196923	-0.040170893	0.027896307	-0.027249848	0.03853797	-0.041119836	0.027346097	-0.026667414	0.024848906	-0.0500463	0.03142323	-0.023385251	0.016628267	-0.022776648
0.16242044	-0.15030764	0.103753336	-0.0905451	0.07986553	-0.4031425	0.25611708	-0.18605864	0.0829027	-0.07152978	0.99999994	-0.8137899	0.1578297	-0.09766662	0.111045554	-0.19374193	0.17715454	-0.1712667	0.10695578	-0.08470158	0.11772781	-0.15553667	0.14219277	-0.08360644	0.06534536	-0.08154771	0.09477224	-0.053462263	0.036328163	-0.03910323	0.07538406	-0.062769465	0.058438048	-0.036827955	0.029917743	-0.05778302	0.059966967	-0.0391847	0.031577796	-0.028732825	0.072496444	-0.04540613	0.033433042	-0.019891826	0.026148118
-0.1804742	0.15321118	-0.11017209	0.09229802	-0.08458095	0.27609113	-0.34069496	0.18695632	-0.08772414	0.07362757	-0.8137899	1.0	-0.18550779	0.100848794	-0.11825181	0.1787411	-0.2257105	0.17312616	-0.11460181	0.08709472	-0.12749624	0.15717475	-0.15699299	0.08717146	-0.06901668	0.08510165	-0.10374055	0.057526402	-0.038922783	0.04095652	-0.081823006	0.06740097	-0.063502006	0.0392153	-0.031575233	0.06195451	-0.06500892	0.042014726	-0.03356867	0.030269945	-0.07908957	0.048709	-0.03607837	0.021102251	-0.02771449
0.1405923	-0.13613956	0.15915135	-0.141716	0.12303269	-0.21232803	0.20729126	-0.7034113	0.15208106	-0.11296923	0.1578297	-0.18550779	1.0	-0.21346666	0.15131713	-0.16548572	0.17414232	-0.50020283	0.1712859	-0.12298033	0.12555796	-0.16951531	0.20811388	-0.12438054	0.09403196	-0.08696481	0.10934851	-0.062482707	0.04394504	-0.05000523	0.08458079	-0.07108972	0.06788011	-0.044210564	0.038462058	-0.06481773	0.068380214	-0.04460689	0.0387113	-0.035379443	0.082943715	-0.05149771	0.038218237	-0.024259511	0.03244443
-0.1320927	0.114702694	-0.24614188	0.22229134	-0.29292077	0.12587601	-0.118230544	0.1851167	-0.732069	0.25047934	-0.09766662	0.100848794	-0.21346666	0.9999996	-0.3081729	0.11352532	-0.10464049	0.17190939	-0.2592378	0.15376988	-0.09525403	0.11603953	-0.14317687	0.1404868	-0.1078896	0.06902631	-0.09087489	0.05236519	-0.040295817	0.05288705	-0.06902283	0.05921812	-0.05694889	0.04049028	-0.040577505	0.05413855	-0.05779041	0.038431704	-0.03847272	0.035905793	-0.07017006	0.04407806	-0.032854833	0.023959072	-0.03301316
0.11714019	-0.10459389	0.14997837	-0.14624116	0.1743658	-0.14312987	0.11815991	-0.17606269	0.19504425	-0.17721096	0.111045554	-0.11825181	0.15131713	-0.3081729	0.9999995	-0.16673619	0.1310105	-0.19467476	0.19873983	-0.22198752	0.13548526	-0.15594433	0.16559803	-0.15728617	0.13677214	-0.1052243	0.13750225	-0.079448335	0.060797084	-0.08705409	0.10446085	-0.09141153	0.086459346	-0.06195546	0.064834006	-0.084954485	0.09060124	-0.061898436	0.06454321	-0.061874896	0.1102489	-0.070966214	0.052537307	-0.04030979	0.0557377
-0.10464087	0.089564465	-0.098810636	0.08586108	-0.09281246	0.14166541	-0.12706284	0.16045932	-0.096644916	0.0798461	-0.19374193	0.1787411	-0.16548572	0.11352532	-0.16673619	0.99999976	-0.6052186	0.24615346	-0.16800427	0.1288994	-0.473771	0.2892378	-0.2748367	0.13377967	-0.106896885	0.22702931	-0.23545179	0.12468714	-0.07823773	0.06957784	-0.2050985	0.1541742	-0.14156681	0.07885736	-0.0535663	0.14356568	-0.14701587	0.0920131	-0.06160176	0.05426273	-0.17843735	0.10733798	-0.079338044	0.03912975	-0.049242657
0.095809184	-0.084717065	0.08956994	-0.07889048	0.080485076	-0.13793314	0.12587099	-0.17170627	0.08655032	-0.07094182	0.17715454	-0.2257105	0.17414232	-0.10464049	0.1310105	-0.6052186	0.9999997	-0.3752552	0.15680787	-0.12073604	0.22597282	-0.5470516	0.27959567	-0.1317155	0.09816959	-0.14530537	0.15112521	-0.08563958	0.055474013	-0.055388037	0.12351816	-0.100716524	0.09222342	-0.056295432	0.042426538	-0.09180665	0.09313773	-0.060166277	0.045130618	-0.040717136	0.11132239	-0.06980251	0.051154595	-0.028578928	0.036926467
-0.13451585	0.1165995	-0.14283156	0.12112245	-0.12801583	0.17057541	-0.16895232	0.2751721	-0.14443395	0.10997834	-0.1712667	0.17312616	-0.50020283	0.17190939	-0.19467476	0.24615346	-0.3752552	0.99999976	-0.3139604	0.18289861	-0.2087505	0.2790353	-0.47000456	0.2007387	-0.15234466	0.13668008	-0.17656377	0.10047979	-0.06936931	0.07514433	-0.13598253	0.11278428	-0.109316476	0.06912887	-0.05853555	0.1021023	-0.108317986	0.069687806	-0.05887671	0.05314318	-0.13159458	0.08050536	-0.059998926	0.03686305	-0.04906722
0.099065274	-0.088932514	0.12274243	-0.11562351	0.12905538	-0.12774028	0.1104073	-0.18274814	0.16386129	-0.12214108	0.10695578	-0.11460181	0.1712859	-0.2592378	0.19873983	-0.16800427	0.15680787	-0.3139604	0.99999964	-0.5396938	0.12947765	-0.19894466	0.24645811	-0.57030666	0.30380708	-0.09514146	0.12254335	-0.07657343	0.070222475	-0.10637478	0.09205815	-0.08151834	0.07980041	-0.07053637	0.08021519	-0.072598524	0.07721105	-0.052570008	0.06453257	-0.06204853	0.09167439	-0.059369527	0.044444095	-0.04008178	0.057121888
-0.07983881	0.069048546	-0.09853305	0.08778758	-0.10699008	0.095338166	-0.08392678	0.12598066	-0.12595516	0.09257759	-0.08470158	0.08709472	-0.12298033	0.15376988	-0.22198752	0.1288994	-0.12073604	0.18289861	-0.5396938	0.99999976	-0.11431972	0.14800338	-0.21428409	0.32426348	-0.66823363	0.083403915	-0.11521048	0.070172705	-0.066303894	0.13069148	-0.08493064	0.0750018	-0.07475332	0.06480297	-0.11093241	0.06707411	-0.07304546	0.050238505	-0.076936185	0.07216621	-0.08699235	0.055809084	-0.04273792	0.04649647	-0.0707537
0.080745555	-0.07241996	0.07944097	-0.07204901	0.07452555	-0.119095385	0.09808815	-0.14318831	0.07814079	-0.066946395	0.11772781	-0.12749624	0.12555796	-0.09525403	0.13548526	-0.473771	0.22597282	-0.2087505	0.12947765	-0.11431972	1.0	-0.27250895	0.190153	-0.11279081	0.08712662	-0.6457008	0.21895988	-0.13424958	0.077528074	-0.066367395	0.25088605	-0.19138372	0.14149483	-0.08263514	0.0492543	-0.18862097	0.15499718	-0.104000516	0.059212707	-0.05350777	0.1730771	-0.12161691	0.08388975	-0.038609218	0.046479724
-0.098197214	0.08493567	-0.09650124	0.08460343	-0.0909147	0.13160297	-0.119318016	0.16411479	-0.09722385	0.07900871	-0.15553667	0.15717475	-0.16951531	0.11603953	-0.15594433	0.2892378	-0.5470516	0.2790353	-0.19894466	0.14800338	-0.27250895	0.9999996	-0.6076216	0.17746632	-0.13538352	0.16142201	-0.20231132	0.11193977	-0.07153539	0.06991576	-0.15143554	0.12520197	-0.11888362	0.07171233	-0.054198362	0.11084615	-0.115433805	0.0737904	-0.056715623	0.050852604	-0.1380366	0.08540039	-0.063086934	0.035801645	-0.04646109
0.107423924	-0.097198226	0.11188306	-0.10153141	0.10335423	-0.15436924	0.1330433	-0.22454895	0.11403166	-0.09358925	0.14219277	-0.15699299	0.20811388	-0.14317687	0.16559803	-0.2748367	0.27959567	-0.47000456	0.24645811	-0.21428409	0.190153	-0.6076216	0.9999994	-0.33294484	0.1826876	-0.13657847	0.16324106	-0.11128887	0.07304804	-0.08262718	0.12280963	-0.10938762	0.106682226	-0.07394303	0.06239976	-0.09501582	0.098110914	-0.06529876	0.05905517	-0.05496153	0.11528499	-0.074920736	0.05490804	-0.037238687	0.049794246
-0.07439792	0.06510334	-0.089366324	0.0800759	-0.09378045	0.09288851	-0.081682205	0.1265661	-0.11295354	0.08216738	-0.08360644	0.08717146	-0.12438054	0.1404868	-0.15728617	0.13377967	-0.1317155	0.2007387	-0.57030666	0.32426348	-0.11279081	0.17746632	-0.33294484	0.9999995	-0.61617845	0.08167291	-0.11080901	0.0719161	-0.07789698	0.11094444	-0.08104368	0.07262324	-0.07380791	0.07240098	-0.08974306	0.06345766	-0.06832715	0.046599854	-0.06462105	0.060833704	-0.08057908	0.052087102	-0.03945198	0.039643127	-0.057927772
0.058607474	-0.05167562	0.06936453	-0.06302387	0.07284556	-0.07474906	0.06448885	-0.10054632	0.084414914	-0.06522883	0.06534536	-0.06901668	0.09403196	-0.1078896	0.13677214	-0.106896885	0.09816959	-0.15234466	0.30380708	-0.66823363	0.08712662	-0.13538352	0.1826876	-0.61617845	0.9999995	-0.065075606	0.087601	-0.05712321	0.060986243	-0.15913361	0.06428778	-0.05836389	0.058682483	-0.06004534	0.10879359	-0.051347513	0.055682894	-0.03923624	0.06702561	-0.06658735	0.06520455	-0.043064825	0.03303681	-0.040895853	0.06282984
-0.057902597	0.05121274	-0.057585385	0.05179389	-0.055197384	0.0821509	-0.068266615	0.09750471	-0.057270627	0.048919458	-0.08154771	0.08510165	-0.08696481	0.06902631	-0.1052243	0.22702931	-0.14530537	0.13668008	-0.09514146	0.083403915	-0.6457008	0.16142201	-0.13657847	0.08167291	-0.065075606	0.9999995	-0.30722135	0.15570338	-0.083349325	0.058034066	-0.51728153	0.23116587	-0.17943642	0.08698687	-0.043228094	0.22209829	-0.19353342	0.11587574	-0.057187166	0.049631726	-0.21923992	0.1356347	-0.09657965	0.037459534	-0.043144032
0.07312175	-0.06592616	0.07408214	-0.06784764	0.07121701	-0.10742	0.0864387	-0.12934352	0.07420795	-0.06434762	0.09477224	-0.10374055	0.10934851	-0.09087489	0.13750225	-0.23545179	0.15112521	-0.17656377	0.12254335	-0.11521048	0.21895988	-0.20231132	0.16324106	-0.11080901	0.087601	-0.30722135	0.9999993	-0.5345998	0.17773947	-0.09431247	0.25460744	-0.48004752	0.31349248	-0.20363575	0.06823992	-0.21159506	0.21372907	-0.1534903	0.09042432	-0.08132678	0.19769578	-0.17203419	0.11480801	-0.060910195	0.067268856
-0.04140464	0.036991663	-0.04234473	0.038483076	-0.04110092	0.05921107	-0.048400875	0.07196652	-0.042986102	0.036770787	-0.053462263	0.057526402	-0.062482707	0.05236519	-0.079448335	0.12468714	-0.08563958	0.10047979	-0.07657343	0.070172705	-0.13424958	0.11193977	-0.11128887	0.0719161	-0.05712321	0.15570338	-0.5345998	0.9999993	-0.29714304	0.07057303	-0.18132253	0.28067246	-0.6791597	0.22276957	-0.052582752	0.13534142	-0.15509504	0.09838066	-0.07356757	0.06119519	-0.13805489	0.10780568	-0.077312484	0.04850674	-0.051827487
0.029461706	-0.02619615	0.031167451	-0.028283518	0.031067971	-0.040965658	0.03368936	-0.05022779	0.032963824	-0.027668886	0.036328163	-0.038922783	0.04394504	-0.040295817	0.060797084	-0.07823773	0.055474013	-0.06936931	0.070222475	-0.066303894	0.077528074	-0.07153539	0.07304804	-0.07789698	0.060986243	-0.083349325	0.17773947	-0.29714304	0.99999934	-0.12129924	0.09139805	-0.13150293	0.1952998	-0.8934065	0.08637931	-0.075200036	0.08490733	-0.06265792	0.12508222	-0.100341275	0.08148624	-0.06520591	0.049185272	-0.08679796	0.08014491
-0.03458611	0.03020196	-0.038850415	0.034884036	-0.040783998	0.044523697	-0.037497662	0.0553159	-0.04360634	0.035641335	-0.03910323	0.04095652	-0.05000523	0.05288705	-0.08705409	0.06957784	-0.055388037	0.07514433	-0.10637478	0.13069148	-0.066367395	0.06991576	-0.08262718	0.11094444	-0.15913361	0.058034066	-0.09431247	0.07057303	-0.12129924	0.9999993	-0.0635476	0.06575337	-0.07196693	0.11189042	-0.81469494	0.05723405	-0.07020832	0.062104072	-0.27512082	0.28146493	-0.075317755	0.057491515	-0.051161904	0.16104108	-0.28832757
0.056550603	-0.05081059	0.056815356	-0.051833197	0.054399926	-0.0828329	0.067030974	-0.0991444	0.056581516	-0.048959862	0.07538406	-0.081823006	0.08458079	-0.06902283	0.10446085	-0.2050985	0.12351816	-0.13598253	0.09205815	-0.08493064	0.25088605	-0.15143554	0.12280963	-0.08104368	0.06428778	-0.51728153	0.25460744	-0.18132253	0.09139805	-0.0635476	0.99999934	-0.45410198	0.20430024	-0.100235194	0.046501018	-0.5028967	0.2498642	-0.15570937	0.06407317	-0.05592024	0.252898	-0.18194817	0.120587245	-0.04279493	0.04741808
-0.047888927	0.042784687	-0.04849129	0.04407803	-0.04690379	0.068897404	-0.05608029	0.082518674	-0.048722032	0.04196923	-0.062769465	0.06740097	-0.07108972	0.05921812	-0.09141153	0.1541742	-0.100716524	0.11278428	-0.08151834	0.0750018	-0.19138372	0.12520197	-0.10938762	0.07262324	-0.05836389	0.23116587	-0.48004752	0.28067246	-0.13150293	0.06575337	-0.45410198	0.9999996	-0.5191971	0.13651578	-0.04854566	0.2438269	-0.34908158	0.16168009	-0.07052846	0.05921119	-0.22391747	0.17475867	-0.12613554	0.046726566	-0.050509285
0.045334168	-0.040716987	0.04618718	-0.04217159	0.04464863	-0.0658107	0.05326278	-0.07955071	0.046597183	-0.040170893	0.058438048	-0.063502006	0.06788011	-0.05694889	0.086459346	-0.14156681	0.09222342	-0.109316476	0.07980041	-0.07475332	0.14149483	-0.11888362	0.106682226	-0.07380791	0.058682483	-0.17943642	0.31349248	-0.6791597	0.1952998	-0.07196693	0.20430024	-0.5191971	0.9999997	-0.23518322	0.052685365	-0.16345909	0.17692344	-0.1199992	0.07458876	-0.06351087	0.14954773	-0.12930666	0.089007884	-0.050215904	0.052688543
-0.029797986	0.026399052	-0.0315008	0.028490527	-0.031476706	0.041103557	-0.03392819	0.050207566	-0.03330429	0.027896307	-0.036827955	0.0392153	-0.044210564	0.04049028	-0.06195546	0.07885736	-0.056295432	0.06912887	-0.07053637	0.06480297	-0.08263514	0.07171233	-0.07394303	0.07240098	-0.06004534	0.08698687	-0.20363575	0.22276957	-0.8934065	0.11189042	-0.100235194	0.13651578	-0.23518322	0.9999996	-0.09030088	0.08023528	-0.09333786	0.066962555	-0.15998475	0.101149835	-0.08939376	0.06908645	-0.053452462	0.09296904	-0.0891958
0.026384987	-0.023179216	0.029551608	-0.026705856	0.030852566	-0.034477927	0.02885923	-0.043007314	0.033092342	-0.027249848	0.029917743	-0.031575233	0.038462058	-0.040577505	0.064834006	-0.0535663	0.042426538	-0.05853555	0.08021519	-0.11093241	0.0492543	-0.054198362	0.06239976	-0.08974306	0.10879359	-0.043228094	0.06823992	-0.052582752	0.08637931	-0.81469494	0.046501018	-0.04854566	0.052685365	-0.09030088	0.99999946	-0.041916616	0.05070813	-0.04528445	0.18955065	-0.45364177	0.0541933	-0.042231128	0.03692607	-0.13120738	0.21904391
-0.044066723	0.039350394	-0.04452823	0.04046788	-0.04310226	0.06342493	-0.051516004	0.07548535	-0.044609778	0.03853797	-0.05778302	0.06195451	-0.06481773	0.05413855	-0.084954485	0.14356568	-0.09180665	0.1021023	-0.072598524	0.06707411	-0.18862097	0.11084615	-0.09501582	0.06345766	-0.051347513	0.22209829	-0.21159506	0.13534142	-0.075200036	0.05723405	-0.5028967	0.2438269	-0.16345909	0.08023528	-0.041916616	0.9999995	-0.47835964	0.20914364	-0.06487149	0.053820185	-0.5754728	0.25363335	-0.1782301	0.04350649	-0.04605285
0.0465466	-0.04175619	0.04724485	-0.043120842	0.045778796	-0.0675666	0.05446946	-0.080616325	0.047437597	-0.041119836	0.059966967	-0.06500892	0.068380214	-0.05779041	0.09060124	-0.14701587	0.09313773	-0.108317986	0.07721105	-0.07304546	0.15499718	-0.115433805	0.098110914	-0.06832715	0.055682894	-0.19353342	0.21372907	-0.15509504	0.08490733	-0.07020832	0.2498642	-0.34908158	0.17692344	-0.09333786	0.05070813	-0.47835964	0.99999946	-0.49412847	0.08740446	-0.07024635	0.30839217	-0.44281575	0.27137113	-0.060494903	0.058562703
-0.030673144	0.02733492	-0.031330332	0.028457599	-0.030669624	0.043692835	-0.03547268	0.05202764	-0.031701673	0.027346097	-0.0391847	0.042014726	-0.04460689	0.038431704	-0.061898436	0.0920131	-0.060166277	0.069687806	-0.052570008	0.050238505	-0.104000516	0.0737904	-0.06529876	0.046599854	-0.03923624	0.11587574	-0.1534903	0.09838066	-0.06265792	0.062104072	-0.15570937	0.16168009	-0.1199992	0.066962555	-0.04528445	0.20914364	-0.49412847	0.9999994	-0.112452656	0.07059698	-0.2995431	0.31372917	-0.7122786	0.07221665	-0.061843798
0.02704121	-0.023863778	0.02934219	-0.026564315	0.03015134	-0.0364	0.029987466	-0.0442777	0.03162265	-0.026667414	0.031577796	-0.03356867	0.0387113	-0.03847272	0.06454321	-0.06160176	0.045130618	-0.05887671	0.06453257	-0.076936185	0.059212707	-0.056715623	0.05905517	-0.06462105	0.06702561	-0.057187166	0.09042432	-0.07356757	0.12508222	-0.27512082	0.06407317	-0.07052846	0.07458876	-0.15998475	0.18955065	-0.06487149	0.08740446	-0.112452656	0.9999999	-0.43353388	0.083621904	-0.07812505	0.08093577	-0.73609537	0.3155261
-0.024914104	0.021834696	-0.027311198	0.024580486	-0.028363641	0.032808445	-0.02726718	0.039961934	-0.0297164	0.024848906	-0.028732825	0.030269945	-0.035379443	0.035905793	-0.061874896	0.05426273	-0.040717136	0.05314318	-0.06204853	0.07216621	-0.05350777	0.050852604	-0.05496153	0.060833704	-0.06658735	0.049631726	-0.08132678	0.06119519	-0.100341275	0.28146493	-0.05592024	0.05921119	-0.06351087	0.101149835	-0.45364177	0.053820185	-0.07024635	0.07059698	-0.43353388	1.0000001	-0.07196852	0.059226107	-0.05783304	0.27591243	-0.6540286
0.05660362	-0.05094885	0.057408877	-0.05255225	0.05552779	-0.082867905	0.06639856	-0.098690055	0.057491653	-0.0500463	0.072496444	-0.07908957	0.082943715	-0.07017006	0.1102489	-0.17843735	0.11132239	-0.13159458	0.09167439	-0.08699235	0.1730771	-0.1380366	0.11528499	-0.08057908	0.06520455	-0.21923992	0.19769578	-0.13805489	0.08148624	-0.075317755	0.252898	-0.22391747	0.14954773	-0.08939376	0.0541933	-0.5754728	0.30839217	-0.2995431	0.083621904	-0.07196852	0.9999999	-0.530912	0.23524427	-0.05751967	0.059838075
-0.03542183	0.03158302	-0.03607097	0.03277186	-0.035226602	0.050599158	-0.041035213	0.060158923	-0.03636925	0.03142323	-0.04540613	0.048709	-0.05149771	0.04407806	-0.070966214	0.10733798	-0.06980251	0.08050536	-0.059369527	0.055809084	-0.12161691	0.08540039	-0.074920736	0.052087102	-0.043064825	0.1356347	-0.17203419	0.10780568	-0.06520591	0.057491515	-0.18194817	0.17475867	-0.12930666	0.06908645	-0.042231128	0.25363335	-0.44281575	0.31372917	-0.07812505	0.059226107	-0.530912	0.99999994	-0.58373106	0.053303365	-0.052515805
0.026230173	-0.023457916	0.02676807	-0.02438414	0.026127867	-0.03769766	0.03045674	-0.04490913	0.027030313	-0.023385251	0.033433042	-0.03607837	0.038218237	-0.032854833	0.052537307	-0.079338044	0.051154595	-0.059998926	0.044444095	-0.04273792	0.08388975	-0.063086934	0.05490804	-0.03945198	0.03303681	-0.09657965	0.11480801	-0.077312484	0.049185272	-0.051161904	0.120587245	-0.12613554	0.089007884	-0.053452462	0.03692607	-0.1782301	0.27137113	-0.7122786	0.08093577	-0.05783304	0.23524427	-0.58373106	0.9999998	-0.060629778	0.049800977
-0.01695106	0.014940187	-0.018353634	0.01658997	-0.01884305	0.02278176	-0.018797299	0.027678946	-0.01973933	0.016628267	-0.019891826	0.021102251	-0.024259511	0.023959072	-0.04030979	0.03912975	-0.028578928	0.03686305	-0.04008178	0.04649647	-0.038609218	0.035801645	-0.037238687	0.039643127	-0.040895853	0.037459534	-0.060910195	0.04850674	-0.08679796	0.16104108	-0.04279493	0.046726566	-0.050215904	0.09296904	-0.13120738	0.04350649	-0.060494903	0.07221665	-0.73609537	0.27591243	-0.05751967	0.053303365	-0.060629778	0.9999999	-0.5725758
0.022724887	-0.020006532	0.024914391	-0.022529634	0.025804538	-0.03023061	0.025001433	-0.03691928	0.027131395	-0.022776648	0.026148118	-0.02771449	0.03244443	-0.03301316	0.0557377	-0.049242657	0.036926467	-0.04906722	0.057121888	-0.0707537	0.046479724	-0.04646109	0.049794246	-0.057927772	0.06282984	-0.043144032	0.067268856	-0.051827487	0.08014491	-0.28832757	0.04741808	-0.050509285	0.052688543	-0.0891958	0.21904391	-0.04605285	0.058562703	-0.061843798	0.3155261	-0.6540286	0.059838075	-0.052515805	0.049800977	-0.5725758	0.9999999
