1.0000001	-0.305219	0.109921455	-0.07851787	0.077320226	-0.8883588	0.24392301	-0.05863776	0.058656562	-0.016801497	0.13383327	-0.14765592	0.046812125	-0.0463826	0.018333089	-0.06576435	0.055225622	-0.04894253	0.0370673	-0.029320303	0.058447145	-0.05098169	0.04160287	-0.0280163	0.023260608	-0.020934178	0.027268175	-0.03527515	0.02014977	-0.016652588	0.02003035	-0.020580757	0.027011815	-0.015915483	0.016231786	-0.01249352	0.019841919	-0.01676199	0.012263731	-0.0142356	0.012017528	-0.016534079	0.018202275	-0.008878296	0.009201084
-0.305219	1.0000001	-0.2978764	0.15055683	-0.13869292	0.22814102	-0.8350947	0.11600382	-0.11448033	0.028372081	-0.08679899	0.09312159	-0.051677253	0.049618408	-0.030796187	0.04559264	-0.0428337	0.03966242	-0.03524308	0.027484916	-0.04553517	0.0397212	-0.035042502	0.025148077	-0.021127423	0.01773979	-0.02345294	0.030527124	-0.018244434	0.015107173	-0.0172704	0.017860113	-0.023921102	0.014381667	-0.014729987	0.01103525	-0.01758591	0.014870412	-0.0111518325	0.012996007	-0.010658948	0.014696196	-0.016282715	0.008089205	-0.008406556
0.109921455	-0.2978764	1.0000001	-0.6141273	0.29503548	-0.09818756	0.20686047	-0.3589349	0.25089338	-0.06390353	0.05301402	-0.0594859	0.08214431	-0.08237353	0.06599457	-0.037716005	0.03909377	-0.043727104	0.047909737	-0.03831087	0.039632943	-0.040433355	0.03868294	-0.032390837	0.027230194	-0.020190597	0.027124122	-0.037220407	0.023359448	-0.019623792	0.019914195	-0.021218633	0.02902144	-0.01850346	0.018952614	-0.01354109	0.021459568	-0.018320711	0.014475603	-0.017182902	0.013072277	-0.018349914	0.02019688	-0.010598147	0.011024124
-0.07851787	0.15055683	-0.6141273	0.9999998	-0.63243866	0.06635054	-0.15169896	0.20097855	-0.25056726	0.08529988	-0.03868271	0.042561356	-0.06857995	0.065881915	-0.091065854	0.02721639	-0.028575232	0.03191965	-0.036165144	0.028615383	-0.02887533	0.029100778	-0.028290633	0.023741957	-0.02011816	0.014421425	-0.019436512	0.026508287	-0.016964152	0.014250639	-0.01424773	0.01514919	-0.02076925	0.013282886	-0.013641318	0.009621211	-0.015296682	0.013050901	-0.010351726	0.012271673	-0.00929728	0.0130143	-0.014375031	0.007568224	-0.007867249
0.077320226	-0.13869292	0.29503548	-0.63243866	0.9999997	-0.06817828	0.13018285	-0.15232714	0.16157651	-0.16799936	0.04208041	-0.047180697	0.0633268	-0.06267011	0.14205025	-0.033072907	0.034936428	-0.040271085	0.04660053	-0.038289946	0.035394527	-0.03767748	0.03636576	-0.031676583	0.026977101	-0.019809242	0.02666424	-0.036976144	0.023352886	-0.019623542	0.019634802	-0.021076076	0.028988818	-0.01867002	0.019133154	-0.013653873	0.021570476	-0.018446403	0.014724886	-0.017535899	0.013185638	-0.018609755	0.02043588	-0.010806897	0.011268393
-0.8883588	0.22814102	-0.09818756	0.06635054	-0.06817828	0.99999946	-0.3232973	0.053209517	-0.054326143	0.014679009	-0.16610052	0.14106673	-0.044709824	0.04328603	-0.01608299	0.06740565	-0.05657269	0.04764482	-0.03564629	0.027752312	-0.061350442	0.05010707	-0.041153744	0.026872698	-0.022417424	0.020515885	-0.026708435	0.033895463	-0.019414091	0.0159686	-0.019671056	0.020017533	-0.026274845	0.015280471	-0.015613123	0.012086958	-0.019264499	0.016219642	-0.011764213	0.01358092	-0.011648778	0.015929405	-0.017627556	0.00849253	-0.008808314
0.24392301	-0.8350947	0.20686047	-0.15169896	0.13018285	-0.3232973	0.9999995	-0.11969864	0.107551105	-0.028284807	0.10047961	-0.12026659	0.0546071	-0.05351648	0.0304411	-0.052756485	0.048563235	-0.04508566	0.03902873	-0.030771334	0.051159397	-0.04530561	0.039355714	-0.028259555	0.023648074	-0.020034958	0.02640458	-0.03460995	0.020480396	-0.01698378	0.01943254	-0.020143053	0.026890613	-0.016201157	0.0165658	-0.012451776	0.01979398	-0.016759004	0.012567421	-0.014674989	0.012009276	-0.0166008	0.018328287	-0.009126679	0.009480325
-0.05863776	0.11600382	-0.3589349	0.20097855	-0.15232714	0.053209517	-0.11969864	0.9999992	-0.86703765	0.037671864	-0.042037576	0.04646169	-0.14136936	0.1313072	-0.039589304	0.029633464	-0.032719605	0.03820573	-0.044904143	0.03355497	-0.031705126	0.031734854	-0.032562133	0.02731291	-0.02278213	0.014936032	-0.020310033	0.027630184	-0.018385256	0.015549798	-0.014738075	0.015632076	-0.021482684	0.0139429495	-0.014353932	0.009718989	-0.015576543	0.013299844	-0.010678354	0.01267362	-0.009393634	0.013076457	-0.014530077	0.0077904467	-0.00805377
0.058656562	-0.11448033	0.25089338	-0.25056726	0.16157651	-0.054326143	0.107551105	-0.86703765	0.99999905	-0.043333236	0.04405842	-0.049656104	0.1429214	-0.1761311	0.044203117	-0.03231925	0.035608377	-0.042397458	0.050304063	-0.03855569	0.03445133	-0.03530609	0.035973266	-0.031039318	0.0257573	-0.016790545	0.022795655	-0.031336024	0.020814855	-0.017676057	0.01655192	-0.017631473	0.02421702	-0.015857805	0.016296592	-0.011014593	0.01760259	-0.015058251	0.012160162	-0.014487054	0.01063402	-0.014859409	0.016452119	-0.00889012	0.009187525
-0.016801497	0.028372081	-0.06390353	0.08529988	-0.16799936	0.014679009	-0.028284807	0.037671864	-0.043333236	0.99999905	-0.01046762	0.011673358	-0.01929162	0.019167932	-0.9726878	0.008785906	-0.009686232	0.011692871	-0.019946963	0.019443635	-0.009543484	0.010498514	-0.010917836	0.011484944	-0.011616724	0.005429736	-0.007402765	0.0103562325	-0.008052264	0.006863121	-0.005398544	0.005842001	-0.008154865	0.0057801516	-0.006083655	0.0037209846	-0.005933381	0.005115247	-0.0044320477	0.005317477	-0.003592859	0.0050718025	-0.005607465	0.0032427444	-0.0033598263
0.13383327	-0.08679899	0.05301402	-0.03868271	0.04208041	-0.16610052	0.10047961	-0.042037576	0.04405842	-0.01046762	0.99999905	-0.86097777	0.11063319	-0.11013332	0.0114421705	-0.33493844	0.18976405	-0.14084624	0.082855456	-0.064086884	0.20008908	-0.15281987	0.11336298	-0.06579958	0.054099344	-0.053859446	0.0682139	-0.08383583	0.046033952	-0.03766179	0.05012984	-0.04989345	0.06351909	-0.035712924	0.03639974	-0.028945262	0.046168353	-0.03870169	0.02708664	-0.030954132	0.027776014	-0.03755656	0.04149079	-0.019432507	0.020065257
-0.14765592	0.09312159	-0.0594859	0.042561356	-0.047180697	0.14106673	-0.12026659	0.04646169	-0.049656104	0.011673358	-0.86097777	0.99999917	-0.14618847	0.11944363	-0.012791575	0.23985223	-0.23151943	0.14834005	-0.09754304	0.07188031	-0.23624428	0.15838209	-0.13160339	0.07427609	-0.062503725	0.060974114	-0.07877953	0.093575895	-0.05337755	0.043204993	-0.05836311	0.0572133	-0.07445617	0.04118596	-0.04228253	0.033459686	-0.053950615	0.04492403	-0.031389777	0.03553152	-0.032377347	0.043296717	-0.04864262	0.022415103	-0.023249665
0.046812125	-0.051677253	0.08214431	-0.06857995	0.0633268	-0.044709824	0.0546071	-0.14136936	0.1429214	-0.01929162	0.11063319	-0.14618847	0.99999905	-0.92733383	0.02051686	-0.080359496	0.095422596	-0.13570678	0.13768771	-0.110151194	0.08321943	-0.08685692	0.095318355	-0.08392189	0.066804826	-0.036664	0.050340082	-0.070325576	0.04972768	-0.04321882	0.03578518	-0.038174577	0.052324582	-0.035938993	0.036922958	-0.022878723	0.036950428	-0.031789627	0.026594812	-0.03202385	0.022018477	-0.030631982	0.034035183	-0.019443626	0.019824946
-0.0463826	0.049618408	-0.08237353	0.065881915	-0.06267011	0.04328603	-0.05351648	0.1313072	-0.1761311	0.019167932	-0.11013332	0.11944363	-0.92733383	0.99999905	-0.020585455	0.0761204	-0.092919946	0.11648142	-0.16305935	0.10493572	-0.08304962	0.082380585	-0.09392063	0.08046453	-0.065920174	0.035890684	-0.04965631	0.0674463	-0.048910294	0.041949034	-0.035398327	0.03747548	-0.05187026	0.034988478	-0.036223147	0.022509234	-0.036585137	0.031322107	-0.025997642	0.031008154	-0.021762723	0.030056775	-0.03374183	0.018917562	-0.019366752
0.018333089	-0.030796187	0.06599457	-0.091065854	0.14205025	-0.01608299	0.0304411	-0.039589304	0.044203117	-0.9726878	0.0114421705	-0.012791575	0.02051686	-0.020585455	0.99999905	-0.009670001	0.010636323	-0.012848434	0.021448607	-0.021297032	0.010497967	-0.011587715	0.011983986	-0.012561064	0.012569903	-0.006024565	0.008204329	-0.011495388	0.00881607	-0.0075221797	0.0059887418	-0.006483274	0.00904097	-0.0063804192	0.0066997954	-0.0041403063	0.0065933014	-0.0056831124	0.004902618	-0.0058848374	0.0039970414	-0.005647169	0.006235739	-0.003589731	0.00372061
-0.06576435	0.04559264	-0.037716005	0.02721639	-0.033072907	0.06740565	-0.052756485	0.029633464	-0.03231925	0.008785906	-0.33493844	0.23985223	-0.080359496	0.0761204	-0.009670001	0.9999993	-0.5158891	0.23837733	-0.12171478	0.08998212	-0.6595145	0.28521183	-0.20806503	0.10168572	-0.08497703	0.09846084	-0.12055803	0.13633335	-0.07297234	0.05852377	-0.09083851	0.085205175	-0.106305026	0.0564954	-0.057696234	0.048156083	-0.07712411	0.063852265	-0.042802207	0.04801468	-0.04631197	0.06134124	-0.06829586	0.030432288	-0.03149166
0.055225622	-0.0428337	0.03909377	-0.028575232	0.034936428	-0.05657269	0.048563235	-0.032719605	0.035608377	-0.009686232	0.18976405	-0.23151943	0.095422596	-0.092919946	0.010636323	-0.5158891	0.9999996	-0.5698738	0.149321	-0.11620883	0.3022015	-0.456011	0.27136022	-0.13238692	0.10503474	-0.09949124	0.13478577	-0.17392994	0.087825105	-0.071513705	0.09136005	-0.09609845	0.120397165	-0.066729195	0.06778494	-0.053331565	0.08579662	-0.072466925	0.049962655	-0.056959514	0.050856847	-0.0695481	0.07636917	-0.03574771	0.036748033
-0.04894253	0.03966242	-0.043727104	0.03191965	-0.040271085	0.04764482	-0.04508566	0.03820573	-0.042397458	0.011692871	-0.14084624	0.14834005	-0.13570678	0.11648142	-0.012848434	0.23837733	-0.5698738	0.9999994	-0.254727	0.16559781	-0.2755999	0.30167508	-0.5726105	0.19479705	-0.16394043	0.112226486	-0.16689104	0.21967904	-0.13022701	0.10286454	-0.11262802	0.118216954	-0.16743968	0.092403196	-0.096387014	0.06800315	-0.11407317	0.09590729	-0.06925411	0.07781886	-0.06640853	0.08931453	-0.103615165	0.049033552	-0.050819397
0.0370673	-0.03524308	0.047909737	-0.036165144	0.04660053	-0.03564629	0.03902873	-0.044904143	0.050304063	-0.019946963	0.082855456	-0.09754304	0.13768771	-0.16305935	0.021448607	-0.12171478	0.149321	-0.254727	0.99999905	-0.73292834	0.12853771	-0.18497236	0.21237332	-0.41282094	0.2969567	-0.082422905	0.11370773	-0.18071018	0.18250497	-0.1734284	0.07977825	-0.09083264	0.12694837	-0.12010754	0.12338877	-0.05468116	0.087289274	-0.07848549	0.084091894	-0.10841233	0.05182342	-0.07535536	0.08126112	-0.06301189	0.06256531
-0.029320303	0.027484916	-0.03831087	0.028615383	-0.038289946	0.027752312	-0.030771334	0.03355497	-0.03855569	0.019443635	-0.064086884	0.07188031	-0.110151194	0.10493572	-0.021297032	0.08998212	-0.11620883	0.16559781	-0.73292834	0.99999905	-0.1036219	0.13561742	-0.18070708	0.29440647	-0.5196329	0.06864396	-0.09777796	0.14246346	-0.19545045	0.16986933	-0.06909901	0.07752056	-0.11421281	0.107438415	-0.12347321	0.047069363	-0.077213764	0.06864666	-0.076625206	0.09310686	-0.045377478	0.064461105	-0.07264511	0.05534519	-0.056532703
0.058447145	-0.04553517	0.039632943	-0.02887533	0.035394527	-0.061350442	0.051159397	-0.031705126	0.03445133	-0.009543484	0.20008908	-0.23624428	0.08321943	-0.08304962	0.010497967	-0.6595145	0.3022015	-0.2755999	0.12853771	-0.1036219	0.99999887	-0.53938097	0.22630961	-0.117909916	0.093826875	-0.145227	0.15045872	-0.17128226	0.08182034	-0.06688187	0.114609204	-0.10802959	0.12235926	-0.06545568	0.065526865	-0.05891265	0.090889946	-0.07584123	0.049205273	-0.05590048	0.055315502	-0.07433995	0.07909982	-0.03525835	0.036161568
-0.05098169	0.0397212	-0.040433355	0.029100778	-0.03767748	0.05010707	-0.04530561	0.031734854	-0.03530609	0.010498514	-0.15281987	0.15838209	-0.08685692	0.082380585	-0.011587715	0.28521183	-0.456011	0.30167508	-0.18497236	0.13561742	-0.53938097	0.9999986	-0.47757372	0.16986468	-0.14292766	0.14885087	-0.24256262	0.2324756	-0.12180315	0.09585403	-0.1414545	0.14670232	-0.18198492	0.092746355	-0.0949864	0.07833136	-0.12966882	0.10669477	-0.07000141	0.07751445	-0.07549026	0.100759014	-0.11334152	0.049400475	-0.0511789
0.04160287	-0.035042502	0.03868294	-0.028290633	0.03636576	-0.041153744	0.039355714	-0.032562133	0.035973266	-0.010917836	0.11336298	-0.13160339	0.095318355	-0.09392063	0.011983986	-0.20806503	0.27136022	-0.5726105	0.21237332	-0.18070708	0.22630961	-0.47757372	0.9999985	-0.32614827	0.18904813	-0.1235788	0.18708098	-0.3879565	0.14919132	-0.12154874	0.118503705	-0.13357396	0.18303794	-0.10419822	0.105737895	-0.07311485	0.12095048	-0.10522188	0.075577386	-0.08681899	0.06995711	-0.097164705	0.10866517	-0.054005716	0.05506522
-0.0280163	0.025148077	-0.032390837	0.023741957	-0.031676583	0.026872698	-0.028259555	0.02731291	-0.031039318	0.011484944	-0.06579958	0.07427609	-0.08392189	0.08046453	-0.012561064	0.10168572	-0.13238692	0.19479705	-0.41282094	0.29440647	-0.117909916	0.16986468	-0.32614827	0.9999984	-0.66973037	0.078312285	-0.11398881	0.1759769	-0.3491735	0.23652571	-0.07828751	0.089102566	-0.13191567	0.13423187	-0.15230116	0.05257531	-0.08671442	0.07798468	-0.090622455	0.11066369	-0.05045142	0.0719992	-0.08086784	0.065161355	-0.06553633
0.023260608	-0.021127423	0.027230194	-0.02011816	0.026977101	-0.022417424	0.023648074	-0.02278213	0.0257573	-0.011616724	0.054099344	-0.062503725	0.066804826	-0.065920174	0.012569903	-0.08497703	0.10503474	-0.16394043	0.2969567	-0.5196329	0.093826875	-0.14292766	0.18904813	-0.66973037	0.99999785	-0.06616583	0.09326218	-0.15139447	0.25023678	-0.31834534	0.06496942	-0.07569908	0.11054819	-0.13445187	0.14904827	-0.044784296	0.072725765	-0.06704382	0.08598613	-0.11080619	0.042512856	-0.062059447	0.06801894	-0.0632656	0.062216505
-0.020934178	0.01773979	-0.020190597	0.014421425	-0.019809242	0.020515885	-0.020034958	0.014936032	-0.016790545	0.005429736	-0.053859446	0.060974114	-0.036664	0.035890684	-0.006024565	0.09846084	-0.09949124	0.112226486	-0.082422905	0.06864396	-0.145227	0.14885087	-0.1235788	0.078312285	-0.06616583	0.9999981	-0.49666774	0.22453015	-0.078006506	0.06332175	-0.74724925	0.29492053	-0.22495104	0.08539036	-0.07938083	0.14819333	-0.19832453	0.14539623	-0.06464127	0.06780244	-0.13767211	0.14651477	-0.14612404	0.045139715	-0.045910653
0.027268175	-0.02345294	0.027124122	-0.019436512	0.02666424	-0.026708435	0.02640458	-0.020310033	0.022795655	-0.007402765	0.0682139	-0.07877953	0.050340082	-0.04965631	0.008204329	-0.12055803	0.13478577	-0.16689104	0.11370773	-0.09777796	0.15045872	-0.24256262	0.18708098	-0.11398881	0.09326218	-0.49666774	0.9999979	-0.4681619	0.10709661	-0.08849621	0.3040666	-0.5397248	0.27629477	-0.114857666	0.1035316	-0.1502678	0.22738226	-0.18902045	0.084142126	-0.091652185	0.12905785	-0.18704146	0.16971858	-0.059853055	0.059905123
-0.03527515	0.030527124	-0.037220407	0.026508287	-0.036976144	0.033895463	-0.03460995	0.027630184	-0.031336024	0.0103562325	-0.08383583	0.093575895	-0.070325576	0.0674463	-0.011495388	0.13633335	-0.17392994	0.21967904	-0.18071018	0.14246346	-0.17128226	0.2324756	-0.3879565	0.1759769	-0.15139447	0.22453015	-0.4681619	0.9999978	-0.19093145	0.14104308	-0.24418417	0.27865124	-0.5065568	0.17198801	-0.17085409	0.14647894	-0.2667133	0.22714292	-0.12891835	0.13163246	-0.14475985	0.19315767	-0.23914398	0.08735923	-0.091159746
0.02014977	-0.018244434	0.023359448	-0.016964152	0.023352886	-0.019414091	0.020480396	-0.018385256	0.020814855	-0.008052264	0.046033952	-0.05337755	0.04972768	-0.048910294	0.00881607	-0.07297234	0.087825105	-0.13022701	0.18250497	-0.19545045	0.08182034	-0.12180315	0.14919132	-0.3491735	0.25023678	-0.078006506	0.10709661	-0.19093145	0.999998	-0.75250256	0.07644647	-0.09563953	0.14700623	-0.29398295	0.27093357	-0.05614371	0.09067452	-0.0900189	0.15619831	-0.21426623	0.052408174	-0.08027373	0.08598447	-0.11805905	0.10963219
-0.016652588	0.015107173	-0.019623792	0.014250639	-0.019623542	0.0159686	-0.01698378	0.015549798	-0.017676057	0.006863121	-0.03766179	0.043204993	-0.04321882	0.041949034	-0.0075221797	0.05852377	-0.071513705	0.10286454	-0.1734284	0.16986933	-0.06688187	0.09585403	-0.12154874	0.23652571	-0.31834534	0.06332175	-0.08849621	0.14104308	-0.75250256	0.99999803	-0.06361209	0.07840854	-0.12718226	0.23496917	-0.4291392	0.046291504	-0.076335646	0.07494718	-0.14092757	0.17257662	-0.043694492	0.065815516	-0.07295851	0.09697304	-0.096711226
0.02003035	-0.0172704	0.019914195	-0.01424773	0.019634802	-0.019671056	0.01943254	-0.014738075	0.01655192	-0.005398544	0.05012984	-0.05836311	0.03578518	-0.035398327	0.0059887418	-0.09083851	0.09136005	-0.11262802	0.07977825	-0.06909901	0.114609204	-0.1414545	0.118503705	-0.07828751	0.06496942	-0.74724925	0.3040666	-0.24418417	0.07644647	-0.06361209	0.999998	-0.46733272	0.21741617	-0.0875559	0.077951625	-0.20060514	0.2055726	-0.15914752	0.06485459	-0.069887444	0.14871705	-0.16907978	0.14710194	-0.046148714	0.046068326
-0.020580757	0.017860113	-0.021218633	0.01514919	-0.021076076	0.020017533	-0.020143053	0.015632076	-0.017631473	0.005842001	-0.04989345	0.0572133	-0.038174577	0.03747548	-0.006483274	0.085205175	-0.09609845	0.118216954	-0.09083264	0.07752056	-0.10802959	0.14670232	-0.13357396	0.089102566	-0.07569908	0.29492053	-0.5397248	0.27865124	-0.09563953	0.07840854	-0.46733272	0.9999978	-0.44686607	0.12005469	-0.10596492	0.169118	-0.39258775	0.2307973	-0.087389536	0.08821853	-0.14973861	0.2029892	-0.1989369	0.059436496	-0.059620846
0.027011815	-0.023921102	0.02902144	-0.02076925	0.028988818	-0.026274845	0.026890613	-0.021482684	0.02421702	-0.008154865	0.06351909	-0.07445617	0.052324582	-0.05187026	0.00904097	-0.106305026	0.120397165	-0.16743968	0.12694837	-0.11421281	0.12235926	-0.18198492	0.18303794	-0.13191567	0.11054819	-0.22495104	0.27629477	-0.5065568	0.14700623	-0.12718226	0.21741617	-0.44686607	0.9999978	-0.2637819	0.17508595	-0.16657655	0.2818204	-0.4506645	0.1459118	-0.14909014	0.14614262	-0.24707076	0.2499747	-0.09972721	0.095663615
-0.015915483	0.014381667	-0.01850346	0.013282886	-0.01867002	0.015280471	-0.016201157	0.0139429495	-0.015857805	0.0057801516	-0.035712924	0.04118596	-0.035938993	0.034988478	-0.0063804192	0.0564954	-0.066729195	0.092403196	-0.12010754	0.107438415	-0.06545568	0.092746355	-0.10419822	0.13423187	-0.13445187	0.08539036	-0.114857666	0.17198801	-0.29398295	0.23496917	-0.0875559	0.12005469	-0.2637819	0.9999979	-0.66970354	0.06684347	-0.11440295	0.12644568	-0.4649495	0.28226927	-0.06222259	0.09771849	-0.11111981	0.19652897	-0.19784877
0.016231786	-0.014729987	0.018952614	-0.013641318	0.019133154	-0.015613123	0.0165658	-0.014353932	0.016296592	-0.006083655	0.03639974	-0.04228253	0.036922958	-0.036223147	0.0066997954	-0.057696234	0.06778494	-0.096387014	0.12338877	-0.12347321	0.065526865	-0.0949864	0.105737895	-0.15230116	0.14904827	-0.07938083	0.1035316	-0.17085409	0.27093357	-0.4291392	0.077951625	-0.10596492	0.17508595	-0.66970354	0.9999979	-0.0608558	0.09875752	-0.107716255	0.26247367	-0.39308813	0.05600816	-0.089504346	0.095290944	-0.18912016	0.17556982
-0.01249352	0.01103525	-0.01354109	0.009621211	-0.013653873	0.012086958	-0.012451776	0.009718989	-0.011014593	0.0037209846	-0.028945262	0.033459686	-0.022878723	0.022509234	-0.0041403063	0.048156083	-0.053331565	0.06800315	-0.05468116	0.047069363	-0.05891265	0.07833136	-0.07311485	0.05257531	-0.044784296	0.14819333	-0.1502678	0.14647894	-0.05614371	0.046291504	-0.20060514	0.169118	-0.16657655	0.06684347	-0.0608558	0.99999774	-0.35921574	0.18440306	-0.054671828	0.05648204	-0.8249605	0.27403945	-0.23351231	0.039404172	-0.03926388
0.019841919	-0.01758591	0.021459568	-0.015296682	0.021570476	-0.019264499	0.01979398	-0.015576543	0.01760259	-0.005933381	0.046168353	-0.053950615	0.036950428	-0.036585137	0.0065933014	-0.07712411	0.08579662	-0.11407317	0.087289274	-0.077213764	0.090889946	-0.12966882	0.12095048	-0.08671442	0.072725765	-0.19832453	0.22738226	-0.2667133	0.09067452	-0.076335646	0.2055726	-0.39258775	0.2818204	-0.11440295	0.09875752	-0.35921574	0.99999774	-0.5301943	0.09197427	-0.09577688	0.24638881	-0.47678453	0.3074798	-0.06588828	0.063473694
-0.01676199	0.014870412	-0.018320711	0.013050901	-0.018446403	0.016219642	-0.016759004	0.013299844	-0.015058251	0.005115247	-0.03870169	0.04492403	-0.031789627	0.031322107	-0.0056831124	0.063852265	-0.072466925	0.09590729	-0.07848549	0.06864666	-0.07584123	0.10669477	-0.10522188	0.07798468	-0.06704382	0.14539623	-0.18902045	0.22714292	-0.0900189	0.07494718	-0.15914752	0.2307973	-0.4506645	0.12644568	-0.107716255	0.18440306	-0.5301943	0.99999785	-0.112470396	0.10095594	-0.17721932	0.29678836	-0.59601474	0.07369905	-0.069890864
0.012263731	-0.0111518325	0.014475603	-0.010351726	0.014724886	-0.011764213	0.012567421	-0.010678354	0.012160162	-0.0044320477	0.02708664	-0.031389777	0.026594812	-0.025997642	0.004902618	-0.042802207	0.049962655	-0.06925411	0.084091894	-0.076625206	0.049205273	-0.07000141	0.075577386	-0.090622455	0.08598613	-0.06464127	0.084142126	-0.12891835	0.15619831	-0.14092757	0.06485459	-0.087389536	0.1459118	-0.4649495	0.26247367	-0.054671828	0.09197427	-0.112470396	0.9999979	-0.57867223	0.050695643	-0.08290489	0.09493041	-0.529834	0.30362785
-0.0142356	0.012996007	-0.017182902	0.012271673	-0.017535899	0.01358092	-0.014674989	0.01267362	-0.014487054	0.005317477	-0.030954132	0.03553152	-0.03202385	0.031008154	-0.0058848374	0.04801468	-0.056959514	0.07781886	-0.10841233	0.09310686	-0.05590048	0.07751445	-0.08681899	0.11066369	-0.11080619	0.06780244	-0.091652185	0.13163246	-0.21426623	0.17257662	-0.069887444	0.08821853	-0.14909014	0.28226927	-0.39308813	0.05648204	-0.09577688	0.10095594	-0.57867223	0.999998	-0.053672157	0.0833801	-0.098550685	0.31017148	-0.5414919
0.012017528	-0.010658948	0.013072277	-0.00929728	0.013185638	-0.011648778	0.012009276	-0.009393634	0.01063402	-0.003592859	0.027776014	-0.032377347	0.022018477	-0.021762723	0.0039970414	-0.04631197	0.050856847	-0.06640853	0.05182342	-0.045377478	0.055315502	-0.07549026	0.06995711	-0.05045142	0.042512856	-0.13767211	0.12905785	-0.14475985	0.052408174	-0.043694492	0.14871705	-0.14973861	0.14614262	-0.06222259	0.05600816	-0.8249605	0.24638881	-0.17721932	0.050695643	-0.053672157	0.99999774	-0.4235153	0.20804916	-0.037045006	0.03652566
-0.016534079	0.014696196	-0.018349914	0.0130143	-0.018609755	0.015929405	-0.0166008	0.013076457	-0.014859409	0.0050718025	-0.03755656	0.043296717	-0.030631982	0.030056775	-0.005647169	0.06134124	-0.0695481	0.08931453	-0.07535536	0.064461105	-0.07433995	0.100759014	-0.097164705	0.0719992	-0.062059447	0.14651477	-0.18704146	0.19315767	-0.08027373	0.065815516	-0.16907978	0.2029892	-0.24707076	0.09771849	-0.089504346	0.27403945	-0.47678453	0.29678836	-0.08290489	0.0833801	-0.4235153	0.9999977	-0.6208964	0.060996596	-0.060536064
0.018202275	-0.016282715	0.02019688	-0.014375031	0.02043588	-0.017627556	0.018328287	-0.014530077	0.016452119	-0.005607465	0.04149079	-0.04864262	0.034035183	-0.03374183	0.006235739	-0.06829586	0.07636917	-0.103615165	0.08126112	-0.07264511	0.07909982	-0.11334152	0.10866517	-0.08086784	0.06801894	-0.14612404	0.16971858	-0.23914398	0.08598447	-0.07295851	0.14710194	-0.1989369	0.2499747	-0.11111981	0.095290944	-0.23351231	0.3074798	-0.59601474	0.09493041	-0.098550685	0.20804916	-0.6208964	0.99999774	-0.07504538	0.068700716
-0.008878296	0.008089205	-0.010598147	0.007568224	-0.010806897	0.00849253	-0.009126679	0.0077904467	-0.00889012	0.0032427444	-0.019432507	0.022415103	-0.019443626	0.018917562	-0.003589731	0.030432288	-0.03574771	0.049033552	-0.06301189	0.05534519	-0.03525835	0.049400475	-0.054005716	0.065161355	-0.0632656	0.045139715	-0.059853055	0.08735923	-0.11805905	0.09697304	-0.046148714	0.059436496	-0.09972721	0.19652897	-0.18912016	0.039404172	-0.06588828	0.07369905	-0.529834	0.31017148	-0.037045006	0.060996596	-0.07504538	0.9999976	-0.75026584
0.009201084	-0.008406556	0.011024124	-0.007867249	0.011268393	-0.008808314	0.009480325	-0.00805377	0.009187525	-0.0033598263	0.020065257	-0.023249665	0.019824946	-0.019366752	0.00372061	-0.03149166	0.036748033	-0.050819397	0.06256531	-0.056532703	0.036161568	-0.0511789	0.05506522	-0.06553633	0.062216505	-0.045910653	0.059905123	-0.091159746	0.10963219	-0.096711226	0.046068326	-0.059620846	0.095663615	-0.19784877	0.17556982	-0.03926388	0.063473694	-0.069890864	0.30362785	-0.5414919	0.03652566	-0.060536064	0.068700716	-0.75026584	0.9999976
