1.0000001	-0.63470626	0.27123687	-0.27930647	0.06428149	-0.3826944	0.2912539	-0.2912328	0.21219783	-0.06252906	0.23916923	-0.26284328	0.2053179	-0.20308083	0.16394839	-0.14648154	0.17514868	-0.1777623	0.16870317	-0.21073982	0.16404805	-0.17917578	0.16975407	-0.14797935	0.06795549	-0.12752436	0.16832797	-0.14647011	0.13805969	-0.061156016	0.1129931	-0.124349676	0.115817115	-0.12468415	0.15759833	-0.1625023	0.10674088	-0.11370428	0.094757654	-0.099855624	0.09674059	-0.08947921	0.13403217	-0.07580345	0.07814444
-0.63470626	1.0000002	-0.43799698	0.23268612	-0.055060215	0.27716985	-0.4698951	0.23311365	-0.19364206	0.051779754	-0.20797063	0.2026284	-0.17285734	0.1543161	-0.1282054	0.113461874	-0.13818705	0.1337681	-0.12955685	0.14584167	-0.13263817	0.13004872	-0.1304563	0.10831879	-0.048150126	0.08983194	-0.12509727	0.10358913	-0.1008289	0.042964112	-0.08097339	0.084780194	-0.082030244	0.08731306	-0.11061211	0.106062196	-0.07369066	0.07830902	-0.06593715	0.06874515	-0.06549577	0.0603686	-0.09179816	0.052009862	-0.053925954
0.27123687	-0.43799698	1.0000005	-0.6155893	0.07612006	-0.18729754	0.19817197	-0.46985617	0.28323856	-0.07364262	0.16879395	-0.20309651	0.21612418	-0.20674342	0.15075542	-0.09993082	0.13875608	-0.15037943	0.1436039	-0.17092358	0.11771852	-0.13132441	0.13765274	-0.11723069	0.049205482	-0.084813476	0.12294558	-0.103987984	0.102249704	-0.044143464	0.07653478	-0.081526734	0.08103036	-0.087434046	0.10742005	-0.10092268	0.07097383	-0.076570675	0.06444723	-0.06713926	0.062547624	-0.057830233	0.08788266	-0.050450485	0.052203152
-0.27930647	0.23268612	-0.6155893	1.0000006	-0.121357165	0.1550382	-0.169729	0.28929347	-0.5803224	0.10851803	-0.17067803	0.18408725	-0.21171845	0.22868617	-0.1779491	0.09944085	-0.1389243	0.14743629	-0.15527579	0.1735705	-0.12133262	0.13010818	-0.14408658	0.12064669	-0.051070776	0.08545527	-0.12721153	0.1057274	-0.10675612	0.045458753	-0.07815901	0.08213875	-0.08339551	0.08932534	-0.11151055	0.100478366	-0.07219028	0.07785737	-0.0660872	0.06854581	-0.063451156	0.058503255	-0.089838624	0.051474676	-0.053484194
0.06428149	-0.055060215	0.07612006	-0.121357165	1.0000006	-0.044717215	0.04350435	-0.09384257	0.14040264	-0.9727694	0.05157784	-0.061902203	0.06498672	-0.084985994	0.061567098	-0.03168457	0.045394335	-0.05045801	0.05194681	-0.06922404	0.038195238	-0.044450663	0.047544453	-0.042192847	0.01793862	-0.028859	0.04224342	-0.036551278	0.036167957	-0.016155938	0.026196454	-0.028316425	0.028491491	-0.030979866	0.037938084	-0.035130795	0.024727834	-0.02690952	0.022683458	-0.023679107	0.021822948	-0.020193048	0.030744888	-0.017739484	0.018346688
-0.3826944	0.27716985	-0.18729754	0.1550382	-0.044717215	1.0000002	-0.71812266	0.18668303	-0.15144984	0.042064063	-0.40621516	0.23494682	-0.16615407	0.14019114	-0.12048314	0.16515	-0.15737669	0.13877891	-0.1310602	0.13960329	-0.18244173	0.14418577	-0.13708621	0.11148621	-0.04966764	0.10428996	-0.13737543	0.11074498	-0.10636523	0.044259038	-0.09265035	0.09284015	-0.08759159	0.0924309	-0.11676106	0.11453897	-0.08011798	0.08383299	-0.070256524	0.0730848	-0.070584655	0.06502111	-0.09833504	0.055456277	-0.057469383
0.2912539	-0.4698951	0.19817197	-0.169729	0.04350435	-0.71812266	1.0000004	-0.21214338	0.150364	-0.041372318	0.23978437	-0.29433763	0.16963415	-0.14120501	0.115398094	-0.1311335	0.15047166	-0.13620557	0.12401357	-0.13572164	0.13831912	-0.13762593	0.12794633	-0.105626576	0.045729004	-0.09181648	0.12444804	-0.10233813	0.09760246	-0.040916666	0.08074778	-0.08426783	0.07987697	-0.085144825	0.10557635	-0.10483549	0.072365835	-0.07660863	0.06395762	-0.06670455	0.06385224	-0.059039056	0.08876226	-0.0504589	0.05212973
-0.2912328	0.23311365	-0.46985617	0.28929347	-0.09384257	0.18668303	-0.21214338	1.0000002	-0.42611158	0.08638099	-0.22925712	0.2667721	-0.5235598	0.27311334	-0.21437109	0.13249432	-0.20347138	0.21896681	-0.21104106	0.21067001	-0.16208364	0.17708094	-0.20522521	0.1615572	-0.06516882	0.1111447	-0.1704822	0.13872074	-0.1407893	0.057906583	-0.101673804	0.105713055	-0.10849001	0.11597803	-0.14258327	0.12747283	-0.092962496	0.100267306	-0.08508837	0.08788472	-0.080967955	0.074685976	-0.1147114	0.06591383	-0.068494596
0.21219783	-0.19364206	0.28323856	-0.5803224	0.14040264	-0.15144984	0.150364	-0.42611158	1.0000004	-0.16323851	0.17234078	-0.22211921	0.25697878	-0.46861795	0.22554407	-0.10597128	0.15850112	-0.1835955	0.18862966	-0.24769162	0.12642394	-0.15160173	0.16481575	-0.14945221	0.059691746	-0.0945077	0.1404594	-0.12168567	0.121173665	-0.05386114	0.08543143	-0.09211843	0.09368785	-0.10262192	0.12266441	-0.1129759	0.08031832	-0.08784381	0.073929526	-0.07702068	0.070240326	-0.06512868	0.09890551	-0.057491004	0.059370756
-0.06252906	0.051779754	-0.07364262	0.10851803	-0.9727694	0.042064063	-0.041372318	0.08638099	-0.16323851	1.0000002	-0.049394682	0.057843417	-0.062378563	0.08080981	-0.06054823	0.030090911	-0.043096155	0.047545247	-0.049805436	0.06411703	-0.036508165	0.041834306	-0.04538027	0.039821483	-0.016945526	0.02723592	-0.04016599	0.034458097	-0.03436256	0.015212031	-0.02480654	0.026652707	-0.026961355	0.029215934	-0.035988774	0.032930452	-0.023337634	0.02536555	-0.021437658	0.022340605	-0.020576753	0.019020192	-0.029053846	0.016740406	-0.017338788
0.23916923	-0.20797063	0.16879395	-0.17067803	0.05157784	-0.40621516	0.23978437	-0.22925712	0.17234078	-0.049394682	1.0000005	-0.39251292	0.21292967	-0.18992545	0.15823618	-0.50516826	0.2320719	-0.20622437	0.1814155	-0.20338424	0.29735914	-0.2366942	0.19313762	-0.16412373	0.07333515	-0.18502262	0.20417832	-0.17258961	0.15645674	-0.06595984	0.14981359	-0.15473753	0.13404399	-0.1430009	0.17540774	-0.1951343	0.12854625	-0.13312595	0.10896471	-0.11449176	0.113538906	-0.10552333	0.15407796	-0.08714185	0.08934239
-0.26284328	0.2026284	-0.20309651	0.18408725	-0.061902203	0.23494682	-0.29433763	0.2667721	-0.22211921	0.057843417	-0.39251292	1.0000004	-0.4804508	0.2378472	-0.20397227	0.20199856	-0.46217778	0.27604705	-0.2389864	0.21274479	-0.23451836	0.26165092	-0.25527748	0.19001475	-0.07497778	0.14559151	-0.23543286	0.17421114	-0.17185065	0.066525795	-0.13125576	0.13227238	-0.13374811	0.14074922	-0.16991608	0.15559201	-0.11528093	0.12268821	-0.10336001	0.10611982	-0.09864275	0.09109631	-0.13880828	0.079723075	-0.08273428
0.2053179	-0.17285734	0.21612418	-0.21171845	0.06498672	-0.16615407	0.16963415	-0.5235598	0.25697878	-0.062378563	0.21292967	-0.4804508	1.0000006	-0.4346422	0.22284481	-0.13299645	0.24397172	-0.3701895	0.23359314	-0.23991638	0.15313934	-0.20396043	0.22243673	-0.18325624	0.06529295	-0.10996794	0.17133264	-0.14357784	0.14217193	-0.058697782	0.09855824	-0.10468175	0.10770478	-0.11782001	0.13618608	-0.12507012	0.090949744	-0.099473	0.083430104	-0.08630133	0.07819763	-0.07263254	0.11000019	-0.064292505	0.06634148
-0.20308083	0.1543161	-0.20674342	0.22868617	-0.084985994	0.14019114	-0.14120501	0.27311334	-0.46861795	0.08080981	-0.18992545	0.2378472	-0.4346422	1.0000005	-0.5271974	0.11570236	-0.18998685	0.22409895	-0.30880642	0.29808238	-0.14127712	0.17011459	-0.20897001	0.18684658	-0.0698505	0.1029366	-0.16203375	0.13754283	-0.14538468	0.061988957	-0.09410264	0.10001324	-0.10626736	0.11622239	-0.1379805	0.11964584	-0.08814464	0.097028494	-0.08250496	0.08518988	-0.07607969	0.07048352	-0.10810173	0.06325038	-0.06557268
0.16394839	-0.1282054	0.15075542	-0.1779491	0.061567098	-0.12048314	0.115398094	-0.21437109	0.22554407	-0.06054823	0.15823618	-0.20397227	0.22284481	-0.5271974	1.0000005	-0.10023843	0.15622438	-0.18988758	0.22894107	-0.713463	0.121244565	-0.15255132	0.17451398	-0.17048049	0.07961025	-0.094116986	0.14328314	-0.12747982	0.13063538	-0.07250646	0.085614145	-0.093558274	0.09817536	-0.10906727	0.13102661	-0.11364825	0.08208739	-0.0914176	0.07742194	-0.081151344	0.07129031	-0.066280805	0.10102402	-0.059769407	0.061683547
-0.14648154	0.113461874	-0.09993082	0.09944085	-0.03168457	0.16515	-0.1311335	0.13249432	-0.10597128	0.030090911	-0.50516826	0.20199856	-0.13299645	0.11570236	-0.10023843	1.0000002	-0.21891701	0.14581761	-0.12527284	0.12467667	-0.75393236	0.18063642	-0.14029461	0.11166651	-0.04855797	0.16289967	-0.15753847	0.11989333	-0.10873538	0.043434177	-0.13711655	0.10964338	-0.092945114	0.09662654	-0.11772514	0.12768692	-0.091942415	0.09047664	-0.074057676	0.0766386	-0.07757503	0.07139195	-0.10494313	0.05856761	-0.06034291
0.17514868	-0.13818705	0.13875608	-0.1389243	0.045394335	-0.15737669	0.15047166	-0.20347138	0.15850112	-0.043096155	0.2320719	-0.46217778	0.24397172	-0.18998685	0.15622438	-0.21891701	1.0000001	-0.48412028	0.2335585	-0.19170314	0.20365666	-0.5649289	0.2731324	-0.2055736	0.06785626	-0.14243609	0.24518606	-0.18518312	0.16404541	-0.061120305	0.12169405	-0.12856719	0.1276383	-0.13762853	0.15026022	-0.14604934	0.10834857	-0.117580704	0.096292906	-0.099059604	0.09015722	-0.084345385	0.12509568	-0.07375009	0.075583935
-0.1777623	0.1337681	-0.15037943	0.14743629	-0.05045801	0.13877891	-0.13620557	0.21896681	-0.1835955	0.047545247	-0.20622437	0.27604705	-0.3701895	0.22409895	-0.18988758	0.14581761	-0.48412028	1.0	-0.46591806	0.21635662	-0.16990617	0.27579224	-0.49602237	0.2777991	-0.0746254	0.123798504	-0.21606822	0.17925708	-0.18586181	0.06665495	-0.11099904	0.11815718	-0.1288972	0.14330363	-0.1519656	0.13627602	-0.102907635	0.11466314	-0.096030645	0.09802609	-0.086068034	0.08034709	-0.12138727	0.07239459	-0.07451569
0.16870317	-0.12955685	0.1436039	-0.15527579	0.05194681	-0.1310602	0.12401357	-0.21104106	0.18862966	-0.049805436	0.1814155	-0.2389864	0.23359314	-0.30880642	0.22894107	-0.12527284	0.2335585	-0.46591806	0.9999998	-0.3502621	0.14743759	-0.23596223	0.31462613	-0.5885445	0.09175542	-0.122745454	0.19642352	-0.20155345	0.22082818	-0.08379894	0.1096734	-0.12380188	0.14127803	-0.17412014	0.16253854	-0.14492923	0.10787581	-0.12609749	0.1052303	-0.10815926	0.09023567	-0.084993206	0.12738758	-0.07859132	0.0800926
-0.21073982	0.14584167	-0.17092358	0.1735705	-0.06922404	0.13960329	-0.13572164	0.21067001	-0.24769162	0.06411703	-0.20338424	0.21274479	-0.23991638	0.29808238	-0.713463	0.12467667	-0.19170314	0.21635662	-0.3502621	0.99999976	-0.15759337	0.18157174	-0.23201962	0.20746033	-0.11748974	0.11763307	-0.18749267	0.15886688	-0.17468369	0.096929595	-0.10961317	0.11680649	-0.12734139	0.13775282	-0.17875658	0.13949645	-0.10458411	0.11590899	-0.100489646	0.104535095	-0.090744846	0.08382626	-0.13072206	0.07682416	-0.08019609
0.16404805	-0.13263817	0.11771852	-0.12133262	0.038195238	-0.18244173	0.13831912	-0.16208364	0.12642394	-0.036508165	0.29735914	-0.23451836	0.15313934	-0.14127712	0.121244565	-0.75393236	0.20365666	-0.16990617	0.14743759	-0.15759337	1.0	-0.23629102	0.16413333	-0.13705334	0.061627537	-0.2698607	0.1934869	-0.15473971	0.13554135	-0.05536751	0.17885154	-0.1505997	0.11931085	-0.12487895	0.15150122	-0.17719494	0.12179793	-0.11946239	0.09645982	-0.1006036	0.103353485	-0.09579454	0.13773812	-0.07700574	0.078874715
-0.17917578	0.13004872	-0.13132441	0.13010818	-0.044450663	0.14418577	-0.13762593	0.17708094	-0.15160173	0.041834306	-0.2366942	0.26165092	-0.20396043	0.17011459	-0.15255132	0.18063642	-0.5649289	0.27579224	-0.23596223	0.18157174	-0.23629102	1.0000001	-0.38692328	0.21810648	-0.07611396	0.17341723	-0.50552064	0.23273467	-0.20464271	0.067764066	-0.1528675	0.15389545	-0.15892115	0.16145387	-0.17682317	0.16399986	-0.13139364	0.1387753	-0.114390016	0.11520342	-0.10499218	0.097853266	-0.14651631	0.08593068	-0.08866087
0.16975407	-0.1304563	0.13765274	-0.14408658	0.047544453	-0.13708621	0.12794633	-0.20522521	0.16481575	-0.04538027	0.19313762	-0.25527748	0.22243673	-0.20897001	0.17451398	-0.14029461	0.2731324	-0.49602237	0.31462613	-0.23201962	0.16413333	-0.38692328	1.0000005	-0.5518736	0.091324225	-0.14203547	0.24045645	-0.25536364	0.23733355	-0.084087424	0.12470439	-0.14157635	0.16080226	-0.1921888	0.17545326	-0.16251981	0.12181394	-0.14248931	0.11688058	-0.11969505	0.10046313	-0.09497502	0.14089037	-0.087150484	0.08849361
-0.14797935	0.10831879	-0.11723069	0.12064669	-0.042192847	0.11148621	-0.105626576	0.1615572	-0.14945221	0.039821483	-0.16412373	0.19001475	-0.18325624	0.18684658	-0.17048049	0.11166651	-0.2055736	0.2777991	-0.5885445	0.20746033	-0.13705334	0.21810648	-0.5518736	1.0000004	-0.10909075	0.11738243	-0.20599939	0.22021604	-0.38528037	0.09209706	-0.10693566	0.121130705	-0.15854035	0.19586717	-0.1693993	0.1380334	-0.108220056	0.1302203	-0.11168159	0.11103127	-0.08819416	0.08328119	-0.12636608	0.07973852	-0.08170212
0.06795549	-0.048150126	0.049205482	-0.051070776	0.01793862	-0.04966764	0.045729004	-0.06516882	0.059691746	-0.016945526	0.07333515	-0.07497778	0.06529295	-0.0698505	0.07961025	-0.04855797	0.06785626	-0.0746254	0.09175542	-0.11748974	0.061627537	-0.07611396	0.091324225	-0.10909075	1.0000006	-0.06220702	0.08446038	-0.08904002	0.090475716	-0.938034	0.05821903	-0.07595488	0.07951225	-0.09607191	0.19495115	-0.096147396	0.067512274	-0.08872873	0.07846	-0.10597085	0.057774764	-0.05609781	0.0829948	-0.06241429	0.06188521
-0.12752436	0.08983194	-0.084813476	0.08545527	-0.028859	0.10428996	-0.09181648	0.1111447	-0.0945077	0.02723592	-0.18502262	0.14559151	-0.10996794	0.1029366	-0.094116986	0.16289967	-0.14243609	0.123798504	-0.122745454	0.11763307	-0.2698607	0.17341723	-0.14203547	0.11738243	-0.06220702	1.0000006	-0.3142071	0.17425986	-0.14617293	0.05507289	-0.7855436	0.23730414	-0.14535496	0.13503985	-0.17172804	0.21047136	-0.19918105	0.14565234	-0.11580217	0.11470594	-0.14186312	0.12458587	-0.1798337	0.09140974	-0.09528196
0.16832797	-0.12509727	0.12294558	-0.12721153	0.04224342	-0.13737543	0.12444804	-0.1704822	0.1404594	-0.04016599	0.20417832	-0.23543286	0.17133264	-0.16203375	0.14328314	-0.15753847	0.24518606	-0.21606822	0.19642352	-0.18749267	0.1934869	-0.50552064	0.24045645	-0.20599939	0.08446038	-0.3142071	1.0000006	-0.5044779	0.24872586	-0.0764088	0.21848409	-0.2571543	0.22223099	-0.22103752	0.21365418	-0.23100641	0.18906975	-0.20189795	0.15285867	-0.15506175	0.1406994	-0.13474531	0.18961765	-0.114672616	0.115594216
-0.14647011	0.10358913	-0.103987984	0.1057274	-0.036551278	0.11074498	-0.10233813	0.13872074	-0.12168567	0.034458097	-0.17258961	0.17421114	-0.14357784	0.13754283	-0.12747982	0.11989333	-0.18518312	0.17925708	-0.20155345	0.15886688	-0.15473971	0.23273467	-0.25536364	0.22021604	-0.08904002	0.17425986	-0.5044779	1.0000006	-0.5249774	0.079359606	-0.16382764	0.1871396	-0.43580362	0.2954692	-0.2393322	0.19082722	-0.17805173	0.2277573	-0.18368345	0.16629174	-0.12948407	0.12338492	-0.1896128	0.120483324	-0.12456584
0.13805969	-0.1008289	0.102249704	-0.10675612	0.036167957	-0.10636523	0.09760246	-0.1407893	0.121173665	-0.03436256	0.15645674	-0.17185065	0.14217193	-0.14538468	0.13063538	-0.10873538	0.16404541	-0.18586181	0.22082818	-0.17468369	0.13554135	-0.20464271	0.23733355	-0.38528037	0.090475716	-0.14617293	0.24872586	-0.5249774	1.0000006	-0.08373207	0.13256174	-0.16854618	0.2821635	-0.5575328	0.22132942	-0.1839448	0.15269381	-0.21597189	0.18168737	-0.17360282	0.116762996	-0.11361026	0.16873787	-0.119505785	0.1184675
-0.061156016	0.042964112	-0.044143464	0.045458753	-0.016155938	0.044259038	-0.040916666	0.057906583	-0.05386114	0.015212031	-0.06595984	0.066525795	-0.058697782	0.061988957	-0.07250646	0.043434177	-0.061120305	0.06665495	-0.08379894	0.096929595	-0.05536751	0.067764066	-0.084087424	0.09209706	-0.938034	0.05507289	-0.0764088	0.079359606	-0.08373207	1.0000007	-0.051862307	0.06699036	-0.07264682	0.08679707	-0.25026324	0.08381118	-0.060399882	0.07925811	-0.07363591	0.09808349	-0.051307894	0.049747467	-0.07473568	0.05667271	-0.05764702
0.1129931	-0.08097339	0.07653478	-0.07815901	0.026196454	-0.09265035	0.08074778	-0.101673804	0.08543143	-0.02480654	0.14981359	-0.13125576	0.09855824	-0.09410264	0.085614145	-0.13711655	0.12169405	-0.11099904	0.1096734	-0.10961317	0.17885154	-0.1528675	0.12470439	-0.10693566	0.05821903	-0.7855436	0.21848409	-0.16382764	0.13256174	-0.051862307	1.0000007	-0.37461108	0.13828334	-0.1314784	0.16230139	-0.2743773	0.21308836	-0.15361752	0.11494827	-0.115470506	0.14791049	-0.13509035	0.17561051	-0.09144635	0.09344024
-0.124349676	0.084780194	-0.081526734	0.08213875	-0.028316425	0.09284015	-0.08426783	0.105713055	-0.09211843	0.026652707	-0.15473753	0.13227238	-0.10468175	0.10001324	-0.093558274	0.10964338	-0.12856719	0.11815718	-0.12380188	0.11680649	-0.1505997	0.15389545	-0.14157635	0.121130705	-0.07595488	0.23730414	-0.2571543	0.1871396	-0.16854618	0.06699036	-0.37461108	1.0000008	-0.21630402	0.17424199	-0.22933216	0.25672922	-0.70384395	0.2449207	-0.18068345	0.1616457	-0.21732488	0.20694697	-0.26051548	0.1299113	-0.1356679
0.115817115	-0.082030244	0.08103036	-0.08339551	0.028491491	-0.08759159	0.07987697	-0.10849001	0.09368785	-0.026961355	0.13404399	-0.13374811	0.10770478	-0.10626736	0.09817536	-0.092945114	0.1276383	-0.1288972	0.14127803	-0.12734139	0.11931085	-0.15892115	0.16080226	-0.15854035	0.07951225	-0.14535496	0.22223099	-0.43580362	0.2821635	-0.07264682	0.13828334	-0.21630402	1.0000011	-0.5572792	0.23791467	-0.19893628	0.20794442	-0.5223503	0.24831	-0.2196259	0.13148281	-0.13469684	0.1931803	-0.14690036	0.1424396
-0.12468415	0.08731306	-0.087434046	0.08932534	-0.030979866	0.0924309	-0.085144825	0.11597803	-0.10262192	0.029215934	-0.1430009	0.14074922	-0.11782001	0.11622239	-0.10906727	0.09662654	-0.13762853	0.14330363	-0.17412014	0.13775282	-0.12487895	0.16145387	-0.1921888	0.19586717	-0.09607191	0.13503985	-0.22103752	0.2954692	-0.5575328	0.08679707	-0.1314784	0.17424199	-0.5572792	1.0000012	-0.31430858	0.18474607	-0.1782677	0.27187318	-0.3070314	0.21744472	-0.12721112	0.12430686	-0.19643193	0.14719683	-0.15247725
0.15759833	-0.11061211	0.10742005	-0.11151055	0.037938084	-0.11676106	0.10557635	-0.14258327	0.12266441	-0.035988774	0.17540774	-0.16991608	0.13618608	-0.1379805	0.13102661	-0.11772514	0.15026022	-0.1519656	0.16253854	-0.17875658	0.15150122	-0.17682317	0.17545326	-0.1693993	0.19495115	-0.17172804	0.21365418	-0.2393322	0.22132942	-0.25026324	0.16230139	-0.22933216	0.23791467	-0.31430858	1.000001	-0.29075107	0.20458268	-0.29662967	0.2717709	-0.47882724	0.17158034	-0.17068385	0.24773774	-0.21592589	0.20891435
-0.1625023	0.106062196	-0.10092268	0.100478366	-0.035130795	0.11453897	-0.10483549	0.12747283	-0.1129759	0.032930452	-0.1951343	0.15559201	-0.12507012	0.11964584	-0.11364825	0.12768692	-0.14604934	0.13627602	-0.14492923	0.13949645	-0.17719494	0.16399986	-0.16251981	0.1380334	-0.096147396	0.21047136	-0.23100641	0.19082722	-0.1839448	0.08381118	-0.2743773	0.25672922	-0.19893628	0.18474607	-0.29075107	1.0000013	-0.32087824	0.21908374	-0.18745905	0.18740678	-0.54362476	0.30407745	-0.45624557	0.17473362	-0.18710719
0.10674088	-0.07369066	0.07097383	-0.07219028	0.024727834	-0.08011798	0.072365835	-0.092962496	0.08031832	-0.023337634	0.12854625	-0.11528093	0.090949744	-0.08814464	0.08208739	-0.091942415	0.10834857	-0.102907635	0.10787581	-0.10458411	0.12179793	-0.13139364	0.12181394	-0.108220056	0.067512274	-0.19918105	0.18906975	-0.17805173	0.15269381	-0.060399882	0.21308836	-0.70384395	0.20794442	-0.1782677	0.20458268	-0.32087824	1.0000012	-0.39399287	0.19015342	-0.17618917	0.22120492	-0.29676458	0.24595605	-0.13509789	0.13265802
-0.11370428	0.07830902	-0.076570675	0.07785737	-0.02690952	0.08383299	-0.07660863	0.100267306	-0.08784381	0.02536555	-0.13312595	0.12268821	-0.099473	0.097028494	-0.0914176	0.09047664	-0.117580704	0.11466314	-0.12609749	0.11590899	-0.11946239	0.1387753	-0.14248931	0.1302203	-0.08872873	0.14565234	-0.20189795	0.2277573	-0.21597189	0.07925811	-0.15361752	0.2449207	-0.5223503	0.27187318	-0.29662967	0.21908374	-0.39399287	1.0000012	-0.4974621	0.26309007	-0.16466634	0.16963468	-0.2670834	0.18527284	-0.19167379
0.094757654	-0.06593715	0.06444723	-0.0660872	0.022683458	-0.070256524	0.06395762	-0.08508837	0.073929526	-0.021437658	0.10896471	-0.10336001	0.083430104	-0.08250496	0.07742194	-0.074057676	0.096292906	-0.096030645	0.1052303	-0.100489646	0.09645982	-0.114390016	0.11688058	-0.11168159	0.07846	-0.11580217	0.15285867	-0.18368345	0.18168737	-0.07363591	0.11494827	-0.18068345	0.24831	-0.3070314	0.2717709	-0.18745905	0.19015342	-0.4974621	1.0000012	-0.62710404	0.12606882	-0.1340276	0.20757411	-0.3155583	0.24991813
-0.099855624	0.06874515	-0.06713926	0.06854581	-0.023679107	0.0730848	-0.06670455	0.08788472	-0.07702068	0.022340605	-0.11449176	0.10611982	-0.08630133	0.08518988	-0.081151344	0.0766386	-0.099059604	0.09802609	-0.10815926	0.104535095	-0.1006036	0.11520342	-0.11969505	0.11103127	-0.10597085	0.11470594	-0.15506175	0.16629174	-0.17360282	0.09808349	-0.115470506	0.1616457	-0.2196259	0.21744472	-0.47882724	0.18740678	-0.17618917	0.26309007	-0.62710404	1.0000012	-0.13140623	0.13333099	-0.22788048	0.26446983	-0.3929753
0.09674059	-0.06549577	0.062547624	-0.063451156	0.021822948	-0.070584655	0.06385224	-0.080967955	0.070240326	-0.020576753	0.113538906	-0.09864275	0.07819763	-0.07607969	0.07129031	-0.07757503	0.09015722	-0.086068034	0.09023567	-0.090744846	0.103353485	-0.10499218	0.10046313	-0.08819416	0.057774764	-0.14186312	0.1406994	-0.12948407	0.116762996	-0.051307894	0.14791049	-0.21732488	0.13148281	-0.12721112	0.17158034	-0.54362476	0.22120492	-0.16466634	0.12606882	-0.13140623	1.0000008	-0.7060731	0.29681006	-0.12609297	0.11981061
-0.08947921	0.0603686	-0.057830233	0.058503255	-0.020193048	0.06502111	-0.059039056	0.074685976	-0.06512868	0.019020192	-0.10552333	0.09109631	-0.07263254	0.07048352	-0.066280805	0.07139195	-0.084345385	0.08034709	-0.084993206	0.08382626	-0.09579454	0.097853266	-0.09497502	0.08328119	-0.05609781	0.12458587	-0.13474531	0.12338492	-0.11361026	0.049747467	-0.13509035	0.20694697	-0.13469684	0.12430686	-0.17068385	0.30407745	-0.29676458	0.16963468	-0.1340276	0.13333099	-0.7060731	1.0000008	-0.5147158	0.14297307	-0.13975152
0.13403217	-0.09179816	0.08788266	-0.089838624	0.030744888	-0.09833504	0.08876226	-0.1147114	0.09890551	-0.029053846	0.15407796	-0.13880828	0.11000019	-0.10810173	0.10102402	-0.10494313	0.12509568	-0.12138727	0.12738758	-0.13072206	0.13773812	-0.14651631	0.14089037	-0.12636608	0.0829948	-0.1798337	0.18961765	-0.1896128	0.16873787	-0.07473568	0.17561051	-0.26051548	0.1931803	-0.19643193	0.24773774	-0.45624557	0.24595605	-0.2670834	0.20757411	-0.22788048	0.29681006	-0.5147158	1.0000012	-0.33154672	0.22888218
-0.07580345	0.052009862	-0.050450485	0.051474676	-0.017739484	0.055456277	-0.0504589	0.06591383	-0.057491004	0.016740406	-0.08714185	0.079723075	-0.064292505	0.06325038	-0.059769407	0.05856761	-0.07375009	0.07239459	-0.07859132	0.07682416	-0.07700574	0.08593068	-0.087150484	0.07973852	-0.06241429	0.09140974	-0.114672616	0.120483324	-0.119505785	0.05667271	-0.09144635	0.1299113	-0.14690036	0.14719683	-0.21592589	0.17473362	-0.13509789	0.18527284	-0.3155583	0.26446983	-0.12609297	0.14297307	-0.33154672	1.0000013	-0.81170213
0.07814444	-0.053925954	0.052203152	-0.053484194	0.018346688	-0.057469383	0.05212973	-0.068494596	0.059370756	-0.017338788	0.08934239	-0.08273428	0.06634148	-0.06557268	0.061683547	-0.06034291	0.075583935	-0.07451569	0.0800926	-0.08019609	0.078874715	-0.08866087	0.08849361	-0.08170212	0.06188521	-0.09528196	0.115594216	-0.12456584	0.1184675	-0.05764702	0.09344024	-0.1356679	0.1424396	-0.15247725	0.20891435	-0.18710719	0.13265802	-0.19167379	0.24991813	-0.3929753	0.11981061	-0.13975152	0.22888218	-0.81170213	1.0000013
