1.0	-0.6754389	0.21809621	-0.17867398	0.1518679	-0.56346124	0.31413993	-0.24039678	0.17314367	-0.105199724	0.17662948	-0.14050962	0.130339	-0.12963706	0.10554664	-0.12320092	0.121331014	-0.10947905	0.10983882	-0.10098514	0.10617759	-0.14560594	0.10880251	-0.09601665	0.098355785	-0.05544755	0.06386281	-0.08959418	0.094239235	-0.08390324	0.047809966	-0.06494915	0.088635534	-0.09580843	0.062000435	-0.03741547	0.047598608	-0.048579413	0.058130253	-0.053297758	0.03731659	-0.043054994	0.049689226	-0.047219902	0.06593449
-0.6754389	0.99999994	-0.31719822	0.17869437	-0.14764269	0.31837016	-0.5432344	0.25297293	-0.1888921	0.097768724	-0.14299849	0.12045191	-0.121377565	0.11766313	-0.09842306	0.09200486	-0.10541579	0.09481901	-0.098385714	0.087438256	-0.084776945	0.110611856	-0.09384291	0.08209484	-0.08556372	0.043575138	-0.050712153	0.07358571	-0.07931274	0.06964995	-0.038020093	0.051031224	-0.07318119	0.07816437	-0.05159796	0.030137284	-0.03873345	0.03976001	-0.048013397	0.043914	-0.030228458	0.034894034	-0.040762343	0.03876678	-0.054433703
0.21809621	-0.31719822	1.0	-0.55618	0.20990892	-0.25525984	0.25201625	-0.6114887	0.2976304	-0.1482045	0.14121948	-0.14981622	0.15537383	-0.17326736	0.13678342	-0.09840448	0.1265133	-0.12313935	0.1302919	-0.11787999	0.092775844	-0.12786908	0.1171088	-0.106721036	0.109602295	-0.05102012	0.060179744	-0.091824025	0.09925379	-0.08929831	0.044559427	-0.06075818	0.08989436	-0.09852827	0.064857244	-0.03650256	0.047231402	-0.04913741	0.059738606	-0.05522721	0.036648422	-0.042811316	0.0502093	-0.048196517	0.067345634
-0.17867398	0.17869437	-0.55618	1.0000002	-0.3808529	0.17867756	-0.17875881	0.29175436	-0.6000049	0.20552368	-0.13752423	0.13621357	-0.14934775	0.21860011	-0.1914361	0.0942098	-0.1340029	0.12695272	-0.16084872	0.14077906	-0.0944029	0.1277043	-0.13436696	0.121990025	-0.1322915	0.053322393	-0.06368621	0.10138091	-0.11326739	0.10137452	-0.04704098	0.06388961	-0.10024601	0.10907329	-0.07377123	0.039687973	-0.05202761	0.05462695	-0.067262575	0.06209361	-0.04009437	0.047062483	-0.05596449	0.053920377	-0.07583676
0.1518679	-0.14764269	0.20990892	-0.3808529	1.0000001	-0.17601378	0.14280076	-0.21552236	0.27748728	-0.5656904	0.16779904	-0.16816908	0.16925974	-0.3067782	0.2941239	-0.12302859	0.17017521	-0.1653014	0.20977107	-0.23431565	0.12589842	-0.18080252	0.18275683	-0.1764946	0.19683485	-0.078600235	0.093510054	-0.15417047	0.1675841	-0.16695677	0.069135055	-0.09519169	0.151877	-0.17503642	0.11676623	-0.06163097	0.081098795	-0.08623948	0.10634442	-0.100419685	0.062214695	-0.0744874	0.08792071	-0.08621307	0.11992617
-0.56346124	0.31837016	-0.25525984	0.17867756	-0.17601378	1.0000001	-0.59421986	0.25441423	-0.21262924	0.11549081	-0.28632748	0.159962	-0.15581869	0.14150296	-0.11956478	0.14695133	-0.14170635	0.12261445	-0.123901084	0.10898381	-0.12982032	0.15545335	-0.12224361	0.10483065	-0.10862378	0.060503993	-0.06921874	0.095830955	-0.10257295	0.088668115	-0.05268731	0.06933515	-0.0958523	0.10058016	-0.06627637	0.04010525	-0.05106072	0.051775385	-0.06205383	0.056438994	-0.04011942	0.04576077	-0.053134337	0.05013631	-0.070427395
0.31413993	-0.5432344	0.25201625	-0.17875881	0.14280076	-0.59421986	1.0000002	-0.4428405	0.19333439	-0.09957807	0.15993494	-0.1469204	0.13708849	-0.124067925	0.099343	-0.10411832	0.113546036	-0.10370844	0.10196262	-0.09008037	0.090882465	-0.11991565	0.09711687	-0.08563759	0.08680959	-0.04603839	0.053369157	-0.07630384	0.08139169	-0.071373664	0.03993192	-0.053802993	0.07512269	-0.080543205	0.052634604	-0.031151116	0.03978529	-0.040736906	0.048981007	-0.0448943	0.031137487	-0.03586333	0.041675936	-0.039583538	0.0553507
-0.24039678	0.25297293	-0.6114887	0.29175436	-0.21552236	0.25441423	-0.4428405	1.0000004	-0.4284827	0.14937392	-0.15884593	0.16942973	-0.21884039	0.1840079	-0.14838606	0.104162626	-0.14405091	0.13904397	-0.14487165	0.12236684	-0.10017587	0.1327276	-0.12826176	0.113640755	-0.11666783	0.0530828	-0.06284335	0.0957595	-0.104908764	0.091619976	-0.046587866	0.06292392	-0.09404388	0.10108561	-0.06720852	0.037718248	-0.048884876	0.05074859	-0.061802473	0.056785665	-0.037938066	0.04407511	-0.051953897	0.049649857	-0.069669046
0.17314367	-0.1888921	0.2976304	-0.6000049	0.27748728	-0.21262924	0.19333439	-0.4284827	1.0000002	-0.28140226	0.15366513	-0.16526271	0.17424363	-0.38987982	0.2271785	-0.10959181	0.15509962	-0.15616414	0.20067099	-0.17546268	0.10784921	-0.15167479	0.15667865	-0.1528311	0.15288138	-0.062232826	0.07447269	-0.12011259	0.1323602	-0.12023416	0.054613665	-0.07509734	0.11600989	-0.12931378	0.08578192	-0.046043996	0.060115896	-0.063382536	0.07785643	-0.07256798	0.046350308	-0.05462489	0.064631335	-0.062504224	0.08717943
-0.105199724	0.097768724	-0.1482045	0.20552368	-0.5656904	0.11549081	-0.09957807	0.14937392	-0.28140226	1.0000001	-0.118887626	0.120325975	-0.13117717	0.26314133	-0.66628075	0.084541425	-0.13059749	0.12622422	-0.18695863	0.19584422	-0.088043116	0.12228271	-0.14288482	0.1342283	-0.17674506	0.053227562	-0.06432343	0.1078051	-0.123515666	0.117291786	-0.04717724	0.06458293	-0.106576145	0.11822335	-0.08391154	0.0416528	-0.055330113	0.05908583	-0.074418135	0.06931896	-0.04225195	0.050219588	-0.060537964	0.05909658	-0.083353475
0.17662948	-0.14299849	0.14121948	-0.13752423	0.16779904	-0.28632748	0.15993494	-0.15884593	0.15366513	-0.118887626	1.0	-0.3502062	0.22109328	-0.16522694	0.1285917	-0.61849785	0.23505141	-0.19582564	0.15882055	-0.14146753	0.29450387	-0.37796745	0.17570654	-0.15096568	0.13841219	-0.124627404	0.13394521	-0.15160927	0.14783698	-0.12578852	0.10226863	-0.13717622	0.14554752	-0.15268385	0.09359207	-0.06758237	0.08076978	-0.078402124	0.08957452	-0.08161428	0.06549841	-0.072394945	0.079551905	-0.07337164	0.10033244
-0.14050962	0.12045191	-0.14981622	0.13621357	-0.16816908	0.159962	-0.1469204	0.16942973	-0.16526271	0.120325975	-0.3502062	1.0000001	-0.69789326	0.18450567	-0.13788219	0.18816987	-0.4447429	0.29176253	-0.19038956	0.14349285	-0.17653409	0.22047883	-0.19033079	0.15651721	-0.13793866	0.07920319	-0.093829274	0.1307692	-0.13768482	0.11217392	-0.06936219	0.091802895	-0.12436789	0.12978154	-0.08286877	0.050685167	-0.06396561	0.064858034	-0.0770222	0.07033975	-0.050460856	0.057113387	-0.06609375	0.06196575	-0.08604603
0.130339	-0.121377565	0.15537383	-0.14934775	0.16925974	-0.15581869	0.13708849	-0.21884039	0.17424363	-0.13117717	0.22109328	-0.69789326	1.0000002	-0.23586462	0.14713976	-0.16210942	0.3043651	-0.4693332	0.2096384	-0.16000946	0.14672287	-0.21373151	0.19506031	-0.17585288	0.14230731	-0.075785555	0.091048434	-0.13757524	0.14145692	-0.1184792	0.06569545	-0.0909046	0.12537034	-0.13660584	0.08545478	-0.0502285	0.063772894	-0.065877736	0.078676224	-0.07281936	0.04993281	-0.05754899	0.06674911	-0.06333296	0.08728053
-0.12963706	0.11766313	-0.17326736	0.21860011	-0.3067782	0.14150296	-0.124067925	0.1840079	-0.38987982	0.26314133	-0.16522694	0.18450567	-0.23586462	1.0000001	-0.47900382	0.11678638	-0.21459489	0.21792397	-0.5237618	0.2497766	-0.12276046	0.16938446	-0.23842123	0.22817974	-0.22348323	0.071697466	-0.08848703	0.15270276	-0.18291025	0.15003426	-0.06368733	0.08769734	-0.1455546	0.15796646	-0.10796871	0.0543109	-0.07185238	0.07671402	-0.09572951	0.088668816	-0.05496619	0.06479703	-0.07829679	0.07559025	-0.10611834
0.10554664	-0.09842306	0.13678342	-0.1914361	0.2941239	-0.11956478	0.099343	-0.14838606	0.2271785	-0.66628075	0.1285917	-0.13788219	0.14713976	-0.47900382	0.9999999	-0.09385216	0.14672089	-0.15079953	0.23215033	-0.31065312	0.09734707	-0.13921438	0.1625877	-0.16645107	0.20286773	-0.060128685	0.07283874	-0.12468786	0.1411423	-0.13999294	0.0531033	-0.07344121	0.120126456	-0.13723682	0.09595101	-0.04704254	0.06228106	-0.06697421	0.08425049	-0.079872325	0.047554392	-0.056841064	0.068191305	-0.06701282	0.09342135
-0.12320092	0.09200486	-0.09840448	0.0942098	-0.12302859	0.14695133	-0.10411832	0.104162626	-0.10959181	0.084541425	-0.61849785	0.18816987	-0.16210942	0.11678638	-0.09385216	1.0000001	-0.21696019	0.14737377	-0.12012103	0.1020918	-0.63542753	0.28728208	-0.13883434	0.11194532	-0.103328064	0.11702226	-0.11321468	0.11342901	-0.112230584	0.09124572	-0.10119522	0.10783419	-0.112983085	0.11063395	-0.06935572	0.05587844	-0.065152414	0.060024206	-0.06726091	0.06023891	-0.05434459	0.05648446	-0.06136313	0.054976784	-0.075515606
0.121331014	-0.10541579	0.1265133	-0.1340029	0.17017521	-0.14170635	0.113546036	-0.14405091	0.15509962	-0.13059749	0.23505141	-0.4447429	0.3043651	-0.21459489	0.14672089	-0.21696019	1.0000002	-0.6381733	0.23183718	-0.17933908	0.1983008	-0.36123866	0.23022155	-0.20731688	0.15723285	-0.09641622	0.12009034	-0.16518915	0.16365491	-0.13533443	0.0833374	-0.11753112	0.1475584	-0.15910624	0.09744563	-0.06008158	0.07509505	-0.076610275	0.09024146	-0.083483614	0.05932849	-0.0674571	0.07737925	-0.07279421	0.09965929
-0.10947905	0.09481901	-0.12313935	0.12695272	-0.1653014	0.12261445	-0.10370844	0.13904397	-0.15616414	0.12622422	-0.19582564	0.29176253	-0.4693332	0.21792397	-0.15079953	0.14737377	-0.6381733	1.0000002	-0.3600956	0.17826429	-0.1515815	0.21806276	-0.3169889	0.22488724	-0.16121447	0.07691718	-0.096732244	0.15540841	-0.16397944	0.12596029	-0.06779384	0.09360328	-0.13749582	0.14572656	-0.09117955	0.051825266	-0.066439256	0.069281206	-0.08307971	0.07659446	-0.051751852	0.059574723	-0.0701075	0.06625397	-0.09144293
0.10983882	-0.098385714	0.1302919	-0.16084872	0.20977107	-0.123901084	0.10196262	-0.14487165	0.20067099	-0.18695863	0.15882055	-0.19038956	0.2096384	-0.5237618	0.23215033	-0.12012103	0.23183718	-0.3600956	1.0000001	-0.39611638	0.12547688	-0.18748651	0.27808884	-0.46066612	0.23995681	-0.076753385	0.09625187	-0.17925516	0.20904917	-0.17093971	0.06768979	-0.09597453	0.15694071	-0.1810129	0.11656453	-0.05758528	0.0757476	-0.08195642	0.101877145	-0.096422695	0.057907447	-0.0687757	0.08267415	-0.080359034	0.110741064
-0.10098514	0.087438256	-0.11787999	0.14077906	-0.23431565	0.10898381	-0.09008037	0.12236684	-0.17546268	0.19584422	-0.14146753	0.14349285	-0.16000946	0.2497766	-0.31065312	0.1020918	-0.17933908	0.17826429	-0.39611638	1.0000001	-0.11024728	0.15366974	-0.21507756	0.20988105	-0.70261264	0.07098889	-0.08736936	0.15616474	-0.19663845	0.22487076	-0.06356642	0.08712327	-0.15624821	0.17531201	-0.1563663	0.06003698	-0.08214516	0.090753235	-0.123884976	0.11659198	-0.06149938	0.07417874	-0.09344825	0.093731895	-0.13466866
0.10617759	-0.084776945	0.092775844	-0.0944029	0.12589842	-0.12982032	0.090882465	-0.10017587	0.10784921	-0.088043116	0.29450387	-0.17653409	0.14672287	-0.12276046	0.09734707	-0.63542753	0.1983008	-0.1515815	0.12547688	-0.11024728	1.0000002	-0.5817302	0.15402319	-0.1257742	0.110628344	-0.19587322	0.16087969	-0.13766253	0.12734419	-0.10307781	0.14158104	-0.15773885	0.13261756	-0.12931533	0.078135334	-0.0720511	0.079490215	-0.070868194	0.0768039	-0.06881331	0.067807674	-0.06884402	0.07185805	-0.063307926	0.085433915
-0.14560594	0.110611856	-0.12786908	0.1277043	-0.18080252	0.15545335	-0.11991565	0.1327276	-0.15167479	0.12228271	-0.37796745	0.22047883	-0.21373151	0.16938446	-0.13921438	0.28728208	-0.36123866	0.21806276	-0.18748651	0.15366974	-0.5817302	0.99999994	-0.2620398	0.18302907	-0.16093993	0.17263427	-0.280066	0.19207144	-0.18738955	0.14137235	-0.15852442	0.20120071	-0.1948227	0.17485729	-0.109554686	0.088145986	-0.10465392	0.09645315	-0.1070796	0.094604366	-0.08664272	0.089438595	-0.09871089	0.08703915	-0.12005064
0.10880251	-0.09384291	0.1171088	-0.13436696	0.18275683	-0.12224361	0.09711687	-0.12826176	0.15667865	-0.14288482	0.17570654	-0.19033079	0.19506031	-0.23842123	0.1625877	-0.13883434	0.23022155	-0.3169889	0.27808884	-0.21507756	0.15402319	-0.2620398	0.9999999	-0.6550111	0.1926014	-0.10250099	0.13881417	-0.36557627	0.28073502	-0.18597947	0.0898455	-0.13660662	0.22454037	-0.2480903	0.1318756	-0.072569974	0.09404525	-0.10286406	0.12047063	-0.112348184	0.072148204	-0.08529724	0.101454556	-0.095911756	0.12856235
-0.09601665	0.08209484	-0.106721036	0.121990025	-0.1764946	0.10483065	-0.08563759	0.113640755	-0.1528311	0.1342283	-0.15096568	0.15651721	-0.17585288	0.22817974	-0.16645107	0.11194532	-0.20731688	0.22488724	-0.46066612	0.20988105	-0.1257742	0.18302907	-0.6550111	0.9999998	-0.2084391	0.081829615	-0.10979503	0.24103348	-0.39612463	0.17260367	-0.073085494	0.1064218	-0.19678323	0.21609691	-0.12388998	0.061617207	-0.08184455	0.089911	-0.10965332	0.10110409	-0.062097985	0.073487274	-0.09001117	0.08538941	-0.11694327
0.098355785	-0.08556372	0.109602295	-0.1322915	0.19683485	-0.10862378	0.08680959	-0.11666783	0.15288138	-0.17674506	0.13841219	-0.13793866	0.14230731	-0.22348323	0.20286773	-0.103328064	0.15723285	-0.16121447	0.23995681	-0.70261264	0.110628344	-0.16093993	0.1926014	-0.2084391	0.9999998	-0.07674065	0.092949785	-0.17041829	0.20370772	-0.41195503	0.06821258	-0.09452173	0.16766588	-0.21003254	0.1931293	-0.06741426	0.09173958	-0.10450261	0.14307067	-0.151577	0.0684902	-0.08477584	0.105206855	-0.10969699	0.15009063
-0.05544755	0.043575138	-0.05102012	0.053322393	-0.078600235	0.060503993	-0.04603839	0.0530828	-0.062232826	0.053227562	-0.124627404	0.07920319	-0.075785555	0.071697466	-0.060128685	0.11702226	-0.09641622	0.07691718	-0.076753385	0.07098889	-0.19587322	0.17263427	-0.10250099	0.081829615	-0.07674065	1.0000001	-0.33250305	0.13339804	-0.10967619	0.08353226	-0.83017004	0.2627759	-0.14505363	0.112471014	-0.068239175	0.17245506	-0.15375954	0.09196588	-0.07842232	0.06507117	-0.15786448	0.11264171	-0.09509429	0.06770777	-0.08530825
0.06386281	-0.050712153	0.060179744	-0.06368621	0.093510054	-0.06921874	0.053369157	-0.06284335	0.07447269	-0.06432343	0.13394521	-0.093829274	0.091048434	-0.08848703	0.07283874	-0.11321468	0.12009034	-0.096732244	0.09625187	-0.08736936	0.16087969	-0.280066	0.13881417	-0.10979503	0.092949785	-0.33250305	1.0000001	-0.2669423	0.15253338	-0.101527356	0.24841997	-0.7949615	0.20589694	-0.15193374	0.08007134	-0.1010996	0.10335618	-0.08759005	0.08336312	-0.072370164	0.089807846	-0.085875824	0.08532318	-0.069067195	0.08887426
-0.08959418	0.07358571	-0.091824025	0.10138091	-0.15417047	0.095830955	-0.07630384	0.0957595	-0.12011259	0.1078051	-0.15160927	0.1307692	-0.13757524	0.15270276	-0.12468786	0.11342901	-0.16518915	0.15540841	-0.17925516	0.15616474	-0.13766253	0.19207144	-0.36557627	0.24103348	-0.17041829	0.13339804	-0.2669423	1.0000002	-0.508705	0.19653593	-0.12338162	0.2061921	-0.59554815	0.30416548	-0.15591383	0.09577517	-0.12977684	0.14994729	-0.15340634	0.13247569	-0.09638901	0.112132594	-0.14437869	0.12060928	-0.1594396
0.094239235	-0.07931274	0.09925379	-0.11326739	0.1675841	-0.10257295	0.08139169	-0.104908764	0.1323602	-0.123515666	0.14783698	-0.13768482	0.14145692	-0.18291025	0.1411423	-0.112230584	0.16365491	-0.16397944	0.20904917	-0.19663845	0.12734419	-0.18738955	0.28073502	-0.39612463	0.20370772	-0.10967619	0.15253338	-0.508705	1.0000002	-0.324915	0.09702245	-0.15369843	0.30308208	-0.5269819	0.20175792	-0.08742012	0.11736712	-0.13704091	0.1714013	-0.16422674	0.08752909	-0.10702409	0.13292195	-0.12999786	0.17025468
-0.08390324	0.06964995	-0.08929831	0.10137452	-0.16695677	0.088668115	-0.071373664	0.091619976	-0.12023416	0.117291786	-0.12578852	0.11217392	-0.1184792	0.15003426	-0.13999294	0.09124572	-0.13533443	0.12596029	-0.17093971	0.22487076	-0.10307781	0.14137235	-0.18597947	0.17260367	-0.41195503	0.08353226	-0.101527356	0.19653593	-0.324915	1.0000001	-0.076465696	0.10223957	-0.22159511	0.2654406	-0.60241735	0.09056187	-0.13358249	0.15963775	-0.2755427	0.26924923	-0.09500934	0.11933667	-0.1671931	0.17953493	-0.2691236
0.047809966	-0.038020093	0.044559427	-0.04704098	0.069135055	-0.05268731	0.03993192	-0.046587866	0.054613665	-0.04717724	0.10226863	-0.06936219	0.06569545	-0.06368733	0.0531033	-0.10119522	0.0833374	-0.06779384	0.06768979	-0.06356642	0.14158104	-0.15852442	0.0898455	-0.073085494	0.06821258	-0.83017004	0.24841997	-0.12338162	0.09702245	-0.076465696	1.0	-0.3660838	0.1301567	-0.105072804	0.061937477	-0.22902068	0.14419849	-0.08749222	0.071674466	-0.05997094	0.14918639	-0.11287719	0.08767226	-0.062597625	0.07690576
-0.06494915	0.051031224	-0.06075818	0.06388961	-0.09519169	0.06933515	-0.053802993	0.06292392	-0.07509734	0.06458293	-0.13717622	0.091802895	-0.0909046	0.08769734	-0.07344121	0.10783419	-0.11753112	0.09360328	-0.09597453	0.08712327	-0.15773885	0.20120071	-0.13660662	0.1064218	-0.09452173	0.2627759	-0.7949615	0.2061921	-0.15369843	0.10223957	-0.3660838	1.0000002	-0.25335896	0.15189144	-0.082762904	0.114421144	-0.120018676	0.09561979	-0.088477984	0.07516552	-0.104582496	0.09411025	-0.09396706	0.073286876	-0.09455747
0.088635534	-0.07318119	0.08989436	-0.10024601	0.151877	-0.0958523	0.07512269	-0.09404388	0.11600989	-0.106576145	0.14554752	-0.12436789	0.12537034	-0.1455546	0.120126456	-0.112983085	0.1475584	-0.13749582	0.15694071	-0.15624821	0.13261756	-0.1948227	0.22454037	-0.19678323	0.16766588	-0.14505363	0.20589694	-0.59554815	0.30308208	-0.22159511	0.1301567	-0.25335896	1.0000001	-0.5253095	0.17862001	-0.11838027	0.15793812	-0.24218239	0.18758117	-0.16563176	0.1144938	-0.14577265	0.18114056	-0.15285745	0.18122281
-0.09580843	0.07816437	-0.09852827	0.10907329	-0.17503642	0.10058016	-0.080543205	0.10108561	-0.12931378	0.11822335	-0.15268385	0.12978154	-0.13660584	0.15796646	-0.13723682	0.11063395	-0.15910624	0.14572656	-0.1810129	0.17531201	-0.12931533	0.17485729	-0.2480903	0.21609691	-0.21003254	0.112471014	-0.15193374	0.30416548	-0.5269819	0.2654406	-0.105072804	0.15189144	-0.5253095	1.0	-0.3055803	0.109862186	-0.15997422	0.19191398	-0.2799734	0.21605052	-0.11420214	0.13957977	-0.19271381	0.18150863	-0.24960242
0.062000435	-0.05159796	0.064857244	-0.07377123	0.11676623	-0.06627637	0.052634604	-0.06720852	0.08578192	-0.08391154	0.09359207	-0.08286877	0.08545478	-0.10796871	0.09595101	-0.06935572	0.09744563	-0.09117955	0.11656453	-0.1563663	0.078135334	-0.109554686	0.1318756	-0.12388998	0.1931293	-0.068239175	0.08007134	-0.15591383	0.20175792	-0.60241735	0.061937477	-0.082762904	0.17862001	-0.3055803	0.99999964	-0.07921193	0.11387235	-0.15584107	0.26408198	-0.589039	0.08050594	-0.107929036	0.14575389	-0.18186317	0.21798818
-0.03741547	0.030137284	-0.03650256	0.039687973	-0.06163097	0.04010525	-0.031151116	0.037718248	-0.046043996	0.0416528	-0.06758237	0.050685167	-0.0502285	0.0543109	-0.04704254	0.05587844	-0.06008158	0.051825266	-0.05758528	0.06003698	-0.0720511	0.088145986	-0.072569974	0.061617207	-0.06741426	0.17245506	-0.1010996	0.09577517	-0.08742012	0.09056187	-0.22902068	0.114421144	-0.11838027	0.109862186	-0.07921193	0.9999997	-0.5503047	0.18820195	-0.11777325	0.089157596	-0.69041634	0.30651978	-0.19539782	0.10918531	-0.121968046
0.047598608	-0.03873345	0.047231402	-0.05202761	0.081098795	-0.05106072	0.03978529	-0.048884876	0.060115896	-0.055330113	0.08076978	-0.06396561	0.063772894	-0.07185238	0.06228106	-0.065152414	0.07509505	-0.066439256	0.0757476	-0.08214516	0.079490215	-0.10465392	0.09404525	-0.08184455	0.09173958	-0.15375954	0.10335618	-0.12977684	0.11736712	-0.13358249	0.14419849	-0.120018676	0.15793812	-0.15997422	0.11387235	-0.5503047	1.0000001	-0.4169146	0.17556222	-0.1384117	0.31091437	-0.55326766	0.2719251	-0.16489236	0.16484338
-0.048579413	0.03976001	-0.04913741	0.05462695	-0.08623948	0.051775385	-0.040736906	0.05074859	-0.063382536	0.05908583	-0.078402124	0.064858034	-0.065877736	0.07671402	-0.06697421	0.060024206	-0.076610275	0.069281206	-0.08195642	0.090753235	-0.070868194	0.09645315	-0.10286406	0.089911	-0.10450261	0.09196588	-0.08759005	0.14994729	-0.13704091	0.15963775	-0.08749222	0.09561979	-0.24218239	0.19191398	-0.15584107	0.18820195	-0.4169146	1.0000002	-0.3760147	0.19579667	-0.1920829	0.2662626	-0.6735782	0.24733983	-0.24523029
0.058130253	-0.048013397	0.059738606	-0.067262575	0.10634442	-0.06205383	0.048981007	-0.061802473	0.07785643	-0.074418135	0.08957452	-0.0770222	0.078676224	-0.09572951	0.08425049	-0.06726091	0.09024146	-0.08307971	0.101877145	-0.123884976	0.0768039	-0.1070796	0.12047063	-0.10965332	0.14307067	-0.07842232	0.08336312	-0.15340634	0.1714013	-0.2755427	0.071674466	-0.088477984	0.18758117	-0.2799734	0.26408198	-0.11777325	0.17556222	-0.3760147	1.0000005	-0.585076	0.11581734	-0.17031305	0.25514537	-0.45455703	0.299883
-0.053297758	0.043914	-0.05522721	0.06209361	-0.100419685	0.056438994	-0.0448943	0.056785665	-0.07256798	0.06931896	-0.08161428	0.07033975	-0.07281936	0.088668816	-0.079872325	0.06023891	-0.083483614	0.07659446	-0.096422695	0.11659198	-0.06881331	0.094604366	-0.112348184	0.10110409	-0.151577	0.06507117	-0.072370164	0.13247569	-0.16422674	0.26924923	-0.05997094	0.07516552	-0.16563176	0.21605052	-0.589039	0.089157596	-0.1384117	0.19579667	-0.585076	1.0000005	-0.09258453	0.12502147	-0.19374274	0.2434825	-0.3451524
0.03731659	-0.030228458	0.036648422	-0.04009437	0.062214695	-0.04011942	0.031137487	-0.037938066	0.046350308	-0.04225195	0.06549841	-0.050460856	0.04993281	-0.05496619	0.047554392	-0.05434459	0.05932849	-0.051751852	0.057907447	-0.06149938	0.067807674	-0.08664272	0.072148204	-0.062097985	0.0684902	-0.15786448	0.089807846	-0.09638901	0.08752909	-0.09500934	0.14918639	-0.104582496	0.1144938	-0.11420214	0.08050594	-0.69041634	0.31091437	-0.1920829	0.11581734	-0.09258453	1.0000004	-0.5769413	0.19422626	-0.114626385	0.11967976
-0.043054994	0.034894034	-0.042811316	0.047062483	-0.0744874	0.04576077	-0.03586333	0.04407511	-0.05462489	0.050219588	-0.072394945	0.057113387	-0.05754899	0.06479703	-0.056841064	0.05648446	-0.0674571	0.059574723	-0.0687757	0.07417874	-0.06884402	0.089438595	-0.08529724	0.073487274	-0.08477584	0.11264171	-0.085875824	0.112132594	-0.10702409	0.11933667	-0.11287719	0.09411025	-0.14577265	0.13957977	-0.107929036	0.30651978	-0.55326766	0.2662626	-0.17031305	0.12502147	-0.5769413	1.0000005	-0.4174486	0.17045586	-0.18836711
0.049689226	-0.040762343	0.0502093	-0.05596449	0.08792071	-0.053134337	0.041675936	-0.051953897	0.064631335	-0.060537964	0.079551905	-0.06609375	0.06674911	-0.07829679	0.068191305	-0.06136313	0.07737925	-0.0701075	0.08267415	-0.09344825	0.07185805	-0.09871089	0.101454556	-0.09001117	0.105206855	-0.09509429	0.08532318	-0.14437869	0.13292195	-0.1671931	0.08767226	-0.09396706	0.18114056	-0.19271381	0.14575389	-0.19539782	0.2719251	-0.6735782	0.25514537	-0.19374274	0.19422626	-0.4174486	1.0000004	-0.37986067	0.24569175
-0.047219902	0.03876678	-0.048196517	0.053920377	-0.08621307	0.05013631	-0.039583538	0.049649857	-0.062504224	0.05909658	-0.07337164	0.06196575	-0.06333296	0.07559025	-0.06701282	0.054976784	-0.07279421	0.06625397	-0.080359034	0.093731895	-0.063307926	0.08703915	-0.095911756	0.08538941	-0.10969699	0.06770777	-0.069067195	0.12060928	-0.12999786	0.17953493	-0.062597625	0.073286876	-0.15285745	0.18150863	-0.18186317	0.10918531	-0.16489236	0.24733983	-0.45455703	0.2434825	-0.114626385	0.17045586	-0.37986067	1.0000005	-0.71450907
0.06593449	-0.054433703	0.067345634	-0.07583676	0.11992617	-0.070427395	0.0553507	-0.069669046	0.08717943	-0.083353475	0.10033244	-0.08604603	0.08728053	-0.10611834	0.09342135	-0.075515606	0.09965929	-0.09144293	0.110741064	-0.13466866	0.085433915	-0.12005064	0.12856235	-0.11694327	0.15009063	-0.08530825	0.08887426	-0.1594396	0.17025468	-0.2691236	0.07690576	-0.09455747	0.18122281	-0.24960242	0.21798818	-0.121968046	0.16484338	-0.24523029	0.299883	-0.3451524	0.11967976	-0.18836711	0.24569175	-0.71450907	1.0000005
