1.0000001	-0.9151824	0.1715239	-0.075138085	0.08848674	-0.26711795	0.17757176	-0.14639984	0.104904525	-0.04810572	0.11879415	-0.135674	0.11023447	-0.09399203	0.0466262	-0.1258122	0.10834718	-0.08782245	0.075701796	-0.098546095	0.06940159	-0.065274104	0.07546354	-0.066605166	0.056137167	-0.070738286	0.07333467	-0.06278875	0.05710776	-0.05563583	0.038606822	-0.050839726	0.05159761	-0.048874546	0.08407142	-0.033664495	0.05856835	-0.04495522	0.03990913	-0.03723656	0.028089387	-0.030786566	0.06305739	-0.051620904	0.031095918
-0.9151824	0.99999976	-0.21037626	0.081151485	-0.096566565	0.204684	-0.21684034	0.14925532	-0.11180706	0.049627863	-0.11269688	0.13479075	-0.11591295	0.09617495	-0.048327915	0.113586225	-0.11342315	0.0895335	-0.077990286	0.09980977	-0.068829566	0.06643016	-0.07775955	0.06798846	-0.05754929	0.069028355	-0.07534455	0.06407751	-0.0585499	0.05686234	-0.039351556	0.05198919	-0.05294432	0.04992086	-0.08688246	0.03419089	-0.06029026	0.046111543	-0.040889796	0.038056787	-0.028761236	0.031430133	-0.06496094	0.052695226	-0.031854957
0.1715239	-0.21037626	0.9999999	-0.35835466	0.27403933	-0.36202976	0.27466497	-0.45980847	0.2908337	-0.14396363	0.20000525	-0.28028116	0.26208553	-0.26757154	0.13357762	-0.26592615	0.24456324	-0.23148838	0.20287415	-0.29971138	0.15807085	-0.16117394	0.18586415	-0.18424171	0.15513971	-0.17535484	0.18267258	-0.16862965	0.1545621	-0.1555199	0.09906686	-0.13179286	0.13477676	-0.13534684	0.22548175	-0.087693594	0.15133251	-0.11836051	0.10897406	-0.103299126	0.073006764	-0.080788925	0.16561714	-0.14334221	0.08523223
-0.075138085	0.081151485	-0.35835466	0.99999946	-0.7805533	0.16080816	-0.13275217	0.1766478	-0.41967732	0.11793566	-0.09527867	0.14054316	-0.14736593	0.186521	-0.106074706	0.12445423	-0.13671239	0.13214129	-0.12783395	0.18524693	-0.0812122	0.087867044	-0.10328812	0.10817125	-0.09187296	0.089147575	-0.100408494	0.0941942	-0.08926559	0.09011305	-0.053821865	0.07249208	-0.07497394	0.076089524	-0.1280108	0.047497083	-0.083703406	0.06551417	-0.061324243	0.05757043	-0.039955948	0.044107888	-0.09189894	0.07948202	-0.04757563
0.08848674	-0.096566565	0.27403933	-0.7805533	0.9999998	-0.21061881	0.15586638	-0.20101115	0.28578913	-0.13661963	0.12320097	-0.17564735	0.17269318	-0.22458865	0.11859246	-0.16564824	0.1702635	-0.16765244	0.15742134	-0.25049436	0.10694293	-0.11471037	0.13415875	-0.141905	0.12034598	-0.119080596	0.13162763	-0.12513787	0.11705115	-0.11981534	0.07137306	-0.09594989	0.099052995	-0.10175261	0.16883017	-0.0632238	0.11062015	-0.08694382	0.08161349	-0.07729215	0.053050064	-0.058718935	0.121849254	-0.10696553	0.06362001
-0.26711795	0.204684	-0.36202976	0.16080816	-0.21061881	0.99999976	-0.42797187	0.26381838	-0.24521478	0.10443121	-0.5176293	0.27645946	-0.2500206	0.19984639	-0.10376863	0.29755282	-0.26560977	0.19098566	-0.16995311	0.20756344	-0.18331745	0.15753797	-0.1876125	0.15001212	-0.1280925	0.16512252	-0.18250088	0.14671749	-0.1325052	0.1263929	-0.09393382	0.12253434	-0.12431166	0.112467274	-0.2014237	0.08048498	-0.14348641	0.108051725	-0.09315405	0.08609573	-0.06818434	0.073868506	-0.15326527	0.11924259	-0.07271029
0.17757176	-0.21684034	0.27466497	-0.13275217	0.15586638	-0.42797187	0.99999994	-0.5955931	0.20961267	-0.09478981	0.20895979	-0.5005343	0.27968037	-0.20348437	0.09175503	-0.2194393	0.2354393	-0.19337815	0.15648334	-0.18914993	0.12223813	-0.12424169	0.13997118	-0.12816115	0.10629357	-0.12535925	0.13315055	-0.11577307	0.107177004	-0.103996426	0.069178686	-0.0923695	0.09389985	-0.0897438	0.15193918	-0.060487803	0.10525449	-0.08129878	0.07300172	-0.067667864	0.050311577	-0.055284042	0.11312504	-0.09362351	0.056408904
-0.14639984	0.14925532	-0.45980847	0.1766478	-0.20101115	0.26381838	-0.5955931	0.99999994	-0.3058998	0.114227764	-0.1686048	0.2988716	-0.44233367	0.23831724	-0.11142615	0.1834794	-0.24553691	0.20940994	-0.18077548	0.20937672	-0.11929677	0.128147	-0.14944005	0.14053106	-0.117912486	0.12307345	-0.14150418	0.12446175	-0.11775155	0.11411042	-0.0732135	0.09848097	-0.1011628	0.09761962	-0.16793239	0.06390382	-0.11349138	0.08758201	-0.07963855	0.073591925	-0.053817503	0.059000626	-0.12275278	0.101498894	-0.06143097
0.104904525	-0.11180706	0.2908337	-0.41967732	0.28578913	-0.24521478	0.20961267	-0.3058998	0.9999997	-0.306516	0.14951989	-0.2395558	0.25915667	-0.46976548	0.22179735	-0.19335653	0.2328541	-0.24402806	0.24459091	-0.35663497	0.13057385	-0.1469821	0.17278057	-0.19623454	0.16414921	-0.14281702	0.16609578	-0.15986785	0.15566358	-0.15851179	0.0884056	-0.12043432	0.12541254	-0.12923896	0.21410961	-0.078045845	0.13836476	-0.10890685	0.10361061	-0.096441835	0.0657079	-0.0725971	0.15194346	-0.13269636	0.07957779
-0.04810572	0.049627863	-0.14396363	0.11793566	-0.13661963	0.10443121	-0.09478981	0.114227764	-0.306516	0.9999997	-0.06743537	0.106960416	-0.12880255	0.18290214	-0.88531	0.08507421	-0.1254507	0.11778245	-0.13655216	0.21717593	-0.064862765	0.07668988	-0.09463007	0.103220075	-0.10043694	0.069048725	-0.08995272	0.0839861	-0.0864266	0.087688535	-0.046787657	0.06404833	-0.06784167	0.068281785	-0.12683825	0.040772006	-0.07539894	0.058441088	-0.05605759	0.050997216	-0.035103768	0.038359933	-0.0830656	0.06914368	-0.042722084
0.11879415	-0.11269688	0.20000525	-0.09527867	0.12320097	-0.5176293	0.20895979	-0.1686048	0.14951989	-0.06743537	0.9999996	-0.27645922	0.17240608	-0.13559301	0.06671132	-0.7256532	0.18624142	-0.13472584	0.1143382	-0.1394172	0.17374267	-0.119583964	0.13021143	-0.10183444	0.0851019	-0.16474299	0.12739603	-0.101192944	0.0888837	-0.08441048	0.067497656	-0.08553693	0.08439788	-0.07549644	0.12877198	-0.058577243	0.09582893	-0.072952	0.061968096	-0.057426054	0.04696491	-0.05154235	0.100632094	-0.07999954	0.048191503
-0.135674	0.13479075	-0.28028116	0.14054316	-0.17564735	0.27645946	-0.5005343	0.2988716	-0.2395558	0.106960416	-0.27645922	0.99999946	-0.50479305	0.24435766	-0.10729882	0.22687061	-0.4588771	0.257101	-0.204229	0.21505633	-0.14248791	0.16017336	-0.17808825	0.1536724	-0.1270626	0.14077635	-0.16283147	0.1373974	-0.12875335	0.12227399	-0.081148095	0.1101191	-0.11192472	0.1049628	-0.17851856	0.070628196	-0.12462999	0.09595996	-0.08578539	0.078637436	-0.058963723	0.06464032	-0.13289636	0.10858163	-0.0657926
0.11023447	-0.11591295	0.26208553	-0.14736593	0.17269318	-0.2500206	0.27968037	-0.44233367	0.25915667	-0.12880255	0.17240608	-0.50479305	0.99999946	-0.46717957	0.12717569	-0.19940108	0.29144308	-0.39248657	0.25865474	-0.25335014	0.12577891	-0.14482509	0.16402334	-0.17431615	0.13882153	-0.13248709	0.15221168	-0.13945736	0.13691701	-0.13171305	0.07827891	-0.107014485	0.11043161	-0.10908066	0.1808609	-0.06871563	0.121289514	-0.09473192	0.08815412	-0.08055548	0.05740387	-0.063247375	0.1310178	-0.110765964	0.06697268
-0.09399203	0.09617495	-0.26757154	0.186521	-0.22458865	0.19984639	-0.20348437	0.23831724	-0.46976548	0.18290214	-0.13559301	0.24435766	-0.46717957	0.9999993	-0.2130681	0.1633796	-0.28562602	0.29101646	-0.50629896	0.28629926	-0.122762404	0.14885807	-0.18110055	0.21069115	-0.17291251	0.12887648	-0.16635454	0.15488291	-0.16781712	0.15343979	-0.084662326	0.11695183	-0.12388517	0.12333382	-0.21244918	0.073822394	-0.13524143	0.105168514	-0.10111536	0.09007651	-0.0628908	0.068890005	-0.14719771	0.12256665	-0.0754717
0.0466262	-0.048327915	0.13357762	-0.106074706	0.11859246	-0.10376863	0.09175503	-0.11142615	0.22179735	-0.88531	0.06671132	-0.10729882	0.12717569	-0.2130681	0.9999994	-0.08474154	0.12300151	-0.12267309	0.14192446	-0.29659832	0.063795626	-0.0757232	0.09267205	-0.10741428	0.10360262	-0.06833343	0.08788744	-0.08393151	0.087062664	-0.090931155	0.045841966	-0.06301269	0.066801846	-0.06825791	0.12283997	-0.040074177	0.07361158	-0.05742542	0.05556262	-0.05053588	0.0343357	-0.03763056	0.08106998	-0.06857562	0.04215328
-0.1258122	0.113586225	-0.26592615	0.12445423	-0.16564824	0.29755282	-0.2194393	0.1834794	-0.19335653	0.08507421	-0.7256532	0.22687061	-0.19940108	0.1633796	-0.08474154	0.9999996	-0.23966208	0.16248932	-0.1433833	0.17494114	-0.31034303	0.1615848	-0.18145193	0.13150269	-0.11106162	0.21183364	-0.17775415	0.1346818	-0.11732185	0.11035967	-0.09235925	0.11610055	-0.114697196	0.09977829	-0.17371552	0.07873463	-0.13170068	0.098972976	-0.08254561	0.07626068	-0.06407639	0.06967754	-0.13757467	0.10628429	-0.06437169
0.10834718	-0.11342315	0.24456324	-0.13671239	0.1702635	-0.26560977	0.2354393	-0.24553691	0.2328541	-0.1254507	0.18624142	-0.4588771	0.29144308	-0.28562602	0.12300151	-0.23966208	0.9999996	-0.5548684	0.27046114	-0.30099344	0.16836828	-0.29558006	0.23611474	-0.2124401	0.16419643	-0.18040498	0.20700993	-0.18277894	0.16626316	-0.16012518	0.10040681	-0.14274463	0.14112091	-0.13546796	0.21150185	-0.08927516	0.1516231	-0.120170996	0.10817407	-0.09967308	0.07230668	-0.080591395	0.16013573	-0.13824297	0.08227402
-0.08782245	0.0895335	-0.23148838	0.13214129	-0.16765244	0.19098566	-0.19337815	0.20940994	-0.24402806	0.11778245	-0.13472584	0.257101	-0.39248657	0.29101646	-0.12267309	0.16248932	-0.5548684	0.9999996	-0.55656064	0.2641623	-0.12783235	0.1751278	-0.2021001	0.2133951	-0.16934663	0.1324283	-0.17376253	0.1566198	-0.16798717	0.1498663	-0.08475155	0.11900478	-0.124412745	0.12117125	-0.20314266	0.07401423	-0.13410996	0.10455627	-0.09913841	0.08777248	-0.06228837	0.06843158	-0.1439397	0.119713925	-0.07351806
0.075701796	-0.077990286	0.20287415	-0.12783395	0.15742134	-0.16995311	0.15648334	-0.18077548	0.24459091	-0.13655216	0.1143382	-0.204229	0.25865474	-0.50629896	0.14192446	-0.1433833	0.27046114	-0.55656064	0.9999998	-0.40668944	0.112340644	-0.14749798	0.17705803	-0.36042616	0.20310259	-0.11984445	0.15823263	-0.16420235	0.19344081	-0.17568837	0.080412626	-0.11407877	0.123067595	-0.1303147	0.20537086	-0.070549354	0.12914604	-0.10263459	0.103453994	-0.08992408	0.05969176	-0.06576971	0.14072004	-0.12148395	0.07474001
-0.098546095	0.09980977	-0.29971138	0.18524693	-0.25049436	0.20756344	-0.18914993	0.20937672	-0.35663497	0.21717593	-0.1394172	0.21505633	-0.25335014	0.28629926	-0.29659832	0.17494114	-0.30099344	0.2641623	-0.40668944	1.0	-0.14975496	0.1856515	-0.23922215	0.2721574	-0.36579773	0.15693825	-0.22477145	0.20985627	-0.23560071	0.24680088	-0.11528211	0.15904675	-0.1719882	0.17293766	-0.35259128	0.0996028	-0.19033092	0.1465471	-0.1443961	0.12843412	-0.08716521	0.094600655	-0.21077254	0.17124322	-0.108671635
0.06940159	-0.068829566	0.15807085	-0.0812122	0.10694293	-0.18331745	0.12223813	-0.11929677	0.13057385	-0.064862765	0.17374267	-0.14248791	0.12577891	-0.122762404	0.063795626	-0.31034303	0.16836828	-0.12783235	0.112340644	-0.14975496	0.9999999	-0.3020166	0.21575461	-0.12512591	0.09954686	-0.80685997	0.22310929	-0.15150133	0.11301857	-0.10305188	0.1302329	-0.14400809	0.12513606	-0.09872444	0.14599745	-0.11519614	0.13720334	-0.1061095	0.079771064	-0.07471515	0.07600975	-0.086229	0.13244395	-0.10686707	0.06202157
-0.065274104	0.06643016	-0.16117394	0.087867044	-0.11471037	0.15753797	-0.12424169	0.128147	-0.1469821	0.07668988	-0.119583964	0.16017336	-0.14482509	0.14885807	-0.0757232	0.1615848	-0.29558006	0.1751278	-0.14749798	0.1856515	-0.3020166	0.99999976	-0.697328	0.17822905	-0.13421983	0.23732094	-0.44953266	0.21971755	-0.15829304	0.13578932	-0.12253819	0.19914646	-0.1766512	0.1268561	-0.17810749	0.10688366	-0.17749578	0.1376122	-0.1020938	0.09291788	-0.08118359	0.091095515	-0.16383608	0.13236196	-0.07714095
0.07546354	-0.07775955	0.18586415	-0.10328812	0.13415875	-0.1876125	0.13997118	-0.14944005	0.17278057	-0.09463007	0.13021143	-0.17808825	0.16402334	-0.18110055	0.09267205	-0.18145193	0.23611474	-0.2021001	0.17705803	-0.23922215	0.21575461	-0.697328	0.99999964	-0.26733118	0.17289652	-0.24440308	0.29149055	-0.32674542	0.20600232	-0.1810245	0.13098809	-0.21335016	0.19830436	-0.16451271	0.21641165	-0.120519996	0.18991344	-0.16027758	0.12802568	-0.117736086	0.090817645	-0.104249164	0.18907034	-0.16695775	0.096108556
-0.066605166	0.06798846	-0.18424171	0.10817125	-0.141905	0.15001212	-0.12816115	0.14053106	-0.19623454	0.103220075	-0.10183444	0.1536724	-0.17431615	0.21069115	-0.10741428	0.13150269	-0.2124401	0.2133951	-0.36042616	0.2721574	-0.12512591	0.17822905	-0.26733118	0.99999964	-0.49522522	0.13360193	-0.20771301	0.24904074	-0.54488254	0.30098495	-0.103013456	0.15289484	-0.18233012	0.20294565	-0.2871784	0.08977252	-0.17319234	0.14001977	-0.16574885	0.12481804	-0.07689743	0.0846057	-0.18926254	0.1638265	-0.10522947
0.056137167	-0.05754929	0.15513971	-0.09187296	0.12034598	-0.1280925	0.10629357	-0.117912486	0.16414921	-0.10043694	0.0851019	-0.1270626	0.13882153	-0.17291251	0.10360262	-0.11106162	0.16419643	-0.16934663	0.20310259	-0.36579773	0.09954686	-0.13421983	0.17289652	-0.49522522	0.99999964	-0.10860554	0.15787113	-0.20181483	0.2829752	-0.6745942	0.082396515	-0.12131254	0.13853705	-0.17063686	0.2661722	-0.0727397	0.13653249	-0.11271259	0.12914117	-0.11078709	0.062010426	-0.06876613	0.1521668	-0.14464472	0.08962457
-0.070738286	0.069028355	-0.17535484	0.089147575	-0.119080596	0.16512252	-0.12535925	0.12307345	-0.14281702	0.069048725	-0.16474299	0.14077635	-0.13248709	0.12887648	-0.06833343	0.21183364	-0.18040498	0.1324283	-0.11984445	0.15693825	-0.80685997	0.23732094	-0.24440308	0.13360193	-0.10860554	0.99999976	-0.3041503	0.16515952	-0.12489322	0.11160589	-0.17874111	0.16800144	-0.14788966	0.1080309	-0.16476901	0.1331937	-0.16693829	0.12318974	-0.08882762	0.08219375	-0.0916648	0.099511035	-0.15645193	0.11775927	-0.069120966
0.07333467	-0.07534455	0.18267258	-0.100408494	0.13162763	-0.18250088	0.13315055	-0.14150418	0.16609578	-0.08995272	0.12739603	-0.16283147	0.15221168	-0.16635454	0.08788744	-0.17775415	0.20700993	-0.17376253	0.15823263	-0.22477145	0.22310929	-0.44953266	0.29149055	-0.20771301	0.15787113	-0.3041503	0.99999964	-0.34684202	0.19798456	-0.17288862	0.18928683	-0.51582927	0.2682075	-0.17513888	0.21991146	-0.17716207	0.2586378	-0.2169378	0.13744858	-0.1295784	0.12027839	-0.14140144	0.22183163	-0.18943594	0.1057748
-0.06278875	0.06407751	-0.16862965	0.0941942	-0.12513787	0.14671749	-0.11577307	0.12446175	-0.15986785	0.0839861	-0.101192944	0.1373974	-0.13945736	0.15488291	-0.08393151	0.1346818	-0.18277894	0.1566198	-0.16420235	0.20985627	-0.15150133	0.21971755	-0.32674542	0.24904074	-0.20181483	0.16515952	-0.34684202	0.9999999	-0.4514851	0.21426514	-0.15751213	0.27146325	-0.53769344	0.2096414	-0.26461044	0.13430738	-0.28258723	0.2435848	-0.17418335	0.13810837	-0.11211689	0.12421285	-0.27886796	0.19470097	-0.11836979
0.05710776	-0.0585499	0.1545621	-0.08926559	0.11705115	-0.1325052	0.107177004	-0.11775155	0.15566358	-0.0864266	0.0888837	-0.12875335	0.13691701	-0.16781712	0.087062664	-0.11732185	0.16626316	-0.16798717	0.19344081	-0.23560071	0.11301857	-0.15829304	0.20600232	-0.54488254	0.2829752	-0.12489322	0.19798456	-0.4514851	1.0	-0.42674056	0.10324689	-0.1651507	0.20829816	-0.35135642	0.2657794	-0.09149088	0.17563814	-0.15470342	0.20246232	-0.14581881	0.07712175	-0.086192034	0.1943033	-0.18956329	0.117974885
-0.05563583	0.05686234	-0.1555199	0.09011305	-0.11981534	0.1263929	-0.103996426	0.11411042	-0.15851179	0.087688535	-0.08441048	0.12227399	-0.13171305	0.15343979	-0.090931155	0.11035967	-0.16012518	0.1498663	-0.17568837	0.24680088	-0.10305188	0.13578932	-0.1810245	0.30098495	-0.6745942	0.11160589	-0.17288862	0.21426514	-0.42674056	0.9999998	-0.08956406	0.1314631	-0.15707165	0.189731	-0.42917722	0.07831184	-0.1517699	0.12385231	-0.15254456	0.12529534	-0.0677929	0.07469988	-0.17043653	0.15803967	-0.10291531
0.038606822	-0.039351556	0.09906686	-0.053821865	0.07137306	-0.09393382	0.069178686	-0.0732135	0.0884056	-0.046787657	0.067497656	-0.081148095	0.07827891	-0.084662326	0.045841966	-0.09235925	0.10040681	-0.08475155	0.080412626	-0.11528211	0.1302329	-0.12253819	0.13098809	-0.103013456	0.082396515	-0.17874111	0.18928683	-0.15751213	0.10324689	-0.08956406	0.9999996	-0.29985532	0.16832678	-0.101045795	0.12484918	-0.8130121	0.20458166	-0.15158547	0.08189659	-0.0791049	0.23477334	-0.2792456	0.16190553	-0.12068404	0.06552643
-0.050839726	0.05198919	-0.13179286	0.07249208	-0.09594989	0.12253434	-0.0923695	0.09848097	-0.12043432	0.06404833	-0.08553693	0.1101191	-0.107014485	0.11695183	-0.06301269	0.11610055	-0.14274463	0.11900478	-0.11407877	0.15904675	-0.14400809	0.19914646	-0.21335016	0.15289484	-0.12131254	0.16800144	-0.51582927	0.27146325	-0.1651507	0.1314631	-0.29985532	0.99999964	-0.514799	0.14642663	-0.1773239	0.2037491	-0.45617616	0.26769286	-0.12027088	0.1089146	-0.14000143	0.15575884	-0.24055211	0.16427845	-0.0915696
0.05159761	-0.05294432	0.13477676	-0.07497394	0.099052995	-0.12431166	0.09389985	-0.1011628	0.12541254	-0.06784167	0.08439788	-0.11192472	0.11043161	-0.12388517	0.066801846	-0.114697196	0.14112091	-0.124412745	0.123067595	-0.1719882	0.12513606	-0.1766512	0.19830436	-0.18233012	0.13853705	-0.14788966	0.2682075	-0.53769344	0.20829816	-0.15707165	0.16832678	-0.514799	0.9999995	-0.18615253	0.19290759	-0.15505733	0.30124447	-0.4582638	0.14224212	-0.12579663	0.113214254	-0.13416907	0.2581339	-0.19059221	0.10410213
-0.048874546	0.04992086	-0.13534684	0.076089524	-0.10175261	0.112467274	-0.0897438	0.09761962	-0.12923896	0.068281785	-0.07549644	0.1049628	-0.10908066	0.12333382	-0.06825791	0.09977829	-0.13546796	0.12117125	-0.1303147	0.17293766	-0.09872444	0.1268561	-0.16451271	0.20294565	-0.17063686	0.1080309	-0.17513888	0.2096414	-0.35135642	0.189731	-0.101045795	0.14642663	-0.18615253	0.9999993	-0.3133834	0.0879265	-0.18537804	0.15766768	-0.72373617	0.22930972	-0.08122576	0.0887086	-0.24674807	0.25908306	-0.2070767
0.08407142	-0.08688246	0.22548175	-0.1280108	0.16883017	-0.2014237	0.15193918	-0.16793239	0.21410961	-0.12683825	0.12877198	-0.17851856	0.1808609	-0.21244918	0.12283997	-0.17371552	0.21150185	-0.20314266	0.20537086	-0.35259128	0.14599745	-0.17810749	0.21641165	-0.2871784	0.2661722	-0.16476901	0.21991146	-0.26461044	0.2657794	-0.42917722	0.12484918	-0.1773239	0.19290759	-0.3133834	0.9999992	-0.112554535	0.20450614	-0.17389078	0.22342254	-0.26781437	0.0965494	-0.10870288	0.24444629	-0.30549332	0.18605423
-0.033664495	0.03419089	-0.087693594	0.047497083	-0.0632238	0.08048498	-0.060487803	0.06390382	-0.078045845	0.040772006	-0.058577243	0.070628196	-0.06871563	0.073822394	-0.040074177	0.07873463	-0.08927516	0.07401423	-0.070549354	0.0996028	-0.11519614	0.10688366	-0.120519996	0.08977252	-0.0727397	0.1331937	-0.17716207	0.13430738	-0.09149088	0.07831184	-0.8130121	0.2037491	-0.15505733	0.0879265	-0.112554535	0.99999917	-0.21677424	0.13869558	-0.07301369	0.06919376	-0.37512454	0.24840072	-0.15994771	0.10570935	-0.058462407
0.05856835	-0.06029026	0.15133251	-0.083703406	0.11062015	-0.14348641	0.10525449	-0.11349138	0.13836476	-0.07539894	0.09582893	-0.12462999	0.121289514	-0.13524143	0.07361158	-0.13170068	0.1516231	-0.13410996	0.12914604	-0.19033092	0.13720334	-0.17749578	0.18991344	-0.17319234	0.13653249	-0.16693829	0.2586378	-0.28258723	0.17563814	-0.1517699	0.20458166	-0.45617616	0.30124447	-0.18537804	0.20450614	-0.21677424	0.9999992	-0.59094423	0.14959995	-0.14732265	0.17386249	-0.24315481	0.29843897	-0.23460808	0.12024083
-0.04495522	0.046111543	-0.11836051	0.06551417	-0.08694382	0.108051725	-0.08129878	0.08758201	-0.10890685	0.058441088	-0.072952	0.09595996	-0.09473192	0.105168514	-0.05742542	0.098972976	-0.120170996	0.10455627	-0.10263459	0.1465471	-0.1061095	0.1376122	-0.16027758	0.14001977	-0.11271259	0.12318974	-0.2169378	0.2435848	-0.15470342	0.12385231	-0.15158547	0.26769286	-0.4582638	0.15766768	-0.17389078	0.13869558	-0.59094423	0.99999917	-0.14181386	0.12542754	-0.12834582	0.15167904	-0.5345389	0.20669527	-0.10961147
0.03990913	-0.040889796	0.10897406	-0.061324243	0.08161349	-0.09315405	0.07300172	-0.07963855	0.10361061	-0.05605759	0.061968096	-0.08578539	0.08815412	-0.10111536	0.05556262	-0.08254561	0.10817407	-0.09913841	0.103453994	-0.1443961	0.079771064	-0.1020938	0.12802568	-0.16574885	0.12914117	-0.08882762	0.13744858	-0.17418335	0.20246232	-0.15254456	0.08189659	-0.12027088	0.14224212	-0.72373617	0.22342254	-0.07301369	0.14959995	-0.14181386	0.9999991	-0.38659585	0.06663493	-0.07456597	0.20865887	-0.4007851	0.242979
-0.03723656	0.038056787	-0.103299126	0.05757043	-0.07729215	0.08609573	-0.067667864	0.073591925	-0.096441835	0.050997216	-0.057426054	0.078637436	-0.08055548	0.09007651	-0.05053588	0.07626068	-0.09967308	0.08777248	-0.08992408	0.12843412	-0.07471515	0.09291788	-0.117736086	0.12481804	-0.11078709	0.08219375	-0.1295784	0.13810837	-0.14581881	0.12529534	-0.0791049	0.1089146	-0.12579663	0.22930972	-0.26781437	0.06919376	-0.14732265	0.12542754	-0.38659585	0.9999986	-0.066535294	0.0726225	-0.22496128	0.30643725	-0.7636629
0.028089387	-0.028761236	0.073006764	-0.039955948	0.053050064	-0.06818434	0.050311577	-0.053817503	0.0657079	-0.035103768	0.04696491	-0.058963723	0.05740387	-0.0628908	0.0343357	-0.06407639	0.07230668	-0.06228837	0.05969176	-0.08716521	0.07600975	-0.08118359	0.090817645	-0.07689743	0.062010426	-0.0916648	0.12027839	-0.11211689	0.07712175	-0.0677929	0.23477334	-0.14000143	0.113214254	-0.08122576	0.0965494	-0.37512454	0.17386249	-0.12834582	0.06663493	-0.066535294	0.99999905	-0.8517044	0.15480722	-0.10620622	0.055331327
-0.030786566	0.031430133	-0.080788925	0.044107888	-0.058718935	0.073868506	-0.055284042	0.059000626	-0.0725971	0.038359933	-0.05154235	0.06464032	-0.063247375	0.068890005	-0.03763056	0.06967754	-0.080591395	0.06843158	-0.06576971	0.094600655	-0.086229	0.091095515	-0.104249164	0.0846057	-0.06876613	0.099511035	-0.14140144	0.12421285	-0.086192034	0.07469988	-0.2792456	0.15575884	-0.13416907	0.0887086	-0.10870288	0.24840072	-0.24315481	0.15167904	-0.07456597	0.0726225	-0.8517044	0.9999991	-0.2121304	0.11617323	-0.061961878
0.06305739	-0.06496094	0.16561714	-0.09189894	0.121849254	-0.15326527	0.11312504	-0.12275278	0.15194346	-0.0830656	0.100632094	-0.13289636	0.1310178	-0.14719771	0.08106998	-0.13757467	0.16013573	-0.1439397	0.14072004	-0.21077254	0.13244395	-0.16383608	0.18907034	-0.18926254	0.1521668	-0.15645193	0.22183163	-0.27886796	0.1943033	-0.17043653	0.16190553	-0.24055211	0.2581339	-0.24674807	0.24444629	-0.15994771	0.29843897	-0.5345389	0.20865887	-0.22496128	0.15480722	-0.2121304	0.99999917	-0.4652613	0.19083813
-0.051620904	0.052695226	-0.14334221	0.07948202	-0.10696553	0.11924259	-0.09362351	0.101498894	-0.13269636	0.06914368	-0.07999954	0.10858163	-0.110765964	0.12256665	-0.06857562	0.10628429	-0.13824297	0.119713925	-0.12148395	0.17124322	-0.10686707	0.13236196	-0.16695775	0.1638265	-0.14464472	0.11775927	-0.18943594	0.19470097	-0.18956329	0.15803967	-0.12068404	0.16427845	-0.19059221	0.25908306	-0.30549332	0.10570935	-0.23460808	0.20669527	-0.4007851	0.30643725	-0.10620622	0.11617323	-0.4652613	0.99999917	-0.52036023
0.031095918	-0.031854957	0.08523223	-0.04757563	0.06362001	-0.07271029	0.056408904	-0.06143097	0.07957779	-0.042722084	0.048191503	-0.0657926	0.06697268	-0.0754717	0.04215328	-0.06437169	0.08227402	-0.07351806	0.07474001	-0.108671635	0.06202157	-0.07714095	0.096108556	-0.10522947	0.08962457	-0.069120966	0.1057748	-0.11836979	0.117974885	-0.10291531	0.06552643	-0.0915696	0.10410213	-0.2070767	0.18605423	-0.058462407	0.12024083	-0.10961147	0.242979	-0.7636629	0.055331327	-0.061961878	0.19083813	-0.52036023	0.99999917
