1.0000001	-0.3405906	0.2269431	-0.24429563	0.17200093	-0.45202646	0.28879288	-0.34443033	0.17824338	-0.15281706	0.18743235	-0.18672326	0.19736254	-0.18622865	0.14647391	-0.17847098	0.15481132	-0.20927772	0.17412582	-0.16413042	0.15501873	-0.12703402	0.19262594	-0.09893938	0.10442026	-0.08559234	0.08095912	-0.15294647	0.1120956	-0.11075392	0.083344445	-0.08261655	0.13126682	-0.10758605	0.10234904	-0.07256902	0.08115293	-0.11350284	0.10353881	-0.081245646	0.10806274	-0.07411735	0.100661255	-0.08266611	0.08934393
-0.3405906	1.0000002	-0.7804082	0.19753897	-0.15438949	0.19481651	-0.29742214	0.26663083	-0.16754436	0.119735114	-0.12467671	0.115564756	-0.16269131	0.13126379	-0.11220927	0.104522206	-0.10366106	0.13888831	-0.13135606	0.11076639	-0.104127534	0.08226483	-0.13518158	0.063937716	-0.06918277	0.05311639	-0.051359765	0.09314331	-0.0733968	0.069495134	-0.050890896	0.049812548	-0.08233494	0.06537093	-0.06425785	0.04322986	-0.048782226	0.06727122	-0.06271494	0.04863326	-0.0646633	0.044109646	-0.060654093	0.048803013	-0.053527214
0.2269431	-0.7804082	1.0000002	-0.2784419	0.15023412	-0.15439527	0.18637596	-0.41658917	0.19038336	-0.1266037	0.10732245	-0.11160798	0.16675623	-0.13725889	0.11149272	-0.094069794	0.09685535	-0.1453081	0.126686	-0.10994035	0.09194039	-0.07452264	0.12056432	-0.0590887	0.06422265	-0.04793339	0.046069976	-0.0847266	0.066614255	-0.06488661	0.044552498	-0.044056937	0.0725244	-0.05935851	0.0576871	-0.037912883	0.042625315	-0.059908554	0.05517319	-0.043282967	0.056060147	-0.038660455	0.052937634	-0.04313521	0.046812113
-0.24429563	0.19753897	-0.2784419	0.9999998	-0.3704221	0.11597737	-0.14793324	0.2775963	-0.7323191	0.26780182	-0.12663761	0.12631042	-0.19161268	0.21166906	-0.19837868	0.10804116	-0.11574231	0.16541712	-0.18963309	0.1630284	-0.117932916	0.093800105	-0.15695818	0.079587445	-0.08916164	0.06050297	-0.058541402	0.10764934	-0.089569055	0.08768283	-0.05710321	0.056215014	-0.09374102	0.07765027	-0.07633554	0.04836852	-0.05455037	0.07639105	-0.071371436	0.05593214	-0.07170368	0.04938079	-0.0679189	0.05521637	-0.060201403
0.17200093	-0.15438949	0.15023412	-0.3704221	0.99999994	-0.09012099	0.10654135	-0.24823971	0.28274652	-0.75851053	0.112550385	-0.12736712	0.17404693	-0.27020955	0.25184953	-0.104136825	0.11019397	-0.1748851	0.19598392	-0.237452	0.10652166	-0.089215316	0.14240241	-0.088434145	0.10216874	-0.05859286	0.055651773	-0.10828539	0.09364084	-0.10392016	0.05349043	-0.05390277	0.08910129	-0.08311791	0.079080746	-0.045810066	0.051260095	-0.07523164	0.06940405	-0.05626334	0.06622886	-0.046866972	0.06393591	-0.0540541	0.057445277
-0.45202646	0.19481651	-0.15439527	0.11597737	-0.09012099	0.99999976	-0.81799424	0.17719507	-0.09308066	0.07562418	-0.14518584	0.103790455	-0.10676634	0.0907386	-0.07358252	0.11153553	-0.08642268	0.10274193	-0.088698566	0.0786815	-0.078777045	0.06396857	-0.09688079	0.047114987	-0.050034508	0.041449565	-0.039490458	0.07159294	-0.053682577	0.05178732	-0.038656108	0.038195185	-0.061700728	0.049651552	-0.047878154	0.03316364	-0.03721379	0.05187302	-0.047542047	0.037144374	-0.04930646	0.03381041	-0.0461384	0.037545823	-0.040773567
0.28879288	-0.29742214	0.18637596	-0.14793324	0.10654135	-0.81799424	0.9999998	-0.24789864	0.11539488	-0.09200339	0.13410242	-0.11955993	0.12819879	-0.110337794	0.08784037	-0.11890938	0.097643755	-0.1249203	0.104663365	-0.09431898	0.08929969	-0.07312694	0.111042954	-0.05502261	0.058535017	-0.04763065	0.04528591	-0.08313207	0.062268637	-0.06083851	0.044375025	-0.044002976	0.07090478	-0.057803676	0.05545607	-0.038165603	0.042761106	-0.060007095	0.054770343	-0.042980604	0.056546155	-0.0389157	0.053008996	-0.043365847	0.046907242
-0.34443033	0.26663083	-0.41658917	0.2775963	-0.24823971	0.17719507	-0.24789864	0.99999964	-0.37087676	0.20007806	-0.18163143	0.18933927	-0.45752278	0.23330271	-0.19654173	0.1526301	-0.17534964	0.25841463	-0.23265012	0.1828821	-0.16479273	0.13161378	-0.22053826	0.10195382	-0.11094609	0.08331842	-0.080885485	0.14582291	-0.11632685	0.109658435	-0.07712803	0.075842395	-0.12636624	0.10100321	-0.09946721	0.0650699	-0.07339266	0.10228325	-0.094825946	0.07387815	-0.096526995	0.06630563	-0.09116214	0.07356532	-0.08035868
0.17824338	-0.16754436	0.19038336	-0.7323191	0.28274652	-0.09308066	0.11539488	-0.37087676	0.99999946	-0.39655063	0.10306644	-0.11236716	0.18304962	-0.25840095	0.19583273	-0.090708	0.09991784	-0.15794101	0.1729957	-0.15996452	0.09532826	-0.07787043	0.12796487	-0.06905299	0.078377105	-0.050021864	0.04811148	-0.09002484	0.07580274	-0.07739662	0.046105146	-0.045820046	0.076217115	-0.06574919	0.063940674	-0.039151162	0.04402077	-0.06279567	0.05826557	-0.046235155	0.057438213	-0.039980885	0.05481196	-0.045188148	0.04878517
-0.15281706	0.119735114	-0.1266037	0.26780182	-0.75851053	0.07562418	-0.09200339	0.20007806	-0.39655063	0.9999992	-0.096048735	0.10407364	-0.1558895	0.23416002	-0.35907987	0.08570494	-0.09351919	0.14486015	-0.1871475	0.20244604	-0.09199868	0.07551453	-0.124092326	0.07481846	-0.08893754	0.049081743	-0.047045767	0.09016935	-0.08079743	0.0858407	-0.045660898	0.045572676	-0.07611236	0.06915081	-0.067283586	0.038908232	-0.043722257	0.06311846	-0.059095427	0.047372572	-0.056805644	0.039824523	-0.05460789	0.04560148	-0.04900624
0.18743235	-0.12467671	0.10732245	-0.12663761	0.112550385	-0.14518584	0.13410242	-0.18163143	0.10306644	-0.096048735	0.9999989	-0.42023376	0.17135093	-0.13571593	0.106192164	-0.7688676	0.29111943	-0.18790878	0.13930717	-0.12074125	0.1888459	-0.1624394	0.17958455	-0.08050833	0.08130288	-0.09496468	0.08748121	-0.1353516	0.09078859	-0.085812256	0.06665452	-0.067759156	0.10630728	-0.083996974	0.07903487	-0.055800416	0.061997175	-0.08947463	0.077499166	-0.061488576	0.079898335	-0.05617	0.07565159	-0.062179323	0.06590926
-0.18672326	0.115564756	-0.11160798	0.12631042	-0.12736712	0.103790455	-0.11955993	0.18933927	-0.11236716	0.10407364	-0.42023376	0.9999991	-0.30051434	0.15907666	-0.12662458	0.29385617	-0.72155493	0.24562441	-0.17707665	0.13518873	-0.22222452	0.19147739	-0.21828695	0.08708279	-0.08851681	0.0999404	-0.09864189	0.1406574	-0.09854025	0.09004419	-0.06972961	0.07021081	-0.11226833	0.08617301	-0.08279156	0.057321586	-0.06401821	0.09099751	-0.07994629	0.06288692	-0.08243315	0.057599057	-0.07801331	0.063282266	-0.06773524
0.19736254	-0.16269131	0.16675623	-0.19161268	0.17404693	-0.10676634	0.12819879	-0.45752278	0.18304962	-0.1558895	0.17135093	-0.30051434	0.9999994	-0.36249536	0.20207714	-0.15973379	0.21947756	-0.6287596	0.26313123	-0.2081866	0.14978549	-0.13594443	0.21378057	-0.09939029	0.105969734	-0.08021018	0.07668857	-0.14308187	0.10662555	-0.10640202	0.06559823	-0.06640047	0.10961246	-0.09189697	0.08781619	-0.05524371	0.061727043	-0.090405464	0.0803475	-0.064274535	0.07933033	-0.05608338	0.07624097	-0.06320213	0.06716864
-0.18622865	0.13126379	-0.13725889	0.21166906	-0.27020955	0.0907386	-0.110337794	0.23330271	-0.25840095	0.23416002	-0.13571593	0.15907666	-0.36249536	0.9999995	-0.5970031	0.12083362	-0.14717947	0.25642985	-0.48771906	0.3080951	-0.12973537	0.10887622	-0.18225154	0.11092158	-0.13314062	0.06868784	-0.06617673	0.12662718	-0.117948644	0.12306819	-0.06217179	0.062256265	-0.10484464	0.09629832	-0.09449094	0.052767623	-0.05930896	0.08624672	-0.08089243	0.065063134	-0.07667564	0.054014724	-0.07411056	0.062122352	-0.066647016
0.14647391	-0.11220927	0.11149272	-0.19837868	0.25184953	-0.07358252	0.08784037	-0.19654173	0.19583273	-0.35907987	0.106192164	-0.12662458	0.20207714	-0.5970031	0.9999995	-0.097911604	0.112168655	-0.20051046	0.29970732	-0.56522876	0.10378009	-0.08845468	0.14522469	-0.11251082	0.14544316	-0.057218015	0.054681033	-0.109626465	0.11076594	-0.1364701	0.05249767	-0.05307056	0.0897516	-0.09277901	0.08946667	-0.044979017	0.050480627	-0.0752958	0.07191263	-0.0592994	0.06475258	-0.04630216	0.06351323	-0.054855388	0.058182046
-0.17847098	0.104522206	-0.094069794	0.10804116	-0.104136825	0.11153553	-0.11890938	0.1526301	-0.090708	0.08570494	-0.7688676	0.29385617	-0.15973379	0.12083362	-0.097911604	0.99999964	-0.43902397	0.17548884	-0.13433835	0.109457806	-0.24616231	0.17825522	-0.19235833	0.07739478	-0.07743955	0.098819636	-0.09446435	0.13085942	-0.08853305	0.08021301	-0.0663817	0.06684498	-0.10545995	0.07949535	-0.07602084	0.054553464	-0.0608654	0.08601441	-0.07515981	0.05890996	-0.078550234	0.054719854	-0.073985405	0.059787862	-0.06404037
0.15481132	-0.10366106	0.09685535	-0.11574231	0.11019397	-0.08642268	0.097643755	-0.17534964	0.09991784	-0.09351919	0.29111943	-0.72155493	0.21947756	-0.14717947	0.112168655	-0.43902397	0.9999997	-0.30125606	0.15967439	-0.12772161	0.21388848	-0.25429156	0.20360278	-0.08174925	0.08139922	-0.10648819	0.10224318	-0.13820484	0.09036729	-0.084221624	0.064846754	-0.06646478	0.1036868	-0.080149494	0.07560136	-0.05296128	0.058769222	-0.08517558	0.07267583	-0.057804674	0.07474911	-0.05292133	0.07104776	-0.058231503	0.061421283
-0.20927772	0.13888831	-0.1453081	0.16541712	-0.1748851	0.10274193	-0.1249203	0.25841463	-0.15794101	0.14486015	-0.18790878	0.24562441	-0.6287596	0.25642985	-0.20051046	0.17548884	-0.30125606	0.9999998	-0.41863167	0.21986386	-0.18588515	0.16910411	-0.34418687	0.117785275	-0.12197974	0.0958506	-0.09345241	0.17236005	-0.127381	0.11936259	-0.0774184	0.078041635	-0.13132524	0.10504091	-0.10136723	0.06450777	-0.07225184	0.105185054	-0.0931539	0.0739918	-0.09275872	0.06538336	-0.089091055	0.07309037	-0.07799579
0.17412582	-0.13135606	0.126686	-0.18963309	0.19598392	-0.088698566	0.104663365	-0.23265012	0.1729957	-0.1871475	0.13930717	-0.17707665	0.26313123	-0.48771906	0.29970732	-0.13433835	0.15967439	-0.41863167	0.99999976	-0.5845384	0.13708338	-0.12209989	0.1988724	-0.15509872	0.17578992	-0.07731094	0.0734798	-0.14976005	0.14526041	-0.17239296	0.0680725	-0.06941528	0.11697522	-0.119925864	0.11374649	-0.058226887	0.065143764	-0.098508805	0.09210586	-0.07633544	0.08299307	-0.059807744	0.08170319	-0.07085627	0.074499525
-0.16413042	0.11076639	-0.10994035	0.1630284	-0.237452	0.0786815	-0.09431898	0.1828821	-0.15996452	0.20244604	-0.12074125	0.13518873	-0.2081866	0.3080951	-0.56522876	0.109457806	-0.12772161	0.21986386	-0.5845384	0.99999994	-0.124643736	0.10478283	-0.1803475	0.15903683	-0.28042203	0.06821542	-0.06570916	0.13389923	-0.16068229	0.1869906	-0.06446675	0.06491543	-0.11231027	0.1200623	-0.12282851	0.055231914	-0.062276587	0.09277011	-0.09202528	0.07566075	-0.07991423	0.057137854	-0.07898431	0.06854222	-0.07344482
0.15501873	-0.104127534	0.09194039	-0.117932916	0.10652166	-0.078777045	0.08929969	-0.16479273	0.09532826	-0.09199868	0.1888459	-0.22222452	0.14978549	-0.12973537	0.10378009	-0.24616231	0.21388848	-0.18588515	0.13708338	-0.124643736	0.99999976	-0.72153735	0.2857496	-0.110441275	0.09963372	-0.32012632	0.24103685	-0.2399003	0.12085393	-0.10862336	0.10700266	-0.11597182	0.1572049	-0.11305152	0.10180008	-0.083003566	0.0900004	-0.13362616	0.102066025	-0.082565	0.10981266	-0.080178306	0.103779934	-0.08582014	0.086819105
-0.12703402	0.08226483	-0.07452264	0.093800105	-0.089215316	0.06396857	-0.07312694	0.13161378	-0.07787043	0.07551453	-0.1624394	0.19147739	-0.13594443	0.10887622	-0.08845468	0.17825522	-0.25429156	0.16910411	-0.12209989	0.10478283	-0.72153735	0.99999976	-0.43705907	0.100977175	-0.08842811	0.24046855	-0.31387928	0.20740183	-0.1112966	0.09263278	-0.09747125	0.10274197	-0.1429968	0.095117904	-0.087641	0.07181914	-0.07857538	0.111435615	-0.08710247	0.06943412	-0.09583858	0.068769395	-0.08937716	0.072081596	-0.07411896
0.19262594	-0.13518158	0.12056432	-0.15695818	0.14240241	-0.09688079	0.111042954	-0.22053826	0.12796487	-0.124092326	0.17958455	-0.21828695	0.21378057	-0.18225154	0.14522469	-0.19235833	0.20360278	-0.34418687	0.1988724	-0.1803475	0.2857496	-0.43705907	0.99999964	-0.21605402	0.1571233	-0.19289878	0.18030244	-0.49136543	0.20089097	-0.16770652	0.12691075	-0.13730797	0.23466268	-0.16463032	0.14693862	-0.10536437	0.115880184	-0.18950708	0.14085099	-0.114587136	0.14163756	-0.105732106	0.1404568	-0.11707254	0.11789258
-0.09893938	0.063937716	-0.0590887	0.079587445	-0.088434145	0.047114987	-0.05502261	0.10195382	-0.06905299	0.07481846	-0.08050833	0.08708279	-0.09939029	0.11092158	-0.11251082	0.07739478	-0.08174925	0.117785275	-0.15509872	0.15903683	-0.110441275	0.100977175	-0.21605402	0.9999996	-0.49293083	0.06933289	-0.067424245	0.18070184	-0.74726856	0.28160328	-0.06819883	0.07039175	-0.13486904	0.17272384	-0.17645276	0.058240738	-0.06597222	0.10575676	-0.11037693	0.093065046	-0.08184423	0.061063256	-0.08525052	0.077904515	-0.08230708
0.10442026	-0.06918277	0.06422265	-0.08916164	0.10216874	-0.050034508	0.058535017	-0.11094609	0.078377105	-0.08893754	0.08130288	-0.08851681	0.105969734	-0.13314062	0.14544316	-0.07743955	0.08139922	-0.12197974	0.17578992	-0.28042203	0.09963372	-0.08842811	0.1571233	-0.49293083	0.9999998	-0.06336791	0.06043384	-0.15419461	0.29462704	-0.6867953	0.06547929	-0.06807637	0.12510394	-0.21673006	0.21475103	-0.05745317	0.06498856	-0.10683421	0.11976973	-0.1093366	0.080317	-0.0611104	0.085470535	-0.08436245	0.08749819
-0.08559234	0.05311639	-0.04793339	0.06050297	-0.05859286	0.041449565	-0.04763065	0.08331842	-0.050021864	0.049081743	-0.09496468	0.0999404	-0.08021018	0.06868784	-0.057218015	0.098819636	-0.10648819	0.0958506	-0.07731094	0.06821542	-0.32012632	0.24046855	-0.19289878	0.06933289	-0.06336791	0.9999996	-0.87115747	0.17384434	-0.08304974	0.06785873	-0.14243571	0.14250074	-0.13890691	0.07736696	-0.07131776	0.08282423	-0.08884919	0.1020578	-0.075678565	0.059472807	-0.10290899	0.07129551	-0.08551632	0.06521838	-0.06622594
0.08095912	-0.051359765	0.046069976	-0.058541402	0.055651773	-0.039490458	0.04528591	-0.080885485	0.04811148	-0.047045767	0.08748121	-0.09864189	0.07668857	-0.06617673	0.054681033	-0.09446435	0.10224318	-0.09345241	0.0734798	-0.06570916	0.24103685	-0.31387928	0.18030244	-0.067424245	0.06043384	-0.87115747	0.9999993	-0.20255136	0.079440996	-0.06551258	0.13028476	-0.16343217	0.13345549	-0.07463308	0.06752437	-0.07917064	0.08375814	-0.09987478	0.0710613	-0.056449506	0.094538696	-0.06763129	0.08009751	-0.06203257	0.06186725
-0.15294647	0.09314331	-0.0847266	0.10764934	-0.10828539	0.07159294	-0.08313207	0.14582291	-0.09002484	0.09016935	-0.1353516	0.1406574	-0.14308187	0.12662718	-0.109626465	0.13085942	-0.13820484	0.17236005	-0.14976005	0.13389923	-0.2399003	0.20740183	-0.49136543	0.18070184	-0.15419461	0.17384434	-0.20255136	0.99999917	-0.26238167	0.16404954	-0.18247752	0.18504763	-0.5738798	0.1954996	-0.18164077	0.139342	-0.16167249	0.25207448	-0.18510436	0.14024028	-0.19557607	0.14157167	-0.20118399	0.14701658	-0.15597893
0.1120956	-0.0733968	0.066614255	-0.089569055	0.09364084	-0.053682577	0.062268637	-0.11632685	0.07580274	-0.08079743	0.09078859	-0.09854025	0.10662555	-0.117948644	0.11076594	-0.08853305	0.09036729	-0.127381	0.14526041	-0.16068229	0.12085393	-0.1112966	0.20089097	-0.74726856	0.29462704	-0.08304974	0.079440996	-0.26238167	0.99999917	-0.3876752	0.08195802	-0.086413026	0.16545546	-0.2544385	0.20505509	-0.07081487	0.079822086	-0.1342783	0.13632435	-0.11912906	0.0975768	-0.074524544	0.1033642	-0.09793406	0.10012027
-0.11075392	0.069495134	-0.06488661	0.08768283	-0.10392016	0.05178732	-0.06083851	0.109658435	-0.07739662	0.0858407	-0.085812256	0.09004419	-0.10640202	0.12306819	-0.1364701	0.08021301	-0.084221624	0.11936259	-0.17239296	0.1869906	-0.10862336	0.09263278	-0.16770652	0.28160328	-0.6867953	0.06785873	-0.06551258	0.16404954	-0.3876752	0.99999905	-0.07560138	0.07731405	-0.14691874	0.24416529	-0.40730855	0.06612464	-0.0756296	0.12133333	-0.15156296	0.13373072	-0.093953565	0.07074323	-0.10080974	0.09816004	-0.10831629
0.083344445	-0.050890896	0.044552498	-0.05710321	0.05349043	-0.038656108	0.044375025	-0.07712803	0.046105146	-0.045660898	0.06665452	-0.06972961	0.06559823	-0.06217179	0.05249767	-0.0663817	0.064846754	-0.0774184	0.0680725	-0.06446675	0.10700266	-0.09747125	0.12691075	-0.06819883	0.06547929	-0.14243571	0.13028476	-0.18247752	0.08195802	-0.07560138	0.99999905	-0.78804094	0.20411716	-0.10589276	0.08891359	-0.41675398	0.24569638	-0.19511302	0.10681171	-0.08934113	0.24097148	-0.18706867	0.15358281	-0.1150496	0.099266134
-0.08261655	0.049812548	-0.044056937	0.056215014	-0.05390277	0.038195185	-0.044002976	0.075842395	-0.045820046	0.045572676	-0.067759156	0.07021081	-0.06640047	0.062256265	-0.05307056	0.06684498	-0.06646478	0.078041635	-0.06941528	0.06491543	-0.11597182	0.10274197	-0.13730797	0.07039175	-0.06807637	0.14250074	-0.16343217	0.18504763	-0.086413026	0.07731405	-0.78804094	0.99999905	-0.29070708	0.110407606	-0.09530884	0.268573	-0.31778777	0.19935915	-0.114825375	0.09254394	-0.272192	0.19028367	-0.17069346	0.11736483	-0.106590025
0.13126682	-0.08233494	0.0725244	-0.09374102	0.08910129	-0.061700728	0.07090478	-0.12636624	0.076217115	-0.07611236	0.10630728	-0.11226833	0.10961246	-0.10484464	0.0897516	-0.10545995	0.1036868	-0.13132524	0.11697522	-0.11231027	0.1572049	-0.1429968	0.23466268	-0.13486904	0.12510394	-0.13890691	0.13345549	-0.5738798	0.16545546	-0.14691874	0.20411716	-0.29070708	0.99999887	-0.2649875	0.18423517	-0.16378917	0.18421654	-0.520178	0.19655958	-0.15637866	0.19664323	-0.16830456	0.22723943	-0.1724427	0.1596847
-0.10758605	0.06537093	-0.05935851	0.07765027	-0.08311791	0.049651552	-0.057803676	0.10100321	-0.06574919	0.06915081	-0.083996974	0.08617301	-0.09189697	0.09629832	-0.09277901	0.07949535	-0.080149494	0.10504091	-0.119925864	0.1200623	-0.11305152	0.095117904	-0.16463032	0.17272384	-0.21673006	0.07736696	-0.07463308	0.1954996	-0.2544385	0.24416529	-0.10589276	0.110407606	-0.2649875	0.9999992	-0.7305878	0.09333902	-0.10871039	0.19141732	-0.37724394	0.24294865	-0.13014032	0.10274792	-0.15124156	0.15741451	-0.17670134
0.10234904	-0.06425785	0.0576871	-0.07633554	0.079080746	-0.047878154	0.05545607	-0.09946721	0.063940674	-0.067283586	0.07903487	-0.08279156	0.08781619	-0.09449094	0.08946667	-0.07602084	0.07560136	-0.10136723	0.11374649	-0.12282851	0.10180008	-0.087641	0.14693862	-0.17645276	0.21475103	-0.07131776	0.06752437	-0.18164077	0.20505509	-0.40730855	0.08891359	-0.09530884	0.18423517	-0.7305878	0.9999991	-0.08180337	0.09358538	-0.17085564	0.25313538	-0.3025102	0.1113892	-0.09120157	0.13141353	-0.15599653	0.1639089
-0.07256902	0.04322986	-0.037912883	0.04836852	-0.045810066	0.03316364	-0.038165603	0.0650699	-0.039151162	0.038908232	-0.055800416	0.057321586	-0.05524371	0.052767623	-0.044979017	0.054553464	-0.05296128	0.06450777	-0.058226887	0.055231914	-0.083003566	0.07181914	-0.10536437	0.058240738	-0.05745317	0.08282423	-0.07917064	0.139342	-0.07081487	0.06612464	-0.41675398	0.268573	-0.16378917	0.09333902	-0.08180337	0.9999988	-0.5513208	0.196456	-0.10917597	0.09132334	-0.6116974	0.28578556	-0.20133272	0.13025205	-0.10991434
0.08115293	-0.048782226	0.042625315	-0.05455037	0.051260095	-0.03721379	0.042761106	-0.07339266	0.04402077	-0.043722257	0.061997175	-0.06401821	0.061727043	-0.05930896	0.050480627	-0.0608654	0.058769222	-0.07225184	0.065143764	-0.062276587	0.0900004	-0.07857538	0.115880184	-0.06597222	0.06498856	-0.08884919	0.08375814	-0.16167249	0.079822086	-0.0756296	0.24569638	-0.31778777	0.18421654	-0.10871039	0.09358538	-0.5513208	0.99999905	-0.28958097	0.12821227	-0.11078148	0.32644507	-0.5937535	0.25255546	-0.17019404	0.1299563
-0.11350284	0.06727122	-0.059908554	0.07639105	-0.07523164	0.05187302	-0.060007095	0.10228325	-0.06279567	0.06311846	-0.08947463	0.09099751	-0.090405464	0.08624672	-0.0752958	0.08601441	-0.08517558	0.105185054	-0.098508805	0.09277011	-0.13362616	0.111435615	-0.18950708	0.10575676	-0.10683421	0.1020578	-0.09987478	0.25207448	-0.1342783	0.12133333	-0.19511302	0.19935915	-0.520178	0.19141732	-0.17085564	0.196456	-0.28958097	0.9999993	-0.30092838	0.19722863	-0.27780086	0.24802798	-0.52334154	0.24153467	-0.24459672
0.10353881	-0.06271494	0.05517319	-0.071371436	0.06940405	-0.047542047	0.054770343	-0.094825946	0.05826557	-0.059095427	0.077499166	-0.07994629	0.0803475	-0.08089243	0.07191263	-0.07515981	0.07267583	-0.0931539	0.09210586	-0.09202528	0.102066025	-0.08710247	0.14085099	-0.11037693	0.11976973	-0.075678565	0.0710613	-0.18510436	0.13632435	-0.15156296	0.10681171	-0.114825375	0.19655958	-0.37724394	0.25313538	-0.10917597	0.12821227	-0.30092838	0.99999887	-0.69980747	0.14577726	-0.13310975	0.20113358	-0.3083078	0.27847424
-0.081245646	0.04863326	-0.043282967	0.05593214	-0.05626334	0.037144374	-0.042980604	0.07387815	-0.046235155	0.047372572	-0.061488576	0.06288692	-0.064274535	0.065063134	-0.0592994	0.05890996	-0.057804674	0.0739918	-0.07633544	0.07566075	-0.082565	0.06943412	-0.114587136	0.093065046	-0.1093366	0.059472807	-0.056449506	0.14024028	-0.11912906	0.13373072	-0.08934113	0.09254394	-0.15637866	0.24294865	-0.3025102	0.09132334	-0.11078148	0.19722863	-0.69980747	0.9999988	-0.1301956	0.11271956	-0.18553954	0.25926313	-0.4972676
0.10806274	-0.0646633	0.056060147	-0.07170368	0.06622886	-0.04930646	0.056546155	-0.096526995	0.057438213	-0.056805644	0.079898335	-0.08243315	0.07933033	-0.07667564	0.06475258	-0.078550234	0.07474911	-0.09275872	0.08299307	-0.07991423	0.10981266	-0.09583858	0.14163756	-0.08184423	0.080317	-0.10290899	0.094538696	-0.19557607	0.0975768	-0.093953565	0.24097148	-0.272192	0.19664323	-0.13014032	0.1113892	-0.6116974	0.32644507	-0.27780086	0.14577726	-0.1301956	0.99999857	-0.503031	0.25198007	-0.19427525	0.14652894
-0.07411735	0.044109646	-0.038660455	0.04938079	-0.046866972	0.03381041	-0.0389157	0.06630563	-0.039980885	0.039824523	-0.05617	0.057599057	-0.05608338	0.054014724	-0.04630216	0.054719854	-0.05292133	0.06538336	-0.059807744	0.057137854	-0.080178306	0.068769395	-0.105732106	0.061063256	-0.0611104	0.07129551	-0.06763129	0.14157167	-0.074524544	0.07074323	-0.18706867	0.19028367	-0.16830456	0.10274792	-0.09120157	0.28578556	-0.5937535	0.24802798	-0.13310975	0.11271956	-0.503031	0.9999981	-0.4865927	0.18888776	-0.15131566
0.100661255	-0.060654093	0.052937634	-0.0679189	0.06393591	-0.0461384	0.053008996	-0.09116214	0.05481196	-0.05460789	0.07565159	-0.07801331	0.07624097	-0.07411056	0.06351323	-0.073985405	0.07104776	-0.089091055	0.08170319	-0.07898431	0.103779934	-0.08937716	0.1404568	-0.08525052	0.085470535	-0.08551632	0.08009751	-0.20118399	0.1033642	-0.10080974	0.15358281	-0.17069346	0.22723943	-0.15124156	0.13141353	-0.20133272	0.25255546	-0.52334154	0.20113358	-0.18553954	0.25198007	-0.4865927	0.99999815	-0.46227416	0.24080274
-0.08266611	0.048803013	-0.04313521	0.05521637	-0.0540541	0.037545823	-0.043365847	0.07356532	-0.045188148	0.04560148	-0.062179323	0.063282266	-0.06320213	0.062122352	-0.054855388	0.059787862	-0.058231503	0.07309037	-0.07085627	0.06854222	-0.08582014	0.072081596	-0.11707254	0.077904515	-0.08436245	0.06521838	-0.06203257	0.14701658	-0.09793406	0.09816004	-0.1150496	0.11736483	-0.1724427	0.15741451	-0.15599653	0.13025205	-0.17019404	0.24153467	-0.3083078	0.25926313	-0.19427525	0.18888776	-0.46227416	0.99999815	-0.69895786
0.08934393	-0.053527214	0.046812113	-0.060201403	0.057445277	-0.040773567	0.046907242	-0.08035868	0.04878517	-0.04900624	0.06590926	-0.06773524	0.06716864	-0.066647016	0.058182046	-0.06404037	0.061421283	-0.07799579	0.074499525	-0.07344482	0.086819105	-0.07411896	0.11789258	-0.08230708	0.08749819	-0.06622594	0.06186725	-0.15597893	0.10012027	-0.10831629	0.099266134	-0.106590025	0.1596847	-0.17670134	0.1639089	-0.10991434	0.1299563	-0.24459672	0.27847424	-0.4972676	0.14652894	-0.15131566	0.24080274	-0.69895786	0.99999815
