1.0	-0.76792735	0.13122536	-0.09066389	0.08690891	-0.46919137	0.27678353	-0.22788365	0.10690285	-0.097818196	0.24788302	-0.22965732	0.16971909	-0.12563512	0.11885648	-0.122972526	0.12266429	-0.12047781	0.09701961	-0.07505569	0.0968172	-0.08135746	0.0982448	-0.08388516	0.080552526	-0.05533107	0.050252967	-0.08594358	0.070172176	-0.07081871	0.041368797	-0.0459354	0.045233205	-0.051776916	0.08923689	-0.04060996	0.054792557	-0.042012434	0.04003188	-0.041927148	0.04357956	-0.035799835	0.042406086	-0.06202231	0.045821905
-0.76792735	1.0000001	-0.16064641	0.09766284	-0.09576798	0.28877756	-0.43475574	0.2236517	-0.11675362	0.103009604	-0.27616072	0.22249995	-0.19048057	0.13004676	-0.13090116	0.12256978	-0.1314404	0.12521422	-0.104295924	0.08018294	-0.10422102	0.085473455	-0.10601914	0.08852214	-0.087245956	0.057966102	-0.052929882	0.08938827	-0.07501489	0.074928865	-0.0436413	0.048269294	-0.047775254	0.05445917	-0.09596262	0.04273144	-0.05808679	0.04426969	-0.042272005	0.044361565	-0.046145134	0.03778592	-0.044850104	0.065015756	-0.04867258
0.13122536	-0.16064641	0.99999976	-0.5472559	0.27529278	-0.13979608	0.13411404	-0.17682655	0.17859931	-0.237304	0.13908607	-0.14807022	0.15796979	-0.2079527	0.24473062	-0.17781492	0.15303935	-0.16778727	0.16107474	-0.14286144	0.15122356	-0.12149634	0.14815038	-0.14908968	0.15352583	-0.11908249	0.10638978	-0.1860324	0.1349837	-0.1414948	0.08914788	-0.10115596	0.09959549	-0.11743765	0.19710165	-0.09036068	0.12078022	-0.09430545	0.0904856	-0.09555998	0.0959778	-0.0803564	0.094971865	-0.14668985	0.104432866
-0.09066389	0.09766284	-0.5472559	0.99999994	-0.67845947	0.096274085	-0.09832663	0.1321283	-0.204551	0.25438204	-0.10317563	0.1079837	-0.12651482	0.17760341	-0.25486362	0.11990514	-0.11281147	0.12531592	-0.13453765	0.122868344	-0.11049633	0.08809147	-0.11167624	0.11578158	-0.13211352	0.07676232	-0.06982798	0.119599074	-0.10218311	0.10469777	-0.058150727	0.0653566	-0.06511656	0.07653105	-0.1358924	0.05813964	-0.07904801	0.061041515	-0.05923573	0.06270503	-0.06260033	0.051941544	-0.06172302	0.0925825	-0.06865924
0.08690891	-0.09576798	0.27529278	-0.67845947	0.99999964	-0.101699814	0.10323633	-0.15201756	0.22890227	-0.5035287	0.10545887	-0.11744029	0.1382365	-0.22791669	0.23906267	-0.12818576	0.11673724	-0.13579799	0.14027539	-0.12838829	0.11246207	-0.09211616	0.1155398	-0.12333457	0.12936114	-0.08061461	0.072847195	-0.12724772	0.10441256	-0.1091963	0.06039659	-0.06826561	0.067430556	-0.079819225	0.13513817	-0.0605324	0.08126163	-0.0634119	0.061274216	-0.06453001	0.06449909	-0.053795595	0.06369871	-0.096968	0.07007548
-0.46919137	0.28877756	-0.13979608	0.096274085	-0.101699814	0.99999946	-0.42260107	0.2433602	-0.13057783	0.11251967	-0.6405656	0.28934303	-0.22834073	0.14762895	-0.14633225	0.14441201	-0.15748061	0.14596464	-0.119300716	0.090448886	-0.12099774	0.09961796	-0.12313172	0.100679025	-0.098504044	0.06497539	-0.059420086	0.10002816	-0.08474756	0.08427973	-0.04890724	0.0539402	-0.053382877	0.060603045	-0.107102685	0.047703482	-0.06491252	0.049354684	-0.04707055	0.049346633	-0.05157833	0.042136304	-0.050024845	0.07203745	-0.05415948
0.27678353	-0.43475574	0.13411404	-0.09832663	0.10323633	-0.42260107	0.9999993	-0.5393464	0.15058854	-0.12374134	0.2931761	-0.4646577	0.27358648	-0.17069452	0.14538004	-0.14890303	0.16101556	-0.1604524	0.12389604	-0.09208381	0.118819915	-0.10214441	0.12531659	-0.10362325	0.09824723	-0.064234056	0.058667284	-0.09986225	0.08472197	-0.08453379	0.048072554	-0.05316493	0.052437935	-0.05979161	0.10394976	-0.046885345	0.063462906	-0.048504695	0.046261135	-0.04838536	0.05045585	-0.041314304	0.048987463	-0.07093635	0.052883316
-0.22788365	0.2236517	-0.17682655	0.1321283	-0.15201756	0.2433602	-0.5393464	0.99999917	-0.28002143	0.17956895	-0.28504556	0.30189714	-0.5645353	0.24860412	-0.21475214	0.17243628	-0.19793084	0.21776763	-0.18013462	0.1295277	-0.15972458	0.13214186	-0.17776367	0.1428309	-0.13977237	0.084795915	-0.078208834	0.1315534	-0.11758621	0.11537488	-0.064007886	0.07058584	-0.070095785	0.07982034	-0.14203711	0.062251884	-0.08498794	0.064644665	-0.061957516	0.06490844	-0.06743897	0.05508883	-0.065489136	0.09408006	-0.0711361
0.10690285	-0.11675362	0.17859931	-0.204551	0.22890227	-0.13057783	0.15058854	-0.28002143	0.9999992	-0.5652222	0.13752638	-0.16517815	0.22535905	-0.6311151	0.25579283	-0.13818339	0.13675712	-0.173533	0.19005539	-0.14803731	0.123426914	-0.10447264	0.13617626	-0.15144336	0.14343975	-0.077790864	0.071237884	-0.12381421	0.11511233	-0.11766228	0.058334414	-0.0654714	0.064895205	-0.07672523	0.13140564	-0.057612795	0.07778558	-0.060468726	0.05876486	-0.06162166	0.0616808	-0.051125113	0.06066517	-0.09048639	0.06661456
-0.097818196	0.103009604	-0.237304	0.25438204	-0.5035287	0.11251967	-0.12374134	0.17956895	-0.5652222	0.99999917	-0.12372448	0.13464904	-0.17643659	0.28304338	-0.43239307	0.13643633	-0.13394938	0.15631892	-0.18176037	0.16901222	-0.12707677	0.10356577	-0.13486426	0.14614941	-0.16906637	0.083152555	-0.07617649	0.13097468	-0.12233545	0.124804944	-0.06281816	0.07051276	-0.07026964	0.083108574	-0.14629857	0.062322285	-0.08464715	0.065594494	-0.063994505	0.067441985	-0.06702552	0.055570703	-0.06605587	0.09861907	-0.073283106
0.24788302	-0.27616072	0.13908607	-0.10317563	0.10545887	-0.6405656	0.2931761	-0.28504556	0.13752638	-0.12372448	0.9999991	-0.5477854	0.24412468	-0.17153022	0.15065163	-0.18755533	0.18227382	-0.1719735	0.12997557	-0.098461986	0.13273925	-0.11528716	0.13434806	-0.11246212	0.10472242	-0.07272709	0.06592225	-0.11316856	0.09208923	-0.0928913	0.054061826	-0.059914406	0.05876689	-0.06703562	0.11432016	-0.052834015	0.07101066	-0.05447973	0.05173925	-0.05402764	0.056548864	-0.046386708	0.05488406	-0.07995146	0.05891798
-0.22965732	0.22249995	-0.14807022	0.1079837	-0.11744029	0.28934303	-0.4646577	0.30189714	-0.16517815	0.13464904	-0.5477854	0.99999917	-0.47170547	0.19636741	-0.1736632	0.19750558	-0.275972	0.20719756	-0.15554772	0.11122641	-0.15592043	0.13616382	-0.16549404	0.12723705	-0.119922	0.078624345	-0.0719316	0.12142083	-0.10395644	0.10248043	-0.058816973	0.06469488	-0.06379527	0.07217697	-0.12612753	0.057004858	-0.0772735	0.058811113	-0.055947237	0.058425028	-0.061468937	0.05014499	-0.05947237	0.08530621	-0.06395188
0.16971909	-0.19048057	0.15796979	-0.12651482	0.1382365	-0.22834073	0.27358648	-0.5645353	0.22535905	-0.17643659	0.24412468	-0.47170547	0.9999991	-0.3792219	0.20237091	-0.19229293	0.21009277	-0.3636306	0.20293862	-0.13733192	0.1632689	-0.1482223	0.19652763	-0.16053706	0.14155707	-0.08785294	0.080783	-0.13969989	0.1224499	-0.12131085	0.06546485	-0.07257827	0.07146605	-0.081817865	0.14039545	-0.06361323	0.0858776	-0.06593952	0.06301639	-0.065664165	0.06824884	-0.055952318	0.06632178	-0.09606668	0.07140563
-0.12563512	0.13004676	-0.2079527	0.17760341	-0.22791669	0.14762895	-0.17069452	0.24860412	-0.6311151	0.28304338	-0.17153022	0.19636741	-0.3792219	0.9999991	-0.3427297	0.16753323	-0.17730483	0.22451487	-0.32998154	0.18897878	-0.15986119	0.13320659	-0.18236913	0.19776574	-0.19427772	0.095190994	-0.08804973	0.1505279	-0.15357304	0.14853689	-0.07195483	0.08029067	-0.08017717	0.09435271	-0.16717221	0.070633166	-0.09629889	0.07431353	-0.072659254	0.0761838	-0.076220214	0.062872104	-0.07483001	0.10993321	-0.08273183
0.11885648	-0.13090116	0.24473062	-0.25486362	0.23906267	-0.14633225	0.14538004	-0.21475214	0.25579283	-0.43239307	0.15065163	-0.1736632	0.20237091	-0.3427297	0.99999875	-0.2100617	0.18484461	-0.23294802	0.2572372	-0.44883433	0.17994846	-0.15289266	0.1919908	-0.24202372	0.27458796	-0.1353429	0.12220402	-0.21917894	0.1907831	-0.21702182	0.10035174	-0.11452113	0.11257575	-0.13711216	0.21999288	-0.100712314	0.13351527	-0.106226355	0.10355089	-0.10867135	0.10607626	-0.08929078	0.105474174	-0.16422021	0.11560357
-0.122972526	0.12256978	-0.17781492	0.11990514	-0.12818576	0.14441201	-0.14890303	0.17243628	-0.13818339	0.13643633	-0.18755533	0.19750558	-0.19229293	0.16753323	-0.2100617	0.9999986	-0.69411176	0.2574371	-0.19477236	0.1429003	-0.46589765	0.27720842	-0.271777	0.17344564	-0.16156788	0.13955319	-0.123525545	0.19074118	-0.15026787	0.14612038	-0.1038213	0.10834245	-0.10565148	0.112422876	-0.20031805	0.09649787	-0.1310179	0.096156806	-0.088566184	0.09192977	-0.105531536	0.08347284	-0.09876001	0.133289	-0.102319375
0.12266429	-0.1314404	0.15303935	-0.11281147	0.11673724	-0.15748061	0.16101556	-0.19793084	0.13675712	-0.13394938	0.18227382	-0.275972	0.21009277	-0.17730483	0.18484461	-0.69411176	0.99999857	-0.37558782	0.1947116	-0.13967092	0.29311234	-0.3650914	0.26314765	-0.17899834	0.14794385	-0.1222828	0.108238086	-0.18461823	0.13905594	-0.13923146	0.08815189	-0.095763765	0.09199604	-0.1015552	0.16727866	-0.08400732	0.11091077	-0.08450869	0.078338444	-0.080822095	0.089072965	-0.07215797	0.084868945	-0.12031744	0.088039435
-0.12047781	0.12521422	-0.16778727	0.12531592	-0.13579799	0.14596464	-0.1604524	0.21776763	-0.173533	0.15631892	-0.1719735	0.20719756	-0.3636306	0.22451487	-0.23294802	0.2574371	-0.37558782	0.99999857	-0.4282627	0.19178312	-0.28216562	0.25869358	-0.54125094	0.2535052	-0.20535783	0.12507156	-0.1185072	0.2008934	-0.18658537	0.17177989	-0.09352323	0.10218591	-0.100890435	0.112186894	-0.19463637	0.08873146	-0.12075526	0.091554515	-0.08683487	0.089662746	-0.095901825	0.077742286	-0.0923239	0.1293113	-0.097823165
0.09701961	-0.104295924	0.16107474	-0.13453765	0.14027539	-0.119300716	0.12389604	-0.18013462	0.19005539	-0.18176037	0.12997557	-0.15554772	0.20293862	-0.32998154	0.2572372	-0.19477236	0.1947116	-0.4282627	0.9999985	-0.39061195	0.18346298	-0.17192946	0.24713714	-0.5720728	0.28036937	-0.11577078	0.10801669	-0.19498673	0.24115969	-0.24092484	0.0862395	-0.097714685	0.0972758	-0.12088247	0.19691548	-0.08448592	0.11362297	-0.09018962	0.090169884	-0.09334823	0.089875385	-0.07499987	0.089123055	-0.13407065	0.098396376
-0.07505569	0.08018294	-0.14286144	0.122868344	-0.12838829	0.090448886	-0.09208381	0.1295277	-0.14803731	0.16901222	-0.098461986	0.11122641	-0.13733192	0.18897878	-0.44883433	0.1429003	-0.13967092	0.19178312	-0.39061195	0.9999984	-0.13926992	0.11864743	-0.16653258	0.25811318	-0.70374435	0.09401477	-0.08769913	0.1535115	-0.20073295	0.21187185	-0.07102687	0.08048475	-0.08108051	0.10083451	-0.18135192	0.070213854	-0.09533498	0.0754759	-0.07653953	0.080388844	-0.075218506	0.0629194	-0.075034864	0.11361937	-0.085233815
0.0968172	-0.10422102	0.15122356	-0.11049633	0.11246207	-0.12099774	0.118819915	-0.15972458	0.123426914	-0.12707677	0.13273925	-0.15592043	0.1632689	-0.15986119	0.17994846	-0.46589765	0.29311234	-0.28216562	0.18346298	-0.13926992	0.99999857	-0.6517508	0.29371643	-0.18974027	0.14964062	-0.21340398	0.15130033	-0.24322656	0.1500637	-0.15155216	0.12736784	-0.13052544	0.11692743	-0.12279723	0.18436418	-0.11491636	0.13991326	-0.10698717	0.09433001	-0.095297165	0.11560696	-0.09200001	0.10590699	-0.1471362	0.10316795
-0.08135746	0.085473455	-0.12149634	0.08809147	-0.09211616	0.09961796	-0.10214441	0.13214186	-0.10447264	0.10356577	-0.11528716	0.13616382	-0.1482223	0.13320659	-0.15289266	0.27720842	-0.3650914	0.25869358	-0.17192946	0.11864743	-0.6517508	0.9999984	-0.54882574	0.16984099	-0.13195115	0.13054213	-0.114214785	0.18173054	-0.13181917	0.12431114	-0.09133964	0.094350606	-0.08875801	0.09276668	-0.15012872	0.08186448	-0.10659652	0.07987972	-0.07200701	0.07314459	-0.08655609	0.068585046	-0.08025035	0.10892523	-0.07997275
0.0982448	-0.10601914	0.14815038	-0.11167624	0.1155398	-0.12313172	0.12531659	-0.17776367	0.13617626	-0.13486426	0.13434806	-0.16549404	0.19652763	-0.18236913	0.1919908	-0.271777	0.26314765	-0.54125094	0.24713714	-0.16653258	0.29371643	-0.54882574	0.9999984	-0.30220968	0.17715172	-0.14381488	0.13740674	-0.28166723	0.18118352	-0.17361572	0.10254628	-0.11441413	0.109077185	-0.11776713	0.18575472	-0.09650832	0.12738006	-0.09827561	0.090028375	-0.091468476	0.10143641	-0.082588375	0.09713896	-0.13597138	0.09875869
-0.08388516	0.08852214	-0.14908968	0.11578158	-0.12333457	0.100679025	-0.10362325	0.1428309	-0.15144336	0.14614941	-0.11246212	0.12723705	-0.16053706	0.19776574	-0.24202372	0.17344564	-0.17899834	0.2535052	-0.5720728	0.25811318	-0.18974027	0.16984099	-0.30220968	0.9999983	-0.37577957	0.11629895	-0.11236335	0.19621068	-0.493647	0.27649176	-0.08864972	0.10006892	-0.10270366	0.13115218	-0.22589083	0.08622781	-0.11868151	0.09393291	-0.09881639	0.09964431	-0.09317618	0.077517666	-0.09300789	0.13685992	-0.10593819
0.080552526	-0.087245956	0.15352583	-0.13211352	0.12936114	-0.098504044	0.09824723	-0.13977237	0.14343975	-0.16906637	0.10472242	-0.119922	0.14155707	-0.19427772	0.27458796	-0.16156788	0.14794385	-0.20535783	0.28036937	-0.70374435	0.14964062	-0.13195115	0.17715172	-0.37577957	0.99999845	-0.11093295	0.10284035	-0.1854509	0.24237613	-0.34953922	0.08307038	-0.09523438	0.09549392	-0.122853085	0.20835721	-0.08269261	0.11096864	-0.089549735	0.091477476	-0.09647759	0.08763994	-0.074078865	0.08811879	-0.13726464	0.09991848
-0.05533107	0.057966102	-0.11908249	0.07676232	-0.08061461	0.06497539	-0.064234056	0.084795915	-0.077790864	0.083152555	-0.07272709	0.078624345	-0.08785294	0.095190994	-0.1353429	0.13955319	-0.1222828	0.12507156	-0.11577078	0.09401477	-0.21340398	0.13054213	-0.14381488	0.11629895	-0.11093295	0.9999983	-0.54823107	0.2814212	-0.1298141	0.12394068	-0.56716746	0.30545425	-0.22880426	0.16313788	-0.21263246	0.2624012	-0.2882199	0.18819602	-0.13376287	0.122617885	-0.27268922	0.17679402	-0.19453605	0.19531523	-0.13920726
0.050252967	-0.052929882	0.10638978	-0.06982798	0.072847195	-0.059420086	0.058667284	-0.078208834	0.071237884	-0.07617649	0.06592225	-0.0719316	0.080783	-0.08804973	0.12220402	-0.123525545	0.108238086	-0.1185072	0.10801669	-0.08769913	0.15130033	-0.114214785	0.13740674	-0.11236335	0.10284035	-0.54823107	0.99999833	-0.5318321	0.12857611	-0.12129893	0.27809685	-0.49801138	0.23026668	-0.16502787	0.18897404	-0.21228553	0.23962115	-0.1920016	0.12874857	-0.11633642	0.19219914	-0.15195233	0.16627754	-0.18878648	0.12734525
-0.08594358	0.08938827	-0.1860324	0.119599074	-0.12724772	0.10002816	-0.09986225	0.1315534	-0.12381421	0.13097468	-0.11316856	0.12142083	-0.13969989	0.1505279	-0.21917894	0.19074118	-0.18461823	0.2008934	-0.19498673	0.1535115	-0.24322656	0.18173054	-0.28166723	0.19621068	-0.1854509	0.2814212	-0.5318321	0.99999845	-0.25352278	0.20730779	-0.23955211	0.27233803	-0.28583676	0.20727794	-0.33905882	0.2034063	-0.3087206	0.21525958	-0.17094985	0.1642271	-0.23204811	0.18071882	-0.21862502	0.23786327	-0.18892379
0.070172176	-0.07501489	0.1349837	-0.10218311	0.10441256	-0.08474756	0.08472197	-0.11758621	0.11511233	-0.12233545	0.09208923	-0.10395644	0.1224499	-0.15357304	0.1907831	-0.15026787	0.13905594	-0.18658537	0.24115969	-0.20073295	0.1500637	-0.13181917	0.18118352	-0.493647	0.24237613	-0.1298141	0.12857611	-0.25352278	0.9999986	-0.681315	0.09933611	-0.11659033	0.12267655	-0.19639249	0.26336452	-0.097997405	0.13455716	-0.11312996	0.12949164	-0.12638077	0.10476053	-0.08965385	0.108134724	-0.16816095	0.12664746
-0.07081871	0.074928865	-0.1414948	0.10469777	-0.1091963	0.08427973	-0.08453379	0.11537488	-0.11766228	0.124804944	-0.0928913	0.10248043	-0.12131085	0.14853689	-0.21702182	0.14612038	-0.13923146	0.17177989	-0.24092484	0.21187185	-0.15155216	0.12431114	-0.17361572	0.27649176	-0.34953922	0.12394068	-0.12129893	0.20730779	-0.681315	0.9999985	-0.09702451	0.11166598	-0.11908078	0.16534498	-0.44652474	0.09642657	-0.13503799	0.11037156	-0.12695518	0.13733278	-0.10495068	0.08927996	-0.10842112	0.16762649	-0.13952522
0.041368797	-0.0436413	0.08914788	-0.058150727	0.06039659	-0.04890724	0.048072554	-0.064007886	0.058334414	-0.06281816	0.054061826	-0.058816973	0.06546485	-0.07195483	0.10035174	-0.1038213	0.08815189	-0.09352323	0.0862395	-0.07102687	0.12736784	-0.09133964	0.10254628	-0.08864972	0.08307038	-0.56716746	0.27809685	-0.23955211	0.09933611	-0.09702451	0.99999875	-0.46752998	0.2145724	-0.15418744	0.16008934	-0.5205721	0.25389963	-0.1886824	0.12136055	-0.10773924	0.25848943	-0.17765215	0.1735696	-0.18579276	0.11755332
-0.0459354	0.048269294	-0.10115596	0.0653566	-0.06826561	0.0539402	-0.05316493	0.07058584	-0.0654714	0.07051276	-0.059914406	0.06469488	-0.07257827	0.08029067	-0.11452113	0.10834245	-0.095763765	0.10218591	-0.097714685	0.08048475	-0.13052544	0.094350606	-0.11441413	0.10006892	-0.09523438	0.30545425	-0.49801138	0.27233803	-0.11659033	0.11166598	-0.46752998	0.9999986	-0.46559435	0.18902168	-0.19177705	0.24906959	-0.37434962	0.25536507	-0.15447694	0.12789913	-0.24092808	0.19175945	-0.21407257	0.20690028	-0.14193888
0.045233205	-0.047775254	0.09959549	-0.06511656	0.067430556	-0.053382877	0.052437935	-0.070095785	0.064895205	-0.07026964	0.05876689	-0.06379527	0.07146605	-0.08017717	0.11257575	-0.10565148	0.09199604	-0.100890435	0.0972758	-0.08108051	0.11692743	-0.08875801	0.109077185	-0.10270366	0.09549392	-0.22880426	0.23026668	-0.28583676	0.12267655	-0.11908078	0.2145724	-0.46559435	0.99999875	-0.33573025	0.19762719	-0.20751658	0.28538686	-0.63136655	0.22787827	-0.16723566	0.19867724	-0.20569904	0.24626526	-0.2644898	0.17123592
-0.051776916	0.05445917	-0.11743765	0.07653105	-0.079819225	0.060603045	-0.05979161	0.07982034	-0.07672523	0.083108574	-0.06703562	0.07217697	-0.081817865	0.09435271	-0.13711216	0.112422876	-0.1015552	0.112186894	-0.12088247	0.10083451	-0.12279723	0.09276668	-0.11776713	0.13115218	-0.122853085	0.16313788	-0.16502787	0.20727794	-0.19639249	0.16534498	-0.15418744	0.18902168	-0.33573025	0.99999887	-0.30867165	0.15429176	-0.25442293	0.25568324	-0.6932907	0.27141964	-0.18224883	0.16267106	-0.22078197	0.2870079	-0.31389308
0.08923689	-0.09596262	0.19710165	-0.1358924	0.13513817	-0.107102685	0.10394976	-0.14203711	0.13140564	-0.14629857	0.11432016	-0.12612753	0.14039545	-0.16717221	0.21999288	-0.20031805	0.16727866	-0.19463637	0.19691548	-0.18135192	0.18436418	-0.15012872	0.18575472	-0.22589083	0.20835721	-0.21263246	0.18897404	-0.33905882	0.26336452	-0.44652474	0.16008934	-0.19177705	0.19762719	-0.30867165	0.9999986	-0.16763668	0.21977723	-0.19784263	0.22809978	-0.34727478	0.17349814	-0.15727147	0.187935	-0.35849205	0.25456262
-0.04060996	0.04273144	-0.09036068	0.05813964	-0.0605324	0.047703482	-0.046885345	0.062251884	-0.057612795	0.062322285	-0.052834015	0.057004858	-0.06361323	0.070633166	-0.100712314	0.09649787	-0.08400732	0.08873146	-0.08448592	0.070213854	-0.11491636	0.08186448	-0.09650832	0.08622781	-0.08269261	0.2624012	-0.21228553	0.2034063	-0.097997405	0.09642657	-0.5205721	0.24906959	-0.20751658	0.15429176	-0.16763668	0.99999875	-0.3740472	0.19609472	-0.12818176	0.11349968	-0.6264931	0.25275493	-0.23502356	0.2010974	-0.12751839
0.054792557	-0.05808679	0.12078022	-0.07904801	0.08126163	-0.06491252	0.063462906	-0.08498794	0.07778558	-0.08464715	0.07101066	-0.0772735	0.0858776	-0.09629889	0.13351527	-0.1310179	0.11091077	-0.12075526	0.11362297	-0.09533498	0.13991326	-0.10659652	0.12738006	-0.11868151	0.11096864	-0.2882199	0.23962115	-0.3087206	0.13455716	-0.13503799	0.25389963	-0.37434962	0.28538686	-0.25442293	0.21977723	-0.3740472	0.9999988	-0.4124036	0.20246342	-0.17706293	0.29698285	-0.45752224	0.30504128	-0.33968803	0.18425702
-0.042012434	0.04426969	-0.09430545	0.061041515	-0.0634119	0.049354684	-0.048504695	0.064644665	-0.060468726	0.065594494	-0.05447973	0.058811113	-0.06593952	0.07431353	-0.106226355	0.096156806	-0.08450869	0.091554515	-0.09018962	0.0754759	-0.10698717	0.07987972	-0.09827561	0.09393291	-0.089549735	0.18819602	-0.1920016	0.21525958	-0.11312996	0.11037156	-0.1886824	0.25536507	-0.63136655	0.25568324	-0.19784263	0.19609472	-0.4124036	0.99999875	-0.29906958	0.17049623	-0.22296397	0.24564235	-0.43406466	0.26134858	-0.18450284
0.04003188	-0.042272005	0.0904856	-0.05923573	0.061274216	-0.04707055	0.046261135	-0.061957516	0.05876486	-0.063994505	0.05173925	-0.055947237	0.06301639	-0.072659254	0.10355089	-0.088566184	0.078338444	-0.08683487	0.090169884	-0.07653953	0.09433001	-0.07200701	0.090028375	-0.09881639	0.091477476	-0.13376287	0.12874857	-0.17094985	0.12949164	-0.12695518	0.12136055	-0.15447694	0.22787827	-0.6932907	0.22809978	-0.12818176	0.20246342	-0.29906958	0.99999875	-0.44056985	0.14578348	-0.1428839	0.19338481	-0.37670514	0.28185755
-0.041927148	0.044361565	-0.09555998	0.06270503	-0.06453001	0.049346633	-0.04838536	0.06490844	-0.06162166	0.067441985	-0.05402764	0.058425028	-0.065664165	0.0761838	-0.10867135	0.09192977	-0.080822095	0.089662746	-0.09334823	0.080388844	-0.095297165	0.07314459	-0.091468476	0.09964431	-0.09647759	0.122617885	-0.11633642	0.1642271	-0.12638077	0.13733278	-0.10773924	0.12789913	-0.16723566	0.27141964	-0.34727478	0.11349968	-0.17706293	0.17049623	-0.44056985	0.99999857	-0.1318079	0.12057579	-0.1618363	0.28234854	-0.73338807
0.04357956	-0.046145134	0.0959778	-0.06260033	0.06449909	-0.05157833	0.05045585	-0.06743897	0.0616808	-0.06702552	0.056548864	-0.061468937	0.06824884	-0.076220214	0.10607626	-0.105531536	0.089072965	-0.095901825	0.089875385	-0.075218506	0.11560696	-0.08655609	0.10143641	-0.09317618	0.08763994	-0.27268922	0.19219914	-0.23204811	0.10476053	-0.10495068	0.25848943	-0.24092808	0.19867724	-0.18224883	0.17349814	-0.6264931	0.29698285	-0.22296397	0.14578348	-0.1318079	0.99999857	-0.5038114	0.26679036	-0.26683852	0.14189233
-0.035799835	0.03778592	-0.0803564	0.051941544	-0.053795595	0.042136304	-0.041314304	0.05508883	-0.051125113	0.055570703	-0.046386708	0.05014499	-0.055952318	0.062872104	-0.08929078	0.08347284	-0.07215797	0.077742286	-0.07499987	0.0629194	-0.09200001	0.068585046	-0.082588375	0.077517666	-0.074078865	0.17679402	-0.15195233	0.18071882	-0.08965385	0.08927996	-0.17765215	0.19175945	-0.20569904	0.16267106	-0.15727147	0.25275493	-0.45752224	0.24564235	-0.1428839	0.12057579	-0.5038114	0.9999983	-0.624557	0.2416286	-0.13720869
0.042406086	-0.044850104	0.094971865	-0.06172302	0.06369871	-0.050024845	0.048987463	-0.065489136	0.06066517	-0.06605587	0.05488406	-0.05947237	0.06632178	-0.07483001	0.105474174	-0.09876001	0.084868945	-0.0923239	0.089123055	-0.075034864	0.10590699	-0.08025035	0.09713896	-0.09300789	0.08811879	-0.19453605	0.16627754	-0.21862502	0.108134724	-0.10842112	0.1735696	-0.21407257	0.24626526	-0.22078197	0.187935	-0.23502356	0.30504128	-0.43406466	0.19338481	-0.1618363	0.26679036	-0.624557	0.9999983	-0.4201299	0.1775989
-0.06202231	0.065015756	-0.14668985	0.0925825	-0.096968	0.07203745	-0.07093635	0.09408006	-0.09048639	0.09861907	-0.07995146	0.08530621	-0.09606668	0.10993321	-0.16422021	0.133289	-0.12031744	0.1293113	-0.13407065	0.11361937	-0.1471362	0.10892523	-0.13597138	0.13685992	-0.13726464	0.19531523	-0.18878648	0.23786327	-0.16816095	0.16762649	-0.18579276	0.20690028	-0.2644898	0.2870079	-0.35849205	0.2010974	-0.33968803	0.26134858	-0.37670514	0.28234854	-0.26683852	0.2416286	-0.4201299	0.99999833	-0.45691547
0.045821905	-0.04867258	0.104432866	-0.06865924	0.07007548	-0.05415948	0.052883316	-0.0711361	0.06661456	-0.073283106	0.05891798	-0.06395188	0.07140563	-0.08273183	0.11560357	-0.102319375	0.088039435	-0.097823165	0.098396376	-0.085233815	0.10316795	-0.07997275	0.09875869	-0.10593819	0.09991848	-0.13920726	0.12734525	-0.18892379	0.12664746	-0.13952522	0.11755332	-0.14193888	0.17123592	-0.31389308	0.25456262	-0.12751839	0.18425702	-0.18450284	0.28185755	-0.73338807	0.14189233	-0.13720869	0.1775989	-0.45691547	0.99999833
