1.0	-0.89665705	0.09538202	-0.05690343	0.060191285	-0.34001827	0.24761829	-0.100018345	0.056296192	-0.056575097	0.08996175	-0.095187426	0.06678501	-0.03916702	0.038341943	-0.05591063	0.045494024	-0.059331793	0.038609095	-0.026001163	0.03330782	-0.037953153	0.02577992	-0.028264003	0.026371209	-0.037201244	0.0386053	-0.03037089	0.025822096	-0.033889648	0.02180653	-0.0237213	0.019360581	-0.019059783	0.022613248	-0.02462734	0.021384664	-0.01700897	0.018460384	-0.012609976	0.020199878	-0.01440432	0.019515602	-0.016694501	0.016318941
-0.89665705	1.0	-0.1105017	0.05925424	-0.063688084	0.24706067	-0.33848917	0.10514297	-0.058810875	0.056644693	-0.08475551	0.087547764	-0.06504813	0.039450623	-0.03872155	0.05123457	-0.042855598	0.055342924	-0.03843778	0.0257924	-0.031017466	0.03538214	-0.024225537	0.027680634	-0.026139077	0.034276713	-0.036376685	0.028349072	-0.02501925	0.032631032	-0.020645896	0.022405868	-0.018485717	0.01821733	-0.021565882	0.023257144	-0.02031362	0.01617356	-0.017585382	0.012015704	-0.019217819	0.013691392	-0.018574584	0.015882703	-0.015548612
0.09538202	-0.1105017	1.0000002	-0.43308732	0.2559729	-0.18267831	0.17310509	-0.76484156	0.24881996	-0.24596508	0.0893336	-0.10225345	0.13754375	-0.15192315	0.13393973	-0.08445428	0.07601663	-0.1232918	0.11831128	-0.08439919	0.050848905	-0.06762704	0.04845206	-0.08341762	0.080203995	-0.06107134	0.064658	-0.0579971	0.06690971	-0.090500124	0.040968478	-0.044946317	0.041484833	-0.042503603	0.047708567	-0.048812095	0.041819118	-0.03457485	0.037882265	-0.0264049	0.039761085	-0.028681032	0.03912079	-0.03434113	0.03384871
-0.05690343	0.05925424	-0.43308732	1.0000004	-0.7222759	0.10359498	-0.10306223	0.26588124	-0.3887218	0.28168008	-0.060182497	0.06593394	-0.09431226	0.17476383	-0.16760913	0.06071735	-0.056160156	0.081945494	-0.13912874	0.09633983	-0.038005862	0.05187262	-0.039713636	0.09054273	-0.09271776	0.04592785	-0.05166606	0.04723237	-0.06984517	0.09225081	-0.036074743	0.039407574	-0.039595157	0.04116565	-0.045368485	0.04398586	-0.037982747	0.032028105	-0.03543434	0.024948034	-0.036518406	0.026370123	-0.03621347	0.032050196	-0.03191056
0.060191285	-0.063688084	0.2559729	-0.7222759	1.0	-0.12352277	0.11206278	-0.2828219	0.28619543	-0.48405087	0.070623055	-0.07803171	0.10610655	-0.19553684	0.18245187	-0.074601546	0.06766681	-0.09834149	0.15042429	-0.11395205	0.04649923	-0.06384778	0.04862599	-0.109004766	0.1055524	-0.05690627	0.063242085	-0.058551658	0.084692255	-0.117698744	0.04472076	-0.048942287	0.04878423	-0.05089326	0.05675212	-0.05530556	0.047082797	-0.039780878	0.04394801	-0.031170085	0.04534745	-0.032801706	0.044962946	-0.039946273	0.039861165
-0.34001827	0.24706067	-0.18267831	0.10359498	-0.12352277	0.9999999	-0.79578465	0.18297753	-0.11205824	0.10283125	-0.26717743	0.20908533	-0.14556585	0.075473815	-0.07595309	0.11899118	-0.098570734	0.11808922	-0.07711845	0.050651744	-0.072829776	0.07779909	-0.052862	0.055150703	-0.05223675	0.076112516	-0.08257746	0.060753983	-0.05105774	0.06524801	-0.045151085	0.048755948	-0.0392845	0.038288128	-0.045585405	0.04956157	-0.04399137	0.034639	-0.037617676	0.02547107	-0.04145968	0.029425135	-0.039912585	0.03384649	-0.033012815
0.24761829	-0.33848917	0.17310509	-0.10306223	0.11206278	-0.79578465	0.99999964	-0.24582142	0.109885804	-0.104344614	0.19909388	-0.24733937	0.1385076	-0.0748462	0.07218375	-0.1137342	0.09129159	-0.12112043	0.07253894	-0.04864523	0.06672412	-0.074673146	0.05019637	-0.052852772	0.04929271	-0.0733908	0.075562626	-0.058851875	0.048198204	-0.06284697	0.041587207	-0.04531852	0.036487985	-0.03582438	0.04213688	-0.04643558	0.0404864	-0.032070965	0.034724586	-0.02357164	0.037994705	-0.027116092	0.036702733	-0.0313523	0.030474866
-0.100018345	0.10514297	-0.76484156	0.26588124	-0.2828219	0.18297753	-0.24582142	0.99999964	-0.35468215	0.22474733	-0.09862019	0.110589996	-0.1817274	0.16162536	-0.15057881	0.08735453	-0.08146872	0.1304239	-0.13265274	0.08942151	-0.05318281	0.070154555	-0.05060972	0.08720618	-0.08717124	0.06274176	-0.067900434	0.059645504	-0.07002955	0.09140536	-0.042582553	0.04656441	-0.04315893	0.04403438	-0.04929029	0.050094392	-0.043466624	0.035834283	-0.039325107	0.027285386	-0.04132966	0.029739352	-0.04062969	0.035518162	-0.03500931
0.056296192	-0.058810875	0.24881996	-0.3887218	0.28619543	-0.11205824	0.109885804	-0.35468215	0.9999996	-0.577936	0.06894468	-0.076309204	0.11217349	-0.47836372	0.26994747	-0.07324846	0.06823305	-0.099838585	0.21368638	-0.1574163	0.04621887	-0.064840436	0.051445816	-0.14377618	0.13958484	-0.05632516	0.06481423	-0.06126938	0.10190285	-0.13783653	0.047369957	-0.051973056	0.054475084	-0.0577614	0.061275013	-0.058615126	0.050522197	-0.043210328	0.04785489	-0.03374821	0.048432156	-0.03518719	0.048394326	-0.04329233	0.042886585
-0.056575097	0.056644693	-0.24596508	0.28168008	-0.48405087	0.10283125	-0.104344614	0.22474733	-0.577936	0.99999964	-0.069964096	0.07469983	-0.1122934	0.28998846	-0.41959366	0.07536277	-0.071678	0.0971986	-0.25704187	0.18692572	-0.048817754	0.06863002	-0.05600469	0.15859683	-0.18635824	0.059234433	-0.07081808	0.06588854	-0.11972061	0.14925347	-0.05360102	0.058344744	-0.06315308	0.066119224	-0.07133359	0.06598442	-0.057955973	0.049588386	-0.055348538	0.039055366	-0.056142755	0.04053124	-0.05604636	0.04977898	-0.04989222
0.08996175	-0.08475551	0.0893336	-0.060182497	0.070623055	-0.26717743	0.19909388	-0.09862019	0.06894468	-0.069964096	0.9999996	-0.7993676	0.23402902	-0.058139585	0.057987045	-0.3364423	0.18097384	-0.22202386	0.06801404	-0.04333665	0.14728282	-0.13498667	0.08368934	-0.05341669	0.046123542	-0.14898954	0.13528171	-0.0963127	0.05436838	-0.06849057	0.06354863	-0.07003584	0.049422517	-0.046864476	0.054300528	-0.066008605	0.058643997	-0.044773538	0.047575805	-0.031014645	0.0529753	-0.037854426	0.050763875	-0.04263055	0.040062528
-0.095187426	0.087547764	-0.10225345	0.06593394	-0.07803171	0.20908533	-0.24733937	0.110589996	-0.076309204	0.07469983	-0.7993676	0.9999995	-0.3614906	0.063284844	-0.06286321	0.21954407	-0.18455084	0.21333045	-0.07219541	0.04567619	-0.13323778	0.12749854	-0.08245951	0.055241365	-0.048578028	0.12541744	-0.13693534	0.09142101	-0.055799235	0.069540925	-0.06482107	0.07018101	-0.050504457	0.04768127	-0.05589714	0.06616098	-0.060151536	0.045721196	-0.04887385	0.031846076	-0.054731768	0.038846537	-0.052289695	0.043611035	-0.04122097
0.06678501	-0.06504813	0.13754375	-0.09431226	0.10610655	-0.14556585	0.1385076	-0.1817274	0.11217349	-0.1122934	0.23402902	-0.3614906	0.99999976	-0.10774879	0.096290484	-0.2656446	0.26084825	-0.7433551	0.11185659	-0.071074516	0.145848	-0.20798463	0.12992994	-0.085280046	0.072908714	-0.17628264	0.16873756	-0.15367177	0.08118771	-0.10406615	0.082475096	-0.092274964	0.06736303	-0.06525862	0.07387828	-0.08936637	0.077083506	-0.06000654	0.063764155	-0.04207227	0.06980186	-0.050302852	0.06742181	-0.057490077	0.054134965
-0.03916702	0.039450623	-0.15192315	0.17476383	-0.19553684	0.075473815	-0.0748462	0.16162536	-0.47836372	0.28998846	-0.058139585	0.063284844	-0.10774879	0.9999997	-0.61643755	0.06695349	-0.064817704	0.091822304	-0.44834074	0.23637424	-0.04341506	0.06350982	-0.054368198	0.20154557	-0.21424508	0.05319882	-0.06458752	0.06379013	-0.13187258	0.16569181	-0.050332338	0.055405855	-0.06287764	0.06788833	-0.06729938	0.062657245	-0.054803405	0.0477611	-0.0531412	0.0371681	-0.052187722	0.038174994	-0.052783575	0.04769846	-0.046847478
0.038341943	-0.03872155	0.13393973	-0.16760913	0.18245187	-0.07595309	0.07218375	-0.15057881	0.26994747	-0.41959366	0.057987045	-0.06286321	0.096290484	-0.61643755	0.9999996	-0.0701617	0.06660688	-0.0895358	0.28879562	-0.44807988	0.045901433	-0.06813795	0.059302792	-0.23479624	0.24796236	-0.056928314	0.069817245	-0.07057533	0.14732707	-0.20564659	0.056535512	-0.062428333	0.07114033	-0.077995084	0.07738447	-0.071806975	0.061919626	-0.05438419	0.060410816	-0.042719103	0.05909977	-0.043395456	0.059902996	-0.054608822	0.05364775
-0.05591063	0.05123457	-0.08445428	0.06071735	-0.074601546	0.11899118	-0.1137342	0.08735453	-0.07324846	0.07536277	-0.3364423	0.21954407	-0.2656446	0.06695349	-0.0701617	0.9999996	-0.49771175	0.23058026	-0.08952098	0.05516986	-0.52920175	0.25079328	-0.1504627	0.07375483	-0.061852094	0.28900328	-0.30044198	0.1572191	-0.08231189	0.09868853	-0.12222231	0.1319362	-0.08693475	0.07927009	-0.09161185	0.1145423	-0.10859535	0.07978182	-0.084305055	0.0530224	-0.09534102	0.06759452	-0.090650335	0.0743218	-0.068590224
0.045494024	-0.042855598	0.07601663	-0.056160156	0.06766681	-0.098570734	0.09129159	-0.08146872	0.06823305	-0.071678	0.18097384	-0.18455084	0.26084825	-0.064817704	0.06660688	-0.49771175	0.9999996	-0.45217633	0.087658	-0.054111417	0.22135805	-0.53227854	0.19524139	-0.074833676	0.0600576	-0.25310177	0.2597593	-0.2178334	0.08035117	-0.0972078	0.10543009	-0.12223259	0.07822756	-0.07328156	0.0805912	-0.105767086	0.09403223	-0.07085284	0.07381439	-0.04680558	0.08147605	-0.058957893	0.07838961	-0.065885626	0.06010916
-0.059331793	0.055342924	-0.1232918	0.081945494	-0.09834149	0.11808922	-0.12112043	0.1304239	-0.099838585	0.0971986	-0.22202386	0.21333045	-0.7433551	0.091822304	-0.0895358	0.23058026	-0.45217633	0.9999996	-0.1147168	0.06695428	-0.14317128	0.21294968	-0.14953348	0.08257381	-0.070558324	0.15417568	-0.18761604	0.14741048	-0.08004302	0.09814529	-0.08637746	0.09469003	-0.06866887	0.06528267	-0.07457609	0.088467784	-0.08009998	0.061235476	-0.065330535	0.042529065	-0.0722735	0.05158452	-0.06942658	0.05826794	-0.054880332
0.038609095	-0.03843778	0.11831128	-0.13912874	0.15042429	-0.07711845	0.07253894	-0.13265274	0.21368638	-0.25704187	0.06801404	-0.07219541	0.11185659	-0.44834074	0.28879562	-0.08952098	0.087658	-0.1147168	0.9999995	-0.39004365	0.06013411	-0.09400973	0.088499434	-0.5404781	0.287665	-0.07517414	0.09682807	-0.104575366	0.24793653	-0.3458702	0.08261296	-0.09211561	0.11011574	-0.12574926	0.11523312	-0.10632394	0.091633916	-0.082054645	0.09094682	-0.06402473	0.08659841	-0.064236835	0.08872709	-0.082151994	0.07951257
-0.026001163	0.0257924	-0.08439919	0.09633983	-0.11395205	0.050651744	-0.04864523	0.08942151	-0.1574163	0.18692572	-0.04333665	0.04567619	-0.071074516	0.23637424	-0.44807988	0.05516986	-0.054111417	0.06695428	-0.39004365	0.9999992	-0.03736144	0.05733756	-0.054717448	0.2675917	-0.7130075	0.046311643	-0.060429305	0.06312965	-0.1686887	0.18926297	-0.051552787	0.05688543	-0.07113076	0.077682145	-0.07188419	0.06455145	-0.05761637	0.051255062	-0.05744935	0.03972892	-0.054503758	0.04012542	-0.055894624	0.05094521	-0.04971499
0.03330782	-0.031017466	0.050848905	-0.038005862	0.04649923	-0.072829776	0.06672412	-0.05318281	0.04621887	-0.048817754	0.14728282	-0.13323778	0.145848	-0.04341506	0.045901433	-0.52920175	0.22135805	-0.14317128	0.06013411	-0.03736144	0.99999946	-0.21957594	0.115057774	-0.05199261	0.042309877	-0.73122835	0.24380122	-0.13552922	0.059403937	-0.07185374	0.09226108	-0.10795818	0.064598426	-0.059395146	0.06521793	-0.089131504	0.07993954	-0.05926539	0.061176915	-0.038180724	0.06796267	-0.04923477	0.06521364	-0.054401472	0.04904063
-0.037953153	0.03538214	-0.06762704	0.05187262	-0.06384778	0.07779909	-0.074673146	0.070154555	-0.064840436	0.06863002	-0.13498667	0.12749854	-0.20798463	0.06350982	-0.06813795	0.25079328	-0.53227854	0.21294968	-0.09400973	0.05733756	-0.21957594	0.9999991	-0.41815203	0.08582134	-0.06701701	0.22427928	-0.5219248	0.277059	-0.09689026	0.1103382	-0.1485537	0.16961247	-0.10276268	0.092408426	-0.09943285	0.13228342	-0.12715524	0.091974124	-0.09526608	0.058379937	-0.10516551	0.07588066	-0.10106155	0.083401635	-0.074902944
0.02577992	-0.024225537	0.04845206	-0.039713636	0.04862599	-0.052862	0.05019637	-0.05060972	0.051445816	-0.05600469	0.08368934	-0.08245951	0.12992994	-0.054368198	0.059302792	-0.1504627	0.19524139	-0.14953348	0.088499434	-0.054717448	0.115057774	-0.41815203	0.9999992	-0.10291419	0.066762656	-0.13514878	0.2278806	-0.8316011	0.1006343	-0.10567076	0.09264876	-0.1077649	0.07604118	-0.07343848	0.07364204	-0.09265623	0.084314786	-0.064802915	0.06791962	-0.04280475	0.072640345	-0.052833304	0.07072994	-0.060062345	0.05452544
-0.028264003	0.027680634	-0.08341762	0.09054273	-0.109004766	0.055150703	-0.052852772	0.08720618	-0.14377618	0.15859683	-0.05341669	0.055241365	-0.085280046	0.20154557	-0.23479624	0.07375483	-0.074833676	0.08257381	-0.5404781	0.2675917	-0.05199261	0.08582134	-0.10291419	0.9999991	-0.4809657	0.06455926	-0.09098149	0.10701073	-0.50369066	0.2937642	-0.08066435	0.08983516	-0.13145578	0.14580017	-0.110745214	0.09822503	-0.091931805	0.083828025	-0.094960995	0.061996795	-0.084124565	0.06267808	-0.088293746	0.08100051	-0.076634794
0.026371209	-0.026139077	0.080203995	-0.09271776	0.1055524	-0.05223675	0.04929271	-0.08717124	0.13958484	-0.18635824	0.046123542	-0.048578028	0.072908714	-0.21424508	0.24796236	-0.061852094	0.0600576	-0.070558324	0.287665	-0.7130075	0.042309877	-0.06701701	0.066762656	-0.4809657	0.9999989	-0.05299997	0.07020363	-0.077767886	0.20996271	-0.2699011	0.061637886	-0.0686945	0.08654905	-0.09890479	0.086915754	-0.07847871	0.06915095	-0.06236428	0.069488764	-0.048301857	0.065052606	-0.048291802	0.06707387	-0.06204092	0.059835494
-0.037201244	0.034276713	-0.06107134	0.04592785	-0.05690627	0.076112516	-0.0733908	0.06274176	-0.05632516	0.059234433	-0.14898954	0.12541744	-0.17628264	0.05319882	-0.056928314	0.28900328	-0.25310177	0.15417568	-0.07517414	0.046311643	-0.73122835	0.22427928	-0.13514878	0.06455926	-0.05299997	0.99999887	-0.44226298	0.14889157	-0.07576102	0.090200275	-0.13352224	0.14964123	-0.08858882	0.079083875	-0.08749076	0.11790788	-0.112374	0.08088827	-0.083737835	0.051369965	-0.09362978	0.06728339	-0.08951443	0.07347337	-0.066116534
0.0386053	-0.036376685	0.064658	-0.05166606	0.063242085	-0.08257746	0.075562626	-0.067900434	0.06481423	-0.07081808	0.13528171	-0.13693534	0.16873756	-0.06458752	0.069817245	-0.30044198	0.2597593	-0.18761604	0.09682807	-0.060429305	0.24380122	-0.5219248	0.2278806	-0.09098149	0.07020363	-0.44226298	0.9999985	-0.311309	0.11014326	-0.13278212	0.20537947	-0.36371294	0.1386705	-0.12705515	0.120148756	-0.19820455	0.1697109	-0.12620588	0.121154845	-0.072781265	0.1288606	-0.09858955	0.12638246	-0.10863238	0.09180264
-0.03037089	0.028349072	-0.0579971	0.04723237	-0.058551658	0.060753983	-0.058851875	0.059645504	-0.06126938	0.06588854	-0.0963127	0.09142101	-0.15367177	0.06379013	-0.07057533	0.1572191	-0.2178334	0.14741048	-0.104575366	0.06312965	-0.13552922	0.277059	-0.8316011	0.10701073	-0.077767886	0.14889157	-0.311309	0.99999833	-0.12714659	0.122602075	-0.120521165	0.13261177	-0.09696301	0.09055071	-0.09420065	0.11379307	-0.109394	0.082298085	-0.08731936	0.054546542	-0.09480135	0.067903236	-0.09160663	0.07624532	-0.06990755
0.025822096	-0.02501925	0.06690971	-0.06984517	0.084692255	-0.05105774	0.048198204	-0.07002955	0.10190285	-0.11972061	0.05436838	-0.055799235	0.08118771	-0.13187258	0.14732707	-0.08231189	0.08035117	-0.08004302	0.24793653	-0.1686887	0.059403937	-0.09689026	0.1006343	-0.50369066	0.20996271	-0.07576102	0.11014326	-0.12714659	0.99999815	-0.66775966	0.11188138	-0.12972684	0.20568539	-0.32243302	0.1570889	-0.13982955	0.13095993	-0.12710756	0.14132383	-0.09050168	0.116636254	-0.08930963	0.12553692	-0.120790735	0.10792733
-0.033889648	0.032631032	-0.090500124	0.09225081	-0.117698744	0.06524801	-0.06284697	0.09140536	-0.13783653	0.14925347	-0.06849057	0.069540925	-0.10406615	0.16569181	-0.20564659	0.09868853	-0.0972078	0.09814529	-0.3458702	0.18926297	-0.07185374	0.1103382	-0.10567076	0.2937642	-0.2699011	0.090200275	-0.13278212	0.122602075	-0.66775966	0.9999977	-0.13950065	0.14969124	-0.23216254	0.22881515	-0.24997926	0.1660759	-0.16758955	0.1507049	-0.17737135	0.12631415	-0.16228811	0.11713086	-0.16891274	0.14972329	-0.15785462
0.02180653	-0.020645896	0.040968478	-0.036074743	0.04472076	-0.045151085	0.041587207	-0.042582553	0.047369957	-0.05360102	0.06354863	-0.06482107	0.082475096	-0.050332338	0.056535512	-0.12222231	0.10543009	-0.08637746	0.08261296	-0.051552787	0.09226108	-0.1485537	0.09264876	-0.08066435	0.061637886	-0.13352224	0.20537947	-0.120521165	0.11188138	-0.13950065	0.999998	-0.6201163	0.18808421	-0.1745145	0.14779781	-0.63453704	0.24872485	-0.18179213	0.16326472	-0.09355604	0.17461084	-0.13887821	0.17027946	-0.14826623	0.116338015
-0.0237213	0.022405868	-0.044946317	0.039407574	-0.048942287	0.048755948	-0.04531852	0.04656441	-0.051973056	0.058344744	-0.07003584	0.07018101	-0.092274964	0.055405855	-0.062428333	0.1319362	-0.12223259	0.09469003	-0.09211561	0.05688543	-0.10795818	0.16961247	-0.1077649	0.08983516	-0.0686945	0.14964123	-0.36371294	0.13261177	-0.12972684	0.14969124	-0.6201163	0.9999978	-0.30647	0.20642547	-0.16413076	0.3081702	-0.40257868	0.22317949	-0.20161356	0.10492438	-0.20165686	0.1590933	-0.20294769	0.16696693	-0.13019472
0.019360581	-0.018485717	0.041484833	-0.039595157	0.04878423	-0.0392845	0.036487985	-0.04315893	0.054475084	-0.06315308	0.049422517	-0.050504457	0.06736303	-0.06287764	0.07114033	-0.08693475	0.07822756	-0.06866887	0.11011574	-0.07113076	0.064598426	-0.10276268	0.07604118	-0.13145578	0.08654905	-0.08858882	0.1386705	-0.09696301	0.20568539	-0.23216254	0.18808421	-0.30647	0.9999975	-0.7627772	0.17186107	-0.22000103	0.2326895	-0.33094513	0.23793843	-0.11762999	0.15776013	-0.13704987	0.19063075	-0.19419387	0.13271965
-0.019059783	0.01821733	-0.042503603	0.04116565	-0.05089326	0.038288128	-0.03582438	0.04403438	-0.0577614	0.066119224	-0.046864476	0.04768127	-0.06525862	0.06788833	-0.077995084	0.07927009	-0.07328156	0.06528267	-0.12574926	0.077682145	-0.059395146	0.092408426	-0.07343848	0.14580017	-0.09890479	0.079083875	-0.12705515	0.09055071	-0.32243302	0.22881515	-0.1745145	0.20642547	-0.7627772	0.9999976	-0.20267689	0.18709253	-0.22177352	0.23557597	-0.3062571	0.12635027	-0.16294175	0.13202499	-0.19828078	0.19145182	-0.1441152
0.022613248	-0.021565882	0.047708567	-0.045368485	0.05675212	-0.045585405	0.04213688	-0.04929029	0.061275013	-0.07133359	0.054300528	-0.05589714	0.07387828	-0.06729938	0.07738447	-0.09161185	0.0805912	-0.07457609	0.11523312	-0.07188419	0.06521793	-0.09943285	0.07364204	-0.110745214	0.086915754	-0.08749076	0.120148756	-0.09420065	0.1570889	-0.24997926	0.14779781	-0.16413076	0.17186107	-0.20267689	0.9999979	-0.23326203	0.18136197	-0.1784808	0.2188672	-0.5231677	0.1849036	-0.14386289	0.19865695	-0.23424502	0.31006914
-0.02462734	0.023257144	-0.048812095	0.04398586	-0.05530556	0.04956157	-0.04643558	0.050094392	-0.058615126	0.06598442	-0.066008605	0.06616098	-0.08936637	0.062657245	-0.071806975	0.1145423	-0.105767086	0.088467784	-0.10632394	0.06455145	-0.089131504	0.13228342	-0.09265623	0.09822503	-0.07847871	0.11790788	-0.19820455	0.11379307	-0.13982955	0.1660759	-0.63453704	0.3081702	-0.22000103	0.18709253	-0.23326203	0.99999785	-0.39179653	0.23581362	-0.24753131	0.14069024	-0.31572965	0.21045941	-0.27816987	0.20875417	-0.18297423
0.021384664	-0.02031362	0.041819118	-0.037982747	0.047082797	-0.04399137	0.0404864	-0.043466624	0.050522197	-0.057955973	0.058643997	-0.060151536	0.077083506	-0.054803405	0.061919626	-0.10859535	0.09403223	-0.08009998	0.091633916	-0.05761637	0.07993954	-0.12715524	0.084314786	-0.091931805	0.06915095	-0.112374	0.1697109	-0.109394	0.13095993	-0.16758955	0.24872485	-0.40257868	0.2326895	-0.22177352	0.18136197	-0.39179653	0.99999815	-0.5985749	0.2677713	-0.13364504	0.24683364	-0.31148055	0.27451468	-0.2567025	0.15581115
-0.01700897	0.01617356	-0.03457485	0.032028105	-0.039780878	0.034639	-0.032070965	0.035834283	-0.043210328	0.049588386	-0.044773538	0.045721196	-0.06000654	0.0477611	-0.05438419	0.07978182	-0.07085284	0.061235476	-0.082054645	0.051255062	-0.05926539	0.091974124	-0.064802915	0.083828025	-0.06236428	0.08088827	-0.12620588	0.082298085	-0.12710756	0.1507049	-0.18179213	0.22317949	-0.33094513	0.23557597	-0.1784808	0.23581362	-0.5985749	0.99999803	-0.49577045	0.14238141	-0.22136983	0.21525377	-0.38587022	0.27601922	-0.16451754
0.018460384	-0.017585382	0.037882265	-0.03543434	0.04394801	-0.037617676	0.034724586	-0.039325107	0.04785489	-0.055348538	0.047575805	-0.04887385	0.063764155	-0.0531412	0.060410816	-0.084305055	0.07381439	-0.065330535	0.09094682	-0.05744935	0.061176915	-0.09526608	0.06791962	-0.094960995	0.069488764	-0.083737835	0.121154845	-0.08731936	0.14132383	-0.17737135	0.16326472	-0.20161356	0.23793843	-0.3062571	0.2188672	-0.24753131	0.2677713	-0.49577045	0.99999833	-0.2557059	0.20049869	-0.19219355	0.29129353	-0.5994814	0.23108594
-0.012609976	0.012015704	-0.0264049	0.024948034	-0.031170085	0.02547107	-0.02357164	0.027285386	-0.03374821	0.039055366	-0.031014645	0.031846076	-0.04207227	0.0371681	-0.042719103	0.0530224	-0.04680558	0.042529065	-0.06402473	0.03972892	-0.038180724	0.058379937	-0.04280475	0.061996795	-0.048301857	0.051369965	-0.072781265	0.054546542	-0.09050168	0.12631415	-0.09355604	0.10492438	-0.11762999	0.12635027	-0.5231677	0.14069024	-0.13364504	0.14238141	-0.2557059	0.9999983	-0.12579283	0.10287848	-0.15945151	0.21451418	-0.742696
0.020199878	-0.019217819	0.039761085	-0.036518406	0.04534745	-0.04145968	0.037994705	-0.04132966	0.048432156	-0.056142755	0.0529753	-0.054731768	0.06980186	-0.052187722	0.05909977	-0.09534102	0.08147605	-0.0722735	0.08659841	-0.054503758	0.06796267	-0.10516551	0.072640345	-0.084124565	0.065052606	-0.09362978	0.1288606	-0.09480135	0.116636254	-0.16228811	0.17461084	-0.20165686	0.15776013	-0.16294175	0.1849036	-0.31572965	0.24683364	-0.22136983	0.20049869	-0.12579283	0.99999803	-0.73857176	0.2949308	-0.26160422	0.15504818
-0.01440432	0.013691392	-0.028681032	0.026370123	-0.032801706	0.029425135	-0.027116092	0.029739352	-0.03518719	0.04053124	-0.037854426	0.038846537	-0.050302852	0.038174994	-0.043395456	0.06759452	-0.058957893	0.05158452	-0.064236835	0.04012542	-0.04923477	0.07588066	-0.052833304	0.06267808	-0.048291802	0.06728339	-0.09858955	0.067903236	-0.08930963	0.11713086	-0.13887821	0.1590933	-0.13704987	0.13202499	-0.14386289	0.21045941	-0.31148055	0.21525377	-0.19219355	0.10287848	-0.73857176	0.999998	-0.4893448	0.22425875	-0.12921877
0.019515602	-0.018574584	0.03912079	-0.03621347	0.044962946	-0.039912585	0.036702733	-0.04062969	0.048394326	-0.05604636	0.050763875	-0.052289695	0.06742181	-0.052783575	0.059902996	-0.090650335	0.07838961	-0.06942658	0.08872709	-0.055894624	0.06521364	-0.10106155	0.07072994	-0.088293746	0.06707387	-0.08951443	0.12638246	-0.09160663	0.12553692	-0.16891274	0.17027946	-0.20294769	0.19063075	-0.19828078	0.19865695	-0.27816987	0.27451468	-0.38587022	0.29129353	-0.15945151	0.2949308	-0.4893448	0.9999978	-0.5386933	0.19184577
-0.016694501	0.015882703	-0.03434113	0.032050196	-0.039946273	0.03384649	-0.0313523	0.035518162	-0.04329233	0.04977898	-0.04263055	0.043611035	-0.057490077	0.04769846	-0.054608822	0.0743218	-0.065885626	0.05826794	-0.082151994	0.05094521	-0.054401472	0.083401635	-0.060062345	0.08100051	-0.06204092	0.07347337	-0.10863238	0.07624532	-0.120790735	0.14972329	-0.14826623	0.16696693	-0.19419387	0.19145182	-0.23424502	0.20875417	-0.2567025	0.27601922	-0.5994814	0.21451418	-0.26160422	0.22425875	-0.5386933	0.99999785	-0.3269583
0.016318941	-0.015548612	0.03384871	-0.03191056	0.039861165	-0.033012815	0.030474866	-0.03500931	0.042886585	-0.04989222	0.040062528	-0.04122097	0.054134965	-0.046847478	0.05364775	-0.068590224	0.06010916	-0.054880332	0.07951257	-0.04971499	0.04904063	-0.074902944	0.05452544	-0.076634794	0.059835494	-0.066116534	0.09180264	-0.06990755	0.10792733	-0.15785462	0.116338015	-0.13019472	0.13271965	-0.1441152	0.31006914	-0.18297423	0.15581115	-0.16451754	0.23108594	-0.742696	0.15504818	-0.12921877	0.19184577	-0.3269583	0.99999785
