1.0000001	-0.070451155	0.051831026	-0.07838466	0.04428358	-0.9747073	0.12939417	-0.08081194	0.06565744	-0.038848244	0.055567708	-0.11280741	0.07125449	-0.05277701	0.0518158	-0.048973933	0.059915986	-0.053030945	0.05344057	-0.039691314	0.035640914	-0.034301948	0.03380546	-0.03601031	0.03850515	-0.02941945	0.02880737	-0.027135177	0.030041322	-0.028925274	0.017878694	-0.017126411	0.02937676	-0.032605924	0.028463012	-0.020643868	0.019962039	-0.018412834	0.023016084	-0.020232698	0.014753993	-0.014349625	0.018838678	-0.021062965	0.023232311
-0.070451155	1.0000002	-0.85161513	0.28006086	-0.17372376	0.062585734	-0.16514859	0.17887896	-0.23710692	0.12768568	-0.10592516	0.13155371	-0.18134505	0.13994002	-0.16252069	0.08586265	-0.13927656	0.11965623	-0.14637744	0.10700419	-0.087322846	0.080134325	-0.08469365	0.08854149	-0.11166923	0.06974986	-0.07299147	0.067519896	-0.077178925	0.07498987	-0.044694923	0.04213168	-0.07555324	0.08044701	-0.075989895	0.050273184	-0.05117608	0.04690472	-0.06007515	0.052308183	-0.036993217	0.03611339	-0.048144046	0.053067397	-0.060815092
0.051831026	-0.85161513	1.0000001	-0.41537964	0.13363071	-0.048767697	0.12625876	-0.17478615	0.19224638	-0.10332253	0.078430735	-0.10538148	0.14188954	-0.11075461	0.12193198	-0.06486514	0.10354521	-0.09253967	0.10994037	-0.08169214	0.0647014	-0.060075857	0.06297599	-0.06666947	0.08264589	-0.052175768	0.054138575	-0.050407417	0.057541654	-0.05615053	0.033207495	-0.031411823	0.056096252	-0.06038193	0.05637237	-0.037711784	0.038019247	-0.034913037	0.044569165	-0.038948376	0.027587969	-0.026929637	0.035800774	-0.039627295	0.045092586
-0.07838466	0.28006086	-0.41537964	1.0	-0.3563523	0.07123819	-0.24039541	0.26830712	-0.5217272	0.24485789	-0.16754225	0.19898452	-0.2837723	0.23871842	-0.28120062	0.13608253	-0.2227912	0.19335951	-0.24245562	0.17970271	-0.14076525	0.12933512	-0.13713388	0.14441203	-0.18522358	0.112733096	-0.11813874	0.10958469	-0.12578133	0.12289424	-0.07229378	0.06819232	-0.1226147	0.13094342	-0.12410001	0.08154784	-0.082983986	0.07612768	-0.09759793	0.08514808	-0.059964653	0.058580063	-0.078088194	0.0862044	-0.09877856
0.04428358	-0.17372376	0.13363071	-0.3563523	1.0	-0.04251924	0.13541846	-0.18815883	0.26007208	-0.8032989	0.10144221	-0.13348658	0.16948083	-0.19993655	0.24561626	-0.08951502	0.13680539	-0.13732977	0.15926161	-0.17462325	0.09398878	-0.09021542	0.09367858	-0.10832833	0.13637197	-0.08027918	0.08160798	-0.07896549	0.090669595	-0.09455155	0.05045911	-0.048522174	0.08656361	-0.099030405	0.08918387	-0.061495647	0.05932445	-0.05505142	0.06969844	-0.0624265	0.043804772	-0.042816974	0.05623664	-0.06388319	0.07040211
-0.9747073	0.062585734	-0.048767697	0.07123819	-0.04251924	1.0	-0.15031095	0.07679738	-0.06385434	0.036964644	-0.055026434	0.10478302	-0.06964405	0.05028746	-0.04980862	0.046604704	-0.058083467	0.05032301	-0.05148379	0.037491117	-0.03394053	0.03251463	-0.032153938	0.033975273	-0.03663625	0.02775463	-0.027272189	0.025607238	-0.02841588	0.02727414	-0.016890405	0.01614879	-0.027745338	0.030644467	-0.026900642	0.019309947	-0.018776441	0.017316887	-0.021671226	0.01903838	-0.013837788	0.0134680215	-0.017705476	0.0197586	-0.021867594
0.12939417	-0.16514859	0.12625876	-0.24039541	0.13541846	-0.15031095	1.0000002	-0.44033888	0.22701249	-0.12801671	0.16869077	-0.73274946	0.2850133	-0.18777063	0.16546343	-0.15509899	0.2049352	-0.18843818	0.17536819	-0.12589951	0.10887418	-0.10978999	0.104925334	-0.11247075	0.11745585	-0.09009894	0.086996436	-0.08269355	0.09186502	-0.088393435	0.053859383	-0.05179887	0.08834845	-0.099226095	0.08570484	-0.061679333	0.05936926	-0.05500924	0.06848303	-0.06061112	0.04387218	-0.042763907	0.05601763	-0.06287738	0.0689668
-0.08081194	0.17887896	-0.17478615	0.26830712	-0.18815883	0.07679738	-0.44033888	1.0	-0.5264348	0.17679282	-0.14467052	0.27912965	-0.55794716	0.24528481	-0.21855171	0.1242419	-0.20064853	0.19960676	-0.21568604	0.14229691	-0.10835501	0.106281415	-0.1073656	0.11552298	-0.13347833	0.08817156	-0.08835047	0.083744235	-0.095736794	0.0928651	-0.054170106	0.05175196	-0.09067294	0.100518234	-0.0904625	0.061423644	-0.060442932	0.055994075	-0.070540056	0.06247815	-0.044164725	0.043205786	-0.056961607	0.063740924	-0.07104471
0.06565744	-0.23710692	0.19224638	-0.5217272	0.26007208	-0.06385434	0.22701249	-0.5264348	0.9999999	-0.34818223	0.1361069	-0.21725704	0.2843495	-0.33210456	0.25084007	-0.12067845	0.18549399	-0.19541714	0.2189691	-0.17239447	0.11556213	-0.112298004	0.1147433	-0.12883635	0.15157557	-0.0966893	0.09754601	-0.09334137	0.106682	-0.106292285	0.060124364	-0.057623778	0.101746574	-0.11427217	0.10256484	-0.0707281	0.06894448	-0.06383561	0.08059104	-0.07155366	0.050670847	-0.04949916	0.06515549	-0.07331727	0.081335396
-0.038848244	0.12768568	-0.10332253	0.24485789	-0.8032989	0.036964644	-0.12801671	0.17679282	-0.34818223	0.9999996	-0.09012196	0.120787375	-0.16829897	0.19708765	-0.34939933	0.07883463	-0.12423673	0.1251116	-0.15470162	0.15842322	-0.08180005	0.078687415	-0.08226488	0.09441593	-0.13019954	0.06897694	-0.07050646	0.06810864	-0.07946587	0.082737334	-0.04331055	0.04155407	-0.07469968	0.08469053	-0.07861328	0.05158029	-0.050501548	0.04693047	-0.059804615	0.053614702	-0.036956206	0.03624667	-0.047783203	0.0541192	-0.060325865
0.055567708	-0.10592516	0.078430735	-0.16754225	0.10144221	-0.055026434	0.16869077	-0.14467052	0.1361069	-0.09012196	0.9999999	-0.24104567	0.16379836	-0.14077523	0.13565668	-0.83479947	0.25931793	-0.20266601	0.16369677	-0.1191764	0.16686422	-0.1521061	0.13102715	-0.13396752	0.11645162	-0.13423578	0.111081496	-0.10383579	0.10737679	-0.09872778	0.07022949	-0.06832491	0.10563057	-0.119131766	0.09573321	-0.07413814	0.06972174	-0.06477874	0.07839269	-0.06918254	0.0519897	-0.05051539	0.065496095	-0.07316316	0.07851378
-0.11280741	0.13155371	-0.10538148	0.19898452	-0.13348658	0.10478302	-0.73274946	0.27912965	-0.21725704	0.120787375	-0.24104567	1.0000001	-0.40933454	0.19520968	-0.17716223	0.18058613	-0.29051867	0.20742667	-0.19957426	0.12684149	-0.119911544	0.12075334	-0.11495677	0.11695146	-0.121778384	0.09468531	-0.0914782	0.0858942	-0.09577815	0.09009791	-0.056168493	0.053705048	-0.09122217	0.10087617	-0.08781562	0.061479654	-0.060039714	0.05568781	-0.06925609	0.061233174	-0.043985926	0.042982176	-0.05645818	0.06298653	-0.06956344
0.07125449	-0.18134505	0.14188954	-0.2837723	0.16948083	-0.06964405	0.2850133	-0.55794716	0.2843495	-0.16829897	0.16379836	-0.40933454	1.0000002	-0.42207405	0.24011834	-0.1516379	0.23813182	-0.3371606	0.26644224	-0.17262235	0.1259501	-0.12835203	0.12622525	-0.14009069	0.15064745	-0.104552776	0.10282242	-0.098828815	0.1125098	-0.109366186	0.06323798	-0.060834497	0.10560408	-0.119457096	0.10454146	-0.072693765	0.070399046	-0.06544349	0.08183548	-0.07292914	0.051780216	-0.050642375	0.06644136	-0.074829854	0.0823326
-0.05277701	0.13994002	-0.11075461	0.23871842	-0.19993655	0.05028746	-0.18777063	0.24528481	-0.33210456	0.19708765	-0.14077523	0.19520968	-0.42207405	1.0000002	-0.539451	0.12573859	-0.21865904	0.25561047	-0.5102616	0.21853821	-0.12367615	0.12361012	-0.12917666	0.15128966	-0.18848066	0.10249	-0.10389948	0.10092857	-0.12150343	0.119256295	-0.06311695	0.06061275	-0.108582884	0.122779205	-0.11301055	0.0722069	-0.07119052	0.06647791	-0.084227346	0.07573753	-0.051734846	0.050930504	-0.06714751	0.07582677	-0.08458872
0.0518158	-0.16252069	0.12193198	-0.28120062	0.24561626	-0.04980862	0.16546343	-0.21855171	0.25084007	-0.34939933	0.13565668	-0.17716223	0.24011834	-0.539451	1.0000005	-0.123213656	0.19150536	-0.21461904	0.26232293	-0.46346766	0.13296941	-0.13134375	0.13707078	-0.16888694	0.24851535	-0.11558101	0.11728952	-0.1165141	0.1384495	-0.15406656	0.07198968	-0.06970806	0.12629566	-0.14876267	0.13754249	-0.08776437	0.084881015	-0.07962451	0.1014497	-0.09299546	0.062239464	-0.061340883	0.08053464	-0.09263074	0.10206276
-0.048973933	0.08586265	-0.06486514	0.13608253	-0.08951502	0.046604704	-0.15509899	0.1242419	-0.12067845	0.07883463	-0.83479947	0.18058613	-0.1516379	0.12573859	-0.123213656	1.0000004	-0.37635142	0.18909639	-0.1628837	0.104056306	-0.19754978	0.15336527	-0.13208763	0.122670494	-0.104645506	0.12698701	-0.10655036	0.09587464	-0.099139415	0.08777222	-0.066403165	0.0632789	-0.09701356	0.105753936	-0.08586397	0.063791245	-0.0617206	0.057351608	-0.06916354	0.060824983	-0.045299288	0.044167057	-0.05757754	0.06347631	-0.06893628
0.059915986	-0.13927656	0.10354521	-0.2227912	0.13680539	-0.058083467	0.2049352	-0.20064853	0.18549399	-0.12423673	0.25931793	-0.29051867	0.23813182	-0.21865904	0.19150536	-0.37635142	1.0000004	-0.58038944	0.27753133	-0.16967179	0.20787856	-0.31150952	0.20737974	-0.1994199	0.16042112	-0.16478541	0.14695384	-0.14082554	0.1506289	-0.13569471	0.0901381	-0.087430835	0.14116105	-0.16023895	0.12905717	-0.09496535	0.090582736	-0.08473845	0.10271027	-0.091446996	0.06686423	-0.065363966	0.085026115	-0.09515889	0.102580935
-0.053030945	0.11965623	-0.09253967	0.19335951	-0.13732977	0.05032301	-0.18843818	0.19960676	-0.19541714	0.1251116	-0.20266601	0.20742667	-0.3371606	0.25561047	-0.21461904	0.18909639	-0.58038944	1.0000004	-0.5809385	0.16067198	-0.15920216	0.17559549	-0.1720891	0.1686176	-0.15316138	0.12239713	-0.119027846	0.113213114	-0.1307828	0.11577035	-0.07177757	0.06867294	-0.11737528	0.12971549	-0.11144433	0.075552516	-0.07438211	0.06946272	-0.08574081	0.0762812	-0.054036625	0.05307181	-0.06971689	0.07764677	-0.085659824
0.05344057	-0.14637744	0.10994037	-0.24245562	0.15926161	-0.05148379	0.17536819	-0.21568604	0.2189691	-0.15470162	0.16369677	-0.19957426	0.26644224	-0.5102616	0.26232293	-0.1628837	0.27753133	-0.5809385	1.0000005	-0.2293917	0.15518396	-0.16773547	0.16932349	-0.23629367	0.18612164	-0.13197283	0.12997584	-0.1296951	0.15690988	-0.14352526	0.07892412	-0.07655999	0.13465981	-0.1566728	0.13250726	-0.089979485	0.08692932	-0.08158916	0.10111908	-0.09124802	0.06370174	-0.06263361	0.081967264	-0.09275975	0.10122612
-0.039691314	0.10700419	-0.08169214	0.17970271	-0.17462325	0.037491117	-0.12589951	0.14229691	-0.17239447	0.15842322	-0.1191764	0.12684149	-0.17262235	0.21853821	-0.46346766	0.104056306	-0.16967179	0.16067198	-0.2293917	1.0000004	-0.1346564	0.12723517	-0.14664535	0.18174377	-0.7053343	0.11595605	-0.12571387	0.12704456	-0.17048754	0.21461903	-0.07496358	0.072156295	-0.14291999	0.16434368	-0.19806336	0.08915361	-0.092809044	0.08792152	-0.11991534	0.11199109	-0.064967096	0.06547937	-0.08784566	0.10149745	-0.1202787
0.035640914	-0.087322846	0.0647014	-0.14076525	0.09398878	-0.03394053	0.10887418	-0.10835501	0.11556213	-0.08180005	0.16686422	-0.119911544	0.1259501	-0.12367615	0.13296941	-0.19754978	0.20787856	-0.15920216	0.15518396	-0.1346564	1.0000006	-0.5240518	0.27217293	-0.24634297	0.14590478	-0.5942928	0.2580144	-0.22350563	0.1867321	-0.15061888	0.16994987	-0.16832186	0.18841463	-0.2081181	0.14432484	-0.11671278	0.110169396	-0.104108356	0.11649661	-0.10299334	0.08080626	-0.07895342	0.10058718	-0.10869695	0.11356775
-0.034301948	0.080134325	-0.060075857	0.12933512	-0.09021542	0.03251463	-0.10978999	0.106281415	-0.112298004	0.078687415	-0.1521061	0.12075334	-0.12835203	0.12361012	-0.13134375	0.15336527	-0.31150952	0.17559549	-0.16773547	0.12723517	-0.5240518	1.0000004	-0.63536847	0.25205648	-0.14383067	0.24345398	-0.21999021	0.19284143	-0.19571659	0.13980496	-0.12366742	0.11544237	-0.17496866	0.17691836	-0.13603695	0.0940834	-0.095565066	0.09034339	-0.10436007	0.09188032	-0.06762643	0.066825554	-0.087412044	0.09352318	-0.10177268
0.03380546	-0.08469365	0.06297599	-0.13713388	0.09367858	-0.032153938	0.104925334	-0.1073656	0.1147433	-0.08226488	0.13102715	-0.11495677	0.12622525	-0.12917666	0.13707078	-0.13208763	0.20737974	-0.1720891	0.16932349	-0.14664535	0.27217293	-0.63536847	1.0000001	-0.50220656	0.16364981	-0.24250872	0.21144415	-0.27305606	0.24724804	-0.17609105	0.119432956	-0.120342605	0.20067461	-0.22810239	0.15932067	-0.105117045	0.105457276	-0.10256285	0.11722596	-0.10605164	0.074369684	-0.07459288	0.09710886	-0.10629016	0.11396113
-0.03601031	0.08854149	-0.06666947	0.14441203	-0.10832833	0.033975273	-0.11247075	0.11552298	-0.12883635	0.09441593	-0.13396752	0.11695146	-0.14009069	0.15128966	-0.16888694	0.122670494	-0.1994199	0.1686176	-0.23629367	0.18174377	-0.24634297	0.25205648	-0.50220656	0.9999999	-0.2515652	0.19625093	-0.23128207	0.24759199	-0.583777	0.23850274	-0.12269762	0.117518246	-0.24347569	0.256333	-0.2241736	0.11369581	-0.1234347	0.11868742	-0.1446794	0.13083181	-0.083589986	0.08478594	-0.11357938	0.12306048	-0.14083238
0.03850515	-0.11166923	0.08264589	-0.18522358	0.13637197	-0.03663625	0.11745585	-0.13347833	0.15157557	-0.13019954	0.11645162	-0.121778384	0.15064745	-0.18848066	0.24851535	-0.104645506	0.16042112	-0.15316138	0.18612164	-0.7053343	0.14590478	-0.14383067	0.16364981	-0.2515652	0.99999994	-0.13338086	0.14128962	-0.15304145	0.20922185	-0.38881028	0.084438324	-0.08291892	0.1635006	-0.21053892	0.22718804	-0.105128184	0.10493112	-0.10163214	0.13487226	-0.13621506	0.07465272	-0.075642645	0.09997815	-0.119695194	0.13427396
-0.02941945	0.06974986	-0.052175768	0.112733096	-0.08027918	0.02775463	-0.09009894	0.08817156	-0.0966893	0.06897694	-0.13423578	0.09468531	-0.104552776	0.10249	-0.11558101	0.12698701	-0.16478541	0.12239713	-0.13197283	0.11595605	-0.5942928	0.24345398	-0.24250872	0.19625093	-0.13338086	0.9999999	-0.52224123	0.24390414	-0.18959984	0.14006908	-0.3257377	0.23673564	-0.22345944	0.19315997	-0.14243057	0.11872625	-0.12067495	0.110535964	-0.11888454	0.10121969	-0.08613637	0.08256214	-0.1061169	0.10674155	-0.11374384
0.02880737	-0.07299147	0.054138575	-0.11813874	0.08160798	-0.027272189	0.086996436	-0.08835047	0.09754601	-0.07050646	0.111081496	-0.0914782	0.10282242	-0.10389948	0.11728952	-0.10655036	0.14695384	-0.119027846	0.12997584	-0.12571387	0.2580144	-0.21999021	0.21144415	-0.23128207	0.14128962	-0.52224123	0.9999999	-0.5468304	0.2213365	-0.1662281	0.24453516	-0.3415565	0.26134294	-0.25390935	0.15819244	-0.13268043	0.13036257	-0.12800325	0.12903243	-0.11358798	0.091874935	-0.091595605	0.11510135	-0.120291	0.12254148
-0.027135177	0.067519896	-0.050407417	0.10958469	-0.07896549	0.025607238	-0.08269355	0.083744235	-0.09334137	0.06810864	-0.10383579	0.0858942	-0.098828815	0.10092857	-0.1165141	0.09587464	-0.14082554	0.113213114	-0.1296951	0.12704456	-0.22350563	0.19284143	-0.27305606	0.24759199	-0.15304145	0.24390414	-0.5468304	0.9999997	-0.3794302	0.19002886	-0.164424	0.16824393	-0.5471357	0.28566873	-0.18875995	0.121712066	-0.14294216	0.14793244	-0.14373979	0.12318001	-0.089287005	0.09375002	-0.12580167	0.1243012	-0.13190675
0.030041322	-0.077178925	0.057541654	-0.12578133	0.090669595	-0.02841588	0.09186502	-0.095736794	0.106682	-0.07946587	0.10737679	-0.09577815	0.1125098	-0.12150343	0.1384495	-0.099139415	0.1506289	-0.1307828	0.15690988	-0.17048754	0.1867321	-0.19571659	0.24724804	-0.583777	0.20922185	-0.18959984	0.2213365	-0.3794302	0.9999996	-0.4202677	0.11448347	-0.11728682	0.26513126	-0.41257134	0.2578683	-0.11417146	0.12300291	-0.124092646	0.14801823	-0.14424877	0.08237981	-0.085451975	0.113621354	-0.12705727	0.14219055
-0.028925274	0.07498987	-0.05615053	0.12289424	-0.09455155	0.02727414	-0.088393435	0.0928651	-0.106292285	0.082737334	-0.09872778	0.09009791	-0.109366186	0.119256295	-0.15406656	0.08777222	-0.13569471	0.11577035	-0.14352526	0.21461903	-0.15061888	0.13980496	-0.17609105	0.23850274	-0.38881028	0.14006908	-0.1662281	0.19002886	-0.4202677	0.99999934	-0.09324197	0.091469616	-0.21514948	0.27024168	-0.65479314	0.11391404	-0.12764537	0.12638754	-0.19510554	0.20434017	-0.083990306	0.088531174	-0.12125832	0.1470141	-0.19155969
0.017878694	-0.044694923	0.033207495	-0.07229378	0.05045911	-0.016890405	0.053859383	-0.054170106	0.060124364	-0.04331055	0.07022949	-0.056168493	0.06323798	-0.06311695	0.07198968	-0.066403165	0.0901381	-0.07177757	0.07892412	-0.07496358	0.16994987	-0.12366742	0.119432956	-0.12269762	0.084438324	-0.3257377	0.24453516	-0.164424	0.11448347	-0.09324197	0.9999996	-0.8640237	0.14348751	-0.13779816	0.093656264	-0.14556383	0.11483555	-0.09582722	0.08996157	-0.07493025	0.09197839	-0.08091463	0.092140876	-0.08623775	0.08470718
-0.017126411	0.04213168	-0.031411823	0.06819232	-0.048522174	0.01614879	-0.05179887	0.05175196	-0.057623778	0.04155407	-0.06832491	0.053705048	-0.060834497	0.06061275	-0.06970806	0.0632789	-0.087430835	0.06867294	-0.07655999	0.072156295	-0.16832186	0.11544237	-0.120342605	0.117518246	-0.08291892	0.23673564	-0.3415565	0.16824393	-0.11728682	0.091469616	-0.8640237	0.9999997	-0.1598302	0.13375592	-0.09389348	0.12313821	-0.12720017	0.098172165	-0.09090793	0.07434944	-0.08923954	0.0800069	-0.093040034	0.08456725	-0.08441396
0.02937676	-0.07555324	0.056096252	-0.1226147	0.08656361	-0.027745338	0.08834845	-0.09067294	0.101746574	-0.07469968	0.10563057	-0.09122217	0.10560408	-0.108582884	0.12629566	-0.09701356	0.14116105	-0.11737528	0.13465981	-0.14291999	0.18841463	-0.17496866	0.20067461	-0.24347569	0.1635006	-0.22345944	0.26134294	-0.5471357	0.26513126	-0.21514948	0.14348751	-0.1598302	0.9999995	-0.57765865	0.21954907	-0.15901081	0.1893398	-0.26735628	0.18376717	-0.1587835	0.11350475	-0.12806158	0.16823938	-0.16705678	0.16217543
-0.032605924	0.08044701	-0.06038193	0.13094342	-0.099030405	0.030644467	-0.099226095	0.100518234	-0.11427217	0.08469053	-0.119131766	0.10087617	-0.119457096	0.122779205	-0.14876267	0.105753936	-0.16023895	0.12971549	-0.1566728	0.16434368	-0.2081181	0.17691836	-0.22810239	0.256333	-0.21053892	0.19315997	-0.25390935	0.28566873	-0.41257134	0.27024168	-0.13779816	0.13375592	-0.57765865	0.99999964	-0.41128385	0.14866824	-0.18519153	0.18651395	-0.21890604	0.19350179	-0.11311837	0.12046605	-0.16728392	0.17215662	-0.20180573
0.028463012	-0.075989895	0.05637237	-0.12410001	0.08918387	-0.026900642	0.08570484	-0.0904625	0.10256484	-0.07861328	0.09573321	-0.08781562	0.10454146	-0.11301055	0.13754249	-0.08586397	0.12905717	-0.11144433	0.13250726	-0.19806336	0.14432484	-0.13603695	0.15932067	-0.2241736	0.22718804	-0.14243057	0.15819244	-0.18875995	0.2578683	-0.65479314	0.093656264	-0.09389348	0.21954907	-0.41128385	0.99999976	-0.130238	0.13796917	-0.1445613	0.22268069	-0.37482467	0.09289635	-0.09983515	0.13415189	-0.18081975	0.21580772
-0.020643868	0.050273184	-0.037711784	0.08154784	-0.061495647	0.019309947	-0.061679333	0.061423644	-0.0707281	0.05158029	-0.07413814	0.061479654	-0.072693765	0.0722069	-0.08776437	0.063791245	-0.09496535	0.075552516	-0.089979485	0.08915361	-0.11671278	0.0940834	-0.105117045	0.11369581	-0.105128184	0.11872625	-0.13268043	0.121712066	-0.11417146	0.11391404	-0.14556383	0.12313821	-0.15901081	0.14866824	-0.130238	1.0000001	-0.35479543	0.22838202	-0.21875866	0.15147823	-0.7249547	0.3099763	-0.3489279	0.21185674	-0.21042828
0.019962039	-0.05117608	0.038019247	-0.082983986	0.05932445	-0.018776441	0.05936926	-0.060442932	0.06894448	-0.050501548	0.06972174	-0.060039714	0.070399046	-0.07119052	0.084881015	-0.0617206	0.090582736	-0.07438211	0.08692932	-0.092809044	0.110169396	-0.095565066	0.105457276	-0.1234347	0.10493112	-0.12067495	0.13036257	-0.14294216	0.12300291	-0.12764537	0.11483555	-0.12720017	0.1893398	-0.18519153	0.13796917	-0.35479543	1.0000002	-0.6345673	0.23879385	-0.18322304	0.24701254	-0.47934654	0.3161364	-0.2577515	0.1880956
-0.018412834	0.04690472	-0.034913037	0.07612768	-0.05505142	0.017316887	-0.05500924	0.055994075	-0.06383561	0.04693047	-0.06477874	0.05568781	-0.06544349	0.06647791	-0.07962451	0.057351608	-0.08473845	0.06946272	-0.08158916	0.08792152	-0.104108356	0.09034339	-0.10256285	0.11868742	-0.10163214	0.110535964	-0.12800325	0.14793244	-0.124092646	0.12638754	-0.09582722	0.098172165	-0.26735628	0.18651395	-0.1445613	0.22838202	-0.6345673	1.0000001	-0.3909262	0.1991358	-0.19143648	0.26663956	-0.48012128	0.25161278	-0.20863476
0.023016084	-0.06007515	0.044569165	-0.09759793	0.06969844	-0.021671226	0.06848303	-0.070540056	0.08059104	-0.059804615	0.07839269	-0.06925609	0.08183548	-0.084227346	0.1014497	-0.06916354	0.10271027	-0.08574081	0.10111908	-0.11991534	0.11649661	-0.10436007	0.11722596	-0.1446794	0.13487226	-0.11888454	0.12903243	-0.14373979	0.14801823	-0.19510554	0.08996157	-0.09090793	0.18376717	-0.21890604	0.22268069	-0.21875866	0.23879385	-0.3909262	1.0000004	-0.6038804	0.15060359	-0.18642226	0.24661377	-0.46097976	0.31412977
-0.020232698	0.052308183	-0.038948376	0.08514808	-0.0624265	0.01903838	-0.06061112	0.06247815	-0.07155366	0.053614702	-0.06918254	0.061233174	-0.07292914	0.07573753	-0.09299546	0.060824983	-0.091446996	0.0762812	-0.09124802	0.11199109	-0.10299334	0.09188032	-0.10605164	0.13083181	-0.13621506	0.10121969	-0.11358798	0.12318001	-0.14424877	0.20434017	-0.07493025	0.07434944	-0.1587835	0.19350179	-0.37482467	0.15147823	-0.18322304	0.1991358	-0.6038804	1.0000001	-0.11220491	0.1294344	-0.18654393	0.28956962	-0.5636664
0.014753993	-0.036993217	0.027587969	-0.059964653	0.043804772	-0.013837788	0.04387218	-0.044164725	0.050670847	-0.036956206	0.0519897	-0.043985926	0.051780216	-0.051734846	0.062239464	-0.045299288	0.06686423	-0.054036625	0.06370174	-0.064967096	0.08080626	-0.06762643	0.074369684	-0.083589986	0.07465272	-0.08613637	0.091874935	-0.089287005	0.08237981	-0.083990306	0.09197839	-0.08923954	0.11350475	-0.11311837	0.09289635	-0.7249547	0.24701254	-0.19143648	0.15060359	-0.11220491	1.0000002	-0.5578157	0.25698692	-0.18329471	0.1420116
-0.014349625	0.03611339	-0.026929637	0.058580063	-0.042816974	0.0134680215	-0.042763907	0.043205786	-0.04949916	0.03624667	-0.05051539	0.042982176	-0.050642375	0.050930504	-0.061340883	0.044167057	-0.065363966	0.05307181	-0.06263361	0.06547937	-0.07895342	0.066825554	-0.07459288	0.08478594	-0.075642645	0.08256214	-0.091595605	0.09375002	-0.085451975	0.088531174	-0.08091463	0.0800069	-0.12806158	0.12046605	-0.09983515	0.3099763	-0.47934654	0.26663956	-0.18642226	0.1294344	-0.5578157	1.0000002	-0.53944254	0.20915128	-0.16616276
0.018838678	-0.048144046	0.035800774	-0.078088194	0.05623664	-0.017705476	0.05601763	-0.056961607	0.06515549	-0.047783203	0.065496095	-0.05645818	0.06644136	-0.06714751	0.08053464	-0.05757754	0.085026115	-0.06971689	0.081967264	-0.08784566	0.10058718	-0.087412044	0.09710886	-0.11357938	0.09997815	-0.1061169	0.11510135	-0.12580167	0.113621354	-0.12125832	0.092140876	-0.093040034	0.16823938	-0.16728392	0.13415189	-0.3489279	0.3161364	-0.48012128	0.24661377	-0.18654393	0.25698692	-0.53944254	1.0000004	-0.43521148	0.22584276
-0.021062965	0.053067397	-0.039627295	0.0862044	-0.06388319	0.0197586	-0.06287738	0.063740924	-0.07331727	0.0541192	-0.07316316	0.06298653	-0.074829854	0.07582677	-0.09263074	0.06347631	-0.09515889	0.07764677	-0.09275975	0.10149745	-0.10869695	0.09352318	-0.10629016	0.12306048	-0.119695194	0.10674155	-0.120291	0.1243012	-0.12705727	0.1470141	-0.08623775	0.08456725	-0.16705678	0.17215662	-0.18081975	0.21185674	-0.2577515	0.25161278	-0.46097976	0.28956962	-0.18329471	0.20915128	-0.43521148	1.0000004	-0.62075377
0.023232311	-0.060815092	0.045092586	-0.09877856	0.07040211	-0.021867594	0.0689668	-0.07104471	0.081335396	-0.060325865	0.07851378	-0.06956344	0.0823326	-0.08458872	0.10206276	-0.06893628	0.102580935	-0.085659824	0.10122612	-0.1202787	0.11356775	-0.10177268	0.11396113	-0.14083238	0.13427396	-0.11374384	0.12254148	-0.13190675	0.14219055	-0.19155969	0.08470718	-0.08441396	0.16217543	-0.20180573	0.21580772	-0.21042828	0.1880956	-0.20863476	0.31412977	-0.5636664	0.1420116	-0.16616276	0.22584276	-0.62075377	1.0000004
