1.0000001	-0.53496104	0.117593095	-0.07680171	0.12708595	-0.7232027	0.27135113	-0.17773217	0.13909358	-0.10931889	0.21635024	-0.19942543	0.15335844	-0.11415382	0.08778665	-0.1866539	0.15009232	-0.13506706	0.111800455	-0.11606796	0.057059404	-0.055375118	0.077931926	-0.080482006	0.080863915	-0.05152841	0.0509423	-0.07774757	0.06259739	-0.06223471	0.03764005	-0.041547127	0.05053891	-0.037623122	0.05414024	-0.026951615	0.02739832	-0.036170818	0.047705527	-0.017185962	0.029922605	-0.029529406	0.020843694	-0.025601223	0.020451222
-0.53496104	1.0000001	-0.18570855	0.11327468	-0.18932483	0.29617494	-0.64206815	0.24704674	-0.2119017	0.14439699	-0.20682846	0.22787139	-0.21379161	0.15055151	-0.11806095	0.15886118	-0.1803379	0.15872478	-0.14842536	0.14696296	-0.06644062	0.064570874	-0.09824573	0.10066515	-0.105352074	0.059762973	-0.061447546	0.09571772	-0.079613	0.07859163	-0.04563468	0.049977865	-0.06527807	0.048396923	-0.0705223	0.0328171	-0.033598255	0.046032473	-0.061897673	0.022250488	-0.036843367	0.03610809	-0.026534222	0.032539573	-0.026537456
0.117593095	-0.18570855	0.99999994	-0.7392548	0.32015118	-0.14129382	0.16458999	-0.2775381	0.1985802	-0.25508675	0.1265823	-0.20175532	0.18031256	-0.18124563	0.16293259	-0.1270749	0.14541002	-0.1718402	0.16410458	-0.24093227	0.069055974	-0.06996743	0.111774795	-0.1243748	0.12710625	-0.06894899	0.068455815	-0.12231707	0.09712914	-0.10403642	0.05297543	-0.059565734	0.08354633	-0.062125925	0.09070852	-0.039550826	0.040772036	-0.060096167	0.08115123	-0.029193085	0.044042032	-0.04453443	0.03455609	-0.042855293	0.034853954
-0.07680171	0.11327468	-0.7392548	0.9999997	-0.5750359	0.08946214	-0.10813231	0.16167906	-0.14704286	0.17997144	-0.08373915	0.12864164	-0.12188686	0.12253796	-0.11716024	0.08226131	-0.096915096	0.11217268	-0.11209184	0.15750691	-0.04543854	0.045824427	-0.074274786	0.08202714	-0.08529211	0.0449881	-0.045000933	0.07992377	-0.064384535	0.06830681	-0.034767304	0.038961973	-0.055073775	0.04092896	-0.059869654	0.025898939	-0.026716875	0.039405946	-0.053369995	0.019192249	-0.028911736	0.029127795	-0.02266353	0.028066384	-0.022918956
0.12708595	-0.18932483	0.32015118	-0.5750359	0.99999946	-0.15704335	0.16965744	-0.24796791	0.22663507	-0.4073327	0.1463874	-0.23222603	0.20186011	-0.22322467	0.22523463	-0.15003619	0.17230211	-0.20726803	0.20417626	-0.32303157	0.08529534	-0.08654874	0.13869874	-0.15584186	0.16111511	-0.08605724	0.085161515	-0.15384573	0.12221606	-0.1322797	0.06634523	-0.074732356	0.106269345	-0.078961715	0.11558229	-0.04975169	0.0513509	-0.07649024	0.10361557	-0.0372616	0.05540635	-0.056172635	0.043983735	-0.054589428	0.044508744
-0.7232027	0.29617494	-0.14129382	0.08946214	-0.15704335	0.9999994	-0.3499743	0.18899642	-0.16598581	0.12317188	-0.38428673	0.21219604	-0.18062998	0.12919086	-0.10124635	0.21259013	-0.18949051	0.15275694	-0.13152201	0.13004799	-0.06798471	0.06483275	-0.0909329	0.092334054	-0.0951861	0.05962576	-0.060017955	0.088914745	-0.07286132	0.07168187	-0.04416502	0.048349682	-0.059591465	0.044181947	-0.06403341	0.03146817	-0.032034796	0.042355374	-0.056357544	0.020271389	-0.035124037	0.034399554	-0.024433943	0.029940205	-0.02415225
0.27135113	-0.64206815	0.16458999	-0.10813231	0.16965744	-0.3499743	0.9999998	-0.45754427	0.22276084	-0.15582387	0.19544698	-0.33944142	0.23980114	-0.1693839	0.12323107	-0.16853994	0.18079929	-0.17347519	0.15237021	-0.15663886	0.06557597	-0.06489077	0.10014619	-0.10420876	0.1041571	-0.059824068	0.06106063	-0.0982239	0.08013072	-0.0795475	0.044990245	-0.04966694	0.063462794	-0.047381602	0.06819755	-0.032389827	0.03311977	-0.045032047	0.05975076	-0.021528315	0.036151707	-0.03566449	0.025912752	-0.031848714	0.025624149
-0.17773217	0.24704674	-0.2775381	0.16167906	-0.24796791	0.18899642	-0.45754427	0.99999994	-0.5450786	0.2227537	-0.17996503	0.27576783	-0.43681318	0.2570715	-0.18256748	0.15627491	-0.2018989	0.21795131	-0.22083706	0.21007715	-0.075505525	0.07524184	-0.13033429	0.13561858	-0.1364484	0.06981389	-0.072844975	0.12400778	-0.1037723	0.102164336	-0.053903893	0.059517283	-0.08071474	0.060353655	-0.087132975	0.039086726	-0.040215652	0.05661635	-0.0758332	0.027313408	-0.043856435	0.04328714	-0.03254	0.039997917	-0.032531023
0.13909358	-0.2119017	0.1985802	-0.14704286	0.22663507	-0.16598581	0.22276084	-0.5450786	1.0000004	-0.38866886	0.15509742	-0.25293097	0.27155378	-0.52538216	0.25387987	-0.14956981	0.18573129	-0.23145767	0.261566	-0.2839409	0.074542195	-0.07580368	0.13874492	-0.15644532	0.14741758	-0.07092447	0.073730856	-0.13574922	0.11274574	-0.113322794	0.054428764	-0.060748532	0.082580164	-0.06258526	0.08877413	-0.03972022	0.040919766	-0.05817543	0.076759316	-0.02774595	0.044346	-0.044186402	0.03332401	-0.041115813	0.032952946
-0.10931889	0.14439699	-0.25508675	0.17997144	-0.4073327	0.12317188	-0.15582387	0.2227537	-0.38866886	1.0000006	-0.13510294	0.18985067	-0.21494223	0.27655828	-0.64006764	0.1256537	-0.1692405	0.18877757	-0.25224417	0.3056539	-0.07443439	0.0740671	-0.13533685	0.14641708	-0.16943254	0.07091613	-0.07426465	0.13264944	-0.11652843	0.118128605	-0.0563784	0.062307257	-0.09236197	0.06888848	-0.10094588	0.041494507	-0.04302628	0.063937634	-0.087422736	0.03143502	-0.04685871	0.04640056	-0.03674242	0.045159396	-0.03752564
0.21635024	-0.20682846	0.1265823	-0.08373915	0.1463874	-0.38428673	0.19544698	-0.17996503	0.15509742	-0.13510294	1.0000006	-0.34846675	0.20657471	-0.14796169	0.11142964	-0.7114452	0.28094706	-0.22760372	0.15341896	-0.1552883	0.10018602	-0.095458	0.11453273	-0.11626763	0.11039243	-0.08699406	0.08156228	-0.11432563	0.088644	-0.08710804	0.05875491	-0.06515046	0.06938517	-0.05185954	0.07322466	-0.041281935	0.0414697	-0.05058142	0.064754	-0.02338566	0.04509808	-0.04461876	0.0291669	-0.035775784	0.027734853
-0.19942543	0.22787139	-0.20175532	0.12864164	-0.23222603	0.21219604	-0.33944142	0.27576783	-0.25293097	0.18985067	-0.34846675	1.0000007	-0.5904168	0.22405533	-0.1656153	0.24952501	-0.40914968	0.28254518	-0.23036581	0.20659539	-0.10403962	0.10390767	-0.15594459	0.15329106	-0.15414344	0.0903756	-0.096727885	0.14463694	-0.119272605	0.11487059	-0.06876833	0.07506516	-0.09324508	0.069464676	-0.09991787	0.04870546	-0.049791258	0.06583068	-0.08719171	0.03139916	-0.0546178	0.053167455	-0.03791728	0.046434153	-0.037363574
0.15335844	-0.21379161	0.18031256	-0.12188686	0.20186011	-0.18062998	0.23980114	-0.43681318	0.27155378	-0.21494223	0.20657471	-0.5904168	1.0000007	-0.33663535	0.18363841	-0.1999638	0.26589286	-0.41370273	0.25079378	-0.2365168	0.0871724	-0.09005034	0.16286567	-0.16749085	0.14930002	-0.08061565	0.08488074	-0.15207271	0.120003104	-0.11667192	0.060786806	-0.06775213	0.08644571	-0.06551868	0.09199982	-0.043736592	0.044861916	-0.061139323	0.07954866	-0.02878058	0.04865809	-0.04824026	0.035021998	-0.043137565	0.034125738
-0.11415382	0.15055151	-0.18124563	0.12253796	-0.22322467	0.12919086	-0.1693839	0.2570715	-0.52538216	0.27655828	-0.14796169	0.22405533	-0.33663535	1.0000007	-0.39471906	0.13850059	-0.19900405	0.24671887	-0.5333101	0.29540843	-0.07456164	0.0759522	-0.16033442	0.17783335	-0.1634854	0.07000608	-0.075033076	0.14175443	-0.12624863	0.119011074	-0.054531466	0.060638215	-0.08488779	0.06477943	-0.091261454	0.03963017	-0.040986188	0.05880346	-0.077604465	0.02807653	-0.04442424	0.04404363	-0.033627316	0.041394427	-0.033307638
0.08778665	-0.11806095	0.16293259	-0.11716024	0.22523463	-0.10124635	0.12323107	-0.18256748	0.25387987	-0.64006764	0.11142964	-0.1656153	0.18363841	-0.39471906	1.0000005	-0.10690606	0.14425567	-0.17736527	0.25474355	-0.551871	0.061230976	-0.06215519	0.12080038	-0.13767871	0.147987	-0.05874303	0.061952565	-0.11795389	0.102614	-0.10669952	0.046041835	-0.05131817	0.073743224	-0.05601628	0.07984642	-0.03379019	0.03500191	-0.051338676	0.068411686	-0.02472287	0.037913743	-0.037758444	0.02938291	-0.03623196	0.029380297
-0.1866539	0.15886118	-0.1270749	0.08226131	-0.15003619	0.21259013	-0.16853994	0.15627491	-0.14956981	0.1256537	-0.7114452	0.24952501	-0.1999638	0.13850059	-0.10690606	1.0000004	-0.5119714	0.22621837	-0.15855771	0.14436562	-0.12823708	0.10957064	-0.11873259	0.114302196	-0.11171339	0.09521585	-0.092094585	0.11219307	-0.08921913	0.085369796	-0.06402034	0.06964738	-0.070675574	0.05245018	-0.074453175	0.043886714	-0.0439838	0.051365577	-0.06591189	0.023752883	-0.048114635	0.04682742	-0.029712131	0.036237538	-0.028193988
0.15009232	-0.1803379	0.14541002	-0.096915096	0.17230211	-0.18949051	0.18079929	-0.2018989	0.18573129	-0.1692405	0.28094706	-0.40914968	0.26589286	-0.19900405	0.14425567	-0.5119714	1.0000001	-0.5460632	0.22609006	-0.2101574	0.12998496	-0.16032593	0.17685837	-0.17324254	0.14868547	-0.110507496	0.121159635	-0.16801181	0.12491156	-0.11948036	0.07849516	-0.087659456	0.09029124	-0.06822563	0.09420027	-0.05431251	0.05504164	-0.065637305	0.082477406	-0.029871782	0.05959767	-0.058489256	0.03771798	-0.046240695	0.035311505
-0.13506706	0.15872478	-0.1718402	0.11217268	-0.20726803	0.15275694	-0.17347519	0.21795131	-0.23145767	0.18877757	-0.22760372	0.28254518	-0.41370273	0.24671887	-0.17736527	0.22621837	-0.5460632	0.99999976	-0.43611434	0.23844276	-0.10801543	0.11469977	-0.31601015	0.22830138	-0.18697979	0.09567281	-0.10897198	0.2006368	-0.16034545	0.14143956	-0.073068626	0.08109018	-0.10314093	0.07864526	-0.10837701	0.051695548	-0.053263057	0.071366064	-0.091656	0.033232436	-0.057656243	0.056636106	-0.040760014	0.050015718	-0.039280966
0.111800455	-0.14842536	0.16410458	-0.11209184	0.20417626	-0.13152201	0.15237021	-0.22083706	0.261566	-0.25224417	0.15341896	-0.23036581	0.25079378	-0.5333101	0.25474355	-0.15855771	0.22609006	-0.43611434	1.0	-0.4697503	0.08480129	-0.08935461	0.21878676	-0.32311836	0.19820374	-0.081159055	0.08820799	-0.18989003	0.16621986	-0.15471925	0.06247249	-0.070458	0.09739703	-0.076438464	0.10343499	-0.04541159	0.047042858	-0.0674543	0.08648367	-0.031483356	0.05053939	-0.05056581	0.038327865	-0.047346	0.03713748
-0.11606796	0.14696296	-0.24093227	0.15750691	-0.32303157	0.13004799	-0.15663886	0.21007715	-0.2839409	0.3056539	-0.1552883	0.20659539	-0.2365168	0.29540843	-0.551871	0.14436562	-0.2101574	0.23844276	-0.4697503	1.0000001	-0.08979936	0.090174615	-0.18434255	0.20270717	-0.2721735	0.08533725	-0.09157286	0.17329593	-0.16131368	0.16619982	-0.068205155	0.07552411	-0.11337557	0.08601558	-0.12365031	0.050037354	-0.052038983	0.07769409	-0.104728475	0.037812307	-0.05650038	0.055940837	-0.044479813	0.054685965	-0.044974953
0.057059404	-0.06644062	0.069055974	-0.04543854	0.08529534	-0.06798471	0.06557597	-0.075505525	0.074542195	-0.07443439	0.10018602	-0.10403962	0.0871724	-0.07456164	0.061230976	-0.12823708	0.12998496	-0.10801543	0.08480129	-0.08979936	1.0	-0.5883642	0.096083336	-0.09080875	0.09998171	-0.6436236	0.3038928	-0.1246586	0.08794261	-0.08072102	0.23436111	-0.25883543	0.097966634	-0.06837612	0.09228164	-0.1484244	0.13512123	-0.08827908	0.09445634	-0.033884607	0.14370854	-0.14558768	0.05297154	-0.062451594	0.039807435
-0.055375118	0.064570874	-0.06996743	0.045824427	-0.08654874	0.06483275	-0.06489077	0.07524184	-0.07580368	0.0740671	-0.095458	0.10390767	-0.09005034	0.0759522	-0.06215519	0.10957064	-0.16032593	0.11469977	-0.08935461	0.090174615	-0.5883642	1.0	-0.11437237	0.09868059	-0.110431165	0.2960152	-0.65659803	0.14412814	-0.10149716	0.08590046	-0.22146213	0.23246351	-0.09837241	0.06874762	-0.09271428	0.12759055	-0.13036263	0.08309543	-0.09177095	0.03275719	-0.14092286	0.12430315	-0.049549744	0.0577441	-0.038547277
0.077931926	-0.09824573	0.111774795	-0.074274786	0.13869874	-0.0909329	0.10014619	-0.13033429	0.13874492	-0.13533685	0.11453273	-0.15594459	0.16286567	-0.16033442	0.12080038	-0.11873259	0.17685837	-0.31601015	0.21878676	-0.18434255	0.096083336	-0.11437237	1.0	-0.6269726	0.23992999	-0.099614054	0.12412454	-0.5702481	0.2789545	-0.21760237	0.07574899	-0.090562925	0.12544477	-0.1024737	0.12320547	-0.05476312	0.057595767	-0.08337478	0.09772131	-0.03612894	0.05986609	-0.061353307	0.04620102	-0.05729723	0.04190536
-0.080482006	0.10066515	-0.1243748	0.08202714	-0.15584186	0.092334054	-0.10420876	0.13561858	-0.15644532	0.14641708	-0.11626763	0.15329106	-0.16749085	0.17783335	-0.13767871	0.114302196	-0.17324254	0.22830138	-0.32311836	0.20270717	-0.09080875	0.09868059	-0.6269726	1.0000002	-0.36799705	0.09089149	-0.10895176	0.3169755	-0.44926333	0.25487983	-0.072351746	0.08335765	-0.13512357	0.11469042	-0.14120428	0.052928157	-0.055991095	0.08666063	-0.10619274	0.03921825	-0.058817856	0.05967084	-0.048350926	0.0597427	-0.045547694
0.080863915	-0.105352074	0.12710625	-0.08529211	0.16111511	-0.0951861	0.1041571	-0.1364484	0.14741758	-0.16943254	0.11039243	-0.15414344	0.14930002	-0.1634854	0.147987	-0.11171339	0.14868547	-0.18697979	0.19820374	-0.2721735	0.09998171	-0.110431165	0.23992999	-0.36799705	1.0000004	-0.108266205	0.118479244	-0.3445638	0.3103434	-0.6897811	0.0840894	-0.09892301	0.14932835	-0.12768416	0.16044308	-0.0633912	0.0667158	-0.10586904	0.12631722	-0.047162328	0.06951882	-0.072624415	0.05898808	-0.0745182	0.054675076
-0.05152841	0.059762973	-0.06894899	0.0449881	-0.08605724	0.05962576	-0.059824068	0.06981389	-0.07092447	0.07091613	-0.08699406	0.0903756	-0.08061565	0.07000608	-0.05874303	0.09521585	-0.110507496	0.09567281	-0.081159055	0.08533725	-0.6436236	0.2960152	-0.099614054	0.09089149	-0.108266205	1.0000004	-0.40973926	0.12852544	-0.09468478	0.08366424	-0.46349192	0.27247286	-0.11069266	0.075778894	-0.10394017	0.19194193	-0.16733819	0.09844806	-0.10786654	0.038255114	-0.20744476	0.16285905	-0.059579764	0.06870096	-0.045136694
0.0509423	-0.061447546	0.068455815	-0.045000933	0.085161515	-0.060017955	0.06106063	-0.072844975	0.073730856	-0.07426465	0.08156228	-0.096727885	0.08488074	-0.075033076	0.061952565	-0.092094585	0.121159635	-0.10897198	0.08820799	-0.09157286	0.3038928	-0.65659803	0.12412454	-0.10895176	0.118479244	-0.40973926	1.0000004	-0.20565619	0.1161062	-0.097492516	0.24863905	-0.43858775	0.11224666	-0.07873643	0.10170811	-0.15799955	0.16605741	-0.09869146	0.102287754	-0.036688432	0.15795957	-0.16577707	0.058487788	-0.06802687	0.042920142
-0.07774757	0.09571772	-0.12231707	0.07992377	-0.15384573	0.088914745	-0.0982239	0.12400778	-0.13574922	0.13264944	-0.11432563	0.14463694	-0.15207271	0.14175443	-0.11795389	0.11219307	-0.16801181	0.2006368	-0.18989003	0.17329593	-0.1246586	0.14412814	-0.5702481	0.3169755	-0.3445638	0.12852544	-0.20565619	1.0000002	-0.5299749	0.26415348	-0.10280811	0.122351974	-0.19913667	0.14888556	-0.17839189	0.07304607	-0.07832861	0.114993684	-0.13473375	0.049642988	-0.0806633	0.08156326	-0.063556395	0.07761341	-0.05744222
0.06259739	-0.079613	0.09712914	-0.064384535	0.12221606	-0.07286132	0.08013072	-0.1037723	0.11274574	-0.11652843	0.088644	-0.119272605	0.120003104	-0.12624863	0.102614	-0.08921913	0.12491156	-0.16034545	0.16621986	-0.16131368	0.08794261	-0.10149716	0.2789545	-0.44926333	0.3103434	-0.09468478	0.1161062	-0.5299749	1.0	-0.5694357	0.07465582	-0.089887425	0.15838672	-0.17820038	0.16492622	-0.055609506	0.059657976	-0.09996996	0.11401522	-0.043088425	0.060870215	-0.06381431	0.054172304	-0.0677683	0.048934747
-0.06223471	0.07859163	-0.10403642	0.06830681	-0.1322797	0.07168187	-0.0795475	0.102164336	-0.113322794	0.118128605	-0.08710804	0.11487059	-0.11667192	0.119011074	-0.10669952	0.085369796	-0.11948036	0.14143956	-0.15471925	0.16619982	-0.08072102	0.08590046	-0.21760237	0.25487983	-0.6897811	0.08366424	-0.097492516	0.26415348	-0.5694357	0.9999999	-0.06852193	0.07899702	-0.14569399	0.1314748	-0.1696908	0.05135559	-0.05494448	0.09272932	-0.11345305	0.04261322	-0.057228725	0.05887323	-0.051426448	0.06397551	-0.049110312
0.03764005	-0.04563468	0.05297543	-0.034767304	0.06634523	-0.04416502	0.044990245	-0.053903893	0.054428764	-0.0563784	0.05875491	-0.06876833	0.060786806	-0.054531466	0.046041835	-0.06402034	0.07849516	-0.073068626	0.06247249	-0.068205155	0.23436111	-0.22146213	0.07574899	-0.072351746	0.0840894	-0.46349192	0.24863905	-0.10280811	0.07465582	-0.06852193	0.9999999	-0.584502	0.11433847	-0.07611233	0.098740675	-0.46230283	0.25703913	-0.11872279	0.11220347	-0.03989469	0.27004355	-0.26640004	0.07231631	-0.081982	0.046596434
-0.041547127	0.049977865	-0.059565734	0.038961973	-0.074732356	0.048349682	-0.04966694	0.059517283	-0.060748532	0.062307257	-0.06515046	0.07506516	-0.06775213	0.060638215	-0.05131817	0.06964738	-0.087659456	0.08109018	-0.070458	0.07552411	-0.25883543	0.23246351	-0.090562925	0.08335765	-0.09892301	0.27247286	-0.43858775	0.122351974	-0.089887425	0.07899702	-0.584502	0.9999998	-0.14899926	0.09227953	-0.11875622	0.26782238	-0.421141	0.13602279	-0.13296439	0.046405606	-0.2930824	0.25869212	-0.08234731	0.089576416	-0.054404356
0.05053891	-0.06527807	0.08354633	-0.055073775	0.106269345	-0.059591465	0.063462794	-0.08071474	0.082580164	-0.09236197	0.06938517	-0.09324508	0.08644571	-0.08488779	0.073743224	-0.070675574	0.09029124	-0.10314093	0.09739703	-0.11337557	0.097966634	-0.09837241	0.12544477	-0.13512357	0.14932835	-0.11069266	0.11224666	-0.19913667	0.15838672	-0.14569399	0.11433847	-0.14899926	0.99999964	-0.60065436	0.31851953	-0.100200474	0.123080306	-0.445704	0.27683285	-0.10698079	0.108224794	-0.1302201	0.17736854	-0.22591805	0.11583146
-0.037623122	0.048396923	-0.062125925	0.04092896	-0.078961715	0.044181947	-0.047381602	0.060353655	-0.06258526	0.06888848	-0.05185954	0.069464676	-0.06551868	0.06477943	-0.05601628	0.05245018	-0.06822563	0.07864526	-0.076438464	0.08601558	-0.06837612	0.06874762	-0.1024737	0.11469042	-0.12768416	0.075778894	-0.07873643	0.14888556	-0.17820038	0.1314748	-0.07611233	0.09227953	-0.60065436	0.99999946	-0.6699745	0.06473744	-0.07779883	0.2211587	-0.25286612	0.0942159	-0.07145526	0.08236343	-0.11161986	0.13776797	-0.0994523
0.05414024	-0.0705223	0.09070852	-0.059869654	0.11558229	-0.06403341	0.06819755	-0.087132975	0.08877413	-0.10094588	0.07322466	-0.09991787	0.09199982	-0.091261454	0.07984642	-0.074453175	0.09420027	-0.10837701	0.10343499	-0.12365031	0.09228164	-0.09271428	0.12320547	-0.14120428	0.16044308	-0.10394017	0.10170811	-0.17839189	0.16492622	-0.1696908	0.098740675	-0.11875622	0.31851953	-0.6699745	0.9999992	-0.08634725	0.0994008	-0.26815864	0.2531739	-0.13076466	0.094543144	-0.11038696	0.13512197	-0.18463486	0.1279752
-0.026951615	0.0328171	-0.039550826	0.025898939	-0.04975169	0.03146817	-0.032389827	0.039086726	-0.03972022	0.041494507	-0.041281935	0.04870546	-0.043736592	0.03963017	-0.03379019	0.043886714	-0.05431251	0.051695548	-0.04541159	0.050037354	-0.1484244	0.12759055	-0.05476312	0.052928157	-0.0633912	0.19194193	-0.15799955	0.07304607	-0.055609506	0.05135559	-0.46230283	0.26782238	-0.100200474	0.06473744	-0.08634725	0.99999917	-0.42132732	0.116073005	-0.108250566	0.037384458	-0.6885693	0.3005226	-0.07348831	0.07778443	-0.043916866
0.02739832	-0.033598255	0.040772036	-0.026716875	0.0513509	-0.032034796	0.03311977	-0.040215652	0.040919766	-0.04302628	0.0414697	-0.049791258	0.044861916	-0.040986188	0.03500191	-0.0439838	0.05504164	-0.053263057	0.047042858	-0.052038983	0.13512123	-0.13036263	0.057595767	-0.055991095	0.0667158	-0.16733819	0.16605741	-0.07832861	0.059657976	-0.05494448	0.25703913	-0.421141	0.123080306	-0.07779883	0.0994008	-0.42132732	0.99999934	-0.19253081	0.13540176	-0.046224862	0.3069661	-0.697475	0.10712587	-0.1071315	0.053809553
-0.036170818	0.046032473	-0.060096167	0.039405946	-0.07649024	0.042355374	-0.045032047	0.05661635	-0.05817543	0.063937634	-0.05058142	0.06583068	-0.061139323	0.05880346	-0.051338676	0.051365577	-0.065637305	0.071366064	-0.0674543	0.07769409	-0.08827908	0.08309543	-0.08337478	0.08666063	-0.10586904	0.09844806	-0.09869146	0.114993684	-0.09996996	0.09272932	-0.11872279	0.13602279	-0.445704	0.2211587	-0.26815864	0.116073005	-0.19253081	0.9999993	-0.5451767	0.148667	-0.13102159	0.16149554	-0.47025752	0.29761434	-0.17354786
0.047705527	-0.061897673	0.08115123	-0.053369995	0.10361557	-0.056357544	0.05975076	-0.0758332	0.076759316	-0.087422736	0.064754	-0.08719171	0.07954866	-0.077604465	0.068411686	-0.06591189	0.082477406	-0.091656	0.08648367	-0.104728475	0.09445634	-0.09177095	0.09772131	-0.10619274	0.12631722	-0.10786654	0.102287754	-0.13473375	0.11401522	-0.11345305	0.11220347	-0.13296439	0.27683285	-0.25286612	0.2531739	-0.108250566	0.13540176	-0.5451767	0.999999	-0.3096574	0.1172358	-0.14929494	0.23965767	-0.35219944	0.23170766
-0.017185962	0.022250488	-0.029193085	0.019192249	-0.0372616	0.020271389	-0.021528315	0.027313408	-0.02774595	0.03143502	-0.02338566	0.03139916	-0.02878058	0.02807653	-0.02472287	0.023752883	-0.029871782	0.033232436	-0.031483356	0.037812307	-0.033884607	0.03275719	-0.03612894	0.03921825	-0.047162328	0.038255114	-0.036688432	0.049642988	-0.043088425	0.04261322	-0.03989469	0.046405606	-0.10698079	0.0942159	-0.13076466	0.037384458	-0.046224862	0.148667	-0.3096574	0.9999991	-0.041758444	0.050895374	-0.10008044	0.13542897	-0.9126636
0.029922605	-0.036843367	0.044042032	-0.028911736	0.05540635	-0.035124037	0.036151707	-0.043856435	0.044346	-0.04685871	0.04509808	-0.0546178	0.04865809	-0.04442424	0.037913743	-0.048114635	0.05959767	-0.057656243	0.05053939	-0.05650038	0.14370854	-0.14092286	0.05986609	-0.058817856	0.06951882	-0.20744476	0.15795957	-0.0806633	0.060870215	-0.057228725	0.27004355	-0.2930824	0.108224794	-0.07145526	0.094543144	-0.6885693	0.3069661	-0.13102159	0.1172358	-0.041758444	0.99999905	-0.52996224	0.087514624	-0.09666638	0.04869874
-0.029529406	0.03610809	-0.04453443	0.029127795	-0.056172635	0.034399554	-0.03566449	0.04328714	-0.044186402	0.04640056	-0.04461876	0.053167455	-0.04824026	0.04404363	-0.037758444	0.04682742	-0.058489256	0.056636106	-0.05056581	0.055940837	-0.14558768	0.12430315	-0.061353307	0.05967084	-0.072624415	0.16285905	-0.16577707	0.08156326	-0.06381431	0.05887323	-0.26640004	0.25869212	-0.1302201	0.08236343	-0.11038696	0.3005226	-0.697475	0.16149554	-0.14929494	0.050895374	-0.52996224	0.9999987	-0.12606928	0.11518198	-0.060065445
0.020843694	-0.026534222	0.03455609	-0.02266353	0.043983735	-0.024433943	0.025912752	-0.03254	0.03332401	-0.03674242	0.0291669	-0.03791728	0.035021998	-0.033627316	0.02938291	-0.029712131	0.03771798	-0.040760014	0.038327865	-0.044479813	0.05297154	-0.049549744	0.04620102	-0.048350926	0.05898808	-0.059579764	0.058487788	-0.063556395	0.054172304	-0.051426448	0.07231631	-0.08234731	0.17736854	-0.11161986	0.13512197	-0.07348831	0.10712587	-0.47025752	0.23965767	-0.10008044	0.087514624	-0.12606928	0.9999987	-0.8110819	0.11328531
-0.025601223	0.032539573	-0.042855293	0.028066384	-0.054589428	0.029940205	-0.031848714	0.039997917	-0.041115813	0.045159396	-0.035775784	0.046434153	-0.043137565	0.041394427	-0.03623196	0.036237538	-0.046240695	0.050015718	-0.047346	0.054685965	-0.062451594	0.0577441	-0.05729723	0.0597427	-0.0745182	0.06870096	-0.06802687	0.07761341	-0.0677683	0.06397551	-0.081982	0.089576416	-0.22591805	0.13776797	-0.18463486	0.07778443	-0.1071315	0.29761434	-0.35219944	0.13542897	-0.09666638	0.11518198	-0.8110819	0.99999875	-0.17479685
0.020451222	-0.026537456	0.034853954	-0.022918956	0.044508744	-0.02415225	0.025624149	-0.032531023	0.032952946	-0.03752564	0.027734853	-0.037363574	0.034125738	-0.033307638	0.029380297	-0.028193988	0.035311505	-0.039280966	0.03713748	-0.044974953	0.039807435	-0.038547277	0.04190536	-0.045547694	0.054675076	-0.045136694	0.042920142	-0.05744222	0.048934747	-0.049110312	0.046596434	-0.054404356	0.11583146	-0.0994523	0.1279752	-0.043916866	0.053809553	-0.17354786	0.23170766	-0.9126636	0.04869874	-0.060065445	0.11328531	-0.17479685	0.99999875
