1.0	-0.9103384	0.19419092	-0.20183674	0.044130575	-0.21864522	0.15916331	-0.10715991	0.08479621	-0.09507648	0.076990984	-0.076898634	0.06476843	-0.05805052	0.049543954	-0.058052786	0.06476119	-0.056965694	0.054183852	-0.042911477	0.03816396	-0.040085293	0.051191058	-0.046620656	0.045930114	-0.03286193	0.04186089	-0.047310505	0.03935383	-0.039952766	0.013444943	-0.023217173	0.030883592	-0.030449336	0.033243537	-0.013321139	0.031654365	-0.029395353	0.028772952	-0.025516374	0.049382	-0.026379252	0.027490243	-0.023251686	0.024872323
-0.9103384	1.0	-0.2571234	0.17410038	-0.04008944	0.16864818	-0.17724636	0.09605663	-0.077394865	0.083089195	-0.07978026	0.07707443	-0.06057788	0.052389525	-0.045206815	0.057352897	-0.06611689	0.05247904	-0.049764425	0.038959377	-0.03822764	0.03974767	-0.047765043	0.042815678	-0.042465836	0.03236334	-0.0420343	0.043494932	-0.03640376	0.036679164	-0.012585946	0.021576114	-0.028717782	0.028150357	-0.030842941	0.012452171	-0.029519955	0.027271396	-0.026700633	0.023615576	-0.04615818	0.024531001	-0.025600841	0.021567898	-0.023121351
0.19419092	-0.2571234	0.9999997	-0.81290853	0.10602595	-0.089868575	0.081158586	-0.31641644	0.23899582	-0.23998007	0.05748882	-0.05755696	0.15596862	-0.15098998	0.122277334	-0.056030452	0.060856197	-0.12702788	0.13352375	-0.10451142	0.041822843	-0.04500439	0.114469886	-0.10620273	0.1059257	-0.03852486	0.0469346	-0.10313147	0.08810684	-0.09062915	0.0282085	-0.05064254	0.06810544	-0.06793806	0.0746623	-0.027949838	0.06974851	-0.06504238	0.064230725	-0.057028484	0.11095995	-0.058782514	0.061349172	-0.05186643	0.05564146
-0.20183674	0.17410038	-0.81290853	0.9999999	-0.12887995	0.08386621	-0.08038123	0.24398777	-0.34870455	0.22291358	-0.058302663	0.05677516	-0.16213688	0.16208027	-0.13642883	0.05587752	-0.06176633	0.12528637	-0.15258099	0.11138898	-0.04312209	0.04591507	-0.122893535	0.110805966	-0.11602238	0.039373156	-0.048554737	0.10757534	-0.09483361	0.09602749	-0.030929772	0.055200983	-0.07469508	0.07331503	-0.08191579	0.030516014	-0.07738489	0.071079254	-0.070359476	0.061986122	-0.12582543	0.065152876	-0.06828034	0.056850806	-0.061509434
0.044130575	-0.04008944	0.10602595	-0.12887995	1.0000001	-0.035033714	0.031104024	-0.12731034	0.10286188	-0.17060243	0.029574212	-0.029483762	0.08558618	-0.08021381	0.077905886	-0.03356291	0.035013776	-0.079780445	0.08056314	-0.068797804	0.027994798	-0.029644845	0.079279	-0.07850112	0.0811161	-0.027192254	0.031579755	-0.09830057	0.07500263	-0.07686048	0.028465942	-0.05138691	0.06760614	-0.063580476	0.069025815	-0.028362703	0.07154917	-0.06693829	0.0617336	-0.055020623	0.124703385	-0.06361546	0.06435621	-0.052133445	0.055313952
-0.21864522	0.16864818	-0.089868575	0.08386621	-0.035033714	0.9999999	-0.83568954	0.08348098	-0.061267346	0.072571896	-0.29982442	0.26156518	-0.0730798	0.049440693	-0.045133255	0.17419884	-0.21514037	0.07153569	-0.05149598	0.04016425	-0.10941241	0.11165343	-0.06301645	0.05209599	-0.04957952	0.08717352	-0.119932584	0.055548083	-0.044993926	0.04340718	-0.017720612	0.027683413	-0.03611286	0.034414176	-0.037337366	0.01747429	-0.03716534	0.033696167	-0.032635283	0.02862862	-0.055094108	0.029736945	-0.031127837	0.026209388	-0.02804288
0.15916331	-0.17724636	0.081158586	-0.08038123	0.031104024	-0.83568954	0.99999964	-0.07968268	0.056069605	-0.066869125	0.23244861	-0.39028236	0.065701514	-0.044901747	0.040317696	-0.16849591	0.18250461	-0.06489144	0.04590557	-0.03598658	0.09058103	-0.10052645	0.05520138	-0.046327032	0.04347585	-0.076877296	0.097229	-0.048935547	0.039365444	-0.038322665	0.015354201	-0.024027947	0.03128349	-0.030071964	0.03246414	-0.015178776	0.032061007	-0.029270276	0.028352581	-0.024956979	0.047296394	-0.025724197	0.026883207	-0.022767901	0.024290679
-0.10715991	0.09605663	-0.31641644	0.24398777	-0.12731034	0.08348098	-0.07968268	0.9999999	-0.4737954	0.29696032	-0.07479389	0.07614951	-0.53045046	0.2546978	-0.2214204	0.081984244	-0.09215848	0.26617748	-0.2586831	0.18208584	-0.065180555	0.071525134	-0.25976935	0.20442168	-0.21148564	0.06045483	-0.0745381	0.18695793	-0.17275897	0.16871779	-0.054360542	0.09718964	-0.13305539	0.13027999	-0.14730172	0.05341318	-0.13774687	0.12523122	-0.12580016	0.10980126	-0.2238586	0.11490015	-0.12144795	0.100687966	-0.109842665
0.08479621	-0.077394865	0.23899582	-0.34870455	0.10286188	-0.061267346	0.056069605	-0.4737954	0.9999997	-0.55366737	0.052480884	-0.05350617	0.2364099	-0.4579892	0.23366494	-0.059032556	0.06438688	-0.18965162	0.25703388	-0.19588299	0.04629436	-0.05107282	0.16999029	-0.16458821	0.16436899	-0.043668568	0.052901622	-0.14568534	0.12975188	-0.1365623	0.039119624	-0.07097232	0.09626028	-0.097883746	0.10802672	-0.038695134	0.09801811	-0.091450416	0.09190283	-0.08168654	0.15527351	-0.08229513	0.08641341	-0.07357371	0.079159304
-0.09507648	0.083089195	-0.23998007	0.22291358	-0.17060243	0.072571896	-0.066869125	0.29696032	-0.55366737	0.99999976	-0.066155314	0.06572396	-0.26465136	0.2860104	-0.37836075	0.07424701	-0.08108292	0.20833729	-0.31115043	0.24174713	-0.0627348	0.06722389	-0.23079793	0.21009248	-0.24798946	0.059074398	-0.07167786	0.2060547	-0.19157986	0.1924323	-0.06381548	0.11375108	-0.155647	0.14947094	-0.17205635	0.06256975	-0.16408531	0.14752394	-0.14683399	0.1280805	-0.2765163	0.1383192	-0.14595951	0.11883403	-0.13035406
0.076990984	-0.07978026	0.05748882	-0.058302663	0.029574212	-0.29982442	0.23244861	-0.07479389	0.052480884	-0.066155314	0.9999997	-0.65889084	0.07540432	-0.046464477	0.042096645	-0.5673232	0.30423707	-0.08096987	0.049062762	-0.038377956	0.15755658	-0.1670682	0.06607055	-0.053536505	0.04831277	-0.13761993	0.14987338	-0.057067256	0.044958893	-0.042990662	0.01938936	-0.027968707	0.03572705	-0.033939857	0.036241148	-0.019164786	0.036566213	-0.033055685	0.03179412	-0.027908845	0.0513889	-0.028495131	0.029826015	-0.025392493	0.026988594
-0.076898634	0.07707443	-0.05755696	0.05677516	-0.029483762	0.26156518	-0.39028236	0.07614951	-0.05350617	0.06572396	-0.65889084	0.9999999	-0.08567139	0.04799185	-0.043324016	0.30189148	-0.4849301	0.08849345	-0.05123979	0.039409958	-0.15303755	0.17284474	-0.07123905	0.055485304	-0.04999879	0.12182165	-0.16926947	0.057904933	-0.04633131	0.04389967	-0.0190564	0.028253274	-0.036425203	0.03462069	-0.037119642	0.018779662	-0.037176482	0.03354857	-0.032492332	0.028439643	-0.052583	0.028993225	-0.03043501	0.025865518	-0.02757345
0.06476843	-0.06057788	0.15596862	-0.16213688	0.08558618	-0.0730798	0.065701514	-0.53045046	0.2364099	-0.26465136	0.07540432	-0.08567139	0.9999998	-0.28251487	0.1808453	-0.09276814	0.10525357	-0.63263154	0.22556631	-0.16764292	0.06333047	-0.07562131	0.26397985	-0.22937979	0.17629111	-0.059690323	0.072609305	-0.1784907	0.15206082	-0.15412931	0.04191292	-0.07691842	0.10402533	-0.10972628	0.11618789	-0.041701462	0.102226995	-0.098015815	0.09925424	-0.08863227	0.15193054	-0.08478983	0.08896695	-0.07829146	0.083079785
-0.05805052	0.052389525	-0.15098998	0.16208027	-0.08021381	0.049440693	-0.044901747	0.2546978	-0.4579892	0.2860104	-0.046464477	0.04799185	-0.28251487	0.9999998	-0.43004435	0.054373786	-0.06021032	0.20230946	-0.62198424	0.28209266	-0.042629234	0.048069097	-0.18593594	0.18799658	-0.18881075	0.04035656	-0.04929501	0.14382118	-0.13623983	0.1465007	-0.03649116	0.06693262	-0.091351405	0.09709555	-0.10664011	0.036145363	-0.09105182	0.08618709	-0.08913989	0.07963838	-0.13913557	0.07583542	-0.080052115	0.07005543	-0.07514031
0.049543954	-0.045206815	0.122277334	-0.13642883	0.077905886	-0.045133255	0.040317696	-0.2214204	0.23366494	-0.37836075	0.042096645	-0.043324016	0.1808453	-0.43004435	0.9999997	-0.050355792	0.054290544	-0.17137828	0.31098124	-0.70321226	0.040100798	-0.04507138	0.16194482	-0.18670166	0.22009031	-0.038624823	0.046506356	-0.15462802	0.14058392	-0.18264897	0.036873017	-0.06871693	0.0930267	-0.10321369	0.11202255	-0.036742177	0.091311745	-0.08872983	0.092097856	-0.08492121	0.1358875	-0.07666876	0.08051286	-0.07272815	0.076904975
-0.058052786	0.057352897	-0.056030452	0.05587752	-0.03356291	0.17419884	-0.16849591	0.081984244	-0.059032556	0.07424701	-0.5673232	0.30189148	-0.09276814	0.054373786	-0.050355792	0.99999964	-0.61181647	0.10399899	-0.059835806	0.0460734	-0.3057314	0.24076751	-0.08753088	0.0668927	-0.06051556	0.19732995	-0.25319692	0.072069325	-0.057066936	0.053232998	-0.025523111	0.035772286	-0.045584764	0.04257998	-0.045574225	0.025068296	-0.046738513	0.041638777	-0.04005525	0.03491597	-0.06449259	0.035725404	-0.037561066	0.031830225	-0.033926904
0.06476119	-0.06611689	0.060856197	-0.06176633	0.035013776	-0.21514037	0.18250461	-0.09215848	0.06438688	-0.08108292	0.30423707	-0.4849301	0.10525357	-0.06021032	0.054290544	-0.61181647	0.9999997	-0.14172287	0.065549664	-0.050238695	0.21642873	-0.40510866	0.098921634	-0.074894436	0.064402096	-0.19439311	0.23846632	-0.07646242	0.06037017	-0.056907065	0.025610002	-0.036619943	0.04676276	-0.044579864	0.047341544	-0.025287684	0.047448084	-0.042868182	0.04146899	-0.03631894	0.06536835	-0.036573794	0.038402144	-0.03287464	0.034920506
-0.056965694	0.05247904	-0.12702788	0.12528637	-0.079780445	0.07153569	-0.06489144	0.26617748	-0.18965162	0.20833729	-0.08096987	0.08849345	-0.63263154	0.20230946	-0.17137828	0.10399899	-0.14172287	0.9999997	-0.25410745	0.16019323	-0.07195044	0.08901308	-0.539872	0.25407404	-0.20259134	0.06593875	-0.08428955	0.1798368	-0.17211337	0.16003813	-0.04423838	0.08022872	-0.11074005	0.11585661	-0.12562701	0.043683626	-0.108691536	0.10207862	-0.106322184	0.093068376	-0.1614828	0.08860597	-0.09423882	0.08224101	-0.08851689
0.054183852	-0.049764425	0.13352375	-0.15258099	0.08056314	-0.05149598	0.04590557	-0.2586831	0.25703388	-0.31115043	0.049062762	-0.05123979	0.22556631	-0.62198424	0.31098124	-0.059835806	0.065549664	-0.25410745	0.99999976	-0.49115354	0.046202973	-0.053106714	0.20952645	-0.28063053	0.22153644	-0.04428742	0.053721335	-0.17066535	0.16014518	-0.18220735	0.03955593	-0.07373275	0.100252986	-0.11190281	0.119010806	-0.039394464	0.09759138	-0.094808966	0.098985925	-0.0898578	0.14353774	-0.08129481	0.08561196	-0.07730998	0.08181342
-0.042911477	0.038959377	-0.10451142	0.11138898	-0.068797804	0.04016425	-0.03598658	0.18208584	-0.19588299	0.24174713	-0.038377956	0.039409958	-0.16764292	0.28209266	-0.70321226	0.0460734	-0.050238695	0.16019323	-0.49115354	0.9999997	-0.037257843	0.042050898	-0.16804877	0.19414142	-0.33074263	0.03577087	-0.043516923	0.14662203	-0.14660737	0.18689878	-0.03557015	0.06619796	-0.090746924	0.102141	-0.11444362	0.035314668	-0.08869451	0.08561177	-0.091497555	0.083605595	-0.13124026	0.07378037	-0.07827006	0.0709655	-0.07585608
0.03816396	-0.03822764	0.041822843	-0.04312209	0.027994798	-0.10941241	0.09058103	-0.065180555	0.04629436	-0.0627348	0.15755658	-0.15303755	0.06333047	-0.042629234	0.040100798	-0.3057314	0.21642873	-0.07195044	0.046202973	-0.037257843	0.9999997	-0.4149242	0.068485595	-0.056482486	0.050076313	-0.7756515	0.30477673	-0.06960063	0.050447855	-0.04660124	0.040775307	-0.03891273	0.044436194	-0.038759954	0.040253412	-0.04014578	0.04725574	-0.04008742	0.03622733	-0.03152526	0.056248922	-0.03278916	0.034217898	-0.028955035	0.030366132
-0.040085293	0.03974767	-0.04500439	0.04591507	-0.029644845	0.11165343	-0.10052645	0.071525134	-0.05107282	0.06722389	-0.1670682	0.17284474	-0.07562131	0.048069097	-0.04507138	0.24076751	-0.40510866	0.08901308	-0.053106714	0.042050898	-0.4149242	0.9999998	-0.09261431	0.06816131	-0.05781234	0.28798127	-0.7225047	0.08055511	-0.059193745	0.052548476	-0.029174013	0.03847691	-0.047837883	0.042885367	-0.044845324	0.028521057	-0.04817544	0.04213915	-0.039926127	0.03452097	-0.061133455	0.034943722	-0.036867503	0.03139546	-0.033228148
0.051191058	-0.047765043	0.114469886	-0.122893535	0.079279	-0.06301645	0.05520138	-0.25976935	0.16999029	-0.23079793	0.06607055	-0.07123905	0.26397985	-0.18593594	0.16194482	-0.08753088	0.098921634	-0.539872	0.20952645	-0.16804877	0.068485595	-0.09261431	0.9999998	-0.6065922	0.23820142	-0.065064654	0.08375129	-0.27090892	0.22825857	-0.21584433	0.049297668	-0.09389585	0.12902887	-0.1470539	0.1452715	-0.04927363	0.11903403	-0.1183581	0.123957984	-0.110660635	0.16231704	-0.0967663	0.10224928	-0.09445376	0.0986957
-0.046620656	0.042815678	-0.10620273	0.110805966	-0.07850112	0.05209599	-0.046327032	0.20442168	-0.16458821	0.21009248	-0.053536505	0.055485304	-0.22937979	0.18799658	-0.18670166	0.0668927	-0.074894436	0.25407404	-0.28063053	0.19414142	-0.056482486	0.06816131	-0.6065922	0.9999998	-0.43397236	0.053863306	-0.0690452	0.25357825	-0.39517838	0.267084	-0.053557426	0.101568766	-0.14422037	0.17661826	-0.18191178	0.053045593	-0.13298972	0.13014872	-0.15057686	0.12915565	-0.18208154	0.10685556	-0.1155088	0.108088024	-0.11557115
0.045930114	-0.042465836	0.1059257	-0.11602238	0.0811161	-0.04957952	0.04347585	-0.21148564	0.16436899	-0.24798946	0.04831277	-0.04999879	0.17629111	-0.18881075	0.22009031	-0.06051556	0.064402096	-0.20259134	0.22153644	-0.33074263	0.050076313	-0.05781234	0.23820142	-0.43397236	0.99999976	-0.04951691	0.059932627	-0.26864722	0.27650416	-0.639945	0.05391566	-0.10495117	0.14342031	-0.18990536	0.20668885	-0.05417368	0.13186257	-0.13667342	0.15401219	-0.15294431	0.17611286	-0.11044816	0.11715606	-0.11777231	0.121861845
-0.03286193	0.03236334	-0.03852486	0.039373156	-0.027192254	0.08717352	-0.076877296	0.06045483	-0.043668568	0.059074398	-0.13761993	0.12182165	-0.059690323	0.04035656	-0.038624823	0.19732995	-0.19439311	0.06593875	-0.04428742	0.03577087	-0.7756515	0.28798127	-0.065064654	0.053863306	-0.04951691	0.9999999	-0.5043561	0.071929984	-0.05156747	0.046132606	-0.04927778	0.042148385	-0.0475242	0.039585665	-0.041188218	0.04540559	-0.051181875	0.041889064	-0.037388854	0.032195717	-0.058446266	0.03400447	-0.03567232	0.029801577	-0.03133561
0.04186089	-0.0420343	0.0469346	-0.048554737	0.031579755	-0.119932584	0.097229	-0.0745381	0.052901622	-0.07167786	0.14987338	-0.16926947	0.072609305	-0.04929501	0.046506356	-0.25319692	0.23846632	-0.08428955	0.053721335	-0.043516923	0.30477673	-0.7225047	0.08375129	-0.0690452	0.059932627	-0.5043561	0.99999994	-0.09757593	0.0643227	-0.056398515	0.03672299	-0.045095988	0.05405346	-0.047009315	0.048429336	-0.036071453	0.054288335	-0.04706841	0.04357072	-0.03761534	0.065660946	-0.0382687	0.04028851	-0.034304067	0.036073245
-0.047310505	0.043494932	-0.10313147	0.10757534	-0.09830057	0.055548083	-0.048935547	0.18695793	-0.14568534	0.2060547	-0.057067256	0.057904933	-0.1784907	0.14382118	-0.15462802	0.072069325	-0.07646242	0.1798368	-0.17066535	0.14662203	-0.06960063	0.08055511	-0.27090892	0.25357825	-0.26864722	0.071929984	-0.09757593	0.9999997	-0.55756044	0.2667267	-0.108837724	0.21135803	-0.38998348	0.2615385	-0.26360142	0.104299195	-0.27566385	0.24280328	-0.24568778	0.19257511	-0.31876415	0.18604961	-0.20932685	0.17487212	-0.18841378
0.03935383	-0.03640376	0.08810684	-0.09483361	0.07500263	-0.044993926	0.039365444	-0.17275897	0.12975188	-0.19157986	0.044958893	-0.04633131	0.15206082	-0.13623983	0.14058392	-0.057066936	0.06037017	-0.17211337	0.16014518	-0.14660737	0.050447855	-0.059193745	0.22825857	-0.39517838	0.27650416	-0.05156747	0.0643227	-0.55756044	1.0000001	-0.464174	0.068006724	-0.14011122	0.20269121	-0.39015147	0.24865532	-0.06815237	0.1659421	-0.17805843	0.21967563	-0.18507229	0.19852272	-0.13096406	0.1429006	-0.14755271	0.14950782
-0.039952766	0.036679164	-0.09062915	0.09602749	-0.07686048	0.04340718	-0.038322665	0.16871779	-0.1365623	0.1924323	-0.042990662	0.04389967	-0.15412931	0.1465007	-0.18264897	0.053232998	-0.056907065	0.16003813	-0.18220735	0.18689878	-0.04660124	0.052548476	-0.21584433	0.267084	-0.639945	0.046132606	-0.056398515	0.2667267	-0.464174	0.99999994	-0.061396558	0.11802372	-0.16945028	0.23415162	-0.35380375	0.060816456	-0.15471227	0.15580013	-0.19991185	0.19002691	-0.20636365	0.12616943	-0.13924457	0.14102177	-0.1553029
0.013444943	-0.012585946	0.0282085	-0.030929772	0.028465942	-0.017720612	0.015354201	-0.054360542	0.039119624	-0.06381548	0.01938936	-0.0190564	0.04191292	-0.03649116	0.036873017	-0.025523111	0.025610002	-0.04423838	0.03955593	-0.03557015	0.040775307	-0.029174013	0.049297668	-0.053557426	0.05391566	-0.04927778	0.03672299	-0.108837724	0.068006724	-0.061396558	0.9999999	-0.2930309	0.15405333	-0.074833125	0.06608161	-0.9115166	0.22218975	-0.12765528	0.07117007	-0.05879272	0.093012296	-0.07678804	0.07718792	-0.059382185	0.056564793
-0.023217173	0.021576114	-0.05064254	0.055200983	-0.05138691	0.027683413	-0.024027947	0.09718964	-0.07097232	0.11375108	-0.027968707	0.028253274	-0.07691842	0.06693262	-0.06871693	0.035772286	-0.036619943	0.08022872	-0.07373275	0.06619796	-0.03891273	0.03847691	-0.09389585	0.101568766	-0.10495117	0.042148385	-0.045095988	0.21135803	-0.14011122	0.11802372	-0.2930309	1.0000001	-0.5929804	0.15810397	-0.13824366	0.22101022	-0.628036	0.26582897	-0.15255111	0.11828625	-0.18188384	0.14840898	-0.1626166	0.11918337	-0.11612489
0.030883592	-0.028717782	0.06810544	-0.07469508	0.06760614	-0.03611286	0.03128349	-0.13305539	0.09626028	-0.155647	0.03572705	-0.036425203	0.10402533	-0.091351405	0.0930267	-0.045584764	0.04676276	-0.11074005	0.100252986	-0.090746924	0.044436194	-0.047837883	0.12902887	-0.14422037	0.14342031	-0.0475242	0.05405346	-0.38998348	0.20269121	-0.16945028	0.15405333	-0.5929804	0.99999994	-0.26758805	0.1870427	-0.16089661	0.31866843	-0.47053835	0.20892645	-0.16520086	0.2148548	-0.1915801	0.20773856	-0.16278334	0.15112619
-0.030449336	0.028150357	-0.06793806	0.07331503	-0.063580476	0.034414176	-0.030071964	0.13027999	-0.097883746	0.14947094	-0.033939857	0.03462069	-0.10972628	0.09709555	-0.10321369	0.04257998	-0.044579864	0.11585661	-0.11190281	0.102141	-0.038759954	0.042885367	-0.1470539	0.17661826	-0.18990536	0.039585665	-0.047009315	0.2615385	-0.39015147	0.23415162	-0.074833125	0.15810397	-0.26758805	0.99999976	-0.51031816	0.07446534	-0.18965684	0.22216816	-0.58399785	0.28821266	-0.20365092	0.15066566	-0.1780152	0.21609677	-0.22675191
0.033243537	-0.030842941	0.0746623	-0.08191579	0.069025815	-0.037337366	0.03246414	-0.14730172	0.10802672	-0.17205635	0.036241148	-0.037119642	0.11618789	-0.10664011	0.11202255	-0.045574225	0.047341544	-0.12562701	0.119010806	-0.11444362	0.040253412	-0.044845324	0.1452715	-0.18191178	0.20668885	-0.041188218	0.048429336	-0.26360142	0.24865532	-0.35380375	0.06608161	-0.13824366	0.1870427	-0.51031816	0.9999995	-0.06769605	0.16197589	-0.20397975	0.3079435	-0.58581483	0.19258173	-0.15394916	0.16799936	-0.24372274	0.24309543
-0.013321139	0.012452171	-0.027949838	0.030516014	-0.028362703	0.01747429	-0.015178776	0.05341318	-0.038695134	0.06256975	-0.019164786	0.018779662	-0.041701462	0.036145363	-0.036742177	0.025068296	-0.025287684	0.043683626	-0.039394464	0.035314668	-0.04014578	0.028521057	-0.04927363	0.053045593	-0.05417368	0.04540559	-0.036071453	0.104299195	-0.06815237	0.060816456	-0.9115166	0.22101022	-0.16089661	0.07446534	-0.06769605	0.9999994	-0.29383254	0.12715945	-0.07323041	0.059438486	-0.1006233	0.079008974	-0.08106488	0.060504224	-0.058592264
0.031654365	-0.029519955	0.06974851	-0.07738489	0.07154917	-0.03716534	0.032061007	-0.13774687	0.09801811	-0.16408531	0.036566213	-0.037176482	0.102226995	-0.09105182	0.091311745	-0.046738513	0.047448084	-0.108691536	0.09759138	-0.08869451	0.04725574	-0.04817544	0.11903403	-0.13298972	0.13186257	-0.051181875	0.054288335	-0.27566385	0.1659421	-0.15471227	0.22218975	-0.628036	0.31866843	-0.18965684	0.16197589	-0.29383254	0.9999995	-0.44247463	0.18193904	-0.15228824	0.21915212	-0.22602326	0.21089776	-0.15859538	0.14377417
-0.029395353	0.027271396	-0.06504238	0.071079254	-0.06693829	0.033696167	-0.029270276	0.12523122	-0.091450416	0.14752394	-0.033055685	0.03354857	-0.098015815	0.08618709	-0.08872983	0.041638777	-0.042868182	0.10207862	-0.094808966	0.08561177	-0.04008742	0.04213915	-0.1183581	0.13014872	-0.13667342	0.041889064	-0.04706841	0.24280328	-0.17805843	0.15580013	-0.12765528	0.26582897	-0.47053835	0.22216816	-0.20397975	0.12715945	-0.44247463	0.9999996	-0.3149101	0.19368146	-0.31268772	0.26264998	-0.49111524	0.22313792	-0.21338248
0.028772952	-0.026700633	0.064230725	-0.070359476	0.0617336	-0.032635283	0.028352581	-0.12580016	0.09190283	-0.14683399	0.03179412	-0.032492332	0.09925424	-0.08913989	0.092097856	-0.04005525	0.04146899	-0.106322184	0.098985925	-0.091497555	0.03622733	-0.039926127	0.123957984	-0.15057686	0.15401219	-0.037388854	0.04357072	-0.24568778	0.21967563	-0.19991185	0.07117007	-0.15255111	0.20892645	-0.58399785	0.3079435	-0.07323041	0.18193904	-0.3149101	0.99999994	-0.48257735	0.20029311	-0.17665192	0.21035878	-0.38354266	0.27492842
-0.025516374	0.023615576	-0.057028484	0.061986122	-0.055020623	0.02862862	-0.024956979	0.10980126	-0.08168654	0.1280805	-0.027908845	0.028439643	-0.08863227	0.07963838	-0.08492121	0.03491597	-0.03631894	0.093068376	-0.0898578	0.083605595	-0.03152526	0.03452097	-0.110660635	0.12915565	-0.15294431	0.032195717	-0.03761534	0.19257511	-0.18507229	0.19002691	-0.05879272	0.11828625	-0.16520086	0.28821266	-0.58581483	0.059438486	-0.15228824	0.19368146	-0.48257735	0.9999998	-0.1901524	0.14905864	-0.18298794	0.2790672	-0.4908926
0.049382	-0.04615818	0.11095995	-0.12582543	0.124703385	-0.055094108	0.047296394	-0.2238586	0.15527351	-0.2765163	0.0513889	-0.052583	0.15193054	-0.13913557	0.1358875	-0.06449259	0.06536835	-0.1614828	0.14353774	-0.13124026	0.056248922	-0.061133455	0.16231704	-0.18208154	0.17611286	-0.058446266	0.065660946	-0.31876415	0.19852272	-0.20636365	0.093012296	-0.18188384	0.2148548	-0.20365092	0.19258173	-0.1006233	0.21915212	-0.31268772	0.20029311	-0.1901524	0.99999994	-0.62272656	0.29180974	-0.22035645	0.18449137
-0.026379252	0.024531001	-0.058782514	0.065152876	-0.06361546	0.029736945	-0.025724197	0.11490015	-0.08229513	0.1383192	-0.028495131	0.028993225	-0.08478983	0.07583542	-0.07666876	0.035725404	-0.036573794	0.08860597	-0.08129481	0.07378037	-0.03278916	0.034943722	-0.0967663	0.10685556	-0.11044816	0.03400447	-0.0382687	0.18604961	-0.13096406	0.12616943	-0.07678804	0.14840898	-0.1915801	0.15066566	-0.15394916	0.079008974	-0.22602326	0.26264998	-0.17665192	0.14905864	-0.62272656	1.0	-0.61884654	0.20795101	-0.19538322
0.027490243	-0.025600841	0.061349172	-0.06828034	0.06435621	-0.031127837	0.026883207	-0.12144795	0.08641341	-0.14595951	0.029826015	-0.03043501	0.08896695	-0.080052115	0.08051286	-0.037561066	0.038402144	-0.09423882	0.08561196	-0.07827006	0.034217898	-0.036867503	0.10224928	-0.1155088	0.11715606	-0.03567232	0.04028851	-0.20932685	0.1429006	-0.13924457	0.07718792	-0.1626166	0.20773856	-0.1780152	0.16799936	-0.08106488	0.21089776	-0.49111524	0.21035878	-0.18298794	0.29180974	-0.61884654	1.0	-0.3773605	0.2247868
-0.023251686	0.021567898	-0.05186643	0.056850806	-0.052133445	0.026209388	-0.022767901	0.100687966	-0.07357371	0.11883403	-0.025392493	0.025865518	-0.07829146	0.07005543	-0.07272815	0.031830225	-0.03287464	0.08224101	-0.07730998	0.0709655	-0.028955035	0.03139546	-0.09445376	0.108088024	-0.11777231	0.029801577	-0.034304067	0.17487212	-0.14755271	0.14102177	-0.059382185	0.11918337	-0.16278334	0.21609677	-0.24372274	0.060504224	-0.15859538	0.22313792	-0.38354266	0.2790672	-0.22035645	0.20795101	-0.3773605	1.0000001	-0.71605283
0.024872323	-0.023121351	0.05564146	-0.061509434	0.055313952	-0.02804288	0.024290679	-0.109842665	0.079159304	-0.13035406	0.026988594	-0.02757345	0.083079785	-0.07514031	0.076904975	-0.033926904	0.034920506	-0.08851689	0.08181342	-0.07585608	0.030366132	-0.033228148	0.0986957	-0.11557115	0.121861845	-0.03133561	0.036073245	-0.18841378	0.14950782	-0.1553029	0.056564793	-0.11612489	0.15112619	-0.22675191	0.24309543	-0.058592264	0.14377417	-0.21338248	0.27492842	-0.4908926	0.18449137	-0.19538322	0.2247868	-0.71605283	1.0000001
