1.0000001	-0.075160325	0.040858954	-0.049393784	0.015390054	-0.9872795	0.07906402	-0.034369137	0.03042158	-0.014476199	0.08078815	-0.0502062	0.030713942	-0.029804831	0.03430164	-0.023015952	0.025279686	-0.026745422	0.026943563	-0.028133182	0.024027986	-0.024037084	0.022966022	-0.021813946	0.018788924	-0.016568175	0.023409314	-0.018886972	0.018898493	-0.018454425	0.018416958	-0.017245647	0.019396935	-0.018319407	0.013679704	-0.012552663	0.013868438	-0.014562894	0.020529576	-0.013416311	0.011197849	-0.017981589	0.011535185	-0.012083972	0.01704109
-0.075160325	1.0000004	-0.5586152	0.30406716	-0.0871293	0.06943098	-0.69203264	0.18003401	-0.1837225	0.07755411	-0.12674153	0.17651466	-0.12906967	0.11855507	-0.14005773	0.06749724	-0.08694066	0.09579294	-0.103731	0.097263105	-0.07703686	0.077987716	-0.079271235	0.072053015	-0.064244844	0.05217294	-0.07662685	0.06146331	-0.062904805	0.060184304	-0.059185486	0.053736318	-0.06391406	0.058435284	-0.04469346	0.038350634	-0.043360215	0.04511078	-0.06713832	0.04279458	-0.034692932	0.054149076	-0.036257412	0.037546676	-0.054044127
0.040858954	-0.5586152	1.0000005	-0.73194426	0.08109622	-0.03975753	0.28690165	-0.17910844	0.17313498	-0.07698925	0.088174246	-0.12981194	0.098542295	-0.09681635	0.102897905	-0.049540713	0.063383415	-0.07330445	0.07834171	-0.0741793	0.05568056	-0.057811096	0.0584489	-0.05391111	0.04768954	-0.038092725	0.055729914	-0.045409344	0.04630082	-0.044812076	0.04294063	-0.039481584	0.046749428	-0.043111045	0.032834556	-0.02816572	0.031746212	-0.033121414	0.04886208	-0.0315321	0.025378736	-0.03992468	0.026503416	-0.027448246	0.039228164
-0.049393784	0.30406716	-0.73194426	1.0000004	-0.13148656	0.046784766	-0.41329062	0.22267617	-0.3090057	0.11308914	-0.13087943	0.17098966	-0.1407826	0.13681929	-0.15637401	0.07181278	-0.09228547	0.10431039	-0.1151194	0.1068751	-0.08219883	0.08358834	-0.08552823	0.0780611	-0.0697953	0.055884417	-0.08221775	0.06627851	-0.067993335	0.06519798	-0.0634573	0.05771567	-0.06886924	0.063068435	-0.048289478	0.041167736	-0.04658093	0.048557337	-0.072438054	0.046209574	-0.037256025	0.05815438	-0.039028667	0.040423796	-0.058199067
0.015390054	-0.0871293	0.08109622	-0.13148656	1.0000001	-0.015030558	0.101206064	-0.18247673	0.179599	-0.9478574	0.063735515	-0.096156925	0.08345426	-0.0935914	0.09813934	-0.040086523	0.05090239	-0.0638075	0.06811	-0.07191167	0.043984603	-0.04812328	0.048599448	-0.047078297	0.041511595	-0.03080566	0.044808913	-0.038074	0.038865738	-0.039061196	0.034308787	-0.032531567	0.03833565	-0.036285464	0.02745378	-0.023166139	0.025956567	-0.027351283	0.039702002	-0.026526498	0.02069299	-0.03316864	0.021650983	-0.022434825	0.03148929
-0.9872795	0.06943098	-0.03975753	0.046784766	-0.015030558	1.0000001	-0.08424913	0.033440296	-0.02982962	0.01406896	-0.0877883	0.048704952	-0.030017374	0.028910842	-0.033464383	0.022495057	-0.024668543	0.025948543	-0.026221564	0.02720373	-0.023484485	0.0233011	-0.022288188	0.021093288	-0.0181954	0.016073858	-0.022711625	0.018269194	-0.018291058	0.017830657	-0.017869571	0.016672175	-0.01877947	0.017692473	-0.0132259475	0.012125038	-0.013407802	0.0140540395	-0.019855646	0.012955123	-0.010822652	0.017346773	-0.01114136	0.0116622755	-0.01646341
0.07906402	-0.69203264	0.28690165	-0.41329062	0.101206064	-0.08424913	0.99999994	-0.30483305	0.22013015	-0.09801844	0.15167072	-0.31014743	0.17488721	-0.16129196	0.16640842	-0.08680042	0.111515485	-0.12806734	0.13142756	-0.12573548	0.09534416	-0.10071729	0.09997378	-0.092339925	0.08076426	-0.06526235	0.094848305	-0.077592954	0.07849235	-0.076325364	0.07295641	-0.06757236	0.07928001	-0.073331125	0.05555688	-0.04820868	0.054129165	-0.056368515	0.082196586	-0.053511593	0.043257486	-0.06847586	0.044939205	-0.046510626	0.06603906
-0.034369137	0.18003401	-0.17910844	0.22267617	-0.18247673	0.033440296	-0.30483305	1.0	-0.80012536	0.16003564	-0.13180634	0.20497933	-0.27674282	0.21751222	-0.1937207	0.083600804	-0.11170144	0.14463565	-0.15896535	0.1331981	-0.092909545	0.09912113	-0.103181474	0.09325022	-0.08266644	0.063003734	-0.09242537	0.07677838	-0.07815894	0.076021895	-0.0704122	0.06508526	-0.07803353	0.07153849	-0.05458413	0.046047088	-0.05202035	0.054143798	-0.0798604	0.052105486	-0.04137095	0.06524987	-0.043217707	0.044528455	-0.0632441
0.03042158	-0.1837225	0.17313498	-0.3090057	0.179599	-0.02982962	0.22013015	-0.80012536	0.9999998	-0.2204554	0.11759344	-0.19604176	0.20651348	-0.26014963	0.17339784	-0.07664413	0.10037694	-0.13535398	0.1451682	-0.12750436	0.08347052	-0.09142986	0.09346455	-0.08694282	0.07622619	-0.05733908	0.08359318	-0.07058585	0.07152689	-0.07065479	0.06365005	-0.05964209	0.07094138	-0.06585771	0.049987763	-0.04221981	0.04750331	-0.04964173	0.07249564	-0.0479399	0.037775517	-0.060089048	0.039431687	-0.040671628	0.05734221
-0.014476199	0.07755411	-0.07698925	0.11308914	-0.9478574	0.01406896	-0.09801844	0.16003564	-0.2204554	0.9999997	-0.06044055	0.087550074	-0.07961841	0.0885072	-0.10141373	0.037660625	-0.048134815	0.059709407	-0.06554601	0.06756087	-0.041718107	0.04512455	-0.045972597	0.044132523	-0.039265655	0.029052557	-0.042411886	0.035810065	-0.036709648	0.036665436	-0.032474983	0.030575357	-0.036245387	0.034113552	-0.025913026	0.021755133	-0.02444095	0.025721805	-0.037618753	0.024955608	-0.019481502	0.03107292	-0.020418629	0.021147547	-0.029815102
0.08078815	-0.12674153	0.088174246	-0.13087943	0.063735515	-0.0877883	0.15167072	-0.13180634	0.11759344	-0.06044055	0.9999995	-0.36262125	0.18969226	-0.18983352	0.22243221	-0.20720215	0.18977693	-0.19010358	0.18163371	-0.20373781	0.18971832	-0.18607824	0.16944474	-0.164674	0.138802	-0.13160476	0.17999929	-0.14480716	0.14267819	-0.14057735	0.14358985	-0.13649361	0.14789797	-0.14209446	0.10459683	-0.100584224	0.109532185	-0.11544018	0.15741816	-0.10406969	0.08898904	-0.1450469	0.09073802	-0.09573137	0.13356756
-0.0502062	0.17651466	-0.12981194	0.17098966	-0.096156925	0.048704952	-0.31014743	0.20497933	-0.19604176	0.087550074	-0.36262125	0.9999994	-0.5406023	0.2906506	-0.35948396	0.18875854	-0.2866811	0.26785195	-0.28400317	0.23913437	-0.21462996	0.21204291	-0.21680354	0.18345493	-0.164152	0.137526	-0.20257653	0.15784214	-0.1604032	0.1504435	-0.15478781	0.1373849	-0.16448438	0.14583457	-0.111975014	0.09715025	-0.1103234	0.112381846	-0.16746783	0.10611203	-0.08785777	0.13585404	-0.09063105	0.09295979	-0.13389459
0.030713942	-0.12906967	0.098542295	-0.1407826	0.08345426	-0.030017374	0.17488721	-0.27674282	0.20651348	-0.07961841	0.18969226	-0.5406023	0.9999994	-0.5674504	0.2742553	-0.14455475	0.20120628	-0.40071228	0.2804712	-0.2223762	0.14835715	-0.17319272	0.17852937	-0.15710299	0.1329422	-0.100088924	0.1451313	-0.12576257	0.12361056	-0.12185389	0.108773954	-0.10257502	0.12254161	-0.112020575	0.084544346	-0.071773835	0.08075953	-0.083668664	0.12067584	-0.080712296	0.063832425	-0.101948	0.06617497	-0.0677165	0.09464597
-0.029804831	0.11855507	-0.09681635	0.13681929	-0.0935914	0.028910842	-0.16129196	0.21751222	-0.26014963	0.0885072	-0.18983352	0.2906506	-0.5674504	0.99999934	-0.49392214	0.13636687	-0.18941244	0.27539125	-0.44936946	0.2627639	-0.14934078	0.16539958	-0.17845155	0.16296381	-0.14758737	0.10109047	-0.14874251	0.12774326	-0.13140446	0.1302552	-0.11191903	0.104738034	-0.12774643	0.11761412	-0.0902663	0.073437884	-0.083146505	0.08686044	-0.12868004	0.08549216	-0.065735206	0.104281165	-0.0690649	0.070874505	-0.099824354
0.03430164	-0.14005773	0.102897905	-0.15637401	0.09813934	-0.033464383	0.16640842	-0.1937207	0.17339784	-0.10141373	0.22243221	-0.35948396	0.2742553	-0.49392214	0.9999993	-0.15987097	0.19945268	-0.2651829	0.29575568	-0.5558089	0.17040893	-0.20282593	0.20678262	-0.2319867	0.21543446	-0.1244914	0.18025486	-0.16709456	0.17671318	-0.19723456	0.13656963	-0.13631223	0.16237772	-0.1633857	0.124242544	-0.096416496	0.10748291	-0.11633162	0.16838467	-0.120528065	0.08516132	-0.14030665	0.09061665	-0.09417162	0.12858479
-0.023015952	0.06749724	-0.049540713	0.07181278	-0.040086523	0.022495057	-0.08680042	0.083600804	-0.07664413	0.037660625	-0.20720215	0.18875854	-0.14455475	0.13636687	-0.15987097	0.999999	-0.53523815	0.2045934	-0.17323308	0.15806097	-0.69094557	0.2566769	-0.18487851	0.14722659	-0.118519604	0.20579892	-0.2268204	0.13460408	-0.12239835	0.114165165	-0.19845033	0.1415932	-0.13478214	0.11334687	-0.08280262	0.101120844	-0.10845993	0.09234575	-0.12000824	0.07962503	-0.087885424	0.13227546	-0.07341533	0.07257004	-0.0993608
0.025279686	-0.08694066	0.063383415	-0.09228547	0.05090239	-0.024668543	0.111515485	-0.11170144	0.10037694	-0.048134815	0.18977693	-0.2866811	0.20120628	-0.18941244	0.19945268	-0.53523815	0.9999988	-0.4110767	0.23178774	-0.21215068	0.29117572	-0.5039828	0.2509814	-0.19874933	0.15104438	-0.17575486	0.2324386	-0.16921584	0.15047981	-0.14375648	0.16496919	-0.1541068	0.1584774	-0.1373747	0.09992724	-0.10555066	0.11521686	-0.10727255	0.1411038	-0.09597696	0.0904409	-0.14666566	0.08409713	-0.083726026	0.11349847
-0.026745422	0.09579294	-0.07330445	0.10431039	-0.0638075	0.025948543	-0.12806734	0.14463565	-0.13535398	0.059709407	-0.19010358	0.26785195	-0.40071228	0.27539125	-0.2651829	0.2045934	-0.4110767	0.99999887	-0.5813537	0.25774112	-0.21125199	0.2537165	-0.35046092	0.21388549	-0.17703849	0.13299657	-0.19726734	0.17371039	-0.1646133	0.15366475	-0.14246611	0.13242249	-0.16642757	0.14145191	-0.10694074	0.09058578	-0.103194654	0.1047533	-0.15082051	0.10001018	-0.08049074	0.12732859	-0.08312574	0.083478004	-0.1166
0.026943563	-0.103731	0.07834171	-0.1151194	0.06811	-0.026221564	0.13142756	-0.15896535	0.1451682	-0.06554601	0.18163371	-0.28400317	0.2804712	-0.44936946	0.29575568	-0.17323308	0.23178774	-0.5813537	0.99999845	-0.4568923	0.17034712	-0.21782658	0.22921792	-0.23384726	0.19550553	-0.11897945	0.1721207	-0.16113703	0.16208981	-0.16888611	0.12712874	-0.124303654	0.15137552	-0.14283228	0.10851492	-0.08603176	0.09679694	-0.10191314	0.14792646	-0.102732174	0.07594883	-0.12318078	0.0798775	-0.0815791	0.11229177
-0.028133182	0.097263105	-0.0741793	0.1068751	-0.07191167	0.02720373	-0.12573548	0.1331981	-0.12750436	0.06756087	-0.20373781	0.23913437	-0.2223762	0.2627639	-0.5558089	0.15806097	-0.21215068	0.25774112	-0.4568923	0.99999833	-0.18416852	0.20445421	-0.24539666	0.260371	-0.41563332	0.1296133	-0.1971276	0.18257277	-0.22250107	0.23206128	-0.14693524	0.13970932	-0.18747804	0.18004492	-0.15125917	0.096698634	-0.1118783	0.12232272	-0.20216773	0.13423696	-0.08757322	0.13792026	-0.098232195	0.1014017	-0.14442152
0.024027986	-0.07703686	0.05568056	-0.08219883	0.043984603	-0.023484485	0.09534416	-0.092909545	0.08347052	-0.041718107	0.18971832	-0.21462996	0.14835715	-0.14934078	0.17040893	-0.69094557	0.29117572	-0.21125199	0.17034712	-0.18416852	0.9999985	-0.32052633	0.19668211	-0.17376599	0.13395633	-0.371844	0.25085953	-0.15869293	0.13943657	-0.13432072	0.23380217	-0.18169959	0.15414692	-0.13394637	0.09543016	-0.13212797	0.13341393	-0.11193792	0.13635497	-0.093448974	0.108841054	-0.17296243	0.087669946	-0.08643137	0.114696816
-0.024037084	0.077987716	-0.057811096	0.08358834	-0.04812328	0.0233011	-0.10071729	0.09912113	-0.09142986	0.04512455	-0.18607824	0.21204291	-0.17319272	0.16539958	-0.20282593	0.2566769	-0.5039828	0.2537165	-0.21782658	0.20445421	-0.32052633	0.99999845	-0.49228558	0.2373037	-0.18393348	0.20707054	-0.43750137	0.21988302	-0.1910577	0.16693117	-0.20584181	0.19275764	-0.21177883	0.16330925	-0.11993388	0.12363078	-0.14434905	0.12755194	-0.17058289	0.11225733	-0.108079724	0.1699824	-0.10151271	0.098761745	-0.13608822
0.022966022	-0.079271235	0.0584489	-0.08552823	0.048599448	-0.022288188	0.09997378	-0.103181474	0.09346455	-0.045972597	0.16944474	-0.21680354	0.17852937	-0.17845155	0.20678262	-0.18487851	0.2509814	-0.35046092	0.22921792	-0.24539666	0.19668211	-0.49228558	0.99999833	-0.5031467	0.23826616	-0.1516077	0.24036178	-0.38785917	0.24021566	-0.21947075	0.15721363	-0.17076504	0.24090728	-0.19663729	0.13809165	-0.1090037	0.12660371	-0.13774699	0.18281776	-0.1293877	0.095330946	-0.15791638	0.10472354	-0.1028488	0.1377105
-0.021813946	0.072053015	-0.05391111	0.0780611	-0.047078297	0.021093288	-0.092339925	0.09325022	-0.08694282	0.044132523	-0.164674	0.18345493	-0.15710299	0.16296381	-0.2319867	0.14722659	-0.19874933	0.21388549	-0.23384726	0.260371	-0.17376599	0.2373037	-0.5031467	0.9999985	-0.55864716	0.12991618	-0.21103139	0.24214375	-0.37512505	0.28806624	-0.14511761	0.14722684	-0.22695038	0.21788444	-0.17580485	0.097232714	-0.11565055	0.1303777	-0.22162604	0.15028718	-0.08767913	0.13999169	-0.10345877	0.10485948	-0.1458398
0.018788924	-0.064244844	0.04768954	-0.0697953	0.041511595	-0.0181954	0.08076426	-0.08266644	0.07622619	-0.039265655	0.138802	-0.164152	0.1329422	-0.14758737	0.21543446	-0.118519604	0.15104438	-0.17703849	0.19550553	-0.41563332	0.13395633	-0.18393348	0.23826616	-0.55864716	0.9999984	-0.10351096	0.15961961	-0.19433008	0.2744574	-0.56238997	0.11484437	-0.12102581	0.174535	-0.20483896	0.17934392	-0.08088723	0.094253264	-0.11077298	0.19042815	-0.15939155	0.072221674	-0.118579924	0.08606379	-0.08957966	0.12117464
-0.016568175	0.05217294	-0.038092725	0.055884417	-0.03080566	0.016073858	-0.06526235	0.063003734	-0.05733908	0.029052557	-0.13160476	0.137526	-0.100088924	0.10109047	-0.1244914	0.20579892	-0.17575486	0.13299657	-0.11897945	0.1296133	-0.371844	0.20707054	-0.1516077	0.12991618	-0.10351096	0.9999983	-0.46223754	0.14327751	-0.11714277	0.106809065	-0.7047224	0.23058087	-0.14971863	0.113577336	-0.07971142	0.17031921	-0.16859402	0.10422953	-0.11696506	0.077687114	-0.1441939	0.18643475	-0.083913445	0.078643225	-0.10460148
0.023409314	-0.07662685	0.055729914	-0.08221775	0.044808913	-0.022711625	0.094848305	-0.09242537	0.08359318	-0.042411886	0.17999929	-0.20257653	0.1451313	-0.14874251	0.18025486	-0.2268204	0.2324386	-0.19726734	0.1721207	-0.1971276	0.25085953	-0.43750137	0.24036178	-0.21103139	0.15961961	-0.46223754	0.9999983	-0.26138812	0.18331592	-0.16972923	0.2981002	-0.42096028	0.23046118	-0.1794558	0.122082494	-0.2107043	0.23478952	-0.16332126	0.1741932	-0.120040365	0.16740791	-0.29530263	0.12709017	-0.11935748	0.15324508
-0.018886972	0.06146331	-0.045409344	0.06627851	-0.038074	0.018269194	-0.077592954	0.07677838	-0.07058585	0.035810065	-0.14480716	0.15784214	-0.12576257	0.12774326	-0.16709456	0.13460408	-0.16921584	0.17371039	-0.16113703	0.18257277	-0.15869293	0.21988302	-0.38785917	0.24214375	-0.19433008	0.14327751	-0.26138812	0.9999982	-0.40789896	0.21993068	-0.16337419	0.19952072	-0.66429645	0.249613	-0.15981145	0.11334162	-0.14996786	0.18278825	-0.21606347	0.14309089	-0.102812864	0.16590811	-0.14230402	0.123989575	-0.16990215
0.018898493	-0.062904805	0.04630082	-0.067993335	0.038865738	-0.018291058	0.07849235	-0.07815894	0.07152689	-0.036709648	0.14267819	-0.1604032	0.12361056	-0.13140446	0.17671318	-0.12239835	0.15047981	-0.1646133	0.16208981	-0.22250107	0.13943657	-0.1910577	0.24021566	-0.37512505	0.2744574	-0.11714277	0.18331592	-0.40789896	0.9999982	-0.5390262	0.13093889	-0.15186192	0.26422533	-0.4723261	0.23205222	-0.096279554	0.11546115	-0.14872412	0.25678885	-0.20661324	0.08595096	-0.14395913	0.1118224	-0.11515004	0.14999501
-0.018454425	0.060184304	-0.044812076	0.06519798	-0.039061196	0.017830657	-0.076325364	0.076021895	-0.07065479	0.036665436	-0.14057735	0.1504435	-0.12185389	0.1302552	-0.19723456	0.114165165	-0.14375648	0.15366475	-0.16888611	0.23206128	-0.13432072	0.16693117	-0.21947075	0.28806624	-0.56238997	0.106809065	-0.16972923	0.21993068	-0.5390262	0.99999815	-0.12245928	0.12952161	-0.21512829	0.26932898	-0.3442881	0.08560305	-0.10278953	0.12805997	-0.27207166	0.21666677	-0.07783345	0.12583126	-0.101849854	0.107657924	-0.1484447
0.018416958	-0.059185486	0.04294063	-0.0634573	0.034308787	-0.017869571	0.07295641	-0.0704122	0.06365005	-0.032474983	0.14358985	-0.15478781	0.108773954	-0.11191903	0.13656963	-0.19845033	0.16496919	-0.14246611	0.12712874	-0.14693524	0.23380217	-0.20584181	0.15721363	-0.14511761	0.11484437	-0.7047224	0.2981002	-0.16337419	0.13093889	-0.12245928	0.9999981	-0.36165553	0.17117654	-0.13289899	0.09110091	-0.28940582	0.22033322	-0.13038106	0.13327442	-0.09029099	0.1922548	-0.27048486	0.10399836	-0.096143045	0.12304917
-0.017245647	0.053736318	-0.039481584	0.05771567	-0.032531567	0.016672175	-0.06757236	0.06508526	-0.05964209	0.030575357	-0.13649361	0.1373849	-0.10257502	0.104738034	-0.13631223	0.1415932	-0.1541068	0.13242249	-0.124303654	0.13970932	-0.18169959	0.19275764	-0.17076504	0.14722684	-0.12102581	0.23058087	-0.42096028	0.19952072	-0.15186192	0.12952161	-0.36165553	0.99999785	-0.3026589	0.15264447	-0.10347088	0.21924965	-0.63342106	0.15362649	-0.15620187	0.09952038	-0.20211957	0.29066733	-0.12860091	0.11047992	-0.14941686
0.019396935	-0.06391406	0.046749428	-0.06886924	0.03833565	-0.01877947	0.07928001	-0.07803353	0.07094138	-0.036245387	0.14789797	-0.16448438	0.12254161	-0.12774643	0.16237772	-0.13478214	0.1584774	-0.16642757	0.15137552	-0.18747804	0.15414692	-0.21177883	0.24090728	-0.22695038	0.174535	-0.14971863	0.23046118	-0.66429645	0.26422533	-0.21512829	0.17117654	-0.3026589	0.9999976	-0.34231967	0.16668516	-0.13576066	0.18170369	-0.30254278	0.22568685	-0.15844452	0.11975734	-0.20987196	0.17813408	-0.15322998	0.18892646
-0.018319407	0.058435284	-0.043111045	0.063068435	-0.036285464	0.017692473	-0.073331125	0.07153849	-0.06585771	0.034113552	-0.14209446	0.14583457	-0.112020575	0.11761412	-0.1633857	0.11334687	-0.1373747	0.14145191	-0.14283228	0.18004492	-0.13394637	0.16330925	-0.19663729	0.21788444	-0.20483896	0.113577336	-0.1794558	0.249613	-0.4723261	0.26932898	-0.13289899	0.15264447	-0.34231967	0.9999975	-0.43535537	0.09739776	-0.121553876	0.17025042	-0.5426106	0.28468218	-0.08933305	0.14671138	-0.13571559	0.14753205	-0.19398312
0.013679704	-0.04469346	0.032834556	-0.048289478	0.02745378	-0.0132259475	0.05555688	-0.05458413	0.049987763	-0.025913026	0.10459683	-0.111975014	0.084544346	-0.0902663	0.124242544	-0.08280262	0.09992724	-0.10694074	0.10851492	-0.15125917	0.09543016	-0.11993388	0.13809165	-0.17580485	0.17934392	-0.07971142	0.122082494	-0.15981145	0.23205222	-0.3442881	0.09110091	-0.10347088	0.16668516	-0.43535537	0.99999744	-0.068869576	0.081680015	-0.11771459	0.30701327	-0.7318239	0.062128473	-0.10510558	0.09035165	-0.10560124	0.1335171
-0.012552663	0.038350634	-0.02816572	0.041167736	-0.023166139	0.012125038	-0.04820868	0.046047088	-0.04221981	0.021755133	-0.100584224	0.09715025	-0.071773835	0.073437884	-0.096416496	0.101120844	-0.10555066	0.09058578	-0.08603176	0.096698634	-0.13212797	0.12363078	-0.1090037	0.097232714	-0.08088723	0.17031921	-0.2107043	0.11334162	-0.096279554	0.08560305	-0.28940582	0.21924965	-0.13576066	0.09739776	-0.068869576	0.99999756	-0.3481426	0.11062673	-0.10761336	0.067711316	-0.79108	0.2989636	-0.09857639	0.08403051	-0.11233153
0.013868438	-0.043360215	0.031746212	-0.04658093	0.025956567	-0.013407802	0.054129165	-0.05202035	0.04750331	-0.02444095	0.109532185	-0.1103234	0.08075953	-0.083146505	0.10748291	-0.10845993	0.11521686	-0.103194654	0.09679694	-0.1118783	0.13341393	-0.14434905	0.12660371	-0.11565055	0.094253264	-0.16859402	0.23478952	-0.14996786	0.11546115	-0.10278953	0.22033322	-0.63342106	0.18170369	-0.121553876	0.081680015	-0.3481426	0.9999977	-0.15465012	0.1250555	-0.080989525	0.2502878	-0.5614955	0.13047987	-0.10626213	0.13139942
-0.014562894	0.04511078	-0.033121414	0.048557337	-0.027351283	0.0140540395	-0.056368515	0.054143798	-0.04964173	0.025721805	-0.11544018	0.112381846	-0.083668664	0.08686044	-0.11633162	0.09234575	-0.10727255	0.1047533	-0.10191314	0.12232272	-0.11193792	0.12755194	-0.13774699	0.1303777	-0.11077298	0.10422953	-0.16332126	0.18278825	-0.14872412	0.12805997	-0.13038106	0.15362649	-0.30254278	0.17025042	-0.11771459	0.11062673	-0.15465012	0.99999744	-0.22277744	0.12523709	-0.11635046	0.19593734	-0.72550297	0.2960842	-0.41482943
0.020529576	-0.06713832	0.04886208	-0.072438054	0.039702002	-0.019855646	0.082196586	-0.0798604	0.07249564	-0.037618753	0.15741816	-0.16746783	0.12067584	-0.12868004	0.16838467	-0.12000824	0.1411038	-0.15082051	0.14792646	-0.20216773	0.13635497	-0.17058289	0.18281776	-0.22162604	0.19042815	-0.11696506	0.1741932	-0.21606347	0.25678885	-0.27207166	0.13327442	-0.15620187	0.22568685	-0.5426106	0.30701327	-0.10761336	0.1250555	-0.22277744	0.9999974	-0.5334516	0.09676798	-0.17092718	0.1631825	-0.23155414	0.2205267
-0.013416311	0.04279458	-0.0315321	0.046209574	-0.026526498	0.012955123	-0.053511593	0.052105486	-0.0479399	0.024955608	-0.10406969	0.10611203	-0.080712296	0.08549216	-0.120528065	0.07962503	-0.09597696	0.10001018	-0.102732174	0.13423696	-0.093448974	0.11225733	-0.1293877	0.15028718	-0.15939155	0.077687114	-0.120040365	0.14309089	-0.20661324	0.21666677	-0.09029099	0.09952038	-0.15844452	0.28468218	-0.7318239	0.067711316	-0.080989525	0.12523709	-0.5334516	0.9999975	-0.062107664	0.10381177	-0.10087663	0.12455758	-0.16569191
0.011197849	-0.034692932	0.025378736	-0.037256025	0.02069299	-0.010822652	0.043257486	-0.04137095	0.037775517	-0.019481502	0.08898904	-0.08785777	0.063832425	-0.065735206	0.08516132	-0.087885424	0.0904409	-0.08049074	0.07594883	-0.08757322	0.108841054	-0.108079724	0.095330946	-0.08767913	0.072221674	-0.1441939	0.16740791	-0.102812864	0.08595096	-0.07783345	0.1922548	-0.20211957	0.11975734	-0.08933305	0.062128473	-0.79108	0.2502878	-0.11635046	0.09676798	-0.062107664	0.99999744	-0.48117256	0.103922345	-0.08564415	0.10513625
-0.017981589	0.054149076	-0.03992468	0.05815438	-0.03316864	0.017346773	-0.06847586	0.06524987	-0.060089048	0.03107292	-0.1450469	0.13585404	-0.101948	0.104281165	-0.14030665	0.13227546	-0.14666566	0.12732859	-0.12318078	0.13792026	-0.17296243	0.1699824	-0.15791638	0.13999169	-0.118579924	0.18643475	-0.29530263	0.16590811	-0.14395913	0.12583126	-0.27048486	0.29066733	-0.20987196	0.14671138	-0.10510558	0.2989636	-0.5614955	0.19593734	-0.17092718	0.10381177	-0.48117256	0.99999756	-0.2265861	0.15209097	-0.20086949
0.011535185	-0.036257412	0.026503416	-0.039028667	0.021650983	-0.01114136	0.044939205	-0.043217707	0.039431687	-0.020418629	0.09073802	-0.09063105	0.06617497	-0.0690649	0.09061665	-0.07341533	0.08409713	-0.08312574	0.0798775	-0.098232195	0.087669946	-0.10151271	0.10472354	-0.10345877	0.08606379	-0.083913445	0.12709017	-0.14230402	0.1118224	-0.101849854	0.10399836	-0.12860091	0.17813408	-0.13571559	0.09035165	-0.09857639	0.13047987	-0.72550297	0.1631825	-0.10087663	0.103922345	-0.2265861	0.99999774	-0.5205165	0.29976064
-0.012083972	0.037546676	-0.027448246	0.040423796	-0.022434825	0.0116622755	-0.046510626	0.044528455	-0.040671628	0.021147547	-0.09573137	0.09295979	-0.0677165	0.070874505	-0.09417162	0.07257004	-0.083726026	0.083478004	-0.0815791	0.1014017	-0.08643137	0.098761745	-0.1028488	0.10485948	-0.08957966	0.078643225	-0.11935748	0.123989575	-0.11515004	0.107657924	-0.096143045	0.11047992	-0.15322998	0.14753205	-0.10560124	0.08403051	-0.10626213	0.2960842	-0.23155414	0.12455758	-0.08564415	0.15209097	-0.5205165	0.9999978	-0.7368554
0.01704109	-0.054044127	0.039228164	-0.058199067	0.03148929	-0.01646341	0.06603906	-0.0632441	0.05734221	-0.029815102	0.13356756	-0.13389459	0.09464597	-0.099824354	0.12858479	-0.0993608	0.11349847	-0.1166	0.11229177	-0.14442152	0.114696816	-0.13608822	0.1377105	-0.1458398	0.12117464	-0.10460148	0.15324508	-0.16990215	0.14999501	-0.1484447	0.12304917	-0.14941686	0.18892646	-0.19398312	0.1335171	-0.11233153	0.13139942	-0.41482943	0.2205267	-0.16569191	0.10513625	-0.20086949	0.29976064	-0.7368554	0.9999978
