1.0000001	-0.63683575	0.21875069	-0.22703472	0.09897781	-0.5968097	0.30197203	-0.14568456	0.14558809	-0.08327556	0.17144561	-0.16873387	0.11609141	-0.10790778	0.1224993	-0.12640798	0.11560179	-0.16004719	0.08661268	-0.09863808	0.053496227	-0.060277842	0.06177125	-0.061721	0.045890182	-0.0464169	0.047720525	-0.060552802	0.061723158	-0.043830026	0.047539867	-0.044763576	0.04172707	-0.037065983	0.08489319	-0.030847138	0.029081445	-0.027903408	0.02319245	-0.022819761	0.029107414	-0.029110756	0.031384073	-0.018725298	0.020208078
-0.63683575	1.0	-0.46363527	0.2551864	-0.121045135	0.28496695	-0.41532487	0.15152408	-0.18338138	0.09762784	-0.16407418	0.15935175	-0.12513734	0.11526476	-0.13906252	0.11526766	-0.1172683	0.15713358	-0.092396006	0.103405505	-0.055605255	0.061630484	-0.06360935	0.0641119	-0.048385315	0.04790932	-0.049462076	0.062068325	-0.064727634	0.045966264	-0.049620897	0.04630357	-0.04403726	0.039002664	-0.090222545	0.032100465	-0.0303233	0.029215936	-0.024403265	0.024009282	-0.030424437	0.03030912	-0.03296071	0.019675063	-0.021284165
0.21875069	-0.46363527	0.9999998	-0.74749565	0.13522074	-0.1703353	0.20597465	-0.19229421	0.22839455	-0.12369363	0.11212882	-0.12029052	0.12926337	-0.1318091	0.1447823	-0.0950279	0.094948135	-0.17169258	0.10012765	-0.11627384	0.054572392	-0.06124889	0.06652563	-0.06865083	0.05178098	-0.049065776	0.050526135	-0.06574293	0.06796085	-0.04965591	0.050226867	-0.04791255	0.045916658	-0.04085904	0.094322264	-0.033266664	0.031378627	-0.030435314	0.025451496	-0.025110621	0.03137861	-0.031526174	0.034233835	-0.020537684	0.022203524
-0.22703472	0.2551864	-0.74749565	0.9999997	-0.19176607	0.15794349	-0.23710795	0.19973266	-0.40715244	0.15941364	-0.12029621	0.1254044	-0.14698204	0.14807425	-0.17406547	0.09686448	-0.10062253	0.1703871	-0.111372165	0.12464055	-0.057529528	0.063753426	-0.06958739	0.07259727	-0.05533094	0.051129635	-0.052954968	0.06820784	-0.072569095	0.052663025	-0.052893072	0.049998973	-0.04877557	0.04330038	-0.10056999	0.034829088	-0.03293034	0.03203254	-0.026894461	0.02652448	-0.032988533	0.033007406	-0.03612457	0.021669464	-0.023473533
0.09897781	-0.121045135	0.13522074	-0.19176607	0.9999996	-0.09885074	0.1316352	-0.25657403	0.27988783	-0.8103035	0.10190543	-0.11813653	0.16706851	-0.19429292	0.24639657	-0.102749474	0.10475609	-0.24737182	0.14775041	-0.19101933	0.07353673	-0.08304482	0.094539106	-0.10032885	0.07756853	-0.06857326	0.070579305	-0.094511166	0.097537175	-0.07541036	0.069662385	-0.06771647	0.06587987	-0.058893993	0.13631307	-0.047219932	0.044503957	-0.043550093	0.036539838	-0.0361778	0.044382557	-0.044931598	0.04887543	-0.029501839	0.031899706
-0.5968097	0.28496695	-0.1703353	0.15794349	-0.09885074	0.99999964	-0.612122	0.1414081	-0.13931184	0.079687044	-0.31699422	0.22881871	-0.13024195	0.11062437	-0.12826565	0.16049165	-0.1540599	0.16029292	-0.08952292	0.09866269	-0.05901917	0.06572965	-0.06460361	0.06345741	-0.04695803	0.049009297	-0.050662953	0.062418126	-0.06427215	0.044527218	-0.050665405	0.046850953	-0.04322235	0.038287908	-0.087405235	0.03214408	-0.030352628	0.028913185	-0.023977743	0.023533715	-0.03043287	0.030226687	-0.032577936	0.019347375	-0.020876404
0.30197203	-0.41532487	0.20597465	-0.23710795	0.1316352	-0.612122	0.9999995	-0.21617688	0.18665373	-0.11008442	0.2585145	-0.36742952	0.1798936	-0.1607482	0.17511871	-0.20121442	0.18674403	-0.2476186	0.12850758	-0.14615119	0.08158782	-0.09287567	0.0936228	-0.092692085	0.06806766	-0.07042636	0.07226095	-0.0917159	0.09241116	-0.06508665	0.07174114	-0.06764943	0.062023114	-0.055169623	0.12531811	-0.046366703	0.0436707	-0.041699514	0.034517355	-0.033939768	0.043659378	-0.043697644	0.04682394	-0.027891058	0.030047318
-0.14568456	0.15152408	-0.19229421	0.19973266	-0.25657403	0.1414081	-0.21617688	0.99999934	-0.50255924	0.20864554	-0.17844775	0.19874239	-0.6062094	0.29358965	-0.33240712	0.13892797	-0.15501848	0.2504903	-0.21086968	0.20880826	-0.09008884	0.098125234	-0.11162398	0.11987738	-0.09120175	0.07881506	-0.08298311	0.10697646	-0.121302746	0.085350335	-0.08274164	0.077599816	-0.0782367	0.06933014	-0.16122204	0.054053824	-0.051376384	0.05023794	-0.0424383	0.04183208	-0.0514739	0.051253513	-0.056824625	0.03409443	-0.037032053
0.14558809	-0.18338138	0.22839455	-0.40715244	0.27988783	-0.13931184	0.18665373	-0.50255924	0.99999934	-0.4095632	0.13958712	-0.1621028	0.2626034	-0.3297302	0.2753273	-0.13104895	0.13505866	-0.289392	0.19543453	-0.22622646	0.08832558	-0.09929291	0.11356648	-0.12242497	0.0915004	-0.0806982	0.0836664	-0.11205529	0.11844894	-0.08803014	0.082393125	-0.07953928	0.07713385	-0.06900158	0.15783127	-0.05507617	0.052009087	-0.050669137	0.04242035	-0.041923095	0.051849145	-0.052299235	0.056876432	-0.03422334	0.03697985
-0.08327556	0.09762784	-0.12369363	0.15941364	-0.8103035	0.079687044	-0.11008442	0.20864554	-0.4095632	0.9999992	-0.08293618	0.09481524	-0.14790954	0.17344446	-0.2999207	0.07936343	-0.08233578	0.18174614	-0.12625577	0.15603428	-0.05669777	0.063483596	-0.07309115	0.07893151	-0.06131019	0.052153967	-0.054091465	0.07222168	-0.07715272	0.058958247	-0.053395033	0.051565204	-0.05078615	0.04538477	-0.10486111	0.035900008	-0.03392118	0.033219524	-0.027925298	0.027633779	-0.03383452	0.03414136	-0.0373263	0.022515241	-0.024366487
0.17144561	-0.16407418	0.11212882	-0.12029621	0.10190543	-0.31699422	0.2585145	-0.17844775	0.13958712	-0.08293618	0.9999992	-0.6760884	0.18649755	-0.14617668	0.14847201	-0.4907457	0.29182112	-0.21738745	0.11236387	-0.12017056	0.0809689	-0.09320145	0.084413186	-0.08003517	0.0566184	-0.06346472	0.065961584	-0.079942815	0.0806551	-0.053551305	0.064954996	-0.059661504	0.052059118	-0.04625574	0.102377936	-0.039939795	0.037715957	-0.035212032	0.028805481	-0.028160647	0.037659314	-0.03730031	0.039519712	-0.023273245	0.02498071
-0.16873387	0.15935175	-0.12029052	0.1254044	-0.11813653	0.22881871	-0.36742952	0.19874239	-0.1621028	0.09481524	-0.6760884	0.9999992	-0.2989109	0.17049652	-0.17648621	0.29054087	-0.39982283	0.22095677	-0.1304629	0.1330814	-0.09197079	0.102493845	-0.09305719	0.08839314	-0.06327748	0.06986354	-0.07334304	0.086869515	-0.09026403	0.059398703	-0.07254168	0.06565957	-0.05822339	0.051562116	-0.11498704	0.044156287	-0.041798092	0.039083235	-0.032094307	0.031356722	-0.041831534	0.04121423	-0.04399907	0.025894193	-0.0278498
0.11609141	-0.12513734	0.12926337	-0.14698204	0.16706851	-0.13024195	0.1798936	-0.6062094	0.2626034	-0.14790954	0.18649755	-0.2989109	0.9999995	-0.5439542	0.27159294	-0.15374343	0.16402352	-0.2906665	0.22689006	-0.23383842	0.08741017	-0.09820128	0.11326433	-0.124825925	0.08854633	-0.07634694	0.08045582	-0.10832846	0.11882292	-0.08404994	0.07845212	-0.07494799	0.07182507	-0.064463176	0.14359345	-0.051009756	0.048354324	-0.04665231	0.03884712	-0.038277365	0.048093524	-0.048232116	0.052318323	-0.031304408	0.033753503
-0.10790778	0.11526476	-0.1318091	0.14807425	-0.19429292	0.11062437	-0.1607482	0.29358965	-0.3297302	0.17344446	-0.14617668	0.17049652	-0.5439542	0.9999995	-0.47146845	0.12329729	-0.13725172	0.26061186	-0.46784076	0.28852227	-0.09019919	0.09930047	-0.1267322	0.15190674	-0.105195664	0.07933867	-0.085182235	0.117456965	-0.14563102	0.09692211	-0.08238658	0.078994945	-0.079399034	0.07147429	-0.1576492	0.053830612	-0.051274117	0.049976964	-0.041878648	0.041310497	-0.050870754	0.051033005	-0.056053907	0.033655416	-0.036344204
0.1224993	-0.13906252	0.1447823	-0.17406547	0.24639657	-0.12826565	0.17511871	-0.33240712	0.2753273	-0.2999207	0.14847201	-0.17648621	0.27159294	-0.47146845	0.99999976	-0.15245019	0.15776348	-0.38521734	0.29501122	-0.46667475	0.11608793	-0.13114652	0.15572582	-0.17556986	0.1401796	-0.1078145	0.11217939	-0.15414013	0.16586128	-0.13717522	0.10947842	-0.10709801	0.104594074	-0.094433054	0.21384524	-0.073972404	0.069858134	-0.0683763	0.057256993	-0.056804292	0.069373995	-0.07038443	0.07643399	-0.04622622	0.049860504
-0.12640798	0.11526766	-0.0950279	0.09686448	-0.102749474	0.16049165	-0.20121442	0.13892797	-0.13104895	0.07936343	-0.4907457	0.29054087	-0.15374343	0.12329729	-0.15245019	0.99999964	-0.74827987	0.22198707	-0.11210308	0.113134086	-0.111807525	0.123795055	-0.09852935	0.08556947	-0.059787873	0.07638162	-0.08107772	0.08885099	-0.08985994	0.055669166	-0.07976721	0.06986593	-0.058260683	0.051325694	-0.11255781	0.04613644	-0.04371592	0.03984201	-0.032293357	0.031343833	-0.04378404	0.042629264	-0.044882976	0.026073942	-0.02794257
0.11560179	-0.1172683	0.094948135	-0.10062253	0.10475609	-0.1540599	0.18674403	-0.15501848	0.13505866	-0.08233578	0.29182112	-0.39982283	0.16402352	-0.13725172	0.15776348	-0.74827987	0.9999996	-0.3407355	0.12473345	-0.12697843	0.12584367	-0.16926236	0.116052076	-0.098406516	0.065129906	-0.08763317	0.092331015	-0.10492902	0.100312784	-0.06107902	0.08821495	-0.07966448	0.062798455	-0.055754647	0.11853957	-0.05115595	0.048358425	-0.04353754	0.03483557	-0.033777833	0.04801776	-0.04716814	0.04866676	-0.02819459	0.030038716
-0.16004719	0.15713358	-0.17169258	0.1703871	-0.24737182	0.16029292	-0.2476186	0.2504903	-0.289392	0.18174614	-0.21738745	0.22095677	-0.2906665	0.26061186	-0.38521734	0.22198707	-0.3407355	0.99999964	-0.33624142	0.26994613	-0.18455143	0.19144529	-0.29722872	0.22013591	-0.15525894	0.14949189	-0.1672555	0.2163675	-0.23825413	0.1399612	-0.16247174	0.14759123	-0.1471807	0.12836573	-0.29605496	0.1007511	-0.0968586	0.09298974	-0.07836637	0.07650839	-0.09721965	0.09487921	-0.106095746	0.062699094	-0.068249054
0.08661268	-0.092396006	0.10012765	-0.111372165	0.14775041	-0.08952292	0.12850758	-0.21086968	0.19543453	-0.12625577	0.11236387	-0.1304629	0.22689006	-0.46784076	0.29501122	-0.11210308	0.12473345	-0.33624142	1.0000001	-0.67238724	0.101815954	-0.11439578	0.16748558	-0.28289294	0.1453136	-0.08987045	0.099226736	-0.15249185	0.19806062	-0.13519807	0.09219368	-0.091072224	0.090553686	-0.08397476	0.17081876	-0.059971984	0.05734809	-0.05562459	0.046089634	-0.0455185	0.056177035	-0.056810252	0.06167971	-0.037054893	0.039693158
-0.09863808	0.103405505	-0.11627384	0.12464055	-0.19101933	0.09866269	-0.14615119	0.20880826	-0.22622646	0.15603428	-0.12017056	0.1330814	-0.23383842	0.28852227	-0.46667475	0.113134086	-0.12697843	0.26994613	-0.67238724	1.0000004	-0.10971809	0.117991395	-0.16489956	0.20680316	-0.2168564	0.09675078	-0.106544405	0.14871697	-0.20822464	0.16533868	-0.102300346	0.098228924	-0.107340634	0.097093515	-0.22129668	0.06722262	-0.06460772	0.06431091	-0.054887842	0.05452408	-0.06379293	0.06400888	-0.07214186	0.043820143	-0.047597364
0.053496227	-0.055605255	0.054572392	-0.057529528	0.07353673	-0.05901917	0.08158782	-0.09008884	0.08832558	-0.05669777	0.0809689	-0.09197079	0.08741017	-0.09019919	0.11608793	-0.111807525	0.12584367	-0.18455143	0.101815954	-0.10971809	1.0	-0.735358	0.2056466	-0.1504823	0.07434221	-0.47506282	0.24634932	-0.2132423	0.14938496	-0.071876645	0.25023985	-0.22463478	0.09414367	-0.08600183	0.13168606	-0.123935364	0.11085613	-0.083907306	0.057334825	-0.053635005	0.105277725	-0.10648815	0.08849076	-0.04762391	0.04758625
-0.060277842	0.061630484	-0.06124889	0.063753426	-0.08304482	0.06572965	-0.09287567	0.098125234	-0.09929291	0.063483596	-0.09320145	0.102493845	-0.09820128	0.09930047	-0.13114652	0.123795055	-0.16926236	0.19144529	-0.11439578	0.117991395	-0.735358	1.0000001	-0.3220104	0.16887322	-0.08350348	0.27406302	-0.34331477	0.2301438	-0.18064573	0.078522675	-0.26802415	0.21826756	-0.10332405	0.09225622	-0.14692281	0.12136856	-0.1151137	0.086520955	-0.060850553	0.056497574	-0.1112228	0.10545611	-0.09419013	0.05009275	-0.050734386
0.06177125	-0.06360935	0.06652563	-0.06958739	0.094539106	-0.06460361	0.0936228	-0.11162398	0.11356648	-0.07309115	0.084413186	-0.09305719	0.11326433	-0.1267322	0.15572582	-0.09852935	0.116052076	-0.29722872	0.16748558	-0.16489956	0.2056466	-0.3220104	1.0000002	-0.4687901	0.121408924	-0.17015049	0.21487068	-0.6596599	0.30662653	-0.11619266	0.1564247	-0.1779194	0.111104645	-0.10552592	0.15943474	-0.09224315	0.088936836	-0.074871264	0.055493467	-0.052949104	0.08233972	-0.08502317	0.0799536	-0.04517924	0.046337813
-0.061721	0.0641119	-0.06865083	0.07259727	-0.10032885	0.06345741	-0.092692085	0.11987738	-0.12242497	0.07893151	-0.08003517	0.08839314	-0.124825925	0.15190674	-0.17556986	0.08556947	-0.098406516	0.22013591	-0.28289294	0.20680316	-0.1504823	0.16887322	-0.4687901	1.0000004	-0.20931715	0.12405478	-0.1546414	0.2951608	-0.69599503	0.16246586	-0.12560159	0.13079058	-0.13471544	0.13012506	-0.18316373	0.07750742	-0.07553743	0.07102989	-0.056015927	0.054004785	-0.07129555	0.0727874	-0.076634385	0.044837825	-0.046621583
0.045890182	-0.048385315	0.05178098	-0.05533094	0.07756853	-0.04695803	0.06806766	-0.09120175	0.0915004	-0.06131019	0.0566184	-0.06327748	0.08854633	-0.105195664	0.1401796	-0.059787873	0.065129906	-0.15525894	0.1453136	-0.2168564	0.07434221	-0.08350348	0.121408924	-0.20931715	1.0000002	-0.070073046	0.0767958	-0.11472386	0.15718463	-0.8846408	0.07203092	-0.074068934	0.0879533	-0.08987439	0.21831407	-0.051579643	0.049559165	-0.052799318	0.046683684	-0.050059248	0.04768086	-0.050008204	0.05691505	-0.037489653	0.040390953
-0.0464169	0.04790932	-0.049065776	0.051129635	-0.06857326	0.049009297	-0.07042636	0.07881506	-0.0806982	0.052153967	-0.06346472	0.06986354	-0.07634694	0.07933867	-0.1078145	0.07638162	-0.08763317	0.14949189	-0.08987045	0.09675078	-0.47506282	0.27406302	-0.17015049	0.12405478	-0.070073046	1.0000002	-0.38052216	0.17882305	-0.14419368	0.066945285	-0.6641173	0.27593723	-0.10703296	0.094114035	-0.1398146	0.17765398	-0.1551627	0.10647843	-0.070878185	0.06422116	-0.15941107	0.13818945	-0.116290554	0.058861542	-0.058503635
0.047720525	-0.049462076	0.050526135	-0.052954968	0.070579305	-0.050662953	0.07226095	-0.08298311	0.0836664	-0.054091465	0.065961584	-0.07334304	0.08045582	-0.085182235	0.11217939	-0.08107772	0.092331015	-0.1672555	0.099226736	-0.106544405	0.24634932	-0.34331477	0.21487068	-0.1546414	0.0767958	-0.38052216	1.0000002	-0.34229264	0.17797942	-0.07445049	0.2884701	-0.6725115	0.1298278	-0.11851383	0.1443431	-0.17463712	0.17977323	-0.12162216	0.07528728	-0.06874578	0.14125136	-0.16128914	0.12003837	-0.062488068	0.060627345
-0.060552802	0.062068325	-0.06574293	0.06820784	-0.094511166	0.062418126	-0.0917159	0.10697646	-0.11205529	0.07222168	-0.079942815	0.086869515	-0.10832846	0.117456965	-0.15414013	0.08885099	-0.10492902	0.2163675	-0.15249185	0.14871697	-0.2132423	0.2301438	-0.6596599	0.2951608	-0.11472386	0.17882305	-0.34229264	1.0000002	-0.47672498	0.106259674	-0.18244791	0.20266913	-0.13359988	0.12294579	-0.17232172	0.10292222	-0.10264177	0.084413886	-0.06226834	0.058548454	-0.09372984	0.094680905	-0.09090644	0.050425835	-0.051607154
0.061723158	-0.064727634	0.06796085	-0.072569095	0.097537175	-0.06427215	0.09241116	-0.121302746	0.11844894	-0.07715272	0.0806551	-0.09026403	0.11882292	-0.14563102	0.16586128	-0.08985994	0.100312784	-0.23825413	0.19806062	-0.20822464	0.14938496	-0.18064573	0.30662653	-0.69599503	0.15718463	-0.14419368	0.17797942	-0.47672498	1.0000002	-0.15908909	0.13739154	-0.16181253	0.15755083	-0.18750237	0.18518592	-0.08986279	0.08731492	-0.08243234	0.06316457	-0.06073128	0.080340885	-0.08504369	0.086247906	-0.05081918	0.051738057
-0.043830026	0.045966264	-0.04965591	0.052663025	-0.07541036	0.044527218	-0.06508665	0.085350335	-0.08803014	0.058958247	-0.053551305	0.059398703	-0.08404994	0.09692211	-0.13717522	0.055669166	-0.06107902	0.1399612	-0.13519807	0.16533868	-0.071876645	0.078522675	-0.11619266	0.16246586	-0.8846408	0.066945285	-0.07445049	0.106259674	-0.15908909	1.0000002	-0.070236206	0.07149038	-0.09581812	0.09538041	-0.30714977	0.0503164	-0.04892151	0.05333141	-0.049115736	0.05276982	-0.046849187	0.048975237	-0.05792869	0.03859684	-0.042535573
0.047539867	-0.049620897	0.050226867	-0.052893072	0.069662385	-0.050665405	0.07174114	-0.08274164	0.082393125	-0.053395033	0.064954996	-0.07254168	0.07845212	-0.08238658	0.10947842	-0.07976721	0.08821495	-0.16247174	0.09219368	-0.102300346	0.25023985	-0.26802415	0.1564247	-0.12560159	0.07203092	-0.6641173	0.2884701	-0.18244791	0.13739154	-0.070236206	1.0000002	-0.45714435	0.120928064	-0.11002245	0.14607279	-0.3057633	0.20308504	-0.1360624	0.083788015	-0.07644713	0.19318818	-0.19142912	0.13730966	-0.070460685	0.06793091
-0.044763576	0.04630357	-0.04791255	0.049998973	-0.06771647	0.046850953	-0.06764943	0.077599816	-0.07953928	0.051565204	-0.059661504	0.06565957	-0.07494799	0.078994945	-0.10709801	0.06986593	-0.07966448	0.14759123	-0.091072224	0.098228924	-0.22463478	0.21826756	-0.1779194	0.13079058	-0.074068934	0.27593723	-0.6725115	0.20266913	-0.16181253	0.07149038	-0.45714435	0.99999994	-0.17314366	0.13483854	-0.15618189	0.21130897	-0.3055643	0.15118614	-0.09257367	0.080861725	-0.18547441	0.19176047	-0.15524991	0.075469226	-0.07312831
0.04172707	-0.04403726	0.045916658	-0.04877557	0.06587987	-0.04322235	0.062023114	-0.0782367	0.07713385	-0.05078615	0.052059118	-0.05822339	0.07182507	-0.079399034	0.104594074	-0.058260683	0.062798455	-0.1471807	0.090553686	-0.107340634	0.09414367	-0.10332405	0.111104645	-0.13471544	0.0879533	-0.10703296	0.1298278	-0.13359988	0.15755083	-0.09581812	0.120928064	-0.17314366	0.9999999	-0.8653256	0.23722002	-0.10539229	0.11527101	-0.1851259	0.11706453	-0.10667815	0.093495905	-0.108041696	0.14822806	-0.09036908	0.08418503
-0.037065983	0.039002664	-0.04085904	0.04330038	-0.058893993	0.038287908	-0.055169623	0.06933014	-0.06900158	0.04538477	-0.04625574	0.051562116	-0.064463176	0.07147429	-0.094433054	0.051325694	-0.055754647	0.12836573	-0.08397476	0.097093515	-0.08600183	0.09225622	-0.10552592	0.13012506	-0.08987439	0.094114035	-0.11851383	0.12294579	-0.18750237	0.09538041	-0.11002245	0.13483854	-0.8653256	0.9999995	-0.326151	0.0908327	-0.10135779	0.14294589	-0.12042303	0.101577476	-0.08389687	0.09298374	-0.14087677	0.08462469	-0.08183543
0.08489319	-0.090222545	0.094322264	-0.10056999	0.13631307	-0.087405235	0.12531811	-0.16122204	0.15783127	-0.10486111	0.102377936	-0.11498704	0.14359345	-0.1576492	0.21384524	-0.11255781	0.11853957	-0.29605496	0.17081876	-0.22129668	0.13168606	-0.14692281	0.15943474	-0.18316373	0.21831407	-0.1398146	0.1443431	-0.17232172	0.18518592	-0.30714977	0.14607279	-0.15618189	0.23722002	-0.326151	0.9999992	-0.12282085	0.11848374	-0.14510886	0.14134686	-0.17910644	0.11224855	-0.12317623	0.15033904	-0.11298399	0.12290753
-0.030847138	0.032100465	-0.033266664	0.034829088	-0.047219932	0.03214408	-0.046366703	0.054053824	-0.05507617	0.035900008	-0.039939795	0.044156287	-0.051009756	0.053830612	-0.073972404	0.04613644	-0.05115595	0.1007511	-0.059971984	0.06722262	-0.123935364	0.12136856	-0.09224315	0.07750742	-0.051579643	0.17765398	-0.17463712	0.10292222	-0.08986279	0.0503164	-0.3057633	0.21130897	-0.10539229	0.0908327	-0.12282085	0.9999991	-0.5255748	0.20748912	-0.12076814	0.09881548	-0.6555773	0.32441097	-0.23512681	0.09966807	-0.09476684
0.029081445	-0.0303233	0.031378627	-0.03293034	0.044503957	-0.030352628	0.0436707	-0.051376384	0.052009087	-0.03392118	0.037715957	-0.041798092	0.048354324	-0.051274117	0.069858134	-0.04371592	0.048358425	-0.0968586	0.05734809	-0.06460772	0.11085613	-0.1151137	0.088936836	-0.07553743	0.049559165	-0.1551627	0.17977323	-0.10264177	0.08731492	-0.04892151	0.20308504	-0.3055643	0.11527101	-0.10135779	0.11848374	-0.5255748	0.99999905	-0.39007065	0.14069024	-0.1163559	0.3097586	-0.5755569	0.25893304	-0.11606759	0.10263425
-0.027903408	0.029215936	-0.030435314	0.03203254	-0.043550093	0.028913185	-0.041699514	0.05023794	-0.050669137	0.033219524	-0.035212032	0.039083235	-0.04665231	0.049976964	-0.0683763	0.03984201	-0.04353754	0.09298974	-0.05562459	0.06431091	-0.083907306	0.086520955	-0.074871264	0.07102989	-0.052799318	0.10647843	-0.12162216	0.084413886	-0.08243234	0.05333141	-0.1360624	0.15118614	-0.1851259	0.14294589	-0.14510886	0.20748912	-0.39007065	0.99999857	-0.36126187	0.21289633	-0.19379887	0.24189061	-0.71525973	0.22788242	-0.19997117
0.02319245	-0.024403265	0.025451496	-0.026894461	0.036539838	-0.023977743	0.034517355	-0.0424383	0.04242035	-0.027925298	0.028805481	-0.032094307	0.03884712	-0.041878648	0.057256993	-0.032293357	0.03483557	-0.07836637	0.046089634	-0.054887842	0.057334825	-0.060850553	0.055493467	-0.056015927	0.046683684	-0.070878185	0.07528728	-0.06226834	0.06316457	-0.049115736	0.083788015	-0.09257367	0.11706453	-0.12042303	0.14134686	-0.12076814	0.14069024	-0.36126187	0.9999985	-0.66243774	0.10482171	-0.13811956	0.26320654	-0.51724213	0.31627223
-0.022819761	0.024009282	-0.025110621	0.02652448	-0.0361778	0.023533715	-0.033939768	0.04183208	-0.041923095	0.027633779	-0.028160647	0.031356722	-0.038277365	0.041310497	-0.056804292	0.031343833	-0.033777833	0.07650839	-0.0455185	0.05452408	-0.053635005	0.056497574	-0.052949104	0.054004785	-0.050059248	0.06422116	-0.06874578	0.058548454	-0.06073128	0.05276982	-0.07644713	0.080861725	-0.10667815	0.101577476	-0.17910644	0.09881548	-0.1163559	0.21289633	-0.66243774	0.9999985	-0.09345663	0.11251569	-0.25247523	0.3215148	-0.59313965
0.029107414	-0.030424437	0.03137861	-0.032988533	0.044382557	-0.03043287	0.043659378	-0.0514739	0.051849145	-0.03383452	0.037659314	-0.041831534	0.048093524	-0.050870754	0.069373995	-0.04378404	0.04801776	-0.09721965	0.056177035	-0.06379293	0.105277725	-0.1112228	0.08233972	-0.07129555	0.04768086	-0.15941107	0.14125136	-0.09372984	0.080340885	-0.046849187	0.19318818	-0.18547441	0.093495905	-0.08389687	0.11224855	-0.6555773	0.3097586	-0.19379887	0.10482171	-0.09345663	0.9999986	-0.6198415	0.19433673	-0.09194598	0.08335388
-0.029110756	0.03030912	-0.031526174	0.033007406	-0.044931598	0.030226687	-0.043697644	0.051253513	-0.052299235	0.03414136	-0.03730031	0.04121423	-0.048232116	0.051033005	-0.07038443	0.042629264	-0.04716814	0.09487921	-0.056810252	0.06400888	-0.10648815	0.10545611	-0.08502317	0.0727874	-0.050008204	0.13818945	-0.16128914	0.094680905	-0.08504369	0.048975237	-0.19142912	0.19176047	-0.108041696	0.09298374	-0.12317623	0.32441097	-0.5755569	0.24189061	-0.13811956	0.11251569	-0.6198415	0.99999833	-0.3215501	0.118389726	-0.10990686
0.031384073	-0.03296071	0.034233835	-0.03612457	0.04887543	-0.032577936	0.04682394	-0.056824625	0.056876432	-0.0373263	0.039519712	-0.04399907	0.052318323	-0.056053907	0.07643399	-0.044882976	0.04866676	-0.106095746	0.06167971	-0.07214186	0.08849076	-0.09419013	0.0799536	-0.076634385	0.05691505	-0.116290554	0.12003837	-0.09090644	0.086247906	-0.05792869	0.13730966	-0.15524991	0.14822806	-0.14087677	0.15033904	-0.23512681	0.25893304	-0.71525973	0.26320654	-0.25247523	0.19433673	-0.3215501	0.99999833	-0.3502417	0.21324879
-0.018725298	0.019675063	-0.020537684	0.021669464	-0.029501839	0.019347375	-0.027891058	0.03409443	-0.03422334	0.022515241	-0.023273245	0.025894193	-0.031304408	0.033655416	-0.04622622	0.026073942	-0.02819459	0.062699094	-0.037054893	0.043820143	-0.04762391	0.05009275	-0.04517924	0.044837825	-0.037489653	0.058861542	-0.062488068	0.050425835	-0.05081918	0.03859684	-0.070460685	0.075469226	-0.09036908	0.08462469	-0.11298399	0.09966807	-0.11606759	0.22788242	-0.51724213	0.3215148	-0.09194598	0.118389726	-0.3502417	0.9999983	-0.69607246
0.020208078	-0.021284165	0.022203524	-0.023473533	0.031899706	-0.020876404	0.030047318	-0.037032053	0.03697985	-0.024366487	0.02498071	-0.0278498	0.033753503	-0.036344204	0.049860504	-0.02794257	0.030038716	-0.068249054	0.039693158	-0.047597364	0.04758625	-0.050734386	0.046337813	-0.046621583	0.040390953	-0.058503635	0.060627345	-0.051607154	0.051738057	-0.042535573	0.06793091	-0.07312831	0.08418503	-0.08183543	0.12290753	-0.09476684	0.10263425	-0.19997117	0.31627223	-0.59313965	0.08335388	-0.10990686	0.21324879	-0.69607246	0.9999983
