1.0000001	-0.39422762	0.06910459	-0.060950417	0.07410637	-0.840248	0.23796411	-0.07149297	0.05664424	-0.056870278	0.25150326	-0.21824153	0.0981484	-0.10955831	0.08512924	-0.0906758	0.07761448	-0.08705578	0.06968713	-0.07628778	0.047876064	-0.04912275	0.05240764	-0.056863267	0.054923836	-0.060284745	0.051922582	-0.046729293	0.048545137	-0.05203255	0.05039377	-0.041278806	0.043531675	-0.037454262	0.036837965	-0.033512756	0.039732266	-0.04147808	0.031254895	-0.02602101	0.0480873	-0.030871393	0.04445566	-0.01788026	0.02016041
-0.39422762	0.99999994	-0.13301724	0.10646876	-0.1444926	0.2684764	-0.6504917	0.12623376	-0.10215636	0.10362377	-0.4703384	0.30647752	-0.16892892	0.1689885	-0.16361132	0.13867792	-0.12838204	0.13919663	-0.11914989	0.12788732	-0.079939805	0.08225129	-0.09010291	0.09616127	-0.09577105	0.09847115	-0.092686504	0.08113607	-0.08522255	0.08965078	-0.0913875	0.07337913	-0.078670084	0.066299684	-0.06590257	0.061308485	-0.07353311	0.074444085	-0.056545835	0.046514448	-0.089691766	0.056866523	-0.08251957	0.0324766	-0.036851645
0.06910459	-0.13301724	0.9999999	-0.48665792	0.20219488	-0.05824192	0.11295887	-0.71090746	0.28889188	-0.19458249	0.10748355	-0.10715544	0.2574689	-0.3056106	0.18426152	-0.13301252	0.11376121	-0.17029457	0.13418223	-0.14240564	0.075610384	-0.08048965	0.08844375	-0.10228644	0.09766673	-0.09458673	0.08481783	-0.077882975	0.08260723	-0.08872468	0.08009753	-0.066437736	0.070285894	-0.06162812	0.060690094	-0.052748706	0.062289186	-0.066450186	0.050689742	-0.042441033	0.074883096	-0.04848908	0.069702685	-0.028592663	0.032181878
-0.060950417	0.10646876	-0.48665792	0.9999998	-0.3431282	0.04957348	-0.09401703	0.28694233	-0.68566257	0.26646382	-0.0944669	0.08640477	-0.21039645	0.22979917	-0.24090804	0.11395765	-0.09963142	0.13659446	-0.123351775	0.13991226	-0.06980721	0.074288264	-0.08259215	0.094642885	-0.09483579	0.08734418	-0.08211232	0.074157365	-0.079367116	0.08521509	-0.07841826	0.06443498	-0.068907045	0.05985262	-0.05931333	0.052082807	-0.061892733	0.06512967	-0.049861345	0.04151801	-0.07471312	0.048107374	-0.06942742	0.02822307	-0.031851087
0.07410637	-0.1444926	0.20219488	-0.3431282	0.99999964	-0.059262134	0.10840098	-0.20990181	0.27285156	-0.67795837	0.109576635	-0.09808652	0.19008425	-0.26637182	0.31021503	-0.1801231	0.13694781	-0.18830474	0.16975589	-0.24813394	0.11046636	-0.11851215	0.1258881	-0.14698139	0.146834	-0.14719577	0.12868248	-0.11872333	0.123991355	-0.14087412	0.12524617	-0.10426068	0.110805124	-0.097507164	0.09531544	-0.084880754	0.10050849	-0.1074489	0.08033746	-0.06769903	0.12140962	-0.07859034	0.11292677	-0.046158835	0.05175496
-0.840248	0.2684764	-0.05824192	0.04957348	-0.059262134	0.99999964	-0.29462188	0.06085351	-0.04671981	0.045576006	-0.36497307	0.21308242	-0.08588835	0.08969254	-0.06771597	0.07333173	-0.06589776	0.071482085	-0.05645256	0.059947718	-0.038080208	0.03893029	-0.041766718	0.045210414	-0.04357544	0.047263905	-0.04095235	0.036829025	-0.038387336	0.040879533	-0.039548792	0.032377977	-0.034140974	0.029375788	-0.028929748	0.026187448	-0.031036822	0.032409564	-0.024496991	0.020381434	-0.03753416	0.02410113	-0.03470917	0.013972093	-0.015761314
0.23796411	-0.6504917	0.11295887	-0.09401703	0.10840098	-0.29462188	0.9999996	-0.12829758	0.088932656	-0.08435188	0.32268137	-0.57386065	0.16305678	-0.16817763	0.122593105	-0.1333998	0.12109573	-0.13297552	0.10218842	-0.10746936	0.06802096	-0.06971766	0.07484606	-0.081323236	0.078098245	-0.08405709	0.073125355	-0.06580395	0.06866403	-0.07299725	0.0705383	-0.057726312	0.06090534	-0.05240271	0.0516346	-0.04668046	0.05534519	-0.05774526	0.043699652	-0.036344793	0.06693807	-0.042964842	0.061897688	-0.024904624	0.028103348
-0.07149297	0.12623376	-0.71090746	0.28694233	-0.20990181	0.06085351	-0.12829758	0.99999946	-0.379879	0.1846541	-0.11674324	0.11755157	-0.4261052	0.2702008	-0.18733144	0.123443894	-0.11598754	0.16766953	-0.13414378	0.13231716	-0.07186291	0.076186694	-0.08568392	0.09725863	-0.09403935	0.08782165	-0.08149845	0.074068666	-0.07932453	0.08371522	-0.07675961	0.06326211	-0.067236364	0.058570173	-0.05797401	0.050396588	-0.059674293	0.06313951	-0.048462905	0.04039175	-0.0718225	0.046359476	-0.066786975	0.027265938	-0.030760264
0.05664424	-0.10215636	0.28889188	-0.68566257	0.27285156	-0.04671981	0.088932656	-0.379879	0.9999994	-0.43090153	0.08844881	-0.083968006	0.20966502	-0.29534265	0.21947983	-0.112015955	0.096565716	-0.1375453	0.12135344	-0.13786538	0.06718513	-0.07177677	0.07936177	-0.092580475	0.09104543	-0.08446946	0.07792129	-0.07109084	0.0759339	-0.08206773	0.07407078	-0.0612185	0.06522732	-0.057045776	0.056348015	-0.049123622	0.058215816	-0.061770186	0.04718515	-0.03943857	0.07014275	-0.04530909	0.065267585	-0.026679145	0.030056335
-0.056870278	0.10362377	-0.19458249	0.26646382	-0.67795837	0.045576006	-0.08435188	0.1846541	-0.43090153	0.99999917	-0.085770905	0.076638296	-0.1644724	0.20667982	-0.46499607	0.124602474	-0.10114505	0.13748994	-0.13044314	0.18288538	-0.07787494	0.08360738	-0.09114336	0.10699842	-0.11063903	0.10072695	-0.09265393	0.08458376	-0.09008531	0.100139104	-0.08915632	0.073793784	-0.078983106	0.069222696	-0.06834391	0.059875615	-0.07109369	0.07549679	-0.057395518	0.048071645	-0.08581716	0.055430815	-0.07989143	0.032649532	-0.036742568
0.25150326	-0.4703384	0.10748355	-0.0944669	0.109576635	-0.36497307	0.32268137	-0.11674324	0.08844881	-0.085770905	0.9999992	-0.67628515	0.17370035	-0.18481761	0.12588723	-0.15075058	0.13424899	-0.14594504	0.109708086	-0.11485278	0.07386383	-0.075312324	0.0802624	-0.08729146	0.08305991	-0.09129692	0.077396825	-0.070107244	0.07294365	-0.07773234	0.07427612	-0.061077446	0.064117566	-0.055437326	0.054489914	-0.04894941	0.057840932	-0.06082305	0.0459606	-0.038333442	0.069795296	-0.04494611	0.06461678	-0.026143296	0.029457299
-0.21824153	0.30647752	-0.10715544	0.08640477	-0.09808652	0.21308242	-0.57386065	0.11755157	-0.083968006	0.076638296	-0.67628515	0.9999994	-0.22487949	0.16986747	-0.11182672	0.13659361	-0.15318334	0.14022453	-0.102276936	0.09901426	-0.06552876	0.066341735	-0.071861446	0.07740335	-0.07343895	0.078152984	-0.06762408	0.06106372	-0.06406629	0.06718608	-0.06422295	0.052693386	-0.05536403	0.047817115	-0.047157392	0.041957933	-0.049575537	0.052082576	-0.039628103	0.032985285	-0.05974699	0.03846651	-0.05533321	0.022403024	-0.025275476
0.0981484	-0.16892892	0.2574689	-0.21039645	0.19008425	-0.08588835	0.16305678	-0.4261052	0.20966502	-0.1644724	0.17370035	-0.22487949	0.9999994	-0.6468923	0.21075015	-0.20076424	0.19147998	-0.38604942	0.217467	-0.18752216	0.107205205	-0.11486581	0.12950781	-0.15023552	0.13643362	-0.1286539	0.11623936	-0.107665114	0.11505169	-0.11996844	0.10740912	-0.08925821	0.09404183	-0.08268921	0.08157312	-0.06957447	0.0819153	-0.08773315	0.06751827	-0.056486677	0.09812824	-0.063657515	0.09143901	-0.03766564	0.04243497
-0.10955831	0.1689885	-0.3056106	0.22979917	-0.26637182	0.08969254	-0.16817763	0.2702008	-0.29534265	0.20667982	-0.18481761	0.16986747	-0.6468923	0.999999	-0.31349578	0.1938905	-0.1942436	0.26596373	-0.29818204	0.2215189	-0.12158225	0.12949699	-0.15154767	0.17762858	-0.17226274	0.1440007	-0.1443541	0.12940075	-0.14320704	0.14542654	-0.13443886	0.10991329	-0.11797635	0.10219089	-0.10214752	0.087598376	-0.10412374	0.10917411	-0.08512916	0.07045457	-0.12534344	0.08063685	-0.11657195	0.04746419	-0.05375591
0.08512924	-0.16361132	0.18426152	-0.24090804	0.31021503	-0.06771597	0.122593105	-0.18733144	0.21947983	-0.46499607	0.12588723	-0.11182672	0.21075015	-0.31349578	0.999999	-0.22920825	0.17266579	-0.24009997	0.23364173	-0.4559534	0.14321348	-0.1559841	0.1664112	-0.20533971	0.21433689	-0.19100097	0.16947499	-0.15872446	0.16828795	-0.19655928	0.16247678	-0.13663082	0.14561275	-0.13043109	0.12775525	-0.109680556	0.12951529	-0.14080408	0.1062558	-0.09011193	0.15573038	-0.1014707	0.14560653	-0.06047334	0.06768475
-0.0906758	0.13867792	-0.13301252	0.11395765	-0.1801231	0.07333173	-0.1333998	0.123443894	-0.112015955	0.124602474	-0.15075058	0.13659361	-0.20076424	0.1938905	-0.22920825	0.9999988	-0.7172282	0.29137152	-0.25034148	0.20266165	-0.30217275	0.19526616	-0.20954499	0.18104814	-0.17702307	0.22766185	-0.18248606	0.1554965	-0.16184506	0.1575516	-0.1720439	0.13579857	-0.13932745	0.11654459	-0.115910165	0.10562036	-0.12388492	0.12709884	-0.09729447	0.07996709	-0.1488789	0.09509896	-0.13633311	0.0542376	-0.06149264
0.07761448	-0.12838204	0.11376121	-0.09963142	0.13694781	-0.06589776	0.12109573	-0.11598754	0.096565716	-0.10114505	0.13424899	-0.15318334	0.19147998	-0.1942436	0.17266579	-0.7172282	0.99999857	-0.5186539	0.22232972	-0.1851492	0.1809907	-0.17092875	0.16772376	-0.16534029	0.14522162	-0.19053195	0.13741359	-0.12608992	0.12867302	-0.13038678	0.12572917	-0.104049854	0.105106905	-0.09138373	0.08948766	-0.07796873	0.090368114	-0.09698066	0.073775895	-0.061744217	0.10759021	-0.06996939	0.099645734	-0.040889874	0.046008788
-0.08705578	0.13919663	-0.17029457	0.13659446	-0.18830474	0.071482085	-0.13297552	0.16766953	-0.1375453	0.13748994	-0.14594504	0.14022453	-0.38604942	0.26596373	-0.24009997	0.29137152	-0.5186539	0.99999845	-0.4887431	0.24292965	-0.16465792	0.17569718	-0.23141469	0.23053594	-0.20669238	0.17623213	-0.1719447	0.15832902	-0.17384772	0.16809098	-0.15296155	0.12625687	-0.13319379	0.11622075	-0.11571626	0.09641964	-0.113437556	0.12093822	-0.09467508	0.078664154	-0.13543068	0.087729685	-0.12617525	0.05191224	-0.058699038
0.06968713	-0.11914989	0.13418223	-0.123351775	0.16975589	-0.05645256	0.10218842	-0.13414378	0.12135344	-0.13044314	0.109708086	-0.102276936	0.217467	-0.29818204	0.23364173	-0.25034148	0.22232972	-0.4887431	0.99999803	-0.45600566	0.150175	-0.18169269	0.21193324	-0.5153261	0.27937222	-0.18005991	0.17656693	-0.18246415	0.21061449	-0.21909438	0.15091291	-0.13201125	0.13987395	-0.13298808	0.1297521	-0.09603349	0.111714385	-0.12788166	0.101555936	-0.08705655	0.13134983	-0.08742397	0.12492663	-0.05448479	0.060986366
-0.07628778	0.12788732	-0.14240564	0.13991226	-0.24813394	0.059947718	-0.10746936	0.13231716	-0.13786538	0.18288538	-0.11485278	0.09901426	-0.18752216	0.2215189	-0.4559534	0.20266165	-0.1851492	0.24292965	-0.45600566	0.9999983	-0.15131345	0.17122395	-0.20729946	0.29394096	-0.5008476	0.18168898	-0.2099114	0.19060013	-0.23387234	0.25119492	-0.18708868	0.15608609	-0.17476659	0.15713812	-0.16506772	0.12194933	-0.14565177	0.15725061	-0.13141376	0.10858006	-0.17345752	0.11308442	-0.16472799	0.07016132	-0.07982367
0.047876064	-0.079939805	0.075610384	-0.06980721	0.11046636	-0.038080208	0.06802096	-0.07186291	0.06718513	-0.07787494	0.07386383	-0.06552876	0.107205205	-0.12158225	0.14321348	-0.30217275	0.1809907	-0.16465792	0.150175	-0.15131345	0.9999986	-0.4787145	0.25829586	-0.1553795	0.1381898	-0.7212555	0.18511721	-0.16480935	0.14251338	-0.13929546	0.17691028	-0.14396566	0.12361603	-0.103793606	0.09833966	-0.09680667	0.10469575	-0.11376317	0.080930255	-0.06831155	0.12220792	-0.08054254	0.110552326	-0.044833098	0.049955048
-0.04912275	0.08225129	-0.08048965	0.074288264	-0.11851215	0.03893029	-0.06971766	0.076186694	-0.07177677	0.08360738	-0.075312324	0.066341735	-0.11486581	0.12949699	-0.1559841	0.19526616	-0.17092875	0.17569718	-0.18169269	0.17122395	-0.4787145	0.99999857	-0.68487984	0.2044522	-0.1785812	0.282363	-0.2893643	0.23059334	-0.19311053	0.16976883	-0.18707135	0.16356453	-0.14833969	0.12428172	-0.118606076	0.10386704	-0.116059765	0.12923874	-0.0952282	0.08017273	-0.13447757	0.08920651	-0.124298684	0.051383015	-0.057416324
0.05240764	-0.09010291	0.08844375	-0.08259215	0.1258881	-0.041766718	0.07484606	-0.08568392	0.07936177	-0.09114336	0.0802624	-0.071861446	0.12950781	-0.15154767	0.1664112	-0.20954499	0.16772376	-0.23141469	0.21193324	-0.20729946	0.25829586	-0.68487984	0.99999833	-0.3268223	0.20720786	-0.30173582	0.25084442	-0.36036754	0.22794518	-0.2103175	0.17849873	-0.16918229	0.15830936	-0.14218876	0.13151453	-0.10535555	0.117318675	-0.14099753	0.10294432	-0.08900285	0.13491158	-0.09183139	0.12796251	-0.055165198	0.06110772
-0.056863267	0.09616127	-0.10228644	0.094642885	-0.14698139	0.045210414	-0.081323236	0.09725863	-0.092580475	0.10699842	-0.08729146	0.07740335	-0.15023552	0.17762858	-0.20533971	0.18104814	-0.16534029	0.23053594	-0.5153261	0.29394096	-0.1553795	0.2044522	-0.3268223	0.9999981	-0.5461821	0.17755675	-0.21589468	0.22898951	-0.376027	0.2754695	-0.16595665	0.14828053	-0.16217402	0.15952526	-0.1593759	0.10267227	-0.11905389	0.14071943	-0.11773103	0.10064876	-0.13799775	0.09313759	-0.13334137	0.060229536	-0.06758062
0.054923836	-0.09577105	0.09766673	-0.09483579	0.146834	-0.04357544	0.078098245	-0.09403935	0.09104543	-0.11063903	0.08305991	-0.07343895	0.13643362	-0.17226274	0.21433689	-0.17702307	0.14522162	-0.20669238	0.27937222	-0.5008476	0.1381898	-0.1785812	0.20720786	-0.5461821	0.9999981	-0.17358334	0.19332474	-0.21068203	0.26900753	-0.4896276	0.15844996	-0.14481516	0.16156876	-0.17390189	0.17832327	-0.1017107	0.11793929	-0.14672923	0.12494662	-0.11335482	0.13612203	-0.093447275	0.13350143	-0.06374774	0.070727944
-0.060284745	0.09847115	-0.09458673	0.08734418	-0.14719577	0.047263905	-0.08405709	0.08782165	-0.08446946	0.10072695	-0.09129692	0.078152984	-0.1286539	0.1440007	-0.19100097	0.22766185	-0.19053195	0.17623213	-0.18005991	0.18168898	-0.7212555	0.282363	-0.30173582	0.17755675	-0.17358334	0.999998	-0.25125745	0.19374198	-0.18059848	0.17054784	-0.29802477	0.19323112	-0.16903396	0.1347445	-0.13028866	0.14051032	-0.15296625	0.15281759	-0.1093369	0.09038067	-0.18045694	0.114907734	-0.1572684	0.061007198	-0.06850208
0.051922582	-0.092686504	0.08481783	-0.08211232	0.12868248	-0.04095235	0.073125355	-0.08149845	0.07792129	-0.09265393	0.077396825	-0.06762408	0.11623936	-0.1443541	0.16947499	-0.18248606	0.13741359	-0.1719447	0.17656693	-0.2099114	0.18511721	-0.2893643	0.25084442	-0.21589468	0.19332474	-0.25125745	0.9999979	-0.56694824	0.26741073	-0.2637819	0.27397722	-0.4935066	0.23805648	-0.20105104	0.17001392	-0.15477556	0.1583219	-0.20946066	0.1329984	-0.11801462	0.17510033	-0.12542194	0.16717328	-0.07186426	0.07798893
-0.046729293	0.08113607	-0.077882975	0.074157365	-0.11872333	0.036829025	-0.06580395	0.074068666	-0.07109084	0.08458376	-0.070107244	0.06106372	-0.107665114	0.12940075	-0.15872446	0.1554965	-0.12608992	0.15832902	-0.18246415	0.19060013	-0.16480935	0.23059334	-0.36036754	0.22898951	-0.21068203	0.19374198	-0.56694824	0.99999803	-0.5409149	0.2605845	-0.22766317	0.23622906	-0.2575651	0.1989187	-0.18031955	0.12705746	-0.14223564	0.18263534	-0.13379553	0.11429534	-0.15824518	0.11088416	-0.15656453	0.067902036	-0.075311236
0.048545137	-0.08522255	0.08260723	-0.079367116	0.123991355	-0.038387336	0.06866403	-0.07932453	0.0759339	-0.09008531	0.07294365	-0.06406629	0.11505169	-0.14320704	0.16828795	-0.16184506	0.12867302	-0.17384772	0.21061449	-0.23387234	0.14251338	-0.19311053	0.22794518	-0.376027	0.26900753	-0.18059848	0.26741073	-0.5409149	0.99999803	-0.5323364	0.18266575	-0.19129097	0.21461432	-0.2929566	0.2245894	-0.11445592	0.12973581	-0.1805327	0.14931832	-0.1369117	0.14542046	-0.10395436	0.14721963	-0.07279214	0.07995193
-0.05203255	0.08965078	-0.08872468	0.08521509	-0.14087412	0.040879533	-0.07299725	0.08371522	-0.08206773	0.100139104	-0.07773234	0.06718608	-0.11996844	0.14542654	-0.19655928	0.1575516	-0.13038678	0.16809098	-0.21909438	0.25119492	-0.13929546	0.16976883	-0.2103175	0.2754695	-0.4896276	0.17054784	-0.2637819	0.2605845	-0.5323364	0.99999803	-0.19840826	0.18190567	-0.23033255	0.25539723	-0.38246974	0.12521146	-0.14756167	0.18859816	-0.2005587	0.17432702	-0.16669059	0.11665083	-0.17046945	0.08961515	-0.10176448
0.05039377	-0.0913875	0.08009753	-0.07841826	0.12524617	-0.039548792	0.0705383	-0.07675961	0.07407078	-0.08915632	0.07427612	-0.06422295	0.10740912	-0.13443886	0.16247678	-0.1720439	0.12572917	-0.15296155	0.15091291	-0.18708868	0.17691028	-0.18707135	0.17849873	-0.16595665	0.15844996	-0.29802477	0.27397722	-0.22766317	0.18266575	-0.19840826	0.99999803	-0.6433727	0.24080208	-0.18241253	0.15341415	-0.3717678	0.22963566	-0.24356279	0.12916076	-0.11331651	0.24715841	-0.17481002	0.19607493	-0.07472025	0.07979648
-0.041278806	0.07337913	-0.066437736	0.06443498	-0.10426068	0.032377977	-0.057726312	0.06326211	-0.0612185	0.073793784	-0.061077446	0.052693386	-0.08925821	0.10991329	-0.13663082	0.13579857	-0.104049854	0.12625687	-0.13201125	0.15608609	-0.14396566	0.16356453	-0.16918229	0.14828053	-0.14481516	0.19323112	-0.4935066	0.23622906	-0.19129097	0.18190567	-0.6433727	0.99999774	-0.36468288	0.1878573	-0.16075215	0.20158431	-0.2001429	0.22315495	-0.12913063	0.10953893	-0.21133722	0.14411633	-0.18538618	0.069405876	-0.07561174
0.043531675	-0.078670084	0.070285894	-0.068907045	0.110805124	-0.034140974	0.06090534	-0.067236364	0.06522732	-0.078983106	0.064117566	-0.05536403	0.09404183	-0.11797635	0.14561275	-0.13932745	0.105106905	-0.13319379	0.13987395	-0.17476659	0.12361603	-0.14833969	0.15830936	-0.16217402	0.16156876	-0.16903396	0.23805648	-0.2575651	0.21461432	-0.23033255	0.24080208	-0.36468288	0.99999744	-0.48559105	0.25008714	-0.16380125	0.1874369	-0.5660807	0.1926837	-0.17697006	0.18904826	-0.1625866	0.23228806	-0.096091926	0.10096801
-0.037454262	0.066299684	-0.06162812	0.05985262	-0.097507164	0.029375788	-0.05240271	0.058570173	-0.057045776	0.069222696	-0.055437326	0.047817115	-0.08268921	0.10219089	-0.13043109	0.11654459	-0.09138373	0.11622075	-0.13298808	0.15713812	-0.103793606	0.12428172	-0.14218876	0.15952526	-0.17390189	0.1347445	-0.20105104	0.1989187	-0.2929566	0.25539723	-0.18241253	0.1878573	-0.48559105	0.9999974	-0.6380286	0.11939112	-0.14278013	0.24356791	-0.29426798	0.24039735	-0.15206172	0.117039904	-0.17621641	0.1075912	-0.120366044
0.036837965	-0.06590257	0.060690094	-0.05931333	0.09531544	-0.028929748	0.0516346	-0.05797401	0.056348015	-0.06834391	0.054489914	-0.047157392	0.08157312	-0.10214752	0.12775525	-0.115910165	0.08948766	-0.11571626	0.1297521	-0.16506772	0.09833966	-0.118606076	0.13151453	-0.1593759	0.17832327	-0.13028866	0.17001392	-0.18031955	0.2245894	-0.38246974	0.15341415	-0.16075215	0.25008714	-0.6380286	0.9999975	-0.106592834	0.124041796	-0.22677055	0.27637655	-0.44895974	0.13363945	-0.10489601	0.15062219	-0.114245154	0.1205505
-0.033512756	0.061308485	-0.052748706	0.052082807	-0.084880754	0.026187448	-0.04668046	0.050396588	-0.049123622	0.059875615	-0.04894941	0.041957933	-0.06957447	0.087598376	-0.109680556	0.10562036	-0.07796873	0.09641964	-0.09603349	0.12194933	-0.09680667	0.10386704	-0.10535555	0.10267227	-0.1017107	0.14051032	-0.15477556	0.12705746	-0.11445592	0.12521146	-0.3717678	0.20158431	-0.16380125	0.11939112	-0.106592834	0.9999974	-0.5909309	0.20539822	-0.09668085	0.0815886	-0.60377574	0.2757047	-0.23414153	0.0627598	-0.06601949
0.039732266	-0.07353311	0.062289186	-0.061892733	0.10050849	-0.031036822	0.05534519	-0.059674293	0.058215816	-0.07109369	0.057840932	-0.049575537	0.0819153	-0.10412374	0.12951529	-0.12388492	0.090368114	-0.113437556	0.111714385	-0.14565177	0.10469575	-0.116059765	0.117318675	-0.11905389	0.11793929	-0.15296625	0.1583219	-0.14223564	0.12973581	-0.14756167	0.22963566	-0.2001429	0.1874369	-0.14278013	0.124041796	-0.5909309	0.9999974	-0.31117645	0.115529254	-0.0990316	0.3276535	-0.5396457	0.28402945	-0.077666394	0.079146795
-0.04147808	0.074444085	-0.066450186	0.06512967	-0.1074489	0.032409564	-0.05774526	0.06313951	-0.061770186	0.07549679	-0.06082305	0.052082576	-0.08773315	0.10917411	-0.14080408	0.12709884	-0.09698066	0.12093822	-0.12788166	0.15725061	-0.11376317	0.12923874	-0.14099753	0.14071943	-0.14672923	0.15281759	-0.20946066	0.18263534	-0.1805327	0.18859816	-0.24356279	0.22315495	-0.5660807	0.24356791	-0.22677055	0.20539822	-0.31117645	0.99999714	-0.24352264	0.1732662	-0.26682875	0.24630736	-0.50266516	0.11640471	-0.12437647
0.031254895	-0.056545835	0.050689742	-0.049861345	0.08033746	-0.024496991	0.043699652	-0.048462905	0.04718515	-0.057395518	0.0459606	-0.039628103	0.06751827	-0.08512916	0.1062558	-0.09729447	0.073775895	-0.09467508	0.101555936	-0.13141376	0.080930255	-0.0952282	0.10294432	-0.11773103	0.12494662	-0.1093369	0.1329984	-0.13379553	0.14931832	-0.2005587	0.12916076	-0.12913063	0.1926837	-0.29426798	0.27637655	-0.09668085	0.115529254	-0.24352264	0.9999973	-0.78012335	0.121879816	-0.10175211	0.15000057	-0.26143104	0.20660913
-0.02602101	0.046514448	-0.042441033	0.04151801	-0.06769903	0.020381434	-0.036344793	0.04039175	-0.03943857	0.048071645	-0.038333442	0.032985285	-0.056486677	0.07045457	-0.09011193	0.07996709	-0.061744217	0.078664154	-0.08705655	0.10858006	-0.06831155	0.08017273	-0.08900285	0.10064876	-0.11335482	0.09038067	-0.11801462	0.11429534	-0.1369117	0.17432702	-0.11331651	0.10953893	-0.17697006	0.24039735	-0.44895974	0.0815886	-0.0990316	0.1732662	-0.78012335	0.9999974	-0.1054141	0.084546745	-0.1282684	0.18155028	-0.21799447
0.0480873	-0.089691766	0.074883096	-0.07471312	0.12140962	-0.03753416	0.06693807	-0.0718225	0.07014275	-0.08581716	0.069795296	-0.05974699	0.09812824	-0.12534344	0.15573038	-0.1488789	0.10759021	-0.13543068	0.13134983	-0.17345752	0.12220792	-0.13447757	0.13491158	-0.13799775	0.13612203	-0.18045694	0.17510033	-0.15824518	0.14542046	-0.16669059	0.24715841	-0.21133722	0.18904826	-0.15206172	0.13363945	-0.60377574	0.3276535	-0.26682875	0.121879816	-0.1054141	0.9999976	-0.45905745	0.27255383	-0.082618795	0.08476609
-0.030871393	0.056866523	-0.04848908	0.048107374	-0.07859034	0.02410113	-0.042964842	0.046359476	-0.04530909	0.055430815	-0.04494611	0.03846651	-0.063657515	0.08063685	-0.1014707	0.09509896	-0.06996939	0.087729685	-0.08742397	0.11308442	-0.08054254	0.08920651	-0.09183139	0.09313759	-0.093447275	0.114907734	-0.12542194	0.11088416	-0.10395436	0.11665083	-0.17481002	0.14411633	-0.1625866	0.117039904	-0.10489601	0.2757047	-0.5396457	0.24630736	-0.10175211	0.084546745	-0.45905745	0.9999976	-0.6053997	0.07917153	-0.08115251
0.04445566	-0.08251957	0.069702685	-0.06942742	0.11292677	-0.03470917	0.061897688	-0.066786975	0.065267585	-0.07989143	0.06461678	-0.05533321	0.09143901	-0.11657195	0.14560653	-0.13633311	0.099645734	-0.12617525	0.12492663	-0.16472799	0.110552326	-0.124298684	0.12796251	-0.13334137	0.13350143	-0.1572684	0.16717328	-0.15656453	0.14721963	-0.17046945	0.19607493	-0.18538618	0.23228806	-0.17621641	0.15062219	-0.23414153	0.28402945	-0.50266516	0.15000057	-0.1282684	0.27255383	-0.6053997	0.99999774	-0.1358398	0.12297081
-0.01788026	0.0324766	-0.028592663	0.02822307	-0.046158835	0.013972093	-0.024904624	0.027265938	-0.026679145	0.032649532	-0.026143296	0.022403024	-0.03766564	0.04746419	-0.06047334	0.0542376	-0.040889874	0.05191224	-0.05448479	0.07016132	-0.044833098	0.051383015	-0.055165198	0.060229536	-0.06374774	0.061007198	-0.07186426	0.067902036	-0.07279214	0.08961515	-0.07472025	0.069405876	-0.096091926	0.1075912	-0.114245154	0.0627598	-0.077666394	0.11640471	-0.26143104	0.18155028	-0.082618795	0.07917153	-0.1358398	0.99999774	-0.9252875
0.02016041	-0.036851645	0.032181878	-0.031851087	0.05175496	-0.015761314	0.028103348	-0.030760264	0.030056335	-0.036742568	0.029457299	-0.025275476	0.04243497	-0.05375591	0.06768475	-0.06149264	0.046008788	-0.058699038	0.060986366	-0.07982367	0.049955048	-0.057416324	0.06110772	-0.06758062	0.070727944	-0.06850208	0.07798893	-0.075311236	0.07995193	-0.10176448	0.07979648	-0.07561174	0.10096801	-0.120366044	0.1205505	-0.06601949	0.079146795	-0.12437647	0.20660913	-0.21799447	0.08476609	-0.08115251	0.12297081	-0.9252875	0.99999774
