1.0000002	-0.5557837	0.20812601	-0.12693074	0.070620574	-0.63050056	0.29584432	-0.2199529	0.13773128	-0.06742407	0.23907988	-0.2182589	0.14266956	-0.06676457	0.09639423	-0.20892246	0.14645222	-0.110563	0.06362112	-0.0728355	0.12654847	-0.13955049	0.12894376	-0.12307008	0.056266434	-0.11658102	0.101306446	-0.1353998	0.09192087	-0.087350234	0.09760789	-0.09992762	0.06993511	-0.06760218	0.05420338	-0.016352182	0.032614455	-0.039108995	0.052817117	-0.04022335	0.016002929	-0.026837412	0.048113562	-0.036886264	0.051743593
-0.5557837	1.0000004	-0.43864223	0.18076465	-0.097912736	0.2823449	-0.5575669	0.289849	-0.21256879	0.0878422	-0.16321737	0.1355681	-0.113113515	0.06266166	-0.07952613	0.12984164	-0.100757755	0.08156413	-0.060858913	0.056380313	-0.08569109	0.09295417	-0.09449227	0.087768495	-0.042775333	0.077916965	-0.06935018	0.09336386	-0.06640531	0.06520311	-0.06795386	0.067928046	-0.0500125	0.04783084	-0.040007677	0.011810369	-0.02366549	0.02847092	-0.038710967	0.02951342	-0.011602591	0.01942704	-0.03529799	0.027007809	-0.03814587
0.20812601	-0.43864223	1.0000004	-0.44217527	0.13118847	-0.20158646	0.28637484	-0.6422649	0.2796001	-0.12715572	0.11994701	-0.11264292	0.10806626	-0.06987815	0.07895634	-0.11422692	0.08617068	-0.07840708	0.06552594	-0.05649226	0.07512705	-0.082984015	0.08536222	-0.085190624	0.042118203	-0.070726454	0.062792666	-0.08775723	0.06302167	-0.06411665	0.061152603	-0.06215408	0.046606485	-0.044888645	0.037941877	-0.011065329	0.022175977	-0.026807392	0.036476884	-0.027998725	0.010875128	-0.018221341	0.033212435	-0.025473384	0.03597339
-0.12693074	0.18076465	-0.44217527	1.0000002	-0.29037842	0.114525475	-0.1678034	0.25109568	-0.76230305	0.22067186	-0.07813451	0.07183622	-0.07647102	0.09082171	-0.08065629	0.075146675	-0.058719102	0.05377874	-0.0882511	0.053006765	-0.052238967	0.05684291	-0.062380835	0.06817123	-0.038026977	0.04935977	-0.044671346	0.06325112	-0.050671842	0.05605349	-0.044414114	0.044372093	-0.036298748	0.034624536	-0.03147017	0.008808647	-0.017764583	0.021656808	-0.029750278	0.023046575	-0.008703864	0.014564128	-0.027085053	0.020770343	-0.02958979
0.070620574	-0.097912736	0.13118847	-0.29037842	1.0	-0.06858649	0.08598356	-0.1271904	0.23355195	-0.90818226	0.05027002	-0.04734511	0.051048648	-0.05575512	0.09689837	-0.052251946	0.04028583	-0.036576066	0.051708825	-0.058445036	0.037243336	-0.04012413	0.044561323	-0.05375529	0.03806806	-0.036025736	0.03275197	-0.047281932	0.039464578	-0.059597775	0.03323123	-0.033191442	0.02917924	-0.0279704	0.029385498	-0.0077810152	0.01578159	-0.019444235	0.026936516	-0.021437647	0.0077365153	-0.012924848	0.024617424	-0.018913811	0.027242845
-0.63050056	0.2823449	-0.20158646	0.114525475	-0.06858649	0.9999999	-0.4369891	0.20274153	-0.14026576	0.06305844	-0.45401624	0.22373196	-0.14949949	0.06174903	-0.08731709	0.18920632	-0.15618369	0.1095801	-0.059840266	0.06375869	-0.123539984	0.13135688	-0.1280826	0.10708988	-0.049535036	0.10553676	-0.09438	0.12067183	-0.08283891	0.075979315	-0.091644846	0.09018443	-0.06340458	0.060298998	-0.048363794	0.014629946	-0.029241782	0.034930293	-0.04727198	0.03579248	-0.01433151	0.024004003	-0.043085176	0.032934804	-0.04629121
0.29584432	-0.5575669	0.28637484	-0.1678034	0.08598356	-0.4369891	0.9999998	-0.53541946	0.18222453	-0.082729325	0.19044273	-0.1769579	0.13125558	-0.06536564	0.08527967	-0.16069174	0.12053684	-0.09800541	0.062059987	-0.06291699	0.10159152	-0.11249416	0.10901188	-0.102525964	0.048076548	-0.09335894	0.08223505	-0.11113259	0.07672802	-0.0739409	0.07939764	-0.08067582	0.05776291	-0.055637106	0.045294184	-0.013517465	0.02701149	-0.032462735	0.04396096	-0.033539094	0.013248081	-0.02220907	0.0400315	-0.0306862	0.043142986
-0.2199529	0.289849	-0.6422649	0.25109568	-0.1271904	0.20274153	-0.53541946	0.99999976	-0.34311184	0.11538086	-0.13000922	0.11593555	-0.13431622	0.07282312	-0.07994709	0.11301006	-0.0912616	0.08745049	-0.07039704	0.056039993	-0.07688333	0.08502457	-0.09185742	0.085123084	-0.042054813	0.07117001	-0.0639903	0.088934824	-0.063970625	0.06337652	-0.062285352	0.06258605	-0.04712746	0.04511925	-0.037954852	0.011081073	-0.022225676	0.02684038	-0.036549184	0.027979942	-0.010893363	0.018247683	-0.033266895	0.025493568	-0.03601311
0.13773128	-0.21256879	0.2796001	-0.76230305	0.23355195	-0.14026576	0.18222453	-0.34311184	0.9999995	-0.3079365	0.09347251	-0.08899095	0.09241243	-0.13014375	0.09721052	-0.0945963	0.072129786	-0.06654991	0.10726927	-0.06670433	0.064802386	-0.07087069	0.07638876	-0.08683257	0.047552403	-0.061939355	0.05576061	-0.07971241	0.063312255	-0.07059586	0.0551992	-0.055646487	0.045253742	-0.043397333	0.03923335	-0.010990228	0.022141501	-0.027015273	0.03706531	-0.028775373	0.0108521795	-0.018167151	0.0337257	-0.025893465	0.0368344
-0.06742407	0.0878422	-0.12715572	0.22067186	-0.90818226	0.06305844	-0.082729325	0.11538086	-0.3079365	0.9999993	-0.047604263	0.044272836	-0.049311556	0.058815926	-0.110071555	0.048735365	-0.038209997	0.034893278	-0.055961955	0.057554305	-0.03529841	0.03790066	-0.04285876	0.051827073	-0.037520442	0.034026932	-0.031114906	0.044896077	-0.038296334	0.05774259	-0.031714696	0.031481206	-0.02814237	0.026877183	-0.028493226	0.0075049917	-0.015241059	0.01879126	-0.026077785	0.020749127	-0.007468629	0.012474391	-0.023828607	0.018299825	-0.026396018
0.23907988	-0.16321737	0.11994701	-0.07813451	0.05027002	-0.45401624	0.19044273	-0.13000922	0.09347251	-0.047604263	0.99999946	-0.6301066	0.20879322	-0.07152005	0.10598821	-0.38394308	0.26781434	-0.17145705	0.06837007	-0.081862986	0.20130134	-0.22684945	0.18601236	-0.15210095	0.06495681	-0.16881774	0.14736904	-0.18222049	0.1174231	-0.10027287	0.137124	-0.13865742	0.089694664	-0.08603697	0.06396699	-0.019979281	0.039686535	-0.047116578	0.06310097	-0.047760952	0.019443346	-0.032676075	0.057268497	-0.04394619	0.060997654
-0.2182589	0.1355681	-0.11264292	0.07183622	-0.04734511	0.22373196	-0.1769579	0.11593555	-0.08899095	0.044272836	-0.6301066	0.9999996	-0.3122863	0.070994414	-0.10083481	0.27545944	-0.5222402	0.21562465	-0.06878222	0.07587263	-0.20800735	0.23930894	-0.22449234	0.14196704	-0.060812887	0.16001302	-0.15405643	0.17729028	-0.11514883	0.09262317	-0.13972087	0.1336758	-0.08770902	0.08229817	-0.060781218	0.019052101	-0.037949067	0.044851765	-0.060209412	0.045259897	-0.018561302	0.031142533	-0.05462728	0.04178747	-0.058084063
0.14266956	-0.113113515	0.10806626	-0.07647102	0.051048648	-0.14949949	0.13125558	-0.13431622	0.09241243	-0.049311556	0.20879322	-0.3122863	0.99999917	-0.13030466	0.14044788	-0.28320575	0.27298412	-0.6862402	0.11398026	-0.11426266	0.20305406	-0.26487887	0.3108643	-0.23792103	0.091566876	-0.20286044	0.18549138	-0.29493055	0.17367724	-0.139141	0.16542149	-0.176705	0.12169566	-0.11944096	0.08465027	-0.02597584	0.051572092	-0.06214875	0.08317488	-0.0634837	0.025254821	-0.042602833	0.07476855	-0.05786763	0.079709694
-0.06676457	0.06266166	-0.06987815	0.09082171	-0.05575512	0.06174903	-0.06536564	0.07282312	-0.13014375	0.058815926	-0.07152005	0.070994414	-0.13030466	0.99999905	-0.20068075	0.081663705	-0.07377811	0.08353137	-0.9217342	0.13416353	-0.06979536	0.07479481	-0.10283053	0.16672924	-0.09713212	0.06797776	-0.0668221	0.10211986	-0.124625124	0.11492565	-0.068850026	0.06580134	-0.07146675	0.066085964	-0.06194619	0.015986936	-0.032681454	0.040810604	-0.057202	0.04456291	-0.015934652	0.02668975	-0.051356174	0.039542846	-0.056790248
0.09639423	-0.07952613	0.07895634	-0.08065629	0.09689837	-0.08731709	0.08527967	-0.07994709	0.09721052	-0.110071555	0.10598821	-0.10083481	0.14044788	-0.20068075	0.99999917	-0.12937447	0.106438294	-0.099750385	0.1674775	-0.51077724	0.10973095	-0.11367421	0.14233626	-0.23205052	0.2709615	-0.11253925	0.10711744	-0.16418241	0.16830586	-0.44256818	0.11672207	-0.11393021	0.1292207	-0.12413641	0.17593037	-0.041505806	0.085214525	-0.107552074	0.15156353	-0.12740757	0.04177387	-0.06963957	0.13882673	-0.107342966	0.15734807
-0.20892246	0.12984164	-0.11422692	0.075146675	-0.052251946	0.18920632	-0.16069174	0.11301006	-0.0945963	0.048735365	-0.38394308	0.27545944	-0.28320575	0.081663705	-0.12937447	0.99999905	-0.42725056	0.21288073	-0.08068986	0.09406629	-0.5776119	0.30125463	-0.27438056	0.1719452	-0.07620249	0.25346336	-0.22429384	0.22076966	-0.14883715	0.115753084	-0.22852802	0.18979076	-0.11969412	0.10901194	-0.08065512	0.025945341	-0.051619805	0.06010226	-0.08062894	0.05989996	-0.025271902	0.042187132	-0.07350124	0.055818297	-0.07776216
0.14645222	-0.100757755	0.08617068	-0.058719102	0.04028583	-0.15618369	0.12053684	-0.0912616	0.072129786	-0.038209997	0.26781434	-0.5222402	0.27298412	-0.07377811	0.106438294	-0.42725056	0.999999	-0.35031146	0.070970654	-0.08254032	0.26392055	-0.5051273	0.26741856	-0.16505088	0.066957	-0.21245795	0.20392083	-0.2226205	0.13424872	-0.10219559	0.16802663	-0.17236647	0.101834826	-0.096351415	0.06663398	-0.021451151	0.042587396	-0.049957875	0.066455476	-0.049980354	0.020769147	-0.035025846	0.060045328	-0.0460868	0.06337305
-0.110563	0.08156413	-0.07840708	0.05377874	-0.036576066	0.1095801	-0.09800541	0.08745049	-0.06654991	0.034893278	-0.17145705	0.21562465	-0.6862402	0.08353137	-0.099750385	0.21288073	-0.35031146	0.9999988	-0.080657884	0.07823093	-0.17361377	0.23457642	-0.5348641	0.16376953	-0.063806124	0.15421066	-0.15314859	0.22170527	-0.13254713	0.09573624	-0.13144282	0.1330843	-0.0917131	0.087210715	-0.060754884	0.018832842	-0.037507866	0.044856004	-0.060148846	0.045438107	-0.018317321	0.030864332	-0.05403294	0.04164387	-0.05740526
0.06362112	-0.060858913	0.06552594	-0.0882511	0.051708825	-0.059840266	0.062059987	-0.07039704	0.10726927	-0.055961955	0.06837007	-0.06878222	0.11398026	-0.9217342	0.1674775	-0.08068986	0.070970654	-0.080657884	0.9999988	-0.15428452	0.068051115	-0.073418885	0.0977916	-0.21113135	0.10107642	-0.06766837	0.06618465	-0.10470918	0.12507813	-0.12114805	0.067464426	-0.06559575	0.07053057	-0.06678313	0.061673176	-0.015817491	0.032280196	-0.040473744	0.056600817	-0.04454337	0.015745856	-0.026407922	0.050667744	-0.03918013	0.05604555
-0.0728355	0.056380313	-0.05649226	0.053006765	-0.058445036	0.06375869	-0.06291699	0.056039993	-0.06670433	0.057554305	-0.081862986	0.07587263	-0.11426266	0.13416353	-0.51077724	0.09406629	-0.08254032	0.07823093	-0.15428452	0.9999986	-0.08489122	0.086437844	-0.11596791	0.17806362	-0.69062656	0.08441186	-0.08290614	0.12273384	-0.14484031	0.31683007	-0.09315289	0.087198704	-0.11042164	0.10132159	-0.16419825	0.03564381	-0.07484642	0.09355179	-0.13703156	0.10958726	-0.036252193	0.06043338	-0.124434456	0.09484051	-0.14329375
0.12654847	-0.08569109	0.07512705	-0.052238967	0.037243336	-0.123539984	0.10159152	-0.07688333	0.064802386	-0.03529841	0.20130134	-0.20800735	0.20305406	-0.06979536	0.10973095	-0.5776119	0.26392055	-0.17361377	0.068051115	-0.08489122	0.99999845	-0.4787252	0.234611	-0.17185526	0.069565125	-0.48495802	0.2668232	-0.24384725	0.14530745	-0.10653527	0.23416586	-0.22666699	0.11629148	-0.10926017	0.07141244	-0.024230314	0.047767464	-0.05487242	0.07210719	-0.053927287	0.023272991	-0.03931677	0.0651983	-0.04996346	0.06800577
-0.13955049	0.09295417	-0.082984015	0.05684291	-0.04012413	0.13135688	-0.11249416	0.08502457	-0.07087069	0.03790066	-0.22684945	0.23930894	-0.26487887	0.07479481	-0.11367421	0.30125463	-0.5051273	0.23457642	-0.073418885	0.086437844	-0.4787252	0.9999985	-0.40105808	0.17508201	-0.071346834	0.27608815	-0.39786646	0.25718844	-0.15732858	0.10796504	-0.23199138	0.21880455	-0.12191703	0.11077476	-0.073451646	0.02443858	-0.04864646	0.055958446	-0.07413329	0.0551564	-0.02359105	0.039770152	-0.06692857	0.05113833	-0.06997748
0.12894376	-0.09449227	0.08536222	-0.062380835	0.044561323	-0.1280826	0.10901188	-0.09185742	0.07638876	-0.04285876	0.18601236	-0.22449234	0.3108643	-0.10283053	0.14233626	-0.27438056	0.26741856	-0.5348641	0.0977916	-0.11596791	0.234611	-0.40105808	0.99999857	-0.28181297	0.09657561	-0.23816316	0.2379512	-0.46581912	0.21671844	-0.1455053	0.19303222	-0.20795244	0.14182672	-0.13820197	0.0900756	-0.02798775	0.055639297	-0.066988915	0.08942071	-0.067816265	0.027135318	-0.045927335	0.0797153	-0.061853908	0.08445883
-0.12307008	0.087768495	-0.085190624	0.06817123	-0.05375529	0.10708988	-0.102525964	0.085123084	-0.08683257	0.051827073	-0.15210095	0.14196704	-0.23792103	0.16672924	-0.23205052	0.1719452	-0.16505088	0.16376953	-0.21113135	0.17806362	-0.17185526	0.17508201	-0.28181297	0.99999857	-0.20037897	0.16602592	-0.18060659	0.28747898	-0.6999052	0.21601175	-0.1852274	0.16832156	-0.2318571	0.2076453	-0.13677832	0.03650627	-0.074609965	0.09515134	-0.1337226	0.099426165	-0.03617641	0.060990583	-0.11545173	0.089734465	-0.12505469
0.056266434	-0.042775333	0.042118203	-0.038026977	0.03806806	-0.049535036	0.048076548	-0.042054813	0.047552403	-0.037520442	0.06495681	-0.060812887	0.091566876	-0.09713212	0.2709615	-0.07620249	0.066957	-0.063806124	0.10107642	-0.69062656	0.069565125	-0.071346834	0.09657561	-0.20037897	0.9999985	-0.07027899	0.069989406	-0.10945868	0.14247693	-0.59931153	0.07646352	-0.07267113	0.09261021	-0.08800603	0.13778168	-0.027229337	0.056458976	-0.07309353	0.10528451	-0.09577625	0.027421374	-0.046122562	0.09278497	-0.073377945	0.106924914
-0.11658102	0.077916965	-0.070726454	0.04935977	-0.036025736	0.10553676	-0.09335894	0.07117001	-0.061939355	0.034026932	-0.16881774	0.16001302	-0.20286044	0.06797776	-0.11253925	0.25346336	-0.21245795	0.15421066	-0.06766837	0.08441186	-0.48495802	0.27608815	-0.23816316	0.16602592	-0.07027899	0.9999986	-0.54440916	0.2507553	-0.16298741	0.10676858	-0.49411774	0.3005868	-0.1396522	0.12314272	-0.07659706	0.027863936	-0.05459674	0.060437486	-0.078763366	0.057950985	-0.026614804	0.044495694	-0.07137717	0.05419857	-0.07326896
0.101306446	-0.06935018	0.062792666	-0.044671346	0.03275197	-0.09438	0.08223505	-0.0639903	0.05576061	-0.031114906	0.14736904	-0.15405643	0.18549138	-0.0668221	0.10711744	-0.22429384	0.20392083	-0.15314859	0.06618465	-0.08290614	0.2668232	-0.39786646	0.2379512	-0.18060659	0.069989406	-0.54440916	0.9999986	-0.4208294	0.17976199	-0.10637143	0.30703905	-0.48707405	0.14783613	-0.13408408	0.07408226	-0.027336216	0.054807965	-0.05979087	0.07682247	-0.056689672	0.025829205	-0.044772454	0.06891418	-0.052737616	0.07010006
-0.1353998	0.09336386	-0.08775723	0.06325112	-0.047281932	0.12067183	-0.11113259	0.088934824	-0.07971241	0.044896077	-0.18222049	0.17729028	-0.29493055	0.10211986	-0.16418241	0.22076966	-0.2226205	0.22170527	-0.10470918	0.12273384	-0.24384725	0.25718844	-0.46581912	0.28747898	-0.10945868	0.2507553	-0.4208294	0.9999986	-0.4731393	0.15924072	-0.25596187	0.23904404	-0.21951176	0.188515	-0.11036411	0.033593558	-0.067837656	0.082408935	-0.11201083	0.08228781	-0.032768257	0.055366784	-0.09786276	0.075622395	-0.10316516
0.09192087	-0.06640531	0.06302167	-0.050671842	0.039464578	-0.08283891	0.07672802	-0.063970625	0.063312255	-0.038296334	0.1174231	-0.11514883	0.17367724	-0.124625124	0.16830586	-0.14883715	0.13424872	-0.13254713	0.12507813	-0.14484031	0.14530745	-0.15732858	0.21671844	-0.6999052	0.14247693	-0.16298741	0.17976199	-0.4731393	0.9999985	-0.21605656	0.16154282	-0.16834614	0.22359993	-0.2966557	0.11426271	-0.03080113	0.062233202	-0.08310773	0.11475546	-0.086823314	0.030121444	-0.05156579	0.09426301	-0.07633692	0.100643985
-0.087350234	0.06520311	-0.06411665	0.05605349	-0.059597775	0.075979315	-0.0739409	0.06337652	-0.07059586	0.05774259	-0.10027287	0.09262317	-0.139141	0.11492565	-0.44256818	0.115753084	-0.10219559	0.09573624	-0.12114805	0.31683007	-0.10653527	0.10796504	-0.1455053	0.21601175	-0.59931153	0.10676858	-0.10637143	0.15924072	-0.21605656	0.99999857	-0.1199073	0.112326115	-0.15185791	0.14071915	-0.2986176	0.049699657	-0.1046673	0.13452694	-0.20110807	0.17740431	-0.050466254	0.084813446	-0.17542085	0.13747935	-0.20626123
0.09760789	-0.06795386	0.061152603	-0.044414114	0.03323123	-0.091644846	0.07939764	-0.062285352	0.0551992	-0.031714696	0.137124	-0.13972087	0.16542149	-0.068850026	0.11672207	-0.22852802	0.16802663	-0.13144282	0.067464426	-0.09315289	0.23416586	-0.23199138	0.19303222	-0.1852274	0.07646352	-0.49411774	0.30703905	-0.25596187	0.16154282	-0.1199073	0.99999845	-0.70242923	0.17388237	-0.16793367	0.08511817	-0.037770867	0.07093225	-0.073590934	0.090356335	-0.06690823	0.034628965	-0.059006818	0.08209223	-0.06282303	0.08092305
-0.09992762	0.067928046	-0.06215408	0.044372093	-0.033191442	0.09018443	-0.08067582	0.06258605	-0.055646487	0.031481206	-0.13865742	0.1336758	-0.176705	0.06580134	-0.11393021	0.18979076	-0.17236647	0.1330843	-0.06559575	0.087198704	-0.22666699	0.21880455	-0.20795244	0.16832156	-0.07267113	0.3005868	-0.48707405	0.23904404	-0.16834614	0.112326115	-0.70242923	0.9999988	-0.23916696	0.1734289	-0.0866522	0.038512137	-0.08108906	0.0764176	-0.09394358	0.06752687	-0.035718188	0.06278531	-0.08574671	0.06407515	-0.08284918
0.06993511	-0.0500125	0.046606485	-0.036298748	0.02917924	-0.06340458	0.05776291	-0.04712746	0.045253742	-0.02814237	0.089694664	-0.08770902	0.12169566	-0.07146675	0.1292207	-0.11969412	0.101834826	-0.0917131	0.07053057	-0.11042164	0.11629148	-0.12191703	0.14182672	-0.2318571	0.09261021	-0.1396522	0.14783613	-0.21951176	0.22359993	-0.15185791	0.17388237	-0.23916696	0.9999987	-0.8453314	0.13424198	-0.0399003	0.07948181	-0.13442549	0.16498141	-0.11812773	0.03798348	-0.06829952	0.1193226	-0.10596422	0.11692404
-0.06760218	0.04783084	-0.044888645	0.034624536	-0.0279704	0.060298998	-0.055637106	0.04511925	-0.043397333	0.026877183	-0.08603697	0.08229817	-0.11944096	0.066085964	-0.12413641	0.10901194	-0.096351415	0.087210715	-0.06678313	0.10132159	-0.10926017	0.11077476	-0.13820197	0.2076453	-0.08800603	0.12314272	-0.13408408	0.188515	-0.2966557	0.14071915	-0.16793367	0.1734289	-0.8453314	0.9999988	-0.15561117	0.039120376	-0.080190845	0.12969951	-0.20780225	0.12469948	-0.037828956	0.06743152	-0.12512285	0.11005505	-0.126294
0.05420338	-0.040007677	0.037941877	-0.03147017	0.029385498	-0.048363794	0.045294184	-0.037954852	0.03923335	-0.028493226	0.06396699	-0.060781218	0.08465027	-0.06194619	0.17593037	-0.08065512	0.06663398	-0.060754884	0.061673176	-0.16419825	0.07141244	-0.073451646	0.0900756	-0.13677832	0.13778168	-0.07659706	0.07408226	-0.11036411	0.11426271	-0.2986176	0.08511817	-0.0866522	0.13424198	-0.15561117	0.99999905	-0.055350635	0.10715573	-0.19416496	0.2593861	-0.77107966	0.052813455	-0.09599749	0.17471619	-0.19761999	0.22247256
-0.016352182	0.011810369	-0.011065329	0.008808647	-0.0077810152	0.014629946	-0.013517465	0.011081073	-0.010990228	0.0075049917	-0.019979281	0.019052101	-0.02597584	0.015986936	-0.041505806	0.025945341	-0.021451151	0.018832842	-0.015817491	0.03564381	-0.024230314	0.02443858	-0.02798775	0.03650627	-0.027229337	0.027863936	-0.027336216	0.033593558	-0.03080113	0.049699657	-0.037770867	0.038512137	-0.0399003	0.039120376	-0.055350635	0.9999993	-0.35329005	0.12234205	-0.08581693	0.05260806	-0.8866999	0.2567896	-0.15089951	0.068525866	-0.070269294
0.032614455	-0.02366549	0.022175977	-0.017764583	0.01578159	-0.029241782	0.02701149	-0.022225676	0.022141501	-0.015241059	0.039686535	-0.037949067	0.051572092	-0.032681454	0.085214525	-0.051619805	0.042587396	-0.037507866	0.032280196	-0.07484642	0.047767464	-0.04864646	0.055639297	-0.074609965	0.056458976	-0.05459674	0.054807965	-0.067837656	0.062233202	-0.1046673	0.07093225	-0.08108906	0.07948181	-0.080190845	0.10715573	-0.35329005	0.9999991	-0.3438196	0.17339003	-0.10948463	0.25356793	-0.7587328	0.27443296	-0.1415725	0.13122617
-0.039108995	0.02847092	-0.026807392	0.021656808	-0.019444235	0.034930293	-0.032462735	0.02684038	-0.027015273	0.01879126	-0.047116578	0.044851765	-0.06214875	0.040810604	-0.107552074	0.06010226	-0.049957875	0.044856004	-0.040473744	0.09355179	-0.05487242	0.055958446	-0.066988915	0.09515134	-0.07309353	0.060437486	-0.05979087	0.082408935	-0.08310773	0.13452694	-0.073590934	0.0764176	-0.13442549	0.12969951	-0.19416496	0.12234205	-0.3438196	0.99999917	-0.53543824	0.19394547	-0.1205259	0.24054034	-0.6343218	0.2448046	-0.23421177
0.052817117	-0.038710967	0.036476884	-0.029750278	0.026936516	-0.04727198	0.04396096	-0.036549184	0.03706531	-0.026077785	0.06310097	-0.060209412	0.08317488	-0.057202	0.15156353	-0.08062894	0.066455476	-0.060148846	0.056600817	-0.13703156	0.07210719	-0.07413329	0.08942071	-0.1337226	0.10528451	-0.078763366	0.07682247	-0.11201083	0.11475546	-0.20110807	0.090356335	-0.09394358	0.16498141	-0.20780225	0.2593861	-0.08581693	0.17339003	-0.53543824	0.99999905	-0.4159947	0.080126576	-0.15862028	0.29055423	-0.44216624	0.28563115
-0.04022335	0.02951342	-0.027998725	0.023046575	-0.021437647	0.03579248	-0.033539094	0.027979942	-0.028775373	0.020749127	-0.047760952	0.045259897	-0.0634837	0.04456291	-0.12740757	0.05989996	-0.049980354	0.045438107	-0.04454337	0.10958726	-0.053927287	0.0551564	-0.067816265	0.099426165	-0.09577625	0.057950985	-0.056689672	0.08228781	-0.086823314	0.17740431	-0.06690823	0.06752687	-0.11812773	0.12469948	-0.77107966	0.05260806	-0.10948463	0.19394547	-0.4159947	0.99999917	-0.05126852	0.09426913	-0.19121733	0.21677887	-0.30826184
0.016002929	-0.011602591	0.010875128	-0.008703864	0.0077365153	-0.01433151	0.013248081	-0.010893363	0.0108521795	-0.007468629	0.019443346	-0.018561302	0.025254821	-0.015934652	0.04177387	-0.025271902	0.020769147	-0.018317321	0.015745856	-0.036252193	0.023272991	-0.02359105	0.027135318	-0.03617641	0.027421374	-0.026614804	0.025829205	-0.032768257	0.030121444	-0.050466254	0.034628965	-0.035718188	0.03798348	-0.037828956	0.052813455	-0.8866999	0.25356793	-0.1205259	0.080126576	-0.05126852	0.99999946	-0.35922685	0.14047004	-0.0673112	0.06629672
-0.026837412	0.01942704	-0.018221341	0.014564128	-0.012924848	0.024004003	-0.02220907	0.018247683	-0.018167151	0.012474391	-0.032676075	0.031142533	-0.042602833	0.02668975	-0.06963957	0.042187132	-0.035025846	0.030864332	-0.026407922	0.06043338	-0.03931677	0.039770152	-0.045927335	0.060990583	-0.046122562	0.044495694	-0.044772454	0.055366784	-0.05156579	0.084813446	-0.059006818	0.06278531	-0.06829952	0.06743152	-0.09599749	0.2567896	-0.7587328	0.24054034	-0.15862028	0.09426913	-0.35922685	0.9999996	-0.39904866	0.13228698	-0.12845485
0.048113562	-0.03529799	0.033212435	-0.027085053	0.024617424	-0.043085176	0.0400315	-0.033266895	0.0337257	-0.023828607	0.057268497	-0.05462728	0.07476855	-0.051356174	0.13882673	-0.07350124	0.060045328	-0.05403294	0.050667744	-0.124434456	0.0651983	-0.06692857	0.0797153	-0.11545173	0.09278497	-0.07137717	0.06891418	-0.09786276	0.09426301	-0.17542085	0.08209223	-0.08574671	0.1193226	-0.12512285	0.17471619	-0.15089951	0.27443296	-0.6343218	0.29055423	-0.19121733	0.14047004	-0.39904866	0.9999997	-0.34911898	0.23987947
-0.036886264	0.027007809	-0.025473384	0.020770343	-0.018913811	0.032934804	-0.0306862	0.025493568	-0.025893465	0.018299825	-0.04394619	0.04178747	-0.05786763	0.039542846	-0.107342966	0.055818297	-0.0460868	0.04164387	-0.03918013	0.09484051	-0.04996346	0.05113833	-0.061853908	0.089734465	-0.073377945	0.05419857	-0.052737616	0.075622395	-0.07633692	0.13747935	-0.06282303	0.06407515	-0.10596422	0.11005505	-0.19761999	0.068525866	-0.1415725	0.2448046	-0.44216624	0.21677887	-0.0673112	0.13228698	-0.34911898	0.99999976	-0.7456884
0.051743593	-0.03814587	0.03597339	-0.02958979	0.027242845	-0.04629121	0.043142986	-0.03601311	0.0368344	-0.026396018	0.060997654	-0.058084063	0.079709694	-0.056790248	0.15734807	-0.07776216	0.06337305	-0.05740526	0.05604555	-0.14329375	0.06800577	-0.06997748	0.08445883	-0.12505469	0.106924914	-0.07326896	0.07010006	-0.10316516	0.100643985	-0.20626123	0.08092305	-0.08284918	0.11692404	-0.126294	0.22247256	-0.070269294	0.13122617	-0.23421177	0.28563115	-0.30826184	0.06629672	-0.12845485	0.23987947	-0.7456884	0.99999976
