1.0	-0.19748934	0.1709189	-0.16957758	0.068193965	-0.37497962	0.16039109	-0.15466382	0.117272034	-0.061293606	0.20213991	-0.306074	0.16252607	-0.16864151	0.070986845	-0.16249527	0.21118644	-0.14216676	0.16911548	-0.063392796	0.1840282	-0.15381214	0.16793264	-0.1325959	0.12171438	-0.1205314	0.13326502	-0.12981187	0.13394773	-0.10226688	0.12756994	-0.13001107	0.11237568	-0.10267019	0.11395414	-0.085473925	0.07651356	-0.084662594	0.06265179	-0.06312961	0.103747636	-0.06332373	0.050645865	-0.05862552	0.07152073
-0.19748934	1.0	-0.58825505	0.19497046	-0.07302658	0.14045885	-0.669679	0.3056165	-0.14696988	0.06400206	-0.10991914	0.17028588	-0.21014643	0.17558251	-0.052321773	0.091488324	-0.13480775	0.12322239	-0.13583755	0.046927016	-0.10799234	0.099400654	-0.12236691	0.09309402	-0.08136985	0.06891307	-0.08261321	0.07982511	-0.08635247	0.06654099	-0.07319444	0.07830335	-0.06860899	0.063788205	-0.07118001	0.047179412	-0.043775417	0.04812742	-0.03543692	0.035209745	-0.056948554	0.03499491	-0.028147765	0.0326981	-0.039318994
0.1709189	-0.58825505	1.0000002	-0.38510388	0.10011096	-0.15419944	0.31583574	-0.51412004	0.21156369	-0.09139326	0.1108405	-0.18266211	0.25004375	-0.27362204	0.06489837	-0.09995677	0.1440866	-0.15174405	0.15723705	-0.05910602	0.11578571	-0.11544128	0.1402334	-0.110697426	0.09481741	-0.07784757	0.094415456	-0.09417191	0.0999632	-0.07860996	0.08145966	-0.091489434	0.079500474	-0.0747305	0.08227563	-0.05392879	0.05057932	-0.056031466	0.041150127	-0.041025914	0.06431138	-0.040771376	0.032649726	-0.038119	0.045414805
-0.16957758	0.19497046	-0.38510388	1.0	-0.24914628	0.13833077	-0.1980308	0.22824962	-0.6709238	0.19671836	-0.102691405	0.15670161	-0.29547596	0.3063007	-0.099390164	0.10485308	-0.16055079	0.16905281	-0.20646152	0.08714013	-0.12849417	0.1304384	-0.17219068	0.13532276	-0.12368345	0.08765626	-0.110834315	0.1102413	-0.12545355	0.09824407	-0.09395963	0.10493464	-0.095437184	0.090788834	-0.103418544	0.062095117	-0.058826286	0.06463771	-0.048785266	0.04861671	-0.07524519	0.04727813	-0.038164202	0.044722408	-0.054277148
0.068193965	-0.07302658	0.10011096	-0.24914628	1.0000002	-0.06319363	0.06952998	-0.09000295	0.22070764	-0.90879035	0.044695202	-0.0706951	0.10695548	-0.17899823	0.13083951	-0.045457624	0.06663723	-0.07136799	0.083647065	-0.13287744	0.05413225	-0.058869433	0.072163455	-0.07010074	0.07193656	-0.039272804	0.049870495	-0.05511753	0.06069073	-0.058904834	0.04111625	-0.05010435	0.04568403	-0.047020342	0.051594757	-0.028394945	0.027585331	-0.030877754	0.023557445	-0.023741119	0.03352821	-0.022751441	0.018175788	-0.021746054	0.025643837
-0.37497962	0.14045885	-0.15419944	0.13833077	-0.06319363	1.0000004	-0.1629763	0.1413717	-0.104712486	0.055853464	-0.65473086	0.32404467	-0.16839215	0.14904556	-0.075471506	0.2549966	-0.32086203	0.1613286	-0.19558789	0.06640368	-0.30608132	0.18742473	-0.20393048	0.14730337	-0.13664313	0.15245375	-0.16159382	0.140965	-0.15062585	0.11170138	-0.1670328	0.14642727	-0.12640205	0.11208274	-0.12684971	0.09623192	-0.08447108	0.090980545	-0.06570666	0.06435958	-0.119371995	0.06551117	-0.053161487	0.060326617	-0.07346063
0.16039109	-0.669679	0.31583574	-0.1980308	0.06952998	-0.1629763	1.0000002	-0.5583589	0.14292227	-0.06337035	0.12499896	-0.22846566	0.22184688	-0.19980283	0.05226879	-0.09817437	0.14083503	-0.13380069	0.13604134	-0.04735409	0.111975566	-0.10381972	0.1242274	-0.095477045	0.08159599	-0.07108959	0.08451859	-0.081931815	0.08695273	-0.06750211	0.07465386	-0.08069249	0.069739774	-0.06481765	0.07154764	-0.048071742	0.044647038	-0.04921182	0.03592671	-0.035671193	0.05762385	-0.03563735	0.028601065	-0.03321991	0.03964964
-0.15466382	0.3056165	-0.51412004	0.22824962	-0.09000295	0.1413717	-0.5583589	1.0000002	-0.20387459	0.080324166	-0.109886155	0.17336836	-0.46697497	0.2443365	-0.06242858	0.09933894	-0.15000428	0.17876223	-0.17999044	0.056340776	-0.11633814	0.11822936	-0.15579759	0.115051486	-0.09620707	0.076720946	-0.09529715	0.09310329	-0.10118044	0.07849807	-0.0805181	0.09040961	-0.07894517	0.07413867	-0.082075216	0.052444916	-0.049470697	0.054561473	-0.040049825	0.039759226	-0.06265614	0.039419524	-0.03165443	0.036929507	-0.043994334
0.117272034	-0.14696988	0.21156369	-0.6709238	0.22070764	-0.104712486	0.14292227	-0.20387459	1.0000002	-0.28526226	0.076051705	-0.11964989	0.23323601	-0.54306775	0.08629795	-0.07666603	0.114953145	-0.13271312	0.14970054	-0.07875583	0.091519944	-0.09671194	0.12448146	-0.101649195	0.09069545	-0.0635714	0.080210336	-0.08169656	0.09033468	-0.07350377	0.067027666	-0.07741553	0.06922585	-0.06664285	0.074328996	-0.04484348	0.042749196	-0.04731451	0.035384394	-0.035330467	0.053603765	-0.034513403	0.027714068	-0.032594055	0.038987868
-0.061293606	0.06400206	-0.09139326	0.19671836	-0.90879035	0.055853464	-0.06337035	0.080324166	-0.28526226	1.0000001	-0.039904095	0.062558666	-0.10057911	0.15510853	-0.1522196	0.04095699	-0.060668997	0.065234125	-0.07795219	0.121446475	-0.049109157	0.053233217	-0.066444725	0.06381084	-0.067151815	0.035433553	-0.045257464	0.049639285	-0.055627435	0.05343723	-0.037258018	0.04510045	-0.041464604	0.042599816	-0.04732101	0.025588894	-0.024873754	0.027764829	-0.02127223	0.021410106	-0.030328667	0.020446105	-0.016371157	0.01957814	-0.023196781
0.20213991	-0.10991914	0.1108405	-0.102691405	0.044695202	-0.65473086	0.12499896	-0.109886155	0.076051705	-0.039904095	1.0000002	-0.57432085	0.12188558	-0.111189425	0.051667336	-0.35442913	0.25890183	-0.119535096	0.13553756	-0.046041314	0.2408776	-0.14690082	0.14415817	-0.1046402	0.09345226	-0.118795455	0.11807605	-0.10252135	0.104072094	-0.07813655	0.11944612	-0.10871515	0.089610495	-0.07911682	0.08709302	-0.068808794	0.06045372	-0.06569014	0.04611931	-0.04507158	0.082521826	-0.046640877	0.03755527	-0.042624272	0.05069994
-0.306074	0.17028588	-0.18266211	0.15670161	-0.0706951	0.32404467	-0.22846566	0.17336836	-0.11964989	0.062558666	-0.57432085	1.0000001	-0.20160365	0.17053603	-0.08215242	0.27058402	-0.43486318	0.18646151	-0.21961583	0.07249623	-0.30826786	0.21160103	-0.22818302	0.16250889	-0.14841197	0.16016582	-0.17675602	0.15308973	-0.16324374	0.12129177	-0.17276931	0.15882847	-0.1363725	0.121145576	-0.13654833	0.101014376	-0.089960456	0.09709791	-0.069921896	0.06846383	-0.124255426	0.06958527	-0.05639721	0.06418138	-0.077733666
0.16252607	-0.21014643	0.25004375	-0.29547596	0.10695548	-0.16839215	0.22184688	-0.46697497	0.23323601	-0.10057911	0.12188558	-0.20160365	0.99999994	-0.541345	0.0833027	-0.12566322	0.18654771	-0.4249273	0.25675204	-0.077001125	0.14118105	-0.17059045	0.22061336	-0.1701628	0.12950318	-0.100020334	0.12780312	-0.12930529	0.13612728	-0.10825214	0.10203327	-0.12446232	0.10616084	-0.10104649	0.10895215	-0.068427764	0.065849245	-0.07333235	0.05319615	-0.052885663	0.0800758	-0.052571658	0.041970216	-0.049256675	0.05763349
-0.16864151	0.17558251	-0.27362204	0.3063007	-0.17899823	0.14904556	-0.19980283	0.2443365	-0.54306775	0.15510853	-0.111189425	0.17053603	-0.541345	0.9999999	-0.10706822	0.11683791	-0.18187961	0.22849314	-0.27451992	0.092673354	-0.14111902	0.15213495	-0.21110927	0.16148084	-0.14016281	0.09713053	-0.12555628	0.124791786	-0.14243442	0.11090485	-0.102881216	0.11842603	-0.10684105	0.101971954	-0.11520363	0.067964084	-0.06507166	0.07163237	-0.05365221	0.05334984	-0.08157009	0.051972426	-0.041885007	0.049171142	-0.05908974
0.070986845	-0.052321773	0.06489837	-0.099390164	0.13083951	-0.075471506	0.05226879	-0.06242858	0.08629795	-0.1522196	0.051667336	-0.08215242	0.0833027	-0.10706822	0.99999976	-0.055749673	0.07893466	-0.08438756	0.10744576	-0.92022926	0.065834194	-0.082539916	0.094690494	-0.14561367	0.19174306	-0.0537114	0.07202215	-0.095875144	0.11011316	-0.15345365	0.055131678	-0.07838726	0.076018214	-0.09184114	0.09872517	-0.040596135	0.041911475	-0.04791415	0.03852767	-0.039419778	0.04648104	-0.035646264	0.028295778	-0.035359036	0.04029712
-0.16249527	0.091488324	-0.09995677	0.10485308	-0.045457624	0.2549966	-0.09817437	0.09933894	-0.07666603	0.04095699	-0.35442913	0.27058402	-0.12566322	0.11683791	-0.055749673	0.99999994	-0.5285014	0.14747456	-0.15442039	0.05038727	-0.6634489	0.21288352	-0.17922574	0.12280755	-0.10449795	0.18376747	-0.16039024	0.1260858	-0.11932468	0.08983044	-0.17556238	0.14160317	-0.10885333	0.093155205	-0.09885452	0.08805893	-0.07539764	0.08146016	-0.054200385	0.052160252	-0.10217838	0.05604376	-0.044893324	0.050286446	-0.057754118
0.21118644	-0.13480775	0.1440866	-0.16055079	0.06663723	-0.32086203	0.14083503	-0.15000428	0.114953145	-0.060668997	0.25890183	-0.43486318	0.18654771	-0.18187961	0.07893466	-0.5285014	0.9999997	-0.26979005	0.22273701	-0.072491966	0.3094184	-0.38478762	0.25575528	-0.18355325	0.1466898	-0.1936564	0.21459238	-0.1832831	0.16701414	-0.12886395	0.17492275	-0.20236799	0.15082125	-0.13226213	0.13705595	-0.1087896	0.10047397	-0.111402206	0.07440683	-0.07252403	0.12274598	-0.076704554	0.060866084	-0.069541074	0.07901107
-0.14216676	0.12322239	-0.15174405	0.16905281	-0.07136799	0.1613286	-0.13380069	0.17876223	-0.13271312	0.065234125	-0.119535096	0.18646151	-0.4249273	0.22849314	-0.08438756	0.14747456	-0.26979005	0.9999996	-0.6123503	0.07837557	-0.1614259	0.23098946	-0.47952798	0.24186182	-0.16461343	0.11450027	-0.16130668	0.1548449	-0.17178126	0.1315914	-0.114444494	0.14832366	-0.12590232	0.12018835	-0.1290322	0.07561691	-0.07490906	0.08312025	-0.059636116	0.05877727	-0.08718257	0.05833139	-0.04661543	0.05485502	-0.0632054
0.16911548	-0.13583755	0.15723705	-0.20646152	0.083647065	-0.19558789	0.13604134	-0.17999044	0.14970054	-0.07795219	0.13553756	-0.21961583	0.25675204	-0.27451992	0.10744576	-0.15442039	0.22273701	-0.6123503	0.9999995	-0.10662064	0.1687723	-0.2401229	0.29765412	-0.45392165	0.21380867	-0.13123162	0.17483215	-0.20248812	0.21928102	-0.18256937	0.1302073	-0.17955099	0.15504602	-0.15790832	0.16211377	-0.09115289	0.09125194	-0.10327409	0.07505779	-0.074894965	0.10366461	-0.07335426	0.058157302	-0.06956295	0.07894645
-0.063392796	0.046927016	-0.05910602	0.08714013	-0.13287744	0.06640368	-0.04735409	0.056340776	-0.07875583	0.121446475	-0.046041314	0.07249623	-0.077001125	0.092673354	-0.92022926	0.05038727	-0.072491966	0.07837557	-0.10662064	0.9999996	-0.06010805	0.07480598	-0.08995056	0.13517597	-0.25208148	0.04858624	-0.06610813	0.08661082	-0.10690194	0.14154059	-0.050317302	0.0705108	-0.07055085	0.08425803	-0.09722346	0.03667395	-0.037977915	0.043118272	-0.035214186	0.03590994	-0.042333458	0.032075394	-0.025619024	0.032000173	-0.037051067
0.1840282	-0.10799234	0.11578571	-0.12849417	0.05413225	-0.30608132	0.111975566	-0.11633814	0.091519944	-0.049109157	0.2408776	-0.30826786	0.14118105	-0.14111902	0.065834194	-0.6634489	0.3094184	-0.1614259	0.1687723	-0.06010805	0.9999996	-0.2969107	0.20215157	-0.14689547	0.12311575	-0.34000763	0.20119776	-0.16309136	0.14341323	-0.10948435	0.22472928	-0.18985808	0.13677397	-0.116332926	0.11950445	-0.1169177	0.09763354	-0.1070537	0.06864288	-0.06594263	0.12782739	-0.072537355	0.057516813	-0.06432346	0.072132915
-0.15381214	0.099400654	-0.11544128	0.1304384	-0.058869433	0.18742473	-0.10381972	0.11822936	-0.09671194	0.053233217	-0.14690082	0.21160103	-0.17059045	0.15213495	-0.082539916	0.21288352	-0.38478762	0.23098946	-0.2401229	0.07480598	-0.2969107	0.9999996	-0.5453515	0.20915732	-0.16920802	0.19284604	-0.5088082	0.21230032	-0.19782951	0.14256963	-0.18909413	0.25370577	-0.18829939	0.14881937	-0.15674564	0.110303916	-0.11376848	0.119710326	-0.07840062	0.07430451	-0.12651317	0.07860903	-0.06343956	0.07155117	-0.08101785
0.16793264	-0.12236691	0.1402334	-0.17219068	0.072163455	-0.20393048	0.1242274	-0.15579759	0.12448146	-0.066444725	0.14415817	-0.22818302	0.22061336	-0.21110927	0.094690494	-0.17922574	0.25575528	-0.47952798	0.29765412	-0.08995056	0.20215157	-0.5453515	0.9999999	-0.35859174	0.19671246	-0.16157068	0.24449494	-0.22853708	0.21472304	-0.17126215	0.1543158	-0.23212616	0.17508164	-0.16124573	0.16318464	-0.103730656	0.1057551	-0.11826992	0.08005067	-0.07813963	0.11633369	-0.080104746	0.06355974	-0.0741997	0.08291912
-0.1325959	0.09309402	-0.110697426	0.13532276	-0.07010074	0.14730337	-0.095477045	0.115051486	-0.101649195	0.06381084	-0.1046402	0.16250889	-0.1701628	0.16148084	-0.14561367	0.12280755	-0.18355325	0.24186182	-0.45392165	0.13517597	-0.14689547	0.20915732	-0.35859174	0.9999997	-0.5090556	0.11904927	-0.17882554	0.22931525	-0.45297047	0.27303636	-0.12295768	0.17558642	-0.18650858	0.21034244	-0.23931743	0.08667782	-0.09171225	0.10245863	-0.08272122	0.0819729	-0.10027703	0.07377342	-0.059551883	0.07371106	-0.08559726
0.12171438	-0.08136985	0.09481741	-0.12368345	0.07193656	-0.13664313	0.08159599	-0.09620707	0.09069545	-0.067151815	0.09345226	-0.14841197	0.12950318	-0.14016281	0.19174306	-0.10449795	0.1466898	-0.16461343	0.21380867	-0.25208148	0.12311575	-0.16920802	0.19671246	-0.5090556	0.9999995	-0.10556133	0.14844587	-0.2165528	0.27782923	-0.62435997	0.107745945	-0.16488163	0.16931129	-0.2293269	0.252089	-0.08051173	0.08611329	-0.09885527	0.08245907	-0.08490076	0.09131633	-0.073048264	0.05818225	-0.074568115	0.08404254
-0.1205314	0.06891307	-0.07784757	0.08765626	-0.039272804	0.15245375	-0.07108959	0.076720946	-0.0635714	0.035433553	-0.118795455	0.16016582	-0.100020334	0.09713053	-0.0537114	0.18376747	-0.1936564	0.11450027	-0.13123162	0.04858624	-0.34000763	0.19284604	-0.16157068	0.11904927	-0.10556133	0.99999964	-0.29382014	0.15860061	-0.13109988	0.09606981	-0.78870744	0.22124441	-0.14784484	0.110733174	-0.112013616	0.18450807	-0.12531789	0.12532035	-0.07255447	0.06537407	-0.20793508	0.080558166	-0.065021515	0.06711641	-0.07291541
0.13326502	-0.08261321	0.094415456	-0.110834315	0.049870495	-0.16159382	0.08451859	-0.09529715	0.080210336	-0.045257464	0.11807605	-0.17675602	0.12780312	-0.12555628	0.07202215	-0.16039024	0.21459238	-0.16130668	0.17483215	-0.06610813	0.20119776	-0.5088082	0.24449494	-0.17882554	0.14844587	-0.29382014	0.9999997	-0.33667463	0.20031568	-0.14330924	0.22901711	-0.58979267	0.2544181	-0.17666063	0.16286615	-0.13679346	0.15631163	-0.16585784	0.09125806	-0.08307007	0.14568216	-0.09602524	0.07653397	-0.08390974	0.08872773
-0.12981187	0.07982511	-0.09417191	0.1102413	-0.05511753	0.140965	-0.081931815	0.09310329	-0.08169656	0.049639285	-0.10252135	0.15308973	-0.12930529	0.124791786	-0.095875144	0.1260858	-0.1832831	0.1548449	-0.20248812	0.08661082	-0.16309136	0.21230032	-0.22853708	0.22931525	-0.2165528	0.15860061	-0.33667463	0.9999997	-0.48755693	0.21566637	-0.17609935	0.28522608	-0.60273343	0.28122646	-0.27536023	0.12076455	-0.14523055	0.15464872	-0.111160435	0.10185123	-0.14327693	0.09863179	-0.08221823	0.096163206	-0.109414585
0.13394773	-0.08635247	0.0999632	-0.12545355	0.06069073	-0.15062585	0.08695273	-0.10118044	0.09033468	-0.055627435	0.104072094	-0.16324374	0.13612728	-0.14243442	0.11011316	-0.11932468	0.16701414	-0.17178126	0.21928102	-0.10690194	0.14341323	-0.19782951	0.21472304	-0.45297047	0.27782923	-0.13109988	0.20031568	-0.48755693	0.9999997	-0.40300244	0.13524568	-0.22499816	0.27295825	-0.4310722	0.29079697	-0.10159421	0.113926515	-0.13059981	0.109636016	-0.10533419	0.115109436	-0.09324529	0.07488521	-0.09738028	0.10432182
-0.10226688	0.06654099	-0.07860996	0.09824407	-0.058904834	0.11170138	-0.06750211	0.07849807	-0.07350377	0.05343723	-0.07813655	0.12129177	-0.10825214	0.11090485	-0.15345365	0.08983044	-0.12886395	0.1315914	-0.18256937	0.14154059	-0.10948435	0.14256963	-0.17126215	0.27303636	-0.62435997	0.09606981	-0.14330924	0.21566637	-0.40300244	0.9999997	-0.10143348	0.15514752	-0.19241221	0.2648459	-0.5081581	0.075875275	-0.08429221	0.09522659	-0.08874482	0.09198613	-0.0878391	0.071447365	-0.058175657	0.07636273	-0.09183022
0.12756994	-0.07319444	0.08145966	-0.09395963	0.04111625	-0.1670328	0.07465386	-0.0805181	0.067027666	-0.037258018	0.11944612	-0.17276931	0.10203327	-0.102881216	0.055131678	-0.17556238	0.17492275	-0.114444494	0.1302073	-0.050317302	0.22472928	-0.18909413	0.1543158	-0.12295768	0.107745945	-0.78870744	0.22901711	-0.17609935	0.13524568	-0.10143348	0.9999998	-0.28234562	0.1577306	-0.12049562	0.11645739	-0.27970353	0.14635287	-0.1527023	0.08063732	-0.0724839	0.21341895	-0.09314103	0.07334145	-0.07597315	0.07912553
-0.13001107	0.07830335	-0.091489434	0.10493464	-0.05010435	0.14642727	-0.08069249	0.09040961	-0.07741553	0.04510045	-0.10871515	0.15882847	-0.12446232	0.11842603	-0.07838726	0.14160317	-0.20236799	0.14832366	-0.17955099	0.0705108	-0.18985808	0.25370577	-0.23212616	0.17558642	-0.16488163	0.22124441	-0.58979267	0.28522608	-0.22499816	0.15514752	-0.28234562	0.9999997	-0.47400805	0.21013638	-0.20461446	0.16332306	-0.26472786	0.20935158	-0.11226241	0.0973205	-0.1825795	0.115284875	-0.09548904	0.099402286	-0.106614545
0.11237568	-0.06860899	0.079500474	-0.095437184	0.04568403	-0.12640205	0.069739774	-0.07894517	0.06922585	-0.041464604	0.089610495	-0.1363725	0.10616084	-0.10684105	0.076018214	-0.10885333	0.15082125	-0.12590232	0.15504602	-0.07055085	0.13677397	-0.18829939	0.17508164	-0.18650858	0.16931129	-0.14784484	0.2544181	-0.60273343	0.27295825	-0.19241221	0.1577306	-0.47400805	0.99999976	-0.4414093	0.2467507	-0.122105934	0.16556324	-0.20235288	0.11509767	-0.101734415	0.1344514	-0.10405483	0.08542171	-0.101027586	0.103092566
-0.10267019	0.063788205	-0.0747305	0.090788834	-0.047020342	0.11208274	-0.06481765	0.07413867	-0.06664285	0.042599816	-0.07911682	0.121145576	-0.10104649	0.101971954	-0.09184114	0.093155205	-0.13226213	0.12018835	-0.15790832	0.08425803	-0.116332926	0.14881937	-0.16124573	0.21034244	-0.2293269	0.110733174	-0.17666063	0.28122646	-0.4310722	0.2648459	-0.12049562	0.21013638	-0.4414093	0.9999995	-0.6467885	0.09357858	-0.11540337	0.13003266	-0.15808119	0.12675151	-0.10841576	0.09721889	-0.0813576	0.11587622	-0.122825354
0.11395414	-0.07118001	0.08227563	-0.103418544	0.051594757	-0.12684971	0.07154764	-0.082075216	0.074328996	-0.04732101	0.08709302	-0.13654833	0.10895215	-0.11520363	0.09872517	-0.09885452	0.13705595	-0.1290322	0.16211377	-0.09722346	0.11950445	-0.15674564	0.16318464	-0.23931743	0.252089	-0.112013616	0.16286615	-0.27536023	0.29079697	-0.5081581	0.11645739	-0.20461446	0.2467507	-0.6467885	0.99999964	-0.09327812	0.10800665	-0.12671572	0.13182364	-0.15236463	0.10496996	-0.098194286	0.079040155	-0.11324116	0.12861091
-0.085473925	0.047179412	-0.05392879	0.062095117	-0.028394945	0.09623192	-0.048071742	0.052444916	-0.04484348	0.025588894	-0.068808794	0.101014376	-0.068427764	0.067964084	-0.040596135	0.08805893	-0.1087896	0.07561691	-0.09115289	0.03667395	-0.1169177	0.110303916	-0.103730656	0.08667782	-0.08051173	0.18450807	-0.13679346	0.12076455	-0.10159421	0.075875275	-0.27970353	0.16332306	-0.122105934	0.09357858	-0.09327812	0.99999934	-0.34994894	0.239376	-0.10697578	0.08419875	-0.8210381	0.14296608	-0.116419	0.0993115	-0.09717006
0.07651356	-0.043775417	0.05057932	-0.058826286	0.027585331	-0.08447108	0.044647038	-0.049470697	0.042749196	-0.024873754	0.06045372	-0.089960456	0.065849245	-0.06507166	0.041911475	-0.07539764	0.10047397	-0.07490906	0.09125194	-0.037977915	0.09763354	-0.11376848	0.1057551	-0.09171225	0.08611329	-0.12531789	0.15631163	-0.14523055	0.113926515	-0.08429221	0.14635287	-0.26472786	0.16556324	-0.11540337	0.10800665	-0.34994894	0.99999934	-0.79207164	0.15746546	-0.113458805	0.2514775	-0.23961426	0.17479378	-0.14824754	0.12137965
-0.084662594	0.04812742	-0.056031466	0.06463771	-0.030877754	0.090980545	-0.04921182	0.054561473	-0.04731451	0.027764829	-0.06569014	0.09709791	-0.07333235	0.07163237	-0.04791415	0.08146016	-0.111402206	0.08312025	-0.10327409	0.043118272	-0.1070537	0.119710326	-0.11826992	0.10245863	-0.09885527	0.12532035	-0.16585784	0.15464872	-0.13059981	0.09522659	-0.1527023	0.20935158	-0.20235288	0.13003266	-0.12671572	0.239376	-0.79207164	0.9999995	-0.22448012	0.13333605	-0.2973225	0.21324617	-0.22472216	0.17050602	-0.15109949
0.06265179	-0.03543692	0.041150127	-0.048785266	0.023557445	-0.06570666	0.03592671	-0.040049825	0.035384394	-0.02127223	0.04611931	-0.069921896	0.05319615	-0.05365221	0.03852767	-0.054200385	0.07440683	-0.059636116	0.07505779	-0.035214186	0.06864288	-0.07840062	0.08005067	-0.08272122	0.08245907	-0.07255447	0.09125806	-0.111160435	0.109636016	-0.08874482	0.08063732	-0.11226241	0.11509767	-0.15808119	0.13182364	-0.10697578	0.15746546	-0.22448012	0.9999995	-0.48390448	0.1218136	-0.2852788	0.23613968	-0.695218	0.3051059
-0.06312961	0.035209745	-0.041025914	0.04861671	-0.023741119	0.06435958	-0.035671193	0.039759226	-0.035330467	0.021410106	-0.04507158	0.06846383	-0.052885663	0.05334984	-0.039419778	0.052160252	-0.07252403	0.05877727	-0.074894965	0.03590994	-0.06594263	0.07430451	-0.07813963	0.0819729	-0.08490076	0.06537407	-0.08307007	0.10185123	-0.10533419	0.09198613	-0.0724839	0.0973205	-0.101734415	0.12675151	-0.15236463	0.08419875	-0.113458805	0.13333605	-0.48390448	0.99999946	-0.10085317	0.17190993	-0.1557642	0.27769107	-0.7859208
0.103747636	-0.056948554	0.06431138	-0.07524519	0.03352821	-0.119371995	0.05762385	-0.06265614	0.053603765	-0.030328667	0.082521826	-0.124255426	0.0800758	-0.08157009	0.04648104	-0.10217838	0.12274598	-0.08718257	0.10366461	-0.042333458	0.12782739	-0.12651317	0.11633369	-0.10027703	0.09131633	-0.20793508	0.14568216	-0.14327693	0.115109436	-0.0878391	0.21341895	-0.1825795	0.1344514	-0.10841576	0.10496996	-0.8210381	0.2514775	-0.2973225	0.1218136	-0.10085317	0.9999993	-0.18974309	0.13315938	-0.12200672	0.10968626
-0.06332373	0.03499491	-0.040771376	0.04727813	-0.022751441	0.06551117	-0.03563735	0.039419524	-0.034513403	0.020446105	-0.046640877	0.06958527	-0.052571658	0.051972426	-0.035646264	0.05604376	-0.076704554	0.05833139	-0.07335426	0.032075394	-0.072537355	0.07860903	-0.080104746	0.07377342	-0.073048264	0.080558166	-0.09602524	0.09863179	-0.09324529	0.071447365	-0.09314103	0.115284875	-0.10405483	0.09721889	-0.098194286	0.14296608	-0.23961426	0.21324617	-0.2852788	0.17190993	-0.18974309	0.9999996	-0.8110382	0.2705361	-0.252259
0.050645865	-0.028147765	0.032649726	-0.038164202	0.018175788	-0.053161487	0.028601065	-0.03165443	0.027714068	-0.016371157	0.03755527	-0.05639721	0.041970216	-0.041885007	0.028295778	-0.044893324	0.060866084	-0.04661543	0.058157302	-0.025619024	0.057516813	-0.06343956	0.06355974	-0.059551883	0.05818225	-0.065021515	0.07653397	-0.08221823	0.07488521	-0.058175657	0.07334145	-0.09548904	0.08542171	-0.0813576	0.079040155	-0.116419	0.17479378	-0.22472216	0.23613968	-0.1557642	0.13315938	-0.8110382	0.9999996	-0.4251274	0.1897821
-0.05862552	0.0326981	-0.038119	0.044722408	-0.021746054	0.060326617	-0.03321991	0.036929507	-0.032594055	0.01957814	-0.042624272	0.06418138	-0.049256675	0.049171142	-0.035359036	0.050286446	-0.069541074	0.05485502	-0.06956295	0.032000173	-0.06432346	0.07155117	-0.0741997	0.07371106	-0.074568115	0.06711641	-0.08390974	0.096163206	-0.09738028	0.07636273	-0.07597315	0.099402286	-0.101027586	0.11587622	-0.11324116	0.0993115	-0.14824754	0.17050602	-0.695218	0.27769107	-0.12200672	0.2705361	-0.4251274	0.9999995	-0.41271722
0.07152073	-0.039318994	0.045414805	-0.054277148	0.025643837	-0.07346063	0.03964964	-0.043994334	0.038987868	-0.023196781	0.05069994	-0.077733666	0.05763349	-0.05908974	0.04029712	-0.057754118	0.07901107	-0.0632054	0.07894645	-0.037051067	0.072132915	-0.08101785	0.08291912	-0.08559726	0.08404254	-0.07291541	0.08872773	-0.109414585	0.10432182	-0.09183022	0.07912553	-0.106614545	0.103092566	-0.122825354	0.12861091	-0.09717006	0.12137965	-0.15109949	0.3051059	-0.7859208	0.10968626	-0.252259	0.1897821	-0.41271722	0.9999995
