1.0000001	-0.9326496	0.14583614	-0.06761917	0.035555653	-0.26670814	0.14969148	-0.10780299	0.07148127	-0.033895925	0.09069354	-0.08756921	0.08827583	-0.06722648	0.03024094	-0.06733395	0.08071912	-0.07931578	0.051231213	-0.03138682	0.03433982	-0.032352325	0.028214311	-0.026808754	0.041654047	-0.038234994	0.02801556	-0.025173724	0.019050928	-0.019345926	0.025550378	-0.019913135	0.025266867	-0.01966931	0.028044533	-0.019154863	0.022676053	-0.013090726	0.012045197	-0.010766294	0.011008846	-0.010752965	0.013894015	-0.010614474	0.009294046
-0.9326496	1.0000002	-0.18317498	0.07357602	-0.03843226	0.20548826	-0.18251577	0.118625075	-0.08003648	0.036181405	-0.09564751	0.09388982	-0.09706607	0.069793895	-0.031832896	0.06946055	-0.087372504	0.08256911	-0.05401721	0.032787744	-0.035268355	0.03303624	-0.028895937	0.027375214	-0.042377383	0.038736627	-0.028555194	0.025599515	-0.019409426	0.01967597	-0.026001098	0.020262888	-0.025736699	0.020011805	-0.028501533	0.019452302	-0.023089673	0.013312766	-0.012249562	0.0109431725	-0.011197793	0.010931218	-0.014135534	0.010790012	-0.009448495
0.14583614	-0.18317498	1.0000002	-0.37808675	0.12196167	-0.40456802	0.29175845	-0.6369613	0.2682143	-0.12255364	0.17115994	-0.22143275	0.24777393	-0.20618221	0.0864971	-0.15178815	0.1803253	-0.23399372	0.14442532	-0.09274341	0.07577838	-0.07295731	0.06452912	-0.062059164	0.08783941	-0.0860968	0.061372645	-0.055837024	0.042336255	-0.04130583	0.05466649	-0.043399382	0.054794032	-0.04405387	0.0588191	-0.041676603	0.04884157	-0.02845798	0.026262674	-0.023460181	0.0237272	-0.023293685	0.029992867	-0.023206137	0.020133067
-0.06761917	0.07357602	-0.37808675	1.0000002	-0.25547767	0.17707255	-0.16855091	0.2237716	-0.8223175	0.1960111	-0.09251407	0.11302203	-0.14180508	0.12768318	-0.08254027	0.07788801	-0.10027934	0.12189843	-0.09583047	0.08446122	-0.039382774	0.03755274	-0.034170073	0.03278256	-0.04669694	0.04375617	-0.031617824	0.028779568	-0.022165284	0.021910684	-0.027995804	0.022300381	-0.028263425	0.02298152	-0.03070725	0.021308526	-0.025101056	0.014680122	-0.013617269	0.0121739805	-0.012164407	0.011936672	-0.015467214	0.01202127	-0.010429839
0.035555653	-0.03843226	0.12196167	-0.25547767	1.0000004	-0.109968744	0.08783399	-0.09646639	0.20147125	-0.9021819	0.060103483	-0.06572965	0.08107597	-0.09930014	0.17286319	-0.050006945	0.06356364	-0.08563112	0.07959257	-0.19397779	0.027320094	-0.02632801	0.025480019	-0.024886398	0.039502032	-0.03129727	0.02279676	-0.021157397	0.016886963	-0.01843608	0.020316724	-0.01623335	0.020693986	-0.017539268	0.024518618	-0.015536321	0.01826897	-0.010931342	0.010320961	-0.009318324	0.0088647995	-0.008709777	0.0114932805	-0.009112253	0.007934759
-0.26670814	0.20548826	-0.40456802	0.17707255	-0.109968744	1.0000004	-0.48768288	0.27043018	-0.22106822	0.0991293	-0.40382206	0.25941652	-0.28300974	0.1906501	-0.09629666	0.23643327	-0.29176715	0.2301003	-0.15865709	0.09599644	-0.12518585	0.114838555	-0.101673685	0.09517304	-0.16268374	0.13521329	-0.1033744	0.09186014	-0.07013088	0.07457324	-0.09686145	0.07396361	-0.094670236	0.07164285	-0.109740146	0.07112911	-0.08542098	0.048944436	-0.04504106	0.040294774	-0.04140096	0.040187143	-0.052366707	0.03954228	-0.034991
0.14969148	-0.18251577	0.29175845	-0.16855091	0.08783399	-0.48768288	1.0000002	-0.4964722	0.1784705	-0.087133445	0.21866389	-0.48488536	0.29449674	-0.21791512	0.08362224	-0.20781474	0.2552992	-0.26742223	0.15814196	-0.088952295	0.09346015	-0.08944082	0.07507386	-0.07202078	0.09935364	-0.10218717	0.0724658	-0.065252535	0.048901644	-0.046857234	0.06363951	-0.050775394	0.06386298	-0.050909437	0.066757165	-0.048500348	0.056958582	-0.0329662	0.030286899	-0.02699534	0.027610846	-0.027112367	0.034722213	-0.026766727	0.023172215
-0.10780299	0.118625075	-0.6369613	0.2237716	-0.09646639	0.27043018	-0.4964722	1.0000001	-0.29127732	0.09368003	-0.15131152	0.23882857	-0.38545525	0.1790145	-0.07261291	0.13149963	-0.18218951	0.20917903	-0.13409045	0.075567074	-0.061981834	0.05870233	-0.05189482	0.04939356	-0.066291496	0.066559345	-0.047930982	0.043257184	-0.032942344	0.031283576	-0.04185486	0.033506457	-0.042341467	0.03417392	-0.044195715	0.031852003	-0.03759913	0.021828532	-0.020142443	0.017939592	-0.018181141	0.017844675	-0.02298142	0.017784635	-0.015377034
0.07148127	-0.08003648	0.2682143	-0.8223175	0.20147125	-0.22106822	0.1784705	-0.29127732	1.0	-0.23992619	0.10626689	-0.13077174	0.15714066	-0.16527064	0.09286867	-0.0916615	0.11401644	-0.14741816	0.11258103	-0.098867156	0.046524033	-0.044628736	0.040587347	-0.039084133	0.055563267	-0.05235887	0.03764384	-0.034353882	0.026413687	-0.026104677	0.033406112	-0.026600443	0.03368442	-0.027428964	0.036623526	-0.025467495	0.029926907	-0.017521668	0.016251039	-0.014533841	0.014518615	-0.014253291	0.018454762	-0.014352399	0.012449866
-0.033895925	0.036181405	-0.12255364	0.1960111	-0.9021819	0.0991293	-0.087133445	0.09368003	-0.23992619	0.9999997	-0.057537086	0.062996864	-0.07930856	0.09231238	-0.22493567	0.047201775	-0.061246216	0.079686075	-0.07645701	0.17322437	-0.025620747	0.024580872	-0.02381646	0.023174629	-0.03684206	0.029022764	-0.021229431	0.019652825	-0.015714021	0.01711067	-0.018876042	0.0150891505	-0.019251727	0.01628734	-0.022828327	0.014412661	-0.016988004	0.010151774	-0.009586783	0.00865077	-0.008234543	0.008086944	-0.010678592	0.008458607	-0.007369088
0.09069354	-0.09564751	0.17115994	-0.09251407	0.060103483	-0.40382206	0.21866389	-0.15131152	0.10626689	-0.057537086	0.9999998	-0.26460078	0.20130397	-0.18500172	0.069773205	-0.72166777	0.28921506	-0.24939333	0.13892508	-0.07407949	0.17396651	-0.16569448	0.10022258	-0.09723305	0.111103274	-0.16145736	0.10660919	-0.09107874	0.063451104	-0.05393031	0.084517114	-0.07060291	0.08613197	-0.06687172	0.07519815	-0.065252356	0.07679548	-0.043070957	0.03862462	-0.034023914	0.036789052	-0.036347326	0.0449181	-0.034261446	0.02908921
-0.08756921	0.09388982	-0.22143275	0.11302203	-0.06572965	0.25941652	-0.48488536	0.23882857	-0.13077174	0.062996864	-0.26460078	0.9999997	-0.5172431	0.20348687	-0.07398801	0.22862972	-0.5474619	0.27499372	-0.16652836	0.07617983	-0.08948856	0.08114059	-0.06513348	0.06117849	-0.07455371	0.08395984	-0.060535327	0.053100515	-0.039694723	0.035558462	-0.050395995	0.041083183	-0.051547356	0.041145716	-0.04975151	0.03832393	-0.045674037	0.026112156	-0.023891503	0.021139773	-0.021902744	0.021512162	-0.027414517	0.02109568	-0.018098736
0.08827583	-0.09706607	0.24777393	-0.14180508	0.08107597	-0.28300974	0.29449674	-0.38545525	0.15714066	-0.07930856	0.20130397	-0.5172431	0.99999976	-0.38463596	0.10012643	-0.19004384	0.28041238	-0.4968224	0.24682437	-0.10566178	0.083524145	-0.07946178	0.073872246	-0.070101224	0.0818787	-0.085775	0.062105633	-0.05631583	0.043616377	-0.039115123	0.0526649	-0.042888954	0.0543047	-0.04524653	0.054277856	-0.040216476	0.047737785	-0.027821088	0.025802154	-0.022890309	0.02296302	-0.02257211	0.029164448	-0.022773739	0.019526819
-0.06722648	0.069793895	-0.20618221	0.12768318	-0.09930014	0.1906501	-0.21791512	0.1790145	-0.16527064	0.09231238	-0.18500172	0.20348687	-0.38463596	0.9999999	-0.19418629	0.14408511	-0.23233399	0.31189278	-0.73958343	0.17339423	-0.07195146	0.06709847	-0.070629805	0.067452885	-0.07680954	0.07231187	-0.054498598	0.04965589	-0.04070195	0.036384463	-0.046136707	0.037644863	-0.048354834	0.041184165	-0.049434993	0.035010874	-0.04210229	0.024730753	-0.023219924	0.020575749	-0.020152448	0.019765953	-0.025960116	0.020410672	-0.017524702
0.03024094	-0.031832896	0.0864971	-0.08254027	0.17286319	-0.09629666	0.08362224	-0.07261291	0.09286867	-0.22493567	0.069773205	-0.07398801	0.10012643	-0.19418629	1.0	-0.057969786	0.079466775	-0.13170296	0.16988187	-0.9139817	0.03341004	-0.032526676	0.03496404	-0.03520516	0.059930712	-0.038030926	0.028209807	-0.026881073	0.022827674	-0.028254062	0.024767889	-0.02012657	0.025889333	-0.023732163	0.033251062	-0.019084312	0.022509865	-0.013919004	0.013496425	-0.012322585	0.010890811	-0.010728672	0.014540649	-0.011919998	0.010358548
-0.06733395	0.06946055	-0.15178815	0.07788801	-0.050006945	0.23643327	-0.20781474	0.13149963	-0.0916615	0.047201775	-0.72166777	0.22862972	-0.19004384	0.14408511	-0.057969786	0.9999996	-0.4952986	0.20473759	-0.12133215	0.05989748	-0.22759083	0.15683004	-0.089567915	0.08294898	-0.089564934	0.13658771	-0.09599725	0.07753283	-0.053544607	0.043620255	-0.07213672	0.060812958	-0.074242674	0.05570472	-0.06034581	0.054700714	-0.06618797	0.036176246	-0.032126155	0.02807084	-0.031237833	0.030734608	-0.037808307	0.0284096	-0.024057692
0.08071912	-0.087372504	0.1803253	-0.10027934	0.06356364	-0.29176715	0.2552992	-0.18218951	0.11401644	-0.061246216	0.28921506	-0.5474619	0.28041238	-0.23233399	0.079466775	-0.4952986	0.99999946	-0.4275422	0.18705866	-0.0844303	0.12442339	-0.11588854	0.082056284	-0.07759028	0.087096445	-0.109500356	0.076913565	-0.0666058	0.048786785	-0.04200618	0.061724592	-0.051226933	0.063582405	-0.05085357	0.058270767	-0.047187448	0.056227565	-0.03193463	0.029069265	-0.025639735	0.02686605	-0.02645386	0.033393633	-0.02569714	0.021900406
-0.07931578	0.08256911	-0.23399372	0.12189843	-0.08563112	0.2301003	-0.26742223	0.20917903	-0.14741816	0.079686075	-0.24939333	0.27499372	-0.4968224	0.31189278	-0.13170296	0.20473759	-0.4275422	0.99999934	-0.5191322	0.13007733	-0.09572102	0.0889566	-0.09977568	0.08705517	-0.089658864	0.091605835	-0.069111526	0.06285594	-0.050670024	0.04296684	-0.05711876	0.047115188	-0.06040818	0.051727094	-0.05860532	0.043414712	-0.052354403	0.030607415	-0.028648254	0.0252786	-0.024970222	0.024515994	-0.03204379	0.025195517	-0.021496687
0.051231213	-0.05401721	0.14442532	-0.09583047	0.07959257	-0.15865709	0.15814196	-0.13409045	0.11258103	-0.07645701	0.13892508	-0.16652836	0.24682437	-0.73958343	0.16988187	-0.12133215	0.18705866	-0.5191322	0.9999995	-0.21575049	0.060460303	-0.058010474	0.067267865	-0.067770585	0.065068856	-0.061111234	0.046104908	-0.042957015	0.036476053	-0.031257622	0.038470536	-0.03180912	0.04103527	-0.03687141	0.04143971	-0.029378477	0.035308976	-0.021035543	0.0199827	-0.017685069	0.016873162	-0.016587522	0.021973995	-0.017557714	0.0149679445
-0.03138682	0.032787744	-0.09274341	0.08446122	-0.19397779	0.09599644	-0.088952295	0.075567074	-0.098867156	0.17322437	-0.07407949	0.07617983	-0.10566178	0.17339423	-0.9139817	0.05989748	-0.0844303	0.13007733	-0.21575049	0.9999997	-0.03472061	0.03359253	-0.03664652	0.03667203	-0.0664172	0.03906198	-0.029197168	0.027760878	-0.0238247	0.029950203	-0.025592733	0.020801807	-0.02682176	0.024613751	-0.03534757	0.01967899	-0.023290738	0.014410819	-0.014021347	0.012812285	-0.011252596	0.011077941	-0.015068807	0.012361605	-0.010772747
0.03433982	-0.035268355	0.07577838	-0.039382774	0.027320094	-0.12518585	0.09346015	-0.061981834	0.046524033	-0.025620747	0.17396651	-0.08948856	0.083524145	-0.07195146	0.03341004	-0.22759083	0.12442339	-0.09572102	0.060460303	-0.03472061	0.9999996	-0.77077955	0.197441	-0.19013742	0.13076694	-0.42079425	0.239149	-0.1747795	0.10613963	-0.06855648	0.1454158	-0.13577333	0.15459763	-0.112571366	0.08934803	-0.111277185	0.13696161	-0.070808	0.06054324	-0.051745813	0.062817916	-0.062445328	0.07267878	-0.05368171	0.043971695
-0.032352325	0.03303624	-0.07295731	0.03755274	-0.02632801	0.114838555	-0.08944082	0.05870233	-0.044628736	0.024580872	-0.16569448	0.08114059	-0.07946178	0.06709847	-0.032526676	0.15683004	-0.11588854	0.0889566	-0.058010474	0.03359253	-0.77077955	0.9999995	-0.3039959	0.19950573	-0.1440453	0.2792729	-0.33541813	0.18785405	-0.11738864	0.07365751	-0.15733746	0.15093517	-0.17662877	0.11686252	-0.09671609	0.116181694	-0.15630262	0.07685304	-0.06500197	0.054825984	-0.068697706	0.06735742	-0.07976201	0.057005398	-0.04709923
0.028214311	-0.028895937	0.06452912	-0.034170073	0.025480019	-0.101673685	0.07507386	-0.05189482	0.040587347	-0.02381646	0.10022258	-0.06513348	0.073872246	-0.070629805	0.03496404	-0.089567915	0.082056284	-0.09977568	0.067267865	-0.03664652	0.197441	-0.3039959	0.99999946	-0.8080426	0.1915092	-0.19087186	0.17490378	-0.22284955	0.20993017	-0.10914953	0.118451014	-0.11615487	0.16302769	-0.22205518	0.12240245	-0.094294675	0.119000584	-0.08097195	0.08545961	-0.07357267	0.054522403	-0.054500043	0.08072044	-0.074479334	0.058834728
-0.026808754	0.027375214	-0.062059164	0.03278256	-0.024886398	0.09517304	-0.07202078	0.04939356	-0.039084133	0.023174629	-0.09723305	0.06117849	-0.070101224	0.067452885	-0.03520516	0.08294898	-0.07759028	0.08705517	-0.067770585	0.03667203	-0.19013742	0.19950573	-0.8080426	0.9999991	-0.25959465	0.16630653	-0.16504274	0.17913112	-0.31003687	0.12338143	-0.11735163	0.110016905	-0.1619688	0.2150829	-0.14031805	0.090367034	-0.11829941	0.07956648	-0.08732648	0.07317926	-0.053656507	0.052949317	-0.08130841	0.07327736	-0.05962829
0.041654047	-0.042377383	0.08783941	-0.04669694	0.039502032	-0.16268374	0.09935364	-0.066291496	0.055563267	-0.03684206	0.111103274	-0.07455371	0.0818787	-0.07680954	0.059930712	-0.089564934	0.087096445	-0.089658864	0.065068856	-0.0664172	0.13076694	-0.1440453	0.1915092	-0.25959465	0.999999	-0.19980526	0.14811766	-0.16257708	0.16796547	-0.5182276	0.13719933	-0.113789	0.14851716	-0.18285416	0.3112741	-0.11067238	0.1257615	-0.09182425	0.09854376	-0.0972936	0.06201117	-0.06195839	0.09372651	-0.08807062	0.077565126
-0.038234994	0.038736627	-0.0860968	0.04375617	-0.03129727	0.13521329	-0.10218717	0.066559345	-0.05235887	0.029022764	-0.16145736	0.08395984	-0.085775	0.07231187	-0.038030926	0.13658771	-0.109500356	0.091605835	-0.061111234	0.03906198	-0.42079425	0.2792729	-0.19087186	0.16630653	-0.19980526	0.9999992	-0.5366033	0.27311584	-0.14279653	0.10030477	-0.3657539	0.26118878	-0.31225762	0.14287344	-0.14040579	0.22602843	-0.30637667	0.13191088	-0.09956103	0.08241589	-0.13682036	0.12935205	-0.14205028	0.08778059	-0.07392706
0.02801556	-0.028555194	0.061372645	-0.031617824	0.02279676	-0.1033744	0.0724658	-0.047930982	0.03764384	-0.021229431	0.10660919	-0.060535327	0.062105633	-0.054498598	0.028209807	-0.09599725	0.076913565	-0.069111526	0.046104908	-0.029197168	0.239149	-0.33541813	0.17490378	-0.16504274	0.14811766	-0.5366033	0.9999989	-0.5084597	0.14060865	-0.080241986	0.22847742	-0.41673163	0.30364951	-0.14750372	0.10654793	-0.20287184	0.2552354	-0.11886806	0.08745084	-0.073106475	0.109488145	-0.11573397	0.11593996	-0.078128174	0.062924586
-0.025173724	0.025599515	-0.055837024	0.028779568	-0.021157397	0.09186014	-0.065252535	0.043257184	-0.034353882	0.019652825	-0.09107874	0.053100515	-0.05631583	0.04965589	-0.026881073	0.07753283	-0.0666058	0.06285594	-0.042957015	0.027760878	-0.1747795	0.18785405	-0.22284955	0.17913112	-0.16257708	0.27311584	-0.5084597	0.9999988	-0.22284788	0.09146821	-0.22569901	0.2816729	-0.65072876	0.18773821	-0.120198056	0.17830658	-0.26404497	0.14399378	-0.10853629	0.086505055	-0.10786206	0.10771293	-0.14698887	0.09329071	-0.07574715
0.019050928	-0.019409426	0.042336255	-0.022165284	0.016886963	-0.07013088	0.048901644	-0.032942344	0.026413687	-0.015714021	0.063451104	-0.039694723	0.043616377	-0.04070195	0.022827674	-0.053544607	0.048786785	-0.050670024	0.036476053	-0.0238247	0.10613963	-0.11738864	0.20993017	-0.31003687	0.16796547	-0.14279653	0.14060865	-0.22284788	0.99999887	-0.1559279	0.10374669	-0.10799551	0.16980217	-0.8342202	0.15653694	-0.08590668	0.11120738	-0.11274891	0.16320625	-0.13276604	0.05061302	-0.05120482	0.10635065	-0.13415544	0.09671706
-0.019345926	0.01967597	-0.04130583	0.021910684	-0.01843608	0.07457324	-0.046857234	0.031283576	-0.026104677	0.01711067	-0.05393031	0.035558462	-0.039115123	0.036384463	-0.028254062	0.043620255	-0.04200618	0.04296684	-0.031257622	0.029950203	-0.06855648	0.07365751	-0.10914953	0.12338143	-0.5182276	0.10030477	-0.080241986	0.09146821	-0.1559279	0.99999875	-0.07162498	0.062186603	-0.085338674	0.14245908	-0.7770251	0.058039308	-0.06880573	0.05984497	-0.080175154	0.0859249	-0.033283006	0.0333198	-0.061807502	0.066045426	-0.06760893
0.025550378	-0.026001098	0.05466649	-0.027995804	0.020316724	-0.09686145	0.06363951	-0.04185486	0.033406112	-0.018876042	0.084517114	-0.050395995	0.0526649	-0.046136707	0.024767889	-0.07213672	0.061724592	-0.05711876	0.038470536	-0.025592733	0.1454158	-0.15733746	0.118451014	-0.11735163	0.13719933	-0.3657539	0.22847742	-0.22569901	0.10374669	-0.07162498	0.99999887	-0.31575835	0.21976176	-0.1141342	0.0989334	-0.73070216	0.2854298	-0.1158677	0.07990802	-0.06785145	0.19411966	-0.20975284	0.11353309	-0.07322561	0.059068892
-0.019913135	0.020262888	-0.043399382	0.022300381	-0.01623335	0.07396361	-0.050775394	0.033506457	-0.026600443	0.0150891505	-0.07060291	0.041083183	-0.042888954	0.037644863	-0.02012657	0.060812958	-0.051226933	0.047115188	-0.03180912	0.020801807	-0.13577333	0.15093517	-0.11615487	0.110016905	-0.113789	0.26118878	-0.41673163	0.2816729	-0.10799551	0.062186603	-0.31575835	0.999999	-0.48090613	0.11573443	-0.08393865	0.2461615	-0.6180192	0.1402919	-0.08551376	0.068135954	-0.1517665	0.15632516	-0.13375399	0.075735666	-0.060484417
0.025266867	-0.025736699	0.054794032	-0.028263425	0.020693986	-0.094670236	0.06386298	-0.042341467	0.03368442	-0.019251727	0.08613197	-0.051547356	0.0543047	-0.048354834	0.025889333	-0.074242674	0.063582405	-0.06040818	0.04103527	-0.02682176	0.15459763	-0.17662877	0.16302769	-0.1619688	0.14851716	-0.31225762	0.30364951	-0.65072876	0.16980217	-0.085338674	0.21976176	-0.48090613	0.999999	-0.19769195	0.11172959	-0.21505876	0.26805112	-0.1941934	0.11513315	-0.09395402	0.11466741	-0.1250044	0.15856375	-0.10292821	0.07994322
-0.01966931	0.020011805	-0.04405387	0.02298152	-0.017539268	0.07164285	-0.050909437	0.03417392	-0.027428964	0.01628734	-0.06687172	0.041145716	-0.04524653	0.041184165	-0.023732163	0.05570472	-0.05085357	0.051727094	-0.03687141	0.024613751	-0.112571366	0.11686252	-0.22205518	0.2150829	-0.18285416	0.14287344	-0.14750372	0.18773821	-0.8342202	0.14245908	-0.1141342	0.11573443	-0.19769195	0.999999	-0.18248464	0.09178212	-0.12420001	0.12381569	-0.23494548	0.14171527	-0.05568031	0.05565979	-0.12391655	0.1430361	-0.11198249
0.028044533	-0.028501533	0.0588191	-0.03070725	0.024518618	-0.109740146	0.066757165	-0.044195715	0.036623526	-0.022828327	0.07519815	-0.04975151	0.054277856	-0.049434993	0.033251062	-0.06034581	0.058270767	-0.05860532	0.04143971	-0.03534757	0.08934803	-0.09671609	0.12240245	-0.14031805	0.3112741	-0.14040579	0.10654793	-0.120198056	0.15653694	-0.7770251	0.0989334	-0.08393865	0.11172959	-0.18248464	0.999999	-0.08076705	0.09310849	-0.081269376	0.105484486	-0.12779032	0.045729954	-0.045900404	0.08288596	-0.09034591	0.090292476
-0.019154863	0.019452302	-0.041676603	0.021308526	-0.015536321	0.07112911	-0.048500348	0.031852003	-0.025467495	0.014412661	-0.065252356	0.03832393	-0.040216476	0.035010874	-0.019084312	0.054700714	-0.047187448	0.043414712	-0.029378477	0.01967899	-0.111277185	0.116181694	-0.094294675	0.090367034	-0.11067238	0.22602843	-0.20287184	0.17830658	-0.08590668	0.058039308	-0.73070216	0.2461615	-0.21505876	0.09178212	-0.08076705	0.9999987	-0.42251846	0.11768004	-0.07527205	0.06116516	-0.3267039	0.2329276	-0.12270025	0.06793524	-0.05543006
0.022676053	-0.023089673	0.04884157	-0.025101056	0.01826897	-0.08542098	0.056958582	-0.03759913	0.029926907	-0.016988004	0.07679548	-0.045674037	0.047737785	-0.04210229	0.022509865	-0.06618797	0.056227565	-0.052354403	0.035308976	-0.023290738	0.13696161	-0.15630262	0.119000584	-0.11829941	0.1257615	-0.30637667	0.2552354	-0.26404497	0.11120738	-0.06880573	0.2854298	-0.6180192	0.26805112	-0.12420001	0.09310849	-0.42251846	0.99999875	-0.20144053	0.10140228	-0.082041934	0.21946695	-0.30563352	0.16086984	-0.09219453	0.07188505
-0.013090726	0.013312766	-0.02845798	0.014680122	-0.010931342	0.048944436	-0.0329662	0.021828532	-0.017521668	0.010151774	-0.043070957	0.026112156	-0.027821088	0.024730753	-0.013919004	0.036176246	-0.03193463	0.030607415	-0.021035543	0.014410819	-0.070808	0.07685304	-0.08097195	0.07956648	-0.09182425	0.13191088	-0.11886806	0.14399378	-0.11274891	0.05984497	-0.1158677	0.1402919	-0.1941934	0.12381569	-0.081269376	0.11768004	-0.20144053	0.99999875	-0.33871356	0.18544604	-0.08113732	0.087519385	-0.8320786	0.23945549	-0.18404062
0.012045197	-0.012249562	0.026262674	-0.013617269	0.010320961	-0.04504106	0.030286899	-0.020142443	0.016251039	-0.009586783	0.03862462	-0.023891503	0.025802154	-0.023219924	0.013496425	-0.032126155	0.029069265	-0.028648254	0.0199827	-0.014021347	0.06054324	-0.06500197	0.08545961	-0.08732648	0.09854376	-0.09956103	0.08745084	-0.10853629	0.16320625	-0.080175154	0.07990802	-0.08551376	0.11513315	-0.23494548	0.105484486	-0.07527205	0.10140228	-0.33871356	0.9999989	-0.5788343	0.047132052	-0.04995247	0.25171793	-0.5877751	0.31522098
-0.010766294	0.0109431725	-0.023460181	0.0121739805	-0.009318324	0.040294774	-0.02699534	0.017939592	-0.014533841	0.00865077	-0.034023914	0.021139773	-0.022890309	0.020575749	-0.012322585	0.02807084	-0.025639735	0.0252786	-0.017685069	0.012812285	-0.051745813	0.054825984	-0.07357267	0.07317926	-0.0972936	0.08241589	-0.073106475	0.086505055	-0.13276604	0.0859249	-0.06785145	0.068135954	-0.09395402	0.14171527	-0.12779032	0.06116516	-0.082041934	0.18544604	-0.5788343	0.9999989	-0.039165325	0.040611405	-0.21045242	0.32523024	-0.6882622
0.011008846	-0.011197793	0.0237272	-0.012164407	0.0088647995	-0.04140096	0.027610846	-0.018181141	0.014518615	-0.008234543	0.036789052	-0.021902744	0.02296302	-0.020152448	0.010890811	-0.031237833	0.02686605	-0.024970222	0.016873162	-0.011252596	0.062817916	-0.068697706	0.054522403	-0.053656507	0.06201117	-0.13682036	0.109488145	-0.10786206	0.05061302	-0.033283006	0.19411966	-0.1517665	0.11466741	-0.05568031	0.045729954	-0.3267039	0.21946695	-0.08113732	0.047132052	-0.039165325	0.999999	-0.88512754	0.08078086	-0.044714537	0.03464019
-0.010752965	0.010931218	-0.023293685	0.011936672	-0.008709777	0.040187143	-0.027112367	0.017844675	-0.014253291	0.008086944	-0.036347326	0.021512162	-0.02257211	0.019765953	-0.010728672	0.030734608	-0.02645386	0.024515994	-0.016587522	0.011077941	-0.062445328	0.06735742	-0.054500043	0.052949317	-0.06195839	0.12935205	-0.11573397	0.10771293	-0.05120482	0.0333198	-0.20975284	0.15632516	-0.1250044	0.05565979	-0.045900404	0.2329276	-0.30563352	0.087519385	-0.04995247	0.040611405	-0.88512754	0.999999	-0.09333629	0.04693191	-0.0365728
0.013894015	-0.014135534	0.029992867	-0.015467214	0.0114932805	-0.052366707	0.034722213	-0.02298142	0.018454762	-0.010678592	0.0449181	-0.027414517	0.029164448	-0.025960116	0.014540649	-0.037808307	0.033393633	-0.03204379	0.021973995	-0.015068807	0.07267878	-0.07976201	0.08072044	-0.08130841	0.09372651	-0.14205028	0.11593996	-0.14698887	0.10635065	-0.061807502	0.11353309	-0.13375399	0.15856375	-0.12391655	0.08288596	-0.12270025	0.16086984	-0.8320786	0.25171793	-0.21045242	0.08078086	-0.09333629	0.999999	-0.34253052	0.18402837
-0.010614474	0.010790012	-0.023206137	0.01202127	-0.009112253	0.03954228	-0.026766727	0.017784635	-0.014352399	0.008458607	-0.034261446	0.02109568	-0.022773739	0.020410672	-0.011919998	0.0284096	-0.02569714	0.025195517	-0.017557714	0.012361605	-0.05368171	0.057005398	-0.074479334	0.07327736	-0.08807062	0.08778059	-0.078128174	0.09329071	-0.13415544	0.066045426	-0.07322561	0.075735666	-0.10292821	0.1430361	-0.09034591	0.06793524	-0.09219453	0.23945549	-0.5877751	0.32523024	-0.044714537	0.04693191	-0.34253052	0.999999	-0.61547047
0.009294046	-0.009448495	0.020133067	-0.010429839	0.007934759	-0.034991	0.023172215	-0.015377034	0.012449866	-0.007369088	0.02908921	-0.018098736	0.019526819	-0.017524702	0.010358548	-0.024057692	0.021900406	-0.021496687	0.0149679445	-0.010772747	0.043971695	-0.04709923	0.058834728	-0.05962829	0.077565126	-0.07392706	0.062924586	-0.07574715	0.09671706	-0.06760893	0.059068892	-0.060484417	0.07994322	-0.11198249	0.090292476	-0.05543006	0.07188505	-0.18404062	0.31522098	-0.6882622	0.03464019	-0.0365728	0.18402837	-0.61547047	0.999999
