1.0	-0.8970731	0.23765814	-0.23618847	0.13064529	-0.12628572	0.09696963	-0.1658741	0.1287889	-0.1268949	0.072891295	-0.09561457	0.102664106	-0.1519969	0.11894681	-0.06068271	0.079701446	-0.08736028	0.07737065	-0.04351761	0.06887771	-0.06147679	0.06617217	-0.08578899	0.04716894	-0.04536511	0.046176884	-0.05859938	0.051701676	-0.071309835	0.0425175	-0.04384047	0.050407942	-0.042066917	0.051218826	-0.051042814	0.03990087	-0.03884326	0.026358131	-0.026606362	0.027000273	-0.031277493	0.06063373	-0.015035054	0.012990507
-0.8970731	1.0000001	-0.33139214	0.19651796	-0.118803404	0.09892635	-0.08707268	0.13413	-0.110812254	0.10436633	-0.06167453	0.07888618	-0.08709642	0.12008487	-0.10330748	0.050269436	-0.06710041	0.07144651	-0.063580975	0.036490764	-0.05761946	0.05062325	-0.054879494	0.06914693	-0.039899513	0.037392236	-0.038162578	0.048040275	-0.04248196	0.05781181	-0.03520799	0.036061253	-0.04164973	0.03443764	-0.042278685	0.041673377	-0.032883264	0.03187333	-0.02163082	0.021761736	-0.022181602	0.025642073	-0.05028564	0.012307971	-0.010647728
0.23765814	-0.33139214	1.0000004	-0.7515232	0.23216438	-0.120499425	0.100437514	-0.31634396	0.24706756	-0.22525364	0.088882476	-0.11855826	0.16033368	-0.25786737	0.17980376	-0.0779478	0.10491595	-0.12916303	0.118531406	-0.06513124	0.09534034	-0.08575741	0.09455916	-0.12779267	0.070465885	-0.06297252	0.06457492	-0.08293563	0.07368258	-0.10031349	0.05923894	-0.061132636	0.07093855	-0.05961807	0.0725465	-0.07113479	0.05589454	-0.054460235	0.03715326	-0.037435282	0.03771716	-0.043679025	0.084939264	-0.021155048	0.018283634
-0.23618847	0.19651796	-0.7515232	1.0000004	-0.35414577	0.1070056	-0.0917884	0.24282159	-0.36066177	0.23781724	-0.084038034	0.107457325	-0.15349719	0.23758413	-0.19485343	0.07262066	-0.099473126	0.11876886	-0.11552751	0.06599573	-0.09257002	0.08121261	-0.09063789	0.11939124	-0.072286285	0.060119357	-0.06183276	0.07858888	-0.07073881	0.09501606	-0.05700843	0.058258135	-0.06833861	0.056935802	-0.07030925	0.06763795	-0.05377926	0.052016646	-0.035637148	0.035749357	-0.036204267	0.041809354	-0.0831056	0.02022823	-0.017516999
0.13064529	-0.118803404	0.23216438	-0.35414577	1.0000001	-0.13802673	0.11028154	-0.29744902	0.29307812	-0.732685	0.1062783	-0.1420562	0.18045656	-0.33024597	0.2589892	-0.09547512	0.12696904	-0.15811616	0.1511522	-0.09410411	0.122030586	-0.1105359	0.120130874	-0.17143662	0.09720341	-0.08258046	0.08405403	-0.108873904	0.098296106	-0.14054579	0.077510424	-0.08045176	0.09365191	-0.080288604	0.09729222	-0.0969782	0.074760586	-0.072962075	0.050099947	-0.050823588	0.051108688	-0.05937524	0.11629082	-0.02869054	0.024756912
-0.12628572	0.09892635	-0.120499425	0.1070056	-0.13802673	1.0	-0.75290334	0.19376163	-0.12507653	0.11596572	-0.3613509	0.3115187	-0.20523728	0.14912257	-0.20360686	0.20722896	-0.2746214	0.17069404	-0.12471163	0.06996034	-0.16337846	0.13365015	-0.13764025	0.12973593	-0.07915095	0.09593377	-0.0975573	0.11327062	-0.09461679	0.119887136	-0.089886874	0.089530036	-0.09921167	0.07585627	-0.09445823	0.094249524	-0.076936126	0.0737713	-0.04829187	0.047983248	-0.05075632	0.058174748	-0.112538	0.027211377	-0.023616495
0.09696963	-0.08707268	0.100437514	-0.0917884	0.11028154	-0.75290334	0.9999998	-0.20781082	0.10966169	-0.09701896	0.23265126	-0.52115697	0.18051824	-0.1311534	0.15267606	-0.17286262	0.21469116	-0.1494167	0.10379401	-0.055064887	0.12345652	-0.10843377	0.110262305	-0.109984204	0.061564777	-0.07592617	0.076989084	-0.09186067	0.075583175	-0.09718274	0.06994632	-0.07135722	0.0779484	-0.06085605	0.07415405	-0.07531561	0.06040077	-0.05869679	0.038358945	-0.03834666	0.03995063	-0.046018805	0.08588009	-0.021700813	0.018778978
-0.1658741	0.13413	-0.31634396	0.24282159	-0.29744902	0.19376163	-0.20781082	0.9999999	-0.4472323	0.24470155	-0.16825889	0.21552616	-0.5184147	0.29968247	-0.33199376	0.14247912	-0.20645192	0.25206405	-0.2072936	0.11041088	-0.17791168	0.15425201	-0.18220496	0.19824159	-0.12512073	0.11119891	-0.11635565	0.14624012	-0.12779841	0.16111818	-0.10620832	0.107374534	-0.12656377	0.101220824	-0.1263953	0.1190797	-0.09755062	0.0939565	-0.06350145	0.06303839	-0.064477496	0.07409197	-0.14723688	0.03573253	-0.031023474
0.1287889	-0.110812254	0.24706756	-0.36066177	0.29307812	-0.12507653	0.10966169	-0.4472323	0.9999997	-0.4306359	0.10289264	-0.13415404	0.2106642	-0.606797	0.24512988	-0.09072416	0.12577964	-0.16303529	0.17284304	-0.08584776	0.11496264	-0.10241719	0.11632947	-0.170547	0.09350456	-0.07462796	0.07734865	-0.099515975	0.08992744	-0.11740369	0.07071122	-0.07250059	0.0850884	-0.07172759	0.08765738	-0.082963586	0.06636589	-0.06446072	0.04435408	-0.044400156	0.04439458	-0.05126333	0.10081138	-0.02511285	0.021739919
-0.1268949	0.10436633	-0.22525364	0.23781724	-0.732685	0.11596572	-0.09701896	0.24470155	-0.4306359	0.9999996	-0.095242485	0.12155322	-0.16926438	0.2742031	-0.35757115	0.08372597	-0.11420626	0.1377414	-0.13941172	0.09930349	-0.11134661	0.09766787	-0.10834527	0.14844057	-0.10506194	0.073244244	-0.07505411	0.095859386	-0.08773853	0.12174755	-0.069493935	0.071152255	-0.083935335	0.07094957	-0.08777555	0.08459281	-0.06660634	0.06438824	-0.04444679	0.044738263	-0.045211103	0.052287437	-0.105096005	0.02530364	-0.021900581
0.072891295	-0.06167453	0.088882476	-0.084038034	0.1062783	-0.3613509	0.23265126	-0.16825889	0.10289264	-0.095242485	0.99999976	-0.43694338	0.18415347	-0.13699536	0.1556486	-0.70093966	0.31007767	-0.19240104	0.12056401	-0.0603666	0.16788474	-0.15115578	0.13802257	-0.13217981	0.06675923	-0.105301715	0.10055833	-0.11789244	0.09212038	-0.12024635	0.09032826	-0.09485116	0.096171394	-0.074818276	0.08826884	-0.09597483	0.07464502	-0.073840305	0.046937183	-0.047307316	0.049495246	-0.057356566	0.098803505	-0.026697231	0.023000116
-0.09561457	0.07888618	-0.11855826	0.107457325	-0.1420562	0.3115187	-0.52115697	0.21552616	-0.13415404	0.12155322	-0.43694338	0.99999976	-0.3188129	0.16575673	-0.21069314	0.26957962	-0.47270378	0.23251978	-0.15179987	0.076227814	-0.18810572	0.16387244	-0.16899763	0.15365268	-0.085873045	0.11121183	-0.114944115	0.13405193	-0.10845478	0.13519676	-0.102987245	0.10408425	-0.11317537	0.08644568	-0.105365604	0.10641364	-0.08658578	0.08402479	-0.054428466	0.054147214	-0.056659397	0.065092176	-0.120305926	0.03065884	-0.026551383
0.102664106	-0.08709642	0.16033368	-0.15349719	0.18045656	-0.20523728	0.18051824	-0.5184147	0.2106642	-0.16926438	0.18415347	-0.3188129	0.9999994	-0.27769396	0.23399992	-0.17849836	0.2486035	-0.57784814	0.23004515	-0.0965733	0.17682953	-0.18426864	0.2130564	-0.2414642	0.10567207	-0.11845761	0.12535107	-0.17281693	0.1324155	-0.1661943	0.10867724	-0.1161861	0.12897035	-0.10616675	0.12199486	-0.1225947	0.09729682	-0.098212466	0.06408864	-0.06444552	0.063771576	-0.07413083	0.1295621	-0.036313828	0.031245785
-0.1519969	0.12008487	-0.25786737	0.23758413	-0.33024597	0.14912257	-0.1311534	0.29968247	-0.606797	0.2742031	-0.13699536	0.16575673	-0.27769396	0.9999993	-0.37566757	0.118898265	-0.17071399	0.21306892	-0.32969084	0.12524952	-0.16225524	0.13911103	-0.16273072	0.23773183	-0.14291649	0.102552764	-0.107118085	0.13583437	-0.12732913	0.15903156	-0.098486595	0.09943416	-0.119061776	0.09971696	-0.12480182	0.11292216	-0.09235175	0.08872014	-0.06186162	0.06135236	-0.061356023	0.070515454	-0.14281817	0.03477493	-0.030211717
0.11894681	-0.10330748	0.17980376	-0.19485343	0.2589892	-0.20360686	0.15267606	-0.33199376	0.24512988	-0.35757115	0.1556486	-0.21069314	0.23399992	-0.37566757	0.9999992	-0.14384545	0.18639563	-0.23325388	0.22484702	-0.32745054	0.19448468	-0.1790186	0.18921012	-0.2987071	0.23427473	-0.13794783	0.13854004	-0.18290171	0.17076801	-0.27327088	0.12887946	-0.13530059	0.15854351	-0.14201987	0.17098078	-0.17473447	0.12986097	-0.12716754	0.08859344	-0.09108989	0.09111962	-0.106491625	0.21242641	-0.05130471	0.04412949
-0.06068271	0.050269436	-0.0779478	0.07262066	-0.09547512	0.20722896	-0.17286262	0.14247912	-0.09072416	0.08372597	-0.70093966	0.26957962	-0.17849836	0.118898265	-0.14384545	0.99999917	-0.5643525	0.18985087	-0.11679341	0.055046994	-0.20003468	0.15388125	-0.14051092	0.11910958	-0.06155154	0.10483072	-0.100870885	0.11215376	-0.08631321	0.10808472	-0.089602895	0.09182185	-0.09167039	0.06902258	-0.081769295	0.088266455	-0.070067495	0.068937495	-0.043302167	0.043321285	-0.045843765	0.052867375	-0.09058589	0.024471818	-0.021112518
0.079701446	-0.06710041	0.10491595	-0.099473126	0.12696904	-0.2746214	0.21469116	-0.20645192	0.12577964	-0.11420626	0.31007767	-0.47270378	0.2486035	-0.17071399	0.18639563	-0.5643525	0.99999946	-0.39077136	0.17202225	-0.07584162	0.20267692	-0.23625399	0.19786061	-0.18227392	0.083619565	-0.12833643	0.1334511	-0.15782933	0.117545165	-0.14730066	0.11268043	-0.12088184	0.121542245	-0.09434289	0.108999014	-0.11636289	0.09204187	-0.09207067	0.058058824	-0.058316574	0.060103036	-0.06963218	0.11748407	-0.032882083	0.028297475
-0.08736028	0.07144651	-0.12916303	0.11876886	-0.15811616	0.17069404	-0.1494167	0.25206405	-0.16303529	0.1377414	-0.19240104	0.23251978	-0.57784814	0.21306892	-0.23325388	0.18985087	-0.39077136	0.99999946	-0.39017358	0.098314315	-0.1983829	0.20877747	-0.3605324	0.25416058	-0.111236505	0.12614575	-0.14154297	0.19569741	-0.1465863	0.16512153	-0.11756922	0.12432797	-0.143355	0.111437276	-0.12877253	0.12430457	-0.102890044	0.10356849	-0.06686411	0.06619239	-0.065488584	0.075708866	-0.13103913	0.037356507	-0.032227088
0.07737065	-0.063580975	0.118531406	-0.11552751	0.1511522	-0.12471163	0.10379401	-0.2072936	0.17284304	-0.13941172	0.12056401	-0.15179987	0.23004515	-0.32969084	0.22484702	-0.11679341	0.17202225	-0.39017358	0.9999992	-0.14599235	0.141621	-0.13991724	0.17291425	-0.75297916	0.153337	-0.093863145	0.10125914	-0.14361008	0.14385313	-0.1565108	0.08808115	-0.09295482	0.10923141	-0.10848579	0.117296524	-0.09967252	0.08129019	-0.08157723	0.059480656	-0.059193067	0.052679967	-0.06101514	0.110017866	-0.03329633	0.028639497
-0.04351761	0.036490764	-0.06513124	0.06599573	-0.09410411	0.06996034	-0.055064887	0.11041088	-0.08584776	0.09930349	-0.0603666	0.076227814	-0.0965733	0.12524952	-0.32745054	0.055046994	-0.07584162	0.098314315	-0.14599235	0.99999946	-0.07727859	0.06959757	-0.07902521	0.17530161	-0.895581	0.052227333	-0.054232135	0.07229246	-0.07597942	0.10792547	-0.04955537	0.05135046	-0.06176988	0.059137374	-0.07426732	0.061701246	-0.048492093	0.047446627	-0.03520469	0.035282943	-0.0327152	0.037955444	-0.07417984	0.019898934	-0.017223855
0.06887771	-0.05761946	0.09534034	-0.09257002	0.122030586	-0.16337846	0.12345652	-0.17791168	0.11496264	-0.11134661	0.16788474	-0.18810572	0.17682953	-0.16225524	0.19448468	-0.20003468	0.20267692	-0.1983829	0.141621	-0.07727859	0.9999995	-0.5355024	0.26644403	-0.16644646	0.08539522	-0.5005866	0.28382245	-0.26206514	0.17244498	-0.23064318	0.2715876	-0.29027113	0.20546415	-0.1433321	0.15936816	-0.2314601	0.16446617	-0.16632411	0.092095435	-0.09402435	0.11088585	-0.1292394	0.17784038	-0.052819856	0.045086455
-0.06147679	0.05062325	-0.08575741	0.08121261	-0.1105359	0.13365015	-0.10843377	0.15425201	-0.10241719	0.09766787	-0.15115578	0.16387244	-0.18426864	0.13911103	-0.1790186	0.15388125	-0.23625399	0.20877747	-0.13991724	0.06959757	-0.5355024	0.9999996	-0.5192572	0.15006904	-0.07814353	0.2550794	-0.43410146	0.27332672	-0.17001301	0.18527552	-0.23780371	0.24890512	-0.20850006	0.1294615	-0.14572072	0.17187269	-0.1463379	0.14403768	-0.08077881	0.07950615	-0.089264944	0.10149189	-0.14866549	0.044871975	-0.038596943
0.06617217	-0.054879494	0.09455916	-0.09063789	0.120130874	-0.13764025	0.110262305	-0.18220496	0.11632947	-0.10834527	0.13802257	-0.16899763	0.2130564	-0.16273072	0.18921012	-0.14051092	0.19786061	-0.3605324	0.17291425	-0.07902521	0.26644403	-0.5192572	0.9999995	-0.19398323	0.08771491	-0.19586988	0.24373958	-0.5525421	0.21034019	-0.22710693	0.17395546	-0.20841463	0.22466704	-0.16562238	0.16382858	-0.18206337	0.1479227	-0.16727889	0.092735134	-0.0930428	0.09127101	-0.107630804	0.15043436	-0.05205852	0.044231236
-0.08578899	0.06914693	-0.12779267	0.11939124	-0.17143662	0.12973593	-0.109984204	0.19824159	-0.170547	0.14844057	-0.13217981	0.15365268	-0.2414642	0.23773183	-0.2987071	0.11910958	-0.18227392	0.25416058	-0.75297916	0.17530161	-0.16644646	0.15006904	-0.19398323	0.9999995	-0.24090998	0.10655928	-0.116074614	0.15927336	-0.20368147	0.1822525	-0.102369905	0.10518449	-0.12961045	0.13191159	-0.14927189	0.11420729	-0.09581227	0.09427948	-0.07252962	0.0706684	-0.061549217	0.07084856	-0.1331622	0.03987966	-0.03452508
0.04716894	-0.039899513	0.070465885	-0.072286285	0.09720341	-0.07915095	0.061564777	-0.12512073	0.09350456	-0.10506194	0.06675923	-0.085873045	0.10567207	-0.14291649	0.23427473	-0.06155154	0.083619565	-0.111236505	0.153337	-0.895581	0.08539522	-0.07814353	0.08771491	-0.24090998	0.9999995	-0.058541108	0.060616046	-0.08191485	0.086247995	-0.12918456	0.05527224	-0.057685997	0.06898231	-0.067704946	0.08307125	-0.06979809	0.054308042	-0.053446505	0.039710905	-0.040004563	0.036783382	-0.042772625	0.0827896	-0.02252548	0.01944897
-0.04536511	0.037392236	-0.06297252	0.060119357	-0.08258046	0.09593377	-0.07592617	0.11119891	-0.07462796	0.073244244	-0.105301715	0.11121183	-0.11845761	0.102552764	-0.13794783	0.10483072	-0.12833643	0.12614575	-0.093863145	0.052227333	-0.5005866	0.2550794	-0.19586988	0.10655928	-0.058541108	0.99999934	-0.40919438	0.19249628	-0.1278038	0.14843285	-0.64961094	0.3041529	-0.17813188	0.1010801	-0.11651211	0.18056005	-0.14184786	0.12915106	-0.06699001	0.06599201	-0.092642926	0.09910496	-0.13547269	0.037330348	-0.032132108
0.046176884	-0.038162578	0.06457492	-0.06183276	0.08405403	-0.0975573	0.076989084	-0.11635565	0.07734865	-0.07505411	0.10055833	-0.114944115	0.12535107	-0.107118085	0.13854004	-0.100870885	0.1334511	-0.14154297	0.10125914	-0.054232135	0.28382245	-0.43410146	0.24373958	-0.116074614	0.060616046	-0.40919438	0.9999991	-0.33067602	0.15347639	-0.16776513	0.29756698	-0.63017476	0.20589489	-0.12051452	0.12669908	-0.17662813	0.14697535	-0.14974262	0.074181445	-0.07358145	0.08825103	-0.10097162	0.13022749	-0.041363537	0.03529093
-0.05859938	0.048040275	-0.08293563	0.07858888	-0.108873904	0.11327062	-0.09186067	0.14624012	-0.099515975	0.095859386	-0.11789244	0.13405193	-0.17281693	0.13583437	-0.18290171	0.11215376	-0.15782933	0.19569741	-0.14361008	0.07229246	-0.26206514	0.27332672	-0.5525421	0.15927336	-0.08191485	0.19249628	-0.33067602	0.9999991	-0.3897107	0.24005413	-0.19054334	0.22013512	-0.42208892	0.2062293	-0.20534559	0.1891959	-0.18586738	0.20673853	-0.11257262	0.10641191	-0.100412644	0.11658912	-0.16053616	0.059819624	-0.051220555
0.051701676	-0.04248196	0.07368258	-0.07073881	0.098296106	-0.09461679	0.075583175	-0.12779841	0.08992744	-0.08773853	0.09212038	-0.10845478	0.1324155	-0.12732913	0.17076801	-0.08631321	0.117545165	-0.1465863	0.14385313	-0.07597942	0.17244498	-0.17001301	0.21034019	-0.20368147	0.086247995	-0.1278038	0.15347639	-0.3897107	0.999999	-0.48900086	0.12231863	-0.13829854	0.19113643	-0.6204128	0.31309092	-0.14330664	0.12544928	-0.13982293	0.1612826	-0.1585248	0.07502362	-0.08781663	0.1346172	-0.08687996	0.07189733
-0.071309835	0.05781181	-0.10031349	0.09501606	-0.14054579	0.119887136	-0.09718274	0.16111818	-0.11740369	0.12174755	-0.12024635	0.13519676	-0.1661943	0.15903156	-0.27327088	0.10808472	-0.14730066	0.16512153	-0.1565108	0.10792547	-0.23064318	0.18527552	-0.22710693	0.1822525	-0.12918456	0.14843285	-0.16776513	0.24005413	-0.48900086	0.9999989	-0.14997163	0.15032507	-0.2121429	0.30710867	-0.6071546	0.1678096	-0.15322587	0.14917196	-0.16385804	0.15224974	-0.093738265	0.10684495	-0.20254353	0.08553103	-0.076554365
0.0425175	-0.03520799	0.05923894	-0.05700843	0.077510424	-0.089886874	0.06994632	-0.10620832	0.07071122	-0.069493935	0.09032826	-0.102987245	0.10867724	-0.098486595	0.12887946	-0.089602895	0.11268043	-0.11756922	0.08808115	-0.04955537	0.2715876	-0.23780371	0.17395546	-0.102369905	0.05527224	-0.64961094	0.29756698	-0.19054334	0.12231863	-0.14997163	0.99999905	-0.5608254	0.18366978	-0.10021399	0.11218038	-0.25071767	0.1579479	-0.1457454	0.06800074	-0.067822814	0.10849882	-0.11680628	0.13607453	-0.03823781	0.032685842
-0.04384047	0.036061253	-0.061132636	0.058258135	-0.08045176	0.089530036	-0.07135722	0.107374534	-0.07250059	0.071152255	-0.09485116	0.10408425	-0.1161861	0.09943416	-0.13530059	0.09182185	-0.12088184	0.12432797	-0.09295482	0.05135046	-0.29027113	0.24890512	-0.20841463	0.10518449	-0.057685997	0.3041529	-0.63017476	0.22013512	-0.13829854	0.15032507	-0.5608254	0.9999994	-0.25227284	0.107414424	-0.12118843	0.18897448	-0.18146396	0.16040303	-0.072526194	0.07048824	-0.098874204	0.10865046	-0.13664354	0.039850395	-0.03420631
0.050407942	-0.04164973	0.07093855	-0.06833861	0.09365191	-0.09921167	0.0779484	-0.12656377	0.0850884	-0.083935335	0.096171394	-0.11317537	0.12897035	-0.119061776	0.15854351	-0.09167039	0.121542245	-0.143355	0.10923141	-0.06176988	0.20546415	-0.20850006	0.22466704	-0.12961045	0.06898231	-0.17813188	0.20589489	-0.42208892	0.19113643	-0.2121429	0.18366978	-0.25227284	0.99999917	-0.16936508	0.16379187	-0.3166252	0.2883999	-0.6258663	0.12756178	-0.12497316	0.15187927	-0.19319835	0.18433727	-0.06962591	0.05777384
-0.042066917	0.03443764	-0.05961807	0.056935802	-0.080288604	0.07585627	-0.06085605	0.101220824	-0.07172759	0.07094957	-0.074818276	0.08644568	-0.10616675	0.09971696	-0.14201987	0.06902258	-0.09434289	0.111437276	-0.10848579	0.059137374	-0.1433321	0.1294615	-0.16562238	0.13191159	-0.067704946	0.1010801	-0.12051452	0.2062293	-0.6204128	0.30710867	-0.10021399	0.107414424	-0.16936508	0.9999993	-0.6025882	0.11902673	-0.1108869	0.120257854	-0.26519707	0.19154997	-0.06389532	0.07413122	-0.11610028	0.106404975	-0.09064945
0.051218826	-0.042278685	0.0725465	-0.07030925	0.09729222	-0.09445823	0.07415405	-0.1263953	0.08765738	-0.08777555	0.08826884	-0.105365604	0.12199486	-0.12480182	0.17098078	-0.081769295	0.108999014	-0.12877253	0.117296524	-0.07426732	0.15936816	-0.14572072	0.16382858	-0.14927189	0.08307125	-0.11651211	0.12669908	-0.20534559	0.31309092	-0.6071546	0.11218038	-0.12118843	0.16379187	-0.6025882	0.9999989	-0.145458	0.12150528	-0.1306632	0.19789544	-0.22740701	0.07573109	-0.08875761	0.14255026	-0.115584716	0.096759096
-0.051042814	0.041673377	-0.07113479	0.06763795	-0.0969782	0.094249524	-0.07531561	0.1190797	-0.082963586	0.08459281	-0.09597483	0.10641364	-0.1225947	0.11292216	-0.17473447	0.088266455	-0.11636289	0.12430457	-0.09967252	0.061701246	-0.2314601	0.17187269	-0.18206337	0.11420729	-0.06979809	0.18056005	-0.17662813	0.1891959	-0.14330664	0.1678096	-0.25071767	0.18897448	-0.3166252	0.11902673	-0.145458	0.9999991	-0.5017939	0.2548945	-0.09767948	0.091578536	-0.5033708	0.30595815	-0.2985475	0.052579217	-0.04562192
0.03990087	-0.032883264	0.05589454	-0.05377926	0.074760586	-0.076936126	0.06040077	-0.09755062	0.06636589	-0.06660634	0.07464502	-0.08658578	0.09729682	-0.09235175	0.12986097	-0.070067495	0.09204187	-0.102890044	0.08129019	-0.048492093	0.16446617	-0.1463379	0.1479227	-0.09581227	0.054308042	-0.14184786	0.14697535	-0.18586738	0.12544928	-0.15322587	0.1579479	-0.18146396	0.2883999	-0.1108869	0.12150528	-0.5017939	0.99999875	-0.6097214	0.10504438	-0.10156898	0.24500763	-0.37439007	0.19475666	-0.056895033	0.047241308
-0.03884326	0.03187333	-0.054460235	0.052016646	-0.072962075	0.0737713	-0.05869679	0.0939565	-0.06446072	0.06438824	-0.073840305	0.08402479	-0.098212466	0.08872014	-0.12716754	0.068937495	-0.09207067	0.10356849	-0.08157723	0.047446627	-0.16632411	0.14403768	-0.16727889	0.09427948	-0.053446505	0.12915106	-0.14974262	0.20673853	-0.13982293	0.14917196	-0.1457454	0.16040303	-0.6258663	0.120257854	-0.1306632	0.2548945	-0.6097214	0.9999987	-0.14483117	0.11719343	-0.15723632	0.18348984	-0.17907007	0.06620148	-0.055261206
0.026358131	-0.02163082	0.03715326	-0.035637148	0.050099947	-0.04829187	0.038358945	-0.06350145	0.04435408	-0.04444679	0.046937183	-0.054428466	0.06408864	-0.06186162	0.08859344	-0.043302167	0.058058824	-0.06686411	0.059480656	-0.03520469	0.092095435	-0.08077881	0.092735134	-0.07252962	0.039710905	-0.06699001	0.074181445	-0.11257262	0.1612826	-0.16385804	0.06800074	-0.072526194	0.12756178	-0.26519707	0.19789544	-0.09767948	0.10504438	-0.14483117	0.99999875	-0.77839667	0.05346646	-0.06286303	0.08699378	-0.4087127	0.27474526
-0.026606362	0.021761736	-0.037435282	0.035749357	-0.050823588	0.047983248	-0.03834666	0.06303839	-0.044400156	0.044738263	-0.047307316	0.054147214	-0.06444552	0.06135236	-0.09108989	0.043321285	-0.058316574	0.06619239	-0.059193067	0.035282943	-0.09402435	0.07950615	-0.0930428	0.0706684	-0.040004563	0.06599201	-0.07358145	0.10641191	-0.1585248	0.15224974	-0.067822814	0.07048824	-0.12497316	0.19154997	-0.22740701	0.091578536	-0.10156898	0.11719343	-0.77839667	0.9999994	-0.05173665	0.059590496	-0.08883083	0.2871281	-0.4314611
0.027000273	-0.022181602	0.03771716	-0.036204267	0.051108688	-0.05075632	0.03995063	-0.064477496	0.04439458	-0.045211103	0.049495246	-0.056659397	0.063771576	-0.061356023	0.09111962	-0.045843765	0.060103036	-0.065488584	0.052679967	-0.0327152	0.11088585	-0.089264944	0.09127101	-0.061549217	0.036783382	-0.092642926	0.08825103	-0.100412644	0.07502362	-0.093738265	0.10849882	-0.098874204	0.15187927	-0.06389532	0.07573109	-0.5033708	0.24500763	-0.15723632	0.05346646	-0.05173665	0.99999946	-0.7856877	0.18529202	-0.029496357	0.025244212
-0.031277493	0.025642073	-0.043679025	0.041809354	-0.05937524	0.058174748	-0.046018805	0.07409197	-0.05126333	0.052287437	-0.057356566	0.065092176	-0.07413083	0.070515454	-0.106491625	0.052867375	-0.06963218	0.075708866	-0.06101514	0.037955444	-0.1292394	0.10149189	-0.107630804	0.07084856	-0.042772625	0.09910496	-0.10097162	0.11658912	-0.08781663	0.10684495	-0.11680628	0.10865046	-0.19319835	0.07413122	-0.08875761	0.30595815	-0.37439007	0.18348984	-0.06286303	0.059590496	-0.7856877	0.9999993	-0.26981577	0.034135975	-0.029356103
0.06063373	-0.05028564	0.084939264	-0.0831056	0.11629082	-0.112538	0.08588009	-0.14723688	0.10081138	-0.105096005	0.098803505	-0.120305926	0.1295621	-0.14281817	0.21242641	-0.09058589	0.11748407	-0.13103913	0.110017866	-0.07417984	0.17784038	-0.14866549	0.15043436	-0.1331622	0.0827896	-0.13547269	0.13022749	-0.16053616	0.1346172	-0.20254353	0.13607453	-0.13664354	0.18433727	-0.11610028	0.14255026	-0.2985475	0.19475666	-0.17907007	0.08699378	-0.08883083	0.18529202	-0.26981577	0.99999946	-0.05159205	0.044147737
-0.015035054	0.012307971	-0.021155048	0.02022823	-0.02869054	0.027211377	-0.021700813	0.03573253	-0.02511285	0.02530364	-0.026697231	0.03065884	-0.036313828	0.03477493	-0.05130471	0.024471818	-0.032882083	0.037356507	-0.03329633	0.019898934	-0.052819856	0.044871975	-0.05205852	0.03987966	-0.02252548	0.037330348	-0.041363537	0.059819624	-0.08687996	0.08553103	-0.03823781	0.039850395	-0.06962591	0.106404975	-0.115584716	0.052579217	-0.056895033	0.06620148	-0.4087127	0.2871281	-0.029496357	0.034135975	-0.05159205	0.99999946	-0.8522955
0.012990507	-0.010647728	0.018283634	-0.017516999	0.024756912	-0.023616495	0.018778978	-0.031023474	0.021739919	-0.021900581	0.023000116	-0.026551383	0.031245785	-0.030211717	0.04412949	-0.021112518	0.028297475	-0.032227088	0.028639497	-0.017223855	0.045086455	-0.038596943	0.044231236	-0.03452508	0.01944897	-0.032132108	0.03529093	-0.051220555	0.07189733	-0.076554365	0.032685842	-0.03420631	0.05777384	-0.09064945	0.096759096	-0.04562192	0.047241308	-0.055261206	0.27474526	-0.4314611	0.025244212	-0.029356103	0.044147737	-0.8522955	0.99999946
