1.0	-0.5269231	0.1953896	-0.13423136	0.11927704	-0.6759707	0.26513943	-0.17991376	0.14287384	-0.107479	0.27519554	-0.22839685	0.16797517	-0.13986567	0.13862033	-0.26971996	0.16937935	-0.13889346	0.1278337	-0.070907824	0.147562	-0.138885	0.124817125	-0.11170884	0.082016766	-0.07520242	0.08065875	-0.08647369	0.07636692	-0.05617004	0.066415295	-0.095272146	0.06551733	-0.06073739	0.048349306	-0.041882202	0.04452596	-0.04920186	0.04971469	-0.036234863	0.054600608	-0.038932342	0.051164	-0.05392037	0.041775282
-0.5269231	1.0000001	-0.41798916	0.21105316	-0.19621338	0.2837147	-0.46240008	0.27184257	-0.23153402	0.16338818	-0.27733907	0.25702643	-0.2645906	0.2037165	-0.21555986	0.22030802	-0.21988136	0.18264912	-0.18108658	0.10320676	-0.17402318	0.15503609	-0.16773908	0.1461361	-0.121145085	0.08887306	-0.09603763	0.10636216	-0.09740388	0.070056416	-0.08148848	0.11086982	-0.082144044	0.07593829	-0.061251845	0.05169949	-0.05570083	0.061395332	-0.06269435	0.04554413	-0.06853104	0.04853559	-0.06460627	0.06702782	-0.05278714
0.1953896	-0.41798916	0.9999996	-0.46361548	0.23548041	-0.17808053	0.28372487	-0.56691176	0.2862159	-0.2135902	0.1662505	-0.2366366	0.2652453	-0.25450194	0.21068224	-0.17180188	0.17201865	-0.17762758	0.16852078	-0.10112464	0.13187729	-0.12948687	0.146868	-0.14034066	0.11237401	-0.076762445	0.082712024	-0.09650152	0.0874398	-0.06478711	0.06908634	-0.098716244	0.07303829	-0.06902449	0.055393063	-0.04464606	0.0481355	-0.054954	0.056521006	-0.041354876	0.05876863	-0.042412367	0.057059307	-0.06158459	0.047698732
-0.13423136	0.21105316	-0.46361548	0.9999999	-0.56213987	0.11730775	-0.20005982	0.25506037	-0.49890333	0.27484146	-0.122540176	0.1660621	-0.24734284	0.24752232	-0.260252	0.12410143	-0.1348866	0.14771803	-0.15804762	0.10409033	-0.10333064	0.10064887	-0.12654328	0.12125025	-0.11599043	0.06118861	-0.06622412	0.07911763	-0.0731132	0.053242713	-0.05559068	0.078620374	-0.060124323	0.05697209	-0.045701154	0.036080476	-0.0391179	0.044967696	-0.04653608	0.034009147	-0.04772708	0.03447707	-0.046805367	0.050413292	-0.03924224
0.11927704	-0.19621338	0.23548041	-0.56213987	0.9999997	-0.106383264	0.1621142	-0.19303611	0.26978093	-0.621365	0.11330722	-0.1579051	0.19585371	-0.22238813	0.28224	-0.120283276	0.1259491	-0.13905053	0.14433111	-0.11491137	0.09914323	-0.09779969	0.11940831	-0.11857038	0.119693935	-0.06212547	0.06641093	-0.080259606	0.073386244	-0.055698566	0.056287184	-0.0802908	0.061071485	-0.058176953	0.047412787	-0.036947783	0.04008118	-0.04639588	0.048146907	-0.035348278	0.048844498	-0.035488635	0.048149697	-0.052850943	0.040866617
-0.6759707	0.2837147	-0.17808053	0.11730775	-0.106383264	0.9999996	-0.35353932	0.16988869	-0.13246013	0.09449501	-0.50352734	0.20837489	-0.15790598	0.12539698	-0.12319532	0.24716458	-0.16456051	0.12597156	-0.117050305	0.06316236	-0.1452916	0.12671696	-0.11503196	0.09995878	-0.07329494	0.06710025	-0.0725085	0.076416865	-0.06801605	0.04900351	-0.05983398	0.08374583	-0.058158845	0.053581614	-0.042493034	0.03733325	-0.039711114	0.043374993	-0.043745413	0.031787846	-0.04881907	0.034551624	-0.04531128	0.04703762	-0.03666792
0.26513943	-0.46240008	0.28372487	-0.20005982	0.1621142	-0.35353932	0.99999946	-0.49438074	0.22024535	-0.15099162	0.23204093	-0.45536566	0.25010723	-0.2116479	0.17954102	-0.22663388	0.23132916	-0.1895142	0.16865551	-0.092012025	0.16215709	-0.15921116	0.15797254	-0.14293748	0.104555264	-0.085638516	0.09328219	-0.102894574	0.09209869	-0.06680041	0.07648815	-0.10913706	0.07771796	-0.07250681	0.057480905	-0.048463963	0.05184661	-0.05797933	0.058967542	-0.042975552	0.06348475	-0.04538841	0.060307503	-0.06374457	0.049500264
-0.17991376	0.27184257	-0.56691176	0.25506037	-0.19303611	0.16988869	-0.49438074	0.9999996	-0.38686514	0.17259562	-0.1583039	0.22800626	-0.40443352	0.2568222	-0.18877935	0.15336409	-0.17051284	0.17640495	-0.16618343	0.09091827	-0.12270257	0.119541466	-0.14182332	0.13136481	-0.10185544	0.06859399	-0.07477613	0.08686931	-0.079389386	0.05706645	-0.061907265	0.08783153	-0.065591455	0.061834686	-0.04902959	0.039705098	-0.042822815	0.048764423	-0.050104447	0.03655036	-0.05230314	0.03762233	-0.050715167	0.054103106	-0.042085957
0.14287384	-0.23153402	0.2862159	-0.49890333	0.26978093	-0.13246013	0.22024535	-0.38686514	0.99999976	-0.3223736	0.13531627	-0.19963776	0.29159686	-0.5430222	0.2480884	-0.14331307	0.15554045	-0.18397193	0.19508965	-0.11356585	0.117853634	-0.11762712	0.14862444	-0.15173969	0.12169635	-0.071118265	0.07712324	-0.09344672	0.08602705	-0.062473875	0.064138904	-0.092106916	0.07019547	-0.06712589	0.053217314	-0.0416769	0.045134738	-0.052378234	0.054215007	-0.039678283	0.05494184	-0.03986967	0.054237314	-0.058935072	0.045624007
-0.107479	0.16338818	-0.2135902	0.27484146	-0.621365	0.09449501	-0.15099162	0.17259562	-0.3223736	0.99999946	-0.10310788	0.14072202	-0.19785364	0.21353373	-0.57985926	0.10738865	-0.11710961	0.13230929	-0.14685504	0.14362341	-0.091295086	0.089567885	-0.114975505	0.11415995	-0.15486033	0.05636988	-0.060703244	0.073827185	-0.06840005	0.05061154	-0.051268734	0.07272919	-0.05617879	0.053528223	-0.043268725	0.03355437	-0.036470916	0.042271603	-0.04394528	0.032190032	-0.0444385	0.032242402	-0.04394113	0.047865126	-0.03717382
0.27519554	-0.27733907	0.1662505	-0.122540176	0.11330722	-0.50352734	0.23204093	-0.1583039	0.13531627	-0.10310788	0.999999	-0.2877665	0.16822957	-0.13873713	0.13795584	-0.64295495	0.21891013	-0.16078365	0.14145167	-0.074210316	0.22066677	-0.19999877	0.14756027	-0.12890983	0.085830554	-0.09697143	0.104191095	-0.10462447	0.09026386	-0.065179765	0.08337771	-0.1212881	0.07841757	-0.07195477	0.056125473	-0.051331002	0.053860556	-0.058365025	0.058119863	-0.042237263	0.066132024	-0.046830993	0.06051776	-0.062808186	0.048503477
-0.22839685	0.25702643	-0.2366366	0.1660621	-0.1579051	0.20837489	-0.45536566	0.22800626	-0.19963776	0.14072202	-0.2877665	0.999999	-0.2787174	0.19923483	-0.1928201	0.25091854	-0.6011605	0.25148308	-0.22320151	0.10593061	-0.2519923	0.23301469	-0.22386958	0.17851886	-0.123439014	0.1119188	-0.12676586	0.12985861	-0.11784041	0.08072834	-0.10192885	0.13814123	-0.09921892	0.090495534	-0.07090345	0.06270172	-0.06697971	0.0724831	-0.07309366	0.052803375	-0.08254189	0.057869837	-0.07624875	0.077197924	-0.06088324
0.16797517	-0.2645906	0.2652453	-0.24734284	0.19585371	-0.15790598	0.25010723	-0.40443352	0.29159686	-0.19785364	0.16822957	-0.2787174	0.9999987	-0.5684096	0.23114759	-0.18655701	0.22105698	-0.37749973	0.26088172	-0.12770511	0.15715814	-0.16300918	0.21735448	-0.21415919	0.13794117	-0.094890565	0.103963934	-0.12757112	0.11613848	-0.082786866	0.08487376	-0.123765275	0.094051905	-0.09032165	0.07020231	-0.054925624	0.05937587	-0.06944545	0.071677074	-0.052430693	0.07211932	-0.05247545	0.0715683	-0.07777103	0.06000023
-0.13986567	0.2037165	-0.25450194	0.24752232	-0.22238813	0.12539698	-0.2116479	0.2568222	-0.5430222	0.21353373	-0.13873713	0.19923483	-0.5684096	0.99999905	-0.29472017	0.14611384	-0.17778227	0.23825097	-0.3454106	0.13574496	-0.13048111	0.13042326	-0.19384202	0.19388908	-0.14810568	0.077601336	-0.0856951	0.106548056	-0.10145796	0.06913036	-0.07040164	0.10052245	-0.0797457	0.07648742	-0.059289794	0.0455605	-0.049573004	0.058094904	-0.060436327	0.044021204	-0.060226098	0.04371455	-0.060240597	0.06465046	-0.050425604
0.13862033	-0.21555986	0.21068224	-0.260252	0.28224	-0.12319532	0.17954102	-0.18877935	0.2480884	-0.57985926	0.13795584	-0.1928201	0.23114759	-0.29472017	0.9999992	-0.14993864	0.15866195	-0.18421853	0.1995345	-0.30259836	0.12686026	-0.12632883	0.1587029	-0.16626428	0.22822942	-0.083178185	0.08851845	-0.109304376	0.100179784	-0.07721025	0.075405136	-0.10801137	0.08309192	-0.07977289	0.06535749	-0.049925413	0.054303467	-0.06348447	0.06619595	-0.048728283	0.06606712	-0.048243314	0.06574388	-0.07310417	0.056345787
-0.26971996	0.22030802	-0.17180188	0.12410143	-0.120283276	0.24716458	-0.22663388	0.15336409	-0.14331307	0.10738865	-0.64295495	0.25091854	-0.18655701	0.14611384	-0.14993864	0.9999995	-0.32062572	0.18542345	-0.1678524	0.082621455	-0.4436428	0.25246853	-0.18518291	0.14730377	-0.09674241	0.11809505	-0.12869632	0.120086506	-0.105399944	0.072736345	-0.1046958	0.13837431	-0.09155086	0.082256064	-0.06387101	0.061863057	-0.064840935	0.06722905	-0.06641335	0.04788129	-0.080287784	0.055459667	-0.07065506	0.07030131	-0.05512004
0.16937935	-0.21988136	0.17201865	-0.1348866	0.1259491	-0.16456051	0.23132916	-0.17051284	0.15554045	-0.11710961	0.21891013	-0.6011605	0.22105698	-0.17778227	0.15866195	-0.32062572	0.99999964	-0.4130009	0.22145693	-0.09764445	0.2654369	-0.40877396	0.23891954	-0.19884555	0.10960551	-0.12545572	0.14736643	-0.14333056	0.12233349	-0.082876965	0.10666269	-0.16179512	0.10365637	-0.09520998	0.07134144	-0.06468685	0.067874655	-0.07456937	0.074080825	-0.05361459	0.08305266	-0.05886257	0.07696117	-0.07887836	0.06107271
-0.13889346	0.18264912	-0.17762758	0.14771803	-0.13905053	0.12597156	-0.1895142	0.17640495	-0.18397193	0.13230929	-0.16078365	0.25148308	-0.37749973	0.23825097	-0.18421853	0.18542345	-0.4130009	0.9999995	-0.51290864	0.13799903	-0.1960817	0.2116629	-0.50262785	0.29772726	-0.15382735	0.10501209	-0.123245984	0.15352058	-0.1445482	0.08872071	-0.09444626	0.13610971	-0.11072143	0.10444563	-0.0766694	0.059591107	-0.06473372	0.076417774	-0.078769505	0.056840964	-0.07837687	0.056743886	-0.07908845	0.08214429	-0.064457975
0.1278337	-0.18108658	0.16852078	-0.15804762	0.14433111	-0.117050305	0.16865551	-0.16618343	0.19508965	-0.14685504	0.14145167	-0.22320151	0.26088172	-0.3454106	0.1995345	-0.1678524	0.22145693	-0.51290864	0.9999998	-0.23400865	0.1590106	-0.17500585	0.31009907	-0.5649691	0.19518329	-0.10172922	0.115907475	-0.16325113	0.16139461	-0.09924339	0.09049118	-0.13663162	0.11432903	-0.11812326	0.08233155	-0.0587189	0.064185776	-0.07994749	0.08408837	-0.06135939	0.07699451	-0.057046697	0.08096333	-0.08920012	0.068543494
-0.070907824	0.10320676	-0.10112464	0.10409033	-0.11491137	0.06316236	-0.092012025	0.09091827	-0.11356585	0.14362341	-0.074210316	0.10593061	-0.12770511	0.13574496	-0.30259836	0.082621455	-0.09764445	0.13799903	-0.23400865	0.9999999	-0.075493	0.07719094	-0.11930762	0.14517511	-0.8812823	0.048922654	-0.053794336	0.07049025	-0.068244666	0.047104746	-0.044283256	0.06431697	-0.05232876	0.051479075	-0.039823283	0.029090554	-0.031811826	0.03826271	-0.040274825	0.02948826	-0.038460452	0.028245714	-0.03939123	0.04342065	-0.033654056
0.147562	-0.17402318	0.13187729	-0.10333064	0.09914323	-0.1452916	0.16215709	-0.12270257	0.117853634	-0.091295086	0.22066677	-0.2519923	0.15715814	-0.13048111	0.12686026	-0.4436428	0.2654369	-0.1960817	0.1590106	-0.075493	0.99999994	-0.7038105	0.20348543	-0.17068918	0.0863637	-0.20011976	0.20051964	-0.15886885	0.12531057	-0.084311076	0.14370562	-0.21482426	0.11302863	-0.100207455	0.07275829	-0.08064211	0.08040344	-0.081173174	0.07704474	-0.05541967	0.09904133	-0.06840992	0.08334903	-0.08195042	0.062788114
-0.138885	0.15503609	-0.12948687	0.10064887	-0.09779969	0.12671696	-0.15921116	0.119541466	-0.11762712	0.089567885	-0.19999877	0.23301469	-0.16300918	0.13042326	-0.12632883	0.25246853	-0.40877396	0.2116629	-0.17500585	0.07719094	-0.7038105	0.9999996	-0.28482044	0.18032518	-0.088961124	0.17231835	-0.28049853	0.16326348	-0.133381	0.0839493	-0.14482825	0.20809448	-0.11858619	0.10201839	-0.07392075	0.079460345	-0.081263125	0.08179577	-0.07828225	0.055822466	-0.10046181	0.06840191	-0.085273445	0.081271395	-0.06342432
0.124817125	-0.16773908	0.146868	-0.12654328	0.11940831	-0.11503196	0.15797254	-0.14182332	0.14862444	-0.114975505	0.14756027	-0.22386958	0.21735448	-0.19384202	0.1587029	-0.18518291	0.23891954	-0.50262785	0.31009907	-0.11930762	0.20348543	-0.28482044	0.9999997	-0.6218957	0.12963396	-0.12620226	0.1520386	-0.24240683	0.1964457	-0.11360393	0.109542124	-0.17096615	0.14432317	-0.1426343	0.09497608	-0.069677	0.075837426	-0.09571428	0.09820169	-0.07106592	0.09059022	-0.06718456	0.096191145	-0.10243941	0.07877806
-0.11170884	0.1461361	-0.14034066	0.12125025	-0.11857038	0.09995878	-0.14293748	0.13136481	-0.15173969	0.11415995	-0.12890983	0.17851886	-0.21415919	0.19388908	-0.16626428	0.14730377	-0.19884555	0.29772726	-0.5649691	0.14517511	-0.17068918	0.18032518	-0.6218957	0.99999964	-0.1684387	0.10724455	-0.1288968	0.19785771	-0.26851007	0.11386417	-0.09783342	0.14355826	-0.14297926	0.14718385	-0.09781139	0.06355625	-0.070975155	0.091864884	-0.09972236	0.07119024	-0.08441752	0.06294385	-0.09390439	0.09956114	-0.07901547
0.082016766	-0.121145085	0.11237401	-0.11599043	0.119693935	-0.07329494	0.104555264	-0.10185544	0.12169635	-0.15486033	0.085830554	-0.123439014	0.13794117	-0.14810568	0.22822942	-0.09674241	0.10960551	-0.15382735	0.19518329	-0.8812823	0.0863637	-0.088961124	0.12963396	-0.1684387	0.99999964	-0.05753411	0.06268215	-0.08234569	0.07803279	-0.05596509	0.05186093	-0.07593933	0.060840756	-0.060211442	0.046856698	-0.034235757	0.03737966	-0.04504517	0.047341127	-0.034802154	0.045180965	-0.033273127	0.046216376	-0.051602732	0.039720833
-0.07520242	0.08887306	-0.076762445	0.06118861	-0.06212547	0.06710025	-0.085638516	0.06859399	-0.071118265	0.05636988	-0.09697143	0.1119188	-0.094890565	0.077601336	-0.083178185	0.11809505	-0.12545572	0.10501209	-0.10172922	0.048922654	-0.20011976	0.17231835	-0.12620226	0.10724455	-0.05753411	0.9999995	-0.44288197	0.18787429	-0.14849705	0.096433945	-0.710837	0.29324293	-0.15181917	0.12073109	-0.087148264	0.23386055	-0.21034257	0.12389876	-0.09886711	0.06903366	-0.27207798	0.15546662	-0.13384548	0.10363232	-0.078703664
0.08065875	-0.09603763	0.082712024	-0.06622412	0.06641093	-0.0725085	0.09328219	-0.07477613	0.07712324	-0.060703244	0.104191095	-0.12676586	0.103963934	-0.0856951	0.08851845	-0.12869632	0.14736643	-0.123245984	0.115907475	-0.053794336	0.20051964	-0.28049853	0.1520386	-0.1288968	0.06268215	-0.44288197	0.99999946	-0.35527575	0.19106907	-0.10903553	0.25893503	-0.686532	0.19792113	-0.15231575	0.0972773	-0.13093585	0.12595202	-0.12261778	0.10743734	-0.07510709	0.15443964	-0.104180865	0.12442431	-0.10837138	0.08367711
-0.08647369	0.10636216	-0.09650152	0.07911763	-0.080259606	0.076416865	-0.102894574	0.08686931	-0.09344672	0.073827185	-0.10462447	0.12985861	-0.12757112	0.106548056	-0.109304376	0.120086506	-0.14333056	0.15352058	-0.16325113	0.07049025	-0.15886885	0.16326348	-0.24240683	0.19785771	-0.08234569	0.18787429	-0.35527575	0.99999917	-0.5643562	0.19076848	-0.17969722	0.26686686	-0.49595457	0.29948717	-0.17994145	0.11608291	-0.13736597	0.20159116	-0.19413543	0.13109592	-0.15764195	0.1216343	-0.21029447	0.17535149	-0.14469208
0.07636692	-0.09740388	0.0874398	-0.0731132	0.073386244	-0.06801605	0.09209869	-0.079389386	0.08602705	-0.06840005	0.09026386	-0.11784041	0.11613848	-0.10145796	0.100179784	-0.105399944	0.12233349	-0.1445482	0.16139461	-0.068244666	0.12531057	-0.133381	0.1964457	-0.26851007	0.07803279	-0.14849705	0.19106907	-0.5643562	0.9999991	-0.30011854	0.13160416	-0.22961535	0.30508098	-0.5523793	0.20796539	-0.091358535	0.10690976	-0.1794877	0.20990714	-0.15349519	0.12090037	-0.09876193	0.16582929	-0.20358008	0.15316424
-0.05617004	0.070056416	-0.06478711	0.053242713	-0.055698566	0.04900351	-0.06680041	0.05706645	-0.062473875	0.05061154	-0.065179765	0.08072834	-0.082786866	0.06913036	-0.07721025	0.072736345	-0.082876965	0.08872071	-0.09924339	0.047104746	-0.084311076	0.0839493	-0.11360393	0.11386417	-0.05596509	0.096433945	-0.10903553	0.19076848	-0.30011854	0.9999993	-0.09501987	0.1318988	-0.19401921	0.21680558	-0.7950595	0.07456875	-0.09395399	0.14886656	-0.27262437	0.25712723	-0.105605826	0.08706692	-0.15854414	0.22424589	-0.28568643
0.066415295	-0.08148848	0.06908634	-0.05559068	0.056287184	-0.05983398	0.07648815	-0.061907265	0.064138904	-0.051268734	0.08337771	-0.10192885	0.08487376	-0.07040164	0.075405136	-0.1046958	0.10666269	-0.09444626	0.09049118	-0.044283256	0.14370562	-0.14482825	0.109542124	-0.09783342	0.05186093	-0.710837	0.25893503	-0.17969722	0.13160416	-0.09501987	0.9999992	-0.3657806	0.14085482	-0.1176336	0.08228928	-0.41754264	0.20950045	-0.12759884	0.09499781	-0.06730746	0.2493425	-0.1740265	0.12914035	-0.10519484	0.075536266
-0.095272146	0.11086982	-0.098716244	0.078620374	-0.0802908	0.08374583	-0.10913706	0.08783153	-0.092106916	0.07272919	-0.1212881	0.13814123	-0.123765275	0.10052245	-0.10801137	0.13837431	-0.16179512	0.13610971	-0.13663162	0.06431697	-0.21482426	0.20809448	-0.17096615	0.14355826	-0.07593933	0.29324293	-0.686532	0.26686686	-0.22961535	0.1318988	-0.3657806	0.99999917	-0.27968466	0.18204756	-0.12433156	0.17184171	-0.17739606	0.15760325	-0.1386192	0.09503365	-0.2214499	0.14095436	-0.16963129	0.1350325	-0.10818755
0.06551733	-0.082144044	0.07303829	-0.060124323	0.061071485	-0.058158845	0.07771796	-0.065591455	0.07019547	-0.05617879	0.07841757	-0.09921892	0.094051905	-0.0797457	0.08309192	-0.09155086	0.10365637	-0.11072143	0.11432903	-0.05232876	0.11302863	-0.11858619	0.14432317	-0.14297926	0.060840756	-0.15181917	0.19792113	-0.49595457	0.30508098	-0.19401921	0.14085482	-0.27968466	0.9999989	-0.5937158	0.16810983	-0.10520962	0.13035797	-0.37293658	0.2226553	-0.14974377	0.13929176	-0.12548476	0.23469064	-0.21336041	0.14896381
-0.06073739	0.07593829	-0.06902449	0.05697209	-0.058176953	0.053581614	-0.07250681	0.061834686	-0.06712589	0.053528223	-0.07195477	0.090495534	-0.09032165	0.07648742	-0.07977289	0.082256064	-0.09520998	0.10444563	-0.11812326	0.051479075	-0.100207455	0.10201839	-0.1426343	0.14718385	-0.060211442	0.12073109	-0.15231575	0.29948717	-0.5523793	0.21680558	-0.1176336	0.18204756	-0.5937158	0.9999991	-0.22888994	0.08932092	-0.11365491	0.21646972	-0.3485675	0.17893097	-0.12371352	0.105621	-0.20770158	0.21793227	-0.1761606
0.048349306	-0.061251845	0.055393063	-0.045701154	0.047412787	-0.042493034	0.057480905	-0.04902959	0.053217314	-0.043268725	0.056125473	-0.07090345	0.07020231	-0.059289794	0.06535749	-0.06387101	0.07134144	-0.0766694	0.08233155	-0.039823283	0.07275829	-0.07392075	0.09497608	-0.09781139	0.046856698	-0.087148264	0.0972773	-0.17994145	0.20796539	-0.7950595	0.08228928	-0.12433156	0.16810983	-0.22888994	0.9999991	-0.06458016	0.07969174	-0.14001182	0.24265896	-0.39361644	0.08853401	-0.075897194	0.13459687	-0.2514111	0.24538021
-0.041882202	0.05169949	-0.04464606	0.036080476	-0.036947783	0.03733325	-0.048463963	0.039705098	-0.0416769	0.03355437	-0.051331002	0.06270172	-0.054925624	0.0455605	-0.049925413	0.061863057	-0.06468685	0.059591107	-0.0587189	0.029090554	-0.08064211	0.079460345	-0.069677	0.06355625	-0.034235757	0.23386055	-0.13093585	0.11608291	-0.091358535	0.07456875	-0.41754264	0.17184171	-0.10520962	0.08932092	-0.06458016	0.9999996	-0.54151005	0.14201662	-0.08198633	0.057078853	-0.6246983	0.29302436	-0.15326974	0.094120085	-0.064017095
0.04452596	-0.05570083	0.0481355	-0.0391179	0.04008118	-0.039711114	0.05184661	-0.042822815	0.045134738	-0.036470916	0.053860556	-0.06697971	0.05937587	-0.049573004	0.054303467	-0.064840935	0.067874655	-0.06473372	0.064185776	-0.031811826	0.08040344	-0.081263125	0.075837426	-0.070975155	0.03737966	-0.21034257	0.12595202	-0.13736597	0.10690976	-0.09395399	0.20950045	-0.17739606	0.13035797	-0.11365491	0.07969174	-0.54151005	0.99999946	-0.23493774	0.1072288	-0.07477559	0.3275141	-0.66546166	0.21937355	-0.128213	0.08195854
-0.04920186	0.061395332	-0.054954	0.044967696	-0.04639588	0.043374993	-0.05797933	0.048764423	-0.052378234	0.042271603	-0.058365025	0.0724831	-0.06944545	0.058094904	-0.06348447	0.06722905	-0.07456937	0.076417774	-0.07994749	0.03826271	-0.081173174	0.08179577	-0.09571428	0.091864884	-0.04504517	0.12389876	-0.12261778	0.20159116	-0.1794877	0.14886656	-0.12759884	0.15760325	-0.37293658	0.21646972	-0.14001182	0.14201662	-0.23493774	0.99999964	-0.27829504	0.14704874	-0.20612557	0.22074896	-0.7531932	0.2200817	-0.1598436
0.04971469	-0.06269435	0.056521006	-0.04653608	0.048146907	-0.043745413	0.058967542	-0.050104447	0.054215007	-0.04394528	0.058119863	-0.07309366	0.071677074	-0.060436327	0.06619595	-0.06641335	0.074080825	-0.078769505	0.08408837	-0.040274825	0.07704474	-0.07828225	0.09820169	-0.09972236	0.047341127	-0.09886711	0.10743734	-0.19413543	0.20990714	-0.27262437	0.09499781	-0.1386192	0.2226553	-0.3485675	0.24265896	-0.08198633	0.1072288	-0.27829504	0.9999995	-0.5386727	0.11289442	-0.106020376	0.21154664	-0.5623391	0.31432816
-0.036234863	0.04554413	-0.041354876	0.034009147	-0.035348278	0.031787846	-0.042975552	0.03655036	-0.039678283	0.032190032	-0.042237263	0.052803375	-0.052430693	0.044021204	-0.048728283	0.04788129	-0.05361459	0.056840964	-0.06135939	0.02948826	-0.05541967	0.055822466	-0.07106592	0.07119024	-0.034802154	0.06903366	-0.07510709	0.13109592	-0.15349519	0.25712723	-0.06730746	0.09503365	-0.14974377	0.17893097	-0.39361644	0.057078853	-0.07477559	0.14704874	-0.5386727	0.9999994	-0.080246106	0.07192013	-0.14439914	0.31325704	-0.6413951
0.054600608	-0.06853104	0.05876863	-0.04772708	0.048844498	-0.04881907	0.06348475	-0.05230314	0.05494184	-0.0444385	0.066132024	-0.08254189	0.07211932	-0.060226098	0.06606712	-0.080287784	0.08305266	-0.07837687	0.07699451	-0.038460452	0.09904133	-0.10046181	0.09059022	-0.08441752	0.045180965	-0.27207798	0.15443964	-0.15764195	0.12090037	-0.105605826	0.2493425	-0.2214499	0.13929176	-0.12371352	0.08853401	-0.6246983	0.3275141	-0.20612557	0.11289442	-0.080246106	0.9999992	-0.5370561	0.2030355	-0.13775	0.08862283
-0.038932342	0.04853559	-0.042412367	0.03447707	-0.035488635	0.034551624	-0.04538841	0.03762233	-0.03986967	0.032242402	-0.046830993	0.057869837	-0.05247545	0.04371455	-0.048243314	0.055459667	-0.05886257	0.056743886	-0.057046697	0.028245714	-0.06840992	0.06840191	-0.06718456	0.06294385	-0.033273127	0.15546662	-0.104180865	0.1216343	-0.09876193	0.08706692	-0.1740265	0.14095436	-0.12548476	0.105621	-0.075897194	0.29302436	-0.66546166	0.22074896	-0.106020376	0.07192013	-0.5370561	0.9999996	-0.35676137	0.12327642	-0.080740295
0.051164	-0.06460627	0.057059307	-0.046805367	0.048149697	-0.04531128	0.060307503	-0.050715167	0.054237314	-0.04394113	0.06051776	-0.07624875	0.0715683	-0.060240597	0.06574388	-0.07065506	0.07696117	-0.07908845	0.08096333	-0.03939123	0.08334903	-0.085273445	0.096191145	-0.09390439	0.046216376	-0.13384548	0.12442431	-0.21029447	0.16582929	-0.15854414	0.12914035	-0.16963129	0.23469064	-0.20770158	0.13459687	-0.15326974	0.21937355	-0.7531932	0.21154664	-0.14439914	0.2030355	-0.35676137	0.99999946	-0.27855852	0.15444238
-0.05392037	0.06702782	-0.06158459	0.050413292	-0.052850943	0.04703762	-0.06374457	0.054103106	-0.058935072	0.047865126	-0.062808186	0.077197924	-0.07777103	0.06465046	-0.07310417	0.07030131	-0.07887836	0.08214429	-0.08920012	0.04342065	-0.08195042	0.081271395	-0.10243941	0.09956114	-0.051602732	0.10363232	-0.10837138	0.17535149	-0.20358008	0.22424589	-0.10519484	0.1350325	-0.21336041	0.21793227	-0.2514111	0.094120085	-0.128213	0.2200817	-0.5623391	0.31325704	-0.13775	0.12327642	-0.27855852	0.9999996	-0.60303015
0.041775282	-0.05278714	0.047698732	-0.03924224	0.040866617	-0.03666792	0.049500264	-0.042085957	0.045624007	-0.03717382	0.048503477	-0.06088324	0.06000023	-0.050425604	0.056345787	-0.05512004	0.06107271	-0.064457975	0.068543494	-0.033654056	0.062788114	-0.06342432	0.07877806	-0.07901547	0.039720833	-0.078703664	0.08367711	-0.14469208	0.15316424	-0.28568643	0.075536266	-0.10818755	0.14896381	-0.1761606	0.24538021	-0.064017095	0.08195854	-0.1598436	0.31432816	-0.6413951	0.08862283	-0.080740295	0.15444238	-0.60303015	0.9999996
