1.0000001	-0.56426543	0.22185424	-0.14902377	0.12211585	-0.64662635	0.319795	-0.22284067	0.14862421	-0.13150473	0.22367336	-0.18002775	0.15317354	-0.15008228	0.08664868	-0.19580562	0.14981271	-0.13124588	0.12065021	-0.12930179	0.07829001	-0.09030034	0.09769554	-0.087849624	0.0875703	-0.0822907	0.087869525	-0.079633825	0.08388082	-0.07556969	0.07707366	-0.069552526	0.05807721	-0.07260044	0.083868116	-0.09185798	0.065127574	-0.045614034	0.0407267	-0.041315004	0.07580545	-0.05209231	0.04778925	-0.038008466	0.05223359
-0.56426543	0.99999994	-0.47214046	0.19188698	-0.16404861	0.28894296	-0.52477497	0.2512326	-0.18288103	0.14794019	-0.19230995	0.1548116	-0.1639655	0.15794188	-0.097805284	0.14900254	-0.14196365	0.13252251	-0.13084291	0.1383754	-0.07868844	0.08904739	-0.10154341	0.09099184	-0.09281994	0.08204457	-0.09102356	0.08187615	-0.08790349	0.0785524	-0.07892569	0.071304984	-0.06003242	0.07440601	-0.088793755	0.09210192	-0.06756202	0.047189828	-0.04266897	0.043414366	-0.07859392	0.053703338	-0.049676765	0.03967346	-0.055139452
0.22185424	-0.47214046	1.0000006	-0.4932467	0.26019084	-0.18118891	0.2646827	-0.46185687	0.2759697	-0.26080886	0.15916073	-0.168511	0.20774631	-0.23378323	0.15715669	-0.13879861	0.14813022	-0.17859183	0.17795904	-0.23218709	0.09515748	-0.10908634	0.13028337	-0.11959172	0.12008419	-0.10334587	0.114622116	-0.10571643	0.11268806	-0.10236704	0.09890505	-0.09104302	0.0767274	-0.09593299	0.11318877	-0.11923926	0.085846975	-0.06038579	0.054472912	-0.055507194	0.099953964	-0.068606526	0.063362315	-0.050766528	0.0702213
-0.14902377	0.19188698	-0.4932467	1.0000005	-0.63869935	0.116501346	-0.18806794	0.25382152	-0.40520447	0.2680051	-0.119829744	0.123754375	-0.16710171	0.2066105	-0.16447721	0.09984111	-0.11631866	0.14051226	-0.1613996	0.19760485	-0.07501781	0.08473705	-0.10590866	0.09686644	-0.09932983	0.07921601	-0.09125816	0.08393848	-0.091526166	0.08182317	-0.07720049	0.07113827	-0.060441297	0.07470042	-0.09156645	0.08961557	-0.067423366	0.047402486	-0.0433836	0.044420872	-0.07799315	0.053457256	-0.049949083	0.040252145	-0.056395914
0.12211585	-0.16404861	0.26019084	-0.63869935	1.0000006	-0.10119307	0.15550597	-0.23025711	0.26517126	-0.5427828	0.107942216	-0.11670754	0.15208288	-0.20287839	0.22828193	-0.09302769	0.10781222	-0.14064652	0.15700164	-0.30502847	0.07388379	-0.08407538	0.10493196	-0.09808402	0.100642204	-0.07982292	0.091029346	-0.084496126	0.0914646	-0.083643444	0.07734042	-0.07180425	0.060921907	-0.0758625	0.09192217	-0.091793865	0.06787604	-0.04789297	0.043691833	-0.044758026	0.078697026	-0.054049514	0.050346565	-0.040626176	0.056649063
-0.64662635	0.28894296	-0.18118891	0.116501346	-0.10119307	1.0000001	-0.5382385	0.19343904	-0.13017622	0.10502752	-0.37913448	0.17924814	-0.14823796	0.12965149	-0.070954196	0.2012108	-0.15852244	0.1166438	-0.107235566	0.10349556	-0.07211546	0.08233428	-0.08734387	0.0771521	-0.07678733	0.072467245	-0.07770632	0.069986045	-0.073875524	0.06568154	-0.06793869	0.060654037	-0.050590195	0.062865324	-0.072906345	0.078644276	-0.056581855	0.03954873	-0.035311274	0.035829145	-0.06552764	0.045091674	-0.0414572	0.032921635	-0.045300588
0.319795	-0.52477497	0.2646827	-0.18806794	0.15550597	-0.5382385	0.9999999	-0.38545617	0.20306703	-0.17083874	0.23328185	-0.21129717	0.19976178	-0.19679947	0.11212583	-0.2096937	0.17441338	-0.16727844	0.15555252	-0.16706634	0.09633944	-0.111076094	0.12331121	-0.11132224	0.1109398	-0.102510214	0.11030461	-0.100432016	0.1059862	-0.095649265	0.096482836	-0.087520234	0.07322391	-0.09160394	0.10611753	-0.11576017	0.08210856	-0.057562053	0.05147746	-0.0522541	0.095650226	-0.065698065	0.060319323	-0.048037108	0.06607233
-0.22284067	0.2512326	-0.46185687	0.25382152	-0.23025711	0.19343904	-0.38545617	0.9999999	-0.491694	0.21394427	-0.20572844	0.21889517	-0.4038488	0.27710035	-0.14583932	0.16411497	-0.20009483	0.2188995	-0.23034197	0.19164458	-0.111680694	0.1261764	-0.15742436	0.13802989	-0.13812663	0.11369466	-0.13046516	0.120474935	-0.1304457	0.11387752	-0.11004356	0.10040051	-0.084997445	0.10457505	-0.12662147	0.12486648	-0.094273165	0.06617419	-0.060146485	0.06147515	-0.10839579	0.0745985	-0.069631375	0.055830427	-0.07790325
0.14862421	-0.18288103	0.2759697	-0.40520447	0.26517126	-0.13017622	0.20306703	-0.491694	1.0	-0.3558194	0.1468081	-0.171522	0.24549429	-0.51660264	0.19026569	-0.1263064	0.15062816	-0.21357004	0.24107453	-0.25190347	0.09697219	-0.11168431	0.14338338	-0.13376841	0.12818165	-0.10251128	0.11673109	-0.11189359	0.119461395	-0.10671682	0.097870134	-0.091243796	0.0771891	-0.096023865	0.11431295	-0.11425846	0.08470907	-0.060059424	0.05436744	-0.055711247	0.09720264	-0.06745518	0.062879525	-0.05062627	0.07014887
-0.13150473	0.14794019	-0.26080886	0.2680051	-0.5427828	0.10502752	-0.17083874	0.21394427	-0.3558194	0.99999964	-0.118323006	0.12202418	-0.16762222	0.20769379	-0.5483247	0.09798231	-0.11899116	0.14741391	-0.18344031	0.3078831	-0.080448814	0.08998682	-0.11580652	0.10659727	-0.11391621	0.08437765	-0.099803016	0.09131227	-0.10142696	0.09094777	-0.083453335	0.07718467	-0.066051245	0.081105605	-0.10292143	0.09520686	-0.07373543	0.051853403	-0.048126925	0.04949969	-0.085158594	0.058187563	-0.05484344	0.044497386	-0.063053556
0.22367336	-0.19230995	0.15916073	-0.119829744	0.107942216	-0.37913448	0.23328185	-0.20572844	0.1468081	-0.118323006	0.9999995	-0.44894055	0.2209535	-0.17876428	0.083067976	-0.6367247	0.30574167	-0.1763614	0.14585036	-0.12228178	0.112594105	-0.13206111	0.12550358	-0.108945504	0.104369365	-0.10754412	0.10964905	-0.09947363	0.10238615	-0.09026938	0.09640898	-0.08491639	0.069907576	-0.08702178	0.09748928	-0.109301366	0.07730636	-0.054145098	0.047601435	-0.048170917	0.08873555	-0.061749604	0.05642929	-0.04451892	0.06051869
-0.18002775	0.1548116	-0.168511	0.123754375	-0.11670754	0.17924814	-0.21129717	0.21889517	-0.171522	0.12202418	-0.44894055	0.9999994	-0.5170962	0.20707013	-0.08939669	0.2924063	-0.5547081	0.21947159	-0.18609422	0.12634349	-0.13148262	0.15275271	-0.1544603	0.12614827	-0.12119428	0.11587584	-0.12575528	0.11365621	-0.11888227	0.101175494	-0.1073936	0.09383035	-0.07770061	0.09516209	-0.10936749	0.11494689	-0.085236564	0.059528425	-0.052706834	0.053516608	-0.096703716	0.067390755	-0.062211353	0.049114972	-0.067301564
0.15317354	-0.1639655	0.20774631	-0.16710171	0.15208288	-0.14823796	0.19976178	-0.4038488	0.24549429	-0.16762222	0.2209535	-0.5170962	0.99999934	-0.4005107	0.122544274	-0.19835794	0.24934155	-0.4462167	0.2722572	-0.17488275	0.12626807	-0.15318498	0.1962934	-0.16769466	0.14776571	-0.12853467	0.14121287	-0.14320248	0.14448883	-0.1255371	0.11729066	-0.109225415	0.09128288	-0.11364424	0.12877423	-0.13472342	0.09797653	-0.06986242	0.06187862	-0.06321061	0.11091848	-0.07826858	0.07251542	-0.057866596	0.07883756
-0.15008228	0.15794188	-0.23378323	0.2066105	-0.20287839	0.12965149	-0.19679947	0.27710035	-0.51660264	0.20769379	-0.17876428	0.20707013	-0.4005107	0.9999991	-0.17600776	0.14624475	-0.19601859	0.2845218	-0.54154897	0.20828444	-0.119399205	0.13603474	-0.1924426	0.17601813	-0.16515756	0.11985729	-0.14208451	0.1387155	-0.15279078	0.12950067	-0.11518102	0.10767002	-0.09170141	0.112482905	-0.13720034	0.12863392	-0.09893012	0.07035564	-0.06413295	0.06605816	-0.111790605	0.078180656	-0.073702164	0.059524905	-0.08305159
0.08664868	-0.097805284	0.15715669	-0.16447721	0.22828193	-0.070954196	0.11212583	-0.14583932	0.19026569	-0.5483247	0.083067976	-0.08939669	0.122544274	-0.17600776	0.99999934	-0.07029953	0.08584618	-0.12221353	0.15639475	-0.7424292	0.060477775	-0.06858362	0.09045024	-0.08706184	0.09200683	-0.06406332	0.0752442	-0.07123221	0.07831924	-0.07288685	0.06248529	-0.058586113	0.050050344	-0.061983444	0.07744597	-0.07215616	0.055130836	-0.039133836	0.0361409	-0.037340373	0.063326314	-0.043704774	0.041162692	-0.033530064	0.047120035
-0.19580562	0.14900254	-0.13879861	0.09984111	-0.09302769	0.2012108	-0.2096937	0.16411497	-0.1263064	0.09798231	-0.6367247	0.2924063	-0.19835794	0.14624475	-0.07029953	0.9999991	-0.6099398	0.15408057	-0.13234973	0.101434976	-0.13646327	0.14763202	-0.123139285	0.10149382	-0.09873165	0.107426226	-0.109872594	0.09449513	-0.09804884	0.08378796	-0.09739867	0.08146049	-0.06652887	0.08138426	-0.09163572	0.101017274	-0.07380299	0.051031824	-0.04469714	0.045111954	-0.08400784	0.05832151	-0.053330574	0.0417019	-0.056784343
0.14981271	-0.14196365	0.14813022	-0.11631866	0.10781222	-0.15852244	0.17441338	-0.20009483	0.15062816	-0.11899116	0.30574167	-0.5547081	0.24934155	-0.19601859	0.08584618	-0.6099398	0.9999991	-0.22524717	0.16838671	-0.12602407	0.16149686	-0.23393042	0.1590799	-0.13190548	0.122060046	-0.1389153	0.13653876	-0.12209289	0.12240375	-0.10557957	0.119316295	-0.102696925	0.08297171	-0.102599464	0.11175415	-0.12795039	0.09077486	-0.06339754	0.05489953	-0.05537624	0.10287249	-0.07231245	0.065779455	-0.051421307	0.069240086
-0.13124588	0.13252251	-0.17859183	0.14051226	-0.14064652	0.1166438	-0.16727844	0.2188995	-0.21357004	0.14741391	-0.1763614	0.21947159	-0.4462167	0.2845218	-0.12221353	0.15408057	-0.22524717	0.9999993	-0.59331125	0.16990659	-0.1523045	0.17894442	-0.4137559	0.23812594	-0.19992082	0.14280882	-0.17527029	0.19266142	-0.19966243	0.15562846	-0.13314699	0.12782916	-0.10904617	0.13208085	-0.15384966	0.14493968	-0.11204247	0.08072836	-0.071978025	0.07416276	-0.12325721	0.08848518	-0.08369079	0.067029975	-0.09196704
0.12065021	-0.13084291	0.17795904	-0.1613996	0.15700164	-0.107235566	0.15555252	-0.23034197	0.24107453	-0.18344031	0.14585036	-0.18609422	0.2722572	-0.54154897	0.15639475	-0.13234973	0.16838671	-0.59331125	0.99999934	-0.252807	0.12695806	-0.15409745	0.24333355	-0.2814519	0.18729341	-0.1318545	0.15304044	-0.17274207	0.1771161	-0.15355407	0.12095204	-0.11848056	0.10019505	-0.1254006	0.14307585	-0.1393737	0.10383186	-0.07566199	0.0674049	-0.069793075	0.115576446	-0.0830989	0.077999264	-0.06314342	0.08584172
-0.12930179	0.1383754	-0.23218709	0.19760485	-0.30502847	0.10349556	-0.16706634	0.19164458	-0.25190347	0.3078831	-0.12228178	0.12634349	-0.17488275	0.20828444	-0.7424292	0.101434976	-0.12602407	0.16990659	-0.252807	0.9999994	-0.08908363	0.09963002	-0.13398205	0.12691177	-0.14318335	0.09295481	-0.11174246	0.104031965	-0.11698993	0.10718572	-0.09209036	0.08600883	-0.07393182	0.090716146	-0.11732738	0.104215875	-0.081770256	0.057855494	-0.054109056	0.056027696	-0.09389975	0.064460635	-0.061144147	0.049990345	-0.071095474
0.07829001	-0.07868844	0.09515748	-0.07501781	0.07388379	-0.07211546	0.09633944	-0.111680694	0.09697219	-0.080448814	0.112594105	-0.13148262	0.12626807	-0.119399205	0.060477775	-0.13646327	0.16149686	-0.1523045	0.12695806	-0.08908363	0.99999934	-0.7258806	0.20884404	-0.16136234	0.140623	-0.49591225	0.21973315	-0.16822088	0.15409087	-0.12638894	0.23382986	-0.15826036	0.11517689	-0.13981591	0.13179554	-0.19986738	0.12609461	-0.085230604	0.06841124	-0.06703858	0.14022252	-0.10060689	0.08719121	-0.06456475	0.082959846
-0.09030034	0.08904739	-0.10908634	0.08473705	-0.08407538	0.08233428	-0.111076094	0.1261764	-0.11168431	0.08998682	-0.13206111	0.15275271	-0.15318498	0.13603474	-0.06858362	0.14763202	-0.23393042	0.17894442	-0.15409745	0.09963002	-0.7258806	0.9999994	-0.34156927	0.18961044	-0.1727726	0.27525	-0.2963321	0.19765063	-0.18982393	0.14423247	-0.23787022	0.1718592	-0.12970106	0.1506682	-0.15207262	0.18595153	-0.14096297	0.0937008	-0.076785095	0.075803414	-0.15275969	0.108564205	-0.096893735	0.07188072	-0.09424835
0.09769554	-0.10154341	0.13028337	-0.10590866	0.10493196	-0.08734387	0.12331121	-0.15742436	0.14338338	-0.11580652	0.12550358	-0.1544603	0.1962934	-0.1924426	0.09045024	-0.123139285	0.1590799	-0.4137559	0.24333355	-0.13398205	0.20884404	-0.34156927	0.9999993	-0.52345663	0.25643286	-0.19907504	0.23722103	-0.43616068	0.28974354	-0.22293635	0.16685858	-0.17577869	0.14736228	-0.18045703	0.18345368	-0.18469141	0.1387758	-0.104023896	0.08787284	-0.090605326	0.14753081	-0.11132714	0.10456907	-0.08292231	0.10868408
-0.087849624	0.09099184	-0.11959172	0.09686644	-0.09808402	0.0771521	-0.11132224	0.13802989	-0.13376841	0.10659727	-0.108945504	0.12614827	-0.16769466	0.17601813	-0.08706184	0.10149382	-0.13190548	0.23812594	-0.2814519	0.12691177	-0.16136234	0.18961044	-0.52345663	0.99999946	-0.55126816	0.15533923	-0.20750567	0.27024457	-0.418525	0.26496696	-0.14382017	0.15188245	-0.1335505	0.16502129	-0.20813039	0.15943474	-0.126727	0.09635602	-0.08889632	0.09583334	-0.13446915	0.10079131	-0.09839457	0.08280986	-0.11450326
0.0875703	-0.09281994	0.12008419	-0.09932983	0.100642204	-0.07678733	0.1109398	-0.13812663	0.12818165	-0.11391621	0.104369365	-0.12119428	0.14776571	-0.16515756	0.09200683	-0.09873165	0.122060046	-0.19992082	0.18729341	-0.14318335	0.140623	-0.1727726	0.25643286	-0.55126816	0.9999994	-0.16236816	0.19275163	-0.23383845	0.27138942	-0.5924694	0.14823526	-0.1610016	0.14023198	-0.18922919	0.2584311	-0.18477072	0.1366987	-0.10892002	0.1053241	-0.12283146	0.1487525	-0.112309076	0.10963283	-0.100529686	0.13567233
-0.0822907	0.08204457	-0.10334587	0.07921601	-0.07982292	0.072467245	-0.102510214	0.11369466	-0.10251128	0.08437765	-0.10754412	0.11587584	-0.12853467	0.11985729	-0.06406332	0.107426226	-0.1389153	0.14280882	-0.1318545	0.09295481	-0.49591225	0.27525	-0.19907504	0.15533923	-0.16236816	0.99999917	-0.33406174	0.18024334	-0.18211372	0.14153667	-0.6181205	0.21025875	-0.151254	0.17096427	-0.16613519	0.26904303	-0.18029791	0.1114537	-0.088182144	0.08455075	-0.20653184	0.13733593	-0.11691457	0.082546815	-0.10659417
0.087869525	-0.09102356	0.114622116	-0.09125816	0.091029346	-0.07770632	0.11030461	-0.13046516	0.11673109	-0.099803016	0.10964905	-0.12575528	0.14121287	-0.14208451	0.0752442	-0.109872594	0.13653876	-0.17527029	0.15304044	-0.11174246	0.21973315	-0.2963321	0.23722103	-0.20750567	0.19275163	-0.33406174	0.99999905	-0.42385152	0.2596045	-0.19318448	0.24662192	-0.542298	0.25161603	-0.3000025	0.20176332	-0.2733323	0.237318	-0.16668658	0.116226435	-0.10808501	0.21326546	-0.19090745	0.15957446	-0.11119373	0.1309051
-0.079633825	0.08187615	-0.10571643	0.08393848	-0.084496126	0.069986045	-0.100432016	0.120474935	-0.11189359	0.09131227	-0.09947363	0.11365621	-0.14320248	0.1387155	-0.07123221	0.09449513	-0.12209289	0.19266142	-0.17274207	0.104031965	-0.16822088	0.19765063	-0.43616068	0.27024457	-0.23383845	0.18024334	-0.42385152	0.99999887	-0.6444923	0.21776299	-0.16500752	0.21952048	-0.21872091	0.21362045	-0.1973929	0.1778121	-0.15931423	0.12184045	-0.09662953	0.09614783	-0.15373354	0.12251969	-0.12165928	0.09005759	-0.11622074
0.08388082	-0.08790349	0.11268806	-0.091526166	0.0914646	-0.073875524	0.1059862	-0.1304457	0.119461395	-0.10142696	0.10238615	-0.11888227	0.14448883	-0.15279078	0.07831924	-0.09804884	0.12240375	-0.19966243	0.1771161	-0.11698993	0.15409087	-0.18982393	0.28974354	-0.418525	0.27138942	-0.18211372	0.2596045	-0.6444923	0.99999875	-0.3606121	0.16249152	-0.20954052	0.18413793	-0.2469437	0.22308862	-0.1937282	0.15491363	-0.12396375	0.10389178	-0.10916628	0.15802746	-0.12588184	0.121931955	-0.098385766	0.12646204
-0.07556969	0.0785524	-0.10236704	0.08182317	-0.083643444	0.06568154	-0.095649265	0.11387752	-0.10671682	0.09094777	-0.09026938	0.101175494	-0.1255371	0.12950067	-0.07288685	0.08378796	-0.10557957	0.15562846	-0.15355407	0.10718572	-0.12638894	0.14423247	-0.22293635	0.26496696	-0.5924694	0.14153667	-0.19318448	0.21776299	-0.3606121	0.99999857	-0.13704884	0.15452872	-0.14573222	0.19041905	-0.53978294	0.16337135	-0.1353272	0.11524123	-0.13881671	0.17506377	-0.1424362	0.10944543	-0.11841361	0.12460476	-0.19801906
0.07707366	-0.07892569	0.09890505	-0.07720049	0.07734042	-0.06793869	0.096482836	-0.11004356	0.097870134	-0.083453335	0.09640898	-0.1073936	0.11729066	-0.11518102	0.06248529	-0.09739867	0.119316295	-0.13314699	0.12095204	-0.09209036	0.23382986	-0.23787022	0.16685858	-0.14382017	0.14823526	-0.6181205	0.24662192	-0.16500752	0.16249152	-0.13704884	0.9999984	-0.26295742	0.16104788	-0.19359107	0.16242938	-0.5580888	0.19161722	-0.12202858	0.091193855	-0.0856091	0.23103783	-0.15883301	0.12458918	-0.086670525	0.10702407
-0.069552526	0.071304984	-0.09104302	0.07113827	-0.07180425	0.060654037	-0.087520234	0.10040051	-0.091243796	0.07718467	-0.08491639	0.09383035	-0.109225415	0.10767002	-0.058586113	0.08146049	-0.102696925	0.12782916	-0.11848056	0.08600883	-0.15826036	0.1718592	-0.17577869	0.15188245	-0.1610016	0.21025875	-0.542298	0.21952048	-0.20954052	0.15452872	-0.26295742	0.99999815	-0.4781189	0.2917799	-0.19383165	0.23505555	-0.43268898	0.20053177	-0.12488011	0.10683901	-0.24297048	0.22484772	-0.20083122	0.11626955	-0.13199683
0.05807721	-0.06003242	0.0767274	-0.060441297	0.060921907	-0.050590195	0.07322391	-0.084997445	0.0771891	-0.066051245	0.069907576	-0.07770061	0.09128288	-0.09170141	0.050050344	-0.06652887	0.08297171	-0.10904617	0.10019505	-0.07393182	0.11517689	-0.12970106	0.14736228	-0.1335505	0.14023198	-0.151254	0.25161603	-0.21872091	0.18413793	-0.14573222	0.16104788	-0.4781189	0.9999983	-0.68725157	0.18711415	-0.18311019	0.22618946	-0.33136114	0.14136636	-0.1122571	0.18049201	-0.17490828	0.22781935	-0.13224034	0.13095325
-0.07260044	0.07440601	-0.09593299	0.07470042	-0.0758625	0.062865324	-0.09160394	0.10457505	-0.096023865	0.081105605	-0.08702178	0.09516209	-0.11364424	0.112482905	-0.061983444	0.08138426	-0.102599464	0.13208085	-0.1254006	0.090716146	-0.13981591	0.1506682	-0.18045703	0.16502129	-0.18922919	0.17096427	-0.3000025	0.21362045	-0.2469437	0.19041905	-0.19359107	0.2917799	-0.68725157	0.9999983	-0.30026188	0.20670666	-0.2587264	0.23722556	-0.18961678	0.15239598	-0.23146442	0.18618019	-0.25726968	0.15976357	-0.18417573
0.083868116	-0.088793755	0.11318877	-0.09156645	0.09192217	-0.072906345	0.10611753	-0.12662147	0.11431295	-0.10292143	0.09748928	-0.10936749	0.12877423	-0.13720034	0.07744597	-0.09163572	0.11175415	-0.15384966	0.14307585	-0.11732738	0.13179554	-0.15207262	0.18345368	-0.20813039	0.2584311	-0.16613519	0.20176332	-0.1973929	0.22308862	-0.53978294	0.16242938	-0.19383165	0.18711415	-0.30026188	0.9999984	-0.21742499	0.16995676	-0.16335447	0.20542659	-0.4201878	0.18107219	-0.14420538	0.15893601	-0.20439793	0.26698172
-0.09185798	0.09210192	-0.11923926	0.08961557	-0.091793865	0.078644276	-0.11576017	0.12486648	-0.11425846	0.09520686	-0.109301366	0.11494689	-0.13472342	0.12863392	-0.07215616	0.101017274	-0.12795039	0.14493968	-0.1393737	0.104215875	-0.19986738	0.18595153	-0.18469141	0.15943474	-0.18477072	0.26904303	-0.2733323	0.1778121	-0.1937282	0.16337135	-0.5580888	0.23505555	-0.18311019	0.20670666	-0.21742499	0.9999983	-0.30243984	0.1576155	-0.12165918	0.11327319	-0.5163611	0.23987758	-0.1746306	0.11407914	-0.14610149
0.065127574	-0.06756202	0.085846975	-0.067423366	0.06787604	-0.056581855	0.08210856	-0.094273165	0.08470907	-0.07373543	0.07730636	-0.085236564	0.09797653	-0.09893012	0.055130836	-0.07380299	0.09077486	-0.11204247	0.10383186	-0.081770256	0.12609461	-0.14096297	0.1387758	-0.126727	0.1366987	-0.18029791	0.237318	-0.15931423	0.15491363	-0.1353272	0.19161722	-0.43268898	0.22618946	-0.2587264	0.16995676	-0.30243984	0.9999983	-0.27486363	0.12838325	-0.10477562	0.3010759	-0.63948846	0.23492642	-0.12861942	0.12661085
-0.045614034	0.047189828	-0.06038579	0.047402486	-0.04789297	0.03954873	-0.057562053	0.06617419	-0.060059424	0.051853403	-0.054145098	0.059528425	-0.06986242	0.07035564	-0.039133836	0.051031824	-0.06339754	0.08072836	-0.07566199	0.057855494	-0.085230604	0.0937008	-0.104023896	0.09635602	-0.10892002	0.1114537	-0.16668658	0.12184045	-0.12396375	0.11524123	-0.12202858	0.20053177	-0.33136114	0.23722556	-0.16335447	0.1576155	-0.27486363	0.9999983	-0.2662013	0.13927388	-0.19115074	0.21756928	-0.7839529	0.21472555	-0.16544953
0.0407267	-0.04266897	0.054472912	-0.0433836	0.043691833	-0.035311274	0.05147746	-0.060146485	0.05436744	-0.048126925	0.047601435	-0.052706834	0.06187862	-0.06413295	0.0361409	-0.04469714	0.05489953	-0.071978025	0.0674049	-0.054109056	0.06841124	-0.076785095	0.08787284	-0.08889632	0.1053241	-0.088182144	0.116226435	-0.09662953	0.10389178	-0.13881671	0.091193855	-0.12488011	0.14136636	-0.18961678	0.20542659	-0.12165918	0.12838325	-0.2662013	0.9999984	-0.4360141	0.119092196	-0.11608448	0.21787597	-0.75364304	0.3027083
-0.041315004	0.043414366	-0.055507194	0.044420872	-0.044758026	0.035829145	-0.0522541	0.06147515	-0.055711247	0.04949969	-0.048170917	0.053516608	-0.06321061	0.06605816	-0.037340373	0.045111954	-0.05537624	0.07416276	-0.069793075	0.056027696	-0.06703858	0.075803414	-0.090605326	0.09583334	-0.12283146	0.08455075	-0.10808501	0.09614783	-0.10916628	0.17506377	-0.0856091	0.10683901	-0.1122571	0.15239598	-0.4201878	0.11327319	-0.10477562	0.13927388	-0.4360141	0.99999833	-0.10438392	0.0906625	-0.14085999	0.28675565	-0.71007407
0.07580545	-0.07859392	0.099953964	-0.07799315	0.078697026	-0.06552764	0.095650226	-0.10839579	0.09720264	-0.085158594	0.08873555	-0.096703716	0.11091848	-0.111790605	0.063326314	-0.08400784	0.10287249	-0.12325721	0.115576446	-0.09389975	0.14022252	-0.15275969	0.14753081	-0.13446915	0.1487525	-0.20653184	0.21326546	-0.15373354	0.15802746	-0.1424362	0.23103783	-0.24297048	0.18049201	-0.23146442	0.18107219	-0.5163611	0.3010759	-0.19115074	0.119092196	-0.10438392	0.99999815	-0.5763259	0.19607414	-0.119688734	0.1291633
-0.05209231	0.053703338	-0.068606526	0.053457256	-0.054049514	0.045091674	-0.065698065	0.0745985	-0.06745518	0.058187563	-0.061749604	0.067390755	-0.07826858	0.078180656	-0.043704774	0.05832151	-0.07231245	0.08848518	-0.0830989	0.064460635	-0.10060689	0.108564205	-0.11132714	0.10079131	-0.112309076	0.13733593	-0.19090745	0.12251969	-0.12588184	0.10944543	-0.15883301	0.22484772	-0.17490828	0.18618019	-0.14420538	0.23987758	-0.63948846	0.21756928	-0.11608448	0.0906625	-0.5763259	0.9999981	-0.30368868	0.11598197	-0.11277132
0.04778925	-0.049676765	0.063362315	-0.049949083	0.050346565	-0.0414572	0.060319323	-0.069631375	0.062879525	-0.05484344	0.05642929	-0.062211353	0.07251542	-0.073702164	0.041162692	-0.053330574	0.065779455	-0.08369079	0.077999264	-0.061144147	0.08719121	-0.096893735	0.10456907	-0.09839457	0.10963283	-0.11691457	0.15957446	-0.12165928	0.121931955	-0.11841361	0.12458918	-0.20083122	0.22781935	-0.25726968	0.15893601	-0.1746306	0.23492642	-0.7839529	0.21787597	-0.14085999	0.19607414	-0.30368868	0.9999981	-0.28372926	0.16237205
-0.038008466	0.03967346	-0.050766528	0.040252145	-0.040626176	0.032921635	-0.048037108	0.055830427	-0.05062627	0.044497386	-0.04451892	0.049114972	-0.057866596	0.059524905	-0.033530064	0.0417019	-0.051421307	0.067029975	-0.06314342	0.049990345	-0.06456475	0.07188072	-0.08292231	0.08280986	-0.100529686	0.082546815	-0.11119373	0.09005759	-0.098385766	0.12460476	-0.086670525	0.11626955	-0.13224034	0.15976357	-0.20439793	0.11407914	-0.12861942	0.21472555	-0.75364304	0.28675565	-0.119688734	0.11598197	-0.28372926	0.9999981	-0.46171775
0.05223359	-0.055139452	0.0702213	-0.056395914	0.056649063	-0.045300588	0.06607233	-0.07790325	0.07014887	-0.063053556	0.06051869	-0.067301564	0.07883756	-0.08305159	0.047120035	-0.056784343	0.069240086	-0.09196704	0.08584172	-0.071095474	0.082959846	-0.09424835	0.10868408	-0.11450326	0.13567233	-0.10659417	0.1309051	-0.11622074	0.12646204	-0.19801906	0.10702407	-0.13199683	0.13095325	-0.18417573	0.26698172	-0.14610149	0.12661085	-0.16544953	0.3027083	-0.71007407	0.1291633	-0.11277132	0.16237205	-0.46171775	0.9999981
