1.0	-0.74062663	0.08075882	-0.033129193	0.03206178	-0.56852543	0.32513222	-0.0767951	0.029950885	-0.027107872	0.10498995	-0.07883616	0.06587081	-0.038290996	0.041416053	-0.10033914	0.06915985	-0.04592572	0.04387569	-0.03728947	0.05008773	-0.050185546	0.04514233	-0.03685451	0.028038086	-0.032771893	0.031682473	-0.030552039	0.028619094	-0.024808494	0.017342994	-0.024231242	0.027958836	-0.024643647	0.023643916	-0.01859026	0.02541154	-0.033876907	0.0239179	-0.0219948	0.016178643	-0.015139275	0.025922693	-0.017315168	0.022621201
-0.74062663	1.0	-0.1007065	0.03709134	-0.036023077	0.3229252	-0.5722693	0.089017466	-0.03380513	0.029907027	-0.08646391	0.07973902	-0.07050292	0.039088864	-0.042325508	0.077023104	-0.06878513	0.04543299	-0.043185662	0.036239896	-0.04703053	0.046837393	-0.04457985	0.03544669	-0.027107906	0.030573517	-0.029987082	0.029057197	-0.027390262	0.02374983	-0.016281934	0.022834005	-0.026619978	0.023478974	-0.022627043	0.017396592	-0.024024848	0.031939663	-0.022783045	0.020935504	-0.015259436	0.014258227	-0.024568766	0.016425489	-0.021490265
0.08075882	-0.1007065	0.99999946	-0.29814163	0.1998403	-0.09741703	0.10834223	-0.79378104	0.19671912	-0.18680412	0.09091043	-0.18752058	0.23832032	-0.13829587	0.12969343	-0.08751248	0.13838248	-0.14669701	0.12832558	-0.11494967	0.103278354	-0.11176338	0.1262373	-0.1086376	0.081720814	-0.080015264	0.07833569	-0.08383812	0.08014078	-0.07163784	0.044167228	-0.06431725	0.075911775	-0.06921752	0.06682431	-0.04792824	0.06681323	-0.09513945	0.06673344	-0.06210157	0.04286875	-0.04035813	0.07140349	-0.048180535	0.06268167
-0.033129193	0.03709134	-0.29814163	0.9999995	-0.78854436	0.038220406	-0.04256654	0.19943133	-0.42363358	0.2916125	-0.04172488	0.07576645	-0.10390022	0.06413259	-0.066728	0.038911644	-0.063396126	0.0626316	-0.061872445	0.05324424	-0.048309058	0.049672134	-0.05876715	0.049954772	-0.03841182	0.036495384	-0.036454927	0.03844113	-0.037353076	0.033209022	-0.020360848	0.02964913	-0.035274815	0.032046285	-0.03128382	0.02196004	-0.031173045	0.04359293	-0.031116879	0.028824681	-0.01995016	0.018697318	-0.033370648	0.022427972	-0.02933969
0.03206178	-0.036023077	0.1998403	-0.78854436	0.99999934	-0.03844116	0.04164719	-0.19493754	0.2961139	-0.46825355	0.04294459	-0.07864927	0.10083105	-0.06497558	0.06699101	-0.04048789	0.06485614	-0.06507011	0.064251214	-0.056504317	0.050503563	-0.052388467	0.060560483	-0.053275783	0.04071417	-0.03905016	0.038792737	-0.041102488	0.039849546	-0.035544164	0.021860803	-0.03191446	0.037698854	-0.034356207	0.033428054	-0.023658115	0.033477165	-0.047256943	0.033370208	-0.030974086	0.02148893	-0.020169016	0.03596025	-0.024160383	0.031556252
-0.56852543	0.3229252	-0.09741703	0.038220406	-0.03844116	0.9999991	-0.7178965	0.09292707	-0.036149945	0.03161161	-0.17065212	0.102218546	-0.0842622	0.046716202	-0.050959896	0.12841184	-0.09145003	0.055806722	-0.052679434	0.044087358	-0.06276834	0.061799068	-0.055252094	0.04346926	-0.03318451	0.03924312	-0.03810639	0.036171004	-0.033809274	0.029166896	-0.020575041	0.028545095	-0.033083703	0.02898773	-0.02783277	0.021939578	-0.029989097	0.039444186	-0.028100504	0.02578445	-0.019020585	0.017768873	-0.030319178	0.020256018	-0.026488597
0.32513222	-0.5722693	0.10834223	-0.04256654	0.04164719	-0.7178965	0.99999887	-0.11958802	0.040375467	-0.03554077	0.122847304	-0.11844274	0.090551436	-0.049736682	0.052959688	-0.1162833	0.09194914	-0.058477055	0.054184966	-0.045805026	0.061300345	-0.062173277	0.056578327	-0.044909	0.034176346	-0.039498076	0.038289145	-0.036986656	0.03463254	-0.03003129	0.020811789	-0.029058287	0.033741124	-0.029732447	0.028550094	-0.022264333	0.030439893	-0.040541578	0.028783744	-0.026469978	0.019342106	-0.018097838	0.031007016	-0.020752016	0.027106293
-0.0767951	0.089017466	-0.79378104	0.19943133	-0.19493754	0.09292707	-0.11958802	0.99999875	-0.23990314	0.16875404	-0.087251015	0.17466924	-0.3641134	0.14002347	-0.13972463	0.08084688	-0.13891633	0.1389561	-0.12222601	0.10262722	-0.095728405	0.10029378	-0.12513603	0.09555599	-0.073186435	0.06947878	-0.069231465	0.07327156	-0.07050544	0.0624229	-0.038104136	0.055169005	-0.06651925	0.06006469	-0.05850259	0.04096126	-0.05769029	0.08025282	-0.057882182	0.053568784	-0.03673325	0.03444729	-0.061179075	0.04130757	-0.05396597
0.029950885	-0.03380513	0.19671912	-0.42363358	0.2961139	-0.036149945	0.040375467	-0.23990314	0.9999986	-0.80903864	0.038973674	-0.073858716	0.10314281	-0.07050703	0.0694696	-0.03655758	0.059885528	-0.06067235	0.059591934	-0.05179934	0.04509181	-0.04688385	0.05563702	-0.047654133	0.036693193	-0.034187935	0.03406351	-0.036178395	0.03523311	-0.03150166	0.019027619	-0.027735056	0.03309107	-0.03019847	0.02952223	-0.0205353	0.029076526	-0.040881276	0.029242614	-0.027138729	0.018607903	-0.017456817	0.031187125	-0.021018153	0.02746903
-0.027107872	0.029907027	-0.18680412	0.2916125	-0.46825355	0.03161161	-0.03554077	0.16875404	-0.80903864	0.99999857	-0.03545515	0.06423034	-0.09231359	0.061861657	-0.06584651	0.032871973	-0.0544007	0.053653713	-0.05465713	0.04678097	-0.041083228	0.041997455	-0.050677516	0.04293901	-0.033339396	0.030773392	-0.03087204	0.032598138	-0.031905416	0.028451752	-0.01716641	0.025004374	-0.029939447	0.027266258	-0.026760578	0.018480761	-0.026319388	0.03672599	-0.026461158	0.024510855	-0.016820533	0.015754275	-0.028218044	0.01899382	-0.024872664
0.10498995	-0.08646391	0.09091043	-0.04172488	0.04294459	-0.17065212	0.122847304	-0.087251015	0.038973674	-0.03545515	0.9999991	-0.24019918	0.14102438	-0.085693054	0.0921077	-0.874572	0.22554716	-0.117909834	0.105494045	-0.09112977	0.17013809	-0.17260048	0.115664124	-0.09321286	0.069624856	-0.10024222	0.090246305	-0.08188881	0.07357704	-0.06290468	0.049174465	-0.06590414	0.07377856	-0.06376596	0.05995121	-0.05270451	0.06796576	-0.08856685	0.061395824	-0.056356665	0.043225832	-0.040593397	0.06662269	-0.044511136	0.057821628
-0.07883616	0.07973902	-0.18752058	0.07576645	-0.07864927	0.102218546	-0.11844274	0.17466924	-0.073858716	0.06423034	-0.24019918	0.9999991	-0.5028941	0.18353088	-0.20025004	0.20127879	-0.6491735	0.21497683	-0.1804316	0.14405198	-0.2191353	0.22725871	-0.208212	0.13889189	-0.10660652	0.122553416	-0.122475915	0.11435884	-0.10625756	0.09094646	-0.06307973	0.08683126	-0.10349985	0.08969147	-0.08634409	0.06630483	-0.09116814	0.117644005	-0.08615194	0.07878784	-0.057143927	0.05324219	-0.09072521	0.06098328	-0.079791866
0.06587081	-0.07050292	0.23832032	-0.10390022	0.10083105	-0.0842622	0.090551436	-0.3641134	0.10314281	-0.09231359	0.14102438	-0.5028941	0.99999887	-0.39760837	0.257005	-0.137043	0.2597513	-0.35956332	0.22104591	-0.19337478	0.16662082	-0.1908349	0.2351397	-0.17617507	0.13174371	-0.12389849	0.121116355	-0.13259225	0.1254102	-0.11218994	0.06688611	-0.097077414	0.11754467	-0.10699516	0.10338834	-0.072237626	0.10007119	-0.14197291	0.10185411	-0.09480026	0.06372385	-0.06003114	0.10619021	-0.07227315	0.09391491
-0.038290996	0.039088864	-0.13829587	0.06413259	-0.06497558	0.046716202	-0.049736682	0.14002347	-0.07050703	0.061861657	-0.085693054	0.18353088	-0.39760837	0.9999989	-0.79648155	0.079678304	-0.15094598	0.17285126	-0.28948185	0.21245818	-0.10868396	0.113086	-0.1552521	0.15498564	-0.13091436	0.08384632	-0.085233934	0.09638913	-0.10291342	0.09764189	-0.046965238	0.06971891	-0.08805404	0.08534561	-0.08845106	0.050434668	-0.07269217	0.10562412	-0.08161713	0.076666616	-0.04635126	0.04356768	-0.08138892	0.056298427	-0.073856674
0.041416053	-0.042325508	0.12969343	-0.066728	0.06699101	-0.050959896	0.052959688	-0.13972463	0.0694696	-0.06584651	0.0921077	-0.20025004	0.257005	-0.79648155	0.9999994	-0.08830383	0.15290955	-0.18333238	0.24998939	-0.3144208	0.12045044	-0.12860604	0.16067481	-0.18777743	0.15838711	-0.099286616	0.09948793	-0.11438067	0.122295946	-0.121452145	0.05606868	-0.083881356	0.104303144	-0.10326821	0.106437236	-0.060721256	0.086828314	-0.12987661	0.09819079	-0.09362451	0.05574955	-0.052624915	0.09824383	-0.06834128	0.08907773
-0.10033914	0.077023104	-0.08751248	0.038911644	-0.04048789	0.12841184	-0.1162833	0.08084688	-0.03655758	0.032871973	-0.874572	0.20127879	-0.137043	0.079678304	-0.08830383	0.9999992	-0.29852623	0.112029456	-0.09967679	0.08306069	-0.21181118	0.17387162	-0.11478842	0.08518689	-0.064248614	0.09746929	-0.09042791	0.076457515	-0.068379425	0.057470687	-0.04701933	0.061385103	-0.069323786	0.058645897	-0.05519616	0.04922245	-0.06406327	0.07960986	-0.056480087	0.051457692	-0.040297236	0.03756085	-0.06098769	0.040627632	-0.05298071
0.06915985	-0.06878513	0.13838248	-0.063396126	0.06485614	-0.09145003	0.09194914	-0.13891633	0.059885528	-0.0544007	0.22554716	-0.6491735	0.2597513	-0.15094598	0.15290955	-0.29852623	0.9999991	-0.25110903	0.17293666	-0.14837466	0.2523005	-0.42151266	0.21083203	-0.15042675	0.11080881	-0.14920828	0.13770159	-0.1290182	0.11519501	-0.09864882	0.073250815	-0.0994809	0.11432485	-0.09907328	0.09308218	-0.078229465	0.102163196	-0.1346151	0.09451182	-0.086884044	0.06460193	-0.060682315	0.100736864	-0.0677469	0.087900795
-0.04592572	0.04543299	-0.14669701	0.0626316	-0.06507011	0.055806722	-0.058477055	0.1389561	-0.06067235	0.053653713	-0.117909834	0.21497683	-0.35956332	0.17285126	-0.18333238	0.112029456	-0.25110903	0.99999887	-0.32863232	0.19434296	-0.18054518	0.19791867	-0.7452424	0.20694667	-0.14792866	0.12732498	-0.13471816	0.16601036	-0.14848237	0.12070671	-0.06913803	0.10238367	-0.14327715	0.11948611	-0.11357644	0.072924234	-0.106227145	0.14400722	-0.111711696	0.10102461	-0.06552315	0.061251067	-0.11090834	0.07568178	-0.09916912
0.04387569	-0.043185662	0.12832558	-0.061872445	0.064251214	-0.052679434	0.054184966	-0.12222601	0.059591934	-0.05465713	0.105494045	-0.1804316	0.22104591	-0.28948185	0.24998939	-0.09967679	0.17293666	-0.32863232	0.99999887	-0.58043814	0.15505183	-0.15936063	0.24881127	-0.4476745	0.28171185	-0.13941348	0.14397143	-0.18352662	0.21634583	-0.21431683	0.08068322	-0.124755375	0.16503632	-0.17774397	0.17931293	-0.08715812	0.12806515	-0.20259605	0.16175573	-0.15638235	0.081896864	-0.07758947	0.15148272	-0.108738035	0.14071956
-0.03728947	0.036239896	-0.11494967	0.05324424	-0.056504317	0.044087358	-0.045805026	0.10262722	-0.05179934	0.04678097	-0.09112977	0.14405198	-0.19337478	0.21245818	-0.3144208	0.08306069	-0.14837466	0.19434296	-0.58043814	0.9999989	-0.13461372	0.12896177	-0.20701946	0.30129784	-0.5512769	0.11716587	-0.12705073	0.1563147	-0.20988405	0.23237918	-0.069899686	0.10841469	-0.15077813	0.16230677	-0.21395515	0.07424583	-0.11538606	0.17361125	-0.1619991	0.15295379	-0.074077874	0.069294006	-0.14679837	0.104164675	-0.14195712
0.05008773	-0.04703053	0.103278354	-0.048309058	0.050503563	-0.06276834	0.061300345	-0.095728405	0.04509181	-0.041083228	0.17013809	-0.2191353	0.16662082	-0.10868396	0.12045044	-0.21181118	0.2523005	-0.18054518	0.15505183	-0.13461372	0.99999887	-0.7305831	0.19862609	-0.14934757	0.10870239	-0.36455825	0.22444241	-0.15944704	0.12636381	-0.10204541	0.11772235	-0.1328521	0.13732848	-0.10995638	0.09824756	-0.122354314	0.13143988	-0.15093249	0.10348806	-0.09363498	0.082702756	-0.07773149	0.11175853	-0.074445054	0.09583151
-0.050185546	0.046837393	-0.11176338	0.049672134	-0.052388467	0.061799068	-0.062173277	0.10029378	-0.04688385	0.041997455	-0.17260048	0.22725871	-0.1908349	0.113086	-0.12860604	0.17387162	-0.42151266	0.19791867	-0.15936063	0.12896177	-0.7305831	0.9999987	-0.2745322	0.1411377	-0.10459823	0.21036507	-0.20731972	0.14267297	-0.11911606	0.094422854	-0.093658306	0.11302233	-0.12752166	0.100421526	-0.09182079	0.09291983	-0.11856515	0.13119246	-0.09541248	0.08539656	-0.07249095	0.06675694	-0.101725504	0.06747255	-0.08796701
0.04514233	-0.04457985	0.1262373	-0.05876715	0.060560483	-0.055252094	0.056578327	-0.12513603	0.05563702	-0.050677516	0.115664124	-0.208212	0.2351397	-0.1552521	0.16067481	-0.11478842	0.21083203	-0.7452424	0.24881127	-0.20701946	0.19862609	-0.2745322	0.9999985	-0.272899	0.16285442	-0.15572454	0.15740472	-0.24124125	0.17456241	-0.14020322	0.08205345	-0.12350792	0.170804	-0.14400537	0.1291062	-0.08777465	0.123372324	-0.17568366	0.12963073	-0.118159905	0.07622992	-0.071965344	0.12792766	-0.0881011	0.11377431
-0.03685451	0.03544669	-0.1086376	0.049954772	-0.053275783	0.04346926	-0.044909	0.09555599	-0.047654133	0.04293901	-0.09321286	0.13889189	-0.17617507	0.15498564	-0.18777743	0.08518689	-0.15042675	0.20694667	-0.4476745	0.30129784	-0.14934757	0.1411377	-0.272899	0.9999985	-0.5184758	0.13957399	-0.15800849	0.21371275	-0.4482196	0.2687654	-0.08382945	0.13326338	-0.20506959	0.23544501	-0.25402007	0.0883196	-0.14073038	0.21165724	-0.22093774	0.19072549	-0.08842412	0.082753375	-0.17742968	0.1279172	-0.17236602
0.028038086	-0.027107906	0.081720814	-0.03841182	0.04071417	-0.03318451	0.034176346	-0.073186435	0.036693193	-0.033339396	0.069624856	-0.10660652	0.13174371	-0.13091436	0.15838711	-0.064248614	0.11080881	-0.14792866	0.28171185	-0.5512769	0.10870239	-0.10459823	0.16285442	-0.5184758	0.9999985	-0.106975764	0.115530096	-0.16086555	0.24110217	-0.48295686	0.06419275	-0.10309836	0.14997523	-0.1894227	0.24554643	-0.06871237	0.105834745	-0.17761914	0.17142718	-0.18214452	0.06789904	-0.064515255	0.13909833	-0.10677803	0.14016229
-0.032771893	0.030573517	-0.080015264	0.036495384	-0.03905016	0.03924312	-0.039498076	0.06947878	-0.034187935	0.030773392	-0.10024222	0.122553416	-0.12389849	0.08384632	-0.099286616	0.09746929	-0.14920828	0.12732498	-0.13941348	0.11716587	-0.36455825	0.21036507	-0.15572454	0.13957399	-0.106975764	0.99999857	-0.7299609	0.22259377	-0.15530775	0.10714011	-0.29125392	0.20629303	-0.20269401	0.1305206	-0.10909513	0.20949842	-0.21186994	0.1656857	-0.121383116	0.10414315	-0.12651163	0.11321869	-0.1321788	0.08538671	-0.11042166
0.031682473	-0.029987082	0.07833569	-0.036454927	0.038792737	-0.03810639	0.038289145	-0.069231465	0.03406351	-0.03087204	0.090246305	-0.122475915	0.121116355	-0.085233934	0.09948793	-0.09042791	0.13770159	-0.13471816	0.14397143	-0.12705073	0.22444241	-0.20731972	0.15740472	-0.15800849	0.115530096	-0.7299609	0.99999845	-0.37390676	0.17289558	-0.12054954	0.19843897	-0.26922154	0.22768319	-0.1521567	0.118200906	-0.21044007	0.20744295	-0.19559997	0.1324011	-0.11576033	0.12043032	-0.11638919	0.13840161	-0.09206851	0.11637108
-0.030552039	0.029057197	-0.08383812	0.03844113	-0.041102488	0.036171004	-0.036986656	0.07327156	-0.036178395	0.032598138	-0.08188881	0.11435884	-0.13259225	0.09638913	-0.11438067	0.076457515	-0.1290182	0.16601036	-0.18352662	0.1563147	-0.15944704	0.14267297	-0.24124125	0.21371275	-0.16086555	0.22259377	-0.37390676	0.9999983	-0.388063	0.17443849	-0.123794325	0.2136787	-0.6542196	0.25616926	-0.17845592	0.12373466	-0.20936508	0.24974166	-0.20832276	0.16527726	-0.11155277	0.103713155	-0.1870304	0.12448013	-0.16203822
0.028619094	-0.027390262	0.08014078	-0.037353076	0.039849546	-0.033809274	0.03463254	-0.07050544	0.03523311	-0.031905416	0.07357704	-0.10625756	0.1254102	-0.10291342	0.122295946	-0.068379425	0.11519501	-0.14848237	0.21634583	-0.20988405	0.12636381	-0.11911606	0.17456241	-0.4482196	0.24110217	-0.15530775	0.17289558	-0.388063	0.99999833	-0.35323325	0.089736454	-0.1544885	0.2706048	-0.55299115	0.25442487	-0.0955287	0.14776997	-0.26028895	0.26624057	-0.24073732	0.08996836	-0.08626202	0.1807177	-0.14406092	0.17763239
-0.024808494	0.02374983	-0.07163784	0.033209022	-0.035544164	0.029166896	-0.03003129	0.0624229	-0.03150166	0.028451752	-0.06290468	0.09094646	-0.11218994	0.09764189	-0.121452145	0.057470687	-0.09864882	0.12070671	-0.21431683	0.23237918	-0.10204541	0.094422854	-0.14020322	0.2687654	-0.48295686	0.10714011	-0.12054954	0.17443849	-0.35323325	0.9999982	-0.06653592	0.10919107	-0.17478451	0.23524916	-0.6395331	0.07049631	-0.11350292	0.19414558	-0.2408054	0.24937159	-0.07366742	0.06988696	-0.16892244	0.13278696	-0.18905729
0.017342994	-0.016281934	0.044167228	-0.020360848	0.021860803	-0.020575041	0.020811789	-0.038104136	0.019027619	-0.01716641	0.049174465	-0.06307973	0.06688611	-0.046965238	0.05606868	-0.04701933	0.073250815	-0.06913803	0.08068322	-0.069899686	0.11772235	-0.093658306	0.08205345	-0.08382945	0.06419275	-0.29125392	0.19843897	-0.123794325	0.089736454	-0.06653592	0.9999978	-0.282842	0.12514314	-0.08261873	0.06763694	-0.8502491	0.21350324	-0.117913716	0.077232376	-0.06781822	0.17120422	-0.16486244	0.09415771	-0.060022224	0.073119394
-0.024231242	0.022834005	-0.06431725	0.02964913	-0.03191446	0.028545095	-0.029058287	0.055169005	-0.027735056	0.025004374	-0.06590414	0.08683126	-0.097077414	0.06971891	-0.083881356	0.061385103	-0.0994809	0.10238367	-0.124755375	0.10841469	-0.1328521	0.11302233	-0.12350792	0.13326338	-0.10309836	0.20629303	-0.26922154	0.2136787	-0.1544885	0.10919107	-0.282842	0.99999785	-0.3142004	0.14825542	-0.113435894	0.22151539	-0.7661472	0.19700105	-0.13448578	0.11282415	-0.20829333	0.19063805	-0.15062049	0.096103676	-0.12000942
0.027958836	-0.026619978	0.075911775	-0.035274815	0.037698854	-0.033083703	0.033741124	-0.06651925	0.03309107	-0.029939447	0.07377856	-0.10349985	0.11754467	-0.08805404	0.104303144	-0.069323786	0.11432485	-0.14327715	0.16503632	-0.15077813	0.13732848	-0.12752166	0.170804	-0.20506959	0.14997523	-0.20269401	0.22768319	-0.6542196	0.2706048	-0.17478451	0.12514314	-0.3142004	0.99999785	-0.37237707	0.17629583	-0.12949792	0.22004671	-0.38428172	0.22316918	-0.1813195	0.113705575	-0.10953166	0.19674934	-0.13482648	0.16598931
-0.024643647	0.023478974	-0.06921752	0.032046285	-0.034356207	0.02898773	-0.029732447	0.06006469	-0.03019847	0.027266258	-0.06376596	0.08969147	-0.10699516	0.08534561	-0.10326821	0.058645897	-0.09907328	0.11948611	-0.17774397	0.16230677	-0.10995638	0.100421526	-0.14400537	0.23544501	-0.1894227	0.1305206	-0.1521567	0.25616926	-0.55299115	0.23524916	-0.08261873	0.14825542	-0.37237707	0.9999979	-0.31158024	0.08615903	-0.14694674	0.25218505	-0.5439403	0.26399177	-0.08773634	0.08348629	-0.19508548	0.15689828	-0.2000669
0.023643916	-0.022627043	0.06682431	-0.03128382	0.033428054	-0.02783277	0.028550094	-0.05850259	0.02952223	-0.026760578	0.05995121	-0.08634409	0.10338834	-0.08845106	0.106437236	-0.05519616	0.09308218	-0.11357644	0.17931293	-0.21395515	0.09824756	-0.09182079	0.1291062	-0.25402007	0.24554643	-0.10909513	0.118200906	-0.17845592	0.25442487	-0.6395331	0.06763694	-0.113435894	0.17629583	-0.31158024	0.99999803	-0.07268332	0.11340081	-0.2253841	0.2673199	-0.4986596	0.07454293	-0.0723297	0.1737041	-0.1595925	0.20823398
-0.01859026	0.017396592	-0.04792824	0.02196004	-0.023658115	0.021939578	-0.022264333	0.04096126	-0.0205353	0.018480761	-0.05270451	0.06630483	-0.072237626	0.050434668	-0.060721256	0.04922245	-0.078229465	0.072924234	-0.08715812	0.07424583	-0.122354314	0.09291983	-0.08777465	0.0883196	-0.06871237	0.20949842	-0.21044007	0.12373466	-0.0955287	0.07049631	-0.8502491	0.22151539	-0.12949792	0.08615903	-0.07268332	0.99999785	-0.25783184	0.12258714	-0.08285815	0.07234077	-0.25200427	0.17882584	-0.10438207	0.06515518	-0.080301635
0.02541154	-0.024024848	0.06681323	-0.031173045	0.033477165	-0.029989097	0.030439893	-0.05769029	0.029076526	-0.026319388	0.06796576	-0.09116814	0.10007119	-0.07269217	0.086828314	-0.06406327	0.102163196	-0.106227145	0.12806515	-0.11538606	0.13143988	-0.11856515	0.123372324	-0.14073038	0.105834745	-0.21186994	0.20744295	-0.20936508	0.14776997	-0.11350292	0.21350324	-0.7661472	0.22004671	-0.14694674	0.11340081	-0.25783184	0.99999774	-0.22853497	0.13226199	-0.11731542	0.21970946	-0.29988837	0.15693334	-0.10235541	0.121928655
-0.033876907	0.031939663	-0.09513945	0.04359293	-0.047256943	0.039444186	-0.040541578	0.08025282	-0.040881276	0.03672599	-0.08856685	0.117644005	-0.14197291	0.10562412	-0.12987661	0.07960986	-0.1346151	0.14400722	-0.20259605	0.17361125	-0.15093249	0.13119246	-0.17568366	0.21165724	-0.17761914	0.1656857	-0.19559997	0.24974166	-0.26028895	0.19414558	-0.117913716	0.19700105	-0.38428172	0.25218505	-0.2253841	0.12258714	-0.22853497	0.99999785	-0.358914	0.24879666	-0.1595135	0.14900582	-0.5525626	0.26423058	-0.34832686
0.0239179	-0.022783045	0.06673344	-0.031116879	0.033370208	-0.028100504	0.028783744	-0.057882182	0.029242614	-0.026461158	0.061395824	-0.08615194	0.10185411	-0.08161713	0.09819079	-0.056480087	0.09451182	-0.111711696	0.16175573	-0.1619991	0.10348806	-0.09541248	0.12963073	-0.22093774	0.17142718	-0.121383116	0.1324011	-0.20832276	0.26624057	-0.2408054	0.077232376	-0.13448578	0.22316918	-0.5439403	0.2673199	-0.08285815	0.13226199	-0.358914	0.99999774	-0.56353164	0.08777148	-0.086094685	0.22772987	-0.24830726	0.25585285
-0.0219948	0.020935504	-0.06210157	0.028824681	-0.030974086	0.02578445	-0.026469978	0.053568784	-0.027138729	0.024510855	-0.056356665	0.07878784	-0.09480026	0.076666616	-0.09362451	0.051457692	-0.086884044	0.10102461	-0.15638235	0.15295379	-0.09363498	0.08539656	-0.118159905	0.19072549	-0.18214452	0.10414315	-0.11576033	0.16527726	-0.24073732	0.24937159	-0.06781822	0.11282415	-0.1813195	0.26399177	-0.4986596	0.07234077	-0.11731542	0.24879666	-0.56353164	0.9999977	-0.082369834	0.079996265	-0.24153501	0.23147945	-0.44045338
0.016178643	-0.015259436	0.04286875	-0.01995016	0.02148893	-0.019020585	0.019342106	-0.03673325	0.018607903	-0.016820533	0.043225832	-0.057143927	0.06372385	-0.04635126	0.05574955	-0.040297236	0.06460193	-0.06552315	0.081896864	-0.074077874	0.082702756	-0.07249095	0.07622992	-0.08842412	0.06789904	-0.12651163	0.12043032	-0.11155277	0.08996836	-0.07366742	0.17120422	-0.20829333	0.113705575	-0.08773634	0.07454293	-0.25200427	0.21970946	-0.1595135	0.08777148	-0.082369834	0.9999977	-0.8784502	0.14945973	-0.092793785	0.09389393
-0.015139275	0.014258227	-0.04035813	0.018697318	-0.020169016	0.017768873	-0.018097838	0.03444729	-0.017456817	0.015754275	-0.040593397	0.05324219	-0.06003114	0.04356768	-0.052624915	0.03756085	-0.060682315	0.061251067	-0.07758947	0.069294006	-0.07773149	0.06675694	-0.071965344	0.082753375	-0.064515255	0.11321869	-0.11638919	0.103713155	-0.08626202	0.06988696	-0.16486244	0.19063805	-0.10953166	0.08348629	-0.0723297	0.17882584	-0.29988837	0.14900582	-0.086094685	0.079996265	-0.8784502	0.9999974	-0.1823019	0.095422946	-0.09852041
0.025922693	-0.024568766	0.07140349	-0.033370648	0.03596025	-0.030319178	0.031007016	-0.061179075	0.031187125	-0.028218044	0.06662269	-0.09072521	0.10619021	-0.08138892	0.09824383	-0.06098769	0.100736864	-0.11090834	0.15148272	-0.14679837	0.11175853	-0.101725504	0.12792766	-0.17742968	0.13909833	-0.1321788	0.13840161	-0.1870304	0.1807177	-0.16892244	0.09415771	-0.15062049	0.19674934	-0.19508548	0.1737041	-0.10438207	0.15693334	-0.5525626	0.22772987	-0.24153501	0.14945973	-0.1823019	0.9999973	-0.5959454	0.30356762
-0.017315168	0.016425489	-0.048180535	0.022427972	-0.024160383	0.020256018	-0.020752016	0.04130757	-0.021018153	0.01899382	-0.044511136	0.06098328	-0.07227315	0.056298427	-0.06834128	0.040627632	-0.0677469	0.07568178	-0.108738035	0.104164675	-0.074445054	0.06747255	-0.0881011	0.1279172	-0.10677803	0.08538671	-0.09206851	0.12448013	-0.14406092	0.13278696	-0.060022224	0.096103676	-0.13482648	0.15689828	-0.1595925	0.06515518	-0.10235541	0.26423058	-0.24830726	0.23147945	-0.092793785	0.095422946	-0.5959454	0.9999974	-0.67118114
0.022621201	-0.021490265	0.06268167	-0.02933969	0.031556252	-0.026488597	0.027106293	-0.05396597	0.02746903	-0.024872664	0.057821628	-0.079791866	0.09391491	-0.073856674	0.08907773	-0.05298071	0.087900795	-0.09916912	0.14071956	-0.14195712	0.09583151	-0.08796701	0.11377431	-0.17236602	0.14016229	-0.11042166	0.11637108	-0.16203822	0.17763239	-0.18905729	0.073119394	-0.12000942	0.16598931	-0.2000669	0.20823398	-0.080301635	0.121928655	-0.34832686	0.25585285	-0.44045338	0.09389393	-0.09852041	0.30356762	-0.67118114	0.9999974
