1.0000001	-0.38551506	0.20821817	-0.19914624	0.15722324	-0.6517247	0.29434365	-0.2716558	0.17953908	-0.1419593	0.24318433	-0.2382624	0.1967135	-0.16781163	0.13982424	-0.28504395	0.21099149	-0.16649398	0.16573238	-0.13713889	0.15927042	-0.15067631	0.16980636	-0.16137844	0.15596803	-0.09775394	0.13593048	-0.13120072	0.16191934	-0.12097585	0.1038285	-0.13135466	0.118889354	-0.113264844	0.09908424	-0.058695033	0.060918547	-0.060994267	0.11111316	-0.10968319	0.07575251	-0.061937034	0.056510586	-0.08292815	0.11694113
-0.38551506	1.0	-0.6279984	0.26917002	-0.23090048	0.24656093	-0.39605108	0.3074764	-0.26308373	0.17583147	-0.18545279	0.20564805	-0.21235561	0.17304707	-0.15909232	0.1890184	-0.20245264	0.15843144	-0.17380759	0.14295493	-0.1419598	0.13304642	-0.16508058	0.15285674	-0.15149689	0.085356995	-0.12546043	0.11994579	-0.15541902	0.11207993	-0.09349013	0.11589216	-0.10858855	0.102040894	-0.0904904	0.0521843	-0.05429657	0.05393125	-0.10105644	0.09738904	-0.06824245	0.054159194	-0.049954914	0.07387904	-0.10545727
0.20821817	-0.6279984	0.99999976	-0.48667753	0.20190264	-0.17607011	0.24846101	-0.47791994	0.2710203	-0.1735295	0.12891735	-0.15294433	0.16654879	-0.14761454	0.12460412	-0.13797887	0.14025702	-0.11885222	0.13185409	-0.11670946	0.09795335	-0.09419903	0.11760304	-0.11414533	0.10672042	-0.059487022	0.08777275	-0.08552078	0.10946763	-0.08065634	0.06417954	-0.08238178	0.07613225	-0.07224732	0.063888445	-0.036001492	0.038017057	-0.03796054	0.07027625	-0.069737375	0.046696007	-0.038113102	0.034925047	-0.051770244	0.07285827
-0.19914624	0.26917002	-0.48667753	0.9999995	-0.41094878	0.15841544	-0.22303973	0.29203284	-0.6136667	0.2685773	-0.12910272	0.1503145	-0.1893853	0.17941906	-0.16636527	0.13860166	-0.14936881	0.13111553	-0.16003731	0.1473845	-0.1040225	0.10020496	-0.13066871	0.12853262	-0.12053209	0.06320795	-0.095345	0.09327136	-0.12224471	0.089870356	-0.06844328	0.08901921	-0.08292044	0.07888862	-0.07029124	0.03840323	-0.041116074	0.04103721	-0.07658334	0.07642131	-0.049839284	0.041166183	-0.037761137	0.05623654	-0.07912974
0.15722324	-0.23090048	0.20190264	-0.41094878	0.99999905	-0.14085072	0.16831647	-0.23594832	0.29369995	-0.75285405	0.11377708	-0.13536166	0.1578557	-0.16414116	0.22150594	-0.13313296	0.13374959	-0.12690902	0.15238675	-0.22629099	0.095799744	-0.094356745	0.12245223	-0.13106619	0.120252565	-0.059596654	0.09026298	-0.09035758	0.117745094	-0.09261392	0.06362259	-0.08724094	0.07990871	-0.07786183	0.070123315	-0.03614636	0.039933544	-0.040145006	0.07422947	-0.07816421	0.046478823	-0.040622734	0.036940172	-0.055311415	0.076629505
-0.6517247	0.24656093	-0.17607011	0.15841544	-0.14085072	0.999999	-0.48172447	0.2330058	-0.16272755	0.12160459	-0.3795397	0.2581782	-0.19964567	0.15559366	-0.12795703	0.2535069	-0.22169276	0.15752362	-0.15696473	0.12120296	-0.15745778	0.14387242	-0.16257866	0.145706	-0.14136758	0.091813676	-0.12750416	0.12043328	-0.14824675	0.107185364	-0.09974641	0.117525324	-0.10813103	0.100430556	-0.087542385	0.05493375	-0.054441564	0.05411764	-0.09900365	0.09496135	-0.07179571	0.054049946	-0.04969738	0.072678335	-0.1030741
0.29434365	-0.39605108	0.24846101	-0.22303973	0.16831647	-0.48172447	0.9999991	-0.5020521	0.21830104	-0.15539944	0.25030282	-0.40796468	0.22774604	-0.18659174	0.14036135	-0.24712385	0.22403453	-0.17165527	0.16890977	-0.13685215	0.1488923	-0.1461592	0.16401117	-0.1542642	0.14071949	-0.08914917	0.12549585	-0.121777326	0.147502	-0.108875655	0.094369926	-0.117966235	0.106675886	-0.10026541	0.087061726	-0.052538984	0.05350676	-0.053550296	0.09669771	-0.095788516	0.06777049	-0.05340948	0.048735473	-0.07158147	0.09984384
-0.2716558	0.3074764	-0.47791994	0.29203284	-0.23594832	0.2330058	-0.5020521	0.99999934	-0.44489092	0.2025601	-0.184494	0.221964	-0.2802898	0.20579527	-0.16429876	0.1844442	-0.19937731	0.16498314	-0.18425973	0.1489544	-0.13408658	0.12876578	-0.16269377	0.15316832	-0.14295961	0.08036945	-0.11910533	0.11549629	-0.14761212	0.107120104	-0.086951956	0.11013058	-0.10222629	0.09623313	-0.08487295	0.04845305	-0.05069156	0.050535176	-0.09362093	0.09206338	-0.06296127	0.05047491	-0.046332035	0.06864172	-0.0966775
0.17953908	-0.26308373	0.2710203	-0.6136667	0.29369995	-0.16272755	0.21830104	-0.44489092	0.99999934	-0.42299414	0.13021465	-0.16015978	0.20639472	-0.26221177	0.17867894	-0.14400502	0.14965992	-0.14123638	0.1749323	-0.16932267	0.103601515	-0.10193062	0.13341446	-0.13830914	0.121497534	-0.06342114	0.0958433	-0.09533499	0.123482846	-0.092410386	0.06787361	-0.09060382	0.08346086	-0.08003969	0.07107666	-0.0382155	0.041333828	-0.04142289	0.076558344	-0.078142755	0.049286786	-0.041527722	0.03790433	-0.05655659	0.078693055
-0.1419593	0.17583147	-0.1735295	0.2685773	-0.75285405	0.12160459	-0.15539944	0.2025601	-0.42299414	0.99999887	-0.102625884	0.12144417	-0.15460716	0.15841898	-0.3244524	0.11626712	-0.12376082	0.1169194	-0.15138663	0.2117454	-0.08718994	0.08550815	-0.11441338	0.12005771	-0.113270864	0.05371221	-0.08256088	0.08221679	-0.109497555	0.08423555	-0.05769532	0.078363396	-0.07265426	0.07030441	-0.06362114	0.032604143	-0.035955977	0.036039814	-0.06730355	0.06990539	-0.042056445	0.036286242	-0.033129685	0.04971628	-0.069230355
0.24318433	-0.18545279	0.12891735	-0.12910272	0.11377708	-0.3795397	0.25030282	-0.184494	0.13021465	-0.102625884	0.9999989	-0.5417438	0.2108463	-0.1654574	0.11543804	-0.62302774	0.25705698	-0.17308852	0.15482281	-0.114309855	0.18717238	-0.17393732	0.16480908	-0.1467743	0.1314204	-0.10435316	0.13202146	-0.12522976	0.14159745	-0.103419736	0.10693559	-0.121974625	0.107573025	-0.09859446	0.083548434	-0.05781464	0.0540575	-0.054059424	0.09433565	-0.091938324	0.07427511	-0.052998878	0.048265513	-0.06973654	0.096395664
-0.2382624	0.20564805	-0.15294433	0.1503145	-0.13536166	0.2581782	-0.40796468	0.221964	-0.16015978	0.12144417	-0.5417438	0.999999	-0.38534707	0.21719399	-0.1415612	0.30092043	-0.44009477	0.2228894	-0.20297728	0.13747948	-0.19795214	0.19545664	-0.20531987	0.17459482	-0.15322573	0.10947108	-0.15246598	0.14408453	-0.16579558	0.118719436	-0.116419986	0.13558345	-0.12218961	0.11128692	-0.09469821	0.06264762	-0.06011869	0.059981123	-0.10617374	0.103330344	-0.08116611	0.05858071	-0.053513397	0.07787358	-0.10771018
0.1967135	-0.21235561	0.16654879	-0.1893853	0.1578557	-0.19964567	0.22774604	-0.2802898	0.20639472	-0.15460716	0.2108463	-0.38534707	0.9999991	-0.6362605	0.1787339	-0.23584665	0.25099275	-0.3402589	0.29096544	-0.19064592	0.15837258	-0.16706316	0.2293816	-0.23649143	0.1718512	-0.09677872	0.14822307	-0.15410237	0.18423147	-0.13673678	0.10070665	-0.14010555	0.12626486	-0.12044878	0.103532486	-0.05653717	0.06139278	-0.061937843	0.11122773	-0.115277596	0.07197468	-0.061132547	0.055341817	-0.082594156	0.112109065
-0.16781163	0.17304707	-0.14761454	0.17941906	-0.16414116	0.15559366	-0.18659174	0.20579527	-0.26221177	0.15841898	-0.1654574	0.21719399	-0.6362605	0.9999992	-0.22473015	0.17758226	-0.21649434	0.24702814	-0.53760976	0.20756169	-0.13718484	0.14043793	-0.21624556	0.22878279	-0.17350169	0.082856566	-0.13352881	0.13651265	-0.18505077	0.12895954	-0.08794928	0.12246086	-0.11421144	0.108932205	-0.095838174	0.04915266	-0.054504856	0.054705873	-0.101443574	0.10411749	-0.06301084	0.053924628	-0.049162924	0.0741023	-0.10154676
0.13982424	-0.15909232	0.12460412	-0.16636527	0.22150594	-0.12795703	0.14036135	-0.16429876	0.17867894	-0.3244524	0.11543804	-0.1415612	0.1787339	-0.22473015	0.9999992	-0.14219634	0.14890888	-0.16593999	0.23477341	-0.80390614	0.10610797	-0.10810102	0.15082538	-0.18432178	0.1664463	-0.06692064	0.10587552	-0.10969056	0.14800006	-0.12713398	0.07071312	-0.103688195	0.09490291	-0.094900206	0.08810316	-0.04043639	0.046752002	-0.047258105	0.08794558	-0.0992998	0.0515572	-0.047810167	0.043243766	-0.06582063	0.08956694
-0.28504395	0.1890184	-0.13797887	0.13860166	-0.13313296	0.2535069	-0.24712385	0.1844442	-0.14400502	0.11626712	-0.62302774	0.30092043	-0.23584665	0.17758226	-0.14219634	0.99999917	-0.37568548	0.21152276	-0.19218561	0.13626923	-0.3523662	0.24099918	-0.22438589	0.18251014	-0.17292313	0.15998654	-0.18678394	0.16720875	-0.18862492	0.13334501	-0.17377584	0.16330817	-0.1471012	0.1303941	-0.10999369	0.08880973	-0.074065864	0.07315518	-0.12734047	0.11865873	-0.11717141	0.071181566	-0.065477766	0.092802316	-0.1299801
0.21099149	-0.20245264	0.14025702	-0.14936881	0.13374959	-0.22169276	0.22403453	-0.19937731	0.14965992	-0.12376082	0.25705698	-0.44009477	0.25099275	-0.21649434	0.14890888	-0.37568548	0.9999992	-0.43433928	0.2244525	-0.15633143	0.2645634	-0.44487455	0.2760513	-0.22367053	0.17939231	-0.1544016	0.21533999	-0.21067822	0.20085058	-0.14805992	0.1479571	-0.1921675	0.16118509	-0.14467198	0.11769411	-0.08089884	0.078660354	-0.07948049	0.13249372	-0.13152939	0.10079212	-0.07555241	0.06805892	-0.098468885	0.13198438
-0.16649398	0.15843144	-0.11885222	0.13111553	-0.12690902	0.15752362	-0.17165527	0.16498314	-0.14123638	0.1169194	-0.17308852	0.2228894	-0.3402589	0.24702814	-0.16593999	0.21152276	-0.43433928	0.9999994	-0.39764243	0.17136374	-0.1906557	0.21909118	-0.6149034	0.2633801	-0.19017051	0.11064543	-0.20224003	0.21267432	-0.2186168	0.14844899	-0.11494315	0.16581373	-0.15759325	0.13693553	-0.11345223	0.06303143	-0.06985447	0.0700011	-0.12501654	0.123098776	-0.08005468	0.06631702	-0.06040219	0.090239465	-0.12185414
0.16573238	-0.17380759	0.13185409	-0.16003731	0.15238675	-0.15696473	0.16890977	-0.18425973	0.1749323	-0.15138663	0.15482281	-0.20297728	0.29096544	-0.53760976	0.23477341	-0.19218561	0.2244525	-0.39764243	0.99999934	-0.3464828	0.14784363	-0.15980335	0.2615654	-0.44999042	0.21144468	-0.09226748	0.15377603	-0.16740866	0.2280864	-0.16497678	0.09617509	-0.14576481	0.13409193	-0.1323871	0.11559417	-0.054543532	0.06352807	-0.06429391	0.11863913	-0.12792736	0.069104105	-0.063407324	0.057360422	-0.08759741	0.11750734
-0.13713889	0.14295493	-0.11670946	0.1473845	-0.22629099	0.12120296	-0.13685215	0.1489544	-0.16932267	0.2117454	-0.114309855	0.13747948	-0.19064592	0.20756169	-0.80390614	0.13626923	-0.15633143	0.17136374	-0.3464828	0.9999993	-0.10890474	0.11014882	-0.1652982	0.19296083	-0.20904964	0.06768661	-0.11088547	0.11362108	-0.16375402	0.13506676	-0.07224248	0.10513072	-0.09873505	0.09781306	-0.09288543	0.041011017	-0.04773228	0.04800548	-0.091421485	0.1010746	-0.052525166	0.048224956	-0.043931946	0.067271136	-0.092456125
0.15927042	-0.1419598	0.09795335	-0.1040225	0.095799744	-0.15745778	0.1488923	-0.13408658	0.103601515	-0.08718994	0.18717238	-0.19795214	0.15837258	-0.13718484	0.10610797	-0.3523662	0.2645634	-0.1906557	0.14784363	-0.10890474	0.99999934	-0.6403319	0.20135793	-0.16516991	0.14264236	-0.41375116	0.22271433	-0.19676071	0.1649767	-0.121318996	0.2430447	-0.20335968	0.15326606	-0.13033544	0.1006351	-0.11996426	0.079360105	-0.07995613	0.11882888	-0.11260168	0.1383579	-0.073476985	0.06556511	-0.088699184	0.11674808
-0.15067631	0.13304642	-0.09419903	0.10020496	-0.094356745	0.14387242	-0.1461592	0.12876578	-0.10193062	0.08550815	-0.17393732	0.19545664	-0.16706316	0.14043793	-0.10810102	0.24099918	-0.44487455	0.21909118	-0.15980335	0.11014882	-0.6403319	0.99999946	-0.2754822	0.174771	-0.1484922	0.20917119	-0.36819854	0.22577958	-0.17999473	0.12420529	-0.21041487	0.2040795	-0.16814116	0.13329132	-0.10261919	0.09883283	-0.079131685	0.07823464	-0.12239552	0.111988194	-0.1262551	0.0703394	-0.063914746	0.08839418	-0.11787632
0.16980636	-0.16508058	0.11760304	-0.13066871	0.12245223	-0.16257866	0.16401117	-0.16269377	0.13341446	-0.11441338	0.16480908	-0.20531987	0.2293816	-0.21624556	0.15082538	-0.22438589	0.2760513	-0.6149034	0.2615654	-0.1652982	0.20135793	-0.2754822	0.9999994	-0.39244157	0.20978072	-0.12573597	0.24311095	-0.37362674	0.25212234	-0.17823477	0.1256522	-0.21260373	0.19399883	-0.17014046	0.13305989	-0.07055233	0.08358594	-0.085022554	0.14600334	-0.14813039	0.08776262	-0.0789467	0.071095616	-0.10709907	0.14006744
-0.16137844	0.15285674	-0.11414533	0.12853262	-0.13106619	0.145706	-0.1542642	0.15316832	-0.13830914	0.12005771	-0.1467743	0.17459482	-0.23649143	0.22878279	-0.18432178	0.18251014	-0.22367053	0.2633801	-0.44999042	0.19296083	-0.16516991	0.174771	-0.39244157	0.99999934	-0.41509622	0.10337679	-0.19855906	0.22043423	-0.52225685	0.2578277	-0.10974931	0.1805547	-0.17959628	0.18443914	-0.16765067	0.0624457	-0.080046035	0.08063619	-0.16240114	0.17376369	-0.079180025	0.07906108	-0.07229674	0.11452801	-0.15395404
0.15596803	-0.15149689	0.10672042	-0.12053209	0.120252565	-0.14136758	0.14071949	-0.14295961	0.121497534	-0.113270864	0.1314204	-0.15322573	0.1718512	-0.17350169	0.1664463	-0.17292313	0.17939231	-0.19017051	0.21144468	-0.20904964	0.14264236	-0.1484922	0.20978072	-0.41509622	0.99999917	-0.09537698	0.16516037	-0.1834392	0.30812958	-0.6571606	0.10042545	-0.17870554	0.16630146	-0.19691777	0.24655457	-0.05953706	0.081623204	-0.08387106	0.16901173	-0.28790247	0.0746749	-0.08873856	0.07920279	-0.130796	0.1710752
-0.09775394	0.085356995	-0.059487022	0.06320795	-0.059596654	0.091813676	-0.08914917	0.08036945	-0.06342114	0.05371221	-0.10435316	0.10947108	-0.09677872	0.082856566	-0.06692064	0.15998654	-0.1544016	0.11064543	-0.09226748	0.06768661	-0.41375116	0.20917119	-0.12573597	0.10337679	-0.09537698	0.99999905	-0.15442875	0.12413074	-0.11209417	0.08076708	-0.7738187	0.15652823	-0.119452365	0.093633026	-0.0706921	0.21406484	-0.07225541	0.06935157	-0.089559264	0.077705584	-0.26923802	0.064812884	-0.058566503	0.06674947	-0.08785463
0.13593048	-0.12546043	0.08777275	-0.095345	0.09026298	-0.12750416	0.12549585	-0.11910533	0.0958433	-0.08256088	0.13202146	-0.15246598	0.14822307	-0.13352881	0.10587552	-0.18678394	0.21533999	-0.20224003	0.15377603	-0.11088547	0.22271433	-0.36819854	0.24311095	-0.19855906	0.16516037	-0.15442875	0.99999905	-0.64049745	0.22601166	-0.1554879	0.14886817	-0.46595418	0.2785782	-0.19512914	0.12973	-0.08084515	0.11479907	-0.11592277	0.16163123	-0.14223263	0.097563244	-0.08814467	0.07952098	-0.114118524	0.14518072
-0.13120072	0.11994579	-0.08552078	0.09327136	-0.09035758	0.12043328	-0.121777326	0.11549629	-0.09533499	0.08221679	-0.12522976	0.14408453	-0.15410237	0.13651265	-0.10969056	0.16720875	-0.21067822	0.21267432	-0.16740866	0.11362108	-0.19676071	0.22577958	-0.37362674	0.22043423	-0.1834392	0.12413074	-0.64049745	0.9999989	-0.33262253	0.17057641	-0.13122413	0.29667553	-0.41372588	0.21353172	-0.14245373	0.07180473	-0.105534874	0.10432885	-0.17929155	0.14794011	-0.08946504	0.08502712	-0.078460746	0.11865649	-0.15443118
0.16191934	-0.15541902	0.10946763	-0.12224471	0.117745094	-0.14824675	0.147502	-0.14761212	0.123482846	-0.109497555	0.14159745	-0.16579558	0.18423147	-0.18505077	0.14800006	-0.18862492	0.20085058	-0.2186168	0.2280864	-0.16375402	0.1649767	-0.17999473	0.25212234	-0.52225685	0.30812958	-0.11209417	0.22601166	-0.33262253	0.99999887	-0.4551328	0.116791	-0.2377946	0.2281389	-0.31668818	0.22492969	-0.068842836	0.09979075	-0.10317542	0.20932397	-0.24567823	0.085450836	-0.10150107	0.09101706	-0.15258963	0.1880117
-0.12097585	0.11207993	-0.08065634	0.089870356	-0.09261392	0.107185364	-0.108875655	0.107120104	-0.092410386	0.08423555	-0.103419736	0.118719436	-0.13673678	0.12895954	-0.12713398	0.13334501	-0.14805992	0.14844899	-0.16497678	0.13506676	-0.121318996	0.12420529	-0.17823477	0.2578277	-0.6571606	0.08076708	-0.1554879	0.17057641	-0.4551328	0.99999875	-0.0866296	0.16006397	-0.16541716	0.2017294	-0.42430726	0.051334087	-0.07621176	0.07724933	-0.17711297	0.26542583	-0.064672306	0.080564216	-0.073965356	0.12611149	-0.17446604
0.1038285	-0.09349013	0.06417954	-0.06844328	0.06362259	-0.09974641	0.094369926	-0.086951956	0.06787361	-0.05769532	0.10693559	-0.116419986	0.10070665	-0.08794928	0.07071312	-0.17377584	0.1479571	-0.11494315	0.09617509	-0.07224248	0.2430447	-0.21041487	0.1256522	-0.10974931	0.10042545	-0.7738187	0.14886817	-0.13122413	0.116791	-0.0866296	0.99999857	-0.19774014	0.12827937	-0.102451794	0.075771034	-0.35864416	0.08133433	-0.07990539	0.09555203	-0.08464105	0.25047374	-0.07123108	0.06254686	-0.0722981	0.09317468
-0.13135466	0.11589216	-0.08238178	0.08901921	-0.08724094	0.117525324	-0.117966235	0.11013058	-0.09060382	0.078363396	-0.121974625	0.13558345	-0.14010555	0.12246086	-0.103688195	0.16330817	-0.1921675	0.16581373	-0.14576481	0.10513072	-0.20335968	0.2040795	-0.21260373	0.1805547	-0.17870554	0.15652823	-0.46595418	0.29667553	-0.2377946	0.16006397	-0.19774014	0.9999988	-0.61660016	0.25957865	-0.1637394	0.099961415	-0.23035286	0.1825477	-0.2486284	0.16536832	-0.12130347	0.11856668	-0.11255691	0.15448397	-0.20666127
0.118889354	-0.10858855	0.07613225	-0.08292044	0.07990871	-0.10813103	0.106675886	-0.10222629	0.08346086	-0.07265426	0.107573025	-0.12218961	0.12626486	-0.11421144	0.09490291	-0.1471012	0.16118509	-0.15759325	0.13409193	-0.09873505	0.15326606	-0.16814116	0.19399883	-0.17959628	0.16630146	-0.119452365	0.2785782	-0.41372588	0.2281389	-0.16541716	0.12827937	-0.61660016	0.99999875	-0.47573882	0.16862486	-0.07474694	0.15371935	-0.16756086	0.24070266	-0.17842595	0.08874717	-0.11063105	0.10089519	-0.15885754	0.18288174
-0.113264844	0.102040894	-0.07224732	0.07888862	-0.07786183	0.100430556	-0.10026541	0.09623313	-0.08003969	0.07030441	-0.09859446	0.11128692	-0.12044878	0.108932205	-0.094900206	0.1303941	-0.14467198	0.13693553	-0.1323871	0.09781306	-0.13033544	0.13329132	-0.17014046	0.18443914	-0.19691777	0.093633026	-0.19512914	0.21353172	-0.31668818	0.2017294	-0.102451794	0.25957865	-0.47573882	0.9999988	-0.31003344	0.06326952	-0.13344142	0.13541616	-0.59048635	0.24381398	-0.0779388	0.1247697	-0.12149893	0.23387602	-0.28276977
0.09908424	-0.0904904	0.063888445	-0.07029124	0.070123315	-0.087542385	0.087061726	-0.08487295	0.07107666	-0.06362114	0.083548434	-0.09469821	0.103532486	-0.095838174	0.08810316	-0.10999369	0.11769411	-0.11345223	0.11559417	-0.09288543	0.1006351	-0.10261919	0.13305989	-0.16765067	0.24655457	-0.0706921	0.12973	-0.14245373	0.22492969	-0.42430726	0.075771034	-0.1637394	0.16862486	-0.31003344	0.9999984	-0.046862278	0.08025444	-0.0834313	0.21024889	-0.7506888	0.058134295	-0.09358006	0.08411561	-0.16224326	0.2093874
-0.058695033	0.0521843	-0.036001492	0.03840323	-0.03614636	0.05493375	-0.052538984	0.04845305	-0.0382155	0.032604143	-0.05781464	0.06264762	-0.05653717	0.04915266	-0.04043639	0.08880973	-0.08089884	0.06303143	-0.054543532	0.041011017	-0.11996426	0.09883283	-0.07055233	0.0624457	-0.05953706	0.21406484	-0.08084515	0.07180473	-0.068842836	0.051334087	-0.35864416	0.099961415	-0.07474694	0.06326952	-0.046862278	0.9999984	-0.09368038	0.082571164	-0.06429609	0.052636124	-0.881376	0.07560278	-0.06709858	0.052317705	-0.06511362
0.060918547	-0.05429657	0.038017057	-0.041116074	0.039933544	-0.054441564	0.05350676	-0.05069156	0.041333828	-0.035955977	0.0540575	-0.06011869	0.06139278	-0.054504856	0.046752002	-0.074065864	0.078660354	-0.06985447	0.06352807	-0.04773228	0.079360105	-0.079131685	0.08358594	-0.080046035	0.081623204	-0.07225541	0.11479907	-0.105534874	0.09979075	-0.07621176	0.08133433	-0.23035286	0.15371935	-0.13344142	0.08025444	-0.09368038	0.99999833	-0.9023653	0.152061	-0.09242368	0.09386374	-0.20929141	0.17345734	-0.12006906	0.12451169
-0.060994267	0.05393125	-0.03796054	0.04103721	-0.040145006	0.05411764	-0.053550296	0.050535176	-0.04142289	0.036039814	-0.054059424	0.059981123	-0.061937843	0.054705873	-0.047258105	0.07315518	-0.07948049	0.0700011	-0.06429391	0.04800548	-0.07995613	0.07823464	-0.085022554	0.08063619	-0.08387106	0.06935157	-0.11592277	0.10432885	-0.10317542	0.07724933	-0.07990539	0.1825477	-0.16756086	0.13541616	-0.0834313	0.082571164	-0.9023653	0.99999833	-0.18449683	0.09354416	-0.09334746	0.18177806	-0.21270028	0.12660892	-0.13651566
0.11111316	-0.10105644	0.07027625	-0.07658334	0.07422947	-0.09900365	0.09669771	-0.09362093	0.076558344	-0.06730355	0.09433565	-0.10617374	0.11122773	-0.101443574	0.08794558	-0.12734047	0.13249372	-0.12501654	0.11863913	-0.091421485	0.11882888	-0.12239552	0.14600334	-0.16240114	0.16901173	-0.089559264	0.16163123	-0.17929155	0.20932397	-0.17711297	0.09555203	-0.2486284	0.24070266	-0.59048635	0.21024889	-0.06429609	0.152061	-0.18449683	0.9999984	-0.27351153	0.07736905	-0.17952313	0.16408966	-0.51436234	0.29764846
-0.10968319	0.09738904	-0.069737375	0.07642131	-0.07816421	0.09496135	-0.095788516	0.09206338	-0.078142755	0.06990539	-0.091938324	0.103330344	-0.115277596	0.10411749	-0.0992998	0.11865873	-0.13152939	0.123098776	-0.12792736	0.1010746	-0.11260168	0.111988194	-0.14813039	0.17376369	-0.28790247	0.077705584	-0.14223263	0.14794011	-0.24567823	0.26542583	-0.08464105	0.16536832	-0.17842595	0.24381398	-0.7506888	0.052636124	-0.09242368	0.09354416	-0.27351153	0.99999845	-0.066064626	0.107954904	-0.10161464	0.195975	-0.33932194
0.07575251	-0.06824245	0.046696007	-0.049839284	0.046478823	-0.07179571	0.06777049	-0.06296127	0.049286786	-0.042056445	0.07427511	-0.08116611	0.07197468	-0.06301084	0.0515572	-0.11717141	0.10079212	-0.08005468	0.069104105	-0.052525166	0.1383579	-0.1262551	0.08776262	-0.079180025	0.0746749	-0.26923802	0.097563244	-0.08946504	0.085450836	-0.064672306	0.25047374	-0.12130347	0.08874717	-0.0779388	0.058134295	-0.881376	0.09386374	-0.09334746	0.07736905	-0.066064626	0.9999985	-0.09731842	0.078563996	-0.064026415	0.07881284
-0.061937034	0.054159194	-0.038113102	0.041166183	-0.040622734	0.054049946	-0.05340948	0.05047491	-0.041527722	0.036286242	-0.052998878	0.05858071	-0.061132547	0.053924628	-0.047810167	0.071181566	-0.07555241	0.06631702	-0.063407324	0.048224956	-0.073476985	0.0703394	-0.0789467	0.07906108	-0.08873856	0.064812884	-0.08814467	0.08502712	-0.10150107	0.080564216	-0.07123108	0.11856668	-0.11063105	0.1247697	-0.09358006	0.07560278	-0.20929141	0.18177806	-0.17952313	0.107954904	-0.09731842	0.99999845	-0.8848887	0.21922268	-0.24891226
0.056510586	-0.049954914	0.034925047	-0.037761137	0.036940172	-0.04969738	0.048735473	-0.046332035	0.03790433	-0.033129685	0.048265513	-0.053513397	0.055341817	-0.049162924	0.043243766	-0.065477766	0.06805892	-0.06040219	0.057360422	-0.043931946	0.06556511	-0.063914746	0.071095616	-0.07229674	0.07920279	-0.058566503	0.07952098	-0.078460746	0.09101706	-0.073965356	0.06254686	-0.11255691	0.10089519	-0.12149893	0.08411561	-0.06709858	0.17345734	-0.21270028	0.16408966	-0.10161464	0.078563996	-0.8848887	0.9999986	-0.28981143	0.20485625
-0.08292815	0.07387904	-0.051770244	0.05623654	-0.055311415	0.072678335	-0.07158147	0.06864172	-0.05655659	0.04971628	-0.06973654	0.07787358	-0.082594156	0.0741023	-0.06582063	0.092802316	-0.098468885	0.090239465	-0.08759741	0.067271136	-0.088699184	0.08839418	-0.10709907	0.11452801	-0.130796	0.06674947	-0.114118524	0.11865649	-0.15258963	0.12611149	-0.0722981	0.15448397	-0.15885754	0.23387602	-0.16224326	0.052317705	-0.12006906	0.12660892	-0.51436234	0.195975	-0.064026415	0.21922268	-0.28981143	0.9999987	-0.6964247
0.11694113	-0.10545727	0.07285827	-0.07912974	0.076629505	-0.1030741	0.09984384	-0.0966775	0.078693055	-0.069230355	0.096395664	-0.10771018	0.112109065	-0.10154676	0.08956694	-0.1299801	0.13198438	-0.12185414	0.11750734	-0.092456125	0.11674808	-0.11787632	0.14006744	-0.15395404	0.1710752	-0.08785463	0.14518072	-0.15443118	0.1880117	-0.17446604	0.09317468	-0.20666127	0.18288174	-0.28276977	0.2093874	-0.06511362	0.12451169	-0.13651566	0.29764846	-0.33932194	0.07881284	-0.24891226	0.20485625	-0.6964247	0.9999987
