1.0000001	-0.08037049	0.07919527	-0.09514383	0.072103836	-0.9357793	0.18843685	-0.13248652	0.080662325	-0.07394703	0.1248405	-0.12791453	0.09203693	-0.094791606	0.07337615	-0.11903347	0.10277167	-0.11219401	0.07641958	-0.08514839	0.07589703	-0.106402755	0.03926533	-0.050613023	0.050826278	-0.04882008	0.046343625	-0.046784632	0.060675606	-0.059989437	0.038809054	-0.04193084	0.040935166	-0.024722205	0.023188857	-0.03898217	0.036116667	-0.044620264	0.023156462	-0.021966547	0.056535322	-0.036046397	0.02304075	-0.024941573	0.038017012
-0.08037049	0.99999994	-0.91058797	0.09290075	-0.070236035	0.07830594	-0.32469636	0.1618662	-0.086027384	0.07211678	-0.049852252	0.09114374	-0.09794993	0.09275631	-0.0704181	0.047696967	-0.07342224	0.099037625	-0.06868002	0.0768577	-0.04568096	0.069053076	-0.027519295	0.03606247	-0.043555986	0.029602844	-0.030175403	0.032270137	-0.044111498	0.05072058	-0.025228942	0.02734144	-0.027812758	0.017672507	-0.016725251	0.025013836	-0.024024334	0.030165564	-0.016286083	0.01550179	-0.038842883	0.023942752	-0.0155478865	0.016752118	-0.026557043
0.07919527	-0.91058797	1.0000001	-0.11830515	0.08601529	-0.08181654	0.2397175	-0.20682406	0.103966735	-0.09022551	0.0578057	-0.10880436	0.116572805	-0.11653252	0.08679495	-0.056679063	0.08623556	-0.12579729	0.08513336	-0.09753546	0.055301394	-0.08599929	0.034133226	-0.044967223	0.054671872	-0.03620306	0.036975797	-0.0400267	0.054484222	-0.06454286	0.0309262	-0.033648938	0.034317117	-0.021941334	0.020749616	-0.030776124	0.02952707	-0.03736349	0.02017539	-0.01924158	0.04756955	-0.029471887	0.019165726	-0.02068314	0.03283086
-0.09514383	0.09290075	-0.11830515	1.0	-0.58748746	0.08083502	-0.27310187	0.24381283	-0.62734145	0.3064674	-0.07955929	0.13075954	-0.20844646	0.22121692	-0.22142231	0.07449603	-0.12711777	0.17589916	-0.15866421	0.17251472	-0.08419104	0.11424622	-0.051704083	0.06750101	-0.09683545	0.053740457	-0.056467272	0.06033505	-0.08812316	0.10123462	-0.047303185	0.05073622	-0.05252888	0.034080856	-0.032621983	0.046040885	-0.045324393	0.056010228	-0.03125528	0.029592035	-0.07581958	0.04495978	-0.029350266	0.031345256	-0.050880507
0.072103836	-0.070236035	0.08601529	-0.58748746	1.0000002	-0.063517585	0.19455072	-0.21558921	0.31227627	-0.6317046	0.07170206	-0.12561253	0.18592714	-0.24795906	0.25062996	-0.06957712	0.117084414	-0.1997044	0.16507153	-0.2214865	0.07733347	-0.11264855	0.05101068	-0.06822393	0.10744703	-0.050607827	0.053077385	-0.059435174	0.08516567	-0.12084667	0.044190485	-0.048162214	0.050291777	-0.033704188	0.032148857	-0.043515533	0.042569995	-0.054326605	0.03038371	-0.029063527	0.06942627	-0.04227977	0.027603213	-0.029639088	0.047379836
-0.9357793	0.07830594	-0.08181654	0.08083502	-0.063517585	1.0000002	-0.23315586	0.11779696	-0.0717868	0.063887306	-0.13937531	0.11560353	-0.083366476	0.08182758	-0.064255096	0.109764114	-0.09612829	0.09550797	-0.0666786	0.07233387	-0.070123784	0.09150455	-0.034279484	0.043819714	-0.043674696	0.043741986	-0.041495062	0.04089884	-0.053428274	0.05069049	-0.03465283	0.037120525	-0.036101274	0.021590497	-0.020278912	0.034475498	-0.03205439	0.03904935	-0.020277742	0.019177303	-0.050438162	0.03185584	-0.020311745	0.021912921	-0.033299237
0.18843685	-0.32469636	0.2397175	-0.27310187	0.19455072	-0.23315586	1.0000001	-0.54000145	0.23691857	-0.20824268	0.14223453	-0.2977525	0.2689806	-0.2734743	0.19910985	-0.1384148	0.21098611	-0.29591677	0.19656797	-0.22603482	0.12870178	-0.19983289	0.07859472	-0.10334809	0.12511945	-0.08399304	0.085381486	-0.09204482	0.124885365	-0.1481546	0.07128299	-0.07753838	0.07888813	-0.05027819	0.047521695	-0.070907556	0.06793724	-0.08580431	0.046233017	-0.044080492	0.109184906	-0.06774387	0.04396814	-0.047439244	0.07488048
-0.13248652	0.1618662	-0.20682406	0.24381283	-0.21558921	0.11779696	-0.54000145	1.0000004	-0.4039846	0.21102482	-0.1052981	0.185368	-0.5394005	0.27844533	-0.21848758	0.097049884	-0.170538	0.23332343	-0.1870711	0.18496944	-0.09926444	0.13653132	-0.059334952	0.07699444	-0.10401249	0.0628736	-0.06515997	0.068804584	-0.098508984	0.11025198	-0.054356724	0.058298197	-0.05984279	0.03821739	-0.036456518	0.053006355	-0.051769037	0.0637971	-0.035151143	0.033258628	-0.085567914	0.051269703	-0.03329591	0.035598423	-0.056847222
0.080662325	-0.086027384	0.103966735	-0.62734145	0.31227627	-0.0717868	0.23691857	-0.4039846	0.99999994	-0.4618075	0.07414951	-0.13090721	0.23712555	-0.31870565	0.23783326	-0.070584096	0.12083757	-0.19197412	0.1610985	-0.19076246	0.0760139	-0.107529104	0.048238244	-0.06368327	0.09589776	-0.049016535	0.051220722	-0.055934686	0.08051448	-0.10351379	0.042676654	-0.0461627	0.047900986	-0.031461105	0.030036896	-0.04179909	0.04092065	-0.05135968	0.028602576	-0.027212035	0.067272514	-0.040576365	0.026432406	-0.028310506	0.045286823
-0.07394703	0.07211678	-0.09022551	0.3064674	-0.6317046	0.063887306	-0.20824268	0.21102482	-0.4618075	0.99999994	-0.06912387	0.11738318	-0.20156325	0.24869063	-0.4543287	0.065619335	-0.11395647	0.17984454	-0.17733802	0.21784909	-0.073311485	0.10181458	-0.047616974	0.063030325	-0.10788827	0.04733996	-0.049830627	0.055015437	-0.08079873	0.10880353	-0.041451912	0.044888172	-0.046927143	0.031294875	-0.029984593	0.040508088	-0.039849937	0.05018777	-0.028281141	0.026918244	-0.065627664	0.039458767	-0.025736164	0.027531283	-0.04413442
0.1248405	-0.049852252	0.0578057	-0.07955929	0.07170206	-0.13937531	0.14223453	-0.1052981	0.07414951	-0.06912387	0.9999997	-0.39597398	0.10429342	-0.09476771	0.07731911	-0.81990755	0.26502544	-0.132627	0.09252143	-0.08728944	0.1916785	-0.2025985	0.067467265	-0.08232362	0.057721905	-0.11937008	0.094517745	-0.08243858	0.098144375	-0.06463036	0.077397406	-0.08334141	0.074051045	-0.039931882	0.03692137	-0.078406096	0.068360366	-0.07957846	0.038466543	-0.035945546	0.100367926	-0.06749684	0.041125596	-0.044482525	0.060325086
-0.12791453	0.09114374	-0.10880436	0.13075954	-0.12561253	0.11560353	-0.2977525	0.185368	-0.13090721	0.11738318	-0.39597398	0.99999994	-0.22435142	0.16492328	-0.13791381	0.26840296	-0.71058613	0.22378932	-0.16695295	0.14338368	-0.19241235	0.23101023	-0.08417411	0.101343796	-0.090627566	0.11017856	-0.10798029	0.09789471	-0.13257048	0.097635224	-0.08862936	0.09205819	-0.08939948	0.0509537	-0.048150674	0.08442355	-0.08121179	0.09275594	-0.048458748	0.045081556	-0.13332668	0.07914078	-0.04999204	0.052973572	-0.07941723
0.09203693	-0.09794993	0.116572805	-0.20844646	0.18592714	-0.083366476	0.2689806	-0.5394005	0.23712555	-0.20156325	0.10429342	-0.22435142	0.9999997	-0.5811271	0.24726897	-0.09810279	0.18082602	-0.38079262	0.22677287	-0.22838315	0.09479973	-0.13373835	0.059076473	-0.077456474	0.110727325	-0.060381755	0.06238756	-0.06737323	0.095772475	-0.12028764	0.051653486	-0.055784676	0.05754096	-0.0372021	0.03544385	-0.050481837	0.04922986	-0.061347753	0.033883717	-0.032162618	0.080298044	-0.04863554	0.03148843	-0.033691026	0.052956264
-0.094791606	0.09275631	-0.11653252	0.22121692	-0.24795906	0.08182758	-0.2734743	0.27844533	-0.31870565	0.24869063	-0.09476771	0.16492328	-0.5811271	0.9999998	-0.5177886	0.08783682	-0.16181396	0.25493267	-0.2729933	0.2564422	-0.09383935	0.12710594	-0.060022727	0.0788142	-0.12693025	0.05975115	-0.06266664	0.06817023	-0.10011978	0.12578322	-0.051963396	0.05601254	-0.058364272	0.038259126	-0.036643144	0.050530214	-0.049732044	0.061912715	-0.034737967	0.032915916	-0.08200315	0.049090672	-0.031899415	0.03404872	-0.054163292
0.07337615	-0.0704181	0.08679495	-0.22142231	0.25062996	-0.064255096	0.19910985	-0.21848758	0.23783326	-0.4543287	0.07731911	-0.13791381	0.24726897	-0.5177886	1.0	-0.07472833	0.13183041	-0.2564642	0.25107455	-0.5275421	0.08158883	-0.11598919	0.056347977	-0.0761177	0.1533273	-0.053358458	0.05623125	-0.06447696	0.09461008	-0.16069482	0.046395667	-0.05078855	0.053623404	-0.03702033	0.035485264	-0.045526996	0.044768065	-0.05757354	0.032815054	-0.031503964	0.07248791	-0.04422984	0.0287991	-0.030856468	0.048703313
-0.11903347	0.047696967	-0.056679063	0.07449603	-0.06957712	0.109764114	-0.1384148	0.097049884	-0.070584096	0.065619335	-0.81990755	0.26840296	-0.09810279	0.08783682	-0.07472833	1.0000002	-0.35317728	0.12830979	-0.09283815	0.08326068	-0.2753059	0.19594938	-0.06866802	0.08217693	-0.056709923	0.12869442	-0.104501955	0.084107816	-0.10161532	0.062485978	-0.083299585	0.086919315	-0.07703201	0.040692218	-0.03773399	0.080948845	-0.071943514	0.08100798	-0.039332982	0.036556743	-0.10616379	0.06972495	-0.042402223	0.045429766	-0.06154758
0.10277167	-0.07342224	0.08623556	-0.12711777	0.117084414	-0.09612829	0.21098611	-0.170538	0.12083757	-0.11395647	0.26502544	-0.71058613	0.18082602	-0.16181396	0.13183041	-0.35317728	0.99999994	-0.31446227	0.17438096	-0.15340257	0.1894753	-0.337164	0.09205069	-0.11020071	0.09243071	-0.11518229	0.109891966	-0.10390045	0.13474585	-0.102388516	0.08945474	-0.094995245	0.09185773	-0.052210435	0.0490501	-0.08696603	0.08231821	-0.09610432	0.04951724	-0.046179317	0.13187444	-0.08058731	0.050668865	-0.05400223	0.07945584
-0.11219401	0.099037625	-0.12579729	0.17589916	-0.1997044	0.09550797	-0.29591677	0.23332343	-0.19197412	0.17984454	-0.132627	0.22378932	-0.38079262	0.25493267	-0.2564642	0.12830979	-0.31446227	0.9999996	-0.6421544	0.2786417	-0.13037805	0.17422405	-0.08654235	0.111023396	-0.14864275	0.08177518	-0.08576753	0.09260047	-0.13506499	0.14443803	-0.07055337	0.075769596	-0.079095714	0.05021729	-0.048006415	0.06811423	-0.067233555	0.08254664	-0.045973614	0.043190602	-0.110882	0.06601762	-0.04269482	0.045409225	-0.071450755
0.07641958	-0.06868002	0.08513336	-0.15866421	0.16507153	-0.0666786	0.19656797	-0.1870711	0.1610985	-0.17733802	0.09252143	-0.16695295	0.22677287	-0.2729933	0.25107455	-0.09283815	0.17438096	-0.6421544	0.99999964	-0.5642484	0.09889765	-0.14210688	0.08090575	-0.1176779	0.16910811	-0.06517985	0.06931755	-0.0834788	0.12002249	-0.18202624	0.056244873	-0.062175654	0.0668559	-0.04505235	0.042963468	-0.055046692	0.054404177	-0.07044957	0.039953273	-0.038049277	0.086896166	-0.053403776	0.03460285	-0.036994494	0.0572144
-0.08514839	0.0768577	-0.09753546	0.17251472	-0.2214865	0.07233387	-0.22603482	0.18496944	-0.19076246	0.21784909	-0.08728944	0.14338368	-0.22838315	0.2564422	-0.5275421	0.08326068	-0.15340257	0.2786417	-0.5642484	0.99999946	-0.09721893	0.13204992	-0.0718488	0.0969867	-0.3117937	0.06364951	-0.06817705	0.0799146	-0.12369181	0.219096	-0.05590876	0.0613382	-0.065896645	0.0467799	-0.0452925	0.054523204	-0.054217827	0.0700077	-0.041015733	0.03929999	-0.08806285	0.053332303	-0.03478611	0.037143312	-0.058807828
0.07589703	-0.04568096	0.055301394	-0.08419104	0.07733347	-0.070123784	0.12870178	-0.09926444	0.0760139	-0.073311485	0.1916785	-0.19241235	0.09479973	-0.09383935	0.08158883	-0.2753059	0.1894753	-0.13037805	0.09889765	-0.09721893	0.99999934	-0.47802997	0.15622282	-0.18745291	0.08108207	-0.59382814	0.28151876	-0.21031174	0.20776343	-0.09180478	0.21880804	-0.24771418	0.18650422	-0.08979294	0.08064546	-0.23171555	0.18000875	-0.20386957	0.088646054	-0.08253653	0.22517939	-0.17759642	0.10092453	-0.110718235	0.12813209
-0.106402755	0.069053076	-0.08599929	0.11424622	-0.11264855	0.09150455	-0.19983289	0.13653132	-0.107529104	0.10181458	-0.2025985	0.23101023	-0.13373835	0.12710594	-0.11598919	0.19594938	-0.337164	0.17422405	-0.14210688	0.13204992	-0.47802997	0.9999992	-0.25036988	0.22994174	-0.12003585	0.2513783	-0.287892	0.2389263	-0.33360755	0.1273648	-0.2225189	0.22469907	-0.22675745	0.118987404	-0.113273956	0.19915402	-0.20749979	0.2187922	-0.11588177	0.105198324	-0.3667082	0.1968806	-0.12472128	0.12869406	-0.19713753
0.03926533	-0.027519295	0.034133226	-0.051704083	0.05101068	-0.034279484	0.07859472	-0.059334952	0.048238244	-0.047616974	0.067467265	-0.08417411	0.059076473	-0.060022727	0.056347977	-0.06866802	0.09205069	-0.08654235	0.08090575	-0.0718488	0.15622282	-0.25036988	0.99999905	-0.7084311	0.07404333	-0.13308635	0.16905273	-0.5591077	0.2926142	-0.081768475	0.108122826	-0.14560048	0.1884467	-0.08963074	0.0791057	-0.1057498	0.112739064	-0.17361827	0.08182232	-0.07322091	0.15063147	-0.10443812	0.06463344	-0.06820913	0.08811821
-0.050613023	0.03606247	-0.044967223	0.06750101	-0.06822393	0.043819714	-0.10334809	0.07699444	-0.06368327	0.063030325	-0.08232362	0.101343796	-0.077456474	0.0788142	-0.0761177	0.08217693	-0.11020071	0.111023396	-0.1176779	0.0969867	-0.18745291	0.22994174	-0.7084311	0.99999887	-0.108821765	0.14219595	-0.18355821	0.3141986	-0.49455065	0.114620574	-0.12771416	0.15544263	-0.21070082	0.11995632	-0.11037535	0.12138454	-0.1308553	0.18310602	-0.10662292	0.09285115	-0.18885387	0.12124471	-0.07777594	0.08130466	-0.113066606
0.050826278	-0.043555986	0.054671872	-0.09683545	0.10744703	-0.043674696	0.12511945	-0.10401249	0.09589776	-0.10788827	0.057721905	-0.090627566	0.110727325	-0.12693025	0.1533273	-0.056709923	0.09243071	-0.14864275	0.16910811	-0.3117937	0.08108207	-0.12003585	0.07404333	-0.108821765	0.9999989	-0.059235804	0.06535277	-0.09475834	0.15404879	-0.87993824	0.05235519	-0.061390396	0.0699219	-0.067313805	0.06632655	-0.052702334	0.052880734	-0.079020694	0.051847957	-0.053745646	0.07946119	-0.051985648	0.03426298	-0.03708714	0.056891777
-0.04882008	0.029602844	-0.03620306	0.053740457	-0.050607827	0.043741986	-0.08399304	0.0628736	-0.049016535	0.04733996	-0.11937008	0.11017856	-0.060381755	0.05975115	-0.053358458	0.12869442	-0.11518229	0.08177518	-0.06517985	0.06364951	-0.59382814	0.2513783	-0.13308635	0.14219595	-0.059235804	0.9999988	-0.5864159	0.18726143	-0.18421413	0.06582767	-0.3196107	0.25359985	-0.1830151	0.07441569	-0.06716789	0.22280423	-0.18824902	0.17236559	-0.074478365	0.06755639	-0.20960031	0.15630573	-0.08745655	0.09075982	-0.09863597
0.046343625	-0.030175403	0.036975797	-0.056467272	0.053077385	-0.041495062	0.085381486	-0.06515997	0.051220722	-0.049830627	0.094517745	-0.10798029	0.06238756	-0.06266664	0.05623125	-0.104501955	0.109891966	-0.08576753	0.06931755	-0.06817705	0.28151876	-0.287892	0.16905273	-0.18355821	0.06535277	-0.5864159	0.9999988	-0.31452784	0.21217206	-0.073570125	0.2250754	-0.51968604	0.23189148	-0.089182645	0.078539856	-0.22121872	0.2267576	-0.2245024	0.089143224	-0.081159264	0.21955004	-0.19891918	0.1010495	-0.10719672	0.108673275
-0.046784632	0.032270137	-0.0400267	0.06033505	-0.059435174	0.04089884	-0.09204482	0.068804584	-0.055934686	0.055015437	-0.08243858	0.09789471	-0.06737323	0.06817023	-0.06447696	0.084107816	-0.10390045	0.09260047	-0.0834788	0.0799146	-0.21031174	0.2389263	-0.5591077	0.3141986	-0.09475834	0.18726143	-0.31452784	0.99999875	-0.5038664	0.10400331	-0.15263568	0.21616825	-0.3772504	0.12721331	-0.11302716	0.14483733	-0.16348933	0.24316245	-0.11731722	0.10174415	-0.2017637	0.14342622	-0.08838731	0.09190666	-0.11475562
0.060675606	-0.044111498	0.054484222	-0.08812316	0.08516567	-0.053428274	0.124885365	-0.098508984	0.08051448	-0.08079873	0.098144375	-0.13257048	0.095772475	-0.10011978	0.09461008	-0.10161532	0.13474585	-0.13506499	0.12002249	-0.12369181	0.20776343	-0.33360755	0.2926142	-0.49455065	0.15404879	-0.18421413	0.21217206	-0.5038664	0.9999984	-0.2118128	0.15571187	-0.20602876	0.24755323	-0.24952471	0.17158577	-0.16304284	0.16523254	-0.29221013	0.16553622	-0.15472196	0.21583404	-0.16069515	0.10311574	-0.11310985	0.1485614
-0.059989437	0.05072058	-0.06454286	0.10123462	-0.12084667	0.05069049	-0.1481546	0.11025198	-0.10351379	0.10880353	-0.06463036	0.097635224	-0.12028764	0.12578322	-0.16069482	0.062485978	-0.102388516	0.14443803	-0.18202624	0.219096	-0.09180478	0.1273648	-0.081768475	0.114620574	-0.87993824	0.06582767	-0.073570125	0.10400331	-0.2118128	0.9999986	-0.05878493	0.06819618	-0.07862338	0.07767941	-0.08211509	0.058391955	-0.05929587	0.08636992	-0.060187075	0.06098292	-0.090809405	0.057974257	-0.038335275	0.04119878	-0.064642414
0.038809054	-0.025228942	0.0309262	-0.047303185	0.044190485	-0.03465283	0.07128299	-0.054356724	0.042676654	-0.041451912	0.077397406	-0.08862936	0.051653486	-0.051963396	0.046395667	-0.083299585	0.08945474	-0.07055337	0.056244873	-0.05590876	0.21880804	-0.2225189	0.108122826	-0.12771416	0.05235519	-0.3196107	0.2250754	-0.15263568	0.15571187	-0.05878493	0.9999983	-0.2958686	0.17396429	-0.07350409	0.06536479	-0.8029809	0.23020932	-0.19088745	0.075581096	-0.069546364	0.22490898	-0.19827713	0.10057652	-0.1070252	0.10095014
-0.04193084	0.02734144	-0.033648938	0.05073622	-0.048162214	0.037120525	-0.07753838	0.058298197	-0.0461627	0.044888172	-0.08334141	0.09205819	-0.055784676	0.05601254	-0.05078855	0.086919315	-0.094995245	0.075769596	-0.062175654	0.0613382	-0.24771418	0.22469907	-0.14560048	0.15544263	-0.061390396	0.25359985	-0.51968604	0.21616825	-0.20602876	0.06819618	-0.2958686	0.99999815	-0.39829332	0.094596006	-0.08412966	0.23997681	-0.4977053	0.26548734	-0.10014532	0.08841733	-0.29712752	0.2537927	-0.12905906	0.12510873	-0.11680571
0.040935166	-0.027812758	0.034317117	-0.05252888	0.050291777	-0.036101274	0.07888813	-0.05984279	0.047900986	-0.046927143	0.074051045	-0.08939948	0.05754096	-0.058364272	0.053623404	-0.07703201	0.09185773	-0.079095714	0.0668559	-0.065896645	0.18650422	-0.22675745	0.1884467	-0.21070082	0.0699219	-0.1830151	0.23189148	-0.3772504	0.24755323	-0.07862338	0.17396429	-0.39829332	0.9999978	-0.15111054	0.122367136	-0.17927323	0.23081288	-0.68862385	0.16241148	-0.14531165	0.22703682	-0.19704881	0.11618737	-0.120898895	0.124663964
-0.024722205	0.017672507	-0.021941334	0.034080856	-0.033704188	0.021590497	-0.05027819	0.03821739	-0.031461105	0.031294875	-0.039931882	0.0509537	-0.0372021	0.038259126	-0.03702033	0.040692218	-0.052210435	0.05021729	-0.04505235	0.0467799	-0.08979294	0.118987404	-0.08963074	0.11995632	-0.067313805	0.07441569	-0.089182645	0.12721331	-0.24952471	0.07767941	-0.07350409	0.094596006	-0.15111054	0.9999976	-0.7276336	0.07336639	-0.08629539	0.17520975	-0.51410604	0.3177857	-0.11517082	0.07971293	-0.060280003	0.06410219	-0.10997959
0.023188857	-0.016725251	0.020749616	-0.032621983	0.032148857	-0.020278912	0.047521695	-0.036456518	0.030036896	-0.029984593	0.03692137	-0.048150674	0.03544385	-0.036643144	0.035485264	-0.03773399	0.0490501	-0.048006415	0.042963468	-0.0452925	0.08064546	-0.113273956	0.0791057	-0.11037535	0.06632655	-0.06716789	0.078539856	-0.11302716	0.17158577	-0.08211509	0.06536479	-0.08412966	0.122367136	-0.7276336	0.9999975	-0.06671098	0.07584785	-0.159657	0.31672767	-0.55625665	0.10177333	-0.072292335	0.05462254	-0.059778597	0.11280216
-0.03898217	0.025013836	-0.030776124	0.046040885	-0.043515533	0.034475498	-0.070907556	0.053006355	-0.04179909	0.040508088	-0.078406096	0.08442355	-0.050481837	0.050530214	-0.045526996	0.080948845	-0.08696603	0.06811423	-0.055046692	0.054523204	-0.23171555	0.19915402	-0.1057498	0.12138454	-0.052702334	0.22280423	-0.22121872	0.14483733	-0.16304284	0.058391955	-0.8029809	0.23997681	-0.17927323	0.07336639	-0.06671098	0.99999744	-0.3179403	0.1807169	-0.076281935	0.06889807	-0.29814422	0.20987305	-0.11203156	0.11149047	-0.10697074
0.036116667	-0.024024334	0.02952707	-0.045324393	0.042569995	-0.03205439	0.06793724	-0.051769037	0.04092065	-0.039849937	0.068360366	-0.08121179	0.04922986	-0.049732044	0.044768065	-0.071943514	0.08231821	-0.067233555	0.054404177	-0.054217827	0.18000875	-0.20749979	0.112739064	-0.1308553	0.052880734	-0.18824902	0.2267576	-0.16348933	0.16523254	-0.05929587	0.23020932	-0.4977053	0.23081288	-0.08629539	0.07584785	-0.3179403	0.9999977	-0.29878518	0.09467024	-0.08442692	0.29605672	-0.62028545	0.1623474	-0.16519791	0.112707846
-0.044620264	0.030165564	-0.03736349	0.056010228	-0.054326605	0.03904935	-0.08580431	0.0637971	-0.05135968	0.05018777	-0.07957846	0.09275594	-0.061347753	0.061912715	-0.05757354	0.08100798	-0.09610432	0.08254664	-0.07044957	0.0700077	-0.20386957	0.2187922	-0.17361827	0.18310602	-0.079020694	0.17236559	-0.2245024	0.24316245	-0.29221013	0.08636992	-0.19088745	0.26548734	-0.68862385	0.17520975	-0.159657	0.1807169	-0.29878518	0.9999977	-0.27341425	0.1777922	-0.297385	0.2108899	-0.14988121	0.13934024	-0.15613423
0.023156462	-0.016286083	0.02017539	-0.03125528	0.03038371	-0.020277742	0.046233017	-0.035151143	0.028602576	-0.028281141	0.038466543	-0.048458748	0.033883717	-0.034737967	0.032815054	-0.039332982	0.04951724	-0.045973614	0.039953273	-0.041015733	0.088646054	-0.11588177	0.08182232	-0.10662292	0.051847957	-0.074478365	0.089143224	-0.11731722	0.16553622	-0.060187075	0.075581096	-0.10014532	0.16241148	-0.51410604	0.31672767	-0.076281935	0.09467024	-0.27341425	0.9999976	-0.7177109	0.11926111	-0.0865905	0.06886136	-0.07542673	0.12430752
-0.021966547	0.01550179	-0.01924158	0.029592035	-0.029063527	0.019177303	-0.044080492	0.033258628	-0.027212035	0.026918244	-0.035945546	0.045081556	-0.032162618	0.032915916	-0.031503964	0.036556743	-0.046179317	0.043190602	-0.038049277	0.03929999	-0.08253653	0.105198324	-0.07322091	0.09285115	-0.053745646	0.06755639	-0.081159264	0.10174415	-0.15472196	0.06098292	-0.069546364	0.08841733	-0.14531165	0.3177857	-0.55625665	0.06889807	-0.08442692	0.1777922	-0.7177109	0.99999785	-0.11341741	0.07738286	-0.06282208	0.06712202	-0.15494479
0.056535322	-0.038842883	0.04756955	-0.07581958	0.06942627	-0.050438162	0.109184906	-0.085567914	0.067272514	-0.065627664	0.100367926	-0.13332668	0.080298044	-0.08200315	0.07248791	-0.10616379	0.13187444	-0.110882	0.086896166	-0.08806285	0.22517939	-0.3667082	0.15063147	-0.18885387	0.07946119	-0.20960031	0.21955004	-0.2017637	0.21583404	-0.090809405	0.22490898	-0.29712752	0.22703682	-0.11517082	0.10177333	-0.29814422	0.29605672	-0.297385	0.11926111	-0.11341741	0.99999785	-0.56310904	0.21518196	-0.26681897	0.1939015
-0.036046397	0.023942752	-0.029471887	0.04495978	-0.04227977	0.03185584	-0.06774387	0.051269703	-0.040576365	0.039458767	-0.06749684	0.07914078	-0.04863554	0.049090672	-0.04422984	0.06972495	-0.08058731	0.06601762	-0.053403776	0.053332303	-0.17759642	0.1968806	-0.10443812	0.12124471	-0.051985648	0.15630573	-0.19891918	0.14342622	-0.16069515	0.057974257	-0.19827713	0.2537927	-0.19704881	0.07971293	-0.072292335	0.20987305	-0.62028545	0.2108899	-0.0865905	0.07738286	-0.56310904	0.99999785	-0.29621032	0.21795316	-0.12847711
0.02304075	-0.0155478865	0.019165726	-0.029350266	0.027603213	-0.020311745	0.04396814	-0.03329591	0.026432406	-0.025736164	0.041125596	-0.04999204	0.03148843	-0.031899415	0.0287991	-0.042402223	0.050668865	-0.04269482	0.03460285	-0.03478611	0.10092453	-0.12472128	0.06463344	-0.07777594	0.03426298	-0.08745655	0.1010495	-0.08838731	0.10311574	-0.038335275	0.10057652	-0.12905906	0.11618737	-0.060280003	0.05462254	-0.11203156	0.1623474	-0.14988121	0.06886136	-0.06282208	0.21518196	-0.29621032	0.9999982	-0.89298016	0.13661297
-0.024941573	0.016752118	-0.02068314	0.031345256	-0.029639088	0.021912921	-0.047439244	0.035598423	-0.028310506	0.027531283	-0.044482525	0.052973572	-0.033691026	0.03404872	-0.030856468	0.045429766	-0.05400223	0.045409225	-0.036994494	0.037143312	-0.110718235	0.12869406	-0.06820913	0.08130466	-0.03708714	0.09075982	-0.10719672	0.09190666	-0.11310985	0.04119878	-0.1070252	0.12510873	-0.120898895	0.06410219	-0.059778597	0.11149047	-0.16519791	0.13934024	-0.07542673	0.06712202	-0.26681897	0.21795316	-0.89298016	0.9999982	-0.17789984
0.038017012	-0.026557043	0.03283086	-0.050880507	0.047379836	-0.033299237	0.07488048	-0.056847222	0.045286823	-0.04413442	0.060325086	-0.07941723	0.052956264	-0.054163292	0.048703313	-0.06154758	0.07945584	-0.071450755	0.0572144	-0.058807828	0.12813209	-0.19713753	0.08811821	-0.113066606	0.056891777	-0.09863597	0.108673275	-0.11475562	0.1485614	-0.064642414	0.10095014	-0.11680571	0.124663964	-0.10997959	0.11280216	-0.10697074	0.112707846	-0.15613423	0.12430752	-0.15494479	0.1939015	-0.12847711	0.13661297	-0.17789984	0.9999982
