1.0	-0.8390892	0.27230376	-0.24545209	0.14638573	-0.14372528	0.14506964	-0.2679017	0.16886982	-0.1272505	0.1125637	-0.12965356	0.16429622	-0.15517394	0.08937555	-0.08047783	0.08590267	-0.11485475	0.13153663	-0.097460955	0.08317817	-0.08648525	0.114678614	-0.12263103	0.08332743	-0.09293932	0.0674379	-0.118083075	0.08873831	-0.084513135	0.0733439	-0.062186383	0.07604667	-0.06509978	0.06522706	-0.05369304	0.048811957	-0.0466405	0.03547998	-0.047662802	0.04093811	-0.036025576	0.06615383	-0.036396913	0.065822504
-0.8390892	1.0000001	-0.4083727	0.19612266	-0.128659	0.12090564	-0.15034159	0.2193887	-0.14918734	0.10301862	-0.099286936	0.112639695	-0.14684576	0.124798685	-0.073006295	0.06548701	-0.07104369	0.092856854	-0.10966236	0.0764799	-0.069262266	0.06935903	-0.09449109	0.095275104	-0.06612512	0.06983986	-0.051252175	0.088067286	-0.069859646	0.06550183	-0.05601226	0.047192223	-0.05829019	0.05033033	-0.05083065	0.040607274	-0.037144165	0.035668805	-0.027241204	0.036805894	-0.03112894	0.02737063	-0.05063707	0.027893132	-0.05109986
0.27230376	-0.4083727	1.0	-0.49551845	0.20736437	-0.1317486	0.14257647	-0.6050173	0.2675862	-0.17534167	0.11859142	-0.13822372	0.22548746	-0.20527543	0.113322444	-0.08397568	0.09508703	-0.13870907	0.16156211	-0.11961834	0.08790076	-0.09429503	0.1328541	-0.13942638	0.09656911	-0.0959274	0.07039373	-0.123108506	0.0990894	-0.09608685	0.076464705	-0.06490898	0.08013563	-0.070877224	0.07089909	-0.05587642	0.050971642	-0.049087714	0.037619296	-0.05127718	0.04266929	-0.037597395	0.06939546	-0.03857718	0.070657104
-0.24545209	0.19612266	-0.49551845	0.9999998	-0.45151335	0.11557997	-0.12820326	0.29804727	-0.548014	0.26258686	-0.11950893	0.12837349	-0.23680106	0.23103185	-0.16315366	0.08470701	-0.102375604	0.14579746	-0.20062363	0.15718807	-0.092196815	0.0983256	-0.15004471	0.15661593	-0.119961284	0.09929658	-0.074244685	0.12787391	-0.11601612	0.114606924	-0.082201585	0.069505766	-0.087929025	0.08027715	-0.08127639	0.05989129	-0.055026527	0.05373904	-0.041683853	0.057837367	-0.046046592	0.040561557	-0.07595842	0.042648192	-0.08022002
0.14638573	-0.128659	0.20736437	-0.45151335	0.9999998	-0.10230032	0.10454823	-0.23219098	0.2951782	-0.65647346	0.103189625	-0.111432955	0.18501924	-0.20928779	0.25657263	-0.08268646	0.09799087	-0.1393889	0.17924792	-0.30152375	0.08823004	-0.09798062	0.14559843	-0.18933117	0.16644685	-0.11612839	0.085721634	-0.15197031	0.14031473	-0.17102943	0.095137216	-0.081684	0.10301279	-0.09834712	0.09693903	-0.07106855	0.06458286	-0.063299246	0.04936725	-0.069560215	0.05406119	-0.047798116	0.08877723	-0.050768834	0.0942748
-0.14372528	0.12090564	-0.1317486	0.11557997	-0.10230032	0.99999994	-0.70116514	0.15693036	-0.11860205	0.08309077	-0.54242307	0.31800982	-0.19398747	0.13540296	-0.06606205	0.1835085	-0.12986827	0.11895395	-0.12692167	0.068530746	-0.20481208	0.11860669	-0.12280866	0.105781466	-0.06890638	0.09906785	-0.07193283	0.10688832	-0.078915045	0.067683175	-0.075257875	0.06095074	-0.072455265	0.057777025	-0.058863595	0.050811596	-0.04720339	0.04406062	-0.03285984	0.042747326	-0.03936847	0.03442392	-0.06291779	0.033516966	-0.059835136
0.14506964	-0.15034159	0.14257647	-0.12820326	0.10454823	-0.70116514	1.0000002	-0.20257688	0.1269943	-0.08854926	0.30935407	-0.5459519	0.2067664	-0.15323928	0.068154514	-0.14870577	0.12396101	-0.12667252	0.1285761	-0.071814194	0.14556989	-0.12025415	0.120970115	-0.11029271	0.069743566	-0.093457706	0.06720998	-0.10781447	0.07862911	-0.0693514	0.07045445	-0.058391556	0.069714844	-0.057489492	0.05786159	-0.04918439	0.045232538	-0.04254545	0.03195193	-0.04213438	0.037752483	-0.03314404	0.06044479	-0.032689024	0.058458388
-0.2679017	0.2193887	-0.6050173	0.29804727	-0.23219098	0.15693036	-0.20257688	1.0	-0.4146006	0.18910602	-0.15759335	0.18027626	-0.42541924	0.25039122	-0.12917383	0.10044452	-0.1181681	0.17316581	-0.20647664	0.12706856	-0.107960455	0.11239548	-0.16846742	0.15693974	-0.108469464	0.10411984	-0.07752197	0.13280778	-0.112288475	0.10461284	-0.08430539	0.07104266	-0.08852145	0.0786775	-0.07940564	0.06083386	-0.05589866	0.054061547	-0.041551728	0.056858767	-0.046739638	0.041143607	-0.07651501	0.04251403	-0.07884702
0.16886982	-0.14918734	0.2675862	-0.548014	0.2951782	-0.11860205	0.1269943	-0.4146006	1.0	-0.41981202	0.11958408	-0.13567984	0.2531994	-0.41130224	0.18564959	-0.08731491	0.105537094	-0.16376603	0.2228112	-0.1875841	0.09286931	-0.1040159	0.15580505	-0.17778069	0.12955925	-0.10535579	0.07825187	-0.1372774	0.122819975	-0.12635286	0.085530356	-0.07291944	0.09145604	-0.08513439	0.084726855	-0.06279155	0.05741415	-0.055993114	0.04341912	-0.06050309	0.047982506	-0.0423672	0.07875982	-0.044530585	0.0829278
-0.1272505	0.10301862	-0.17534167	0.26258686	-0.65647346	0.08309077	-0.08854926	0.18910602	-0.41981202	0.9999998	-0.08754145	0.09335562	-0.1685172	0.18821113	-0.4534799	0.066611156	-0.08209522	0.11776104	-0.16617745	0.2605144	-0.07238525	0.07982621	-0.124895394	0.15310423	-0.15462413	0.08772828	-0.06584618	0.11453731	-0.11858005	0.13659658	-0.07378535	0.06304248	-0.08127609	0.07940406	-0.07993241	0.05459227	-0.050090943	0.04972423	-0.03919977	0.056033	-0.04185087	0.036999412	-0.06974623	0.04015221	-0.07693479
0.1125637	-0.099286936	0.11859142	-0.11950893	0.103189625	-0.54242307	0.30935407	-0.15759335	0.11958408	-0.08754145	0.99999976	-0.6021875	0.2108945	-0.16003628	0.070022956	-0.35511857	0.15082432	-0.13953573	0.13718586	-0.07434676	0.23500672	-0.1492861	0.1345928	-0.12084106	0.07523162	-0.11989944	0.08326671	-0.1269627	0.08700208	-0.075247176	0.0847909	-0.06972197	0.0811104	-0.06455975	0.06498619	-0.05790384	0.053353023	-0.049445238	0.036707267	-0.047553096	0.044403326	-0.038965207	0.070276655	-0.037538014	0.0660119
-0.12965356	0.112639695	-0.13822372	0.12837349	-0.111432955	0.31800982	-0.5459519	0.18027626	-0.13567984	0.09335562	-0.6021875	1.0	-0.35720596	0.17834866	-0.074160494	0.19052671	-0.1806584	0.1548238	-0.15481573	0.07722658	-0.20121412	0.15067393	-0.14834277	0.1235433	-0.077550516	0.10643007	-0.077221334	0.119472325	-0.0884564	0.076276325	-0.080202974	0.065808475	-0.07836666	0.06413085	-0.06479506	0.054993734	-0.050870772	0.047713514	-0.035748117	0.046982	-0.04239048	0.037170563	-0.06785002	0.03652028	-0.065363765
0.16429622	-0.14684576	0.22548746	-0.23680106	0.18501924	-0.19398747	0.2067664	-0.42541924	0.2531994	-0.1685172	0.2108945	-0.35720596	1.0000001	-0.5211472	0.12758969	-0.14182906	0.16740465	-0.36005557	0.28388715	-0.1347784	0.1421542	-0.16691774	0.23884317	-0.21980308	0.12801497	-0.14278811	0.10493488	-0.18573432	0.14170747	-0.12724864	0.11045193	-0.09402957	0.114332214	-0.101040125	0.099870786	-0.08000041	0.07305469	-0.06993802	0.053293873	-0.072310835	0.060944695	-0.05378828	0.09854043	-0.054683678	0.09905947
-0.15517394	0.124798685	-0.20527543	0.23103185	-0.20928779	0.13540296	-0.15323928	0.25039122	-0.41130224	0.18821113	-0.16003628	0.17834866	-0.5211472	1.0000002	-0.15446031	0.10791967	-0.143246	0.24711852	-0.5633404	0.1450083	-0.11718596	0.1352389	-0.22661127	0.22459424	-0.13850263	0.11986971	-0.09065044	0.15726973	-0.1492195	0.12901865	-0.09813658	0.083310604	-0.10528009	0.09881987	-0.099392846	0.07113293	-0.06552821	0.06417478	-0.049911164	0.06983018	-0.0546236	0.04823066	-0.09022541	0.051039405	-0.09655441
0.08937555	-0.073006295	0.113322444	-0.16315366	0.25657263	-0.06606205	0.068154514	-0.12917383	0.18564959	-0.4534799	0.070022956	-0.074160494	0.12758969	-0.15446031	1.0000002	-0.057112183	0.07058676	-0.10176214	0.14012218	-0.7578487	0.061859947	-0.069896564	0.11102968	-0.1760201	0.21770178	-0.084300235	0.063388005	-0.111859396	0.13351648	-0.2051798	0.07127366	-0.06187157	0.08079324	-0.087429844	0.08494646	-0.05374645	0.049096297	-0.049581863	0.03973267	-0.059019618	0.04089128	-0.036365833	0.068543956	-0.040874556	0.078517705
-0.08047783	0.06548701	-0.08397568	0.08470701	-0.08268646	0.1835085	-0.14870577	0.10044452	-0.08731491	0.066611156	-0.35511857	0.19052671	-0.14182906	0.10791967	-0.057112183	1.0000001	-0.19655614	0.11499286	-0.11492662	0.059747033	-0.83610713	0.17180191	-0.12834348	0.10191372	-0.066224754	0.15725537	-0.11013417	0.12654643	-0.08122975	0.06564216	-0.10457895	0.08042016	-0.088784136	0.06228007	-0.06388463	0.06371092	-0.060294766	0.05358379	-0.03844619	0.046950527	-0.04975227	0.04326252	-0.07687044	0.03906429	-0.06608654
0.08590267	-0.07104369	0.09508703	-0.102375604	0.09799087	-0.12986827	0.12396101	-0.1181681	0.105537094	-0.08209522	0.15082432	-0.1806584	0.16740465	-0.143246	0.07058676	-0.19655614	1.0	-0.28518364	0.16650331	-0.07581584	0.18194051	-0.85292727	0.24166322	-0.15054435	0.084936686	-0.12166089	0.089190625	-0.14844492	0.10132936	-0.08457711	0.09096012	-0.07590498	0.090066664	-0.073825665	0.073869355	-0.06333753	0.058405247	-0.05483612	0.040989503	-0.053773724	0.048619766	-0.042736445	0.07779907	-0.04192788	0.07443798
-0.11485475	0.092856854	-0.13870907	0.14579746	-0.1393889	0.11895395	-0.12667252	0.17316581	-0.16376603	0.11776104	-0.13953573	0.1548238	-0.36005557	0.24711852	-0.10176214	0.11499286	-0.28518364	0.99999994	-0.43662885	0.10731903	-0.123848	0.22767542	-0.6792202	0.23406586	-0.12392774	0.1293503	-0.10384595	0.18532303	-0.14625396	0.11830609	-0.10592063	0.08961424	-0.111249	0.09884554	-0.09855775	0.07511994	-0.06976534	0.06738698	-0.051388036	0.06991692	-0.05795351	0.051087495	-0.09509068	0.052497078	-0.096436694
0.13153663	-0.10966236	0.16156211	-0.20062363	0.17924792	-0.12692167	0.1285761	-0.20647664	0.2228112	-0.16617745	0.13718586	-0.15481573	0.28388715	-0.5633404	0.14012218	-0.11492662	0.16650331	-0.43662885	0.9999998	-0.15513699	0.120687254	-0.1702453	0.27767232	-0.43378633	0.17129111	-0.15418872	0.11567748	-0.21211888	0.19596854	-0.1674034	0.12287643	-0.1063349	0.13263108	-0.13139173	0.12552023	-0.09082193	0.082857385	-0.08117871	0.063124515	-0.089252785	0.068936594	-0.061165206	0.11297417	-0.06489562	0.1201527
-0.097460955	0.0764799	-0.11961834	0.15718807	-0.30152375	0.068530746	-0.071814194	0.12706856	-0.1875841	0.2605144	-0.07434676	0.07722658	-0.1347784	0.1450083	-0.7578487	0.059747033	-0.07581584	0.10731903	-0.15513699	0.9999998	-0.065663785	0.07364011	-0.12211151	0.18447602	-0.38085365	0.08684731	-0.066281244	0.11490834	-0.15702817	0.21611844	-0.075751334	0.06551267	-0.08791856	0.09652669	-0.09724487	0.056802876	-0.05237025	0.053658657	-0.043539453	0.06546906	-0.043553	0.038728807	-0.074271455	0.044545803	-0.088897824
0.08317817	-0.069262266	0.08790076	-0.092196815	0.08823004	-0.20481208	0.14556989	-0.107960455	0.09286931	-0.07238525	0.23500672	-0.20121412	0.1421542	-0.11718596	0.061859947	-0.83610713	0.18194051	-0.123848	0.120687254	-0.065663785	0.99999994	-0.21688715	0.13641408	-0.113627166	0.07237753	-0.22986488	0.12882063	-0.15508012	0.089110255	-0.072871484	0.11680738	-0.0932806	0.09887101	-0.069240265	0.07031875	-0.07294384	0.06806581	-0.05993203	0.042791057	-0.052053396	0.05590933	-0.048998408	0.085254446	-0.043628886	0.072739385
-0.08648525	0.06935903	-0.09429503	0.0983256	-0.09798062	0.11860669	-0.12025415	0.11239548	-0.1040159	0.07982621	-0.1492861	0.15067393	-0.16691774	0.1352389	-0.069896564	0.17180191	-0.85292727	0.22767542	-0.1702453	0.07364011	-0.21688715	0.9999998	-0.31656793	0.14478299	-0.08497471	0.11643084	-0.088779025	0.14044432	-0.10223216	0.08260273	-0.09110143	0.0746533	-0.09004942	0.073035106	-0.07423157	0.062009603	-0.05788411	0.054554127	-0.0408153	0.053473275	-0.048185643	0.042195193	-0.07780652	0.041594464	-0.074801855
0.114678614	-0.09449109	0.1328541	-0.15004471	0.14559843	-0.12280866	0.120970115	-0.16846742	0.15580505	-0.124895394	0.1345928	-0.14834277	0.23884317	-0.22661127	0.11102968	-0.12834348	0.24166322	-0.6792202	0.27767232	-0.12211151	0.13641408	-0.31656793	1.0	-0.33408546	0.14681447	-0.17524025	0.14067256	-0.29331356	0.17692727	-0.1463408	0.13660078	-0.11797859	0.14170526	-0.12465595	0.1207074	-0.09771134	0.09009133	-0.08605881	0.06486031	-0.087259114	0.07460115	-0.06602252	0.120691136	-0.066528685	0.11848156
-0.12263103	0.095275104	-0.13942638	0.15661593	-0.18933117	0.105781466	-0.11029271	0.15693974	-0.17778069	0.15310423	-0.12084106	0.1235433	-0.21980308	0.22459424	-0.1760201	0.10191372	-0.15054435	0.23406586	-0.43378633	0.18447602	-0.113627166	0.14478299	-0.33408546	0.9999999	-0.3867609	0.15448464	-0.12298269	0.21205714	-0.49709362	0.27791357	-0.1404289	0.1228903	-0.17471927	0.21756354	-0.2195277	0.10525267	-0.09844087	0.10487129	-0.08759185	0.13695832	-0.081061736	0.07260791	-0.14279331	0.08882207	-0.18906167
0.08332743	-0.06612512	0.09656911	-0.119961284	0.16644685	-0.06890638	0.069743566	-0.108469464	0.12955925	-0.15462413	0.07523162	-0.077550516	0.12801497	-0.13850263	0.21770178	-0.066224754	0.084936686	-0.12392774	0.17129111	-0.38085365	0.07237753	-0.08497471	0.14681447	-0.3867609	0.99999994	-0.11171581	0.08567569	-0.15284188	0.26570377	-0.7124695	0.09696542	-0.0865114	0.11781675	-0.15890132	0.14596893	-0.07487874	0.06849087	-0.07232131	0.060132347	-0.09707976	0.056520797	-0.050872445	0.09690895	-0.06205594	0.122574545
-0.09293932	0.06983986	-0.0959274	0.09929658	-0.11612839	0.09906785	-0.093457706	0.10411984	-0.10535579	0.08772828	-0.11989944	0.10643007	-0.14278811	0.11986971	-0.084300235	0.15725537	-0.12166089	0.1293503	-0.15418872	0.08684731	-0.22986488	0.11643084	-0.17524025	0.15448464	-0.11171581	1.0000001	-0.6615535	0.31481057	-0.15742405	0.11281897	-0.41534936	0.27779406	-0.2576864	0.13594814	-0.14127754	0.19066586	-0.19097146	0.1517401	-0.100325964	0.10623779	-0.15076579	0.13026325	-0.2174282	0.10098315	-0.15077485
0.0674379	-0.051252175	0.07039373	-0.074244685	0.085721634	-0.07193283	0.06720998	-0.07752197	0.07825187	-0.06584618	0.08326671	-0.077221334	0.10493488	-0.09065044	0.063388005	-0.11013417	0.089190625	-0.10384595	0.11567748	-0.066281244	0.12882063	-0.088779025	0.14067256	-0.12298269	0.08567569	-0.6615535	1.0000001	-0.54906106	0.12431717	-0.0890869	0.2745551	-0.37194884	0.20948936	-0.10926429	0.10859962	-0.16455309	0.16448162	-0.125246	0.07942508	-0.08268174	0.120799005	-0.11282343	0.16648266	-0.081249386	0.11387731
-0.118083075	0.088067286	-0.123108506	0.12787391	-0.15197031	0.10688832	-0.10781447	0.13280778	-0.1372774	0.11453731	-0.1269627	0.119472325	-0.18573432	0.15726973	-0.111859396	0.12654643	-0.14844492	0.18532303	-0.21211888	0.11490834	-0.15508012	0.14044432	-0.29331356	0.21205714	-0.15284188	0.31481057	-0.54906106	1.0000002	-0.23205921	0.15356913	-0.3301653	0.26651737	-0.32828906	0.17992996	-0.18709435	0.19594	-0.20141484	0.18335985	-0.1241722	0.13699205	-0.162074	0.1401936	-0.2679329	0.12403189	-0.19552964
0.08873831	-0.069859646	0.0990894	-0.11601612	0.14031473	-0.078915045	0.07862911	-0.112288475	0.122819975	-0.11858005	0.08700208	-0.0884564	0.14170747	-0.1492195	0.13351648	-0.08122975	0.10132936	-0.14625396	0.19596854	-0.15702817	0.089110255	-0.10223216	0.17692727	-0.49709362	0.26570377	-0.15742405	0.12431717	-0.23205921	0.99999994	-0.46929303	0.13846987	-0.130851	0.18753113	-0.4885119	0.25636312	-0.11072808	0.10106671	-0.11495724	0.09657271	-0.16915043	0.081995554	-0.07543785	0.14288794	-0.1006835	0.18940763
-0.084513135	0.06550183	-0.09608685	0.114606924	-0.17102943	0.067683175	-0.0693514	0.10461284	-0.12635286	0.13659658	-0.075247176	0.076276325	-0.12724864	0.12901865	-0.2051798	0.06564216	-0.08457711	0.11830609	-0.1674034	0.21611844	-0.072871484	0.08260273	-0.1463408	0.27791357	-0.7124695	0.11281897	-0.0890869	0.15356913	-0.46929303	1.0000001	-0.10400781	0.09335995	-0.13700458	0.19941156	-0.20714259	0.08042838	-0.074838966	0.08254102	-0.07129736	0.11987222	-0.061280753	0.055441923	-0.10959371	0.07248228	-0.15709664
0.0733439	-0.05601226	0.076464705	-0.082201585	0.095137216	-0.075257875	0.07045445	-0.08430539	0.085530356	-0.07378535	0.0847909	-0.080202974	0.11045193	-0.09813658	0.07127366	-0.10457895	0.09096012	-0.10592063	0.12287643	-0.075751334	0.11680738	-0.09110143	0.13660078	-0.1404289	0.09696542	-0.41534936	0.2745551	-0.3301653	0.13846987	-0.10400781	0.9999997	-0.60535514	0.26278973	-0.13573466	0.13035911	-0.40404722	0.26486576	-0.17389286	0.10594794	-0.104542136	0.20407638	-0.19614078	0.21390232	-0.11186728	0.13855676
-0.062186383	0.047192223	-0.06490898	0.069505766	-0.081684	0.06095074	-0.058391556	0.07104266	-0.07291944	0.06304248	-0.06972197	0.065808475	-0.09402957	0.083310604	-0.06187157	0.08042016	-0.07590498	0.08961424	-0.1063349	0.06551267	-0.0932806	0.0746533	-0.11797859	0.1228903	-0.0865114	0.27779406	-0.37194884	0.26651737	-0.130851	0.09335995	-0.60535514	0.99999964	-0.4113184	0.13800646	-0.13127752	0.27090606	-0.3957061	0.20593874	-0.11516131	0.102092296	-0.20468028	0.1967346	-0.24906316	0.11666067	-0.13486081
0.07604667	-0.05829019	0.08013563	-0.087929025	0.10301279	-0.072455265	0.069714844	-0.08852145	0.09145604	-0.08127609	0.0811104	-0.07836666	0.114332214	-0.10528009	0.08079324	-0.088784136	0.090066664	-0.111249	0.13263108	-0.08791856	0.09887101	-0.09004942	0.14170526	-0.17471927	0.11781675	-0.2576864	0.20948936	-0.32828906	0.18753113	-0.13700458	0.26278973	-0.4113184	0.99999976	-0.29014984	0.19922969	-0.25020686	0.23420617	-0.5218759	0.18758838	-0.16289273	0.1674558	-0.17770179	0.31228235	-0.20724183	0.18842867
-0.06509978	0.05033033	-0.070877224	0.08027715	-0.09834712	0.057777025	-0.057489492	0.0786775	-0.08513439	0.07940406	-0.06455975	0.06413085	-0.101040125	0.09881987	-0.087429844	0.06228007	-0.073825665	0.09884554	-0.13139173	0.09652669	-0.069240265	0.073035106	-0.12465595	0.21756354	-0.15890132	0.13594814	-0.10926429	0.17992996	-0.4885119	0.19941156	-0.13573466	0.13800646	-0.29014984	0.9999994	-0.65713996	0.113330424	-0.107602395	0.14451845	-0.13139421	0.24034673	-0.083756216	0.07971132	-0.16601622	0.12805577	-0.28648287
0.06522706	-0.05083065	0.07089909	-0.08127639	0.09693903	-0.058863595	0.05786159	-0.07940564	0.084726855	-0.07993241	0.06498619	-0.06479506	0.099870786	-0.099392846	0.08494646	-0.06388463	0.073869355	-0.09855775	0.12552023	-0.09724487	0.07031875	-0.07423157	0.1207074	-0.2195277	0.14596893	-0.14127754	0.10859962	-0.18709435	0.25636312	-0.20714259	0.13035911	-0.13127752	0.19922969	-0.65713996	0.9999992	-0.11331726	0.10237207	-0.13173829	0.13682298	-0.49007368	0.08161685	-0.07744368	0.14955162	-0.1438832	0.28643826
-0.05369304	0.040607274	-0.05587642	0.05989129	-0.07106855	0.050811596	-0.04918439	0.06083386	-0.06279155	0.05459227	-0.05790384	0.054993734	-0.08000041	0.07113293	-0.05374645	0.06371092	-0.06333753	0.07511994	-0.09082193	0.056802876	-0.07294384	0.062009603	-0.09771134	0.10525267	-0.07487874	0.19066586	-0.16455309	0.19594	-0.11072808	0.08042838	-0.40404722	0.27090606	-0.25020686	0.113330424	-0.11331726	0.9999991	-0.5561439	0.191179	-0.11017965	0.09208981	-0.5489328	0.31197035	-0.25746483	0.11121551	-0.12410231
0.048811957	-0.037144165	0.050971642	-0.055026527	0.06458286	-0.04720339	0.045232538	-0.05589866	0.05741415	-0.050090943	0.053353023	-0.050870772	0.07305469	-0.06552821	0.049096297	-0.060294766	0.058405247	-0.06976534	0.082857385	-0.05237025	0.06806581	-0.05788411	0.09009133	-0.09844087	0.06849087	-0.19097146	0.16448162	-0.20141484	0.10106671	-0.074838966	0.26486576	-0.3957061	0.23420617	-0.107602395	0.10237207	-0.5561439	0.99999917	-0.25546214	0.11216538	-0.08682672	0.31235185	-0.54931074	0.23547772	-0.11826965	0.11102143
-0.0466405	0.035668805	-0.049087714	0.05373904	-0.063299246	0.04406062	-0.04254545	0.054061547	-0.055993114	0.04972423	-0.049445238	0.047713514	-0.06993802	0.06417478	-0.049581863	0.05358379	-0.05483612	0.06738698	-0.08117871	0.053658657	-0.05993203	0.054554127	-0.08605881	0.10487129	-0.07232131	0.1517401	-0.125246	0.18335985	-0.11495724	0.08254102	-0.17389286	0.20593874	-0.5218759	0.14451845	-0.13173829	0.191179	-0.25546214	0.99999875	-0.30960065	0.12238985	-0.14339073	0.16152316	-0.67236364	0.23247987	-0.14380805
0.03547998	-0.027241204	0.037619296	-0.041683853	0.04936725	-0.03285984	0.03195193	-0.041551728	0.04341912	-0.03919977	0.036707267	-0.035748117	0.053293873	-0.049911164	0.03973267	-0.03844619	0.040989503	-0.051388036	0.063124515	-0.043539453	0.042791057	-0.0408153	0.06486031	-0.08759185	0.060132347	-0.100325964	0.07942508	-0.1241722	0.09657271	-0.07129736	0.10594794	-0.11516131	0.18758838	-0.13139421	0.13682298	-0.11017965	0.11216538	-0.30960065	0.9999988	-0.2212655	0.080555454	-0.0848752	0.22652549	-0.8647797	0.19806743
-0.047662802	0.036805894	-0.05127718	0.057837367	-0.069560215	0.042747326	-0.04213438	0.056858767	-0.06050309	0.056033	-0.047553096	0.046982	-0.072310835	0.06983018	-0.059019618	0.046950527	-0.053773724	0.06991692	-0.089252785	0.06546906	-0.052053396	0.053473275	-0.087259114	0.13695832	-0.09707976	0.10623779	-0.08268174	0.13699205	-0.16915043	0.11987222	-0.104542136	0.102092296	-0.16289273	0.24034673	-0.49007368	0.09208981	-0.08682672	0.12238985	-0.2212655	0.9999985	-0.06832015	0.065084435	-0.14381512	0.18783276	-0.74935746
0.04093811	-0.03112894	0.04266929	-0.046046592	0.05406119	-0.03936847	0.037752483	-0.046739638	0.047982506	-0.04185087	0.044403326	-0.04239048	0.060944695	-0.0546236	0.04089128	-0.04975227	0.048619766	-0.05795351	0.068936594	-0.043553	0.05590933	-0.048185643	0.07460115	-0.081061736	0.056520797	-0.15076579	0.120799005	-0.162074	0.081995554	-0.061280753	0.20407638	-0.20468028	0.1674558	-0.083756216	0.08161685	-0.5489328	0.31235185	-0.14339073	0.080555454	-0.06832015	0.99999845	-0.7156858	0.18135205	-0.08621317	0.08934112
-0.036025576	0.02737063	-0.037597395	0.040561557	-0.047798116	0.03442392	-0.03314404	0.041143607	-0.0423672	0.036999412	-0.038965207	0.037170563	-0.05378828	0.04823066	-0.036365833	0.04326252	-0.042736445	0.051087495	-0.061165206	0.038728807	-0.048998408	0.042195193	-0.06602252	0.07260791	-0.050872445	0.13026325	-0.11282343	0.1401936	-0.07543785	0.055441923	-0.19614078	0.1967346	-0.17770179	0.07971132	-0.07744368	0.31197035	-0.54931074	0.16152316	-0.0848752	0.065084435	-0.7156858	0.9999985	-0.22754014	0.087804556	-0.084579274
0.06615383	-0.05063707	0.06939546	-0.07595842	0.08877723	-0.06291779	0.06044479	-0.07651501	0.07875982	-0.06974623	0.070276655	-0.06785002	0.09854043	-0.09022541	0.068543956	-0.07687044	0.07779907	-0.09509068	0.11297417	-0.074271455	0.085254446	-0.07780652	0.120691136	-0.14279331	0.09690895	-0.2174282	0.16648266	-0.2679329	0.14288794	-0.10959371	0.21390232	-0.24906316	0.31228235	-0.16601622	0.14955162	-0.25746483	0.23547772	-0.67236364	0.22652549	-0.14381512	0.18135205	-0.22754014	0.9999986	-0.282994	0.16871463
-0.036396913	0.027893132	-0.03857718	0.042648192	-0.050768834	0.033516966	-0.032689024	0.04251403	-0.044530585	0.04015221	-0.037538014	0.03652028	-0.054683678	0.051039405	-0.040874556	0.03906429	-0.04192788	0.052497078	-0.06489562	0.044545803	-0.043628886	0.041594464	-0.066528685	0.08882207	-0.06205594	0.10098315	-0.081249386	0.12403189	-0.1006835	0.07248228	-0.11186728	0.11666067	-0.20724183	0.12805577	-0.1438832	0.11121551	-0.11826965	0.23247987	-0.8647797	0.18783276	-0.08621317	0.087804556	-0.282994	0.99999857	-0.2484688
0.065822504	-0.05109986	0.070657104	-0.08022002	0.0942748	-0.059835136	0.058458388	-0.07884702	0.0829278	-0.07693479	0.0660119	-0.065363765	0.09905947	-0.09655441	0.078517705	-0.06608654	0.07443798	-0.096436694	0.1201527	-0.088897824	0.072739385	-0.074801855	0.11848156	-0.18906167	0.122574545	-0.15077485	0.11387731	-0.19552964	0.18940763	-0.15709664	0.13855676	-0.13486081	0.18842867	-0.28648287	0.28643826	-0.12410231	0.11102143	-0.14380805	0.19806743	-0.74935746	0.08934112	-0.084579274	0.16871463	-0.2484688	0.99999857
