1.0	-0.79587024	0.10283181	-0.07637766	0.065240026	-0.49218258	0.2970284	-0.10903459	0.06885243	-0.05213477	0.16561708	-0.09921414	0.0646387	-0.054875854	0.058625486	-0.072991796	0.06459619	-0.06427646	0.05913867	-0.06008636	0.052446865	-0.05227058	0.04654955	-0.03946233	0.046201162	-0.03668748	0.043537192	-0.046486992	0.016918145	-0.015581226	0.041581675	-0.034372617	0.051342964	-0.020965176	0.01708313	-0.026388718	0.027074724	-0.018394308	0.013720779	-0.014420726	0.023239164	-0.018506475	0.015921636	-0.014418888	0.018034125
-0.79587024	0.9999999	-0.14849362	0.09382833	-0.08333676	0.30501077	-0.45853668	0.13627727	-0.086265504	0.06389856	-0.18753442	0.10654218	-0.07618919	0.065278254	-0.07130663	0.07803679	-0.07220188	0.07296582	-0.070020266	0.07036107	-0.058075637	0.057148628	-0.05219731	0.045084987	-0.05320767	0.04047418	-0.048472665	0.051434282	-0.018995475	0.017392509	-0.046319604	0.038132023	-0.05741274	0.023374863	-0.019061511	0.029153045	-0.030031696	0.020300847	-0.015168073	0.015932785	-0.025744312	0.02044955	-0.017603308	0.015907772	-0.01996616
0.10283181	-0.14849362	1.0000004	-0.41180313	0.20617487	-0.12305442	0.15866904	-0.82413775	0.21696284	-0.15560484	0.10566829	-0.086539924	0.11195118	-0.12671477	0.1317894	-0.07110368	0.06613679	-0.09887795	0.11312682	-0.12637226	0.05469155	-0.05675794	0.055962656	-0.059317112	0.06827459	-0.03890979	0.047076557	-0.054127418	0.021972053	-0.019610396	0.043804545	-0.037174903	0.055334184	-0.026439464	0.020882944	-0.028069535	0.028804028	-0.01987953	0.015021877	-0.016428852	0.02459347	-0.019731237	0.01710553	-0.0156935	0.020455157
-0.07637766	0.09382833	-0.41180313	1.0000004	-0.6210228	0.09188066	-0.12322982	0.27045086	-0.45530626	0.28928155	-0.12757683	0.11136755	-0.18692178	0.20761544	-0.2511471	0.09592791	-0.09188284	0.15081266	-0.1964112	0.20333551	-0.07672887	0.08008526	-0.082679346	0.09332461	-0.109329864	0.054730177	-0.06700552	0.0782402	-0.03310049	0.029168064	-0.06183008	0.052764386	-0.07890962	0.039207485	-0.030861821	0.03952327	-0.040670782	0.028109455	-0.021354312	0.023631414	-0.03463832	0.027805177	-0.024175022	0.022234822	-0.029453052
0.065240026	-0.08333676	0.20617487	-0.6210228	1.0000001	-0.08438561	0.10534744	-0.24047035	0.29772958	-0.58329767	0.11925553	-0.110734284	0.15895665	-0.19642067	0.25648808	-0.096488036	0.08958549	-0.14989339	0.1746208	-0.25660717	0.07543636	-0.08019198	0.08106332	-0.09261406	0.10497572	-0.05426081	0.06583867	-0.07848081	0.03295412	-0.029213326	0.060592737	-0.052148327	0.07709118	-0.039538402	0.030702278	-0.039207466	0.040133867	-0.027995957	0.021253096	-0.023644673	0.034222122	-0.02759276	0.023995908	-0.022176335	0.029317038
-0.49218258	0.30501077	-0.12305442	0.09188066	-0.08438561	1.0000006	-0.7090763	0.13225387	-0.09013174	0.06692926	-0.33421364	0.14933597	-0.08924354	0.07294248	-0.07732954	0.10426292	-0.09592298	0.08861653	-0.079959385	0.07868941	-0.074478105	0.07302923	-0.064563006	0.053703595	-0.06299573	0.050937217	-0.060364816	0.06406297	-0.022990933	0.021139387	-0.05769856	0.04748098	-0.07089564	0.028441358	-0.023187999	0.036348354	-0.03730652	0.025197793	-0.018762114	0.019597316	-0.031940322	0.025423562	-0.02182512	0.01971933	-0.024502052
0.2970284	-0.45853668	0.15866904	-0.12322982	0.10534744	-0.7090763	1.0000007	-0.21699764	0.11428375	-0.08567948	0.24608101	-0.1881109	0.108280055	-0.092081115	0.095744	-0.1269086	0.113685906	-0.10970208	0.098399505	-0.099686265	0.08908042	-0.08925108	0.078268446	-0.065998115	0.07675658	-0.06184646	0.07298347	-0.07844502	0.02828363	-0.026073983	0.069563515	-0.057652935	0.085596025	-0.03511674	0.028538756	-0.044269804	0.045302484	-0.030829655	0.022970408	-0.024147453	0.038855743	-0.03100589	0.02665013	-0.024164617	0.030141873
-0.10903459	0.13627727	-0.82413775	0.27045086	-0.24047035	0.13225387	-0.21699764	1.0000008	-0.30018663	0.16807285	-0.12070107	0.09664584	-0.13609852	0.14575668	-0.1554214	0.07913441	-0.075034626	0.11216087	-0.13518964	0.1373468	-0.06171306	0.063628316	-0.06357598	0.06773128	-0.07894856	0.043738823	-0.05316719	0.060835585	-0.024885878	0.022124436	-0.04946233	0.04187914	-0.06261553	0.02975951	-0.02358306	0.031540763	-0.032436773	0.022314906	-0.01687684	0.018447755	-0.027669808	0.022168037	-0.019221792	0.01761093	-0.023008035
0.06885243	-0.086265504	0.21696284	-0.45530626	0.29772958	-0.09013174	0.11428375	-0.30018663	1.0000008	-0.49093315	0.1348665	-0.13534239	0.22946766	-0.47490406	0.27077454	-0.11611431	0.11134895	-0.20727238	0.24630995	-0.28446183	0.08984689	-0.09605008	0.0982282	-0.116991095	0.1278278	-0.06355209	0.07715308	-0.09379463	0.03930861	-0.03444035	0.07046962	-0.06091953	0.08965686	-0.046616144	0.03586576	-0.04544242	0.04647567	-0.032311443	0.024525352	-0.027276184	0.039459374	-0.03187419	0.02767117	-0.025572933	0.033759873
-0.05213477	0.06389856	-0.15560484	0.28928155	-0.58329767	0.06692926	-0.08567948	0.16807285	-0.49093315	1.0000008	-0.107285865	0.102541864	-0.17653039	0.22188692	-0.50058633	0.089688465	-0.085882686	0.15036145	-0.20047589	0.25916645	-0.071365766	0.07582698	-0.079075985	0.09440333	-0.10949039	0.050852112	-0.062182143	0.074762255	-0.03210926	0.028095458	-0.05686077	0.049032323	-0.07272772	0.03786081	-0.029362464	0.036573578	-0.037519105	0.026085248	-0.019852616	0.02216622	-0.031883087	0.025705101	-0.022363994	0.020665517	-0.027510516
0.16561708	-0.18753442	0.10566829	-0.12757683	0.11925553	-0.33421364	0.24608101	-0.12070107	0.1348665	-0.107285865	1.0000006	-0.48628652	0.18722467	-0.13912542	0.13831282	-0.3112515	0.2496692	-0.20957518	0.16111806	-0.15534894	0.19288586	-0.19460648	0.15808474	-0.122207515	0.14052728	-0.13058655	0.15031375	-0.16181134	0.05476973	-0.051026266	0.14335805	-0.11899462	0.17351761	-0.068833575	0.056084167	-0.09171163	0.09310836	-0.06329645	0.046832632	-0.04864769	0.07973296	-0.063877895	0.05460676	-0.049483456	0.0605116
-0.09921414	0.10654218	-0.086539924	0.11136755	-0.110734284	0.14933597	-0.1881109	0.09664584	-0.13534239	0.102541864	-0.48628652	1.0000005	-0.26738608	0.1523398	-0.1400941	0.2864867	-0.6354387	0.2470704	-0.18666296	0.14780712	-0.22662145	0.18935792	-0.16951594	0.12462629	-0.14890167	0.12745099	-0.15394954	0.15309496	-0.05097409	0.045725476	-0.14764664	0.11620908	-0.17638344	0.061467964	-0.05023711	0.086177476	-0.089618206	0.057288796	-0.042250898	0.042025097	-0.07505149	0.059172973	-0.050070174	0.04424406	-0.052656613
0.0646387	-0.07618919	0.11195118	-0.18692178	0.15895665	-0.08924354	0.108280055	-0.13609852	0.22946766	-0.17653039	0.18722467	-0.26738608	1.0000002	-0.5067606	0.20571578	-0.20000745	0.21890599	-0.643441	0.30310744	-0.2505944	0.14167848	-0.14932252	0.14769751	-0.14733061	0.15641855	-0.0935665	0.11202638	-0.13821453	0.050406117	-0.04421639	0.101762004	-0.087620296	0.12712161	-0.05998231	0.046256065	-0.0645694	0.065763675	-0.044720978	0.033497997	-0.036049347	0.055267617	-0.044719227	0.03833677	-0.035081577	0.0444894
-0.054875854	0.065278254	-0.12671477	0.20761544	-0.19642067	0.07294248	-0.092081115	0.14575668	-0.47490406	0.22188692	-0.13912542	0.1523398	-0.5067606	0.99999976	-0.29632485	0.12922518	-0.13548002	0.28187078	-0.538277	0.265647	-0.10171251	0.108162075	-0.1173036	0.14897192	-0.16319385	0.06982237	-0.08566	0.10583052	-0.04554904	0.038777675	-0.077298775	0.066997305	-0.098861285	0.052117128	-0.03990747	0.049278803	-0.050518915	0.034849368	-0.026499804	0.029499585	-0.042595807	0.034428045	-0.0298495	0.027551744	-0.036508944
0.058625486	-0.07130663	0.1317894	-0.2511471	0.25648808	-0.07732954	0.095744	-0.1554214	0.27077454	-0.50058633	0.13831282	-0.1400941	0.20571578	-0.29632485	0.99999976	-0.12456665	0.11653429	-0.21118206	0.25982454	-0.6530016	0.09797135	-0.10647074	0.11037044	-0.13934319	0.15680537	-0.07028985	0.08553928	-0.10605956	0.045880035	-0.040134672	0.077688515	-0.06774959	0.09940451	-0.054385796	0.041396134	-0.050491847	0.051573932	-0.036170606	0.02756294	-0.031045476	0.043806452	-0.035485227	0.03090028	-0.028709596	0.038329024
-0.072991796	0.07803679	-0.07110368	0.09592791	-0.096488036	0.10426292	-0.1269086	0.07913441	-0.11611431	0.089688465	-0.3112515	0.2864867	-0.20000745	0.12922518	-0.12456665	0.99999964	-0.52903545	0.21500902	-0.1663647	0.13534886	-0.5535616	0.2726477	-0.21712527	0.13566615	-0.16075104	0.18009563	-0.20026918	0.18794155	-0.05582637	0.049769558	-0.19931297	0.14568686	-0.21346806	0.067168914	-0.05474908	0.10685969	-0.11040522	0.06746173	-0.049019143	0.046632275	-0.09041709	0.071256824	-0.059099887	0.05151383	-0.058110207
0.06459619	-0.07220188	0.06613679	-0.09188284	0.08958549	-0.09592298	0.113685906	-0.075034626	0.11134895	-0.085882686	0.2496692	-0.6354387	0.21890599	-0.13548002	0.11653429	-0.52903545	0.9999997	-0.35763136	0.16918159	-0.1312137	0.2310053	-0.22198218	0.1573441	-0.113047004	0.12731409	-0.11830758	0.13448209	-0.14348458	0.043864667	-0.039086945	0.12535138	-0.101275526	0.14509249	-0.052862365	0.042247366	-0.073928274	0.075386025	-0.04827158	0.035333876	-0.035169695	0.06234019	-0.049922906	0.04182011	-0.037202735	0.043601748
-0.06427646	0.07296582	-0.09887795	0.15081266	-0.14989339	0.08861653	-0.10970208	0.11216087	-0.20727238	0.15036145	-0.20957518	0.2470704	-0.643441	0.28187078	-0.21118206	0.21500902	-0.35763136	0.9999999	-0.44631532	0.22657259	-0.16918917	0.16644707	-0.1914314	0.16632003	-0.18717256	0.104660265	-0.1290845	0.15342006	-0.05557622	0.04786945	-0.11673461	0.09867276	-0.14693233	0.06434453	-0.050379973	0.07158729	-0.07376979	0.048979286	-0.036655277	0.03879881	-0.0615182	0.04940484	-0.042238522	0.038236894	-0.048174873
0.05913867	-0.070020266	0.11312682	-0.1964112	0.1746208	-0.079959385	0.098399505	-0.13518964	0.24630995	-0.20047589	0.16111806	-0.18666296	0.30310744	-0.538277	0.25982454	-0.1663647	0.16918159	-0.44631532	0.9999998	-0.46253794	0.12871502	-0.14414705	0.15959913	-0.27954578	0.22557975	-0.08872038	0.10873227	-0.1443961	0.06463117	-0.053860895	0.096299194	-0.08532166	0.123878755	-0.0728554	0.0533711	-0.062128834	0.063376054	-0.044225466	0.033802457	-0.038316954	0.05325697	-0.04335917	0.037674706	-0.035086054	0.047052674
-0.06008636	0.07036107	-0.12637226	0.20333551	-0.25660717	0.07868941	-0.099686265	0.1373468	-0.28446183	0.25916645	-0.15534894	0.14780712	-0.2505944	0.265647	-0.6530016	0.13534886	-0.1312137	0.22657259	-0.46253794	0.9999995	-0.11416617	0.12274192	-0.1384992	0.1891412	-0.25875783	0.08154143	-0.101683736	0.12496874	-0.058377616	0.049876604	-0.09164194	0.07970304	-0.119283415	0.06632968	-0.05127566	0.05867389	-0.060475096	0.04213938	-0.0323791	0.0368489	-0.051182993	0.0412884	-0.03610397	0.033498246	-0.045810305
0.052446865	-0.058075637	0.05469155	-0.07672887	0.07543636	-0.074478105	0.08908042	-0.06171306	0.08984689	-0.071365766	0.19288586	-0.22662145	0.14167848	-0.10171251	0.09797135	-0.5535616	0.2310053	-0.16918917	0.12871502	-0.11416617	0.9999995	-0.60816485	0.23745936	-0.13595162	0.14397594	-0.28118086	0.21703056	-0.22813503	0.053254504	-0.047418017	0.20643674	-0.15816249	0.19499864	-0.06477219	0.050973643	-0.112687744	0.10972818	-0.066621795	0.047257073	-0.044202216	0.08723359	-0.07127812	0.05728559	-0.05048148	0.053885702
-0.05227058	0.057148628	-0.05675794	0.08008526	-0.08019198	0.07302923	-0.08925108	0.063628316	-0.09605008	0.07582698	-0.19460648	0.18935792	-0.14932252	0.108162075	-0.10647074	0.2726477	-0.22198218	0.16644707	-0.14414705	0.12274192	-0.60816485	0.9999995	-0.48963642	0.17656635	-0.198076	0.20947951	-0.307344	0.27416605	-0.06398561	0.05489977	-0.21081392	0.18506384	-0.25367287	0.07462422	-0.05881602	0.118408486	-0.12207536	0.07321509	-0.052331362	0.04889391	-0.09508994	0.077524476	-0.06321828	0.055183396	-0.060078584
0.04654955	-0.05219731	0.055962656	-0.082679346	0.08106332	-0.064563006	0.078268446	-0.06357598	0.0982282	-0.079075985	0.15808474	-0.16951594	0.14769751	-0.1173036	0.11037044	-0.21712527	0.1573441	-0.1914314	0.15959913	-0.1384992	0.23745936	-0.48963642	0.99999964	-0.34784943	0.24346153	-0.16574334	0.2274894	-0.62018085	0.07959226	-0.06520265	0.16046388	-0.17102742	0.23246433	-0.08929848	0.06481045	-0.104829155	0.10565693	-0.068609506	0.049528453	-0.049776953	0.08297817	-0.0699134	0.057803176	-0.05219179	0.06024402
-0.03946233	0.045084987	-0.059317112	0.09332461	-0.09261406	0.053703595	-0.065998115	0.06773128	-0.116991095	0.09440333	-0.122207515	0.12462629	-0.14733061	0.14897192	-0.13934319	0.13566615	-0.113047004	0.16632003	-0.27954578	0.1891412	-0.13595162	0.17656635	-0.34784943	0.99999934	-0.80493486	0.09632581	-0.12767683	0.20315331	-0.14732477	0.09708358	-0.10191408	0.098117635	-0.14305866	0.12690744	-0.08685571	0.067393206	-0.06904301	0.050587665	-0.04059563	0.051087502	-0.05708719	0.047432225	-0.04239985	0.041080456	-0.06203693
0.046201162	-0.05320767	0.06827459	-0.109329864	0.10497572	-0.06299573	0.07675658	-0.07894856	0.1278278	-0.10949039	0.14052728	-0.14890167	0.15641855	-0.16319385	0.15680537	-0.16075104	0.12731409	-0.18717256	0.22557975	-0.25875783	0.14397594	-0.198076	0.24346153	-0.80493486	0.9999992	-0.10816831	0.13601358	-0.23307809	0.12863648	-0.107874855	0.11111676	-0.10871175	0.15068541	-0.14042228	0.09199082	-0.07600857	0.076594934	-0.057130538	0.045392055	-0.05703129	0.06381103	-0.053463876	0.04757148	-0.04640345	0.06809768
-0.03668748	0.04047418	-0.03890979	0.054730177	-0.05426081	0.050937217	-0.06184646	0.043738823	-0.06355209	0.050852112	-0.13058655	0.12745099	-0.0935665	0.06982237	-0.07028985	0.18009563	-0.11830758	0.104660265	-0.08872038	0.08154143	-0.28118086	0.20947951	-0.16574334	0.09632581	-0.10816831	0.9999996	-0.44820914	0.20222624	-0.047118448	0.04347263	-0.73730236	0.24318688	-0.23747371	0.059567474	-0.048642937	0.19886011	-0.18997279	0.09151917	-0.062215585	0.04880856	-0.14186855	0.109552145	-0.081265755	0.06744851	-0.05873725
0.043537192	-0.048472665	0.047076557	-0.06700552	0.06583867	-0.060364816	0.07298347	-0.05316719	0.07715308	-0.062182143	0.15031375	-0.15394954	0.11202638	-0.08566	0.08553928	-0.20026918	0.13448209	-0.1290845	0.10873227	-0.101683736	0.21703056	-0.307344	0.2274894	-0.12767683	0.13601358	-0.44820914	0.99999946	-0.39886016	0.060052942	-0.054309715	0.28242874	-0.56700134	0.31186467	-0.07588321	0.059382603	-0.19672818	0.19211408	-0.10458552	0.06909901	-0.056924585	0.1311961	-0.11914265	0.08740788	-0.07588583	0.06764436
-0.046486992	0.051434282	-0.054127418	0.0782402	-0.07848081	0.06406297	-0.07844502	0.060835585	-0.09379463	0.074762255	-0.16181134	0.15309496	-0.13821453	0.10583052	-0.10605956	0.18794155	-0.14348458	0.15342006	-0.1443961	0.12496874	-0.22813503	0.27416605	-0.62018085	0.20315331	-0.23307809	0.20222624	-0.39886016	0.9999994	-0.08192006	0.066516586	-0.21642718	0.24678747	-0.4407998	0.09189201	-0.07049438	0.13651247	-0.14477025	0.08837217	-0.062470302	0.057174962	-0.108847566	0.09116068	-0.07505824	0.065241285	-0.06985407
0.016918145	-0.018995475	0.021972053	-0.03310049	0.03295412	-0.022990933	0.02828363	-0.024885878	0.03930861	-0.03210926	0.05476973	-0.05097409	0.050406117	-0.04554904	0.045880035	-0.05582637	0.043864667	-0.05557622	0.06463117	-0.058377616	0.053254504	-0.06398561	0.07959226	-0.14732477	0.12863648	-0.047118448	0.060052942	-0.08192006	0.999999	-0.54635185	0.052046772	-0.054072734	0.0802373	-0.74475044	0.29512322	-0.045027953	0.047626987	-0.06302688	0.0689402	-0.12567954	0.04562821	-0.039991334	0.04882332	-0.06187001	0.14429413
-0.015581226	0.017392509	-0.019610396	0.029168064	-0.029213326	0.021139387	-0.026073983	0.022124436	-0.03444035	0.028095458	-0.051026266	0.045725476	-0.04421639	0.038777675	-0.040134672	0.049769558	-0.039086945	0.04786945	-0.053860895	0.049876604	-0.047418017	0.05489977	-0.06520265	0.09708358	-0.107874855	0.04347263	-0.054309715	0.066516586	-0.54635185	0.99999887	-0.049220506	0.04884625	-0.07147183	0.31629905	-0.71271473	0.045702294	-0.04905943	0.07123069	-0.08192521	0.18899764	-0.049654778	0.043392915	-0.056514278	0.07218316	-0.23233216
0.041581675	-0.046319604	0.043804545	-0.06183008	0.060592737	-0.05769856	0.069563515	-0.04946233	0.07046962	-0.05686077	0.14335805	-0.14764664	0.101762004	-0.077298775	0.077688515	-0.19931297	0.12535138	-0.11673461	0.096299194	-0.09164194	0.20643674	-0.21081392	0.16046388	-0.10191408	0.11111676	-0.73730236	0.28242874	-0.21642718	0.052046772	-0.049220506	0.9999988	-0.29312602	0.22983648	-0.067547955	0.05479795	-0.3300253	0.21430877	-0.11013253	0.07264154	-0.05702564	0.16291036	-0.13440812	0.09486401	-0.08114548	0.06732163
-0.034372617	0.038132023	-0.037174903	0.052764386	-0.052148327	0.04748098	-0.057652935	0.04187914	-0.06091953	0.049032323	-0.11899462	0.11620908	-0.087620296	0.066997305	-0.06774959	0.14568686	-0.101275526	0.09867276	-0.08532166	0.07970304	-0.15816249	0.18506384	-0.17102742	0.098117635	-0.10871175	0.24318688	-0.56700134	0.24678747	-0.054072734	0.04884625	-0.29312602	0.9999987	-0.61286396	0.069754004	-0.05553843	0.21371974	-0.31192338	0.11837339	-0.07667791	0.056297105	-0.14928904	0.13796389	-0.10041374	0.08226425	-0.06702583
0.051342964	-0.05741274	0.055334184	-0.07890962	0.07709118	-0.07089564	0.085596025	-0.06261553	0.08965686	-0.07272772	0.17351761	-0.17638344	0.12712161	-0.098861285	0.09940451	-0.21346806	0.14509249	-0.14693233	0.123878755	-0.119283415	0.19499864	-0.25367287	0.23246433	-0.14305866	0.15068541	-0.23747371	0.31186467	-0.4407998	0.0802373	-0.07147183	0.22983648	-0.61286396	0.9999986	-0.108891666	0.07945466	-0.21077383	0.20938626	-0.14642994	0.09156178	-0.07506755	0.14811267	-0.14085501	0.11138441	-0.09827969	0.08829946
-0.020965176	0.023374863	-0.026439464	0.039207485	-0.039538402	0.028441358	-0.03511674	0.02975951	-0.046616144	0.03786081	-0.068833575	0.061467964	-0.05998231	0.052117128	-0.054385796	0.067168914	-0.052862365	0.06434453	-0.0728554	0.06632968	-0.06477219	0.07462422	-0.08929848	0.12690744	-0.14042228	0.059567474	-0.07588321	0.09189201	-0.74475044	0.31629905	-0.067547955	0.069754004	-0.108891666	0.9999988	-0.47081947	0.060286395	-0.0648248	0.08798333	-0.10364482	0.17840381	-0.06380667	0.055339668	-0.07008111	0.087563224	-0.23962797
0.01708313	-0.019061511	0.020882944	-0.030861821	0.030702278	-0.023187999	0.028538756	-0.02358306	0.03586576	-0.029362464	0.056084167	-0.05023711	0.046256065	-0.03990747	0.041396134	-0.05474908	0.042247366	-0.050379973	0.0533711	-0.05127566	0.050973643	-0.05881602	0.06481045	-0.08685571	0.09199082	-0.048642937	0.059382603	-0.07049438	0.29512322	-0.71271473	0.05479795	-0.05553843	0.07945466	-0.47081947	0.99999905	-0.054269794	0.057970908	-0.09513317	0.10842231	-0.34033567	0.059114717	-0.053190693	0.07120771	-0.09751281	0.24309762
-0.026388718	0.029153045	-0.028069535	0.03952327	-0.039207466	0.036348354	-0.044269804	0.031540763	-0.04544242	0.036573578	-0.09171163	0.086177476	-0.0645694	0.049278803	-0.050491847	0.10685969	-0.073928274	0.07158729	-0.062128834	0.05867389	-0.112687744	0.118408486	-0.104829155	0.067393206	-0.07600857	0.19886011	-0.19672818	0.13651247	-0.045027953	0.045702294	-0.3300253	0.21371974	-0.21077383	0.060286395	-0.054269794	0.9999992	-0.68469197	0.1829987	-0.11975389	0.0715212	-0.4772055	0.27865383	-0.17790098	0.13179316	-0.08448335
0.027074724	-0.030031696	0.028804028	-0.040670782	0.040133867	-0.03730652	0.045302484	-0.032436773	0.04647567	-0.037519105	0.09310836	-0.089618206	0.065763675	-0.050518915	0.051573932	-0.11040522	0.075386025	-0.07376979	0.063376054	-0.060475096	0.10972818	-0.12207536	0.10565693	-0.06904301	0.076594934	-0.18997279	0.19211408	-0.14477025	0.047626987	-0.04905943	0.21430877	-0.31192338	0.20938626	-0.0648248	0.057970908	-0.68469197	0.9999995	-0.2635004	0.13974953	-0.08019984	0.30325565	-0.42103353	0.20332062	-0.16308565	0.09077295
-0.018394308	0.020300847	-0.01987953	0.028109455	-0.027995957	0.025197793	-0.030829655	0.022314906	-0.032311443	0.026085248	-0.06329645	0.057288796	-0.044720978	0.034849368	-0.036170606	0.06746173	-0.04827158	0.048979286	-0.044225466	0.04213938	-0.066621795	0.07321509	-0.068609506	0.050587665	-0.057130538	0.09151917	-0.10458552	0.08837217	-0.06302688	0.07123069	-0.11013253	0.11837339	-0.14642994	0.08798333	-0.09513317	0.1829987	-0.2635004	0.9999993	-0.56500465	0.16833916	-0.2721908	0.24173088	-0.5985724	0.3258724	-0.2011513
0.013720779	-0.015168073	0.015021877	-0.021354312	0.021253096	-0.018762114	0.022970408	-0.01687684	0.024525352	-0.019852616	0.046832632	-0.042250898	0.033497997	-0.026499804	0.02756294	-0.049019143	0.035333876	-0.036655277	0.033802457	-0.0323791	0.047257073	-0.052331362	0.049528453	-0.04059563	0.045392055	-0.062215585	0.06909901	-0.062470302	0.0689402	-0.08192521	0.07264154	-0.07667791	0.09156178	-0.10364482	0.10842231	-0.11975389	0.13974953	-0.56500465	0.9999986	-0.27859628	0.15529427	-0.15925205	0.2969222	-0.6759111	0.21758825
-0.014420726	0.015932785	-0.016428852	0.023631414	-0.023644673	0.019597316	-0.024147453	0.018447755	-0.027276184	0.02216622	-0.04864769	0.042025097	-0.036049347	0.029499585	-0.031045476	0.046632275	-0.035169695	0.03879881	-0.038316954	0.0368489	-0.044202216	0.04889391	-0.049776953	0.051087502	-0.05703129	0.04880856	-0.056924585	0.057174962	-0.12567954	0.18899764	-0.05702564	0.056297105	-0.07506755	0.17840381	-0.34033567	0.0715212	-0.08019984	0.16833916	-0.27859628	0.99999845	-0.08987862	0.08194548	-0.13082215	0.18646452	-0.83200264
0.023239164	-0.025744312	0.02459347	-0.03463832	0.034222122	-0.031940322	0.038855743	-0.027669808	0.039459374	-0.031883087	0.07973296	-0.07505149	0.055267617	-0.042595807	0.043806452	-0.09041709	0.06234019	-0.0615182	0.05325697	-0.051182993	0.08723359	-0.09508994	0.08297817	-0.05708719	0.06381103	-0.14186855	0.1311961	-0.108847566	0.04562821	-0.049654778	0.16291036	-0.14928904	0.14811267	-0.06380667	0.059114717	-0.4772055	0.30325565	-0.2721908	0.15529427	-0.08987862	0.9999985	-0.70574504	0.2489522	-0.21641167	0.09828147
-0.018506475	0.02044955	-0.019731237	0.027805177	-0.02759276	0.025423562	-0.03100589	0.022168037	-0.03187419	0.025705101	-0.063877895	0.059172973	-0.044719227	0.034428045	-0.035485227	0.071256824	-0.049922906	0.04940484	-0.04335917	0.0412884	-0.07127812	0.077524476	-0.0699134	0.047432225	-0.053463876	0.109552145	-0.11914265	0.09116068	-0.039991334	0.043392915	-0.13440812	0.13796389	-0.14085501	0.055339668	-0.053190693	0.27865383	-0.42103353	0.24173088	-0.15925205	0.08194548	-0.70574504	0.9999985	-0.41881102	0.1982754	-0.094512604
0.015921636	-0.017603308	0.01710553	-0.024175022	0.023995908	-0.02182512	0.02665013	-0.019221792	0.02767117	-0.022363994	0.05460676	-0.050070174	0.03833677	-0.0298495	0.03090028	-0.059099887	0.04182011	-0.042238522	0.037674706	-0.03610397	0.05728559	-0.06321828	0.057803176	-0.04239985	0.04757148	-0.081265755	0.08740788	-0.07505824	0.04882332	-0.056514278	0.09486401	-0.10041374	0.11138441	-0.07008111	0.07120771	-0.17790098	0.20332062	-0.5985724	0.2969222	-0.13082215	0.2489522	-0.41881102	0.9999983	-0.5489263	0.14044516
-0.014418888	0.015907772	-0.0156935	0.022234822	-0.022176335	0.01971933	-0.024164617	0.01761093	-0.025572933	0.020665517	-0.049483456	0.04424406	-0.035081577	0.027551744	-0.028709596	0.05151383	-0.037202735	0.038236894	-0.035086054	0.033498246	-0.05048148	0.055183396	-0.05219179	0.041080456	-0.04640345	0.06744851	-0.07588583	0.065241285	-0.06187001	0.07218316	-0.08114548	0.08226425	-0.09827969	0.087563224	-0.09751281	0.13179316	-0.16308565	0.3258724	-0.6759111	0.18646452	-0.21641167	0.1982754	-0.5489263	0.99999833	-0.23125273
0.018034125	-0.01996616	0.020455157	-0.029453052	0.029317038	-0.024502052	0.030141873	-0.023008035	0.033759873	-0.027510516	0.0605116	-0.052656613	0.0444894	-0.036508944	0.038329024	-0.058110207	0.043601748	-0.048174873	0.047052674	-0.045810305	0.053885702	-0.060078584	0.06024402	-0.06203693	0.06809768	-0.05873725	0.06764436	-0.06985407	0.14429413	-0.23233216	0.06732163	-0.06702583	0.08829946	-0.23962797	0.24309762	-0.08448335	0.09077295	-0.2011513	0.21758825	-0.83200264	0.09828147	-0.094512604	0.14044516	-0.23125273	0.99999833
