1.0000001	-0.7522149	0.22331987	-0.09479465	0.08245558	-0.4215747	0.29228798	-0.29385257	0.089733906	-0.07661893	0.1860921	-0.17851396	0.14042772	-0.10011903	0.09519729	-0.08192176	0.07122288	-0.12916008	0.089951396	-0.13189894	0.055744402	-0.067057855	0.061884146	-0.052385412	0.046540193	-0.039813172	0.04378766	-0.044740453	0.04749383	-0.046387542	0.03656527	-0.03620488	0.036162354	-0.037128918	0.043421138	-0.028025316	0.031816322	-0.031928748	0.037840422	-0.026532961	0.033855315	-0.03026702	0.025043983	-0.04010324	0.040705938
-0.7522149	1.0000002	-0.32325497	0.09057436	-0.082461104	0.27470407	-0.4303475	0.24002191	-0.080235556	0.06716805	-0.17302136	0.15757753	-0.12969606	0.08413449	-0.08361474	0.0674354	-0.06053239	0.10217911	-0.07426278	0.10309139	-0.045749202	0.05404595	-0.050522514	0.04200903	-0.03747698	0.03220997	-0.035610408	0.036035832	-0.038397808	0.036977515	-0.029594153	0.029125486	-0.029131263	0.029771421	-0.034816485	0.022554532	-0.025605144	0.025610153	-0.030408293	0.02125877	-0.027299536	0.024194522	-0.020056121	0.03197884	-0.032619324
0.22331987	-0.32325497	1.0000005	-0.20943743	0.1519256	-0.1212171	0.13710946	-0.8728903	0.09765784	-0.08732156	0.09118397	-0.08260443	0.085273325	-0.07722668	0.09095186	-0.041977677	0.0381975	-0.07381571	0.061576907	-0.08630041	0.031256083	-0.036608838	0.035013497	-0.02985774	0.027209383	-0.022217752	0.024768686	-0.02516021	0.027137741	-0.026604986	0.020638922	-0.020343488	0.02046009	-0.020963255	0.024765769	-0.01578342	0.017973557	-0.017976975	0.021453707	-0.015088987	0.019178273	-0.016987152	0.014101428	-0.022475185	0.023190498
-0.09479465	0.09057436	-0.20943743	1.0000006	-0.8549141	0.066242374	-0.070561275	0.17072652	-0.28517744	0.2501941	-0.08691414	0.0744941	-0.116392836	0.15337926	-0.23041897	0.048295904	-0.045568954	0.105822146	-0.10947991	0.14610258	-0.039909136	0.046398155	-0.04628317	0.040342286	-0.037906215	0.028554635	-0.032294076	0.03294501	-0.036232445	0.03626731	-0.026791144	0.026418695	-0.026747603	0.027468715	-0.03255643	0.020513698	-0.023437882	0.023425244	-0.028123263	0.019808605	-0.025025072	0.022088349	-0.01837398	0.029226333	-0.030397583
0.08245558	-0.082461104	0.1519256	-0.8549141	1.0000002	-0.060586672	0.062969394	-0.17339689	0.2246207	-0.3622699	0.07774925	-0.06846595	0.10375315	-0.14880157	0.20161773	-0.045452036	0.04249315	-0.10262399	0.10143812	-0.14960167	0.037531216	-0.04412187	0.04374628	-0.038615216	0.036305126	-0.02702665	0.030491205	-0.03130945	0.03438845	-0.034924682	0.025318075	-0.025056154	0.025337791	-0.026104482	0.03084693	-0.019438319	0.02220394	-0.02224167	0.026660934	-0.018786978	0.023669802	-0.021007122	0.017452305	-0.027835272	0.028786749
-0.4215747	0.27470407	-0.1212171	0.066242374	-0.060586672	1.0000004	-0.7210857	0.132151	-0.084200874	0.06814277	-0.39869356	0.25524804	-0.18428126	0.103400014	-0.09129088	0.10750955	-0.09599887	0.1368865	-0.09380356	0.12665267	-0.06370123	0.07605566	-0.06998006	0.05613207	-0.04921236	0.044001106	-0.0483413	0.048645526	-0.05134062	0.04851917	-0.039729245	0.038955323	-0.038690105	0.039384842	-0.045056533	0.030049186	-0.033964083	0.03394567	-0.04004299	0.027622651	-0.036162462	0.031977337	-0.026470952	0.042161472	-0.04213539
0.29228798	-0.4303475	0.13710946	-0.070561275	0.062969394	-0.7210857	1.0000002	-0.15948065	0.084557764	-0.06983032	0.2625333	-0.35178575	0.17974038	-0.10722111	0.09091423	-0.09741795	0.08442225	-0.14262624	0.0947667	-0.13138962	0.059227485	-0.072394766	0.06630223	-0.054367103	0.047620106	-0.041712634	0.045697425	-0.046578255	0.049102444	-0.047261555	0.037720516	-0.037246224	0.036988154	-0.037859634	0.04334484	-0.02872157	0.032486483	-0.032582264	0.038403507	-0.026585562	0.034519516	-0.030792674	0.025450628	-0.04070771	0.0405385
-0.29385257	0.24002191	-0.8728903	0.17072652	-0.17339689	0.132151	-0.15948065	1.0000005	-0.116208896	0.097481355	-0.10958728	0.09399555	-0.10257916	0.088415384	-0.10860722	0.048963986	-0.045034442	0.08453685	-0.07178129	0.097595826	-0.03683014	0.042663626	-0.041027848	0.034785487	-0.031773716	0.02604951	-0.029109955	0.02942783	-0.031801857	0.030956697	-0.024252014	0.023839088	-0.024008472	0.02454617	-0.029108461	0.01851137	-0.021089252	0.021057812	-0.025172144	0.017716289	-0.022531833	0.019874204	-0.016516224	0.026269885	-0.027265595
0.089733906	-0.080235556	0.09765784	-0.28517744	0.2246207	-0.084200874	0.084557764	-0.116208896	1.0000007	-0.6015449	0.13257098	-0.1257695	0.20685196	-0.5366212	0.31526068	-0.08593509	0.08028186	-0.22168641	0.22713977	-0.3171411	0.06997732	-0.08448448	0.08415724	-0.074623466	0.06987036	-0.05068878	0.057147764	-0.05930951	0.06515577	-0.06711444	0.04714376	-0.046838373	0.047256425	-0.048860986	0.05702361	-0.036225516	0.04133508	-0.04150918	0.049627617	-0.03481166	0.04394454	-0.039197158	0.0325162	-0.051979586	0.05307815
-0.07661893	0.06716805	-0.08732156	0.2501941	-0.3622699	0.06814277	-0.06983032	0.097481355	-0.6015449	1.0000006	-0.110146575	0.096040204	-0.1664937	0.26124585	-0.5862116	0.065916166	-0.06258969	0.15670024	-0.17416468	0.23707145	-0.05497501	0.06464244	-0.06513778	0.057265475	-0.054468527	0.039494403	-0.044771057	0.045952704	-0.050838247	0.051677946	-0.036981754	0.036551986	-0.037022557	0.038125284	-0.044948213	0.028342962	-0.03239172	0.032414984	-0.03892457	0.027371464	-0.03453987	0.030549956	-0.025405169	0.040445685	-0.041877747
0.1860921	-0.17302136	0.09118397	-0.08691414	0.07774925	-0.39869356	0.2625333	-0.10958728	0.13257098	-0.110146575	1.0000001	-0.648647	0.28659603	-0.18874964	0.14684825	-0.2786535	0.19038227	-0.28006032	0.17175393	-0.2441171	0.11836361	-0.1520782	0.13148691	-0.10571649	0.09030518	-0.082935564	0.08887397	-0.09112865	0.094353266	-0.0902746	0.07276879	-0.07204539	0.070689805	-0.07236188	0.0805556	-0.05522452	0.062050946	-0.062408812	0.07276097	-0.049696792	0.06565934	-0.058957398	0.048543774	-0.07788889	0.07519167
-0.17851396	0.15757753	-0.08260443	0.0744941	-0.06846595	0.25524804	-0.35178575	0.09399555	-0.1257695	0.096040204	-0.648647	0.99999994	-0.52492833	0.17342435	-0.13341603	0.16046125	-0.15073223	0.2196069	-0.14982037	0.18381417	-0.09062468	0.11058674	-0.102532625	0.07998835	-0.06951784	0.06214563	-0.06830509	0.06887875	-0.07249003	0.068000644	-0.055490244	0.054353986	-0.05379057	0.05469289	-0.06149632	0.041777972	-0.04710907	0.047082618	-0.05534914	0.037808172	-0.05007844	0.044224985	-0.036583923	0.058221646	-0.0573592
0.14042772	-0.12969606	0.085273325	-0.116392836	0.10375315	-0.18428126	0.17974038	-0.10257916	0.20685196	-0.1664937	0.28659603	-0.52492833	0.9999998	-0.40427834	0.21534483	-0.17475504	0.1534381	-0.47873747	0.26914412	-0.3346461	0.11639767	-0.15053219	0.14299276	-0.117751196	0.101885155	-0.08418457	0.09268986	-0.097134806	0.1023313	-0.100682355	0.07589038	-0.075652875	0.07510397	-0.077451825	0.08751428	-0.058105357	0.065747775	-0.06624041	0.07795875	-0.0537987	0.06957128	-0.06262112	0.051668473	-0.082965404	0.08156663
-0.10011903	0.08413449	-0.07722668	0.15337926	-0.14880157	0.103400014	-0.10722111	0.088415384	-0.5366212	0.26124585	-0.18874964	0.17342435	-0.40427834	0.9999996	-0.4057203	0.10717562	-0.10385319	0.27995372	-0.47383514	0.30488685	-0.084917314	0.10162054	-0.104615554	0.08847696	-0.080886416	0.06044275	-0.06860062	0.07041416	-0.07768665	0.07600932	-0.055934194	0.05511889	-0.055629622	0.05707936	-0.06615767	0.04258666	-0.048540957	0.048510946	-0.058070302	0.040378578	-0.051714495	0.045531627	-0.03785981	0.060123693	-0.06155126
0.09519729	-0.08361474	0.09095186	-0.23041897	0.20161773	-0.09129088	0.09091423	-0.10860722	0.31526068	-0.5862116	0.14684825	-0.13341603	0.21534483	-0.4057203	0.9999993	-0.098758556	0.092175454	-0.24758865	0.24894181	-0.5059669	0.08329685	-0.09962094	0.09936838	-0.090650044	0.088309705	-0.060604192	0.06850423	-0.07119294	0.07902295	-0.08423246	0.05668031	-0.056397863	0.057077285	-0.059212763	0.06959657	-0.043666303	0.049918015	-0.050169613	0.06016917	-0.042435363	0.053070404	-0.04741503	0.03935422	-0.06296156	0.06469796
-0.08192176	0.0674354	-0.041977677	0.048295904	-0.045452036	0.10750955	-0.09741795	0.048963986	-0.08593509	0.065916166	-0.2786535	0.16046125	-0.17475504	0.10717562	-0.098758556	0.99999917	-0.8280174	0.18871818	-0.1260907	0.13729423	-0.2261828	0.24408852	-0.20663254	0.12787059	-0.1040286	0.12575041	-0.13045074	0.12189986	-0.122106634	0.0991531	-0.10044198	0.0938503	-0.08907149	0.086990245	-0.0877797	0.07078999	-0.077558495	0.07627964	-0.086724594	0.054955862	-0.082458496	0.06980444	-0.057623584	0.089806005	-0.08116393
0.07122288	-0.06053239	0.0381975	-0.045568954	0.04249315	-0.09599887	0.08442225	-0.045034442	0.08028186	-0.06258969	0.19038227	-0.15073223	0.1534381	-0.10385319	0.092175454	-0.8280174	0.9999992	-0.22609228	0.1246072	-0.13793805	0.18184622	-0.3610384	0.19649287	-0.12655088	0.096648306	-0.11539501	0.11620911	-0.11614992	0.11244215	-0.09431064	0.08945695	-0.086266406	0.0810871	-0.080553964	0.08005093	-0.06458231	0.07052641	-0.07024706	0.07918392	-0.05029849	0.07423483	-0.06470995	0.053081043	-0.083857425	0.073912084
-0.12916008	0.10217911	-0.07381571	0.105822146	-0.10262399	0.1368865	-0.14262624	0.08453685	-0.22168641	0.15670024	-0.28006032	0.2196069	-0.47873747	0.27995372	-0.24758865	0.18871818	-0.22609228	0.999999	-0.59484553	0.29908937	-0.14568776	0.18273935	-0.22746566	0.14501475	-0.123535775	0.10093446	-0.11642291	0.119527176	-0.12814653	0.11419685	-0.09132502	0.08904397	-0.08936391	0.09053303	-0.10150836	0.068245865	-0.07741841	0.076923974	-0.091606624	0.062169507	-0.08246075	0.07132086	-0.05940714	0.09344837	-0.09420637
0.089951396	-0.07426278	0.061576907	-0.10947991	0.10143812	-0.09380356	0.0947667	-0.07178129	0.22713977	-0.17416468	0.17175393	-0.14982037	0.26914412	-0.47383514	0.24894181	-0.1260907	0.1246072	-0.59484553	0.999999	-0.5293217	0.098551914	-0.12480761	0.13271889	-0.115950584	0.10008974	-0.07059765	0.08057342	-0.08480636	0.09408967	-0.092143476	0.06438305	-0.06368343	0.06414856	-0.066109724	0.07470834	-0.048855066	0.05559424	-0.05568017	0.066553846	-0.04573838	0.05897814	-0.051971827	0.043194756	-0.06857212	0.069067106
-0.13189894	0.10309139	-0.08630041	0.14610258	-0.14960167	0.12665267	-0.13138962	0.097595826	-0.3171411	0.23707145	-0.2441171	0.18381417	-0.3346461	0.30488685	-0.5059669	0.13729423	-0.13793805	0.29908937	-0.5293217	0.9999987	-0.12803972	0.1407512	-0.15096475	0.13581668	-0.15672652	0.09047993	-0.10527365	0.10574347	-0.12315379	0.12830716	-0.086428985	0.08441957	-0.086925246	0.08915113	-0.10842418	0.06583003	-0.075752996	0.07513704	-0.09206082	0.06543862	-0.08135907	0.070158966	-0.058890536	0.092527956	-0.10060536
0.055744402	-0.045749202	0.031256083	-0.039909136	0.037531216	-0.06370123	0.059227485	-0.03683014	0.06997732	-0.05497501	0.11836361	-0.09062468	0.11639767	-0.084917314	0.08329685	-0.2261828	0.18184622	-0.14568776	0.098551914	-0.12803972	0.99999887	-0.41576558	0.24722919	-0.21930529	0.15588719	-0.6311972	0.2761436	-0.27874285	0.20503634	-0.17532574	0.2504385	-0.24410218	0.18454769	-0.17722027	0.14886637	-0.1757893	0.16860302	-0.17053871	0.1655468	-0.097408645	0.17186922	-0.15801013	0.12418528	-0.20085722	0.13805597
-0.067057855	0.05404595	-0.036608838	0.046398155	-0.04412187	0.07605566	-0.072394766	0.042663626	-0.08448448	0.06464244	-0.1520782	0.11058674	-0.15053219	0.10162054	-0.09962094	0.24408852	-0.3610384	0.18273935	-0.12480761	0.1407512	-0.41576558	0.9999987	-0.6352647	0.24333379	-0.18446475	0.2144705	-0.24459723	0.22811024	-0.22656927	0.16715205	-0.16879764	0.1569973	-0.14930752	0.14532462	-0.13693503	0.11622098	-0.12738632	0.12507442	-0.14210586	0.086499944	-0.13451058	0.11216244	-0.09282811	0.14328544	-0.12507391
0.061884146	-0.050522514	0.035013497	-0.04628317	0.04374628	-0.06998006	0.06630223	-0.041027848	0.08415724	-0.06513778	0.13148691	-0.102532625	0.14299276	-0.104615554	0.09936838	-0.20663254	0.19649287	-0.22746566	0.13271889	-0.15096475	0.24722919	-0.6352647	0.9999985	-0.45690605	0.20734908	-0.19397476	0.22484414	-0.33264482	0.25637072	-0.20507583	0.15142463	-0.1568789	0.15103078	-0.15772453	0.13780129	-0.11185942	0.12434126	-0.12768187	0.14406036	-0.087901145	0.12634733	-0.11465414	0.09382044	-0.15006573	0.123980865
-0.052385412	0.04200903	-0.02985774	0.040342286	-0.038615216	0.05613207	-0.054367103	0.034785487	-0.074623466	0.057265475	-0.10571649	0.07998835	-0.117751196	0.08847696	-0.090650044	0.12787059	-0.12655088	0.14501475	-0.115950584	0.13581668	-0.21930529	0.24333379	-0.45690605	0.99999857	-0.4879752	0.16302942	-0.22335021	0.2507344	-0.5482904	0.2966857	-0.15126143	0.15287723	-0.16895497	0.19078296	-0.1695109	0.112044916	-0.13158146	0.13447839	-0.17705517	0.105630405	-0.13400666	0.116576694	-0.099045575	0.15410875	-0.14583041
0.046540193	-0.03747698	0.027209383	-0.037906215	0.036305126	-0.04921236	0.047620106	-0.031773716	0.06987036	-0.054468527	0.09030518	-0.06951784	0.101885155	-0.080886416	0.088309705	-0.1040286	0.096648306	-0.123535775	0.10008974	-0.15672652	0.15588719	-0.18446475	0.20734908	-0.4879752	0.99999857	-0.12455552	0.15489787	-0.18359359	0.28056493	-0.74156326	0.11733484	-0.12317608	0.13123204	-0.15558855	0.17402057	-0.091239855	0.10682728	-0.11208792	0.14275753	-0.10641212	0.10840154	-0.101553954	0.084991254	-0.13881171	0.13762085
-0.039813172	0.03220997	-0.022217752	0.028554635	-0.02702665	0.044001106	-0.041712634	0.02604951	-0.05068878	0.039494403	-0.082935564	0.06214563	-0.08418457	0.06044275	-0.060604192	0.12575041	-0.11539501	0.10093446	-0.07059765	0.09047993	-0.6311972	0.2144705	-0.19397476	0.16302942	-0.12455552	0.99999857	-0.46272123	0.24745007	-0.18379968	0.13498989	-0.4377517	0.24577422	-0.1809544	0.15314423	-0.1230995	0.18208258	-0.16888823	0.15489139	-0.14589943	0.08108989	-0.18327287	0.13743672	-0.11017696	0.16357638	-0.11414671
0.04378766	-0.035610408	0.024768686	-0.032294076	0.030491205	-0.0483413	0.045697425	-0.029109955	0.057147764	-0.044771057	0.08887397	-0.06830509	0.09268986	-0.06860062	0.06850423	-0.13045074	0.11620911	-0.11642291	0.08057342	-0.10527365	0.2761436	-0.24459723	0.22484414	-0.22335021	0.15489787	-0.46272123	0.99999833	-0.65428466	0.24785028	-0.182475	0.23724204	-0.29708079	0.2051879	-0.18726112	0.14052442	-0.15929084	0.16956258	-0.1718156	0.16464809	-0.092746586	0.16214614	-0.14419514	0.115926586	-0.18129808	0.12804587
-0.044740453	0.036035832	-0.02516021	0.03294501	-0.03130945	0.048645526	-0.046578255	0.02942783	-0.05930951	0.045952704	-0.09112865	0.06887875	-0.097134806	0.07041416	-0.07119294	0.12189986	-0.11614992	0.119527176	-0.08480636	0.10574347	-0.27874285	0.22811024	-0.33264482	0.2507344	-0.18359359	0.24745007	-0.65428466	0.99999845	-0.4473607	0.19700685	-0.20379673	0.21171187	-0.238552	0.19839087	-0.14938012	0.13801175	-0.1610783	0.16342276	-0.1770993	0.09709811	-0.15577744	0.13196445	-0.110106595	0.16721019	-0.13390554
0.04749383	-0.038397808	0.027137741	-0.036232445	0.03438845	-0.05134062	0.049102444	-0.031801857	0.06515577	-0.050838247	0.094353266	-0.07249003	0.1023313	-0.07768665	0.07902295	-0.122106634	0.11244215	-0.12814653	0.09408967	-0.12315379	0.20503634	-0.22656927	0.25637072	-0.5482904	0.28056493	-0.18379968	0.24785028	-0.4473607	0.99999815	-0.4156933	0.16520077	-0.184481	0.20565997	-0.329442	0.1818328	-0.12687935	0.15041615	-0.16486041	0.21155544	-0.119333	0.14578931	-0.13818651	0.11578833	-0.18765989	0.15407614
-0.046387542	0.036977515	-0.026604986	0.03626731	-0.034924682	0.04851917	-0.047261555	0.030956697	-0.06711444	0.051677946	-0.0902746	0.068000644	-0.100682355	0.07600932	-0.08423246	0.0991531	-0.09431064	0.11419685	-0.092143476	0.12830716	-0.17532574	0.16715205	-0.20507583	0.2966857	-0.74156326	0.13498989	-0.182475	0.19700685	-0.4156933	0.9999983	-0.13333748	0.13633944	-0.1535463	0.17885494	-0.25672162	0.10197737	-0.12176241	0.12582278	-0.17425726	0.13575113	-0.12396453	0.11113429	-0.09538545	0.15106381	-0.17732656
0.03656527	-0.029594153	0.020638922	-0.026791144	0.025318075	-0.039729245	0.037720516	-0.024252014	0.04714376	-0.036981754	0.07276879	-0.055490244	0.07589038	-0.055934194	0.05668031	-0.10044198	0.08945695	-0.09132502	0.06438305	-0.086428985	0.2504385	-0.16879764	0.15142463	-0.15126143	0.11733484	-0.4377517	0.23724204	-0.20379673	0.16520077	-0.13333748	0.9999985	-0.57546914	0.24374606	-0.19697142	0.13888262	-0.44198895	0.2570852	-0.23371962	0.18111981	-0.094421186	0.26538798	-0.20707655	0.15426223	-0.22886345	0.13002834
-0.03620488	0.029125486	-0.020343488	0.026418695	-0.025056154	0.038955323	-0.037246224	0.023839088	-0.046838373	0.036551986	-0.07204539	0.054353986	-0.075652875	0.05511889	-0.056397863	0.0938503	-0.086266406	0.08904397	-0.06368343	0.08441957	-0.24410218	0.1569973	-0.1568789	0.15287723	-0.12317608	0.24577422	-0.29708079	0.21171187	-0.184481	0.13633944	-0.57546914	0.9999984	-0.46681315	0.22695298	-0.15309592	0.2581029	-0.39395434	0.27537447	-0.21811678	0.104451686	-0.26701456	0.20063278	-0.16528115	0.21743813	-0.14184484
0.036162354	-0.029131263	0.02046009	-0.026747603	0.025337791	-0.038690105	0.036988154	-0.024008472	0.047256425	-0.037022557	0.070689805	-0.05379057	0.07510397	-0.055629622	0.057077285	-0.08907149	0.0810871	-0.08936391	0.06414856	-0.086925246	0.18454769	-0.14930752	0.15103078	-0.16895497	0.13123204	-0.1809544	0.2051879	-0.238552	0.20565997	-0.1535463	0.24374606	-0.46681315	0.9999987	-0.48697832	0.17396553	-0.20412356	0.28480533	-0.5147159	0.28082892	-0.1255132	0.20831932	-0.21765296	0.18592858	-0.27186406	0.15736276
-0.037128918	0.029771421	-0.020963255	0.027468715	-0.026104482	0.039384842	-0.037859634	0.02454617	-0.048860986	0.038125284	-0.07236188	0.05469289	-0.077451825	0.05707936	-0.059212763	0.086990245	-0.080553964	0.09053303	-0.066109724	0.08915113	-0.17722027	0.14532462	-0.15772453	0.19078296	-0.15558855	0.15314423	-0.18726112	0.19839087	-0.329442	0.17885494	-0.19697142	0.22695298	-0.48697832	0.9999984	-0.25880438	0.15683675	-0.21717538	0.25450915	-0.6258196	0.1824162	-0.18959552	0.17695965	-0.16692315	0.25403544	-0.20921788
0.043421138	-0.034816485	0.024765769	-0.03255643	0.03084693	-0.045056533	0.04334484	-0.029108461	0.05702361	-0.044948213	0.0805556	-0.06149632	0.08751428	-0.06615767	0.06959657	-0.0877797	0.08005093	-0.10150836	0.07470834	-0.10842418	0.14886637	-0.13693503	0.13780129	-0.1695109	0.17402057	-0.1230995	0.14052442	-0.14938012	0.1818328	-0.25672162	0.13888262	-0.15309592	0.17396553	-0.25880438	0.999998	-0.11944458	0.14589404	-0.16496618	0.24539821	-0.61966765	0.14516903	-0.15551154	0.13108104	-0.23906395	0.32914698
-0.028025316	0.022554532	-0.01578342	0.020513698	-0.019438319	0.030049186	-0.02872157	0.01851137	-0.036225516	0.028342962	-0.05522452	0.041777972	-0.058105357	0.04258666	-0.043666303	0.07078999	-0.06458231	0.068245865	-0.048855066	0.06583003	-0.1757893	0.11622098	-0.11185942	0.112044916	-0.091239855	0.18208258	-0.15929084	0.13801175	-0.12687935	0.10197737	-0.44198895	0.2581029	-0.20412356	0.15683675	-0.11944458	0.99999785	-0.40301043	0.22845732	-0.1652457	0.08183377	-0.6948745	0.22760922	-0.16923845	0.20434725	-0.113294706
0.031816322	-0.025605144	0.017973557	-0.023437882	0.02220394	-0.033964083	0.032486483	-0.021089252	0.04133508	-0.03239172	0.062050946	-0.04710907	0.065747775	-0.048540957	0.049918015	-0.077558495	0.07052641	-0.07741841	0.05559424	-0.075752996	0.16860302	-0.12738632	0.12434126	-0.13158146	0.10682728	-0.16888823	0.16956258	-0.1610783	0.15041615	-0.12176241	0.2570852	-0.39395434	0.28480533	-0.21717538	0.14589404	-0.40301043	0.9999977	-0.6113842	0.22106965	-0.10349533	0.27956644	-0.35472935	0.23147507	-0.27788842	0.13801411
-0.031928748	0.025610153	-0.017976975	0.023425244	-0.02224167	0.03394567	-0.032582264	0.021057812	-0.04150918	0.032414984	-0.062408812	0.047082618	-0.06624041	0.048510946	-0.050169613	0.07627964	-0.07024706	0.076923974	-0.05568017	0.07513704	-0.17053871	0.12507442	-0.12768187	0.13447839	-0.11208792	0.15489139	-0.1718156	0.16342276	-0.16486041	0.12582278	-0.23371962	0.27537447	-0.5147159	0.25450915	-0.16496618	0.22845732	-0.6113842	0.9999977	-0.32298368	0.12020062	-0.25746617	0.2500141	-0.27876985	0.2572554	-0.15500878
0.037840422	-0.030408293	0.021453707	-0.028123263	0.026660934	-0.04004299	0.038403507	-0.025172144	0.049627617	-0.03892457	0.07276097	-0.05534914	0.07795875	-0.058070302	0.06016917	-0.086724594	0.07918392	-0.091606624	0.066553846	-0.09206082	0.1655468	-0.14210586	0.14406036	-0.17705517	0.14275753	-0.14589943	0.16464809	-0.1770993	0.21155544	-0.17425726	0.18111981	-0.21811678	0.28082892	-0.6258196	0.24539821	-0.1652457	0.22106965	-0.32298368	0.99999756	-0.2764481	0.192712	-0.226543	0.2074098	-0.44206187	0.2297645
-0.026532961	0.02125877	-0.015088987	0.019808605	-0.018786978	0.027622651	-0.026585562	0.017716289	-0.03481166	0.027371464	-0.049696792	0.037808172	-0.0537987	0.040378578	-0.042435363	0.054955862	-0.05029849	0.062169507	-0.04573838	0.06543862	-0.097408645	0.086499944	-0.087901145	0.105630405	-0.10641212	0.08108989	-0.092746586	0.09709811	-0.119333	0.13575113	-0.094421186	0.104451686	-0.1255132	0.1824162	-0.61966765	0.08183377	-0.10349533	0.12020062	-0.2764481	0.9999974	-0.09967644	0.10695508	-0.09378513	0.17075177	-0.6601213
0.033855315	-0.027299536	0.019178273	-0.025025072	0.023669802	-0.036162462	0.034519516	-0.022531833	0.04394454	-0.03453987	0.06565934	-0.05007844	0.06957128	-0.051714495	0.053070404	-0.082458496	0.07423483	-0.08246075	0.05897814	-0.08135907	0.17186922	-0.13451058	0.12634733	-0.13400666	0.10840154	-0.18327287	0.16214614	-0.15577744	0.14578931	-0.12396453	0.26538798	-0.26701456	0.20831932	-0.18959552	0.14516903	-0.6948745	0.27956644	-0.25746617	0.192712	-0.09967644	0.9999973	-0.390625	0.22344665	-0.30595848	0.13880175
-0.03026702	0.024194522	-0.016987152	0.022088349	-0.021007122	0.031977337	-0.030792674	0.019874204	-0.039197158	0.030549956	-0.058957398	0.044224985	-0.06262112	0.045531627	-0.04741503	0.06980444	-0.06470995	0.07132086	-0.051971827	0.070158966	-0.15801013	0.11216244	-0.11465414	0.116576694	-0.101553954	0.13743672	-0.14419514	0.13196445	-0.13818651	0.11113429	-0.20707655	0.20063278	-0.21765296	0.17695965	-0.15551154	0.22760922	-0.35472935	0.2500141	-0.226543	0.10695508	-0.390625	0.99999714	-0.69415253	0.30534288	-0.15213123
0.025043983	-0.020056121	0.014101428	-0.01837398	0.017452305	-0.026470952	0.025450628	-0.016516224	0.0325162	-0.025405169	0.048543774	-0.036583923	0.051668473	-0.03785981	0.03935422	-0.057623584	0.053081043	-0.05940714	0.043194756	-0.058890536	0.12418528	-0.09282811	0.09382044	-0.099045575	0.084991254	-0.11017696	0.115926586	-0.110106595	0.11578833	-0.09538545	0.15426223	-0.16528115	0.18592858	-0.16692315	0.13108104	-0.16923845	0.23147507	-0.27876985	0.2074098	-0.09378513	0.22344665	-0.69415253	0.9999968	-0.56068826	0.12825222
-0.04010324	0.03197884	-0.022475185	0.029226333	-0.027835272	0.042161472	-0.04070771	0.026269885	-0.051979586	0.040445685	-0.07788889	0.058221646	-0.082965404	0.060123693	-0.06296156	0.089806005	-0.083857425	0.09344837	-0.06857212	0.092527956	-0.20085722	0.14328544	-0.15006573	0.15410875	-0.13881171	0.16357638	-0.18129808	0.16721019	-0.18765989	0.15106381	-0.22886345	0.21743813	-0.27186406	0.25403544	-0.23906395	0.20434725	-0.27788842	0.2572554	-0.44206187	0.17075177	-0.30595848	0.30534288	-0.56068826	0.9999967	-0.24177699
0.040705938	-0.032619324	0.023190498	-0.030397583	0.028786749	-0.04213539	0.0405385	-0.027265595	0.05307815	-0.041877747	0.07519167	-0.0573592	0.08156663	-0.06155126	0.06469796	-0.08116393	0.073912084	-0.09420637	0.069067106	-0.10060536	0.13805597	-0.12507391	0.123980865	-0.14583041	0.13762085	-0.11414671	0.12804587	-0.13390554	0.15407614	-0.17732656	0.13002834	-0.14184484	0.15736276	-0.20921788	0.32914698	-0.113294706	0.13801411	-0.15500878	0.2297645	-0.6601213	0.13880175	-0.15213123	0.12825222	-0.24177699	0.9999967
