1.0000001	-0.19101512	0.15102454	-0.042440105	0.044729423	-0.84318984	0.18675445	-0.14206067	0.06805876	-0.052682854	0.26854542	-0.20911461	0.13494374	-0.06957886	0.05750512	-0.15655085	0.13639839	-0.13291256	0.06642992	-0.07006654	0.09270843	-0.11184212	0.091450356	-0.05542565	0.05053655	-0.08166781	0.09659681	-0.09241976	0.056921076	-0.063584864	0.088402174	-0.064717576	0.07689985	-0.05121748	0.06668138	-0.043228135	0.062473744	-0.08103714	0.06921408	-0.032737233	0.043025468	-0.08291895	0.069625966	-0.06665225	0.04039141
-0.19101512	1.0000001	-0.7031813	0.098209545	-0.10459909	0.14462982	-0.5340161	0.24523248	-0.09232939	0.06989865	-0.22202992	0.22341068	-0.2151044	0.08485461	-0.071531	0.14283453	-0.15523548	0.14737897	-0.07501205	0.07661123	-0.090402834	0.11182765	-0.09699659	0.05944442	-0.05426577	0.076671034	-0.0942829	0.088314675	-0.06016718	0.06636956	-0.081144035	0.06010218	-0.07386496	0.048880003	-0.06348827	0.03928323	-0.057998165	0.07480625	-0.065106615	0.030704143	-0.039041843	0.07348945	-0.064751275	0.061069783	-0.037856992
0.15102454	-0.7031813	1.0000004	-0.15387335	0.13195555	-0.13000791	0.2941044	-0.4196851	0.11446345	-0.0900951	0.19587955	-0.2161127	0.24179812	-0.10675208	0.08789036	-0.17615788	0.16789603	-0.1800858	0.09252251	-0.09686941	0.109023646	-0.13787435	0.11643429	-0.07449864	0.06790486	-0.09491365	0.11489887	-0.110607885	0.07487877	-0.084179305	0.102035955	-0.07554357	0.09164911	-0.061361592	0.079412594	-0.049797762	0.072771676	-0.09478673	0.081675105	-0.03860533	0.049497236	-0.09442748	0.08139592	-0.07766834	0.04751165
-0.042440105	0.098209545	-0.15387335	1.0000004	-0.9524187	0.034408785	-0.073869765	0.08262444	-0.17649056	0.12929042	-0.05816997	0.055589836	-0.06866233	0.08006465	-0.07618987	0.053381406	-0.051635012	0.05472257	-0.051483214	0.05820093	-0.0348707	0.0430166	-0.037373148	0.039612055	-0.037459176	0.030203225	-0.03755321	0.03654458	-0.037854265	0.045392126	-0.033816833	0.025030276	-0.030939508	0.023198513	-0.029529136	0.016426958	-0.024213368	0.03224966	-0.029274253	0.013963138	-0.016340429	0.030829238	-0.027926726	0.027143367	-0.017037753
0.044729423	-0.10459909	0.13195555	-0.9524187	1.0000004	-0.03659617	0.07605807	-0.08731098	0.15304196	-0.1497045	0.061271727	-0.059205845	0.07140335	-0.08906331	0.08130746	-0.058852915	0.05555766	-0.05953328	0.056367375	-0.06490588	0.038176507	-0.047212202	0.040707033	-0.043847363	0.04132751	-0.033254594	0.04115852	-0.04028168	0.041606642	-0.050619762	0.0373374	-0.027632976	0.034030985	-0.025587104	0.03251727	-0.018178212	0.026718928	-0.035670504	0.032268822	-0.015402201	0.018082535	-0.034246735	0.030818004	-0.03005707	0.01877968
-0.84318984	0.14462982	-0.13000791	0.034408785	-0.03659617	1.0000002	-0.18678093	0.117400415	-0.0538067	0.041268155	-0.40963924	0.19177976	-0.11839213	0.054691724	-0.045379702	0.118361756	-0.11732219	0.10691936	-0.05195048	0.053820483	-0.07145767	0.086502194	-0.07219272	0.042549077	-0.03871932	0.061553054	-0.0738087	0.069457114	-0.043556478	0.048199914	-0.0652837	0.048042685	-0.05790587	0.038178764	-0.049712684	0.03176429	-0.046360143	0.059832968	-0.051419914	0.024271946	-0.03159174	0.060223833	-0.051584445	0.04896372	-0.029956184
0.18675445	-0.5340161	0.2941044	-0.073869765	0.07605807	-0.18678093	1.0000004	-0.33522525	0.106817216	-0.08306013	0.28072634	-0.51374143	0.25099203	-0.109002255	0.08891776	-0.2171374	0.21923928	-0.21692474	0.10044686	-0.10396572	0.12926187	-0.1653426	0.13714977	-0.08129036	0.07355851	-0.11187945	0.13406748	-0.12799811	0.08202726	-0.09137387	0.11676479	-0.08678935	0.10545752	-0.069395736	0.08990205	-0.056985583	0.083447605	-0.10832462	0.09277733	-0.043773126	0.05660152	-0.10781814	0.092847615	-0.08825397	0.05390835
-0.14206067	0.24523248	-0.4196851	0.08262444	-0.08731098	0.117400415	-0.33522525	1.0000004	-0.14741468	0.103321426	-0.22414161	0.23621622	-0.7150438	0.1352399	-0.11330219	0.16757375	-0.21082388	0.21974581	-0.11067213	0.10582213	-0.11264133	0.1430388	-0.13762435	0.08155367	-0.07401441	0.092769966	-0.1182668	0.10962715	-0.081471905	0.08751393	-0.09636343	0.07226298	-0.09207835	0.060229313	-0.07798562	0.046285063	-0.069704674	0.089446686	-0.07912084	0.037182674	-0.045935888	0.0846825	-0.07789195	0.072459	-0.045805223
0.06805876	-0.09232939	0.11446345	-0.17649056	0.15304196	-0.0538067	0.106817216	-0.14741468	1.0000002	-0.7752288	0.09965649	-0.091329604	0.13519724	-0.36250696	0.2954292	-0.1042149	0.10324205	-0.116075486	0.18148471	-0.22184224	0.07110909	-0.08907016	0.0797987	-0.13786879	0.12938249	-0.061682303	0.078525424	-0.0792596	0.12256266	-0.15862808	0.07066421	-0.053115234	0.06769197	-0.05801496	0.07171389	-0.03440486	0.05134038	-0.07122893	0.0681054	-0.0328303	0.03418308	-0.06387689	0.061517727	-0.061709702	0.03946241
-0.052682854	0.06989865	-0.0900951	0.12929042	-0.1497045	0.041268155	-0.08306013	0.103321426	-0.7752288	1.0000002	-0.077486835	0.069593966	-0.106004104	0.2640742	-0.49457562	0.07624104	-0.07922004	0.08697134	-0.15022446	0.16162235	-0.053256635	0.06578051	-0.060256824	0.10214932	-0.10074996	0.045595523	-0.05887588	0.058600742	-0.096092075	0.1110637	-0.0524396	0.039299272	-0.050584484	0.043579	-0.05427716	0.025343496	-0.038086697	0.052484885	-0.051187728	0.024616355	-0.025195343	0.046568926	-0.04578053	0.045423318	-0.02969105
0.26854542	-0.22202992	0.19587955	-0.05816997	0.061271727	-0.40963924	0.28072634	-0.22414161	0.09965649	-0.077486835	1.0000004	-0.60420555	0.21950959	-0.10528605	0.08576363	-0.24669036	0.23160635	-0.22036447	0.10058086	-0.10480076	0.14054714	-0.17495544	0.1423987	-0.08281735	0.0748686	-0.12235478	0.14402951	-0.13725282	0.08418312	-0.0937218	0.12677056	-0.09393313	0.11295468	-0.07416019	0.096220575	-0.062006447	0.090305135	-0.11718432	0.09973485	-0.047072634	0.061605424	-0.11803539	0.1002527	-0.09555425	0.058007214
-0.20911461	0.22341068	-0.2161127	0.055589836	-0.059205845	0.19177976	-0.51374143	0.23621622	-0.091329604	0.069593966	-0.60420555	1.0000005	-0.3161318	0.09713594	-0.07946595	0.2028969	-0.34319893	0.22274902	-0.092198186	0.090787455	-0.12230039	0.156044	-0.13578828	0.07177574	-0.06435944	0.10058167	-0.12289001	0.113022655	-0.07223179	0.07838693	-0.09949612	0.07473918	-0.093327954	0.059557952	-0.077235855	0.04811127	-0.07178258	0.09196636	-0.07939227	0.037273988	-0.047712747	0.08904652	-0.07929437	0.07404375	-0.045955166
0.13494374	-0.2151044	0.24179812	-0.06866233	0.07140335	-0.11839213	0.25099203	-0.7150438	0.13519724	-0.106004104	0.21950959	-0.3161318	1.0000001	-0.17818864	0.12489301	-0.200871	0.23586866	-0.35964546	0.13140562	-0.12511262	0.12691236	-0.17944703	0.16490924	-0.09633261	0.08487992	-0.107299395	0.13348432	-0.12993027	0.09312471	-0.10121332	0.10817073	-0.08247088	0.10496765	-0.06820182	0.08743669	-0.052559417	0.07882971	-0.10271813	0.08896667	-0.041807007	0.052040316	-0.09697525	0.08779665	-0.08246975	0.051296286
-0.06957886	0.08485461	-0.10675208	0.08006465	-0.08906331	0.054691724	-0.109002255	0.1352399	-0.36250696	0.2640742	-0.10528605	0.09713594	-0.17818864	1.0000002	-0.69024605	0.10460786	-0.11885728	0.13707098	-0.43099928	0.2580718	-0.07442055	0.09431136	-0.0907698	0.18524505	-0.16657628	0.06306785	-0.08267324	0.083306566	-0.17336123	0.16715576	-0.071427226	0.05430512	-0.071888916	0.06513816	-0.07974513	0.034501016	-0.05249789	0.07308899	-0.0734411	0.035211388	-0.03424274	0.0626622	-0.06364339	0.06331208	-0.0421964
0.05750512	-0.071531	0.08789036	-0.07618987	0.08130746	-0.045379702	0.08891776	-0.11330219	0.2954292	-0.49457562	0.08576363	-0.07946595	0.12489301	-0.69024605	1.0000002	-0.09054445	0.09543166	-0.111988015	0.24214488	-0.3033712	0.063055575	-0.080599666	0.074556746	-0.16268088	0.1525127	-0.054267302	0.07015431	-0.07184684	0.13896368	-0.16836828	0.061643366	-0.046956733	0.06145069	-0.056069154	0.068191	-0.029976984	0.045294516	-0.06377083	0.06302735	-0.03040189	0.029740319	-0.054968704	0.055035297	-0.055534374	0.03628338
-0.15655085	0.14283453	-0.17615788	0.053381406	-0.058852915	0.118361756	-0.2171374	0.16757375	-0.1042149	0.07624104	-0.24669036	0.2028969	-0.200871	0.10460786	-0.09054445	1.0000005	-0.4640626	0.25437546	-0.11428462	0.11060336	-0.55817354	0.2374907	-0.21485151	0.09376698	-0.08428422	0.26741052	-0.3289426	0.20096052	-0.10075943	0.10196855	-0.19370922	0.14402051	-0.17845812	0.10222142	-0.1366558	0.08832551	-0.13946137	0.15914759	-0.14152731	0.06533937	-0.08731046	0.14951812	-0.1440069	0.12405501	-0.08180381
0.13639839	-0.15523548	0.16789603	-0.051635012	0.05555766	-0.11732219	0.21923928	-0.21082388	0.10324205	-0.07922004	0.23160635	-0.34319893	0.23586866	-0.11885728	0.09543166	-0.4640626	1.0000005	-0.60527986	0.13596544	-0.1281978	0.20947224	-0.32324514	0.2520536	-0.103376016	0.088215224	-0.16522497	0.19557035	-0.17623171	0.1000063	-0.106501445	0.13461037	-0.105942905	0.13849604	-0.08146094	0.10474102	-0.06487507	0.10007853	-0.1269537	0.107658766	-0.049974147	0.06386637	-0.115662366	0.10791317	-0.0981019	0.061487496
-0.13291256	0.14737897	-0.1800858	0.05472257	-0.05953328	0.10691936	-0.21692474	0.21974581	-0.116075486	0.08697134	-0.22036447	0.22274902	-0.35964546	0.13707098	-0.111988015	0.25437546	-0.60527986	1.0000004	-0.19769305	0.14525513	-0.18689102	0.28232694	-0.444779	0.12028621	-0.10124474	0.14413463	-0.197302	0.1853316	-0.11600273	0.11586983	-0.13522112	0.106582604	-0.15128191	0.08541507	-0.11006574	0.06436802	-0.1018105	0.12765488	-0.11182287	0.05160041	-0.06348935	0.11211623	-0.11086938	0.098618776	-0.0635804
0.06642992	-0.07501205	0.09252251	-0.051483214	0.056367375	-0.05195048	0.10044686	-0.11067213	0.18148471	-0.15022446	0.10058086	-0.092198186	0.13140562	-0.43099928	0.24214488	-0.11428462	0.13596544	-0.19769305	1.0000004	-0.58726186	0.08176452	-0.11059473	0.11015627	-0.46956483	0.260693	-0.069716856	0.09218443	-0.09825973	0.26210585	-0.27680615	0.07779118	-0.06083403	0.08319929	-0.08397895	0.09764518	-0.037913434	0.058357347	-0.08441153	0.08705767	-0.041920878	0.037501853	-0.06838645	0.072214365	-0.07391343	0.04927771
-0.07006654	0.07661123	-0.09686941	0.05820093	-0.06490588	0.053820483	-0.10396572	0.10582213	-0.22184224	0.16162235	-0.10480076	0.090787455	-0.12511262	0.2580718	-0.3033712	0.11060336	-0.1281978	0.14525513	-0.58726186	1.0000005	-0.08253286	0.10276953	-0.101716645	0.27408102	-0.52585673	0.06994016	-0.09408407	0.09785384	-0.29039446	0.28432646	-0.082056545	0.06307404	-0.08636013	0.090087086	-0.10941518	0.039602708	-0.06107654	0.08802982	-0.09531365	0.04602949	-0.03928648	0.07100436	-0.077047884	0.07826658	-0.054596175
0.09270843	-0.090402834	0.109023646	-0.0348707	0.038176507	-0.07145767	0.12926187	-0.11264133	0.07110909	-0.053256635	0.14054714	-0.12230039	0.12691236	-0.07442055	0.063055575	-0.55817354	0.20947224	-0.18689102	0.08176452	-0.08253286	1.0000004	-0.24815051	0.17273843	-0.0705581	0.062190857	-0.641101	0.29642314	-0.19210303	0.07511397	-0.077644706	0.14976655	-0.12610282	0.14610337	-0.07908939	0.1014067	-0.073578246	0.11285731	-0.13646609	0.10722293	-0.049230907	0.07087974	-0.12969665	0.11092498	-0.10030932	0.060474247
-0.11184212	0.11182765	-0.13787435	0.0430166	-0.047212202	0.086502194	-0.1653426	0.1430388	-0.08907016	0.06578051	-0.17495544	0.156044	-0.17944703	0.09431136	-0.080599666	0.2374907	-0.32324514	0.28232694	-0.11059473	0.10276953	-0.24815051	1.0000002	-0.7254614	0.09235163	-0.078780636	0.19435981	-0.3270147	0.24633841	-0.09775599	0.09424685	-0.1592252	0.1338047	-0.20128454	0.094690934	-0.1228423	0.07606817	-0.12555645	0.15125948	-0.12757301	0.057714473	-0.07448738	0.12777899	-0.13057289	0.11096108	-0.07137999
0.091450356	-0.09699659	0.11643429	-0.037373148	0.040707033	-0.07219272	0.13714977	-0.13762435	0.0797987	-0.060256824	0.1423987	-0.13578828	0.16490924	-0.0907698	0.074556746	-0.21485151	0.2520536	-0.444779	0.11015627	-0.101716645	0.17273843	-0.7254614	1.0000005	-0.09400249	0.07474671	-0.15632506	0.21934411	-0.33168986	0.09267862	-0.09007175	0.13225615	-0.11800509	0.18593329	-0.084415644	0.10571129	-0.06525245	0.10658925	-0.14132415	0.11032532	-0.04980866	0.06341017	-0.11159575	0.11257217	-0.09816463	0.06086083
-0.05542565	0.05944442	-0.07449864	0.039612055	-0.043847363	0.042549077	-0.08129036	0.08155367	-0.13786879	0.10214932	-0.08281735	0.07177574	-0.09633261	0.18524505	-0.16268088	0.09376698	-0.103376016	0.12028621	-0.46956483	0.27408102	-0.0705581	0.09235163	-0.09400249	1.0000004	-0.3533349	0.061693583	-0.08402479	0.09793077	-0.70123	0.2892864	-0.073215835	0.058647964	-0.085419044	0.11300469	-0.1235432	0.035982747	-0.056212436	0.08650458	-0.1025194	0.048108026	-0.03554279	0.06445886	-0.073654145	0.07862578	-0.055197008
0.05053655	-0.05426577	0.06790486	-0.037459176	0.04132751	-0.03871932	0.07355851	-0.07401441	0.12938249	-0.10074996	0.0748686	-0.06435944	0.08487992	-0.16657628	0.1525127	-0.08428422	0.088215224	-0.10124474	0.260693	-0.52585673	0.062190857	-0.078780636	0.07474671	-0.3533349	1.0000005	-0.054328553	0.072480336	-0.080535285	0.28056577	-0.68730855	0.064987384	-0.050968707	0.07042011	-0.08442928	0.098635904	-0.031870767	0.049047794	-0.074772455	0.08212028	-0.04048695	0.03154315	-0.057685748	0.06390094	-0.068454824	0.046688948
-0.08166781	0.076671034	-0.09491365	0.030203225	-0.033254594	0.061553054	-0.11187945	0.092769966	-0.061682303	0.045595523	-0.12235478	0.10058167	-0.107299395	0.06306785	-0.054267302	0.26741052	-0.16522497	0.14413463	-0.069716856	0.06994016	-0.641101	0.19435981	-0.15632506	0.061693583	-0.054328553	1.0000001	-0.61646366	0.1962274	-0.06795817	0.06767881	-0.1680063	0.13928634	-0.1607874	0.0778678	-0.10106791	0.07700313	-0.12580134	0.13225655	-0.10683697	0.04837924	-0.07373934	0.12692875	-0.11147506	0.0958894	-0.05983083
0.09659681	-0.0942829	0.11489887	-0.03755321	0.04115852	-0.0738087	0.13406748	-0.1182668	0.078525424	-0.05887588	0.14402951	-0.12289001	0.13348432	-0.08267324	0.07015431	-0.3289426	0.19557035	-0.197302	0.09218443	-0.09408407	0.29642314	-0.3270147	0.21934411	-0.08402479	0.072480336	-0.61646366	1.0000001	-0.38653958	0.091752455	-0.0920705	0.19909286	-0.22707897	0.22761376	-0.10552862	0.13089487	-0.10402579	0.16996118	-0.1967175	0.14060633	-0.06349177	0.09774148	-0.17714894	0.14751871	-0.13250989	0.07712503
-0.09241976	0.088314675	-0.110607885	0.03654458	-0.04028168	0.069457114	-0.12799811	0.10962715	-0.0792596	0.058600742	-0.13725282	0.113022655	-0.12993027	0.083306566	-0.07184684	0.20096052	-0.17623171	0.1853316	-0.09825973	0.09785384	-0.19210303	0.24633841	-0.33168986	0.09793077	-0.080535285	0.1962274	-0.38653958	0.99999994	-0.12087343	0.102859594	-0.22205806	0.22016105	-0.65182126	0.15196912	-0.18828474	0.10917029	-0.20149429	0.25716645	-0.19977899	0.08497277	-0.10554647	0.17291673	-0.20951045	0.16366175	-0.103904665
0.056921076	-0.06016718	0.07487877	-0.037854265	0.041606642	-0.043556478	0.08202726	-0.081471905	0.12256266	-0.096092075	0.08418312	-0.07223179	0.09312471	-0.17336123	0.13896368	-0.10075943	0.1000063	-0.11600273	0.26210585	-0.29039446	0.07511397	-0.09775599	0.09267862	-0.70123	0.28056577	-0.06795817	0.091752455	-0.12087343	1.0	-0.5020773	0.08210401	-0.067615844	0.09982678	-0.16851737	0.14893816	-0.04105697	0.06406841	-0.10480441	0.123403184	-0.05860075	0.040420003	-0.07415344	0.086246565	-0.0970778	0.06513365
-0.063584864	0.06636956	-0.084179305	0.045392126	-0.050619762	0.048199914	-0.09137387	0.08751393	-0.15862808	0.1110637	-0.0937218	0.07838693	-0.10121332	0.16715576	-0.16836828	0.10196855	-0.106501445	0.11586983	-0.27680615	0.28432646	-0.077644706	0.09424685	-0.09007175	0.2892864	-0.68730855	0.06767881	-0.0920705	0.102859594	-0.5020773	1.0000001	-0.084000796	0.06565178	-0.0928525	0.12001136	-0.14812548	0.04093504	-0.06352389	0.09756809	-0.11520237	0.056584954	-0.040569764	0.07338914	-0.084726244	0.09037953	-0.06553746
0.088402174	-0.081144035	0.102035955	-0.033816833	0.0373374	-0.0652837	0.11676479	-0.09636343	0.07066421	-0.0524396	0.12677056	-0.09949612	0.10817073	-0.071427226	0.061643366	-0.19370922	0.13461037	-0.13522112	0.07779118	-0.082056545	0.14976655	-0.1592252	0.13225615	-0.073215835	0.064987384	-0.1680063	0.19909286	-0.22205806	0.08210401	-0.084000796	0.9999999	-0.45567748	0.21396656	-0.112022355	0.14028841	-0.38691172	0.3102908	-0.22353624	0.15553561	-0.070338756	0.26740825	-0.56974536	0.17686023	-0.16357645	0.0854501
-0.064717576	0.06010218	-0.07554357	0.025030276	-0.027632976	0.048042685	-0.08678935	0.07226298	-0.053115234	0.039299272	-0.09393313	0.07473918	-0.08247088	0.05430512	-0.046956733	0.14402051	-0.105942905	0.106582604	-0.06083403	0.06307404	-0.12610282	0.1338047	-0.11800509	0.058647964	-0.050968707	0.13928634	-0.22707897	0.22016105	-0.067615844	0.06565178	-0.45567748	1.0000001	-0.3433396	0.10294758	-0.12585665	0.22000192	-0.69687486	0.20872301	-0.13967904	0.06007473	-0.19835289	0.27099323	-0.15436135	0.12802383	-0.07284386
0.07689985	-0.07386496	0.09164911	-0.030939508	0.034030985	-0.05790587	0.10545752	-0.09207835	0.06769197	-0.050584484	0.11295468	-0.093327954	0.10496765	-0.071888916	0.06145069	-0.17845812	0.13849604	-0.15128191	0.08319929	-0.08636013	0.14610337	-0.20128454	0.18593329	-0.085419044	0.07042011	-0.1607874	0.22761376	-0.65182126	0.09982678	-0.0928525	0.21396656	-0.3433396	0.9999993	-0.18992771	0.18458024	-0.118274435	0.2181143	-0.45612887	0.20571028	-0.08560625	0.10922623	-0.18851623	0.21354772	-0.18179704	0.09948849
-0.05121748	0.048880003	-0.061361592	0.023198513	-0.025587104	0.038178764	-0.069395736	0.060229313	-0.05801496	0.043579	-0.07416019	0.059557952	-0.06820182	0.06513816	-0.056069154	0.10222142	-0.08146094	0.08541507	-0.08397895	0.090087086	-0.07908939	0.094690934	-0.084415644	0.11300469	-0.08442928	0.0778678	-0.10552862	0.15196912	-0.16851737	0.12001136	-0.112022355	0.10294758	-0.18992771	0.9999994	-0.7326934	0.059587624	-0.09613688	0.21308246	-0.5274809	0.17128521	-0.058161788	0.10871547	-0.16624889	0.2251803	-0.17386569
0.06668138	-0.06348827	0.079412594	-0.029529136	0.03251727	-0.049712684	0.08990205	-0.07798562	0.07171389	-0.05427716	0.096220575	-0.077235855	0.08743669	-0.07974513	0.068191	-0.1366558	0.10474102	-0.11006574	0.09764518	-0.10941518	0.1014067	-0.1228423	0.10571129	-0.1235432	0.098635904	-0.10106791	0.13089487	-0.18828474	0.14893816	-0.14812548	0.14028841	-0.12585665	0.18458024	-0.7326934	0.99999934	-0.07643612	0.11684946	-0.26886067	0.3130211	-0.2581126	0.07446298	-0.14604545	0.19624041	-0.3053816	0.1997748
-0.043228135	0.03928323	-0.049797762	0.016426958	-0.018178212	0.03176429	-0.056985583	0.046285063	-0.03440486	0.025343496	-0.062006447	0.04811127	-0.052559417	0.034501016	-0.029976984	0.08832551	-0.06487507	0.06436802	-0.037913434	0.039602708	-0.073578246	0.07606817	-0.06525245	0.035982747	-0.031870767	0.07700313	-0.10402579	0.10917029	-0.04105697	0.04093504	-0.38691172	0.22000192	-0.118274435	0.059587624	-0.07643612	0.9999993	-0.373177	0.11936225	-0.08513391	0.03774617	-0.77349234	0.30732444	-0.09953586	0.083307855	-0.046419956
0.062473744	-0.057998165	0.072771676	-0.024213368	0.026718928	-0.046360143	0.083447605	-0.069704674	0.05134038	-0.038086697	0.090305135	-0.07178258	0.07882971	-0.05249789	0.045294516	-0.13946137	0.10007853	-0.1018105	0.058357347	-0.06107654	0.11285731	-0.12555645	0.10658925	-0.056212436	0.049047794	-0.12580134	0.16996118	-0.20149429	0.06406841	-0.06352389	0.3102908	-0.69687486	0.2181143	-0.09613688	0.11684946	-0.373177	0.99999905	-0.23285054	0.13329047	-0.05786405	0.23960462	-0.40618917	0.15248163	-0.13080461	0.069770984
-0.08103714	0.07480625	-0.09478673	0.03224966	-0.035670504	0.059832968	-0.10832462	0.089446686	-0.07122893	0.052484885	-0.11718432	0.09196636	-0.10271813	0.07308899	-0.06377083	0.15914759	-0.1269537	0.12765488	-0.08441153	0.08802982	-0.13646609	0.15125948	-0.14132415	0.08650458	-0.074772455	0.13225655	-0.1967175	0.25716645	-0.10480441	0.09756809	-0.22353624	0.20872301	-0.45612887	0.21308246	-0.26886067	0.11936225	-0.23285054	0.9999993	-0.41245875	0.13364105	-0.11730506	0.19641112	-0.54038674	0.29648268	-0.16282345
0.06921408	-0.065106615	0.081675105	-0.029274253	0.032268822	-0.051419914	0.09277733	-0.07912084	0.0681054	-0.051187728	0.09973485	-0.07939227	0.08896667	-0.0734411	0.06302735	-0.14152731	0.107658766	-0.11182287	0.08705767	-0.09531365	0.10722293	-0.12757301	0.11032532	-0.1025194	0.08212028	-0.10683697	0.14060633	-0.19977899	0.123403184	-0.11520237	0.15553561	-0.13967904	0.20571028	-0.5274809	0.3130211	-0.08513391	0.13329047	-0.41245875	0.9999993	-0.24175349	0.08303793	-0.16041423	0.27351594	-0.49895304	0.20025648
-0.032737233	0.030704143	-0.03860533	0.013963138	-0.015402201	0.024271946	-0.043773126	0.037182674	-0.0328303	0.024616355	-0.047072634	0.037273988	-0.041807007	0.035211388	-0.03040189	0.06533937	-0.049974147	0.05160041	-0.041920878	0.04602949	-0.049230907	0.057714473	-0.04980866	0.048108026	-0.04048695	0.04837924	-0.06349177	0.08497277	-0.05860075	0.056584954	-0.070338756	0.06007473	-0.08560625	0.17128521	-0.2581126	0.03774617	-0.05786405	0.13364105	-0.24175349	0.9999994	-0.03708593	0.07197489	-0.10599618	0.15539737	-0.90639204
0.043025468	-0.039041843	0.049497236	-0.016340429	0.018082535	-0.03159174	0.05660152	-0.045935888	0.03418308	-0.025195343	0.061605424	-0.047712747	0.052040316	-0.03424274	0.029740319	-0.08731046	0.06386637	-0.06348935	0.037501853	-0.03928648	0.07087974	-0.07448738	0.06341017	-0.03554279	0.03154315	-0.07373934	0.09774148	-0.10554647	0.040420003	-0.040569764	0.26740825	-0.19835289	0.10922623	-0.058161788	0.07446298	-0.77349234	0.23960462	-0.11730506	0.08303793	-0.03708593	0.99999917	-0.51213926	0.09945542	-0.08478391	0.045522366
-0.08291895	0.07348945	-0.09442748	0.030829238	-0.034246735	0.060223833	-0.10781814	0.0846825	-0.06387689	0.046568926	-0.11803539	0.08904652	-0.09697525	0.0626622	-0.054968704	0.14951812	-0.115662366	0.11211623	-0.06838645	0.07100436	-0.12969665	0.12777899	-0.11159575	0.06445886	-0.057685748	0.12692875	-0.17714894	0.17291673	-0.07415344	0.07338914	-0.56974536	0.27099323	-0.18851623	0.10871547	-0.14604545	0.30732444	-0.40618917	0.19641112	-0.16041423	0.07197489	-0.51213926	0.99999917	-0.20493254	0.15485159	-0.0903132
0.069625966	-0.064751275	0.08139592	-0.027926726	0.030818004	-0.051584445	0.092847615	-0.07789195	0.061517727	-0.04578053	0.1002527	-0.07929437	0.08779665	-0.06364339	0.055035297	-0.1440069	0.10791317	-0.11086938	0.072214365	-0.077047884	0.11092498	-0.13057289	0.11257217	-0.073654145	0.06390094	-0.11147506	0.14751871	-0.20951045	0.086246565	-0.084726244	0.17686023	-0.15436135	0.21354772	-0.16624889	0.19624041	-0.09953586	0.15248163	-0.54038674	0.27351594	-0.10599618	0.09945542	-0.20493254	0.99999934	-0.67471474	0.12349778
-0.06665225	0.061069783	-0.07766834	0.027143367	-0.03005707	0.04896372	-0.08825397	0.072459	-0.061709702	0.045423318	-0.09555425	0.07404375	-0.08246975	0.06331208	-0.055534374	0.12405501	-0.0981019	0.098618776	-0.07391343	0.07826658	-0.10030932	0.11096108	-0.09816463	0.07862578	-0.068454824	0.0958894	-0.13250989	0.16366175	-0.0970778	0.09037953	-0.16357645	0.12802383	-0.18179704	0.2251803	-0.3053816	0.083307855	-0.13080461	0.29648268	-0.49895304	0.15539737	-0.08478391	0.15485159	-0.67471474	0.99999934	-0.19428152
0.04039141	-0.037856992	0.04751165	-0.017037753	0.01877968	-0.029956184	0.05390835	-0.045805223	0.03946241	-0.02969105	0.058007214	-0.045955166	0.051296286	-0.0421964	0.03628338	-0.08180381	0.061487496	-0.0635804	0.04927771	-0.054596175	0.060474247	-0.07137999	0.06086083	-0.055197008	0.046688948	-0.05983083	0.07712503	-0.103904665	0.06513365	-0.06553746	0.0854501	-0.07284386	0.09948849	-0.17386569	0.1997748	-0.046419956	0.069770984	-0.16282345	0.20025648	-0.90639204	0.045522366	-0.0903132	0.12349778	-0.19428152	0.99999934
