1.0	-0.889184	0.1623008	-0.07819368	0.056589507	-0.2966385	0.2141468	-0.1761902	0.10310519	-0.05770027	0.1573091	-0.18066363	0.119458035	-0.059980553	0.07708921	-0.122414544	0.102177985	-0.0711103	0.058148786	-0.08412345	0.08803653	-0.07221228	0.07063946	-0.05991617	0.056032944	-0.056071583	0.056994967	-0.060611412	0.040269166	-0.043299347	0.068743356	-0.048980206	0.037048228	-0.03440678	0.03624361	-0.023965895	0.05152265	-0.03784998	0.022516044	-0.026563443	0.02503128	-0.034524914	0.047243323	-0.010331087	0.010744484
-0.889184	0.9999997	-0.20453854	0.08851387	-0.063278295	0.21885955	-0.27120695	0.17666166	-0.11877999	0.06324245	-0.15273693	0.16543373	-0.12811881	0.06340015	-0.08261362	0.111932606	-0.10003114	0.07041514	-0.058432054	0.08397046	-0.08988866	0.07133375	-0.070847794	0.059773978	-0.056411635	0.05653265	-0.057264216	0.060508978	-0.040439267	0.04334744	-0.07015161	0.04942252	-0.03747762	0.034606785	-0.036574688	0.024359837	-0.05241482	0.038196605	-0.022703888	0.026729172	-0.025497789	0.03504362	-0.048177402	0.010422343	-0.010847426
0.1623008	-0.20453854	0.9999998	-0.49719816	0.2025254	-0.23629546	0.23424159	-0.45799658	0.31584182	-0.22662877	0.16414614	-0.24888068	0.239927	-0.13762024	0.17145471	-0.17164947	0.14655454	-0.13760665	0.11257655	-0.19032314	0.16206785	-0.12765422	0.12861009	-0.12250508	0.114439234	-0.10651056	0.105754904	-0.117160715	0.07928505	-0.08697445	0.13217585	-0.09489567	0.072839186	-0.06872783	0.07198683	-0.047120158	0.10050129	-0.07540055	0.04526062	-0.05386328	0.049196955	-0.068390615	0.093693435	-0.020872874	0.021694936
-0.07819368	0.08851387	-0.49719816	0.9999999	-0.38045216	0.11150586	-0.117175825	0.2038728	-0.6967231	0.25862512	-0.0800476	0.1197564	-0.13697857	0.091163486	-0.11892459	0.08365137	-0.072630435	0.07106688	-0.059253946	0.09891075	-0.08207295	0.064206995	-0.06544499	0.063318074	-0.05946986	0.053768385	-0.053425245	0.059224427	-0.04027618	0.044125427	-0.0669281	0.04791862	-0.036826514	0.034783307	-0.036499504	0.023814473	-0.050839547	0.038066056	-0.02286532	0.027180914	-0.024879757	0.034547266	-0.04738675	0.010539429	-0.010956456
0.056589507	-0.063278295	0.2025254	-0.38045216	1.0	-0.08828983	0.08805688	-0.14761533	0.25615102	-0.8427981	0.064919494	-0.098591104	0.1316931	-0.12783907	0.16065276	-0.07079684	0.06212504	-0.06739808	0.05755849	-0.09669758	0.0729862	-0.057301976	0.059389774	-0.060329903	0.056678463	-0.04808171	0.047858562	-0.053587	0.036724087	-0.04032067	0.059782986	-0.042949352	0.033090398	-0.031503733	0.033072364	-0.021308452	0.045501567	-0.034217402	0.020615026	-0.024514353	0.022253292	-0.030939488	0.042402737	-0.009495145	0.009868242
-0.2966385	0.21885955	-0.23629546	0.11150586	-0.08828983	1.0000001	-0.48092747	0.24683663	-0.16730772	0.08701863	-0.61998856	0.30775508	-0.21384054	0.102132455	-0.13471323	0.24006122	-0.21772395	0.12398482	-0.1040431	0.13624029	-0.1646556	0.13249016	-0.13091862	0.10235211	-0.09719161	0.1007761	-0.10418228	0.106639035	-0.07075465	0.07479341	-0.1246307	0.08714752	-0.06562251	0.059945524	-0.0636291	0.042648874	-0.092308596	0.06628068	-0.03920646	0.045902535	-0.04467626	0.061075337	-0.084017076	0.017945286	-0.01868669
0.2141468	-0.27120695	0.23424159	-0.117175825	0.08805688	-0.48092747	1.0000001	-0.5687091	0.16760856	-0.08953249	0.26290455	-0.4609426	0.21539038	-0.104636446	0.12968689	-0.2106545	0.1845772	-0.11761031	0.09589487	-0.13378903	0.14216669	-0.120846	0.11651537	-0.096959785	0.090447605	-0.09034236	0.09295356	-0.09800584	0.064775646	-0.069360785	0.10997054	-0.078601055	0.059205133	-0.054962028	0.05792533	-0.03818309	0.08228927	-0.060308464	0.03583155	-0.042206142	0.039859	-0.0549474	0.07507362	-0.016412763	0.017066995
-0.1761902	0.17666166	-0.45799658	0.2038728	-0.14761533	0.24683663	-0.5687091	0.99999994	-0.3179729	0.14664198	-0.19285433	0.2580291	-0.387618	0.16180956	-0.20464748	0.16526863	-0.15442206	0.12808608	-0.10855144	0.16099352	-0.15763795	0.12092883	-0.12365584	0.11031353	-0.104938336	0.099467166	-0.09976673	0.10683512	-0.072425365	0.077971764	-0.1251772	0.08765552	-0.06698884	0.062101286	-0.065738015	0.04364051	-0.09376748	0.06840356	-0.04080018	0.04807016	-0.045761056	0.06287128	-0.0868169	0.018757721	-0.019529987
0.10310519	-0.11877999	0.31584182	-0.6967231	0.25615102	-0.16730772	0.16760856	-0.3179729	0.9999999	-0.33114195	0.118590295	-0.18078218	0.19003825	-0.12420938	0.15490992	-0.12624046	0.10861622	-0.10630952	0.087764926	-0.14922895	0.123126686	-0.09661652	0.09806007	-0.09502884	0.08891998	-0.08100785	0.08038833	-0.08936188	0.060684364	-0.06662572	0.100668095	-0.0722696	0.055551205	-0.052528493	0.05503959	-0.035910763	0.07659103	-0.05751544	0.034560908	-0.041133773	0.03749837	-0.052137014	0.07144893	-0.01593794	0.016565487
-0.05770027	0.06324245	-0.22662877	0.25862512	-0.8427981	0.08701863	-0.08953249	0.14664198	-0.33114195	0.9999998	-0.064729534	0.097479664	-0.1498989	0.13929728	-0.22797632	0.069891	-0.061886895	0.06752232	-0.058704004	0.09571167	-0.07279723	0.05690242	-0.059360888	0.060185812	-0.057065632	0.047733676	-0.047568727	0.05310048	-0.03648549	0.039947167	-0.059498373	0.042603355	-0.032826807	0.031210529	-0.03283092	0.021149913	-0.04521071	0.033880334	-0.020405725	0.024230061	-0.022102471	0.030683137	-0.04210631	0.009394128	-0.0097657675
0.1573091	-0.15273693	0.16414614	-0.0800476	0.064919494	-0.61998856	0.26290455	-0.19285433	0.118590295	-0.064729534	0.9999997	-0.5031604	0.16599905	-0.08207598	0.10505318	-0.45833457	0.25832283	-0.1255396	0.100288756	-0.12471571	0.15174776	-0.14058194	0.12893608	-0.097767934	0.090274416	-0.09526129	0.10106356	-0.10326111	0.06668718	-0.07047429	0.112876505	-0.08150723	0.060436394	-0.055750944	0.05874674	-0.038707864	0.08393747	-0.06107672	0.036059503	-0.042301193	0.040304102	-0.05549417	0.07531835	-0.016440988	0.017087083
-0.18066363	0.16543373	-0.24888068	0.1197564	-0.098591104	0.30775508	-0.4609426	0.2580291	-0.18078218	0.097479664	-0.5031604	0.9999999	-0.2759939	0.12691477	-0.16415101	0.2969321	-0.4161869	0.16832307	-0.1410463	0.17169197	-0.2170742	0.1879361	-0.18198086	0.1338507	-0.12658483	0.13228662	-0.14162163	0.14122449	-0.092651665	0.0971072	-0.16117916	0.11372647	-0.08496546	0.077524416	-0.08227751	0.05480908	-0.11924895	0.08537903	-0.05040267	0.058896855	-0.05731802	0.0783796	-0.107344754	0.023001943	-0.023941249
0.119458035	-0.12811881	0.239927	-0.13697857	0.1316931	-0.21384054	0.21539038	-0.387618	0.19003825	-0.1498989	0.16599905	-0.2759939	0.9999996	-0.5123474	0.3034529	-0.18474981	0.16592063	-0.20305362	0.16480882	-0.2685184	0.18997642	-0.15417416	0.16108157	-0.1697101	0.15436234	-0.12652618	0.12697133	-0.14399332	0.098452665	-0.108437255	0.15552944	-0.11298331	0.08695781	-0.08371107	0.08764178	-0.055544093	0.11866648	-0.09000457	0.05436686	-0.064733155	0.057889327	-0.08073734	0.11012619	-0.024999173	0.025958952
-0.059980553	0.06340015	-0.13762024	0.091163486	-0.12783907	0.102132455	-0.104636446	0.16180956	-0.12420938	0.13929728	-0.08207598	0.12691477	-0.5123474	0.99999934	-0.7732397	0.09383262	-0.08755459	0.12543881	-0.13491651	0.15652372	-0.105085626	0.08436799	-0.09354056	0.10607632	-0.09788702	0.069094166	-0.07000783	0.07925151	-0.055525143	0.06035748	-0.085678704	0.06166947	-0.047634922	0.046051994	-0.048691798	0.030321555	-0.06511345	0.048907086	-0.029618561	0.03504881	-0.031675193	0.043972597	-0.060260776	0.013575506	-0.014107912
0.07708921	-0.08261362	0.17145471	-0.11892459	0.16065276	-0.13471323	0.12968689	-0.20464748	0.15490992	-0.22797632	0.10505318	-0.16415101	0.3034529	-0.7732397	0.99999934	-0.122462586	0.11087435	-0.14976583	0.13676316	-0.22644357	0.13586424	-0.10884523	0.117306866	-0.13281873	0.124236204	-0.09022646	0.09070775	-0.103380434	0.072033964	-0.07915895	0.1116061	-0.08075061	0.06242348	-0.06047144	0.06364341	-0.039762907	0.08512004	-0.06442018	0.039034426	-0.04636332	0.04149351	-0.05777873	0.07902547	-0.017923303	0.01861725
-0.122414544	0.111932606	-0.17164947	0.08365137	-0.07079684	0.24006122	-0.2106545	0.16526863	-0.12624046	0.069891	-0.45833457	0.2969321	-0.18474981	0.09383262	-0.122462586	0.9999991	-0.6872181	0.18537216	-0.15432689	0.16296823	-0.24237396	0.2263463	-0.21171348	0.13832676	-0.1295127	0.1425782	-0.16040424	0.15237609	-0.09747942	0.100511394	-0.16746369	0.11986248	-0.087973736	0.07985602	-0.08464247	0.056057326	-0.1230291	0.08754629	-0.051374715	0.0598128	-0.05839246	0.07983329	-0.10823726	0.023308353	-0.024234874
0.102177985	-0.10003114	0.14655454	-0.072630435	0.06212504	-0.21772395	0.1845772	-0.15442206	0.10861622	-0.061886895	0.25832283	-0.4161869	0.16592063	-0.08755459	0.11087435	-0.6872181	0.9999986	-0.25455278	0.16544515	-0.17005116	0.22030196	-0.36283684	0.2242326	-0.15151261	0.13131176	-0.14605051	0.16966456	-0.16707417	0.10031291	-0.10472248	0.15840378	-0.12268405	0.08692236	-0.08091853	0.084296316	-0.054039635	0.11843616	-0.087203376	0.051055565	-0.059821937	0.05569108	-0.07749356	0.102765664	-0.02305819	0.023887673
-0.0711103	0.07041514	-0.13760665	0.07106688	-0.06739808	0.12398482	-0.11761031	0.12808608	-0.10630952	0.06752232	-0.1255396	0.16832307	-0.20305362	0.12543881	-0.14976583	0.18537216	-0.25455278	0.9999987	-0.7085017	0.24772109	-0.24795003	0.22414814	-0.3810531	0.2829847	-0.2511264	0.15587889	-0.17380464	0.19395415	-0.1344567	0.1352903	-0.19123386	0.13650927	-0.10420891	0.10086998	-0.10895932	0.06479727	-0.14267546	0.10329919	-0.0625053	0.07229973	-0.06785044	0.092901215	-0.12755695	0.028186528	-0.029327277
0.058148786	-0.058432054	0.11257655	-0.059253946	0.05755849	-0.1040431	0.09589487	-0.10855144	0.087764926	-0.058704004	0.100288756	-0.1410463	0.16480882	-0.13491651	0.13676316	-0.15432689	0.16544515	-0.7085017	0.9999985	-0.31475326	0.18675272	-0.17980172	0.23983656	-0.49571544	0.25581703	-0.12528543	0.13703871	-0.16534281	0.12023658	-0.12611492	0.14900045	-0.1109254	0.08532388	-0.087951735	0.09333404	-0.051761795	0.11322225	-0.085829765	0.052755367	-0.061601438	0.05385741	-0.07489259	0.101554856	-0.023718115	0.024584435
-0.08412345	0.08397046	-0.19032314	0.09891075	-0.09669758	0.13624029	-0.13378903	0.16099352	-0.14922895	0.09571167	-0.12471571	0.17169197	-0.2685184	0.15652372	-0.22644357	0.16296823	-0.17005116	0.24772109	-0.31475326	0.9999983	-0.3078921	0.20501693	-0.26099005	0.30543357	-0.612391	0.18727857	-0.1887866	0.20398495	-0.16562916	0.17473677	-0.2532407	0.16878216	-0.13432951	0.12888269	-0.1456921	0.08639671	-0.18870842	0.13314293	-0.08138578	0.09335188	-0.09185179	0.12393	-0.17654155	0.037025515	-0.038743995
0.08803653	-0.08988866	0.16206785	-0.08207295	0.0729862	-0.1646556	0.14216669	-0.15763795	0.123126686	-0.07279723	0.15174776	-0.2170742	0.18997642	-0.105085626	0.13586424	-0.24237396	0.22030196	-0.24795003	0.18675272	-0.3078921	0.9999982	-0.42461696	0.27846363	-0.228005	0.1949358	-0.5175471	0.28826883	-0.30938286	0.17613114	-0.19617018	0.30443925	-0.2361978	0.15858333	-0.15174086	0.15003867	-0.10215124	0.20383115	-0.16832243	0.0966943	-0.117349766	0.10032339	-0.14315553	0.17445542	-0.043799	0.04492214
-0.07221228	0.07133375	-0.12765422	0.064206995	-0.057301976	0.13249016	-0.120846	0.12092883	-0.09661652	0.05690242	-0.14058194	0.1879361	-0.15417416	0.08436799	-0.10884523	0.2263463	-0.36283684	0.22414814	-0.17980172	0.20501693	-0.42461696	0.999998	-0.5738775	0.19495043	-0.17025039	0.24375483	-0.4314779	0.28334165	-0.1562615	0.1545603	-0.24530737	0.19911402	-0.1341311	0.119822085	-0.12391089	0.07990702	-0.18277405	0.12950468	-0.07437297	0.08641458	-0.0816237	0.11365477	-0.14723074	0.033152323	-0.034260925
0.07063946	-0.070847794	0.12861009	-0.06544499	0.059389774	-0.13091862	0.11651537	-0.12365584	0.09806007	-0.059360888	0.12893608	-0.18198086	0.16108157	-0.09354056	0.117306866	-0.21171348	0.2242326	-0.3810531	0.23983656	-0.26099005	0.27846363	-0.5738775	0.9999976	-0.32699904	0.21485133	-0.21653104	0.27264223	-0.43021747	0.1860026	-0.19232617	0.21789607	-0.18572214	0.13049372	-0.1342793	0.13571675	-0.07597461	0.16827422	-0.1310192	0.07844667	-0.09221601	0.07734356	-0.11024694	0.14242655	-0.034873523	0.03589704
-0.05991617	0.059773978	-0.12250508	0.063318074	-0.060329903	0.10235211	-0.096959785	0.11031353	-0.09502884	0.060185812	-0.097767934	0.1338507	-0.1697101	0.10607632	-0.13281873	0.13832676	-0.15151261	0.2829847	-0.49571544	0.30543357	-0.228005	0.19495043	-0.32699904	0.9999976	-0.6261664	0.14705147	-0.16337419	0.19226876	-0.18012908	0.16934413	-0.18245539	0.13212545	-0.105138175	0.112416595	-0.12333076	0.06270618	-0.1383998	0.10398841	-0.06540595	0.07526405	-0.06567067	0.09060818	-0.12462496	0.029150268	-0.030274168
0.056032944	-0.056411635	0.114439234	-0.05946986	0.056678463	-0.09719161	0.090447605	-0.104938336	0.08891998	-0.057065632	0.090274416	-0.12658483	0.15436234	-0.09788702	0.124236204	-0.1295127	0.13131176	-0.2511264	0.25581703	-0.612391	0.1949358	-0.17025039	0.21485133	-0.6261664	0.9999976	-0.13348253	0.14424227	-0.18053173	0.16156249	-0.2046836	0.16182378	-0.12178181	0.09809998	-0.11169429	0.122013986	-0.05721279	0.125249	-0.09910255	0.06323201	-0.07388647	0.059566308	-0.083523124	0.11357276	-0.02819758	0.0291509
-0.056071583	0.05653265	-0.10651056	0.053768385	-0.04808171	0.1007761	-0.09034236	0.099467166	-0.08100785	0.047733676	-0.09526129	0.13228662	-0.12652618	0.069094166	-0.09022646	0.1425782	-0.14605051	0.15587889	-0.12528543	0.18727857	-0.5175471	0.24375483	-0.21653104	0.14705147	-0.13348253	0.9999975	-0.43424448	0.25253004	-0.14766425	0.1493526	-0.6215334	0.24703787	-0.1538951	0.1252353	-0.1270586	0.11151997	-0.21426538	0.14922525	-0.08117923	0.094901934	-0.11132765	0.13521005	-0.1664624	0.03621915	-0.037311416
0.056994967	-0.057264216	0.105754904	-0.053425245	0.047858562	-0.10418228	0.09295356	-0.09976673	0.08038833	-0.047568727	0.10106356	-0.14162163	0.12697133	-0.07000783	0.09070775	-0.16040424	0.16966456	-0.17380464	0.13703871	-0.1887866	0.28826883	-0.4314779	0.27264223	-0.16337419	0.14424227	-0.43424448	0.9999975	-0.54486096	0.19437797	-0.1946372	0.28712887	-0.39194107	0.17344671	-0.1492608	0.14499125	-0.09517879	0.22426327	-0.16594	0.088828824	-0.10341401	0.09374665	-0.1376307	0.16448063	-0.038854133	0.039763246
-0.060611412	0.060508978	-0.117160715	0.059224427	-0.053587	0.106639035	-0.09800584	0.10683512	-0.08936188	0.05310048	-0.10326111	0.14122449	-0.14399332	0.07925151	-0.103380434	0.15237609	-0.16707417	0.19395415	-0.16534281	0.20398495	-0.30938286	0.28334165	-0.43021747	0.19226876	-0.18053173	0.25253004	-0.54486096	0.99999774	-0.407076	0.25216824	-0.28922147	0.23909704	-0.17865466	0.18172428	-0.19362545	0.096348524	-0.23183921	0.16435058	-0.10136888	0.1137298	-0.099643335	0.13937014	-0.18555495	0.043842148	-0.045380536
0.040269166	-0.040439267	0.07928505	-0.04027618	0.036724087	-0.07075465	0.064775646	-0.072425365	0.060684364	-0.03648549	0.06668718	-0.092651665	0.098452665	-0.055525143	0.072033964	-0.09747942	0.10031291	-0.1344567	0.12023658	-0.16562916	0.17613114	-0.1562615	0.1860026	-0.18012908	0.16156249	-0.14766425	0.19437797	-0.407076	0.9999978	-0.73754114	0.16750225	-0.15604998	0.15361872	-0.33921376	0.27034423	-0.0631405	0.14472015	-0.15107885	0.11513582	-0.13136439	0.06443607	-0.097013816	0.1265922	-0.047063887	0.047256898
-0.043299347	0.04334744	-0.08697445	0.044125427	-0.04032067	0.07479341	-0.069360785	0.077971764	-0.06662572	0.039947167	-0.07047429	0.0971072	-0.108437255	0.06035748	-0.07915895	0.100511394	-0.10472248	0.1352903	-0.12611492	0.17473677	-0.19617018	0.1545603	-0.19232617	0.16934413	-0.2046836	0.1493526	-0.1946372	0.25216824	-0.73754114	0.9999973	-0.18588568	0.15682624	-0.15940997	0.2682597	-0.42871082	0.06873637	-0.15949938	0.15018551	-0.11577311	0.12695988	-0.07128056	0.10431643	-0.1414234	0.047523297	-0.048790686
0.068743356	-0.07015161	0.13217585	-0.0669281	0.059782986	-0.1246307	0.10997054	-0.1251772	0.100668095	-0.059498373	0.112876505	-0.16117916	0.15552944	-0.085678704	0.1116061	-0.16746369	0.15840378	-0.19123386	0.14900045	-0.2532407	0.30443925	-0.24530737	0.21789607	-0.18245539	0.16182378	-0.6215334	0.28712887	-0.28922147	0.16750225	-0.18588568	0.9999975	-0.39532456	0.19241841	-0.15982202	0.15286566	-0.17852846	0.25101948	-0.20512147	0.1054622	-0.12758647	0.14906731	-0.1822818	0.1982619	-0.047272597	0.048173502
-0.048980206	0.04942252	-0.09489567	0.04791862	-0.042949352	0.08714752	-0.078601055	0.08765552	-0.0722696	0.042603355	-0.08150723	0.11372647	-0.11298331	0.06166947	-0.08075061	0.11986248	-0.12268405	0.13650927	-0.1109254	0.16878216	-0.2361978	0.19911402	-0.18572214	0.13212545	-0.12178181	0.24703787	-0.39194107	0.23909704	-0.15604998	0.15682624	-0.39532456	0.99999756	-0.40041086	0.17096914	-0.16716228	0.14545137	-0.5666239	0.2618873	-0.11706797	0.12972258	-0.1439565	0.2221902	-0.2614663	0.04978857	-0.05100354
0.037048228	-0.03747762	0.072839186	-0.036826514	0.033090398	-0.06562251	0.059205133	-0.06698884	0.055551205	-0.032826807	0.060436394	-0.08496546	0.08695781	-0.047634922	0.06242348	-0.087973736	0.08692236	-0.10420891	0.08532388	-0.13432951	0.15858333	-0.1341311	0.13049372	-0.105138175	0.09809998	-0.1538951	0.17344671	-0.17865466	0.15361872	-0.15940997	0.19241841	-0.40041086	0.9999973	-0.32647714	0.21935244	-0.09605584	0.23884277	-0.7309733	0.18566233	-0.2012968	0.09354795	-0.17513244	0.21116446	-0.07185419	0.07070212
-0.03440678	0.034606785	-0.06872783	0.034783307	-0.031503733	0.059945524	-0.054962028	0.062101286	-0.052528493	0.031210529	-0.055750944	0.077524416	-0.08371107	0.046051994	-0.06047144	0.07985602	-0.08091853	0.10086998	-0.087951735	0.12888269	-0.15174086	0.119822085	-0.1342793	0.112416595	-0.11169429	0.1252353	-0.1492608	0.18172428	-0.33921376	0.2682597	-0.15982202	0.17096914	-0.32647714	0.9999971	-0.7426493	0.06744835	-0.16155149	0.2296867	-0.266817	0.2154318	-0.06878116	0.11083508	-0.14840393	0.081710145	-0.08274382
0.03624361	-0.036574688	0.07198683	-0.036499504	0.033072364	-0.0636291	0.05792533	-0.065738015	0.05503959	-0.03283092	0.05874674	-0.08227751	0.08764178	-0.048691798	0.06364341	-0.08464247	0.084296316	-0.10895932	0.09333404	-0.1456921	0.15003867	-0.12391089	0.13571675	-0.12333076	0.122013986	-0.1270586	0.14499125	-0.19362545	0.27034423	-0.42871082	0.15286566	-0.16716228	0.21935244	-0.7426493	0.99999684	-0.06630595	0.15070724	-0.23414585	0.19674034	-0.24169573	0.06658106	-0.11022184	0.13964874	-0.07902548	0.076741576
-0.023965895	0.024359837	-0.047120158	0.023814473	-0.021308452	0.042648874	-0.03818309	0.04364051	-0.035910763	0.021149913	-0.038707864	0.05480908	-0.055544093	0.030321555	-0.039762907	0.056057326	-0.054039635	0.06479727	-0.051761795	0.08639671	-0.10215124	0.07990702	-0.07597461	0.06270618	-0.05721279	0.11151997	-0.09517879	0.096348524	-0.0631405	0.06873637	-0.17852846	0.14545137	-0.09605584	0.06744835	-0.06630595	0.9999969	-0.2562467	0.10756719	-0.050191823	0.059093665	-0.9067876	0.20861113	-0.19388632	0.023085842	-0.023579959
0.05152265	-0.05241482	0.10050129	-0.050839547	0.045501567	-0.092308596	0.08228927	-0.09376748	0.07659103	-0.04521071	0.08393747	-0.11924895	0.11866648	-0.06511345	0.08512004	-0.1230291	0.11843616	-0.14267546	0.11322225	-0.18870842	0.20383115	-0.18277405	0.16827422	-0.1383998	0.125249	-0.21426538	0.22426327	-0.23183921	0.14472015	-0.15949938	0.25101948	-0.5666239	0.23884277	-0.16155149	0.15070724	-0.2562467	0.9999971	-0.29668364	0.12047487	-0.14465947	0.20336542	-0.47569668	0.29455087	-0.053337492	0.053679768
-0.03784998	0.038196605	-0.07540055	0.038066056	-0.034217402	0.06628068	-0.060308464	0.06840356	-0.05751544	0.033880334	-0.06107672	0.08537903	-0.09000457	0.048907086	-0.06442018	0.08754629	-0.087203376	0.10329919	-0.085829765	0.13314293	-0.16832243	0.12950468	-0.1310192	0.10398841	-0.09910255	0.14922525	-0.16594	0.16435058	-0.15107885	0.15018551	-0.20512147	0.2618873	-0.7309733	0.2296867	-0.23414585	0.10756719	-0.29668364	0.9999972	-0.2668464	0.20917004	-0.11022442	0.20087212	-0.32831657	0.0844636	-0.08705672
0.022516044	-0.022703888	0.04526062	-0.02286532	0.020615026	-0.03920646	0.03583155	-0.04080018	0.034560908	-0.020405725	0.036059503	-0.05040267	0.05436686	-0.029618561	0.039034426	-0.051374715	0.051055565	-0.0625053	0.052755367	-0.08138578	0.0966943	-0.07437297	0.07844667	-0.06540595	0.06323201	-0.08117923	0.088828824	-0.10136888	0.11513582	-0.11577311	0.1054622	-0.11706797	0.18566233	-0.266817	0.19674034	-0.050191823	0.12047487	-0.2668464	0.99999744	-0.8302815	0.051157292	-0.08766665	0.12197968	-0.26836285	0.20941165
-0.026563443	0.026729172	-0.05386328	0.027180914	-0.024514353	0.045902535	-0.042206142	0.04807016	-0.041133773	0.024230061	-0.042301193	0.058896855	-0.064733155	0.03504881	-0.04636332	0.0598128	-0.059821937	0.07229973	-0.061601438	0.09335188	-0.117349766	0.08641458	-0.09221601	0.07526405	-0.07388647	0.094901934	-0.10341401	0.1137298	-0.13136439	0.12695988	-0.12758647	0.12972258	-0.2012968	0.2154318	-0.24169573	0.059093665	-0.14465947	0.20917004	-0.8302815	0.9999975	-0.0613631	0.10010763	-0.14666909	0.20973921	-0.2682562
0.02503128	-0.025497789	0.049196955	-0.024879757	0.022253292	-0.04467626	0.039859	-0.045761056	0.03749837	-0.022102471	0.040304102	-0.05731802	0.057889327	-0.031675193	0.04149351	-0.05839246	0.05569108	-0.06785044	0.05385741	-0.09185179	0.10032339	-0.0816237	0.07734356	-0.06567067	0.059566308	-0.11132765	0.09374665	-0.099643335	0.06443607	-0.07128056	0.14906731	-0.1439565	0.09354795	-0.06878116	0.06658106	-0.9067876	0.20336542	-0.11022442	0.051157292	-0.0613631	0.99999785	-0.27306563	0.18099777	-0.023549637	0.023933101
-0.034524914	0.03504362	-0.068390615	0.034547266	-0.030939488	0.061075337	-0.0549474	0.06287128	-0.052137014	0.030683137	-0.05549417	0.0783796	-0.08073734	0.043972597	-0.05777873	0.07983329	-0.07749356	0.092901215	-0.07489259	0.12393	-0.14315553	0.11365477	-0.11024694	0.09060818	-0.083523124	0.13521005	-0.1376307	0.13937014	-0.097013816	0.10431643	-0.1822818	0.2221902	-0.17513244	0.11083508	-0.11022184	0.20861113	-0.47569668	0.20087212	-0.08766665	0.10010763	-0.27306563	0.9999979	-0.73862225	0.041814454	-0.042654175
0.047243323	-0.048177402	0.093693435	-0.04738675	0.042402737	-0.084017076	0.07507362	-0.0868169	0.07144893	-0.04210631	0.07531835	-0.107344754	0.11012619	-0.060260776	0.07902547	-0.10823726	0.102765664	-0.12755695	0.101554856	-0.17654155	0.17445542	-0.14723074	0.14242655	-0.12462496	0.11357276	-0.1664624	0.16448063	-0.18555495	0.1265922	-0.1414234	0.1982619	-0.2614663	0.21116446	-0.14840393	0.13964874	-0.19388632	0.29455087	-0.32831657	0.12197968	-0.14666909	0.18099777	-0.73862225	0.9999981	-0.05940244	0.058603603
-0.010331087	0.010422343	-0.020872874	0.010539429	-0.009495145	0.017945286	-0.016412763	0.018757721	-0.01593794	0.009394128	-0.016440988	0.023001943	-0.024999173	0.013575506	-0.017923303	0.023308353	-0.02305819	0.028186528	-0.023718115	0.037025515	-0.043799	0.033152323	-0.034873523	0.029150268	-0.02819758	0.03621915	-0.038854133	0.043842148	-0.047063887	0.047523297	-0.047272597	0.04978857	-0.07185419	0.081710145	-0.07902548	0.023085842	-0.053337492	0.0844636	-0.26836285	0.20973921	-0.023549637	0.041814454	-0.05940244	0.9999979	-0.93446165
0.010744484	-0.010847426	0.021694936	-0.010956456	0.009868242	-0.01868669	0.017066995	-0.019529987	0.016565487	-0.0097657675	0.017087083	-0.023941249	0.025958952	-0.014107912	0.01861725	-0.024234874	0.023887673	-0.029327277	0.024584435	-0.038743995	0.04492214	-0.034260925	0.03589704	-0.030274168	0.0291509	-0.037311416	0.039763246	-0.045380536	0.047256898	-0.048790686	0.048173502	-0.05100354	0.07070212	-0.08274382	0.076741576	-0.023579959	0.053679768	-0.08705672	0.20941165	-0.2682562	0.023933101	-0.042654175	0.058603603	-0.93446165	0.9999979
