1.0000001	-0.8373732	0.2427783	-0.19464092	0.16523951	-0.27357692	0.18707588	-0.22257023	0.14319435	-0.13549131	0.16399096	-0.15326785	0.12390379	-0.116372354	0.03855417	-0.10953061	0.110476755	-0.12590891	0.08879332	-0.038662363	0.09847399	-0.09430217	0.09550707	-0.0482135	0.04654799	-0.07899034	0.08545152	-0.07140838	0.05137534	-0.048994116	0.07957968	-0.06858074	0.06511416	-0.038302075	0.046105187	-0.05135813	0.04807348	-0.048124474	0.031684503	-0.016331676	0.055512283	-0.044187054	0.043825965	-0.0343897	0.016024157
-0.8373732	0.9999999	-0.3715284	0.1899563	-0.17968109	0.18363327	-0.181868	0.19644402	-0.15068348	0.12894115	-0.14433974	0.12789157	-0.1096346	0.097074054	-0.034161795	0.09073237	-0.09525532	0.10413628	-0.07632743	0.033825543	-0.08508866	0.07948046	-0.08273602	0.040989537	-0.039903436	0.06644671	-0.07331549	0.060382362	-0.043880872	0.041383237	-0.06790531	0.057524063	-0.05553959	0.032469112	-0.039270766	0.043343995	-0.040654372	0.04057148	-0.02683217	0.01378854	-0.04711036	0.037262574	-0.037124015	0.02902044	-0.013543597
0.2427783	-0.3715284	0.99999964	-0.6217607	0.25657904	-0.18023945	0.21334442	-0.46280867	0.272725	-0.23626633	0.13707103	-0.16129717	0.16107814	-0.14755282	0.050045248	-0.112850696	0.11683903	-0.15163273	0.106977634	-0.05013821	0.1025579	-0.09985512	0.101859614	-0.054735724	0.052496664	-0.08371617	0.09066543	-0.07644146	0.057259217	-0.054223653	0.08474485	-0.073245175	0.06970065	-0.041488662	0.049901355	-0.054784648	0.051340092	-0.051495474	0.03410649	-0.017563676	0.05927573	-0.047210243	0.046891168	-0.036982752	0.017225718
-0.19464092	0.1899563	-0.6217607	0.9999996	-0.41535592	0.13300489	-0.17370725	0.2723515	-0.5297337	0.27838984	-0.107930996	0.12194168	-0.12530494	0.11060534	-0.046476033	0.087836064	-0.092886455	0.11466461	-0.084760904	0.0457354	-0.08291276	0.07888237	-0.08320603	0.043638118	-0.042238355	0.066923335	-0.0736362	0.0613948	-0.0460683	0.043352284	-0.069182485	0.058729563	-0.056611642	0.03347876	-0.04046832	0.04424144	-0.041524783	0.041491892	-0.027561482	0.014162565	-0.04817066	0.038095616	-0.037975162	0.029802566	-0.013906805
0.16523951	-0.17968109	0.25657904	-0.41535592	0.99999917	-0.17894544	0.19949947	-0.31579056	0.31866902	-0.66018593	0.13848501	-0.16609414	0.160577	-0.15863207	0.07753182	-0.12947658	0.13065049	-0.17085066	0.12056083	-0.07954738	0.12059529	-0.116232395	0.12259555	-0.06496132	0.06247324	-0.1022201	0.11018519	-0.09344021	0.06875165	-0.065890014	0.10620082	-0.09113001	0.086115554	-0.051207755	0.06170882	-0.06847828	0.06413119	-0.064142816	0.042368717	-0.021857474	0.07439763	-0.05901842	0.05854914	-0.045996252	0.021450331
-0.27357692	0.18363327	-0.18023945	0.13300489	-0.17894544	0.99999905	-0.46284232	0.22098126	-0.13820088	0.12078552	-0.6976185	0.29724616	-0.17899317	0.14437546	-0.04538523	0.17672797	-0.1949145	0.15661839	-0.117890134	0.044446226	-0.15983959	0.14407004	-0.14117663	0.063385986	-0.061990503	0.11084918	-0.123963386	0.098621495	-0.06859656	0.063960455	-0.10752759	0.091120884	-0.08916602	0.050902296	-0.061507985	0.068413265	-0.06413598	0.06400786	-0.042085066	0.021580424	-0.07382907	0.058602415	-0.058422066	0.04546026	-0.021199444
0.18707588	-0.181868	0.21334442	-0.17370725	0.19949947	-0.46284232	0.9999993	-0.49263227	0.18044952	-0.16390693	0.29089218	-0.49753094	0.23681368	-0.20726897	0.05812122	-0.2081236	0.22064288	-0.21737468	0.15139082	-0.057977002	0.16850716	-0.17709246	0.15718628	-0.0784493	0.07494035	-0.13131618	0.13975525	-0.11688023	0.08250425	-0.078132324	0.12258736	-0.10907659	0.102908194	-0.06024743	0.07189326	-0.08042559	0.07512959	-0.075771295	0.049564607	-0.025564212	0.085589424	-0.06913373	0.06829083	-0.05392826	0.025033018
-0.22257023	0.19644402	-0.46280867	0.2723515	-0.31579056	0.22098126	-0.49263227	0.9999996	-0.3880657	0.23244655	-0.19369045	0.23266098	-0.32462484	0.20195325	-0.06360349	0.14391682	-0.16409376	0.1983484	-0.15375304	0.06180981	-0.13533838	0.12976213	-0.13452935	0.07270144	-0.0703045	0.104794584	-0.11710002	0.09673677	-0.07554503	0.06962437	-0.10672479	0.09047566	-0.0886762	0.052603383	-0.06360876	0.06805456	-0.064020954	0.064091645	-0.042902887	0.021964569	-0.07409017	0.058616523	-0.05867832	0.046230625	-0.021564452
0.14319435	-0.15068348	0.272725	-0.5297337	0.31866902	-0.13820088	0.18044952	-0.3880657	0.9999994	-0.61912733	0.10949739	-0.13219203	0.13902684	-0.1282048	0.05821588	-0.0930572	0.097623	-0.12834382	0.09363909	-0.057882033	0.08593622	-0.08321071	0.08621979	-0.046971463	0.045107145	-0.070122205	0.0764586	-0.06436165	0.04898568	-0.046153925	0.07169883	-0.061577667	0.058953498	-0.03515892	0.04236042	-0.046172757	0.043314572	-0.043409724	0.028851142	-0.014839102	0.050103933	-0.039799	0.039609123	-0.031237427	0.014558361
-0.13549131	0.12894115	-0.23626633	0.27838984	-0.66018593	0.12078552	-0.16390693	0.23244655	-0.61912733	0.9999994	-0.10043929	0.115515575	-0.12071896	0.10895179	-0.07953984	0.08605966	-0.091478035	0.113754176	-0.087173074	0.072802566	-0.08294575	0.078253835	-0.08447758	0.04465363	-0.04330936	0.06734075	-0.07459455	0.062114675	-0.04712758	0.044239905	-0.07072096	0.059511576	-0.057685427	0.034142606	-0.04136641	0.045001045	-0.042279188	0.04217671	-0.02809823	0.01442378	-0.049192093	0.038756043	-0.038709138	0.030340258	-0.014170709
0.16399096	-0.14433974	0.13707103	-0.107930996	0.13848501	-0.6976185	0.29089218	-0.19369045	0.10949739	-0.10043929	0.9999992	-0.5231436	0.18282647	-0.15788561	0.043495096	-0.23245952	0.21524215	-0.16982424	0.119385324	-0.04313496	0.16419573	-0.16213149	0.13789572	-0.06340102	0.06082022	-0.11500788	0.12298762	-0.100022234	0.06756072	-0.06374874	0.10335972	-0.09176178	0.08711527	-0.050012577	0.059646264	-0.06757828	0.06304304	-0.06351107	0.041272555	-0.021270284	0.07152024	-0.05788771	0.057146885	-0.04489723	0.020832941
-0.15326785	0.12789157	-0.16129717	0.12194168	-0.16609414	0.29724616	-0.49753094	0.23266098	-0.13219203	0.115515575	-0.5231436	0.9999992	-0.33116838	0.20022535	-0.05400659	0.22769812	-0.40987542	0.20987698	-0.15756957	0.05271768	-0.19300829	0.20194523	-0.17612877	0.077678315	-0.074906975	0.13289429	-0.15003984	0.11881408	-0.082281455	0.075790346	-0.12107263	0.10580197	-0.10382874	0.05898808	-0.07068642	0.07818565	-0.07331642	0.07376296	-0.048353452	0.024781821	-0.08337343	0.0670326	-0.06672232	0.052284017	-0.0243009
0.12390379	-0.1096346	0.16107814	-0.12530494	0.160577	-0.17899317	0.23681368	-0.32462484	0.13902684	-0.12071896	0.18282647	-0.33116838	0.9999996	-0.6466092	0.08652063	-0.15213643	0.18370648	-0.46618238	0.28961384	-0.08627827	0.13399802	-0.13927282	0.13640037	-0.11072314	0.1008855	-0.103639595	0.11497537	-0.1009107	0.101880774	-0.09099936	0.10066601	-0.09033379	0.089262515	-0.058254786	0.06926551	-0.066208	0.06270707	-0.06433509	0.04497734	-0.022891225	0.07143645	-0.057717748	0.05819019	-0.048262738	0.022343345
-0.116372354	0.097074054	-0.14755282	0.11060534	-0.15863207	0.14437546	-0.20726897	0.20195325	-0.1282048	0.10895179	-0.15788561	0.20022535	-0.6466092	0.99999964	-0.12579931	0.12922435	-0.1600174	0.32026538	-0.5563456	0.113333546	-0.12462352	0.12230918	-0.13324429	0.1459628	-0.13699864	0.09632312	-0.11013201	0.09950325	-0.13167912	0.10825415	-0.09823641	0.08733117	-0.089902714	0.06359445	-0.07609832	0.06422659	-0.0614921	0.06371647	-0.047097113	0.023677252	-0.07041724	0.05655644	-0.05806908	0.0498325	-0.023087963
0.03855417	-0.034161795	0.050045248	-0.046476033	0.07753182	-0.04538523	0.05812122	-0.06360349	0.05821588	-0.07953984	0.043495096	-0.05400659	0.08652063	-0.12579931	0.9999996	-0.042721838	0.048237257	-0.11764575	0.12955269	-0.9711101	0.040859953	-0.04041941	0.044337243	-0.048594512	0.04314117	-0.03332667	0.03733943	-0.034520797	0.04231685	-0.038400535	0.034483436	-0.03113365	0.031194324	-0.022157626	0.026245903	-0.022806546	0.021774407	-0.022598239	0.016516281	-0.00836692	0.024913047	-0.020109553	0.020506386	-0.017629405	0.008146076
-0.10953061	0.09073237	-0.112850696	0.087836064	-0.12947658	0.17672797	-0.2081236	0.14391682	-0.0930572	0.08605966	-0.23245952	0.22769812	-0.15213643	0.12922435	-0.042721838	0.99999964	-0.5312608	0.16679631	-0.12463997	0.041672137	-0.65126973	0.28753278	-0.239108	0.07559108	-0.07349645	0.22281641	-0.23974206	0.15778315	-0.08658417	0.08061468	-0.1695563	0.13955101	-0.13556792	0.07057746	-0.08430767	0.10504592	-0.096597865	0.095275685	-0.059812434	0.030743787	-0.108617075	0.08748298	-0.08586252	0.064996436	-0.030207703
0.110476755	-0.09525532	0.11683903	-0.092886455	0.13065049	-0.1949145	0.22064288	-0.16409376	0.097623	-0.091478035	0.21524215	-0.40987542	0.18370648	-0.1600174	0.048237257	-0.5312608	0.99999964	-0.24155648	0.14905241	-0.04754512	0.2922126	-0.5222313	0.24447337	-0.084179245	0.079913355	-0.20073973	0.21282598	-0.17041437	0.092741095	-0.08714041	0.15200996	-0.14250062	0.1346785	-0.072155885	0.08461877	-0.10182377	0.09448904	-0.0960823	0.060138755	-0.03107155	0.10424282	-0.08666987	0.08464071	-0.0658473	0.030371673
-0.12590891	0.10413628	-0.15163273	0.11466461	-0.17085066	0.15661839	-0.21737468	0.1983484	-0.12834382	0.113754176	-0.16982424	0.20987698	-0.46618238	0.32026538	-0.11764575	0.16679631	-0.24155648	0.9999995	-0.64980227	0.10978588	-0.1625394	0.16343068	-0.18270805	0.1783065	-0.17316481	0.12335891	-0.14319567	0.12908123	-0.16674462	0.13527456	-0.124151	0.11091319	-0.115321286	0.08064957	-0.09679794	0.08126926	-0.07795373	0.08087841	-0.05974533	0.029984774	-0.089032985	0.07160421	-0.0736542	0.063104555	-0.029247904
0.08879332	-0.07632743	0.106977634	-0.084760904	0.12056083	-0.117890134	0.15139082	-0.15375304	0.09363909	-0.087173074	0.119385324	-0.15756957	0.28961384	-0.5563456	0.12955269	-0.12463997	0.14905241	-0.64980227	0.99999905	-0.14844875	0.11502365	-0.12018121	0.12926145	-0.2704223	0.1744756	-0.093349375	0.10487806	-0.104345	0.16581011	-0.14418736	0.093381844	-0.08838375	0.09069626	-0.07160859	0.082697764	-0.06314705	0.060959306	-0.06501834	0.050180793	-0.025204767	0.06875077	-0.056547433	0.058388002	-0.05321978	0.024389034
-0.038662363	0.033825543	-0.05013821	0.0457354	-0.07954738	0.044446226	-0.057977002	0.06180981	-0.057882033	0.072802566	-0.04313496	0.05271768	-0.08627827	0.113333546	-0.9711101	0.041672137	-0.04754512	0.10978588	-0.14844875	0.99999905	-0.04047472	0.03965481	-0.0441634	0.04943745	-0.044773508	0.03281412	-0.037050422	0.034158207	-0.043533083	0.03844406	-0.034241647	0.03067612	-0.031061787	0.022183675	-0.026396252	0.022541912	-0.021558486	0.022364909	-0.016474739	0.008321927	-0.024719365	0.019886753	-0.020353599	0.01752334	-0.008106822
0.09847399	-0.08508866	0.1025579	-0.08291276	0.12059529	-0.15983959	0.16850716	-0.13533838	0.08593622	-0.08294575	0.16419573	-0.19300829	0.13399802	-0.12462352	0.040859953	-0.65126973	0.2922126	-0.1625394	0.11502365	-0.04047472	0.99999905	-0.40087187	0.24211676	-0.079607815	0.07625909	-0.3981515	0.26983145	-0.18976915	0.09301487	-0.08978662	0.2001834	-0.17438956	0.1540334	-0.0805943	0.094326146	-0.13020323	0.11579491	-0.11479932	0.06943461	-0.03618389	0.12683357	-0.10595361	0.1007568	-0.076785766	0.03538699
-0.09430217	0.07948046	-0.09985512	0.07888237	-0.116232395	0.14407004	-0.17709246	0.12976213	-0.08321071	0.078253835	-0.16213149	0.20194523	-0.13927282	0.12230918	-0.04041941	0.28753278	-0.5222313	0.16343068	-0.12018121	0.03965481	-0.40087187	0.99999875	-0.52485234	0.08362822	-0.07955493	0.2427101	-0.36627182	0.22831686	-0.09925113	0.09182379	-0.17887212	0.16960452	-0.17662038	0.08280154	-0.09685166	0.1185379	-0.11162916	0.11355644	-0.06947803	0.03553427	-0.12128712	0.10095939	-0.09998831	0.0754576	-0.034831386
0.09550707	-0.08273602	0.101859614	-0.08320603	0.12259555	-0.14117663	0.15718628	-0.13452935	0.08621979	-0.08447758	0.13789572	-0.17612877	0.13640037	-0.13324429	0.044337243	-0.239108	0.24447337	-0.18270805	0.12926145	-0.0441634	0.24211676	-0.52485234	0.9999986	-0.11860041	0.10613284	-0.2402606	0.26575097	-0.53155005	0.14253813	-0.13600215	0.20761597	-0.26084718	0.26079392	-0.12089226	0.13389009	-0.15751582	0.15498893	-0.17070316	0.09907604	-0.051041782	0.15944931	-0.1430419	0.14043535	-0.10933719	0.049534496
-0.0482135	0.040989537	-0.054735724	0.043638118	-0.06496132	0.063385986	-0.0784493	0.07270144	-0.046971463	0.04465363	-0.06340102	0.077678315	-0.11072314	0.1459628	-0.048594512	0.07559108	-0.084179245	0.1783065	-0.2704223	0.04943745	-0.079607815	0.08362822	-0.11860041	0.9999985	-0.66090816	0.07385146	-0.087535605	0.1206704	-0.57632345	0.3227882	-0.08088617	0.08621071	-0.10434658	0.124050766	-0.1388688	0.058311738	-0.059409484	0.06975604	-0.07128313	0.03355706	-0.06503271	0.055544727	-0.062356964	0.070725374	-0.03209393
0.04654799	-0.039903436	0.052496664	-0.042238355	0.06247324	-0.061990503	0.07494035	-0.0703045	0.045107145	-0.04330936	0.06082022	-0.074906975	0.1008855	-0.13699864	0.04314117	-0.07349645	0.079913355	-0.17316481	0.1744756	-0.044773508	0.07625909	-0.07955493	0.10613284	-0.66090816	0.99999833	-0.07152194	0.08274473	-0.10953374	0.32244802	-0.6241262	0.07841013	-0.08387262	0.094629034	-0.11147488	0.121823765	-0.05684542	0.057371743	-0.06725929	0.0656934	-0.032345697	0.063000426	-0.054085772	0.05973372	-0.068575226	0.030723546
-0.07899034	0.06644671	-0.08371617	0.066923335	-0.1022201	0.11084918	-0.13131618	0.104794584	-0.070122205	0.06734075	-0.11500788	0.13289429	-0.103639595	0.09632312	-0.03332667	0.22281641	-0.20073973	0.12335891	-0.093349375	0.03281412	-0.3981515	0.2427101	-0.2402606	0.07385146	-0.07152194	0.9999983	-0.6798965	0.20530622	-0.0920821	0.08649149	-0.42006186	0.20602295	-0.18406399	0.0874425	-0.103777654	0.18644752	-0.15376398	0.13479456	-0.07843553	0.040339135	-0.17081562	0.13283771	-0.12304417	0.085708395	-0.03989726
0.08545152	-0.07331549	0.09066543	-0.0736362	0.11018519	-0.123963386	0.13975525	-0.11710002	0.0764586	-0.07459455	0.12298762	-0.15003984	0.11497537	-0.11013201	0.03733943	-0.23974206	0.21282598	-0.14319567	0.10487806	-0.037050422	0.26983145	-0.36627182	0.26575097	-0.087535605	0.08274473	-0.6798965	0.99999845	-0.31162187	0.10884897	-0.10445766	0.2617732	-0.26199585	0.21204828	-0.100532554	0.11511934	-0.18083787	0.15821142	-0.1528976	0.087443605	-0.045362305	0.16319965	-0.14153863	0.13123684	-0.09686649	0.04435886
-0.07140838	0.060382362	-0.07644146	0.0613948	-0.09344021	0.098621495	-0.11688023	0.09673677	-0.06436165	0.062114675	-0.100022234	0.11881408	-0.1009107	0.09950325	-0.034520797	0.15778315	-0.17041437	0.12908123	-0.104345	0.034158207	-0.18976915	0.22831686	-0.53155005	0.1206704	-0.10953374	0.20530622	-0.31162187	0.99999833	-0.1943193	0.14414723	-0.2099775	0.25606024	-0.6059126	0.14813699	-0.16590892	0.15316845	-0.16814484	0.19057305	-0.115154274	0.055012424	-0.16928214	0.14475973	-0.16607086	0.117981836	-0.054192152
0.05137534	-0.043880872	0.057259217	-0.0460683	0.06875165	-0.06859656	0.08250425	-0.07554503	0.04898568	-0.04712758	0.06756072	-0.082281455	0.101880774	-0.13167912	0.04231685	-0.08658417	0.092741095	-0.16674462	0.16581011	-0.043533083	0.09301487	-0.09925113	0.14253813	-0.57632345	0.32244802	-0.0920821	0.10884897	-0.1943193	0.99999857	-0.63582045	0.10166209	-0.11669168	0.14369932	-0.22761537	0.19122759	-0.07607187	0.07868048	-0.09669802	0.105180115	-0.049422026	0.08429347	-0.07397025	0.0843301	-0.106165126	0.04636129
-0.048994116	0.041383237	-0.054223653	0.043352284	-0.065890014	0.063960455	-0.078132324	0.06962437	-0.046153925	0.044239905	-0.06374874	0.075790346	-0.09099936	0.10825415	-0.038400535	0.08061468	-0.08714041	0.13527456	-0.14418736	0.03844406	-0.08978662	0.09182379	-0.13600215	0.3227882	-0.6241262	0.08649149	-0.10445766	0.14414723	-0.63582045	0.99999845	-0.09975516	0.10604131	-0.13172251	0.1636861	-0.203726	0.07220448	-0.07439709	0.08849955	-0.0957624	0.04519011	-0.08193455	0.069648415	-0.08000588	0.094368935	-0.04340641
0.07957968	-0.06790531	0.08474485	-0.069182485	0.10620082	-0.10752759	0.12258736	-0.10672479	0.07169883	-0.07072096	0.10335972	-0.12107263	0.10066601	-0.09823641	0.034483436	-0.1695563	0.15200996	-0.124151	0.093381844	-0.034241647	0.2001834	-0.17887212	0.20761597	-0.08088617	0.07841013	-0.42006186	0.2617732	-0.2099775	0.10166209	-0.09975516	0.99999815	-0.34989923	0.21366298	-0.11070957	0.12830634	-0.55399543	0.26353198	-0.20982817	0.10763721	-0.056292005	0.26780036	-0.23575349	0.18134722	-0.12264599	0.055134945
-0.06858074	0.057524063	-0.073245175	0.058729563	-0.09113001	0.091120884	-0.10907659	0.09047566	-0.061577667	0.059511576	-0.09176178	0.10580197	-0.09033379	0.08733117	-0.03113365	0.13955101	-0.14250062	0.11091319	-0.08838375	0.03067612	-0.17438956	0.16960452	-0.26084718	0.08621071	-0.08387262	0.20602295	-0.26199585	0.25606024	-0.11669168	0.10604131	-0.34989923	0.99999815	-0.48324165	0.14502451	-0.1739416	0.2748622	-0.5318273	0.25478414	-0.13651522	0.06553538	-0.30936322	0.25665298	-0.24997789	0.14181753	-0.0660165
0.06511416	-0.05553959	0.06970065	-0.056611642	0.086115554	-0.08916602	0.102908194	-0.0886762	0.058953498	-0.057685427	0.08711527	-0.10382874	0.089262515	-0.089902714	0.031194324	-0.13556792	0.1346785	-0.115321286	0.09069626	-0.031061787	0.1540334	-0.17662038	0.26079392	-0.10434658	0.094629034	-0.18406399	0.21204828	-0.6059126	0.14369932	-0.13172251	0.21366298	-0.48324165	0.99999815	-0.21462955	0.18987279	-0.19102307	0.22451004	-0.33585086	0.14656429	-0.06947018	0.19673248	-0.19457495	0.21507621	-0.15446988	0.06706426
-0.038302075	0.032469112	-0.041488662	0.03347876	-0.051207755	0.050902296	-0.06024743	0.052603383	-0.03515892	0.034142606	-0.050012577	0.05898808	-0.058254786	0.06359445	-0.022157626	0.07057746	-0.072155885	0.08064957	-0.07160859	0.022183675	-0.0805943	0.08280154	-0.12089226	0.124050766	-0.11147488	0.0874425	-0.100532554	0.14813699	-0.22761537	0.1636861	-0.11070957	0.14502451	-0.21462955	0.9999976	-0.80065876	0.09270319	-0.10290227	0.15342003	-0.38456672	0.116484426	-0.10690964	0.100476824	-0.13478793	0.2494703	-0.109154165
0.046105187	-0.039270766	0.049901355	-0.04046832	0.06170882	-0.061507985	0.07189326	-0.06360876	0.04236042	-0.04136641	0.059646264	-0.07068642	0.06926551	-0.07609832	0.026245903	-0.08430767	0.08461877	-0.09679794	0.082697764	-0.026396252	0.094326146	-0.09685166	0.13389009	-0.1388688	0.121823765	-0.103777654	0.11511934	-0.16590892	0.19122759	-0.203726	0.12830634	-0.1739416	0.18987279	-0.80065876	0.99999756	-0.11061573	0.11818942	-0.17800425	0.26340944	-0.13737884	0.122336805	-0.119559884	0.14910866	-0.32288513	0.117814064
-0.05135813	0.043343995	-0.054784648	0.04424144	-0.06847828	0.068413265	-0.08042559	0.06805456	-0.046172757	0.045001045	-0.06757828	0.07818565	-0.066208	0.06422659	-0.022806546	0.10504592	-0.10182377	0.08126926	-0.06314705	0.022541912	-0.13020323	0.1185379	-0.15751582	0.058311738	-0.05684542	0.18644752	-0.18083787	0.15316845	-0.07607187	0.07220448	-0.55399543	0.2748622	-0.19102307	0.09270319	-0.11061573	0.9999976	-0.50682825	0.20840012	-0.09950409	0.049196605	-0.50790715	0.28030214	-0.20727147	0.10943056	-0.049323995
0.04807348	-0.040654372	0.051340092	-0.041524783	0.06413119	-0.06413598	0.07512959	-0.064020954	0.043314572	-0.042279188	0.06304304	-0.07331642	0.06270707	-0.0614921	0.021774407	-0.096597865	0.09448904	-0.07795373	0.060959306	-0.021558486	0.11579491	-0.11162916	0.15498893	-0.059409484	0.057371743	-0.15376398	0.15821142	-0.16814484	0.07868048	-0.07439709	0.26353198	-0.5318273	0.22451004	-0.10290227	0.11818942	-0.50682825	0.99999756	-0.32973793	0.11510403	-0.055303678	0.31057873	-0.47034365	0.25122285	-0.1274593	0.054967657
-0.048124474	0.04057148	-0.051495474	0.041491892	-0.064142816	0.06400786	-0.075771295	0.064091645	-0.043409724	0.04217671	-0.06351107	0.07376296	-0.06433509	0.06371647	-0.022598239	0.095275685	-0.0960823	0.08087841	-0.06501834	0.022364909	-0.11479932	0.11355644	-0.17070316	0.06975604	-0.06725929	0.13479456	-0.1528976	0.19057305	-0.09669802	0.08849955	-0.20982817	0.25478414	-0.33585086	0.15342003	-0.17800425	0.20840012	-0.32973793	0.9999976	-0.25180373	0.093384296	-0.28129995	0.2779265	-0.7082112	0.21973705	-0.096173026
0.031684503	-0.02683217	0.03410649	-0.027561482	0.042368717	-0.042085066	0.049564607	-0.042902887	0.028851142	-0.02809823	0.041272555	-0.048353452	0.04497734	-0.047097113	0.016516281	-0.059812434	0.060138755	-0.05974533	0.050180793	-0.016474739	0.06943461	-0.06947803	0.09907604	-0.07128313	0.0656934	-0.07843553	0.087443605	-0.115154274	0.105180115	-0.0957624	0.10763721	-0.13651522	0.14656429	-0.38456672	0.26340944	-0.09950409	0.11510403	-0.25180373	0.9999977	-0.2846201	0.11975246	-0.12425922	0.19837958	-0.756076	0.21817811
-0.016331676	0.01378854	-0.017563676	0.014162565	-0.021857474	0.021580424	-0.025564212	0.021964569	-0.014839102	0.01442378	-0.021270284	0.024781821	-0.022891225	0.023677252	-0.00836692	0.030743787	-0.03107155	0.029984774	-0.025204767	0.008321927	-0.03618389	0.03553427	-0.051041782	0.03355706	-0.032345697	0.040339135	-0.045362305	0.055012424	-0.049422026	0.04519011	-0.056292005	0.06553538	-0.06947018	0.116484426	-0.13737884	0.049196605	-0.055303678	0.093384296	-0.2846201	0.9999978	-0.06123695	0.058705173	-0.091287985	0.22939335	-0.91685504
0.055512283	-0.04711036	0.05927573	-0.04817066	0.07439763	-0.07382907	0.085589424	-0.07409017	0.050103933	-0.049192093	0.07152024	-0.08337343	0.07143645	-0.07041724	0.024913047	-0.108617075	0.10424282	-0.089032985	0.06875077	-0.024719365	0.12683357	-0.12128712	0.15944931	-0.06503271	0.063000426	-0.17081562	0.16319965	-0.16928214	0.08429347	-0.08193455	0.26780036	-0.30936322	0.19673248	-0.10690964	0.122336805	-0.50790715	0.31057873	-0.28129995	0.11975246	-0.06123695	0.99999803	-0.62314695	0.2538619	-0.14278004	0.06008087
-0.044187054	0.037262574	-0.047210243	0.038095616	-0.05901842	0.058602415	-0.06913373	0.058616523	-0.039799	0.038756043	-0.05788771	0.0670326	-0.057717748	0.05655644	-0.020109553	0.08748298	-0.08666987	0.07160421	-0.056547433	0.019886753	-0.10595361	0.10095939	-0.1430419	0.055544727	-0.054085772	0.13283771	-0.14153863	0.14475973	-0.07397025	0.069648415	-0.23575349	0.25665298	-0.19457495	0.100476824	-0.119559884	0.28030214	-0.47034365	0.2779265	-0.12425922	0.058705173	-0.62314695	0.9999981	-0.4591306	0.14002304	-0.06001704
0.043825965	-0.037124015	0.046891168	-0.037975162	0.05854914	-0.058422066	0.06829083	-0.05867832	0.039609123	-0.038709138	0.057146885	-0.06672232	0.05819019	-0.05806908	0.020506386	-0.08586252	0.08464071	-0.0736542	0.058388002	-0.020353599	0.1007568	-0.09998831	0.14043535	-0.062356964	0.05973372	-0.12304417	0.13123684	-0.16607086	0.0843301	-0.08000588	0.18134722	-0.24997789	0.21507621	-0.13478793	0.14910866	-0.20727147	0.25122285	-0.7082112	0.19837958	-0.091287985	0.2538619	-0.4591306	0.9999983	-0.278697	0.09136043
-0.0343897	0.02902044	-0.036982752	0.029802566	-0.045996252	0.04546026	-0.05392826	0.046230625	-0.031237427	0.030340258	-0.04489723	0.052284017	-0.048262738	0.0498325	-0.017629405	0.064996436	-0.0658473	0.063104555	-0.05321978	0.01752334	-0.076785766	0.0754576	-0.10933719	0.070725374	-0.068575226	0.085708395	-0.09686649	0.117981836	-0.106165126	0.094368935	-0.12264599	0.14181753	-0.15446988	0.2494703	-0.32288513	0.10943056	-0.1274593	0.21973705	-0.756076	0.22939335	-0.14278004	0.14002304	-0.278697	0.9999984	-0.3031996
0.016024157	-0.013543597	0.017225718	-0.013906805	0.021450331	-0.021199444	0.025033018	-0.021564452	0.014558361	-0.014170709	0.020832941	-0.0243009	0.022343345	-0.023087963	0.008146076	-0.030207703	0.030371673	-0.029247904	0.024389034	-0.008106822	0.03538699	-0.034831386	0.049534496	-0.03209393	0.030723546	-0.03989726	0.04435886	-0.054192152	0.04636129	-0.04340641	0.055134945	-0.0660165	0.06706426	-0.109154165	0.117814064	-0.049323995	0.054967657	-0.096173026	0.21817811	-0.91685504	0.06008087	-0.06001704	0.09136043	-0.3031996	0.9999984
