1.0000001	-0.46115655	0.23161577	-0.08898088	0.08562295	-0.6751965	0.32353526	-0.3560412	0.07671394	-0.06211706	0.23294917	-0.2694035	0.08386881	-0.072997384	0.068212666	-0.15492453	0.14325187	-0.06943106	0.066425025	-0.07787078	0.02929855	-0.057204627	0.04977001	-0.046290427	0.045015387	-0.024987526	0.041767072	-0.04453619	0.049300615	-0.060672317	0.033593774	-0.028366467	0.033135325	-0.028457869	0.024444344	-0.023127846	0.032597266	-0.029857373	0.026404623	-0.026500478	0.03873852	-0.030918786	0.027773088	-0.026114643	0.03440102
-0.46115655	1.0	-0.56732225	0.1252404	-0.117641896	0.26514554	-0.530488	0.3216923	-0.106381275	0.07693089	-0.18967314	0.19184151	-0.08733729	0.08005048	-0.07838754	0.10952483	-0.12617892	0.06837097	-0.06746335	0.07641107	-0.026318427	0.05351534	-0.048535798	0.045341548	-0.04420586	0.022294737	-0.039529093	0.042625554	-0.048336998	0.05819039	-0.031582266	0.026728662	-0.03170107	0.027106132	-0.023364624	0.021726066	-0.030920377	0.028362911	-0.025181318	0.025213609	-0.03659395	0.02920994	-0.026409583	0.02482339	-0.032874115
0.23161577	-0.56732225	1.0	-0.23156916	0.15530723	-0.171605	0.2575128	-0.6861908	0.14865132	-0.1075998	0.119620904	-0.13329582	0.11680278	-0.11125328	0.10241489	-0.076572604	0.08451062	-0.08946695	0.083712384	-0.09961044	0.028166205	-0.063745454	0.05867073	-0.056204252	0.056006506	-0.023932079	0.045860264	-0.05159273	0.058708366	-0.07417524	0.036311515	-0.031217678	0.0378846	-0.03268014	0.028402887	-0.025059883	0.036145125	-0.03382079	0.030121813	-0.030616095	0.0424516	-0.034464877	0.031259768	-0.029646166	0.03910778
-0.08898088	0.1252404	-0.23156916	1.0	-0.5826053	0.061075497	-0.087334126	0.17190301	-0.6654786	0.29358625	-0.047596715	0.051612057	-0.15746802	0.21392372	-0.2253543	0.034754857	-0.038934615	0.11549826	-0.11913222	0.14981183	-0.032470245	0.08097851	-0.07874157	0.07721268	-0.08165824	0.027591398	-0.05795261	0.0679369	-0.08004769	0.10356246	-0.04495067	0.03945871	-0.049459778	0.04279745	-0.037733678	0.031151213	-0.045894414	0.04371374	-0.039231718	0.040333964	-0.052999064	0.04388789	-0.0401777	0.038395915	-0.050769694
0.08562295	-0.117641896	0.15530723	-0.5826053	1.0000001	-0.06068888	0.08306787	-0.17187221	0.32518408	-0.5852256	0.048433036	-0.053546015	0.17599526	-0.2720158	0.2692256	-0.037885692	0.042031866	-0.1534311	0.1480028	-0.23214199	0.044349935	-0.11536758	0.10623713	-0.10605694	0.11852032	-0.037833385	0.07987421	-0.095249526	0.10827788	-0.15832438	0.062212013	-0.054995414	0.06900829	-0.06090011	0.0542116	-0.04321004	0.06358799	-0.061529342	0.055265106	-0.058212467	0.07352376	-0.061662246	0.056153994	-0.054249715	0.07099145
-0.6751965	0.26514554	-0.171605	0.061075497	-0.06068888	1.0000005	-0.5197719	0.22064273	-0.05389755	0.042693395	-0.3767829	0.2604366	-0.057995934	0.049400724	-0.04704478	0.1548974	-0.15752989	0.048258506	-0.04639014	0.051342744	-0.022144008	0.039329972	-0.034308378	0.031584702	-0.030095138	0.018794635	-0.029119553	0.030309629	-0.03375741	0.04004185	-0.023215853	0.019613935	-0.022580076	0.0192547	-0.016472643	0.015989354	-0.022446016	0.020322967	-0.017921422	0.017835386	-0.026485981	0.021113845	-0.018934598	0.017711386	-0.023351107
0.32353526	-0.530488	0.2575128	-0.087334126	0.08306787	-0.5197719	1.0000004	-0.41518342	0.075149134	-0.058713973	0.24668956	-0.36676124	0.07972152	-0.06806334	0.063353695	-0.14732397	0.15506107	-0.064359106	0.0603597	-0.06817553	0.02565769	-0.04957522	0.043859653	-0.040938392	0.039443187	-0.021838026	0.03618918	-0.038706075	0.043337602	-0.052540407	0.028791351	-0.024477907	0.028673088	-0.02455177	0.021104408	-0.019847043	0.028111491	-0.025746807	0.022771876	-0.022826862	0.033129446	-0.026578499	0.023917437	-0.022479344	0.029629502
-0.3560412	0.3216923	-0.6861908	0.17190301	-0.17187221	0.22064273	-0.41518342	1.0000008	-0.15843366	0.11367682	-0.17112944	0.17104912	-0.16881166	0.12748443	-0.12096153	0.102840975	-0.12046568	0.111181326	-0.10690348	0.11397049	-0.035256453	0.07694354	-0.072587386	0.06861615	-0.066037394	0.029843567	-0.056596104	0.062642634	-0.072359785	0.08594386	-0.04491127	0.0382813	-0.04624908	0.0394931	-0.034136333	0.030920632	-0.044474054	0.041144207	-0.03662348	0.03673422	-0.052392285	0.042059958	-0.03822415	0.036008503	-0.04777056
0.07671394	-0.106381275	0.14865132	-0.6654786	0.32518408	-0.05389755	0.075149134	-0.15843366	1.0000007	-0.49449372	0.042853188	-0.047105595	0.17898916	-0.35487315	0.261874	-0.03314244	0.036972925	-0.1409694	0.13387647	-0.18350604	0.0360261	-0.09306777	0.088880576	-0.08915292	0.095871724	-0.0306924	0.06493315	-0.07761637	0.09021216	-0.12357378	0.05006589	-0.04442649	0.055931754	-0.048841447	0.043293733	-0.034786634	0.051450256	-0.049560115	0.044462293	-0.046316855	0.059086837	-0.049543254	0.04526825	-0.043527577	0.057183836
-0.06211706	0.07693089	-0.1075998	0.29358625	-0.5852256	0.042693395	-0.058713973	0.11367682	-0.49449372	1.0000008	-0.035028443	0.03820225	-0.17184807	0.26300094	-0.5219717	0.027996812	-0.031388965	0.12997638	-0.13352083	0.18923084	-0.035431225	0.09030729	-0.088615276	0.0881239	-0.10013213	0.030131515	-0.06431526	0.076360375	-0.09067768	0.12115906	-0.049592633	0.04383609	-0.05547023	0.04817372	-0.042874265	0.034423973	-0.050988942	0.0488996	-0.044040132	0.045595575	-0.058567096	0.04885839	-0.044845305	0.043012504	-0.05690583
0.23294917	-0.18967314	0.119620904	-0.047596715	0.048433036	-0.3767829	0.24668956	-0.17112944	0.042853188	-0.035028443	1.0000007	-0.70302194	0.052287616	-0.0427	0.04026674	-0.4447595	0.28913152	-0.047899485	0.04420213	-0.04597661	0.028847536	-0.039844412	0.033158503	-0.029929081	0.027470384	-0.024782572	0.02965181	-0.029171193	0.031954873	-0.036457535	0.02323838	-0.01980485	0.021675054	-0.018342836	0.015523105	-0.016107032	0.02213838	-0.019632442	0.01711173	-0.016844535	0.025650166	-0.020625213	0.018261537	-0.016943753	0.022168145
-0.2694035	0.19184151	-0.13329582	0.051612057	-0.053546015	0.2604366	-0.36676124	0.17104912	-0.047105595	0.03820225	-0.70302194	1.0000006	-0.05823073	0.04642694	-0.04422303	0.2857242	-0.43359676	0.05361138	-0.049490966	0.049201608	-0.028038498	0.042704355	-0.03625405	0.032604784	-0.029608145	0.02375764	-0.03163507	0.031328417	-0.0348089	0.038948294	-0.024631726	0.02099037	-0.023291033	0.019641893	-0.016637748	0.017018607	-0.02368983	0.020992747	-0.01834706	0.018016992	-0.027434742	0.021973208	-0.019559007	0.01813239	-0.023815775
0.08386881	-0.08733729	0.11680278	-0.15746802	0.17599526	-0.057995934	0.07972152	-0.16881166	0.17898916	-0.17184807	0.052287616	-0.05823073	1.0000002	-0.52470654	0.24659368	-0.050029166	0.05671316	-0.6173059	0.28481144	-0.2840624	0.05882003	-0.1651727	0.16165325	-0.17154828	0.15336816	-0.050341506	0.10773868	-0.13617414	0.15637617	-0.20321442	0.080290094	-0.07371309	0.09349365	-0.08130975	0.07114862	-0.05616641	0.084409505	-0.08266243	0.073268585	-0.07637771	0.094591394	-0.081598215	0.074322894	-0.07160521	0.09280412
-0.072997384	0.08005048	-0.11125328	0.21392372	-0.2720158	0.049400724	-0.06806334	0.12748443	-0.35487315	0.26300094	-0.0427	0.04642694	-0.52470654	1.0000004	-0.57529724	0.036737856	-0.04176767	0.24439141	-0.25653967	0.2362549	-0.04909777	0.12701985	-0.13472866	0.13569398	-0.13336079	0.041712783	-0.090203606	0.10924272	-0.13542418	0.15807088	-0.06772762	0.060858857	-0.077676445	0.066259615	-0.058232125	0.047137637	-0.070764974	0.067739606	-0.06065423	0.061765365	-0.07980643	0.06717617	-0.06189277	0.058975343	-0.07805644
0.068212666	-0.07838754	0.10241489	-0.2253543	0.2692256	-0.04704478	0.063353695	-0.12096153	0.261874	-0.5219717	0.04026674	-0.04422303	0.24659368	-0.57529724	1.0000001	-0.03475835	0.038948257	-0.20819342	0.19716026	-0.37693897	0.051442035	-0.13567089	0.13168557	-0.13574788	0.1634928	-0.043857563	0.09429735	-0.11468816	0.13518822	-0.19883385	0.07198007	-0.064532645	0.08235229	-0.07238646	0.06525635	-0.050132774	0.07474134	-0.072653435	0.06555829	-0.06920419	0.08506046	-0.07208583	0.06613707	-0.06393513	0.08404796
-0.15492453	0.10952483	-0.076572604	0.034754857	-0.037885692	0.1548974	-0.14732397	0.102840975	-0.03314244	0.027996812	-0.4447595	0.2857242	-0.050029166	0.036737856	-0.03475835	1.0000002	-0.8262718	0.053257227	-0.046553474	0.04071941	-0.042917848	0.042759936	-0.03418243	0.02976779	-0.025384627	0.035445366	-0.032421898	0.02919993	-0.031702854	0.033075176	-0.024602901	0.02119007	-0.021612132	0.017992027	-0.014977277	0.017161924	-0.022980666	0.019676656	-0.016867753	0.016267737	-0.02581097	0.020978691	-0.018279672	0.016717076	-0.021673024
0.14325187	-0.12617892	0.08451062	-0.038934615	0.042031866	-0.15752989	0.15506107	-0.12046568	0.036972925	-0.031388965	0.28913152	-0.43359676	0.05671316	-0.04176767	0.038948257	-0.8262718	1.0000004	-0.0648412	0.052518547	-0.046171866	0.039911564	-0.04824984	0.038143594	-0.033505157	0.028563732	-0.03468318	0.034749735	-0.03231131	0.035258938	-0.037308235	0.026225666	-0.022805752	0.023782318	-0.019854328	0.01658464	-0.018322073	0.024914656	-0.021579912	0.018564574	-0.01800109	0.027992997	-0.022844352	0.020008303	-0.018377261	0.02385701
-0.06943106	0.06837097	-0.08946695	0.11549826	-0.1534311	0.048258506	-0.064359106	0.111181326	-0.1409694	0.12997638	-0.047899485	0.05361138	-0.6173059	0.24439141	-0.20819342	0.053257227	-0.0648412	1.0000001	-0.6106864	0.22686683	-0.058496594	0.16083509	-0.20626327	0.20485203	-0.14515862	0.049754605	-0.10876045	0.14030617	-0.1841264	0.17243953	-0.07767373	0.072433665	-0.09390891	0.078047186	-0.06678474	0.05440552	-0.083463594	0.080623165	-0.0709859	0.07090726	-0.09108239	0.078636676	-0.07251865	0.06857002	-0.08972787
0.066425025	-0.06746335	0.083712384	-0.11913222	0.1480028	-0.04639014	0.0603597	-0.10690348	0.13387647	-0.13352083	0.04420213	-0.049490966	0.28481144	-0.25653967	0.19716026	-0.046553474	0.052518547	-0.6106864	1.0000001	-0.37499377	0.076364905	-0.23095408	0.24485773	-0.4102598	0.21329905	-0.06556403	0.14385152	-0.20083845	0.24068311	-0.26652592	0.102516934	-0.09784274	0.12743509	-0.10901448	0.09366368	-0.072249584	0.11110103	-0.11111778	0.09709473	-0.100053966	0.12056027	-0.107150696	0.09797438	-0.09414151	0.12086655
-0.07787078	0.07641107	-0.09961044	0.14981183	-0.23214199	0.051342744	-0.06817553	0.11397049	-0.18350604	0.18923084	-0.04597661	0.049201608	-0.2840624	0.2362549	-0.37693897	0.04071941	-0.046171866	0.22686683	-0.37499377	1.0000005	-0.08869126	0.20556097	-0.24262668	0.24378416	-0.5379281	0.07470565	-0.16556023	0.1915027	-0.26438868	0.3098152	-0.12598145	0.11006324	-0.14504266	0.12187417	-0.11373167	0.08718706	-0.13118613	0.1231539	-0.114152394	0.11405786	-0.14902328	0.12182673	-0.115416765	0.109280966	-0.15132084
0.02929855	-0.026318427	0.028166205	-0.032470245	0.044349935	-0.022144008	0.02565769	-0.035256453	0.0360261	-0.035431225	0.028847536	-0.028038498	0.05882003	-0.04909777	0.051442035	-0.042917848	0.039911564	-0.058496594	0.076364905	-0.08869126	1.0000004	-0.21613841	0.11100101	-0.083146006	0.06420384	-0.8971446	0.21789993	-0.12689048	0.099601366	-0.088679604	0.1736947	-0.14894396	0.09552825	-0.07804978	0.059188046	-0.12918025	0.12817769	-0.09660025	0.07448859	-0.06686064	0.13475254	-0.11664999	0.08855163	-0.07671	0.09128226
-0.057204627	0.05351534	-0.063745454	0.08097851	-0.11536758	0.039329972	-0.04957522	0.07694354	-0.09306777	0.09030729	-0.039844412	0.042704355	-0.1651727	0.12701985	-0.13567089	0.042759936	-0.04824984	0.16083509	-0.23095408	0.20556097	-0.21613841	1.0000001	-0.55342525	0.25556388	-0.16816747	0.17055497	-0.4598257	0.27449676	-0.30525756	0.2030756	-0.213542	0.22299257	-0.21324545	0.15879327	-0.12715375	0.14895031	-0.2558957	0.18308383	-0.15549447	0.13539816	-0.23514396	0.19329494	-0.17516527	0.15034544	-0.20123845
0.04977001	-0.048535798	0.05867073	-0.07874157	0.10623713	-0.034308378	0.043859653	-0.072587386	0.088880576	-0.088615276	0.033158503	-0.03625405	0.16165325	-0.13472866	0.13168557	-0.03418243	0.038143594	-0.20626327	0.24485773	-0.24262668	0.11100101	-0.55342525	1.0000001	-0.54606676	0.19693032	-0.096224144	0.21993849	-0.37451872	0.30516586	-0.24606505	0.13390729	-0.14329734	0.18435735	-0.14362843	0.112411976	-0.095889255	0.15554336	-0.15660635	0.12738658	-0.12157949	0.15487607	-0.14571077	0.13198951	-0.122183315	0.15255591
-0.046290427	0.045341548	-0.056204252	0.07721268	-0.10605694	0.031584702	-0.040938392	0.06861615	-0.08915292	0.0881239	-0.029929081	0.032604784	-0.17154828	0.13569398	-0.13574788	0.02976779	-0.033505157	0.20485203	-0.4102598	0.24378416	-0.083146006	0.25556388	-0.54606676	1.0000001	-0.29641655	0.070917755	-0.16534701	0.2586556	-0.54806834	0.25061223	-0.10688912	0.10732993	-0.15131573	0.119142935	-0.098554455	0.075896375	-0.12233582	0.12278373	-0.10591392	0.10231381	-0.124863304	0.113839746	-0.106637314	0.099678576	-0.1284149
0.045015387	-0.04420586	0.056006506	-0.08165824	0.11852032	-0.030095138	0.039443187	-0.066037394	0.095871724	-0.10013213	0.027470384	-0.029608145	0.15336816	-0.13336079	0.1634928	-0.025384627	0.028563732	-0.14515862	0.21329905	-0.5379281	0.06420384	-0.16816747	0.19693032	-0.29641655	1.0	-0.054645233	0.122443415	-0.16263185	0.22225277	-0.70627993	0.08923532	-0.08302797	0.11562254	-0.10824439	0.11377349	-0.06271626	0.09698017	-0.098507024	0.09358732	-0.111270435	0.105682366	-0.09329082	0.08836055	-0.088239126	0.11716542
-0.024987526	0.022294737	-0.023932079	0.027591398	-0.037833385	0.018794635	-0.021838026	0.029843567	-0.0306924	0.030131515	-0.024782572	0.02375764	-0.050341506	0.041712783	-0.043857563	0.035445366	-0.03468318	0.049754605	-0.06556403	0.07470565	-0.8971446	0.17055497	-0.096224144	0.070917755	-0.054645233	1.0000001	-0.28047472	0.11005772	-0.087216295	0.07490155	-0.21054177	0.14106444	-0.085357204	0.06810427	-0.051625323	0.12596163	-0.1261993	0.08550539	-0.065799035	0.0579507	-0.1314591	0.104685605	-0.07981821	0.06731527	-0.08043421
0.041767072	-0.039529093	0.045860264	-0.05795261	0.07987421	-0.029119553	0.03618918	-0.056596104	0.06493315	-0.06431526	0.02965181	-0.03163507	0.10773868	-0.090203606	0.09429735	-0.032421898	0.034749735	-0.10876045	0.14385152	-0.16556023	0.21789993	-0.4598257	0.21993849	-0.16534701	0.122443415	-0.28047472	0.99999976	-0.3049174	0.20150551	-0.16871247	0.20043631	-0.5551056	0.20175143	-0.15680473	0.115873836	-0.15747231	0.29234508	-0.20174727	0.14777641	-0.13023312	0.21120544	-0.23143172	0.17499775	-0.14936267	0.17403099
-0.04453619	0.042625554	-0.05159273	0.0679369	-0.095249526	0.030309629	-0.038706075	0.062642634	-0.07761637	0.076360375	-0.029171193	0.031328417	-0.13617414	0.10924272	-0.11468816	0.02919993	-0.03231131	0.14030617	-0.20083845	0.1915027	-0.12689048	0.27449676	-0.37451872	0.2586556	-0.16263185	0.11005772	-0.3049174	0.9999997	-0.5390516	0.20503151	-0.16375396	0.18399891	-0.47268814	0.21178785	-0.15535542	0.1191499	-0.21134426	0.2387341	-0.1938475	0.15681767	-0.19307923	0.19085425	-0.19829322	0.1690024	-0.21490648
0.049300615	-0.048336998	0.058708366	-0.08004769	0.10827788	-0.03375741	0.043337602	-0.072359785	0.09021216	-0.09067768	0.031954873	-0.0348089	0.15637617	-0.13542418	0.13518822	-0.031702854	0.035258938	-0.1841264	0.24068311	-0.26438868	0.099601366	-0.30525756	0.30516586	-0.54806834	0.22225277	-0.087216295	0.20150551	-0.5390516	0.99999994	-0.31699476	0.13189012	-0.14036523	0.21872018	-0.17968725	0.13262843	-0.09532454	0.15466768	-0.18017064	0.14666939	-0.14172578	0.15569606	-0.15469256	0.14350793	-0.13739666	0.1669655
-0.060672317	0.05819039	-0.07417524	0.10356246	-0.15832438	0.04004185	-0.052540407	0.08594386	-0.12357378	0.12115906	-0.036457535	0.038948294	-0.20321442	0.15807088	-0.19883385	0.033075176	-0.037308235	0.17243953	-0.26652592	0.3098152	-0.088679604	0.2030756	-0.24606505	0.25061223	-0.70627993	0.07490155	-0.16871247	0.20503151	-0.31699476	0.99999976	-0.12611996	0.11342706	-0.16207163	0.14973806	-0.18729143	0.08809364	-0.13560686	0.13478689	-0.13390978	0.15331897	-0.14987963	0.12836674	-0.12452241	0.12368909	-0.17222042
0.033593774	-0.031582266	0.036311515	-0.04495067	0.062212013	-0.023215853	0.028791351	-0.04491127	0.05006589	-0.049592633	0.02323838	-0.024631726	0.080290094	-0.06772762	0.07198007	-0.024602901	0.026225666	-0.07767373	0.102516934	-0.12598145	0.1736947	-0.213542	0.13390729	-0.10688912	0.08923532	-0.21054177	0.20043631	-0.16375396	0.13189012	-0.12611996	0.9999996	-0.21110004	0.14184684	-0.12073792	0.090989366	-0.7202438	0.21811105	-0.15564312	0.11791484	-0.10436034	0.3158677	-0.22469498	0.15096608	-0.12664925	0.14523861
-0.028366467	0.026728662	-0.031217678	0.03945871	-0.054995414	0.019613935	-0.024477907	0.0382813	-0.04442649	0.04383609	-0.01980485	0.02099037	-0.07371309	0.060858857	-0.064532645	0.02119007	-0.022805752	0.072433665	-0.09784274	0.11006324	-0.14894396	0.22299257	-0.14329734	0.10732993	-0.08302797	0.14106444	-0.5551056	0.18399891	-0.14036523	0.11342706	-0.21110004	0.99999976	-0.19220014	0.1290585	-0.09473558	0.16691725	-0.68261284	0.18375255	-0.1311731	0.10379029	-0.20580353	0.21771672	-0.17392236	0.12715414	-0.15017854
0.033135325	-0.03170107	0.0378846	-0.049459778	0.06900829	-0.022580076	0.028673088	-0.04624908	0.055931754	-0.05547023	0.021675054	-0.023291033	0.09349365	-0.077676445	0.08235229	-0.021612132	0.023782318	-0.09390891	0.12743509	-0.14504266	0.09552825	-0.21324545	0.18435735	-0.15131573	0.11562254	-0.085357204	0.20175143	-0.47268814	0.21872018	-0.16207163	0.14184684	-0.19220014	0.9999995	-0.43397638	0.19799647	-0.10985492	0.20306745	-0.55487114	0.26788482	-0.21250126	0.17493401	-0.23934153	0.24431458	-0.22398978	0.22899933
-0.028457869	0.027106132	-0.03268014	0.04279745	-0.06090011	0.0192547	-0.02455177	0.0394931	-0.048841447	0.04817372	-0.018342836	0.019641893	-0.08130975	0.066259615	-0.07238646	0.017992027	-0.019854328	0.078047186	-0.10901448	0.12187417	-0.07804978	0.15879327	-0.14362843	0.119142935	-0.10824439	0.06810427	-0.15680473	0.21178785	-0.17968725	0.14973806	-0.12073792	0.1290585	-0.43397638	0.9999997	-0.4914952	0.09021463	-0.15693046	0.2635565	-0.5420143	0.29292622	-0.15065902	0.17764005	-0.20432338	0.2590466	-0.3207818
0.024444344	-0.023364624	0.028402887	-0.037733678	0.0542116	-0.016472643	0.021104408	-0.034136333	0.043293733	-0.042874265	0.015523105	-0.016637748	0.07114862	-0.058232125	0.06525635	-0.014977277	0.01658464	-0.06678474	0.09366368	-0.11373167	0.059188046	-0.12715375	0.112411976	-0.098554455	0.11377349	-0.051625323	0.115873836	-0.15535542	0.13262843	-0.18729143	0.090989366	-0.09473558	0.19799647	-0.4914952	0.9999997	-0.06770484	0.11215909	-0.17457318	0.2444855	-0.74982667	0.11295908	-0.13463879	0.13896583	-0.20278351	0.2459801
-0.023127846	0.021726066	-0.025059883	0.031151213	-0.04321004	0.015989354	-0.019847043	0.030920632	-0.034786634	0.034423973	-0.016107032	0.017018607	-0.05616641	0.047137637	-0.050132774	0.017161924	-0.018322073	0.05440552	-0.072249584	0.08718706	-0.12918025	0.14895031	-0.095889255	0.075896375	-0.06271626	0.12596163	-0.15747231	0.1191499	-0.09532454	0.08809364	-0.7202438	0.16691725	-0.10985492	0.09021463	-0.06770484	0.99999934	-0.24074714	0.12250024	-0.090867065	0.076917656	-0.5578576	0.18929629	-0.12792385	0.0963898	-0.11024822
0.032597266	-0.030920377	0.036145125	-0.045894414	0.06358799	-0.022446016	0.028111491	-0.044474054	0.051450256	-0.050988942	0.02213838	-0.02368983	0.084409505	-0.070764974	0.07474134	-0.022980666	0.024914656	-0.083463594	0.11110103	-0.13118613	0.12817769	-0.2558957	0.15554336	-0.12233582	0.09698017	-0.1261993	0.29234508	-0.21134426	0.15466768	-0.13560686	0.21811105	-0.68261284	0.20306745	-0.15693046	0.11215909	-0.24074714	0.99999946	-0.2724863	0.15915164	-0.1269766	0.23844472	-0.37802276	0.22322474	-0.16262701	0.17510499
-0.029857373	0.028362911	-0.03382079	0.04371374	-0.061529342	0.020322967	-0.025746807	0.041144207	-0.049560115	0.0488996	-0.019632442	0.020992747	-0.08266243	0.067739606	-0.072653435	0.019676656	-0.021579912	0.080623165	-0.11111778	0.1231539	-0.09660025	0.18308383	-0.15660635	0.12278373	-0.098507024	0.08550539	-0.20174727	0.2387341	-0.18017064	0.13478689	-0.15564312	0.18375255	-0.55487114	0.2635565	-0.17457318	0.12250024	-0.2724863	0.9999996	-0.39745927	0.18296431	-0.2008181	0.27370712	-0.49935886	0.25450125	-0.2581447
0.026404623	-0.025181318	0.030121813	-0.039231718	0.055265106	-0.017921422	0.022771876	-0.03662348	0.044462293	-0.044040132	0.01711173	-0.01834706	0.073268585	-0.06065423	0.06555829	-0.016867753	0.018564574	-0.0709859	0.09709473	-0.114152394	0.07448859	-0.15549447	0.12738658	-0.10591392	0.09358732	-0.065799035	0.14777641	-0.1938475	0.14666939	-0.13390978	0.11791484	-0.1311731	0.26788482	-0.5420143	0.2444855	-0.090867065	0.15915164	-0.39745927	0.9999999	-0.31502697	0.1498797	-0.21024252	0.2402076	-0.5422174	0.30118036
-0.026500478	0.025213609	-0.030616095	0.040333964	-0.058212467	0.017835386	-0.022826862	0.03673422	-0.046316855	0.045595575	-0.016844535	0.018016992	-0.07637771	0.061765365	-0.06920419	0.016267737	-0.01800109	0.07090726	-0.100053966	0.11405786	-0.06686064	0.13539816	-0.12157949	0.10231381	-0.111270435	0.0579507	-0.13023312	0.15681767	-0.14172578	0.15331897	-0.10436034	0.10379029	-0.21250126	0.29292622	-0.74982667	0.076917656	-0.1269766	0.18296431	-0.31502697	0.99999994	-0.12999304	0.1470134	-0.16037828	0.22908711	-0.41201198
0.03873852	-0.03659395	0.0424516	-0.052999064	0.07352376	-0.026485981	0.033129446	-0.052392285	0.059086837	-0.058567096	0.025650166	-0.027434742	0.094591394	-0.07980643	0.08506046	-0.02581097	0.027992997	-0.09108239	0.12056027	-0.14902328	0.13475254	-0.23514396	0.15487607	-0.124863304	0.105682366	-0.1314591	0.21120544	-0.19307923	0.15569606	-0.14987963	0.3158677	-0.20580353	0.17493401	-0.15065902	0.11295908	-0.5578576	0.23844472	-0.2008181	0.1498797	-0.12999304	1.0000001	-0.3888609	0.21216053	-0.16575658	0.18352698
-0.030918786	0.02920994	-0.034464877	0.04388789	-0.061662246	0.021113845	-0.026578499	0.042059958	-0.049543254	0.04885839	-0.020625213	0.021973208	-0.081598215	0.06717617	-0.07208583	0.020978691	-0.022844352	0.078636676	-0.107150696	0.12182673	-0.11664999	0.19329494	-0.14571077	0.113839746	-0.09329082	0.104685605	-0.23143172	0.19085425	-0.15469256	0.12836674	-0.22469498	0.21771672	-0.23934153	0.17764005	-0.13463879	0.18929629	-0.37802276	0.27370712	-0.21024252	0.1470134	-0.3888609	1.0000002	-0.6374511	0.22374804	-0.25474244
0.027773088	-0.026409583	0.031259768	-0.0401777	0.056153994	-0.018934598	0.023917437	-0.03822415	0.04526825	-0.044845305	0.018261537	-0.019559007	0.074322894	-0.06189277	0.06613707	-0.018279672	0.020008303	-0.07251865	0.09797438	-0.115416765	0.08855163	-0.17516527	0.13198951	-0.106637314	0.08836055	-0.07981821	0.17499775	-0.19829322	0.14350793	-0.12452241	0.15096608	-0.17392236	0.24431458	-0.20432338	0.13896583	-0.12792385	0.22322474	-0.49935886	0.2402076	-0.16037828	0.21216053	-0.6374511	0.99999994	-0.3597712	0.24257234
-0.026114643	0.02482339	-0.029646166	0.038395915	-0.054249715	0.017711386	-0.022479344	0.036008503	-0.043527577	0.043012504	-0.016943753	0.01813239	-0.07160521	0.058975343	-0.06393513	0.016717076	-0.018377261	0.06857002	-0.09414151	0.109280966	-0.07671	0.15034544	-0.122183315	0.099678576	-0.088239126	0.06731527	-0.14936267	0.1690024	-0.13739666	0.12368909	-0.12664925	0.12715414	-0.22398978	0.2590466	-0.20278351	0.0963898	-0.16262701	0.25450125	-0.5422174	0.22908711	-0.16575658	0.22374804	-0.3597712	0.9999999	-0.62891
0.03440102	-0.032874115	0.03910778	-0.050769694	0.07099145	-0.023351107	0.029629502	-0.04777056	0.057183836	-0.05690583	0.022168145	-0.023815775	0.09280412	-0.07805644	0.08404796	-0.021673024	0.02385701	-0.08972787	0.12086655	-0.15132084	0.09128226	-0.20123845	0.15255591	-0.1284149	0.11716542	-0.08043421	0.17403099	-0.21490648	0.1669655	-0.17222042	0.14523861	-0.15017854	0.22899933	-0.3207818	0.2459801	-0.11024822	0.17510499	-0.2581447	0.30118036	-0.41201198	0.18352698	-0.25474244	0.24257234	-0.62891	0.9999999
