1.0000001	-0.65352225	0.25217345	-0.1717762	0.1238907	-0.571368	0.30491483	-0.24228792	0.1864826	-0.13864812	0.097865574	-0.18113361	0.15744789	-0.12584516	0.14448187	-0.09410292	0.18108204	-0.13660058	0.13057347	-0.08334752	0.07944996	-0.12268377	0.1266523	-0.11538113	0.07504297	-0.08108426	0.11371254	-0.06433896	0.02897032	-0.028670764	0.066749536	-0.06587486	0.06477396	-0.039143514	0.040889323	-0.06086559	0.075574435	-0.055760033	0.03424684	-0.041331846	0.060229354	-0.048002396	0.03966723	-0.04246883	0.04829403
-0.65352225	1.0000002	-0.41367474	0.186533	-0.13916133	0.31702805	-0.46096578	0.24255398	-0.21264027	0.1433773	-0.09345521	0.19109759	-0.16823599	0.12864773	-0.15231137	0.08573282	-0.2108958	0.13764368	-0.13483305	0.082640186	-0.077176504	0.11952666	-0.12788089	0.11281575	-0.0753625	0.07678001	-0.11333662	0.06273417	-0.028228816	0.027847275	-0.06482579	0.06393324	-0.06364884	0.037082825	-0.03890486	0.05822066	-0.073337145	0.051746678	-0.032065067	0.038503166	-0.05715027	0.04524298	-0.03718646	0.039606407	-0.045019355
0.25217345	-0.41367474	1.0000002	-0.5366259	0.2448531	-0.25278535	0.23186801	-0.39209157	0.2999851	-0.26869777	0.08991327	-0.17271353	0.20434275	-0.17781337	0.20419735	-0.087126166	0.17769435	-0.17994757	0.17124835	-0.11238506	0.08818072	-0.14466348	0.16121416	-0.15315656	0.099513724	-0.091072835	0.13548309	-0.08153779	0.037720058	-0.037420306	0.080830224	-0.08033228	0.081679225	-0.050708383	0.052918755	-0.07474245	0.093290955	-0.07255928	0.04448576	-0.05392806	0.0763542	-0.061008625	0.051110063	-0.05509099	0.06307625
-0.1717762	0.186533	-0.5366259	1.0000001	-0.556877	0.15368012	-0.15107307	0.24783105	-0.47083384	0.3007349	-0.06218832	0.11771393	-0.1614698	0.15185611	-0.19732818	0.05927141	-0.1286125	0.1341608	-0.13832408	0.08711087	-0.06218931	0.1015347	-0.12267934	0.11385402	-0.07824522	0.063278794	-0.09751038	0.058950968	-0.027746381	0.027410224	-0.05727505	0.056932915	-0.05962455	0.03538487	-0.03716227	0.052215576	-0.06607479	0.049091835	-0.030486902	0.036724806	-0.052833658	0.041919038	-0.034961306	0.037500493	-0.042944875
0.1238907	-0.13916133	0.2448531	-0.556877	0.99999964	-0.1249552	0.11595727	-0.20115969	0.2803742	-0.6988879	0.05274472	-0.09888273	0.13857688	-0.15669894	0.19914721	-0.05092635	0.10575594	-0.12207365	0.12458095	-0.083767615	0.054655813	-0.091093004	0.10917423	-0.10766517	0.0725683	-0.05626204	0.08593226	-0.053369	0.025488533	-0.025294837	0.05110251	-0.050972823	0.053436402	-0.03250399	0.03400913	-0.04706797	0.05911917	-0.045491166	0.028119007	-0.033989254	0.048014153	-0.0383157	0.032122377	-0.034623127	0.039634388
-0.571368	0.31702805	-0.25278535	0.15368012	-0.1249552	0.99999946	-0.6186922	0.2461196	-0.21243697	0.13321717	-0.13231665	0.22704898	-0.18359545	0.13396361	-0.15839061	0.11202849	-0.25877407	0.14697315	-0.14431143	0.08658241	-0.09015502	0.13244045	-0.13779734	0.11859633	-0.07960447	0.0879027	-0.12590256	0.06722478	-0.029817976	0.029369086	-0.07120343	0.06985226	-0.068439364	0.038979925	-0.040938392	0.063189775	-0.07954892	0.054004073	-0.033559766	0.04015069	-0.060810618	0.048013024	-0.03910766	0.041448206	-0.046902463
0.30491483	-0.46096578	0.23186801	-0.15107307	0.11595727	-0.6186922	0.9999995	-0.37220007	0.2012538	-0.12962568	0.11555808	-0.36469796	0.19058248	-0.1343165	0.14689301	-0.107480794	0.24857916	-0.15144603	0.13620365	-0.08265293	0.08202604	-0.12710433	0.12759249	-0.113576956	0.07450785	-0.08173842	0.11345149	-0.062151346	0.027606852	-0.027283367	0.06449983	-0.06368655	0.062451597	-0.035915673	0.037563436	-0.057757974	0.07179206	-0.049939316	0.030930234	-0.03707857	0.055295877	-0.043998107	0.03589124	-0.038204756	0.043086562
-0.24228792	0.24255398	-0.39209157	0.24783105	-0.20115969	0.2461196	-0.37220007	0.9999992	-0.53144723	0.222941	-0.10081322	0.21148223	-0.41930243	0.22404493	-0.2553642	0.09326561	-0.22868267	0.23106773	-0.22268334	0.12502915	-0.09208104	0.14870927	-0.18873134	0.16501686	-0.114108495	0.09188059	-0.14104787	0.08466629	-0.03915359	0.038567312	-0.08099922	0.08057851	-0.085706435	0.048295036	-0.05081665	0.07270684	-0.092287496	0.065348424	-0.040955167	0.04902945	-0.071722575	0.056803335	-0.04693791	0.05012412	-0.05707484
0.1864826	-0.21264027	0.2999851	-0.47083384	0.2803742	-0.21243697	0.2012538	-0.53144723	0.99999917	-0.4405204	0.08214075	-0.1611379	0.22779697	-0.22866638	0.23687452	-0.07937142	0.1659693	-0.1937989	0.1821049	-0.11707023	0.08137732	-0.1350629	0.15971401	-0.15497993	0.102191776	-0.083647184	0.12569208	-0.07758439	0.036450367	-0.03617469	0.07445044	-0.074259356	0.07743852	-0.046732586	0.04884481	-0.06843495	0.08567584	-0.065387204	0.040403422	-0.048803058	0.069209665	-0.055286717	0.046207856	-0.04976667	0.056827944
-0.13864812	0.1433773	-0.26869777	0.3007349	-0.6988879	0.13321717	-0.12962568	0.222941	-0.4405204	0.9999996	-0.05899987	0.111603916	-0.17234397	0.1948887	-0.3395349	0.05633861	-0.12234516	0.14256243	-0.15491667	0.09943077	-0.060859654	0.100797	-0.12806213	0.12247612	-0.08798954	0.061928734	-0.09648233	0.059962455	-0.029065713	0.028719874	-0.05664242	0.05649675	-0.060518116	0.03550779	-0.037341002	0.051572204	-0.0653886	0.048486236	-0.030279085	0.036412343	-0.052094642	0.04135912	-0.03453489	0.037080448	-0.042439904
0.097865574	-0.09345521	0.08991327	-0.06218832	0.05274472	-0.13231665	0.11555808	-0.10081322	0.08214075	-0.05899987	0.99999934	-0.22571157	0.09868775	-0.07241243	0.07924361	-0.8969687	0.17653975	-0.088821046	0.080995314	-0.053008337	0.1962074	-0.15118031	0.094045445	-0.0795118	0.0481428	-0.19915982	0.12220388	-0.055240266	0.021265086	-0.021079814	0.08063229	-0.073944665	0.054880306	-0.030637875	0.031475496	-0.070109524	0.07472888	-0.044949166	0.027067896	-0.032086812	0.053865075	-0.043819483	0.033015892	-0.034362245	0.03646508
-0.18113361	0.19109759	-0.17271353	0.11771393	-0.09888273	0.22704898	-0.36469796	0.21148223	-0.1611379	0.111603916	-0.22571157	0.99999964	-0.27911174	0.15100874	-0.15543148	0.17123382	-0.76348937	0.19201116	-0.15979862	0.092535034	-0.116147906	0.17684245	-0.15266801	0.1296735	-0.08351937	0.110084236	-0.15022089	0.073262185	-0.03110814	0.030729618	-0.08015546	0.07885246	-0.073309764	0.040297505	-0.042016406	0.06991377	-0.08641368	0.055578265	-0.034466635	0.041047487	-0.063566506	0.050634593	-0.040397584	0.042639744	-0.047336556
0.15744789	-0.16823599	0.20434275	-0.1614698	0.13857688	-0.18359545	0.19058248	-0.41930243	0.22779697	-0.17234397	0.09868775	-0.27911174	0.9999998	-0.4497993	0.26933166	-0.095009066	0.22744016	-0.5632377	0.2864389	-0.15643387	0.09205092	-0.16096583	0.21517411	-0.2074956	0.13225332	-0.093585916	0.13932295	-0.09240814	0.04258837	-0.042348664	0.08059488	-0.08142766	0.0894483	-0.05002876	0.0521967	-0.073091924	0.091182314	-0.066613026	0.04181958	-0.050088942	0.071163595	-0.057117235	0.04730278	-0.050904315	0.05747879
-0.12584516	0.12864773	-0.17781337	0.15185611	-0.15669894	0.13396361	-0.1343165	0.22404493	-0.22866638	0.1948887	-0.07241243	0.15100874	-0.4497993	0.9999994	-0.6862035	0.06883376	-0.16241723	0.26555648	-0.38618422	0.1677701	-0.07465337	0.12846552	-0.18759748	0.1917174	-0.14329188	0.07552643	-0.11803705	0.07883472	-0.04011261	0.039690144	-0.068487875	0.06905921	-0.0782791	0.043795466	-0.046065636	0.061891023	-0.07830381	0.05713672	-0.03621516	0.0432933	-0.061156645	0.048827797	-0.040692132	0.043804158	-0.04976742
0.14448187	-0.15231137	0.20419735	-0.19732818	0.19914721	-0.15839061	0.14689301	-0.2553642	0.23687452	-0.3395349	0.07924361	-0.15543148	0.26933166	-0.6862035	0.9999994	-0.077340916	0.16053826	-0.25186762	0.26125404	-0.21238664	0.08555943	-0.14968015	0.1931617	-0.22188437	0.15708733	-0.088589564	0.13478306	-0.090371616	0.046423983	-0.046500776	0.080223575	-0.08095468	0.08843688	-0.053041693	0.05536207	-0.07402044	0.09232692	-0.07166218	0.044742003	-0.053939924	0.074528135	-0.059956092	0.050345093	-0.054549135	0.06201014
-0.09410292	0.08573282	-0.087126166	0.05927141	-0.05092635	0.11202849	-0.107480794	0.09326561	-0.07937142	0.05633861	-0.8969687	0.17123382	-0.095009066	0.06883376	-0.077340916	0.9999989	-0.18571714	0.084246345	-0.078959174	0.050742608	-0.26794603	0.14256448	-0.09262811	0.0757398	-0.04656795	0.18145876	-0.12498781	0.053540748	-0.020556064	0.020321168	-0.079872884	0.07182171	-0.05389358	0.02948691	-0.030413413	0.06682858	-0.07399633	0.042850506	-0.025953343	0.03069084	-0.052504893	0.04211267	-0.031770945	0.03288284	-0.035064086
0.18108204	-0.2108958	0.17769435	-0.1286125	0.10575594	-0.25877407	0.24857916	-0.22868267	0.1659693	-0.12234516	0.17653975	-0.76348937	0.22744016	-0.16241723	0.16053826	-0.18571714	0.99999917	-0.23954126	0.17299038	-0.10709557	0.13239017	-0.26291484	0.17418376	-0.15443368	0.09464674	-0.13199666	0.17429174	-0.0864077	0.03617814	-0.035902735	0.09319204	-0.09314876	0.084868744	-0.047593214	0.04933264	-0.08273379	0.100196205	-0.066415645	0.04090934	-0.04886269	0.074513	-0.059996825	0.047852103	-0.050741486	0.056056198
-0.13660058	0.13764368	-0.17994757	0.1341608	-0.12207365	0.14697315	-0.15144603	0.23106773	-0.1937989	0.14256243	-0.088821046	0.19201116	-0.5632377	0.26555648	-0.25186762	0.084246345	-0.23954126	0.99999905	-0.5631569	0.1883485	-0.09449995	0.17011842	-0.35617608	0.25269675	-0.17166153	0.093973026	-0.151115	0.10993429	-0.04978839	0.048937947	-0.085593164	0.087283716	-0.10776486	0.053761	-0.05654687	0.0760048	-0.09691973	0.06720638	-0.043289818	0.05125707	-0.073146425	0.05836248	-0.048277147	0.051789112	-0.058531497
0.13057347	-0.13483305	0.17124835	-0.13832408	0.12458095	-0.14431143	0.13620365	-0.22268334	0.1821049	-0.15491667	0.080995314	-0.15979862	0.2864389	-0.38618422	0.26125404	-0.078959174	0.17299038	-0.5631569	0.999999	-0.36284834	0.09219861	-0.1689522	0.27276024	-0.41064528	0.2397921	-0.094328575	0.14804085	-0.109669656	0.059655286	-0.059849925	0.08657943	-0.088483326	0.10544858	-0.05848696	0.06132355	-0.07860777	0.098918244	-0.07350595	0.047127888	-0.056208372	0.07726372	-0.062134102	0.05204172	-0.05637593	0.06377409
-0.08334752	0.082640186	-0.11238506	0.08711087	-0.083767615	0.08658241	-0.08265293	0.12502915	-0.11707023	0.09943077	-0.053008337	0.092535034	-0.15643387	0.1677701	-0.21238664	0.050742608	-0.10709557	0.1883485	-0.36284834	0.999999	-0.066672765	0.11866355	-0.23470856	0.27794006	-0.80918	0.066820115	-0.11383172	0.08898666	-0.08507959	0.08283581	-0.066401556	0.06788157	-0.09026712	0.051424798	-0.056103036	0.058972735	-0.076617725	0.05566807	-0.038025126	0.044600703	-0.0586909	0.046670627	-0.03988773	0.043469794	-0.049734812
0.07944996	-0.077176504	0.08818072	-0.06218931	0.054655813	-0.09015502	0.08202604	-0.09208104	0.08137732	-0.060859654	0.1962074	-0.116147906	0.09205092	-0.07465337	0.08555943	-0.26794603	0.13239017	-0.09449995	0.09219861	-0.066672765	0.9999988	-0.3679003	0.13906246	-0.10963388	0.06132511	-0.798231	0.24504966	-0.09427933	0.03206568	-0.03184346	0.17861459	-0.15454659	0.09280072	-0.049692046	0.050353967	-0.14717223	0.14081682	-0.07507928	0.044498052	-0.05226258	0.09574509	-0.07880287	0.056157492	-0.05750676	0.05851917
-0.12268377	0.11952666	-0.14466348	0.1015347	-0.091093004	0.13244045	-0.12710433	0.14870927	-0.1350629	0.100797	-0.15118031	0.17684245	-0.16096583	0.12846552	-0.14968015	0.14256448	-0.26291484	0.17011842	-0.1689522	0.11866355	-0.3679003	0.9999989	-0.35515255	0.20161134	-0.1133208	0.26248908	-0.643184	0.16094872	-0.054375723	0.053376246	-0.21294783	0.21682444	-0.16271316	0.07741162	-0.07993704	0.16800615	-0.22102733	0.10687355	-0.06613542	0.07725586	-0.13746119	0.10874344	-0.081207424	0.08285049	-0.0882623
0.1266523	-0.12788089	0.16121416	-0.12267934	0.10917423	-0.13779734	0.12759249	-0.18873134	0.15971401	-0.12806213	0.094045445	-0.15266801	0.21517411	-0.18759748	0.1931617	-0.09262811	0.17418376	-0.35617608	0.27276024	-0.23470856	0.13906246	-0.35515255	0.9999991	-0.610854	0.21244714	-0.14139915	0.22881731	-0.27175725	0.07819265	-0.07804105	0.12950467	-0.14005841	0.19768406	-0.08658147	0.08829543	-0.11602264	0.14451206	-0.1012635	0.06631224	-0.07782824	0.106921345	-0.08720638	0.0719243	-0.077893674	0.08636482
-0.11538113	0.11281575	-0.15315656	0.11385402	-0.10766517	0.11859633	-0.113576956	0.16501686	-0.15497993	0.12247612	-0.0795118	0.1296735	-0.2074956	0.1917174	-0.22188437	0.0757398	-0.15443368	0.25269675	-0.41064528	0.27794006	-0.10963388	0.20161134	-0.610854	0.9999992	-0.4351982	0.10739418	-0.19311789	0.1576123	-0.088490225	0.084057085	-0.108866036	0.11216117	-0.16048124	0.07372873	-0.07896556	0.094517924	-0.12465464	0.08274552	-0.05579852	0.065046124	-0.091088064	0.07206488	-0.060182117	0.06461872	-0.07354157
0.07504297	-0.0753625	0.099513724	-0.07824522	0.0725683	-0.07960447	0.07450785	-0.114108495	0.102191776	-0.08798954	0.0481428	-0.08351937	0.13225332	-0.14329188	0.15708733	-0.04656795	0.09464674	-0.17166153	0.2397921	-0.80918	0.06132511	-0.1133208	0.21244714	-0.4351982	0.9999992	-0.06231277	0.10319055	-0.08549438	0.09119314	-0.102015056	0.06094916	-0.06281838	0.08303664	-0.050745003	0.054712705	-0.05484469	0.07018061	-0.05358549	0.03675993	-0.04326104	0.05473036	-0.043967873	0.037897762	-0.041725773	0.0474052
-0.08108426	0.07678001	-0.091072835	0.063278794	-0.05626204	0.0879027	-0.08173842	0.09188059	-0.083647184	0.061928734	-0.19915982	0.110084236	-0.093585916	0.07552643	-0.088589564	0.18145876	-0.13199666	0.093973026	-0.094328575	0.066820115	-0.798231	0.26248908	-0.14139915	0.10739418	-0.06231277	0.99999917	-0.33257198	0.10329211	-0.034425464	0.034017142	-0.27296603	0.18268225	-0.10628749	0.054472398	-0.05552257	0.16664839	-0.17479809	0.08192718	-0.04887354	0.05702744	-0.11325808	0.089082114	-0.063049465	0.063289374	-0.064583756
0.11371254	-0.11333662	0.13548309	-0.09751038	0.08593226	-0.12590256	0.11345149	-0.14104787	0.12569208	-0.09648233	0.12220388	-0.15022089	0.13932295	-0.11803705	0.13478306	-0.12498781	0.17429174	-0.151115	0.14804085	-0.11383172	0.24504966	-0.643184	0.22881731	-0.19311789	0.10319055	-0.33257198	0.999999	-0.19945869	0.05846231	-0.058442496	0.24085715	-0.38666427	0.17857799	-0.090332136	0.09002154	-0.21843223	0.24148068	-0.13178353	0.07863244	-0.09258461	0.15458533	-0.13365158	0.096304566	-0.10032203	0.1020995
-0.06433896	0.06273417	-0.08153779	0.058950968	-0.053369	0.06722478	-0.062151346	0.08466629	-0.07758439	0.059962455	-0.055240266	0.073262185	-0.09240814	0.07883472	-0.090371616	0.053540748	-0.0864077	0.10993429	-0.109669656	0.08898666	-0.09427933	0.16094872	-0.27175725	0.1576123	-0.08549438	0.10329211	-0.19945869	0.99999917	-0.124713235	0.10766778	-0.15882324	0.19276674	-0.85777277	0.13940121	-0.14330043	0.12652722	-0.17839168	0.10737028	-0.08588311	0.091141626	-0.1122417	0.09106958	-0.07879243	0.08581872	-0.097377725
0.02897032	-0.028228816	0.037720058	-0.027746381	0.025488533	-0.029817976	0.027606852	-0.03915359	0.036450367	-0.029065713	0.021265086	-0.03110814	0.04258837	-0.04011261	0.046423983	-0.020556064	0.03617814	-0.04978839	0.059655286	-0.08507959	0.03206568	-0.054375723	0.07819265	-0.088490225	0.09119314	-0.034425464	0.05846231	-0.124713235	0.99999917	-0.9513117	0.045008887	-0.049213078	0.10469759	-0.16359878	0.1545112	-0.042124428	0.054475963	-0.07544827	0.073240966	-0.08181681	0.052416015	-0.044091623	0.049305744	-0.06292683	0.07003796
-0.028670764	0.027847275	-0.037420306	0.027410224	-0.025294837	0.029369086	-0.027283367	0.038567312	-0.03617469	0.028719874	-0.021079814	0.030729618	-0.042348664	0.039690144	-0.046500776	0.020321168	-0.035902735	0.048937947	-0.059849925	0.08283581	-0.03184346	0.053376246	-0.07804105	0.084057085	-0.102015056	0.034017142	-0.058442496	0.10766778	-0.9513117	0.9999991	-0.045038585	0.048754286	-0.10562825	0.14325498	-0.18302818	0.04174054	-0.054605648	0.07181049	-0.07081998	0.07833026	-0.052044056	0.04319486	-0.048176493	0.06033245	-0.069871366
0.066749536	-0.06482579	0.080830224	-0.05727505	0.05110251	-0.07120343	0.06449983	-0.08099922	0.07445044	-0.05664242	0.08063229	-0.08015546	0.08059488	-0.068487875	0.080223575	-0.079872884	0.09319204	-0.085593164	0.08657943	-0.066401556	0.17861459	-0.21294783	0.12950467	-0.108866036	0.06094916	-0.27296603	0.24085715	-0.15882324	0.045008887	-0.045038585	0.99999946	-0.58150566	0.15760899	-0.081818566	0.079973444	-0.6004412	0.3182741	-0.13603255	0.07692953	-0.08885229	0.20132412	-0.16994265	0.10535636	-0.104618184	0.09640949
-0.06587486	0.06393324	-0.08033228	0.056932915	-0.050972823	0.06985226	-0.06368655	0.08057851	-0.074259356	0.05649675	-0.073944665	0.07885246	-0.08142766	0.06905921	-0.08095468	0.07182171	-0.09314876	0.087283716	-0.088483326	0.06788157	-0.15454659	0.21682444	-0.14005841	0.11216117	-0.06281838	0.18268225	-0.38666427	0.19276674	-0.049213078	0.048754286	-0.58150566	0.9999993	-0.25707844	0.08538289	-0.08391029	0.30107662	-0.5504102	0.123327605	-0.07414344	0.0841535	-0.18356867	0.15419064	-0.10024214	0.09632922	-0.093126245
0.06477396	-0.06364884	0.081679225	-0.05962455	0.053436402	-0.068439364	0.062451597	-0.085706435	0.07743852	-0.060518116	0.054880306	-0.073309764	0.0894483	-0.0782791	0.08843688	-0.05389358	0.084868744	-0.10776486	0.10544858	-0.09026712	0.09280072	-0.16271316	0.19768406	-0.16048124	0.08303664	-0.10628749	0.17857799	-0.85777277	0.10469759	-0.10562825	0.15760899	-0.25707844	0.9999989	-0.17414917	0.1419727	-0.13539904	0.1723703	-0.11797864	0.092507765	-0.09858119	0.11299491	-0.095807	0.08250571	-0.09228594	0.100077964
-0.039143514	0.037082825	-0.050708383	0.03538487	-0.03250399	0.038979925	-0.035915673	0.048295036	-0.046732586	0.03550779	-0.030637875	0.040297505	-0.05002876	0.043795466	-0.053041693	0.02948691	-0.047593214	0.053761	-0.05848696	0.051424798	-0.049692046	0.07741162	-0.08658147	0.07372873	-0.050745003	0.054472398	-0.090332136	0.13940121	-0.16359878	0.14325498	-0.081818566	0.08538289	-0.17414917	0.9999989	-0.790249	0.083585225	-0.10673528	0.2228172	-0.40221655	0.26858288	-0.13943204	0.11526697	-0.15863515	0.20274866	-0.24665102
0.040889323	-0.03890486	0.052918755	-0.03716227	0.03400913	-0.040938392	0.037563436	-0.05081665	0.04884481	-0.037341002	0.031475496	-0.042016406	0.0521967	-0.046065636	0.05536207	-0.030413413	0.04933264	-0.05654687	0.06132355	-0.056103036	0.050353967	-0.07993704	0.08829543	-0.07896556	0.054712705	-0.05552257	0.09002154	-0.14330043	0.1545112	-0.18302818	0.079973444	-0.08391029	0.1419727	-0.790249	0.9999984	-0.08373728	0.104097776	-0.26319933	0.2780991	-0.37133718	0.13525584	-0.120107815	0.15685049	-0.22374044	0.22990221
-0.06086559	0.05822066	-0.07474245	0.052215576	-0.04706797	0.063189775	-0.057757974	0.07270684	-0.06843495	0.051572204	-0.070109524	0.06991377	-0.073091924	0.061891023	-0.07402044	0.06682858	-0.08273379	0.0760048	-0.07860777	0.058972735	-0.14717223	0.16800615	-0.11602264	0.094517924	-0.05484469	0.16664839	-0.21843223	0.12652722	-0.042124428	0.04174054	-0.6004412	0.30107662	-0.13539904	0.083585225	-0.08373728	0.99999803	-0.5582168	0.1534788	-0.085595846	0.0977697	-0.38987276	0.21950248	-0.13273017	0.12084249	-0.11046487
0.075574435	-0.073337145	0.093290955	-0.06607479	0.05911917	-0.07954892	0.07179206	-0.092287496	0.08567584	-0.0653886	0.07472888	-0.08641368	0.091182314	-0.07830381	0.09232692	-0.07399633	0.100196205	-0.09691973	0.098918244	-0.076617725	0.14081682	-0.22102733	0.14451206	-0.12465464	0.07018061	-0.17479809	0.24148068	-0.17839168	0.054475963	-0.054605648	0.3182741	-0.5504102	0.1723703	-0.10673528	0.104097776	-0.5582168	0.9999979	-0.19661842	0.10738932	-0.123393	0.26017886	-0.30258676	0.15939036	-0.15248679	0.13345562
-0.055760033	0.051746678	-0.07255928	0.049091835	-0.045491166	0.054004073	-0.049939316	0.065348424	-0.065387204	0.048486236	-0.044949166	0.055578265	-0.066613026	0.05713672	-0.07166218	0.042850506	-0.066415645	0.06720638	-0.07350595	0.05566807	-0.07507928	0.10687355	-0.1012635	0.08274552	-0.05358549	0.08192718	-0.13178353	0.10737028	-0.07544827	0.07181049	-0.13603255	0.123327605	-0.11797864	0.2228172	-0.26319933	0.1534788	-0.19661842	0.99999774	-0.45076936	0.29250443	-0.34486428	0.2600507	-0.5103306	0.32679614	-0.45342496
0.03424684	-0.032065067	0.04448576	-0.030486902	0.028119007	-0.033559766	0.030930234	-0.040955167	0.040403422	-0.030279085	0.027067896	-0.034466635	0.04181958	-0.03621516	0.044742003	-0.025953343	0.04090934	-0.043289818	0.047127888	-0.038025126	0.044498052	-0.06613542	0.06631224	-0.05579852	0.03675993	-0.04887354	0.07863244	-0.08588311	0.073240966	-0.07081998	0.07692953	-0.07414344	0.092507765	-0.40221655	0.2780991	-0.085595846	0.10738932	-0.45076936	0.9999977	-0.591861	0.17029999	-0.15076743	0.23820186	-0.44094893	0.31995386
-0.041331846	0.038503166	-0.05392806	0.036724806	-0.033989254	0.04015069	-0.03707857	0.04902945	-0.048803058	0.036412343	-0.032086812	0.041047487	-0.050088942	0.0432933	-0.053939924	0.03069084	-0.04886269	0.05125707	-0.056208372	0.044600703	-0.05226258	0.07725586	-0.07782824	0.065046124	-0.04326104	0.05702744	-0.09258461	0.091141626	-0.08181681	0.07833026	-0.08885229	0.0841535	-0.09858119	0.26858288	-0.37133718	0.0977697	-0.123393	0.29250443	-0.591861	0.9999979	-0.1939638	0.15663545	-0.23132132	0.29211167	-0.58126795
0.060229354	-0.05715027	0.0763542	-0.052833658	0.048014153	-0.060810618	0.055295877	-0.071722575	0.069209665	-0.052094642	0.053865075	-0.063566506	0.071163595	-0.061156645	0.074528135	-0.052504893	0.074513	-0.073146425	0.07726372	-0.0586909	0.09574509	-0.13746119	0.106921345	-0.091088064	0.05473036	-0.11325808	0.15458533	-0.1122417	0.052416015	-0.052044056	0.20132412	-0.18356867	0.11299491	-0.13943204	0.13525584	-0.38987276	0.26017886	-0.34486428	0.17029999	-0.1939638	0.99999815	-0.6740198	0.27848735	-0.2693196	0.20164439
-0.048002396	0.04524298	-0.061008625	0.041919038	-0.0383157	0.048013024	-0.043998107	0.056803335	-0.055286717	0.04135912	-0.043819483	0.050634593	-0.057117235	0.048827797	-0.059956092	0.04211267	-0.059996825	0.05836248	-0.062134102	0.046670627	-0.07880287	0.10874344	-0.08720638	0.07206488	-0.043967873	0.089082114	-0.13365158	0.09106958	-0.044091623	0.04319486	-0.16994265	0.15419064	-0.095807	0.11526697	-0.120107815	0.21950248	-0.30258676	0.2600507	-0.15076743	0.15663545	-0.6740198	0.99999815	-0.5204619	0.23611684	-0.20573357
0.03966723	-0.03718646	0.051110063	-0.034961306	0.032122377	-0.03910766	0.03589124	-0.04693791	0.046207856	-0.03453489	0.033015892	-0.040397584	0.04730278	-0.040692132	0.050345093	-0.031770945	0.047852103	-0.048277147	0.05204172	-0.03988773	0.056157492	-0.081207424	0.0719243	-0.060182117	0.037897762	-0.063049465	0.096304566	-0.07879243	0.049305744	-0.048176493	0.10535636	-0.10024214	0.08250571	-0.15863515	0.15685049	-0.13273017	0.15939036	-0.5103306	0.23820186	-0.23132132	0.27848735	-0.5204619	0.99999833	-0.5448355	0.26770967
-0.04246883	0.039606407	-0.05509099	0.037500493	-0.034623127	0.041448206	-0.038204756	0.05012412	-0.04976667	0.037080448	-0.034362245	0.042639744	-0.050904315	0.043804158	-0.054549135	0.03288284	-0.050741486	0.051789112	-0.05637593	0.043469794	-0.05750676	0.08285049	-0.077893674	0.06461872	-0.041725773	0.063289374	-0.10032203	0.08581872	-0.06292683	0.06033245	-0.104618184	0.09632922	-0.09228594	0.20274866	-0.22374044	0.12084249	-0.15248679	0.32679614	-0.44094893	0.29211167	-0.2693196	0.23611684	-0.5448355	0.9999982	-0.5328289
0.04829403	-0.045019355	0.06307625	-0.042944875	0.039634388	-0.046902463	0.043086562	-0.05707484	0.056827944	-0.042439904	0.03646508	-0.047336556	0.05747879	-0.04976742	0.06201014	-0.035064086	0.056056198	-0.058531497	0.06377409	-0.049734812	0.05851917	-0.0882623	0.08636482	-0.07354157	0.0474052	-0.064583756	0.1020995	-0.097377725	0.07003796	-0.069871366	0.09640949	-0.093126245	0.100077964	-0.24665102	0.22990221	-0.11046487	0.13345562	-0.45342496	0.31995386	-0.58126795	0.20164439	-0.20573357	0.26770967	-0.5328289	0.9999982
