1.0000001	-0.4550617	0.17355677	-0.17745811	0.08865089	-0.79371953	0.28665352	-0.17727996	0.13503915	-0.07462487	0.119314305	-0.16014464	0.12875168	-0.12397491	0.099323384	-0.07565189	0.122231685	-0.113434754	0.108192235	-0.102075085	0.0984295	-0.09428414	0.09517187	-0.07965103	0.045483988	-0.04743398	0.04777786	-0.06900748	0.06979123	-0.057335317	0.029446054	-0.027858399	0.06939117	-0.05459236	0.042077262	-0.021143055	0.032176547	-0.055579245	0.057696808	-0.041880757	0.019021606	-0.03455371	0.06444891	-0.046173204	0.070823185
-0.4550617	1.0000001	-0.32563502	0.2097371	-0.09779219	0.28857642	-0.7301171	0.2256812	-0.16862021	0.08022157	-0.113472275	0.16904427	-0.14935438	0.13396256	-0.10695164	0.07070644	-0.12885374	0.11481003	-0.11240905	0.102480836	-0.09560389	0.09050245	-0.09195013	0.07450265	-0.042179067	0.044267207	-0.04517176	0.06356671	-0.06403	0.052310873	-0.0265886	0.025145574	-0.062862426	0.049004	-0.03726077	0.01854074	-0.028261868	0.048994496	-0.050929833	0.036955234	-0.01664677	0.030268386	-0.055116493	0.039760135	-0.05989128
0.17355677	-0.32563502	0.99999976	-0.7024871	0.14538093	-0.18012041	0.24069041	-0.48672616	0.2744335	-0.12520872	0.11432202	-0.18021451	0.19619434	-0.20342071	0.14550611	-0.07310534	0.13440852	-0.14611344	0.14015035	-0.13997753	0.0989341	-0.09756938	0.105760075	-0.08750915	0.048935205	-0.04760922	0.048357382	-0.072398104	0.072423495	-0.06090835	0.028999193	-0.027517637	0.06991005	-0.055025816	0.041233197	-0.020446539	0.03109607	-0.05434251	0.056159027	-0.041022923	0.018303104	-0.033416353	0.059484635	-0.0432973	0.06417313
-0.17745811	0.2097371	-0.7024871	0.9999999	-0.22405398	0.16500255	-0.2306393	0.3094722	-0.4450913	0.1626214	-0.138649	0.18562554	-0.2194182	0.2317114	-0.18987337	0.0864227	-0.15898888	0.16195069	-0.17305392	0.16313331	-0.11974411	0.11303344	-0.124826685	0.10144526	-0.05714214	0.05586316	-0.057283796	0.08436564	-0.08562467	0.07005226	-0.034306638	0.03243176	-0.082791395	0.064525716	-0.048675008	0.02394611	-0.036535013	0.06366811	-0.066359706	0.048160963	-0.021478696	0.03909027	-0.07040553	0.051029567	-0.07604521
0.08865089	-0.09779219	0.14538093	-0.22405398	0.9999997	-0.1048853	0.10622311	-0.17533202	0.18708713	-0.84370273	0.096438915	-0.1488258	0.151179	-0.20742674	0.2647937	-0.06389882	0.116706885	-0.15668283	0.16082615	-0.26863658	0.08622008	-0.08967828	0.106255904	-0.095593266	0.052761998	-0.04451807	0.04478198	-0.07459098	0.07439022	-0.06686411	0.028239602	-0.026947845	0.06997268	-0.056577403	0.041620277	-0.02063123	0.031214198	-0.055202615	0.056392428	-0.0417513	0.018389294	-0.033807106	0.05852981	-0.043142863	0.06273242
-0.79371953	0.28857642	-0.18012041	0.16500255	-0.1048853	0.9999999	-0.3985103	0.18237898	-0.15332563	0.08421284	-0.16486919	0.17673545	-0.14892802	0.13524538	-0.11701876	0.0978586	-0.15582693	0.13052511	-0.13052234	0.11447989	-0.13122256	0.11595592	-0.116510056	0.0942803	-0.054227907	0.059107807	-0.060444	0.0834553	-0.08551925	0.06716277	-0.036715396	0.034517415	-0.08594051	0.06652168	-0.05194086	0.025839921	-0.03954698	0.06792424	-0.07140079	0.05129532	-0.023337217	0.042143844	-0.080663644	0.05726151	-0.0890077
0.28665352	-0.7301171	0.24069041	-0.2306393	0.10622311	-0.3985103	1.0	-0.32471612	0.18601668	-0.09042117	0.12804167	-0.24502555	0.1781085	-0.16081797	0.120266706	-0.08177143	0.14882688	-0.1372895	0.12778911	-0.11975157	0.10796302	-0.10662188	0.10583444	-0.08676854	0.048858006	-0.05125935	0.051890906	-0.07362998	0.073520854	-0.06108339	0.030482084	-0.028907556	0.07199109	-0.056471143	0.04272351	-0.02135702	0.03248889	-0.056430172	0.05835114	-0.042513274	0.019148216	-0.034890193	0.06297598	-0.045571424	0.06834937
-0.17727996	0.2256812	-0.48672616	0.3094722	-0.17533202	0.18237898	-0.32471612	0.99999964	-0.5320359	0.14520922	-0.15725817	0.23650052	-0.39416406	0.28059998	-0.20154706	0.09866187	-0.18975222	0.20117867	-0.20123054	0.17737019	-0.13585788	0.13098551	-0.14558864	0.11565427	-0.06456768	0.06340655	-0.06499821	0.09566627	-0.096158266	0.07901913	-0.038253922	0.036225848	-0.09257127	0.072060764	-0.0539429	0.02652097	-0.040443778	0.070673384	-0.07344048	0.053415943	-0.023752458	0.04329887	-0.07708366	0.056079183	-0.08292833
0.13503915	-0.16862021	0.2744335	-0.4450913	0.18708713	-0.15332563	0.18601668	-0.5320359	0.9999995	-0.19567475	0.13109767	-0.21846788	0.27095962	-0.5538028	0.22422317	-0.084802665	0.15999891	-0.19316703	0.18790185	-0.20482363	0.11480145	-0.11597914	0.13009991	-0.10911454	0.060176454	-0.05605253	0.056869905	-0.08782835	0.08747704	-0.07481688	0.03414192	-0.03246753	0.08327986	-0.06592488	0.048851002	-0.024116563	0.036644384	-0.06440521	0.06635374	-0.048669398	0.021544581	-0.03943521	0.06914199	-0.050636563	0.07419974
-0.07462487	0.08022157	-0.12520872	0.1626214	-0.84370273	0.08421284	-0.09042117	0.14520922	-0.19567475	0.99999964	-0.084115	0.122260004	-0.13565235	0.18507507	-0.39248252	0.05469623	-0.1012021	0.12868947	-0.14712787	0.21832423	-0.07481576	0.075638756	-0.09038816	0.0788834	-0.04379364	0.03750214	-0.03802598	0.06190454	-0.06253989	0.054353006	-0.023726495	0.022567522	-0.058830854	0.046981245	-0.03476463	0.017076587	-0.025928468	0.04572613	-0.04714301	0.03464848	-0.015249659	0.02794527	-0.04891781	0.03590203	-0.05247045
0.119314305	-0.113472275	0.11432202	-0.138649	0.096438915	-0.16486919	0.12804167	-0.15725817	0.13109767	-0.084115	0.99999976	-0.33116943	0.17610808	-0.15851404	0.123787954	-0.7117146	0.24355228	-0.18961291	0.15611392	-0.14592472	0.30668467	-0.29777423	0.17439465	-0.15028873	0.08332841	-0.13971956	0.12385763	-0.13216491	0.122490555	-0.10992806	0.059191782	-0.05749975	0.12132433	-0.09745812	0.071590856	-0.038321853	0.05740661	-0.09873105	0.097660586	-0.072876714	0.033955622	-0.06269915	0.103352465	-0.07636228	0.110480666
-0.16014464	0.16904427	-0.18021451	0.18562554	-0.1488258	0.17673545	-0.24502555	0.23650052	-0.21846788	0.122260004	-0.33116943	0.9999994	-0.5117053	0.24287528	-0.19524364	0.19438927	-0.5183453	0.2661883	-0.23710603	0.18917544	-0.2604664	0.2522832	-0.21194963	0.15828119	-0.088466264	0.11012423	-0.11416727	0.13667004	-0.13382863	0.10846607	-0.057809718	0.054811835	-0.1312891	0.100613475	-0.07509612	0.037545256	-0.057260126	0.09910252	-0.10237108	0.07439131	-0.03357603	0.061181773	-0.106965445	0.077856705	-0.11449443
0.12875168	-0.14935438	0.19619434	-0.2194182	0.151179	-0.14892802	0.1781085	-0.39416406	0.27095962	-0.13565235	0.17610808	-0.5117053	0.9999997	-0.48475096	0.21775126	-0.116730876	0.24314444	-0.41416657	0.24828397	-0.22410497	0.15412451	-0.16678004	0.1854348	-0.14630014	0.07840271	-0.07540988	0.076350145	-0.117998905	0.1133123	-0.09723907	0.043831624	-0.04185098	0.10728884	-0.08455649	0.06161964	-0.03038543	0.046150528	-0.08160306	0.083489545	-0.06148669	0.027064012	-0.049687028	0.08517668	-0.06282156	0.09065592
-0.12397491	0.13396256	-0.20342071	0.2317114	-0.20742674	0.13524538	-0.16081797	0.28059998	-0.5538028	0.18507507	-0.15851404	0.24287528	-0.48475096	0.9999996	-0.4199917	0.10044746	-0.19887953	0.23632054	-0.27405712	0.2523825	-0.13880765	0.13675164	-0.16019367	0.1300688	-0.07152831	0.06578352	-0.06742424	0.10334441	-0.10420164	0.0867951	-0.039932124	0.037891496	-0.09823386	0.076998174	-0.056967508	0.027786661	-0.042349044	0.074492946	-0.07730616	0.0564257	-0.024835734	0.04539094	-0.079624414	0.05830265	-0.08519716
0.099323384	-0.10695164	0.14550611	-0.18987337	0.2647937	-0.11701876	0.120266706	-0.20154706	0.22422317	-0.39248252	0.123787954	-0.19524364	0.21775126	-0.4199917	0.99999946	-0.08205317	0.1548598	-0.22854581	0.25808737	-0.64677614	0.11140574	-0.116839655	0.1434508	-0.13031495	0.07044547	-0.05716558	0.057715982	-0.09780836	0.097802974	-0.08783246	0.036004107	-0.03437439	0.09029927	-0.07304204	0.05318362	-0.026046041	0.039469246	-0.070158854	0.07186311	-0.0532102	0.023191271	-0.04266621	0.07324012	-0.0542012	0.07811009
-0.07565189	0.07070644	-0.07310534	0.0864227	-0.06389882	0.0978586	-0.08177143	0.09866187	-0.084802665	0.05469623	-0.7117146	0.19438927	-0.116730876	0.10044746	-0.08205317	0.99999934	-0.23071183	0.12949884	-0.108155176	0.09408196	-0.57322466	0.24314375	-0.130225	0.10207869	-0.056494728	0.11756154	-0.11171344	0.09239291	-0.08493815	0.07268762	-0.04477971	0.042843133	-0.08527194	0.06617056	-0.048513684	0.025942255	-0.039143953	0.066433	-0.066237584	0.048940554	-0.023006229	0.042244636	-0.06902805	0.05084467	-0.07322703
0.122231685	-0.12885374	0.13440852	-0.15898888	0.116706885	-0.15582693	0.14882688	-0.18975222	0.15999891	-0.1012021	0.24355228	-0.5183453	0.24314444	-0.19887953	0.1548598	-0.23071183	0.9999994	-0.33280447	0.21272673	-0.1819773	0.27016824	-0.574672	0.22859251	-0.17790504	0.094901435	-0.14707254	0.14254333	-0.15305632	0.13839084	-0.1214078	0.06296718	-0.061162442	0.13450432	-0.105958045	0.07634877	-0.039532706	0.05966725	-0.1037968	0.10364462	-0.07704358	0.03501219	-0.06455708	0.10555589	-0.078385495	0.11154028
-0.113434754	0.11481003	-0.14611344	0.16195069	-0.15668283	0.13052511	-0.1372895	0.20117867	-0.19316703	0.12868947	-0.18961291	0.2661883	-0.41416657	0.23632054	-0.22854581	0.12949884	-0.33280447	0.9999994	-0.5883388	0.25023863	-0.18283369	0.20756063	-0.3929154	0.2238083	-0.11610986	0.09296735	-0.09583522	0.1746871	-0.16677901	0.13600004	-0.057497922	0.05489161	-0.15398644	0.11740262	-0.083606005	0.03973939	-0.06070852	0.10917733	-0.112646766	0.082579166	-0.03532355	0.06495631	-0.10950519	0.081460394	-0.11484172
0.108192235	-0.11240905	0.14015035	-0.17305392	0.16082615	-0.13052234	0.12778911	-0.20123054	0.18790185	-0.14712787	0.15611392	-0.23710603	0.24828397	-0.27405712	0.25808737	-0.108155176	0.21272673	-0.5883388	0.99999946	-0.51776755	0.14721742	-0.1690193	0.24549441	-0.280699	0.124362245	-0.08078248	0.081193164	-0.16022842	0.16169107	-0.15134154	0.052106783	-0.050095253	0.13771044	-0.11549304	0.080342114	-0.038160045	0.05778881	-0.10509043	0.1073524	-0.08052196	0.0337868	-0.06260912	0.10363936	-0.07819334	0.10899182
-0.102075085	0.102480836	-0.13997753	0.16313331	-0.26863658	0.11447989	-0.11975157	0.17737019	-0.20482363	0.21832423	-0.14592472	0.18917544	-0.22410497	0.2523825	-0.64677614	0.09408196	-0.1819773	0.25023863	-0.51776755	0.9999997	-0.13187414	0.13207375	-0.17485142	0.15397385	-0.08485031	0.06519071	-0.06683159	0.11246193	-0.11815211	0.09891733	-0.04177343	0.0396511	-0.106524885	0.08461692	-0.062144786	0.029638465	-0.045226045	0.08020816	-0.08393956	0.06125658	-0.026473524	0.048445288	-0.08469329	0.062314186	-0.0903467
0.0984295	-0.09560389	0.0989341	-0.11974411	0.08622008	-0.13122256	0.10796302	-0.13585788	0.11480145	-0.07481576	0.30668467	-0.2604664	0.15412451	-0.13880765	0.11140574	-0.57322466	0.27016824	-0.18283369	0.14721742	-0.13187414	0.99999964	-0.5469757	0.18871634	-0.15250994	0.08237138	-0.22590008	0.181863	-0.13868468	0.122258365	-0.10779649	0.06766867	-0.06578644	0.12212412	-0.09598373	0.06923621	-0.037763897	0.056720927	-0.09619394	0.094398595	-0.07040837	0.03332048	-0.061515525	0.09723535	-0.07225401	0.10254737
-0.09428414	0.09050245	-0.09756938	0.11303344	-0.08967828	0.11595592	-0.10662188	0.13098551	-0.11597914	0.075638756	-0.29777423	0.2522832	-0.16678004	0.13675164	-0.116839655	0.24314375	-0.574672	0.20756063	-0.1690193	0.13207375	-0.5469757	0.99999905	-0.2970967	0.16899204	-0.09063026	0.19372824	-0.24002604	0.15608537	-0.13767944	0.111833565	-0.07154149	0.06872302	-0.13782318	0.10246608	-0.07362989	0.038499385	-0.05862316	0.09980244	-0.10018737	0.07349592	-0.034098208	0.0624817	-0.10019237	0.07410645	-0.10470714
0.09517187	-0.09195013	0.105760075	-0.124826685	0.106255904	-0.116510056	0.10583444	-0.14558864	0.13009991	-0.09038816	0.17439465	-0.21194963	0.1854348	-0.16019367	0.1434508	-0.130225	0.22859251	-0.3929154	0.24549441	-0.17485142	0.18871634	-0.2970967	0.9999991	-0.5190891	0.19631852	-0.1214739	0.12251651	-0.4382582	0.27310416	-0.24957307	0.08080189	-0.07942718	0.24494544	-0.1952129	0.12552701	-0.05945049	0.08994163	-0.1723115	0.16681823	-0.12771155	0.051967405	-0.09781674	0.14947404	-0.116172336	0.15156922
-0.07965103	0.07450265	-0.08750915	0.10144526	-0.095593266	0.0942803	-0.08676854	0.11565427	-0.10911454	0.0788834	-0.15028873	0.15828119	-0.14630014	0.1300688	-0.13031495	0.10207869	-0.17790504	0.2238083	-0.280699	0.15397385	-0.15250994	0.16899204	-0.5190891	0.99999875	-0.42918453	0.090522125	-0.09443611	0.25687018	-0.46353427	0.28457087	-0.072432265	0.06912422	-0.22959396	0.20662948	-0.1385729	0.053492486	-0.08284621	0.1561921	-0.1794206	0.12852122	-0.047413833	0.08754315	-0.14613524	0.11279908	-0.15148431
0.045483988	-0.042179067	0.048935205	-0.05714214	0.052761998	-0.054227907	0.048858006	-0.06456768	0.060176454	-0.04379364	0.08332841	-0.088466264	0.07840271	-0.07152831	0.07044547	-0.056494728	0.094901435	-0.11610986	0.124362245	-0.08485031	0.08237138	-0.09063026	0.19631852	-0.42918453	0.9999984	-0.05027776	0.051592477	-0.13721783	0.19278705	-0.84353787	0.04057463	-0.03884977	0.12193666	-0.114823595	0.077417955	-0.03103319	0.04760666	-0.089436464	0.09887268	-0.07442494	0.027472604	-0.05089657	0.0843809	-0.06537011	0.088007025
-0.04743398	0.044267207	-0.04760922	0.05586316	-0.04451807	0.059107807	-0.05125935	0.06340655	-0.05605253	0.03750214	-0.13971956	0.11012423	-0.07540988	0.06578352	-0.05716558	0.11756154	-0.14707254	0.09296735	-0.08078248	0.06519071	-0.22590008	0.19372824	-0.1214739	0.090522125	-0.05027776	0.99999845	-0.9084796	0.121441744	-0.093537815	0.0629123	-0.15460752	0.1312959	-0.11251579	0.071993016	-0.0510756	0.035771508	-0.05509748	0.07550406	-0.07158348	0.051061895	-0.031167382	0.055858303	-0.070405	0.051593572	-0.06977521
0.04777786	-0.04517176	0.048357382	-0.057283796	0.04478198	-0.060444	0.051890906	-0.06499821	0.056869905	-0.03802598	0.12385763	-0.11416727	0.076350145	-0.06742424	0.057715982	-0.11171344	0.14254333	-0.09583522	0.081193164	-0.06683159	0.181863	-0.24002604	0.12251651	-0.09443611	0.051592477	-0.9084796	0.9999987	-0.13904153	0.09446521	-0.065540195	0.13293508	-0.14466777	0.11203282	-0.073787324	0.0514281	-0.036503583	0.05581904	-0.07741612	0.07187315	-0.051969457	0.031504776	-0.05751786	0.07031084	-0.05205118	0.06959667
-0.06900748	0.06356671	-0.072398104	0.08436564	-0.07459098	0.0834553	-0.07362998	0.09566627	-0.08782835	0.06190454	-0.13216491	0.13667004	-0.117998905	0.10334441	-0.09780836	0.09239291	-0.15305632	0.1746871	-0.16022842	0.11246193	-0.13868468	0.15608537	-0.4382582	0.25687018	-0.13721783	0.121441744	-0.13904153	0.9999985	-0.4572051	0.16214885	-0.11284791	0.10864542	-0.62047565	0.25177997	-0.15823585	0.069657385	-0.11126171	0.21762852	-0.21678102	0.15058917	-0.061291873	0.113174796	-0.17570506	0.13252653	-0.16544686
0.06979123	-0.06403	0.072423495	-0.08562467	0.07439022	-0.08551925	0.073520854	-0.096158266	0.08747704	-0.06253989	0.122490555	-0.13382863	0.1133123	-0.10420164	0.097802974	-0.08493815	0.13839084	-0.16677901	0.16169107	-0.11815211	0.122258365	-0.13767944	0.27310416	-0.46353427	0.19278705	-0.093537815	0.09446521	-0.4572051	0.99999857	-0.25500858	0.084138565	-0.08324234	0.28765553	-0.5096014	0.20228846	-0.071620665	0.10866195	-0.22650631	0.24318764	-0.2059934	0.061914958	-0.11873573	0.17514493	-0.1486616	0.17601253
-0.057335317	0.052310873	-0.06090835	0.07005226	-0.06686411	0.06716277	-0.06108339	0.07901913	-0.07481688	0.054353006	-0.10992806	0.10846607	-0.09723907	0.0867951	-0.08783246	0.07268762	-0.1214078	0.13600004	-0.15134154	0.09891733	-0.10779649	0.111833565	-0.24957307	0.28457087	-0.84353787	0.0629123	-0.065540195	0.16214885	-0.25500858	0.9999984	-0.05237306	0.049531955	-0.15852237	0.13843518	-0.10059779	0.038938265	-0.06041139	0.11152093	-0.12918608	0.092791125	-0.034754362	0.063598625	-0.110492304	0.08392681	-0.116311885
0.029446054	-0.0265886	0.028999193	-0.034306638	0.028239602	-0.036715396	0.030482084	-0.038253922	0.03414192	-0.023726495	0.059191782	-0.057809718	0.043831624	-0.039932124	0.036004107	-0.04477971	0.06296718	-0.057497922	0.052106783	-0.04177343	0.06766867	-0.07154149	0.08080189	-0.072432265	0.04057463	-0.15460752	0.13293508	-0.11284791	0.084138565	-0.05237306	0.9999984	-0.9354147	0.14304224	-0.08475196	0.057560433	-0.09785806	0.1437415	-0.11982904	0.08813937	-0.06094376	0.077445395	-0.14361966	0.08893637	-0.06442733	0.0764844
-0.027858399	0.025145574	-0.027517637	0.03243176	-0.026947845	0.034517415	-0.028907556	0.036225848	-0.03246753	0.022567522	-0.05749975	0.054811835	-0.04185098	0.037891496	-0.03437439	0.042843133	-0.061162442	0.05489161	-0.050095253	0.0396511	-0.06578644	0.06872302	-0.07942718	0.06912422	-0.03884977	0.1312959	-0.14466777	0.10864542	-0.08324234	0.049531955	-0.9354147	0.99999815	-0.16663389	0.08232004	-0.056592982	0.08951308	-0.1664152	0.11543841	-0.08770169	0.058681488	-0.07543928	0.13007376	-0.0877223	0.062059384	-0.074527904
0.06939117	-0.062862426	0.06991005	-0.082791395	0.06997268	-0.08594051	0.07199109	-0.09257127	0.08327986	-0.058830854	0.12132433	-0.1312891	0.10728884	-0.09823386	0.09029927	-0.08527194	0.13450432	-0.15398644	0.13771044	-0.106524885	0.12212412	-0.13782318	0.24494544	-0.22959396	0.12193666	-0.11251579	0.11203282	-0.62047565	0.28765553	-0.15852237	0.14304224	-0.16663389	0.99999815	-0.37019998	0.1848996	-0.10087433	0.1570229	-0.39847717	0.26015732	-0.1975734	0.0853474	-0.16618952	0.21468785	-0.17029402	0.1921147
-0.05459236	0.049004	-0.055025816	0.064525716	-0.056577403	0.06652168	-0.056471143	0.072060764	-0.06592488	0.046981245	-0.09745812	0.100613475	-0.08455649	0.076998174	-0.07304204	0.06617056	-0.105958045	0.11740262	-0.11549304	0.08461692	-0.09598373	0.10246608	-0.1952129	0.20662948	-0.114823595	0.071993016	-0.073787324	0.25177997	-0.5096014	0.13843518	-0.08475196	0.08232004	-0.37019998	0.9999984	-0.4460554	0.072493844	-0.116155736	0.24675077	-0.47866642	0.2816377	-0.06352342	0.119327605	-0.19713438	0.17264016	-0.20543247
0.042077262	-0.03726077	0.041233197	-0.048675008	0.041620277	-0.05194086	0.04272351	-0.0539429	0.048851002	-0.03476463	0.071590856	-0.07509612	0.06161964	-0.056967508	0.05318362	-0.048513684	0.07634877	-0.083606005	0.080342114	-0.062144786	0.06923621	-0.07362989	0.12552701	-0.1385729	0.077417955	-0.0510756	0.0514281	-0.15823585	0.20228846	-0.10059779	0.057560433	-0.056592982	0.1848996	-0.4460554	0.9999985	-0.0578302	0.0887589	-0.19195999	0.26852465	-0.78811264	0.05008739	-0.09645074	0.15328501	-0.15296583	0.18512699
-0.021143055	0.01854074	-0.020446539	0.02394611	-0.02063123	0.025839921	-0.02135702	0.02652097	-0.024116563	0.017076587	-0.038321853	0.037545256	-0.03038543	0.027786661	-0.026046041	0.025942255	-0.039532706	0.03973939	-0.038160045	0.029638465	-0.037763897	0.038499385	-0.05945049	0.053492486	-0.03103319	0.035771508	-0.036503583	0.069657385	-0.071620665	0.038938265	-0.09785806	0.08951308	-0.10087433	0.072493844	-0.0578302	0.9999986	-0.4347513	0.150361	-0.10911121	0.059982445	-0.8236864	0.29975826	-0.12575129	0.07742617	-0.08918329
0.032176547	-0.028261868	0.03109607	-0.036535013	0.031214198	-0.03954698	0.03248889	-0.040443778	0.036644384	-0.025928468	0.05740661	-0.057260126	0.046150528	-0.042349044	0.039469246	-0.039143953	0.05966725	-0.06070852	0.05778881	-0.045226045	0.056720927	-0.05862316	0.08994163	-0.08284621	0.04760666	-0.05509748	0.05581904	-0.11126171	0.10866195	-0.06041139	0.1437415	-0.1664152	0.1570229	-0.116155736	0.0887589	-0.4347513	0.9999987	-0.36083537	0.17133187	-0.095464386	0.28346547	-0.7137218	0.1898761	-0.12267978	0.13061927
-0.055579245	0.048994496	-0.05434251	0.06366811	-0.055202615	0.06792424	-0.056430172	0.070673384	-0.06440521	0.04572613	-0.09873105	0.09910252	-0.08160306	0.074492946	-0.070158854	0.066433	-0.1037968	0.10917733	-0.10509043	0.08020816	-0.09619394	0.09980244	-0.1723115	0.1561921	-0.089436464	0.07550406	-0.07741612	0.21762852	-0.22650631	0.11152093	-0.11982904	0.11543841	-0.39847717	0.24675077	-0.19195999	0.150361	-0.36083537	0.9999985	-0.5172682	0.1992027	-0.13511144	0.23880924	-0.45476174	0.24323846	-0.25533572
0.057696808	-0.050929833	0.056159027	-0.066359706	0.056392428	-0.07140079	0.05835114	-0.07344048	0.06635374	-0.04714301	0.097660586	-0.10237108	0.083489545	-0.07730616	0.07186311	-0.066237584	0.10364462	-0.112646766	0.1073524	-0.08393956	0.094398595	-0.10018737	0.16681823	-0.1794206	0.09887268	-0.07158348	0.07187315	-0.21678102	0.24318764	-0.12918608	0.08813937	-0.08770169	0.26015732	-0.47866642	0.26852465	-0.10911121	0.17133187	-0.5172682	0.9999986	-0.39647552	0.09182891	-0.18350542	0.26997164	-0.3192648	0.25184435
-0.041880757	0.036955234	-0.041022923	0.048160963	-0.0417513	0.05129532	-0.042513274	0.053415943	-0.048669398	0.03464848	-0.072876714	0.07439131	-0.06148669	0.0564257	-0.0532102	0.048940554	-0.07704358	0.082579166	-0.08052196	0.06125658	-0.07040837	0.07349592	-0.12771155	0.12852122	-0.07442494	0.051061895	-0.051969457	0.15058917	-0.2059934	0.092791125	-0.06094376	0.058681488	-0.1975734	0.2816377	-0.78811264	0.059982445	-0.095464386	0.1992027	-0.39647552	0.99999875	-0.052863672	0.09936106	-0.17834955	0.17400356	-0.2572569
0.019021606	-0.01664677	0.018303104	-0.021478696	0.018389294	-0.023337217	0.019148216	-0.023752458	0.021544581	-0.015249659	0.033955622	-0.03357603	0.027064012	-0.024835734	0.023191271	-0.023006229	0.03501219	-0.03532355	0.0337868	-0.026473524	0.03332048	-0.034098208	0.051967405	-0.047413833	0.027472604	-0.031167382	0.031504776	-0.061291873	0.061914958	-0.034754362	0.077445395	-0.07543928	0.0853474	-0.06352342	0.05008739	-0.8236864	0.28346547	-0.13511144	0.09182891	-0.052863672	0.9999986	-0.46778506	0.1104343	-0.070273586	0.07807707
-0.03455371	0.030268386	-0.033416353	0.03909027	-0.033807106	0.042143844	-0.034890193	0.04329887	-0.03943521	0.02794527	-0.06269915	0.061181773	-0.049687028	0.04539094	-0.04266621	0.042244636	-0.06455708	0.06495631	-0.06260912	0.048445288	-0.061515525	0.0624817	-0.09781674	0.08754315	-0.05089657	0.055858303	-0.05751786	0.113174796	-0.11873573	0.063598625	-0.14361966	0.13007376	-0.16618952	0.119327605	-0.09645074	0.29975826	-0.7137218	0.23880924	-0.18350542	0.09936106	-0.46778506	0.9999987	-0.23859507	0.13465601	-0.15349917
0.06444891	-0.055116493	0.059484635	-0.07040553	0.05852981	-0.080663644	0.06297598	-0.07708366	0.06914199	-0.04891781	0.103352465	-0.106965445	0.08517668	-0.079624414	0.07324012	-0.06902805	0.10555589	-0.10950519	0.10363936	-0.08469329	0.09723535	-0.10019237	0.14947404	-0.14613524	0.0843809	-0.070405	0.07031084	-0.17570506	0.17514493	-0.110492304	0.08893637	-0.0877223	0.21468785	-0.19713438	0.15328501	-0.12575129	0.1898761	-0.45476174	0.26997164	-0.17834955	0.1104343	-0.23859507	0.99999875	-0.5972889	0.31204072
-0.046173204	0.039760135	-0.0432973	0.051029567	-0.043142863	0.05726151	-0.045571424	0.056079183	-0.050636563	0.03590203	-0.07636228	0.077856705	-0.06282156	0.05830265	-0.0542012	0.05084467	-0.078385495	0.081460394	-0.07819334	0.062314186	-0.07225401	0.07410645	-0.116172336	0.11279908	-0.06537011	0.051593572	-0.05205118	0.13252653	-0.1486616	0.08392681	-0.06442733	0.062059384	-0.17029402	0.17264016	-0.15296583	0.07742617	-0.12267978	0.24323846	-0.3192648	0.17400356	-0.070273586	0.13465601	-0.5972889	0.99999875	-0.6436003
0.070823185	-0.05989128	0.06417313	-0.07604521	0.06273242	-0.0890077	0.06834937	-0.08292833	0.07419974	-0.05247045	0.110480666	-0.11449443	0.09065592	-0.08519716	0.07811009	-0.07322703	0.11154028	-0.11484172	0.10899182	-0.0903467	0.10254737	-0.10470714	0.15156922	-0.15148431	0.088007025	-0.06977521	0.06959667	-0.16544686	0.17601253	-0.116311885	0.0764844	-0.074527904	0.1921147	-0.20543247	0.18512699	-0.08918329	0.13061927	-0.25533572	0.25184435	-0.2572569	0.07807707	-0.15349917	0.31204072	-0.6436003	0.99999875
