1.0000001	-0.74542105	0.110288784	-0.07995608	0.069599204	-0.5304354	0.28095984	-0.11109015	0.08145852	-0.06588834	0.11437398	-0.1533453	0.16075104	-0.07071024	0.074991845	-0.12185379	0.13296694	-0.13229583	0.07776289	-0.064754546	0.14666477	-0.11010536	0.124938145	-0.08284294	0.07298021	-0.1702999	0.07263171	-0.073245116	0.06802598	-0.06303994	0.04636112	-0.043751147	0.05767262	-0.050796267	0.056051698	-0.0390533	0.04637603	-0.050158676	0.048085902	-0.039524283	0.049453273	-0.044271298	0.0801126	-0.047838554	0.058316987
-0.74542105	1.0000004	-0.16657647	0.10846727	-0.09876061	0.30744502	-0.4080348	0.14869598	-0.11484241	0.08960129	-0.10251371	0.19401552	-0.23156182	0.09743613	-0.10507133	0.10186267	-0.18062565	0.1690564	-0.1091619	0.08834105	-0.1949753	0.1422076	-0.17077035	0.10993015	-0.0996794	0.18873444	-0.09474016	0.09365486	-0.09146848	0.083504	-0.059668563	0.056157235	-0.074842095	0.06643833	-0.07358105	0.050150473	-0.059889663	0.06474885	-0.06312946	0.05166139	-0.063887514	0.056978565	-0.10412192	0.062319115	-0.07627749
0.110288784	-0.16657647	1.0000002	-0.3623625	0.16346371	-0.14604051	0.1707867	-0.83959025	0.24132356	-0.1582759	0.04679258	-0.12673311	0.14970855	-0.118691646	0.107264444	-0.04951612	0.09467497	-0.11448557	0.10984644	-0.08641979	0.090786934	-0.078174405	0.09188109	-0.076601274	0.06924872	-0.110464804	0.048686914	-0.050848432	0.055672754	-0.05599241	0.030287204	-0.028917637	0.03806704	-0.036885716	0.03840988	-0.025485834	0.03014346	-0.033503063	0.0338408	-0.027363848	0.031712618	-0.028865507	0.051246043	-0.03244611	0.038743626
-0.07995608	0.10846727	-0.3623625	1.0000004	-0.4747754	0.09424177	-0.11535475	0.250957	-0.6695366	0.29399222	-0.03603873	0.09564029	-0.12612171	0.20190446	-0.19009106	0.03754047	-0.08317898	0.10166213	-0.19623771	0.13699685	-0.08526234	0.07161161	-0.093028866	0.096727274	-0.09369318	0.10400295	-0.04884899	0.051423363	-0.06756495	0.07055015	-0.030460015	0.029095847	-0.03918498	0.04103395	-0.041752152	0.02575291	-0.030578127	0.034626197	-0.037141155	0.029747214	-0.032018397	0.029376537	-0.052630965	0.03462243	-0.041112322
0.069599204	-0.09876061	0.16346371	-0.4747754	1.0000004	-0.082479164	0.09335704	-0.17126442	0.29222962	-0.7755323	0.032489654	-0.08321035	0.10458925	-0.17188184	0.18572207	-0.03403156	0.07492891	-0.09453031	0.15025806	-0.14945534	0.080099404	-0.06724748	0.08786086	-0.10005887	0.0936808	-0.10563681	0.047795963	-0.050883234	0.0674646	-0.07366185	0.030122412	-0.02878478	0.038897365	-0.04129788	0.041746456	-0.025573805	0.030342048	-0.034500502	0.03708466	-0.029887052	0.03177909	-0.029237144	0.05237093	-0.034659985	0.040987946
-0.5304354	0.30744502	-0.14604051	0.09424177	-0.082479164	1.0000002	-0.65050465	0.14362721	-0.10090099	0.076219514	-0.21054502	0.21722053	-0.2302586	0.085385166	-0.08844311	0.16767296	-0.18170856	0.16060902	-0.09310292	0.07478427	-0.17768186	0.13486624	-0.14847505	0.09325465	-0.08228326	0.16667895	-0.077399	0.0778216	-0.07405133	0.06859103	-0.047279574	0.044971667	-0.05822393	0.05231727	-0.05620531	0.03937863	-0.04661052	0.050728172	-0.049062878	0.039771046	-0.049235396	0.044296023	-0.07852609	0.04793504	-0.057866283
0.28095984	-0.4080348	0.1707867	-0.11535475	0.09335704	-0.65050465	1.0000001	-0.22216997	0.11763577	-0.09007006	0.1352274	-0.39907214	0.25122085	-0.09863751	0.098043144	-0.14398408	0.20476513	-0.19829114	0.10306089	-0.08473603	0.1780174	-0.15722184	0.16150177	-0.105649546	0.09077346	-0.19765584	0.08597482	-0.08828181	0.08193194	-0.07724158	0.05288548	-0.050505698	0.06511228	-0.058630068	0.0626283	-0.044215564	0.05217127	-0.05698357	0.05471123	-0.04447366	0.055072732	-0.049730435	0.087704755	-0.053642638	0.06452488
-0.11109015	0.14869598	-0.83959025	0.250957	-0.17126442	0.14362721	-0.22216997	1.0000001	-0.31394842	0.1518478	-0.047395952	0.136058	-0.18670525	0.1271751	-0.11634695	0.049412496	-0.101271555	0.11782684	-0.12220064	0.09023615	-0.09368456	0.08081266	-0.095900014	0.078744434	-0.072278224	0.10877575	-0.049425527	0.051406704	-0.057307675	0.057276137	-0.030505229	0.029143076	-0.03836209	0.037375376	-0.03882928	0.025620192	-0.030319277	0.033735722	-0.03429066	0.027633516	-0.03185396	0.029001769	-0.051468488	0.032714903	-0.039058432
0.08145852	-0.11484241	0.24132356	-0.6695366	0.29222962	-0.10090099	0.11763577	-0.31394842	1.0000001	-0.42735723	0.03806002	-0.10401861	0.13265501	-0.33561933	0.2069672	-0.039923698	0.087827526	-0.11167789	0.2094462	-0.16270965	0.08949336	-0.07675525	0.09880779	-0.10896961	0.10227434	-0.113668896	0.052167684	-0.055420045	0.07310267	-0.078609675	0.032579787	-0.031170892	0.04192529	-0.0443393	0.04473378	-0.027578615	0.03270338	-0.037146773	0.039867397	-0.03198905	0.034213677	-0.031460516	0.05617828	-0.037157886	0.043940905
-0.06588834	0.08960129	-0.1582759	0.29399222	-0.7755323	0.076219514	-0.09007006	0.1518478	-0.42735723	0.99999994	-0.031073133	0.08123677	-0.1068418	0.19369957	-0.2734719	0.032336615	-0.0744076	0.09298389	-0.18403585	0.16322361	-0.079144455	0.06633721	-0.089227006	0.102723084	-0.10263903	0.09948936	-0.04717682	0.05003033	-0.07029617	0.0755671	-0.029531477	0.028227426	-0.038371112	0.04150182	-0.04183176	0.02504516	-0.029770538	0.033998556	-0.0372987	0.029835176	-0.031114401	0.028663104	-0.051526073	0.034440912	-0.0407693
0.11437398	-0.10251371	0.04679258	-0.03603873	0.032489654	-0.21054502	0.1352274	-0.047395952	0.03806002	-0.031073133	0.9999999	-0.10170492	0.09490676	-0.037024625	0.03938301	-0.9418662	0.100323625	-0.08954853	0.04128315	-0.034951467	0.13928549	-0.095456034	0.08127837	-0.050165772	0.04186519	-0.11913423	0.045097318	-0.046297736	0.03925045	-0.036444873	0.02748308	-0.026379341	0.033047643	-0.028896801	0.030849552	-0.02279336	0.026698919	-0.02897076	0.027013985	-0.02195108	0.028110242	-0.025396897	0.043968935	-0.026674956	0.03199139
-0.1533453	0.19401552	-0.12673311	0.09564029	-0.08321035	0.21722053	-0.39907214	0.136058	-0.10401861	0.08123677	-0.10170492	1.0	-0.63501316	0.11553914	-0.10932517	0.10089246	-0.49119535	0.28047454	-0.119728856	0.093166865	-0.21962677	0.22083338	-0.21593045	0.12078415	-0.10264617	0.19875208	-0.09633576	0.09759965	-0.09024244	0.083951734	-0.05544988	0.053593334	-0.06721414	0.06107215	-0.06344343	0.04561495	-0.053597067	0.05882883	-0.05652334	0.045202356	-0.055901635	0.0507326	-0.087212846	0.05441428	-0.064762644
0.16075104	-0.23156182	0.14970855	-0.12612171	0.10458925	-0.2302586	0.25122085	-0.18670525	0.13265501	-0.1068418	0.09490676	-0.63501316	0.9999998	-0.17992611	0.13998853	-0.100889355	0.29305965	-0.48118126	0.15506695	-0.122842	0.21436976	-0.22449535	0.24078377	-0.15101893	0.12459605	-0.25598294	0.11093068	-0.117222965	0.10903814	-0.10464356	0.066408016	-0.064071424	0.08137105	-0.07497921	0.07760625	-0.05523937	0.0648276	-0.07162063	0.068949945	-0.05548432	0.067813404	-0.061764464	0.106635176	-0.06670454	0.07922137
-0.07071024	0.09743613	-0.118691646	0.20190446	-0.17188184	0.085385166	-0.09863751	0.1271751	-0.33561933	0.19369957	-0.037024625	0.11553914	-0.17992611	0.99999994	-0.50669914	0.03862006	-0.09960884	0.13461506	-0.6788336	0.29122987	-0.09884579	0.088058926	-0.12165826	0.15817834	-0.15942831	0.12392869	-0.06020914	0.06473351	-0.100125335	0.10975694	-0.03715186	0.0356912	-0.048605017	0.055173226	-0.05408161	0.031460404	-0.03736475	0.04322899	-0.048942957	0.03865992	-0.038806822	0.035991903	-0.06432959	0.044203945	-0.051857106
0.074991845	-0.10507133	0.107264444	-0.19009106	0.18572207	-0.08844311	0.098043144	-0.11634695	0.2069672	-0.2734719	0.03938301	-0.10932517	0.13998853	-0.50669914	1.0	-0.04118714	0.102680996	-0.14149524	0.32065082	-0.6486449	0.11020016	-0.09837287	0.13840607	-0.22288065	0.21935336	-0.14956513	0.07172739	-0.07872872	0.13007438	-0.16121793	0.044697743	-0.043030765	0.059221666	-0.07072	0.06791026	-0.03808817	0.045235857	-0.053053506	0.061449666	-0.04897688	0.046869457	-0.04378039	0.07828704	-0.055177227	0.06406314
-0.12185379	0.10186267	-0.04951612	0.03754047	-0.03403156	0.16767296	-0.14398408	0.049412496	-0.039923698	0.032336615	-0.9418662	0.10089246	-0.100889355	0.03862006	-0.04118714	1.0000001	-0.11153619	0.09172257	-0.043222386	0.036322165	-0.17200825	0.10032882	-0.08637687	0.05181444	-0.0435761	0.11628703	-0.04648898	0.04722989	-0.040564682	0.037476864	-0.02798234	0.026860742	-0.033648387	0.029484771	-0.03143321	0.02314205	-0.027142925	0.029446367	-0.027574237	0.022348277	-0.028547345	0.025770145	-0.04462497	0.027129423	-0.032540254
0.13296694	-0.18062565	0.09467497	-0.08317898	0.07492891	-0.18170856	0.20476513	-0.101271555	0.087827526	-0.0744076	0.100323625	-0.49119535	0.29305965	-0.09960884	0.102680996	-0.11153619	1.0000001	-0.4775264	0.110548355	-0.094352156	0.27533248	-0.53600866	0.27968326	-0.14849886	0.117071666	-0.27223095	0.12726791	-0.13179307	0.107068546	-0.09937202	0.07072697	-0.069896	0.08439465	-0.07459533	0.07682699	-0.058007106	0.06755261	-0.07425649	0.068788275	-0.05500851	0.070029646	-0.06390014	0.1073039	-0.06670291	0.078864016
-0.13229583	0.1690564	-0.11448557	0.10166213	-0.09453031	0.16060902	-0.19829114	0.11782684	-0.11167789	0.09298389	-0.08954853	0.28047454	-0.48118126	0.13461506	-0.14149524	0.09172257	-0.4775264	1.0000002	-0.16109115	0.12752987	-0.28413048	0.28282395	-0.54117435	0.19851978	-0.16739534	0.24851511	-0.13982414	0.14284925	-0.14369614	0.12732036	-0.07782658	0.07517952	-0.09501107	0.0887816	-0.08994438	0.06328686	-0.07459288	0.082559615	-0.08182279	0.06396886	-0.07711977	0.070135474	-0.119669594	0.07653938	-0.09059457
0.07776289	-0.1091619	0.10984644	-0.19623771	0.15025806	-0.09310292	0.10306089	-0.12220064	0.2094462	-0.18403585	0.04128315	-0.119728856	0.15506695	-0.6788336	0.32065082	-0.043222386	0.110548355	-0.16109115	1.0000004	-0.5032499	0.11428222	-0.10345389	0.14628837	-0.23758645	0.20685047	-0.15155381	0.07287623	-0.079677805	0.12903923	-0.15089466	0.04514464	-0.043465264	0.059502747	-0.06999589	0.067253	-0.038362313	0.045537096	-0.05318804	0.06111228	-0.048402574	0.04719304	-0.04399098	0.078492686	-0.054898832	0.06386783
-0.064754546	0.08834105	-0.08641979	0.13699685	-0.14945534	0.07478427	-0.08473603	0.09023615	-0.16270965	0.16322361	-0.034951467	0.093166865	-0.122842	0.29122987	-0.6486449	0.036322165	-0.094352156	0.12752987	-0.5032499	1.0000001	-0.10331181	0.09136306	-0.14046745	0.22922914	-0.39128762	0.13238107	-0.06905465	0.075293005	-0.14840716	0.1716612	-0.042652514	0.04106033	-0.05760513	0.07231967	-0.06933434	0.03632467	-0.043347135	0.05148263	-0.06327111	0.04922991	-0.044690322	0.04192312	-0.07585952	0.054836303	-0.06394527
0.14666477	-0.1949753	0.090786934	-0.08526234	0.080099404	-0.17768186	0.1780174	-0.09368456	0.08949336	-0.079144455	0.13928549	-0.21962677	0.21436976	-0.09884579	0.11020016	-0.17200825	0.27533248	-0.28413048	0.11428222	-0.10331181	1.0000001	-0.57616717	0.27796802	-0.1741635	0.13523568	-0.54454625	0.16781777	-0.17607081	0.13213122	-0.1234743	0.10144973	-0.09878373	0.118994	-0.1014113	0.107540056	-0.08371875	0.09698174	-0.10497353	0.094453804	-0.07692851	0.10172964	-0.09230495	0.15619612	-0.09421565	0.11228374
-0.11010536	0.1422076	-0.078174405	0.07161161	-0.06724748	0.13486624	-0.15722184	0.08081266	-0.07675525	0.06633721	-0.095456034	0.22083338	-0.22449535	0.088058926	-0.09837287	0.10032882	-0.53600866	0.28282395	-0.10345389	0.09136306	-0.57616717	1.0	-0.44534194	0.1629521	-0.12810253	0.27057773	-0.17155546	0.15338725	-0.11677724	0.104612656	-0.07951768	0.08023353	-0.09146466	0.07848246	-0.07967947	0.06315634	-0.07336129	0.07987791	-0.07243549	0.057086434	-0.074913055	0.06831041	-0.11138299	0.069495454	-0.081626944
0.124938145	-0.17077035	0.09188109	-0.093028866	0.08786086	-0.14847505	0.16150177	-0.095900014	0.09880779	-0.089227006	0.08127837	-0.21593045	0.24078377	-0.12165826	0.13840607	-0.08637687	0.27968326	-0.54117435	0.14628837	-0.14046745	0.27796802	-0.44534194	0.9999999	-0.38794407	0.20745037	-0.33804014	0.17392631	-0.21388689	0.18071087	-0.17007524	0.095978774	-0.094688155	0.11884945	-0.11297709	0.10896625	-0.07863745	0.09189468	-0.10449246	0.10066759	-0.078697346	0.09419817	-0.08691211	0.14491259	-0.09441717	0.109466396
-0.08284294	0.10993015	-0.076601274	0.096727274	-0.10005887	0.09325465	-0.105649546	0.078744434	-0.10896961	0.102723084	-0.050165772	0.12078415	-0.15101893	0.15817834	-0.22288065	0.05181444	-0.14849886	0.19851978	-0.23758645	0.22922914	-0.1741635	0.1629521	-0.38794407	1.0	-0.63238865	0.20027635	-0.12390182	0.13602582	-0.40858218	0.29055882	-0.073587224	0.0711764	-0.10286138	0.14386584	-0.12682664	0.06222306	-0.07473947	0.09135805	-0.12626274	0.08889026	-0.075979985	0.07197304	-0.13158461	0.10006786	-0.11600662
0.07298021	-0.0996794	0.06924872	-0.09369318	0.0936808	-0.08228326	0.09077346	-0.072278224	0.10227434	-0.10263903	0.04186519	-0.10264617	0.12459605	-0.15942831	0.21935336	-0.0435761	0.117071666	-0.16739534	0.20685047	-0.39128762	0.13523568	-0.12810253	0.20745037	-0.63238865	0.9999995	-0.18456881	0.10096556	-0.11485535	0.27991724	-0.47828707	0.061983626	-0.060147665	0.08627807	-0.12397924	0.111990616	-0.053115577	0.06345869	-0.07805086	0.10330797	-0.08057754	0.06473648	-0.06173716	0.11166499	-0.08638284	0.0983808
-0.1702999	0.18873444	-0.110464804	0.10400295	-0.10563681	0.16667895	-0.19765584	0.10877575	-0.113668896	0.09948936	-0.11913423	0.19875208	-0.25598294	0.12392869	-0.14956513	0.11628703	-0.27223095	0.24851511	-0.15155381	0.13238107	-0.54454625	0.27057773	-0.33804014	0.20027635	-0.18456881	0.9999995	-0.25188008	0.2204446	-0.19016504	0.16400808	-0.17789948	0.15455389	-0.19840078	0.15696214	-0.18522435	0.13880847	-0.16568318	0.1675473	-0.15481539	0.12862529	-0.1808393	0.15435416	-0.28492188	0.15878357	-0.19815998
0.07263171	-0.09474016	0.048686914	-0.04884899	0.047795963	-0.077399	0.08597482	-0.049425527	0.052167684	-0.04717682	0.045097318	-0.09633576	0.11093068	-0.06020914	0.07172739	-0.04648898	0.12726791	-0.13982414	0.07287623	-0.06905465	0.16781777	-0.17155546	0.17392631	-0.12390182	0.10096556	-0.25188008	0.99999934	-0.76628363	0.13178778	-0.11757285	0.23085804	-0.36958152	0.21674222	-0.11871139	0.10836635	-0.17024164	0.1812125	-0.19605783	0.10908956	-0.08189557	0.16342978	-0.15910815	0.17966273	-0.109104775	0.11620797
-0.073245116	0.09365486	-0.050848432	0.051423363	-0.050883234	0.0778216	-0.08828181	0.051406704	-0.055420045	0.05003033	-0.046297736	0.09759965	-0.117222965	0.06473351	-0.07872872	0.04722989	-0.13179307	0.14284925	-0.079677805	0.075293005	-0.17607081	0.15338725	-0.21388689	0.13602582	-0.11485535	0.2204446	-0.76628363	0.9999993	-0.1677716	0.13054176	-0.24278864	0.23844063	-0.31845602	0.13181055	-0.12292527	0.16132277	-0.1925187	0.20897515	-0.12495377	0.09103805	-0.17874287	0.15791732	-0.20795561	0.120913364	-0.13196409
0.06802598	-0.09146848	0.055672754	-0.06756495	0.0674646	-0.07405133	0.08193194	-0.057307675	0.07310267	-0.07029617	0.03925045	-0.09024244	0.10903814	-0.100125335	0.13007438	-0.040564682	0.107068546	-0.14369614	0.12903923	-0.14840716	0.13213122	-0.11677724	0.18071087	-0.40858218	0.27991724	-0.19016504	0.13178778	-0.1677716	0.9999991	-0.7210489	0.08004124	-0.078750655	0.12337058	-0.31256065	0.17000546	-0.06975894	0.084299505	-0.114542976	0.187469	-0.1266407	0.08375446	-0.083021566	0.1531922	-0.14034952	0.14618696
-0.06303994	0.083504	-0.05599241	0.07055015	-0.07366185	0.06859103	-0.07724158	0.057276137	-0.078609675	0.0755671	-0.036444873	0.083951734	-0.10464356	0.10975694	-0.16121793	0.037476864	-0.09937202	0.12732036	-0.15089466	0.1716612	-0.1234743	0.104612656	-0.17007524	0.29055882	-0.47828707	0.16400808	-0.11757285	0.13054176	-0.7210489	0.99999905	-0.07262282	0.07029677	-0.11159073	0.19619513	-0.1915842	0.063024916	-0.0768916	0.100582555	-0.17055205	0.12324007	-0.07701841	0.075266235	-0.14475396	0.12437928	-0.14504299
0.04636112	-0.059668563	0.030287204	-0.030460015	0.030122412	-0.047279574	0.05288548	-0.030505229	0.032579787	-0.029531477	0.02748308	-0.05544988	0.066408016	-0.03715186	0.044697743	-0.02798234	0.07072697	-0.07782658	0.04514464	-0.042652514	0.10144973	-0.07951768	0.095978774	-0.073587224	0.061983626	-0.17789948	0.23085804	-0.24278864	0.08004124	-0.07262282	0.99999905	-0.74518603	0.17735815	-0.09061348	0.08233058	-0.44382048	0.26310465	-0.17364389	0.08541327	-0.06378571	0.23545949	-0.22039375	0.15667234	-0.09052012	0.09164861
-0.043751147	0.056157235	-0.028917637	0.029095847	-0.02878478	0.044971667	-0.050505698	0.029143076	-0.031170892	0.028227426	-0.026379341	0.053593334	-0.064071424	0.0356912	-0.043030765	0.026860742	-0.069896	0.07517952	-0.043465264	0.04106033	-0.09878373	0.08023353	-0.094688155	0.0711764	-0.060147665	0.15455389	-0.36958152	0.23844063	-0.078750655	0.07029677	-0.74518603	0.99999905	-0.22306238	0.08958316	-0.08128345	0.26569688	-0.3434164	0.17843753	-0.08591869	0.062612906	-0.2390815	0.20429723	-0.15961412	0.08923365	-0.090986796
0.05767262	-0.074842095	0.03806704	-0.03918498	0.038897365	-0.05822393	0.06511228	-0.03836209	0.04192529	-0.038371112	0.033047643	-0.06721414	0.08137105	-0.048605017	0.059221666	-0.033648387	0.08439465	-0.09501107	0.059502747	-0.05760513	0.118994	-0.09146466	0.11884945	-0.10286138	0.08627807	-0.19840078	0.21674222	-0.31845602	0.12337058	-0.11159073	0.17735815	-0.22306238	0.9999989	-0.20521267	0.13580662	-0.16985966	0.209893	-0.77356994	0.17918988	-0.11071492	0.16564977	-0.19081472	0.2524332	-0.16619979	0.15013807
-0.050796267	0.06643833	-0.036885716	0.04103395	-0.04129788	0.05231727	-0.058630068	0.037375376	-0.0443393	0.04150182	-0.028896801	0.06107215	-0.07497921	0.055173226	-0.07072	0.029484771	-0.07459533	0.0887816	-0.06999589	0.07231967	-0.1014113	0.07848246	-0.11297709	0.14386584	-0.12397924	0.15696214	-0.11871139	0.13181055	-0.31256065	0.19619513	-0.09061348	0.08958316	-0.20521267	0.9999989	-0.33505878	0.085969724	-0.1101345	0.18388443	-0.7245375	0.21613969	-0.104380675	0.11107489	-0.2493321	0.26933774	-0.28270417
0.056051698	-0.07358105	0.03840988	-0.041752152	0.041746456	-0.05620531	0.0626283	-0.03882928	0.04473378	-0.04183176	0.030849552	-0.06344343	0.07760625	-0.05408161	0.06791026	-0.03143321	0.07682699	-0.08994438	0.067253	-0.06933434	0.107540056	-0.07967947	0.10896625	-0.12682664	0.111990616	-0.18522435	0.10836635	-0.12292527	0.17000546	-0.1915842	0.08233058	-0.08128345	0.13580662	-0.33505878	0.99999887	-0.08027449	0.09743727	-0.13963246	0.22992535	-0.7463363	0.09748531	-0.106043786	0.20549098	-0.2650313	0.29514095
-0.0390533	0.050150473	-0.025485834	0.02575291	-0.025573805	0.03937863	-0.044215564	0.025620192	-0.027578615	0.02504516	-0.02279336	0.04561495	-0.05523937	0.031460404	-0.03808817	0.02314205	-0.058007106	0.06328686	-0.038362313	0.03632467	-0.08371875	0.06315634	-0.07863745	0.06222306	-0.053115577	0.13880847	-0.17024164	0.16132277	-0.06975894	0.063024916	-0.44382048	0.26569688	-0.16985966	0.085969724	-0.08027449	0.9999989	-0.5227704	0.1664868	-0.08433316	0.062607266	-0.61068475	0.3041706	-0.17556408	0.092721045	-0.09228953
0.04637603	-0.059889663	0.03014346	-0.030578127	0.030342048	-0.04661052	0.05217127	-0.030319277	0.03270338	-0.029770538	0.026698919	-0.053597067	0.0648276	-0.03736475	0.045235857	-0.027142925	0.06755261	-0.07459288	0.045537096	-0.043347135	0.09698174	-0.07336129	0.09189468	-0.07473947	0.06345869	-0.16568318	0.1812125	-0.1925187	0.084299505	-0.0768916	0.26310465	-0.3434164	0.209893	-0.1101345	0.09743727	-0.5227704	0.9999988	-0.27791306	0.107370615	-0.07789828	0.32229432	-0.5999502	0.21998835	-0.11999442	0.11245965
-0.050158676	0.06474885	-0.033503063	0.034626197	-0.034500502	0.050728172	-0.05698357	0.033735722	-0.037146773	0.033998556	-0.02897076	0.05882883	-0.07162063	0.04322899	-0.053053506	0.029446367	-0.07425649	0.082559615	-0.05318804	0.05148263	-0.10497353	0.07987791	-0.10449246	0.09135805	-0.07805086	0.1675473	-0.19605783	0.20897515	-0.114542976	0.100582555	-0.17364389	0.17843753	-0.77356994	0.18388443	-0.13963246	0.1664868	-0.27791306	0.99999887	-0.22132081	0.112361915	-0.17632943	0.19732328	-0.36472374	0.17872348	-0.16313832
0.048085902	-0.06312946	0.0338408	-0.037141155	0.03708466	-0.049062878	0.05471123	-0.03429066	0.039867397	-0.0372987	0.027013985	-0.05652334	0.068949945	-0.048942957	0.061449666	-0.027574237	0.068788275	-0.08182279	0.06111228	-0.06327111	0.094453804	-0.07243549	0.10066759	-0.12626274	0.10330797	-0.15481539	0.10908956	-0.12495377	0.187469	-0.17055205	0.08541327	-0.08591869	0.17918988	-0.7245375	0.22992535	-0.08433316	0.107370615	-0.22132081	0.9999991	-0.22793512	0.099523276	-0.11259908	0.23754987	-0.46287805	0.2545418
-0.039524283	0.05166139	-0.027363848	0.029747214	-0.029887052	0.039771046	-0.04447366	0.027633516	-0.03198905	0.029835176	-0.02195108	0.045202356	-0.05548432	0.03865992	-0.04897688	0.022348277	-0.05500851	0.06396886	-0.048402574	0.04922991	-0.07692851	0.057086434	-0.078697346	0.08889026	-0.08057754	0.12862529	-0.08189557	0.09103805	-0.1266407	0.12324007	-0.06378571	0.062612906	-0.11071492	0.21613969	-0.7463363	0.062607266	-0.07789828	0.112361915	-0.22793512	0.9999991	-0.07741515	0.084326826	-0.18836841	0.2367986	-0.51959133
0.049453273	-0.063887514	0.031712618	-0.032018397	0.03177909	-0.049235396	0.055072732	-0.03185396	0.034213677	-0.031114401	0.028110242	-0.055901635	0.067813404	-0.038806822	0.046869457	-0.028547345	0.070029646	-0.07711977	0.04719304	-0.044690322	0.10172964	-0.074913055	0.09419817	-0.075979985	0.06473648	-0.1808393	0.16342978	-0.17874287	0.08375446	-0.07701841	0.23545949	-0.2390815	0.16564977	-0.104380675	0.09748531	-0.61068475	0.32229432	-0.17632943	0.099523276	-0.07741515	0.999999	-0.5957091	0.2121996	-0.117130406	0.11199077
-0.044271298	0.056978565	-0.028865507	0.029376537	-0.029237144	0.044296023	-0.049730435	0.029001769	-0.031460516	0.028663104	-0.025396897	0.0507326	-0.061764464	0.035991903	-0.04378039	0.025770145	-0.06390014	0.070135474	-0.04399098	0.04192312	-0.09230495	0.06831041	-0.08691211	0.07197304	-0.06173716	0.15435416	-0.15910815	0.15791732	-0.083021566	0.075266235	-0.22039375	0.20429723	-0.19081472	0.11107489	-0.106043786	0.3041706	-0.5999502	0.19732328	-0.11259908	0.084326826	-0.5957091	0.99999887	-0.33427593	0.13688871	-0.12904015
0.0801126	-0.10412192	0.051246043	-0.052630965	0.05237093	-0.07852609	0.087704755	-0.051468488	0.05617828	-0.051526073	0.043968935	-0.087212846	0.106635176	-0.06432959	0.07828704	-0.04462497	0.1073039	-0.119669594	0.078492686	-0.07585952	0.15619612	-0.11138299	0.14491259	-0.13158461	0.11166499	-0.28492188	0.17966273	-0.20795561	0.1531922	-0.14475396	0.15667234	-0.15961412	0.2524332	-0.2493321	0.20549098	-0.17556408	0.21998835	-0.36472374	0.23754987	-0.18836841	0.2121996	-0.33427593	0.9999987	-0.476234	0.26371962
-0.047838554	0.062319115	-0.03244611	0.03462243	-0.034659985	0.04793504	-0.053642638	0.032714903	-0.037157886	0.034440912	-0.026674956	0.05441428	-0.06670454	0.044203945	-0.055177227	0.027129423	-0.06670291	0.07653938	-0.054898832	0.054836303	-0.09421565	0.069495454	-0.09441717	0.10006786	-0.08638284	0.15878357	-0.109104775	0.120913364	-0.14034952	0.12437928	-0.09052012	0.08923365	-0.16619979	0.26933774	-0.2650313	0.092721045	-0.11999442	0.17872348	-0.46287805	0.2367986	-0.117130406	0.13688871	-0.476234	0.9999986	-0.59258384
0.058316987	-0.07627749	0.038743626	-0.041112322	0.040987946	-0.057866283	0.06452488	-0.039058432	0.043940905	-0.0407693	0.03199139	-0.064762644	0.07922137	-0.051857106	0.06406314	-0.032540254	0.078864016	-0.09059457	0.06386783	-0.06394527	0.11228374	-0.081626944	0.109466396	-0.11600662	0.0983808	-0.19815998	0.11620797	-0.13196409	0.14618696	-0.14504299	0.09164861	-0.090986796	0.15013807	-0.28270417	0.29514095	-0.09228953	0.11245965	-0.16313832	0.2545418	-0.51959133	0.11199077	-0.12904015	0.26371962	-0.59258384	0.9999986
