1.0000001	-0.17479488	0.11554472	-0.06725065	0.076531634	-0.94531584	0.11170342	-0.106774524	0.083768	-0.09934605	0.16831239	-0.1066212	0.05877298	-0.06732525	0.03929561	-0.11950565	0.08944295	-0.05017139	0.047990378	-0.027503217	0.0414856	-0.04120814	0.042547602	-0.035064276	0.04210854	-0.022427877	0.021648832	-0.039380454	0.03263266	-0.03569776	0.015197353	-0.023870895	0.026266903	-0.02589283	0.027513342	-0.015868567	0.020862073	-0.025120532	0.028052492	-0.020446697	0.028379718	-0.022241501	0.034451995	-0.02300135	0.022259539
-0.17479488	1.0000001	-0.727878	0.24470103	-0.28962296	0.1419466	-0.39693785	0.23789577	-0.22258113	0.21520746	-0.22210366	0.19455372	-0.11939637	0.12581079	-0.07674825	0.15324317	-0.16749439	0.08925036	-0.08935689	0.052984267	-0.06882798	0.067408316	-0.07635252	0.06457147	-0.07980673	0.037783697	-0.03691063	0.06917022	-0.058154937	0.06248729	-0.026430583	0.04147463	-0.046470888	0.04577785	-0.048808977	0.027558094	-0.036508925	0.044246893	-0.049919397	0.036223054	-0.050073326	0.038805008	-0.061630327	0.040758345	-0.039657604
0.11554472	-0.727878	1.0	-0.44076267	0.27017936	-0.11644242	0.23169315	-0.2634942	0.21399708	-0.25454068	0.17115505	-0.16119465	0.11072607	-0.12472439	0.07658532	-0.1377565	0.1355316	-0.08348195	0.08417539	-0.05321382	0.062049113	-0.06142896	0.07138145	-0.062037166	0.07717883	-0.03564148	0.03464419	-0.06678199	0.055972982	-0.06161238	0.025509462	-0.04021078	0.045030177	-0.04451976	0.047540165	-0.026726104	0.035380397	-0.04309953	0.0485165	-0.035376236	0.04875852	-0.037965626	0.060203105	-0.03989741	0.038674705
-0.06725065	0.24470103	-0.44076267	0.9999998	-0.77396965	0.06462882	-0.15525399	0.18692657	-0.295114	0.24710855	-0.13082446	0.10824484	-0.08524933	0.095448345	-0.06745785	0.09892214	-0.10200011	0.06551981	-0.06923147	0.046082042	-0.047980893	0.047032576	-0.05708434	0.05109385	-0.06543873	0.027894285	-0.0272163	0.05316878	-0.04499107	0.049194474	-0.02030662	0.031987153	-0.036134847	0.03569976	-0.038219005	0.021265185	-0.028254716	0.03452437	-0.03907954	0.028434347	-0.039149534	0.030292511	-0.04870386	0.032088574	-0.031193707
0.076531634	-0.28962296	0.27017936	-0.77396965	0.9999998	-0.076546244	0.16740885	-0.21813759	0.2511761	-0.39571017	0.14757992	-0.1256724	0.098098665	-0.11294164	0.08796222	-0.11995336	0.11806331	-0.08139652	0.08620109	-0.060769692	0.058488883	-0.057672918	0.07097925	-0.0647032	0.08293327	-0.03489021	0.033945844	-0.0674032	0.05686758	-0.06315649	0.0257149	-0.040620986	0.045844503	-0.045408987	0.04863878	-0.02700553	0.03585703	-0.043945245	0.04964461	-0.036239207	0.04977993	-0.038659718	0.062004577	-0.040944822	0.039697427
-0.94531584	0.1419466	-0.11644242	0.06462882	-0.076546244	0.9999996	-0.11362705	0.09944484	-0.08131187	0.09162574	-0.21040505	0.10419403	-0.056590386	0.063192025	-0.03720738	0.11149697	-0.088660546	0.047716867	-0.045829035	0.025986573	-0.03972336	0.039126292	-0.040561475	0.033289623	-0.040026166	0.02119301	-0.020520343	0.037116457	-0.030842261	0.03344037	-0.01431772	0.022453468	-0.024760207	0.024378188	-0.025903597	0.01492483	-0.019643715	0.023631174	-0.026437782	0.019232454	-0.026710792	0.020874977	-0.032440823	0.02162158	-0.020960283
0.11170342	-0.39693785	0.23169315	-0.15525399	0.16740885	-0.11362705	0.9999993	-0.50516796	0.24185003	-0.25771195	0.28005832	-0.55626476	0.19749568	-0.21272157	0.09608075	-0.24096514	0.24661736	-0.12896232	0.117984116	-0.067558244	0.09688007	-0.09821587	0.1046501	-0.08603809	0.10209025	-0.052439656	0.050864056	-0.09481454	0.07784448	-0.08405058	0.035549335	-0.05592207	0.061966468	-0.061266422	0.06487374	-0.037081894	0.048853904	-0.05910238	0.06604854	-0.048078164	0.06614407	-0.05185669	0.08061536	-0.05394876	0.052263457
-0.106774524	0.23789577	-0.2634942	0.18692657	-0.21813759	0.09944484	-0.50516796	0.99999905	-0.54918015	0.28415462	-0.30990216	0.26177067	-0.30207524	0.23725037	-0.11194578	0.20342119	-0.2414791	0.13020098	-0.13276944	0.0765217	-0.098012015	0.09496947	-0.11156159	0.09420766	-0.11731075	0.053382512	-0.0524344	0.09857807	-0.08348965	0.0879737	-0.03746685	0.058660164	-0.066262625	0.06515838	-0.06951284	0.03896511	-0.051795512	0.06281938	-0.071243964	0.05148367	-0.07110447	0.054747865	-0.0878872	0.05786196	-0.05652465
0.083768	-0.22258113	0.21399708	-0.295114	0.2511761	-0.08131187	0.24185003	-0.54918015	0.99999887	-0.6063134	0.2119139	-0.18534575	0.18929952	-0.23646963	0.12816216	-0.16891569	0.17209268	-0.11956198	0.12561162	-0.08909212	0.08413676	-0.08292251	0.10326944	-0.09425642	0.120072536	-0.0499797	0.04868828	-0.09718624	0.0817808	-0.09033175	0.03674186	-0.058042534	0.06564164	-0.06507633	0.069612816	-0.038558513	0.05122397	-0.062846415	0.07100417	-0.051798224	0.07093871	-0.05510533	0.088403225	-0.05845431	0.056699347
-0.09934605	0.21520746	-0.25454068	0.24710855	-0.39571017	0.09162574	-0.25771195	0.28415462	-0.6063134	0.99999875	-0.27261132	0.1897141	-0.15499012	0.1648742	-0.23780823	0.18962651	-0.20884283	0.15369639	-0.18558039	0.14179842	-0.10798962	0.10417846	-0.1405733	0.13732009	-0.19477457	0.06423488	-0.06321477	0.12760349	-0.11048746	0.11704589	-0.0483059	0.07588658	-0.08785057	0.08658882	-0.0931508	0.050437864	-0.06767082	0.08332754	-0.09578691	0.06914174	-0.09474169	0.072020516	-0.12033337	0.07803084	-0.076572835
0.16831239	-0.22210366	0.17115505	-0.13082446	0.14757992	-0.21040505	0.28005832	-0.30990216	0.2119139	-0.27261132	0.999999	-0.4994969	0.18976434	-0.22503513	0.116607934	-0.54058117	0.31278524	-0.16577365	0.14961155	-0.082583226	0.14508249	-0.14552706	0.13748571	-0.10986204	0.12789775	-0.07483493	0.07169846	-0.12614629	0.10279674	-0.11209621	0.048430864	-0.07598963	0.08251589	-0.08136075	0.08593495	-0.05045638	0.06595422	-0.07889334	0.08739828	-0.06375455	0.088525705	-0.069926366	0.10616303	-0.071515925	0.06904086
-0.1066212	0.19455372	-0.16119465	0.10824484	-0.1256724	0.10419403	-0.55626476	0.26177067	-0.18534575	0.1897141	-0.4994969	0.9999988	-0.26172686	0.21108949	-0.08901218	0.28373924	-0.4775925	0.14150998	-0.12312033	0.06299828	-0.11290527	0.11303349	-0.11363252	0.086940125	-0.09962086	0.055204146	-0.054051954	0.09514658	-0.07782655	0.08067557	-0.03533919	0.055205762	-0.060919408	0.05997612	-0.06310142	0.03653248	-0.048075113	0.057578787	-0.064273275	0.0464742	-0.06399068	0.050112125	-0.07716088	0.051846232	-0.05041631
0.05877298	-0.11939637	0.11072607	-0.08524933	0.098098665	-0.056590386	0.19749568	-0.30207524	0.18929952	-0.15499012	0.18976434	-0.26172686	0.9999987	-0.8710707	0.07169777	-0.14439313	0.16463713	-0.113791846	0.097199455	-0.05074904	0.06759599	-0.06722708	0.084328964	-0.06757905	0.07721131	-0.036515124	0.03577583	-0.07009768	0.05748149	-0.059387043	0.02497242	-0.039269857	0.044472486	-0.044091307	0.046477385	-0.025953554	0.034417648	-0.042014215	0.047276814	-0.034188595	0.046269476	-0.036124997	0.056955103	-0.038146455	0.037158046
-0.06732525	0.12581079	-0.12472439	0.095448345	-0.11294164	0.063192025	-0.21272157	0.23725037	-0.23646963	0.1648742	-0.22503513	0.21108949	-0.8710707	0.9999983	-0.08233373	0.15067066	-0.18490708	0.11382568	-0.110469356	0.05712138	-0.07468788	0.07267283	-0.09197982	0.07489306	-0.08787717	0.039998077	-0.039394278	0.07601658	-0.06352299	0.06501089	-0.027572805	0.043225534	-0.049191277	0.048586402	-0.051421635	0.028602626	-0.038041607	0.04635385	-0.05246913	0.037817895	-0.05140155	0.039835457	-0.06348069	0.042227965	-0.04128029
0.03929561	-0.07674825	0.07658532	-0.06745785	0.08796222	-0.03720738	0.09608075	-0.11194578	0.12816216	-0.23780823	0.116607934	-0.08901218	0.07169777	-0.08233373	0.99999845	-0.12127564	0.115371525	-0.17404227	0.18769625	-0.7895639	0.08796137	-0.092168726	0.14921117	-0.23239152	0.28677204	-0.06236291	0.05991409	-0.15400678	0.11608725	-0.13925228	0.047473364	-0.077447824	0.088746384	-0.09314088	0.096668236	-0.050589826	0.066865705	-0.08641821	0.09420159	-0.07085262	0.087980896	-0.07260632	0.11024601	-0.078576766	0.0742227
-0.11950565	0.15324317	-0.1377565	0.09892214	-0.11995336	0.11149697	-0.24096514	0.20342119	-0.16891569	0.18962651	-0.54058117	0.28373924	-0.14439313	0.15067066	-0.12127564	0.99999845	-0.63167626	0.19676723	-0.18096258	0.0858455	-0.26098502	0.20190747	-0.17468289	0.12609014	-0.14341722	0.0957802	-0.09476604	0.13994014	-0.11656203	0.115196675	-0.055415478	0.08465407	-0.091356814	0.08836471	-0.09278282	0.056172244	-0.07371956	0.085296795	-0.09521762	0.06802152	-0.09652887	0.07452574	-0.11290199	0.07553342	-0.07403563
0.08944295	-0.16749439	0.1355316	-0.10200011	0.11806331	-0.088660546	0.24661736	-0.2414791	0.17209268	-0.20884283	0.31278524	-0.4775925	0.16463713	-0.18490708	0.115371525	-0.63167626	0.99999815	-0.27674383	0.17896345	-0.084341794	0.1930192	-0.22636294	0.18129899	-0.12969144	0.13627474	-0.0893247	0.08645552	-0.14723092	0.11427921	-0.11622068	0.052244868	-0.08162758	0.088184476	-0.087101996	0.0901296	-0.053724688	0.070001	-0.08310193	0.09129362	-0.06602976	0.09035643	-0.071834795	0.10674605	-0.07309034	0.070811294
-0.05017139	0.08925036	-0.08348195	0.06551981	-0.08139652	0.047716867	-0.12896232	0.13020098	-0.11956198	0.15369639	-0.16577365	0.14150998	-0.113791846	0.11382568	-0.17404227	0.19676723	-0.27674383	0.9999978	-0.5348543	0.13535497	-0.18819053	0.18621078	-0.60570204	0.27601367	-0.24886885	0.097317465	-0.09901686	0.24917705	-0.20107602	0.16207169	-0.06536878	0.103624254	-0.13034786	0.13143753	-0.13320376	0.06684738	-0.09071147	0.116361655	-0.13334396	0.09353704	-0.11319365	0.08981011	-0.14493546	0.10057201	-0.099729046
0.047990378	-0.08935689	0.08417539	-0.06923147	0.08620109	-0.045829035	0.117984116	-0.13276944	0.12561162	-0.18558039	0.14961155	-0.12312033	0.097199455	-0.110469356	0.18769625	-0.18096258	0.17896345	-0.5348543	0.9999975	-0.18422455	0.14024128	-0.15147094	0.2945648	-0.58115816	0.28024822	-0.09086418	0.08820746	-0.24373832	0.17414688	-0.1825547	0.0647159	-0.10536495	0.12376874	-0.13060932	0.13136244	-0.068193026	0.090469696	-0.11782393	0.12835121	-0.09496315	0.115147375	-0.095134266	0.14422429	-0.10375635	0.09886182
-0.027503217	0.052984267	-0.05321382	0.046082042	-0.060769692	0.025986573	-0.067558244	0.0765217	-0.08909212	0.14179842	-0.082583226	0.06299828	-0.05074904	0.05712138	-0.7895639	0.0858455	-0.084341794	0.13535497	-0.18422455	0.9999978	-0.06685082	0.06918113	-0.12598568	0.20637044	-0.4845426	0.044820387	-0.043540206	0.11216515	-0.08712475	0.09654464	-0.033508264	0.0543813	-0.063769154	0.066741034	-0.06924488	0.035424545	-0.047135144	0.06103657	-0.06743074	0.050005466	-0.06141942	0.05022294	-0.07770714	0.055022273	-0.05261598
0.0414856	-0.06882798	0.062049113	-0.047980893	0.058488883	-0.03972336	0.09688007	-0.098012015	0.08413676	-0.10798962	0.14508249	-0.11290527	0.06759599	-0.07468788	0.08796137	-0.26098502	0.1930192	-0.18819053	0.14024128	-0.06685082	0.9999981	-0.8412132	0.20108473	-0.11948254	0.11287676	-0.25000468	0.19148576	-0.16259545	0.114062175	-0.111365974	0.07440342	-0.10970206	0.09424367	-0.08766737	0.086843304	-0.07246982	0.087028556	-0.08778142	0.088749625	-0.0635046	0.09830048	-0.08045531	0.09715025	-0.06921238	0.06639303
-0.04120814	0.067408316	-0.06142896	0.047032576	-0.057672918	0.039126292	-0.09821587	0.09496947	-0.08292251	0.10417846	-0.14552706	0.11303349	-0.06722708	0.07267283	-0.092168726	0.20190747	-0.22636294	0.18621078	-0.15147094	0.06918113	-0.8412132	0.9999981	-0.2780073	0.124956965	-0.12161615	0.18876895	-0.21465841	0.16005422	-0.1189845	0.107721694	-0.071883254	0.10577894	-0.09511781	0.087326095	-0.08718634	0.068404354	-0.08671095	0.086471215	-0.08951932	0.06310921	-0.098473944	0.07793097	-0.097640716	0.068549305	-0.06660607
0.042547602	-0.07635252	0.07138145	-0.05708434	0.07097925	-0.040561475	0.1046501	-0.11156159	0.10326944	-0.1405733	0.13748571	-0.11363252	0.084328964	-0.09197982	0.14921117	-0.17468289	0.18129899	-0.60570204	0.2945648	-0.12598568	0.20108473	-0.2780073	0.99999774	-0.3599957	0.22042754	-0.11148179	0.111325435	-0.46161693	0.2194696	-0.18074644	0.06891435	-0.11219967	0.1394375	-0.14702953	0.13858144	-0.07089863	0.09495449	-0.12596695	0.13588032	-0.097404845	0.113580994	-0.093528785	0.14211985	-0.10347497	0.1002946
-0.035064276	0.06457147	-0.062037166	0.05109385	-0.0647032	0.033289623	-0.08603809	0.09420766	-0.09425642	0.13732009	-0.10986204	0.086940125	-0.06757905	0.07489306	-0.23239152	0.12609014	-0.12969144	0.27601367	-0.58115816	0.20637044	-0.11948254	0.124956965	-0.3599957	0.9999973	-0.5881039	0.07156721	-0.07105105	0.19804218	-0.15939945	0.1401139	-0.050371334	0.08147001	-0.10012899	0.106338665	-0.10597069	0.052465625	-0.070491076	0.092426196	-0.103174195	0.07465197	-0.08847906	0.072138056	-0.11270953	0.080480665	-0.07806593
0.04210854	-0.07980673	0.07717883	-0.06543873	0.08293327	-0.040026166	0.10209025	-0.11731075	0.120072536	-0.19477457	0.12789775	-0.09962086	0.07721131	-0.08787717	0.28677204	-0.14341722	0.13627474	-0.24886885	0.28024822	-0.4845426	0.11287676	-0.12161615	0.22042754	-0.5881039	0.99999744	-0.078197874	0.07539029	-0.20786925	0.1515732	-0.17440452	0.057883605	-0.09471711	0.1102698	-0.11764483	0.12022122	-0.061441507	0.08137607	-0.10639962	0.115665354	-0.08671177	0.10483437	-0.087014586	0.13174997	-0.095074505	0.090096734
-0.022427877	0.037783697	-0.03564148	0.027894285	-0.03489021	0.02119301	-0.052439656	0.053382512	-0.0499797	0.06423488	-0.07483493	0.055204146	-0.036515124	0.039998077	-0.06236291	0.0957802	-0.0893247	0.097317465	-0.09086418	0.044820387	-0.25000468	0.18876895	-0.11148179	0.07156721	-0.078197874	0.99999744	-0.8769726	0.13093114	-0.10707353	0.09872468	-0.18056348	0.20594992	-0.12364147	0.089225665	-0.08670852	0.13853393	-0.16266283	0.108403325	-0.09588562	0.06479983	-0.15317018	0.11693606	-0.09994856	0.07047529	-0.06782185
0.021648832	-0.03691063	0.03464419	-0.0272163	0.033945844	-0.020520343	0.050864056	-0.0524344	0.04868828	-0.06321477	0.07169846	-0.054051954	0.03577583	-0.039394278	0.05991409	-0.09476604	0.08645552	-0.09901686	0.08820746	-0.043540206	0.19148576	-0.21465841	0.111325435	-0.07105105	0.07539029	-0.8769726	0.9999977	-0.14716518	0.10631257	-0.099193096	0.15249568	-0.2721449	0.12228194	-0.08981543	0.084613696	-0.13878271	0.15457322	-0.10992332	0.092864834	-0.06349269	0.13766779	-0.11707933	0.0952459	-0.06879366	0.06537356
-0.039380454	0.06917022	-0.06678199	0.05316878	-0.0674032	0.037116457	-0.09481454	0.09857807	-0.09718624	0.12760349	-0.12614629	0.09514658	-0.07009768	0.07601658	-0.15400678	0.13994014	-0.14723092	0.24917705	-0.24373832	0.11216515	-0.16259545	0.16005422	-0.46161693	0.19804218	-0.20786925	0.13093114	-0.14716518	0.99999756	-0.599185	0.2510967	-0.09511803	0.15606488	-0.26285926	0.25345546	-0.23326373	0.09567105	-0.13675609	0.19661643	-0.22965619	0.15124413	-0.15504023	0.12459218	-0.21464197	0.1538665	-0.15712921
0.03263266	-0.058154937	0.055972982	-0.04499107	0.05686758	-0.030842261	0.07784448	-0.08348965	0.0817808	-0.11048746	0.10279674	-0.07782655	0.05748149	-0.06352299	0.11608725	-0.11656203	0.11427921	-0.20107602	0.17414688	-0.08712475	0.114062175	-0.1189845	0.2194696	-0.15939945	0.1515732	-0.10707353	0.10631257	-0.599185	0.99999744	-0.4035352	0.08751491	-0.15357172	0.23417939	-0.4967858	0.27305037	-0.09158443	0.12920679	-0.21305248	0.23616578	-0.17334265	0.14119811	-0.1222157	0.19778718	-0.16555473	0.15922438
-0.03569776	0.06248729	-0.06161238	0.049194474	-0.06315649	0.03344037	-0.08405058	0.0879737	-0.09033175	0.11704589	-0.11209621	0.08067557	-0.059387043	0.06501089	-0.13925228	0.115196675	-0.11622068	0.16207169	-0.1825547	0.09654464	-0.111365974	0.107721694	-0.18074644	0.1401139	-0.17440452	0.09872468	-0.099193096	0.2510967	-0.4035352	0.9999977	-0.09666547	0.15843889	-0.24769937	0.3040493	-0.6413375	0.099719726	-0.14578813	0.21904828	-0.30270278	0.23886761	-0.17712867	0.13895805	-0.30470595	0.21522422	-0.25721696
0.015197353	-0.026430583	0.025509462	-0.02030662	0.0257149	-0.01431772	0.035549335	-0.03746685	0.03674186	-0.0483059	0.048430864	-0.03533919	0.02497242	-0.027572805	0.047473364	-0.055415478	0.052244868	-0.06536878	0.0647159	-0.033508264	0.07440342	-0.071883254	0.06891435	-0.050371334	0.057883605	-0.18056348	0.15249568	-0.09511803	0.08751491	-0.09666547	0.9999982	-0.40741408	0.1443821	-0.09184792	0.08437259	-0.82582796	0.2520012	-0.14153251	0.09959673	-0.06708505	0.204458	-0.1897688	0.099813946	-0.07367227	0.06776757
-0.023870895	0.04147463	-0.04021078	0.031987153	-0.040620986	0.022453468	-0.05592207	0.058660164	-0.058042534	0.07588658	-0.07598963	0.055205762	-0.039269857	0.043225534	-0.077447824	0.08465407	-0.08162758	0.103624254	-0.10536495	0.0543813	-0.10970206	0.10577894	-0.11219967	0.08147001	-0.09471711	0.20594992	-0.2721449	0.15606488	-0.15357172	0.15843889	-0.40741408	0.99999845	-0.35250926	0.16470456	-0.149668	0.2772338	-0.5921836	0.24802828	-0.17963472	0.115269594	-0.33261403	0.26191822	-0.17341383	0.12458679	-0.11756547
0.026266903	-0.046470888	0.045030177	-0.036134847	0.045844503	-0.024760207	0.061966468	-0.066262625	0.06564164	-0.08785057	0.08251589	-0.060919408	0.044472486	-0.049191277	0.088746384	-0.091356814	0.088184476	-0.13034786	0.12376874	-0.063769154	0.09424367	-0.09511781	0.1394375	-0.10012899	0.1102698	-0.12364147	0.12228194	-0.26285926	0.23417939	-0.24769937	0.1443821	-0.35250926	0.9999987	-0.4101621	0.2273164	-0.14993097	0.23396751	-0.6630452	0.27409983	-0.17992103	0.18751088	-0.17923458	0.21697585	-0.18272306	0.16123937
-0.02589283	0.04577785	-0.04451976	0.03569976	-0.045408987	0.024378188	-0.061266422	0.06515838	-0.06507633	0.08658882	-0.08136075	0.05997612	-0.044091307	0.048586402	-0.09314088	0.08836471	-0.087101996	0.13143753	-0.13060932	0.066741034	-0.08766737	0.087326095	-0.14702953	0.106338665	-0.11764483	0.089225665	-0.08981543	0.25345546	-0.4967858	0.3040493	-0.09184792	0.16470456	-0.4101621	0.9999988	-0.50574636	0.09389581	-0.14384684	0.26299983	-0.42286584	0.2216079	-0.142956	0.12322155	-0.21811353	0.18965682	-0.19567639
0.027513342	-0.048808977	0.047540165	-0.038219005	0.04863878	-0.025903597	0.06487374	-0.06951284	0.069612816	-0.0931508	0.08593495	-0.06310142	0.046477385	-0.051421635	0.096668236	-0.09278282	0.0901296	-0.13320376	0.13136244	-0.06924488	0.086843304	-0.08718634	0.13858144	-0.10597069	0.12022122	-0.08670852	0.084613696	-0.23326373	0.27305037	-0.6413375	0.08437259	-0.149668	0.2273164	-0.50574636	0.99999875	-0.08961416	0.12853101	-0.22612448	0.27779457	-0.34627032	0.1398397	-0.123003386	0.22116205	-0.21221437	0.2267644
-0.015868567	0.027558094	-0.026726104	0.021265185	-0.02700553	0.01492483	-0.037081894	0.03896511	-0.038558513	0.050437864	-0.05045638	0.03653248	-0.025953554	0.028602626	-0.050589826	0.056172244	-0.053724688	0.06684738	-0.068193026	0.035424545	-0.07246982	0.068404354	-0.07089863	0.052465625	-0.061441507	0.13853393	-0.13878271	0.09567105	-0.09158443	0.099719726	-0.82582796	0.2772338	-0.14993097	0.09389581	-0.08961416	0.99999905	-0.3485041	0.14315571	-0.10734423	0.07085746	-0.28563237	0.2049891	-0.109633386	0.07818124	-0.07313841
0.020862073	-0.036508925	0.035380397	-0.028254716	0.03585703	-0.019643715	0.048853904	-0.051795512	0.05122397	-0.06767082	0.06595422	-0.048075113	0.034417648	-0.038041607	0.066865705	-0.07371956	0.070001	-0.09071147	0.090469696	-0.047135144	0.087028556	-0.08671095	0.09495449	-0.070491076	0.08137607	-0.16266283	0.15457322	-0.13675609	0.12920679	-0.14578813	0.2520012	-0.5921836	0.23396751	-0.14384684	0.12853101	-0.3485041	0.999999	-0.31678283	0.1633204	-0.1068158	0.29983526	-0.5102603	0.15545863	-0.11711022	0.10525114
-0.025120532	0.044246893	-0.04309953	0.03452437	-0.043945245	0.023631174	-0.05910238	0.06281938	-0.062846415	0.08332754	-0.07889334	0.057578787	-0.042014215	0.04635385	-0.08641821	0.085296795	-0.08310193	0.116361655	-0.11782393	0.06103657	-0.08778142	0.086471215	-0.12596695	0.092426196	-0.10639962	0.108403325	-0.10992332	0.19661643	-0.21305248	0.21904828	-0.14153251	0.24802828	-0.6630452	0.26299983	-0.22612448	0.14315571	-0.31678283	0.99999905	-0.43198743	0.19804642	-0.20678923	0.18471166	-0.3020211	0.20877422	-0.19298421
0.028052492	-0.049919397	0.0485165	-0.03907954	0.04964461	-0.026437782	0.06604854	-0.071243964	0.07100417	-0.09578691	0.08739828	-0.064273275	0.047276814	-0.05246913	0.09420159	-0.09521762	0.09129362	-0.13334396	0.12835121	-0.06743074	0.088749625	-0.08951932	0.13588032	-0.103174195	0.115665354	-0.09588562	0.092864834	-0.22965619	0.23616578	-0.30270278	0.09959673	-0.17963472	0.27409983	-0.42286584	0.27779457	-0.10734423	0.1633204	-0.43198743	0.9999994	-0.48084626	0.15810198	-0.14880982	0.27585933	-0.37685832	0.28566208
-0.020446697	0.036223054	-0.035376236	0.028434347	-0.036239207	0.019232454	-0.048078164	0.05148367	-0.051798224	0.06914174	-0.06375455	0.0464742	-0.034188595	0.037817895	-0.07085262	0.06802152	-0.06602976	0.09353704	-0.09496315	0.050005466	-0.0635046	0.06310921	-0.097404845	0.07465197	-0.08671177	0.06479983	-0.06349269	0.15124413	-0.17334265	0.23886761	-0.06708505	0.115269594	-0.17992103	0.2216079	-0.34627032	0.07085746	-0.1068158	0.19804642	-0.48084626	0.9999993	-0.11297651	0.09908428	-0.25832012	0.2767369	-0.69262326
0.028379718	-0.050073326	0.04875852	-0.039149534	0.04977993	-0.026710792	0.06614407	-0.07110447	0.07093871	-0.09474169	0.088525705	-0.06399068	0.046269476	-0.05140155	0.087980896	-0.09652887	0.09035643	-0.11319365	0.115147375	-0.06141942	0.09830048	-0.098473944	0.113580994	-0.08847906	0.10483437	-0.15317018	0.13766779	-0.15504023	0.14119811	-0.17712867	0.204458	-0.33261403	0.18751088	-0.142956	0.1398397	-0.28563237	0.29983526	-0.20678923	0.15810198	-0.11297651	0.9999993	-0.74306077	0.17378621	-0.12897424	0.11516762
-0.022241501	0.038805008	-0.037965626	0.030292511	-0.038659718	0.020874977	-0.05185669	0.054747865	-0.05510533	0.072020516	-0.069926366	0.050112125	-0.036124997	0.039835457	-0.07260632	0.07452574	-0.071834795	0.08981011	-0.095134266	0.05022294	-0.08045531	0.07793097	-0.093528785	0.072138056	-0.087014586	0.11693606	-0.11707933	0.12459218	-0.1222157	0.13895805	-0.1897688	0.26191822	-0.17923458	0.12322155	-0.123003386	0.2049891	-0.5102603	0.18471166	-0.14880982	0.09908428	-0.74306077	0.9999988	-0.16767366	0.11311011	-0.10515059
0.034451995	-0.061630327	0.060203105	-0.04870386	0.062004577	-0.032440823	0.08061536	-0.0878872	0.088403225	-0.12033337	0.10616303	-0.07716088	0.056955103	-0.06348069	0.11024601	-0.11290199	0.10674605	-0.14493546	0.14422429	-0.07770714	0.09715025	-0.097640716	0.14211985	-0.11270953	0.13174997	-0.09994856	0.0952459	-0.21464197	0.19778718	-0.30470595	0.099813946	-0.17341383	0.21697585	-0.21811353	0.22116205	-0.109633386	0.15545863	-0.3020211	0.27585933	-0.25832012	0.17378621	-0.16767366	0.99999905	-0.66010606	0.2664709
-0.02300135	0.040758345	-0.03989741	0.032088574	-0.040944822	0.02162158	-0.05394876	0.05786196	-0.05845431	0.07803084	-0.071515925	0.051846232	-0.038146455	0.042227965	-0.078576766	0.07553342	-0.07309034	0.10057201	-0.10375635	0.055022273	-0.06921238	0.068549305	-0.10347497	0.080480665	-0.095074505	0.07047529	-0.06879366	0.1538665	-0.16555473	0.21522422	-0.07367227	0.12458679	-0.18272306	0.18965682	-0.21221437	0.07818124	-0.11711022	0.20877422	-0.37685832	0.2767369	-0.12897424	0.11311011	-0.66010606	0.9999991	-0.5101584
0.022259539	-0.039657604	0.038674705	-0.031193707	0.039697427	-0.020960283	0.052263457	-0.05652465	0.056699347	-0.076572835	0.06904086	-0.05041631	0.037158046	-0.04128029	0.0742227	-0.07403563	0.070811294	-0.099729046	0.09886182	-0.05261598	0.06639303	-0.06660607	0.1002946	-0.07806593	0.090096734	-0.06782185	0.06537356	-0.15712921	0.15922438	-0.25721696	0.06776757	-0.11756547	0.16123937	-0.19567639	0.2267644	-0.07313841	0.10525114	-0.19298421	0.28566208	-0.69262326	0.11516762	-0.10515059	0.2664709	-0.5101584	0.9999991
