1.0	-0.5996029	0.13241275	-0.111751184	0.1065495	-0.65368795	0.3286195	-0.10766765	0.10074793	-0.08929358	0.1887192	-0.21129376	0.12916273	-0.12887327	0.11536816	-0.12940006	0.10631656	-0.11163671	0.1372229	-0.08713279	0.10682579	-0.110218026	0.107010074	-0.095892295	0.115860194	-0.070400156	0.09247096	-0.08030956	0.070222154	-0.07577576	0.077757366	-0.07843895	0.06778187	-0.07222799	0.0688142	-0.030197805	0.0593632	-0.06957623	0.055873986	-0.07465705	0.03231399	-0.03374684	0.032034032	-0.035853803	0.04818102
-0.5996029	1.0000002	-0.21307912	0.14534661	-0.14049451	0.3226065	-0.6111094	0.13806766	-0.13466264	0.110685766	-0.1982741	0.2234507	-0.15896279	0.14853397	-0.14485773	0.12417909	-0.12002302	0.120479934	-0.16312101	0.10479676	-0.11442966	0.11343753	-0.12028477	0.106094025	-0.1418796	0.074174196	-0.09953169	0.08558864	-0.07642479	0.08179053	-0.085000664	0.08185332	-0.07260423	0.07684729	-0.07563379	0.032199796	-0.06307091	0.07265753	-0.058793347	0.07612116	-0.0347137	0.03534453	-0.033784155	0.03755846	-0.05066636
0.13241275	-0.21307912	1.0000001	-0.7326854	0.21770978	-0.10460347	0.13616768	-0.4451283	0.30239007	-0.1991871	0.1203534	-0.19821352	0.18543103	-0.19864833	0.15877889	-0.08789745	0.10386156	-0.12042474	0.1422601	-0.11164214	0.083160326	-0.08948856	0.09694705	-0.09320578	0.12790106	-0.057060435	0.07796589	-0.07192238	0.064237915	-0.072164334	0.06418397	-0.06680468	0.059895106	-0.06502431	0.06384752	-0.025660232	0.05113668	-0.060195543	0.048869558	-0.06549808	0.027508447	-0.029102076	0.027681815	-0.031290207	0.04199767
-0.111751184	0.14534661	-0.7326854	1.0000001	-0.33016685	0.08501916	-0.11210327	0.288792	-0.45124045	0.2009064	-0.1036818	0.15862843	-0.16439088	0.17584118	-0.16217896	0.07461644	-0.08845287	0.09982311	-0.13064012	0.10539095	-0.07181021	0.076723136	-0.08576703	0.0825172	-0.12304726	0.049156222	-0.06758759	0.06261354	-0.056410633	0.06345702	-0.055647142	0.057616595	-0.052148994	0.05662086	-0.05642898	0.022193056	-0.04428324	0.051953226	-0.042166725	0.056024462	-0.02382814	0.025098573	-0.023913112	0.026963126	-0.036185626
0.1065495	-0.14049451	0.21770978	-0.33016685	1.0000002	-0.08918031	0.10586169	-0.17107952	0.1847566	-0.7653927	0.12777287	-0.20223075	0.16433133	-0.22742626	0.2668232	-0.09606135	0.10649826	-0.12315611	0.17171107	-0.18168741	0.09283225	-0.10209254	0.11484251	-0.11515442	0.17503381	-0.06639359	0.091073416	-0.08786035	0.07879274	-0.0930582	0.07459971	-0.080085225	0.072729506	-0.08017235	0.0800463	-0.030647587	0.06145498	-0.07312569	0.060151633	-0.08193531	0.032805067	-0.035359498	0.033587918	-0.038518425	0.05173237
-0.65368795	0.3226065	-0.10460347	0.08501916	-0.08918031	1.0000002	-0.6211923	0.09115015	-0.08719304	0.07302728	-0.23526238	0.19081987	-0.11815786	0.10913155	-0.099450886	0.12630208	-0.09906922	0.098310694	-0.11951332	0.074166	-0.102084346	0.098898925	-0.093843244	0.08243599	-0.09940812	0.062138587	-0.08164308	0.06854244	-0.05999356	0.06354088	-0.06875381	0.06739385	-0.057960205	0.061214793	-0.058169167	0.025944732	-0.050896104	0.059032798	-0.04638573	0.060858022	-0.027804866	0.028497467	-0.02709626	0.029756442	-0.03979986
0.3286195	-0.6111094	0.13616768	-0.11210327	0.10586169	-0.6211923	1.0	-0.12591234	0.11114975	-0.08815561	0.18323822	-0.2948803	0.1471763	-0.13465646	0.11591567	-0.12070386	0.1171224	-0.11809544	0.13370256	-0.08518882	0.10153574	-0.10330762	0.1010045	-0.09030708	0.112056166	-0.06464136	0.085956655	-0.07365955	0.064842515	-0.069271035	0.07186343	-0.071456105	0.062087934	-0.06592141	0.06317528	-0.027508931	0.05415929	-0.062965624	0.049880102	-0.06558469	0.029495494	-0.030416282	0.028935751	-0.03197412	0.042822327
-0.10766765	0.13806766	-0.4451283	0.288792	-0.17107952	0.09115015	-0.12591234	1.0000002	-0.7451126	0.1452785	-0.11456054	0.19099227	-0.318306	0.22418848	-0.15571317	0.08242373	-0.111663945	0.12725624	-0.14225674	0.10267794	-0.07882347	0.08380976	-0.09161119	0.08754219	-0.121815056	0.052314628	-0.07232116	0.065638274	-0.05905164	0.06477545	-0.059077762	0.060690254	-0.05461716	0.05896329	-0.05800348	0.023286533	-0.04648621	0.054265402	-0.043393023	0.05714404	-0.025006346	0.026124028	-0.024898754	0.027755039	-0.037125863
0.10074793	-0.13466264	0.30239007	-0.45124045	0.1847566	-0.08719304	0.11114975	-0.7451126	1.0000002	-0.17851257	0.11178196	-0.19597556	0.22621767	-0.27332267	0.16103284	-0.08239635	0.105919115	-0.12529728	0.14200859	-0.108066894	0.07817316	-0.084430784	0.09183665	-0.089673966	0.12258397	-0.05279964	0.07274161	-0.067080855	0.060149048	-0.06674737	0.059310477	-0.06188432	0.055631954	-0.06040072	0.059166454	-0.023648826	0.0472884	-0.055539917	0.044521105	-0.059179757	0.025355427	-0.026729044	0.02543666	-0.028500188	0.038110938
-0.08929358	0.110685766	-0.1991871	0.2009064	-0.7653927	0.07302728	-0.08815561	0.1452785	-0.17851257	1.0000004	-0.10807323	0.16125259	-0.15252481	0.201982	-0.45583764	0.08007328	-0.09075833	0.10274454	-0.16408442	0.18832366	-0.078694426	0.086013205	-0.10121981	0.102266535	-0.1982066	0.05566535	-0.07725814	0.07505844	-0.06853141	0.08113616	-0.06292576	0.06727207	-0.0620979	0.06849569	-0.07075624	0.025748612	-0.051852245	0.061336536	-0.050064173	0.066977516	-0.02761737	0.029540116	-0.028133918	0.03198521	-0.04285016
0.1887192	-0.1982741	0.1203534	-0.1036818	0.12777287	-0.23526238	0.18323822	-0.11456054	0.11178196	-0.10807323	1.0000007	-0.35627046	0.18677415	-0.18440627	0.15597433	-0.6359177	0.20930505	-0.21533029	0.21208608	-0.12510695	0.2849489	-0.28717852	0.19784771	-0.17571475	0.1656165	-0.1599036	0.1941145	-0.15706246	0.13049649	-0.13550147	0.15656112	-0.16548027	0.131052	-0.13842258	0.12079486	-0.059560735	0.11756066	-0.13960214	0.100382656	-0.13489416	0.06269942	-0.06575727	0.0616234	-0.065132	0.0848527
-0.21129376	0.2234507	-0.19821352	0.15862843	-0.20223075	0.19081987	-0.2948803	0.19099227	-0.19597556	0.16125259	-0.35627046	1.0000006	-0.4904045	0.2797724	-0.25136858	0.21154295	-0.38370332	0.2782762	-0.2866153	0.17368518	-0.20106399	0.19704723	-0.20176724	0.1758789	-0.23128141	0.11935969	-0.16564466	0.13689986	-0.12272041	0.12780198	-0.13617952	0.13061954	-0.115567856	0.121392585	-0.11834488	0.050645065	-0.10007136	0.11399019	-0.08904494	0.113457575	-0.054614067	0.0548508	-0.052487742	0.05690186	-0.07598689
0.12916273	-0.15896279	0.18543103	-0.16439088	0.16433133	-0.11815786	0.1471763	-0.318306	0.22621767	-0.15252481	0.18677415	-0.4904045	1.0000007	-0.59885716	0.22412297	-0.14165439	0.2360692	-0.34713367	0.22347869	-0.15370306	0.13083799	-0.1425352	0.14437555	-0.1402123	0.17430823	-0.08349907	0.11616883	-0.10319176	0.09198965	-0.09874783	0.09284006	-0.096323565	0.08535815	-0.0919251	0.0881145	-0.036379363	0.07289739	-0.085038304	0.06624424	-0.08694679	0.03897609	-0.040628526	0.038655423	-0.042450923	0.056381304
-0.12887327	0.14853397	-0.19864833	0.17584118	-0.22742626	0.10913155	-0.13465646	0.22418848	-0.27332267	0.201982	-0.18440627	0.2797724	-0.59885716	1.0000008	-0.43907458	0.13271557	-0.18544064	0.20326053	-0.34905803	0.21783583	-0.13198715	0.14113598	-0.16949902	0.17068665	-0.24870192	0.08785504	-0.12372768	0.11654305	-0.107217096	0.115691125	-0.099752076	0.10389645	-0.095863976	0.10428243	-0.103463925	0.0396734	-0.07995821	0.0932816	-0.073895745	0.0961946	-0.042651456	0.044600964	-0.042587332	0.047184117	-0.062808804
0.11536816	-0.14485773	0.15877889	-0.16217896	0.2668232	-0.099450886	0.11591567	-0.15571317	0.16103284	-0.45583764	0.15597433	-0.25136858	0.22412297	-0.43907458	1.0000007	-0.11890313	0.13530879	-0.15869722	0.24656324	-0.5063203	0.11587467	-0.12930216	0.14990538	-0.16058865	0.28807113	-0.08302657	0.11521562	-0.11477712	0.10416914	-0.12741667	0.09296856	-0.10202444	0.094015226	-0.10494435	0.10683771	-0.03864504	0.07819675	-0.09336814	0.07569938	-0.10250673	0.041334193	-0.04477057	0.0425296	-0.048450563	0.06466053
-0.12940006	0.12417909	-0.08789745	0.07461644	-0.09606135	0.12630208	-0.12070386	0.08242373	-0.08239635	0.08007328	-0.6359177	0.21154295	-0.14165439	0.13271557	-0.11890313	1.0000006	-0.22762069	0.17848109	-0.17463355	0.096027516	-0.58379984	0.26501206	-0.18243662	0.14131486	-0.12902206	0.15249918	-0.19043836	0.12618406	-0.105935164	0.10310034	-0.16006684	0.13580854	-0.10770634	0.10859154	-0.09522343	0.05117122	-0.098716214	0.1102861	-0.077096805	0.098135315	-0.05460684	0.0520493	-0.049373146	0.04982356	-0.06471512
0.10631656	-0.12002302	0.10386156	-0.08845287	0.10649826	-0.09906922	0.1171224	-0.111663945	0.105919115	-0.09075833	0.20930505	-0.38370332	0.2360692	-0.18544064	0.13530879	-0.22762069	1.0000006	-0.8006042	0.17991854	-0.10274677	0.18073966	-0.23646718	0.14939418	-0.12848665	0.12988046	-0.09520515	0.13842891	-0.102702506	0.087987244	-0.088019	0.10092366	-0.10404764	0.085422	-0.088681206	0.08010374	-0.037473623	0.07547823	-0.08602283	0.062179994	-0.079755165	0.039984986	-0.0404486	0.038397495	-0.04003338	0.052347165
-0.11163671	0.120479934	-0.12042474	0.09982311	-0.12315611	0.098310694	-0.11809544	0.12725624	-0.12529728	0.10274454	-0.21533029	0.2782762	-0.34713367	0.20326053	-0.15869722	0.17848109	-0.8006042	1.0000007	-0.22065696	0.11679684	-0.17400278	0.18434286	-0.1617762	0.13672446	-0.14856856	0.09389639	-0.13900255	0.105318405	-0.09257067	0.09246501	-0.104100905	0.10279456	-0.088156715	0.091436796	-0.0850005	0.038399693	-0.077113174	0.08698446	-0.06471697	0.08223562	-0.04125529	0.041267935	-0.03939598	0.041492894	-0.054658163
0.1372229	-0.16312101	0.1422601	-0.13064012	0.17171107	-0.11951332	0.13370256	-0.14225674	0.14200859	-0.16408442	0.21208608	-0.2866153	0.22347869	-0.34905803	0.24656324	-0.17463355	0.17991854	-0.22065696	1.0000007	-0.32439774	0.17559344	-0.21545546	0.2870442	-0.5183761	0.27296296	-0.1301672	0.1865272	-0.21733513	0.20013438	-0.19718443	0.14246213	-0.173028	0.16465738	-0.1921302	0.16547774	-0.06248258	0.13038811	-0.15940483	0.120710656	-0.16159998	0.06642002	-0.073934086	0.06993761	-0.077515036	0.10068177
-0.08713279	0.10479676	-0.11164214	0.10539095	-0.18168741	0.074166	-0.08518882	0.10267794	-0.108066894	0.18832366	-0.12510695	0.17368518	-0.15370306	0.21783583	-0.5063203	0.096027516	-0.10274677	0.11679684	-0.32439774	1.0000011	-0.09722735	0.11051923	-0.14482884	0.16726698	-0.70828265	0.07097861	-0.101141155	0.107309006	-0.10237271	0.13222691	-0.07981435	0.090331495	-0.08727376	0.09921856	-0.11208232	0.03393666	-0.06984617	0.08337155	-0.06713717	0.08895509	-0.036356945	0.039568305	-0.03772184	0.042757243	-0.056684967
0.10682579	-0.11442966	0.083160326	-0.07181021	0.09283225	-0.102084346	0.10153574	-0.07882347	0.07817316	-0.078694426	0.2849489	-0.20106399	0.13083799	-0.13198715	0.11587467	-0.58379984	0.18073966	-0.17400278	0.17559344	-0.09722735	1.000001	-0.57942843	0.20729117	-0.16872036	0.12945746	-0.24340743	0.23854083	-0.15551919	0.12422242	-0.11931329	0.19227462	-0.1791501	0.12916309	-0.13118307	0.1076808	-0.061636493	0.11935198	-0.13701792	0.088423885	-0.11386187	0.06444074	-0.06297004	0.058939364	-0.05770932	0.07327306
-0.110218026	0.11343753	-0.08948856	0.076723136	-0.10209254	0.098898925	-0.10330762	0.08380976	-0.084430784	0.086013205	-0.28717852	0.19704723	-0.1425352	0.14113598	-0.12930216	0.26501206	-0.23646718	0.18434286	-0.21545546	0.11051923	-0.57942843	1.0000011	-0.36361334	0.20822477	-0.14891352	0.19924966	-0.46389708	0.19007365	-0.15417969	0.13491195	-0.20269725	0.2187821	-0.16161402	0.153258	-0.12688775	0.070627876	-0.1514907	0.15884428	-0.101095796	0.12318741	-0.07530155	0.07255057	-0.06912462	0.06533416	-0.08296057
0.107010074	-0.12028477	0.09694705	-0.08576703	0.11484251	-0.093843244	0.1010045	-0.09161119	0.09183665	-0.10121981	0.19784771	-0.20176724	0.14437555	-0.16949902	0.14990538	-0.18243662	0.14939418	-0.1617762	0.2870442	-0.14482884	0.20729117	-0.36361334	1.0000008	-0.6391795	0.18344243	-0.1454503	0.22780503	-0.36295414	0.2510951	-0.19210006	0.15194565	-0.2041236	0.20533797	-0.22394177	0.16856629	-0.0679445	0.14880216	-0.18154939	0.1209633	-0.15219887	0.07198043	-0.07961837	0.07554662	-0.07778738	0.097475275
-0.095892295	0.106094025	-0.09320578	0.0825172	-0.11515442	0.08243599	-0.09030708	0.08754219	-0.089673966	0.102266535	-0.17571475	0.1758789	-0.1402123	0.17068665	-0.16058865	0.14131486	-0.12848665	0.13672446	-0.5183761	0.16726698	-0.16872036	0.20822477	-0.6391795	1.0000006	-0.22240943	0.11692506	-0.18715146	0.24894914	-0.33146992	0.17660172	-0.13114795	0.15882428	-0.18127227	0.20313376	-0.16642502	0.057266336	-0.12513489	0.14547464	-0.10812634	0.1294163	-0.061745025	0.066009246	-0.06387034	0.06786836	-0.08659604
0.115860194	-0.1418796	0.12790106	-0.12304726	0.17503381	-0.09940812	0.112056166	-0.121815056	0.12258397	-0.1982066	0.1656165	-0.23128141	0.17430823	-0.24870192	0.28807113	-0.12902206	0.12988046	-0.14856856	0.27296296	-0.70828265	0.12945746	-0.14891352	0.18344243	-0.22240943	1.0000002	-0.097527236	0.13765495	-0.14930886	0.13995053	-0.21955313	0.109021276	-0.12634476	0.121129096	-0.14046937	0.15937811	-0.047258426	0.097288385	-0.11772003	0.09554314	-0.12978043	0.05047595	-0.055892933	0.053098593	-0.061008383	0.08091136
-0.070400156	0.074174196	-0.057060435	0.049156222	-0.06639359	0.062138587	-0.06464136	0.052314628	-0.05279964	0.05566535	-0.1599036	0.11935969	-0.08349907	0.08785504	-0.08302657	0.15249918	-0.09520515	0.09389639	-0.1301672	0.07097861	-0.24340743	0.19924966	-0.1454503	0.11692506	-0.097527236	1.0000001	-0.3285808	0.13383514	-0.10633695	0.10036027	-0.847185	0.18291493	-0.122588724	0.115568936	-0.09353019	0.108550526	-0.13030905	0.13579588	-0.08198705	0.10091968	-0.114627436	0.06674016	-0.06298163	0.054222267	-0.06790185
0.09247096	-0.09953169	0.07796589	-0.06758759	0.091073416	-0.08164308	0.085956655	-0.07232116	0.07274161	-0.07725814	0.1941145	-0.16564466	0.11616883	-0.12372768	0.11521562	-0.19043836	0.13842891	-0.13900255	0.1865272	-0.101141155	0.23854083	-0.46389708	0.22780503	-0.18715146	0.13765495	-0.3285808	0.99999934	-0.2757125	0.18701008	-0.1651777	0.24115807	-0.55671746	0.23346823	-0.21402895	0.15103444	-0.1007172	0.23684426	-0.26144394	0.12776516	-0.15519188	0.10214422	-0.10887757	0.099926256	-0.08490903	0.10153199
-0.08030956	0.08558864	-0.07192238	0.06261354	-0.08786035	0.06854244	-0.07365955	0.065638274	-0.067080855	0.07505844	-0.15706246	0.13689986	-0.10319176	0.11654305	-0.11477712	0.12618406	-0.102702506	0.105318405	-0.21733513	0.107309006	-0.15551919	0.19007365	-0.36295414	0.24894914	-0.14930886	0.13383514	-0.2757125	0.9999995	-0.59331775	0.21198694	-0.15453897	0.22891621	-0.49141577	0.31345186	-0.22178024	0.07742724	-0.19651833	0.21910913	-0.13814385	0.14653967	-0.084848896	0.08990129	-0.09045203	0.08520328	-0.10418377
0.070222154	-0.07642479	0.064237915	-0.056410633	0.07879274	-0.05999356	0.064842515	-0.05905164	0.060149048	-0.06853141	0.13049649	-0.12272041	0.09198965	-0.107217096	0.10416914	-0.105935164	0.087987244	-0.09257067	0.20013438	-0.10237271	0.12422242	-0.15417969	0.2510951	-0.33146992	0.13995053	-0.10633695	0.18701008	-0.59331775	0.9999991	-0.31075093	0.1194445	-0.18821476	0.28957218	-0.55234575	0.24406403	-0.061988108	0.150356	-0.18699533	0.12997462	-0.14359875	0.06664204	-0.076375335	0.07458837	-0.08090137	0.09432889
-0.07577576	0.08179053	-0.072164334	0.06345702	-0.0930582	0.06354088	-0.069271035	0.06477545	-0.06674737	0.08113616	-0.13550147	0.12780198	-0.09874783	0.115691125	-0.12741667	0.10310034	-0.088019	0.09246501	-0.19718443	0.13222691	-0.11931329	0.13491195	-0.19210006	0.17660172	-0.21955313	0.10036027	-0.1651777	0.21198694	-0.31075093	0.9999993	-0.119364716	0.1505778	-0.20319784	0.26117742	-0.8108338	0.057210617	-0.12889263	0.14813246	-0.13258298	0.1518701	-0.06262174	0.06867374	-0.06791862	0.08003987	-0.105867304
0.077757366	-0.085000664	0.06418397	-0.055647142	0.07459971	-0.06875381	0.07186343	-0.059077762	0.059310477	-0.06292576	0.15656112	-0.13617952	0.09284006	-0.099752076	0.09296856	-0.16006684	0.10092366	-0.104100905	0.14246213	-0.07981435	0.19227462	-0.20269725	0.15194565	-0.13114795	0.109021276	-0.847185	0.24115807	-0.15453897	0.1194445	-0.119364716	0.99999917	-0.20994194	0.13650228	-0.13620134	0.10677171	-0.14223164	0.14141738	-0.16270307	0.095317625	-0.123826556	0.1250112	-0.07894597	0.07233771	-0.063806	0.07881477
-0.07843895	0.08185332	-0.06680468	0.057616595	-0.080085225	0.06739385	-0.071456105	0.060690254	-0.06188432	0.06727207	-0.16548027	0.13061954	-0.096323565	0.10389645	-0.10202444	0.13580854	-0.10404764	0.10279456	-0.173028	0.090331495	-0.1791501	0.2187821	-0.2041236	0.15882428	-0.12634476	0.18291493	-0.55671746	0.22891621	-0.18821476	0.1505778	-0.20994194	0.9999989	-0.3722824	0.21298532	-0.15655744	0.12511165	-0.5235757	0.29754844	-0.13682602	0.14426184	-0.13443244	0.12649813	-0.12434584	0.08878833	-0.10655855
0.06778187	-0.07260423	0.059895106	-0.052148994	0.072729506	-0.057960205	0.062087934	-0.05461716	0.055631954	-0.0620979	0.131052	-0.115567856	0.08535815	-0.095863976	0.094015226	-0.10770634	0.085422	-0.088156715	0.16465738	-0.08727376	0.12916309	-0.16161402	0.20533797	-0.18127227	0.121129096	-0.122588724	0.23346823	-0.49141577	0.28957218	-0.20319784	0.13650228	-0.3722824	0.999999	-0.5369185	0.20178336	-0.087174796	0.2521886	-0.4172324	0.14595635	-0.15220614	0.09221552	-0.111367844	0.10961755	-0.093025126	0.10415402
-0.07222799	0.07684729	-0.06502431	0.05662086	-0.08017235	0.061214793	-0.06592141	0.05896329	-0.06040072	0.06849569	-0.13842258	0.121392585	-0.0919251	0.10428243	-0.10494435	0.10859154	-0.088681206	0.091436796	-0.1921302	0.09921856	-0.13118307	0.153258	-0.22394177	0.20313376	-0.14046937	0.115568936	-0.21402895	0.31345186	-0.55234575	0.26117742	-0.13620134	0.21298532	-0.5369185	0.99999875	-0.3795565	0.0733315	-0.19005196	0.218586	-0.1871403	0.16769817	-0.080418125	0.09023551	-0.09136484	0.10250411	-0.11691237
0.0688142	-0.07563379	0.06384752	-0.05642898	0.0800463	-0.058169167	0.06317528	-0.05800348	0.059166454	-0.07075624	0.12079486	-0.11834488	0.0881145	-0.103463925	0.10683771	-0.09522343	0.08010374	-0.0850005	0.16547774	-0.11208232	0.1076808	-0.12688775	0.16856629	-0.16642502	0.15937811	-0.09353019	0.15103444	-0.22178024	0.24406403	-0.8108338	0.10677171	-0.15655744	0.20178336	-0.3795565	0.99999905	-0.055207968	0.12645665	-0.15891363	0.13365075	-0.17561704	0.05922631	-0.070102915	0.06781805	-0.08252723	0.10407584
-0.030197805	0.032199796	-0.025660232	0.022193056	-0.030647587	0.025944732	-0.027508931	0.023286533	-0.023648826	0.025748612	-0.059560735	0.050645065	-0.036379363	0.0396734	-0.03864504	0.05117122	-0.037473623	0.038399693	-0.06248258	0.03393666	-0.061636493	0.070627876	-0.0679445	0.057266336	-0.047258426	0.108550526	-0.1007172	0.07742724	-0.061988108	0.057210617	-0.14223164	0.12511165	-0.087174796	0.0733315	-0.055207968	0.9999988	-0.20822303	0.14700815	-0.06340804	0.06876835	-0.9398434	0.108834065	-0.102903925	0.04761043	-0.05391903
0.0593632	-0.06307091	0.05113668	-0.04428324	0.06145498	-0.050896104	0.05415929	-0.04648621	0.0472884	-0.051852245	0.11756066	-0.10007136	0.07289739	-0.07995821	0.07819675	-0.098716214	0.07547823	-0.077113174	0.13038811	-0.06984617	0.11935198	-0.1514907	0.14880216	-0.12513489	0.097288385	-0.13030905	0.23684426	-0.19651833	0.150356	-0.12889263	0.14141738	-0.5235757	0.2521886	-0.19005196	0.12645665	-0.20822303	0.99999875	-0.6688365	0.13987017	-0.14655904	0.17238632	-0.21265519	0.17650883	-0.098907396	0.10596589
-0.06957623	0.07265753	-0.060195543	0.051953226	-0.07312569	0.059032798	-0.062965624	0.054265402	-0.055539917	0.061336536	-0.13960214	0.11399019	-0.085038304	0.0932816	-0.09336814	0.1102861	-0.08602283	0.08698446	-0.15940483	0.08337155	-0.13701792	0.15884428	-0.18154939	0.14547464	-0.11772003	0.13579588	-0.26144394	0.21910913	-0.18699533	0.14813246	-0.16270307	0.29754844	-0.4172324	0.218586	-0.15891363	0.14700815	-0.6688365	0.99999887	-0.20041072	0.1709185	-0.1645261	0.19393061	-0.23594382	0.12266513	-0.1348224
0.055873986	-0.058793347	0.048869558	-0.042166725	0.060151633	-0.04638573	0.049880102	-0.043393023	0.044521105	-0.050064173	0.100382656	-0.08904494	0.06624424	-0.073895745	0.07569938	-0.077096805	0.062179994	-0.06471697	0.120710656	-0.06713717	0.088423885	-0.101095796	0.1209633	-0.10812634	0.09554314	-0.08198705	0.12776516	-0.13814385	0.12997462	-0.13258298	0.095317625	-0.13682602	0.14595635	-0.1871403	0.13365075	-0.06340804	0.13987017	-0.20041072	0.9999986	-0.6548442	0.06735308	-0.13952139	0.1343372	-0.57625765	0.32575977
-0.07465705	0.07612116	-0.06549808	0.056024462	-0.08193531	0.060858022	-0.06558469	0.05714404	-0.059179757	0.066977516	-0.13489416	0.113457575	-0.08694679	0.0961946	-0.10250673	0.098135315	-0.079755165	0.08223562	-0.16159998	0.08895509	-0.11386187	0.12318741	-0.15219887	0.1294163	-0.12978043	0.10091968	-0.15519188	0.14653967	-0.14359875	0.1518701	-0.123826556	0.14426184	-0.15220614	0.16769817	-0.17561704	0.06876835	-0.14655904	0.1709185	-0.6548442	0.9999986	-0.07579108	0.119036674	-0.12253408	0.31158772	-0.55378056
0.03231399	-0.0347137	0.027508447	-0.02382814	0.032805067	-0.027804866	0.029495494	-0.025006346	0.025355427	-0.02761737	0.06269942	-0.054614067	0.03897609	-0.042651456	0.041334193	-0.05460684	0.039984986	-0.04125529	0.06642002	-0.036356945	0.06444074	-0.07530155	0.07198043	-0.061745025	0.05047595	-0.114627436	0.10214422	-0.084848896	0.06664204	-0.06262174	0.1250112	-0.13443244	0.09221552	-0.080418125	0.05922631	-0.9398434	0.17238632	-0.1645261	0.06735308	-0.07579108	0.9999984	-0.12933803	0.10536663	-0.05112738	0.056851022
-0.03374684	0.03534453	-0.029102076	0.025098573	-0.035359498	0.028497467	-0.030416282	0.026124028	-0.026729044	0.029540116	-0.06575727	0.0548508	-0.040628526	0.044600964	-0.04477057	0.0520493	-0.0404486	0.041267935	-0.073934086	0.039568305	-0.06297004	0.07255057	-0.07961837	0.066009246	-0.055892933	0.06674016	-0.10887757	0.08990129	-0.076375335	0.06867374	-0.07894597	0.12649813	-0.111367844	0.09023551	-0.070102915	0.108834065	-0.21265519	0.19393061	-0.13952139	0.119036674	-0.12933803	0.99999845	-0.9144792	0.14611775	-0.1495002
0.032034032	-0.033784155	0.027681815	-0.023913112	0.033587918	-0.02709626	0.028935751	-0.024898754	0.02543666	-0.028133918	0.0616234	-0.052487742	0.038655423	-0.042587332	0.0425296	-0.049373146	0.038397495	-0.03939598	0.06993761	-0.03772184	0.058939364	-0.06912462	0.07554662	-0.06387034	0.053098593	-0.06298163	0.099926256	-0.09045203	0.07458837	-0.06791862	0.07233771	-0.12434584	0.10961755	-0.09136484	0.06781805	-0.102903925	0.17650883	-0.23594382	0.1343372	-0.12253408	0.10536663	-0.9144792	0.9999987	-0.17724118	0.13882858
-0.035853803	0.03755846	-0.031290207	0.026963126	-0.038518425	0.029756442	-0.03197412	0.027755039	-0.028500188	0.03198521	-0.065132	0.05690186	-0.042450923	0.047184117	-0.048450563	0.04982356	-0.04003338	0.041492894	-0.077515036	0.042757243	-0.05770932	0.06533416	-0.07778738	0.06786836	-0.061008383	0.054222267	-0.08490903	0.08520328	-0.08090137	0.08003987	-0.063806	0.08878833	-0.093025126	0.10250411	-0.08252723	0.04761043	-0.098907396	0.12266513	-0.57625765	0.31158772	-0.05112738	0.14611775	-0.17724118	0.9999987	-0.71772957
0.04818102	-0.05066636	0.04199767	-0.036185626	0.05173237	-0.03979986	0.042822327	-0.037125863	0.038110938	-0.04285016	0.0848527	-0.07598689	0.056381304	-0.062808804	0.06466053	-0.06471512	0.052347165	-0.054658163	0.10068177	-0.056684967	0.07327306	-0.08296057	0.097475275	-0.08659604	0.08091136	-0.06790185	0.10153199	-0.10418377	0.09432889	-0.105867304	0.07881477	-0.10655855	0.10415402	-0.11691237	0.10407584	-0.05391903	0.10596589	-0.1348224	0.32575977	-0.55378056	0.056851022	-0.1495002	0.13882858	-0.71772957	0.9999987
