1.0000001	-0.070907146	0.06314424	-0.054085016	0.04571675	-0.6807309	0.09577713	-0.093593314	0.053937856	-0.049131434	0.33286065	-0.09025325	0.07006036	-0.07144464	0.06527599	-0.052739542	0.058200434	-0.0728239	0.055145614	-0.05794326	0.043309886	-0.05519236	0.072473295	-0.052550983	0.06676926	-0.04080226	0.04617867	-0.061547574	0.046034675	-0.053473134	0.038853377	-0.04345591	0.05467795	-0.040052388	0.05369008	-0.026906474	0.03139611	-0.048973832	0.04078252	-0.033860687	0.029758498	-0.0362263	0.032816812	-0.026935663	0.04511213
-0.070907146	1.0	-0.7951742	0.19597505	-0.14512283	0.056939054	-0.4480964	0.27148214	-0.1876157	0.12515406	-0.067720674	0.17575502	-0.15021823	0.12923437	-0.12351108	0.069631144	-0.093943775	0.1151163	-0.0880645	0.08700499	-0.05891924	0.077601865	-0.11088193	0.07315002	-0.09472425	0.048266493	-0.05863939	0.07507092	-0.053761188	0.057747815	-0.046784896	0.051417515	-0.0659275	0.044077482	-0.0577782	0.029834224	-0.032993656	0.048982915	-0.042946234	0.034920145	-0.03372155	0.036559325	-0.03344242	0.027317502	-0.04581558
0.06314424	-0.7951742	1.0000001	-0.30350846	0.15430427	-0.05048534	0.27992445	-0.3662225	0.2040388	-0.14675827	0.062520996	-0.18400224	0.15311588	-0.1418015	0.12546283	-0.07264082	0.09389005	-0.12194998	0.09014306	-0.09116444	0.059926152	-0.08051036	0.11009365	-0.07452964	0.09408269	-0.04902343	0.059057977	-0.076604635	0.05416251	-0.058760088	0.04692603	-0.05202988	0.065704785	-0.044278175	0.057578776	-0.030042397	0.033156026	-0.04940803	0.042893384	-0.034944855	0.033770207	-0.036908764	0.033342574	-0.027313583	0.04554744
-0.054085016	0.19597505	-0.30350846	0.99999994	-0.48617458	0.04009457	-0.19106227	0.21973856	-0.6935464	0.30176422	-0.05634382	0.14218505	-0.14277497	0.19248146	-0.18736325	0.06771609	-0.087542765	0.11904436	-0.11164644	0.11276861	-0.057951923	0.07611068	-0.11629745	0.08646428	-0.11362102	0.050518226	-0.06107142	0.07989164	-0.060374543	0.06484033	-0.04918346	0.0543156	-0.07026781	0.048781797	-0.06387391	0.031760048	-0.03557937	0.053323712	-0.0471585	0.03838792	-0.035863683	0.03955601	-0.036486775	0.029882831	-0.050126754
0.04571675	-0.14512283	0.15430427	-0.48617458	1.0	-0.033011865	0.13398625	-0.17233482	0.30055788	-0.77744025	0.04809349	-0.12373135	0.116309755	-0.17745477	0.16858175	-0.060688946	0.075287715	-0.1060676	0.09727855	-0.10966763	0.05080864	-0.0677228	0.09873276	-0.0769956	0.09701479	-0.044819474	0.05345457	-0.07118973	0.05341555	-0.058620565	0.043025896	-0.048031073	0.06107969	-0.043148383	0.05595448	-0.028079662	0.031508602	-0.047617145	0.041461963	-0.03388688	0.03146441	-0.03532678	0.03204365	-0.026359433	0.043860592
-0.6807309	0.056939054	-0.05048534	0.04009457	-0.033011865	1.0	-0.09615421	0.07762474	-0.040426664	0.035118416	-0.64595973	0.072083004	-0.05436814	0.050142627	-0.045919426	0.038849354	-0.04344793	0.051500708	-0.038031314	0.03922415	-0.031719517	0.03915615	-0.050652802	0.03526058	-0.044791095	0.027097369	-0.031112816	0.040727783	-0.029839678	0.034078233	-0.025824139	0.028663505	-0.03603581	0.025672752	-0.034219235	0.017458608	-0.020037925	0.030859469	-0.02591142	0.021415966	-0.01940133	0.022912141	-0.020725809	0.01699058	-0.02844484
0.09577713	-0.4480964	0.27992445	-0.19106227	0.13398625	-0.09615421	1.0	-0.64662373	0.19067013	-0.14359489	0.09929844	-0.4208956	0.25116012	-0.18355857	0.15872382	-0.113970116	0.15371424	-0.18468095	0.12248008	-0.12097147	0.09198352	-0.12602219	0.16065879	-0.10227359	0.12750334	-0.07077769	0.08587136	-0.109501466	0.07492741	-0.08081482	0.067311555	-0.07455361	0.093208574	-0.061368268	0.079560906	-0.04254845	0.046437353	-0.06868296	0.05943993	-0.048342165	0.047839385	-0.051516023	0.046243977	-0.037837934	0.06303364
-0.093593314	0.27148214	-0.3662225	0.21973856	-0.17233482	0.07762474	-0.64662373	1.0000002	-0.3072345	0.17038903	-0.09784901	0.28342277	-0.3693364	0.21294178	-0.20273821	0.113266215	-0.15839268	0.20502396	-0.14917995	0.14200975	-0.09759997	0.1276	-0.19672596	0.12208051	-0.15825333	0.07955167	-0.097912945	0.12495625	-0.088987574	0.094400115	-0.07771756	0.085039064	-0.11018496	0.07266324	-0.09529954	0.049151335	-0.05422283	0.08010606	-0.07073518	0.057363175	-0.055777203	0.059781913	-0.054993298	0.044847827	-0.07538754
0.053937856	-0.1876157	0.2040388	-0.6935464	0.30055788	-0.040426664	0.19067013	-0.3072345	0.99999994	-0.45193297	0.056680568	-0.15965568	0.16207755	-0.2855867	0.201185	-0.07308426	0.09379271	-0.1331541	0.12166923	-0.12587996	0.061611943	-0.08194212	0.12209486	-0.09267631	0.11732717	-0.053052332	0.0639835	-0.084437795	0.06309881	-0.06814377	0.05118576	-0.05686741	0.07275417	-0.050705817	0.065792084	-0.033049684	0.03690555	-0.055415906	0.048658904	-0.039649382	0.037179425	-0.041140333	0.037539884	-0.03082082	0.051431324
-0.049131434	0.12515406	-0.14675827	0.30176422	-0.77744025	0.035118416	-0.14359489	0.17038903	-0.45193297	1.0000001	-0.05189995	0.12635367	-0.12677467	0.19163571	-0.2337473	0.06409377	-0.08109482	0.11350042	-0.1131958	0.12318096	-0.054834634	0.07212393	-0.11122672	0.087057814	-0.11419943	0.049026456	-0.05896287	0.07789332	-0.059972536	0.06474375	-0.047687918	0.052849673	-0.068380885	0.048299152	-0.06318302	0.031021293	-0.0349491	0.05265164	-0.046577062	0.037964918	-0.034968235	0.038969766	-0.035977546	0.029510137	-0.04945997
0.33286065	-0.067720674	0.062520996	-0.05634382	0.04809349	-0.64595973	0.09929844	-0.09784901	0.056680568	-0.05189995	1.0000002	-0.105838045	0.078619115	-0.077739395	0.071048416	-0.063835464	0.06739054	-0.08078212	0.060360465	-0.06311445	0.05118154	-0.06285862	0.08038652	-0.057438526	0.07286943	-0.0452623	0.051241558	-0.06769247	0.050161555	-0.05807305	0.043001562	-0.047900353	0.060072623	-0.04359369	0.058343533	-0.029540371	0.034249563	-0.053215414	0.044325713	-0.036766235	0.032698937	-0.039435234	0.035642315	-0.029244015	0.048955165
-0.09025325	0.17575502	-0.18400224	0.14218505	-0.12373135	0.072083004	-0.4208956	0.28342277	-0.15965568	0.12635367	-0.105838045	0.99999994	-0.59367603	0.23592061	-0.22945826	0.18433018	-0.3659995	0.28258952	-0.18537822	0.1692013	-0.15966865	0.20749485	-0.27758098	0.15409884	-0.19770116	0.1113921	-0.14064303	0.16936275	-0.11466046	0.12010069	-0.108344406	0.11719179	-0.14984998	0.094004616	-0.12276643	0.06649811	-0.07172586	0.104138836	-0.09157236	0.07396951	-0.075720906	0.07839384	-0.07131049	0.057989374	-0.09734639
0.07006036	-0.15021823	0.15311588	-0.14277497	0.116309755	-0.05436814	0.25116012	-0.3693364	0.16207755	-0.12677467	0.078619115	-0.59367603	0.9999998	-0.36883697	0.22918718	-0.1536601	0.2180102	-0.47977257	0.19409195	-0.18073764	0.124256186	-0.17405657	0.24721721	-0.1499778	0.17570542	-0.09429797	0.11663426	-0.15412828	0.10151309	-0.10793453	0.08931546	-0.09973318	0.12434298	-0.08139036	0.10385704	-0.055784386	0.060492344	-0.089234434	0.077457964	-0.062835254	0.06268163	-0.066875756	0.059682313	-0.048932314	0.08114065
-0.07144464	0.12923437	-0.1418015	0.19248146	-0.17745477	0.050142627	-0.18355857	0.21294178	-0.2855867	0.19163571	-0.077739395	0.23592061	-0.36883697	1.0	-0.66511846	0.119092606	-0.15823144	0.24115852	-0.33173397	0.28037047	-0.10333058	0.13593477	-0.22702414	0.1935402	-0.25124487	0.090926334	-0.111204796	0.14812005	-0.11899918	0.12464268	-0.08863937	0.09847592	-0.12800363	0.09209867	-0.11867549	0.057090946	-0.06421789	0.09672383	-0.08677538	0.07045469	-0.064429514	0.07134925	-0.06593779	0.054265834	-0.09062595
0.06527599	-0.12351108	0.12546283	-0.18736325	0.16858175	-0.045919426	0.15872382	-0.20273821	0.201185	-0.2337473	0.071048416	-0.22945826	0.22918718	-0.66511846	1.0	-0.1162737	0.14250234	-0.23180886	0.27245203	-0.49613696	0.096055694	-0.13078283	0.19444728	-0.18857847	0.21499708	-0.08530062	0.10188975	-0.14073867	0.11049908	-0.12154318	0.08075226	-0.09170935	0.11494701	-0.08549834	0.10728534	-0.05283047	0.059392046	-0.09076039	0.07903427	-0.064687625	0.058742024	-0.0669796	0.059771303	-0.049656264	0.08146793
-0.052739542	0.069631144	-0.07264082	0.06771609	-0.060688946	0.038849354	-0.113970116	0.113266215	-0.07308426	0.06409377	-0.063835464	0.18433018	-0.1536601	0.119092606	-0.1162737	1.0000001	-0.51370233	0.18415342	-0.11340048	0.10584024	-0.7203774	0.32008752	-0.21144547	0.10749593	-0.13249262	0.14909883	-0.16289598	0.15851834	-0.09267397	0.09742432	-0.13546142	0.1256354	-0.14315616	0.07932615	-0.1021043	0.07330453	-0.06965876	0.09399015	-0.078607544	0.063188575	-0.08362272	0.0749176	-0.06253121	0.050474517	-0.0835621
0.058200434	-0.093943775	0.09389005	-0.087542765	0.075287715	-0.04344793	0.15371424	-0.15839268	0.09379271	-0.08109482	0.06739054	-0.3659995	0.2180102	-0.15823144	0.14250234	-0.51370233	1.0000002	-0.31950313	0.14276624	-0.1348012	0.3019019	-0.5809293	0.24265204	-0.1287909	0.14932874	-0.1449517	0.17778134	-0.18857212	0.102965884	-0.11009706	0.12426368	-0.14032586	0.14935122	-0.086140625	0.10821674	-0.07224203	0.071818516	-0.10083203	0.08299743	-0.06710763	0.079891376	-0.07868507	0.065103784	-0.05312742	0.0867923
-0.0728239	0.1151163	-0.12194998	0.11904436	-0.1060676	0.051500708	-0.18468095	0.20502396	-0.1331541	0.11350042	-0.08078212	0.28258952	-0.47977257	0.24115852	-0.23180886	0.18415342	-0.31950313	1.0000002	-0.3337228	0.22647052	-0.1644837	0.21962121	-0.5580478	0.21999368	-0.2498711	0.12890452	-0.16779405	0.22469483	-0.14487682	0.14793421	-0.12566575	0.13898008	-0.18115789	0.11389508	-0.14496511	0.07706572	-0.08358645	0.12232827	-0.10790176	0.08689749	-0.08747596	0.09135751	-0.082651794	0.06753941	-0.11246269
0.055145614	-0.0880645	0.09014306	-0.11164644	0.09727855	-0.038031314	0.12248008	-0.14917995	0.12166923	-0.1131958	0.060360465	-0.18537822	0.19409195	-0.33173397	0.27245203	-0.11340048	0.14276624	-0.3337228	1.0000004	-0.65567595	0.09585948	-0.13161455	0.23323119	-0.45343873	0.2968334	-0.0883528	0.10762004	-0.15590273	0.14487483	-0.14979167	0.08390822	-0.096655354	0.12263812	-0.10214349	0.120369956	-0.05481872	0.06237651	-0.09663387	0.087341405	-0.07118519	0.06089681	-0.070244916	0.06337732	-0.05324832	0.08660952
-0.05794326	0.08700499	-0.09116444	0.11276861	-0.10966763	0.03922415	-0.12097147	0.14200975	-0.12587996	0.12318096	-0.06311445	0.1692013	-0.18073764	0.28037047	-0.49613696	0.10584024	-0.1348012	0.22647052	-0.65567595	1.0000006	-0.09272445	0.122817345	-0.22745547	0.2675042	-0.36947432	0.08742556	-0.10702135	0.14800592	-0.13762785	0.13934875	-0.08512491	0.096068606	-0.12571922	0.09916332	-0.12444496	0.055530515	-0.06356247	0.097528376	-0.08954782	0.072544955	-0.06235694	0.07101606	-0.065942235	0.054837868	-0.09082431
0.043309886	-0.05891924	0.059926152	-0.057951923	0.05080864	-0.031719517	0.09198352	-0.09759997	0.061611943	-0.054834634	0.05118154	-0.15966865	0.124256186	-0.10333058	0.096055694	-0.7203774	0.3019019	-0.1644837	0.09585948	-0.09272445	1.0000006	-0.5500076	0.1796357	-0.093912184	0.10999025	-0.19019061	0.17311846	-0.16217503	0.083683826	-0.089652844	0.13723838	-0.13345432	0.13306543	-0.072101936	0.09021212	-0.07346512	0.06607165	-0.08844857	0.070573084	-0.056913916	0.0803357	-0.071912974	0.056250338	-0.045664698	0.07404276
-0.05519236	0.077601865	-0.08051036	0.07611068	-0.0677228	0.03915615	-0.12602219	0.1276	-0.08194212	0.07212393	-0.06285862	0.20749485	-0.17405657	0.13593477	-0.13078283	0.32008752	-0.5809293	0.21962121	-0.13161455	0.122817345	-0.5500076	1.0000006	-0.29808566	0.12898947	-0.15347171	0.17990328	-0.29004923	0.21268609	-0.11205833	0.11685054	-0.15907474	0.17117289	-0.18269104	0.09528931	-0.12021582	0.08612747	-0.08325045	0.11269619	-0.09284688	0.07449067	-0.0967775	0.08921245	-0.073320456	0.05935781	-0.09733805
0.072473295	-0.11088193	0.11009365	-0.11629745	0.09873276	-0.050652802	0.16065879	-0.19672596	0.12209486	-0.11122672	0.08038652	-0.27758098	0.24721721	-0.22702414	0.19444728	-0.21144547	0.24265204	-0.5580478	0.23323119	-0.22745547	0.1796357	-0.29808566	1.0000007	-0.30557835	0.2480151	-0.16683908	0.21538864	-0.44917947	0.17745051	-0.18972069	0.14948311	-0.18219772	0.21550137	-0.1377535	0.16347927	-0.09310026	0.09965601	-0.1492655	0.12378785	-0.10073588	0.10197495	-0.111223996	0.09360137	-0.077764966	0.124889925
-0.052550983	0.07315002	-0.07452964	0.08646428	-0.0769956	0.03526058	-0.10227359	0.12208051	-0.09267631	0.087057814	-0.057438526	0.15409884	-0.1499778	0.1935402	-0.18857847	0.10749593	-0.1287909	0.21999368	-0.45343873	0.2675042	-0.093912184	0.12898947	-0.30557835	1.0000006	-0.71234745	0.095925555	-0.11831524	0.1802113	-0.27131042	0.20893373	-0.09149614	0.10794902	-0.14009228	0.14144377	-0.15758699	0.06087515	-0.07163794	0.11434744	-0.11115726	0.08881708	-0.06725395	0.081068404	-0.07469875	0.0639411	-0.10284701
0.06676926	-0.09472425	0.09408269	-0.11362102	0.09701479	-0.044791095	0.12750334	-0.15825333	0.11732717	-0.11419943	0.07286943	-0.19770116	0.17570542	-0.25124487	0.21499708	-0.13249262	0.14932874	-0.2498711	0.2968334	-0.36947432	0.10999025	-0.15347171	0.2480151	-0.71234745	1.0000007	-0.113233365	0.13308705	-0.20586497	0.21550609	-0.25980082	0.10476264	-0.1252904	0.1542702	-0.15075648	0.16737698	-0.07168747	0.08416353	-0.13636006	0.12094137	-0.100478865	0.07792098	-0.09746718	0.085036896	-0.07331583	0.1153467
-0.04080226	0.048266493	-0.04902343	0.050518226	-0.044819474	0.027097369	-0.07077769	0.07955167	-0.053052332	0.049026456	-0.0452623	0.1113921	-0.09429797	0.090926334	-0.08530062	0.14909883	-0.1449517	0.12890452	-0.0883528	0.08742556	-0.19019061	0.17990328	-0.16683908	0.095925555	-0.113233365	1.0000006	-0.46463633	0.23647596	-0.11560932	0.120690264	-0.70684355	0.2707776	-0.24481808	0.107926555	-0.13431562	0.2160427	-0.1402232	0.14988297	-0.11236378	0.08892431	-0.246899	0.14424211	-0.09464924	0.074696556	-0.11952483
0.04617867	-0.05863939	0.059057977	-0.06107142	0.05345457	-0.031112816	0.08587136	-0.097912945	0.0639835	-0.05896287	0.051241558	-0.14064303	0.11663426	-0.111204796	0.10188975	-0.16289598	0.17778134	-0.16779405	0.10762004	-0.10702135	0.17311846	-0.29004923	0.21538864	-0.11831524	0.13308705	-0.46463633	1.0000006	-0.49474156	0.14195482	-0.14813937	0.27395812	-0.5324948	0.29550537	-0.12650631	0.1467335	-0.14006752	0.12552744	-0.16258554	0.11899718	-0.095147006	0.1450692	-0.13371809	0.09468831	-0.077023715	0.120562755
-0.061547574	0.07507092	-0.076604635	0.07989164	-0.07118973	0.040727783	-0.109501466	0.12495625	-0.084437795	0.07789332	-0.06769247	0.16936275	-0.15412828	0.14812005	-0.14073867	0.15851834	-0.18857212	0.22469483	-0.15590273	0.14800592	-0.16217503	0.21268609	-0.44917947	0.1802113	-0.20586497	0.23647596	-0.49474156	1.0000008	-0.2601578	0.21401432	-0.2427251	0.2891193	-0.45452365	0.18656395	-0.22469647	0.13367255	-0.1415623	0.19913025	-0.17219988	0.13431156	-0.15333638	0.14766262	-0.13001803	0.1050273	-0.17267056
0.046034675	-0.053761188	0.05416251	-0.060374543	0.05341555	-0.029839678	0.07492741	-0.088987574	0.06309881	-0.059972536	0.050161555	-0.11466046	0.10151309	-0.11899918	0.11049908	-0.09267397	0.102965884	-0.14487682	0.14487483	-0.13762785	0.083683826	-0.11205833	0.17745051	-0.27131042	0.21550609	-0.11560932	0.14195482	-0.2601578	1.0000007	-0.69202906	0.11008286	-0.14266668	0.19045302	-0.47788516	0.30474868	-0.07871323	0.102965035	-0.18326496	0.20979518	-0.1691386	0.085055836	-0.11883946	0.11488182	-0.1060948	0.1605158
-0.053473134	0.057747815	-0.058760088	0.06484033	-0.058620565	0.034078233	-0.08081482	0.094400115	-0.06814377	0.06474375	-0.05807305	0.12010069	-0.10793453	0.12464268	-0.12154318	0.09742432	-0.11009706	0.14793421	-0.14979167	0.13934875	-0.089652844	0.11685054	-0.18972069	0.20893373	-0.25980082	0.120690264	-0.14813937	0.21401432	-0.69202906	1.0000006	-0.12119352	0.14613876	-0.21009022	0.3035819	-0.47615722	0.08575719	-0.11340887	0.19124532	-0.2366593	0.18239711	-0.095268086	0.1271721	-0.13853088	0.120678395	-0.20274474
0.038853377	-0.046784896	0.04692603	-0.04918346	0.043025896	-0.025824139	0.067311555	-0.07771756	0.05118576	-0.047687918	0.043001562	-0.108344406	0.08931546	-0.08863937	0.08075226	-0.13546142	0.12426368	-0.12566575	0.08390822	-0.08512491	0.13723838	-0.15907474	0.14948311	-0.09149614	0.10476264	-0.70684355	0.27395812	-0.2427251	0.11008286	-0.12119352	1.0000007	-0.35655844	0.22513142	-0.10488702	0.12515032	-0.38137263	0.14561287	-0.16035615	0.10739217	-0.08624639	0.24590445	-0.16423684	0.09149115	-0.073492825	0.11216205
-0.04345591	0.051417515	-0.05202988	0.0543156	-0.048031073	0.028663505	-0.07455361	0.085039064	-0.05686741	0.052849673	-0.047900353	0.11719179	-0.09973318	0.09847592	-0.09170935	0.1256354	-0.14032586	0.13898008	-0.096655354	0.096068606	-0.13345432	0.17117289	-0.18219772	0.10794902	-0.1252904	0.2707776	-0.5324948	0.2891193	-0.14266668	0.14613876	-0.35655844	1.0000005	-0.625115	0.1455105	-0.16787267	0.15371646	-0.1692788	0.19310115	-0.13889955	0.10796237	-0.16708907	0.15565874	-0.111001566	0.08843025	-0.1386491
0.05467795	-0.0659275	0.065704785	-0.07026781	0.06107969	-0.03603581	0.093208574	-0.11018496	0.07275417	-0.068380885	0.060072623	-0.14984998	0.12434298	-0.12800363	0.11494701	-0.14315616	0.14935122	-0.18115789	0.12263812	-0.12571922	0.13306543	-0.18269104	0.21550137	-0.14009228	0.1542702	-0.24481808	0.29550537	-0.45452365	0.19045302	-0.21009022	0.22513142	-0.625115	1.0000004	-0.23337676	0.21269597	-0.14443928	0.17368048	-0.3150753	0.18245092	-0.14550535	0.14706214	-0.18569326	0.1400607	-0.11648288	0.17111371
-0.040052388	0.044077482	-0.044278175	0.048781797	-0.043148383	0.025672752	-0.061368268	0.07266324	-0.050705817	0.048299152	-0.04359369	0.094004616	-0.08139036	0.09209867	-0.08549834	0.07932615	-0.086140625	0.11389508	-0.10214349	0.09916332	-0.072101936	0.09528931	-0.1377535	0.14144377	-0.15075648	0.107926555	-0.12650631	0.18656395	-0.47788516	0.3035819	-0.10488702	0.1455105	-0.23337676	1.0000001	-0.6204843	0.079528235	-0.11541733	0.2161085	-0.44676456	0.23615593	-0.08515258	0.13090263	-0.14280073	0.13613094	-0.2060886
0.05369008	-0.0577782	0.057578776	-0.06387391	0.05595448	-0.034219235	0.079560906	-0.09529954	0.065792084	-0.06318302	0.058343533	-0.12276643	0.10385704	-0.11867549	0.10728534	-0.1021043	0.10821674	-0.14496511	0.120369956	-0.12444496	0.09021212	-0.12021582	0.16347927	-0.15758699	0.16737698	-0.13431562	0.1467335	-0.22469647	0.30474868	-0.47615722	0.12515032	-0.16787267	0.21269597	-0.6204843	1.0000001	-0.10131142	0.14358991	-0.2795633	0.2878594	-0.31400514	0.10576687	-0.17591147	0.15902236	-0.15852095	0.22562107
-0.026906474	0.029834224	-0.030042397	0.031760048	-0.028079662	0.017458608	-0.04254845	0.049151335	-0.033049684	0.031021293	-0.029540371	0.06649811	-0.055784386	0.057090946	-0.05283047	0.07330453	-0.07224203	0.07706572	-0.05481872	0.055530515	-0.07346512	0.08612747	-0.09310026	0.06087515	-0.07168747	0.2160427	-0.14006752	0.13367255	-0.07871323	0.08575719	-0.38137263	0.15371646	-0.14443928	0.079528235	-0.10131142	1.0000005	-0.22473645	0.14709198	-0.09608872	0.075385004	-0.8230571	0.21629713	-0.09221155	0.06964892	-0.10668902
0.03139611	-0.032993656	0.033156026	-0.03557937	0.031508602	-0.020037925	0.046437353	-0.05422283	0.03690555	-0.0349491	0.034249563	-0.07172586	0.060492344	-0.06421789	0.059392046	-0.06965876	0.071818516	-0.08358645	0.06237651	-0.06356247	0.06607165	-0.08325045	0.09965601	-0.07163794	0.08416353	-0.1402232	0.12552744	-0.1415623	0.102965035	-0.11340887	0.14561287	-0.1692788	0.17368048	-0.11541733	0.14358991	-0.22473645	1.0000005	-0.46933827	0.162506	-0.12581468	0.21084702	-0.7644712	0.1722863	-0.12959003	0.17180222
-0.048973832	0.048982915	-0.04940803	0.053323712	-0.047617145	0.030859469	-0.06868296	0.08010606	-0.055415906	0.05265164	-0.053215414	0.104138836	-0.089234434	0.09672383	-0.09076039	0.09399015	-0.10083203	0.12232827	-0.09663387	0.097528376	-0.08844857	0.11269619	-0.1492655	0.11434744	-0.13636006	0.14988297	-0.16258554	0.19913025	-0.18326496	0.19124532	-0.16035615	0.19310115	-0.3150753	0.2161085	-0.2795633	0.14709198	-0.46933827	1.0000002	-0.39285365	0.2463206	-0.1663476	0.2865044	-0.38245142	0.24204376	-0.36520818
0.04078252	-0.042946234	0.042893384	-0.0471585	0.041461963	-0.02591142	0.05943993	-0.07073518	0.048658904	-0.046577062	0.044325713	-0.09157236	0.077457964	-0.08677538	0.07903427	-0.078607544	0.08299743	-0.10790176	0.087341405	-0.08954782	0.070573084	-0.09284688	0.12378785	-0.11115726	0.12094137	-0.11236378	0.11899718	-0.17219988	0.20979518	-0.2366593	0.10739217	-0.13889955	0.18245092	-0.44676456	0.2878594	-0.09608872	0.162506	-0.39285365	1.0000006	-0.6032467	0.10027388	-0.19007035	0.21495572	-0.2608459	0.30163786
-0.033860687	0.034920145	-0.034944855	0.03838792	-0.03388688	0.021415966	-0.048342165	0.057363175	-0.039649382	0.037964918	-0.036766235	0.07396951	-0.062835254	0.07045469	-0.064687625	0.063188575	-0.06710763	0.08689749	-0.07118519	0.072544955	-0.056913916	0.07449067	-0.10073588	0.08881708	-0.100478865	0.08892431	-0.095147006	0.13431156	-0.1691386	0.18239711	-0.08624639	0.10796237	-0.14550535	0.23615593	-0.31400514	0.075385004	-0.12581468	0.2463206	-0.6032467	1.0000005	-0.08011783	0.1444874	-0.22313772	0.22444418	-0.6197582
0.029758498	-0.03372155	0.033770207	-0.035863683	0.03146441	-0.01940133	0.047839385	-0.055777203	0.037179425	-0.034968235	0.032698937	-0.075720906	0.06268163	-0.064429514	0.058742024	-0.08362272	0.079891376	-0.08747596	0.06089681	-0.06235694	0.0803357	-0.0967775	0.10197495	-0.06725395	0.07792098	-0.246899	0.1450692	-0.15333638	0.085055836	-0.095268086	0.24590445	-0.16708907	0.14706214	-0.08515258	0.10576687	-0.8230571	0.21084702	-0.1663476	0.10027388	-0.08011783	1.0000002	-0.32694113	0.09730306	-0.0754632	0.10947184
-0.0362263	0.036559325	-0.036908764	0.03955601	-0.03532678	0.022912141	-0.051516023	0.059781913	-0.041140333	0.038969766	-0.039435234	0.07839384	-0.066875756	0.07134925	-0.0669796	0.0749176	-0.07868507	0.09135751	-0.070244916	0.07101606	-0.071912974	0.08921245	-0.111223996	0.081068404	-0.09746718	0.14424211	-0.13371809	0.14766262	-0.11883946	0.1271721	-0.16423684	0.15565874	-0.18569326	0.13090263	-0.17591147	0.21629713	-0.7644712	0.2865044	-0.19007035	0.1444874	-0.32694113	1.0000005	-0.22569557	0.15080221	-0.22283217
0.032816812	-0.03344242	0.033342574	-0.036486775	0.03204365	-0.020725809	0.046243977	-0.054993298	0.037539884	-0.035977546	0.035642315	-0.07131049	0.059682313	-0.06593779	0.059771303	-0.06253121	0.065103784	-0.082651794	0.06337732	-0.065942235	0.056250338	-0.073320456	0.09360137	-0.07469875	0.085036896	-0.09464924	0.09468831	-0.13001803	0.11488182	-0.13853088	0.09149115	-0.111001566	0.1400607	-0.14280073	0.15902236	-0.09221155	0.1722863	-0.38245142	0.21495572	-0.22313772	0.09730306	-0.22569557	1.0000005	-0.78887993	0.27408212
-0.026935663	0.027317502	-0.027313583	0.029882831	-0.026359433	0.01699058	-0.037837934	0.044847827	-0.03082082	0.029510137	-0.029244015	0.057989374	-0.048932314	0.054265834	-0.049656264	0.050474517	-0.05312742	0.06753941	-0.05324832	0.054837868	-0.045664698	0.05935781	-0.077764966	0.0639411	-0.07331583	0.074696556	-0.077023715	0.1050273	-0.1060948	0.120678395	-0.073492825	0.08843025	-0.11648288	0.13613094	-0.15852095	0.06964892	-0.12959003	0.24204376	-0.2608459	0.22444418	-0.0754632	0.15080221	-0.78887993	1.0000005	-0.4442675
0.04511213	-0.04581558	0.04554744	-0.050126754	0.043860592	-0.02844484	0.06303364	-0.07538754	0.051431324	-0.04945997	0.048955165	-0.09734639	0.08114065	-0.09062595	0.08146793	-0.0835621	0.0867923	-0.11246269	0.08660952	-0.09082431	0.07404276	-0.09733805	0.124889925	-0.10284701	0.1153467	-0.11952483	0.120562755	-0.17267056	0.1605158	-0.20274474	0.11216205	-0.1386491	0.17111371	-0.2060886	0.22562107	-0.10668902	0.17180222	-0.36520818	0.30163786	-0.6197582	0.10947184	-0.22283217	0.27408212	-0.4442675	1.0000005
