1.0000001	-0.56336224	0.20666507	-0.18820909	0.1212476	-0.71300876	0.29704547	-0.21051355	0.14995202	-0.11243661	0.14822803	-0.16771185	0.13042094	-0.1439987	0.13689587	-0.10097091	0.12657079	-0.14063613	0.12696485	-0.100282766	0.08566139	-0.10594096	0.06928586	-0.071023844	0.053017944	-0.086980805	0.09388516	-0.06155841	0.06770085	-0.047854725	0.0886015	-0.07584775	0.06147399	-0.06492428	0.06610492	-0.052283183	0.071598046	-0.065114394	0.038454786	-0.038870353	0.04080837	-0.08836616	0.09282851	-0.0415821	0.05552635
-0.56336224	1.0000004	-0.3995864	0.23961337	-0.17347825	0.3190585	-0.52138263	0.27214074	-0.21075885	0.14832316	-0.18702455	0.20586483	-0.17301619	0.18399446	-0.1953927	0.12061975	-0.1686688	0.17341237	-0.17702639	0.1334008	-0.10882557	0.13139875	-0.09241129	0.09395934	-0.070617914	0.10723597	-0.122490175	0.08067061	-0.090444535	0.06291309	-0.115149006	0.09657899	-0.08106687	0.084833525	-0.087581985	0.065689676	-0.09312318	0.08469116	-0.05036499	0.051207915	-0.051633365	0.10989579	-0.12362969	0.054183308	-0.073476
0.20666507	-0.3995864	1.0000007	-0.6143791	0.20766999	-0.22271654	0.26311612	-0.51660824	0.27358085	-0.19851863	0.15204625	-0.19012228	0.18244326	-0.22508486	0.18945028	-0.10570671	0.14527337	-0.18781656	0.17554174	-0.13848251	0.09451042	-0.11957231	0.086470366	-0.09024607	0.065333635	-0.095548205	0.1074164	-0.075002186	0.08415119	-0.058835696	0.1011518	-0.08688916	0.07434112	-0.078756735	0.079452224	-0.059786037	0.08346025	-0.077034816	0.045994442	-0.04662426	0.046807334	-0.10106455	0.11032296	-0.049652867	0.06654631
-0.18820909	0.23961337	-0.6143791	1.0000004	-0.37559626	0.17994192	-0.22581092	0.29838073	-0.42230207	0.25675607	-0.18155593	0.18486753	-0.19307718	0.25236848	-0.27192175	0.11918801	-0.15599579	0.19143255	-0.23934689	0.17704509	-0.109700315	0.13315193	-0.10955746	0.113998294	-0.08440203	0.11088614	-0.126158	0.09310417	-0.10781586	0.074839786	-0.122312754	0.103514224	-0.09336451	0.098342486	-0.10170741	0.07187035	-0.10224613	0.0953364	-0.057687685	0.059222896	-0.056534078	0.12122717	-0.14020732	0.062006563	-0.08509
0.1212476	-0.17347825	0.20766999	-0.37559626	1.0000002	-0.13729838	0.15251216	-0.22244659	0.26836103	-0.80634546	0.12663436	-0.14896189	0.14747982	-0.2253252	0.20454918	-0.0903392	0.11794527	-0.1621218	0.16757579	-0.15896295	0.081291474	-0.10367315	0.07992117	-0.08581346	0.06305182	-0.084477596	0.09350564	-0.06959093	0.078498885	-0.057513077	0.08986418	-0.07832106	0.06876435	-0.07396504	0.07485824	-0.055647288	0.07591888	-0.0712009	0.042972516	-0.043938793	0.043419965	-0.09547385	0.10098233	-0.04658542	0.06266881
-0.71300876	0.3190585	-0.22271654	0.17994192	-0.13729838	1.0000001	-0.50099885	0.22200271	-0.17081635	0.12001228	-0.19385815	0.1861958	-0.14878511	0.15441535	-0.16056341	0.11682019	-0.15082599	0.1512845	-0.14734331	0.11178638	-0.10026438	0.11893698	-0.07942	0.08053137	-0.060394622	0.098806985	-0.10892552	0.07000555	-0.07760764	0.054054942	-0.10247637	0.08612315	-0.070277676	0.07359194	-0.075453356	0.058678742	-0.08192378	0.07406709	-0.043745536	0.044249725	-0.04597942	0.098303966	-0.10697903	0.04714349	-0.06335848
0.29704547	-0.52138263	0.26311612	-0.22581092	0.15251216	-0.50099885	0.9999998	-0.46305135	0.21584193	-0.14494865	0.17201382	-0.324056	0.19574536	-0.19792178	0.16943988	-0.1204273	0.1850664	-0.19313405	0.16090186	-0.12331467	0.105140686	-0.13576393	0.08502974	-0.08677535	0.06258724	-0.10312479	0.1176099	-0.07464089	0.08201384	-0.056362987	0.10648255	-0.09111245	0.073920175	-0.07758514	0.07754026	-0.060901757	0.08560211	-0.07743803	0.045540612	-0.04565762	0.04768304	-0.101909615	0.11009134	-0.04912464	0.0650271
-0.21051355	0.27214074	-0.51660824	0.29838073	-0.22244659	0.22200271	-0.46305135	1.0000004	-0.480465	0.20137069	-0.16953811	0.21790476	-0.27068898	0.25829446	-0.2162806	0.11482541	-0.17155153	0.20967765	-0.20600183	0.15022142	-0.10424321	0.1299556	-0.096137986	0.0994698	-0.070580795	0.10306682	-0.11908014	0.082046464	-0.09287405	0.06318204	-0.11048667	0.09401354	-0.08127862	0.085449696	-0.08557509	0.06382864	-0.09068245	0.0833606	-0.049712673	0.050190628	-0.05010954	0.10713671	-0.11989401	0.053513445	-0.071595326
0.14995202	-0.21075885	0.27358085	-0.42230207	0.26836103	-0.17081635	0.21584193	-0.480465	0.9999997	-0.38996774	0.14969821	-0.19581272	0.2259085	-0.5206338	0.22674975	-0.10532182	0.1504347	-0.21447872	0.22114022	-0.17124847	0.09518589	-0.12152525	0.09470695	-0.10225781	0.06934224	-0.09614601	0.10957714	-0.08046007	0.091592446	-0.0626522	0.10259873	-0.08872468	0.0787645	-0.08386514	0.08230037	-0.06099984	0.08575756	-0.080052	0.048011314	-0.048399474	0.047763836	-0.103260316	0.11355486	-0.051823847	0.06873136
-0.11243661	0.14832316	-0.19851863	0.25675607	-0.80634546	0.12001228	-0.14494865	0.20137069	-0.38996774	0.9999997	-0.122558326	0.1354769	-0.1442094	0.21512432	-0.25261953	0.08435061	-0.111417145	0.14714758	-0.17827457	0.15631409	-0.07699462	0.096106306	-0.07874621	0.08396887	-0.061057523	0.07900816	-0.08901675	0.06717384	-0.077312574	0.054970726	-0.08569218	0.073844776	-0.066591874	0.07100243	-0.07188271	0.05191371	-0.0723927	0.06796245	-0.04114247	0.042063255	-0.040657263	0.08843185	-0.09768329	0.044415705	-0.060075913
0.14822803	-0.18702455	0.15204625	-0.18155593	0.12663436	-0.19385815	0.17201382	-0.16953811	0.14969821	-0.122558326	0.99999976	-0.28494897	0.18287636	-0.1856099	0.17579857	-0.6342207	0.25281778	-0.24735528	0.17513366	-0.14611226	0.2967811	-0.2984734	0.13434717	-0.13484332	0.10255721	-0.32593164	0.23289599	-0.13139246	0.13217475	-0.09568954	0.23567909	-0.20599547	0.13188305	-0.14038801	0.13774563	-0.14873348	0.17425075	-0.15226947	0.085044384	-0.082924984	0.1127123	-0.2555981	0.19881918	-0.093421295	0.11681181
-0.16771185	0.20586483	-0.19012228	0.18486753	-0.14896189	0.1861958	-0.324056	0.21790476	-0.19581272	0.1354769	-0.28494897	0.9999998	-0.45010284	0.23059931	-0.209732	0.20239007	-0.600722	0.31080568	-0.21189179	0.1515798	-0.18655792	0.24264205	-0.124563105	0.120719	-0.08474759	0.16476083	-0.21358088	0.1099726	-0.11672487	0.07629734	-0.1707189	0.14363693	-0.108239956	0.110835865	-0.10753736	0.08976303	-0.13158797	0.11394447	-0.06521528	0.06374123	-0.07062104	0.14628874	-0.16014068	0.07003598	-0.0902363
0.13042094	-0.17301619	0.18244326	-0.19307718	0.14747982	-0.14878511	0.19574536	-0.27068898	0.2259085	-0.1442094	0.18287636	-0.45010284	0.9999999	-0.43982807	0.20369454	-0.13803276	0.26506472	-0.6411302	0.22298464	-0.15767337	0.123392716	-0.16851774	0.10986129	-0.1114585	0.071456775	-0.1177212	0.14152572	-0.09234214	0.09980326	-0.06471195	0.121852145	-0.105530724	0.087939344	-0.092256255	0.086913764	-0.068537615	0.09850702	-0.08947915	0.052394453	-0.051513236	0.05370617	-0.11395369	0.12434499	-0.05644644	0.07259296
-0.1439987	0.18399446	-0.22508486	0.25236848	-0.2253252	0.15441535	-0.19792178	0.25829446	-0.5206338	0.21512432	-0.1856099	0.23059931	-0.43982807	0.9999999	-0.35611334	0.12823187	-0.19370449	0.2725974	-0.43066722	0.24071494	-0.11862126	0.1490593	-0.13246967	0.14475946	-0.090684295	0.118536696	-0.13878892	0.10738043	-0.12690307	0.08131557	-0.12907147	0.1113026	-0.10436565	0.110404305	-0.1051457	0.07595983	-0.109070934	0.102698885	-0.061880406	0.061858833	-0.059624158	0.12805337	-0.14547317	0.06653129	-0.08746069
0.13689587	-0.1953927	0.18945028	-0.27192175	0.20454918	-0.16056341	0.16943988	-0.2162806	0.22674975	-0.25261953	0.17579857	-0.209732	0.20369454	-0.35611334	0.9999998	-0.13165064	0.16712068	-0.2523342	0.31691384	-0.6775082	0.11882395	-0.15529986	0.13316937	-0.15323405	0.115728594	-0.12749226	0.1395577	-0.11550647	0.13198385	-0.10811527	0.13543619	-0.12140904	0.11212791	-0.12389818	0.122380584	-0.08923181	0.118702166	-0.114396736	0.07014935	-0.07211464	0.069265656	-0.15598993	0.15742749	-0.076538496	0.10181379
-0.10097091	0.12061975	-0.10570671	0.11918801	-0.0903392	0.11682019	-0.1204273	0.11482541	-0.10532182	0.08435061	-0.6342207	0.20239007	-0.13803276	0.12823187	-0.13165064	1.0	-0.29028818	0.17749918	-0.13107233	0.10328742	-0.5792115	0.25015655	-0.10384401	0.099270485	-0.07372302	0.26753604	-0.21389195	0.09975066	-0.09999128	0.06759527	-0.22187208	0.16017245	-0.10043154	0.102607556	-0.09942411	0.10335042	-0.13664033	0.11342189	-0.062309444	0.059679713	-0.080449425	0.16448262	-0.15277126	0.067426264	-0.0840891
0.12657079	-0.1686688	0.14527337	-0.15599579	0.11794527	-0.15082599	0.1850664	-0.17155153	0.1504347	-0.111417145	0.25281778	-0.600722	0.26506472	-0.19370449	0.16712068	-0.29028818	0.99999994	-0.4323204	0.17458935	-0.13057496	0.21351068	-0.44906247	0.11886776	-0.113594145	0.07609743	-0.18554567	0.22807261	-0.10843257	0.108049154	-0.06958253	0.16996884	-0.15368916	0.10320418	-0.10597279	0.09797803	-0.089460015	0.12877898	-0.11079638	0.06161783	-0.058803447	0.06966881	-0.1452385	0.14750391	-0.06653382	0.082298465
-0.14063613	0.17341237	-0.18781656	0.19143255	-0.1621218	0.1512845	-0.19313405	0.20967765	-0.21447872	0.14714758	-0.24735528	0.31080568	-0.6411302	0.2725974	-0.2523342	0.17749918	-0.4323204	0.9999999	-0.29472575	0.18408483	-0.16636692	0.2141689	-0.15469716	0.14363213	-0.092086546	0.15293448	-0.19451071	0.1224667	-0.13194121	0.08270377	-0.16299117	0.13832481	-0.116635606	0.12014855	-0.11310132	0.088624194	-0.13060454	0.117202714	-0.06840826	0.06693191	-0.06976782	0.14582205	-0.16450018	0.07335032	-0.09440616
0.12696485	-0.17702639	0.17554174	-0.23934689	0.16757579	-0.14734331	0.16090186	-0.20600183	0.22114022	-0.17827457	0.17513366	-0.21189179	0.22298464	-0.43066722	0.31691384	-0.13107233	0.17458935	-0.29472575	0.9999997	-0.59195507	0.120127484	-0.15962416	0.18685254	-0.30271608	0.11773755	-0.12784836	0.14587936	-0.14976443	0.18080841	-0.10990526	0.13746853	-0.12598228	0.13487649	-0.1523259	0.12442176	-0.088201076	0.124709345	-0.12564003	0.076999865	-0.07464839	0.068648554	-0.15193231	0.16490512	-0.08360066	0.102307856
-0.100282766	0.1334008	-0.13848251	0.17704509	-0.15896295	0.11178638	-0.12331467	0.15022142	-0.17124847	0.15631409	-0.14611226	0.1515798	-0.15767337	0.24071494	-0.6775082	0.10328742	-0.13057496	0.18408483	-0.59195507	0.99999964	-0.09628647	0.12212001	-0.14401692	0.16614278	-0.1218835	0.102000795	-0.11690037	0.11209045	-0.14230494	0.10278609	-0.1133648	0.10095155	-0.10793775	0.11616431	-0.109158896	0.07173127	-0.10239735	0.1011403	-0.06298533	0.063915	-0.056113247	0.12327027	-0.14132513	0.06772012	-0.08952153
0.08566139	-0.10882557	0.09451042	-0.109700315	0.081291474	-0.10026438	0.105140686	-0.10424321	0.09518589	-0.07699462	0.2967811	-0.18655792	0.123392716	-0.11862126	0.11882395	-0.5792115	0.21351068	-0.16636692	0.120127484	-0.09628647	0.99999976	-0.38760963	0.105378605	-0.10014577	0.0715089	-0.5614525	0.24778485	-0.10511844	0.10048099	-0.066332035	0.24637398	-0.189338	0.10362897	-0.10578524	0.09740726	-0.11485702	0.14531052	-0.119813845	0.06359165	-0.05926276	0.08710996	-0.17882973	0.1522897	-0.069155835	0.08245086
-0.10594096	0.13139875	-0.11957231	0.13315193	-0.10367315	0.11893698	-0.13576393	0.1299556	-0.12152525	0.096106306	-0.2984734	0.24264205	-0.16851774	0.1490593	-0.15529986	0.25015655	-0.44906247	0.2141689	-0.15962416	0.12212001	-0.38760963	0.99999976	-0.160677	0.13555136	-0.08987305	0.26767024	-0.5866244	0.14986697	-0.13774705	0.08244566	-0.26068234	0.23835626	-0.14093475	0.1366463	-0.121272616	0.12073872	-0.19364838	0.15135747	-0.08034374	0.07355391	-0.094873585	0.18804486	-0.1972385	0.085913375	-0.1020136
0.06928586	-0.09241129	0.086470366	-0.10955746	0.07992117	-0.07942	0.08502974	-0.096137986	0.09470695	-0.07874621	0.13434717	-0.124563105	0.10986129	-0.13246967	0.13316937	-0.10384401	0.11886776	-0.15469716	0.18685254	-0.14401692	0.105378605	-0.160677	1.0000002	-0.61298746	0.116052575	-0.12119257	0.16149081	-0.58979845	0.30127496	-0.11427723	0.13500603	-0.14330795	0.25285393	-0.27535373	0.13546008	-0.090530924	0.14726077	-0.17995155	0.104974434	-0.08645178	0.07022738	-0.15425803	0.18572466	-0.11301012	0.10831777
-0.071023844	0.09395934	-0.09024607	0.113998294	-0.08581346	0.08053137	-0.08677535	0.0994698	-0.10225781	0.08396887	-0.13484332	0.120719	-0.1114585	0.14475946	-0.15323405	0.099270485	-0.113594145	0.14363213	-0.30271608	0.16614278	-0.10014577	0.13555136	-0.61298746	0.9999999	-0.14914902	0.11255238	-0.14660119	0.29180157	-0.55296713	0.13099493	-0.13217099	0.13108511	-0.24209377	0.25518927	-0.14455035	0.086242616	-0.14411367	0.16265628	-0.10347169	0.08820611	-0.067604624	0.14627571	-0.19660984	0.10732724	-0.11354369
0.053017944	-0.070617914	0.065333635	-0.08440203	0.06305182	-0.060394622	0.06258724	-0.070580795	0.06934224	-0.061057523	0.10255721	-0.08474759	0.071456775	-0.090684295	0.115728594	-0.07372302	0.07609743	-0.092086546	0.11773755	-0.1218835	0.0715089	-0.08987305	0.116052575	-0.14914902	0.9999998	-0.08251919	0.09253554	-0.108543046	0.14018625	-0.8793291	0.098029755	-0.09163584	0.10771222	-0.13322176	0.21553856	-0.07434134	0.09947541	-0.10640675	0.08221536	-0.11847595	0.05762109	-0.13472047	0.14588554	-0.09065677	0.15119904
-0.086980805	0.10723597	-0.095548205	0.11088614	-0.084477596	0.098806985	-0.10312479	0.10306682	-0.09614601	0.07900816	-0.32593164	0.16476083	-0.1177212	0.118536696	-0.12749226	0.26753604	-0.18554567	0.15293448	-0.12784836	0.102000795	-0.5614525	0.26767024	-0.12119257	0.11255238	-0.08251919	0.99999976	-0.3698943	0.12396759	-0.11825949	0.076004654	-0.5418191	0.24743481	-0.12620617	0.1241401	-0.115029015	0.14832158	-0.19171225	0.14698322	-0.07629721	0.0699918	-0.11625433	0.20674653	-0.19046707	0.08210482	-0.09747848
0.09388516	-0.122490175	0.1074164	-0.126158	0.09350564	-0.10892552	0.1176099	-0.11908014	0.10957714	-0.08901675	0.23289599	-0.21358088	0.14152572	-0.13878892	0.1395577	-0.21389195	0.22807261	-0.19451071	0.14587936	-0.11690037	0.24778485	-0.5866244	0.16149081	-0.14660119	0.09253554	-0.3698943	0.99999976	-0.20400788	0.15077128	-0.08722692	0.281097	-0.47953233	0.16600123	-0.1608112	0.12741244	-0.14622286	0.23584121	-0.19020623	0.091820315	-0.07965519	0.11125454	-0.23049992	0.20799305	-0.09965777	0.10746685
-0.06155841	0.08067061	-0.075002186	0.09310417	-0.06959093	0.07000555	-0.07464089	0.082046464	-0.08046007	0.06717384	-0.13139246	0.1099726	-0.09234214	0.10738043	-0.11550647	0.09975066	-0.10843257	0.1224667	-0.14976443	0.11209045	-0.10511844	0.14986697	-0.58979845	0.29180157	-0.108543046	0.12396759	-0.20400788	0.9999996	-0.418547	0.10458155	-0.14514019	0.15844446	-0.5207299	0.2885276	-0.14144263	0.093566075	-0.17640115	0.21267067	-0.115671605	0.08932022	-0.07333406	0.1561074	-0.22000477	0.1177942	-0.112315774
0.06770085	-0.090444535	0.08415119	-0.10781586	0.078498885	-0.07760764	0.08201384	-0.09287405	0.091592446	-0.077312574	0.13217475	-0.11672487	0.09980326	-0.12690307	0.13198385	-0.09999128	0.108049154	-0.13194121	0.18080841	-0.14230494	0.10048099	-0.13774705	0.30127496	-0.55296713	0.14018625	-0.11825949	0.15077128	-0.418547	0.9999997	-0.15206486	0.13719279	-0.14459607	0.2808114	-0.5510692	0.16738841	-0.09522394	0.15660661	-0.19413237	0.13811877	-0.10833438	0.07398705	-0.16361584	0.20476116	-0.14760633	0.1290639
-0.047854725	0.06291309	-0.058835696	0.074839786	-0.057513077	0.054054942	-0.056362987	0.06318204	-0.0626522	0.054970726	-0.09568954	0.07629734	-0.06471195	0.08131557	-0.10811527	0.06759527	-0.06958253	0.08270377	-0.10990526	0.10278609	-0.066332035	0.08244566	-0.11427723	0.13099493	-0.8793291	0.076004654	-0.08722692	0.10458155	-0.15206486	0.99999976	-0.09208942	0.085686654	-0.107961744	0.13187736	-0.29541302	0.066909425	-0.095123604	0.10241771	-0.08569478	0.13440044	-0.052185945	0.11929978	-0.14389643	0.09174581	-0.1794079
0.0886015	-0.115149006	0.1011518	-0.122312754	0.08986418	-0.10247637	0.10648255	-0.11048667	0.10259873	-0.08569218	0.23567909	-0.1707189	0.121852145	-0.12907147	0.13543619	-0.22187208	0.16996884	-0.16299117	0.13746853	-0.1133648	0.24637398	-0.26068234	0.13500603	-0.13217099	0.098029755	-0.5418191	0.281097	-0.14514019	0.13719279	-0.09208942	0.9999998	-0.4828127	0.15481241	-0.15736184	0.13970505	-0.29504594	0.2600987	-0.20341305	0.098003514	-0.087059714	0.18924658	-0.3490852	0.2317053	-0.107519664	0.119183294
-0.07584775	0.09657899	-0.08688916	0.103514224	-0.07832106	0.08612315	-0.09111245	0.09401354	-0.08872468	0.073844776	-0.20599547	0.14363693	-0.105530724	0.1113026	-0.12140904	0.16017245	-0.15368916	0.13832481	-0.12598228	0.10095155	-0.189338	0.23835626	-0.14330795	0.13108511	-0.09163584	0.24743481	-0.47953233	0.15844446	-0.14459607	0.085686654	-0.4828127	0.9999998	-0.19195266	0.1628696	-0.13443276	0.17478971	-0.54779273	0.24107559	-0.1050843	0.084853746	-0.13805273	0.24916169	-0.26182333	0.10950732	-0.11427988
0.06147399	-0.08106687	0.07434112	-0.09336451	0.06876435	-0.070277676	0.073920175	-0.08127862	0.0787645	-0.066591874	0.13188305	-0.108239956	0.087939344	-0.10436565	0.11212791	-0.10043154	0.10320418	-0.116635606	0.13487649	-0.10793775	0.10362897	-0.14093475	0.25285393	-0.24209377	0.10771222	-0.12620617	0.16600123	-0.5207299	0.2808114	-0.107961744	0.15481241	-0.19195266	0.9999997	-0.5561173	0.16306339	-0.11004261	0.21755001	-0.43131542	0.15878102	-0.1098368	0.08518531	-0.1853521	0.25341958	-0.16356583	0.12957421
-0.06492428	0.084833525	-0.078756735	0.098342486	-0.07396504	0.07359194	-0.07758514	0.085449696	-0.08386514	0.07100243	-0.14038801	0.110835865	-0.092256255	0.110404305	-0.12389818	0.102607556	-0.10597279	0.12014855	-0.1523259	0.11616431	-0.10578524	0.1366463	-0.27535373	0.25518927	-0.13322176	0.1241401	-0.1608112	0.2885276	-0.5510692	0.13187736	-0.15736184	0.1628696	-0.5561173	0.9999998	-0.24571066	0.106367715	-0.20288923	0.24771646	-0.23134562	0.14343183	-0.08386791	0.17950355	-0.28213513	0.19032356	-0.16835068
0.06610492	-0.087581985	0.079452224	-0.10170741	0.07485824	-0.075453356	0.07754026	-0.08557509	0.08230037	-0.07188271	0.13774563	-0.10753736	0.086913764	-0.1051457	0.122380584	-0.09942411	0.09797803	-0.11310132	0.12442176	-0.109158896	0.09740726	-0.121272616	0.13546008	-0.14455035	0.21553856	-0.115029015	0.12741244	-0.14144263	0.16738841	-0.29541302	0.13970505	-0.13443276	0.16306339	-0.24571066	0.9999996	-0.11289698	0.1502047	-0.17257671	0.18728437	-0.5615978	0.0870912	-0.20729806	0.21799105	-0.21348737	0.32268605
-0.052283183	0.065689676	-0.059786037	0.07187035	-0.055647288	0.058678742	-0.060901757	0.06382864	-0.06099984	0.05191371	-0.14873348	0.08976303	-0.068537615	0.07595983	-0.08923181	0.10335042	-0.089460015	0.088624194	-0.088201076	0.07173127	-0.11485702	0.12073872	-0.090530924	0.086242616	-0.07434134	0.14832158	-0.14622286	0.093566075	-0.09522394	0.066909425	-0.29504594	0.17478971	-0.11004261	0.106367715	-0.11289698	0.99999964	-0.24190748	0.1494361	-0.07374794	0.0678865	-0.81204903	0.30018103	-0.22416325	0.077783436	-0.09704776
0.071598046	-0.09312318	0.08346025	-0.10224613	0.07591888	-0.08192378	0.08560211	-0.09068245	0.08575756	-0.0723927	0.17425075	-0.13158797	0.09850702	-0.109070934	0.118702166	-0.13664033	0.12877898	-0.13060454	0.124709345	-0.10239735	0.14531052	-0.19364838	0.14726077	-0.14411367	0.09947541	-0.19171225	0.23584121	-0.17640115	0.15660661	-0.095123604	0.2600987	-0.54779273	0.21755001	-0.20288923	0.1502047	-0.24190748	0.9999999	-0.52946794	0.13952349	-0.10098898	0.17254242	-0.37621224	0.2921025	-0.15030149	0.12962885
-0.065114394	0.08469116	-0.077034816	0.0953364	-0.0712009	0.07406709	-0.07743803	0.0833606	-0.080052	0.06796245	-0.15226947	0.11394447	-0.08947915	0.102698885	-0.114396736	0.11342189	-0.11079638	0.117202714	-0.12564003	0.1011403	-0.119813845	0.15135747	-0.17995155	0.16265628	-0.10640675	0.14698322	-0.19020623	0.21267067	-0.19413237	0.10241771	-0.20341305	0.24107559	-0.43131542	0.24771646	-0.17257671	0.1494361	-0.52946794	0.9999998	-0.23263337	0.120690845	-0.118604966	0.24291363	-0.5342126	0.1936997	-0.14978366
0.038454786	-0.05036499	0.045994442	-0.057687685	0.042972516	-0.043745536	0.045540612	-0.049712673	0.048011314	-0.04114247	0.085044384	-0.06521528	0.052394453	-0.061880406	0.07014935	-0.062309444	0.06161783	-0.06840826	0.076999865	-0.06298533	0.06359165	-0.08034374	0.104974434	-0.10347169	0.08221536	-0.07629721	0.091820315	-0.115671605	0.13811877	-0.08569478	0.098003514	-0.1050843	0.15878102	-0.23134562	0.18728437	-0.07374794	0.13952349	-0.23263337	1.0000002	-0.25954428	0.05751061	-0.12717089	0.19231151	-0.86357486	0.2057555
-0.038870353	0.051207915	-0.04662426	0.059222896	-0.043938793	0.044249725	-0.04565762	0.050190628	-0.048399474	0.042063255	-0.082924984	0.06374123	-0.051513236	0.061858833	-0.07211464	0.059679713	-0.058803447	0.06693191	-0.07464839	0.063915	-0.05926276	0.07355391	-0.08645178	0.08820611	-0.11847595	0.0699918	-0.07965519	0.08932022	-0.10833438	0.13440044	-0.087059714	0.084853746	-0.1098368	0.14343183	-0.5615978	0.0678865	-0.10098898	0.120690845	-0.25954428	1.0000006	-0.052726775	0.12226782	-0.14885002	0.21071596	-0.7051962
0.04080837	-0.051633365	0.046807334	-0.056534078	0.043419965	-0.04597942	0.04768304	-0.05010954	0.047763836	-0.040657263	0.1127123	-0.07062104	0.05370617	-0.059624158	0.069265656	-0.080449425	0.06966881	-0.06976782	0.068648554	-0.056113247	0.08710996	-0.094873585	0.07022738	-0.067604624	0.05762109	-0.11625433	0.11125454	-0.07333406	0.07398705	-0.052185945	0.18924658	-0.13805273	0.08518531	-0.08386791	0.0870912	-0.81204903	0.17254242	-0.118604966	0.05751061	-0.052726775	1.0000005	-0.48125246	0.16807437	-0.06135017	0.074899055
-0.08836616	0.10989579	-0.10106455	0.12122717	-0.09547385	0.098303966	-0.101909615	0.10713671	-0.103260316	0.08843185	-0.2555981	0.14628874	-0.11395369	0.12805337	-0.15598993	0.16448262	-0.1452385	0.14582205	-0.15193231	0.12327027	-0.17882973	0.18804486	-0.15425803	0.14627571	-0.13472047	0.20674653	-0.23049992	0.1561074	-0.16361584	0.11929978	-0.3490852	0.24916169	-0.1853521	0.17950355	-0.20729806	0.30018103	-0.37621224	0.24291363	-0.12717089	0.12226782	-0.48125246	1.0000004	-0.4204261	0.13321812	-0.17849499
0.09282851	-0.12362969	0.11032296	-0.14020732	0.10098233	-0.10697903	0.11009134	-0.11989401	0.11355486	-0.09768329	0.19881918	-0.16014068	0.12434499	-0.14547317	0.15742749	-0.15277126	0.14750391	-0.16450018	0.16490512	-0.14132513	0.1522897	-0.1972385	0.18572466	-0.19660984	0.14588554	-0.19046707	0.20799305	-0.22000477	0.20476116	-0.14389643	0.2317053	-0.26182333	0.25341958	-0.28213513	0.21799105	-0.22416325	0.2921025	-0.5342126	0.19231151	-0.14885002	0.16807437	-0.4204261	1.0000001	-0.23237775	0.18999326
-0.0415821	0.054183308	-0.049652867	0.062006563	-0.04658542	0.04714349	-0.04912464	0.053513445	-0.051823847	0.044415705	-0.093421295	0.07003598	-0.05644644	0.06653129	-0.076538496	0.067426264	-0.06653382	0.07335032	-0.08360066	0.06772012	-0.069155835	0.085913375	-0.11301012	0.10732724	-0.09065677	0.08210482	-0.09965777	0.1177942	-0.14760633	0.09174581	-0.107519664	0.10950732	-0.16356583	0.19032356	-0.21348737	0.077783436	-0.15030149	0.1936997	-0.86357486	0.21071596	-0.06135017	0.13321812	-0.23237775	1.0000002	-0.2558545
0.05552635	-0.073476	0.06654631	-0.08509	0.06266881	-0.06335848	0.0650271	-0.071595326	0.06873136	-0.060075913	0.11681181	-0.0902363	0.07259296	-0.08746069	0.10181379	-0.0840891	0.082298465	-0.09440616	0.102307856	-0.08952153	0.08245086	-0.1020136	0.10831777	-0.11354369	0.15119904	-0.09747848	0.10746685	-0.112315774	0.1290639	-0.1794079	0.119183294	-0.11427988	0.12957421	-0.16835068	0.32268605	-0.09704776	0.12962885	-0.14978366	0.2057555	-0.7051962	0.074899055	-0.17849499	0.18999326	-0.2558545	1.0000002
