1.0000002	-0.30663675	0.14921363	-0.16437502	0.18603843	-0.75164384	0.26129287	-0.29682285	0.18048461	-0.17843102	0.27684656	-0.2508244	0.1881868	-0.15405342	0.16016275	-0.20846917	0.16798915	-0.10485394	0.1020697	-0.10859908	0.15587977	-0.14070405	0.07959624	-0.07904171	0.12277286	-0.18539515	0.15356329	-0.08393827	0.07269818	-0.08114198	0.09964158	-0.07442406	0.06858529	-0.07042587	0.0657031	-0.06044538	0.067211196	-0.0689128	0.069274895	-0.0793729	0.08676631	-0.06120494	0.056882802	-0.06169779	0.055955667
-0.30663675	1.0000004	-0.536128	0.3007191	-0.3963013	0.21226726	-0.37883258	0.28329647	-0.27592897	0.23749867	-0.23577565	0.23071828	-0.2358437	0.18936932	-0.22363712	0.15432592	-0.19114862	0.12320661	-0.12879036	0.13642009	-0.14699352	0.13853559	-0.095983215	0.091625534	-0.16308737	0.15801616	-0.16735531	0.09143061	-0.082271606	0.09276477	-0.11446202	0.08174382	-0.076598786	0.07852665	-0.07647738	0.06842542	-0.07540835	0.07618477	-0.078153886	0.08743363	-0.10057168	0.0680554	-0.064467296	0.06833836	-0.063198596
0.14921363	-0.536128	1.0000002	-0.73384804	0.25828478	-0.117992066	0.17766502	-0.22277519	0.18194816	-0.17431843	0.12742531	-0.13683662	0.13983715	-0.12387026	0.13548277	-0.08922038	0.106398374	-0.07577864	0.07739927	-0.0843258	0.08251062	-0.080005355	0.057088774	-0.055437125	0.0972063	-0.09340892	0.09496895	-0.05538577	0.04941566	-0.056746125	0.06801225	-0.048788376	0.045839053	-0.047581803	0.046297234	-0.040839892	0.04496414	-0.045896694	0.04711495	-0.053638678	0.059979327	-0.04119478	0.038842008	-0.041611597	0.03833176
-0.16437502	0.3007191	-0.73384804	1.0	-0.45508128	0.12183523	-0.16971074	0.19418631	-0.2560855	0.21615982	-0.14224994	0.1436107	-0.16243225	0.14888091	-0.16921273	0.099399194	-0.12273912	0.08896384	-0.092588484	0.10199648	-0.094465844	0.091193385	-0.0680417	0.06565192	-0.1191484	0.1061752	-0.11118449	0.065220326	-0.058606375	0.067496225	-0.08095184	0.057520818	-0.054223217	0.056298792	-0.055274166	0.048479296	-0.0532328	0.05420939	-0.05586844	0.06333036	-0.07148556	0.048724804	-0.046103943	0.04917953	-0.04547704
0.18603843	-0.3963013	0.25828478	-0.45508128	1.0000002	-0.15214388	0.19699992	-0.25886694	0.2760039	-0.53946567	0.17322174	-0.18652424	0.20111136	-0.19606614	0.24112813	-0.13352191	0.15714495	-0.12349697	0.12503724	-0.15253742	0.12298546	-0.12292523	0.09559415	-0.09478407	0.1710353	-0.15121052	0.14947611	-0.100336924	0.08861519	-0.104671285	0.1219843	-0.0863932	0.08183744	-0.086693786	0.08433937	-0.07344993	0.08006966	-0.08294347	0.085475385	-0.09999148	0.10858853	-0.07555151	0.07088605	-0.076797545	0.07041475
-0.75164384	0.21226726	-0.117992066	0.12183523	-0.15214388	1.0	-0.34083837	0.23812725	-0.15570977	0.13984771	-0.43071663	0.23803407	-0.17645839	0.13077861	-0.13548833	0.18588358	-0.15513682	0.08815917	-0.08741329	0.08884439	-0.15066652	0.1211725	-0.0663834	0.06475301	-0.10153272	0.14822924	-0.13341738	0.066789605	-0.058435544	0.064359844	-0.08042835	0.060181763	-0.055298388	0.05604991	-0.052501608	0.048568353	-0.054328524	0.055060357	-0.055346724	0.062342774	-0.069696404	0.048536558	-0.045326766	0.048738237	-0.044389434
0.26129287	-0.37883258	0.17766502	-0.16971074	0.19699992	-0.34083837	0.9999998	-0.6386273	0.21123105	-0.1782272	0.2553256	-0.45748407	0.2450114	-0.17866103	0.16973181	-0.16156489	0.17882638	-0.113470264	0.11059277	-0.109339595	0.1363976	-0.13525519	0.07905388	-0.07708076	0.122708224	-0.14784928	0.14120655	-0.07455257	0.06570113	-0.07392681	0.08909716	-0.06639773	0.061475564	-0.06302885	0.060149282	-0.053850245	0.06019061	-0.061299313	0.06213668	-0.07034908	0.07778259	-0.054209884	0.050792705	-0.05472584	0.050082423
-0.29682285	0.28329647	-0.22277519	0.19418631	-0.25886694	0.23812725	-0.6386273	0.9999998	-0.3388645	0.22649935	-0.26828882	0.2941679	-0.35426	0.22987206	-0.23171873	0.1669035	-0.20624347	0.14352542	-0.14768352	0.14142992	-0.1548855	0.14763628	-0.10083027	0.096389696	-0.16229436	0.16367516	-0.16861401	0.0899774	-0.0805225	0.091464795	-0.10924216	0.08008653	-0.07477271	0.07685666	-0.07485255	0.065720245	-0.07324288	0.07431206	-0.07602793	0.08553696	-0.095708445	0.06589447	-0.062162433	0.066553615	-0.061378833
0.18048461	-0.27592897	0.18194816	-0.2560855	0.2760039	-0.15570977	0.21123105	-0.3388645	0.99999994	-0.5218272	0.18304357	-0.2287477	0.2832104	-0.5383284	0.29260182	-0.1386254	0.16102344	-0.1644691	0.15919615	-0.18148012	0.12429077	-0.12715903	0.1049607	-0.106170766	0.18133532	-0.15040953	0.14583027	-0.09564349	0.08499207	-0.10315076	0.11183115	-0.08163704	0.07744998	-0.08271219	0.0821492	-0.06780924	0.07510676	-0.07813801	0.08090291	-0.09478165	0.09929592	-0.07030359	0.065995075	-0.07223645	0.06649931
-0.17843102	0.23749867	-0.17431843	0.21615982	-0.53946567	0.13984771	-0.1782272	0.22649935	-0.5218272	0.9999999	-0.1744247	0.18612911	-0.2476946	0.26724273	-0.43926048	0.12818567	-0.1603217	0.14615193	-0.1558519	0.20085008	-0.121547334	0.12172048	-0.10940739	0.10624419	-0.23356067	0.14276929	-0.14897604	0.09855621	-0.09044368	0.11140167	-0.120233595	0.084869854	-0.08154238	0.08709839	-0.09107693	0.07217609	-0.07922683	0.08159226	-0.08602087	0.09852811	-0.10713709	0.07361053	-0.0702168	0.07546284	-0.07084587
0.27684656	-0.23577565	0.12742531	-0.14224994	0.17322174	-0.43071663	0.2553256	-0.26828882	0.18304357	-0.1744247	0.9999993	-0.49506938	0.22758436	-0.17446445	0.1663456	-0.48035276	0.21827105	-0.117544875	0.111623205	-0.11377222	0.24749517	-0.18772835	0.086930215	-0.08599174	0.12689315	-0.24491678	0.1906261	-0.0906463	0.07819726	-0.08494415	0.10764327	-0.08238984	0.074748605	-0.075142786	0.069026135	-0.065304674	0.07342303	-0.07441757	0.07392842	-0.083253294	0.09227186	-0.06505169	0.06032777	-0.06520617	0.05896602
-0.2508244	0.23071828	-0.13683662	0.1436107	-0.18652424	0.23803407	-0.45748407	0.2941679	-0.2287477	0.18612911	-0.49506938	0.9999989	-0.4637184	0.22168164	-0.20055994	0.21614917	-0.31824932	0.1444993	-0.1410587	0.12736288	-0.18937656	0.19171509	-0.09674096	0.09322313	-0.1415466	0.1861252	-0.18502775	0.08777503	-0.0771024	0.085277595	-0.103543855	0.07933525	-0.07268004	0.07350044	-0.06946477	0.062745884	-0.07113693	0.07194653	-0.07236393	0.08111081	-0.08970003	0.06280794	-0.058738057	0.06332183	-0.057816174
0.1881868	-0.2358437	0.13983715	-0.16243225	0.20111136	-0.17645839	0.2450114	-0.35426	0.2832104	-0.2476946	0.22758436	-0.4637184	0.9999986	-0.55672485	0.25825548	-0.16284582	0.1866516	-0.2874243	0.2126196	-0.17672603	0.13826928	-0.14696412	0.1192111	-0.11873157	0.17065673	-0.161634	0.15246767	-0.09273153	0.08207948	-0.09778062	0.10605323	-0.079531446	0.07475377	-0.0791977	0.07768418	-0.064570256	0.072330646	-0.075086705	0.07714495	-0.08975464	0.09352183	-0.06675496	0.062469248	-0.06857702	0.062899
-0.15405342	0.18936932	-0.12387026	0.14888091	-0.19606614	0.13077861	-0.17866103	0.22987206	-0.5383284	0.26724273	-0.17446445	0.22168164	-0.55672485	0.9999984	-0.45653713	0.12086314	-0.14865716	0.18807705	-0.2075515	0.190997	-0.110199004	0.11231909	-0.10408121	0.10309802	-0.18400593	0.12701571	-0.12677151	0.081211485	-0.07333951	0.09120204	-0.093653515	0.06909982	-0.065880105	0.07074903	-0.07262133	0.05685551	-0.063527994	0.06602787	-0.06898167	0.08029555	-0.0830828	0.058937736	-0.055619802	0.06096312	-0.05660688
0.16016275	-0.22363712	0.13548277	-0.16921273	0.24112813	-0.13548833	0.16973181	-0.23171873	0.29260182	-0.43926048	0.1663456	-0.20055994	0.25825548	-0.45653713	0.99999833	-0.13179287	0.15513603	-0.19514748	0.19191349	-0.47547266	0.119796194	-0.124923535	0.12374872	-0.13028957	0.27946097	-0.1512842	0.14802971	-0.11506132	0.10318906	-0.14287728	0.12786257	-0.09450114	0.0916007	-0.102478534	0.10797635	-0.07825253	0.087390564	-0.09298247	0.0985279	-0.120133966	0.11484594	-0.08399369	0.07893826	-0.088787094	0.08234654
-0.20846917	0.15432592	-0.08922038	0.099399194	-0.13352191	0.18588358	-0.16156489	0.1669035	-0.1386254	0.12818567	-0.48035276	0.21614917	-0.16284582	0.12086314	-0.13179287	0.99999857	-0.25334886	0.0870795	-0.08682259	0.08930446	-0.69058925	0.20505917	-0.076089114	0.07307152	-0.10504338	0.27029938	-0.24505067	0.08652331	-0.0750639	0.074898355	-0.10830559	0.083961226	-0.07443725	0.070527524	-0.0622034	0.064652465	-0.07414497	0.07219656	-0.07028697	0.07517984	-0.09001782	0.061496615	-0.05720356	0.060361527	-0.054426562
0.16798915	-0.19114862	0.106398374	-0.12273912	0.15714495	-0.15513682	0.17882638	-0.20624347	0.16102344	-0.1603217	0.21827105	-0.31824932	0.1866516	-0.14865716	0.15513603	-0.25334886	0.99999833	-0.11607883	0.10965005	-0.11208668	0.22755162	-0.72177845	0.11367659	-0.11354539	0.12820858	-0.30723685	0.28856882	-0.11668426	0.096314974	-0.09784735	0.12651578	-0.10927366	0.09442415	-0.09207223	0.07979208	-0.07858347	0.092071146	-0.09345325	0.0895297	-0.09906282	0.10770744	-0.07855047	0.07187549	-0.07847738	0.069838785
-0.10485394	0.12320661	-0.07577864	0.08896384	-0.12349697	0.08815917	-0.113470264	0.14352542	-0.1644691	0.14615193	-0.117544875	0.1444993	-0.2874243	0.18807705	-0.19514748	0.0870795	-0.11607883	0.99999803	-0.83905333	0.1937828	-0.0809977	0.09196583	-0.24827078	0.19993724	-0.19389921	0.09674081	-0.09959654	0.071850285	-0.06815794	0.081952654	-0.07701858	0.057579614	-0.056299664	0.062062237	-0.065794	0.046949837	-0.053136725	0.055815853	-0.05960349	0.06811609	-0.06868469	0.04905068	-0.046778932	0.051519956	-0.04849777
0.1020697	-0.12879036	0.07739927	-0.092588484	0.12503724	-0.08741329	0.11059277	-0.14768352	0.15919615	-0.1558519	0.111623205	-0.1410587	0.2126196	-0.2075515	0.19191349	-0.08682259	0.10965005	-0.83905333	0.99999785	-0.26531535	0.07940065	-0.09010276	0.1992168	-0.23930384	0.19287944	-0.09808199	0.09821753	-0.07523839	0.070671946	-0.08663711	0.0787797	-0.05931331	0.05808335	-0.06480357	0.06783792	-0.048224203	0.05462841	-0.057906576	0.06170839	-0.07174262	0.07042241	-0.050987665	0.048371933	-0.05384944	0.05037303
-0.10859908	0.13642009	-0.0843258	0.10199648	-0.15253742	0.08884439	-0.109339595	0.14142992	-0.18148012	0.20085008	-0.11377222	0.12736288	-0.17672603	0.190997	-0.47547266	0.08930446	-0.11208668	0.1937828	-0.26531535	0.999998	-0.08411935	0.089884244	-0.13099958	0.1348437	-0.72606134	0.106215455	-0.11009167	0.09835691	-0.09734982	0.15836218	-0.107912004	0.0787346	-0.0802717	0.09421044	-0.12552331	0.06587291	-0.07449688	0.07947551	-0.09029697	0.106131434	-0.09794882	0.070675604	-0.069064505	0.07706889	-0.07610828
0.15587977	-0.14699352	0.08251062	-0.094465844	0.12298546	-0.15066652	0.1363976	-0.1548855	0.12429077	-0.121547334	0.24749517	-0.18937656	0.13826928	-0.110199004	0.119796194	-0.69058925	0.22755162	-0.0809977	0.07940065	-0.08411935	0.99999803	-0.2771501	0.0743539	-0.07265496	0.098213315	-0.5077693	0.255578	-0.08901643	0.07536276	-0.07473731	0.109347664	-0.086981654	0.07549826	-0.071412444	0.06174293	-0.0660361	0.07503768	-0.07369252	0.0705986	-0.0761077	0.0890173	-0.06230881	0.057259023	-0.06108344	0.054556057
-0.14070405	0.13853559	-0.080005355	0.091193385	-0.12292523	0.1211725	-0.13525519	0.14763628	-0.12715903	0.12172048	-0.18772835	0.19171509	-0.14696412	0.11231909	-0.124923535	0.20505917	-0.72177845	0.09196583	-0.09010276	0.089884244	-0.2771501	0.99999803	-0.11947307	0.105240166	-0.106174216	0.2712708	-0.49622563	0.10565049	-0.08902683	0.08256187	-0.11576726	0.108405106	-0.09131297	0.08189678	-0.06884119	0.07156888	-0.089789465	0.0855503	-0.0806314	0.083923675	-0.096713684	0.068801	-0.06355105	0.0679098	-0.060609873
0.07959624	-0.095983215	0.057088774	-0.0680417	0.09559415	-0.0663834	0.07905388	-0.10083027	0.1049607	-0.10940739	0.086930215	-0.09674096	0.1192111	-0.10408121	0.12374872	-0.076089114	0.11367659	-0.24827078	0.1992168	-0.13099958	0.0743539	-0.11947307	0.9999978	-0.9069654	0.14770858	-0.09581486	0.10416833	-0.09585776	0.094754875	-0.08354991	0.0785267	-0.063667044	0.064216204	-0.07346245	0.066393465	-0.048807584	0.057565745	-0.06248336	0.06622867	-0.07235396	0.07010046	-0.05198696	0.049270585	-0.055550806	0.051072106
-0.07904171	0.091625534	-0.055437125	0.06565192	-0.09478407	0.06475301	-0.07708076	0.096389696	-0.106170766	0.10624419	-0.08599174	0.09322313	-0.11873157	0.10309802	-0.13028957	0.07307152	-0.11354539	0.19993724	-0.23930384	0.1348437	-0.07265496	0.105240166	-0.9069654	0.99999774	-0.1767612	0.091442324	-0.103906155	0.0949389	-0.10595828	0.08525841	-0.07977725	0.063481756	-0.065140076	0.074721806	-0.06926694	0.04926529	-0.05811471	0.06252235	-0.0678163	0.071871094	-0.07126592	0.0519	-0.049792577	0.055521864	-0.05172252
0.12277286	-0.16308737	0.0972063	-0.1191484	0.1710353	-0.10153272	0.122708224	-0.16229436	0.18133532	-0.23356067	0.12689315	-0.1415466	0.17065673	-0.18400593	0.27946097	-0.10504338	0.12820858	-0.19389921	0.19287944	-0.72606134	0.098213315	-0.106174216	0.14770858	-0.1767612	0.9999975	-0.13004604	0.13207707	-0.13492064	0.12895219	-0.2826482	0.13662538	-0.10401705	0.10628954	-0.13140619	0.16998859	-0.084799364	0.0973785	-0.10690702	0.12100403	-0.15393832	0.12475398	-0.09500492	0.091222756	-0.1066937	0.10309582
-0.18539515	0.15801616	-0.09340892	0.1061752	-0.15121052	0.14822924	-0.14784928	0.16367516	-0.15040953	0.14276929	-0.24491678	0.1861252	-0.161634	0.12701571	-0.1512842	0.27029938	-0.30723685	0.09674081	-0.09808199	0.106215455	-0.5077693	0.2712708	-0.09581486	0.091442324	-0.13004604	0.9999971	-0.6113186	0.13900393	-0.11967807	0.10777117	-0.19576128	0.14841498	-0.12621488	0.110477135	-0.091447376	0.11122167	-0.12812735	0.11856898	-0.11130236	0.11263225	-0.14696002	0.09774728	-0.0902334	0.09315058	-0.0830218
0.15356329	-0.16735531	0.09496895	-0.11118449	0.14947611	-0.13341738	0.14120655	-0.16861401	0.14583027	-0.14897604	0.1906261	-0.18502775	0.15246767	-0.12677151	0.14802971	-0.24505067	0.28856882	-0.09959654	0.09821753	-0.11009167	0.255578	-0.49622563	0.10416833	-0.103906155	0.13207707	-0.6113186	0.99999726	-0.18919137	0.1411049	-0.124328956	0.17809512	-0.22038618	0.15378138	-0.13281474	0.10375358	-0.114662014	0.149474	-0.14487378	0.12774237	-0.13108796	0.14635709	-0.10951516	0.09895876	-0.10742572	0.093732096
-0.08393827	0.09143061	-0.05538577	0.065220326	-0.100336924	0.066789605	-0.07455257	0.0899774	-0.09564349	0.09855621	-0.0906463	0.08777503	-0.09273153	0.081211485	-0.11506132	0.08652331	-0.11668426	0.071850285	-0.07523839	0.09835691	-0.08901643	0.10565049	-0.09585776	0.0949389	-0.13492064	0.13900393	-0.18919137	0.9999972	-0.71465963	0.19797368	-0.24350896	0.22828652	-0.3999356	0.28695762	-0.1894675	0.15206432	-0.214618	0.23362753	-0.26526242	0.18953542	-0.2155678	0.15189339	-0.15559724	0.16661023	-0.15325491
0.07269818	-0.082271606	0.04941566	-0.058606375	0.08861519	-0.058435544	0.06570113	-0.0805225	0.08499207	-0.09044368	0.07819726	-0.0771024	0.08207948	-0.07333951	0.10318906	-0.0750639	0.096314974	-0.06815794	0.070671946	-0.09734982	0.07536276	-0.08902683	0.094754875	-0.10595828	0.12895219	-0.11967807	0.1411049	-0.71465963	0.9999976	-0.26956415	0.18544704	-0.20327242	0.25727683	-0.46662763	0.21205907	-0.12397635	0.17472105	-0.2229677	0.24835064	-0.20877765	0.16842346	-0.1407252	0.13709792	-0.17211518	0.14933997
-0.08114198	0.09276477	-0.056746125	0.067496225	-0.104671285	0.064359844	-0.07392681	0.091464795	-0.10315076	0.11140167	-0.08494415	0.085277595	-0.09778062	0.09120204	-0.14287728	0.074898355	-0.09784735	0.081952654	-0.08663711	0.15836218	-0.07473731	0.08256187	-0.08354991	0.08525841	-0.2826482	0.10777117	-0.124328956	0.19797368	-0.26956415	0.99999756	-0.19745852	0.14657445	-0.17653404	0.24893937	-0.7592935	0.1216648	-0.14680827	0.16111234	-0.22792122	0.24880177	-0.18455514	0.13484542	-0.14566325	0.16532892	-0.1953119
0.09964158	-0.11446202	0.06801225	-0.08095184	0.1219843	-0.08042835	0.08909716	-0.10924216	0.11183115	-0.120233595	0.10764327	-0.103543855	0.10605323	-0.093653515	0.12786257	-0.10830559	0.12651578	-0.07701858	0.0787797	-0.107912004	0.109347664	-0.11576726	0.0785267	-0.07977725	0.13662538	-0.19576128	0.17809512	-0.24350896	0.18544704	-0.19745852	0.9999976	-0.33146304	0.22208954	-0.21246795	0.15964353	-0.62016153	0.26267383	-0.2627755	0.20486306	-0.24053152	0.32095993	-0.25274888	0.18616728	-0.20346259	0.16205864
-0.07442406	0.08174382	-0.048788376	0.057520818	-0.0863932	0.060181763	-0.06639773	0.08008653	-0.08163704	0.084869854	-0.08238984	0.07933525	-0.079531446	0.06909982	-0.09450114	0.083961226	-0.10927366	0.057579614	-0.05931331	0.0787346	-0.086981654	0.108405106	-0.063667044	0.063481756	-0.10401705	0.14841498	-0.22038618	0.22828652	-0.20327242	0.14657445	-0.33146304	0.9999975	-0.5576056	0.21725677	-0.1383392	0.21479751	-0.5920967	0.31438902	-0.22562861	0.16650894	-0.23512389	0.16827363	-0.15591839	0.15303439	-0.13186948
0.06858529	-0.076598786	0.045839053	-0.054223217	0.08183744	-0.055298388	0.061475564	-0.07477271	0.07744998	-0.08154238	0.074748605	-0.07268004	0.07475377	-0.065880105	0.0916007	-0.07443725	0.09442415	-0.056299664	0.05808335	-0.0802717	0.07549826	-0.09131297	0.064216204	-0.065140076	0.10628954	-0.12621488	0.15378138	-0.3999356	0.25727683	-0.17653404	0.22208954	-0.5576056	0.9999973	-0.37472585	0.16518882	-0.16265589	0.3008706	-0.4979796	0.26042336	-0.18641908	0.18996006	-0.15826903	0.15029074	-0.16866058	0.14110169
-0.07042587	0.07852665	-0.047581803	0.056298792	-0.086693786	0.05604991	-0.06302885	0.07685666	-0.08271219	0.08709839	-0.075142786	0.07350044	-0.0791977	0.07074903	-0.102478534	0.070527524	-0.09207223	0.062062237	-0.06480357	0.09421044	-0.071412444	0.08189678	-0.07346245	0.074721806	-0.13140619	0.110477135	-0.13281474	0.28695762	-0.46662763	0.24893937	-0.21246795	0.21725677	-0.37472585	0.9999973	-0.35416636	0.13978916	-0.21081258	0.25749785	-0.56240773	0.23712122	-0.19419624	0.15781732	-0.16853851	0.21483149	-0.19438887
0.0657031	-0.07647738	0.046297234	-0.055274166	0.08433937	-0.052501608	0.060149282	-0.07485255	0.0821492	-0.09107693	0.069026135	-0.06946477	0.07768418	-0.07262133	0.10797635	-0.0622034	0.07979208	-0.065794	0.06783792	-0.12552331	0.06174293	-0.06884119	0.066393465	-0.06926694	0.16998859	-0.091447376	0.10375358	-0.1894675	0.21205907	-0.7592935	0.15964353	-0.1383392	0.16518882	-0.35416636	0.9999974	-0.10323727	0.13216364	-0.15766874	0.22261679	-0.37630528	0.15039328	-0.12646852	0.13088597	-0.17459016	0.19343364
-0.06044538	0.06842542	-0.040839892	0.048479296	-0.07344993	0.048568353	-0.053850245	0.065720245	-0.06780924	0.07217609	-0.065304674	0.062745884	-0.064570256	0.05685551	-0.07825253	0.064652465	-0.07858347	0.046949837	-0.048224203	0.06587291	-0.0660361	0.07156888	-0.048807584	0.04926529	-0.084799364	0.11122167	-0.114662014	0.15206432	-0.12397635	0.1216648	-0.62016153	0.21479751	-0.16265589	0.13978916	-0.10323727	0.9999978	-0.30952752	0.19954251	-0.14725278	0.15097971	-0.6337718	0.19824168	-0.15496427	0.13748154	-0.111537546
0.067211196	-0.07540835	0.04496414	-0.0532328	0.08006966	-0.054328524	0.06019061	-0.07324288	0.07510676	-0.07922683	0.07342303	-0.07113693	0.072330646	-0.063527994	0.087390564	-0.07414497	0.092071146	-0.053136725	0.05462841	-0.07449688	0.07503768	-0.089789465	0.057565745	-0.05811471	0.0973785	-0.12812735	0.149474	-0.214618	0.17472105	-0.14680827	0.26267383	-0.5920967	0.3008706	-0.21081258	0.13216364	-0.30952752	0.9999977	-0.5781715	0.22472994	-0.17763251	0.23666748	-0.2159669	0.17108847	-0.16786115	0.13497755
-0.0689128	0.07618477	-0.045896694	0.05420939	-0.08294347	0.055060357	-0.061299313	0.07431206	-0.07813801	0.08159226	-0.07441757	0.07194653	-0.075086705	0.06602787	-0.09298247	0.07219656	-0.09345325	0.055815853	-0.057906576	0.07947551	-0.07369252	0.0855503	-0.06248336	0.06252235	-0.10690702	0.11856898	-0.14487378	0.23362753	-0.2229677	0.16111234	-0.2627755	0.31438902	-0.4979796	0.25749785	-0.15766874	0.19954251	-0.5781715	0.9999974	-0.4104409	0.19535118	-0.24137105	0.19082657	-0.20566437	0.19613212	-0.1645957
0.069274895	-0.078153886	0.04711495	-0.05586844	0.085475385	-0.055346724	0.06213668	-0.07602793	0.08090291	-0.08602087	0.07392842	-0.07236393	0.07714495	-0.06898167	0.0985279	-0.07028697	0.0895297	-0.05960349	0.06170839	-0.09029697	0.0705986	-0.0806314	0.06622867	-0.0678163	0.12100403	-0.11130236	0.12774237	-0.26526242	0.24835064	-0.22792122	0.20486306	-0.22562861	0.26042336	-0.56240773	0.22261679	-0.14725278	0.22472994	-0.4104409	0.99999744	-0.34229282	0.19602975	-0.20348698	0.20675768	-0.42025596	0.24721003
-0.0793729	0.08743363	-0.053638678	0.06333036	-0.09999148	0.062342774	-0.07034908	0.08553696	-0.09478165	0.09852811	-0.083253294	0.08111081	-0.08975464	0.08029555	-0.120133966	0.07517984	-0.09906282	0.06811609	-0.07174262	0.106131434	-0.0761077	0.083923675	-0.07235396	0.071871094	-0.15393832	0.11263225	-0.13108796	0.18953542	-0.20877765	0.24880177	-0.24053152	0.16650894	-0.18641908	0.23712122	-0.37630528	0.15097971	-0.17763251	0.19535118	-0.34229282	0.9999975	-0.23661928	0.19243915	-0.23098953	0.29853603	-0.6352889
0.08676631	-0.10057168	0.059979327	-0.07148556	0.10858853	-0.069696404	0.07778259	-0.095708445	0.09929592	-0.10713709	0.09227186	-0.08970003	0.09352183	-0.0830828	0.11484594	-0.09001782	0.10770744	-0.06868469	0.07042241	-0.09794882	0.0890173	-0.096713684	0.07010046	-0.07126592	0.12475398	-0.14696002	0.14635709	-0.2155678	0.16842346	-0.18455514	0.32095993	-0.23512389	0.18996006	-0.19419624	0.15039328	-0.6337718	0.23666748	-0.24137105	0.19602975	-0.23661928	0.9999974	-0.3918806	0.22901808	-0.21496277	0.16551684
-0.06120494	0.0680554	-0.04119478	0.048724804	-0.07555151	0.048536558	-0.054209884	0.06589447	-0.07030359	0.07361053	-0.06505169	0.06280794	-0.06675496	0.058937736	-0.08399369	0.061496615	-0.07855047	0.04905068	-0.050987665	0.070675604	-0.06230881	0.068801	-0.05198696	0.0519	-0.09500492	0.09774728	-0.10951516	0.15189339	-0.1407252	0.13484542	-0.25274888	0.16827363	-0.15826903	0.15781732	-0.12646852	0.19824168	-0.2159669	0.19082657	-0.20348698	0.19243915	-0.3918806	0.999997	-0.7556663	0.24901426	-0.20883918
0.056882802	-0.064467296	0.038842008	-0.046103943	0.07088605	-0.045326766	0.050792705	-0.062162433	0.065995075	-0.0702168	0.06032777	-0.058738057	0.062469248	-0.055619802	0.07893826	-0.05720356	0.07187549	-0.046778932	0.048371933	-0.069064505	0.057259023	-0.06355105	0.049270585	-0.049792577	0.091222756	-0.0902334	0.09895876	-0.15559724	0.13709792	-0.14566325	0.18616728	-0.15591839	0.15029074	-0.16853851	0.13088597	-0.15496427	0.17108847	-0.20566437	0.20675768	-0.23098953	0.22901808	-0.7556663	0.9999968	-0.43128258	0.218348
-0.06169779	0.06833836	-0.041611597	0.04917953	-0.076797545	0.048738237	-0.05472584	0.066553615	-0.07223645	0.07546284	-0.06520617	0.06332183	-0.06857702	0.06096312	-0.088787094	0.060361527	-0.07847738	0.051519956	-0.05384944	0.07706889	-0.06108344	0.0679098	-0.055550806	0.055521864	-0.1066937	0.09315058	-0.10742572	0.16661023	-0.17211518	0.16532892	-0.20346259	0.15303439	-0.16866058	0.21483149	-0.17459016	0.13748154	-0.16786115	0.19613212	-0.42025596	0.29853603	-0.21496277	0.24901426	-0.43128258	0.9999967	-0.6159602
0.055955667	-0.063198596	0.03833176	-0.04547704	0.07041475	-0.044389434	0.050082423	-0.061378833	0.06649931	-0.07084587	0.05896602	-0.057816174	0.062899	-0.05660688	0.08234654	-0.054426562	0.069838785	-0.04849777	0.05037303	-0.07610828	0.054556057	-0.060609873	0.051072106	-0.05172252	0.10309582	-0.0830218	0.093732096	-0.15325491	0.14933997	-0.1953119	0.16205864	-0.13186948	0.14110169	-0.19438887	0.19343364	-0.111537546	0.13497755	-0.1645957	0.24721003	-0.6352889	0.16551684	-0.20883918	0.218348	-0.6159602	0.9999967
