1.0	-0.5166372	0.26137787	-0.16876979	0.18544987	-0.44587433	0.28334665	-0.25632882	0.2048522	-0.15114866	0.29586172	-0.34473693	0.23787433	-0.18985105	0.12514268	-0.12781149	0.1943234	-0.17248021	0.15113792	-0.16175754	0.10712059	-0.25479487	0.16879842	-0.1416507	0.144952	-0.08762318	0.08877146	-0.13184692	0.120439194	-0.10391896	0.09207847	-0.090734735	0.12041028	-0.12698223	0.1062584	-0.10321985	0.08732999	-0.10906708	0.117442474	-0.15615632	0.058380026	-0.07028178	0.123557135	-0.10439086	0.1708948
-0.5166372	0.9999999	-0.5192233	0.19970147	-0.22546263	0.23915929	-0.47437757	0.288351	-0.22788188	0.14099583	-0.26335144	0.29238257	-0.25380692	0.17879638	-0.12153419	0.09223703	-0.16958348	0.14964348	-0.1288745	0.12992325	-0.08060953	0.17951974	-0.13845058	0.11277935	-0.1155638	0.06354177	-0.06544254	0.100615606	-0.09351985	0.0781282	-0.06761364	0.06622352	-0.090396315	0.09449686	-0.08069971	0.072756834	-0.063246615	0.07957626	-0.08672558	0.11032657	-0.04169392	0.050156634	-0.09011228	0.07542253	-0.12270598
0.26137787	-0.5192233	1.0	-0.39664808	0.26203406	-0.17793845	0.2708373	-0.53014535	0.2673353	-0.17893642	0.18809271	-0.2880225	0.25948933	-0.22294553	0.14225468	-0.09268646	0.17004248	-0.1639433	0.1405693	-0.14673404	0.079726644	-0.19643657	0.14533919	-0.12296142	0.12344221	-0.06798759	0.06989201	-0.10894687	0.10018586	-0.085112624	0.07178957	-0.07118729	0.09656263	-0.102573924	0.086455695	-0.07921478	0.06806128	-0.085961185	0.09301899	-0.1209268	0.04508323	-0.0543917	0.09592927	-0.081198126	0.13033354
-0.16876979	0.19970147	-0.39664808	1.0	-0.7446764	0.1067331	-0.15170403	0.22623251	-0.40436748	0.19928664	-0.12283544	0.16918023	-0.18415193	0.21809164	-0.16222991	0.06470133	-0.12461349	0.117436044	-0.11344242	0.11523222	-0.05618466	0.13901041	-0.109010614	0.09354571	-0.09500974	0.049384758	-0.051109478	0.08066364	-0.07529502	0.06387399	-0.052502997	0.052041493	-0.07153914	0.075973846	-0.06513028	0.057647772	-0.049908463	0.06320183	-0.06882459	0.088605426	-0.032934815	0.03971497	-0.070742756	0.059709277	-0.09597572
0.18544987	-0.22546263	0.26203406	-0.7446764	0.9999994	-0.12186934	0.16270152	-0.23309234	0.28355083	-0.31742823	0.13895947	-0.2023989	0.2009906	-0.2697888	0.19836514	-0.08153777	0.14953803	-0.14149149	0.13845558	-0.14722677	0.07028101	-0.17952202	0.13397528	-0.117410526	0.11881234	-0.06339745	0.06528739	-0.10228975	0.094786644	-0.08179037	0.06713199	-0.06679725	0.090999424	-0.09733592	0.082719706	-0.075030886	0.06428302	-0.08130944	0.08810285	-0.11563066	0.042640906	-0.0514641	0.0907237	-0.0770108	0.123513475
-0.44587433	0.23915929	-0.17793845	0.1067331	-0.12186934	0.99999934	-0.34850723	0.18254414	-0.13978896	0.09320932	-0.75808877	0.2577448	-0.1710159	0.12054418	-0.0795768	0.099631876	-0.12878068	0.11070279	-0.09428965	0.09706793	-0.08661076	0.14940599	-0.104809485	0.085476205	-0.08735156	0.052547656	-0.053004194	0.07807387	-0.07189927	0.06031976	-0.0550962	0.053216808	-0.07071776	0.0737469	-0.062148478	0.05821432	-0.05024139	0.06275633	-0.067931615	0.08725357	-0.033245783	0.039982565	-0.07090025	0.059466574	-0.09670206
0.28334665	-0.47437757	0.2708373	-0.15170403	0.16270152	-0.34850723	0.9999993	-0.42078412	0.1994682	-0.12416651	0.261812	-0.6049184	0.25465187	-0.1671573	0.1057775	-0.0866203	0.15979846	-0.14598995	0.118164875	-0.11953007	0.07475389	-0.16656308	0.12614162	-0.10312808	0.10377063	-0.05739497	0.059013657	-0.091403954	0.08436111	-0.07022666	0.06065295	-0.059604146	0.08100284	-0.085112706	0.07200569	-0.065112226	0.056540698	-0.071298435	0.07743227	-0.098544456	0.037263274	-0.04489515	0.07990492	-0.06716604	0.1081821
-0.25632882	0.288351	-0.53014535	0.22623251	-0.23309234	0.18254414	-0.42078412	0.9999992	-0.39807537	0.17033163	-0.20542145	0.29202244	-0.4637296	0.240051	-0.14856584	0.090655744	-0.19256687	0.18885532	-0.1523598	0.14800161	-0.07920273	0.1875978	-0.1557782	0.12608492	-0.12585756	0.06543027	-0.06800082	0.10867847	-0.10099323	0.0831961	-0.06947593	0.06868939	-0.09489298	0.09996834	-0.085176766	0.07456736	-0.06520083	0.08274053	-0.0901939	0.113628745	-0.042789534	0.051603705	-0.092195675	0.07753957	-0.12405734
0.2048522	-0.22788188	0.2673353	-0.40436748	0.28355083	-0.13978896	0.1994682	-0.39807537	0.9999991	-0.33280936	0.15873128	-0.24134971	0.27086428	-0.5696875	0.24801913	-0.092209294	0.18021968	-0.18006891	0.18573852	-0.18841429	0.079814985	-0.20258899	0.16126317	-0.14502102	0.14315629	-0.07156688	0.07423693	-0.11984742	0.1120335	-0.09528256	0.07579394	-0.07562177	0.10433634	-0.11221061	0.09588414	-0.083354935	0.072235055	-0.09202432	0.10011805	-0.12900949	0.047590785	-0.057512265	0.10172485	-0.08636479	0.13712591
-0.15114866	0.14099583	-0.17893642	0.19928664	-0.31742823	0.09320932	-0.12416651	0.17033163	-0.33280936	0.99999917	-0.11354753	0.14703701	-0.19941907	0.29431173	-0.78585416	0.064713284	-0.1378592	0.12831391	-0.14366958	0.1392832	-0.057014775	0.13979279	-0.123894155	0.10703881	-0.11344128	0.051856283	-0.054449115	0.088148646	-0.08470075	0.07140193	-0.05587883	0.055210285	-0.07808555	0.08236633	-0.07395977	0.06000254	-0.05306058	0.06757401	-0.07471898	0.0934182	-0.034650188	0.041719526	-0.07636392	0.063821584	-0.103475854
0.29586172	-0.26335144	0.18809271	-0.12283544	0.13895947	-0.75808877	0.261812	-0.20542145	0.15873128	-0.11354753	0.99999905	-0.3516714	0.19604048	-0.14611344	0.09547164	-0.15002322	0.15979563	-0.13811377	0.117570765	-0.12365943	0.11594518	-0.2030733	0.13234515	-0.10908888	0.111026116	-0.069682255	0.069580354	-0.100979835	0.09229	-0.07807904	0.07224653	-0.06993707	0.09166394	-0.095902465	0.08007903	-0.076911926	0.065836474	-0.082043044	0.0883499	-0.11488062	0.043738402	-0.052638773	0.09237883	-0.07778252	0.12629373
-0.34473693	0.29238257	-0.2880225	0.16918023	-0.2023989	0.2577448	-0.6049184	0.29202244	-0.24134971	0.14703701	-0.3516714	0.9999989	-0.41944236	0.20099455	-0.1325677	0.109740995	-0.24410675	0.20001009	-0.15748088	0.1525727	-0.09719932	0.20889759	-0.17150587	0.13471419	-0.13663499	0.07300086	-0.0757468	0.118353955	-0.110331774	0.08992394	-0.07783297	0.0760247	-0.10481489	0.10890118	-0.09322597	0.08165146	-0.07194571	0.09083298	-0.099371724	0.12334531	-0.047084533	0.05664116	-0.102414146	0.085383125	-0.13804632
0.23787433	-0.25380692	0.25948933	-0.18415193	0.2009906	-0.1710159	0.25465187	-0.4637296	0.27086428	-0.19941907	0.19604048	-0.41944236	0.99999905	-0.3576662	0.17476845	-0.12278268	0.2696629	-0.43087363	0.22086024	-0.21979271	0.105352975	-0.27412817	0.22324657	-0.18577118	0.17238843	-0.08986798	0.09349985	-0.15671171	0.14096648	-0.115029134	0.09400684	-0.09443372	0.12970947	-0.13934463	0.11491042	-0.101328455	0.08834489	-0.11326068	0.1221795	-0.15415242	0.057923447	-0.07020411	0.122480184	-0.10433427	0.1622511
-0.18985105	0.17879638	-0.22294553	0.21809164	-0.2697888	0.12054418	-0.1671573	0.240051	-0.5696875	0.29431173	-0.14611344	0.20099455	-0.3576662	0.99999905	-0.4788523	0.0869348	-0.19661413	0.19709909	-0.27875233	0.20501724	-0.076518275	0.18972972	-0.17793883	0.15910839	-0.15917929	0.06944139	-0.07327863	0.122585565	-0.11925556	0.097588465	-0.0744156	0.07405939	-0.10554631	0.11249203	-0.0998436	0.079539046	-0.0705859	0.09055763	-0.100090556	0.12398194	-0.04593271	0.055446506	-0.10051573	0.08449774	-0.13462175
0.12514268	-0.12153419	0.14225468	-0.16222991	0.19836514	-0.0795768	0.1057775	-0.14856584	0.24801913	-0.78585416	0.09547164	-0.1325677	0.17476845	-0.4788523	0.999999	-0.058604337	0.12183069	-0.12091113	0.14371242	-0.1510899	0.05122123	-0.12939961	0.11205334	-0.10301963	0.10534108	-0.047158375	0.049388915	-0.081400804	0.077754214	-0.06665518	0.050359104	-0.05019932	0.0706257	-0.07590039	0.0673464	-0.05469283	0.048028484	-0.06148821	0.06760282	-0.08588306	0.031428445	-0.037959337	0.06827496	-0.05769058	0.092059135
-0.12781149	0.09223703	-0.09268646	0.06470133	-0.08153777	0.099631876	-0.0866203	0.090655744	-0.092209294	0.064713284	-0.15002322	0.109740995	-0.12278268	0.0869348	-0.058604337	0.99999887	-0.21828952	0.1250819	-0.1001704	0.09679592	-0.8984001	0.2403223	-0.13468008	0.09593269	-0.09870597	0.10599763	-0.09335587	0.093591936	-0.08582919	0.06364237	-0.1023124	0.079619296	-0.08830615	0.083633654	-0.06808251	0.06703725	-0.06247812	0.07339153	-0.07847517	0.08711217	-0.039854206	0.0473522	-0.081452124	0.06581113	-0.10416594
0.1943234	-0.16958348	0.17004248	-0.12461349	0.14953803	-0.12878068	0.15979846	-0.19256687	0.18021968	-0.1378592	0.15979563	-0.24410675	0.2696629	-0.19661413	0.12183069	-0.21828952	0.9999987	-0.6028632	0.23963562	-0.24827735	0.17373207	-0.52130324	0.27293152	-0.21771532	0.1936213	-0.11391603	0.11863631	-0.18795702	0.16410597	-0.1286718	0.11525417	-0.11568416	0.15123335	-0.16081108	0.12772559	-0.11525748	0.10208006	-0.13009684	0.1388088	-0.16852437	0.06629221	-0.08049217	0.13723142	-0.11685036	0.17664915
-0.17248021	0.14964348	-0.1639433	0.117436044	-0.14149149	0.11070279	-0.14598995	0.18885532	-0.18006891	0.12831391	-0.13811377	0.20001009	-0.43087363	0.19709909	-0.12091113	0.1250819	-0.6028632	0.99999875	-0.372757	0.24358651	-0.110981025	0.2817553	-0.40604913	0.23206702	-0.20108877	0.090788774	-0.09805829	0.18194193	-0.16614011	0.120102696	-0.09550599	0.09652634	-0.13997006	0.14677247	-0.120944574	0.09737109	-0.088216856	0.11504587	-0.12551743	0.14668444	-0.056544967	0.06867452	-0.121364295	0.102628976	-0.1555612
0.15113792	-0.1288745	0.1405693	-0.11344242	0.13845558	-0.09428965	0.118164875	-0.1523598	0.18573852	-0.14366958	0.117570765	-0.15748088	0.22086024	-0.27875233	0.14371242	-0.1001704	0.23963562	-0.372757	0.99999857	-0.6671591	0.087708555	-0.23640186	0.26220924	-0.40334332	0.2736356	-0.08808077	0.09473407	-0.18551297	0.18801396	-0.15376307	0.0929347	-0.09578581	0.14156081	-0.16483094	0.14381942	-0.099431895	0.08951402	-0.11935952	0.13257231	-0.16354665	0.057442892	-0.07015264	0.124213	-0.10754752	0.16162567
-0.16175754	0.12992325	-0.14673404	0.11523222	-0.14722677	0.09706793	-0.11953007	0.14800161	-0.18841429	0.1392832	-0.12365943	0.1525727	-0.21979271	0.20501724	-0.1510899	0.09679592	-0.24827735	0.24358651	-0.6671591	0.9999985	-0.086723216	0.2195292	-0.26744705	0.28361556	-0.47371784	0.089337885	-0.09719619	0.17761683	-0.19055572	0.19109748	-0.09719897	0.09801363	-0.14907901	0.16363218	-0.19563712	0.10245932	-0.094053835	0.12397992	-0.14281143	0.18069068	-0.059969693	0.07263519	-0.13697264	0.11578663	-0.18974902
0.10712059	-0.08060953	0.079726644	-0.05618466	0.07028101	-0.08661076	0.07475389	-0.07920273	0.079814985	-0.057014775	0.11594518	-0.09719932	0.105352975	-0.076518275	0.05122123	-0.8984001	0.17373207	-0.110981025	0.087708555	-0.086723216	0.9999987	-0.32447717	0.119914286	-0.08648933	0.08664611	-0.11820424	0.09151694	-0.086220525	0.07717918	-0.056678683	0.0971328	-0.07722036	0.07999163	-0.07598942	0.05998904	-0.062211838	0.057441343	-0.066998586	0.07038329	-0.078115344	0.03670729	-0.043828063	0.07227766	-0.058980316	0.09123192
-0.25479487	0.17951974	-0.19643657	0.13901041	-0.17952202	0.14940599	-0.16656308	0.1875978	-0.20258899	0.13979279	-0.2030733	0.20889759	-0.27412817	0.18972972	-0.12939961	0.2403223	-0.52130324	0.2817553	-0.23640186	0.2195292	-0.32447717	0.99999875	-0.37645927	0.2298175	-0.23876902	0.1543311	-0.18222734	0.2149227	-0.20229115	0.14788343	-0.16639748	0.15509023	-0.19955826	0.18883775	-0.16083391	0.14013769	-0.13302673	0.16171242	-0.17844152	0.19608906	-0.08409255	0.09998558	-0.18647112	0.14865133	-0.24302667
0.16879842	-0.13845058	0.14533919	-0.109010614	0.13397528	-0.104809485	0.12614162	-0.1557782	0.16126317	-0.123894155	0.13234515	-0.17150587	0.22324657	-0.17793883	0.11205334	-0.13468008	0.27293152	-0.40604913	0.26220924	-0.26744705	0.119914286	-0.37645927	0.9999987	-0.5117392	0.2550256	-0.13145626	0.14548789	-0.42366773	0.27461937	-0.16566254	0.13330841	-0.14424291	0.21525523	-0.23494253	0.1553885	-0.13885696	0.1263146	-0.17403126	0.18052068	-0.19883975	0.08004874	-0.099005066	0.16367309	-0.14307962	0.19496123
-0.1416507	0.11277935	-0.12296142	0.09354571	-0.117410526	0.085476205	-0.10312808	0.12608492	-0.14502102	0.10703881	-0.10908888	0.13471419	-0.18577118	0.15910839	-0.10301963	0.09593269	-0.21771532	0.23206702	-0.40334332	0.28361556	-0.08648933	0.2298175	-0.5117392	0.9999987	-0.46495527	0.10314687	-0.116741136	0.26700607	-0.42455366	0.18770717	-0.11043098	0.11605842	-0.19045252	0.2239268	-0.1818862	0.11511383	-0.10804212	0.14839052	-0.17286944	0.1834111	-0.06750549	0.082753964	-0.1492423	0.12863211	-0.18337621
0.144952	-0.1155638	0.12344221	-0.09500974	0.11881234	-0.08735156	0.10377063	-0.12585756	0.14315629	-0.11344128	0.111026116	-0.13663499	0.17238843	-0.15917929	0.10534108	-0.09870597	0.1936213	-0.20108877	0.2736356	-0.47371784	0.08664611	-0.23876902	0.2550256	-0.46495527	0.9999988	-0.09892168	0.105979994	-0.20843698	0.21233663	-0.4715719	0.10480245	-0.10941519	0.1634184	-0.2036561	0.26420757	-0.11779433	0.105069116	-0.14280573	0.16307467	-0.2621064	0.06762216	-0.08298698	0.14872093	-0.13327412	0.20805123
-0.08762318	0.06354177	-0.06798759	0.049384758	-0.06339745	0.052547656	-0.05739497	0.06543027	-0.07156688	0.051856283	-0.069682255	0.07300086	-0.08986798	0.06944139	-0.047158375	0.10599763	-0.11391603	0.090788774	-0.08808077	0.089337885	-0.11820424	0.1543311	-0.13145626	0.10314687	-0.09892168	0.9999989	-0.61358327	0.16172789	-0.12866642	0.06812969	-0.66741544	0.3172405	-0.17494535	0.13058448	-0.07302199	0.1495761	-0.14997792	0.13809061	-0.12296331	0.10257284	-0.091398634	0.106978446	-0.118490145	0.09579976	-0.116770275
0.08877146	-0.06544254	0.06989201	-0.051109478	0.06528739	-0.053004194	0.059013657	-0.06800082	0.07423693	-0.054449115	0.069580354	-0.0757468	0.09349985	-0.07327863	0.049388915	-0.09335587	0.11863631	-0.09805829	0.09473407	-0.09719619	0.09151694	-0.18222734	0.14548789	-0.116741136	0.105979994	-0.61358327	0.999999	-0.23780857	0.14943218	-0.07394982	0.3276521	-0.6182134	0.20338061	-0.15540078	0.078157715	-0.16939197	0.17155373	-0.16483247	0.13517825	-0.11123139	0.09885935	-0.1280712	0.12520069	-0.1051858	0.12138833
-0.13184692	0.100615606	-0.10894687	0.08066364	-0.10228975	0.07807387	-0.091403954	0.10867847	-0.11984742	0.088148646	-0.100979835	0.118353955	-0.15671171	0.122585565	-0.081400804	0.093591936	-0.18795702	0.18194193	-0.18551297	0.17761683	-0.086220525	0.2149227	-0.42366773	0.26700607	-0.20843698	0.16172789	-0.23780857	0.999999	-0.5849677	0.13083848	-0.17116861	0.19377638	-0.4453277	0.29081562	-0.136892	0.15344654	-0.15913899	0.22630796	-0.23589294	0.17520763	-0.092848696	0.11487233	-0.19412696	0.16022064	-0.1877332
0.120439194	-0.09351985	0.10018586	-0.07529502	0.094786644	-0.07189927	0.08436111	-0.10099323	0.1120335	-0.08470075	0.09229	-0.110331774	0.14096648	-0.11925556	0.077754214	-0.08582919	0.16410597	-0.16614011	0.18801396	-0.19055572	0.07717918	-0.20229115	0.27461937	-0.42455366	0.21233663	-0.12866642	0.14943218	-0.5849677	0.99999887	-0.14086975	0.13186334	-0.15108544	0.2639676	-0.5143143	0.1385546	-0.14072634	0.13409159	-0.20302089	0.23042384	-0.17922866	0.08193293	-0.103202716	0.17213668	-0.15887903	0.17527248
-0.10391896	0.0781282	-0.085112624	0.06387399	-0.08179037	0.06031976	-0.07022666	0.0831961	-0.09528256	0.07140193	-0.07807904	0.08992394	-0.115029134	0.097588465	-0.06665518	0.06364237	-0.1286718	0.120102696	-0.15376307	0.19109748	-0.056678683	0.14788343	-0.16566254	0.18770717	-0.4715719	0.06812969	-0.07394982	0.13083848	-0.14086975	0.99999875	-0.07542907	0.07675175	-0.12037383	0.1431675	-0.753443	0.0848543	-0.078154184	0.10581425	-0.13463615	0.25029513	-0.049677085	0.06031179	-0.12458859	0.109119035	-0.22090629
0.09207847	-0.06761364	0.07178957	-0.052502997	0.06713199	-0.0550962	0.06065295	-0.06947593	0.07579394	-0.05587883	0.07224653	-0.07783297	0.09400684	-0.0744156	0.050359104	-0.1023124	0.11525417	-0.09550599	0.0929347	-0.09719897	0.0971328	-0.16639748	0.13330841	-0.11043098	0.10480245	-0.66741544	0.3276521	-0.17116861	0.13186334	-0.07542907	0.9999987	-0.5542577	0.19624273	-0.15429628	0.079824276	-0.22967966	0.19018137	-0.17439991	0.13953699	-0.11810214	0.12312459	-0.15224424	0.13277851	-0.1122202	0.12814519
-0.090734735	0.06622352	-0.07118729	0.052041493	-0.06679725	0.053216808	-0.059604146	0.06868939	-0.07562177	0.055210285	-0.06993707	0.0760247	-0.09443372	0.07405939	-0.05019932	0.079619296	-0.11568416	0.09652634	-0.09578581	0.09801363	-0.07722036	0.15509023	-0.14424291	0.11605842	-0.10941519	0.3172405	-0.6182134	0.19377638	-0.15108544	0.07675175	-0.5542577	0.99999875	-0.2994713	0.16598006	-0.08234771	0.19426693	-0.27883422	0.19952819	-0.15664658	0.11832282	-0.1251451	0.15550706	-0.14523533	0.11782499	-0.13211876
0.12041028	-0.090396315	0.09656263	-0.07153914	0.090999424	-0.07071776	0.08100284	-0.09489298	0.10433634	-0.07808555	0.09166394	-0.10481489	0.12970947	-0.10554631	0.0706257	-0.08830615	0.15123335	-0.13997006	0.14156081	-0.14907901	0.07999163	-0.19955826	0.21525523	-0.19045252	0.1634184	-0.17494535	0.20338061	-0.4453277	0.2639676	-0.12037383	0.19624273	-0.2994713	0.99999875	-0.4210868	0.12699932	-0.22934256	0.23579274	-0.549523	0.2799666	-0.18942091	0.13311692	-0.17874712	0.2263361	-0.20544237	0.19150555
-0.12698223	0.09449686	-0.102573924	0.075973846	-0.09733592	0.0737469	-0.085112706	0.09996834	-0.11221061	0.08236633	-0.095902465	0.10890118	-0.13934463	0.11249203	-0.07590039	0.083633654	-0.16081108	0.14677247	-0.16483094	0.16363218	-0.07598942	0.18883775	-0.23494253	0.2239268	-0.2036561	0.13058448	-0.15540078	0.29081562	-0.5143143	0.1431675	-0.15429628	0.16598006	-0.4210868	0.99999857	-0.16825496	0.16437094	-0.17341502	0.26897132	-0.5273604	0.21103741	-0.10024723	0.124184154	-0.26027566	0.22660525	-0.22496878
0.1062584	-0.08069971	0.086455695	-0.06513028	0.082719706	-0.062148478	0.07200569	-0.085176766	0.09588414	-0.07395977	0.08007903	-0.09322597	0.11491042	-0.0998436	0.0673464	-0.06808251	0.12772559	-0.120944574	0.14381942	-0.19563712	0.05998904	-0.16083391	0.1553885	-0.1818862	0.26420757	-0.07302199	0.078157715	-0.136892	0.1385546	-0.753443	0.079824276	-0.08234771	0.12699932	-0.16825496	0.9999987	-0.09362611	0.084395766	-0.11672773	0.1492034	-0.4455863	0.054065995	-0.066176765	0.1311347	-0.12071461	0.22678329
-0.10321985	0.072756834	-0.07921478	0.057647772	-0.075030886	0.05821432	-0.065112226	0.07456736	-0.083354935	0.06000254	-0.076911926	0.08165146	-0.101328455	0.079539046	-0.05469283	0.06703725	-0.11525748	0.09737109	-0.099431895	0.10245932	-0.062211838	0.14013769	-0.13885696	0.11511383	-0.11779433	0.1495761	-0.16939197	0.15344654	-0.14072634	0.0848543	-0.22967966	0.19426693	-0.22934256	0.16437094	-0.09362611	0.9999986	-0.48383147	0.23159587	-0.20246778	0.14026706	-0.6415398	0.3232328	-0.21162993	0.15112162	-0.17459293
0.08732999	-0.063246615	0.06806128	-0.049908463	0.06428302	-0.05024139	0.056540698	-0.06520083	0.072235055	-0.05306058	0.065836474	-0.07194571	0.08834489	-0.0705859	0.048028484	-0.06247812	0.10208006	-0.088216856	0.08951402	-0.094053835	0.057441343	-0.13302673	0.1263146	-0.10804212	0.105069116	-0.14997792	0.17155373	-0.15913899	0.13409159	-0.078154184	0.19018137	-0.27883422	0.23579274	-0.17341502	0.084395766	-0.48383147	0.9999984	-0.43661064	0.1983122	-0.13262014	0.28761575	-0.57044005	0.18414909	-0.15070172	0.14556633
-0.10906708	0.07957626	-0.085961185	0.06320183	-0.08130944	0.06275633	-0.071298435	0.08274053	-0.09202432	0.06757401	-0.082043044	0.09083298	-0.11326068	0.09055763	-0.06148821	0.07339153	-0.13009684	0.11504587	-0.11935952	0.12397992	-0.066998586	0.16171242	-0.17403126	0.14839052	-0.14280573	0.13809061	-0.16483247	0.22630796	-0.20302089	0.10581425	-0.17439991	0.19952819	-0.549523	0.26897132	-0.11672773	0.23159587	-0.43661064	0.9999985	-0.44760662	0.18308806	-0.15981951	0.20252319	-0.3469164	0.24073005	-0.20187414
0.117442474	-0.08672558	0.09301899	-0.06882459	0.08810285	-0.067931615	0.07743227	-0.0901939	0.10011805	-0.07471898	0.0883499	-0.099371724	0.1221795	-0.100090556	0.06760282	-0.07847517	0.1388088	-0.12551743	0.13257231	-0.14281143	0.07038329	-0.17844152	0.18052068	-0.17286944	0.16307467	-0.12296331	0.13517825	-0.23589294	0.23042384	-0.13463615	0.13953699	-0.15664658	0.2799666	-0.5273604	0.1492034	-0.20246778	0.1983122	-0.44760662	0.99999875	-0.29622477	0.11644901	-0.15414666	0.29893848	-0.46503618	0.24524738
-0.15615632	0.11032657	-0.1209268	0.088605426	-0.11563066	0.08725357	-0.098544456	0.113628745	-0.12900949	0.0934182	-0.11488062	0.12334531	-0.15415242	0.12398194	-0.08588306	0.08711217	-0.16852437	0.14668444	-0.16354665	0.18069068	-0.078115344	0.19608906	-0.19883975	0.1834111	-0.2621064	0.10257284	-0.11123139	0.17520763	-0.17922866	0.25029513	-0.11810214	0.11832282	-0.18942091	0.21103741	-0.4455863	0.14026706	-0.13262014	0.18308806	-0.29622477	0.9999988	-0.08324822	0.10048671	-0.2460542	0.22138546	-0.63944584
0.058380026	-0.04169392	0.04508323	-0.032934815	0.042640906	-0.033245783	0.037263274	-0.042789534	0.047590785	-0.034650188	0.043738402	-0.047084533	0.057923447	-0.04593271	0.031428445	-0.039854206	0.06629221	-0.056544967	0.057442892	-0.059969693	0.03670729	-0.08409255	0.08004874	-0.06750549	0.06762216	-0.091398634	0.09885935	-0.092848696	0.08193293	-0.049677085	0.12312459	-0.1251451	0.13311692	-0.10024723	0.054065995	-0.6415398	0.28761575	-0.15981951	0.11644901	-0.08324822	0.99999875	-0.6714841	0.11710899	-0.089965634	0.097067684
-0.07028178	0.050156634	-0.0543917	0.03971497	-0.0514641	0.039982565	-0.04489515	0.051603705	-0.057512265	0.041719526	-0.052638773	0.05664116	-0.07020411	0.055446506	-0.037959337	0.0473522	-0.08049217	0.06867452	-0.07015264	0.07263519	-0.043828063	0.09998558	-0.099005066	0.082753964	-0.08298698	0.106978446	-0.1280712	0.11487233	-0.103202716	0.06031179	-0.15224424	0.15550706	-0.17874712	0.124184154	-0.066176765	0.3232328	-0.57044005	0.20252319	-0.15414666	0.10048671	-0.6714841	0.9999986	-0.15268327	0.111928165	-0.11951267
0.123557135	-0.09011228	0.09592927	-0.070742756	0.0907237	-0.07090025	0.07990492	-0.092195675	0.10172485	-0.07636392	0.09237883	-0.102414146	0.122480184	-0.10051573	0.06827496	-0.081452124	0.13723142	-0.121364295	0.124213	-0.13697264	0.07227766	-0.18647112	0.16367309	-0.1492423	0.14872093	-0.118490145	0.12520069	-0.19412696	0.17213668	-0.12458859	0.13277851	-0.14523533	0.2263361	-0.26027566	0.1311347	-0.21162993	0.18414909	-0.3469164	0.29893848	-0.2460542	0.11710899	-0.15268327	0.99999887	-0.7317593	0.25539824
-0.10439086	0.07542253	-0.081198126	0.059709277	-0.0770108	0.059466574	-0.06716604	0.07753957	-0.08636479	0.063821584	-0.07778252	0.085383125	-0.10433427	0.08449774	-0.05769058	0.06581113	-0.11685036	0.102628976	-0.10754752	0.11578663	-0.058980316	0.14865133	-0.14307962	0.12863211	-0.13327412	0.09579976	-0.1051858	0.16022064	-0.15887903	0.109119035	-0.1122202	0.11782499	-0.20544237	0.22660525	-0.12071461	0.15112162	-0.15070172	0.24073005	-0.46503618	0.22138546	-0.089965634	0.111928165	-0.7317593	0.99999887	-0.33944312
0.1708948	-0.12270598	0.13033354	-0.09597572	0.123513475	-0.09670206	0.1081821	-0.12405734	0.13712591	-0.103475854	0.12629373	-0.13804632	0.1622511	-0.13462175	0.092059135	-0.10416594	0.17664915	-0.1555612	0.16162567	-0.18974902	0.09123192	-0.24302667	0.19496123	-0.18337621	0.20805123	-0.116770275	0.12138833	-0.1877332	0.17527248	-0.22090629	0.12814519	-0.13211876	0.19150555	-0.22496878	0.22678329	-0.17459293	0.14556633	-0.20187414	0.24524738	-0.63944584	0.097067684	-0.11951267	0.25539824	-0.33944312	0.99999887
