1.0	-0.3678381	0.040460505	-0.03609371	0.046992432	-0.86973655	0.25834414	-0.16114488	0.060004447	-0.03610037	0.14251092	-0.10249316	0.10649637	-0.036199775	0.04340715	-0.08328848	0.08343992	-0.054329246	0.045658823	-0.03544329	0.08021707	-0.071770854	0.048005745	-0.04824785	0.03150584	-0.063470766	0.054717634	-0.043666113	0.04040578	-0.042031866	0.04427746	-0.039487936	0.043851096	-0.03515357	0.0442846	-0.033759005	0.04267601	-0.030520482	0.03096176	-0.018006442	0.043078717	-0.053429205	0.029085947	-0.03359445	0.017546492
-0.3678381	1.0000004	-0.065933324	0.055197768	-0.06027258	0.25978962	-0.8547269	0.18310161	-0.07742053	0.04569654	-0.14624308	0.12304678	-0.1456961	0.044576623	-0.05300342	0.08203029	-0.10019947	0.060721293	-0.05594889	0.04180443	-0.09123188	0.07797432	-0.055013184	0.05584635	-0.03699468	0.067776255	-0.062069207	0.049240533	-0.04662971	0.04778442	-0.050397612	0.04439062	-0.05036695	0.03999641	-0.0514651	0.038127594	-0.048666306	0.034427907	-0.035242327	0.020273818	-0.049702566	0.05850249	-0.03265843	0.037324045	-0.01984297
0.040460505	-0.065933324	1.0000006	-0.9328449	0.15860417	-0.03854441	0.057268593	-0.13218601	0.18035261	-0.14280158	0.0673067	-0.05265399	0.07200145	-0.0872228	0.09402036	-0.046034124	0.062087826	-0.054393165	0.09072415	-0.076748356	0.0567337	-0.057730455	0.048977613	-0.09709762	0.060298156	-0.055887878	0.053334728	-0.050200287	0.057278015	-0.06515285	0.04625179	-0.04155876	0.051257458	-0.04311672	0.055817794	-0.036870264	0.04780927	-0.03599676	0.037130725	-0.021840798	0.04929772	-0.064462155	0.034937214	-0.040844847	0.021280456
-0.03609371	0.055197768	-0.9328449	1.0000005	-0.18773502	0.033759885	-0.05101743	0.109720625	-0.22037517	0.14140889	-0.059744097	0.046411857	-0.06394867	0.08631776	-0.09129063	0.04063906	-0.05517171	0.04878829	-0.08980733	0.070383124	-0.0501931	0.05093131	-0.04396503	0.0872587	-0.055109978	0.04890568	-0.04690653	0.04420622	-0.050896037	0.05759317	-0.040465802	0.0363632	-0.04512529	0.037716955	-0.048919685	0.032142963	-0.041726038	0.03135502	-0.03237572	0.018982928	-0.04293884	0.055578668	-0.03032677	0.035369065	-0.018505257
0.046992432	-0.06027258	0.15860417	-0.18773502	1.0000005	-0.04775442	0.05715943	-0.2045373	0.3008842	-0.7496063	0.110763	-0.0859354	0.11593357	-0.16779536	0.21373285	-0.079367794	0.10909727	-0.10180173	0.17641534	-0.17393787	0.09914901	-0.10522544	0.091917075	-0.20659336	0.12897211	-0.104049444	0.099939875	-0.09726504	0.11535621	-0.13436055	0.08757166	-0.079064555	0.099141724	-0.084174834	0.10898367	-0.07042055	0.09160644	-0.06978644	0.072065346	-0.042542424	0.09442636	-0.12592502	0.06794366	-0.0797457	0.04140962
-0.86973655	0.25978962	-0.03854441	0.033759885	-0.04775442	1.0000005	-0.34673393	0.15384953	-0.061162297	0.036405373	-0.18190686	0.110503435	-0.11810476	0.03701364	-0.04433465	0.089747556	-0.09038659	0.056264374	-0.046878893	0.035937004	-0.08889756	0.07455103	-0.05013327	0.048830267	-0.032052048	0.06542244	-0.05710275	0.04495195	-0.041460026	0.04276055	-0.045966063	0.040778067	-0.04531892	0.03605223	-0.045595698	0.03477104	-0.04403675	0.03127153	-0.031771477	0.0183953	-0.04448336	0.05411	-0.029704263	0.03416855	-0.017947538
0.25834414	-0.8547269	0.057268593	-0.05101743	0.05715943	-0.34673393	1.0000002	-0.23506896	0.074073344	-0.04384119	0.14169069	-0.13940912	0.14281684	-0.043073945	0.050983757	-0.08162273	0.09759213	-0.060054798	0.053824995	-0.040555775	0.087321505	-0.07755261	0.053730004	-0.05439354	0.0358602	-0.066599034	0.060261555	-0.04800985	0.045212723	-0.046553224	0.048796467	-0.04318775	0.048802808	-0.038839623	0.04969782	-0.037015405	0.047151584	-0.033476308	0.03418999	-0.01972314	0.04799086	-0.057297472	0.031786148	-0.03643032	0.019281067
-0.16114488	0.18310161	-0.13218601	0.109720625	-0.2045373	0.15384953	-0.23506896	0.9999997	-0.2847525	0.15144177	-0.3906128	0.28753057	-0.54276067	0.15086046	-0.17896947	0.22189732	-0.29176328	0.17962883	-0.18994056	0.13516681	-0.27642322	0.22288282	-0.16776143	0.17714766	-0.119802035	0.20052281	-0.19226311	0.15281881	-0.14891127	0.15024762	-0.1592413	0.13816375	-0.16004586	0.12682582	-0.16724937	0.12019374	-0.15455863	0.10834889	-0.11204767	0.0638348	-0.1606298	0.17918085	-0.10254648	0.1159793	-0.06277979
0.060004447	-0.07742053	0.18035261	-0.22037517	0.3008842	-0.061162297	0.074073344	-0.2847525	0.9999997	-0.48924407	0.14189379	-0.112398475	0.15270539	-0.40555176	0.2715623	-0.101689346	0.14096203	-0.13889888	0.27245417	-0.22153567	0.12599905	-0.13591695	0.121584155	-0.27383494	0.16577874	-0.13066934	0.1255937	-0.12283376	0.1452352	-0.16860005	0.10847986	-0.09833025	0.12387681	-0.10415846	0.13412699	-0.086766735	0.11281976	-0.08586159	0.08855598	-0.05211403	0.115481675	-0.15301889	0.08309178	-0.09736629	0.05070509
-0.03610037	0.04569654	-0.14280158	0.14140889	-0.7496063	0.036405373	-0.04384119	0.15144177	-0.48924407	0.9999994	-0.08633162	0.067274235	-0.09166571	0.18769908	-0.27474385	0.0618069	-0.08675081	0.08489812	-0.19090006	0.15866563	-0.077202484	0.08279807	-0.07642492	0.17480507	-0.11754909	0.07969886	-0.07762152	0.07651032	-0.09416142	0.10792382	-0.06683574	0.060546722	-0.07773081	0.06473105	-0.084185116	0.05322982	-0.06949486	0.05281314	-0.054693338	0.031989843	-0.07098522	0.09235614	-0.050846748	0.059301715	-0.031169275
0.14251092	-0.14624308	0.0673067	-0.059744097	0.110763	-0.18190686	0.14169069	-0.3906128	0.14189379	-0.08633162	0.9999991	-0.51885575	0.29063967	-0.09383483	0.11192153	-0.5102144	0.27679867	-0.17721827	0.11920981	-0.09557299	0.28208578	-0.25105548	0.14964433	-0.13369459	0.08597522	-0.21699183	0.16968735	-0.13200839	0.11517155	-0.120553754	0.13310413	-0.12046509	0.12825541	-0.102060944	0.12443055	-0.10063802	0.12512156	-0.089551315	0.089563094	-0.052436143	0.12322357	-0.15923524	0.08496532	-0.098876	0.05083299
-0.10249316	0.12304678	-0.05265399	0.046411857	-0.0859354	0.110503435	-0.13940912	0.28753057	-0.112398475	0.067274235	-0.51885575	0.999999	-0.65785986	0.078438066	-0.08903566	0.22428899	-0.3743269	0.15307085	-0.09817811	0.07382705	-0.21032949	0.20757626	-0.13073376	0.10225477	-0.066395365	0.1494792	-0.13351065	0.102125436	-0.08906874	0.09111525	-0.10053439	0.09101346	-0.09984074	0.07731481	-0.09546836	0.07497791	-0.09499199	0.06714053	-0.06760079	0.039073836	-0.09329217	0.115394376	-0.063155435	0.072720066	-0.038009737
0.10649637	-0.1456961	0.07200145	-0.06394867	0.11593357	-0.11810476	0.14281684	-0.54276067	0.15270539	-0.09166571	0.29063967	-0.65785986	0.9999989	-0.10810172	0.11728898	-0.20288949	0.25000268	-0.17276542	0.12682924	-0.097153515	0.1927721	-0.21859951	0.14105761	-0.13328929	0.08577335	-0.16901177	0.14737451	-0.12053366	0.10908731	-0.114685535	0.11653242	-0.10614219	0.11795412	-0.09449429	0.11703557	-0.08958039	0.113095656	-0.0818283	0.08254404	-0.048250236	0.11270671	-0.14454627	0.07790183	-0.090533674	0.046873
-0.036199775	0.044576623	-0.0872228	0.08631776	-0.16779536	0.03701364	-0.043073945	0.15086046	-0.40555176	0.18769908	-0.09383483	0.078438066	-0.10810172	0.999999	-0.46791592	0.06988576	-0.10491885	0.12643653	-0.7005079	0.21727353	-0.08604686	0.09989366	-0.10922302	0.24022913	-0.16025946	0.089341335	-0.08883012	0.09064297	-0.11432759	0.12935883	-0.07371046	0.06767959	-0.09010839	0.072673194	-0.093821146	0.058021147	-0.07613048	0.058015835	-0.060076494	0.03480211	-0.076148756	0.09784052	-0.05498852	0.063820384	-0.033886056
0.04340715	-0.05300342	0.09402036	-0.09129063	0.21373285	-0.04433465	0.050983757	-0.17896947	0.2715623	-0.27474385	0.11192153	-0.08903566	0.11728898	-0.46791592	0.999999	-0.08387291	0.12062373	-0.13195391	0.2958642	-0.56203306	0.10464849	-0.11991518	0.11699525	-0.3898558	0.26897472	-0.114204004	0.11322117	-0.120116234	0.16610268	-0.20695499	0.09563883	-0.08807479	0.11918816	-0.09846271	0.12719597	-0.075882606	0.09979129	-0.07718079	0.08013338	-0.046532966	0.099818885	-0.1297506	0.07313234	-0.08520057	0.045246482
-0.08328848	0.08203029	-0.046034124	0.04063906	-0.079367794	0.089747556	-0.08162273	0.22189732	-0.101689346	0.0618069	-0.5102144	0.22428899	-0.20288949	0.06988576	-0.08387291	0.9999989	-0.35474947	0.15511864	-0.09142585	0.07181331	-0.684259	0.23638082	-0.13949364	0.10122883	-0.06601244	0.20815107	-0.167261	0.11443793	-0.095422566	0.09572574	-0.12588075	0.10862226	-0.11246872	0.08487002	-0.103530966	0.08807365	-0.110009156	0.074983455	-0.07490918	0.04292881	-0.10696859	0.12673926	-0.06974195	0.079675525	-0.041765448
0.08343992	-0.10019947	0.062087826	-0.05517171	0.10909727	-0.09038659	0.09759213	-0.29176328	0.14096203	-0.08675081	0.27679867	-0.3743269	0.25000268	-0.10491885	0.12062373	-0.35474947	0.99999917	-0.3766692	0.13868654	-0.10521495	0.2721193	-0.578076	0.261568	-0.15121861	0.09645375	-0.24132124	0.22484152	-0.17218992	0.13658914	-0.13855234	0.15294796	-0.14692731	0.15766911	-0.11827545	0.14118865	-0.11377463	0.14435492	-0.10234291	0.10168761	-0.058683183	0.13629355	-0.1737574	0.09479122	-0.109375745	0.05683139
-0.054329246	0.060721293	-0.054393165	0.04878829	-0.10180173	0.056264374	-0.060054798	0.17962883	-0.13889888	0.08489812	-0.17721827	0.15307085	-0.17276542	0.12643653	-0.13195391	0.15511864	-0.3766692	0.999999	-0.20654461	0.110097684	-0.18827811	0.2849295	-0.77785724	0.16157497	-0.10344536	0.16918354	-0.19017696	0.19243445	-0.14914037	0.13606977	-0.1299259	0.1235455	-0.17727293	0.11455618	-0.14053147	0.09557027	-0.12739831	0.092436306	-0.094306	0.05246632	-0.118564345	0.14134067	-0.083476886	0.09404529	-0.05117279
0.045658823	-0.05594889	0.09072415	-0.08980733	0.17641534	-0.046878893	0.053824995	-0.18994056	0.27245417	-0.19090006	0.11920981	-0.09817811	0.12682924	-0.7005079	0.2958642	-0.09142585	0.13868654	-0.20654461	0.999999	-0.27032673	0.11226742	-0.13686845	0.15169662	-0.39117217	0.19863062	-0.11918077	0.118174516	-0.12281312	0.15082633	-0.17307073	0.09740483	-0.08999348	0.11949539	-0.096626	0.123204336	-0.07681607	0.10063852	-0.07703945	0.07951851	-0.046169806	0.10026224	-0.13030645	0.07294014	-0.08490182	0.04488507
-0.03544329	0.04180443	-0.076748356	0.070383124	-0.17393787	0.035937004	-0.040555775	0.13516681	-0.22153567	0.15866563	-0.09557299	0.07382705	-0.097153515	0.21727353	-0.56203306	0.07181331	-0.10521495	0.110097684	-0.27032673	0.9999991	-0.091264814	0.10299457	-0.10457118	0.30819607	-0.6323852	0.10026968	-0.103803135	0.11429317	-0.18956712	0.21070856	-0.086905144	0.0801676	-0.11709415	0.093328066	-0.12597233	0.06804897	-0.090844154	0.070319645	-0.07415546	0.042146336	-0.08982964	0.11034221	-0.065409206	0.07493149	-0.041178606
0.08021707	-0.09123188	0.0567337	-0.0501931	0.09914901	-0.08889756	0.087321505	-0.27642322	0.12599905	-0.077202484	0.28208578	-0.21032949	0.1927721	-0.08604686	0.10464849	-0.684259	0.2721193	-0.18827811	0.11226742	-0.091264814	0.99999917	-0.34028172	0.16660862	-0.12959585	0.083947204	-0.37675545	0.21970354	-0.1497798	0.121763974	-0.12434148	0.16781631	-0.14692049	0.14372742	-0.110233985	0.13183111	-0.118526325	0.14345323	-0.09847245	0.09726862	-0.056291744	0.13815854	-0.17038894	0.09165537	-0.105622895	0.05454174
-0.071770854	0.07797432	-0.057730455	0.05093131	-0.10522544	0.07455103	-0.07755261	0.22288282	-0.13591695	0.08279807	-0.25105548	0.20757626	-0.21859951	0.09989366	-0.11991518	0.23638082	-0.578076	0.2849295	-0.13686845	0.10299457	-0.34028172	0.99999905	-0.41771406	0.14849506	-0.09805692	0.25647843	-0.3899769	0.20473996	-0.15561277	0.14540288	-0.1844035	0.17845103	-0.19282553	0.131773	-0.15920731	0.12885438	-0.17257448	0.11412518	-0.1140871	0.06367751	-0.15476844	0.17916481	-0.10309048	0.115709685	-0.062085774
0.048005745	-0.055013184	0.048977613	-0.04396503	0.091917075	-0.05013327	0.053730004	-0.16776143	0.121584155	-0.07642492	0.14964433	-0.13073376	0.14105761	-0.10922302	0.11699525	-0.13949364	0.261568	-0.77785724	0.15169662	-0.10457118	0.16660862	-0.41771406	0.99999934	-0.16806684	0.10015435	-0.17343923	0.19311489	-0.256592	0.14793727	-0.13947676	0.1256541	-0.12569712	0.1760386	-0.11548247	0.13362052	-0.09346023	0.123365544	-0.09181345	0.09195475	-0.05156254	0.112669215	-0.14076231	0.08181115	-0.093257055	0.049926735
-0.04824785	0.05584635	-0.09709762	0.0872587	-0.20659336	0.048830267	-0.05439354	0.17714766	-0.27383494	0.17480507	-0.13369459	0.10225477	-0.13328929	0.24022913	-0.3898558	0.10122883	-0.15121861	0.16157497	-0.39117217	0.30819607	-0.12959585	0.14849506	-0.16806684	0.9999993	-0.5722359	0.14186732	-0.15009305	0.167269	-0.2982985	0.26344806	-0.12408255	0.11456216	-0.17123178	0.13283926	-0.17932098	0.09645567	-0.12941122	0.09959077	-0.105385356	0.059339922	-0.12744172	0.15244953	-0.09200079	0.10455474	-0.058110584
0.03150584	-0.03699468	0.060298156	-0.055109978	0.12897211	-0.032052048	0.0358602	-0.119802035	0.16577874	-0.11754909	0.08597522	-0.066395365	0.08577335	-0.16025946	0.26897472	-0.06601244	0.09645375	-0.10344536	0.19863062	-0.6323852	0.083947204	-0.09805692	0.10015435	-0.5722359	0.99999934	-0.09680482	0.101067066	-0.120556444	0.2177727	-0.35376528	0.083525494	-0.078298986	0.11852427	-0.09537122	0.12603222	-0.065465674	0.08770027	-0.06930754	0.072953895	-0.041430674	0.085351974	-0.10659348	0.063728385	-0.07332875	0.04029631
-0.063470766	0.067776255	-0.055887878	0.04890568	-0.104049444	0.06542244	-0.066599034	0.20052281	-0.13066934	0.07969886	-0.21699183	0.1494792	-0.16901177	0.089341335	-0.114204004	0.20815107	-0.24132124	0.16918354	-0.11918077	0.10026968	-0.37675545	0.25647843	-0.17343923	0.14186732	-0.09680482	0.999999	-0.5660433	0.2250086	-0.17200832	0.15889427	-0.44864312	0.27971035	-0.23722178	0.16225894	-0.19645986	0.21699782	-0.26264256	0.1526135	-0.1501526	0.08225749	-0.2530211	0.23584482	-0.1362656	0.14901671	-0.08061013
0.054717634	-0.062069207	0.053334728	-0.04690653	0.099939875	-0.05710275	0.060261555	-0.19226311	0.1255937	-0.07762152	0.16968735	-0.13351065	0.14737451	-0.08883012	0.11322117	-0.167261	0.22484152	-0.19017696	0.118174516	-0.103803135	0.21970354	-0.3899769	0.19311489	-0.15009305	0.101067066	-0.5660433	0.9999987	-0.36623764	0.18526557	-0.1796964	0.27782187	-0.41900015	0.25331947	-0.17312624	0.1878297	-0.19188519	0.2467452	-0.15867525	0.14766915	-0.08324339	0.19792083	-0.24829036	0.13603526	-0.15442502	0.07994421
-0.043666113	0.049240533	-0.050200287	0.04420622	-0.09726504	0.04495195	-0.04800985	0.15281881	-0.12283376	0.07651032	-0.13200839	0.102125436	-0.12053366	0.09064297	-0.120116234	0.11443793	-0.17218992	0.19243445	-0.12281312	0.11429317	-0.1497798	0.20473996	-0.256592	0.167269	-0.120556444	0.2250086	-0.36623764	0.999999	-0.40979496	0.24511886	-0.19387896	0.21224657	-0.6475919	0.22904563	-0.25234067	0.13919021	-0.20028609	0.16240065	-0.16525555	0.085258864	-0.16368423	0.2005763	-0.1330938	0.14555603	-0.08262399
0.04040578	-0.04662971	0.057278015	-0.050896037	0.11535621	-0.041460026	0.045212723	-0.14891127	0.1452352	-0.09416142	0.11517155	-0.08906874	0.10908731	-0.11432759	0.16610268	-0.095422566	0.13658914	-0.14914037	0.15082633	-0.18956712	0.121763974	-0.15561277	0.14793727	-0.2982985	0.2177727	-0.17200832	0.18526557	-0.40979496	0.9999989	-0.72732174	0.14053965	-0.14373891	0.24494915	-0.20774253	0.21590512	-0.11030506	0.14867015	-0.12826048	0.13193719	-0.07384172	0.13486889	-0.18000585	0.11074002	-0.12968591	0.070429906
-0.042031866	0.04778442	-0.06515285	0.05759317	-0.13436055	0.04276055	-0.046553224	0.15024762	-0.16860005	0.10792382	-0.120553754	0.09111525	-0.114685535	0.12935883	-0.20695499	0.09572574	-0.13855234	0.13606977	-0.17307073	0.21070856	-0.12434148	0.14540288	-0.13947676	0.26344806	-0.35376528	0.15889427	-0.1796964	0.24511886	-0.72732174	0.99999905	-0.14399764	0.13857378	-0.24926646	0.1893463	-0.2714396	0.11103346	-0.15325709	0.12523052	-0.1348686	0.07430111	-0.14275905	0.17229877	-0.11108774	0.1257022	-0.07230163
0.04427746	-0.050397612	0.04625179	-0.040465802	0.08757166	-0.045966063	0.048796467	-0.1592413	0.10847986	-0.06683574	0.13310413	-0.10053439	0.11653242	-0.07371046	0.09563883	-0.12588075	0.15294796	-0.1299259	0.09740483	-0.086905144	0.16781631	-0.1844035	0.1256541	-0.12408255	0.083525494	-0.44864312	0.27782187	-0.19387896	0.14053965	-0.14399764	0.99999905	-0.5566696	0.20342772	-0.15665805	0.16973135	-0.471067	0.30241185	-0.17092516	0.15149789	-0.087352544	0.27756423	-0.3001683	0.14854045	-0.1685074	0.08357972
-0.039487936	0.04439062	-0.04155876	0.0363632	-0.079064555	0.040778067	-0.04318775	0.13816375	-0.09833025	0.060546722	-0.12046509	0.09101346	-0.10614219	0.06767959	-0.08807479	0.10862226	-0.14692731	0.1235455	-0.08999348	0.0801676	-0.14692049	0.17845103	-0.12569712	0.11456216	-0.078298986	0.27971035	-0.41900015	0.21224657	-0.14373891	0.13857378	-0.5566696	0.99999905	-0.28289863	0.16328755	-0.17451431	0.25339302	-0.5467543	0.18502726	-0.16516583	0.08539646	-0.2372922	0.25153506	-0.14802636	0.15550108	-0.08301454
0.043851096	-0.05036695	0.051257458	-0.04512529	0.099141724	-0.04531892	0.048802808	-0.16004586	0.12387681	-0.07773081	0.12825541	-0.09984074	0.11795412	-0.09010839	0.11918816	-0.11246872	0.15766911	-0.17727293	0.11949539	-0.11709415	0.14372742	-0.19282553	0.1760386	-0.17123178	0.11852427	-0.23722178	0.25331947	-0.6475919	0.24494915	-0.24926646	0.20342772	-0.28289863	0.9999993	-0.4083907	0.2713369	-0.15740743	0.2214916	-0.23671262	0.20751144	-0.107142046	0.17427377	-0.24537256	0.16279203	-0.18518832	0.10044236
-0.03515357	0.03999641	-0.04311672	0.037716955	-0.084174834	0.03605223	-0.038839623	0.12682582	-0.10415846	0.06473105	-0.102060944	0.07731481	-0.09449429	0.072673194	-0.09846271	0.08487002	-0.11827545	0.11455618	-0.096626	0.093328066	-0.110233985	0.131773	-0.11548247	0.13283926	-0.09537122	0.16225894	-0.17312624	0.22904563	-0.20774253	0.1893463	-0.15665805	0.16328755	-0.4083907	0.99999934	-0.7119224	0.12738448	-0.19382027	0.2271397	-0.3766291	0.14030933	-0.1552072	0.21770908	-0.17565675	0.1999926	-0.13209543
0.0442846	-0.0514651	0.055817794	-0.048919685	0.10898367	-0.045595698	0.04969782	-0.16724937	0.13412699	-0.084185116	0.12443055	-0.09546836	0.11703557	-0.093821146	0.12719597	-0.103530966	0.14118865	-0.14053147	0.123204336	-0.12597233	0.13183111	-0.15920731	0.13362052	-0.17932098	0.12603222	-0.19645986	0.1878297	-0.25234067	0.21590512	-0.2714396	0.16973135	-0.17451431	0.2713369	-0.7119224	0.9999992	-0.14520487	0.20019384	-0.23393896	0.25204912	-0.16342813	0.17489879	-0.2942013	0.1916902	-0.25516316	0.13893038
-0.033759005	0.038127594	-0.036870264	0.032142963	-0.07042055	0.03477104	-0.037015405	0.12019374	-0.086766735	0.05322982	-0.10063802	0.07497791	-0.08958039	0.058021147	-0.075882606	0.08807365	-0.11377463	0.09557027	-0.07681607	0.06804897	-0.118526325	0.12885438	-0.09346023	0.09645567	-0.065465674	0.21699782	-0.19188519	0.13919021	-0.11030506	0.11103346	-0.471067	0.25339302	-0.15740743	0.12738448	-0.14520487	0.9999989	-0.3950264	0.15651059	-0.1419274	0.07742583	-0.6987148	0.2672564	-0.13841872	0.14704034	-0.07553725
0.04267601	-0.048666306	0.04780927	-0.041726038	0.09160644	-0.04403675	0.047151584	-0.15455863	0.11281976	-0.06949486	0.12512156	-0.09499199	0.113095656	-0.07613048	0.09979129	-0.110009156	0.14435492	-0.12739831	0.10063852	-0.090844154	0.14345323	-0.17257448	0.123365544	-0.12941122	0.08770027	-0.26264256	0.2467452	-0.20028609	0.14867015	-0.15325709	0.30241185	-0.5467543	0.2214916	-0.19382027	0.20019384	-0.3950264	0.999999	-0.35503092	0.22508375	-0.12209679	0.27662465	-0.4300465	0.21776962	-0.23278958	0.11542251
-0.030520482	0.034427907	-0.03599676	0.03135502	-0.06978644	0.03127153	-0.033476308	0.10834889	-0.08586159	0.05281314	-0.089551315	0.06714053	-0.0818283	0.058015835	-0.07718079	0.074983455	-0.10234291	0.092436306	-0.07703945	0.070319645	-0.09847245	0.11412518	-0.09181345	0.09959077	-0.06930754	0.1526135	-0.15867525	0.16240065	-0.12826048	0.12523052	-0.17092516	0.18502726	-0.23671262	0.2271397	-0.23393896	0.15651059	-0.35503092	0.9999992	-0.6520386	0.18154727	-0.18220305	0.26299915	-0.46302047	0.28871983	-0.18381311
0.03096176	-0.035242327	0.037130725	-0.03237572	0.072065346	-0.031771477	0.03418999	-0.11204767	0.08855598	-0.054693338	0.089563094	-0.06760079	0.08254404	-0.060076494	0.08013338	-0.07490918	0.10168761	-0.094306	0.07951851	-0.07415546	0.09726862	-0.1140871	0.09195475	-0.105385356	0.072953895	-0.1501526	0.14766915	-0.16525555	0.13193719	-0.1348686	0.15149789	-0.16516583	0.20751144	-0.3766291	0.25204912	-0.1419274	0.22508375	-0.6520386	0.99999905	-0.31583726	0.16236997	-0.27084127	0.27651957	-0.3651816	0.22070284
-0.018006442	0.020273818	-0.021840798	0.018982928	-0.042542424	0.0183953	-0.01972314	0.0638348	-0.05211403	0.031989843	-0.052436143	0.039073836	-0.048250236	0.03480211	-0.046532966	0.04292881	-0.058683183	0.05246632	-0.046169806	0.042146336	-0.056291744	0.06367751	-0.05156254	0.059339922	-0.041430674	0.08225749	-0.08324339	0.085258864	-0.07384172	0.07430111	-0.087352544	0.08539646	-0.107142046	0.14030933	-0.16342813	0.07742583	-0.12209679	0.18154727	-0.31583726	0.9999992	-0.100717686	0.14541541	-0.19253883	0.23500623	-0.871916
0.043078717	-0.049702566	0.04929772	-0.04293884	0.09442636	-0.04448336	0.04799086	-0.1606298	0.115481675	-0.07098522	0.12322357	-0.09329217	0.11270671	-0.076148756	0.099818885	-0.10696859	0.13629355	-0.118564345	0.10026224	-0.08982964	0.13815854	-0.15476844	0.112669215	-0.12744172	0.085351974	-0.2530211	0.19792083	-0.16368423	0.13486889	-0.14275905	0.27756423	-0.2372922	0.17427377	-0.1552072	0.17489879	-0.6987148	0.27662465	-0.18220305	0.16236997	-0.100717686	0.9999993	-0.45522204	0.17970201	-0.2077916	0.095863484
-0.053429205	0.05850249	-0.064462155	0.055578668	-0.12592502	0.05411	-0.057297472	0.17918085	-0.15301889	0.09235614	-0.15923524	0.115394376	-0.14454627	0.09784052	-0.1297506	0.12673926	-0.1737574	0.14134067	-0.13030645	0.11034221	-0.17038894	0.17916481	-0.14076231	0.15244953	-0.10659348	0.23584482	-0.24829036	0.2005763	-0.18000585	0.17229877	-0.3001683	0.25153506	-0.24537256	0.21770908	-0.2942013	0.2672564	-0.4300465	0.26299915	-0.27084127	0.14541541	-0.45522204	0.9999992	-0.4150912	0.2750785	-0.15302722
0.029085947	-0.03265843	0.034937214	-0.03032677	0.06794366	-0.029704263	0.031786148	-0.10254648	0.08309178	-0.050846748	0.08496532	-0.063155435	0.07790183	-0.05498852	0.07313234	-0.06974195	0.09479122	-0.083476886	0.07294014	-0.065409206	0.09165537	-0.10309048	0.08181115	-0.09200079	0.063728385	-0.1362656	0.13603526	-0.1330938	0.11074002	-0.11108774	0.14854045	-0.14802636	0.16279203	-0.17565675	0.1916902	-0.13841872	0.21776962	-0.46302047	0.27651957	-0.19253883	0.17970201	-0.4150912	0.9999992	-0.6807321	0.18532439
-0.03359445	0.037324045	-0.040844847	0.035369065	-0.0797457	0.03416855	-0.03643032	0.1159793	-0.09736629	0.059301715	-0.098876	0.072720066	-0.090533674	0.063820384	-0.08520057	0.079675525	-0.109375745	0.09404529	-0.08490182	0.07493149	-0.105622895	0.115709685	-0.093257055	0.10455474	-0.07332875	0.14901671	-0.15442502	0.14555603	-0.12968591	0.1257022	-0.1685074	0.15550108	-0.18518832	0.1999926	-0.25516316	0.14704034	-0.23278958	0.28871983	-0.3651816	0.23500623	-0.2077916	0.2750785	-0.6807321	0.99999905	-0.34058458
0.017546492	-0.01984297	0.021280456	-0.018505257	0.04140962	-0.017947538	0.019281067	-0.06277979	0.05070509	-0.031169275	0.05083299	-0.038009737	0.046873	-0.033886056	0.045246482	-0.041765448	0.05683139	-0.05117279	0.04488507	-0.041178606	0.05454174	-0.062085774	0.049926735	-0.058110584	0.04029631	-0.08061013	0.07994421	-0.08262399	0.070429906	-0.07230163	0.08357972	-0.08301454	0.10044236	-0.13209543	0.13893038	-0.07553725	0.11542251	-0.18381311	0.22070284	-0.871916	0.095863484	-0.15302722	0.18532439	-0.34058458	0.99999905
