1.0000001	-0.9224891	0.18274483	-0.05931754	0.041736066	-0.24735178	0.16896552	-0.15130894	0.05376298	-0.038605724	0.105364524	-0.12365828	0.123931065	-0.06568712	0.04890811	-0.09592263	0.09291377	-0.0899022	0.0701318	-0.062098574	0.079988144	-0.083700284	0.07842333	-0.056323513	0.054764293	-0.06433255	0.06981414	-0.07009828	0.05624571	-0.04596052	0.057506595	-0.075209245	0.056117676	-0.0653516	0.07081026	-0.049455207	0.054795366	-0.052340936	0.043984685	-0.052291375	0.033688474	-0.02765253	0.06358287	-0.034109384	0.040742528
-0.9224891	1.0	-0.23073104	0.059251398	-0.042038072	0.19418682	-0.19675954	0.15225203	-0.05426665	0.038008116	-0.0995307	0.11901637	-0.12511852	0.06314482	-0.04722821	0.087242536	-0.09089517	0.08558257	-0.06770304	0.058821335	-0.07544639	0.07822939	-0.074409895	0.053182937	-0.051953185	0.05972662	-0.06570847	0.065200135	-0.053032316	0.043171167	-0.05375171	0.06951609	-0.05230178	0.060576815	-0.06639877	0.045854297	-0.0511542	0.048445627	-0.04084777	0.04836168	-0.03146596	0.025742887	-0.059103575	0.031616557	-0.0378434
0.18274483	-0.23073104	1.0000001	-0.20492904	0.11606065	-0.3903624	0.29952887	-0.6904478	0.14934577	-0.103855625	0.18924507	-0.24600165	0.26237407	-0.15215738	0.112080485	-0.1862619	0.18318155	-0.1918687	0.15179443	-0.14276722	0.15322396	-0.17020375	0.15891112	-0.118397795	0.11289748	-0.128207	0.13853863	-0.14505512	0.115220785	-0.094823115	0.114150606	-0.15430993	0.11455746	-0.13482997	0.14275602	-0.09970805	0.10937523	-0.106809855	0.089373186	-0.107102334	0.06706108	-0.055434063	0.12762795	-0.069152005	0.08219849
-0.05931754	0.059251398	-0.20492904	1.0000001	-0.5391262	0.12789197	-0.105016135	0.12561962	-0.70822585	0.3136872	-0.08045037	0.09799396	-0.14942302	0.17812748	-0.15963851	0.078770116	-0.09659789	0.10808693	-0.15605614	0.1521732	-0.074261524	0.08521942	-0.09250832	0.08416845	-0.081531204	0.062305197	-0.07120516	0.07844439	-0.075179	0.060672674	-0.0581325	0.07864021	-0.061940517	0.07344256	-0.08258685	0.05015125	-0.05678463	0.055539403	-0.047456313	0.05652873	-0.034770448	0.028533334	-0.06669989	0.036190208	-0.04325635
0.041736066	-0.042038072	0.11606065	-0.5391262	1.0000001	-0.09925983	0.07539746	-0.08768444	0.3162946	-0.7448699	0.06151467	-0.074496955	0.110440336	-0.153465	0.16449872	-0.0615464	0.07416478	-0.08577154	0.12205273	-0.1705626	0.057686996	-0.06714268	0.072444685	-0.06785912	0.06429383	-0.049009606	0.055757742	-0.06252256	0.05917203	-0.048324503	0.045681547	-0.06262435	0.04907732	-0.05858704	0.06489092	-0.039660316	0.044713914	-0.04414281	0.037616022	-0.044992905	0.027352119	-0.022513883	0.052639596	-0.028685909	0.034201313
-0.24735178	0.19418682	-0.3903624	0.12789197	-0.09925983	1.0000001	-0.49379227	0.2763191	-0.12863697	0.09004562	-0.42059103	0.30199477	-0.34917134	0.16031429	-0.1214938	0.25736898	-0.25781015	0.22244023	-0.18233259	0.14624947	-0.2419645	0.21304739	-0.20918225	0.14382987	-0.14486243	0.17118968	-0.19137177	0.17444618	-0.14774117	0.11861773	-0.1568514	0.18720585	-0.14370392	0.16264836	-0.18792954	0.12847278	-0.14729011	0.13246022	-0.11299287	0.13117473	-0.09105317	0.07325406	-0.16688569	0.0875031	-0.10586552
0.16896552	-0.19675954	0.29952887	-0.105016135	0.07539746	-0.49379227	0.9999999	-0.52239484	0.098260954	-0.071283	0.23916914	-0.50495464	0.27754945	-0.13387015	0.09620065	-0.20842467	0.2216322	-0.20403767	0.14171378	-0.122289725	0.16232614	-0.17868851	0.15831022	-0.11095564	0.10606108	-0.12902597	0.1402537	-0.13783808	0.1081777	-0.08831068	0.11124806	-0.1458657	0.10851114	-0.12467318	0.13310313	-0.09510261	0.10382314	-0.09859632	0.08269385	-0.09779062	0.0635497	-0.052287433	0.11659849	-0.06310809	0.07520524
-0.15130894	0.15225203	-0.6904478	0.12561962	-0.08768444	0.2763191	-0.52239484	0.99999976	-0.11625408	0.07772121	-0.17026713	0.23968174	-0.3353347	0.12901491	-0.09355318	0.14965515	-0.17485954	0.16928001	-0.13122551	0.11368362	-0.12803593	0.1399715	-0.13377106	0.09649916	-0.092642725	0.10268249	-0.11402544	0.11502664	-0.09317749	0.07591969	-0.091254786	0.12019916	-0.09076428	0.10485781	-0.1132849	0.07808598	-0.08635693	0.08251352	-0.06948341	0.082330324	-0.052914236	0.043463565	-0.09857864	0.05323096	-0.06351862
0.05376298	-0.05426665	0.14934577	-0.70822585	0.3162946	-0.12863697	0.098260954	-0.11625408	0.9999996	-0.51436824	0.07990239	-0.09783493	0.14688383	-0.2601269	0.18535592	-0.079956904	0.09721058	-0.114199206	0.16737397	-0.18915127	0.07472162	-0.08748499	0.09444913	-0.089805946	0.08382531	-0.06349705	0.07227445	-0.08123096	0.07699462	-0.06281895	0.058998827	-0.08102527	0.06353946	-0.07581185	0.08366495	-0.051211283	0.057644688	-0.05693757	0.04850702	-0.058003437	0.035237238	-0.02901783	0.067611605	-0.03690595	0.04397833
-0.038605724	0.038008116	-0.103855625	0.3136872	-0.7448699	0.09004562	-0.071283	0.07772121	-0.51436824	0.9999986	-0.059140936	0.07196336	-0.114798	0.17141357	-0.23560354	0.058672603	-0.0746274	0.08668422	-0.13845128	0.17432599	-0.056281425	0.06584996	-0.07321425	0.07040927	-0.067443796	0.047601063	-0.0548174	0.061652157	-0.060786482	0.049199626	-0.044595722	0.060908277	-0.04839242	0.057634808	-0.06482966	0.03852368	-0.04367388	0.04298588	-0.0368126	0.043894734	-0.026696399	0.021930272	-0.05122241	0.027923226	-0.033345044
0.105364524	-0.0995307	0.18924507	-0.08045037	0.06151467	-0.42059103	0.23916914	-0.17026713	0.07990239	-0.059140936	0.99999905	-0.42951435	0.23895425	-0.11894421	0.086369246	-0.6644721	0.2197587	-0.19028983	0.1326348	-0.11004522	0.25056645	-0.20829992	0.1660415	-0.11061747	0.10659279	-0.18216771	0.16858582	-0.14688139	0.1107228	-0.09001321	0.1340203	-0.16404976	0.11712528	-0.13147104	0.13807464	-0.11301662	0.11601376	-0.10623572	0.08799932	-0.10282222	0.07059739	-0.05839653	0.12050838	-0.065773696	0.078165956
-0.12365828	0.11901637	-0.24600165	0.09799396	-0.074496955	0.30199477	-0.50495464	0.23968174	-0.09783493	0.07196336	-0.42951435	0.99999917	-0.4320206	0.15334791	-0.10835018	0.24763156	-0.4431035	0.25794852	-0.1697133	0.13360694	-0.200995	0.21704973	-0.19085841	0.12535968	-0.119739234	0.14842467	-0.16852377	0.15355404	-0.12057449	0.097464845	-0.12518325	0.15965728	-0.12031335	0.13458833	-0.1445715	0.10429227	-0.11360954	0.10549543	-0.08876472	0.10371719	-0.06924254	0.056763977	-0.12257374	0.066560514	-0.079409
0.123931065	-0.12511852	0.26237407	-0.14942302	0.110440336	-0.34917134	0.27754945	-0.3353347	0.14688383	-0.114798	0.23895425	-0.4320206	0.99999905	-0.32977304	0.18357892	-0.24542952	0.29030296	-0.42935437	0.25792262	-0.23713952	0.20182814	-0.24810356	0.23906687	-0.18074177	0.163647	-0.17223565	0.19005597	-0.20968942	0.1626885	-0.13439286	0.1506494	-0.21001804	0.15819909	-0.18444893	0.1900636	-0.13165769	0.14291085	-0.14094579	0.11789181	-0.1408309	0.08700204	-0.07225491	0.161625	-0.08907429	0.1053908
-0.06568712	0.06314482	-0.15215738	0.17812748	-0.153465	0.16031429	-0.13387015	0.12901491	-0.2601269	0.17141357	-0.11894421	0.15334791	-0.32977304	0.999999	-0.52405345	0.11717419	-0.17343724	0.21611232	-0.59843254	0.3179093	-0.11528614	0.14082283	-0.16776657	0.18087041	-0.16834806	0.09734658	-0.114833735	0.13221428	-0.1426044	0.11267819	-0.09064675	0.12488454	-0.10193993	0.12072061	-0.13644315	0.07779185	-0.08815835	0.08696429	-0.074963674	0.08895755	-0.05358912	0.044044778	-0.10101436	0.055678878	-0.06642322
0.04890811	-0.04722821	0.112080485	-0.15963851	0.16449872	-0.1214938	0.09620065	-0.09355318	0.18535592	-0.23560354	0.086369246	-0.10835018	0.18357892	-0.52405345	0.999999	-0.08688084	0.118942015	-0.15000345	0.2805094	-0.72841215	0.0848986	-0.10329508	0.11880324	-0.12854512	0.11837405	-0.07247051	0.08452869	-0.09827114	0.101316586	-0.083088	0.06779375	-0.09408555	0.07586125	-0.09080343	0.10148279	-0.058569144	0.06630631	-0.065822594	0.056557097	-0.06745141	0.040360227	-0.033223365	0.07675746	-0.04229517	0.050392576
-0.09592263	0.087242536	-0.1862619	0.078770116	-0.0615464	0.25736898	-0.20842467	0.14965515	-0.079956904	0.058672603	-0.6644721	0.24763156	-0.24542952	0.11717419	-0.08688084	0.99999905	-0.22898653	0.18186893	-0.13650428	0.10805108	-0.49781728	0.21936451	-0.1814361	0.11523455	-0.113746926	0.21945092	-0.20793974	0.1538031	-0.118526	0.09522124	-0.16447565	0.17603096	-0.12662743	0.13785803	-0.14945301	0.12684079	-0.13314006	0.113900766	-0.09501673	0.108671136	-0.08079843	0.06572054	-0.13027541	0.07029617	-0.08409513
0.09291377	-0.09089517	0.18318155	-0.09659789	0.07416478	-0.25781015	0.2216322	-0.17485954	0.09721058	-0.0746274	0.2197587	-0.4431035	0.29030296	-0.17343724	0.118942015	-0.22898653	0.9999992	-0.59613615	0.20586391	-0.15879107	0.20822756	-0.43071598	0.25983378	-0.15704323	0.14120355	-0.17645437	0.21396917	-0.20048125	0.14235462	-0.11583486	0.14230461	-0.19756036	0.1471638	-0.16133752	0.164726	-0.120306365	0.12810986	-0.12180036	0.10194591	-0.118935294	0.077377066	-0.064099595	0.13513702	-0.074755944	0.08860691
-0.0899022	0.08558257	-0.1918687	0.10808693	-0.08577154	0.22244023	-0.20403767	0.16928001	-0.114199206	0.08668422	-0.19028983	0.25794852	-0.42935437	0.21611232	-0.15000345	0.18186893	-0.59613615	0.9999992	-0.35983464	0.18688807	-0.1887352	0.2659106	-0.39095965	0.19087578	-0.17288502	0.15515025	-0.19648354	0.21223104	-0.16535494	0.13126177	-0.13767594	0.18770508	-0.15557346	0.1667668	-0.17869936	0.11519246	-0.12833843	0.12269914	-0.10461655	0.121401586	-0.07761115	0.06370328	-0.1390867	0.07647809	-0.09120462
0.0701318	-0.06770304	0.15179443	-0.15605614	0.12205273	-0.18233259	0.14171378	-0.13122551	0.16737397	-0.13845128	0.1326348	-0.1697133	0.25792262	-0.59843254	0.2805094	-0.13650428	0.20586391	-0.35983464	0.99999934	-0.44172055	0.13417257	-0.1759593	0.20912182	-0.32740727	0.20786323	-0.11654396	0.13712695	-0.16889173	0.17605604	-0.14610791	0.10764152	-0.15375015	0.1251888	-0.15067457	0.16130748	-0.0933316	0.10466241	-0.105426826	0.0904098	-0.10797294	0.063339464	-0.05240277	0.118906364	-0.06649431	0.078801244
-0.062098574	0.058821335	-0.14276722	0.1521732	-0.1705626	0.14624947	-0.122289725	0.11368362	-0.18915127	0.17432599	-0.11004522	0.13360694	-0.23713952	0.3179093	-0.72841215	0.10805108	-0.15879107	0.18688807	-0.44172055	0.9999996	-0.11047799	0.13214839	-0.16048864	0.17087261	-0.1749518	0.09297906	-0.110634	0.1269824	-0.14252119	0.11373999	-0.0883638	0.12039116	-0.09950912	0.11840735	-0.13860871	0.07554119	-0.086797915	0.08528786	-0.074069306	0.087788545	-0.052875575	0.043277796	-0.10074665	0.0552084	-0.06612713
0.079988144	-0.07544639	0.15322396	-0.074261524	0.057686996	-0.2419645	0.16232614	-0.12803593	0.07472162	-0.056281425	0.25056645	-0.200995	0.20182814	-0.11528614	0.0848986	-0.49781728	0.20822756	-0.1887352	0.13417257	-0.11047799	0.9999995	-0.37542728	0.20965636	-0.12857005	0.123193674	-0.55964	0.2881681	-0.19767271	0.13292992	-0.107983865	0.22599413	-0.2476226	0.15876551	-0.17076392	0.16835724	-0.18871221	0.16295743	-0.14257658	0.11429229	-0.13148578	0.09737946	-0.082588606	0.14604627	-0.08186879	0.096225545
-0.083700284	0.07822939	-0.17020375	0.08521942	-0.06714268	0.21304739	-0.17868851	0.1399715	-0.08748499	0.06584996	-0.20829992	0.21704973	-0.24810356	0.14082283	-0.10329508	0.21936451	-0.43071598	0.2659106	-0.1759593	0.13214839	-0.37542728	0.9999996	-0.43248802	0.17133866	-0.16291033	0.26766163	-0.5164024	0.24698627	-0.16853036	0.13297354	-0.20148675	0.25450328	-0.1922944	0.18944725	-0.199154	0.15598148	-0.16555397	0.14583127	-0.12286116	0.13841341	-0.09891045	0.08092914	-0.15890746	0.08739188	-0.104235545
0.07842333	-0.074409895	0.15891112	-0.09250832	0.072444685	-0.20918225	0.15831022	-0.13377106	0.09444913	-0.07321425	0.1660415	-0.19085841	0.23906687	-0.16776657	0.11880324	-0.1814361	0.25983378	-0.39095965	0.20912182	-0.16048864	0.20965636	-0.43248802	0.9999999	-0.32043675	0.21818717	-0.19427091	0.24849363	-0.5339791	0.22298835	-0.18240748	0.1727759	-0.27989563	0.24897404	-0.25363532	0.22786926	-0.14839362	0.1628325	-0.16697954	0.14020394	-0.16083203	0.09658163	-0.080633804	0.17052126	-0.09727326	0.11439267
-0.056323513	0.053182937	-0.118397795	0.08416845	-0.06785912	0.14382987	-0.11095564	0.09649916	-0.089805946	0.07040927	-0.11061747	0.12535968	-0.18074177	0.18087041	-0.12854512	0.11523455	-0.15704323	0.19087578	-0.32740727	0.17087261	-0.12857005	0.17133866	-0.32043675	0.99999994	-0.6749945	0.11474289	-0.14177242	0.20900117	-0.43204182	0.28891423	-0.11260773	0.16707973	-0.15437187	0.19564296	-0.22792625	0.09751244	-0.11312654	0.11887646	-0.10639728	0.12725137	-0.06752717	0.05588923	-0.12857425	0.074238285	-0.08803658
0.054764293	-0.051953185	0.11289748	-0.081531204	0.06429383	-0.14486243	0.10606108	-0.092642725	0.08382531	-0.067443796	0.10659279	-0.119739234	0.163647	-0.16834806	0.11837405	-0.113746926	0.14120355	-0.17288502	0.20786323	-0.1749518	0.123193674	-0.16291033	0.21818717	-0.6749945	0.9999998	-0.113456905	0.13530971	-0.20595828	0.3112315	-0.51715183	0.11208867	-0.17390357	0.15133205	-0.20959684	0.23269293	-0.09966752	0.11423366	-0.12550946	0.110875785	-0.13925545	0.068042	-0.056945324	0.13170303	-0.07820853	0.09143479
-0.06433255	0.05972662	-0.128207	0.062305197	-0.049009606	0.17118968	-0.12902597	0.10268249	-0.06349705	0.047601063	-0.18216771	0.14842467	-0.17223565	0.09734658	-0.07247051	0.21945092	-0.17645437	0.15515025	-0.11654396	0.09297906	-0.55964	0.26766163	-0.19427091	0.11474289	-0.113456905	0.9999997	-0.5413514	0.18352464	-0.12471669	0.09959107	-0.42149806	0.25686005	-0.16073874	0.15917836	-0.1618289	0.21667296	-0.19087021	0.14066385	-0.113305256	0.1242268	-0.110387504	0.090631455	-0.14156567	0.07832572	-0.09276877
0.06981414	-0.06570847	0.13853863	-0.07120516	0.055757742	-0.19137177	0.1402537	-0.11402544	0.07227445	-0.0548174	0.16858582	-0.16852377	0.19005597	-0.114833735	0.08452869	-0.20793974	0.21396917	-0.19648354	0.13712695	-0.110634	0.2881681	-0.5164024	0.24849363	-0.14177242	0.13530971	-0.5413514	0.9999996	-0.27804974	0.15106422	-0.120856285	0.24570553	-0.42344022	0.21173933	-0.2010061	0.18849911	-0.19590004	0.18035625	-0.15628126	0.1268435	-0.14146702	0.10547672	-0.08890321	0.15537487	-0.08744766	0.10302441
-0.07009828	0.065200135	-0.14505512	0.07844439	-0.06252256	0.17444618	-0.13783808	0.11502664	-0.08123096	0.061652157	-0.14688139	0.15355404	-0.20968942	0.13221428	-0.09827114	0.1538031	-0.20048125	0.21223104	-0.16889173	0.1269824	-0.19767271	0.24698627	-0.5339791	0.20900117	-0.20595828	0.18352464	-0.27804974	0.99999946	-0.2811418	0.18727663	-0.18824068	0.28637084	-0.54852104	0.2847432	-0.27844444	0.15200172	-0.18363859	0.18374437	-0.16284348	0.17042434	-0.106955804	0.08717849	-0.18952003	0.10533853	-0.12652603
0.05624571	-0.053032316	0.115220785	-0.075179	0.05917203	-0.14774117	0.1081777	-0.09317749	0.07699462	-0.060786482	0.1107228	-0.12057449	0.1626885	-0.1426044	0.101316586	-0.118526	0.14235462	-0.16535494	0.17605604	-0.14252119	0.13292992	-0.16853036	0.22298835	-0.43204182	0.3112315	-0.12471669	0.15106422	-0.2811418	0.9999994	-0.6601444	0.12783253	-0.2045647	0.199907	-0.33466405	0.28427848	-0.11357564	0.13289677	-0.15123068	0.13807271	-0.16809723	0.07827334	-0.06559111	0.15206192	-0.09204387	0.1073083
-0.04596052	0.043171167	-0.094823115	0.060672674	-0.048324503	0.11861773	-0.08831068	0.07591969	-0.06281895	0.049199626	-0.09001321	0.097464845	-0.13439286	0.11267819	-0.083088	0.09522124	-0.11583486	0.13126177	-0.14610791	0.11373999	-0.107983865	0.13297354	-0.18240748	0.28891423	-0.51715183	0.09959107	-0.120856285	0.18727663	-0.6601444	0.99999934	-0.10366887	0.15793464	-0.15375152	0.22790305	-0.40433845	0.0917157	-0.10941663	0.12285484	-0.11597817	0.14607842	-0.06456369	0.053763032	-0.12900004	0.077930644	-0.09263881
0.057506595	-0.05375171	0.114150606	-0.0581325	0.045681547	-0.1568514	0.11124806	-0.091254786	0.058998827	-0.044595722	0.1340203	-0.12518325	0.1506494	-0.09064675	0.06779375	-0.16447565	0.14230461	-0.13767594	0.10764152	-0.0883638	0.22599413	-0.20148675	0.1727759	-0.11260773	0.11208867	-0.42149806	0.24570553	-0.18824068	0.12783253	-0.10366887	0.99999905	-0.38527703	0.18326989	-0.1879304	0.17492901	-0.64821297	0.27166912	-0.19549592	0.14104222	-0.15549144	0.15351172	-0.13935593	0.16116375	-0.09359629	0.10800963
-0.075209245	0.06951609	-0.15430993	0.07864021	-0.06262435	0.18720585	-0.1458657	0.12019916	-0.08102527	0.060908277	-0.16404976	0.15965728	-0.21001804	0.12488454	-0.09408555	0.17603096	-0.19756036	0.18770508	-0.15375015	0.12039116	-0.2476226	0.25450328	-0.27989563	0.16707973	-0.17390357	0.25686005	-0.42344022	0.28637084	-0.2045647	0.15793464	-0.38527703	0.999999	-0.48293465	0.27678317	-0.28413063	0.24085124	-0.30126598	0.21921988	-0.18778825	0.19143458	-0.16324735	0.13073516	-0.22311947	0.1218173	-0.14652434
0.056117676	-0.05230178	0.11455746	-0.061940517	0.04907732	-0.14370392	0.10851114	-0.09076428	0.06353946	-0.04839242	0.11712528	-0.12031335	0.15819909	-0.10193993	0.07586125	-0.12662743	0.1471638	-0.15557346	0.1251888	-0.09950912	0.15876551	-0.1922944	0.24897404	-0.15437187	0.15133205	-0.16073874	0.21173933	-0.54852104	0.199907	-0.15375152	0.18326989	-0.48293465	0.999999	-0.5282948	0.25536066	-0.15385826	0.18448265	-0.2360431	0.18284577	-0.17818613	0.102547005	-0.08618475	0.17766382	-0.10394151	0.12176412
-0.0653516	0.060576815	-0.13482997	0.07344256	-0.05858704	0.16264836	-0.12467318	0.10485781	-0.07581185	0.057634808	-0.13147104	0.13458833	-0.18444893	0.12072061	-0.09080343	0.13785803	-0.16133752	0.1667668	-0.15067457	0.11840735	-0.17076392	0.18944725	-0.25363532	0.19564296	-0.20959684	0.15917836	-0.2010061	0.2847432	-0.33466405	0.22790305	-0.1879304	0.27678317	-0.5282948	0.99999887	-0.5128547	0.15915646	-0.20938896	0.2371333	-0.29428127	0.24173926	-0.11914001	0.097416244	-0.23323119	0.13781159	-0.16642189
0.07081026	-0.06639877	0.14275602	-0.08258685	0.06489092	-0.18792954	0.13310313	-0.1132849	0.08366495	-0.06482966	0.13807464	-0.1445715	0.1900636	-0.13644315	0.10148279	-0.14945301	0.164726	-0.17869936	0.16130748	-0.13860871	0.16835724	-0.199154	0.22786926	-0.22792625	0.23269293	-0.1618289	0.18849911	-0.27844444	0.28427848	-0.40433845	0.17492901	-0.28413063	0.25536066	-0.5128547	0.99999887	-0.16261026	0.1938708	-0.24678046	0.23469222	-0.37723854	0.112825446	-0.096073665	0.23704465	-0.15864298	0.18266597
-0.049455207	0.045854297	-0.09970805	0.05015125	-0.039660316	0.12847278	-0.09510261	0.07808598	-0.051211283	0.03852368	-0.11301662	0.10429227	-0.13165769	0.07779185	-0.058569144	0.12684079	-0.120306365	0.11519246	-0.0933316	0.07554119	-0.18871221	0.15598148	-0.14839362	0.09751244	-0.09966752	0.21667296	-0.19590004	0.15200172	-0.11357564	0.0917157	-0.64821297	0.24085124	-0.15385826	0.15915646	-0.16261026	0.9999994	-0.5449995	0.20374988	-0.15163411	0.14768913	-0.24778166	0.19353573	-0.166265	0.092683576	-0.10872942
0.054795366	-0.0511542	0.10937523	-0.05678463	0.044713914	-0.14729011	0.10382314	-0.08635693	0.057644688	-0.04367388	0.11601376	-0.11360954	0.14291085	-0.08815835	0.06630631	-0.13314006	0.12810986	-0.12833843	0.10466241	-0.086797915	0.16295743	-0.16555397	0.1628325	-0.11312654	0.11423366	-0.19087021	0.18035625	-0.18363859	0.13289677	-0.10941663	0.27166912	-0.30126598	0.18448265	-0.20938896	0.1938708	-0.5449995	0.9999995	-0.42757207	0.21538447	-0.21995808	0.26012883	-0.3690051	0.20496833	-0.12546916	0.13988978
-0.052340936	0.048445627	-0.106809855	0.055539403	-0.04414281	0.13246022	-0.09859632	0.08251352	-0.05693757	0.04298588	-0.10623572	0.10549543	-0.14094579	0.08696429	-0.065822594	0.113900766	-0.12180036	0.12269914	-0.105426826	0.08528786	-0.14257658	0.14583127	-0.16697954	0.11887646	-0.12550946	0.14066385	-0.15628126	0.18374437	-0.15123068	0.12285484	-0.19549592	0.21921988	-0.2360431	0.2371333	-0.24678046	0.20374988	-0.42757207	0.99999917	-0.62015754	0.29516822	-0.16229065	0.14232579	-0.36639813	0.1900554	-0.22129215
0.043984685	-0.04084777	0.089373186	-0.047456313	0.037616022	-0.11299287	0.08269385	-0.06948341	0.04850702	-0.0368126	0.08799932	-0.08876472	0.11789181	-0.074963674	0.056557097	-0.09501673	0.10194591	-0.10461655	0.0904098	-0.074069306	0.11429229	-0.12286116	0.14020394	-0.10639728	0.110875785	-0.113305256	0.1268435	-0.16284348	0.13807271	-0.11597817	0.14104222	-0.18778825	0.18284577	-0.29428127	0.23469222	-0.15163411	0.21538447	-0.62015754	0.9999988	-0.5863324	0.10741355	-0.098335475	0.2521444	-0.22038409	0.22136427
-0.052291375	0.04836168	-0.107102334	0.05652873	-0.044992905	0.13117473	-0.09779062	0.082330324	-0.058003437	0.043894734	-0.10282222	0.10371719	-0.1408309	0.08895755	-0.06745141	0.108671136	-0.118935294	0.121401586	-0.10797294	0.087788545	-0.13148578	0.13841341	-0.16083203	0.12725137	-0.13925545	0.1242268	-0.14146702	0.17042434	-0.16809723	0.14607842	-0.15549144	0.19143458	-0.17818613	0.24173926	-0.37723854	0.14768913	-0.21995808	0.29516822	-0.5863324	0.99999857	-0.11878241	0.098641664	-0.35706633	0.25353348	-0.42808267
0.033688474	-0.03146596	0.06706108	-0.034770448	0.027352119	-0.09105317	0.0635497	-0.052914236	0.035237238	-0.026696399	0.07059739	-0.06924254	0.08700204	-0.05358912	0.040360227	-0.08079843	0.077377066	-0.07761115	0.063339464	-0.052875575	0.09737946	-0.09891045	0.09658163	-0.06752717	0.068042	-0.110387504	0.10547672	-0.106955804	0.07827334	-0.06456369	0.15351172	-0.16324735	0.102547005	-0.11914001	0.112825446	-0.24778166	0.26012883	-0.16229065	0.10741355	-0.11878241	0.9999986	-0.88018507	0.11649507	-0.069927745	0.078933924
-0.02765253	0.025742887	-0.055434063	0.028533334	-0.022513883	0.07325406	-0.052287433	0.043463565	-0.02901783	0.021930272	-0.05839653	0.056763977	-0.07225491	0.044044778	-0.033223365	0.06572054	-0.064099595	0.06370328	-0.05240277	0.043277796	-0.082588606	0.08092914	-0.080633804	0.05588923	-0.056945324	0.090631455	-0.08890321	0.08717849	-0.06559111	0.053763032	-0.13935593	0.13073516	-0.08618475	0.097416244	-0.096073665	0.19353573	-0.3690051	0.14232579	-0.098335475	0.098641664	-0.88018507	0.99999875	-0.1038258	0.060041074	-0.06890371
0.06358287	-0.059103575	0.12762795	-0.06669989	0.052639596	-0.16688569	0.11659849	-0.09857864	0.067611605	-0.05122241	0.12050838	-0.12257374	0.161625	-0.10101436	0.07675746	-0.13027541	0.13513702	-0.1390867	0.118906364	-0.10074665	0.14604627	-0.15890746	0.17052126	-0.12857425	0.13170303	-0.14156567	0.15537487	-0.18952003	0.15206192	-0.12900004	0.16116375	-0.22311947	0.17766382	-0.23323119	0.23704465	-0.166265	0.20496833	-0.36639813	0.2521444	-0.35706633	0.11649507	-0.1038258	0.99999857	-0.52253157	0.30275136
-0.034109384	0.031616557	-0.069152005	0.036190208	-0.028685909	0.0875031	-0.06310809	0.05323096	-0.03690595	0.027923226	-0.065773696	0.066560514	-0.08907429	0.055678878	-0.04229517	0.07029617	-0.074755944	0.07647809	-0.06649431	0.0552084	-0.08186879	0.08739188	-0.09727326	0.074238285	-0.07820853	0.07832572	-0.08744766	0.10533853	-0.09204387	0.077930644	-0.09359629	0.1218173	-0.10394151	0.13781159	-0.15864298	0.092683576	-0.12546916	0.1900554	-0.22038409	0.25353348	-0.069927745	0.060041074	-0.52253157	0.9999986	-0.7534707
0.040742528	-0.0378434	0.08219849	-0.04325635	0.034201313	-0.10586552	0.07520524	-0.06351862	0.04397833	-0.033345044	0.078165956	-0.079409	0.1053908	-0.06642322	0.050392576	-0.08409513	0.08860691	-0.09120462	0.078801244	-0.06612713	0.096225545	-0.104235545	0.11439267	-0.08803658	0.09143479	-0.09276877	0.10302441	-0.12652603	0.1073083	-0.09263881	0.10800963	-0.14652434	0.12176412	-0.16642189	0.18266597	-0.10872942	0.13988978	-0.22129215	0.22136427	-0.42808267	0.078933924	-0.06890371	0.30275136	-0.7534707	0.9999986
