1.0	-0.8392014	0.2177128	-0.18966274	0.18539897	-0.2627028	0.115333326	-0.09141592	0.063266136	-0.06299773	0.17188649	-0.09758092	0.07985266	-0.061353628	0.06347141	-0.093114235	0.09014278	-0.0945733	0.07528062	-0.0396944	0.087634936	-0.09961399	0.07296336	-0.085099034	0.032572933	-0.09677461	0.08413467	-0.10375666	0.059420027	-0.05753031	0.054714464	-0.069667764	0.07843214	-0.05236384	0.05465893	-0.050060045	0.052461017	-0.051035907	0.05842259	-0.066801034	0.060087305	-0.04522098	0.02923105	-0.031556062	0.10738051
-0.8392014	0.9999997	-0.3383357	0.19275132	-0.21693026	0.17328356	-0.11346853	0.093351066	-0.06586486	0.05938248	-0.1630171	0.088824816	-0.08272841	0.06043353	-0.061620586	0.08068699	-0.08055222	0.08208132	-0.06639528	0.034013294	-0.07819884	0.08533073	-0.06275235	0.07231422	-0.02806609	0.0815567	-0.07355038	0.08676794	-0.051226266	0.049012817	-0.04720518	0.059759267	-0.068166785	0.04499566	-0.04705339	0.042860437	-0.045349464	0.04387794	-0.050544932	0.056927614	-0.05221641	0.03890932	-0.025206868	0.027103603	-0.09299734
0.2177128	-0.3383357	0.9999994	-0.7445435	0.29350403	-0.102040164	0.07844408	-0.21214248	0.12141433	-0.09773129	0.090509914	-0.06737464	0.14126435	-0.10692155	0.09551448	-0.07868582	0.08240747	-0.10155467	0.08007802	-0.04425792	0.07764967	-0.097002655	0.076422326	-0.090436056	0.03621971	-0.09616829	0.08400569	-0.11042292	0.063536905	-0.062481854	0.055124484	-0.071380794	0.08259741	-0.0558673	0.05884424	-0.051105175	0.05401638	-0.053612765	0.061480798	-0.072389215	0.061377868	-0.046754416	0.030512638	-0.033045184	0.117352016
-0.18966274	0.19275132	-0.7445435	0.9999992	-0.52827126	0.08040799	-0.06363725	0.13917014	-0.105571866	0.081503764	-0.07439892	0.053654805	-0.11727166	0.08635725	-0.08231712	0.061586324	-0.06504209	0.078702904	-0.063153386	0.0346738	-0.061304525	0.07530262	-0.05942471	0.069912925	-0.028469466	0.07445838	-0.06595626	0.08475301	-0.049714077	0.04864911	-0.043075513	0.055654895	-0.06485937	0.04364172	-0.046049334	0.039828233	-0.04226879	0.041879963	-0.048170704	0.05637328	-0.048128784	0.03651852	-0.023865294	0.025802705	-0.09217202
0.18539897	-0.21693026	0.29350403	-0.52827126	0.9999994	-0.1209487	0.09476175	-0.1489162	0.10779444	-0.13892327	0.107357346	-0.0830909	0.12607983	-0.1051131	0.12780307	-0.112153664	0.114871524	-0.14236842	0.11382225	-0.069445856	0.11180119	-0.14496876	0.113346964	-0.13683103	0.056384675	-0.15096982	0.12782946	-0.17221582	0.09954664	-0.099742554	0.08590244	-0.111808985	0.12926315	-0.088312626	0.093512714	-0.080471955	0.08478452	-0.08504038	0.09725062	-0.11729941	0.095979616	-0.07381366	0.048347242	-0.05256669	0.19128692
-0.2627028	0.17328356	-0.102040164	0.08040799	-0.1209487	0.99999905	-0.3277567	0.0748991	-0.052373815	0.049015637	-0.8113466	0.24436949	-0.0758052	0.05441652	-0.05202227	0.17766203	-0.163573	0.124361776	-0.100219026	0.042292025	-0.16280745	0.1406712	-0.09286295	0.10075877	-0.035411477	0.12087199	-0.11374555	0.11547154	-0.0684625	0.062393826	-0.069903865	0.08527586	-0.09356067	0.059721492	-0.061332006	0.060988482	-0.06423675	0.059491336	-0.06870566	0.07182271	-0.07516878	0.05430012	-0.034581438	0.036798645	-0.116318874
0.115333326	-0.11346853	0.07844408	-0.06363725	0.09476175	-0.3277567	0.9999992	-0.09818252	0.061623503	-0.051113114	0.2577403	-0.845137	0.09443575	-0.06705177	0.053028032	-0.17160553	0.19811516	-0.15635735	0.108983316	-0.04291289	0.13752338	-0.16966693	0.1049444	-0.1146441	0.035862952	-0.1221365	0.11147932	-0.12933858	0.06763403	-0.06182558	0.06668913	-0.085154615	0.0894072	-0.05849559	0.059131153	-0.059221357	0.061219227	-0.057114802	0.06496236	-0.068687946	0.07018514	-0.052080058	0.032830607	-0.035197325	0.10549364
-0.09141592	0.093351066	-0.21214248	0.13917014	-0.1489162	0.0748991	-0.09818252	0.9999993	-0.55551267	0.1755411	-0.07307488	0.08282615	-0.66815114	0.32255545	-0.19594184	0.079301916	-0.1011671	0.14029816	-0.108825974	0.044719767	-0.08017695	0.0972842	-0.08751141	0.095432796	-0.037730798	0.08244603	-0.08255056	0.102449365	-0.061053004	0.05667717	-0.04992892	0.06466189	-0.07846371	0.05164904	-0.05419842	0.045126736	-0.049055476	0.047983408	-0.05594533	0.061991684	-0.05598527	0.041674078	-0.027228579	0.029119741	-0.10084858
0.063266136	-0.06586486	0.12141433	-0.105571866	0.10779444	-0.052373815	0.061623503	-0.55551267	0.9999993	-0.28020906	0.05008356	-0.054672852	0.3176481	-0.6890906	0.2153898	-0.05583337	0.067936346	-0.096184164	0.074245095	-0.036231954	0.055835836	-0.06958237	0.061005816	-0.06946287	0.030377228	-0.060113322	0.058619447	-0.075509004	0.044920437	-0.04283421	0.036030497	-0.04687256	0.056709494	-0.037986953	0.04017	-0.032774888	0.035494655	-0.034983296	0.0406786	-0.045891594	0.040358845	-0.03026175	0.019780805	-0.021218043	0.073314376
-0.06299773	0.05938248	-0.09773129	0.081503764	-0.13892327	0.049015637	-0.051113114	0.1755411	-0.28020906	0.9999991	-0.047231138	0.044338204	-0.16743687	0.19949558	-0.9022232	0.05318002	-0.06101719	0.07914303	-0.06712241	0.06541328	-0.05468418	0.06839226	-0.057819832	0.068429	-0.055804346	0.064748794	-0.06224993	0.07745764	-0.056052607	0.057498034	-0.039730597	0.052076608	-0.06656848	0.046395097	-0.05187191	0.036601026	-0.04025313	0.040853914	-0.048027482	0.05652726	-0.045429602	0.034406062	-0.022833237	0.024543235	-0.08858427
0.17188649	-0.1630171	0.090509914	-0.07439892	0.107357346	-0.8113466	0.2577403	-0.07307488	0.05008356	-0.047231138	0.9999993	-0.3495945	0.07379676	-0.053748116	0.049356155	-0.23951025	0.172652	-0.1338372	0.10094174	-0.04209747	0.16316557	-0.15239117	0.09634954	-0.104972035	0.03513336	-0.12729855	0.11198077	-0.12098072	0.06722469	-0.061685245	0.06935919	-0.08529185	0.09057657	-0.05861393	0.059710402	-0.060916685	0.06286833	-0.058242466	0.06655808	-0.07005722	0.07296762	-0.053385884	0.03371484	-0.036043357	0.10981454
-0.09758092	0.088824816	-0.06737464	0.053654805	-0.0830909	0.24436949	-0.845137	0.08282615	-0.054672852	0.044338204	-0.3495945	0.99999946	-0.090272225	0.05958917	-0.046790313	0.16343479	-0.25155005	0.14186697	-0.10264324	0.03788611	-0.1358817	0.15156582	-0.09547928	0.10056321	-0.031849045	0.107457705	-0.10329742	0.11128742	-0.060737748	0.0547696	-0.060277667	0.076128386	-0.08114057	0.052356526	-0.053073417	0.052906636	-0.055304848	0.051271092	-0.058702007	0.06122172	-0.06374418	0.046766847	-0.029555777	0.031550743	-0.09574153
0.07985266	-0.08272841	0.14126435	-0.11727166	0.12607983	-0.0758052	0.09443575	-0.66815114	0.3176481	-0.16743687	0.07379676	-0.090272225	0.9999994	-0.5751992	0.16186455	-0.08860431	0.114057034	-0.20202376	0.12277029	-0.045828305	0.086538486	-0.109404445	0.10091351	-0.11015223	0.038480353	-0.087808385	0.08733389	-0.11689959	0.06401965	-0.059104472	0.05237082	-0.06815727	0.08137606	-0.053992517	0.055977758	-0.047284875	0.051097415	-0.04986677	0.057839938	-0.06396012	0.058134478	-0.04341766	0.028219273	-0.030216945	0.10187804
-0.061353628	0.06043353	-0.10692155	0.08635725	-0.1051131	0.05441652	-0.06705177	0.32255545	-0.6890906	0.19949558	-0.053748116	0.05958917	-0.5751992	0.9999994	-0.24107385	0.062247626	-0.08022062	0.11568206	-0.09145694	0.039124794	-0.06312824	0.07730789	-0.070981786	0.0784319	-0.03303506	0.06493377	-0.06544644	0.08229582	-0.049539786	0.046361003	-0.03948815	0.05129074	-0.0627529	0.04160962	-0.04388916	0.035699088	-0.03892119	0.038206607	-0.044603247	0.049577706	-0.044331618	0.03304109	-0.021612857	0.023112787	-0.07984613
0.06347141	-0.061620586	0.09551448	-0.08231712	0.12780307	-0.05202227	0.053028032	-0.19594184	0.2153898	-0.9022232	0.049356155	-0.046790313	0.16186455	-0.24107385	0.9999995	-0.057420608	0.06477725	-0.08564994	0.071005836	-0.077734776	0.058359146	-0.07458227	0.06271493	-0.07535899	0.06081313	-0.07074414	0.06631485	-0.08621294	0.060217153	-0.063900925	0.042648923	-0.05616071	0.07057559	-0.050079223	0.05571822	-0.039461832	0.04305104	-0.043877788	0.051204946	-0.061411347	0.0483773	-0.0369398	0.024421377	-0.02635285	0.09288347
-0.093114235	0.08068699	-0.07868582	0.061586324	-0.112153664	0.17766203	-0.17160553	0.079301916	-0.05583337	0.05318002	-0.23951025	0.16343479	-0.08860431	0.062247626	-0.057420608	0.9999996	-0.52547807	0.2260968	-0.17816569	0.061782554	-0.666467	0.28415826	-0.16532199	0.16208063	-0.05238239	0.22464065	-0.20388572	0.17755641	-0.10455692	0.0919068	-0.12413062	0.14073294	-0.1451537	0.090663396	-0.091516666	0.10166235	-0.10474883	0.092553	-0.10644744	0.10472737	-0.12418443	0.08727328	-0.054319248	0.057367686	-0.16517669
0.09014278	-0.08055222	0.08240747	-0.06504209	0.114871524	-0.163573	0.19811516	-0.1011671	0.067936346	-0.06101719	0.172652	-0.25155005	0.114057034	-0.08022062	0.06477725	-0.52547807	0.9999997	-0.4788908	0.22771314	-0.07052541	0.2917494	-0.47172365	0.22445884	-0.22125888	0.059738576	-0.2123633	0.20966274	-0.23396228	0.11521567	-0.10120369	0.11473957	-0.14882536	0.15151447	-0.09796749	0.09753351	-0.09968577	0.10353576	-0.094836906	0.10785907	-0.11019565	0.11804861	-0.087068215	0.05438154	-0.05802133	0.16823655
-0.0945733	0.08208132	-0.10155467	0.078702904	-0.14236842	0.124361776	-0.15635735	0.14029816	-0.096184164	0.07914303	-0.1338372	0.14186697	-0.20202376	0.11568206	-0.08564994	0.2260968	-0.4788908	0.9999996	-0.5404355	0.08932458	-0.23105213	0.27654627	-0.39577913	0.30111557	-0.07746625	0.1860956	-0.21210931	0.27015042	-0.14637703	0.12278757	-0.11605041	0.15071891	-0.18543696	0.118822195	-0.1203289	0.10197683	-0.112554185	0.10788367	-0.12643681	0.13156505	-0.12833549	0.09399906	-0.060966212	0.06459944	-0.2131142
0.07528062	-0.06639528	0.08007802	-0.063153386	0.11382225	-0.100219026	0.108983316	-0.108825974	0.074245095	-0.06712241	0.10094174	-0.10264324	0.12277029	-0.09145694	0.071005836	-0.17816569	0.22771314	-0.5404355	0.99999946	-0.11225926	0.16934998	-0.24832755	0.28782713	-0.67215604	0.093853384	-0.16444926	0.17321771	-0.29639608	0.14453016	-0.12746605	0.09872381	-0.13256504	0.16103579	-0.11479834	0.11303402	-0.0886356	0.0967407	-0.09544604	0.11028236	-0.12055623	0.10829266	-0.08159355	0.052732136	-0.056437958	0.1775208
-0.0396944	0.034013294	-0.04425792	0.0346738	-0.069445856	0.042292025	-0.04291289	0.044719767	-0.036231954	0.06541328	-0.04209747	0.03788611	-0.045828305	0.039124794	-0.077734776	0.061782554	-0.07052541	0.08932458	-0.11225926	0.9999998	-0.06750639	0.08762955	-0.08471899	0.11845101	-0.8938191	0.08976505	-0.093030654	0.111653656	-0.20168272	0.24239442	-0.062752455	0.08801484	-0.15285023	0.13295835	-0.19140695	0.05926308	-0.07162135	0.082948074	-0.103845306	0.13349205	-0.07526499	0.059963938	-0.041864004	0.045007147	-0.16724473
0.087634936	-0.07819884	0.07764967	-0.061304525	0.11180119	-0.16280745	0.13752338	-0.08017695	0.055835836	-0.05468418	0.16316557	-0.1358817	0.086538486	-0.06312824	0.058359146	-0.666467	0.2917494	-0.23105213	0.16934998	-0.06750639	0.99999976	-0.43259394	0.18066698	-0.18144795	0.056738064	-0.39823973	0.23137487	-0.20926887	0.11279675	-0.10097395	0.15399466	-0.17014527	0.15674026	-0.099372774	0.098705694	-0.12764716	0.120377325	-0.10437542	0.1169356	-0.114304855	0.1412546	-0.10148585	0.061366916	-0.065384015	0.17043509
-0.09961399	0.08533073	-0.097002655	0.07530262	-0.14496876	0.1406712	-0.16966693	0.0972842	-0.06958237	0.06839226	-0.15239117	0.15156582	-0.109404445	0.07730789	-0.07458227	0.28415826	-0.47172365	0.27654627	-0.24832755	0.08762955	-0.43259394	0.9999997	-0.35808194	0.23614791	-0.07497703	0.26343367	-0.43728277	0.270834	-0.15467489	0.13208014	-0.16220853	0.22014919	-0.21606076	0.1325158	-0.13240257	0.13752578	-0.1499614	0.13284987	-0.15181379	0.1491203	-0.16924657	0.12294078	-0.07654635	0.08095778	-0.23294674
0.07296336	-0.06275235	0.076422326	-0.05942471	0.113346964	-0.09286295	0.1049444	-0.08751141	0.061005816	-0.057819832	0.09634954	-0.09547928	0.10091351	-0.070981786	0.06271493	-0.16532199	0.22445884	-0.39577913	0.28782713	-0.08471899	0.18066698	-0.35808194	0.99999964	-0.47154883	0.074262396	-0.16317335	0.19691996	-0.63760763	0.15118799	-0.12134658	0.10231258	-0.1396536	0.17398113	-0.11830411	0.11340332	-0.09087627	0.101108626	-0.0990208	0.114690736	-0.12114229	0.11300132	-0.08437537	0.05459653	-0.05809904	0.185542
-0.085099034	0.07231422	-0.090436056	0.069912925	-0.13683103	0.10075877	-0.1146441	0.095432796	-0.06946287	0.068429	-0.104972035	0.10056321	-0.11015223	0.0784319	-0.07535899	0.16208063	-0.22125888	0.30111557	-0.67215604	0.11845101	-0.18144795	0.23614791	-0.47154883	0.9999995	-0.11398343	0.17410183	-0.2044273	0.28805742	-0.19629493	0.1493363	-0.11385275	0.15141621	-0.20599426	0.14134577	-0.14048147	0.10174601	-0.11535519	0.11511541	-0.13636886	0.1453252	-0.12971103	0.096238256	-0.063504204	0.067352936	-0.22950943
0.032572933	-0.02806609	0.03621971	-0.028469466	0.056384675	-0.035411477	0.035862952	-0.037730798	0.030377228	-0.055804346	0.03513336	-0.031849045	0.038480353	-0.03303506	0.06081313	-0.05238239	0.059738576	-0.07746625	0.093853384	-0.8938191	0.056738064	-0.07497703	0.074262396	-0.11398343	0.9999996	-0.075196095	0.07672049	-0.098242566	0.16768229	-0.3374523	0.05164162	-0.07317397	0.122553706	-0.11659283	0.16054833	-0.04898592	0.058666363	-0.0688508	0.08455727	-0.11803824	0.06128326	-0.0494262	0.03422894	-0.037060514	0.13057369
-0.09677461	0.0815567	-0.09616829	0.07445838	-0.15096982	0.12087199	-0.1221365	0.08244603	-0.060113322	0.064748794	-0.12729855	0.107457705	-0.087808385	0.06493377	-0.07074414	0.22464065	-0.2123633	0.1860956	-0.16444926	0.08976505	-0.39823973	0.26343367	-0.16317335	0.17410183	-0.075196095	0.9999996	-0.4405185	0.21207853	-0.16090283	0.14438441	-0.4624999	0.2896	-0.25444394	0.15005209	-0.15007313	0.2640554	-0.24277093	0.18345112	-0.20956866	0.17793334	-0.31644374	0.19632512	-0.11506451	0.118792206	-0.26911843
0.08413467	-0.07355038	0.08400569	-0.06595626	0.12782946	-0.11374555	0.11147932	-0.08255056	0.058619447	-0.06224993	0.11198077	-0.10329742	0.08733389	-0.06544644	0.06631485	-0.20388572	0.20966274	-0.21210931	0.17321771	-0.093030654	0.23137487	-0.43728277	0.19691996	-0.2044273	0.07672049	-0.4405185	0.99999946	-0.27396724	0.15692887	-0.14682646	0.23532975	-0.57561874	0.24388485	-0.15197134	0.14167982	-0.21104677	0.2165335	-0.17765656	0.17968972	-0.17066488	0.21447366	-0.1812889	0.10068063	-0.11015118	0.21730256
-0.10375666	0.08676794	-0.11042292	0.08475301	-0.17221582	0.11547154	-0.12933858	0.102449365	-0.075509004	0.07745764	-0.12098072	0.11128742	-0.11689959	0.08229582	-0.08621294	0.17755641	-0.23396228	0.27015042	-0.29639608	0.111653656	-0.20926887	0.270834	-0.63760763	0.28805742	-0.098242566	0.21207853	-0.27396724	0.9999995	-0.25485435	0.17792252	-0.14415325	0.19534361	-0.2902244	0.18252379	-0.17676976	0.12894273	-0.14899383	0.15001532	-0.17738639	0.184755	-0.16624697	0.12343482	-0.081865884	0.0865627	-0.2990252
0.059420027	-0.051226266	0.063536905	-0.049714077	0.09954664	-0.0684625	0.06763403	-0.061053004	0.044920437	-0.056052607	0.06722469	-0.060737748	0.06401965	-0.049539786	0.060217153	-0.10455692	0.11521567	-0.14637703	0.14453016	-0.20168272	0.11279675	-0.15467489	0.15118799	-0.19629493	0.16768229	-0.16090283	0.15692887	-0.25485435	0.9999995	-0.55189323	0.108981855	-0.16893359	0.28146213	-0.60543716	0.2973963	-0.10615579	0.12643418	-0.16341342	0.18401834	-0.25256413	0.12565261	-0.1081283	0.072934	-0.08104804	0.22214045
-0.05753031	0.049012817	-0.062481854	0.04864911	-0.099742554	0.062393826	-0.06182558	0.05667717	-0.04283421	0.057498034	-0.061685245	0.0547696	-0.059104472	0.046361003	-0.063900925	0.0919068	-0.10120369	0.12278757	-0.12746605	0.24239442	-0.10097395	0.13208014	-0.12134658	0.1493363	-0.3374523	0.14438441	-0.14682646	0.17792252	-0.55189323	0.9999995	-0.10273398	0.14894907	-0.28091922	0.2928585	-0.53699493	0.09847423	-0.12144552	0.14877188	-0.18848644	0.26054817	-0.12339085	0.10140989	-0.071333714	0.07722386	-0.2770144
0.054714464	-0.04720518	0.055124484	-0.043075513	0.08590244	-0.069903865	0.06668913	-0.04992892	0.036030497	-0.039730597	0.06935919	-0.060277667	0.05237082	-0.03948815	0.042648923	-0.12413062	0.11473957	-0.11605041	0.09872381	-0.062752455	0.15399466	-0.16220853	0.10231258	-0.11385275	0.05164162	-0.4624999	0.23532975	-0.14415325	0.108981855	-0.10273398	0.9999995	-0.36767095	0.18187135	-0.10922707	0.1031718	-0.69506085	0.23260012	-0.16218263	0.1560775	-0.12838261	0.26696578	-0.20353955	0.09882537	-0.107781544	0.15794621
-0.069667764	0.059759267	-0.071380794	0.055654895	-0.111808985	0.08527586	-0.085154615	0.06466189	-0.04687256	0.052076608	-0.08529185	0.076128386	-0.06815727	0.05129074	-0.05616071	0.14073294	-0.14882536	0.15071891	-0.13256504	0.08801484	-0.17014527	0.22014919	-0.1396536	0.15141621	-0.07317397	0.2896	-0.57561874	0.19534361	-0.16893359	0.14894907	-0.36767095	0.99999934	-0.37663957	0.1740278	-0.15565626	0.25282177	-0.39162228	0.22229074	-0.22880071	0.17948355	-0.29314253	0.22745995	-0.12430641	0.1281489	-0.21923284
0.07843214	-0.068166785	0.08259741	-0.06485937	0.12926315	-0.09356067	0.0894072	-0.07846371	0.056709494	-0.06656848	0.09057657	-0.08114057	0.08137606	-0.0627529	0.07057559	-0.1451537	0.15151447	-0.18543696	0.16103579	-0.15285023	0.15674026	-0.21606076	0.17398113	-0.20599426	0.122553706	-0.25444394	0.24388485	-0.2902244	0.28146213	-0.28091922	0.18187135	-0.37663957	0.99999946	-0.5084681	0.25972995	-0.18091962	0.2212279	-0.34675294	0.26951465	-0.309325	0.19880518	-0.18491648	0.11629697	-0.13008235	0.2610336
-0.05236384	0.04499566	-0.0558673	0.04364172	-0.088312626	0.059721492	-0.05849559	0.05164904	-0.037986953	0.046395097	-0.05861393	0.052356526	-0.053992517	0.04160962	-0.050079223	0.090663396	-0.09796749	0.118822195	-0.11479834	0.13295835	-0.099372774	0.1325158	-0.11830411	0.14134577	-0.11659283	0.15005209	-0.15197134	0.18252379	-0.60543716	0.2928585	-0.10922707	0.1740278	-0.5084681	0.9999996	-0.44361207	0.10628384	-0.13545282	0.18663576	-0.24001646	0.24955192	-0.12757233	0.11136448	-0.07711495	0.08472869	-0.2184756
0.05465893	-0.04705339	0.05884424	-0.046049334	0.093512714	-0.061332006	0.059131153	-0.05419842	0.04017	-0.05187191	0.059710402	-0.053073417	0.055977758	-0.04388916	0.05571822	-0.091516666	0.09753351	-0.1203289	0.11303402	-0.19140695	0.098705694	-0.13240257	0.11340332	-0.14048147	0.16054833	-0.15007313	0.14167982	-0.17676976	0.2973963	-0.53699493	0.1031718	-0.15565626	0.25972995	-0.44361207	0.99999946	-0.1019123	0.1244342	-0.16830336	0.2026186	-0.55057836	0.121799104	-0.10635704	0.07400104	-0.0825528	0.26051724
-0.050060045	0.042860437	-0.051105175	0.039828233	-0.080471955	0.060988482	-0.059221357	0.045126736	-0.032774888	0.036601026	-0.060916685	0.052906636	-0.047284875	0.035699088	-0.039461832	0.10166235	-0.09968577	0.10197683	-0.0886356	0.05926308	-0.12764716	0.13752578	-0.09087627	0.10174601	-0.04898592	0.2640554	-0.21104677	0.12894273	-0.10615579	0.09847423	-0.69506085	0.25282177	-0.18091962	0.10628384	-0.1019123	0.9999995	-0.34503603	0.17530313	-0.17728265	0.12618591	-0.4712796	0.24389666	-0.11493988	0.11907468	-0.15633385
0.052461017	-0.045349464	0.05401638	-0.04226879	0.08478452	-0.06423675	0.061219227	-0.049055476	0.035494655	-0.04025313	0.06286833	-0.055304848	0.051097415	-0.03892119	0.04305104	-0.10474883	0.10353576	-0.112554185	0.0967407	-0.07162135	0.120377325	-0.1499614	0.101108626	-0.11535519	0.058666363	-0.24277093	0.2165335	-0.14899383	0.12643418	-0.12144552	0.23260012	-0.39162228	0.2212279	-0.13545282	0.1244342	-0.34503603	0.9999995	-0.43169233	0.25600633	-0.16370314	0.30585456	-0.57633525	0.17433174	-0.18851803	0.17168063
-0.051035907	0.04387794	-0.053612765	0.041879963	-0.08504038	0.059491336	-0.057114802	0.047983408	-0.034983296	0.040853914	-0.058242466	0.051271092	-0.04986677	0.038206607	-0.043877788	0.092553	-0.094836906	0.10788367	-0.09544604	0.082948074	-0.10437542	0.13284987	-0.0990208	0.11511541	-0.0688508	0.18345112	-0.17765656	0.15001532	-0.16341342	0.14877188	-0.16218263	0.22229074	-0.34675294	0.18663576	-0.16830336	0.17530313	-0.43169233	0.99999946	-0.70936334	0.21673715	-0.21931633	0.22441703	-0.17038299	0.1668899	-0.20536236
0.05842259	-0.050544932	0.061480798	-0.048170704	0.09725062	-0.06870566	0.06496236	-0.05594533	0.0406786	-0.048027482	0.06655808	-0.058702007	0.057839938	-0.044603247	0.051204946	-0.10644744	0.10785907	-0.12643681	0.11028236	-0.103845306	0.1169356	-0.15181379	0.114690736	-0.13636886	0.08455727	-0.20956866	0.17968972	-0.17738639	0.18401834	-0.18848644	0.1560775	-0.22880071	0.26951465	-0.24001646	0.2026186	-0.17728265	0.25600633	-0.70936334	0.99999976	-0.35659298	0.19908887	-0.22562632	0.1705816	-0.22089408	0.22983316
-0.066801034	0.056927614	-0.072389215	0.05637328	-0.11729941	0.07182271	-0.068687946	0.061991684	-0.045891594	0.05652726	-0.07005722	0.06122172	-0.06396012	0.049577706	-0.061411347	0.10472737	-0.11019565	0.13156505	-0.12055623	0.13349205	-0.114304855	0.1491203	-0.12114229	0.1453252	-0.11803824	0.17793334	-0.17066488	0.184755	-0.25256413	0.26054817	-0.12838261	0.17948355	-0.309325	0.24955192	-0.55057836	0.12618591	-0.16370314	0.21673715	-0.35659298	0.9999999	-0.15961157	0.1353923	-0.10165139	0.11056669	-0.55116373
0.060087305	-0.05221641	0.061377868	-0.048128784	0.095979616	-0.07516878	0.07018514	-0.05598527	0.040358845	-0.045429602	0.07296762	-0.06374418	0.058134478	-0.044331618	0.0483773	-0.12418443	0.11804861	-0.12833549	0.10829266	-0.07526499	0.1412546	-0.16924657	0.11300132	-0.12971103	0.06128326	-0.31644374	0.21447366	-0.16624697	0.12565261	-0.12339085	0.26696578	-0.29314253	0.19880518	-0.12757233	0.121799104	-0.4712796	0.30585456	-0.21931633	0.19908887	-0.15961157	0.9999999	-0.60477406	0.18631802	-0.21625651	0.17914002
-0.04522098	0.03890932	-0.046754416	0.03651852	-0.07381366	0.05430012	-0.052080058	0.041674078	-0.03026175	0.034406062	-0.053385884	0.046766847	-0.04341766	0.03304109	-0.0369398	0.08727328	-0.087068215	0.09399906	-0.08159355	0.059963938	-0.10148585	0.12294078	-0.08437537	0.096238256	-0.0494262	0.19632512	-0.1812889	0.12343482	-0.1081283	0.10140989	-0.20353955	0.22745995	-0.18491648	0.11136448	-0.10635704	0.24389666	-0.57633525	0.22441703	-0.22562632	0.1353923	-0.60477406	0.99999994	-0.30230856	0.22248624	-0.15533067
0.02923105	-0.025206868	0.030512638	-0.023865294	0.048347242	-0.034581438	0.032830607	-0.027228579	0.019780805	-0.022833237	0.03371484	-0.029555777	0.028219273	-0.021612857	0.024421377	-0.054319248	0.05438154	-0.060966212	0.052732136	-0.041864004	0.061366916	-0.07654635	0.05459653	-0.063504204	0.03422894	-0.11506451	0.10068063	-0.081865884	0.072934	-0.071333714	0.09882537	-0.12430641	0.11629697	-0.07711495	0.07400104	-0.11493988	0.17433174	-0.17038299	0.1705816	-0.10165139	0.18631802	-0.30230856	0.9999999	-0.8964829	0.10959369
-0.031556062	0.027103603	-0.033045184	0.025802705	-0.05256669	0.036798645	-0.035197325	0.029119741	-0.021218043	0.024543235	-0.036043357	0.031550743	-0.030216945	0.023112787	-0.02635285	0.057367686	-0.05802133	0.06459944	-0.056437958	0.045007147	-0.065384015	0.08095778	-0.05809904	0.067352936	-0.037060514	0.118792206	-0.11015118	0.0865627	-0.08104804	0.07722386	-0.107781544	0.1281489	-0.13008235	0.08472869	-0.0825528	0.11907468	-0.18851803	0.1668899	-0.22089408	0.11056669	-0.21625651	0.22248624	-0.8964829	0.9999998	-0.1278913
0.10738051	-0.09299734	0.117352016	-0.09217202	0.19128692	-0.116318874	0.10549364	-0.10084858	0.073314376	-0.08858427	0.10981454	-0.09574153	0.10187804	-0.07984613	0.09288347	-0.16517669	0.16823655	-0.2131142	0.1775208	-0.16724473	0.17043509	-0.23294674	0.185542	-0.22950943	0.13057369	-0.26911843	0.21730256	-0.2990252	0.22214045	-0.2770144	0.15794621	-0.21923284	0.2610336	-0.2184756	0.26051724	-0.15633385	0.17168063	-0.20536236	0.22983316	-0.55116373	0.17914002	-0.15533067	0.10959369	-0.1278913	0.9999998
