1.0000001	-0.32660085	0.19129303	-0.21533827	0.15157768	-0.675976	0.30937377	-0.28808907	0.20459133	-0.14246304	0.22122745	-0.28519946	0.21605535	-0.17636625	0.15185961	-0.24969798	0.2155928	-0.2244188	0.183833	-0.13961414	0.11758547	-0.20512481	0.16871099	-0.17716111	0.12529075	-0.078607425	0.07030467	-0.079295345	0.09880284	-0.1306221	0.11625802	-0.09037141	0.10514236	-0.04179104	0.038653366	-0.021670068	0.043819238	-0.038113505	0.040009946	-0.038986187	0.020783102	-0.031574197	0.031248806	-0.023565331	0.029066173
-0.32660085	1.0000001	-0.684754	0.30391943	-0.26076195	0.19649884	-0.2771715	0.27181852	-0.3279779	0.18955372	-0.1473198	0.19295861	-0.22227706	0.18419625	-0.18053676	0.14349605	-0.18230736	0.17334273	-0.20685975	0.14346603	-0.097490914	0.14485863	-0.14191328	0.15308714	-0.12578581	0.06311199	-0.058457974	0.07168442	-0.09288804	0.11783913	-0.09676499	0.07244746	-0.09991436	0.038430475	-0.035977438	0.01954129	-0.04047005	0.03500765	-0.037009344	0.03541458	-0.018877564	0.02853858	-0.028693117	0.02163939	-0.026853494
0.19129303	-0.684754	0.9999999	-0.54481876	0.20930971	-0.13795745	0.18091184	-0.32927606	0.25988245	-0.16719548	0.1059555	-0.14922194	0.18103985	-0.14938027	0.13692385	-0.10794014	0.13234594	-0.13748623	0.15123296	-0.11176059	0.069427006	-0.11070524	0.105180606	-0.11663216	0.093302675	-0.045485	0.04202196	-0.052189328	0.06761394	-0.088987134	0.06782576	-0.052539404	0.071202874	-0.027783548	0.025925817	-0.013905254	0.02876518	-0.024981279	0.026467491	-0.025460422	0.013413542	-0.020366563	0.020426435	-0.015441041	0.019121675
-0.21533827	0.30391943	-0.54481876	0.99999964	-0.46012354	0.1428799	-0.18654309	0.25372466	-0.50008315	0.2692301	-0.11650829	0.15639973	-0.19528075	0.19133936	-0.19334212	0.11733718	-0.14985959	0.15212694	-0.19791432	0.14801688	-0.083701834	0.12737004	-0.12329486	0.14502765	-0.12135639	0.054747645	-0.051060483	0.06506193	-0.08519117	0.11234539	-0.082356885	0.06349401	-0.089368165	0.034772165	-0.03251725	0.017258277	-0.035869904	0.031143492	-0.033079796	0.03173889	-0.016668886	0.02530866	-0.025454815	0.019256387	-0.02386658
0.15157768	-0.26076195	0.20930971	-0.46012354	0.99999964	-0.11367619	0.13876341	-0.20853446	0.30271178	-0.7274612	0.094557405	-0.13276002	0.15708847	-0.19299105	0.21574725	-0.1008602	0.1225529	-0.13544884	0.17490876	-0.17697729	0.07433338	-0.119062655	0.10872832	-0.15129596	0.12332855	-0.049738653	0.04661404	-0.062500134	0.08227053	-0.1190058	0.07257814	-0.05866447	0.08247674	-0.03313614	0.03081211	-0.015843205	0.032913722	-0.028792636	0.030816242	-0.029854858	0.015271778	-0.023381095	0.023440735	-0.017838854	0.022033589
-0.675976	0.19649884	-0.13795745	0.1428799	-0.11367619	0.99999946	-0.56453896	0.21704026	-0.16120982	0.103279315	-0.27768403	0.2574453	-0.18548091	0.13403979	-0.11645585	0.2071732	-0.19715552	0.16842023	-0.14484294	0.10153152	-0.08079585	0.13714609	-0.12618272	0.12121391	-0.090590164	0.052753557	-0.04765984	0.05494658	-0.06960883	0.089731544	-0.0778936	0.06015778	-0.0743476	0.029023275	-0.026988108	0.014919426	-0.030494157	0.026465742	-0.027824545	0.026880775	-0.014351025	0.021742504	-0.02167064	0.016328521	-0.020188682
0.30937377	-0.2771715	0.18091184	-0.18654309	0.13876341	-0.56453896	0.9999995	-0.38501495	0.20067431	-0.1306724	0.2374832	-0.5041342	0.25313804	-0.17524481	0.14300501	-0.2337853	0.23073733	-0.2199458	0.17496625	-0.1252586	0.09200895	-0.16745661	0.14958407	-0.14597769	0.10812409	-0.06071194	0.054842155	-0.06427376	0.081695706	-0.10721592	0.08737142	-0.06955979	0.086090475	-0.03380409	0.03139999	-0.017143764	0.03512322	-0.030553656	0.032181304	-0.031140616	0.016486084	-0.025051326	0.02496614	-0.018840445	0.02327396
-0.28808907	0.27181852	-0.32927606	0.25372466	-0.20853446	0.21704026	-0.38501495	0.99999934	-0.41413388	0.19298169	-0.18491255	0.26731277	-0.55236673	0.24905823	-0.2088251	0.17654164	-0.2388487	0.24122263	-0.24810453	0.16379815	-0.10097712	0.1696945	-0.17455097	0.16910985	-0.13664202	0.06562844	-0.060467955	0.07464564	-0.09725695	0.12659171	-0.09569193	0.07538776	-0.10177907	0.039498463	-0.036892418	0.019663755	-0.040774494	0.03543592	-0.037505314	0.036020182	-0.018969733	0.028796589	-0.028913336	0.0218402	-0.02703918
0.20459133	-0.3279779	0.25988245	-0.50008315	0.30271178	-0.16120982	0.20067431	-0.41413388	0.9999992	-0.46647447	0.13337646	-0.19363175	0.24177596	-0.31882408	0.23827778	-0.14207578	0.17172666	-0.19394788	0.23385333	-0.19732344	0.09619401	-0.15926124	0.14612606	-0.1860813	0.14701232	-0.064105816	0.05959498	-0.07757968	0.10136648	-0.1421153	0.09320093	-0.07508708	0.10291582	-0.041061107	0.038180105	-0.019906553	0.041250736	-0.03603329	0.03842073	-0.037191477	0.019181555	-0.02931625	0.029360645	-0.022298822	0.027547669
-0.14246304	0.18955372	-0.16719548	0.2692301	-0.7274612	0.103279315	-0.1306724	0.19298169	-0.46647447	0.99999887	-0.08859679	0.12304648	-0.15842779	0.20441207	-0.3287008	0.09237914	-0.11714785	0.12746872	-0.18897378	0.18219243	-0.06870925	0.108272	-0.10273377	0.14206056	-0.12820429	0.045752972	-0.043234706	0.05909284	-0.07916275	0.11252283	-0.066694975	0.054007336	-0.07899824	0.031391203	-0.029314468	0.014882051	-0.031129925	0.027213171	-0.029163495	0.028103353	-0.014369171	0.021972356	-0.022123357	0.016828636	-0.020810435
0.22122745	-0.1473198	0.1059555	-0.11650829	0.094557405	-0.27768403	0.2374832	-0.18491255	0.13337646	-0.08859679	0.9999987	-0.45353848	0.1937441	-0.13211276	0.107462406	-0.75063866	0.27143225	-0.21005447	0.13889866	-0.095331624	0.07525947	-0.14555874	0.1322754	-0.11434108	0.08380775	-0.049189314	0.044043843	-0.050502468	0.06405249	-0.08255875	0.0687911	-0.05571666	0.06778856	-0.02639981	0.024538694	-0.0134307435	0.027553165	-0.023955895	0.025158321	-0.024294559	0.012916154	-0.019603038	0.019550113	-0.014728167	0.018195814
-0.28519946	0.19295861	-0.14922194	0.15639973	-0.13276002	0.2574453	-0.5041342	0.26731277	-0.19363175	0.12304648	-0.45353848	0.9999987	-0.4076469	0.19219218	-0.15633622	0.28601062	-0.41411674	0.25978494	-0.20209704	0.13050252	-0.09363083	0.17187943	-0.17119421	0.14676334	-0.11259768	0.060609955	-0.05499994	0.06491758	-0.08344336	0.10710755	-0.08622419	0.06888868	-0.087992415	0.034086507	-0.03177321	0.017187282	-0.03545917	0.030812185	-0.032451924	0.031223524	-0.016555972	0.025111506	-0.025136966	0.018949373	-0.023438392
0.21605535	-0.22227706	0.18103985	-0.19528075	0.15708847	-0.18548091	0.25313804	-0.55236673	0.24177596	-0.15842779	0.1937441	-0.4076469	0.99999875	-0.40693974	0.20809488	-0.20167357	0.2624159	-0.41576135	0.25521746	-0.17279795	0.09814972	-0.19132733	0.18954815	-0.17506951	0.13443185	-0.064575166	0.058993474	-0.072962895	0.09485217	-0.1268213	0.08997703	-0.07417687	0.097299494	-0.038140967	0.035509855	-0.01872205	0.038808797	-0.0338502	0.03583965	-0.03455558	0.018036291	-0.027476845	0.027532669	-0.020824512	0.02573058
-0.17636625	0.18419625	-0.14938027	0.19133936	-0.19299105	0.13403979	-0.17524481	0.24905823	-0.31882408	0.20441207	-0.13211276	0.19219218	-0.40693974	0.9999985	-0.50591236	0.1352299	-0.18626064	0.21875931	-0.5723909	0.27620444	-0.09326267	0.15579847	-0.15712209	0.20855431	-0.18884628	0.06202249	-0.05890241	0.08235701	-0.112458095	0.15704222	-0.087848395	0.07328796	-0.110187255	0.04346658	-0.04067687	0.020247893	-0.04266927	0.03735934	-0.040080935	0.03848304	-0.019569201	0.029946746	-0.030258715	0.023018468	-0.028464783
0.15185961	-0.18053676	0.13692385	-0.19334212	0.21574725	-0.11645585	0.14300501	-0.2088251	0.23827778	-0.3287008	0.107462406	-0.15633622	0.20809488	-0.50591236	0.99999857	-0.11578937	0.14759436	-0.17686228	0.30984423	-0.5984466	0.0926513	-0.150019	0.14061797	-0.2516565	0.23833331	-0.06303536	0.060930718	-0.09283535	0.12813161	-0.20863889	0.08848674	-0.07615683	0.119030036	-0.04877139	0.045427743	-0.02161996	0.04568842	-0.04030078	0.043749228	-0.042365078	0.020878999	-0.03219359	0.03251393	-0.024922237	0.030737344
-0.24969798	0.14349605	-0.10794014	0.11733718	-0.1008602	0.2071732	-0.2337853	0.17654164	-0.14207578	0.09237914	-0.75063866	0.28601062	-0.20167357	0.1352299	-0.11578937	0.9999986	-0.44772297	0.22149041	-0.15477303	0.10066347	-0.081984945	0.15004738	-0.14987499	0.11984444	-0.09008626	0.052451123	-0.047158275	0.054001033	-0.068846725	0.08688019	-0.07406743	0.05898297	-0.07343045	0.028297275	-0.0263722	0.014441212	-0.029717565	0.025789104	-0.027069535	0.026031572	-0.013905234	0.021051483	-0.021053093	0.015841741	-0.01959679
0.2155928	-0.18230736	0.13234594	-0.14985959	0.1225529	-0.19715552	0.23073733	-0.2388487	0.17172666	-0.11714785	0.27143225	-0.41411674	0.2624159	-0.18626064	0.14759436	-0.44772297	0.99999845	-0.59244406	0.20178881	-0.13687609	0.112626135	-0.27282318	0.23538406	-0.17188269	0.120392144	-0.07380519	0.06537981	-0.07354234	0.092900746	-0.118880704	0.09768847	-0.08285373	0.09764533	-0.037910283	0.035196766	-0.019188365	0.039427366	-0.034334194	0.035955638	-0.034723733	0.01844039	-0.028018143	0.0279315	-0.021022115	0.025945216
-0.2244188	0.17334273	-0.13748623	0.15212694	-0.13544884	0.16842023	-0.2199458	0.24122263	-0.19394788	0.12746872	-0.21005447	0.25978494	-0.41576135	0.21875931	-0.17686228	0.22149041	-0.59244406	0.9999986	-0.29412538	0.15825124	-0.12074295	0.26320896	-0.42103326	0.19009492	-0.1390961	0.07680807	-0.06921	0.080716565	-0.10406684	0.12920535	-0.10309173	0.08597714	-0.108601846	0.041514616	-0.03872515	0.02075101	-0.043036073	0.03744765	-0.0393064	0.037692577	-0.019991906	0.030318052	-0.030413289	0.022883264	-0.028289974
0.183833	-0.20685975	0.15123296	-0.19791432	0.17490876	-0.14484294	0.17496625	-0.24810453	0.23385333	-0.18897378	0.13889866	-0.20209704	0.25521746	-0.5723909	0.30984423	-0.15477303	0.20178881	-0.29412538	0.99999845	-0.45624223	0.117055915	-0.2038495	0.19145085	-0.34480807	0.24565211	-0.0794388	0.07584509	-0.111721165	0.15280098	-0.22835527	0.11010197	-0.09517094	0.14328958	-0.058292106	0.054143116	-0.026265185	0.05530599	-0.04873745	0.052639507	-0.05096356	0.025344232	-0.03904296	0.039346885	-0.030091865	0.037104808
-0.13961414	0.14346603	-0.11176059	0.14801688	-0.17697729	0.10153152	-0.1252586	0.16379815	-0.19732344	0.18219243	-0.095331624	0.13050252	-0.17279795	0.27620444	-0.5984466	0.10066347	-0.13687609	0.15825124	-0.45624223	0.99999803	-0.09234491	0.13779919	-0.13738716	0.2584042	-0.48657295	0.062763706	-0.06257398	0.10133161	-0.14925446	0.22623107	-0.088249005	0.076824114	-0.13544157	0.05377699	-0.050840065	0.023274554	-0.0501199	0.044148427	-0.04813314	0.04592072	-0.022575952	0.03472634	-0.03547834	0.02716376	-0.03360263
0.11758547	-0.097490914	0.069427006	-0.083701834	0.07433338	-0.08079585	0.09200895	-0.10097712	0.09619401	-0.06870925	0.07525947	-0.09363083	0.09814972	-0.09326267	0.0926513	-0.081984945	0.112626135	-0.12074295	0.117055915	-0.09234491	0.99999815	-0.30063638	0.1795539	-0.17210686	0.109436445	-0.6254023	0.28177404	-0.13249426	0.12581572	-0.13994272	0.29994544	-0.3947865	0.16345781	-0.058374498	0.052703872	-0.039175216	0.07447659	-0.064080626	0.058900982	-0.058116104	0.0365043	-0.054275088	0.051169425	-0.036402054	0.044084076
-0.20512481	0.14485863	-0.11070524	0.12737004	-0.119062655	0.13714609	-0.16745661	0.1696945	-0.15926124	0.108272	-0.14555874	0.17187943	-0.19132733	0.15579847	-0.150019	0.15004738	-0.27282318	0.26320896	-0.2038495	0.13779919	-0.30063638	0.9999983	-0.7445045	0.2211854	-0.15512748	0.15139782	-0.13245986	0.11321897	-0.1395173	0.14888205	-0.17494568	0.15043423	-0.15757932	0.056474887	-0.05283845	0.030454343	-0.06267161	0.054023188	-0.054996077	0.052175008	-0.029279942	0.04370592	-0.043766264	0.03237078	-0.040040363
0.16871099	-0.14191328	0.105180606	-0.12329486	0.10872832	-0.12618272	0.14958407	-0.17455097	0.14612606	-0.10273377	0.1322754	-0.17119421	0.18954815	-0.15712209	0.14061797	-0.14987499	0.23538406	-0.42103326	0.19145085	-0.13738716	0.1795539	-0.7445045	0.99999833	-0.28686363	0.15144096	-0.11773574	0.100439414	-0.1061873	0.1299464	-0.14717612	0.13426043	-0.12693836	0.13615356	-0.051046405	0.047304023	-0.026007388	0.053676855	-0.046825867	0.0482444	-0.04630972	0.024958143	-0.037850946	0.037747566	-0.028188199	0.034729067
-0.17716111	0.15308714	-0.11663216	0.14502765	-0.15129596	0.12121391	-0.14597769	0.16910985	-0.1860813	0.14206056	-0.11434108	0.14676334	-0.17506951	0.20855431	-0.2516565	0.11984444	-0.17188269	0.19009492	-0.34480807	0.2584042	-0.17210686	0.2211854	-0.28686363	0.99999803	-0.52047575	0.11592507	-0.1230131	0.22051445	-0.39462996	0.31425425	-0.16037852	0.14514989	-0.31880006	0.11501114	-0.11006667	0.04901935	-0.10944598	0.09598179	-0.1038361	0.095444754	-0.047957923	0.073213845	-0.07643408	0.05792399	-0.0720753
0.12529075	-0.12578581	0.093302675	-0.12135639	0.12332855	-0.090590164	0.10812409	-0.13664202	0.14701232	-0.12820429	0.08380775	-0.11259768	0.13443185	-0.18884628	0.23833331	-0.09008626	0.120392144	-0.1390961	0.24565211	-0.48657295	0.109436445	-0.15512748	0.15144096	-0.52047575	0.9999978	-0.077025	0.08013966	-0.15522407	0.23550318	-0.5537591	0.10442562	-0.09800377	0.18953872	-0.080264755	0.075231954	-0.031246254	0.06802586	-0.060745217	0.067568846	-0.065194584	0.030303938	-0.04712485	0.048305962	-0.03743614	0.046108555
-0.078607425	0.06311199	-0.045485	0.054747645	-0.049738653	0.052753557	-0.06071194	0.06562844	-0.064105816	0.045752972	-0.049189314	0.060609955	-0.064575166	0.06202249	-0.06303536	0.052451123	-0.07380519	0.07680807	-0.0794388	0.062763706	-0.6254023	0.15139782	-0.11773574	0.11592507	-0.077025	0.9999976	-0.5517913	0.11515123	-0.10273022	0.100546084	-0.40020633	0.3113217	-0.14088513	0.045281444	-0.040959388	0.032486685	-0.060120594	0.051167846	-0.045754854	0.04441206	-0.030258572	0.042529162	-0.04059214	0.028274707	-0.034233622
0.07030467	-0.058457974	0.04202196	-0.051060483	0.04661404	-0.04765984	0.054842155	-0.060467955	0.05959498	-0.043234706	0.044043843	-0.05499994	0.058993474	-0.05890241	0.060930718	-0.047158275	0.06537981	-0.06921	0.07584509	-0.06257398	0.28177404	-0.13245986	0.100439414	-0.1230131	0.08013966	-0.5517913	0.9999975	-0.17644256	0.12186312	-0.11487548	0.23760022	-0.71628475	0.17403872	-0.05218563	0.04630055	-0.034533855	0.07045491	-0.061043706	0.051236633	-0.05005726	0.031925093	-0.04814111	0.045604635	-0.031483762	0.03761654
-0.079295345	0.07168442	-0.052189328	0.06506193	-0.062500134	0.05494658	-0.06427376	0.07464564	-0.07757968	0.05909284	-0.050502468	0.06491758	-0.072962895	0.08235701	-0.09283535	0.054001033	-0.07354234	0.080716565	-0.111721165	0.10133161	-0.13249426	0.11321897	-0.1061873	0.22051445	-0.15522407	0.11515123	-0.17644256	0.99999744	-0.58638823	0.24973835	-0.12447068	0.17111371	-0.67985594	0.12499159	-0.110092506	0.05046518	-0.11966218	0.116614275	-0.10268258	0.09538626	-0.048861086	0.076959856	-0.08211762	0.05747309	-0.06860827
0.09880284	-0.09288804	0.06761394	-0.08519117	0.08227053	-0.06960883	0.081695706	-0.09725695	0.10136648	-0.07916275	0.06405249	-0.08344336	0.09485217	-0.112458095	0.12813161	-0.068846725	0.092900746	-0.10406684	0.15280098	-0.14925446	0.12581572	-0.1395173	0.1299464	-0.39462996	0.23550318	-0.10273022	0.12186312	-0.58638823	0.99999726	-0.52844495	0.121178746	-0.14527942	0.3098754	-0.18633823	0.13958812	-0.04631592	0.1008504	-0.09694488	0.113047615	-0.110334225	0.044410914	-0.072012596	0.07322254	-0.05904401	0.07094984
-0.1306221	0.11783913	-0.088987134	0.11234539	-0.1190058	0.089731544	-0.10721592	0.12659171	-0.1421153	0.11252283	-0.08255875	0.10710755	-0.1268213	0.15704222	-0.20863889	0.08688019	-0.118880704	0.12920535	-0.22835527	0.22623107	-0.13994272	0.14888205	-0.14717612	0.31425425	-0.5537591	0.100546084	-0.11487548	0.24973835	-0.52844495	0.99999726	-0.13592629	0.13406451	-0.34649298	0.13591792	-0.136565	0.049440503	-0.11248393	0.10018088	-0.11303826	0.10496034	-0.04841878	0.0747653	-0.078828834	0.060852677	-0.07543556
0.11625802	-0.09676499	0.06782576	-0.082356885	0.07257814	-0.0778936	0.08737142	-0.09569193	0.09320093	-0.066694975	0.0687911	-0.08622419	0.08997703	-0.087848395	0.08848674	-0.07406743	0.09768847	-0.10309173	0.11010197	-0.088249005	0.29994544	-0.17494568	0.13426043	-0.16037852	0.10442562	-0.40020633	0.23760022	-0.12447068	0.121178746	-0.13592629	0.999997	-0.35989308	0.16032673	-0.06043555	0.05455094	-0.0565218	0.08310975	-0.07014623	0.0637151	-0.063124955	0.05029484	-0.06438535	0.05915975	-0.040928353	0.049647924
-0.09037141	0.07244746	-0.052539404	0.06349401	-0.05866447	0.06015778	-0.06955979	0.07538776	-0.07508708	0.054007336	-0.05571666	0.06888868	-0.07417687	0.07328796	-0.07615683	0.05898297	-0.08285373	0.08597714	-0.09517094	0.076824114	-0.3947865	0.15043423	-0.12693836	0.14514989	-0.09800377	0.3113217	-0.71628475	0.17111371	-0.14527942	0.13406451	-0.35989308	0.9999968	-0.25128305	0.06624477	-0.059708584	0.04771887	-0.10299214	0.08367412	-0.06836704	0.065359235	-0.0445368	0.06519859	-0.06274261	0.04232433	-0.050812036
0.10514236	-0.09991436	0.071202874	-0.089368165	0.08247674	-0.0743476	0.086090475	-0.10177907	0.10291582	-0.07899824	0.06778856	-0.087992415	0.097299494	-0.110187255	0.119030036	-0.07343045	0.09764533	-0.108601846	0.14328958	-0.13544157	0.16345781	-0.15757932	0.13615356	-0.31880006	0.18953872	-0.14088513	0.17403872	-0.67985594	0.3098754	-0.34649298	0.16032673	-0.25128305	0.99999666	-0.15709452	0.125521	-0.07322188	0.16158518	-0.19829398	0.13223213	-0.13255356	0.06877175	-0.115689255	0.1159012	-0.07962403	0.09138311
-0.04179104	0.038430475	-0.027783548	0.034772165	-0.03313614	0.029023275	-0.03380409	0.039498463	-0.041061107	0.031391203	-0.02639981	0.034086507	-0.038140967	0.04346658	-0.04877139	0.028297275	-0.037910283	0.041514616	-0.058292106	0.05377699	-0.058374498	0.056474887	-0.051046405	0.11501114	-0.080264755	0.045281444	-0.05218563	0.12499159	-0.18633823	0.13591792	-0.06043555	0.06624477	-0.15709452	0.99999696	-0.81767744	0.057396792	-0.13142052	0.1265016	-0.38190246	0.2885259	-0.055814836	0.096436724	-0.10716541	0.1250316	-0.15389676
0.038653366	-0.035977438	0.025925817	-0.03251725	0.03081211	-0.026988108	0.03139999	-0.036892418	0.038180105	-0.029314468	0.024538694	-0.03177321	0.035509855	-0.04067687	0.045427743	-0.0263722	0.035196766	-0.03872515	0.054143116	-0.050840065	0.052703872	-0.05283845	0.047304023	-0.11006667	0.075231954	-0.040959388	0.04630055	-0.110092506	0.13958812	-0.136565	0.05455094	-0.059708584	0.125521	-0.81767744	0.99999714	-0.04940752	0.107009746	-0.10685278	0.26653302	-0.4470705	0.047304533	-0.08440824	0.08946431	-0.10737891	0.12546542
-0.021670068	0.01954129	-0.013905254	0.017258277	-0.015843205	0.014919426	-0.017143764	0.019663755	-0.019906553	0.014882051	-0.0134307435	0.017187282	-0.01872205	0.020247893	-0.02161996	0.014441212	-0.019188365	0.02075101	-0.026265185	0.023274554	-0.039175216	0.030454343	-0.026007388	0.04901935	-0.031246254	0.032486685	-0.034533855	0.05046518	-0.04631592	0.049440503	-0.0565218	0.04771887	-0.07322188	0.057396792	-0.04940752	0.9999972	-0.32264584	0.18104048	-0.09742925	0.089376025	-0.8716215	0.24314258	-0.21376498	0.0913774	-0.109457515
0.043819238	-0.04047005	0.02876518	-0.035869904	0.032913722	-0.030494157	0.03512322	-0.040774494	0.041250736	-0.031129925	0.027553165	-0.03545917	0.038808797	-0.04266927	0.04568842	-0.029717565	0.039427366	-0.043036073	0.05530599	-0.0501199	0.07447659	-0.06267161	0.053676855	-0.10944598	0.06802586	-0.060120594	0.07045491	-0.11966218	0.1008504	-0.11248393	0.08310975	-0.10299214	0.16158518	-0.13142052	0.107009746	-0.32264584	0.9999973	-0.7198632	0.20390555	-0.21118109	0.21947426	-0.39434287	0.28544784	-0.15230224	0.15566485
-0.038113505	0.03500765	-0.024981279	0.031143492	-0.028792636	0.026465742	-0.030553656	0.03543592	-0.03603329	0.027213171	-0.023955895	0.030812185	-0.0338502	0.03735934	-0.04030078	0.025789104	-0.034334194	0.03744765	-0.04873745	0.044148427	-0.064080626	0.054023188	-0.046825867	0.09598179	-0.060745217	0.051167846	-0.061043706	0.116614275	-0.09694488	0.10018088	-0.07014623	0.08367412	-0.19829398	0.1265016	-0.10685278	0.18104048	-0.7198632	0.9999972	-0.28547972	0.19640592	-0.17776217	0.2810394	-0.45589593	0.16943097	-0.18036795
0.040009946	-0.037009344	0.026467491	-0.033079796	0.030816242	-0.027824545	0.032181304	-0.037505314	0.03842073	-0.029163495	0.025158321	-0.032451924	0.03583965	-0.040080935	0.043749228	-0.027069535	0.035955638	-0.0393064	0.052639507	-0.04813314	0.058900982	-0.054996077	0.0482444	-0.1038361	0.067568846	-0.045754854	0.051236633	-0.10268258	0.113047615	-0.11303826	0.0637151	-0.06836704	0.13223213	-0.38190246	0.26653302	-0.09742925	0.20390555	-0.28547972	0.99999726	-0.71497	0.09036908	-0.17795603	0.18801619	-0.32112107	0.24846041
-0.038986187	0.03541458	-0.025460422	0.03173889	-0.029854858	0.026880775	-0.031140616	0.036020182	-0.037191477	0.028103353	-0.024294559	0.031223524	-0.03455558	0.03848304	-0.042365078	0.026031572	-0.034723733	0.037692577	-0.05096356	0.04592072	-0.058116104	0.052175008	-0.04630972	0.095444754	-0.065194584	0.04441206	-0.05005726	0.09538626	-0.110334225	0.10496034	-0.063124955	0.065359235	-0.13255356	0.2885259	-0.4470705	0.089376025	-0.21118109	0.19640592	-0.71497	0.99999774	-0.087999225	0.1520705	-0.1761795	0.22143401	-0.30094126
0.020783102	-0.018877564	0.013413542	-0.016668886	0.015271778	-0.014351025	0.016486084	-0.018969733	0.019181555	-0.014369171	0.012916154	-0.016555972	0.018036291	-0.019569201	0.020878999	-0.013905234	0.01844039	-0.019991906	0.025344232	-0.022575952	0.0365043	-0.029279942	0.024958143	-0.047957923	0.030303938	-0.030258572	0.031925093	-0.048861086	0.044410914	-0.04841878	0.05029484	-0.0445368	0.06877175	-0.055814836	0.047304533	-0.8716215	0.21947426	-0.17776217	0.09036908	-0.087999225	0.9999974	-0.35796666	0.19243032	-0.08529438	0.09640357
-0.031574197	0.02853858	-0.020366563	0.02530866	-0.023381095	0.021742504	-0.025051326	0.028796589	-0.02931625	0.021972356	-0.019603038	0.025111506	-0.027476845	0.029946746	-0.03219359	0.021051483	-0.028018143	0.030318052	-0.03904296	0.03472634	-0.054275088	0.04370592	-0.037850946	0.073213845	-0.04712485	0.042529162	-0.04814111	0.076959856	-0.072012596	0.0747653	-0.06438535	0.06519859	-0.115689255	0.096436724	-0.08440824	0.24314258	-0.39434287	0.2810394	-0.17795603	0.1520705	-0.35796666	0.9999975	-0.708245	0.20555766	-0.2517602
0.031248806	-0.028693117	0.020426435	-0.025454815	0.023440735	-0.02167064	0.02496614	-0.028913336	0.029360645	-0.022123357	0.019550113	-0.025136966	0.027532669	-0.030258715	0.03251393	-0.021053093	0.0279315	-0.030413289	0.039346885	-0.03547834	0.051169425	-0.043766264	0.037747566	-0.07643408	0.048305962	-0.04059214	0.045604635	-0.08211762	0.07322254	-0.078828834	0.05915975	-0.06274261	0.1159012	-0.10716541	0.08946431	-0.21376498	0.28544784	-0.45589593	0.18801619	-0.1761795	0.19243032	-0.708245	0.9999977	-0.31211928	0.23058704
-0.023565331	0.02163939	-0.015441041	0.019256387	-0.017838854	0.016328521	-0.018840445	0.0218402	-0.022298822	0.016828636	-0.014728167	0.018949373	-0.020824512	0.023018468	-0.024922237	0.015841741	-0.021022115	0.022883264	-0.030091865	0.02716376	-0.036402054	0.03237078	-0.028188199	0.05792399	-0.03743614	0.028274707	-0.031483762	0.05747309	-0.05904401	0.060852677	-0.040928353	0.04232433	-0.07962403	0.1250316	-0.10737891	0.0913774	-0.15230224	0.16943097	-0.32112107	0.22143401	-0.08529438	0.20555766	-0.31211928	0.9999974	-0.84174466
0.029066173	-0.026853494	0.019121675	-0.02386658	0.022033589	-0.020188682	0.02327396	-0.02703918	0.027547669	-0.020810435	0.018195814	-0.023438392	0.02573058	-0.028464783	0.030737344	-0.01959679	0.025945216	-0.028289974	0.037104808	-0.03360263	0.044084076	-0.040040363	0.034729067	-0.0720753	0.046108555	-0.034233622	0.03761654	-0.06860827	0.07094984	-0.07543556	0.049647924	-0.050812036	0.09138311	-0.15389676	0.12546542	-0.109457515	0.15566485	-0.18036795	0.24846041	-0.30094126	0.09640357	-0.2517602	0.23058704	-0.84174466	0.9999974
