1.0	-0.6072545	0.2723347	-0.10102942	0.09182007	-0.6100325	0.31992403	-0.2895855	0.12086207	-0.107764825	0.1691217	-0.18323565	0.15178959	-0.09557009	0.061813697	-0.14327669	0.14478011	-0.12812042	0.048551317	-0.056059513	0.10426028	-0.09165776	0.11000566	-0.086262785	0.074256934	-0.078413285	0.07830481	-0.08174847	0.06625142	-0.08536163	0.038067225	-0.045092307	0.054015744	-0.056383193	0.075512916	-0.03046523	0.03146022	-0.050718356	0.040746033	-0.0395144	0.03852888	-0.031788763	0.0679551	-0.033087935	0.03564146
-0.6072545	1.0000001	-0.48283106	0.08654503	-0.076923944	0.30665404	-0.5257445	0.27315563	-0.107689455	0.086820655	-0.12722236	0.16319315	-0.13852826	0.07735924	-0.050432142	0.10410275	-0.12445191	0.1057075	-0.037260182	0.042642295	-0.08052147	0.07065451	-0.08740087	0.065955006	-0.05691929	0.059263162	-0.06031591	0.061491705	-0.050191693	0.06408868	-0.028722357	0.033921126	-0.0406486	0.042332575	-0.05687941	0.02290771	-0.023654692	0.038023267	-0.030595575	0.029635044	-0.028987778	0.023870662	-0.051020432	0.024818636	-0.02675295
0.2723347	-0.48283106	1.0000006	-0.1684943	0.13175409	-0.29822665	0.29321072	-0.6791985	0.19308579	-0.15616812	0.14360596	-0.19339928	0.18263467	-0.13447368	0.08605039	-0.124542765	0.14794415	-0.14387722	0.053450495	-0.061568797	0.10422622	-0.093447536	0.117434055	-0.091702	0.07908621	-0.0788704	0.08047155	-0.086310886	0.070194945	-0.090198204	0.039563283	-0.046885293	0.057188913	-0.059660923	0.08029429	-0.031845957	0.03304779	-0.05364007	0.04320657	-0.041868992	0.04049504	-0.03342089	0.07222065	-0.035093315	0.03785063
-0.10102942	0.08654503	-0.1684943	1.0000007	-0.5617976	0.09246752	-0.11111977	0.18132149	-0.7207248	0.25382194	-0.06672189	0.08056718	-0.08928414	0.18543662	-0.13302681	0.055414636	-0.07167545	0.06718929	-0.035769783	0.04028027	-0.054923985	0.047509857	-0.06268537	0.048731927	-0.044086464	0.04019895	-0.043072343	0.045127857	-0.038013145	0.04744273	-0.021383284	0.025101354	-0.031515323	0.032524254	-0.04537601	0.017316282	-0.018169181	0.029385995	-0.02407108	0.023163803	-0.022410206	0.018356794	-0.040995546	0.019605324	-0.021320283
0.09182007	-0.076923944	0.13175409	-0.5617976	1.0000007	-0.09241506	0.09996305	-0.15471214	0.30399674	-0.60994786	0.073765926	-0.08942017	0.099878065	-0.35738105	0.23941267	-0.06233944	0.080135636	-0.07835303	0.051565565	-0.058522563	0.064782456	-0.056575093	0.07532538	-0.06171609	0.05620491	-0.04829637	0.052044176	-0.05709753	0.048303023	-0.060383208	0.026801556	-0.031525824	0.040349785	-0.041662574	0.05850807	-0.021917058	0.023133006	-0.037704315	0.030988198	-0.029805094	0.0285583	-0.023416905	0.05302268	-0.025279945	0.027534971
-0.6100325	0.30665404	-0.29822665	0.09246752	-0.09241506	1.0000007	-0.5486312	0.24679492	-0.12088561	0.09898814	-0.298723	0.21723248	-0.1889976	0.09069385	-0.060278814	0.1861602	-0.19624202	0.15059248	-0.053326447	0.060322538	-0.13269712	0.11024679	-0.13274075	0.09640738	-0.084317826	0.09268664	-0.09473378	0.0891276	-0.07357557	0.09262214	-0.043312088	0.050773542	-0.05953379	0.06168546	-0.08337271	0.034121267	-0.035056796	0.05544319	-0.04471203	0.043213144	-0.04304001	0.035258453	-0.0746868	0.03624189	-0.039107855
0.31992403	-0.5257445	0.29321072	-0.11111977	0.09996305	-0.5486312	1.0000007	-0.3900275	0.13739994	-0.114696	0.18857996	-0.32647204	0.20460287	-0.10424106	0.06773312	-0.16030765	0.18758926	-0.16020611	0.05292184	-0.06080502	0.115985885	-0.10312796	0.12596193	-0.095359005	0.08124358	-0.08608774	0.08647206	-0.088536605	0.07181224	-0.0921874	0.041053426	-0.048581246	0.057815112	-0.060345914	0.080452114	-0.032681752	0.033654872	-0.054113027	0.04338596	-0.04208238	0.041179307	-0.033963066	0.07201221	-0.035159998	0.03783146
-0.2895855	0.27315563	-0.6791985	0.18132149	-0.15471214	0.24679492	-0.3900275	1.0000007	-0.31944352	0.15429354	-0.1538768	0.20645264	-0.26468566	0.13514367	-0.090026475	0.12697205	-0.17119102	0.16025184	-0.054489046	0.06142371	-0.11156718	0.09836087	-0.12977871	0.09339455	-0.081687495	0.08079401	-0.08511024	0.08536486	-0.07071392	0.08889029	-0.039966963	0.046987165	-0.057050794	0.059130214	-0.08041609	0.0318713	-0.033039197	0.053069245	-0.042950366	0.041483887	-0.040568713	0.03330184	-0.07193382	0.03482318	-0.037642825
0.12086207	-0.107689455	0.19308579	-0.7207248	0.30399674	-0.12088561	0.13739994	-0.31944352	1.0000006	-0.36190748	0.08582031	-0.108419284	0.11900896	-0.2897927	0.17822096	-0.07268076	0.093127616	-0.09091032	0.04898686	-0.0557908	0.07111642	-0.06246157	0.082205124	-0.065422334	0.058707118	-0.0528929	0.05628288	-0.060685255	0.050829582	-0.06388408	0.02837219	-0.033411533	0.042112608	-0.043574173	0.0605195	-0.023059804	0.024212133	-0.039353028	0.032173492	-0.030998703	0.029833721	-0.024491115	0.054702476	-0.026208876	0.028474836
-0.107764825	0.086820655	-0.15616812	0.25382194	-0.60994786	0.09898814	-0.114696	0.15429354	-0.36190748	1.0000002	-0.08238359	0.09422704	-0.109540485	0.3118838	-0.5289727	0.06760335	-0.088744394	0.082755	-0.062163863	0.06726237	-0.07194454	0.06149841	-0.083408386	0.06651129	-0.061997604	0.052081935	-0.057425145	0.059795562	-0.05183761	0.06336844	-0.028852653	0.03366014	-0.043257564	0.04433461	-0.063399866	0.023480408	-0.02483334	0.040136576	-0.033260956	0.03185634	-0.030756455	0.025074774	-0.05727984	0.027121492	-0.02965464
0.1691217	-0.12722236	0.14360596	-0.06672189	0.073765926	-0.298723	0.18857996	-0.1538768	0.08582031	-0.08238359	1.0	-0.31873012	0.20392217	-0.08066996	0.053697668	-0.75213456	0.27731538	-0.21849787	0.06935106	-0.08091812	0.21771269	-0.18508703	0.17589414	-0.13691355	0.1104745	-0.15968229	0.13866533	-0.1252524	0.09888908	-0.12958568	0.062081218	-0.07350148	0.07834465	-0.0822307	0.105452806	-0.047718566	0.047569428	-0.0735583	0.05780734	-0.05638804	0.05784957	-0.04774844	0.093861476	-0.046651572	0.049691238
-0.18323565	0.16319315	-0.19339928	0.08056718	-0.08942017	0.21723248	-0.32647204	0.20645264	-0.108419284	0.09422704	-0.31873012	1.0000004	-0.59034896	0.10158831	-0.06986671	0.2389846	-0.5261312	0.29900467	-0.066797346	0.07494404	-0.16832909	0.15301137	-0.19856218	0.12919258	-0.10678062	0.11572202	-0.12000773	0.11111702	-0.09086729	0.11430109	-0.051312786	0.060278587	-0.0697524	0.07258915	-0.09543519	0.03989079	-0.04061644	0.06436922	-0.051278308	0.049726233	-0.049565557	0.040742446	-0.08371918	0.041239712	-0.04421447
0.15178959	-0.13852826	0.18263467	-0.08928414	0.099878065	-0.1889976	0.20460287	-0.26468566	0.11900896	-0.109540485	0.20392217	-0.59034896	1.0000004	-0.13695866	0.086417906	-0.19565833	0.30785924	-0.5771426	0.0775035	-0.08899126	0.15808143	-0.16389315	0.22486167	-0.15801251	0.12048145	-0.118467025	0.12075089	-0.13157341	0.10417009	-0.13480078	0.054485366	-0.0649018	0.07828305	-0.08231479	0.105915986	-0.04307535	0.044145923	-0.07237224	0.057169423	-0.055704217	0.053538173	-0.044494715	0.09211487	-0.04585148	0.04895794
-0.09557009	0.07735924	-0.13447368	0.18543662	-0.35738105	0.09069385	-0.10424106	0.13514367	-0.2897927	0.3118838	-0.08066996	0.10158831	-0.13695866	1.0000004	-0.77679586	0.067238756	-0.09159509	0.09173332	-0.07432788	0.07834602	-0.070588864	0.061608363	-0.08525953	0.06865831	-0.06274651	0.051005863	-0.056088444	0.05881225	-0.051081605	0.06266309	-0.02765319	0.032330673	-0.041439787	0.042639915	-0.06026398	0.022413196	-0.023627978	0.038338013	-0.031603415	0.03032659	-0.029175116	0.023844736	-0.05386549	0.025679613	-0.02799926
0.061813697	-0.050432142	0.08605039	-0.13302681	0.23941267	-0.060278814	0.06773312	-0.090026475	0.17822096	-0.5289727	0.053697668	-0.06986671	0.086417906	-0.77679586	1.0000004	-0.045409396	0.06119413	-0.063457765	0.06301718	-0.07306236	0.047666524	-0.04217591	0.058338594	-0.050091483	0.045101568	-0.034739513	0.037999783	-0.04117567	0.03587401	-0.044322982	0.018874811	-0.022143932	0.028565582	-0.029525913	0.04141097	-0.015327701	0.016158275	-0.026420139	0.021706752	-0.02086643	0.019904608	-0.016319307	0.036749147	-0.017603202	0.019157475
-0.14327669	0.10410275	-0.124542765	0.055414636	-0.06233944	0.1861602	-0.16030765	0.12697205	-0.07268076	0.06760335	-0.75213456	0.2389846	-0.19565833	0.067238756	-0.045409396	1.0000006	-0.42093387	0.2057995	-0.06044141	0.06853752	-0.31182656	0.18719289	-0.17785932	0.1200069	-0.09895394	0.15299271	-0.14147057	0.105821505	-0.08576002	0.1085796	-0.056679636	0.06568181	-0.06727044	0.069785126	-0.09048354	0.042321883	-0.041833203	0.062427282	-0.049272127	0.047824938	-0.05111381	0.041640405	-0.0802399	0.039675713	-0.04234937
0.14478011	-0.12445191	0.14794415	-0.07167545	0.080135636	-0.19624202	0.18758926	-0.17119102	0.093127616	-0.088744394	0.27731538	-0.5261312	0.30785924	-0.09159509	0.06119413	-0.42093387	1.0000005	-0.52750295	0.07896746	-0.090855315	0.20289356	-0.21553764	0.23603582	-0.16453192	0.12633105	-0.14657594	0.14373474	-0.13900633	0.109854735	-0.14203018	0.061514348	-0.072964564	0.083151355	-0.08728205	0.111670405	-0.0477442	0.0482476	-0.07700404	0.06059227	-0.059057355	0.05852924	-0.048462655	0.097475246	-0.04861034	0.051802874
-0.12812042	0.1057075	-0.14387722	0.06718929	-0.07835303	0.15059248	-0.16020611	0.16025184	-0.09091032	0.082755	-0.21849787	0.29900467	-0.5771426	0.09173332	-0.063457765	0.2057995	-0.52750295	1.0000006	-0.083679974	0.090568915	-0.19054912	0.19726141	-0.42751196	0.17781727	-0.13950747	0.12925486	-0.14203578	0.13690668	-0.113159016	0.13732164	-0.057050273	0.06716939	-0.080861405	0.08381821	-0.108911775	0.04423433	-0.045169014	0.0730128	-0.057960883	0.05615791	-0.05481677	0.04522668	-0.09298277	0.04617995	-0.049414106
0.048551317	-0.037260182	0.053450495	-0.035769783	0.051565565	-0.053326447	0.05292184	-0.054489046	0.04898686	-0.062163863	0.06935106	-0.066797346	0.0775035	-0.07432788	0.06301718	-0.06044141	0.07896746	-0.083679974	1.0000007	-0.9127596	0.087359786	-0.08539345	0.13978407	-0.29280528	0.17933743	-0.06366496	0.07270864	-0.1045974	0.10531216	-0.13481027	0.0360185	-0.0427768	0.06384704	-0.0685395	0.09269878	-0.029510306	0.031599402	-0.056738354	0.046091218	-0.044623192	0.038005363	-0.031929538	0.07240754	-0.036153674	0.038944375
-0.056059513	0.042642295	-0.061568797	0.04028027	-0.058522563	0.060322538	-0.06080502	0.06142371	-0.0557908	0.06726237	-0.08091812	0.07494404	-0.08899126	0.07834602	-0.07306236	0.06853752	-0.090855315	0.090568915	-0.9127596	1.0000004	-0.10161041	0.09277278	-0.15636557	0.22176166	-0.21167357	0.07129131	-0.0840293	0.10906925	-0.11594629	0.13804282	-0.040729664	0.047882494	-0.07141281	0.07541592	-0.10685717	0.0332725	-0.03573544	0.06304214	-0.052110367	0.050098807	-0.043230508	0.036018144	-0.08324788	0.04094995	-0.044452086
0.10426028	-0.08052147	0.10422622	-0.054923985	0.064782456	-0.13269712	0.115985885	-0.11156718	0.07111642	-0.07194454	0.21771269	-0.16832909	0.15808143	-0.070588864	0.047666524	-0.31182656	0.20289356	-0.19054912	0.087359786	-0.10161041	1.0000008	-0.6142168	0.25695035	-0.18885605	0.14344576	-0.48260626	0.30613747	-0.16449702	0.12832369	-0.16621217	0.11517129	-0.13166219	0.10309166	-0.10659987	0.13218115	-0.07990437	0.073542155	-0.09660049	0.07420495	-0.072259545	0.08932406	-0.072222605	0.11904614	-0.059749063	0.062949285
-0.09165776	0.07065451	-0.093447536	0.047509857	-0.056575093	0.11024679	-0.10312796	0.09836087	-0.06246157	0.06149841	-0.18508703	0.15301137	-0.16389315	0.061608363	-0.04217591	0.18719289	-0.21553764	0.19726141	-0.08539345	0.09277278	-0.6142168	1.0000007	-0.4627719	0.18880855	-0.14937179	0.28829932	-0.4565085	0.14869283	-0.12269163	0.14734283	-0.09368371	0.106773436	-0.09207656	0.093715966	-0.11906918	0.064889684	-0.061928853	0.08354999	-0.06512899	0.06293563	-0.075752676	0.060299195	-0.104374506	0.052000906	-0.055165246
0.11000566	-0.08740087	0.117434055	-0.06268537	0.07532538	-0.13274075	0.12596193	-0.12977871	0.082205124	-0.083408386	0.17589414	-0.19856218	0.22486167	-0.08525953	0.058338594	-0.17785932	0.23603582	-0.42751196	0.13978407	-0.15636557	0.25695035	-0.4627719	1.0000006	-0.45342657	0.2369028	-0.19453128	0.20959295	-0.2670876	0.19596417	-0.24269387	0.08444528	-0.10119169	0.12946709	-0.13533916	0.16658005	-0.065877534	0.067464456	-0.11474152	0.08926388	-0.08692247	0.08073756	-0.06767261	0.13809916	-0.07021191	0.074457884
-0.086262785	0.065955006	-0.091702	0.048731927	-0.06171609	0.09640738	-0.095359005	0.09339455	-0.065422334	0.06651129	-0.13691355	0.12919258	-0.15801251	0.06865831	-0.050091483	0.1200069	-0.16453192	0.17781727	-0.29280528	0.22176166	-0.18885605	0.18880855	-0.45342657	1.0000006	-0.626079	0.12883316	-0.15427947	0.21597472	-0.2687273	0.28169054	-0.069724165	0.08231573	-0.12767024	0.1367545	-0.18566643	0.056180336	-0.060119763	0.109207995	-0.089150004	0.085868165	-0.071777865	0.060315456	-0.13681419	0.068802275	-0.07416425
0.074256934	-0.05691929	0.07908621	-0.044086464	0.05620491	-0.084317826	0.08124358	-0.081687495	0.058707118	-0.061997604	0.1104745	-0.10678062	0.12048145	-0.06274651	0.045101568	-0.09895394	0.12633105	-0.13950747	0.17933743	-0.21167357	0.14344576	-0.14937179	0.2369028	-0.626079	1.0000002	-0.10948631	0.12135198	-0.23789108	0.24270813	-0.5783186	0.06617572	-0.08000533	0.13214247	-0.15063901	0.19641654	-0.055109262	0.05978271	-0.11704138	0.093454555	-0.09251972	0.07034086	-0.06054635	0.13765429	-0.072008826	0.07648873
-0.078413285	0.059263162	-0.0788704	0.04019895	-0.04829637	0.09268664	-0.08608774	0.08079401	-0.0528929	0.052081935	-0.15968229	0.11572202	-0.118467025	0.051005863	-0.034739513	0.15299271	-0.14657594	0.12925486	-0.06366496	0.07129131	-0.48260626	0.28829932	-0.19453128	0.12883316	-0.10948631	1.0	-0.7414219	0.121322334	-0.09914631	0.11965531	-0.20894507	0.17772631	-0.09175563	0.08958677	-0.11092861	0.10899498	-0.093065664	0.08622648	-0.06521189	0.062437333	-0.11755252	0.08561623	-0.107875176	0.052955396	-0.055447094
0.07830481	-0.06031591	0.08047155	-0.043072343	0.052044176	-0.09473378	0.08647206	-0.08511024	0.05628288	-0.057425145	0.13866533	-0.12000773	0.12075089	-0.056088444	0.037999783	-0.14147057	0.14373474	-0.14203578	0.07270864	-0.0840293	0.30613747	-0.4565085	0.20959295	-0.15427947	0.12135198	-0.7414219	0.9999999	-0.1429562	0.1118112	-0.14092623	0.15812959	-0.19435039	0.09909352	-0.09931178	0.11995743	-0.101820625	0.08887026	-0.09346606	0.070115015	-0.06782717	0.10749765	-0.08471933	0.11321583	-0.056752644	0.05915331
-0.08174847	0.061491705	-0.086310886	0.045127857	-0.05709753	0.0891276	-0.088536605	0.08536486	-0.060685255	0.059795562	-0.1252524	0.11111702	-0.13157341	0.05881225	-0.04117567	0.105821505	-0.13900633	0.13690668	-0.1045974	0.10906925	-0.16449702	0.14869283	-0.2670876	0.21597472	-0.23789108	0.121322334	-0.1429562	0.99999964	-0.6980191	0.2815912	-0.09690824	0.11542928	-0.3501559	0.254341	-0.2850213	0.080500305	-0.092430376	0.20200352	-0.15839301	0.14138128	-0.10540277	0.09105692	-0.22835277	0.11343354	-0.12264888
0.06625142	-0.050191693	0.070194945	-0.038013145	0.048303023	-0.07357557	0.07181224	-0.07071392	0.050829582	-0.05183761	0.09888908	-0.09086729	0.10417009	-0.051081605	0.03587401	-0.08576002	0.109854735	-0.113159016	0.10531216	-0.11594629	0.12832369	-0.12269163	0.19596417	-0.2687273	0.24270813	-0.09914631	0.1118112	-0.6980191	0.9999999	-0.4818631	0.07639889	-0.093939744	0.2223969	-0.28804216	0.2428514	-0.06473159	0.07319654	-0.16957907	0.1290788	-0.121855125	0.082827434	-0.07322364	0.17215453	-0.09259941	0.09731638
-0.08536163	0.06408868	-0.090198204	0.04744273	-0.060383208	0.09262214	-0.0921874	0.08889029	-0.06388408	0.06336844	-0.12958568	0.11430109	-0.13480078	0.06266309	-0.044322982	0.1085796	-0.14203018	0.13732164	-0.13481027	0.13804282	-0.16621217	0.14734283	-0.24269387	0.28169054	-0.5783186	0.11965531	-0.14092623	0.2815912	-0.4818631	0.99999976	-0.08354716	0.099237	-0.19006997	0.21310104	-0.36582106	0.070423625	-0.07882987	0.15788297	-0.13593292	0.13264544	-0.09236745	0.07929627	-0.19715025	0.10143548	-0.11086417
0.038067225	-0.028722357	0.039563283	-0.021383284	0.026801556	-0.043312088	0.041053426	-0.039966963	0.02837219	-0.028852653	0.062081218	-0.051312786	0.054485366	-0.02765319	0.018874811	-0.056679636	0.061514348	-0.057050273	0.0360185	-0.040729664	0.11517129	-0.09368371	0.08444528	-0.069724165	0.06617572	-0.20894507	0.15812959	-0.09690824	0.07639889	-0.08354716	0.9999993	-0.7577159	0.121201366	-0.10443023	0.10487918	-0.47949156	0.23508509	-0.11899273	0.07748332	-0.072650634	0.26591364	-0.20887914	0.12642108	-0.06294969	0.062147576
-0.045092307	0.033921126	-0.046885293	0.025101354	-0.031525824	0.050773542	-0.048581246	0.046987165	-0.033411533	0.03366014	-0.07350148	0.060278587	-0.0649018	0.032330673	-0.022143932	0.06568181	-0.072964564	0.06716939	-0.0427768	0.047882494	-0.13166219	0.106773436	-0.10119169	0.08231573	-0.08000533	0.17772631	-0.19435039	0.11542928	-0.093939744	0.099237	-0.7577159	0.9999993	-0.173279	0.1274985	-0.13395353	0.296514	-0.32317063	0.14446005	-0.09786716	0.089080185	-0.3577668	0.22219396	-0.16227649	0.07773716	-0.078477114
0.054015744	-0.0406486	0.057188913	-0.031515323	0.040349785	-0.05953379	0.057815112	-0.057050794	0.042112608	-0.043257564	0.07834465	-0.0697524	0.07828305	-0.041439787	0.028565582	-0.06727044	0.083151355	-0.080861405	0.06384704	-0.07141281	0.10309166	-0.09207656	0.12946709	-0.12767024	0.13214247	-0.09175563	0.09909352	-0.3501559	0.2223969	-0.19006997	0.121201366	-0.173279	0.9999991	-0.59537476	0.28309157	-0.10181559	0.12305625	-0.5426183	0.22933917	-0.20182355	0.12225182	-0.11766948	0.2514746	-0.14633948	0.14408135
-0.056383193	0.042332575	-0.059660923	0.032524254	-0.041662574	0.06168546	-0.060345914	0.059130214	-0.043574173	0.04433461	-0.0822307	0.07258915	-0.08231479	0.042639915	-0.029525913	0.069785126	-0.08728205	0.08381821	-0.0685395	0.07541592	-0.10659987	0.093715966	-0.13533916	0.1367545	-0.15063901	0.08958677	-0.09931178	0.254341	-0.28804216	0.21310104	-0.10443023	0.1274985	-0.59537476	0.99999946	-0.5621691	0.08823589	-0.10650062	0.28116888	-0.27667907	0.21458296	-0.11416723	0.10353581	-0.26700732	0.15119666	-0.16143632
0.075512916	-0.05687941	0.08029429	-0.04537601	0.05850807	-0.08337271	0.080452114	-0.08041609	0.0605195	-0.063399866	0.105452806	-0.09543519	0.105915986	-0.06026398	0.04141097	-0.09048354	0.111670405	-0.108911775	0.09269878	-0.10685717	0.13218115	-0.11906918	0.16658005	-0.18566643	0.19641654	-0.11092861	0.11995743	-0.2850213	0.2428514	-0.36582106	0.10487918	-0.13395353	0.28309157	-0.5621691	0.99999917	-0.09518939	0.109471545	-0.28877017	0.24511562	-0.33221874	0.11969906	-0.11252796	0.2597885	-0.17944504	0.18145081
-0.03046523	0.02290771	-0.031845957	0.017316282	-0.021917058	0.034121267	-0.032681752	0.0318713	-0.023059804	0.023480408	-0.047718566	0.03989079	-0.04307535	0.022413196	-0.015327701	0.042321883	-0.0477442	0.04423433	-0.029510306	0.0332725	-0.07990437	0.064889684	-0.065877534	0.056180336	-0.055109262	0.10899498	-0.101820625	0.080500305	-0.06473159	0.070423625	-0.47949156	0.296514	-0.10181559	0.08823589	-0.09518939	0.9999997	-0.48437062	0.11769173	-0.07666985	0.07022918	-0.6285773	0.2962475	-0.1358375	0.06398691	-0.062239498
0.03146022	-0.023654692	0.03304779	-0.018169181	0.023133006	-0.035056796	0.033654872	-0.033039197	0.024212133	-0.02483334	0.047569428	-0.04061644	0.044145923	-0.023627978	0.016158275	-0.041833203	0.0482476	-0.045169014	0.031599402	-0.03573544	0.073542155	-0.061928853	0.067464456	-0.060119763	0.05978271	-0.093065664	0.08887026	-0.092430376	0.07319654	-0.07882987	0.23508509	-0.32317063	0.12305625	-0.10650062	0.109471545	-0.48437062	0.9999996	-0.1812008	0.0986211	-0.08983803	0.32395035	-0.71255827	0.17232588	-0.08290171	0.076948084
-0.050718356	0.038023267	-0.05364007	0.029385995	-0.037704315	0.05544319	-0.054113027	0.053069245	-0.039353028	0.040136576	-0.0735583	0.06436922	-0.07237224	0.038338013	-0.026420139	0.062427282	-0.07700404	0.0730128	-0.056738354	0.06304214	-0.09660049	0.08354999	-0.11474152	0.109207995	-0.11704138	0.08622648	-0.09346606	0.20200352	-0.16957907	0.15788297	-0.11899273	0.14446005	-0.5426183	0.28116888	-0.28877017	0.11769173	-0.1812008	0.9999996	-0.4632671	0.26065102	-0.14522028	0.15394124	-0.4730502	0.20943965	-0.2152131
0.040746033	-0.030595575	0.04320657	-0.02407108	0.030988198	-0.04471203	0.04338596	-0.042950366	0.032173492	-0.033260956	0.05780734	-0.051278308	0.057169423	-0.031603415	0.021706752	-0.049272127	0.06059227	-0.057960883	0.046091218	-0.052110367	0.07420495	-0.06512899	0.08926388	-0.089150004	0.093454555	-0.06521189	0.070115015	-0.15839301	0.1290788	-0.13593292	0.07748332	-0.09786716	0.22933917	-0.27667907	0.24511562	-0.07666985	0.0986211	-0.4632671	0.9999996	-0.6903658	0.09434769	-0.09980017	0.26459503	-0.3104938	0.26100263
-0.0395144	0.029635044	-0.041868992	0.023163803	-0.029805094	0.043213144	-0.04208238	0.041483887	-0.030998703	0.03185634	-0.05638804	0.049726233	-0.055704217	0.03032659	-0.02086643	0.047824938	-0.059057355	0.05615791	-0.044623192	0.050098807	-0.072259545	0.06293563	-0.08692247	0.085868165	-0.09251972	0.062437333	-0.06782717	0.14138128	-0.121855125	0.13264544	-0.072650634	0.089080185	-0.20182355	0.21458296	-0.33221874	0.07022918	-0.08983803	0.26065102	-0.6903658	0.99999946	-0.091276854	0.091475874	-0.29318362	0.27287492	-0.45314837
0.03852888	-0.028987778	0.04049504	-0.022410206	0.0285583	-0.04304001	0.041179307	-0.040568713	0.029833721	-0.030756455	0.05784957	-0.049565557	0.053538173	-0.029175116	0.019904608	-0.05111381	0.05852924	-0.05481677	0.038005363	-0.043230508	0.08932406	-0.075752676	0.08073756	-0.071777865	0.07034086	-0.11755252	0.10749765	-0.10540277	0.082827434	-0.09236745	0.26591364	-0.3577668	0.12225182	-0.11416723	0.11969906	-0.6285773	0.32395035	-0.14522028	0.09434769	-0.091276854	0.9999992	-0.547581	0.17058127	-0.08436267	0.07901114
-0.031788763	0.023870662	-0.03342089	0.018356794	-0.023416905	0.035258453	-0.033963066	0.03330184	-0.024491115	0.025074774	-0.04774844	0.040742446	-0.044494715	0.023844736	-0.016319307	0.041640405	-0.048462655	0.04522668	-0.031929538	0.036018144	-0.072222605	0.060299195	-0.06767261	0.060315456	-0.06054635	0.08561623	-0.08471933	0.09105692	-0.07322364	0.07929627	-0.20887914	0.22219396	-0.11766948	0.10353581	-0.11252796	0.2962475	-0.71255827	0.15394124	-0.09980017	0.091475874	-0.547581	0.99999917	-0.22999646	0.091534026	-0.085233785
0.0679551	-0.051020432	0.07222065	-0.040995546	0.05302268	-0.0746868	0.07201221	-0.07193382	0.054702476	-0.05727984	0.093861476	-0.08371918	0.09211487	-0.05386549	0.036749147	-0.0802399	0.097475246	-0.09298277	0.07240754	-0.08324788	0.11904614	-0.104374506	0.13809916	-0.13681419	0.13765429	-0.107875176	0.11321583	-0.22835277	0.17215453	-0.19715025	0.12642108	-0.16227649	0.2514746	-0.26700732	0.2597885	-0.1358375	0.17232588	-0.4730502	0.26459503	-0.29318362	0.17058127	-0.22999646	0.99999917	-0.44008774	0.265565
-0.033087935	0.024818636	-0.035093315	0.019605324	-0.025279945	0.03624189	-0.035159998	0.03482318	-0.026208876	0.027121492	-0.046651572	0.041239712	-0.04585148	0.025679613	-0.017603202	0.039675713	-0.04861034	0.04617995	-0.036153674	0.04094995	-0.059749063	0.052000906	-0.07021191	0.068802275	-0.072008826	0.052955396	-0.056752644	0.11343354	-0.09259941	0.10143548	-0.06294969	0.07773716	-0.14633948	0.15119666	-0.17944504	0.06398691	-0.08290171	0.20943965	-0.3104938	0.27287492	-0.08436267	0.091534026	-0.44008774	0.99999917	-0.76886266
0.03564146	-0.02675295	0.03785063	-0.021320283	0.027534971	-0.039107855	0.03783146	-0.037642825	0.028474836	-0.02965464	0.049691238	-0.04421447	0.04895794	-0.02799926	0.019157475	-0.04234937	0.051802874	-0.049414106	0.038944375	-0.044452086	0.062949285	-0.055165246	0.074457884	-0.07416425	0.07648873	-0.055447094	0.05915331	-0.12264888	0.09731638	-0.11086417	0.062147576	-0.078477114	0.14408135	-0.16143632	0.18145081	-0.062239498	0.076948084	-0.2152131	0.26100263	-0.45314837	0.07901114	-0.085233785	0.265565	-0.76886266	0.99999917
