1.0000001	-0.1082631	0.07747135	-0.06971091	0.04000583	-0.97549695	0.12003149	-0.10868587	0.06693478	-0.042606026	0.073921464	-0.06557971	0.05213844	-0.053940374	0.022035621	-0.027220191	0.0271709	-0.035588603	0.03349387	-0.026384415	0.019942561	-0.020506322	0.022248046	-0.023410935	0.020373302	-0.016638733	0.017852044	-0.019139884	0.0212415	-0.018114172	0.020831963	-0.019153692	0.020132449	-0.017645266	0.016940616	-0.011434058	0.014371732	-0.017183593	0.020189762	-0.020174718	0.011569661	-0.010331295	0.012866163	-0.012857139	0.020605128
-0.1082631	1.0000002	-0.81716985	0.23104103	-0.14747056	0.09509879	-0.35551524	0.2706794	-0.24159843	0.121388875	-0.16282815	0.13133852	-0.13656634	0.12734687	-0.060074706	0.056045018	-0.058747865	0.07869667	-0.07893383	0.067100555	-0.043099444	0.044181522	-0.049479466	0.052320007	-0.0468703	0.03550602	-0.038848117	0.041827116	-0.047303062	0.04047144	-0.045219943	0.041268528	-0.0441202	0.038696215	-0.037485052	0.02467518	-0.031098528	0.036972266	-0.044041242	0.04355674	-0.025029324	0.022275636	-0.027772443	0.02770967	-0.044395648
0.07747135	-0.81716985	1.0000002	-0.3163676	0.13542373	-0.07534043	0.25575826	-0.3661296	0.20907107	-0.11853733	0.12201056	-0.105949275	0.11364128	-0.112716205	0.05474701	-0.044841588	0.046530154	-0.064994276	0.06362719	-0.062788226	0.034560554	-0.035939038	0.040223192	-0.04312043	0.039035834	-0.028638465	0.031423442	-0.03406836	0.03850244	-0.03375084	0.03636717	-0.03347429	0.035752293	-0.031619594	0.030731024	-0.019901413	0.025060948	-0.030081743	0.035715062	-0.03583595	0.020160241	-0.017990347	0.022503411	-0.022500796	0.035929415
-0.06971091	0.23104103	-0.3163676	0.99999994	-0.49268788	0.06492635	-0.2111031	0.2032939	-0.6322331	0.2833873	-0.17710826	0.13745198	-0.20556283	0.20039038	-0.12556495	0.06946947	-0.07270334	0.11097585	-0.11509059	0.13473529	-0.058852132	0.06203282	-0.070831545	0.07773687	-0.073438205	0.048673015	-0.054659672	0.05986458	-0.0691354	0.062101327	-0.063765615	0.05840554	-0.06321641	0.056508623	-0.05563626	0.034868244	-0.04409961	0.053118326	-0.063694075	0.06402367	-0.03545766	0.031613283	-0.03985652	0.03987187	-0.06387824
0.04000583	-0.14747056	0.13542373	-0.49268788	1.0	-0.03839489	0.11264769	-0.11621284	0.27866507	-0.74537927	0.09817099	-0.079895064	0.112636134	-0.12144209	0.19583431	-0.045522403	0.046645835	-0.077364	0.07951216	-0.23560551	0.041717444	-0.046370484	0.052550804	-0.06565112	0.07084315	-0.035168797	0.040413916	-0.045805726	0.054757122	-0.059224293	0.046737034	-0.044057228	0.047994666	-0.045795325	0.04689416	-0.025874613	0.03274725	-0.041439783	0.049579218	-0.05413235	0.026270121	-0.02368947	0.030649617	-0.03103118	0.04921714
-0.97549695	0.09509879	-0.07534043	0.06492635	-0.03839489	1.0000001	-0.13677885	0.10206404	-0.06615118	0.040086746	-0.079894334	0.066063054	-0.052221823	0.05226315	-0.020956628	0.027083812	-0.02730372	0.03478944	-0.033134524	0.024833491	-0.019706141	0.020070806	-0.02183825	0.022834728	-0.019830136	0.016360672	-0.017527994	0.018725175	-0.020800825	0.017581787	-0.020474168	0.0187425	-0.019731937	0.017225185	-0.016522588	0.011212888	-0.014096989	0.01676628	-0.019748872	0.01959919	-0.0113512995	0.010120257	-0.012577773	0.012554617	-0.02014096
0.12003149	-0.35551524	0.25575826	-0.2111031	0.11264769	-0.13677885	0.9999999	-0.7956728	0.20612217	-0.12331584	0.202124	-0.25791863	0.16292208	-0.16373537	0.059238188	-0.07103627	0.07288667	-0.09140468	0.08266299	-0.07102894	0.04725656	-0.048581727	0.05339539	-0.05594529	0.04871608	-0.03933783	0.041880485	-0.045019533	0.049552105	-0.042832945	0.047343	-0.0442314	0.046555016	-0.040827073	0.03920867	-0.025949934	0.03243411	-0.03902389	0.045746498	-0.046205703	0.026095988	-0.02335882	0.028964091	-0.028981455	0.04585641
-0.10868587	0.2706794	-0.3661296	0.2032939	-0.11621284	0.10206404	-0.7956728	1.0000001	-0.2703788	0.11945719	-0.20441027	0.18378243	-0.1801131	0.15869075	-0.05748052	0.06507985	-0.06850529	0.0866796	-0.08138128	0.06684914	-0.045144316	0.046073552	-0.05137226	0.053520206	-0.04678842	0.037260287	-0.04002728	0.042974245	-0.04765193	0.0407964	-0.045469508	0.042136107	-0.04465891	0.039023764	-0.03752536	0.024839267	-0.031109657	0.03719473	-0.043858144	0.043875534	-0.025034638	0.022351537	-0.027703766	0.027678765	-0.043903705
0.06693478	-0.24159843	0.20907107	-0.6322331	0.27866507	-0.06615118	0.20612217	-0.2703788	1.0	-0.39888686	0.1691677	-0.15227067	0.22797003	-0.3631654	0.14389345	-0.07449114	0.076261014	-0.12607805	0.1194547	-0.17424622	0.061465774	-0.066843934	0.07566098	-0.085140616	0.08017126	-0.0515458	0.05785693	-0.0642541	0.07324504	-0.06902839	0.0662469	-0.06214003	0.06671069	-0.06058631	0.059688546	-0.03648723	0.045963503	-0.0566151	0.06699464	-0.069799915	0.036918987	-0.03314721	0.04197048	-0.042204864	0.06690613
-0.042606026	0.121388875	-0.11853733	0.2833873	-0.74537927	0.040086746	-0.12331584	0.11945719	-0.39888686	0.99999976	-0.116338976	0.09103616	-0.1371218	0.13892238	-0.32567066	0.051286764	-0.05310386	0.08641859	-0.09148977	0.2316345	-0.046853855	0.05129131	-0.058704	0.07136132	-0.07806483	0.03921607	-0.045026347	0.050652146	-0.060752403	0.0629092	-0.052296482	0.048764475	-0.05338231	0.05020118	-0.051415164	0.028822081	-0.03652408	0.045577902	-0.05496352	0.058322426	-0.029313983	0.02633239	-0.033932876	0.034226395	-0.05457843
0.073921464	-0.16282815	0.12201056	-0.17710826	0.09817099	-0.079894334	0.202124	-0.20441027	0.1691677	-0.116338976	0.9999992	-0.8170154	0.2501301	-0.28226012	0.06261207	-0.2007192	0.17118293	-0.15949348	0.13029264	-0.07635444	0.08834176	-0.08440352	0.08779091	-0.08714165	0.07061782	-0.073817514	0.07119733	-0.073705666	0.07688067	-0.06359808	0.076425284	-0.07315989	0.07428452	-0.063469216	0.05941823	-0.041876454	0.05131563	-0.061257333	0.07017252	-0.07082713	0.04134509	-0.037162434	0.044864815	-0.044850454	0.06965052
-0.06557971	0.13133852	-0.105949275	0.13745198	-0.079895064	0.066063054	-0.25791863	0.18378243	-0.15227067	0.09103616	-0.8170154	0.99999964	-0.35234097	0.23148382	-0.050352927	0.15594937	-0.18292767	0.13866425	-0.11950873	0.059811216	-0.07642213	0.0715925	-0.07702736	0.07448073	-0.060232814	0.062037002	-0.061203897	0.06291068	-0.06628106	0.05349641	-0.06577272	0.06193972	-0.063851595	0.053939134	-0.050486423	0.03571027	-0.043911774	0.0516773	-0.059825365	0.05925872	-0.035393406	0.031632934	-0.03806853	0.03793021	-0.05905722
0.05213844	-0.13656634	0.11364128	-0.20556283	0.112636134	-0.052221823	0.16292208	-0.1801131	0.22797003	-0.1371218	0.2501301	-0.35234097	0.99999964	-0.7871522	0.07233365	-0.10849857	0.11358784	-0.23531953	0.16517213	-0.08678597	0.07569694	-0.0822246	0.09843032	-0.09640514	0.076909564	-0.06299964	0.06959245	-0.07705073	0.08206341	-0.06749872	0.075349025	-0.07180967	0.07677718	-0.066075586	0.062293988	-0.041134674	0.05128275	-0.06190965	0.07235794	-0.072494216	0.04119737	-0.036912214	0.04551754	-0.045492787	0.070927896
-0.053940374	0.12734687	-0.112716205	0.20039038	-0.12144209	0.05226315	-0.16373537	0.15869075	-0.3631654	0.13892238	-0.28226012	0.23148382	-0.7871522	0.9999993	-0.076642655	0.10121232	-0.10957055	0.18039747	-0.18066461	0.08654512	-0.07685369	0.08066597	-0.097476885	0.09748694	-0.079574615	0.06292082	-0.070189	0.07656139	-0.08460083	0.06855754	-0.0778248	0.07241855	-0.07845105	0.06738338	-0.06400528	0.042228702	-0.052924838	0.0630174	-0.07470544	0.07343078	-0.042548865	0.037905175	-0.046784006	0.046629343	-0.07330835
0.022035621	-0.060074706	0.05474701	-0.12556495	0.19583431	-0.020956628	0.059238188	-0.05748052	0.14389345	-0.32567066	0.06261207	-0.050352927	0.07233365	-0.076642655	0.999999	-0.038126666	0.038442727	-0.07236625	0.07890164	-0.89236057	0.040688783	-0.048934758	0.056281667	-0.08877006	0.118524596	-0.03507661	0.04216927	-0.05065726	0.065019205	-0.09365643	0.047578994	-0.046829972	0.052227817	-0.055391237	0.060434535	-0.02670858	0.033845264	-0.045919158	0.05548962	-0.06760334	0.027049348	-0.02476839	0.03329353	-0.034282833	0.05345006
-0.027220191	0.056045018	-0.044841588	0.06946947	-0.045522403	0.027083812	-0.07103627	0.06507985	-0.07449114	0.051286764	-0.2007192	0.15594937	-0.10849857	0.10121232	-0.038126666	0.99999875	-0.8681136	0.20821005	-0.1878375	0.04425114	-0.25608546	0.14328265	-0.135092	0.11425679	-0.086747125	0.158833	-0.12618467	0.10932309	-0.10619627	0.07826716	-0.12224161	0.11339682	-0.10927236	0.08555721	-0.076898426	0.06409166	-0.07541978	0.08284217	-0.093305	0.08958509	-0.0612543	0.054298256	-0.06036711	0.059536606	-0.08970792
0.0271709	-0.058747865	0.046530154	-0.07270334	0.046645835	-0.02730372	0.07288667	-0.06850529	0.076261014	-0.05310386	0.17118293	-0.18292767	0.11358784	-0.10957055	0.038442727	-0.8681136	0.99999857	-0.28500125	0.17858335	-0.04502298	0.18450852	-0.15446664	0.13599184	-0.11587523	0.085190915	-0.15566935	0.12119035	-0.11068457	0.10355493	-0.07823005	0.11392201	-0.11268969	0.10637104	-0.08472116	0.07568122	-0.061634902	0.07200156	-0.08219278	0.090991914	-0.08974334	0.058275186	-0.05250792	0.059065692	-0.058616936	0.08766166
-0.035588603	0.07869667	-0.064994276	0.11097585	-0.077364	0.03478944	-0.09140468	0.0866796	-0.12607805	0.08641859	-0.15949348	0.13866425	-0.23531953	0.18039747	-0.07236625	0.20821005	-0.28500125	0.99999857	-0.67071664	0.08268112	-0.1895887	0.21732262	-0.3682581	0.26247573	-0.18854627	0.1526741	-0.1870263	0.21282975	-0.22199234	0.15966678	-0.18942441	0.18058541	-0.20652446	0.16705006	-0.1532962	0.10130891	-0.12679632	0.15041706	-0.17862049	0.17017335	-0.101602696	0.09034129	-0.11033667	0.109351166	-0.16786075
0.03349387	-0.07893383	0.06362719	-0.11509059	0.07951216	-0.033134524	0.08266299	-0.08138128	0.1194547	-0.09148977	0.13029264	-0.11950873	0.16517213	-0.18066461	0.07890164	-0.1878375	0.17858335	-0.67071664	0.99999857	-0.094974816	0.16311428	-0.21589796	0.25799817	-0.4488125	0.21402806	-0.14438322	0.17100182	-0.2115409	0.22723418	-0.19848451	0.17443159	-0.18208572	0.1938743	-0.1833782	0.16761404	-0.09784306	0.12136713	-0.16132295	0.18236928	-0.20164129	0.09692644	-0.08910068	0.11358745	-0.11572001	0.17371733
-0.026384415	0.067100555	-0.062788226	0.13473529	-0.23560551	0.024833491	-0.07102894	0.06684914	-0.17424622	0.2316345	-0.07635444	0.059811216	-0.08678597	0.08654512	-0.89236057	0.04425114	-0.04502298	0.08268112	-0.094974816	0.9999984	-0.04726499	0.05578859	-0.06512856	0.09924724	-0.15882383	0.040424936	-0.048603773	0.057865664	-0.07544101	0.10242308	-0.05523688	0.05357194	-0.060295835	0.06281339	-0.069652125	0.030839557	-0.03916952	0.05226534	-0.06404623	0.074722596	-0.031320956	0.028543547	-0.038264617	0.039201576	-0.061679505
0.019942561	-0.043099444	0.034560554	-0.058852132	0.041717444	-0.019706141	0.04725656	-0.045144316	0.061465774	-0.046853855	0.08834176	-0.07642213	0.07569694	-0.07685369	0.040688783	-0.25608546	0.18450852	-0.1895887	0.16311428	-0.04726499	0.9999988	-0.32965302	0.1958889	-0.15839046	0.11597758	-0.76446396	0.2746119	-0.19527614	0.15363483	-0.11426185	0.22730538	-0.23661233	0.17938563	-0.13349593	0.113043025	-0.12434587	0.12822609	-0.13750812	0.14000791	-0.1400778	0.10531264	-0.0968487	0.09584403	-0.09476685	0.13453895
-0.020506322	0.044181522	-0.035939038	0.06203282	-0.046370484	0.020070806	-0.048581727	0.046073552	-0.066843934	0.05129131	-0.08440352	0.0715925	-0.0822246	0.08066597	-0.048934758	0.14328265	-0.15446664	0.21732262	-0.21589796	0.05578859	-0.32965302	0.9999985	-0.51712257	0.21189971	-0.15789478	0.25492814	-0.59672594	0.28412136	-0.21950494	0.14295892	-0.24905849	0.26462218	-0.26248902	0.17086914	-0.14468221	0.12570658	-0.15285167	0.1597963	-0.1771799	0.16226427	-0.121005215	0.1066011	-0.11494788	0.11122561	-0.16205327
0.022248046	-0.049479466	0.040223192	-0.070831545	0.052550804	-0.02183825	0.05339539	-0.05137226	0.07566098	-0.058704	0.08779091	-0.07702736	0.09843032	-0.097476885	0.056281667	-0.135092	0.13599184	-0.3682581	0.25799817	-0.06512856	0.1958889	-0.51712257	0.9999987	-0.36004624	0.18976691	-0.1823167	0.27442035	-0.5201243	0.251746	-0.17708853	0.19817375	-0.24530144	0.26562837	-0.19901662	0.1617778	-0.109108515	0.1328593	-0.17327501	0.18468101	-0.18588883	0.10491235	-0.096950285	0.11717921	-0.11668269	0.16668366
-0.023410935	0.052320007	-0.04312043	0.07773687	-0.06565112	0.022834728	-0.05594529	0.053520206	-0.085140616	0.07136132	-0.08714165	0.07448073	-0.09640514	0.09748694	-0.08877006	0.11425679	-0.11587523	0.26247573	-0.4488125	0.09924724	-0.15839046	0.21189971	-0.36004624	0.9999985	-0.51044613	0.13620009	-0.18448256	0.2404415	-0.42712435	0.2743671	-0.18354978	0.18688495	-0.23007944	0.2376681	-0.23332576	0.101109035	-0.12814926	0.17316861	-0.22244261	0.22115602	-0.10186855	0.09304911	-0.1250437	0.12711796	-0.19375941
0.020373302	-0.0468703	0.039035834	-0.073438205	0.07084315	-0.019830136	0.04871608	-0.04678842	0.08017126	-0.07806483	0.07061782	-0.060232814	0.076909564	-0.079574615	0.118524596	-0.086747125	0.085190915	-0.18854627	0.21402806	-0.15882383	0.11597758	-0.15789478	0.18976691	-0.51044613	0.9999988	-0.1032896	0.13268131	-0.17585355	0.2516492	-0.66629285	0.14088485	-0.1491557	0.1727072	-0.21768579	0.25746897	-0.080471404	0.10187241	-0.15193354	0.1868308	-0.2653118	0.08094033	-0.07577753	0.10685097	-0.11262349	0.17045015
-0.016638733	0.03550602	-0.028638465	0.048673015	-0.035168797	0.016360672	-0.03933783	0.037260287	-0.0515458	0.03921607	-0.073817514	0.062037002	-0.06299964	0.06292082	-0.03507661	0.158833	-0.15566935	0.1526741	-0.14438322	0.040424936	-0.76446396	0.25492814	-0.1823167	0.13620009	-0.1032896	0.9999989	-0.41704068	0.18023418	-0.14307466	0.099735014	-0.30707774	0.22823822	-0.17720237	0.1204222	-0.10133816	0.12859632	-0.13218607	0.1229537	-0.12770638	0.121343605	-0.11067382	0.09554765	-0.08804094	0.08528971	-0.12083772
0.017852044	-0.038848117	0.031423442	-0.054659672	0.040413916	-0.017527994	0.041880485	-0.04002728	0.05785693	-0.045026347	0.07119733	-0.061203897	0.06959245	-0.070189	0.04216927	-0.12618467	0.12119035	-0.1870263	0.17100182	-0.048603773	0.2746119	-0.59672594	0.27442035	-0.18448256	0.13268131	-0.41704068	0.99999887	-0.360828	0.19391172	-0.13023898	0.24502489	-0.43426934	0.2551891	-0.1633657	0.13012609	-0.12826891	0.1482441	-0.15627766	0.1600558	-0.15323131	0.11537939	-0.10630004	0.10761794	-0.10473382	0.1466573
-0.019139884	0.041827116	-0.03406836	0.05986458	-0.045805726	0.018725175	-0.045019533	0.042974245	-0.0642541	0.050652146	-0.073705666	0.06291068	-0.07705073	0.07656139	-0.05065726	0.10932309	-0.11068457	0.21282975	-0.2115409	0.057865664	-0.19527614	0.28412136	-0.5201243	0.2404415	-0.17585355	0.18023418	-0.360828	0.999999	-0.3875471	0.17046992	-0.21672367	0.26729438	-0.53673	0.23921569	-0.1751154	0.11559169	-0.14373125	0.19222331	-0.20928217	0.18726724	-0.112301946	0.103125654	-0.13012907	0.12514059	-0.17506334
0.0212415	-0.047303062	0.03850244	-0.0691354	0.054757122	-0.020800825	0.049552105	-0.04765193	0.07324504	-0.060752403	0.07688067	-0.06628106	0.08206341	-0.08460083	0.065019205	-0.10619627	0.10355493	-0.22199234	0.22723418	-0.07544101	0.15363483	-0.21950494	0.251746	-0.42712435	0.2516492	-0.14307466	0.19391172	-0.3875471	0.9999986	-0.32029793	0.18756817	-0.22139814	0.27714562	-0.5619065	0.26739985	-0.10807022	0.1355734	-0.22174631	0.26484558	-0.28163013	0.10697568	-0.1018707	0.14465654	-0.15389287	0.20821053
-0.018114172	0.04047144	-0.03375084	0.062101327	-0.059224293	0.017581787	-0.042832945	0.0407964	-0.06902839	0.0629092	-0.06359808	0.05349641	-0.06749872	0.06855754	-0.09365643	0.07826716	-0.07823005	0.15966678	-0.19848451	0.10242308	-0.11426185	0.14295892	-0.17708853	0.2743671	-0.66629285	0.099735014	-0.13023898	0.17046992	-0.32029793	0.99999875	-0.14386074	0.14574173	-0.18433037	0.24200657	-0.49376473	0.08140098	-0.104640454	0.15507284	-0.21441558	0.26198515	-0.083087884	0.07729923	-0.11376258	0.11886485	-0.18980503
0.020831963	-0.045219943	0.03636717	-0.063765615	0.046737034	-0.020474168	0.047343	-0.045469508	0.0662469	-0.052296482	0.076425284	-0.06577272	0.075349025	-0.0778248	0.047578994	-0.12224161	0.11392201	-0.18942441	0.17443159	-0.05523688	0.22730538	-0.24905849	0.19817375	-0.18354978	0.14088485	-0.30707774	0.24502489	-0.21672367	0.18756817	-0.14386074	0.99999887	-0.5106816	0.24535255	-0.17787898	0.14773266	-0.47558072	0.26381195	-0.21131234	0.1934626	-0.1926987	0.24359761	-0.22201203	0.14919072	-0.14489901	0.19061211
-0.019153692	0.041268528	-0.03347429	0.05840554	-0.044057228	0.0187425	-0.0442314	0.042136107	-0.06214003	0.048764475	-0.07315989	0.06193972	-0.07180967	0.07241855	-0.046829972	0.11339682	-0.11268969	0.18058541	-0.18208572	0.05357194	-0.23661233	0.26462218	-0.24530144	0.18688495	-0.1491557	0.22823822	-0.43426934	0.26729438	-0.22139814	0.14574173	-0.5106816	0.9999988	-0.48178905	0.19924203	-0.15851374	0.21390022	-0.28605962	0.2046422	-0.2083361	0.18165343	-0.19745307	0.17417262	-0.14820349	0.13722008	-0.1889811
0.020132449	-0.0441202	0.035752293	-0.06321641	0.047994666	-0.019731937	0.046555016	-0.04465891	0.06671069	-0.05338231	0.07428452	-0.063851595	0.07677718	-0.07845105	0.052227817	-0.10927236	0.10637104	-0.20652446	0.1938743	-0.060295835	0.17938563	-0.26248902	0.26562837	-0.23007944	0.1727072	-0.17720237	0.2551891	-0.53673	0.27714562	-0.18433037	0.24535255	-0.48178905	0.999999	-0.35593602	0.1991602	-0.14069156	0.17275724	-0.31867498	0.25053445	-0.23060565	0.13222438	-0.12880504	0.17074831	-0.16295406	0.20832255
-0.017645266	0.038696215	-0.031619594	0.056508623	-0.045795325	0.017225185	-0.040827073	0.039023764	-0.06058631	0.05020118	-0.063469216	0.053939134	-0.066075586	0.06738338	-0.055391237	0.08555721	-0.08472116	0.16705006	-0.1833782	0.06281339	-0.13349593	0.17086914	-0.19901662	0.2376681	-0.21768579	0.1204222	-0.1633657	0.23921569	-0.5619065	0.24200657	-0.17787898	0.19924203	-0.35593602	0.9999987	-0.45047122	0.1017932	-0.13142437	0.22770229	-0.44771898	0.28366676	-0.10317993	0.0984544	-0.15611431	0.16631898	-0.22257155
0.016940616	-0.037485052	0.030731024	-0.05563626	0.04689416	-0.016522588	0.03920867	-0.03752536	0.059688546	-0.051415164	0.05941823	-0.050486423	0.062293988	-0.06400528	0.060434535	-0.076898426	0.07568122	-0.1532962	0.16761404	-0.069652125	0.113043025	-0.14468221	0.1617778	-0.23332576	0.25746897	-0.10133816	0.13012609	-0.1751154	0.26739985	-0.49376473	0.14773266	-0.15851374	0.1991602	-0.45047122	0.9999985	-0.086240865	0.110845	-0.18651223	0.2535474	-0.59086394	0.08776932	-0.08397703	0.13081151	-0.14410426	0.22098789
-0.011434058	0.02467518	-0.019901413	0.034868244	-0.025874613	0.011212888	-0.025949934	0.024839267	-0.03648723	0.028822081	-0.041876454	0.03571027	-0.041134674	0.042228702	-0.02670858	0.06409166	-0.061634902	0.10130891	-0.09784306	0.030839557	-0.12434587	0.12570658	-0.109108515	0.101109035	-0.080471404	0.12859632	-0.12826891	0.11559169	-0.10807022	0.08140098	-0.47558072	0.21390022	-0.14069156	0.1017932	-0.086240865	0.9999986	-0.488999	0.1428405	-0.123380244	0.11227658	-0.62545484	0.30187583	-0.12063841	0.104512766	-0.12428812
0.014371732	-0.031098528	0.025060948	-0.04409961	0.03274725	-0.014096989	0.03243411	-0.031109657	0.045963503	-0.03652408	0.05131563	-0.043911774	0.05128275	-0.052924838	0.033845264	-0.07541978	0.07200156	-0.12679632	0.12136713	-0.03916952	0.12822609	-0.15285167	0.1328593	-0.12814926	0.10187241	-0.13218607	0.1482441	-0.14373125	0.1355734	-0.104640454	0.26381195	-0.28605962	0.17275724	-0.13142437	0.110845	-0.488999	0.9999985	-0.21700783	0.16286764	-0.14874172	0.3234997	-0.65030974	0.17381127	-0.15281104	0.16364124
-0.017183593	0.036972266	-0.030081743	0.053118326	-0.041439783	0.01676628	-0.03902389	0.03719473	-0.0566151	0.045577902	-0.061257333	0.0516773	-0.06190965	0.0630174	-0.045919158	0.08284217	-0.08219278	0.15041706	-0.16132295	0.05226534	-0.13750812	0.1597963	-0.17327501	0.17316861	-0.15193354	0.1229537	-0.15627766	0.19222331	-0.22174631	0.15507284	-0.21131234	0.2046422	-0.31867498	0.22770229	-0.18651223	0.1428405	-0.21700783	0.99999845	-0.4953499	0.23748022	-0.16006778	0.1704535	-0.566227	0.3053888	-0.36088088
0.020189762	-0.044041242	0.035715062	-0.063694075	0.049579218	-0.019748872	0.045746498	-0.043858144	0.06699464	-0.05496352	0.07017252	-0.059825365	0.07235794	-0.07470544	0.05548962	-0.093305	0.090991914	-0.17862049	0.18236928	-0.06404623	0.14000791	-0.1771799	0.18468101	-0.22244261	0.1868308	-0.12770638	0.1600558	-0.20928217	0.26484558	-0.21441558	0.1934626	-0.2083361	0.25053445	-0.44771898	0.2535474	-0.123380244	0.16286764	-0.4953499	0.99999815	-0.39488515	0.12783223	-0.13320664	0.26504025	-0.3673619	0.29917765
-0.020174718	0.04355674	-0.03583595	0.06402367	-0.05413235	0.01959919	-0.046205703	0.043875534	-0.069799915	0.058322426	-0.07082713	0.05925872	-0.072494216	0.07343078	-0.06760334	0.08958509	-0.08974334	0.17017335	-0.20164129	0.074722596	-0.1400778	0.16226427	-0.18588883	0.22115602	-0.2653118	0.121343605	-0.15323131	0.18726724	-0.28163013	0.26198515	-0.1926987	0.18165343	-0.23060565	0.28366676	-0.59086394	0.11227658	-0.14874172	0.23748022	-0.39488515	0.999998	-0.11826304	0.11229898	-0.1940396	0.21064122	-0.43873194
0.011569661	-0.025029324	0.020160241	-0.03545766	0.026270121	-0.0113512995	0.026095988	-0.025034638	0.036918987	-0.029313983	0.04134509	-0.035393406	0.04119737	-0.042548865	0.027049348	-0.0612543	0.058275186	-0.101602696	0.09692644	-0.031320956	0.10531264	-0.121005215	0.10491235	-0.10186855	0.08094033	-0.11067382	0.11537939	-0.112301946	0.10697568	-0.083087884	0.24359761	-0.19745307	0.13222438	-0.10317993	0.08776932	-0.62545484	0.3234997	-0.16006778	0.12783223	-0.11826304	0.99999785	-0.6162596	0.14214517	-0.12403669	0.13064367
-0.010331295	0.022275636	-0.017990347	0.031613283	-0.02368947	0.010120257	-0.02335882	0.022351537	-0.03314721	0.02633239	-0.037162434	0.031632934	-0.036912214	0.037905175	-0.02476839	0.054298256	-0.05250792	0.09034129	-0.08910068	0.028543547	-0.0968487	0.1066011	-0.096950285	0.09304911	-0.07577753	0.09554765	-0.10630004	0.103125654	-0.1018707	0.07729923	-0.22201203	0.17417262	-0.12880504	0.0984544	-0.08397703	0.30187583	-0.65030974	0.1704535	-0.13320664	0.11229898	-0.6162596	0.99999744	-0.21046546	0.14035095	-0.13939083
0.012866163	-0.027772443	0.022503411	-0.03985652	0.030649617	-0.012577773	0.028964091	-0.027703766	0.04197048	-0.033932876	0.044864815	-0.03806853	0.04551754	-0.046784006	0.03329353	-0.06036711	0.059065692	-0.11033667	0.11358745	-0.038264617	0.09584403	-0.11494788	0.11717921	-0.1250437	0.10685097	-0.08804094	0.10761794	-0.13012907	0.14465654	-0.11376258	0.14919072	-0.14820349	0.17074831	-0.15611431	0.13081151	-0.12063841	0.17381127	-0.566227	0.26504025	-0.1940396	0.14214517	-0.21046546	0.99999726	-0.6666178	0.27832514
-0.012857139	0.02770967	-0.022500796	0.03987187	-0.03103118	0.012554617	-0.028981455	0.027678765	-0.042204864	0.034226395	-0.044850454	0.03793021	-0.045492787	0.046629343	-0.034282833	0.059536606	-0.058616936	0.109351166	-0.11572001	0.039201576	-0.09476685	0.11122561	-0.11668269	0.12711796	-0.11262349	0.08528971	-0.10473382	0.12514059	-0.15389287	0.11886485	-0.14489901	0.13722008	-0.16295406	0.16631898	-0.14410426	0.104512766	-0.15281104	0.3053888	-0.3673619	0.21064122	-0.12403669	0.14035095	-0.6666178	0.9999973	-0.5210296
0.020605128	-0.044395648	0.035929415	-0.06387824	0.04921714	-0.02014096	0.04585641	-0.043903705	0.06690613	-0.05457843	0.06965052	-0.05905722	0.070927896	-0.07330835	0.05345006	-0.08970792	0.08766166	-0.16786075	0.17371733	-0.061679505	0.13453895	-0.16205327	0.16668366	-0.19375941	0.17045015	-0.12083772	0.1466573	-0.17506334	0.20821053	-0.18980503	0.19061211	-0.1889811	0.20832255	-0.22257155	0.22098789	-0.12428812	0.16364124	-0.36088088	0.29917765	-0.43873194	0.13064367	-0.13939083	0.27832514	-0.5210296	0.9999973
