1.0000001	-0.52287275	0.19318603	-0.16339384	0.14908813	-0.6378163	0.31660312	-0.19580533	0.12753727	-0.11207772	0.24221045	-0.2067739	0.17459534	-0.13144356	0.0971097	-0.23051113	0.19058053	-0.16544726	0.114261836	-0.08292107	0.1504745	-0.16076119	0.13548201	-0.13162914	0.13433325	-0.15186134	0.12488767	-0.15501131	0.08090439	-0.08573574	0.11365009	-0.11320239	0.10278112	-0.094585195	0.09088531	-0.048169535	0.05761248	-0.13677543	0.11591209	-0.051154464	0.055382382	-0.05420426	0.09752929	-0.073895335	0.05516462
-0.52287275	0.9999998	-0.33709738	0.18049991	-0.16165462	0.28369504	-0.6622363	0.21555552	-0.14129984	0.11307482	-0.17481041	0.20133343	-0.18607101	0.11985221	-0.08620041	0.15023647	-0.18103741	0.13780977	-0.10543807	0.072412126	-0.11192016	0.12231795	-0.11332605	0.110208	-0.115111746	0.10604454	-0.09610106	0.118645385	-0.06677105	0.07015059	-0.08942034	0.08628312	-0.07990443	0.07613432	-0.07398855	0.03760003	-0.045190617	0.10445585	-0.093114056	0.04110194	-0.0436416	0.04226769	-0.07753827	0.058719095	-0.044441327
0.19318603	-0.33709738	0.99999976	-0.53799504	0.24261889	-0.15754071	0.21998431	-0.5977964	0.2362354	-0.1883547	0.12525725	-0.18698092	0.24060142	-0.1581015	0.10103361	-0.1175392	0.15826641	-0.15511087	0.12683886	-0.08648661	0.09850191	-0.12311851	0.1216398	-0.12961607	0.12988259	-0.09598085	0.09469385	-0.13014837	0.07583855	-0.07993203	0.091581054	-0.0890683	0.08664791	-0.08583668	0.082515135	-0.039362576	0.048519243	-0.115707435	0.10264221	-0.045787122	0.045637984	-0.045575645	0.08499836	-0.06498982	0.04930324
-0.16339384	0.18049991	-0.53799504	0.9999997	-0.5092757	0.12593077	-0.17411767	0.27064782	-0.5039398	0.28540754	-0.109997384	0.14546293	-0.19739383	0.13808236	-0.10216581	0.100477785	-0.13896209	0.13038172	-0.11947509	0.08475356	-0.08839957	0.10817833	-0.10846454	0.117802925	-0.12560241	0.08471655	-0.08517929	0.11690037	-0.07074458	0.07459374	-0.084703416	0.080829926	-0.07907688	0.07978727	-0.07786097	0.03650939	-0.045276422	0.1055302	-0.09718725	0.043053694	-0.042564895	0.042392556	-0.080079086	0.06100053	-0.046525843
0.14908813	-0.16165462	0.24261889	-0.5092757	0.99999964	-0.13043584	0.1535573	-0.26596525	0.3279693	-0.6161418	0.11800539	-0.15805456	0.1863279	-0.15744828	0.12633406	-0.11316572	0.14823467	-0.16028273	0.13306366	-0.10814234	0.10377007	-0.13561866	0.13069601	-0.14867242	0.15361427	-0.1033026	0.10534347	-0.15861793	0.09037261	-0.09686401	0.10735939	-0.10489525	0.10529732	-0.10513275	0.10110006	-0.047538973	0.06000798	-0.14612308	0.12837195	-0.05689411	0.055047065	-0.05661876	0.10664882	-0.08153117	0.061217654
-0.6378163	0.28369504	-0.15754071	0.12593077	-0.13043584	0.9999996	-0.4489809	0.15704092	-0.108926505	0.09200605	-0.4520173	0.20166335	-0.1638894	0.11319157	-0.08578333	0.2391519	-0.20576382	0.14548482	-0.101778395	0.07192174	-0.16067556	0.1428372	-0.12307356	0.112320766	-0.11852041	0.13959399	-0.11601712	0.12886946	-0.06943645	0.072920635	-0.10319551	0.09908226	-0.08743102	0.08003984	-0.078037106	0.04239792	-0.049698584	0.11221452	-0.09932266	0.043506604	-0.04919483	0.046328183	-0.08332006	0.062609	-0.047148038
0.31660312	-0.6622363	0.21998431	-0.17411767	0.1535573	-0.4489809	0.9999993	-0.23791161	0.1345485	-0.114800215	0.21136676	-0.32564273	0.20431449	-0.13848004	0.09595723	-0.19721739	0.21712622	-0.16844185	0.117808945	-0.08185041	0.13525034	-0.15070127	0.13389142	-0.12841852	0.13020198	-0.13260579	0.115637355	-0.14249852	0.077272505	-0.08138401	0.105174504	-0.103426896	0.094871245	-0.088811934	0.085531496	-0.04425516	0.052993804	-0.124472655	0.10784445	-0.04773525	0.05110182	-0.04970776	0.090230964	-0.06843598	0.051504284
-0.19580533	0.21555552	-0.5977964	0.27064782	-0.26596525	0.15704092	-0.23791161	0.9999993	-0.28074744	0.18425684	-0.14318663	0.2233976	-0.5164396	0.19579333	-0.12278194	0.12996261	-0.20186882	0.17718153	-0.1687267	0.10191022	-0.11124614	0.13513406	-0.14471503	0.14719619	-0.15419082	0.1047327	-0.10587639	0.13803364	-0.08618482	0.08940085	-0.10192925	0.09675427	-0.09378187	0.09467003	-0.09247905	0.04315051	-0.052919522	0.121767364	-0.11348406	0.050551876	-0.050377633	0.04940137	-0.093103185	0.071016066	-0.05465015
0.12753727	-0.14129984	0.2362354	-0.5039398	0.3279693	-0.108926505	0.1345485	-0.28074744	0.99999905	-0.68274504	0.097991794	-0.13694328	0.17483711	-0.16188003	0.11044398	-0.09283217	0.12576386	-0.13087454	0.124998674	-0.09396166	0.08341075	-0.10719781	0.10647108	-0.12416911	0.12671041	-0.081842154	0.08320445	-0.12025613	0.07267069	-0.07710516	0.08333986	-0.08078183	0.08040048	-0.08214881	0.07906266	-0.036367573	0.045545675	-0.10909786	0.0981263	-0.043870218	0.04221809	-0.042845417	0.08089551	-0.062075198	0.047196493
-0.11207772	0.11307482	-0.1883547	0.28540754	-0.6161418	0.09200605	-0.114800215	0.18425684	-0.68274504	0.99999875	-0.085325085	0.11125302	-0.14477296	0.12386642	-0.116443366	0.07912469	-0.1083167	0.10818231	-0.10844032	0.09072228	-0.07250126	0.090955235	-0.091202244	0.1063521	-0.116772786	0.07011195	-0.07177261	0.10224226	-0.06386578	0.067827314	-0.07309001	0.069721825	-0.06931552	0.071837634	-0.07019664	0.031866696	-0.039994214	0.09351959	-0.087169446	0.03875244	-0.03717646	0.037491456	-0.07150931	0.054675736	-0.041839212
0.24221045	-0.17481041	0.12525725	-0.109997384	0.11800539	-0.4520173	0.21136676	-0.14318663	0.097991794	-0.085325085	0.9999987	-0.2579579	0.16494529	-0.1206592	0.089441106	-0.69005865	0.24502295	-0.17588139	0.10651823	-0.07612176	0.23495825	-0.1928474	0.14433078	-0.12477768	0.12665719	-0.22620295	0.15156259	-0.15516378	0.07679502	-0.08065315	0.1227488	-0.12432876	0.10326354	-0.08958838	0.08615068	-0.049854327	0.057158746	-0.13139692	0.10985067	-0.04831568	0.057033423	-0.053520683	0.093117274	-0.07001023	0.052217137
-0.2067739	0.20133343	-0.18698092	0.14546293	-0.15805456	0.20166335	-0.32564273	0.2233976	-0.13694328	0.11125302	-0.2579579	0.99999857	-0.46378136	0.18520665	-0.118083	0.22241476	-0.6494049	0.23111314	-0.16268243	0.098928176	-0.16103116	0.18232723	-0.18374176	0.1536307	-0.15745836	0.1431726	-0.14019838	0.15659074	-0.09046791	0.09331858	-0.12227157	0.11605639	-0.10639516	0.10022161	-0.097709276	0.04983159	-0.058963947	0.13287988	-0.12103763	0.05355646	-0.058117237	0.054782975	-0.100408725	0.07586097	-0.05800012
0.17459534	-0.18607101	0.24060142	-0.19739383	0.1863279	-0.1638894	0.20431449	-0.5164396	0.17483711	-0.14477296	0.16494529	-0.46378136	0.9999985	-0.39861956	0.14756398	-0.1613183	0.26362604	-0.2946664	0.22912997	-0.12991263	0.13416325	-0.17788164	0.19502352	-0.20191172	0.18628745	-0.1295421	0.13254899	-0.17734113	0.109115474	-0.11284848	0.12356893	-0.12020823	0.11751585	-0.11874692	0.11303829	-0.052191257	0.06395799	-0.15206875	0.13639563	-0.061705675	0.06056715	-0.059937607	0.112044364	-0.08624823	0.066286825
-0.13144356	0.11985221	-0.1581015	0.13808236	-0.15744828	0.11319157	-0.13848004	0.19579333	-0.16188003	0.12386642	-0.1206592	0.18520665	-0.39861956	0.9999983	-0.2565236	0.112159856	-0.17858954	0.18127917	-0.7246611	0.20460653	-0.105643325	0.13697912	-0.16360955	0.25674537	-0.2567854	0.10008894	-0.107882865	0.14879808	-0.13359264	0.12927334	-0.10728611	0.10098553	-0.10406623	0.12650298	-0.12386148	0.045787532	-0.058132686	0.13322312	-0.13714236	0.06405356	-0.053622354	0.054365177	-0.107211165	0.08480148	-0.068841875
0.0971097	-0.08620041	0.10103361	-0.10216581	0.12633406	-0.08578333	0.09595723	-0.12278194	0.11044398	-0.116443366	0.089441106	-0.118083	0.14756398	-0.2565236	0.99999857	-0.08630878	0.11828896	-0.14456855	0.2244198	-0.8342985	0.086601645	-0.120548494	0.12839153	-0.23325896	0.2635129	-0.086348064	0.09369868	-0.1494769	0.12184765	-0.13948825	0.09771281	-0.09524583	0.10194758	-0.12981802	0.11984254	-0.043488767	0.056882188	-0.13971671	0.13281536	-0.06462646	0.050426386	-0.053993255	0.10559916	-0.08576962	0.06771719
-0.23051113	0.15023647	-0.1175392	0.100477785	-0.11316572	0.2391519	-0.19721739	0.12996261	-0.09283217	0.07912469	-0.69005865	0.22241476	-0.1613183	0.112159856	-0.08630878	0.99999857	-0.3562308	0.17144366	-0.10255445	0.07237224	-0.41823825	0.19045581	-0.14769861	0.11743359	-0.12292338	0.23117496	-0.16418406	0.14394942	-0.0730651	0.07609373	-0.1266285	0.12181944	-0.098642044	0.08436851	-0.08225933	0.04933432	-0.05536601	0.12059813	-0.10508963	0.045813777	-0.057051707	0.051289562	-0.08899098	0.066290624	-0.049747422
0.19058053	-0.18103741	0.15826641	-0.13896209	0.14823467	-0.20576382	0.21712622	-0.20186882	0.12576386	-0.1083167	0.24502295	-0.6494049	0.26362604	-0.17858954	0.11828896	-0.3562308	0.99999845	-0.36594912	0.15075347	-0.10178321	0.1960082	-0.2669627	0.2257351	-0.17215322	0.1662852	-0.18591368	0.17514497	-0.19305576	0.10021814	-0.10405252	0.14328627	-0.14194255	0.1267658	-0.11348481	0.10878388	-0.058166005	0.06813159	-0.15811673	0.13584848	-0.06021583	0.06722579	-0.063534506	0.113961056	-0.086072356	0.06501644
-0.16544726	0.13780977	-0.15511087	0.13038172	-0.16028273	0.14548482	-0.16844185	0.17718153	-0.13087454	0.10818231	-0.17588139	0.23111314	-0.2946664	0.18127917	-0.14456855	0.17144366	-0.36594912	0.9999983	-0.18949212	0.12076919	-0.17943655	0.25662905	-0.69866806	0.22197442	-0.22188455	0.16026974	-0.20096543	0.2274037	-0.12856297	0.12651916	-0.17185046	0.15508059	-0.15785228	0.13570777	-0.13488907	0.06751924	-0.079912014	0.1720441	-0.16624074	0.07243564	-0.07993046	0.073045716	-0.13765062	0.10204799	-0.079113
0.114261836	-0.10543807	0.12683886	-0.11947509	0.13306366	-0.101778395	0.117808945	-0.1687267	0.124998674	-0.10844032	0.10651823	-0.16268243	0.22912997	-0.7246611	0.2244198	-0.10255445	0.15075347	-0.18949212	0.9999983	-0.2715912	0.09900664	-0.13777292	0.16576517	-0.435364	0.25315806	-0.09660794	0.10521974	-0.15467584	0.15116808	-0.14789243	0.10447958	-0.100634284	0.10639824	-0.14123742	0.12840879	-0.045038775	0.057763934	-0.13772532	0.13744964	-0.06627195	0.052441925	-0.05438019	0.106949575	-0.08645885	0.070148185
-0.08292107	0.072412126	-0.08648661	0.08475356	-0.10814234	0.07192174	-0.08185041	0.10191022	-0.09396166	0.09072228	-0.07612176	0.098928176	-0.12991263	0.20460653	-0.8342985	0.07237224	-0.10178321	0.12076919	-0.2715912	0.9999983	-0.072956495	0.09962823	-0.11167387	0.21092077	-0.3741415	0.07154209	-0.07831407	0.12077177	-0.11280235	0.12582067	-0.08171689	0.07833448	-0.08414148	0.11212509	-0.10817129	0.03600122	-0.04719327	0.11245345	-0.11411223	0.056029458	-0.041955758	0.044585723	-0.08891922	0.07243291	-0.059160706
0.1504745	-0.11192016	0.09850191	-0.08839957	0.10377007	-0.16067556	0.13525034	-0.11124614	0.08341075	-0.07250126	0.23495825	-0.16103116	0.13416325	-0.105643325	0.086601645	-0.41823825	0.1960082	-0.17943655	0.09900664	-0.072956495	0.9999981	-0.32676786	0.16732514	-0.12465662	0.12820345	-0.71286833	0.2671628	-0.18383758	0.07953297	-0.082743585	0.16898863	-0.18087284	0.12362919	-0.094340935	0.09078765	-0.06360759	0.06756438	-0.14599125	0.117377035	-0.051067974	0.071568355	-0.062817015	0.101419955	-0.07505255	0.055405837
-0.16076119	0.12231795	-0.12311851	0.10817833	-0.13561866	0.1428372	-0.15070127	0.13513406	-0.10719781	0.090955235	-0.1928474	0.18232723	-0.17788164	0.13697912	-0.120548494	0.19045581	-0.2669627	0.25662905	-0.13777292	0.09962823	-0.32676786	0.9999979	-0.40384153	0.1761379	-0.1858206	0.2738939	-0.622152	0.23877382	-0.11198354	0.11294132	-0.26398894	0.23972039	-0.17343956	0.12741104	-0.12614429	0.090227984	-0.09441399	0.18179837	-0.16268516	0.069573104	-0.10648252	0.08489615	-0.13974704	0.10147773	-0.076201774
0.13548201	-0.11332605	0.1216398	-0.10846454	0.13069601	-0.12307356	0.13389142	-0.14471503	0.10647108	-0.091202244	0.14433078	-0.18374176	0.19502352	-0.16360955	0.12839153	-0.14769861	0.2257351	-0.69866806	0.16576517	-0.11167387	0.16732514	-0.40384153	0.999998	-0.29582632	0.20795572	-0.16534476	0.21472357	-0.31567395	0.13289103	-0.1295884	0.16648525	-0.1648725	0.1711769	-0.13936633	0.13132444	-0.06543728	0.07760521	-0.18488881	0.15856071	-0.07056986	0.07628644	-0.07150826	0.13224357	-0.099226	0.07631258
-0.13162914	0.110208	-0.12961607	0.117802925	-0.14867242	0.112320766	-0.12841852	0.14719619	-0.12416911	0.1063521	-0.12477768	0.1536307	-0.20191172	0.25674537	-0.23325896	0.11743359	-0.17215322	0.22197442	-0.435364	0.21092077	-0.12465662	0.1761379	-0.29582632	0.9999981	-0.5564414	0.119053245	-0.13899964	0.20069164	-0.37726456	0.25202495	-0.14012897	0.13086455	-0.14731978	0.22825365	-0.21979503	0.059899088	-0.07904887	0.18015185	-0.21192588	0.10398864	-0.070348315	0.07406629	-0.15389542	0.1276425	-0.111019865
0.13433325	-0.115111746	0.12988259	-0.12560241	0.15361427	-0.11852041	0.13020198	-0.15419082	0.12671041	-0.116772786	0.12665719	-0.15745836	0.18628745	-0.2567854	0.2635129	-0.12292338	0.1662852	-0.22188455	0.25315806	-0.3741415	0.12820345	-0.1858206	0.20795572	-0.5564414	0.999998	-0.12881058	0.14326277	-0.23720802	0.24929562	-0.34118003	0.15000576	-0.14722262	0.16402444	-0.247411	0.22224301	-0.066927545	0.08917435	-0.22244015	0.21890071	-0.11562768	0.07748674	-0.085103326	0.16942264	-0.1439356	0.11798688
-0.15186134	0.10604454	-0.09598085	0.08471655	-0.1033026	0.13959399	-0.13260579	0.1047327	-0.081842154	0.07011195	-0.22620295	0.1431726	-0.1295421	0.10008894	-0.086348064	0.23117496	-0.18591368	0.16026974	-0.09660794	0.07154209	-0.71286833	0.2738939	-0.16534476	0.119053245	-0.12881058	0.999998	-0.4742354	0.17761119	-0.078709535	0.08130201	-0.21674143	0.19863927	-0.12918326	0.09327668	-0.0914883	0.071558796	-0.07245365	0.14085473	-0.11972052	0.05125297	-0.08203449	0.065853804	-0.103965975	0.0756527	-0.055990912
0.12488767	-0.09610106	0.09469385	-0.08517929	0.10534347	-0.11601712	0.115637355	-0.10587639	0.08320445	-0.07177261	0.15156259	-0.14019838	0.13254899	-0.107882865	0.09369868	-0.16418406	0.17514497	-0.20096543	0.10521974	-0.07831407	0.2671628	-0.622152	0.21472357	-0.13899964	0.14326277	-0.4742354	0.9999978	-0.27446634	0.09144715	-0.09361868	0.25112256	-0.38612142	0.17493078	-0.11012969	0.10546961	-0.08553997	0.08845511	-0.17876305	0.13762127	-0.059185795	0.096139126	-0.080714114	0.12118674	-0.088019796	0.064493716
-0.15501131	0.118645385	-0.13014837	0.11690037	-0.15861793	0.12886946	-0.14249852	0.13803364	-0.12025613	0.10224226	-0.15516378	0.15659074	-0.17734113	0.14879808	-0.1494769	0.14394942	-0.19305576	0.2274037	-0.15467584	0.12077177	-0.18383758	0.23877382	-0.31567395	0.20069164	-0.23720802	0.17761119	-0.27446634	0.9999976	-0.16358262	0.15976381	-0.26895943	0.24149537	-0.6051014	0.20335005	-0.20148721	0.10265441	-0.13276707	0.3156278	-0.27607316	0.11008049	-0.122989945	0.1174723	-0.24480185	0.16521303	-0.12297762
0.08090439	-0.06677105	0.07583855	-0.07074458	0.09037261	-0.06943645	0.077272505	-0.08618482	0.07267069	-0.06386578	0.07679502	-0.09046791	0.109115474	-0.13359264	0.12184765	-0.0730651	0.10021814	-0.12856297	0.15116808	-0.11280235	0.07953297	-0.11198354	0.13289103	-0.37726456	0.24929562	-0.078709535	0.09144715	-0.16358262	0.999998	-0.6469347	0.10122161	-0.098265916	0.13439484	-0.5321891	0.2903889	-0.044803374	0.06403756	-0.16019925	0.21209577	-0.12429746	0.052180298	-0.061483588	0.13588777	-0.13164152	0.123289876
-0.08573574	0.07015059	-0.07993203	0.07459374	-0.09686401	0.072920635	-0.08138401	0.08940085	-0.07710516	0.067827314	-0.08065315	0.09331858	-0.11284848	0.12927334	-0.13948825	0.07609373	-0.10405252	0.12651916	-0.14789243	0.12582067	-0.082743585	0.11294132	-0.1295884	0.25202495	-0.34118003	0.08130201	-0.09361868	0.15976381	-0.6469347	0.99999815	-0.10609372	0.100653335	-0.13032411	0.31313938	-0.51540923	0.04765866	-0.07012185	0.16140983	-0.2360644	0.1637973	-0.05573572	0.067027025	-0.15642183	0.1482535	-0.17174932
0.11365009	-0.08942034	0.091581054	-0.084703416	0.10735939	-0.10319551	0.105174504	-0.10192925	0.08333986	-0.07309001	0.1227488	-0.12227157	0.12356893	-0.10728611	0.09771281	-0.1266285	0.14328627	-0.17185046	0.10447958	-0.08171689	0.16898863	-0.26398894	0.16648525	-0.14012897	0.15000576	-0.21674143	0.25112256	-0.26895943	0.10122161	-0.10609372	0.9999984	-0.7382351	0.21836136	-0.13119066	0.12193425	-0.27585196	0.1462669	-0.25527942	0.1628802	-0.07174752	0.20968476	-0.1434912	0.1519035	-0.111894585	0.077314384
-0.11320239	0.08628312	-0.0890683	0.080829926	-0.10489525	0.09908226	-0.103426896	0.09675427	-0.08078183	0.069721825	-0.12432876	0.11605639	-0.12020823	0.10098553	-0.09524583	0.12181944	-0.14194255	0.15508059	-0.100634284	0.07833448	-0.18087284	0.23972039	-0.1648725	0.13086455	-0.14722262	0.19863927	-0.38612142	0.24149537	-0.098265916	0.100653335	-0.7382351	0.9999984	-0.2842379	0.12574042	-0.12020532	0.16692807	-0.16054374	0.2219519	-0.1618456	0.06890054	-0.19047774	0.13286878	-0.1505656	0.106573224	-0.07534023
0.10278112	-0.07990443	0.08664791	-0.07907688	0.10529732	-0.08743102	0.094871245	-0.09378187	0.08040048	-0.06931552	0.10326354	-0.10639516	0.11751585	-0.10406623	0.10194758	-0.098642044	0.1267658	-0.15785228	0.10639824	-0.08414148	0.12362919	-0.17343956	0.1711769	-0.14731978	0.16402444	-0.12918326	0.17493078	-0.6051014	0.13439484	-0.13032411	0.21836136	-0.2842379	0.99999845	-0.21947995	0.16251445	-0.082554795	0.108073585	-0.62361056	0.20957907	-0.08940076	0.09512241	-0.09881272	0.19249152	-0.13675788	0.09694787
-0.094585195	0.07613432	-0.08583668	0.07978727	-0.10513275	0.08003984	-0.088811934	0.09467003	-0.08214881	0.071837634	-0.08958838	0.10022161	-0.11874692	0.12650298	-0.12981802	0.08436851	-0.11348481	0.13570777	-0.14123742	0.11212509	-0.094340935	0.12741104	-0.13936633	0.22825365	-0.247411	0.09327668	-0.11012969	0.20335005	-0.5321891	0.31313938	-0.13119066	0.12574042	-0.21947995	0.9999986	-0.53076017	0.058122907	-0.08732318	0.21437366	-0.42238036	0.1849458	-0.06794962	0.08364323	-0.19928679	0.19779977	-0.19703637
0.09088531	-0.07398855	0.082515135	-0.07786097	0.10110006	-0.078037106	0.085531496	-0.09247905	0.07906266	-0.07019664	0.08615068	-0.097709276	0.11303829	-0.12386148	0.11984254	-0.08225933	0.10878388	-0.13488907	0.12840879	-0.10817129	0.09078765	-0.12614429	0.13132444	-0.21979503	0.22224301	-0.0914883	0.10546961	-0.20148721	0.2903889	-0.51540923	0.12193425	-0.12020532	0.16251445	-0.53076017	0.9999986	-0.056281902	0.085444465	-0.21431902	0.26473486	-0.38266626	0.065058835	-0.08441536	0.19288675	-0.21865115	0.24273127
-0.048169535	0.03760003	-0.039362576	0.03650939	-0.047538973	0.04239792	-0.04425516	0.04315051	-0.036367573	0.031866696	-0.049854327	0.04983159	-0.052191257	0.045787532	-0.043488767	0.04933432	-0.058166005	0.06751924	-0.045038775	0.03600122	-0.06360759	0.090227984	-0.06543728	0.059899088	-0.066927545	0.071558796	-0.08553997	0.10265441	-0.044803374	0.04765866	-0.27585196	0.16692807	-0.082554795	0.058122907	-0.056281902	0.99999905	-0.17087638	0.104349494	-0.078926876	0.0352608	-0.91291726	0.1442909	-0.08403037	0.059409294	-0.03804481
0.05761248	-0.045190617	0.048519243	-0.045276422	0.06000798	-0.049698584	0.052993804	-0.052919522	0.045545675	-0.039994214	0.057158746	-0.058963947	0.06395799	-0.058132686	0.056882188	-0.05536601	0.06813159	-0.079912014	0.057763934	-0.04719327	0.06756438	-0.09441399	0.07760521	-0.07904887	0.08917435	-0.07245365	0.08845511	-0.13276707	0.06403756	-0.07012185	0.1462669	-0.16054374	0.108073585	-0.08732318	0.085444465	-0.17087638	0.9999986	-0.16709368	0.12761147	-0.064339235	0.15577388	-0.907406	0.18694721	-0.13237278	0.067655526
-0.13677543	0.10445585	-0.115707435	0.1055302	-0.14612308	0.11221452	-0.124472655	0.121767364	-0.10909786	0.09351959	-0.13139692	0.13287988	-0.15206875	0.13322312	-0.13971671	0.12059813	-0.15811673	0.1720441	-0.13772532	0.11245345	-0.14599125	0.18179837	-0.18488881	0.18015185	-0.22244015	0.14085473	-0.17876305	0.3156278	-0.16019925	0.16140983	-0.25527942	0.2219519	-0.62361056	0.21437366	-0.21431902	0.104349494	-0.16709368	0.99999857	-0.33440593	0.12608708	-0.12506293	0.14452422	-0.3642369	0.21162422	-0.14170647
0.11591209	-0.093114056	0.10264221	-0.09718725	0.12837195	-0.09932266	0.10784445	-0.11348406	0.0981263	-0.087169446	0.10985067	-0.12103763	0.13639563	-0.13714236	0.13281536	-0.10508963	0.13584848	-0.16624074	0.13744964	-0.11411223	0.117377035	-0.16268516	0.15856071	-0.21192588	0.21890071	-0.11972052	0.13762127	-0.27607316	0.21209577	-0.2360644	0.1628802	-0.1618456	0.20957907	-0.42238036	0.26473486	-0.078926876	0.12761147	-0.33440593	0.99999845	-0.21916313	0.09044478	-0.13233404	0.3016503	-0.5006516	0.2082186
-0.051154464	0.04110194	-0.045787122	0.043053694	-0.05689411	0.043506604	-0.04773525	0.050551876	-0.043870218	0.03875244	-0.04831568	0.05355646	-0.061705675	0.06405356	-0.06462646	0.045813777	-0.06021583	0.07243564	-0.06627195	0.056029458	-0.051067974	0.069573104	-0.07056986	0.10398864	-0.11562768	0.05125297	-0.059185795	0.11008049	-0.12429746	0.1637973	-0.07174752	0.06890054	-0.08940076	0.1849458	-0.38266626	0.0352608	-0.064339235	0.12608708	-0.21916313	0.9999982	-0.040974047	0.06308757	-0.19976348	0.22456332	-0.8272946
0.055382382	-0.0436416	0.045637984	-0.042564895	0.055047065	-0.04919483	0.05110182	-0.050377633	0.04221809	-0.03717646	0.057033423	-0.058117237	0.06056715	-0.053622354	0.050426386	-0.057051707	0.06722579	-0.07993046	0.052441925	-0.041955758	0.071568355	-0.10648252	0.07628644	-0.070348315	0.07748674	-0.08203449	0.096139126	-0.122989945	0.052180298	-0.05573572	0.20968476	-0.19047774	0.09512241	-0.06794962	0.065058835	-0.91291726	0.15577388	-0.12506293	0.09044478	-0.040974047	0.99999815	-0.1726047	0.095183685	-0.069024846	0.043928117
-0.05420426	0.04226769	-0.045575645	0.042392556	-0.05661876	0.046328183	-0.04970776	0.04940137	-0.042845417	0.037491456	-0.053520683	0.054782975	-0.059937607	0.054365177	-0.053993255	0.051289562	-0.063534506	0.073045716	-0.05438019	0.044585723	-0.062817015	0.08489615	-0.07150826	0.07406629	-0.085103326	0.065853804	-0.080714114	0.1174723	-0.061483588	0.067027025	-0.1434912	0.13286878	-0.09881272	0.08364323	-0.08441536	0.1442909	-0.907406	0.14452422	-0.13233404	0.06308757	-0.1726047	0.999998	-0.24467507	0.13172022	-0.06859772
0.09752929	-0.07753827	0.08499836	-0.080079086	0.10664882	-0.08332006	0.090230964	-0.093103185	0.08089551	-0.07150931	0.093117274	-0.100408725	0.112044364	-0.107211165	0.10559916	-0.08899098	0.113961056	-0.13765062	0.106949575	-0.08891922	0.101419955	-0.13974704	0.13224357	-0.15389542	0.16942264	-0.103965975	0.12118674	-0.24480185	0.13588777	-0.15642183	0.1519035	-0.1505656	0.19249152	-0.19928679	0.19288675	-0.08403037	0.18694721	-0.3642369	0.3016503	-0.19976348	0.095183685	-0.24467507	0.9999982	-0.665163	0.20101649
-0.073895335	0.058719095	-0.06498982	0.06100053	-0.08153117	0.062609	-0.06843598	0.071016066	-0.062075198	0.054675736	-0.07001023	0.07586097	-0.08624823	0.08480148	-0.08576962	0.066290624	-0.086072356	0.10204799	-0.08645885	0.07243291	-0.07505255	0.10147773	-0.099226	0.1276425	-0.1439356	0.0756527	-0.088019796	0.16521303	-0.13164152	0.1482535	-0.111894585	0.106573224	-0.13675788	0.19779977	-0.21865115	0.059409294	-0.13237278	0.21162422	-0.5006516	0.22456332	-0.069024846	0.13172022	-0.665163	0.99999815	-0.3512696
0.05516462	-0.044441327	0.04930324	-0.046525843	0.061217654	-0.047148038	0.051504284	-0.05465015	0.047196493	-0.041839212	0.052217137	-0.05800012	0.066286825	-0.068841875	0.06771719	-0.049747422	0.06501644	-0.079113	0.070148185	-0.059160706	0.055405837	-0.076201774	0.07631258	-0.111019865	0.11798688	-0.055990912	0.064493716	-0.12297762	0.123289876	-0.17174932	0.077314384	-0.07534023	0.09694787	-0.19703637	0.24273127	-0.03804481	0.067655526	-0.14170647	0.2082186	-0.8272946	0.043928117	-0.06859772	0.20101649	-0.3512696	0.99999815
