1.0	-0.673517	0.20490272	-0.2097536	0.08347257	-0.5126461	0.307486	-0.18905386	0.21399185	-0.078850836	0.18916139	-0.19706668	0.1600555	-0.12927583	0.07886635	-0.13071318	0.10714111	-0.15627934	0.100778826	-0.078761645	0.11426928	-0.14893398	0.12546504	-0.11517618	0.101875454	-0.081306845	0.110242695	-0.09326837	0.10385479	-0.0649115	0.08521484	-0.06756557	0.08886509	-0.07498862	0.10905484	-0.070762396	0.08047858	-0.09524165	0.07082513	-0.07691158	0.07553064	-0.07572877	0.058269054	-0.06537036	0.062210854
-0.673517	0.9999999	-0.2865656	0.19701867	-0.08001672	0.31541052	-0.5132898	0.1799426	-0.22067346	0.07284171	-0.20705083	0.19109441	-0.1615221	0.105799586	-0.06810367	0.11074486	-0.0957342	0.13254601	-0.08563492	0.066796385	-0.09837772	0.12155174	-0.10983965	0.09601284	-0.08657501	0.06846109	-0.09423106	0.078219764	-0.088310555	0.05478516	-0.07207847	0.056538988	-0.07464531	0.06261058	-0.09234176	0.058505964	-0.0677378	0.07761385	-0.05860124	0.06274951	-0.063020885	0.061448354	-0.047749892	0.053029973	-0.051118728
0.20490272	-0.2865656	1.0000002	-0.773728	0.1270843	-0.15225732	0.1469501	-0.36349672	0.27534214	-0.1219359	0.12508638	-0.12668598	0.20293193	-0.12480804	0.08143524	-0.10254209	0.08606989	-0.166287	0.09783588	-0.080770716	0.096181795	-0.12916042	0.1228033	-0.1078129	0.09038851	-0.06902693	0.096582	-0.08353996	0.093603946	-0.057658587	0.07202757	-0.057434008	0.076951295	-0.06543358	0.094543725	-0.05958564	0.06816554	-0.08124089	0.060860667	-0.065657854	0.06346822	-0.063777	0.049217958	-0.055289622	0.052801087
-0.2097536	0.19701867	-0.773728	1.0	-0.18891358	0.13276353	-0.12971611	0.24019252	-0.43251958	0.15004735	-0.12118196	0.11484862	-0.19389315	0.124762505	-0.08903714	0.09774898	-0.08331331	0.14954722	-0.098773435	0.085621305	-0.09619549	0.12290449	-0.11994963	0.1057685	-0.09324389	0.06860445	-0.096759796	0.08246605	-0.093845405	0.059113186	-0.072346106	0.057499666	-0.077769645	0.065811194	-0.09709266	0.05943745	-0.068670005	0.08110716	-0.061168347	0.065670714	-0.06382549	0.063522644	-0.049282268	0.055154376	-0.05300252
0.08347257	-0.08001672	0.1270843	-0.18891358	0.99999964	-0.06321075	0.0542267	-0.10727563	0.19325927	-0.91571087	0.05945068	-0.058200214	0.08591827	-0.13498202	0.16539162	-0.0655829	0.054286547	-0.09806829	0.09664457	-0.16202457	0.0678316	-0.08765322	0.08088011	-0.08954409	0.08578253	-0.050070558	0.07140191	-0.063106574	0.073693775	-0.055561624	0.05288339	-0.04304479	0.06075175	-0.0527309	0.080081575	-0.04471611	0.05104314	-0.06515761	0.048597172	-0.053158287	0.047672186	-0.049890943	0.038487162	-0.04396626	0.04178796
-0.5126461	0.31541052	-0.15225732	0.13276353	-0.06321075	0.99999976	-0.70596135	0.1577738	-0.18168013	0.057816114	-0.28532657	0.23178002	-0.1522014	0.09400396	-0.059672102	0.11440003	-0.100059	0.121222265	-0.077254765	0.058652982	-0.094051436	0.114717096	-0.10194838	0.087284826	-0.078341454	0.06433073	-0.08779999	0.07204058	-0.081155956	0.049563933	-0.0672553	0.052357588	-0.06828456	0.057160303	-0.083827116	0.05405525	-0.062649116	0.070602775	-0.05343551	0.057025287	-0.0581482	0.05606074	-0.043602202	0.04823813	-0.04659142
0.307486	-0.5132898	0.1469501	-0.12971611	0.0542267	-0.70596135	0.99999964	-0.17152108	0.15155883	-0.050157852	0.23199187	-0.3156329	0.14525053	-0.08076666	0.05041121	-0.10069291	0.086637676	-0.11085805	0.06622188	-0.049830124	0.07820956	-0.10000237	0.088835835	-0.07489053	0.06475031	-0.053847197	0.07343272	-0.061012525	0.06827653	-0.04109062	0.055685088	-0.043520954	0.056649495	-0.047658693	0.06896733	-0.044973418	0.051764693	-0.05888981	0.044432316	-0.047519404	0.04802062	-0.046700336	0.036194745	-0.04018345	0.038657784
-0.18905386	0.1799426	-0.36349672	0.24019252	-0.10727563	0.1577738	-0.17152108	0.9999997	-0.38726023	0.098939665	-0.1916848	0.18583627	-0.6929537	0.15227285	-0.09594516	0.13130096	-0.11769002	0.2529126	-0.13416004	0.0939039	-0.12858902	0.1658324	-0.19932054	0.14378457	-0.117339276	0.09030016	-0.13119912	0.11164365	-0.12766317	0.074046604	-0.0943804	0.0744723	-0.10071835	0.08510937	-0.12291148	0.0758934	-0.08875592	0.10186942	-0.07793091	0.08231696	-0.081463724	0.079362154	-0.06193978	0.06878718	-0.06669935
0.21399185	-0.22067346	0.27534214	-0.43251958	0.19325927	-0.18168013	0.15155883	-0.38726023	0.99999994	-0.22987112	0.1649189	-0.16856526	0.24790622	-0.2637162	0.15269357	-0.18501386	0.14893025	-0.2812937	0.18534155	-0.15414926	0.17640392	-0.24383512	0.20870492	-0.20475483	0.17038526	-0.12971146	0.17817384	-0.15687631	0.17408906	-0.10964191	0.13560702	-0.1094202	0.14642937	-0.1252356	0.1791638	-0.11522778	0.12940042	-0.16030192	0.11797477	-0.12947184	0.12192284	-0.12649147	0.096614875	-0.10976463	0.10335984
-0.078850836	0.07284171	-0.1219359	0.15004735	-0.91571087	0.057816114	-0.050157852	0.098939665	-0.22987112	0.9999993	-0.055376735	0.053622633	-0.0811945	0.12257101	-0.20698895	0.059611075	-0.049755197	0.08928009	-0.091570415	0.14964646	-0.0626139	0.07952157	-0.07492581	0.08225399	-0.08222618	0.04604922	-0.06621814	0.0581003	-0.068617284	0.05216245	-0.048768174	0.039622776	-0.05646346	0.04886326	-0.075963415	0.040982362	-0.047099583	0.05963689	-0.044843152	0.048728473	-0.043847367	0.045518152	-0.035272956	0.040160883	-0.038410325
0.18916139	-0.20705083	0.12508638	-0.12118196	0.05945068	-0.28532657	0.23199187	-0.1916848	0.1649189	-0.055376735	0.9999991	-0.8178251	0.19816747	-0.10960039	0.064861186	-0.25484422	0.17300852	-0.16438933	0.09044233	-0.0649919	0.12161337	-0.16551378	0.12830605	-0.105353974	0.085327744	-0.08168748	0.10568485	-0.087376356	0.095276885	-0.054533325	0.080200404	-0.062057205	0.07722187	-0.065327145	0.090919875	-0.064334065	0.07240235	-0.08101495	0.06073579	-0.06507248	0.06698967	-0.06489492	0.049833275	-0.055317126	0.052803576
-0.19706668	0.19109441	-0.12668598	0.11484862	-0.058200214	0.23178002	-0.3156329	0.18583627	-0.16856526	0.053622633	-0.8178251	0.9999991	-0.26324242	0.101199314	-0.061731137	0.18099602	-0.17158467	0.15451294	-0.08605397	0.06124016	-0.11374655	0.14570312	-0.12531595	0.09834676	-0.081514865	0.07506608	-0.1003129	0.08166442	-0.090608776	0.051812556	-0.07546194	0.058024567	-0.07317509	0.061565574	-0.08681324	0.059636112	-0.068377666	0.075322755	-0.05703072	0.060582936	-0.06298554	0.060060862	-0.046493057	0.05130516	-0.049412675
0.1600555	-0.1615221	0.20293193	-0.19389315	0.08591827	-0.1522014	0.14525053	-0.6929537	0.24790622	-0.0811945	0.19816747	-0.26324242	0.9999992	-0.16630514	0.09346662	-0.14427191	0.1258859	-0.45895067	0.14332119	-0.09433232	0.1283479	-0.18846872	0.21829358	-0.15921617	0.113910064	-0.09151104	0.13223839	-0.11801966	0.13041642	-0.07263397	0.093249135	-0.07425802	0.09942826	-0.08529346	0.118449695	-0.075785786	0.087232426	-0.10201705	0.07742313	-0.08221334	0.08002085	-0.07925891	0.0613927	-0.06864877	0.06598592
-0.12927583	0.105799586	-0.12480804	0.124762505	-0.13498202	0.09400396	-0.08076666	0.15227285	-0.2637162	0.12257101	-0.10960039	0.101199314	-0.16630514	0.99999917	-0.35917395	0.13458431	-0.12019152	0.2190758	-0.6666889	0.26414523	-0.17105499	0.19117272	-0.22668481	0.28599375	-0.23448482	0.12604028	-0.20746756	0.17621323	-0.24760613	0.14199412	-0.1340919	0.10936511	-0.17148297	0.14651741	-0.224633	0.107497364	-0.13102624	0.15797463	-0.12727922	0.12911731	-0.11683947	0.11546763	-0.09250892	0.103102475	-0.10309646
0.07886635	-0.06810367	0.08143524	-0.08903714	0.16539162	-0.059672102	0.05041121	-0.09594516	0.15269357	-0.20698895	0.064861186	-0.061731137	0.09346662	-0.35917395	0.999999	-0.08385019	0.07149171	-0.13343301	0.23722813	-0.82722455	0.09687771	-0.11906791	0.12286337	-0.17141244	0.1811342	-0.07303973	0.11054291	-0.10097166	0.12660056	-0.12002805	0.07732519	-0.06426292	0.097661585	-0.08774158	0.139659	-0.065479785	0.07584375	-0.102651775	0.07769486	-0.08491288	0.06989442	-0.075022675	0.058448058	-0.067644715	0.06477567
-0.13071318	0.11074486	-0.10254209	0.09774898	-0.0655829	0.11440003	-0.10069291	0.13130096	-0.18501386	0.059611075	-0.25484422	0.18099602	-0.14427191	0.13458431	-0.08385019	0.9999992	-0.7632642	0.16834535	-0.11830431	0.08317782	-0.3117051	0.29459304	-0.18991278	0.14477986	-0.12366349	0.16395582	-0.19020484	0.1381644	-0.14900964	0.07894016	-0.15228263	0.10859118	-0.12010337	0.09974376	-0.13440333	0.111345224	-0.12543263	0.12284106	-0.092962034	0.09790662	-0.11464929	0.10179657	-0.078284964	0.08440537	-0.08127052
0.10714111	-0.0957342	0.08606989	-0.08331331	0.054286547	-0.100059	0.086637676	-0.11769002	0.14893025	-0.049755197	0.17300852	-0.17158467	0.1258859	-0.12019152	0.07149171	-0.7632642	0.99999905	-0.17164627	0.105049744	-0.07191192	0.20707335	-0.49578458	0.18332261	-0.13352664	0.10183654	-0.13182472	0.15689456	-0.12186813	0.125885	-0.06547971	0.11676787	-0.087732896	0.09846717	-0.083336964	0.10947162	-0.090538226	0.09889254	-0.103005216	0.07704881	-0.082031995	0.09045265	-0.08457286	0.06421885	-0.07047914	0.066926666
-0.15627934	0.13254601	-0.166287	0.14954722	-0.09806829	0.121222265	-0.11085805	0.2529126	-0.2812937	0.08928009	-0.16438933	0.15451294	-0.45895067	0.2190758	-0.13343301	0.16834535	-0.17164627	0.99999887	-0.26573807	0.1328081	-0.18416801	0.25587335	-0.608833	0.25289696	-0.16931859	0.12926766	-0.20543969	0.18159528	-0.21113801	0.1059113	-0.13286087	0.10521388	-0.14642733	0.12514654	-0.17287683	0.10423285	-0.12432748	0.14057338	-0.11033769	0.113368414	-0.11138083	0.10698379	-0.084251165	0.09312883	-0.09144438
0.100778826	-0.08563492	0.09783588	-0.098773435	0.09664457	-0.077254765	0.06622188	-0.13416004	0.18534155	-0.091570415	0.09044233	-0.08605397	0.14332119	-0.6666889	0.23722813	-0.11830431	0.105049744	-0.26573807	0.9999989	-0.31515852	0.13769513	-0.17957594	0.22508007	-0.49682197	0.18382889	-0.104227446	0.16809215	-0.16665362	0.21990694	-0.11711629	0.107153505	-0.08903098	0.13646296	-0.12492303	0.16633353	-0.087945424	0.10380667	-0.13280413	0.1040972	-0.107830346	0.09314853	-0.09579262	0.07542654	-0.08565353	0.0835423
-0.078761645	0.066796385	-0.080770716	0.085621305	-0.16202457	0.058652982	-0.049830124	0.0939039	-0.15414926	0.14964646	-0.0649919	0.06124016	-0.09433232	0.26414523	-0.82722455	0.08317782	-0.07191192	0.1328081	-0.31515852	0.9999991	-0.09918213	0.11823475	-0.12847465	0.1761242	-0.25045705	0.07448193	-0.115576975	0.1038142	-0.13618962	0.13391513	-0.07914364	0.06566042	-0.10331501	0.09236449	-0.16265471	0.06618647	-0.07780589	0.10385034	-0.08061166	0.08640826	-0.07108185	0.07514623	-0.05918586	0.06803472	-0.066247776
0.11426928	-0.09837772	0.096181795	-0.09619549	0.0678316	-0.094051436	0.07820956	-0.12858902	0.17640392	-0.0626139	0.12161337	-0.11374655	0.1283479	-0.17105499	0.09687771	-0.3117051	0.20707335	-0.18416801	0.13769513	-0.09918213	0.99999934	-0.35443506	0.18864585	-0.18084541	0.14333898	-0.6406925	0.2570052	-0.20475212	0.18034141	-0.094999425	0.28023076	-0.20202406	0.15563728	-0.13383746	0.15884846	-0.23116447	0.18960726	-0.1912701	0.13142018	-0.1494242	0.18107353	-0.17720531	0.122837186	-0.13717881	0.12037004
-0.14893398	0.12155174	-0.12916042	0.12290449	-0.08765322	0.114717096	-0.10000237	0.1658324	-0.24383512	0.07952157	-0.16551378	0.14570312	-0.18846872	0.19117272	-0.11906791	0.29459304	-0.49578458	0.25587335	-0.17957594	0.11823475	-0.35443506	0.9999993	-0.44322285	0.22754514	-0.17512302	0.20395197	-0.31209666	0.21362038	-0.22952016	0.11138083	-0.19554657	0.14489016	-0.16975829	0.14209871	-0.18754178	0.14328022	-0.167721	0.16710748	-0.12887642	0.13325731	-0.14961708	0.1342143	-0.1043744	0.11284416	-0.10986466
0.12546504	-0.10983965	0.1228033	-0.11994963	0.08088011	-0.10194838	0.088835835	-0.19932054	0.20870492	-0.07492581	0.12830605	-0.12531595	0.21829358	-0.22668481	0.12286337	-0.18991278	0.18332261	-0.608833	0.22508007	-0.12847465	0.18864585	-0.44322285	0.9999993	-0.41774732	0.16111189	-0.13826647	0.22053483	-0.25096187	0.23513322	-0.10427212	0.13315797	-0.10810894	0.14659394	-0.13174476	0.16164358	-0.10647104	0.12306037	-0.14466867	0.11178818	-0.115831874	0.109744914	-0.10882564	0.084432706	-0.09462502	0.0912945
-0.11517618	0.09601284	-0.1078129	0.1057685	-0.08954409	0.087284826	-0.07489053	0.14378457	-0.20475483	0.08225399	-0.105353974	0.09834676	-0.15921617	0.28599375	-0.17141244	0.14477986	-0.13352664	0.25289696	-0.49682197	0.1761242	-0.18084541	0.22754514	-0.41774732	0.9999994	-0.25401765	0.13799836	-0.25027025	0.24599937	-0.49497026	0.14810902	-0.1399567	0.117061146	-0.19683649	0.18159166	-0.21739371	0.11201121	-0.13569191	0.17138243	-0.14287634	0.138511	-0.11831031	0.119939506	-0.09565285	0.10787804	-0.107273646
0.101875454	-0.08657501	0.09038851	-0.09324389	0.08578253	-0.078341454	0.06475031	-0.117339276	0.17038526	-0.08222618	0.085327744	-0.081514865	0.113910064	-0.23448482	0.1811342	-0.12366349	0.10183654	-0.16931859	0.18382889	-0.25045705	0.14333898	-0.17512302	0.16111189	-0.25401765	0.99999934	-0.111620925	0.15830693	-0.15089954	0.18156983	-0.68807936	0.12043155	-0.10356498	0.16526726	-0.16477196	0.32042557	-0.10861602	0.12125696	-0.19635127	0.14258382	-0.17059083	0.115303114	-0.13758266	0.10581354	-0.12866649	0.11965131
-0.081306845	0.06846109	-0.06902693	0.06860445	-0.050070558	0.06433073	-0.053847197	0.09030016	-0.12971146	0.04604922	-0.08168748	0.07506608	-0.09151104	0.12604028	-0.07303973	0.16395582	-0.13182472	0.12926766	-0.104227446	0.07448193	-0.6406925	0.20395197	-0.13826647	0.13799836	-0.111620925	0.9999994	-0.3451943	0.1860336	-0.15743575	0.0741734	-0.53733784	0.20527442	-0.1302498	0.109775774	-0.12504141	0.21013805	-0.2024365	0.15054943	-0.10593499	0.115864724	-0.18055856	0.14062043	-0.10070615	0.106267795	-0.0962249
0.110242695	-0.09423106	0.096582	-0.096759796	0.07140191	-0.08779999	0.07343272	-0.13119912	0.17817384	-0.06621814	0.10568485	-0.1003129	0.13223839	-0.20746756	0.11054291	-0.19020484	0.15689456	-0.20543969	0.16809215	-0.115576975	0.2570052	-0.31209666	0.22053483	-0.25027025	0.15830693	-0.3451943	0.9999995	-0.64437515	0.28310505	-0.10779407	0.22236605	-0.22555429	0.18360962	-0.17140342	0.17289135	-0.17210793	0.19593251	-0.2022334	0.14549406	-0.15621524	0.15533297	-0.15749684	0.1161315	-0.13120136	0.12073235
-0.09326837	0.078219764	-0.08353996	0.08246605	-0.063106574	0.07204058	-0.061012525	0.11164365	-0.15687631	0.0581003	-0.087376356	0.08166442	-0.11801966	0.17621323	-0.10097166	0.1381644	-0.12186813	0.18159528	-0.16665362	0.1038142	-0.20475212	0.21362038	-0.25096187	0.24599937	-0.15089954	0.1860336	-0.64437515	0.9999996	-0.55989975	0.10233056	-0.167364	0.14536624	-0.2051848	0.18484361	-0.16612783	0.12360767	-0.15660425	0.17142504	-0.14112061	0.13374321	-0.12312554	0.121364996	-0.09490856	0.10594991	-0.1036988
0.10385479	-0.088310555	0.093603946	-0.093845405	0.073693775	-0.081155956	0.06827653	-0.12766317	0.17408906	-0.068617284	0.095276885	-0.090608776	0.13041642	-0.24760613	0.12660056	-0.14900964	0.125885	-0.21113801	0.21990694	-0.13618962	0.18034141	-0.22952016	0.23513322	-0.49497026	0.18156983	-0.15743575	0.28310505	-0.55989975	0.9999995	-0.13221562	0.14945535	-0.13459395	0.23939523	-0.33635384	0.196795	-0.12543346	0.14634316	-0.21721208	0.18000443	-0.17238739	0.12716666	-0.13848323	0.109467134	-0.12726466	0.123829104
-0.0649115	0.05478516	-0.057658587	0.059113186	-0.055561624	0.049563933	-0.04109062	0.074046604	-0.10964191	0.05216245	-0.054533325	0.051812556	-0.07263397	0.14199412	-0.12002805	0.07894016	-0.06547971	0.1059113	-0.11711629	0.13391513	-0.094999425	0.11138083	-0.10427212	0.14810902	-0.68807936	0.0741734	-0.10779407	0.10233056	-0.13221562	0.9999994	-0.080937535	0.070356525	-0.13605653	0.13787188	-0.6222511	0.07201128	-0.08280016	0.13659084	-0.11079119	0.12407889	-0.07748835	0.091014326	-0.07261839	0.08740116	-0.08700293
0.08521484	-0.07207847	0.07202757	-0.072346106	0.05288339	-0.0672553	0.055685088	-0.0943804	0.13560702	-0.048768174	0.080200404	-0.07546194	0.093249135	-0.1340919	0.07732519	-0.15228263	0.11676787	-0.13286087	0.107153505	-0.07914364	0.28023076	-0.19554657	0.13315797	-0.1399567	0.12043155	-0.53733784	0.22236605	-0.167364	0.14945535	-0.080937535	0.9999995	-0.42494756	0.1474091	-0.12366252	0.13734716	-0.45833966	0.26768148	-0.19236533	0.12675513	-0.14525847	0.24721867	-0.19931743	0.13203515	-0.14039819	0.12047735
-0.06756557	0.056538988	-0.057434008	0.057499666	-0.04304479	0.052357588	-0.043520954	0.0744723	-0.1094202	0.039622776	-0.062057205	0.058024567	-0.07425802	0.10936511	-0.06426292	0.10859118	-0.087732896	0.10521388	-0.08903098	0.06566042	-0.20202406	0.14489016	-0.10810894	0.117061146	-0.10356498	0.20527442	-0.22555429	0.14536624	-0.13459395	0.070356525	-0.42494756	0.9999998	-0.16372135	0.1210214	-0.12073689	0.19885443	-0.78462094	0.18388335	-0.12166914	0.123880625	-0.17497799	0.15453272	-0.11160056	0.11271995	-0.10422163
0.08886509	-0.07464531	0.076951295	-0.077769645	0.06075175	-0.06828456	0.056649495	-0.10071835	0.14642937	-0.05646346	0.07722187	-0.07317509	0.09942826	-0.17148297	0.097661585	-0.12010337	0.09846717	-0.14642733	0.13646296	-0.10331501	0.15563728	-0.16975829	0.14659394	-0.19683649	0.16526726	-0.1302498	0.18360962	-0.2051848	0.23939523	-0.13605653	0.1474091	-0.16372135	0.9999997	-0.694078	0.22106166	-0.13062102	0.17126586	-0.44949886	0.29321912	-0.26209038	0.1391186	-0.1697961	0.14664125	-0.17212105	0.17188358
-0.07498862	0.06261058	-0.06543358	0.065811194	-0.0527309	0.057160303	-0.047658693	0.08510937	-0.1252356	0.04886326	-0.065327145	0.061565574	-0.08529346	0.14651741	-0.08774158	0.09974376	-0.083336964	0.12514654	-0.12492303	0.09236449	-0.13383746	0.14209871	-0.13174476	0.18159166	-0.16477196	0.109775774	-0.17140342	0.18484361	-0.33635384	0.13787188	-0.12366252	0.1210214	-0.694078	0.99999976	-0.27513388	0.10612057	-0.13960014	0.29120234	-0.4416019	0.22879247	-0.11663685	0.13461192	-0.12120653	0.14081168	-0.15792017
0.10905484	-0.09234176	0.094543725	-0.09709266	0.080081575	-0.083827116	0.06896733	-0.12291148	0.1791638	-0.075963415	0.090919875	-0.08681324	0.118449695	-0.224633	0.139659	-0.13440333	0.10947162	-0.17287683	0.16633353	-0.16265471	0.15884846	-0.18754178	0.16164358	-0.21739371	0.32042557	-0.12504141	0.17289135	-0.16612783	0.196795	-0.6222511	0.13734716	-0.12073689	0.22106166	-0.27513388	0.99999964	-0.12570958	0.14136505	-0.25165486	0.19386901	-0.24180582	0.134574	-0.16499731	0.12977076	-0.16041265	0.15446965
-0.070762396	0.058505964	-0.05958564	0.05943745	-0.04471611	0.05405525	-0.044973418	0.0758934	-0.11522778	0.040982362	-0.064334065	0.059636112	-0.075785786	0.107497364	-0.065479785	0.111345224	-0.090538226	0.10423285	-0.087945424	0.06618647	-0.23116447	0.14328022	-0.10647104	0.11201121	-0.10861602	0.21013805	-0.17210793	0.12360767	-0.12543346	0.07201128	-0.45833966	0.19885443	-0.13062102	0.10612057	-0.12570958	0.99999976	-0.23590079	0.16249563	-0.11552315	0.12968472	-0.72046274	0.22708803	-0.16255984	0.13857073	-0.12647972
0.08047858	-0.0677378	0.06816554	-0.068670005	0.05104314	-0.062649116	0.051764693	-0.08875592	0.12940042	-0.047099583	0.07240235	-0.068377666	0.087232426	-0.13102624	0.07584375	-0.12543263	0.09889254	-0.12432748	0.10380667	-0.07780589	0.18960726	-0.167721	0.12306037	-0.13569191	0.12125696	-0.2024365	0.19593251	-0.15660425	0.14634316	-0.08280016	0.26768148	-0.78462094	0.17126586	-0.13960014	0.14136505	-0.23590079	0.9999997	-0.26813313	0.15020564	-0.16093364	0.18517622	-0.2147384	0.14189585	-0.14896141	0.13083099
-0.09524165	0.07761385	-0.08124089	0.08110716	-0.06515761	0.070602775	-0.05888981	0.10186942	-0.16030192	0.05963689	-0.08101495	0.075322755	-0.10201705	0.15797463	-0.102651775	0.12284106	-0.103005216	0.14057338	-0.13280413	0.10385034	-0.1912701	0.16710748	-0.14466867	0.17138243	-0.19635127	0.15054943	-0.2022334	0.17142504	-0.21721208	0.13659084	-0.19236533	0.18388335	-0.44949886	0.29120234	-0.25165486	0.16249563	-0.26813313	0.9999993	-0.56169534	0.2900686	-0.19833905	0.21586613	-0.25643337	0.21768506	-0.2681902
0.07082513	-0.05860124	0.060860667	-0.061168347	0.048597172	-0.05343551	0.044432316	-0.07793091	0.11797477	-0.044843152	0.06073579	-0.05703072	0.07742313	-0.12727922	0.07769486	-0.092962034	0.07704881	-0.11033769	0.1040972	-0.08061166	0.13142018	-0.12887642	0.11178818	-0.14287634	0.14258382	-0.10593499	0.14549406	-0.14112061	0.18000443	-0.11079119	0.12675513	-0.12166914	0.29321912	-0.4416019	0.19386901	-0.11552315	0.15020564	-0.56169534	0.999999	-0.5489993	0.13303772	-0.16940182	0.16548476	-0.21266073	0.2381652
-0.07691158	0.06274951	-0.065657854	0.065670714	-0.053158287	0.057025287	-0.047519404	0.08231696	-0.12947184	0.048728473	-0.06507248	0.060582936	-0.08221334	0.12911731	-0.08491288	0.09790662	-0.082031995	0.113368414	-0.107830346	0.08640826	-0.1494242	0.13325731	-0.115831874	0.138511	-0.17059083	0.115864724	-0.15621524	0.13374321	-0.17238739	0.12407889	-0.14525847	0.123880625	-0.26209038	0.22879247	-0.24180582	0.12968472	-0.16093364	0.2900686	-0.5489993	0.999999	-0.16342318	0.18972856	-0.21157075	0.25998315	-0.56953293
0.07553064	-0.063020885	0.06346822	-0.06382549	0.047672186	-0.0581482	0.04802062	-0.081463724	0.12192284	-0.043847367	0.06698967	-0.06298554	0.08002085	-0.11683947	0.06989442	-0.11464929	0.09045265	-0.11138083	0.09314853	-0.07108185	0.18107353	-0.14961708	0.109744914	-0.11831031	0.115303114	-0.18055856	0.15533297	-0.12312554	0.12716666	-0.07748835	0.24721867	-0.17497799	0.1391186	-0.11663685	0.134574	-0.72046274	0.18517622	-0.19833905	0.13303772	-0.16342318	0.9999984	-0.42653576	0.20689546	-0.19403711	0.15125048
-0.07572877	0.061448354	-0.063777	0.063522644	-0.049890943	0.05606074	-0.046700336	0.079362154	-0.12649147	0.045518152	-0.06489492	0.060060862	-0.07925891	0.11546763	-0.075022675	0.10179657	-0.08457286	0.10698379	-0.09579262	0.07514623	-0.17720531	0.1342143	-0.10882564	0.119939506	-0.13758266	0.14062043	-0.15749684	0.121364996	-0.13848323	0.091014326	-0.19931743	0.15453272	-0.1697961	0.13461192	-0.16499731	0.22708803	-0.2147384	0.21586613	-0.16940182	0.18972856	-0.42653576	0.9999985	-0.6652198	0.2737324	-0.25883895
0.058269054	-0.047749892	0.049217958	-0.049282268	0.038487162	-0.043602202	0.036194745	-0.06193978	0.096614875	-0.035272956	0.049833275	-0.046493057	0.0613927	-0.09250892	0.058448058	-0.078284964	0.06421885	-0.084251165	0.07542654	-0.05918586	0.122837186	-0.1043744	0.084432706	-0.09565285	0.10581354	-0.10070615	0.1161315	-0.09490856	0.109467134	-0.07261839	0.13203515	-0.11160056	0.14664125	-0.12120653	0.12977076	-0.16255984	0.14189585	-0.25643337	0.16548476	-0.21157075	0.20689546	-0.6652198	0.9999985	-0.5541735	0.25249907
-0.06537036	0.053029973	-0.055289622	0.055154376	-0.04396626	0.04823813	-0.04018345	0.06878718	-0.10976463	0.040160883	-0.055317126	0.05130516	-0.06864877	0.103102475	-0.067644715	0.08440537	-0.07047914	0.09312883	-0.08565353	0.06803472	-0.13717881	0.11284416	-0.09462502	0.10787804	-0.12866649	0.106267795	-0.13120136	0.10594991	-0.12726466	0.08740116	-0.14039819	0.11271995	-0.17212105	0.14081168	-0.16041265	0.13857073	-0.14896141	0.21768506	-0.21266073	0.25998315	-0.19403711	0.2737324	-0.5541735	0.99999857	-0.62473404
0.062210854	-0.051118728	0.052801087	-0.05300252	0.04178796	-0.04659142	0.038657784	-0.06669935	0.10335984	-0.038410325	0.052803576	-0.049412675	0.06598592	-0.10309646	0.06477567	-0.08127052	0.066926666	-0.09144438	0.0835423	-0.066247776	0.12037004	-0.10986466	0.0912945	-0.107273646	0.11965131	-0.0962249	0.12073235	-0.1036988	0.123829104	-0.08700293	0.12047735	-0.10422163	0.17188358	-0.15792017	0.15446965	-0.12647972	0.13083099	-0.2681902	0.2381652	-0.56953293	0.15125048	-0.25883895	0.25249907	-0.62473404	0.99999857
