0.9999999	-0.86513823	0.18008672	-0.10690564	0.047564812	-0.19846633	0.22895186	-0.16163154	0.08577152	-0.044967417	0.15888974	-0.30060655	0.11585654	-0.08816533	0.10059436	-0.07632664	0.06358375	-0.076967694	0.085329235	-0.08392946	0.026739033	-0.028164292	0.072600946	-0.056113053	0.06180492	-0.032709956	0.06674504	-0.07193228	0.051160682	-0.050075267	0.036121637	-0.051302493	0.064355046	-0.033592023	0.035426456	-0.04398048	0.03661832	-0.0391838	0.025428005	-0.026939595	0.03638451	-0.028171849	0.045223538	-0.023690697	0.025803756
-0.86513823	1.0	-0.23288746	0.105179116	-0.049133364	0.15348502	-0.30034792	0.17005423	-0.08923082	0.045540825	-0.15553622	0.240404	-0.114828885	0.087373205	-0.10503693	0.06816493	-0.058487915	0.072278716	-0.08342318	0.07855315	-0.025038421	0.026259324	-0.06960227	0.053370424	-0.059187684	0.030601736	-0.06310321	0.06699716	-0.048713274	0.04726771	-0.03392742	0.04772656	-0.06100017	0.031776965	-0.0336729	0.040871717	-0.03430147	0.036728624	-0.02387764	0.02513699	-0.03419506	0.026414614	-0.04262921	0.022198843	-0.024203617
0.18008672	-0.23288746	1.0	-0.31632707	0.09377369	-0.12199097	0.27489284	-0.7602801	0.23435509	-0.09286555	0.110190675	-0.3444025	0.11913884	-0.18071254	0.17240115	-0.075568445	0.06330209	-0.08287404	0.10869512	-0.10374304	0.025120191	-0.026674975	0.07346706	-0.06059083	0.0650676	-0.029781705	0.058850747	-0.07203648	0.052676458	-0.05298706	0.032487486	-0.047257587	0.058954656	-0.033745926	0.03517705	-0.040203854	0.033137295	-0.03588536	0.023296056	-0.025001058	0.032357465	-0.025344009	0.04026336	-0.02174199	0.023542428
-0.10690564	0.105179116	-0.31632707	0.99999994	-0.22162822	0.056789137	-0.13971058	0.23774499	-0.74318373	0.17982388	-0.055065542	0.13313252	-0.11169706	0.28939253	-0.39138258	0.059046164	-0.050476275	0.07859902	-0.15922427	0.1278152	-0.024289755	0.025733227	-0.077891424	0.06865267	-0.07492399	0.029764645	-0.059596166	0.07387316	-0.058653645	0.059028286	-0.03264764	0.04770758	-0.06107653	0.036706164	-0.03844695	0.040527713	-0.033661712	0.036665972	-0.024012633	0.025756333	-0.032879006	0.025761295	-0.041134484	0.02235095	-0.02428831
0.047564812	-0.049133364	0.09377369	-0.22162822	1.0000004	-0.025585927	0.05474269	-0.09001758	0.16166556	-0.93270135	0.024496233	-0.060481492	0.058593497	-0.1727146	0.18986069	-0.032489404	0.027195165	-0.043555677	0.08231523	-0.083397366	0.013920275	-0.014807384	0.043672137	-0.039732732	0.043522988	-0.017480636	0.034792814	-0.043795485	0.033917416	-0.035258424	0.019138882	-0.028364247	0.03559801	-0.021602737	0.02243178	-0.02413253	0.019888747	-0.021667399	0.014181346	-0.015337731	0.019371882	-0.0152156595	0.024167348	-0.013234151	0.014373451
-0.19846633	0.15348502	-0.12199097	0.056789137	-0.025585927	1.0000002	-0.2294128	0.1029776	-0.050050218	0.023839775	-0.9184787	0.21531343	-0.06972989	0.046818495	-0.054196995	0.07176741	-0.06164286	0.049160894	-0.04575124	0.04276204	-0.015947789	0.016584016	-0.041469242	0.03036193	-0.032417625	0.016343921	-0.031780835	0.03690044	-0.026815478	0.025995152	-0.017721584	0.024663815	-0.031079413	0.01705429	-0.01792941	0.02093154	-0.01736263	0.018675476	-0.012069094	0.012783958	-0.017004518	0.013262548	-0.02114897	0.0112369135	-0.012138183
0.22895186	-0.30034792	0.27489284	-0.13971058	0.05474269	-0.2294128	1.0000002	-0.40986618	0.12710837	-0.0521626	0.1908896	-0.74979	0.10463949	-0.103001595	0.1092637	-0.07934159	0.06948104	-0.07249035	0.07751933	-0.072996564	0.02193142	-0.023187425	0.061097536	-0.04748938	0.050707076	-0.024544341	0.048324317	-0.057567973	0.041633487	-0.041088954	0.02672635	-0.038116787	0.04781775	-0.026642984	0.027887587	-0.03240288	0.026810361	-0.028933946	0.018735563	-0.019964742	0.026249731	-0.020504616	0.03266035	-0.017465202	0.018894507
-0.16163154	0.17005423	-0.7602801	0.23774499	-0.09001758	0.1029776	-0.40986618	1.0000001	-0.31432575	0.08483427	-0.09875832	0.25799167	-0.110939436	0.16321093	-0.17229997	0.062366605	-0.05324647	0.071825914	-0.09869362	0.08833931	-0.021249231	0.022518793	-0.06368762	0.052349597	-0.05621648	0.02512266	-0.049842265	0.06097746	-0.045335054	0.04530284	-0.027445145	0.039778773	-0.050122436	0.02882522	-0.030119946	0.03381142	-0.027967822	0.030317191	-0.01970537	0.021092596	-0.027331073	0.021393703	-0.03406612	0.018370321	-0.01989942
0.08577152	-0.08923082	0.23435509	-0.74318373	0.16166556	-0.050050218	0.12710837	-0.31432575	0.99999994	-0.1766067	0.047623586	-0.12365284	0.09003329	-0.44846502	0.2794712	-0.049807493	0.042239916	-0.06613177	0.13451478	-0.11284212	0.019800942	-0.021041054	0.06355875	-0.057717953	0.06169883	-0.024138667	0.04796585	-0.060977753	0.048191264	-0.04917892	0.026393907	-0.03878624	0.049304664	-0.030167015	0.031401675	-0.03291259	0.027240098	-0.02971967	0.019452587	-0.020939134	0.026519127	-0.020824825	0.033149667	-0.018123839	0.019664166
-0.044967417	0.045540825	-0.09286555	0.17982388	-0.93270135	0.023839775	-0.0521626	0.08483427	-0.1766067	1.0	-0.022939129	0.055810656	-0.05482915	0.15939459	-0.23767373	0.029904373	-0.025160024	0.040292095	-0.07798694	0.075164676	-0.012802038	0.01360424	-0.04045261	0.03660693	-0.040110797	0.01601109	-0.031930543	0.04004363	-0.031251777	0.032264072	-0.017541537	0.025916561	-0.032699894	0.019821428	-0.020625928	0.022042401	-0.018203456	0.01983329	-0.012986504	0.014018499	-0.017743543	0.013928246	-0.022153925	0.012110999	-0.013157274
0.15888974	-0.15553622	0.110190675	-0.055065542	0.024496233	-0.9184787	0.1908896	-0.09875832	0.047623586	-0.022939129	1.0	-0.2780133	0.069531426	-0.045474295	0.051912278	-0.08237994	0.06485928	-0.050791048	0.045180347	-0.04261759	0.016287304	-0.016977217	0.04166801	-0.030450152	0.03228936	-0.016409175	0.031656887	-0.037115112	0.026784046	-0.0260057	0.017729893	-0.024669278	0.030948555	-0.01703303	0.017874803	-0.02092292	0.017319819	-0.018631069	0.012027552	-0.012753776	0.016933462	-0.013220074	0.021045001	-0.011203386	0.012089477
-0.30060655	0.240404	-0.3444025	0.13313252	-0.060481492	0.21531343	-0.74979	0.25799167	-0.12365284	0.055810656	-0.2780133	1.0000001	-0.14056417	0.10673045	-0.12603094	0.09941256	-0.09589548	0.09107847	-0.093209	0.08637908	-0.02778716	0.029232709	-0.07749828	0.05863513	-0.062885575	0.030697515	-0.060705002	0.07108367	-0.051737178	0.050534014	-0.033491608	0.047354396	-0.059891943	0.033018295	-0.034689065	0.04024745	-0.033425827	0.036035918	-0.023336291	0.024765955	-0.032795373	0.025574107	-0.04084364	0.021730464	-0.023516996
0.11585654	-0.114828885	0.11913884	-0.11169706	0.058593497	-0.06972989	0.10463949	-0.110939436	0.09003329	-0.05482915	0.069531426	-0.14056417	1.0	-0.13871424	0.15004212	-0.31935412	0.23663211	-0.6062984	0.23850827	-0.2659443	0.08791745	-0.0959521	0.27986142	-0.21388762	0.19761407	-0.1000872	0.18623121	-0.2848406	0.17412534	-0.17622563	0.106333576	-0.16121918	0.19162573	-0.11191165	0.113106266	-0.1356583	0.10894503	-0.119397484	0.07577142	-0.08259781	0.103602745	-0.08256675	0.12801409	-0.07127741	0.075723805
-0.08816533	0.087373205	-0.18071254	0.28939253	-0.1727146	0.046818495	-0.103001595	0.16321093	-0.44846502	0.15939459	-0.045474295	0.10673045	-0.13871424	1.0	-0.72148716	0.072999045	-0.06253206	0.10699367	-0.31215253	0.20221972	-0.031206781	0.033198316	-0.106162876	0.10094366	-0.10670861	0.0382081	-0.07583396	0.099258624	-0.08213186	0.08362348	-0.041756008	0.061713617	-0.079142764	0.050346527	-0.05236324	0.052256774	-0.043298293	0.047450326	-0.031176193	0.033620894	-0.042019367	0.033071067	-0.052642472	0.029022086	-0.03149333
0.10059436	-0.10503693	0.17240115	-0.39138258	0.18986069	-0.054196995	0.1092637	-0.17229997	0.2794712	-0.23767373	0.051912278	-0.12603094	0.15004212	-0.72148716	1.0000002	-0.0855181	0.07088867	-0.11858906	0.23582996	-0.25945213	0.03725932	-0.03978072	0.118526645	-0.11289669	0.1223263	-0.047023162	0.09287278	-0.12103208	0.09422935	-0.100171626	0.051331222	-0.07684922	0.09581343	-0.060011882	0.061863553	-0.06529362	0.053595982	-0.058577158	0.03837632	-0.041737963	0.05196923	-0.040952887	0.0648104	-0.035851173	0.038889796
-0.07632664	0.06816493	-0.075568445	0.059046164	-0.032489404	0.07176741	-0.07934159	0.062366605	-0.049807493	0.029904373	-0.08237994	0.09941256	-0.31935412	0.072999045	-0.0855181	0.99999994	-0.8526295	0.27176136	-0.15059759	0.12985967	-0.09618223	0.09286584	-0.20004748	0.11988503	-0.120598346	0.063638896	-0.11041097	0.13529927	-0.10160371	0.09390143	-0.06624714	0.08415708	-0.10643472	0.060858916	-0.06397414	0.07014099	-0.05790612	0.062199395	-0.03970972	0.041616183	-0.05541783	0.043594632	-0.068741255	0.036880035	-0.039149154
0.06358375	-0.058487915	0.06330209	-0.050476275	0.027195165	-0.06164286	0.06948104	-0.05324647	0.042239916	-0.025160024	0.06485928	-0.09589548	0.23663211	-0.06253206	0.07088867	-0.8526295	1.0000002	-0.3991706	0.12678601	-0.11628919	0.0800997	-0.08782704	0.17135876	-0.108239286	0.10040507	-0.05434025	0.09147271	-0.12216212	0.086247586	-0.081749335	0.055555817	-0.07188889	0.08866051	-0.052069124	0.053809267	-0.05976905	0.048814267	-0.05260798	0.033433102	-0.035326336	0.04637977	-0.03667658	0.05733727	-0.031148897	0.032934375
-0.076967694	0.072278716	-0.08287404	0.07859902	-0.043555677	0.049160894	-0.07249035	0.071825914	-0.06613177	0.040292095	-0.050791048	0.09107847	-0.6062984	0.10699367	-0.11858906	0.27176136	-0.3991706	0.99999994	-0.27417198	0.21183372	-0.080846116	0.0856568	-0.47261485	0.21328464	-0.19271551	0.07605457	-0.14332974	0.21743739	-0.16511463	0.1502589	-0.0811438	0.11541563	-0.15340643	0.09392866	-0.097367674	0.0959337	-0.079579115	0.087864175	-0.056323458	0.059663273	-0.07567617	0.06008697	-0.095034674	0.05232188	-0.055499256
0.085329235	-0.08342318	0.10869512	-0.15922427	0.08231523	-0.04575124	0.07751933	-0.09869362	0.13451478	-0.07798694	0.045180347	-0.093209	0.23850827	-0.31215253	0.23582996	-0.15059759	0.12678601	-0.27417198	0.99999976	-0.7085939	0.062292784	-0.06720935	0.23306079	-0.29636842	0.2554235	-0.07448939	0.14389566	-0.21765034	0.19053224	-0.20578468	0.08043018	-0.121579066	0.1560772	-0.11416183	0.11533344	-0.10195317	0.08401567	-0.09347301	0.061776027	-0.067374915	0.08022221	-0.06383709	0.10078718	-0.05754249	0.062068183
-0.08392946	0.07855315	-0.10374304	0.1278152	-0.083397366	0.04276204	-0.072996564	0.08833931	-0.11284212	0.075164676	-0.04261759	0.08637908	-0.2659443	0.20221972	-0.25945213	0.12985967	-0.11628919	0.21183372	-0.7085939	0.9999999	-0.0644139	0.06806452	-0.25020528	0.24928938	-0.40809473	0.077567294	-0.15624663	0.20937239	-0.21439593	0.21570715	-0.08524571	0.12460361	-0.17177327	0.12182286	-0.13239004	0.104762904	-0.088749856	0.09852599	-0.06620111	0.07072306	-0.08600099	0.067726135	-0.10930618	0.06101717	-0.06687396
0.026739033	-0.025038421	0.025120191	-0.024289755	0.013920275	-0.015947789	0.02193142	-0.021249231	0.019800942	-0.012802038	0.016287304	-0.02778716	0.08791745	-0.031206781	0.03725932	-0.09618223	0.0800997	-0.080846116	0.062292784	-0.0644139	1.0	-0.92087245	0.10186837	-0.067141816	0.06244489	-0.25928247	0.17785072	-0.1027695	0.058385972	-0.055269416	0.16889949	-0.12231241	0.09029345	-0.03988756	0.040680487	-0.09787473	0.071124084	-0.063563526	0.03656274	-0.036090665	0.06331475	-0.049717095	0.06928016	-0.034458313	0.033599265
-0.028164292	0.026259324	-0.026674975	0.025733227	-0.014807384	0.016584016	-0.023187425	0.022518793	-0.021041054	0.01360424	-0.016977217	0.029232709	-0.0959521	0.033198316	-0.03978072	0.09286584	-0.08782704	0.0856568	-0.06720935	0.06806452	-0.92087245	1.0000002	-0.1202627	0.07228988	-0.06810083	0.19973941	-0.21758507	0.10830463	-0.06340436	0.05900212	-0.18725838	0.12385909	-0.09761626	0.042722907	-0.04386093	0.099505804	-0.075174145	0.067145795	-0.038965542	0.038201664	-0.067882575	0.05260325	-0.07452769	0.036581166	-0.035828773
0.072600946	-0.06960227	0.07346706	-0.077891424	0.043672137	-0.041469242	0.061097536	-0.06368762	0.06355875	-0.04045261	0.04166801	-0.07749828	0.27986142	-0.106162876	0.118526645	-0.20004748	0.17135876	-0.47261485	0.23306079	-0.25020528	0.10186837	-0.1202627	0.9999994	-0.5229809	0.26028782	-0.09891204	0.18103568	-0.4319453	0.25054756	-0.23437437	0.10314338	-0.15415838	0.20580153	-0.13961428	0.13632673	-0.12575199	0.10359008	-0.11762361	0.07414885	-0.07912263	0.09629293	-0.07768852	0.12124494	-0.06913393	0.0720714
-0.056113053	0.053370424	-0.06059083	0.06865267	-0.039732732	0.03036193	-0.04748938	0.052349597	-0.057717953	0.03660693	-0.030450152	0.05863513	-0.21388762	0.10094366	-0.11289669	0.11988503	-0.108239286	0.21328464	-0.29636842	0.24928938	-0.067141816	0.07228988	-0.5229809	0.99999994	-0.5122152	0.072599374	-0.14006667	0.25523576	-0.48375526	0.29313844	-0.0779543	0.11745148	-0.1682303	0.16242586	-0.16714513	0.0965903	-0.081426434	0.09334722	-0.06371273	0.06838181	-0.07630246	0.06137401	-0.09776643	0.058377452	-0.06272897
0.06180492	-0.059187684	0.0650676	-0.07492399	0.043522988	-0.032417625	0.050707076	-0.05621648	0.06169883	-0.040110797	0.03228936	-0.062885575	0.19761407	-0.10670861	0.1223263	-0.120598346	0.10040507	-0.19271551	0.2554235	-0.40809473	0.06244489	-0.06810083	0.26028782	-0.5122152	0.9999997	-0.07686376	0.14704567	-0.26559448	0.30744416	-0.5657215	0.08257091	-0.12930362	0.17290153	-0.17984849	0.17869425	-0.106858455	0.08870708	-0.10188715	0.07001646	-0.07756831	0.08307895	-0.06707544	0.105775684	-0.06482757	0.069813795
-0.032709956	0.030601736	-0.029781705	0.029764645	-0.017480636	0.016343921	-0.024544341	0.02512266	-0.024138667	0.01601109	-0.016409175	0.030697515	-0.1000872	0.0382081	-0.047023162	0.063638896	-0.05434025	0.07605457	-0.07448939	0.077567294	-0.25928247	0.19973941	-0.09891204	0.072599374	-0.07686376	0.9999999	-0.45538294	0.14552562	-0.07463385	0.06990801	-0.76290774	0.2447042	-0.15887605	0.056827657	-0.058352754	0.19740568	-0.14622594	0.11681737	-0.06504178	0.060969304	-0.12776059	0.09704909	-0.13175456	0.061076496	-0.057567973
0.06674504	-0.06310321	0.058850747	-0.059596166	0.034792814	-0.031780835	0.048324317	-0.049842265	0.04796585	-0.031930543	0.031656887	-0.060705002	0.18623121	-0.07583396	0.09287278	-0.11041097	0.09147271	-0.14332974	0.14389566	-0.15624663	0.17785072	-0.21758507	0.18103568	-0.14006667	0.14704567	-0.45538294	0.9999999	-0.34171045	0.14557192	-0.13923872	0.294989	-0.48027584	0.2687885	-0.10766957	0.108533844	-0.31962	0.22308937	-0.20193821	0.11129582	-0.11152957	0.18669078	-0.1555345	0.2056559	-0.10646899	0.10139623
-0.07193228	0.06699716	-0.07203648	0.07387316	-0.043795485	0.03690044	-0.057567973	0.06097746	-0.060977753	0.04004363	-0.037115112	0.07108367	-0.2848406	0.099258624	-0.12103208	0.13529927	-0.12216212	0.21743739	-0.21765034	0.20937239	-0.1027695	0.10830463	-0.4319453	0.25523576	-0.26559448	0.14552562	-0.34171045	0.9999998	-0.34919494	0.23297459	-0.15910788	0.24013935	-0.5117721	0.17678447	-0.18488994	0.18943417	-0.1705997	0.19977392	-0.11738909	0.11250947	-0.15676814	0.1261381	-0.20778692	0.106716454	-0.10645249
0.051160682	-0.048713274	0.052676458	-0.058653645	0.033917416	-0.026815478	0.041633487	-0.045335054	0.048191264	-0.031251777	0.026784046	-0.051737178	0.17412534	-0.08213186	0.09422935	-0.10160371	0.086247586	-0.16511463	0.19053224	-0.21439593	0.058385972	-0.06340436	0.25054756	-0.48375526	0.30744416	-0.07463385	0.14557192	-0.34919494	0.99999946	-0.60678613	0.08034588	-0.12840846	0.18992448	-0.33328253	0.2468878	-0.10442146	0.08865478	-0.10553549	0.07607582	-0.08216523	0.08181887	-0.066723995	0.10625631	-0.06930802	0.07339688
-0.050075267	0.04726771	-0.05298706	0.059028286	-0.035258424	0.025995152	-0.041088954	0.04530284	-0.04917892	0.032264072	-0.0260057	0.050534014	-0.17622563	0.08362348	-0.100171626	0.09390143	-0.081749335	0.1502589	-0.20578468	0.21570715	-0.055269416	0.05900212	-0.23437437	0.29313844	-0.5657215	0.06990801	-0.13923872	0.23297459	-0.60678613	0.99999964	-0.07647032	0.11860665	-0.1806811	0.23993357	-0.32553902	0.09782495	-0.084251955	0.0987519	-0.07354034	0.0808922	-0.07899018	0.06374334	-0.103278376	0.06623093	-0.074236244
0.036121637	-0.03392742	0.032487486	-0.03264764	0.019138882	-0.017721584	0.02672635	-0.027445145	0.026393907	-0.017541537	0.017729893	-0.033491608	0.106333576	-0.041756008	0.051331222	-0.06624714	0.055555817	-0.0811438	0.08043018	-0.08524571	0.16889949	-0.18725838	0.10314338	-0.0779543	0.08257091	-0.76290774	0.294989	-0.15910788	0.08034588	-0.07647032	0.9999993	-0.38214386	0.17678836	-0.06292151	0.064000584	-0.30519524	0.18268952	-0.1411404	0.075417355	-0.07059791	0.15077475	-0.11900807	0.1511597	-0.07139755	0.0657138
-0.051302493	0.04772656	-0.047257587	0.04770758	-0.028364247	0.024663815	-0.038116787	0.039778773	-0.03878624	0.025916561	-0.024669278	0.047354396	-0.16121918	0.061713617	-0.07684922	0.08415708	-0.07188889	0.11541563	-0.121579066	0.12460361	-0.12231241	0.12385909	-0.15415838	0.11745148	-0.12930362	0.2447042	-0.48027584	0.24013935	-0.12840846	0.11860665	-0.38214386	0.99999934	-0.42697835	0.10945903	-0.11292635	0.30401802	-0.44335654	0.26259527	-0.13923563	0.120764755	-0.26597035	0.21336916	-0.29212484	0.12762249	-0.11638265
0.064355046	-0.06100017	0.058954656	-0.06107653	0.03559801	-0.031079413	0.04781775	-0.050122436	0.049304664	-0.032699894	0.030948555	-0.059891943	0.19162573	-0.079142764	0.09581343	-0.10643472	0.08866051	-0.15340643	0.1560772	-0.17177327	0.09029345	-0.09761626	0.20580153	-0.1682303	0.17290153	-0.15887605	0.2687885	-0.5117721	0.18992448	-0.1806811	0.17678836	-0.42697835	0.99999934	-0.20147838	0.1687088	-0.27260882	0.24753632	-0.43529242	0.16242325	-0.15133396	0.19540434	-0.17674436	0.26271224	-0.15522079	0.13137162
-0.033592023	0.031776965	-0.033745926	0.036706164	-0.021602737	0.01705429	-0.026642984	0.02882522	-0.030167015	0.019821428	-0.01703303	0.033018295	-0.11191165	0.050346527	-0.060011882	0.060858916	-0.052069124	0.09392866	-0.11416183	0.12182286	-0.03988756	0.042722907	-0.13961428	0.16242586	-0.17984849	0.056827657	-0.10766957	0.17678447	-0.33328253	0.23993357	-0.06292151	0.10945903	-0.20147838	0.99999905	-0.8592831	0.08893725	-0.07928177	0.10398515	-0.10613755	0.107188255	-0.07112919	0.059731245	-0.09819166	0.086599335	-0.09537916
0.035426456	-0.0336729	0.03517705	-0.03844695	0.02243178	-0.01792941	0.027887587	-0.030119946	0.031401675	-0.020625928	0.017874803	-0.034689065	0.113106266	-0.05236324	0.061863553	-0.06397414	0.053809267	-0.097367674	0.11533344	-0.13239004	0.040680487	-0.04386093	0.13632673	-0.16714513	0.17869425	-0.058352754	0.108533844	-0.18488994	0.2468878	-0.32553902	0.064000584	-0.11292635	0.1687088	-0.8592831	0.9999993	-0.091953404	0.07958832	-0.10382081	0.09864744	-0.12592095	0.071547404	-0.060314946	0.097052604	-0.087952524	0.0987485
-0.04398048	0.040871717	-0.040203854	0.040527713	-0.02413253	0.02093154	-0.03240288	0.03381142	-0.03291259	0.022042401	-0.02092292	0.04024745	-0.1356583	0.052256774	-0.06529362	0.07014099	-0.05976905	0.0959337	-0.10195317	0.104762904	-0.09787473	0.099505804	-0.12575199	0.0965903	-0.106858455	0.19740568	-0.31962	0.18943417	-0.10442146	0.09782495	-0.30519524	0.30401802	-0.27260882	0.08893725	-0.091953404	0.9999994	-0.54884785	0.27364153	-0.14815722	0.12269946	-0.48572755	0.29232353	-0.3556054	0.13669224	-0.12016851
0.03661832	-0.03430147	0.033137295	-0.033661712	0.019888747	-0.01736263	0.026810361	-0.027967822	0.027240098	-0.018203456	0.017319819	-0.033425827	0.10894503	-0.043298293	0.053595982	-0.05790612	0.048814267	-0.079579115	0.08401567	-0.088749856	0.071124084	-0.075174145	0.10359008	-0.081426434	0.08870708	-0.14622594	0.22308937	-0.1705997	0.08865478	-0.084251955	0.18268952	-0.44335654	0.24753632	-0.07928177	0.07958832	-0.54884785	0.9999993	-0.45601758	0.14829378	-0.11894947	0.2983264	-0.42247534	0.30326316	-0.14184523	0.10743535
-0.0391838	0.036728624	-0.03588536	0.036665972	-0.021667399	0.018675476	-0.028933946	0.030317191	-0.02971967	0.01983329	-0.018631069	0.036035918	-0.119397484	0.047450326	-0.058577158	0.062199395	-0.05260798	0.087864175	-0.09347301	0.09852599	-0.063563526	0.067145795	-0.11762361	0.09334722	-0.10188715	0.11681737	-0.20193821	0.19977392	-0.10553549	0.0987519	-0.1411404	0.26259527	-0.43529242	0.10398515	-0.10382081	0.27364153	-0.45601758	0.99999917	-0.31220192	0.16529204	-0.26489082	0.25035942	-0.5722063	0.21937369	-0.15598136
0.025428005	-0.02387764	0.023296056	-0.024012633	0.014181346	-0.012069094	0.018735563	-0.01970537	0.019452587	-0.012986504	0.012027552	-0.023336291	0.07577142	-0.031176193	0.03837632	-0.03970972	0.033433102	-0.056323458	0.061776027	-0.06620111	0.03656274	-0.038965542	0.07414885	-0.06371273	0.07001646	-0.06504178	0.11129582	-0.11738909	0.07607582	-0.07354034	0.075417355	-0.13923563	0.16242325	-0.10613755	0.09864744	-0.14815722	0.14829378	-0.31220192	0.99999905	-0.39346743	0.12477803	-0.11989743	0.22366966	-0.78104323	0.27864918
-0.026939595	0.02513699	-0.025001058	0.025756333	-0.015337731	0.012783958	-0.019964742	0.021092596	-0.020939134	0.014018499	-0.012753776	0.024765955	-0.08259781	0.033620894	-0.041737963	0.041616183	-0.035326336	0.059663273	-0.067374915	0.07072306	-0.036090665	0.038201664	-0.07912263	0.06838181	-0.07756831	0.060969304	-0.11152957	0.11250947	-0.08216523	0.0808922	-0.07059791	0.120764755	-0.15133396	0.107188255	-0.12592095	0.12269946	-0.11894947	0.16529204	-0.39346743	0.99999917	-0.11387627	0.09690502	-0.18394177	0.28504804	-0.8293056
0.03638451	-0.03419506	0.032357465	-0.032879006	0.019371882	-0.017004518	0.026249731	-0.027331073	0.026519127	-0.017743543	0.016933462	-0.032795373	0.103602745	-0.042019367	0.05196923	-0.05541783	0.04637977	-0.07567617	0.08022221	-0.08600099	0.06331475	-0.067882575	0.09629293	-0.07630246	0.08307895	-0.12776059	0.18669078	-0.15676814	0.08181887	-0.07899018	0.15077475	-0.26597035	0.19540434	-0.07112919	0.071547404	-0.48572755	0.2983264	-0.26489082	0.12477803	-0.11387627	0.9999993	-0.71022916	0.28627083	-0.13007636	0.10016848
-0.028171849	0.026414614	-0.025344009	0.025761295	-0.0152156595	0.013262548	-0.020504616	0.021393703	-0.020824825	0.013928246	-0.013220074	0.025574107	-0.08256675	0.033071067	-0.040952887	0.043594632	-0.03667658	0.06008697	-0.06383709	0.067726135	-0.049717095	0.05260325	-0.07768852	0.06137401	-0.06707544	0.09704909	-0.1555345	0.1261381	-0.066723995	0.06374334	-0.11900807	0.21336916	-0.17674436	0.059731245	-0.060314946	0.29232353	-0.42247534	0.25035942	-0.11989743	0.09690502	-0.71022916	0.99999934	-0.45728707	0.12094546	-0.089689896
0.045223538	-0.04262921	0.04026336	-0.041134484	0.024167348	-0.02114897	0.03266035	-0.03406612	0.033149667	-0.022153925	0.021045001	-0.04084364	0.12801409	-0.052642472	0.0648104	-0.068741255	0.05733727	-0.095034674	0.10078718	-0.10930618	0.06928016	-0.07452769	0.12124494	-0.09776643	0.105775684	-0.13175456	0.2056559	-0.20778692	0.10625631	-0.103278376	0.1511597	-0.29212484	0.26271224	-0.09819166	0.097052604	-0.3556054	0.30326316	-0.5722063	0.22366966	-0.18394177	0.28627083	-0.45728707	0.9999993	-0.27756682	0.1606599
-0.023690697	0.022198843	-0.02174199	0.02235095	-0.013234151	0.0112369135	-0.017465202	0.018370321	-0.018123839	0.012110999	-0.011203386	0.021730464	-0.07127741	0.029022086	-0.035851173	0.036880035	-0.031148897	0.05232188	-0.05754249	0.06101717	-0.034458313	0.036581166	-0.06913393	0.058377452	-0.06482757	0.061076496	-0.10646899	0.106716454	-0.06930802	0.06623093	-0.07139755	0.12762249	-0.15522079	0.086599335	-0.087952524	0.13669224	-0.14184523	0.21937369	-0.78104323	0.28504804	-0.13007636	0.12094546	-0.27756682	0.9999992	-0.42545846
0.025803756	-0.024203617	0.023542428	-0.02428831	0.014373451	-0.012138183	0.018894507	-0.01989942	0.019664166	-0.013157274	0.012089477	-0.023516996	0.075723805	-0.03149333	0.038889796	-0.039149154	0.032934375	-0.055499256	0.062068183	-0.06687396	0.033599265	-0.035828773	0.0720714	-0.06272897	0.069813795	-0.057567973	0.10139623	-0.10645249	0.07339688	-0.074236244	0.0657138	-0.11638265	0.13137162	-0.09537916	0.0987485	-0.12016851	0.10743535	-0.15598136	0.27864918	-0.8293056	0.10016848	-0.089689896	0.1606599	-0.42545846	0.9999992
