1.0000001	-0.44021726	0.16595018	-0.08870744	0.09562909	-0.81688064	0.28755358	-0.16184263	0.10702056	-0.0905905	0.15274717	-0.1396402	0.106355906	-0.119595416	0.082008764	-0.04322955	0.057107314	-0.12225587	0.04200708	-0.042283893	0.03484176	-0.04865715	0.029321598	-0.038023483	0.036226522	-0.007671199	0.03327561	-0.028458875	0.021180842	-0.021158017	0.007900961	-0.029294876	0.032937083	-0.021700451	0.022466002	-0.011840941	0.012372543	-0.020395653	0.019384265	-0.017140359	0.023744881	-0.016530596	0.016929574	-0.013790422	0.01604794
-0.44021726	1.0000002	-0.37723655	0.1531244	-0.16924047	0.28796315	-0.69633716	0.244483	-0.17482527	0.13577834	-0.17175847	0.14997263	-0.141084	0.16667213	-0.12457417	0.050026856	-0.06837556	0.14385343	-0.053438608	0.05399163	-0.041436445	0.05662905	-0.036132604	0.04751905	-0.04685737	0.009289903	-0.040715463	0.0347189	-0.026499843	0.026387976	-0.009598439	0.03535866	-0.04101764	0.02696554	-0.028158884	0.014631605	-0.015338892	0.02519499	-0.024219526	0.021340715	-0.029687233	0.020450383	-0.021072488	0.01717346	-0.020083327
0.16595018	-0.37723655	1.0000002	-0.4754177	0.29282072	-0.168953	0.25275233	-0.48621422	0.29221714	-0.2791198	0.15919	-0.15464291	0.19616367	-0.359411	0.21680157	-0.07465918	0.097468585	-0.23405188	0.0878676	-0.09177987	0.06125443	-0.08408074	0.056863032	-0.07915518	0.07716921	-0.01424807	0.06274962	-0.05508657	0.04266029	-0.04272161	0.014719407	-0.05499733	0.065080315	-0.043236107	0.045311615	-0.023529448	0.024635624	-0.04041056	0.038949776	-0.034401145	0.04803281	-0.032969043	0.033843018	-0.027665863	0.03236632
-0.08870744	0.1531244	-0.4754177	1.0000002	-0.74810654	0.08617584	-0.13813108	0.23737481	-0.33500013	0.23544048	-0.09230203	0.085217796	-0.11275256	0.23537244	-0.18379033	0.04119818	-0.054716565	0.124409586	-0.05362174	0.057088383	-0.034394145	0.04659313	-0.03299865	0.047054376	-0.048483137	0.008105217	-0.035969593	0.031720895	-0.02505695	0.025089642	-0.008390145	0.03126788	-0.03776633	0.02515607	-0.026533367	0.01353801	-0.014205919	0.023291197	-0.02269945	0.020021267	-0.02779371	0.018984132	-0.01957935	0.016084438	-0.018874284
0.09562909	-0.16924047	0.29282072	-0.74810654	1.0000002	-0.09773717	0.14509447	-0.26888242	0.27393794	-0.36857262	0.10781743	-0.10155129	0.13211866	-0.3305463	0.22208276	-0.052416727	0.06845121	-0.15652202	0.068038635	-0.07348702	0.04356431	-0.059058968	0.04222368	-0.060500454	0.061549228	-0.010361363	0.04597062	-0.040741388	0.032242686	-0.03233486	0.010723052	-0.04010482	0.048589848	-0.032422528	0.034199674	-0.017526021	0.018377738	-0.03010416	0.029292695	-0.025854846	0.03603278	-0.024590362	0.025311274	-0.02077608	0.02437312
-0.81688064	0.28796315	-0.168953	0.08617584	-0.09773717	1.0000001	-0.42422038	0.15919779	-0.10963396	0.08673569	-0.1993202	0.14723216	-0.11026479	0.11060822	-0.081068605	0.04195338	-0.056770664	0.117342986	-0.040662225	0.0405735	-0.034094978	0.047408067	-0.028411726	0.03648721	-0.035077505	0.007446756	-0.032343317	0.02745432	-0.020434333	0.020371275	-0.0076747974	0.028314909	-0.031848654	0.020920424	-0.02167018	0.011383672	-0.011906935	0.01962567	-0.018684657	0.016501466	-0.022837622	0.015884658	-0.016306257	0.0132774925	-0.015462982
0.28755358	-0.69633716	0.25275233	-0.13813108	0.14509447	-0.42422038	1.0000004	-0.3636763	0.18060976	-0.1438338	0.18225072	-0.19876261	0.16040525	-0.18158543	0.12483495	-0.055383313	0.075427905	-0.16848458	0.057717208	-0.058072574	0.045092907	-0.06302622	0.038621675	-0.05144053	0.04956717	-0.00995443	0.04339673	-0.037337966	0.027967472	-0.027936962	0.010261958	-0.03801074	0.043164767	-0.028492332	0.029580066	-0.015439756	0.01615242	-0.026625844	0.025455438	-0.02249709	0.031059064	-0.021564756	0.022141445	-0.018087476	0.021078657
-0.16184263	0.244483	-0.48621422	0.23737481	-0.26888242	0.15919779	-0.3636763	1.0000002	-0.5451617	0.24316369	-0.18551317	0.17177784	-0.3258118	0.26659936	-0.22446002	0.06749108	-0.095268264	0.22917986	-0.082947716	0.08258985	-0.05650746	0.077395715	-0.051085588	0.070960194	-0.07118268	0.012741815	-0.05631779	0.04881131	-0.03748956	0.037372455	-0.0131774815	0.048646923	-0.05709522	0.037739325	-0.039523337	0.02018556	-0.021188365	0.03487441	-0.03382331	0.02981507	-0.041009218	0.028233198	-0.029186228	0.023948511	-0.028035512
0.10702056	-0.17482527	0.29221714	-0.33500013	0.27393794	-0.10963396	0.18060976	-0.5451617	1.0000004	-0.49687704	0.1255686	-0.11939382	0.17045131	-0.4577348	0.2832321	-0.05403802	0.07331136	-0.1774352	0.07528808	-0.08009717	0.045178737	-0.061749086	0.04358435	-0.064521	0.06710001	-0.0105371205	0.04683132	-0.041804902	0.032855496	-0.032963146	0.010904348	-0.040667802	0.04890061	-0.032738414	0.03450592	-0.017384203	0.018247547	-0.03002544	0.029403757	-0.025971059	0.035546243	-0.024371676	0.025179408	-0.020824512	0.024418078
-0.0905905	0.13577834	-0.2791198	0.23544048	-0.36857262	0.08673569	-0.1438338	0.24316369	-0.49687704	1.0000004	-0.107286125	0.094406076	-0.13015397	0.32613906	-0.650449	0.046417773	-0.063001126	0.13464366	-0.080230445	0.09187264	-0.039709892	0.053066105	-0.041530192	0.065622106	-0.07683538	0.009591032	-0.04314987	0.039516773	-0.03228922	0.032571938	-0.009951636	0.03723535	-0.046428856	0.031514876	-0.033586808	0.01637212	-0.01722025	0.028372962	-0.028331809	0.025043808	-0.033712476	0.023006804	-0.023877019	0.020014828	-0.023551567
0.15274717	-0.17175847	0.15919	-0.09230203	0.10781743	-0.1993202	0.18225072	-0.18551317	0.1255686	-0.107286125	0.99999994	-0.8062177	0.27343526	-0.15061574	0.105975054	-0.1220741	0.16075575	-0.34061834	0.09241133	-0.0892425	0.092687204	-0.13921098	0.06820916	-0.08453966	0.07467072	-0.018690035	0.07902517	-0.06735607	0.045869462	-0.046089806	0.019087868	-0.07140059	0.07220953	-0.047680374	0.047979552	-0.02598833	0.026955541	-0.04507215	0.0416153	-0.037130207	0.050002284	-0.03606741	0.036511928	-0.02981489	0.03418832
-0.1396402	0.14997263	-0.15464291	0.085217796	-0.10155129	0.14723216	-0.19876261	0.17177784	-0.11939382	0.094406076	-0.8062177	0.99999964	-0.41389474	0.12630142	-0.09524841	0.09891829	-0.16664687	0.26529697	-0.0763673	0.07085311	-0.07964331	0.11713717	-0.056695122	0.067204475	-0.06137304	0.015555402	-0.06659922	0.05471372	-0.03741532	0.037266273	-0.015946707	0.058211856	-0.0595235	0.038767934	-0.03916214	0.020940263	-0.021822082	0.03639976	-0.03388331	0.030062176	-0.040519785	0.029017793	-0.029668834	0.024155263	-0.027810644
0.106355906	-0.141084	0.19616367	-0.11275256	0.13211866	-0.11026479	0.16040525	-0.3258118	0.17045131	-0.13015397	0.27343526	-0.41389474	0.9999996	-0.17825724	0.1297604	-0.10859621	0.16081707	-0.7340551	0.123968914	-0.11202047	0.08559991	-0.12996499	0.06928791	-0.10438367	0.08835921	-0.017457874	0.07540447	-0.067549296	0.046366528	-0.046648074	0.017879032	-0.0669669	0.070026934	-0.046861224	0.047449064	-0.024624508	0.025631903	-0.04305945	0.040657375	-0.03630463	0.047632016	-0.034247395	0.034968235	-0.029019278	0.03336649
-0.119595416	0.16667213	-0.359411	0.23537244	-0.3305463	0.11060822	-0.18158543	0.26659936	-0.4577348	0.32613906	-0.15061574	0.12630142	-0.17825724	0.9999992	-0.62089574	0.06323263	-0.087138295	0.17263405	-0.11387623	0.119637035	-0.055384465	0.07259036	-0.0595072	0.09135607	-0.106054276	0.013709615	-0.062324677	0.055994604	-0.0468242	0.04678673	-0.014272996	0.05306175	-0.06824302	0.04580032	-0.049232427	0.023931159	-0.025275003	0.041342076	-0.041582376	0.03650621	-0.05006024	0.033644423	-0.0351661	0.029257108	-0.03465617
0.082008764	-0.12457417	0.21680157	-0.18379033	0.22208276	-0.081068605	0.12483495	-0.22446002	0.2832321	-0.650449	0.105975054	-0.09524841	0.1297604	-0.62089574	0.9999991	-0.05087685	0.06807844	-0.14684698	0.10435858	-0.14037152	0.04353504	-0.05840372	0.048883505	-0.08535251	0.1002097	-0.010748464	0.048620112	-0.046810396	0.038494296	-0.03933224	0.011148639	-0.04226515	0.053335726	-0.036995586	0.039460376	-0.018820781	0.019766955	-0.03276148	0.033047747	-0.029402431	0.038624547	-0.026505865	0.027448123	-0.02339145	0.027461248
-0.04322955	0.050026856	-0.07465918	0.04119818	-0.052416727	0.04195338	-0.055383313	0.06749108	-0.05403802	0.046417773	-0.1220741	0.09891829	-0.10859621	0.06323263	-0.05087685	0.9999992	-0.44950974	0.12771593	-0.05602277	0.051351514	-0.8087908	0.29485312	-0.09626923	0.05787943	-0.054784447	0.058728065	-0.1347788	0.08976238	-0.05173406	0.05035302	-0.06109787	0.10954984	-0.09382653	0.057095297	-0.054743495	0.03205813	-0.03330311	0.05528947	-0.048419103	0.042700727	-0.057641692	0.042977344	-0.043990716	0.03453588	-0.039067864
0.057107314	-0.06837556	0.097468585	-0.054716565	0.06845121	-0.056770664	0.075427905	-0.095268264	0.07331136	-0.063001126	0.16075575	-0.16664687	0.16081707	-0.087138295	0.06807844	-0.44950974	0.99999917	-0.24650443	0.081638925	-0.07469618	0.29327863	-0.7139088	0.14014076	-0.08501418	0.076373555	-0.04550338	0.188269	-0.14074898	0.07108006	-0.0709032	0.045470655	-0.17469938	0.12648901	-0.08001837	0.073738895	-0.044439867	0.04558768	-0.078015774	0.06565675	-0.059044156	0.07689519	-0.059934832	0.059688773	-0.047571618	0.05270686
-0.12225587	0.14385343	-0.23405188	0.124409586	-0.15652202	0.117342986	-0.16848458	0.22917986	-0.1774352	0.13464366	-0.34061834	0.26529697	-0.7340551	0.17263405	-0.14684698	0.12771593	-0.24650443	0.9999992	-0.19436795	0.1377103	-0.10912565	0.15525268	-0.08889236	0.13079573	-0.116549864	0.021871064	-0.096378714	0.083303645	-0.058562588	0.058159627	-0.02254097	0.08183101	-0.088716455	0.05849534	-0.05977011	0.030231439	-0.031676803	0.053065903	-0.050921977	0.04513506	-0.059073307	0.042027436	-0.043520648	0.036084197	-0.041754425
0.04200708	-0.053438608	0.0878676	-0.05362174	0.068038635	-0.040662225	0.057717208	-0.082947716	0.07528808	-0.080230445	0.09241133	-0.0763673	0.123968914	-0.11387623	0.10435858	-0.05602277	0.081638925	-0.19436795	0.9999989	-0.64829046	0.051949635	-0.07338057	0.12693624	-0.6218004	0.3271945	-0.014380446	0.06987979	-0.124010645	0.08469499	-0.08896299	0.014840366	-0.0634153	0.08446704	-0.069954515	0.070943825	-0.026982097	0.028061053	-0.05097552	0.055561878	-0.051912405	0.05095752	-0.038583066	0.039911896	-0.039613787	0.04495616
-0.042283893	0.05399163	-0.09177987	0.057088383	-0.07348702	0.0405735	-0.058072574	0.08258985	-0.08009717	0.09187264	-0.0892425	0.07085311	-0.11202047	0.119637035	-0.14037152	0.051351514	-0.07469618	0.1377103	-0.64829046	0.999999	-0.048503816	0.06581464	-0.106718086	0.32534748	-0.6361543	0.013789209	-0.06736722	0.09862683	-0.09119243	0.098835215	-0.014307713	0.06011378	-0.08474744	0.07157421	-0.07933236	0.026769642	-0.02802926	0.050534718	-0.059291247	0.05491475	-0.05154932	0.038329463	-0.040260557	0.041571062	-0.048392348
0.03484176	-0.041436445	0.06125443	-0.034394145	0.04356431	-0.034094978	0.045092907	-0.05650746	0.045178737	-0.039709892	0.092687204	-0.07964331	0.08559991	-0.055384465	0.04353504	-0.8087908	0.29327863	-0.10912565	0.051949635	-0.048503816	0.9999988	-0.45436236	0.10266079	-0.05697846	0.05259687	-0.06927698	0.14275041	-0.10146171	0.053133026	-0.052593905	0.065098256	-0.12783353	0.09623475	-0.05997372	0.05574168	-0.034109086	0.03499644	-0.058858145	0.04972087	-0.044459645	0.05895839	-0.045476567	0.0454958	-0.03590804	0.03996096
-0.04865715	0.05662905	-0.08408074	0.04659313	-0.059058968	0.047408067	-0.06302622	0.077395715	-0.061749086	0.053066105	-0.13921098	0.11713717	-0.12996499	0.07259036	-0.05840372	0.29485312	-0.7139088	0.15525268	-0.07338057	0.06581464	-0.45436236	0.99999845	-0.18837339	0.07988857	-0.07307953	0.05260204	-0.28133285	0.15368651	-0.072057374	0.06987078	-0.053371165	0.18210499	-0.13543138	0.08050553	-0.0737485	0.043344323	-0.045098744	0.07688437	-0.06539325	0.058013756	-0.07484879	0.057993606	-0.059386462	0.04675486	-0.051987752
0.029321598	-0.036132604	0.056863032	-0.03299865	0.04222368	-0.028411726	0.038621675	-0.051085588	0.04358435	-0.041530192	0.06820916	-0.056695122	0.06928791	-0.0595072	0.048883505	-0.09626923	0.14014076	-0.08889236	0.12693624	-0.106718086	0.10266079	-0.18837339	0.99999857	-0.21243127	0.1434939	-0.030621925	0.16493551	-0.872312	0.12843949	-0.12483251	0.031004455	-0.1559548	0.18705599	-0.12817903	0.107333116	-0.05272344	0.05409386	-0.106706195	0.09228465	-0.085544735	0.090555705	-0.075299054	0.07642212	-0.06706116	0.07196039
-0.038023483	0.04751905	-0.07915518	0.047054376	-0.060500454	0.03648721	-0.05144053	0.070960194	-0.064521	0.065622106	-0.08453966	0.067204475	-0.10438367	0.09135607	-0.08535251	0.05787943	-0.08501418	0.13079573	-0.6218004	0.32534748	-0.05697846	0.07988857	-0.21243127	0.9999984	-0.63174284	0.01674312	-0.084680125	0.1597632	-0.12414655	0.120512925	-0.017327707	0.07589057	-0.10759314	0.09149247	-0.09429922	0.032328326	-0.03378906	0.06240989	-0.07156795	0.06636875	-0.060777396	0.046369087	-0.048764944	0.050243627	-0.057380017
0.036226522	-0.04685737	0.07716921	-0.048483137	0.061549228	-0.035077505	0.04956717	-0.07118268	0.06710001	-0.07683538	0.07467072	-0.06137304	0.08835921	-0.106054276	0.1002097	-0.054784447	0.076373555	-0.116549864	0.3271945	-0.6361543	0.05259687	-0.07307953	0.1434939	-0.63174284	0.9999982	-0.016157903	0.080140755	-0.14497042	0.12213124	-0.15519758	0.016697735	-0.074156135	0.10454304	-0.0951805	0.10162317	-0.03327647	0.034537215	-0.06398158	0.07483545	-0.071909465	0.062360603	-0.04796266	0.049608544	-0.053323656	0.06060576
-0.007671199	0.009289903	-0.01424807	0.008105217	-0.010361363	0.007446756	-0.00995443	0.012741815	-0.0105371205	0.009591032	-0.018690035	0.015555402	-0.017457874	0.013709615	-0.010748464	0.058728065	-0.04550338	0.021871064	-0.014380446	0.013789209	-0.06927698	0.05260204	-0.030621925	0.01674312	-0.016157903	0.99999815	-0.10193927	0.031904463	-0.021969363	0.021509996	-0.9860301	0.08133951	-0.046804722	0.026797496	-0.023728224	0.025829183	-0.024863614	0.02890619	-0.021792727	0.019200359	-0.02994993	0.023137795	-0.022283867	0.015695672	-0.017135512
0.03327561	-0.040715463	0.06274962	-0.035969593	0.04597062	-0.032343317	0.04339673	-0.05631779	0.04683132	-0.04314987	0.07902517	-0.06659922	0.07540447	-0.062324677	0.048620112	-0.1347788	0.188269	-0.096378714	0.06987979	-0.06736722	0.14275041	-0.28133285	0.16493551	-0.084680125	0.080140755	-0.10193927	0.9999984	-0.20180312	0.11531545	-0.11536028	0.09320629	-0.78819764	0.25715363	-0.15079261	0.1213161	-0.08665921	0.088693015	-0.15130493	0.111803405	-0.10080049	0.12735628	-0.10867792	0.10677628	-0.081748314	0.08679005
-0.028458875	0.0347189	-0.05508657	0.031720895	-0.040741388	0.02745432	-0.037337966	0.04881131	-0.041804902	0.039516773	-0.06735607	0.05471372	-0.067549296	0.055994604	-0.046810396	0.08976238	-0.14074898	0.083303645	-0.124010645	0.09862683	-0.10146171	0.15368651	-0.872312	0.1597632	-0.14497042	0.031904463	-0.20180312	0.99999845	-0.15100333	0.12537542	-0.032724403	0.16131873	-0.2445466	0.13549484	-0.114394255	0.052217066	-0.054869715	0.10787282	-0.09735305	0.086868405	-0.09144126	0.07411422	-0.07994644	0.06834996	-0.07450258
0.021180842	-0.026499843	0.04266029	-0.02505695	0.032242686	-0.020434333	0.027967472	-0.03748956	0.032855496	-0.03228922	0.045869462	-0.03741532	0.046366528	-0.0468242	0.038494296	-0.05173406	0.07108006	-0.058562588	0.08469499	-0.09119243	0.053133026	-0.072057374	0.12843949	-0.12414655	0.12213124	-0.021969363	0.11531545	-0.15100333	0.99999857	-0.70818865	0.02277315	-0.1235129	0.22021075	-0.5235366	0.28863356	-0.06001306	0.06221308	-0.13306987	0.20616132	-0.20790987	0.10544155	-0.08936263	0.09477438	-0.14700328	0.14922148
-0.021158017	0.026387976	-0.04272161	0.025089642	-0.03233486	0.020371275	-0.027936962	0.037372455	-0.032963146	0.032571938	-0.046089806	0.037266273	-0.046648074	0.04678673	-0.03933224	0.05035302	-0.0709032	0.058159627	-0.08896299	0.098835215	-0.052593905	0.06987078	-0.12483251	0.120512925	-0.15519758	0.021509996	-0.11536028	0.12537542	-0.70818865	0.9999987	-0.022474067	0.11297965	-0.21844529	0.30008256	-0.5012872	0.057840724	-0.061112348	0.12491836	-0.23058516	0.22266033	-0.10614166	0.08557395	-0.09491376	0.14880215	-0.18177463
0.007900961	-0.009598439	0.014719407	-0.008390145	0.010723052	-0.0076747974	0.010261958	-0.0131774815	0.010904348	-0.009951636	0.019087868	-0.015946707	0.017879032	-0.014272996	0.011148639	-0.06109787	0.045470655	-0.02254097	0.014840366	-0.014307713	0.065098256	-0.053371165	0.031004455	-0.017327707	0.016697735	-0.9860301	0.09320629	-0.032724403	0.02277315	-0.022474067	0.99999845	-0.08754584	0.048014168	-0.027981278	0.024631564	-0.02734073	0.025690794	-0.030328358	0.02267232	-0.02007966	0.031066803	-0.02426727	0.023167178	-0.016410891	0.017850984
-0.029294876	0.03535866	-0.05499733	0.03126788	-0.04010482	0.028314909	-0.03801074	0.048646923	-0.040667802	0.03723535	-0.07140059	0.058211856	-0.0669669	0.05306175	-0.04226515	0.10954984	-0.17469938	0.08183101	-0.0634153	0.06011378	-0.12783353	0.18210499	-0.1559548	0.07589057	-0.074156135	0.08133951	-0.78819764	0.16131873	-0.1235129	0.11297965	-0.08754584	0.99999833	-0.41743252	0.15908392	-0.12966047	0.08658896	-0.09770893	0.15304422	-0.118339814	0.100229874	-0.12860827	0.10506448	-0.115084834	0.08157322	-0.08860236
0.032937083	-0.04101764	0.065080315	-0.03776633	0.048589848	-0.031848654	0.043164767	-0.05709522	0.04890061	-0.046428856	0.07220953	-0.0595235	0.070026934	-0.06824302	0.053335726	-0.09382653	0.12648901	-0.088716455	0.08446704	-0.08474744	0.09623475	-0.13543138	0.18705599	-0.10759314	0.10454304	-0.046804722	0.25715363	-0.2445466	0.22021075	-0.21844529	0.048014168	-0.41743252	0.9999981	-0.44597498	0.22540633	-0.1281238	0.13257769	-0.38755482	0.21566	-0.19106025	0.20210648	-0.19192266	0.20528921	-0.15524669	0.1544165
-0.021700451	0.02696554	-0.043236107	0.02515607	-0.032422528	0.020920424	-0.028492332	0.037739325	-0.032738414	0.031514876	-0.047680374	0.038767934	-0.046861224	0.04580032	-0.036995586	0.057095297	-0.08001837	0.05849534	-0.069954515	0.07157421	-0.05997372	0.08050553	-0.12817903	0.09149247	-0.0951805	0.026797496	-0.15079261	0.13549484	-0.5235366	0.30008256	-0.027981278	0.15908392	-0.44597498	0.9999979	-0.4431047	0.07413139	-0.07906839	0.1769282	-0.39589736	0.25181857	-0.13073742	0.11031776	-0.12763391	0.19541444	-0.20704354
0.022466002	-0.028158884	0.045311615	-0.026533367	0.034199674	-0.02167018	0.029580066	-0.039523337	0.03450592	-0.033586808	0.047979552	-0.03916214	0.047449064	-0.049232427	0.039460376	-0.054743495	0.073738895	-0.05977011	0.070943825	-0.07933236	0.05574168	-0.0737485	0.107333116	-0.09429922	0.10162317	-0.023728224	0.1213161	-0.114394255	0.28863356	-0.5012872	0.024631564	-0.12966047	0.22540633	-0.4431047	0.9999979	-0.071291104	0.07337034	-0.1559487	0.27416843	-0.5440259	0.12556608	-0.10726018	0.111915566	-0.21682404	0.23293589
-0.011840941	0.014631605	-0.023529448	0.01353801	-0.017526021	0.011383672	-0.015439756	0.02018556	-0.017384203	0.01637212	-0.02598833	0.020940263	-0.024624508	0.023931159	-0.018820781	0.03205813	-0.044439867	0.030231439	-0.026982097	0.026769642	-0.034109086	0.043344323	-0.05272344	0.032328326	-0.03327647	0.025829183	-0.08665921	0.052217066	-0.06001306	0.057840724	-0.02734073	0.08658896	-0.1281238	0.07413139	-0.071291104	0.9999979	-0.859035	0.19162436	-0.07777399	0.061700646	-0.39044994	0.23077849	-0.17645797	0.05553569	-0.05830861
0.012372543	-0.015338892	0.024635624	-0.014205919	0.018377738	-0.011906935	0.01615242	-0.021188365	0.018247547	-0.01722025	0.026955541	-0.021822082	0.025631903	-0.025275003	0.019766955	-0.03330311	0.04558768	-0.031676803	0.028061053	-0.02802926	0.03499644	-0.045098744	0.05409386	-0.03378906	0.034537215	-0.024863614	0.088693015	-0.054869715	0.06221308	-0.061112348	0.025690794	-0.09770893	0.13257769	-0.07906839	0.07337034	-0.859035	0.9999976	-0.26090693	0.0819472	-0.065779805	0.26884374	-0.30447555	0.18855919	-0.059681777	0.060494293
-0.020395653	0.02519499	-0.04041056	0.023291197	-0.03010416	0.01962567	-0.026625844	0.03487441	-0.03002544	0.028372962	-0.04507215	0.03639976	-0.04305945	0.041342076	-0.03276148	0.05528947	-0.078015774	0.053065903	-0.05097552	0.050534718	-0.058858145	0.07688437	-0.106706195	0.06240989	-0.06398158	0.02890619	-0.15130493	0.10787282	-0.13306987	0.12491836	-0.030328358	0.15304422	-0.38755482	0.1769282	-0.1559487	0.19162436	-0.26090693	0.9999975	-0.21464592	0.14041671	-0.34215406	0.292399	-0.6715336	0.13182594	-0.13033073
0.019384265	-0.024219526	0.038949776	-0.02269945	0.029292695	-0.018684657	0.025455438	-0.03382331	0.029403757	-0.028331809	0.0416153	-0.03388331	0.040657375	-0.041582376	0.033047747	-0.048419103	0.06565675	-0.050921977	0.055561878	-0.059291247	0.04972087	-0.06539325	0.09228465	-0.07156795	0.07483545	-0.021792727	0.111803405	-0.09735305	0.20616132	-0.23058516	0.02267232	-0.118339814	0.21566	-0.39589736	0.27416843	-0.07777399	0.0819472	-0.21464592	0.9999978	-0.49976286	0.13453749	-0.12000876	0.13841432	-0.5722547	0.31515786
-0.017140359	0.021340715	-0.034401145	0.020021267	-0.025854846	0.016501466	-0.02249709	0.02981507	-0.025971059	0.025043808	-0.037130207	0.030062176	-0.03630463	0.03650621	-0.029402431	0.042700727	-0.059044156	0.04513506	-0.051912405	0.05491475	-0.044459645	0.058013756	-0.085544735	0.06636875	-0.071909465	0.019200359	-0.10080049	0.086868405	-0.20790987	0.22266033	-0.02007966	0.100229874	-0.19106025	0.25181857	-0.5440259	0.061700646	-0.065779805	0.14041671	-0.49976286	0.9999981	-0.113810495	0.09315018	-0.10807362	0.29371667	-0.52307683
0.023744881	-0.029687233	0.04803281	-0.02779371	0.03603278	-0.022837622	0.031059064	-0.041009218	0.035546243	-0.033712476	0.050002284	-0.040519785	0.047632016	-0.05006024	0.038624547	-0.057641692	0.07689519	-0.059073307	0.05095752	-0.05154932	0.05895839	-0.07484879	0.090555705	-0.060777396	0.062360603	-0.02994993	0.12735628	-0.09144126	0.10544155	-0.10614166	0.031066803	-0.12860827	0.20210648	-0.13073742	0.12556608	-0.39044994	0.26884374	-0.34215406	0.13453749	-0.113810495	0.99999803	-0.6237806	0.2786098	-0.1022004	0.10410401
-0.016530596	0.020450383	-0.032969043	0.018984132	-0.024590362	0.015884658	-0.021564756	0.028233198	-0.024371676	0.023006804	-0.03606741	0.029017793	-0.034247395	0.033644423	-0.026505865	0.042977344	-0.059934832	0.042027436	-0.038583066	0.038329463	-0.045476567	0.057993606	-0.075299054	0.046369087	-0.04796266	0.023137795	-0.10867792	0.07411422	-0.08936263	0.08557395	-0.02426727	0.10506448	-0.19192266	0.11031776	-0.10726018	0.23077849	-0.30447555	0.292399	-0.12000876	0.09315018	-0.6237806	0.99999803	-0.57946646	0.087228954	-0.09081296
0.016929574	-0.021072488	0.033843018	-0.01957935	0.025311274	-0.016306257	0.022141445	-0.029186228	0.025179408	-0.023877019	0.036511928	-0.029668834	0.034968235	-0.0351661	0.027448123	-0.043990716	0.059688773	-0.043520648	0.039911896	-0.040260557	0.0454958	-0.059386462	0.07642212	-0.048764944	0.049608544	-0.022283867	0.10677628	-0.07994644	0.09477438	-0.09491376	0.023167178	-0.115084834	0.20528921	-0.12763391	0.111915566	-0.17645797	0.18855919	-0.6715336	0.13841432	-0.10807362	0.2786098	-0.57946646	0.9999978	-0.11042876	0.09981416
-0.013790422	0.01717346	-0.027665863	0.016084438	-0.02077608	0.0132774925	-0.018087476	0.023948511	-0.020824512	0.020014828	-0.02981489	0.024155263	-0.029019278	0.029257108	-0.02339145	0.03453588	-0.047571618	0.036084197	-0.039613787	0.041571062	-0.03590804	0.04675486	-0.06706116	0.050243627	-0.053323656	0.015695672	-0.081748314	0.06834996	-0.14700328	0.14880215	-0.016410891	0.08157322	-0.15524669	0.19541444	-0.21682404	0.05553569	-0.059681777	0.13182594	-0.5722547	0.29371667	-0.1022004	0.087228954	-0.11042876	0.99999785	-0.7108292
0.01604794	-0.020083327	0.03236632	-0.018874284	0.02437312	-0.015462982	0.021078657	-0.028035512	0.024418078	-0.023551567	0.03418832	-0.027810644	0.03336649	-0.03465617	0.027461248	-0.039067864	0.05270686	-0.041754425	0.04495616	-0.048392348	0.03996096	-0.051987752	0.07196039	-0.057380017	0.06060576	-0.017135512	0.08679005	-0.07450258	0.14922148	-0.18177463	0.017850984	-0.08860236	0.1544165	-0.20704354	0.23293589	-0.05830861	0.060494293	-0.13033073	0.31515786	-0.52307683	0.10410401	-0.09081296	0.09981416	-0.7108292	0.99999785
