1.0000001	-0.61705697	0.23160712	-0.16076675	0.16044264	-0.5193528	0.25654107	-0.19006057	0.18565999	-0.14543371	0.22951785	-0.1596092	0.15300699	-0.13399036	0.117753975	-0.26603174	0.14181185	-0.17770259	0.13762324	-0.15935892	0.13629642	-0.16783293	0.12578234	-0.15000509	0.1108486	-0.10571874	0.16606712	-0.08944313	0.09060621	-0.13378371	0.14443564	-0.104284175	0.11347023	-0.09708457	0.101426624	-0.051988736	0.1273812	-0.09308701	0.1099349	-0.09137578	0.061137643	-0.15313722	0.08877259	-0.067706764	0.08167485
-0.61705697	1.0000001	-0.42163178	0.20925364	-0.2126047	0.2524756	-0.46542564	0.2529313	-0.24726859	0.16543035	-0.15618281	0.13998172	-0.14740956	0.14576289	-0.13086416	0.16475892	-0.1062759	0.14812912	-0.15180923	0.16236897	-0.10645784	0.12220245	-0.1068427	0.12354918	-0.0969951	0.08159112	-0.13337697	0.0735206	-0.07558855	0.110631876	-0.1163587	0.08354666	-0.09211843	0.078734696	-0.083550185	0.04148719	-0.10205257	0.07487064	-0.08969103	0.07391472	-0.04890029	0.11714719	-0.07196242	0.05476483	-0.0665767
0.23160712	-0.42163178	1.0000002	-0.58460104	0.28524992	-0.21536577	0.27419695	-0.38064232	0.2827856	-0.25608927	0.13256046	-0.15464766	0.15543683	-0.1803165	0.17141744	-0.16200864	0.10821106	-0.17341337	0.17087111	-0.2331238	0.10676741	-0.12910283	0.120615646	-0.14718771	0.11678662	-0.08350002	0.13649145	-0.08325618	0.08509329	-0.1320073	0.12079375	-0.08773778	0.09814905	-0.0859769	0.092569746	-0.043852642	0.10778997	-0.08076566	0.09691879	-0.08196513	0.051656432	-0.1276986	0.077576846	-0.059578616	0.072317585
-0.16076675	0.20925364	-0.58460104	1.0000002	-0.6125029	0.13928896	-0.20665285	0.22402291	-0.35356438	0.25072572	-0.09124078	0.112065494	-0.11966107	0.15980312	-0.17311992	0.10861742	-0.07683601	0.12816928	-0.15866052	0.19233762	-0.07710725	0.09048806	-0.09120347	0.10848986	-0.09045916	0.060093056	-0.09958587	0.06148421	-0.063521296	0.09770709	-0.08820106	0.06395761	-0.07206945	0.063096054	-0.06863543	0.031860303	-0.07846424	0.058998503	-0.07139318	0.060017385	-0.03755977	0.0907049	-0.056933723	0.04365835	-0.053248078
0.16044264	-0.2126047	0.28524992	-0.6125029	1.0000002	-0.15704203	0.18778403	-0.20344536	0.26127952	-0.5261608	0.10297848	-0.12748687	0.12999317	-0.17616318	0.24185985	-0.12709357	0.089347206	-0.15687986	0.17045175	-0.29982325	0.091618665	-0.1069324	0.111352265	-0.14071354	0.11990796	-0.071834244	0.118999496	-0.07661221	0.07904625	-0.1286506	0.10630835	-0.07742803	0.08790323	-0.07805018	0.08573556	-0.03867171	0.09522647	-0.072419085	0.08769052	-0.07499603	0.045575008	-0.11155396	0.06981458	-0.053852994	0.06560862
-0.5193528	0.2524756	-0.21536577	0.13928896	-0.15704203	1.0000002	-0.2943994	0.17787041	-0.18999147	0.1295705	-0.583236	0.16059148	-0.16583762	0.12704086	-0.11031641	0.28710228	-0.1634735	0.1582285	-0.13703184	0.13903022	-0.1614233	0.16748747	-0.12027703	0.13360398	-0.10230429	0.11687598	-0.18837751	0.085166745	-0.08765255	0.12072519	-0.15668178	0.11056889	-0.11730297	0.09669835	-0.09946547	0.053588986	-0.13187283	0.09344493	-0.1105121	0.0885565	-0.06296387	0.14456846	-0.08901915	0.067095034	-0.08127212
0.25654107	-0.46542564	0.27419695	-0.20665285	0.18778403	-0.2943994	1.0	-0.63779134	0.2788152	-0.19079745	0.159296	-0.18487579	0.177628	-0.18332599	0.1408201	-0.18296666	0.11991923	-0.17372489	0.16539337	-0.1914871	0.11126397	-0.13986838	0.11971283	-0.14087588	0.10847308	-0.08651576	0.14030358	-0.081980854	0.083511725	-0.124617584	0.12222408	-0.08861525	0.09798826	-0.08495412	0.090445116	-0.044020813	0.10814434	-0.08027058	0.09592473	-0.080311246	0.05179449	-0.12734395	0.07691887	-0.05887327	0.071378626
-0.19006057	0.2529313	-0.38064232	0.22402291	-0.20344536	0.17787041	-0.63779134	1.0000001	-0.5228594	0.1890031	-0.11512367	0.15953407	-0.19506635	0.19109105	-0.1400453	0.13040814	-0.09584379	0.14496131	-0.17952944	0.17267135	-0.08786093	0.109909005	-0.10112147	0.11479694	-0.0917283	0.06818095	-0.11259004	0.06708742	-0.06895928	0.10161023	-0.09791153	0.070970856	-0.079011954	0.068557896	-0.073635004	0.035136968	-0.08647657	0.06444884	-0.07759517	0.064691275	-0.041365776	0.09973005	-0.061996702	0.047411796	-0.057715334
0.18565999	-0.24726859	0.2827856	-0.35356438	0.26127952	-0.18999147	0.2788152	-0.5228594	0.9999996	-0.3528078	0.12314394	-0.17398384	0.18248564	-0.40907887	0.2095046	-0.15007597	0.10906648	-0.1925448	0.2570325	-0.27087548	0.1043451	-0.12874985	0.13003223	-0.15251803	0.12405819	-0.08167276	0.1351762	-0.08615944	0.0884115	-0.13470237	0.11895989	-0.08662527	0.09754289	-0.08585377	0.0933235	-0.04301526	0.10589315	-0.079967916	0.096669056	-0.081664585	0.05064431	-0.1230715	0.07701496	-0.059183605	0.07210101
-0.14543371	0.16543035	-0.25608927	0.25072572	-0.5261608	0.1295705	-0.19079745	0.1890031	-0.3528078	0.99999964	-0.08982997	0.115070365	-0.12619811	0.18201523	-0.59327936	0.10661739	-0.07942401	0.14084212	-0.19856983	0.29859388	-0.08356963	0.09323299	-0.105003014	0.12614591	-0.11968282	0.06512491	-0.109537125	0.06995562	-0.073620856	0.11631367	-0.09792138	0.07102487	-0.08134397	0.07168728	-0.07998091	0.03528972	-0.0871384	0.06634439	-0.08139473	0.068372674	-0.041643027	0.09809397	-0.0645063	0.049488723	-0.060813747
0.22951785	-0.15618281	0.13256046	-0.09124078	0.10297848	-0.583236	0.159296	-0.11512367	0.12314394	-0.08982997	0.99999946	-0.17353356	0.14959104	-0.09448426	0.07812648	-0.6622727	0.19984289	-0.13812615	0.10038057	-0.10234877	0.14793955	-0.21267755	0.10411386	-0.113485426	0.08329011	-0.11222681	0.16028626	-0.073106594	0.073883176	-0.10083237	0.12856655	-0.09320393	0.09639434	-0.08048419	0.08168763	-0.044301793	0.108170494	-0.07772311	0.0903531	-0.073607735	0.051525857	-0.12530376	0.07300915	-0.055404354	0.066514246
-0.1596092	0.13998172	-0.15464766	0.112065494	-0.12748687	0.16059148	-0.18487579	0.15953407	-0.17398384	0.115070365	-0.17353356	0.9999996	-0.80280924	0.17150225	-0.10477937	0.19187532	-0.33329818	0.19588327	-0.17696182	0.13327026	-0.13242064	0.23255655	-0.1489106	0.1346277	-0.102685675	0.10142744	-0.17581108	0.0896394	-0.09285944	0.11568101	-0.13676225	0.0999189	-0.10690874	0.089719266	-0.093542844	0.047347613	-0.11684214	0.0850237	-0.101663984	0.08175733	-0.05535634	0.12755914	-0.081163295	0.06142927	-0.07476302
0.15300699	-0.14740956	0.15543683	-0.11966107	0.12999317	-0.16583762	0.177628	-0.19506635	0.18248564	-0.12619811	0.14959104	-0.80280924	0.9999996	-0.23672698	0.11153455	-0.19098438	0.22031245	-0.26114243	0.1893267	-0.14945063	0.12370158	-0.24463223	0.15825564	-0.14958107	0.10951222	-0.09769073	0.16344026	-0.095716916	0.09673666	-0.124988355	0.13169077	-0.09734214	0.10525924	-0.090629905	0.09512814	-0.046641126	0.1146089	-0.08511855	0.10160494	-0.08364235	0.054480895	-0.13071658	0.081082545	-0.061881904	0.07507646
-0.13399036	0.14576289	-0.1803165	0.15980312	-0.17616318	0.12704086	-0.18332599	0.19109105	-0.40907887	0.18201523	-0.09448426	0.17150225	-0.23672698	0.9999998	-0.18795726	0.11301707	-0.09645639	0.19220133	-0.7721096	0.22267078	-0.088503525	0.10987507	-0.13315976	0.13011731	-0.109135136	0.06903761	-0.117230125	0.07779931	-0.0814227	0.11149839	-0.10193972	0.07417054	-0.08415696	0.07359857	-0.08055271	0.036458228	-0.090037316	0.06814072	-0.08348352	0.06903549	-0.042936157	0.100251675	-0.066098824	0.050510418	-0.062025927
0.117753975	-0.13086416	0.17141744	-0.17311992	0.24185985	-0.11031641	0.1408201	-0.1400453	0.2095046	-0.59327936	0.07812648	-0.10477937	0.11153455	-0.18795726	0.9999996	-0.09480944	0.07217144	-0.14002855	0.19136131	-0.6689792	0.07718182	-0.08570054	0.10497659	-0.14123483	0.14422183	-0.060595095	0.10238359	-0.071317025	0.07527317	-0.13532594	0.09203519	-0.06735003	0.07821655	-0.070972115	0.08113555	-0.033340275	0.08239018	-0.06423129	0.07913603	-0.06879292	0.039276376	-0.0933256	0.062304925	-0.048379917	0.059415985
-0.26603174	0.16475892	-0.16200864	0.10861742	-0.12709357	0.28710228	-0.18296666	0.13040814	-0.15007597	0.10661739	-0.6622727	0.19187532	-0.19098438	0.11301707	-0.09480944	0.9999996	-0.3837477	0.16309792	-0.12377739	0.12104944	-0.2426991	0.25582257	-0.13075957	0.13647974	-0.10234738	0.15825287	-0.23228179	0.0919005	-0.0939616	0.12275623	-0.17810574	0.1264652	-0.1281696	0.10417049	-0.10447169	0.05862009	-0.14390871	0.10100354	-0.11723717	0.09355957	-0.068072766	0.15711176	-0.09457421	0.071291566	-0.08567582
0.14181185	-0.1062759	0.10821106	-0.07683601	0.089347206	-0.1634735	0.11991923	-0.09584379	0.10906648	-0.07942401	0.19984289	-0.33329818	0.22031245	-0.09645639	0.07217144	-0.3837477	0.9999996	-0.16074178	0.102635264	-0.09485156	0.14651014	-0.7695618	0.13066946	-0.120788805	0.08599304	-0.11760472	0.19453815	-0.08354189	0.08233164	-0.10258577	0.13170353	-0.10175622	0.10002878	-0.0836277	0.083506346	-0.045168202	0.110260114	-0.07993897	0.09192991	-0.07487782	0.05186574	-0.12590909	0.07396584	-0.056302696	0.06730755
-0.17770259	0.14812912	-0.17341337	0.12816928	-0.15687986	0.1582285	-0.17372489	0.14496131	-0.1925448	0.14084212	-0.13812615	0.19588327	-0.26114243	0.19220133	-0.14002855	0.16309792	-0.16074178	0.999999	-0.27883363	0.1822119	-0.172941	0.1811006	-0.6550561	0.27639464	-0.21091922	0.13512653	-0.24252342	0.2180571	-0.237118	0.20701647	-0.2097638	0.15268394	-0.17907588	0.15635487	-0.17117384	0.07393918	-0.18400517	0.14116338	-0.17936152	0.14035319	-0.087243184	0.18810828	-0.139419	0.1052335	-0.13148497
0.13762324	-0.15180923	0.17087111	-0.15866052	0.17045175	-0.13703184	0.16539337	-0.17952944	0.2570325	-0.19856983	0.10038057	-0.17696182	0.1893267	-0.7721096	0.19136131	-0.12377739	0.102635264	-0.27883363	0.99999875	-0.33050737	0.09667435	-0.12077477	0.1571444	-0.16083188	0.13072202	-0.075954676	0.12857689	-0.092241175	0.09485924	-0.13371538	0.11247999	-0.08227303	0.09390287	-0.08336516	0.091730975	-0.040477186	0.099908695	-0.0764551	0.09366847	-0.07866719	0.047627985	-0.11271044	0.07400511	-0.056874335	0.06972589
-0.15935892	0.16236897	-0.2331238	0.19233762	-0.29982325	0.13903022	-0.1914871	0.17267135	-0.27087548	0.29859388	-0.10234877	0.13327026	-0.14945063	0.22267078	-0.6689792	0.12104944	-0.09485156	0.1822119	-0.33050737	0.9999988	-0.10631957	0.11125699	-0.14713489	0.1868629	-0.25548103	0.08306713	-0.14203419	0.09697926	-0.10518884	0.18081297	-0.12836574	0.09347917	-0.10965902	0.0984003	-0.115165025	0.046159275	-0.11438471	0.08910795	-0.11134161	0.094509475	-0.054468624	0.12511344	-0.08732217	0.0673076	-0.083509415
0.13629642	-0.10645784	0.10676741	-0.07710725	0.091618665	-0.1614233	0.11126397	-0.08786093	0.1043451	-0.08356963	0.14793955	-0.13242064	0.12370158	-0.088503525	0.07718182	-0.2426991	0.14651014	-0.172941	0.09667435	-0.10631957	0.9999987	-0.19813903	0.12901166	-0.16006133	0.11191747	-0.7722042	0.29112247	-0.108221486	0.105147	-0.14885339	0.24943368	-0.18376788	0.15961793	-0.1349396	0.12544863	-0.078507274	0.18041816	-0.13375606	0.14190619	-0.11958549	0.08636448	-0.24278063	0.11720479	-0.09031554	0.10420301
-0.16783293	0.12220245	-0.12910283	0.09048806	-0.1069324	0.16748747	-0.13986838	0.109909005	-0.12874985	0.09323299	-0.21267755	0.23255655	-0.24463223	0.10987507	-0.08570054	0.25582257	-0.7695618	0.1811006	-0.12077477	0.11125699	-0.19813903	0.99999857	-0.17579809	0.14506267	-0.10499342	0.15116544	-0.30857238	0.105032556	-0.10477209	0.12402581	-0.17359038	0.13419162	-0.12959342	0.10545294	-0.10438229	0.0576175	-0.14239635	0.10086728	-0.115894385	0.09302717	-0.066049054	0.15488245	-0.09303725	0.070487894	-0.08430367
0.12578234	-0.1068427	0.120615646	-0.09120347	0.111352265	-0.12027703	0.11971283	-0.10112147	0.13003223	-0.105003014	0.10411386	-0.1489106	0.15825564	-0.13315976	0.10497659	-0.13075957	0.13066946	-0.6550561	0.1571444	-0.14713489	0.12901166	-0.17579809	0.99999803	-0.46282116	0.21377343	-0.10505225	0.18680467	-0.37377378	0.25591525	-0.22622852	0.15656689	-0.11889579	0.13986258	-0.13493395	0.14473599	-0.056262806	0.13932683	-0.11298153	0.14178865	-0.12028009	0.06566854	-0.15239468	0.10840724	-0.08465777	0.10388735
-0.15000509	0.12354918	-0.14718771	0.10848986	-0.14071354	0.13360398	-0.14087588	0.11479694	-0.15251803	0.12614591	-0.113485426	0.1346277	-0.14958107	0.13011731	-0.14123483	0.13647974	-0.120788805	0.27639464	-0.16083188	0.1868629	-0.16006133	0.14506267	-0.46282116	0.999998	-0.56841177	0.12693125	-0.22833085	0.22696184	-0.29588678	0.30153733	-0.20540051	0.15184568	-0.1873327	0.17283872	-0.21067794	0.07316659	-0.18289845	0.14871386	-0.1946448	0.15918441	-0.08615074	0.18665072	-0.14851704	0.11403374	-0.14476562
0.1108486	-0.0969951	0.11678662	-0.09045916	0.11990796	-0.10230429	0.10847308	-0.0917283	0.12405819	-0.11968282	0.08329011	-0.102685675	0.10951222	-0.109135136	0.14422183	-0.10234738	0.08599304	-0.21091922	0.13072202	-0.25548103	0.11191747	-0.10499342	0.21377343	-0.56841177	0.9999981	-0.09026187	0.15822347	-0.16257736	0.1815167	-0.65485704	0.14616174	-0.111558035	0.14067593	-0.14746639	0.19532797	-0.05339397	0.13296257	-0.117017634	0.14999773	-0.151532	0.062354684	-0.14603987	0.11325544	-0.09270297	0.115029834
-0.10571874	0.08159112	-0.08350002	0.060093056	-0.071834244	0.11687598	-0.08651576	0.06818095	-0.08167276	0.06512491	-0.11222681	0.10142744	-0.09769073	0.06903761	-0.060595095	0.15825287	-0.11760472	0.13512653	-0.075954676	0.08306713	-0.7722042	0.15116544	-0.10505225	0.12693125	-0.09026187	0.9999983	-0.43805602	0.09427134	-0.09197792	0.1198944	-0.33518657	0.19451503	-0.1534836	0.1198869	-0.10682021	0.07190779	-0.16945009	0.11782307	-0.12262609	0.100806184	-0.077804334	0.19810665	-0.10053385	0.076956406	-0.08816759
0.16606712	-0.13337697	0.13649145	-0.09958587	0.118999496	-0.18837751	0.14030358	-0.11259004	0.1351762	-0.109537125	0.16028626	-0.17581108	0.16344026	-0.117230125	0.10238359	-0.23228179	0.19453815	-0.24252342	0.12857689	-0.14203419	0.29112247	-0.30857238	0.18680467	-0.22833085	0.15822347	-0.43805602	0.9999984	-0.19482636	0.16836588	-0.21295063	0.31351915	-0.39601249	0.24456379	-0.20599043	0.1799729	-0.11229847	0.2631826	-0.1989572	0.20307752	-0.171725	0.120316096	-0.33645838	0.16664535	-0.12931402	0.1472377
-0.08944313	0.0735206	-0.08325618	0.06148421	-0.07661221	0.085166745	-0.081980854	0.06708742	-0.08615944	0.06995562	-0.073106594	0.0896394	-0.095716916	0.07779931	-0.071317025	0.0919005	-0.08354189	0.2180571	-0.092241175	0.09697926	-0.108221486	0.105032556	-0.37377378	0.22696184	-0.16257736	0.09427134	-0.19482636	0.99999815	-0.831409	0.18627587	-0.13620363	0.11006635	-0.13425878	0.14233395	-0.13610391	0.04834033	-0.12072965	0.10243006	-0.13511807	0.10660522	-0.055648163	0.1300479	-0.095836736	0.075512186	-0.09189334
0.09060621	-0.07558855	0.08509329	-0.063521296	0.07904625	-0.08765255	0.083511725	-0.06895928	0.0884115	-0.073620856	0.073883176	-0.09285944	0.09673666	-0.0814227	0.07527317	-0.0939616	0.08233164	-0.237118	0.09485924	-0.10518884	0.105147	-0.10477209	0.25591525	-0.29588678	0.1815167	-0.09197792	0.16836588	-0.831409	0.9999979	-0.25413203	0.13523825	-0.110700935	0.13837412	-0.17654379	0.14828716	-0.049186464	0.12196554	-0.10861684	0.14145575	-0.11833002	0.056499794	-0.13686173	0.09963879	-0.08039943	0.096593715
-0.13378371	0.110631876	-0.1320073	0.09770709	-0.1286506	0.12072519	-0.124617584	0.10161023	-0.13470237	0.11631367	-0.10083237	0.11568101	-0.124988355	0.11149839	-0.13532594	0.12275623	-0.10258577	0.20701647	-0.13371538	0.18081297	-0.14885339	0.12402581	-0.22622852	0.30153733	-0.65485704	0.1198944	-0.21295063	0.18627587	-0.25413203	0.999998	-0.20206586	0.15384032	-0.20460787	0.20873879	-0.3805475	0.07289609	-0.18330257	0.16383179	-0.22183447	0.20960239	-0.08525695	0.19041653	-0.16412881	0.13174778	-0.17143084
0.14443564	-0.1163587	0.12079375	-0.08820106	0.10630835	-0.15668178	0.12222408	-0.09791153	0.11895989	-0.09792138	0.12856655	-0.13676225	0.13169077	-0.10193972	0.09203519	-0.17810574	0.13170353	-0.2097638	0.11247999	-0.12836574	0.24943368	-0.17359038	0.15656689	-0.20540051	0.14616174	-0.33518657	0.31351915	-0.13620363	0.13523825	-0.20206586	0.99999803	-0.55836266	0.278851	-0.23207797	0.18699403	-0.1534222	0.3013601	-0.22953542	0.21749115	-0.18439458	0.14761278	-0.394486	0.18131196	-0.14112096	0.15644045
-0.104284175	0.08354666	-0.08773778	0.06395761	-0.07742803	0.11056889	-0.08861525	0.070970856	-0.08662527	0.07102487	-0.09320393	0.0999189	-0.09734214	0.07417054	-0.06735003	0.1264652	-0.10175622	0.15268394	-0.08227303	0.09347917	-0.18376788	0.13419162	-0.11889579	0.15184568	-0.111558035	0.19451503	-0.39601249	0.11006635	-0.110700935	0.15384032	-0.55836266	0.9999981	-0.48489967	0.21947889	-0.1652379	0.12786718	-0.4501318	0.21132584	-0.19864962	0.1525622	-0.1292109	0.28903574	-0.16078879	0.12001963	-0.13265112
0.11347023	-0.09211843	0.09814905	-0.07206945	0.08790323	-0.11730297	0.09798826	-0.079011954	0.09754289	-0.08134397	0.09639434	-0.10690874	0.10525924	-0.08415696	0.07821655	-0.1281696	0.10002878	-0.17907588	0.09390287	-0.10965902	0.15961793	-0.12959342	0.13986258	-0.1873327	0.14067593	-0.1534836	0.24456379	-0.13425878	0.13837412	-0.20460787	0.278851	-0.48489967	0.9999982	-0.52298886	0.24167195	-0.107280836	0.26755625	-0.39684772	0.29028237	-0.22956844	0.11245744	-0.30485222	0.22510797	-0.17602643	0.18233812
-0.09708457	0.078734696	-0.0859769	0.063096054	-0.07805018	0.09669835	-0.08495412	0.068557896	-0.08585377	0.07168728	-0.08048419	0.089719266	-0.090629905	0.07359857	-0.070972115	0.10417049	-0.0836277	0.15635487	-0.08336516	0.0984003	-0.1349396	0.10545294	-0.13493395	0.17283872	-0.14746639	0.1198869	-0.20599043	0.14233395	-0.17654379	0.20873879	-0.23207797	0.21947889	-0.52298886	0.9999979	-0.48086134	0.08260662	-0.2170815	0.261154	-0.51890033	0.26885623	-0.09183771	0.22742708	-0.21450824	0.18435936	-0.20929754
0.101426624	-0.083550185	0.092569746	-0.06863543	0.08573556	-0.09946547	0.090445116	-0.073635004	0.0933235	-0.07998091	0.08168763	-0.093542844	0.09512814	-0.08055271	0.08113555	-0.10447169	0.083506346	-0.17117384	0.091730975	-0.115165025	0.12544863	-0.10438229	0.14473599	-0.21067794	0.19532797	-0.10682021	0.1799729	-0.13610391	0.14828716	-0.3805475	0.18699403	-0.1652379	0.24167195	-0.48086134	0.999998	-0.07269259	0.1812839	-0.21881656	0.2844889	-0.5966708	0.08225226	-0.2210909	0.19461131	-0.19665083	0.23787503
-0.051988736	0.04148719	-0.043852642	0.031860303	-0.03867171	0.053588986	-0.044020813	0.035136968	-0.04301526	0.03528972	-0.044301793	0.047347613	-0.046641126	0.036458228	-0.033340275	0.05862009	-0.045168202	0.07393918	-0.040477186	0.046159275	-0.078507274	0.0576175	-0.056262806	0.07316659	-0.05339397	0.07190779	-0.11229847	0.04834033	-0.049186464	0.07289609	-0.1534222	0.12786718	-0.107280836	0.08260662	-0.07269259	0.99999803	-0.30888534	0.09678887	-0.08981048	0.070962854	-0.9085193	0.19551931	-0.07934747	0.057886943	-0.06478369
0.1273812	-0.10205257	0.10778997	-0.07846424	0.09522647	-0.13187283	0.10814434	-0.08647657	0.10589315	-0.0871384	0.108170494	-0.11684214	0.1146089	-0.090037316	0.08239018	-0.14390871	0.110260114	-0.18400517	0.099908695	-0.11438471	0.18041816	-0.14239635	0.13932683	-0.18289845	0.13296257	-0.16945009	0.2631826	-0.12072965	0.12196554	-0.18330257	0.3013601	-0.4501318	0.26755625	-0.2170815	0.1812839	-0.30888534	0.999998	-0.28775734	0.22521134	-0.18139398	0.22995462	-0.5710293	0.20330696	-0.1496197	0.16246484
-0.09308701	0.07487064	-0.08076566	0.058998503	-0.072419085	0.09344493	-0.08027058	0.06444884	-0.079967916	0.06634439	-0.07772311	0.0850237	-0.08511855	0.06814072	-0.06423129	0.10100354	-0.07993897	0.14116338	-0.0764551	0.08910795	-0.13375606	0.10086728	-0.11298153	0.14871386	-0.117017634	0.11782307	-0.1989572	0.10243006	-0.10861684	0.16383179	-0.22953542	0.21132584	-0.39684772	0.261154	-0.21881656	0.09678887	-0.28775734	0.9999979	-0.46678123	0.23112753	-0.107440636	0.25819117	-0.6036162	0.26473123	-0.26674053
0.1099349	-0.08969103	0.09691879	-0.07139318	0.08769052	-0.1105121	0.09592473	-0.07759517	0.096669056	-0.08139473	0.0903531	-0.101663984	0.10160494	-0.08348352	0.07913603	-0.11723717	0.09192991	-0.17936152	0.09366847	-0.11134161	0.14190619	-0.115894385	0.14178865	-0.1946448	0.14999773	-0.12262609	0.20307752	-0.13511807	0.14145575	-0.22183447	0.21749115	-0.19864962	0.29028237	-0.51890033	0.2844889	-0.08981048	0.22521134	-0.46678123	0.99999785	-0.37796107	0.10003331	-0.28758857	0.28341085	-0.3322535	0.26143518
-0.09137578	0.07391472	-0.08196513	0.060017385	-0.07499603	0.0885565	-0.080311246	0.064691275	-0.081664585	0.068372674	-0.073607735	0.08175733	-0.08364235	0.06903549	-0.06879292	0.09355957	-0.07487782	0.14035319	-0.07866719	0.094509475	-0.11958549	0.09302717	-0.12028009	0.15918441	-0.151532	0.100806184	-0.171725	0.10660522	-0.11833002	0.20960239	-0.18439458	0.1525622	-0.22956844	0.26885623	-0.5966708	0.070962854	-0.18139398	0.23112753	-0.37796107	0.9999979	-0.08130147	0.20454054	-0.26501098	0.25796464	-0.5124195
0.061137643	-0.04890029	0.051656432	-0.03755977	0.045575008	-0.06296387	0.05179449	-0.041365776	0.05064431	-0.041643027	0.051525857	-0.05535634	0.054480895	-0.042936157	0.039276376	-0.068072766	0.05186574	-0.087243184	0.047627985	-0.054468624	0.08636448	-0.066049054	0.06566854	-0.08615074	0.062354684	-0.077804334	0.120316096	-0.055648163	0.056499794	-0.08525695	0.14761278	-0.1292109	0.11245744	-0.09183771	0.08225226	-0.9085193	0.22995462	-0.107440636	0.10003331	-0.08130147	0.9999978	-0.2494925	0.08856311	-0.065729216	0.07341925
-0.15313722	0.11714719	-0.1276986	0.0907049	-0.11155396	0.14456846	-0.12734395	0.09973005	-0.1230715	0.09809397	-0.12530376	0.12755914	-0.13071658	0.100251675	-0.0933256	0.15711176	-0.12590909	0.18810828	-0.11271044	0.12511344	-0.24278063	0.15488245	-0.15239468	0.18665072	-0.14603987	0.19810665	-0.33645838	0.1300479	-0.13686173	0.19041653	-0.394486	0.28903574	-0.30485222	0.22742708	-0.2210909	0.19551931	-0.5710293	0.25819117	-0.28758857	0.20454054	-0.2494925	0.99999756	-0.28508565	0.18223773	-0.21904579
0.08877259	-0.07196242	0.077576846	-0.056933723	0.06981458	-0.08901915	0.07691887	-0.061996702	0.07701496	-0.0645063	0.07300915	-0.081163295	0.081082545	-0.066098824	0.062304925	-0.09457421	0.07396584	-0.139419	0.07400511	-0.08732217	0.11720479	-0.09303725	0.10840724	-0.14851704	0.11325544	-0.10053385	0.16664535	-0.095836736	0.09963879	-0.16412881	0.18131196	-0.16078879	0.22510797	-0.21450824	0.19461131	-0.07934747	0.20330696	-0.6036162	0.28341085	-0.26501098	0.08856311	-0.28508565	0.9999975	-0.54976386	0.28034464
-0.067706764	0.05476483	-0.059578616	0.04365835	-0.053852994	0.067095034	-0.05887327	0.047411796	-0.059183605	0.049488723	-0.055404354	0.06142927	-0.061881904	0.050510418	-0.048379917	0.071291566	-0.056302696	0.1052335	-0.056874335	0.0673076	-0.09031554	0.070487894	-0.08465777	0.11403374	-0.09270297	0.076956406	-0.12931402	0.075512186	-0.08039943	0.13174778	-0.14112096	0.12001963	-0.17602643	0.18435936	-0.19665083	0.057886943	-0.1496197	0.26473123	-0.3322535	0.25796464	-0.065729216	0.18223773	-0.54976386	0.9999975	-0.6614256
0.08167485	-0.0665767	0.072317585	-0.053248078	0.06560862	-0.08127212	0.071378626	-0.057715334	0.07210101	-0.060813747	0.066514246	-0.07476302	0.07507646	-0.062025927	0.059415985	-0.08567582	0.06730755	-0.13148497	0.06972589	-0.083509415	0.10420301	-0.08430367	0.10388735	-0.14476562	0.115029834	-0.08816759	0.1472377	-0.09189334	0.096593715	-0.17143084	0.15644045	-0.13265112	0.18233812	-0.20929754	0.23787503	-0.06478369	0.16246484	-0.26674053	0.26143518	-0.5124195	0.07341925	-0.21904579	0.28034464	-0.6614256	0.9999975
