1.0000001	-0.5150846	0.19608109	-0.11128843	0.12073915	-0.7321645	0.323043	-0.17249538	0.11515189	-0.14770578	0.12802611	-0.11431707	0.13139428	-0.12217453	0.08486448	-0.08142084	0.0741028	-0.07351339	0.05533411	-0.04255874	0.057816952	-0.057987094	0.054646347	-0.043643318	0.044149984	-0.05366079	0.047634978	-0.047257494	0.056521297	-0.05060176	0.037647422	-0.04908323	0.05422609	-0.042422894	0.046291005	-0.04391284	0.043069612	-0.04559494	0.040556185	-0.025299469	0.034352764	-0.031921092	0.03229545	-0.026818758	0.02606307
-0.5150846	1.0000001	-0.33589363	0.13397136	-0.14507395	0.31232223	-0.6882557	0.18478014	-0.12747075	0.14095613	-0.12504518	0.119769014	-0.13870448	0.11773065	-0.08403348	0.074080795	-0.071567915	0.06819157	-0.051380802	0.039421827	-0.05329035	0.052707843	-0.050177425	0.04016936	-0.04094616	0.048281975	-0.04334233	0.043062303	-0.05193983	0.04590517	-0.034016058	0.044327844	-0.049444478	0.03858446	-0.042167414	0.0394344	-0.03893649	0.041047722	-0.03673174	0.022863708	-0.031025039	0.028759874	-0.02919124	0.024217647	-0.023576451
0.19608109	-0.33589363	1.0	-0.47266322	0.3026705	-0.17029148	0.20698531	-0.502932	0.29733497	-0.35728082	0.14346384	-0.13066497	0.19201079	-0.29430693	0.1971143	-0.103005245	0.09795697	-0.101855084	0.08473459	-0.06963611	0.07790813	-0.07924864	0.078198865	-0.06639033	0.07116155	-0.07542351	0.06736949	-0.067859136	0.08490692	-0.0760643	0.053540394	-0.06994646	0.07974918	-0.062770225	0.06941105	-0.0629232	0.062400457	-0.06671429	0.059873674	-0.037365384	0.04978943	-0.046271473	0.04756611	-0.03945169	0.038561698
-0.11128843	0.13397136	-0.47266322	0.99999994	-0.7306001	0.08886722	-0.11305312	0.2741592	-0.3815549	0.24122602	-0.08860405	0.077778794	-0.12241267	0.20394702	-0.1486899	0.061926667	-0.05987022	0.06172011	-0.053252604	0.04461879	-0.04734893	0.047850575	-0.04780905	0.041321658	-0.045585524	0.045386985	-0.040886473	0.041330077	-0.05261234	0.046571136	-0.032356266	0.042286877	-0.048824225	0.038405363	-0.042650357	0.037882976	-0.037823834	0.040350176	-0.036466647	0.022712726	-0.030156117	0.027973123	-0.028900003	0.023947885	-0.02346549
0.12073915	-0.14507395	0.3026705	-0.7306001	0.9999999	-0.1033993	0.11966115	-0.3314012	0.28429732	-0.3614927	0.11437925	-0.09924338	0.15401599	-0.2928728	0.19276756	-0.08328562	0.07989846	-0.08370862	0.07272907	-0.06125251	0.06416897	-0.06533202	0.06541422	-0.056782365	0.06222749	-0.06260011	0.05612593	-0.056779217	0.07223495	-0.06460453	0.044628076	-0.058333177	0.06727473	-0.053042643	0.05892936	-0.05249795	0.05231207	-0.05604638	0.05050659	-0.0315092	0.041735798	-0.038769778	0.040076543	-0.033221524	0.03254174
-0.7321645	0.31232223	-0.17029148	0.08886722	-0.1033993	0.9999997	-0.5629839	0.13702351	-0.09467362	0.108573966	-0.14168678	0.11739547	-0.1268369	0.09087869	-0.06541455	0.074987315	-0.06929033	0.06528621	-0.04761861	0.03571279	-0.05223598	0.05116345	-0.04770024	0.037329484	-0.03726006	0.046307363	-0.041453045	0.04089624	-0.04844992	0.042827286	-0.032456916	0.042249434	-0.04650719	0.03620855	-0.03936086	0.03748766	-0.036848027	0.038677454	-0.034487497	0.021462325	-0.029355252	0.027208135	-0.027432166	0.022770157	-0.022114277
0.323043	-0.6882557	0.20698531	-0.11305312	0.11966115	-0.5629839	0.9999997	-0.19932388	0.12048109	-0.1365162	0.13409993	-0.15389699	0.14164287	-0.11396092	0.08037782	-0.07930591	0.07567729	-0.07185172	0.05218576	-0.039772272	0.055372912	-0.054961644	0.05141414	-0.04090554	0.041189387	-0.049913485	0.04460332	-0.044221047	0.0526464	-0.046740215	0.034976933	-0.045613833	0.05028557	-0.03928641	0.042755857	-0.040531226	0.039801423	-0.04194663	0.037364654	-0.023275033	0.031707056	-0.029429313	0.029701628	-0.024674568	0.023965599
-0.17249538	0.18478014	-0.502932	0.2741592	-0.3314012	0.13702351	-0.19932388	0.9999996	-0.6287976	0.2755671	-0.15021047	0.13855764	-0.2607822	0.2434784	-0.20347677	0.098310165	-0.096364796	0.09675354	-0.079734795	0.06453848	-0.073788755	0.07365696	-0.072952665	0.061479185	-0.066862255	0.0685515	-0.062126808	0.06258678	-0.07889811	0.068752915	-0.04878591	0.063713364	-0.07330342	0.057341225	-0.063450865	0.056668546	-0.056645736	0.059940275	-0.054310255	0.033742663	-0.04512139	0.041760456	-0.04300212	0.035611305	-0.034877703
0.11515189	-0.12747075	0.29733497	-0.3815549	0.28429732	-0.09467362	0.12048109	-0.6287976	0.99999934	-0.4466144	0.10532323	-0.09546629	0.15625629	-0.395436	0.24594702	-0.073191874	0.071479365	-0.0740147	0.066135265	-0.05772081	0.055758003	-0.05624927	0.056443058	-0.050657663	0.058065414	-0.052944615	0.04797558	-0.048763044	0.06309852	-0.05534428	0.0377709	-0.049456477	0.0574851	-0.045362484	0.050502334	-0.04405275	0.044116914	-0.047021724	0.04267532	-0.026542507	0.035123594	-0.03256738	0.033686154	-0.027940523	0.027402194
-0.14770578	0.14095613	-0.35728082	0.24122602	-0.3614927	0.108573966	-0.1365162	0.2755671	-0.4466144	0.9999994	-0.13821726	0.11202583	-0.19037217	0.3287269	-0.5883204	0.0924426	-0.09287962	0.09453698	-0.09238577	0.087638766	-0.07280948	0.07263285	-0.07533331	0.06991342	-0.08877935	0.06838768	-0.0630957	0.0646291	-0.08724848	0.07486858	-0.049362313	0.064661086	-0.07765863	0.06116569	-0.06907769	0.057227865	-0.05828454	0.061915815	-0.057161625	0.03541148	-0.046353217	0.042792812	-0.044917278	0.037145805	-0.03668306
0.12802611	-0.12504518	0.14346384	-0.08860405	0.11437925	-0.14168678	0.13409993	-0.15021047	0.10532323	-0.13821726	0.9999994	-0.636394	0.3150398	-0.118313305	0.08712204	-0.42101616	0.25452968	-0.23907399	0.14449169	-0.101884104	0.20500529	-0.19907843	0.15918759	-0.115597494	0.10568928	-0.16759963	0.14476024	-0.13840121	0.14800747	-0.13378467	0.11242906	-0.14649425	0.14716156	-0.11463758	0.120779626	-0.12819155	0.121325105	-0.12555617	0.10875565	-0.0678575	0.09652359	-0.08994122	0.08680468	-0.07258512	0.06932808
-0.11431707	0.119769014	-0.13066497	0.077778794	-0.09924338	0.11739547	-0.15389699	0.13855764	-0.09546629	0.11202583	-0.636394	0.99999934	-0.6064356	0.09648713	-0.07214895	0.23080294	-0.28693134	0.19860081	-0.116839096	0.07914692	-0.14794114	0.13934	-0.12221275	0.08998688	-0.08247046	0.11623493	-0.105559595	0.102697626	-0.11449637	0.09944124	-0.08023478	0.10445289	-0.11038703	0.085455894	-0.0906973	0.09047186	-0.08801409	0.090742536	-0.08013052	0.049726337	-0.0698023	0.06462879	-0.06352218	0.052963104	-0.05096099
0.13139428	-0.13870448	0.19201079	-0.12241267	0.15401599	-0.1268369	0.14164287	-0.2607822	0.15625629	-0.19037217	0.3150398	-0.6064356	0.99999917	-0.16256918	0.117895834	-0.25588262	0.23222065	-0.25901577	0.15224595	-0.11043577	0.16803955	-0.17536917	0.15668516	-0.12192083	0.113301784	-0.15915905	0.1379215	-0.13728805	0.153812	-0.1411923	0.10910351	-0.14307676	0.14988989	-0.11820822	0.12620065	-0.12793377	0.121971	-0.12967283	0.11248333	-0.070516825	0.097212866	-0.09107216	0.089647956	-0.07503277	0.072052754
-0.12217453	0.11773065	-0.29430693	0.20394702	-0.2928728	0.09087869	-0.11396092	0.2434784	-0.395436	0.3287269	-0.118313305	0.09648713	-0.16256918	0.99999857	-0.7173828	0.08180545	-0.08301168	0.08695265	-0.095560834	0.09093282	-0.0645979	0.06498304	-0.06789997	0.069218874	-0.08974689	0.06127075	-0.056602288	0.058693863	-0.08181829	0.06994427	-0.044189353	0.05813901	-0.070198596	0.056031846	-0.063334264	0.05129316	-0.052178	0.05585639	-0.051536743	0.031953976	-0.041412786	0.03835355	-0.040239684	0.0334175	-0.03297726
0.08486448	-0.08403348	0.1971143	-0.1486899	0.19276756	-0.06541455	0.08037782	-0.20347677	0.24594702	-0.5883204	0.08712204	-0.07214895	0.117895834	-0.7173828	0.99999875	-0.063711464	0.0646487	-0.07031867	0.08020104	-0.10090208	0.050382663	-0.05137709	0.05381856	-0.0598561	0.08601018	-0.04874345	0.044872418	-0.047092903	0.067013115	-0.059209	0.035072457	-0.04637691	0.056088954	-0.04557047	0.05188817	-0.040887274	0.041424185	-0.044872254	0.041231554	-0.025651269	0.032815352	-0.03054222	0.03199138	-0.02671958	0.02633354
-0.08142084	0.074080795	-0.103005245	0.061926667	-0.08328562	0.074987315	-0.07930591	0.098310165	-0.073191874	0.0924426	-0.42101616	0.23080294	-0.25588262	0.08180545	-0.063711464	0.9999987	-0.48271805	0.26467744	-0.17582366	0.11028815	-0.54604006	0.27324423	-0.21745926	0.1324656	-0.120084606	0.20161687	-0.19621718	0.17026271	-0.17931174	0.14460006	-0.141063	0.17262532	-0.18028085	0.13267961	-0.13913706	0.14223674	-0.14366499	0.13654506	-0.12405815	0.0755192	-0.11345815	0.10157382	-0.0985519	0.08109462	-0.07810715
0.0741028	-0.071567915	0.09795697	-0.05987022	0.07989846	-0.06929033	0.07567729	-0.096364796	0.071479365	-0.09287962	0.25452968	-0.28693134	0.23222065	-0.08301168	0.0646487	-0.48271805	0.9999987	-0.65187764	0.20673628	-0.13134219	0.23981495	-0.26844054	0.20533678	-0.15708351	0.12823054	-0.17832686	0.16949274	-0.17037982	0.17620102	-0.15041372	0.12057998	-0.16166764	0.16378248	-0.12849335	0.13207659	-0.13221481	0.12824382	-0.1307063	0.11484793	-0.07100002	0.10048703	-0.09338173	0.08968676	-0.07554275	0.07201739
-0.07351339	0.06819157	-0.101855084	0.06172011	-0.08370862	0.06528621	-0.07185172	0.09675354	-0.0740147	0.09453698	-0.23907399	0.19860081	-0.25901577	0.08695265	-0.07031867	0.26467744	-0.65187764	0.9999987	-0.39350495	0.1704764	-0.21613851	0.21378167	-0.29502055	0.2099428	-0.17805286	0.16995612	-0.17627658	0.19969623	-0.24662045	0.17622815	-0.12260394	0.16428387	-0.19982882	0.15375187	-0.16195387	0.13415974	-0.13820808	0.14280961	-0.13236779	0.08065849	-0.10758544	0.09914556	-0.1007027	0.08450154	-0.0823326
0.05533411	-0.051380802	0.08473459	-0.053252604	0.07272907	-0.04761861	0.05218576	-0.079734795	0.066135265	-0.09238577	0.14449169	-0.116839096	0.15224595	-0.095560834	0.08020104	-0.17582366	0.20673628	-0.39350495	0.9999987	-0.43348277	0.13983774	-0.15663716	0.1745707	-0.59973544	0.28452766	-0.1464017	0.13681048	-0.16745943	0.2881814	-0.23296472	0.10352105	-0.14410178	0.17467052	-0.16627829	0.16891743	-0.12144644	0.120541126	-0.14056417	0.12582402	-0.07898489	0.09341531	-0.08990689	0.091830224	-0.08054821	0.077490725
-0.04255874	0.039421827	-0.06963611	0.04461879	-0.06125251	0.03571279	-0.039772272	0.06453848	-0.05772081	0.087638766	-0.101884104	0.07914692	-0.11043577	0.09093282	-0.10090208	0.11028815	-0.13134219	0.1704764	-0.43348277	0.9999986	-0.09458365	0.10273543	-0.12195438	0.25465593	-0.8052178	0.09837357	-0.09494449	0.11226779	-0.22027966	0.18964277	-0.071752064	0.0989736	-0.13486949	0.12157466	-0.15087485	0.08358293	-0.086460076	0.09969653	-0.0950767	0.059225406	-0.06697944	0.06371127	-0.06858457	0.05925902	-0.059188496
0.057816952	-0.05329035	0.07790813	-0.04734893	0.06416897	-0.05223598	0.055372912	-0.073788755	0.055758003	-0.07280948	0.20500529	-0.14794114	0.16803955	-0.0645979	0.050382663	-0.54604006	0.23981495	-0.21613851	0.13983774	-0.09458365	0.9999987	-0.60699666	0.22134525	-0.1157943	0.10082819	-0.33158165	0.24953917	-0.19331591	0.15594059	-0.13708355	0.17914985	-0.22157305	0.17496784	-0.12976551	0.12785228	-0.17400931	0.15799156	-0.14328562	0.12268403	-0.07498868	0.124844715	-0.11290732	0.099229276	-0.082387716	0.07666105
-0.057987094	0.052707843	-0.07924864	0.047850575	-0.06533202	0.05116345	-0.054961644	0.07365696	-0.05624927	0.07263285	-0.19907843	0.13934	-0.17536917	0.06498304	-0.05137709	0.27324423	-0.26844054	0.21378167	-0.15663716	0.10273543	-0.60699666	0.99999887	-0.37342963	0.12904553	-0.112762414	0.25434515	-0.4577716	0.25043043	-0.18426201	0.15150826	-0.18284906	0.2460215	-0.21628237	0.14982297	-0.14750461	0.17086338	-0.18116347	0.1561036	-0.13913798	0.08351342	-0.13593699	0.12096467	-0.110651426	0.091045246	-0.086013995
0.054646347	-0.050177425	0.078198865	-0.04780905	0.06541422	-0.04770024	0.05141414	-0.072952665	0.056443058	-0.07533331	0.15918759	-0.12221275	0.15668516	-0.06789997	0.05381856	-0.21745926	0.20533678	-0.29502055	0.1745707	-0.12195438	0.22134525	-0.37342963	0.999999	-0.16634062	0.12669712	-0.23327053	0.27117145	-0.70595723	0.21885765	-0.19090454	0.1585958	-0.24326676	0.25037947	-0.18979344	0.16520472	-0.17285755	0.16807063	-0.17610152	0.1489097	-0.09167349	0.1273404	-0.121388115	0.112330645	-0.09735023	0.09048375
-0.043643318	0.04016936	-0.06639033	0.041321658	-0.056782365	0.037329484	-0.04090554	0.061479185	-0.050657663	0.06991342	-0.115597494	0.08998688	-0.12192083	0.069218874	-0.0598561	0.1324656	-0.15708351	0.2099428	-0.59973544	0.25465593	-0.1157943	0.12904553	-0.16634062	0.9999989	-0.34114748	0.12252112	-0.12238695	0.16019177	-0.59670126	0.21369407	-0.08921067	0.12552954	-0.1776036	0.17180836	-0.17208648	0.103325665	-0.106823854	0.12516056	-0.12127704	0.07305179	-0.08193503	0.07851145	-0.08367458	0.073461495	-0.07196728
0.044149984	-0.04094616	0.07116155	-0.045585524	0.06222749	-0.03726006	0.041189387	-0.066862255	0.058065414	-0.08877935	0.10568928	-0.08247046	0.113301784	-0.08974689	0.08601018	-0.120084606	0.12823054	-0.17805286	0.28452766	-0.8052178	0.10082819	-0.112762414	0.12669712	-0.34114748	0.9999989	-0.110705994	0.10311158	-0.12318107	0.22297285	-0.26876467	0.07953506	-0.11057816	0.14334881	-0.13736439	0.16554984	-0.09429644	0.095201686	-0.11314392	0.10408293	-0.06605866	0.07373497	-0.07110604	0.07506148	-0.06588617	0.06485929
-0.05366079	0.048281975	-0.07542351	0.045386985	-0.06260011	0.046307363	-0.049913485	0.0685515	-0.052944615	0.06838768	-0.16759963	0.11623493	-0.15915905	0.06127075	-0.04874345	0.20161687	-0.17832686	0.16995612	-0.1464017	0.09837357	-0.33158165	0.25434515	-0.23327053	0.12252112	-0.110705994	0.99999887	-0.40780866	0.20724571	-0.18244666	0.15563743	-0.6105934	0.30054718	-0.2305176	0.16035515	-0.15937798	0.28844392	-0.26745892	0.19127434	-0.17338529	0.10225652	-0.23358952	0.1767709	-0.14983863	0.11700144	-0.10884567
0.047634978	-0.04334233	0.06736949	-0.040886473	0.05612593	-0.041453045	0.04460332	-0.062126808	0.04797558	-0.0630957	0.14476024	-0.105559595	0.1379215	-0.056602288	0.044872418	-0.19621718	0.16949274	-0.17627658	0.13681048	-0.09494449	0.24953917	-0.4577716	0.27117145	-0.12238695	0.10311158	-0.40780866	0.99999887	-0.38244867	0.17661262	-0.15546298	0.24456519	-0.5626789	0.23472057	-0.16338138	0.14715427	-0.22329152	0.22275147	-0.18230635	0.14932741	-0.090040155	0.15859579	-0.14873514	0.120360374	-0.100545734	0.09124425
-0.047257494	0.043062303	-0.067859136	0.041330077	-0.056779217	0.04089624	-0.044221047	0.06258678	-0.048763044	0.0646291	-0.13840121	0.102697626	-0.13728805	0.058693863	-0.047092903	0.17026271	-0.17037982	0.19969623	-0.16745943	0.11226779	-0.19331591	0.25043043	-0.70595723	0.16019177	-0.12318107	0.20724571	-0.38244867	0.9999989	-0.2784596	0.18344784	-0.15327108	0.23634619	-0.37261036	0.20334508	-0.17530586	0.15646014	-0.1670132	0.16658941	-0.15194893	0.0897444	-0.12246766	0.11441024	-0.10985455	0.09444964	-0.08933382
0.056521297	-0.05193983	0.08490692	-0.05261234	0.07223495	-0.04844992	0.0526464	-0.07889811	0.06309852	-0.08724848	0.14800747	-0.11449637	0.153812	-0.08181829	0.067013115	-0.17931174	0.17620102	-0.24662045	0.2881814	-0.22027966	0.15594059	-0.18426201	0.21885765	-0.59670126	0.22297285	-0.18244666	0.17661262	-0.2784596	0.9999989	-0.38059822	0.1304341	-0.18949565	0.2531135	-0.3292465	0.24921018	-0.15441188	0.15557261	-0.1935815	0.17935249	-0.11066322	0.11870086	-0.11637461	0.121485054	-0.110478714	0.105198584
-0.05060176	0.04590517	-0.0760643	0.046571136	-0.06460453	0.042827286	-0.046740215	0.068752915	-0.05534428	0.07486858	-0.13378467	0.09944124	-0.1411923	0.06994427	-0.059209	0.14460006	-0.15041372	0.17622815	-0.23296472	0.18964277	-0.13708355	0.15150826	-0.19090454	0.21369407	-0.26876467	0.15563743	-0.15546298	0.18344784	-0.38059822	0.99999887	-0.11963401	0.16832905	-0.3013275	0.28591606	-0.70032173	0.14010006	-0.15585117	0.18874756	-0.20681399	0.13262285	-0.11922083	0.11399965	-0.13810061	0.120290585	-0.13283505
0.037647422	-0.034016058	0.053540394	-0.032356266	0.044628076	-0.032456916	0.034976933	-0.04878591	0.0377709	-0.049362313	0.11242906	-0.08023478	0.10910351	-0.044189353	0.035072457	-0.141063	0.12057998	-0.12260394	0.10352105	-0.071752064	0.17914985	-0.18284906	0.1585958	-0.08921067	0.07953506	-0.6105934	0.24456519	-0.15327108	0.1304341	-0.11963401	0.99999887	-0.3930372	0.17570339	-0.12583663	0.11862161	-0.57029325	0.23787569	-0.16760138	0.1371556	-0.082540765	0.21648009	-0.17791621	0.12211023	-0.09819192	0.08582693
-0.04908323	0.044327844	-0.06994646	0.042286877	-0.058333177	0.042249434	-0.045613833	0.063713364	-0.049456477	0.064661086	-0.14649425	0.10445289	-0.14307676	0.05813901	-0.04637691	0.17262532	-0.16166764	0.16428387	-0.14410178	0.0989736	-0.22157305	0.2460215	-0.24326676	0.12552954	-0.11057816	0.30054718	-0.5626789	0.23634619	-0.18949565	0.16832905	-0.3930372	0.9999988	-0.33269227	0.19091305	-0.17303328	0.26579905	-0.417007	0.22502124	-0.19019818	0.109621346	-0.21979743	0.19695048	-0.15480496	0.124895446	-0.113651045
0.05422609	-0.049444478	0.07974918	-0.048824225	0.06727473	-0.04650719	0.05028557	-0.07330342	0.0574851	-0.07765863	0.14716156	-0.11038703	0.14988989	-0.070198596	0.056088954	-0.18028085	0.16378248	-0.19982882	0.17467052	-0.13486949	0.17496784	-0.21628237	0.25037947	-0.1776036	0.14334881	-0.2305176	0.23472057	-0.37261036	0.2531135	-0.3013275	0.17570339	-0.33269227	0.9999986	-0.5943755	0.27035743	-0.20250744	0.21253562	-0.28457996	0.24436352	-0.14498612	0.15325417	-0.15373307	0.15570773	-0.1465937	0.13352981
-0.042422894	0.03858446	-0.062770225	0.038405363	-0.053042643	0.03620855	-0.03928641	0.057341225	-0.045362484	0.06116569	-0.11463758	0.085455894	-0.11820822	0.056031846	-0.04557047	0.13267961	-0.12849335	0.15375187	-0.16627829	0.12157466	-0.12976551	0.14982297	-0.18979344	0.17180836	-0.13736439	0.16035515	-0.16338138	0.20334508	-0.3292465	0.28591606	-0.12583663	0.19091305	-0.5943755	0.99999857	-0.49081832	0.14818865	-0.17001532	0.23744386	-0.3734225	0.15264009	-0.12343064	0.12308284	-0.15245058	0.14585985	-0.1421854
0.046291005	-0.042167414	0.06941105	-0.042650357	0.05892936	-0.03936086	0.042755857	-0.063450865	0.050502334	-0.06907769	0.120779626	-0.0906973	0.12620065	-0.063334264	0.05188817	-0.13913706	0.13207659	-0.16195387	0.16891743	-0.15087485	0.12785228	-0.14750461	0.16520472	-0.17208648	0.16554984	-0.15937798	0.14715427	-0.17530586	0.24921018	-0.70032173	0.11862161	-0.17303328	0.27035743	-0.49081832	0.9999986	-0.14530389	0.15348856	-0.21442318	0.2134634	-0.1617314	0.11600651	-0.11661935	0.1348154	-0.1295384	0.13625698
-0.04391284	0.0394344	-0.0629232	0.037882976	-0.05249795	0.03748766	-0.040531226	0.056668546	-0.04405275	0.057227865	-0.12819155	0.09047186	-0.12793377	0.05129316	-0.040887274	0.14223674	-0.13221481	0.13415974	-0.12144644	0.08358293	-0.17400931	0.17086338	-0.17285755	0.103325665	-0.09429644	0.28844392	-0.22329152	0.15646014	-0.15441188	0.14010006	-0.57029325	0.26579905	-0.20250744	0.14818865	-0.14530389	0.9999985	-0.39733747	0.21706341	-0.18881463	0.1108565	-0.4852343	0.26840812	-0.18163791	0.13674065	-0.11956027
0.043069612	-0.03893649	0.062400457	-0.037823834	0.05231207	-0.036848027	0.039801423	-0.056645736	0.044116914	-0.05828454	0.121325105	-0.08801409	0.121971	-0.052178	0.041424185	-0.14366499	0.12824382	-0.13820808	0.120541126	-0.086460076	0.15799156	-0.18116347	0.16807063	-0.106823854	0.095201686	-0.26745892	0.22275147	-0.1670132	0.15557261	-0.15585117	0.23787569	-0.417007	0.21253562	-0.17001532	0.15348856	-0.39733747	0.99999875	-0.47335804	0.23250881	-0.13753662	0.2899196	-0.47522172	0.20732778	-0.17497222	0.13746117
-0.04559494	0.041047722	-0.06671429	0.040350176	-0.05604638	0.038677454	-0.04194663	0.059940275	-0.047021724	0.061915815	-0.12555617	0.090742536	-0.12967283	0.05585639	-0.044872254	0.13654506	-0.1307063	0.14280961	-0.14056417	0.09969653	-0.14328562	0.1561036	-0.17610152	0.12516056	-0.11314392	0.19127434	-0.18230635	0.16658941	-0.1935815	0.18874756	-0.16760138	0.22502124	-0.28457996	0.23744386	-0.21442318	0.21706341	-0.47335804	0.99999905	-0.5869327	0.21537691	-0.22195274	0.225956	-0.3175577	0.23956999	-0.23969989
0.040556185	-0.03673174	0.059873674	-0.036466647	0.05050659	-0.034487497	0.037364654	-0.054310255	0.04267532	-0.057161625	0.10875565	-0.08013052	0.11248333	-0.051536743	0.041231554	-0.12405815	0.11484793	-0.13236779	0.12582402	-0.0950767	0.12268403	-0.13913798	0.1489097	-0.12127704	0.10408293	-0.17338529	0.14932741	-0.15194893	0.17935249	-0.20681399	0.1371556	-0.19019818	0.24436352	-0.3734225	0.2134634	-0.18881463	0.23250881	-0.5869327	0.99999934	-0.38080728	0.16173187	-0.18262243	0.26131678	-0.36464116	0.26012823
-0.025299469	0.022863708	-0.037365384	0.022712726	-0.0315092	0.021462325	-0.023275033	0.033742663	-0.026542507	0.03541148	-0.0678575	0.049726337	-0.070516825	0.031953976	-0.025651269	0.0755192	-0.07100002	0.08065849	-0.07898489	0.059225406	-0.07498868	0.08351342	-0.09167349	0.07305179	-0.06605866	0.10225652	-0.090040155	0.0897444	-0.11066322	0.13262285	-0.082540765	0.109621346	-0.14498612	0.15264009	-0.1617314	0.1108565	-0.13753662	0.21537691	-0.38080728	0.9999997	-0.10954992	0.116955064	-0.24503535	0.24638161	-0.82642305
0.034352764	-0.031025039	0.04978943	-0.030156117	0.041735798	-0.029355252	0.031707056	-0.04512139	0.035123594	-0.046353217	0.09652359	-0.0698023	0.097212866	-0.041412786	0.032815352	-0.11345815	0.10048703	-0.10758544	0.09341531	-0.06697944	0.124844715	-0.13593699	0.1273404	-0.08193503	0.07373497	-0.23358952	0.15859579	-0.12246766	0.11870086	-0.11922083	0.21648009	-0.21979743	0.15325417	-0.12343064	0.11600651	-0.4852343	0.2899196	-0.22195274	0.16173187	-0.10954992	0.9999998	-0.71099496	0.19433251	-0.16344102	0.10952125
-0.031921092	0.028759874	-0.046271473	0.027973123	-0.038769778	0.027208135	-0.029429313	0.041760456	-0.03256738	0.042792812	-0.08994122	0.06462879	-0.09107216	0.03835355	-0.03054222	0.10157382	-0.09338173	0.09914556	-0.08990689	0.06371127	-0.11290732	0.12096467	-0.121388115	0.07851145	-0.07110604	0.1767709	-0.14873514	0.11441024	-0.11637461	0.11399965	-0.17791621	0.19695048	-0.15373307	0.12308284	-0.11661935	0.26840812	-0.47522172	0.225956	-0.18262243	0.116955064	-0.71099496	1.0	-0.30117875	0.18264917	-0.124558195
0.03229545	-0.02919124	0.04756611	-0.028900003	0.040076543	-0.027432166	0.029701628	-0.04300212	0.033686154	-0.044917278	0.08680468	-0.06352218	0.089647956	-0.040239684	0.03199138	-0.0985519	0.08968676	-0.1007027	0.091830224	-0.06858457	0.099229276	-0.110651426	0.112330645	-0.08367458	0.07506148	-0.14983863	0.120360374	-0.10985455	0.121485054	-0.13810061	0.12211023	-0.15480496	0.15570773	-0.15245058	0.1348154	-0.18163791	0.20732778	-0.3175577	0.26131678	-0.24503535	0.19433251	-0.30117875	0.9999998	-0.7660868	0.22930254
-0.026818758	0.024217647	-0.03945169	0.023947885	-0.033221524	0.022770157	-0.024674568	0.035611305	-0.027940523	0.037145805	-0.07258512	0.052963104	-0.07503277	0.0334175	-0.02671958	0.08109462	-0.07554275	0.08450154	-0.08054821	0.05925902	-0.082387716	0.091045246	-0.09735023	0.073461495	-0.06588617	0.11700144	-0.100545734	0.09444964	-0.110478714	0.120290585	-0.09819192	0.124895446	-0.1465937	0.14585985	-0.1295384	0.13674065	-0.17497222	0.23956999	-0.36464116	0.24638161	-0.16344102	0.18264917	-0.7660868	0.9999999	-0.36439115
0.02606307	-0.023576451	0.038561698	-0.02346549	0.03254174	-0.022114277	0.023965599	-0.034877703	0.027402194	-0.03668306	0.06932808	-0.05096099	0.072052754	-0.03297726	0.02633354	-0.07810715	0.07201739	-0.0823326	0.077490725	-0.059188496	0.07666105	-0.086013995	0.09048375	-0.07196728	0.06485929	-0.10884567	0.09124425	-0.08933382	0.105198584	-0.13283505	0.08582693	-0.113651045	0.13352981	-0.1421854	0.13625698	-0.11956027	0.13746117	-0.23969989	0.26012823	-0.82642305	0.10952125	-0.124558195	0.22930254	-0.36439115	0.9999999
