1.0000001	-0.7492935	0.057307173	-0.050794885	0.024296386	-0.5132723	0.31046727	-0.053979192	0.044878867	-0.022263572	0.20880659	-0.23579434	0.045852512	-0.027855275	0.031231152	-0.076666676	0.08937814	-0.044567987	0.046270724	-0.030837573	0.05018529	-0.051828887	0.038559914	-0.035755027	0.028564615	-0.0564666	0.044269644	-0.038395308	0.030209225	-0.022361882	0.043636285	-0.036446385	0.031051522	-0.028337054	0.018983178	-0.028631471	0.026157705	-0.023054413	0.023095367	-0.018738613	0.014625166	-0.014018015	0.021026496	-0.016788408	0.01264909
-0.7492935	1.0000002	-0.07158149	0.05727611	-0.02587382	0.29225966	-0.5437761	0.059908386	-0.049713094	0.023567116	-0.20101587	0.20059565	-0.04497764	0.028290853	-0.03171726	0.06505902	-0.08052277	0.04251107	-0.043185946	0.028188858	-0.04383694	0.044758033	-0.034432843	0.031812575	-0.025988145	0.048376624	-0.038855474	0.033902075	-0.02688506	0.01974176	-0.038476862	0.031835888	-0.027422348	0.024984663	-0.016799783	0.025038663	-0.022994405	0.020273957	-0.0203773	0.016462885	-0.012859806	0.0123038255	-0.018535705	0.014765232	-0.011133559
0.057307173	-0.07158149	1.0000002	-0.79471105	0.13728791	-0.045564137	0.061893236	-0.48008373	0.29272607	-0.13309826	0.037221882	-0.042146634	0.13938436	-0.11808715	0.120381765	-0.03620421	0.044624105	-0.12720248	0.09193399	-0.056997746	0.033602376	-0.03749124	0.047726408	-0.04831578	0.046913937	-0.041972004	0.038470987	-0.045189016	0.0383295	-0.027088894	0.044216923	-0.03686015	0.03509073	-0.033347633	0.022954728	-0.029459795	0.027861394	-0.025649175	0.026409378	-0.02128291	0.016059354	-0.015253924	0.023939025	-0.019010434	0.014444334
-0.050794885	0.05727611	-0.79471105	1.0000006	-0.19342797	0.039701905	-0.054507073	0.30005684	-0.45387754	0.15635704	-0.03353813	0.03741535	-0.1317723	0.13299055	-0.14534457	0.033296913	-0.041488733	0.11161653	-0.09047595	0.055027217	-0.03129869	0.03474462	-0.044577625	0.045374535	-0.045734096	0.03889457	-0.03594082	0.041816544	-0.03618364	0.025360933	-0.041593205	0.034403473	-0.032976232	0.03122305	-0.021566696	0.027526196	-0.026111137	0.024007374	-0.024778394	0.019866027	-0.015035578	0.014263729	-0.022427548	0.017772678	-0.013507253
0.024296386	-0.02587382	0.13728791	-0.19342797	1.0000002	-0.024419775	0.030937916	-0.19180289	0.20213258	-0.9191329	0.02271403	-0.026135076	0.10671668	-0.14294785	0.15039669	-0.030700931	0.037824124	-0.1066031	0.08754174	-0.057486977	0.030096676	-0.03367559	0.043878626	-0.04667558	0.046667725	-0.038359597	0.03547964	-0.041930526	0.036900014	-0.026153024	0.042186394	-0.03504104	0.03365403	-0.032107	0.022150677	-0.028148009	0.026673475	-0.024657138	0.025448402	-0.020550666	0.015450312	-0.014663192	0.023106137	-0.018338783	0.013948502
-0.5132723	0.29225966	-0.045564137	0.039701905	-0.024419775	1.0	-0.5474398	0.05218017	-0.045424037	0.021924075	-0.53228503	0.2993858	-0.05133214	0.02951805	-0.03362894	0.09247107	-0.11682172	0.048951134	-0.05180679	0.034196123	-0.060877312	0.06097802	-0.044645302	0.040304415	-0.03209146	0.0648752	-0.052176543	0.0439379	-0.034392226	0.025288135	-0.050557446	0.04159387	-0.035519514	0.03212578	-0.021558115	0.032632925	-0.02994014	0.026232872	-0.026314743	0.021215934	-0.016665563	0.015946299	-0.023934215	0.019051358	-0.0143546155
0.31046727	-0.5437761	0.061893236	-0.054507073	0.030937916	-0.5474398	1.0000001	-0.07385384	0.059277713	-0.028095106	0.28887534	-0.47551298	0.06411427	-0.037384033	0.041840196	-0.11517577	0.13452426	-0.061892867	0.062837705	-0.042254213	0.07269589	-0.07563758	0.05431104	-0.04983346	0.03922351	-0.08132891	0.06309354	-0.05426059	0.04210155	-0.031241408	0.06122688	-0.05142899	0.043473847	-0.039651122	0.02649511	-0.04029583	0.03671792	-0.03230911	0.032293092	-0.026233545	0.020490633	-0.019660303	0.029396368	-0.023499355	0.017693367
-0.053979192	0.059908386	-0.48008373	0.30005684	-0.19180289	0.05218017	-0.07385384	1.0000002	-0.67961556	0.16739316	-0.046109542	0.05379299	-0.30690834	0.19992349	-0.21877712	0.050551873	-0.06342862	0.19674748	-0.14716718	0.08550402	-0.048002414	0.053751297	-0.07151363	0.07053363	-0.07102848	0.059494175	-0.055592466	0.06598345	-0.056159884	0.03908379	-0.06369634	0.052802235	-0.050809767	0.048108082	-0.033261534	0.042152826	-0.04006368	0.036856413	-0.038071826	0.030437985	-0.023043202	0.021853924	-0.03439665	0.027249333	-0.020708462
0.044878867	-0.049713094	0.29272607	-0.45387754	0.20213258	-0.045424037	0.059277713	-0.67961556	1.0000005	-0.24889833	0.040509846	-0.047516417	0.21046586	-0.29059455	0.22075109	-0.050045017	0.061561935	-0.19745757	0.13819903	-0.08888437	0.047960766	-0.054087784	0.07116961	-0.07293175	0.0716146	-0.060651936	0.056109436	-0.06752362	0.057390742	-0.040555373	0.065091	-0.05450037	0.052153785	-0.049815822	0.034305178	-0.043588728	0.04126893	-0.038145043	0.03931044	-0.0317345	0.023851128	-0.022655196	0.035635456	-0.028319966	0.021526892
-0.022263572	0.023567116	-0.13309826	0.15635704	-0.9191329	0.021924075	-0.028095106	0.16739316	-0.24889833	1.0000002	-0.020499857	0.023480317	-0.10176384	0.1415954	-0.18321966	0.027030505	-0.033561468	0.09421551	-0.08069336	0.051887702	-0.026524767	0.02961461	-0.038903195	0.041085143	-0.042491082	0.033550546	-0.031234177	0.03678154	-0.03261934	0.022884581	-0.037045855	0.030619727	-0.02956931	0.02810657	-0.019448273	0.02458031	-0.023355791	0.021556748	-0.022291107	0.01789827	-0.013500451	0.012800396	-0.020193927	0.015999606	-0.012169161
0.20880659	-0.20101587	0.037221882	-0.03353813	0.02271403	-0.53228503	0.28887534	-0.046109542	0.040509846	-0.020499857	1.0000005	-0.7340865	0.058930963	-0.030699443	0.034422617	-0.14308332	0.16005793	-0.057908207	0.057817195	-0.039780334	0.08230588	-0.08415385	0.05545506	-0.04910151	0.03733405	-0.087067805	0.06689364	-0.05554554	0.041703753	-0.03099782	0.062221	-0.052422944	0.043622594	-0.039534617	0.026294693	-0.040813204	0.03707351	-0.032394733	0.032244053	-0.02617142	0.020551406	-0.019742599	0.029330613	-0.023465112	0.01764241
-0.23579434	0.20059565	-0.042146634	0.03741535	-0.026135076	0.2993858	-0.47551298	0.05379299	-0.047516417	0.023480317	-0.7340865	1.0000002	-0.07320339	0.035833787	-0.040191904	0.14962116	-0.24010916	0.06768263	-0.065624855	0.04428299	-0.09224212	0.0939795	-0.06263542	0.05412368	-0.041607417	0.09388701	-0.07547588	0.061547197	-0.046183232	0.033998057	-0.06909296	0.057354677	-0.048176493	0.043381274	-0.028953467	0.04461301	-0.04080769	0.035539646	-0.03548618	0.028607063	-0.022557648	0.02161858	-0.03223958	0.025702486	-0.01933661
0.045852512	-0.04497764	0.13938436	-0.1317723	0.10671668	-0.05133214	0.06411427	-0.30690834	0.21046586	-0.10176384	0.058930963	-0.07320339	1.0	-0.29502606	0.22546762	-0.08807018	0.108483955	-0.7637548	0.2433577	-0.1492795	0.08376523	-0.09937794	0.14485484	-0.12994999	0.11640653	-0.10527607	0.09965629	-0.13449535	0.10018014	-0.06997116	0.10817165	-0.093348935	0.08916479	-0.08591229	0.05884851	-0.07362139	0.06973428	-0.06476606	0.066541485	-0.0536963	0.040143404	-0.038210202	0.060017563	-0.0478931	0.03636147
-0.027855275	0.028290853	-0.11808715	0.13299055	-0.14294785	0.02951805	-0.037384033	0.19992349	-0.29059455	0.1415954	-0.030699443	0.035833787	-0.29502606	1.0000002	-0.8518231	0.04466173	-0.05566465	0.19959086	-0.15480669	0.10412644	-0.044131104	0.05019964	-0.06967832	0.072580606	-0.08159306	0.055604093	-0.05255319	0.06462532	-0.056576453	0.038965974	-0.06094052	0.0511027	-0.049852345	0.047717288	-0.033098783	0.040783968	-0.03889309	0.03608527	-0.03739044	0.029883632	-0.022460338	0.021299008	-0.033697452	0.026728526	-0.02032635
0.031231152	-0.03171726	0.120381765	-0.14534457	0.15039669	-0.03362894	0.041840196	-0.21877712	0.22075109	-0.18321966	0.034422617	-0.040191904	0.22546762	-0.8518231	1.0000006	-0.053453233	0.065567784	-0.23337144	0.16380735	-0.13487688	0.052928634	-0.060408823	0.08212941	-0.08898864	0.097150475	-0.06767042	0.06330239	-0.0782655	0.06847494	-0.047863044	0.07407645	-0.06259334	0.06066147	-0.058520176	0.040420245	-0.050036885	0.04753017	-0.044255245	0.045739703	-0.036885124	0.02755573	-0.026170054	0.041353296	-0.03289749	0.025019472
-0.076666676	0.06505902	-0.03620421	0.033296913	-0.030700931	0.09247107	-0.11517577	0.050551873	-0.050045017	0.027030505	-0.14308332	0.14962116	-0.08807018	0.04466173	-0.053453233	1.0000008	-0.70708317	0.095396705	-0.112605594	0.07980862	-0.5469198	0.2650983	-0.15141921	0.11109959	-0.079849996	0.24633616	-0.21387015	0.14120147	-0.099334486	0.07126429	-0.1741461	0.13041267	-0.10878412	0.09270877	-0.061932843	0.10013866	-0.09384674	0.07814362	-0.07821442	0.06091008	-0.05010517	0.047562968	-0.070802644	0.0554685	-0.041692637
0.08937814	-0.08052277	0.044624105	-0.041488733	0.037824124	-0.11682172	0.13452426	-0.06342862	0.061561935	-0.033561468	0.16005793	-0.24010916	0.108483955	-0.05566465	0.065567784	-0.70708317	1.0000005	-0.12861699	0.1376382	-0.10217115	0.3043972	-0.3739528	0.17362027	-0.14256157	0.09873515	-0.307207	0.22890596	-0.17737746	0.12137446	-0.09051236	0.18739957	-0.16325547	0.13003808	-0.11674909	0.07658845	-0.12437484	0.11179016	-0.09640559	0.09479532	-0.07697328	0.06099152	-0.058880717	0.08595369	-0.06909758	0.051735263
-0.044567987	0.04251107	-0.12720248	0.11161653	-0.1066031	0.048951134	-0.061892867	0.19674748	-0.19745757	0.09421551	-0.057908207	0.06768263	-0.7637548	0.19959086	-0.23337144	0.095396705	-0.12861699	1.0000007	-0.39211324	0.1578749	-0.09287331	0.10983937	-0.19880457	0.1381947	-0.13059907	0.11084889	-0.11067043	0.14766264	-0.10972004	0.072775155	-0.1144346	0.09731773	-0.095014036	0.0897219	-0.062221505	0.076089755	-0.07304665	0.06726025	-0.06965005	0.054670915	-0.041541472	0.03936857	-0.0621382	0.049179118	-0.037329707
0.046270724	-0.043185946	0.09193399	-0.09047595	0.08754174	-0.05180679	0.062837705	-0.14716718	0.13819903	-0.08069336	0.057817195	-0.065624855	0.2433577	-0.15480669	0.16380735	-0.112605594	0.1376382	-0.39211324	1.0000005	-0.45173535	0.11870165	-0.13437402	0.17869468	-0.25351956	0.25949022	-0.15611716	0.14630513	-0.17478502	0.17777276	-0.12816733	0.18463275	-0.15754639	0.154358	-0.15472206	0.10627199	-0.12754047	0.12092675	-0.11490117	0.118869595	-0.09799202	0.07143823	-0.06796684	0.10820817	-0.086688854	0.06605981
-0.030837573	0.028188858	-0.056997746	0.055027217	-0.057486977	0.034196123	-0.042254213	0.08550402	-0.08888437	0.051887702	-0.039780334	0.04428299	-0.1492795	0.10412644	-0.13487688	0.07980862	-0.10217115	0.1578749	-0.45173535	1.0000004	-0.09085384	0.10113541	-0.15297234	0.24748181	-0.7532755	0.113244824	-0.115940824	0.13647161	-0.19219711	0.10824692	-0.14670038	0.12039944	-0.13622479	0.12989768	-0.096541055	0.095313236	-0.09620138	0.09073072	-0.09872706	0.07133849	-0.054816388	0.051135015	-0.084637634	0.065509886	-0.049993683
0.05018529	-0.04383694	0.033602376	-0.03129869	0.030096676	-0.060877312	0.07269589	-0.048002414	0.047960766	-0.026524767	0.08230588	-0.09224212	0.08376523	-0.044131104	0.052928634	-0.5469198	0.3043972	-0.09287331	0.11870165	-0.09085384	1.0000005	-0.51773703	0.18548505	-0.13591026	0.09072898	-0.4944723	0.27720132	-0.18560244	0.11876707	-0.08624559	0.20878604	-0.16793539	0.13062055	-0.11299131	0.07396168	-0.12557462	0.113901526	-0.09464495	0.09288654	-0.073182635	0.060188595	-0.057804734	0.08369651	-0.06647446	0.04964697
-0.051828887	0.044758033	-0.03749124	0.03474462	-0.03367559	0.06097802	-0.07563758	0.053751297	-0.054087784	0.02961461	-0.08415385	0.0939795	-0.09937794	0.05019964	-0.060408823	0.2650983	-0.3739528	0.10983937	-0.13437402	0.10113541	-0.51773703	1.0000006	-0.33971667	0.15955773	-0.10530401	0.29948312	-0.57059485	0.24950467	-0.14514641	0.09650398	-0.21142204	0.19031079	-0.15619375	0.1271101	-0.08474004	0.12784286	-0.1278607	0.10364607	-0.10351808	0.077068985	-0.06395261	0.06051304	-0.09101411	0.071039125	-0.053230174
0.038559914	-0.034432843	0.047726408	-0.044577625	0.043878626	-0.044645302	0.05431104	-0.07151363	0.07116961	-0.038903195	0.05545506	-0.06263542	0.14485484	-0.06967832	0.08212941	-0.15141921	0.17362027	-0.19880457	0.17869468	-0.15297234	0.18548505	-0.33971667	1.0000002	-0.34259126	0.15894818	-0.22216253	0.2654606	-0.7346048	0.23643407	-0.13784541	0.18534634	-0.18623075	0.1835912	-0.173773	0.11608596	-0.12806877	0.12615022	-0.11680272	0.11860437	-0.087053455	0.06696338	-0.06388147	0.09979958	-0.079809956	0.05982932
-0.035755027	0.031812575	-0.04831578	0.045374535	-0.04667558	0.040304415	-0.04983346	0.07053363	-0.07293175	0.041085143	-0.04910151	0.05412368	-0.12994999	0.072580606	-0.08898864	0.11109959	-0.14256157	0.1381947	-0.25351956	0.24748181	-0.13591026	0.15955773	-0.34259126	1.0	-0.4378767	0.16343419	-0.18538415	0.25115955	-0.5988467	0.19704229	-0.20803079	0.18291858	-0.23417005	0.23659796	-0.18337807	0.13700998	-0.14418215	0.13995102	-0.15761104	0.10235394	-0.07862655	0.073224895	-0.12474417	0.09648582	-0.07332664
0.028564615	-0.025988145	0.046913937	-0.045734096	0.046667725	-0.03209146	0.03922351	-0.07102848	0.0716146	-0.042491082	0.03733405	-0.041607417	0.11640653	-0.08159306	0.097150475	-0.079849996	0.09873515	-0.13059907	0.25949022	-0.7532755	0.09072898	-0.10530401	0.15894818	-0.4378767	1.0	-0.11706014	0.118058	-0.15192106	0.20764704	-0.12886615	0.14278072	-0.12851116	0.1386814	-0.15014797	0.10573518	-0.099246934	0.09788067	-0.09539666	0.101222485	-0.07623808	0.055989232	-0.053030025	0.08637082	-0.06897985	0.052316014
-0.0564666	0.048376624	-0.041972004	0.03889457	-0.038359597	0.0648752	-0.08132891	0.059494175	-0.060651936	0.033550546	-0.087067805	0.09388701	-0.10527607	0.055604093	-0.06767042	0.24633616	-0.307207	0.11084889	-0.15611716	0.113244824	-0.4944723	0.29948312	-0.22216253	0.16343419	-0.11706014	1.0000001	-0.48410702	0.21266921	-0.15549998	0.111109175	-0.48190716	0.23025315	-0.18598719	0.14859074	-0.098630786	0.18946123	-0.17684071	0.13419649	-0.13375768	0.1007128	-0.0901527	0.08432706	-0.12253685	0.093398385	-0.06996253
0.044269644	-0.038855474	0.038470987	-0.03594082	0.03547964	-0.052176543	0.06309354	-0.055592466	0.056109436	-0.031234177	0.06689364	-0.07547588	0.09965629	-0.05255319	0.06330239	-0.21387015	0.22890596	-0.11067043	0.14630513	-0.115940824	0.27720132	-0.57059485	0.2654606	-0.18538415	0.118058	-0.48410702	1.0000001	-0.37841415	0.17222726	-0.121718235	0.25188667	-0.3354141	0.20199673	-0.16463767	0.104866125	-0.17122748	0.1684187	-0.13489151	0.12957384	-0.09749188	0.08098854	-0.07778417	0.11301798	-0.08976191	0.066596635
-0.038395308	0.033902075	-0.045189016	0.041816544	-0.041930526	0.0439379	-0.05426059	0.06598345	-0.06752362	0.03678154	-0.05554554	0.061547197	-0.13449535	0.06462532	-0.0782655	0.14120147	-0.17737746	0.14766264	-0.17478502	0.13647161	-0.18560244	0.24950467	-0.7346048	0.25115955	-0.15192106	0.21266921	-0.37841415	0.99999994	-0.3136389	0.1439704	-0.20222828	0.19783537	-0.23220253	0.18610176	-0.12924814	0.13282312	-0.13806151	0.12580949	-0.13067533	0.08965537	-0.070843324	0.066720724	-0.107157715	0.08381554	-0.06300045
0.030209225	-0.02688506	0.0383295	-0.03618364	0.036900014	-0.034392226	0.04210155	-0.056159884	0.057390742	-0.03261934	0.041703753	-0.046183232	0.10018014	-0.056576453	0.06847494	-0.099334486	0.12137446	-0.10972004	0.17777276	-0.19219711	0.11876707	-0.14514641	0.23643407	-0.5988467	0.20764704	-0.15549998	0.17222726	-0.3136389	0.9999998	-0.3672444	0.18424708	-0.20080927	0.24306032	-0.44299436	0.24763116	-0.13917576	0.14238384	-0.15403774	0.1662877	-0.10969359	0.07710353	-0.073523186	0.12281198	-0.102633774	0.07594026
-0.022361882	0.01974176	-0.027088894	0.025360933	-0.026153024	0.025288135	-0.031241408	0.03908379	-0.040555373	0.022884581	-0.03099782	0.033998057	-0.06997116	0.038965974	-0.047863044	0.07126429	-0.09051236	0.072775155	-0.12816733	0.10824692	-0.08624559	0.09650398	-0.13784541	0.19704229	-0.12886615	0.111109175	-0.121718235	0.1439704	-0.3672444	0.9999998	-0.15716903	0.15429375	-0.2312378	0.28740078	-0.8088793	0.11162748	-0.12188907	0.12942149	-0.15359327	0.09369707	-0.06591632	0.06141914	-0.10970685	0.08717233	-0.06810679
0.043636285	-0.038476862	0.044216923	-0.041593205	0.042186394	-0.050557446	0.06122688	-0.06369634	0.065091	-0.037045855	0.062221	-0.06909296	0.10817165	-0.06094052	0.07407645	-0.1741461	0.18739957	-0.1144346	0.18463275	-0.14670038	0.20878604	-0.21142204	0.18534634	-0.20803079	0.14278072	-0.48190716	0.25188667	-0.20222828	0.18424708	-0.15716903	0.9999997	-0.38763914	0.24040186	-0.21379425	0.13194042	-0.47003356	0.2750226	-0.21188056	0.1922259	-0.16576807	0.15863004	-0.15872283	0.18345743	-0.14968175	0.10883911
-0.036446385	0.031835888	-0.03686015	0.034403473	-0.03504104	0.04159387	-0.05142899	0.052802235	-0.05450037	0.030619727	-0.052422944	0.057354677	-0.093348935	0.0511027	-0.06259334	0.13041267	-0.16325547	0.09731773	-0.15754639	0.12039944	-0.16793539	0.19031079	-0.18623075	0.18291858	-0.12851116	0.23025315	-0.3354141	0.19783537	-0.20080927	0.15429375	-0.38763914	1.0	-0.54946125	0.24279043	-0.15048516	0.2697237	-0.46395525	0.23794337	-0.22390245	0.13933349	-0.13046877	0.119705014	-0.18242308	0.13639337	-0.100271575
0.031051522	-0.027422348	0.03509073	-0.032976232	0.03365403	-0.035519514	0.043473847	-0.050809767	0.052153785	-0.02956931	0.043622594	-0.048176493	0.08916479	-0.049852345	0.06066147	-0.10878412	0.13003808	-0.095014036	0.154358	-0.13622479	0.13062055	-0.15619375	0.1835912	-0.23417005	0.1386814	-0.18598719	0.20199673	-0.23220253	0.24306032	-0.2312378	0.24040186	-0.54946125	1.0	-0.5281989	0.2049625	-0.2184092	0.24287386	-0.3225705	0.24256718	-0.15068454	0.11134419	-0.10799058	0.17604189	-0.1466762	0.104253195
-0.028337054	0.024984663	-0.033347633	0.03122305	-0.032107	0.03212578	-0.039651122	0.048108082	-0.049815822	0.02810657	-0.039534617	0.043381274	-0.08591229	0.047717288	-0.058520176	0.09270877	-0.11674909	0.0897219	-0.15472206	0.12989768	-0.11299131	0.1271101	-0.173773	0.23659796	-0.15014797	0.14859074	-0.16463767	0.18610176	-0.44299436	0.28740078	-0.21379425	0.24279043	-0.5281989	1.0	-0.44730586	0.1620939	-0.18551625	0.21916847	-0.3032059	0.13397402	-0.09428203	0.08861173	-0.16083011	0.13425517	-0.09841367
0.018983178	-0.016799783	0.022954728	-0.021566696	0.022150677	-0.021558115	0.02649511	-0.033261534	0.034305178	-0.019448273	0.026294693	-0.028953467	0.05884851	-0.033098783	0.040420245	-0.061932843	0.07658845	-0.062221505	0.10627199	-0.096541055	0.07396168	-0.08474004	0.11608596	-0.18337807	0.10573518	-0.098630786	0.104866125	-0.12924814	0.24763116	-0.8088793	0.13194042	-0.15048516	0.2049625	-0.44730586	0.9999999	-0.103160456	0.1089759	-0.12592505	0.14145765	-0.09283175	0.059206244	-0.056225777	0.09838182	-0.08347388	0.06418291
-0.028631471	0.025038663	-0.029459795	0.027526196	-0.028148009	0.032632925	-0.04029583	0.042152826	-0.043588728	0.02458031	-0.040813204	0.04461301	-0.07362139	0.040783968	-0.050036885	0.10013866	-0.12437484	0.076089755	-0.12754047	0.095313236	-0.12557462	0.12784286	-0.12806877	0.13700998	-0.099246934	0.18946123	-0.17122748	0.13282312	-0.13917576	0.11162748	-0.47003356	0.2697237	-0.2184092	0.1620939	-0.103160456	0.9999994	-0.64320195	0.23532875	-0.22375296	0.1518309	-0.31515703	0.21050234	-0.23154278	0.15375403	-0.11047177
0.026157705	-0.022994405	0.027861394	-0.026111137	0.026673475	-0.02994014	0.03671792	-0.04006368	0.04126893	-0.023355791	0.03707351	-0.04080769	0.06973428	-0.03889309	0.04753017	-0.09384674	0.11179016	-0.07304665	0.12092675	-0.09620138	0.113901526	-0.1278607	0.12615022	-0.14418215	0.09788067	-0.17684071	0.1684187	-0.13806151	0.14238384	-0.12188907	0.2750226	-0.46395525	0.24287386	-0.18551625	0.1089759	-0.64320195	0.99999905	-0.38922077	0.23416841	-0.15789036	0.1773969	-0.17525837	0.20079638	-0.15736452	0.10872754
-0.023054413	0.020273957	-0.025649175	0.024007374	-0.024657138	0.026232872	-0.03230911	0.036856413	-0.038145043	0.021556748	-0.032394733	0.035539646	-0.06476606	0.03608527	-0.044255245	0.07814362	-0.09640559	0.06726025	-0.11490117	0.09073072	-0.09464495	0.10364607	-0.11680272	0.13995102	-0.09539666	0.13419649	-0.13489151	0.12580949	-0.15403774	0.12942149	-0.21188056	0.23794337	-0.3225705	0.21916847	-0.12592505	0.23532875	-0.38922077	0.99999887	-0.67922264	0.20481282	-0.15778948	0.14761934	-0.3641913	0.23625723	-0.16229121
0.023095367	-0.0203773	0.026409378	-0.024778394	0.025448402	-0.026314743	0.032293092	-0.038071826	0.03931044	-0.022291107	0.032244053	-0.03548618	0.066541485	-0.03739044	0.045739703	-0.07821442	0.09479532	-0.06965005	0.118869595	-0.09872706	0.09288654	-0.10351808	0.11860437	-0.15761104	0.101222485	-0.13375768	0.12957384	-0.13067533	0.1662877	-0.15359327	0.1922259	-0.22390245	0.24256718	-0.3032059	0.14145765	-0.22375296	0.23416841	-0.67922264	0.99999917	-0.30274856	0.1381098	-0.13842823	0.27969727	-0.37608305	0.20444402
-0.018738613	0.016462885	-0.02128291	0.019866027	-0.020550666	0.021215934	-0.026233545	0.030437985	-0.0317345	0.01789827	-0.02617142	0.028607063	-0.0536963	0.029883632	-0.036885124	0.06091008	-0.07697328	0.054670915	-0.09799202	0.07133849	-0.073182635	0.077068985	-0.087053455	0.10235394	-0.07623808	0.1007128	-0.09749188	0.08965537	-0.10969359	0.09369707	-0.16576807	0.13933349	-0.15068454	0.13397402	-0.09283175	0.1518309	-0.15789036	0.20481282	-0.30274856	0.99999917	-0.16689059	0.14598215	-0.39976054	0.3198167	-0.74536777
0.014625166	-0.012859806	0.016059354	-0.015035578	0.015450312	-0.016665563	0.020490633	-0.023043202	0.023851128	-0.013500451	0.020551406	-0.022557648	0.040143404	-0.022460338	0.02755573	-0.05010517	0.06099152	-0.041541472	0.07143823	-0.054816388	0.060188595	-0.06395261	0.06696338	-0.07862655	0.055989232	-0.0901527	0.08098854	-0.070843324	0.07710353	-0.06591632	0.15863004	-0.13046877	0.11134419	-0.09428203	0.059206244	-0.31515703	0.1773969	-0.15778948	0.1381098	-0.16689059	0.9999989	-0.8546668	0.23635231	-0.17438269	0.107685804
-0.014018015	0.0123038255	-0.015253924	0.014263729	-0.014663192	0.015946299	-0.019660303	0.021853924	-0.022655196	0.012800396	-0.019742599	0.02161858	-0.038210202	0.021299008	-0.026170054	0.047562968	-0.058880717	0.03936857	-0.06796684	0.051135015	-0.057804734	0.06051304	-0.06388147	0.073224895	-0.053030025	0.08432706	-0.07778417	0.066720724	-0.073523186	0.06141914	-0.15872283	0.119705014	-0.10799058	0.08861173	-0.056225777	0.21050234	-0.17525837	0.14761934	-0.13842823	0.14598215	-0.8546668	0.9999988	-0.35607684	0.16425173	-0.10578795
0.021026496	-0.018535705	0.023939025	-0.022427548	0.023106137	-0.023934215	0.029396368	-0.03439665	0.035635456	-0.020193927	0.029330613	-0.03223958	0.060017563	-0.033697452	0.041353296	-0.070802644	0.08595369	-0.0621382	0.10820817	-0.084637634	0.08369651	-0.09101411	0.09979958	-0.12474417	0.08637082	-0.12253685	0.11301798	-0.107157715	0.12281198	-0.10970685	0.18345743	-0.18242308	0.17604189	-0.16083011	0.09838182	-0.23154278	0.20079638	-0.3641913	0.27969727	-0.39976054	0.23635231	-0.35607684	0.99999887	-0.5870111	0.264429
-0.016788408	0.014765232	-0.019010434	0.017772678	-0.018338783	0.019051358	-0.023499355	0.027249333	-0.028319966	0.015999606	-0.023465112	0.025702486	-0.0478931	0.026728526	-0.03289749	0.0554685	-0.06909758	0.049179118	-0.086688854	0.065509886	-0.06647446	0.071039125	-0.079809956	0.09648582	-0.06897985	0.093398385	-0.08976191	0.08381554	-0.102633774	0.08717233	-0.14968175	0.13639337	-0.1466762	0.13425517	-0.08347388	0.15375403	-0.15736452	0.23625723	-0.37608305	0.3198167	-0.17438269	0.16425173	-0.5870111	0.99999887	-0.5622716
0.01264909	-0.011133559	0.014444334	-0.013507253	0.013948502	-0.0143546155	0.017693367	-0.020708462	0.021526892	-0.012169161	0.01764241	-0.01933661	0.03636147	-0.02032635	0.025019472	-0.041692637	0.051735263	-0.037329707	0.06605981	-0.049993683	0.04964697	-0.053230174	0.05982932	-0.07332664	0.052316014	-0.06996253	0.066596635	-0.06300045	0.07594026	-0.06810679	0.10883911	-0.100271575	0.104253195	-0.09841367	0.06418291	-0.11047177	0.10872754	-0.16229121	0.20444402	-0.74536777	0.107685804	-0.10578795	0.264429	-0.5622716	0.99999887
