1.0000001	-0.7098171	0.1285885	-0.10711437	0.057200234	-0.5753638	0.2448687	-0.15385564	0.123397045	-0.04912117	0.23075226	-0.19314288	0.14992204	-0.066453956	0.06190022	-0.19011357	0.16197139	-0.12766512	0.07402831	-0.065913446	0.12156947	-0.10045282	0.10659844	-0.08215138	0.06901834	-0.08014294	0.091406114	-0.09411176	0.087211445	-0.07864453	0.081505686	-0.09388872	0.08160316	-0.07404341	0.07357167	-0.020032752	0.11060913	-0.0816322	0.055603806	-0.05544273	0.022162443	-0.061479423	0.05313872	-0.04301133	0.05421746
-0.7098171	1.0000002	-0.21194519	0.15228912	-0.08591293	0.3131779	-0.36075523	0.19542104	-0.18486167	0.07209612	-0.2847965	0.22938696	-0.21244474	0.09453223	-0.08975387	0.2073833	-0.22667538	0.16982998	-0.10580266	0.09302234	-0.1693592	0.1349475	-0.15070269	0.11434386	-0.09899456	0.10915046	-0.12858075	0.13021007	-0.1255943	0.11046595	-0.11650404	0.12907033	-0.116357744	0.10443604	-0.10603302	0.029655531	-0.16553189	0.114807725	-0.07998874	0.078819714	-0.032955166	0.08781734	-0.07681489	0.061918266	-0.0790099
0.1285885	-0.21194519	1.0000002	-0.6419565	0.1409786	-0.14117058	0.14874053	-0.17805298	0.2709845	-0.12101601	0.13608041	-0.14661981	0.1673323	-0.12540498	0.1145934	-0.14853556	0.15196162	-0.15344046	0.11777465	-0.11569143	0.13288468	-0.11724275	0.13669184	-0.13085364	0.11600521	-0.10123644	0.11659005	-0.1362956	0.13408053	-0.13299617	0.1098143	-0.13359925	0.12327551	-0.11802291	0.120157205	-0.035000645	0.19418262	-0.13741325	0.092980266	-0.094073616	0.038905527	-0.107810564	0.09053681	-0.07352361	0.09212076
-0.10711437	0.15228912	-0.6419565	1.0000001	-0.2547992	0.11984262	-0.1474772	0.19670773	-0.5425068	0.19078402	-0.123864435	0.13778785	-0.19418778	0.14960602	-0.14429297	0.12869807	-0.14440113	0.14269482	-0.12459791	0.11773493	-0.12095598	0.10520685	-0.1285255	0.12631461	-0.118883856	0.08874913	-0.10465251	0.120481096	-0.1235615	0.1189865	-0.097393595	0.114313185	-0.10926433	0.10344878	-0.10913198	0.029484037	-0.16525492	0.11464749	-0.08091228	0.08059684	-0.032838725	0.08894442	-0.07685537	0.06260972	-0.079751275
0.057200234	-0.08591293	0.1409786	-0.2547992	0.9999998	-0.06951717	0.08039476	-0.12569194	0.24695183	-0.8936094	0.06823488	-0.080011636	0.100990586	-0.124457605	0.116847456	-0.07564912	0.08036386	-0.08604281	0.08229675	-0.08947591	0.06728977	-0.06093756	0.07498503	-0.086470224	0.07731918	-0.050912034	0.059103474	-0.072484285	0.07256187	-0.07638123	0.054129735	-0.06630194	0.0633886	-0.061990827	0.06412623	-0.015799206	0.08707915	-0.067990534	0.046803374	-0.04779106	0.017476033	-0.051279437	0.043538664	-0.0359229	0.04483018
-0.5753638	0.3131779	-0.14117058	0.11984262	-0.06951717	0.9999999	-0.44510952	0.192896	-0.15353978	0.0594732	-0.4820577	0.25603807	-0.200553	0.080722645	-0.07569259	0.24327794	-0.22349164	0.16017565	-0.09149199	0.07980852	-0.16152288	0.12735371	-0.13586147	0.10015879	-0.08431286	0.1000566	-0.11581997	0.11551999	-0.10750993	0.09485962	-0.10237927	0.11483555	-0.100529075	0.08995852	-0.08971652	0.024326565	-0.13468085	0.098167166	-0.067417085	0.066839494	-0.026930101	0.07380115	-0.064317025	0.051950775	-0.06577754
0.2448687	-0.36075523	0.14874053	-0.1474772	0.08039476	-0.44510952	0.99999994	-0.40955284	0.18578377	-0.072276965	0.2650487	-0.5780144	0.27701417	-0.095234506	0.08647753	-0.23579475	0.25222248	-0.20272408	0.10309891	-0.091160096	0.15647209	-0.1379049	0.15096098	-0.114954144	0.09385929	-0.10518678	0.121054396	-0.13015275	0.11645746	-0.10607483	0.10530131	-0.123864286	0.10894205	-0.099030085	0.09724529	-0.025410788	0.139701	-0.10801818	0.072902694	-0.07311964	0.028043285	-0.08000985	0.06903701	-0.056061946	0.07024036
-0.15385564	0.19542104	-0.17805298	0.19670773	-0.12569194	0.192896	-0.40955284	0.9999999	-0.39114705	0.11432975	-0.19242992	0.2680476	-0.67701906	0.12807572	-0.115666784	0.17974444	-0.22851223	0.22311646	-0.1243571	0.10872968	-0.15173034	0.13345979	-0.17176418	0.13139443	-0.11063666	0.10376738	-0.12361224	0.1396078	-0.12986155	0.118077256	-0.10839493	0.12576728	-0.118791245	0.10777153	-0.108132936	0.027597314	-0.15291873	0.11615415	-0.079919554	0.07979708	-0.030540539	0.08634457	-0.07514151	0.061114576	-0.07707164
0.123397045	-0.18486167	0.2709845	-0.5425068	0.24695183	-0.15353978	0.18578377	-0.39114705	1.0	-0.33844095	0.14705394	-0.18098043	0.23803471	-0.26157174	0.18751334	-0.16114126	0.1718655	-0.18503323	0.15848579	-0.15785988	0.13917647	-0.12613195	0.15434761	-0.16676572	0.14452976	-0.104309596	0.12087627	-0.14707752	0.14376976	-0.14812464	0.11003854	-0.13455606	0.12734908	-0.12331208	0.12610236	-0.03153018	0.1735805	-0.13588335	0.09284164	-0.09470235	0.034859806	-0.102240846	0.086774185	-0.071417645	0.08902444
-0.04912117	0.07209612	-0.12101601	0.19078402	-0.8936094	0.0594732	-0.072276965	0.11432975	-0.33844095	1.0000001	-0.059246942	0.06989353	-0.09481629	0.1199142	-0.12938286	0.06454434	-0.07045293	0.07473158	-0.076555364	0.08200068	-0.058178704	0.052478682	-0.06566681	0.07676122	-0.07124549	0.043546833	-0.050917707	0.062233616	-0.06333157	0.066078454	-0.046448022	0.05637114	-0.05454132	0.05320586	-0.055780515	0.013415957	-0.07416027	0.057535	-0.040134806	0.040791396	-0.014849312	0.04329153	-0.037036367	0.030598944	-0.038366746
0.23075226	-0.2847965	0.13608041	-0.123864435	0.06823488	-0.4820577	0.2650487	-0.19242992	0.14705394	-0.059246942	1.0000004	-0.37067395	0.19884777	-0.08672993	0.08005308	-0.6240337	0.26549384	-0.19392131	0.10039001	-0.08841152	0.20748584	-0.1682992	0.15486531	-0.114043385	0.092302695	-0.12873068	0.13896888	-0.13525996	0.11893562	-0.10709434	0.11964323	-0.14058374	0.11343305	-0.10217927	0.09893769	-0.02624894	0.14308506	-0.11179801	0.07463449	-0.07488345	0.028871825	-0.08246448	0.070938595	-0.057474356	0.07175496
-0.19314288	0.22938696	-0.14661981	0.13778785	-0.080011636	0.25603807	-0.5780144	0.2680476	-0.18098043	0.06989353	-0.37067395	1.0000002	-0.38444832	0.09880185	-0.09133505	0.26196444	-0.47581396	0.24181378	-0.114321254	0.09717542	-0.1862517	0.16234219	-0.18091434	0.12548803	-0.101790704	0.118323185	-0.14068149	0.14500156	-0.12930045	0.11397468	-0.118626244	0.13595355	-0.12118614	0.107935645	-0.10601341	0.027460173	-0.15129185	0.11621139	-0.07898864	0.07871226	-0.030313285	0.08564064	-0.07459763	0.060432862	-0.07602916
0.14992204	-0.21244474	0.1673323	-0.19418778	0.100990586	-0.200553	0.27701417	-0.67701906	0.23803471	-0.09481629	0.19884777	-0.38444832	1.0000002	-0.13142376	0.11331657	-0.20976976	0.2563463	-0.37142354	0.13485064	-0.11828902	0.16445455	-0.1553049	0.20134592	-0.15190315	0.118568085	-0.116690814	0.13680543	-0.16780922	0.142455	-0.1325706	0.1176644	-0.14215787	0.13264331	-0.121595584	0.11793087	-0.029277474	0.16055626	-0.1313887	0.08764332	-0.08867269	0.032256532	-0.09543334	0.08210245	-0.0669931	0.083313055
-0.066453956	0.09453223	-0.12540498	0.14960602	-0.124457605	0.080722645	-0.095234506	0.12807572	-0.26157174	0.1199142	-0.08672993	0.09880185	-0.13142376	1.0000005	-0.7734053	0.09805335	-0.11516351	0.13276932	-0.3739386	0.2726968	-0.09957329	0.09238504	-0.13315158	0.22880629	-0.24217631	0.07488444	-0.090615414	0.11999397	-0.14109892	0.15317398	-0.08089447	0.09758362	-0.1054527	0.10738092	-0.12441909	0.022799488	-0.12700255	0.10426759	-0.07946201	0.08011655	-0.025221385	0.07595161	-0.06723933	0.057199966	-0.07289708
0.06190022	-0.08975387	0.1145934	-0.14429297	0.116847456	-0.07569259	0.08647753	-0.115666784	0.18751334	-0.12938286	0.08005308	-0.09133505	0.11331657	-0.7734053	1.0000006	-0.09234215	0.10490093	-0.12429348	0.25282302	-0.4412171	0.0918798	-0.08673031	0.12253943	-0.23127611	0.2296228	-0.0703442	0.08419251	-0.11503465	0.13034837	-0.1601466	0.07513766	-0.09250609	0.09901675	-0.10309895	0.11597581	-0.021134693	0.11693996	-0.10026404	0.07441785	-0.07675927	0.023323484	-0.07231429	0.06323986	-0.05389478	0.06777579
-0.19011357	0.2073833	-0.14853556	0.12869807	-0.07564912	0.24327794	-0.23579475	0.17974444	-0.16114126	0.06454434	-0.6240337	0.26196444	-0.20976976	0.09805335	-0.09234215	1.0000007	-0.43561903	0.22782156	-0.12030414	0.102075785	-0.39007804	0.22446741	-0.20088701	0.13351724	-0.10925006	0.168716	-0.18914056	0.16289943	-0.14562859	0.12499217	-0.1605137	0.17214216	-0.1394094	0.12168851	-0.11885866	0.031953286	-0.17496823	0.13122797	-0.08909503	0.08826611	-0.035204995	0.09706838	-0.08478323	0.06828954	-0.086085826
0.16197139	-0.22667538	0.15196162	-0.14440113	0.08036386	-0.22349164	0.25222248	-0.22851223	0.1718655	-0.07045293	0.26549384	-0.47581396	0.2563463	-0.11516351	0.10490093	-0.43561903	1.000001	-0.51077324	0.14479925	-0.12108508	0.24107379	-0.27479753	0.25304496	-0.16835395	0.12517238	-0.16157451	0.18888305	-0.20472002	0.16193327	-0.14489153	0.14974523	-0.18218881	0.155349	-0.13883361	0.13080008	-0.032489203	0.17665404	-0.14840189	0.09745144	-0.09832322	0.035636693	-0.10583396	0.091354586	-0.074212894	0.09196055
-0.12766512	0.16982998	-0.15344046	0.14269482	-0.08604281	0.16017565	-0.20272408	0.22311646	-0.18503323	0.07473158	-0.19392131	0.24181378	-0.37142354	0.13276932	-0.12429348	0.22782156	-0.51077324	1.0000007	-0.21026346	0.14159985	-0.22898136	0.22492737	-0.54813045	0.20964383	-0.15202895	0.15053912	-0.19464417	0.24483114	-0.20128071	0.16168752	-0.15316351	0.17671806	-0.18982242	0.15701258	-0.15101027	0.034960315	-0.19383822	0.15937392	-0.10898584	0.10769264	-0.038551945	0.11234817	-0.100475356	0.081294484	-0.102387145
0.07402831	-0.10580266	0.11777465	-0.12459791	0.08229675	-0.09149199	0.10309891	-0.1243571	0.15848579	-0.076555364	0.10039001	-0.114321254	0.13485064	-0.3739386	0.25282302	-0.12030414	0.14479925	-0.21026346	1.0000007	-0.4070725	0.12390991	-0.124082945	0.20245218	-0.70692664	0.2700096	-0.09368696	0.11415001	-0.16536576	0.16839236	-0.19035694	0.097776935	-0.12060492	0.13097289	-0.13179941	0.14192145	-0.025795052	0.14252128	-0.12624957	0.09180121	-0.09417328	0.02841303	-0.088882186	0.07829901	-0.06630152	0.08315383
-0.065913446	0.09302234	-0.11569143	0.11773493	-0.08947591	0.07980852	-0.091160096	0.10872968	-0.15785988	0.08200068	-0.08841152	0.09717542	-0.11828902	0.2726968	-0.4412171	0.102075785	-0.12108508	0.14159985	-0.4070725	1.0000007	-0.10949651	0.1024385	-0.15204582	0.2758626	-0.64851046	0.08363622	-0.102387615	0.14298365	-0.19289413	0.23383091	-0.091441326	0.110821195	-0.12857477	0.13814074	-0.17602216	0.026096506	-0.14599445	0.12455283	-0.101157606	0.10235004	-0.028860847	0.089200936	-0.08037141	0.06995234	-0.089828424
0.12156947	-0.1693592	0.13288468	-0.12095598	0.06728977	-0.16152288	0.15647209	-0.15173034	0.13917647	-0.058178704	0.20748584	-0.1862517	0.16445455	-0.09957329	0.0918798	-0.39007804	0.24107379	-0.22898136	0.12390991	-0.10949651	1.0000007	-0.6145271	0.22871783	-0.15121047	0.115523145	-0.40444285	0.30495226	-0.20719463	0.16023059	-0.14207949	0.23771305	-0.28314373	0.16459537	-0.14384301	0.13067468	-0.035398494	0.1844008	-0.15642871	0.09945549	-0.10060828	0.038244102	-0.11166679	0.09466446	-0.07635545	0.09344331
-0.10045282	0.1349475	-0.11724275	0.10520685	-0.06093756	0.12735371	-0.1379049	0.13345979	-0.12613195	0.052478682	-0.1682992	0.16234219	-0.1553049	0.09238504	-0.08673031	0.22446741	-0.27479753	0.22492737	-0.124082945	0.1024385	-0.6145271	1.0000007	-0.338742	0.14744592	-0.111465506	0.2663584	-0.5321785	0.21258244	-0.16102515	0.13198426	-0.21958122	0.23991527	-0.16427162	0.13530363	-0.1244289	0.032486092	-0.1735023	0.14209788	-0.092818275	0.09239765	-0.03534161	0.10056852	-0.08756787	0.070265375	-0.08711093
0.10659844	-0.15070269	0.13669184	-0.1285255	0.07498503	-0.13586147	0.15096098	-0.17176418	0.15434761	-0.06566681	0.15486531	-0.18091434	0.20134592	-0.13315158	0.12253943	-0.20088701	0.25304496	-0.54813045	0.20245218	-0.15204582	0.22871783	-0.338742	1.0000005	-0.31465828	0.16472176	-0.167407	0.21752296	-0.49825418	0.22722445	-0.18740211	0.15853402	-0.20022407	0.22488406	-0.18912834	0.16427162	-0.034868006	0.19072834	-0.18710789	0.11834849	-0.11949731	0.038164366	-0.12113077	0.107340604	-0.08728229	0.107132785
-0.08215138	0.11434386	-0.13085364	0.12631461	-0.086470224	0.10015879	-0.114954144	0.13139443	-0.16676572	0.07676122	-0.114043385	0.12548803	-0.15190315	0.22880629	-0.23127611	0.13351724	-0.16835395	0.20964383	-0.70692664	0.2758626	-0.15121047	0.14744592	-0.31465828	1.0000006	-0.3806009	0.11015139	-0.13955112	0.19544588	-0.21892527	0.21186559	-0.11729806	0.13987099	-0.16068754	0.1558584	-0.1748662	0.030678025	-0.17109784	0.14542994	-0.11028884	0.11029208	-0.033884514	0.10291683	-0.092574194	0.07838406	-0.09992523
0.06901834	-0.09899456	0.11600521	-0.118883856	0.07731918	-0.08431286	0.09385929	-0.11063666	0.14452976	-0.07124549	0.092302695	-0.101790704	0.118568085	-0.24217631	0.2296228	-0.10925006	0.12517238	-0.15202895	0.2700096	-0.64851046	0.115523145	-0.111465506	0.16472176	-0.3806009	1.0000005	-0.09061813	0.1097532	-0.16588746	0.21509841	-0.4567811	0.097470656	-0.12215937	0.14334732	-0.16564558	0.20058155	-0.027498035	0.15217309	-0.14305958	0.112077475	-0.12095061	0.030272696	-0.09942842	0.0881836	-0.0775961	0.09708878
-0.08014294	0.10915046	-0.10123644	0.08874913	-0.050912034	0.1000566	-0.10518678	0.10376738	-0.104309596	0.043546833	-0.12873068	0.118323185	-0.116690814	0.07488444	-0.0703442	0.168716	-0.16157451	0.15053912	-0.09368696	0.08363622	-0.40444285	0.2663584	-0.167407	0.11015139	-0.09061813	1.0000004	-0.5286031	0.16773365	-0.13674326	0.11356215	-0.62966853	0.30755088	-0.14923333	0.120957606	-0.11033935	0.035745014	-0.1717131	0.13148732	-0.0845924	0.08394447	-0.038290523	0.09566993	-0.0819207	0.06500404	-0.08026065
0.091406114	-0.12858075	0.11659005	-0.10465251	0.059103474	-0.11581997	0.121054396	-0.12361224	0.12087627	-0.050917707	0.13896888	-0.14068149	0.13680543	-0.090615414	0.08419251	-0.18914056	0.18888305	-0.19464417	0.11415001	-0.102387615	0.30495226	-0.5321785	0.21752296	-0.13955112	0.1097532	-0.5286031	1.0000004	-0.25589618	0.167256	-0.1408563	0.29324347	-0.44657588	0.18544163	-0.1522052	0.13242032	-0.036864694	0.1913781	-0.16285537	0.1011488	-0.10166595	0.039494272	-0.11399412	0.09677259	-0.07726025	0.09407481
-0.09411176	0.13021007	-0.1362956	0.120481096	-0.072484285	0.11551999	-0.13015275	0.1396078	-0.14707752	0.062233616	-0.13525996	0.14500156	-0.16780922	0.11999397	-0.11503465	0.16289943	-0.20472002	0.24483114	-0.16536576	0.14298365	-0.20719463	0.21258244	-0.49825418	0.19544588	-0.16588746	0.16773365	-0.25589618	1.0000004	-0.4426246	0.22457804	-0.17935818	0.22059652	-0.5006213	0.27128083	-0.22099085	0.04136209	-0.23269096	0.23752773	-0.15490665	0.1491815	-0.045463387	0.1446244	-0.13829334	0.10939224	-0.13612874
0.087211445	-0.1255943	0.13408053	-0.1235615	0.07256187	-0.10750993	0.11645746	-0.12986155	0.14376976	-0.06333157	0.11893562	-0.12930045	0.142455	-0.14109892	0.13034837	-0.14562859	0.16193327	-0.20128071	0.16839236	-0.19289413	0.16023059	-0.16102515	0.22722445	-0.21892527	0.21509841	-0.13674326	0.167256	-0.4426246	1.0000002	-0.49839348	0.14555858	-0.19616446	0.28714222	-0.52327067	0.29375386	-0.03877066	0.212954	-0.24417837	0.17048933	-0.18484183	0.04238677	-0.15134692	0.13558984	-0.117318586	0.14195551
-0.07864453	0.11046595	-0.13299617	0.1189865	-0.07638123	0.09485962	-0.10607483	0.118077256	-0.14812464	0.066078454	-0.10709434	0.11397468	-0.1325706	0.15317398	-0.1601466	0.12499217	-0.14489153	0.16168752	-0.19035694	0.23383091	-0.14207949	0.13198426	-0.18740211	0.21186559	-0.4567811	0.11356215	-0.1408563	0.22457804	-0.49839348	1.0000004	-0.12800518	0.15826705	-0.22015417	0.2790096	-0.50926405	0.038176816	-0.21509291	0.20248084	-0.19243784	0.19981867	-0.042173333	0.13927667	-0.1302063	0.11987309	-0.1556396
0.081505686	-0.11650404	0.1098143	-0.097393595	0.054129735	-0.10237927	0.10530131	-0.10839493	0.11003854	-0.046448022	0.11964323	-0.118626244	0.1176644	-0.08089447	0.07513766	-0.1605137	0.14974523	-0.15316351	0.097776935	-0.091441326	0.23771305	-0.21958122	0.15853402	-0.11729806	0.097470656	-0.62966853	0.29324347	-0.17935818	0.14555858	-0.12800518	1.0000004	-0.61387473	0.17341892	-0.14214112	0.12315182	-0.045317102	0.1950342	-0.15914385	0.09684546	-0.097589456	0.046585657	-0.115256414	0.09504779	-0.07534273	0.090903334
-0.09388872	0.12907033	-0.13359925	0.114313185	-0.06630194	0.11483555	-0.123864286	0.12576728	-0.13455606	0.05637114	-0.14058374	0.13595355	-0.14215787	0.09758362	-0.09250609	0.17214216	-0.18218881	0.17671806	-0.12060492	0.110821195	-0.28314373	0.23991527	-0.20022407	0.13987099	-0.12215937	0.30755088	-0.44657588	0.22059652	-0.19616446	0.15826705	-0.61387473	1.0000002	-0.2878307	0.18334024	-0.16561279	0.056352675	-0.3281347	0.20366204	-0.12977043	0.12568556	-0.06037896	0.15138112	-0.13019209	0.10000953	-0.12381043
0.08160316	-0.116357744	0.12327551	-0.10926433	0.0633886	-0.100529075	0.10894205	-0.118791245	0.12734908	-0.05454132	0.11343305	-0.12118614	0.13264331	-0.1054527	0.09901675	-0.1394094	0.155349	-0.18982242	0.13097289	-0.12857477	0.16459537	-0.16427162	0.22488406	-0.16068754	0.14334732	-0.14923333	0.18544163	-0.5006213	0.28714222	-0.22015417	0.17341892	-0.2878307	1.0000002	-0.49868718	0.24623345	-0.042741902	0.23817506	-0.46777567	0.19174036	-0.18832427	0.04644635	-0.18000872	0.17290752	-0.13379283	0.15494233
-0.07404341	0.10443604	-0.11802291	0.10344878	-0.061990827	0.08995852	-0.099030085	0.10777153	-0.12331208	0.05320586	-0.10217927	0.107935645	-0.121595584	0.10738092	-0.10309895	0.12168851	-0.13883361	0.15701258	-0.13179941	0.13814074	-0.14384301	0.13530363	-0.18912834	0.1558584	-0.16564558	0.120957606	-0.1522052	0.27128083	-0.52327067	0.2790096	-0.14214112	0.18334024	-0.49868718	1.0000004	-0.5123243	0.039080773	-0.22065549	0.25169182	-0.2160394	0.2117121	-0.042933952	0.15111607	-0.14749317	0.12959883	-0.16271614
0.07357167	-0.10603302	0.120157205	-0.10913198	0.06412623	-0.08971652	0.09724529	-0.108132936	0.12610236	-0.055780515	0.09893769	-0.10601341	0.11793087	-0.12441909	0.11597581	-0.11885866	0.13080008	-0.15101027	0.14192145	-0.17602216	0.13067468	-0.1244289	0.16427162	-0.1748662	0.20058155	-0.11033935	0.13242032	-0.22099085	0.29375386	-0.50926405	0.12315182	-0.16561279	0.24623345	-0.5123243	1.0000006	-0.037711207	0.20674177	-0.26588637	0.24964106	-0.43320727	0.04116009	-0.16595614	0.14992844	-0.15204032	0.17918453
-0.020032752	0.029655531	-0.035000645	0.029484037	-0.015799206	0.024326565	-0.025410788	0.027597314	-0.03153018	0.013415957	-0.02624894	0.027460173	-0.029277474	0.022799488	-0.021134693	0.031953286	-0.032489203	0.034960315	-0.025795052	0.026096506	-0.035398494	0.032486092	-0.034868006	0.030678025	-0.027498035	0.035745014	-0.036864694	0.04136209	-0.03877066	0.038176816	-0.045317102	0.056352675	-0.042741902	0.039080773	-0.037711207	1.0000006	-0.1579184	0.063101895	-0.036397904	0.036192875	-0.97701	0.07664622	-0.050477944	0.03421842	-0.039596297
0.11060913	-0.16553189	0.19418262	-0.16525492	0.08707915	-0.13468085	0.139701	-0.15291873	0.1735805	-0.07416027	0.14308506	-0.15129185	0.16055626	-0.12700255	0.11693996	-0.17496823	0.17665404	-0.19383822	0.14252128	-0.14599445	0.1844008	-0.1735023	0.19072834	-0.17109784	0.15217309	-0.1717131	0.1913781	-0.23269096	0.212954	-0.21509291	0.1950342	-0.3281347	0.23817506	-0.22065549	0.20674177	-0.1579184	1.0000004	-0.39256325	0.19997996	-0.20432709	0.13621853	-0.45674893	0.25641185	-0.18501358	0.20201369
-0.0816322	0.114807725	-0.13741325	0.11464749	-0.067990534	0.098167166	-0.10801818	0.11615415	-0.13588335	0.057535	-0.11179801	0.11621139	-0.1313887	0.10426759	-0.10026404	0.13122797	-0.14840189	0.15937392	-0.12624957	0.12455283	-0.15642871	0.14209788	-0.18710789	0.14542994	-0.14305958	0.13148732	-0.16285537	0.23752773	-0.24417837	0.20248084	-0.15914385	0.20366204	-0.46777567	0.25169182	-0.26588637	0.063101895	-0.39256325	1.0000007	-0.39737886	0.2529034	-0.069475085	0.27446732	-0.4110004	0.22746381	-0.2673375
0.055603806	-0.07998874	0.092980266	-0.08091228	0.046803374	-0.067417085	0.072902694	-0.079919554	0.09284164	-0.040134806	0.07463449	-0.07898864	0.08764332	-0.07946201	0.07441785	-0.08909503	0.09745144	-0.10898584	0.09180121	-0.101157606	0.09945549	-0.092818275	0.11834849	-0.11028884	0.112077475	-0.0845924	0.1011488	-0.15490665	0.17048933	-0.19243784	0.09684546	-0.12977043	0.19174036	-0.2160394	0.24964106	-0.036397904	0.19997996	-0.39737886	1.0000006	-0.7142437	0.039530884	-0.20394096	0.20697862	-0.35710573	0.27142763
-0.05544273	0.078819714	-0.094073616	0.08059684	-0.04779106	0.066839494	-0.07311964	0.07979708	-0.09470235	0.040791396	-0.07488345	0.07871226	-0.08867269	0.08011655	-0.07675927	0.08826611	-0.09832322	0.10769264	-0.09417328	0.10235004	-0.10060828	0.09239765	-0.11949731	0.11029208	-0.12095061	0.08394447	-0.10166595	0.1491815	-0.18484183	0.19981867	-0.097589456	0.12568556	-0.18832427	0.2117121	-0.43320727	0.036192875	-0.20432709	0.2529034	-0.7142437	1.0000005	-0.03973153	0.17309564	-0.18262438	0.23818761	-0.33402848
0.022162443	-0.032955166	0.038905527	-0.032838725	0.017476033	-0.026930101	0.028043285	-0.030540539	0.034859806	-0.014849312	0.028871825	-0.030313285	0.032256532	-0.025221385	0.023323484	-0.035204995	0.035636693	-0.038551945	0.02841303	-0.028860847	0.038244102	-0.03534161	0.038164366	-0.033884514	0.030272696	-0.038290523	0.039494272	-0.045463387	0.04238677	-0.042173333	0.046585657	-0.06037896	0.04644635	-0.042933952	0.04116009	-0.97701	0.13621853	-0.069475085	0.039530884	-0.03973153	1.0000002	-0.08545573	0.053850245	-0.03716483	0.0424118
-0.061479423	0.08781734	-0.107810564	0.08894442	-0.051279437	0.07380115	-0.08000985	0.08634457	-0.102240846	0.04329153	-0.08246448	0.08564064	-0.09543334	0.07595161	-0.07231429	0.09706838	-0.10583396	0.11234817	-0.088882186	0.089200936	-0.11166679	0.10056852	-0.12113077	0.10291683	-0.09942842	0.09566993	-0.11399412	0.1446244	-0.15134692	0.13927667	-0.115256414	0.15138112	-0.18000872	0.15111607	-0.16595614	0.07664622	-0.45674893	0.27446732	-0.20394096	0.17309564	-0.08545573	1.0000001	-0.70769036	0.24799769	-0.31330743
0.05313872	-0.07681489	0.09053681	-0.07685537	0.043538664	-0.064317025	0.06903701	-0.07514151	0.086774185	-0.037036367	0.070938595	-0.07459763	0.08210245	-0.06723933	0.06323986	-0.08478323	0.091354586	-0.100475356	0.07829901	-0.08037141	0.09466446	-0.08756787	0.107340604	-0.092574194	0.0881836	-0.0819207	0.09677259	-0.13829334	0.13558984	-0.1302063	0.09504779	-0.13019209	0.17290752	-0.14749317	0.14992844	-0.050477944	0.25641185	-0.4110004	0.20697862	-0.18262438	0.053850245	-0.70769036	1.0000002	-0.40506053	0.2701912
-0.04301133	0.061918266	-0.07352361	0.06260972	-0.0359229	0.051950775	-0.056061946	0.061114576	-0.071417645	0.030598944	-0.057474356	0.060432862	-0.0669931	0.057199966	-0.05389478	0.06828954	-0.074212894	0.081294484	-0.06630152	0.06995234	-0.07635545	0.070265375	-0.08728229	0.07838406	-0.0775961	0.06500404	-0.07726025	0.10939224	-0.117318586	0.11987309	-0.07534273	0.10000953	-0.13379283	0.12959883	-0.15204032	0.03421842	-0.18501358	0.22746381	-0.35710573	0.23818761	-0.03716483	0.24799769	-0.40506053	1.0000002	-0.76633763
0.05421746	-0.0790099	0.09212076	-0.079751275	0.04483018	-0.06577754	0.07024036	-0.07707164	0.08902444	-0.038366746	0.07175496	-0.07602916	0.083313055	-0.07289708	0.06777579	-0.086085826	0.09196055	-0.102387145	0.08315383	-0.089828424	0.09344331	-0.08711093	0.107132785	-0.09992523	0.09708878	-0.08026065	0.09407481	-0.13612874	0.14195551	-0.1556396	0.090903334	-0.12381043	0.15494233	-0.16271614	0.17918453	-0.039596297	0.20201369	-0.2673375	0.27142763	-0.33402848	0.0424118	-0.31330743	0.2701912	-0.76633763	1.0000002
