1.0000001	-0.3474308	0.2147971	-0.1405082	0.065339945	-0.34453562	0.23055379	-0.21558885	0.1558956	-0.06649041	0.20413339	-0.25705236	0.1916578	-0.19409664	0.21492177	-0.28629372	0.20501463	-0.21369638	0.19106728	-0.15149668	0.22356172	-0.21461731	0.21439493	-0.16153869	0.22925757	-0.18349743	0.12882118	-0.12705036	0.16226274	-0.1397922	0.104883604	-0.11535808	0.117502674	-0.16834328	0.12391556	-0.054814555	0.059284594	-0.06487288	0.07768638	-0.0434834	0.065263644	-0.05178482	0.061335523	-0.0874081	0.050911207
-0.3474308	1.0000004	-0.45758358	0.19243892	-0.0815757	0.22568823	-0.6752751	0.29647854	-0.21893649	0.079422355	-0.1645007	0.16480084	-0.21254082	0.18880978	-0.16808023	0.16224472	-0.14455907	0.15721893	-0.14658362	0.114768095	-0.14224623	0.12654124	-0.15695521	0.11674291	-0.1633715	0.10480293	-0.077343665	0.08120733	-0.10901133	0.08776607	-0.063476905	0.0686525	-0.074344255	0.10540867	-0.07799152	0.033080198	-0.036000274	0.039672043	-0.047212202	0.026954731	-0.039662123	0.031334724	-0.037648648	0.05238113	-0.031604897
0.2147971	-0.45758358	1.0000002	-0.5061777	0.12614225	-0.19631478	0.27788708	-0.48999095	0.29586667	-0.1325986	0.13399915	-0.16308257	0.24185966	-0.26828358	0.17463632	-0.17309186	0.14337587	-0.1752869	0.15527515	-0.12402859	0.14043793	-0.13487929	0.15919378	-0.124978535	0.16269186	-0.112625405	0.081461824	-0.0865038	0.11316901	-0.09402617	0.06633593	-0.07293816	0.07809086	-0.1139295	0.08070778	-0.034653742	0.03765348	-0.041827705	0.049998056	-0.02809438	0.04132412	-0.03287779	0.03943822	-0.05616767	0.03275595
-0.1405082	0.19243892	-0.5061777	0.9999999	-0.23615377	0.118019775	-0.16483854	0.23641509	-0.7204494	0.19038859	-0.08542916	0.10395564	-0.19433166	0.21659002	-0.1428087	0.11288418	-0.09723664	0.12160662	-0.12046964	0.09523815	-0.09510897	0.0900011	-0.11629216	0.09159926	-0.12209318	0.074976265	-0.05488266	0.06038698	-0.081119284	0.06565454	-0.045316048	0.0495876	-0.054413375	0.07900702	-0.056600105	0.023691507	-0.025820186	0.028801689	-0.03446109	0.019571912	-0.02833404	0.022525622	-0.027198968	0.038508095	-0.022849664
0.065339945	-0.0815757	0.12614225	-0.23615377	0.99999964	-0.056092717	0.067176566	-0.09795209	0.186932	-0.94220805	0.04006629	-0.05048758	0.079743706	-0.0974626	0.0779535	-0.056726802	0.046645153	-0.058314085	0.05770221	-0.051825006	0.04679049	-0.045304634	0.055609617	-0.045288563	0.060798995	-0.038096234	0.027565734	-0.030438554	0.040236395	-0.033857387	0.02283543	-0.025158538	0.027372723	-0.040326346	0.028647285	-0.011963099	0.0130315395	-0.014579686	0.017530829	-0.009933059	0.014280936	-0.0113866	0.013735105	-0.019706229	0.011572687
-0.34453562	0.22568823	-0.19631478	0.118019775	-0.056092717	0.9999995	-0.33588603	0.19792132	-0.14044763	0.055813305	-0.6772438	0.2933443	-0.18851869	0.16679808	-0.19283159	0.21398093	-0.239837	0.19336478	-0.1740818	0.13229094	-0.20114307	0.16097833	-0.20077649	0.13973758	-0.19935027	0.1282787	-0.09904366	0.09765591	-0.13272646	0.10274819	-0.07848559	0.083172284	-0.09029735	0.123835735	-0.0939478	0.04055567	-0.044081602	0.047908764	-0.056198765	0.032312673	-0.048805267	0.03819791	-0.04574046	0.061579254	-0.038038366
0.23055379	-0.6752751	0.27788708	-0.16483854	0.067176566	-0.33588603	0.9999995	-0.4919866	0.17847955	-0.06831236	0.18110046	-0.18849462	0.21299769	-0.19207571	0.15099278	-0.16078553	0.14587134	-0.15945338	0.13587388	-0.10581754	0.13362898	-0.122129165	0.14616956	-0.109247684	0.14639859	-0.09988733	0.073691405	-0.07571809	0.10033598	-0.0808998	0.059090033	-0.06418525	0.06887208	-0.09813182	0.07113285	-0.030727182	0.033369333	-0.036751434	0.043569278	-0.024657443	0.03673415	-0.029056791	0.034800526	-0.048508767	0.028849753
-0.21558885	0.29647854	-0.48999095	0.23641509	-0.09795209	0.19792132	-0.4919866	0.9999994	-0.3213779	0.09676885	-0.14674456	0.16328718	-0.47662643	0.2710559	-0.19028783	0.16452971	-0.15465616	0.19194748	-0.16918182	0.12973782	-0.14164329	0.13035956	-0.17484082	0.1304936	-0.17259166	0.10703354	-0.0794873	0.085746825	-0.11582055	0.09176626	-0.06482949	0.070470996	-0.07745899	0.11105715	-0.080085814	0.03379513	-0.036816493	0.04087857	-0.048645955	0.027656179	-0.040466238	0.03206943	-0.038684208	0.054113727	-0.03233522
0.1558956	-0.21893649	0.29586667	-0.7204494	0.186932	-0.14044763	0.17847955	-0.3213779	0.9999996	-0.2291471	0.099492915	-0.12510052	0.22775044	-0.36582375	0.16397469	-0.13650787	0.11519364	-0.1480554	0.14237706	-0.11426312	0.11176505	-0.1082571	0.13484497	-0.10976671	0.1395312	-0.09032194	0.06563967	-0.07201629	0.095270425	-0.078321606	0.05385791	-0.059281573	0.06451624	-0.0947081	0.06665785	-0.028169114	0.030665733	-0.03426379	0.04102829	-0.023134908	0.033613935	-0.026782572	0.032277633	-0.046070084	0.026951319
-0.06649041	0.079422355	-0.1325986	0.19038859	-0.94220805	0.055813305	-0.06831236	0.09676885	-0.2291471	0.9999993	-0.040341705	0.050490428	-0.08370911	0.098938726	-0.08519227	0.05669473	-0.047238857	0.059154615	-0.060111478	0.053835556	-0.0473394	0.0454906	-0.057255205	0.046493012	-0.06343551	0.038198926	-0.027754337	0.030880606	-0.04117292	0.034318253	-0.02307148	0.025361368	-0.027782453	0.040788814	-0.029153405	0.012086304	-0.01317647	0.014748233	-0.017730296	0.010085202	-0.0144428965	0.011508112	-0.013905485	0.019885665	-0.011759072
0.20413339	-0.1645007	0.13399915	-0.08542916	0.04006629	-0.6772438	0.18110046	-0.14674456	0.099492915	-0.040341705	0.9999996	-0.58027905	0.14176008	-0.12890315	0.13970208	-0.2192531	0.23235404	-0.18161589	0.13344753	-0.09943465	0.16301423	-0.14301664	0.15768695	-0.10923545	0.14541768	-0.10864046	0.08360612	-0.07679969	0.10154099	-0.0783048	0.06205465	-0.066356234	0.070197016	-0.09647557	0.07053659	-0.03185901	0.034426354	-0.037248038	0.04319753	-0.024397226	0.038062766	-0.029843641	0.035418063	-0.047608163	0.028618049
-0.25705236	0.16480084	-0.16308257	0.10395564	-0.05048758	0.2933443	-0.18849462	0.16328718	-0.12510052	0.050490428	-0.58027905	0.9999996	-0.19833156	0.16715202	-0.19539194	0.25449565	-0.5339382	0.25005332	-0.19165243	0.13792403	-0.22841741	0.18954702	-0.23356433	0.15275943	-0.20422691	0.14054717	-0.11513312	0.104058444	-0.14088182	0.105248876	-0.08375949	0.08828829	-0.09550596	0.12930831	-0.09589295	0.042883392	-0.046458326	0.050167177	-0.058019683	0.033008303	-0.051477898	0.04017389	-0.047878753	0.063476905	-0.038794782
0.1916578	-0.21254082	0.24185966	-0.19433166	0.079743706	-0.18851869	0.21299769	-0.47662643	0.22775044	-0.08370911	0.14176008	-0.19833156	0.99999964	-0.6355067	0.22535945	-0.19877735	0.19284222	-0.34968176	0.21676895	-0.16563992	0.15912099	-0.15727748	0.21357818	-0.16785818	0.19362596	-0.12700012	0.094104886	-0.10286267	0.13622977	-0.10824804	0.0751343	-0.08263329	0.09085863	-0.1332717	0.09167823	-0.03916066	0.042615857	-0.047681358	0.05667751	-0.03179274	0.046687596	-0.03718939	0.044864472	-0.0635406	0.03698308
-0.19409664	0.18880978	-0.26828358	0.21659002	-0.0974626	0.16679808	-0.19207571	0.2710559	-0.36582375	0.098938726	-0.12890315	0.16715202	-0.6355067	0.9999997	-0.36457393	0.18489972	-0.17296347	0.24000561	-0.30633613	0.21019576	-0.15734121	0.15213671	-0.2256526	0.18795156	-0.23596467	0.12557794	-0.09332966	0.108939044	-0.15141952	0.11685335	-0.07740339	0.08485491	-0.09641869	0.14101943	-0.09922467	0.04049619	-0.044280335	0.04993748	-0.05976508	0.034088627	-0.04846736	0.038633674	-0.047068723	0.06666824	-0.039725177
0.21492177	-0.16808023	0.17463632	-0.1428087	0.0779535	-0.19283159	0.15099278	-0.19028783	0.16397469	-0.08519227	0.13970208	-0.19539194	0.22535945	-0.36457393	0.9999996	-0.24451868	0.18468472	-0.24734247	0.28887442	-0.633218	0.19140762	-0.20318513	0.23115319	-0.23511803	0.31306508	-0.17493771	0.12353507	-0.14681911	0.18668751	-0.18165736	0.104239	-0.11774155	0.12853508	-0.20174645	0.1391972	-0.05504615	0.06006339	-0.06864736	0.08411799	-0.048215333	0.06536055	-0.052772522	0.06399384	-0.09630964	0.0556658
-0.28629372	0.16224472	-0.17309186	0.11288418	-0.056726802	0.21398093	-0.16078553	0.16452971	-0.13650787	0.05669473	-0.2192531	0.25449565	-0.19877735	0.18489972	-0.24451868	0.9999993	-0.4443059	0.2639063	-0.23278536	0.17192443	-0.61273587	0.26758417	-0.29053438	0.1906289	-0.2670946	0.20709957	-0.16339828	0.13914308	-0.18559366	0.13842735	-0.11835414	0.12358367	-0.12940001	0.17083828	-0.12853737	0.060151897	-0.0647842	0.06870124	-0.078202926	0.044313632	-0.07208654	0.055886496	-0.065780565	0.08509794	-0.05219355
0.20501463	-0.14455907	0.14337587	-0.09723664	0.046645153	-0.239837	0.14587134	-0.15465616	0.11519364	-0.047238857	0.23235404	-0.5339382	0.19284222	-0.17296347	0.18468472	-0.4443059	0.99999917	-0.5120398	0.20234509	-0.14046377	0.25513306	-0.28707054	0.25471362	-0.1679719	0.19571947	-0.17125006	0.1427744	-0.112755135	0.14557636	-0.10744449	0.090929486	-0.0969676	0.10110599	-0.1368916	0.09579787	-0.045986265	0.04935619	-0.05289523	0.05997563	-0.03323511	0.054579828	-0.042671878	0.050178792	-0.06609997	0.038852967
-0.21369638	0.15721893	-0.1752869	0.12160662	-0.058314085	0.19336478	-0.15945338	0.19194748	-0.1480554	0.059154615	-0.18161589	0.25005332	-0.34968176	0.24000561	-0.24734247	0.2639063	-0.5120398	0.9999994	-0.3638231	0.19625778	-0.22881699	0.21850993	-0.5064424	0.2526385	-0.25631267	0.16301449	-0.13146964	0.13753344	-0.19204302	0.13197064	-0.09803177	0.10568911	-0.12051929	0.16901937	-0.11522426	0.050545644	-0.055042643	0.061187085	-0.07115992	0.039714657	-0.060468238	0.047787737	-0.057850674	0.07856995	-0.04630095
0.19106728	-0.14658362	0.15527515	-0.12046964	0.05770221	-0.1740818	0.13587388	-0.16918182	0.14237706	-0.060111478	0.13344753	-0.19165243	0.21676895	-0.30633613	0.28887442	-0.23278536	0.20234509	-0.3638231	0.99999946	-0.44861105	0.18572213	-0.2002099	0.29965392	-0.5526527	0.30451763	-0.16647668	0.122660555	-0.1727052	0.23563597	-0.16567138	0.103723645	-0.11679301	0.13969946	-0.21981876	0.13340525	-0.054640856	0.060033232	-0.0700164	0.0839829	-0.046178445	0.06509552	-0.052619655	0.065046065	-0.09476315	0.053188775
-0.15149668	0.114768095	-0.12402859	0.09523815	-0.051825006	0.13229094	-0.10581754	0.12973782	-0.11426312	0.053835556	-0.09943465	0.13792403	-0.16563992	0.21019576	-0.633218	0.17192443	-0.14046377	0.19625778	-0.44861105	0.9999995	-0.14011389	0.14722164	-0.20720409	0.23623805	-0.52778935	0.12542017	-0.09103185	0.11888332	-0.16682397	0.14508115	-0.07841046	0.08776508	-0.102470644	0.15817612	-0.114009276	0.041401587	-0.04547477	0.052568976	-0.0643599	0.03828458	-0.04941844	0.039860412	-0.04913444	0.072581686	-0.044430092
0.22356172	-0.14224623	0.14043793	-0.09510897	0.04679049	-0.20114307	0.13362898	-0.14164329	0.11176505	-0.0473394	0.16301423	-0.22841741	0.15912099	-0.15734121	0.19140762	-0.61273587	0.25513306	-0.22881699	0.18572213	-0.14011389	0.99999946	-0.48184177	0.23286411	-0.164495	0.21170062	-0.36017582	0.23858759	-0.14987424	0.17155504	-0.13204485	0.14243107	-0.15705775	0.13623457	-0.1763966	0.11795822	-0.070509166	0.07322211	-0.07466081	0.0797716	-0.041828863	0.08097491	-0.06341961	0.07021993	-0.08906813	0.04867395
-0.21461731	0.12654124	-0.13487929	0.0900011	-0.045304634	0.16097833	-0.122129165	0.13035956	-0.1082571	0.0454906	-0.14301664	0.18954702	-0.15727748	0.15213671	-0.20318513	0.26758417	-0.28707054	0.21850993	-0.2002099	0.14722164	-0.48184177	0.9999994	-0.29971713	0.17948037	-0.23029004	0.31679586	-0.56917393	0.1647049	-0.19171849	0.12889878	-0.16294776	0.1575974	-0.15349634	0.17242302	-0.12119999	0.07615505	-0.07987066	0.078027815	-0.07980946	0.042347692	-0.09013055	0.06735687	-0.07531781	0.085740745	-0.049664833
0.21439493	-0.15695521	0.15919378	-0.11629216	0.055609617	-0.20077649	0.14616956	-0.17484082	0.13484497	-0.057255205	0.15768695	-0.23356433	0.21357818	-0.2256526	0.23115319	-0.29053438	0.25471362	-0.5064424	0.29965392	-0.20720409	0.23286411	-0.29971713	0.9999992	-0.5142506	0.26790097	-0.21596831	0.16371351	-0.20060697	0.24918383	-0.1701667	0.123648606	-0.13871679	0.15955028	-0.23963666	0.14157116	-0.06422322	0.06993109	-0.07998924	0.09292161	-0.049604163	0.07605772	-0.06111971	0.07433498	-0.10459745	0.057129096
-0.16153869	0.11674291	-0.124978535	0.09159926	-0.045288563	0.13973758	-0.109247684	0.1304936	-0.10976671	0.046493012	-0.10923545	0.15275943	-0.16785818	0.18795156	-0.23511803	0.1906289	-0.1679719	0.2526385	-0.5526527	0.23623805	-0.164495	0.17948037	-0.5142506	0.9999993	-0.3618701	0.14855015	-0.114795074	0.19227996	-0.42433012	0.15681167	-0.10096411	0.11226985	-0.15387242	0.22379914	-0.1319265	0.053103484	-0.05901513	0.070165165	-0.08283473	0.044979326	-0.06376118	0.05150538	-0.06554131	0.09105827	-0.051888663
0.22925757	-0.1633715	0.16269186	-0.12209318	0.060798995	-0.19935027	0.14639859	-0.17259166	0.1395312	-0.06343551	0.14541768	-0.20422691	0.19362596	-0.23596467	0.31306508	-0.2670946	0.19571947	-0.25631267	0.30451763	-0.52778935	0.21170062	-0.23029004	0.26790097	-0.3618701	0.99999887	-0.2006945	0.1417021	-0.18438022	0.2356193	-0.29160014	0.12345181	-0.14014867	0.15871231	-0.2586724	0.1948806	-0.06557009	0.07194566	-0.083692655	0.104767784	-0.06496338	0.07799731	-0.06330818	0.07779962	-0.11985983	0.07494259
-0.18349743	0.10480293	-0.112625405	0.074976265	-0.038096234	0.1282787	-0.09988733	0.10703354	-0.09032194	0.038198926	-0.10864046	0.14054717	-0.12700012	0.12557794	-0.17493771	0.20709957	-0.17125006	0.16301449	-0.16647668	0.12542017	-0.36017582	0.31679586	-0.21596831	0.14855015	-0.2006945	0.9999988	-0.7131341	0.1708652	-0.18078949	0.1179426	-0.25861555	0.20060648	-0.16539645	0.16611063	-0.11300531	0.100853994	-0.09869238	0.086073816	-0.07927065	0.039998353	-0.11357963	0.08140929	-0.08340126	0.084507465	-0.0468164
0.12882118	-0.077343665	0.081461824	-0.05488266	0.027565734	-0.09904366	0.073691405	-0.0794873	0.06563967	-0.027754337	0.08360612	-0.11513312	0.094104886	-0.09332966	0.12353507	-0.16339828	0.1427744	-0.13146964	0.122660555	-0.09103185	0.23858759	-0.56917393	0.16371351	-0.114795074	0.1417021	-0.7131341	0.9999988	-0.17560583	0.14333022	-0.088654496	0.16229719	-0.17478506	0.1382748	-0.13321649	0.08318912	-0.07176988	0.071469866	-0.06628433	0.06002632	-0.029611576	0.079493575	-0.059797063	0.06285896	-0.06457194	0.034428246
-0.12705036	0.08120733	-0.0865038	0.06038698	-0.030438554	0.09765591	-0.07571809	0.085746825	-0.07201629	0.030880606	-0.07679969	0.104058444	-0.10286267	0.108939044	-0.14681911	0.13914308	-0.112755135	0.13753344	-0.1727052	0.11888332	-0.14987424	0.1647049	-0.20060697	0.19227996	-0.18438022	0.1708652	-0.17560583	0.9999986	-0.5178805	0.14728108	-0.18640403	0.19855458	-0.68265486	0.29807296	-0.14428169	0.09428339	-0.11072796	0.14497952	-0.11574583	0.051074523	-0.11620805	0.093792625	-0.13899696	0.11731729	-0.05850183
0.16226274	-0.10901133	0.11316901	-0.081119284	0.040236395	-0.13272646	0.10033598	-0.11582055	0.095270425	-0.04117292	0.10154099	-0.14088182	0.13622977	-0.15141952	0.18668751	-0.18559366	0.14557636	-0.19204302	0.23563597	-0.16682397	0.17155504	-0.19171849	0.24918383	-0.42433012	0.2356193	-0.18078949	0.14333022	-0.5178805	0.9999987	-0.23127808	0.14887671	-0.17386663	0.28641337	-0.5094046	0.19078177	-0.07987394	0.09080581	-0.11807849	0.13719791	-0.06654638	0.09613232	-0.079739176	0.106829084	-0.1508132	0.07494782
-0.1397922	0.08776607	-0.09402617	0.06565454	-0.033857387	0.10274819	-0.0808998	0.09176626	-0.078321606	0.034318253	-0.0783048	0.105248876	-0.10824804	0.11685335	-0.18165736	0.13842735	-0.10744449	0.13197064	-0.16567138	0.14508115	-0.13204485	0.12889878	-0.1701667	0.15681167	-0.29160014	0.1179426	-0.088654496	0.14728108	-0.23127808	0.9999987	-0.10363867	0.10874907	-0.15486467	0.24617216	-0.7998211	0.056590695	-0.064972796	0.07924487	-0.123808414	0.18124942	-0.07034919	0.056656428	-0.0765879	0.12541007	-0.22247532
0.104883604	-0.063476905	0.06633593	-0.045316048	0.02283543	-0.07848559	0.059090033	-0.06482949	0.05385791	-0.02307148	0.06205465	-0.08375949	0.0751343	-0.07740339	0.104239	-0.11835414	0.090929486	-0.09803177	0.103723645	-0.07841046	0.14243107	-0.16294776	0.123648606	-0.10096411	0.12345181	-0.25861555	0.16229719	-0.18640403	0.14887671	-0.10363867	0.99999845	-0.7609724	0.20266339	-0.19187813	0.095470555	-0.37416545	0.21789959	-0.14499873	0.0931568	-0.037029978	0.23877983	-0.1862812	0.12991427	-0.10445387	0.04199187
-0.11535808	0.0686525	-0.07293816	0.0495876	-0.025158538	0.083172284	-0.06418525	0.070470996	-0.059281573	0.025361368	-0.066356234	0.08828829	-0.08263329	0.08485491	-0.11774155	0.12358367	-0.0969676	0.10568911	-0.11679301	0.08776508	-0.15705775	0.1575974	-0.13871679	0.11226985	-0.14014867	0.20060648	-0.17478506	0.19855458	-0.17386663	0.10874907	-0.7609724	0.9999983	-0.30904934	0.19517452	-0.105701916	0.24326442	-0.2632939	0.15135476	-0.10018802	0.040159713	-0.27258092	0.18194383	-0.1478833	0.1053584	-0.04602733
0.117502674	-0.074344255	0.07809086	-0.054413375	0.027372723	-0.09029735	0.06887208	-0.07745899	0.06451624	-0.027782453	0.070197016	-0.09550596	0.09085863	-0.09641869	0.12853508	-0.12940001	0.10110599	-0.12051929	0.13969946	-0.102470644	0.13623457	-0.15349634	0.15955028	-0.15387242	0.15871231	-0.16539645	0.1382748	-0.68265486	0.28641337	-0.15486467	0.20266339	-0.30904934	0.99999815	-0.46577018	0.1480679	-0.10740111	0.12681949	-0.22099258	0.13495147	-0.054605644	0.12713698	-0.110981345	0.16383004	-0.14147298	0.06101885
-0.16834328	0.10540867	-0.1139295	0.07900702	-0.040326346	0.123835735	-0.09813182	0.11105715	-0.0947081	0.040788814	-0.09647557	0.12930831	-0.1332717	0.14101943	-0.20174645	0.17083828	-0.1368916	0.16901937	-0.21981876	0.15817612	-0.1763966	0.17242302	-0.23963666	0.22379914	-0.2586724	0.16611063	-0.13321649	0.29807296	-0.5094046	0.24617216	-0.19187813	0.19517452	-0.46577018	0.9999978	-0.3383967	0.1025538	-0.12124595	0.15611236	-0.25470704	0.103274606	-0.12916632	0.10399555	-0.1525529	0.2032504	-0.11773224
0.12391556	-0.07799152	0.08070778	-0.056600105	0.028647285	-0.0939478	0.07113285	-0.080085814	0.06665785	-0.029153405	0.07053659	-0.09589295	0.09167823	-0.09922467	0.1391972	-0.12853737	0.09579787	-0.11522426	0.13340525	-0.114009276	0.11795822	-0.12119999	0.14157116	-0.1319265	0.1948806	-0.11300531	0.08318912	-0.14428169	0.19078177	-0.7998211	0.095470555	-0.105701916	0.1480679	-0.3383967	0.9999981	-0.052987065	0.060925692	-0.07824185	0.12957762	-0.26403216	0.06499367	-0.053854175	0.07323711	-0.14235511	0.20592035
-0.054814555	0.033080198	-0.034653742	0.023691507	-0.011963099	0.04055567	-0.030727182	0.03379513	-0.028169114	0.012086304	-0.03185901	0.042883392	-0.03916066	0.04049619	-0.05504615	0.060151897	-0.045986265	0.050545644	-0.054640856	0.041401587	-0.070509166	0.07615505	-0.06422322	0.053103484	-0.06557009	0.100853994	-0.07176988	0.09428339	-0.07987394	0.056590695	-0.37416545	0.24326442	-0.10740111	0.1025538	-0.052987065	0.99999815	-0.51276636	0.1558576	-0.068657935	0.022540675	-0.6863564	0.2952019	-0.1517201	0.07591671	-0.025353758
0.059284594	-0.036000274	0.03765348	-0.025820186	0.0130315395	-0.044081602	0.033369333	-0.036816493	0.030665733	-0.01317647	0.034426354	-0.046458326	0.042615857	-0.044280335	0.06006339	-0.0647842	0.04935619	-0.055042643	0.060033232	-0.04547477	0.07322211	-0.07987066	0.06993109	-0.05901513	0.07194566	-0.09869238	0.071469866	-0.11072796	0.09080581	-0.064972796	0.21789959	-0.2632939	0.12681949	-0.12124595	0.060925692	-0.51276636	0.9999979	-0.28211102	0.09210559	-0.027491411	0.32388452	-0.673399	0.22896616	-0.10376019	0.030608682
-0.06487288	0.039672043	-0.041827705	0.028801689	-0.014579686	0.047908764	-0.036751434	0.04087857	-0.03426379	0.014748233	-0.037248038	0.050167177	-0.047681358	0.04993748	-0.06864736	0.06870124	-0.05289523	0.061187085	-0.0700164	0.052568976	-0.07466081	0.078027815	-0.07998924	0.070165165	-0.083692655	0.086073816	-0.06628433	0.14497952	-0.11807849	0.07924487	-0.14499873	0.15135476	-0.22099258	0.15611236	-0.07824185	0.1558576	-0.28211102	0.9999974	-0.20736921	0.041628186	-0.21427289	0.24680735	-0.8314496	0.17529038	-0.04564076
0.07768638	-0.047212202	0.049998056	-0.03446109	0.017530829	-0.056198765	0.043569278	-0.048645955	0.04102829	-0.017730296	0.04319753	-0.058019683	0.05667751	-0.05976508	0.08411799	-0.078202926	0.05997563	-0.07115992	0.0839829	-0.0643599	0.0797716	-0.07980946	0.09292161	-0.08283473	0.104767784	-0.07927065	0.06002632	-0.11574583	0.13719791	-0.123808414	0.0931568	-0.10018802	0.13495147	-0.25470704	0.12957762	-0.068657935	0.09210559	-0.20736921	0.99999726	-0.1333565	0.08802603	-0.08781172	0.16110274	-0.89379984	0.12531373
-0.0434834	0.026954731	-0.02809438	0.019571912	-0.009933059	0.032312673	-0.024657443	0.027656179	-0.023134908	0.010085202	-0.024397226	0.033008303	-0.03179274	0.034088627	-0.048215333	0.044313632	-0.03323511	0.039714657	-0.046178445	0.03828458	-0.041828863	0.042347692	-0.049604163	0.044979326	-0.06496338	0.039998353	-0.029611576	0.051074523	-0.06654638	0.18124942	-0.037029978	0.040159713	-0.054605644	0.103274606	-0.26403216	0.022540675	-0.027491411	0.041628186	-0.1333565	0.9999974	-0.028291203	0.024871152	-0.038701817	0.12245401	-0.9296462
0.065263644	-0.039662123	0.04132412	-0.02833404	0.014280936	-0.048805267	0.03673415	-0.040466238	0.033613935	-0.0144428965	0.038062766	-0.051477898	0.046687596	-0.04846736	0.06536055	-0.07208654	0.054579828	-0.060468238	0.06509552	-0.04941844	0.08097491	-0.09013055	0.07605772	-0.06376118	0.07799731	-0.11357963	0.079493575	-0.11620805	0.09613232	-0.07034919	0.23877983	-0.27258092	0.12713698	-0.12916632	0.06499367	-0.6863564	0.32388452	-0.21427289	0.08802603	-0.028291203	0.9999975	-0.517079	0.18833442	-0.10148973	0.03162972
-0.05178482	0.031334724	-0.03287779	0.022525622	-0.0113866	0.03819791	-0.029056791	0.03206943	-0.026782572	0.011508112	-0.029843641	0.04017389	-0.03718939	0.038633674	-0.052772522	0.055886496	-0.042671878	0.047787737	-0.052619655	0.039860412	-0.06341961	0.06735687	-0.06111971	0.05150538	-0.06330818	0.08140929	-0.059797063	0.093792625	-0.079739176	0.056656428	-0.1862812	0.18194383	-0.110981345	0.10399555	-0.053854175	0.2952019	-0.673399	0.24680735	-0.08781172	0.024871152	-0.517079	0.9999973	-0.36557987	0.09512096	-0.027748948
0.061335523	-0.037648648	0.03943822	-0.027198968	0.013735105	-0.04574046	0.034800526	-0.038684208	0.032277633	-0.013905485	0.035418063	-0.047878753	0.044864472	-0.047068723	0.06399384	-0.065780565	0.050178792	-0.057850674	0.065046065	-0.04913444	0.07021993	-0.07531781	0.07433498	-0.06554131	0.07779962	-0.08340126	0.06285896	-0.13899696	0.106829084	-0.0765879	0.12991427	-0.1478833	0.16383004	-0.1525529	0.07323711	-0.1517201	0.22896616	-0.8314496	0.16110274	-0.038701817	0.18833442	-0.36557987	0.9999973	-0.18819857	0.042176243
-0.0874081	0.05238113	-0.05616767	0.038508095	-0.019706229	0.061579254	-0.048508767	0.054113727	-0.046070084	0.019885665	-0.047608163	0.063476905	-0.0635406	0.06666824	-0.09630964	0.08509794	-0.06609997	0.07856995	-0.09476315	0.072581686	-0.08906813	0.085740745	-0.10459745	0.09105827	-0.11985983	0.084507465	-0.06457194	0.11731729	-0.1508132	0.12541007	-0.10445387	0.1053584	-0.14147298	0.2032504	-0.14235511	0.07591671	-0.10376019	0.17529038	-0.89379984	0.12245401	-0.10148973	0.09512096	-0.18819857	0.99999726	-0.14383851
0.050911207	-0.031604897	0.03275595	-0.022849664	0.011572687	-0.038038366	0.028849753	-0.03233522	0.026951319	-0.011759072	0.028618049	-0.038794782	0.03698308	-0.039725177	0.0556658	-0.05219355	0.038852967	-0.04630095	0.053188775	-0.044430092	0.04867395	-0.049664833	0.057129096	-0.051888663	0.07494259	-0.0468164	0.034428246	-0.05850183	0.07494782	-0.22247532	0.04199187	-0.04602733	0.06101885	-0.11773224	0.20592035	-0.025353758	0.030608682	-0.04564076	0.12531373	-0.9296462	0.03162972	-0.027748948	0.042176243	-0.14383851	0.99999726
