1.0	-0.33595663	0.19967993	-0.25217628	0.15103552	-0.53052545	0.27559313	-0.22083153	0.17384046	-0.13867287	0.2697138	-0.31111214	0.18302478	-0.07367411	0.0734807	-0.10490993	0.258789	-0.18851395	0.12053288	-0.092248015	0.11257362	-0.11484092	0.12568438	-0.11728601	0.07203177	-0.059358284	0.056631457	-0.065226704	0.086232595	-0.050832238	0.04214634	-0.050590027	0.05123441	-0.07009092	0.036126897	-0.034339044	0.028150463	-0.03616925	0.03530513	-0.022804936	0.042012535	-0.02531365	0.03402954	-0.032044154	0.030703282
-0.33595663	1.0000002	-0.5770952	0.2869057	-0.19813056	0.23592848	-0.5246693	0.23297624	-0.22402556	0.15139723	-0.22258537	0.23757996	-0.17856342	0.068059556	-0.07031265	0.07994161	-0.21748485	0.14943114	-0.09785087	0.06907706	-0.09010735	0.08919883	-0.10033034	0.08911831	-0.055151213	0.039084554	-0.038554255	0.044995695	-0.059721064	0.033080634	-0.027782986	0.03331764	-0.034018293	0.04577469	-0.023765905	0.022279989	-0.018322596	0.02362436	-0.023067113	0.014863997	-0.02729274	0.016422752	-0.022252537	0.02084675	-0.020089144
0.19967993	-0.5770952	1.0000005	-0.66001356	0.19966266	-0.1626913	0.23517254	-0.25948653	0.21705009	-0.17159739	0.13994512	-0.16959225	0.14895415	-0.064403035	0.06444578	-0.054545	0.14913294	-0.13574255	0.08128989	-0.059392147	0.060664	-0.067149214	0.074415915	-0.075565584	0.046089765	-0.030440044	0.029783584	-0.03502405	0.046561264	-0.026324505	0.021545622	-0.026012748	0.026472546	-0.036132213	0.018800888	-0.017326174	0.014219476	-0.018470053	0.018042767	-0.011727901	0.021135727	-0.012769096	0.017350543	-0.01634868	0.015828937
-0.25217628	0.2869057	-0.66001356	1.0000004	-0.38461548	0.16499668	-0.2393199	0.25218052	-0.35987782	0.23723567	-0.15535966	0.16781907	-0.17784764	0.08293618	-0.08606263	0.06457249	-0.18592325	0.14914441	-0.096845776	0.06843428	-0.07325764	0.080289	-0.091092125	0.08727498	-0.05407906	0.035835043	-0.035398975	0.0415047	-0.05541883	0.030764438	-0.025467606	0.030643806	-0.031300522	0.042331323	-0.022086013	0.020426292	-0.016797226	0.02174587	-0.021253005	0.013770538	-0.024994869	0.015063373	-0.020469524	0.019215701	-0.018619623
0.15103552	-0.19813056	0.19966266	-0.38461548	1.0000008	-0.118162826	0.1534384	-0.2701688	0.28657427	-0.77705085	0.10429516	-0.12552233	0.15145941	-0.12082961	0.116082996	-0.04503995	0.12878716	-0.14868425	0.09117302	-0.06888285	0.05015379	-0.06443653	0.070918515	-0.08509723	0.05197685	-0.030132702	0.02935509	-0.034920916	0.046670467	-0.026813397	0.021233732	-0.02584647	0.026246293	-0.03636709	0.019057997	-0.017092787	0.014003184	-0.01837029	0.01796557	-0.011820699	0.020754386	-0.012598123	0.017207593	-0.016317358	0.015946394
-0.53052545	0.23592848	-0.1626913	0.16499668	-0.118162826	1.0000008	-0.44106415	0.17690599	-0.14517735	0.10148874	-0.58763564	0.31226227	-0.15192972	0.05306788	-0.0540368	0.11003196	-0.2135794	0.13360927	-0.08679803	0.06269307	-0.11990907	0.08678316	-0.09441762	0.081285834	-0.049912788	0.038327303	-0.037234597	0.043206252	-0.05674713	0.031947345	-0.027109249	0.032389782	-0.03291876	0.044378888	-0.022863882	0.021765003	-0.017864179	0.022950714	-0.02237058	0.01436156	-0.026625508	0.016018413	-0.021598563	0.02024805	-0.019368043
0.27559313	-0.5246693	0.23517254	-0.2393199	0.1534384	-0.44106415	1.0000012	-0.3350454	0.20259091	-0.13910912	0.28397655	-0.48332402	0.1814499	-0.06368538	0.06392758	-0.08481683	0.20016514	-0.16008964	0.0944783	-0.06872094	0.09062819	-0.08659839	0.09261172	-0.088539876	0.053698946	-0.037544295	0.036562134	-0.04289981	0.056446988	-0.031958017	0.026500782	-0.031913653	0.032408815	-0.04410986	0.022805562	-0.02130031	0.017463306	-0.022617223	0.022059696	-0.014267537	0.025969032	-0.015679523	0.021239616	-0.019995177	0.019233752
-0.22083153	0.23297624	-0.25948653	0.25218052	-0.2701688	0.17690599	-0.3350454	1.0000008	-0.64542025	0.23504727	-0.1639665	0.19222522	-0.39728892	0.09693687	-0.09929339	0.064991005	-0.18674132	0.22755389	-0.124950774	0.08489415	-0.07263083	0.08816838	-0.09907039	0.10879738	-0.06612154	0.038805354	-0.03831563	0.04553112	-0.06097822	0.034029018	-0.027435355	0.03326283	-0.033917144	0.046425365	-0.024339259	0.021984499	-0.018045047	0.023585314	-0.0230636	0.015088965	-0.026774075	0.016206944	-0.022137113	0.020893415	-0.020391108
0.17384046	-0.22402556	0.21705009	-0.35987782	0.28657427	-0.14517735	0.20259091	-0.64542025	1.0000008	-0.4698688	0.12659109	-0.15677693	0.21368788	-0.11933543	0.111954756	-0.05267169	0.14927728	-0.19842248	0.107146874	-0.07861195	0.05838698	-0.0749278	0.08237862	-0.098725036	0.059546392	-0.034044813	0.033281475	-0.039711166	0.05302132	-0.030258702	0.023975648	-0.029199827	0.029665785	-0.041067954	0.021519082	-0.019268345	0.015785119	-0.02072868	0.020269122	-0.013333631	0.02338668	-0.014199321	0.019412473	-0.018405708	0.017989561
-0.13867287	0.15139723	-0.17159739	0.23723567	-0.77705085	0.10148874	-0.13910912	0.23504727	-0.4698688	1.0000008	-0.09295455	0.107278265	-0.14533196	0.12302127	-0.14269058	0.040147226	-0.117053226	0.124714546	-0.082817204	0.05990824	-0.04508694	0.05663961	-0.06348396	0.073716335	-0.04601283	0.025975883	-0.025528653	0.03033298	-0.04076336	0.023039268	-0.01836037	0.02229423	-0.022714404	0.031249845	-0.016453147	0.014740088	-0.01209564	0.015836386	-0.015497619	0.010187662	-0.017940177	0.010870093	-0.014858443	0.014050156	-0.013769089
0.2697138	-0.22258537	0.13994512	-0.15535966	0.10429516	-0.58763564	0.28397655	-0.1639665	0.12659109	-0.09295455	1.000001	-0.64583075	0.14519303	-0.049945775	0.050184324	-0.16270456	0.20848586	-0.13636805	0.083871074	-0.06221461	0.14182854	-0.088957466	0.09089845	-0.08074277	0.04890991	-0.038428307	0.036785956	-0.042748272	0.055508375	-0.03182764	0.026973462	-0.032246716	0.03258933	-0.044243697	0.022655634	-0.021673765	0.017736735	-0.022813674	0.02219891	-0.0142552145	0.02640937	-0.01592145	0.021417717	-0.020141695	0.019176085
-0.31111214	0.23757996	-0.16959225	0.16781907	-0.12552233	0.31226227	-0.48332402	0.19222522	-0.15677693	0.107278265	-0.64583075	1.0000002	-0.20278645	0.058863617	-0.05996205	0.12739566	-0.31004474	0.16098312	-0.10131247	0.07201053	-0.13679156	0.109992735	-0.11502009	0.094651796	-0.057520483	0.042949766	-0.04203088	0.049212903	-0.06375513	0.035438146	-0.030255647	0.03623079	-0.03679476	0.04946722	-0.025360487	0.024192253	-0.019831927	0.025547303	-0.024859445	0.015911588	-0.029515509	0.017779961	-0.024005214	0.022504374	-0.021438947
0.18302478	-0.17856342	0.14895415	-0.17784764	0.15145941	-0.15192972	0.1814499	-0.39728892	0.21368788	-0.14533196	0.14519303	-0.20278645	0.9999995	-0.11175836	0.10451545	-0.06728371	0.20414183	-0.7348786	0.2195911	-0.1532528	0.073492534	-0.12643863	0.13638107	-0.20213461	0.11257904	-0.053346705	0.052437987	-0.06446811	0.086037315	-0.049087	0.037191093	-0.045993548	0.04661066	-0.06585998	0.034677494	-0.02976307	0.024300668	-0.032535136	0.031831343	-0.021260424	0.0357847	-0.021916382	0.03029307	-0.028999664	0.028647084
-0.07367411	0.068059556	-0.064403035	0.08293618	-0.12082961	0.05306788	-0.06368538	0.09693687	-0.11933543	0.12302127	-0.049945775	0.058863617	-0.11175836	0.9999998	-0.9461951	0.02575422	-0.08193673	0.11110263	-0.17828459	0.10703397	-0.02882608	0.054004073	-0.061163306	0.11954422	-0.08361164	0.025313566	-0.025145521	0.03133346	-0.043853384	0.025244823	-0.017709821	0.022039566	-0.022524728	0.03218011	-0.018013814	0.014123396	-0.011566279	0.015694425	-0.015488235	0.010780402	-0.016988276	0.010439667	-0.014642274	0.014091149	-0.014666429
0.0734807	-0.07031265	0.06444578	-0.08606263	0.116082996	-0.0540368	0.06392758	-0.09929339	0.111954756	-0.14269058	0.050184324	-0.05996205	0.10451545	-0.9461951	1.0	-0.02594731	0.081738904	-0.11369816	0.14997084	-0.12111233	0.02892084	-0.056198962	0.062032823	-0.12779377	0.08554494	-0.026492165	0.026097879	-0.032693405	0.045185648	-0.026460426	0.018452547	-0.023047179	0.023459084	-0.03381536	0.018743487	-0.014730161	0.012039655	-0.016399212	0.016163064	-0.0112394	0.017655768	-0.01087901	0.015259209	-0.014738269	0.015247007
-0.10490993	0.07994161	-0.054545	0.06457249	-0.04503995	0.11003196	-0.08481683	0.064991005	-0.05267169	0.040147226	-0.16270456	0.12739566	-0.06728371	0.02575422	-0.02594731	0.99999976	-0.22906256	0.07225222	-0.050832257	0.038636792	-0.93686384	0.08323088	-0.07503391	0.05207187	-0.031167237	0.037755687	-0.032097332	0.03419422	-0.04188724	0.022848055	-0.024829853	0.026659423	-0.026194926	0.033444986	-0.016352	0.018406816	-0.014962836	0.018024866	-0.017202912	0.010411563	-0.022417124	0.013210118	-0.016939435	0.015565836	-0.013922973
0.258789	-0.21748485	0.14913294	-0.18592325	0.12878716	-0.2135794	0.20016514	-0.18674132	0.14927728	-0.117053226	0.20848586	-0.31004474	0.20414183	-0.08193673	0.081738904	-0.22906256	0.9999996	-0.25498018	0.17129931	-0.13558833	0.1883974	-0.4030451	0.2597063	-0.18598433	0.10752729	-0.09473176	0.09113899	-0.10970476	0.13092731	-0.075330816	0.0653052	-0.079496205	0.07926173	-0.10754857	0.05320212	-0.0526505	0.042686693	-0.05537152	0.053382844	-0.033719838	0.063272044	-0.038428593	0.05155673	-0.04866758	0.04498852
-0.18851395	0.14943114	-0.13574255	0.14914441	-0.14868425	0.13360927	-0.16008964	0.22755389	-0.19842248	0.124714546	-0.13636805	0.16098312	-0.7348786	0.11110263	-0.11369816	0.07225222	-0.25498018	0.9999995	-0.38567293	0.15892394	-0.08068543	0.14195322	-0.17477219	0.21722278	-0.13059746	0.05642775	-0.057397794	0.07045098	-0.09658589	0.05148895	-0.03970797	0.048820265	-0.05006856	0.06910412	-0.037007954	0.031517282	-0.02585238	0.034462117	-0.033791035	0.022535855	-0.038143728	0.023245236	-0.03225005	0.030601233	-0.03055818
0.12053288	-0.09785087	0.08128989	-0.096845776	0.09117302	-0.08679803	0.0944783	-0.124950774	0.107146874	-0.082817204	0.083871074	-0.10131247	0.2195911	-0.17828459	0.14997084	-0.050832257	0.17129931	-0.38567293	0.99999917	-0.39951947	0.056079846	-0.161444	0.17683843	-0.6795235	0.27016696	-0.06725407	0.066989906	-0.08956006	0.124130696	-0.06910328	0.0460816	-0.058674816	0.05960553	-0.088347144	0.048504602	-0.036348835	0.02960597	-0.041394632	0.040798068	-0.028669314	0.04303404	-0.026806915	0.038191896	-0.03731461	0.038788706
-0.092248015	0.06907706	-0.059392147	0.06843428	-0.06888285	0.06269307	-0.06872094	0.08489415	-0.07861195	0.05990824	-0.06221461	0.07201053	-0.1532528	0.10703397	-0.12111233	0.038636792	-0.13558833	0.15892394	-0.39951947	0.9999989	-0.043543477	0.10228102	-0.12776507	0.2979972	-0.8156438	0.0500368	-0.051607203	0.06487648	-0.09831395	0.07301655	-0.03568585	0.044460323	-0.046955712	0.067247435	-0.054230686	0.028177667	-0.023375748	0.032617632	-0.033586893	0.029222643	-0.03424209	0.021119408	-0.031063123	0.030353006	-0.04161117
0.11257362	-0.09010735	0.060664	-0.07325764	0.05015379	-0.11990907	0.09062819	-0.07263083	0.05838698	-0.04508694	0.14182854	-0.13679156	0.073492534	-0.02882608	0.02892084	-0.93686384	0.1883974	-0.08068543	0.056079846	-0.043543477	0.9999991	-0.08928188	0.07740637	-0.058114063	0.03471204	-0.04378854	0.036002565	-0.038451336	0.047124803	-0.026211422	0.028131422	-0.030395146	0.029702647	-0.038286082	0.018702822	-0.021016398	0.017018648	-0.020569157	0.019622322	-0.011921288	0.025469596	-0.015055756	0.019293256	-0.017796578	0.015919873
-0.11484092	0.08919883	-0.067149214	0.080289	-0.06443653	0.08678316	-0.08659839	0.08816838	-0.0749278	0.05663961	-0.088957466	0.109992735	-0.12643863	0.054004073	-0.056198962	0.08323088	-0.4030451	0.14195322	-0.161444	0.10228102	-0.08928188	0.9999994	-0.83145314	0.17361829	-0.100748666	0.071387425	-0.089363374	0.11042317	-0.11498461	0.05134451	-0.050088532	0.06170842	-0.06429912	0.07750175	-0.03730873	0.0380429	-0.031081844	0.0408782	-0.038900983	0.023244854	-0.045776952	0.027690755	-0.038120277	0.034866314	-0.03112094
0.12568438	-0.10033034	0.074415915	-0.091092125	0.070918515	-0.09441762	0.09261172	-0.09907039	0.08237862	-0.06348396	0.09089845	-0.11502009	0.13638107	-0.061163306	0.062032823	-0.07503391	0.2597063	-0.17477219	0.17683843	-0.12776507	0.07740637	-0.83145314	0.99999917	-0.25842634	0.11751789	-0.08315306	0.09832533	-0.14469191	0.12951373	-0.0603036	0.05722448	-0.071778275	0.07374643	-0.09124634	0.043252084	-0.04383597	0.03557337	-0.047430966	0.044920154	-0.026984345	0.052129615	-0.031825174	0.04382176	-0.040552143	0.0359211
-0.11728601	0.08911831	-0.075565584	0.08727498	-0.08509723	0.081285834	-0.088539876	0.10879738	-0.098725036	0.073716335	-0.08074277	0.094651796	-0.20213461	0.11954422	-0.12779377	0.05207187	-0.18598433	0.21722278	-0.6795235	0.2979972	-0.058114063	0.17361829	-0.25842634	0.9999988	-0.4670145	0.071907274	-0.07502527	0.10130645	-0.16411684	0.074748136	-0.049739413	0.06315566	-0.06529502	0.0950766	-0.053921226	0.038839955	-0.03178017	0.04449226	-0.04408826	0.03124402	-0.04623097	0.028689409	-0.041277662	0.04000278	-0.0426788
0.07203177	-0.055151213	0.046089765	-0.05407906	0.05197685	-0.049912788	0.053698946	-0.06612154	0.059546392	-0.04601283	0.04890991	-0.057520483	0.11257904	-0.08361164	0.08554494	-0.031167237	0.10752729	-0.13059746	0.27016696	-0.8156438	0.03471204	-0.100748666	0.11751789	-0.4670145	0.9999986	-0.046443824	0.04727834	-0.061926518	0.09097834	-0.07749914	0.03270176	-0.041294917	0.04334475	-0.06404096	0.052735325	-0.025781784	0.021315511	-0.03024271	0.03120057	-0.028003475	0.031030962	-0.019297717	0.028634727	-0.028379934	0.039536245
-0.059358284	0.039084554	-0.030440044	0.035835043	-0.030132702	0.038327303	-0.037544295	0.038805354	-0.034044813	0.025975883	-0.038428307	0.042949766	-0.053346705	0.025313566	-0.026492165	0.037755687	-0.09473176	0.05642775	-0.06725407	0.0500368	-0.04378854	0.071387425	-0.08315306	0.071907274	-0.046443824	0.9999985	-0.5373442	0.26306063	-0.30376455	0.11144436	-0.562546	0.2967309	-0.25835413	0.2192477	-0.08698	0.24329892	-0.19423366	0.15435222	-0.13395458	0.057103053	-0.2992505	0.1547356	-0.1499647	0.116717815	-0.07560964
0.056631457	-0.038554255	0.029783584	-0.035398975	0.02935509	-0.037234597	0.036562134	-0.03831563	0.033281475	-0.025528653	0.036785956	-0.04203088	0.052437987	-0.025145521	0.026097879	-0.032097332	0.09113899	-0.057397794	0.066989906	-0.051607203	0.036002565	-0.089363374	0.09832533	-0.07502527	0.04727834	-0.5373442	0.99999875	-0.60689527	0.28473967	-0.11949438	0.24969313	-0.38305604	0.24777852	-0.25071365	0.087774545	-0.16204116	0.120109506	-0.14718455	0.12358116	-0.057192232	0.17068325	-0.10385072	0.12852077	-0.112772234	0.07293042
-0.065226704	0.044995695	-0.03502405	0.0415047	-0.034920916	0.043206252	-0.04289981	0.04553112	-0.039711166	0.03033298	-0.042748272	0.049212903	-0.06446811	0.03133346	-0.032693405	0.03419422	-0.10970476	0.07045098	-0.08956006	0.06487648	-0.038451336	0.11042317	-0.14469191	0.10130645	-0.061926518	0.26306063	-0.60689527	0.9999988	-0.5846087	0.12611696	-0.19444036	0.2450767	-0.31607938	0.2547442	-0.09635032	0.13151889	-0.10934175	0.15041196	-0.13317792	0.061015315	-0.15733732	0.094828226	-0.13860434	0.114923	-0.079740144
0.086232595	-0.059721064	0.046561264	-0.05541883	0.046670467	-0.05674713	0.056446988	-0.06097822	0.05302132	-0.04076336	0.055508375	-0.06375513	0.086037315	-0.043853384	0.045185648	-0.04188724	0.13092731	-0.09658589	0.124130696	-0.09831395	0.047124803	-0.11498461	0.12951373	-0.16411684	0.09097834	-0.30376455	0.28473967	-0.5846087	0.99999887	-0.23327291	0.19091013	-0.26647234	0.26277798	-0.4986037	0.15673673	-0.14610815	0.1163866	-0.1814758	0.17621171	-0.09745916	0.16175821	-0.10595107	0.15773226	-0.16293256	0.12143743
-0.050832238	0.033080634	-0.026324505	0.030764438	-0.026813397	0.031947345	-0.031958017	0.034029018	-0.030258702	0.023039268	-0.03182764	0.035438146	-0.049087	0.025244823	-0.026460426	0.022848055	-0.075330816	0.05148895	-0.06910328	0.07301655	-0.026211422	0.05134451	-0.0603036	0.074748136	-0.07749914	0.11144436	-0.11949438	0.12611696	-0.23327291	0.9999986	-0.09561216	0.114442855	-0.14761376	0.22184323	-0.75667626	0.07728271	-0.069991425	0.108758554	-0.14102665	0.2882952	-0.1022205	0.06339891	-0.11729154	0.12480691	-0.43631437
0.04214634	-0.027782986	0.021545622	-0.025467606	0.021233732	-0.027109249	0.026500782	-0.027435355	0.023975648	-0.01836037	0.026973462	-0.030255647	0.037191093	-0.017709821	0.018452547	-0.024829853	0.0653052	-0.03970797	0.0460816	-0.03568585	0.028131422	-0.050088532	0.05722448	-0.049739413	0.03270176	-0.562546	0.24969313	-0.19444036	0.19091013	-0.09561216	0.999999	-0.50819576	0.23402509	-0.20736755	0.07221671	-0.47410306	0.19791694	-0.15009208	0.11572632	-0.048198253	0.26007062	-0.16659038	0.13080274	-0.10701185	0.06176579
-0.050590027	0.03331764	-0.026012748	0.030643806	-0.02584647	0.032389782	-0.031913653	0.03326283	-0.029199827	0.02229423	-0.032246716	0.03623079	-0.045993548	0.022039566	-0.023047179	0.026659423	-0.079496205	0.048820265	-0.058674816	0.044460323	-0.030395146	0.06170842	-0.071778275	0.06315566	-0.041294917	0.2967309	-0.38305604	0.2450767	-0.26647234	0.114442855	-0.50819576	0.99999905	-0.56383336	0.25329477	-0.0917957	0.22184618	-0.1795243	0.203478	-0.15984152	0.0605148	-0.24890341	0.14450757	-0.18740663	0.13647611	-0.07933766
0.05123441	-0.034018293	0.026472546	-0.031300522	0.026246293	-0.03291876	0.032408815	-0.033917144	0.029665785	-0.022714404	0.03258933	-0.03679476	0.04661066	-0.022524728	0.023459084	-0.026194926	0.07926173	-0.05006856	0.05960553	-0.046955712	0.029702647	-0.06429912	0.07374643	-0.06529502	0.04334475	-0.25835413	0.24777852	-0.31607938	0.26277798	-0.14761376	0.23402509	-0.56383336	0.9999993	-0.461995	0.116549864	-0.17314026	0.14326845	-0.40723708	0.21131477	-0.07734933	0.18131173	-0.12963958	0.23634374	-0.19427386	0.09613997
-0.07009092	0.04577469	-0.036132213	0.042331323	-0.03636709	0.044378888	-0.04410986	0.046425365	-0.041067954	0.031249845	-0.044243697	0.04946722	-0.06585998	0.03218011	-0.03381536	0.033444986	-0.10754857	0.06910412	-0.088347144	0.067247435	-0.038286082	0.07750175	-0.09124634	0.0950766	-0.06404096	0.2192477	-0.25071365	0.2547442	-0.4986037	0.22184323	-0.20736755	0.25329477	-0.461995	0.9999991	-0.24947757	0.15712434	-0.14545448	0.24428497	-0.38200438	0.1316903	-0.20766805	0.12885068	-0.25362718	0.23374447	-0.17113712
0.036126897	-0.023765905	0.018800888	-0.022086013	0.019057997	-0.022863882	0.022805562	-0.024339259	0.021519082	-0.016453147	0.022655634	-0.025360487	0.034677494	-0.018013814	0.018743487	-0.016352	0.05320212	-0.037007954	0.048504602	-0.054230686	0.018702822	-0.03730873	0.043252084	-0.053921226	0.052735325	-0.08698	0.087774545	-0.09635032	0.15673673	-0.75667626	0.07221671	-0.0917957	0.116549864	-0.24947757	0.99999917	-0.058715947	0.05239085	-0.08818102	0.113317624	-0.48497307	0.074313976	-0.04799375	0.08984727	-0.104516834	0.3016199
-0.034339044	0.022279989	-0.017326174	0.020426292	-0.017092787	0.021765003	-0.02130031	0.021984499	-0.019268345	0.014740088	-0.021673765	0.024192253	-0.02976307	0.014123396	-0.014730161	0.018406816	-0.0526505	0.031517282	-0.036348835	0.028177667	-0.021016398	0.0380429	-0.04383597	0.038839955	-0.025781784	0.24329892	-0.16204116	0.13151889	-0.14610815	0.07728271	-0.47410306	0.22184618	-0.17314026	0.15712434	-0.058715947	0.9999988	-0.49434778	0.14123333	-0.105522096	0.04027712	-0.5989307	0.29092348	-0.13505739	0.09847049	-0.052202284
0.028150463	-0.018322596	0.014219476	-0.016797226	0.014003184	-0.017864179	0.017463306	-0.018045047	0.015785119	-0.01209564	0.017736735	-0.019831927	0.024300668	-0.011566279	0.012039655	-0.014962836	0.042686693	-0.02585238	0.02960597	-0.023375748	0.017018648	-0.031081844	0.03557337	-0.03178017	0.021315511	-0.19423366	0.120109506	-0.10934175	0.1163866	-0.069991425	0.19791694	-0.1795243	0.14326845	-0.14545448	0.05239085	-0.49434778	0.99999875	-0.1840831	0.10720903	-0.037235357	0.32060084	-0.7386593	0.15646747	-0.10810453	0.04753522
-0.03616925	0.02362436	-0.018470053	0.02174587	-0.01837029	0.022950714	-0.022617223	0.023585314	-0.02072868	0.015836386	-0.022813674	0.025547303	-0.032535136	0.015694425	-0.016399212	0.018024866	-0.05537152	0.034462117	-0.041394632	0.032617632	-0.020569157	0.0408782	-0.047430966	0.04449226	-0.03024271	0.15435222	-0.14718455	0.15041196	-0.1814758	0.108758554	-0.15009208	0.203478	-0.40723708	0.24428497	-0.08818102	0.14123333	-0.1840831	0.9999986	-0.38131335	0.06793808	-0.17071728	0.15683585	-0.70676917	0.2819889	-0.088808514
0.03530513	-0.023067113	0.018042767	-0.021253005	0.01796557	-0.02237058	0.022059696	-0.0230636	0.020269122	-0.015497619	0.02219891	-0.024859445	0.031831343	-0.015488235	0.016163064	-0.017202912	0.053382844	-0.033791035	0.040798068	-0.033586893	0.019622322	-0.038900983	0.044920154	-0.04408826	0.03120057	-0.13395458	0.12358116	-0.13317792	0.17621171	-0.14102665	0.11572632	-0.15984152	0.21131477	-0.38200438	0.113317624	-0.105522096	0.10720903	-0.38131335	0.9999986	-0.10266999	0.124550395	-0.10474378	0.29477274	-0.7482389	0.12442956
-0.022804936	0.014863997	-0.011727901	0.013770538	-0.011820699	0.01436156	-0.014267537	0.015088965	-0.013333631	0.010187662	-0.0142552145	0.015911588	-0.021260424	0.010780402	-0.0112394	0.010411563	-0.033719838	0.022535855	-0.028669314	0.029222643	-0.011921288	0.023244854	-0.026984345	0.03124402	-0.028003475	0.057103053	-0.057192232	0.061015315	-0.09745916	0.2882952	-0.048198253	0.0605148	-0.07734933	0.1316903	-0.48497307	0.04027712	-0.037235357	0.06793808	-0.10266999	0.9999986	-0.05138301	0.034573484	-0.07613563	0.10189559	-0.809272
0.042012535	-0.02729274	0.021135727	-0.024994869	0.020754386	-0.026625508	0.025969032	-0.026774075	0.02338668	-0.017940177	0.02640937	-0.029515509	0.0357847	-0.016988276	0.017655768	-0.022417124	0.063272044	-0.038143728	0.04303404	-0.03424209	0.025469596	-0.045776952	0.052129615	-0.04623097	0.031030962	-0.2992505	0.17068325	-0.15733732	0.16175821	-0.1022205	0.26007062	-0.24890341	0.18131173	-0.20766805	0.074313976	-0.5989307	0.32060084	-0.17071728	0.124550395	-0.05138301	0.9999986	-0.5479073	0.15693784	-0.12646988	0.0650249
-0.02531365	0.016422752	-0.012769096	0.015063373	-0.012598123	0.016018413	-0.015679523	0.016206944	-0.014199321	0.010870093	-0.01592145	0.017779961	-0.021916382	0.010439667	-0.01087901	0.013210118	-0.038428593	0.023245236	-0.026806915	0.021119408	-0.015055756	0.027690755	-0.031825174	0.028689409	-0.019297717	0.1547356	-0.10385072	0.094828226	-0.10595107	0.06339891	-0.16659038	0.14450757	-0.12963958	0.12885068	-0.04799375	0.29092348	-0.7386593	0.15683585	-0.10474378	0.034573484	-0.5479073	0.9999985	-0.18424009	0.105530806	-0.044593588
0.03402954	-0.022252537	0.017350543	-0.020469524	0.017207593	-0.021598563	0.021239616	-0.022137113	0.019412473	-0.014858443	0.021417717	-0.024005214	0.03029307	-0.014642274	0.015259209	-0.016939435	0.05155673	-0.03225005	0.038191896	-0.031063123	0.019293256	-0.038120277	0.04382176	-0.041277662	0.028634727	-0.1499647	0.12852077	-0.13860434	0.15773226	-0.11729154	0.13080274	-0.18740663	0.23634374	-0.25362718	0.08984727	-0.13505739	0.15646747	-0.70676917	0.29477274	-0.07613563	0.15693784	-0.18424009	0.99999845	-0.49790213	0.09562685
-0.032044154	0.02084675	-0.01634868	0.019215701	-0.016317358	0.02024805	-0.019995177	0.020893415	-0.018405708	0.014050156	-0.020141695	0.022504374	-0.028999664	0.014091149	-0.014738269	0.015565836	-0.04866758	0.030601233	-0.03731461	0.030353006	-0.017796578	0.034866314	-0.040552143	0.04000278	-0.028379934	0.116717815	-0.112772234	0.114923	-0.16293256	0.12480691	-0.10701185	0.13647611	-0.19427386	0.23374447	-0.104516834	0.09847049	-0.10810453	0.2819889	-0.7482389	0.10189559	-0.12646988	0.105530806	-0.49790213	0.99999845	-0.14849085
0.030703282	-0.020089144	0.015828937	-0.018619623	0.015946394	-0.019368043	0.019233752	-0.020391108	0.017989561	-0.013769089	0.019176085	-0.021438947	0.028647084	-0.014666429	0.015247007	-0.013922973	0.04498852	-0.03055818	0.038788706	-0.04161117	0.015919873	-0.03112094	0.0359211	-0.0426788	0.039536245	-0.07560964	0.07293042	-0.079740144	0.12143743	-0.43631437	0.06176579	-0.07933766	0.09613997	-0.17113712	0.3016199	-0.052202284	0.04753522	-0.088808514	0.12442956	-0.809272	0.0650249	-0.044593588	0.09562685	-0.14849085	0.99999845
