1.0000001	-0.15618785	0.11894842	-0.05768922	0.06607423	-0.8520187	0.18783948	-0.14718314	0.14230463	-0.16380242	0.26267263	-0.19602774	0.13780047	-0.123375505	0.10476803	-0.27512026	0.15704517	-0.16013005	0.09803671	-0.0989238	0.15679276	-0.15729792	0.10223188	-0.11009189	0.093398266	-0.10614904	0.099889815	-0.1083561	0.072658285	-0.063588575	0.079008535	-0.08407636	0.08833845	-0.074823216	0.07428567	-0.06294855	0.067888014	-0.072106704	0.060218662	-0.06263546	0.042736426	-0.046359025	0.09513492	-0.06470108	0.09729376
-0.15618785	0.9999998	-0.71558475	0.18156189	-0.21584107	0.12618703	-0.4031371	0.29604512	-0.30101302	0.21008462	-0.18903378	0.21911183	-0.23570685	0.18849319	-0.15890352	0.17681934	-0.18344864	0.20833279	-0.14921585	0.14009504	-0.18241869	0.16352965	-0.13391113	0.13733159	-0.1276243	0.11880738	-0.120491475	0.12979785	-0.09550621	0.08420638	-0.09709482	0.10117092	-0.11410999	0.096068494	-0.09994482	0.0768452	-0.08570868	0.09206292	-0.08008394	0.08255924	-0.05359812	0.056974366	-0.12730648	0.085080646	-0.13313407
0.11894842	-0.71558475	0.9999998	-0.24270514	0.19911258	-0.10211343	0.25830588	-0.471625	0.25506824	-0.2146031	0.15090711	-0.19246241	0.22768687	-0.1919315	0.14680369	-0.15647998	0.15370385	-0.2153875	0.14175728	-0.13781178	0.15166707	-0.14796244	0.12347628	-0.12875314	0.11349352	-0.10569954	0.106371574	-0.120687984	0.085720375	-0.075699635	0.08529053	-0.09042154	0.10115262	-0.08675643	0.088728756	-0.06837933	0.07556452	-0.08192287	0.07110597	-0.07384425	0.047458433	-0.05092385	0.111551605	-0.07588876	0.117460914
-0.05768922	0.18156189	-0.24270514	0.99999994	-0.9019797	0.048371542	-0.10813598	0.14756194	-0.27208805	0.14509907	-0.07211458	0.08544922	-0.10524021	0.11837592	-0.08959622	0.07662719	-0.07606304	0.10942675	-0.08305817	0.0841132	-0.07873265	0.07515936	-0.065587305	0.07083423	-0.06359069	0.056031696	-0.056347992	0.0645801	-0.04748715	0.04235626	-0.046008896	0.048910607	-0.055546552	0.048135698	-0.049744826	0.03726458	-0.041292537	0.04521753	-0.03988624	0.041490827	-0.026067669	0.0280091	-0.06211523	0.04265249	-0.06697345
0.06607423	-0.21584107	0.19911258	-0.9019797	1.0	-0.055716444	0.12027423	-0.16091436	0.21792425	-0.1820659	0.08250593	-0.09774222	0.11583359	-0.1344196	0.10416159	-0.08956007	0.087786965	-0.12792695	0.09417463	-0.0993512	0.09170496	-0.08841658	0.076825	-0.08428518	0.0751878	-0.06608196	0.066221885	-0.07639561	0.056243762	-0.050241288	0.054258775	-0.05785411	0.065682225	-0.057151612	0.05898165	-0.044124413	0.048821744	-0.053600445	0.047360756	-0.049324475	0.030888036	-0.033255268	0.073561	-0.05072664	0.07973755
-0.8520187	0.12618703	-0.10211343	0.048371542	-0.055716444	0.99999976	-0.20374608	0.12478308	-0.120463505	0.124849	-0.38301823	0.18337688	-0.12276934	0.100792915	-0.0848232	0.21923089	-0.14024259	0.1284111	-0.08056279	0.07871512	-0.1371155	0.12771001	-0.08302468	0.086983435	-0.075272836	0.08592614	-0.082073815	0.08629188	-0.058339983	0.050909095	-0.06450331	0.06767339	-0.07140368	0.05974188	-0.0596817	0.050618332	-0.054982528	0.05791935	-0.04829238	0.05003326	-0.034389164	0.037026003	-0.076961674	0.051686727	-0.07789942
0.18783948	-0.4031371	0.25830588	-0.10813598	0.12027423	-0.20374608	0.9999997	-0.41438583	0.24688895	-0.23517814	0.26303518	-0.5906664	0.2803586	-0.21719107	0.16360451	-0.26993802	0.23775029	-0.26469973	0.16226165	-0.15590043	0.20295815	-0.2293491	0.15198967	-0.15661763	0.13376147	-0.14012407	0.13873415	-0.15302767	0.10287082	-0.09005455	0.107778706	-0.11476531	0.12335452	-0.10476651	0.10491712	-0.08561912	0.09340697	-0.09984914	0.084370255	-0.087694585	0.058426928	-0.06297747	0.13300896	-0.09019994	0.13652521
-0.14718314	0.29604512	-0.471625	0.14756194	-0.16091436	0.12478308	-0.41438583	0.99999994	-0.39862722	0.22516735	-0.19568615	0.25601354	-0.5288598	0.24707766	-0.1796996	0.18370588	-0.19433123	0.26245368	-0.18761808	0.1620323	-0.18075226	0.17163093	-0.15174305	0.14596227	-0.13121922	0.12187626	-0.12499074	0.1390958	-0.098526925	0.08651813	-0.098579735	0.10362124	-0.116381496	0.09867622	-0.10134659	0.078056686	-0.086689055	0.09336104	-0.080718465	0.083584756	-0.054030824	0.057645734	-0.12733626	0.08569275	-0.13205431
0.14230463	-0.30101302	0.25506824	-0.27208805	0.21792425	-0.120463505	0.24688895	-0.39862722	0.9999998	-0.43940932	0.17975166	-0.21539746	0.27685326	-0.4386525	0.2562115	-0.19804491	0.19540046	-0.3101097	0.24725898	-0.2606212	0.20454	-0.19902056	0.17856656	-0.19622426	0.17373003	-0.1498788	0.15051053	-0.1763919	0.12947027	-0.116086975	0.123238444	-0.1319211	0.1500851	-0.13154635	0.13540477	-0.10055148	0.111162476	-0.12251826	0.108511955	-0.11332597	0.070361964	-0.07588505	0.16768295	-0.11629893	0.18234043
-0.16380242	0.21008462	-0.2146031	0.14509907	-0.1820659	0.124849	-0.23517814	0.22516735	-0.43940932	0.9999998	-0.18844226	0.1882774	-0.2261167	0.26389626	-0.5394401	0.19196321	-0.20360938	0.2546256	-0.25153607	0.26902738	-0.24856295	0.1948724	-0.19014645	0.20972227	-0.2331585	0.16691759	-0.17098865	0.1846838	-0.16230999	0.14826599	-0.14931802	0.1542987	-0.19000025	0.16136885	-0.18329503	0.12095601	-0.13894476	0.15484883	-0.14644447	0.14932236	-0.087388426	0.091549784	-0.2295937	0.15474425	-0.2679986
0.26267263	-0.18903378	0.15090711	-0.07211458	0.08250593	-0.38301823	0.26303518	-0.19568615	0.17975166	-0.18844226	0.99999994	-0.47016403	0.20136125	-0.16167067	0.12937756	-0.6117096	0.24448103	-0.21194515	0.12621813	-0.12225463	0.22707598	-0.22197811	0.13159473	-0.13601045	0.115329586	-0.14228313	0.13251391	-0.13828231	0.09012853	-0.07830912	0.102306336	-0.107732505	0.11098082	-0.09251441	0.091320455	-0.079842016	0.085957	-0.0899394	0.07392732	-0.0766706	0.05352352	-0.05777206	0.11787301	-0.07915159	0.11788039
-0.19602774	0.21911183	-0.19246241	0.08544922	-0.09774222	0.18337688	-0.5906664	0.25601354	-0.21539746	0.1882774	-0.47016403	0.9999998	-0.37870023	0.1916923	-0.14422421	0.27308446	-0.34680977	0.23651719	-0.14900737	0.13281216	-0.20736991	0.2241031	-0.14012727	0.13629015	-0.11876802	0.13040365	-0.13172555	0.13673016	-0.09139636	0.07941373	-0.09962409	0.10427922	-0.11117871	0.09248946	-0.09280354	0.07731563	-0.08476374	0.089164555	-0.07451513	0.077066235	-0.052478723	0.05611334	-0.11894788	0.07929773	-0.11947279
0.13780047	-0.23570685	0.22768687	-0.10524021	0.11583359	-0.12276934	0.2803586	-0.5288598	0.27685326	-0.2261167	0.20136125	-0.37870023	0.9999997	-0.41831455	0.19461432	-0.19834198	0.20773831	-0.47818536	0.23391901	-0.19075239	0.1821697	-0.18702884	0.17734988	-0.16226213	0.13581951	-0.12837857	0.1324237	-0.15784343	0.10322864	-0.09002484	0.10191665	-0.10844421	0.12064512	-0.1031843	0.10373629	-0.080674306	0.089066155	-0.09620387	0.08225183	-0.08556154	0.055234365	-0.05914358	0.12893058	-0.08727617	0.13211429
-0.123375505	0.18849319	-0.1919315	0.11837592	-0.1344196	0.100792915	-0.21719107	0.24707766	-0.4386525	0.26389626	-0.16167067	0.1916923	-0.41831455	0.99999976	-0.35786885	0.15876272	-0.17380928	0.28601885	-0.573704	0.28778914	-0.17198528	0.15723465	-0.15792376	0.1527717	-0.14541066	0.11909159	-0.12338531	0.14116544	-0.10401551	0.09358259	-0.09870662	0.10399187	-0.11983121	0.10333332	-0.108056575	0.07872286	-0.08799904	0.09601916	-0.08492624	0.08838101	-0.054847453	0.058412038	-0.13219146	0.089873694	-0.13979004
0.10476803	-0.15890352	0.14680369	-0.08959622	0.10416159	-0.0848232	0.16360451	-0.1796996	0.2562115	-0.5394401	0.12937756	-0.14422421	0.19461432	-0.35786885	0.9999998	-0.13840176	0.14488143	-0.2479969	0.28972784	-0.6248222	0.15760706	-0.1428763	0.14271979	-0.1564235	0.1545863	-0.11397902	0.1163122	-0.13657825	0.106454976	-0.10030722	0.096212424	-0.102337815	0.119856425	-0.10678446	0.11257866	-0.07825204	0.08750532	-0.097300656	0.08838436	-0.09307955	0.054997038	-0.058826216	0.13493559	-0.094102375	0.1481443
-0.27512026	0.17681934	-0.15647998	0.07662719	-0.08956007	0.21923089	-0.26993802	0.18370588	-0.19804491	0.19196321	-0.6117096	0.27308446	-0.19834198	0.15876272	-0.13840176	0.9999997	-0.3904285	0.21147211	-0.1322421	0.12579928	-0.4273006	0.26475158	-0.15217097	0.15209404	-0.13414477	0.18632993	-0.1732768	0.1600711	-0.10537994	0.09064238	-0.13245702	0.13279575	-0.13435677	0.107758425	-0.106709875	0.09819273	-0.10663467	0.107749164	-0.08670686	0.089064404	-0.06532023	0.069418654	-0.14196797	0.09233312	-0.13681342
0.15704517	-0.18344864	0.15370385	-0.07606304	0.087786965	-0.14024259	0.23775029	-0.19433123	0.19540046	-0.20360938	0.24448103	-0.34680977	0.20773831	-0.17380928	0.14488143	-0.3904285	0.99999964	-0.29569677	0.14602643	-0.13803189	0.2740482	-0.6863756	0.17274128	-0.16790892	0.13887635	-0.18771902	0.19688995	-0.1861867	0.11052409	-0.09461535	0.13261475	-0.14252771	0.13964114	-0.11340049	0.10985701	-0.1009521	0.1086383	-0.11150573	0.088945664	-0.09195536	0.066369414	-0.071309924	0.1433929	-0.09487538	0.13857111
-0.16013005	0.20833279	-0.2153875	0.10942675	-0.12792695	0.1284111	-0.26469973	0.26245368	-0.3101097	0.2546256	-0.21194515	0.23651719	-0.47818536	0.28601885	-0.2479969	0.21147211	-0.29569677	0.99999976	-0.37269253	0.22923054	-0.24777181	0.22790499	-0.39647332	0.2340996	-0.19939569	0.17403008	-0.19484401	0.23442662	-0.15176722	0.12862772	-0.14346512	0.15080462	-0.17468527	0.14600202	-0.14841586	0.11150908	-0.1252477	0.13508387	-0.1157011	0.11953292	-0.07642964	0.080873206	-0.18244645	0.121094756	-0.1823567
0.09803671	-0.14921585	0.14175728	-0.08305817	0.09417463	-0.08056279	0.16226165	-0.18761808	0.24725898	-0.25153607	0.12621813	-0.14900737	0.23391901	-0.573704	0.28972784	-0.1322421	0.14602643	-0.37269253	0.9999998	-0.59257936	0.14529441	-0.13714626	0.15114547	-0.14588693	0.13528916	-0.105181634	0.10953816	-0.1331251	0.09462996	-0.08719992	0.08672059	-0.09243594	0.106485635	-0.093912676	0.09671266	-0.06950152	0.077399634	-0.085154794	0.07533963	-0.07927913	0.048130114	-0.051460706	0.11565225	-0.07978734	0.1219273
-0.0989238	0.14009504	-0.13781178	0.0841132	-0.0993512	0.07871512	-0.15590043	0.1620323	-0.2606212	0.26902738	-0.12225463	0.13281216	-0.19075239	0.28778914	-0.6248222	0.12579928	-0.13803189	0.22923054	-0.59257936	0.9999998	-0.14800411	0.12934075	-0.13895686	0.14397068	-0.16881135	0.104257986	-0.10842358	0.12469205	-0.10177622	0.09923404	-0.08881159	0.093750015	-0.11126885	0.09974692	-0.107778415	0.07151353	-0.08046935	0.0893179	-0.08196812	0.08674148	-0.050131623	0.05332693	-0.12391802	0.086276144	-0.13419783
0.15679276	-0.18241869	0.15166707	-0.07873265	0.09170496	-0.1371155	0.20295815	-0.18075226	0.20454	-0.24856295	0.22707598	-0.20736991	0.1821697	-0.17198528	0.15760706	-0.4273006	0.2740482	-0.24777181	0.14529441	-0.14800411	0.99999964	-0.42422417	0.20319553	-0.21597685	0.1733668	-0.50233865	0.2779782	-0.25646368	0.14344914	-0.12212876	0.21852559	-0.2268158	0.19222607	-0.15281944	0.14134906	-0.16361819	0.16150919	-0.15844841	0.11707617	-0.1213014	0.09896956	-0.10883662	0.19032733	-0.12643829	0.17668281
-0.15729792	0.16352965	-0.14796244	0.07515936	-0.08841658	0.12771001	-0.2293491	0.17163093	-0.19902056	0.1948724	-0.22197811	0.2241031	-0.18702884	0.15723465	-0.1428763	0.26475158	-0.6863756	0.22790499	-0.13714626	0.12934075	-0.42422417	0.9999995	-0.19480467	0.17699721	-0.15569444	0.23222879	-0.31378952	0.20697892	-0.12492682	0.105305344	-0.16884123	0.17205961	-0.16651101	0.12719658	-0.12399789	0.12023805	-0.13232967	0.12967224	-0.10086317	0.10287031	-0.078723654	0.082751766	-0.16836113	0.10672792	-0.15503393
0.10223188	-0.13391113	0.12347628	-0.065587305	0.076825	-0.08302468	0.15198967	-0.15174305	0.17856656	-0.19014645	0.13159473	-0.14012727	0.17734988	-0.15792376	0.14271979	-0.15217097	0.17274128	-0.39647332	0.15114547	-0.13895686	0.20319553	-0.19480467	0.9999994	-0.5102837	0.21078672	-0.20333129	0.23714586	-0.5979829	0.18781684	-0.14585494	0.15366088	-0.17619403	0.20042962	-0.17770864	0.15372504	-0.11991357	0.13124378	-0.14811915	0.11762027	-0.12411943	0.07743567	-0.083390824	0.17936638	-0.122521974	0.16630921
-0.11009189	0.13733159	-0.12875314	0.07083423	-0.08428518	0.086983435	-0.15661763	0.14596227	-0.19622426	0.20972227	-0.13601045	0.13629015	-0.16226213	0.1527717	-0.1564235	0.15209404	-0.16790892	0.2340996	-0.14588693	0.14397068	-0.21597685	0.17699721	-0.5102837	0.9999992	-0.44449422	0.18144064	-0.210726	0.27218938	-0.40925595	0.25352466	-0.16893229	0.18225946	-0.25645384	0.26160207	-0.25771683	0.13575205	-0.1566303	0.18438789	-0.17572351	0.18577282	-0.09312407	0.09858863	-0.24798182	0.17324792	-0.24137478
0.093398266	-0.1276243	0.11349352	-0.06359069	0.0751878	-0.075272836	0.13376147	-0.13121922	0.17373003	-0.2331585	0.115329586	-0.11876802	0.13581951	-0.14541066	0.1545863	-0.13414477	0.13887635	-0.19939569	0.13528916	-0.16881135	0.1733668	-0.15569444	0.21078672	-0.44449422	0.99999917	-0.15432443	0.1572957	-0.2111132	0.28445572	-0.61390704	0.13826741	-0.15844627	0.2040064	-0.27943203	0.28653798	-0.120550156	0.13271452	-0.16768095	0.17962468	-0.24164265	0.081752114	-0.09061017	0.20541847	-0.19195616	0.22681405
-0.10614904	0.11880738	-0.10569954	0.056031696	-0.06608196	0.08592614	-0.14012407	0.12187626	-0.1498788	0.16691759	-0.14228313	0.13040365	-0.12837857	0.11909159	-0.11397902	0.18632993	-0.18771902	0.17403008	-0.105181634	0.104257986	-0.50233865	0.23222879	-0.20333129	0.18144064	-0.15432443	0.99999905	-0.57780105	0.25113624	-0.13385527	0.10862545	-0.4247902	0.27478114	-0.21001725	0.14139332	-0.12756948	0.19094318	-0.19635448	0.16063522	-0.10731349	0.10770343	-0.108263776	0.11005769	-0.19032231	0.11351771	-0.15235916
0.099889815	-0.120491475	0.106371574	-0.056347992	0.066221885	-0.082073815	0.13873415	-0.12499074	0.15051053	-0.17098865	0.13251391	-0.13172555	0.1324237	-0.12338531	0.1163122	-0.1732768	0.19688995	-0.19484401	0.10953816	-0.10842358	0.2779782	-0.31378952	0.23714586	-0.210726	0.1572957	-0.57780105	0.99999887	-0.49359605	0.14010552	-0.112744704	0.2592428	-0.36974016	0.21762013	-0.15089533	0.12894768	-0.17179036	0.17658831	-0.1632308	0.10718839	-0.109317526	0.09642368	-0.10324839	0.18096247	-0.113813326	0.15013982
-0.1083561	0.12979785	-0.120687984	0.0645801	-0.07639561	0.08629188	-0.15302767	0.1390958	-0.1763919	0.1846838	-0.13828231	0.13673016	-0.15784343	0.14116544	-0.13657825	0.1600711	-0.1861867	0.23442662	-0.1331251	0.12469205	-0.25646368	0.20697892	-0.5979829	0.27218938	-0.2111132	0.25113624	-0.49359605	0.999999	-0.19120654	0.1436634	-0.20437926	0.22331898	-0.29406792	0.18266596	-0.16292533	0.14593019	-0.16608708	0.17947678	-0.12939599	0.13117242	-0.093403615	0.098027974	-0.21740964	0.13365225	-0.18112318
0.072658285	-0.09550621	0.085720375	-0.04748715	0.056243762	-0.058339983	0.10287082	-0.098526925	0.12947027	-0.16230999	0.09012853	-0.09139636	0.10322864	-0.10401551	0.106454976	-0.10537994	0.11052409	-0.15176722	0.09462996	-0.10177622	0.14344914	-0.12492682	0.18781684	-0.40925595	0.28445572	-0.13385527	0.14010552	-0.19120654	0.999999	-0.45095158	0.12805974	-0.15511575	0.23317167	-0.65140224	0.2670434	-0.11172862	0.12483691	-0.17112009	0.17002623	-0.19718303	0.0728439	-0.08035819	0.18884294	-0.16455714	0.18997946
-0.063588575	0.08420638	-0.075699635	0.04235626	-0.050241288	0.050909095	-0.09005455	0.08651813	-0.116086975	0.14826599	-0.07830912	0.07941373	-0.09002484	0.09358259	-0.10030722	0.09064238	-0.09461535	0.12862772	-0.08719992	0.09923404	-0.12212876	0.105305344	-0.14585494	0.25352466	-0.61390704	0.10862545	-0.112744704	0.1436634	-0.45095158	0.9999991	-0.10424166	0.11948093	-0.1754464	0.26791993	-0.5116915	0.09079081	-0.10275827	0.13496691	-0.17338221	0.22271188	-0.061232224	0.06714859	-0.16665657	0.1575126	-0.19675514
0.079008535	-0.09709482	0.08529053	-0.046008896	0.054258775	-0.06450331	0.107778706	-0.098579735	0.123238444	-0.14931802	0.102306336	-0.09962409	0.10191665	-0.09870662	0.096212424	-0.13245702	0.13261475	-0.14346512	0.08672059	-0.08881159	0.21852559	-0.16884123	0.15366088	-0.16893229	0.13826741	-0.4247902	0.2592428	-0.20437926	0.12805974	-0.10424166	0.9999987	-0.61322623	0.23586157	-0.1517092	0.122057036	-0.4639146	0.28244638	-0.20379797	0.108553424	-0.108603895	0.15308595	-0.16399188	0.19470593	-0.11714571	0.14284292
-0.08407636	0.10117092	-0.09042154	0.048910607	-0.05785411	0.06767339	-0.11476531	0.10362124	-0.1319211	0.1542987	-0.107732505	0.10427922	-0.10844421	0.10399187	-0.102337815	0.13279575	-0.14252771	0.15080462	-0.09243594	0.093750015	-0.2268158	0.17205961	-0.17619403	0.18225946	-0.15844627	0.27478114	-0.36974016	0.22331898	-0.15511575	0.11948093	-0.61322623	0.99999875	-0.4123443	0.18003322	-0.14269455	0.2725382	-0.3668331	0.23612791	-0.12596007	0.122582674	-0.14267883	0.14410627	-0.23620068	0.13173242	-0.1614353
0.08833845	-0.11410999	0.10115262	-0.055546552	0.065682225	-0.07140368	0.12335452	-0.116381496	0.1500851	-0.19000025	0.11098082	-0.11117871	0.12064512	-0.11983121	0.119856425	-0.13435677	0.13964114	-0.17468527	0.106485635	-0.11126885	0.19222607	-0.16651101	0.20042962	-0.25645384	0.2040064	-0.21001725	0.21762013	-0.29406792	0.23317167	-0.1754464	0.23586157	-0.4123443	0.9999989	-0.41595536	0.1998859	-0.21619786	0.24083301	-0.5269237	0.18042739	-0.18078664	0.12103225	-0.13687465	0.29443663	-0.19111986	0.20451532
-0.074823216	0.096068494	-0.08675643	0.048135698	-0.057151612	0.05974188	-0.10476651	0.09867622	-0.13154635	0.16136885	-0.09251441	0.09248946	-0.1031843	0.10333332	-0.10678446	0.107758425	-0.11340049	0.14600202	-0.093912676	0.09974692	-0.15281944	0.12719658	-0.17770864	0.26160207	-0.27943203	0.14139332	-0.15089533	0.18266596	-0.65140224	0.26791993	-0.1517092	0.18003322	-0.41595536	0.99999917	-0.35842863	0.128739	-0.15143313	0.2111668	-0.23463507	0.21742441	-0.0838128	0.09080414	-0.24089517	0.18978626	-0.22340932
0.07428567	-0.09994482	0.088728756	-0.049744826	0.05898165	-0.0596817	0.10491712	-0.10134659	0.13540477	-0.18329503	0.091320455	-0.09280354	0.10373629	-0.108056575	0.11257866	-0.106709875	0.10985701	-0.14841586	0.09671266	-0.107778415	0.14134906	-0.12399789	0.15372504	-0.25771683	0.28653798	-0.12756948	0.12894768	-0.16292533	0.2670434	-0.5116915	0.122057036	-0.14269455	0.1998859	-0.35842863	0.999999	-0.11046673	0.12302354	-0.17094965	0.25132227	-0.54820853	0.073938474	-0.08248894	0.20100904	-0.2419943	0.2517348
-0.06294855	0.0768452	-0.06837933	0.03726458	-0.044124413	0.050618332	-0.08561912	0.078056686	-0.10055148	0.12095601	-0.079842016	0.07731563	-0.080674306	0.07872286	-0.07825204	0.09819273	-0.1009521	0.11150908	-0.06950152	0.07151353	-0.16361819	0.12023805	-0.11991357	0.13575205	-0.120550156	0.19094318	-0.17179036	0.14593019	-0.11172862	0.09079081	-0.4639146	0.2725382	-0.21619786	0.128739	-0.11046673	0.99999905	-0.6876881	0.22242643	-0.10541562	0.099243455	-0.31774294	0.23495565	-0.22435372	0.11165601	-0.13216554
0.067888014	-0.08570868	0.07556452	-0.041292537	0.048821744	-0.054982528	0.09340697	-0.086689055	0.111162476	-0.13894476	0.085957	-0.08476374	0.089066155	-0.08799904	0.08750532	-0.10663467	0.1086383	-0.1252477	0.077399634	-0.08046935	0.16150919	-0.13232967	0.13124378	-0.1566303	0.13271452	-0.19635448	0.17658831	-0.16608708	0.12483691	-0.10275827	0.28244638	-0.3668331	0.24083301	-0.15143313	0.12302354	-0.6876881	0.99999917	-0.3811168	0.12129634	-0.11567288	0.21547902	-0.26777056	0.23939289	-0.13132876	0.1458553
-0.072106704	0.09206292	-0.08192287	0.04521753	-0.053600445	0.05791935	-0.09984914	0.09336104	-0.12251826	0.15484883	-0.0899394	0.089164555	-0.09620387	0.09601916	-0.097300656	0.107749164	-0.11150573	0.13508387	-0.085154794	0.0893179	-0.15844841	0.12967224	-0.14811915	0.18438789	-0.16768095	0.16063522	-0.1632308	0.17947678	-0.17112009	0.13496691	-0.20379797	0.23612791	-0.5269237	0.2111668	-0.17094965	0.22242643	-0.3811168	0.9999989	-0.21637143	0.16612853	-0.12945352	0.14170218	-0.6078702	0.2028535	-0.19862638
0.060218662	-0.08008394	0.07110597	-0.03988624	0.047360756	-0.04829238	0.084370255	-0.080718465	0.108511955	-0.14644447	0.07392732	-0.07451513	0.08225183	-0.08492624	0.08838436	-0.08670686	0.088945664	-0.1157011	0.07533963	-0.08196812	0.11707617	-0.10086317	0.11762027	-0.17572351	0.17962468	-0.10731349	0.10718839	-0.12939599	0.17002623	-0.17338221	0.108553424	-0.12596007	0.18042739	-0.23463507	0.25132227	-0.10541562	0.12129634	-0.21637143	0.9999989	-0.5731253	0.06923469	-0.07804329	0.23043534	-0.63675743	0.29463646
-0.06263546	0.08255924	-0.07384425	0.041490827	-0.049324475	0.05003326	-0.087694585	0.083584756	-0.11332597	0.14932236	-0.0766706	0.077066235	-0.08556154	0.08838101	-0.09307955	0.089064404	-0.09195536	0.11953292	-0.07927913	0.08674148	-0.1213014	0.10287031	-0.12411943	0.18577282	-0.24164265	0.10770343	-0.109317526	0.13117242	-0.19718303	0.22271188	-0.108603895	0.122582674	-0.18078664	0.21742441	-0.54820853	0.099243455	-0.11567288	0.16612853	-0.5731253	0.9999986	-0.06753896	0.07438327	-0.21670927	0.29260823	-0.40396556
0.042736426	-0.05359812	0.047458433	-0.026067669	0.030888036	-0.034389164	0.058426928	-0.054030824	0.070361964	-0.087388426	0.05352352	-0.052478723	0.055234365	-0.054847453	0.054997038	-0.06532023	0.066369414	-0.07642964	0.048130114	-0.050131623	0.09896956	-0.078723654	0.07743567	-0.09312407	0.081752114	-0.108263776	0.09642368	-0.093403615	0.0728439	-0.061232224	0.15308595	-0.14267883	0.12103225	-0.0838128	0.073938474	-0.31774294	0.21547902	-0.12945352	0.06923469	-0.06753896	0.9999986	-0.8958142	0.14363514	-0.07662334	0.09222746
-0.046359025	0.056974366	-0.05092385	0.0280091	-0.033255268	0.037026003	-0.06297747	0.057645734	-0.07588505	0.091549784	-0.05777206	0.05611334	-0.05914358	0.058412038	-0.058826216	0.069418654	-0.071309924	0.080873206	-0.051460706	0.05332693	-0.10883662	0.082751766	-0.083390824	0.09858863	-0.09061017	0.11005769	-0.10324839	0.098027974	-0.08035819	0.06714859	-0.16399188	0.14410627	-0.13687465	0.09080414	-0.08248894	0.23495565	-0.26777056	0.14170218	-0.07804329	0.07438327	-0.8958142	0.99999887	-0.17865428	0.0851989	-0.10421118
0.09513492	-0.12730648	0.111551605	-0.06211523	0.073561	-0.076961674	0.13300896	-0.12733626	0.16768295	-0.2295937	0.11787301	-0.11894788	0.12893058	-0.13219146	0.13493559	-0.14196797	0.1433929	-0.18244645	0.11565225	-0.12391802	0.19032733	-0.16836113	0.17936638	-0.24798182	0.20541847	-0.19032231	0.18096247	-0.21740964	0.18884294	-0.16665657	0.19470593	-0.23620068	0.29443663	-0.24089517	0.20100904	-0.22435372	0.23939289	-0.6078702	0.23043534	-0.21670927	0.14363514	-0.17865428	0.99999887	-0.35161355	0.2598686
-0.06470108	0.085080646	-0.07588876	0.04265249	-0.05072664	0.051686727	-0.09019994	0.08569275	-0.11629893	0.15474425	-0.07915159	0.07929773	-0.08727617	0.089873694	-0.094102375	0.09233312	-0.09487538	0.121094756	-0.07978734	0.086276144	-0.12643829	0.10672792	-0.122521974	0.17324792	-0.19195616	0.11351771	-0.113813326	0.13365225	-0.16455714	0.1575126	-0.11714571	0.13173242	-0.19111986	0.18978626	-0.2419943	0.11165601	-0.13132876	0.2028535	-0.63675743	0.29260823	-0.07662334	0.0851989	-0.35161355	0.9999987	-0.534708
0.09729376	-0.13313407	0.117460914	-0.06697345	0.07973755	-0.07789942	0.13652521	-0.13205431	0.18234043	-0.2679986	0.11788039	-0.11947279	0.13211429	-0.13979004	0.1481443	-0.13681342	0.13857111	-0.1823567	0.1219273	-0.13419783	0.17668281	-0.15503393	0.16630921	-0.24137478	0.22681405	-0.15235916	0.15013982	-0.18112318	0.18997946	-0.19675514	0.14284292	-0.1614353	0.20451532	-0.22340932	0.2517348	-0.13216554	0.1458553	-0.19862638	0.29463646	-0.40396556	0.09222746	-0.10421118	0.2598686	-0.534708	0.9999987
