1.0	-0.22423887	0.17786144	-0.08887105	0.08698782	-0.8819412	0.24725688	-0.20522706	0.10480371	-0.11549823	0.07349246	-0.18945934	0.14171638	-0.09909325	0.09185206	-0.072182536	0.104273714	-0.12898058	0.11650513	-0.10518173	0.09733077	-0.10280437	0.08596105	-0.081452794	0.09165441	-0.06834975	0.06358417	-0.051705014	0.067761324	-0.078669876	0.06307004	-0.063988864	0.071351945	-0.0642475	0.06158585	-0.062415503	0.05301382	-0.044898164	0.06275472	-0.056640655	0.045240346	-0.04320943	0.051439725	-0.040344715	0.0513009
-0.22423887	0.9999998	-0.8250266	0.14896479	-0.15047374	0.18523774	-0.3910796	0.20442212	-0.119699836	0.12123315	-0.06655149	0.17726904	-0.14731815	0.10242074	-0.095127694	0.06356359	-0.10041135	0.12110826	-0.116718434	0.10076878	-0.091656804	0.09482258	-0.08270584	0.07756723	-0.08847517	0.06245618	-0.059269093	0.047947887	-0.063448526	0.07304019	-0.058519237	0.05861564	-0.06613887	0.059388835	-0.057333406	0.05688266	-0.048808917	0.0413711	-0.058059182	0.05212789	-0.041642226	0.039571516	-0.04749349	0.03721477	-0.0474405
0.17786144	-0.8250266	0.99999994	-0.22204982	0.16963893	-0.18766409	0.26422077	-0.24713418	0.14103486	-0.15294768	0.07802505	-0.21655665	0.16417024	-0.12382059	0.11381561	-0.07717797	0.11782604	-0.14898589	0.13697499	-0.12589717	0.10822808	-0.11621923	0.09862492	-0.0941914	0.10669355	-0.07632213	0.07180663	-0.05854901	0.07700165	-0.090206005	0.070469275	-0.07199259	0.08041025	-0.072765954	0.07000395	-0.069960415	0.05954944	-0.050548896	0.07079221	-0.06421712	0.050747614	-0.048521254	0.05787615	-0.045522526	0.057895217
-0.08887105	0.14896479	-0.22204982	0.9999999	-0.8681499	0.08075442	-0.13220531	0.13687184	-0.29352203	0.23190844	-0.05536271	0.12708068	-0.12800862	0.15745172	-0.15084204	0.0531901	-0.08824595	0.11791004	-0.14656429	0.13140409	-0.087938584	0.08793737	-0.088524535	0.086784296	-0.1090392	0.06144943	-0.06295085	0.051251464	-0.06976968	0.08276454	-0.05918418	0.061542094	-0.0713831	0.06450279	-0.06436624	0.05841595	-0.05133136	0.04436568	-0.06348638	0.05733134	-0.043725133	0.041543927	-0.051103864	0.04053752	-0.0521209
0.08698782	-0.15047374	0.16963893	-0.8681499	0.9999995	-0.082824	0.12817888	-0.14291532	0.22901002	-0.31403676	0.05826556	-0.13661158	0.1289442	-0.16183479	0.15525268	-0.05678968	0.09257065	-0.12566577	0.1454799	-0.14707837	0.09214816	-0.09430094	0.09195043	-0.091500096	0.11418221	-0.0658931	0.06679574	-0.054752655	0.07399354	-0.089699976	0.06276559	-0.06617957	0.07597426	-0.06916044	0.06866726	-0.062937535	0.054884527	-0.047455307	0.06769929	-0.061876874	0.04672137	-0.04462061	0.054522134	-0.043389574	0.055617806
-0.8819412	0.18523774	-0.18766409	0.08075442	-0.082824	0.9999994	-0.33748198	0.17924944	-0.095953815	0.09944492	-0.06763748	0.1618757	-0.13389504	0.08818392	-0.08224505	0.06337872	-0.09375104	0.11107766	-0.10585113	0.09003751	-0.08781716	0.088758126	-0.07668417	0.0713797	-0.08111391	0.059408445	-0.055853866	0.045036566	-0.059454776	0.067797095	-0.055759013	0.055372674	-0.062494908	0.055786688	-0.05372261	0.05390866	-0.046225376	0.039103616	-0.054807536	0.04891358	-0.03950226	0.03746734	-0.044940528	0.03510709	-0.044766936
0.24725688	-0.3910796	0.26422077	-0.13220531	0.12817888	-0.33748198	0.99999946	-0.5674512	0.17278598	-0.17779347	0.11737315	-0.4170065	0.27467084	-0.16535223	0.14413889	-0.1137295	0.17873782	-0.21442561	0.18312728	-0.15719053	0.14934167	-0.16517693	0.13459039	-0.12548628	0.13611971	-0.10143844	0.09360218	-0.07589221	0.09936247	-0.1141235	0.09298768	-0.09244436	0.10285416	-0.09298672	0.088659525	-0.09027101	0.07660695	-0.06446917	0.08977362	-0.081051216	0.065206975	-0.062130433	0.07374861	-0.057689305	0.07320175
-0.20522706	0.20442212	-0.24713418	0.13687184	-0.14291532	0.17924944	-0.5674512	0.99999964	-0.26017603	0.1998458	-0.11008892	0.28750196	-0.5797092	0.21512161	-0.18171547	0.10180442	-0.18134028	0.2323358	-0.22680083	0.17027651	-0.15529518	0.15883093	-0.15390798	0.13840188	-0.15272659	0.101357006	-0.09848496	0.079224095	-0.1062656	0.11977852	-0.09637315	0.094745636	-0.1082015	0.097194426	-0.09405	0.09135729	-0.079269245	0.06708397	-0.09438607	0.08425291	-0.06750704	0.06377164	-0.07710017	0.06029185	-0.07696984
0.10480371	-0.119699836	0.14103486	-0.29352203	0.22901002	-0.095953815	0.17278598	-0.26017603	0.99999994	-0.60224926	0.08279707	-0.1971902	0.22839099	-0.5475038	0.29364845	-0.08006615	0.13850148	-0.2041146	0.25163355	-0.24674085	0.13214357	-0.13895449	0.14321998	-0.14818607	0.17571543	-0.09331518	0.096233055	-0.07940467	0.10828808	-0.13225792	0.08886215	-0.093797214	0.108003885	-0.09964437	0.09903915	-0.0885693	0.077573836	-0.06712515	0.09590636	-0.0884007	0.06577889	-0.06283423	0.0769664	-0.061459076	0.07870806
-0.11549823	0.12123315	-0.15294768	0.23190844	-0.31403676	0.09944492	-0.17779347	0.1998458	-0.60224926	0.99999964	-0.08975788	0.18929158	-0.22021437	0.31089705	-0.48648313	0.08477306	-0.14765206	0.1999754	-0.29321206	0.2639805	-0.1518732	0.1461875	-0.16327678	0.16011605	-0.2293426	0.10470774	-0.11373136	0.09211462	-0.12875548	0.15288827	-0.10336096	0.10820294	-0.12905642	0.11627154	-0.1201898	0.101103455	-0.090872675	0.079459846	-0.11560104	0.10350972	-0.0772638	0.073028475	-0.09192652	0.07330066	-0.09513832
0.07349246	-0.06655149	0.07802505	-0.05536271	0.05826556	-0.06763748	0.11737315	-0.11008892	0.08279707	-0.08975788	0.99999964	-0.27228376	0.12921289	-0.08522063	0.08036582	-0.8929328	0.1558215	-0.13769312	0.11574411	-0.09522953	0.20965312	-0.16312426	0.09640839	-0.08807331	0.092285186	-0.13053472	0.07886898	-0.062792934	0.07721588	-0.08357342	0.097380854	-0.08273052	0.08380358	-0.074145876	0.066877924	-0.08946805	0.06851741	-0.05401773	0.070979886	-0.06255456	0.05838875	-0.05574441	0.06104083	-0.04596714	0.05708467
-0.18945934	0.17726904	-0.21655665	0.12708068	-0.13661158	0.1618757	-0.4170065	0.28750196	-0.1971902	0.18929158	-0.27228376	0.9999996	-0.45757776	0.1992552	-0.18152691	0.20025477	-0.43436638	0.28337595	-0.25916454	0.18665749	-0.26278603	0.26005116	-0.19847697	0.17058508	-0.18268406	0.15119454	-0.13588962	0.1061659	-0.13865775	0.14830403	-0.14279857	0.12776746	-0.1436429	0.12637535	-0.11914532	0.12625368	-0.10817409	0.088985875	-0.12268651	0.107242554	-0.09235375	0.08615612	-0.10228969	0.07831412	-0.099328846
0.14171638	-0.14731815	0.16417024	-0.12800862	0.1289442	-0.13389504	0.27467084	-0.5797092	0.22839099	-0.22021437	0.12921289	-0.45757776	0.99999964	-0.33551893	0.20340076	-0.124516055	0.22565095	-0.4061402	0.25721946	-0.20320833	0.17349447	-0.19879986	0.18311054	-0.16849339	0.16825736	-0.115378074	0.1097104	-0.08938468	0.11848177	-0.1356109	0.10649004	-0.105977185	0.11877389	-0.10870556	0.103543945	-0.10242408	0.08767751	-0.07392222	0.10325528	-0.09371367	0.074359365	-0.07076744	0.0844721	-0.06627409	0.08408695
-0.09909325	0.10242074	-0.12382059	0.15745172	-0.16183479	0.08818392	-0.16535223	0.21512161	-0.5475038	0.31089705	-0.08522063	0.1992552	-0.33551893	0.99999994	-0.5194632	0.081150256	-0.1484742	0.224412	-0.41863623	0.26086345	-0.13699123	0.143325	-0.16215776	0.16766585	-0.19348723	0.09458118	-0.09938189	0.081946954	-0.11348107	0.13597533	-0.09065791	0.09506905	-0.110278	0.10209504	-0.101829976	0.08931843	-0.07872373	0.068110645	-0.097554944	0.08962469	-0.06660834	0.06347781	-0.078105815	0.062355563	-0.07995027
0.09185206	-0.095127694	0.11381561	-0.15084204	0.15525268	-0.08224505	0.14413889	-0.18171547	0.29364845	-0.48648313	0.08036582	-0.18152691	0.20340076	-0.5194632	0.9999999	-0.07763793	0.13536318	-0.1992424	0.26307407	-0.54889596	0.13391954	-0.13859142	0.15015155	-0.1591028	0.23105833	-0.096089534	0.103418015	-0.086069554	0.119471535	-0.15891351	0.0923424	-0.10003518	0.11649429	-0.10901608	0.112241484	-0.09320051	0.082499534	-0.07225974	0.10441723	-0.09876283	0.06971231	-0.06679017	0.08278504	-0.06697609	0.08602345
-0.072182536	0.06356359	-0.07717797	0.0531901	-0.05678968	0.06337872	-0.1137295	0.10180442	-0.08006615	0.08477306	-0.8929328	0.20025477	-0.124516055	0.081150256	-0.07763793	1.0	-0.1661186	0.12914708	-0.11421073	0.0900455	-0.28803617	0.1578058	-0.0952635	0.084831744	-0.089929305	0.12960559	-0.07809174	0.061111752	-0.07564012	0.08002469	-0.10256604	0.0797704	-0.08235824	0.07175222	-0.06488839	0.08625225	-0.0673556	0.052677803	-0.06928844	0.06019022	-0.057651177	0.05407937	-0.05987383	0.044674385	-0.055615302
0.104273714	-0.10041135	0.11782604	-0.08824595	0.09257065	-0.09375104	0.17873782	-0.18134028	0.13850148	-0.14765206	0.1558215	-0.43436638	0.22565095	-0.1484742	0.13536318	-0.1661186	1.0000002	-0.4467588	0.22392114	-0.15918659	0.25069124	-0.6519742	0.21155843	-0.1781278	0.15481307	-0.15464008	0.1337471	-0.1062234	0.12688068	-0.13447079	0.1290793	-0.120525256	0.12722673	-0.1162955	0.10424859	-0.11914079	0.09815311	-0.07946908	0.107075065	-0.0957302	0.082535766	-0.07857642	0.08995948	-0.068988495	0.08618644
-0.12898058	0.12110826	-0.14898589	0.11791004	-0.12566577	0.11107766	-0.21442561	0.2323358	-0.2041146	0.1999754	-0.13769312	0.28337595	-0.4061402	0.224412	-0.1992424	0.12914708	-0.4467588	1.0000001	-0.47056058	0.21570005	-0.23688926	0.2732325	-0.40594184	0.26444668	-0.21725285	0.14515433	-0.14592129	0.11737005	-0.15986417	0.16866143	-0.13771506	0.13339199	-0.15198238	0.13933545	-0.13031642	0.12733403	-0.11092567	0.09298851	-0.12984897	0.11611186	-0.093695916	0.0884098	-0.106343545	0.08289057	-0.105112515
0.11650513	-0.116718434	0.13697499	-0.14656429	0.1454799	-0.10585113	0.18312728	-0.22680083	0.25163355	-0.29321206	0.11574411	-0.25916454	0.25721946	-0.41863623	0.26307407	-0.11421073	0.22392114	-0.47056058	1.0000002	-0.35065982	0.19631816	-0.2354286	0.28061587	-0.40698436	0.25088763	-0.142352	0.14768603	-0.12758465	0.17451675	-0.20663957	0.1318317	-0.14374544	0.16141112	-0.15745929	0.14657764	-0.13439904	0.116181016	-0.10007077	0.14100556	-0.13377382	0.097613275	-0.094401635	0.113392785	-0.091114126	0.11500248
-0.10518173	0.10076878	-0.12589717	0.13140409	-0.14707837	0.09003751	-0.15719053	0.17027651	-0.24674085	0.2639805	-0.09522953	0.18665749	-0.20320833	0.26086345	-0.54889596	0.0900455	-0.15918659	0.21570005	-0.35065982	1.0	-0.1716581	0.1627871	-0.20331965	0.2076159	-0.53467876	0.12196622	-0.14493684	0.11888792	-0.17356034	0.23346332	-0.12190153	0.13448463	-0.16410528	0.15191661	-0.1709959	0.12229132	-0.11222275	0.10047682	-0.14976871	0.13922158	-0.0945671	0.08998531	-0.11604278	0.09481314	-0.12412297
0.09733077	-0.091656804	0.10822808	-0.087938584	0.09214816	-0.08781716	0.14934167	-0.15529518	0.13214357	-0.1518732	0.20965312	-0.26278603	0.17349447	-0.13699123	0.13391954	-0.28803617	0.25069124	-0.23688926	0.19631816	-0.1716581	0.99999994	-0.46677548	0.17979299	-0.1677527	0.17060572	-0.5227348	0.17229743	-0.13686338	0.15744185	-0.16692841	0.25998518	-0.19192892	0.1769218	-0.15571482	0.13419636	-0.22855087	0.15775733	-0.11777113	0.14690106	-0.12868789	0.1337065	-0.12860373	0.13108225	-0.096106015	0.11688444
-0.10280437	0.09482258	-0.11621923	0.08793737	-0.09430094	0.088758126	-0.16517693	0.15883093	-0.13895449	0.1461875	-0.16312426	0.26005116	-0.19879986	0.143325	-0.13859142	0.1578058	-0.6519742	0.2732325	-0.2354286	0.1627871	-0.46677548	1.0000002	-0.27862057	0.19436206	-0.17456321	0.1969398	-0.18756972	0.13160947	-0.15376556	0.15060809	-0.1729825	0.14468895	-0.15327142	0.13635053	-0.12009644	0.14308342	-0.1198901	0.09446405	-0.125687	0.1093598	-0.10053195	0.09380399	-0.107298456	0.08054852	-0.10034765
0.08596105	-0.08270584	0.09862492	-0.088524535	0.09195043	-0.07668417	0.13459039	-0.15390798	0.14321998	-0.16327678	0.09640839	-0.19847697	0.18311054	-0.16215776	0.15015155	-0.0952635	0.21155843	-0.40594184	0.28061587	-0.20331965	0.17979299	-0.27862057	1.0000004	-0.74351156	0.21724303	-0.12658246	0.13694361	-0.12584122	0.17636552	-0.18420269	0.11479881	-0.12729514	0.14158961	-0.14812535	0.12565242	-0.116305985	0.10059684	-0.08600106	0.11982805	-0.11424647	0.0833598	-0.081069164	0.096374735	-0.077436976	0.096478455
-0.081452794	0.07756723	-0.0941914	0.086784296	-0.091500096	0.0713797	-0.12548628	0.13840188	-0.14818607	0.16011605	-0.08807331	0.17058508	-0.16849339	0.16766585	-0.1591028	0.084831744	-0.1781278	0.26444668	-0.40698436	0.2076159	-0.1677527	0.19436206	-0.74351156	1.0000004	-0.3014247	0.1161352	-0.1450748	0.13230889	-0.23326488	0.1936048	-0.11079795	0.12569827	-0.14757915	0.1541414	-0.13321528	0.111443795	-0.09999595	0.08670087	-0.1232304	0.11584889	-0.08225846	0.0795751	-0.09745369	0.0786435	-0.09869661
0.09165441	-0.08847517	0.10669355	-0.1090392	0.11418221	-0.08111391	0.13611971	-0.15272659	0.17571543	-0.2293426	0.092285186	-0.18268406	0.16825736	-0.19348723	0.23105833	-0.089929305	0.15481307	-0.21725285	0.25088763	-0.53467876	0.17060572	-0.17456321	0.21724303	-0.3014247	1.0000007	-0.1344056	0.16543403	-0.14987852	0.21816894	-0.5373204	0.1299317	-0.15961704	0.1867091	-0.19593371	0.22300114	-0.14114246	0.12718798	-0.11608019	0.17157458	-0.1952361	0.10543161	-0.10367687	0.13057789	-0.112729274	0.14320157
-0.06834975	0.06245618	-0.07632213	0.06144943	-0.0658931	0.059408445	-0.10143844	0.101357006	-0.09331518	0.10470774	-0.13053472	0.15119454	-0.115378074	0.09458118	-0.096089534	0.12960559	-0.15464008	0.14515433	-0.142352	0.12196622	-0.5227348	0.1969398	-0.12658246	0.1161352	-0.1344056	1.0000008	-0.18455443	0.12793958	-0.14513285	0.13527602	-0.67439127	0.18914679	-0.17930314	0.14071168	-0.11761752	0.24977614	-0.18195252	0.11899952	-0.14032893	0.11207446	-0.15809917	0.13372013	-0.13607901	0.09052888	-0.10886742
0.06358417	-0.059269093	0.07180663	-0.06295085	0.06679574	-0.055853866	0.09360218	-0.09848496	0.096233055	-0.11373136	0.07886898	-0.13588962	0.1097104	-0.09938189	0.103418015	-0.07809174	0.1337471	-0.14592129	0.14768603	-0.14493684	0.17229743	-0.18756972	0.13694361	-0.1450748	0.16543403	-0.18455443	1.0000008	-0.7273046	0.29148465	-0.22448385	0.16276513	-0.35306287	0.24401627	-0.26475936	0.16210447	-0.1870636	0.18648644	-0.13883175	0.16873018	-0.15372752	0.12883146	-0.13344035	0.14490306	-0.110215954	0.12827629
-0.051705014	0.047947887	-0.05854901	0.051251464	-0.054752655	0.045036566	-0.07589221	0.079224095	-0.07940467	0.09211462	-0.062792934	0.1061659	-0.08938468	0.081946954	-0.086069554	0.061111752	-0.1062234	0.11737005	-0.12758465	0.11888792	-0.13686338	0.13160947	-0.12584122	0.13230889	-0.14987852	0.12793958	-0.7273046	1.000001	-0.52129984	0.19394787	-0.1255542	0.21298	-0.2507753	0.23739336	-0.14808318	0.13733767	-0.1448213	0.11529986	-0.14923865	0.12948251	-0.10202418	0.10205607	-0.12295031	0.09381283	-0.11131998
0.067761324	-0.063448526	0.07700165	-0.06976968	0.07399354	-0.059454776	0.09936247	-0.1062656	0.10828808	-0.12875548	0.07721588	-0.13865775	0.11848177	-0.11348107	0.119471535	-0.07564012	0.12688068	-0.15986417	0.17451675	-0.17356034	0.15744185	-0.15376556	0.17636552	-0.23326488	0.21816894	-0.14513285	0.29148465	-0.52129984	1.000001	-0.38722324	0.1402323	-0.23236355	0.27328598	-0.5142071	0.22031298	-0.16655685	0.15818997	-0.14332478	0.20010708	-0.19153959	0.120337516	-0.12380291	0.15040193	-0.12738346	0.14903972
-0.078669876	0.07304019	-0.090206005	0.08276454	-0.089699976	0.067797095	-0.1141235	0.11977852	-0.13225792	0.15288827	-0.08357342	0.14830403	-0.1356109	0.13597533	-0.15891351	0.08002469	-0.13447079	0.16866143	-0.20663957	0.23346332	-0.16692841	0.15060809	-0.18420269	0.1936048	-0.5373204	0.13527602	-0.22448385	0.19394787	-0.38722324	1.0000008	-0.13854301	0.18484695	-0.24368364	0.25442022	-0.48585	0.15278001	-0.14957832	0.1445884	-0.23341064	0.2547487	-0.12118657	0.118650466	-0.16477989	0.14682697	-0.19774334
0.06307004	-0.058519237	0.070469275	-0.05918418	0.06276559	-0.055759013	0.09298768	-0.09637315	0.08886215	-0.10336096	0.097380854	-0.14279857	0.10649004	-0.09065791	0.0923424	-0.10256604	0.1290793	-0.13771506	0.1318317	-0.12190153	0.25998518	-0.1729825	0.11479881	-0.11079795	0.1299317	-0.67439127	0.16276513	-0.1255542	0.1402323	-0.13854301	1.000001	-0.25711352	0.18368684	-0.14761417	0.11917632	-0.49712074	0.22054777	-0.13541551	0.14524445	-0.11821609	0.18332744	-0.16971762	0.14628881	-0.09613852	0.111621514
-0.063988864	0.05861564	-0.07199259	0.061542094	-0.06617957	0.055372674	-0.09244436	0.094745636	-0.093797214	0.10820294	-0.08273052	0.12776746	-0.105977185	0.09506905	-0.10003518	0.0797704	-0.120525256	0.13339199	-0.14374544	0.13448463	-0.19192892	0.14468895	-0.12729514	0.12569827	-0.15961704	0.18914679	-0.35306287	0.21298	-0.23236355	0.18484695	-0.25711352	1.000001	-0.46075714	0.24541992	-0.17245947	0.2781759	-0.57762814	0.22933708	-0.23038071	0.16699865	-0.22678639	0.2178235	-0.2433793	0.14494659	-0.16523673
0.071351945	-0.06613887	0.08041025	-0.0713831	0.07597426	-0.062494908	0.10285416	-0.1082015	0.108003885	-0.12905642	0.08380358	-0.1436429	0.11877389	-0.110278	0.11649429	-0.08235824	0.12722673	-0.15198238	0.16141112	-0.16410528	0.1769218	-0.15327142	0.14158961	-0.14757915	0.1867091	-0.17930314	0.24401627	-0.2507753	0.27328598	-0.24368364	0.18368684	-0.46075714	1.0000008	-0.5725561	0.21734406	-0.24837494	0.25024444	-0.28126535	0.25430378	-0.2207386	0.17437899	-0.19207561	0.22898027	-0.1695623	0.18147919
-0.0642475	0.059388835	-0.072765954	0.06450279	-0.06916044	0.055786688	-0.09298672	0.097194426	-0.09964437	0.11627154	-0.074145876	0.12637535	-0.10870556	0.10209504	-0.10901608	0.07175222	-0.1162955	0.13933545	-0.15745929	0.15191661	-0.15571482	0.13635053	-0.14812535	0.1541414	-0.19593371	0.14071168	-0.26475936	0.23739336	-0.5142071	0.25442022	-0.14761417	0.24541992	-0.5725561	1.0000005	-0.31054923	0.175833	-0.1857888	0.19410044	-0.3290812	0.22792092	-0.13821901	0.1403243	-0.20134926	0.17015912	-0.19682114
0.06158585	-0.057333406	0.07000395	-0.06436624	0.06866726	-0.05372261	0.088659525	-0.09405	0.09903915	-0.1201898	0.066877924	-0.11914532	0.103543945	-0.101829976	0.112241484	-0.06488839	0.10424859	-0.13031642	0.14657764	-0.1709959	0.13419636	-0.12009644	0.12565242	-0.13321528	0.22300114	-0.11761752	0.16210447	-0.14808318	0.22031298	-0.48585	0.11917632	-0.17245947	0.21734406	-0.31054923	1.0000006	-0.14346987	0.13672863	-0.14638746	0.24157123	-0.66038275	0.11083689	-0.11375178	0.15823644	-0.17714514	0.22168037
-0.062415503	0.05688266	-0.069960415	0.05841595	-0.062937535	0.05390866	-0.09027101	0.09135729	-0.0885693	0.101103455	-0.08946805	0.12625368	-0.10242408	0.08931843	-0.09320051	0.08625225	-0.11914079	0.12733403	-0.13439904	0.12229132	-0.22855087	0.14308342	-0.116305985	0.111443795	-0.14114246	0.24977614	-0.1870636	0.13733767	-0.16655685	0.15278001	-0.49712074	0.2781759	-0.24837494	0.175833	-0.14346987	1.0000005	-0.4982764	0.20315015	-0.2000123	0.14322285	-0.419318	0.27173248	-0.23265162	0.12961598	-0.1478135
0.05301382	-0.048808917	0.05954944	-0.05133136	0.054884527	-0.046225376	0.07660695	-0.079269245	0.077573836	-0.090872675	0.06851741	-0.10817409	0.08767751	-0.07872373	0.082499534	-0.0673556	0.09815311	-0.11092567	0.116181016	-0.11222275	0.15775733	-0.1198901	0.10059684	-0.09999595	0.12718798	-0.18195252	0.18648644	-0.1448213	0.15818997	-0.14957832	0.22054777	-0.57762814	0.25024444	-0.1857888	0.13672863	-0.4982764	1.0000004	-0.33887392	0.20221485	-0.14628004	0.26373342	-0.3650096	0.24997202	-0.1369751	0.14129646
-0.044898164	0.0413711	-0.050548896	0.04436568	-0.047455307	0.039103616	-0.06446917	0.06708397	-0.06712515	0.079459846	-0.05401773	0.088985875	-0.07392222	0.068110645	-0.07225974	0.052677803	-0.07946908	0.09298851	-0.10007077	0.10047682	-0.11777113	0.09446405	-0.08600106	0.08670087	-0.11608019	0.11899952	-0.13883175	0.11529986	-0.14332478	0.1445884	-0.13541551	0.22933708	-0.28126535	0.19410044	-0.14638746	0.20315015	-0.33887392	1.0000001	-0.4095259	0.178219	-0.18579267	0.20604834	-0.7316171	0.21755119	-0.19360155
0.06275472	-0.058059182	0.07079221	-0.06348638	0.06769929	-0.054807536	0.08977362	-0.09438607	0.09590636	-0.11560104	0.070979886	-0.12268651	0.10325528	-0.097554944	0.10441723	-0.06928844	0.107075065	-0.12984897	0.14100556	-0.14976871	0.14690106	-0.125687	0.11982805	-0.1232304	0.17157458	-0.14032893	0.16873018	-0.14923865	0.20010708	-0.23341064	0.14524445	-0.23038071	0.25430378	-0.3290812	0.24157123	-0.2000123	0.20221485	-0.4095259	1.0000004	-0.39290348	0.15557522	-0.17400457	0.2857949	-0.5050915	0.30254987
-0.056640655	0.05212789	-0.06421712	0.05733134	-0.061876874	0.04891358	-0.081051216	0.08425291	-0.0884007	0.10350972	-0.06255456	0.107242554	-0.09371367	0.08962469	-0.09876283	0.06019022	-0.0957302	0.11611186	-0.13377382	0.13922158	-0.12868789	0.1093598	-0.11424647	0.11584889	-0.1952361	0.11207446	-0.15372752	0.12948251	-0.19153959	0.2547487	-0.11821609	0.16699865	-0.2207386	0.22792092	-0.66038275	0.14322285	-0.14628004	0.178219	-0.39290348	1.0000005	-0.120287634	0.12149567	-0.20510013	0.24562193	-0.42253873
0.045240346	-0.041642226	0.050747614	-0.043725133	0.04672137	-0.03950226	0.065206975	-0.06750704	0.06577889	-0.0772638	0.05838875	-0.09235375	0.074359365	-0.06660834	0.06971231	-0.057651177	0.082535766	-0.093695916	0.097613275	-0.0945671	0.1337065	-0.10053195	0.0833598	-0.08225846	0.10543161	-0.15809917	0.12883146	-0.10202418	0.120337516	-0.12118657	0.18332744	-0.22678639	0.17437899	-0.13821901	0.11083689	-0.419318	0.26373342	-0.18579267	0.15557522	-0.120287634	1.0000005	-0.7893592	0.20526053	-0.11256213	0.1168786
-0.04320943	0.039571516	-0.048521254	0.041543927	-0.04462061	0.03746734	-0.062130433	0.06377164	-0.06283423	0.073028475	-0.05574441	0.08615612	-0.07076744	0.06347781	-0.06679017	0.05407937	-0.07857642	0.0884098	-0.094401635	0.08998531	-0.12860373	0.09380399	-0.081069164	0.0795751	-0.10367687	0.13372013	-0.13344035	0.10205607	-0.12380291	0.118650466	-0.16971762	0.2178235	-0.19207561	0.1403243	-0.11375178	0.27173248	-0.3650096	0.20604834	-0.17400457	0.12149567	-0.7893592	1.0000005	-0.2980598	0.122219875	-0.12894681
0.051439725	-0.04749349	0.05787615	-0.051103864	0.054522134	-0.044940528	0.07374861	-0.07710017	0.0769664	-0.09192652	0.06104083	-0.10228969	0.0844721	-0.078105815	0.08278504	-0.05987383	0.08995948	-0.106343545	0.113392785	-0.11604278	0.13108225	-0.107298456	0.096374735	-0.09745369	0.13057789	-0.13607901	0.14490306	-0.12295031	0.15040193	-0.16477989	0.14628881	-0.2433793	0.22898027	-0.20134926	0.15823644	-0.23265162	0.24997202	-0.7316171	0.2857949	-0.20510013	0.20526053	-0.2980598	1.0000005	-0.30093658	0.20983566
-0.040344715	0.03721477	-0.045522526	0.04053752	-0.043389574	0.03510709	-0.057689305	0.06029185	-0.061459076	0.07330066	-0.04596714	0.07831412	-0.06627409	0.062355563	-0.06697609	0.044674385	-0.068988495	0.08289057	-0.091114126	0.09481314	-0.096106015	0.08054852	-0.077436976	0.0786435	-0.112729274	0.09052888	-0.110215954	0.09381283	-0.12738346	0.14682697	-0.09613852	0.14494659	-0.1695623	0.17015912	-0.17714514	0.12961598	-0.1369751	0.21755119	-0.5050915	0.24562193	-0.11256213	0.122219875	-0.30093658	1.0000004	-0.72563154
0.0513009	-0.0474405	0.057895217	-0.0521209	0.055617806	-0.044766936	0.07320175	-0.07696984	0.07870806	-0.09513832	0.05708467	-0.099328846	0.08408695	-0.07995027	0.08602345	-0.055615302	0.08618644	-0.105112515	0.11500248	-0.12412297	0.11688444	-0.10034765	0.096478455	-0.09869661	0.14320157	-0.10886742	0.12827629	-0.11131998	0.14903972	-0.19774334	0.111621514	-0.16523673	0.18147919	-0.19682114	0.22168037	-0.1478135	0.14129646	-0.19360155	0.30254987	-0.42253873	0.1168786	-0.12894681	0.20983566	-0.72563154	1.0000004
