1.0000001	-0.41522953	0.23749597	-0.23800655	0.23622224	-0.5133405	0.29375607	-0.2641241	0.19888102	-0.24587288	0.29926726	-0.33449477	0.24182874	-0.18807763	0.15816557	-0.1478355	0.18208767	-0.19127971	0.18359283	-0.23209217	0.1412606	-0.15712212	0.17083234	-0.16316305	0.15416358	-0.14737464	0.13905448	-0.15674502	0.15894571	-0.13057868	0.12285276	-0.15015842	0.12800334	-0.16219963	0.17790902	-0.1262914	0.11354991	-0.122811675	0.10728561	-0.13144511	0.19894916	-0.11715502	0.098182715	-0.102043994	0.08017538
-0.41522953	1.0000001	-0.56539667	0.24196331	-0.2535475	0.23185074	-0.5174087	0.29625502	-0.19193591	0.17959285	-0.2421047	0.2665301	-0.2607036	0.15648736	-0.12109483	0.10914548	-0.15455396	0.1592062	-0.15237103	0.158531	-0.11053508	0.12141427	-0.14368108	0.1228314	-0.11492054	0.1046705	-0.1025979	0.10820115	-0.11754383	0.093651906	-0.08636112	0.10262485	-0.08887447	0.10957823	-0.12730137	0.08624765	-0.077693276	0.08243658	-0.07228776	0.08658193	-0.13767013	0.078372166	-0.06644957	0.06768693	-0.053596824
0.23749597	-0.56539667	1.0000001	-0.43866876	0.2521927	-0.163427	0.26605234	-0.53813475	0.21424496	-0.19207397	0.17069113	-0.22427167	0.25037724	-0.17027347	0.124441564	-0.097055785	0.13730282	-0.15706144	0.1495541	-0.16252536	0.09727662	-0.11268095	0.13207279	-0.12061622	0.10932988	-0.097057745	0.09459743	-0.10341389	0.11195909	-0.089761436	0.080309525	-0.09691366	0.08416971	-0.104558185	0.11990542	-0.08082998	0.07322843	-0.078270294	0.06869833	-0.08257188	0.12798543	-0.07427806	0.06289471	-0.064447924	0.050937142
-0.23800655	0.24196331	-0.43866876	1.0000001	-0.63158846	0.14043233	-0.2015771	0.2526296	-0.42700118	0.25699785	-0.16268998	0.1837681	-0.23060568	0.22690675	-0.16970709	0.10038401	-0.14170468	0.15160891	-0.20317599	0.20334853	-0.10432874	0.1183494	-0.14217961	0.14784317	-0.13637832	0.10608279	-0.10471574	0.11998877	-0.13720982	0.10896995	-0.09130609	0.10962206	-0.09767163	0.12168102	-0.14575425	0.091616265	-0.083687834	0.08972192	-0.079478145	0.094935305	-0.15046939	0.0846876	-0.072295934	0.07413082	-0.058770344
0.23622224	-0.2535475	0.2521927	-0.63158846	0.99999994	-0.1474284	0.19339766	-0.2491807	0.2844075	-0.39418995	0.16733162	-0.20256376	0.22085331	-0.24423142	0.21618956	-0.11803935	0.15790245	-0.17030624	0.21224432	-0.3061662	0.120981514	-0.139428	0.1592616	-0.17657529	0.1650943	-0.13231978	0.12802622	-0.1541748	0.16530946	-0.13687862	0.115936846	-0.1419323	0.124946654	-0.15958725	0.18285277	-0.11868979	0.10845925	-0.11805363	0.10439105	-0.12711109	0.19479685	-0.11167267	0.094555	-0.09865379	0.07772812
-0.5133405	0.23185074	-0.163427	0.14043233	-0.1474284	1.0000001	-0.39107984	0.18601793	-0.12386158	0.13638864	-0.6819206	0.2879038	-0.18601406	0.11363488	-0.090555124	0.11208215	-0.13311504	0.12940292	-0.11231049	0.1260474	-0.10682147	0.10369032	-0.115037486	0.09638061	-0.09012128	0.09173508	-0.08785392	0.08982238	-0.0933852	0.07504084	-0.07328329	0.08706754	-0.073923714	0.091254495	-0.10228468	0.07338276	-0.065528415	0.069467224	-0.060509704	0.072994344	-0.11400536	0.06633581	-0.0558592	0.05699732	-0.04499922
0.29375607	-0.5174087	0.26605234	-0.2015771	0.19339766	-0.39107984	1.0000001	-0.38743892	0.1694998	-0.1729193	0.2850483	-0.5299196	0.2624666	-0.15110569	0.11450578	-0.117503755	0.16390525	-0.17110395	0.14215055	-0.15494372	0.113043755	-0.12791209	0.14317265	-0.11941621	0.10935691	-0.10718947	0.10355793	-0.10727098	0.11315108	-0.090588264	0.08585675	-0.10286926	0.08783063	-0.10827988	0.1221266	-0.08610881	0.07728115	-0.082014605	0.07155264	-0.08605039	0.13359226	-0.078157544	0.06592842	-0.067231536	0.053111803
-0.2641241	0.29625502	-0.53813475	0.2526296	-0.2491807	0.18601793	-0.38743892	1.0000002	-0.27390346	0.2005941	-0.20914249	0.26542422	-0.5305314	0.19770809	-0.13781598	0.11688457	-0.18009154	0.20705366	-0.17789955	0.17128469	-0.119222604	0.13854285	-0.17417695	0.13810912	-0.12409928	0.11281201	-0.1119216	0.11593184	-0.12786664	0.10066846	-0.09164769	0.10923225	-0.09477388	0.11589012	-0.13450067	0.091034785	-0.08230794	0.08700205	-0.07625765	0.09082632	-0.14324874	0.082596734	-0.07014445	0.071127355	-0.05637716
0.19888102	-0.19193591	0.21424496	-0.42700118	0.2844075	-0.12386158	0.1694998	-0.27390346	1.0000002	-0.46717298	0.1433943	-0.17402992	0.22540213	-0.5758735	0.24847648	-0.10110027	0.14159393	-0.16095902	0.2633911	-0.273193	0.104261674	-0.12333303	0.14670178	-0.19354896	0.15511085	-0.110934116	0.10939095	-0.13474436	0.15652779	-0.12540628	0.095893435	-0.117758125	0.10682568	-0.13414317	0.15842693	-0.09660816	0.089634314	-0.09707928	0.08638764	-0.10290038	0.15643375	-0.0909474	0.07787372	-0.08030216	0.063591644
-0.24587288	0.17959285	-0.19207397	0.25699785	-0.39418995	0.13638864	-0.1729193	0.2005941	-0.46717298	1.0000004	-0.16582857	0.17574927	-0.22609775	0.29086253	-0.53419584	0.11374676	-0.16004294	0.16534476	-0.28354958	0.31579545	-0.1219172	0.13641363	-0.16656616	0.19310926	-0.19735517	0.12632704	-0.12671378	0.15031943	-0.18578634	0.14826953	-0.114255466	0.13420938	-0.12373117	0.15348737	-0.20634548	0.11358618	-0.103988916	0.11099841	-0.09965192	0.11693285	-0.19974965	0.10413637	-0.09016334	0.091668084	-0.07326414
0.29926726	-0.2421047	0.17069113	-0.16268998	0.16733162	-0.6819206	0.2850483	-0.20914249	0.1433943	-0.16582857	1.0000005	-0.49816114	0.21486579	-0.13651925	0.10912636	-0.16195042	0.1665298	-0.16234708	0.13392279	-0.15483439	0.13551469	-0.13147095	0.13945557	-0.117637984	0.109163605	-0.11664295	0.10959985	-0.11146613	0.11378264	-0.09174842	0.091064736	-0.108816735	0.091552146	-0.11313089	0.1246321	-0.091625884	0.0814983	-0.08648051	0.075085916	-0.09083814	0.13964364	-0.082717665	0.06939776	-0.07089741	0.055881754
-0.33449477	0.2665301	-0.22427167	0.1837681	-0.20256376	0.2879038	-0.5299196	0.26542422	-0.17402992	0.17574927	-0.49816114	1.0000002	-0.41380197	0.16196811	-0.121276535	0.15206617	-0.25736776	0.21576999	-0.16135576	0.16060597	-0.14917916	0.16284214	-0.18641366	0.13390806	-0.12311772	0.12815079	-0.12654968	0.12033162	-0.12824735	0.1009352	-0.10007105	0.117300704	-0.09949339	0.120129384	-0.1371047	0.09844746	-0.08784177	0.09170137	-0.079745576	0.094917126	-0.15153655	0.087563984	-0.074072056	0.074472465	-0.05903856
0.24182874	-0.2607036	0.25037724	-0.23060568	0.22085331	-0.18601406	0.2624666	-0.5305314	0.22540213	-0.22609775	0.21486579	-0.41380197	1.0000004	-0.26649722	0.15617073	-0.15276626	0.23728111	-0.43843007	0.20593952	-0.20468622	0.14673507	-0.19215786	0.22939019	-0.17138352	0.14510691	-0.14490457	0.14144333	-0.144019	0.15242347	-0.12069215	0.112737745	-0.13701278	0.116531685	-0.14221188	0.15795636	-0.11281417	0.10174233	-0.107634895	0.09360534	-0.11192231	0.16960855	-0.10245982	0.086362705	-0.08762598	0.06922191
-0.18807763	0.15648736	-0.17027347	0.22690675	-0.24423142	0.11363488	-0.15110569	0.19770809	-0.5758735	0.29086253	-0.13651925	0.16196811	-0.26649722	1.0000006	-0.33912227	0.10059471	-0.14628728	0.16862836	-0.53502285	0.25888565	-0.10511492	0.12611268	-0.1572657	0.22744675	-0.17786956	0.11106551	-0.11147187	0.13957155	-0.18304315	0.1353903	-0.09654851	0.118362114	-0.11068125	0.13660342	-0.167319	0.09628634	-0.090335764	0.09747908	-0.08740565	0.10249403	-0.15644844	0.09073799	-0.07844759	0.080257945	-0.06385414
0.15816557	-0.12109483	0.124441564	-0.16970709	0.21618956	-0.090555124	0.11450578	-0.13781598	0.24847648	-0.53419584	0.10912636	-0.121276535	0.15617073	-0.33912227	1.0000008	-0.07883061	0.110027485	-0.118211254	0.21338753	-0.70012844	0.08343192	-0.096025825	0.11573054	-0.15115516	0.14541848	-0.08877566	0.088536665	-0.10931521	0.13325007	-0.11098295	0.07946693	-0.09554106	0.08826614	-0.11073828	0.14276527	-0.07950026	0.07360672	-0.0793483	0.07126475	-0.084082715	0.13556354	-0.07416697	0.06407538	-0.06574896	0.05234836
-0.1478355	0.10914548	-0.097055785	0.10038401	-0.11803935	0.11208215	-0.117503755	0.11688457	-0.10110027	0.11374676	-0.16195042	0.15206617	-0.15276626	0.10059471	-0.07883061	1.0000008	-0.40748897	0.19811611	-0.11716107	0.108963326	-0.7970674	0.21118306	-0.19055372	0.10954027	-0.101984635	0.21928874	-0.19891824	0.11734275	-0.11383478	0.08560338	-0.13406782	0.13329504	-0.10272517	0.11178151	-0.12051777	0.11675124	-0.09703744	0.09218116	-0.07708758	0.0885628	-0.15430485	0.09015241	-0.075784616	0.07089977	-0.05669982
0.18208767	-0.15455396	0.13730282	-0.14170468	0.15790245	-0.13311504	0.16390525	-0.18009154	0.14159393	-0.16004294	0.1665298	-0.25736776	0.23728111	-0.14628728	0.110027485	-0.40748897	1.0000008	-0.522445	0.1645488	-0.15257755	0.25943923	-0.5017268	0.30884025	-0.15627581	0.13332883	-0.2301325	0.21967706	-0.1531817	0.1480886	-0.1128953	0.14127252	-0.16653292	0.12795268	-0.14442776	0.15158235	-0.13640165	0.11688287	-0.11622527	0.0975662	-0.114053026	0.17634653	-0.11287268	0.09379348	-0.09056283	0.07176504
-0.19127971	0.1592062	-0.15706144	0.15160891	-0.17030624	0.12940292	-0.17110395	0.20705366	-0.16095902	0.16534476	-0.16234708	0.21576999	-0.43843007	0.16862836	-0.118211254	0.19811611	-0.522445	1.0000007	-0.21229252	0.15563385	-0.202986	0.29140216	-0.55005306	0.17413962	-0.14115894	0.17143695	-0.18162678	0.14378172	-0.15454474	0.11496498	-0.12226651	0.14324771	-0.11871887	0.13572344	-0.15074141	0.11677382	-0.10432646	0.105407186	-0.09049395	0.105332166	-0.16676435	0.100953504	-0.08546169	0.08341489	-0.066400886
0.18359283	-0.15237103	0.1495541	-0.20317599	0.21224432	-0.11231049	0.14215055	-0.17789955	0.2633911	-0.28354958	0.13392279	-0.16135576	0.20593952	-0.53502285	0.21338753	-0.11716107	0.1645488	-0.21229252	1.0000006	-0.27991357	0.12015733	-0.1558312	0.18870597	-0.54712486	0.22747806	-0.13778824	0.13689281	-0.1993731	0.24942218	-0.19110513	0.11883151	-0.15422624	0.14652093	-0.18546787	0.20239986	-0.120146796	0.11608935	-0.12840633	0.11519539	-0.13576023	0.18411101	-0.11801915	0.10178005	-0.105929956	0.08363023
-0.23209217	0.158531	-0.16252536	0.20334853	-0.3061662	0.1260474	-0.15494372	0.17128469	-0.273193	0.31579545	-0.15483439	0.16060597	-0.20468622	0.25888565	-0.70012844	0.108963326	-0.15257755	0.15563385	-0.27991357	1.0000004	-0.117689446	0.13122356	-0.16046995	0.19299562	-0.22690101	0.12318895	-0.124075845	0.14959466	-0.1893219	0.15886454	-0.113143906	0.13247785	-0.12360805	0.15394378	-0.21619919	0.11229368	-0.10312727	0.11017572	-0.099517934	0.11625725	-0.20072632	0.10305933	-0.0896425	0.09117306	-0.07301264
0.1412606	-0.11053508	0.09727662	-0.10432874	0.120981514	-0.10682147	0.113043755	-0.119222604	0.104261674	-0.1219172	0.13551469	-0.14917916	0.14673507	-0.10511492	0.08343192	-0.7970674	0.25943923	-0.202986	0.12015733	-0.117689446	1.0000001	-0.236328	0.18268013	-0.11624328	0.10711207	-0.34722096	0.21199167	-0.13141596	0.12087533	-0.091740586	0.15146706	-0.15344717	0.113332726	-0.124533914	0.12800692	-0.13909817	0.10844062	-0.104070604	0.08579987	-0.09952271	0.16192552	-0.10253438	0.08450249	-0.079565026	0.0631547
-0.15712212	0.12141427	-0.11268095	0.1183494	-0.139428	0.10369032	-0.12791209	0.13854285	-0.12333303	0.13641363	-0.13147095	0.16284214	-0.19215786	0.12611268	-0.096025825	0.21118306	-0.5017268	0.29140216	-0.1558312	0.13122356	-0.236328	1.0000001	-0.60386074	0.15800373	-0.13404307	0.24218859	-0.40676865	0.15674356	-0.15413183	0.11086117	-0.15355577	0.1810427	-0.13696021	0.14109941	-0.15097351	0.1378523	-0.12501445	0.11629171	-0.09690302	0.109546065	-0.17970683	0.11304582	-0.09548787	0.088068545	-0.07058261
0.17083234	-0.14368108	0.13207279	-0.14217961	0.1592616	-0.115037486	0.14317265	-0.17417695	0.14670178	-0.16656616	0.13945557	-0.18641366	0.22939019	-0.1572657	0.11573054	-0.19055372	0.30884025	-0.55005306	0.18870597	-0.16046995	0.18268013	-0.60386074	1.0000001	-0.23116033	0.15417439	-0.2206538	0.22731721	-0.1777857	0.1754097	-0.12991126	0.14205386	-0.17822774	0.14080131	-0.15787017	0.16432716	-0.1383094	0.123369865	-0.124444075	0.10500342	-0.12208606	0.18085004	-0.11971801	0.09985601	-0.09690964	0.07675616
-0.16316305	0.1228314	-0.12061622	0.14784317	-0.17657529	0.09638061	-0.11941621	0.13810912	-0.19354896	0.19310926	-0.117637984	0.13390806	-0.17138352	0.22744675	-0.15115516	0.10954027	-0.15627581	0.17413962	-0.54712486	0.19299562	-0.11624328	0.15800373	-0.23116033	1.0000001	-0.41238397	0.136432	-0.14274625	0.22633123	-0.5218489	0.25001708	-0.121832706	0.15835226	-0.16961482	0.20184411	-0.2430275	0.12007192	-0.120963775	0.13294049	-0.12330426	0.1381504	-0.18663764	0.1195092	-0.106498934	0.10874327	-0.08711691
0.15416358	-0.11492054	0.10932988	-0.13637832	0.1650943	-0.09012128	0.10935691	-0.12409928	0.15511085	-0.19735517	0.109163605	-0.12311772	0.14510691	-0.17786956	0.14541848	-0.101984635	0.13332883	-0.14115894	0.22747806	-0.22690101	0.10711207	-0.13404307	0.15417439	-0.41238397	1.0000004	-0.13450947	0.13390796	-0.21942243	0.28036383	-0.69390506	0.12310161	-0.16700585	0.16516685	-0.2348023	0.29529914	-0.12602244	0.12818527	-0.14786367	0.1385701	-0.16704911	0.19040589	-0.13281761	0.11633284	-0.1282782	0.100342125
-0.14737464	0.1046705	-0.097057745	0.10608279	-0.13231978	0.09173508	-0.10718947	0.11281201	-0.110934116	0.12632704	-0.11664295	0.12815079	-0.14490457	0.11106551	-0.08877566	0.21928874	-0.2301325	0.17143695	-0.13778824	0.12318895	-0.34722096	0.24218859	-0.2206538	0.136432	-0.13450947	1.0000002	-0.6568973	0.18024106	-0.16068788	0.114481635	-0.39848867	0.24883805	-0.17323405	0.16292651	-0.16971341	0.23521937	-0.17729554	0.14642212	-0.11772817	0.12860677	-0.2570921	0.1463133	-0.12344869	0.10550176	-0.08547892
0.13905448	-0.1025979	0.09459743	-0.10471574	0.12802622	-0.08785392	0.10355793	-0.1119216	0.10939095	-0.12671378	0.10959985	-0.12654968	0.14144333	-0.11147187	0.088536665	-0.19891824	0.21967706	-0.18162678	0.13689281	-0.124075845	0.21199167	-0.40676865	0.22731721	-0.14274625	0.13390796	-0.6568973	1.0000001	-0.2274491	0.16701467	-0.117196016	0.23882727	-0.3802599	0.19570683	-0.17751093	0.16838032	-0.2142349	0.18865065	-0.1618161	0.1252359	-0.1371584	0.21724711	-0.16251858	0.1307276	-0.11264044	0.08988138
-0.15674502	0.10820115	-0.10341389	0.11998877	-0.1541748	0.08982238	-0.10727098	0.11593184	-0.13474436	0.15031943	-0.11146613	0.12033162	-0.144019	0.13957155	-0.10931521	0.11734275	-0.1531817	0.14378172	-0.1993731	0.14959466	-0.13141596	0.15674356	-0.1777857	0.22633123	-0.21942243	0.18024106	-0.2274491	1.0000004	-0.4956338	0.19706751	-0.18316019	0.26300716	-0.6184282	0.27649772	-0.27885574	0.16638896	-0.20009063	0.20844656	-0.18252756	0.17599633	-0.25533557	0.17287135	-0.16898952	0.14542553	-0.12115811
0.15894571	-0.11754383	0.11195909	-0.13720982	0.16530946	-0.0933852	0.11315108	-0.12786664	0.15652779	-0.18578634	0.11378264	-0.12824735	0.15242347	-0.18304315	0.13325007	-0.11383478	0.1480886	-0.15454474	0.24942218	-0.1893219	0.12087533	-0.15413183	0.1754097	-0.5218489	0.28036383	-0.16068788	0.16701467	-0.4956338	1.0000005	-0.3510435	0.14843655	-0.21851861	0.25480503	-0.33395317	0.27554974	-0.14842516	0.16121988	-0.18750204	0.17493755	-0.190611	0.21556944	-0.16037099	0.14421555	-0.1502884	0.11882292
-0.13057868	0.093651906	-0.089761436	0.10896995	-0.13687862	0.07504084	-0.090588264	0.10066846	-0.12540628	0.14826953	-0.09174842	0.1009352	-0.12069215	0.1353903	-0.11098295	0.08560338	-0.1128953	0.11496498	-0.19110513	0.15886454	-0.091740586	0.11086117	-0.12991126	0.25001708	-0.69390506	0.114481635	-0.117196016	0.19706751	-0.3510435	1.0000004	-0.10880617	0.14498511	-0.15594918	0.2172646	-0.5128491	0.10908593	-0.113665424	0.12989742	-0.12668507	0.14435785	-0.17098509	0.114743926	-0.10363601	0.111859664	-0.08921202
0.12285276	-0.08636112	0.080309525	-0.09130609	0.115936846	-0.07328329	0.08585675	-0.09164769	0.095893435	-0.114255466	0.091064736	-0.10007105	0.112737745	-0.09654851	0.07946693	-0.13406782	0.14127252	-0.12226651	0.11883151	-0.113143906	0.15146706	-0.15355577	0.14205386	-0.121832706	0.12310161	-0.39848867	0.23882727	-0.18316019	0.14843655	-0.10880617	1.0000006	-0.33426198	0.1789281	-0.17727122	0.16261114	-0.7232333	0.22319601	-0.17735617	0.13101709	-0.14557472	0.27745235	-0.18775468	0.14356221	-0.12030175	0.0952252
-0.15015842	0.10262485	-0.09691366	0.10962206	-0.1419323	0.08706754	-0.10286926	0.10923225	-0.117758125	0.13420938	-0.108816735	0.117300704	-0.13701278	0.118362114	-0.09554106	0.13329504	-0.16653292	0.14324771	-0.15422624	0.13247785	-0.15344717	0.1810427	-0.17822774	0.15835226	-0.16700585	0.24883805	-0.3802599	0.26300716	-0.21851861	0.14498511	-0.33426198	1.0000006	-0.44967583	0.2413778	-0.23001677	0.2486905	-0.49834657	0.2509355	-0.18788378	0.17990687	-0.29923376	0.25043193	-0.21946272	0.15503374	-0.12874027
0.12800334	-0.08887447	0.08416971	-0.09767163	0.124946654	-0.073923714	0.08783063	-0.09477388	0.10682568	-0.12373117	0.091552146	-0.09949339	0.116531685	-0.11068125	0.08826614	-0.10272517	0.12795268	-0.11871887	0.14652093	-0.12360805	0.113332726	-0.13696021	0.14080131	-0.16961482	0.16516685	-0.17323405	0.19570683	-0.6184282	0.25480503	-0.15594918	0.1789281	-0.44967583	1.0000005	-0.41276145	0.23255841	-0.17122327	0.23282574	-0.30451852	0.21172868	-0.19471121	0.22178306	-0.20589772	0.1922184	-0.16327345	0.1309156
-0.16219963	0.10957823	-0.104558185	0.12168102	-0.15958725	0.091254495	-0.10827988	0.11589012	-0.13414317	0.15348737	-0.11313089	0.120129384	-0.14221188	0.13660342	-0.11073828	0.11178151	-0.14442776	0.13572344	-0.18546787	0.15394378	-0.124533914	0.14109941	-0.15787017	0.20184411	-0.2348023	0.16292651	-0.17751093	0.27649772	-0.33395317	0.2172646	-0.17727122	0.2413778	-0.41276145	1.0000004	-0.46206966	0.16921914	-0.2157447	0.25906444	-0.48081845	0.26607582	-0.27566686	0.19628586	-0.21426865	0.22253047	-0.19741976
0.17790902	-0.12730137	0.11990542	-0.14575425	0.18285277	-0.10228468	0.1221266	-0.13450067	0.15842693	-0.20634548	0.1246321	-0.1371047	0.15795636	-0.167319	0.14276527	-0.12051777	0.15158235	-0.15074141	0.20239986	-0.21619919	0.12800692	-0.15097351	0.16432716	-0.2430275	0.29529914	-0.16971341	0.16838032	-0.27885574	0.27554974	-0.5128491	0.16261114	-0.23001677	0.23255841	-0.46206966	1.0000001	-0.16864216	0.18170655	-0.2226945	0.22672482	-0.2765144	0.24894866	-0.1921563	0.17259985	-0.20745958	0.15986122
-0.1262914	0.08624765	-0.08082998	0.091616265	-0.11868979	0.07338276	-0.08610881	0.091034785	-0.09660816	0.11358618	-0.091625884	0.09844746	-0.11281417	0.09628634	-0.07950026	0.11675124	-0.13640165	0.11677382	-0.120146796	0.11229368	-0.13909817	0.1378523	-0.1383094	0.12007192	-0.12602244	0.23521937	-0.2142349	0.16638896	-0.14842516	0.10908593	-0.7232333	0.2486905	-0.17122327	0.16921914	-0.16864216	0.99999994	-0.29039186	0.1763174	-0.13206391	0.1420188	-0.4643096	0.18862055	-0.15251125	0.118808575	-0.09617209
0.11354991	-0.077693276	0.07322843	-0.083687834	0.10845925	-0.065528415	0.07728115	-0.08230794	0.089634314	-0.103988916	0.0814983	-0.08784177	0.10174233	-0.090335764	0.07360672	-0.09703744	0.11688287	-0.10432646	0.11608935	-0.10312727	0.10844062	-0.12501445	0.123369865	-0.120963775	0.12818527	-0.17729554	0.18865065	-0.20009063	0.16121988	-0.113665424	0.22319601	-0.49834657	0.23282574	-0.2157447	0.18170655	-0.29039186	1.0000002	-0.4277477	0.19975361	-0.1932489	0.23943986	-0.56399953	0.2897784	-0.17659709	0.13701124
-0.122811675	0.08243658	-0.078270294	0.08972192	-0.11805363	0.069467224	-0.082014605	0.08700205	-0.09707928	0.11099841	-0.08648051	0.09170137	-0.107634895	0.09747908	-0.0793483	0.09218116	-0.11622527	0.105407186	-0.12840633	0.11017572	-0.104070604	0.11629171	-0.124444075	0.13294049	-0.14786367	0.14642212	-0.1618161	0.20844656	-0.18750204	0.12989742	-0.17735617	0.2509355	-0.30451852	0.25906444	-0.2226945	0.1763174	-0.4277477	0.9999999	-0.42991775	0.24418925	-0.24633683	0.30599993	-0.5650317	0.23542584	-0.19744106
0.10728561	-0.07228776	0.06869833	-0.079478145	0.10439105	-0.060509704	0.07155264	-0.07625765	0.08638764	-0.09965192	0.075085916	-0.079745576	0.09360534	-0.08740565	0.07126475	-0.07708758	0.0975662	-0.09049395	0.11519539	-0.099517934	0.08579987	-0.09690302	0.10500342	-0.12330426	0.1385701	-0.11772817	0.1252359	-0.18252756	0.17493755	-0.12668507	0.13101709	-0.18788378	0.21172868	-0.48081845	0.22672482	-0.13206391	0.19975361	-0.42991775	1.0000001	-0.5275632	0.19587044	-0.20061079	0.2407089	-0.42240644	0.27548626
-0.13144511	0.08658193	-0.08257188	0.094935305	-0.12711109	0.072994344	-0.08605039	0.09082632	-0.10290038	0.11693285	-0.09083814	0.094917126	-0.11192231	0.10249403	-0.084082715	0.0885628	-0.114053026	0.105332166	-0.13576023	0.11625725	-0.09952271	0.109546065	-0.12208606	0.1381504	-0.16704911	0.12860677	-0.1371584	0.17599633	-0.190611	0.14435785	-0.14557472	0.17990687	-0.19471121	0.26607582	-0.2765144	0.1420188	-0.1932489	0.24418925	-0.5275632	1.0000001	-0.24482353	0.18505798	-0.23479357	0.32241935	-0.5817231
0.19894916	-0.13767013	0.12798543	-0.15046939	0.19479685	-0.11400536	0.13359226	-0.14324874	0.15643375	-0.19974965	0.13964364	-0.15153655	0.16960855	-0.15644844	0.13556354	-0.15430485	0.17634653	-0.16676435	0.18411101	-0.20072632	0.16192552	-0.17970683	0.18085004	-0.18663764	0.19040589	-0.2570921	0.21724711	-0.25533557	0.21556944	-0.17098509	0.27745235	-0.29923376	0.22178306	-0.27566686	0.24894866	-0.4643096	0.23943986	-0.24633683	0.19587044	-0.24482353	0.9999999	-0.26491255	0.19613111	-0.19300295	0.14849478
-0.11715502	0.078372166	-0.07427806	0.0846876	-0.11167267	0.06633581	-0.078157544	0.082596734	-0.0909474	0.10413637	-0.082717665	0.087563984	-0.10245982	0.09073799	-0.07416697	0.09015241	-0.11287268	0.100953504	-0.11801915	0.10305933	-0.10253438	0.11304582	-0.11971801	0.1195092	-0.13281761	0.1463133	-0.16251858	0.17287135	-0.16037099	0.114743926	-0.18775468	0.25043193	-0.20589772	0.19628586	-0.1921563	0.18862055	-0.56399953	0.30599993	-0.20061079	0.18505798	-0.26491255	0.9999997	-0.6227076	0.19141814	-0.15926948
0.098182715	-0.06644957	0.06289471	-0.072295934	0.094555	-0.0558592	0.06592842	-0.07014445	0.07787372	-0.09016334	0.06939776	-0.074072056	0.086362705	-0.07844759	0.06407538	-0.075784616	0.09379348	-0.08546169	0.10178005	-0.0896425	0.08450249	-0.09548787	0.09985601	-0.106498934	0.11633284	-0.12344869	0.1307276	-0.16898952	0.14421555	-0.10363601	0.14356221	-0.21946272	0.1922184	-0.21426865	0.17259985	-0.15251125	0.2897784	-0.5650317	0.2407089	-0.23479357	0.19613111	-0.6227076	0.99999964	-0.3093553	0.19070871
-0.102043994	0.06768693	-0.064447924	0.07413082	-0.09865379	0.05699732	-0.067231536	0.071127355	-0.08030216	0.091668084	-0.07089741	0.074472465	-0.08762598	0.080257945	-0.06574896	0.07089977	-0.09056283	0.08341489	-0.105929956	0.09117306	-0.079565026	0.088068545	-0.09690964	0.10874327	-0.1282782	0.10550176	-0.11264044	0.14542553	-0.1502884	0.111859664	-0.12030175	0.15503374	-0.16327345	0.22253047	-0.20745958	0.118808575	-0.17659709	0.23542584	-0.42240644	0.32241935	-0.19300295	0.19141814	-0.3093553	0.9999996	-0.71265066
0.08017538	-0.053596824	0.050937142	-0.058770344	0.07772812	-0.04499922	0.053111803	-0.05637716	0.063591644	-0.07326414	0.055881754	-0.05903856	0.06922191	-0.06385414	0.05234836	-0.05669982	0.07176504	-0.066400886	0.08363023	-0.07301264	0.0631547	-0.07058261	0.07675616	-0.08711691	0.100342125	-0.08547892	0.08988138	-0.12115811	0.11882292	-0.08921202	0.0952252	-0.12874027	0.1309156	-0.19741976	0.15986122	-0.09617209	0.13701124	-0.19744106	0.27548626	-0.5817231	0.14849478	-0.15926948	0.19070871	-0.71265066	0.9999996
