1.0000002	-0.8011426	0.26742002	-0.3265292	0.16311273	-0.297602	0.17295904	-0.15628308	0.13956988	-0.10699744	0.13719806	-0.1364947	0.15215805	-0.10613042	0.122324236	-0.14530669	0.12702623	-0.13969725	0.09018353	-0.081284106	0.085822865	-0.09040312	0.0875197	-0.07548336	0.08086245	-0.086497605	0.090165384	-0.072974205	0.07453943	-0.06867202	0.09696062	-0.072523534	0.07407634	-0.07765152	0.0817446	-0.05335425	0.07454794	-0.068351634	0.051253006	-0.058494195	0.07204146	-0.042640623	0.038526103	-0.041429326	0.047939986
-0.8011426	1.0000002	-0.42895252	0.2624957	-0.15702035	0.19334307	-0.19284353	0.16234528	-0.13232869	0.097688414	-0.11197153	0.11376978	-0.14546517	0.0979837	-0.11495874	0.11627565	-0.10914744	0.120269746	-0.08075191	0.07185907	-0.071234815	0.07516166	-0.0748895	0.06417567	-0.06937724	0.071472	-0.075784944	0.061466176	-0.06324474	0.058315113	-0.08171342	0.06081735	-0.0625181	0.065264866	-0.06927811	0.044865843	-0.062800065	0.0572796	-0.04309024	0.049041603	-0.060808998	0.03565049	-0.032307465	0.03472103	-0.040309105
0.26742002	-0.42895252	1.0000002	-0.715168	0.1861655	-0.19283332	0.24486643	-0.3417443	0.15257715	-0.122856624	0.11661302	-0.13466015	0.1805672	-0.12055001	0.12970693	-0.13120717	0.12153787	-0.14724684	0.08882369	-0.08213203	0.07777294	-0.08346728	0.0824721	-0.071479775	0.075072944	-0.07854277	0.08197686	-0.06743774	0.06877556	-0.064132825	0.08649869	-0.065734774	0.06749781	-0.07163189	0.0743637	-0.047736455	0.067124665	-0.062240172	0.04651342	-0.053352147	0.064043984	-0.038684107	0.034854457	-0.037580766	0.043289796
-0.3265292	0.2624957	-0.715168	1.0000002	-0.32587618	0.20358446	-0.28347167	0.23414128	-0.22032675	0.17227913	-0.13053124	0.14442424	-0.20228992	0.15427311	-0.18456396	0.1447194	-0.13852954	0.15934198	-0.11431196	0.10392636	-0.08854807	0.09467202	-0.09628992	0.08337944	-0.0902316	0.08941362	-0.09463287	0.078314155	-0.08071728	0.076011136	-0.10092396	0.07620074	-0.078812964	0.083489485	-0.08771919	0.055626217	-0.078323275	0.07229132	-0.054311123	0.062152673	-0.07499445	0.044906497	-0.040581033	0.043776497	-0.050624125
0.16311273	-0.15702035	0.1861655	-0.32587618	1.0000005	-0.26120883	0.16987173	-0.14953034	0.25263387	-0.65619946	0.1474501	-0.16174814	0.18797667	-0.22730786	0.28763336	-0.19083656	0.15940773	-0.19202656	0.15794241	-0.16913578	0.11219252	-0.12117249	0.12252336	-0.11102791	0.12147731	-0.11682032	0.119719625	-0.10378955	0.10615106	-0.10582111	0.12861891	-0.09949925	0.10300516	-0.113333546	0.1159047	-0.071781926	0.10146648	-0.09638808	0.07219161	-0.0838303	0.09586235	-0.0602419	0.053927004	-0.058698602	0.067194596
-0.297602	0.19334307	-0.19283332	0.20358446	-0.26120883	1.0000006	-0.272996	0.19692314	-0.25385228	0.1672578	-0.5293151	0.29471245	-0.3089644	0.18514691	-0.22103393	0.2848846	-0.29487982	0.2557225	-0.17624724	0.14944184	-0.19088714	0.18896483	-0.18506718	0.1524817	-0.17015226	0.18026522	-0.20090312	0.15163061	-0.15794645	0.13899216	-0.22318862	0.156976	-0.16014184	0.1584141	-0.1763163	0.12011093	-0.1658204	0.14389776	-0.10931802	0.121650375	-0.16654208	0.089523114	-0.08236473	0.08729866	-0.10317518
0.17295904	-0.19284353	0.24486643	-0.28347167	0.16987173	-0.272996	1.0000007	-0.7516312	0.17639084	-0.12386391	0.17973386	-0.2517035	0.28429577	-0.15527739	0.14788301	-0.20120671	0.18789351	-0.25217745	0.11346182	-0.10467694	0.114222646	-0.12421333	0.118756056	-0.10264186	0.10124031	-0.114171505	0.117604785	-0.095612064	0.09605433	-0.08778097	0.119964935	-0.0925023	0.09420316	-0.10005445	0.10165927	-0.06617748	0.09318569	-0.08697041	0.06432418	-0.0739977	0.08788922	-0.053790335	0.048288643	-0.051964078	0.05946433
-0.15628308	0.16234528	-0.3417443	0.23414128	-0.14953034	0.19692314	-0.7516312	1.0000005	-0.17372306	0.10895735	-0.14776535	0.19256933	-0.41771623	0.14770836	-0.13538198	0.15085821	-0.15782431	0.20060764	-0.09503375	0.08666946	-0.089233816	0.09679089	-0.09570872	0.080959685	-0.08092478	0.08797402	-0.09283514	0.074860096	-0.07594003	0.06922117	-0.09432753	0.07225016	-0.074077286	0.07802295	-0.08012815	0.05182759	-0.07315118	0.06773058	-0.050269585	0.0576105	-0.0691215	0.04177911	-0.037640177	0.040459864	-0.04647656
0.13956988	-0.13232869	0.15257715	-0.22032675	0.25263387	-0.25385228	0.17639084	-0.17372306	1.0000002	-0.34911883	0.15439151	-0.18674703	0.24278748	-0.69288415	0.30967727	-0.19141617	0.16926363	-0.22135581	0.15892392	-0.16729696	0.111547336	-0.12141729	0.12266348	-0.11030219	0.11733194	-0.11455442	0.11783956	-0.101205975	0.1032182	-0.101915546	0.12371812	-0.09622146	0.09954389	-0.109154545	0.11089587	-0.06885274	0.097545475	-0.092604674	0.06905535	-0.0801519	0.09158553	-0.057543688	0.05152201	-0.055968694	0.06396339
-0.10699744	0.097688414	-0.122856624	0.17227913	-0.65619946	0.1672578	-0.12386391	0.10895735	-0.34911883	1.0000004	-0.10215427	0.11615207	-0.1545492	0.25145668	-0.55868083	0.1268839	-0.11344445	0.13954677	-0.15263632	0.15426421	-0.075980075	0.082588896	-0.08797106	0.08040169	-0.091620944	0.07837385	-0.08152459	0.071838476	-0.07473122	0.076739766	-0.086344644	0.06729659	-0.07061539	0.078290686	-0.08043764	0.048110604	-0.06855422	0.06532289	-0.049040984	0.057021324	-0.06412583	0.04049714	-0.036320563	0.03961449	-0.045371234
0.13719806	-0.11197153	0.11661302	-0.13053124	0.1474501	-0.5293151	0.17973386	-0.14776535	0.15439151	-0.10215427	1.0000007	-0.6315783	0.24459659	-0.12717296	0.13352343	-0.40968663	0.25829205	-0.226283	0.11098383	-0.09727401	0.16932711	-0.16412781	0.12925714	-0.107604876	0.108154476	-0.14877799	0.15031017	-0.10545479	0.10548205	-0.091732964	0.14852875	-0.109367706	0.107132845	-0.10725246	0.112216815	-0.07959406	0.10977295	-0.097576015	0.07180236	-0.081031546	0.1061738	-0.060022134	0.054401215	-0.057502136	0.066378236
-0.1364947	0.11376978	-0.13466015	0.14442424	-0.16174814	0.29471245	-0.2517035	0.19256933	-0.18674703	0.11615207	-0.6315783	1.0000005	-0.44340217	0.15756461	-0.15616237	0.2673592	-0.40835813	0.26954848	-0.12276164	0.10742184	-0.15949364	0.16745548	-0.13994165	0.11442507	-0.11359638	0.14134116	-0.15533806	0.10937619	-0.110201	0.09596356	-0.14824869	0.11069258	-0.11023048	0.110872604	-0.11574494	0.079696395	-0.111505516	0.09950741	-0.073408514	0.08294264	-0.10652234	0.060974393	-0.05531323	0.05865139	-0.0677258
0.15215805	-0.14546517	0.1805672	-0.20228992	0.18797667	-0.3089644	0.28429577	-0.41771623	0.24278748	-0.1545492	0.24459659	-0.44340217	1.0000002	-0.31695417	0.20212828	-0.25037652	0.273071	-0.48122466	0.14618436	-0.13602898	0.14337449	-0.15914544	0.15747084	-0.13274923	0.12402126	-0.1397139	0.14687403	-0.118617415	0.11897322	-0.107145004	0.14463224	-0.11232657	0.11499462	-0.12142825	0.12243279	-0.07939143	0.11246246	-0.10472591	0.0771182	-0.088569134	0.10504886	-0.064146176	0.057681337	-0.06193511	0.07081648
-0.10613042	0.0979837	-0.12055001	0.15427311	-0.22730786	0.18514691	-0.15527739	0.14770836	-0.69288415	0.25145668	-0.12717296	0.15756461	-0.31695417	1.0000005	-0.51809597	0.14487879	-0.14129062	0.18332331	-0.15708366	0.154573	-0.08641672	0.0943413	-0.099268116	0.08857271	-0.09629872	0.087395474	-0.09160836	0.07873453	-0.08134284	0.08109201	-0.09476657	0.07381238	-0.07708196	0.08437149	-0.08626456	0.052548587	-0.07484671	0.07085701	-0.052928526	0.06134361	-0.069896705	0.04373386	-0.039264485	0.042646524	-0.048822463
0.122324236	-0.11495874	0.12970693	-0.18456396	0.28763336	-0.22103393	0.14788301	-0.13538198	0.30967727	-0.55868083	0.13352343	-0.15616237	0.20212828	-0.51809597	1.0000005	-0.16921705	0.14915545	-0.19143794	0.21035378	-0.2910866	0.10040456	-0.109726734	0.117226176	-0.109313086	0.12481074	-0.103900485	0.107516944	-0.09608354	0.09977772	-0.106072836	0.113397755	-0.08911716	0.09365417	-0.10517794	0.10690204	-0.0633297	0.090456046	-0.0868835	0.06510612	-0.076054625	0.084130146	-0.053789776	0.048139036	-0.0526158	0.060063545
-0.14530669	0.11627565	-0.13120717	0.1447194	-0.19083656	0.2848846	-0.20120671	0.15085821	-0.19141617	0.1268839	-0.40968663	0.2673592	-0.25037652	0.14487879	-0.16921705	1.0000005	-0.4133835	0.26257002	-0.15311374	0.1302482	-0.47370115	0.27872488	-0.2006711	0.16032332	-0.16498093	0.2661115	-0.27923203	0.16647862	-0.16613278	0.13797149	-0.2741521	0.18566996	-0.17582788	0.16515958	-0.17689088	0.13950342	-0.18778342	0.15763207	-0.11525385	0.12761486	-0.18820931	0.096694514	-0.088497624	0.09147693	-0.10624674
0.12702623	-0.10914744	0.12153787	-0.13852954	0.15940773	-0.29487982	0.18789351	-0.15782431	0.16926363	-0.11344445	0.25829205	-0.40835813	0.273071	-0.14129062	0.14915545	-0.4133835	1.0000006	-0.58411145	0.14350255	-0.12651956	0.22995134	-0.35271847	0.19572072	-0.16177665	0.1394479	-0.2099025	0.22422373	-0.14990291	0.14399563	-0.12211645	0.18606277	-0.1499482	0.14341158	-0.14573069	0.14345871	-0.10080121	0.14252505	-0.13071512	0.09347532	-0.10687126	0.1297619	-0.07876403	0.07055359	-0.074720494	0.08453601
-0.13969725	0.120269746	-0.14724684	0.15934198	-0.19202656	0.2557225	-0.25217745	0.20060764	-0.22135581	0.13954677	-0.226283	0.26954848	-0.48122466	0.18332331	-0.19143794	0.26257002	-0.58411145	1.0000005	-0.2011162	0.15865983	-0.18418045	0.21389306	-0.28642473	0.18916686	-0.16392863	0.17181137	-0.20139647	0.15982977	-0.16466898	0.13672476	-0.18458271	0.1442242	-0.15346533	0.155744	-0.15885796	0.100221075	-0.14512712	0.1328783	-0.097990155	0.11122031	-0.13298132	0.07984883	-0.072496705	0.077477664	-0.08915839
0.09018353	-0.08075191	0.08882369	-0.11431196	0.15794241	-0.17624724	0.11346182	-0.09503375	0.15892392	-0.15263632	0.11098383	-0.12276164	0.14618436	-0.15708366	0.21035378	-0.15311374	0.14350255	-0.2011162	1.0000006	-0.8454553	0.09857959	-0.11259314	0.1598404	-0.19326358	0.1987632	-0.10422399	0.11141766	-0.121834286	0.13550155	-0.17592527	0.11493318	-0.09725479	0.11024658	-0.1386197	0.13428763	-0.065214515	0.09767765	-0.1001582	0.07551496	-0.09111138	0.085077584	-0.060147725	0.053572882	-0.060015224	0.067584656
-0.081284106	0.07185907	-0.08213203	0.10392636	-0.16913578	0.14944184	-0.10467694	0.08666946	-0.16729696	0.15426421	-0.09727401	0.10742184	-0.13602898	0.154573	-0.2910866	0.1302482	-0.12651956	0.15865983	-0.8454553	1.0000007	-0.08605314	0.09733728	-0.14495741	0.15173505	-0.24653278	0.09042586	-0.098434985	0.10613184	-0.12261389	0.1622277	-0.10209455	0.08541242	-0.09826431	0.12088307	-0.12580985	0.05768728	-0.086760566	0.087783314	-0.06740334	0.08066953	-0.07570366	0.052626327	-0.047221016	0.053064596	-0.06042943
0.085822865	-0.071234815	0.07777294	-0.08854807	0.11219252	-0.19088714	0.114222646	-0.089233816	0.111547336	-0.075980075	0.16932711	-0.15949364	0.14337449	-0.08641672	0.10040456	-0.47370115	0.22995134	-0.18418045	0.09857959	-0.08605314	1.0000011	-0.5446785	0.1579649	-0.13042662	0.11471872	-0.56077105	0.30358455	-0.14111327	0.1271398	-0.101831324	0.23036653	-0.17245018	0.13987975	-0.13015515	0.1265135	-0.1166447	0.15026222	-0.12998247	0.08865699	-0.100005336	0.13860774	-0.077620536	0.06903367	-0.07067268	0.07871302
-0.09040312	0.07516166	-0.08346728	0.09467202	-0.12117249	0.18896483	-0.12421333	0.09679089	-0.12141729	0.082588896	-0.16412781	0.16745548	-0.15914544	0.0943413	-0.109726734	0.27872488	-0.35271847	0.21389306	-0.11259314	0.09733728	-0.5446785	1.0000011	-0.23271509	0.16259715	-0.13442911	0.3061064	-0.58272356	0.17114013	-0.15567927	0.11748583	-0.2361987	0.19939175	-0.16849488	0.1494645	-0.1461583	0.120091975	-0.17842256	0.14666727	-0.1007573	0.11201212	-0.14902386	0.08514702	-0.076868825	0.07883776	-0.08855031
0.0875197	-0.0748895	0.0824721	-0.09628992	0.12252336	-0.18506718	0.118756056	-0.09570872	0.12266348	-0.08797106	0.12925714	-0.13994165	0.15747084	-0.099268116	0.117226176	-0.2006711	0.19572072	-0.28642473	0.1598404	-0.14495741	0.1579649	-0.23271509	1.0000012	-0.7181218	0.21169694	-0.16490898	0.19095443	-0.34375563	0.2845756	-0.1997072	0.17036961	-0.16497883	0.21284121	-0.24651468	0.19466053	-0.09748894	0.15575169	-0.17048587	0.118392825	-0.1402667	0.122271806	-0.09391331	0.08360342	-0.09169577	0.10088358
-0.07548336	0.06417567	-0.071479775	0.08337944	-0.11102791	0.1524817	-0.10264186	0.080959685	-0.11030219	0.08040169	-0.107604876	0.11442507	-0.13274923	0.08857271	-0.109313086	0.16032332	-0.16177665	0.18916686	-0.19326358	0.15173505	-0.13042662	0.16259715	-0.7181218	1.0000012	-0.2915081	0.1353831	-0.16434889	0.25375247	-0.448919	0.21062489	-0.15278149	0.14164884	-0.19894898	0.2334157	-0.20608236	0.08664869	-0.14072019	0.14746983	-0.10992387	0.1275894	-0.11077416	0.082097255	-0.074611425	0.08306648	-0.09420466
0.08086245	-0.06937724	0.075072944	-0.0902316	0.12147731	-0.17015226	0.10124031	-0.08092478	0.11733194	-0.091620944	0.108154476	-0.11359638	0.12402126	-0.09629872	0.12481074	-0.16498093	0.1394479	-0.16392863	0.1987632	-0.24653278	0.11471872	-0.13442911	0.21169694	-0.2915081	1.0000012	-0.12802637	0.13904135	-0.19302544	0.22797792	-0.762439	0.14594024	-0.13683264	0.16715173	-0.25912684	0.26416415	-0.08551938	0.13688102	-0.1561267	0.12261634	-0.16104409	0.108835034	-0.09078663	0.08016611	-0.09510467	0.104975976
-0.086497605	0.071472	-0.07854277	0.08941362	-0.11682032	0.18026522	-0.114171505	0.08797402	-0.11455442	0.07837385	-0.14877799	0.14134116	-0.1397139	0.087395474	-0.103900485	0.2661115	-0.2099025	0.17181137	-0.10422399	0.09042586	-0.56077105	0.3061064	-0.16490898	0.1353831	-0.12802637	1.0000013	-0.5105698	0.16530398	-0.14651349	0.113486275	-0.44760767	0.2315561	-0.17527369	0.1489071	-0.14676858	0.17112076	-0.2033837	0.16041504	-0.10752756	0.1186975	-0.20554326	0.09609028	-0.08623237	0.08497314	-0.09461442
0.090165384	-0.075784944	0.08197686	-0.09463287	0.119719625	-0.20090312	0.117604785	-0.09283514	0.11783956	-0.08152459	0.15031017	-0.15533806	0.14687403	-0.09160836	0.107516944	-0.27923203	0.22422373	-0.20139647	0.11141766	-0.098434985	0.30358455	-0.58272356	0.19095443	-0.16434889	0.13904135	-0.5105698	1.0000014	-0.2328089	0.17065331	-0.12847929	0.26812485	-0.3450658	0.20433743	-0.17565665	0.1597316	-0.14375213	0.21789166	-0.18804584	0.11924959	-0.13472337	0.16341962	-0.104594104	0.09209199	-0.09398699	0.1018104
-0.072974205	0.061466176	-0.06743774	0.078314155	-0.10378955	0.15163061	-0.095612064	0.074860096	-0.101205975	0.071838476	-0.10545479	0.10937619	-0.118617415	0.07873453	-0.09608354	0.16647862	-0.14990291	0.15982977	-0.121834286	0.10613184	-0.14111327	0.17114013	-0.34375563	0.25375247	-0.19302544	0.16530398	-0.2328089	1.0000015	-0.52165896	0.17877556	-0.20387258	0.21855846	-0.59934676	0.2769302	-0.22971353	0.1151912	-0.21292634	0.22753768	-0.15223834	0.16014905	-0.14365119	0.110471524	-0.104575984	0.10845341	-0.121438086
0.07453943	-0.06324474	0.06877556	-0.08071728	0.10615106	-0.15794645	0.09605433	-0.07594003	0.1032182	-0.07473122	0.10548205	-0.110201	0.11897322	-0.08134284	0.09977772	-0.16613278	0.14399563	-0.16466898	0.13550155	-0.12261389	0.1271398	-0.15567927	0.2845756	-0.448919	0.22797792	-0.14651349	0.17065331	-0.52165896	1.0000013	-0.2698069	0.16818632	-0.17652127	0.27160266	-0.51453257	0.26176193	-0.09857949	0.16803357	-0.19656374	0.13964018	-0.16604488	0.12262161	-0.10270908	0.09240501	-0.10404431	0.11471667
-0.06867202	0.058315113	-0.064132825	0.076011136	-0.10582111	0.13899216	-0.08778097	0.06922117	-0.101915546	0.076739766	-0.091732964	0.09596356	-0.107145004	0.08109201	-0.106072836	0.13797149	-0.12211645	0.13672476	-0.17592527	0.1622277	-0.101831324	0.11748583	-0.1997072	0.21062489	-0.762439	0.113486275	-0.12847929	0.17877556	-0.2698069	1.0000013	-0.13793305	0.12620668	-0.16594298	0.24641965	-0.42790377	0.0801958	-0.13176093	0.14455336	-0.12755391	0.16085565	-0.10358708	0.0833271	-0.075866155	0.092908464	-0.10825557
0.09696062	-0.08171342	0.08649869	-0.10092396	0.12861891	-0.22318862	0.119964935	-0.09432753	0.12371812	-0.086344644	0.14852875	-0.14824869	0.14463224	-0.09476657	0.113397755	-0.2741521	0.18606277	-0.18458271	0.11493318	-0.10209455	0.23036653	-0.2361987	0.17036961	-0.15278149	0.14594024	-0.44760767	0.26812485	-0.20387258	0.16818632	-0.13793305	1.0000014	-0.44547158	0.21807815	-0.19333185	0.1757456	-0.43140027	0.27222878	-0.23615526	0.14358449	-0.16489512	0.2828765	-0.14367732	0.12065749	-0.11728159	0.123059765
-0.072523534	0.06081735	-0.065734774	0.07620074	-0.09949925	0.156976	-0.0925023	0.07225016	-0.09622146	0.06729659	-0.109367706	0.11069258	-0.11232657	0.07381238	-0.08911716	0.18566996	-0.1499482	0.1442242	-0.09725479	0.08541242	-0.17245018	0.19939175	-0.16497883	0.14164884	-0.13683264	0.2315561	-0.3450658	0.21855846	-0.17652127	0.12620668	-0.44547158	1.0000014	-0.36827064	0.18736753	-0.17716864	0.2021692	-0.6198738	0.27150068	-0.15826385	0.16072536	-0.2174118	0.13106182	-0.12136899	0.11462422	-0.12363034
0.07407634	-0.0625181	0.06749781	-0.078812964	0.10300516	-0.16014184	0.09420316	-0.074077286	0.09954389	-0.07061539	0.107132845	-0.11023048	0.11499462	-0.07708196	0.09365417	-0.17582788	0.14341158	-0.15346533	0.11024658	-0.09826431	0.13987975	-0.16849488	0.21284121	-0.19894898	0.16715173	-0.17527369	0.20433743	-0.59934676	0.27160266	-0.16594298	0.21807815	-0.36827064	1.0000014	-0.34620783	0.22670728	-0.13271871	0.26630262	-0.42458794	0.18972352	-0.20475644	0.15372966	-0.14720075	0.13437173	-0.13594507	0.14049955
-0.07765152	0.065264866	-0.07163189	0.083489485	-0.113333546	0.1584141	-0.10005445	0.07802295	-0.109154545	0.078290686	-0.10725246	0.110872604	-0.12142825	0.08437149	-0.10517794	0.16515958	-0.14573069	0.155744	-0.1386197	0.12088307	-0.13015515	0.1494645	-0.24651468	0.2334157	-0.25912684	0.1489071	-0.17565665	0.2769302	-0.51453257	0.24641965	-0.19333185	0.18736753	-0.34620783	1.0000014	-0.5808798	0.11218878	-0.19810638	0.21454374	-0.19525598	0.21763706	-0.14382325	0.115919545	-0.10893129	0.13183935	-0.15679154
0.0817446	-0.06927811	0.0743637	-0.08771919	0.1159047	-0.1763163	0.10165927	-0.08012815	0.11089587	-0.08043764	0.112216815	-0.11574494	0.12243279	-0.08626456	0.10690204	-0.17689088	0.14345871	-0.15885796	0.13428763	-0.12580985	0.1265135	-0.1461583	0.19466053	-0.20608236	0.26416415	-0.14676858	0.1597316	-0.22971353	0.26176193	-0.42790377	0.1757456	-0.17716864	0.22670728	-0.5808798	1.0000014	-0.10659493	0.18322894	-0.23461932	0.22047585	-0.39381856	0.13342644	-0.1302929	0.11608545	-0.15772632	0.17204356
-0.05335425	0.044865843	-0.047736455	0.055626217	-0.071781926	0.12011093	-0.06617748	0.05182759	-0.06885274	0.048110604	-0.07959406	0.079696395	-0.07939143	0.052548587	-0.0633297	0.13950342	-0.10080121	0.100221075	-0.065214515	0.05768728	-0.1166447	0.120091975	-0.09748894	0.08664869	-0.08551938	0.17112076	-0.14375213	0.1151912	-0.09857949	0.0801958	-0.43140027	0.2021692	-0.13271871	0.11218878	-0.10659493	1.0000011	-0.24880137	0.15764871	-0.09531188	0.10404419	-0.81115407	0.11548549	-0.10034474	0.07845271	-0.08330827
0.07454794	-0.062800065	0.067124665	-0.078323275	0.10146648	-0.1658204	0.09318569	-0.07315118	0.097545475	-0.06855422	0.10977295	-0.111505516	0.11246246	-0.07484671	0.090456046	-0.18778342	0.14252505	-0.14512712	0.09767765	-0.086760566	0.15026222	-0.17842256	0.15575169	-0.14072019	0.13688102	-0.2033837	0.21789166	-0.21292634	0.16803357	-0.13176093	0.27222878	-0.6198738	0.26630262	-0.19810638	0.18322894	-0.24880137	1.000001	-0.50945044	0.20060694	-0.21356705	0.21202931	-0.18162264	0.15729026	-0.14818902	0.14683889
-0.068351634	0.0572796	-0.062240172	0.07229132	-0.09638808	0.14389776	-0.08697041	0.06773058	-0.092604674	0.06532289	-0.097576015	0.09950741	-0.10472591	0.07085701	-0.0868835	0.15763207	-0.13071512	0.1328783	-0.1001582	0.087783314	-0.12998247	0.14666727	-0.17048587	0.14746983	-0.1561267	0.16041504	-0.18804584	0.22753768	-0.19656374	0.14455336	-0.23615526	0.27150068	-0.42458794	0.21454374	-0.23461932	0.15764871	-0.50945044	1.0000008	-0.43846172	0.26318443	-0.19208582	0.21256955	-0.2701453	0.20004733	-0.21181972
0.051253006	-0.04309024	0.04651342	-0.054311123	0.07219161	-0.10931802	0.06432418	-0.050269585	0.06905535	-0.049040984	0.07180236	-0.073408514	0.0771182	-0.052928526	0.06510612	-0.11525385	0.09347532	-0.097990155	0.07551496	-0.06740334	0.08865699	-0.1007573	0.118392825	-0.10992387	0.12261634	-0.10752756	0.11924959	-0.15223834	0.13964018	-0.12755391	0.14358449	-0.15826385	0.18972352	-0.19525598	0.22047585	-0.09531188	0.20060694	-0.43846172	1.0000006	-0.6775301	0.11632862	-0.16211188	0.15929213	-0.39986908	0.27811596
-0.058494195	0.049041603	-0.053352147	0.062152673	-0.0838303	0.121650375	-0.0739977	0.0576105	-0.0801519	0.057021324	-0.081031546	0.08294264	-0.088569134	0.06134361	-0.076054625	0.12761486	-0.10687126	0.11122031	-0.09111138	0.08066953	-0.100005336	0.11201212	-0.1402667	0.1275894	-0.16104409	0.1186975	-0.13472337	0.16014905	-0.16604488	0.16085565	-0.16489512	0.16072536	-0.20475644	0.21763706	-0.39381856	0.10404419	-0.21356705	0.26318443	-0.6775301	1.0000006	-0.13343298	0.14585471	-0.14802298	0.26628095	-0.3767763
0.07204146	-0.060808998	0.064043984	-0.07499445	0.09586235	-0.16654208	0.08788922	-0.0691215	0.09158553	-0.06412583	0.1061738	-0.10652234	0.10504886	-0.069896705	0.084130146	-0.18820931	0.1297619	-0.13298132	0.085077584	-0.07570366	0.13860774	-0.14902386	0.122271806	-0.11077416	0.108835034	-0.20554326	0.16341962	-0.14365119	0.12262161	-0.10358708	0.2828765	-0.2174118	0.15372966	-0.14382325	0.13342644	-0.81115407	0.21202931	-0.19208582	0.11632862	-0.13343298	1.0000008	-0.16555354	0.12586312	-0.10044102	0.10398106
-0.042640623	0.03565049	-0.038684107	0.044906497	-0.0602419	0.089523114	-0.053790335	0.04177911	-0.057543688	0.04049714	-0.060022134	0.060974393	-0.064146176	0.04373386	-0.053789776	0.096694514	-0.07876403	0.07984883	-0.060147725	0.052626327	-0.077620536	0.08514702	-0.09391331	0.082097255	-0.09078663	0.09609028	-0.104594104	0.110471524	-0.10270908	0.0833271	-0.14367732	0.13106182	-0.14720075	0.115919545	-0.1302929	0.11548549	-0.18162264	0.21256955	-0.16211188	0.14585471	-0.16555354	1.0000012	-0.8834799	0.19318019	-0.2203855
0.038526103	-0.032307465	0.034854457	-0.040581033	0.053927004	-0.08236473	0.048288643	-0.037640177	0.05152201	-0.036320563	0.054401215	-0.05531323	0.057681337	-0.039264485	0.048139036	-0.088497624	0.07055359	-0.072496705	0.053572882	-0.047221016	0.06903367	-0.076868825	0.08360342	-0.074611425	0.08016611	-0.08623237	0.09209199	-0.104575984	0.09240501	-0.075866155	0.12065749	-0.12136899	0.13437173	-0.10893129	0.11608545	-0.10034474	0.15729026	-0.2701453	0.15929213	-0.14802298	0.12586312	-0.8834799	1.000001	-0.2427874	0.19124623
-0.041429326	0.03472103	-0.037580766	0.043776497	-0.058698602	0.08729866	-0.051964078	0.040459864	-0.055968694	0.03961449	-0.057502136	0.05865139	-0.06193511	0.042646524	-0.0526158	0.09147693	-0.074720494	0.077477664	-0.060015224	0.053064596	-0.07067268	0.07883776	-0.09169577	0.08306648	-0.09510467	0.08497314	-0.09398699	0.10845341	-0.10404431	0.092908464	-0.11728159	0.11462422	-0.13594507	0.13183935	-0.15772632	0.07845271	-0.14818902	0.20004733	-0.39986908	0.26628095	-0.10044102	0.19318019	-0.2427874	1.0000011	-0.80827373
0.047939986	-0.040309105	0.043289796	-0.050624125	0.067194596	-0.10317518	0.05946433	-0.04647656	0.06396339	-0.045371234	0.066378236	-0.0677258	0.07081648	-0.048822463	0.060063545	-0.10624674	0.08453601	-0.08915839	0.067584656	-0.06042943	0.07871302	-0.08855031	0.10088358	-0.09420466	0.104975976	-0.09461442	0.1018104	-0.121438086	0.11471667	-0.10825557	0.123059765	-0.12363034	0.14049955	-0.15679154	0.17204356	-0.08330827	0.14683889	-0.21181972	0.27811596	-0.3767763	0.10398106	-0.2203855	0.19124623	-0.80827373	1.0000011
