1.0	-0.106886715	0.08256944	-0.09449808	0.05417332	-0.92240286	0.14080705	-0.0946882	0.07494879	-0.06496357	0.21253122	-0.16344695	0.08479402	-0.08977694	0.09162769	-0.17775394	0.13346918	-0.112524495	0.059188183	-0.061783593	0.08818229	-0.10205764	0.08171076	-0.056195244	0.06326889	-0.06376611	0.07159377	-0.0631416	0.044778854	-0.04729753	0.07206848	-0.055231888	0.048688285	-0.054922678	0.04433874	-0.03530347	0.03792686	-0.04069929	0.04214425	-0.035550024	0.032837633	-0.03586245	0.0365644	-0.034968328	0.045275614
-0.106886715	1.0000004	-0.7612661	0.24856944	-0.13634531	0.089464515	-0.45246148	0.19743933	-0.19181556	0.13312994	-0.16137803	0.19123742	-0.15307954	0.1572347	-0.17928408	0.13009644	-0.17979094	0.16491607	-0.09901308	0.10068849	-0.09566741	0.10707097	-0.12406887	0.08811088	-0.10436339	0.07622112	-0.099305525	0.08817126	-0.06964581	0.07291148	-0.096467376	0.07644255	-0.07064204	0.08133104	-0.06852918	0.0496943	-0.054075688	0.05819578	-0.06332553	0.053823084	-0.047170594	0.051345713	-0.053408932	0.05181764	-0.06902542
0.08256944	-0.7612661	1.0000005	-0.42428628	0.15070012	-0.07260959	0.26309034	-0.2549718	0.21674958	-0.15917385	0.13188328	-0.16509897	0.15915282	-0.1721932	0.1739839	-0.116038606	0.15225647	-0.17279588	0.09980616	-0.10209482	0.08792888	-0.10122376	0.120902546	-0.08908818	0.1027118	-0.07226206	0.09534409	-0.08663768	0.06927306	-0.07274747	0.091081746	-0.075078204	0.069182925	-0.08100548	0.0674723	-0.04866463	0.0528743	-0.057209585	0.062314745	-0.053208157	0.046059676	-0.050534368	0.05236028	-0.05108776	0.067721084
-0.09449808	0.24856944	-0.42428628	1.0000004	-0.37179765	0.07875256	-0.29027802	0.2814183	-0.5638103	0.25422004	-0.1625713	0.17481884	-0.2128137	0.23378325	-0.27541578	0.13573344	-0.19506441	0.20430973	-0.13908112	0.1384348	-0.11128479	0.123451345	-0.16132808	0.11829614	-0.14318706	0.09215921	-0.1257054	0.11129863	-0.09296347	0.096703984	-0.120301336	0.09653914	-0.090842724	0.10570445	-0.09072149	0.06316657	-0.06906931	0.07441116	-0.08275037	0.07058028	-0.060414944	0.06569241	-0.06888724	0.06728463	-0.090676315
0.05417332	-0.13634531	0.15070012	-0.37179765	1.0000004	-0.04571265	0.15103363	-0.1654813	0.19506401	-0.8562672	0.094117634	-0.10255186	0.12296942	-0.15333225	0.1899276	-0.08267008	0.114419065	-0.13580011	0.091072276	-0.09805862	0.07008639	-0.07945456	0.10325493	-0.08077029	0.09621804	-0.05964987	0.081688486	-0.073479496	0.06274042	-0.06621211	0.07779303	-0.06489087	0.060600378	-0.072326735	0.061275102	-0.04243462	0.04620199	-0.05004951	0.055869434	-0.048004847	0.040441137	-0.044416256	0.046314992	-0.04559251	0.06114519
-0.92240286	0.089464515	-0.07260959	0.07875256	-0.04571265	1.0000001	-0.14163509	0.08019202	-0.06404344	0.053985428	-0.27912062	0.1476718	-0.07376444	0.07584709	-0.07855022	0.15390909	-0.1248554	0.094896704	-0.050191626	0.051977634	-0.07848371	0.086072	-0.07005645	0.04729942	-0.053538907	0.054663844	-0.061377473	0.05350086	-0.03776931	0.039776437	-0.06255462	0.046541914	-0.041210897	0.046116114	-0.037403207	0.029818764	-0.032081764	0.03432977	-0.03554507	0.029921737	-0.027795052	0.030199716	-0.030877609	0.029446758	-0.038208876
0.14080705	-0.45246148	0.26309034	-0.29027802	0.15103363	-0.14163509	1.0000002	-0.30772755	0.21789001	-0.18149212	0.25286102	-0.52949536	0.22832218	-0.2374152	0.22778647	-0.2306018	0.26942262	-0.27651095	0.14307758	-0.1485009	0.14934222	-0.17737637	0.1825039	-0.1322907	0.1485597	-0.118880406	0.14826928	-0.13589337	0.10322542	-0.10904355	0.14303048	-0.117992334	0.1064045	-0.123854406	0.10095695	-0.07585357	0.08191531	-0.088681616	0.094458535	-0.08046511	0.07110829	-0.07833193	0.080350116	-0.077996746	0.10198613
-0.0946882	0.19743933	-0.2549718	0.2814183	-0.1654813	0.08019202	-0.30772755	1.0000001	-0.5914257	0.16698563	-0.17464852	0.20174213	-0.508924	0.29514325	-0.27872884	0.14641774	-0.21556558	0.26274073	-0.15656503	0.1474179	-0.117982395	0.13184723	-0.18664756	0.12860917	-0.14888279	0.097399764	-0.13483045	0.12214476	-0.09907459	0.101995766	-0.12553729	0.1021831	-0.096549936	0.11153179	-0.09445306	0.06636643	-0.07280627	0.078637995	-0.08645644	0.07364064	-0.06332627	0.0689154	-0.07216231	0.070327885	-0.0940315
0.07494879	-0.19181556	0.21674958	-0.5638103	0.19506401	-0.06404344	0.21789001	-0.5914257	0.99999976	-0.22166647	0.13489497	-0.15812887	0.26281863	-0.3668238	0.23969555	-0.11841081	0.16592869	-0.2284017	0.13952632	-0.13511486	0.09637672	-0.10974591	0.1493341	-0.11645615	0.12911955	-0.08093496	0.11134225	-0.1026623	0.0866278	-0.08988009	0.10384263	-0.08716871	0.081816636	-0.09752175	0.08149738	-0.05659157	0.06182293	-0.06717074	0.07436024	-0.06383613	0.053805787	-0.05911308	0.06160723	-0.060601056	0.08066808
-0.06496357	0.13312994	-0.15917385	0.25422004	-0.8562672	0.053985428	-0.18149212	0.16698563	-0.22166647	0.9999996	-0.11266999	0.117812134	-0.13749348	0.1658103	-0.2636081	0.0964112	-0.1369705	0.14882544	-0.10666211	0.1142727	-0.08295427	0.09228928	-0.12172682	0.093141176	-0.11605015	0.07029772	-0.0968646	0.08545137	-0.07355786	0.07729805	-0.09298882	0.07555928	-0.07118678	0.08396179	-0.07257677	0.049667053	-0.05424162	0.058506474	-0.06584767	0.056399684	-0.047601737	0.051903065	-0.05448781	0.05350891	-0.07249789
0.21253122	-0.16137803	0.13188328	-0.1625713	0.094117634	-0.27912062	0.25286102	-0.17464852	0.13489497	-0.11266999	0.9999997	-0.5249458	0.1697833	-0.16963461	0.16695106	-0.59831876	0.30972427	-0.21959491	0.10937818	-0.112667024	0.19678485	-0.21633634	0.15517937	-0.103272356	0.11518085	-0.13167635	0.13813818	-0.1202468	0.08218969	-0.086416185	0.14120272	-0.10354443	0.09077836	-0.10076305	0.08097489	-0.06596098	0.070813	-0.07571296	0.077375524	-0.064975776	0.06115354	-0.06639618	0.06763455	-0.064236194	0.08280156
-0.16344695	0.19123742	-0.16509897	0.17481884	-0.10255186	0.1476718	-0.52949536	0.20174213	-0.15812887	0.117812134	-0.5249458	0.9999994	-0.25398034	0.19047187	-0.18788671	0.28441644	-0.47792524	0.23487623	-0.11751062	0.117007956	-0.15923384	0.1725715	-0.16015367	0.10574381	-0.11944205	0.111060254	-0.13128293	0.11574453	-0.08328753	0.08688929	-0.13104396	0.09803296	-0.08850641	0.0991706	-0.08121752	0.06295991	-0.06817523	0.073076196	-0.076517224	0.06451017	-0.059047908	0.064004056	-0.065908305	0.06305556	-0.08235626
0.08479402	-0.15307954	0.15915282	-0.2128137	0.12296942	-0.07376444	0.22832218	-0.508924	0.26281863	-0.13749348	0.1697833	-0.25398034	0.99999946	-0.5398009	0.2643137	-0.14932568	0.21601889	-0.5004712	0.17223947	-0.15675592	0.115419	-0.13280022	0.19732557	-0.13914149	0.1467469	-0.09590693	0.13316853	-0.1287696	0.10114316	-0.10366248	0.12060461	-0.102359004	0.09641275	-0.11299006	0.09303321	-0.06575491	0.07212729	-0.07862694	0.085411735	-0.07302757	0.062311422	-0.06841684	0.07118878	-0.06966095	0.09189141
-0.08977694	0.1572347	-0.1721932	0.23378325	-0.15333225	0.07584709	-0.2374152	0.29514325	-0.3668238	0.1658103	-0.16963461	0.19047187	-0.5398009	0.99999946	-0.51578623	0.1468584	-0.21403685	0.28814995	-0.29299083	0.2202232	-0.12589638	0.14186065	-0.21367157	0.18563026	-0.20084606	0.10733775	-0.15272725	0.1403756	-0.13341808	0.13399035	-0.13958144	0.11950093	-0.114420824	0.14021681	-0.118459016	0.077895366	-0.08547144	0.09326604	-0.10605704	0.091672264	-0.07439889	0.082009815	-0.08603235	0.08566697	-0.11476696
0.09162769	-0.17928408	0.1739839	-0.27541578	0.1899276	-0.07855022	0.22778647	-0.27872884	0.23969555	-0.2636081	0.16695106	-0.18788671	0.2643137	-0.51578623	0.9999996	-0.1585743	0.21017885	-0.32770494	0.2538298	-0.3813142	0.14145929	-0.16693908	0.22413865	-0.22466147	0.25104812	-0.12619767	0.17583002	-0.16696991	0.16171429	-0.17467722	0.16213708	-0.15129349	0.14026089	-0.18338527	0.14855485	-0.098465115	0.10635242	-0.1175524	0.13373353	-0.118165076	0.09280072	-0.10507297	0.10806096	-0.10962861	0.14416876
-0.17775394	0.13009644	-0.116038606	0.13573344	-0.08267008	0.15390909	-0.2306018	0.14641774	-0.11841081	0.0964112	-0.59831876	0.28441644	-0.14932568	0.1468584	-0.1585743	0.9999997	-0.5474488	0.2052124	-0.10390737	0.10533809	-0.36054784	0.2471706	-0.16375287	0.09840079	-0.11116363	0.16047877	-0.15592016	0.12566048	-0.08005596	0.08342403	-0.17461282	0.10677277	-0.09342126	0.09857943	-0.07956884	0.06852142	-0.07348162	0.07719692	-0.077050276	0.063771605	-0.06355141	0.06721511	-0.06877274	0.06391138	-0.08218155
0.13346918	-0.17979094	0.15225647	-0.19506441	0.114419065	-0.1248554	0.26942262	-0.21556558	0.16592869	-0.1369705	0.30972427	-0.47792524	0.21601889	-0.21403685	0.21017885	-0.5474488	0.9999995	-0.37182242	0.14201438	-0.14408134	0.22852848	-0.2922538	0.20720924	-0.13306351	0.14618824	-0.15744746	0.17531522	-0.15701422	0.10486484	-0.10985462	0.1732921	-0.13071974	0.11541435	-0.12777552	0.102379434	-0.082864575	0.08936112	-0.09590288	0.097762205	-0.08209926	0.07692471	-0.08363991	0.085316904	-0.081080854	0.10441858
-0.112524495	0.16491607	-0.17279588	0.20430973	-0.13580011	0.094896704	-0.27651095	0.26274073	-0.2284017	0.14882544	-0.21959491	0.23487623	-0.5004712	0.28814995	-0.32770494	0.2052124	-0.37182242	0.9999998	-0.24125147	0.19859871	-0.17535956	0.19868344	-0.43467057	0.18761095	-0.20632578	0.14708112	-0.2204614	0.21405728	-0.14460452	0.14492415	-0.18774061	0.15540785	-0.15054555	0.16189271	-0.13485171	0.09894441	-0.11032058	0.11930326	-0.12559766	0.10529013	-0.09444361	0.10174456	-0.10692526	0.102156505	-0.13487902
0.059188183	-0.09901308	0.09980616	-0.13908112	0.091072276	-0.050191626	0.14307758	-0.15656503	0.13952632	-0.10666211	0.10937818	-0.11751062	0.17223947	-0.29299083	0.2538298	-0.10390737	0.14201438	-0.24125147	1.0000002	-0.5697434	0.100247584	-0.11789103	0.18741202	-0.58923304	0.29998982	-0.09289471	0.13767812	-0.1376345	0.23202789	-0.22539055	0.12006563	-0.12625949	0.12512328	-0.20411779	0.15604182	-0.08282485	0.09028566	-0.10346382	0.13129869	-0.12083439	0.07845357	-0.09169145	0.09574949	-0.104253024	0.13657342
-0.061783593	0.10068849	-0.10209482	0.1384348	-0.09805862	0.051977634	-0.1485009	0.1474179	-0.13511486	0.1142727	-0.112667024	0.117007956	-0.15675592	0.2202232	-0.3813142	0.10533809	-0.14408134	0.19859871	-0.5697434	0.99999994	-0.10408447	0.119941354	-0.18505743	0.28945902	-0.581348	0.09645524	-0.14317065	0.13498065	-0.2148769	0.21942203	-0.12755315	0.12828416	-0.12775977	0.18763037	-0.17188905	0.0855835	-0.09344215	0.10541216	-0.13840267	0.1263116	-0.08210001	0.09466149	-0.10037299	0.10836526	-0.15045255
0.08818229	-0.09566741	0.08792888	-0.11128479	0.07008639	-0.07848371	0.14934222	-0.117982395	0.09637672	-0.08295427	0.19678485	-0.15923384	0.115419	-0.12589638	0.14145929	-0.36054784	0.22852848	-0.17535956	0.100247584	-0.10408447	1.0	-0.7020372	0.18799458	-0.10293445	0.11351755	-0.4307031	0.23090442	-0.1719005	0.08744876	-0.09098015	0.27030239	-0.14541863	0.117197365	-0.11438419	0.08820888	-0.0908572	0.0952316	-0.09821586	0.08956302	-0.07222845	0.081202604	-0.08452433	0.084433965	-0.07549861	0.09341299
-0.10205764	0.10707097	-0.10122376	0.123451345	-0.07945456	0.086072	-0.17737637	0.13184723	-0.10974591	0.09228928	-0.21633634	0.1725715	-0.13280022	0.14186065	-0.16693908	0.2471706	-0.2922538	0.19868344	-0.11789103	0.119941354	-0.7020372	0.99999994	-0.27326673	0.120301925	-0.13471118	0.27826786	-0.3381831	0.20833041	-0.10347877	0.10606872	-0.33114898	0.16720997	-0.14316007	0.13246427	-0.1049323	0.10525026	-0.114371724	0.115697816	-0.10658622	0.08493613	-0.09733289	0.09813123	-0.100755185	0.088774286	-0.11168487
0.08171076	-0.12406887	0.120902546	-0.16132808	0.10325493	-0.07005645	0.1825039	-0.18664756	0.1493341	-0.12172682	0.15517937	-0.16015367	0.19732557	-0.21367157	0.22413865	-0.16375287	0.20720924	-0.43467057	0.18741202	-0.18505743	0.18799458	-0.27326673	0.99999994	-0.22826375	0.19647796	-0.18489973	0.2921463	-0.59297645	0.16580687	-0.1652485	0.2052308	-0.22408077	0.21127076	-0.20663828	0.14822227	-0.1296002	0.14570132	-0.16943267	0.14842707	-0.12126078	0.118147984	-0.13194583	0.1334036	-0.12424829	0.1512628
-0.056195244	0.08811088	-0.08908818	0.11829614	-0.08077029	0.04729942	-0.1322907	0.12860917	-0.11645615	0.093141176	-0.103272356	0.10574381	-0.13914149	0.18563026	-0.22466147	0.09840079	-0.13306351	0.18761095	-0.58923304	0.28945902	-0.10293445	0.120301925	-0.22826375	1.0	-0.40609398	0.098198496	-0.15266342	0.15386863	-0.49478734	0.26879236	-0.12877394	0.13900541	-0.1478303	0.23902707	-0.20081006	0.09238967	-0.10232177	0.11776819	-0.16363531	0.14309812	-0.08898557	0.10347499	-0.11147031	0.12272929	-0.16736402
0.06326889	-0.10436339	0.1027118	-0.14318706	0.09621804	-0.053538907	0.1485597	-0.14888279	0.12911955	-0.11605015	0.11518085	-0.11944205	0.1467469	-0.20084606	0.25104812	-0.11116363	0.14618824	-0.20632578	0.29998982	-0.581348	0.11351755	-0.13471118	0.19647796	-0.40609398	0.99999994	-0.10877408	0.1602919	-0.15753873	0.26782376	-0.4264373	0.14140768	-0.16091324	0.15513979	-0.26264462	0.21972878	-0.10663959	0.11418092	-0.13219656	0.17072111	-0.17565186	0.099958576	-0.12048076	0.12342418	-0.13890295	0.1809235
-0.06376611	0.07622112	-0.07226206	0.09215921	-0.05964987	0.054663844	-0.118880406	0.097399764	-0.08093496	0.07029772	-0.13167635	0.111060254	-0.09590693	0.10733775	-0.12619767	0.16047877	-0.15744746	0.14708112	-0.09289471	0.09645524	-0.4307031	0.27826786	-0.18489973	0.098198496	-0.10877408	1.0000001	-0.37316608	0.19312787	-0.087458275	0.09008863	-0.731005	0.17048144	-0.13328946	0.117776595	-0.089865915	0.11579638	-0.1153387	0.11130181	-0.09533166	0.07433442	-0.10142762	0.09608606	-0.095928095	0.08083493	-0.09784953
0.07159377	-0.099305525	0.09534409	-0.1257054	0.081688486	-0.061377473	0.14826928	-0.13483045	0.11134225	-0.0968646	0.13813818	-0.13128293	0.13316853	-0.15272725	0.17583002	-0.15592016	0.17531522	-0.2204614	0.13767812	-0.14317065	0.23090442	-0.3381831	0.2921463	-0.15266342	0.1602919	-0.37316608	1.0	-0.57750386	0.13833383	-0.14029263	0.27419564	-0.36653292	0.23522331	-0.19154759	0.13586028	-0.15631434	0.1848941	-0.19208606	0.14625062	-0.113514006	0.13723926	-0.14622927	0.14476477	-0.12441926	0.14630994
-0.0631416	0.08817126	-0.08663768	0.11129863	-0.073479496	0.05350086	-0.13589337	0.12214476	-0.1026623	0.08545137	-0.1202468	0.11574453	-0.1287696	0.1403756	-0.16696991	0.12566048	-0.15701422	0.21405728	-0.1376345	0.13498065	-0.1719005	0.20833041	-0.59297645	0.15386863	-0.15753873	0.19312787	-0.57750386	0.9999999	-0.1501652	0.13666546	-0.22404058	0.23833616	-0.32317057	0.18459956	-0.13312691	0.13099553	-0.16381326	0.18594036	-0.14289705	0.10799406	-0.1238745	0.12922901	-0.1385512	0.11711125	-0.14123583
0.044778854	-0.06964581	0.06927306	-0.09296347	0.06274042	-0.03776931	0.10322542	-0.09907459	0.0866278	-0.07355786	0.08218969	-0.08328753	0.10114316	-0.13341808	0.16171429	-0.08005596	0.10486484	-0.14460452	0.23202789	-0.2148769	0.08744876	-0.10347877	0.16580687	-0.49478734	0.26782376	-0.087458275	0.13833383	-0.1501652	0.9999998	-0.5823398	0.11365058	-0.14698088	0.16390038	-0.46695808	0.24121895	-0.09702989	0.10714473	-0.13136582	0.19471416	-0.17864911	0.09206896	-0.11295609	0.120298594	-0.14518613	0.18267831
-0.04729753	0.07291148	-0.07274747	0.096703984	-0.06621211	0.039776437	-0.10904355	0.101995766	-0.08988009	0.07729805	-0.086416185	0.08688929	-0.10366248	0.13399035	-0.17467722	0.08342403	-0.10985462	0.14492415	-0.22539055	0.21942203	-0.09098015	0.10606872	-0.1652485	0.26879236	-0.4264373	0.09008863	-0.14029263	0.13666546	-0.5823398	0.99999976	-0.11938796	0.14481343	-0.15640634	0.2793527	-0.4743343	0.0997491	-0.108885966	0.1287086	-0.21133004	0.2295603	-0.096285336	0.11756029	-0.12797664	0.15640163	-0.23933214
0.07206848	-0.096467376	0.091081746	-0.120301336	0.07779303	-0.06255462	0.14303048	-0.12553729	0.10384263	-0.09298882	0.14120272	-0.13104396	0.12060461	-0.13958144	0.16213708	-0.17461282	0.1732921	-0.18774061	0.12006563	-0.12755315	0.27030239	-0.33114898	0.2052308	-0.12877394	0.14140768	-0.731005	0.27419564	-0.22404058	0.11365058	-0.11938796	1.0	-0.23244046	0.16538051	-0.15797912	0.11728633	-0.1759891	0.14995685	-0.14776483	0.12474672	-0.09857825	0.13444379	-0.13357402	0.12620087	-0.1079984	0.12754785
-0.055231888	0.07644255	-0.075078204	0.09653914	-0.06489087	0.046541914	-0.117992334	0.1021831	-0.08716871	0.07555928	-0.10354443	0.09803296	-0.102359004	0.11950093	-0.15129349	0.10677277	-0.13071974	0.15540785	-0.12625949	0.12828416	-0.14541863	0.16720997	-0.22408077	0.13900541	-0.16091324	0.17048144	-0.36653292	0.23833616	-0.14698088	0.14481343	-0.23244046	0.99999994	-0.47088936	0.21927787	-0.16620427	0.25052792	-0.55653715	0.30425438	-0.20288227	0.13795468	-0.25346938	0.20828648	-0.2329152	0.16655554	-0.19681688
0.048688285	-0.07064204	0.069182925	-0.090842724	0.060600378	-0.041210897	0.1064045	-0.096549936	0.081816636	-0.07118678	0.09077836	-0.08850641	0.09641275	-0.114420824	0.14026089	-0.09342126	0.11541435	-0.15054555	0.12512328	-0.12775977	0.117197365	-0.14316007	0.21127076	-0.1478303	0.15513979	-0.13328946	0.23522331	-0.32317057	0.16390038	-0.15640634	0.16538051	-0.47088936	0.99999976	-0.35082063	0.16205315	-0.20805156	0.2817234	-0.5994339	0.21097884	-0.14063114	0.18218349	-0.21424247	0.22658688	-0.17899102	0.18192604
-0.054922678	0.08133104	-0.08100548	0.10570445	-0.072326735	0.046116114	-0.123854406	0.11153179	-0.09752175	0.08396179	-0.10076305	0.0991706	-0.11299006	0.14021681	-0.18338527	0.09857943	-0.12777552	0.16189271	-0.20411779	0.18763037	-0.11438419	0.13246427	-0.20663828	0.23902707	-0.26264462	0.117776595	-0.19154759	0.18459956	-0.46695808	0.2793527	-0.15797912	0.21927787	-0.35082063	0.99999964	-0.335844	0.1486588	-0.17480129	0.21915099	-0.4662704	0.23685463	-0.14728913	0.1757196	-0.2066196	0.2462309	-0.3075193
0.04433874	-0.06852918	0.0674723	-0.09072149	0.061275102	-0.037403207	0.10095695	-0.09445306	0.08149738	-0.07257677	0.08097489	-0.08121752	0.09303321	-0.118459016	0.14855485	-0.07956884	0.102379434	-0.13485171	0.15604182	-0.17188905	0.08820888	-0.1049323	0.14822227	-0.20081006	0.21972878	-0.089865915	0.13586028	-0.13312691	0.24121895	-0.4743343	0.11728633	-0.16620427	0.16205315	-0.335844	0.99999994	-0.116565205	0.12046468	-0.14769451	0.23313835	-0.63781035	0.10805634	-0.14484149	0.14673266	-0.20575453	0.2838136
-0.03530347	0.0496943	-0.04866463	0.06316657	-0.04243462	0.029818764	-0.07585357	0.06636643	-0.05659157	0.049667053	-0.06596098	0.06295991	-0.06575491	0.077895366	-0.098465115	0.06852142	-0.082864575	0.09894441	-0.08282485	0.0855835	-0.0908572	0.10525026	-0.1296002	0.09238967	-0.10663959	0.11579638	-0.15631434	0.13099553	-0.09702989	0.0997491	-0.1759891	0.25052792	-0.20805156	0.1486588	-0.116565205	0.9999997	-0.49284673	0.23347239	-0.16120556	0.10402595	-0.6955856	0.2654036	-0.25492603	0.14476673	-0.15423083
0.03792686	-0.054075688	0.0528743	-0.06906931	0.04620199	-0.032081764	0.08191531	-0.07280627	0.06182293	-0.05424162	0.070813	-0.06817523	0.07212729	-0.08547144	0.10635242	-0.07348162	0.08936112	-0.11032058	0.09028566	-0.09344215	0.0952316	-0.114371724	0.14570132	-0.10232177	0.11418092	-0.1153387	0.1848941	-0.16381326	0.10714473	-0.108885966	0.14995685	-0.55653715	0.2817234	-0.17480129	0.12046468	-0.49284673	0.9999995	-0.49470443	0.1635783	-0.10789427	0.26152968	-0.2454461	0.22259858	-0.14793652	0.14860578
-0.04069929	0.05819578	-0.057209585	0.07441116	-0.05004951	0.03432977	-0.088681616	0.078637995	-0.06717074	0.058506474	-0.07571296	0.073076196	-0.07862694	0.09326604	-0.1175524	0.07719692	-0.09590288	0.11930326	-0.10346382	0.10541216	-0.09821586	0.115697816	-0.16943267	0.11776819	-0.13219656	0.11130181	-0.19208606	0.18594036	-0.13136582	0.1287086	-0.14776483	0.30425438	-0.5994339	0.21915099	-0.14769451	0.23347239	-0.49470443	0.99999964	-0.2391675	0.13301235	-0.23270905	0.23990904	-0.38300687	0.19404706	-0.18750705
0.04214425	-0.06332553	0.062314745	-0.08275037	0.055869434	-0.03554507	0.094458535	-0.08645644	0.07436024	-0.06584767	0.077375524	-0.076517224	0.085411735	-0.10605704	0.13373353	-0.077050276	0.097762205	-0.12559766	0.13129869	-0.13840267	0.08956302	-0.10658622	0.14842707	-0.16363531	0.17072111	-0.09533166	0.14625062	-0.14289705	0.19471416	-0.21133004	0.12474672	-0.20288227	0.21097884	-0.4662704	0.23313835	-0.16120556	0.1635783	-0.2391675	0.9999997	-0.32415906	0.14999868	-0.22955962	0.24605799	-0.62785196	0.3044856
-0.035550024	0.053823084	-0.053208157	0.07058028	-0.048004847	0.029921737	-0.08046511	0.07364064	-0.06383613	0.056399684	-0.064975776	0.06451017	-0.07302757	0.091672264	-0.118165076	0.063771605	-0.08209926	0.10529013	-0.12083439	0.1263116	-0.07222845	0.08493613	-0.12126078	0.14309812	-0.17565186	0.07433442	-0.113514006	0.10799406	-0.17864911	0.2295603	-0.09857825	0.13795468	-0.14063114	0.23685463	-0.63781035	0.10402595	-0.10789427	0.13301235	-0.32415906	0.9999996	-0.10034143	0.13625498	-0.15318872	0.23991238	-0.5743687
0.032837633	-0.047170594	0.046059676	-0.060414944	0.040441137	-0.027795052	0.07110829	-0.06332627	0.053805787	-0.047601737	0.06115354	-0.059047908	0.062311422	-0.07439889	0.09280072	-0.06355141	0.07692471	-0.09444361	0.07845357	-0.08210001	0.081202604	-0.09733289	0.118147984	-0.08898557	0.099958576	-0.10142762	0.13723926	-0.1238745	0.09206896	-0.096285336	0.13444379	-0.25346938	0.18218349	-0.14728913	0.10805634	-0.6955856	0.26152968	-0.23270905	0.14999868	-0.10034143	0.9999995	-0.51403075	0.2505684	-0.15049823	0.14197642
-0.03586245	0.051345713	-0.050534368	0.06569241	-0.044416256	0.030199716	-0.07833193	0.0689154	-0.05911308	0.051903065	-0.06639618	0.064004056	-0.06841684	0.082009815	-0.10507297	0.06721511	-0.08363991	0.10174456	-0.09169145	0.09466149	-0.08452433	0.09813123	-0.13194583	0.10347499	-0.12048076	0.09608606	-0.14622927	0.12922901	-0.11295609	0.11756029	-0.13357402	0.20828648	-0.21424247	0.1757196	-0.14484149	0.2654036	-0.2454461	0.23990904	-0.22955962	0.13625498	-0.51403075	0.9999993	-0.6513434	0.2262102	-0.21843812
0.0365644	-0.053408932	0.05236028	-0.06888724	0.046314992	-0.030877609	0.080350116	-0.07216231	0.06160723	-0.05448781	0.06763455	-0.065908305	0.07118878	-0.08603235	0.10806096	-0.06877274	0.085316904	-0.10692526	0.09574949	-0.10037299	0.084433965	-0.100755185	0.1334036	-0.11147031	0.12342418	-0.095928095	0.14476477	-0.1385512	0.120298594	-0.12797664	0.12620087	-0.2329152	0.22658688	-0.2066196	0.14673266	-0.25492603	0.22259858	-0.38300687	0.24605799	-0.15318872	0.2505684	-0.6513434	0.9999994	-0.41280633	0.22036245
-0.034968328	0.05181764	-0.05108776	0.06728463	-0.04559251	0.029446758	-0.077996746	0.070327885	-0.060601056	0.05350891	-0.064236194	0.06305556	-0.06966095	0.08566697	-0.10962861	0.06391138	-0.081080854	0.102156505	-0.104253024	0.10836526	-0.07549861	0.088774286	-0.12424829	0.12272929	-0.13890295	0.08083493	-0.12441926	0.11711125	-0.14518613	0.15640163	-0.1079984	0.16655554	-0.17899102	0.2462309	-0.20575453	0.14476673	-0.14793652	0.19404706	-0.62785196	0.23991238	-0.15049823	0.2262102	-0.41280633	0.99999934	-0.50678384
0.045275614	-0.06902542	0.067721084	-0.090676315	0.06114519	-0.038208876	0.10198613	-0.0940315	0.08066808	-0.07249789	0.08280156	-0.08235626	0.09189141	-0.11476696	0.14416876	-0.08218155	0.10441858	-0.13487902	0.13657342	-0.15045255	0.09341299	-0.11168487	0.1512628	-0.16736402	0.1809235	-0.09784953	0.14630994	-0.14123583	0.18267831	-0.23933214	0.12754785	-0.19681688	0.18192604	-0.3075193	0.2838136	-0.15423083	0.14860578	-0.18750705	0.3044856	-0.5743687	0.14197642	-0.21843812	0.22036245	-0.50678384	0.99999934
