1.0	-0.73828584	0.1999313	-0.22099817	0.14461926	-0.4611076	0.30180445	-0.13835102	0.10852439	-0.11520622	0.1791218	-0.20268673	0.14891765	-0.12997757	0.08240395	-0.1847638	0.13220762	-0.10661944	0.08983009	-0.06941513	0.09490472	-0.10566728	0.105440974	-0.08293627	0.033576816	-0.10213298	0.078117855	-0.08509739	0.08550514	-0.03604239	0.095089756	-0.0888533	0.07165201	-0.07351567	0.05483235	-0.07491839	0.059447348	-0.05611002	0.060466763	-0.05463749	0.095625944	-0.062325153	0.06447041	-0.04880577	0.075750746
-0.73828584	0.9999998	-0.2990283	0.20765479	-0.14889371	0.28932318	-0.4474151	0.1283728	-0.10510128	0.106389694	-0.16123718	0.17994542	-0.14552681	0.11439153	-0.07601685	0.14686485	-0.12380256	0.096042454	-0.08197123	0.062477358	-0.083903275	0.09263607	-0.097406305	0.07417969	-0.030109404	0.087702185	-0.06906825	0.07460803	-0.07765858	0.032124832	-0.08584714	0.077695794	-0.06376493	0.06514274	-0.049185485	0.066133685	-0.052979086	0.050070073	-0.05443221	0.04865722	-0.08619088	0.055303235	-0.058005925	0.04384773	-0.06860067
0.1999313	-0.2990283	0.99999964	-0.8657944	0.20350192	-0.12130622	0.13330686	-0.1794927	0.14332394	-0.16510634	0.08943885	-0.11171341	0.13183346	-0.1304197	0.07372745	-0.10042089	0.08309649	-0.08905507	0.079867594	-0.061681617	0.061187845	-0.06916367	0.084063545	-0.06816529	0.027183665	-0.06909129	0.054888763	-0.0625545	0.067603864	-0.029177006	0.0676096	-0.06393375	0.053015705	-0.05612147	0.04160249	-0.05460932	0.043480773	-0.041714553	0.045163926	-0.041484576	0.07068586	-0.045903884	0.04786483	-0.03646312	0.05665283
-0.22099817	0.20765479	-0.8657944	0.99999964	-0.29176605	0.11509162	-0.1323035	0.16079612	-0.16301697	0.16861145	-0.08864966	0.10690451	-0.134426	0.12633795	-0.074943475	0.09643159	-0.08249457	0.087295525	-0.08012464	0.06124696	-0.06015158	0.06751309	-0.0843889	0.06721845	-0.026901573	0.06716828	-0.053915177	0.06123145	-0.06750722	0.028751353	-0.06715366	0.06255424	-0.05230568	0.05521937	-0.041233126	0.05369102	-0.042949047	0.041242976	-0.044868127	0.040939707	-0.070251316	0.045255195	-0.047541156	0.036186762	-0.056480955
0.14461926	-0.14889371	0.20350192	-0.29176605	0.9999995	-0.12143391	0.12056187	-0.3384474	0.30075568	-0.68803877	0.1269165	-0.16809514	0.23219593	-0.29444084	0.14867622	-0.16459987	0.13586979	-0.17443928	0.16101791	-0.12786564	0.10561318	-0.120891616	0.15757306	-0.1352533	0.05337573	-0.12524787	0.10015718	-0.11798859	0.12916046	-0.057663247	0.122505166	-0.11926854	0.09932482	-0.10761442	0.07869235	-0.102202885	0.08093376	-0.07831106	0.08441014	-0.07904271	0.13158964	-0.08610844	0.089192145	-0.06828325	0.105434455
-0.4611076	0.28932318	-0.12130622	0.11509162	-0.12143391	0.9999994	-0.726853	0.12266397	-0.09534182	0.089462705	-0.32038936	0.24607685	-0.15989129	0.11182978	-0.07799255	0.19995871	-0.1585207	0.10357316	-0.085154444	0.06412489	-0.10392777	0.11194305	-0.1067619	0.078971125	-0.03214914	0.10222977	-0.07957602	0.08302	-0.08422679	0.034224186	-0.097841434	0.08713099	-0.07096303	0.07103003	-0.053848725	0.073320895	-0.058878265	0.055118844	-0.059914615	0.053065468	-0.09470579	0.060973093	-0.06397071	0.048184823	-0.07544261
0.30180445	-0.4474151	0.13330686	-0.1323035	0.12056187	-0.726853	0.99999905	-0.13797127	0.09830549	-0.09307761	0.22706994	-0.33724657	0.159031	-0.11312899	0.07569698	-0.19433364	0.15418409	-0.10339648	0.08345911	-0.06302993	0.098980054	-0.1124645	0.10286519	-0.077134006	0.031188224	-0.10035912	0.07710872	-0.08106497	0.08091825	-0.03330117	0.092297494	-0.08492801	0.06840102	-0.06875668	0.05158185	-0.07037778	0.056273736	-0.05273879	0.057029877	-0.051013492	0.08940234	-0.05841703	0.060819756	-0.04589973	0.0714863
-0.13835102	0.1283728	-0.1794927	0.16079612	-0.3384474	0.12266397	-0.13797127	0.999999	-0.59577036	0.2709747	-0.13771752	0.18398175	-0.552654	0.24955145	-0.15566128	0.1519873	-0.14442705	0.19312108	-0.17223258	0.12205526	-0.10255322	0.11707594	-0.17855488	0.1306292	-0.051291835	0.11445203	-0.09440446	0.10887774	-0.12905173	0.05423432	-0.11606039	0.108933985	-0.09356391	0.09959574	-0.07422896	0.09253918	-0.07472361	0.072506376	-0.07946787	0.073038206	-0.120864324	0.07851633	-0.08361972	0.063895546	-0.10008815
0.10852439	-0.10510128	0.14332394	-0.16301697	0.30075568	-0.09534182	0.09830549	-0.59577036	0.9999987	-0.5701219	0.10365515	-0.14006394	0.25485444	-0.3529527	0.14307672	-0.12619494	0.11230689	-0.15707032	0.16021326	-0.11534849	0.083918184	-0.09628545	0.14066936	-0.11622531	0.04510538	-0.09690335	0.079381	-0.0933175	0.11112465	-0.047972955	0.0969054	-0.0930786	0.0796756	-0.08626137	0.06355923	-0.07901237	0.06344957	-0.061840694	0.06747615	-0.06291162	0.1021837	-0.067011595	0.07086708	-0.054334063	0.08464748
-0.11520622	0.106389694	-0.16510634	0.16861145	-0.68803877	0.089462705	-0.09307761	0.2709747	-0.5701219	0.9999988	-0.09636458	0.124045655	-0.22536032	0.21884707	-0.13259517	0.115120776	-0.10342526	0.13342753	-0.13531624	0.10225679	-0.07742647	0.08788542	-0.12812021	0.10237957	-0.040650275	0.08889637	-0.073119275	0.08541352	-0.10127302	0.043150887	-0.090928525	0.08576525	-0.073485024	0.07902128	-0.05889733	0.07372489	-0.05929734	0.05769571	-0.06314991	0.058196567	-0.0970659	0.06264934	-0.06650508	0.050865743	-0.07960755
0.1791218	-0.16123718	0.08943885	-0.08864966	0.1269165	-0.32038936	0.22706994	-0.13771752	0.10365515	-0.09636458	0.99999875	-0.5451148	0.20101291	-0.14119309	0.09880474	-0.6525385	0.24564715	-0.14259513	0.1104421	-0.08309554	0.18117091	-0.18922801	0.14404868	-0.10696141	0.043421153	-0.17179522	0.12156102	-0.12224307	0.11435949	-0.046390332	0.14030908	-0.12983276	0.10176987	-0.09956259	0.0744584	-0.10479428	0.08336103	-0.07699582	0.082722284	-0.07355779	0.12893447	-0.08581646	0.08848211	-0.06650339	0.10311862
-0.20268673	0.17994542	-0.11171341	0.10690451	-0.16809514	0.24607685	-0.33724657	0.18398175	-0.14006394	0.124045655	-0.5451148	0.9999987	-0.3656603	0.17651577	-0.12708628	0.3067948	-0.44417062	0.18834136	-0.1431754	0.10509853	-0.19581768	0.22508371	-0.19119014	0.13371265	-0.054069657	0.17985547	-0.14446837	0.14396185	-0.14366215	0.05737069	-0.16971216	0.15114856	-0.12274215	0.12026089	-0.09110217	0.12380833	-0.10017007	0.09303306	-0.101151496	0.08926452	-0.15769216	0.10266687	-0.10794157	0.081120774	-0.12696959
0.14891765	-0.14552681	0.13183346	-0.134426	0.23219593	-0.15989129	0.159031	-0.552654	0.25485444	-0.22536032	0.20101291	-0.3656603	0.9999984	-0.32832348	0.177543	-0.24240075	0.21408302	-0.38793597	0.21607298	-0.1597078	0.15138404	-0.18084858	0.24795818	-0.18575066	0.07068746	-0.17366669	0.13763443	-0.15977925	0.17172836	-0.07620545	0.1605149	-0.15946905	0.13221155	-0.14132394	0.102091536	-0.131284	0.10442921	-0.10066753	0.10827864	-0.10206543	0.16318278	-0.11004592	0.114002824	-0.08731714	0.13433518
-0.12997757	0.11439153	-0.1304197	0.12633795	-0.29444084	0.11182978	-0.11312899	0.24955145	-0.3529527	0.21884707	-0.14119309	0.17651577	-0.32832348	0.99999845	-0.4082123	0.16993423	-0.17177562	0.26042107	-0.51573795	0.270446	-0.12908168	0.14583337	-0.2714956	0.23271771	-0.09055316	0.14705409	-0.12945515	0.15522055	-0.23349242	0.092393346	-0.1620695	0.15081692	-0.13916692	0.15293485	-0.11560071	0.12924781	-0.10685282	0.1067863	-0.12006964	0.11075332	-0.17302956	0.11209306	-0.12439494	0.095880754	-0.1526826
0.08240395	-0.07601685	0.07372745	-0.074943475	0.14867622	-0.07799255	0.07569698	-0.15566128	0.14307672	-0.13259517	0.09880474	-0.12708628	0.177543	-0.4082123	0.9999989	-0.13245302	0.12221171	-0.21353607	0.2993764	-0.7762974	0.09684565	-0.11182864	0.18649715	-0.19754574	0.08236767	-0.11650051	0.099771224	-0.12423212	0.16354501	-0.08844628	0.11966263	-0.11999844	0.10643105	-0.12214427	0.08780222	-0.10073768	0.08127714	-0.08125804	0.08867679	-0.0872539	0.12853253	-0.086349234	0.09178437	-0.07140068	0.11014999
-0.1847638	0.14686485	-0.10042089	0.09643159	-0.16459987	0.19995871	-0.19433364	0.1519873	-0.12619494	0.115120776	-0.6525385	0.3067948	-0.24240075	0.16993423	-0.13245302	0.999999	-0.36294088	0.17632025	-0.14449477	0.10727632	-0.32582968	0.24134837	-0.1978124	0.14079638	-0.05829023	0.22751306	-0.16936587	0.16166951	-0.15874556	0.061651003	-0.21090041	0.17280346	-0.14073129	0.13464007	-0.10413934	0.14591546	-0.11790676	0.10798507	-0.117942885	0.10152961	-0.18817915	0.11980403	-0.1266315	0.09448486	-0.14887357
0.13220762	-0.12380256	0.08309649	-0.08249457	0.13586979	-0.1585207	0.15418409	-0.14442705	0.11230689	-0.10342526	0.24564715	-0.44417062	0.21408302	-0.17177562	0.12221171	-0.36294088	0.9999988	-0.23083791	0.14518826	-0.106936455	0.2707238	-0.6188136	0.2064732	-0.14697425	0.058321603	-0.27419662	0.20586883	-0.19527687	0.15426134	-0.062576905	0.18856886	-0.20932688	0.14988321	-0.14039794	0.10109169	-0.14460254	0.11561488	-0.105107255	0.1104119	-0.10007195	0.164165	-0.11786392	0.11792266	-0.08859854	0.13466333
-0.10661944	0.096042454	-0.08905507	0.087295525	-0.17443928	0.10357316	-0.10339648	0.19312108	-0.15707032	0.13342753	-0.14259513	0.18834136	-0.38793597	0.26042107	-0.21353607	0.17632025	-0.23083791	0.9999988	-0.4007253	0.19307359	-0.14230599	0.17701755	-0.6699064	0.25073934	-0.088307716	0.1560635	-0.13900992	0.16788627	-0.22096533	0.0909194	-0.15461174	0.15427229	-0.14146121	0.1507308	-0.10910313	0.123297244	-0.10146142	0.10043326	-0.11066457	0.10528733	-0.15479453	0.10556592	-0.114365324	0.08825844	-0.13758299
0.08983009	-0.08197123	0.079867594	-0.08012464	0.16101791	-0.085154444	0.08345911	-0.17223258	0.16021326	-0.13531624	0.1104421	-0.1431754	0.21607298	-0.51573795	0.2993764	-0.14449477	0.14518826	-0.4007253	0.99999875	-0.4856657	0.11046685	-0.13042192	0.26956594	-0.3894819	0.10501594	-0.13040027	0.115637675	-0.14722455	0.22910966	-0.10995622	0.13349284	-0.13640654	0.12678088	-0.14965332	0.10417094	-0.11055183	0.09068914	-0.09192916	0.101330064	-0.101518154	0.1387129	-0.09543782	0.10342946	-0.080975965	0.12514636
-0.06941513	0.062477358	-0.061681617	0.06124696	-0.12786564	0.06412489	-0.06302993	0.12205526	-0.11534849	0.10225679	-0.08309554	0.10509853	-0.1597078	0.270446	-0.7762974	0.10727632	-0.106936455	0.19307359	-0.4856657	0.9999986	-0.08250209	0.09485757	-0.18838294	0.18629868	-0.083565965	0.096686535	-0.0858327	0.10640984	-0.16695474	0.08211985	-0.10334835	0.101186275	-0.09429071	0.10716753	-0.07914044	0.08475541	-0.0697586	0.07050481	-0.078625545	0.076033	-0.109932624	0.07346326	-0.080675654	0.06279118	-0.09852249
0.09490472	-0.083903275	0.061187845	-0.06015158	0.10561318	-0.10392777	0.098980054	-0.10255322	0.083918184	-0.07742647	0.18117091	-0.19581768	0.15138404	-0.12908168	0.09684565	-0.32582968	0.2707238	-0.14230599	0.11046685	-0.08250209	0.9999987	-0.52238137	0.16097647	-0.119936414	0.049035523	-0.6586778	0.23329315	-0.19111834	0.13539346	-0.052496146	0.20845537	-0.21127921	0.14584298	-0.12815481	0.09290623	-0.14849094	0.11391497	-0.09937931	0.10331565	-0.09133824	0.15396973	-0.11351612	0.11136061	-0.08263336	0.124944486
-0.10566728	0.09263607	-0.06916367	0.06751309	-0.120891616	0.11194305	-0.1124645	0.11707594	-0.09628545	0.08788542	-0.18922801	0.22508371	-0.18084858	0.14583337	-0.11182864	0.24134837	-0.6188136	0.17701755	-0.13042192	0.09485757	-0.52238137	0.9999987	-0.22091365	0.13850294	-0.05579612	0.28872994	-0.30523098	0.19853489	-0.15550986	0.05922531	-0.21105818	0.21352588	-0.1606913	0.13830426	-0.10232828	0.14499322	-0.12005473	0.10613047	-0.11297032	0.09908141	-0.1675426	0.11784804	-0.1210093	0.089848205	-0.13808602
0.105440974	-0.097406305	0.084063545	-0.0843889	0.15757306	-0.1067619	0.10286519	-0.17855488	0.14066936	-0.12812021	0.14404868	-0.19119014	0.24795818	-0.2714956	0.18649715	-0.1978124	0.2064732	-0.6699064	0.26956594	-0.18838294	0.16097647	-0.22091365	0.99999875	-0.4016545	0.11101163	-0.19060332	0.16857651	-0.23265798	0.24964164	-0.12064431	0.17399459	-0.19194673	0.17211981	-0.19127515	0.12839445	-0.14521262	0.11802106	-0.11768279	0.12622435	-0.12785847	0.17252748	-0.123638414	0.12970135	-0.1011486	0.15309194
-0.08293627	0.07417969	-0.06816529	0.06721845	-0.1352533	0.078971125	-0.077134006	0.1306292	-0.11622531	0.10237957	-0.10696141	0.13371265	-0.18575066	0.23271771	-0.19754574	0.14079638	-0.14697425	0.25073934	-0.3894819	0.18629868	-0.119936414	0.13850294	-0.4016545	0.9999987	-0.23417181	0.14164287	-0.14032425	0.18813507	-0.63802344	0.18693513	-0.15428472	0.16167518	-0.17785646	0.21954447	-0.1522548	0.12641975	-0.10809022	0.114796035	-0.13168764	0.13548726	-0.15649343	0.112140976	-0.12894039	0.1027592	-0.16100141
0.033576816	-0.030109404	0.027183665	-0.026901573	0.05337573	-0.03214914	0.031188224	-0.051291835	0.04510538	-0.040650275	0.043421153	-0.054069657	0.07068746	-0.09055316	0.08236767	-0.05829023	0.058321603	-0.088307716	0.10501594	-0.083565965	0.049035523	-0.05579612	0.11101163	-0.23417181	0.9999987	-0.059570365	0.05801806	-0.078042395	0.15430993	-0.94022804	0.066017665	-0.070559606	0.07472668	-0.10031654	0.102717854	-0.056444857	0.04831675	-0.05459818	0.06321583	-0.09028062	0.06832646	-0.05095845	0.059065606	-0.04997722	0.075833574
-0.10213298	0.087702185	-0.06909129	0.06716828	-0.12524787	0.10222977	-0.10035912	0.11445203	-0.09690335	0.08889637	-0.17179522	0.17985547	-0.17366669	0.14705409	-0.11650051	0.22751306	-0.27419662	0.1560635	-0.13040027	0.096686535	-0.6586778	0.28872994	-0.19060332	0.14164287	-0.059570365	0.99999875	-0.38007274	0.22477318	-0.17124185	0.06318466	-0.35152963	0.25160518	-0.18981114	0.15730096	-0.11884445	0.19380237	-0.15084681	0.12744659	-0.13477236	0.11473281	-0.20505539	0.14487493	-0.14608803	0.1070566	-0.16412044
0.078117855	-0.06906825	0.054888763	-0.053915177	0.10015718	-0.07957602	0.07710872	-0.09440446	0.079381	-0.073119275	0.12156102	-0.14446837	0.13763443	-0.12945515	0.099771224	-0.16936587	0.20586883	-0.13900992	0.115637675	-0.0858327	0.23329315	-0.30523098	0.16857651	-0.14032425	0.05801806	-0.38007274	0.99999875	-0.5281744	0.176087	-0.062191766	0.22960445	-0.5917334	0.26664215	-0.18888627	0.1253087	-0.17294991	0.16063705	-0.13358659	0.1336648	-0.11994788	0.17589903	-0.14958578	0.14292383	-0.1050829	0.1546483
-0.08509739	0.07460803	-0.0625545	0.06123145	-0.11798859	0.08302	-0.08106497	0.10887774	-0.0933175	0.08541352	-0.12224307	0.14396185	-0.15977925	0.15522055	-0.12423212	0.16166951	-0.19527687	0.16788627	-0.14722455	0.10640984	-0.19111834	0.19853489	-0.23265798	0.18813507	-0.078042395	0.22477318	-0.5281744	0.9999987	-0.28540483	0.08247263	-0.23546162	0.3126544	-0.5720372	0.26554245	-0.17887019	0.17515594	-0.1636629	0.16462994	-0.17458472	0.15823905	-0.20225175	0.15611306	-0.17864688	0.13316599	-0.20209646
0.08550514	-0.07765858	0.067603864	-0.06750722	0.12916046	-0.08422679	0.08091825	-0.12905173	0.11112465	-0.10127302	0.11435949	-0.14366215	0.17172836	-0.23349242	0.16354501	-0.15874556	0.15426134	-0.22096533	0.22910966	-0.16695474	0.13539346	-0.15550986	0.24964164	-0.63802344	0.15430993	-0.17124185	0.176087	-0.28540483	0.99999857	-0.17595702	0.17549162	-0.21393308	0.23710199	-0.4298625	0.19133586	-0.15137209	0.12855583	-0.14088209	0.15435837	-0.18494077	0.17464496	-0.13434635	0.14793475	-0.12143026	0.17856543
-0.03604239	0.032124832	-0.029177006	0.028751353	-0.057663247	0.034224186	-0.03330117	0.05423432	-0.047972955	0.043150887	-0.046390332	0.05737069	-0.07620545	0.092393346	-0.08844628	0.061651003	-0.062576905	0.0909194	-0.10995622	0.08211985	-0.052496146	0.05922531	-0.12064431	0.18693513	-0.94022804	0.06318466	-0.062191766	0.08247263	-0.17595702	0.99999857	-0.07175633	0.07486464	-0.081374705	0.10575437	-0.12295886	0.06057706	-0.05236852	0.059195623	-0.07002234	0.09505424	-0.07445424	0.054975525	-0.06514895	0.054788087	-0.08501409
0.095089756	-0.08584714	0.0676096	-0.06715366	0.122505166	-0.097841434	0.092297494	-0.11606039	0.0969054	-0.090928525	0.14030908	-0.16971216	0.1605149	-0.1620695	0.11966263	-0.21090041	0.18856886	-0.15461174	0.13349284	-0.10334835	0.20845537	-0.21105818	0.17399459	-0.15428472	0.066017665	-0.35152963	0.22960445	-0.23546162	0.17549162	-0.07175633	0.9999987	-0.3567209	0.20132463	-0.19172351	0.13960332	-0.6230573	0.25774673	-0.18663113	0.17220911	-0.14561239	0.2801199	-0.25949138	0.19743031	-0.14135951	0.19644687
-0.0888533	0.077695794	-0.06393375	0.06255424	-0.11926854	0.08713099	-0.08492801	0.108933985	-0.0930786	0.08576525	-0.12983276	0.15114856	-0.15946905	0.15081692	-0.11999844	0.17280346	-0.20932688	0.15427229	-0.13640654	0.101186275	-0.21127921	0.21352588	-0.19194673	0.16167518	-0.070559606	0.25160518	-0.5917334	0.3126544	-0.21393308	0.07486464	-0.3567209	0.9999989	-0.40379444	0.22863545	-0.16699888	0.23555085	-0.28415135	0.18351237	-0.18660177	0.1546049	-0.24675535	0.20915806	-0.20408931	0.14440703	-0.21489777
0.07165201	-0.06376493	0.053015705	-0.05230568	0.09932482	-0.07096303	0.06840102	-0.09356391	0.0796756	-0.073485024	0.10176987	-0.12274215	0.13221155	-0.13916692	0.10643105	-0.14073129	0.14988321	-0.14146121	0.12678088	-0.09429071	0.14584298	-0.1606913	0.17211981	-0.17785646	0.07472668	-0.18981114	0.26664215	-0.5720372	0.23710199	-0.081374705	0.20132463	-0.40379444	0.999999	-0.53725016	0.2050877	-0.1709496	0.16216677	-0.20609601	0.18157075	-0.19554724	0.18001045	-0.15947437	0.17748633	-0.13758953	0.18991162
-0.07351567	0.06514274	-0.05612147	0.05521937	-0.10761442	0.07103003	-0.06875668	0.09959574	-0.08626137	0.07902128	-0.09956259	0.12026089	-0.14132394	0.15293485	-0.12214427	0.13464007	-0.14039794	0.1507308	-0.14965332	0.10716753	-0.12815481	0.13830426	-0.19127515	0.21954447	-0.10031654	0.15730096	-0.18888627	0.26554245	-0.4298625	0.10575437	-0.19172351	0.22863545	-0.53725016	0.99999905	-0.44789633	0.15959531	-0.14971244	0.18273231	-0.23192708	0.2601672	-0.18692602	0.15062287	-0.19219542	0.16218808	-0.24846278
0.05483235	-0.049185485	0.04160249	-0.041233126	0.07869235	-0.053848725	0.05158185	-0.07422896	0.06355923	-0.05889733	0.0744584	-0.09110217	0.102091536	-0.11560071	0.08780222	-0.10413934	0.10109169	-0.10910313	0.10417094	-0.07914044	0.09290623	-0.10232828	0.12839445	-0.1522548	0.102717854	-0.11884445	0.1253087	-0.17887019	0.19133586	-0.12295886	0.13960332	-0.16699888	0.2050877	-0.44789633	0.99999917	-0.13184813	0.11869568	-0.16821562	0.20731024	-0.7549324	0.14430872	-0.12782043	0.157701	-0.16328706	0.22254466
-0.07491839	0.066133685	-0.05460932	0.05369102	-0.102202885	0.073320895	-0.07037778	0.09253918	-0.07901237	0.07372489	-0.10479428	0.12380833	-0.131284	0.12924781	-0.10073768	0.14591546	-0.14460254	0.123297244	-0.11055183	0.08475541	-0.14849094	0.14499322	-0.14521262	0.12641975	-0.056444857	0.19380237	-0.17294991	0.17515594	-0.15137209	0.06057706	-0.6230573	0.23555085	-0.1709496	0.15959531	-0.13184813	0.9999995	-0.4834845	0.20133919	-0.19110785	0.13526316	-0.40155658	0.2840601	-0.23319349	0.15066649	-0.21191555
0.059447348	-0.052979086	0.043480773	-0.042949047	0.08093376	-0.058878265	0.056273736	-0.07472361	0.06344957	-0.05929734	0.08336103	-0.10017007	0.10442921	-0.10685282	0.08127714	-0.11790676	0.11561488	-0.10146142	0.09068914	-0.0697586	0.11391497	-0.12005473	0.11802106	-0.10809022	0.04831675	-0.15084681	0.16063705	-0.1636629	0.12855583	-0.05236852	0.25774673	-0.28415135	0.16216677	-0.14971244	0.11869568	-0.4834845	0.9999994	-0.31829652	0.1957962	-0.12945488	0.2679031	-0.6662833	0.25878695	-0.15951331	0.18385378
-0.05611002	0.050070073	-0.041714553	0.041242976	-0.07831106	0.055118844	-0.05273879	0.072506376	-0.061840694	0.05769571	-0.07699582	0.09303306	-0.10066753	0.1067863	-0.08125804	0.10798507	-0.105107255	0.10043326	-0.09192916	0.07050481	-0.09937931	0.10613047	-0.11768279	0.114796035	-0.05459818	0.12744659	-0.13358659	0.16462994	-0.14088209	0.059195623	-0.18663113	0.18351237	-0.20609601	0.18273231	-0.16821562	0.20133919	-0.31829652	0.99999934	-0.57398736	0.19144784	-0.20929433	0.25406846	-0.59938407	0.28371653	-0.27676043
0.060466763	-0.05443221	0.045163926	-0.044868127	0.08441014	-0.059914615	0.057029877	-0.07946787	0.06747615	-0.06314991	0.082722284	-0.101151496	0.10827864	-0.12006964	0.08867679	-0.117942885	0.1104119	-0.11066457	0.101330064	-0.078625545	0.10331565	-0.11297032	0.12622435	-0.13168764	0.06321583	-0.13477236	0.1336648	-0.17458472	0.15435837	-0.07002234	0.17220911	-0.18660177	0.18157075	-0.23192708	0.20731024	-0.19110785	0.1957962	-0.57398736	0.9999991	-0.3255552	0.18892597	-0.21427879	0.31182006	-0.5315713	0.30147886
-0.05463749	0.04865722	-0.041484576	0.040939707	-0.07904271	0.053065468	-0.051013492	0.073038206	-0.06291162	0.058196567	-0.07355779	0.08926452	-0.10206543	0.11075332	-0.0872539	0.10152961	-0.10007195	0.10528733	-0.101518154	0.076033	-0.09133824	0.09908141	-0.12785847	0.13548726	-0.09028062	0.11473281	-0.11994788	0.15823905	-0.18494077	0.09505424	-0.14561239	0.1546049	-0.19554724	0.2601672	-0.7549324	0.13526316	-0.12945488	0.19144784	-0.3255552	0.9999991	-0.15430194	0.13696638	-0.1966521	0.20798005	-0.3553637
0.095625944	-0.08619088	0.07068586	-0.070251316	0.13158964	-0.09470579	0.08940234	-0.120864324	0.1021837	-0.0970659	0.12893447	-0.15769216	0.16318278	-0.17302956	0.12853253	-0.18817915	0.164165	-0.15479453	0.1387129	-0.109932624	0.15396973	-0.1675426	0.17252748	-0.15649343	0.06832646	-0.20505539	0.17589903	-0.20225175	0.17464496	-0.07445424	0.2801199	-0.24675535	0.18001045	-0.18692602	0.14430872	-0.40155658	0.2679031	-0.20929433	0.18892597	-0.15430194	0.9999989	-0.426728	0.23063417	-0.1626371	0.21843839
-0.062325153	0.055303235	-0.045903884	0.045255195	-0.08610844	0.060973093	-0.05841703	0.07851633	-0.067011595	0.06264934	-0.08581646	0.10266687	-0.11004592	0.11209306	-0.086349234	0.11980403	-0.11786392	0.10556592	-0.09543782	0.07346326	-0.11351612	0.11784804	-0.123638414	0.112140976	-0.05095845	0.14487493	-0.14958578	0.15611306	-0.13434635	0.054975525	-0.25949138	0.20915806	-0.15947437	0.15062287	-0.12782043	0.2840601	-0.6662833	0.25406846	-0.21427879	0.13696638	-0.426728	0.9999989	-0.40183598	0.18222456	-0.2210406
0.06447041	-0.058005925	0.04786483	-0.047541156	0.089192145	-0.06397071	0.060819756	-0.08361972	0.07086708	-0.06650508	0.08848211	-0.10794157	0.114002824	-0.12439494	0.09178437	-0.1266315	0.11792266	-0.114365324	0.10342946	-0.080675654	0.11136061	-0.1210093	0.12970135	-0.12894039	0.059065606	-0.14608803	0.14292383	-0.17864688	0.14793475	-0.06514895	0.19743031	-0.20408931	0.17748633	-0.19219542	0.157701	-0.23319349	0.25878695	-0.59938407	0.31182006	-0.1966521	0.23063417	-0.40183598	0.99999875	-0.44230896	0.27707386
-0.04880577	0.04384773	-0.03646312	0.036186762	-0.06828325	0.048184823	-0.04589973	0.063895546	-0.054334063	0.050865743	-0.06650339	0.081120774	-0.08731714	0.095880754	-0.07140068	0.09448486	-0.08859854	0.08825844	-0.080975965	0.06279118	-0.08263336	0.089848205	-0.1011486	0.1027592	-0.04997722	0.1070566	-0.1050829	0.13316599	-0.12143026	0.054788087	-0.14135951	0.14440703	-0.13758953	0.16218808	-0.16328706	0.15066649	-0.15951331	0.28371653	-0.5315713	0.20798005	-0.1626371	0.18222456	-0.44230896	0.99999875	-0.6304756
0.075750746	-0.06860067	0.05665283	-0.056480955	0.105434455	-0.07544261	0.0714863	-0.10008815	0.08464748	-0.07960755	0.10311862	-0.12696959	0.13433518	-0.1526826	0.11014999	-0.14887357	0.13466333	-0.13758299	0.12514636	-0.09852249	0.124944486	-0.13808602	0.15309194	-0.16100141	0.075833574	-0.16412044	0.1546483	-0.20209646	0.17856543	-0.08501409	0.19644687	-0.21489777	0.18991162	-0.24846278	0.22254466	-0.21191555	0.18385378	-0.27676043	0.30147886	-0.3553637	0.21843839	-0.2210406	0.27707386	-0.6304756	0.99999875
