1.0000001	-0.96149015	0.15193348	-0.12676522	0.072721	-0.11914601	0.09780194	-0.09924474	0.0791338	-0.08849716	0.051635522	-0.063363045	0.054610673	-0.05221748	0.05477444	-0.042324718	0.04815725	-0.038102508	0.035522074	-0.027244307	0.018623777	-0.020910898	0.03180248	-0.026057666	0.027280787	-0.010897791	0.011770848	-0.043663103	0.020240454	-0.01248045	0.0130402045	-0.012173981	0.021432314	-0.016964523	0.011633854	-0.007890838	0.008453975	-0.037364554	0.011828308	-0.015597844
-0.96149015	1.0	-0.18291044	0.115817115	-0.069482826	0.1026663	-0.09945585	0.09173882	-0.07594868	0.07915938	-0.049125828	0.05912743	-0.052066296	0.04873597	-0.0511265	0.039306756	-0.045936733	0.03556967	-0.033483617	0.025348615	-0.017387131	0.019403141	-0.029868752	0.024320854	-0.025541097	0.010016492	-0.010832061	0.039453372	-0.018717144	0.011541865	-0.011879287	0.011070685	-0.019464146	0.015613659	-0.010781465	0.0071579563	-0.007673287	0.033693355	-0.010855451	0.0142851025
0.15193348	-0.18291044	0.9999997	-0.73305595	0.26320642	-0.15735886	0.14173423	-0.39434975	0.2717976	-0.3232078	0.089581415	-0.124349326	0.15296087	-0.15536918	0.14429297	-0.080152296	0.09410307	-0.08975281	0.08474313	-0.067746885	0.03743601	-0.04246209	0.074625425	-0.063034445	0.06597402	-0.025253305	0.027329149	-0.11550949	0.05002386	-0.030982504	0.03299286	-0.031044679	0.055548973	-0.042516362	0.02869048	-0.020402012	0.021834739	-0.09959049	0.029863078	-0.039621912
-0.12676522	0.115817115	-0.73305595	0.99999917	-0.44872582	0.11483855	-0.11131244	0.25355938	-0.3393141	0.27910155	-0.07317765	0.09915411	-0.14532031	0.13916907	-0.1297267	0.06400776	-0.078641154	0.07531582	-0.07380017	0.05748029	-0.030270698	0.0340463	-0.06359685	0.05328816	-0.056531716	0.020213002	-0.021925174	0.091502756	-0.041412752	0.025721123	-0.026351428	0.024742493	-0.044309918	0.034872025	-0.023916721	0.016216032	-0.01737373	0.07865368	-0.02434523	0.032174956
0.072721	-0.069482826	0.26320642	-0.44872582	0.99999905	-0.10710483	0.09674	-0.21233325	0.22303706	-0.7900452	0.07053445	-0.097479455	0.12235413	-0.12618615	0.16733828	-0.06442327	0.07687547	-0.078551635	0.07462074	-0.06739757	0.03200018	-0.036303744	0.06909201	-0.058621313	0.06400667	-0.024752637	0.026839899	-0.1255272	0.049690995	-0.031009065	0.034681253	-0.03283693	0.05938066	-0.042848155	0.02856969	-0.021849232	0.023353143	-0.10939208	0.03054974	-0.040719923
-0.11914601	0.1026663	-0.15735886	0.11483855	-0.10710483	0.9999991	-0.8113266	0.2077671	-0.1899504	0.11031924	-0.3150342	0.25833407	-0.16104952	0.13287146	-0.13127822	0.18661267	-0.22010365	0.12572567	-0.11971519	0.07777004	-0.0749533	0.08066821	-0.1035255	0.07999081	-0.08228497	0.033444393	-0.03609365	0.09404415	-0.05576765	0.034109198	-0.032253627	0.029393122	-0.049434446	0.04474947	-0.032337043	0.018240498	-0.019618709	0.077943094	-0.03016355	0.039012797
0.09780194	-0.09945585	0.14173423	-0.11131244	0.09674	-0.8113266	0.99999875	-0.28775346	0.17931515	-0.10611743	0.21276827	-0.35603786	0.1509281	-0.13238916	0.11230033	-0.1716143	0.19062911	-0.1151452	0.103835166	-0.0682274	0.06595288	-0.07406603	0.08778859	-0.069977865	0.070343226	-0.02985566	0.031965513	-0.08523794	0.048522804	-0.029756382	0.028753672	-0.026323857	0.044219688	-0.039406035	0.028024666	-0.016383443	0.017584814	-0.07080645	0.026582832	-0.034596134
-0.09924474	0.09173882	-0.39434975	0.25355938	-0.21233325	0.2077671	-0.28775346	0.99999875	-0.70226616	0.21568806	-0.12242279	0.16788475	-0.31015787	0.24264948	-0.14891033	0.10160664	-0.12944958	0.11475396	-0.11459854	0.07729368	-0.045572508	0.0507592	-0.091354996	0.07610618	-0.07738226	0.026266841	-0.028478079	0.103687674	-0.05396283	0.033327185	-0.03136768	0.029175261	-0.051551573	0.044461872	-0.031185843	0.018773617	-0.020160249	0.08756768	-0.030307567	0.03974359
0.0791338	-0.07594868	0.2717976	-0.3393141	0.22303706	-0.1899504	0.17931515	-0.70226616	0.99999875	-0.31598702	0.10697823	-0.15594187	0.2534066	-0.36161065	0.1474819	-0.09465655	0.11596398	-0.11609617	0.1150235	-0.07817208	0.042538464	-0.048033524	0.08818318	-0.07665787	0.07566129	-0.025836252	0.027958745	-0.107818276	0.053676203	-0.03326532	0.031836774	-0.029754205	0.052862965	-0.044776488	0.030916158	-0.019269843	0.020666666	-0.091333136	0.030560952	-0.040309146
-0.08849716	0.07915938	-0.3232078	0.27910155	-0.7900452	0.11031924	-0.10611743	0.21568806	-0.31598702	0.99999887	-0.07812362	0.10512952	-0.14889905	0.14253946	-0.24040836	0.069595054	-0.086097755	0.086871535	-0.08533239	0.07718403	-0.03466095	0.03900494	-0.07778622	0.065311775	-0.07425679	0.02608947	-0.028346367	0.12951583	-0.054123033	0.034104098	-0.036211748	0.034190428	-0.061810087	0.046147164	-0.03161663	0.02266377	-0.024253258	0.11251489	-0.032662828	0.043314278
0.051635522	-0.049125828	0.089581415	-0.07317765	0.07053445	-0.3150342	0.21276827	-0.12242279	0.10697823	-0.07812362	0.99999845	-0.4294658	0.13488221	-0.12190793	0.12339629	-0.7306258	0.2918143	-0.16006425	0.12929924	-0.08355519	0.16723914	-0.1948253	0.10980415	-0.08787819	0.085820995	-0.06029851	0.061662413	-0.10452461	0.060043205	-0.036568157	0.042047374	-0.037886344	0.057129234	-0.048821785	0.034399346	-0.022428349	0.02384908	-0.08635696	0.032739114	-0.04253092
-0.063363045	0.05912743	-0.124349326	0.09915411	-0.097479455	0.25833407	-0.35603786	0.16788475	-0.15594187	0.10512952	-0.4294658	0.99999845	-0.26306912	0.18644461	-0.17421752	0.28280586	-0.6177091	0.22894572	-0.21299984	0.12084661	-0.11945619	0.12599967	-0.17241395	0.13067603	-0.12978548	0.049659327	-0.05389362	0.12847446	-0.084627025	0.051414955	-0.04550769	0.041208845	-0.06872087	0.066826746	-0.048912115	0.025212858	-0.027150474	0.104305856	-0.04410913	0.056759365
0.054610673	-0.052066296	0.15296087	-0.14532031	0.12235413	-0.16104952	0.1509281	-0.31015787	0.2534066	-0.14889905	0.13488221	-0.26306912	0.99999833	-0.80464363	0.16343334	-0.12402913	0.17081344	-0.21288314	0.19114894	-0.1125803	0.055309508	-0.062503174	0.12853836	-0.1181429	0.10599236	-0.032136	0.03477913	-0.12927291	0.07259143	-0.04488481	0.038620394	-0.03599018	0.06392996	-0.06012612	0.041577756	-0.023055186	0.024764176	-0.10714044	0.039773393	-0.052462634
-0.05221748	0.04873597	-0.15536918	0.13916907	-0.12618615	0.13287146	-0.13238916	0.24264948	-0.36161065	0.14253946	-0.12190793	0.18644461	-0.80464363	0.99999845	-0.1802961	0.107303485	-0.15749264	0.18539086	-0.24087173	0.112032525	-0.04952788	0.055134524	-0.13309579	0.11871491	-0.10916141	0.029319886	-0.031881597	0.1199592	-0.07149461	0.04381683	-0.035959564	0.03345127	-0.059804942	0.05793832	-0.040912297	0.021409133	-0.02303429	0.09919774	-0.038090754	0.049870264
0.05477444	-0.0511265	0.14429297	-0.1297267	0.16733828	-0.13127822	0.11230033	-0.14891033	0.1474819	-0.24040836	0.12339629	-0.17421752	0.16343334	-0.1802961	0.9999985	-0.12511289	0.14870214	-0.19364624	0.17949557	-0.28543332	0.07686545	-0.0879018	0.19822085	-0.1745747	0.21775034	-0.08889524	0.09657796	-0.55539536	0.17715846	-0.11492051	0.1435307	-0.1377441	0.2535865	-0.1598904	0.10339266	-0.09390971	0.10002978	-0.49355128	0.117721274	-0.15910631
-0.042324718	0.039306756	-0.080152296	0.06400776	-0.06442327	0.18661267	-0.1716143	0.10160664	-0.09465655	0.069595054	-0.7306258	0.28280586	-0.12402913	0.107303485	-0.12511289	0.99999833	-0.46558705	0.17059582	-0.14829507	0.08705969	-0.25563353	0.20158646	-0.123444445	0.09414675	-0.09293897	0.06805634	-0.071407154	0.1002665	-0.062494095	0.037726883	-0.043858167	0.038708154	-0.056917954	0.049705062	-0.03583748	0.022527145	-0.02398942	0.08231113	-0.033002976	0.042418573
0.04815725	-0.045936733	0.09410307	-0.078641154	0.07687547	-0.22010365	0.19062911	-0.12944958	0.11596398	-0.086097755	0.2918143	-0.6177091	0.17081344	-0.15749264	0.14870214	-0.46558705	0.9999984	-0.39775524	0.21650587	-0.122269146	0.14721474	-0.1776979	0.1622454	-0.13542765	0.121735305	-0.05603654	0.059346512	-0.12546442	0.08085519	-0.04942963	0.045531735	-0.041281544	0.06657969	-0.065296456	0.046322014	-0.024891332	0.026649857	-0.10067228	0.04245411	-0.055257447
-0.038102508	0.03556967	-0.08975281	0.07531582	-0.078551635	0.12572567	-0.1151452	0.11475396	-0.11609617	0.086871535	-0.16006425	0.22894572	-0.21288314	0.18539086	-0.19364624	0.17059582	-0.39775524	0.99999833	-0.68944925	0.20541017	-0.07802592	0.08630643	-0.3494681	0.2575623	-0.22188826	0.04127089	-0.04519275	0.15203983	-0.13024376	0.07701314	-0.04828105	0.04419059	-0.07985263	0.099142335	-0.0732079	0.027243622	-0.029585548	0.116495274	-0.061342943	0.078693
0.035522074	-0.033483617	0.08474313	-0.07380017	0.07462074	-0.11971519	0.103835166	-0.11459854	0.1150235	-0.08533239	0.12929924	-0.21299984	0.19114894	-0.24087173	0.17949557	-0.14829507	0.21650587	-0.68944925	0.999998	-0.3090227	0.06542253	-0.07563572	0.2813542	-0.41450578	0.22925672	-0.03832603	0.041668717	-0.15669422	0.1343759	-0.08172068	0.047136206	-0.043686114	0.07951341	-0.10828454	0.07491277	-0.027137501	0.029379457	-0.119581595	0.06384907	-0.083920255
-0.027244307	0.025348615	-0.067746885	0.05748029	-0.06739757	0.07777004	-0.0682274	0.07729368	-0.07817208	0.07718403	-0.08355519	0.12084661	-0.1125803	0.112032525	-0.28543332	0.08705969	-0.122269146	0.20541017	-0.3090227	0.9999976	-0.04494643	0.050945714	-0.22995178	0.21645086	-0.8214744	0.034978427	-0.038386535	0.17438155	-0.14255352	0.13935073	-0.050723035	0.047411498	-0.08852348	0.114386715	-0.13659784	0.030267166	-0.0327539	0.14092954	-0.07110734	0.08914152
0.018623777	-0.017387131	0.03743601	-0.030270698	0.03200018	-0.0749533	0.06595288	-0.045572508	0.042538464	-0.03466095	0.16723914	-0.11945619	0.055309508	-0.04952788	0.07686545	-0.25563353	0.14721474	-0.07802592	0.06542253	-0.04494643	0.99999756	-0.9014735	0.062087417	-0.048104562	0.04759438	-0.20734097	0.17124374	-0.07922895	0.036936995	-0.021416606	0.06501877	-0.05541248	0.05500715	-0.03016759	0.020341411	-0.028021488	0.028384969	-0.068091325	0.020627601	-0.026150526
-0.020910898	0.019403141	-0.04246209	0.0340463	-0.036303744	0.08066821	-0.07406603	0.0507592	-0.048033524	0.03900494	-0.1948253	0.12599967	-0.062503174	0.055134524	-0.0879018	0.20158646	-0.1776979	0.08630643	-0.07563572	0.050945714	-0.9014735	0.99999744	-0.0722189	0.054646317	-0.05473319	0.1707008	-0.20492221	0.08519822	-0.041623224	0.024134992	-0.067895174	0.05620455	-0.059731856	0.033644304	-0.023012606	0.029179592	-0.030190969	0.07252426	-0.022951398	0.029008223
0.03180248	-0.029868752	0.074625425	-0.06359685	0.06909201	-0.1035255	0.08778859	-0.091354996	0.08818318	-0.07778622	0.10980415	-0.17241395	0.12853836	-0.13309579	0.19822085	-0.123444445	0.1622454	-0.3494681	0.2813542	-0.22995178	0.062087417	-0.0722189	0.99999744	-0.755204	0.21537936	-0.04600671	0.05062936	-0.25022382	0.20123015	-0.10976437	0.064477414	-0.06014798	0.11452226	-0.1769686	0.09630913	-0.036611613	0.039873008	-0.15816878	0.098310255	-0.13464916
-0.026057666	0.024320854	-0.063034445	0.05328816	-0.058621313	0.07999081	-0.069977865	0.07610618	-0.07665787	0.065311775	-0.08787819	0.13067603	-0.1181429	0.11871491	-0.1745747	0.09414675	-0.13542765	0.2575623	-0.41450578	0.21645086	-0.048104562	0.054646317	-0.755204	0.9999975	-0.27505097	0.035156474	-0.03893837	0.1717419	-0.25531226	0.101522125	-0.05042148	0.046614725	-0.08977774	0.16062306	-0.092752114	0.02833783	-0.03100557	0.120853476	-0.08731178	0.11269509
0.027280787	-0.025541097	0.06597402	-0.056531716	0.06400667	-0.08228497	0.070343226	-0.07738226	0.07566129	-0.07425679	0.085820995	-0.12978548	0.10599236	-0.10916141	0.21775034	-0.09293897	0.121735305	-0.22188826	0.22925672	-0.8214744	0.04759438	-0.05473319	0.21537936	-0.27505097	0.99999756	-0.038443353	0.041997764	-0.19981632	0.1501166	-0.19612758	0.056049034	-0.052839033	0.098358646	-0.13219525	0.1482479	-0.033857904	0.036515474	-0.16022734	0.079561494	-0.10310326
-0.010897791	0.010016492	-0.025253305	0.020213002	-0.024752637	0.033444393	-0.02985566	0.026266841	-0.025836252	0.02608947	-0.06029851	0.049659327	-0.032136	0.029319886	-0.08889524	0.06805634	-0.05603654	0.04127089	-0.03832603	0.034978427	-0.20734097	0.1707008	-0.04600671	0.035156474	-0.038443353	0.99999744	-0.90972006	0.12476083	-0.039470013	0.020703321	-0.22883222	0.1522556	-0.11257497	0.03307894	-0.019970855	0.0705368	-0.06911067	0.112178676	-0.023650352	0.028724506
0.011770848	-0.010832061	0.027329149	-0.021925174	0.026839899	-0.03609365	0.031965513	-0.028478079	0.027958745	-0.028346367	0.061662413	-0.05389362	0.03477913	-0.031881597	0.09657796	-0.071407154	0.059346512	-0.04519275	0.041668717	-0.038386535	0.17124374	-0.20492221	0.05062936	-0.03893837	0.041997764	-0.90972006	0.99999744	-0.15628071	0.044003233	-0.023064073	0.18072234	-0.17193352	0.1192728	-0.037143864	0.02215329	-0.073341146	0.06904336	-0.13127579	0.026620418	-0.03252605
-0.043663103	0.039453372	-0.11550949	0.091502756	-0.1255272	0.09404415	-0.08523794	0.103687674	-0.107818276	0.12951583	-0.10452461	0.12847446	-0.12927291	0.1199592	-0.55539536	0.1002665	-0.12546442	0.15203983	-0.15669422	0.17438155	-0.07922895	0.08519822	-0.25022382	0.1717419	-0.19981632	0.12476083	-0.15628071	0.9999972	-0.22650257	0.104284264	-0.2369473	0.20067082	-0.50743616	0.1628084	-0.102674745	0.10798569	-0.12492636	0.32174864	-0.11252097	0.13314548
0.020240454	-0.018717144	0.05002386	-0.041412752	0.049690995	-0.05576765	0.048522804	-0.05396283	0.053676203	-0.054123033	0.060043205	-0.084627025	0.07259143	-0.07149461	0.17715846	-0.062494095	0.08085519	-0.13024376	0.1343759	-0.14255352	0.036936995	-0.041623224	0.20123015	-0.25531226	0.1501166	-0.039470013	0.044003233	-0.22650257	0.99999714	-0.24079233	0.068608016	-0.066304594	0.13410209	-0.7480547	0.20272627	-0.03814362	0.04193471	-0.16015095	0.25433275	-0.34941602
-0.01248045	0.011541865	-0.030982504	0.025721123	-0.031009065	0.034109198	-0.029756382	0.033327185	-0.03326532	0.034104098	-0.036568157	0.051414955	-0.04488481	0.04381683	-0.11492051	0.037726883	-0.04942963	0.07701314	-0.08172068	0.13935073	-0.021416606	0.024134992	-0.10976437	0.101522125	-0.19612758	0.020703321	-0.023064073	0.104284264	-0.24079233	0.9999969	-0.035065297	0.032854415	-0.06585868	0.2083065	-0.90582997	0.019691313	-0.02168605	0.08401871	-0.11342725	0.11441089
0.0130402045	-0.011879287	0.03299286	-0.026351428	0.034681253	-0.032253627	0.028753672	-0.03136768	0.031836774	-0.036211748	0.042047374	-0.04550769	0.038620394	-0.035959564	0.1435307	-0.043858167	0.045531735	-0.04828105	0.047136206	-0.050723035	0.06501877	-0.067895174	0.064477414	-0.05042148	0.056049034	-0.22883222	0.18072234	-0.2369473	0.068608016	-0.035065297	0.99999726	-0.7745046	0.26833022	-0.06176268	0.033772655	-0.29056668	0.21475057	-0.29252914	0.045119688	-0.05409963
-0.012173981	0.011070685	-0.031044679	0.024742493	-0.03283693	0.029393122	-0.026323857	0.029175261	-0.029754205	0.034190428	-0.037886344	0.041208845	-0.03599018	0.03345127	-0.1377441	0.038708154	-0.041281544	0.04419059	-0.043686114	0.047411498	-0.05541248	0.05620455	-0.06014798	0.046614725	-0.052839033	0.1522556	-0.17193352	0.20067082	-0.066304594	0.032854415	-0.7745046	0.99999714	-0.45334557	0.059713222	-0.032204345	0.18636979	-0.21690588	0.23724705	-0.042009138	0.04885987
0.021432314	-0.019464146	0.055548973	-0.044309918	0.05938066	-0.049434446	0.044219688	-0.051551573	0.052862965	-0.061810087	0.057129234	-0.06872087	0.06392996	-0.059804942	0.2535865	-0.056917954	0.06657969	-0.07985263	0.07951341	-0.08852348	0.05500715	-0.059731856	0.11452226	-0.08977774	0.098358646	-0.11257497	0.1192728	-0.50743616	0.13410209	-0.06585868	0.26833022	-0.45334557	0.99999714	-0.13223642	0.06405405	-0.14461167	0.14928974	-0.5967286	0.0865343	-0.10096102
-0.016964523	0.015613659	-0.042516362	0.034872025	-0.042848155	0.04474947	-0.039406035	0.044461872	-0.044776488	0.046147164	-0.048821785	0.066826746	-0.06012612	0.05793832	-0.1598904	0.049705062	-0.065296456	0.099142335	-0.10828454	0.114386715	-0.03016759	0.033644304	-0.1769686	0.16062306	-0.13219525	0.03307894	-0.037143864	0.1628084	-0.7480547	0.2083065	-0.06176268	0.059713222	-0.13223642	0.9999971	-0.28059685	0.03311752	-0.03676992	0.13328373	-0.40826714	0.27467793
0.011633854	-0.010781465	0.02869048	-0.023916721	0.02856969	-0.032337043	0.028024666	-0.031185843	0.030916158	-0.03161663	0.034399346	-0.048912115	0.041577756	-0.040912297	0.10339266	-0.03583748	0.046322014	-0.0732079	0.07491277	-0.13659784	0.020341411	-0.023012606	0.09630913	-0.092752114	0.1482479	-0.019970855	0.02215329	-0.102674745	0.20272627	-0.90582997	0.033772655	-0.032204345	0.06405405	-0.28059685	0.99999726	-0.019227559	0.021073986	-0.08381121	0.1155007	-0.12723048
-0.007890838	0.0071579563	-0.020402012	0.016216032	-0.021849232	0.018240498	-0.016383443	0.018773617	-0.019269843	0.02266377	-0.022428349	0.025212858	-0.023055186	0.021409133	-0.09390971	0.022527145	-0.024891332	0.027243622	-0.027137501	0.030267166	-0.028021488	0.029179592	-0.036611613	0.02833783	-0.033857904	0.0705368	-0.073341146	0.10798569	-0.03814362	0.019691313	-0.29056668	0.18636979	-0.14461167	0.03311752	-0.019227559	0.99999756	-0.9137368	0.1661627	-0.025300574	0.029546041
0.008453975	-0.007673287	0.021834739	-0.01737373	0.023353143	-0.019618709	0.017584814	-0.020160249	0.020666666	-0.024253258	0.02384908	-0.027150474	0.024764176	-0.02303429	0.10002978	-0.02398942	0.026649857	-0.029585548	0.029379457	-0.0327539	0.028384969	-0.030190969	0.039873008	-0.03100557	0.036515474	-0.06911067	0.06904336	-0.12492636	0.04193471	-0.02168605	0.21475057	-0.21690588	0.14928974	-0.03676992	0.021073986	-0.9137368	0.9999977	-0.222529	0.028555315	-0.033530727
-0.037364554	0.033693355	-0.09959049	0.07865368	-0.10939208	0.077943094	-0.07080645	0.08756768	-0.091333136	0.11251489	-0.08635696	0.104305856	-0.10714044	0.09919774	-0.49355128	0.08231113	-0.10067228	0.116495274	-0.119581595	0.14092954	-0.068091325	0.07252426	-0.15816878	0.120853476	-0.16022734	0.112178676	-0.13127579	0.32174864	-0.16015095	0.08401871	-0.29252914	0.23724705	-0.5967286	0.13328373	-0.08381121	0.1661627	-0.222529	0.99999803	-0.115645565	0.12332062
0.011828308	-0.010855451	0.029863078	-0.02434523	0.03054974	-0.03016355	0.026582832	-0.030307567	0.030560952	-0.032662828	0.032739114	-0.04410913	0.039773393	-0.038090754	0.117721274	-0.033002976	0.04245411	-0.061342943	0.06384907	-0.07110734	0.020627601	-0.022951398	0.098310255	-0.08731178	0.079561494	-0.023650352	0.026620418	-0.11252097	0.25433275	-0.11342725	0.045119688	-0.042009138	0.0865343	-0.40826714	0.1155007	-0.025300574	0.028555315	-0.115645565	0.999998	-0.8540105
-0.015597844	0.0142851025	-0.039621912	0.032174956	-0.040719923	0.039012797	-0.034596134	0.03974359	-0.040309146	0.043314278	-0.04253092	0.056759365	-0.052462634	0.049870264	-0.15910631	0.042418573	-0.055257447	0.078693	-0.083920255	0.08914152	-0.026150526	0.029008223	-0.13464916	0.11269509	-0.10310326	0.028724506	-0.03252605	0.13314548	-0.34941602	0.11441089	-0.05409963	0.04885987	-0.10096102	0.27467793	-0.12723048	0.029546041	-0.033530727	0.12332062	-0.8540105	0.999998
