0.99999994	-0.77182245	0.28076953	-0.19349256	0.13728048	-0.31416026	0.24753276	-0.2764439	0.17589957	-0.25070167	0.17353792	-0.20479001	0.1530117	-0.12545717	0.12462383	-0.22125532	0.13186859	-0.12574404	0.11855561	-0.116187654	0.07789124	-0.12470184	0.103417285	-0.081584185	0.08441173	-0.08446281	0.14801995	-0.08392238	0.07736475	-0.07232506	0.070764735	-0.07239196	0.083963454	-0.06341057	0.05022467	-0.06478192	0.05556785	-0.0627732	0.058282588	-0.0425788
-0.77182245	1.0	-0.45292947	0.16757737	-0.12840502	0.21302325	-0.27574077	0.24315445	-0.1634589	0.18967447	-0.1397872	0.16814588	-0.13646999	0.11018077	-0.11161532	0.16255823	-0.11199575	0.10757379	-0.10463426	0.09971957	-0.06348717	0.10227565	-0.09091697	0.07099237	-0.07411052	0.06769396	-0.13073766	0.07279001	-0.067692034	0.06261697	-0.061163627	0.06215144	-0.0734867	0.054872055	-0.04374858	0.055270202	-0.04804927	0.053819932	-0.05067959	0.036840606
0.28076953	-0.45292947	1.0000001	-0.40180516	0.22301237	-0.21048427	0.23270084	-0.5694931	0.23182367	-0.32577077	0.14703827	-0.20060489	0.17646833	-0.15512915	0.14871071	-0.19318704	0.1351593	-0.1423549	0.13711406	-0.13513947	0.077847086	-0.12846257	0.1161113	-0.092134945	0.095271625	-0.08463708	0.16188146	-0.09337887	0.08667023	-0.08104281	0.07656698	-0.078331076	0.09336508	-0.07026138	0.055794727	-0.07043909	0.060854986	-0.06890596	0.06450225	-0.047170177
-0.19349256	0.16757737	-0.40180516	1.0000001	-0.75288904	0.12534589	-0.14278077	0.2107748	-0.20901725	0.3038316	-0.09958787	0.13600619	-0.13857548	0.12540168	-0.13716723	0.12825754	-0.1092171	0.112731576	-0.12013532	0.1122926	-0.06278825	0.10228744	-0.109148555	0.083527945	-0.0903539	0.067117356	-0.1620323	0.08710047	-0.08261822	0.07457403	-0.073296584	0.07370424	-0.09175372	0.06670075	-0.05427109	0.065368	-0.058464833	0.064486995	-0.06266367	0.04497234
0.13728048	-0.12840502	0.22301237	-0.75288904	1.0000001	-0.1014049	0.11083097	-0.17466156	0.16212732	-0.54053724	0.07978824	-0.11048568	0.10867883	-0.100723915	0.10713595	-0.10590621	0.08667482	-0.09010003	0.094269186	-0.0902096	0.05033207	-0.08236729	0.08539511	-0.0658336	0.07076009	-0.054248445	0.1259003	-0.06857423	0.064746104	-0.05886522	0.05748525	-0.058035646	0.071768984	-0.052512597	0.042563897	-0.051720206	0.045940615	-0.050968643	0.049163133	-0.035404555
-0.31416026	0.21302325	-0.21048427	0.12534589	-0.1014049	1.0000004	-0.6330852	0.2359943	-0.1948655	0.17306802	-0.5144764	0.28070024	-0.19752632	0.13878712	-0.14336559	0.28618276	-0.17930837	0.14735645	-0.14048494	0.12767068	-0.09854643	0.14784054	-0.12403542	0.095148794	-0.099615715	0.09869985	-0.18663152	0.0983576	-0.091427915	0.08350379	-0.08608151	0.08627691	-0.09969033	0.073769145	-0.058977388	0.075033	-0.065783896	0.07232042	-0.06857332	0.04944592
0.24753276	-0.27574077	0.23270084	-0.14278077	0.11083097	-0.6330852	1.0000004	-0.39781192	0.20817159	-0.19476038	0.27657613	-0.42282683	0.21373442	-0.15482868	0.14833993	-0.30209586	0.18182713	-0.1638073	0.1465527	-0.13851532	0.09797817	-0.15993695	0.123323314	-0.097067714	0.099058874	-0.10296803	0.17551446	-0.09815875	0.09038479	-0.08426534	0.08296585	-0.08443642	0.09678326	-0.07289274	0.0576086	-0.07432412	0.06402258	-0.071699806	0.066858575	-0.04876185
-0.2764439	0.24315445	-0.5694931	0.2107748	-0.17466156	0.2359943	-0.39781192	0.9999997	-0.4328076	0.25268653	-0.17779382	0.24291405	-0.27477005	0.22145185	-0.21113786	0.20804702	-0.16783777	0.18685968	-0.18896423	0.1757006	-0.09055789	0.15065426	-0.14762072	0.11700062	-0.12025929	0.09627929	-0.19631141	0.1147394	-0.107693605	0.10021988	-0.09137653	0.09309964	-0.11333334	0.0848405	-0.06739365	0.083265446	-0.07259975	0.0819977	-0.07757918	0.056767438
0.17589957	-0.1634589	0.23182367	-0.20901725	0.16212732	-0.1948655	0.20817159	-0.4328076	0.9999996	-0.3637925	0.15906978	-0.25686797	0.26569504	-0.5898406	0.2749516	-0.21898739	0.17339551	-0.23641099	0.23224492	-0.27017576	0.09633408	-0.16984299	0.16108073	-0.13950348	0.13508159	-0.10659234	0.19321567	-0.12898198	0.11872569	-0.11712354	0.094337665	-0.09847185	0.119709134	-0.09343613	0.07241243	-0.091035016	0.07694605	-0.09052007	0.08284375	-0.062333297
-0.25070167	0.18967447	-0.32577077	0.3038316	-0.54053724	0.17306802	-0.19476038	0.25268653	-0.3637925	0.9999996	-0.14603588	0.20431787	-0.22032762	0.20662825	-0.23568042	0.19012712	-0.17676291	0.18239237	-0.20121521	0.18586388	-0.10214743	0.16600375	-0.18879841	0.14273795	-0.15701771	0.108787775	-0.287521	0.15079264	-0.14403352	0.12841761	-0.12821978	0.12821293	-0.16214772	0.11644836	-0.09562055	0.113256946	-0.102551326	0.11209159	-0.11037344	0.078676224
0.17353792	-0.1397872	0.14703827	-0.09958787	0.07978824	-0.5144764	0.27657613	-0.17779382	0.15906978	-0.14603588	0.99999917	-0.4089589	0.19036046	-0.12505738	0.1255575	-0.65933084	0.19269626	-0.14502843	0.12850833	-0.116835915	0.114108525	-0.1594779	0.112686425	-0.086966746	0.08959907	-0.11440033	0.17035131	-0.089813806	0.08255205	-0.07590428	0.080896676	-0.08117409	0.08975197	-0.06700835	0.053179577	-0.06992524	0.060404457	-0.066328146	0.06206196	-0.044832405
-0.20479001	0.16814588	-0.20060489	0.13600619	-0.11048568	0.28070024	-0.42282683	0.24291405	-0.25686797	0.20431787	-0.4089589	0.99999917	-0.47498426	0.21079673	-0.2075669	0.29596642	-0.3603218	0.25025982	-0.22083037	0.18725955	-0.13115422	0.23081611	-0.17980525	0.1379069	-0.14021489	0.13083898	-0.2560768	0.13762614	-0.12740119	0.1170565	-0.11579541	0.11694161	-0.13505565	0.100600235	-0.079711504	0.10126255	-0.0884927	0.097913824	-0.0924669	0.06708329
0.1530117	-0.13646999	0.17646833	-0.13857548	0.10867883	-0.19752632	0.21373442	-0.27477005	0.26569504	-0.22032762	0.19036046	-0.47498426	0.999999	-0.38908118	0.24326566	-0.24064668	0.22717421	-0.55751777	0.2811916	-0.26129678	0.104998104	-0.2012807	0.18393447	-0.15635008	0.14153604	-0.11344805	0.19685915	-0.13750494	0.12426332	-0.12191066	0.09506897	-0.099343844	0.12063492	-0.09437127	0.0722513	-0.090479866	0.0765054	-0.08996951	0.08249207	-0.062268
-0.12545717	0.11018077	-0.15512915	0.12540168	-0.100723915	0.13878712	-0.15482868	0.22145185	-0.5898406	0.20662825	-0.12505738	0.21079673	-0.38908118	0.99999917	-0.5220402	0.16307452	-0.15356168	0.2466699	-0.32658738	0.2838687	-0.07740843	0.13940729	-0.15568446	0.13707693	-0.13033044	0.08396725	-0.16148603	0.11477126	-0.10897835	0.106339276	-0.07763873	0.08096522	-0.10287937	0.07992941	-0.06179966	0.0746487	-0.06369497	0.07523958	-0.06993387	0.052937925
0.12462383	-0.11161532	0.14871071	-0.13716723	0.10713595	-0.14336559	0.14833993	-0.21113786	0.2749516	-0.23568042	0.1255575	-0.2075669	0.24326566	-0.5220402	0.99999917	-0.17584896	0.15474391	-0.25340256	0.28279653	-0.6536299	0.08271688	-0.15020105	0.16314967	-0.15231998	0.14894918	-0.09162641	0.16785036	-0.1281089	0.11980676	-0.12541476	0.083071835	-0.08772175	0.11163888	-0.08901841	0.06823353	-0.08263868	0.06941961	-0.08394371	0.0766777	-0.059190404
-0.22125532	0.16255823	-0.19318704	0.12825754	-0.10590621	0.28618276	-0.30209586	0.20804702	-0.21898739	0.19012712	-0.65933084	0.29596642	-0.24064668	0.16307452	-0.17584896	0.999999	-0.30698556	0.18650481	-0.17832687	0.15677261	-0.19739708	0.21995562	-0.1674945	0.12557998	-0.13332377	0.1662713	-0.27431533	0.1338739	-0.124061815	0.11147756	-0.12736517	0.12491309	-0.13817815	0.101208776	-0.0813524	0.105924465	-0.093330674	0.10007754	-0.09527177	0.067889154
0.13186859	-0.11199575	0.1351593	-0.1092171	0.08667482	-0.17930837	0.18182713	-0.16783777	0.17339551	-0.17676291	0.19269626	-0.3603218	0.22717421	-0.15356168	0.15474391	-0.30698556	0.9999992	-0.29135478	0.18685104	-0.16115329	0.18879203	-0.7208139	0.16083685	-0.12614784	0.1209345	-0.19996558	0.24777204	-0.1301614	0.11334549	-0.10681562	0.11634911	-0.123968914	0.12047249	-0.09344624	0.07172112	-0.1031867	0.08497806	-0.09518708	0.08452231	-0.0619217
-0.12574404	0.10757379	-0.1423549	0.112731576	-0.09010003	0.14735645	-0.1638073	0.18685968	-0.23641099	0.18239237	-0.14502843	0.25025982	-0.55751777	0.2466699	-0.25340256	0.18650481	-0.29135478	0.99999946	-0.57348037	0.25870818	-0.099852316	0.20035385	-0.26642928	0.19727848	-0.16847454	0.10524133	-0.20047408	0.15513822	-0.14361094	0.13640226	-0.09480785	0.09942045	-0.12898803	0.100044936	-0.07590765	0.09074841	-0.077393904	0.09200443	-0.08569883	0.06515002
0.11855561	-0.10463426	0.13711406	-0.12013532	0.094269186	-0.14048494	0.1465527	-0.18896423	0.23224492	-0.20121521	0.12850833	-0.22083037	0.2811916	-0.32658738	0.28279653	-0.17832687	0.18685104	-0.57348037	0.99999946	-0.51965827	0.089710265	-0.1759602	0.22843353	-0.29117483	0.19066694	-0.09876353	0.18005607	-0.16059496	0.15327722	-0.15580325	0.089354396	-0.09528127	0.12727582	-0.10291215	0.07701774	-0.0900925	0.07561428	-0.093147345	0.08558811	-0.06703035
-0.116187654	0.09971957	-0.13513947	0.1122926	-0.0902096	0.12767068	-0.13851532	0.1757006	-0.27017576	0.18586388	-0.116835915	0.18725955	-0.26129678	0.2838687	-0.6536299	0.15677261	-0.16115329	0.25870818	-0.51965827	0.99999946	-0.08104443	0.14572388	-0.20155838	0.18667251	-0.20820384	0.08776707	-0.18140966	0.14315552	-0.14389104	0.14524753	-0.08728449	0.09149934	-0.124603	0.09710626	-0.07553151	0.08558231	-0.0734944	0.08835304	-0.08351083	0.06437009
0.07789124	-0.06348717	0.077847086	-0.06278825	0.05033207	-0.09854643	0.09797817	-0.09055789	0.09633408	-0.10214743	0.114108525	-0.13115422	0.104998104	-0.07740843	0.08271688	-0.19739708	0.18879203	-0.099852316	0.089710265	-0.08104443	0.9999994	-0.3037942	0.09436768	-0.07113027	0.07380656	-0.8798247	0.18474975	-0.083368756	0.072617784	-0.06587989	0.14058815	-0.13070151	0.08712405	-0.06678695	0.052020676	-0.10004999	0.07572079	-0.075193234	0.064220056	-0.044810083
-0.12470184	0.10227565	-0.12846257	0.10228744	-0.08236729	0.14784054	-0.15993695	0.15065426	-0.16984299	0.16600375	-0.1594779	0.23081611	-0.2012807	0.13940729	-0.15020105	0.21995562	-0.7208139	0.20035385	-0.1759602	0.14572388	-0.3037942	0.99999946	-0.18269509	0.13035561	-0.13123706	0.22198829	-0.38467437	0.14539681	-0.12657054	0.113989815	-0.14640486	0.1508393	-0.13935007	0.10462405	-0.08141489	0.11789923	-0.10036767	0.10678997	-0.09695974	0.069312856
0.103417285	-0.09091697	0.1161113	-0.109148555	0.08539511	-0.12403542	0.123323314	-0.14762072	0.16108073	-0.18879841	0.112686425	-0.17980525	0.18393447	-0.15568446	0.16314967	-0.1674945	0.16083685	-0.26642928	0.22843353	-0.20155838	0.09436768	-0.18269509	0.9999996	-0.6152399	0.28490588	-0.10730916	0.21638517	-0.46968883	0.28239015	-0.2946486	0.1158313	-0.13167638	0.2168514	-0.18541975	0.12245632	-0.13496526	0.10973955	-0.15152179	0.1345639	-0.111202694
-0.081584185	0.07099237	-0.092134945	0.083527945	-0.0658336	0.095148794	-0.097067714	0.11700062	-0.13950348	0.14273795	-0.086966746	0.1379069	-0.15635008	0.13707693	-0.15231998	0.12557998	-0.12614784	0.19727848	-0.29117483	0.18667251	-0.07113027	0.13035561	-0.6152399	0.99999946	-0.53703433	0.079454355	-0.17253597	0.26435965	-0.3507228	0.2826955	-0.08958295	0.099264145	-0.17522345	0.1448331	-0.10439833	0.10029927	-0.08460499	0.113445334	-0.10920006	0.09012742
0.08441173	-0.07411052	0.095271625	-0.0903539	0.07076009	-0.099615715	0.099058874	-0.12025929	0.13508159	-0.15701771	0.08959907	-0.14021489	0.14153604	-0.13033044	0.14894918	-0.13332377	0.1209345	-0.16847454	0.19066694	-0.20820384	0.07380656	-0.13123706	0.28490588	-0.53703433	0.99999964	-0.08434282	0.17555131	-0.27653575	0.2943408	-0.63925517	0.09705014	-0.109110266	0.17931075	-0.16482721	0.12968728	-0.11574426	0.09519456	-0.13339457	0.123483285	-0.11621346
-0.08446281	0.06769396	-0.08463708	0.067117356	-0.054248445	0.09869985	-0.10296803	0.09627929	-0.10659234	0.108787775	-0.11440033	0.13083898	-0.11344805	0.08396725	-0.09162641	0.1662713	-0.19996558	0.10524133	-0.09876353	0.08776707	-0.8798247	0.22198829	-0.10730916	0.079454355	-0.08434282	0.99999964	-0.22897696	0.09458902	-0.08341706	0.07421253	-0.19273008	0.1462419	-0.10166803	0.076118246	-0.060225353	0.11196065	-0.088946976	0.08461968	-0.07449993	0.051205147
0.14801995	-0.13073766	0.16188146	-0.1620323	0.1259003	-0.18663152	0.17551446	-0.19631141	0.19321567	-0.287521	0.17035131	-0.2560768	0.19685915	-0.16148603	0.16785036	-0.27431533	0.24777204	-0.20047408	0.18005607	-0.18140966	0.18474975	-0.38467437	0.21638517	-0.17253597	0.17555131	-0.22897696	0.9999995	-0.28911212	0.19235283	-0.17843193	0.25844917	-0.44475278	0.22383533	-0.1855616	0.13253112	-0.2486402	0.18765396	-0.21349128	0.16483332	-0.12058897
-0.08392238	0.07279001	-0.09337887	0.08710047	-0.06857423	0.0983576	-0.09815875	0.1147394	-0.12898198	0.15079264	-0.089813806	0.13762614	-0.13750494	0.11477126	-0.1281089	0.1338739	-0.1301614	0.15513822	-0.16059496	0.14315552	-0.083368756	0.14539681	-0.46968883	0.26435965	-0.27653575	0.09458902	-0.28911212	0.99999946	-0.5607259	0.26781282	-0.12801579	0.1485074	-0.4401535	0.23808804	-0.14532076	0.14266017	-0.12308804	0.16734402	-0.16644214	0.12454928
0.07736475	-0.067692034	0.08667023	-0.08261822	0.064746104	-0.091427915	0.09038479	-0.107693605	0.11872569	-0.14403352	0.08255205	-0.12740119	0.12426332	-0.10897835	0.11980676	-0.124061815	0.11334549	-0.14361094	0.15327722	-0.14389104	0.072617784	-0.12657054	0.28239015	-0.3507228	0.2943408	-0.08341706	0.19235283	-0.5607259	0.9999995	-0.56939495	0.10621569	-0.12247141	0.24754521	-0.2655261	0.14796582	-0.12928908	0.108482026	-0.15733272	0.15536559	-0.13155238
-0.07232506	0.06261697	-0.08104281	0.07457403	-0.05886522	0.08350379	-0.08426534	0.10021988	-0.11712354	0.12841761	-0.07590428	0.1170565	-0.12191066	0.106339276	-0.12541476	0.11147756	-0.10681562	0.13640226	-0.15580325	0.14524753	-0.06587989	0.113989815	-0.2946486	0.2826955	-0.63925517	0.07421253	-0.17843193	0.26781282	-0.56939495	0.9999994	-0.09527856	0.10529326	-0.2057206	0.17822301	-0.17832527	0.109890915	-0.09586766	0.13115615	-0.139571	0.1327153
0.070764735	-0.061163627	0.07656698	-0.073296584	0.05748525	-0.08608151	0.08296585	-0.09137653	0.094337665	-0.12821978	0.080896676	-0.11579541	0.09506897	-0.07763873	0.083071835	-0.12736517	0.11634911	-0.09480785	0.089354396	-0.08728449	0.14058815	-0.14640486	0.1158313	-0.08958295	0.09705014	-0.19273008	0.25844917	-0.12801579	0.10621569	-0.09527856	0.9999995	-0.7294557	0.16587442	-0.13309316	0.10133813	-0.47421542	0.24435891	-0.19549407	0.14115924	-0.090425484
-0.07239196	0.06215144	-0.078331076	0.07370424	-0.058035646	0.08627691	-0.08443642	0.09309964	-0.09847185	0.12821293	-0.08117409	0.11694161	-0.099343844	0.08096522	-0.08772175	0.12491309	-0.123968914	0.09942045	-0.09528127	0.09149934	-0.13070151	0.1508393	-0.13167638	0.099264145	-0.109110266	0.1462419	-0.44475278	0.1485074	-0.12247141	0.10529326	-0.7294557	0.9999994	-0.21117353	0.14591537	-0.114822455	0.2760439	-0.2821434	0.18718322	-0.1586848	0.09767634
0.083963454	-0.0734867	0.09336508	-0.09175372	0.071768984	-0.09969033	0.09678326	-0.11333334	0.119709134	-0.16214772	0.08975197	-0.13505565	0.12063492	-0.10287937	0.11163888	-0.13817815	0.12047249	-0.12898803	0.12727582	-0.124603	0.08712405	-0.13935007	0.2168514	-0.17522345	0.17931075	-0.10166803	0.22383533	-0.4401535	0.24754521	-0.2057206	0.16587442	-0.21117353	0.99999905	-0.625381	0.2058281	-0.23008136	0.18729901	-0.3186708	0.2686336	-0.20012629
-0.06341057	0.054872055	-0.07026138	0.06670075	-0.052512597	0.073769145	-0.07289274	0.0848405	-0.09343613	0.11644836	-0.06700835	0.100600235	-0.09437127	0.07992941	-0.08901841	0.101208776	-0.09344624	0.100044936	-0.10291215	0.09710626	-0.06678695	0.10462405	-0.18541975	0.1448331	-0.16482721	0.076118246	-0.1855616	0.23808804	-0.2655261	0.17822301	-0.13309316	0.14591537	-0.625381	0.9999987	-0.3362092	0.17047653	-0.17166407	0.25784948	-0.50199646	0.24408862
0.05022467	-0.04374858	0.055794727	-0.05427109	0.042563897	-0.058977388	0.0576086	-0.06739365	0.07241243	-0.09562055	0.053179577	-0.079711504	0.0722513	-0.06179966	0.06823353	-0.0813524	0.07172112	-0.07590765	0.07701774	-0.07553151	0.052020676	-0.08141489	0.12245632	-0.10439833	0.12968728	-0.060225353	0.13253112	-0.14532076	0.14796582	-0.17832527	0.10133813	-0.114822455	0.2058281	-0.3362092	0.999998	-0.15349028	0.13426287	-0.23583442	0.28023413	-0.8229751
-0.06478192	0.055270202	-0.07043909	0.065368	-0.051720206	0.075033	-0.07432412	0.083265446	-0.091035016	0.113256946	-0.06992524	0.10126255	-0.090479866	0.0746487	-0.08263868	0.105924465	-0.1031867	0.09074841	-0.0900925	0.08558231	-0.10004999	0.11789923	-0.13496526	0.10029927	-0.11574426	0.11196065	-0.2486402	0.14266017	-0.12928908	0.109890915	-0.47421542	0.2760439	-0.23008136	0.17047653	-0.15349028	0.9999981	-0.67032766	0.27318302	-0.23402041	0.12667553
0.05556785	-0.04804927	0.060854986	-0.058464833	0.045940615	-0.065783896	0.06402258	-0.07259975	0.07694605	-0.102551326	0.060404457	-0.0884927	0.0765054	-0.06369497	0.06941961	-0.093330674	0.08497806	-0.077393904	0.07561428	-0.0734944	0.07572079	-0.10036767	0.10973955	-0.08460499	0.09519456	-0.088946976	0.18765396	-0.12308804	0.108482026	-0.09586766	0.24435891	-0.2821434	0.18729901	-0.17166407	0.13426287	-0.67032766	0.99999774	-0.5468726	0.22327198	-0.12849641
-0.0627732	0.053819932	-0.06890596	0.064486995	-0.050968643	0.07232042	-0.071699806	0.0819977	-0.09052007	0.11209159	-0.066328146	0.097913824	-0.08996951	0.07523958	-0.08394371	0.10007754	-0.09518708	0.09200443	-0.093147345	0.08835304	-0.075193234	0.10678997	-0.15152179	0.113445334	-0.13339457	0.08461968	-0.21349128	0.16734402	-0.15733272	0.13115615	-0.19549407	0.18718322	-0.3186708	0.25784948	-0.23583442	0.27318302	-0.5468726	0.9999978	-0.56332767	0.20470288
0.058282588	-0.05067959	0.06450225	-0.06266367	0.049163133	-0.06857332	0.066858575	-0.07757918	0.08284375	-0.11037344	0.06206196	-0.0924669	0.08249207	-0.06993387	0.0766777	-0.09527177	0.08452231	-0.08569883	0.08558811	-0.08351083	0.064220056	-0.09695974	0.1345639	-0.10920006	0.123483285	-0.07449993	0.16483332	-0.16644214	0.15536559	-0.139571	0.14115924	-0.1586848	0.2686336	-0.50199646	0.28023413	-0.23402041	0.22327198	-0.56332767	0.9999978	-0.4273017
-0.0425788	0.036840606	-0.047170177	0.04497234	-0.035404555	0.04944592	-0.04876185	0.056767438	-0.062333297	0.078676224	-0.044832405	0.06708329	-0.062268	0.052937925	-0.059190404	0.067889154	-0.0619217	0.06515002	-0.06703035	0.06437009	-0.044810083	0.069312856	-0.111202694	0.09012742	-0.11621346	0.051205147	-0.12058897	0.12454928	-0.13155238	0.1327153	-0.090425484	0.09767634	-0.20012629	0.24408862	-0.8229751	0.12667553	-0.12849641	0.20470288	-0.4273017	0.9999978
