0.99999994	-0.58698136	0.23192284	-0.11949018	0.09860638	-0.5809089	0.3217464	-0.18317735	0.14600082	-0.17842485	0.25156876	-0.23445244	0.18933588	-0.10082976	0.093683384	-0.28911057	0.16988458	-0.15884511	0.11895185	-0.06892762	0.14841364	-0.140965	0.13759816	-0.11350904	0.06311681	-0.10554971	0.11658002	-0.1401525	0.08330116	-0.073022	0.097596064	-0.117882825	0.11060864	-0.08062449	0.06611331	-0.10668745	0.072529316	-0.10901128	0.07425872	-0.10326426
-0.58698136	1.0000001	-0.3240052	0.102704465	-0.08370025	0.2929487	-0.6444221	0.18471785	-0.13685721	0.14354959	-0.18795887	0.20433779	-0.17121455	0.08082873	-0.075505085	0.18573156	-0.14676195	0.1291426	-0.09370237	0.05221277	-0.11317169	0.10841953	-0.1079585	0.08753805	-0.048158977	0.07732737	-0.087525174	0.10369823	-0.061353583	0.053299297	-0.07263893	0.08566762	-0.08052149	0.058424424	-0.04823946	0.07475617	-0.051487215	0.077087335	-0.05294472	0.072716735
0.23192284	-0.3240052	1.0000001	-0.27015272	0.19175512	-0.23314454	0.23805098	-0.63009506	0.29798922	-0.35541248	0.18433528	-0.21467657	0.23621705	-0.1627885	0.14692645	-0.23058009	0.16944732	-0.18877523	0.14756727	-0.088415846	0.14771602	-0.14469375	0.15415873	-0.14084156	0.07942035	-0.11011944	0.12550369	-0.15679806	0.0944913	-0.083685786	0.10222075	-0.12715523	0.12147766	-0.09118794	0.07502126	-0.118042774	0.07999379	-0.12083433	0.08297829	-0.11578766
-0.11949018	0.102704465	-0.27015272	1.0	-0.7222198	0.10205026	-0.1128901	0.218647	-0.49676	0.30396336	-0.0950275	0.102591045	-0.13563283	0.120158054	-0.12584284	0.10736317	-0.09025323	0.09739733	-0.09526309	0.05397067	-0.07958662	0.07581042	-0.08644474	0.08294899	-0.049677085	0.056770675	-0.067043476	0.08121253	-0.050984096	0.04453755	-0.0543771	0.06510146	-0.064049244	0.047659215	-0.040260762	0.057933304	-0.04028526	0.060217816	-0.04235653	0.05755991
0.09860638	-0.08370025	0.19175512	-0.7222198	0.9999998	-0.088732064	0.092266016	-0.17444208	0.26928613	-0.5626933	0.083873995	-0.09087811	0.11588772	-0.1444907	0.1440401	-0.09869352	0.08110798	-0.08920142	0.09528891	-0.05691032	0.0733709	-0.070528194	0.081346214	-0.08508242	0.051102612	-0.053526774	0.06321009	-0.07801093	0.04945132	-0.043656398	0.050963074	-0.06204325	0.06107786	-0.046354074	0.039129376	-0.056116324	0.038797468	-0.058239926	0.040997252	-0.056038164
-0.5809089	0.2929487	-0.23314454	0.10205026	-0.088732064	0.9999998	-0.47415322	0.16526434	-0.14228085	0.14639196	-0.4862834	0.25102165	-0.21367359	0.09200945	-0.08785056	0.27193126	-0.19095822	0.16094846	-0.11912414	0.06404634	-0.15701485	0.14229155	-0.14019561	0.109095655	-0.06000642	0.101803504	-0.114663735	0.13125698	-0.07806502	0.06698292	-0.09733605	0.110043645	-0.10391739	0.07358267	-0.06121207	0.092855036	-0.06489164	0.09632304	-0.0665237	0.09008882
0.3217464	-0.6444221	0.23805098	-0.1128901	0.092266016	-0.47415322	0.9999994	-0.21450229	0.14796594	-0.16083886	0.23971361	-0.3606306	0.2064107	-0.09430206	0.08758484	-0.24442564	0.18874359	-0.16542117	0.11296263	-0.063055456	0.14098315	-0.13997613	0.13342045	-0.107107	0.058110163	-0.0966454	0.10830717	-0.12912081	0.07525456	-0.06543692	0.08976303	-0.10647789	0.09876701	-0.07176793	0.059035294	-0.09196261	0.06325421	-0.09486021	0.06491027	-0.08925297
-0.18317735	0.18471785	-0.63009506	0.218647	-0.17444208	0.16526434	-0.21450229	0.9999989	-0.5750912	0.24323	-0.14491327	0.17531638	-0.2919467	0.12624899	-0.11813982	0.16436402	-0.14254147	0.16414358	-0.11902351	0.06587673	-0.115145855	0.11325953	-0.12529252	0.10843878	-0.060397524	0.08183353	-0.095344044	0.11704997	-0.069909416	0.060980015	-0.07701496	0.09311559	-0.08895502	0.06597972	-0.05479513	0.08201745	-0.056576468	0.084984444	-0.05891159	0.08074845
0.14600082	-0.13685721	0.29798922	-0.49676	0.26928613	-0.14228085	0.14796594	-0.5750912	0.999999	-0.43448064	0.12771769	-0.14789222	0.18907699	-0.18670245	0.16242264	-0.1548786	0.12443457	-0.14351046	0.12859485	-0.07584832	0.10902949	-0.10673533	0.119405724	-0.11825879	0.06809725	-0.080282584	0.09351836	-0.11663957	0.07183847	-0.06349405	0.07546272	-0.092892066	0.08994226	-0.068101004	0.056781873	-0.084507026	0.057941627	-0.087276116	0.060768217	-0.083785325
-0.17842485	0.14354959	-0.35541248	0.30396336	-0.5626933	0.14639196	-0.16083886	0.24323	-0.43448064	0.99999887	-0.1426499	0.14905109	-0.19881244	0.22719353	-0.33789217	0.15663177	-0.13664976	0.14526218	-0.16889584	0.094242185	-0.12313413	0.1158725	-0.13684517	0.13775039	-0.08819115	0.08658765	-0.103949495	0.12452264	-0.08048678	0.07001794	-0.08405222	0.09921688	-0.09924907	0.07394381	-0.06351549	0.08681558	-0.06112452	0.09094438	-0.06485563	0.08696764
0.25156876	-0.18795887	0.18433528	-0.0950275	0.083873995	-0.4862834	0.23971361	-0.14491327	0.12771769	-0.1426499	0.99999917	-0.41567636	0.23299822	-0.09787672	0.0923928	-0.6307689	0.23864783	-0.20009643	0.13530453	-0.074131966	0.2068318	-0.1908293	0.16860579	-0.12891178	0.06907172	-0.13342184	0.1414275	-0.16424805	0.09417678	-0.081322335	0.121584244	-0.13953863	0.12595034	-0.08964834	0.07360831	-0.11539352	0.07986719	-0.11929036	0.08110339	-0.1107917
-0.23445244	0.20433779	-0.21467657	0.102591045	-0.09087811	0.25102165	-0.3606306	0.17531638	-0.14789222	0.14905109	-0.41567636	0.99999946	-0.46723476	0.11220298	-0.10626695	0.28829706	-0.527236	0.28153488	-0.16076523	0.08015818	-0.2239871	0.22781582	-0.21048778	0.14764713	-0.075826444	0.13383707	-0.15620634	0.1760065	-0.09869095	0.083600365	-0.12704079	0.14165527	-0.12819698	0.091056235	-0.07536182	0.1102349	-0.0779129	0.11588046	-0.07985113	0.107027255
0.18933588	-0.17121455	0.23621705	-0.13563283	0.11588772	-0.21367359	0.2064107	-0.2919467	0.18907699	-0.19881244	0.23299822	-0.46723476	0.9999995	-0.16777289	0.1418665	-0.28966892	0.30060405	-0.5826614	0.19952601	-0.10515004	0.20668574	-0.22916071	0.25040767	-0.19672753	0.09638302	-0.14844632	0.17281923	-0.22775452	0.122260146	-0.10640378	0.13523243	-0.16821423	0.15241033	-0.11487519	0.093485326	-0.1393804	0.09612042	-0.14591059	0.099856794	-0.13694245
-0.10082976	0.08082873	-0.1627885	0.120158054	-0.1444907	0.09200945	-0.09430206	0.12624899	-0.18670245	0.22719353	-0.09787672	0.11220298	-0.16777289	0.99999964	-0.841161	0.114878245	-0.10971121	0.13317385	-0.30914563	0.12773885	-0.0989307	0.09917988	-0.13135958	0.18697202	-0.1197814	0.07135106	-0.08816868	0.11320574	-0.075921424	0.06751149	-0.068106614	0.08341428	-0.08233203	0.067151785	-0.05879831	0.070965745	-0.050062645	0.07561574	-0.055014025	0.073456354
0.093683384	-0.075505085	0.14692645	-0.12584284	0.1440401	-0.08785056	0.08758484	-0.11813982	0.16242264	-0.33789217	0.0923928	-0.10626695	0.1418665	-0.841161	0.9999995	-0.112561084	0.10217592	-0.12490606	0.20961879	-0.15270488	0.09419273	-0.09586091	0.12248211	-0.18690789	0.12168089	-0.07029764	0.085773215	-0.113188185	0.07508927	-0.06850106	0.066263616	-0.0830336	0.08119388	-0.067675486	0.05871574	-0.07212032	0.050342113	-0.0765376	0.05537193	-0.07486324
-0.28911057	0.18573156	-0.23058009	0.10736317	-0.09869352	0.27193126	-0.24442564	0.16436402	-0.1548786	0.15663177	-0.6307689	0.28829706	-0.28966892	0.114878245	-0.112561084	0.9999997	-0.323844	0.22772013	-0.1734606	0.08738668	-0.37094176	0.24173667	-0.21885175	0.15521114	-0.083978325	0.17481834	-0.18379273	0.19214109	-0.11310869	0.094537966	-0.17198707	0.16825522	-0.15525803	0.10411322	-0.087504	0.12728524	-0.09202887	0.13393097	-0.09294465	0.12205418
0.16988458	-0.14676195	0.16944732	-0.09025323	0.08110798	-0.19095822	0.18874359	-0.14254147	0.12443457	-0.13664976	0.23864783	-0.527236	0.30060405	-0.10971121	0.10217592	-0.323844	0.9999998	-0.4886684	0.17620362	-0.08813264	0.2586497	-0.4537509	0.25851104	-0.1755425	0.08277057	-0.16198514	0.18529655	-0.21778789	0.111979716	-0.09512632	0.14319368	-0.16905674	0.1431384	-0.10333169	0.08414609	-0.12349128	0.08698466	-0.13054314	0.08884882	-0.119395986
-0.15884511	0.1291426	-0.18877523	0.09739733	-0.08920142	0.16094846	-0.16542117	0.16414358	-0.14351046	0.14526218	-0.20009643	0.28153488	-0.5826614	0.13317385	-0.12490606	0.22772013	-0.4886684	1.0	-0.2653313	0.10134049	-0.22602795	0.25359675	-0.42886102	0.21813788	-0.09772933	0.14161459	-0.1825203	0.22527604	-0.12009615	0.098992094	-0.1341466	0.15704687	-0.14481965	0.10575391	-0.087757386	0.11785072	-0.084408335	0.12648204	-0.08851847	0.116887696
0.11895185	-0.09370237	0.14756727	-0.09526309	0.09528891	-0.11912414	0.11296263	-0.11902351	0.12859485	-0.16889584	0.13530453	-0.16076523	0.19952601	-0.30914563	0.20961879	-0.1734606	0.17620362	-0.2653313	0.99999994	-0.22457856	0.16251637	-0.18264882	0.2647358	-0.736613	0.1895686	-0.12355911	0.15545247	-0.224747	0.1434818	-0.12727611	0.11420208	-0.14782947	0.14082448	-0.12575041	0.10443187	-0.12199462	0.08560097	-0.13181593	0.0961498	-0.1294576
-0.06892762	0.05221277	-0.088415846	0.05397067	-0.05691032	0.06404634	-0.063055456	0.06587673	-0.07584832	0.094242185	-0.074131966	0.08015818	-0.10515004	0.12773885	-0.15270488	0.08738668	-0.08813264	0.10134049	-0.22457856	0.9999999	-0.08824002	0.086633235	-0.12900792	0.20054595	-0.9140028	0.063637145	-0.08563813	0.11001634	-0.11746055	0.12680516	-0.06299188	0.07738018	-0.08417416	0.08948409	-0.10667188	0.06430877	-0.04750766	0.072647154	-0.061270144	0.07639016
0.14841364	-0.11317169	0.14771602	-0.07958662	0.0733709	-0.15701485	0.14098315	-0.115145855	0.10902949	-0.12313413	0.2068318	-0.2239871	0.20668574	-0.0989307	0.09419273	-0.37094176	0.2586497	-0.22602795	0.16251637	-0.08824002	0.9999999	-0.6056546	0.2490852	-0.16911016	0.083291546	-0.42237216	0.23957287	-0.2534213	0.12763228	-0.108468674	0.24767391	-0.24826996	0.17904748	-0.120730914	0.097017154	-0.15768376	0.11074639	-0.16408262	0.10687881	-0.14335994
-0.140965	0.10841953	-0.14469375	0.07581042	-0.070528194	0.14229155	-0.13997613	0.11325953	-0.10673533	0.1158725	-0.1908293	0.22781582	-0.22916071	0.09917988	-0.09586091	0.24173667	-0.4537509	0.25359675	-0.18264882	0.086633235	-0.6056546	0.9999998	-0.40652636	0.18115668	-0.08466079	0.2168356	-0.30001372	0.24846557	-0.12261952	0.09965464	-0.19960071	0.20749113	-0.1627293	0.109065145	-0.089262486	0.12729076	-0.092981994	0.13659437	-0.092471525	0.120500356
0.13759816	-0.1079585	0.15415873	-0.08644474	0.081346214	-0.14019561	0.13342045	-0.12529252	0.119405724	-0.13684517	0.16860579	-0.21048778	0.25040767	-0.13135958	0.12248211	-0.21885175	0.25851104	-0.42886102	0.2647358	-0.12900792	0.2490852	-0.40652636	0.9999997	-0.41657805	0.12511109	-0.17881112	0.24572372	-0.4874694	0.17059913	-0.13928181	0.16076265	-0.21230952	0.18709575	-0.14642282	0.11678576	-0.14892356	0.10649993	-0.16418636	0.11392156	-0.15044248
-0.11350904	0.08753805	-0.14084156	0.08294899	-0.08508242	0.109095655	-0.107107	0.10843878	-0.11825879	0.13775039	-0.12891178	0.14764713	-0.19672753	0.18697202	-0.18690789	0.15521114	-0.1755425	0.21813788	-0.736613	0.20054595	-0.16911016	0.18115668	-0.41657805	0.99999964	-0.2517855	0.115778595	-0.15793742	0.21303602	-0.16079207	0.12459013	-0.11142221	0.13686134	-0.1362073	0.12062686	-0.1047465	0.106161505	-0.077142164	0.117231205	-0.08887388	0.11436876
0.06311681	-0.048158977	0.07942035	-0.049677085	0.051102612	-0.06000642	0.058110163	-0.060397524	0.06809725	-0.08819115	0.06907172	-0.075826444	0.09638302	-0.1197814	0.12168089	-0.083978325	0.08277057	-0.09772933	0.1895686	-0.9140028	0.083291546	-0.08466079	0.12511109	-0.2517855	0.9999996	-0.061942168	0.0826517	-0.11187201	0.11547978	-0.14962628	0.06030965	-0.07621875	0.081443675	-0.09137943	0.10394171	-0.06410822	0.046816632	-0.07243281	0.060679697	-0.07727166
-0.10554971	0.07732737	-0.11011944	0.056770675	-0.053526774	0.101803504	-0.0966454	0.08183353	-0.080282584	0.08658765	-0.13342184	0.13383707	-0.14844632	0.07135106	-0.07029764	0.17481834	-0.16198514	0.14161459	-0.12355911	0.063637145	-0.42237216	0.2168356	-0.17881112	0.115778595	-0.061942168	0.9999994	-0.28224015	0.19195588	-0.10441607	0.08412583	-0.7574553	0.26529297	-0.17919241	0.09685307	-0.07953833	0.13279462	-0.10209369	0.1362162	-0.08782828	0.1102902
0.11658002	-0.087525174	0.12550369	-0.067043476	0.06321009	-0.114663735	0.10830717	-0.095344044	0.09351836	-0.103949495	0.1414275	-0.15620634	0.17281923	-0.08816868	0.085773215	-0.18379273	0.18529655	-0.1825203	0.15545247	-0.08563813	0.23957287	-0.30001372	0.24572372	-0.15793742	0.0826517	-0.28224015	0.99999934	-0.5280694	0.16979536	-0.13594261	0.24821578	-0.6033909	0.2520519	-0.15405504	0.11912809	-0.17919664	0.13581781	-0.20095502	0.12603128	-0.1602234
-0.1401525	0.10369823	-0.15679806	0.08121253	-0.07801093	0.13125698	-0.12912081	0.11704997	-0.11663957	0.12452264	-0.16424805	0.1760065	-0.22775452	0.11320574	-0.113188185	0.19214109	-0.21778789	0.22527604	-0.224747	0.11001634	-0.2534213	0.24846557	-0.4874694	0.21303602	-0.11187201	0.19195588	-0.5280694	0.9999995	-0.31681365	0.18180108	-0.20245507	0.27257988	-0.305477	0.19599628	-0.16131476	0.16312116	-0.12887917	0.19527963	-0.14295788	0.170556
0.08330116	-0.061353583	0.0944913	-0.050984096	0.04945132	-0.07806502	0.07525456	-0.069909416	0.07183847	-0.08048678	0.09417678	-0.09869095	0.122260146	-0.075921424	0.07508927	-0.11310869	0.111979716	-0.12009615	0.1434818	-0.11746055	0.12763228	-0.12261952	0.17059913	-0.16079207	0.11547978	-0.10441607	0.16979536	-0.31681365	0.9999995	-0.6020301	0.10728598	-0.15110208	0.19407757	-0.5662078	0.3209803	-0.12803914	0.10002738	-0.16959941	0.18735677	-0.22686216
-0.073022	0.053299297	-0.083685786	0.04453755	-0.043656398	0.06698292	-0.06543692	0.060980015	-0.06349405	0.07001794	-0.081322335	0.083600365	-0.10640378	0.06751149	-0.06850106	0.094537966	-0.09512632	0.098992094	-0.12727611	0.12680516	-0.108468674	0.09965464	-0.13928181	0.12459013	-0.14962628	0.08412583	-0.13594261	0.18180108	-0.6020301	0.9999995	-0.08886838	0.116290905	-0.15959504	0.3149812	-0.66351837	0.0994521	-0.07977426	0.1296515	-0.15094098	0.16815968
0.097596064	-0.07263893	0.10222075	-0.0543771	0.050963074	-0.09733605	0.08976303	-0.07701496	0.07546272	-0.08405222	0.121584244	-0.12704079	0.13523243	-0.068106614	0.066263616	-0.17198707	0.14319368	-0.1341466	0.11420208	-0.06299188	0.24767391	-0.19960071	0.16076265	-0.11142221	0.06030965	-0.7574553	0.24821578	-0.20245507	0.10728598	-0.08886838	0.9999999	-0.44499278	0.19346154	-0.10461213	0.08344176	-0.16811076	0.12020345	-0.16258384	0.09756869	-0.12561156
-0.117882825	0.08566762	-0.12715523	0.06510146	-0.06204325	0.110043645	-0.10647789	0.09311559	-0.092892066	0.09921688	-0.13953863	0.14165527	-0.16821423	0.08341428	-0.0830336	0.16825522	-0.16905674	0.15704687	-0.14782947	0.07738018	-0.24826996	0.20749113	-0.21230952	0.13686134	-0.07621875	0.26529297	-0.6033909	0.27257988	-0.15110208	0.116290905	-0.44499278	1.0000001	-0.41566607	0.14284894	-0.11541293	0.18914792	-0.17300184	0.21912257	-0.13143435	0.1553902
0.11060864	-0.08052149	0.12147766	-0.064049244	0.06107786	-0.10391739	0.09876701	-0.08895502	0.08994226	-0.09924907	0.12595034	-0.12819698	0.15241033	-0.08233203	0.08119388	-0.15525803	0.1431384	-0.14481965	0.14082448	-0.08417416	0.17904748	-0.1627293	0.18709575	-0.1362073	0.081443675	-0.17919241	0.2520519	-0.305477	0.19407757	-0.15959504	0.19346154	-0.41566607	1.0	-0.25780055	0.16845176	-0.3239175	0.2454889	-0.6019584	0.23373494	-0.28622717
-0.08062449	0.058424424	-0.09118794	0.047659215	-0.046354074	0.07358267	-0.07176793	0.06597972	-0.068101004	0.07394381	-0.08964834	0.091056235	-0.11487519	0.067151785	-0.067675486	0.10411322	-0.10333169	0.10575391	-0.12575041	0.08948409	-0.120730914	0.109065145	-0.14642282	0.12062686	-0.09137943	0.09685307	-0.15405504	0.19599628	-0.5662078	0.3149812	-0.10461213	0.14284894	-0.25780055	0.99999994	-0.5923684	0.12971437	-0.109528184	0.18955664	-0.32224494	0.24787545
0.06611331	-0.04823946	0.07502126	-0.040260762	0.039129376	-0.06121207	0.059035294	-0.05479513	0.056781873	-0.06351549	0.07360831	-0.07536182	0.093485326	-0.05879831	0.05871574	-0.087504	0.08414609	-0.087757386	0.10443187	-0.10667188	0.097017154	-0.089262486	0.11678576	-0.1047465	0.10394171	-0.07953833	0.11912809	-0.16131476	0.3209803	-0.66351837	0.08344176	-0.11541293	0.16845176	-0.5923684	0.99999976	-0.111683995	0.08855752	-0.15427095	0.19196704	-0.24450624
-0.10668745	0.07475617	-0.118042774	0.057933304	-0.056116324	0.092855036	-0.09196261	0.08201745	-0.084507026	0.08681558	-0.11539352	0.1102349	-0.1393804	0.070965745	-0.07212032	0.12728524	-0.12349128	0.11785072	-0.12199462	0.06430877	-0.15768376	0.12729076	-0.14892356	0.106161505	-0.06410822	0.13279462	-0.17919664	0.16312116	-0.12803914	0.0994521	-0.16811076	0.18914792	-0.3239175	0.12971437	-0.111683995	0.99999946	-0.8045706	0.28914952	-0.1663717	0.16044797
0.072529316	-0.051487215	0.07999379	-0.04028526	0.038797468	-0.06489164	0.06325421	-0.056576468	0.057941627	-0.06112452	0.07986719	-0.0779129	0.09612042	-0.050062645	0.050342113	-0.09202887	0.08698466	-0.084408335	0.08560097	-0.04750766	0.11074639	-0.092981994	0.10649993	-0.077142164	0.046816632	-0.10209369	0.13581781	-0.12887917	0.10002738	-0.07977426	0.12020345	-0.17300184	0.2454889	-0.109528184	0.08855752	-0.8045706	0.9999993	-0.46440455	0.15431571	-0.16124277
-0.10901128	0.077087335	-0.12083433	0.060217816	-0.058239926	0.09632304	-0.09486021	0.084984444	-0.087276116	0.09094438	-0.11929036	0.11588046	-0.14591059	0.07561574	-0.0765376	0.13393097	-0.13054314	0.12648204	-0.13181593	0.072647154	-0.16408262	0.13659437	-0.16418636	0.117231205	-0.07243281	0.1362162	-0.20095502	0.19527963	-0.16959941	0.1296515	-0.16258384	0.21912257	-0.6019584	0.18955664	-0.15427095	0.28914952	-0.46440455	0.99999934	-0.37667286	0.25855193
0.07425872	-0.05294472	0.08297829	-0.04235653	0.040997252	-0.0665237	0.06491027	-0.05891159	0.060768217	-0.06485563	0.08110339	-0.07985113	0.099856794	-0.055014025	0.05537193	-0.09294465	0.08884882	-0.08851847	0.0961498	-0.061270144	0.10687881	-0.092471525	0.11392156	-0.08887388	0.060679697	-0.08782828	0.12603128	-0.14295788	0.18735677	-0.15094098	0.09756869	-0.13143435	0.23373494	-0.32224494	0.19196704	-0.1663717	0.15431571	-0.37667286	0.9999993	-0.79471034
-0.10326426	0.072716735	-0.11578766	0.05755991	-0.056038164	0.09008882	-0.08925297	0.08074845	-0.083785325	0.08696764	-0.1107917	0.107027255	-0.13694245	0.073456354	-0.07486324	0.12205418	-0.119395986	0.116887696	-0.1294576	0.07639016	-0.14335994	0.120500356	-0.15044248	0.11436876	-0.07727166	0.1102902	-0.1602234	0.170556	-0.22686216	0.16815968	-0.12561156	0.1553902	-0.28622717	0.24787545	-0.24450624	0.16044797	-0.16124277	0.25855193	-0.79471034	0.9999993
