1.0000002	-0.75244635	0.21051374	-0.22855519	0.10301985	-0.46359998	0.29511592	-0.15830134	0.1375524	-0.07798734	0.19300117	-0.22686578	0.17533368	-0.11642794	0.1110395	-0.18895718	0.14712343	-0.12634261	0.1035637	-0.09377736	0.11712425	-0.08123687	0.09628252	-0.08984743	0.077988826	-0.14605169	0.09492555	-0.083750255	0.05920738	-0.07231644	0.02861837	-0.043383762	0.05888817	-0.054595288	0.06137088	-0.028424935	0.040296193	-0.05797357	0.065140486	-0.08526483
-0.75244635	1.0000001	-0.2972352	0.2100965	-0.1065042	0.29005745	-0.4402674	0.16853029	-0.14757635	0.07937549	-0.1769077	0.21192135	-0.1878534	0.11696977	-0.114021696	0.1586096	-0.14835355	0.12360643	-0.10377976	0.09202297	-0.105930716	0.07696056	-0.09303925	0.086598836	-0.076255724	0.1247213	-0.091444656	0.07881595	-0.056682147	0.068561114	-0.026105985	0.040513754	-0.055877436	0.05173442	-0.058465317	0.025802694	-0.037878003	0.054468445	-0.061929334	0.07918717
0.21051374	-0.2972352	1.0000004	-0.6917554	0.17167738	-0.18967967	0.19055839	-0.47745886	0.26618484	-0.13579609	0.14415702	-0.1921964	0.24785668	-0.20353349	0.17767043	-0.17035294	0.16559839	-0.16582574	0.15159686	-0.14017068	0.11790396	-0.0954158	0.12152373	-0.12581837	0.109854534	-0.15459654	0.112418234	-0.1077299	0.079409875	-0.09858745	0.034057677	-0.054565925	0.07623793	-0.07267552	0.082391106	-0.033939213	0.05073064	-0.075282745	0.08537327	-0.11309917
-0.22855519	0.2100965	-0.6917554	1.0000007	-0.27948052	0.17924279	-0.19138983	0.29755974	-0.36273247	0.18525131	-0.1500115	0.18639158	-0.28638735	0.23200825	-0.25545895	0.16887133	-0.19421482	0.17966612	-0.19172113	0.16947626	-0.12710907	0.11035642	-0.14575158	0.14797597	-0.13643034	0.15589301	-0.13577053	0.122936	-0.09581342	0.115142785	-0.038216684	0.06283912	-0.09007156	0.08553095	-0.098689675	0.037719566	-0.059430458	0.08698541	-0.10241884	0.12746546
0.10301985	-0.1065042	0.17167738	-0.27948052	1.0000012	-0.120945215	0.11059068	-0.19446544	0.22300695	-0.7902658	0.10485046	-0.1363361	0.17435107	-0.27327946	0.28951707	-0.1387735	0.13836953	-0.14544968	0.17466873	-0.20882073	0.10154104	-0.08944482	0.12026117	-0.15312871	0.1325431	-0.14033502	0.104237795	-0.11291603	0.08722449	-0.115441814	0.033297006	-0.05578795	0.0794724	-0.07994853	0.09086412	-0.0334384	0.05140751	-0.07984948	0.089631625	-0.12592125
-0.46359998	0.29005745	-0.18967967	0.17924279	-0.120945215	1.0000008	-0.61098	0.16788343	-0.158511	0.088674076	-0.42681792	0.29962146	-0.232609	0.13108748	-0.13176961	0.23945573	-0.20410255	0.15619673	-0.124775834	0.10839982	-0.15587853	0.1013677	-0.11819625	0.10407486	-0.09174069	0.16235234	-0.12050944	0.097160734	-0.06875724	0.08208684	-0.03296542	0.050189435	-0.0687664	0.06260416	-0.070548795	0.032365825	-0.047075726	0.06645255	-0.07554398	0.09449908
0.29511592	-0.4402674	0.19055839	-0.19138983	0.11059068	-0.61098	1.0000008	-0.19733904	0.15434909	-0.08403368	0.2686896	-0.4888451	0.22158957	-0.12981328	0.12192121	-0.22914745	0.186429	-0.15539499	0.11731278	-0.10426034	0.13569891	-0.0931097	0.10844203	-0.09944895	0.08608202	-0.1593547	0.10741336	-0.09219155	0.06440133	-0.07826931	0.031059595	-0.047167275	0.06428884	-0.059139263	0.066345446	-0.030737678	0.04385985	-0.06287266	0.07045049	-0.09083665
-0.15830134	0.16853029	-0.47745886	0.29755974	-0.19446544	0.16788343	-0.19733904	1.0000007	-0.5849268	0.15665558	-0.142885	0.19685796	-0.46334505	0.25047365	-0.21366127	0.16299129	-0.18509527	0.19415912	-0.17885834	0.15377036	-0.113569155	0.096162274	-0.12512477	0.1316941	-0.116779946	0.14418648	-0.11217047	0.10688385	-0.079353645	0.09828911	-0.03248438	0.052866414	-0.07511176	0.07170816	-0.08153887	0.03229605	-0.04921321	0.07346483	-0.08328169	0.10853081
0.1375524	-0.14757635	0.26618484	-0.36273247	0.22300695	-0.158511	0.15434909	-0.5849268	1.0000007	-0.24582258	0.1337756	-0.18219905	0.26931462	-0.51490194	0.2623568	-0.16815887	0.17385305	-0.19073787	0.21071677	-0.19521196	0.11790117	-0.101422116	0.13355955	-0.15795325	0.13627091	-0.15747851	0.11753314	-0.11934778	0.090163395	-0.11495956	0.03580504	-0.05882211	0.08362612	-0.08184969	0.09297774	-0.035778992	0.054460123	-0.08278577	0.09325912	-0.12549047
-0.07798734	0.07937549	-0.13579609	0.18525131	-0.7902658	0.088674076	-0.08403368	0.15665558	-0.24582258	1.0000006	-0.07811843	0.101409465	-0.1435068	0.23298049	-0.4630756	0.10045551	-0.1088716	0.11318465	-0.1532514	0.17334954	-0.07426249	0.06737633	-0.09219481	0.11858838	-0.11051089	0.09936503	-0.07910569	0.083186276	-0.06642146	0.08633981	-0.024187414	0.040848788	-0.059119515	0.05955768	-0.068591245	0.024184622	-0.03789031	0.058540035	-0.06663768	0.09032712
0.19300117	-0.1769077	0.14415702	-0.1500115	0.10485046	-0.42681792	0.2686896	-0.142885	0.1337756	-0.07811843	1.000001	-0.5372753	0.22146608	-0.12029246	0.11727657	-0.59278584	0.22173283	-0.17019147	0.11883958	-0.104079455	0.2029583	-0.112426296	0.11972849	-0.102469824	0.08811387	-0.21842848	0.12502992	-0.09938013	0.067015484	-0.08051712	0.036165684	-0.051602386	0.06852942	-0.061670534	0.06868309	-0.035626747	0.04789727	-0.066654384	0.07394057	-0.09371079
-0.22686578	0.21192135	-0.1921964	0.18639158	-0.1363361	0.29962146	-0.4888451	0.19685796	-0.18219905	0.101409465	-0.5372753	1.0000008	-0.395505	0.15764154	-0.15320228	0.28350648	-0.330834	0.22330488	-0.15481009	0.13157238	-0.18032742	0.124381006	-0.14347552	0.12549679	-0.109355755	0.18671449	-0.14362629	0.116140045	-0.080505945	0.096546434	-0.0379886	0.058587804	-0.080758475	0.073329486	-0.082269646	0.037328586	-0.054750677	0.07796648	-0.08764033	0.110048726
0.17533368	-0.1878534	0.24785668	-0.28638735	0.17435107	-0.232609	0.22158957	-0.46334505	0.26931462	-0.1435068	0.22146608	-0.395505	1.000001	-0.28234178	0.20871331	-0.2761859	0.2895935	-0.45372793	0.22223087	-0.19871616	0.17391548	-0.14438574	0.18038152	-0.18068422	0.15034032	-0.23079585	0.15907978	-0.1578117	0.107478045	-0.13487567	0.04762124	-0.07591819	0.1058304	-0.09931991	0.110607	-0.0475953	0.06977179	-0.10481572	0.114604674	-0.15369979
-0.11642794	0.11696977	-0.20353349	0.23200825	-0.27327946	0.13108748	-0.12981328	0.25047365	-0.51490194	0.23298049	-0.12029246	0.15764154	-0.28234178	1.0000011	-0.5478442	0.14876801	-0.18656898	0.19833127	-0.40232587	0.2647717	-0.110249445	0.10434779	-0.14605652	0.19090854	-0.17816521	0.14090925	-0.12253077	0.12351358	-0.10092995	0.12688339	-0.035056546	0.059702724	-0.0881128	0.0881556	-0.102361225	0.034852937	-0.055773642	0.08550733	-0.09852506	0.12727624
0.1110395	-0.114021696	0.17767043	-0.25545895	0.28951707	-0.13176961	0.12192121	-0.21366127	0.2623568	-0.4630756	0.11727657	-0.15320228	0.20871331	-0.5478442	1.000001	-0.15416926	0.16778967	-0.18302411	0.27230608	-0.41676623	0.11379221	-0.10621237	0.14735352	-0.21267202	0.19404984	-0.1534815	0.12299661	-0.13443975	0.10897047	-0.14684917	0.03787702	-0.06481175	0.09464768	-0.09738531	0.111933924	-0.03793065	0.05992975	-0.09396488	0.10628767	-0.14568958
-0.18895718	0.1586096	-0.17035294	0.16887133	-0.1387735	0.23945573	-0.22914745	0.16299129	-0.16815887	0.10045551	-0.59278584	0.28350648	-0.2761859	0.14876801	-0.15416926	1.0000008	-0.35567456	0.21488717	-0.15687422	0.13281648	-0.43771446	0.16450207	-0.16830742	0.13281918	-0.115990475	0.2746546	-0.18684784	0.1311348	-0.088354565	0.1038192	-0.048012506	0.0685125	-0.09133039	0.080570705	-0.08988686	0.04651032	-0.06423236	0.08729909	-0.09794751	0.119519256
0.14712343	-0.14835355	0.16559839	-0.19421482	0.13836953	-0.20410255	0.186429	-0.18509527	0.17385305	-0.1088716	0.22173283	-0.330834	0.2895935	-0.18656898	0.16778967	-0.35567456	1.0000007	-0.6792582	0.2205969	-0.19289124	0.19332919	-0.21535622	0.20754074	-0.1845768	0.14788544	-0.23747125	0.19155419	-0.1719131	0.106927544	-0.1322368	0.048506636	-0.07900753	0.10969696	-0.09927666	0.1086915	-0.048280865	0.07207178	-0.10758571	0.114394136	-0.15011545
-0.12634261	0.12360643	-0.16582574	0.17966612	-0.14544968	0.15619673	-0.15539499	0.19415912	-0.19073787	0.11318465	-0.17019147	0.22330488	-0.45372793	0.19833127	-0.18302411	0.21488717	-0.6792582	1.0000007	-0.33891082	0.20302588	-0.1511801	0.16472293	-0.24177715	0.18627596	-0.1567949	0.17598754	-0.17405646	0.15979905	-0.10354721	0.1253533	-0.04135977	0.070552	-0.10387243	0.093458936	-0.10371214	0.040950056	-0.0652596	0.09866235	-0.107413106	0.13571122
0.1035637	-0.10377976	0.15159686	-0.19172113	0.17466873	-0.124775834	0.11731278	-0.17885834	0.21071677	-0.1532514	0.11883958	-0.15481009	0.22223087	-0.40232587	0.27230608	-0.15687422	0.2205969	-0.33891082	1.0000007	-0.6186566	0.117677614	-0.12702325	0.1875742	-0.38958412	0.27250803	-0.15014882	0.14131995	-0.15728252	0.13245699	-0.1743053	0.039873946	-0.07100258	0.10827195	-0.11366671	0.13019261	-0.03972145	0.06589651	-0.10489835	0.11884263	-0.15485021
-0.09377736	0.09202297	-0.14017068	0.16947626	-0.20882073	0.10839982	-0.10426034	0.15377036	-0.19521196	0.17334954	-0.104079455	0.13157238	-0.19871616	0.2647717	-0.41676623	0.13281648	-0.19289124	0.20302588	-0.6186566	1.0000007	-0.10489429	0.11383554	-0.17423537	0.28869435	-0.46199855	0.13040565	-0.13391638	0.14213637	-0.13845883	0.18185517	-0.03702659	0.06656106	-0.10419426	0.11278332	-0.1395114	0.03668847	-0.062712274	0.09906183	-0.117837876	0.14690867
0.11712425	-0.105930716	0.11790396	-0.12710907	0.10154104	-0.15587853	0.13569891	-0.113569155	0.11790117	-0.07426249	0.2029583	-0.18032742	0.17391548	-0.110249445	0.11379221	-0.43771446	0.19332919	-0.1511801	0.117677614	-0.10489429	1.0000007	-0.26530382	0.17073828	-0.11845859	0.098905385	-0.76476413	0.21802817	-0.13754198	0.081888236	-0.09598532	0.068487085	-0.07751057	0.091037326	-0.076885745	0.08330714	-0.06688379	0.07073052	-0.08833555	0.09375395	-0.115933865
-0.08123687	0.07696056	-0.0954158	0.11035642	-0.08944482	0.1013677	-0.0931097	0.096162274	-0.101422116	0.06737633	-0.112426296	0.124381006	-0.14438574	0.10434779	-0.10621237	0.16450207	-0.21535622	0.16472293	-0.12702325	0.11383554	-0.26530382	1.0000011	-0.45772535	0.16104105	-0.12502106	0.22125955	-0.754653	0.2262449	-0.106442735	0.12159378	-0.054183003	0.10251534	-0.1329569	0.101359196	-0.10484797	0.052589417	-0.0924102	0.122323506	-0.12077576	0.1474126
0.09628252	-0.09303925	0.12152373	-0.14575158	0.12026117	-0.11819625	0.10844203	-0.12512477	0.13355955	-0.09219481	0.11972849	-0.14347552	0.18038152	-0.14605652	0.14735352	-0.16830742	0.20754074	-0.24177715	0.1875742	-0.17423537	0.17073828	-0.45772535	1.0000012	-0.34409708	0.2065156	-0.20409192	0.294832	-0.5604628	0.17625731	-0.20448305	0.06594649	-0.1363013	0.22865218	-0.17199008	0.16967818	-0.06599195	0.120842464	-0.21326332	0.19305542	-0.2426009
-0.08984743	0.086598836	-0.12581837	0.14797597	-0.15312871	0.10407486	-0.09944895	0.1316941	-0.15795325	0.11858838	-0.102469824	0.12549679	-0.18068422	0.19090854	-0.21267202	0.13281918	-0.1845768	0.18627596	-0.38958412	0.28869435	-0.11845859	0.16104105	-0.34409708	1.000001	-0.66613466	0.14096102	-0.18802235	0.20676263	-0.2373449	0.24792436	-0.04696424	0.08937979	-0.15237626	0.16863798	-0.20088573	0.046245094	-0.0851166	0.1373446	-0.16699563	0.19115534
0.077988826	-0.076255724	0.109854534	-0.13643034	0.1325431	-0.09174069	0.08608202	-0.116779946	0.13627091	-0.11051089	0.08811387	-0.109355755	0.15034032	-0.17816521	0.19404984	-0.115990475	0.14788544	-0.1567949	0.27250803	-0.46199855	0.098905385	-0.12502106	0.2065156	-0.66613466	1.0000008	-0.123732455	0.1415883	-0.18055229	0.19749963	-0.38051194	0.04106983	-0.078999594	0.12971579	-0.15981095	0.19545889	-0.04085914	0.073917665	-0.12454945	0.14674138	-0.1928561
-0.14605169	0.1247213	-0.15459654	0.15589301	-0.14033502	0.16235234	-0.1593547	0.14418648	-0.15747851	0.09936503	-0.21842848	0.18671449	-0.23079585	0.14090925	-0.1534815	0.2746546	-0.23747125	0.17598754	-0.15014882	0.13040565	-0.76476413	0.22125955	-0.20409192	0.14096102	-0.123732455	1.0000008	-0.28049296	0.15485236	-0.101205364	0.115032464	-0.09893337	0.09522747	-0.11061445	0.092817955	-0.10252289	0.08600589	-0.090355925	0.10480303	-0.1169727	0.13567823
0.09492555	-0.091444656	0.112418234	-0.13577053	0.104237795	-0.12050944	0.10741336	-0.11217047	0.11753314	-0.07910569	0.12502992	-0.14362629	0.15907978	-0.12253077	0.12299661	-0.18684784	0.19155419	-0.17405646	0.14131995	-0.13391638	0.21802817	-0.754653	0.294832	-0.18802235	0.1415883	-0.28049296	1.000001	-0.30154327	0.13272634	-0.1595425	0.07169028	-0.15170565	0.16531003	-0.1324651	0.13471073	-0.07112923	0.12287356	-0.16684622	0.15490194	-0.20679203
-0.083750255	0.07881595	-0.1077299	0.122936	-0.11291603	0.097160734	-0.09219155	0.10688385	-0.11934778	0.083186276	-0.09938013	0.116140045	-0.1578117	0.12351358	-0.13443975	0.1311348	-0.1719131	0.15979905	-0.15728252	0.14213637	-0.13754198	0.2262449	-0.5604628	0.20676263	-0.18055229	0.15485236	-0.30154327	1.0000012	-0.2319461	0.19338812	-0.07442695	0.15800801	-0.5282418	0.20723037	-0.19090496	0.07174401	-0.15705773	0.26131538	-0.2712016	0.22938856
0.05920738	-0.056682147	0.079409875	-0.09581342	0.08722449	-0.06875724	0.06440133	-0.079353645	0.090163395	-0.06642146	0.067015484	-0.080505945	0.107478045	-0.10092995	0.10897047	-0.088354565	0.106927544	-0.10354721	0.13245699	-0.13845883	0.081888236	-0.106442735	0.17625731	-0.2373449	0.19749963	-0.101205364	0.13272634	-0.2319461	1.000001	-0.5057529	0.048638143	-0.105210416	0.20840944	-0.6890977	0.3038143	-0.048584115	0.09822553	-0.19323528	0.2258024	-0.27887285
-0.07231644	0.068561114	-0.09858745	0.115142785	-0.115441814	0.08208684	-0.07826931	0.09828911	-0.11495956	0.08633981	-0.08051712	0.096546434	-0.13487567	0.12688339	-0.14684917	0.1038192	-0.1322368	0.1253533	-0.1743053	0.18185517	-0.09598532	0.12159378	-0.20448305	0.24792436	-0.38051194	0.115032464	-0.1595425	0.19338812	-0.5057529	1.0000006	-0.050462957	0.1002881	-0.18822408	0.2972543	-0.5767143	0.049401585	-0.09913975	0.1686805	-0.243914	0.27464852
0.02861837	-0.026105985	0.034057677	-0.038216684	0.033297006	-0.03296542	0.031059595	-0.03248438	0.03580504	-0.024187414	0.036165684	-0.0379886	0.04762124	-0.035056546	0.03787702	-0.048012506	0.048506636	-0.04135977	0.039873946	-0.03702659	0.068487085	-0.054183003	0.06594649	-0.04696424	0.04106983	-0.09893337	0.07169028	-0.07442695	0.048638143	-0.050462957	1.0000005	-0.28467333	0.08214897	-0.05064519	0.049364995	-0.92122877	0.22060359	-0.0887307	0.07452071	-0.071699925
-0.043383762	0.040513754	-0.054565925	0.06283912	-0.05578795	0.050189435	-0.047167275	0.052866414	-0.05882211	0.040848788	-0.051602386	0.058587804	-0.07591819	0.059702724	-0.06481175	0.0685125	-0.07900753	0.070552	-0.07100258	0.06656106	-0.07751057	0.10251534	-0.1363013	0.08937979	-0.078999594	0.09522747	-0.15170565	0.15800801	-0.105210416	0.1002881	-0.28467333	1.0000006	-0.23859705	0.110683605	-0.10361475	0.22063574	-0.84638584	0.21134833	-0.17540736	0.14121528
0.05888817	-0.055877436	0.07623793	-0.09007156	0.0794724	-0.0687664	0.06428884	-0.07511176	0.08362612	-0.059119515	0.06852942	-0.080758475	0.1058304	-0.0881128	0.09464768	-0.09133039	0.10969696	-0.10387243	0.10827195	-0.10419426	0.091037326	-0.1329569	0.22865218	-0.15237626	0.12971579	-0.11061445	0.16531003	-0.5282418	0.20840944	-0.18822408	0.08214897	-0.23859705	1.0000004	-0.302174	0.19044945	-0.08197715	0.1954748	-0.6080737	0.28409284	-0.2643304
-0.054595288	0.05173442	-0.07267552	0.08553095	-0.07994853	0.06260416	-0.059139263	0.07170816	-0.08184969	0.05955768	-0.061670534	0.073329486	-0.09931991	0.0881556	-0.09738531	0.080570705	-0.09927666	0.093458936	-0.11366671	0.11278332	-0.076885745	0.101359196	-0.17199008	0.16863798	-0.15981095	0.092817955	-0.1324651	0.20723037	-0.6890977	0.2972543	-0.05064519	0.110683605	-0.302174	1.0000001	-0.46203262	0.049870368	-0.10821476	0.21348219	-0.31778044	0.26985455
0.06137088	-0.058465317	0.082391106	-0.098689675	0.09086412	-0.070548795	0.066345446	-0.08153887	0.09297774	-0.068591245	0.06868309	-0.082269646	0.110607	-0.102361225	0.111933924	-0.08988686	0.1086915	-0.10371214	0.13019261	-0.1395114	0.08330714	-0.10484797	0.16967818	-0.20088573	0.19545889	-0.10252289	0.13471073	-0.19090496	0.3038143	-0.5767143	0.049364995	-0.10361475	0.19044945	-0.46203262	1.0000001	-0.04911783	0.09907443	-0.18867521	0.25371698	-0.52874106
-0.028424935	0.025802694	-0.033939213	0.037719566	-0.0334384	0.032365825	-0.030737678	0.03229605	-0.035778992	0.024184622	-0.035626747	0.037328586	-0.0475953	0.034852937	-0.03793065	0.04651032	-0.048280865	0.040950056	-0.03972145	0.03668847	-0.06688379	0.052589417	-0.06599195	0.046245094	-0.04085914	0.08600589	-0.07112923	0.07174401	-0.048584115	0.049401585	-0.92122877	0.22063574	-0.08197715	0.049870368	-0.04911783	1.0	-0.28883904	0.08884485	-0.0772458	0.06929506
0.040296193	-0.037878003	0.05073064	-0.059430458	0.05140751	-0.047075726	0.04385985	-0.04921321	0.054460123	-0.03789031	0.04789727	-0.054750677	0.06977179	-0.055773642	0.05992975	-0.06423236	0.07207178	-0.0652596	0.06589651	-0.062712274	0.07073052	-0.0924102	0.120842464	-0.0851166	0.073917665	-0.090355925	0.12287356	-0.15705773	0.09822553	-0.09913975	0.22060359	-0.84638584	0.1954748	-0.10821476	0.09907443	-0.28883904	0.9999997	-0.27297497	0.16561249	-0.14896517
-0.05797357	0.054468445	-0.075282745	0.08698541	-0.07984948	0.06645255	-0.06287266	0.07346483	-0.08278577	0.058540035	-0.066654384	0.07796648	-0.10481572	0.08550733	-0.09396488	0.08729909	-0.10758571	0.09866235	-0.10489835	0.09906183	-0.08833555	0.122323506	-0.21326332	0.1373446	-0.12454945	0.10480303	-0.16684622	0.26131538	-0.19323528	0.1686805	-0.0887307	0.21134833	-0.6080737	0.21348219	-0.18867521	0.08884485	-0.27297497	0.9999999	-0.57059276	0.25540993
0.065140486	-0.061929334	0.08537327	-0.10241884	0.089631625	-0.07554398	0.07045049	-0.08328169	0.09325912	-0.06663768	0.07394057	-0.08764033	0.114604674	-0.09852506	0.10628767	-0.09794751	0.114394136	-0.107413106	0.11884263	-0.117837876	0.09375395	-0.12077576	0.19305542	-0.16699563	0.14674138	-0.1169727	0.15490194	-0.2712016	0.2258024	-0.243914	0.07452071	-0.17540736	0.28409284	-0.31778044	0.25371698	-0.0772458	0.16561249	-0.57059276	0.99999976	-0.5640611
-0.08526483	0.07918717	-0.11309917	0.12746546	-0.12592125	0.09449908	-0.09083665	0.10853081	-0.12549047	0.09032712	-0.09371079	0.110048726	-0.15369979	0.12727624	-0.14568958	0.119519256	-0.15011545	0.13571122	-0.15485021	0.14690867	-0.115933865	0.1474126	-0.2426009	0.19115534	-0.1928561	0.13567823	-0.20679203	0.22938856	-0.27887285	0.27464852	-0.071699925	0.14121528	-0.2643304	0.26985455	-0.52874106	0.06929506	-0.14896517	0.25540993	-0.5640611	0.99999976
