1.0000002	-0.24062854	0.13106565	-0.07514519	0.097104155	-0.90863067	0.1245807	-0.10770242	0.076005116	-0.053328335	0.20253529	-0.12759513	0.11876916	-0.07673431	0.04295001	-0.10893661	0.10244995	-0.15314662	0.033864446	-0.029922547	0.0945176	-0.11303492	0.04868556	-0.0380719	0.029290212	-0.055853985	0.04730167	-0.05025816	0.024209263	-0.024622599	0.050071657	-0.046303794	0.040878545	-0.026640033	0.033277318	-0.050930202	0.030549943	-0.038552806	0.016945245	-0.019013079
-0.24062854	1.0000004	-0.6479202	0.2247481	-0.27193946	0.17829683	-0.38465393	0.29443306	-0.23696573	0.13214271	-0.24089222	0.24783766	-0.33092737	0.18488553	-0.10902532	0.12234083	-0.15134656	0.19936198	-0.048856426	0.044350207	-0.13053499	0.13929996	-0.06640836	0.0534973	-0.043236922	0.07064378	-0.062164247	0.066928454	-0.0344554	0.035615608	-0.071755975	0.061506767	-0.05540642	0.03758719	-0.048872635	0.06916385	-0.041314717	0.051878855	-0.023617242	0.02640363
0.13106565	-0.6479202	1.0000004	-0.38082004	0.22565284	-0.12794857	0.22753327	-0.49545977	0.26224688	-0.13396776	0.16400398	-0.20890938	0.2687424	-0.19121838	0.104521096	-0.09342929	0.117705375	-0.18074842	0.04304876	-0.039427876	0.09757657	-0.115215905	0.057919174	-0.04726449	0.03789401	-0.05897936	0.051281497	-0.059052415	0.030115427	-0.031179221	0.06041887	-0.05325116	0.04769306	-0.032933995	0.042326953	-0.060107637	0.03576036	-0.04518578	0.020590983	-0.023077957
-0.07514519	0.2247481	-0.38082004	1.0000004	-0.39312604	0.07083156	-0.14610161	0.2631821	-0.7533097	0.17500363	-0.11965418	0.13318428	-0.22746463	0.22308794	-0.13677861	0.06731518	-0.08623107	0.13359824	-0.03534087	0.03364189	-0.07254571	0.08368567	-0.04466743	0.037998926	-0.03176668	0.044029914	-0.038472578	0.045387316	-0.024339698	0.025576374	-0.04754749	0.04090122	-0.036800765	0.02649097	-0.034788504	0.046934593	-0.027751852	0.035088897	-0.016381403	0.01834703
0.097104155	-0.27193946	0.22565284	-0.39312604	1.0000004	-0.09616189	0.16957508	-0.26131573	0.27618897	-0.48509637	0.1706982	-0.18586504	0.27071342	-0.5164382	0.27513573	-0.10422368	0.13506478	-0.23933029	0.06601909	-0.064594835	0.11243182	-0.1398231	0.08079393	-0.07129444	0.059647277	-0.07641404	0.06605868	-0.0835133	0.045517385	-0.04817383	0.086223125	-0.074826464	0.0668274	-0.04984417	0.06472422	-0.0884835	0.05140204	-0.06549657	0.03069496	-0.034512024
-0.90863067	0.17829683	-0.12794857	0.07083156	-0.09616189	1.0000004	-0.12790707	0.100466356	-0.07377202	0.05077477	-0.27534905	0.12169529	-0.117738165	0.0726084	-0.041265875	0.10987209	-0.10130071	0.13750571	-0.0309628	0.027345411	-0.09839974	0.105699815	-0.044461958	0.034658317	-0.02686078	0.05197536	-0.044469684	0.04555554	-0.022116931	0.022513676	-0.046251483	0.042271987	-0.037479054	0.02428224	-0.030565787	0.0462566	-0.027865129	0.03503806	-0.01544391	0.017302977
0.1245807	-0.38465393	0.22753327	-0.14610161	0.16957508	-0.12790707	1.0000004	-0.3251891	0.15283045	-0.098441966	0.21667984	-0.76316875	0.25298795	-0.14550947	0.07944223	-0.13057055	0.17318915	-0.216665	0.048067346	-0.042651564	0.12691507	-0.15896267	0.06791457	-0.053258542	0.04162775	-0.074062616	0.06447946	-0.06879902	0.033747297	-0.034530044	0.068899706	-0.06248695	0.0558516	-0.03688057	0.046914145	-0.06804161	0.041198425	-0.051788907	0.023210304	-0.025974503
-0.10770242	0.29443306	-0.49545977	0.2631821	-0.26131573	0.100466356	-0.3251891	1.0000005	-0.39122793	0.15025385	-0.18277088	0.23379618	-0.5718819	0.2227567	-0.12573358	0.100985356	-0.13207956	0.19325043	-0.046767004	0.042800583	-0.10807813	0.12216232	-0.062321614	0.050773088	-0.041249607	0.062496185	-0.054913234	0.06261676	-0.032396708	0.03363727	-0.06497133	0.056346305	-0.05087762	0.035254642	-0.0459373	0.06324568	-0.03783962	0.04765619	-0.021948919	0.02454842
0.076005116	-0.23696573	0.26224688	-0.7533097	0.27618897	-0.07377202	0.15283045	-0.39122793	1.0000004	-0.22036977	0.122003004	-0.14724557	0.23775743	-0.30487245	0.15775909	-0.07050771	0.09074779	-0.1448929	0.038308684	-0.036636427	0.07535827	-0.089127354	0.047950853	-0.041068714	0.034315344	-0.04682329	0.040803567	-0.048824508	0.026153566	-0.027519075	0.050330233	-0.04373737	0.039311107	-0.028451096	0.037286535	-0.05001967	0.02961911	-0.037493072	0.017540121	-0.019651912
-0.053328335	0.13214271	-0.13396776	0.17500363	-0.48509637	0.05077477	-0.098441966	0.15025385	-0.22036977	1.0000002	-0.10034757	0.09948854	-0.20945032	0.31610385	-0.74515665	0.057040777	-0.07376118	0.117963225	-0.044338398	0.04945231	-0.06303623	0.07216175	-0.044074584	0.0431331	-0.0432457	0.03971765	-0.03487548	0.044296406	-0.027760945	0.030690765	-0.046316203	0.03908012	-0.03559905	0.029313784	-0.041514363	0.044967435	-0.026767878	0.03388205	-0.017312827	0.019294633
0.20253529	-0.24089222	0.16400398	-0.11965418	0.1706982	-0.27534905	0.21667984	-0.18277088	0.122003004	-0.10034757	1.0	-0.32481822	0.21571061	-0.14688441	0.08028167	-0.5004332	0.29634243	-0.43513882	0.09134695	-0.07943531	0.28848222	-0.3514488	0.13527115	-0.103610866	0.07803409	-0.1669021	0.13842714	-0.14030267	0.065382786	-0.06596135	0.13481303	-0.1299953	0.11380172	-0.07203614	0.08867646	-0.13893816	0.08433588	-0.10628587	0.046012077	-0.05163329
-0.12759513	0.24783766	-0.20890938	0.13318428	-0.18586504	0.12169529	-0.76316875	0.23379618	-0.14724557	0.09948854	-0.32481822	0.99999994	-0.3212125	0.14691429	-0.08284345	0.16254622	-0.25063226	0.22539197	-0.05158743	0.04544198	-0.16123278	0.18046625	-0.07338001	0.05678836	-0.044809435	0.08289857	-0.07349547	0.07316596	-0.03625558	0.037067614	-0.075848855	0.067491725	-0.060783178	0.03947888	-0.05079237	0.07287117	-0.04443886	0.055495206	-0.0249065	0.02780069
0.11876916	-0.33092737	0.2687424	-0.22746463	0.27071342	-0.117738165	0.25298795	-0.5718819	0.23775743	-0.20945032	0.21571061	-0.3212125	0.9999998	-0.39369515	0.17020273	-0.13334963	0.17823492	-0.33658907	0.071146764	-0.06441543	0.14009523	-0.17412546	0.09591274	-0.07773134	0.06141292	-0.08990196	0.0782002	-0.097093895	0.048526656	-0.05020245	0.09347728	-0.08432294	0.07587509	-0.052884977	0.06771402	-0.09355549	0.056210287	-0.0711978	0.032727867	-0.036677103
-0.07673431	0.18488553	-0.19121838	0.22308794	-0.5164382	0.0726084	-0.14550947	0.2227567	-0.30487245	0.31610385	-0.14688441	0.14691429	-0.39369515	0.9999997	-0.56128114	0.08256041	-0.10705743	0.16842762	-0.058003113	0.05865723	-0.09136821	0.103108466	-0.061197292	0.057605408	-0.05319398	0.056172833	-0.049444593	0.0612971	-0.036686603	0.039783906	-0.065160826	0.054423034	-0.049582303	0.039115936	-0.054298952	0.06262086	-0.037223298	0.047020935	-0.023422673	0.0261226
0.04295001	-0.10902532	0.104521096	-0.13677861	0.27513573	-0.041265875	0.07944223	-0.12573358	0.15775909	-0.74515665	0.08028167	-0.08284345	0.17020273	-0.56128114	0.99999976	-0.04651269	0.06048731	-0.09980725	0.04295083	-0.053066194	0.05112414	-0.05965573	0.03823306	-0.04014171	0.04232395	-0.033066873	0.028993016	-0.038403634	0.025263844	-0.028568618	0.03834716	-0.03316962	0.030293	-0.026348788	0.037830833	-0.037533775	0.022599563	-0.028659066	0.015186672	-0.01690708
-0.10893661	0.12234083	-0.09342929	0.06731518	-0.10422368	0.10987209	-0.13057055	0.100985356	-0.07050771	0.057040777	-0.5004332	0.16254622	-0.13334963	0.08256041	-0.04651269	0.9999996	-0.4429136	0.25463808	-0.057151463	0.048358787	-0.65850544	0.30546784	-0.0879957	0.0635235	-0.048879124	0.1354514	-0.119916864	0.08647144	-0.040650234	0.04073968	-0.08975937	0.08526383	-0.07634856	0.04414902	-0.05600542	0.08424449	-0.05378133	0.06576126	-0.028370202	0.031510875
0.10244995	-0.15134656	0.117705375	-0.08623107	0.13506478	-0.10130071	0.17318915	-0.13207956	0.09074779	-0.07376118	0.29634243	-0.25063226	0.17823492	-0.10705743	0.06048731	-0.4429136	0.99999964	-0.4989936	0.083451025	-0.06880208	0.3077831	-0.5906594	0.13067876	-0.092022166	0.06888177	-0.16614448	0.14973247	-0.12540895	0.05649719	-0.05657217	0.116353184	-0.11408673	0.10257613	-0.060757652	0.077283956	-0.108450525	0.070611306	-0.08669216	0.038190417	-0.042348407
-0.15314662	0.19936198	-0.18074842	0.13359824	-0.23933029	0.13750571	-0.216665	0.19325043	-0.1448929	0.117963225	-0.43513882	0.22539197	-0.33658907	0.16842762	-0.09980725	0.25463808	-0.4989936	0.9999996	-0.16503875	0.11955698	-0.29935986	0.2863706	-0.26032847	0.15820807	-0.124432065	0.15235512	-0.14485107	0.1910608	-0.09540908	0.096570425	-0.17824903	0.15005174	-0.15135798	0.09865104	-0.13642228	0.14974684	-0.09807735	0.12037735	-0.05932113	0.0650734
0.033864446	-0.048856426	0.04304876	-0.03534087	0.06601909	-0.0309628	0.048067346	-0.046767004	0.038308684	-0.044338398	0.09134695	-0.05158743	0.071146764	-0.058003113	0.04295083	-0.057151463	0.083451025	-0.16503875	0.9999995	-0.56346565	0.06964598	-0.080585636	0.19729769	-0.67983687	0.28523558	-0.06806756	0.06194344	-0.19301803	0.16345285	-0.1825535	0.09002943	-0.11025675	0.107861064	-0.15859121	0.19499956	-0.08691782	0.06685017	-0.0865172	0.06845428	-0.0761171
-0.029922547	0.044350207	-0.039427876	0.03364189	-0.064594835	0.027345411	-0.042651564	0.042800583	-0.036636427	0.04945231	-0.07943531	0.04544198	-0.06441543	0.05865723	-0.053066194	0.048358787	-0.06880208	0.11955698	-0.56346565	0.99999946	-0.05916971	0.06667964	-0.14518501	0.296338	-0.6591721	0.055679224	-0.051026884	0.13173917	-0.18090084	0.23937167	-0.08209841	0.086905025	-0.08815962	0.15833138	-0.29405215	0.07590431	-0.05746981	0.073440924	-0.07354189	0.07920057
0.0945176	-0.13053499	0.09757657	-0.07254571	0.11243182	-0.09839974	0.12691507	-0.10807813	0.07535827	-0.06303623	0.28848222	-0.16123278	0.14009523	-0.09136821	0.05112414	-0.65850544	0.3077831	-0.29935986	0.06964598	-0.05916971	0.99999934	-0.5357461	0.110282004	-0.07865041	0.05988652	-0.22621629	0.17417826	-0.11065518	0.05054212	-0.05029751	0.11390726	-0.11438623	0.09979487	-0.055124238	0.06885325	-0.10882677	0.07023063	-0.085496925	0.035859447	-0.03983324
-0.11303492	0.13929996	-0.115215905	0.08368567	-0.1398231	0.105699815	-0.15896267	0.12216232	-0.089127354	0.07216175	-0.3514488	0.18046625	-0.17412546	0.103108466	-0.05965573	0.30546784	-0.5906594	0.2863706	-0.080585636	0.06667964	-0.5357461	0.9999994	-0.13817875	0.08888612	-0.07004006	0.21444029	-0.26515624	0.12400829	-0.058234293	0.057762805	-0.13857543	0.13109455	-0.12063182	0.062328335	-0.08139869	0.11863881	-0.08034297	0.09470561	-0.04050835	0.044485293
0.04868556	-0.06640836	0.057919174	-0.04466743	0.08079393	-0.044461958	0.06791457	-0.062321614	0.047950853	-0.044074584	0.13527115	-0.07338001	0.09591274	-0.061197292	0.03823306	-0.0879957	0.13067876	-0.26032847	0.19729769	-0.14518501	0.110282004	-0.13817875	0.9999992	-0.3498672	0.15501225	-0.122429065	0.113088034	-0.77071726	0.13268888	-0.12036209	0.13822475	-0.22930698	0.22983159	-0.1309165	0.1499471	-0.13581945	0.11595055	-0.15147808	0.06985825	-0.07644427
-0.0380719	0.0534973	-0.04726449	0.037998926	-0.07129444	0.034658317	-0.053258542	0.050773088	-0.041068714	0.0431331	-0.103610866	0.05678836	-0.07773134	0.057605408	-0.04014171	0.0635235	-0.092022166	0.15820807	-0.67983687	0.296338	-0.07865041	0.08888612	-0.3498672	0.9999995	-0.3881869	0.075070955	-0.06990754	0.21853003	-0.24408643	0.21031392	-0.10542495	0.12153935	-0.13014157	0.18526293	-0.26409772	0.096475445	-0.07584936	0.09621314	-0.08266666	0.0883645
0.029290212	-0.043236922	0.03789401	-0.03176668	0.059647277	-0.02686078	0.04162775	-0.041249607	0.034315344	-0.0432457	0.07803409	-0.044809435	0.06141292	-0.05319398	0.04232395	-0.048879124	0.06888177	-0.124432065	0.28523558	-0.6591721	0.05988652	-0.07004006	0.15501225	-0.3881869	0.99999934	-0.06199954	0.056096792	-0.15815118	0.20878592	-0.46553585	0.087574124	-0.101416744	0.099191286	-0.20393234	0.27632293	-0.08548866	0.06519552	-0.08481044	0.083239935	-0.093559355
-0.055853985	0.07064378	-0.05897936	0.044029914	-0.07641404	0.05197536	-0.074062616	0.062496185	-0.04682329	0.03971765	-0.1669021	0.08289857	-0.08990196	0.056172833	-0.033066873	0.1354514	-0.16614448	0.15235512	-0.06806756	0.055679224	-0.22621629	0.21444029	-0.122429065	0.075070955	-0.06199954	0.9999991	-0.86664194	0.11959455	-0.055585727	0.052339226	-0.1924187	0.20186341	-0.1854467	0.059778374	-0.07599511	0.13972148	-0.1120912	0.1176933	-0.043029208	0.046149213
0.04730167	-0.062164247	0.051281497	-0.038472578	0.06605868	-0.044469684	0.06447946	-0.054913234	0.040803567	-0.03487548	0.13842714	-0.07349547	0.0782002	-0.049444593	0.028993016	-0.119916864	0.14973247	-0.14485107	0.06194344	-0.051026884	0.17417826	-0.26515624	0.113088034	-0.06990754	0.056096792	-0.86664194	0.9999989	-0.121772215	0.051280342	-0.047906987	0.15429889	-0.27049842	0.17333281	-0.055882055	0.06834116	-0.13454515	0.109895095	-0.11857056	0.040705487	-0.043925744
-0.05025816	0.066928454	-0.059052415	0.045387316	-0.0835133	0.04555554	-0.06879902	0.06261676	-0.048824508	0.044296406	-0.14030267	0.07316596	-0.097093895	0.0612971	-0.038403634	0.08647144	-0.12540895	0.1910608	-0.19301803	0.13173917	-0.11065518	0.12400829	-0.77071726	0.21853003	-0.15815118	0.11959455	-0.121772215	0.9999992	-0.14524738	0.119534075	-0.15099575	0.22591549	-0.38636878	0.13017052	-0.16239338	0.1333171	-0.12317226	0.15029734	-0.07165518	0.07591776
0.024209263	-0.0344554	0.030115427	-0.024339698	0.045517385	-0.022116931	0.033747297	-0.032396708	0.026153566	-0.027760945	0.065382786	-0.03625558	0.048526656	-0.036686603	0.025263844	-0.040650234	0.05649719	-0.09540908	0.16345285	-0.18090084	0.05054212	-0.058234293	0.13268888	-0.24408643	0.20878592	-0.055585727	0.051280342	-0.14524738	0.9999987	-0.44319406	0.086900376	-0.09973367	0.107465446	-0.76028067	0.30109608	-0.081452414	0.06943209	-0.09069095	0.1552764	-0.17285499
-0.024622599	0.035615608	-0.031179221	0.025576374	-0.04817383	0.022513676	-0.034530044	0.03363727	-0.027519075	0.030690765	-0.06596135	0.037067614	-0.05020245	0.039783906	-0.028568618	0.04073968	-0.05657217	0.096570425	-0.1825535	0.23937167	-0.05029751	0.057762805	-0.12036209	0.21031392	-0.46553585	0.052339226	-0.047906987	0.119534075	-0.44319406	0.99999887	-0.08273587	0.08660691	-0.08944238	0.2799634	-0.6621003	0.07736916	-0.06134173	0.07898228	-0.11420756	0.12256958
0.050071657	-0.071755975	0.06041887	-0.04754749	0.086223125	-0.046251483	0.068899706	-0.06497133	0.050330233	-0.046316203	0.13481303	-0.075848855	0.09347728	-0.065160826	0.03834716	-0.08975937	0.116353184	-0.17824903	0.09002943	-0.08209841	0.11390726	-0.13857543	0.13822475	-0.10542495	0.087574124	-0.1924187	0.15429889	-0.15099575	0.086900376	-0.08273587	0.99999875	-0.27887627	0.20879954	-0.10168536	0.11674247	-0.78958124	0.2752698	-0.34955177	0.09992787	-0.11280297
-0.046303794	0.061506767	-0.05325116	0.04090122	-0.074826464	0.042271987	-0.06248695	0.056346305	-0.04373737	0.03908012	-0.1299953	0.067491725	-0.08432294	0.054423034	-0.03316962	0.08526383	-0.11408673	0.15005174	-0.11025675	0.086905025	-0.11438623	0.13109455	-0.22930698	0.12153935	-0.101416744	0.20186341	-0.27049842	0.22591549	-0.09973367	0.08660691	-0.27887627	0.99999887	-0.72170746	0.10738676	-0.12727495	0.22010326	-0.35499248	0.26941627	-0.08240724	0.08487115
0.040878545	-0.05540642	0.04769306	-0.036800765	0.0668274	-0.037479054	0.0558516	-0.05087762	0.039311107	-0.03559905	0.11380172	-0.060783178	0.07587509	-0.049582303	0.030293	-0.07634856	0.10257613	-0.15135798	0.107861064	-0.08815962	0.09979487	-0.12063182	0.22983159	-0.13014157	0.099191286	-0.1854467	0.17333281	-0.38636878	0.107465446	-0.08944238	0.20879954	-0.72170746	0.99999857	-0.12734684	0.12402804	-0.2114476	0.24281782	-0.3460212	0.08841718	-0.09369688
-0.026640033	0.03758719	-0.032933995	0.02649097	-0.04984417	0.02428224	-0.03688057	0.035254642	-0.028451096	0.029313784	-0.07203614	0.03947888	-0.052884977	0.039115936	-0.026348788	0.04414902	-0.060757652	0.09865104	-0.15859121	0.15833138	-0.055124238	0.062328335	-0.1309165	0.18526293	-0.20393234	0.059778374	-0.055882055	0.13017052	-0.76028067	0.2799634	-0.10168536	0.10738676	-0.12734684	0.9999988	-0.43586516	0.09040503	-0.080754206	0.10272942	-0.24972598	0.19620341
0.033277318	-0.048872635	0.042326953	-0.034788504	0.06472422	-0.030565787	0.046914145	-0.0459373	0.037286535	-0.041514363	0.08867646	-0.05079237	0.06771402	-0.054298952	0.037830833	-0.05600542	0.077283956	-0.13642228	0.19499956	-0.29405215	0.06885325	-0.08139869	0.1499471	-0.26409772	0.27632293	-0.07599511	0.06834116	-0.16239338	0.30109608	-0.6621003	0.11674247	-0.12727495	0.12402804	-0.43586516	0.9999988	-0.11709159	0.09017874	-0.11914074	0.16676767	-0.21470279
-0.050930202	0.06916385	-0.060107637	0.046934593	-0.0884835	0.0462566	-0.06804161	0.06324568	-0.05001967	0.044967435	-0.13893816	0.07287117	-0.09355549	0.06262086	-0.037533775	0.08424449	-0.108450525	0.14974684	-0.08691782	0.07590431	-0.10882677	0.11863881	-0.13581945	0.096475445	-0.08548866	0.13972148	-0.13454515	0.1333171	-0.081452414	0.07736916	-0.78958124	0.22010326	-0.2114476	0.09040503	-0.11709159	0.99999857	-0.42155957	0.27393183	-0.0879115	0.090785734
0.030549943	-0.041314717	0.03576036	-0.027751852	0.05140204	-0.027865129	0.041198425	-0.03783962	0.02961911	-0.026767878	0.08433588	-0.04443886	0.056210287	-0.037223298	0.022599563	-0.05378133	0.070611306	-0.09807735	0.06685017	-0.05746981	0.07023063	-0.08034297	0.11595055	-0.07584936	0.06519552	-0.1120912	0.109895095	-0.12317226	0.06943209	-0.06134173	0.2752698	-0.35499248	0.24281782	-0.080754206	0.09017874	-0.42155957	0.9999986	-0.7603164	0.10783149	-0.11298724
-0.038552806	0.051878855	-0.04518578	0.035088897	-0.06549657	0.03503806	-0.051788907	0.04765619	-0.037493072	0.03388205	-0.10628587	0.055495206	-0.0711978	0.047020935	-0.028659066	0.06576126	-0.08669216	0.12037735	-0.0865172	0.073440924	-0.085496925	0.09470561	-0.15147808	0.09621314	-0.08481044	0.1176933	-0.11857056	0.15029734	-0.09069095	0.07898228	-0.34955177	0.26941627	-0.3460212	0.10272942	-0.11914074	0.27393183	-0.7603164	0.9999984	-0.16424386	0.13858287
0.016945245	-0.023617242	0.020590983	-0.016381403	0.03069496	-0.01544391	0.023210304	-0.021948919	0.017540121	-0.017312827	0.046012077	-0.0249065	0.032727867	-0.023422673	0.015186672	-0.028370202	0.038190417	-0.05932113	0.06845428	-0.07354189	0.035859447	-0.04050835	0.06985825	-0.08266666	0.083239935	-0.043029208	0.040705487	-0.07165518	0.1552764	-0.11420756	0.09992787	-0.08240724	0.08841718	-0.24972598	0.16676767	-0.0879115	0.10783149	-0.16424386	0.9999985	-0.91681296
-0.019013079	0.02640363	-0.023077957	0.01834703	-0.034512024	0.017302977	-0.025974503	0.02454842	-0.019651912	0.019294633	-0.05163329	0.02780069	-0.036677103	0.0261226	-0.01690708	0.031510875	-0.042348407	0.0650734	-0.0761171	0.07920057	-0.03983324	0.044485293	-0.07644427	0.0883645	-0.093559355	0.046149213	-0.043925744	0.07591776	-0.17285499	0.12256958	-0.11280297	0.08487115	-0.09369688	0.19620341	-0.21470279	0.090785734	-0.11298724	0.13858287	-0.91681296	0.9999985
