1.0	-0.83699393	0.26636642	-0.05029597	0.055643596	-0.29261467	0.1923938	-0.24509026	0.10069531	-0.09622563	0.1410353	-0.13525487	0.1536388	-0.0961541	0.08548786	-0.14239533	0.10263352	-0.11810493	0.1063538	-0.07542791	0.088803805	-0.092398115	0.08894835	-0.09510711	0.08032441	-0.09034333	0.08520928	-0.089353256	0.0766963	-0.1095923	0.04843732	-0.088847294	0.06606412	-0.0737827	0.05557553	-0.055337418	0.061162848	-0.079748705	0.05437482	-0.04677679
-0.83699393	0.99999964	-0.41499105	0.042759612	-0.047731757	0.19396082	-0.17896156	0.21300168	-0.087232545	0.077116124	-0.118471876	0.11011905	-0.13883343	0.081335984	-0.07038911	0.110109285	-0.08243671	0.09413461	-0.08670631	0.059966303	-0.06989163	0.072102584	-0.06928888	0.07296027	-0.06412043	0.069003396	-0.066059574	0.06830161	-0.058756884	0.082861096	-0.037006706	0.06705728	-0.05024311	0.05588377	-0.042292472	0.04203767	-0.046538748	0.06016153	-0.041371603	0.03544581
0.26636642	-0.41499105	0.9999999	-0.08027126	0.08513779	-0.28327984	0.24888255	-0.6817979	0.15468398	-0.14555389	0.17008033	-0.18219203	0.24712804	-0.15558009	0.12666878	-0.19846441	0.1427016	-0.174339	0.15268609	-0.10993265	0.12388197	-0.13000362	0.12596504	-0.13600282	0.115113676	-0.12775932	0.119959004	-0.12703532	0.1091811	-0.15673535	0.06844928	-0.126424	0.09383925	-0.10508915	0.07908451	-0.07836197	0.08661775	-0.11326894	0.07729619	-0.06664
-0.05029597	0.042759612	-0.08027126	0.9999998	-0.9034019	0.06378666	-0.06383933	0.0813152	-0.3140877	0.16572078	-0.059814703	0.062163793	-0.13396092	0.16768572	-0.13359362	0.08656316	-0.06448063	0.08974786	-0.09667392	0.07584821	-0.06000646	0.061995294	-0.06570715	0.07293575	-0.076816246	0.06276401	-0.060172003	0.06476404	-0.05755492	0.08172993	-0.034050602	0.06374951	-0.047850598	0.053919062	-0.04113859	0.03880018	-0.043714352	0.056726094	-0.03993016	0.03438609
0.055643596	-0.047731757	0.08513779	-0.9034019	0.99999994	-0.07363784	0.07164384	-0.08942464	0.22805798	-0.21679616	0.06854566	-0.07172116	0.13759536	-0.18317646	0.14513165	-0.104229026	0.07572109	-0.10473068	0.10787743	-0.08817614	0.07207746	-0.074797936	0.079249606	-0.08928649	0.0883184	-0.07743877	0.07322928	-0.079770155	0.07059215	-0.101803295	0.042017646	-0.079604894	0.05926241	-0.0670529	0.05086876	-0.048130266	0.054143693	-0.07086541	0.049398284	-0.042735867
-0.29261467	0.19396082	-0.28327984	0.06378666	-0.07363784	1.0	-0.67954874	0.25093573	-0.13707583	0.113761775	-0.4603144	0.28871787	-0.22137895	0.12438015	-0.11036443	0.20440641	-0.16926803	0.15831086	-0.14961638	0.09455507	-0.12486113	0.12645538	-0.112795375	0.11040481	-0.1036272	0.10737154	-0.10807345	0.10419054	-0.08897551	0.11898662	-0.057028018	0.09699357	-0.07476596	0.08142879	-0.062481858	0.06334069	-0.06968954	0.08707417	-0.061262414	0.051598214
0.1923938	-0.17896156	0.24888255	-0.06383933	0.07164384	-0.67954874	0.9999997	-0.39699692	0.13434404	-0.11881846	0.29147482	-0.41889748	0.22091532	-0.12980565	0.11042064	-0.2260872	0.17983544	-0.17286006	0.1492793	-0.097670175	0.12756734	-0.13667317	0.117271475	-0.11764177	0.10468206	-0.114703566	0.112246245	-0.11109402	0.09419062	-0.12844941	0.060371775	-0.10455178	0.0796528	-0.087373376	0.066482365	-0.06776205	0.07389029	-0.09367506	0.065147646	-0.05528203
-0.24509026	0.21300168	-0.6817979	0.0813152	-0.08942464	0.25093573	-0.39699692	0.9999994	-0.19000582	0.13856615	-0.17845452	0.18839677	-0.405974	0.17612064	-0.1294821	0.17531732	-0.13834256	0.16692114	-0.15217023	0.102616124	-0.11170075	0.115990415	-0.11141629	0.11634194	-0.10772544	0.107938826	-0.10450916	0.10761322	-0.092888884	0.12960964	-0.057740856	0.10397837	-0.07844851	0.0871174	-0.066198945	0.065336324	-0.07235989	0.09297876	-0.06465453	0.055286925
0.10069531	-0.087232545	0.15468398	-0.3140877	0.22805798	-0.13707583	0.13434404	-0.19000582	0.99999917	-0.36978066	0.12615964	-0.13614148	0.28245598	-0.6796517	0.25922292	-0.19056833	0.1394535	-0.20268257	0.20334212	-0.16183731	0.12765563	-0.13406241	0.13930343	-0.1566869	0.15473756	-0.13517131	0.12804036	-0.13919434	0.12281159	-0.17645058	0.07291049	-0.13734728	0.1025212	-0.11590098	0.08794081	-0.08341556	0.093416445	-0.12197744	0.08534693	-0.07382803
-0.09622563	0.077116124	-0.14555389	0.16572078	-0.21679616	0.113761775	-0.11881846	0.13856615	-0.36978066	0.9999989	-0.11414399	0.11467411	-0.25445974	0.26473385	-0.76179236	0.15708716	-0.12430038	0.17515679	-0.22480282	0.22168264	-0.11678625	0.11774059	-0.13480362	0.14731497	-0.23412909	0.1142806	-0.1164046	0.122215964	-0.11446719	0.15184261	-0.06264451	0.11386638	-0.08894419	0.09935354	-0.07859954	0.06989143	-0.08053881	0.10072689	-0.075628206	0.063888654
0.1410353	-0.118471876	0.17008033	-0.059814703	0.06854566	-0.4603144	0.29147482	-0.17845452	0.12615964	-0.11414399	0.99999917	-0.70310324	0.20356418	-0.121386245	0.10917055	-0.3537956	0.24492	-0.19924028	0.16523153	-0.10199418	0.15342514	-0.16772363	0.12967366	-0.12394024	0.11056867	-0.12578367	0.1251851	-0.118599534	0.09893647	-0.13054799	0.06489306	-0.10724656	0.082985245	-0.08971947	0.068562604	-0.07200439	0.077176794	-0.096046165	0.06734129	-0.056598533
-0.13525487	0.11011905	-0.18219203	0.062163793	-0.07172116	0.28871787	-0.41889748	0.18839677	-0.13614148	0.11467411	-0.70310324	0.9999994	-0.25450328	0.13026018	-0.113131806	0.27213567	-0.35769233	0.20243864	-0.17723717	0.103044435	-0.15918809	0.16836919	-0.13121068	0.12025167	-0.112565495	0.12092499	-0.12570825	0.11493754	-0.096204676	0.12419052	-0.06266661	0.10185064	-0.079827994	0.08564477	-0.06589004	0.06870889	-0.07412227	0.091082074	-0.064710125	0.054058723
0.1536388	-0.13883343	0.24712804	-0.13396092	0.13759536	-0.22137895	0.22091532	-0.405974	0.28245598	-0.25445974	0.20356418	-0.25450328	0.99999946	-0.489064	0.22262995	-0.28172466	0.21524005	-0.35540134	0.2573	-0.18193914	0.17617644	-0.18906014	0.18452917	-0.19958009	0.17916365	-0.1795948	0.1701901	-0.18197174	0.15705538	-0.22384307	0.095771864	-0.17716628	0.13238092	-0.14851291	0.11217433	-0.109367944	0.12097511	-0.15754642	0.1092558	-0.0942565
-0.0961541	0.081335984	-0.15558009	0.16768572	-0.18317646	0.12438015	-0.12980565	0.17612064	-0.6796517	0.26473385	-0.121386245	0.13026018	-0.489064	0.9999994	-0.33521527	0.1668342	-0.13101207	0.19813038	-0.24261342	0.15807827	-0.11188951	0.11701105	-0.1214878	0.13291483	-0.14941722	0.11214768	-0.109061845	0.1161216	-0.10324622	0.14402424	-0.06034752	0.11122317	-0.084343016	0.09465024	-0.07253268	0.068373054	-0.07665498	0.09857105	-0.0702926	0.06033647
0.08548786	-0.07038911	0.12666878	-0.13359362	0.14513165	-0.11036443	0.11042064	-0.1294821	0.25922292	-0.76179236	0.10917055	-0.113131806	0.22262995	-0.33521527	0.9999993	-0.16680723	0.12599836	-0.18507653	0.21434523	-0.33101964	0.119316496	-0.123531476	0.13901499	-0.16377403	0.22556865	-0.1232376	0.12129204	-0.13262981	0.12301033	-0.17176153	0.06701483	-0.1258705	0.09634731	-0.10944423	0.085077	-0.07577249	0.08644094	-0.11063293	0.08163612	-0.07026681
-0.14239533	0.110109285	-0.19846441	0.08656316	-0.104229026	0.20440641	-0.2260872	0.17531732	-0.19056833	0.15708716	-0.3537956	0.27213567	-0.28172466	0.1668342	-0.16680723	0.99999905	-0.6110639	0.29002643	-0.30732426	0.15916474	-0.34169456	0.27667296	-0.21755473	0.18106453	-0.18380342	0.19589804	-0.21641912	0.17706092	-0.14771321	0.17703749	-0.10104043	0.14793025	-0.12072252	0.12537971	-0.09847625	0.10632734	-0.11421965	0.13315083	-0.09717715	0.079115346
0.10263352	-0.08243671	0.1427016	-0.06448063	0.07572109	-0.16926803	0.17983544	-0.13834256	0.1394535	-0.12430038	0.24492	-0.35769233	0.21524005	-0.13101207	0.12599836	-0.6110639	0.99999875	-0.45684835	0.24788134	-0.13195595	0.24852388	-0.39603657	0.18757007	-0.1580683	0.14258295	-0.16783203	0.17787437	-0.15451452	0.12336827	-0.15064007	0.08249445	-0.12514848	0.10050956	-0.1053371	0.08118077	-0.08914597	0.09266743	-0.1110551	0.07997255	-0.06594883
-0.11810493	0.09413461	-0.174339	0.08974786	-0.10473068	0.15831086	-0.17286006	0.16692114	-0.20268257	0.17515679	-0.19924028	0.20243864	-0.35540134	0.19813038	-0.18507653	0.29002643	-0.45684835	0.99999887	-0.6231011	0.21146986	-0.21016781	0.21946205	-0.23373836	0.19220777	-0.2237177	0.16390823	-0.17741282	0.17192008	-0.14747663	0.18212304	-0.08619078	0.14338423	-0.11547268	0.12360654	-0.09658791	0.09387175	-0.10386397	0.12609778	-0.094102405	0.07819881
0.1063538	-0.08670631	0.15268609	-0.09667392	0.10787743	-0.14961638	0.1492793	-0.15217023	0.20334212	-0.22480282	0.16523153	-0.17723717	0.2573	-0.24261342	0.21434523	-0.30732426	0.24788134	-0.6231011	0.9999987	-0.4122587	0.18762992	-0.20779385	0.20882338	-0.23420857	0.2644936	-0.17780957	0.17696038	-0.18983024	0.16951562	-0.230863	0.09406465	-0.17014657	0.13191329	-0.1480475	0.114276454	-0.10550244	0.11751478	-0.14841884	0.10999524	-0.09435769
-0.07542791	0.059966303	-0.10993265	0.07584821	-0.08817614	0.09455507	-0.097670175	0.102616124	-0.16183731	0.22168264	-0.10199418	0.103044435	-0.18193914	0.15807827	-0.33101964	0.15916474	-0.13195595	0.21146986	-0.4122587	0.9999986	-0.122346476	0.1257693	-0.16480027	0.19969676	-0.7486568	0.117236644	-0.124821804	0.13645713	-0.14301772	0.1767748	-0.06407134	0.11759874	-0.09558808	0.10810758	-0.0890326	0.07072568	-0.08270827	0.10163254	-0.08336192	0.07019309
0.088803805	-0.06989163	0.12388197	-0.06000646	0.07207746	-0.12486113	0.12756734	-0.11170075	0.12765563	-0.11678625	0.15342514	-0.15918809	0.17617644	-0.11188951	0.119316496	-0.34169456	0.24852388	-0.21016781	0.18762992	-0.122346476	0.9999988	-0.6570987	0.23933841	-0.20359227	0.14300592	-0.4613437	0.2840448	-0.22528185	0.16221316	-0.19003959	0.16252777	-0.17674537	0.14105348	-0.14131577	0.10653935	-0.1764457	0.14327647	-0.16742662	0.10748055	-0.08671433
-0.092398115	0.072102584	-0.13000362	0.061995294	-0.074797936	0.12645538	-0.13667317	0.115990415	-0.13406241	0.11774059	-0.16772363	0.16836919	-0.18906014	0.11701105	-0.123531476	0.27667296	-0.39603657	0.21946205	-0.20779385	0.1257693	-0.6570987	0.9999986	-0.34866142	0.20549542	-0.15053648	0.2654415	-0.35668454	0.22572945	-0.16486423	0.17728293	-0.12213721	0.15784436	-0.13353497	0.13095427	-0.10080439	0.12545718	-0.12241231	0.13929622	-0.100715	0.08046116
0.08894835	-0.06928888	0.12596504	-0.06570715	0.079249606	-0.112795375	0.117271475	-0.11141629	0.13930343	-0.13480362	0.12967366	-0.13121068	0.18452917	-0.1214878	0.13901499	-0.21755473	0.18757007	-0.23373836	0.20882338	-0.16480027	0.23933841	-0.34866142	0.9999986	-0.5691256	0.2012116	-0.2400718	0.26960602	-0.50387174	0.28860465	-0.27990118	0.12023359	-0.22752845	0.19936675	-0.20051615	0.14797488	-0.13196874	0.14754555	-0.17719166	0.14550383	-0.11809273
-0.09510711	0.07296027	-0.13600282	0.07293575	-0.08928649	0.11040481	-0.11764177	0.11634194	-0.1566869	0.14731497	-0.12394024	0.12025167	-0.19958009	0.13291483	-0.16377403	0.18106453	-0.1580683	0.19220777	-0.23420857	0.19969676	-0.20359227	0.20549542	-0.5691256	0.9999984	-0.3324104	0.18440671	-0.23468313	0.2899465	-0.5284858	0.28309146	-0.10254077	0.18759464	-0.17867509	0.19695131	-0.1623098	0.108433	-0.13531822	0.15427348	-0.15531908	0.1204722
0.08032441	-0.06412043	0.115113676	-0.076816246	0.0883184	-0.1036272	0.10468206	-0.10772544	0.15473756	-0.23412909	0.11056867	-0.112565495	0.17916365	-0.14941722	0.22556865	-0.18380342	0.14258295	-0.2237177	0.2644936	-0.7486568	0.14300592	-0.15053648	0.2012116	-0.3324104	0.99999845	-0.14597481	0.15220483	-0.17857407	0.19115102	-0.26349452	0.07961178	-0.15304062	0.12294772	-0.14414968	0.1173638	-0.08871084	0.10411345	-0.13009039	0.10836568	-0.09396693
-0.09034333	0.069003396	-0.12775932	0.06276401	-0.07743877	0.10737154	-0.114703566	0.107938826	-0.13517131	0.1142806	-0.12578367	0.12092499	-0.1795948	0.11214768	-0.1232376	0.19589804	-0.16783203	0.16390823	-0.17780957	0.117236644	-0.4613437	0.2654415	-0.2400718	0.18440671	-0.14597481	0.99999833	-0.5728925	0.24073716	-0.17402087	0.18282619	-0.3987257	0.18739063	-0.16055015	0.14665672	-0.11466412	0.2491446	-0.20149463	0.18926068	-0.11840666	0.09048232
0.08520928	-0.066059574	0.119959004	-0.060172003	0.07322928	-0.10807345	0.112246245	-0.10450916	0.12804036	-0.1164046	0.1251851	-0.12570825	0.1701901	-0.109061845	0.12129204	-0.21641912	0.17787437	-0.17741282	0.17696038	-0.124821804	0.2840448	-0.35668454	0.26960602	-0.23468313	0.15220483	-0.5728925	0.9999982	-0.48799115	0.21990544	-0.23916419	0.19536278	-0.25091645	0.20310135	-0.18644816	0.13572647	-0.21367498	0.1779592	-0.20555146	0.13828643	-0.109732255
-0.089353256	0.06830161	-0.12703532	0.06476404	-0.079770155	0.10419054	-0.11109402	0.10761322	-0.13919434	0.122215964	-0.118599534	0.11493754	-0.18197174	0.1161216	-0.13262981	0.17706092	-0.15451452	0.17192008	-0.18983024	0.13645713	-0.22528185	0.22572945	-0.50387174	0.2899465	-0.17857407	0.24073716	-0.48799115	0.9999981	-0.4247387	0.2618312	-0.12906638	0.25200316	-0.34192765	0.22001168	-0.16479607	0.13228288	-0.16578303	0.18320404	-0.1677824	0.124479264
0.0766963	-0.058756884	0.1091811	-0.05755492	0.07059215	-0.08897551	0.09419062	-0.092888884	0.12281159	-0.11446719	0.09893647	-0.096204676	0.15705538	-0.10324622	0.12301033	-0.14771321	0.12336827	-0.14747663	0.16951562	-0.14301772	0.16221316	-0.16486423	0.28860465	-0.5284858	0.19115102	-0.17402087	0.21990544	-0.4247387	0.9999981	-0.5563996	0.097416826	-0.20937066	0.203142	-0.309683	0.20640966	-0.10413382	0.13643451	-0.16032027	0.19030458	-0.15861899
-0.1095923	0.082861096	-0.15673535	0.08172993	-0.101803295	0.11898662	-0.12844941	0.12960964	-0.17645058	0.15184261	-0.13054799	0.12419052	-0.22384307	0.14402424	-0.17176153	0.17703749	-0.15064007	0.18212304	-0.230863	0.1767748	-0.19003959	0.17728293	-0.27990118	0.28309146	-0.26349452	0.18282619	-0.23916419	0.2618312	-0.5563996	0.99999803	-0.11108798	0.21254335	-0.20784669	0.2650634	-0.41567346	0.115668595	-0.16266404	0.18139756	-0.26208946	0.22016475
0.04843732	-0.037006706	0.06844928	-0.034050602	0.042017646	-0.057028018	0.060371775	-0.057740856	0.07291049	-0.06264451	0.06489306	-0.06266661	0.095771864	-0.06034752	0.06701483	-0.10104043	0.08249445	-0.08619078	0.09406465	-0.06407134	0.16252777	-0.12213721	0.12023359	-0.10254077	0.07961178	-0.3987257	0.19536278	-0.12906638	0.097416826	-0.11108798	0.9999983	-0.15663111	0.11561739	-0.101690985	0.07556835	-0.8187442	0.21911344	-0.22014263	0.08385508	-0.06217581
-0.088847294	0.06705728	-0.126424	0.06374951	-0.079604894	0.09699357	-0.10455178	0.10397837	-0.13734728	0.11386638	-0.10724656	0.10185064	-0.17716628	0.11122317	-0.1258705	0.14793025	-0.12514848	0.14338423	-0.17014657	0.11759874	-0.17674537	0.15784436	-0.22752845	0.18759464	-0.15304062	0.18739063	-0.25091645	0.25200316	-0.20937066	0.21254335	-0.15663111	0.9999982	-0.71296346	0.26674074	-0.20330113	0.15336649	-0.32951912	0.262827	-0.23458926	0.14901866
0.06606412	-0.05024311	0.09383925	-0.047850598	0.05926241	-0.07476596	0.0796528	-0.07844851	0.1025212	-0.08894419	0.082985245	-0.079827994	0.13238092	-0.084343016	0.09634731	-0.12072252	0.10050956	-0.11547268	0.13191329	-0.09558808	0.14105348	-0.13353497	0.19936675	-0.17867509	0.12294772	-0.16055015	0.20310135	-0.34192765	0.203142	-0.20784669	0.11561739	-0.71296346	0.999998	-0.420266	0.1806453	-0.121594846	0.21962292	-0.2860717	0.21515682	-0.1464906
-0.0737827	0.05588377	-0.10508915	0.053919062	-0.0670529	0.08142879	-0.087373376	0.0871174	-0.11590098	0.09935354	-0.08971947	0.08564477	-0.14851291	0.09465024	-0.10944423	0.12537971	-0.1053371	0.12360654	-0.1480475	0.10810758	-0.14131577	0.13095427	-0.20051615	0.19695131	-0.14414968	0.14665672	-0.18644816	0.22001168	-0.309683	0.2650634	-0.101690985	0.26674074	-0.420266	0.99999774	-0.39737684	0.10507001	-0.18338263	0.20544387	-0.5925615	0.27567023
0.05557553	-0.042292472	0.07908451	-0.04113859	0.05086876	-0.062481858	0.066482365	-0.066198945	0.08794081	-0.07859954	0.068562604	-0.06589004	0.11217433	-0.07253268	0.085077	-0.09847625	0.08118077	-0.09658791	0.114276454	-0.0890326	0.10653935	-0.10080439	0.14797488	-0.1623098	0.1173638	-0.11466412	0.13572647	-0.16479607	0.20640966	-0.41567346	0.07556835	-0.20330113	0.1806453	-0.39737684	0.9999978	-0.080732465	0.12857552	-0.16533694	0.31151193	-0.69330984
-0.055337418	0.04203767	-0.07836197	0.03880018	-0.048130266	0.06334069	-0.06776205	0.065336324	-0.08341556	0.06989143	-0.07200439	0.06870889	-0.109367944	0.068373054	-0.07577249	0.10632734	-0.08914597	0.09387175	-0.10550244	0.07072568	-0.1764457	0.12545718	-0.13196874	0.108433	-0.08871084	0.2491446	-0.21367498	0.13228288	-0.10413382	0.115668595	-0.8187442	0.15336649	-0.121594846	0.10507001	-0.080732465	0.9999976	-0.3498764	0.21799977	-0.08934889	0.065198235
0.061162848	-0.046538748	0.08661775	-0.043714352	0.054143693	-0.06968954	0.07389029	-0.07235989	0.093416445	-0.08053881	0.077176794	-0.07412227	0.12097511	-0.07665498	0.08644094	-0.11421965	0.09266743	-0.10386397	0.11751478	-0.08270827	0.14327647	-0.12241231	0.14754555	-0.13531822	0.10411345	-0.20149463	0.1779592	-0.16578303	0.13643451	-0.16266404	0.21911344	-0.32951912	0.21962292	-0.18338263	0.12857552	-0.3498764	0.9999973	-0.7731199	0.1596629	-0.11232654
-0.079748705	0.06016153	-0.11326894	0.056726094	-0.07086541	0.08707417	-0.09367506	0.09297876	-0.12197744	0.10072689	-0.096046165	0.091082074	-0.15754642	0.09857105	-0.11063293	0.13315083	-0.1110551	0.12609778	-0.14841884	0.10163254	-0.16742662	0.13929622	-0.17719166	0.15427348	-0.13009039	0.18926068	-0.20555146	0.18320404	-0.16032027	0.18139756	-0.22014263	0.262827	-0.2860717	0.20544387	-0.16533694	0.21799977	-0.7731199	0.99999726	-0.22983421	0.13641922
0.05437482	-0.041371603	0.07729619	-0.03993016	0.049398284	-0.061262414	0.065147646	-0.06465453	0.08534693	-0.075628206	0.06734129	-0.064710125	0.1092558	-0.0702926	0.08163612	-0.09717715	0.07997255	-0.094102405	0.10999524	-0.08336192	0.10748055	-0.100715	0.14550383	-0.15531908	0.10836568	-0.11840666	0.13828643	-0.1677824	0.19030458	-0.26208946	0.08385508	-0.23458926	0.21515682	-0.5925615	0.31151193	-0.08934889	0.1596629	-0.22983421	0.9999973	-0.59675235
-0.04677679	0.03544581	-0.06664	0.03438609	-0.042735867	0.051598214	-0.05528203	0.055286925	-0.07382803	0.063888654	-0.056598533	0.054058723	-0.0942565	0.06033647	-0.07026681	0.079115346	-0.06594883	0.07819881	-0.09435769	0.07019309	-0.08671433	0.08046116	-0.11809273	0.1204722	-0.09396693	0.09048232	-0.109732255	0.124479264	-0.15861899	0.22016475	-0.06217581	0.14901866	-0.1464906	0.27567023	-0.69330984	0.065198235	-0.11232654	0.13641922	-0.59675235	0.9999973
