1.0	-0.6308601	0.28742608	-0.24465254	0.21094647	-0.3618183	0.28174028	-0.29274124	0.21303305	-0.2517648	0.20299058	-0.2858876	0.2119361	-0.18533292	0.17493708	-0.18742362	0.16824286	-0.16997017	0.15526299	-0.18197341	0.18694603	-0.14315173	0.14528668	-0.15805632	0.1371323	-0.10431889	0.11021514	-0.127717	0.11235891	-0.21161832	0.11870168	-0.10256948	0.10295695	-0.097992085	0.12112557	-0.10197738	0.08185859	-0.11549416	0.10480233	-0.17257966
-0.6308601	1.0000001	-0.59583884	0.24154228	-0.23242697	0.19599788	-0.2768461	0.23804641	-0.19788809	0.19619238	-0.13190076	0.18579157	-0.16397654	0.14190055	-0.13900422	0.119455546	-0.11704329	0.11763216	-0.11351033	0.124509186	-0.12607034	0.09383858	-0.09939511	0.10282178	-0.091076136	0.06733851	-0.07098864	0.079302445	-0.071009986	0.12597704	-0.07740835	0.06454436	-0.0645872	0.060549065	-0.07389254	0.06301425	-0.051349983	0.07020199	-0.064748354	0.101165764
0.28742608	-0.59583884	1.0000002	-0.51489514	0.2614916	-0.18675609	0.22979297	-0.37547362	0.24935032	-0.25648087	0.12740438	-0.19201861	0.17749532	-0.17062694	0.1568184	-0.121641055	0.11950623	-0.12727599	0.12559363	-0.14081435	0.12601914	-0.09702526	0.10170655	-0.113055244	0.09887853	-0.068410255	0.07238872	-0.0819464	0.07358506	-0.13477987	0.07833685	-0.06615858	0.06652712	-0.06287437	0.07815063	-0.06470919	0.052634962	-0.0728353	0.06719502	-0.106685646
-0.24465254	0.24154228	-0.51489514	1.0000001	-0.6045016	0.1497066	-0.20605743	0.26081735	-0.41678405	0.29651427	-0.11011252	0.16094598	-0.16628714	0.18689008	-0.18139383	0.10465071	-0.107123956	0.11250462	-0.13264245	0.13948831	-0.11367354	0.085457325	-0.091870114	0.1067965	-0.09534286	0.060567237	-0.064205095	0.071538374	-0.06560514	0.117146	-0.0699462	0.058038227	-0.058583066	0.055141628	-0.06916519	0.056203138	-0.046179444	0.06305986	-0.059007633	0.09102019
0.21094647	-0.23242697	0.2614916	-0.6045016	1.0000001	-0.16518505	0.20123516	-0.26651376	0.2894061	-0.60098666	0.11929297	-0.17956011	0.17126004	-0.20649879	0.20378993	-0.11591849	0.11547285	-0.123311855	0.1446038	-0.16867687	0.124123625	-0.09500883	0.10020817	-0.124078974	0.109085836	-0.06742966	0.07167805	-0.081227794	0.07432423	-0.13807149	0.077623166	-0.06539329	0.06627234	-0.0629586	0.0800961	-0.0636967	0.052097924	-0.072273225	0.067344315	-0.10663413
-0.3618183	0.19599788	-0.18675609	0.1497066	-0.16518505	0.99999994	-0.46427026	0.22364862	-0.17141908	0.17082284	-0.60501266	0.30187416	-0.23445028	0.15288962	-0.15006532	0.27159426	-0.23800495	0.19161172	-0.13333511	0.14288299	-0.276826	0.16601011	-0.18216479	0.12604009	-0.112686306	0.12745427	-0.12875165	0.12838279	-0.11239415	0.1615557	-0.14743632	0.1109067	-0.10614482	0.09367461	-0.099315606	0.10467737	-0.08709343	0.107574545	-0.099595405	0.13542071
0.28174028	-0.2768461	0.22979297	-0.20605743	0.20123516	-0.46427026	0.9999998	-0.45923942	0.2377214	-0.24706842	0.26080844	-0.48593998	0.2713533	-0.20625992	0.1880748	-0.22871873	0.21282223	-0.2115953	0.16579452	-0.18820181	0.21593459	-0.16503814	0.1695812	-0.1626561	0.14133339	-0.115659155	0.12089905	-0.1353559	0.11847213	-0.21013938	0.13113776	-0.11030848	0.109239094	-0.10213717	0.12200382	-0.108132266	0.08740802	-0.119397834	0.10881442	-0.17114462
-0.29274124	0.23804641	-0.37547362	0.26081735	-0.26651376	0.22364862	-0.45923942	0.9999997	-0.5175263	0.2694947	-0.17301753	0.2604839	-0.37909093	0.24107628	-0.22319363	0.16337869	-0.18127999	0.19415238	-0.17490447	0.1767275	-0.17307404	0.13212734	-0.14667621	0.14090428	-0.12587541	0.08979295	-0.09459926	0.102939375	-0.0929666	0.15732102	-0.10325141	0.084327824	-0.08407101	0.07787277	-0.09397912	0.08099868	-0.06671681	0.08901429	-0.08308576	0.12415241
0.21303305	-0.19788809	0.24935032	-0.41678405	0.2894061	-0.17141908	0.2377214	-0.5175263	1.0	-0.47917563	0.12994336	-0.20017819	0.2242326	-0.41456762	0.2563041	-0.12723808	0.13247332	-0.14841686	0.18800458	-0.19779037	0.13621229	-0.105005905	0.11274301	-0.1465855	0.12600596	-0.072901845	0.0774911	-0.08679044	0.08035384	-0.14695713	0.08401515	-0.0700091	0.070983276	-0.067249954	0.08582613	-0.06757464	0.05563763	-0.076342665	0.07178276	-0.11111862
-0.2517648	0.19619238	-0.25648087	0.29651427	-0.60098666	0.17082284	-0.24706842	0.2694947	-0.47917563	1.0	-0.13372436	0.19023466	-0.21066296	0.260019	-0.36907393	0.12734137	-0.1340499	0.13919434	-0.19210568	0.20406917	-0.14502205	0.10643258	-0.11664713	0.1433694	-0.13279513	0.076254934	-0.0810476	0.089221306	-0.08370746	0.14657997	-0.0888182	0.072637	-0.07372976	0.06925198	-0.08825546	0.06974512	-0.057855476	0.07821679	-0.07427929	0.11165899
0.20299058	-0.13190076	0.12740438	-0.11011252	0.11929297	-0.60501266	0.26080844	-0.17301753	0.12994336	-0.13372436	1.0000002	-0.41639456	0.21364953	-0.12847584	0.12179285	-0.5367454	0.25305656	-0.20764019	0.112212285	-0.12307484	0.23643668	-0.1613171	0.1616036	-0.11122031	0.09785473	-0.11511932	0.1121063	-0.11654922	0.09759223	-0.14740595	0.12336068	-0.09900079	0.09326766	-0.08344842	0.08881222	-0.09494392	0.07674829	-0.0973007	0.08778715	-0.12431644
-0.2858876	0.18579157	-0.19201861	0.16094598	-0.17956011	0.30187416	-0.48593998	0.2604839	-0.20017819	0.19023466	-0.41639456	1.0000002	-0.45611283	0.19305009	-0.1857271	0.27566484	-0.36344874	0.26960564	-0.16079913	0.16563389	-0.2700677	0.18843324	-0.21468295	0.14248256	-0.12773782	0.12894669	-0.13234894	0.13465083	-0.11781776	0.17354494	-0.1478007	0.114288576	-0.110279635	0.098058395	-0.10646653	0.10783316	-0.08951533	0.112175934	-0.104054436	0.14313944
0.2119361	-0.16397654	0.17749532	-0.16628714	0.17126004	-0.23445028	0.2713533	-0.37909093	0.2242326	-0.21066296	0.21364953	-0.45611283	1.0000004	-0.31287906	0.20948406	-0.24223809	0.2789848	-0.5472368	0.18079118	-0.1922425	0.20819475	-0.197423	0.20836903	-0.15893175	0.13557304	-0.11006677	0.11550823	-0.12623927	0.108431585	-0.1811255	0.12228173	-0.10241084	0.10012539	-0.09192936	0.10635546	-0.097789824	0.079739705	-0.10565248	0.096915536	-0.14393589
-0.18533292	0.14190055	-0.17062694	0.18689008	-0.20649879	0.15288962	-0.20625992	0.24107628	-0.41456762	0.260019	-0.12847584	0.19305009	-0.31287906	1.0000004	-0.613871	0.12888399	-0.14302279	0.164835	-0.41595328	0.2911233	-0.1464881	0.11112876	-0.123622306	0.2038647	-0.18158633	0.07761525	-0.083246745	0.09262558	-0.09054098	0.16401514	-0.0904544	0.0744186	-0.07677894	0.07334893	-0.09876328	0.070814095	-0.059247497	0.08090424	-0.07837739	0.1171906
0.17493708	-0.13900422	0.1568184	-0.18139383	0.20378993	-0.15006532	0.1880748	-0.22319363	0.2563041	-0.36907393	0.12179285	-0.1857271	0.20948406	-0.613871	1.0000004	-0.12338845	0.1282492	-0.14777221	0.2859337	-0.5173448	0.13966934	-0.106772296	0.11469219	-0.21416493	0.19182082	-0.076019056	0.08187975	-0.093482725	0.09127004	-0.18290336	0.08845262	-0.074238084	0.07720502	-0.07501801	0.10417869	-0.0712083	0.05927038	-0.08311175	0.08009994	-0.12617025
-0.18742362	0.119455546	-0.121641055	0.10465071	-0.11591849	0.27159426	-0.22871873	0.16337869	-0.12723808	0.12734137	-0.5367454	0.27566484	-0.24223809	0.12888399	-0.12338845	1.0000005	-0.5360512	0.25275204	-0.11441826	0.1214629	-0.41724986	0.1964431	-0.20763715	0.11065026	-0.09818496	0.15107019	-0.14009573	0.13155024	-0.10856798	0.14428867	-0.158355	0.11675118	-0.10618094	0.0912588	-0.08959041	0.10801555	-0.088910766	0.105283804	-0.09541207	0.123469755
0.16824286	-0.11704329	0.11950623	-0.107123956	0.11547285	-0.23800495	0.21282223	-0.18127999	0.13247332	-0.1340499	0.25305656	-0.36344874	0.2789848	-0.14302279	0.1282492	-0.5360512	1.0000002	-0.5955789	0.12029287	-0.12876436	0.2365775	-0.2317446	0.22186118	-0.115353025	0.10004326	-0.11735209	0.11767956	-0.12148271	0.09897942	-0.14533943	0.12366101	-0.10170638	0.09507634	-0.08423442	0.0877145	-0.09564898	0.077520974	-0.097359225	0.08778995	-0.121415846
-0.16997017	0.11763216	-0.12727599	0.11250462	-0.123311855	0.19161172	-0.2115953	0.19415238	-0.14841686	0.13919434	-0.20764019	0.26960564	-0.5472368	0.164835	-0.14777221	0.25275204	-0.5955789	1.0000001	-0.13860776	0.13503765	-0.2234684	0.22739065	-0.3493465	0.11804203	-0.10316713	0.109422185	-0.11535336	0.11852865	-0.09782734	0.13808823	-0.12039995	0.09720919	-0.09292793	0.081367776	-0.08457114	0.08992284	-0.07431557	0.09254986	-0.084919006	0.11385525
0.15526299	-0.11351033	0.12559363	-0.13264245	0.1446038	-0.13333511	0.16579452	-0.17490447	0.18800458	-0.19210568	0.112212285	-0.16079913	0.18079118	-0.41595328	0.2859337	-0.11441826	0.12029287	-0.13860776	1.0000002	-0.579562	0.14087632	-0.105210766	0.11508495	-0.5318596	0.28365213	-0.07816305	0.08569589	-0.101266935	0.10744648	-0.22325589	0.0920118	-0.078022175	0.083893895	-0.08559015	0.12380531	-0.074027345	0.062456425	-0.0897869	0.088824406	-0.1392163
-0.18197341	0.124509186	-0.14081435	0.13948831	-0.16867687	0.14288299	-0.18820181	0.1767275	-0.19779037	0.20406917	-0.12307484	0.16563389	-0.1922425	0.2911233	-0.5173448	0.1214629	-0.12876436	0.13503765	-0.579562	1.0000002	-0.16056854	0.11104264	-0.1247292	0.29072323	-0.3927964	0.08572194	-0.09355524	0.10485516	-0.11211528	0.21718384	-0.10258184	0.083577074	-0.08954255	0.08738514	-0.13620742	0.07866727	-0.06733513	0.093140684	-0.094824135	0.13946909
0.18694603	-0.12607034	0.12601914	-0.11367354	0.124123625	-0.276826	0.21593459	-0.17307404	0.13621229	-0.14502205	0.23643668	-0.2700677	0.20819475	-0.1464881	0.13966934	-0.41724986	0.2365775	-0.2234684	0.14087632	-0.16056854	1.0000005	-0.37954268	0.25557566	-0.15921439	0.13906606	-0.43012294	0.25394776	-0.2450251	0.17764783	-0.23442526	0.26756132	-0.22463967	0.18374373	-0.15847123	0.14385475	-0.21009474	0.16038306	-0.18946432	0.16039109	-0.20965308
-0.14315173	0.09383858	-0.09702526	0.085457325	-0.09500883	0.16601011	-0.16503814	0.13212734	-0.105005905	0.10643258	-0.1613171	0.18843324	-0.197423	0.11112876	-0.106772296	0.1964431	-0.2317446	0.22739065	-0.105210766	0.11104264	-0.37954268	1.0000005	-0.77763635	0.109421894	-0.09638411	0.18247472	-0.24176894	0.18326078	-0.1374599	0.14233336	-0.18970633	0.15776946	-0.14054884	0.11204317	-0.09247091	0.13285449	-0.11346259	0.12552352	-0.113582306	0.12627457
0.14528668	-0.09939511	0.10170655	-0.091870114	0.10020817	-0.18216479	0.1695812	-0.14667621	0.11274301	-0.11664713	0.1616036	-0.21468295	0.20836903	-0.123622306	0.11469219	-0.20763715	0.22186118	-0.3493465	0.11508495	-0.1247292	0.25557566	-0.77763635	1.0000002	-0.1264696	0.106733374	-0.15596916	0.18099979	-0.20414281	0.13557786	-0.16176319	0.15818654	-0.14736761	0.13601966	-0.11450775	0.10052589	-0.12959589	0.105406225	-0.12936755	0.114079505	-0.14065
-0.15805632	0.10282178	-0.113055244	0.1067965	-0.124078974	0.12604009	-0.1626561	0.14090428	-0.1465855	0.1433694	-0.11122031	0.14248256	-0.15893175	0.2038647	-0.21416493	0.11065026	-0.115353025	0.11804203	-0.5318596	0.29072323	-0.15921439	0.109421894	-0.1264696	1.0000001	-0.6661779	0.08767357	-0.098104	0.11574298	-0.14683527	0.2551484	-0.10592018	0.08805636	-0.098787606	0.10346044	-0.1630673	0.08165018	-0.070990115	0.101045445	-0.10649583	0.15012997
0.1371323	-0.091076136	0.09887853	-0.09534286	0.109085836	-0.112686306	0.14133339	-0.12587541	0.12600596	-0.13279513	0.09785473	-0.12773782	0.13557304	-0.18158633	0.19182082	-0.09818496	0.10004326	-0.10316713	0.28365213	-0.3927964	0.13906606	-0.09638411	0.106733374	-0.6661779	1.0000001	-0.07894437	0.08849866	-0.10758908	0.12508892	-0.4749204	0.09494427	-0.081206836	0.09154235	-0.09767773	0.18363237	-0.07631053	0.065799594	-0.09924284	0.10331642	-0.18029991
-0.10431889	0.06733851	-0.068410255	0.060567237	-0.06742966	0.12745427	-0.115659155	0.08979295	-0.072901845	0.076254934	-0.11511932	0.12894669	-0.11006677	0.07761525	-0.076019056	0.15107019	-0.11735209	0.109422185	-0.07816305	0.08572194	-0.43012294	0.18247472	-0.15596916	0.08767357	-0.07894437	1.0000004	-0.52458185	0.22524923	-0.15968765	0.12842795	-0.62489927	0.26981187	-0.18631287	0.13404405	-0.0889596	0.2068431	-0.17796092	0.15438955	-0.1334126	0.123192795
0.11021514	-0.07098864	0.07238872	-0.064205095	0.07167805	-0.12875165	0.12089905	-0.09459926	0.0774911	-0.0810476	0.1121063	-0.13234894	0.11550823	-0.083246745	0.08187975	-0.14009573	0.11767956	-0.11535336	0.08569589	-0.09355524	0.25394776	-0.24176894	0.18099979	-0.098104	0.08849866	-0.52458185	1.0000005	-0.43946078	0.20809631	-0.14506601	0.3137641	-0.51105195	0.25552666	-0.18241529	0.10304123	-0.26124483	0.21844901	-0.20382719	0.1669449	-0.14309742
-0.127717	0.079302445	-0.0819464	0.071538374	-0.081227794	0.12838279	-0.1353559	0.102939375	-0.08679044	0.089221306	-0.11654922	0.13465083	-0.12623927	0.09262558	-0.093482725	0.13155024	-0.12148271	0.11852865	-0.101266935	0.10485516	-0.2450251	0.18326078	-0.20414281	0.11574298	-0.10758908	0.22524923	-0.43946078	1.0000004	-0.49781677	0.16564545	-0.26586738	0.27497047	-0.5151499	0.28309023	-0.13059022	0.19789962	-0.19112667	0.2562851	-0.25455743	0.16764559
0.11235891	-0.071009986	0.07358506	-0.06560514	0.07432423	-0.11239415	0.11847213	-0.0929666	0.08035384	-0.08370746	0.09759223	-0.11781776	0.108431585	-0.09054098	0.09127004	-0.10856798	0.09897942	-0.09782734	0.10744648	-0.11211528	0.17764783	-0.1374599	0.13557786	-0.14683527	0.12508892	-0.15968765	0.20809631	-0.49781677	1.0000006	-0.21417555	0.17985207	-0.21260905	0.2923341	-0.66404295	0.14699534	-0.1794379	0.15371294	-0.28528017	0.26805434	-0.200276
-0.21161832	0.12597704	-0.13477987	0.117146	-0.13807149	0.1615557	-0.21013938	0.15732102	-0.14695713	0.14657997	-0.14740595	0.17354494	-0.1811255	0.16401514	-0.18290336	0.14428867	-0.14533943	0.13808823	-0.22325589	0.21718384	-0.23442526	0.14233336	-0.16176319	0.2551484	-0.4749204	0.12842795	-0.14506601	0.16564545	-0.21417555	1.0000002	-0.15946637	0.13007468	-0.15094204	0.15381207	-0.53606486	0.12013911	-0.10742991	0.15667962	-0.18120761	0.28909644
0.11870168	-0.07740835	0.07833685	-0.0699462	0.077623166	-0.14743632	0.13113776	-0.10325141	0.08401515	-0.0888182	0.12336068	-0.1478007	0.12228173	-0.0904544	0.08845262	-0.158355	0.12366101	-0.12039995	0.0920118	-0.10258184	0.26756132	-0.18970633	0.15818654	-0.10592018	0.09494427	-0.62489927	0.3137641	-0.26586738	0.17985207	-0.15946637	1.0000002	-0.44158423	0.22223029	-0.1680124	0.10933277	-0.37100026	0.24522576	-0.20586324	0.16335708	-0.15526482
-0.10256948	0.06454436	-0.06615858	0.058038227	-0.06539329	0.1109067	-0.11030848	0.084327824	-0.0700091	0.072637	-0.09900079	0.114288576	-0.10241084	0.0744186	-0.074238084	0.11675118	-0.10170638	0.09720919	-0.078022175	0.083577074	-0.22463967	0.15776946	-0.14736761	0.08805636	-0.081206836	0.26981187	-0.51105195	0.27497047	-0.21260905	0.13007468	-0.44158423	0.99999994	-0.41460744	0.1902845	-0.10015237	0.29179087	-0.4489146	0.2294338	-0.19120663	0.13426712
0.10295695	-0.0645872	0.06652712	-0.058583066	0.06627234	-0.10614482	0.109239094	-0.08407101	0.070983276	-0.07372976	0.09326766	-0.110279635	0.10012539	-0.07677894	0.07720502	-0.10618094	0.09507634	-0.09292793	0.083893895	-0.08954255	0.18374373	-0.14054884	0.13601966	-0.098787606	0.09154235	-0.18631287	0.25552666	-0.5151499	0.2923341	-0.15094204	0.22223029	-0.41460744	0.9999996	-0.41792178	0.12282734	-0.22355492	0.21292675	-0.48272946	0.28091124	-0.17022829
-0.097992085	0.060549065	-0.06287437	0.055141628	-0.0629586	0.09367461	-0.10213717	0.07787277	-0.067249954	0.06925198	-0.08344842	0.098058395	-0.09192936	0.07334893	-0.07501801	0.0912588	-0.08423442	0.081367776	-0.08559015	0.08738514	-0.15847123	0.11204317	-0.11450775	0.10346044	-0.09767773	0.13404405	-0.18241529	0.28309023	-0.66404295	0.15381207	-0.1680124	0.1902845	-0.41792178	0.99999964	-0.1401833	0.15173246	-0.14657076	0.28432122	-0.47534934	0.1778883
0.12112557	-0.07389254	0.07815063	-0.06916519	0.0800961	-0.099315606	0.12200382	-0.09397912	0.08582613	-0.08825546	0.08881222	-0.10646653	0.10635546	-0.09876328	0.10417869	-0.08959041	0.0877145	-0.08457114	0.12380531	-0.13620742	0.14385475	-0.09247091	0.10052589	-0.1630673	0.18363237	-0.0889596	0.10304123	-0.13059022	0.14699534	-0.53606486	0.10933277	-0.10015237	0.12282734	-0.1401833	0.9999997	-0.09600336	0.08471055	-0.16152534	0.18370639	-0.7274711
-0.10197738	0.06301425	-0.06470919	0.056203138	-0.0636967	0.10467737	-0.108132266	0.08099868	-0.06757464	0.06974512	-0.09494392	0.10783316	-0.097789824	0.070814095	-0.0712083	0.10801555	-0.09564898	0.08992284	-0.074027345	0.07866727	-0.21009474	0.13285449	-0.12959589	0.08165018	-0.07631053	0.2068431	-0.26124483	0.19789962	-0.1794379	0.12013911	-0.37100026	0.29179087	-0.22355492	0.15173246	-0.09600336	1.0	-0.77510333	0.20981601	-0.18602322	0.12546022
0.08185859	-0.051349983	0.052634962	-0.046179444	0.052097924	-0.08709343	0.08740802	-0.06671681	0.05563763	-0.057855476	0.07674829	-0.08951533	0.079739705	-0.059247497	0.05927038	-0.088910766	0.077520974	-0.07431557	0.062456425	-0.06733513	0.16038306	-0.11346259	0.105406225	-0.070990115	0.065799594	-0.17796092	0.21844901	-0.19112667	0.15371294	-0.10742991	0.24522576	-0.4489146	0.21292675	-0.14657076	0.08471055	-0.77510333	1.0000001	-0.2666368	0.17085518	-0.11612701
-0.11549416	0.07020199	-0.0728353	0.06305986	-0.072273225	0.107574545	-0.119397834	0.08901429	-0.076342665	0.07821679	-0.0973007	0.112175934	-0.10565248	0.08090424	-0.08311175	0.105283804	-0.097359225	0.09254986	-0.0897869	0.093140684	-0.18946432	0.12552352	-0.12936755	0.101045445	-0.09924284	0.15438955	-0.20382719	0.2562851	-0.28528017	0.15667962	-0.20586324	0.2294338	-0.48272946	0.28432122	-0.16152534	0.20981601	-0.2666368	1.0000002	-0.6603734	0.20424803
0.10480233	-0.064748354	0.06719502	-0.059007633	0.067344315	-0.099595405	0.10881442	-0.08308576	0.07178276	-0.07427929	0.08778715	-0.104054436	0.096915536	-0.07837739	0.08009994	-0.09541207	0.08778995	-0.084919006	0.088824406	-0.094824135	0.16039109	-0.113582306	0.114079505	-0.10649583	0.10331642	-0.1334126	0.1669449	-0.25455743	0.26805434	-0.18120761	0.16335708	-0.19120663	0.28091124	-0.47534934	0.18370639	-0.18602322	0.17085518	-0.6603734	1.0000002	-0.33246037
-0.17257966	0.101165764	-0.106685646	0.09102019	-0.10663413	0.13542071	-0.17114462	0.12415241	-0.11111862	0.11165899	-0.12431644	0.14313944	-0.14393589	0.1171906	-0.12617025	0.123469755	-0.121415846	0.11385525	-0.1392163	0.13946909	-0.20965308	0.12627457	-0.14065	0.15012997	-0.18029991	0.123192795	-0.14309742	0.16764559	-0.200276	0.28909644	-0.15526482	0.13426712	-0.17022829	0.1778883	-0.7274711	0.12546022	-0.11612701	0.20424803	-0.33246037	1.0000002
