1.0000001	-0.48177904	0.27907664	-0.302046	0.23732786	-0.3544745	0.2709411	-0.30909577	0.24036384	-0.21493606	0.2608093	-0.2660188	0.2069179	-0.23085205	0.25987527	-0.24718192	0.23495653	-0.17453696	0.1601891	-0.3913971	0.16640602	-0.18775535	0.17348298	-0.16107056	0.18728355	-0.23334174	0.16026	-0.09516805	0.1834468	-0.19146702	0.10166504	-0.14567243	0.101122305	-0.16439821	0.15100317	-0.12778771	0.13692985	-0.14458464	0.12548539	-0.21397936
-0.48177904	1.0000002	-0.65001696	0.26008356	-0.2312465	0.24248381	-0.3913927	0.2757704	-0.22199397	0.16962092	-0.20966543	0.19955093	-0.16349931	0.16360572	-0.20009741	0.14667113	-0.1663258	0.10447232	-0.09822514	0.1913408	-0.09471543	0.10267921	-0.09747319	0.08808476	-0.09869014	0.122470394	-0.08650283	0.05093467	-0.100578345	0.09544112	-0.052850522	0.075021856	-0.05460244	0.08279022	-0.07654789	0.06491771	-0.07137914	0.07273965	-0.06392983	0.10283277
0.27907664	-0.65001696	1.0000004	-0.47959727	0.24440506	-0.2253127	0.25192848	-0.39298132	0.23940428	-0.19109857	0.18026252	-0.18606211	0.15672296	-0.1677699	0.19336629	-0.13760315	0.14911632	-0.10133	0.094203636	-0.19292852	0.089162365	-0.098048985	0.09281132	-0.08489766	0.09594687	-0.11712411	0.082238585	-0.048783053	0.096207544	-0.09343005	0.050556563	-0.07192111	0.052162193	-0.08004097	0.074276745	-0.062333077	0.0683439	-0.07009179	0.061653387	-0.10047482
-0.302046	0.26008356	-0.47959727	1.0000004	-0.6195602	0.18887311	-0.20269427	0.26403818	-0.37651056	0.27624878	-0.17949127	0.17257471	-0.16903616	0.18584478	-0.26793012	0.13731423	-0.15443128	0.10679397	-0.10161806	0.20597182	-0.09152773	0.101201914	-0.098055385	0.08979608	-0.10261345	0.11884301	-0.08572568	0.051297	-0.102389745	0.09786149	-0.052259654	0.07418696	-0.055068716	0.08314985	-0.07825677	0.06409657	-0.07139745	0.07253412	-0.0643487	0.10384806
0.23732786	-0.2312465	0.24440506	-0.6195602	1.0000004	-0.19453272	0.18264365	-0.26475477	0.291564	-0.53588563	0.17272516	-0.17879438	0.16634873	-0.2024939	0.27822137	-0.14868376	0.15595685	-0.11846496	0.11020457	-0.26533487	0.10055064	-0.11391734	0.109147996	-0.10224327	0.120143995	-0.13467744	0.09597198	-0.058087677	0.115156755	-0.11724293	0.059389133	-0.08470267	0.06200549	-0.09674271	0.091731824	-0.07351361	0.08123285	-0.08388169	0.07442553	-0.12439292
-0.3544745	0.24248381	-0.2253127	0.18887311	-0.19453272	1.0000006	-0.5723546	0.2668298	-0.22791463	0.16417386	-0.5700543	0.28745005	-0.20577855	0.19102849	-0.21589726	0.20862228	-0.23859839	0.12597395	-0.11900453	0.19758768	-0.1245766	0.12622306	-0.11830757	0.10318534	-0.11078834	0.14977437	-0.10452718	0.059773553	-0.118187375	0.104712054	-0.062356077	0.08787962	-0.06433167	0.093427934	-0.08505228	0.07541393	-0.08302131	0.082757026	-0.0725821	0.11148204
0.2709411	-0.3913927	0.25192848	-0.20269427	0.18264365	-0.5723546	1.0000007	-0.4811696	0.2323981	-0.16631606	0.28450924	-0.38437405	0.20217413	-0.19537057	0.19173154	-0.17705604	0.20286578	-0.11543956	0.10617231	-0.18167013	0.10470489	-0.110099964	0.10215706	-0.09091868	0.09796113	-0.1312638	0.08986442	-0.052027196	0.10255482	-0.09354643	0.054283593	-0.07683246	0.055711642	-0.08249958	0.07514014	-0.06616532	0.07216306	-0.0728214	0.063748345	-0.099641696
-0.30909577	0.2757704	-0.39298132	0.26403818	-0.26475477	0.2668298	-0.4811696	1.0000007	-0.5322505	0.24268791	-0.25125778	0.24234222	-0.26421168	0.23458286	-0.26579192	0.16515975	-0.19740486	0.126678	-0.12012422	0.20768006	-0.105768785	0.11407934	-0.1101658	0.09946864	-0.10946407	0.13324909	-0.09519961	0.056347713	-0.11272352	0.103326164	-0.057415765	0.08130289	-0.06052039	0.08945832	-0.083067514	0.06996549	-0.077757195	0.07830869	-0.069319636	0.10916852
0.24036384	-0.22199397	0.23940428	-0.37651056	0.291564	-0.22791463	0.2323981	-0.5322505	1.0000005	-0.51523525	0.19616218	-0.21496426	0.2247678	-0.3305041	0.28619298	-0.15485126	0.17018017	-0.12744533	0.11896459	-0.23303364	0.10082159	-0.11210464	0.107936986	-0.100187615	0.11272665	-0.1312366	0.093110904	-0.056007605	0.111799486	-0.10770959	0.056866795	-0.08086394	0.059862494	-0.09071976	0.08506966	-0.06983017	0.07730318	-0.07885877	0.0699513	-0.11322525
-0.21493606	0.16962092	-0.19109857	0.27624878	-0.53588563	0.16417386	-0.16631606	0.24268791	-0.51523525	1.0000004	-0.15796436	0.16032767	-0.17346145	0.21136823	-0.53717834	0.12733407	-0.14149876	0.10628024	-0.10138708	0.2258063	-0.08610561	0.09697639	-0.09510088	0.08877459	-0.10472901	0.11237053	-0.08165328	0.049701937	-0.10009503	0.09810545	-0.049840003	0.07085124	-0.053274874	0.08076443	-0.07759585	0.061169643	-0.06859306	0.06983546	-0.06248566	0.10203684
0.2608093	-0.20966543	0.18026252	-0.17949127	0.17272516	-0.5700543	0.28450924	-0.25125778	0.19616218	-0.15796436	1.0000006	-0.49569502	0.22720547	-0.23450847	0.20570849	-0.3805483	0.2873281	-0.15498804	0.13967387	-0.22782356	0.17570248	-0.17035538	0.14688702	-0.12614737	0.13050807	-0.21368414	0.13339941	-0.07357374	0.1415351	-0.12525092	0.08030119	-0.11316565	0.078495584	-0.11464009	0.10092949	-0.09733079	0.10261733	-0.102994695	0.08843098	-0.13405249
-0.2660188	0.19955093	-0.18606211	0.17257471	-0.17879438	0.28745005	-0.38437405	0.24234222	-0.21496426	0.16032767	-0.49569502	1.0000007	-0.43552563	0.26292652	-0.22406568	0.25727805	-0.4661394	0.16459735	-0.15119086	0.2035785	-0.14504583	0.14727269	-0.13591544	0.117523886	-0.12008964	0.1697536	-0.11585006	0.066058956	-0.13131772	0.11180083	-0.06838559	0.09637414	-0.07085853	0.100782916	-0.090467796	0.08224981	-0.08992703	0.08918272	-0.07817179	0.11723347
0.2069179	-0.16349931	0.15672296	-0.16903616	0.16634873	-0.20577855	0.20217413	-0.26421168	0.2247678	-0.17346145	0.22720547	-0.43552563	1.0000008	-0.7240128	0.23100379	-0.17929947	0.21794298	-0.23114838	0.17990482	-0.20936024	0.111707546	-0.124931924	0.12373735	-0.116178446	0.11591396	-0.14018796	0.09886929	-0.0603716	0.12286656	-0.1079678	0.059344765	-0.08436874	0.0642189	-0.09345119	0.08526875	-0.072198674	0.080060795	-0.08075564	0.07188611	-0.1111177
-0.23085205	0.16360572	-0.1677699	0.18584478	-0.2024939	0.19102849	-0.19537057	0.23458286	-0.3305041	0.21136823	-0.23450847	0.26292652	-0.7240128	1.0000008	-0.35732034	0.16874452	-0.21992089	0.18825239	-0.20075108	0.21646999	-0.11073636	0.1234663	-0.1268896	0.119110756	-0.121652335	0.13703676	-0.10041417	0.061972514	-0.12870134	0.11044164	-0.05980222	0.08480202	-0.066387475	0.094986886	-0.08817879	0.07241602	-0.08184396	0.081797175	-0.07356573	0.112821676
0.25987527	-0.20009741	0.19336629	-0.26793012	0.27822137	-0.21589726	0.19173154	-0.26579192	0.28619298	-0.53717834	0.20570849	-0.22406568	0.23100379	-0.35732034	1.000001	-0.18781306	0.1969589	-0.1667679	0.15577522	-0.47953224	0.13112009	-0.1527313	0.14990954	-0.14484285	0.17998888	-0.17542982	0.12793161	-0.07954971	0.16037904	-0.1701402	0.07895466	-0.1126966	0.08484437	-0.13237022	0.13020445	-0.09754533	0.10964983	-0.1130686	0.1019962	-0.17304464
-0.24718192	0.14667113	-0.13760315	0.13731423	-0.14868376	0.20862228	-0.17705604	0.16515975	-0.15485126	0.12733407	-0.3805483	0.25727805	-0.17929947	0.16874452	-0.18781306	1.0000008	-0.61064184	0.16808178	-0.1617728	0.20130111	-0.46377426	0.2422019	-0.21024136	0.15231119	-0.14552325	0.27640808	-0.18734834	0.09131338	-0.17696616	0.13081475	-0.10140733	0.13792422	-0.09933197	0.12721345	-0.10922437	0.11450352	-0.12548713	0.11644676	-0.10082596	0.13593678
0.23495653	-0.1663258	0.14911632	-0.15443128	0.15595685	-0.23859839	0.20286578	-0.19740486	0.17018017	-0.14149876	0.2873281	-0.4661394	0.21794298	-0.21992089	0.1969589	-0.61064184	1.0000006	-0.23706563	0.18439664	-0.23534413	0.24596995	-0.25264293	0.19292106	-0.16019343	0.15144725	-0.2885006	0.17058513	-0.09113662	0.17301594	-0.14302772	0.10064696	-0.14175032	0.09656566	-0.1361302	0.11531993	-0.12063829	0.124426976	-0.123393975	0.10469971	-0.15051648
-0.17453696	0.10447232	-0.10133	0.10679397	-0.11846496	0.12597395	-0.11543956	0.126678	-0.12744533	0.10628024	-0.15498804	0.16459735	-0.23114838	0.18825239	-0.1667679	0.16808178	-0.23706563	1.0000004	-0.82619065	0.19900873	-0.13218294	0.17148355	-0.24461627	0.23214354	-0.17552559	0.15489206	-0.12648612	0.092033185	-0.21683942	0.14137495	-0.07213832	0.10331151	-0.09712639	0.12386926	-0.110135704	0.08577747	-0.10237295	0.10047493	-0.09514431	0.13044582
0.1601891	-0.09822514	0.094203636	-0.10161806	0.11020457	-0.11900453	0.10617231	-0.12012422	0.11896459	-0.10138708	0.13967387	-0.15119086	0.17990482	-0.20075108	0.15577522	-0.1617728	0.18439664	-0.82619065	1.0000005	-0.22491297	0.12602882	-0.1745984	0.21208212	-0.32384047	0.17647895	-0.15667173	0.121865086	-0.09142604	0.20443515	-0.15200506	0.07164941	-0.10374274	0.09276247	-0.12898536	0.11116221	-0.08671153	0.1007785	-0.10250168	0.09544296	-0.13651067
-0.3913971	0.1913408	-0.19292852	0.20597182	-0.26533487	0.19758768	-0.18167013	0.20768006	-0.23303364	0.2258063	-0.22782356	0.2035785	-0.20936024	0.21646999	-0.47953224	0.20130111	-0.23534413	0.19900873	-0.22491297	1.0000006	-0.16155465	0.19436045	-0.22952582	0.22534381	-0.42957416	0.19966389	-0.17256783	0.11633881	-0.26239982	0.24884506	-0.1007688	0.14139146	-0.12790284	0.1744428	-0.21333839	0.11965838	-0.15129551	0.14482309	-0.14081079	0.21746287
0.16640602	-0.09471543	0.089162365	-0.09152773	0.10055064	-0.1245766	0.10470489	-0.105768785	0.10082159	-0.08610561	0.17570248	-0.14504583	0.111707546	-0.11073636	0.13112009	-0.46377426	0.24596995	-0.13218294	0.12602882	-0.16155465	1.0000008	-0.48895267	0.23479457	-0.15612613	0.1322794	-0.61884904	0.21975976	-0.09424864	0.16931754	-0.11965451	0.12023207	-0.16129698	0.10003701	-0.12386232	0.09877563	-0.13273036	0.12790243	-0.1177868	0.09740744	-0.12318569
-0.18775535	0.10267921	-0.098048985	0.101201914	-0.11391734	0.12622306	-0.110099964	0.11407934	-0.11210464	0.09697639	-0.17035538	0.14727269	-0.124931924	0.1234663	-0.1527313	0.2422019	-0.25264293	0.17148355	-0.1745984	0.19436045	-0.48895267	1.0000011	-0.59620833	0.24271078	-0.19250739	0.29406354	-0.3103751	0.13453919	-0.262154	0.15895027	-0.1264865	0.18631111	-0.14460725	0.15792552	-0.1297706	0.13972309	-0.15628654	0.1415761	-0.12526055	0.15404984
0.17348298	-0.09747319	0.09281132	-0.098055385	0.109147996	-0.11830757	0.10215706	-0.1101658	0.107936986	-0.09510088	0.14688702	-0.13591544	0.12373735	-0.1268896	0.14990954	-0.21024136	0.19292106	-0.24461627	0.21208212	-0.22952582	0.23479457	-0.59620833	1.0000011	-0.510612	0.22437133	-0.27216974	0.20738664	-0.16820644	0.2773327	-0.20244688	0.11520645	-0.17518505	0.15201806	-0.18624085	0.1447165	-0.139454	0.149631	-0.15376097	0.13480765	-0.18076375
-0.16107056	0.08808476	-0.08489766	0.08979608	-0.10224327	0.10318534	-0.09091868	0.09946864	-0.100187615	0.08877459	-0.12614737	0.117523886	-0.116178446	0.119110756	-0.14484285	0.15231119	-0.16019343	0.23214354	-0.32384047	0.22534381	-0.15612613	0.24271078	-0.510612	1.0000011	-0.41002235	0.18086022	-0.1607516	0.15168932	-0.5449237	0.23379008	-0.09079542	0.13264464	-0.15178922	0.18782248	-0.16025962	0.10799768	-0.13485913	0.13543548	-0.13821001	0.18017536
0.18728355	-0.09869014	0.09594687	-0.10261345	0.120143995	-0.11078834	0.09796113	-0.10946407	0.11272665	-0.10472901	0.13050807	-0.12008964	0.11591396	-0.121652335	0.17998888	-0.14552325	0.15144725	-0.17552559	0.17647895	-0.42957416	0.1322794	-0.19250739	0.22437133	-0.41002235	1.0000012	-0.16960815	0.14418593	-0.11484515	0.26552838	-0.62621707	0.08667166	-0.124691896	0.11718736	-0.18661046	0.24979936	-0.105087854	0.13359563	-0.13835427	0.14255863	-0.2779835
-0.23334174	0.122470394	-0.11712411	0.11884301	-0.13467744	0.14977437	-0.1312638	0.13324909	-0.1312366	0.11237053	-0.21368414	0.1697536	-0.14018796	0.13703676	-0.17542982	0.27640808	-0.2885006	0.15489206	-0.15667173	0.19966389	-0.61884904	0.29406354	-0.27216974	0.18086022	-0.16960815	1.0000012	-0.40117574	0.12607415	-0.22910087	0.14896747	-0.20379083	0.22776966	-0.14024146	0.15990405	-0.12991402	0.18487014	-0.19180885	0.15788801	-0.13245708	0.15637358
0.16026	-0.08650283	0.082238585	-0.08572568	0.09597198	-0.10452718	0.08986442	-0.09519961	0.093110904	-0.08165328	0.13339941	-0.11585006	0.09886929	-0.10041417	0.12793161	-0.18734834	0.17058513	-0.12648612	0.121865086	-0.17256783	0.21975976	-0.3103751	0.20738664	-0.1607516	0.14418593	-0.40117574	1.0000012	-0.16997267	0.19579226	-0.13945217	0.25310755	-0.6560071	0.16509035	-0.18459015	0.12149157	-0.30098587	0.23055397	-0.21627243	0.14511319	-0.16072075
-0.09516805	0.05093467	-0.048783053	0.051297	-0.058087677	0.059773553	-0.052027196	0.056347713	-0.056007605	0.049701937	-0.07357374	0.066058956	-0.0603716	0.061972514	-0.07954971	0.09131338	-0.09113662	0.092033185	-0.09142604	0.11633881	-0.09424864	0.13453919	-0.16820644	0.15168932	-0.11484515	0.12607415	-0.16997267	1.0000011	-0.2956878	0.11125069	-0.089055635	0.14832477	-0.8918678	0.14846408	-0.09045236	0.09869069	-0.1259115	0.12958905	-0.11111288	0.1130977
0.1834468	-0.100578345	0.096207544	-0.102389745	0.115156755	-0.118187375	0.10255482	-0.11272352	0.111799486	-0.10009503	0.1415351	-0.13131772	0.12286656	-0.12870134	0.16037904	-0.17696616	0.17301594	-0.21683942	0.20443515	-0.26239982	0.16931754	-0.262154	0.2773327	-0.5449237	0.26552838	-0.22910087	0.19579226	-0.2956878	1.0000008	-0.2968782	0.1218682	-0.18271549	0.22088103	-0.38318795	0.19838594	-0.15079111	0.18745142	-0.21055472	0.21399032	-0.25575364
-0.19146702	0.09544112	-0.09343005	0.09786149	-0.11724293	0.104712054	-0.09354643	0.103326164	-0.10770959	0.09810545	-0.12525092	0.11180083	-0.1079678	0.11044164	-0.1701402	0.13081475	-0.14302772	0.14137495	-0.15200506	0.24884506	-0.11965451	0.15895027	-0.20244688	0.23379008	-0.62621707	0.14896747	-0.13945217	0.11125069	-0.2968782	1.0000008	-0.082588665	0.11597975	-0.120570876	0.17849295	-0.5273649	0.097821526	-0.13692611	0.1337142	-0.15073396	0.28292996
0.10166504	-0.052850522	0.050556563	-0.052259654	0.059389133	-0.062356077	0.054283593	-0.057415765	0.056866795	-0.049840003	0.08030119	-0.06838559	0.059344765	-0.05980222	0.07895466	-0.10140733	0.10064696	-0.07213832	0.07164941	-0.1007688	0.12023207	-0.1264865	0.11520645	-0.09079542	0.08667166	-0.20379083	0.25310755	-0.089055635	0.1218682	-0.082588665	1.000001	-0.4784166	0.09981259	-0.1218448	0.07665835	-0.7777456	0.22411682	-0.16690971	0.10325012	-0.09972488
-0.14567243	0.075021856	-0.07192111	0.07418696	-0.08470267	0.08787962	-0.07683246	0.08130289	-0.08086394	0.07085124	-0.11316565	0.09637414	-0.08436874	0.08480202	-0.1126966	0.13792422	-0.14175032	0.10331151	-0.10374274	0.14139146	-0.16129698	0.18631111	-0.17518505	0.13264464	-0.124691896	0.22776966	-0.6560071	0.14832477	-0.18271549	0.11597975	-0.4784166	1.0000006	-0.1844305	0.1575123	-0.10652025	0.29091105	-0.32071844	0.19727537	-0.13781473	0.13373877
0.101122305	-0.05460244	0.052162193	-0.055068716	0.06200549	-0.06433167	0.055711642	-0.06052039	0.059862494	-0.053274874	0.078495584	-0.07085853	0.0642189	-0.066387475	0.08484437	-0.09933197	0.09656566	-0.09712639	0.09276247	-0.12790284	0.10003701	-0.14460725	0.15201806	-0.15178922	0.11718736	-0.14024146	0.16509035	-0.8918678	0.22088103	-0.120570876	0.09981259	-0.1844305	1.0000008	-0.17455864	0.0973912	-0.11500813	0.13785131	-0.15975538	0.121980704	-0.12776701
-0.16439821	0.08279022	-0.08004097	0.08314985	-0.09674271	0.093427934	-0.08249958	0.08945832	-0.09071976	0.08076443	-0.11464009	0.100782916	-0.09345119	0.094986886	-0.13237022	0.12721345	-0.1361302	0.12386926	-0.12898536	0.1744428	-0.12386232	0.15792552	-0.18624085	0.18782248	-0.18661046	0.15990405	-0.18459015	0.14846408	-0.38318795	0.17849295	-0.1218448	0.1575123	-0.17455864	1.000001	-0.22548312	0.14025557	-0.29588604	0.2772939	-0.7017976	0.24548288
0.15100317	-0.07654789	0.074276745	-0.07825677	0.091731824	-0.08505228	0.07514014	-0.083067514	0.08506966	-0.07759585	0.10092949	-0.090467796	0.08526875	-0.08817879	0.13020445	-0.10922437	0.11531993	-0.110135704	0.11116221	-0.21333839	0.09877563	-0.1297706	0.1447165	-0.16025962	0.24979936	-0.12991402	0.12149157	-0.09045236	0.19838594	-0.5273649	0.07665835	-0.10652025	0.0973912	-0.22548312	1.0000007	-0.09287283	0.1384537	-0.15175182	0.19029541	-0.7098201
-0.12778771	0.06491771	-0.062333077	0.06409657	-0.07351361	0.07541393	-0.06616532	0.06996549	-0.06983017	0.061169643	-0.09733079	0.08224981	-0.072198674	0.07241602	-0.09754533	0.11450352	-0.12063829	0.08577747	-0.08671153	0.11965838	-0.13273036	0.13972309	-0.139454	0.10799768	-0.105087854	0.18487014	-0.30098587	0.09869069	-0.15079111	0.097821526	-0.7777456	0.29091105	-0.11500813	0.14025557	-0.09287283	1.0000011	-0.3629622	0.19283237	-0.12816459	0.11658546
0.13692985	-0.07137914	0.0683439	-0.07139745	0.08123285	-0.08302131	0.07216306	-0.077757195	0.07730318	-0.06859306	0.10261733	-0.08992703	0.080060795	-0.08184396	0.10964983	-0.12548713	0.124426976	-0.10237295	0.1007785	-0.15129551	0.12790243	-0.15628654	0.149631	-0.13485913	0.13359563	-0.19180885	0.23055397	-0.1259115	0.18745142	-0.13692611	0.22411682	-0.32071844	0.13785131	-0.29588604	0.1384537	-0.3629622	1.0000011	-0.6898508	0.2540645	-0.19884378
-0.14458464	0.07273965	-0.07009179	0.07253412	-0.08388169	0.082757026	-0.0728214	0.07830869	-0.07885877	0.06983546	-0.102994695	0.08918272	-0.08075564	0.081797175	-0.1130686	0.11644676	-0.123393975	0.10047493	-0.10250168	0.14482309	-0.1177868	0.1415761	-0.15376097	0.13543548	-0.13835427	0.15788801	-0.21627243	0.12958905	-0.21055472	0.1337142	-0.16690971	0.19727537	-0.15975538	0.2772939	-0.15175182	0.19283237	-0.6898508	1.0000013	-0.48841208	0.19185658
0.12548539	-0.06392983	0.061653387	-0.0643487	0.07442553	-0.0725821	0.063748345	-0.069319636	0.0699513	-0.06248566	0.08843098	-0.07817179	0.07188611	-0.07356573	0.1019962	-0.10082596	0.10469971	-0.09514431	0.09544296	-0.14081079	0.09740744	-0.12526055	0.13480765	-0.13821001	0.14255863	-0.13245708	0.14511319	-0.11111288	0.21399032	-0.15073396	0.10325012	-0.13781473	0.121980704	-0.7017976	0.19029541	-0.12816459	0.2540645	-0.48841208	1.0000012	-0.32604098
-0.21397936	0.10283277	-0.10047482	0.10384806	-0.12439292	0.11148204	-0.099641696	0.10916852	-0.11322525	0.10203684	-0.13405249	0.11723347	-0.1111177	0.112821676	-0.17304464	0.13593678	-0.15051648	0.13044582	-0.13651067	0.21746287	-0.12318569	0.15404984	-0.18076375	0.18017536	-0.2779835	0.15637358	-0.16072075	0.1130977	-0.25575364	0.28292996	-0.09972488	0.13373877	-0.12776701	0.24548288	-0.7098201	0.11658546	-0.19884378	0.19185658	-0.32604098	1.0000012
