1.0	-0.2993082	0.17108335	-0.16880077	0.1408028	-0.79014593	0.298563	-0.2471779	0.14956647	-0.1568209	0.19854414	-0.2110327	0.17564966	-0.1957531	0.12426957	-0.16958976	0.17107676	-0.1176348	0.10246222	-0.12744085	0.09336363	-0.09902632	0.08917255	-0.102592595	0.09391699	-0.08856178	0.086691275	-0.095660836	0.08142122	-0.105648264	0.030767292	-0.064657405	0.06109724	-0.059881262	0.045382492	-0.031376243	0.04819981	-0.04373461	0.058173593	-0.04535371
-0.2993082	0.9999998	-0.7057146	0.27637315	-0.2749178	0.19450054	-0.36598107	0.2619758	-0.2235011	0.19818181	-0.17766304	0.18652304	-0.21262579	0.19951649	-0.14368714	0.1356041	-0.1935916	0.1108444	-0.10714766	0.12448629	-0.08989356	0.09412596	-0.087295696	0.09681482	-0.095207505	0.080379404	-0.08615167	0.08943699	-0.07934442	0.09800606	-0.030089943	0.06131572	-0.059798762	0.057485618	-0.04428052	0.030016903	-0.047653828	0.04238779	-0.05761209	0.043494575
0.17108335	-0.7057146	0.9999997	-0.49456534	0.24385478	-0.129611	0.22179838	-0.32721442	0.22594552	-0.20781521	0.12751757	-0.14377624	0.185798	-0.19506375	0.124587305	-0.1017044	0.14076719	-0.09484525	0.089955926	-0.111232914	0.067929626	-0.072683156	0.07008727	-0.080144584	0.07916643	-0.061978135	0.06621089	-0.072690815	0.06465321	-0.08281238	0.023942556	-0.049108014	0.047624335	-0.04669732	0.035861585	-0.024027709	0.037959997	-0.033996586	0.046267543	-0.03532815
-0.16880077	0.27637315	-0.49456534	0.9999995	-0.5745646	0.12139849	-0.22587292	0.25575647	-0.45139825	0.29899302	-0.13837983	0.14782187	-0.20393574	0.22251463	-0.15624346	0.10790793	-0.15817218	0.10400809	-0.103253044	0.12676628	-0.07445429	0.079555064	-0.07786048	0.088469945	-0.09028419	0.06716787	-0.07338428	0.07968535	-0.07202219	0.09120366	-0.026584389	0.053987917	-0.052886236	0.05169789	-0.039913278	0.026499812	-0.042312805	0.03767717	-0.05168695	0.039093684
0.1408028	-0.2749178	0.24385478	-0.5745646	0.9999992	-0.10729054	0.1896236	-0.26140428	0.30986866	-0.62890774	0.12422142	-0.1387586	0.18725155	-0.24042466	0.17292769	-0.10147352	0.14287095	-0.11253763	0.10707105	-0.15227254	0.071281314	-0.077946	0.08004885	-0.09509295	0.09726662	-0.06575909	0.07144691	-0.083713554	0.07579934	-0.10149602	0.02708121	-0.055606227	0.05397521	-0.05427982	0.041704327	-0.027245121	0.04316884	-0.038839184	0.05332211	-0.041052736
-0.79014593	0.19450054	-0.129611	0.12139849	-0.10729054	0.9999996	-0.46647623	0.1880215	-0.11400538	0.11463371	-0.24000308	0.19814515	-0.14945562	0.14761302	-0.094951876	0.1523219	-0.15888208	0.08922838	-0.07921123	0.0945434	-0.08117588	0.08285775	-0.0709999	0.078972325	-0.071961015	0.07388053	-0.07257294	0.07476531	-0.06337455	0.07954578	-0.024290593	0.050968952	-0.048483886	0.046543904	-0.035375025	0.02460403	-0.038160793	0.034376863	-0.045702007	0.035208978
0.298563	-0.36598107	0.22179838	-0.22587292	0.1896236	-0.46647623	0.99999964	-0.41299728	0.21172555	-0.21545912	0.25168714	-0.4259876	0.26833436	-0.27564728	0.1696012	-0.2126655	0.24183185	-0.15856008	0.13901249	-0.17092761	0.1228221	-0.13163537	0.11877833	-0.1363825	0.12552796	-0.115773864	0.115194686	-0.12680294	0.10825084	-0.14022274	0.04077942	-0.08560866	0.081075184	-0.079441205	0.06026158	-0.041536488	0.06398395	-0.057996947	0.07728098	-0.060149707
-0.2471779	0.2619758	-0.32721442	0.25575647	-0.26140428	0.1880215	-0.41299728	0.9999991	-0.41431007	0.24874043	-0.22616905	0.2604142	-0.538891	0.30213767	-0.19477959	0.16933097	-0.24722937	0.14821145	-0.14528826	0.16226967	-0.11202139	0.11806124	-0.11052655	0.12268804	-0.12158318	0.09996435	-0.107677326	0.11235336	-0.10005022	0.12365579	-0.03751268	0.076518744	-0.07478709	0.07207022	-0.055555932	0.03738423	-0.05959678	0.05299265	-0.07223798	0.054469995
0.14956647	-0.2235011	0.22594552	-0.45139825	0.30986866	-0.11400538	0.21172555	-0.41431007	0.9999994	-0.56753254	0.14002217	-0.16014016	0.25078785	-0.42348942	0.19378856	-0.111041516	0.15992567	-0.12378854	0.12326165	-0.15662538	0.077079	-0.08355722	0.08485839	-0.098776504	0.10196037	-0.070115276	0.07658762	-0.08695246	0.07902213	-0.10300616	0.02825508	-0.05780301	0.0565199	-0.05622933	0.04334299	-0.028261129	0.045204915	-0.040447235	0.05572105	-0.042459067
-0.1568209	0.19818181	-0.20781521	0.29899302	-0.62890774	0.11463371	-0.21545912	0.24874043	-0.56753254	0.99999917	-0.14170867	0.15074877	-0.21747684	0.25258595	-0.2501903	0.1114599	-0.16551435	0.11799799	-0.12067204	0.1669873	-0.07925414	0.08554466	-0.08739189	0.10168493	-0.10978129	0.07163706	-0.07923413	0.08930946	-0.08249079	0.10718507	-0.0295491	0.059832286	-0.05893896	0.05856627	-0.04535942	0.029404063	-0.047343977	0.042169597	-0.05846538	0.044249695
0.19854414	-0.17766304	0.12751757	-0.13837983	0.12422142	-0.24000308	0.25168714	-0.22616905	0.14002217	-0.14170867	0.99999887	-0.53321606	0.22402053	-0.21605553	0.13409384	-0.6234286	0.31002545	-0.13876876	0.12066078	-0.13687068	0.190207	-0.17571285	0.12411278	-0.12982383	0.110473216	-0.17103195	0.144273	-0.12996317	0.10370837	-0.12345347	0.040854268	-0.08889821	0.08330421	-0.07647807	0.057600908	-0.04147522	0.06420902	-0.057824723	0.07496045	-0.05756269
-0.2110327	0.18652304	-0.14377624	0.14782187	-0.1387586	0.19814515	-0.4259876	0.2604142	-0.16014016	0.15074877	-0.53321606	0.9999988	-0.43680832	0.23899175	-0.14744154	0.27883318	-0.4460182	0.14124751	-0.1288255	0.13897292	-0.1533033	0.1559919	-0.11916111	0.123963624	-0.110793196	0.13097401	-0.13312078	0.12063611	-0.10035873	0.11892376	-0.03893543	0.08259842	-0.07924437	0.073205695	-0.05574641	0.039074834	-0.061749026	0.055059027	-0.07284665	0.055143904
0.17564966	-0.21262579	0.185798	-0.20393574	0.18725155	-0.14945562	0.26833436	-0.538891	0.25078785	-0.21747684	0.22402053	-0.43680832	0.9999986	-0.538749	0.20375717	-0.18084414	0.23511124	-0.18723762	0.16565998	-0.1883387	0.111943394	-0.12150984	0.116312034	-0.1331227	0.1278251	-0.10293499	0.107411064	-0.1196075	0.104851566	-0.13525811	0.037895583	-0.079089016	0.07619409	-0.07512942	0.057414208	-0.03822715	0.060344003	-0.054344766	0.07370466	-0.05667298
-0.1957531	0.19951649	-0.19506375	0.22251463	-0.24042466	0.14761302	-0.27564728	0.30213767	-0.42348942	0.25258595	-0.21605553	0.23899175	-0.538749	0.9999987	-0.39182222	0.16464761	-0.25115445	0.20075046	-0.24481831	0.2365279	-0.116884455	0.12628764	-0.13137633	0.15061288	-0.16133597	0.10463089	-0.116584696	0.13034748	-0.120608024	0.15209948	-0.042455643	0.08617216	-0.08541595	0.08444434	-0.06550825	0.042080782	-0.068497084	0.06082131	-0.08470678	0.06357622
0.12426957	-0.14368714	0.124587305	-0.15624346	0.17292769	-0.094951876	0.1696012	-0.19477959	0.19378856	-0.2501903	0.13409384	-0.14744154	0.20375717	-0.39182222	0.99999887	-0.1168251	0.16663739	-0.19890587	0.19615512	-0.73199475	0.0950093	-0.11138974	0.13839759	-0.19287421	0.23804243	-0.090175346	0.10301976	-0.14792427	0.14578393	-0.23757733	0.04188465	-0.088914596	0.08758199	-0.09870731	0.07623508	-0.042343996	0.07052759	-0.064576805	0.09319756	-0.07416087
-0.16958976	0.1356041	-0.1017044	0.10790793	-0.10147352	0.1523219	-0.2126655	0.16933097	-0.111041516	0.1114599	-0.6234286	0.27883318	-0.18084414	0.16464761	-0.1168251	0.9999989	-0.53882957	0.12689053	-0.1140489	0.11622016	-0.3551771	0.22130293	-0.13962035	0.12972225	-0.106057234	0.20915891	-0.19184886	0.13688356	-0.10681579	0.11518667	-0.043365665	0.095903546	-0.091557875	0.07815367	-0.05918904	0.04313587	-0.06944178	0.06119283	-0.07875217	0.05842982
0.17107676	-0.1935916	0.14076719	-0.15817218	0.14287095	-0.15888208	0.24183185	-0.24722937	0.15992567	-0.16551435	0.31002545	-0.4460182	0.23511124	-0.25115445	0.16663739	-0.53882957	0.99999875	-0.20447674	0.16600874	-0.17599106	0.24526288	-0.3481049	0.18755095	-0.1893371	0.15011963	-0.23423012	0.21714143	-0.19403559	0.14754121	-0.17022458	0.057888735	-0.12911889	0.11971842	-0.10870631	0.08105721	-0.059293006	0.091045	-0.08257008	0.10539915	-0.08148789
-0.1176348	0.1108444	-0.09484525	0.10400809	-0.11253763	0.08922838	-0.15856008	0.14821145	-0.12378854	0.11799799	-0.13876876	0.14124751	-0.18723762	0.20075046	-0.19890587	0.12689053	-0.20447674	0.9999988	-0.84424937	0.195006	-0.114941165	0.13906664	-0.24553788	0.20774014	-0.17042156	0.10413147	-0.12722886	0.17259601	-0.1559158	0.1552243	-0.046402194	0.096836105	-0.09900328	0.09801045	-0.07589871	0.04547221	-0.078353845	0.069327116	-0.09955418	0.07168419
0.10246222	-0.10714766	0.089955926	-0.103253044	0.10707105	-0.07921123	0.13901249	-0.14528826	0.12326165	-0.12067204	0.12066078	-0.1288255	0.16565998	-0.24481831	0.19615512	-0.1140489	0.16600874	-0.84424937	0.99999875	-0.25288466	0.10127729	-0.12691662	0.19252394	-0.24497475	0.17050417	-0.09584684	0.11285158	-0.17087683	0.14999764	-0.16466056	0.04273896	-0.09255355	0.09203164	-0.09506484	0.07219508	-0.042854775	0.07208336	-0.0653457	0.09243926	-0.069387026
-0.12744085	0.12448629	-0.111232914	0.12676628	-0.15227254	0.0945434	-0.17092761	0.16226967	-0.15662538	0.1669873	-0.13687068	0.13897292	-0.1883387	0.2365279	-0.73199475	0.11622016	-0.17599106	0.195006	-0.25288466	0.9999988	-0.09813604	0.11322769	-0.14811203	0.19787227	-0.41274202	0.09065366	-0.107172765	0.14653052	-0.15831731	0.23215069	-0.04318203	0.08930514	-0.09070354	0.10104007	-0.08009968	0.042679843	-0.0742043	0.06644365	-0.09961397	0.07519104
0.09336363	-0.08989356	0.067929626	-0.07445429	0.071281314	-0.08117588	0.1228221	-0.11202139	0.077079	-0.07925414	0.190207	-0.1533033	0.111943394	-0.116884455	0.0950093	-0.3551771	0.24526288	-0.114941165	0.10127729	-0.09813604	0.999999	-0.50211823	0.18371357	-0.15429147	0.10703022	-0.6632785	0.31130412	-0.18418248	0.12275832	-0.11909186	0.05010403	-0.12743576	0.11530938	-0.08737452	0.06413841	-0.04995461	0.08167634	-0.07212552	0.086319596	-0.06342614
-0.09902632	0.09412596	-0.072683156	0.079555064	-0.077946	0.08285775	-0.13163537	0.11806124	-0.08355722	0.08554466	-0.17571285	0.1559919	-0.12150984	0.12628764	-0.11138974	0.22130293	-0.3481049	0.13906664	-0.12691662	0.11322769	-0.50211823	0.99999905	-0.3631783	0.19808167	-0.13625425	0.31074232	-0.57723725	0.2377874	-0.16307637	0.14307337	-0.05813294	0.15948048	-0.15474728	0.109218664	-0.08090681	0.056641545	-0.10539258	0.090621255	-0.11010862	0.07797637
0.08917255	-0.087295696	0.07008727	-0.07786048	0.08004885	-0.0709999	0.11877833	-0.11052655	0.08485839	-0.08739189	0.12411278	-0.11916111	0.116312034	-0.13137633	0.13839759	-0.13962035	0.18755095	-0.24553788	0.19252394	-0.14811203	0.18371357	-0.3631783	0.999999	-0.5213871	0.21096534	-0.17675926	0.22955245	-0.59783053	0.27505353	-0.22558564	0.060651753	-0.17467564	0.17635377	-0.15852717	0.11190399	-0.06083211	0.117216974	-0.1102837	0.14526254	-0.10556683
-0.102592595	0.09681482	-0.080144584	0.088469945	-0.09509295	0.078972325	-0.1363825	0.12268804	-0.098776504	0.10168493	-0.12982383	0.123963624	-0.1331227	0.15061288	-0.19287421	0.12972225	-0.1893371	0.20774014	-0.24497475	0.19787227	-0.15429147	0.19808167	-0.5213871	0.9999993	-0.43178368	0.13915667	-0.18785101	0.30549645	-0.49069488	0.29412627	-0.06366935	0.15104404	-0.16520245	0.1965552	-0.1497895	0.062153127	-0.12943952	0.115533814	-0.19264741	0.12919915
0.09391699	-0.095207505	0.07916643	-0.09028419	0.09726662	-0.071961015	0.12552796	-0.12158318	0.10196037	-0.10978129	0.110473216	-0.110793196	0.1278251	-0.16133597	0.23804243	-0.106057234	0.15011963	-0.17042156	0.17050417	-0.41274202	0.10703022	-0.13625425	0.21096534	-0.43178368	0.9999993	-0.10411254	0.12735835	-0.22786234	0.27020928	-0.661428	0.051230703	-0.11999494	0.12196412	-0.15942487	0.12538105	-0.05138217	0.097675644	-0.09055147	0.14220326	-0.1158509
-0.08856178	0.080379404	-0.061978135	0.06716787	-0.06575909	0.07388053	-0.115773864	0.09996435	-0.070115276	0.07163706	-0.17103195	0.13097401	-0.10293499	0.10463089	-0.090175346	0.20915891	-0.23423012	0.10413147	-0.09584684	0.09065366	-0.6632785	0.31074232	-0.17675926	0.13915667	-0.10411254	0.999999	-0.59024966	0.1752295	-0.1238849	0.11181251	-0.05730473	0.14348328	-0.13601205	0.08910679	-0.0663072	0.05460927	-0.09396427	0.07890059	-0.092031166	0.06470151
0.086691275	-0.08615167	0.06621089	-0.07338428	0.07144691	-0.07257294	0.115194686	-0.107677326	0.07658762	-0.07923413	0.144273	-0.13312078	0.107411064	-0.116584696	0.10301976	-0.19184886	0.21714143	-0.12722886	0.11285158	-0.107172765	0.31130412	-0.57723725	0.22955245	-0.18785101	0.12735835	-0.59024966	0.99999917	-0.2865072	0.15989944	-0.14387706	0.065329835	-0.24331073	0.1803091	-0.115076564	0.08267199	-0.0647141	0.118602164	-0.103548214	0.113149896	-0.081649505
-0.095660836	0.08943699	-0.072690815	0.07968535	-0.083713554	0.07476531	-0.12680294	0.11235336	-0.08695246	0.08930946	-0.12996317	0.12063611	-0.1196075	0.13034748	-0.14792427	0.13688356	-0.19403559	0.17259601	-0.17087683	0.14653052	-0.18418248	0.2377874	-0.59783053	0.30549645	-0.22786234	0.1752295	-0.2865072	0.9999993	-0.47018954	0.23474427	-0.074037194	0.21421213	-0.29869774	0.20120174	-0.14645281	0.07219313	-0.15612756	0.14325404	-0.19693404	0.13039424
0.08142122	-0.07934442	0.06465321	-0.07202219	0.07579934	-0.06337455	0.10825084	-0.10005022	0.07902213	-0.08249079	0.10370837	-0.10035873	0.104851566	-0.120608024	0.14578393	-0.10681579	0.14754121	-0.1559158	0.14999764	-0.15831731	0.12275832	-0.16307637	0.27505353	-0.49069488	0.27020928	-0.1238849	0.15989944	-0.47018954	0.9999992	-0.47947285	0.062614866	-0.16748123	0.17895332	-0.3802764	0.18739665	-0.062762335	0.13515463	-0.13066573	0.22122832	-0.16649109
-0.105648264	0.09800606	-0.08281238	0.09120366	-0.10149602	0.07954578	-0.14022274	0.12365579	-0.10300616	0.10718507	-0.12345347	0.11892376	-0.13525811	0.15209948	-0.23757733	0.11518667	-0.17022458	0.1552243	-0.16466056	0.23215069	-0.11909186	0.14307337	-0.22558564	0.29412627	-0.661428	0.11181251	-0.14387706	0.23474427	-0.47947285	0.99999917	-0.060540587	0.1343519	-0.1463034	0.20469734	-0.18964708	0.059006795	-0.12410975	0.11075379	-0.198998	0.14767584
0.030767292	-0.030089943	0.023942556	-0.026584389	0.02708121	-0.024290593	0.04077942	-0.03751268	0.02825508	-0.0295491	0.040854268	-0.03893543	0.037895583	-0.042455643	0.04188465	-0.043365665	0.057888735	-0.046402194	0.04273896	-0.04318203	0.05010403	-0.05813294	0.060651753	-0.06366935	0.051230703	-0.05730473	0.065329835	-0.074037194	0.062614866	-0.060540587	0.9999993	-0.14974354	0.111745924	-0.07103641	0.050635975	-0.96677136	0.122860916	-0.10377308	0.07797117	-0.05785269
-0.064657405	0.06131572	-0.049108014	0.053987917	-0.055606227	0.050968952	-0.08560866	0.076518744	-0.05780301	0.059832286	-0.08889821	0.08259842	-0.079089016	0.08617216	-0.088914596	0.095903546	-0.12911889	0.096836105	-0.09255355	0.08930514	-0.12743576	0.15948048	-0.17467564	0.15104404	-0.11999494	0.14348328	-0.24331073	0.21421213	-0.16748123	0.1343519	-0.14974354	0.99999917	-0.7658393	0.1794426	-0.12726606	0.13027835	-0.38704017	0.2614685	-0.20107506	0.12802444
0.06109724	-0.059798762	0.047624335	-0.052886236	0.05397521	-0.048483886	0.081075184	-0.07478709	0.0565199	-0.05893896	0.08330421	-0.07924437	0.07619409	-0.08541595	0.08758199	-0.091557875	0.11971842	-0.09900328	0.09203164	-0.09070354	0.11530938	-0.15474728	0.17635377	-0.16520245	0.12196412	-0.13601205	0.1803091	-0.29869774	0.17895332	-0.1463034	0.111745924	-0.7658393	0.999999	-0.23236884	0.13506554	-0.11628278	0.27102342	-0.35180578	0.20261772	-0.14438109
-0.059881262	0.057485618	-0.04669732	0.05169789	-0.05427982	0.046543904	-0.079441205	0.07207022	-0.05622933	0.05856627	-0.07647807	0.073205695	-0.07512942	0.08444434	-0.09870731	0.07815367	-0.10870631	0.09801045	-0.09506484	0.10104007	-0.08737452	0.109218664	-0.15852717	0.1965552	-0.15942487	0.08910679	-0.115076564	0.20120174	-0.3802764	0.20469734	-0.07103641	0.1794426	-0.23236884	0.99999887	-0.5188588	0.06962408	-0.20644778	0.19453059	-0.5921706	0.30658603
0.045382492	-0.04428052	0.035861585	-0.039913278	0.041704327	-0.035375025	0.06026158	-0.055555932	0.04334299	-0.04535942	0.057600908	-0.05574641	0.057414208	-0.06550825	0.07623508	-0.05918904	0.08105721	-0.07589871	0.07219508	-0.08009968	0.06413841	-0.08090681	0.11190399	-0.1497895	0.12538105	-0.0663072	0.08267199	-0.14645281	0.18739665	-0.18964708	0.050635975	-0.12726606	0.13506554	-0.5188588	0.9999989	-0.05105079	0.13199693	-0.13322972	0.305667	-0.7454756
-0.031376243	0.030016903	-0.024027709	0.026499812	-0.027245121	0.02460403	-0.041536488	0.03738423	-0.028261129	0.029404063	-0.04147522	0.039074834	-0.03822715	0.042080782	-0.042343996	0.04313587	-0.059293006	0.04547221	-0.042854775	0.042679843	-0.04995461	0.056641545	-0.06083211	0.062153127	-0.05138217	0.05460927	-0.0647141	0.07219313	-0.062762335	0.059006795	-0.96677136	0.13027835	-0.11628278	0.06962408	-0.05105079	0.9999986	-0.14171535	0.102110595	-0.08132786	0.05646837
0.04819981	-0.047653828	0.037959997	-0.042312805	0.04316884	-0.038160793	0.06398395	-0.05959678	0.045204915	-0.047343977	0.06420902	-0.061749026	0.060344003	-0.068497084	0.07052759	-0.06944178	0.091045	-0.078353845	0.07208336	-0.0742043	0.08167634	-0.10539258	0.117216974	-0.12943952	0.097675644	-0.09396427	0.118602164	-0.15612756	0.13515463	-0.12410975	0.122860916	-0.38704017	0.27102342	-0.20644778	0.13199693	-0.14171535	0.99999875	-0.7983329	0.23318322	-0.17622884
-0.04373461	0.04238779	-0.033996586	0.03767717	-0.038839184	0.034376863	-0.057996947	0.05299265	-0.040447235	0.042169597	-0.057824723	0.055059027	-0.054344766	0.06082131	-0.064576805	0.06119283	-0.08257008	0.069327116	-0.0653457	0.06644365	-0.07212552	0.090621255	-0.1102837	0.115533814	-0.09055147	0.07890059	-0.103548214	0.14325404	-0.13066573	0.11075379	-0.10377308	0.2614685	-0.35180578	0.19453059	-0.13322972	0.102110595	-0.7983329	0.9999989	-0.3480967	0.16247027
0.058173593	-0.05761209	0.046267543	-0.05168695	0.05332211	-0.045702007	0.07728098	-0.07223798	0.05572105	-0.05846538	0.07496045	-0.07284665	0.07370466	-0.08470678	0.09319756	-0.07875217	0.10539915	-0.09955418	0.09243926	-0.09961397	0.086319596	-0.11010862	0.14526254	-0.19264741	0.14220326	-0.092031166	0.113149896	-0.19693404	0.22122832	-0.198998	0.07797117	-0.20107506	0.20261772	-0.5921706	0.305667	-0.08132786	0.23318322	-0.3480967	0.99999875	-0.5234974
-0.04535371	0.043494575	-0.03532815	0.039093684	-0.041052736	0.035208978	-0.060149707	0.054469995	-0.042459067	0.044249695	-0.05756269	0.055143904	-0.05667298	0.06357622	-0.07416087	0.05842982	-0.08148789	0.07168419	-0.069387026	0.07519104	-0.06342614	0.07797637	-0.10556683	0.12919915	-0.1158509	0.06470151	-0.081649505	0.13039424	-0.16649109	0.14767584	-0.05785269	0.12802444	-0.14438109	0.30658603	-0.7454756	0.05646837	-0.17622884	0.16247027	-0.5234974	0.99999875
