1.0000001	-0.41392142	0.22416127	-0.17665985	0.18296728	-0.6066084	0.25506163	-0.2224254	0.15261802	-0.1131175	0.29033	-0.20194028	0.18138663	-0.1950325	0.101142354	-0.27317145	0.20491347	-0.26490182	0.16756885	-0.20939493	0.12434672	-0.122227825	0.14090633	-0.14425306	0.12192074	-0.08792785	0.08923635	-0.17364295	0.13186663	-0.16021258	0.06642293	-0.058056872	0.044428244	-0.08957734	0.08395593	-0.070686705	0.06274804	-0.03728737	0.026327247	-0.03126242
-0.41392142	1.0000001	-0.50343585	0.13027754	-0.12853752	0.19518945	-0.6565581	0.30472192	-0.12357939	0.07380062	-0.1598303	0.16124263	-0.15189499	0.12888774	-0.066517234	0.13898714	-0.13217421	0.15218797	-0.10603621	0.12162456	-0.0743589	0.07204008	-0.08513534	0.08560042	-0.07160913	0.0509614	-0.052533593	0.09767337	-0.07796135	0.09108394	-0.03882152	0.033777397	-0.02572051	0.05137429	-0.04889018	0.04045466	-0.036623687	0.021489661	-0.015166038	0.017930752
0.22416127	-0.50343585	0.99999994	-0.20246544	0.1639965	-0.16826424	0.31818113	-0.7128529	0.18081318	-0.09898467	0.14136286	-0.14998652	0.14418112	-0.16895774	0.08698445	-0.14050521	0.13089292	-0.17521384	0.12933108	-0.15270607	0.08399704	-0.08150027	0.09941025	-0.10270418	0.088153325	-0.05860462	0.060531076	-0.11632351	0.09313585	-0.11235286	0.04504793	-0.03921912	0.030355131	-0.06224057	0.059095263	-0.047275227	0.04264878	-0.02537506	0.018011298	-0.021322206
-0.17665985	0.13027754	-0.20246544	1.0	-0.5688595	0.11417025	-0.15956458	0.18362632	-0.6442044	0.19007586	-0.14038609	0.13308668	-0.1613641	0.27338648	-0.17762707	0.12858732	-0.14624125	0.2026985	-0.21558855	0.21469057	-0.11319453	0.1048445	-0.1421404	0.14390196	-0.1277004	0.07617239	-0.08106669	0.14868152	-0.13284327	0.15106604	-0.06039847	0.052060205	-0.040894326	0.08444541	-0.08288407	0.061522573	-0.057341017	0.03388357	-0.024243152	0.02848966
0.18296728	-0.12853752	0.1639965	-0.5688595	0.9999999	-0.12937787	0.15046562	-0.17018224	0.29443842	-0.29070407	0.15563728	-0.15832627	0.17643887	-0.32597438	0.21751794	-0.16218573	0.17244524	-0.2884055	0.24382885	-0.3961036	0.14918773	-0.14428061	0.18781655	-0.20574705	0.20907982	-0.10930902	0.11386741	-0.24327599	0.19149372	-0.28140342	0.08656265	-0.07558629	0.062321637	-0.14233835	0.13230951	-0.093164116	0.08299266	-0.052304838	0.037989274	-0.04529029
-0.6066084	0.19518945	-0.16826424	0.11417025	-0.12937787	0.9999998	-0.20822951	0.1459557	-0.1036977	0.072885625	-0.6457707	0.16063851	-0.15350297	0.12839927	-0.06651883	0.23635378	-0.19818987	0.17553498	-0.11456316	0.13087623	-0.09592471	0.091058426	-0.10083678	0.09736816	-0.07865698	0.063111775	-0.06465403	0.11294971	-0.08911323	0.100326955	-0.04711594	0.040956825	-0.030263644	0.057862658	-0.055120878	0.04844673	-0.044129908	0.02527624	-0.017651364	0.02082975
0.25506163	-0.6565581	0.31818113	-0.15956458	0.15046562	-0.20822951	0.9999998	-0.5170502	0.15331486	-0.090216205	0.16478257	-0.2545503	0.18759182	-0.16232738	0.08040402	-0.16483068	0.1561469	-0.1886017	0.12931375	-0.14768071	0.08786231	-0.08608549	0.10173411	-0.10345948	0.08634321	-0.060622614	0.06238077	-0.11719749	0.093421005	-0.10991138	0.0460616	-0.04014473	0.030634271	-0.061676048	0.058581214	-0.04812789	0.043476183	-0.025611201	0.018089155	-0.02140011
-0.2224254	0.30472192	-0.7128529	0.18362632	-0.17018224	0.1459557	-0.5170502	0.9999995	-0.23754348	0.09681593	-0.14007741	0.15719624	-0.16321993	0.16506898	-0.087596335	0.12822863	-0.13165389	0.15994588	-0.12722729	0.13753308	-0.08028524	0.07679711	-0.094848186	0.095828824	-0.08108915	0.054593887	-0.056903694	0.10486381	-0.087111674	0.10037536	-0.042117383	0.03652775	-0.028043654	0.056511264	-0.05437786	0.043485064	-0.03979896	0.023359714	-0.01654801	0.019517915
0.15261802	-0.12357939	0.18081318	-0.6442044	0.29443842	-0.1036977	0.15331486	-0.23754348	0.9999994	-0.2521986	0.1242283	-0.13537881	0.15867345	-0.5156882	0.18293957	-0.12128215	0.13604236	-0.2182033	0.23046198	-0.22384968	0.10332771	-0.098500885	0.13389818	-0.14689481	0.12461507	-0.07019861	0.07431776	-0.14009368	0.12529698	-0.14708847	0.05476107	-0.047522653	0.037353344	-0.07963333	0.07739909	-0.05595282	0.05196916	-0.0310216	0.022196526	-0.026131866
-0.1131175	0.07380062	-0.09898467	0.19007586	-0.29070407	0.072885625	-0.090216205	0.09681593	-0.2521986	0.99999946	-0.09259838	0.084301755	-0.100635305	0.16625556	-0.85513306	0.084885	-0.096924	0.13763817	-0.14405476	0.24026835	-0.08246621	0.075603046	-0.104834236	0.107261814	-0.13436894	0.055381395	-0.059403114	0.10857903	-0.1017551	0.13124728	-0.044436667	0.03824815	-0.030891923	0.06722116	-0.06892719	0.04491969	-0.042395614	0.025485056	-0.018519554	0.021692269
0.29033	-0.1598303	0.14136286	-0.14038609	0.15563728	-0.6457707	0.16478257	-0.14007741	0.1242283	-0.09259838	0.9999993	-0.23015065	0.18650888	-0.1674327	0.08396867	-0.49669176	0.2577808	-0.24705146	0.1494847	-0.1732596	0.12456395	-0.12220561	0.13017769	-0.12836759	0.10299663	-0.08374136	0.08393988	-0.15029246	0.11586607	-0.13289914	0.060901064	-0.053336654	0.039287448	-0.07600623	0.071778975	-0.06337552	0.057011824	-0.03292313	0.022973843	-0.027183948
-0.20194028	0.16124263	-0.14998652	0.13308668	-0.15832627	0.16063851	-0.2545503	0.15719624	-0.13537881	0.084301755	-0.23015065	0.9999991	-0.7703759	0.18387559	-0.07901983	0.22921531	-0.38323632	0.24632598	-0.16168627	0.14538392	-0.11385426	0.113452464	-0.12613465	0.118470535	-0.089875765	0.072517954	-0.07559874	0.12433968	-0.10520712	0.10887805	-0.053623475	0.046685867	-0.033917114	0.0641704	-0.062231597	0.053747285	-0.050059862	0.02820901	-0.019620249	0.02303708
0.18138663	-0.15189499	0.14418112	-0.1613641	0.17643887	-0.15350297	0.18759182	-0.16321993	0.15867345	-0.100635305	0.18650888	-0.7703759	0.9999992	-0.2702767	0.09282739	-0.22700258	0.25622678	-0.3635109	0.20000306	-0.17767043	0.11849675	-0.1201531	0.14053315	-0.14114796	0.10656581	-0.0790877	0.08173812	-0.14450775	0.1211619	-0.1301072	0.05878973	-0.051376365	0.038134918	-0.07501335	0.07212214	-0.059949167	0.055160776	-0.03178825	0.022259	-0.026214886
-0.1950325	0.12888774	-0.16895774	0.27338648	-0.32597438	0.12839927	-0.16232738	0.16506898	-0.5156882	0.16625556	-0.1674327	0.18387559	-0.2702767	0.9999991	-0.16467635	0.15647705	-0.1926791	0.285857	-0.56047046	0.23798446	-0.1417018	0.13236825	-0.19440974	0.2052526	-0.15036137	0.0918612	-0.098767616	0.17312023	-0.1736009	0.16324133	-0.07138317	0.061675448	-0.047239248	0.09603864	-0.09589687	0.07084965	-0.067376874	0.03898785	-0.027650781	0.032317504
0.101142354	-0.066517234	0.08698445	-0.17762707	0.21751794	-0.06651883	0.08040402	-0.087596335	0.18293957	-0.85513306	0.08396867	-0.07901983	0.09282739	-0.16467635	0.9999993	-0.079506695	0.08990735	-0.13687937	0.14028007	-0.35637295	0.07776288	-0.07248825	0.10035709	-0.107416205	0.14296715	-0.05303993	0.056634046	-0.10752366	0.09930295	-0.14797348	0.042244904	-0.036560312	0.029907096	-0.068581164	0.06891976	-0.043074083	0.040376186	-0.024762224	0.018071081	-0.021247387
-0.27317145	0.13898714	-0.14050521	0.12858732	-0.16218573	0.23635378	-0.16483068	0.12822863	-0.12128215	0.084885	-0.49669176	0.22921531	-0.22700258	0.15647705	-0.079506695	0.99999964	-0.67347246	0.2390729	-0.15484947	0.15299292	-0.1831444	0.16090403	-0.15325007	0.13298601	-0.09720659	0.101229645	-0.10273434	0.14693874	-0.12016403	0.11904568	-0.0702663	0.06114175	-0.041681845	0.07244514	-0.07024807	0.0684552	-0.06446338	0.034685597	-0.023607627	0.0276333
0.20491347	-0.13217421	0.13089292	-0.14624125	0.17244524	-0.19818987	0.1561469	-0.13165389	0.13604236	-0.096924	0.2577808	-0.38323632	0.25622678	-0.1926791	0.08990735	-0.67347246	0.9999996	-0.3790362	0.18823251	-0.18081975	0.17516692	-0.21438248	0.1728811	-0.1570246	0.11190375	-0.10940013	0.110668	-0.16805543	0.13538492	-0.13799687	0.07503338	-0.06644539	0.04553418	-0.08234054	0.078965455	-0.07468669	0.06923171	-0.0380487	0.025987932	-0.030537322
-0.26490182	0.15218797	-0.17521384	0.2026985	-0.2884055	0.17553498	-0.1886017	0.15994588	-0.2182033	0.13763817	-0.24705146	0.24632598	-0.3635109	0.285857	-0.13687937	0.2390729	-0.3790362	0.99999946	-0.53180784	0.2453257	-0.19368364	0.18318102	-0.27515402	0.23825867	-0.16504763	0.12059614	-0.12976575	0.20976613	-0.20518644	0.18017517	-0.09200799	0.07940804	-0.058493797	0.11129339	-0.11165621	0.089706905	-0.08614663	0.048218407	-0.03370427	0.03926796
0.16756885	-0.10603621	0.12933108	-0.21558855	0.24382885	-0.11456316	0.12931375	-0.12722729	0.23046198	-0.14405476	0.1494847	-0.16168627	0.20000306	-0.56047046	0.14028007	-0.15484947	0.18823251	-0.53180784	0.99999946	-0.33646855	0.14781323	-0.14732713	0.22407246	-0.35750428	0.17590705	-0.09747528	0.104252376	-0.19481914	0.19844536	-0.18595499	0.07375017	-0.06447854	0.04939586	-0.10612323	0.1037853	-0.07324723	0.06957004	-0.04087317	0.028948138	-0.03388881
-0.20939493	0.12162456	-0.15270607	0.21469057	-0.3961036	0.13087623	-0.14768071	0.13753308	-0.22384968	0.24026835	-0.1732596	0.14538392	-0.17767043	0.23798446	-0.35637295	0.15299292	-0.18081975	0.2453257	-0.33646855	0.9999997	-0.16579546	0.14886916	-0.21939474	0.22404744	-0.5031992	0.108247004	-0.11790827	0.20554201	-0.21650842	0.29269114	-0.08770312	0.07519663	-0.06172169	0.13883033	-0.15293688	0.08667622	-0.08384778	0.050515726	-0.037196252	0.043242913
0.12434672	-0.0743589	0.08399704	-0.11319453	0.14918773	-0.09592471	0.08786231	-0.08028524	0.10332771	-0.08246621	0.12456395	-0.11385426	0.11849675	-0.1417018	0.07776288	-0.1831444	0.17516692	-0.19368364	0.14781323	-0.16579546	0.9999999	-0.6565304	0.2667308	-0.22747889	0.11945474	-0.47777525	0.2799052	-0.28427598	0.18589038	-0.14834297	0.16737601	-0.15492328	0.07969923	-0.10327662	0.09779935	-0.15846929	0.14116706	-0.06787567	0.04215451	-0.04934441
-0.122227825	0.07204008	-0.08150027	0.1048445	-0.14428061	0.091058426	-0.08608549	0.07679711	-0.098500885	0.075603046	-0.12220561	0.113452464	-0.1201531	0.13236825	-0.07248825	0.16090403	-0.21438248	0.18318102	-0.14732713	0.14886916	-0.6565304	0.99999976	-0.49872527	0.22770818	-0.11403745	0.25889784	-0.32160228	0.23384129	-0.19184785	0.13337007	-0.15273085	0.13954774	-0.073392026	0.09529773	-0.093217455	0.13043292	-0.13395976	0.061165605	-0.038056977	0.0438727
0.14090633	-0.08513534	0.09941025	-0.1421404	0.18781655	-0.10083678	0.10173411	-0.094848186	0.13389818	-0.104834236	0.13017769	-0.12613465	0.14053315	-0.19440974	0.10035709	-0.15325007	0.1728811	-0.27515402	0.22407246	-0.21939474	0.2667308	-0.49872527	0.99999964	-0.58103895	0.17145982	-0.18676227	0.18812908	-0.36163306	0.27237153	-0.20166212	0.118731946	-0.10968721	0.07298315	-0.1353319	0.12596321	-0.118009664	0.10934154	-0.061278954	0.04093162	-0.04816144
-0.14425306	0.08560042	-0.10270418	0.14390196	-0.20574705	0.09736816	-0.10345948	0.095828824	-0.14689481	0.107261814	-0.12836759	0.118470535	-0.14114796	0.2052526	-0.107416205	0.13298601	-0.1570246	0.23825867	-0.35750428	0.22404744	-0.22747889	0.22770818	-0.58103895	0.99999946	-0.24115314	0.14028738	-0.1562798	0.29166377	-0.5090613	0.21534382	-0.10240511	0.0904943	-0.067545936	0.15022968	-0.14835243	0.09733078	-0.095912665	0.055482756	-0.038802747	0.045033842
0.12192074	-0.07160913	0.088153325	-0.1277004	0.20907982	-0.07865698	0.08634321	-0.08108915	0.12461507	-0.13436894	0.10299663	-0.089875765	0.10656581	-0.15036137	0.14296715	-0.09720659	0.11190375	-0.16504763	0.17590705	-0.5031992	0.11945474	-0.11403745	0.17145982	-0.24115314	0.9999992	-0.08203959	0.08864566	-0.17948636	0.19227068	-0.7381389	0.06488561	-0.056974422	0.05112235	-0.15732647	0.16100138	-0.065608	0.062809244	-0.042404838	0.032262277	-0.03807916
-0.08792785	0.0509614	-0.05860462	0.07617239	-0.10930902	0.063111775	-0.060622614	0.054593887	-0.07019861	0.055381395	-0.08374136	0.072517954	-0.0790877	0.0918612	-0.05303993	0.101229645	-0.10940013	0.12059614	-0.09747528	0.108247004	-0.47777525	0.25889784	-0.18676227	0.14028738	-0.08203959	0.99999905	-0.69818324	0.20892099	-0.14940791	0.099223085	-0.31478915	0.24134478	-0.09864343	0.07915893	-0.07848896	0.20047447	-0.21603777	0.08244706	-0.046621174	0.05272941
0.08923635	-0.052533593	0.060531076	-0.08106669	0.11386741	-0.06465403	0.06238077	-0.056903694	0.07431776	-0.059403114	0.08393988	-0.07559874	0.08173812	-0.098767616	0.056634046	-0.10273434	0.110668	-0.12976575	0.104252376	-0.11790827	0.2799052	-0.32160228	0.18812908	-0.1562798	0.08864566	-0.69818324	0.9999989	-0.2937551	0.16307127	-0.109056674	0.2523759	-0.38875908	0.10371787	-0.08667476	0.08401052	-0.22327195	0.21799311	-0.09068121	0.050027065	-0.05784037
-0.17364295	0.09767337	-0.11632351	0.14868152	-0.24327599	0.11294971	-0.11719749	0.10486381	-0.14009368	0.10857903	-0.15029246	0.12433968	-0.14450775	0.17312023	-0.10752366	0.14693874	-0.16805543	0.20976613	-0.19481914	0.20554201	-0.28427598	0.23384129	-0.36163306	0.29166377	-0.17948636	0.20892099	-0.2937551	0.99999905	-0.63697654	0.2052656	-0.16653156	0.14826971	-0.1197633	0.19039667	-0.20451005	0.1500666	-0.15990925	0.09296796	-0.06186323	0.07059071
0.13186663	-0.07796135	0.09313585	-0.13284327	0.19149372	-0.08911323	0.093421005	-0.087111674	0.12529698	-0.1017551	0.11586607	-0.10520712	0.1211619	-0.1736009	0.09930295	-0.12016403	0.13538492	-0.20518644	0.19844536	-0.21650842	0.18589038	-0.19184785	0.27237153	-0.5090613	0.19227068	-0.14940791	0.16307127	-0.63697654	0.9999991	-0.25930595	0.107804835	-0.09904911	0.08539978	-0.28091934	0.20853132	-0.10887096	0.10361176	-0.07077301	0.050133567	-0.058796052
-0.16021258	0.09108394	-0.11235286	0.15106604	-0.28140342	0.100326955	-0.10991138	0.10037536	-0.14708847	0.13124728	-0.13289914	0.10887805	-0.1301072	0.16324133	-0.14797348	0.11904568	-0.13799687	0.18017517	-0.18595499	0.29269114	-0.14834297	0.13337007	-0.20166212	0.21534382	-0.7381389	0.099223085	-0.109056674	0.2052656	-0.25930595	0.99999917	-0.08114363	0.070454314	-0.06527498	0.19762395	-0.27259657	0.08080723	-0.07902921	0.05335368	-0.041888904	0.048768423
0.06642293	-0.03882152	0.04504793	-0.06039847	0.08656265	-0.04711594	0.0460616	-0.042117383	0.05476107	-0.044436667	0.060901064	-0.053623475	0.05878973	-0.07138317	0.042244904	-0.0702663	0.07503338	-0.09200799	0.07375017	-0.08770312	0.16737601	-0.15273085	0.118731946	-0.10240511	0.06488561	-0.31478915	0.2523759	-0.16653156	0.107804835	-0.08114363	0.99999934	-0.57973176	0.13636877	-0.07101117	0.06858064	-0.6363652	0.3204231	-0.123530515	0.06437784	-0.07438619
-0.058056872	0.033777397	-0.03921912	0.052060205	-0.07558629	0.040956825	-0.04014473	0.03652775	-0.047522653	0.03824815	-0.053336654	0.046685867	-0.051376365	0.061675448	-0.036560312	0.06114175	-0.06644539	0.07940804	-0.06447854	0.07519663	-0.15492328	0.13954774	-0.10968721	0.0904943	-0.056974422	0.24134478	-0.38875908	0.14826971	-0.09904911	0.070454314	-0.57973176	0.999999	-0.18100615	0.06619371	-0.064496465	0.32128015	-0.59258676	0.14957191	-0.07115552	0.07826318
0.044428244	-0.02572051	0.030355131	-0.040894326	0.062321637	-0.030263644	0.030634271	-0.028043654	0.037353344	-0.030891923	0.039287448	-0.033917114	0.038134918	-0.047239248	0.029907096	-0.041681845	0.04553418	-0.058493797	0.04939586	-0.06172169	0.07969923	-0.073392026	0.07298315	-0.067545936	0.05112235	-0.09864343	0.10371787	-0.1197633	0.08539978	-0.06527498	0.13636877	-0.18100615	0.999999	-0.12230807	0.10440646	-0.20341635	0.2095902	-0.8440887	0.23756546	-0.3138975
-0.08957734	0.05137429	-0.06224057	0.08444541	-0.14233835	0.057862658	-0.061676048	0.056511264	-0.07963333	0.06722116	-0.07600623	0.0641704	-0.07501335	0.09603864	-0.068581164	0.07244514	-0.08234054	0.11129339	-0.10612323	0.13883033	-0.10327662	0.09529773	-0.1353319	0.15022968	-0.15732647	0.07915893	-0.08667476	0.19039667	-0.28091934	0.19762395	-0.07101117	0.06619371	-0.12230807	0.9999991	-0.8787847	0.07787622	-0.07789403	0.092092484	-0.08573682	0.0937328
0.08395593	-0.04889018	0.059095263	-0.08288407	0.13230951	-0.055120878	0.058581214	-0.05437786	0.07739909	-0.06892719	0.071778975	-0.062231597	0.07212214	-0.09589687	0.06891976	-0.07024807	0.078965455	-0.11165621	0.1037853	-0.15293688	0.09779935	-0.093217455	0.12596321	-0.14835243	0.16100138	-0.07848896	0.08401052	-0.20451005	0.20853132	-0.27259657	0.06858064	-0.064496465	0.10440646	-0.8787847	0.9999989	-0.077947415	0.07445289	-0.0898128	0.08179274	-0.10207337
-0.070686705	0.04045466	-0.047275227	0.061522573	-0.093164116	0.04844673	-0.04812789	0.043485064	-0.05595282	0.04491969	-0.06337552	0.053747285	-0.059949167	0.07084965	-0.043074083	0.0684552	-0.07468669	0.089706905	-0.07324723	0.08667622	-0.15846929	0.13043292	-0.118009664	0.09733078	-0.065608	0.20047447	-0.22327195	0.1500666	-0.10887096	0.08080723	-0.6363652	0.32128015	-0.20341635	0.07787622	-0.077947415	0.9999988	-0.6144774	0.16441181	-0.086670615	0.09170352
0.06274804	-0.036623687	0.04264878	-0.057341017	0.08299266	-0.044129908	0.043476183	-0.03979896	0.05196916	-0.042395614	0.057011824	-0.050059862	0.055160776	-0.067376874	0.040376186	-0.06446338	0.06923171	-0.08614663	0.06957004	-0.08384778	0.14116706	-0.13395976	0.10934154	-0.095912665	0.062809244	-0.21603777	0.21799311	-0.15990925	0.10361176	-0.07902921	0.3204231	-0.59258676	0.2095902	-0.07789403	0.07445289	-0.6144774	0.99999833	-0.25941542	0.101324484	-0.114491105
-0.03728737	0.021489661	-0.02537506	0.03388357	-0.052304838	0.02527624	-0.025611201	0.023359714	-0.0310216	0.025485056	-0.03292313	0.02820901	-0.03178825	0.03898785	-0.024762224	0.034685597	-0.0380487	0.048218407	-0.04087317	0.050515726	-0.06787567	0.061165605	-0.061278954	0.055482756	-0.042404838	0.08244706	-0.09068121	0.09296796	-0.07077301	0.05335368	-0.123530515	0.14957191	-0.8440887	0.092092484	-0.0898128	0.16441181	-0.25941542	0.9999983	-0.33568034	0.24393459
0.026327247	-0.015166038	0.018011298	-0.024243152	0.037989274	-0.017651364	0.018089155	-0.01654801	0.022196526	-0.018519554	0.022973843	-0.019620249	0.022259	-0.027650781	0.018071081	-0.023607627	0.025987932	-0.03370427	0.028948138	-0.037196252	0.04215451	-0.038056977	0.04093162	-0.038802747	0.032262277	-0.046621174	0.050027065	-0.06186323	0.050133567	-0.041888904	0.06437784	-0.07115552	0.23756546	-0.08573682	0.08179274	-0.086670615	0.101324484	-0.33568034	0.99999815	-0.9010376
-0.03126242	0.017930752	-0.021322206	0.02848966	-0.04529029	0.02082975	-0.02140011	0.019517915	-0.026131866	0.021692269	-0.027183948	0.02303708	-0.026214886	0.032317504	-0.021247387	0.0276333	-0.030537322	0.03926796	-0.03388881	0.043242913	-0.04934441	0.0438727	-0.04816144	0.045033842	-0.03807916	0.05272941	-0.05784037	0.07059071	-0.058796052	0.048768423	-0.07438619	0.07826318	-0.3138975	0.0937328	-0.10207337	0.09170352	-0.114491105	0.24393459	-0.9010376	0.99999815
