1.0	-0.48119256	0.21418472	-0.061165813	0.067504644	-0.7558836	0.27136543	-0.15913634	0.12669809	-0.13344915	0.19763519	-0.19796874	0.14064342	-0.093432926	0.11299496	-0.14250644	0.15344791	-0.11292212	0.083289735	-0.06904424	0.10785166	-0.13674767	0.10954954	-0.13013616	0.08775368	-0.09062444	0.09857437	-0.12263682	0.02366966	-0.025096104	0.092422836	-0.12142267	0.089168176	-0.12232054	0.051205616	-0.08272576	0.083281346	-0.044616837	0.044782035	-0.07299346
-0.48119256	1.0000001	-0.58297193	0.12955047	-0.14868398	0.27693087	-0.427713	0.25618282	-0.2151311	0.19785787	-0.19763097	0.19801229	-0.21545339	0.1341861	-0.17371434	0.1497406	-0.21025598	0.15907346	-0.12142795	0.10205481	-0.12859923	0.1653537	-0.15277945	0.1771833	-0.13186757	0.11067001	-0.124510795	0.15766476	-0.030887628	0.032627486	-0.11775222	0.15201482	-0.11404583	0.15347828	-0.06449051	0.104100004	-0.10849838	0.05704884	-0.05761051	0.09148635
0.21418472	-0.58297193	1.0000001	-0.2269769	0.1836632	-0.21683136	0.29585817	-0.47756046	0.25562984	-0.2817934	0.1714483	-0.2032022	0.24025895	-0.164226	0.19218093	-0.1595629	0.21225624	-0.19199981	0.1412189	-0.11784555	0.1351413	-0.19298671	0.17600249	-0.2206609	0.14532298	-0.12675996	0.14331007	-0.19408634	0.038378406	-0.040769283	0.13237785	-0.18708527	0.13933386	-0.19635959	0.0821236	-0.123254865	0.12396839	-0.069543496	0.06950382	-0.11768439
-0.061165813	0.12955047	-0.2269769	1.0	-0.94480777	0.061405737	-0.09675201	0.11792001	-0.14025417	0.12682045	-0.05399547	0.06362439	-0.08061279	0.05973699	-0.07566552	0.050711885	-0.07095256	0.063070364	-0.050819043	0.043730613	-0.043613274	0.06231191	-0.05946698	0.075198084	-0.053730994	0.041016564	-0.046707578	0.06337579	-0.012727925	0.01349674	-0.043151308	0.060547445	-0.04540961	0.06347093	-0.026582947	0.03996656	-0.040545102	0.02262646	-0.022658428	0.038014684
0.067504644	-0.14868398	0.1836632	-0.94480777	1.0	-0.069009975	0.10352484	-0.12421779	0.13197605	-0.14851925	0.060256504	-0.071293466	0.08623732	-0.06648752	0.08309939	-0.057437986	0.078873396	-0.06975779	0.056143038	-0.048605163	0.04930762	-0.07096337	0.06643139	-0.08523892	0.059329905	-0.046702728	0.05309896	-0.07230387	0.014554542	-0.015450722	0.049043614	-0.06949793	0.051962618	-0.07321945	0.030649696	-0.045723286	0.046169054	-0.025932003	0.025933782	-0.04390633
-0.7558836	0.27693087	-0.21683136	0.061405737	-0.069009975	0.9999999	-0.42314512	0.16553274	-0.13256188	0.13158564	-0.30127516	0.2115082	-0.14980026	0.0940419	-0.11536823	0.15105943	-0.16470908	0.11593131	-0.08481016	0.06994074	-0.11761973	0.13705686	-0.11144534	0.12890092	-0.08946828	0.09214679	-0.10004313	0.12112953	-0.02314051	0.024485858	-0.09475338	0.11916604	-0.087903604	0.1181808	-0.049544442	0.08225878	-0.08394402	0.043927632	-0.04425598	0.070323326
0.27136543	-0.427713	0.29585817	-0.09675201	0.10352484	-0.42314512	1.0000001	-0.4106614	0.24375017	-0.27459285	0.24128073	-0.31947425	0.2568848	-0.17763157	0.2059237	-0.21043403	0.25534186	-0.21101591	0.15438354	-0.12799051	0.17075527	-0.23773435	0.20010549	-0.2485425	0.15925625	-0.15605721	0.17349346	-0.22922103	0.045128122	-0.04799432	0.16079499	-0.22582935	0.16633898	-0.23570186	0.09850696	-0.14965805	0.14896764	-0.08328544	0.08313987	-0.14136466
-0.15913634	0.25618282	-0.47756046	0.11792001	-0.12421779	0.16553274	-0.4106614	0.99999994	-0.5140334	0.2784629	-0.15523984	0.19025528	-0.43552032	0.16709433	-0.19935963	0.13787308	-0.20928444	0.21612906	-0.14986387	0.11827929	-0.118285894	0.16598123	-0.1794111	0.20306034	-0.14658555	0.108456835	-0.12463815	0.16953555	-0.032671724	0.034515142	-0.1138914	0.15503675	-0.11823039	0.15923417	-0.06671791	0.10286864	-0.105515495	0.058099158	-0.058399122	0.09470672
0.12669809	-0.2151311	0.25562984	-0.14025417	0.13197605	-0.13256188	0.24375017	-0.5140334	1.0	-0.66674924	0.13327819	-0.16370428	0.23437288	-0.21631192	0.2438661	-0.12872711	0.1882663	-0.18772024	0.16330853	-0.14009808	0.11175342	-0.1619481	0.16706158	-0.22193097	0.16215421	-0.106126435	0.122142196	-0.16975233	0.034319565	-0.036336496	0.11169186	-0.15673512	0.11906323	-0.1641805	0.0687753	-0.102859296	0.10494025	-0.058846835	0.058986116	-0.09802588
-0.13344915	0.19785787	-0.2817934	0.12682045	-0.14851925	0.13158564	-0.27459285	0.2784629	-0.66674924	0.9999999	-0.13740619	0.1600649	-0.23949914	0.20898333	-0.44702885	0.12742454	-0.20377639	0.18175913	-0.18183787	0.1843458	-0.11291375	0.15872596	-0.17498489	0.2228772	-0.22712602	0.10499927	-0.12190884	0.16519834	-0.035241954	0.03705257	-0.11238025	0.15139481	-0.1165247	0.15613587	-0.065722525	0.10111178	-0.105771005	0.057508837	-0.05805912	0.092976324
0.19763519	-0.19763097	0.1714483	-0.05399547	0.060256504	-0.30127516	0.24128073	-0.15523984	0.13327819	-0.13740619	0.9999999	-0.68672156	0.19712085	-0.117261365	0.13747369	-0.44934052	0.26209977	-0.16006398	0.10758031	-0.08592389	0.22988991	-0.23253231	0.15076137	-0.16572179	0.1102409	-0.15742044	0.15731977	-0.17026299	0.030334374	-0.03203298	0.14852674	-0.17086825	0.122721866	-0.15747742	0.065851346	-0.122486115	0.12187775	-0.060883798	0.061459858	-0.09261159
-0.19796874	0.19801229	-0.2032022	0.06362439	-0.071293466	0.2115082	-0.31947425	0.19025528	-0.16370428	0.1600649	-0.68672156	0.9999998	-0.30556336	0.13938423	-0.16470158	0.2610293	-0.4090539	0.20393664	-0.1316462	0.10238601	-0.22028534	0.22180578	-0.18073405	0.18880333	-0.1318354	0.14960553	-0.16198237	0.18165033	-0.032668922	0.034397677	-0.15502603	0.17428544	-0.12964664	0.16392007	-0.068830505	0.12430214	-0.13005286	0.06421835	-0.065237775	0.0964396
0.14064342	-0.21545339	0.24025895	-0.08061279	0.08623732	-0.14980026	0.2568848	-0.43552032	0.23437288	-0.23949914	0.19712085	-0.30556336	0.9999998	-0.2406694	0.21752097	-0.185093	0.2834638	-0.58166236	0.21610147	-0.15046464	0.15601517	-0.22865231	0.26886463	-0.29792267	0.17746828	-0.14510033	0.16836822	-0.24621713	0.04274271	-0.0451201	0.14938541	-0.20572062	0.15907095	-0.20851754	0.08684026	-0.13398258	0.13666545	-0.07660363	0.07677718	-0.12262629
-0.093432926	0.1341861	-0.164226	0.05973699	-0.06648752	0.0940419	-0.17763157	0.16709433	-0.21631192	0.20898333	-0.117261365	0.13938423	-0.2406694	0.99999946	-0.41696367	0.114256546	-0.2133582	0.2382991	-0.7371107	0.2573219	-0.103352144	0.1480707	-0.21340843	0.26083863	-0.2872458	0.09707622	-0.11625244	0.16221346	-0.03531757	0.03679695	-0.10448256	0.13819343	-0.11051374	0.14054751	-0.05937766	0.0918448	-0.09766361	0.053147025	-0.053963404	0.08299817
0.11299496	-0.17371434	0.19218093	-0.07566552	0.08309939	-0.11536823	0.2059237	-0.19935963	0.2438661	-0.44702885	0.13747369	-0.16470158	0.21752097	-0.41696367	0.99999946	-0.1432241	0.21651797	-0.22066621	0.27707034	-0.47735423	0.12845074	-0.1926943	0.21764182	-0.36001092	0.30240816	-0.12680922	0.14849043	-0.2163034	0.048294704	-0.051387433	0.13428652	-0.19340126	0.14921121	-0.206972	0.086770885	-0.124565035	0.12747665	-0.07327755	0.07336321	-0.12357386
-0.14250644	0.1497406	-0.1595629	0.050711885	-0.057437986	0.15105943	-0.21043403	0.13787308	-0.12872711	0.12742454	-0.44934052	0.2610293	-0.185093	0.114256546	-0.1432241	0.9999994	-0.33481464	0.15686701	-0.10847953	0.08738088	-0.66783136	0.2707958	-0.16073243	0.1613125	-0.1152413	0.22593231	-0.21375771	0.18048915	-0.030340819	0.031818233	-0.22122185	0.18442427	-0.1333002	0.15548737	-0.065489896	0.1438773	-0.15138377	0.066235624	-0.06802198	0.09022631
0.15344791	-0.21025598	0.21225624	-0.07095256	0.078873396	-0.16470908	0.25534186	-0.20928444	0.1882663	-0.20377639	0.26209977	-0.4090539	0.2834638	-0.2133582	0.21651797	-0.33481464	0.99999934	-0.39330992	0.19345252	-0.1453707	0.24816562	-0.43534815	0.26680166	-0.30148497	0.17955624	-0.21696895	0.2456228	-0.29626307	0.05094207	-0.053888716	0.21058717	-0.27842894	0.20243295	-0.26360098	0.10974031	-0.18579769	0.18372647	-0.09867335	0.09889519	-0.15484856
-0.11292212	0.15907346	-0.19199981	0.063070364	-0.06975779	0.11593131	-0.21101591	0.21612906	-0.18772024	0.18175913	-0.16006398	0.20393664	-0.58166236	0.2382991	-0.22066621	0.15686701	-0.39330992	0.99999946	-0.33814374	0.15957086	-0.1388237	0.20447029	-0.47998273	0.2853396	-0.19190606	0.12802942	-0.15732738	0.23155577	-0.03785379	0.039551206	-0.13448608	0.1757644	-0.14546645	0.17307937	-0.07259227	0.11530827	-0.12174863	0.0669276	-0.0678892	0.100676075
0.083289735	-0.12142795	0.1412189	-0.050819043	0.056143038	-0.08481016	0.15438354	-0.14986387	0.16330853	-0.18183787	0.10758031	-0.1316462	0.21610147	-0.7371107	0.27707034	-0.10847953	0.19345252	-0.33814374	0.9999993	-0.34654242	0.09744121	-0.1438045	0.2146975	-0.33475718	0.2543013	-0.09312466	0.11176918	-0.16383149	0.03450515	-0.036134887	0.09901115	-0.13416435	0.107494086	-0.13728294	0.057741534	-0.08771199	0.092255734	-0.051292934	0.051846616	-0.08082454
-0.06904424	0.10205481	-0.11784555	0.043730613	-0.048605163	0.06994074	-0.12799051	0.11827929	-0.14009808	0.1843458	-0.08592389	0.10238601	-0.15046464	0.2573219	-0.47735423	0.08738088	-0.1453707	0.15957086	-0.34654242	0.9999994	-0.079069495	0.116452806	-0.155488	0.24269435	-0.73649734	0.07664788	-0.09116411	0.13150133	-0.03704877	0.038703743	-0.08195241	0.11343079	-0.08977891	0.119232185	-0.050437395	0.073934466	-0.07733585	0.043468446	-0.043865472	0.07080089
0.10785166	-0.12859923	0.1351413	-0.043613274	0.04930762	-0.11761973	0.17075527	-0.118285894	0.11175342	-0.11291375	0.22988991	-0.22028534	0.15601517	-0.103352144	0.12845074	-0.66783136	0.24816562	-0.1388237	0.09744121	-0.079069495	0.99999964	-0.43794405	0.15357286	-0.15317787	0.10431343	-0.3991384	0.25260514	-0.19625096	0.030470587	-0.03198866	0.23441507	-0.20683162	0.14102685	-0.1619607	0.06757222	-0.16360806	0.15427901	-0.068819396	0.06999133	-0.09290395
-0.13674767	0.1653537	-0.19298671	0.06231191	-0.07096337	0.13705686	-0.23773435	0.16598123	-0.1619481	0.15872596	-0.23253231	0.22180578	-0.22865231	0.1480707	-0.1926943	0.2707958	-0.43534815	0.20447029	-0.1438045	0.116452806	-0.43794405	0.99999976	-0.24921076	0.21406557	-0.15648839	0.28203472	-0.52839583	0.26680413	-0.04032262	0.041988596	-0.28240487	0.25516456	-0.19341834	0.20322311	-0.08632127	0.18676314	-0.20597212	0.091015875	-0.0946444	0.116449945
0.10954954	-0.15277945	0.17600249	-0.05946698	0.06643139	-0.11144534	0.20010549	-0.1794111	0.16706158	-0.17498489	0.15076137	-0.18073405	0.26886463	-0.21340843	0.21764182	-0.16073243	0.26680166	-0.47998273	0.2146975	-0.155488	0.15357286	-0.24921076	0.9999998	-0.5456327	0.19789793	-0.15671805	0.20527583	-0.47031528	0.04837259	-0.050289467	0.16244394	-0.22404541	0.20164503	-0.22035351	0.090497494	-0.13697991	0.1473487	-0.086483724	0.086915575	-0.12342464
-0.13013616	0.1771833	-0.2206609	0.075198084	-0.08523892	0.12890092	-0.2485425	0.20306034	-0.22193097	0.2228772	-0.16572179	0.18880333	-0.29792267	0.26083863	-0.36001092	0.1613125	-0.30148497	0.2853396	-0.33475718	0.24269435	-0.15317787	0.21406557	-0.5456327	0.99999976	-0.39057884	0.14499561	-0.18292135	0.25798154	-0.061248533	0.060834147	-0.16135804	0.20059906	-0.17347449	0.19777359	-0.08475929	0.13547125	-0.15119119	0.07996844	-0.08257964	0.11543163
0.08775368	-0.13186757	0.14532298	-0.053730994	0.059329905	-0.08946828	0.15925625	-0.14658555	0.16215421	-0.22712602	0.1102409	-0.1318354	0.17746828	-0.2872458	0.30240816	-0.1152413	0.17955624	-0.19190606	0.2543013	-0.73649734	0.10431343	-0.15648839	0.19789793	-0.39057884	0.99999964	-0.10303735	0.12210395	-0.18071006	0.05283226	-0.057281584	0.109560244	-0.15581757	0.12258187	-0.16667852	0.07032619	-0.100286014	0.10381491	-0.059529584	0.059819162	-0.099128924
-0.09062444	0.11067001	-0.12675996	0.041016564	-0.046702728	0.09214679	-0.15605721	0.108456835	-0.106126435	0.10499927	-0.15742044	0.14960553	-0.14510033	0.09707622	-0.12680922	0.22593231	-0.21696895	0.12802942	-0.09312466	0.07664788	-0.3991384	0.28203472	-0.15671805	0.14499561	-0.10303735	0.99999946	-0.5185617	0.2196547	-0.030840812	0.032134417	-0.60853785	0.2432608	-0.16500507	0.1649041	-0.0692949	0.214315	-0.20911182	0.07888853	-0.08151362	0.09268551
0.09857437	-0.124510795	0.14331007	-0.046707578	0.05309896	-0.10004313	0.17349346	-0.12463815	0.122142196	-0.12190884	0.15731977	-0.16198237	0.16836822	-0.11625244	0.14849043	-0.21375771	0.2456228	-0.15732738	0.11176918	-0.09116411	0.25260514	-0.52839583	0.20527583	-0.18292135	0.12210395	-0.5185617	0.9999998	-0.41793916	0.038588878	-0.040163606	0.28392705	-0.35683832	0.22164479	-0.21055312	0.086630225	-0.20081997	0.19515452	-0.093996085	0.095342815	-0.11498045
-0.12263682	0.15766476	-0.19408634	0.06337579	-0.07230387	0.12112953	-0.22922103	0.16953555	-0.16975233	0.16519834	-0.17026299	0.18165033	-0.24621713	0.16221346	-0.2163034	0.18048915	-0.29626307	0.23155577	-0.16383149	0.13150133	-0.19625096	0.26680413	-0.47031528	0.25798154	-0.18071006	0.2196547	-0.41793916	0.9999998	-0.053034328	0.053664062	-0.24591768	0.29777288	-0.46414745	0.26426387	-0.11342491	0.17928196	-0.2139787	0.12843621	-0.13558613	0.14001003
0.02366966	-0.030887628	0.038378406	-0.012727925	0.014554542	-0.02314051	0.045128122	-0.032671724	0.034319565	-0.035241954	0.030334374	-0.032668922	0.04274271	-0.03531757	0.048294704	-0.030340819	0.05094207	-0.03785379	0.03450515	-0.03704877	0.030470587	-0.04032262	0.04837259	-0.061248533	0.05283226	-0.030840812	0.038588878	-0.053034328	0.9999999	-0.9837404	0.0377406	-0.051504057	0.060700815	-0.11408432	0.06729432	-0.032041132	0.04068652	-0.027197238	0.030298932	-0.06794144
-0.025096104	0.032627486	-0.040769283	0.01349674	-0.015450722	0.024485858	-0.04799432	0.034515142	-0.036336496	0.03705257	-0.03203298	0.034397677	-0.0451201	0.03679695	-0.051387433	0.031818233	-0.053888716	0.039551206	-0.036134887	0.038703743	-0.03198866	0.041988596	-0.050289467	0.060834147	-0.057281584	0.032134417	-0.040163606	0.053664062	-0.9837404	0.99999976	-0.039587997	0.052382503	-0.062334724	0.1026094	-0.070546605	0.03347677	-0.042914096	0.027796881	-0.031338166	0.06606412
0.092422836	-0.11775222	0.13237785	-0.043151308	0.049043614	-0.09475338	0.16079499	-0.1138914	0.11169186	-0.11238025	0.14852674	-0.15502603	0.14938541	-0.10448256	0.13428652	-0.22122185	0.21058717	-0.13448608	0.09901115	-0.08195241	0.23441507	-0.28240487	0.16244394	-0.16135804	0.109560244	-0.60853785	0.28392705	-0.24591768	0.0377406	-0.039587997	0.99999946	-0.37426317	0.19873264	-0.214535	0.08823675	-0.4492453	0.2711889	-0.10034325	0.100727156	-0.11980883
-0.12142267	0.15201482	-0.18708527	0.060547445	-0.06949793	0.11916604	-0.22582935	0.15503675	-0.15673512	0.15139481	-0.17086825	0.17428544	-0.20572062	0.13819343	-0.19340126	0.18442427	-0.27842894	0.1757644	-0.13416435	0.11343079	-0.20683162	0.25516456	-0.22404541	0.20059906	-0.15581757	0.2432608	-0.35683832	0.29777288	-0.051504057	0.052382503	-0.37426317	0.999999	-0.5427924	0.28311005	-0.124372646	0.24739909	-0.36163434	0.15673546	-0.1683308	0.14890267
0.089168176	-0.11404583	0.13933386	-0.04540961	0.051962618	-0.087903604	0.16633898	-0.11823039	0.11906323	-0.1165247	0.122721866	-0.12964664	0.15907095	-0.11051374	0.14921121	-0.1333002	0.20243295	-0.14546645	0.107494086	-0.08977891	0.14102685	-0.19341834	0.20164503	-0.17347449	0.12258187	-0.16500507	0.22164479	-0.46414745	0.060700815	-0.062334724	0.19873264	-0.5427924	0.9999989	-0.5298434	0.16015276	-0.16437505	0.20297	-0.22368287	0.1871066	-0.19346423
-0.12232054	0.15347828	-0.19635959	0.06347093	-0.07321945	0.1181808	-0.23570186	0.15923417	-0.1641805	0.15613587	-0.15747742	0.16392007	-0.20851754	0.14054751	-0.206972	0.15548737	-0.26360098	0.17307937	-0.13728294	0.119232185	-0.1619607	0.20322311	-0.22035351	0.19777359	-0.16667852	0.1649041	-0.21055312	0.26426387	-0.11408432	0.1026094	-0.214535	0.28311005	-0.5298434	0.9999985	-0.39946485	0.17715481	-0.24239376	0.1769786	-0.21777633	0.27049395
0.051205616	-0.06449051	0.0821236	-0.026582947	0.030649696	-0.049544442	0.09850696	-0.06671791	0.0687753	-0.065722525	0.065851346	-0.068830505	0.08684026	-0.05937766	0.086770885	-0.065489896	0.10974031	-0.07259227	0.057741534	-0.050437395	0.06757222	-0.08632127	0.090497494	-0.08475929	0.07032619	-0.0692949	0.086630225	-0.11342491	0.06729432	-0.070546605	0.08823675	-0.124372646	0.16015276	-0.39946485	0.99999833	-0.07470562	0.09936376	-0.07441687	0.08397585	-0.8651605
-0.08272576	0.104100004	-0.123254865	0.03996656	-0.045723286	0.08225878	-0.14965805	0.10286864	-0.102859296	0.10111178	-0.122486115	0.12430214	-0.13398258	0.0918448	-0.124565035	0.1438773	-0.18579769	0.11530827	-0.08771199	0.073934466	-0.16360806	0.18676314	-0.13697991	0.13547125	-0.100286014	0.214315	-0.20081997	0.17928196	-0.032041132	0.03347677	-0.4492453	0.24739909	-0.16437505	0.17715481	-0.07470562	0.99999845	-0.7667429	0.12869559	-0.13496	0.10039995
0.083281346	-0.10849838	0.12396839	-0.040545102	0.046169054	-0.08394402	0.14896764	-0.105515495	0.10494025	-0.105771005	0.12187775	-0.13005286	0.13666545	-0.09766361	0.12747665	-0.15138377	0.18372647	-0.12174863	0.092255734	-0.07733585	0.15427901	-0.20597212	0.1473487	-0.15119119	0.10381491	-0.20911182	0.19515452	-0.2139787	0.04068652	-0.042914096	0.2711889	-0.36163434	0.20297	-0.24239376	0.09936376	-0.7667429	0.99999845	-0.18945235	0.15861613	-0.13689956
-0.044616837	0.05704884	-0.069543496	0.02262646	-0.025932003	0.043927632	-0.08328544	0.058099158	-0.058846835	0.057508837	-0.060883798	0.06421835	-0.07660363	0.053147025	-0.07327755	0.066235624	-0.09867335	0.0669276	-0.051292934	0.043468446	-0.068819396	0.091015875	-0.086483724	0.07996844	-0.059529584	0.07888853	-0.093996085	0.12843621	-0.027197238	0.027796881	-0.10034325	0.15673546	-0.22368287	0.1769786	-0.07441687	0.12869559	-0.18945235	0.99999857	-0.92436093	0.08951613
0.044782035	-0.05761051	0.06950382	-0.022658428	0.025933782	-0.04425598	0.08313987	-0.058399122	0.058986116	-0.05805912	0.061459858	-0.065237775	0.07677718	-0.053963404	0.07336321	-0.06802198	0.09889519	-0.0678892	0.051846616	-0.043865472	0.06999133	-0.0946444	0.086915575	-0.08257964	0.059819162	-0.08151362	0.095342815	-0.13558613	0.030298932	-0.031338166	0.100727156	-0.1683308	0.1871066	-0.21777633	0.08397585	-0.13496	0.15861613	-0.92436093	0.9999985	-0.10642869
-0.07299346	0.09148635	-0.11768439	0.038014684	-0.04390633	0.070323326	-0.14136466	0.09470672	-0.09802588	0.092976324	-0.09261159	0.0964396	-0.12262629	0.08299817	-0.12357386	0.09022631	-0.15484856	0.100676075	-0.08082454	0.07080089	-0.09290395	0.116449945	-0.12342464	0.11543163	-0.099128924	0.09268551	-0.11498045	0.14001003	-0.06794144	0.06606412	-0.11980883	0.14890267	-0.19346423	0.27049395	-0.8651605	0.10039995	-0.13689956	0.08951613	-0.10642869	0.9999985
