1.0000001	-0.10102918	0.08318153	-0.048141707	0.034994174	-0.93911326	0.062620714	-0.05113512	0.04499381	-0.042673297	0.20356473	-0.055161975	0.059317462	-0.067397736	0.06680225	-0.12772241	0.08503855	-0.08834514	0.07063465	-0.08743127	0.08591166	-0.057685852	0.055703063	-0.091682404	0.059881743	-0.07018005	0.058085814	-0.073189914	0.06321696	-0.086373605	0.04615423	-0.06338757	0.04880839	-0.06352238	0.056296818	-0.04419313	0.040801495	-0.056950305	0.04610283	-0.056794472
-0.10102918	1.0	-0.934187	0.12784292	-0.08690115	0.08096143	-0.12739164	0.123861134	-0.11728678	0.09261266	-0.1631971	0.097472414	-0.13897158	0.10869856	-0.12321227	0.10223855	-0.11566106	0.11061119	-0.09826754	0.093295306	-0.09092527	0.056609437	-0.057395004	0.0934225	-0.063964285	0.062439848	-0.055801757	0.06861197	-0.0640709	0.08437276	-0.04272512	0.057253253	-0.046485327	0.061583173	-0.0565854	0.03975906	-0.038145963	0.051549897	-0.045219064	0.05422732
0.08318153	-0.934187	0.9999999	-0.15353319	0.09090909	-0.074260995	0.112129875	-0.13898422	0.12031864	-0.10211004	0.14084096	-0.0940983	0.13230343	-0.11352658	0.12047206	-0.100397944	0.109212995	-0.11392839	0.09892164	-0.09974239	0.08868245	-0.057437945	0.0580424	-0.0989596	0.06752625	-0.064730175	0.057432264	-0.07147855	0.06696926	-0.090637505	0.044085544	-0.059518512	0.048143286	-0.065433055	0.05978418	-0.04133997	0.03942441	-0.053975765	0.047706377	-0.05780635
-0.048141707	0.12784292	-0.15353319	0.99999976	-0.52858216	0.040662754	-0.15702586	0.25365227	-0.62240756	0.2943379	-0.1358156	0.12510455	-0.2809645	0.20616062	-0.26800275	0.104219705	-0.13959225	0.14832011	-0.15071248	0.11972975	-0.095934935	0.06071179	-0.06295102	0.110739104	-0.080748394	0.06354616	-0.05958211	0.07343974	-0.074004225	0.09701874	-0.044250045	0.05893402	-0.049089238	0.069156766	-0.06554548	0.040540557	-0.03962874	0.05314603	-0.050805375	0.06005385
0.034994174	-0.08690115	0.09090909	-0.52858216	0.99999964	-0.029534256	0.09895304	-0.16877453	0.25061965	-0.74069136	0.100580685	-0.08285172	0.16403656	-0.18354703	0.22928469	-0.07968243	0.100543275	-0.11662025	0.11771701	-0.107102424	0.07415591	-0.048288144	0.05016553	-0.09440666	0.0692738	-0.05123261	0.04812546	-0.060129955	0.061533224	-0.08444988	0.035661895	-0.047751307	0.039893825	-0.058706507	0.055439916	-0.03280296	0.032021806	-0.04344997	0.042663097	-0.051067393
-0.93911326	0.08096143	-0.074260995	0.040662754	-0.029534256	0.99999964	-0.057684083	0.043694925	-0.038255967	0.03583499	-0.2620872	0.04929608	-0.051004816	0.05617105	-0.05593621	0.10953833	-0.073798284	0.073666796	-0.05889517	0.07123881	-0.07358181	0.047924563	-0.046328135	0.07487633	-0.048889656	0.05749322	-0.04779131	0.059937168	-0.051757194	0.0701327	-0.037884742	0.05184808	-0.039961018	0.05171481	-0.045897156	0.036109865	-0.03343032	0.046415817	-0.037586067	0.04616023
0.062620714	-0.12739164	0.112129875	-0.15702586	0.09895304	-0.057684083	0.9999996	-0.26411507	0.15207249	-0.12489186	0.15999623	-0.83408785	0.2533277	-0.17062701	0.15026394	-0.17706817	0.2351723	-0.21976948	0.14980909	-0.13503525	0.12557018	-0.08357382	0.08176396	-0.1369615	0.090856485	-0.08673532	0.078054875	-0.09693888	0.0907061	-0.119202964	0.058817513	-0.079365514	0.063205026	-0.08675525	0.07910016	-0.054290067	0.051931094	-0.070152275	0.06293798	-0.07561656
-0.05113512	0.123861134	-0.13898422	0.25365227	-0.16877453	0.043694925	-0.26411507	0.9999997	-0.5311885	0.18082651	-0.14338285	0.2048443	-0.67052037	0.21329542	-0.21138862	0.11933474	-0.1707103	0.18316685	-0.16373317	0.120723	-0.10397619	0.0661863	-0.06791908	0.11678362	-0.08199085	0.06845772	-0.06380911	0.07856789	-0.07791511	0.10048757	-0.047426138	0.06325519	-0.05211525	0.072542004	-0.068042524	0.043420993	-0.04228079	0.05661086	-0.053198762	0.06289525
0.04499381	-0.11728678	0.12031864	-0.62240756	0.25061965	-0.038255967	0.15207249	-0.5311885	1.0	-0.3137951	0.12740527	-0.13273467	0.27745348	-0.26983938	0.22561789	-0.10475405	0.136103	-0.16160046	0.15737578	-0.123644955	0.09413535	-0.06108534	0.06307935	-0.115811266	0.08201734	-0.06432004	0.060138352	-0.07486627	0.07568551	-0.100549966	0.044629905	-0.059739005	0.04952715	-0.071315214	0.06696008	-0.04100881	0.03994369	-0.05396443	0.0519616	-0.06187065
-0.042673297	0.09261266	-0.10211004	0.2943379	-0.74069136	0.03583499	-0.12489186	0.18082651	-0.3137951	1.0	-0.12444717	0.10108865	-0.2101483	0.21090591	-0.41035944	0.09522432	-0.12382905	0.13627322	-0.14430086	0.12620343	-0.0895467	0.057278957	-0.059738323	0.10935854	-0.0831886	0.060187235	-0.056834135	0.07045193	-0.07235515	0.09742269	-0.042038415	0.05604684	-0.04701863	0.068077534	-0.06505759	0.03852522	-0.037748907	0.05085466	-0.049862538	0.059124544
0.20356473	-0.1631971	0.14084096	-0.1358156	0.100580685	-0.2620872	0.15999623	-0.14338285	0.12740527	-0.12444717	0.9999997	-0.15035471	0.16888542	-0.20599887	0.20169082	-0.51646936	0.27260283	-0.28191665	0.22105642	-0.27865812	0.28571156	-0.19023375	0.18134189	-0.2946818	0.19121583	-0.2311603	0.18950671	-0.23884714	0.20373583	-0.27734202	0.15104745	-0.20762575	0.15843514	-0.2047542	0.18082534	-0.14450644	0.1329514	-0.1853983	0.14853026	-0.18304686
-0.055161975	0.097472414	-0.0940983	0.12510455	-0.08285172	0.04929608	-0.83408785	0.2048443	-0.13273467	0.10108865	-0.15035471	0.9999999	-0.32970122	0.14626049	-0.13217336	0.15690044	-0.31613806	0.19454028	-0.13528502	0.11114843	-0.11344428	0.073700905	-0.07217243	0.1137158	-0.075671315	0.07330492	-0.06684077	0.08186479	-0.07632491	0.09767858	-0.049932335	0.06693239	-0.053359363	0.07178448	-0.06574541	0.045691453	-0.043929074	0.05868827	-0.052373543	0.062363114
0.059317462	-0.13897158	0.13230343	-0.2809645	0.16403656	-0.051004816	0.2533277	-0.67052037	0.27745348	-0.2101483	0.16888542	-0.32970122	0.9999999	-0.31372976	0.22653733	-0.1534811	0.21047851	-0.2899528	0.20694886	-0.15637341	0.12858835	-0.084192686	0.08578368	-0.15287332	0.10463132	-0.08751543	0.08115178	-0.10093667	0.09989476	-0.13074912	0.060343903	-0.08092968	0.06624992	-0.093941554	0.087305576	-0.055436797	0.053742364	-0.07248598	0.068352215	-0.0814235
-0.067397736	0.10869856	-0.11352658	0.20616062	-0.18354703	0.05617105	-0.17062701	0.21329542	-0.26983938	0.21090591	-0.20599887	0.14626049	-0.31372976	0.9999996	-0.595444	0.15802099	-0.21988429	0.2623138	-0.5286024	0.21437284	-0.15280887	0.09769102	-0.10395185	0.20001015	-0.1468974	0.09979788	-0.09709429	0.11997951	-0.13101323	0.16103314	-0.07040187	0.09336337	-0.079174615	0.115451075	-0.111827455	0.06384913	-0.06319019	0.08430317	-0.08526731	0.09854691
0.06680225	-0.12321227	0.12047206	-0.26800275	0.22928469	-0.05593621	0.15026394	-0.21138862	0.22561789	-0.41035944	0.20169082	-0.13217336	0.22653733	-0.595444	0.99999934	-0.16311768	0.19491108	-0.25194687	0.2757695	-0.31739286	0.15732376	-0.10591087	0.11119148	-0.23180622	0.18115531	-0.11293606	0.10774301	-0.13687848	0.14586298	-0.21370885	0.07899077	-0.106207944	0.08976224	-0.14139053	0.1349506	-0.07269037	0.071225986	-0.09781459	0.10156545	-0.122802384
-0.12772241	0.10223855	-0.100397944	0.104219705	-0.07968243	0.10953833	-0.17706817	0.11933474	-0.10475405	0.09522432	-0.51646936	0.15690044	-0.1534811	0.15802099	-0.16311768	0.9999991	-0.498476	0.24378437	-0.18966624	0.17316785	-0.5289619	0.19006127	-0.18188873	0.19728391	-0.12466724	0.17841154	-0.15611419	0.1781743	-0.14573087	0.1667164	-0.120072834	0.15276131	-0.11638724	0.13160193	-0.11799317	0.10396941	-0.10023893	0.12557885	-0.09805894	0.11396171
0.08503855	-0.11566106	0.109212995	-0.13959225	0.100543275	-0.073798284	0.2351723	-0.1707103	0.136103	-0.12382905	0.27260283	-0.31613806	0.21047851	-0.21988429	0.19491108	-0.498476	0.9999991	-0.560994	0.253566	-0.21383566	0.24776146	-0.17529047	0.1556595	-0.22873177	0.14564866	-0.15540096	0.14059523	-0.17176437	0.15281647	-0.19091669	0.10426442	-0.14045489	0.10850216	-0.14276424	0.12883428	-0.094601534	0.09034199	-0.119623385	0.103700615	-0.12328507
-0.08834514	0.11061119	-0.11392839	0.14832011	-0.11662025	0.073666796	-0.21976948	0.18316685	-0.16160046	0.13627322	-0.28191665	0.19454028	-0.2899528	0.2623138	-0.25194687	0.24378437	-0.560994	0.9999991	-0.54752296	0.20538917	-0.21553315	0.13405372	-0.14175314	0.21682839	-0.14679234	0.12559068	-0.12139585	0.14609341	-0.14749731	0.1694197	-0.08787256	0.11565476	-0.095255256	0.12765995	-0.120654516	0.07869595	-0.077572554	0.101050794	-0.094855346	0.10866673
0.07063465	-0.09826754	0.09892164	-0.15071248	0.11771701	-0.05889517	0.14980909	-0.16373317	0.15737578	-0.14430086	0.22105642	-0.13528502	0.20694886	-0.5286024	0.2757695	-0.18966624	0.253566	-0.54752296	0.999999	-0.31888357	0.17784339	-0.12120993	0.1294482	-0.34165722	0.19477522	-0.12136396	0.12039596	-0.15486592	0.17702265	-0.21289074	0.08547548	-0.11451463	0.09639515	-0.15314457	0.1436542	-0.07721805	0.076414466	-0.1029962	0.10925578	-0.12674773
-0.08743127	0.093295306	-0.09974239	0.11972975	-0.107102424	0.07123881	-0.13503525	0.120723	-0.123644955	0.12620343	-0.27865812	0.11114843	-0.15637341	0.21437284	-0.31739286	0.17316785	-0.21383566	0.20538917	-0.31888357	0.9999991	-0.19745281	0.122259386	-0.13766791	0.26521853	-0.68392736	0.12313866	-0.12873337	0.15550153	-0.19699107	0.28784758	-0.09051316	0.1175865	-0.10843446	0.16945548	-0.2142241	0.08079418	-0.083094776	0.10986077	-0.1339206	0.14612928
0.08591166	-0.09092527	0.08868245	-0.095934935	0.07415591	-0.07358181	0.12557018	-0.10397619	0.09413535	-0.0895467	0.28571156	-0.11344428	0.12858835	-0.15280887	0.15732376	-0.5289619	0.24776146	-0.21553315	0.17784339	-0.19745281	0.9999988	-0.4109054	0.26287103	-0.2586636	0.14869942	-0.35257992	0.24900658	-0.29097337	0.19736965	-0.20617521	0.19910575	-0.26056203	0.17182155	-0.17508419	0.15011722	-0.17074627	0.15549126	-0.1925233	0.13004829	-0.14983423
-0.057685852	0.056609437	-0.057437945	0.06071179	-0.048288144	0.047924563	-0.08357382	0.0661863	-0.06108534	0.057278957	-0.19023375	0.073700905	-0.084192686	0.09769102	-0.10591087	0.19006127	-0.17529047	0.13405372	-0.12120993	0.122259386	-0.4109054	0.99999887	-0.7516227	0.1825025	-0.09974132	0.19631806	-0.34064645	0.27290934	-0.16764577	0.12991753	-0.14174351	0.19114898	-0.13038269	0.12298064	-0.10522045	0.10946154	-0.11128546	0.12591267	-0.092055306	0.09853023
0.055703063	-0.057395004	0.0580424	-0.06295102	0.05016553	-0.046328135	0.08176396	-0.06791908	0.06307935	-0.059738323	0.18134189	-0.07217243	0.08578368	-0.10395185	0.11119148	-0.18188873	0.1556595	-0.14175314	0.1294482	-0.13766791	0.26287103	-0.7516227	0.9999989	-0.23795883	0.114190005	-0.2031842	0.2622061	-0.43217587	0.1977725	-0.1498812	0.13844346	-0.19996503	0.13242616	-0.14658763	0.119396135	-0.113496326	0.11113633	-0.13499661	0.103937216	-0.11292279
-0.091682404	0.0934225	-0.0989596	0.110739104	-0.09440666	0.07487633	-0.1369615	0.11678362	-0.115811266	0.10935854	-0.2946818	0.1137158	-0.15287332	0.20001015	-0.23180622	0.19728391	-0.22873177	0.21682839	-0.34165722	0.26521853	-0.2586636	0.1825025	-0.23795883	0.9999989	-0.34744847	0.16653524	-0.20465997	0.2588768	-0.5636318	0.26408875	-0.1256588	0.16351311	-0.14849669	0.252488	-0.24450015	0.107626	-0.11283438	0.14563324	-0.19099957	0.18292452
0.059881743	-0.063964285	0.06752625	-0.080748394	0.0692738	-0.048889656	0.090856485	-0.08199085	0.08201734	-0.0831886	0.19121583	-0.075671315	0.10463132	-0.1468974	0.18115531	-0.12466724	0.14564866	-0.14679234	0.19477522	-0.68392736	0.14869942	-0.09974132	0.114190005	-0.34744847	0.9999989	-0.09928194	0.107852094	-0.13862206	0.19202171	-0.519853	0.07331114	-0.09660521	0.089941554	-0.17710847	0.21537562	-0.06526047	0.067384616	-0.09238705	0.12840137	-0.1511128
-0.07018005	0.062439848	-0.064730175	0.06354616	-0.05123261	0.05749322	-0.08673532	0.06845772	-0.06432004	0.060187235	-0.2311603	0.07330492	-0.08751543	0.09979788	-0.11293606	0.17841154	-0.15540096	0.12559068	-0.12136396	0.12313866	-0.35257992	0.19631806	-0.2031842	0.16653524	-0.09928194	0.99999887	-0.40921646	0.22749592	-0.16127618	0.13166992	-0.6484989	0.31256482	-0.20994937	0.12562963	-0.11074532	0.23622093	-0.2580323	0.18558967	-0.102766804	0.10671522
0.058085814	-0.055801757	0.057432264	-0.05958211	0.04812546	-0.04779131	0.078054875	-0.06380911	0.060138352	-0.056834135	0.18950671	-0.06684077	0.08115178	-0.09709429	0.10774301	-0.15611419	0.14059523	-0.12139585	0.12039596	-0.12873337	0.24900658	-0.34064645	0.2622061	-0.20465997	0.107852094	-0.40921646	0.9999988	-0.53118116	0.20779443	-0.14490497	0.2548061	-0.509491	0.19712913	-0.15249904	0.121904664	-0.17802511	0.1764406	-0.18815152	0.11225711	-0.11785224
-0.073189914	0.06861197	-0.07147855	0.07343974	-0.060129955	0.059937168	-0.09693888	0.07856789	-0.07486627	0.07045193	-0.23884714	0.08186479	-0.10093667	0.11997951	-0.13687848	0.1781743	-0.17176437	0.14609341	-0.15486592	0.15550153	-0.29097337	0.27290934	-0.43217587	0.2588768	-0.13862206	0.22749592	-0.53118116	0.99999875	-0.45559984	0.17671502	-0.18009786	0.24163556	-0.19162416	0.20280974	-0.16562837	0.13549012	-0.14514993	0.16696294	-0.14794402	0.14337638
0.06321696	-0.0640709	0.06696926	-0.074004225	0.061533224	-0.051757194	0.0907061	-0.07791511	0.07568551	-0.07235515	0.20373583	-0.07632491	0.09989476	-0.13101323	0.14586298	-0.14573087	0.15281647	-0.14749731	0.17702265	-0.19699107	0.19736965	-0.16764577	0.1977725	-0.5636318	0.19202171	-0.16127618	0.20779443	-0.45559984	0.9999987	-0.2592217	0.11794695	-0.16571362	0.13873816	-0.47231647	0.23418747	-0.10015367	0.10324765	-0.1425682	0.20639025	-0.20712383
-0.086373605	0.08437276	-0.090637505	0.09701874	-0.08444988	0.0701327	-0.119202964	0.10048757	-0.100549966	0.09742269	-0.27734202	0.09767858	-0.13074912	0.16103314	-0.21370885	0.1667164	-0.19091669	0.1694197	-0.21289074	0.28784758	-0.20617521	0.12991753	-0.1498812	0.26408875	-0.519853	0.13166992	-0.14490497	0.17671502	-0.2592217	0.9999986	-0.099283524	0.1286468	-0.12764384	0.25003907	-0.5409757	0.08831798	-0.09303785	0.12767734	-0.20550488	0.22410236
0.04615423	-0.04272512	0.044085544	-0.044250045	0.035661895	-0.037884742	0.058817513	-0.047426138	0.044629905	-0.042038415	0.15104745	-0.049932335	0.060343903	-0.07040187	0.07899077	-0.120072834	0.10426442	-0.08787256	0.08547548	-0.09051316	0.19910575	-0.14174351	0.13844346	-0.1256588	0.07331114	-0.6484989	0.2548061	-0.18009786	0.11794695	-0.099283524	0.9999985	-0.5080829	0.19483389	-0.09777545	0.08375649	-0.4046869	0.26190943	-0.19119386	0.08211423	-0.08555777
-0.06338757	0.057253253	-0.059518512	0.05893402	-0.047751307	0.05184808	-0.079365514	0.06325519	-0.059739005	0.05604684	-0.20762575	0.06693239	-0.08092968	0.09336337	-0.106207944	0.15276131	-0.14045489	0.11565476	-0.11451463	0.1175865	-0.26056203	0.19114898	-0.19996503	0.16351311	-0.09660521	0.31256482	-0.509491	0.24163556	-0.16571362	0.1286468	-0.5080829	0.9999982	-0.3737529	0.12906595	-0.11202625	0.2462686	-0.30961496	0.24744356	-0.11007999	0.11146755
0.04880839	-0.046485327	0.048143286	-0.049089238	0.039893825	-0.039961018	0.063205026	-0.05211525	0.04952715	-0.04701863	0.15843514	-0.053359363	0.06624992	-0.079174615	0.08976224	-0.11638724	0.10850216	-0.095255256	0.09639515	-0.10843446	0.17182155	-0.13038269	0.13242616	-0.14849669	0.089941554	-0.20994937	0.19712913	-0.19162416	0.13873816	-0.12764384	0.19483389	-0.3737529	0.99999815	-0.14676778	0.119479425	-0.22359735	0.22671278	-0.80123353	0.15241796	-0.15169244
-0.06352238	0.061583173	-0.065433055	0.069156766	-0.058706507	0.05171481	-0.08675525	0.072542004	-0.071315214	0.068077534	-0.2047542	0.07178448	-0.093941554	0.115451075	-0.14139053	0.13160193	-0.14276424	0.12765995	-0.15314457	0.16945548	-0.17508419	0.12298064	-0.14658763	0.252488	-0.17710847	0.12562963	-0.15249904	0.20280974	-0.47231647	0.25003907	-0.09777545	0.12906595	-0.14676778	0.99999833	-0.5032072	0.087245576	-0.094986625	0.14905897	-0.5147578	0.3044749
0.056296818	-0.0565854	0.05978418	-0.06554548	0.055439916	-0.045897156	0.07910016	-0.068042524	0.06696008	-0.06505759	0.18082534	-0.06574541	0.087305576	-0.111827455	0.1349506	-0.11799317	0.12883428	-0.120654516	0.1436542	-0.2142241	0.15011722	-0.10522045	0.119396135	-0.24450015	0.21537562	-0.11074532	0.121904664	-0.16562837	0.23418747	-0.5409757	0.08375649	-0.11202625	0.119479425	-0.5032072	0.9999985	-0.07644912	0.08087811	-0.12911627	0.2867991	-0.4856021
-0.04419313	0.03975906	-0.04133997	0.040540557	-0.03280296	0.036109865	-0.054290067	0.043420993	-0.04100881	0.03852522	-0.14450644	0.045691453	-0.055436797	0.06384913	-0.07269037	0.10396941	-0.094601534	0.07869595	-0.07721805	0.08079418	-0.17074627	0.10946154	-0.113496326	0.107626	-0.06526047	0.23622093	-0.17802511	0.13549012	-0.10015367	0.08831798	-0.4046869	0.2462686	-0.22359735	0.087245576	-0.07644912	0.99999845	-0.8040417	0.2121517	-0.07935567	0.07976397
0.040801495	-0.038145963	0.03942441	-0.03962874	0.032021806	-0.03343032	0.051931094	-0.04228079	0.03994369	-0.037748907	0.1329514	-0.043929074	0.053742364	-0.06319019	0.071225986	-0.10023893	0.09034199	-0.077572554	0.076414466	-0.083094776	0.15549126	-0.11128546	0.11113633	-0.11283438	0.067384616	-0.2580323	0.1764406	-0.14514993	0.10324765	-0.09303785	0.26190943	-0.30961496	0.22671278	-0.094986625	0.08087811	-0.8040417	0.99999875	-0.32264885	0.088895686	-0.090001546
-0.056950305	0.051549897	-0.053975765	0.05314603	-0.04344997	0.046415817	-0.070152275	0.05661086	-0.05396443	0.05085466	-0.1853983	0.05868827	-0.07248598	0.08430317	-0.09781459	0.12557885	-0.119623385	0.101050794	-0.1029962	0.10986077	-0.1925233	0.12591267	-0.13499661	0.14563324	-0.09238705	0.18558967	-0.18815152	0.16696294	-0.1425682	0.12767734	-0.19119386	0.24744356	-0.80123353	0.14905897	-0.12911627	0.2121517	-0.32264885	0.9999985	-0.20247984	0.15562262
0.04610283	-0.045219064	0.047706377	-0.050805375	0.042663097	-0.037586067	0.06293798	-0.053198762	0.0519616	-0.049862538	0.14853026	-0.052373543	0.068352215	-0.08526731	0.10156545	-0.09805894	0.103700615	-0.094855346	0.10925578	-0.1339206	0.13004829	-0.092055306	0.103937216	-0.19099957	0.12840137	-0.102766804	0.11225711	-0.14794402	0.20639025	-0.20550488	0.08211423	-0.11007999	0.15241796	-0.5147578	0.2867991	-0.07935567	0.088895686	-0.20247984	0.99999845	-0.7269443
-0.056794472	0.05422732	-0.05780635	0.06005385	-0.051067393	0.04616023	-0.07561656	0.06289525	-0.06187065	0.059124544	-0.18304686	0.062363114	-0.0814235	0.09854691	-0.122802384	0.11396171	-0.12328507	0.10866673	-0.12674773	0.14612928	-0.14983423	0.09853023	-0.11292279	0.18292452	-0.1511128	0.10671522	-0.11785224	0.14337638	-0.20712383	0.22410236	-0.08555777	0.11146755	-0.15169244	0.3044749	-0.4856021	0.07976397	-0.090001546	0.15562262	-0.7269443	0.99999845
