1.0000001	-0.99159884	0.061258815	-0.04138088	0.045848783	-0.077171296	0.06398239	-0.059105597	0.023453068	-0.026651679	0.023617594	-0.029235516	0.024329266	-0.026093774	0.020568801	-0.024964698	0.020987172	-0.024945563	0.021580255	-0.014218061	0.02835416	-0.019271323	0.016146332	-0.016971026	0.012676236	-0.014950799	0.012142325	-0.014783983	0.014143547	-0.011815647	0.013679876	-0.012111093	0.011890332	-0.012380872	0.019729352	-0.014936985	0.015139006	-0.017998103	0.0075243274	-0.0064658495
-0.99159884	0.99999994	-0.06562485	0.041281886	-0.047122724	0.07161012	-0.06658544	0.05782186	-0.023622848	0.02656672	-0.023465494	0.02893836	-0.02424146	0.025957247	-0.02066093	0.024694324	-0.021005036	0.024761852	-0.02167452	0.014251118	-0.028592793	0.019227272	-0.016167147	0.01697355	-0.012730249	0.01498813	-0.0121792685	0.014808065	-0.014212439	0.011852204	-0.013746418	0.012147072	-0.011926625	0.012428001	-0.019883275	0.014979278	-0.015216542	0.018038202	-0.007573467	0.006505095
0.061258815	-0.06562485	0.9999997	-0.62529117	0.30537885	-0.23855309	0.19250374	-0.5626886	0.21970116	-0.25001913	0.10829877	-0.14568785	0.16496329	-0.19102119	0.13479392	-0.12772307	0.11302548	-0.16697472	0.13742884	-0.092387445	0.14462353	-0.10850924	0.09672052	-0.10342252	0.077564254	-0.08401997	0.06802879	-0.08823949	0.08351897	-0.07267456	0.07680131	-0.0689388	0.07021723	-0.07338662	0.112700224	-0.08684197	0.08575972	-0.1072032	0.04340054	-0.037480064
-0.04138088	0.041281886	-0.62529117	0.9999997	-0.51450884	0.15067536	-0.1284583	0.2675484	-0.4253238	0.27981332	-0.08853616	0.11807796	-0.1410277	0.18111041	-0.13894686	0.107735515	-0.09933347	0.13985299	-0.13705997	0.09068321	-0.13248463	0.095885955	-0.089017816	0.095304586	-0.07513306	0.07683329	-0.062280536	0.081772745	-0.07952353	0.06949012	-0.07134363	0.06353356	-0.0656526	0.06923025	-0.10830161	0.08064589	-0.080127664	0.099969976	-0.041408315	0.035695415
0.045848783	-0.047122724	0.30537885	-0.51450884	0.9999996	-0.2757024	0.19864963	-0.4238466	0.27315077	-0.41669908	0.14795429	-0.20366758	0.20229891	-0.26129663	0.1836389	-0.19270903	0.1606853	-0.22746828	0.18721946	-0.12968113	0.20403023	-0.16373695	0.14226198	-0.15629692	0.11243832	-0.13151146	0.104205385	-0.13847245	0.124737434	-0.107385136	0.11899988	-0.10791286	0.109061405	-0.112301484	0.16694887	-0.14365737	0.13341326	-0.1755551	0.06564752	-0.05703655
-0.077171296	0.07161012	-0.23855309	0.15067536	-0.2757024	0.99999976	-0.81734043	0.2796362	-0.108356826	0.11721941	-0.19996549	0.19753738	-0.14010772	0.13578546	-0.11797331	0.16075425	-0.13717659	0.1358301	-0.12570357	0.08095116	-0.19036606	0.11722793	-0.09581774	0.09838661	-0.074677445	0.09151098	-0.07492235	0.08670825	-0.08472102	0.06891585	-0.084341675	0.07357065	-0.070589475	0.073512636	-0.12116038	0.08890685	-0.09273575	0.10525612	-0.04572174	0.039108947
0.06398239	-0.06658544	0.19250374	-0.1284583	0.19864963	-0.81734043	1.0	-0.4271518	0.08862796	-0.0972207	0.15398835	-0.21212123	0.12956136	-0.11953169	0.09605151	-0.13974188	0.115969576	-0.12355618	0.10241784	-0.06648347	0.14657275	-0.09965128	0.07880494	-0.080989696	0.059937812	-0.07330633	0.06014709	-0.07005018	0.06729167	-0.05556338	0.06648668	-0.05883829	0.0564993	-0.05859754	0.09416286	-0.07052148	0.07294714	-0.08398852	0.035759203	-0.03066382
-0.059105597	0.05782186	-0.5626886	0.2675484	-0.4238466	0.2796362	-0.4271518	1.0	-0.18397413	0.18850864	-0.14819823	0.18828486	-0.27011544	0.21080106	-0.17364025	0.1594184	-0.15421094	0.20674635	-0.18293783	0.11704078	-0.20761229	0.13915217	-0.12726165	0.13129175	-0.10203476	0.11014333	-0.09027203	0.112942524	-0.11135083	0.09382425	-0.102937594	0.0904632	-0.09150398	0.09619612	-0.15566947	0.11161804	-0.11480483	0.13626277	-0.058863834	0.050479747
0.023453068	-0.023622848	0.21970116	-0.4253238	0.27315077	-0.108356826	0.08862796	-0.18397413	0.99999994	-0.78142595	0.07314146	-0.10029386	0.14575066	-0.28463355	0.15515384	-0.0883265	0.085671075	-0.1379277	0.140824	-0.097223334	0.107851796	-0.0823602	0.08047421	-0.08699519	0.07144386	-0.063997336	0.052346833	-0.07136654	0.07040982	-0.0659349	0.059242517	-0.05332017	0.05697778	-0.0608053	0.09187103	-0.06667727	0.06671383	-0.08499131	0.03521974	-0.03046843
-0.026651679	0.02656672	-0.25001913	0.27981332	-0.41669908	0.11721941	-0.0972207	0.18850864	-0.78142595	0.9999998	-0.082739726	0.11137588	-0.1525979	0.22057907	-0.19000638	0.10121346	-0.098447755	0.14597468	-0.16745435	0.11245291	-0.1287387	0.09485214	-0.09342872	0.10073903	-0.084997445	0.07552352	-0.061725467	0.08371128	-0.08402572	0.0773844	-0.070540056	0.063038416	-0.06735814	0.07210317	-0.11124849	0.07918747	-0.07960433	0.100488625	-0.042391125	0.036588702
0.023617594	-0.023465494	0.10829877	-0.08853616	0.14795429	-0.19996549	0.15398835	-0.14819823	0.07314146	-0.082739726	0.9999995	-0.6308313	0.15356624	-0.13695994	0.10943533	-0.6383686	0.21238883	-0.15669188	0.11993185	-0.078578345	0.25760558	-0.17638007	0.11009106	-0.11105491	0.075232014	-0.116555765	0.09414187	-0.096467875	0.08828139	-0.07037167	0.09788577	-0.088390164	0.07713227	-0.077813685	0.122310035	-0.10047503	0.1040054	-0.113822825	0.04690153	-0.04024125
-0.029235516	0.02893836	-0.14568785	0.11807796	-0.20366758	0.19753738	-0.21212123	0.18828486	-0.10029386	0.11137588	-0.6308313	0.99999905	-0.2690838	0.18682477	-0.15769663	0.3099561	-0.3984099	0.2157253	-0.17289759	0.11092123	-0.34574562	0.23459174	-0.1551716	0.15032479	-0.105824195	0.15131785	-0.12895386	0.13029832	-0.123164035	0.09772747	-0.134177	0.11879786	-0.10552268	0.106994614	-0.17231932	0.13346267	-0.14331704	0.15244363	-0.0653932	0.055913948
0.024329266	-0.02424146	0.16496329	-0.1410277	0.20229891	-0.14010772	0.12956136	-0.27011544	0.14575066	-0.1525979	0.15356624	-0.2690838	0.99999887	-0.524958	0.22624241	-0.1591357	0.18146521	-0.6633164	0.24331151	-0.15955146	0.18206349	-0.15880473	0.16063222	-0.16144948	0.11573074	-0.10512938	0.08874367	-0.12162114	0.11484893	-0.107662454	0.095258296	-0.08741229	0.09441629	-0.09902457	0.14378685	-0.10251209	0.106114246	-0.13276222	0.05532469	-0.04789293
-0.026093774	0.025957247	-0.19102119	0.18111041	-0.26129663	0.13578546	-0.11953169	0.21080106	-0.28463355	0.22057907	-0.13695994	0.18682477	-0.524958	0.99999875	-0.48132142	0.15250677	-0.17144722	0.30462393	-0.3939314	0.24558653	-0.19851965	0.15598124	-0.1702449	0.17978248	-0.16121934	0.11626531	-0.097384475	0.13766474	-0.14298758	0.14307915	-0.10844418	0.09812553	-0.110464804	0.11992497	-0.17724074	0.1183217	-0.12248026	0.15630831	-0.067440376	0.058393575
0.020568801	-0.02066093	0.13479392	-0.13894686	0.1836389	-0.11797331	0.09605151	-0.17364025	0.15515384	-0.19000638	0.10943533	-0.15769663	0.22624241	-0.48132142	0.9999987	-0.13922767	0.1450652	-0.29057214	0.32308453	-0.63383514	0.16344869	-0.1492931	0.16292328	-0.20244442	0.21122201	-0.11175825	0.09227823	-0.14835225	0.15150008	-0.21230641	0.10203156	-0.09586472	0.11501205	-0.13271458	0.16699465	-0.11831087	0.11680138	-0.16870297	0.06587924	-0.058495723
-0.024964698	0.024694324	-0.12772307	0.107735515	-0.19270903	0.16075425	-0.13974188	0.1594184	-0.0883265	0.10121346	-0.6383686	0.3099561	-0.1591357	0.15250677	-0.13922767	0.9999988	-0.2774468	0.16884045	-0.15292382	0.09955158	-0.5262052	0.2072054	-0.14343134	0.14248234	-0.10151852	0.17131971	-0.13679495	0.13085577	-0.12323932	0.09431532	-0.147733	0.12697774	-0.10710922	0.10804991	-0.17898391	0.14570993	-0.15528922	0.15924324	-0.06785758	0.05790104
0.020987172	-0.021005036	0.11302548	-0.09933347	0.1606853	-0.13717659	0.115969576	-0.15421094	0.085671075	-0.098447755	0.21238883	-0.3984099	0.18146521	-0.17144722	0.1450652	-0.2774468	0.99999905	-0.25467452	0.16650288	-0.109032884	0.25935063	-0.71761614	0.21191195	-0.20560066	0.11067998	-0.19531028	0.17854786	-0.16198802	0.13361838	-0.1048109	0.14889543	-0.15583922	0.123418756	-0.119680524	0.1708459	-0.14940898	0.15457386	-0.17133904	0.066965126	-0.05778812
-0.024945563	0.024761852	-0.16697472	0.13985299	-0.22746828	0.1358301	-0.12355618	0.20674635	-0.1379277	0.14597468	-0.15669188	0.2157253	-0.6633164	0.30462393	-0.29057214	0.16884045	-0.25467452	0.99999875	-0.39478418	0.20197786	-0.22005366	0.19765806	-0.2555757	0.21128213	-0.15208516	0.12901184	-0.11139197	0.15612105	-0.15055192	0.13666847	-0.11907905	0.108893834	-0.122784264	0.12689021	-0.18648332	0.12618911	-0.1333396	0.16498935	-0.07117342	0.061393116
0.021580255	-0.02167452	0.13742884	-0.13705997	0.18721946	-0.12570357	0.10241784	-0.18293783	0.140824	-0.16745435	0.11993185	-0.17289759	0.24331151	-0.3939314	0.32308453	-0.15292382	0.16650288	-0.39478418	0.9999988	-0.59128886	0.18082127	-0.17326944	0.20455372	-0.2886519	0.22083108	-0.12500314	0.10416198	-0.17099737	0.17092377	-0.22011411	0.11397717	-0.10766358	0.13117403	-0.14824411	0.18598504	-0.131088	0.13044764	-0.18790647	0.073473774	-0.06505487
-0.014218061	0.014251118	-0.092387445	0.09068321	-0.12968113	0.08095116	-0.06648347	0.11704078	-0.097223334	0.11245291	-0.078578345	0.11092123	-0.15955146	0.24558653	-0.63383514	0.09955158	-0.109032884	0.20197786	-0.59128886	0.9999986	-0.123240314	0.11176005	-0.13850558	0.17487337	-0.32749557	0.08462161	-0.07086697	0.11943128	-0.14030136	0.21139666	-0.078530364	0.07384756	-0.094667226	0.113508105	-0.14226942	0.09003766	-0.09066655	0.13202922	-0.054784212	0.048687004
0.02835416	-0.028592793	0.14462353	-0.13248463	0.20403023	-0.19036606	0.14657275	-0.20761229	0.107851796	-0.1287387	0.25760558	-0.34574562	0.18206349	-0.19851965	0.16344869	-0.5262052	0.25935063	-0.22005366	0.18082127	-0.123240314	0.9999986	-0.32060087	0.19324262	-0.20671271	0.12910931	-0.38325563	0.220065	-0.20139962	0.16291454	-0.12482203	0.2239605	-0.21298054	0.1583979	-0.15180503	0.22056498	-0.25825503	0.22537032	-0.2586318	0.0888426	-0.07716606
-0.019271323	0.019227272	-0.10850924	0.095885955	-0.16373695	0.11722793	-0.09965128	0.13915217	-0.0823602	0.09485214	-0.17638007	0.23459174	-0.15880473	0.15598124	-0.1492931	0.2072054	-0.71761614	0.19765806	-0.17326944	0.11176005	-0.32060087	0.99999857	-0.3242501	0.21961032	-0.12296917	0.21564859	-0.27611643	0.18032578	-0.15411098	0.11367858	-0.18208069	0.18260403	-0.1433403	0.13367921	-0.19961494	0.16573086	-0.18678173	0.18506075	-0.076979116	0.065858
0.016146332	-0.016167147	0.09672052	-0.089017816	0.14226198	-0.09581774	0.07880494	-0.12726165	0.08047421	-0.09342872	0.11009106	-0.1551716	0.16063222	-0.1702449	0.16292328	-0.14343134	0.21191195	-0.2555757	0.20455372	-0.13850558	0.19324262	-0.3242501	0.9999987	-0.71282697	0.17251255	-0.14855364	0.1385926	-0.38028482	0.21409559	-0.16445473	0.13498367	-0.13622285	0.2087964	-0.19148225	0.21678667	-0.14288796	0.15524377	-0.22445814	0.087181136	-0.07590987
-0.016971026	0.01697355	-0.10342252	0.095304586	-0.15629692	0.09838661	-0.080989696	0.13129175	-0.08699519	0.10073903	-0.11105491	0.15032479	-0.16144948	0.17978248	-0.20244442	0.14248234	-0.20560066	0.21128213	-0.2886519	0.17487337	-0.20671271	0.21961032	-0.71282697	0.9999986	-0.26556346	0.14397207	-0.132015	0.2508092	-0.30750483	0.20569387	-0.13962767	0.13169408	-0.20539375	0.20680624	-0.26310438	0.14619109	-0.1623092	0.21683805	-0.10063097	0.0865113
0.012676236	-0.012730249	0.077564254	-0.07513306	0.11243832	-0.074677445	0.059937812	-0.10203476	0.07144386	-0.084997445	0.075232014	-0.105824195	0.11573074	-0.16121934	0.21122201	-0.10151852	0.11067998	-0.15208516	0.22083108	-0.32749557	0.12910931	-0.12296917	0.17251255	-0.26556346	0.999999	-0.100305066	0.08451825	-0.17205587	0.2364477	-0.7916642	0.094357945	-0.09157932	0.13621771	-0.19482492	0.19562314	-0.1122464	0.11195124	-0.18507724	0.07621251	-0.07070402
-0.014950799	0.01498813	-0.08401997	0.07683329	-0.13151146	0.09151098	-0.07330633	0.11014333	-0.063997336	0.07552352	-0.116555765	0.15131785	-0.10512938	0.11626531	-0.11175825	0.17131971	-0.19531028	0.12901184	-0.12500314	0.08462161	-0.38325563	0.21564859	-0.14855364	0.14397207	-0.100305066	0.99999875	-0.6305829	0.16739282	-0.13938785	0.09508071	-0.44820243	0.31446835	-0.14678554	0.12721765	-0.20198186	0.25590685	-0.3114707	0.202705	-0.07884351	0.06698542
0.012142325	-0.0121792685	0.06802879	-0.062280536	0.104205385	-0.07492235	0.06014709	-0.09027203	0.052346833	-0.061725467	0.09414187	-0.12895386	0.08874367	-0.097384475	0.09227823	-0.13679495	0.17854786	-0.11139197	0.10416198	-0.07086697	0.220065	-0.27611643	0.1385926	-0.132015	0.08451825	-0.6305829	0.9999987	-0.1775464	0.12008769	-0.08103969	0.28217676	-0.5942588	0.1451771	-0.115213394	0.16119033	-0.22149138	0.24330184	-0.18408959	0.06483514	-0.055561583
-0.014783983	0.014808065	-0.08823949	0.081772745	-0.13847245	0.08670825	-0.07005018	0.112942524	-0.07136654	0.08371128	-0.096467875	0.13029832	-0.12162114	0.13766474	-0.14835225	0.13085577	-0.16198802	0.15612105	-0.17099737	0.11943128	-0.20139962	0.18032578	-0.38028482	0.2508092	-0.17205587	0.16739282	-0.1775464	0.99999833	-0.31089827	0.16197652	-0.17558154	0.17822692	-0.66938466	0.27417794	-0.32326928	0.17171174	-0.2160053	0.29080197	-0.1287342	0.10776385
0.014143547	-0.014212439	0.08351897	-0.07952353	0.124737434	-0.08472102	0.06729167	-0.11135083	0.07040982	-0.08402572	0.08828139	-0.123164035	0.11484893	-0.14298758	0.15150008	-0.12323932	0.13361838	-0.15055192	0.17092377	-0.14030136	0.16291454	-0.15411098	0.21409559	-0.30750483	0.2364477	-0.13938785	0.12008769	-0.31089827	0.9999986	-0.37313348	0.13395643	-0.13636002	0.26270562	-0.66993606	0.2809574	-0.15862142	0.16304132	-0.298306	0.12578005	-0.11692202
-0.011815647	0.011852204	-0.07267456	0.06949012	-0.107385136	0.06891585	-0.05556338	0.09382425	-0.0659349	0.0773844	-0.07037167	0.09772747	-0.107662454	0.14307915	-0.21230641	0.09431532	-0.1048109	0.13666847	-0.22011411	0.21139666	-0.12482203	0.11367858	-0.16445473	0.20569387	-0.7916642	0.09508071	-0.08103969	0.16197652	-0.37313348	0.9999988	-0.0913225	0.08786999	-0.14003305	0.20529728	-0.24477501	0.10641358	-0.10901019	0.17544675	-0.08406527	0.076849245
0.013679876	-0.013746418	0.07680131	-0.07134363	0.11899988	-0.084341675	0.06648668	-0.102937594	0.059242517	-0.070540056	0.09788577	-0.134177	0.095258296	-0.10844418	0.10203156	-0.147733	0.14889543	-0.11907905	0.11397717	-0.078530364	0.2239605	-0.18208069	0.13498367	-0.13962767	0.094357945	-0.44820243	0.28217676	-0.17558154	0.13395643	-0.0913225	0.9999987	-0.51254123	0.152785	-0.1299885	0.1902251	-0.58985674	0.3142489	-0.2306935	0.07716933	-0.06635244
-0.012111093	0.012147072	-0.0689388	0.06353356	-0.10791286	0.07357065	-0.05883829	0.0904632	-0.05332017	0.063038416	-0.088390164	0.11879786	-0.08741229	0.09812553	-0.09586472	0.12697774	-0.15583922	0.108893834	-0.10766358	0.07384756	-0.21298054	0.18260403	-0.13622285	0.13169408	-0.09157932	0.31446835	-0.5942588	0.17822692	-0.13636002	0.08786999	-0.51254123	0.99999833	-0.19338581	0.13162903	-0.1871652	0.28132036	-0.43877915	0.21361798	-0.07538311	0.06412272
0.011890332	-0.011926625	0.07021723	-0.0656526	0.109061405	-0.070589475	0.0564993	-0.09150398	0.05697778	-0.06735814	0.07713227	-0.10552268	0.09441629	-0.110464804	0.11501205	-0.10710922	0.123418756	-0.122784264	0.13117403	-0.094667226	0.1583979	-0.1433403	0.2087964	-0.20539375	0.13621771	-0.14678554	0.1451771	-0.66938466	0.26270562	-0.14003305	0.152785	-0.19338581	0.999998	-0.440798	0.26595524	-0.15602246	0.19231294	-0.4414883	0.11815603	-0.10209029
-0.012380872	0.012428001	-0.07338662	0.06923025	-0.112301484	0.073512636	-0.05859754	0.09619612	-0.0608053	0.07210317	-0.077813685	0.106994614	-0.09902457	0.11992497	-0.13271458	0.10804991	-0.119680524	0.12689021	-0.14824411	0.113508105	-0.15180503	0.13367921	-0.19148225	0.20680624	-0.19482492	0.12721765	-0.115213394	0.27417794	-0.66993606	0.20529728	-0.1299885	0.13162903	-0.440798	0.99999756	-0.4132172	0.14457329	-0.16085513	0.26916665	-0.16806078	0.13974781
0.019729352	-0.019883275	0.112700224	-0.10830161	0.16694887	-0.12116038	0.09416286	-0.15566947	0.09187103	-0.11124849	0.122310035	-0.17231932	0.14378685	-0.17724074	0.16699465	-0.17898391	0.1708459	-0.18648332	0.18598504	-0.14226942	0.22056498	-0.19961494	0.21678667	-0.26310438	0.19562314	-0.20198186	0.16119033	-0.32326928	0.2809574	-0.24477501	0.1902251	-0.1871652	0.26595524	-0.4132172	0.9999971	-0.26099563	0.23475029	-0.4867005	0.2407409	-0.32774204
-0.014936985	0.014979278	-0.08684197	0.08064589	-0.14365737	0.08890685	-0.07052148	0.11161804	-0.06667727	0.07918747	-0.10047503	0.13346267	-0.10251209	0.1183217	-0.11831087	0.14570993	-0.14940898	0.12618911	-0.131088	0.09003766	-0.25825503	0.16573086	-0.14288796	0.14619109	-0.1122464	0.25590685	-0.22149138	0.17171174	-0.15862142	0.10641358	-0.58985674	0.28132036	-0.15602246	0.14457329	-0.26099563	0.999997	-0.6100141	0.24992825	-0.10021535	0.08420494
0.015139006	-0.015216542	0.08575972	-0.080127664	0.13341326	-0.09273575	0.07294714	-0.11480483	0.06671383	-0.07960433	0.1040054	-0.14331704	0.106114246	-0.12248026	0.11680138	-0.15528922	0.15457386	-0.1333396	0.13044764	-0.09066655	0.22537032	-0.18678173	0.15524377	-0.1623092	0.11195124	-0.3114707	0.24330184	-0.2160053	0.16304132	-0.10901019	0.3142489	-0.43877915	0.19231294	-0.16085513	0.23475029	-0.6100141	0.99999726	-0.41710114	0.101592496	-0.087817505
-0.017998103	0.018038202	-0.1072032	0.099969976	-0.1755551	0.10525612	-0.08398852	0.13626277	-0.08499131	0.100488625	-0.113822825	0.15244363	-0.13276222	0.15630831	-0.16870297	0.15924324	-0.17133904	0.16498935	-0.18790647	0.13202922	-0.2586318	0.18506075	-0.22445814	0.21683805	-0.18507724	0.202705	-0.18408959	0.29080197	-0.298306	0.17544675	-0.2306935	0.21361798	-0.4414883	0.26916665	-0.4867005	0.24992825	-0.41710114	0.99999744	-0.23400304	0.1762268
0.0075243274	-0.007573467	0.04340054	-0.041408315	0.06564752	-0.04572174	0.035759203	-0.058863834	0.03521974	-0.042391125	0.04690153	-0.0653932	0.05532469	-0.067440376	0.06587924	-0.06785758	0.066965126	-0.07117342	0.073473774	-0.054784212	0.0888426	-0.076979116	0.087181136	-0.10063097	0.07621251	-0.07884351	0.06483514	-0.1287342	0.12578005	-0.08406527	0.07716933	-0.07538311	0.11815603	-0.16806078	0.2407409	-0.10021535	0.101592496	-0.23400304	0.9999974	-0.90708065
-0.0064658495	0.006505095	-0.037480064	0.035695415	-0.05703655	0.039108947	-0.03066382	0.050479747	-0.03046843	0.036588702	-0.04024125	0.055913948	-0.04789293	0.058393575	-0.058495723	0.05790104	-0.05778812	0.061393116	-0.06505487	0.048687004	-0.07716606	0.065858	-0.07590987	0.0865113	-0.07070402	0.06698542	-0.055561583	0.10776385	-0.11692202	0.076849245	-0.06635244	0.06412272	-0.10209029	0.13974781	-0.32774204	0.08420494	-0.087817505	0.1762268	-0.90708065	0.9999974
