1.0	-0.33450732	0.16578737	-0.114173494	0.09565578	-0.590588	0.25217086	-0.16518591	0.12499528	-0.11169377	0.32932195	-0.58248913	0.16321106	-0.12693489	0.09919369	-0.11991335	0.12837334	-0.12875341	0.12125207	-0.12423637	0.09123858	-0.106236145	0.11953165	-0.089857206	0.10073738	-0.05454957	0.06588393	-0.13232961	0.08212266	-0.11068292	0.053091627	-0.072739564	0.084892616	-0.0842724	0.078550376	-0.01814583	0.017974688	-0.07127925	0.050284207	-0.08570072
-0.33450732	1.0000001	-0.277704	0.15053912	-0.120959304	0.23138896	-0.788199	0.2403984	-0.18467124	0.12720905	-0.2640274	0.24836797	-0.20325802	0.14407507	-0.10979493	0.07138518	-0.081806585	0.11838338	-0.12264096	0.12467935	-0.061778657	0.06949988	-0.09927691	0.07517104	-0.08428622	0.03639454	-0.044914667	0.09490944	-0.06166299	0.080697775	-0.03624066	0.048294436	-0.06209981	0.060419083	-0.056176376	0.0122453775	-0.01218344	0.048640996	-0.034842864	0.058332365
0.16578737	-0.277704	0.9999998	-0.56354636	0.26839715	-0.11593073	0.21254025	-0.46275038	0.30927446	-0.33842093	0.13880876	-0.20873287	0.26601875	-0.26357156	0.20979318	-0.08556798	0.09616849	-0.19697635	0.19415915	-0.26728648	0.079340026	-0.09261469	0.14593124	-0.116849124	0.12447319	-0.04947822	0.06313809	-0.15084185	0.09375099	-0.12826546	0.048777524	-0.06873409	0.09423431	-0.09445321	0.08443524	-0.017687997	0.017498646	-0.07592968	0.05383505	-0.09101924
-0.114173494	0.15053912	-0.56354636	0.99999976	-0.5124226	0.07621191	-0.14221005	0.27098024	-0.49180496	0.28879318	-0.09444627	0.12920427	-0.22883976	0.22326161	-0.18623511	0.05728157	-0.065925665	0.14077818	-0.15900138	0.18873632	-0.054353926	0.062538974	-0.10497621	0.08320954	-0.08986003	0.03288	-0.04186031	0.09729369	-0.06270466	0.083328955	-0.032690212	0.044953868	-0.062168285	0.06111145	-0.054983635	0.011462417	-0.011377674	0.047964998	-0.034346726	0.05739719
0.09565578	-0.120959304	0.26839715	-0.5124226	0.9999996	-0.06291273	0.10792115	-0.20164199	0.23726912	-0.72360647	0.07901674	-0.112818934	0.18224859	-0.19989115	0.22190347	-0.052514426	0.0600175	-0.13171332	0.1447464	-0.24230808	0.04998827	-0.057904072	0.09688481	-0.0784194	0.0840552	-0.030562086	0.03905177	-0.09232205	0.059023216	-0.079306334	0.030312914	-0.04207417	0.058493827	-0.057884153	0.05176018	-0.010747765	0.010657865	-0.045469303	0.03249239	-0.054417416
-0.590588	0.23138896	-0.11593073	0.07621191	-0.06291273	0.99999964	-0.28894588	0.12073539	-0.08807186	0.07118468	-0.68169343	0.30841944	-0.10890259	0.08174469	-0.06296279	0.071766704	-0.077367604	0.07820266	-0.07548348	0.07633974	-0.054049715	0.060929567	-0.07065478	0.052848417	-0.059236974	0.031113122	-0.037381534	0.07393731	-0.046504017	0.061900105	-0.030482538	0.040799294	-0.047790606	0.04696278	-0.04373581	0.010129061	-0.010059624	0.039002646	-0.027676286	0.046814896
0.25217086	-0.788199	0.21254025	-0.14221005	0.10792115	-0.28894588	0.9999994	-0.33681574	0.1727928	-0.120989844	0.22570117	-0.29162517	0.18275972	-0.13976787	0.101347044	-0.06928691	0.07850125	-0.11223414	0.11201643	-0.11910735	0.05777275	-0.06583646	0.090656064	-0.06935191	0.07624216	-0.03403706	0.041949943	-0.08908747	0.05674973	-0.07526444	0.033643294	-0.04536122	0.057393827	-0.056259412	0.051682524	-0.011399565	0.011326791	-0.045386456	0.032390002	-0.054390986
-0.16518591	0.2403984	-0.46275038	0.27098024	-0.20164199	0.12073539	-0.33681574	0.99999934	-0.55653816	0.20562175	-0.1404447	0.18101485	-0.45555037	0.27375862	-0.18120949	0.07307271	-0.08444051	0.18190783	-0.19347547	0.19371304	-0.06772973	0.07784356	-0.12963784	0.10073467	-0.10729549	0.040385846	-0.051154792	0.11710249	-0.075004265	0.09939437	-0.040111553	0.054845095	-0.07463536	0.07307835	-0.06554098	0.013854046	-0.01376081	0.05713521	-0.04094447	0.06829211
0.12499528	-0.18467124	0.30927446	-0.49180496	0.23726912	-0.08807186	0.1727928	-0.55653816	0.99999946	-0.2802865	0.10495912	-0.14882933	0.28769708	-0.4528564	0.20675986	-0.06662861	0.07613675	-0.1804382	0.19638494	-0.22185647	0.062077742	-0.07225271	0.12147281	-0.098707415	0.10171696	-0.037460465	0.04775999	-0.11243432	0.07116332	-0.095546804	0.03706695	-0.051384162	0.070620395	-0.069736525	0.06175048	-0.0129691325	0.012865945	-0.054269265	0.038812023	-0.06483279
-0.11169377	0.12720905	-0.33842093	0.28879318	-0.72360647	0.07118468	-0.120989844	0.20562175	-0.2802865	0.99999964	-0.09121626	0.12253668	-0.22329602	0.21848796	-0.38193676	0.058022268	-0.06740121	0.14429621	-0.17206967	0.25018436	-0.056197148	0.06421759	-0.11084953	0.08806082	-0.09708429	0.0337601	-0.043014947	0.099213816	-0.065329164	0.085763305	-0.033719946	0.04593868	-0.064243264	0.06268272	-0.05674819	0.011724206	-0.011652668	0.048780225	-0.035087895	0.058367185
0.32932195	-0.2640274	0.13880876	-0.09444627	0.07901674	-0.68169343	0.22570117	-0.1404447	0.10495912	-0.09121626	0.9999996	-0.5583955	0.13824172	-0.10551315	0.08171204	-0.11516882	0.118927	-0.10714681	0.100829296	-0.10112712	0.08067613	-0.09186505	0.098748274	-0.07355305	0.08221111	-0.04608285	0.05482255	-0.105645	0.06572783	-0.08785773	0.04479426	-0.06012771	0.06795864	-0.06689046	0.06215822	-0.01473123	0.0146237705	-0.05584771	0.03954779	-0.06700556
-0.58248913	0.24836797	-0.20873287	0.12920427	-0.112818934	0.30841944	-0.29162517	0.18101485	-0.14882933	0.12253668	-0.5583955	0.99999934	-0.22698526	0.1488765	-0.116380535	0.15297022	-0.21194196	0.15217265	-0.14975895	0.13597226	-0.1197663	0.12796983	-0.14597678	0.10459314	-0.1211346	0.06448223	-0.07634519	0.13678408	-0.089848824	0.11469943	-0.06465509	0.08090336	-0.09196822	0.08753941	-0.08359031	0.019910337	-0.01993236	0.070907444	-0.05108841	0.08494026
0.16321106	-0.20325802	0.26601875	-0.22883976	0.18224859	-0.10890259	0.18275972	-0.45555037	0.28769708	-0.22329602	0.13824172	-0.22698526	0.9999994	-0.54504466	0.2381985	-0.108171515	0.122625485	-0.38514495	0.28592607	-0.29742232	0.0981199	-0.11651584	0.197372	-0.15671267	0.15373507	-0.059135143	0.07567459	-0.18301675	0.11083326	-0.15123694	0.058066845	-0.08166109	0.11121655	-0.11046657	0.095556565	-0.020311102	0.020127403	-0.08520219	0.06075116	-0.1015056
-0.12693489	0.14407507	-0.26357156	0.22326161	-0.19989115	0.08174469	-0.13976787	0.27375862	-0.4528564	0.21848796	-0.10551315	0.1488765	-0.54504466	0.999999	-0.39938688	0.07996009	-0.09374871	0.2529566	-0.40979168	0.28345782	-0.07644052	0.08858214	-0.16426137	0.13488677	-0.13675313	0.04488346	-0.057486605	0.13479817	-0.08758343	0.11516283	-0.044600405	0.06112417	-0.08540692	0.08326787	-0.0730988	0.015255999	-0.0151649425	0.063056536	-0.04542777	0.075134955
0.09919369	-0.10979493	0.20979318	-0.18623511	0.22190347	-0.06296279	0.101347044	-0.18120949	0.20675986	-0.38193676	0.08171204	-0.116380535	0.2381985	-0.39938688	0.9999991	-0.06336605	0.073055506	-0.18709262	0.22991474	-0.7375798	0.060927533	-0.07094503	0.12619682	-0.10733132	0.11198049	-0.03660004	0.046994098	-0.11212855	0.07254297	-0.09732682	0.036316853	-0.050279465	0.070750706	-0.069718875	0.06132867	-0.012671137	0.012579564	-0.053240817	0.038244825	-0.063552365
-0.11991335	0.07138518	-0.08556798	0.05728157	-0.052514426	0.071766704	-0.06928691	0.07307271	-0.06662861	0.058022268	-0.11516882	0.15297022	-0.108171515	0.07996009	-0.06336605	0.9999991	-0.8103388	0.14273153	-0.11814583	0.07599588	-0.43374842	0.26589486	-0.14449804	0.09046776	-0.09518004	0.11397235	-0.11096644	0.11653624	-0.069011614	0.086110115	-0.10996436	0.11079425	-0.07535546	0.06749833	-0.05911781	0.023187831	-0.023563892	0.050881412	-0.03706116	0.05904133
0.12837334	-0.081806585	0.09616849	-0.065925665	0.0600175	-0.077367604	0.07850125	-0.08444051	0.07613675	-0.06740121	0.118927	-0.21194196	0.122625485	-0.09374871	0.073055506	-0.8103388	0.99999887	-0.19679156	0.13497649	-0.08994583	0.27596566	-0.35235226	0.16286808	-0.10684981	0.107469894	-0.115912825	0.12341959	-0.14181307	0.08074571	-0.10362284	0.10440416	-0.13240899	0.088276826	-0.08085339	0.069502115	-0.025110085	0.025200149	-0.061090473	0.044141613	-0.07105246
-0.12875341	0.11838338	-0.19697635	0.14077818	-0.13171332	0.07820266	-0.11223414	0.18190783	-0.1804382	0.14429621	-0.10714681	0.15217265	-0.38514495	0.2529566	-0.18709262	0.14273153	-0.19679156	0.9999988	-0.64889544	0.21571529	-0.13573082	0.15641467	-0.43787074	0.22747028	-0.21577029	0.070759274	-0.09107858	0.20432608	-0.12911513	0.16293603	-0.070517935	0.09341066	-0.12882596	0.11902561	-0.10136644	0.022105632	-0.022088327	0.08555055	-0.062438533	0.10084771
0.12125207	-0.12264096	0.19415915	-0.15900138	0.1447464	-0.07548348	0.11201643	-0.19347547	0.19638494	-0.17206967	0.100829296	-0.14975895	0.28592607	-0.40979168	0.22991474	-0.11814583	0.13497649	-0.64889544	0.99999845	-0.35080692	0.1087431	-0.13192263	0.258746	-0.27399415	0.20249516	-0.063450135	0.08226377	-0.20491235	0.12767476	-0.17279674	0.062255774	-0.0876047	0.123141386	-0.12197571	0.101640366	-0.021278517	0.021120809	-0.08887397	0.063959226	-0.10536576
-0.12423637	0.12467935	-0.26728648	0.18873632	-0.24230808	0.07633974	-0.11910735	0.19371304	-0.22185647	0.25018436	-0.10112712	0.13597226	-0.29742232	0.28345782	-0.7375798	0.07599588	-0.08994583	0.21571529	-0.35080692	0.9999984	-0.07544896	0.086111985	-0.16206454	0.13494863	-0.15252931	0.04428162	-0.05674754	0.13118663	-0.08928531	0.11586076	-0.04436629	0.059977937	-0.08560733	0.082821324	-0.07409663	0.015136055	-0.015069346	0.062474933	-0.045280308	0.074580036
0.09123858	-0.061778657	0.079340026	-0.054353926	0.04998827	-0.054049715	0.05777275	-0.06772973	0.062077742	-0.056197148	0.08067613	-0.1197663	0.0981199	-0.07644052	0.060927533	-0.43374842	0.27596566	-0.13573082	0.1087431	-0.07544896	0.9999983	-0.739028	0.18163109	-0.11400775	0.11084067	-0.25397214	0.19199723	-0.16195017	0.08632902	-0.10913771	0.18550883	-0.20050772	0.099223636	-0.08785876	0.07362065	-0.036444936	0.036728963	-0.065357864	0.047410045	-0.074629165
-0.106236145	0.06949988	-0.09261469	0.062538974	-0.057904072	0.060929567	-0.06583646	0.07784356	-0.07225271	0.06421759	-0.09186505	0.12796983	-0.11651584	0.08858214	-0.07094503	0.26589486	-0.35235226	0.15641467	-0.13192263	0.086111985	-0.739028	0.9999985	-0.28014302	0.13631205	-0.13850674	0.18905883	-0.2750068	0.17544378	-0.09853831	0.11941397	-0.19336613	0.20372936	-0.1125935	0.09587967	-0.08170339	0.037691116	-0.038708147	0.06997206	-0.05142592	0.07996246
0.11953165	-0.09927691	0.14593124	-0.10497621	0.09688481	-0.07065478	0.090656064	-0.12963784	0.12147281	-0.11084953	0.098748274	-0.14597678	0.197372	-0.16426137	0.12619682	-0.14449804	0.16286808	-0.43787074	0.258746	-0.16206454	0.18163109	-0.28014302	0.99999857	-0.502303	0.28780133	-0.10101806	0.13940793	-0.43446657	0.1950718	-0.26177624	0.09862865	-0.14266329	0.20609541	-0.1936489	0.14960395	-0.03223738	0.032070067	-0.13216068	0.095499694	-0.15373242
-0.089857206	0.07517104	-0.116849124	0.08320954	-0.0784194	0.052848417	-0.06935191	0.10073467	-0.098707415	0.08806082	-0.07355305	0.10459314	-0.15671267	0.13488677	-0.10733132	0.09046776	-0.10684981	0.22747028	-0.27399415	0.13494863	-0.11400775	0.13631205	-0.502303	0.9999985	-0.7070937	0.06377852	-0.08712183	0.22555408	-0.21736047	0.24214122	-0.064195454	0.08888858	-0.15469359	0.15271594	-0.12318211	0.022069886	-0.022004882	0.097121194	-0.072559305	0.11517703
0.10073738	-0.08428622	0.12447319	-0.08986003	0.0840552	-0.059236974	0.07624216	-0.10729549	0.10171696	-0.09708429	0.08221111	-0.1211346	0.15373507	-0.13675313	0.11198049	-0.09518004	0.107469894	-0.21577029	0.20249516	-0.15252931	0.11084067	-0.13850674	0.28780133	-0.7070937	0.9999984	-0.071610466	0.09816393	-0.28561732	0.23269281	-0.4279474	0.070741534	-0.10506039	0.1802393	-0.19532599	0.15858631	-0.027282208	0.026975544	-0.13090998	0.09536829	-0.15804018
-0.05454957	0.03639454	-0.04947822	0.03288	-0.030562086	0.031113122	-0.03403706	0.040385846	-0.037460465	0.0337601	-0.04608285	0.06448223	-0.059135143	0.04488346	-0.03660004	0.11397235	-0.115912825	0.070759274	-0.063450135	0.04428162	-0.25397214	0.18905883	-0.10101806	0.06377852	-0.071610466	0.9999983	-0.3023167	0.11312451	-0.06099586	0.0690738	-0.8637595	0.24469297	-0.079095185	0.061847784	-0.05436157	0.08034228	-0.08457857	0.04886123	-0.03639857	0.05168421
0.06588393	-0.044914667	0.06313809	-0.04186031	0.03905177	-0.037381534	0.041949943	-0.051154792	0.04775999	-0.043014947	0.05482255	-0.07634519	0.07567459	-0.057486605	0.046994098	-0.11096644	0.12341959	-0.09107858	0.08226377	-0.05674754	0.19199723	-0.2750068	0.13940793	-0.08712183	0.09816393	-0.3023167	0.9999984	-0.22227648	0.090256795	-0.09693658	0.24095376	-0.8336804	0.13432412	-0.09569856	0.075938866	-0.0561604	0.05626593	-0.066196345	0.049356423	-0.071276836
-0.13232961	0.09490944	-0.15084185	0.09729369	-0.09232205	0.07393731	-0.08908747	0.11710249	-0.11243432	0.099213816	-0.105645	0.13678408	-0.18301675	0.13479817	-0.11212855	0.11653624	-0.14181307	0.20432608	-0.20491235	0.13118663	-0.16195017	0.17544378	-0.43446657	0.22555408	-0.28561732	0.11312451	-0.22227648	0.9999985	-0.29566786	0.24921004	-0.11868894	0.18182069	-0.57851595	0.2731451	-0.21210071	0.038870826	-0.039398395	0.16376044	-0.12974477	0.17594232
0.08212266	-0.06166299	0.09375099	-0.06270466	0.059023216	-0.046504017	0.05674973	-0.075004265	0.07116332	-0.065329164	0.06572783	-0.089848824	0.11083326	-0.08758343	0.07254297	-0.069011614	0.08074571	-0.12911513	0.12767476	-0.08928531	0.08632902	-0.09853831	0.1950718	-0.21736047	0.23269281	-0.06099586	0.090256795	-0.29566786	0.9999987	-0.6511764	0.062173057	-0.09636135	0.2684048	-0.54691803	0.22784226	-0.028642463	0.028360048	-0.17105393	0.13388465	-0.2025842
-0.11068292	0.080697775	-0.12826546	0.083328955	-0.079306334	0.061900105	-0.07526444	0.09939437	-0.095546804	0.085763305	-0.08785773	0.11469943	-0.15123694	0.11516283	-0.09732682	0.086110115	-0.10362284	0.16293603	-0.17279674	0.11586076	-0.10913771	0.11941397	-0.26177624	0.24214122	-0.4279474	0.0690738	-0.09693658	0.24921004	-0.6511764	0.99999875	-0.072194606	0.09943633	-0.27209526	0.27987537	-0.298965	0.029591259	-0.029614793	0.15739459	-0.12860157	0.19836365
0.053091627	-0.03624066	0.048777524	-0.032690212	0.030312914	-0.030482538	0.033643294	-0.040111553	0.03706695	-0.033719946	0.04479426	-0.06465509	0.058066845	-0.044600405	0.036316853	-0.10996436	0.10440416	-0.070517935	0.062255774	-0.04436629	0.18550883	-0.19336613	0.09862865	-0.064195454	0.070741534	-0.8637595	0.24095376	-0.11868894	0.062173057	-0.072194606	0.99999875	-0.3404173	0.08139587	-0.06525885	0.056310818	-0.10210134	0.091690995	-0.052336857	0.038461786	-0.05492618
-0.072739564	0.048294436	-0.06873409	0.044953868	-0.04207417	0.040799294	-0.04536122	0.054845095	-0.051384162	0.04593868	-0.06012771	0.08090336	-0.08166109	0.06112417	-0.050279465	0.11079425	-0.13240899	0.09341066	-0.0876047	0.059977937	-0.20050772	0.20372936	-0.14266329	0.08888858	-0.10506039	0.24469297	-0.8336804	0.18182069	-0.09636135	0.09943633	-0.3404173	0.99999857	-0.15160877	0.09899935	-0.08139993	0.066770464	-0.07179688	0.06898087	-0.05229666	0.07380894
0.084892616	-0.06209981	0.09423431	-0.062168285	0.058493827	-0.047790606	0.057393827	-0.07463536	0.070620395	-0.064243264	0.06795864	-0.09196822	0.11121655	-0.08540692	0.070750706	-0.07535546	0.088276826	-0.12882596	0.123141386	-0.08560733	0.099223636	-0.1125935	0.20609541	-0.15469359	0.1802393	-0.079095185	0.13432412	-0.57851595	0.2684048	-0.27209526	0.08139587	-0.15160877	0.99999857	-0.59456974	0.22914614	-0.037326816	0.037109252	-0.25093764	0.17191802	-0.22529659
-0.0842724	0.060419083	-0.09445321	0.06111145	-0.057884153	0.04696278	-0.056259412	0.07307835	-0.069736525	0.06268272	-0.06689046	0.08753941	-0.11046657	0.08326787	-0.069718875	0.06749833	-0.08085339	0.11902561	-0.12197571	0.082821324	-0.08785876	0.09587967	-0.1936489	0.15271594	-0.19532599	0.061847784	-0.09569856	0.2731451	-0.54691803	0.27987537	-0.06525885	0.09899935	-0.59456974	0.99999875	-0.348436	0.031190129	-0.031224275	0.20262048	-0.19466716	0.22543754
0.078550376	-0.056176376	0.08443524	-0.054983635	0.05176018	-0.04373581	0.051682524	-0.06554098	0.06175048	-0.05674819	0.06215822	-0.08359031	0.095556565	-0.0730988	0.06132867	-0.05911781	0.069502115	-0.10136644	0.101640366	-0.07409663	0.07362065	-0.08170339	0.14960395	-0.12318211	0.15858631	-0.05436157	0.075938866	-0.21210071	0.22784226	-0.298965	0.056310818	-0.08139993	0.22914614	-0.348436	0.9999984	-0.044022452	0.0428955	-0.35765865	0.26696235	-0.7289851
-0.01814583	0.0122453775	-0.017687997	0.011462417	-0.010747765	0.010129061	-0.011399565	0.013854046	-0.0129691325	0.011724206	-0.01473123	0.019910337	-0.020311102	0.015255999	-0.012671137	0.023187831	-0.025110085	0.022105632	-0.021278517	0.015136055	-0.036444936	0.037691116	-0.03223738	0.022069886	-0.027282208	0.08034228	-0.0561604	0.038870826	-0.028642463	0.029591259	-0.10210134	0.066770464	-0.037326816	0.031190129	-0.044022452	0.9999983	-0.98440254	0.065347046	-0.05142823	0.038218938
0.017974688	-0.01218344	0.017498646	-0.011377674	0.010657865	-0.010059624	0.011326791	-0.01376081	0.012865945	-0.011652668	0.0146237705	-0.01993236	0.020127403	-0.0151649425	0.012579564	-0.023563892	0.025200149	-0.022088327	0.021120809	-0.015069346	0.036728963	-0.038708147	0.032070067	-0.022004882	0.026975544	-0.08457857	0.05626593	-0.039398395	0.028360048	-0.029614793	0.091690995	-0.07179688	0.037109252	-0.031224275	0.0428955	-0.98440254	0.9999983	-0.071389385	0.050633844	-0.038733084
-0.07127925	0.048640996	-0.07592968	0.047964998	-0.045469303	0.039002646	-0.045386456	0.05713521	-0.054269265	0.048780225	-0.05584771	0.070907444	-0.08520219	0.063056536	-0.053240817	0.050881412	-0.061090473	0.08555055	-0.08887397	0.062474933	-0.065357864	0.06997206	-0.13216068	0.097121194	-0.13090998	0.04886123	-0.066196345	0.16376044	-0.17105393	0.15739459	-0.052336857	0.06898087	-0.25093764	0.20262048	-0.35765865	0.065347046	-0.071389385	0.99999833	-0.8056005	0.2917398
0.050284207	-0.034842864	0.05383505	-0.034346726	0.03249239	-0.027676286	0.032390002	-0.04094447	0.038812023	-0.035087895	0.03954779	-0.05108841	0.06075116	-0.04542777	0.038244825	-0.03706116	0.044141613	-0.062438533	0.063959226	-0.045280308	0.047410045	-0.05142592	0.095499694	-0.072559305	0.09536829	-0.03639857	0.049356423	-0.12974477	0.13388465	-0.12860157	0.038461786	-0.05229666	0.17191802	-0.19466716	0.26696235	-0.05142823	0.050633844	-0.8056005	0.99999833	-0.4670346
-0.08570072	0.058332365	-0.09101924	0.05739719	-0.054417416	0.046814896	-0.054390986	0.06829211	-0.06483279	0.058367185	-0.06700556	0.08494026	-0.1015056	0.075134955	-0.063552365	0.05904133	-0.07105246	0.10084771	-0.10536576	0.074580036	-0.074629165	0.07996246	-0.15373242	0.11517703	-0.15804018	0.05168421	-0.071276836	0.17594232	-0.2025842	0.19836365	-0.05492618	0.07380894	-0.22529659	0.22543754	-0.7289851	0.038218938	-0.038733084	0.2917398	-0.4670346	0.99999833
