1.0000001	-0.14202824	0.11202425	-0.10809321	0.038150296	-0.9550298	0.13471821	-0.13743709	0.08892013	-0.03691336	0.08245613	-0.10250281	0.08978452	-0.04031021	0.041939937	-0.078303255	0.0999299	-0.06641303	0.010836494	-0.011818771	0.050343182	-0.05884994	0.047503356	-0.017367302	0.014792928	-0.049038768	0.046515975	-0.057036348	0.015239333	-0.016284721	0.03104252	-0.033576913	0.032757476	-0.021262007	0.030118871	-0.03532404	0.024584379	-0.020562427	0.017928194	-0.021434475
-0.14202824	1.0000005	-0.80307925	0.23938105	-0.080478966	0.12434936	-0.38908964	0.24897265	-0.22617766	0.07231872	-0.062868565	0.15827373	-0.11919849	0.076505974	-0.0853434	0.055406682	-0.15871567	0.07993743	-0.010391907	0.010801488	-0.046912834	0.059172276	-0.052898604	0.014315196	-0.012328609	0.043119565	-0.047522824	0.05909321	-0.012294672	0.012795172	-0.026945628	0.030054387	-0.029264871	0.016754685	-0.022889154	0.02865083	-0.02099607	0.017475339	-0.014229563	0.016276015
0.11202425	-0.80307925	1.0000005	-0.39075214	0.0825704	-0.11479068	0.24598755	-0.29254818	0.22466755	-0.07815458	0.053346835	-0.1376383	0.09987861	-0.078182444	0.082165115	-0.048283733	0.12576015	-0.06984818	0.0095275985	-0.009892087	0.040348683	-0.051434238	0.045868076	-0.012992015	0.011145019	-0.037752926	0.04096727	-0.05248852	0.010986372	-0.011471907	0.023664044	-0.026433526	0.025665296	-0.014929578	0.020384358	-0.025451183	0.018469173	-0.015420976	0.012646844	-0.014529173
-0.10809321	0.23938105	-0.39075214	1.0000008	-0.20841542	0.09825394	-0.2546321	0.27060157	-0.7320647	0.1698356	-0.06158012	0.13919005	-0.12724465	0.16431566	-0.18890242	0.053991366	-0.15640244	0.082292385	-0.013822711	0.014120713	-0.048301283	0.060518254	-0.055257265	0.017339054	-0.0149237495	0.04424436	-0.049287643	0.061271936	-0.0138511965	0.014524834	-0.028531363	0.031696618	-0.031170499	0.018462492	-0.025614394	0.03036199	-0.022498937	0.0186881	-0.015582037	0.017837038
0.038150296	-0.080478966	0.0825704	-0.20841542	1.0000007	-0.03795697	0.075758785	-0.10549937	0.17341055	-0.9426966	0.02091044	-0.047470424	0.042694755	-0.14272815	0.13593662	-0.018842164	0.049131878	-0.029115658	0.0076787993	-0.0076950667	0.016726168	-0.021257134	0.019440446	-0.008488524	0.0071595116	-0.015728345	0.017181661	-0.022295315	0.0058245477	-0.006225886	0.010398121	-0.011556879	0.011401967	-0.0074096425	0.010425289	-0.011342272	0.008322617	-0.0069640214	0.0061361194	-0.0070931534
-0.9550298	0.12434936	-0.11479068	0.09825394	-0.03795697	1.0000005	-0.14976309	0.12631132	-0.08876006	0.035716444	-0.091650836	0.10298101	-0.0976742	0.03962315	-0.04263362	0.077732526	-0.108727686	0.067727	-0.010887731	0.011835291	-0.051843878	0.059071712	-0.04890243	0.017349899	-0.014907627	0.048852567	-0.047553368	0.05679563	-0.015371174	0.016364701	-0.031407177	0.033771884	-0.03339388	0.021388898	-0.030912088	0.03495798	-0.025042955	0.020772217	-0.018097695	0.02145078
0.13471821	-0.38908964	0.24598755	-0.2546321	0.075758785	-0.14976309	1.0000007	-0.66121614	0.22367087	-0.07535526	0.09685737	-0.42498803	0.17248628	-0.08008437	0.08077637	-0.08783689	0.24259216	-0.12527677	0.013577516	-0.014133151	0.06913597	-0.09026383	0.078675024	-0.019137649	0.016428342	-0.06442117	0.070203364	-0.08987499	0.016911756	-0.017481456	0.038559515	-0.043528557	0.041771337	-0.023213463	0.031047314	-0.040956292	0.029645445	-0.024812033	0.019754954	-0.022493802
-0.13743709	0.24897265	-0.29254818	0.27060157	-0.10549937	0.12631132	-0.66121614	1.0000008	-0.4419963	0.09928387	-0.09619016	0.2404651	-0.20413847	0.11122657	-0.11985987	0.08298913	-0.2641057	0.12842932	-0.015415576	0.015955692	-0.072963946	0.09206899	-0.084056705	0.021173825	-0.018258287	0.06616566	-0.074556924	0.09221387	-0.018416945	0.01906488	-0.04122942	0.046107136	-0.044949405	0.025130266	-0.034125283	0.043310992	-0.03203491	0.026617752	-0.021397132	0.024306271
0.08892013	-0.22617766	0.22466755	-0.7320647	0.17341055	-0.08876006	0.22367087	-0.4419963	1.000001	-0.20205027	0.051698003	-0.12710086	0.10423081	-0.23245469	0.18637009	-0.046283446	0.12647322	-0.07067586	0.013068814	-0.013183943	0.040251378	-0.051213186	0.046493933	-0.015597045	0.0132554425	-0.03747833	0.041181475	-0.05278791	0.0119365975	-0.012568338	0.023948837	-0.026728261	0.026135378	-0.015747089	0.0217352	-0.025741905	0.01885806	-0.015743395	0.01322485	-0.015178739
-0.03691336	0.07231872	-0.07815458	0.1698356	-0.9426966	0.035716444	-0.07535526	0.09928387	-0.20205027	1.0000007	-0.020539884	0.046134923	-0.042505626	0.13554901	-0.16315106	0.018375244	-0.049109075	0.028493967	-0.007469412	0.007499225	-0.016433615	0.02080273	-0.01908086	0.008207697	-0.006971447	0.015363561	-0.016872957	0.021702167	-0.005667056	0.0060503813	-0.01016413	0.011288282	-0.011155194	0.007210504	-0.010163513	0.011039187	-0.008136551	0.006798491	-0.00597757	0.0068972516
0.08245613	-0.062868565	0.053346835	-0.06158012	0.02091044	-0.091650836	0.09685737	-0.09619016	0.051698003	-0.020539884	1.0000006	-0.20252284	0.12272766	-0.02306684	0.023645474	-0.906896	0.17416658	-0.10208246	0.012524033	-0.013581128	0.19364055	-0.16510813	0.082049355	-0.020315997	0.017770564	-0.18406877	0.11731674	-0.099767156	0.020551298	-0.020830305	0.0624818	-0.0679652	0.05966459	-0.029631723	0.0375222	-0.06420865	0.042025644	-0.035451625	0.025774453	-0.028803146
-0.10250281	0.15827373	-0.1376383	0.13919005	-0.047470424	0.10298101	-0.42498803	0.2404651	-0.12710086	0.046134923	-0.20252284	1.0000005	-0.34465307	0.051684134	-0.053580124	0.16041945	-0.70713085	0.22187586	-0.018477015	0.019215409	-0.12285501	0.15930593	-0.13735971	0.026855474	-0.02316044	0.10918587	-0.12438569	0.1476474	-0.025084533	0.025525915	-0.061970286	0.07040832	-0.067142226	0.034775984	-0.04540633	0.063615814	-0.046641767	0.038957413	-0.029812787	0.03336479
0.08978452	-0.11919849	0.09987861	-0.12724465	0.042694755	-0.0976742	0.17248628	-0.20413847	0.10423081	-0.042505626	0.12272766	-0.34465307	1.0000005	-0.053071667	0.052441575	-0.123248756	0.28180918	-0.6993671	0.03456418	-0.035254706	0.13603728	-0.20995644	0.27580655	-0.047634747	0.039633725	-0.14809863	0.167326	-0.3643384	0.042289156	-0.043204367	0.092101075	-0.109860666	0.103654824	-0.05715469	0.07115092	-0.10415664	0.07085428	-0.061906498	0.047987893	-0.054791167
-0.04031021	0.076505974	-0.078182444	0.16431566	-0.14272815	0.03962315	-0.08008437	0.11122657	-0.23245469	0.13554901	-0.02306684	0.051684134	-0.053071667	1.0000006	-0.9376932	0.02085105	-0.053964157	0.035731386	-0.02519919	0.023438092	-0.019103112	0.024573792	-0.0232936	0.020299379	-0.01676536	0.018210344	-0.019996004	0.027011564	-0.010260252	0.011309465	-0.012666412	0.014146558	-0.014264478	0.011408564	-0.016605346	0.014070051	-0.010555419	0.008940505	-0.009019607	0.010388794
0.041939937	-0.0853434	0.082165115	-0.18890242	0.13593662	-0.04263362	0.08077637	-0.11985987	0.18637009	-0.16315106	0.023645474	-0.053580124	0.052441575	-0.9376932	1.0000005	-0.02155153	0.0542239	-0.03656065	0.02468672	-0.024082113	0.019568603	-0.025279082	0.023794264	-0.020719824	0.017039979	-0.018770728	0.02048193	-0.027883321	0.010497393	-0.011589483	0.013026257	-0.014561445	0.014642831	-0.011719231	0.016966648	-0.014535616	0.010839044	-0.009194057	0.0092606805	-0.010693171
-0.078303255	0.055406682	-0.048283733	0.053991366	-0.018842164	0.077732526	-0.08783689	0.08298913	-0.046283446	0.018375244	-0.906896	0.16041945	-0.123248756	0.02085105	-0.02155153	1.0000001	-0.18994297	0.0963245	-0.011806129	0.012777563	-0.25604913	0.15059263	-0.07926384	0.01911111	-0.016807426	0.16602013	-0.11523459	0.09185821	-0.019464877	0.019654455	-0.05968762	0.06380585	-0.057411622	0.028004084	-0.035892796	0.058957215	-0.040264074	0.033552263	-0.02443234	0.027079703
0.0999299	-0.15871567	0.12576015	-0.15640244	0.049131878	-0.108727686	0.24259216	-0.2641057	0.12647322	-0.049109075	0.17416658	-0.70713085	0.28180918	-0.053964157	0.0542239	-0.18994297	0.9999998	-0.3508182	0.022725241	-0.023562074	0.14877658	-0.2532539	0.17628217	-0.032760836	0.028006323	-0.14112546	0.15949021	-0.20492871	0.03067061	-0.03112571	0.07658624	-0.08991412	0.08294185	-0.04256461	0.05416069	-0.079889864	0.056895528	-0.048214663	0.036334913	-0.04070036
-0.06641303	0.07993743	-0.06984818	0.082292385	-0.029115658	0.067727	-0.12527677	0.12842932	-0.07067586	0.028493967	-0.10208246	0.22187586	-0.6993671	0.035731386	-0.03656065	0.0963245	-0.3508182	0.9999999	-0.033085093	0.031438712	-0.11799053	0.17068319	-0.4860742	0.04008842	-0.033441044	0.116570905	-0.14921185	0.28259903	-0.034581	0.0348825	-0.075512275	0.08845989	-0.087871306	0.045918327	-0.058764186	0.07959291	-0.058989357	0.050244473	-0.03882122	0.04320974
0.010836494	-0.010391907	0.0095275985	-0.013822711	0.0076787993	-0.010887731	0.013577516	-0.015415576	0.013068814	-0.007469412	0.012524033	-0.018477015	0.03456418	-0.02519919	0.02468672	-0.011806129	0.022725241	-0.033085093	0.9999995	-0.780074	0.01781905	-0.02395525	0.025002792	-0.52538425	0.28710482	-0.01948463	0.02242135	-0.027877683	0.123885155	-0.14521451	0.030757872	-0.035092697	0.04426452	-0.09844008	0.14629139	-0.03951528	0.036840856	-0.033863667	0.06575611	-0.07387597
-0.011818771	0.010801488	-0.009892087	0.014120713	-0.0076950667	0.011835291	-0.014133151	0.015955692	-0.013183943	0.007499225	-0.013581128	0.019215409	-0.035254706	0.023438092	-0.024082113	0.012777563	-0.023562074	0.031438712	-0.780074	0.9999995	-0.019667989	0.026183456	-0.02572342	0.31241575	-0.4808425	0.021564668	-0.024739025	0.02942637	-0.14606419	0.16801205	-0.03563046	0.04016132	-0.05151562	0.11153425	-0.18755966	0.04549014	-0.043360777	0.03953735	-0.078237385	0.08521103
0.050343182	-0.046912834	0.040348683	-0.048301283	0.016726168	-0.051843878	0.06913597	-0.072963946	0.040251378	-0.016433615	0.19364055	-0.12285501	0.13603728	-0.019103112	0.019568603	-0.25604913	0.14877658	-0.11799053	0.01781905	-0.019667989	0.9999996	-0.48581827	0.13364552	-0.030505976	0.027233813	-0.73453087	0.2953119	-0.16598566	0.033774324	-0.0333837	0.12961407	-0.14143915	0.114499055	-0.049945474	0.060475256	-0.12177932	0.07732617	-0.065446	0.043887544	-0.047458764
-0.05884994	0.059172276	-0.051434238	0.060518254	-0.021257134	0.059071712	-0.09026383	0.09206899	-0.051213186	0.02080273	-0.16510813	0.15930593	-0.20995644	0.024573792	-0.025279082	0.15059263	-0.2532539	0.17068319	-0.02395525	0.026183456	-0.48581827	0.99999934	-0.23919787	0.040360197	-0.03647879	0.31113806	-0.6535267	0.2329167	-0.0456845	0.04428301	-0.1580312	0.18603113	-0.16893534	0.06668689	-0.08228669	0.13329642	-0.107048504	0.086967185	-0.05881435	0.06174172
0.047503356	-0.052898604	0.045868076	-0.055257265	0.019440446	-0.04890243	0.078675024	-0.084056705	0.046493933	-0.01908086	0.082049355	-0.13735971	0.27580655	-0.0232936	0.023794264	-0.07926384	0.17628217	-0.4860742	0.025002792	-0.02572342	0.13364552	-0.23919787	0.99999917	-0.03740067	0.031880684	-0.14860131	0.20111758	-0.75402266	0.038595412	-0.03740244	0.087609075	-0.11222091	0.107557125	-0.051270787	0.06024709	-0.09238492	0.066778034	-0.059891056	0.042614114	-0.04665616
-0.017367302	0.014315196	-0.012992015	0.017339054	-0.008488524	0.017349899	-0.019137649	0.021173825	-0.015597045	0.008207697	-0.020315997	0.026855474	-0.047634747	0.020299379	-0.020719824	0.01911111	-0.032760836	0.04008842	-0.52538425	0.31241575	-0.030505976	0.040360197	-0.03740067	0.9999992	-0.6229842	0.033695262	-0.03860317	0.044218555	-0.2817494	0.2572304	-0.058640495	0.065721184	-0.085906945	0.18749736	-0.32486886	0.07459295	-0.072567634	0.06597915	-0.13361771	0.14079301
0.014792928	-0.012328609	0.011145019	-0.0149237495	0.0071595116	-0.014907627	0.016428342	-0.018258287	0.0132554425	-0.006971447	0.017770564	-0.02316044	0.039633725	-0.01676536	0.017039979	-0.016807426	0.028006323	-0.033441044	0.28710482	-0.4808425	0.027233813	-0.03647879	0.031880684	-0.6229842	0.9999992	-0.03049354	0.034799125	-0.0391021	0.24005519	-0.4451765	0.053231794	-0.061998926	0.078570664	-0.1982528	0.24109672	-0.070264794	0.06500829	-0.06109515	0.12154114	-0.14150001
-0.049038768	0.043119565	-0.037752926	0.04424436	-0.015728345	0.048852567	-0.06442117	0.06616566	-0.03747833	0.015363561	-0.18406877	0.10918587	-0.14809863	0.018210344	-0.018770728	0.16602013	-0.14112546	0.116570905	-0.01948463	0.021564668	-0.73453087	0.31113806	-0.14860131	0.033695262	-0.03049354	0.9999992	-0.49035773	0.1699977	-0.038489785	0.03751306	-0.17587201	0.16589698	-0.14158556	0.057003736	-0.06970173	0.13467997	-0.09283608	0.07635723	-0.050562434	0.05342011
0.046515975	-0.047522824	0.04096727	-0.049287643	0.017181661	-0.047553368	0.070203364	-0.074556924	0.041181475	-0.016872957	0.11731674	-0.12438569	0.167326	-0.019996004	0.02048193	-0.11523459	0.15949021	-0.14921185	0.02242135	-0.024739025	0.2953119	-0.6535267	0.20111758	-0.03860317	0.034799125	-0.49035773	0.9999991	-0.32091674	0.044994052	-0.04340061	0.16721998	-0.2821789	0.17470933	-0.06698532	0.07793311	-0.14553647	0.1056217	-0.09087621	0.058179505	-0.06122854
-0.057036348	0.05909321	-0.05248852	0.061271936	-0.022295315	0.05679563	-0.08987499	0.09221387	-0.05278791	0.021702167	-0.099767156	0.1476474	-0.3643384	0.027011564	-0.027883321	0.09185821	-0.20492871	0.28259903	-0.027877683	0.02942637	-0.16598566	0.2329167	-0.75402266	0.044218555	-0.0391021	0.1699977	-0.32091674	0.99999905	-0.050210897	0.04698016	-0.113715164	0.14163774	-0.15451716	0.065492086	-0.07807357	0.11245338	-0.08903819	0.077715494	-0.055035233	0.05886554
0.015239333	-0.012294672	0.010986372	-0.0138511965	0.0058245477	-0.015371174	0.016911756	-0.018416945	0.0119365975	-0.005667056	0.020551298	-0.025084533	0.042289156	-0.010260252	0.010497393	-0.019464877	0.03067061	-0.034581	0.123885155	-0.14606419	0.033774324	-0.0456845	0.038595412	-0.2817494	0.24005519	-0.038489785	0.044994052	-0.050210897	0.99999875	-0.6748685	0.07100329	-0.0893146	0.11886829	-0.5408174	0.28901634	-0.09322388	0.09046996	-0.09055841	0.1960246	-0.20561905
-0.016284721	0.012795172	-0.011471907	0.014524834	-0.006225886	0.016364701	-0.017481456	0.01906488	-0.012568338	0.0060503813	-0.020830305	0.025525915	-0.043204367	0.011309465	-0.011589483	0.019654455	-0.03112571	0.0348825	-0.14521451	0.16801205	-0.0333837	0.04428301	-0.03740244	0.2572304	-0.4451765	0.03751306	-0.04340061	0.04698016	-0.6748685	0.9999987	-0.07019816	0.08105596	-0.11085315	0.2796248	-0.42043746	0.08973347	-0.09021028	0.08425519	-0.18779126	0.18085973
0.03104252	-0.026945628	0.023664044	-0.028531363	0.010398121	-0.031407177	0.038559515	-0.04122942	0.023948837	-0.01016413	0.0624818	-0.061970286	0.092101075	-0.012666412	0.013026257	-0.05968762	0.07658624	-0.075512275	0.030757872	-0.03563046	0.12961407	-0.1580312	0.087609075	-0.058640495	0.053231794	-0.17587201	0.16721998	-0.113715164	0.07100329	-0.07019816	0.9999985	-0.52597773	0.27150658	-0.11441524	0.12714975	-0.7227209	0.2130394	-0.19193499	0.10459162	-0.11227946
-0.033576913	0.030054387	-0.026433526	0.031696618	-0.011556879	0.033771884	-0.043528557	0.046107136	-0.026728261	0.011288282	-0.0679652	0.07040832	-0.109860666	0.014146558	-0.014561445	0.06380585	-0.08991412	0.08845989	-0.035092697	0.04016132	-0.14143915	0.18603113	-0.11222091	0.065721184	-0.061998926	0.16589698	-0.2821789	0.14163774	-0.0893146	0.08105596	-0.52597773	0.9999983	-0.6322935	0.14145616	-0.15338576	0.29512843	-0.26500678	0.22039668	-0.12578812	0.121599935
0.032757476	-0.029264871	0.025665296	-0.031170499	0.011401967	-0.03339388	0.041771337	-0.044949405	0.026135378	-0.011155194	0.05966459	-0.067142226	0.103654824	-0.014264478	0.014642831	-0.057411622	0.08294185	-0.087871306	0.04426452	-0.05151562	0.114499055	-0.16893534	0.107557125	-0.085906945	0.078570664	-0.14158556	0.17470933	-0.15451716	0.11886829	-0.11085315	0.27150658	-0.6322935	0.9999985	-0.23527186	0.17929997	-0.3640382	0.28019398	-0.4449566	0.17054437	-0.17215058
-0.021262007	0.016754685	-0.014929578	0.018462492	-0.0074096425	0.021388898	-0.023213463	0.025130266	-0.015747089	0.007210504	-0.029631723	0.034775984	-0.05715469	0.011408564	-0.011719231	0.028004084	-0.04256461	0.045918327	-0.09844008	0.11153425	-0.049945474	0.06668689	-0.051270787	0.18749736	-0.1982528	0.057003736	-0.06698532	0.065492086	-0.5408174	0.2796248	-0.11441524	0.14145616	-0.23527186	0.99999887	-0.50118786	0.14246929	-0.1565344	0.1552613	-0.46650788	0.28718257
0.030118871	-0.022889154	0.020384358	-0.025614394	0.010425289	-0.030912088	0.031047314	-0.034125283	0.0217352	-0.010163513	0.0375222	-0.04540633	0.07115092	-0.016605346	0.016966648	-0.035892796	0.05416069	-0.058764186	0.14629139	-0.18755966	0.060475256	-0.08228669	0.06024709	-0.32486886	0.24109672	-0.06970173	0.07793311	-0.07807357	0.28901634	-0.42043746	0.12714975	-0.15338576	0.17929997	-0.50118786	0.9999991	-0.18567999	0.14952195	-0.14683244	0.2868946	-0.48104954
-0.03532404	0.02865083	-0.025451183	0.03036199	-0.011342272	0.03495798	-0.040956292	0.043310992	-0.025741905	0.011039187	-0.06420865	0.063615814	-0.10415664	0.014070051	-0.014535616	0.058957215	-0.079889864	0.07959291	-0.03951528	0.04549014	-0.12177932	0.13329642	-0.09238492	0.07459295	-0.070264794	0.13467997	-0.14553647	0.11245338	-0.09322388	0.08973347	-0.7227209	0.29512843	-0.3640382	0.14246929	-0.18567999	0.9999989	-0.38889787	0.23372623	-0.1382645	0.13778646
0.024584379	-0.02099607	0.018469173	-0.022498937	0.008322617	-0.025042955	0.029645445	-0.03203491	0.01885806	-0.008136551	0.042025644	-0.046641767	0.07085428	-0.010555419	0.010839044	-0.040264074	0.056895528	-0.058989357	0.036840856	-0.043360777	0.07732617	-0.107048504	0.066778034	-0.072567634	0.06500829	-0.09283608	0.1056217	-0.08903819	0.09046996	-0.09021028	0.2130394	-0.26500678	0.28019398	-0.1565344	0.14952195	-0.38889787	0.9999989	-0.77909243	0.18145408	-0.1969945
-0.020562427	0.017475339	-0.015420976	0.0186881	-0.0069640214	0.020772217	-0.024812033	0.026617752	-0.015743395	0.006798491	-0.035451625	0.038957413	-0.061906498	0.008940505	-0.009194057	0.033552263	-0.048214663	0.050244473	-0.033863667	0.03953735	-0.065446	0.086967185	-0.059891056	0.06597915	-0.06109515	0.07635723	-0.09087621	0.077715494	-0.09055841	0.08425519	-0.19193499	0.22039668	-0.4449566	0.1552613	-0.14683244	0.23372623	-0.77909243	0.99999887	-0.23711577	0.1776912
0.017928194	-0.014229563	0.012646844	-0.015582037	0.0061361194	-0.018097695	0.019754954	-0.021397132	0.01322485	-0.00597757	0.025774453	-0.029812787	0.047987893	-0.009019607	0.0092606805	-0.02443234	0.036334913	-0.03882122	0.06575611	-0.078237385	0.043887544	-0.05881435	0.042614114	-0.13361771	0.12154114	-0.050562434	0.058179505	-0.055035233	0.1960246	-0.18779126	0.10459162	-0.12578812	0.17054437	-0.46650788	0.2868946	-0.1382645	0.18145408	-0.23711577	0.9999989	-0.7514308
-0.021434475	0.016276015	-0.014529173	0.017837038	-0.0070931534	0.02145078	-0.022493802	0.024306271	-0.015178739	0.0068972516	-0.028803146	0.03336479	-0.054791167	0.010388794	-0.010693171	0.027079703	-0.04070036	0.04320974	-0.07387597	0.08521103	-0.047458764	0.06174172	-0.04665616	0.14079301	-0.14150001	0.05342011	-0.06122854	0.05886554	-0.20561905	0.18085973	-0.11227946	0.121599935	-0.17215058	0.28718257	-0.48104954	0.13778646	-0.1969945	0.1776912	-0.7514308	0.9999989
