1.0	-0.3872987	0.20613798	-0.17013103	0.15053348	-0.80119735	0.2832787	-0.2794195	0.17099702	-0.11298099	0.16102545	-0.14581697	0.120270014	-0.12024122	0.12906308	-0.17777403	0.0779181	-0.08416272	0.06348938	-0.07005453	0.03467799	-0.06845138	0.058775257	-0.063985735	0.056555666	-0.037873197	0.04688014	-0.047526512	0.025393711	-0.03914241	0.010379367	-0.008867579	0.0072440575	-0.02524684	0.047623612	-0.0088032065	0.0063045295	-0.0076311915	0.014200507	-0.014142903
-0.3872987	0.99999994	-0.6149811	0.25375623	-0.2317525	0.2586586	-0.5017582	0.29859787	-0.23825543	0.14286529	-0.124192804	0.12558027	-0.12245896	0.12869862	-0.15758598	0.14644009	-0.071088776	0.07810981	-0.06499134	0.07126932	-0.031941023	0.063428834	-0.05572636	0.063303724	-0.056463666	0.034891255	-0.04418037	0.044744942	-0.025245678	0.039044056	-0.009695949	0.008296852	-0.0070195333	0.025120579	-0.047796592	0.008223203	-0.00591661	0.007388637	-0.014211128	0.014142588
0.20613798	-0.6149811	0.9999999	-0.5426411	0.2412649	-0.20020881	0.26885948	-0.38611162	0.24280232	-0.16460878	0.1180102	-0.12688823	0.1262474	-0.13899817	0.15859762	-0.15666078	0.07509969	-0.08377609	0.069273666	-0.07713345	0.034166675	-0.06813015	0.05930481	-0.06794684	0.05966983	-0.037567005	0.046976704	-0.0479773	0.026722424	-0.041490387	0.010419786	-0.008924104	0.007490323	-0.026650643	0.05001249	-0.00885057	0.006358222	-0.007893119	0.01499915	-0.01497529
-0.17013103	0.25375623	-0.5426411	1.0000001	-0.5388078	0.15117538	-0.21539178	0.2567223	-0.4614317	0.23994166	-0.12599578	0.13778967	-0.14495517	0.17720081	-0.22487095	0.1725028	-0.08519856	0.09572462	-0.084485106	0.09340235	-0.03886434	0.07778194	-0.06829953	0.08003615	-0.070430696	0.042749472	-0.053873062	0.055074878	-0.031227155	0.048527468	-0.0118904915	0.010189339	-0.008649224	0.031090954	-0.058431394	0.010098875	-0.007263948	0.009111594	-0.017468365	0.01743072
0.15053348	-0.2317525	0.2412649	-0.5388078	0.99999994	-0.15588403	0.18942405	-0.2941967	0.3002617	-0.5686964	0.15373988	-0.1766256	0.16923773	-0.21588434	0.2833436	-0.24309368	0.11407909	-0.12972206	0.10778595	-0.12408837	0.053312868	-0.10682272	0.09139288	-0.10717312	0.091712296	-0.059290476	0.07241497	-0.07505714	0.041202407	-0.06447665	0.016429096	-0.0140956165	0.011700094	-0.041282073	0.07553848	-0.013994591	0.010031509	-0.012354768	0.023040364	-0.023146601
-0.80119735	0.2586586	-0.20020881	0.15117538	-0.15588403	1.0000001	-0.41377735	0.24236642	-0.17825904	0.11042268	-0.20614778	0.14808837	-0.123960316	0.118153825	-0.13417886	0.16592345	-0.07560738	0.07996967	-0.061914824	0.067229256	-0.032983955	0.064767286	-0.05655376	0.061345037	-0.05518002	0.03566851	-0.045083832	0.045191273	-0.02467137	0.037887473	-0.009820354	0.00838092	-0.006944849	0.024460468	-0.046858855	0.008312108	-0.005968276	0.0073052403	-0.013836899	0.013731757
0.2832787	-0.5017582	0.26885948	-0.21539178	0.18942405	-0.41377735	1.0	-0.62486124	0.21875325	-0.14020482	0.1562068	-0.17370677	0.15421243	-0.14910299	0.15930788	-0.18174757	0.086131	-0.094577506	0.07534332	-0.08276687	0.03825387	-0.07611547	0.06646186	-0.07401272	0.06563415	-0.04178426	0.05266886	-0.0533725	0.029315148	-0.045268193	0.011533955	-0.00986292	0.008227574	-0.029138997	0.055184	-0.0097811585	0.007023492	-0.008662737	0.016417498	-0.016343065
-0.2794195	0.29859787	-0.38611162	0.2567223	-0.2941967	0.24236642	-0.62486124	0.99999994	-0.36421448	0.19630405	-0.17940688	0.1863325	-0.23721993	0.20237117	-0.2450212	0.20245534	-0.106152944	0.1164937	-0.10062757	0.10756658	-0.046852596	0.09315129	-0.08407736	0.09545138	-0.08698851	0.050784465	-0.066269115	0.066377886	-0.03871678	0.05964686	-0.014220112	0.012163508	-0.010550704	0.03841722	-0.07452679	0.012036425	-0.008694022	0.011085942	-0.021907032	0.021710113
0.17099702	-0.23825543	0.24280232	-0.4614317	0.3002617	-0.17825904	0.21875325	-0.36421448	1.0000002	-0.35872692	0.20616756	-0.2527715	0.2507951	-0.41701874	0.28991547	-0.32040069	0.15409929	-0.17786229	0.16017935	-0.18337858	0.07062621	-0.14300624	0.12390729	-0.14828138	0.12570155	-0.078354076	0.09712281	-0.100778475	0.054985736	-0.08589254	0.021570763	-0.018496033	0.015386246	-0.054702844	0.10006123	-0.018350568	0.0131483795	-0.016235402	0.030185651	-0.030249976
-0.11298099	0.14286529	-0.16460878	0.23994166	-0.5686964	0.11042268	-0.14020482	0.19630405	-0.35872692	1.0000002	-0.13243511	0.15022881	-0.16811112	0.22200224	-0.64414805	0.18837152	-0.09559681	0.10841171	-0.10291197	0.11296143	-0.043473158	0.08753203	-0.07763427	0.09289712	-0.08208331	0.04782969	-0.060831908	0.06226789	-0.035709612	0.055505246	-0.013298434	0.011399871	-0.009756685	0.035413887	-0.06652758	0.0112912515	-0.008126125	0.010274864	-0.019776978	0.019717583
0.16102545	-0.124192804	0.1180102	-0.12599578	0.15373988	-0.20614778	0.1562068	-0.17940688	0.20616756	-0.13243511	1.0000002	-0.639739	0.26022097	-0.22467169	0.18699305	-0.5796704	0.1793625	-0.17801374	0.11384567	-0.12129958	0.07066405	-0.1385108	0.11619113	-0.11154762	0.099606626	-0.07513023	0.092393756	-0.09185654	0.04322031	-0.065081395	0.019553185	-0.016577847	0.012654067	-0.042130146	0.08032242	-0.016472908	0.011689661	-0.013304557	0.023246478	-0.022928886
-0.14581697	0.12558027	-0.12688823	0.13778967	-0.1766256	0.14808837	-0.17370677	0.1863325	-0.2527715	0.15022881	-0.639739	1.0000002	-0.541289	0.25801966	-0.23417233	0.2887717	-0.16334142	0.15835717	-0.123042434	0.12295275	-0.05912471	0.11850846	-0.10899597	0.10867869	-0.100710906	0.061963763	-0.08479117	0.08213472	-0.042809222	0.06452894	-0.016800698	0.01425828	-0.01179835	0.041579664	-0.08128369	0.014118045	-0.010143069	0.012364188	-0.02322065	0.022815546
0.120270014	-0.12245896	0.1262474	-0.14495517	0.16923773	-0.123960316	0.15421243	-0.23721993	0.2507951	-0.16811112	0.26022097	-0.541289	1.0000001	-0.6141896	0.23591277	-0.29244927	0.16508393	-0.21437007	0.1662155	-0.17183676	0.063066594	-0.13282003	0.12477497	-0.13214259	0.114756525	-0.067896	0.09258735	-0.0936493	0.047042865	-0.071577765	0.018152237	-0.0154650025	0.012795176	-0.04551563	0.08600317	-0.015306826	0.010954958	-0.013435384	0.02469916	-0.024379956
-0.12024122	0.12869862	-0.13899817	0.17720081	-0.21588434	0.118153825	-0.14910299	0.20237117	-0.41701874	0.22200224	-0.22467169	0.25801966	-0.6141896	0.9999999	-0.41934898	0.23389068	-0.14680514	0.16904357	-0.2728674	0.20685853	-0.059113253	0.12224914	-0.119892	0.1463908	-0.1328595	0.06337093	-0.08885965	0.088728875	-0.05181877	0.079103515	-0.017447911	0.014903961	-0.013204114	0.049769007	-0.095913574	0.01470233	-0.010621722	0.013835839	-0.027169812	0.02673517
0.12906308	-0.15758598	0.15859762	-0.22487095	0.2833436	-0.13417886	0.15930788	-0.2450212	0.28991547	-0.64414805	0.18699305	-0.23417233	0.23591277	-0.41934898	0.9999997	-0.295377	0.14386971	-0.16722628	0.15833686	-0.18462904	0.06569011	-0.13361672	0.11643815	-0.14155771	0.120180264	-0.07288159	0.09083048	-0.094396986	0.051810876	-0.08100291	0.020034939	-0.017181676	0.014357054	-0.05139425	0.093924515	-0.017039092	0.012210342	-0.015146035	0.02820762	-0.02824838
-0.17777403	0.14644009	-0.15666078	0.1725028	-0.24309368	0.16592345	-0.18174757	0.20245534	-0.32040069	0.18837152	-0.5796704	0.2887717	-0.29244927	0.23389068	-0.295377	0.9999995	-0.37143165	0.24011664	-0.1494424	0.15133308	-0.116013765	0.19969587	-0.17731604	0.1543882	-0.14932084	0.11056447	-0.14556281	0.13260949	-0.06575894	0.09729979	-0.029403998	0.024644703	-0.01911097	0.06374895	-0.12826124	0.024459759	-0.017522847	0.01997652	-0.036325134	0.035451435
0.0779181	-0.071088776	0.07509969	-0.08519856	0.11407909	-0.07560738	0.086131	-0.106152944	0.15409929	-0.09559681	0.1793625	-0.16334142	0.16508393	-0.14680514	0.14386971	-0.37143165	0.9999997	-0.67040426	0.15037003	-0.15295568	0.13290748	-0.47197822	0.27584887	-0.17132495	0.14644483	-0.139199	0.20769826	-0.20775443	0.061185252	-0.08675495	0.032354195	-0.027165925	0.019091543	-0.057374436	0.10602618	-0.02691969	0.01878203	-0.020014022	0.029665165	-0.028948566
-0.08416272	0.07810981	-0.08377609	0.09572462	-0.12972206	0.07996967	-0.094577506	0.1164937	-0.17786229	0.10841171	-0.17801374	0.15835717	-0.21437007	0.16904357	-0.16722628	0.24011664	-0.67040426	0.9999998	-0.22061536	0.17913195	-0.11778791	0.2933895	-0.46127224	0.20147297	-0.18714945	0.11706709	-0.23329401	0.21342659	-0.07264341	0.102416255	-0.029386953	0.024654234	-0.02010348	0.06680301	-0.1289425	0.02427003	-0.01733337	0.020901663	-0.035006057	0.033889756
0.06348938	-0.06499134	0.069273666	-0.084485106	0.10778595	-0.061914824	0.07534332	-0.10062757	0.16017935	-0.10291197	0.11384567	-0.123042434	0.1662155	-0.2728674	0.15833686	-0.1494424	0.15037003	-0.22061536	0.9999999	-0.81978554	0.05804896	-0.13334487	0.1527578	-0.32801256	0.2343046	-0.061894253	0.09956074	-0.10411257	0.07312854	-0.11322476	0.016927976	-0.014540935	0.015067812	-0.066683576	0.12638839	-0.014144658	0.010359985	-0.015692633	0.033456128	-0.03250538
-0.07005453	0.07126932	-0.07713345	0.09340235	-0.12408837	0.067229256	-0.08276687	0.10756658	-0.18337858	0.11296143	-0.12129958	0.12295275	-0.17183676	0.20685853	-0.18462904	0.15133308	-0.15295568	0.17913195	-0.81978554	0.9999995	-0.05976959	0.13065094	-0.15131319	0.25504532	-0.3276098	0.062963694	-0.10304484	0.10280716	-0.08676549	0.13374113	-0.017795129	0.015324489	-0.01698067	0.07771326	-0.1596269	0.014839086	-0.0109923575	0.017619595	-0.04056234	0.038979243
0.03467799	-0.031941023	0.034166675	-0.03886434	0.053312868	-0.032983955	0.03825387	-0.046852596	0.07062621	-0.043473158	0.07066405	-0.05912471	0.063066594	-0.059113253	0.06569011	-0.116013765	0.13290748	-0.11778791	0.05804896	-0.05976959	0.9999991	-0.2796459	0.1420626	-0.08488065	0.077619314	-0.90514445	0.16822734	-0.13269101	0.03585937	-0.048490632	0.118591905	-0.09671491	0.028801866	-0.034181226	0.06131485	-0.09673762	0.061208412	-0.031159887	0.018065112	-0.017594114
-0.06845138	0.063428834	-0.06813015	0.07778194	-0.10682272	0.064767286	-0.07611547	0.09315129	-0.14300624	0.08753203	-0.1385108	0.11850846	-0.13282003	0.12224914	-0.13361672	0.19969587	-0.47197822	0.2933895	-0.13334487	0.13065094	-0.2796459	0.99999887	-0.49530128	0.19392973	-0.18546848	0.21091002	-0.48017082	0.2903625	-0.076202475	0.10316477	-0.046956606	0.038376722	-0.024921536	0.069492884	-0.1321194	0.037967693	-0.026462672	0.025946226	-0.035942722	0.034683842
0.058775257	-0.05572636	0.05930481	-0.06829953	0.09139288	-0.05655376	0.06646186	-0.08407736	0.12390729	-0.07763427	0.11619113	-0.10899597	0.12477497	-0.119892	0.11643815	-0.17731604	0.27584887	-0.46127224	0.1527578	-0.15131319	0.1420626	-0.49530128	0.9999987	-0.33042905	0.20391543	-0.15449223	0.2992362	-0.5125874	0.08295488	-0.11170077	0.03575812	-0.030221762	0.024486065	-0.07510205	0.12997343	-0.029654616	0.02086345	-0.02550505	0.035853382	-0.034880385
-0.063985735	0.063303724	-0.06794684	0.08003615	-0.10717312	0.061345037	-0.07401272	0.09545138	-0.14828138	0.09289712	-0.11154762	0.10867869	-0.13214259	0.1463908	-0.14155771	0.1543882	-0.17132495	0.20147297	-0.32801256	0.25504532	-0.08488065	0.19392973	-0.33042905	0.9999987	-0.708679	0.08917476	-0.16057546	0.17018975	-0.17402655	0.23649013	-0.025497956	0.022112558	-0.02795809	0.14134207	-0.2846964	0.021130124	-0.015897037	0.028815676	-0.069890544	0.066323146
0.056555666	-0.056463666	0.05966983	-0.070430696	0.091712296	-0.05518002	0.06563415	-0.08698851	0.12570155	-0.08208331	0.099606626	-0.100710906	0.114756525	-0.1328595	0.120180264	-0.14932084	0.14644483	-0.18714945	0.2343046	-0.3276098	0.077619314	-0.18546848	0.20391543	-0.708679	0.99999875	-0.08633355	0.13174933	-0.15464857	0.17124711	-0.40716285	0.024653293	-0.021653684	0.028338127	-0.15738438	0.25233108	-0.020636518	0.015502132	-0.029596811	0.067670435	-0.067230985
-0.037873197	0.034891255	-0.037567005	0.042749472	-0.059290476	0.03566851	-0.04178426	0.050784465	-0.078354076	0.04782969	-0.07513023	0.061963763	-0.067896	0.06337093	-0.07288159	0.11056447	-0.139199	0.11706709	-0.061894253	0.062963694	-0.90514445	0.21091002	-0.15449223	0.08917476	-0.08633355	0.9999989	-0.20514458	0.13458627	-0.039184142	0.0528698	-0.14947663	0.095941156	-0.029721618	0.037047613	-0.06882208	0.09516132	-0.06417063	0.031447973	-0.019886091	0.019254904
0.04688014	-0.04418037	0.046976704	-0.053873062	0.07241497	-0.045083832	0.05266886	-0.066269115	0.09712281	-0.060831908	0.092393756	-0.08479117	0.09258735	-0.08885965	0.09083048	-0.14556281	0.20769826	-0.23329401	0.09956074	-0.10304484	0.16822734	-0.48017082	0.2992362	-0.16057546	0.13174933	-0.20514458	0.999999	-0.7419811	0.06902818	-0.084474266	0.041940473	-0.0349898	0.026251804	-0.0634743	0.098188475	-0.034117762	0.023830174	-0.027387472	0.028767053	-0.028245835
-0.047526512	0.044744942	-0.0479773	0.055074878	-0.07505714	0.045191273	-0.0533725	0.066377886	-0.100778475	0.06226789	-0.09185654	0.08213472	-0.0936493	0.088728875	-0.094396986	0.13260949	-0.20775443	0.21342659	-0.10411257	0.10280716	-0.13269101	0.2903625	-0.5125874	0.17018975	-0.15464857	0.13458627	-0.7419811	0.9999991	-0.0826732	0.09232655	-0.032394387	0.02711009	-0.027634343	0.070301875	-0.11119722	0.026080472	-0.018963058	0.027870081	-0.031676866	0.030738547
0.025393711	-0.025245678	0.026722424	-0.031227155	0.041202407	-0.02467137	0.029315148	-0.03871678	0.054985736	-0.035709612	0.04322031	-0.042809222	0.047042865	-0.05181877	0.051810876	-0.06575894	0.061185252	-0.07264341	0.07312854	-0.08676549	0.03585937	-0.076202475	0.08295488	-0.17402655	0.17124711	-0.039184142	0.06902818	-0.0826732	0.99999917	-0.47763285	0.017616112	-0.017554682	0.057252377	-0.7838978	0.3030477	-0.014275452	0.0131076	-0.059697654	0.12388343	-0.12749209
-0.03914241	0.039044056	-0.041490387	0.048527468	-0.06447665	0.037887473	-0.045268193	0.05964686	-0.08589254	0.055505246	-0.065081395	0.06452894	-0.071577765	0.079103515	-0.08100291	0.09729979	-0.08675495	0.102416255	-0.11322476	0.13374113	-0.048490632	0.10316477	-0.11170077	0.23649013	-0.40716285	0.0528698	-0.084474266	0.09232655	-0.47763285	0.9999992	-0.019650204	0.01827809	-0.04194782	0.2917325	-0.66505176	0.01615312	-0.013601287	0.042776063	-0.12915018	0.12128381
0.010379367	-0.009695949	0.010419786	-0.0118904915	0.016429096	-0.009820354	0.011533955	-0.014220112	0.021570763	-0.013298434	0.019553185	-0.016800698	0.018152237	-0.017447911	0.020034939	-0.029403998	0.032354195	-0.029386953	0.016927976	-0.017795129	0.118591905	-0.046956606	0.03575812	-0.025497956	0.024653293	-0.14947663	0.041940473	-0.032394387	0.017616112	-0.019650204	0.99999905	-0.67279977	0.09800504	-0.019476458	0.026149753	-0.62488824	0.3282831	-0.10773465	0.011405402	-0.011122648
-0.008867579	0.008296852	-0.008924104	0.010189339	-0.0140956165	0.00838092	-0.00986292	0.012163508	-0.018496033	0.011399871	-0.016577847	0.01425828	-0.0154650025	0.014903961	-0.017181676	0.024644703	-0.027165925	0.024654234	-0.014540935	0.015324489	-0.09671491	0.038376722	-0.030221762	0.022112558	-0.021653684	0.095941156	-0.0349898	0.02711009	-0.017554682	0.01827809	-0.67279977	0.999999	-0.1376309	0.01986241	-0.02471309	0.33024868	-0.6292171	0.12088746	-0.011367926	0.011008697
0.0072440575	-0.0070195333	0.007490323	-0.008649224	0.011700094	-0.006944849	0.008227574	-0.010550704	0.015386246	-0.009756685	0.012654067	-0.01179835	0.012795176	-0.013204114	0.014357054	-0.01911097	0.019091543	-0.02010348	0.015067812	-0.01698067	0.028801866	-0.024921536	0.024486065	-0.02795809	0.028338127	-0.029721618	0.026251804	-0.027634343	0.057252377	-0.04194782	0.09800504	-0.1376309	0.99999887	-0.0775849	0.058432125	-0.07428573	0.09346414	-0.9746026	0.039468262	-0.038106214
-0.02524684	0.025120579	-0.026650643	0.031090954	-0.041282073	0.024460468	-0.029138997	0.03841722	-0.054702844	0.035413887	-0.042130146	0.041579664	-0.04551563	0.049769007	-0.05139425	0.06374895	-0.057374436	0.06680301	-0.066683576	0.07771326	-0.034181226	0.069492884	-0.07510205	0.14134207	-0.15738438	0.037047613	-0.0634743	0.070301875	-0.7838978	0.2917325	-0.019476458	0.01986241	-0.0775849	0.99999887	-0.47260502	0.015549208	-0.015003869	0.07223115	-0.18559068	0.15274474
0.047623612	-0.047796592	0.05001249	-0.058431394	0.07553848	-0.046858855	0.055184	-0.07452679	0.10006123	-0.06652758	0.08032242	-0.08128369	0.08600317	-0.095913574	0.093924515	-0.12826124	0.10602618	-0.1289425	0.12638839	-0.1596269	0.06131485	-0.1321194	0.12997343	-0.2846964	0.25233108	-0.06882208	0.098188475	-0.11119722	0.3030477	-0.66505176	0.026149753	-0.02471309	0.058432125	-0.47260502	0.9999985	-0.021703253	0.018338995	-0.062540404	0.16678575	-0.2040274
-0.0088032065	0.008223203	-0.00885057	0.010098875	-0.013994591	0.008312108	-0.0097811585	0.012036425	-0.018350568	0.0112912515	-0.016472908	0.014118045	-0.015306826	0.01470233	-0.017039092	0.024459759	-0.02691969	0.02427003	-0.014144658	0.014839086	-0.09673762	0.037967693	-0.029654616	0.021130124	-0.020636518	0.09516132	-0.034117762	0.026080472	-0.014275452	0.01615312	-0.62488824	0.33024868	-0.07428573	0.015549208	-0.021703253	0.99999833	-0.6932201	0.07481255	-0.009099936	0.0088296635
0.0063045295	-0.00591661	0.006358222	-0.007263948	0.010031509	-0.005968276	0.007023492	-0.008694022	0.0131483795	-0.008126125	0.011689661	-0.010143069	0.010954958	-0.010621722	0.012210342	-0.017522847	0.01878203	-0.01733337	0.010359985	-0.0109923575	0.061208412	-0.026462672	0.02086345	-0.015897037	0.015502132	-0.06417063	0.023830174	-0.018963058	0.0131076	-0.013601287	0.3282831	-0.6292171	0.09346414	-0.015003869	0.018338995	-0.6932201	0.99999845	-0.1025856	0.008847522	-0.008603445
-0.0076311915	0.007388637	-0.007893119	0.009111594	-0.012354768	0.0073052403	-0.008662737	0.011085942	-0.016235402	0.010274864	-0.013304557	0.012364188	-0.013435384	0.013835839	-0.015146035	0.01997652	-0.020014022	0.020901663	-0.015692633	0.017619595	-0.031159887	0.025946226	-0.02550505	0.028815676	-0.029596811	0.031447973	-0.027387472	0.027870081	-0.059697654	0.042776063	-0.10773465	0.12088746	-0.9746026	0.07223115	-0.062540404	0.07481255	-0.1025856	0.9999983	-0.041972607	0.038502987
0.014200507	-0.014211128	0.01499915	-0.017468365	0.023040364	-0.013836899	0.016417498	-0.021907032	0.030185651	-0.019776978	0.023246478	-0.02322065	0.02469916	-0.027169812	0.02820762	-0.036325134	0.029665165	-0.035006057	0.033456128	-0.04056234	0.018065112	-0.035942722	0.035853382	-0.069890544	0.067670435	-0.019886091	0.028767053	-0.031676866	0.12388343	-0.12915018	0.011405402	-0.011367926	0.039468262	-0.18559068	0.16678575	-0.009099936	0.008847522	-0.041972607	0.99999815	-0.9548003
-0.014142903	0.014142588	-0.01497529	0.01743072	-0.023146601	0.013731757	-0.016343065	0.021710113	-0.030249976	0.019717583	-0.022928886	0.022815546	-0.024379956	0.02673517	-0.02824838	0.035451435	-0.028948566	0.033889756	-0.03250538	0.038979243	-0.017594114	0.034683842	-0.034880385	0.066323146	-0.067230985	0.019254904	-0.028245835	0.030738547	-0.12749209	0.12128381	-0.011122648	0.011008697	-0.038106214	0.15274474	-0.2040274	0.0088296635	-0.008603445	0.038502987	-0.9548003	0.99999815
