1.0	-0.6191916	0.24719657	-0.19872946	0.17535377	-0.6009947	0.31339306	-0.22611739	0.10316537	-0.097023524	0.096908234	-0.16725752	0.14932398	-0.10752994	0.117566645	-0.09530848	0.12229431	-0.14312229	0.10747983	-0.103782974	0.07357388	-0.09861801	0.10721821	-0.1126172	0.1270401	-0.07438677	0.09166738	-0.113589846	0.09014449	-0.084389865	0.06918702	-0.0680494	0.07123554	-0.06786877	0.07093098	-0.015968239	0.01660098	-0.09132311	0.0740174	-0.13842885
-0.6191916	1.0	-0.48043606	0.2220224	-0.21695974	0.30567086	-0.44643328	0.20532215	-0.10025494	0.105092525	-0.08446165	0.14335424	-0.14187625	0.09957116	-0.13192096	0.0810342	-0.109066546	0.124858774	-0.09762958	0.09334401	-0.06395661	0.08505698	-0.09429349	0.097776204	-0.115196235	0.06386466	-0.07998639	0.09721142	-0.078156054	0.071806476	-0.060184628	0.058602218	-0.0611889	0.05826682	-0.060609803	0.013824182	-0.014407712	0.07752513	-0.06394282	0.115948826
0.24719657	-0.48043606	1.0	-0.6380014	0.2787701	-0.2372909	0.22574514	-0.2460281	0.120780945	-0.14937401	0.09413186	-0.1709168	0.15590805	-0.1280119	0.15797076	-0.09758781	0.12610573	-0.15737265	0.1206585	-0.121252105	0.0790508	-0.107639745	0.11797893	-0.1272872	0.13982277	-0.08138578	0.09978853	-0.12806278	0.10153751	-0.09723239	0.075435534	-0.075214274	0.07995103	-0.07706959	0.08132065	-0.017549219	0.018196924	-0.1037817	0.08351508	-0.16237102
-0.19872946	0.2220224	-0.6380014	1.0000002	-0.60150874	0.15998389	-0.16897552	0.16770592	-0.11552971	0.19050394	-0.069639854	0.12226991	-0.11923513	0.11239326	-0.21973433	0.071460545	-0.094239935	0.115953006	-0.09904349	0.10067799	-0.05913054	0.08006492	-0.08926841	0.097100146	-0.113677405	0.060497735	-0.075135745	0.095311545	-0.07713035	0.07292883	-0.056717597	0.056182	-0.059795845	0.058039695	-0.061169885	0.013175871	-0.013687351	0.0769739	-0.063220076	0.12032507
0.17535377	-0.21695974	0.2787701	-0.60150874	1.0000001	-0.1939427	0.17673789	-0.23524071	0.14371753	-0.43949023	0.10102682	-0.18438835	0.16213796	-0.15739982	0.27650708	-0.10748514	0.13765769	-0.1749958	0.14435707	-0.15478027	0.089486904	-0.12272914	0.13459818	-0.1499584	0.16482115	-0.09323288	0.11393706	-0.14914793	0.11923018	-0.11619997	0.086325586	-0.08679782	0.09319568	-0.09100848	0.09687868	-0.020213615	0.020925721	-0.121969074	0.09826101	-0.19647719
-0.6009947	0.30567086	-0.2372909	0.15998389	-0.1939427	1.0000002	-0.6340326	0.23103368	-0.113494605	0.09987152	-0.11280955	0.16775303	-0.1736393	0.10877026	-0.13246828	0.099041596	-0.1330691	0.14085719	-0.11160953	0.10266161	-0.074982814	0.09738049	-0.10807517	0.10867038	-0.13500582	0.07299488	-0.092725344	0.10736386	-0.087372586	0.07778259	-0.06961877	0.06646909	-0.06824493	0.064317845	-0.06621982	0.015841624	-0.01657766	0.084770344	-0.07137024	0.12230939
0.31339306	-0.44643328	0.22574514	-0.16897552	0.17673789	-0.6340326	1.0000001	-0.41055766	0.13190189	-0.09797476	0.12009902	-0.22737129	0.20346683	-0.13211286	0.124075636	-0.11178563	0.15056935	-0.17234	0.120863885	-0.11216316	0.083063155	-0.11017603	0.12170378	-0.122244075	0.13964677	-0.08170597	0.10205075	-0.12241269	0.096563295	-0.08659664	0.07644017	-0.073931135	0.076258205	-0.071358114	0.073094465	-0.01735184	0.018103724	-0.09574503	0.07827792	-0.13678645
-0.22611739	0.20532215	-0.2460281	0.16770592	-0.23524071	0.23103368	-0.41055766	0.9999995	-0.31841123	0.13357289	-0.13069718	0.20479216	-0.5880624	0.23558971	-0.17993721	0.12788546	-0.19782352	0.26273903	-0.18795606	0.15759267	-0.108067214	0.14318353	-0.18420143	0.168383	-0.20560496	0.10407492	-0.13759652	0.16183193	-0.13212818	0.11065182	-0.101460606	0.096342094	-0.100941464	0.094089694	-0.094739564	0.02276058	-0.023888802	0.12162447	-0.10510067	0.16538581
0.10316537	-0.10025494	0.120780945	-0.11552971	0.14371753	-0.113494605	0.13190189	-0.31841123	0.99999946	-0.14343329	0.07061415	-0.11790718	0.20269752	-0.87627715	0.15170889	-0.07316759	0.10467515	-0.15212208	0.15038769	-0.1313203	0.06284029	-0.08568693	0.106323406	-0.11717283	0.1285254	-0.06267054	0.08070079	-0.102705844	0.08493838	-0.07420437	0.059909344	-0.05851404	0.06281675	-0.061111525	0.062072165	-0.013599828	0.01419543	-0.07804319	0.06658791	-0.112931356
-0.097023524	0.105092525	-0.14937401	0.19050394	-0.43949023	0.09987152	-0.09797476	0.13357289	-0.14343329	0.9999995	-0.056362312	0.09924111	-0.100211255	0.13515034	-0.82054985	0.059424277	-0.078710206	0.1013216	-0.10746816	0.120250106	-0.050875872	0.06947139	-0.07965092	0.09090179	-0.1143172	0.05238682	-0.06540883	0.0848119	-0.0704218	0.066330515	-0.049284533	0.049087618	-0.0529839	0.052460164	-0.055405427	0.011454859	-0.011893128	0.06818226	-0.057002485	0.108326875
0.096908234	-0.08446165	0.09413186	-0.069639854	0.10102682	-0.11280955	0.12009902	-0.13069718	0.07061415	-0.056362312	0.9999994	-0.5482437	0.13770837	-0.073496744	0.07760421	-0.731424	0.29609603	-0.16302475	0.10361541	-0.09157368	0.15885828	-0.17260475	0.1252439	-0.11360475	0.12491069	-0.13967334	0.13508517	-0.12316743	0.091036156	-0.07525007	0.10452111	-0.096425176	0.08022065	-0.06653725	0.06408057	-0.021965353	0.022885064	-0.096862674	0.073456116	-0.11027677
-0.16725752	0.14335424	-0.1709168	0.12226991	-0.18438835	0.16775303	-0.22737129	0.20479216	-0.11790718	0.09924111	-0.5482437	0.99999934	-0.24636906	0.11862498	-0.13897227	0.31202343	-0.54846305	0.238613	-0.16626401	0.1434182	-0.18171278	0.21388605	-0.18725865	0.16711748	-0.20729621	0.15377337	-0.19549198	0.17357767	-0.13654286	0.111336894	-0.14499651	0.12794599	-0.11402975	0.09817212	-0.09615699	0.030841334	-0.032613795	0.13404493	-0.11069967	0.16216722
0.14932398	-0.14187625	0.15590805	-0.11923513	0.16213796	-0.1736393	0.20346683	-0.5880624	0.20269752	-0.100211255	0.13770837	-0.24636906	0.99999946	-0.24486685	0.13214503	-0.14857535	0.21964152	-0.5670152	0.19087932	-0.16488266	0.1175047	-0.1657142	0.21933201	-0.19651729	0.18985984	-0.114871405	0.14673422	-0.19519886	0.14184512	-0.11682241	0.10720077	-0.1047557	0.11123431	-0.10056669	0.097854294	-0.023733363	0.02477888	-0.13607	0.10899156	-0.17026047
-0.10752994	0.09957116	-0.1280119	0.11239326	-0.15739982	0.10877026	-0.13211286	0.23558971	-0.87627715	0.13515034	-0.073496744	0.11862498	-0.24486685	0.99999934	-0.17716894	0.07516171	-0.11107259	0.15593265	-0.18870158	0.13801141	-0.065774135	0.08877452	-0.11365893	0.12257118	-0.1424651	0.064867206	-0.08494994	0.10561942	-0.08974668	0.07646627	-0.06286437	0.060783293	-0.065220654	0.063571	-0.06448371	0.0142158875	-0.014873949	0.079900056	-0.0699672	0.11466942
0.117566645	-0.13192096	0.15797076	-0.21973433	0.27650708	-0.13246828	0.124075636	-0.17993721	0.15170889	-0.82054985	0.07760421	-0.13897227	0.13214503	-0.17716894	0.9999991	-0.08279533	0.10801448	-0.14066386	0.14250171	-0.18123466	0.07067256	-0.097037606	0.10993796	-0.1268477	0.15114705	-0.07333474	0.090750046	-0.119304754	0.097974986	-0.093775466	0.06851135	-0.0686992	0.07432471	-0.07362952	0.07803453	-0.015974738	0.016558962	-0.09644495	0.079568796	-0.15508026
-0.09530848	0.0810342	-0.09758781	0.071460545	-0.10748514	0.099041596	-0.11178563	0.12788546	-0.07316759	0.059424277	-0.731424	0.31202343	-0.14857535	0.07516171	-0.08279533	0.9999991	-0.49289098	0.17608348	-0.11275312	0.09663171	-0.23094861	0.19718565	-0.14031148	0.12022797	-0.13581982	0.15646844	-0.15863836	0.13066131	-0.097603485	0.078286424	-0.12254033	0.10724412	-0.08662836	0.07036981	-0.06725227	0.024640927	-0.02586017	0.10158447	-0.07850199	0.112463735
0.12229431	-0.109066546	0.12610573	-0.094239935	0.13765769	-0.1330691	0.15056935	-0.19782352	0.10467515	-0.078710206	0.29609603	-0.54846305	0.21964152	-0.11107259	0.10801448	-0.49289098	0.9999991	-0.38233742	0.16309808	-0.14187121	0.20497109	-0.33791032	0.21277091	-0.1826077	0.1829864	-0.18108936	0.20429528	-0.19671439	0.13994034	-0.1132921	0.14776735	-0.13914907	0.120902486	-0.10064451	0.09577548	-0.031050848	0.03238275	-0.14518163	0.110030375	-0.16278967
-0.14312229	0.124858774	-0.15737265	0.115953006	-0.1749958	0.14085719	-0.17234	0.26273903	-0.15212208	0.1013216	-0.16302475	0.238613	-0.5670152	0.15593265	-0.14066386	0.17608348	-0.38233742	0.99999964	-0.28793246	0.19463877	-0.15026665	0.20901099	-0.4369555	0.2434445	-0.24009115	0.13768698	-0.18922219	0.23539995	-0.17956857	0.13358957	-0.13340609	0.12652019	-0.13645253	0.1194385	-0.114318766	0.028608045	-0.030068768	0.15483713	-0.13251917	0.18426281
0.10747983	-0.09762958	0.1206585	-0.09904349	0.14435707	-0.11160953	0.120863885	-0.18795606	0.15038769	-0.10746816	0.10361541	-0.16626401	0.19087932	-0.18870158	0.14250171	-0.11275312	0.16309808	-0.28793246	0.99999946	-0.69138855	0.11021502	-0.15625323	0.22443485	-0.41790324	0.30945912	-0.11139949	0.14761683	-0.2110984	0.20222662	-0.16833414	0.10821983	-0.10789271	0.123616815	-0.13615553	0.13452382	-0.024325006	0.025369905	-0.15191108	0.14186867	-0.23537299
-0.103782974	0.09334401	-0.121252105	0.10067799	-0.15478027	0.10266161	-0.11216316	0.15759267	-0.1313203	0.120250106	-0.09157368	0.1434182	-0.16488266	0.13801141	-0.18123466	0.09663171	-0.14187121	0.19463877	-0.69138855	0.99999934	-0.09592971	0.13079807	-0.18249173	0.24840486	-0.5557696	0.096132055	-0.12963335	0.1708206	-0.17323613	0.1457049	-0.0956104	0.093537696	-0.106062815	0.11549912	-0.12115486	0.0216436	-0.022645418	0.12893863	-0.1274608	0.20553902
0.07357388	-0.06395661	0.0790508	-0.05913054	0.089486904	-0.074982814	0.083063155	-0.108067214	0.06284029	-0.050875872	0.15885828	-0.18171278	0.1175047	-0.065774135	0.07067256	-0.23094861	0.20497109	-0.15026665	0.11021502	-0.09592971	0.9999996	-0.54739803	0.17316337	-0.14121091	0.13611494	-0.67213166	0.27102512	-0.1771495	0.1160029	-0.08965259	0.23925024	-0.21584645	0.12559456	-0.085796244	0.07645034	-0.04271963	0.04353352	-0.14716868	0.09363841	-0.124290965
-0.09861801	0.08505698	-0.107639745	0.08006492	-0.12272914	0.09738049	-0.11017603	0.14318353	-0.08568693	0.06947139	-0.17260475	0.21388605	-0.1657142	0.08877452	-0.097037606	0.19718565	-0.33791032	0.20901099	-0.15625323	0.13079807	-0.54739803	0.99999946	-0.31902763	0.19464591	-0.19137038	0.29538628	-0.5037743	0.2391153	-0.16219826	0.11848611	-0.26979068	0.2286761	-0.15875359	0.113190964	-0.10238474	0.04831409	-0.051219154	0.1736695	-0.1261304	0.16012083
0.10721821	-0.09429349	0.11797893	-0.08926841	0.13459818	-0.10807517	0.12170378	-0.18420143	0.106323406	-0.07965092	0.1252439	-0.18725865	0.21933201	-0.11365893	0.10993796	-0.14031148	0.21277091	-0.4369555	0.22443485	-0.18249173	0.17316337	-0.31902763	0.99999946	-0.4891666	0.23399515	-0.16541868	0.23413593	-0.52602535	0.25031456	-0.16652289	0.15731229	-0.15996675	0.19297078	-0.15771247	0.13668688	-0.032900944	0.03440325	-0.21794444	0.16386585	-0.20553818
-0.1126172	0.097776204	-0.1272872	0.097100146	-0.1499584	0.10867038	-0.122244075	0.168383	-0.11717283	0.09090179	-0.11360475	0.16711748	-0.19651729	0.12257118	-0.1268477	0.12022797	-0.1826077	0.2434445	-0.41790324	0.24840486	-0.14121091	0.19464591	-0.4891666	0.99999946	-0.36356968	0.13499637	-0.1998522	0.2875745	-0.48266354	0.21564886	-0.14059997	0.13621801	-0.16885804	0.20261645	-0.186318	0.030298984	-0.03190628	0.1849907	-0.2237006	0.2430194
0.1270401	-0.115196235	0.13982277	-0.113677405	0.16482115	-0.13500582	0.13964677	-0.20560496	0.1285254	-0.1143172	0.12491069	-0.20729621	0.18985984	-0.1424651	0.15114705	-0.13581982	0.1829864	-0.24009115	0.30945912	-0.5557696	0.13611494	-0.19137038	0.23399515	-0.36356968	0.9999996	-0.14392683	0.18395396	-0.26418576	0.24438554	-0.27662995	0.13829386	-0.14117369	0.16266115	-0.18394318	0.2088228	-0.03225266	0.033422753	-0.21158572	0.19185136	-0.4178391
-0.07438677	0.06386466	-0.08138578	0.060497735	-0.09323288	0.07299488	-0.08170597	0.10407492	-0.06267054	0.05238682	-0.13967334	0.15377337	-0.114871405	0.064867206	-0.07333474	0.15646844	-0.18108936	0.13768698	-0.11139949	0.096132055	-0.67213166	0.29538628	-0.16541868	0.13499637	-0.14392683	0.99999964	-0.38120934	0.1767294	-0.119648516	0.090397775	-0.46642527	0.2574345	-0.13971381	0.08863802	-0.07839391	0.05841507	-0.061228354	0.15191138	-0.098856755	0.12404785
0.09166738	-0.07998639	0.09978853	-0.075135745	0.11393706	-0.092725344	0.10205075	-0.13759652	0.08070079	-0.06540883	0.13508517	-0.19549198	0.14673422	-0.08494994	0.090750046	-0.15863836	0.20429528	-0.18922219	0.14761683	-0.12963335	0.27102512	-0.5037743	0.23413593	-0.1998522	0.18395396	-0.38120934	0.99999976	-0.35832882	0.17665744	-0.1340512	0.2977602	-0.49871916	0.2173326	-0.13282728	0.11270197	-0.057827447	0.058718413	-0.24937613	0.14101493	-0.18117179
-0.113589846	0.09721142	-0.12806278	0.095311545	-0.14914793	0.10736386	-0.12241269	0.16183193	-0.102705844	0.0848119	-0.12316743	0.17357767	-0.19519886	0.10561942	-0.119304754	0.13066131	-0.19671439	0.23539995	-0.2110984	0.1708206	-0.1771495	0.2391153	-0.52602535	0.2875745	-0.26418576	0.1767294	-0.35832882	0.9999997	-0.38510212	0.19064622	-0.20214269	0.20710583	-0.39162067	0.19907856	-0.16763194	0.040496808	-0.042817947	0.27355313	-0.22147101	0.2209698
0.09014449	-0.078156054	0.10153751	-0.07713035	0.11923018	-0.087372586	0.096563295	-0.13212818	0.08493838	-0.0704218	0.091036156	-0.13654286	0.14184512	-0.08974668	0.097974986	-0.097603485	0.13994034	-0.17956857	0.20222662	-0.17323613	0.1160029	-0.16219826	0.25031456	-0.48266354	0.24438554	-0.119648516	0.17665744	-0.38510212	0.9999997	-0.442416	0.12636383	-0.13127649	0.18457621	-0.4268666	0.25258908	-0.027533155	0.028841006	-0.20969753	0.27571738	-0.31157586
-0.084389865	0.071806476	-0.09723239	0.07292883	-0.11619997	0.07778259	-0.08659664	0.11065182	-0.07420437	0.066330515	-0.07525007	0.111336894	-0.11682241	0.07646627	-0.093775466	0.078286424	-0.1132921	0.13358957	-0.16833414	0.1457049	-0.08965259	0.11848611	-0.16652289	0.21564886	-0.27662995	0.090397775	-0.1340512	0.19064622	-0.442416	0.9999997	-0.098298095	0.09593995	-0.12646137	0.21384038	-0.72042817	0.02188538	-0.023097906	0.14088966	-0.2329464	0.3039837
0.06918702	-0.060184628	0.075435534	-0.056717597	0.086325586	-0.06961877	0.07644017	-0.101460606	0.059909344	-0.049284533	0.10452111	-0.14499651	0.10720077	-0.06286437	0.06851135	-0.12254033	0.14776735	-0.13340609	0.10821983	-0.0956104	0.23925024	-0.26979068	0.15731229	-0.14059997	0.13829386	-0.46642527	0.2977602	-0.20214269	0.12636383	-0.098298095	0.9999997	-0.6997103	0.19879414	-0.102889724	0.08407482	-0.11130991	0.10007965	-0.23142675	0.11002803	-0.13619757
-0.0680494	0.058602218	-0.075214274	0.056182	-0.08679782	0.06646909	-0.073931135	0.096342094	-0.05851404	0.049087618	-0.096425176	0.12794599	-0.1047557	0.060783293	-0.0686992	0.10724412	-0.13914907	0.12652019	-0.10789271	0.093537696	-0.21584645	0.2286761	-0.15996675	0.13621801	-0.14117369	0.2574345	-0.49871916	0.20710583	-0.13127649	0.09593995	-0.6997103	0.9999996	-0.29514182	0.10596813	-0.08386827	0.08036537	-0.08623057	0.2245983	-0.116358325	0.12870033
0.07123554	-0.0611889	0.07995103	-0.059795845	0.09319568	-0.06824493	0.076258205	-0.100941464	0.06281675	-0.0529839	0.08022065	-0.11402975	0.11123431	-0.065220654	0.07432471	-0.08662836	0.120902486	-0.13645253	0.123616815	-0.106062815	0.12559456	-0.15875359	0.19297078	-0.16885804	0.16266115	-0.13971381	0.2173326	-0.39162067	0.18457621	-0.12646137	0.19879414	-0.29514182	0.9999998	-0.2020674	0.11110436	-0.038868878	0.040663257	-0.78374475	0.18821831	-0.15889211
-0.06786877	0.05826682	-0.07706959	0.058039695	-0.09100848	0.064317845	-0.071358114	0.094089694	-0.061111525	0.052460164	-0.06653725	0.09817212	-0.10056669	0.063571	-0.07362952	0.07036981	-0.10064451	0.1194385	-0.13615553	0.11549912	-0.085796244	0.113190964	-0.15771247	0.20261645	-0.18394318	0.08863802	-0.13282728	0.19907856	-0.4268666	0.21384038	-0.102889724	0.10596813	-0.2020674	0.99999976	-0.23040377	0.022101613	-0.023279026	0.19340865	-0.7839168	0.24258469
0.07093098	-0.060609803	0.08132065	-0.061169885	0.09687868	-0.06621982	0.073094465	-0.094739564	0.062072165	-0.055405427	0.06408057	-0.09615699	0.097854294	-0.06448371	0.07803453	-0.06725227	0.09577548	-0.114318766	0.13452382	-0.12115486	0.07645034	-0.10238474	0.13668688	-0.186318	0.2088228	-0.07839391	0.11270197	-0.16763194	0.25258908	-0.72042817	0.08407482	-0.08386827	0.11110436	-0.23040377	0.99999994	-0.018905776	0.019881252	-0.13026008	0.20718452	-0.543956
-0.015968239	0.013824182	-0.017549219	0.013175871	-0.020213615	0.015841624	-0.01735184	0.02276058	-0.013599828	0.011454859	-0.021965353	0.030841334	-0.023733363	0.0142158875	-0.015974738	0.024640927	-0.031050848	0.028608045	-0.024325006	0.0216436	-0.04271963	0.04831409	-0.032900944	0.030298984	-0.03225266	0.05841507	-0.057827447	0.040496808	-0.027533155	0.02188538	-0.11130991	0.08036537	-0.038868878	0.022101613	-0.018905776	1.0	-0.98691547	0.045360643	-0.02436295	0.031083925
0.01660098	-0.014407712	0.018196924	-0.013687351	0.020925721	-0.01657766	0.018103724	-0.023888802	0.01419543	-0.011893128	0.022885064	-0.032613795	0.02477888	-0.014873949	0.016558962	-0.02586017	0.03238275	-0.030068768	0.025369905	-0.022645418	0.04353352	-0.051219154	0.03440325	-0.03190628	0.033422753	-0.061228354	0.058718413	-0.042817947	0.028841006	-0.023097906	0.10007965	-0.08623057	0.040663257	-0.023279026	0.019881252	-0.98691547	0.99999994	-0.048872847	0.025497343	-0.03295445
-0.09132311	0.07752513	-0.1037817	0.0769739	-0.121969074	0.084770344	-0.09574503	0.12162447	-0.07804319	0.06818226	-0.096862674	0.13404493	-0.13607	0.079900056	-0.09644495	0.10158447	-0.14518163	0.15483713	-0.15191108	0.12893863	-0.14716868	0.1736695	-0.21794444	0.1849907	-0.21158572	0.15191138	-0.24937613	0.27355313	-0.20969753	0.14088966	-0.23142675	0.2245983	-0.78374475	0.19340865	-0.13026008	0.045360643	-0.048872847	1.0	-0.25034946	0.18099555
0.0740174	-0.06394282	0.08351508	-0.063220076	0.09826101	-0.07137024	0.07827792	-0.10510067	0.06658791	-0.057002485	0.073456116	-0.11069967	0.10899156	-0.0699672	0.079568796	-0.07850199	0.110030375	-0.13251917	0.14186867	-0.1274608	0.09363841	-0.1261304	0.16386585	-0.2237006	0.19185136	-0.098856755	0.14101493	-0.22147101	0.27571738	-0.2329464	0.11002803	-0.116358325	0.18821831	-0.7839168	0.20718452	-0.02436295	0.025497343	-0.25034946	1.0	-0.35371318
-0.13842885	0.115948826	-0.16237102	0.12032507	-0.19647719	0.12230939	-0.13678645	0.16538581	-0.112931356	0.108326875	-0.11027677	0.16216722	-0.17026047	0.11466942	-0.15508026	0.112463735	-0.16278967	0.18426281	-0.23537299	0.20553902	-0.124290965	0.16012083	-0.20553818	0.2430194	-0.4178391	0.12404785	-0.18117179	0.2209698	-0.31157586	0.3039837	-0.13619757	0.12870033	-0.15889211	0.24258469	-0.543956	0.031083925	-0.03295445	0.18099555	-0.35371318	1.0
