1.0	-0.28890318	0.11816178	-0.064721085	0.06859064	-0.9091731	0.2246981	-0.12313098	0.06688811	-0.06070629	0.12814552	-0.1343214	0.09754126	-0.06941206	0.058886044	-0.103423715	0.10466012	-0.08081122	0.066905126	-0.058822308	0.0942191	-0.07134738	0.06370651	-0.06585174	0.063558176	-0.045963805	0.06505625	-0.08255993	0.060646687	-0.038081214	0.040807564	-0.058284644	0.0542517	-0.048730697	0.04321565	-0.10126959	0.047624413	-0.047732584	0.04197658	-0.05629197
-0.28890318	1.0000004	-0.3252734	0.13727455	-0.14688861	0.22373286	-0.7797705	0.25777555	-0.14376134	0.12058927	-0.16253658	0.22242014	-0.20505682	0.1354888	-0.11759406	0.121929854	-0.20132196	0.14907877	-0.1292438	0.110824384	-0.15994966	0.121571444	-0.11621441	0.119960986	-0.12242059	0.07345036	-0.11505652	0.14196639	-0.111107215	0.070155755	-0.06704977	0.09895592	-0.09589955	0.08608319	-0.080315456	0.15529284	-0.08154403	0.08093862	-0.07294533	0.09536311
0.11816178	-0.3252734	1.0000002	-0.35986233	0.23455337	-0.118095495	0.24296406	-0.6555849	0.25075194	-0.21804331	0.1509031	-0.24369547	0.28119513	-0.2338246	0.18384631	-0.12686309	0.19993925	-0.24507569	0.19472858	-0.18129994	0.17843033	-0.15399046	0.17144899	-0.18723795	0.17532629	-0.101253636	0.14616181	-0.22801654	0.15877627	-0.10274491	0.09141845	-0.13899298	0.13442084	-0.12638813	0.11366121	-0.2383618	0.11511808	-0.118518494	0.10649346	-0.145175
-0.064721085	0.13727455	-0.35986233	1.0000001	-0.5776122	0.06168363	-0.120399654	0.2231862	-0.6067399	0.28895578	-0.10322297	0.14782171	-0.19683461	0.24667943	-0.22050065	0.08566829	-0.13999023	0.16720621	-0.18078761	0.17005919	-0.12948169	0.10928315	-0.12787186	0.15036263	-0.16639045	0.07061328	-0.10672612	0.15876713	-0.12834626	0.086857446	-0.06458434	0.10106961	-0.10195545	0.09748031	-0.09699089	0.16141768	-0.08455393	0.08678259	-0.08033365	0.10673708
0.06859064	-0.14688861	0.23455337	-0.5776122	1.0	-0.06607956	0.121273644	-0.20851289	0.31159744	-0.5801851	0.11685107	-0.16957882	0.19604583	-0.27004945	0.26036528	-0.09927657	0.15772966	-0.19226474	0.191381	-0.23031422	0.15074094	-0.13058813	0.14990404	-0.18135284	0.19248453	-0.08917348	0.12748599	-0.20024179	0.15121621	-0.10516237	0.080935895	-0.12558039	0.1239585	-0.12014449	0.114351615	-0.21478002	0.10512081	-0.10957672	0.10003228	-0.13725519
-0.9091731	0.22373286	-0.118095495	0.06168363	-0.06607956	0.9999999	-0.2902022	0.11771938	-0.06461685	0.05744729	-0.1459724	0.12702486	-0.09566986	0.06578816	-0.05617885	0.09999739	-0.103451595	0.07611212	-0.06370807	0.05535877	-0.09277089	0.06799734	-0.06027795	0.0619154	-0.060416203	0.042878855	-0.062081873	0.076762594	-0.05729171	0.03591514	-0.038222138	0.054671165	-0.05109751	0.045709237	-0.04088587	0.09257212	-0.04461304	0.04450821	-0.039263826	0.052274454
0.2246981	-0.7797705	0.24296406	-0.120399654	0.121273644	-0.2902022	0.9999996	-0.35070738	0.12592787	-0.1066895	0.14338662	-0.2746461	0.1914254	-0.123885274	0.10204173	-0.11140143	0.17535043	-0.14071617	0.11458518	-0.09811243	0.13505816	-0.10814744	0.10429299	-0.10784381	0.104713574	-0.065270275	0.099807724	-0.1298248	0.09682838	-0.061021548	0.058978364	-0.08766304	0.083802186	-0.07591112	0.06914937	-0.14111626	0.07171216	-0.071827024	0.064277545	-0.08511679
-0.12313098	0.25777555	-0.6555849	0.2231862	-0.20851289	0.11771938	-0.35070738	0.9999992	-0.2708906	0.17967455	-0.14451338	0.22516976	-0.4577074	0.21241698	-0.1690046	0.11546873	-0.19362615	0.22362196	-0.1856974	0.15121128	-0.16230589	0.13497768	-0.15530097	0.16096877	-0.15692867	0.08270767	-0.1283419	0.1836151	-0.13903448	0.088309646	-0.07540363	0.1158204	-0.114427075	0.106107004	-0.099410914	0.18241133	-0.09571215	0.09685592	-0.08831834	0.11654257
0.06688811	-0.14376134	0.25075194	-0.6067399	0.31159744	-0.06461685	0.12592787	-0.2708906	0.99999887	-0.42794293	0.10888716	-0.1624869	0.21768841	-0.46072295	0.25757906	-0.09128205	0.14878109	-0.19687475	0.21272014	-0.20112126	0.13681617	-0.11894013	0.14375432	-0.17883126	0.17859964	-0.076033376	0.11482834	-0.17899458	0.14029899	-0.09482069	0.069267325	-0.11001373	0.1104184	-0.107285604	0.10400734	-0.1745671	0.091383606	-0.09456297	0.08742073	-0.117125444
-0.06070629	0.12058927	-0.21804331	0.28895578	-0.5801851	0.05744729	-0.1066895	0.17967455	-0.42794293	0.999999	-0.10685724	0.14782359	-0.19413596	0.27651802	-0.52440554	0.088968106	-0.14579615	0.17415543	-0.20054212	0.24205308	-0.1380708	0.11637959	-0.13788398	0.16812646	-0.23088138	0.07525496	-0.11498046	0.1697883	-0.14567743	0.10704517	-0.06907547	0.110028125	-0.11306383	0.10977748	-0.11990245	0.17113975	-0.0924577	0.095170066	-0.08942552	0.11782953
0.12814552	-0.16253658	0.1509031	-0.10322297	0.11685107	-0.1459724	0.14338662	-0.14451338	0.10888716	-0.10685724	0.9999988	-0.39682788	0.17532904	-0.12774567	0.10868969	-0.7482529	0.26872474	-0.16465732	0.13195981	-0.114847526	0.28568467	-0.19642293	0.13951564	-0.13918093	0.12683356	-0.12626706	0.16108426	-0.18644804	0.13096756	-0.08044625	0.10680501	-0.14456154	0.12489262	-0.109748244	0.0912783	-0.26713976	0.11412711	-0.11390902	0.096298076	-0.13080364
-0.1343214	0.22242014	-0.24369547	0.14782171	-0.16957882	0.12702486	-0.2746461	0.22516976	-0.1624869	0.14782359	-0.39682788	0.99999887	-0.39057335	0.1852955	-0.15641424	0.25178912	-0.5982132	0.23521768	-0.19000272	0.15156636	-0.290702	0.23226719	-0.1862355	0.17907326	-0.17125387	0.12177109	-0.20479736	0.21864653	-0.16670163	0.10182214	-0.10970947	0.16206108	-0.1501589	0.1309093	-0.11675919	0.24208522	-0.1292066	0.12622076	-0.11127096	0.1445717
0.09754126	-0.20505682	0.28119513	-0.19683461	0.19604583	-0.09566986	0.1914254	-0.4577074	0.21768841	-0.19413596	0.17532904	-0.39057335	0.9999988	-0.34788683	0.20191768	-0.14555305	0.24826218	-0.5177687	0.26284575	-0.1937924	0.19810031	-0.1812531	0.23127593	-0.23183641	0.19101375	-0.10436673	0.1644571	-0.27085003	0.17992869	-0.11141789	0.09427331	-0.14968503	0.14647564	-0.13767628	0.12318492	-0.22926596	0.12137628	-0.12407828	0.11256814	-0.149494
-0.06941206	0.1354888	-0.2338246	0.24667943	-0.27004945	0.06578816	-0.123885274	0.21241698	-0.46072295	0.27651802	-0.12774567	0.1852955	-0.34788683	0.9999987	-0.4769712	0.10583448	-0.17977035	0.2565632	-0.4623159	0.24926884	-0.16219804	0.141171	-0.18774167	0.23777172	-0.24019662	0.08582242	-0.13710536	0.2076758	-0.18326049	0.11915007	-0.07872014	0.1283662	-0.1332705	0.1303686	-0.13216293	0.1891691	-0.10667805	0.10966112	-0.1036776	0.134588
0.058886044	-0.11759406	0.18384631	-0.22050065	0.26036528	-0.05617885	0.10204173	-0.1690046	0.25757906	-0.52440554	0.10868969	-0.15641424	0.20191768	-0.4769712	0.99999875	-0.091927424	0.1497466	-0.20029786	0.2329504	-0.51499933	0.14182685	-0.124770984	0.15325347	-0.20206347	0.2616689	-0.080633424	0.12174245	-0.19245924	0.15847115	-0.123168014	0.07353091	-0.11971665	0.1217251	-0.12193855	0.12958397	-0.18642923	0.099617384	-0.10427124	0.09764066	-0.13133696
-0.103423715	0.121929854	-0.12686309	0.08566829	-0.09927657	0.09999739	-0.11140143	0.11546873	-0.09128205	0.088968106	-0.7482529	0.25178912	-0.14555305	0.10583448	-0.091927424	0.99999875	-0.320033	0.13768056	-0.11282217	0.096140794	-0.47513098	0.19538254	-0.12348162	0.11845462	-0.10896053	0.113726	-0.15821862	0.15683362	-0.113471255	0.0688336	-0.09813473	0.12765446	-0.10975246	0.094146654	-0.07870726	0.21325691	-0.09922158	0.09701883	-0.08212228	0.10925375
0.10466012	-0.20132196	0.19993925	-0.13999023	0.15772966	-0.103451595	0.17535043	-0.19362615	0.14878109	-0.14579615	0.26872474	-0.5982132	0.24826218	-0.17977035	0.1497466	-0.320033	0.9999987	-0.2677091	0.19127986	-0.1585791	0.2920313	-0.41680428	0.21384043	-0.20297006	0.17388606	-0.15319802	0.24779549	-0.27302045	0.18263662	-0.11068019	0.13170889	-0.21003151	0.17380804	-0.15227091	0.124900624	-0.3132589	0.1546082	-0.15425758	0.13043061	-0.17513506
-0.08081122	0.14907877	-0.24507569	0.16720621	-0.19226474	0.07611212	-0.14071617	0.22362196	-0.19687475	0.17415543	-0.16465732	0.23521768	-0.5177687	0.2565632	-0.20029786	0.13768056	-0.2677091	0.9999986	-0.47338882	0.19165568	-0.21326758	0.20079935	-0.45633703	0.28543675	-0.21537854	0.10448008	-0.18709558	0.28895536	-0.21943168	0.12327969	-0.09601756	0.15758964	-0.16386436	0.15166396	-0.13887449	0.21450931	-0.12877867	0.12905183	-0.12078824	0.15234229
0.066905126	-0.1292438	0.19472858	-0.18078761	0.191381	-0.06370807	0.11458518	-0.1856974	0.21272014	-0.20054212	0.13195981	-0.19000272	0.26284575	-0.4623159	0.2329504	-0.11282217	0.19127986	-0.47338882	0.9999986	-0.26293653	0.17590447	-0.16873647	0.26634797	-0.5412705	0.2312207	-0.095910415	0.15784535	-0.2775031	0.23135187	-0.13419111	0.087511964	-0.15103021	0.15663633	-0.16426794	0.14178771	-0.2093542	0.12274812	-0.12886445	0.122243345	-0.16037786
-0.058822308	0.110824384	-0.18129994	0.17005919	-0.23031422	0.05535877	-0.09811243	0.15121128	-0.20112126	0.24205308	-0.114847526	0.15156636	-0.1937924	0.24926884	-0.51499933	0.096140794	-0.1585791	0.19165568	-0.26293653	0.99999857	-0.15423897	0.13165413	-0.16259877	0.21515082	-0.6487688	0.08432283	-0.1324012	0.19387892	-0.19463189	0.18929785	-0.07776925	0.1304334	-0.13997753	0.14361392	-0.20747292	0.18906036	-0.11009548	0.11469101	-0.111960866	0.1445012
0.0942191	-0.15994966	0.17843033	-0.12948169	0.15074094	-0.09277089	0.13505816	-0.16230589	0.13681617	-0.1380708	0.28568467	-0.290702	0.19810031	-0.16219804	0.14182685	-0.47513098	0.2920313	-0.21326758	0.17590447	-0.15423897	0.99999845	-0.43644926	0.20580372	-0.19755793	0.17421907	-0.25013214	0.26821274	-0.27633294	0.18907356	-0.11457514	0.18918148	-0.23773213	0.189742	-0.16345528	0.13023889	-0.43016502	0.17759885	-0.17623186	0.14444552	-0.19657725
-0.07134738	0.121571444	-0.15399046	0.10928315	-0.13058813	0.06799734	-0.10814744	0.13497768	-0.11894013	0.11637959	-0.19642293	0.23226719	-0.1812531	0.141171	-0.124770984	0.19538254	-0.41680428	0.20079935	-0.16873647	0.13165413	-0.43644926	0.99999857	-0.29594496	0.18822508	-0.15705325	0.16249134	-0.6209807	0.2513166	-0.18112122	0.10233733	-0.14322405	0.24227081	-0.19303483	0.14828517	-0.11829824	0.2574458	-0.169831	0.1521261	-0.12589005	0.15684904
0.06370651	-0.11621441	0.17144899	-0.12787186	0.14990404	-0.06027795	0.10429299	-0.15530097	0.14375432	-0.13788398	0.13951564	-0.1862355	0.23127593	-0.18774167	0.15325347	-0.12348162	0.21384043	-0.45633703	0.26634797	-0.16259877	0.20580372	-0.29594496	0.9999985	-0.4403053	0.19067885	-0.10444761	0.20717585	-0.6265131	0.22674802	-0.11943365	0.094615445	-0.16778138	0.17164174	-0.15924062	0.13135605	-0.2052108	0.13011695	-0.1316082	0.12106444	-0.15210956
-0.06585174	0.119960986	-0.18723795	0.15036263	-0.18135284	0.0619154	-0.10784381	0.16096877	-0.17883126	0.16812646	-0.13918093	0.17907326	-0.23183641	0.23777172	-0.20206347	0.11845462	-0.20297006	0.28543675	-0.5412705	0.21515082	-0.19755793	0.18822508	-0.4403053	0.99999845	-0.2961802	0.10248261	-0.18428001	0.29111376	-0.44910163	0.16778842	-0.09486271	0.17125857	-0.19782005	0.2108672	-0.17996894	0.21337505	-0.14156781	0.14719187	-0.14898328	0.1795447
0.063558176	-0.12242059	0.17532629	-0.16639045	0.19248453	-0.060416203	0.104713574	-0.15692867	0.17859964	-0.23088138	0.12683356	-0.17125387	0.19101375	-0.24019662	0.2616689	-0.10896053	0.17388606	-0.21537854	0.2312207	-0.6487688	0.17421907	-0.15705325	0.19067885	-0.2961802	0.99999833	-0.10600679	0.15631083	-0.25247732	0.23090024	-0.36001375	0.09651436	-0.16576415	0.17050171	-0.18813838	0.24739443	-0.2525457	0.13776515	-0.1492904	0.14280388	-0.19732563
-0.045963805	0.07345036	-0.101253636	0.07061328	-0.08917348	0.042878855	-0.065270275	0.08270767	-0.076033376	0.07525496	-0.12626706	0.12177109	-0.10436673	0.08582242	-0.080633424	0.113726	-0.15319802	0.10448008	-0.095910415	0.08432283	-0.25013214	0.16249134	-0.10444761	0.10248261	-0.10600679	0.9999984	-0.236216	0.13061124	-0.11419066	0.067711055	-0.8706363	0.15116018	-0.12469386	0.0956638	-0.080707066	0.25751865	-0.120592915	0.10403095	-0.085412785	0.10441083
0.06505625	-0.11505652	0.14616181	-0.10672612	0.12748599	-0.062081873	0.099807724	-0.1283419	0.11482834	-0.11498046	0.16108426	-0.20479736	0.1644571	-0.13710536	0.12174245	-0.15821862	0.24779549	-0.18709558	0.15784535	-0.1324012	0.26821274	-0.6209807	0.20717585	-0.18428001	0.15631083	-0.236216	0.9999984	-0.26925188	0.1875162	-0.108513266	0.17630973	-0.48245046	0.22973104	-0.1749419	0.12462944	-0.30776197	0.21148713	-0.19619714	0.14701913	-0.18725614
-0.08255993	0.14196639	-0.22801654	0.15876713	-0.20024179	0.076762594	-0.1298248	0.1836151	-0.17899458	0.1697883	-0.18644804	0.21864653	-0.27085003	0.2076758	-0.19245924	0.15683362	-0.27302045	0.28895536	-0.2775031	0.19387892	-0.27633294	0.2513166	-0.6265131	0.29111376	-0.25247732	0.13061124	-0.26925188	0.99999845	-0.30656877	0.154102	-0.12283193	0.21118061	-0.25833422	0.20282045	-0.18002054	0.24933706	-0.17474592	0.17065549	-0.16060661	0.18957673
0.060646687	-0.111107215	0.15877627	-0.12834626	0.15121621	-0.05729171	0.09682838	-0.13903448	0.14029899	-0.14567743	0.13096756	-0.16670163	0.17992869	-0.18326049	0.15847115	-0.113471255	0.18263662	-0.21943168	0.23135187	-0.19463189	0.18907356	-0.18112122	0.22674802	-0.44910163	0.23090024	-0.11419066	0.1875162	-0.30656877	0.9999985	-0.29687774	0.10498892	-0.23669939	0.27224505	-0.5495548	0.2451914	-0.25302997	0.18617563	-0.2202451	0.23322216	-0.300838
-0.038081214	0.070155755	-0.10274491	0.086857446	-0.10516237	0.03591514	-0.061021548	0.088309646	-0.09482069	0.10704517	-0.08044625	0.10182214	-0.11141789	0.11915007	-0.123168014	0.0688336	-0.11068019	0.12327969	-0.13419111	0.18929785	-0.11457514	0.10233733	-0.11943365	0.16778842	-0.36001375	0.067711055	-0.108513266	0.154102	-0.29687774	0.9999985	-0.06265433	0.12539616	-0.15529831	0.20410953	-0.8236538	0.1526235	-0.10623831	0.11743539	-0.13085164	0.15767606
0.040807564	-0.06704977	0.09141845	-0.06458434	0.080935895	-0.038222138	0.058978364	-0.07540363	0.069267325	-0.06907547	0.10680501	-0.10970947	0.09427331	-0.07872014	0.07353091	-0.09813473	0.13170889	-0.09601756	0.087511964	-0.07776925	0.18918148	-0.14322405	0.094615445	-0.09486271	0.09651436	-0.8706363	0.17630973	-0.12283193	0.10498892	-0.06265433	0.9999985	-0.15110157	0.11531715	-0.09043796	0.0741341	-0.36892098	0.116850264	-0.10331494	0.08152576	-0.10200166
-0.058284644	0.09895592	-0.13899298	0.10106961	-0.12558039	0.054671165	-0.08766304	0.1158204	-0.11001373	0.110028125	-0.14456154	0.16206108	-0.14968503	0.1283662	-0.11971665	0.12765446	-0.21003151	0.15758964	-0.15103021	0.1304334	-0.23773213	0.24227081	-0.16778138	0.17125857	-0.16576415	0.15116018	-0.48245046	0.21118061	-0.23669939	0.12539616	-0.15110157	0.99999815	-0.5090667	0.233705	-0.15218242	0.2555393	-0.473333	0.28317228	-0.20056757	0.21190761
0.0542517	-0.09589955	0.13442084	-0.10195545	0.1239585	-0.05109751	0.083802186	-0.114427075	0.1104184	-0.11306383	0.12489262	-0.1501589	0.14647564	-0.1332705	0.1217251	-0.10975246	0.17380804	-0.16386436	0.15663633	-0.13997753	0.189742	-0.19303483	0.17164174	-0.19782005	0.17050171	-0.12469386	0.22973104	-0.25833422	0.27224505	-0.15529831	0.11531715	-0.5090667	0.99999815	-0.528061	0.17554249	-0.2586674	0.2791011	-0.4020619	0.25234637	-0.28605065
-0.048730697	0.08608319	-0.12638813	0.09748031	-0.12014449	0.045709237	-0.07591112	0.106107004	-0.107285604	0.10977748	-0.109748244	0.1309093	-0.13767628	0.1303686	-0.12193855	0.094146654	-0.15227091	0.15166396	-0.16426794	0.14361392	-0.16345528	0.14828517	-0.15924062	0.2108672	-0.18813838	0.0956638	-0.1749419	0.20282045	-0.5495548	0.20410953	-0.09043796	0.233705	-0.528061	0.9999982	-0.2802306	0.20000468	-0.20292014	0.23381916	-0.40258265	0.27879247
0.04321565	-0.080315456	0.11366121	-0.09699089	0.114351615	-0.04088587	0.06914937	-0.099410914	0.10400734	-0.11990245	0.0912783	-0.11675919	0.12318492	-0.13216293	0.12958397	-0.07870726	0.124900624	-0.13887449	0.14178771	-0.20747292	0.13023889	-0.11829824	0.13135605	-0.17996894	0.24739443	-0.080707066	0.12462944	-0.18002054	0.2451914	-0.8236538	0.0741341	-0.15218242	0.17554249	-0.2802306	0.9999979	-0.18722226	0.12549135	-0.14417431	0.15494032	-0.20609616
-0.10126959	0.15529284	-0.2383618	0.16141768	-0.21478002	0.09257212	-0.14111626	0.18241133	-0.1745671	0.17113975	-0.26713976	0.24208522	-0.22926596	0.1891691	-0.18642923	0.21325691	-0.3132589	0.21450931	-0.2093542	0.18906036	-0.43016502	0.2574458	-0.2052108	0.21337505	-0.2525457	0.25751865	-0.30776197	0.24933706	-0.25302997	0.1526235	-0.36892098	0.2555393	-0.2586674	0.20000468	-0.18722226	0.9999977	-0.30645025	0.221879	-0.18584187	0.21272439
0.047624413	-0.08154403	0.11511808	-0.08455393	0.10512081	-0.04461304	0.07171216	-0.09571215	0.091383606	-0.0924577	0.11412711	-0.1292066	0.12137628	-0.10667805	0.099617384	-0.09922158	0.1546082	-0.12877867	0.12274812	-0.11009548	0.17759885	-0.169831	0.13011695	-0.14156781	0.13776515	-0.120592915	0.21148713	-0.17474592	0.18617563	-0.10623831	0.116850264	-0.473333	0.2791011	-0.20292014	0.12549135	-0.30645025	0.9999978	-0.70121074	0.23029207	-0.26856098
-0.047732584	0.08093862	-0.118518494	0.08678259	-0.10957672	0.04450821	-0.071827024	0.09685592	-0.09456297	0.095170066	-0.11390902	0.12622076	-0.12407828	0.10966112	-0.10427124	0.09701883	-0.15425758	0.12905183	-0.12886445	0.11469101	-0.17623186	0.1521261	-0.1316082	0.14719187	-0.1492904	0.10403095	-0.19619714	0.17065549	-0.2202451	0.11743539	-0.10331494	0.28317228	-0.4020619	0.23381916	-0.14417431	0.221879	-0.70121074	0.9999977	-0.38245726	0.26318353
0.04197658	-0.07294533	0.10649346	-0.08033365	0.10003228	-0.039263826	0.064277545	-0.08831834	0.08742073	-0.08942552	0.096298076	-0.11127096	0.11256814	-0.1036776	0.09764066	-0.08212228	0.13043061	-0.12078824	0.122243345	-0.111960866	0.14444552	-0.12589005	0.12106444	-0.14898328	0.14280388	-0.085412785	0.14701913	-0.16060661	0.23322216	-0.13085164	0.08152576	-0.20056757	0.25234637	-0.40258265	0.15494032	-0.18584187	0.23029207	-0.38245726	0.99999774	-0.74373853
-0.05629197	0.09536311	-0.145175	0.10673708	-0.13725519	0.052274454	-0.08511679	0.11654257	-0.117125444	0.11782953	-0.13080364	0.1445717	-0.149494	0.134588	-0.13133696	0.10925375	-0.17513506	0.15234229	-0.16037786	0.1445012	-0.19657725	0.15684904	-0.15210956	0.1795447	-0.19732563	0.10441083	-0.18725614	0.18957673	-0.300838	0.15767606	-0.10200166	0.21190761	-0.28605065	0.27879247	-0.20609616	0.21272439	-0.26856098	0.26318353	-0.74373853	0.99999774
