1.0	-0.33380482	0.19919406	-0.16811118	0.15311792	-0.7382182	0.24545178	-0.21126682	0.17179431	-0.14851929	0.23157433	-0.22813442	0.19077107	-0.1780526	0.18420221	-0.28187412	0.21891125	-0.16377102	0.17988254	-0.14199826	0.10562876	-0.10760313	0.14674947	-0.15710786	0.1181082	-0.067722954	0.084154956	-0.15688218	0.116548665	-0.1424894	0.059149623	-0.15319827	0.12049286	-0.12500481	0.0906715	-0.079244554	0.100654334	-0.11315905	0.07518436	-0.096078865
-0.33380482	1.0	-0.66977257	0.23512691	-0.22843741	0.22498818	-0.48012942	0.30620444	-0.21649441	0.16609289	-0.1193251	0.18694021	-0.18818529	0.17861493	-0.20191449	0.1322388	-0.15252191	0.112445846	-0.13823058	0.10341089	-0.055052318	0.05445867	-0.09546469	0.101151064	-0.08371605	0.035972554	-0.04575074	0.09520383	-0.07410634	0.08923699	-0.032020397	0.08416939	-0.07047764	0.07553071	-0.05613623	0.04207457	-0.056659374	0.06330455	-0.043270238	0.05430421
0.19919406	-0.66977257	1.0000001	-0.3801175	0.22188681	-0.18775691	0.29871517	-0.48848274	0.22240105	-0.17342132	0.103064224	-0.17379658	0.17324276	-0.18434359	0.1788574	-0.11732019	0.13080724	-0.10132851	0.12280793	-0.09482849	0.048188347	-0.048025053	0.08476164	-0.092263594	0.075346634	-0.03187037	0.040386382	-0.085927345	0.0670217	-0.081459835	0.02832441	-0.07557421	0.06293671	-0.06883315	0.050879132	-0.037330728	0.05046198	-0.05677082	0.038935803	-0.048995707
-0.16811118	0.23512691	-0.3801175	0.9999998	-0.6845262	0.15308647	-0.21537709	0.2329419	-0.40398395	0.2798823	-0.09615135	0.16311672	-0.17857772	0.2282705	-0.28579903	0.108474515	-0.14000787	0.10931268	-0.14637657	0.11394338	-0.047677424	0.047208145	-0.09212734	0.102241926	-0.08929815	0.03241615	-0.041392535	0.091636516	-0.07392624	0.08961238	-0.029087761	0.078315	-0.06667227	0.07444539	-0.05571245	0.03810305	-0.052779745	0.059261326	-0.041251153	0.051558487
0.15311792	-0.22843741	0.22188681	-0.6845262	0.9999996	-0.15729725	0.18232916	-0.21151914	0.26860857	-0.5185843	0.09671347	-0.16681744	0.16278906	-0.23002812	0.2722226	-0.11287647	0.13642927	-0.11120042	0.14171171	-0.121896505	0.049153887	-0.04913577	0.09427386	-0.10968986	0.09236896	-0.03412596	0.04331989	-0.0971159	0.078424536	-0.09694887	0.030590689	-0.08389371	0.07033516	-0.080799446	0.059699114	-0.040276077	0.05585361	-0.063277334	0.044188354	-0.055569965
-0.7382182	0.22498818	-0.18775691	0.15308647	-0.15729725	0.9999995	-0.30198857	0.19740218	-0.17670558	0.14342692	-0.35313252	0.22615984	-0.20980397	0.17261784	-0.1979233	0.25442466	-0.24920078	0.15722972	-0.18289356	0.12804237	-0.10396176	0.096557625	-0.13968316	0.13483877	-0.10828058	0.058579218	-0.07577566	0.13445435	-0.10116845	0.11907627	-0.05173919	0.12305824	-0.103802785	0.10239263	-0.076499894	0.06705357	-0.08583053	0.09293928	-0.062105563	0.077440426
0.24545178	-0.48012942	0.29871517	-0.21537709	0.18232916	-0.30198857	0.9999995	-0.6259664	0.23611589	-0.17531295	0.16047148	-0.3247325	0.24209705	-0.22928166	0.19519393	-0.17805001	0.18068786	-0.13765663	0.15689439	-0.11954678	0.06824556	-0.06796548	0.11313928	-0.12099479	0.09586206	-0.04356154	0.055059373	-0.11511978	0.08810161	-0.106907755	0.03841231	-0.101555645	0.0840674	-0.09088646	0.0668931	-0.050711133	0.067635305	-0.07611629	0.05183278	-0.06534385
-0.21126682	0.30620444	-0.48848274	0.2329419	-0.21151914	0.19740218	-0.6259664	0.9999993	-0.36238977	0.18378212	-0.1250366	0.22945885	-0.29018596	0.23539749	-0.20991167	0.13498393	-0.16058788	0.122237	-0.14928828	0.109104626	-0.055530746	0.05479499	-0.09994537	0.1055399	-0.08718	0.036069103	-0.04594504	0.09856625	-0.076796964	0.09240896	-0.03206946	0.08493693	-0.07172575	0.07770196	-0.05779679	0.04208312	-0.057112575	0.06401489	-0.043934137	0.055044163
0.17179431	-0.21649441	0.22240105	-0.40398395	0.26860857	-0.17670558	0.23611589	-0.36238977	0.99999905	-0.3794909	0.12132687	-0.23763172	0.2538166	-0.60544276	0.2822	-0.13838388	0.16789417	-0.14173189	0.18451391	-0.14139134	0.058498457	-0.058318775	0.11359785	-0.12938693	0.10708228	-0.039744742	0.05052854	-0.11482208	0.091897264	-0.112501144	0.035489604	-0.096873805	0.0819317	-0.09339236	0.069176465	-0.04665554	0.06461382	-0.07317335	0.050998624	-0.06397005
-0.14851929	0.16609289	-0.17342132	0.2798823	-0.5185843	0.14342692	-0.17531295	0.18378212	-0.3794909	0.99999905	-0.09456086	0.16255504	-0.17522697	0.24723345	-0.65108967	0.10802816	-0.14688449	0.11812955	-0.1661188	0.14797322	-0.04921301	0.048778173	-0.10087995	0.117056966	-0.112740114	0.03433002	-0.043949082	0.10051007	-0.08422247	0.10267426	-0.030967489	0.084343255	-0.07264587	0.08365362	-0.063329436	0.040485796	-0.0570214	0.06414179	-0.045318354	0.056420393
0.23157433	-0.1193251	0.103064224	-0.09615135	0.09671347	-0.35313252	0.16047148	-0.1250366	0.12132687	-0.09456086	0.99999887	-0.35269693	0.19776098	-0.1344969	0.12937717	-0.7921225	0.1996569	-0.12770672	0.12814836	-0.090885185	0.12519713	-0.12286111	0.10418432	-0.097888865	0.075839564	-0.05153308	0.06386938	-0.10139771	0.07305434	-0.08571215	0.041191142	-0.089693554	0.07434301	-0.07335112	0.05448585	-0.054760396	0.06183865	-0.0676089	0.04423133	-0.055405162
-0.22813442	0.18694021	-0.17379658	0.16311672	-0.16681744	0.22615984	-0.3247325	0.22945885	-0.23763172	0.16255504	-0.35269693	0.9999989	-0.6587195	0.25950024	-0.22837786	0.24728023	-0.32380688	0.19091207	-0.2024894	0.1362564	-0.08892812	0.08486872	-0.14524314	0.13786466	-0.11143564	0.050766557	-0.064934075	0.1358992	-0.1015998	0.11939041	-0.044320356	0.11327709	-0.0969435	0.10043956	-0.07510902	0.057942886	-0.07668867	0.085478835	-0.057793558	0.07209265
0.19077107	-0.18818529	0.17324276	-0.17857772	0.16278906	-0.20980397	0.24209705	-0.29018596	0.2538166	-0.17522697	0.19776098	-0.6587195	0.9999989	-0.48171782	0.21551463	-0.2165871	0.22770648	-0.20651034	0.19721347	-0.13989697	0.077382304	-0.0771952	0.13999553	-0.14060546	0.11045089	-0.04814165	0.060927253	-0.13633783	0.101733126	-0.12163107	0.042126693	-0.11248327	0.09489093	-0.10208371	0.075532824	-0.055526074	0.07464726	-0.08452336	0.057460397	-0.07211893
-0.1780526	0.17861493	-0.18434359	0.2282705	-0.23002812	0.17261784	-0.22928166	0.23539749	-0.60544276	0.24723345	-0.1344969	0.25950024	-0.48171782	0.9999987	-0.36900917	0.14449462	-0.20142628	0.16932075	-0.2760527	0.16122659	-0.06333581	0.062402785	-0.13167375	0.14302534	-0.123586476	0.042534966	-0.05451104	0.1260929	-0.10187309	0.12189433	-0.038085725	0.102949694	-0.089236856	0.09999804	-0.07522484	0.04975218	-0.0694843	0.07820071	-0.054622713	0.06796042
0.18420221	-0.20191449	0.1788574	-0.28579903	0.2722226	-0.1979233	0.19519393	-0.20991167	0.2822	-0.65108967	0.12937717	-0.22837786	0.21551463	-0.36900917	0.9999984	-0.15358846	0.19603957	-0.16875635	0.22350673	-0.27220654	0.07014403	-0.07029461	0.14540467	-0.18506917	0.17083378	-0.050607495	0.064387575	-0.1519706	0.12942064	-0.16384508	0.045658868	-0.12770583	0.10840212	-0.1321605	0.09833611	-0.060018037	0.085117094	-0.096995495	0.06928895	-0.08686321
-0.28187412	0.1322388	-0.11732019	0.108474515	-0.11287647	0.25442466	-0.17805001	0.13498393	-0.13838388	0.10802816	-0.7921225	0.24728023	-0.2165871	0.14449462	-0.15358846	0.99999815	-0.2791571	0.15049781	-0.154497	0.10538311	-0.19104744	0.1467003	-0.12604943	0.11306368	-0.08892417	0.061271586	-0.078194305	0.11769574	-0.08501872	0.098483175	-0.049349118	0.1034065	-0.087241165	0.08409678	-0.062969476	0.064506896	-0.07269587	0.07838335	-0.051224835	0.063759595
0.21891125	-0.15252191	0.13080724	-0.14000787	0.13642927	-0.24920078	0.18068786	-0.16058788	0.16789417	-0.14688449	0.1996569	-0.32380688	0.22770648	-0.20142628	0.19603957	-0.2791571	0.99999785	-0.5770933	0.29302675	-0.2257274	0.11820497	-0.12143395	0.2802657	-0.2665638	0.18447836	-0.08665399	0.10896697	-0.2960846	0.19489092	-0.23228374	0.076822706	-0.23080555	0.1882158	-0.1982535	0.14347294	-0.10208124	0.14451407	-0.16982497	0.11238022	-0.14297098
-0.16377102	0.112445846	-0.10132851	0.10931268	-0.11120042	0.15722972	-0.13765663	0.122237	-0.14173189	0.11812955	-0.12770672	0.19091207	-0.20651034	0.16932075	-0.16875635	0.15049781	-0.5770933	0.99999815	-0.4762519	0.20143078	-0.093598284	0.09312596	-0.5053058	0.22666907	-0.1722593	0.065138794	-0.08557296	0.2572074	-0.17176497	0.17915063	-0.05823649	0.16392155	-0.15925825	0.14598471	-0.112818226	0.07505374	-0.110162854	0.12502977	-0.0833238	0.10151223
0.17988254	-0.13823058	0.12280793	-0.14637657	0.14171171	-0.18289356	0.15689439	-0.14928828	0.18451391	-0.1661188	0.12814836	-0.2024894	0.19721347	-0.2760527	0.22350673	-0.154497	0.29302675	-0.4762519	0.99999785	-0.47366562	0.08920767	-0.089826986	0.26398414	-0.36787534	0.27334052	-0.07035723	0.09058192	-0.26194155	0.22576669	-0.2763149	0.064053625	-0.18726893	0.16774702	-0.2150294	0.16009052	-0.083474524	0.12488649	-0.14431798	0.105428465	-0.13051954
-0.14199826	0.10341089	-0.09482849	0.11394338	-0.121896505	0.12804237	-0.11954678	0.109104626	-0.14139134	0.14797322	-0.090885185	0.1362564	-0.13989697	0.16122659	-0.27220654	0.10538311	-0.2257274	0.20143078	-0.47366562	0.9999979	-0.064100504	0.06254465	-0.19053733	0.26292962	-0.69843185	0.049091037	-0.0650181	0.17259505	-0.19683635	0.23013292	-0.04577695	0.12417645	-0.12240958	0.15621614	-0.14034918	0.058173724	-0.08984135	0.098965965	-0.07713697	0.09088676
0.10562876	-0.055052318	0.048188347	-0.047677424	0.049153887	-0.10396176	0.06824556	-0.055530746	0.058498457	-0.04921301	0.12519713	-0.08892812	0.077382304	-0.06333581	0.07014403	-0.19104744	0.11820497	-0.093598284	0.08920767	-0.064100504	0.99999803	-0.91199696	0.1160536	-0.081741944	0.05790073	-0.1595088	0.18118338	-0.10694043	0.06481054	-0.06983558	0.09491627	-0.10620039	0.08167949	-0.06135676	0.046444796	-0.13219288	0.08270442	-0.08214519	0.045817778	-0.056995947
-0.10760313	0.05445867	-0.048025053	0.047208145	-0.04913577	0.096557625	-0.06796548	0.05479499	-0.058318775	0.048778173	-0.12286111	0.08486872	-0.0771952	0.062402785	-0.07029461	0.1467003	-0.12143395	0.09312596	-0.089826986	0.06254465	-0.91199696	0.99999833	-0.1304342	0.079301104	-0.056913856	0.14640115	-0.23702337	0.10461572	-0.06360492	0.0670586	-0.09249589	0.09776973	-0.07909491	0.05841993	-0.0446506	0.11619655	-0.07799289	0.07579681	-0.042959668	0.0528296
0.14674947	-0.09546469	0.08476164	-0.09212734	0.09427386	-0.13968316	0.11313928	-0.09994537	0.11359785	-0.10087995	0.10418432	-0.14524314	0.13999553	-0.13167375	0.14540467	-0.12604943	0.2802657	-0.5053058	0.26398414	-0.19053733	0.1160536	-0.1304342	0.99999803	-0.336587	0.18183818	-0.08685114	0.11271032	-0.6096429	0.24252336	-0.22562853	0.07410764	-0.22912759	0.22143157	-0.17934926	0.13845785	-0.09647678	0.14261821	-0.17228077	0.104762964	-0.12757005
-0.15710786	0.101151064	-0.092263594	0.102241926	-0.10968986	0.13483877	-0.12099479	0.1055399	-0.12938693	0.117056966	-0.097888865	0.13786466	-0.14060546	0.14302534	-0.18506917	0.11306368	-0.2665638	0.22666907	-0.36787534	0.26292962	-0.081741944	0.079301104	-0.336587	0.9999982	-0.43279263	0.063591756	-0.08607408	0.2687969	-0.5891488	0.2971743	-0.05923349	0.15895116	-0.17485715	0.2063644	-0.18991423	0.07425463	-0.11777904	0.12875894	-0.10053399	0.11453592
0.1181082	-0.08371605	0.075346634	-0.08929815	0.09236896	-0.10828058	0.09586206	-0.08718	0.10708228	-0.112740114	0.075839564	-0.11143564	0.11045089	-0.123586476	0.17083378	-0.08892417	0.18447836	-0.1722593	0.27334052	-0.69843185	0.05790073	-0.056913856	0.18183818	-0.43279263	0.9999981	-0.04682661	0.06190281	-0.18561739	0.24369515	-0.38240337	0.043688953	-0.12243484	0.12208533	-0.19841556	0.16903944	-0.055641793	0.08809853	-0.09951406	0.08260013	-0.098146245
-0.067722954	0.035972554	-0.03187037	0.03241615	-0.03412596	0.058579218	-0.04356154	0.036069103	-0.039744742	0.03433002	-0.05153308	0.050766557	-0.04814165	0.042534966	-0.050607495	0.061271586	-0.08665399	0.065138794	-0.07035723	0.049091037	-0.1595088	0.14640115	-0.08685114	0.063591756	-0.04682661	0.99999803	-0.77126944	0.0970692	-0.056401625	0.05708239	-0.4919893	0.12722066	-0.0961222	0.052732874	-0.041030798	0.28383946	-0.13390042	0.10373063	-0.051238958	0.061622374
0.084154956	-0.04575074	0.040386382	-0.041392535	0.04331989	-0.07577566	0.055059373	-0.04594504	0.05052854	-0.043949082	0.06386938	-0.064934075	0.060927253	-0.05451104	0.064387575	-0.078194305	0.10896697	-0.08557296	0.09058192	-0.0650181	0.18118338	-0.23702337	0.11271032	-0.08607408	0.06190281	-0.77126944	0.99999803	-0.14109826	0.07588672	-0.07776502	0.28418833	-0.1878455	0.12790278	-0.072122544	0.055531994	-0.38899744	0.16321881	-0.14499189	0.070122935	-0.08659727
-0.15688218	0.09520383	-0.085927345	0.091636516	-0.0971159	0.13445435	-0.11511978	0.09856625	-0.11482208	0.10051007	-0.10139771	0.1358992	-0.13633783	0.1260929	-0.1519706	0.11769574	-0.2960846	0.2572074	-0.26194155	0.17259505	-0.10694043	0.10461572	-0.6096429	0.2687969	-0.18561739	0.0970692	-0.14109826	0.9999982	-0.38789028	0.22755645	-0.084908515	0.23855144	-0.40232486	0.17961758	-0.15311392	0.10537087	-0.16870703	0.19120777	-0.11475002	0.12994792
0.116548665	-0.07410634	0.0670217	-0.07392624	0.078424536	-0.10116845	0.08810161	-0.076796964	0.091897264	-0.08422247	0.07305434	-0.1015998	0.101733126	-0.10187309	0.12942064	-0.08501872	0.19489092	-0.17176497	0.22576669	-0.19683635	0.06481054	-0.06360492	0.24252336	-0.5891488	0.24369515	-0.056401625	0.07588672	-0.38789028	0.999998	-0.5423726	0.05169942	-0.14665407	0.16670452	-0.29149705	0.22809578	-0.06512558	0.10635189	-0.12208847	0.101901166	-0.11642926
-0.1424894	0.08923699	-0.081459835	0.08961238	-0.09694887	0.11907627	-0.106907755	0.09240896	-0.112501144	0.10267426	-0.08571215	0.11939041	-0.12163107	0.12189433	-0.16384508	0.098483175	-0.23228374	0.17915063	-0.2763149	0.23013292	-0.06983558	0.0670586	-0.22562853	0.2971743	-0.38240337	0.05708239	-0.07776502	0.22755645	-0.5423726	0.99999815	-0.05479186	0.14430457	-0.1640892	0.2940797	-0.48158053	0.06802071	-0.11409971	0.12385563	-0.119188584	0.13065822
0.059149623	-0.032020397	0.02832441	-0.029087761	0.030590689	-0.05173919	0.03841231	-0.03206946	0.035489604	-0.030967489	0.041191142	-0.044320356	0.042126693	-0.038085725	0.045658868	-0.049349118	0.076822706	-0.05823649	0.064053625	-0.04577695	0.09491627	-0.09249589	0.07410764	-0.05923349	0.043688953	-0.4919893	0.28418833	-0.084908515	0.05169942	-0.05479186	0.9999982	-0.15505318	0.10269246	-0.05351433	0.041199915	-0.77241397	0.17535359	-0.13950214	0.0613895	-0.07549817
-0.15319827	0.08416939	-0.07557421	0.078315	-0.08389371	0.12305824	-0.101555645	0.08493693	-0.096873805	0.084343255	-0.089693554	0.11327709	-0.11248327	0.102949694	-0.12770583	0.1034065	-0.23080555	0.16392155	-0.18726893	0.12417645	-0.10620039	0.09776973	-0.22912759	0.15895116	-0.12243484	0.12722066	-0.1878455	0.23855144	-0.14665407	0.14430457	-0.15505318	0.9999985	-0.61956143	0.13928564	-0.11129863	0.17658375	-0.530252	0.30928108	-0.14759307	0.16057308
0.12049286	-0.07047764	0.06293671	-0.06667227	0.07033516	-0.103802785	0.0840674	-0.07172575	0.0819317	-0.07264587	0.07434301	-0.0969435	0.09489093	-0.089236856	0.10840212	-0.087241165	0.1882158	-0.15925825	0.16774702	-0.12240958	0.08167949	-0.07909491	0.22143157	-0.17485715	0.12208533	-0.0961222	0.12790278	-0.40232486	0.16670452	-0.1640892	0.10269246	-0.61956143	0.99999833	-0.16680361	0.1244452	-0.1308535	0.29409468	-0.4919991	0.16925468	-0.19753188
-0.12500481	0.07553071	-0.06883315	0.07444539	-0.080799446	0.10239263	-0.09088646	0.07770196	-0.09339236	0.08365362	-0.07335112	0.10043956	-0.10208371	0.09999804	-0.1321605	0.08409678	-0.1982535	0.14598471	-0.2150294	0.15621614	-0.06135676	0.05841993	-0.17934926	0.2063644	-0.19841556	0.052732874	-0.072122544	0.17961758	-0.29149705	0.2940797	-0.05351433	0.13928564	-0.16680361	0.99999815	-0.7783987	0.06567042	-0.123776644	0.13794747	-0.21735047	0.18780382
0.0906715	-0.05613623	0.050879132	-0.05571245	0.059699114	-0.076499894	0.0668931	-0.05779679	0.069176465	-0.063329436	0.05448585	-0.07510902	0.075532824	-0.07522484	0.09833611	-0.062969476	0.14347294	-0.112818226	0.16009052	-0.14034918	0.046444796	-0.0446506	0.13845785	-0.18991423	0.16903944	-0.041030798	0.055531994	-0.15311392	0.22809578	-0.48158053	0.041199915	-0.11129863	0.1244452	-0.7783987	0.9999984	-0.05110222	0.09530195	-0.11092009	0.15373099	-0.18352862
-0.079244554	0.04207457	-0.037330728	0.03810305	-0.040276077	0.06705357	-0.050711133	0.04208312	-0.04665554	0.040485796	-0.054760396	0.057942886	-0.055526074	0.04975218	-0.060018037	0.064506896	-0.10208124	0.07505374	-0.083474524	0.058173724	-0.13219288	0.11619655	-0.09647678	0.07425463	-0.055641793	0.28383946	-0.38899744	0.10537087	-0.06512558	0.06802071	-0.77241397	0.17658375	-0.1308535	0.06567042	-0.05110222	0.99999857	-0.29978523	0.16461809	-0.075208575	0.088093765
0.100654334	-0.056659374	0.05046198	-0.052779745	0.05585361	-0.08583053	0.067635305	-0.057112575	0.06461382	-0.0570214	0.06183865	-0.07668867	0.07464726	-0.0694843	0.085117094	-0.07269587	0.14451407	-0.110162854	0.12488649	-0.08984135	0.08270442	-0.07799289	0.14261821	-0.11777904	0.08809853	-0.13390042	0.16321881	-0.16870703	0.10635189	-0.11409971	0.17535359	-0.530252	0.29409468	-0.123776644	0.09530195	-0.29978523	0.9999985	-0.6414437	0.19197786	-0.23392761
-0.11315905	0.06330455	-0.05677082	0.059261326	-0.063277334	0.09293928	-0.07611629	0.06401489	-0.07317335	0.06414179	-0.0676089	0.085478835	-0.08452336	0.07820071	-0.096995495	0.07838335	-0.16982497	0.12502977	-0.14431798	0.098965965	-0.08214519	0.07579681	-0.17228077	0.12875894	-0.09951406	0.10373063	-0.14499189	0.19120777	-0.12208847	0.12385563	-0.13950214	0.30928108	-0.4919991	0.13794747	-0.11092009	0.16461809	-0.6414437	0.9999984	-0.33698112	0.24271886
0.07518436	-0.043270238	0.038935803	-0.041251153	0.044188354	-0.062105563	0.05183278	-0.043934137	0.050998624	-0.045318354	0.04423133	-0.057793558	0.057460397	-0.054622713	0.06928895	-0.051224835	0.11238022	-0.0833238	0.105428465	-0.07713697	0.045817778	-0.042959668	0.104762964	-0.10053399	0.08260013	-0.051238958	0.070122935	-0.11475002	0.101901166	-0.119188584	0.0613895	-0.14759307	0.16925468	-0.21735047	0.15373099	-0.075208575	0.19197786	-0.33698112	0.99999845	-0.86569995
-0.096078865	0.05430421	-0.048995707	0.051558487	-0.055569965	0.077440426	-0.06534385	0.055044163	-0.06397005	0.056420393	-0.055405162	0.07209265	-0.07211893	0.06796042	-0.08686321	0.063759595	-0.14297098	0.10151223	-0.13051954	0.09088676	-0.056995947	0.0528296	-0.12757005	0.11453592	-0.098146245	0.061622374	-0.08659727	0.12994792	-0.11642926	0.13065822	-0.07549817	0.16057308	-0.19753188	0.18780382	-0.18352862	0.088093765	-0.23392761	0.24271886	-0.86569995	0.99999845
