1.0000001	-0.85346806	0.25100303	-0.21094114	0.18269719	-0.225119	0.17542447	-0.1596144	0.15730523	-0.100706354	0.13084048	-0.15026252	0.113977686	-0.12598307	0.08550524	-0.12114974	0.11332215	-0.12301889	0.098169915	-0.086825006	0.11105798	-0.112781614	0.094263084	-0.112396486	0.09905975	-0.15262803	0.075363755	-0.089102	0.08108008	-0.12786448	0.052138437	-0.0747278	0.06747155	-0.07328479	0.0705686	-0.057766482	0.09694479	-0.07617148	0.063335165	-0.08571725
-0.85346806	1.0000001	-0.37546438	0.19337484	-0.18310468	0.15670647	-0.17233849	0.14700806	-0.14701033	0.08524199	-0.10628262	0.12066944	-0.09769496	0.1036886	-0.07280511	0.09470589	-0.09218892	0.09873404	-0.08028554	0.07124677	-0.0896965	0.08952212	-0.07602473	0.09010739	-0.08168811	0.11813975	-0.05888818	0.06952545	-0.064193584	0.10036987	-0.040797435	0.058290076	-0.052839637	0.057663865	-0.055584446	0.045018885	-0.076555505	0.059608936	-0.049769893	0.067058586
0.25100303	-0.37546438	1.0000001	-0.6465007	0.29705492	-0.20051052	0.23730338	-0.33678812	0.26150307	-0.15408197	0.13384657	-0.1997374	0.16896674	-0.18430172	0.12515584	-0.14390224	0.14166449	-0.16984107	0.13745612	-0.12392409	0.13936634	-0.14689557	0.1276845	-0.15544263	0.1389282	-0.21048762	0.103397995	-0.12297238	0.112006694	-0.17873454	0.071696974	-0.102935396	0.092923954	-0.10154344	0.097948186	-0.07972365	0.1328633	-0.10542632	0.08758008	-0.119136654
-0.21094114	0.19337484	-0.6465007	1.0000001	-0.56603086	0.15607709	-0.20674932	0.22525302	-0.3328925	0.14366397	-0.10866132	0.16002035	-0.13988529	0.14995235	-0.11754742	0.115551144	-0.11598125	0.13916855	-0.115413405	0.10770506	-0.11467568	0.11975295	-0.10564318	0.12836985	-0.12163987	0.17224663	-0.08501678	0.10111939	-0.09306718	0.14843854	-0.05910956	0.08464238	-0.076606244	0.08405907	-0.08136276	0.06559871	-0.11023556	0.08703643	-0.07252276	0.09845221
0.18269719	-0.18310468	0.29705492	-0.56603086	0.9999997	-0.23920822	0.2476724	-0.2366294	0.26934806	-0.19773805	0.16373461	-0.24793777	0.18922451	-0.22004633	0.16058044	-0.18588088	0.18090801	-0.2276852	0.18032123	-0.16860217	0.18822719	-0.20149225	0.1730197	-0.2126984	0.19024166	-0.34232682	0.16315785	-0.19504052	0.16982895	-0.28110486	0.11364367	-0.16376358	0.14608775	-0.15693837	0.15215287	-0.12802145	0.20529188	-0.16695559	0.13699345	-0.18898042
-0.225119	0.15670647	-0.20051052	0.15607709	-0.23920822	0.99999976	-0.35847953	0.1972928	-0.22186105	0.12656453	-0.703151	0.24446303	-0.17394547	0.16785042	-0.11927201	0.2801295	-0.26186648	0.17079446	-0.13952851	0.11428693	-0.24520506	0.19042554	-0.14525081	0.15138036	-0.13902745	0.16567723	-0.08961419	0.10120854	-0.099670656	0.14017512	-0.061239485	0.08558922	-0.07924734	0.085510164	-0.08191657	0.06478909	-0.1219603	0.08636636	-0.07398196	0.09476891
0.17542447	-0.17233849	0.23730338	-0.20674932	0.2476724	-0.35847953	0.9999997	-0.58261144	0.30128792	-0.19834948	0.21544826	-0.36478344	0.25970417	-0.27791983	0.16096433	-0.22706838	0.22381613	-0.24149019	0.1932684	-0.16379815	0.20134802	-0.2125755	0.17958185	-0.2150509	0.18127488	-0.23968822	0.122657344	-0.14456405	0.13818747	-0.21069247	0.08420564	-0.120570116	0.11036494	-0.122729555	0.11723036	-0.09202203	0.16060218	-0.12372715	0.10421854	-0.139352
-0.1596144	0.14700806	-0.33678812	0.22525302	-0.2366294	0.1972928	-0.58261144	0.99999946	-0.542658	0.18602067	-0.14339104	0.23618788	-0.34603694	0.24233223	-0.1572884	0.14828789	-0.16233793	0.18468861	-0.16258642	0.13705042	-0.14540121	0.14865851	-0.13867043	0.16399878	-0.15474117	0.17140879	-0.08899206	0.1050946	-0.10404711	0.15632619	-0.06151638	0.08748487	-0.080791645	0.09103285	-0.0875087	0.0668804	-0.11935992	0.09073411	-0.077134825	0.10236533
0.15730523	-0.14701033	0.26150307	-0.3328925	0.26934806	-0.22186105	0.30128792	-0.542658	0.9999993	-0.39769945	0.15539175	-0.2593065	0.23822944	-0.28014034	0.23060174	-0.17292577	0.17747486	-0.22619915	0.19370534	-0.19650349	0.17071235	-0.18182205	0.16677639	-0.20840727	0.20305464	-0.23157518	0.1180132	-0.14077608	0.13690114	-0.21710736	0.08171158	-0.11698659	0.10747314	-0.12197128	0.11806328	-0.08967184	0.15652832	-0.122319646	0.10335537	-0.13960229
-0.100706354	0.08524199	-0.15408197	0.14366397	-0.19773805	0.12656453	-0.19834948	0.18602067	-0.39769945	0.99999917	-0.09617945	0.14811878	-0.14472224	0.16202217	-0.75516343	0.10462065	-0.11289334	0.15600339	-0.16835357	0.25896773	-0.11431159	0.11708568	-0.121660456	0.15491568	-0.29673404	0.14258853	-0.077434115	0.09267969	-0.10367254	0.16154617	-0.05464039	0.07665695	-0.07282496	0.08787956	-0.08923259	0.058509238	-0.11331482	0.083778664	-0.07407992	0.096929446
0.13084048	-0.10628262	0.13384657	-0.10866132	0.16373461	-0.703151	0.21544826	-0.14339104	0.15539175	-0.09617945	0.9999992	-0.28607628	0.14883223	-0.14893894	0.09002785	-0.519038	0.25329313	-0.15471353	0.118755825	-0.09175328	0.2177235	-0.19064105	0.12772411	-0.13342562	0.1087882	-0.13971882	0.07502046	-0.08407621	0.081417955	-0.112965	0.04971568	-0.07097847	0.06527199	-0.0700037	0.06612075	-0.05264133	0.0975319	-0.069994465	0.05976315	-0.07661747
-0.15026252	0.12066944	-0.1997374	0.16002035	-0.24793777	0.24446303	-0.36478344	0.23618788	-0.2593065	0.14811878	-0.28607628	0.9999992	-0.43158877	0.26189598	-0.14381008	0.27259675	-0.56935984	0.22670816	-0.19829023	0.14159015	-0.2507931	0.23100016	-0.19051166	0.19215155	-0.17150533	0.1780934	-0.09948469	0.11271907	-0.116279654	0.15739666	-0.067514814	0.09454629	-0.0886865	0.09773752	-0.09302272	0.07098806	-0.13643698	0.09606156	-0.08316556	0.10560979
0.113977686	-0.09769496	0.16896674	-0.13988529	0.18922451	-0.17394547	0.25970417	-0.34603694	0.23822944	-0.14472224	0.14883223	-0.43158877	0.9999992	-0.6834639	0.13500218	-0.16471279	0.21127535	-0.28836536	0.24175045	-0.14817002	0.16474587	-0.17048965	0.18287753	-0.21770008	0.1603105	-0.15103078	0.08347604	-0.098272435	0.10575288	-0.14320934	0.056748986	-0.080639586	0.07638335	-0.089098155	0.08303149	-0.060329627	0.11393729	-0.08371663	0.07262234	-0.093776196
-0.12598307	0.1036886	-0.18430172	0.14995235	-0.22004633	0.16785042	-0.27791983	0.24233223	-0.28014034	0.16202217	-0.14893894	0.26189598	-0.6834639	0.99999917	-0.16819245	0.15615806	-0.20588662	0.25597936	-0.4223993	0.17995667	-0.17526333	0.17011142	-0.20270106	0.23739165	-0.20235044	0.15859804	-0.08935401	0.10515228	-0.11926113	0.15613443	-0.061509684	0.08631885	-0.082734406	0.09759489	-0.09189805	0.06487104	-0.12631616	0.090778366	-0.07974861	0.10162336
0.08550524	-0.07280511	0.12515584	-0.11754742	0.16058044	-0.11927201	0.16096433	-0.1572884	0.23060174	-0.75516343	0.09002785	-0.14381008	0.13500218	-0.16819245	0.9999993	-0.101020925	0.10810138	-0.16604199	0.17755716	-0.45052353	0.11039355	-0.11675039	0.12323827	-0.16820264	0.2633237	-0.14250837	0.076820254	-0.09290273	0.10271445	-0.17056364	0.053665806	-0.076242745	0.07234796	-0.08893754	0.08918859	-0.057824276	0.109508574	-0.083950065	0.073583774	-0.09873259
-0.12114974	0.09470589	-0.14390224	0.115551144	-0.18588088	0.2801295	-0.22706838	0.14828789	-0.17292577	0.10462065	-0.519038	0.27259675	-0.16471279	0.15615806	-0.101020925	0.9999991	-0.55347544	0.17945139	-0.13631271	0.1020195	-0.44276983	0.2617628	-0.16204458	0.15204056	-0.12389159	0.15449055	-0.08648344	0.09333113	-0.091471426	0.12158697	-0.055843372	0.07935364	-0.073435925	0.07723904	-0.07277822	0.0580274	-0.11102601	0.07693439	-0.0662203	0.083165266
0.11332215	-0.09218892	0.14166449	-0.11598125	0.18090801	-0.26186648	0.22381613	-0.16233793	0.17747486	-0.11289334	0.25329313	-0.56935984	0.21127535	-0.20588662	0.10810138	-0.55347544	0.9999991	-0.24212717	0.16382593	-0.11487718	0.28012615	-0.36206424	0.19123352	-0.1828354	0.13484132	-0.16201033	0.09198897	-0.10120767	0.099746704	-0.13212891	0.058643766	-0.085110076	0.07864495	-0.08436534	0.07854909	-0.06143439	0.11586507	-0.08234178	0.070815936	-0.08964366
-0.12301889	0.09873404	-0.16984107	0.13916855	-0.2276852	0.17079446	-0.24149019	0.18468861	-0.22619915	0.15600339	-0.15471353	0.22670816	-0.28836536	0.25597936	-0.16604199	0.17945139	-0.24212717	0.9999992	-0.46979362	0.19738744	-0.2565545	0.25317127	-0.5980239	0.32359958	-0.23595485	0.17769341	-0.108508	0.12830877	-0.14555606	0.1733452	-0.07164743	0.10163195	-0.101203725	0.11526581	-0.10616076	0.0739116	-0.149327	0.104366	-0.09274969	0.114753835
0.098169915	-0.08028554	0.13745612	-0.115413405	0.18032123	-0.13952851	0.1932684	-0.16258642	0.19370534	-0.16835357	0.118755825	-0.19829023	0.24175045	-0.4223993	0.17755716	-0.13631271	0.16382593	-0.46979362	0.99999934	-0.34755474	0.17006327	-0.18460026	0.28024608	-0.56665945	0.2484365	-0.15307951	0.09053312	-0.11078831	0.14217135	-0.17221	0.06081758	-0.087306045	0.086363815	-0.114738084	0.100596406	-0.06368637	0.12698211	-0.09410059	0.084182106	-0.107515216
-0.086825006	0.07124677	-0.12392409	0.10770506	-0.16860217	0.11428693	-0.16379815	0.13705042	-0.19650349	0.25896773	-0.09175328	0.14159015	-0.14817002	0.17995667	-0.45052353	0.1020195	-0.11487718	0.19738744	-0.34755474	0.99999934	-0.121078454	0.12458615	-0.15415435	0.21424839	-0.6991243	0.13856427	-0.079655156	0.09650245	-0.12260155	0.19388059	-0.056078244	0.07857053	-0.07703346	0.10015156	-0.10468915	0.059070624	-0.12161961	0.088902034	-0.081460066	0.10533936
0.11105798	-0.0896965	0.13936634	-0.11467568	0.18822719	-0.24520506	0.20134802	-0.14540121	0.17071235	-0.11431159	0.2177235	-0.2507931	0.16474587	-0.17526333	0.11039355	-0.44276983	0.28012615	-0.2565545	0.17006327	-0.121078454	0.99999917	-0.682093	0.24021181	-0.22321577	0.14332943	-0.24514273	0.12877254	-0.13034679	0.11855893	-0.14987577	0.07475817	-0.11270523	0.10096755	-0.10036422	0.09165651	-0.07674864	0.14368019	-0.09939005	0.08486562	-0.104932636
-0.112781614	0.08952212	-0.14689557	0.11975295	-0.20149225	0.19042554	-0.2125755	0.14865851	-0.18182205	0.11708568	-0.19064105	0.23100016	-0.17048965	0.17011142	-0.11675039	0.2617628	-0.36206424	0.25317127	-0.18460026	0.12458615	-0.682093	0.9999994	-0.41373068	0.22617683	-0.1534207	0.19314812	-0.13357367	0.12609187	-0.12128878	0.14534083	-0.0725427	0.10836578	-0.10021275	0.09876385	-0.09079143	0.07320991	-0.14373559	0.09648727	-0.083728105	0.10156953
0.094263084	-0.07602473	0.1276845	-0.10564318	0.1730197	-0.14525081	0.17958185	-0.13867043	0.16677639	-0.121660456	0.12772411	-0.19051166	0.18287753	-0.20270106	0.12323827	-0.16204458	0.19123352	-0.5980239	0.28024608	-0.15415435	0.24021181	-0.41373068	0.99999934	-0.54432553	0.17411521	-0.1628904	0.10463311	-0.13387233	0.13945813	-0.15287526	0.06385654	-0.096245244	0.097460516	-0.11210951	0.094900735	-0.06582534	0.12990797	-0.09470419	0.08335697	-0.10328152
-0.112396486	0.09010739	-0.15544263	0.12836985	-0.2126984	0.15138036	-0.2150509	0.16399878	-0.20840727	0.15491568	-0.13342562	0.19215155	-0.21770008	0.23739165	-0.16820264	0.15204056	-0.1828354	0.32359958	-0.56665945	0.21424839	-0.22321577	0.22617683	-0.54432553	0.99999905	-0.26593298	0.17410423	-0.109485015	0.13496356	-0.22299524	0.19059151	-0.07235732	0.10381313	-0.10669943	0.1474869	-0.12281367	0.074494585	-0.15444548	0.111831166	-0.10256616	0.12599075
0.09905975	-0.08168811	0.1389282	-0.12163987	0.19024166	-0.13902745	0.18127488	-0.15474117	0.20305464	-0.29673404	0.1087882	-0.17150533	0.1603105	-0.20235044	0.2633237	-0.12389159	0.13484132	-0.23595485	0.2484365	-0.6991243	0.14332943	-0.1534207	0.17411521	-0.26593298	0.9999993	-0.18581463	0.105122164	-0.12968244	0.16139212	-0.34707776	0.073767595	-0.10492238	0.10264309	-0.13993378	0.14949459	-0.0785337	0.15811649	-0.12281474	0.111755125	-0.15320413
-0.15262803	0.11813975	-0.21048762	0.17224663	-0.34232682	0.16567723	-0.23968822	0.17140879	-0.23157518	0.14258853	-0.13971882	0.1780934	-0.15103078	0.15859804	-0.14250837	0.15449055	-0.16201033	0.17769341	-0.15307951	0.13856427	-0.24514273	0.19314812	-0.1628904	0.17410423	-0.18581463	0.99999946	-0.5164419	0.2687601	-0.20734487	0.22678505	-0.21711724	0.27733758	-0.25279948	0.16900937	-0.16236149	0.18419828	-0.408552	0.20474978	-0.17709938	0.1850252
0.075363755	-0.05888818	0.103397995	-0.08501678	0.16315785	-0.08961419	0.122657344	-0.08899206	0.1180132	-0.077434115	0.07502046	-0.09948469	0.08347604	-0.08935401	0.076820254	-0.08648344	0.09198897	-0.108508	0.09053312	-0.079655156	0.12877254	-0.13357367	0.10463311	-0.109485015	0.105122164	-0.5164419	0.9999996	-0.46680227	0.15528359	-0.15550704	0.16228548	-0.6055598	0.29674807	-0.1345715	0.11433663	-0.1570386	0.24785574	-0.16746938	0.12968941	-0.13527542
-0.089102	0.06952545	-0.12297238	0.10111939	-0.19504052	0.10120854	-0.14456405	0.1050946	-0.14077608	0.09267969	-0.08407621	0.11271907	-0.098272435	0.10515228	-0.09290273	0.09333113	-0.10120767	0.12830877	-0.11078831	0.09650245	-0.13034679	0.12609187	-0.13387233	0.13496356	-0.12968244	0.2687601	-0.46680227	0.99999934	-0.27242702	0.19221704	-0.15771869	0.3165941	-0.65530014	0.19145468	-0.15588893	0.14305747	-0.29961962	0.21515973	-0.18218537	0.16960679
0.08108008	-0.064193584	0.112006694	-0.09306718	0.16982895	-0.099670656	0.13818747	-0.10404711	0.13690114	-0.10367254	0.081417955	-0.116279654	0.10575288	-0.11926113	0.10271445	-0.091471426	0.099746704	-0.14555606	0.14217135	-0.12260155	0.11855893	-0.12128878	0.13945813	-0.22299524	0.16139212	-0.20734487	0.15528359	-0.27242702	0.99999946	-0.39794993	0.09751622	-0.15946023	0.18936928	-0.7175607	0.2838109	-0.1003419	0.22110768	-0.21545467	0.20912068	-0.2707804
-0.12786448	0.10036987	-0.17873454	0.14843854	-0.28110486	0.14017512	-0.21069247	0.15632619	-0.21710736	0.16154617	-0.112965	0.15739666	-0.14320934	0.15613443	-0.17056364	0.12158697	-0.13212891	0.1733452	-0.17221	0.19388059	-0.14987577	0.14534083	-0.15287526	0.19059151	-0.34707776	0.22678505	-0.15550704	0.19221704	-0.39794993	0.99999934	-0.11845605	0.15747483	-0.17089963	0.2815589	-0.5171347	0.11850324	-0.3194812	0.21097183	-0.237787	0.28098264
0.052138437	-0.040797435	0.071696974	-0.05910956	0.11364367	-0.061239485	0.08420564	-0.06151638	0.08171158	-0.05464039	0.04971568	-0.067514814	0.056748986	-0.061509684	0.053665806	-0.055843372	0.058643766	-0.07164743	0.06081758	-0.056078244	0.07475817	-0.0725427	0.06385654	-0.07235732	0.073767595	-0.21711724	0.16228548	-0.15771869	0.09751622	-0.11845605	0.9999993	-0.2467257	0.14902301	-0.08953876	0.082538135	-0.898435	0.2130406	-0.12562375	0.094127946	-0.10548928
-0.0747278	0.058290076	-0.102935396	0.08464238	-0.16376358	0.08558922	-0.120570116	0.08748487	-0.11698659	0.07665695	-0.07097847	0.09454629	-0.080639586	0.08631885	-0.076242745	0.07935364	-0.085110076	0.10163195	-0.087306045	0.07857053	-0.11270523	0.10836578	-0.096245244	0.10381313	-0.10492238	0.27733758	-0.6055598	0.3165941	-0.15946023	0.15747483	-0.2467257	0.9999994	-0.5470462	0.13946925	-0.12185088	0.18866387	-0.33922005	0.19421646	-0.15013158	0.14410855
0.06747155	-0.052839637	0.092923954	-0.076606244	0.14608775	-0.07924734	0.11036494	-0.080791645	0.10747314	-0.07282496	0.06527199	-0.0886865	0.07638335	-0.082734406	0.07234796	-0.073435925	0.07864495	-0.101203725	0.086363815	-0.07703346	0.10096755	-0.10021275	0.097460516	-0.10669943	0.10264309	-0.25279948	0.29674807	-0.65530014	0.18936928	-0.17089963	0.14902301	-0.5470462	0.99999934	-0.18876408	0.13953821	-0.14759655	0.25660777	-0.29238114	0.17899749	-0.16758451
-0.07328479	0.057663865	-0.10154344	0.08405907	-0.15693837	0.085510164	-0.122729555	0.09103285	-0.12197128	0.08787956	-0.0700037	0.09773752	-0.089098155	0.09759489	-0.08893754	0.07723904	-0.08436534	0.11526581	-0.114738084	0.10015156	-0.10036422	0.09876385	-0.11210951	0.1474869	-0.13993378	0.16900937	-0.1345715	0.19145468	-0.7175607	0.2815589	-0.08953876	0.13946925	-0.18876408	0.99999934	-0.47202313	0.08943732	-0.22554569	0.20150588	-0.27197108	0.26317292
0.0705686	-0.055584446	0.097948186	-0.08136276	0.15215287	-0.08191657	0.11723036	-0.0875087	0.11806328	-0.08923259	0.06612075	-0.09302272	0.08303149	-0.09189805	0.08918859	-0.07277822	0.07854909	-0.10616076	0.100596406	-0.10468915	0.09165651	-0.09079143	0.094900735	-0.12281367	0.14949459	-0.16236149	0.11433663	-0.15588893	0.2838109	-0.5171347	0.082538135	-0.12185088	0.13953821	-0.47202313	0.99999946	-0.08464833	0.21601067	-0.215195	0.24541207	-0.584286
-0.057766482	0.045018885	-0.07972365	0.06559871	-0.12802145	0.06478909	-0.09202203	0.0668804	-0.08967184	0.058509238	-0.05264133	0.07098806	-0.060329627	0.06487104	-0.057824276	0.0580274	-0.06143439	0.0739116	-0.06368637	0.059070624	-0.07674864	0.07320991	-0.06582534	0.074494585	-0.0785337	0.18419828	-0.1570386	0.14305747	-0.1003419	0.11850324	-0.898435	0.18866387	-0.14759655	0.08943732	-0.08464833	0.9999996	-0.28053117	0.12750658	-0.099359654	0.1054445
0.09694479	-0.076555505	0.1328633	-0.11023556	0.20529188	-0.1219603	0.16060218	-0.11935992	0.15652832	-0.11331482	0.0975319	-0.13643698	0.11393729	-0.12631616	0.109508574	-0.11102601	0.11586507	-0.149327	0.12698211	-0.12161961	0.14368019	-0.14373559	0.12990797	-0.15444548	0.15811649	-0.408552	0.24785574	-0.29961962	0.22110768	-0.3194812	0.2130406	-0.33922005	0.25660777	-0.22554569	0.21601067	-0.28053117	0.9999995	-0.48882002	0.26742244	-0.32370177
-0.07617148	0.059608936	-0.10542632	0.08703643	-0.16695559	0.08636636	-0.12372715	0.09073411	-0.122319646	0.083778664	-0.069994465	0.09606156	-0.08371663	0.090778366	-0.083950065	0.07693439	-0.08234178	0.104366	-0.09410059	0.088902034	-0.09939005	0.09648727	-0.09470419	0.111831166	-0.12281474	0.20474978	-0.16746938	0.21515973	-0.21545467	0.21097183	-0.12562375	0.19421646	-0.29238114	0.20150588	-0.215195	0.12750658	-0.48882002	0.9999995	-0.6718083	0.27536988
0.063335165	-0.049769893	0.08758008	-0.07252276	0.13699345	-0.07398196	0.10421854	-0.077134825	0.10335537	-0.07407992	0.05976315	-0.08316556	0.07262234	-0.07974861	0.073583774	-0.0662203	0.070815936	-0.09274969	0.084182106	-0.081460066	0.08486562	-0.083728105	0.08335697	-0.10256616	0.111755125	-0.17709938	0.12968941	-0.18218537	0.20912068	-0.237787	0.094127946	-0.15013158	0.17899749	-0.27197108	0.24541207	-0.099359654	0.26742244	-0.6718083	0.9999995	-0.53372705
-0.08571725	0.067058586	-0.119136654	0.09845221	-0.18898042	0.09476891	-0.139352	0.10236533	-0.13960229	0.096929446	-0.07661747	0.10560979	-0.093776196	0.10162336	-0.09873259	0.083165266	-0.08964366	0.114753835	-0.107515216	0.10533936	-0.104932636	0.10156953	-0.10328152	0.12599075	-0.15320413	0.1850252	-0.13527542	0.16960679	-0.2707804	0.28098264	-0.10548928	0.14410855	-0.16758451	0.26317292	-0.584286	0.1054445	-0.32370177	0.27536988	-0.53372705	0.9999995
