1.0	-0.6381027	0.23879378	-0.15906635	0.09254413	-0.6201335	0.30952436	-0.27252966	0.1371156	-0.08097327	0.17257412	-0.1628995	0.15791397	-0.08444428	0.090585664	-0.098603114	0.1409587	-0.13197775	0.09417439	-0.083076306	0.070642345	-0.12735708	0.088869154	-0.062371492	0.0717281	-0.110892445	0.07032948	-0.062909	0.04951665	-0.053816408	0.052909955	-0.08730536	0.06446207	-0.05443357	0.038981594	-0.07678658	0.05716931	-0.05323229	0.060950205	-0.03883263
-0.6381027	1.0	-0.39825827	0.17679176	-0.10556114	0.32278356	-0.51082647	0.26941794	-0.15924756	0.08835596	-0.19432198	0.17276768	-0.16283762	0.09088365	-0.0980506	0.09043059	-0.14406432	0.12787901	-0.10099183	0.08580269	-0.06557618	0.11764954	-0.08554298	0.061141957	-0.070484065	0.10095966	-0.06507837	0.059321422	-0.047857095	0.051890817	-0.048336737	0.080256514	-0.06085995	0.052043132	-0.03740615	0.06992687	-0.05338617	0.049656536	-0.058210365	0.03704123
0.23879378	-0.39825827	0.99999976	-0.5426193	0.17843956	-0.2683136	0.25053105	-0.5187221	0.26248765	-0.16182229	0.15933906	-0.14778677	0.20893112	-0.14982696	0.14986716	-0.1255169	0.16135396	-0.17217898	0.15121798	-0.13662724	0.08958467	-0.16228934	0.11885063	-0.08856397	0.100788295	-0.14845967	0.092308275	-0.08418562	0.068675466	-0.075333916	0.07066804	-0.11536792	0.08545763	-0.07539741	0.053578947	-0.10312005	0.0757429	-0.07117985	0.08231725	-0.053362772
-0.15906635	0.17679176	-0.5426193	0.9999997	-0.3588376	0.15725052	-0.15310471	0.25620672	-0.5848749	0.24837665	-0.11263313	0.098025836	-0.1640246	0.21187042	-0.21707982	0.09254078	-0.12229633	0.12735143	-0.21077083	0.16712494	-0.06723481	0.12115963	-0.104651965	0.08761701	-0.10024492	0.11439398	-0.07217317	0.07061763	-0.06415078	0.07019096	-0.054753095	0.089670934	-0.07138346	0.067919396	-0.04858231	0.07979373	-0.06152277	0.058183283	-0.072576046	0.04749547
0.09254413	-0.10556114	0.17843956	-0.3588376	1.0	-0.110004306	0.09609686	-0.18078849	0.26509774	-0.83557904	0.07716244	-0.0682488	0.11515977	-0.16596442	0.18741062	-0.07646806	0.09078994	-0.09783789	0.14748771	-0.16558123	0.0551218	-0.09953635	0.08364479	-0.071566306	0.081811704	-0.09739873	0.05999614	-0.058142297	0.052606985	-0.058853284	0.04641837	-0.07518704	0.058267824	-0.05674661	0.040118907	-0.06801745	0.050817855	-0.048426554	0.059308637	-0.03955572
-0.6201335	0.32278356	-0.2683136	0.15725052	-0.110004306	0.99999994	-0.5561281	0.26741955	-0.16522434	0.09126534	-0.2750926	0.21489795	-0.19801712	0.098516785	-0.109028704	0.105881214	-0.18193658	0.15109429	-0.1135357	0.09515499	-0.07763504	0.13792199	-0.10177051	0.07120964	-0.0827653	0.115995534	-0.07602301	0.069673374	-0.056117564	0.060534116	-0.055743746	0.09310671	-0.0720488	0.060796484	-0.04399474	0.08031108	-0.062827356	0.058086727	-0.06899495	0.043435726
0.30952436	-0.51082647	0.25053105	-0.15310471	0.09609686	-0.5561281	0.9999999	-0.43525645	0.1479052	-0.08263127	0.24566399	-0.33329865	0.18687598	-0.08888297	0.09527816	-0.103929825	0.17264736	-0.15303712	0.09947106	-0.08555483	0.07494631	-0.13586034	0.0933978	-0.06497864	0.074621566	-0.111736715	0.07282864	-0.06523199	0.051257614	-0.055473518	0.05348149	-0.08963089	0.066793	-0.05594186	0.040171888	-0.07714596	0.058742333	-0.054541264	0.062826715	-0.03986962
-0.27252966	0.26941794	-0.5187221	0.25620672	-0.18078849	0.26741955	-0.43525645	0.9999998	-0.3116123	0.14959571	-0.22690512	0.19437306	-0.4005429	0.16309391	-0.1745795	0.13319363	-0.2182664	0.2204268	-0.18016115	0.1464443	-0.09756071	0.17515737	-0.13845193	0.100374945	-0.115827285	0.1526476	-0.099123694	0.093291655	-0.07737593	0.083661996	-0.07330766	0.121800035	-0.09575692	0.083205655	-0.060002908	0.105973765	-0.082896605	0.07716526	-0.092837326	0.059055414
0.1371156	-0.15924756	0.26248765	-0.5848749	0.26509774	-0.16522434	0.1479052	-0.3116123	0.99999976	-0.36865696	0.11462868	-0.10229486	0.17518128	-0.4288382	0.25145522	-0.11079958	0.13371152	-0.14763175	0.24311486	-0.22611426	0.07982425	-0.14452565	0.12113435	-0.10609345	0.11767158	-0.13963094	0.0864746	-0.083952226	0.07622881	-0.08479132	0.06656614	-0.108269	0.08383626	-0.08187163	0.057707366	-0.09742165	0.07297553	-0.06957415	0.085153274	-0.05684458
-0.08097327	0.08835596	-0.16182229	0.24837665	-0.83557904	0.09126534	-0.08263127	0.14959571	-0.36865696	0.9999994	-0.067606114	0.058958605	-0.10480388	0.17974116	-0.25048918	0.06498276	-0.07998296	0.08569076	-0.1631885	0.16342287	-0.047244113	0.085212566	-0.07701923	0.068389274	-0.078873225	0.08339567	-0.052083995	0.052062176	-0.049135856	0.054567046	-0.039874855	0.06496233	-0.05214273	0.051894825	-0.036929835	0.058298483	-0.04478911	0.042721204	-0.05409671	0.036030322
0.17257412	-0.19432198	0.15933906	-0.11263313	0.07716244	-0.2750926	0.24566399	-0.22690512	0.11462868	-0.067606114	0.9999995	-0.8018834	0.19593817	-0.07956326	0.08688558	-0.17394078	0.2571392	-0.21683653	0.09433656	-0.08420999	0.11945658	-0.21932276	0.12162204	-0.07897675	0.089824036	-0.15871754	0.106450684	-0.0887278	0.064056516	-0.068993434	0.07574896	-0.13086212	0.09026272	-0.07082318	0.05065939	-0.108283706	0.08066679	-0.07448062	0.08047532	-0.05070942
-0.1628995	0.17276768	-0.14778677	0.098025836	-0.0682488	0.21489795	-0.33329865	0.19437306	-0.10229486	0.058958605	-0.8018834	0.99999964	-0.19549787	0.06949715	-0.075753465	0.12918292	-0.3494477	0.19089472	-0.08200514	0.071615666	-0.09423887	0.17122707	-0.10060662	0.06513658	-0.07431512	0.12101705	-0.08349406	0.07095026	-0.052263115	0.056076586	-0.058125723	0.10074241	-0.07255792	0.057176195	-0.04109804	0.08266919	-0.063857235	0.05873343	-0.06515932	0.04089016
0.15791397	-0.16283762	0.20893112	-0.1640246	0.11515977	-0.19801712	0.18687598	-0.4005429	0.17518128	-0.10480388	0.19593817	-0.19549787	0.9999996	-0.1539252	0.14553526	-0.21722868	0.29890305	-0.6530148	0.1608898	-0.14546202	0.1534796	-0.28725332	0.19734693	-0.13008241	0.14268093	-0.24317017	0.15457986	-0.13876131	0.102129266	-0.1109745	0.11557031	-0.19286643	0.13777272	-0.11337263	0.079845786	-0.16784155	0.12194869	-0.11490004	0.12408044	-0.080185026
-0.08444428	0.09088365	-0.14982696	0.21187042	-0.16596442	0.098516785	-0.08888297	0.16309391	-0.4288382	0.17974116	-0.07956326	0.06949715	-0.1539252	0.9999995	-0.55807936	0.08392761	-0.103188515	0.12018877	-0.5935327	0.30968574	-0.061699167	0.111834414	-0.118096195	0.124133736	-0.13462754	0.111372575	-0.070731774	0.07580774	-0.07996948	0.08695967	-0.053426072	0.08785287	-0.07422522	0.07976767	-0.056556914	0.07800174	-0.061896026	0.059836216	-0.079582475	0.054085463
0.090585664	-0.0980506	0.14986716	-0.21707982	0.18741062	-0.109028704	0.09527816	-0.1745795	0.25145522	-0.25048918	0.08688558	-0.075753465	0.14553526	-0.55807936	0.9999995	-0.098033845	0.11328676	-0.12709749	0.3252704	-0.6333159	0.07194505	-0.13013998	0.13140051	-0.13752437	0.15919541	-0.13368805	0.083358385	-0.08855819	0.091784395	-0.106184974	0.06395771	-0.10428004	0.0862704	-0.09551658	0.06717987	-0.093753085	0.072943196	-0.07095657	0.09350224	-0.065001465
-0.098603114	0.09043059	-0.1255169	0.09254078	-0.07646806	0.105881214	-0.103929825	0.13319363	-0.11079958	0.06498276	-0.17394078	0.12918292	-0.21722868	0.08392761	-0.098033845	0.9999994	-0.2844663	0.17116392	-0.109661594	0.09428038	-0.80597484	0.29471287	-0.1857104	0.10841073	-0.13225113	0.18736668	-0.14944977	0.122376345	-0.09060269	0.09365049	-0.09569176	0.1535749	-0.13755856	0.09543068	-0.07270902	0.118981846	-0.118707195	0.09984778	-0.12314077	0.07050987
0.1409587	-0.14406432	0.16135396	-0.12229633	0.09078994	-0.18193658	0.17264736	-0.2182664	0.13371152	-0.07998296	0.2571392	-0.3494477	0.29890305	-0.103188515	0.11328676	-0.2844663	0.9999992	-0.56138885	0.12810344	-0.11438342	0.20293261	-0.453345	0.2000158	-0.1230319	0.13724932	-0.24087474	0.17904967	-0.14368847	0.09886633	-0.105466224	0.115672424	-0.2127917	0.14410186	-0.10833787	0.07752572	-0.1620652	0.1266162	-0.116110295	0.123522125	-0.07731219
-0.13197775	0.12787901	-0.17217898	0.12735143	-0.09783789	0.15109429	-0.15303712	0.2204268	-0.14763175	0.08569076	-0.21683653	0.19089472	-0.6530148	0.12018877	-0.12709749	0.17116392	-0.56138885	0.9999992	-0.15071729	0.1237998	-0.13182414	0.24037613	-0.2316596	0.1269223	-0.13937914	0.1837227	-0.13050452	0.12904885	-0.09624893	0.10125444	-0.08923143	0.15429835	-0.12972672	0.101515144	-0.07289016	0.12678045	-0.10624643	0.09863778	-0.113050036	0.071434714
0.09417439	-0.10099183	0.15121798	-0.21077083	0.14748771	-0.1135357	0.09947106	-0.18016115	0.24311486	-0.1631885	0.09433656	-0.08200514	0.1608898	-0.5935327	0.3252704	-0.109661594	0.12810344	-0.15071729	0.99999887	-0.5857563	0.081090085	-0.14734977	0.16452047	-0.21957453	0.1963058	-0.15174925	0.09602665	-0.1072306	0.118676074	-0.13154316	0.07275547	-0.11970891	0.10210756	-0.11857844	0.081967264	-0.10646665	0.0846317	-0.08303054	0.11182616	-0.07841927
-0.083076306	0.08580269	-0.13662724	0.16712494	-0.16558123	0.09515499	-0.08555483	0.1464443	-0.22611426	0.16342287	-0.08420999	0.071615666	-0.14546202	0.30968574	-0.6333159	0.09428038	-0.11438342	0.1237998	-0.5857563	0.99999887	-0.07083045	0.1278313	-0.16269603	0.17970972	-0.26173735	0.13251227	-0.08606943	0.099939734	-0.11722625	0.1311498	-0.06404661	0.10604332	-0.09771562	0.1125981	-0.08239235	0.093278565	-0.078824595	0.07670988	-0.111907214	0.07642475
0.070642345	-0.06557618	0.08958467	-0.06723481	0.0551218	-0.07763504	0.07494631	-0.09756071	0.07982425	-0.047244113	0.11945658	-0.09423887	0.1534796	-0.061699167	0.07194505	-0.80597484	0.20293261	-0.13182414	0.081090085	-0.07083045	0.99999875	-0.4612623	0.14883721	-0.08634585	0.1025199	-0.19989087	0.15109952	-0.10710308	0.071959905	-0.074371226	0.09155136	-0.15593699	0.11458479	-0.07612657	0.05714805	-0.11128506	0.10025478	-0.08506411	0.09596271	-0.055735845
-0.12735708	0.11764954	-0.16228934	0.12115963	-0.09953635	0.13792199	-0.13586034	0.17515737	-0.14452565	0.085212566	-0.21932276	0.17122707	-0.28725332	0.111834414	-0.13013998	0.29471287	-0.453345	0.24037613	-0.14734977	0.1278313	-0.4612623	0.99999875	-0.2946994	0.15871607	-0.18799496	0.2518534	-0.35535863	0.19575414	-0.13081025	0.13348104	-0.1316661	0.25892678	-0.21272829	0.13556738	-0.10195281	0.16458638	-0.17511594	0.14753823	-0.16962363	0.09868703
0.088869154	-0.08554298	0.11885063	-0.104651965	0.08364479	-0.10177051	0.0933978	-0.13845193	0.12113435	-0.07701923	0.12162204	-0.10060662	0.19734693	-0.118096195	0.13140051	-0.1857104	0.2000158	-0.2316596	0.16452047	-0.16269603	0.14883721	-0.2946994	0.9999988	-0.49512365	0.28291497	-0.3044092	0.22129087	-0.4518172	0.22635458	-0.2389585	0.14695907	-0.26767203	0.26819068	-0.23546173	0.14963408	-0.21239652	0.18703936	-0.20265768	0.20486099	-0.14748138
-0.062371492	0.061141957	-0.08856397	0.08761701	-0.071566306	0.07120964	-0.06497864	0.100374945	-0.10609345	0.068389274	-0.07897675	0.06513658	-0.13008241	0.124133736	-0.13752437	0.10841073	-0.1230319	0.1269223	-0.21957453	0.17970972	-0.08634585	0.15871607	-0.49512365	0.99999887	-0.6408339	0.17257935	-0.124525234	0.19226085	-0.38335565	0.27137238	-0.08472398	0.14750881	-0.17017944	0.22638223	-0.15895687	0.12204481	-0.11777801	0.11949261	-0.19395563	0.1351406
0.0717281	-0.070484065	0.100788295	-0.10024492	0.081811704	-0.0827653	0.074621566	-0.115827285	0.11767158	-0.078873225	0.089824036	-0.07431512	0.14268093	-0.13462754	0.15919541	-0.13225113	0.13724932	-0.13937914	0.1963058	-0.26173735	0.1025199	-0.18799496	0.28291497	-0.6408339	0.9999987	-0.21703263	0.14127606	-0.19274306	0.28197357	-0.4486612	0.10470764	-0.1761973	0.16596062	-0.26554814	0.18720838	-0.1534757	0.13120298	-0.13630699	0.21151464	-0.17185503
-0.110892445	0.10095966	-0.14845967	0.11439398	-0.09739873	0.115995534	-0.111736715	0.1526476	-0.13963094	0.08339567	-0.15871754	0.12101705	-0.24317017	0.111372575	-0.13368805	0.18736668	-0.24087474	0.1837227	-0.15174925	0.13251227	-0.19989087	0.2518534	-0.3044092	0.17257935	-0.21703263	0.9999988	-0.3609824	0.215781	-0.15013711	0.15223171	-0.5113079	0.27184784	-0.2598442	0.15648852	-0.12265938	0.30572382	-0.25769722	0.19009793	-0.21807663	0.11837013
0.07032948	-0.06507837	0.092308275	-0.07217317	0.05999614	-0.07602301	0.07282864	-0.099123694	0.0864746	-0.052083995	0.106450684	-0.08349406	0.15457986	-0.070731774	0.083358385	-0.14944977	0.17904967	-0.13050452	0.09602665	-0.08606943	0.15109952	-0.35535863	0.22129087	-0.124525234	0.14127606	-0.3609824	0.99999875	-0.31087208	0.10875247	-0.10832338	0.158901	-0.7441853	0.22968204	-0.111992046	0.08149743	-0.17437609	0.18450077	-0.15859342	0.13515514	-0.079615645
-0.062909	0.059321422	-0.08418562	0.07061763	-0.058142297	0.069673374	-0.06523199	0.093291655	-0.083952226	0.052062176	-0.0887278	0.07095026	-0.13876131	0.07580774	-0.08855819	0.122376345	-0.14368847	0.12904885	-0.1072306	0.099939734	-0.10710308	0.19575414	-0.4518172	0.19226085	-0.19274306	0.215781	-0.31087208	0.99999845	-0.18822902	0.15789273	-0.11377747	0.24409737	-0.70321316	0.16156761	-0.10945911	0.15026006	-0.22038414	0.21822318	-0.16392612	0.10398817
0.04951665	-0.047857095	0.068675466	-0.06415078	0.052606985	-0.056117564	0.051257614	-0.07737593	0.07622881	-0.049135856	0.064056516	-0.052263115	0.102129266	-0.07996948	0.091784395	-0.09060269	0.09886633	-0.09624893	0.118676074	-0.11722625	0.071959905	-0.13081025	0.22635458	-0.38335565	0.28197357	-0.15013711	0.10875247	-0.18822902	0.9999985	-0.59802634	0.07417236	-0.12918785	0.1537866	-0.5677183	0.24494219	-0.106846526	0.10933558	-0.11257227	0.24924159	-0.19648434
-0.053816408	0.051890817	-0.075333916	0.07019096	-0.058853284	0.060534116	-0.055473518	0.083661996	-0.08479132	0.054567046	-0.068993434	0.056076586	-0.1109745	0.08695967	-0.106184974	0.09365049	-0.105466224	0.10125444	-0.13154316	0.1311498	-0.074371226	0.13348104	-0.2389585	0.27137238	-0.4486612	0.15223171	-0.10832338	0.15789273	-0.59802634	0.9999985	-0.07588585	0.12887041	-0.15477148	0.31529662	-0.4157283	0.10919725	-0.117661856	0.11760232	-0.32874054	0.23668087
0.052909955	-0.048336737	0.07066804	-0.054753095	0.04641837	-0.055743746	0.05348149	-0.07330766	0.06656614	-0.039874855	0.07574896	-0.058125723	0.11557031	-0.053426072	0.06395771	-0.09569176	0.115672424	-0.08923143	0.07275547	-0.06404661	0.09155136	-0.1316661	0.14695907	-0.08472398	0.10470764	-0.5113079	0.158901	-0.11377747	0.07417236	-0.07588585	0.9999983	-0.17876554	0.13267061	-0.07886643	0.060700804	-0.7816147	0.16151178	-0.12386795	0.107705444	-0.059613302
-0.08730536	0.080256514	-0.11536792	0.089670934	-0.07518704	0.09310671	-0.08963089	0.121800035	-0.108269	0.06496233	-0.13086212	0.10074241	-0.19286643	0.08785287	-0.10428004	0.1535749	-0.2127917	0.15429835	-0.11970891	0.10604332	-0.15593699	0.25892678	-0.26767203	0.14750881	-0.1761973	0.27184784	-0.7441853	0.24409737	-0.12918785	0.12887041	-0.17876554	0.99999845	-0.27918455	0.13298866	-0.10010234	0.18218978	-0.2691506	0.19164616	-0.17105153	0.097321205
0.06446207	-0.06085995	0.08545763	-0.07138346	0.058267824	-0.0720488	0.066793	-0.09575692	0.08383626	-0.05214273	0.09026272	-0.07255792	0.13777272	-0.07422522	0.0862704	-0.13755856	0.14410186	-0.12972672	0.10210756	-0.09771562	0.11458479	-0.21272829	0.26819068	-0.17017944	0.16596062	-0.2598442	0.22968204	-0.70321316	0.1537866	-0.15477148	0.13267061	-0.27918455	0.9999982	-0.17202054	0.10921779	-0.18724021	0.25266123	-0.40028557	0.16830261	-0.110943794
-0.05443357	0.052043132	-0.07539741	0.067919396	-0.05674661	0.060796484	-0.05594186	0.083205655	-0.08187163	0.051894825	-0.07082318	0.057176195	-0.11337263	0.07976767	-0.09551658	0.09543068	-0.10833787	0.101515144	-0.11857844	0.1125981	-0.07612657	0.13556738	-0.23546173	0.22638223	-0.26554814	0.15648852	-0.111992046	0.16156761	-0.5677183	0.31529662	-0.07886643	0.13298866	-0.17202054	0.99999815	-0.4486616	0.113222875	-0.13178532	0.13233459	-0.4910242	0.274031
0.038981594	-0.03740615	0.053578947	-0.04858231	0.040118907	-0.04399474	0.040171888	-0.060002908	0.057707366	-0.036929835	0.05065939	-0.04109804	0.079845786	-0.056556914	0.06717987	-0.07270902	0.07752572	-0.07289016	0.081967264	-0.08239235	0.05714805	-0.10195281	0.14963408	-0.15895687	0.18720838	-0.12265938	0.08149743	-0.10945911	0.24494219	-0.4157283	0.060700804	-0.10010234	0.10921779	-0.4486616	0.9999981	-0.08851506	0.09176457	-0.095956534	0.31474075	-0.69003457
-0.07678658	0.06992687	-0.10312005	0.07979373	-0.06801745	0.08031108	-0.07714596	0.105973765	-0.09742165	0.058298483	-0.108283706	0.08266919	-0.16784155	0.07800174	-0.093753085	0.118981846	-0.1620652	0.12678045	-0.10646665	0.093278565	-0.11128506	0.16458638	-0.21239652	0.12204481	-0.1534757	0.30572382	-0.17437609	0.15026006	-0.106846526	0.10919725	-0.7816147	0.18218978	-0.18724021	0.113222875	-0.08851506	0.9999984	-0.26140636	0.1699411	-0.1595805	0.086458646
0.05716931	-0.05338617	0.0757429	-0.06152277	0.050817855	-0.062827356	0.058742333	-0.082896605	0.07297553	-0.04478911	0.08066679	-0.063857235	0.12194869	-0.061896026	0.072943196	-0.118707195	0.1266162	-0.10624643	0.0846317	-0.078824595	0.10025478	-0.17511594	0.18703936	-0.11777801	0.13120298	-0.25769722	0.18450077	-0.22038414	0.10933558	-0.117661856	0.16151178	-0.2691506	0.25266123	-0.13178532	0.09176457	-0.26140636	0.99999875	-0.79801	0.16596203	-0.10254325
-0.05323229	0.049656536	-0.07117985	0.058183283	-0.048426554	0.058086727	-0.054541264	0.07716526	-0.06957415	0.042721204	-0.07448062	0.05873343	-0.11490004	0.059836216	-0.07095657	0.09984778	-0.116110295	0.09863778	-0.08303054	0.07670988	-0.08506411	0.14753823	-0.20265768	0.11949261	-0.13630699	0.19009793	-0.15859342	0.21822318	-0.11257227	0.11760232	-0.12386795	0.19164616	-0.40028557	0.13233459	-0.095956534	0.1699411	-0.79801	0.99999875	-0.20294978	0.106243566
0.060950205	-0.058210365	0.08231725	-0.072576046	0.059308637	-0.06899495	0.062826715	-0.092837326	0.085153274	-0.05409671	0.08047532	-0.06515932	0.12408044	-0.079582475	0.09350224	-0.12314077	0.123522125	-0.113050036	0.11182616	-0.111907214	0.09596271	-0.16962363	0.20486099	-0.19395563	0.21151464	-0.21807663	0.13515514	-0.16392612	0.24924159	-0.32874054	0.107705444	-0.17105153	0.16830261	-0.4910242	0.31474075	-0.1595805	0.16596203	-0.20294978	0.99999875	-0.5989231
-0.03883263	0.03704123	-0.053362772	0.04749547	-0.03955572	0.043435726	-0.03986962	0.059055414	-0.05684458	0.036030322	-0.05070942	0.04089016	-0.080185026	0.054085463	-0.065001465	0.07050987	-0.07731219	0.071434714	-0.07841927	0.07642475	-0.055735845	0.09868703	-0.14748138	0.1351406	-0.17185503	0.11837013	-0.079615645	0.10398817	-0.19648434	0.23668087	-0.059613302	0.097321205	-0.110943794	0.274031	-0.69003457	0.086458646	-0.10254325	0.106243566	-0.5989231	0.99999875
