1.0000001	-0.4750253	0.2847378	-0.11075081	0.115254916	-0.22270893	0.24782602	-0.28324607	0.067109056	-0.06900158	0.18322	-0.26210552	0.24022608	-0.16201574	0.14998077	-0.20534457	0.16582721	-0.39066488	0.16310115	-0.1819454	0.17676902	-0.2331894	0.23986141	-0.3215272	0.15048897	-0.23798706	0.1692422	-0.17029269	0.15448421	-0.13915326	0.1548542	-0.15868986	0.14168961	-0.08521511	0.063331544	-0.23216404	0.2246117	-0.17645033	0.08902039	-0.064157575
-0.4750253	1.0	-0.6346522	0.12406921	-0.13484237	0.20222646	-0.45736292	0.28468797	-0.05823252	0.057079293	-0.18499118	0.22167721	-0.21884508	0.10046207	-0.097211376	0.0868523	-0.072571464	0.16992189	-0.08282813	0.08774594	-0.074808896	0.09801846	-0.10753548	0.13632973	-0.0677111	0.0970129	-0.072549835	0.07281512	-0.067906566	0.060789026	-0.06392139	0.06679754	-0.0609642	0.036912583	-0.027638905	0.09368085	-0.10125916	0.074983455	-0.03895758	0.0277532
0.2847378	-0.6346522	1.0	-0.22215702	0.17749594	-0.20372614	0.2843607	-0.48992574	0.079447605	-0.07984322	0.17283571	-0.250139	0.2429345	-0.122914165	0.11388455	-0.10870557	0.090131186	-0.21564429	0.10072146	-0.108480975	0.09320326	-0.122659035	0.13303807	-0.17121682	0.083609775	-0.121704556	0.08999786	-0.090590894	0.08398464	-0.07557177	0.07984082	-0.08315997	0.07554911	-0.04571754	0.03417389	-0.11748207	0.12369865	-0.09307989	0.048081443	-0.034355503
-0.11075081	0.12406921	-0.22215702	0.99999964	-0.9122196	0.06273719	-0.084517784	0.11649759	-0.222149	0.18068025	-0.05726564	0.07949734	-0.084448665	0.06565368	-0.06449408	0.040544193	-0.033719257	0.07920551	-0.04618784	0.049426332	-0.035281222	0.046335727	-0.050909605	0.067650296	-0.034481242	0.04588417	-0.034809817	0.035434607	-0.03352917	0.030566854	-0.030356698	0.032023784	-0.029516192	0.018112175	-0.013588515	0.044401713	-0.049094908	0.036254227	-0.019091044	0.013593512
0.115254916	-0.13484237	0.17749594	-0.9122196	0.9999995	-0.07025051	0.0901625	-0.12983994	0.18306443	-0.2220456	0.06274811	-0.089969344	0.09157653	-0.07380053	0.070863456	-0.048647683	0.04024677	-0.09489809	0.052978367	-0.057624802	0.04221402	-0.055532426	0.06037313	-0.080860235	0.040602364	-0.055205915	0.041458547	-0.042216998	0.039693505	-0.036251206	0.036411267	-0.038261313	0.03510259	-0.021501694	0.016105382	-0.053459466	0.057813317	-0.043208614	0.022610899	-0.016139058
-0.22270893	0.20222646	-0.20372614	0.06273719	-0.07025051	0.99999934	-0.48005903	0.22658479	-0.03876934	0.038258627	-0.7476909	0.2924607	-0.23761533	0.08987158	-0.08908676	0.06588373	-0.056649007	0.12578766	-0.06742171	0.068737745	-0.055063084	0.07122331	-0.08199128	0.09783096	-0.05105196	0.06818889	-0.05324785	0.05297712	-0.050489895	0.044775233	-0.045377873	0.048141215	-0.044684254	0.027107261	-0.020425696	0.06490249	-0.077167034	0.05429823	-0.028875345	0.020359509
0.24782602	-0.45736292	0.2843607	-0.084517784	0.0901625	-0.48005903	0.99999905	-0.47896144	0.050022833	-0.049744967	0.2835559	-0.43288437	0.27381802	-0.108761914	0.10259093	-0.08109619	0.06911076	-0.16125101	0.08139341	-0.08464321	0.0686824	-0.08983824	0.1015527	-0.124429494	0.063199535	-0.0869552	0.06647912	-0.06653932	0.062749356	-0.056053363	0.05750274	-0.060612086	0.055799454	-0.03383243	0.025414541	-0.0831691	0.09418825	-0.068130806	0.035839856	-0.025405081
-0.28324607	0.28468797	-0.48992574	0.11649759	-0.12983994	0.22658479	-0.47896144	0.999999	-0.07418159	0.07047203	-0.23844537	0.29289123	-0.544414	0.14894491	-0.14722294	0.08775777	-0.07659983	0.18287364	-0.10329213	0.103233874	-0.07629212	0.09932113	-0.11893175	0.13960539	-0.073927805	0.09461064	-0.075016126	0.07513394	-0.07219936	0.06425764	-0.06329526	0.067633756	-0.06324232	0.038548827	-0.02909728	0.09026548	-0.10963247	0.076612964	-0.04109032	0.028921355
0.067109056	-0.05823252	0.079447605	-0.222149	0.18306443	-0.03876934	0.050022833	-0.07418159	0.99999875	-0.9408363	0.037040263	-0.05386829	0.0660617	-0.12229672	0.11326602	-0.027611222	0.023452923	-0.05431474	0.056179546	-0.060225695	0.024717389	-0.032445736	0.037968595	-0.055243872	0.031430673	-0.031295337	0.025803393	-0.027350329	0.02751055	-0.026433729	0.021193234	-0.02333293	0.022477532	-0.014392605	0.010912334	-0.030217882	0.03825955	-0.02717443	0.015175941	-0.010719865
-0.06900158	0.057079293	-0.07984322	0.18068025	-0.2220456	0.038258627	-0.049744967	0.07047203	-0.9408363	0.9999986	-0.037003305	0.05286404	-0.0661023	0.11232391	-0.1290799	0.027313879	-0.023248438	0.053529397	-0.05732749	0.060312953	-0.024544613	0.032171886	-0.037832905	0.054724894	-0.03168363	0.031004824	-0.025762267	0.027287371	-0.02761465	0.02642607	-0.02105391	0.023246977	-0.022476692	0.014412348	-0.010943871	0.02995281	-0.038545	0.027127098	-0.015232131	0.010735497
0.18322	-0.18499118	0.17283571	-0.05726564	0.06274811	-0.7476909	0.2835559	-0.23844537	0.037040263	-0.037003305	0.9999985	-0.5020976	0.2303606	-0.09236383	0.08668283	-0.07236992	0.061174314	-0.13488176	0.06812912	-0.07055088	0.058078256	-0.07539373	0.08516564	-0.102374636	0.052478723	-0.07190335	0.055348616	-0.055019453	0.052074097	-0.046347342	0.047493026	-0.05014914	0.04625027	-0.027979868	0.021048876	-0.06805891	0.078726746	-0.056228645	0.029706204	-0.021000292
-0.26210552	0.22167721	-0.250139	0.07949734	-0.089969344	0.2924607	-0.43288437	0.29289123	-0.05386829	0.05286404	-0.5020976	0.9999984	-0.5693951	0.14675502	-0.14598088	0.08676664	-0.078605644	0.17362148	-0.10009084	0.098727494	-0.07319035	0.094822764	-0.11456912	0.1305099	-0.07033348	0.08854882	-0.071297586	0.07086777	-0.06855363	0.06066648	-0.05940057	0.06375258	-0.059880186	0.036438942	-0.027566407	0.08375409	-0.10519836	0.072157905	-0.03898148	0.027329145
0.24022608	-0.21884508	0.2429345	-0.084448665	0.09157653	-0.23761533	0.27381802	-0.544414	0.0660617	-0.0661023	0.2303606	-0.5693951	0.9999982	-0.26802525	0.19006622	-0.108730875	0.09662092	-0.2736784	0.13213925	-0.1335628	0.09207332	-0.12145746	0.15014121	-0.1717645	0.08985278	-0.111973025	0.089473896	-0.090063274	0.086680226	-0.077947274	0.074565195	-0.08016215	0.07513536	-0.04581805	0.03461065	-0.105235785	0.1288057	-0.090327516	0.048678644	-0.03425223
-0.16201574	0.10046207	-0.122914165	0.06565368	-0.07380053	0.08987158	-0.108761914	0.14894491	-0.12229672	0.11232391	-0.09236383	0.14675502	-0.26802525	0.9999985	-0.8175022	0.07019229	-0.061963167	0.14034107	-0.33460173	0.25611284	-0.065735325	0.085997134	-0.11184946	0.17645837	-0.11346486	0.079535276	-0.074043244	0.08148653	-0.08912421	0.08801792	-0.055839505	0.065090775	-0.06642886	0.044404138	-0.034205183	0.07647082	-0.116894476	0.078059226	-0.047099963	0.032754067
0.14998077	-0.097211376	0.11388455	-0.06449408	0.070863456	-0.08908676	0.10259093	-0.14722294	0.11326602	-0.1290799	0.08668283	-0.14598088	0.19006622	-0.8175022	0.99999845	-0.073988974	0.064309634	-0.14788307	0.257913	-0.37462735	0.068381764	-0.090239994	0.11318257	-0.19063509	0.12202083	-0.084033184	0.07631836	-0.08665488	0.09248163	-0.09902727	0.058462575	-0.06797075	0.06881214	-0.04658756	0.03560028	-0.080850944	0.11585041	-0.08176633	0.048427157	-0.034249898
-0.20534457	0.0868523	-0.10870557	0.040544193	-0.048647683	0.06588373	-0.08109619	0.08775777	-0.027611222	0.027313879	-0.07236992	0.08676664	-0.108730875	0.07019229	-0.073988974	0.999998	-0.80532986	0.23158275	-0.08566237	0.084693834	-0.34283158	0.2809296	-0.23169023	0.15248159	-0.094420835	0.20531063	-0.1598854	0.11481086	-0.10839516	0.08046925	-0.12855104	0.123472415	-0.1074267	0.055683725	-0.042725414	0.1421638	-0.20105553	0.117913045	-0.06203965	0.041688953
0.16582721	-0.072571464	0.090131186	-0.033719257	0.04024677	-0.056649007	0.06911076	-0.07659983	0.023452923	-0.023248438	0.061174314	-0.078605644	0.09662092	-0.061963167	0.064309634	-0.80532986	0.99999785	-0.29916894	0.076243095	-0.075544365	0.24079736	-0.40066284	0.22010502	-0.14171322	0.0825891	-0.1929574	0.14278989	-0.103854306	0.09453506	-0.07132728	0.11174391	-0.11427947	0.094206214	-0.04845559	0.036940843	-0.13138849	0.16400857	-0.10390909	0.053196408	-0.03607944
-0.39066488	0.16992189	-0.21564429	0.07920551	-0.09489809	0.12578766	-0.16125101	0.18287364	-0.05431474	0.053529397	-0.13488176	0.17362148	-0.2736784	0.14034107	-0.14788307	0.23158275	-0.29916894	0.9999982	-0.16636267	0.15527846	-0.21633705	0.27569923	-0.59721005	0.27230656	-0.15979493	0.20587833	-0.19637088	0.17904678	-0.17383644	0.13306835	-0.14444545	0.16020086	-0.15584487	0.08804501	-0.06776216	0.17982954	-0.29909748	0.17512254	-0.0977009	0.06581102
0.16310115	-0.08282813	0.10072146	-0.04618784	0.052978367	-0.06742171	0.08139341	-0.10329213	0.056179546	-0.05732749	0.06812912	-0.10009084	0.13213925	-0.33460173	0.257913	-0.08566237	0.076243095	-0.16636267	0.9999984	-0.7531631	0.084156945	-0.11276865	0.15713504	-0.4152747	0.20052835	-0.10011934	0.10102386	-0.121945225	0.1390723	-0.15734483	0.07188002	-0.08838819	0.09392112	-0.06657338	0.05125778	-0.09614511	0.15649742	-0.10894224	0.06835859	-0.04818844
-0.1819454	0.08774594	-0.108480975	0.049426332	-0.057624802	0.068737745	-0.08464321	0.103233874	-0.060225695	0.060312953	-0.07055088	0.098727494	-0.1335628	0.25611284	-0.37462735	0.084693834	-0.075544365	0.15527846	-0.7531631	0.99999833	-0.08512123	0.11097896	-0.15308441	0.2697398	-0.2878712	0.10116983	-0.10818509	0.1284855	-0.15869126	0.17222087	-0.0744087	0.09310129	-0.101964116	0.07287479	-0.057281062	0.0985214	-0.17633082	0.115620956	-0.076432675	0.052757993
0.17676902	-0.074808896	0.09320326	-0.035281222	0.04221402	-0.055063084	0.0686824	-0.07629212	0.024717389	-0.024544613	0.058078256	-0.07319035	0.09207332	-0.065735325	0.068381764	-0.34283158	0.24079736	-0.21633705	0.084156945	-0.08512123	0.99999815	-0.516648	0.22672364	-0.16285218	0.09702421	-0.6441508	0.19445498	-0.12992844	0.11469898	-0.08516334	0.21281192	-0.16502702	0.12290461	-0.059108723	0.044871993	-0.23948523	0.20132984	-0.13305043	0.06467433	-0.043946624
-0.2331894	0.09801846	-0.122659035	0.046335727	-0.055532426	0.07122331	-0.08983824	0.09932113	-0.032445736	0.032171886	-0.07539373	0.094822764	-0.12145746	0.085997134	-0.090239994	0.2809296	-0.40066284	0.27569923	-0.11276865	0.11097896	-0.516648	0.9999982	-0.47120515	0.21450785	-0.12983677	0.27632296	-0.3063275	0.1709761	-0.15392208	0.11138106	-0.18011805	0.19540906	-0.15776296	0.0764633	-0.05848893	0.19270085	-0.26199657	0.16467795	-0.0840106	0.056568604
0.23986141	-0.10753548	0.13303807	-0.050909605	0.06037313	-0.08199128	0.1015527	-0.11893175	0.037968595	-0.037832905	0.08516564	-0.11456912	0.15014121	-0.11184946	0.11318257	-0.23169023	0.22010502	-0.59721005	0.15713504	-0.15308441	0.22672364	-0.47120515	0.99999815	-0.4126186	0.16345203	-0.23759757	0.2013506	-0.22155815	0.17944144	-0.14302456	0.14886454	-0.17199264	0.15865587	-0.08721467	0.06589967	-0.19120182	0.24559242	-0.17504954	0.0919661	-0.06340074
-0.3215272	0.13632973	-0.17121682	0.067650296	-0.080860235	0.09783096	-0.124429494	0.13960539	-0.055243872	0.054724894	-0.102374636	0.1305099	-0.1717645	0.17645837	-0.19063509	0.15248159	-0.14171322	0.27230656	-0.4152747	0.2697398	-0.16285218	0.21450785	-0.4126186	0.9999982	-0.36677125	0.1807083	-0.20195252	0.22272663	-0.29412577	0.23215473	-0.13405907	0.16750135	-0.18456933	0.12483744	-0.098857865	0.1719239	-0.3378205	0.20210265	-0.13568623	0.09025458
0.15048897	-0.0677111	0.083609775	-0.034481242	0.040602364	-0.05105196	0.063199535	-0.073927805	0.031430673	-0.03168363	0.052478723	-0.07033348	0.08985278	-0.11346486	0.12202083	-0.094420835	0.0825891	-0.15979493	0.20052835	-0.2878712	0.09702421	-0.12983677	0.16345203	-0.36677125	0.9999981	-0.120162524	0.13738765	-0.23472075	0.27200866	-0.7498535	0.090573266	-0.12561391	0.14425427	-0.12470487	0.09487814	-0.12011095	0.18523914	-0.16918378	0.10951695	-0.085434094
-0.23798706	0.0970129	-0.121704556	0.04588417	-0.055205915	0.06818889	-0.0869552	0.09461064	-0.031295337	0.031004824	-0.07190335	0.08854882	-0.111973025	0.079535276	-0.084033184	0.20531063	-0.1929574	0.20587833	-0.10011934	0.10116983	-0.6441508	0.27632296	-0.23759757	0.1807083	-0.120162524	0.9999982	-0.25827646	0.15615505	-0.14462145	0.10346782	-0.42945495	0.20402189	-0.15932643	0.07427548	-0.05696699	0.2766071	-0.28173262	0.16526681	-0.083117485	0.055573564
0.1692422	-0.072549835	0.08999786	-0.034809817	0.041458547	-0.05324785	0.06647912	-0.075016126	0.025803393	-0.025762267	0.055348616	-0.071297586	0.089473896	-0.074043244	0.07631836	-0.1598854	0.14278989	-0.19637088	0.10102386	-0.10818509	0.19445498	-0.3063275	0.2013506	-0.20195252	0.13738765	-0.25827646	0.99999833	-0.3284145	0.1953837	-0.13614371	0.22957072	-0.70668757	0.27170387	-0.0975946	0.071054175	-0.26738176	0.2556778	-0.27021995	0.09930617	-0.069656804
-0.17029269	0.07281512	-0.090590894	0.035434607	-0.042216998	0.05297712	-0.06653932	0.07513394	-0.027350329	0.027287371	-0.055019453	0.07086777	-0.090063274	0.08148653	-0.08665488	0.11481086	-0.103854306	0.17904678	-0.121945225	0.1284855	-0.12992844	0.1709761	-0.22155815	0.22272663	-0.23472075	0.15615505	-0.3284145	0.9999982	-0.5978805	0.22300479	-0.13773656	0.24341676	-0.48472834	0.15333146	-0.116649345	0.16173308	-0.28587925	0.2728836	-0.1492998	0.09875151
0.15448421	-0.067906566	0.08398464	-0.03352917	0.039693505	-0.050489895	0.062749356	-0.07219936	0.02751055	-0.02761465	0.052074097	-0.06855363	0.086680226	-0.08912421	0.09248163	-0.10839516	0.09453506	-0.17383644	0.1390723	-0.15869126	0.11469898	-0.15392208	0.17944144	-0.29412577	0.27200866	-0.14462145	0.1953837	-0.5978805	0.9999984	-0.48043203	0.11502801	-0.18388136	0.23305513	-0.2530694	0.14936683	-0.14864132	0.22335528	-0.25191107	0.16868865	-0.12546512
-0.13915326	0.060789026	-0.07557177	0.030566854	-0.036251206	0.044775233	-0.056053363	0.06425764	-0.026433729	0.02642607	-0.046347342	0.06066648	-0.077947274	0.08801792	-0.09902727	0.08046925	-0.07132728	0.13306835	-0.15734483	0.17222087	-0.08516334	0.11138106	-0.14302456	0.23215473	-0.7498535	0.10346782	-0.13614371	0.22300479	-0.48043203	0.9999983	-0.08132364	0.11690725	-0.14781925	0.13541701	-0.11564801	0.104284994	-0.1831097	0.15117863	-0.12031983	0.08924264
0.1548542	-0.06392139	0.07984082	-0.030356698	0.036411267	-0.045377873	0.05750274	-0.06329526	0.021193234	-0.02105391	0.047493026	-0.05940057	0.074565195	-0.055839505	0.058462575	-0.12855104	0.11174391	-0.14444545	0.07188002	-0.0744087	0.21281192	-0.18011805	0.14886454	-0.13405907	0.090573266	-0.42945495	0.22957072	-0.13773656	0.11502801	-0.08132364	0.99999815	-0.31959936	0.15463822	-0.05984144	0.045141954	-0.76077515	0.21042027	-0.15248495	0.06540616	-0.044356313
-0.15868986	0.06679754	-0.08315997	0.032023784	-0.038261313	0.048141215	-0.060612086	0.067633756	-0.02333293	0.023246977	-0.05014914	0.06375258	-0.08016215	0.065090775	-0.06797075	0.123472415	-0.11427947	0.16020086	-0.08838819	0.09310129	-0.16502702	0.19540906	-0.17199264	0.16750135	-0.12561391	0.20402189	-0.70668757	0.24341676	-0.18388136	0.11690725	-0.31959936	0.9999981	-0.42540193	0.08900995	-0.06663678	0.23904735	-0.28877714	0.2505892	-0.094712034	0.06397339
0.14168961	-0.0609642	0.07554911	-0.029516192	0.03510259	-0.044684254	0.055799454	-0.06324232	0.022477532	-0.022476692	0.04625027	-0.059880186	0.07513536	-0.06642886	0.06881214	-0.1074267	0.094206214	-0.15584487	0.09392112	-0.101964116	0.12290461	-0.15776296	0.15865587	-0.18456933	0.14425427	-0.15932643	0.27170387	-0.48472834	0.23305513	-0.14781925	0.15463822	-0.42540193	0.99999815	-0.121876635	0.085452825	-0.18056907	0.2796811	-0.62166053	0.12012834	-0.08327242
-0.08521511	0.036912583	-0.04571754	0.018112175	-0.021501694	0.027107261	-0.03383243	0.038548827	-0.014392605	0.014412348	-0.027979868	0.036438942	-0.04581805	0.044404138	-0.04658756	0.055683725	-0.04845559	0.08804501	-0.06657338	0.07287479	-0.059108723	0.0764633	-0.08721467	0.12483744	-0.12470487	0.07427548	-0.0975946	0.15333146	-0.2530694	0.13541701	-0.05984144	0.08900995	-0.121876635	0.999998	-0.6920393	0.07713836	-0.13444583	0.13423653	-0.5510293	0.31975147
0.063331544	-0.027638905	0.03417389	-0.013588515	0.016105382	-0.020425696	0.025414541	-0.02909728	0.010912334	-0.010943871	0.021048876	-0.027566407	0.03461065	-0.034205183	0.03560028	-0.042725414	0.036940843	-0.06776216	0.05125778	-0.057281062	0.044871993	-0.05848893	0.06589967	-0.098857865	0.09487814	-0.05696699	0.071054175	-0.116649345	0.14936683	-0.11564801	0.045141954	-0.06663678	0.085452825	-0.6920393	0.9999978	-0.059136678	0.09694259	-0.102043726	0.32455054	-0.6098504
-0.23216404	0.09368085	-0.11748207	0.044401713	-0.053459466	0.06490249	-0.0831691	0.09026548	-0.030217882	0.02995281	-0.06805891	0.08375409	-0.105235785	0.07647082	-0.080850944	0.1421638	-0.13138849	0.17982954	-0.09614511	0.0985214	-0.23948523	0.19270085	-0.19120182	0.1719239	-0.12011095	0.2766071	-0.26738176	0.16173308	-0.14864132	0.104284994	-0.76077515	0.23904735	-0.18056907	0.07713836	-0.059136678	0.9999979	-0.3115781	0.17862555	-0.08679653	0.057846334
0.2246117	-0.10125916	0.12369865	-0.049094908	0.057813317	-0.077167034	0.09418825	-0.10963247	0.03825955	-0.038545	0.078726746	-0.10519836	0.1288057	-0.116894476	0.11585041	-0.20105553	0.16400857	-0.29909748	0.15649742	-0.17633082	0.20132984	-0.26199657	0.24559242	-0.3378205	0.18523914	-0.28173262	0.2556778	-0.28587925	0.22335528	-0.1831097	0.21042027	-0.28877714	0.2796811	-0.13444583	0.09694259	-0.3115781	0.9999976	-0.55791366	0.14117362	-0.104341194
-0.17645033	0.074983455	-0.09307989	0.036254227	-0.043208614	0.05429823	-0.068130806	0.076612964	-0.02717443	0.027127098	-0.056228645	0.072157905	-0.090327516	0.078059226	-0.08176633	0.117913045	-0.10390909	0.17512254	-0.10894224	0.115620956	-0.13305043	0.16467795	-0.17504954	0.20210265	-0.16918378	0.16526681	-0.27021995	0.2728836	-0.25191107	0.15117863	-0.15248495	0.2505892	-0.62166053	0.13423653	-0.102043726	0.17862555	-0.55791366	0.9999973	-0.16980529	0.10483296
0.08902039	-0.03895758	0.048081443	-0.019091044	0.022610899	-0.028875345	0.035839856	-0.04109032	0.015175941	-0.015232131	0.029706204	-0.03898148	0.048678644	-0.047099963	0.048427157	-0.06203965	0.053196408	-0.0977009	0.06835859	-0.076432675	0.06467433	-0.0840106	0.0919661	-0.13568623	0.10951695	-0.083117485	0.09930617	-0.1492998	0.16868865	-0.12031983	0.06540616	-0.094712034	0.12012834	-0.5510293	0.32455054	-0.08679653	0.14117362	-0.16980529	0.9999973	-0.7042255
-0.064157575	0.0277532	-0.034355503	0.013593512	-0.016139058	0.020359509	-0.025405081	0.028921355	-0.010719865	0.010735497	-0.021000292	0.027329145	-0.03425223	0.032754067	-0.034249898	0.041688953	-0.03607944	0.06581102	-0.04818844	0.052757993	-0.043946624	0.056568604	-0.06340074	0.09025458	-0.085434094	0.055573564	-0.069656804	0.09875151	-0.12546512	0.08924264	-0.044356313	0.06397339	-0.08327242	0.31975147	-0.6098504	0.057846334	-0.104341194	0.10483296	-0.7042255	0.9999973
