0.99999994	-0.5041084	0.23069263	-0.21924308	0.14613263	-0.6303916	0.33194885	-0.24941574	0.15016265	-0.13571312	0.20826615	-0.21413195	0.15480787	-0.161913	0.15414108	-0.14708237	0.17808357	-0.15452613	0.13914251	-0.11527694	0.13386379	-0.120967634	0.13068658	-0.11933645	0.104067594	-0.0952724	0.10471342	-0.1309423	0.1213158	-0.10760578	0.10143445	-0.112659745	0.117863804	-0.15321815	0.10822406	-0.10803222	0.08417483	-0.21792881	0.029723091	-0.031679094
-0.5041084	1.0000001	-0.53012055	0.21439539	-0.16431971	0.27266622	-0.49661854	0.26408437	-0.16569178	0.13864851	-0.19759312	0.19193931	-0.15828513	0.15792765	-0.16651662	0.12763162	-0.18364555	0.14325127	-0.13831024	0.11097882	-0.12928367	0.11134348	-0.12567645	0.11197342	-0.10193416	0.0845443	-0.09281283	0.114687964	-0.11116899	0.09575527	-0.09206324	0.0960159	-0.10014118	0.12807515	-0.09870091	0.09056913	-0.07189123	0.17296769	-0.024395004	0.025821803
0.23069263	-0.53012055	0.99999976	-0.36337826	0.2082419	-0.15032606	0.22232914	-0.6076611	0.22201793	-0.18226667	0.15919487	-0.2196234	0.1872002	-0.2093251	0.19181906	-0.10828193	0.16597259	-0.15668294	0.15699728	-0.12779446	0.12382469	-0.10961229	0.13011092	-0.12619966	0.11351978	-0.084305584	0.094146155	-0.11921323	0.11744716	-0.10150666	0.09173316	-0.09750099	0.10262363	-0.1321074	0.10276397	-0.09128097	0.0725943	-0.17461129	0.024761446	-0.02619166
-0.21924308	0.21439539	-0.36337826	0.9999999	-0.6655961	0.13441123	-0.197839	0.2565083	-0.25026226	0.29059392	-0.19315225	0.19140525	-0.16885436	0.21135218	-0.35093576	0.1279122	-0.20939265	0.16589676	-0.19842535	0.17319518	-0.14977355	0.12686802	-0.14908147	0.15451576	-0.15909387	0.09946741	-0.1115218	0.13887239	-0.14386854	0.12410203	-0.11069875	0.11279383	-0.11888825	0.15173776	-0.12927274	0.104703255	-0.084442705	0.19352067	-0.028358156	0.029827558
0.14613263	-0.16431971	0.2082419	-0.6655961	0.9999999	-0.0946608	0.1358132	-0.23954998	0.23190922	-0.55708164	0.14009729	-0.17493871	0.14802697	-0.21595828	0.28019747	-0.09617748	0.15420121	-0.1446665	0.16736832	-0.16202492	0.11778056	-0.10404598	0.12343792	-0.13925457	0.13318513	-0.08423775	0.095583774	-0.122642174	0.12365002	-0.110017225	0.092039146	-0.09963444	0.105817735	-0.13788964	0.10910235	-0.09295647	0.073984824	-0.17944072	0.025612267	-0.02708822
-0.6303916	0.27266622	-0.15032606	0.13441123	-0.0946608	0.9999998	-0.654351	0.15350589	-0.09896123	0.08756541	-0.24677618	0.15578803	-0.11221075	0.10667405	-0.1025247	0.13529804	-0.14503019	0.10982464	-0.09460843	0.076738544	-0.102413215	0.09056133	-0.093929715	0.08031267	-0.070006944	0.06710576	-0.072203934	0.08948378	-0.08244913	0.072401166	-0.07075334	0.076771334	-0.07961846	0.102740705	-0.07313664	0.07338984	-0.057295796	0.14512987	-0.01983222	0.021111757
0.33194885	-0.49661854	0.22232914	-0.197839	0.1358132	-0.654351	0.9999996	-0.23839296	0.14371891	-0.12625214	0.20233718	-0.2468137	0.1619007	-0.15513866	0.14474504	-0.14104646	0.17033443	-0.14906447	0.13177954	-0.10720628	0.12666835	-0.11412232	0.12504761	-0.11113274	0.097060524	-0.08756949	0.095924735	-0.11998896	0.11191	-0.0983382	0.093285926	-0.10215478	0.10668853	-0.13803984	0.09922185	-0.09747191	0.07624568	-0.19371298	0.026590586	-0.028295437
-0.24941574	0.26408437	-0.6076611	0.2565083	-0.23954998	0.15350589	-0.23839296	0.9999993	-0.43397152	0.21699762	-0.19307575	0.2442496	-0.30119005	0.26441476	-0.24669524	0.12955867	-0.20684049	0.19082277	-0.20591447	0.15263243	-0.15216163	0.131331	-0.1641353	0.15115291	-0.13991773	0.097842544	-0.10924668	0.13732262	-0.14007418	0.11718307	-0.10767042	0.10993864	-0.11571738	0.14661291	-0.12101431	0.10175096	-0.08198135	0.18729007	-0.027187286	0.028615257
0.15016265	-0.16569178	0.22201793	-0.25026226	0.23190922	-0.09896123	0.14371891	-0.43397152	0.99999905	-0.41736862	0.14665626	-0.23051916	0.22422929	-0.63494426	0.26287258	-0.10215779	0.16302682	-0.18044205	0.22991909	-0.17570211	0.12691173	-0.11426766	0.14353636	-0.17262606	0.14638782	-0.08703201	0.099036455	-0.1306283	0.13555932	-0.11512864	0.09443793	-0.10090774	0.10747275	-0.13884036	0.11301364	-0.092423856	0.07425292	-0.17191823	0.024936253	-0.026263157
-0.13571312	0.13864851	-0.18226667	0.29059392	-0.55708164	0.08756541	-0.12625214	0.21699762	-0.41736862	0.99999905	-0.13482817	0.16501714	-0.15305223	0.2455177	-0.56588846	0.092550874	-0.14993425	0.14339007	-0.19633923	0.19329703	-0.115053765	0.10085315	-0.12383369	0.15089095	-0.16193005	0.08005434	-0.091565266	0.11875311	-0.1264178	0.11002365	-0.08781746	0.09327048	-0.09974884	0.12898277	-0.109661974	0.08573588	-0.06902538	0.1604023	-0.023480626	0.02471558
0.20826615	-0.19759312	0.15919487	-0.19315225	0.14009729	-0.24677618	0.20233718	-0.19307575	0.14665626	-0.13482817	0.99999905	-0.26342	0.17842123	-0.1702531	0.16317727	-0.673625	0.32040098	-0.22289418	0.16540408	-0.13471708	0.23568194	-0.21966013	0.18722653	-0.14731304	0.12417331	-0.14703041	0.14929348	-0.18352588	0.15947022	-0.14182626	0.14611688	-0.16139641	0.16406135	-0.21195605	0.14137027	-0.15582038	0.11972412	-0.30939376	0.041165706	-0.04398038
-0.21413195	0.19193931	-0.2196234	0.19140525	-0.17493871	0.15578803	-0.2468137	0.2442496	-0.23051916	0.16501714	-0.26342	0.99999905	-0.7106107	0.24793854	-0.21669951	0.17200324	-0.28113443	0.26766515	-0.22059606	0.15028787	-0.19909026	0.17084801	-0.2364598	0.15922631	-0.1427649	0.115530014	-0.12673001	0.15788099	-0.15624826	0.12646425	-0.1264529	0.124335505	-0.12991565	0.16065757	-0.13244878	0.11432391	-0.09270525	0.20424639	-0.02964164	0.031138817
0.15480787	-0.15828513	0.1872002	-0.16885436	0.14802697	-0.11221075	0.1619007	-0.30119005	0.22422929	-0.15305223	0.17842123	-0.7106107	0.9999991	-0.35417813	0.18288618	-0.12905216	0.20273693	-0.39785883	0.20788594	-0.13811263	0.15981661	-0.15286572	0.21433169	-0.15030289	0.12591136	-0.097530305	0.10791575	-0.14139749	0.13610533	-0.110890456	0.10445622	-0.10723073	0.11261833	-0.14047891	0.11247166	-0.097936794	0.078930914	-0.17728913	0.025441298	-0.026765944
-0.161913	0.15792765	-0.2093251	0.21135218	-0.21595828	0.10667405	-0.15513866	0.26441476	-0.63494426	0.2455177	-0.1702531	0.24793854	-0.35417813	0.99999905	-0.30292064	0.11808261	-0.19246638	0.21508265	-0.41150942	0.19711947	-0.14954944	0.13230939	-0.17640798	0.20725635	-0.17997748	0.09825106	-0.11243302	0.1477928	-0.16250522	0.13004273	-0.10738341	0.111628786	-0.11954605	0.15176071	-0.13029335	0.1012381	-0.08224193	0.1832296	-0.027073639	0.028400553
0.15414108	-0.16651662	0.19181906	-0.35093576	0.28019747	-0.1025247	0.14474504	-0.24669524	0.26287258	-0.56588846	0.16317727	-0.21669951	0.18288618	-0.30292064	0.99999887	-0.11458856	0.18307196	-0.19029695	0.24755892	-0.42665198	0.14650798	-0.13233203	0.16006133	-0.22940318	0.2374319	-0.109633744	0.12674458	-0.16944936	0.17709523	-0.16386132	0.118592925	-0.13249595	0.1426789	-0.18915705	0.15259941	-0.12191073	0.097215	-0.23550287	0.03391545	-0.035845976
-0.14708237	0.12763162	-0.10828193	0.1279122	-0.09617748	0.13529804	-0.14104646	0.12955867	-0.10215779	0.092550874	-0.673625	0.17200324	-0.12905216	0.11808261	-0.11458856	0.9999988	-0.57536393	0.1765028	-0.12072544	0.09504313	-0.31334767	0.20887434	-0.16009013	0.10561656	-0.0886245	0.1190782	-0.11304557	0.1327184	-0.11492277	0.09886252	-0.11655562	0.11538622	-0.11430134	0.14425327	-0.09970117	0.109589346	-0.08548152	0.203465	-0.027468968	0.029214572
0.17808357	-0.18364555	0.16597259	-0.20939265	0.15420121	-0.14503019	0.17033443	-0.20684049	0.16302682	-0.14993425	0.32040098	-0.28113443	0.20273693	-0.19246638	0.18307196	-0.57536393	0.99999887	-0.31522635	0.19396937	-0.15529972	0.27247292	-0.30734727	0.23857224	-0.17220502	0.14307305	-0.16815461	0.17252645	-0.21449295	0.18487424	-0.1631037	0.16793978	-0.1851405	0.18838659	-0.2424503	0.16227376	-0.17769876	0.13694058	-0.35076976	0.04673864	-0.04989773
-0.15452613	0.14325127	-0.15668294	0.16589676	-0.1446665	0.10982464	-0.14906447	0.19082277	-0.18044205	0.14339007	-0.22289418	0.26766515	-0.39785883	0.21508265	-0.19029695	0.1765028	-0.31522635	0.9999988	-0.31924883	0.1655733	-0.27247584	0.2564821	-0.62806064	0.19744013	-0.15934733	0.13990262	-0.15618129	0.20812671	-0.19426681	0.14406615	-0.14958604	0.14505236	-0.15465926	0.18149021	-0.14947051	0.12903914	-0.10623986	0.22012056	-0.032066613	0.033533167
0.13914251	-0.13831024	0.15699728	-0.19842535	0.16736832	-0.09460843	0.13177954	-0.20591447	0.22991909	-0.19633923	0.16540408	-0.22059606	0.20788594	-0.41150942	0.24755892	-0.12072544	0.19396937	-0.31924883	0.99999875	-0.3883768	0.16439103	-0.1562515	0.21054764	-0.5645479	0.28396514	-0.119707026	0.14174232	-0.21078396	0.24022554	-0.19127932	0.12710778	-0.1424665	0.15587309	-0.2049451	0.17086633	-0.12511227	0.101643935	-0.22563748	0.033558566	-0.03515955
-0.11527694	0.11097882	-0.12779446	0.17319518	-0.16202492	0.076738544	-0.10720628	0.15263243	-0.17570211	0.19329703	-0.13471708	0.15028787	-0.13811263	0.19711947	-0.42665198	0.09504313	-0.15529972	0.1655733	-0.3883768	0.9999986	-0.127955	0.11308589	-0.14860953	0.28981096	-0.6897488	0.09275993	-0.1116026	0.15438406	-0.19896725	0.17366387	-0.10157027	0.109661676	-0.12240096	0.15831962	-0.16704398	0.09684739	-0.07975684	0.17425574	-0.027174933	0.028339704
0.13386379	-0.12928367	0.12382469	-0.14977355	0.11778056	-0.102413215	0.12666835	-0.15216163	0.12691173	-0.115053765	0.23568194	-0.19909026	0.15981661	-0.14954944	0.14650798	-0.31334767	0.27247292	-0.27247584	0.16439103	-0.127955	0.9999985	-0.69782656	0.2748862	-0.14890744	0.12082116	-0.28462374	0.19067782	-0.20687176	0.16581054	-0.13715455	0.20650506	-0.18120505	0.16312765	-0.19807309	0.13860096	-0.16708146	0.13034989	-0.26384696	0.035852473	-0.03785504
-0.120967634	0.11134348	-0.10961229	0.12686802	-0.10404598	0.09056133	-0.11412232	0.131331	-0.11426766	0.10085315	-0.21966013	0.17084801	-0.15286572	0.13230939	-0.13233203	0.20887434	-0.30734727	0.2564821	-0.1562515	0.11308589	-0.69782656	0.99999875	-0.49387577	0.13409711	-0.1101234	0.17831962	-0.1688266	0.18391143	-0.15284425	0.117484525	-0.17674519	0.14566354	-0.13924585	0.16128066	-0.12213957	0.13062206	-0.10706261	0.20481753	-0.02885663	0.030266965
0.13068658	-0.12567645	0.13011092	-0.14908147	0.12343792	-0.093929715	0.12504761	-0.1641353	0.14353636	-0.12383369	0.18722653	-0.2364598	0.21433169	-0.17640798	0.16006133	-0.16009013	0.23857224	-0.62806064	0.21054764	-0.14860953	0.2748862	-0.49387577	0.9999989	-0.19251727	0.14149533	-0.1542901	0.17107801	-0.29811844	0.19608691	-0.14723548	0.15179724	-0.16106464	0.17032003	-0.19704819	0.14698802	-0.13906099	0.11296283	-0.23809564	0.033362247	-0.034942925
-0.11933645	0.11197342	-0.12619966	0.15451576	-0.13925457	0.08031267	-0.11113274	0.15115291	-0.17262606	0.15089095	-0.14731304	0.15922631	-0.15030289	0.20725635	-0.22940318	0.10561656	-0.17220502	0.19744013	-0.5645479	0.28981096	-0.14890744	0.13409711	-0.19251727	0.99999875	-0.5159079	0.111400686	-0.14173192	0.21503302	-0.423778	0.20940268	-0.120565705	0.13304959	-0.15450723	0.19468166	-0.19188696	0.113082	-0.09478547	0.19680697	-0.030987116	0.03214818
0.104067594	-0.10193416	0.11351978	-0.15909387	0.13318513	-0.070006944	0.097060524	-0.13991773	0.14638782	-0.16193005	0.12417331	-0.1427649	0.12591136	-0.17997748	0.2374319	-0.0886245	0.14307305	-0.15934733	0.28396514	-0.6897488	0.12082116	-0.1101234	0.14149533	-0.5159079	0.9999986	-0.09420954	0.115094006	-0.17246318	0.2209926	-0.23761447	0.101218596	-0.11523272	0.13008559	-0.17485856	0.17695877	-0.10007216	0.082088366	-0.18241839	0.028329631	-0.029612066
-0.0952724	0.0845443	-0.084305584	0.09946741	-0.08423775	0.06710576	-0.08756949	0.097842544	-0.08703201	0.08005434	-0.14703041	0.115530014	-0.097530305	0.09825106	-0.109633744	0.1190782	-0.16815461	0.13990262	-0.119707026	0.09275993	-0.28462374	0.17831962	-0.1542901	0.111400686	-0.09420954	0.9999984	-0.47043818	0.20320417	-0.1583148	0.115604	-0.72637856	0.25238183	-0.16333057	0.16829076	-0.12587869	0.2224728	-0.19154955	0.2023296	-0.028727973	0.02967713
0.10471342	-0.09281283	0.094146155	-0.1115218	0.095583774	-0.072203934	0.095924735	-0.10924668	0.099036455	-0.091565266	0.14929348	-0.12673001	0.10791575	-0.11243302	0.12674458	-0.11304557	0.17252645	-0.15618129	0.14174232	-0.1116026	0.19067782	-0.1688266	0.17107801	-0.14173192	0.115094006	-0.47043818	0.99999845	-0.42396355	0.21528934	-0.15412977	0.2902473	-0.5737277	0.24110802	-0.23603457	0.16089338	-0.27961615	0.23582365	-0.26102126	0.035928816	-0.036933206
-0.1309423	0.114687964	-0.11921323	0.13887239	-0.122642174	0.08948378	-0.11998896	0.13732262	-0.1306283	0.11875311	-0.18352588	0.15788099	-0.14139749	0.1477928	-0.16944936	0.1327184	-0.21449295	0.20812671	-0.21078396	0.15438406	-0.20687176	0.18391143	-0.29811844	0.21503302	-0.17246318	0.20320417	-0.42396355	0.99999845	-0.53320354	0.22283883	-0.21375458	0.2548035	-0.4283484	0.29017454	-0.24296899	0.1809014	-0.16783184	0.27908912	-0.042744454	0.043356158
0.1213158	-0.11116899	0.11744716	-0.14386854	0.12365002	-0.08244913	0.11191	-0.14007418	0.13555932	-0.1264178	0.15947022	-0.15624826	0.13610533	-0.16250522	0.17709523	-0.11492277	0.18487424	-0.19426681	0.24022554	-0.19896725	0.16581054	-0.15284425	0.19608691	-0.423778	0.2209926	-0.1583148	0.21528934	-0.53320354	0.9999987	-0.43194428	0.16152157	-0.20637156	0.2509887	-0.35325202	0.27483404	-0.16028793	0.13535902	-0.27618894	0.043343097	-0.04480292
-0.10760578	0.09575527	-0.10150666	0.12410203	-0.110017225	0.072401166	-0.0983382	0.11718307	-0.11512864	0.11002365	-0.14182626	0.12646425	-0.110890456	0.13004273	-0.16386132	0.09886252	-0.1631037	0.14406615	-0.19127932	0.17366387	-0.13715455	0.117484525	-0.14723548	0.20940268	-0.23761447	0.115604	-0.15412977	0.22283883	-0.43194428	0.99999845	-0.12915105	0.14495952	-0.18805145	0.25465286	-0.75759125	0.11992453	-0.10360697	0.21162446	-0.043567188	0.044549704
0.10143445	-0.09206324	0.09173316	-0.11069875	0.092039146	-0.07075334	0.093285926	-0.10767042	0.09443793	-0.08781746	0.14611688	-0.1264529	0.10445622	-0.10738341	0.118592925	-0.11655562	0.16793978	-0.14958604	0.12710778	-0.10157027	0.20650506	-0.17674519	0.15179724	-0.120565705	0.101218596	-0.72637856	0.2902473	-0.21375458	0.16152157	-0.12915105	0.9999984	-0.32677335	0.18268272	-0.20085673	0.13663848	-0.3785649	0.2298975	-0.2529507	0.034224413	-0.035583295
-0.112659745	0.0960159	-0.09750099	0.11279383	-0.09963444	0.076771334	-0.10215478	0.10993864	-0.10090774	0.09327048	-0.16139641	0.124335505	-0.10723073	0.111628786	-0.13249595	0.11538622	-0.1851405	0.14505236	-0.1424665	0.109661676	-0.18120505	0.14566354	-0.16106464	0.13304959	-0.11523272	0.25238183	-0.5737277	0.2548035	-0.20637156	0.14495952	-0.32677335	0.9999986	-0.3307698	0.22897339	-0.16985178	0.29295608	-0.49536327	0.2538899	-0.036716536	0.037133493
0.117863804	-0.10014118	0.10262363	-0.11888825	0.105817735	-0.07961846	0.10668853	-0.11571738	0.10747275	-0.09974884	0.16406135	-0.12991565	0.11261833	-0.11954605	0.1426789	-0.11430134	0.18838659	-0.15465926	0.15587309	-0.12240096	0.16312765	-0.13924585	0.17032003	-0.15450723	0.13008559	-0.16333057	0.24110802	-0.4283484	0.2509887	-0.18805145	0.18268272	-0.3307698	0.99999845	-0.60928005	0.21898611	-0.17932566	0.17671943	-0.49032325	0.052288055	-0.05226985
-0.15321815	0.12807515	-0.1321074	0.15173776	-0.13788964	0.102740705	-0.13803984	0.14661291	-0.13884036	0.12898277	-0.21195605	0.16065757	-0.14047891	0.15176071	-0.18915705	0.14425327	-0.2424503	0.18149021	-0.2049451	0.15831962	-0.19807309	0.16128066	-0.19704819	0.19468166	-0.17485856	0.16829076	-0.23603457	0.29017454	-0.35325202	0.25465286	-0.20085673	0.22897339	-0.60928005	0.99999833	-0.4063756	0.17271179	-0.16795418	0.31009308	-0.06700096	0.06432917
0.10822406	-0.09870091	0.10276397	-0.12927274	0.10910235	-0.07313664	0.09922185	-0.12101431	0.11301364	-0.109661974	0.14137027	-0.13244878	0.11247166	-0.13029335	0.15259941	-0.09970117	0.16227376	-0.14947051	0.17086633	-0.16704398	0.13860096	-0.12213957	0.14698802	-0.19188696	0.17695877	-0.12587869	0.16089338	-0.24296899	0.27483404	-0.75759125	0.13663848	-0.16985178	0.21898611	-0.4063756	0.9999983	-0.14037775	0.117995866	-0.27216452	0.05610724	-0.059928942
-0.10803222	0.09056913	-0.09128097	0.104703255	-0.09295647	0.07338984	-0.09747191	0.10175096	-0.092423856	0.08573588	-0.15582038	0.11432391	-0.097936794	0.1012381	-0.12191073	0.109589346	-0.17769876	0.12903914	-0.12511227	0.09684739	-0.16708146	0.13062206	-0.13906099	0.113082	-0.10007216	0.2224728	-0.27961615	0.1809014	-0.16028793	0.11992453	-0.3785649	0.29295608	-0.17932566	0.17271179	-0.14037775	0.9999983	-0.7552664	0.21997677	-0.031795815	0.03226093
0.08417483	-0.07189123	0.0725943	-0.084442705	0.073984824	-0.057295796	0.07624568	-0.08198135	0.07425292	-0.06902538	0.11972412	-0.09270525	0.078930914	-0.08224193	0.097215	-0.08548152	0.13694058	-0.10623986	0.101643935	-0.07975684	0.13034989	-0.10706261	0.11296283	-0.09478547	0.082088366	-0.19154955	0.23582365	-0.16783184	0.13535902	-0.10360697	0.2298975	-0.49536327	0.17671943	-0.16795418	0.117995866	-0.7552664	0.99999833	-0.24191923	0.029282374	-0.02978302
-0.21792881	0.17296769	-0.17461129	0.19352067	-0.17944072	0.14512987	-0.19371298	0.18729007	-0.17191823	0.1604023	-0.30939376	0.20424639	-0.17728913	0.1832296	-0.23550287	0.203465	-0.35076976	0.22012056	-0.22563748	0.17425574	-0.26384696	0.20481753	-0.23809564	0.19680697	-0.18241839	0.2023296	-0.26102126	0.27908912	-0.27618894	0.21162446	-0.2529507	0.2538899	-0.49032325	0.31009308	-0.27216452	0.21997677	-0.24191923	0.9999985	-0.095321804	0.087202035
0.029723091	-0.024395004	0.024761446	-0.028358156	0.025612267	-0.01983222	0.026590586	-0.027187286	0.024936253	-0.023480626	0.041165706	-0.02964164	0.025441298	-0.027073639	0.03391545	-0.027468968	0.04673864	-0.032066613	0.033558566	-0.027174933	0.035852473	-0.02885663	0.033362247	-0.030987116	0.028329631	-0.028727973	0.035928816	-0.042744454	0.043343097	-0.043567188	0.034224413	-0.036716536	0.052288055	-0.06700096	0.05610724	-0.031795815	0.029282374	-0.095321804	0.99999845	-0.98876256
-0.031679094	0.025821803	-0.02619166	0.029827558	-0.02708822	0.021111757	-0.028295437	0.028615257	-0.026263157	0.02471558	-0.04398038	0.031138817	-0.026765944	0.028400553	-0.035845976	0.029214572	-0.04989773	0.033533167	-0.03515955	0.028339704	-0.03785504	0.030266965	-0.034942925	0.03214818	-0.029612066	0.02967713	-0.036933206	0.043356158	-0.04480292	0.044549704	-0.035583295	0.037133493	-0.05226985	0.06432917	-0.059928942	0.03226093	-0.02978302	0.087202035	-0.98876256	0.99999845
