1.0000001	-0.49026728	0.27438176	-0.12189463	0.13246265	-0.52889466	0.27169362	-0.16720207	0.13763334	-0.13988131	0.26209092	-0.22927877	0.16947767	-0.17191596	0.13266784	-0.20916879	0.17207448	-0.28120938	0.1567119	-0.19419843	0.15929279	-0.1646872	0.20361789	-0.15410943	0.1257824	-0.16892919	0.14335313	-0.16603938	0.14676818	-0.12658183	0.1106446	-0.13240682	0.1339369	-0.1409801	0.12639482	-0.16712467	0.12721469	-0.17164822	0.15100288	-0.21078458
-0.49026728	1.0000001	-0.67764753	0.15637125	-0.17655683	0.23869275	-0.3277295	0.19411235	-0.12412998	0.11114238	-0.20691271	0.19477382	-0.2094605	0.12983488	-0.10188566	0.13051677	-0.1138125	0.17321509	-0.107645966	0.13110617	-0.102063656	0.10328381	-0.13174942	0.098065525	-0.08025153	0.10177598	-0.088613465	0.099264234	-0.09359636	0.07808562	-0.065770544	0.07819662	-0.08088634	0.08492799	-0.07686594	0.09654466	-0.075482905	0.100074604	-0.090681545	0.12202556
0.27438176	-0.67764753	1.0	-0.27031457	0.2104735	-0.2077074	0.2143782	-0.3277412	0.16681165	-0.1548189	0.17724584	-0.18115988	0.2342309	-0.180737	0.13445832	-0.16009942	0.13676469	-0.22933476	0.14381912	-0.17920305	0.12506017	-0.12949398	0.16481104	-0.13165101	0.10623219	-0.13087079	0.11254755	-0.1309905	0.12346955	-0.10433886	0.08612623	-0.102832556	0.106252044	-0.11296865	0.101936534	-0.12854034	0.099290594	-0.13331643	0.11970384	-0.16422695
-0.12189463	0.15637125	-0.27031457	1.0000004	-0.8639565	0.08247043	-0.08806308	0.114531666	-0.3016562	0.17863572	-0.080653936	0.073480204	-0.10951648	0.183948	-0.13848443	0.076911286	-0.07035846	0.11985454	-0.114322685	0.13750573	-0.06418583	0.0654963	-0.09183985	0.08473734	-0.06780778	0.0639064	-0.057317577	0.06760537	-0.07810559	0.061399657	-0.04283606	0.050661717	-0.05612472	0.061421547	-0.056824397	0.06137219	-0.049833	0.065629445	-0.063316844	0.08147388
0.13246265	-0.17655683	0.2104735	-0.8639565	0.9999999	-0.09429639	0.09738695	-0.12166651	0.23289344	-0.22131065	0.090932906	-0.08363487	0.112742536	-0.21946076	0.15263265	-0.09336335	0.08434508	-0.14749797	0.13260272	-0.17063646	0.0770865	-0.079248585	0.1092469	-0.10270863	0.08105871	-0.07798948	0.06938165	-0.08254109	0.09287803	-0.0746945	0.05230416	-0.062027104	0.06815663	-0.07481529	0.06882973	-0.075601235	0.060845733	-0.08064317	0.076904505	-0.10051554
-0.52889466	0.23869275	-0.2077074	0.08247043	-0.09429639	1.0	-0.50556386	0.1355593	-0.090509504	0.086599365	-0.5569287	0.29831898	-0.1515964	0.1055689	-0.083437376	0.15697032	-0.13414651	0.17331588	-0.09634747	0.114962846	-0.11746225	0.1131066	-0.13772155	0.09077932	-0.074983515	0.1073413	-0.09418047	0.097899616	-0.08814734	0.07344892	-0.066071674	0.07830313	-0.07973292	0.08159267	-0.07360103	0.09496475	-0.07497798	0.09774789	-0.088199876	0.11686386
0.27169362	-0.3277295	0.2143782	-0.08806308	0.09738695	-0.50556386	1.0	-0.181329	0.09964351	-0.095889755	0.32318646	-0.6402874	0.17727643	-0.11744577	0.090895735	-0.16940354	0.15002179	-0.19725862	0.10626306	-0.12737049	0.12147449	-0.12460893	0.14440313	-0.09943864	0.08136001	-0.11647434	0.100773595	-0.10614941	0.09551557	-0.079975605	0.07122321	-0.08483914	0.08602438	-0.088581994	0.079723865	-0.10329283	0.08093488	-0.10626064	0.09515489	-0.12737122
-0.16720207	0.19411235	-0.3277412	0.114531666	-0.12166651	0.1355593	-0.181329	0.99999976	-0.17367649	0.119783156	-0.14638309	0.15969026	-0.86007947	0.13929443	-0.10355152	0.10155272	-0.0929862	0.14610484	-0.10182053	0.12074002	-0.08107403	0.08212446	-0.108464725	0.084048025	-0.06829657	0.07890559	-0.069921695	0.077974856	-0.07946551	0.06425208	-0.050941546	0.060350608	-0.064064115	0.06777575	-0.06191305	0.07335775	-0.058576893	0.07690613	-0.07161537	0.09370556
0.13763334	-0.12412998	0.16681165	-0.3016562	0.23289344	-0.090509504	0.09964351	-0.17367649	0.99999976	-0.5440764	0.0981674	-0.085361555	0.15147814	-0.6039696	0.28354615	-0.10164816	0.099626645	-0.1777465	0.23326583	-0.27579382	0.08875276	-0.089934476	0.13428174	-0.14801176	0.11234207	-0.08443077	0.07854783	-0.09407163	0.12859398	-0.096250474	0.05718273	-0.06717314	0.07938995	-0.0896584	0.08429021	-0.07877405	0.06706478	-0.08695687	0.089176655	-0.108858965
-0.13988131	0.11114238	-0.1548189	0.17863572	-0.22131065	0.086599365	-0.095889755	0.119783156	-0.5440764	0.99999976	-0.09643015	0.079831004	-0.129465	0.2815422	-0.6715716	0.095520996	-0.0950366	0.158376	-0.21403831	0.26087022	-0.086461894	0.0863865	-0.13541555	0.13417399	-0.1128659	0.08071385	-0.07627712	0.09063535	-0.12844601	0.09286712	-0.05529248	0.06455704	-0.07755375	0.08676435	-0.08299521	0.07505974	-0.065000944	0.08332772	-0.087651595	0.10369297
0.26209092	-0.20691271	0.17724584	-0.080653936	0.090932906	-0.5569287	0.32318646	-0.14638309	0.0981674	-0.09643015	0.9999998	-0.6137617	0.15708488	-0.119885504	0.093529746	-0.24433462	0.17912878	-0.21948941	0.11304797	-0.13370202	0.1490002	-0.14575277	0.16263683	-0.106531665	0.087433375	-0.13487843	0.11590132	-0.11678692	0.10308752	-0.085993335	0.07905233	-0.09413109	0.09452867	-0.09607067	0.086314745	-0.11319985	0.08921256	-0.116021916	0.10362792	-0.13736184
-0.22927877	0.19477382	-0.18115988	0.073480204	-0.08363487	0.29831898	-0.6402874	0.15969026	-0.085361555	0.079831004	-0.6137617	0.99999994	-0.20662421	0.097968645	-0.07706853	0.1682878	-0.17883497	0.17122747	-0.09069346	0.10505706	-0.120117664	0.11872451	-0.1334373	0.08269254	-0.06827773	0.10344183	-0.0924125	0.089350305	-0.080679886	0.0660649	-0.060635217	0.07176024	-0.07283119	0.07334072	-0.06622232	0.08485355	-0.06818108	0.087325536	-0.079346694	0.10265773
0.16947767	-0.2094605	0.2342309	-0.10951648	0.112742536	-0.1515964	0.17727643	-0.86007947	0.15147814	-0.129465	0.15708488	-0.20662421	0.99999994	-0.15507646	0.11000853	-0.12331739	0.11064737	-0.18458016	0.11569802	-0.14037208	0.09592448	-0.09871668	0.12644912	-0.09910451	0.0797156	-0.09557815	0.083593294	-0.0939989	0.092732534	-0.07632667	0.061502483	-0.07314602	0.07672018	-0.08122395	0.07375159	-0.089594156	0.07069531	-0.093523875	0.08574909	-0.11417714
-0.17191596	0.12983488	-0.180737	0.183948	-0.21946076	0.1055689	-0.11744577	0.13929443	-0.6039696	0.2815422	-0.119885504	0.097968645	-0.15507646	1.0000001	-0.35502174	0.12200978	-0.12791717	0.21391675	-0.48655045	0.2898301	-0.112472564	0.11183389	-0.17839208	0.19682062	-0.15349638	0.10281261	-0.09857936	0.117499955	-0.1848164	0.12247494	-0.07049512	0.08214758	-0.10112177	0.11400161	-0.10934115	0.09440801	-0.08300586	0.10581376	-0.113265514	0.13123997
0.13266784	-0.10188566	0.13445832	-0.13848443	0.15263265	-0.083437376	0.090895735	-0.10355152	0.28354615	-0.6715716	0.093529746	-0.07706853	0.11000853	-0.35502174	1.0	-0.103330754	0.10243569	-0.18441354	0.24645619	-0.5109763	0.0917674	-0.09292322	0.14166616	-0.16033365	0.1292178	-0.08681508	0.08156426	-0.09908634	0.1401511	-0.10926703	0.059369422	-0.069646426	0.08408891	-0.09659318	0.09161673	-0.08099516	0.06994926	-0.090565264	0.09477503	-0.11483032
-0.20916879	0.13051677	-0.16009942	0.076911286	-0.09336335	0.15697032	-0.16940354	0.10155272	-0.10164816	0.095520996	-0.24433462	0.1682878	-0.12331739	0.12200978	-0.103330754	1.0	-0.61727244	0.28291914	-0.1371906	0.13847476	-0.52858025	0.29765332	-0.29685435	0.12070498	-0.10406083	0.23412552	-0.22334781	0.15014675	-0.12726817	0.09670058	-0.11001184	0.12681602	-0.124570064	0.1119009	-0.10142322	0.13166855	-0.11691229	0.13371755	-0.1259438	0.14150381
0.17207448	-0.1138125	0.13676469	-0.07035846	0.08434508	-0.13414651	0.15002179	-0.0929862	0.099626645	-0.0950366	0.17912878	-0.17883497	0.11064737	-0.12791717	0.10243569	-0.61727244	0.99999994	-0.5022613	0.15196663	-0.14805941	0.28881404	-0.4369112	0.26487452	-0.12250132	0.100250356	-0.21592475	0.20130731	-0.14218828	0.12213804	-0.09288034	0.0990491	-0.11825578	0.11473813	-0.10542399	0.094928704	-0.12242063	0.10624762	-0.12484729	0.115310386	-0.13263023
-0.28120938	0.17321509	-0.22933476	0.11985454	-0.14749797	0.17331588	-0.19725862	0.14610484	-0.1777465	0.158376	-0.21948941	0.17122747	-0.18458016	0.21391675	-0.18441354	0.28291914	-0.5022613	1.0000001	-0.3574957	0.2402192	-0.26885468	0.26222992	-0.42504358	0.19888416	-0.16649505	0.20415659	-0.2059682	0.18817191	-0.20295225	0.14362618	-0.122532256	0.1414357	-0.15839249	0.15318762	-0.14266168	0.15499711	-0.13752843	0.16565774	-0.16601245	0.18623233
0.1567119	-0.107645966	0.14381912	-0.114322685	0.13260272	-0.09634747	0.10626306	-0.10182053	0.23326583	-0.21403831	0.11304797	-0.09069346	0.11569802	-0.48655045	0.24645619	-0.1371906	0.15196663	-0.3574957	1.0000001	-0.57073265	0.12249705	-0.124781504	0.19194514	-0.38680446	0.18865502	-0.11051942	0.10680265	-0.13148725	0.22551464	-0.15107971	0.07484918	-0.08770879	0.111500934	-0.13191801	0.123779565	-0.099093415	0.08842167	-0.11344416	0.12242362	-0.14254655
-0.19419843	0.13110617	-0.17920305	0.13750573	-0.17063646	0.114962846	-0.12737049	0.12074002	-0.27579382	0.26087022	-0.13370202	0.10505706	-0.14037208	0.2898301	-0.5109763	0.13847476	-0.14805941	0.2402192	-0.57073265	1.0000002	-0.1315865	0.12993638	-0.21482372	0.23899977	-0.23254992	0.11889591	-0.11582569	0.14010288	-0.23253065	0.16398205	-0.08289493	0.09625956	-0.12221549	0.14053677	-0.13853732	0.109419934	-0.09822393	0.12458652	-0.13774349	0.1564903
0.15929279	-0.102063656	0.12506017	-0.06418583	0.0770865	-0.11746225	0.12147449	-0.08107403	0.08875276	-0.086461894	0.1490002	-0.120117664	0.09592448	-0.112472564	0.0917674	-0.52858025	0.28881404	-0.26885468	0.12249705	-0.1315865	1.0000004	-0.5182997	0.27351564	-0.11909197	0.10080795	-0.49207777	0.28715536	-0.17087556	0.124499016	-0.0973176	0.12966011	-0.15521361	0.13542622	-0.11786808	0.10392705	-0.15448503	0.13219322	-0.1502844	0.13158956	-0.15007122
-0.1646872	0.10328381	-0.12949398	0.0654963	-0.079248585	0.1131066	-0.12460893	0.08212446	-0.089934476	0.0863865	-0.14575277	0.11872451	-0.09871668	0.11183389	-0.09292322	0.29765332	-0.4369112	0.26222992	-0.124781504	0.12993638	-0.5182997	1.0000002	-0.45869446	0.12061507	-0.10358706	0.2997246	-0.44754645	0.18486018	-0.12993883	0.09890884	-0.13718486	0.16415213	-0.14812689	0.12121421	-0.10724931	0.15243891	-0.1402647	0.15195985	-0.13622494	0.14952604
0.20361789	-0.13174942	0.16481104	-0.09183985	0.1092469	-0.13772155	0.14440313	-0.108464725	0.13428174	-0.13541555	0.16263683	-0.1334373	0.12644912	-0.17839208	0.14166616	-0.29685435	0.26487452	-0.42504358	0.19194514	-0.21482372	0.27351564	-0.45869446	1.0	-0.20576736	0.1671559	-0.29863483	0.2649641	-0.36664784	0.20835541	-0.16853535	0.17347193	-0.21607715	0.23550668	-0.20974274	0.17833665	-0.24528679	0.19709316	-0.26408276	0.21779872	-0.2729192
-0.15410943	0.098065525	-0.13165101	0.08473734	-0.10270863	0.09077932	-0.09943864	0.084048025	-0.14801176	0.13417399	-0.106531665	0.08269254	-0.09910451	0.19682062	-0.16033365	0.12070498	-0.12250132	0.19888416	-0.38680446	0.23899977	-0.11909197	0.12061507	-0.20576736	1.0000001	-0.4326335	0.1163588	-0.117129564	0.18433899	-0.6552684	0.26356253	-0.090012625	0.10566925	-0.16350408	0.21625994	-0.2095537	0.116966	-0.11145065	0.1458102	-0.17715733	0.19327715
0.1257824	-0.08025153	0.10623219	-0.06780778	0.08105871	-0.074983515	0.08136001	-0.06829657	0.11234207	-0.1128659	0.087433375	-0.06827773	0.0797156	-0.15349638	0.1292178	-0.10406083	0.100250356	-0.16649505	0.18865502	-0.23254992	0.10080795	-0.10358706	0.1671559	-0.4326335	1.0	-0.1040004	0.10196025	-0.16509105	0.28267244	-0.7328865	0.08315386	-0.099099554	0.14621013	-0.23696107	0.24765375	-0.11227036	0.10422496	-0.14347948	0.17302717	-0.23981987
-0.16892919	0.10177598	-0.13087079	0.0639064	-0.07798948	0.1073413	-0.11647434	0.07890559	-0.08443077	0.08071385	-0.13487843	0.10344183	-0.09557815	0.10281261	-0.08681508	0.23412552	-0.21592475	0.20415659	-0.11051942	0.11889591	-0.49207777	0.2997246	-0.29863483	0.1163588	-0.1040004	1.0000001	-0.6793119	0.19269405	-0.13253115	0.099232495	-0.19816838	0.20911758	-0.16644855	0.12643367	-0.112530544	0.17810825	-0.17575602	0.16467828	-0.15146181	0.1509084
0.14335313	-0.088613465	0.11254755	-0.057317577	0.06938165	-0.09418047	0.100773595	-0.069921695	0.07854783	-0.07627712	0.11590132	-0.0924125	0.083593294	-0.09857936	0.08156426	-0.22334781	0.20130731	-0.2059682	0.10680265	-0.11582569	0.28715536	-0.44754645	0.2649641	-0.117129564	0.10196025	-0.6793119	1.0	-0.25439918	0.132114	-0.10002447	0.1935809	-0.3119649	0.1809621	-0.13289057	0.113627814	-0.19789238	0.1842143	-0.1834246	0.15068106	-0.15600458
-0.16603938	0.099264234	-0.1309905	0.06760537	-0.08254109	0.097899616	-0.10614941	0.077974856	-0.09407163	0.09063535	-0.11678692	0.089350305	-0.0939989	0.117499955	-0.09908634	0.15014675	-0.14218828	0.18817191	-0.13148725	0.14010288	-0.17087556	0.18486018	-0.36664784	0.18433899	-0.16509105	0.19269405	-0.25439918	0.99999994	-0.28902122	0.16159877	-0.16417962	0.19691405	-0.7073391	0.24871625	-0.21007764	0.18303615	-0.20479177	0.25152898	-0.24194995	0.21537426
0.14676818	-0.09359636	0.12346955	-0.07810559	0.09287803	-0.08814734	0.09551557	-0.07946551	0.12859398	-0.12844601	0.10308752	-0.080679886	0.092732534	-0.1848164	0.1401511	-0.12726817	0.12213804	-0.20295225	0.22551464	-0.23253065	0.124499016	-0.12993883	0.20835541	-0.6552684	0.28267244	-0.13253115	0.132114	-0.28902122	1.0000001	-0.35053575	0.10533606	-0.1274667	0.21177036	-0.3714353	0.24606974	-0.13997512	0.1317854	-0.1837871	0.20749931	-0.24498309
-0.12658183	0.07808562	-0.10433886	0.061399657	-0.0746945	0.07344892	-0.079975605	0.06425208	-0.096250474	0.09286712	-0.085993335	0.0660649	-0.07632667	0.12247494	-0.10926703	0.09670058	-0.09288034	0.14362618	-0.15107971	0.16398205	-0.0973176	0.09890884	-0.16853535	0.26356253	-0.7328865	0.099232495	-0.10002447	0.16159877	-0.35053575	0.99999994	-0.08235609	0.09690264	-0.15552543	0.24410518	-0.4225765	0.10756358	-0.1050091	0.1407326	-0.18940414	0.22605078
0.1106446	-0.065770544	0.08612623	-0.04283606	0.05230416	-0.066071674	0.07122321	-0.050941546	0.05718273	-0.05529248	0.07905233	-0.060635217	0.061502483	-0.07049512	0.059369422	-0.11001184	0.0990491	-0.122532256	0.07484918	-0.08289493	0.12966011	-0.13718486	0.17347193	-0.090012625	0.08315386	-0.19816838	0.1935809	-0.16417962	0.10533606	-0.08235609	1.0000001	-0.63856804	0.16411835	-0.11825192	0.09991314	-0.6402991	0.2902138	-0.21088439	0.15482189	-0.13818663
-0.13240682	0.07819662	-0.102832556	0.050661717	-0.062027104	0.07830313	-0.08483914	0.060350608	-0.06717314	0.06455704	-0.09413109	0.07176024	-0.07314602	0.08214758	-0.069646426	0.12681602	-0.11825578	0.1414357	-0.08770879	0.09625956	-0.15521361	0.16415213	-0.21607715	0.10566925	-0.099099554	0.20911758	-0.3119649	0.19691405	-0.1274667	0.09690264	-0.63856804	1.0	-0.24189286	0.14206423	-0.12126789	0.32359666	-0.49534458	0.24496055	-0.19305085	0.15824793
0.1339369	-0.08088634	0.106252044	-0.05612472	0.06815663	-0.07973292	0.08602438	-0.064064115	0.07938995	-0.07755375	0.09452867	-0.07283119	0.07672018	-0.10112177	0.08408891	-0.124570064	0.11473813	-0.15839249	0.111500934	-0.12221549	0.13542622	-0.14812689	0.23550668	-0.16350408	0.14621013	-0.16644855	0.1809621	-0.7073391	0.21177036	-0.15552543	0.16411835	-0.24189286	0.9999998	-0.3688981	0.20937164	-0.19731848	0.21420166	-0.38027737	0.24234632	-0.2284263
-0.1409801	0.08492799	-0.11296865	0.061421547	-0.07481529	0.08159267	-0.088581994	0.06777575	-0.0896584	0.08676435	-0.09607067	0.07334072	-0.08122395	0.11400161	-0.09659318	0.1119009	-0.10542399	0.15318762	-0.13191801	0.14053677	-0.11786808	0.12121421	-0.20974274	0.21625994	-0.23696107	0.12643367	-0.13289057	0.24871625	-0.3714353	0.24410518	-0.11825192	0.14206423	-0.3688981	0.9999997	-0.62524277	0.1486714	-0.15862131	0.22409537	-0.38943213	0.30056846
0.12639482	-0.07686594	0.101936534	-0.056824397	0.06882973	-0.07360103	0.079723865	-0.06191305	0.08429021	-0.08299521	0.086314745	-0.06622232	0.07375159	-0.10934115	0.09161673	-0.10142322	0.094928704	-0.14266168	0.123779565	-0.13853732	0.10392705	-0.10724931	0.17833665	-0.2095537	0.24765375	-0.112530544	0.113627814	-0.21007764	0.24606974	-0.4225765	0.09991314	-0.12126789	0.20937164	-0.62524277	0.99999994	-0.13300425	0.13163081	-0.19201185	0.26890185	-0.48709923
-0.16712467	0.09654466	-0.12854034	0.06137219	-0.075601235	0.09496475	-0.10329283	0.07335775	-0.07877405	0.07505974	-0.11319985	0.08485355	-0.089594156	0.09440801	-0.08099516	0.13166855	-0.12242063	0.15499711	-0.099093415	0.109419934	-0.15448503	0.15243891	-0.24528679	0.116966	-0.11227036	0.17810825	-0.19789238	0.18303615	-0.13997512	0.10756358	-0.6402991	0.32359666	-0.19731848	0.1486714	-0.13300425	1.0000001	-0.5111952	0.25552443	-0.22908595	0.17689729
0.12721469	-0.075482905	0.099290594	-0.049833	0.060845733	-0.07497798	0.08093488	-0.058576893	0.06706478	-0.065000944	0.08921256	-0.06818108	0.07069531	-0.08300586	0.06994926	-0.11691229	0.10624762	-0.13752843	0.08842167	-0.09822393	0.13219322	-0.1402647	0.19709316	-0.11145065	0.10422496	-0.17575602	0.1842143	-0.20479177	0.1317854	-0.1050091	0.2902138	-0.49534458	0.21420166	-0.15862131	0.13163081	-0.5111952	1.0000001	-0.55082387	0.22946498	-0.19391902
-0.17164822	0.100074604	-0.13331643	0.065629445	-0.08064317	0.09774789	-0.10626064	0.07690613	-0.08695687	0.08332772	-0.116021916	0.087325536	-0.093523875	0.10581376	-0.090565264	0.13371755	-0.12484729	0.16565774	-0.11344416	0.12458652	-0.1502844	0.15195985	-0.26408276	0.1458102	-0.14347948	0.16467828	-0.1834246	0.25152898	-0.1837871	0.1407326	-0.21088439	0.24496055	-0.38027737	0.22409537	-0.19201185	0.25552443	-0.55082387	1.0000001	-0.5001027	0.25630897
0.15100288	-0.090681545	0.11970384	-0.063316844	0.076904505	-0.088199876	0.09515489	-0.07161537	0.089176655	-0.087651595	0.10362792	-0.079346694	0.08574909	-0.113265514	0.09477503	-0.1259438	0.115310386	-0.16601245	0.12242362	-0.13774349	0.13158956	-0.13622494	0.21779872	-0.17715733	0.17302717	-0.15146181	0.15068106	-0.24194995	0.20749931	-0.18940414	0.15482189	-0.19305085	0.24234632	-0.38943213	0.26890185	-0.22908595	0.22946498	-0.5001027	1.0000002	-0.598313
-0.21078458	0.12202556	-0.16422695	0.08147388	-0.10051554	0.11686386	-0.12737122	0.09370556	-0.108858965	0.10369297	-0.13736184	0.10265773	-0.11417714	0.13123997	-0.11483032	0.14150381	-0.13263023	0.18623233	-0.14254655	0.1564903	-0.15007122	0.14952604	-0.2729192	0.19327715	-0.23981987	0.1509084	-0.15600458	0.21537426	-0.24498309	0.22605078	-0.13818663	0.15824793	-0.2284263	0.30056846	-0.48709923	0.17689729	-0.19391902	0.25630897	-0.598313	1.0000002
