1.0000001	-0.7150699	0.13164245	-0.09000277	0.14260162	-0.5991838	0.275757	-0.20165488	0.12011311	-0.08158308	0.10544914	-0.11456519	0.09686811	-0.0657759	0.061854485	-0.0815915	0.09486342	-0.07652781	0.058039006	-0.048455466	0.059932563	-0.067667976	0.065100715	-0.049400784	0.042848382	-0.06440989	0.056965966	-0.06327597	0.046927057	-0.054540064	0.0770401	-0.055893496	0.046016045	-0.042574547	0.02939171	-0.0098694	0.009379197	-0.02402529	0.021290382	-0.036012776
-0.7150699	1.0000001	-0.21469708	0.13537417	-0.22129199	0.328651	-0.44986463	0.24315485	-0.18190478	0.12096287	-0.13400242	0.14716314	-0.13244876	0.09132212	-0.08734924	0.10134016	-0.12902348	0.1022896	-0.08062883	0.06687444	-0.079226695	0.090397246	-0.08847746	0.0674733	-0.059015237	0.083773926	-0.07738612	0.08514195	-0.06413471	0.07398131	-0.10683984	0.075494386	-0.06287139	0.057751756	-0.040021654	0.013462867	-0.01281132	0.032627497	-0.028995339	0.048823986
0.13164245	-0.21469708	1.0	-0.8062757	0.26901945	-0.20697236	0.16697024	-0.3084666	0.22601774	-0.20774686	0.09747779	-0.11394906	0.112029	-0.10164284	0.08795717	-0.088634044	0.1013767	-0.0971497	0.08025566	-0.07096126	0.069832586	-0.08637824	0.08341105	-0.07318284	0.061672978	-0.08065184	0.07240865	-0.08965819	0.067847885	-0.08417805	0.09365766	-0.07489741	0.065039255	-0.06385938	0.044437885	-0.014201313	0.013360436	-0.036597304	0.031912036	-0.05622625
-0.09000277	0.13537417	-0.8062757	1.0	-0.41175914	0.13581751	-0.116526745	0.20890495	-0.299406	0.21793626	-0.06879803	0.08002849	-0.0817572	0.08232592	-0.072615065	0.06186647	-0.072396174	0.069822036	-0.06248679	0.054498833	-0.049159158	0.06091721	-0.0595747	0.05345424	-0.04568405	0.056227937	-0.051222797	0.06299523	-0.04829825	0.05936191	-0.06662596	0.052508757	-0.0459061	0.0447077	-0.031143913	0.009925066	-0.009350914	0.0255129	-0.022323225	0.039126992
0.14260162	-0.22129199	0.26901945	-0.41175914	0.99999994	-0.24466462	0.19642234	-0.38729116	0.32555625	-0.60035264	0.12009898	-0.14103587	0.14114219	-0.13816401	0.11968856	-0.11022542	0.12619294	-0.12320868	0.10513526	-0.094479196	0.08709011	-0.108586594	0.10522193	-0.09472353	0.079831354	-0.100862116	0.09088053	-0.11340298	0.08628994	-0.10737968	0.11696448	-0.09407642	0.08220562	-0.0809064	0.056332324	-0.017897394	0.016831754	-0.0463156	0.040382296	-0.071264215
-0.5991838	0.328651	-0.20697236	0.13581751	-0.24466462	0.99999964	-0.540819	0.26992103	-0.20229383	0.13279028	-0.1865451	0.17824069	-0.15664235	0.10533817	-0.100972176	0.12936749	-0.1554183	0.120813176	-0.093847975	0.07761298	-0.09717368	0.10752137	-0.10453874	0.078555316	-0.06870885	0.10178004	-0.091760315	0.10004046	-0.074925065	0.08616074	-0.1263743	0.08923226	-0.07363246	0.0674526	-0.046668462	0.0157732	-0.015015858	0.03806223	-0.033839468	0.056866433
0.275757	-0.44986463	0.16697024	-0.116526745	0.19642234	-0.540819	0.9999997	-0.55393475	0.18004434	-0.12102031	0.1648906	-0.26088476	0.17118879	-0.104732625	0.09598107	-0.12806132	0.16292736	-0.1302728	0.091649935	-0.07618731	0.092462264	-0.1086294	0.10399846	-0.076918505	0.06640323	-0.09895953	0.08864733	-0.099118814	0.0720927	-0.08371084	0.115775496	-0.0859145	0.070542336	-0.065229535	0.04478273	-0.014954434	0.014209105	-0.036591314	0.032408647	-0.054822423
-0.20165488	0.24315485	-0.3084666	0.20890495	-0.38729116	0.26992103	-0.55393475	0.99999946	-0.39875695	0.22755432	-0.18066807	0.20928317	-0.24840699	0.15650277	-0.14815119	0.14352693	-0.19084848	0.168011	-0.13430709	0.11045943	-0.11597117	0.13789444	-0.13969268	0.108307794	-0.095185205	0.12352784	-0.117819	0.13272926	-0.100908116	0.11639914	-0.16113627	0.11472494	-0.09805759	0.09010086	-0.06253657	0.020721043	-0.019710513	0.050794996	-0.045171846	0.076156884
0.12011311	-0.18190478	0.22601774	-0.299406	0.32555625	-0.20229383	0.18004434	-0.39875695	0.99999994	-0.70427054	0.10641688	-0.1269595	0.13582477	-0.17939873	0.13595085	-0.09595311	0.114193	-0.11482778	0.11147571	-0.09707781	0.07597013	-0.09550892	0.09453892	-0.08859762	0.07606571	-0.08657719	0.07965376	-0.09869815	0.07635957	-0.09364309	0.10239741	-0.08098391	0.07148698	-0.069442235	0.048335325	-0.015238378	0.014364989	-0.039351456	0.03450644	-0.060381703
-0.08158308	0.12096287	-0.20774686	0.21793626	-0.60035264	0.13279028	-0.12102031	0.22755432	-0.70427054	0.9999998	-0.07468886	0.087614976	-0.09590142	0.11864784	-0.11214638	0.06697622	-0.08073649	0.08059911	-0.08278086	0.0728882	-0.05364528	0.06735586	-0.067284234	0.0642015	-0.055966362	0.06081423	-0.05655038	0.06969372	-0.05468708	0.06665591	-0.07323969	0.057264116	-0.050904475	0.049203254	-0.034332216	0.010800294	-0.010189978	0.027848257	-0.024476398	0.042696446
0.10544914	-0.13400242	0.09747779	-0.06879803	0.12009898	-0.1865451	0.1648906	-0.18066807	0.10641688	-0.07468886	0.9999996	-0.48879367	0.2267511	-0.1307619	0.115256734	-0.6722643	0.2873973	-0.20728108	0.12236171	-0.10346323	0.24410965	-0.20534235	0.16894484	-0.11371008	0.09481431	-0.27193853	0.15672858	-0.16738003	0.110838756	-0.13100414	0.1898018	-0.15547791	0.11084198	-0.10445893	0.06992644	-0.024341037	0.023035467	-0.058195576	0.050956853	-0.08698322
-0.11456519	0.14716314	-0.11394906	0.08002849	-0.14103587	0.17824069	-0.26088476	0.20928317	-0.1269595	0.087614976	-0.48879367	0.99999976	-0.47295323	0.1646581	-0.14799888	0.273348	-0.53446054	0.2740794	-0.15526544	0.12329247	-0.18012097	0.21363331	-0.20100743	0.12444149	-0.10683435	0.17866975	-0.16275744	0.17081888	-0.11605296	0.13148484	-0.19050898	0.14595161	-0.114893645	0.10388702	-0.06987568	0.023619018	-0.022500504	0.057154007	-0.050713457	0.08476345
0.09686811	-0.13244876	0.112029	-0.0817572	0.14114219	-0.15664235	0.17118879	-0.24840699	0.13582477	-0.09590142	0.2267511	-0.47295323	0.99999976	-0.31152368	0.2038114	-0.21521904	0.29992852	-0.60506064	0.22162813	-0.18285692	0.15346809	-0.2283147	0.24058704	-0.16878644	0.13955003	-0.17055054	0.16403438	-0.21804494	0.14133555	-0.16690013	0.18277201	-0.15474135	0.13440993	-0.1265216	0.08429587	-0.026291441	0.024880748	-0.06857389	0.060330577	-0.10334038
-0.0657759	0.09132212	-0.10164284	0.08232592	-0.13816401	0.10533817	-0.104732625	0.15650277	-0.17939873	0.11864784	-0.1307619	0.1646581	-0.31152368	0.9999995	-0.6993522	0.11706724	-0.16982448	0.21533741	-0.4741105	0.29888386	-0.09663299	0.13421246	-0.15338136	0.19077735	-0.18354125	0.1045526	-0.10986764	0.13956341	-0.1242409	0.14399406	-0.13379231	0.10304933	-0.10193399	0.094983816	-0.066714056	0.019137364	-0.018184064	0.050969828	-0.04595197	0.07820435
0.061854485	-0.08734924	0.08795717	-0.072615065	0.11968856	-0.100972176	0.09598107	-0.14815119	0.13595085	-0.11214638	0.115256734	-0.14799888	0.2038114	-0.6993522	0.99999946	-0.10931983	0.14656729	-0.1927116	0.31346065	-0.5224059	0.09005155	-0.12858036	0.14154981	-0.22753371	0.20081241	-0.100594185	0.10424354	-0.14094067	0.12898695	-0.16326523	0.124821626	-0.10040845	0.10195865	-0.09900699	0.07008511	-0.01923837	0.01820144	-0.052941833	0.047420356	-0.08312661
-0.0815915	0.10134016	-0.088634044	0.06186647	-0.11022542	0.12936749	-0.12806132	0.14352693	-0.09595311	0.06697622	-0.6722643	0.273348	-0.21521904	0.11706724	-0.10931983	0.99999934	-0.3836763	0.1908423	-0.11633069	0.094903454	-0.44581506	0.207856	-0.17225572	0.10397537	-0.088640414	0.26458058	-0.16640723	0.15507892	-0.10392138	0.11765506	-0.21312544	0.15201536	-0.10581159	0.09555033	-0.064072326	0.023387522	-0.022310922	0.05311232	-0.047015697	0.078202344
0.09486342	-0.12902348	0.1013767	-0.072396174	0.12619294	-0.1554183	0.16292736	-0.19084848	0.114193	-0.08073649	0.2873973	-0.53446054	0.29992852	-0.16982448	0.14656729	-0.3836763	0.99999934	-0.4426094	0.17025541	-0.14098568	0.21187621	-0.38597485	0.25525904	-0.14942485	0.12296377	-0.2255482	0.20747764	-0.22399732	0.13908675	-0.16048342	0.21333133	-0.1901144	0.13869148	-0.12785807	0.08438653	-0.02845225	0.027004614	-0.06970658	0.061313584	-0.1035529
-0.07652781	0.1022896	-0.0971497	0.069822036	-0.12320868	0.120813176	-0.1302728	0.168011	-0.11482778	0.08059911	-0.20728108	0.2740794	-0.60506064	0.21533741	-0.1927116	0.1908423	-0.4426094	0.9999992	-0.30131772	0.1828417	-0.15243056	0.24656782	-0.41632187	0.16989668	-0.14585163	0.156765	-0.17858382	0.22382376	-0.1451433	0.1578864	-0.18880442	0.1527928	-0.14085738	0.1229273	-0.08155134	0.025443954	-0.024240572	0.06560738	-0.05860457	0.097010784
0.058039006	-0.08062883	0.08025566	-0.06248679	0.10513526	-0.093847975	0.091649935	-0.13430709	0.11147571	-0.08278086	0.12236171	-0.15526544	0.22162813	-0.4741105	0.31346065	-0.11633069	0.17025541	-0.30131772	0.99999917	-0.6413804	0.096920036	-0.14598157	0.17165627	-0.33932397	0.25274992	-0.106241666	0.11533163	-0.15815404	0.14884327	-0.18043093	0.1348128	-0.108035445	0.1124699	-0.10768042	0.07580568	-0.02038736	0.019339595	-0.056364086	0.050911937	-0.088045746
-0.048455466	0.06687444	-0.07096126	0.054498833	-0.094479196	0.07761298	-0.07618731	0.11045943	-0.09707781	0.0728882	-0.10346323	0.12329247	-0.18285692	0.29888386	-0.5224059	0.094903454	-0.14098568	0.1828417	-0.6413804	0.99999905	-0.082033254	0.11823452	-0.14273521	0.26551226	-0.38845015	0.088474795	-0.09872562	0.13064611	-0.14130172	0.16727951	-0.11963732	0.09138463	-0.1002803	0.094281755	-0.06848731	0.017712915	-0.016856287	0.049076702	-0.044988878	0.07689185
0.059932563	-0.079226695	0.069832586	-0.049159158	0.08709011	-0.09717368	0.092462264	-0.11597117	0.07597013	-0.05364528	0.24410965	-0.18012097	0.15346809	-0.09663299	0.09005155	-0.44581506	0.21187621	-0.15243056	0.096920036	-0.082033254	0.9999993	-0.28339663	0.1711971	-0.09906808	0.08246073	-0.7441087	0.19515002	-0.16774927	0.10450722	-0.12075678	0.23614764	-0.18796131	0.108763285	-0.100398466	0.066205695	-0.025709288	0.024384964	-0.05593464	0.048971273	-0.08220837
-0.067667976	0.090397246	-0.08637824	0.06091721	-0.108586594	0.10752137	-0.1086294	0.13789444	-0.09550892	0.06735586	-0.20534235	0.21363331	-0.2283147	0.13421246	-0.12858036	0.207856	-0.38597485	0.24656782	-0.14598157	0.11823452	-0.28339663	0.9999993	-0.5244304	0.14848311	-0.12570474	0.23306936	-0.50737953	0.27834758	-0.1607542	0.16651887	-0.3052729	0.26008487	-0.17314756	0.14321253	-0.09286467	0.034037996	-0.03282683	0.076919556	-0.06880177	0.11028123
0.065100715	-0.08847746	0.08341105	-0.0595747	0.10522193	-0.10453874	0.10399846	-0.13969268	0.09453892	-0.067284234	0.16894484	-0.20100743	0.24058704	-0.15338136	0.14154981	-0.17225572	0.25525904	-0.41632187	0.17165627	-0.14273521	0.1711971	-0.5244304	0.9999991	-0.21459837	0.15764664	-0.18248077	0.25636604	-0.5362318	0.19919193	-0.21295078	0.22483163	-0.21189992	0.20464988	-0.1806255	0.11068548	-0.033396762	0.031714857	-0.09184258	0.08067794	-0.1335023
-0.049400784	0.0674733	-0.07318284	0.05345424	-0.09472353	0.078555316	-0.076918505	0.108307794	-0.08859762	0.0642015	-0.11371008	0.12444149	-0.16878644	0.19077735	-0.22753371	0.10397537	-0.14942485	0.16989668	-0.33932397	0.26551226	-0.09906808	0.14848311	-0.21459837	0.9999994	-0.75867385	0.10494656	-0.13121827	0.1831893	-0.29763868	0.26281872	-0.15978007	0.116988294	-0.1544317	0.1441794	-0.104463294	0.024099713	-0.02305157	0.07014611	-0.06647044	0.10955091
0.042848382	-0.059015237	0.061672978	-0.04568405	0.079831354	-0.06870885	0.06640323	-0.095185205	0.07606571	-0.055966362	0.09481431	-0.10683435	0.13955003	-0.18354125	0.20081241	-0.088640414	0.12296377	-0.14585163	0.25274992	-0.38845015	0.08246073	-0.12570474	0.15764664	-0.75867385	0.99999934	-0.089441575	0.108160265	-0.1602853	0.22734362	-0.35959703	0.13028951	-0.09972341	0.13005029	-0.1297162	0.09863294	-0.02116488	0.020133736	-0.063537195	0.059282508	-0.10598999
-0.06440989	0.083773926	-0.08065184	0.056227937	-0.100862116	0.10178004	-0.09895953	0.12352784	-0.08657719	0.06081423	-0.27193853	0.17866975	-0.17055054	0.1045526	-0.100594185	0.26458058	-0.2255482	0.156765	-0.106241666	0.088474795	-0.7441087	0.23306936	-0.18248077	0.10494656	-0.089441575	0.99999934	-0.2556911	0.17401762	-0.11375881	0.12707524	-0.39358032	0.21657205	-0.120656125	0.10717876	-0.07138854	0.030427566	-0.029164068	0.06025301	-0.053334948	0.08723256
0.056965966	-0.07738612	0.07240865	-0.051222797	0.09088053	-0.091760315	0.08864733	-0.117819	0.07965376	-0.05655038	0.15672858	-0.16275744	0.16403438	-0.10986764	0.10424354	-0.16640723	0.20747764	-0.17858382	0.11533163	-0.09872562	0.19515002	-0.50737953	0.25636604	-0.13121827	0.108160265	-0.2556911	0.99999917	-0.34800655	0.15683074	-0.17098553	0.3054124	-0.62368226	0.17624249	-0.15334705	0.09539207	-0.04090679	0.039278444	-0.08202611	0.071825124	-0.116705015
-0.06327597	0.08514195	-0.08965819	0.06299523	-0.11340298	0.10004046	-0.099118814	0.13272926	-0.09869815	0.06969372	-0.16738003	0.17081888	-0.21804494	0.13956341	-0.14094067	0.15507892	-0.22399732	0.22382376	-0.15815404	0.13064611	-0.16774927	0.27834758	-0.5362318	0.1831893	-0.1602853	0.17401762	-0.34800655	0.9999989	-0.3526034	0.24726023	-0.28560355	0.22718428	-0.43397453	0.25077793	-0.14795241	0.04087561	-0.03935339	0.12043031	-0.11086975	0.16268784
0.046927057	-0.06413471	0.067847885	-0.04829825	0.08628994	-0.074925065	0.0720927	-0.100908116	0.07635957	-0.05468708	0.110838756	-0.11605296	0.14133555	-0.1242409	0.12898695	-0.10392138	0.13908675	-0.1451433	0.14884327	-0.14130172	0.10450722	-0.1607542	0.19919193	-0.29763868	0.22734362	-0.11375881	0.15683074	-0.3526034	0.9999989	-0.7035927	0.18085296	-0.14431757	0.26164803	-0.38256598	0.19609876	-0.035969358	0.034075204	-0.12638362	0.119283296	-0.20724133
-0.054540064	0.07398131	-0.08417805	0.05936191	-0.10737968	0.08616074	-0.08371084	0.11639914	-0.09364309	0.06665591	-0.13100414	0.13148484	-0.16690013	0.14399406	-0.16326523	0.11765506	-0.16048342	0.1578864	-0.18043093	0.16727951	-0.12075678	0.16651887	-0.21295078	0.26281872	-0.35959703	0.12707524	-0.17098553	0.24726023	-0.7035927	0.9999989	-0.224253	0.15197387	-0.26294133	0.24863201	-0.24315389	0.036279555	-0.034920614	0.11463757	-0.115088776	0.19772233
0.0770401	-0.10683984	0.09365766	-0.06662596	0.11696448	-0.1263743	0.115775496	-0.16113627	0.10239741	-0.07323969	0.1898018	-0.19050898	0.18277201	-0.13379231	0.124821626	-0.21312544	0.21333133	-0.18880442	0.1348128	-0.11963732	0.23614764	-0.3052729	0.22483163	-0.15978007	0.13028951	-0.39358032	0.3054124	-0.28560355	0.18085296	-0.224253	0.99999845	-0.62310344	0.19436821	-0.19217028	0.12578383	-0.06826428	0.06237556	-0.11184487	0.09555909	-0.16303691
-0.055893496	0.075494386	-0.07489741	0.052508757	-0.09407642	0.08923226	-0.0859145	0.11472494	-0.08098391	0.057264116	-0.15547791	0.14595161	-0.15474135	0.10304933	-0.10040845	0.15201536	-0.1901144	0.1527928	-0.108035445	0.09138463	-0.18796131	0.26008487	-0.21189992	0.116988294	-0.09972341	0.21657205	-0.62368226	0.22718428	-0.14431757	0.15197387	-0.62310344	0.9999987	-0.18511498	0.14324053	-0.09193571	0.054506063	-0.055238925	0.08036844	-0.07177831	0.109963916
0.046016045	-0.06287139	0.065039255	-0.0459061	0.08220562	-0.07363246	0.070542336	-0.09805759	0.07148698	-0.050904475	0.11084198	-0.114893645	0.13440993	-0.10193399	0.10195865	-0.10581159	0.13869148	-0.14085738	0.1124699	-0.1002803	0.108763285	-0.17314756	0.20464988	-0.1544317	0.13005029	-0.120656125	0.17624249	-0.43397453	0.26164803	-0.26294133	0.19436821	-0.18511498	0.99999857	-0.6768742	0.23262379	-0.055125143	0.05163281	-0.24902074	0.1975981	-0.28480235
-0.042574547	0.057751756	-0.06385938	0.0447077	-0.0809064	0.0674526	-0.065229535	0.09010086	-0.069442235	0.049203254	-0.10445893	0.10388702	-0.1265216	0.094983816	-0.09900699	0.09555033	-0.12785807	0.1229273	-0.10768042	0.094281755	-0.100398466	0.14321253	-0.1806255	0.1441794	-0.1297162	0.10717876	-0.15334705	0.25077793	-0.38256598	0.24863201	-0.19217028	0.14324053	-0.6768742	0.99999857	-0.37978497	0.047756962	-0.045914024	0.20151204	-0.24401636	0.2656161
0.02939171	-0.040021654	0.044437885	-0.031143913	0.056332324	-0.046668462	0.04478273	-0.06253657	0.048335325	-0.034332216	0.06992644	-0.06987568	0.08429587	-0.066714056	0.07008511	-0.064072326	0.08438653	-0.08155134	0.07580568	-0.06848731	0.066205695	-0.09286467	0.11068548	-0.104463294	0.09863294	-0.07138854	0.09539207	-0.14795241	0.19609876	-0.24315389	0.12578383	-0.09193571	0.23262379	-0.37978497	0.99999875	-0.039252073	0.03687373	-0.17258492	0.1705575	-0.8318482
-0.0098694	0.013462867	-0.014201313	0.009925066	-0.017897394	0.0157732	-0.014954434	0.020721043	-0.015238378	0.010800294	-0.024341037	0.023619018	-0.026291441	0.019137364	-0.01923837	0.023387522	-0.02845225	0.025443954	-0.02038736	0.017712915	-0.025709288	0.034037996	-0.033396762	0.024099713	-0.02116488	0.030427566	-0.04090679	0.04087561	-0.035969358	0.036279555	-0.06826428	0.054506063	-0.055125143	0.047756962	-0.039252073	0.99999887	-0.98254603	0.10871113	-0.10689815	0.04342772
0.009379197	-0.01281132	0.013360436	-0.009350914	0.016831754	-0.015015858	0.014209105	-0.019710513	0.014364989	-0.010189978	0.023035467	-0.022500504	0.024880748	-0.018184064	0.01820144	-0.022310922	0.027004614	-0.024240572	0.019339595	-0.016856287	0.024384964	-0.03282683	0.031714857	-0.02305157	0.020133736	-0.029164068	0.039278444	-0.03935339	0.034075204	-0.034920614	0.06237556	-0.055238925	0.05163281	-0.045914024	0.03687373	-0.98254603	0.99999857	-0.12310974	0.09814991	-0.041929007
-0.02402529	0.032627497	-0.036597304	0.0255129	-0.0463156	0.03806223	-0.036591314	0.050794996	-0.039351456	0.027848257	-0.058195576	0.057154007	-0.06857389	0.050969828	-0.052941833	0.05311232	-0.06970658	0.06560738	-0.056364086	0.049076702	-0.05593464	0.076919556	-0.09184258	0.07014611	-0.063537195	0.06025301	-0.08202611	0.12043031	-0.12638362	0.11463757	-0.11184487	0.08036844	-0.24902074	0.20151204	-0.17258492	0.10871113	-0.12310974	0.9999987	-0.8992939	0.18049817
0.021290382	-0.028995339	0.031912036	-0.022323225	0.040382296	-0.033839468	0.032408647	-0.045171846	0.03450644	-0.024476398	0.050956853	-0.050713457	0.060330577	-0.04595197	0.047420356	-0.047015697	0.061313584	-0.05860457	0.050911937	-0.044988878	0.048971273	-0.06880177	0.08067794	-0.06647044	0.059282508	-0.053334948	0.071825124	-0.11086975	0.119283296	-0.115088776	0.09555909	-0.07177831	0.1975981	-0.24401636	0.1705575	-0.10689815	0.09814991	-0.8992939	0.99999887	-0.23470347
-0.036012776	0.048823986	-0.05622625	0.039126992	-0.071264215	0.056866433	-0.054822423	0.076156884	-0.060381703	0.042696446	-0.08698322	0.08476345	-0.10334038	0.07820435	-0.08312661	0.078202344	-0.1035529	0.097010784	-0.088045746	0.07689185	-0.08220837	0.11028123	-0.1335023	0.10955091	-0.10598999	0.08723256	-0.116705015	0.16268784	-0.20724133	0.19772233	-0.16303691	0.109963916	-0.28480235	0.2656161	-0.8318482	0.04342772	-0.041929007	0.18049817	-0.23470347	0.99999887
