1.0000001	-0.46748912	0.22357135	-0.15728678	0.1311264	-0.6770987	0.2522904	-0.20579529	0.15386239	-0.1367092	0.26784384	-0.24046919	0.21609573	-0.14022478	0.120929524	-0.27440345	0.19168673	-0.22910511	0.10919103	-0.09918734	0.10721097	-0.14095226	0.12313964	-0.09866812	0.09261432	-0.12956831	0.09326177	-0.08396217	0.07344286	-0.06847143	0.11361614	-0.083115175	0.090672836	-0.06846695	0.053271778	-0.054018512	0.058049433	-0.076045014	0.07779872	-0.11863916
-0.46748912	1.0000002	-0.5699006	0.21274969	-0.1889099	0.25107723	-0.44303146	0.28126088	-0.21632162	0.16447131	-0.19633357	0.25451413	-0.2846445	0.16713901	-0.15078185	0.17595677	-0.17434336	0.1932848	-0.11247224	0.10167957	-0.08440751	0.116514884	-0.11344078	0.095627844	-0.09479129	0.09998286	-0.08216429	0.07481096	-0.06748942	0.060984183	-0.10311192	0.0731268	-0.08188259	0.061832357	-0.04781845	0.047956202	-0.05203596	0.067079976	-0.07039797	0.101718634
0.22357135	-0.5699006	1.0000002	-0.39609608	0.221519	-0.19364798	0.2635242	-0.5333709	0.26541993	-0.2120863	0.14939532	-0.22926264	0.25188738	-0.20077546	0.16562009	-0.15434517	0.14867479	-0.19004516	0.11343943	-0.10686055	0.07535731	-0.10625467	0.10249644	-0.09611108	0.09413626	-0.091707245	0.07385233	-0.06844507	0.06271142	-0.058765147	0.09195484	-0.066502735	0.07418088	-0.0578888	0.045827724	-0.043497015	0.046947654	-0.06192129	0.06435516	-0.09738784
-0.15728678	0.21274969	-0.39609608	1.0000004	-0.6445208	0.12736446	-0.18490766	0.25817338	-0.46746072	0.29094616	-0.11347946	0.1602203	-0.2166641	0.23355217	-0.2360977	0.113740645	-0.119376965	0.14919975	-0.123113506	0.11709452	-0.06131874	0.08814732	-0.09299644	0.09691188	-0.102541655	0.07479724	-0.06421694	0.060872853	-0.05804792	0.054235984	-0.08168415	0.05829885	-0.0663099	0.052891936	-0.042580586	0.03834861	-0.04156036	0.054841176	-0.0579647	0.085838005
0.1311264	-0.1889099	0.221519	-0.6445208	1.0000004	-0.11711224	0.15208045	-0.21517083	0.27987438	-0.5842605	0.10264446	-0.14807181	0.18431789	-0.25923514	0.2429162	-0.108882666	0.11113251	-0.14698729	0.122473046	-0.12604164	0.059311718	-0.08609939	0.089869715	-0.100152396	0.10228693	-0.0735459	0.062124196	-0.05955447	0.057216328	-0.055009622	0.07857381	-0.05685254	0.06439752	-0.052598704	0.042872403	-0.03734815	0.040312655	-0.054109715	0.05667115	-0.08725717
-0.6770987	0.25107723	-0.19364798	0.12736446	-0.11711224	1.0000004	-0.2964851	0.17265442	-0.13779464	0.114253834	-0.5072855	0.22423266	-0.21624173	0.12131843	-0.10884325	0.2569603	-0.19844328	0.19347624	-0.0980807	0.08650753	-0.1011789	0.12752877	-0.11621643	0.086917564	-0.083526485	0.11357544	-0.0873003	0.077216245	-0.067079306	0.059377626	-0.10746285	0.07632232	-0.08438744	0.06168406	-0.046529952	0.049712352	-0.05395098	0.068326935	-0.0711789	0.10133792
0.2522904	-0.44303146	0.2635242	-0.18490766	0.15208045	-0.2964851	1.0000001	-0.3845453	0.20248133	-0.16193072	0.21126619	-0.63116145	0.2959637	-0.1747131	0.14197989	-0.20498213	0.20375447	-0.22988963	0.11462839	-0.104252115	0.09240683	-0.12945831	0.116545096	-0.09929156	0.09488845	-0.109480366	0.08636637	-0.078101836	0.06912444	-0.063241154	0.104917586	-0.07641166	0.084283374	-0.063909255	0.04936286	-0.049461856	0.05343437	-0.06932577	0.071664736	-0.10638268
-0.20579529	0.28126088	-0.5333709	0.25817338	-0.21517083	0.17265442	-0.3845453	0.99999994	-0.48017234	0.21008886	-0.15283346	0.25514778	-0.42700908	0.23181319	-0.19103047	0.14949468	-0.16125357	0.19912481	-0.124595016	0.113781534	-0.07597237	0.107928775	-0.107253335	0.10115235	-0.10127973	0.09102531	-0.076237366	0.07057398	-0.06492792	0.0595741	-0.09504319	0.068202496	-0.07667342	0.05945562	-0.046668366	0.04456726	-0.04828894	0.06298262	-0.065978885	0.09709772
0.15386239	-0.21632162	0.26541993	-0.46746072	0.27987438	-0.13779464	0.20248133	-0.48017234	1.0000001	-0.39184257	0.121940136	-0.19193752	0.25038108	-0.48386422	0.27179372	-0.12743662	0.13319205	-0.17671034	0.14657524	-0.14227171	0.06829308	-0.09902307	0.10255437	-0.11571887	0.11600914	-0.083900265	0.070943624	-0.06772284	0.06461437	-0.061235707	0.088932484	-0.06451975	0.07298594	-0.05928285	0.047797367	-0.04219307	0.045579754	-0.060747996	0.063577235	-0.09665106
-0.1367092	0.16447131	-0.2120863	0.29094616	-0.5842605	0.114253834	-0.16193072	0.21008886	-0.39184257	1.0000001	-0.10740761	0.1489428	-0.21545593	0.29270402	-0.53515786	0.10911275	-0.11895766	0.1508984	-0.1601933	0.16271292	-0.062427677	0.09123952	-0.10185258	0.11925886	-0.13688171	0.07670347	-0.06806864	0.06592912	-0.064879596	0.061337687	-0.086908005	0.062196326	-0.071547545	0.058662888	-0.04835593	0.04087473	-0.044334155	0.05887642	-0.062634975	0.09268243
0.26784384	-0.19633357	0.14939532	-0.11347946	0.10264446	-0.5072855	0.21126619	-0.15283346	0.121940136	-0.10740761	1.0000001	-0.2816489	0.20759232	-0.117062	0.10270062	-0.65799695	0.2567355	-0.26046824	0.10662845	-0.09334034	0.14591256	-0.17046423	0.13305819	-0.096927084	0.08942041	-0.1629047	0.10506434	-0.09085139	0.07530643	-0.06675699	0.12118713	-0.09022003	0.096680306	-0.07009505	0.052114572	-0.057130992	0.06154007	-0.07781351	0.07904438	-0.115055226
-0.24046919	0.25451413	-0.22926264	0.1602203	-0.14807181	0.22423266	-0.63116145	0.25514778	-0.19193752	0.1489428	-0.2816489	0.99999994	-0.50151074	0.17284302	-0.1481352	0.22540323	-0.3165013	0.26026678	-0.12579082	0.109904155	-0.1058325	0.147763	-0.13431	0.10685006	-0.10329786	0.119405426	-0.0998156	0.088274226	-0.07699589	0.06780141	-0.11979629	0.0861818	-0.0957129	0.07056095	-0.053193897	0.055572916	-0.060446545	0.076504864	-0.079740025	0.113241665
0.21609573	-0.2846445	0.25188738	-0.2166641	0.18431789	-0.21624173	0.2959637	-0.42700908	0.25038108	-0.21545593	0.20759232	-0.50151074	1.0000001	-0.31186047	0.2041709	-0.23182255	0.25537983	-0.4369565	0.16886279	-0.15366687	0.11387643	-0.16465737	0.15175481	-0.14265443	0.13288026	-0.1372373	0.11052907	-0.1016717	0.091255784	-0.08492925	0.13375252	-0.09846011	0.108892605	-0.08460444	0.066064104	-0.0636337	0.06860424	-0.09021984	0.092871815	-0.14123262
-0.14022478	0.16713901	-0.20077546	0.23355217	-0.25923514	0.12131843	-0.1747131	0.23181319	-0.48386422	0.29270402	-0.117062	0.17284302	-0.31186047	1.0	-0.6393392	0.120836794	-0.13624564	0.18037938	-0.24743414	0.20561934	-0.06980151	0.102918446	-0.116525605	0.15359592	-0.16699442	0.08571596	-0.07654736	0.075077735	-0.0746731	0.070302665	-0.09624728	0.06986992	-0.080485314	0.0673931	-0.055342663	0.04555903	-0.04936065	0.06583034	-0.06968529	0.10394903
0.120929524	-0.15078185	0.16562009	-0.2360977	0.2429162	-0.10884325	0.14197989	-0.19103047	0.27179372	-0.53515786	0.10270062	-0.1481352	0.2041709	-0.6393392	0.9999999	-0.11026096	0.11995662	-0.16587375	0.2077211	-0.29802835	0.06462127	-0.09619235	0.10831692	-0.15652926	0.1715528	-0.080597	0.07123187	-0.07091525	0.07131321	-0.07042702	0.08943353	-0.06566429	0.07540843	-0.06510075	0.05470824	-0.042789567	0.046199847	-0.06262511	0.06590269	-0.1020881
-0.27440345	0.17595677	-0.15434517	0.113740645	-0.108882666	0.2569603	-0.20498213	0.14949468	-0.12743662	0.10911275	-0.65799695	0.22540323	-0.23182255	0.120836794	-0.11026096	1.0	-0.47793368	0.26438212	-0.118999556	0.09994785	-0.22669414	0.20623808	-0.16513452	0.10664925	-0.100575	0.18724087	-0.1317342	0.10905148	-0.08864772	0.0739913	-0.14994596	0.108075015	-0.11758989	0.08132349	-0.05819509	0.06834697	-0.07456615	0.09023074	-0.09308878	0.12625295
0.19168673	-0.17434336	0.14867479	-0.119376965	0.11113251	-0.19844328	0.20375447	-0.16125357	0.13319205	-0.11895766	0.2567355	-0.3165013	0.25537983	-0.13624564	0.11995662	-0.47793368	1.0000001	-0.6257729	0.15232877	-0.12593532	0.1771977	-0.321505	0.18465002	-0.13345882	0.118121505	-0.18761444	0.15141316	-0.12594976	0.09843836	-0.08311033	0.15687963	-0.12323431	0.1293983	-0.09144988	0.06506869	-0.07417431	0.08043895	-0.09895654	0.09983541	-0.14006601
-0.22910511	0.1932848	-0.19004516	0.14919975	-0.14698729	0.19347624	-0.22988963	0.19912481	-0.17671034	0.1508984	-0.26046824	0.26026678	-0.4369565	0.18037938	-0.16587375	0.26438212	-0.6257729	1.0000001	-0.25817135	0.1700872	-0.15114516	0.21948604	-0.2206728	0.17377308	-0.16222526	0.16364586	-0.15548208	0.13666487	-0.11806849	0.097338475	-0.18101174	0.12998143	-0.14733206	0.106248654	-0.076963484	0.0828415	-0.09092504	0.112126075	-0.1176126	0.1582136
0.10919103	-0.11247224	0.11343943	-0.123113506	0.122473046	-0.0980807	0.11462839	-0.124595016	0.14657524	-0.1601933	0.10662845	-0.12579082	0.16886279	-0.24743414	0.2077211	-0.118999556	0.15232877	-0.25817135	0.9999999	-0.6215308	0.08550871	-0.13693658	0.17992914	-0.5613641	0.32275748	-0.10924484	0.10487835	-0.11651059	0.12498155	-0.11452507	0.12460569	-0.098212816	0.114526995	-0.11448314	0.087841436	-0.061774895	0.06631306	-0.092975914	0.09557555	-0.15235665
-0.09918734	0.10167957	-0.10686055	0.11709452	-0.12604164	0.08650753	-0.104252115	0.113781534	-0.14227171	0.16271292	-0.09334034	0.109904155	-0.15366687	0.20561934	-0.29802835	0.09994785	-0.12593532	0.1700872	-0.6215308	0.9999998	-0.071841605	0.11219836	-0.1557409	0.31364322	-0.59310895	0.09066943	-0.09015097	0.096801564	-0.10847919	0.113856666	-0.11263744	0.084171504	-0.100617975	0.09516756	-0.09100511	0.054120984	-0.05869577	0.08052749	-0.08693245	0.13183433
0.10721097	-0.08440751	0.07535731	-0.06131874	0.059311718	-0.1011789	0.09240683	-0.07597237	0.06829308	-0.062427677	0.14591256	-0.1058325	0.11387643	-0.06980151	0.06462127	-0.22669414	0.1771977	-0.15114516	0.08550871	-0.071841605	0.99999964	-0.4962767	0.19716318	-0.08988278	0.08160853	-0.7651249	0.19597644	-0.14245093	0.094704114	-0.07397032	0.18220767	-0.14644879	0.14185625	-0.089126185	0.05807604	-0.084056385	0.08980041	-0.10159225	0.098575115	-0.13011463
-0.14095226	0.116514884	-0.10625467	0.08814732	-0.08609939	0.12752877	-0.12945831	0.107928775	-0.09902307	0.09123952	-0.17046423	0.147763	-0.16465737	0.102918446	-0.09619235	0.20623808	-0.321505	0.21948604	-0.13693658	0.11219836	-0.4962767	0.9999999	-0.39981467	0.14707504	-0.13306177	0.30666342	-0.43757334	0.24926129	-0.15882777	0.1151059	-0.2909109	0.2405183	-0.24976875	0.14628541	-0.091006465	0.13206461	-0.14841256	0.16059586	-0.15865956	0.19832298
0.12313964	-0.11344078	0.10249644	-0.09299644	0.089869715	-0.11621643	0.116545096	-0.107253335	0.10255437	-0.10185258	0.13305819	-0.13431	0.15175481	-0.116525605	0.10831692	-0.16513452	0.18465002	-0.2206728	0.17992914	-0.1557409	0.19716318	-0.39981467	0.9999997	-0.28907067	0.18737605	-0.27406037	0.2877165	-0.56424767	0.20375098	-0.17707326	0.251164	-0.26511368	0.2846363	-0.21150218	0.13468812	-0.14226665	0.14759845	-0.21773	0.18844837	-0.3098332
-0.09866812	0.095627844	-0.09611108	0.09691188	-0.100152396	0.086917564	-0.09929156	0.10115235	-0.11571887	0.11925886	-0.096927084	0.10685006	-0.14265443	0.15359592	-0.15652926	0.10664925	-0.13345882	0.17377308	-0.5613641	0.31364322	-0.08988278	0.14707504	-0.28907067	0.9999997	-0.6328217	0.115612246	-0.12479616	0.14844236	-0.19008835	0.14088517	-0.14380208	0.11590577	-0.143281	0.147399	-0.11286131	0.07131081	-0.07705426	0.10752104	-0.112871	0.16887398
0.09261432	-0.09479129	0.09413626	-0.102541655	0.10228693	-0.083526485	0.09488845	-0.10127973	0.11600914	-0.13688171	0.08942041	-0.10329786	0.13288026	-0.16699442	0.1715528	-0.100575	0.118121505	-0.16222526	0.32275748	-0.59310895	0.08160853	-0.13306177	0.18737605	-0.6328217	0.9999996	-0.107526734	0.10686715	-0.12341604	0.14160447	-0.18822452	0.13146466	-0.10283964	0.121866316	-0.13001086	0.12803978	-0.06532908	0.07016561	-0.100700624	0.106447265	-0.18095364
-0.12956831	0.09998286	-0.091707245	0.07479724	-0.0735459	0.11357544	-0.109480366	0.09102531	-0.083900265	0.07670347	-0.1629047	0.119405426	-0.1372373	0.08571596	-0.080597	0.18724087	-0.18761444	0.16364586	-0.10924484	0.09066943	-0.7651249	0.30666342	-0.27406037	0.115612246	-0.107526734	0.9999998	-0.26329464	0.18007013	-0.12915216	0.09599079	-0.28417772	0.18518957	-0.19535336	0.11822074	-0.075973645	0.11594789	-0.12687466	0.13578428	-0.13655631	0.16765423
0.09326177	-0.08216429	0.07385233	-0.06421694	0.062124196	-0.0873003	0.08636637	-0.076237366	0.070943624	-0.06806864	0.10506434	-0.0998156	0.11052907	-0.07654736	0.07123187	-0.1317342	0.15141316	-0.15548208	0.10487835	-0.09015097	0.19597644	-0.43757334	0.2877165	-0.12479616	0.10686715	-0.26329464	0.9999995	-0.50041217	0.16304931	-0.11805745	0.2559102	-0.562303	0.29916424	-0.16659126	0.09202641	-0.15590136	0.16479738	-0.17818001	0.15296854	-0.20931348
-0.08396217	0.07481096	-0.06844507	0.060872853	-0.05955447	0.077216245	-0.078101836	0.07057398	-0.06772284	0.06592912	-0.09085139	0.088274226	-0.1016717	0.075077735	-0.07091525	0.10905148	-0.12594976	0.13666487	-0.11651059	0.096801564	-0.14245093	0.24926129	-0.56424767	0.14844236	-0.12341604	0.18007013	-0.50041217	0.9999995	-0.22984208	0.12361727	-0.22886778	0.28500473	-0.50590444	0.20285486	-0.097543	0.12607402	-0.13894959	0.17693846	-0.15826106	0.20604417
0.07344286	-0.06748942	0.06271142	-0.05804792	0.057216328	-0.067079306	0.06912444	-0.06492792	0.06461437	-0.064879596	0.07530643	-0.07699589	0.091255784	-0.0746731	0.07131321	-0.08864772	0.09843836	-0.11806849	0.12498155	-0.10847919	0.094704114	-0.15882777	0.20375098	-0.19008835	0.14160447	-0.12915216	0.16304931	-0.22984208	0.9999995	-0.23245662	0.1843168	-0.1815936	0.24687903	-0.8254608	0.17128877	-0.102508254	0.10856954	-0.17488606	0.1731849	-0.2616477
-0.06847143	0.060984183	-0.058765147	0.054235984	-0.055009622	0.059377626	-0.063241154	0.0595741	-0.061235707	0.061337687	-0.06675699	0.06780141	-0.08492925	0.070302665	-0.07042702	0.0739913	-0.08311033	0.097338475	-0.11452507	0.113856666	-0.07397032	0.1151059	-0.17707326	0.14088517	-0.18822452	0.09599079	-0.11805745	0.12361727	-0.23245662	0.9999993	-0.2045522	0.12155762	-0.16170028	0.17933726	-0.8284164	0.08799331	-0.09922724	0.13533764	-0.19377993	0.28530577
0.11361614	-0.10311192	0.09195484	-0.08168415	0.07857381	-0.10746285	0.104917586	-0.09504319	0.088932484	-0.086908005	0.12118713	-0.11979629	0.13375252	-0.09624728	0.08943353	-0.14994596	0.15687963	-0.18101174	0.12460569	-0.11263744	0.18220767	-0.2909109	0.251164	-0.14380208	0.13146466	-0.28417772	0.2559102	-0.22886778	0.1843168	-0.2045522	0.9999995	-0.42508674	0.2684733	-0.1941687	0.15567027	-0.4227552	0.27951708	-0.31062317	0.2398912	-0.41367453
-0.083115175	0.0731268	-0.066502735	0.05829885	-0.05685254	0.07632232	-0.07641166	0.068202496	-0.06451975	0.062196326	-0.09022003	0.0861818	-0.09846011	0.06986992	-0.06566429	0.108075015	-0.12323431	0.12998143	-0.098212816	0.084171504	-0.14644879	0.2405183	-0.26511368	0.11590577	-0.10283964	0.18518957	-0.562303	0.28500473	-0.1815936	0.12155762	-0.42508674	0.9999994	-0.5099533	0.18017599	-0.09604439	0.21650961	-0.2927552	0.20458806	-0.17754838	0.21700461
0.090672836	-0.08188259	0.07418088	-0.0663099	0.06439752	-0.08438744	0.084283374	-0.07667342	0.07298594	-0.071547545	0.096680306	-0.0957129	0.108892605	-0.080485314	0.07540843	-0.11758989	0.1293983	-0.14733206	0.114526995	-0.100617975	0.14185625	-0.24976875	0.2846363	-0.143281	0.121866316	-0.19535336	0.29916424	-0.50590444	0.24687903	-0.16170028	0.2684733	-0.5099533	0.99999946	-0.35287848	0.12720026	-0.17362602	0.18202384	-0.30326	0.21632907	-0.2815905
-0.06846695	0.061832357	-0.0578888	0.052891936	-0.052598704	0.06168406	-0.063909255	0.05945562	-0.05928285	0.058662888	-0.07009505	0.07056095	-0.08460444	0.0673931	-0.06510075	0.08132349	-0.09144988	0.106248654	-0.11448314	0.09516756	-0.089126185	0.14628541	-0.21150218	0.147399	-0.13001086	0.11822074	-0.16659126	0.20285486	-0.8254608	0.17933726	-0.1941687	0.18017599	-0.35287848	0.99999934	-0.17243332	0.10163051	-0.111779325	0.17014197	-0.19492616	0.21549143
0.053271778	-0.04781845	0.045827724	-0.042580586	0.042872403	-0.046529952	0.04936286	-0.046668366	0.047797367	-0.04835593	0.052114572	-0.053193897	0.066064104	-0.055342663	0.05470824	-0.05819509	0.06506869	-0.076963484	0.087841436	-0.09100511	0.05807604	-0.091006465	0.13468812	-0.11286131	0.12803978	-0.075973645	0.09202641	-0.097543	0.17128877	-0.8284164	0.15567027	-0.09604439	0.12720026	-0.17243332	0.999999	-0.06864317	0.07683601	-0.10888174	0.15100914	-0.44130608
-0.054018512	0.047956202	-0.043497015	0.03834861	-0.03734815	0.049712352	-0.049461856	0.04456726	-0.04219307	0.04087473	-0.057130992	0.055572916	-0.0636337	0.04555903	-0.042789567	0.06834697	-0.07417431	0.0828415	-0.061774895	0.054120984	-0.084056385	0.13206461	-0.14226665	0.07131081	-0.06532908	0.11594789	-0.15590136	0.12607402	-0.102508254	0.08799331	-0.4227552	0.21650961	-0.17362602	0.10163051	-0.06864317	0.999999	-0.8290471	0.1997575	-0.17838436	0.16935195
0.058049433	-0.05203596	0.046947654	-0.04156036	0.040312655	-0.05395098	0.05343437	-0.04828894	0.045579754	-0.044334155	0.06154007	-0.060446545	0.06860424	-0.04936065	0.046199847	-0.07456615	0.08043895	-0.09092504	0.06631306	-0.05869577	0.08980041	-0.14841256	0.14759845	-0.07705426	0.07016561	-0.12687466	0.16479738	-0.13894959	0.10856954	-0.09922724	0.27951708	-0.2927552	0.18202384	-0.111779325	0.07683601	-0.8290471	0.99999887	-0.27925146	0.18426739	-0.1934788
-0.076045014	0.067079976	-0.06192129	0.054841176	-0.054109715	0.068326935	-0.06932577	0.06298262	-0.060747996	0.05887642	-0.07781351	0.076504864	-0.09021984	0.06583034	-0.06262511	0.09023074	-0.09895654	0.112126075	-0.092975914	0.08052749	-0.10159225	0.16059586	-0.21773	0.10752104	-0.100700624	0.13578428	-0.17818001	0.17693846	-0.17488606	0.13533764	-0.31062317	0.20458806	-0.30326	0.17014197	-0.10888174	0.1997575	-0.27925146	0.9999992	-0.76958734	0.26144275
0.07779872	-0.07039797	0.06435516	-0.0579647	0.05667115	-0.0711789	0.071664736	-0.065978885	0.063577235	-0.062634975	0.07904438	-0.079740025	0.092871815	-0.06968529	0.06590269	-0.09308878	0.09983541	-0.1176126	0.09557555	-0.08693245	0.098575115	-0.15865956	0.18844837	-0.112871	0.106447265	-0.13655631	0.15296854	-0.15826106	0.1731849	-0.19377993	0.2398912	-0.17754838	0.21632907	-0.19492616	0.15100914	-0.17838436	0.18426739	-0.76958734	0.99999917	-0.42262825
-0.11863916	0.101718634	-0.09738784	0.085838005	-0.08725717	0.10133792	-0.10638268	0.09709772	-0.09665106	0.09268243	-0.115055226	0.113241665	-0.14123262	0.10394903	-0.1020881	0.12625295	-0.14006601	0.1582136	-0.15235665	0.13183433	-0.13011463	0.19832298	-0.3098332	0.16887398	-0.18095364	0.16765423	-0.20931348	0.20604417	-0.2616477	0.28530577	-0.41367453	0.21700461	-0.2815905	0.21549143	-0.44130608	0.16935195	-0.1934788	0.26144275	-0.42262825	0.99999917
