1.0	-0.87629837	0.23470004	-0.1536819	0.11892439	-0.1730978	0.15953532	-0.16247271	0.12097582	-0.15695567	0.11100435	-0.107338496	0.14586447	-0.1981589	0.09651378	-0.099549085	0.08652012	-0.0382171	0.035844695	-0.108084224	0.047624078	-0.056024	0.031892084	-0.03529572	0.058462083	-0.022535888	0.025413407	-0.030292263	0.03130077	-0.077071846	0.016531104	-0.015922805	0.016446078	-0.018691007	0.020130761	-0.013820225	0.0121827815	-0.019277612	0.014832331	-0.021908877
-0.87629837	0.99999976	-0.32415044	0.1300653	-0.10495222	0.14747334	-0.18373969	0.15248187	-0.102256246	0.12282299	-0.105811074	0.10013768	-0.14584143	0.15304609	-0.076041855	0.086510696	-0.08167872	0.029780107	-0.027811375	0.080860175	-0.04087427	0.04718099	-0.025118968	0.027383782	-0.04438555	0.017644117	-0.019907964	0.023431765	-0.024279008	0.057267122	-0.012878506	0.0123290485	-0.012674424	0.01432799	-0.015139972	0.010679281	-0.009418931	0.014747524	-0.011336482	0.016428705
0.23470004	-0.32415044	0.9999994	-0.40883368	0.2365306	-0.111167856	0.11715504	-0.5496877	0.25384086	-0.29769468	0.0922592	-0.09081437	0.30459636	-0.38329428	0.16220675	-0.08374316	0.076956876	-0.05464676	0.053375818	-0.17676373	0.04701922	-0.054297827	0.043879565	-0.050879516	0.0908338	-0.030106412	0.03444373	-0.042696115	0.044365056	-0.119313575	0.022587942	-0.022062259	0.023193682	-0.02665105	0.03022136	-0.019190269	0.016962966	-0.027515158	0.021332609	-0.032948386
-0.1536819	0.1300653	-0.40883368	0.9999995	-0.58037776	0.061910268	-0.06716578	0.20069501	-0.5601755	0.32726794	-0.059236538	0.055151664	-0.23865981	0.28355128	-0.13588388	0.05120456	-0.049681213	0.036298614	-0.036372058	0.117639296	-0.030375872	0.03428589	-0.029387018	0.033969164	-0.06292003	0.019746711	-0.02289748	0.028162556	-0.029645149	0.0765479	-0.014900298	0.014497012	-0.015263482	0.01743793	-0.019598674	0.012577296	-0.011151299	0.01793205	-0.013944331	0.021213016
0.11892439	-0.10495222	0.2365306	-0.58037776	0.99999934	-0.054342404	0.05739644	-0.16425987	0.3148188	-0.6768106	0.05259865	-0.048368234	0.18379943	-0.3031385	0.13786443	-0.047383647	0.044593684	-0.039900247	0.039846037	-0.13372722	0.02981884	-0.033864584	0.03188413	-0.03737642	0.06941562	-0.021545136	0.024913954	-0.031062588	0.032532416	-0.087705754	0.016315054	-0.015966514	0.016875686	-0.019391067	0.022175316	-0.01388037	0.012295716	-0.019988632	0.015548252	-0.024101427
-0.1730978	0.14747334	-0.111167856	0.061910268	-0.054342404	0.99999917	-0.7597855	0.101968944	-0.053942874	0.06283182	-0.48980418	0.28512967	-0.10653768	0.08260483	-0.045620173	0.21772218	-0.23530343	0.031662185	-0.026406506	0.047394335	-0.0859333	0.09543829	-0.029251682	0.027705826	-0.029756138	0.020570904	-0.022477593	0.02377769	-0.024376843	0.036359824	-0.014064076	0.012805128	-0.012422248	0.013442156	-0.01127927	0.010946118	-0.00960816	0.013678518	-0.010276661	0.012036202
0.15953532	-0.18373969	0.11715504	-0.06716578	0.05739644	-0.7597855	0.9999992	-0.12580307	0.05827655	-0.06802855	0.29673338	-0.45462143	0.114538945	-0.0906316	0.048609756	-0.24431716	0.22458503	-0.033935875	0.028114151	-0.051079076	0.08938169	-0.10607438	0.031355236	-0.029840777	0.031749964	-0.021975994	0.023893304	-0.025488174	0.025961127	-0.03905781	0.01496293	-0.013665064	0.013238869	-0.014355562	0.012050799	-0.011688323	0.010243234	-0.014615312	0.0109676495	-0.0128764
-0.16247271	0.15248187	-0.5496877	0.20069501	-0.16425987	0.101968944	-0.12580307	0.99999934	-0.20159526	0.18058014	-0.08749874	0.092867665	-0.71985334	0.25617084	-0.11027848	0.07285837	-0.07371714	0.03579779	-0.034719165	0.10787697	-0.03718509	0.04250996	-0.029165393	0.03294513	-0.056533713	0.019634975	-0.022457223	0.027349096	-0.028521108	0.071552925	-0.014588096	0.01411294	-0.01471765	0.01677159	-0.018444577	0.012235	-0.010820387	0.017253352	-0.013355699	0.020015288
0.12097582	-0.102256246	0.25384086	-0.5601755	0.3148188	-0.053942874	0.05827655	-0.20159526	0.9999993	-0.52198654	0.052141987	-0.048957594	0.22106805	-0.52495295	0.14931251	-0.045489088	0.04410147	-0.038180288	0.03911584	-0.12912016	0.028000677	-0.031568214	0.030122517	-0.035657234	0.06413742	-0.019230759	0.022386063	-0.028251208	0.02971762	-0.07788253	0.0145617295	-0.01422125	0.0150469495	-0.017255139	0.019645646	-0.012323502	0.010938839	-0.017710382	0.01381864	-0.021267384
-0.15695567	0.12282299	-0.29769468	0.32726794	-0.6768106	0.06283182	-0.06802855	0.18058014	-0.52198654	0.9999991	-0.062804475	0.056970514	-0.2407668	0.2783999	-0.15744476	0.05392439	-0.05262196	0.039306518	-0.03960903	0.12691139	-0.03285207	0.036809526	-0.032069303	0.03691422	-0.069988295	0.021627447	-0.025196364	0.030768074	-0.032553285	0.082795955	-0.016357174	0.015888073	-0.016730752	0.019065443	-0.021336013	0.013776173	-0.012225989	0.019586237	-0.015240216	0.02303016
0.11100435	-0.105811074	0.0922592	-0.059236538	0.05259865	-0.48980418	0.29673338	-0.08749874	0.052141987	-0.062804475	0.99999917	-0.5379201	0.09781081	-0.08415412	0.05079662	-0.53229654	0.30932444	-0.04830713	0.03819721	-0.0538684	0.1558431	-0.18690924	0.046611052	-0.042565048	0.03682372	-0.033187605	0.03545074	-0.036503512	0.036734797	-0.044181123	0.021993317	-0.019759327	0.01868233	-0.019937538	0.014977421	-0.016826471	0.014696565	-0.020228418	0.015006418	-0.015882088
-0.107338496	0.10013768	-0.09081437	0.055151664	-0.048368234	0.28512967	-0.45462143	0.092867665	-0.048957594	0.056970514	-0.5379201	0.9999993	-0.11404878	0.07854187	-0.044331674	0.3021665	-0.5958802	0.03936437	-0.031626232	0.046173867	-0.11469834	0.12677065	-0.036366794	0.032886695	-0.030237667	0.024329327	-0.026416276	0.02769806	-0.028312432	0.036276277	-0.016372116	0.014732358	-0.014101565	0.015104993	-0.0118264705	0.012532262	-0.010994354	0.015289739	-0.011436879	0.012549932
0.14586447	-0.14584143	0.30459636	-0.23865981	0.18379943	-0.10653768	0.114538945	-0.71985334	0.22106805	-0.2407668	0.09781081	-0.11404878	0.99999917	-0.44995385	0.15441352	-0.08591592	0.08498831	-0.050845027	0.049693614	-0.16087292	0.045684934	-0.052556492	0.040549893	-0.04677527	0.08068488	-0.02689209	0.030795677	-0.03829111	0.039831672	-0.10429345	0.020099925	-0.019572685	0.0205366	-0.023544801	0.026457231	-0.016988782	0.0150265945	-0.024247319	0.018810881	-0.028789407
-0.1981589	0.15304609	-0.38329428	0.28355128	-0.3031385	0.08260483	-0.0906316	0.25617084	-0.52495295	0.2783999	-0.08415412	0.07854187	-0.44995385	0.9999992	-0.33798516	0.07138882	-0.07146201	0.0628214	-0.067415506	0.20987493	-0.044737916	0.049878463	-0.04974503	0.05889204	-0.1069409	0.030639281	-0.036004167	0.04550767	-0.048293747	0.12208271	-0.023272702	0.022678232	-0.024027161	0.027449826	-0.031021714	0.019606518	-0.01744191	0.028067378	-0.02195762	0.0333912
0.09651378	-0.076041855	0.16220675	-0.13588388	0.13786443	-0.045620173	0.048609756	-0.11027848	0.14931251	-0.15744476	0.05079662	-0.044331674	0.15441352	-0.33798516	0.9999989	-0.048669055	0.046229053	-0.12039476	0.12684569	-0.79835147	0.04616846	-0.05144773	0.088997245	-0.11385198	0.22735904	-0.049316704	0.05806172	-0.08312572	0.08678483	-0.28065005	0.03818233	-0.038166314	0.04179431	-0.049325243	0.06334124	-0.032862913	0.029408285	-0.05042888	0.040221933	-0.06893071
-0.099549085	0.086510696	-0.08374316	0.05120456	-0.047383647	0.21772218	-0.24431716	0.07285837	-0.045489088	0.05392439	-0.53229654	0.3021665	-0.08591592	0.07138882	-0.048669055	0.9999993	-0.6467734	0.057099093	-0.044895463	0.050281268	-0.31408948	0.22909237	-0.056546196	0.049003754	-0.037383653	0.042022828	-0.044546753	0.042400505	-0.04336462	0.043032363	-0.027445659	0.02365469	-0.021958778	0.022855733	-0.015738245	0.019918168	-0.017518293	0.02306728	-0.017074704	0.016499558
0.08652012	-0.08167872	0.076956876	-0.049681213	0.044593684	-0.23530343	0.22458503	-0.07371714	0.04410147	-0.05262196	0.30932444	-0.5958802	0.08498831	-0.07146201	0.046229053	-0.6467734	0.9999992	-0.059384335	0.04450046	-0.048842303	0.18288411	-0.22637817	0.05476404	-0.04766356	0.035102934	-0.035395306	0.03784091	-0.03941945	0.039680183	-0.04100992	0.023184022	-0.020626618	0.019328559	-0.020462094	0.014432876	-0.01744752	0.015256942	-0.020591002	0.015269928	-0.015201469
-0.0382171	0.029780107	-0.05464676	0.036298614	-0.039900247	0.031662185	-0.033935875	0.03579779	-0.038180288	0.039306518	-0.04830713	0.03936437	-0.050845027	0.0628214	-0.12039476	0.057099093	-0.059384335	0.9999993	-0.6728185	0.12541829	-0.10453886	0.10710884	-0.59415925	0.3305129	-0.10880345	0.06865996	-0.09284873	0.1862927	-0.21112096	0.09955967	-0.050168674	0.049043264	-0.052251704	0.058277365	-0.036128215	0.039581627	-0.03580449	0.051357377	-0.042117514	0.036632556
0.035844695	-0.027811375	0.053375818	-0.036372058	0.039846037	-0.026406506	0.028114151	-0.034719165	0.03911584	-0.03960903	0.03819721	-0.031626232	0.049693614	-0.067415506	0.12684569	-0.044895463	0.04450046	-0.6728185	0.999999	-0.16856581	0.074425064	-0.08231319	0.31755936	-0.6170811	0.11552911	-0.06034422	0.07626897	-0.1670474	0.16752267	-0.1091095	0.042970058	-0.042845998	0.044726342	-0.051420674	0.034677085	-0.035030358	0.031166911	-0.04615895	0.036991727	-0.035777718
-0.108084224	0.080860175	-0.17676373	0.117639296	-0.13372722	0.047394335	-0.051079076	0.10787697	-0.12912016	0.12691139	-0.0538684	0.046173867	-0.16087292	0.20987493	-0.79835147	0.050281268	-0.048842303	0.12541829	-0.16856581	0.99999887	-0.048974518	0.053101324	-0.09984332	0.12388975	-0.3563046	0.047833186	-0.058433913	0.08303703	-0.091432795	0.24339956	-0.037311386	0.03684084	-0.040473133	0.046785023	-0.057820387	0.031403217	-0.028344033	0.04690481	-0.03786501	0.06045654
0.047624078	-0.04087427	0.04701922	-0.030375872	0.02981884	-0.0859333	0.08938169	-0.03718509	0.028000677	-0.03285207	0.1558431	-0.11469834	0.045684934	-0.044737916	0.04616846	-0.31408948	0.18288411	-0.10453886	0.074425064	-0.048974518	0.99999887	-0.89172935	0.1190891	-0.09888345	0.0464439	-0.094170764	0.08799177	-0.08083063	0.07743901	-0.05046027	0.054559465	-0.044918004	0.03926547	-0.03981214	0.022334967	-0.037173804	0.0324286	-0.040051125	0.028997496	-0.023108613
-0.056024	0.04718099	-0.054297827	0.03428589	-0.033864584	0.09543829	-0.10607438	0.04250996	-0.031568214	0.036809526	-0.18690924	0.12677065	-0.052556492	0.049878463	-0.05144773	0.22909237	-0.22637817	0.10710884	-0.08231319	0.053101324	-0.89172935	0.9999989	-0.1505699	0.1026136	-0.050968032	0.08754539	-0.096512794	0.08565986	-0.08679003	0.053822447	-0.056081228	0.04624137	-0.041412164	0.041641656	-0.023758566	0.037963606	-0.03368743	0.04141215	-0.030542638	0.024413142
0.031892084	-0.025118968	0.043879565	-0.029387018	0.03188413	-0.029251682	0.031355236	-0.029165393	0.030122517	-0.032069303	0.046611052	-0.036366794	0.040549893	-0.04974503	0.088997245	-0.056546196	0.05476404	-0.59415925	0.31755936	-0.09984332	0.1190891	-0.1505699	0.999999	-0.6171856	0.10478609	-0.0814005	0.10603334	-0.3227139	0.234636	-0.10364855	0.056218233	-0.0561381	0.05765396	-0.06566215	0.037919503	-0.04494035	0.03992828	-0.057528984	0.04631106	-0.038747653
-0.03529572	0.027383782	-0.050879516	0.033969164	-0.03737642	0.027705826	-0.029840777	0.03294513	-0.035657234	0.03691422	-0.042565048	0.032886695	-0.04677527	0.05889204	-0.11385198	0.049003754	-0.04766356	0.3305129	-0.6170811	0.12388975	-0.09888345	0.1026136	-0.6171856	0.9999989	-0.14233166	0.07384717	-0.09791081	0.21504349	-0.27552363	0.120556615	-0.05349908	0.05309987	-0.057108074	0.06573635	-0.040667657	0.042618535	-0.038421404	0.05642897	-0.046865642	0.041338354
0.058462083	-0.04438555	0.0908338	-0.06292003	0.06941562	-0.029756138	0.031749964	-0.056533713	0.06413742	-0.069988295	0.03682372	-0.030237667	0.08068488	-0.1069409	0.22735904	-0.037383653	0.035102934	-0.10880345	0.11552911	-0.3563046	0.0464439	-0.050968032	0.10478609	-0.14233166	0.9999992	-0.065542385	0.07812074	-0.116165996	0.12661909	-0.84607846	0.053157717	-0.054038826	0.06259074	-0.077523135	0.13189875	-0.045964766	0.041999336	-0.07818297	0.06585544	-0.1415177
-0.022535888	0.017644117	-0.030106412	0.019746711	-0.021545136	0.020570904	-0.021975994	0.019634975	-0.019230759	0.021627447	-0.033187605	0.024329327	-0.02689209	0.030639281	-0.049316704	0.042022828	-0.035395306	0.06865996	-0.06034422	0.047833186	-0.094170764	0.08754539	-0.0814005	0.07384717	-0.065542385	0.9999992	-0.69385105	0.16776292	-0.18642096	0.06934342	-0.56070733	0.26557842	-0.19938469	0.16082567	-0.06636576	0.2068731	-0.19338135	0.16864972	-0.11786005	0.06648257
0.025413407	-0.019907964	0.03444373	-0.02289748	0.024913954	-0.022477593	0.023893304	-0.022457223	0.022386063	-0.025196364	0.03545074	-0.026416276	0.030795677	-0.036004167	0.05806172	-0.044546753	0.03784091	-0.09284873	0.07626897	-0.058433913	0.08799177	-0.096512794	0.10603334	-0.09791081	0.07812074	-0.69385105	0.99999934	-0.29110175	0.21442278	-0.08722114	0.30334884	-0.36941707	0.22016944	-0.22543195	0.083566725	-0.2530409	0.20004569	-0.2401667	0.15038615	-0.08771131
-0.030292263	0.023431765	-0.042696115	0.028162556	-0.031062588	0.02377769	-0.025488174	0.027349096	-0.028251208	0.030768074	-0.036503512	0.02769806	-0.03829111	0.04550767	-0.08312572	0.042400505	-0.03941945	0.1862927	-0.1670474	0.08303703	-0.08083063	0.08565986	-0.3227139	0.21504349	-0.116165996	0.16776292	-0.29110175	0.99999905	-0.8136295	0.11859735	-0.11877356	0.120788895	-0.12946346	0.1442139	-0.064551406	0.092269	-0.083761215	0.116809174	-0.09992605	0.06352728
0.03130077	-0.024279008	0.044365056	-0.029645149	0.032532416	-0.024376843	0.025961127	-0.028521108	0.02971762	-0.032553285	0.036734797	-0.028312432	0.039831672	-0.048293747	0.08678483	-0.04336462	0.039680183	-0.21112096	0.16752267	-0.091432795	0.07743901	-0.08679003	0.234636	-0.27552363	0.12661909	-0.18642096	0.21442278	-0.8136295	0.99999934	-0.15326385	0.1244106	-0.13373865	0.13959034	-0.19919011	0.07538158	-0.10572702	0.091988504	-0.14275236	0.11651462	-0.076495945
-0.077071846	0.057267122	-0.119313575	0.0765479	-0.087705754	0.036359824	-0.03905781	0.071552925	-0.07788253	0.082795955	-0.044181123	0.036276277	-0.10429345	0.12208271	-0.28065005	0.043032363	-0.04100992	0.09955967	-0.1091095	0.24339956	-0.05046027	0.053822447	-0.10364855	0.120556615	-0.84607846	0.06934342	-0.08722114	0.11859735	-0.15326385	0.9999984	-0.05843376	0.058233093	-0.06949395	0.08343727	-0.18283293	0.048868965	-0.04563756	0.08165871	-0.07224955	0.14620723
0.016531104	-0.012878506	0.022587942	-0.014900298	0.016315054	-0.014064076	0.01496293	-0.014588096	0.0145617295	-0.016357174	0.021993317	-0.016372116	0.020099925	-0.023272702	0.03818233	-0.027445659	0.023184022	-0.050168674	0.042970058	-0.037311386	0.054559465	-0.056081228	0.056218233	-0.05349908	0.053157717	-0.56070733	0.30334884	-0.11877356	0.1244106	-0.05843376	0.99999803	-0.5388353	0.2416941	-0.21720108	0.07452985	-0.4112112	0.27013576	-0.23657413	0.14651686	-0.07728186
-0.015922805	0.0123290485	-0.022062259	0.014497012	-0.015966514	0.012805128	-0.013665064	0.01411294	-0.01422125	0.015888073	-0.019759327	0.014732358	-0.019572685	0.022678232	-0.038166314	0.02365469	-0.020626618	0.049043264	-0.042845998	0.03684084	-0.044918004	0.04624137	-0.0561381	0.05309987	-0.054038826	0.26557842	-0.36941707	0.120788895	-0.13373865	0.058233093	-0.5388353	0.99999803	-0.50971115	0.23179957	-0.08073921	0.27991247	-0.4089165	0.23584881	-0.16877136	0.079951555
0.016446078	-0.012674424	0.023193682	-0.015263482	0.016875686	-0.012422248	0.013238869	-0.01471765	0.0150469495	-0.016730752	0.01868233	-0.014101565	0.0205366	-0.024027161	0.04179431	-0.021958778	0.019328559	-0.052251704	0.044726342	-0.040473133	0.03926547	-0.041412164	0.05765396	-0.057108074	0.06259074	-0.19938469	0.22016944	-0.12946346	0.13959034	-0.06949395	0.2416941	-0.50971115	0.99999785	-0.5726356	0.12167102	-0.21124369	0.2137594	-0.46352947	0.27849096	-0.12614936
-0.018691007	0.01432799	-0.02665105	0.01743793	-0.019391067	0.013442156	-0.014355562	0.01677159	-0.017255139	0.019065443	-0.019937538	0.015104993	-0.023544801	0.027449826	-0.049325243	0.022855733	-0.020462094	0.058277365	-0.051420674	0.046785023	-0.03981214	0.041641656	-0.06566215	0.06573635	-0.077523135	0.16082567	-0.22543195	0.1442139	-0.19919011	0.08343727	-0.21720108	0.23179957	-0.5726356	0.9999981	-0.19667079	0.15387902	-0.1776932	0.32451063	-0.59520775	0.17050283
0.020130761	-0.015139972	0.03022136	-0.019598674	0.022175316	-0.01127927	0.012050799	-0.018444577	0.019645646	-0.021336013	0.014977421	-0.0118264705	0.026457231	-0.031021714	0.06334124	-0.015738245	0.014432876	-0.036128215	0.034677085	-0.057820387	0.022334967	-0.023758566	0.037919503	-0.040667657	0.13189875	-0.06636576	0.083566725	-0.064551406	0.07538158	-0.18283293	0.07452985	-0.08073921	0.12167102	-0.19667079	0.9999978	-0.06573983	0.06698788	-0.1805765	0.18719491	-0.91935605
-0.013820225	0.010679281	-0.019190269	0.012577296	-0.01388037	0.010946118	-0.011688323	0.012235	-0.012323502	0.013776173	-0.016826471	0.012532262	-0.016988782	0.019606518	-0.032862913	0.019918168	-0.01744752	0.039581627	-0.035030358	0.031403217	-0.037173804	0.037963606	-0.04494035	0.042618535	-0.045964766	0.2068731	-0.2530409	0.092269	-0.10572702	0.048868965	-0.4112112	0.27991247	-0.21124369	0.15387902	-0.06573983	0.99999744	-0.8003689	0.19081451	-0.1350191	0.064036556
0.0121827815	-0.009418931	0.016962966	-0.011151299	0.012295716	-0.00960816	0.010243234	-0.010820387	0.010938839	-0.012225989	0.014696565	-0.010994354	0.0150265945	-0.01744191	0.029408285	-0.017518293	0.015256942	-0.03580449	0.031166911	-0.028344033	0.0324286	-0.03368743	0.03992828	-0.038421404	0.041999336	-0.19338135	0.20004569	-0.083761215	0.091988504	-0.04563756	0.27013576	-0.4089165	0.2137594	-0.1776932	0.06698788	-0.8003689	0.99999774	-0.25806895	0.14544345	-0.06762896
-0.019277612	0.014747524	-0.027515158	0.01793205	-0.019988632	0.013678518	-0.014615312	0.017253352	-0.017710382	0.019586237	-0.020228418	0.015289739	-0.024247319	0.028067378	-0.05042888	0.02306728	-0.020591002	0.051357377	-0.04615895	0.04690481	-0.040051125	0.04141215	-0.057528984	0.05642897	-0.07818297	0.16864972	-0.2401667	0.116809174	-0.14275236	0.08165871	-0.23657413	0.23584881	-0.46352947	0.32451063	-0.1805765	0.19081451	-0.25806895	0.9999977	-0.6701273	0.16430637
0.014832331	-0.011336482	0.021332609	-0.013944331	0.015548252	-0.010276661	0.0109676495	-0.013355699	0.01381864	-0.015240216	0.015006418	-0.011436879	0.018810881	-0.02195762	0.040221933	-0.017074704	0.015269928	-0.042117514	0.036991727	-0.03786501	0.028997496	-0.030542638	0.04631106	-0.046865642	0.06585544	-0.11786005	0.15038615	-0.09992605	0.11651462	-0.07224955	0.14651686	-0.16877136	0.27849096	-0.59520775	0.18719491	-0.1350191	0.14544345	-0.6701273	0.99999756	-0.23733437
-0.021908877	0.016428705	-0.032948386	0.021213016	-0.024101427	0.012036202	-0.0128764	0.020015288	-0.021267384	0.02303016	-0.015882088	0.012549932	-0.028789407	0.0333912	-0.06893071	0.016499558	-0.015201469	0.036632556	-0.035777718	0.06045654	-0.023108613	0.024413142	-0.038747653	0.041338354	-0.1415177	0.06648257	-0.08771131	0.06352728	-0.076495945	0.14620723	-0.07728186	0.079951555	-0.12614936	0.17050283	-0.91935605	0.064036556	-0.06762896	0.16430637	-0.23733437	0.99999756
