1.0000001	-0.57438326	0.18242607	-0.15172493	0.16271017	-0.5527007	0.32581088	-0.22017199	0.13790755	-0.10689353	0.2665919	-0.349751	0.16512336	-0.17831646	0.12806198	-0.2729274	0.16159022	-0.1352375	0.12319337	-0.10756245	0.10131055	-0.08884718	0.13779107	-0.10076449	0.08581592	-0.0679626	0.08642444	-0.099196	0.09027512	-0.107191905	0.06816353	-0.07713924	0.072378695	-0.053777907	0.050092768	-0.05305804	0.046638362	-0.09043117	0.04411845	-0.048386596
-0.57438326	1.0000002	-0.20916522	0.13680577	-0.1450024	0.2945486	-0.6896321	0.17209132	-0.12201106	0.09059197	-0.20173515	0.22158822	-0.13206525	0.131885	-0.1035046	0.17670868	-0.12505068	0.1021372	-0.09817743	0.08331057	-0.08047131	0.06913958	-0.11004422	0.07818722	-0.06744003	0.052830536	-0.06783303	0.0763358	-0.07078605	0.0821328	-0.0537155	0.05957524	-0.05619224	0.041687533	-0.039151736	0.040867127	-0.03620015	0.069085084	-0.034131456	0.03718416
0.18242607	-0.20916522	1.0000004	-0.77184993	0.25605816	-0.14883173	0.14976723	-0.24279551	0.23898323	-0.18749559	0.13297622	-0.17821115	0.15896524	-0.2176457	0.16083114	-0.2550758	0.15453279	-0.14423573	0.14949414	-0.14608757	0.11024414	-0.0985332	0.1475959	-0.13137743	0.11426529	-0.084812574	0.11115599	-0.13675591	0.11847127	-0.15303248	0.08313703	-0.10503591	0.099103145	-0.07437506	0.06781079	-0.07342062	0.062955044	-0.13237765	0.062220115	-0.06987804
-0.15172493	0.13680577	-0.77184993	1.0000005	-0.3759247	0.109257944	-0.11336644	0.18096678	-0.37461656	0.22180797	-0.09905484	0.12896456	-0.12429018	0.16589434	-0.13949387	0.17816086	-0.11972269	0.109813735	-0.12012159	0.116369225	-0.08676562	0.076196305	-0.11695946	0.10123575	-0.09099141	0.06435446	-0.08529918	0.10231096	-0.09183503	0.11663442	-0.0640711	0.07842637	-0.07452809	0.056230616	-0.05190372	0.0544357	-0.04723213	0.09674797	-0.04650322	0.051640324
0.16271017	-0.1450024	0.25605816	-0.3759247	1.0000005	-0.14009686	0.12944587	-0.283466	0.32593292	-0.58535963	0.13835375	-0.18734431	0.18869333	-0.28043583	0.22869018	-0.2931107	0.18057266	-0.17371231	0.19055043	-0.20609011	0.13216645	-0.11903184	0.17709678	-0.17006426	0.1534056	-0.1049771	0.13930719	-0.1756442	0.152252	-0.208082	0.10234753	-0.13281336	0.12567912	-0.09570055	0.08676239	-0.09275336	0.07920859	-0.16948919	0.079453655	-0.08958813
-0.5527007	0.2945486	-0.14883173	0.109257944	-0.14009686	1.0000005	-0.5094609	0.16998264	-0.11593624	0.08670811	-0.5165462	0.29861793	-0.1419595	0.13458799	-0.10469098	0.2084542	-0.14403954	0.110559076	-0.10152069	0.08378834	-0.08731965	0.07458623	-0.11906047	0.08004403	-0.06814233	0.055264883	-0.070050746	0.07755237	-0.07229386	0.08215428	-0.056428865	0.060872704	-0.057183288	0.042178527	-0.03974517	0.041627135	-0.037056293	0.069361605	-0.034453444	0.03736997
0.32581088	-0.6896321	0.14976723	-0.11336644	0.12944587	-0.5094609	1.0000007	-0.21558696	0.11190501	-0.08361685	0.23884894	-0.31812143	0.14789306	-0.13729309	0.10127197	-0.18408462	0.12439836	-0.10262889	0.09433659	-0.08028617	0.0768808	-0.0666936	0.10611573	-0.07466097	0.06437677	-0.049994346	0.063864976	-0.07197448	0.067033894	-0.077860676	0.050681047	-0.055958237	0.052677076	-0.039201953	0.036811832	-0.038289566	0.03393357	-0.06451959	0.031934395	-0.03475757
-0.22017199	0.17209132	-0.24279551	0.18096678	-0.283466	0.16998264	-0.21558696	1.0000008	-0.30249995	0.1926949	-0.18494324	0.22774708	-0.67148876	0.30655873	-0.26108697	0.22472523	-0.21706904	0.20335111	-0.20605402	0.1722097	-0.14124	0.122724675	-0.21011844	0.15033466	-0.13906057	0.091748625	-0.12180908	0.13692872	-0.13524418	0.15499805	-0.093845695	0.104137085	-0.099665396	0.07608578	-0.07239509	0.070523456	-0.06304686	0.11911606	-0.06065617	0.065318644
0.13790755	-0.12201106	0.23898323	-0.37461656	0.32593292	-0.11593624	0.11190501	-0.30249995	1.0000006	-0.6894914	0.11439062	-0.15497142	0.18150377	-0.2595734	0.21098849	-0.2176239	0.146083	-0.14175922	0.15723611	-0.1720517	0.104969524	-0.09396573	0.14373384	-0.13413173	0.12495206	-0.079907075	0.106653795	-0.1322467	0.11906481	-0.1615241	0.07871619	-0.09904842	0.09414713	-0.07250054	0.06637176	-0.06851775	0.059126426	-0.12343578	0.059112877	-0.06596659
-0.10689353	0.09059197	-0.18749559	0.22180797	-0.58535963	0.08670811	-0.08361685	0.1926949	-0.6894914	1.0000008	-0.08633297	0.11488352	-0.1364531	0.19602992	-0.25076926	0.16345716	-0.11581316	0.11078119	-0.13586564	0.15526073	-0.084651284	0.075079046	-0.11631034	0.11092187	-0.1116835	0.06362626	-0.086254716	0.105851434	-0.09890155	0.13445388	-0.06319893	0.07867907	-0.07538065	0.05873248	-0.054272365	0.054121852	-0.047031272	0.0970158	-0.047289513	0.052366875
0.2665919	-0.20173515	0.13297622	-0.09905484	0.13835375	-0.5165462	0.23884894	-0.18494324	0.11439062	-0.08633297	1.0000006	-0.691909	0.16789399	-0.15138257	0.10912832	-0.32915327	0.17112489	-0.12700601	0.10719121	-0.08737845	0.09600076	-0.08263911	0.13057266	-0.084249854	0.07064183	-0.059044726	0.07361147	-0.08087276	0.07542554	-0.084806636	0.060137056	-0.06363944	0.059430104	-0.043686412	0.04118508	-0.043392934	0.03870934	-0.071511775	0.03557421	-0.038502667
-0.349751	0.22158822	-0.17821115	0.12896456	-0.18734431	0.29861793	-0.31812143	0.22774708	-0.15497142	0.11488352	-0.691909	1.0000004	-0.28162146	0.19309323	-0.14835352	0.26009727	-0.22229765	0.1606554	-0.14186902	0.11395543	-0.12292148	0.10504546	-0.17061836	0.1091986	-0.09285951	0.075451046	-0.09521364	0.10396662	-0.098278746	0.1095074	-0.07745515	0.08166337	-0.076628976	0.056488868	-0.05348518	0.05559594	-0.049771268	0.09154538	-0.045879982	0.049496382
0.16512336	-0.13206525	0.15896524	-0.12429018	0.18869333	-0.1419595	0.14789306	-0.67148876	0.18150377	-0.1364531	0.16789399	-0.28162146	1.0000002	-0.5383062	0.21713427	-0.19344659	0.18653993	-0.23517363	0.16859043	-0.15153374	0.11270315	-0.10236148	0.17574255	-0.12596929	0.112872005	-0.07352887	0.096152216	-0.11120867	0.10831863	-0.12955041	0.07406988	-0.08311294	0.07891334	-0.060871296	0.057259314	-0.056121893	0.049880028	-0.09520123	0.048016038	-0.052000042
-0.17831646	0.131885	-0.2176457	0.16589434	-0.28043583	0.13458799	-0.13729309	0.30655873	-0.2595734	0.19602992	-0.15138257	0.19309323	-0.5383062	0.99999994	-0.5098551	0.2145313	-0.2061453	0.19835883	-0.27327794	0.24369143	-0.14217898	0.123685256	-0.20961888	0.1806489	-0.1830474	0.0953564	-0.13143343	0.15194732	-0.15826361	0.18990393	-0.097555585	0.111384995	-0.10806392	0.085917465	-0.08192755	0.07474549	-0.066947475	0.1281697	-0.06649712	0.07137516
0.12806198	-0.1035046	0.16083114	-0.13949387	0.22869018	-0.10469098	0.10127197	-0.26108697	0.21098849	-0.25076926	0.10912832	-0.14835352	0.21713427	-0.5098551	0.99999964	-0.1911265	0.1581284	-0.16313535	0.2478466	-0.6003089	0.11729893	-0.105237305	0.16733915	-0.20042351	0.2440412	-0.08766767	0.1247212	-0.1614864	0.16541903	-0.28393763	0.08755307	-0.10988319	0.10723376	-0.091126904	0.08395826	-0.07334142	0.064567305	-0.13236146	0.067562446	-0.0739842
-0.2729274	0.17670868	-0.2550758	0.17816086	-0.2931107	0.2084542	-0.18408462	0.22472523	-0.2176239	0.16345716	-0.32915327	0.26009727	-0.19344659	0.2145313	-0.1911265	0.9999998	-0.5442709	0.28160504	-0.22731857	0.16317739	-0.26169756	0.20974548	-0.33322474	0.17709126	-0.13890386	0.14158027	-0.1692853	0.17353125	-0.16126277	0.16591471	-0.14775808	0.14204307	-0.13076317	0.09246302	-0.08813424	0.09653949	-0.08754072	0.1516186	-0.07611427	0.08137864
0.16159022	-0.12505068	0.15453279	-0.11972269	0.18057266	-0.14403954	0.12439836	-0.21706904	0.146083	-0.11581316	0.17112489	-0.22229765	0.18653993	-0.2061453	0.1581284	-0.5442709	0.99999976	-0.62132484	0.20322767	-0.14979474	0.20884523	-0.2584977	0.29990965	-0.17313336	0.12270066	-0.12962382	0.1461091	-0.1650235	0.14311609	-0.15478611	0.1214417	-0.13063051	0.11633301	-0.083910145	0.07731491	-0.08857778	0.077292375	-0.1429995	0.068472326	-0.07502144
-0.1352375	0.1021372	-0.14423573	0.109813735	-0.17371231	0.110559076	-0.10262889	0.20335111	-0.14175922	0.11078119	-0.12700601	0.1606554	-0.23517363	0.19835883	-0.16313535	0.28160504	-0.62132484	0.9999993	-0.2780862	0.15201512	-0.22155279	0.22526091	-0.55718946	0.19107278	-0.12661748	0.12256919	-0.14510243	0.16232587	-0.15149589	0.1503142	-0.12002783	0.12350656	-0.11230295	0.08258087	-0.07701846	0.08238146	-0.07323578	0.13226813	-0.06534517	0.07063193
0.12319337	-0.09817743	0.14949414	-0.12012159	0.19055043	-0.10152069	0.09433659	-0.20605402	0.15723611	-0.13586564	0.10719121	-0.14186902	0.16859043	-0.27327794	0.2478466	-0.22731857	0.20322767	-0.2780862	0.9999992	-0.39424264	0.15180565	-0.14511	0.23490989	-0.6235197	0.24764358	-0.118236296	0.17379682	-0.25622123	0.27297965	-0.292397	0.115900554	-0.15351036	0.15069877	-0.13918553	0.12182341	-0.09969273	0.08750257	-0.1847088	0.09469392	-0.10430488
-0.10756245	0.08331057	-0.14608757	0.116369225	-0.20609011	0.08378834	-0.08028617	0.1722097	-0.1720517	0.15526073	-0.08737845	0.11395543	-0.15153374	0.24369143	-0.6003089	0.16317739	-0.14979474	0.15201512	-0.39424264	0.9999992	-0.115519546	0.102250025	-0.16837803	0.23101997	-0.5036997	0.084281676	-0.12677541	0.15865935	-0.19078593	0.2874186	-0.08573147	0.105592765	-0.10595242	0.09377073	-0.08953205	0.06921194	-0.062128138	0.12334467	-0.06688171	0.071393825
0.10131055	-0.08047131	0.11024414	-0.08676562	0.13216645	-0.08731965	0.0768808	-0.14124	0.104969524	-0.084651284	0.09600076	-0.12292148	0.11270315	-0.14217898	0.11729893	-0.26169756	0.20884523	-0.22155279	0.15180565	-0.115519546	0.9999992	-0.7439307	0.2734318	-0.14845979	0.10074442	-0.35095227	0.19208227	-0.17731845	0.13414161	-0.1311067	0.21957664	-0.1797743	0.1344207	-0.082133785	0.0753758	-0.12008951	0.102722056	-0.15994403	0.07178935	-0.078481175
-0.08884718	0.06913958	-0.0985332	0.076196305	-0.11903184	0.07458623	-0.0666936	0.122724675	-0.09396573	0.075079046	-0.08263911	0.10504546	-0.10236148	0.123685256	-0.105237305	0.20974548	-0.2584977	0.22526091	-0.14511	0.102250025	-0.7439307	0.99999917	-0.46410954	0.13755567	-0.090682276	0.20169143	-0.20296596	0.15772057	-0.124506034	0.11392225	-0.19136985	0.15130675	-0.11750782	0.07156386	-0.06669395	0.09683772	-0.08728585	0.13109662	-0.061047066	0.06560898
0.13779107	-0.11004422	0.1475959	-0.11695946	0.17709678	-0.11906047	0.10611573	-0.21011844	0.14373384	-0.11631034	0.13057266	-0.17061836	0.17574255	-0.20961888	0.16733915	-0.33322474	0.29990965	-0.55718946	0.23490989	-0.16837803	0.2734318	-0.46410954	0.9999993	-0.2614219	0.14545007	-0.17428446	0.18972078	-0.23605727	0.18841283	-0.18552804	0.1533597	-0.17069711	0.1492289	-0.10688408	0.09700593	-0.113478415	0.097905606	-0.18276028	0.08592236	-0.094500795
-0.10076449	0.07818722	-0.13137743	0.10123575	-0.17006426	0.08004403	-0.07466097	0.15033466	-0.13413173	0.11092187	-0.084249854	0.1091986	-0.12596929	0.1806489	-0.20042351	0.17709126	-0.17313336	0.19107278	-0.6235197	0.23101997	-0.14845979	0.13755567	-0.2614219	0.9999992	-0.2864651	0.10953646	-0.18411127	0.24993418	-0.5270892	0.25590685	-0.11115151	0.14291625	-0.15035781	0.1528408	-0.14535104	0.0893709	-0.08139298	0.1620112	-0.09433153	0.09860008
0.08581592	-0.06744003	0.11426529	-0.09099141	0.1534056	-0.06814233	0.06437677	-0.13906057	0.12495206	-0.1116835	0.07064183	-0.09285951	0.112872005	-0.1830474	0.2440412	-0.13890386	0.12270066	-0.12661748	0.24764358	-0.5036997	0.10074442	-0.090682276	0.14545007	-0.2864651	0.9999992	-0.077960394	0.12231572	-0.16979879	0.21630894	-0.71734774	0.078618094	-0.10242189	0.10423328	-0.10333942	0.0955993	-0.06594525	0.059020977	-0.121401	0.067199096	-0.07239603
-0.0679626	0.052830536	-0.084812574	0.06435446	-0.1049771	0.055264883	-0.049994346	0.091748625	-0.079907075	0.06362626	-0.059044726	0.075451046	-0.07352887	0.0953564	-0.08766767	0.14158027	-0.12962382	0.12256919	-0.118236296	0.084281676	-0.35095227	0.20169143	-0.17428446	0.10953646	-0.077960394	0.9999995	-0.26966625	0.16118415	-0.1198721	0.09811002	-0.80406743	0.22968598	-0.15666042	0.07211799	-0.069063924	0.15987363	-0.15297681	0.1497272	-0.06800614	0.07027569
0.08642444	-0.06783303	0.11115599	-0.08529918	0.13930719	-0.070050746	0.063864976	-0.12180908	0.106653795	-0.086254716	0.07361147	-0.09521364	0.096152216	-0.13143343	0.1247212	-0.1692853	0.1461091	-0.14510243	0.17379682	-0.12677541	0.19208227	-0.20296596	0.18972078	-0.18411127	0.12231572	-0.26966625	0.9999996	-0.50118864	0.22205609	-0.16277461	0.23299648	-0.6078941	0.2793475	-0.13113621	0.11885149	-0.21760808	0.19015838	-0.28471982	0.11836436	-0.12656736
-0.099196	0.0763358	-0.13675591	0.10231096	-0.1756442	0.07755237	-0.07197448	0.13692872	-0.1322467	0.105851434	-0.08087276	0.10396662	-0.11120867	0.15194732	-0.1614864	0.17353125	-0.1650235	0.16232587	-0.25622123	0.15865935	-0.17731845	0.15772057	-0.23605727	0.24993418	-0.16979879	0.16118415	-0.50118864	0.9999994	-0.53518105	0.20431921	-0.16980106	0.2648113	-0.363855	0.17310481	-0.17112108	0.13822399	-0.13348854	0.25122917	-0.13189971	0.13040288
0.09027512	-0.07078605	0.11847127	-0.09183503	0.152252	-0.07229386	0.067033894	-0.13524418	0.11906481	-0.09890155	0.07542554	-0.098278746	0.10831863	-0.15826361	0.16541903	-0.16126277	0.14311609	-0.15149589	0.27297965	-0.19078593	0.13414161	-0.124506034	0.18841283	-0.5270892	0.21630894	-0.1198721	0.22205609	-0.53518105	0.9999992	-0.34269592	0.11917059	-0.18164302	0.19378434	-0.29183242	0.20033064	-0.10691735	0.09606298	-0.21342547	0.12299369	-0.13330649
-0.107191905	0.0821328	-0.15303248	0.11663442	-0.208082	0.08215428	-0.077860676	0.15499805	-0.1615241	0.13445388	-0.084806636	0.1095074	-0.12955041	0.18990393	-0.28393763	0.16591471	-0.15478611	0.1503142	-0.292397	0.2874186	-0.1311067	0.11392225	-0.18552804	0.25590685	-0.71734774	0.09811002	-0.16277461	0.20431921	-0.34269592	0.999999	-0.10155464	0.12754244	-0.13429323	0.13401884	-0.1356359	0.08137539	-0.074499615	0.14637847	-0.08721296	0.09081343
0.06816353	-0.0537155	0.08313703	-0.0640711	0.10234753	-0.056428865	0.050681047	-0.093845695	0.07871619	-0.06319893	0.060137056	-0.07745515	0.07406988	-0.097555585	0.08755307	-0.14775808	0.1214417	-0.12002783	0.115900554	-0.08573147	0.21957664	-0.19136985	0.1533597	-0.11115151	0.078618094	-0.80406743	0.23299648	-0.16980106	0.11917059	-0.10155464	0.9999991	-0.33678955	0.16964237	-0.07639734	0.071504146	-0.23162614	0.1772846	-0.17735322	0.07438331	-0.07878352
-0.07713924	0.05957524	-0.10503591	0.07842637	-0.13281336	0.060872704	-0.055958237	0.104137085	-0.09904842	0.07867907	-0.06363944	0.08166337	-0.08311294	0.111384995	-0.10988319	0.14204307	-0.13063051	0.12350656	-0.15351036	0.105592765	-0.1797743	0.15130675	-0.17069711	0.14291625	-0.10242189	0.22968598	-0.6078941	0.2648113	-0.18164302	0.12754244	-0.33678955	0.999999	-0.46133918	0.11103467	-0.107827395	0.23303863	-0.31064305	0.265545	-0.11454922	0.11258932
0.072378695	-0.05619224	0.099103145	-0.07452809	0.12567912	-0.057183288	0.052677076	-0.099665396	0.09414713	-0.07538065	0.059430104	-0.076628976	0.07891334	-0.10806392	0.10723376	-0.13076317	0.11633301	-0.11230295	0.15069877	-0.10595242	0.1344207	-0.11750782	0.1492289	-0.15035781	0.10423328	-0.15666042	0.2793475	-0.363855	0.19378434	-0.13429323	0.16964237	-0.46133918	0.9999987	-0.15513128	0.13857086	-0.17644559	0.17131537	-0.67666656	0.1809721	-0.18918991
-0.053777907	0.041687533	-0.07437506	0.056230616	-0.09570055	0.042178527	-0.039201953	0.07608578	-0.07250054	0.05873248	-0.043686412	0.056488868	-0.060871296	0.085917465	-0.091126904	0.09246302	-0.083910145	0.08258087	-0.13918553	0.09377073	-0.082133785	0.07156386	-0.10688408	0.1528408	-0.10333942	0.07211799	-0.13113621	0.17310481	-0.29183242	0.13401884	-0.07639734	0.11103467	-0.15513128	0.9999985	-0.85351104	0.06781475	-0.06440224	0.16335627	-0.22594613	0.21306366
0.050092768	-0.039151736	0.06781079	-0.05190372	0.08676239	-0.03974517	0.036811832	-0.07239509	0.06637176	-0.054272365	0.04118508	-0.05348518	0.057259314	-0.08192755	0.08395826	-0.08813424	0.07731491	-0.07701846	0.12182341	-0.08953205	0.0753758	-0.06669395	0.09700593	-0.14535104	0.0955993	-0.069063924	0.11885149	-0.17112108	0.20033064	-0.1356359	0.071504146	-0.107827395	0.13857086	-0.85351104	0.9999987	-0.06745054	0.062452238	-0.17538826	0.20977761	-0.31924847
-0.05305804	0.040867127	-0.07342062	0.0544357	-0.09275336	0.041627135	-0.038289566	0.070523456	-0.06851775	0.054121852	-0.043392934	0.05559594	-0.056121893	0.07474549	-0.07334142	0.09653949	-0.08857778	0.08238146	-0.09969273	0.06921194	-0.12008951	0.09683772	-0.113478415	0.0893709	-0.06594525	0.15987363	-0.21760808	0.13822399	-0.10691735	0.08137539	-0.23162614	0.23303863	-0.17644559	0.06781475	-0.06745054	0.99999845	-0.8849655	0.16842909	-0.074467205	0.07114753
0.046638362	-0.03620015	0.062955044	-0.04723213	0.07920859	-0.037056293	0.03393357	-0.06304686	0.059126426	-0.047031272	0.03870934	-0.049771268	0.049880028	-0.066947475	0.064567305	-0.08754072	0.077292375	-0.07323578	0.08750257	-0.062128138	0.102722056	-0.08728585	0.097905606	-0.08139298	0.059020977	-0.15297681	0.19015838	-0.13348854	0.09606298	-0.074499615	0.1772846	-0.31064305	0.17131537	-0.06440224	0.062452238	-0.8849655	0.99999845	-0.19795501	0.073503815	-0.072438456
-0.09043117	0.069085084	-0.13237765	0.09674797	-0.16948919	0.069361605	-0.06451959	0.11911606	-0.12343578	0.0970158	-0.071511775	0.09154538	-0.09520123	0.1281697	-0.13236146	0.1516186	-0.1429995	0.13226813	-0.1847088	0.12334467	-0.15994403	0.13109662	-0.18276028	0.1620112	-0.121401	0.1497272	-0.28471982	0.25122917	-0.21342547	0.14637847	-0.17735322	0.265545	-0.67666656	0.16335627	-0.17538826	0.16842909	-0.19795501	0.9999984	-0.3454458	0.22605118
0.04411845	-0.034131456	0.062220115	-0.04650322	0.079453655	-0.034453444	0.031934395	-0.06065617	0.059112877	-0.047289513	0.03557421	-0.045879982	0.048016038	-0.06649712	0.067562446	-0.07611427	0.068472326	-0.06534517	0.09469392	-0.06688171	0.07178935	-0.061047066	0.08592236	-0.09433153	0.067199096	-0.06800614	0.11836436	-0.13189971	0.12299369	-0.08721296	0.07438331	-0.11454922	0.1809721	-0.22594613	0.20977761	-0.074467205	0.073503815	-0.3454458	0.9999983	-0.8494045
-0.048386596	0.03718416	-0.06987804	0.051640324	-0.08958813	0.03736997	-0.03475757	0.065318644	-0.06596659	0.052366875	-0.038502667	0.049496382	-0.052000042	0.07137516	-0.0739842	0.08137864	-0.07502144	0.07063193	-0.10430488	0.071393825	-0.078481175	0.06560898	-0.094500795	0.09860008	-0.07239603	0.07027569	-0.12656736	0.13040288	-0.13330649	0.09081343	-0.07878352	0.11258932	-0.18918991	0.21306366	-0.31924847	0.07114753	-0.072438456	0.22605118	-0.8494045	0.9999983
