1.0000001	-0.6837278	0.13599002	-0.10489222	0.036706153	-0.6142848	0.33172998	-0.12120204	0.08078088	-0.034010865	0.12264978	-0.10306817	0.090312414	-0.06681902	0.06883905	-0.07782179	0.04626337	-0.039000068	0.05068451	-0.058083314	0.041082326	-0.034615308	0.04586514	-0.045562327	0.043151006	-0.02954907	0.032988846	-0.021058828	0.020443324	-0.1072313	0.021495674	-0.017765002	0.017982023	-0.020630749	0.02357958	-0.021854552	0.016961033	-0.021816656	0.01411025	-0.018621784
-0.6837278	1.0000001	-0.19504209	0.10779959	-0.0385542	0.32467726	-0.6089332	0.13479616	-0.086616665	0.03556814	-0.103452265	0.08725147	-0.08797129	0.061981298	-0.06468332	0.06503177	-0.041069113	0.03415931	-0.046588577	0.052356344	-0.035616703	0.030042993	-0.04040642	0.040970102	-0.03885344	0.025579365	-0.028821522	0.018581748	-0.01806731	0.09396514	-0.018772235	0.015524277	-0.01577439	0.01808976	-0.020693231	0.019042654	-0.014840977	0.01912083	-0.012373384	0.01631995
0.13599002	-0.19504209	0.99999994	-0.43560806	0.12528138	-0.11563644	0.14185631	-0.75863594	0.27757165	-0.120721795	0.12987301	-0.13785292	0.20639421	-0.14824364	0.13860948	-0.10824514	0.07239596	-0.060927205	0.10120713	-0.11475429	0.06117607	-0.053096615	0.07212164	-0.089032955	0.08343124	-0.04546505	0.051366456	-0.038172197	0.037045177	-0.20092474	0.034987547	-0.029714402	0.03194005	-0.037545215	0.04297651	-0.035848908	0.028468493	-0.03893545	0.025530852	-0.033820234
-0.10489222	0.10779959	-0.43560806	1.0	-0.36426994	0.087727405	-0.11007028	0.2829785	-0.68824726	0.25085023	-0.12903975	0.11389796	-0.18106012	0.13288741	-0.15492156	0.098631844	-0.07371803	0.05908542	-0.10265956	0.108447745	-0.06059677	0.052091196	-0.07380798	0.084034696	-0.08157578	0.044167124	-0.051309634	0.035739228	-0.034998976	0.1784828	-0.034018416	0.028406553	-0.02974964	0.03426886	-0.039379258	0.03435198	-0.027332403	0.03597765	-0.023441065	0.030870518
0.036706153	-0.0385542	0.12528138	-0.36426994	1.0000002	-0.033328045	0.039350666	-0.1296609	0.26386553	-0.8754289	0.052859094	-0.048987497	0.07433923	-0.059017316	0.064779185	-0.045388266	0.032051396	-0.026244106	0.045821235	-0.05156474	0.027082758	-0.023530738	0.032679733	-0.039976176	0.038580053	-0.02019356	0.02315667	-0.017592391	0.017120667	-0.09447868	0.015955731	-0.01361471	0.0148527855	-0.017566688	0.020140117	-0.016310222	0.013086902	-0.018114401	0.011944908	-0.015832743
-0.6142848	0.32467726	-0.11563644	0.087727405	-0.033328045	1.0000005	-0.67693436	0.10171105	-0.074921854	0.03036922	-0.18873046	0.1252683	-0.10008707	0.07008999	-0.07321206	0.086914524	-0.052133415	0.043293014	-0.052891828	0.059305843	-0.046349604	0.03816368	-0.050932154	0.046655808	-0.044150025	0.032414973	-0.03643364	0.021665715	-0.02107927	0.10644622	-0.023083135	0.018805873	-0.01848536	0.020871587	-0.02386035	0.023257658	-0.01794673	0.022326345	-0.014321774	0.018837646
0.33172998	-0.6089332	0.14185631	-0.11007028	0.039350666	-0.67693436	1.0000004	-0.13441125	0.087473884	-0.03641642	0.13979973	-0.12389637	0.10215477	-0.07467423	0.07643639	-0.087110564	0.05215686	-0.043935142	0.056240145	-0.064301915	0.045962285	-0.03869167	0.05126159	-0.05046253	0.04773277	-0.032983057	0.036822714	-0.023318259	0.022638729	-0.11823927	0.023915047	-0.019734628	0.019904861	-0.022795659	0.02605229	-0.024298996	0.018837223	-0.024139099	0.015596067	-0.020575784
-0.12120204	0.13479616	-0.75863594	0.2829785	-0.1296609	0.10171105	-0.13441125	1.0000001	-0.40221325	0.12056276	-0.14196111	0.14533564	-0.31146196	0.15627551	-0.14857629	0.10177839	-0.071886465	0.059529796	-0.10298462	0.10925661	-0.05866707	0.050489064	-0.06944191	0.08471432	-0.07919558	0.042873066	-0.048806984	0.03502731	-0.03410677	0.17750958	-0.032534834	0.027379202	-0.028938513	0.033615246	-0.038514834	0.033117294	-0.026231278	0.035134334	-0.022907311	0.030254897
0.08078088	-0.086616665	0.27757165	-0.68824726	0.26386553	-0.074921854	0.087473884	-0.40221325	1.0000001	-0.38411152	0.118794575	-0.11528421	0.17516294	-0.14745815	0.14575878	-0.10339849	0.07179041	-0.05935883	0.10503425	-0.11873439	0.06083777	-0.052968558	0.07306202	-0.092031464	0.08778528	-0.045503575	0.05194361	-0.03999992	0.038877342	-0.2153469	0.035925858	-0.030737936	0.03366698	-0.03990695	0.04573024	-0.03680409	0.029524136	-0.041096147	0.027111124	-0.035957213
-0.034010865	0.03556814	-0.120721795	0.25085023	-0.8754289	0.03036922	-0.03641642	0.12056276	-0.38411152	1.0000001	-0.04760861	0.044074133	-0.06869333	0.054159716	-0.058811937	0.03956767	-0.028209824	0.02304719	-0.040882513	0.0450381	-0.023663381	0.020516155	-0.028566096	0.03488476	-0.03356619	0.01755638	-0.020163126	0.015095131	-0.014707436	0.07969038	-0.013776224	0.011706943	-0.012671184	0.014906497	-0.017096369	0.014051748	-0.011251901	0.015427499	-0.010145927	0.013430845
0.12264978	-0.103452265	0.12987301	-0.12903975	0.052859094	-0.18873046	0.13979973	-0.14196111	0.118794575	-0.04760861	1.0000002	-0.72618777	0.2724923	-0.20479278	0.18405168	-0.3595461	0.1609021	-0.13882627	0.13967016	-0.16031294	0.15298648	-0.12191217	0.15502408	-0.12724389	0.1176441	-0.10362439	0.11298446	-0.060572024	0.05877096	-0.28675982	0.06899759	-0.0552774	0.05189603	-0.05746073	0.06551885	-0.06923268	0.052425306	-0.06247491	0.039543886	-0.051868517
-0.10306817	0.08725147	-0.13785292	0.11389796	-0.048987497	0.1252683	-0.12389637	0.14533564	-0.11528421	0.044074133	-0.72618777	1.0000004	-0.4937649	0.20297676	-0.19601579	0.20620596	-0.18019219	0.13070723	-0.13400243	0.13649558	-0.119117655	0.096231766	-0.13329585	0.107815176	-0.09989598	0.07891975	-0.09078522	0.047951516	-0.046888016	0.21385032	-0.054032356	0.043019287	-0.040066224	0.04370275	-0.04998364	0.0534878	-0.04098378	0.047901172	-0.030160928	0.039368875
0.090312414	-0.08797129	0.20639421	-0.18106012	0.07433923	-0.10008707	0.10215477	-0.31146196	0.17516294	-0.06869333	0.2724923	-0.4937649	1.0000004	-0.5227489	0.27632943	-0.20566876	0.13883315	-0.12210274	0.20608012	-0.22282574	0.110822104	-0.0962903	0.12917532	-0.17346604	0.15277486	-0.08152747	0.09112337	-0.06710494	0.06504633	-0.33601093	0.060791314	-0.05137671	0.054436654	-0.06330729	0.072404146	-0.062232856	0.04905048	-0.066175506	0.043041438	-0.056888018
-0.06681902	0.061981298	-0.14824364	0.13288741	-0.059017316	0.07008999	-0.07467423	0.15627551	-0.14745815	0.054159716	-0.20479278	0.20297676	-0.5227489	1.0000004	-0.6235353	0.14100021	-0.10680849	0.08844859	-0.3836722	0.2574491	-0.08492277	0.073794834	-0.10400558	0.19808593	-0.17319044	0.062026773	-0.07150462	0.05904151	-0.05829476	0.2575408	-0.047351822	0.040175922	-0.043466017	0.049579978	-0.057116676	0.0479314	-0.03851723	0.052220993	-0.033752438	0.044225078
0.06883905	-0.06468332	0.13860948	-0.15492156	0.064779185	-0.07321206	0.07643639	-0.14857629	0.14575878	-0.058811937	0.18405168	-0.19601579	0.27632943	-0.6235353	1.0000004	-0.18200572	0.122620285	-0.10464024	0.28559136	-0.43227702	0.105606385	-0.09374523	0.12814566	-0.24954322	0.22750705	-0.08082766	0.09157274	-0.08443756	0.08202769	-0.42648035	0.06504533	-0.056986276	0.065315455	-0.077812456	0.08933796	-0.06707834	0.054653894	-0.079606436	0.052517086	-0.06954833
-0.07782179	0.06503177	-0.10824514	0.098631844	-0.045388266	0.086914524	-0.087110564	0.10177839	-0.10339849	0.03956767	-0.3595461	0.20620596	-0.20566876	0.14100021	-0.18200572	1.0000004	-0.26691064	0.199664	-0.12910433	0.13179548	-0.5724883	0.27813748	-0.39178312	0.113880634	-0.108978845	0.24383992	-0.2963914	0.078100465	-0.078047104	0.22750606	-0.1443133	0.101168536	-0.070503876	0.06333145	-0.07233776	0.1282876	-0.09630271	0.080055036	-0.04560912	0.05705807
0.04626337	-0.041069113	0.07239596	-0.07371803	0.032051396	-0.052133415	0.05215686	-0.071886465	0.07179041	-0.028209824	0.1609021	-0.18019219	0.13883315	-0.10680849	0.122620285	-0.26691064	1.0000001	-0.8392611	0.10384792	-0.112800665	0.1591187	-0.20476748	0.25912198	-0.097040206	0.08966336	-0.12656592	0.1348997	-0.057345442	0.055049744	-0.21767196	0.07855514	-0.06190959	0.049906544	-0.050473478	0.057021663	-0.0828245	0.05739958	-0.059511434	0.035648216	-0.046146173
-0.039000068	0.03415931	-0.060927205	0.05908542	-0.026244106	0.043293014	-0.043935142	0.059529796	-0.05935883	0.02304719	-0.13882627	0.13070723	-0.12210274	0.08844859	-0.10464024	0.199664	-0.8392611	1.0	-0.09245593	0.091070354	-0.15431271	0.18958643	-0.39794505	0.08110873	-0.074120544	0.1132463	-0.13434862	0.04938231	-0.048100516	0.15942185	-0.06847492	0.05297036	-0.04083898	0.039444905	-0.044658333	0.06914584	-0.049312912	0.047757346	-0.02801175	0.035806958
0.05068451	-0.046588577	0.10120713	-0.10265956	0.045821235	-0.052891828	0.056240145	-0.10298462	0.10503425	-0.040882513	0.13967016	-0.13400243	0.20608012	-0.3836722	0.28559136	-0.12910433	0.10384792	-0.09245593	1.0	-0.5720729	0.08230894	-0.07629904	0.10981968	-0.57007426	0.31135696	-0.0630527	0.07327027	-0.09086552	0.08964486	-0.28868714	0.050075278	-0.04403529	0.051585544	-0.05693461	0.065847896	-0.050810535	0.042193167	-0.06093774	0.038535435	-0.049802978
-0.058083314	0.052356344	-0.11475429	0.108447745	-0.05156474	0.059305843	-0.064301915	0.10925661	-0.11873439	0.0450381	-0.16031294	0.13649558	-0.22282574	0.2574491	-0.43227702	0.13179548	-0.112800665	0.091070354	-0.5720729	0.9999999	-0.08929497	0.07947765	-0.118517704	0.3169645	-0.5402356	0.06604561	-0.07887562	0.07599252	-0.077776834	0.27302822	-0.05221463	0.044515368	-0.049790625	0.054861188	-0.06526307	0.051930957	-0.043049023	0.058220178	-0.03751298	0.048007816
0.041082326	-0.035616703	0.06117607	-0.06059677	0.027082758	-0.046349604	0.045962285	-0.05866707	0.06083777	-0.023663381	0.15298648	-0.119117655	0.110822104	-0.08492277	0.105606385	-0.5724883	0.1591187	-0.15431271	0.08230894	-0.08929497	1.0000001	-0.49041048	0.2762089	-0.07983478	0.07499846	-0.48524666	0.30239028	-0.06512229	0.06255279	-0.17749564	0.14736398	-0.10392805	0.06261151	-0.05364136	0.05974747	-0.14211905	0.0917313	-0.07198758	0.038849533	-0.048622154
-0.034615308	0.030042993	-0.053096615	0.052091196	-0.023530738	0.03816368	-0.03869167	0.050489064	-0.052968558	0.020516155	-0.12191217	0.096231766	-0.0962903	0.073794834	-0.09374523	0.27813748	-0.20476748	0.18958643	-0.07629904	0.07947765	-0.49041048	1.0	-0.63808435	0.075816825	-0.069802284	0.26863438	-0.42561668	0.066047676	-0.06398196	0.1515596	-0.12338237	0.09323686	-0.05697226	0.047574375	-0.053094	0.11672443	-0.08334188	0.06414796	-0.03445068	0.042780478
0.04586514	-0.04040642	0.07212164	-0.07380798	0.032679733	-0.050932154	0.05126159	-0.06944191	0.07306202	-0.028566096	0.15502408	-0.13329585	0.12917532	-0.10400558	0.12814566	-0.39178312	0.25912198	-0.39794505	0.10981968	-0.118517704	0.2762089	-0.63808435	1.0000001	-0.117790334	0.10307086	-0.23312761	0.24048817	-0.087066315	0.08031771	-0.23790407	0.12161236	-0.0958864	0.06845993	-0.06355201	0.07091388	-0.12848596	0.086000964	-0.08028502	0.045403127	-0.057868894
-0.045562327	0.040970102	-0.089032955	0.084034696	-0.039976176	0.046655808	-0.05046253	0.08471432	-0.092031464	0.03488476	-0.12724389	0.107815176	-0.17346604	0.19808593	-0.24954322	0.113880634	-0.097040206	0.08110873	-0.57007426	0.3169645	-0.07983478	0.075816825	-0.117790334	0.9999999	-0.67390394	0.061003845	-0.07307137	0.10980878	-0.12794456	0.24303934	-0.04837095	0.04270519	-0.051687926	0.053225014	-0.06276588	0.048160974	-0.041043945	0.05871374	-0.036170878	0.045429535
0.043151006	-0.03885344	0.08343124	-0.08157578	0.038580053	-0.044150025	0.04773277	-0.07919558	0.08778528	-0.03356619	0.1176441	-0.09989598	0.15277486	-0.17319044	0.22750705	-0.108978845	0.08966336	-0.074120544	0.31135696	-0.5402356	0.07499846	-0.069802284	0.10307086	-0.67390394	0.99999976	-0.057821214	0.06867248	-0.09735	0.09727585	-0.36110473	0.047542553	-0.042644642	0.052693225	-0.059441414	0.07071541	-0.04766337	0.041026186	-0.06134829	0.03914962	-0.049928937
-0.02954907	0.025579365	-0.04546505	0.044167124	-0.02019356	0.032414973	-0.032983057	0.042873066	-0.045503575	0.01755638	-0.10362439	0.07891975	-0.08152747	0.062026773	-0.08082766	0.24383992	-0.12656592	0.1132463	-0.0630527	0.06604561	-0.48524666	0.26863438	-0.23312761	0.061003845	-0.057821214	0.99999934	-0.7221893	0.06938852	-0.06813296	0.12879577	-0.2744475	0.14571795	-0.07270667	0.053178813	-0.058646496	0.18831912	-0.12748475	0.07932853	-0.039248202	0.047308106
0.032988846	-0.028821522	0.051366456	-0.051309634	0.02315667	-0.03643364	0.036822714	-0.048806984	0.05194361	-0.020163126	0.11298446	-0.09078522	0.09112337	-0.07150462	0.09157274	-0.2963914	0.1348997	-0.13434862	0.07327027	-0.07887562	0.30239028	-0.42561668	0.24048817	-0.07307137	0.06867248	-0.7221893	0.9999997	-0.091463305	0.082573704	-0.1617718	0.2024888	-0.18125783	0.08469776	-0.06369862	0.06912518	-0.2069665	0.13786763	-0.094650865	0.04662119	-0.056927133
-0.021058828	0.018581748	-0.038172197	0.035739228	-0.017592391	0.021665715	-0.023318259	0.03502731	-0.03999992	0.015095131	-0.060572024	0.047951516	-0.06710494	0.05904151	-0.08443756	0.078100465	-0.057345442	0.04938231	-0.09086552	0.07599252	-0.06512229	0.066047676	-0.087066315	0.10980878	-0.09735	0.06938852	-0.091463305	1.0000001	-0.9446196	0.12740114	-0.06449178	0.0745645	-0.16541691	0.09920744	-0.10277482	0.063008524	-0.06933651	0.13500428	-0.064140745	0.07124092
0.020443324	-0.01806731	0.037045177	-0.034998976	0.017120667	-0.02107927	0.022638729	-0.03410677	0.038877342	-0.014707436	0.05877096	-0.046888016	0.06504633	-0.05829476	0.08202769	-0.078047104	0.055049744	-0.048100516	0.08964486	-0.077776834	0.06255279	-0.06398196	0.08031771	-0.12794456	0.09727585	-0.06813296	0.082573704	-0.9446196	1.0000002	-0.1430718	0.062714085	-0.07445203	0.14020002	-0.10484276	0.09962236	-0.063669816	0.0673789	-0.14611714	0.06579971	-0.07620063
-0.1072313	0.09396514	-0.20092474	0.1784828	-0.09447868	0.10644622	-0.11823927	0.17750958	-0.2153469	0.07969038	-0.28675982	0.21385032	-0.33601093	0.2575408	-0.42648035	0.22750606	-0.21767196	0.15942185	-0.28868714	0.27302822	-0.17749564	0.1515596	-0.23790407	0.24303934	-0.36110473	0.12879577	-0.1617718	0.12740114	-0.1430718	1.0000004	-0.110156104	0.09505776	-0.11643611	0.14217609	-0.21501325	0.10518092	-0.09416881	0.12892197	-0.0926387	0.11201781
0.021495674	-0.018772235	0.034987547	-0.034018416	0.015955731	-0.023083135	0.023915047	-0.032534834	0.035925858	-0.013776224	0.06899759	-0.054032356	0.060791314	-0.047351822	0.06504533	-0.1443133	0.07855514	-0.06847492	0.050075278	-0.05221463	0.14736398	-0.12338237	0.12161236	-0.04837095	0.047542553	-0.2744475	0.2024888	-0.06449178	0.062714085	-0.110156104	1.0000004	-0.42416853	0.13804455	-0.086336255	0.090313256	-0.7693613	0.29153895	-0.15654658	0.06624003	-0.077770285
-0.017765002	0.015524277	-0.029714402	0.028406553	-0.01361471	0.018805873	-0.019734628	0.027379202	-0.030737936	0.011706943	-0.0552774	0.043019287	-0.05137671	0.040175922	-0.056986276	0.101168536	-0.06190959	0.05297036	-0.04403529	0.044515368	-0.10392805	0.09323686	-0.0958864	0.04270519	-0.042644642	0.14571795	-0.18125783	0.0745645	-0.07445203	0.09505776	-0.42416853	1.0000002	-0.28517997	0.119083345	-0.12527567	0.29464713	-0.760272	0.21863988	-0.08690067	0.09379262
0.017982023	-0.01577439	0.03194005	-0.02974964	0.0148527855	-0.01848536	0.019904861	-0.028938513	0.03366698	-0.012671184	0.05189603	-0.040066224	0.054436654	-0.043466017	0.065315455	-0.070503876	0.049906544	-0.04083898	0.051585544	-0.049790625	0.06261151	-0.05697226	0.06845993	-0.051687926	0.052693225	-0.07270667	0.08469776	-0.16541691	0.14020002	-0.11643611	0.13804455	-0.28517997	1.0000001	-0.38103107	0.25536558	-0.13416898	0.20538731	-0.771344	0.19630826	-0.21002646
-0.020630749	0.01808976	-0.037545215	0.03426886	-0.017566688	0.020871587	-0.022795659	0.033615246	-0.03990695	0.014906497	-0.05746073	0.04370275	-0.06330729	0.049579978	-0.077812456	0.06333145	-0.050473478	0.039444905	-0.05693461	0.054861188	-0.05364136	0.047574375	-0.06355201	0.053225014	-0.059441414	0.053178813	-0.06369862	0.09920744	-0.10484276	0.14217609	-0.086336255	0.119083345	-0.38103107	1.0000001	-0.7987921	0.082235314	-0.11379746	0.26376852	-0.3007427	0.23718831
0.02357958	-0.020693231	0.04297651	-0.039379258	0.020140117	-0.02386035	0.02605229	-0.038514834	0.04573024	-0.017096369	0.06551885	-0.04998364	0.072404146	-0.057116676	0.08933796	-0.07233776	0.057021663	-0.044658333	0.065847896	-0.06526307	0.05974747	-0.053094	0.07091388	-0.06276588	0.07071541	-0.058646496	0.06912518	-0.10277482	0.09962236	-0.21501325	0.090313256	-0.12527567	0.25536558	-0.7987921	1.0000001	-0.09258846	0.11417595	-0.32145217	0.23852326	-0.31780526
-0.021854552	0.019042654	-0.035848908	0.03435198	-0.016310222	0.023257658	-0.024298996	0.033117294	-0.03680409	0.014051748	-0.06923268	0.0534878	-0.062232856	0.0479314	-0.06707834	0.1282876	-0.0828245	0.06914584	-0.050810535	0.051930957	-0.14211905	0.11672443	-0.12848596	0.048160974	-0.04766337	0.18831912	-0.2069665	0.063008524	-0.063669816	0.10518092	-0.7693613	0.29464713	-0.13416898	0.082235314	-0.09258846	1.0000002	-0.47002962	0.14122796	-0.06365649	0.07189579
0.016961033	-0.014840977	0.028468493	-0.027332403	0.013086902	-0.01794673	0.018837223	-0.026231278	0.029524136	-0.011251901	0.052425306	-0.04098378	0.04905048	-0.03851723	0.054653894	-0.09630271	0.05739958	-0.049312912	0.042193167	-0.043049023	0.0917313	-0.08334188	0.086000964	-0.041043945	0.041026186	-0.12748475	0.13786763	-0.06933651	0.0673789	-0.09416881	0.29153895	-0.760272	0.20538731	-0.11379746	0.11417595	-0.47002962	1.0000002	-0.26069647	0.08886412	-0.100631356
-0.021816656	0.01912083	-0.03893545	0.03597765	-0.018114401	0.022326345	-0.024139099	0.035134334	-0.041096147	0.015427499	-0.06247491	0.047901172	-0.066175506	0.052220993	-0.079606436	0.080055036	-0.059511434	0.047757346	-0.06093774	0.058220178	-0.07198758	0.06414796	-0.08028502	0.05871374	-0.06134829	0.07932853	-0.094650865	0.13500428	-0.14611714	0.12892197	-0.15654658	0.21863988	-0.771344	0.26376852	-0.32145217	0.14122796	-0.26069647	1.0000002	-0.2794098	0.21275124
0.01411025	-0.012373384	0.025530852	-0.023441065	0.011944908	-0.014321774	0.015596067	-0.022907311	0.027111124	-0.010145927	0.039543886	-0.030160928	0.043041438	-0.033752438	0.052517086	-0.04560912	0.035648216	-0.02801175	0.038535435	-0.03751298	0.038849533	-0.03445068	0.045403127	-0.036170878	0.03914962	-0.039248202	0.04662119	-0.064140745	0.06579971	-0.0926387	0.06624003	-0.08690067	0.19630826	-0.3007427	0.23852326	-0.06365649	0.08886412	-0.2794098	1.0000001	-0.8737427
-0.018621784	0.01631995	-0.033820234	0.030870518	-0.015832743	0.018837646	-0.020575784	0.030254897	-0.035957213	0.013430845	-0.051868517	0.039368875	-0.056888018	0.044225078	-0.06954833	0.05705807	-0.046146173	0.035806958	-0.049802978	0.048007816	-0.048622154	0.042780478	-0.057868894	0.045429535	-0.049928937	0.047308106	-0.056927133	0.07124092	-0.07620063	0.11201781	-0.077770285	0.09379262	-0.21002646	0.23718831	-0.31780526	0.07189579	-0.100631356	0.21275124	-0.8737427	1.0000001
