1.0	-0.7377403	0.18531261	-0.10740837	0.12094696	-0.5686157	0.28796092	-0.19200072	0.121062994	-0.09703	0.066557206	-0.12582566	0.07621436	-0.081103444	0.13023135	-0.06420437	0.08125964	-0.105231024	0.050515056	-0.047100123	0.09749507	-0.07715412	0.02933046	-0.033590287	0.036130406	-0.033023532	0.041371904	-0.02693108	0.033592552	-0.034505405	0.03382569	-0.027960602	0.030803554	-0.034856882	0.026353355	-0.032903183	0.026341682	-0.040824406	0.01989887	-0.027195059
-0.7377403	0.99999994	-0.27258378	0.13657218	-0.1568072	0.32466313	-0.47050604	0.22407342	-0.15512301	0.11926152	-0.07979447	0.14436118	-0.090390764	0.09459971	-0.1593701	0.07395469	-0.096249655	0.11899114	-0.0583989	0.054060932	-0.11646987	0.0884357	-0.033822633	0.038547177	-0.04170625	0.038064055	-0.047880594	0.030954594	-0.03865983	0.039450064	-0.039049227	0.03216079	-0.035522364	0.039832026	-0.03021385	0.03765275	-0.030198175	0.046565197	-0.022724507	0.031011565
0.18531261	-0.27258378	1.0000002	-0.53663605	0.28240645	-0.30318978	0.2586984	-0.5712675	0.29033762	-0.25048107	0.09303507	-0.18060052	0.14157599	-0.16396472	0.2226939	-0.0963169	0.12442231	-0.20126309	0.09074077	-0.08887055	0.13753065	-0.12529363	0.05018157	-0.0615082	0.064858355	-0.055372555	0.06838283	-0.046662886	0.059766717	-0.063254386	0.05703473	-0.048112076	0.05260382	-0.063315324	0.047164407	-0.05776816	0.04602914	-0.0729834	0.0355554	-0.04888422
-0.10740837	0.13657218	-0.53663605	1.0000002	-0.5945441	0.1660027	-0.15536241	0.272465	-0.48299125	0.28668088	-0.06446548	0.1228662	-0.11339371	0.13561124	-0.20911351	0.06695939	-0.08828315	0.14837353	-0.06834287	0.06739141	-0.09693918	0.08865263	-0.03645164	0.045796804	-0.048584126	0.039734416	-0.049130395	0.033873744	-0.044086616	0.046574064	-0.04110969	0.034770258	-0.038070224	0.04631289	-0.034514006	0.041669603	-0.03324626	0.052722573	-0.02574833	0.035390828
0.12094696	-0.1568072	0.28240645	-0.5945441	1.0000002	-0.2091281	0.17284466	-0.2965243	0.3227697	-0.5579025	0.08598678	-0.16715388	0.14025235	-0.17569324	0.2581157	-0.091939785	0.12044248	-0.21462883	0.09535367	-0.0966235	0.12860678	-0.12421241	0.051350776	-0.065285005	0.06847213	-0.05607567	0.068824545	-0.048034735	0.062500216	-0.067024715	0.05797114	-0.04937601	0.053827662	-0.066722505	0.049388133	-0.059768286	0.047544923	-0.0761241	0.037102565	-0.051136397
-0.5686157	0.32466313	-0.30318978	0.1660027	-0.2091281	1.0000004	-0.57633936	0.2639158	-0.2026102	0.1556273	-0.10800415	0.18677863	-0.120352186	0.124781236	-0.2254675	0.09936577	-0.12966289	0.15666221	-0.07949594	0.07292757	-0.16411628	0.11928099	-0.046107274	0.052202757	-0.05692432	0.051980056	-0.06563772	0.042051706	-0.052697968	0.053351723	-0.05348647	0.04384893	-0.048592754	0.053894777	-0.04104439	0.051084567	-0.041057464	0.062960215	-0.030763557	0.04191456
0.28796092	-0.47050604	0.2586984	-0.15536241	0.17284466	-0.57633936	1.0000002	-0.47842127	0.19074921	-0.14677745	0.114690214	-0.26689053	0.12235744	-0.1264493	0.18792142	-0.106303275	0.13552587	-0.15962619	0.07409606	-0.06819991	0.15061565	-0.12102964	0.04375829	-0.048899192	0.052421667	-0.049431257	0.062038966	-0.040127687	0.04892319	-0.050053526	0.05013611	-0.04135195	0.045465797	-0.05068886	0.03838979	-0.048443276	0.038747896	-0.059802454	0.029110752	-0.039747793
-0.19200072	0.22407342	-0.5712675	0.272465	-0.2965243	0.2639158	-0.47842127	0.9999999	-0.4301787	0.2377744	-0.09716415	0.17978525	-0.16537637	0.16565406	-0.25592047	0.09374089	-0.12495211	0.17966446	-0.08584343	0.080998726	-0.14281605	0.11765088	-0.046914153	0.056358933	-0.060579512	0.051624212	-0.064583585	0.043148264	-0.055262264	0.057064056	-0.05326749	0.044402	-0.048917163	0.057011083	-0.042960778	0.052384876	-0.041962646	0.065418296	-0.031985797	0.043764073
0.121062994	-0.15512301	0.29033762	-0.48299125	0.3227697	-0.2026102	0.19074921	-0.4301787	0.99999994	-0.5808668	0.08340899	-0.16176595	0.16110349	-0.22289784	0.26551148	-0.087103866	0.11588482	-0.20200399	0.09047871	-0.08961449	0.12417633	-0.11575667	0.047692794	-0.06042639	0.06378997	-0.05156055	0.06373188	-0.044354588	0.05770922	-0.0611026	0.053288568	-0.04520047	0.04944224	-0.06056929	0.045082066	-0.05414714	0.043191776	-0.06857507	0.033512045	-0.046073023
-0.09703	0.11926152	-0.25048107	0.28668088	-0.5579025	0.1556273	-0.14677745	0.2377744	-0.5808668	0.99999976	-0.073422045	0.14006397	-0.1405323	0.17569333	-0.45118457	0.07732255	-0.103355445	0.182869	-0.08663995	0.08822051	-0.111092724	0.104383774	-0.04393633	0.05753765	-0.061902426	0.047259647	-0.058364417	0.040908676	-0.05448851	0.0576045	-0.049064983	0.041752655	-0.045711983	0.056733783	-0.042238463	0.050036836	-0.0399466	0.06353838	-0.031115443	0.042784985
0.066557206	-0.07979447	0.09303507	-0.06446548	0.08598678	-0.10800415	0.114690214	-0.09716415	0.08340899	-0.073422045	1.0000001	-0.46802825	0.11547352	-0.10811796	0.1432609	-0.78627354	0.21250597	-0.1737495	0.07544927	-0.0656565	0.26448986	-0.20620902	0.05468291	-0.05009778	0.05304683	-0.06868568	0.08354955	-0.05054304	0.052317355	-0.052763492	0.06432932	-0.05224078	0.056032974	-0.056000397	0.04265479	-0.06155806	0.04836768	-0.07414871	0.035282172	-0.048195977
-0.12582566	0.14436118	-0.18060052	0.1228662	-0.16715388	0.18677863	-0.26689053	0.17978525	-0.16176595	0.14006397	-0.46802825	1.0	-0.25100374	0.19294661	-0.28292412	0.2827926	-0.48484865	0.27400523	-0.12942024	0.10896407	-0.40150633	0.27709138	-0.08618594	0.082163975	-0.08871769	0.10038248	-0.12933756	0.077463	-0.08526476	0.08391545	-0.09900806	0.07938367	-0.08754716	0.08694582	-0.06718028	0.08988257	-0.072114184	0.10720334	-0.051970936	0.07030128
0.07621436	-0.090390764	0.14157599	-0.11339371	0.14025235	-0.120352186	0.12235744	-0.16537637	0.16110349	-0.1405323	0.11547352	-0.25100374	0.99999976	-0.7899243	0.26000914	-0.11290556	0.17832173	-0.42042702	0.12800221	-0.1082552	0.16402648	-0.15016262	0.062186662	-0.07623176	0.07834682	-0.06115707	0.07762423	-0.056508064	0.07025667	-0.07093551	0.06234944	-0.052568275	0.05792837	-0.068565786	0.05200672	-0.06013216	0.04839615	-0.07433589	0.036758896	-0.050030384
-0.081103444	0.09459971	-0.16396472	0.13561124	-0.17569324	0.124781236	-0.1264493	0.16565406	-0.22289784	0.17569333	-0.10811796	0.19294661	-0.7899243	0.9999995	-0.4003809	0.103436105	-0.1608036	0.27046466	-0.1371513	0.11146852	-0.16426651	0.13747086	-0.060664147	0.077902414	-0.08297659	0.06074782	-0.07755616	0.054594345	-0.07295476	0.072522506	-0.063442275	0.05308322	-0.05912736	0.06994718	-0.053445578	0.060650866	-0.049109988	0.07508533	-0.037303466	0.050675366
0.13023135	-0.1593701	0.2226939	-0.20911351	0.2581157	-0.2254675	0.18792142	-0.25592047	0.26551148	-0.45118457	0.1432609	-0.28292412	0.26000914	-0.4003809	0.9999993	-0.15794206	0.21207039	-0.4219444	0.1904672	-0.21635054	0.21461241	-0.22137389	0.09460289	-0.13010351	0.13847895	-0.10076789	0.12330297	-0.08901917	0.119789325	-0.12961128	0.10444972	-0.090201326	0.09810149	-0.12671356	0.09337893	-0.10926096	0.08692189	-0.14018273	0.06863172	-0.09471439
-0.06420437	0.07395469	-0.0963169	0.06695939	-0.091939785	0.09936577	-0.106303275	0.09374089	-0.087103866	0.07732255	-0.78627354	0.2827926	-0.11290556	0.103436105	-0.15794206	0.9999993	-0.2470601	0.17128311	-0.07981051	0.06846408	-0.4360691	0.21084498	-0.0587661	0.052634228	-0.056336734	0.075624965	-0.09222718	0.053729355	-0.055670366	0.055484816	-0.07080495	0.056460235	-0.06108654	0.05898712	-0.045279447	0.065431945	-0.05171578	0.077924415	-0.03717966	0.050557278
0.08125964	-0.096249655	0.12442231	-0.08828315	0.12044248	-0.12966289	0.13552587	-0.12495211	0.11588482	-0.103355445	0.21250597	-0.48484865	0.17832173	-0.1608036	0.21207039	-0.2470601	0.9999988	-0.4412643	0.1293715	-0.106654584	0.3044866	-0.61249304	0.096824676	-0.081904	0.084812775	-0.11202845	0.14517981	-0.08909833	0.08340969	-0.08246165	0.10025328	-0.08367148	0.08788502	-0.08560897	0.06540455	-0.09324211	0.07308267	-0.10899057	0.052097928	-0.070604354
-0.105231024	0.11899114	-0.20126309	0.14837353	-0.21462883	0.15666221	-0.15962619	0.17966446	-0.20200399	0.182869	-0.1737495	0.27400523	-0.42042702	0.27046466	-0.4219444	0.17128311	-0.4412643	0.99999833	-0.30142707	0.19254048	-0.30764374	0.26045457	-0.13218342	0.1446589	-0.15177122	0.11095894	-0.14733316	0.1111771	-0.13718812	0.1286131	-0.115580924	0.0960593	-0.10812152	0.122191	-0.095418826	0.1049799	-0.08591825	0.12685688	-0.0637633	0.08568908
0.050515056	-0.0583989	0.09074077	-0.06834287	0.09535367	-0.07949594	0.07409606	-0.08584343	0.09047871	-0.08663995	0.07544927	-0.12942024	0.12800221	-0.1371513	0.1904672	-0.07981051	0.1293715	-0.30142707	0.9999984	-0.66569763	0.13510945	-0.12847263	0.09463143	-0.46700242	0.31646946	-0.0780661	0.09874198	-0.09076938	0.2339026	-0.24640784	0.08451372	-0.0850153	0.095129155	-0.18846466	0.13910508	-0.08425497	0.07166166	-0.1111638	0.06325306	-0.08514143
-0.047100123	0.054060932	-0.08887055	0.06739141	-0.0966235	0.07292757	-0.06819991	0.080998726	-0.08961449	0.08822051	-0.0656565	0.10896407	-0.1082552	0.11146852	-0.21635054	0.06846408	-0.106654584	0.19254048	-0.66569763	0.99999857	-0.12143013	0.10569796	-0.08327995	0.29292193	-0.5831868	0.06626292	-0.085373014	0.07717511	-0.2174502	0.19529639	-0.072876	0.07052754	-0.08098266	0.14521798	-0.11878532	0.0702942	-0.060342968	0.09114939	-0.05226245	0.06941888
0.09749507	-0.11646987	0.13753065	-0.09693918	0.12860678	-0.16411628	0.15061565	-0.14281605	0.12417633	-0.111092724	0.26448986	-0.40150633	0.16402648	-0.16426651	0.21461241	-0.4360691	0.3044866	-0.30764374	0.13510945	-0.12143013	0.9999983	-0.5573638	0.115717314	-0.09567011	0.09985775	-0.17843595	0.1905059	-0.11022333	0.103151865	-0.10659085	0.14759585	-0.11928797	0.122325726	-0.1177204	0.08845873	-0.14648278	0.11170246	-0.1755562	0.081275746	-0.112052344
-0.07715412	0.0884357	-0.12529363	0.08865263	-0.12421241	0.11928099	-0.12102964	0.11765088	-0.11575667	0.104383774	-0.20620902	0.27709138	-0.15016262	0.13747086	-0.22137389	0.21084498	-0.61249304	0.26045457	-0.12847263	0.10569796	-0.5573638	0.9999982	-0.14097688	0.08639492	-0.09209606	0.16223109	-0.26042926	0.12046821	-0.097261004	0.09361966	-0.14647003	0.11914492	-0.12614189	0.10252766	-0.07938848	0.12450119	-0.09885878	0.13976628	-0.06639665	0.088929124
0.02933046	-0.033822633	0.05018157	-0.03645164	0.051350776	-0.046107274	0.04375829	-0.046914153	0.047692794	-0.04393633	0.05468291	-0.08618594	0.062186662	-0.060664147	0.09460289	-0.0587661	0.096824676	-0.13218342	0.09463143	-0.08327995	0.115717314	-0.14097688	0.999998	-0.105901234	0.08953686	-0.14511105	0.18320487	-0.9148654	0.14648156	-0.12873992	0.11433318	-0.12506023	0.12645979	-0.12030277	0.088705935	-0.11474021	0.08776984	-0.13117406	0.062618226	-0.08488015
-0.033590287	0.038547177	-0.0615082	0.045796804	-0.065285005	0.052202757	-0.048899192	0.056358933	-0.06042639	0.05753765	-0.05009778	0.082163975	-0.07623176	0.077902414	-0.13010351	0.052634228	-0.081904	0.1446589	-0.46700242	0.29292193	-0.09567011	0.08639492	-0.105901234	0.999998	-0.5888675	0.06464466	-0.08399113	0.099849425	-0.5288162	0.2653668	-0.0706509	0.0737348	-0.08507035	0.17762081	-0.15049064	0.06866057	-0.05953517	0.08968242	-0.05485241	0.07222109
0.036130406	-0.04170625	0.064858355	-0.048584126	0.06847213	-0.05692432	0.052421667	-0.060579512	0.06378997	-0.061902426	0.05304683	-0.08871769	0.07834682	-0.08297659	0.13847895	-0.056336734	0.084812775	-0.15177122	0.31646946	-0.5831868	0.09985775	-0.09209606	0.08953686	-0.5888675	0.999998	-0.0693654	0.0876474	-0.08725932	0.27523065	-0.34078804	0.07666044	-0.08219649	0.09292514	-0.2147524	0.16423973	-0.077186935	0.06676607	-0.103292696	0.062651426	-0.08384651
-0.033023532	0.038064055	-0.055372555	0.039734416	-0.05607567	0.051980056	-0.049431257	0.051624212	-0.05156055	0.047259647	-0.06868568	0.10038248	-0.06115707	0.06074782	-0.10076789	0.075624965	-0.11202845	0.11095894	-0.0780661	0.06626292	-0.17843595	0.16223109	-0.14511105	0.06464466	-0.0693654	0.99999833	-0.66161096	0.13558017	-0.08729755	0.083251394	-0.58912545	0.2139779	-0.20690526	0.11047978	-0.085981	0.23430702	-0.1756608	0.19407605	-0.08736606	0.11184665
0.041371904	-0.047880594	0.06838283	-0.049130395	0.068824545	-0.06563772	0.062038966	-0.064583585	0.06373188	-0.058364417	0.08354955	-0.12933756	0.07762423	-0.07755616	0.12330297	-0.09222718	0.14517981	-0.14733316	0.09874198	-0.085373014	0.1905059	-0.26042926	0.18320487	-0.08399113	0.0876474	-0.66161096	0.99999815	-0.22599997	0.11157258	-0.11038892	0.29728922	-0.35467106	0.23907563	-0.14891839	0.10943838	-0.27447316	0.19128901	-0.26515457	0.114931226	-0.15463462
-0.02693108	0.030954594	-0.046662886	0.033873744	-0.048034735	0.042051706	-0.040127687	0.043148264	-0.044354588	0.040908676	-0.05054304	0.077463	-0.056508064	0.054594345	-0.08901917	0.053729355	-0.08909833	0.1111771	-0.09076938	0.07717511	-0.11022333	0.12046821	-0.9148654	0.099849425	-0.08725932	0.13558017	-0.22599997	0.9999979	-0.17061275	0.119094074	-0.112779535	0.12207653	-0.13758785	0.11005773	-0.08456049	0.10219208	-0.08084993	0.1139022	-0.055503283	0.074000336
0.033592552	-0.03865983	0.059766717	-0.044086616	0.062500216	-0.052697968	0.04892319	-0.055262264	0.05770922	-0.05448851	0.052317355	-0.08526476	0.07025667	-0.07295476	0.119789325	-0.055670366	0.08340969	-0.13718812	0.2339026	-0.2174502	0.103151865	-0.097261004	0.14648156	-0.5288162	0.27523065	-0.08729755	0.11157258	-0.17061275	0.99999785	-0.621649	0.09428389	-0.10875333	0.12319074	-0.33125964	0.24754053	-0.09442765	0.08251409	-0.12582241	0.080920584	-0.10742581
-0.034505405	0.039450064	-0.063254386	0.046574064	-0.067024715	0.053351723	-0.050053526	0.057064056	-0.0611026	0.0576045	-0.052763492	0.08391545	-0.07093551	0.072522506	-0.12961128	0.055484816	-0.08246165	0.1286131	-0.24640784	0.19529639	-0.10659085	0.09361966	-0.12873992	0.2653668	-0.34078804	0.083251394	-0.11038892	0.119094074	-0.621649	0.999998	-0.09581553	0.103441246	-0.12738045	0.29388204	-0.50766575	0.08958706	-0.08203861	0.11836718	-0.0894786	0.11217523
0.03382569	-0.039049227	0.05703473	-0.04110969	0.05797114	-0.05348647	0.05013611	-0.05326749	0.053288568	-0.049064983	0.06432932	-0.09900806	0.06234944	-0.063442275	0.10444972	-0.07080495	0.10025328	-0.115580924	0.08451372	-0.072876	0.14759585	-0.14647003	0.11433318	-0.0706509	0.07666044	-0.58912545	0.29728922	-0.112779535	0.09428389	-0.09581553	0.999998	-0.26592565	0.20967864	-0.13534154	0.10215377	-0.5326167	0.25888282	-0.32070407	0.1313842	-0.17328784
-0.027960602	0.03216079	-0.048112076	0.034770258	-0.04937601	0.04384893	-0.04135195	0.044402	-0.04520047	0.041752655	-0.05224078	0.07938367	-0.052568275	0.05308322	-0.090201326	0.056460235	-0.08367148	0.0960593	-0.0850153	0.07052754	-0.11928797	0.11914492	-0.12506023	0.0737348	-0.08219649	0.2139779	-0.35467106	0.12207653	-0.10875333	0.103441246	-0.26592565	0.9999975	-0.79955524	0.17141451	-0.1344405	0.21093236	-0.2408357	0.21505612	-0.09954863	0.123751126
0.030803554	-0.035522364	0.05260382	-0.038070224	0.053827662	-0.048592754	0.045465797	-0.048917163	0.04944224	-0.045711983	0.056032974	-0.08754716	0.05792837	-0.05912736	0.09810149	-0.06108654	0.08788502	-0.10812152	0.095129155	-0.08098266	0.122325726	-0.12614189	0.12645979	-0.08507035	0.09292514	-0.20690526	0.23907563	-0.13758785	0.12319074	-0.12738045	0.20967864	-0.79955524	0.9999978	-0.26869112	0.15937588	-0.22792372	0.20150092	-0.2705662	0.1203838	-0.1586303
-0.034856882	0.039832026	-0.063315324	0.04631289	-0.066722505	0.053894777	-0.05068886	0.057011083	-0.06056929	0.056733783	-0.056000397	0.08694582	-0.068565786	0.06994718	-0.12671356	0.05898712	-0.08560897	0.122191	-0.18846466	0.14521798	-0.1177204	0.10252766	-0.12030277	0.17762081	-0.2147524	0.11047978	-0.14891839	0.11005773	-0.33125964	0.29388204	-0.13534154	0.17141451	-0.26869112	0.99999785	-0.7441568	0.12118798	-0.11826799	0.1587205	-0.13963139	0.15758957
0.026353355	-0.03021385	0.047164407	-0.034514006	0.049388133	-0.04104439	0.03838979	-0.042960778	0.045082066	-0.042238463	0.04265479	-0.06718028	0.05200672	-0.053445578	0.09337893	-0.045279447	0.06540455	-0.095418826	0.13910508	-0.11878532	0.08845873	-0.07938848	0.088705935	-0.15049064	0.16423973	-0.085981	0.10943838	-0.08456049	0.24754053	-0.50766575	0.10215377	-0.1344405	0.15937588	-0.7441568	0.99999815	-0.100721814	0.09601291	-0.14340143	0.12763055	-0.18059237
-0.032903183	0.03765275	-0.05776816	0.041669603	-0.059768286	0.051084567	-0.048443276	0.052384876	-0.05414714	0.050036836	-0.06155806	0.08988257	-0.06013216	0.060650866	-0.10926096	0.065431945	-0.09324211	0.1049799	-0.08425497	0.0702942	-0.14648278	0.12450119	-0.11474021	0.06866057	-0.077186935	0.23430702	-0.27447316	0.10219208	-0.09442765	0.08958706	-0.5326167	0.21093236	-0.22792372	0.12118798	-0.100721814	0.99999803	-0.64637685	0.2900864	-0.13443056	0.14534016
0.026341682	-0.030198175	0.04602914	-0.03324626	0.047544923	-0.041057464	0.038747896	-0.041962646	0.043191776	-0.0399466	0.04836768	-0.072114184	0.04839615	-0.049109988	0.08692189	-0.05171578	0.07308267	-0.08591825	0.07166166	-0.060342968	0.11170246	-0.09885878	0.08776984	-0.05953517	0.06676607	-0.1756608	0.19128901	-0.08084993	0.08251409	-0.08203861	0.25888282	-0.2408357	0.20150092	-0.11826799	0.09601291	-0.64637685	0.99999803	-0.59135115	0.17216517	-0.19949968
-0.040824406	0.046565197	-0.0729834	0.052722573	-0.0761241	0.062960215	-0.059802454	0.065418296	-0.06857507	0.06353838	-0.07414871	0.10720334	-0.07433589	0.07508533	-0.14018273	0.077924415	-0.10899057	0.12685688	-0.1111638	0.09114939	-0.1755562	0.13976628	-0.13117406	0.08968242	-0.103292696	0.19407605	-0.26515457	0.1139022	-0.12582241	0.11836718	-0.32070407	0.21505612	-0.2705662	0.1587205	-0.14340143	0.2900864	-0.59135115	0.99999815	-0.39863798	0.26371595
0.01989887	-0.022724507	0.0355554	-0.02574833	0.037102565	-0.030763557	0.029110752	-0.031985797	0.033512045	-0.031115443	0.035282172	-0.051970936	0.036758896	-0.037303466	0.06863172	-0.03717966	0.052097928	-0.0637633	0.06325306	-0.05226245	0.081275746	-0.06639665	0.062618226	-0.05485241	0.062651426	-0.08736606	0.114931226	-0.055503283	0.080920584	-0.0894786	0.1313842	-0.09954863	0.1203838	-0.13963139	0.12763055	-0.13443056	0.17216517	-0.39863798	0.9999981	-0.8545003
-0.027195059	0.031011565	-0.04888422	0.035390828	-0.051136397	0.04191456	-0.039747793	0.043764073	-0.046073023	0.042784985	-0.048195977	0.07030128	-0.050030384	0.050675366	-0.09471439	0.050557278	-0.070604354	0.08568908	-0.08514143	0.06941888	-0.112052344	0.088929124	-0.08488015	0.07222109	-0.08384651	0.11184665	-0.15463462	0.074000336	-0.10742581	0.11217523	-0.17328784	0.123751126	-0.1586303	0.15758957	-0.18059237	0.14534016	-0.19949968	0.26371595	-0.8545003	0.9999981
