1.0	-0.54900384	0.31442937	-0.14640065	0.16734722	-0.37214375	0.2833585	-0.3171829	0.15131739	-0.16232903	0.22293197	-0.2613867	0.23668428	-0.14830613	0.105339475	-0.23553745	0.20564596	-0.20807585	0.12307348	-0.13023889	0.21145539	-0.21729693	0.21258956	-0.13853401	0.12835456	-0.12685743	0.16190606	-0.20893553	0.10972656	-0.11511627	0.11879105	-0.21220085	0.17635559	-0.09312879	0.088126175	-0.24108341	0.15598482	-0.29875496	0.11161467	-0.102517836
-0.54900384	1.0000001	-0.6545717	0.1307974	-0.1341073	0.22776619	-0.37943482	0.2688418	-0.13361679	0.11668127	-0.16681643	0.2020045	-0.19803627	0.10129379	-0.07415211	0.15266848	-0.1523127	0.14393273	-0.08564431	0.08900872	-0.15114349	0.14404827	-0.14983658	0.091144264	-0.08599069	0.07365891	-0.09696021	0.1201584	-0.06770428	0.07012023	-0.06993682	0.120604835	-0.101410635	0.055316128	-0.052971315	0.12752394	-0.08446665	0.15959357	-0.0666631	0.05961639
0.31442937	-0.6545717	1.0	-0.22007194	0.1797201	-0.24090798	0.27658665	-0.42336082	0.18526526	-0.16736056	0.17329495	-0.23796636	0.23243056	-0.13820043	0.101895355	-0.17870891	0.17671017	-0.18384957	0.11368916	-0.1239912	0.17307493	-0.17775965	0.1849974	-0.12223894	0.11379578	-0.09904538	0.12817481	-0.16399388	0.09092367	-0.09528782	0.093298554	-0.16454059	0.13807459	-0.07524951	0.071765274	-0.18167165	0.11874015	-0.2264438	0.09027984	-0.08192519
-0.14640065	0.1307974	-0.22007194	1.0000001	-0.51235545	0.099657066	-0.11972325	0.17432305	-0.7524462	0.27146664	-0.08241945	0.10876283	-0.13045307	0.14338571	-0.13595186	0.08211091	-0.090795666	0.10298706	-0.11592162	0.14812738	-0.08866037	0.08690278	-0.11383461	0.101490006	-0.09972365	0.048531424	-0.064340964	0.08239176	-0.06189892	0.06488109	-0.04666818	0.079510294	-0.07016375	0.04639613	-0.04591867	0.0835819	-0.05612417	0.10585243	-0.056148026	0.04886454
0.16734722	-0.1341073	0.1797201	-0.51235545	0.99999976	-0.11865711	0.12782796	-0.18055268	0.31240883	-0.61725116	0.09927617	-0.1331123	0.15055104	-0.21638122	0.24118724	-0.103972755	0.11552083	-0.13849907	0.16498679	-0.3008321	0.11311388	-0.11497064	0.15427034	-0.16601768	0.15641768	-0.07002883	0.09177371	-0.1206809	0.094215296	-0.10196802	0.06710134	-0.1159854	0.10290708	-0.07086772	0.07015369	-0.12641948	0.084102996	-0.15977241	0.08499985	-0.07544872
-0.37214375	0.22776619	-0.24090798	0.099657066	-0.11865711	0.9999998	-0.500714	0.25346428	-0.11184889	0.1041282	-0.5989492	0.24746336	-0.22711737	0.1007495	-0.07083673	0.2728477	-0.21215864	0.16524214	-0.08797891	0.0845968	-0.25719061	0.19024111	-0.17507185	0.0935479	-0.08892677	0.07925913	-0.10743083	0.123268954	-0.06913708	0.07041557	-0.0758854	0.1251405	-0.103747785	0.055524398	-0.05332698	0.11837303	-0.08083734	0.1496383	-0.067121536	0.05866511
0.2833585	-0.37943482	0.27658665	-0.11972325	0.12782796	-0.500714	0.9999998	-0.51390797	0.1330152	-0.11756521	0.24429418	-0.42311713	0.27358565	-0.11142186	0.07730953	-0.21784897	0.21400814	-0.18340068	0.09520614	-0.09263636	0.19373283	-0.19125196	0.1766034	-0.09930614	0.09303636	-0.0796459	0.10792643	-0.12732764	0.071336664	-0.073373064	0.07556379	-0.12829678	0.106097065	-0.05732153	0.054989234	-0.12375118	0.08384664	-0.15645534	0.06893516	-0.06075921
-0.3171829	0.2688418	-0.42336082	0.17432305	-0.18055268	0.25346428	-0.51390797	0.9999997	-0.23671407	0.15816997	-0.21421693	0.28954208	-0.49992874	0.14305362	-0.10260957	0.18657285	-0.21669833	0.21952471	-0.12391978	0.119382925	-0.20132612	0.1859549	-0.22736555	0.12333894	-0.117948085	0.08606226	-0.11715819	0.14139721	-0.08546158	0.08730059	-0.082945	0.13815127	-0.11890225	0.06700591	-0.064946696	0.13460407	-0.09185811	0.17097133	-0.081097156	0.07043926
0.15131739	-0.13361679	0.18526526	-0.7524462	0.31240883	-0.11184889	0.1330152	-0.23671407	0.9999993	-0.41494307	0.09128955	-0.12444378	0.1481175	-0.20147167	0.17185324	-0.09216793	0.102441646	-0.11988806	0.14312133	-0.19542992	0.098582625	-0.09832123	0.1294165	-0.1248546	0.11945121	-0.054652568	0.07255867	-0.09336669	0.0717931	-0.07613123	0.052462917	-0.08968721	0.0792247	-0.053419657	0.052942596	-0.093926966	0.063130364	-0.11921585	0.06430944	-0.05615462
-0.16232903	0.11668127	-0.16736056	0.27146664	-0.61725116	0.1041282	-0.11756521	0.15816997	-0.41494307	0.9999993	-0.09036396	0.117349885	-0.14335826	0.19382274	-0.47418052	0.09097727	-0.104761474	0.1246391	-0.1711403	0.27764246	-0.10288194	0.09957481	-0.14767274	0.15016127	-0.16481712	0.057031807	-0.07648082	0.0986821	-0.090443775	0.093516305	-0.055490777	0.09290502	-0.084956765	0.06393761	-0.06477395	0.095468104	-0.06516095	0.12214115	-0.078154385	0.06579184
0.22293197	-0.16681643	0.17329495	-0.08241945	0.09927617	-0.5989492	0.24429418	-0.21421693	0.09128955	-0.09036396	0.99999934	-0.26119468	0.19065103	-0.091200925	0.062178697	-0.6061298	0.21038315	-0.15951988	0.07893735	-0.07515015	0.25853333	-0.21559525	0.15552938	-0.085063815	0.079508364	-0.07896736	0.10669142	-0.11981744	0.06347805	-0.064982876	0.073946275	-0.12502913	0.099263035	-0.051567763	0.04916168	-0.113639064	0.07760791	-0.14369327	0.061859343	-0.054497395
-0.2613867	0.2020045	-0.23796636	0.10876283	-0.1331123	0.24746336	-0.42311713	0.28954208	-0.12444378	0.117349885	-0.26119468	0.9999994	-0.5392846	0.13056158	-0.08474539	0.22679651	-0.49395937	0.260455	-0.11719751	0.10048003	-0.25646594	0.25338706	-0.24591652	0.11763489	-0.11075455	0.09094111	-0.13036679	0.14473975	-0.08192532	0.08302303	-0.08763957	0.14353019	-0.12014622	0.06428874	-0.061959233	0.12722138	-0.08873702	0.1627892	-0.07740872	0.066757426
0.23668428	-0.19803627	0.23243056	-0.13045307	0.15055104	-0.22711737	0.27358565	-0.49992874	0.1481175	-0.14335826	0.19065103	-0.5392846	0.99999946	-0.18567537	0.103593156	-0.20098239	0.27170372	-0.42583132	0.15012091	-0.12468232	0.20453572	-0.2333801	0.264233	-0.1453142	0.13003461	-0.09839219	0.13498414	-0.16709854	0.09432496	-0.09806302	0.09313728	-0.16022487	0.13502137	-0.07437984	0.071449615	-0.15224163	0.10383628	-0.19517286	0.088589795	-0.077966444
-0.14830613	0.10129379	-0.13820043	0.14338571	-0.21638122	0.1007495	-0.11142186	0.14305362	-0.20147167	0.19382274	-0.091200925	0.13056158	-0.18567537	0.9999992	-0.27116373	0.094406806	-0.12494658	0.18079585	-0.7856808	0.24323846	-0.10911388	0.10973472	-0.20334728	0.2519494	-0.26480937	0.059275962	-0.08233112	0.107694075	-0.122144185	0.1225543	-0.05805343	0.09612256	-0.09158159	0.07846316	-0.08130422	0.092215866	-0.06474738	0.12078365	-0.094849534	0.07662999
0.105339475	-0.07415211	0.101895355	-0.13595186	0.24118724	-0.07083673	0.07730953	-0.10260957	0.17185324	-0.47418052	0.062178697	-0.08474539	0.103593156	-0.27116373	0.9999993	-0.064542174	0.077800065	-0.1043371	0.20519374	-0.7524216	0.07304549	-0.073652	0.11920574	-0.17678334	0.18267886	-0.042416222	0.057506144	-0.07615957	0.08160585	-0.09136714	0.041199952	-0.0694491	0.06475081	-0.054918207	0.056079462	-0.06991188	0.04814644	-0.09066704	0.06487713	-0.055179656
-0.23553745	0.15266848	-0.17870891	0.08211091	-0.103972755	0.2728477	-0.21784897	0.18657285	-0.09216793	0.09097727	-0.6061298	0.22679651	-0.20098239	0.094406806	-0.064542174	0.9999992	-0.31453347	0.17557757	-0.084244676	0.07726821	-0.55345047	0.26534784	-0.18222345	0.090279154	-0.08560759	0.08710668	-0.120865494	0.12598403	-0.067290194	0.06784958	-0.08282233	0.1319487	-0.10493556	0.05382643	-0.05151914	0.11111243	-0.0778693	0.14137925	-0.06484574	0.05603856
0.20564596	-0.1523127	0.17671017	-0.090795666	0.11552083	-0.21215864	0.21400814	-0.21669833	0.102441646	-0.104761474	0.21038315	-0.49395937	0.27170372	-0.12494658	0.077800065	-0.31453347	0.9999993	-0.395923	0.113527454	-0.094226025	0.28658256	-0.56205654	0.24915728	-0.117336236	0.10639334	-0.105416335	0.1596304	-0.16295767	0.08153444	-0.08285085	0.09783187	-0.16839872	0.12892902	-0.06468644	0.06159009	-0.13016078	0.09234499	-0.16787544	0.07682713	-0.06650678
-0.20807585	0.14393273	-0.18384957	0.10298706	-0.13849907	0.16524214	-0.18340068	0.21952471	-0.11988806	0.1246391	-0.15951988	0.260455	-0.42583132	0.18079585	-0.1043371	0.17557757	-0.395923	0.9999993	-0.20769495	0.12510592	-0.20370285	0.22650474	-0.6625327	0.17794587	-0.15882976	0.094083525	-0.13959968	0.1769455	-0.102151915	0.10332253	-0.09150781	0.15092684	-0.14113297	0.07624055	-0.074048325	0.13114248	-0.09366649	0.17264739	-0.09053944	0.07671306
0.12307348	-0.08564431	0.11368916	-0.11592162	0.16498679	-0.08797891	0.09520614	-0.12391978	0.14312133	-0.1711403	0.07893735	-0.11719751	0.15012091	-0.7856808	0.20519374	-0.084244676	0.113527454	-0.20769495	0.9999994	-0.2901917	0.09521425	-0.100805484	0.18706708	-0.37990683	0.23943296	-0.05345871	0.07418435	-0.09871207	0.10598181	-0.11424357	0.05191422	-0.087264314	0.082177535	-0.06922368	0.0708553	-0.08365697	0.058475863	-0.109801546	0.081518285	-0.06798917
-0.13023889	0.08900872	-0.1239912	0.14812738	-0.3008321	0.0845968	-0.09263636	0.119382925	-0.19542992	0.27764246	-0.07515015	0.10048003	-0.12468232	0.24323846	-0.7524216	0.07726821	-0.094226025	0.12510592	-0.2901917	0.9999992	-0.0887685	0.087991394	-0.14976805	0.21185276	-0.2965813	0.050583936	-0.0691331	0.09129674	-0.10851581	0.11672145	-0.04944373	0.08246026	-0.07825795	0.0697704	-0.07245338	0.08180856	-0.056853358	0.10655056	-0.08301097	0.068700604
0.21145539	-0.15114349	0.17307493	-0.08866037	0.11311388	-0.25719061	0.19373283	-0.20132612	0.098582625	-0.10288194	0.25853333	-0.25646594	0.20453572	-0.10911388	0.07304549	-0.55345047	0.28658256	-0.20370285	0.09521425	-0.0887685	0.9999991	-0.5894658	0.19600303	-0.10502294	0.097791724	-0.1325662	0.17725505	-0.17349103	0.08192933	-0.08298273	0.11691851	-0.19591767	0.13950023	-0.06709482	0.06326106	-0.14759892	0.10381666	-0.18751186	0.079734124	-0.06972323
-0.21729693	0.14404827	-0.17775965	0.08690278	-0.11497064	0.19024111	-0.19125196	0.1859549	-0.09832123	0.09957481	-0.21559525	0.25338706	-0.2333801	0.10973472	-0.073652	0.26534784	-0.56205654	0.22650474	-0.100805484	0.087991394	-0.5894658	0.9999991	-0.24404728	0.10882592	-0.10373269	0.13083695	-0.26222107	0.17869149	-0.08442095	0.08293711	-0.12510751	0.19796547	-0.14626637	0.06702308	-0.06358382	0.12994295	-0.09692002	0.16741332	-0.0800518	0.067584276
0.21258956	-0.14983658	0.1849974	-0.11383461	0.15427034	-0.17507185	0.1766034	-0.22736555	0.1294165	-0.14767274	0.15552938	-0.24591652	0.264233	-0.20334728	0.11920574	-0.18222345	0.24915728	-0.6625327	0.18706708	-0.14976805	0.19600303	-0.24404728	0.99999905	-0.27975592	0.1945079	-0.124565996	0.17873093	-0.29581884	0.13211839	-0.14001335	0.11764198	-0.207303	0.19375347	-0.10159711	0.09643017	-0.18609667	0.1306211	-0.25057527	0.117105074	-0.10263759
-0.13853401	0.091144264	-0.12223894	0.101490006	-0.16601768	0.0935479	-0.09930614	0.12333894	-0.1248546	0.15016127	-0.085063815	0.11763489	-0.1453142	0.2519494	-0.17678334	0.090279154	-0.117336236	0.17794587	-0.37990683	0.21185276	-0.10502294	0.10882592	-0.27975592	0.9999989	-0.74225754	0.06383874	-0.090239614	0.12573093	-0.20301896	0.20690836	-0.06267676	0.10460887	-0.10573166	0.11438248	-0.12226693	0.09843154	-0.070313364	0.13210717	-0.1328645	0.105326794
0.12835456	-0.08599069	0.11379578	-0.09972365	0.15641768	-0.08892677	0.09303636	-0.117948085	0.11945121	-0.16481712	0.079508364	-0.11075455	0.13003461	-0.26480937	0.18267886	-0.08560759	0.10639334	-0.15882976	0.23943296	-0.2965813	0.097791724	-0.10373269	0.1945079	-0.74225754	0.99999887	-0.06383098	0.08838412	-0.12584396	0.20579888	-0.33896452	0.061967522	-0.1058825	0.10463544	-0.12412599	0.12882261	-0.10274467	0.07231597	-0.13789211	0.13243084	-0.11649354
-0.12685743	0.07365891	-0.09904538	0.048531424	-0.07002883	0.07925913	-0.0796459	0.08606226	-0.054652568	0.057031807	-0.07896736	0.09094111	-0.09839219	0.059275962	-0.042416222	0.08710668	-0.105416335	0.094083525	-0.05345871	0.050583936	-0.1325662	0.13083695	-0.124565996	0.06383874	-0.06383098	0.999999	-0.3773048	0.18120778	-0.06737824	0.061930075	-0.84940916	0.26933956	-0.16273059	0.056135986	-0.05143247	0.122124255	-0.10282322	0.14221174	-0.066544555	0.053308465
0.16190606	-0.09696021	0.12817481	-0.064340964	0.09177371	-0.10743083	0.10792643	-0.11715819	0.07255867	-0.07648082	0.10669142	-0.13036679	0.13498414	-0.08233112	0.057506144	-0.120865494	0.1596304	-0.13959968	0.07418435	-0.0691331	0.17725505	-0.26222107	0.17873093	-0.090239614	0.08838412	-0.3773048	0.9999988	-0.47223788	0.10030747	-0.09184071	0.26532507	-0.6447658	0.26567367	-0.083205394	0.073371604	-0.1609545	0.14082022	-0.21518162	0.09293837	-0.075522564
-0.20893553	0.1201584	-0.16399388	0.08239176	-0.1206809	0.123268954	-0.12732764	0.14139721	-0.09336669	0.0986821	-0.11981744	0.14473975	-0.16709854	0.107694075	-0.07615957	0.12598403	-0.16295767	0.1769455	-0.09871207	0.09129674	-0.17349103	0.17869149	-0.29581884	0.12573093	-0.12584396	0.18120778	-0.47223788	0.99999857	-0.1756315	0.13864164	-0.1912294	0.2997629	-0.6334196	0.13053001	-0.11249765	0.17109628	-0.15929322	0.27139562	-0.13980475	0.10870407
0.10972656	-0.06770428	0.09092367	-0.06189892	0.094215296	-0.06913708	0.071336664	-0.08546158	0.0717931	-0.090443775	0.06347805	-0.08192532	0.09432496	-0.122144185	0.08160585	-0.067290194	0.08153444	-0.102151915	0.10598181	-0.10851581	0.08192933	-0.08442095	0.13211839	-0.20301896	0.20579888	-0.06737824	0.10030747	-0.1756315	0.9999986	-0.7392817	0.06655182	-0.11506477	0.13968542	-0.44988424	0.26348904	-0.100941174	0.07622118	-0.14814965	0.24761103	-0.23818743
-0.11511627	0.07012023	-0.09528782	0.06488109	-0.10196802	0.07041557	-0.073373064	0.08730059	-0.07613123	0.093516305	-0.064982876	0.08302303	-0.09806302	0.1225543	-0.09136714	0.06784958	-0.08285085	0.10332253	-0.11424357	0.11672145	-0.08298273	0.08293711	-0.14001335	0.20690836	-0.33896452	0.061930075	-0.09184071	0.13864164	-0.7392817	0.9999988	-0.062387474	0.10334604	-0.1260445	0.2743498	-0.34855625	0.09247889	-0.07044544	0.13312276	-0.27717727	0.2176599
0.11879105	-0.06993682	0.093298554	-0.04666818	0.06710134	-0.0758854	0.07556379	-0.082945	0.052462917	-0.055490777	0.073946275	-0.08763957	0.09313728	-0.05805343	0.041199952	-0.08282233	0.09783187	-0.09150781	0.05191422	-0.04944373	0.11691851	-0.12510751	0.11764198	-0.06267676	0.061967522	-0.84940916	0.26532507	-0.1912294	0.06655182	-0.062387474	0.99999875	-0.37932694	0.16201682	-0.056739453	0.051353816	-0.14802815	0.11537121	-0.15922673	0.06632681	-0.05419488
-0.21220085	0.120604835	-0.16454059	0.079510294	-0.1159854	0.1251405	-0.12829678	0.13815127	-0.08968721	0.09290502	-0.12502913	0.14353019	-0.16022487	0.09612256	-0.0694491	0.1319487	-0.16839872	0.15092684	-0.087264314	0.08246026	-0.19591767	0.19796547	-0.207303	0.10460887	-0.1058825	0.26933956	-0.6447658	0.2997629	-0.11506477	0.10334604	-0.37932694	0.99999875	-0.3804024	0.098651625	-0.08915188	0.19300973	-0.20720239	0.24383757	-0.11570216	0.089975566
0.17635559	-0.101410635	0.13807459	-0.07016375	0.10290708	-0.103747785	0.106097065	-0.11890225	0.0792247	-0.084956765	0.099263035	-0.12014622	0.13502137	-0.09158159	0.06475081	-0.10493556	0.12892902	-0.14113297	0.082177535	-0.07825795	0.13950023	-0.14626637	0.19375347	-0.10573166	0.10463544	-0.16273059	0.26567367	-0.6334196	0.13968542	-0.1260445	0.16201682	-0.3804024	0.9999989	-0.15389952	0.1129348	-0.2154014	0.19476144	-0.51575226	0.1418618	-0.11273897
-0.09312879	0.055316128	-0.07524951	0.04639613	-0.07086772	0.055524398	-0.05732153	0.06700591	-0.053419657	0.06393761	-0.051567763	0.06428874	-0.07437984	0.07846316	-0.054918207	0.05382643	-0.06468644	0.07624055	-0.06922368	0.0697704	-0.06709482	0.06702308	-0.10159711	0.11438248	-0.12412599	0.056135986	-0.083205394	0.13053001	-0.44988424	0.2743498	-0.056739453	0.098651625	-0.15389952	0.9999988	-0.5682607	0.08642997	-0.06888473	0.13640793	-0.57161754	0.3153936
0.088126175	-0.052971315	0.071765274	-0.04591867	0.07015369	-0.05332698	0.054989234	-0.064946696	0.052942596	-0.06477395	0.04916168	-0.061959233	0.071449615	-0.08130422	0.056079462	-0.05151914	0.06159009	-0.074048325	0.0708553	-0.07245338	0.06326106	-0.06358382	0.09643017	-0.12226693	0.12882261	-0.05143247	0.073371604	-0.11249765	0.26348904	-0.34855625	0.051353816	-0.08915188	0.1129348	-0.5682607	0.9999988	-0.08211577	0.062681966	-0.123877235	0.32824674	-0.64273894
-0.24108341	0.12752394	-0.18167165	0.0835819	-0.12641948	0.11837303	-0.12375118	0.13460407	-0.093926966	0.095468104	-0.113639064	0.12722138	-0.15224163	0.092215866	-0.06991188	0.11111243	-0.13016078	0.13114248	-0.08365697	0.08180856	-0.14759892	0.12994295	-0.18609667	0.09843154	-0.10274467	0.122124255	-0.1609545	0.17109628	-0.100941174	0.09247889	-0.14802815	0.19300973	-0.2154014	0.08642997	-0.08211577	0.9999988	-0.798991	0.29262802	-0.11575416	0.08589741
0.15598482	-0.08446665	0.11874015	-0.05612417	0.084102996	-0.08083734	0.08384664	-0.09185811	0.063130364	-0.06516095	0.07760791	-0.08873702	0.10383628	-0.06474738	0.04814644	-0.0778693	0.09234499	-0.09366649	0.058475863	-0.056853358	0.10381666	-0.09692002	0.1306211	-0.070313364	0.07231597	-0.10282322	0.14082022	-0.15929322	0.07622118	-0.07044544	0.11537121	-0.20720239	0.19476144	-0.06888473	0.062681966	-0.798991	0.9999987	-0.46898857	0.0885528	-0.06719504
-0.29875496	0.15959357	-0.2264438	0.10585243	-0.15977241	0.1496383	-0.15645534	0.17097133	-0.11921585	0.12214115	-0.14369327	0.1627892	-0.19517286	0.12078365	-0.09066704	0.14137925	-0.16787544	0.17264739	-0.109801546	0.10655056	-0.18751186	0.16741332	-0.25057527	0.13210717	-0.13789211	0.14221174	-0.21518162	0.27139562	-0.14814965	0.13312276	-0.15922673	0.24383757	-0.51575226	0.13640793	-0.123877235	0.29262802	-0.46898857	0.9999986	-0.18601733	0.1295559
0.11161467	-0.0666631	0.09027984	-0.056148026	0.08499985	-0.067121536	0.06893516	-0.081097156	0.06430944	-0.078154385	0.061859343	-0.07740872	0.088589795	-0.094849534	0.06487713	-0.06484574	0.07682713	-0.09053944	0.081518285	-0.08301097	0.079734124	-0.0800518	0.117105074	-0.1328645	0.13243084	-0.066544555	0.09293837	-0.13980475	0.24761103	-0.27717727	0.06632681	-0.11570216	0.1418618	-0.57161754	0.32824674	-0.11575416	0.0885528	-0.18601733	0.99999857	-0.643244
-0.102517836	0.05961639	-0.08192519	0.04886454	-0.07544872	0.05866511	-0.06075921	0.07043926	-0.05615462	0.06579184	-0.054497395	0.066757426	-0.077966444	0.07662999	-0.055179656	0.05603856	-0.06650678	0.07671306	-0.06798917	0.068700604	-0.06972323	0.067584276	-0.10263759	0.105326794	-0.11649354	0.053308465	-0.075522564	0.10870407	-0.23818743	0.2176599	-0.05419488	0.089975566	-0.11273897	0.3153936	-0.64273894	0.08589741	-0.06719504	0.1295559	-0.643244	0.99999857
