1.0	-0.69215137	0.13483854	-0.13221724	0.11443206	-0.59043145	0.3130526	-0.15749896	0.14556555	-0.09573657	0.19296649	-0.20997337	0.12858799	-0.09129086	0.07618848	-0.12542363	0.094788134	-0.10566105	0.09238241	-0.067665055	0.10839554	-0.09533599	0.077934004	-0.07674599	0.058281254	-0.05063352	0.054919638	-0.072479494	0.06365439	-0.0701582	0.039320033	-0.04681613	0.06533367	-0.035052065	0.03313681	-0.034401685	0.037679702	-0.08600343	0.034219947	-0.030001216
-0.69215137	0.9999998	-0.19814596	0.1545103	-0.13272385	0.3199282	-0.54741347	0.18849286	-0.18846571	0.1068845	-0.19753484	0.19946405	-0.14780945	0.10076388	-0.08561518	0.12208918	-0.09928501	0.11142688	-0.10360617	0.073731944	-0.11809027	0.09837506	-0.08314434	0.081765704	-0.06355808	0.053794473	-0.058914453	0.07666844	-0.068408854	0.0752377	-0.041956387	0.04967292	-0.069872536	0.037554786	-0.035619758	0.036417186	-0.040078286	0.090284154	-0.036791593	0.032123853
0.13483854	-0.19814596	0.99999964	-0.8738601	0.15507081	-0.13300802	0.15557073	-0.30148473	0.24247077	-0.1370457	0.10704118	-0.12665501	0.1448266	-0.1104246	0.09449076	-0.09818093	0.08249396	-0.11300634	0.10349967	-0.08304485	0.098174065	-0.09217279	0.08094302	-0.08466112	0.06757379	-0.049035527	0.0530025	-0.07809056	0.069619894	-0.081968054	0.040969286	-0.04923694	0.06940395	-0.038176857	0.03617756	-0.036804445	0.040027007	-0.09520813	0.037035722	-0.03301863
-0.13221724	0.1545103	-0.8738601	0.9999993	-0.18815939	0.12059982	-0.14867309	0.23428196	-0.32339254	0.1420061	-0.105309926	0.118810415	-0.14573207	0.1098679	-0.09965485	0.09495743	-0.08117562	0.108602695	-0.107135184	0.084239274	-0.09962106	0.09001939	-0.08013349	0.08383349	-0.06884738	0.04890187	-0.053122375	0.07702267	-0.069696195	0.08204541	-0.0409113	0.04892738	-0.06931269	0.03819181	-0.036322113	0.03653527	-0.039884288	0.093946844	-0.037184272	0.03304605
0.11443206	-0.13272385	0.15507081	-0.18815939	0.99999946	-0.14335959	0.14411178	-0.21130039	0.23230593	-0.6130365	0.16671638	-0.19963819	0.22436479	-0.21660903	0.2865876	-0.21531056	0.17877348	-0.23820786	0.22313073	-0.29373682	0.23085265	-0.22981036	0.19864784	-0.23607686	0.21125373	-0.12954883	0.1367069	-0.22312911	0.19877961	-0.2824433	0.12106327	-0.14841965	0.20067918	-0.11405174	0.108936876	-0.117352374	0.12479007	-0.33082342	0.10931707	-0.10278296
-0.59043145	0.3199282	-0.13300802	0.12059982	-0.14335959	0.99999934	-0.5769048	0.19075604	-0.19289625	0.114347	-0.35799938	0.25695723	-0.16619153	0.11186853	-0.09417248	0.15963137	-0.123596914	0.12845339	-0.116551414	0.08157883	-0.14280252	0.11667435	-0.09640053	0.09299058	-0.07123591	0.063625485	-0.069722444	0.087800905	-0.077936016	0.0843035	-0.048482962	0.057283033	-0.08024067	0.042807456	-0.040557526	0.041787475	-0.04605186	0.10262734	-0.04198331	0.036506116
0.3130526	-0.54741347	0.15557073	-0.14867309	0.14411178	-0.5769048	0.99999905	-0.31880406	0.21415414	-0.12470474	0.24345592	-0.34978756	0.18275955	-0.12328622	0.09852473	-0.15217373	0.12089976	-0.13807155	0.120806284	-0.08603646	0.13501482	-0.11911283	0.09936686	-0.09716416	0.07387441	-0.062796764	0.068419866	-0.09099001	0.08037713	-0.088136055	0.048873056	-0.058131963	0.08177729	-0.04392684	0.041520406	-0.042573195	0.046707954	-0.10595993	0.04288025	-0.037499405
-0.15749896	0.18849286	-0.30148473	0.23428196	-0.21130039	0.19075604	-0.31880406	0.99999934	-0.7048113	0.19868833	-0.16760309	0.19806172	-0.38045976	0.19695628	-0.15192279	0.14643346	-0.1305632	0.18871878	-0.18042344	0.12215345	-0.1500029	0.13913131	-0.12957825	0.1288126	-0.10217693	0.07302535	-0.079844184	0.11667843	-0.10591854	0.118396	-0.060172375	0.07177551	-0.103819005	0.056760393	-0.053772368	0.05278544	-0.05790629	0.1329701	-0.05528625	0.04847149
0.14556555	-0.18846571	0.24247077	-0.32339254	0.23230593	-0.19289625	0.21415414	-0.7048113	0.9999996	-0.31724772	0.1625587	-0.20406003	0.25960988	-0.23916624	0.18016757	-0.16181196	0.1378313	-0.20410833	0.19001672	-0.14923698	0.15932384	-0.15628016	0.13971488	-0.14820696	0.11870866	-0.08092559	0.08743415	-0.13339539	0.1198477	-0.14091426	0.06784133	-0.08173825	0.11656393	-0.06466294	0.061171796	-0.060688723	0.06601583	-0.1561676	0.0625351	-0.055660788
-0.09573657	0.1068845	-0.1370457	0.1420061	-0.6130365	0.114347	-0.12470474	0.19868833	-0.31724772	0.99999994	-0.13377802	0.15113714	-0.2113054	0.20260061	-0.55079955	0.15109096	-0.13367946	0.17788851	-0.21711351	0.25473127	-0.18428849	0.1588838	-0.14868522	0.17171322	-0.1992241	0.09136829	-0.09987563	0.15092649	-0.15045069	0.19781446	-0.08101952	0.09608441	-0.14013329	0.081304535	-0.07925626	0.07214547	-0.07937041	0.18555523	-0.07976311	0.071343996
0.19296649	-0.19753484	0.10704118	-0.105309926	0.16671638	-0.35799938	0.24345592	-0.16760309	0.1625587	-0.13377802	0.99999994	-0.6979777	0.21552047	-0.14754349	0.11596038	-0.42321354	0.2202819	-0.19961375	0.1516513	-0.10644868	0.2142816	-0.19612631	0.14494489	-0.13378641	0.095237866	-0.097554415	0.1047203	-0.12899205	0.110331304	-0.11554466	0.0703642	-0.08383307	0.11541164	-0.06053792	0.056839567	-0.060662955	0.0664016	-0.14841804	0.059046347	-0.05125379
-0.20997337	0.19946405	-0.12665501	0.118810415	-0.19963819	0.25695723	-0.34978756	0.19806172	-0.20406003	0.15113714	-0.6979777	0.99999994	-0.32711947	0.17336099	-0.13541958	0.26418927	-0.24158363	0.2105077	-0.18571049	0.11891647	-0.24340768	0.19206974	-0.15797493	0.14401776	-0.10686412	0.1038342	-0.115428925	0.13682322	-0.12144593	0.1257066	-0.07647745	0.08971553	-0.12619446	0.06624583	-0.0626544	0.06460891	-0.0716502	0.15480706	-0.065193884	0.05598339
0.12858799	-0.14780945	0.1448266	-0.14573207	0.22436479	-0.16619153	0.18275955	-0.38045976	0.25960988	-0.2113054	0.21552047	-0.32711947	0.99999994	-0.47066557	0.1902378	-0.23373374	0.21761234	-0.48968405	0.2880399	-0.1729783	0.21522355	-0.2364705	0.22841294	-0.21684213	0.14610957	-0.110602774	0.12035421	-0.19441773	0.16690977	-0.17641267	0.09068193	-0.10978683	0.16077419	-0.08702904	0.080961645	-0.07972318	0.08683162	-0.20138137	0.08357052	-0.07304385
-0.09129086	0.10076388	-0.1104246	0.1098679	-0.21660903	0.11186853	-0.12328622	0.19695628	-0.23916624	0.20260061	-0.14754349	0.17336099	-0.47066557	1.0	-0.280001	0.15996425	-0.15345258	0.2415518	-0.7104131	0.19719046	-0.1767126	0.1704722	-0.17597128	0.20048675	-0.15549663	0.088079736	-0.097212546	0.15480702	-0.15815392	0.1692925	-0.07491371	0.08945518	-0.13526171	0.077563725	-0.073284164	0.06497484	-0.07157677	0.16212824	-0.075137585	0.06518878
0.07618848	-0.08561518	0.09449076	-0.09965485	0.2865876	-0.09417248	0.09852473	-0.15192279	0.18016757	-0.55079955	0.11596038	-0.13541958	0.1902378	-0.280001	0.99999994	-0.14082521	0.12585296	-0.17653915	0.2307157	-0.5915608	0.16297907	-0.15596527	0.14996436	-0.19799559	0.2543534	-0.08516121	0.09270738	-0.15763554	0.1672566	-0.27574098	0.07695858	-0.09285345	0.13793167	-0.08641098	0.08435002	-0.069001764	0.07526957	-0.17893738	0.0824026	-0.07668666
-0.12542363	0.12208918	-0.09818093	0.09495743	-0.21531056	0.15963137	-0.15217373	0.14643346	-0.16181196	0.15109096	-0.42321354	0.26418927	-0.23373374	0.15996425	-0.14082521	1.0000002	-0.5837167	0.2496033	-0.19150743	0.12819	-0.45868227	0.28728035	-0.20786849	0.17042048	-0.12133195	0.15959853	-0.1765563	0.16962597	-0.14700891	0.14366561	-0.102092825	0.11860905	-0.16044527	0.08097877	-0.07629205	0.08352857	-0.09289758	0.19152388	-0.08002765	0.06772017
0.094788134	-0.09928501	0.08249396	-0.08117562	0.17877348	-0.123596914	0.12089976	-0.1305632	0.1378313	-0.13367946	0.2202819	-0.24158363	0.21761234	-0.15345258	0.12585296	-0.5837167	1.0000001	-0.4022064	0.17655444	-0.11870161	0.27223212	-0.556751	0.24983284	-0.18260832	0.114257514	-0.13912469	0.15230012	-0.18034297	0.14733648	-0.1376926	0.090789884	-0.108520925	0.15354592	-0.077420495	0.071624495	-0.07508644	0.08262251	-0.17568615	0.0751127	-0.06354828
-0.10566105	0.11142688	-0.11300634	0.108602695	-0.23820786	0.12845339	-0.13807155	0.18871878	-0.20410833	0.17788851	-0.19961375	0.2105077	-0.48968405	0.2415518	-0.17653915	0.2496033	-0.4022064	1.0000001	-0.3108985	0.16031335	-0.27024817	0.2965751	-0.49870116	0.24501462	-0.15642941	0.13051835	-0.14960162	0.23301442	-0.20627828	0.17896585	-0.10566211	0.124214895	-0.20443712	0.10144712	-0.09416989	0.08668012	-0.09714362	0.20435517	-0.09908231	0.08189861
0.09238241	-0.10360617	0.10349967	-0.107135184	0.22313073	-0.116551414	0.120806284	-0.18042344	0.19001672	-0.21711351	0.1516513	-0.18571049	0.2880399	-0.7104131	0.2307157	-0.19150743	0.17655444	-0.3108985	1.0000002	-0.2580229	0.19711003	-0.21378826	0.2126768	-0.31475633	0.18580495	-0.104746565	0.11382487	-0.19982651	0.19976656	-0.22149192	0.09049164	-0.11006059	0.16419065	-0.096932866	0.089980096	-0.080240384	0.087286025	-0.20513678	0.09170092	-0.08126753
-0.067665055	0.073731944	-0.08304485	0.084239274	-0.29373682	0.08157883	-0.08603646	0.12215345	-0.14923698	0.25473127	-0.10644868	0.11891647	-0.1729783	0.19719046	-0.5915608	0.12819	-0.11870161	0.16031335	-0.2580229	1.0000001	-0.1649205	0.1443118	-0.14924894	0.19844837	-0.57358134	0.082251	-0.09133648	0.15189768	-0.18608375	0.27780944	-0.0749886	0.08856063	-0.1395971	0.089247055	-0.089683205	0.06453815	-0.07185203	0.16031577	-0.08709172	0.07739115
0.10839554	-0.11809027	0.098174065	-0.09962106	0.23085265	-0.14280252	0.13501482	-0.1500029	0.15932384	-0.18428849	0.2142816	-0.24340768	0.21522355	-0.1767126	0.16297907	-0.45868227	0.27223212	-0.27024817	0.19711003	-0.1649205	1.0	-0.3879257	0.23529561	-0.22885537	0.15233515	-0.40785062	0.27091062	-0.2472354	0.18897994	-0.19899079	0.16336308	-0.2019372	0.22338793	-0.110957734	0.10231988	-0.14598642	0.15067732	-0.3544742	0.106686406	-0.094553374
-0.09533599	0.09837506	-0.09217279	0.09001939	-0.22981036	0.11667435	-0.11911283	0.13913131	-0.15628016	0.1588838	-0.19612631	0.19206974	-0.2364705	0.1704722	-0.15596527	0.28728035	-0.556751	0.2965751	-0.21378826	0.1443118	-0.3879257	0.9999998	-0.46700525	0.23024623	-0.14771561	0.19442838	-0.2635703	0.23306933	-0.20163193	0.17109579	-0.12543523	0.1462075	-0.21623291	0.10319031	-0.09596156	0.097839326	-0.11006313	0.21590742	-0.10163848	0.083216555
0.077934004	-0.08314434	0.08094302	-0.08013349	0.19864784	-0.09640053	0.09936686	-0.12957825	0.13971488	-0.14868522	0.14494489	-0.15797493	0.22841294	-0.17597128	0.14996436	-0.20786849	0.24983284	-0.49870116	0.2126768	-0.14924894	0.23529561	-0.46700525	0.99999976	-0.43578503	0.16054901	-0.13076271	0.14971496	-0.43121988	0.25710028	-0.19540682	0.10882258	-0.1344157	0.23139496	-0.1144417	0.1004869	-0.089980476	0.09924484	-0.21696304	0.106013216	-0.08737336
-0.07674599	0.081765704	-0.08466112	0.08383349	-0.23607686	0.09299058	-0.09716416	0.1288126	-0.14820696	0.17171322	-0.13378641	0.14401776	-0.21684213	0.20048675	-0.19799559	0.17042048	-0.18260832	0.24501462	-0.31475633	0.19844837	-0.22885537	0.23024623	-0.43578503	0.9999998	-0.2866437	0.11659292	-0.13465683	0.2824421	-0.61532426	0.2762394	-0.10755286	0.12765677	-0.23337585	0.1551665	-0.13835816	0.087728836	-0.098811194	0.20825648	-0.14676559	0.11314023
0.058281254	-0.06355808	0.06757379	-0.06884738	0.21125373	-0.07123591	0.07387441	-0.10217693	0.11870866	-0.1992241	0.095237866	-0.10686412	0.14610957	-0.15549663	0.2543534	-0.12133195	0.114257514	-0.15642941	0.18580495	-0.57358134	0.15233515	-0.14771561	0.16054901	-0.2866437	0.9999999	-0.08007476	0.08871914	-0.17577735	0.23707587	-0.63441086	0.07493351	-0.09048027	0.1462567	-0.10632169	0.10654131	-0.06491472	0.071588986	-0.16312963	0.097812235	-0.09305267
-0.05063352	0.053794473	-0.049035527	0.04890187	-0.12954883	0.063625485	-0.062796764	0.07302535	-0.08092559	0.09136829	-0.097554415	0.1038342	-0.110602774	0.088079736	-0.08516121	0.15959853	-0.13912469	0.13051835	-0.104746565	0.082251	-0.40785062	0.19442838	-0.13076271	0.11659292	-0.08007476	0.9999999	-0.8236106	0.139605	-0.10500177	0.10017495	-0.1973911	0.19580753	-0.14908494	0.06417978	-0.058771987	0.11356656	-0.124373734	0.17778811	-0.062432807	0.052344758
0.054919638	-0.058914453	0.0530025	-0.053122375	0.1367069	-0.069722444	0.068419866	-0.079844184	0.08743415	-0.09987563	0.1047203	-0.115428925	0.12035421	-0.097212546	0.09270738	-0.1765563	0.15230012	-0.14960162	0.11382487	-0.09133648	0.27091062	-0.2635703	0.14971496	-0.13465683	0.08871914	-0.8236106	0.99999976	-0.16922115	0.11808575	-0.11329032	0.18358466	-0.2662411	0.16522716	-0.07174988	0.0648223	-0.1231315	0.12648869	-0.20520023	0.068649404	-0.058305558
-0.072479494	0.07666844	-0.07809056	0.07702267	-0.22312911	0.087800905	-0.09099001	0.11667843	-0.13339539	0.15092649	-0.12899205	0.13682322	-0.19441773	0.15480702	-0.15763554	0.16962597	-0.18034297	0.23301442	-0.19982651	0.15189768	-0.2472354	0.23306933	-0.43121988	0.2824421	-0.17577735	0.139605	-0.16922115	0.9999998	-0.42689234	0.2181357	-0.15536232	0.1863544	-0.5833064	0.16848595	-0.14255802	0.115541354	-0.13326252	0.26304945	-0.1549498	0.117136
0.06365439	-0.068408854	0.069619894	-0.069696195	0.19877961	-0.077936016	0.08037713	-0.10591854	0.1198477	-0.15045069	0.110331304	-0.12144593	0.16690977	-0.15815392	0.1672566	-0.14700891	0.14733648	-0.20627828	0.19976656	-0.18608375	0.18897994	-0.20163193	0.25710028	-0.61532426	0.23707587	-0.10500177	0.11808575	-0.42689234	0.9999998	-0.44916776	0.1034281	-0.129109	0.23632255	-0.22687998	0.15676111	-0.08697932	0.09590974	-0.2158006	0.16327985	-0.13265437
-0.0701582	0.0752377	-0.081968054	0.08204541	-0.2824433	0.0843035	-0.088136055	0.118396	-0.14091426	0.19781446	-0.11554466	0.1257066	-0.17641267	0.1692925	-0.27574098	0.14366561	-0.1376926	0.17896585	-0.22149192	0.27780944	-0.19899079	0.17109579	-0.19540682	0.2762394	-0.63441086	0.10017495	-0.11329032	0.2181357	-0.44916776	1.0	-0.0963853	0.11333358	-0.200641	0.15282765	-0.17181231	0.07986429	-0.090166435	0.19198991	-0.14535972	0.12923576
0.039320033	-0.041956387	0.040969286	-0.0409113	0.12106327	-0.048482962	0.048873056	-0.060172375	0.06784133	-0.08101952	0.0703642	-0.07647745	0.09068193	-0.07491371	0.07695858	-0.102092825	0.090789884	-0.10566211	0.09049164	-0.0749886	0.16336308	-0.12543523	0.10882258	-0.10755286	0.07493351	-0.1973911	0.18358466	-0.15536232	0.1034281	-0.0963853	1.0000001	-0.73352385	0.21234111	-0.07570612	0.065710194	-0.4655619	0.27114716	-0.26962087	0.07098912	-0.05845661
-0.04681613	0.04967292	-0.04923694	0.04892738	-0.14841965	0.057283033	-0.058131963	0.07177551	-0.08173825	0.09608441	-0.08383307	0.08971553	-0.10978683	0.08945518	-0.09285345	0.11860905	-0.108520925	0.124214895	-0.11006059	0.08856063	-0.2019372	0.1462075	-0.1344157	0.12765677	-0.09048027	0.19580753	-0.2662411	0.1863544	-0.129109	0.11333358	-0.73352385	1.0000005	-0.3548396	0.09665741	-0.08406673	0.2559142	-0.30417964	0.25210974	-0.091986634	0.07183751
0.06533367	-0.069872536	0.06940395	-0.06931269	0.20067918	-0.08024067	0.08177729	-0.103819005	0.11656393	-0.14013329	0.11541164	-0.12619446	0.16077419	-0.13526171	0.13793167	-0.16044527	0.15354592	-0.20443712	0.16419065	-0.1395971	0.22338793	-0.21623291	0.23139496	-0.23337585	0.1462567	-0.14908494	0.16522716	-0.5833064	0.23632255	-0.200641	0.21234111	-0.3548396	1.0000007	-0.23413914	0.15505245	-0.17199555	0.18460532	-0.47988003	0.1695457	-0.1369373
-0.035052065	0.037554786	-0.038176857	0.03819181	-0.11405174	0.042807456	-0.04392684	0.056760393	-0.06466294	0.081304535	-0.06053792	0.06624583	-0.08702904	0.077563725	-0.08641098	0.08097877	-0.077420495	0.10144712	-0.096932866	0.089247055	-0.110957734	0.10319031	-0.1144417	0.1551665	-0.10632169	0.06417978	-0.07174988	0.16848595	-0.22687998	0.15282765	-0.07570612	0.09665741	-0.23413914	1.0000004	-0.5567119	0.062265527	-0.06916363	0.1557333	-0.6813596	0.3210248
0.03313681	-0.035619758	0.03617756	-0.036322113	0.108936876	-0.040557526	0.041520406	-0.053772368	0.061171796	-0.07925626	0.056839567	-0.0626544	0.080961645	-0.073284164	0.08435002	-0.07629205	0.071624495	-0.09416989	0.089980096	-0.089683205	0.10231988	-0.09596156	0.1004869	-0.13835816	0.10654131	-0.058771987	0.0648223	-0.14255802	0.15676111	-0.17181231	0.065710194	-0.08406673	0.15505245	-0.5567119	1.0000006	-0.05668178	0.06206396	-0.14505184	0.3284936	-0.71536547
-0.034401685	0.036417186	-0.036804445	0.03653527	-0.117352374	0.041787475	-0.042573195	0.05278544	-0.060688723	0.07214547	-0.060662955	0.06460891	-0.07972318	0.06497484	-0.069001764	0.08352857	-0.07508644	0.08668012	-0.080240384	0.06453815	-0.14598642	0.097839326	-0.089980476	0.087728836	-0.06491472	0.11356656	-0.1231315	0.115541354	-0.08697932	0.07986429	-0.4655619	0.2559142	-0.17199555	0.062265527	-0.05668178	1.0000011	-0.78054327	0.23820613	-0.06171251	0.049094066
0.037679702	-0.040078286	0.040027007	-0.039884288	0.12479007	-0.04605186	0.046707954	-0.05790629	0.06601583	-0.07937041	0.0664016	-0.0716502	0.08683162	-0.07157677	0.07526957	-0.09289758	0.08262251	-0.09714362	0.087286025	-0.07185203	0.15067732	-0.11006313	0.09924484	-0.098811194	0.071588986	-0.124373734	0.12648869	-0.13326252	0.09590974	-0.090166435	0.27114716	-0.30417964	0.18460532	-0.06916363	0.06206396	-0.78054327	1.0000011	-0.40879136	0.06732918	-0.054921888
-0.08600343	0.090284154	-0.09520813	0.093946844	-0.33082342	0.10262734	-0.10595993	0.1329701	-0.1561676	0.18555523	-0.14841804	0.15480706	-0.20138137	0.16212824	-0.17893738	0.19152388	-0.17568615	0.20435517	-0.20513678	0.16031577	-0.3544742	0.21590742	-0.21696304	0.20825648	-0.16312963	0.17778811	-0.20520023	0.26304945	-0.2158006	0.19198991	-0.26962087	0.25210974	-0.47988003	0.1557333	-0.14505184	0.23820613	-0.40879136	1.0000011	-0.16073734	0.1218161
0.034219947	-0.036791593	0.037035722	-0.037184272	0.10931707	-0.04198331	0.04288025	-0.05528625	0.0625351	-0.07976311	0.059046347	-0.065193884	0.08357052	-0.075137585	0.0824026	-0.08002765	0.0751127	-0.09908231	0.09170092	-0.08709172	0.106686406	-0.10163848	0.106013216	-0.14676559	0.097812235	-0.062432807	0.068649404	-0.1549498	0.16327985	-0.14535972	0.07098912	-0.091986634	0.1695457	-0.6813596	0.3284936	-0.06171251	0.06732918	-0.16073734	1.0000007	-0.5921364
-0.030001216	0.032123853	-0.03301863	0.03304605	-0.10278296	0.036506116	-0.037499405	0.04847149	-0.055660788	0.071343996	-0.05125379	0.05598339	-0.07304385	0.06518878	-0.07668666	0.06772017	-0.06354828	0.08189861	-0.08126753	0.07739115	-0.094553374	0.083216555	-0.08737336	0.11314023	-0.09305267	0.052344758	-0.058305558	0.117136	-0.13265437	0.12923576	-0.05845661	0.07183751	-0.1369373	0.3210248	-0.71536547	0.049094066	-0.054921888	0.1218161	-0.5921364	1.0000007
