1.0000001	-0.82925063	0.19867444	-0.121448405	0.13397051	-0.39586076	0.24627607	-0.18094347	0.05326467	-0.050757475	0.16478537	-0.1476603	0.13562173	-0.051425956	0.04670344	-0.15132698	0.116261445	-0.15138379	0.04356654	-0.040109944	0.06966416	-0.07540554	0.014950877	-0.015803995	0.01849091	-0.050865006	0.043375548	-0.014937096	0.010735506	-0.01331556	0.03405466	-0.03912639	0.011789932	-0.007063501	0.0056090076	-0.011956616	0.008695906	-0.010196421	0.008506726	-0.006159373
-0.82925063	0.99999994	-0.29445297	0.13800538	-0.16406724	0.2570504	-0.3238637	0.19528358	-0.059129983	0.055353835	-0.15047647	0.13689736	-0.14218973	0.053281944	-0.049089693	0.1313752	-0.11031151	0.14429724	-0.04466104	0.04091547	-0.063074715	0.067190915	-0.014380309	0.01586453	-0.018637283	0.045626987	-0.03938771	0.014329934	-0.010697541	0.013258058	-0.030956555	0.035212055	-0.01139663	0.006862276	-0.0054637818	0.011351995	-0.008213176	0.009778246	-0.008226962	0.0059922766
0.19867444	-0.29445297	0.99999994	-0.47679383	0.28738743	-0.24951735	0.26383317	-0.6228388	0.10589387	-0.102990046	0.15798414	-0.18912016	0.2334957	-0.0914742	0.080848016	-0.17718993	0.15045275	-0.2522871	0.073660836	-0.068974204	0.08384654	-0.09305826	0.022610206	-0.025202462	0.02915521	-0.06292297	0.053606045	-0.022676824	0.016715217	-0.020755935	0.0420592	-0.048717044	0.016573489	-0.010157942	0.008091609	-0.01629305	0.0116746165	-0.014205068	0.011951953	-0.008885841
-0.121448405	0.13800538	-0.47679383	0.99999994	-0.77988595	0.1522705	-0.17422044	0.23229049	-0.1750614	0.1509974	-0.101875335	0.117708676	-0.15144855	0.08930157	-0.085114874	0.11268131	-0.09707688	0.15603967	-0.06758619	0.06467966	-0.054661095	0.060317606	-0.015842916	0.02157325	-0.025132928	0.04119239	-0.035269856	0.015849901	-0.0138541525	0.01722076	-0.027746866	0.03200828	-0.01228801	0.0077045723	-0.006200775	0.011746463	-0.008332653	0.010425077	-0.008949851	0.006777992
0.13397051	-0.16406724	0.28738743	-0.77988595	0.9999997	-0.21758842	0.20063365	-0.29107127	0.17385922	-0.21052481	0.13932073	-0.16315861	0.18260247	-0.11178639	0.104457326	-0.16513008	0.13458486	-0.22678238	0.08545318	-0.08461977	0.07927807	-0.08908732	0.022566928	-0.028922856	0.033431012	-0.06091373	0.051611148	-0.022695411	0.018845746	-0.023605166	0.04065161	-0.047368597	0.017572355	-0.010930233	0.008769221	-0.017083341	0.012110353	-0.0150490375	0.012780835	-0.009615527
-0.39586076	0.2570504	-0.24951735	0.1522705	-0.21758842	0.99999964	-0.5504567	0.23089124	-0.08319649	0.07653642	-0.5137665	0.25546062	-0.22813967	0.07971987	-0.07466613	0.25105634	-0.21306093	0.2166559	-0.06837022	0.06127797	-0.121606484	0.119842485	-0.022886375	0.024620844	-0.029219184	0.08122911	-0.07162537	0.022644835	-0.016770598	0.02068117	-0.05621082	0.062189307	-0.018845817	0.011189449	-0.008897216	0.01896977	-0.013901646	0.016155286	-0.013595617	0.0097413305
0.24627607	-0.3238637	0.26383317	-0.17422044	0.20063365	-0.5504567	0.99999934	-0.4452841	0.088345684	-0.08482253	0.27339017	-0.3399675	0.2661865	-0.09548796	0.08460187	-0.29302797	0.23029587	-0.310026	0.081444934	-0.07494062	0.13391162	-0.1488988	0.02926069	-0.029713772	0.03455108	-0.09990795	0.08446439	-0.02931385	0.020261392	-0.02513342	0.06623131	-0.07696444	0.022532428	-0.0134855015	0.010683897	-0.023064256	0.016778914	-0.019591006	0.01623774	-0.011750028
-0.18094347	0.19528358	-0.6228388	0.23229049	-0.29107127	0.23089124	-0.4452841	0.9999993	-0.10302608	0.094630145	-0.1681993	0.20835596	-0.43290916	0.09998905	-0.08930533	0.17088197	-0.16562979	0.25529683	-0.080737375	0.07175115	-0.08250194	0.08893236	-0.02274439	0.025880503	-0.030151607	0.059907082	-0.051964782	0.022602797	-0.016994268	0.020902334	-0.04064309	0.046330422	-0.016279748	0.010015341	-0.007988731	0.015718246	-0.011280076	0.013803259	-0.0117195435	0.008750959
0.05326467	-0.059129983	0.10589387	-0.1750614	0.17385922	-0.08319649	0.088345684	-0.10302608	0.99999917	-0.86597145	0.06232905	-0.07685233	0.106509775	-0.32125014	0.23932442	-0.07123389	0.0658196	-0.11692079	0.15971069	-0.1715963	0.034953665	-0.03848097	0.01571778	-0.0399726	0.045232408	-0.02633084	0.02278551	-0.015736794	0.02273001	-0.02810751	0.01788387	-0.02056863	0.012171708	-0.008704259	0.0072616064	-0.010275504	0.0070662666	-0.0098997485	0.009240868	-0.0077842
-0.050757475	0.055353835	-0.102990046	0.1509974	-0.21052481	0.07653642	-0.08482253	0.094630145	-0.86597145	0.99999946	-0.057993423	0.07034663	-0.100306846	0.23679939	-0.32347706	0.06500919	-0.060983866	0.105495915	-0.16517363	0.160055	-0.032146737	0.035188697	-0.014908584	0.039069414	-0.04549254	0.024129199	-0.02096255	0.014861744	-0.022283245	0.027117355	-0.016456665	0.018863402	-0.0116505595	0.008363738	-0.006984964	0.009715039	-0.0066726212	0.00941405	-0.008857114	0.0074706804
0.16478537	-0.15047647	0.15798414	-0.101875335	0.13932073	-0.5137665	0.27339017	-0.1681993	0.06232905	-0.057993423	0.9999994	-0.4915432	0.22238423	-0.07088487	0.06373331	-0.5447516	0.2868359	-0.24623492	0.062027793	-0.054960627	0.16800612	-0.17239031	0.02337339	-0.021806417	0.025482792	-0.10924046	0.091720544	-0.023216948	0.014916927	-0.018213047	0.07084007	-0.0806423	0.017410614	-0.0102648195	0.008081527	-0.018673962	0.01415076	-0.015289819	0.012514085	-0.008862283
-0.1476603	0.13689736	-0.18912016	0.117708676	-0.16315861	0.25546062	-0.3399675	0.20835596	-0.07685233	0.07034663	-0.4915432	0.9999991	-0.427235	0.09361119	-0.08380649	0.3032593	-0.5683413	0.30043647	-0.080611475	0.068743266	-0.14021255	0.1396842	-0.025956348	0.025844445	-0.030198975	0.08794358	-0.079775296	0.025550013	-0.017239725	0.020943502	-0.060697537	0.06675267	-0.017986959	0.010822434	-0.00856283	0.018139903	-0.013465895	0.01539778	-0.012878615	0.009374151
0.13562173	-0.14218973	0.2334957	-0.15144855	0.18260247	-0.22813967	0.2661865	-0.43290916	0.106509775	-0.100306846	0.22238423	-0.427235	0.99999917	-0.18284357	0.13132864	-0.24576427	0.27354184	-0.6300306	0.13022651	-0.11293743	0.11311798	-0.12233987	0.03699934	-0.03763125	0.042707525	-0.07971524	0.06966446	-0.036926527	0.02413541	-0.02925269	0.053833757	-0.061282184	0.02122191	-0.013296307	0.010538507	-0.020001108	0.014392416	-0.017795783	0.0150881875	-0.011550399
-0.051425956	0.053281944	-0.0914742	0.08930157	-0.11178639	0.07971987	-0.09548796	0.09998905	-0.32125014	0.23679939	-0.07088487	0.09361119	-0.18284357	0.99999946	-0.6677708	0.07709941	-0.08284596	0.15271059	-0.5267875	0.31433317	-0.03822207	0.041088827	-0.022709342	0.07366933	-0.08311607	0.027895298	-0.024665471	0.022454068	-0.039585043	0.045266673	-0.019226726	0.021819815	-0.016401192	0.012502028	-0.01052472	0.012829119	-0.008740488	0.0129205305	-0.012659522	0.011116595
0.04670344	-0.049089693	0.080848016	-0.085114874	0.104457326	-0.07466613	0.08460187	-0.08930533	0.23932442	-0.32347706	0.06373331	-0.08380649	0.13132864	-0.6677708	0.99999946	-0.07194251	0.073248364	-0.13976139	0.3150261	-0.5430811	0.035505887	-0.03859301	0.02171851	-0.07172424	0.07950458	-0.026299149	0.02311577	-0.021760298	0.038059045	-0.0469464	0.018052347	-0.020605331	0.016134057	-0.012424558	0.010533495	-0.012663428	0.008579562	-0.012808012	0.012533479	-0.011167637
-0.15132698	0.1313752	-0.17718993	0.11268131	-0.16513008	0.25105634	-0.29302797	0.17088197	-0.07123389	0.06500919	-0.5447516	0.3032593	-0.24576427	0.07709941	-0.07194251	0.9999995	-0.52591866	0.24891087	-0.06909659	0.059697468	-0.3481677	0.22439161	-0.026805777	0.024448274	-0.028912462	0.14427221	-0.12853757	0.026305504	-0.016892029	0.020497277	-0.09930652	0.10345352	-0.020758267	0.01207004	-0.009493496	0.022607457	-0.017443527	0.018222496	-0.014924799	0.010385639
0.116261445	-0.11031151	0.15045275	-0.09707688	0.13458486	-0.21306093	0.23029587	-0.16562979	0.0658196	-0.060983866	0.2868359	-0.5683413	0.27354184	-0.08284596	0.073248364	-0.52591866	0.99999946	-0.47321185	0.077120304	-0.066230096	0.1800953	-0.20375304	0.029371288	-0.024996929	0.028836025	-0.11119571	0.09970976	-0.029005025	0.016844762	-0.020312874	0.074003585	-0.08322975	0.018310811	-0.010929379	0.0085718585	-0.019105297	0.014477927	-0.015862843	0.013022483	-0.009402387
-0.15138379	0.14429724	-0.2522871	0.15603967	-0.22678238	0.2166559	-0.310026	0.25529683	-0.11692079	0.105495915	-0.24623492	0.30043647	-0.6300306	0.15271059	-0.13976139	0.24891087	-0.47321185	0.99999934	-0.1639443	0.122236095	-0.12861657	0.12911183	-0.052438866	0.044215452	-0.05111104	0.08426991	-0.07782628	0.048831005	-0.028908944	0.03433538	-0.05950063	0.06508314	-0.02569334	0.015959445	-0.012582266	0.02312031	-0.016566886	0.0209889	-0.017949805	0.013783442
0.04356654	-0.04466104	0.073660836	-0.06758619	0.08545318	-0.06837022	0.081444934	-0.080737375	0.15971069	-0.16517363	0.062027793	-0.080611475	0.13022651	-0.5267875	0.3150261	-0.06909659	0.077120304	-0.1639443	0.9999987	-0.7382252	0.034458056	-0.037000358	0.0279619	-0.12359811	0.11747182	-0.025208227	0.02249775	-0.027779013	0.05729824	-0.06534512	0.0174886	-0.019836215	0.019673208	-0.015971472	0.013588331	-0.014562223	0.00977743	-0.015248575	0.01550355	-0.014211349
-0.040109944	0.04091547	-0.068974204	0.06467966	-0.08461977	0.06127797	-0.07494062	0.07175115	-0.1715963	0.160055	-0.054960627	0.068743266	-0.11293743	0.31433317	-0.5430811	0.059697468	-0.066230096	0.122236095	-0.7382252	0.99999845	-0.030302543	0.032378033	-0.025546318	0.10492814	-0.12874232	0.022264158	-0.019937616	0.02528005	-0.053705323	0.062038183	-0.015535356	0.017573297	-0.018770108	0.015214058	-0.013000181	0.01379336	-0.009230811	0.014515021	-0.014833281	0.013607123
0.06966416	-0.063074715	0.08384654	-0.054661095	0.07927807	-0.121606484	0.13391162	-0.08250194	0.034953665	-0.032146737	0.16800612	-0.14021255	0.11311798	-0.03822207	0.035505887	-0.3481677	0.1800953	-0.12861657	0.034458056	-0.030302543	0.99999833	-0.73596084	0.024401061	-0.014981808	0.01761675	-0.40047228	0.26618192	-0.024307048	0.011393171	-0.013518022	0.20149574	-0.22424956	0.020724902	-0.011320028	0.008684298	-0.028300546	0.023782834	-0.020019924	0.015039118	-0.009513298
-0.07540554	0.067190915	-0.09305826	0.060317606	-0.08908732	0.119842485	-0.1488988	0.08893236	-0.03848097	0.035188697	-0.17239031	0.1396842	-0.12233987	0.041088827	-0.03859301	0.22439161	-0.20375304	0.12911183	-0.037000358	0.032378033	-0.73596084	0.99999845	-0.029051583	0.01644846	-0.019384043	0.27132493	-0.45121747	0.028632382	-0.012590812	0.014830991	-0.22068596	0.2183428	-0.022399522	0.01221052	-0.009365949	0.029352782	-0.024804465	0.021065986	-0.016109427	0.010243689
0.014950877	-0.014380309	0.022610206	-0.015842916	0.022566928	-0.022886375	0.02926069	-0.02274439	0.01571778	-0.014908584	0.02337339	-0.025956348	0.03699934	-0.022709342	0.02171851	-0.026805777	0.029371288	-0.052438866	0.0279619	-0.025546318	0.024401061	-0.029051583	0.9999982	-0.11664967	0.102821425	-0.029301466	0.03702464	-0.96935666	0.10228526	-0.10592111	0.021800622	-0.028750276	0.09986474	-0.06287209	0.041760348	-0.058767147	0.036541414	-0.06992914	0.052561853	-0.04877184
-0.015803995	0.01586453	-0.025202462	0.02157325	-0.028922856	0.024620844	-0.029713772	0.025880503	-0.0399726	0.039069414	-0.021806417	0.025844445	-0.03763125	0.07366933	-0.07172424	0.024448274	-0.024996929	0.044215452	-0.12359811	0.10492814	-0.014981808	0.01644846	-0.11664967	0.9999984	-0.81434447	0.013671445	-0.013843072	0.105060555	-0.45232433	0.29266655	-0.010500112	0.012255816	-0.069574974	0.06556741	-0.05549092	0.041494817	-0.026846718	0.04907725	-0.057253223	0.054826923
0.01849091	-0.018637283	0.02915521	-0.025132928	0.033431012	-0.029219184	0.03455108	-0.030151607	0.045232408	-0.04549254	0.025482792	-0.030198975	0.042707525	-0.08311607	0.07950458	-0.028912462	0.028836025	-0.05111104	0.11747182	-0.12874232	0.01761675	-0.019384043	0.102821425	-0.81434447	0.99999845	-0.016134437	0.01607317	-0.108717285	0.29289484	-0.4400539	0.012448292	-0.01446941	0.080350876	-0.07655612	0.06874886	-0.05365282	0.034070525	-0.062277157	0.0680627	-0.0716449
-0.050865006	0.045626987	-0.06292297	0.04119239	-0.06091373	0.08122911	-0.09990795	0.059907082	-0.02633084	0.024129199	-0.10924046	0.08794358	-0.07971524	0.027895298	-0.026299149	0.14427221	-0.11119571	0.08426991	-0.025208227	0.022264158	-0.40047228	0.27132493	-0.029301466	0.013671445	-0.016134437	0.99999833	-0.5180427	0.028889358	-0.011303231	0.01308955	-0.6360972	0.3184179	-0.026386958	0.013825867	-0.010527215	0.039129313	-0.033954762	0.02552635	-0.019230854	0.011447708
0.043375548	-0.03938771	0.053606045	-0.035269856	0.051611148	-0.07162537	0.08446439	-0.051964782	0.02278551	-0.02096255	0.091720544	-0.079775296	0.06966446	-0.024665471	0.02311577	-0.12853757	0.09970976	-0.07782628	0.02249775	-0.019937616	0.26618192	-0.45121747	0.03702464	-0.013843072	0.01607317	-0.5180427	0.99999803	-0.03863137	0.01183445	-0.013439036	0.3106473	-0.61795855	0.026820194	-0.014269438	0.01067819	-0.040894166	0.036766026	-0.027850252	0.0192741	-0.011750228
-0.014937096	0.014329934	-0.022676824	0.015849901	-0.022695411	0.022644835	-0.02931385	0.022602797	-0.015736794	0.014861744	-0.023216948	0.025550013	-0.036926527	0.022454068	-0.021760298	0.026305504	-0.029005025	0.048831005	-0.027779013	0.02528005	-0.024307048	0.028632382	-0.96935666	0.105060555	-0.108717285	0.028889358	-0.03863137	0.9999979	-0.11063827	0.09919516	-0.021736067	0.028423041	-0.11236109	0.061306488	-0.040992666	0.054608766	-0.03458235	0.06563347	-0.051629562	0.046543065
0.010735506	-0.010697541	0.016715217	-0.0138541525	0.018845746	-0.016770598	0.020261392	-0.016994268	0.02273001	-0.022283245	0.014916927	-0.017239725	0.02413541	-0.039585043	0.038059045	-0.016892029	0.016844762	-0.028908944	0.05729824	-0.053705323	0.011393171	-0.012590812	0.10228526	-0.45232433	0.29289484	-0.011303231	0.01183445	-0.11063827	0.999998	-0.81906253	0.009134652	-0.010686454	0.09272171	-0.11363383	0.09142728	-0.051818926	0.03384465	-0.063987225	0.0828429	-0.08594251
-0.01331556	0.013258058	-0.020755935	0.01722076	-0.023605166	0.02068117	-0.02513342	0.020902334	-0.02810751	0.027117355	-0.018213047	0.020943502	-0.02925269	0.045266673	-0.0469464	0.020497277	-0.020312874	0.03433538	-0.06534512	0.062038183	-0.013518022	0.014830991	-0.10592111	0.29266655	-0.4400539	0.01308955	-0.013439036	0.09919516	-0.81906253	0.9999978	-0.010594037	0.0122567145	-0.11052286	0.11347689	-0.11585072	0.0590963	-0.03915664	0.0727351	-0.098004445	0.09750522
0.03405466	-0.030956555	0.0420592	-0.027746866	0.04065161	-0.05621082	0.06623131	-0.04064309	0.01788387	-0.016456665	0.07084007	-0.060697537	0.053833757	-0.019226726	0.018052347	-0.09930652	0.074003585	-0.05950063	0.0174886	-0.015535356	0.20149574	-0.22068596	0.021800622	-0.010500112	0.012448292	-0.6360972	0.3106473	-0.021736067	0.009134652	-0.010594037	0.999998	-0.6622218	0.027356112	-0.014069498	0.010644321	-0.048693094	0.04233207	-0.02892873	0.020418381	-0.01156724
-0.03912639	0.035212055	-0.048717044	0.03200828	-0.047368597	0.062189307	-0.07696444	0.046330422	-0.02056863	0.018863402	-0.0806423	0.06675267	-0.061282184	0.021819815	-0.020605331	0.10345352	-0.08322975	0.06508314	-0.019836215	0.017573297	-0.22424956	0.2183428	-0.028750276	0.012255816	-0.01446941	0.3184179	-0.61795855	0.028423041	-0.010686454	0.0122567145	-0.6622218	0.999998	-0.03031188	0.01570053	-0.01177087	0.050583478	-0.050123673	0.033041656	-0.02229401	0.012871551
0.011789932	-0.01139663	0.016573489	-0.01228801	0.017572355	-0.018845817	0.022532428	-0.016279748	0.012171708	-0.0116505595	0.017410614	-0.017986959	0.02122191	-0.016401192	0.016134057	-0.020758267	0.018310811	-0.02569334	0.019673208	-0.018770108	0.020724902	-0.022399522	0.09986474	-0.069574974	0.080350876	-0.026386958	0.026820194	-0.11236109	0.09272171	-0.11052286	0.027356112	-0.03031188	0.999998	-0.5447371	0.24204035	-0.38874692	0.23753746	-0.5374968	0.32183316	-0.31002867
-0.007063501	0.006862276	-0.010157942	0.0077045723	-0.010930233	0.011189449	-0.0134855015	0.010015341	-0.008704259	0.008363738	-0.0102648195	0.010822434	-0.013296307	0.012502028	-0.012424558	0.01207004	-0.010929379	0.015959445	-0.015971472	0.015214058	-0.011320028	0.01221052	-0.06287209	0.06556741	-0.07655612	0.013825867	-0.014269438	0.061306488	-0.11363383	0.11347689	-0.014069498	0.01570053	-0.5447371	0.99999756	-0.522775	0.17610748	-0.12288814	0.24772021	-0.5326138	0.31234664
0.0056090076	-0.0054637818	0.008091609	-0.006200775	0.008769221	-0.008897216	0.010683897	-0.007988731	0.0072616064	-0.006984964	0.008081527	-0.00856283	0.010538507	-0.01052472	0.010533495	-0.009493496	0.0085718585	-0.012582266	0.013588331	-0.013000181	0.008684298	-0.009365949	0.041760348	-0.05549092	0.06874886	-0.010527215	0.01067819	-0.040992666	0.09142728	-0.11585072	0.010644321	-0.01177087	0.24204035	-0.522775	0.99999744	-0.13882297	0.09178556	-0.1862112	0.28484842	-0.76083744
-0.011956616	0.011351995	-0.01629305	0.011746463	-0.017083341	0.01896977	-0.023064256	0.015718246	-0.010275504	0.009715039	-0.018673962	0.018139903	-0.020001108	0.012829119	-0.012663428	0.022607457	-0.019105297	0.02312031	-0.014562223	0.01379336	-0.028300546	0.029352782	-0.058767147	0.041494817	-0.05365282	0.039129313	-0.040894166	0.054608766	-0.051818926	0.0590963	-0.048693094	0.050583478	-0.38874692	0.17610748	-0.13882297	0.999997	-0.78332525	0.31509006	-0.30773363	0.14098258
0.008695906	-0.008213176	0.0116746165	-0.008332653	0.012110353	-0.013901646	0.016778914	-0.011280076	0.0070662666	-0.0066726212	0.01415076	-0.013465895	0.014392416	-0.008740488	0.008579562	-0.017443527	0.014477927	-0.016566886	0.00977743	-0.009230811	0.023782834	-0.024804465	0.036541414	-0.026846718	0.034070525	-0.033954762	0.036766026	-0.03458235	0.03384465	-0.03915664	0.04233207	-0.050123673	0.23753746	-0.12288814	0.09178556	-0.78332525	0.9999973	-0.52762884	0.2044211	-0.10162458
-0.010196421	0.009778246	-0.014205068	0.010425077	-0.0150490375	0.016155286	-0.019591006	0.013803259	-0.0098997485	0.00941405	-0.015289819	0.01539778	-0.017795783	0.0129205305	-0.012808012	0.018222496	-0.015862843	0.0209889	-0.015248575	0.014515021	-0.020019924	0.021065986	-0.06992914	0.04907725	-0.062277157	0.02552635	-0.027850252	0.06563347	-0.063987225	0.0727351	-0.02892873	0.033041656	-0.5374968	0.24772021	-0.1862112	0.31509006	-0.52762884	0.9999975	-0.4978761	0.19664359
0.008506726	-0.008226962	0.011951953	-0.008949851	0.012780835	-0.013595617	0.01623774	-0.0117195435	0.009240868	-0.008857114	0.012514085	-0.012878615	0.0150881875	-0.012659522	0.012533479	-0.014924799	0.013022483	-0.017949805	0.01550355	-0.014833281	0.015039118	-0.016109427	0.052561853	-0.057253223	0.0680627	-0.019230854	0.0192741	-0.051629562	0.0828429	-0.098004445	0.020418381	-0.02229401	0.32183316	-0.5326138	0.28484842	-0.30773363	0.2044211	-0.4978761	0.99999744	-0.46933883
-0.006159373	0.0059922766	-0.008885841	0.006777992	-0.009615527	0.0097413305	-0.011750028	0.008750959	-0.0077842	0.0074706804	-0.008862283	0.009374151	-0.011550399	0.011116595	-0.011167637	0.010385639	-0.009402387	0.013783442	-0.014211349	0.013607123	-0.009513298	0.010243689	-0.04877184	0.054826923	-0.0716449	0.011447708	-0.011750228	0.046543065	-0.08594251	0.09750522	-0.01156724	0.012871551	-0.31002867	0.31234664	-0.76083744	0.14098258	-0.10162458	0.19664359	-0.46933883	0.99999744
