1.0000001	-0.7069987	0.192237	-0.15396251	0.1329992	-0.41287097	0.32212675	-0.2051657	0.1694506	-0.09532867	0.2293188	-0.32506898	0.16516319	-0.14991961	0.1310412	-0.22127819	0.17715368	-0.15530138	0.12838563	-0.12728265	0.110594295	-0.115288936	0.11416649	-0.0951695	0.11178521	-0.15031357	0.06991869	-0.071202196	0.08615927	-0.12360961	0.052534364	-0.046888378	0.055027187	-0.0986161	0.06533648	-0.021383276	0.017336005	-0.06041531	0.06456596	-0.05923555
-0.7069987	1.0000002	-0.23579822	0.14631607	-0.11663395	0.24497077	-0.56498444	0.19020388	-0.16045707	0.081610516	-0.17449892	0.23067927	-0.14079966	0.12152552	-0.109354086	0.15360841	-0.1364162	0.1213479	-0.10358279	0.09967596	-0.07999234	0.08512178	-0.08663411	0.07246854	-0.087406255	0.10604045	-0.052434932	0.053144604	-0.06578848	0.0925171	-0.0391252	0.03470873	-0.041034024	0.07373939	-0.04918486	0.015827743	-0.012844402	0.04475417	-0.048644558	0.044351928
0.192237	-0.23579822	1.0000001	-0.6703321	0.22604188	-0.16975309	0.2083706	-0.474636	0.31815213	-0.17014109	0.1355685	-0.20041789	0.21983272	-0.21708368	0.18097214	-0.1876851	0.16311891	-0.19176467	0.16455245	-0.1709577	0.10596847	-0.12022341	0.122447915	-0.11736492	0.13874573	-0.14856023	0.0742354	-0.07724606	0.104121365	-0.15832143	0.055894617	-0.050283927	0.06416535	-0.12322597	0.08105369	-0.02532497	0.020484092	-0.07155967	0.07897829	-0.07426078
-0.15396251	0.14631607	-0.6703321	1.0000004	-0.35134885	0.12645996	-0.16119467	0.2828404	-0.5278982	0.19146448	-0.10527328	0.15114823	-0.18286712	0.18939154	-0.19414853	0.14544162	-0.13213097	0.15271302	-0.14614496	0.15109228	-0.0843374	0.09656163	-0.10035558	0.09935675	-0.122058034	0.11685138	-0.060733218	0.06290933	-0.088413544	0.1328584	-0.045766633	0.04100096	-0.053168956	0.10305277	-0.0682054	0.020902999	-0.016916571	0.059081223	-0.06641531	0.06222818
0.1329992	-0.11663395	0.22604188	-0.35134885	1.0000002	-0.13359043	0.14124605	-0.21535017	0.24734363	-0.67185223	0.11418447	-0.16502272	0.17609106	-0.21399562	0.31348696	-0.18523581	0.15729296	-0.18113549	0.17523167	-0.25460437	0.112320624	-0.13059987	0.13249326	-0.1577623	0.18402693	-0.16249269	0.08351742	-0.087803185	0.1372149	-0.23402049	0.06498201	-0.0589265	0.08456699	-0.176414	0.114572994	-0.034310903	0.02765268	-0.09675601	0.109617606	-0.10702674
-0.41287097	0.24497077	-0.16975309	0.12645996	-0.13359043	1.0000001	-0.43389383	0.17971507	-0.17101422	0.091113634	-0.6671778	0.31391203	-0.16990094	0.13860834	-0.13304368	0.22273639	-0.20484746	0.14840399	-0.127336	0.11607599	-0.11082385	0.1101698	-0.11421776	0.08621072	-0.106489666	0.13186795	-0.06853996	0.067611516	-0.07961646	0.1042554	-0.05045291	0.043972634	-0.04939993	0.084515676	-0.057244677	0.018586067	-0.015135172	0.052638847	-0.05728421	0.05080816
0.32212675	-0.56498444	0.2083706	-0.16119467	0.14124605	-0.43389383	1.0	-0.30879095	0.19848013	-0.101062104	0.26015443	-0.45543206	0.1986517	-0.16691929	0.1391666	-0.22665268	0.19594522	-0.17184266	0.14063297	-0.13229556	0.112734914	-0.11899236	0.1193555	-0.09679946	0.11567682	-0.1490117	0.0718518	-0.07292841	0.08759962	-0.12166854	0.053254332	-0.04731905	0.05481789	-0.09739808	0.06489289	-0.021081248	0.01711236	-0.05966197	0.06428947	-0.05843037
-0.2051657	0.19020388	-0.474636	0.2828404	-0.21535017	0.17971507	-0.30879095	0.9999997	-0.530883	0.15489171	-0.1549477	0.22360767	-0.4672199	0.25921926	-0.19875042	0.19185714	-0.19376783	0.23100841	-0.20659007	0.17274043	-0.11002046	0.12655276	-0.13662997	0.117144085	-0.14742856	0.14584807	-0.07888924	0.08083243	-0.10562762	0.14423908	-0.057662603	0.05116571	-0.062113974	0.1142363	-0.07666781	0.023799589	-0.019323861	0.06745019	-0.07558728	0.068701126
0.1694506	-0.16045707	0.31815213	-0.5278982	0.24734363	-0.17101422	0.19848013	-0.530883	0.9999996	-0.22290047	0.14263603	-0.21317466	0.26774234	-0.3577526	0.22058082	-0.20970753	0.18613331	-0.23433566	0.216458	-0.20985526	0.11982916	-0.13810807	0.14193556	-0.13787155	0.16525513	-0.16748592	0.0851448	-0.0889004	0.121336825	-0.18075901	0.063663065	-0.05727019	0.073005676	-0.1406877	0.09274995	-0.028669363	0.023201128	-0.08111591	0.090375975	-0.08462646
-0.09532867	0.081610516	-0.17014109	0.19146448	-0.67185223	0.091113634	-0.101062104	0.15489171	-0.22290047	0.99999934	-0.079022594	0.11328018	-0.13364881	0.164588	-0.6140897	0.12395148	-0.11085046	0.12950091	-0.13710389	0.19444573	-0.07543131	0.088267304	-0.09184155	0.10787804	-0.14364332	0.10661898	-0.05680206	0.05932597	-0.09471661	0.14960706	-0.04359037	0.039250966	-0.055082124	0.113265604	-0.07490271	0.021942489	-0.017725283	0.062003177	-0.07198382	0.06871364
0.2293188	-0.17449892	0.1355685	-0.10527328	0.11418447	-0.6671778	0.26015443	-0.1549477	0.14263603	-0.079022594	0.9999991	-0.55623746	0.16420078	-0.13262066	0.11676238	-0.33112863	0.22234324	-0.15165395	0.121183604	-0.107710905	0.12112322	-0.11504807	0.113664	-0.080872305	0.09761434	-0.1423569	0.06740453	-0.06671467	0.0739703	-0.095345795	0.0488054	-0.042773478	0.046139657	-0.077721804	0.052348826	-0.017289415	0.014080468	-0.04909539	0.052428287	-0.046440434
-0.32506898	0.23067927	-0.20041789	0.15114823	-0.16502272	0.31391203	-0.45543206	0.22360767	-0.21317466	0.11328018	-0.55623746	0.99999905	-0.2911463	0.19128919	-0.16831154	0.273398	-0.35573143	0.21536395	-0.17771992	0.14973593	-0.13806547	0.14609046	-0.15201262	0.10993007	-0.13651378	0.16461053	-0.088538244	0.08743421	-0.10111571	0.1288306	-0.06365181	0.055523165	-0.061532006	0.104733884	-0.07102708	0.02298681	-0.018729951	0.06524894	-0.07112834	0.06277569
0.16516319	-0.14079966	0.21983272	-0.18286712	0.17609106	-0.16990094	0.1986517	-0.4672199	0.26774234	-0.13364881	0.16420078	-0.2911463	0.9999991	-0.5072018	0.19368944	-0.23574539	0.24068014	-0.5030101	0.2886336	-0.2061774	0.13043855	-0.16005751	0.17085983	-0.13435535	0.16439325	-0.1729655	0.092813864	-0.09814511	0.11739569	-0.15187359	0.06513971	-0.05831156	0.067266926	-0.1214301	0.08113368	-0.025432477	0.020669231	-0.07247589	0.08016717	-0.07219713
-0.14991961	0.12152552	-0.21708368	0.18939154	-0.21399562	0.13860834	-0.16691929	0.25921926	-0.3577526	0.164588	-0.13262066	0.19128919	-0.5072018	0.9999988	-0.28115922	0.19233382	-0.21247989	0.30114344	-0.59032017	0.24732873	-0.11505919	0.13904049	-0.15705222	0.14750339	-0.20535807	0.15002184	-0.08703258	0.089756824	-0.13184984	0.16068035	-0.062186897	0.055072483	-0.06775647	0.12723394	-0.086860314	0.02547108	-0.020722134	0.07251242	-0.08559228	0.07620328
0.1310412	-0.109354086	0.18097214	-0.19414853	0.31348696	-0.13304368	0.1391666	-0.19875042	0.22058082	-0.6140897	0.11676238	-0.16831154	0.19368944	-0.28115922	0.9999992	-0.19363448	0.16930006	-0.20469137	0.21895273	-0.40464953	0.11907875	-0.14091796	0.14511622	-0.18356939	0.23302105	-0.17065328	0.09047001	-0.09529217	0.15659378	-0.25962728	0.069847174	-0.06323543	0.09140617	-0.19368401	0.12679075	-0.036740836	0.02963811	-0.103889674	0.120886035	-0.1173566
-0.22127819	0.15360841	-0.1876851	0.14544162	-0.18523581	0.22273639	-0.22665268	0.19185714	-0.20970753	0.12395148	-0.33112863	0.273398	-0.23574539	0.19233382	-0.19363448	0.9999989	-0.6351553	0.25335807	-0.20717075	0.17008027	-0.35688117	0.23085876	-0.232441	0.13438994	-0.16364336	0.26351464	-0.1337372	0.12547506	-0.12557973	0.1451975	-0.09309087	0.079273485	-0.07817093	0.121533275	-0.08318116	0.028159445	-0.023048773	0.08033656	-0.08461536	0.072280765
0.17715368	-0.1364162	0.16311891	-0.13213097	0.15729296	-0.20484746	0.19594522	-0.19376783	0.18613331	-0.11085046	0.22234324	-0.35573143	0.24068014	-0.21247989	0.16930006	-0.6351553	0.9999989	-0.4355451	0.21784556	-0.1792477	0.22394933	-0.27995202	0.22464177	-0.13590765	0.15538478	-0.26519036	0.1257955	-0.12702078	0.12037655	-0.14569092	0.08467428	-0.075405546	0.07467945	-0.12082078	0.080589734	-0.027475724	0.022401566	-0.07868709	0.08103179	-0.07101335
-0.15530138	0.1213479	-0.19176467	0.15271302	-0.18113549	0.14840399	-0.17184266	0.23100841	-0.23433566	0.12950091	-0.15165395	0.21536395	-0.5030101	0.30114344	-0.20469137	0.25335807	-0.4355451	0.9999988	-0.50894535	0.2220499	-0.15263642	0.20127986	-0.2795986	0.15137276	-0.19253343	0.18407698	-0.11634672	0.1212674	-0.1343555	0.15230078	-0.075430505	0.066668734	-0.07271208	0.124343626	-0.08443413	0.026515579	-0.021634042	0.07602039	-0.08433399	0.0735069
0.12838563	-0.10358279	0.16455245	-0.14614496	0.17523167	-0.127336	0.14063297	-0.20659007	0.216458	-0.13710389	0.121183604	-0.17771992	0.2886336	-0.59032017	0.21895273	-0.20717075	0.21784556	-0.50894535	0.99999857	-0.4168395	0.12066221	-0.15365604	0.16966508	-0.18226066	0.22608787	-0.15953755	0.09116116	-0.09707978	0.14353047	-0.17103143	0.0638321	-0.05711093	0.069719315	-0.13465664	0.090627976	-0.026066458	0.021204658	-0.07460422	0.08880103	-0.07940956
-0.12728265	0.09967596	-0.1709577	0.15109228	-0.25460437	0.11607599	-0.13229556	0.17274043	-0.20985526	0.19444573	-0.107710905	0.14973593	-0.2061774	0.24732873	-0.40464953	0.17008027	-0.1792477	0.2220499	-0.4168395	0.99999875	-0.110016204	0.13528036	-0.15595141	0.22051735	-0.6190365	0.14491434	-0.09088834	0.09376421	-0.19578862	0.22867408	-0.06700536	0.059147656	-0.08229192	0.17024301	-0.1236014	0.030523947	-0.024872214	0.0871948	-0.11807903	0.10366818
0.110594295	-0.07999234	0.10596847	-0.0843374	0.112320624	-0.11082385	0.112734914	-0.11002046	0.11982916	-0.07543131	0.12112322	-0.13806547	0.13043855	-0.11505919	0.11907875	-0.35688117	0.22394933	-0.15263642	0.12066221	-0.110016204	0.9999987	-0.43731502	0.24948704	-0.106343	0.11092739	-0.75046927	0.14518262	-0.13658307	0.09670918	-0.102017924	0.09867227	-0.086581156	0.06630076	-0.08980092	0.059890136	-0.023291156	0.019088404	-0.06736387	0.06185922	-0.05178595
-0.115288936	0.08512178	-0.12022341	0.09656163	-0.13059987	0.1101698	-0.11899236	0.12655276	-0.13810807	0.088267304	-0.11504807	0.14609046	-0.16005751	0.13904049	-0.14091796	0.23085876	-0.27995202	0.20127986	-0.15365604	0.13528036	-0.43731502	0.99999857	-0.6785512	0.15414163	-0.14486164	0.28565586	-0.29692775	0.23617934	-0.14096892	0.12671936	-0.13378936	0.11560866	-0.09039144	0.11476412	-0.076128855	0.030185753	-0.02482492	0.08852453	-0.07937148	0.06497406
0.11416649	-0.08663411	0.122447915	-0.10035558	0.13249326	-0.11421776	0.1193555	-0.13662997	0.14193556	-0.09184155	0.113664	-0.15201262	0.17085983	-0.15705222	0.14511622	-0.232441	0.22464177	-0.2795986	0.16966508	-0.15595141	0.24948704	-0.6785512	0.99999845	-0.22693266	0.16149534	-0.31711534	0.25193936	-0.3714521	0.16521773	-0.14841859	0.12795427	-0.11959473	0.10150208	-0.13586964	0.08666143	-0.034562405	0.028293366	-0.102617286	0.08967053	-0.07471653
-0.0951695	0.07246854	-0.11736492	0.09935675	-0.1577623	0.08621072	-0.09679946	0.117144085	-0.13787155	0.10787804	-0.080872305	0.10993007	-0.13435535	0.14750339	-0.18356939	0.13438994	-0.13590765	0.15137276	-0.18226066	0.22051735	-0.106343	0.15414163	-0.22693266	0.9999987	-0.42811787	0.13538916	-0.11058423	0.11913939	-0.73916453	0.244398	-0.074210614	0.06549051	-0.099520534	0.23393914	-0.15499617	0.0332272	-0.027334748	0.09723558	-0.1633605	0.122767255
0.11178521	-0.087406255	0.13874573	-0.122058034	0.18402693	-0.106489666	0.11567682	-0.14742856	0.16525513	-0.14364332	0.09761434	-0.13651378	0.16439325	-0.20535807	0.23302105	-0.16364336	0.15538478	-0.19253343	0.22608787	-0.6190365	0.11092739	-0.14486164	0.16149534	-0.42811787	0.9999986	-0.15134458	0.0971613	-0.10417496	0.25962928	-0.39452198	0.07276834	-0.065361835	0.10205767	-0.24860327	0.17356214	-0.038388666	0.031169817	-0.11083496	0.1583812	-0.1488213
-0.15031357	0.10604045	-0.14856023	0.11685138	-0.16249269	0.13186795	-0.1490117	0.14584807	-0.16748592	0.10661898	-0.1423569	0.16461053	-0.1729655	0.15002184	-0.17065328	0.26351464	-0.26519036	0.18407698	-0.15953755	0.14491434	-0.75046927	0.28565586	-0.31711534	0.13538916	-0.15134458	0.99999887	-0.18790106	0.1608422	-0.12949777	0.13343139	-0.14626323	0.114452116	-0.0882098	0.11736058	-0.0802129	0.030449197	-0.025054153	0.087493286	-0.083441444	0.068639554
0.06991869	-0.052434932	0.0742354	-0.060733218	0.08351742	-0.06853996	0.0718518	-0.07888924	0.0851448	-0.05680206	0.06740453	-0.088538244	0.092813864	-0.08703258	0.09047001	-0.1337372	0.1257955	-0.11634672	0.09116116	-0.09088834	0.14518262	-0.29692775	0.25193936	-0.11058423	0.0971613	-0.18790106	0.9999986	-0.8166878	0.105317116	-0.09926514	0.21543986	-0.28833008	0.13008732	-0.10232429	0.061803684	-0.041430052	0.03396324	-0.12878662	0.066440545	-0.053467125
-0.071202196	0.053144604	-0.07724606	0.06290933	-0.087803185	0.067611516	-0.07292841	0.08083243	-0.0889004	0.05932597	-0.06671467	0.08743421	-0.09814511	0.089756824	-0.09529217	0.12547506	-0.12702078	0.1212674	-0.09707978	0.09376421	-0.13658307	0.23617934	-0.3714521	0.11913939	-0.10417496	0.1608422	-0.8166878	0.99999845	-0.12263392	0.1007967	-0.22855264	0.19646516	-0.15152825	0.1047187	-0.06432085	0.040582623	-0.033675894	0.12653212	-0.06965655	0.054822687
0.08615927	-0.06578848	0.104121365	-0.088413544	0.1372149	-0.07961646	0.08759962	-0.10562762	0.121336825	-0.09471661	0.0739703	-0.10111571	0.11739569	-0.13184984	0.15659378	-0.12557973	0.12037655	-0.1343555	0.14353047	-0.19578862	0.09670918	-0.14096892	0.16521773	-0.73916453	0.25962928	-0.12949777	0.105317116	-0.12263392	0.99999833	-0.34442127	0.073376946	-0.06626911	0.11379823	-0.39472324	0.18404186	-0.038414154	0.031456977	-0.11488532	0.1893882	-0.1534022
-0.12360961	0.0925171	-0.15832143	0.1328584	-0.23402049	0.1042554	-0.12166854	0.14423908	-0.18075901	0.14960706	-0.095345795	0.1288306	-0.15187359	0.16068035	-0.25962728	0.1451975	-0.14569092	0.15230078	-0.17103143	0.22867408	-0.102017924	0.12671936	-0.14841859	0.244398	-0.39452198	0.13343139	-0.09926514	0.1007967	-0.34442127	0.99999815	-0.07971226	0.06906169	-0.12295819	0.29050305	-0.5409287	0.042120926	-0.03471976	0.121764675	-0.31947708	0.26043484
0.052534364	-0.0391252	0.055894617	-0.045766633	0.06498201	-0.05045291	0.053254332	-0.057662603	0.063663065	-0.04359037	0.0488054	-0.06365181	0.06513971	-0.062186897	0.069847174	-0.09309087	0.08467428	-0.075430505	0.0638321	-0.06700536	0.09867227	-0.13378936	0.12795427	-0.074210614	0.07276834	-0.14626323	0.21543986	-0.22855264	0.073376946	-0.07971226	0.99999803	-0.9006772	0.1568791	-0.09152335	0.053224582	-0.05750806	0.046717178	-0.1705007	0.05941251	-0.04636953
-0.046888378	0.03470873	-0.050283927	0.04100096	-0.0589265	0.043972634	-0.04731905	0.05116571	-0.05727019	0.039250966	-0.042773478	0.055523165	-0.05831156	0.055072483	-0.06323543	0.079273485	-0.075405546	0.066668734	-0.05711093	0.059147656	-0.086581156	0.11560866	-0.11959473	0.06549051	-0.065361835	0.114452116	-0.28833008	0.19646516	-0.06626911	0.06906169	-0.9006772	0.99999785	-0.17416511	0.08084689	-0.047532607	0.04762382	-0.039823145	0.14335763	-0.05366761	0.040838867
0.055027187	-0.041034024	0.06416535	-0.053168956	0.08456699	-0.04939993	0.05481789	-0.062113974	0.073005676	-0.055082124	0.046139657	-0.061532006	0.067266926	-0.06775647	0.09140617	-0.07817093	0.07467945	-0.07271208	0.069719315	-0.08229192	0.06630076	-0.09039144	0.10150208	-0.099520534	0.10205767	-0.0882098	0.13008732	-0.15152825	0.11379823	-0.12295819	0.1568791	-0.17416511	0.99999774	-0.25521094	0.109137274	-0.20108603	0.16518378	-0.86331683	0.13720275	-0.0932925
-0.0986161	0.07373939	-0.12322597	0.10305277	-0.176414	0.084515676	-0.09739808	0.1142363	-0.1406877	0.113265604	-0.077721804	0.104733884	-0.1214301	0.12723394	-0.19368401	0.121533275	-0.12082078	0.124343626	-0.13465664	0.17024301	-0.08980092	0.11476412	-0.13586964	0.23393914	-0.24860327	0.11736058	-0.10232429	0.1047187	-0.39472324	0.29050305	-0.09152335	0.08084689	-0.25521094	0.99999815	-0.39027795	0.06208729	-0.052162122	0.1912666	-0.56600136	0.2787703
0.06533648	-0.04918486	0.08105369	-0.0682054	0.114572994	-0.057244677	0.06489289	-0.07666781	0.09274995	-0.07490271	0.052348826	-0.07102708	0.08113368	-0.086860314	0.12679075	-0.08318116	0.080589734	-0.08443413	0.090627976	-0.1236014	0.059890136	-0.076128855	0.08666143	-0.15499617	0.17356214	-0.0802129	0.061803684	-0.06432085	0.18404186	-0.5409287	0.053224582	-0.047532607	0.109137274	-0.39027795	0.99999833	-0.03852428	0.031444557	-0.115241066	0.30886325	-0.6352513
-0.021383276	0.015827743	-0.02532497	0.020902999	-0.034310903	0.018586067	-0.021081248	0.023799589	-0.028669363	0.021942489	-0.017289415	0.02298681	-0.025432477	0.02547108	-0.036740836	0.028159445	-0.027475724	0.026515579	-0.026066458	0.030523947	-0.023291156	0.030185753	-0.034562405	0.0332272	-0.038388666	0.030449197	-0.041430052	0.040582623	-0.038414154	0.042120926	-0.05750806	0.04762382	-0.20108603	0.06208729	-0.03852428	0.99999845	-0.9534607	0.18653548	-0.048405528	0.031319264
0.017336005	-0.012844402	0.020484092	-0.016916571	0.02765268	-0.015135172	0.01711236	-0.019323861	0.023201128	-0.017725283	0.014080468	-0.018729951	0.020669231	-0.020722134	0.02963811	-0.023048773	0.022401566	-0.021634042	0.021204658	-0.024872214	0.019088404	-0.02482492	0.028293366	-0.027334748	0.031169817	-0.025054153	0.03396324	-0.033675894	0.031456977	-0.03471976	0.046717178	-0.039823145	0.16518378	-0.052162122	0.031444557	-0.9534607	0.99999845	-0.23279554	0.039545037	-0.025837723
-0.06041531	0.04475417	-0.07155967	0.059081223	-0.09675601	0.052638847	-0.05966197	0.06745019	-0.08111591	0.062003177	-0.04909539	0.06524894	-0.07247589	0.07251242	-0.103889674	0.08033656	-0.07868709	0.07602039	-0.07460422	0.0871948	-0.06736387	0.08852453	-0.102617286	0.09723558	-0.11083496	0.087493286	-0.12878662	0.12653212	-0.11488532	0.121764675	-0.1705007	0.14335763	-0.86331683	0.1912666	-0.115241066	0.18653548	-0.23279554	0.9999985	-0.14867069	0.0933249
0.06456596	-0.048644558	0.07897829	-0.06641531	0.109617606	-0.05728421	0.06428947	-0.07558728	0.090375975	-0.07198382	0.052428287	-0.07112834	0.08016717	-0.08559228	0.120886035	-0.08461536	0.08103179	-0.08433399	0.08880103	-0.11807903	0.06185922	-0.07937148	0.08967053	-0.1633605	0.1583812	-0.083441444	0.066440545	-0.06965655	0.1893882	-0.31947708	0.05941251	-0.05366761	0.13720275	-0.56600136	0.30886325	-0.048405528	0.039545037	-0.14867069	0.9999984	-0.6461868
-0.05923555	0.044351928	-0.07426078	0.06222818	-0.10702674	0.05080816	-0.05843037	0.068701126	-0.08462646	0.06871364	-0.046440434	0.06277569	-0.07219713	0.07620328	-0.1173566	0.072280765	-0.07101335	0.0735069	-0.07940956	0.10366818	-0.05178595	0.06497406	-0.07471653	0.122767255	-0.1488213	0.068639554	-0.053467125	0.054822687	-0.1534022	0.26043484	-0.04636953	0.040838867	-0.0932925	0.2787703	-0.6352513	0.031319264	-0.025837723	0.0933249	-0.6461868	0.9999984
