1.0	-0.67796826	0.28345004	-0.15512832	0.13985905	-0.43893284	0.30367947	-0.31724253	0.16739017	-0.15803766	0.14212582	-0.10078675	0.11242868	-0.11855978	0.09285077	-0.13994847	0.08074415	-0.099826194	0.12963845	-0.09192259	0.10884986	-0.09521985	0.09050388	-0.17346847	0.09935329	-0.10004966	0.09149277	-0.07278942	0.054482657	-0.054913964	0.084122546	-0.09177062	0.08064108	-0.044799022	0.032104284	-0.14986712	0.061264694	-0.07803863	0.043765455	-0.0394765
-0.67796826	0.9999999	-0.48785236	0.12004283	-0.11114082	0.2682383	-0.41688436	0.2531213	-0.13748656	0.11171841	-0.09990632	0.074095726	-0.0849405	0.088510804	-0.06696244	0.09238286	-0.059945457	0.07223166	-0.095743164	0.06418275	-0.07540967	0.0666039	-0.06451388	0.11801381	-0.07048419	0.06768186	-0.06379044	0.05086794	-0.037566114	0.03765375	-0.05741643	0.06269283	-0.056441434	0.030635146	-0.02200352	0.099777	-0.04126265	0.05230083	-0.02999271	0.026959477
0.28345004	-0.48785236	0.99999976	-0.23598087	0.18362443	-0.2006031	0.21739936	-0.66879576	0.24436708	-0.19571066	0.09392133	-0.10294655	0.13334738	-0.15003374	0.111095086	-0.08904683	0.08248131	-0.10979187	0.14772592	-0.10740723	0.09049242	-0.09290884	0.09270943	-0.19328514	0.113831855	-0.08334625	0.08655749	-0.07313399	0.05608607	-0.05645486	0.076113366	-0.08558145	0.079690345	-0.044679295	0.032709345	-0.13588041	0.056681328	-0.07226243	0.04357047	-0.040151846
-0.15512832	0.12004283	-0.23598087	0.9999993	-0.72494334	0.09463851	-0.11272885	0.22771046	-0.5042507	0.24030821	-0.064960554	0.09857673	-0.1634739	0.18396026	-0.14232959	0.05868286	-0.08244787	0.1166991	-0.18070164	0.120921254	-0.077118985	0.08839681	-0.09438653	0.19162193	-0.13307244	0.07008617	-0.08123371	0.07136287	-0.0547449	0.05449684	-0.067707576	0.07746789	-0.07758682	0.04227858	-0.031433612	0.11682051	-0.050150145	0.0634628	-0.041401416	0.038247634
0.13985905	-0.11114082	0.18362443	-0.72494334	0.9999994	-0.096213564	0.10773739	-0.22143857	0.29218778	-0.39307976	0.07348997	-0.117423356	0.1576583	-0.18646514	0.18670519	-0.06718696	0.09467156	-0.13230309	0.18744735	-0.17914616	0.09325547	-0.10770086	0.110587895	-0.28813332	0.17571148	-0.08665069	0.09915586	-0.08795904	0.073130414	-0.07390944	0.0853066	-0.09805255	0.095096305	-0.056197837	0.042370617	-0.15447792	0.06536852	-0.083591335	0.05466864	-0.05201836
-0.43893284	0.2682383	-0.2006031	0.09463851	-0.096213564	0.99999946	-0.76186496	0.17527439	-0.11121836	0.095157824	-0.28052852	0.08800128	-0.08508316	0.08181684	-0.060080364	0.1845275	-0.07271429	0.07719718	-0.097453274	0.05727879	-0.11989507	0.0814279	-0.0747803	0.1083656	-0.065731026	0.09856367	-0.08122844	0.058943484	-0.040674537	0.04045357	-0.07545203	0.07850174	-0.06709235	0.034331154	-0.023906456	0.12269049	-0.05046692	0.063147895	-0.033819087	0.029182872
0.30367947	-0.41688436	0.21739936	-0.11272885	0.10773739	-0.76186496	0.9999995	-0.2361475	0.12888817	-0.1138849	0.18137194	-0.10567443	0.095360465	-0.09464869	0.06966805	-0.1792969	0.08156432	-0.08719982	0.10851536	-0.067506924	0.11423883	-0.08893603	0.081608266	-0.12815535	0.07565814	-0.103255086	0.08637391	-0.0649164	0.045651224	-0.045690812	0.08015303	-0.08534894	0.07275802	-0.038399413	0.02688211	-0.13702473	0.055799432	-0.07046396	0.037662078	-0.032940865
-0.31724253	0.2531213	-0.66879576	0.22771046	-0.22143857	0.17527439	-0.2361475	0.99999946	-0.46200448	0.19329569	-0.09129002	0.10566066	-0.17190616	0.17972563	-0.120144635	0.08255945	-0.08802829	0.1199311	-0.17421024	0.10481316	-0.08953505	0.09396085	-0.098325826	0.177772	-0.1178948	0.080331445	-0.08731047	0.07422323	-0.054715898	0.05436617	-0.07400647	0.08330804	-0.081228115	0.043134063	-0.031550985	0.12634267	-0.053768646	0.0678945	-0.042289507	0.038409714
0.16739017	-0.13748656	0.24436708	-0.5042507	0.29218778	-0.11121836	0.12888817	-0.46200448	0.99999964	-0.36953887	0.07721775	-0.13219723	0.22034028	-0.38492665	0.17686354	-0.07062314	0.10719753	-0.159947	0.22846022	-0.15582417	0.09415979	-0.11406593	0.120146774	-0.24822524	0.16051166	-0.08702648	0.101534076	-0.091430515	0.069043435	-0.06905222	0.08427654	-0.09778613	0.096999675	-0.053207025	0.0395204	-0.14690395	0.06293495	-0.07990249	0.05183274	-0.048254963
-0.15803766	0.11171841	-0.19571066	0.24030821	-0.39307976	0.095157824	-0.1138849	0.19329569	-0.36953887	0.9999998	-0.07241648	0.10883109	-0.17388959	0.18560143	-0.59536	0.06420458	-0.09299928	0.13036668	-0.21587217	0.2737714	-0.08936353	0.10063304	-0.10982638	0.2582653	-0.31964126	0.0794411	-0.09438185	0.083404444	-0.07007219	0.06914461	-0.077468894	0.08809127	-0.09227147	0.05164776	-0.03969988	0.12906525	-0.056606825	0.0709946	-0.051207796	0.047386922
0.14212582	-0.09990632	0.09392133	-0.064960554	0.07348997	-0.28052852	0.18137194	-0.09129002	0.07721775	-0.07241648	1.0	-0.099477276	0.08376056	-0.07335159	0.049769793	-0.83751655	0.08295535	-0.087129466	0.09790526	-0.04758051	0.24120426	-0.123502545	0.09719848	-0.097080804	0.058641657	-0.21232337	0.12549335	-0.0806829	0.050214197	-0.050028767	0.1287502	-0.12846018	0.09300222	-0.045718197	0.029856114	-0.2038403	0.08036546	-0.09997815	0.045070156	-0.03654132
-0.10078675	0.074095726	-0.10294655	0.09857673	-0.117423356	0.08800128	-0.10567443	0.10566066	-0.13219723	0.10883109	-0.099477276	1.0000002	-0.28782284	0.17971955	-0.08180463	0.08709062	-0.81486493	0.2726318	-0.2695618	0.07432078	-0.13661227	0.21453308	-0.22154555	0.14982653	-0.09732522	0.11794561	-0.18454252	0.13422054	-0.07459215	0.0703742	-0.112735726	0.13220124	-0.1491658	0.0584855	-0.040749285	0.15745285	-0.07349024	0.0886563	-0.057876427	0.048570678
0.11242868	-0.0849405	0.13334738	-0.1634739	0.1576583	-0.08508316	0.095360465	-0.17190616	0.22034028	-0.17388959	0.08376056	-0.28782284	1.0000001	-0.63829076	0.11780353	-0.07717625	0.2159833	-0.48898244	0.31620628	-0.1097251	0.12176986	-0.19721876	0.21753442	-0.21762823	0.12740332	-0.116406344	0.15124403	-0.1521008	0.08564222	-0.08459328	0.114193246	-0.14103743	0.14446533	-0.06731165	0.047620874	-0.19010556	0.0833986	-0.10531291	0.064890675	-0.058045495
-0.11855978	0.088510804	-0.15003374	0.18396026	-0.18646514	0.08181684	-0.09464869	0.17972563	-0.38492665	0.18560143	-0.07335159	0.17971955	-0.63829076	1.0000002	-0.13891089	0.066430464	-0.15770018	0.26215035	-0.51116914	0.11599169	-0.10173532	0.14414564	-0.17072485	0.21371835	-0.13722205	0.09391172	-0.12152035	0.11454096	-0.07274136	0.07083131	-0.09234568	0.11025331	-0.11822167	0.05584449	-0.04036951	0.15061694	-0.06658848	0.08343965	-0.054472867	0.0487892
0.09285077	-0.06696244	0.111095086	-0.14232959	0.18670519	-0.060080364	0.06966805	-0.120144635	0.17686354	-0.59536	0.049769793	-0.08180463	0.11780353	-0.13891089	1.0000004	-0.044554655	0.06795245	-0.09669186	0.15168288	-0.63701564	0.06494082	-0.07595762	0.08128912	-0.28202987	0.28363526	-0.059031438	0.07022187	-0.06432584	0.06057973	-0.06091247	0.058432993	-0.06727802	0.06977026	-0.04295349	0.033876847	-0.10043616	0.04387144	-0.05543771	0.04203772	-0.040829796
-0.13994847	0.09238286	-0.08904683	0.05868286	-0.06718696	0.1845275	-0.1792969	0.08255945	-0.07062314	0.06420458	-0.83751655	0.08709062	-0.07717625	0.066430464	-0.044554655	1.0000001	-0.07771978	0.07914527	-0.090079606	0.042098023	-0.3736725	0.11356479	-0.09123547	0.08466016	-0.052329555	0.19158016	-0.12045274	0.072674364	-0.044392616	0.04366418	-0.121101	0.11351718	-0.0857448	0.039587826	-0.026051117	0.16480906	-0.06784052	0.08240465	-0.039271675	0.031657245
0.08074415	-0.059945457	0.08248131	-0.08244787	0.09467156	-0.07271429	0.08156432	-0.08802829	0.10719753	-0.09299928	0.08295535	-0.81486493	0.2159833	-0.15770018	0.06795245	-0.07771978	1.0000001	-0.38503167	0.21114558	-0.063377924	0.119846456	-0.27386734	0.21180902	-0.13311426	0.08102324	-0.11015327	0.16814709	-0.13163248	0.0677736	-0.06503097	0.103013396	-0.12695743	0.13346063	-0.05353797	0.036933154	-0.14997442	0.06883112	-0.08419286	0.05220322	-0.04444552
-0.099826194	0.07223166	-0.10979187	0.1166991	-0.13230309	0.07719718	-0.08719982	0.1199311	-0.159947	0.13036668	-0.087129466	0.2726318	-0.48898244	0.26215035	-0.09669186	0.07914527	-0.38503167	1.0000001	-0.45553014	0.08930771	-0.13560575	0.23990205	-0.47215804	0.18921055	-0.11517724	0.12460966	-0.18591037	0.19301581	-0.0944838	0.08824546	-0.12336477	0.15201357	-0.19077139	0.0708951	-0.049415316	0.18232337	-0.084173515	0.103255585	-0.06878001	0.05914162
0.12963845	-0.095743164	0.14772592	-0.18070164	0.18744735	-0.097453274	0.10851536	-0.17421024	0.22846022	-0.21587217	0.09790526	-0.2695618	0.31620628	-0.51116914	0.15168288	-0.090079606	0.21114558	-0.45553014	1.0000002	-0.15224859	0.14295639	-0.21861891	0.23146152	-0.40101457	0.18572818	-0.1373163	0.17272002	-0.17237327	0.11045119	-0.10911496	0.13573566	-0.16640583	0.16635433	-0.084562615	0.06107325	-0.23282911	0.10122455	-0.1285912	0.08144431	-0.07447982
-0.09192259	0.06418275	-0.10740723	0.120921254	-0.17914616	0.05727879	-0.067506924	0.10481316	-0.15582417	0.2737714	-0.04758051	0.07432078	-0.1097251	0.11599169	-0.63701564	0.042098023	-0.063377924	0.08930771	-0.15224859	1.0000002	-0.06153276	0.07028176	-0.077115625	0.25789955	-0.61661416	0.054850046	-0.06607908	0.060380418	-0.059641168	0.05930905	-0.05419529	0.061917264	-0.06653112	0.04063876	-0.032853767	0.090095215	-0.03999196	0.050104525	-0.040369403	0.038517002
0.10884986	-0.07540967	0.09049242	-0.077118985	0.09325547	-0.11989507	0.11423883	-0.08953505	0.09415979	-0.08936353	0.24120426	-0.13661227	0.12176986	-0.10173532	0.06494082	-0.3736725	0.119846456	-0.13560575	0.14295639	-0.06153276	0.99999994	-0.26283327	0.16877626	-0.12949345	0.079280265	-0.6694704	0.24749619	-0.14083143	0.080181815	-0.07940792	0.26505786	-0.25358167	0.16224465	-0.07411801	0.0471006	-0.3571548	0.1405782	-0.17066693	0.07309711	-0.05748794
-0.09521985	0.0666039	-0.09290884	0.08839681	-0.10770086	0.0814279	-0.08893603	0.09396085	-0.11406593	0.10063304	-0.123502545	0.21453308	-0.19721876	0.14414564	-0.07595762	0.11356479	-0.27386734	0.23990205	-0.21861891	0.07028176	-0.26283327	0.99999994	-0.50565434	0.14718933	-0.09340895	0.2176268	-0.6000563	0.22283539	-0.10332211	0.09546596	-0.19833475	0.2455819	-0.25282636	0.08187279	-0.05430816	0.23249066	-0.11539303	0.13364904	-0.08060118	0.0645735
0.09050388	-0.06451388	0.09270943	-0.09438653	0.110587895	-0.0747803	0.081608266	-0.098325826	0.120146774	-0.10982638	0.09719848	-0.22154555	0.21753442	-0.17072485	0.08128912	-0.09123547	0.21180902	-0.47215804	0.23146152	-0.077115625	0.16877626	-0.50565434	1.0	-0.17240907	0.1009229	-0.16797514	0.2527781	-0.46448296	0.13054352	-0.12417663	0.16349956	-0.22378848	0.27186412	-0.09636537	0.06469074	-0.24341342	0.11294556	-0.139887	0.09005438	-0.078158595
-0.17346847	0.11801381	-0.19328514	0.19162193	-0.28813332	0.1083656	-0.12815535	0.177772	-0.24822524	0.2582653	-0.097080804	0.14982653	-0.21762823	0.21371835	-0.28202987	0.08466016	-0.13311426	0.18921055	-0.40101457	0.25789955	-0.12949345	0.14718933	-0.17240907	0.99999994	-0.5809972	0.1126119	-0.14109853	0.13234685	-0.15968862	0.13285567	-0.11212219	0.12740389	-0.1483442	0.09235351	-0.07492367	0.1754083	-0.08075915	0.099548444	-0.09302083	0.085920654
0.09935329	-0.07048419	0.113831855	-0.13307244	0.17571148	-0.065731026	0.07565814	-0.1178948	0.16051166	-0.31964126	0.058641657	-0.09732522	0.12740332	-0.13722205	0.28363526	-0.052329555	0.08102324	-0.11517724	0.18572818	-0.61661416	0.079280265	-0.09340895	0.1009229	-0.5809972	1.0000002	-0.07213056	0.0868227	-0.083159536	0.09508521	-0.098299965	0.072181195	-0.08345263	0.08954537	-0.06129783	0.050900232	-0.12326282	0.0546967	-0.0689709	0.059819933	-0.060280148
-0.10004966	0.06768186	-0.08334625	0.07008617	-0.08665069	0.09856367	-0.103255086	0.080331445	-0.08702648	0.0794411	-0.21232337	0.11794561	-0.116406344	0.09391172	-0.059031438	0.19158016	-0.11015327	0.12460966	-0.1373163	0.054850046	-0.6694704	0.2176268	-0.16797514	0.1126119	-0.07213056	1.0000002	-0.35145745	0.13515419	-0.07427346	0.07133184	-0.47699776	0.2654593	-0.1717774	0.06632518	-0.04245959	0.2780826	-0.12795691	0.14019538	-0.06668973	0.050958406
0.09149277	-0.06379044	0.08655749	-0.08123371	0.09915586	-0.08122844	0.08637391	-0.08731047	0.101534076	-0.09438185	0.12549335	-0.18454252	0.15124403	-0.12152035	0.07022187	-0.12045274	0.16814709	-0.18591037	0.17272002	-0.06607908	0.24749619	-0.6000563	0.2527781	-0.14109853	0.0868227	-0.35145745	1.0000002	-0.21214642	0.10012946	-0.09822545	0.26730925	-0.47913527	0.22329342	-0.08725616	0.05585601	-0.3188378	0.15713128	-0.18604566	0.084855676	-0.06790329
-0.07278942	0.05086794	-0.07313399	0.07136287	-0.08795904	0.058943484	-0.0649164	0.07422323	-0.091430515	0.083404444	-0.0806829	0.13422054	-0.1521008	0.11454096	-0.06432584	0.072674364	-0.13163248	0.19301581	-0.17237327	0.060380418	-0.14083143	0.22283539	-0.46448296	0.13234685	-0.083159536	0.13515419	-0.21214642	1.0	-0.23340799	0.16620314	-0.15442282	0.20870149	-0.726984	0.12382415	-0.0823035	0.18928945	-0.10004132	0.11687366	-0.114687845	0.09495007
0.054482657	-0.037566114	0.05608607	-0.0547449	0.073130414	-0.040674537	0.045651224	-0.054715898	0.069043435	-0.07007219	0.050214197	-0.07459215	0.08564222	-0.07274136	0.06057973	-0.044392616	0.0677736	-0.0944838	0.11045119	-0.059641168	0.080181815	-0.10332211	0.13054352	-0.15968862	0.09508521	-0.07427346	0.10012946	-0.23340799	1.0000001	-0.79597265	0.08054507	-0.10055099	0.17862172	-0.31904647	0.22704373	-0.116226576	0.06770992	-0.08216272	0.22551355	-0.27015248
-0.054913964	0.03765375	-0.05645486	0.05449684	-0.07390944	0.04045357	-0.045690812	0.05436617	-0.06905222	0.06914461	-0.050028767	0.0703742	-0.08459328	0.07083131	-0.06091247	0.04366418	-0.06503097	0.08824546	-0.10911496	0.05930905	-0.07940792	0.09546596	-0.12417663	0.13285567	-0.098299965	0.07133184	-0.09822545	0.16620314	-0.79597265	1.0000002	-0.07800288	0.09422772	-0.17551109	0.21649894	-0.37029448	0.10815421	-0.06610112	0.07824215	-0.24388893	0.24806379
0.084122546	-0.05741643	0.076113366	-0.067707576	0.0853066	-0.07545203	0.08015303	-0.07400647	0.08427654	-0.077468894	0.1287502	-0.112735726	0.114193246	-0.09234568	0.058432993	-0.121101	0.103013396	-0.12336477	0.13573566	-0.05419529	0.26505786	-0.19833475	0.16349956	-0.11212219	0.072181195	-0.47699776	0.26730925	-0.15442282	0.08054507	-0.07800288	1.0000001	-0.59235775	0.19778165	-0.07571757	0.046268426	-0.50787944	0.1828219	-0.19414134	0.0759321	-0.055724073
-0.09177062	0.06269283	-0.08558145	0.07746789	-0.09805255	0.07850174	-0.08534894	0.08330804	-0.09778613	0.08809127	-0.12846018	0.13220124	-0.14103743	0.11025331	-0.06727802	0.11351718	-0.12695743	0.15201357	-0.16640583	0.061917264	-0.25358167	0.2455819	-0.22378848	0.12740389	-0.08345263	0.2654593	-0.47913527	0.20870149	-0.10055099	0.09422772	-0.59235775	1.0	-0.35404724	0.0901816	-0.055218477	0.30343795	-0.24104351	0.2023093	-0.0910666	0.065653756
0.08064108	-0.056441434	0.079690345	-0.07758682	0.095096305	-0.06709235	0.07275802	-0.081228115	0.096999675	-0.09227147	0.09300222	-0.1491658	0.14446533	-0.11822167	0.06977026	-0.0857448	0.13346063	-0.19077139	0.16635433	-0.06653112	0.16224465	-0.25282636	0.27186412	-0.1483442	0.08954537	-0.1717774	0.22329342	-0.726984	0.17862172	-0.17551109	0.19778165	-0.35404724	1.0000002	-0.15527922	0.087990075	-0.26698002	0.1362603	-0.1661377	0.12998438	-0.10688168
-0.044799022	0.030635146	-0.044679295	0.04227858	-0.056197837	0.034331154	-0.038399413	0.043134063	-0.053207025	0.05164776	-0.045718197	0.0584855	-0.06731165	0.05584449	-0.04295349	0.039587826	-0.05353797	0.0708951	-0.084562615	0.04063876	-0.07411801	0.08187279	-0.09636537	0.09235351	-0.06129783	0.06632518	-0.08725616	0.12382415	-0.31904647	0.21649894	-0.07571757	0.0901816	-0.15527922	1.0	-0.19630434	0.10831964	-0.09309498	0.10934176	-0.86432713	0.19797768
0.032104284	-0.02200352	0.032709345	-0.031433612	0.042370617	-0.023906456	0.02688211	-0.031550985	0.0395204	-0.03969988	0.029856114	-0.040749285	0.047620874	-0.04036951	0.033876847	-0.026051117	0.036933154	-0.049415316	0.06107325	-0.032853767	0.0471006	-0.05430816	0.06469074	-0.07492367	0.050900232	-0.04245959	0.05585601	-0.0823035	0.22704373	-0.37029448	0.046268426	-0.055218477	0.087990075	-0.19630434	0.99999994	-0.06810634	0.043279923	-0.052654844	0.19045322	-0.8619229
-0.14986712	0.099777	-0.13588041	0.11682051	-0.15447792	0.12269049	-0.13702473	0.12634267	-0.14690395	0.12906525	-0.2038403	0.15745285	-0.19010556	0.15061694	-0.10043616	0.16480906	-0.14997442	0.18232337	-0.23282911	0.090095215	-0.3571548	0.23249066	-0.24341342	0.1754083	-0.12326282	0.2780826	-0.3188378	0.18928945	-0.116226576	0.10815421	-0.50787944	0.30343795	-0.26698002	0.10831964	-0.06810634	0.9999999	-0.34627044	0.25191176	-0.117334105	0.079717845
0.061264694	-0.04126265	0.056681328	-0.050150145	0.06536852	-0.05046692	0.055799432	-0.053768646	0.06293495	-0.056606825	0.08036546	-0.07349024	0.0833986	-0.06658848	0.04387144	-0.06784052	0.06883112	-0.084173515	0.10122455	-0.03999196	0.1405782	-0.11539303	0.11294556	-0.08075915	0.0546967	-0.12795691	0.15713128	-0.10004132	0.06770992	-0.06610112	0.1828219	-0.24104351	0.1362603	-0.09309498	0.043279923	-0.34627044	0.9999999	-0.8665715	0.09959333	-0.05318513
-0.07803863	0.05230083	-0.07226243	0.0634628	-0.083591335	0.063147895	-0.07046396	0.0678945	-0.07990249	0.0709946	-0.09997815	0.0886563	-0.10531291	0.08343965	-0.05543771	0.08240465	-0.08419286	0.103255585	-0.1285912	0.050104525	-0.17066693	0.13364904	-0.139887	0.099548444	-0.0689709	0.14019538	-0.18604566	0.11687366	-0.08216272	0.07824215	-0.19414134	0.2023093	-0.1661377	0.10934176	-0.052654844	0.25191176	-0.8665715	0.9999997	-0.13613836	0.063416235
0.043765455	-0.02999271	0.04357047	-0.041401416	0.05466864	-0.033819087	0.037662078	-0.042289507	0.05183274	-0.051207796	0.045070156	-0.057876427	0.064890675	-0.054472867	0.04203772	-0.039271675	0.05220322	-0.06878001	0.08144431	-0.040369403	0.07309711	-0.08060118	0.09005438	-0.09302083	0.059819933	-0.06668973	0.084855676	-0.114687845	0.22551355	-0.24388893	0.0759321	-0.0910666	0.12998438	-0.86432713	0.19045322	-0.117334105	0.09959333	-0.13613836	0.9999998	-0.27921328
-0.0394765	0.026959477	-0.040151846	0.038247634	-0.05201836	0.029182872	-0.032940865	0.038409714	-0.048254963	0.047386922	-0.03654132	0.048570678	-0.058045495	0.0487892	-0.040829796	0.031657245	-0.04444552	0.05914162	-0.07447982	0.038517002	-0.05748794	0.0645735	-0.078158595	0.085920654	-0.060280148	0.050958406	-0.06790329	0.09495007	-0.27015248	0.24806379	-0.055724073	0.065653756	-0.10688168	0.19797768	-0.8619229	0.079717845	-0.05318513	0.063416235	-0.27921328	0.9999998
