1.0000001	-0.4759374	0.20802446	-0.08240977	0.08127635	-0.7729618	0.2625657	-0.15215433	0.08368053	-0.06825634	0.23316546	-0.20933889	0.14199644	-0.09347407	0.072981305	-0.10529823	0.08277446	-0.16579211	0.073349565	-0.07177728	0.052798204	-0.11941572	0.080887616	-0.07351524	0.06821745	-0.05938778	0.07667076	-0.06859546	0.071717575	-0.07131573	0.047970418	-0.046068367	0.05352676	-0.039746225	0.031101808	-0.0622291	0.04615549	-0.04440155	0.041108556	-0.027893167
-0.4759374	1.0000001	-0.47461182	0.13281292	-0.12033132	0.2900636	-0.557936	0.22574942	-0.13691625	0.09792749	-0.29939085	0.2488805	-0.21432985	0.11869939	-0.09806922	0.12345986	-0.10080135	0.20315087	-0.09392974	0.0931277	-0.06378925	0.14172898	-0.10110766	0.09153013	-0.08739268	0.070894405	-0.09609649	0.085181825	-0.0905793	0.08985008	-0.059709214	0.057337917	-0.06710255	0.049733102	-0.03912268	0.07633982	-0.057775926	0.055208057	-0.05171342	0.0349668
0.20802446	-0.47461182	1.0	-0.31757024	0.2005172	-0.21544494	0.27061918	-0.39819363	0.23404594	-0.17987865	0.22090907	-0.21809827	0.2737268	-0.2269526	0.17075941	-0.19412865	0.14954092	-0.39537138	0.17216143	-0.1711947	0.104319535	-0.25014493	0.17577155	-0.16449098	0.15276219	-0.12079727	0.15972014	-0.14958689	0.15534042	-0.16320777	0.10256124	-0.098679386	0.11443993	-0.086345315	0.06771452	-0.13751544	0.09855402	-0.09641094	0.08827394	-0.061137453
-0.08240977	0.13281292	-0.31757024	0.9999999	-0.35925382	0.081179015	-0.11949051	0.18414523	-0.8141455	0.24169758	-0.09982583	0.09300111	-0.15935141	0.13637146	-0.14583445	0.08128183	-0.06460564	0.1672583	-0.102528445	0.11925357	-0.045672562	0.106670275	-0.08483342	0.08233444	-0.089381345	0.052125502	-0.07630972	0.071794614	-0.07934155	0.090649	-0.047999162	0.046559446	-0.055082295	0.042153742	-0.034029577	0.062374357	-0.04687322	0.045568746	-0.043227993	0.030535717
0.08127635	-0.12033132	0.2005172	-0.35925382	0.9999996	-0.08124221	0.111235395	-0.14970657	0.2654981	-0.7388184	0.10608138	-0.09521449	0.14335977	-0.24760441	0.27010715	-0.11245872	0.0888239	-0.2312646	0.17285652	-0.24946979	0.065524526	-0.15553187	0.12875587	-0.13406666	0.15566126	-0.075371824	0.11440862	-0.1122287	0.12661938	-0.16570577	0.07233213	-0.07081889	0.08419486	-0.06641727	0.054819662	-0.095007256	0.07101854	-0.07014501	0.06709837	-0.0495309
-0.7729618	0.2900636	-0.21544494	0.081179015	-0.08124221	0.9999995	-0.3583267	0.15544184	-0.08545651	0.066550985	-0.3724238	0.23144728	-0.15508972	0.0866161	-0.07053997	0.1042975	-0.084530294	0.15131456	-0.06900515	0.06774108	-0.051550936	0.11167373	-0.07719879	0.0692055	-0.06524139	0.05656643	-0.07445133	0.065089464	-0.06889732	0.06707461	-0.04588754	0.044040173	-0.051413883	0.037909064	-0.029733418	0.058244042	-0.04430753	0.04219102	-0.039490633	0.026548268
0.2625657	-0.557936	0.27061918	-0.11949051	0.111235395	-0.3583267	0.99999946	-0.34151044	0.12321404	-0.0949048	0.29983026	-0.50482935	0.24295555	-0.12683696	0.099198714	-0.14182241	0.1156127	-0.22933374	0.100129314	-0.09697728	0.06997174	-0.15905258	0.10883119	-0.09823674	0.09139114	-0.078227974	0.10163513	-0.09089759	0.09556533	-0.09475502	0.06293374	-0.060605623	0.070562944	-0.052356344	0.041038517	-0.081010215	0.060666338	-0.058261357	0.0541682	-0.03675278
-0.15215433	0.22574942	-0.39819363	0.18414523	-0.14970657	0.15544184	-0.34151044	0.9999993	-0.24319616	0.12764445	-0.20790899	0.21543655	-0.73105556	0.14392275	-0.12122158	0.11796785	-0.09742051	0.25456038	-0.117855415	0.11134038	-0.06365144	0.14410487	-0.11577685	0.103058554	-0.10101153	0.07117446	-0.10269981	0.092739604	-0.10102758	0.10085501	-0.06322327	0.06107197	-0.07220484	0.05372795	-0.04260276	0.08014314	-0.06166177	0.05890466	-0.05586632	0.03796086
0.08368053	-0.13691625	0.23404594	-0.8141455	0.2654981	-0.08545651	0.12321404	-0.24319616	0.9999994	-0.33249515	0.10375575	-0.09962475	0.16884913	-0.16164821	0.16004053	-0.08968882	0.07103785	-0.19014713	0.11607174	-0.13757609	0.05032393	-0.1183939	0.09402732	-0.0920228	0.09911585	-0.057597317	0.083803184	-0.079567164	0.087667875	-0.10190262	0.052754205	-0.05125743	0.060565118	-0.046529375	0.037592065	-0.068871	0.051479258	-0.0502341	0.047542613	-0.03379412
-0.06825634	0.09792749	-0.17987865	0.24169758	-0.7388184	0.066550985	-0.0949048	0.12764445	-0.33249515	0.9999997	-0.089153	0.07853354	-0.1262243	0.19452177	-0.44166204	0.085203305	-0.06851004	0.17545877	-0.15197271	0.21578668	-0.050537933	0.117198884	-0.103786044	0.10661564	-0.1386818	0.057481505	-0.091816425	0.08834377	-0.10350365	0.129891	-0.056978162	0.055837344	-0.06713713	0.052505627	-0.043679338	0.07284526	-0.056369066	0.054951366	-0.05365128	0.039021753
0.23316546	-0.29939085	0.22090907	-0.09982583	0.10608138	-0.3724238	0.29983026	-0.20790899	0.10375575	-0.089153	0.9999999	-0.71197176	0.20986347	-0.12946945	0.10045382	-0.21968234	0.1592032	-0.23793615	0.10308066	-0.099502616	0.0902207	-0.19322522	0.12134268	-0.107669614	0.097924195	-0.09866858	0.11716819	-0.10188187	0.10588718	-0.10168239	0.07113369	-0.068525806	0.07918503	-0.05818563	0.045330234	-0.0902753	0.06815623	-0.065087155	0.060311195	-0.040535875
-0.20933889	0.2488805	-0.21809827	0.09300111	-0.09521449	0.23144728	-0.50482935	0.21543655	-0.09962475	0.07853354	-0.71197176	1.0	-0.27847853	0.10569417	-0.0860004	0.15623094	-0.14865667	0.19081998	-0.08590379	0.082550585	-0.07129207	0.14973028	-0.10026263	0.08733585	-0.08159173	0.075625956	-0.09697328	0.08264712	-0.08780151	0.08278173	-0.05802325	0.05585822	-0.06515254	0.04760087	-0.037270457	0.07199469	-0.055983298	0.05288297	-0.04974305	0.033158164
0.14199644	-0.21432985	0.2737268	-0.15935141	0.14335977	-0.15508972	0.24295555	-0.73105556	0.16884913	-0.1262243	0.20986347	-0.27847853	1.0000001	-0.18623212	0.13388796	-0.14336948	0.11722994	-0.41312	0.14837284	-0.13137168	0.07610566	-0.17722438	0.14301501	-0.12748094	0.11843879	-0.085815825	0.12091065	-0.111909285	0.119866304	-0.11968828	0.074190244	-0.072012	0.08480336	-0.06328194	0.049951795	-0.09489809	0.07217289	-0.06945304	0.06532022	-0.04463012
-0.09347407	0.11869939	-0.2269526	0.13637146	-0.24760441	0.0866161	-0.12683696	0.14392275	-0.16164821	0.19452177	-0.12946945	0.10569417	-0.18623212	0.9999998	-0.40567657	0.113117285	-0.09645606	0.2683518	-0.7212294	0.2971565	-0.07110958	0.15679556	-0.17405082	0.17250907	-0.2123822	0.07857971	-0.14213999	0.13185708	-0.16607657	0.1747834	-0.084044315	0.0826568	-0.101554535	0.077218495	-0.0640229	0.10114526	-0.08441883	0.079935394	-0.08066365	0.056111492
0.072981305	-0.09806922	0.17075941	-0.14583445	0.27010715	-0.07053997	0.099198714	-0.12122158	0.16004053	-0.44166204	0.10045382	-0.0860004	0.13388796	-0.40567657	0.99999976	-0.11058652	0.089751326	-0.24319339	0.2746319	-0.6213817	0.0672902	-0.15804547	0.15034129	-0.16826731	0.23015839	-0.07660198	0.12698115	-0.12861851	0.15462139	-0.22795923	0.07755819	-0.07724232	0.093521595	-0.07549133	0.0644842	-0.098967545	0.07731375	-0.07648705	0.07567798	-0.057913452
-0.10529823	0.12345986	-0.19412865	0.08128183	-0.11245872	0.1042975	-0.14182241	0.11796785	-0.08968882	0.085203305	-0.21968234	0.15623094	-0.14336948	0.113117285	-0.11058652	0.99999946	-0.75895864	0.19007152	-0.101484075	0.10232839	-0.28921098	0.30263436	-0.18527387	0.13965629	-0.12879808	0.20560716	-0.21829924	0.15080307	-0.16204154	0.12370671	-0.113807805	0.10880736	-0.12515083	0.08570261	-0.0661679	0.121910155	-0.10771588	0.09582283	-0.09227565	0.057611376
0.08277446	-0.10080135	0.14954092	-0.06460564	0.0888239	-0.084530294	0.1156127	-0.09742051	0.07103785	-0.06851004	0.1592032	-0.14865667	0.11722994	-0.09645606	0.089751326	-0.75895864	0.9999994	-0.18495737	0.0872713	-0.085536815	0.18333164	-0.5103504	0.16524039	-0.12641701	0.1053417	-0.1785379	0.17153695	-0.12789059	0.13109851	-0.10328067	0.08921129	-0.087259404	0.098821186	-0.068615034	0.052577026	-0.09944126	0.08428844	-0.076847196	0.07248492	-0.046104252
-0.16579211	0.20315087	-0.39537138	0.1672583	-0.2312646	0.15131456	-0.22933374	0.25456038	-0.19014713	0.17545877	-0.23793615	0.19081998	-0.41312	0.2683518	-0.24319339	0.19007152	-0.18495737	0.99999934	-0.35905093	0.2248397	-0.11631131	0.25050998	-0.34715027	0.23583463	-0.23141146	0.124964006	-0.22589022	0.20009601	-0.23568012	0.2040431	-0.12954177	0.1266859	-0.15534693	0.11264449	-0.090190865	0.1516219	-0.12959059	0.12002295	-0.119636	0.07866834
0.073349565	-0.09392974	0.17216143	-0.102528445	0.17285652	-0.06900515	0.100129314	-0.117855415	0.11607174	-0.15197271	0.10308066	-0.08590379	0.14837284	-0.7212294	0.2746319	-0.101484075	0.0872713	-0.35905093	0.99999946	-0.4572881	0.06275887	-0.14366522	0.16728523	-0.19443884	0.20153278	-0.06968131	0.12349348	-0.1219362	0.15210767	-0.17628396	0.072254874	-0.07201651	0.088189796	-0.06843337	0.05702955	-0.08811005	0.07247373	-0.06982857	0.06994895	-0.05035802
-0.07177728	0.0931277	-0.1711947	0.11925357	-0.24946979	0.06774108	-0.09697728	0.11134038	-0.13757609	0.21578668	-0.099502616	0.082550585	-0.13137168	0.2971565	-0.6213817	0.10232839	-0.085536815	0.2248397	-0.4572881	0.9999995	-0.06481158	0.14710487	-0.16297738	0.17939205	-0.40968636	0.072571516	-0.13149405	0.13006216	-0.17145811	0.23175828	-0.07752791	0.07754214	-0.09570102	0.07631588	-0.06653374	0.0951391	-0.078130275	0.075920135	-0.077732526	0.058198866
0.052798204	-0.06378925	0.104319535	-0.045672562	0.065524526	-0.051550936	0.06997174	-0.06365144	0.05032393	-0.050537933	0.0902207	-0.07129207	0.07610566	-0.07110958	0.0672902	-0.28921098	0.18333164	-0.11631131	0.06275887	-0.06481158	0.99999917	-0.2472324	0.11935997	-0.097854204	0.08306025	-0.87668234	0.18576287	-0.12828174	0.11041474	-0.086619414	0.10460387	-0.09779398	0.096779555	-0.065557696	0.048101697	-0.113625646	0.08426454	-0.07818936	0.06749672	-0.042713843
-0.11941572	0.14172898	-0.25014493	0.106670275	-0.15553187	0.11167373	-0.15905258	0.14410487	-0.1183939	0.117198884	-0.19322522	0.14973028	-0.17722438	0.15679556	-0.15804547	0.30263436	-0.5103504	0.25050998	-0.14366522	0.14710487	-0.2472324	0.99999917	-0.3871845	0.23355384	-0.19867952	0.20393915	-0.35914767	0.23897819	-0.25908166	0.18716507	-0.16373451	0.16252378	-0.18834227	0.12797032	-0.098611966	0.17402194	-0.15903339	0.1413577	-0.13710375	0.085540675
0.080887616	-0.10110766	0.17577155	-0.08483342	0.12875587	-0.07719879	0.10883119	-0.11577685	0.09402732	-0.103786044	0.12134268	-0.10026263	0.14301501	-0.17405082	0.15034129	-0.18527387	0.16524039	-0.34715027	0.16728523	-0.16297738	0.11935997	-0.3871845	0.99999905	-0.6629687	0.22215562	-0.13213754	0.23822212	-0.35125685	0.28944948	-0.22805305	0.12258614	-0.1306453	0.15863852	-0.11695259	0.08786396	-0.14827363	0.122200444	-0.12151647	0.1135132	-0.07808023
-0.07351524	0.09153013	-0.16449098	0.08233444	-0.13406666	0.0692055	-0.09823674	0.103058554	-0.0920228	0.10661564	-0.107669614	0.08733585	-0.12748094	0.17250907	-0.16826731	0.13965629	-0.12641701	0.23583463	-0.19443884	0.17939205	-0.097854204	0.23355384	-0.6629687	0.9999989	-0.34903035	0.1062173	-0.22534865	0.25943604	-0.47953114	0.26069468	-0.114647225	0.12050066	-0.15239105	0.11677446	-0.091574065	0.13419724	-0.11620498	0.113037884	-0.11498183	0.07925539
0.06821745	-0.08739268	0.15276219	-0.089381345	0.15566126	-0.06524139	0.09139114	-0.10101153	0.09911585	-0.1386818	0.097924195	-0.08159173	0.11843879	-0.2123822	0.23015839	-0.12879808	0.1053417	-0.23141146	0.20153278	-0.40968636	0.08306025	-0.19867952	0.22215562	-0.34903035	0.9999989	-0.09468442	0.17282975	-0.19817124	0.2701417	-0.6872078	0.10087036	-0.10458959	0.12988175	-0.114329964	0.10819349	-0.12689082	0.10262505	-0.1045618	0.1096221	-0.09619842
-0.05938778	0.070894405	-0.12079727	0.052125502	-0.075371824	0.05656643	-0.078227974	0.07117446	-0.057597317	0.057481505	-0.09866858	0.075625956	-0.085815825	0.07857971	-0.07660198	0.20560716	-0.1785379	0.124964006	-0.06968131	0.072571516	-0.87668234	0.20393915	-0.13213754	0.1062173	-0.09468442	0.99999917	-0.2578924	0.14362551	-0.12889056	0.09670931	-0.13120627	0.115228005	-0.11459767	0.07554659	-0.055708073	0.12577477	-0.0998867	0.08956787	-0.078883246	0.049058855
0.07667076	-0.09609649	0.15972014	-0.07630972	0.11440862	-0.07445133	0.10163513	-0.10269981	0.083803184	-0.091816425	0.11716819	-0.09697328	0.12091065	-0.14213999	0.12698115	-0.21829924	0.17153695	-0.22589022	0.12349348	-0.13149405	0.18576287	-0.35914767	0.23822212	-0.22534865	0.17282975	-0.2578924	0.9999992	-0.5780129	0.26432133	-0.21136187	0.23026942	-0.37526298	0.2615068	-0.17302145	0.116322234	-0.2827974	0.21436803	-0.21718821	0.1624032	-0.10612894
-0.06859546	0.085181825	-0.14958689	0.071794614	-0.1122287	0.065089464	-0.09089759	0.092739604	-0.079567164	0.08834377	-0.10188187	0.08264712	-0.111909285	0.13185708	-0.12861851	0.15080307	-0.12789059	0.20009601	-0.1219362	0.13006216	-0.12828174	0.23897819	-0.35125685	0.25943604	-0.19817124	0.14362551	-0.5780129	0.9999992	-0.51473457	0.22273262	-0.18266676	0.21694516	-0.32222798	0.17053573	-0.11772841	0.19970076	-0.18448623	0.18031856	-0.16228336	0.10207593
0.071717575	-0.0905793	0.15534042	-0.07934155	0.12661938	-0.06889732	0.09556533	-0.10102758	0.087667875	-0.10350365	0.10588718	-0.08780151	0.119866304	-0.16607657	0.15462139	-0.16204154	0.13109851	-0.23568012	0.15210767	-0.17145811	0.11041474	-0.25908166	0.28944948	-0.47953114	0.2701417	-0.12889056	0.26432133	-0.51473457	0.99999905	-0.4680321	0.13974366	-0.15599394	0.19633439	-0.17908305	0.12409651	-0.17526726	0.14257908	-0.15023907	0.14965017	-0.10996104
-0.07131573	0.08985008	-0.16320777	0.090649	-0.16570577	0.06707461	-0.09475502	0.10085501	-0.10190262	0.129891	-0.10168239	0.08278173	-0.11968828	0.1747834	-0.22795923	0.12370671	-0.10328067	0.2040431	-0.17628396	0.23175828	-0.086619414	0.18716507	-0.22805305	0.26069468	-0.6872078	0.09670931	-0.21136187	0.22273262	-0.4680321	0.99999905	-0.11670587	0.12183679	-0.15905477	0.14102164	-0.16038248	0.13842899	-0.121521704	0.12053494	-0.1406178	0.12082234
0.047970418	-0.059709214	0.10256124	-0.047999162	0.07233213	-0.04588754	0.06293374	-0.06322327	0.052754205	-0.056978162	0.07113369	-0.05802325	0.074190244	-0.084044315	0.07755819	-0.113807805	0.08921129	-0.12954177	0.072254874	-0.07752791	0.10460387	-0.16373451	0.12258614	-0.114647225	0.10087036	-0.13120627	0.23026942	-0.18266676	0.13974366	-0.11670587	0.9999988	-0.5650387	0.25548807	-0.16085374	0.10270933	-0.6942664	0.2591438	-0.23383516	0.15542687	-0.09404295
-0.046068367	0.057337917	-0.098679386	0.046559446	-0.07081889	0.044040173	-0.060605623	0.06107197	-0.05125743	0.055837344	-0.068525806	0.05585822	-0.072012	0.0826568	-0.07724232	0.10880736	-0.087259404	0.1266859	-0.07201651	0.07754214	-0.09779398	0.16252378	-0.1306453	0.12050066	-0.10458959	0.115228005	-0.37526298	0.21694516	-0.15599394	0.12183679	-0.5650387	0.9999986	-0.47219273	0.18965119	-0.12025982	0.31873176	-0.42682722	0.27216533	-0.18676837	0.10587981
0.05352676	-0.06710255	0.11443993	-0.055082295	0.08419486	-0.051413883	0.070562944	-0.07220484	0.060565118	-0.06713713	0.07918503	-0.06515254	0.08480336	-0.101554535	0.093521595	-0.12515083	0.098821186	-0.15534693	0.088189796	-0.09570102	0.096779555	-0.18834227	0.15863852	-0.15239105	0.12988175	-0.11459767	0.2615068	-0.32222798	0.19633439	-0.15905477	0.25548807	-0.47219273	0.99999905	-0.44615653	0.18043403	-0.33414212	0.29151043	-0.4520388	0.26642203	-0.16781464
-0.039746225	0.049733102	-0.086345315	0.042153742	-0.06641727	0.037909064	-0.052356344	0.05372795	-0.046529375	0.052505627	-0.05818563	0.04760087	-0.06328194	0.077218495	-0.07549133	0.08570261	-0.068615034	0.11264449	-0.06843337	0.07631588	-0.065557696	0.12797032	-0.11695259	0.11677446	-0.114329964	0.07554659	-0.17302145	0.17053573	-0.17908305	0.14102164	-0.16085374	0.18965119	-0.44615653	0.9999991	-0.43550393	0.18832076	-0.1994738	0.23685156	-0.6498995	0.28405076
0.031101808	-0.03912268	0.06771452	-0.034029577	0.054819662	-0.029733418	0.041038517	-0.04260276	0.037592065	-0.043679338	0.045330234	-0.037270457	0.049951795	-0.0640229	0.0644842	-0.0661679	0.052577026	-0.090190865	0.05702955	-0.06653374	0.048101697	-0.098611966	0.08786396	-0.091574065	0.10819349	-0.055708073	0.116322234	-0.11772841	0.12409651	-0.16038248	0.10270933	-0.12025982	0.18043403	-0.43550393	0.9999988	-0.13926607	0.12402174	-0.16232269	0.30163574	-0.80030566
-0.0622291	0.07633982	-0.13751544	0.062374357	-0.095007256	0.058244042	-0.081010215	0.08014314	-0.068871	0.07284526	-0.0902753	0.07199469	-0.09489809	0.10114526	-0.098967545	0.121910155	-0.09944126	0.1516219	-0.08811005	0.0951391	-0.113625646	0.17402194	-0.14827363	0.13419724	-0.12689082	0.12577477	-0.2827974	0.19970076	-0.17526726	0.13842899	-0.6942664	0.31873176	-0.33414212	0.18832076	-0.13926607	0.9999985	-0.3922468	0.2533076	-0.22044307	0.119304486
0.04615549	-0.057775926	0.09855402	-0.04687322	0.07101854	-0.04430753	0.060666338	-0.06166177	0.051479258	-0.056369066	0.06815623	-0.055983298	0.07217289	-0.08441883	0.07731375	-0.10771588	0.08428844	-0.12959059	0.07247373	-0.078130275	0.08426454	-0.15903339	0.122200444	-0.11620498	0.10262505	-0.0998867	0.21436803	-0.18448623	0.14257908	-0.121521704	0.2591438	-0.42682722	0.29151043	-0.1994738	0.12402174	-0.3922468	0.9999989	-0.70424443	0.2057689	-0.12200804
-0.04440155	0.055208057	-0.09641094	0.045568746	-0.07014501	0.04219102	-0.058261357	0.05890466	-0.0502341	0.054951366	-0.065087155	0.05288297	-0.06945304	0.079935394	-0.07648705	0.09582283	-0.076847196	0.12002295	-0.06982857	0.075920135	-0.07818936	0.1413577	-0.12151647	0.113037884	-0.1045618	0.08956787	-0.21718821	0.18031856	-0.15023907	0.12053494	-0.23383516	0.27216533	-0.4520388	0.23685156	-0.16232269	0.2533076	-0.70424443	0.9999991	-0.33664158	0.14938484
0.041108556	-0.05171342	0.08827394	-0.043227993	0.06709837	-0.039490633	0.0541682	-0.05586632	0.047542613	-0.05365128	0.060311195	-0.04974305	0.06532022	-0.08066365	0.07567798	-0.09227565	0.07248492	-0.119636	0.06994895	-0.077732526	0.06749672	-0.13710375	0.1135132	-0.11498183	0.1096221	-0.078883246	0.1624032	-0.16228336	0.14965017	-0.1406178	0.15542687	-0.18676837	0.26642203	-0.6498995	0.30163574	-0.22044307	0.2057689	-0.33664158	0.99999905	-0.4822499
-0.027893167	0.0349668	-0.061137453	0.030535717	-0.0495309	0.026548268	-0.03675278	0.03796086	-0.03379412	0.039021753	-0.040535875	0.033158164	-0.04463012	0.056111492	-0.057913452	0.057611376	-0.046104252	0.07866834	-0.05035802	0.058198866	-0.042713843	0.085540675	-0.07808023	0.07925539	-0.09619842	0.049058855	-0.10612894	0.10207593	-0.10996104	0.12082234	-0.09404295	0.10587981	-0.16781464	0.28405076	-0.80030566	0.119304486	-0.12200804	0.14938484	-0.4822499	0.99999905
