1.0	-0.5898584	0.24306265	-0.1283321	0.11388808	-0.51910496	0.30384597	-0.22474684	0.15280202	-0.17032708	0.2855036	-0.30879143	0.19775684	-0.14047399	0.11797542	-0.2033142	0.15699041	-0.19583456	0.13330881	-0.11404291	0.12599531	-0.18038654	0.15950653	-0.10772806	0.09034603	-0.09428623	0.10789424	-0.1288357	0.09842634	-0.10595395	0.10387736	-0.14406781	0.09371243	-0.081219316	0.099742435	-0.07177311	0.069706604	-0.122349285	0.07768649	-0.10060065
-0.5898584	1.0000001	-0.32656556	0.12323827	-0.108598374	0.25007027	-0.63305974	0.24061513	-0.1554386	0.14884783	-0.23112683	0.214461	-0.17978747	0.12377222	-0.103608355	0.14422333	-0.117386274	0.15456523	-0.11488554	0.09559215	-0.094043374	0.13253346	-0.1247074	0.08785922	-0.075241506	0.069468446	-0.07996515	0.09561295	-0.07463291	0.07878364	-0.077151515	0.104791395	-0.07006804	0.060570437	-0.07475956	0.05246329	-0.051306024	0.08859143	-0.057127748	0.07325873
0.24306265	-0.32656556	0.9999998	-0.31903514	0.22644497	-0.1949415	0.2847276	-0.4959611	0.28281057	-0.33701468	0.21308208	-0.3283203	0.2809285	-0.24715097	0.20301455	-0.2608011	0.20343785	-0.28845423	0.21502624	-0.1929255	0.17246525	-0.24936044	0.22310264	-0.17457601	0.14561822	-0.13023193	0.15040892	-0.18266912	0.1423674	-0.15271951	0.14418915	-0.20172386	0.13285454	-0.11602218	0.14181612	-0.10008981	0.09731564	-0.17171729	0.109706424	-0.14209822
-0.1283321	0.12323827	-0.31903514	0.9999997	-0.7190591	0.09396469	-0.15639223	0.2158414	-0.46849033	0.30320156	-0.11563789	0.14863414	-0.16190694	0.20980315	-0.1901185	0.11628594	-0.09947273	0.14675812	-0.17374687	0.14133413	-0.08438124	0.11530758	-0.11920807	0.11521556	-0.10671587	0.061723534	-0.072196305	0.08837733	-0.07473884	0.0753456	-0.06969553	0.092200294	-0.06613118	0.057593897	-0.07126552	0.046436846	-0.046015766	0.077782564	-0.052096613	0.06559254
0.11388808	-0.108598374	0.22644497	-0.7190591	0.9999997	-0.085194595	0.13246822	-0.18761964	0.2760237	-0.5417779	0.10497997	-0.14166373	0.14378761	-0.21057245	0.19576903	-0.11411282	0.09576013	-0.14192264	0.16156833	-0.15531792	0.082620434	-0.113569245	0.11454513	-0.12166062	0.10808425	-0.060903203	0.07134012	-0.088154726	0.074989945	-0.07609455	0.06865648	-0.09184277	0.0657428	-0.057682507	0.07091023	-0.04606832	0.04556768	-0.07764556	0.051949773	-0.06563567
-0.51910496	0.25007027	-0.1949415	0.09396469	-0.085194595	0.99999934	-0.31821838	0.17197461	-0.117859244	0.12041911	-0.7031444	0.2423745	-0.16408524	0.10222325	-0.086578436	0.14376704	-0.11889705	0.14221023	-0.09873069	0.08164769	-0.09020388	0.12587675	-0.11794817	0.07666894	-0.0653967	0.06596196	-0.07553925	0.08930964	-0.06896398	0.07287675	-0.07306971	0.09836926	-0.06544325	0.056314312	-0.06969433	0.049400087	-0.04831852	0.082923226	-0.053368922	0.06834983
0.30384597	-0.63305974	0.2847276	-0.15639223	0.13246822	-0.31821838	0.99999934	-0.45117474	0.19923945	-0.19450158	0.23321426	-0.28813428	0.22656533	-0.16398825	0.131019	-0.18568075	0.14958912	-0.20233442	0.14513485	-0.122662164	0.11809575	-0.1689962	0.1559937	-0.11222934	0.09501211	-0.08765703	0.10086434	-0.12093748	0.09399928	-0.099564426	0.09687324	-0.13263606	0.088120505	-0.076364	0.09387551	-0.06615807	0.064552076	-0.11196501	0.07199643	-0.092531875
-0.22474684	0.24061513	-0.4959611	0.2158414	-0.18761964	0.17197461	-0.45117474	0.9999993	-0.44740954	0.23504722	-0.19844335	0.25906637	-0.42940083	0.217641	-0.17093979	0.1754251	-0.15428011	0.23342416	-0.19006056	0.14671402	-0.11896099	0.16774763	-0.17205681	0.12914586	-0.11361428	0.08674127	-0.10080777	0.12133569	-0.09732871	0.09983183	-0.09673109	0.12869112	-0.08911497	0.076956436	-0.09512007	0.06456557	-0.06360788	0.10773137	-0.07092686	0.08981092
0.15280202	-0.1554386	0.28281057	-0.46849033	0.2760237	-0.117859244	0.19923945	-0.44740954	0.9999991	-0.4163463	0.14049798	-0.19563799	0.21618669	-0.46965864	0.24007599	-0.14955778	0.12804516	-0.20193271	0.23765957	-0.1953705	0.10507894	-0.14681906	0.14977768	-0.15726854	0.13743617	-0.07717386	0.09041966	-0.11158235	0.09443184	-0.09521232	0.086486876	-0.1154674	0.08252229	-0.07236612	0.08863226	-0.057788994	0.05712552	-0.096927986	0.06489549	-0.08183862
-0.17032708	0.14884783	-0.33701468	0.30320156	-0.5417779	0.12041911	-0.19450158	0.23504722	-0.4163463	0.9999991	-0.15521893	0.18515594	-0.20509493	0.27183795	-0.4388398	0.14752674	-0.12939586	0.18913601	-0.25301328	0.2305219	-0.11349118	0.14967668	-0.16278337	0.1711888	-0.1733802	0.082056604	-0.09646644	0.11847279	-0.10442054	0.10247313	-0.09380509	0.12107467	-0.090458445	0.07861069	-0.09816762	0.06153851	-0.061535373	0.102227725	-0.06997834	0.087004125
0.2855036	-0.23112683	0.21308208	-0.11563789	0.10497997	-0.7031444	0.23321426	-0.19844335	0.14049798	-0.15521893	0.9999993	-0.44450995	0.21350518	-0.1323152	0.11172285	-0.22046882	0.17457652	-0.20056818	0.12953179	-0.10839708	0.12768494	-0.18195677	0.16308337	-0.1033058	0.086969376	-0.09405667	0.10720878	-0.12656313	0.09630998	-0.10277517	0.10315804	-0.1407683	0.09201111	-0.07930732	0.09769795	-0.07035355	0.06847466	-0.118555605	0.07562833	-0.0973671
-0.30879143	0.214461	-0.3283203	0.14863414	-0.14166373	0.2423745	-0.28813428	0.25906637	-0.19563799	0.18515594	-0.44450995	0.9999995	-0.5311927	0.17220066	-0.14971219	0.260817	-0.33984622	0.2853594	-0.18349925	0.13825406	-0.17302744	0.22742397	-0.2488636	0.13125147	-0.11550417	0.118209906	-0.13583548	0.15435621	-0.120859236	0.12167312	-0.13273206	0.16335975	-0.11502078	0.09661607	-0.122228496	0.08415543	-0.08395772	0.1344457	-0.08970144	0.11122429
0.19775684	-0.17978747	0.2809285	-0.16190694	0.14378761	-0.16408524	0.22656533	-0.42940083	0.21618669	-0.20509493	0.21350518	-0.5311927	0.9999996	-0.21348064	0.16096163	-0.25167572	0.23686773	-0.52638453	0.20858355	-0.15784033	0.15242516	-0.23213737	0.23770505	-0.14558719	0.1224002	-0.109925054	0.12780987	-0.15272422	0.11677116	-0.11928972	0.11991453	-0.15880506	0.108405955	-0.09287648	0.114132054	-0.07885756	0.07752481	-0.1291576	0.08507694	-0.107098475
-0.14047399	0.12377222	-0.24715097	0.20980315	-0.21057245	0.10222325	-0.16398825	0.217641	-0.46965864	0.27183795	-0.1323152	0.17220066	-0.21348064	0.99999934	-0.47084472	0.14066914	-0.12953179	0.21398489	-0.56254435	0.27644768	-0.10533048	0.14320336	-0.1622564	0.2094759	-0.20200984	0.07635412	-0.09062634	0.11363977	-0.10368281	0.0991208	-0.086355135	0.112518236	-0.085332096	0.075343736	-0.09192417	0.056615606	-0.05652041	0.09410475	-0.065037765	0.080681115
0.11797542	-0.103608355	0.20301455	-0.1901185	0.19576903	-0.086578436	0.131019	-0.17093979	0.24007599	-0.4388398	0.11172285	-0.14971219	0.16096163	-0.47084472	0.99999934	-0.1275406	0.11152866	-0.17996904	0.29679492	-0.60419405	0.097381584	-0.13180609	0.14112857	-0.25618324	0.23268081	-0.07180668	0.08578451	-0.111257344	0.10533065	-0.10202657	0.08127802	-0.10811084	0.083174914	-0.075454436	0.09011695	-0.05395733	0.053819768	-0.0909846	0.06339467	-0.07901951
-0.2033142	0.14422333	-0.2608011	0.11628594	-0.11411282	0.14376704	-0.18568075	0.1754251	-0.14955778	0.14752674	-0.22046882	0.260817	-0.25167572	0.14066914	-0.1275406	0.9999994	-0.7308287	0.26579645	-0.16483201	0.1197374	-0.29613772	0.27298346	-0.2827814	0.11936648	-0.1057926	0.16219857	-0.1697289	0.17102028	-0.12986577	0.12718982	-0.16887678	0.18484735	-0.12775259	0.10457292	-0.13328443	0.09938474	-0.09896061	0.14588188	-0.09756908	0.1178692
0.15699041	-0.117386274	0.20343785	-0.09947273	0.09576013	-0.11889705	0.14958912	-0.15428011	0.12804516	-0.12939586	0.17457652	-0.33984622	0.23686773	-0.12953179	0.11152866	-0.7308287	0.9999997	-0.37725297	0.1521136	-0.11010634	0.19620596	-0.35898724	0.25462592	-0.10874292	0.093211584	-0.12983109	0.14423175	-0.1501209	0.10978652	-0.108624615	0.13064812	-0.15996747	0.1064326	-0.088212945	0.109747104	-0.08070576	0.07911927	-0.12244364	0.08110225	-0.09938524
-0.19583456	0.15456523	-0.28845423	0.14675812	-0.14192264	0.14221023	-0.20233442	0.23342416	-0.20193271	0.18913601	-0.20056818	0.2853594	-0.52638453	0.21398489	-0.17996904	0.26579645	-0.37725297	0.99999946	-0.34897655	0.17882492	-0.18057626	0.27007604	-0.44778302	0.16948998	-0.14829125	0.12475005	-0.14873959	0.17678213	-0.13588688	0.13077997	-0.13725713	0.1716249	-0.12467254	0.104520686	-0.12949029	0.08633385	-0.086119376	0.1369296	-0.09316837	0.11426846
0.13330881	-0.11488554	0.21502624	-0.17374687	0.16156833	-0.09873069	0.14513485	-0.19006056	0.23765957	-0.25301328	0.12953179	-0.18349925	0.20858355	-0.56254435	0.29679492	-0.16483201	0.1521136	-0.34897655	0.9999994	-0.45244795	0.11870819	-0.16751157	0.18785681	-0.38251078	0.2584507	-0.08694643	0.10420968	-0.13566366	0.12849283	-0.120851055	0.09727192	-0.1288504	0.09930607	-0.0903928	0.10644569	-0.06399198	0.063797235	-0.10687394	0.07472254	-0.09265326
-0.11404291	0.09559215	-0.1929255	0.14133413	-0.15531792	0.08164769	-0.122662164	0.14671402	-0.1953705	0.2305219	-0.10839708	0.13825406	-0.15784033	0.27644768	-0.60419405	0.1197374	-0.11010634	0.17882492	-0.45244795	0.9999998	-0.09605806	0.12658264	-0.14670843	0.28636572	-0.4773612	0.070007645	-0.08440194	0.10993336	-0.111834146	0.101889946	-0.07991261	0.10387061	-0.084090985	0.076076254	-0.09139381	0.05223835	-0.052535456	0.08738868	-0.062457666	0.07663245
0.12599531	-0.094043374	0.17246525	-0.08438124	0.082620434	-0.09020388	0.11809575	-0.11896099	0.10507894	-0.11349118	0.12768494	-0.17302744	0.15242516	-0.10533048	0.097381584	-0.29613772	0.19620596	-0.18057626	0.11870819	-0.09605806	0.9999997	-0.3549939	0.23630977	-0.107984915	0.09180798	-0.6291714	0.29468304	-0.27684438	0.1749758	-0.182799	0.2906315	-0.36123392	0.18325508	-0.15296161	0.18041912	-0.19602779	0.16387376	-0.25979128	0.15100785	-0.18960615
-0.18038654	0.13253346	-0.24936044	0.11530758	-0.113569245	0.12587675	-0.1689962	0.16774763	-0.14681906	0.14967668	-0.18195677	0.22742397	-0.23213737	0.14320336	-0.13180609	0.27298346	-0.35898724	0.27007604	-0.16751157	0.12658264	-0.3549939	0.9999995	-0.6204789	0.13587469	-0.1187424	0.21851674	-0.32587776	0.25325266	-0.1781271	0.16602264	-0.22616914	0.2580979	-0.1781978	0.14113359	-0.17736301	0.12853067	-0.12901442	0.18443953	-0.12680577	0.15002123
0.15950653	-0.1247074	0.22310264	-0.11920807	0.11454513	-0.11794817	0.1559937	-0.17205681	0.14977768	-0.16278337	0.16308337	-0.2488636	0.23770505	-0.1622564	0.14112857	-0.2827814	0.25462592	-0.44778302	0.18785681	-0.14670843	0.23630977	-0.6204789	0.9999996	-0.16448729	0.13132541	-0.18157633	0.23157659	-0.33664307	0.18576473	-0.18325324	0.18559583	-0.26313326	0.17670615	-0.14812481	0.17323343	-0.11991713	0.116950475	-0.19148181	0.12780851	-0.15840328
-0.10772806	0.08785922	-0.17457601	0.11521556	-0.12166062	0.07666894	-0.11222934	0.12914586	-0.15726854	0.1711888	-0.1033058	0.13125147	-0.14558719	0.2094759	-0.25618324	0.11936648	-0.10874292	0.16948998	-0.38251078	0.28636572	-0.107984915	0.13587469	-0.16448729	0.99999976	-0.76671755	0.08033645	-0.10088982	0.14442489	-0.21389359	0.14658704	-0.09258555	0.12138931	-0.113543294	0.1098573	-0.122342855	0.060542017	-0.06160553	0.103262216	-0.07915381	0.09469541
0.09034603	-0.075241506	0.14561822	-0.10671587	0.10808425	-0.0653967	0.09501211	-0.11361428	0.13743617	-0.1733802	0.086969376	-0.11550417	0.1224002	-0.20200984	0.23268081	-0.1057926	0.093211584	-0.14829125	0.2584507	-0.4773612	0.09180798	-0.1187424	0.13132541	-0.76671755	0.9999996	-0.06928958	0.086056136	-0.1252995	0.14688517	-0.13227458	0.07909982	-0.10689373	0.09322119	-0.0925469	0.10209864	-0.052625127	0.05307479	-0.09069729	0.06753765	-0.0829215
-0.09428623	0.069468446	-0.13023193	0.061723534	-0.060903203	0.06596196	-0.08765703	0.08674127	-0.07717386	0.082056604	-0.09405667	0.118209906	-0.109925054	0.07635412	-0.07180668	0.16219857	-0.12983109	0.12475005	-0.08694643	0.070007645	-0.6291714	0.21851674	-0.18157633	0.08033645	-0.06928958	0.99999976	-0.46060282	0.22339019	-0.14466733	0.13693231	-0.4925989	0.28996855	-0.15395357	0.12132036	-0.14557041	0.18135305	-0.16094388	0.19157553	-0.11741093	0.1377381
0.10789424	-0.07996515	0.15040892	-0.072196305	0.07134012	-0.07553925	0.10086434	-0.10080777	0.09041966	-0.09646644	0.10720878	-0.13583548	0.12780987	-0.09062634	0.08578451	-0.1697289	0.14423175	-0.14873959	0.10420968	-0.08440194	0.29468304	-0.32587776	0.23157659	-0.10088982	0.086056136	-0.46060282	0.9999999	-0.47118738	0.20240602	-0.1810035	0.2657865	-0.5754562	0.21119936	-0.16430496	0.18261869	-0.1494635	0.1388375	-0.19718792	0.13365956	-0.15671389
-0.1288357	0.09561295	-0.18266912	0.08837733	-0.088154726	0.08930964	-0.12093748	0.12133569	-0.11158235	0.11847279	-0.12656313	0.15435621	-0.15272422	0.11363977	-0.111257344	0.17102028	-0.1501209	0.17678213	-0.13566366	0.10993336	-0.27684438	0.25325266	-0.33664307	0.14442489	-0.1252995	0.22339019	-0.47118738	0.99999934	-0.4675055	0.26278177	-0.24282993	0.3005281	-0.40005612	0.2613909	-0.28502497	0.13982171	-0.1459696	0.21821758	-0.17845377	0.19567557
0.09842634	-0.07463291	0.1423674	-0.07473884	0.074989945	-0.06896398	0.09399928	-0.09732871	0.09443184	-0.10442054	0.09630998	-0.120859236	0.11677116	-0.10368281	0.10533065	-0.12986577	0.10978652	-0.13588688	0.12849283	-0.111834146	0.1749758	-0.1781271	0.18576473	-0.21389359	0.14688517	-0.14466733	0.20240602	-0.4675055	0.99999934	-0.5810679	0.16639806	-0.23957585	0.288082	-0.440946	0.29980627	-0.112285905	0.11630316	-0.20850824	0.18252298	-0.21525832
-0.10595395	0.07878364	-0.15271951	0.0753456	-0.07609455	0.07287675	-0.099564426	0.09983183	-0.09521232	0.10247313	-0.10277517	0.12167312	-0.11928972	0.0991208	-0.10202657	0.12718982	-0.108624615	0.13077997	-0.120851055	0.101889946	-0.182799	0.16602264	-0.18325324	0.14658704	-0.13227458	0.13693231	-0.1810035	0.26278177	-0.5810679	0.9999994	-0.1741222	0.2063053	-0.27925387	0.27097243	-0.62034875	0.11235147	-0.1220366	0.20126884	-0.19851449	0.22459999
0.10387736	-0.077151515	0.14418915	-0.06969553	0.06865648	-0.07306971	0.09687324	-0.09673109	0.086486876	-0.09380509	0.10315804	-0.13273206	0.11991453	-0.086355135	0.08127802	-0.16887678	0.13064812	-0.13725713	0.09727192	-0.07991261	0.2906315	-0.22616914	0.18559583	-0.09258555	0.07909982	-0.4925989	0.2657865	-0.24282993	0.16639806	-0.1741222	0.9999995	-0.40826914	0.18581577	-0.15373836	0.18260278	-0.479531	0.26710182	-0.33429867	0.17134169	-0.20699789
-0.14406781	0.104791395	-0.20172386	0.092200294	-0.09184277	0.09836926	-0.13263606	0.12869112	-0.1154674	0.12107467	-0.1407683	0.16335975	-0.15880506	0.112518236	-0.10811084	0.18484735	-0.15996747	0.1716249	-0.1288504	0.10387061	-0.36123392	0.2580979	-0.26313326	0.12138931	-0.10689373	0.28996855	-0.5754562	0.3005281	-0.23957585	0.2063053	-0.40826914	0.99999934	-0.3174999	0.20570762	-0.25142074	0.18775798	-0.19736002	0.23582862	-0.17414698	0.19029956
0.09371243	-0.07006804	0.13285454	-0.06613118	0.0657428	-0.06544325	0.088120505	-0.08911497	0.08252229	-0.090458445	0.09201111	-0.11502078	0.108405955	-0.085332096	0.083174914	-0.12775259	0.1064326	-0.12467254	0.09930607	-0.084090985	0.18325508	-0.1781978	0.17670615	-0.113543294	0.09322119	-0.15395357	0.21119936	-0.40005612	0.288082	-0.27925387	0.18581577	-0.3174999	0.99999964	-0.6890042	0.2695996	-0.13337219	0.13952859	-0.28893784	0.2241624	-0.25194934
-0.081219316	0.060570437	-0.11602218	0.057593897	-0.057682507	0.056314312	-0.076364	0.076956436	-0.07236612	0.07861069	-0.07930732	0.09661607	-0.09287648	0.075343736	-0.075454436	0.10457292	-0.088212945	0.104520686	-0.0903928	0.076076254	-0.15296161	0.14113359	-0.14812481	0.1098573	-0.0925469	0.12132036	-0.16430496	0.2613909	-0.440946	0.27097243	-0.15373836	0.20570762	-0.6890042	0.9999995	-0.37781152	0.106239416	-0.11680511	0.21945116	-0.2947066	0.23760061
0.099742435	-0.07475956	0.14181612	-0.07126552	0.07091023	-0.06969433	0.09387551	-0.09512007	0.08863226	-0.09816762	0.09769795	-0.122228496	0.114132054	-0.09192417	0.09011695	-0.13328443	0.109747104	-0.12949029	0.10644569	-0.09139381	0.18041912	-0.17736301	0.17323343	-0.122342855	0.10209864	-0.14557041	0.18261869	-0.28502497	0.29980627	-0.62034875	0.18260278	-0.25142074	0.2695996	-0.37781152	0.99999934	-0.13682114	0.14214718	-0.28258273	0.25271863	-0.42174575
-0.07177311	0.05246329	-0.10008981	0.046436846	-0.04606832	0.049400087	-0.06615807	0.06456557	-0.057788994	0.06153851	-0.07035355	0.08415543	-0.07885756	0.056615606	-0.05395733	0.09938474	-0.08070576	0.08633385	-0.06399198	0.05223835	-0.19602779	0.12853067	-0.11991713	0.060542017	-0.052625127	0.18135305	-0.1494635	0.13982171	-0.112285905	0.11235147	-0.479531	0.18775798	-0.13337219	0.106239416	-0.13682114	0.9999999	-0.75597477	0.2613732	-0.14525205	0.13991354
0.069706604	-0.051306024	0.09731564	-0.046015766	0.04556768	-0.04831852	0.064552076	-0.06360788	0.05712552	-0.061535373	0.06847466	-0.08395772	0.07752481	-0.05652041	0.053819768	-0.09896061	0.07911927	-0.086119376	0.063797235	-0.052535456	0.16387376	-0.12901442	0.116950475	-0.06160553	0.05307479	-0.16094388	0.1388375	-0.1459696	0.11630316	-0.1220366	0.26710182	-0.19736002	0.13952859	-0.11680511	0.14214718	-0.75597477	0.9999999	-0.4704334	0.1707998	-0.17659985
-0.122349285	0.08859143	-0.17171729	0.077782564	-0.07764556	0.082923226	-0.11196501	0.10773137	-0.096927986	0.102227725	-0.118555605	0.1344457	-0.1291576	0.09410475	-0.0909846	0.14588188	-0.12244364	0.1369296	-0.10687394	0.08738868	-0.25979128	0.18443953	-0.19148181	0.103262216	-0.09069729	0.19157553	-0.19718792	0.21821758	-0.20850824	0.20126884	-0.33429867	0.23582862	-0.28893784	0.21945116	-0.28258273	0.2613732	-0.4704334	1.0	-0.48795703	0.28707314
0.07768649	-0.057127748	0.109706424	-0.052096613	0.051949773	-0.053368922	0.07199643	-0.07092686	0.06489549	-0.06997834	0.07562833	-0.08970144	0.08507694	-0.065037765	0.06339467	-0.09756908	0.08110225	-0.09316837	0.07472254	-0.062457666	0.15100785	-0.12680577	0.12780851	-0.07915381	0.06753765	-0.11741093	0.13365956	-0.17845377	0.18252298	-0.19851449	0.17134169	-0.17414698	0.2241624	-0.2947066	0.25271863	-0.14525205	0.1707998	-0.48795703	0.99999994	-0.7238841
-0.10060065	0.07325873	-0.14209822	0.06559254	-0.06563567	0.06834983	-0.092531875	0.08981092	-0.08183862	0.087004125	-0.0973671	0.11122429	-0.107098475	0.080681115	-0.07901951	0.1178692	-0.09938524	0.11426846	-0.09265326	0.07663245	-0.18960615	0.15002123	-0.15840328	0.09469541	-0.0829215	0.1377381	-0.15671389	0.19567557	-0.21525832	0.22459999	-0.20699789	0.19029956	-0.25194934	0.23760061	-0.42174575	0.13991354	-0.17659985	0.28707314	-0.7238841	0.99999994
