1.0000001	-0.0906716	0.065783	-0.008869356	0.0064898096	-0.9904871	0.07304068	-0.038830735	0.010578029	-0.0076848604	0.03978509	-0.055842504	0.04039737	-0.016957162	0.015888143	-0.042951673	0.024254994	-0.018394805	0.018306775	-0.01317068	0.010984244	-0.023020647	0.015133498	-0.015457845	0.0126351	-0.009306775	0.011004947	-0.010658237	0.01086731	-0.008883808	0.0102423	-0.009303182	0.011184413	-0.01165967	0.009979344	-0.008901594	0.007289075	-0.008791138	0.007070488	-0.011072228
-0.0906716	1.0000004	-0.6136632	0.06528608	-0.04737834	0.083755136	-0.6095108	0.25996903	-0.077379	0.054875806	-0.1851507	0.28580102	-0.29517198	0.115919195	-0.109841526	0.18777291	-0.13730174	0.10547012	-0.12652336	0.0885657	-0.06449631	0.12402404	-0.089474864	0.0996208	-0.08396367	0.053441267	-0.06791663	0.06514932	-0.0702898	0.0582459	-0.064511016	0.05788201	-0.07156646	0.07524115	-0.06581628	0.055307183	-0.045968372	0.055321388	-0.045041993	0.069989
0.065783	-0.6136632	1.0000006	-0.09502923	0.062363386	-0.06905226	0.3054423	-0.42684075	0.09897216	-0.0735769	0.20398612	-0.36382562	0.28373975	-0.14348185	0.1287049	-0.28812665	0.17320792	-0.15429738	0.14348671	-0.115874775	0.0869832	-0.18486607	0.121219784	-0.13639449	0.10569454	-0.07607053	0.092238046	-0.09235012	0.09363921	-0.07715651	0.08717057	-0.08128412	0.09690674	-0.10465893	0.08460497	-0.080605365	0.06508854	-0.08124616	0.06506447	-0.10589551
-0.008869356	0.06528608	-0.09502923	1.0000008	-0.545579	0.009132641	-0.04521894	0.06551856	-0.7460252	0.3161291	-0.032567587	0.052109227	-0.07007617	0.13606493	-0.13704449	0.042720225	-0.037720975	0.046166353	-0.12776028	0.0979963	-0.02108181	0.03884234	-0.03935079	0.0747189	-0.065713614	0.018011509	-0.028905358	0.029383617	-0.045157228	0.042227402	-0.024813874	0.024109013	-0.031165728	0.049371317	-0.044017892	0.022450084	-0.019159708	0.024035541	-0.020429809	0.031413205
0.0064898096	-0.04737834	0.062363386	-0.545579	1.0000008	-0.0066852267	0.032691594	-0.045529258	0.31172246	-0.76149255	0.024335641	-0.038468994	0.048855167	-0.10142161	0.13016635	-0.032113433	0.02921638	-0.03703949	0.088729136	-0.10150441	0.017060498	-0.030541623	0.031433135	-0.066713884	0.057805624	-0.014607048	0.0240247	-0.024712728	0.03903064	-0.03789517	0.02056616	-0.020203123	0.026212484	-0.044209506	0.037911758	-0.018811353	0.016087053	-0.020366825	0.017408395	-0.026837433
-0.9904871	0.083755136	-0.06905226	0.009132641	-0.0066852267	1.000001	-0.07791475	0.03941144	-0.010901149	0.00789671	-0.040876888	0.05520088	-0.041771974	0.017353583	-0.016308285	0.04228822	-0.024379266	0.018418986	-0.018789385	0.013454077	-0.01108743	0.022898091	-0.015233438	0.015704812	-0.012901687	0.009357392	-0.011139781	0.010766884	-0.011055191	0.009051388	-0.010401159	0.009424475	-0.011372015	0.011850562	-0.010180776	0.009012291	-0.0073949406	0.008910128	-0.007177703	0.011221675
0.07304068	-0.6095108	0.3054423	-0.04521894	0.032691594	-0.07791475	1.000001	-0.32105792	0.05416823	-0.039275285	0.20799609	-0.5850469	0.25098363	-0.092249334	0.080855355	-0.23601139	0.14327794	-0.102995336	0.096468225	-0.06714488	0.055669595	-0.1357963	0.08337404	-0.079384856	0.06389661	-0.047525108	0.05658244	-0.054942418	0.05508384	-0.044783797	0.050605208	-0.046575554	0.055295736	-0.05870787	0.049992602	-0.044164676	0.036040667	-0.043478135	0.034810938	-0.054492258
-0.038830735	0.25996903	-0.42684075	0.06551856	-0.045529258	0.03941144	-0.32105792	1.0000008	-0.08219522	0.055957712	-0.13056894	0.23822571	-0.78024465	0.14674929	-0.10898227	0.1530584	-0.10497466	0.092843145	-0.1441116	0.08538884	-0.047364604	0.10213957	-0.07627566	0.09003266	-0.074056275	0.04048093	-0.052526478	0.051790014	-0.059622232	0.050297834	-0.047329992	0.044097733	-0.053796925	0.06375988	-0.055251833	0.042129256	-0.03473565	0.042616513	-0.034681447	0.054509897
0.010578029	-0.077379	0.09897216	-0.7460252	0.31172246	-0.010901149	0.05416823	-0.08219522	1.0000006	-0.5055955	0.03938066	-0.06319717	0.08466327	-0.20583037	0.16300444	-0.05189935	0.046118304	-0.05787162	0.15005659	-0.13117692	0.026033163	-0.04796838	0.04873494	-0.09751374	0.08188674	-0.022302777	0.036044747	-0.036938462	0.057146937	-0.053892586	0.030883953	-0.030217793	0.039005335	-0.06384531	0.054857977	-0.028181609	0.02402752	-0.030324792	0.025801614	-0.039830677
-0.0076848604	0.054875806	-0.0735769	0.3161291	-0.76149255	0.00789671	-0.039275285	0.055957712	-0.5055955	1.0000007	-0.029175267	0.045736246	-0.06196488	0.1316963	-0.2004719	0.038099132	-0.035699837	0.04562228	-0.12024268	0.12383318	-0.020735692	0.037001852	-0.039048698	0.08165624	-0.073430195	0.017704453	-0.029460292	0.030184014	-0.048329685	0.04685567	-0.025058493	0.0245831	-0.032036636	0.05385204	-0.047544535	0.022773985	-0.01954313	0.024654644	-0.021123553	0.032377418
0.03978509	-0.1851507	0.20398612	-0.032567587	0.024335641	-0.040876888	0.20799609	-0.13056894	0.03938066	-0.029175267	1.000001	-0.46239105	0.15490544	-0.06933112	0.06519994	-0.7964584	0.18008061	-0.108672686	0.07656747	-0.05509711	0.075746626	-0.15808932	0.088404395	-0.070936024	0.055976354	-0.06521328	0.058773432	-0.056506336	0.05070994	-0.039838903	0.053785257	-0.048706997	0.054528445	-0.053395126	0.04478716	-0.04626213	0.036574803	-0.043302078	0.033785682	-0.05277005
-0.055842504	0.28580102	-0.36382562	0.052109227	-0.038468994	0.05520088	-0.5850469	0.23822571	-0.06319717	0.045736246	-0.46239105	1.0000013	-0.32616517	0.10893854	-0.09864271	0.28444993	-0.2343038	0.1258766	-0.11861202	0.080185324	-0.07082637	0.169141	-0.10738224	0.09547648	-0.07832575	0.058453657	-0.07091358	0.06718386	-0.067373276	0.05435981	-0.06295733	0.057091948	-0.0682538	0.07069038	-0.061286133	0.053505626	-0.044002246	0.05242412	-0.042078618	0.06504354
0.04039737	-0.29517198	0.28373975	-0.07007617	0.048855167	-0.041771974	0.25098363	-0.78024465	0.08466327	-0.06196488	0.15490544	-0.32616517	1.0000012	-0.21765907	0.12490217	-0.19827658	0.1273161	-0.117658615	0.16453795	-0.10305037	0.05668904	-0.12921792	0.09299434	-0.10900266	0.0866515	-0.049059898	0.06272904	-0.06243781	0.070725374	-0.059644546	0.055841383	-0.052554376	0.0634126	-0.07630855	0.064719155	-0.050293464	0.04121725	-0.050811905	0.04117371	-0.065084696
-0.016957162	0.115919195	-0.14348185	0.13606493	-0.10142161	0.017353583	-0.092249334	0.14674929	-0.20583037	0.1316963	-0.06933112	0.10893854	-0.21765907	1.0000013	-0.41174394	0.087897584	-0.09251857	0.12874396	-0.7692234	0.23819703	-0.04672224	0.09210747	-0.11164455	0.20074819	-0.17251289	0.039758448	-0.06851576	0.06935343	-0.117135525	0.1045835	-0.055276547	0.05437681	-0.07098534	0.11843719	-0.11055196	0.049315456	-0.042567898	0.053059	-0.04549685	0.0685251
0.015888143	-0.109841526	0.1287049	-0.13704449	0.13016635	-0.016308285	0.080855355	-0.10898227	0.16300444	-0.2004719	0.06519994	-0.09864271	0.12490217	-0.41174394	1.0000012	-0.08553549	0.09005949	-0.12799296	0.27501354	-0.69952	0.056404933	-0.096256875	0.10894085	-0.28714728	0.25665194	-0.048398312	0.086290486	-0.090718515	0.15705805	-0.16699831	0.07161203	-0.07223277	0.09488681	-0.18430492	0.15311992	-0.06636209	0.057313032	-0.07359029	0.06390893	-0.09788904
-0.042951673	0.18777291	-0.28812665	0.042720225	-0.032113433	0.04228822	-0.23601139	0.1530584	-0.05189935	0.038099132	-0.7964584	0.28444993	-0.19827658	0.087897584	-0.08553549	1.0000007	-0.2626828	0.12555142	-0.099927746	0.07065782	-0.106626876	0.17629777	-0.10898211	0.08884466	-0.07234084	0.082126305	-0.074635364	0.069891505	-0.06467343	0.050965022	-0.070472635	0.06190479	-0.07053955	0.0675735	-0.057860345	0.058573253	-0.046819348	0.05480577	-0.043083146	0.06653831
0.024254994	-0.13730174	0.17320792	-0.037720975	0.02921638	-0.024379266	0.14327794	-0.10497466	0.046118304	-0.035699837	0.18008061	-0.2343038	0.1273161	-0.09251857	0.09005949	-0.2626828	1.0000007	-0.36773035	0.11027668	-0.08074411	0.084952734	-0.7792905	0.26435894	-0.12859662	0.091164164	-0.07388158	0.11689451	-0.11174821	0.08704191	-0.06431622	0.07259334	-0.074410334	0.08246323	-0.086655185	0.07145283	-0.06286857	0.05181711	-0.061381478	0.047723383	-0.073066205
-0.018394805	0.10547012	-0.15429738	0.046166353	-0.03703949	0.018418986	-0.102995336	0.092843145	-0.05787162	0.04562228	-0.108672686	0.1258766	-0.117658615	0.12874396	-0.12799296	0.12555142	-0.36773035	1.0000002	-0.18889813	0.11106887	-0.06681246	0.27950794	-0.8100574	0.18850815	-0.13958791	0.055882424	-0.1030275	0.09773344	-0.11905681	0.087102674	-0.06779157	0.067134164	-0.083248176	0.10541113	-0.09917933	0.057213116	-0.049196187	0.058390737	-0.04788506	0.07074777
0.018306775	-0.12652336	0.14348671	-0.12776028	0.088729136	-0.018789385	0.096468225	-0.1441116	0.15005659	-0.12024268	0.07656747	-0.11861202	0.16453795	-0.7692234	0.27501354	-0.099927746	0.11027668	-0.18889813	1.0000005	-0.30170572	0.0551242	-0.114269085	0.14220718	-0.3124888	0.1958435	-0.047276545	0.082802504	-0.08587626	0.1463176	-0.12802877	0.06594966	-0.066006735	0.08564528	-0.1542852	0.12852225	-0.05979727	0.05147944	-0.06488931	0.05565374	-0.08427661
-0.01317068	0.0885657	-0.115874775	0.0979963	-0.10150441	0.013454077	-0.06714488	0.08538884	-0.13117692	0.12383318	-0.05509711	0.080185324	-0.10305037	0.23819703	-0.69952	0.07065782	-0.08074411	0.11106887	-0.30170572	1.0000006	-0.05214827	0.0837302	-0.101102926	0.25298733	-0.4820496	0.044163875	-0.083144695	0.085035756	-0.16215335	0.18864906	-0.06683209	0.06653121	-0.089941695	0.16825697	-0.19288962	0.059517525	-0.052437004	0.06580047	-0.058162756	0.08583105
0.010984244	-0.06449631	0.0869832	-0.02108181	0.017060498	-0.01108743	0.055669595	-0.047364604	0.026033163	-0.020735692	0.075746626	-0.07082637	0.05668904	-0.04672224	0.056404933	-0.106626876	0.084952734	-0.06681246	0.0551242	-0.05214827	1.0000008	-0.09762007	0.062440287	-0.08110884	0.06316267	-0.88170576	0.14952071	-0.14683169	0.07903572	-0.055093326	0.24172847	-0.19399035	0.15270089	-0.09020917	0.06324592	-0.20524995	0.13265727	-0.14752838	0.1007881	-0.16368918
-0.023020647	0.12402404	-0.18486607	0.03884234	-0.030541623	0.022898091	-0.1357963	0.10213957	-0.04796838	0.037001852	-0.15808932	0.169141	-0.12921792	0.09210747	-0.096256875	0.17629777	-0.7792905	0.27950794	-0.114269085	0.0837302	-0.09762007	1.0000008	-0.4117843	0.13611181	-0.10067259	0.07927577	-0.15218493	0.12265587	-0.09645222	0.069241345	-0.08011896	0.08132988	-0.09111969	0.09172447	-0.07823575	0.06679158	-0.056010716	0.06505436	-0.050738364	0.07637819
0.015133498	-0.089474864	0.121219784	-0.03935079	0.031433135	-0.015233438	0.08337404	-0.07627566	0.04873494	-0.039048698	0.088404395	-0.10738224	0.09299434	-0.11164455	0.10894085	-0.10898211	0.26435894	-0.8100574	0.14220718	-0.101102926	0.062440287	-0.4117843	1.0000008	-0.23366915	0.12764038	-0.053609554	0.10171237	-0.10293594	0.115254	-0.08228386	0.062588826	-0.06428584	0.077748284	-0.10306388	0.09046584	-0.05377135	0.04597314	-0.05499306	0.04469273	-0.06636815
-0.015457845	0.0996208	-0.13639449	0.0747189	-0.066713884	0.015704812	-0.079384856	0.09003266	-0.09751374	0.08165624	-0.070936024	0.09547648	-0.10900266	0.20074819	-0.28714728	0.08884466	-0.12859662	0.18850815	-0.3124888	0.25298733	-0.08110884	0.13611181	-0.23366915	1.000001	-0.53618544	0.06832689	-0.15449022	0.15501644	-0.48221394	0.25893533	-0.10449131	0.10611677	-0.14728889	0.2794908	-0.29159218	0.08929048	-0.08059629	0.098625645	-0.08795462	0.12301402
0.0126351	-0.08396367	0.10569454	-0.065713614	0.057805624	-0.012901687	0.06389661	-0.074056275	0.08188674	-0.073430195	0.055976354	-0.07832575	0.0866515	-0.17251289	0.25665194	-0.07234084	0.091164164	-0.13958791	0.1958435	-0.4820496	0.06316267	-0.10067259	0.12764038	-0.53618544	1.0000008	-0.05418008	0.11021573	-0.11876166	0.25329918	-0.47142673	0.083817326	-0.08727302	0.11763681	-0.28000808	0.27287894	-0.07672586	0.06782457	-0.08732783	0.078168504	-0.11540717
-0.009306775	0.053441267	-0.07607053	0.018011509	-0.014607048	0.009357392	-0.047525108	0.04048093	-0.022302777	0.017704453	-0.06521328	0.058453657	-0.049059898	0.039758448	-0.048398312	0.082126305	-0.07388158	0.055882424	-0.047276545	0.044163875	-0.88170576	0.07927577	-0.053609554	0.06832689	-0.05418008	1.0000006	-0.16109703	0.1307009	-0.06898707	0.046887312	-0.33762512	0.17329496	-0.1427614	0.07651179	-0.054273207	0.16821536	-0.11725415	0.11873463	-0.08246585	0.12627254
0.011004947	-0.06791663	0.092238046	-0.028905358	0.0240247	-0.011139781	0.05658244	-0.052526478	0.036044747	-0.029460292	0.058773432	-0.07091358	0.06272904	-0.06851576	0.086290486	-0.074635364	0.11689451	-0.1030275	0.082802504	-0.083144695	0.14952071	-0.15218493	0.10171237	-0.15449022	0.11021573	-0.16109703	1.0000005	-0.81651187	0.18474516	-0.107416354	0.19545162	-0.32494286	0.25665298	-0.18740381	0.11424977	-0.16775163	0.14808866	-0.16760635	0.11619085	-0.17462243
-0.010658237	0.06514932	-0.09235012	0.029383617	-0.024712728	0.010766884	-0.054942418	0.051790014	-0.036938462	0.030184014	-0.056506336	0.06718386	-0.06243781	0.06935343	-0.090718515	0.069891505	-0.11174821	0.09773344	-0.08587626	0.085035756	-0.14683169	0.12265587	-0.10293594	0.15501644	-0.11876166	0.1307009	-0.81651187	1.0000002	-0.25775293	0.11259507	-0.19095661	0.2338316	-0.33913344	0.18829565	-0.12475276	0.14716072	-0.13898203	0.15293863	-0.1101899	0.15403092
0.01086731	-0.0702898	0.09363921	-0.045157228	0.03903064	-0.011055191	0.05508384	-0.059622232	0.057146937	-0.048329685	0.05070994	-0.067373276	0.070725374	-0.117135525	0.15705805	-0.06467343	0.08704191	-0.11905681	0.1463176	-0.16215335	0.07903572	-0.09645222	0.115254	-0.48221394	0.25329918	-0.06898707	0.18474516	-0.25775293	1.0000006	-0.3419689	0.10920357	-0.12373847	0.17063063	-0.6636935	0.28030905	-0.0978628	0.08882117	-0.11457398	0.10385253	-0.1406819
-0.008883808	0.0582459	-0.07715651	0.042227402	-0.03789517	0.009051388	-0.044783797	0.050297834	-0.053892586	0.04685567	-0.039838903	0.05435981	-0.059644546	0.1045835	-0.16699831	0.050965022	-0.06431622	0.087102674	-0.12802877	0.18864906	-0.055093326	0.069241345	-0.08228386	0.25893533	-0.47142673	0.046887312	-0.107416354	0.11259507	-0.3419689	1.0000006	-0.07562035	0.07898486	-0.11182997	0.28067783	-0.72461253	0.066758856	-0.06097904	0.07724382	-0.07293313	0.101940155
0.0102423	-0.064511016	0.08717057	-0.024813874	0.02056616	-0.010401159	0.050605208	-0.047329992	0.030883953	-0.025058493	0.053785257	-0.06295733	0.055841383	-0.055276547	0.07161203	-0.070472635	0.07259334	-0.06779157	0.06594966	-0.06683209	0.24172847	-0.08011896	0.062588826	-0.10449131	0.083817326	-0.33762512	0.19545162	-0.19095661	0.10920357	-0.07562035	1.0000004	-0.5545624	0.28300735	-0.12989058	0.08920311	-0.5293371	0.28545493	-0.27518564	0.17636193	-0.27283412
-0.009303182	0.05788201	-0.08128412	0.024109013	-0.020203123	0.009424475	-0.046575554	0.044097733	-0.030217793	0.0245831	-0.048706997	0.057091948	-0.052554376	0.05437681	-0.07223277	0.06190479	-0.074410334	0.067134164	-0.066006735	0.06653121	-0.19399035	0.08132988	-0.06428584	0.10611677	-0.08727302	0.17329496	-0.32494286	0.2338316	-0.12373847	0.07898486	-0.5545624	1.0000004	-0.55641	0.13998197	-0.0951872	0.28943774	-0.3689559	0.24953301	-0.16407523	0.21526986
0.011184413	-0.07156646	0.09690674	-0.031165728	0.026212484	-0.011372015	0.055295736	-0.053796925	0.039005335	-0.032036636	0.054528445	-0.0682538	0.0634126	-0.07098534	0.09488681	-0.07053955	0.08246323	-0.083248176	0.08564528	-0.089941695	0.15270089	-0.09111969	0.077748284	-0.14728889	0.11763681	-0.1427614	0.25665298	-0.33913344	0.17063063	-0.11182997	0.28300735	-0.55641	1.0000001	-0.2327805	0.13315096	-0.3053724	0.26903665	-0.43502426	0.23455137	-0.36003
-0.01165967	0.07524115	-0.10465893	0.049371317	-0.044209506	0.011850562	-0.05870787	0.06375988	-0.06384531	0.05385204	-0.053395126	0.07069038	-0.07630855	0.11843719	-0.18430492	0.0675735	-0.086655185	0.10541113	-0.1542852	0.16825697	-0.09020917	0.09172447	-0.10306388	0.2794908	-0.28000808	0.07651179	-0.18740381	0.18829565	-0.6636935	0.28067783	-0.12989058	0.13998197	-0.2327805	1.0000001	-0.47946107	0.11227488	-0.10629421	0.13647914	-0.14314815	0.16410263
0.009979344	-0.06581628	0.08460497	-0.044017892	0.037911758	-0.010180776	0.049992602	-0.055251833	0.054857977	-0.047544535	0.04478716	-0.061286133	0.064719155	-0.11055196	0.15311992	-0.057860345	0.07145283	-0.09917933	0.12852225	-0.19288962	0.06324592	-0.07823575	0.09046584	-0.29159218	0.27287894	-0.054273207	0.11424977	-0.12475276	0.28030905	-0.72461253	0.08920311	-0.0951872	0.13315096	-0.47946107	0.9999997	-0.08250061	0.07477511	-0.099063225	0.09530516	-0.13927427
-0.008901594	0.055307183	-0.080605365	0.022450084	-0.018811353	0.009012291	-0.044164676	0.042129256	-0.028181609	0.022773985	-0.04626213	0.053505626	-0.050293464	0.049315456	-0.06636209	0.058573253	-0.06286857	0.057213116	-0.05979727	0.059517525	-0.20524995	0.06679158	-0.05377135	0.08929048	-0.07672586	0.16821536	-0.16775163	0.14716072	-0.0978628	0.066758856	-0.5293371	0.28943774	-0.3053724	0.11227488	-0.08250061	0.99999976	-0.66602564	0.266641	-0.1930071	0.20748445
0.007289075	-0.045968372	0.06508854	-0.019159708	0.016087053	-0.0073949406	0.036040667	-0.03473565	0.02402752	-0.01954313	0.036574803	-0.044002246	0.04121725	-0.042567898	0.057313032	-0.046819348	0.05181711	-0.049196187	0.05147944	-0.052437004	0.13265727	-0.056010716	0.04597314	-0.08059629	0.06782457	-0.11725415	0.14808866	-0.13898203	0.08882117	-0.06097904	0.28545493	-0.3689559	0.26903665	-0.10629421	0.07477511	-0.66602564	0.99999964	-0.49794748	0.21486317	-0.25955892
-0.008791138	0.055321388	-0.08124616	0.024035541	-0.020366825	0.008910128	-0.043478135	0.042616513	-0.030324792	0.024654644	-0.043302078	0.05242412	-0.050811905	0.053059	-0.07359029	0.05480577	-0.061381478	0.058390737	-0.06488931	0.06580047	-0.14752838	0.06505436	-0.05499306	0.098625645	-0.08732783	0.11873463	-0.16760635	0.15293863	-0.11457398	0.07724382	-0.27518564	0.24953301	-0.43502426	0.13647914	-0.099063225	0.266641	-0.49794748	0.99999964	-0.55716467	0.3093289
0.007070488	-0.045041993	0.06506447	-0.020429809	0.017408395	-0.007177703	0.034810938	-0.034681447	0.025801614	-0.021123553	0.033785682	-0.042078618	0.04117371	-0.04549685	0.06390893	-0.043083146	0.047723383	-0.04788506	0.05565374	-0.058162756	0.1007881	-0.050738364	0.04469273	-0.08795462	0.078168504	-0.08246585	0.11619085	-0.1101899	0.10385253	-0.07293313	0.17636193	-0.16407523	0.23455137	-0.14314815	0.09530516	-0.1930071	0.21486317	-0.55716467	0.9999997	-0.73033744
-0.011072228	0.069989	-0.10589551	0.031413205	-0.026837433	0.011221675	-0.054492258	0.054509897	-0.039830677	0.032377418	-0.05277005	0.06504354	-0.065084696	0.0685251	-0.09788904	0.06653831	-0.073066205	0.07074777	-0.08427661	0.08583105	-0.16368918	0.07637819	-0.06636815	0.12301402	-0.11540717	0.12627254	-0.17462243	0.15403092	-0.1406819	0.101940155	-0.27283412	0.21526986	-0.36003	0.16410263	-0.13927427	0.20748445	-0.25955892	0.3093289	-0.73033744	0.9999997
