1.0000001	-0.45716166	0.22061577	-0.30424285	0.11159107	-0.4863013	0.29250973	-0.22443628	0.19188306	-0.085634634	0.26868346	-0.28880706	0.17479123	-0.13567264	0.182749	-0.35795364	0.25702178	-0.19893074	0.17910795	-0.099429704	0.16851008	-0.18276227	0.15371123	-0.14757787	0.11245011	-0.1307709	0.113537215	-0.14413607	0.14302668	-0.18847714	0.08605028	-0.1524902	0.09063309	-0.13459995	0.11135096	-0.09969632	0.1461134	-0.08963079	0.100645386	-0.19626948
-0.45716166	1.0000001	-0.42317078	0.2747231	-0.08900955	0.24001497	-0.6197772	0.19208834	-0.16069798	0.06804025	-0.18946521	0.2441657	-0.15872307	0.10795657	-0.14478575	0.19337471	-0.2417272	0.14326407	-0.13446976	0.07025412	-0.109201856	0.11122727	-0.11037075	0.09907753	-0.08074314	0.07631298	-0.06873083	0.09490445	-0.09794548	0.10426675	-0.051001843	0.08813044	-0.054882273	0.07464167	-0.062161364	0.057654418	-0.08997418	0.05349916	-0.056671504	0.10707465
0.22061577	-0.42317078	1.0000001	-0.81925595	0.072858594	-0.14263648	0.211846	-0.20266747	0.13761203	-0.057877168	0.10755675	-0.14114644	0.13730903	-0.094333075	0.1122551	-0.1205027	0.13454014	-0.1121441	0.100295745	-0.05273087	0.07050081	-0.07305343	0.08278171	-0.074268654	0.06024257	-0.05324323	0.047668297	-0.07100548	0.07295596	-0.07958837	0.03584419	-0.062703	0.039987724	-0.05657249	0.047289	-0.04087574	0.06370212	-0.03907805	0.042744353	-0.08175255
-0.30424285	0.2747231	-0.81925595	1.0000001	-0.10082882	0.16123411	-0.24182375	0.18579096	-0.19464017	0.07760925	-0.12863144	0.15432571	-0.15722944	0.12040236	-0.15139283	0.14146478	-0.16617006	0.13028525	-0.12701908	0.066092424	-0.08621451	0.08809286	-0.100829564	0.09135142	-0.075919986	0.06535942	-0.058615904	0.0863657	-0.09055947	0.09827117	-0.044446934	0.077413306	-0.049548287	0.06992284	-0.05846811	0.0506433	-0.07994533	0.04836788	-0.052909605	0.10097604
0.11159107	-0.08900955	0.072858594	-0.10082882	1.0000001	-0.09223003	0.07967632	-0.12624313	0.2008662	-0.8729311	0.06865402	-0.08009592	0.10030609	-0.20159367	0.24939443	-0.09508916	0.083788976	-0.115895756	0.105440125	-0.066029646	0.06318055	-0.06880504	0.08597607	-0.09198159	0.07030927	-0.06780052	0.057543226	-0.08727607	0.08759758	-0.16109079	0.04723673	-0.08794034	0.058073673	-0.11189018	0.0936127	-0.05696613	0.08456293	-0.058493514	0.081449084	-0.16992652
-0.4863013	0.24001497	-0.14263648	0.16123411	-0.09223003	1.0000001	-0.36374915	0.1650299	-0.15780552	0.069469415	-0.6365032	0.26794946	-0.14368758	0.10697263	-0.15277511	0.2973158	-0.2841731	0.15018909	-0.14750743	0.07689466	-0.15477328	0.14362717	-0.121030755	0.10885601	-0.08888693	0.09208591	-0.08384679	0.10491295	-0.10835453	0.11176812	-0.061120167	0.103269294	-0.06270563	0.08077809	-0.06692189	0.06792618	-0.10711957	0.060884766	-0.061751366	0.11470105
0.29250973	-0.6197772	0.211846	-0.24182375	0.07967632	-0.36374915	1.0000001	-0.2475231	0.14533587	-0.061721545	0.22908267	-0.47501105	0.17003047	-0.1029374	0.13158044	-0.23241483	0.26254007	-0.1544941	0.13052638	-0.06889052	0.11760701	-0.12278239	0.112808555	-0.09929189	0.07870832	-0.07822136	0.07058759	-0.09657736	0.09708673	-0.099871576	0.05103108	-0.088172816	0.054133836	-0.07162482	0.059581168	-0.057347115	0.088007174	-0.052713692	0.054494895	-0.10222869
-0.22443628	0.19208834	-0.20266747	0.18579096	-0.12624313	0.1650299	-0.2475231	1.0	-0.2873013	0.10135476	-0.13627476	0.17929429	-0.73993254	0.20026906	-0.22321743	0.1601615	-0.19031438	0.27591556	-0.23345825	0.11424507	-0.11346811	0.11737999	-0.2033286	0.1566117	-0.13306619	0.089383855	-0.08194557	0.1487053	-0.15874045	0.13627666	-0.06075584	0.10620473	-0.07278644	0.09629718	-0.081649475	0.06874844	-0.11024052	0.07006244	-0.07372743	0.13725759
0.19188306	-0.16069798	0.13761203	-0.19464017	0.2008662	-0.15780552	0.14533587	-0.2873013	1.0000001	-0.233212	0.118343145	-0.14203511	0.21320315	-0.6683727	0.32504416	-0.16050588	0.14683029	-0.21120876	0.18106285	-0.10830693	0.10625999	-0.11530402	0.14971524	-0.15328972	0.11667632	-0.10883608	0.09323459	-0.14613195	0.1456804	-0.24433067	0.07533751	-0.1393083	0.092129566	-0.16999477	0.14231424	-0.09014361	0.1346085	-0.09237413	0.12429586	-0.25663316
-0.085634634	0.06804025	-0.057877168	0.07760925	-0.8729311	0.069469415	-0.061721545	0.10135476	-0.233212	1.0000002	-0.052100684	0.061178304	-0.083238736	0.19123285	-0.34907112	0.07136125	-0.06425003	0.08950395	-0.08284375	0.05264957	-0.047616728	0.051675994	-0.06609653	0.06999911	-0.055397496	0.049995653	-0.042647276	0.06573125	-0.06630333	0.115680665	-0.034770668	0.064472355	-0.042660702	0.080392234	-0.06732079	0.04176029	-0.062309578	0.042854805	-0.058673024	0.12171456
0.26868346	-0.18946521	0.10755675	-0.12863144	0.06865402	-0.6365032	0.22908267	-0.13627476	0.118343145	-0.052100684	1.0000004	-0.3620197	0.11656313	-0.08237268	0.114130706	-0.56436044	0.27215454	-0.1301447	0.11671678	-0.062016472	0.16336915	-0.15916859	0.1036647	-0.09090062	0.07118441	-0.08657609	0.07847224	-0.08995818	0.08941598	-0.089193895	0.05398904	-0.09119479	0.052799933	-0.064874016	0.053482406	-0.05932131	0.08956207	-0.05119052	0.049742613	-0.09130066
-0.28880706	0.2441657	-0.14114644	0.15432571	-0.08009592	0.26794946	-0.47501105	0.17929429	-0.14203511	0.061178304	-0.3620197	1.0000002	-0.17382592	0.09992981	-0.13413557	0.2792813	-0.6540952	0.16807595	-0.14043185	0.0730219	-0.15104404	0.15228467	-0.12504686	0.10534296	-0.08393771	0.086730234	-0.08037007	0.10325342	-0.10408461	0.09939761	-0.05577193	0.09471799	-0.05746135	0.071761414	-0.05959092	0.061517645	-0.09515831	0.05557037	-0.05502292	0.10129338
0.17479123	-0.15872307	0.13730903	-0.15722944	0.10030609	-0.14368758	0.17003047	-0.73993254	0.21320315	-0.083238736	0.11656313	-0.17382592	1.0000001	-0.22115016	0.18517157	-0.14461812	0.16628358	-0.4672983	0.19589286	-0.102793254	0.10092727	-0.10874038	0.19746318	-0.15145098	0.11416933	-0.08170957	0.074741445	-0.1522135	0.14265966	-0.12537554	0.0544344	-0.09657038	0.066674724	-0.08829852	0.074652165	-0.061803635	0.096768424	-0.06458205	0.06724521	-0.12604521
-0.13567264	0.10795657	-0.094333075	0.12040236	-0.20159367	0.10697263	-0.1029374	0.20026906	-0.6683727	0.19123285	-0.08237268	0.09992981	-0.22115016	1.0	-0.6059983	0.109267406	-0.10583974	0.15889104	-0.14627582	0.086663574	-0.07433385	0.07987979	-0.11277397	0.11139101	-0.09106649	0.072647884	-0.06310324	0.10327881	-0.10494632	0.15316476	-0.05018116	0.09182163	-0.061324004	0.10672109	-0.089608975	0.059419177	-0.09012595	0.061005797	-0.07862538	0.15972005
0.182749	-0.14478575	0.1122551	-0.15139283	0.24939443	-0.15277511	0.13158044	-0.22321743	0.32504416	-0.34907112	0.114130706	-0.13413557	0.18517157	-0.6059983	1.0000001	-0.15835017	0.14030974	-0.20422025	0.1854648	-0.12765673	0.10603216	-0.115611665	0.14852597	-0.16014704	0.12689553	-0.113133855	0.096274674	-0.14931998	0.14968006	-0.2661057	0.07866016	-0.14633264	0.09693942	-0.18464142	0.15467402	-0.09468772	0.14072862	-0.09753056	0.13457714	-0.27997372
-0.35795364	0.19337471	-0.1205027	0.14146478	-0.09508916	0.2973158	-0.23241483	0.1601615	-0.16050588	0.07136125	-0.56436044	0.2792813	-0.14461812	0.109267406	-0.15835017	1.0000001	-0.4655162	0.17083117	-0.16418543	0.085539214	-0.34890968	0.23545389	-0.14584115	0.123814665	-0.09939277	0.12299748	-0.11556259	0.122669384	-0.124558374	0.116389215	-0.07735212	0.1261378	-0.073288865	0.08531254	-0.07019927	0.08264842	-0.12864643	0.07043849	-0.06599478	0.118783414
0.25702178	-0.2417272	0.13454014	-0.16617006	0.083788976	-0.2841731	0.26254007	-0.19031438	0.14683029	-0.06425003	0.27215454	-0.6540952	0.16628358	-0.10583974	0.14030974	-0.4655162	1.0000004	-0.23416525	0.15760927	-0.084621966	0.2019907	-0.24591824	0.15289323	-0.12744123	0.09587948	-0.11425858	0.10540119	-0.12865433	0.12266442	-0.115051545	0.06971934	-0.11953433	0.06940377	-0.08346981	0.068971515	-0.07648274	0.11374018	-0.06719317	0.064091265	-0.11695653
-0.19893074	0.14326407	-0.1121441	0.13028525	-0.115895756	0.15018909	-0.1544941	0.27591556	-0.21120876	0.08950395	-0.1301447	0.16807595	-0.4672983	0.15889104	-0.20422025	0.17083117	-0.23416525	1.0000004	-0.39589152	0.17288211	-0.14700225	0.15516235	-0.52642053	0.24774781	-0.19921012	0.11174078	-0.107102476	0.24901643	-0.2523648	0.15453355	-0.07441283	0.12977357	-0.09635195	0.108965114	-0.09375667	0.08262505	-0.13394378	0.09033586	-0.08525987	0.15047975
0.17910795	-0.13446976	0.100295745	-0.12701908	0.105440125	-0.14750743	0.13052638	-0.23345825	0.18106285	-0.08284375	0.11671678	-0.14043185	0.19589286	-0.14627582	0.1854648	-0.16418543	0.15760927	-0.39589152	1.0000005	-0.533893	0.124809146	-0.13869882	0.24874645	-0.41663665	0.30481955	-0.12184942	0.10895268	-0.24524052	0.2416848	-0.21669373	0.081400126	-0.14861259	0.10478122	-0.14695077	0.12701298	-0.09420901	0.14402291	-0.103217036	0.111390665	-0.21165313
-0.099429704	0.07025412	-0.05273087	0.066092424	-0.066029646	0.07689466	-0.06889052	0.11424507	-0.10830693	0.05264957	-0.062016472	0.0730219	-0.102793254	0.086663574	-0.12765673	0.085539214	-0.084621966	0.17288211	-0.533893	1.0000006	-0.07039312	0.07613276	-0.15624636	0.259041	-0.75181144	0.0660198	-0.0603677	0.13994768	-0.17501025	0.12158045	-0.044647664	0.08019886	-0.058791727	0.078525655	-0.07304791	0.051005203	-0.08118887	0.056888048	-0.061150737	0.111442134
0.16851008	-0.109201856	0.07050081	-0.08621451	0.06318055	-0.15477328	0.11760701	-0.11346811	0.10625999	-0.047616728	0.16336915	-0.15104404	0.10092727	-0.07433385	0.10603216	-0.34890968	0.2019907	-0.14700225	0.124809146	-0.07039312	1.0000007	-0.81930286	0.15681174	-0.118697226	0.08072243	-0.22527236	0.19658591	-0.13416386	0.11565035	-0.09271947	0.10391975	-0.16993752	0.07883178	-0.07140416	0.056720898	-0.1052799	0.13967517	-0.07491736	0.056449912	-0.093903266
-0.18276227	0.11122727	-0.07305343	0.08809286	-0.06880504	0.14362717	-0.12278239	0.11737999	-0.11530402	0.051675994	-0.15916859	0.15228467	-0.10874038	0.07987979	-0.115611665	0.23545389	-0.24591824	0.15516235	-0.13869882	0.07613276	-0.81930286	1.0000007	-0.2052781	0.12635191	-0.08910286	0.2002584	-0.2637041	0.14390944	-0.12969878	0.0961992	-0.10683254	0.1686425	-0.08419583	0.07408567	-0.059155695	0.10329225	-0.15182137	0.07823861	-0.05902456	0.09706606
0.15371123	-0.11037075	0.08278171	-0.100829564	0.08597607	-0.121030755	0.112808555	-0.2033286	0.14971524	-0.06609653	0.1036647	-0.12504686	0.19746318	-0.11277397	0.14852597	-0.14584115	0.15289323	-0.52642053	0.24874645	-0.15624636	0.15681174	-0.2052781	1.0000008	-0.3969542	0.17846479	-0.12483932	0.12362406	-0.56875086	0.29752693	-0.1480271	0.076804385	-0.13911828	0.1125455	-0.105172545	0.08939686	-0.084192194	0.131802	-0.10643737	0.08287784	-0.13938597
-0.14757787	0.09907753	-0.074268654	0.09135142	-0.09198159	0.10885601	-0.09929189	0.1566117	-0.15328972	0.06999911	-0.09090062	0.10534296	-0.15145098	0.11139101	-0.16014704	0.123814665	-0.12744123	0.24774781	-0.41663665	0.259041	-0.118697226	0.12635191	-0.3969542	1.0000007	-0.45235744	0.10413153	-0.1002012	0.2879492	-0.54153	0.16574338	-0.069572024	0.12313891	-0.09797756	0.10929181	-0.10190542	0.07746726	-0.12724064	0.09181929	-0.08740613	0.14770089
0.11245011	-0.08074314	0.06024257	-0.075919986	0.07030927	-0.08888693	0.07870832	-0.13306619	0.11667632	-0.055397496	0.07118441	-0.08393771	0.11416933	-0.09106649	0.12689553	-0.09939277	0.09587948	-0.19921012	0.30481955	-0.75181144	0.08072243	-0.08910286	0.17846479	-0.45235744	1.0000008	-0.07804176	0.07095744	-0.17386025	0.20074151	-0.15444212	0.052248247	-0.09480257	0.06965307	-0.09492437	0.0890145	-0.059900492	0.09402812	-0.06792708	0.073436245	-0.13581067
-0.1307709	0.07631298	-0.05324323	0.06535942	-0.06780052	0.09208591	-0.07822136	0.089383855	-0.10883608	0.049995653	-0.08657609	0.086730234	-0.08170957	0.072647884	-0.113133855	0.12299748	-0.11425858	0.11174078	-0.12184942	0.0660198	-0.22527236	0.2002584	-0.12483932	0.10413153	-0.07804176	1.0000008	-0.7288267	0.13434957	-0.1249222	0.09747136	-0.3763697	0.30094683	-0.13917622	0.08589858	-0.06238101	0.23460405	-0.32805994	0.12363175	-0.07182812	0.10155017
0.113537215	-0.06873083	0.047668297	-0.058615904	0.057543226	-0.08384679	0.07058759	-0.08194557	0.09323459	-0.042647276	0.07847224	-0.08037007	0.074741445	-0.06310324	0.096274674	-0.11556259	0.10540119	-0.107102476	0.10895268	-0.0603677	0.19658591	-0.2637041	0.12362406	-0.1002012	0.07095744	-0.7288267	1.0000007	-0.15376955	0.12007157	-0.08811981	0.22085546	-0.49062634	0.13074006	-0.07813106	0.056280863	-0.20245716	0.24811836	-0.11914247	0.064736776	-0.09111331
-0.14413607	0.09490445	-0.07100548	0.0863657	-0.08727607	0.10491295	-0.09657736	0.1487053	-0.14613195	0.06573125	-0.08995818	0.10325342	-0.1522135	0.10327881	-0.14931998	0.122669384	-0.12865433	0.24901643	-0.24524052	0.13994768	-0.13416386	0.14390944	-0.56875086	0.2879492	-0.17386025	0.13434957	-0.15376955	1.0000006	-0.6321862	0.15469298	-0.08469114	0.15273565	-0.1697065	0.11158982	-0.09735186	0.090813346	-0.15140179	0.1346546	-0.091730505	0.13864537
0.14302668	-0.09794548	0.07295596	-0.09055947	0.08759758	-0.10835453	0.09708673	-0.15874045	0.1456804	-0.06630333	0.08941598	-0.10408461	0.14265966	-0.10494632	0.14968006	-0.124558374	0.12266442	-0.2523648	0.2416848	-0.17501025	0.11565035	-0.12969878	0.29752693	-0.54153	0.20074151	-0.1249222	0.12007157	-0.6321862	1.0000002	-0.22684318	0.07900704	-0.14656001	0.12689662	-0.13396326	0.12605296	-0.088238366	0.14039943	-0.12222869	0.10530568	-0.17506614
-0.18847714	0.10426675	-0.07958837	0.09827117	-0.16109079	0.11176812	-0.099871576	0.13627666	-0.24433067	0.115680665	-0.089193895	0.09939761	-0.12537554	0.15316476	-0.2661057	0.116389215	-0.115051545	0.15453355	-0.21669373	0.12158045	-0.09271947	0.0961992	-0.1480271	0.16574338	-0.15444212	0.09747136	-0.08811981	0.15469298	-0.22684318	1.0	-0.07442108	0.1290717	-0.113570504	0.21662064	-0.70381933	0.085120305	-0.1692655	0.1071626	-0.21882936	0.31242552
0.08605028	-0.051001843	0.03584419	-0.044446934	0.04723673	-0.061120167	0.05103108	-0.06075584	0.07533751	-0.034770668	0.05398904	-0.05577193	0.0544344	-0.05018116	0.07866016	-0.07735212	0.06971934	-0.07441283	0.081400126	-0.044647664	0.10391975	-0.10683254	0.076804385	-0.069572024	0.052248247	-0.3763697	0.22085546	-0.08469114	0.07900704	-0.07442108	1.0000001	-0.33789456	0.113545135	-0.06921896	0.047933944	-0.795593	0.2740792	-0.11119809	0.057457577	-0.07930113
-0.1524902	0.08813044	-0.062703	0.077413306	-0.08794034	0.103269294	-0.088172816	0.10620473	-0.1393083	0.064472355	-0.09119479	0.09471799	-0.09657038	0.09182163	-0.14633264	0.1261378	-0.11953433	0.12977357	-0.14861259	0.08019886	-0.16993752	0.1686425	-0.13911828	0.12313891	-0.09480257	0.30094683	-0.49062634	0.15273565	-0.14656001	0.1290717	-0.33789456	0.99999964	-0.30356798	0.1271574	-0.08529761	0.25482932	-0.57027256	0.22369213	-0.10984449	0.1384273
0.09063309	-0.054882273	0.039987724	-0.049548287	0.058073673	-0.06270563	0.054133836	-0.07278644	0.092129566	-0.042660702	0.052799933	-0.05746135	0.066674724	-0.061324004	0.09693942	-0.073288865	0.06940377	-0.09635195	0.10478122	-0.058791727	0.07883178	-0.08419583	0.1125455	-0.09797756	0.06965307	-0.13917622	0.13074006	-0.1697065	0.12689662	-0.113570504	0.113545135	-0.30356798	0.99999964	-0.19604422	0.08660584	-0.13293426	0.25034538	-0.85327953	0.1600295	-0.13449578
-0.13459995	0.07464167	-0.05657249	0.06992284	-0.11189018	0.08077809	-0.07162482	0.09629718	-0.16999477	0.080392234	-0.064874016	0.071761414	-0.08829852	0.10672109	-0.18464142	0.08531254	-0.08346981	0.108965114	-0.14695077	0.078525655	-0.07140416	0.07408567	-0.105172545	0.10929181	-0.09492437	0.08589858	-0.07813106	0.11158982	-0.13396326	0.21662064	-0.06921896	0.1271574	-0.19604422	0.9999997	-0.28473672	0.07924658	-0.16651699	0.17030218	-0.8058952	0.29141387
0.11135096	-0.062161364	0.047289	-0.05846811	0.0936127	-0.06692189	0.059581168	-0.081649475	0.14231424	-0.06732079	0.053482406	-0.05959092	0.074652165	-0.089608975	0.15467402	-0.07019927	0.068971515	-0.09375667	0.12701298	-0.07304791	0.056720898	-0.059155695	0.08939686	-0.10190542	0.0890145	-0.06238101	0.056280863	-0.09735186	0.12605296	-0.70381933	0.047933944	-0.08529761	0.08660584	-0.28473672	0.99999964	-0.05501734	0.109238766	-0.08398994	0.22538243	-0.56318766
-0.09969632	0.057654418	-0.04087574	0.0506433	-0.05696613	0.06792618	-0.057347115	0.06874844	-0.09014361	0.04176029	-0.05932131	0.061517645	-0.061803635	0.059419177	-0.09468772	0.08264842	-0.07648274	0.08262505	-0.09420901	0.051005203	-0.1052799	0.10329225	-0.084192194	0.07746726	-0.059900492	0.23460405	-0.20245716	0.090813346	-0.088238366	0.085120305	-0.795593	0.25482932	-0.13293426	0.07924658	-0.05501734	0.9999999	-0.44490165	0.12641689	-0.0667114	0.09102112
0.1461134	-0.08997418	0.06370212	-0.07994533	0.08456293	-0.10711957	0.088007174	-0.11024052	0.1346085	-0.062309578	0.08956207	-0.09515831	0.096768424	-0.09012595	0.14072862	-0.12864643	0.11374018	-0.13394378	0.14402291	-0.08118887	0.13967517	-0.15182137	0.131802	-0.12724064	0.09402812	-0.32805994	0.24811836	-0.15140179	0.14039943	-0.1692655	0.2740792	-0.57027256	0.25034538	-0.16651699	0.109238766	-0.44490165	0.9999998	-0.35055885	0.13511263	-0.18592328
-0.08963079	0.05349916	-0.03907805	0.04836788	-0.058493514	0.060884766	-0.052713692	0.07006244	-0.09237413	0.042854805	-0.05119052	0.05557037	-0.06458205	0.061005797	-0.09753056	0.07043849	-0.06719317	0.09033586	-0.103217036	0.056888048	-0.07491736	0.07823861	-0.10643737	0.09181929	-0.06792708	0.12363175	-0.11914247	0.1346546	-0.12222869	0.1071626	-0.11119809	0.22369213	-0.85327953	0.17030218	-0.08398994	0.12641689	-0.35055885	0.99999964	-0.18989256	0.12975016
0.100645386	-0.056671504	0.042744353	-0.052909605	0.081449084	-0.061751366	0.054494895	-0.07372743	0.12429586	-0.058673024	0.049742613	-0.05502292	0.06724521	-0.07862538	0.13457714	-0.06599478	0.064091265	-0.08525987	0.111390665	-0.061150737	0.056449912	-0.05902456	0.08287784	-0.08740613	0.073436245	-0.07182812	0.064736776	-0.091730505	0.10530568	-0.21882936	0.057457577	-0.10984449	0.1600295	-0.8058952	0.22538243	-0.0667114	0.13511263	-0.18989256	0.99999964	-0.44051582
-0.19626948	0.10707465	-0.08175255	0.10097604	-0.16992652	0.11470105	-0.10222869	0.13725759	-0.25663316	0.12171456	-0.09130066	0.10129338	-0.12604521	0.15972005	-0.27997372	0.118783414	-0.11695653	0.15047975	-0.21165313	0.111442134	-0.093903266	0.09706606	-0.13938597	0.14770089	-0.13581067	0.10155017	-0.09111331	0.13864537	-0.17506614	0.31242552	-0.07930113	0.1384273	-0.13449578	0.29141387	-0.56318766	0.09102112	-0.18592328	0.12975016	-0.44051582	0.99999964
