1.0	-0.33569482	0.16242987	-0.1364374	0.12686239	-0.8692699	0.24686621	-0.16704255	0.13202022	-0.13255784	0.15740792	-0.14117509	0.12180858	-0.09915616	0.09843166	-0.08656965	0.08599386	-0.09435685	0.086222336	-0.05892426	0.07533641	-0.08613445	0.07981386	-0.08278336	0.053415768	-0.0514439	0.060071405	-0.08692683	0.0665746	-0.076671354	0.04116529	-0.042897645	0.04027102	-0.061208718	0.05413139	-0.03466216	0.028792704	-0.047831204	0.05302372	-0.07889481
-0.33569482	1.0	-0.5500231	0.26236027	-0.23915762	0.23998344	-0.56697965	0.26863042	-0.2620529	0.20230566	-0.20958549	0.17976446	-0.2005607	0.15939613	-0.16300932	0.121188864	-0.12778012	0.14243297	-0.13759594	0.09008923	-0.11407907	0.12638661	-0.12371777	0.12586194	-0.082857504	0.07630382	-0.09050224	0.1278102	-0.1000386	0.11325671	-0.06136945	0.063372806	-0.059706803	0.090541326	-0.08082824	0.05111782	-0.04264352	0.070460275	-0.07886875	0.11578853
0.16242987	-0.5500231	1.0000001	-0.61446184	0.24839848	-0.15740626	0.26918808	-0.31391823	0.2809212	-0.24413131	0.1613041	-0.1496998	0.19131385	-0.17375578	0.16988562	-0.122646004	0.12280488	-0.1480532	0.14216559	-0.10050297	0.11716646	-0.13472594	0.12709765	-0.1360352	0.090494566	-0.082705185	0.09710293	-0.14685291	0.11179583	-0.13201615	0.067566894	-0.07099339	0.06787149	-0.10469975	0.092430525	-0.057679996	0.04796498	-0.080950014	0.090769276	-0.13741508
-0.1364374	0.26236027	-0.61446184	0.9999998	-0.39555064	0.12358126	-0.24830388	0.26054096	-0.5258596	0.24575615	-0.16228239	0.14210014	-0.19872925	0.18941872	-0.18989858	0.11885917	-0.12261071	0.14633848	-0.15134706	0.10149176	-0.11735996	0.13174252	-0.1291255	0.13670525	-0.09268269	0.081353895	-0.0964479	0.14274533	-0.110779315	0.12874836	-0.0665514	0.0694363	-0.06646398	0.102253415	-0.09099891	0.05631447	-0.046968028	0.078864604	-0.08903366	0.13328177
0.12686239	-0.23915762	0.24839848	-0.39555064	1.0	-0.123812154	0.2135699	-0.24180895	0.27306598	-0.4858976	0.19160645	-0.17098811	0.22640215	-0.22665276	0.25833642	-0.18679057	0.17805165	-0.20739335	0.21006617	-0.18564606	0.19541906	-0.22560506	0.19613701	-0.21939833	0.16390881	-0.15487531	0.17948788	-0.30870938	0.22166817	-0.28993982	0.13347015	-0.14493908	0.143781	-0.22813183	0.19677232	-0.12006011	0.099412985	-0.1755319	0.1990865	-0.3246146
-0.8692699	0.23998344	-0.15740626	0.12358126	-0.123812154	0.9999998	-0.33534595	0.16261956	-0.1329077	0.122637026	-0.19635354	0.14711823	-0.12506989	0.09641166	-0.096195	0.083968036	-0.08617553	0.091818884	-0.0842985	0.055576593	-0.0730558	0.08213694	-0.0778146	0.07912402	-0.050772347	0.048755463	-0.057212997	0.08062236	-0.06252099	0.07078592	-0.038790774	0.040136054	-0.037499234	0.056669306	-0.050348427	0.03233724	-0.026902806	0.044343732	-0.049175426	0.072302304
0.24686621	-0.56697965	0.26918808	-0.24830388	0.2135699	-0.33534595	1.0	-0.50290227	0.25349444	-0.23223014	0.2285362	-0.27286208	0.23733708	-0.18442543	0.17402188	-0.1449911	0.14797461	-0.1718504	0.15311757	-0.1019866	0.1277354	-0.14746636	0.1399267	-0.14524144	0.092202	-0.08693027	0.10178511	-0.1473559	0.11351322	-0.12997302	0.06942313	-0.07227503	0.06795397	-0.10362276	0.09175672	-0.05834332	0.04849926	-0.08059396	0.08953512	-0.13275701
-0.16704255	0.26863042	-0.31391823	0.26054096	-0.24180895	0.16261956	-0.50290227	0.9999998	-0.50827473	0.24807341	-0.2276577	0.21327235	-0.45194033	0.24233453	-0.22323534	0.14891402	-0.16300915	0.20669246	-0.19308287	0.112409584	-0.14033501	0.15770935	-0.16854167	0.16574572	-0.103574425	0.09148949	-0.10911341	0.15056428	-0.120857395	0.1320086	-0.07250234	0.074327916	-0.06965642	0.10564825	-0.09489351	0.059616268	-0.049812395	0.08162654	-0.09146305	0.13139835
0.13202022	-0.2620529	0.2809212	-0.5258596	0.27306598	-0.1329077	0.25349444	-0.50827473	0.9999996	-0.37247002	0.18285611	-0.174326	0.26487327	-0.34909198	0.24913283	-0.14759038	0.14998567	-0.19688001	0.19922377	-0.12910572	0.14126532	-0.16410542	0.16249987	-0.18143174	0.115410075	-0.097247556	0.11504071	-0.16986142	0.13325964	-0.1519389	0.07846495	-0.081691496	0.077806294	-0.12012777	0.10728052	-0.065949336	0.055007186	-0.09192154	0.1035104	-0.15228385
-0.13255784	0.20230566	-0.24413131	0.24575615	-0.4858976	0.122637026	-0.23223014	0.24807341	-0.37247002	0.99999964	-0.22866875	0.1862458	-0.2862801	0.28831354	-0.55900323	0.16864558	-0.18174677	0.21112221	-0.24338235	0.17622639	-0.18108878	0.19008212	-0.19912519	0.20521683	-0.17097667	0.118260965	-0.1445595	0.19471796	-0.16153383	0.17937228	-0.09665549	0.097932	-0.09353473	0.14133431	-0.13243678	0.07865905	-0.0663855	0.10824445	-0.12520476	0.17472416
0.15740792	-0.20958549	0.1613041	-0.16228239	0.19160645	-0.19635354	0.2285362	-0.2276577	0.18285611	-0.22866875	0.99999946	-0.7846058	0.2556164	-0.19244504	0.17445022	-0.24118614	0.22346185	-0.21018426	0.16827883	-0.10938229	0.16159326	-0.18783137	0.16374321	-0.16605937	0.098676875	-0.10557448	0.12023761	-0.16473338	0.12598553	-0.1404681	0.08079843	-0.08362863	0.07596208	-0.1131539	0.09966578	-0.0669658	0.055343144	-0.08999862	0.09725796	-0.14201625
-0.14117509	0.17976446	-0.1496998	0.14210014	-0.17098811	0.14711823	-0.27286208	0.21327235	-0.174326	0.1862458	-0.7846058	0.9999992	-0.35776323	0.17950565	-0.16510963	0.20199588	-0.27736533	0.19979353	-0.16083473	0.09310967	-0.14653684	0.16174984	-0.15528595	0.1460502	-0.08564973	0.08973719	-0.10429469	0.13403971	-0.106195	0.1135289	-0.06809969	0.069144	-0.062402524	0.09204613	-0.081955954	0.055006146	-0.04569663	0.073108114	-0.07942645	0.1129582
0.12180858	-0.2005607	0.19131385	-0.19872925	0.22640215	-0.12506989	0.23733708	-0.45194033	0.26487327	-0.2862801	0.2556164	-0.35776323	0.9999991	-0.44870758	0.25850692	-0.20424828	0.2180463	-0.44023773	0.2610822	-0.14097731	0.17504542	-0.2144826	0.23167045	-0.23374876	0.12601705	-0.11392739	0.13422897	-0.18659261	0.14953165	-0.15956882	0.08799294	-0.090400524	0.08381484	-0.12783906	0.113890834	-0.07211262	0.060071252	-0.09813254	0.10876985	-0.15469989
-0.09915616	0.15939613	-0.17375578	0.18941872	-0.22665276	0.09641166	-0.18442543	0.24233453	-0.34909198	0.28831354	-0.19244504	0.17950565	-0.44870758	0.9999991	-0.5771559	0.15397678	-0.16847928	0.24668095	-0.42593792	0.15870503	-0.15094313	0.17410138	-0.20357923	0.23653351	-0.14482728	0.0980116	-0.11849305	0.16557834	-0.14282385	0.14731443	-0.077358365	0.07888639	-0.07494036	0.11632612	-0.10694725	0.06284121	-0.052814808	0.08657117	-0.09918187	0.13681081
0.09843166	-0.16300932	0.16988562	-0.18989858	0.25833642	-0.096195	0.17402188	-0.22323534	0.24913283	-0.55900323	0.17445022	-0.16510963	0.25850692	-0.5771559	0.9999991	-0.1579471	0.15965666	-0.21874145	0.24923034	-0.2665425	0.15665065	-0.18490154	0.1860085	-0.2322609	0.19155866	-0.10815967	0.12915044	-0.19311884	0.15738659	-0.18747327	0.08753243	-0.09085582	0.088051416	-0.13958889	0.1301301	-0.07297905	0.061248578	-0.10283004	0.11848793	-0.16885106
-0.08656965	0.121188864	-0.122646004	0.11885917	-0.18679057	0.083968036	-0.1449911	0.14891402	-0.14759038	0.16864558	-0.24118614	0.20199588	-0.20424828	0.15397678	-0.1579471	0.9999991	-0.72398895	0.2407738	-0.18991841	0.0989993	-0.45069247	0.2642948	-0.2212099	0.17380427	-0.094692685	0.16839519	-0.1877371	0.1636259	-0.13165385	0.12535726	-0.11147149	0.10342181	-0.082354285	0.10721451	-0.09530635	0.07931324	-0.06578007	0.09416536	-0.09352646	0.1233884
0.08599386	-0.12778012	0.12280488	-0.12261071	0.17805165	-0.08617553	0.14797461	-0.16300915	0.14998567	-0.18174677	0.22346185	-0.27736533	0.2180463	-0.16847928	0.15965666	-0.72398895	0.9999992	-0.3812782	0.19849068	-0.10526894	0.26475164	-0.31560794	0.22997324	-0.19485673	0.09818696	-0.14588307	0.15862069	-0.16952781	0.13342112	-0.13202935	0.09860543	-0.09790879	0.08064228	-0.110834785	0.09761027	-0.076062575	0.0624112	-0.09388753	0.09506195	-0.12944864
-0.09435685	0.14243297	-0.1480532	0.14633848	-0.20739335	0.091818884	-0.1718504	0.20669246	-0.19688001	0.21112221	-0.21018426	0.19979353	-0.44023773	0.24668095	-0.21874145	0.2407738	-0.3812782	0.99999917	-0.43600923	0.13163647	-0.22465746	0.26292148	-0.5223209	0.28794575	-0.1262395	0.12710856	-0.1554014	0.18334529	-0.16049246	0.14661773	-0.09353218	0.09228434	-0.082623065	0.12223148	-0.10958592	0.07220665	-0.06051495	0.094408154	-0.103952184	0.13794632
0.086222336	-0.13759594	0.14216559	-0.15134706	0.21006617	-0.0842985	0.15311757	-0.19308287	0.19922377	-0.24338235	0.16827883	-0.16083473	0.2610822	-0.42593792	0.24923034	-0.18991841	0.19849068	-0.43600923	0.9999991	-0.18383068	0.18112269	-0.23292361	0.2892918	-0.6083021	0.16351353	-0.11887608	0.14372207	-0.21724263	0.19655252	-0.17593229	0.0916724	-0.09363634	0.08940994	-0.14508715	0.12754549	-0.07378192	0.062117394	-0.10217579	0.11734553	-0.15597442
-0.05892426	0.09008923	-0.10050297	0.10149176	-0.18564606	0.055576593	-0.1019866	0.112409584	-0.12910572	0.17622639	-0.10938229	0.09310967	-0.14097731	0.15870503	-0.2665425	0.0989993	-0.10526894	0.13163647	-0.18383068	0.99999917	-0.11316585	0.12166944	-0.14041343	0.18113516	-0.86694276	0.077068746	-0.097031616	0.13955003	-0.14141223	0.20585537	-0.06572004	0.066576585	-0.070901014	0.119960085	-0.15690711	0.052712943	-0.04577985	0.07749118	-0.10408863	0.12426702
0.07533641	-0.11407907	0.11716646	-0.11735996	0.19541906	-0.0730558	0.1277354	-0.14033501	0.14126532	-0.18108878	0.16159326	-0.14653684	0.17504542	-0.15094313	0.15665065	-0.45069247	0.26475164	-0.22465746	0.18112269	-0.11316585	0.9999991	-0.55527085	0.23877242	-0.20447311	0.10692983	-0.42771184	0.2838403	-0.23192744	0.16778374	-0.15917274	0.1840227	-0.17925876	0.120970145	-0.14118513	0.12103167	-0.13270625	0.10457003	-0.14215264	0.121036164	-0.15926935
-0.08613445	0.12638661	-0.13472594	0.13174252	-0.22560506	0.08213694	-0.14746636	0.15770935	-0.16410542	0.19008212	-0.18783137	0.16174984	-0.2144826	0.17410138	-0.18490154	0.2642948	-0.31560794	0.26292148	-0.23292361	0.12166944	-0.55527085	0.99999917	-0.50027895	0.24146637	-0.120221965	0.23525709	-0.33438557	0.21545665	-0.1799886	0.15502	-0.15064672	0.13774014	-0.10704747	0.13626781	-0.1213634	0.1037872	-0.086481065	0.12045918	-0.1188883	0.15010901
0.07981386	-0.12371777	0.12709765	-0.1291255	0.19613701	-0.0778146	0.1399267	-0.16854167	0.16249987	-0.19912519	0.16374321	-0.15528595	0.23167045	-0.20357923	0.1860085	-0.2212099	0.22997324	-0.5223209	0.2892918	-0.14041343	0.23877242	-0.50027895	0.9999993	-0.49555114	0.13438758	-0.14464898	0.17576163	-0.22122185	0.18688019	-0.16094804	0.102394626	-0.10218768	0.09061836	-0.13697155	0.11941078	-0.07928951	0.06614471	-0.103440866	0.11257549	-0.14743464
-0.08278336	0.12586194	-0.1360352	0.13670525	-0.21939833	0.07912402	-0.14524144	0.16574572	-0.18143174	0.20521683	-0.16605937	0.1460502	-0.23374876	0.23653351	-0.2322609	0.17380427	-0.19485673	0.28794575	-0.6083021	0.18113516	-0.20447311	0.24146637	-0.49555114	0.99999917	-0.21328545	0.12715767	-0.16271912	0.23313116	-0.3123293	0.18395284	-0.098556496	0.09819595	-0.096677385	0.16092771	-0.1437181	0.076514	-0.06540591	0.106384	-0.12972863	0.15671106
0.053415768	-0.082857504	0.090494566	-0.09268269	0.16390881	-0.050772347	0.092202	-0.103574425	0.115410075	-0.17097667	0.098676875	-0.08564973	0.12601705	-0.14482728	0.19155866	-0.094692685	0.09818696	-0.1262395	0.16351353	-0.86694276	0.10692983	-0.120221965	0.13438758	-0.21328545	0.99999917	-0.07526038	0.093719155	-0.14565732	0.14321376	-0.28659964	0.06420194	-0.06612315	0.071147844	-0.1272378	0.15828703	-0.052368015	0.045336083	-0.07877881	0.10398341	-0.12984206
-0.0514439	0.07630382	-0.082705185	0.081353895	-0.15487531	0.048755463	-0.08693027	0.09148949	-0.097247556	0.118260965	-0.10557448	0.08973719	-0.11392739	0.0980116	-0.10815967	0.16839519	-0.14588307	0.12710856	-0.11887608	0.077068746	-0.42771184	0.23525709	-0.14464898	0.12715767	-0.07526038	0.99999917	-0.6970593	0.19962081	-0.14707653	0.11813997	-0.40086633	0.22824113	-0.13066459	0.11599369	-0.098565616	0.15677534	-0.12901531	0.14161703	-0.10210493	0.11931005
0.060071405	-0.09050224	0.09710293	-0.0964479	0.17948788	-0.057212997	0.10178511	-0.10911341	0.11504071	-0.1445595	0.12023761	-0.10429469	0.13422897	-0.11849305	0.12915044	-0.1877371	0.15862069	-0.1554014	0.14372207	-0.097031616	0.2838403	-0.33438557	0.17576163	-0.16271912	0.093719155	-0.6970593	0.9999992	-0.3452938	0.19173548	-0.15510343	0.24805373	-0.26059863	0.14778492	-0.15029342	0.12440133	-0.1756313	0.1357047	-0.17147379	0.12678511	-0.1538812
-0.08692683	0.1278102	-0.14685291	0.14274533	-0.30870938	0.08062236	-0.1473559	0.15056428	-0.16986142	0.19471796	-0.16473338	0.13403971	-0.18659261	0.16557834	-0.19311884	0.1636259	-0.16952781	0.18334529	-0.21724263	0.13955003	-0.23192744	0.21545665	-0.22122185	0.23313116	-0.14565732	0.19962081	-0.3452938	0.9999994	-0.6605586	0.23751873	-0.15962805	0.15268083	-0.16656631	0.2507014	-0.22299795	0.115484744	-0.102304816	0.1638749	-0.21778423	0.21379389
0.0665746	-0.1000386	0.11179583	-0.110779315	0.22166817	-0.06252099	0.11351322	-0.120857395	0.13325964	-0.16153383	0.12598553	-0.106195	0.14953165	-0.14282385	0.15738659	-0.13165385	0.13342112	-0.16049246	0.19655252	-0.14141223	0.16778374	-0.1799886	0.18688019	-0.3123293	0.14321376	-0.14707653	0.19173548	-0.6605586	0.9999992	-0.33450255	0.1227508	-0.13064761	0.15463707	-0.42437208	0.2464609	-0.09901511	0.087270655	-0.16322002	0.21604477	-0.23644747
-0.076671354	0.11325671	-0.13201615	0.12874836	-0.28993982	0.07078592	-0.12997302	0.1320086	-0.1519389	0.17937228	-0.1404681	0.1135289	-0.15956882	0.14731443	-0.18747327	0.12535726	-0.13202935	0.14661773	-0.17593229	0.20585537	-0.15917274	0.15502	-0.16094804	0.18395284	-0.28659964	0.11813997	-0.15510343	0.23751873	-0.33450255	0.9999991	-0.11216212	0.11423882	-0.1450286	0.28679216	-0.6803529	0.08912885	-0.080919616	0.1456314	-0.24028455	0.23781793
0.04116529	-0.06136945	0.067566894	-0.0665514	0.13347015	-0.038790774	0.06942313	-0.07250234	0.07846495	-0.09665549	0.08079843	-0.06809969	0.08799294	-0.077358365	0.08753243	-0.11147149	0.09860543	-0.09353218	0.0916724	-0.06572004	0.1840227	-0.15064672	0.102394626	-0.098556496	0.06420194	-0.40086633	0.24805373	-0.15962805	0.1227508	-0.11216212	0.9999992	-0.6843818	0.22053543	-0.12733087	0.099701904	-0.39035344	0.26292136	-0.25377473	0.11106331	-0.122585386
-0.042897645	0.063372806	-0.07099339	0.0694363	-0.14493908	0.040136054	-0.07227503	0.074327916	-0.081691496	0.097932	-0.08362863	0.069144	-0.090400524	0.07888639	-0.09085582	0.10342181	-0.09790879	0.09228434	-0.09363634	0.066576585	-0.17925876	0.13774014	-0.10218768	0.09819595	-0.06612315	0.22824113	-0.26059863	0.15268083	-0.13064761	0.11423882	-0.6843818	0.99999934	-0.37981996	0.1398678	-0.110101804	0.27848968	-0.3867149	0.26282176	-0.12317379	0.12444132
0.04027102	-0.059706803	0.06787149	-0.06646398	0.143781	-0.037499234	0.06795397	-0.06965642	0.077806294	-0.09353473	0.07596208	-0.062402524	0.08381484	-0.07494036	0.088051416	-0.082354285	0.08064228	-0.082623065	0.08940994	-0.070901014	0.120970145	-0.10704747	0.09061836	-0.096677385	0.071147844	-0.13066459	0.14778492	-0.16656631	0.15463707	-0.1450286	0.22053543	-0.37981996	0.9999991	-0.27503222	0.15292493	-0.2036284	0.20824333	-0.79013675	0.18047208	-0.16821346
-0.061208718	0.090541326	-0.10469975	0.102253415	-0.22813183	0.056669306	-0.10362276	0.10564825	-0.12012777	0.14133431	-0.1131539	0.09204613	-0.12783906	0.11632612	-0.13958889	0.10721451	-0.110834785	0.12223148	-0.14508715	0.119960085	-0.14118513	0.13626781	-0.13697155	0.16092771	-0.1272378	0.11599369	-0.15029342	0.2507014	-0.42437208	0.28679216	-0.12733087	0.1398678	-0.27503222	0.9999992	-0.5216343	0.10323256	-0.09902475	0.2117892	-0.4943597	0.29193994
0.05413139	-0.08082824	0.092430525	-0.09099891	0.19677232	-0.050348427	0.09175672	-0.09489351	0.10728052	-0.13243678	0.09966578	-0.081955954	0.113890834	-0.10694725	0.1301301	-0.09530635	0.09761027	-0.10958592	0.12754549	-0.15690711	0.12103167	-0.1213634	0.11941078	-0.1437181	0.15828703	-0.098565616	0.12440133	-0.22299795	0.2464609	-0.6803529	0.099701904	-0.110101804	0.15292493	-0.5216343	0.9999989	-0.08451736	0.07711625	-0.1619618	0.24994406	-0.31507006
-0.03466216	0.05111782	-0.057679996	0.05631447	-0.12006011	0.03233724	-0.05834332	0.059616268	-0.065949336	0.07865905	-0.0669658	0.055006146	-0.07211262	0.06284121	-0.07297905	0.07931324	-0.076062575	0.07220665	-0.07378192	0.052712943	-0.13270625	0.1037872	-0.07928951	0.076514	-0.052368015	0.15677534	-0.1756313	0.115484744	-0.09901511	0.08912885	-0.39035344	0.27848968	-0.2036284	0.10323256	-0.08451736	0.9999989	-0.81828415	0.20959723	-0.09704969	0.098306544
0.028792704	-0.04264352	0.04796498	-0.046968028	0.099412985	-0.026902806	0.04849926	-0.049812395	0.055007186	-0.0663855	0.055343144	-0.04569663	0.060071252	-0.052814808	0.061248578	-0.06578007	0.0624112	-0.06051495	0.062117394	-0.04577985	0.10457003	-0.086481065	0.06614471	-0.06540591	0.045336083	-0.12901531	0.1357047	-0.102304816	0.087270655	-0.080919616	0.26292136	-0.3867149	0.20824333	-0.09902475	0.07711625	-0.81828415	0.99999887	-0.29532164	0.09096496	-0.09236894
-0.047831204	0.070460275	-0.080950014	0.078864604	-0.1755319	0.044343732	-0.08059396	0.08162654	-0.09192154	0.10824445	-0.08999862	0.073108114	-0.09813254	0.08657117	-0.10283004	0.09416536	-0.09388753	0.094408154	-0.10217579	0.07749118	-0.14215264	0.12045918	-0.103440866	0.106384	-0.07877881	0.14161703	-0.17147379	0.1638749	-0.16322002	0.1456314	-0.25377473	0.26282176	-0.79013675	0.2117892	-0.1619618	0.20959723	-0.29532164	0.99999887	-0.22126906	0.17392609
0.05302372	-0.07886875	0.090769276	-0.08903366	0.1990865	-0.049175426	0.08953512	-0.09146305	0.1035104	-0.12520476	0.09725796	-0.07942645	0.10876985	-0.09918187	0.11848793	-0.09352646	0.09506195	-0.103952184	0.11734553	-0.10408863	0.121036164	-0.1188883	0.11257549	-0.12972863	0.10398341	-0.10210493	0.12678511	-0.21778423	0.21604477	-0.24028455	0.11106331	-0.12317379	0.18047208	-0.4943597	0.24994406	-0.09704969	0.09096496	-0.22126906	0.99999887	-0.72715235
-0.07889481	0.11578853	-0.13741508	0.13328177	-0.3246146	0.072302304	-0.13275701	0.13139835	-0.15228385	0.17472416	-0.14201625	0.1129582	-0.15469989	0.13681081	-0.16885106	0.1233884	-0.12944864	0.13794632	-0.15597442	0.12426702	-0.15926935	0.15010901	-0.14743464	0.15671106	-0.12984206	0.11931005	-0.1538812	0.21379389	-0.23644747	0.23781793	-0.122585386	0.12444132	-0.16821346	0.29193994	-0.31507006	0.098306544	-0.09236894	0.17392609	-0.72715235	0.99999887
