1.0	-0.12540741	0.09861798	-0.09795533	0.08277084	-0.7487354	0.28815925	-0.35309014	0.1107344	-0.09258095	0.1605354	-0.19689436	0.21549276	-0.2022983	0.18944998	-0.15405385	0.17281005	-0.19397016	0.16318272	-0.14302759	0.14403789	-0.14668757	0.1614462	-0.16826239	0.13367237	-0.15587938	0.14044635	-0.18848465	0.1611108	-0.16449265	0.13194981	-0.108069025	0.12516247	-0.0985353	0.09898035	-0.19483231	0.111474335	-0.12830608	0.10196713	-0.13043727
-0.12540741	0.9999999	-0.89494014	0.2381888	-0.23256782	0.0957715	-0.11980335	0.12833644	-0.21351084	0.14213552	-0.055499464	0.06464977	-0.0883915	0.09114661	-0.09453398	0.04848965	-0.060762774	0.066236325	-0.06940079	0.0559968	-0.047391947	0.04688557	-0.054553196	0.057392273	-0.049463917	0.04578803	-0.044110827	0.056927413	-0.054636396	0.05119417	-0.038595974	0.031217553	-0.03734867	0.029111097	-0.030041352	0.049708232	-0.03139064	0.03515373	-0.030024972	0.038046613
0.09861798	-0.89494014	0.99999994	-0.329928	0.18847358	-0.08373708	0.09850586	-0.12585174	0.17362598	-0.13046171	0.04678941	-0.055750854	0.07589744	-0.07921858	0.07749748	-0.041454636	0.051497642	-0.05733482	0.058359906	-0.04748069	0.040145397	-0.04003354	0.046429303	-0.048918977	0.041633427	-0.03915982	0.037476696	-0.048913445	0.046048876	-0.043621298	0.032687545	-0.026525173	0.031614423	-0.024727838	0.025517933	-0.04248919	0.026649535	-0.029952154	0.025466967	-0.03243546
-0.09795533	0.2381888	-0.329928	0.9999997	-0.665838	0.0763969	-0.08955601	0.113395095	-0.5366187	0.31171572	-0.050956372	0.057548173	-0.090113685	0.11778391	-0.11735966	0.04566371	-0.05697846	0.067455605	-0.08277419	0.06560673	-0.04587793	0.045642305	-0.05516753	0.06320264	-0.055523116	0.045160998	-0.043673452	0.057320468	-0.058307283	0.055316284	-0.03883789	0.031602	-0.03816957	0.030233026	-0.031773597	0.050068416	-0.031892095	0.035920274	-0.03107861	0.040158812
0.08277084	-0.23256782	0.18847358	-0.665838	0.9999994	-0.06842438	0.075112015	-0.09872339	0.32446048	-0.6064793	0.044326227	-0.050641473	0.07676453	-0.10712186	0.10663581	-0.040458873	0.04966557	-0.059877902	0.07183085	-0.06159402	0.04050096	-0.040589903	0.04884178	-0.058419824	0.050392415	-0.040696718	0.038973358	-0.051799595	0.052510772	-0.05157155	0.035077646	-0.028710663	0.03459023	-0.02770317	0.029280972	-0.04614175	0.029073982	-0.033015046	0.028415682	-0.03732163
-0.7487354	0.0957715	-0.08373708	0.0763969	-0.06842438	0.99999934	-0.49114883	0.2755764	-0.09179832	0.072770104	-0.16713747	0.1878403	-0.20215462	0.15423149	-0.16481465	0.13523346	-0.16957851	0.15675324	-0.13457753	0.11102744	-0.12829685	0.12375135	-0.13590185	0.12630248	-0.10555219	0.11974808	-0.11512779	0.14201488	-0.12791757	0.11801195	-0.10111015	0.08052961	-0.0954498	0.072231635	-0.07225	0.13016623	-0.08115171	0.08983203	-0.07517933	0.09185561
0.28815925	-0.11980335	0.09850586	-0.08955601	0.075112015	-0.49114883	0.99999946	-0.660249	0.1079389	-0.08577576	0.1866391	-0.34359536	0.23444206	-0.16551203	0.1504855	-0.15798743	0.20364179	-0.18818642	0.13609666	-0.108379565	0.13420682	-0.13708353	0.14160646	-0.1226883	0.09910255	-0.122540765	0.115752034	-0.14952454	0.11793347	-0.109446414	0.09135866	-0.074078515	0.08564491	-0.06552168	0.06560386	-0.11641582	0.07232983	-0.08075715	0.067292124	-0.08360062
-0.35309014	0.12833644	-0.12585174	0.113395095	-0.09872339	0.2755764	-0.660249	0.9999993	-0.1614212	0.111418664	-0.192948	0.22997302	-0.43274194	0.20097795	-0.19494456	0.1567716	-0.21617977	0.22221735	-0.17193408	0.1306002	-0.14930716	0.14713702	-0.1714972	0.14356762	-0.12025174	0.13352707	-0.13144721	0.16658883	-0.14119585	0.12654969	-0.1051777	0.084427	-0.09963501	0.07556486	-0.076109774	0.12967084	-0.0829188	0.09154374	-0.077935494	0.09571712
0.1107344	-0.21351084	0.17362598	-0.5366187	0.32446048	-0.09179832	0.1079389	-0.1614212	0.99999887	-0.69113046	0.06217136	-0.07138759	0.115795426	-0.19075368	0.14863177	-0.056599315	0.07043682	-0.08718988	0.10955298	-0.087239854	0.056724098	-0.057005834	0.069442034	-0.082222305	0.07123265	-0.056483585	0.054378066	-0.07258465	0.073533624	-0.07112681	0.04827728	-0.039513998	0.047668215	-0.038133837	0.0403501	-0.062815644	0.03985805	-0.045166887	0.039077256	-0.051184848
-0.09258095	0.14213552	-0.13046171	0.31171572	-0.6064793	0.072770104	-0.08577576	0.111418664	-0.69113046	0.9999988	-0.051415447	0.05775191	-0.09416246	0.13453807	-0.1509999	0.046619773	-0.058094613	0.07101699	-0.09211013	0.07666401	-0.047285613	0.047252007	-0.057907738	0.07007961	-0.06195083	0.047108613	-0.04551597	0.060353365	-0.06294747	0.061213084	-0.04088164	0.03345103	-0.040531583	0.032526795	-0.034592073	0.05317288	-0.033853475	0.03838185	-0.033344474	0.04385279
0.1605354	-0.055499464	0.04678941	-0.050956372	0.044326227	-0.16713747	0.1866391	-0.192948	0.06217136	-0.051415447	0.999999	-0.5341344	0.18085113	-0.14199485	0.13665463	-0.6785714	0.30142683	-0.18650739	0.12889196	-0.10350849	0.24381268	-0.2341565	0.16757914	-0.12501456	0.09779909	-0.18803976	0.16081864	-0.18004473	0.12320719	-0.111653015	0.10985147	-0.08861981	0.09588826	-0.07144907	0.0688187	-0.13162434	0.081415795	-0.089533255	0.07286288	-0.08753007
-0.19689436	0.06464977	-0.055750854	0.057548173	-0.050641473	0.1878403	-0.34359536	0.22997302	-0.07138759	0.05775191	-0.5341344	0.9999988	-0.24718395	0.15534902	-0.15243042	0.29420468	-0.5976129	0.2195139	-0.14793527	0.11090494	-0.22831017	0.21946244	-0.18463463	0.12877499	-0.104084425	0.16117106	-0.16048113	0.17442141	-0.12847292	0.11239275	-0.106003985	0.084711164	-0.09503321	0.07037957	-0.068807326	0.12297805	-0.07892812	0.08598527	-0.0720738	0.08638512
0.21549276	-0.0883915	0.07589744	-0.090113685	0.07676453	-0.20215462	0.23444206	-0.43274194	0.115795426	-0.09416246	0.18085113	-0.24718395	0.99999875	-0.3964357	0.23673218	-0.18415558	0.23532313	-0.58057904	0.25798327	-0.18735774	0.1736948	-0.19327381	0.24899156	-0.20384757	0.15941943	-0.17561904	0.16626237	-0.25992864	0.18097545	-0.16724443	0.12697262	-0.105285965	0.122312315	-0.09536128	0.09691582	-0.1613756	0.10126156	-0.114421025	0.09657279	-0.12302564
-0.2022983	0.09114661	-0.07921858	0.11778391	-0.10712186	0.15423149	-0.16551203	0.20097795	-0.19075368	0.13453807	-0.14199485	0.15534902	-0.3964357	0.999999	-0.5281399	0.13412015	-0.17244552	0.25728428	-0.566791	0.2753079	-0.14255485	0.14442983	-0.19590466	0.2421507	-0.22882	0.1413186	-0.13993534	0.1906135	-0.21659884	0.1926327	-0.12319434	0.100964636	-0.12460766	0.10030241	-0.108339176	0.15392293	-0.101463914	0.114198364	-0.10250482	0.13336293
0.18944998	-0.09453398	0.07749748	-0.11735966	0.10663581	-0.16481465	0.1504855	-0.19494456	0.14863177	-0.1509999	0.13665463	-0.15243042	0.23673218	-0.5281399	0.99999887	-0.13761143	0.1596142	-0.22548606	0.31563655	-0.49832603	0.14487816	-0.14966896	0.18806495	-0.32853493	0.2802172	-0.16342895	0.15210411	-0.21540414	0.24860056	-0.3006998	0.15205762	-0.1293301	0.15770029	-0.13773543	0.1553698	-0.21915756	0.13454138	-0.16044194	0.1390366	-0.20485856
-0.15405385	0.04848965	-0.041454636	0.04566371	-0.040458873	0.13523346	-0.15798743	0.1567716	-0.056599315	0.046619773	-0.6785714	0.29420468	-0.18415558	0.13412015	-0.13761143	0.9999988	-0.42260063	0.18608521	-0.13059013	0.10064712	-0.43404496	0.25554398	-0.18299267	0.12079979	-0.096722916	0.1921781	-0.1810308	0.17569734	-0.12386112	0.106808655	-0.11356043	0.08871549	-0.096448556	0.069873095	-0.06679811	0.12417564	-0.08025806	0.08608195	-0.0715299	0.08362271
0.17281005	-0.060762774	0.051497642	-0.05697846	0.04966557	-0.16957851	0.20364179	-0.21617977	0.07043682	-0.058094613	0.30142683	-0.5976129	0.23532313	-0.17244552	0.1596142	-0.42260063	0.99999875	-0.35080454	0.16541979	-0.12511396	0.263515	-0.38580602	0.22683913	-0.14814292	0.11507869	-0.20081995	0.19168341	-0.2199574	0.14267345	-0.12619637	0.11941615	-0.09723195	0.10626508	-0.079083055	0.076776065	-0.13956983	0.08842295	-0.09697368	0.08031431	-0.09686549
-0.19397016	0.066236325	-0.05733482	0.067455605	-0.059877902	0.15675324	-0.18818642	0.22221735	-0.08718988	0.07101699	-0.18650739	0.2195139	-0.58057904	0.25728428	-0.22548606	0.18608521	-0.35080454	0.99999857	-0.35614702	0.18381886	-0.19683592	0.21860887	-0.4606086	0.19936197	-0.16187093	0.17224891	-0.18112864	0.26231602	-0.18609366	0.15566775	-0.124387905	0.10162424	-0.11998532	0.09066595	-0.09153606	0.14623752	-0.09595453	0.10596205	-0.09190767	0.11331914
0.16318272	-0.06940079	0.058359906	-0.08277419	0.07183085	-0.13457753	0.13609666	-0.17193408	0.10955298	-0.09211013	0.12889196	-0.14793527	0.25798327	-0.566791	0.31563655	-0.13059013	0.16541979	-0.35614702	0.99999845	-0.49066603	0.13598222	-0.14576478	0.20094442	-0.36852095	0.26599106	-0.14103892	0.13691702	-0.20429748	0.22548717	-0.21755993	0.11831424	-0.09934818	0.12191649	-0.10251609	0.113885395	-0.15139595	0.09903577	-0.11384234	0.10286834	-0.14108412
-0.14302759	0.0559968	-0.04748069	0.06560673	-0.06159402	0.11102744	-0.108379565	0.1306002	-0.087239854	0.07666401	-0.10350849	0.11090494	-0.18735774	0.2753079	-0.49832603	0.10064712	-0.12511396	0.18381886	-0.49066603	0.9999984	-0.11063984	0.11246352	-0.15492351	0.2851701	-0.5874159	0.11558444	-0.114071436	0.15776296	-0.22959743	0.23367773	-0.10915365	0.091523446	-0.11741938	0.100935794	-0.12149419	0.13808103	-0.093570925	0.10721436	-0.10217443	0.14016889
0.14403789	-0.047391947	0.040145397	-0.04587793	0.04050096	-0.12829685	0.13420682	-0.14930716	0.056724098	-0.047285613	0.24381268	-0.22831017	0.1736948	-0.14255485	0.14487816	-0.43404496	0.263515	-0.19683592	0.13598222	-0.11063984	0.9999983	-0.63785535	0.23382206	-0.14211564	0.108366534	-0.41238117	0.27589804	-0.25245324	0.14476353	-0.12649342	0.15450238	-0.122633174	0.12152234	-0.087343216	0.08055642	-0.16433015	0.1028328	-0.1101918	0.0882741	-0.10169174
-0.14668757	0.04688557	-0.04003354	0.045642305	-0.040589903	0.12375135	-0.13708353	0.14713702	-0.057005834	0.047252007	-0.2341565	0.21946244	-0.19327381	0.14442983	-0.14966896	0.25554398	-0.38580602	0.21860887	-0.14576478	0.11246352	-0.63785535	0.999998	-0.3757775	0.14408359	-0.11121695	0.2769749	-0.3853979	0.26154754	-0.15027417	0.12384272	-0.143771	0.11553413	-0.1195811	0.084169246	-0.078440346	0.14744803	-0.09758054	0.10291487	-0.08527847	0.0975541
0.1614462	-0.054553196	0.046429303	-0.05516753	0.04884178	-0.13590185	0.14160646	-0.1714972	0.069442034	-0.057907738	0.16757914	-0.18463463	0.24899156	-0.19590466	0.18806495	-0.18299267	0.22683913	-0.4606086	0.20094442	-0.15492351	0.23382206	-0.3757775	0.99999803	-0.23393272	0.15273212	-0.23441344	0.24707736	-0.634537	0.20882668	-0.16634396	0.14368868	-0.12224218	0.13994889	-0.10332712	0.09910683	-0.16701543	0.10856986	-0.12063101	0.102039486	-0.1236831
-0.16826239	0.057392273	-0.048918977	0.06320264	-0.058419824	0.12630248	-0.1226883	0.14356762	-0.082222305	0.07007961	-0.12501456	0.12877499	-0.20384757	0.2421507	-0.32853493	0.12079979	-0.14814292	0.19936197	-0.36852095	0.2851701	-0.14211564	0.14408359	-0.23393272	0.99999803	-0.5205239	0.14658388	-0.15097772	0.21818393	-0.5634342	0.28859717	-0.13921839	0.117327906	-0.15411964	0.13554072	-0.15338278	0.16810101	-0.118757404	0.13499494	-0.13423027	0.17505199
0.13367237	-0.049463917	0.041633427	-0.055523116	0.050392415	-0.10555219	0.09910255	-0.12025174	0.07123265	-0.06195083	0.09779909	-0.104084425	0.15941943	-0.22882	0.2802172	-0.096722916	0.11507869	-0.16187093	0.26599106	-0.5874159	0.108366534	-0.11121695	0.15273212	-0.5205239	0.99999815	-0.11901954	0.11627953	-0.16663727	0.28115	-0.43136156	0.11803876	-0.10244124	0.13381022	-0.12724662	0.16565734	-0.15283343	0.105414525	-0.12480756	0.12417589	-0.19241776
-0.15587938	0.04578803	-0.03915982	0.045160998	-0.040696718	0.11974808	-0.122540765	0.13352707	-0.056483585	0.047108613	-0.18803976	0.16117106	-0.17561904	0.1413186	-0.16342895	0.1921781	-0.20081995	0.17224891	-0.14103892	0.11558444	-0.41238117	0.2769749	-0.23441344	0.14658388	-0.11901954	0.99999815	-0.69104826	0.25683933	-0.17083865	0.14028148	-0.3267092	0.19229317	-0.17543684	0.112986535	-0.097653635	0.21162167	-0.14670372	0.14246508	-0.11566762	0.119700946
0.14044635	-0.044110827	0.037476696	-0.043673452	0.038973358	-0.11512779	0.115752034	-0.13144721	0.054378066	-0.04551597	0.16081864	-0.16048113	0.16626237	-0.13993534	0.15210411	-0.1810308	0.19168341	-0.18112864	0.13691702	-0.114071436	0.27589804	-0.3853979	0.24707736	-0.15097772	0.11627953	-0.69104826	0.99999845	-0.41601816	0.16847496	-0.14225717	0.21566133	-0.20211521	0.16285914	-0.11046852	0.09546224	-0.20837314	0.13656841	-0.14041975	0.109979026	-0.1194719
-0.18848465	0.056927413	-0.048913445	0.057320468	-0.051799595	0.14201488	-0.14952454	0.16658883	-0.07258465	0.060353365	-0.18004473	0.17442141	-0.25992864	0.1906135	-0.21540414	0.17569734	-0.2199574	0.26231602	-0.20429748	0.15776296	-0.25245324	0.26154754	-0.634537	0.21818393	-0.16663727	0.25683933	-0.41601816	0.99999857	-0.30853954	0.18926188	-0.18086958	0.15201823	-0.1953532	0.12766887	-0.11826384	0.18779194	-0.1322831	0.14175951	-0.12581755	0.14262573
0.1611108	-0.054636396	0.046048876	-0.058307283	0.052510772	-0.12791757	0.11793347	-0.14119585	0.073533624	-0.06294747	0.12320719	-0.12847292	0.18097545	-0.21659884	0.24860056	-0.12386112	0.14267345	-0.18609366	0.22548717	-0.22959743	0.14476353	-0.15027417	0.20882668	-0.5634342	0.28115	-0.17083865	0.16847496	-0.30853954	0.9999985	-0.52646756	0.16564892	-0.14950712	0.19371563	-0.21116683	0.22306924	-0.21871382	0.15107976	-0.18511252	0.18334877	-0.27847412
-0.16449265	0.05119417	-0.043621298	0.055316284	-0.05157155	0.11801195	-0.109446414	0.12654969	-0.07112681	0.061213084	-0.111653015	0.11239275	-0.16724443	0.1926327	-0.3006998	0.106808655	-0.12619637	0.15566775	-0.21755993	0.23367773	-0.12649342	0.12384272	-0.16634396	0.28859717	-0.43136156	0.14028148	-0.14225717	0.18926188	-0.52646756	0.9999983	-0.1667654	0.1454732	-0.21735792	0.21174611	-0.45254862	0.19102523	-0.15280105	0.17295688	-0.2129514	0.28231278
0.13194981	-0.038595974	0.032687545	-0.03883789	0.035077646	-0.10111015	0.09135866	-0.1051777	0.04827728	-0.04088164	0.10985147	-0.106003985	0.12697262	-0.12319434	0.15205762	-0.11356043	0.11941615	-0.124387905	0.11831424	-0.10915365	0.15450238	-0.143771	0.14368868	-0.13921839	0.11803876	-0.3267092	0.21566133	-0.18086958	0.16564892	-0.1667654	0.9999982	-0.60319114	0.2814007	-0.1887036	0.137015	-0.54554224	0.27829662	-0.2730368	0.18305849	-0.17456092
-0.108069025	0.031217553	-0.026525173	0.031602	-0.028710663	0.08052961	-0.074078515	0.084427	-0.039513998	0.03345103	-0.08861981	0.084711164	-0.105285965	0.100964636	-0.1293301	0.08871549	-0.09723195	0.10162424	-0.09934818	0.091523446	-0.122633174	0.11553413	-0.12224218	0.117327906	-0.10244124	0.19229317	-0.20211521	0.15201823	-0.14950712	0.1454732	-0.60319114	0.9999981	-0.5328469	0.20746526	-0.13885225	0.30887324	-0.41231745	0.26080576	-0.20721605	0.16152097
0.12516247	-0.03734867	0.031614423	-0.03816957	0.03459023	-0.0954498	0.08564491	-0.09963501	0.047668215	-0.040531583	0.09588826	-0.09503321	0.122312315	-0.12460766	0.15770029	-0.096448556	0.10626508	-0.11998532	0.12191649	-0.11741938	0.12152234	-0.1195811	0.13994889	-0.15411964	0.13381022	-0.17543684	0.16285914	-0.1953532	0.19371563	-0.21735792	0.2814007	-0.5328469	0.99999815	-0.49413544	0.21294768	-0.35487768	0.27011657	-0.35678083	0.2820087	-0.26197228
-0.0985353	0.029111097	-0.024727838	0.030233026	-0.02770317	0.072231635	-0.06552168	0.07556486	-0.038133837	0.032526795	-0.07144907	0.07037957	-0.09536128	0.10030241	-0.13773543	0.069873095	-0.079083055	0.09066595	-0.10251609	0.100935794	-0.087343216	0.084169246	-0.10332712	0.13554072	-0.12724662	0.112986535	-0.11046852	0.12766887	-0.21116683	0.21174611	-0.1887036	0.20746526	-0.49413544	0.99999815	-0.39848	0.20555256	-0.2068231	0.25424337	-0.6323719	0.2896379
0.09898035	-0.030041352	0.025517933	-0.031773597	0.029280972	-0.07225	0.06560386	-0.076109774	0.0403501	-0.034592073	0.0688187	-0.068807326	0.09691582	-0.108339176	0.1553698	-0.06679811	0.076776065	-0.09153606	0.113885395	-0.12149419	0.08055642	-0.078440346	0.09910683	-0.15338278	0.16565734	-0.097653635	0.09546224	-0.11826384	0.22306924	-0.45254862	0.137015	-0.13885225	0.21294768	-0.39848	0.99999845	-0.16582891	0.14307064	-0.18404011	0.2648536	-0.70400435
-0.19483231	0.049708232	-0.04248919	0.050068416	-0.04614175	0.13016623	-0.11641582	0.12967084	-0.062815644	0.05317288	-0.13162434	0.12297805	-0.1613756	0.15392293	-0.21915756	0.12417564	-0.13956983	0.14623752	-0.15139595	0.13808103	-0.16433015	0.14744803	-0.16701543	0.16810101	-0.15283343	0.21162167	-0.20837314	0.18779194	-0.21871382	0.19102523	-0.54554224	0.30887324	-0.35487768	0.20555256	-0.16582891	0.99999845	-0.50826883	0.28878146	-0.24690649	0.1911329
0.111474335	-0.03139064	0.026649535	-0.031892095	0.029073982	-0.08115171	0.07232983	-0.0829188	0.03985805	-0.033853475	0.081415795	-0.07892812	0.10126156	-0.101463914	0.13454138	-0.08025806	0.08842295	-0.09595453	0.09903577	-0.093570925	0.1028328	-0.09758054	0.10856986	-0.118757404	0.105414525	-0.14670372	0.13656841	-0.1322831	0.15107976	-0.15280105	0.27829662	-0.41231745	0.27011657	-0.2068231	0.14307064	-0.50826883	0.99999857	-0.644127	0.23509298	-0.18405947
-0.12830608	0.03515373	-0.029952154	0.035920274	-0.033015046	0.08983203	-0.08075715	0.09154374	-0.045166887	0.03838185	-0.089533255	0.08598527	-0.114421025	0.114198364	-0.16044194	0.08608195	-0.09697368	0.10596205	-0.11384234	0.10721436	-0.1101918	0.10291487	-0.12063101	0.13499494	-0.12480756	0.14246508	-0.14041975	0.14175951	-0.18511252	0.17295688	-0.2730368	0.26080576	-0.35678083	0.25424337	-0.18404011	0.28878146	-0.644127	0.9999986	-0.46940067	0.21176356
0.10196713	-0.030024972	0.025466967	-0.03107861	0.028415682	-0.07517933	0.067292124	-0.077935494	0.039077256	-0.033344474	0.07286288	-0.0720738	0.09657279	-0.10250482	0.1390366	-0.0715299	0.08031431	-0.09190767	0.10286834	-0.10217443	0.0882741	-0.08527847	0.102039486	-0.13423027	0.12417589	-0.11566762	0.109979026	-0.12581755	0.18334877	-0.2129514	0.18305849	-0.20721605	0.2820087	-0.6323719	0.2648536	-0.24690649	0.23509298	-0.46940067	0.9999987	-0.4091099
-0.13043727	0.038046613	-0.03243546	0.040158812	-0.03732163	0.09185561	-0.08360062	0.09571712	-0.051184848	0.04385279	-0.08753007	0.08638512	-0.12302564	0.13336293	-0.20485856	0.08362271	-0.09686549	0.11331914	-0.14108412	0.14016889	-0.10169174	0.0975541	-0.1236831	0.17505199	-0.19241776	0.119700946	-0.1194719	0.14262573	-0.27847412	0.28231278	-0.17456092	0.16152097	-0.26197228	0.2896379	-0.70400435	0.1911329	-0.18405947	0.21176356	-0.4091099	0.9999987
