1.0000001	-0.1393979	0.091887556	-0.027220594	0.026298933	-0.9646903	0.12690045	-0.09816328	0.037660643	-0.037892066	0.10903286	-0.07417052	0.06545228	-0.036255084	0.029292312	-0.087321125	0.05805126	-0.06840948	0.033715524	-0.030314418	0.040218182	-0.038488463	0.029910263	-0.030643156	0.029228091	-0.035456482	0.032153722	-0.024087954	0.029597946	-0.023968631	0.02668985	-0.026541136	0.025155306	-0.029351424	0.023406284	-0.034547966	0.024895614	-0.032156106	0.013289511	-0.013760484
-0.1393979	1.0	-0.6460795	0.07841608	-0.07577232	0.1216038	-0.6614681	0.32808393	-0.08421438	0.07643047	-0.05947965	0.07379942	-0.08488522	0.045163322	-0.037287902	0.048967987	-0.048669677	0.060914285	-0.036063477	0.033241976	-0.028191077	0.027574375	-0.027380629	0.030848354	-0.0302949	0.025152743	-0.024676533	0.02178523	-0.028794803	0.023434684	-0.020486023	0.021291684	-0.021767866	0.02655458	-0.022283994	0.02643317	-0.02025882	0.02731099	-0.0120525705	0.012498011
0.091887556	-0.6460795	1.0000001	-0.11688905	0.096829824	-0.0936962	0.33061397	-0.65390754	0.111105025	-0.10625153	0.06206312	-0.085085675	0.100879274	-0.057624236	0.046882752	-0.054711208	0.055061176	-0.07467457	0.044294257	-0.04140926	0.032076187	-0.031766348	0.03252024	-0.037728287	0.03684738	-0.029074857	0.028547501	-0.02601178	0.03460787	-0.02845935	0.023863098	-0.025052683	0.02585934	-0.031934436	0.026780764	-0.031045357	0.023842823	-0.03257516	0.014418765	-0.015003818
-0.027220594	0.07841608	-0.11688905	1.0000002	-0.8986091	0.026391527	-0.073760934	0.09616377	-0.32820538	0.24210091	-0.03873533	0.040446896	-0.05183776	0.08629711	-0.07825304	0.033359915	-0.03619371	0.047292557	-0.05642792	0.056223247	-0.026025375	0.026098205	-0.0386914	0.04660631	-0.04935517	0.0250949	-0.026268473	0.030307014	-0.04340238	0.035729777	-0.022887735	0.025470056	-0.028891543	0.03729065	-0.03334144	0.030099457	-0.02471435	0.035676062	-0.017136252	0.017782196
0.026298933	-0.07577232	0.096829824	-0.8986091	1.0000004	-0.025873622	0.06716051	-0.09123013	0.24417235	-0.33161023	0.039446756	-0.04125654	0.051896673	-0.09141318	0.08251201	-0.034535885	0.037180662	-0.049220875	0.0583728	-0.060904205	0.027280636	-0.027497422	0.04056797	-0.049568657	0.051824488	-0.026622798	0.027741883	-0.032115612	0.045472566	-0.0382695	0.024366636	-0.027245741	0.030859094	-0.040252794	0.035351623	-0.032363202	0.026426226	-0.038591523	0.018347662	-0.01915636
-0.9646903	0.1216038	-0.0936962	0.026391527	-0.025873622	1.0	-0.14318353	0.0935424	-0.0364823	0.035866678	-0.12376175	0.07139013	-0.06488312	0.03417022	-0.027817134	0.08221766	-0.056241076	0.063777775	-0.031865634	0.028469501	-0.038367666	0.03609752	-0.02829696	0.028775692	-0.02761826	0.03308703	-0.030367631	0.022647226	-0.027967246	0.022478417	-0.02502986	0.024811458	-0.023582887	0.027393535	-0.02202775	0.032032058	-0.023309067	0.029905517	-0.012448965	0.012852865
0.12690045	-0.6614681	0.33061397	-0.073760934	0.06716051	-0.14318353	1.0000001	-0.63025504	0.09943606	-0.096655406	0.0736533	-0.10525596	0.111733094	-0.05738761	0.046324167	-0.06274462	0.06297668	-0.081356525	0.045523345	-0.042012576	0.035425607	-0.034903616	0.033938978	-0.03886443	0.037684724	-0.03167829	0.030917166	-0.027160745	0.03576948	-0.029296223	0.025627004	-0.026662925	0.02715024	-0.033214558	0.027683409	-0.033175476	0.025305571	-0.034195516	0.014987656	-0.015579407
-0.09816328	0.32808393	-0.65390754	0.09616377	-0.09123013	0.0935424	-0.63025504	0.99999994	-0.14585282	0.116537064	-0.074575454	0.10548018	-0.14793733	0.066703595	-0.054198205	0.06359543	-0.0668492	0.08829716	-0.051580034	0.047368128	-0.03712135	0.036579166	-0.037185658	0.043141432	-0.042223245	0.033180315	-0.032794032	0.029627306	-0.039610818	0.032309502	-0.02716678	0.02844308	-0.029340163	0.036059175	-0.030451827	0.035056688	-0.027053926	0.03670698	-0.01630041	0.016922006
0.037660643	-0.08421438	0.111105025	-0.32820538	0.24417235	-0.0364823	0.09943606	-0.14585282	0.99999946	-0.82779944	0.071094275	-0.074180245	0.095181756	-0.25480086	0.19071393	-0.06242963	0.06965159	-0.093697436	0.12978442	-0.13499194	0.050341114	-0.051081654	0.07891484	-0.10444463	0.107252315	-0.04926564	0.051802985	-0.06290069	0.09115545	-0.07716981	0.045361243	-0.05138966	0.05908029	-0.078053206	0.06949985	-0.06011719	0.049678534	-0.07317483	0.035058852	-0.036693342
-0.037892066	0.07643047	-0.10625153	0.24210091	-0.33161023	0.035866678	-0.096655406	0.116537064	-0.82779944	0.9999996	-0.074440256	0.07327936	-0.09755626	0.20601194	-0.24544652	0.06311833	-0.07178021	0.09273691	-0.13657421	0.13906235	-0.052177228	0.052451372	-0.085584186	0.10626461	-0.11869737	0.050345022	-0.05386755	0.066263236	-0.09871195	0.08041453	-0.04671946	0.052697036	-0.061443333	0.079598874	-0.07460045	0.06075761	-0.051181644	0.07392273	-0.036704253	0.037835
0.10903286	-0.05947965	0.06206312	-0.03873533	0.039446756	-0.12376175	0.0736533	-0.074575454	0.071094275	-0.074440256	0.9999996	-0.462909	0.26637554	-0.12591732	0.098487236	-0.6875121	0.30019483	-0.32110345	0.1288584	-0.11131218	0.19744337	-0.18588385	0.11393213	-0.11539726	0.10627804	-0.16468792	0.14026946	-0.09266111	0.10988226	-0.08812934	0.11213485	-0.10879192	0.09738368	-0.11006222	0.0862457	-0.14183074	0.09948881	-0.12350039	0.049145047	-0.050717946
-0.07417052	0.07379942	-0.085085675	0.040446896	-0.04125654	0.07139013	-0.10525596	0.10548018	-0.074180245	0.07327936	-0.462909	0.9999997	-0.69009477	0.12586819	-0.10045055	0.26847994	-0.412154	0.29679045	-0.12473038	0.10130071	-0.13227889	0.12559794	-0.09350725	0.1005247	-0.094871216	0.10380209	-0.103683256	0.07388562	-0.094240405	0.07357982	-0.07848796	0.07807185	-0.074579865	0.085764356	-0.071212545	0.09573827	-0.07286949	0.09121923	-0.03868101	0.03968075
0.06545228	-0.08488522	0.100879274	-0.05183776	0.051896673	-0.06488312	0.111733094	-0.14793733	0.095181756	-0.09755626	0.26637554	-0.69009477	0.9999997	-0.19304776	0.13337421	-0.26202595	0.29085597	-0.49937233	0.16788378	-0.14104344	0.13195865	-0.13276957	0.1105472	-0.13450615	0.120921016	-0.1147035	0.110371776	-0.089658104	0.1164634	-0.09461381	0.088358276	-0.090751365	0.08927171	-0.107589886	0.08813257	-0.1131623	0.0848493	-0.112120904	0.04759312	-0.049539797
-0.036255084	0.045163322	-0.057624236	0.08629711	-0.09141318	0.03417022	-0.05738761	0.066703595	-0.25480086	0.20601194	-0.12591732	0.12586819	-0.19304776	0.9999997	-0.6795445	0.105998784	-0.13568684	0.17878975	-0.4669912	0.30893943	-0.08648906	0.08756253	-0.15460537	0.22692397	-0.24501382	0.08197606	-0.08927376	0.11973277	-0.19549808	0.1492212	-0.07566427	0.08682664	-0.1039444	0.1355653	-0.13287124	0.097082295	-0.08344872	0.12070719	-0.060420144	0.062357422
0.029292312	-0.037287902	0.046882752	-0.07825304	0.08251201	-0.027817134	0.046324167	-0.054198205	0.19071393	-0.24544652	0.098487236	-0.10045055	0.13337421	-0.6795445	0.9999996	-0.087720886	0.105684035	-0.150056	0.29065725	-0.54615885	0.07397764	-0.076315835	0.12873605	-0.2135929	0.22452582	-0.073201515	0.07824356	-0.105941065	0.1605582	-0.15236235	0.06835202	-0.08018103	0.095369026	-0.1327338	0.12111808	-0.09058479	0.07668994	-0.116106376	0.056317955	-0.059862543
-0.087321125	0.048967987	-0.054711208	0.033359915	-0.034535885	0.08221766	-0.06274462	0.06359543	-0.06242963	0.06311833	-0.6875121	0.26847994	-0.26202595	0.105998784	-0.087720886	0.99999946	-0.49541578	0.26424682	-0.116183564	0.09492677	-0.2990819	0.19321325	-0.10997409	0.10100686	-0.096352726	0.16333863	-0.15020016	0.08624343	-0.10201226	0.07781328	-0.112044	0.10304256	-0.09071907	0.09729859	-0.07860642	0.1271941	-0.09436494	0.10930863	-0.044236697	0.044822622
0.05805126	-0.048669677	0.055061176	-0.03619371	0.037180662	-0.056241076	0.06297668	-0.0668492	0.06965159	-0.07178021	0.30019483	-0.412154	0.29085597	-0.13568684	0.105684035	-0.49541578	0.99999934	-0.6292269	0.15677127	-0.12415315	0.17963447	-0.20391451	0.1109899	-0.124737926	0.11002262	-0.13616912	0.13746099	-0.088999346	0.1102281	-0.08657674	0.09728049	-0.097242296	0.089483485	-0.10178008	0.08288699	-0.11692306	0.08863182	-0.10909613	0.04511246	-0.04634843
-0.06840948	0.060914285	-0.07467457	0.047292557	-0.049220875	0.063777775	-0.081356525	0.08829716	-0.093697436	0.09273691	-0.32110345	0.29679045	-0.49937233	0.17878975	-0.150056	0.26424682	-0.6292269	0.9999996	-0.28367135	0.16514343	-0.15763205	0.15176086	-0.1338795	0.16260438	-0.1489969	0.122228555	-0.13194144	0.10420626	-0.1439391	0.10773635	-0.09753461	0.09959533	-0.1003479	0.117594555	-0.10233151	0.117056996	-0.09382347	0.11922307	-0.05283791	0.05405827
0.033715524	-0.036063477	0.044294257	-0.05642792	0.0583728	-0.031865634	0.045523345	-0.051580034	0.12978442	-0.13657421	0.1288584	-0.12473038	0.16788378	-0.4669912	0.29065725	-0.116183564	0.15677127	-0.28367135	0.99999946	-0.53654236	0.09427475	-0.09809327	0.16975388	-0.4867164	0.27093744	-0.09134609	0.09853355	-0.14357854	0.2270502	-0.18119165	0.084186204	-0.0991039	0.118397504	-0.16163547	0.1450935	-0.11045455	0.09397079	-0.14136167	0.06697042	-0.07091696
-0.030314418	0.033241976	-0.04140926	0.056223247	-0.060904205	0.028469501	-0.042012576	0.047368128	-0.13499194	0.13906235	-0.11131218	0.10130071	-0.14104344	0.30893943	-0.54615885	0.09492677	-0.12415315	0.16514343	-0.53654236	0.9999995	-0.08394676	0.086173296	-0.1623111	0.26720005	-0.4556606	0.08188236	-0.08998621	0.1291838	-0.21402432	0.1960929	-0.0774186	0.09133603	-0.112494536	0.15383145	-0.1615335	0.10035139	-0.087536044	0.13012533	-0.0669016	0.06980414
0.040218182	-0.028191077	0.032076187	-0.026025375	0.027280636	-0.038367666	0.035425607	-0.03712135	0.050341114	-0.052177228	0.19744337	-0.13227889	0.13195865	-0.08648906	0.07397764	-0.2990819	0.17963447	-0.15763205	0.09427475	-0.08394676	0.9999998	-0.6248983	0.15479045	-0.10446528	0.101296484	-0.5398433	0.30745485	-0.12608209	0.12205701	-0.091077454	0.22763668	-0.1958928	0.14118388	-0.13471329	0.0994088	-0.25146744	0.16372259	-0.1705682	0.060238466	-0.060099665
-0.038488463	0.027574375	-0.031766348	0.026098205	-0.027497422	0.03609752	-0.034903616	0.036579166	-0.051081654	0.052451372	-0.18588385	0.12559794	-0.13276957	0.08756253	-0.076315835	0.19321325	-0.20391451	0.15176086	-0.09809327	0.086173296	-0.6248983	0.9999995	-0.20269218	0.111104324	-0.10760584	0.2982677	-0.5917777	0.14608048	-0.13554713	0.09536554	-0.206933	0.20452137	-0.15506804	0.13801014	-0.10556551	0.20302893	-0.17598149	0.16834942	-0.0619999	0.0609479
0.029910263	-0.027380629	0.03252024	-0.0386914	0.04056797	-0.02829696	0.033938978	-0.037185658	0.07891484	-0.085584186	0.11393213	-0.09350725	0.1105472	-0.15460537	0.12873605	-0.10997409	0.1109899	-0.1338795	0.16975388	-0.1623111	0.15479045	-0.20269218	0.9999995	-0.30688468	0.20310372	-0.17083266	0.19235644	-0.70516026	0.30508783	-0.2104296	0.16025735	-0.21222748	0.2631184	-0.2913791	0.19234097	-0.2196598	0.18881351	-0.31181836	0.11012542	-0.11730449
-0.030643156	0.030848354	-0.037728287	0.04660631	-0.049568657	0.028775692	-0.03886443	0.043141432	-0.10444463	0.10626461	-0.11539726	0.1005247	-0.13450615	0.22692397	-0.2135929	0.10100686	-0.124737926	0.16260438	-0.4867164	0.26720005	-0.10446528	0.111104324	-0.30688468	0.99999934	-0.45307252	0.105582364	-0.11980829	0.23147334	-0.5396736	0.23853187	-0.10210189	0.12477692	-0.16265711	0.20840263	-0.20310444	0.1320299	-0.11831704	0.1774232	-0.086855136	0.08991954
0.029228091	-0.0302949	0.03684738	-0.04935517	0.051824488	-0.02761826	0.037684724	-0.042223245	0.107252315	-0.11869737	0.10627804	-0.094871216	0.120921016	-0.24501382	0.22452582	-0.096352726	0.11002262	-0.1489969	0.27093744	-0.4556606	0.101296484	-0.10760584	0.20310372	-0.45307252	0.9999997	-0.10840652	0.11725552	-0.18087631	0.27088654	-0.5258222	0.1071954	-0.13411903	0.16786738	-0.26783115	0.25937107	-0.14594819	0.1271651	-0.20561859	0.10430594	-0.115584105
-0.035456482	0.025152743	-0.029074857	0.0250949	-0.026622798	0.03308703	-0.03167829	0.033180315	-0.04926564	0.050345022	-0.16468792	0.10380209	-0.1147035	0.08197606	-0.073201515	0.16333863	-0.13616912	0.122228555	-0.09134609	0.08188236	-0.5398433	0.2982677	-0.17083266	0.105582364	-0.10840652	0.9999996	-0.4931094	0.13529518	-0.13539372	0.09611899	-0.50463635	0.24113914	-0.16997519	0.14417137	-0.11152771	0.27742484	-0.21339945	0.1836504	-0.067051105	0.06464465
0.032153722	-0.024676533	0.028547501	-0.026268473	0.027741883	-0.030367631	0.030917166	-0.032794032	0.051802985	-0.05386755	0.14026946	-0.103683256	0.110371776	-0.08927376	0.07824356	-0.15020016	0.13746099	-0.13194144	0.09853355	-0.08998621	0.30745485	-0.5917777	0.19235644	-0.11980829	0.11725552	-0.4931094	0.9999995	-0.18144597	0.15100722	-0.10969499	0.2624997	-0.38838026	0.19942796	-0.17669895	0.123322	-0.29702798	0.22958365	-0.22873108	0.07526237	-0.07447818
-0.024087954	0.02178523	-0.02601178	0.030307014	-0.032115612	0.022647226	-0.027160745	0.029627306	-0.06290069	0.066263236	-0.09266111	0.07388562	-0.089658104	0.11973277	-0.105941065	0.08624343	-0.088999346	0.10420626	-0.14357854	0.1291838	-0.12608209	0.14608048	-0.70516026	0.23147334	-0.18087631	0.13529518	-0.18144597	0.9999994	-0.48692933	0.17598598	-0.1338879	0.18102345	-0.34571853	0.2385458	-0.17581968	0.16427164	-0.16240197	0.2341697	-0.090668276	0.09137865
0.029597946	-0.028794803	0.03460787	-0.04340238	0.045472566	-0.027967246	0.03576948	-0.039610818	0.09115545	-0.09871195	0.10988226	-0.094240405	0.1164634	-0.19549808	0.1605582	-0.10201226	0.1102281	-0.1439391	0.2270502	-0.21402432	0.12205701	-0.13554713	0.30508783	-0.5396736	0.27088654	-0.13539372	0.15100722	-0.48692933	0.9999993	-0.33236572	0.13345517	-0.1748107	0.2311613	-0.3270362	0.23399842	-0.18050843	0.16016813	-0.25979117	0.11139935	-0.11974845
-0.023968631	0.023434684	-0.02845935	0.035729777	-0.0382695	0.022478417	-0.029296223	0.032309502	-0.07716981	0.08041453	-0.08812934	0.07357982	-0.09461381	0.1492212	-0.15236235	0.07781328	-0.08657674	0.10773635	-0.18119165	0.1960929	-0.091077454	0.09536554	-0.2104296	0.23853187	-0.5258222	0.09611899	-0.10969499	0.17598598	-0.33236572	0.99999946	-0.09875094	0.12383052	-0.17536809	0.26751417	-0.64233494	0.12637837	-0.11973371	0.17984472	-0.12511599	0.12835108
0.02668985	-0.020486023	0.023863098	-0.022887735	0.024366636	-0.02502986	0.025627004	-0.02716678	0.045361243	-0.04671946	0.11213485	-0.07848796	0.088358276	-0.07566427	0.06835202	-0.112044	0.09728049	-0.09753461	0.084186204	-0.0774186	0.22763668	-0.206933	0.16025735	-0.10210189	0.1071954	-0.50463635	0.2624997	-0.1338879	0.13345517	-0.09875094	0.9999994	-0.395767	0.19489501	-0.1640369	0.117401235	-0.6507195	0.26858187	-0.23025906	0.07365245	-0.07126212
-0.026541136	0.021291684	-0.025052683	0.025470056	-0.027245741	0.024811458	-0.026662925	0.02844308	-0.05138966	0.052697036	-0.10879192	0.07807185	-0.090751365	0.08682664	-0.08018103	0.10304256	-0.097242296	0.09959533	-0.0991039	0.09133603	-0.1958928	0.20452137	-0.21222748	0.12477692	-0.13411903	0.24113914	-0.38838026	0.18102345	-0.1748107	0.12383052	-0.395767	0.99999934	-0.43135887	0.21818608	-0.15797578	0.300299	-0.57691866	0.30120468	-0.09436814	0.08821533
0.025155306	-0.021767866	0.02585934	-0.028891543	0.030859094	-0.023582887	0.02715024	-0.029340163	0.05908029	-0.061443333	0.09738368	-0.074579865	0.08927171	-0.1039444	0.095369026	-0.09071907	0.089483485	-0.1003479	0.118397504	-0.112494536	0.14118388	-0.15506804	0.2631184	-0.16265711	0.16786738	-0.16997519	0.19942796	-0.34571853	0.2311613	-0.17536809	0.19489501	-0.43135887	0.99999946	-0.51952046	0.22157982	-0.23540704	0.2745055	-0.513835	0.1257931	-0.121521704
-0.029351424	0.02655458	-0.031934436	0.03729065	-0.040252794	0.027393535	-0.033214558	0.036059175	-0.078053206	0.079598874	-0.11006222	0.085764356	-0.107589886	0.1355653	-0.1327338	0.09729859	-0.10178008	0.117594555	-0.16163547	0.15383145	-0.13471329	0.13801014	-0.2913791	0.20840263	-0.26783115	0.14417137	-0.17669895	0.2385458	-0.3270362	0.26751417	-0.1640369	0.21818608	-0.51952046	0.9999995	-0.53099304	0.18740147	-0.21276945	0.27764806	-0.19178124	0.16653752
0.023406284	-0.022283994	0.026780764	-0.03334144	0.035351623	-0.02202775	0.027683409	-0.030451827	0.06949985	-0.07460045	0.0862457	-0.071212545	0.08813257	-0.13287124	0.12111808	-0.07860642	0.08288699	-0.10233151	0.1450935	-0.1615335	0.0994088	-0.10556551	0.19234097	-0.20310444	0.25937107	-0.11152771	0.123322	-0.17581968	0.23399842	-0.64233494	0.117401235	-0.15797578	0.22157982	-0.53099304	0.99999964	-0.15684184	0.14765215	-0.24441679	0.17169356	-0.21512595
-0.034547966	0.02643317	-0.031045357	0.030099457	-0.032363202	0.032032058	-0.033175476	0.035056688	-0.06011719	0.06075761	-0.14183074	0.09573827	-0.1131623	0.097082295	-0.09058479	0.1271941	-0.11692306	0.117056996	-0.11045455	0.10035139	-0.25146744	0.20302893	-0.2196598	0.1320299	-0.14594819	0.27742484	-0.29702798	0.16427164	-0.18050843	0.12637837	-0.6507195	0.300299	-0.23540704	0.18740147	-0.15684184	0.9999997	-0.46120647	0.25779775	-0.09658126	0.08913905
0.024895614	-0.02025882	0.023842823	-0.02471435	0.026426226	-0.023309067	0.025305571	-0.027053926	0.049678534	-0.051181644	0.09948881	-0.07286949	0.0848493	-0.08344872	0.07668994	-0.09436494	0.08863182	-0.09382347	0.09397079	-0.087536044	0.16372259	-0.17598149	0.18881351	-0.11831704	0.1271651	-0.21339945	0.22958365	-0.16240197	0.16016813	-0.11973371	0.26858187	-0.57691866	0.2745055	-0.21276945	0.14765215	-0.46120647	1.0	-0.5390503	0.10295462	-0.09858769
-0.032156106	0.02731099	-0.03257516	0.035676062	-0.038591523	0.029905517	-0.034195516	0.03670698	-0.07317483	0.07392273	-0.12350039	0.09121923	-0.112120904	0.12070719	-0.116106376	0.10930863	-0.10909613	0.11922307	-0.14136167	0.13012533	-0.1705682	0.16834942	-0.31181836	0.1774232	-0.20561859	0.1836504	-0.22873108	0.2341697	-0.25979117	0.17984472	-0.23025906	0.30120468	-0.513835	0.27764806	-0.24441679	0.25779775	-0.5390503	1.0000002	-0.19264857	0.15542176
0.013289511	-0.0120525705	0.014418765	-0.017136252	0.018347662	-0.012448965	0.014987656	-0.01630041	0.035058852	-0.036704253	0.049145047	-0.03868101	0.04759312	-0.060420144	0.056317955	-0.044236697	0.04511246	-0.05283791	0.06697042	-0.0669016	0.060238466	-0.0619999	0.11012542	-0.086855136	0.10430594	-0.067051105	0.07526237	-0.090668276	0.11139935	-0.12511599	0.07365245	-0.09436814	0.1257931	-0.19178124	0.17169356	-0.09658126	0.10295462	-0.19264857	1.0000001	-0.9318774
-0.013760484	0.012498011	-0.015003818	0.017782196	-0.01915636	0.012852865	-0.015579407	0.016922006	-0.036693342	0.037835	-0.050717946	0.03968075	-0.049539797	0.062357422	-0.059862543	0.044822622	-0.04634843	0.05405827	-0.07091696	0.06980414	-0.060099665	0.0609479	-0.11730449	0.08991954	-0.115584105	0.06464465	-0.07447818	0.09137865	-0.11974845	0.12835108	-0.07126212	0.08821533	-0.121521704	0.16653752	-0.21512595	0.08913905	-0.09858769	0.15542176	-0.9318774	1.0000001
