1.0000001	-0.8617884	0.18773048	-0.0949051	0.08252785	-0.37820423	0.22554402	-0.16259824	0.08358417	-0.058327887	0.12581797	-0.11075003	0.11171778	-0.0827392	0.022155724	-0.0871929	0.0794817	-0.096896484	0.06155549	-0.02064232	0.08156598	-0.08142073	0.058477618	-0.030384067	0.023086615	-0.06543367	0.05537246	-0.057686705	0.027672706	-0.031036241	0.022604045	-0.037257954	0.034372143	-0.0333434	0.022991171	-0.02693293	0.03234445	-0.03271369	0.032519866	-0.02086825
-0.8617884	1.0	-0.26642644	0.110974394	-0.101727426	0.25889295	-0.2902437	0.17967351	-0.101152144	0.06821362	-0.120751284	0.10346785	-0.117245555	0.08188465	-0.022001825	0.08266667	-0.07768945	0.09518116	-0.06200908	0.020399336	-0.081523724	0.07843986	-0.057579704	0.029810403	-0.022749888	0.0631713	-0.054440547	0.056043487	-0.027143631	0.03035706	-0.021978848	0.0363438	-0.033664208	0.032610584	-0.022629235	0.026080215	-0.031791493	0.03195626	-0.03211713	0.020486483
0.18773048	-0.26642644	1.0	-0.40521216	0.21447185	-0.31614953	0.2831264	-0.6450888	0.20664446	-0.15782684	0.16399905	-0.17107232	0.2162694	-0.16849917	0.041535027	-0.13865525	0.13067274	-0.1927447	0.11904414	-0.039010618	0.12925847	-0.1390559	0.1038307	-0.055430748	0.041897804	-0.11505285	0.09522325	-0.10400143	0.04927701	-0.05560329	0.039571967	-0.06598251	0.06072367	-0.05931441	0.040598653	-0.04743817	0.0565988	-0.0579652	0.05696921	-0.036913045
-0.0949051	0.110974394	-0.40521216	1.0	-0.654025	0.1527005	-0.15325335	0.20521003	-0.50112444	0.30032095	-0.091983855	0.090943605	-0.12215554	0.10349793	-0.02542683	0.07683526	-0.07402602	0.10458072	-0.076074764	0.023563772	-0.07571873	0.07790882	-0.05950683	0.03258495	-0.024829991	0.06550112	-0.055150636	0.058678154	-0.02864215	0.032292902	-0.02275983	0.03786398	-0.034986123	0.034347903	-0.023752134	0.027178163	-0.032874003	0.033365194	-0.03345952	0.021518113
0.08252785	-0.101727426	0.21447185	-0.654025	1.0000002	-0.15357628	0.1295269	-0.18352416	0.32630754	-0.59635776	0.087455876	-0.08854216	0.110170156	-0.1011956	0.025221163	-0.07692957	0.07273419	-0.10415618	0.07177762	-0.023578253	0.074248016	-0.0788771	0.059578836	-0.033123076	0.02506938	-0.067914374	0.055856757	-0.059909068	0.029191768	-0.033077937	0.023503024	-0.03881499	0.035659708	-0.03522525	0.024192115	-0.028209655	0.033484887	-0.03419029	0.03398022	-0.022003736
-0.37820423	0.25889295	-0.31614953	0.1527005	-0.15357628	1.0000004	-0.6335625	0.26900804	-0.1568674	0.10235847	-0.36573374	0.22187139	-0.22160411	0.14020582	-0.038355	0.16547623	-0.15534714	0.16720586	-0.11007083	0.035335146	-0.16186398	0.14591488	-0.10470948	0.05201256	-0.03992598	0.111562744	-0.09895123	0.09955095	-0.04791287	0.053169575	-0.03883036	0.064321294	-0.05991136	0.057278086	-0.039969843	0.045761567	-0.056618154	0.0564478	-0.05697523	0.036065046
0.22554402	-0.2902437	0.2831264	-0.15325335	0.1295269	-0.6335625	1.0000005	-0.5264283	0.13550848	-0.09593114	0.21359311	-0.21397212	0.21493767	-0.15449382	0.039748892	-0.1550679	0.14260258	-0.18312821	0.1130531	-0.037153088	0.14041428	-0.14630765	0.10460421	-0.054071933	0.04100294	-0.11572813	0.09722365	-0.10352918	0.04891356	-0.054898445	0.039754372	-0.06591614	0.06077676	-0.058845874	0.04040414	-0.047469918	0.056820653	-0.057804845	0.05694161	-0.036691464
-0.16259824	0.17967351	-0.6450888	0.20521003	-0.18352416	0.26900804	-0.5264283	1.0000004	-0.19476719	0.12490311	-0.16618554	0.16896288	-0.31858107	0.15180895	-0.036815897	0.12379389	-0.123512834	0.17915797	-0.11486571	0.034131277	-0.11936355	0.12172445	-0.093590334	0.04748482	-0.036299836	0.09557436	-0.08283427	0.08955173	-0.042204767	0.047112808	-0.03308118	0.05604286	-0.052193705	0.050201684	-0.034737382	0.039279494	-0.04855584	0.049223233	-0.04898108	0.031364106
0.08358417	-0.101152144	0.20664446	-0.50112444	0.32630754	-0.1568674	0.13550848	-0.19476719	1.0000002	-0.7216291	0.09373037	-0.09484976	0.12282972	-0.13386181	0.029439103	-0.08228265	0.07898483	-0.116219684	0.09018956	-0.027353913	0.080120854	-0.08466142	0.06486669	-0.036599725	0.027832802	-0.07214779	0.059941694	-0.064578496	0.03159445	-0.035787288	0.02500393	-0.041594993	0.03834737	-0.037880663	0.026126863	-0.029953668	0.035952915	-0.03666611	0.03666025	-0.023687763
-0.058327887	0.06821362	-0.15782684	0.30032095	-0.59635776	0.10235847	-0.09593114	0.12490311	-0.7216291	0.9999998	-0.06395423	0.06336737	-0.08496537	0.08392247	-0.01978085	0.054764785	-0.053110417	0.07610974	-0.061709784	0.018211488	-0.05448531	0.05609531	-0.04331346	0.024332667	-0.018602375	0.047529727	-0.04005039	0.04261826	-0.021025935	0.023747247	-0.016543815	0.027564155	-0.025493057	0.025138367	-0.017432678	0.019755676	-0.023971165	0.024318915	-0.024528777	0.015768124
0.12581797	-0.120751284	0.16399905	-0.091983855	0.087455876	-0.36573374	0.21359311	-0.16618554	0.09373037	-0.06395423	0.9999997	-0.7008094	0.2634338	-0.18305866	0.046622284	-0.36225113	0.25810853	-0.23602244	0.13798994	-0.043467432	0.22286457	-0.2281274	0.13943812	-0.064563215	0.04913982	-0.14737341	0.12741211	-0.13477425	0.059799675	-0.066126786	0.049295213	-0.08235972	0.07630627	-0.07123759	0.04872974	-0.05842516	0.07033422	-0.071455784	0.06868699	-0.044096433
-0.11075003	0.10346785	-0.17107232	0.090943605	-0.08854216	0.22187139	-0.21397212	0.16896288	-0.09484976	0.06336737	-0.7008094	0.9999997	-0.44261312	0.17584977	-0.04454378	0.25014973	-0.35095024	0.2338193	-0.14509723	0.040897373	-0.21831009	0.21107048	-0.1374348	0.059490867	-0.045909125	0.1294195	-0.12093707	0.1232417	-0.05511572	0.060170434	-0.044017665	0.07495362	-0.07060699	0.06477934	-0.044964638	0.051507514	-0.06507161	0.06503841	-0.06379274	0.04035976
0.11171778	-0.117245555	0.2162694	-0.12215554	0.110170156	-0.22160411	0.21493767	-0.31858107	0.12282972	-0.08496537	0.2634338	-0.44261312	1.0	-0.39508742	0.0711265	-0.21986604	0.23656212	-0.5431658	0.26024583	-0.06664783	0.19620156	-0.22198814	0.1785855	-0.08480135	0.06480811	-0.15533017	0.13825761	-0.16806158	0.07241259	-0.08023014	0.053024963	-0.095327765	0.08981695	-0.084302016	0.057965457	-0.06273136	0.08081862	-0.08334036	0.080845766	-0.05198525
-0.0827392	0.08188465	-0.16849917	0.10349793	-0.1011956	0.14020582	-0.15449382	0.15180895	-0.13386181	0.08392247	-0.18305866	0.17584977	-0.39508742	0.9999999	-0.123540595	0.1453227	-0.17361249	0.30610213	-0.76807886	0.09957961	-0.1594526	0.1519234	-0.14253496	0.08971993	-0.07320549	0.110939234	-0.1085718	0.11998708	-0.06234093	0.06953339	-0.03941455	0.072185196	-0.070170484	0.06840378	-0.05017674	0.045694403	-0.064532205	0.06418453	-0.069684125	0.043506704
0.022155724	-0.022001825	0.041535027	-0.02542683	0.025221163	-0.038355	0.039748892	-0.036815897	0.029439103	-0.01978085	0.046622284	-0.04454378	0.0711265	-0.123540595	1.0	-0.045115344	0.049350593	-0.07229312	0.090985335	-0.91477215	0.05523825	-0.055218775	0.06440065	-0.27426967	0.22172622	-0.04993066	0.049457274	-0.061692085	0.081651546	-0.1158471	0.019518133	-0.043934003	0.045234434	-0.07189178	0.06080696	-0.022400081	0.04281917	-0.043609418	0.07215329	-0.04775108
-0.0871929	0.08266667	-0.13865525	0.07683526	-0.07692957	0.16547623	-0.1550679	0.12379389	-0.08228265	0.054764785	-0.36225113	0.25014973	-0.21986604	0.1453227	-0.045115344	0.99999994	-0.5503123	0.20841627	-0.13123801	0.04119243	-0.6191276	0.29956514	-0.1697297	0.06742467	-0.05214709	0.17933501	-0.1690299	0.15072714	-0.06684864	0.0720958	-0.059389867	0.09489055	-0.08885749	0.07920024	-0.054990523	0.06843936	-0.0831729	0.08131608	-0.07885439	0.049447857
0.0794817	-0.07768945	0.13067274	-0.07402602	0.07273419	-0.15534714	0.14260258	-0.123512834	0.07898483	-0.053110417	0.25810853	-0.35095024	0.23656212	-0.17361249	0.049350593	-0.5503123	0.99999964	-0.32316065	0.15574211	-0.045394298	0.30995837	-0.55995023	0.20255396	-0.07389101	0.056639105	-0.18519028	0.17400415	-0.18100409	0.07233837	-0.07781427	0.060189527	-0.10281405	0.09633381	-0.084906675	0.057887606	-0.070529215	0.08681153	-0.08761694	0.08196653	-0.052089207
-0.096896484	0.09518116	-0.1927447	0.10458072	-0.10415618	0.16720586	-0.18312821	0.17915797	-0.116219684	0.07610974	-0.23602244	0.2338193	-0.5431658	0.30610213	-0.07229312	0.20841627	-0.32316065	0.9999997	-0.5128622	0.06505856	-0.21876508	0.2289813	-0.27873385	0.088151544	-0.0696061	0.15071417	-0.15194954	0.18760104	-0.07769059	0.08264439	-0.052648928	0.09954117	-0.098522395	0.087200396	-0.061291195	0.06098194	-0.086343616	0.08705517	-0.08636202	0.054060154
0.06155549	-0.06200908	0.11904414	-0.076074764	0.07177762	-0.11007083	0.1130531	-0.11486571	0.09018956	-0.061709784	0.13798994	-0.14509723	0.26024583	-0.76807886	0.090985335	-0.13123801	0.15574211	-0.5128622	0.99999964	-0.08690277	0.13185425	-0.14437345	0.13752599	-0.08495585	0.06554613	-0.100369774	0.095307	-0.12103132	0.056487434	-0.063215084	0.034999106	-0.06635488	0.064234875	-0.061981317	0.044478945	-0.04087599	0.05740124	-0.05870254	0.06108746	-0.038735744
-0.02064232	0.020399336	-0.039010618	0.023563772	-0.023578253	0.035335146	-0.037153088	0.034131277	-0.027353913	0.018211488	-0.043467432	0.040897373	-0.06664783	0.09957961	-0.91477215	0.04119243	-0.045394298	0.06505856	-0.08690277	0.9999996	-0.051165562	0.049816057	-0.058398917	0.21682414	-0.2958979	0.044862255	-0.04521678	0.055101544	-0.079721875	0.10673724	-0.017725823	0.039900687	-0.041550983	0.06561154	-0.05847431	0.02024503	-0.039693274	0.039962098	-0.06904181	0.044380702
0.08156598	-0.081523724	0.12925847	-0.07571873	0.074248016	-0.16186398	0.14041428	-0.11936355	0.080120854	-0.05448531	0.22286457	-0.21831009	0.19620156	-0.1594526	0.05523825	-0.6191276	0.30995837	-0.21876508	0.13185425	-0.051165562	0.9999993	-0.49697557	0.21513191	-0.09225095	0.06964613	-0.3273649	0.23342922	-0.22107111	0.09403938	-0.10356323	0.0967751	-0.13992321	0.12592365	-0.11468518	0.0768577	-0.11501875	0.11773023	-0.11903121	0.10881482	-0.07041169
-0.08142073	0.07843986	-0.1390559	0.07790882	-0.0788771	0.14591488	-0.14630765	0.12172445	-0.08466142	0.05609531	-0.2281274	0.21107048	-0.22198814	0.1519234	-0.055218775	0.29956514	-0.55995023	0.2289813	-0.14437345	0.049816057	-0.49697557	0.99999946	-0.38159183	0.0905908	-0.071052834	0.2336027	-0.3021955	0.24150045	-0.09527832	0.09818074	-0.077615865	0.13757645	-0.1340032	0.10904422	-0.07573671	0.088112585	-0.11904211	0.1150133	-0.10889957	0.06731178
0.058477618	-0.057579704	0.1038307	-0.05950683	0.059578836	-0.10470948	0.10460421	-0.093590334	0.06486669	-0.04331346	0.13943812	-0.1374348	0.1785855	-0.14253496	0.06440065	-0.1697297	0.20255396	-0.27873385	0.13752599	-0.058398917	0.21513191	-0.38159183	0.99999946	-0.1384667	0.10030069	-0.22351158	0.23131192	-0.73437667	0.1416379	-0.14222698	0.07558173	-0.1927711	0.19803616	-0.15431291	0.098096885	-0.08786015	0.14515531	-0.1657289	0.13427457	-0.0870098
-0.030384067	0.029810403	-0.055430748	0.03258495	-0.033123076	0.05201256	-0.054071933	0.04748482	-0.036599725	0.024332667	-0.064563215	0.059490867	-0.08480135	0.08971993	-0.27426967	0.06742467	-0.07389101	0.088151544	-0.08495585	0.21682414	-0.09225095	0.0905908	-0.1384667	0.99999917	-0.8272075	0.08640919	-0.091990724	0.11969802	-0.22284432	0.24216418	-0.036197532	0.08807043	-0.09631664	0.1562576	-0.15630941	0.040699504	-0.0934946	0.09243147	-0.18742575	0.11043776
0.023086615	-0.022749888	0.041897804	-0.024829991	0.02506938	-0.03992598	0.04100294	-0.036299836	0.027832802	-0.018602375	0.04913982	-0.045909125	0.06480811	-0.07320549	0.22172622	-0.05214709	0.056639105	-0.0696061	0.06554613	-0.2958979	0.06964613	-0.071052834	0.10030069	-0.8272075	0.9999992	-0.06872395	0.07112059	-0.097410336	0.18386689	-0.33236176	0.028287513	-0.07055773	0.076023735	-0.13875556	0.1268956	-0.032078154	0.07157273	-0.073123164	0.13913356	-0.09315082
-0.06543367	0.0631713	-0.11505285	0.06550112	-0.067914374	0.111562744	-0.11572813	0.09557436	-0.07214779	0.047529727	-0.14737341	0.1294195	-0.15533017	0.110939234	-0.04993066	0.17933501	-0.18519028	0.15071417	-0.100369774	0.044862255	-0.3273649	0.2336027	-0.22351158	0.08640919	-0.06872395	0.999999	-0.74345034	0.21842866	-0.10247077	0.10484038	-0.2694861	0.19050442	-0.16844864	0.124359235	-0.09009461	0.20626296	-0.18445545	0.14698343	-0.13781194	0.080290124
0.05537246	-0.054440547	0.09522325	-0.055150636	0.055856757	-0.09895123	0.09722365	-0.08283427	0.059941694	-0.04005039	0.12741211	-0.12093707	0.13825761	-0.1085718	0.049457274	-0.1690299	0.17400415	-0.15194954	0.095307	-0.04521678	0.23342922	-0.3021955	0.23131192	-0.091990724	0.07112059	-0.74345034	0.9999989	-0.32638398	0.111302346	-0.11545467	0.16658868	-0.2701242	0.19014795	-0.13839073	0.091415755	-0.19406068	0.1823908	-0.16702393	0.13388743	-0.08344257
-0.057686705	0.056043487	-0.10400143	0.058678154	-0.059909068	0.09955095	-0.10352918	0.08955173	-0.064578496	0.04261826	-0.13477425	0.1232417	-0.16806158	0.11998708	-0.061692085	0.15072714	-0.18100409	0.18760104	-0.12103132	0.055101544	-0.22107111	0.24150045	-0.73437667	0.11969802	-0.097410336	0.21842866	-0.32638398	0.9999991	-0.18826008	0.14994377	-0.07844021	0.21094568	-0.3157089	0.17013064	-0.11128221	0.08784009	-0.1738632	0.18198232	-0.15587725	0.0953724
0.027672706	-0.027143631	0.04927701	-0.02864215	0.029191768	-0.04791287	0.04891356	-0.042204767	0.03159445	-0.021025935	0.059799675	-0.05511572	0.07241259	-0.06234093	0.081651546	-0.06684864	0.07233837	-0.07769059	0.056487434	-0.079721875	0.09403938	-0.09527832	0.1416379	-0.22284432	0.18386689	-0.10247077	0.111302346	-0.18826008	0.99999887	-0.67205316	0.043796167	-0.13322206	0.1532256	-0.5728595	0.23889029	-0.049395427	0.12490124	-0.13660063	0.24068595	-0.18005219
-0.031036241	0.03035706	-0.05560329	0.032292902	-0.033077937	0.053169575	-0.054898445	0.047112808	-0.035787288	0.023747247	-0.066126786	0.060170434	-0.08023014	0.06953339	-0.1158471	0.0720958	-0.07781427	0.08264439	-0.063215084	0.10673724	-0.10356323	0.09818074	-0.14222698	0.24216418	-0.33236176	0.10484038	-0.11545467	0.14994377	-0.67205316	0.9999988	-0.046836745	0.1267742	-0.14655262	0.30430192	-0.37294158	0.05219416	-0.13890727	0.139862	-0.3242672	0.21268094
0.022604045	-0.021978848	0.039571967	-0.02275983	0.023503024	-0.03883036	0.039754372	-0.03308118	0.02500393	-0.016543815	0.049295213	-0.044017665	0.053024963	-0.03941455	0.019518133	-0.059389867	0.060189527	-0.052648928	0.034999106	-0.017725823	0.0967751	-0.077615865	0.07558173	-0.036197532	0.028287513	-0.2694861	0.16658868	-0.07844021	0.043796167	-0.046836745	0.9999983	-0.10744008	0.07992717	-0.058413323	0.04060689	-0.92988837	0.1158791	-0.08938897	0.063493565	-0.038300082
-0.037257954	0.0363438	-0.06598251	0.03786398	-0.03881499	0.064321294	-0.06591614	0.05604286	-0.041594993	0.027564155	-0.08235972	0.07495362	-0.095327765	0.072185196	-0.043934003	0.09489055	-0.10281405	0.09954117	-0.06635488	0.039900687	-0.13992321	0.13757645	-0.1927711	0.08807043	-0.07055773	0.19050442	-0.2701242	0.21094568	-0.13322206	0.1267742	-0.10744008	0.99999803	-0.628934	0.18443191	-0.12489714	0.112436	-0.5792378	0.32004982	-0.19938345	0.11245366
0.034372143	-0.033664208	0.06072367	-0.034986123	0.035659708	-0.05991136	0.06077676	-0.052193705	0.03834737	-0.025493057	0.07630627	-0.07060699	0.08981695	-0.070170484	0.045234434	-0.08885749	0.09633381	-0.098522395	0.064234875	-0.041550983	0.12592365	-0.1340032	0.19803616	-0.09631664	0.076023735	-0.16844864	0.19014795	-0.3157089	0.1532256	-0.14655262	0.07992717	-0.628934	0.99999774	-0.26759478	0.13535333	-0.08972317	0.31777722	-0.5343943	0.20644642	-0.12703186
-0.0333434	0.032610584	-0.05931441	0.034347903	-0.03522525	0.057278086	-0.058845874	0.050201684	-0.037880663	0.025138367	-0.07123759	0.06477934	-0.084302016	0.06840378	-0.07189178	0.07920024	-0.084906675	0.087200396	-0.061981317	0.06561154	-0.11468518	0.10904422	-0.15431291	0.1562576	-0.13875556	0.124359235	-0.13839073	0.17013064	-0.5728595	0.30430192	-0.058413323	0.18443191	-0.26759478	0.9999979	-0.43154266	0.06475307	-0.19491106	0.20202456	-0.46865234	0.2589742
0.022991171	-0.022629235	0.040598653	-0.023752134	0.024192115	-0.039969843	0.04040414	-0.034737382	0.026126863	-0.017432678	0.04872974	-0.044964638	0.057965457	-0.05017674	0.06080696	-0.054990523	0.057887606	-0.061291195	0.044478945	-0.05847431	0.0768577	-0.07573671	0.098096885	-0.15630941	0.1268956	-0.09009461	0.091415755	-0.11128221	0.23889029	-0.37294158	0.04060689	-0.12489714	0.13535333	-0.43154266	0.9999978	-0.046255596	0.123128474	-0.1457999	0.31578097	-0.70792675
-0.02693293	0.026080215	-0.04743817	0.027178163	-0.028209655	0.045761567	-0.047469918	0.039279494	-0.029953668	0.019755676	-0.05842516	0.051507514	-0.06273136	0.045694403	-0.022400081	0.06843936	-0.070529215	0.06098194	-0.04087599	0.02024503	-0.11501875	0.088112585	-0.08786015	0.040699504	-0.032078154	0.20626296	-0.19406068	0.08784009	-0.049395427	0.05219416	-0.92988837	0.112436	-0.08972317	0.06475307	-0.046255596	0.99999774	-0.14490402	0.097274855	-0.07335434	0.043010533
0.03234445	-0.031791493	0.0565988	-0.032874003	0.033484887	-0.056618154	0.056820653	-0.04855584	0.035952915	-0.023971165	0.07033422	-0.06507161	0.08081862	-0.064532205	0.04281917	-0.0831729	0.08681153	-0.086343616	0.05740124	-0.039693274	0.11773023	-0.11904211	0.14515531	-0.0934946	0.07157273	-0.18445545	0.1823908	-0.1738632	0.12490124	-0.13890727	0.1158791	-0.5792378	0.31777722	-0.19491106	0.123128474	-0.14490402	0.9999979	-0.66301966	0.204293	-0.131753
-0.03271369	0.03195626	-0.0579652	0.033365194	-0.03419029	0.0564478	-0.057804845	0.049223233	-0.03666611	0.024318915	-0.071455784	0.06503841	-0.08334036	0.06418453	-0.043609418	0.08131608	-0.08761694	0.08705517	-0.05870254	0.039962098	-0.11903121	0.1150133	-0.1657289	0.09243147	-0.073123164	0.14698343	-0.16702393	0.18198232	-0.13660063	0.139862	-0.08938897	0.32004982	-0.5343943	0.20202456	-0.1457999	0.097274855	-0.66301966	0.9999979	-0.31793827	0.14762683
0.032519866	-0.03211713	0.05696921	-0.03345952	0.03398022	-0.05697523	0.05694161	-0.04898108	0.03666025	-0.024528777	0.06868699	-0.06379274	0.080845766	-0.069684125	0.07215329	-0.07885439	0.08196653	-0.08636202	0.06108746	-0.06904181	0.10881482	-0.10889957	0.13427457	-0.18742575	0.13913356	-0.13781194	0.13388743	-0.15587725	0.24068595	-0.3242672	0.063493565	-0.19938345	0.20644642	-0.46865234	0.31578097	-0.07335434	0.204293	-0.31793827	0.99999785	-0.5912124
-0.02086825	0.020486483	-0.036913045	0.021518113	-0.022003736	0.036065046	-0.036691464	0.031364106	-0.023687763	0.015768124	-0.044096433	0.04035976	-0.05198525	0.043506704	-0.04775108	0.049447857	-0.052089207	0.054060154	-0.038735744	0.044380702	-0.07041169	0.06731178	-0.0870098	0.11043776	-0.09315082	0.080290124	-0.08344257	0.0953724	-0.18005219	0.21268094	-0.038300082	0.11245366	-0.12703186	0.2589742	-0.70792675	0.043010533	-0.131753	0.14762683	-0.5912124	0.99999785
